
metadata:
    version:
        essentia: "1.2.2"
    audio_properties:
        analysis_sample_rate: 44100
        bitrate: 128
        channels: 2
        equal_loudness: 1
        length: 10.0310201645
        replay_gain: -8.38273429871
        downmix: "mix"
    tags:
        track: 1
        year: 0
        album: "Splitted by Mp3Splt v. 2.1"
        artist: "From 000.00 To 000.10"
        comment: "http://mp3splt.sf.net"
        genre: ""
        title: "01 Sleep Well.mp3"

highlevel:
    ballroom:
        all:
            ChaChaCha: 0.0253508687019
            Jive: 0.915396273136
            Quickstep: 0.0107721220702
            Rumba-American: 0.000537482264917
            Rumba-International: 0.00164154195227
            Rumba-Misc: 0.00171759049408
            Samba: 0.0176613852382
            Tango: 0.00228832475841
            VienneseWaltz: 0.0221456959844
            Waltz: 0.00248871301301
        probability: 0.915396273136
        value: "Jive"
    culture:
        all:
            non_western: 0.069584056735
            western: 0.930415928364
        probability: 0.930415928364
        value: "western"
    gender:
        all:
            female: 0.433715283871
            male: 0.566284716129
        probability: 0.566284716129
        value: "male"
    genre_dortmund:
        all:
            alternative: 0.20134820044
            blues: 0.000773274339736
            electronic: 0.0183253120631
            folkcountry: 0.0187678597867
            funksoulrnb: 0.00713420985267
            jazz: 0.00706131244078
            pop: 0.0198780093342
            raphiphop: 0.000748637015931
            rock: 0.725963175297
        probability: 0.725963175297
        value: "rock"
    genre_electronica:
        all:
            ambient: 0.337378591299
            dnb: 0.19237563014
            house: 0.0202485304326
            techno: 0.0822066664696
            trance: 0.367790579796
        probability: 0.367790579796
        value: "trance"
    genre_rosamerica:
        all:
            cla: 0.0343122109771
            dan: 0.0206122566015
            hip: 0.0264678578824
            jaz: 0.00437378650531
            pop: 0.00607293099165
            rhy: 0.00506235985085
            roc: 0.900102674961
            spe: 0.00299594248645
        probability: 0.900102674961
        value: "roc"
    genre_tzanetakis:
        all:
            blu: 0.0170550011098
            cla: 0.0458781272173
            cou: 0.0179124325514
            dis: 0.0156585294753
            hip: 0.0213887002319
            jaz: 0.0209045615047
            met: 0.718985319138
            pop: 0.0178839936852
            reg: 0.0213033184409
            roc: 0.103030003607
        probability: 0.718985319138
        value: "met"
    live_studio:
        all:
            live: 0.37665745616
            studio: 0.623342573643
        probability: 0.623342573643
        value: "studio"
    mood:
        all:
            Cluster1: 0.149247184396
            Cluster2: 0.00907263532281
            Cluster3: 0.000350400805473
            Cluster4: 0.00740005355328
            Cluster5: 0.833929717541
        probability: 0.833929717541
        value: "Cluster5"
    mood_acoustic:
        all:
            acoustic: 0.0466650761664
            not_acoustic: 0.953334927559
        probability: 0.953334927559
        value: "not_acoustic"
    mood_aggressive:
        all:
            aggressive: 0.999973237514
            not_aggressive: 2.67794130195e-05
        probability: 0.999973237514
        value: "aggressive"
    mood_electronic:
        all:
            electronic: 0.311740845442
            not_electronic: 0.688259184361
        probability: 0.688259184361
        value: "not_electronic"
    mood_happy:
        all:
            happy: 0.0128831211478
            not_happy: 0.987116873264
        probability: 0.987116873264
        value: "not_happy"
    mood_party:
        all:
            not_party: 0.271730840206
            party: 0.728269159794
        probability: 0.728269159794
        value: "party"
    mood_relaxed:
        all:
            not_relaxed: 0.880058169365
            relaxed: 0.119941808283
        probability: 0.880058169365
        value: "not_relaxed"
    mood_sad:
        all:
            not_sad: 0.999710977077
            sad: 0.000288996379822
        probability: 0.999710977077
        value: "not_sad"
    rhythm:
        all:
            fast: 0.442718446255
            medium: 0.135662779212
            slow: 0.421618759632
        probability: 0.442718446255
        value: "fast"
    speech_music:
        all:
            music: 0.992677807808
            speech: 0.00732222059742
        probability: 0.992677807808
        value: "music"
    timbre:
        all:
            bright: 0.167977765203
            dark: 0.832022249699
        probability: 0.832022249699
        value: "dark"
    voice_instrumental:
        all:
            instrumental: 0.987540662289
            voice: 0.0124593563378
        probability: 0.987540662289
        value: "instrumental"

lowlevel:
    average_loudness: 0.968997061253
    barkbands_kurtosis:
        dmean: 0.771608829498
        dmean2: 1.29439735413
        dvar: 0.545088410378
        dvar2: 1.34276223183
        max: 6.7753162384
        mean: -0.407799422741
        min: -1.79853188992
        var: 1.28863286972
    barkbands_skewness:
        dmean: 0.308723181486
        dmean2: 0.509519279003
        dvar: 0.0584047287703
        dvar2: 0.150143533945
        max: 0.179175376892
        mean: -0.936600863934
        min: -2.57298994064
        var: 0.166546568274
    barkbands_spread:
        dmean: 5.95201826096
        dmean2: 10.0210189819
        dvar: 20.3702163696
        dvar2: 52.7401046753
        max: 47.9560890198
        mean: 31.5796489716
        min: 12.270321846
        var: 39.4992752075
    dissonance:
        dmean: 0.00607157405466
        dmean2: 0.0105916671455
        dvar: 2.27362834266e-05
        dvar2: 5.363247692e-05
        max: 0.499685138464
        mean: 0.488811135292
        min: 0.448999851942
        var: 3.64478910342e-05
    hfc:
        dmean: 2.2885863781
        dmean2: 3.4907143116
        dvar: 9.8048620224
        dvar2: 15.5815076828
        max: 54.059299469
        mean: 12.6475086212
        min: 0.0479353629053
        var: 65.4203338623
    pitch:
        dmean: 749.456970215
        dmean2: 1443.50073242
        dvar: 1492368.75
        dvar2: 3884988.75
        max: 4410
        mean: 2986.66967773
        min: 104.009437561
        var: 1282733
    pitch_instantaneous_confidence:
        dmean: 0.0619081892073
        dmean2: 0.1059005633
        dvar: 0.00225495756604
        dvar2: 0.00630903802812
        max: 0.573997557163
        mean: 0.318364679813
        min: 0.170399606228
        var: 0.00376955815591
    pitch_salience:
        dmean: 0.0360975302756
        dmean2: 0.0615156069398
        dvar: 0.000861131469719
        dvar2: 0.00221726624295
        max: 0.829651176929
        mean: 0.737667739391
        min: 0.598803043365
        var: 0.00153519236483
    silence_rate_20dB:
        dmean: 0
        dmean2: 0
        dvar: 0
        dvar2: 0
        max: 1
        mean: 1
        min: 1
        var: 0
    silence_rate_30dB:
        dmean: 0
        dmean2: 0
        dvar: 0
        dvar2: 0
        max: 1
        mean: 1
        min: 1
        var: 0
    silence_rate_60dB:
        dmean: 0.0581395365298
        dmean2: 0.116550117731
        dvar: 0.054759092629
        dvar2: 0.126276344061
        max: 1
        mean: 0.0672853812575
        min: 0
        var: 0.0627583935857
    spectral_centroid:
        dmean: 208.601654053
        dmean2: 328.648101807
        dvar: 26320.4785156
        dvar2: 62768.3476562
        max: 3760.75537109
        mean: 2493.19506836
        min: 1534.11950684
        var: 188841.25
    spectral_complexity:
        dmean: 3.61358308792
        dmean2: 5.94600915909
        dvar: 8.78979206085
        dvar2: 20.3092880249
        max: 46
        mean: 23.5747661591
        min: 0
        var: 39.3705978394
    spectral_crest:
        dmean: 1.08094060421
        dmean2: 1.84987831116
        dvar: 0.765654444695
        dvar2: 2.08430886269
        max: 11.5567169189
        mean: 5.30589437485
        min: 3.12819314003
        var: 1.33553624153
    spectral_decrease:
        dmean: 1.47359124902e-10
        dmean2: 2.3035572061e-10
        dvar: 2.06359009236e-20
        dvar2: 3.75761850524e-20
        max: -6.05790417829e-12
        mean: -9.67485869197e-10
        min: -2.55542254024e-09
        var: 1.18159894145e-19
    spectral_energy:
        dmean: 0.000727507227566
        dmean2: 0.00113242585212
        dvar: 6.41315921257e-07
        dvar2: 1.06149980184e-06
        max: 0.0145480995998
        mean: 0.00479868287221
        min: 2.72118031717e-05
        var: 4.04072488891e-06
    spectral_energyband_high:
        dmean: 0.000261954293819
        dmean2: 0.000385614664992
        dvar: 2.12611624306e-07
        dvar2: 3.72134309146e-07
        max: 0.00681480718777
        mean: 0.00092995155137
        min: 7.56869212637e-07
        var: 1.20983293073e-06
    spectral_energyband_low:
        dmean: 6.12946896581e-05
        dmean2: 0.000104116697912
        dvar: 3.76069397845e-09
        dvar2: 1.03581765387e-08
        max: 0.0003988071403
        mean: 7.29198363842e-05
        min: 1.27315885834e-07
        var: 4.33438707148e-09
    spectral_energyband_middle_high:
        dmean: 0.000516472908203
        dmean2: 0.000819761015009
        dvar: 2.10379468513e-07
        dvar2: 4.81349275105e-07
        max: 0.00685613276437
        mean: 0.00277457642369
        min: 1.78480568138e-05
        var: 8.65423601226e-07
    spectral_energyband_middle_low:
        dmean: 0.000327832094627
        dmean2: 0.000542675610632
        dvar: 7.28286053686e-08
        dvar2: 1.97416866854e-07
        max: 0.00231013330631
        mean: 0.00102119904477
        min: 8.47951741889e-06
        var: 1.17340313466e-07
    spectral_flatness_db:
        dmean: 0.0109198391438
        dmean2: 0.0184344351292
        dvar: 7.85553638707e-05
        dvar2: 0.00020222432795
        max: 0.223344996572
        mean: 0.17497715354
        min: 0.0802945941687
        var: 0.000815284089185
    spectral_flux:
        dmean: 0.00371527648531
        dmean2: 0.00569044100121
        dvar: 1.35371747092e-05
        dvar2: 2.66866281891e-05
        max: 0.0703126117587
        mean: 0.0425729230046
        min: 0.00521649327129
        var: 6.65340121486e-05
    spectral_kurtosis:
        dmean: 1.31207299232
        dmean2: 2.29876470566
        dvar: 2.15553689003
        dvar2: 6.58656454086
        max: 11.3960914612
        mean: 2.85069680214
        min: 0.458265066147
        var: 2.36069488525
    spectral_rms:
        dmean: 0.000161829433637
        dmean2: 0.000251133460552
        dvar: 2.60992862877e-08
        dvar2: 4.34617319911e-08
        max: 0.00376739539206
        mean: 0.00212539290078
        min: 0.000162935873959
        var: 1.64349728493e-07
    spectral_rolloff:
        dmean: 160.81817627
        dmean2: 270.529815674
        dvar: 25531.984375
        dvar2: 59730.515625
        max: 5146.43554688
        mean: 3994.70996094
        min: 2928.515625
        var: 231068.96875
    spectral_skewness:
        dmean: 0.15238879621
        dmean2: 0.26531252265
        dvar: 0.022552093491
        dvar2: 0.0638261511922
        max: 2.11193847656
        mean: 0.823025941849
        min: 0.229861095548
        var: 0.0817338451743
    spectral_spread:
        dmean: 230987.734375
        dmean2: 369397.09375
        dvar: 103763222528
        dvar2: 171929337856
        max: 7386730.5
        mean: 3630531.25
        min: 2167588.75
        var: 1.7961147433e+12
    spectral_strongpeak:
        dmean: 0.800689458847
        dmean2: 1.41854929924
        dvar: 0.971079170704
        dvar2: 2.35983014107
        max: 6.76173067093
        mean: 0.993272006512
        min: 0.0236634500325
        var: 1.94746613503
    zerocrossingrate:
        dmean: 0.00566497724503
        dmean2: 0.00703308405355
        dvar: 2.77259732684e-05
        dvar2: 3.49403817381e-05
        max: 0.185546875
        mean: 0.124993152916
        min: 0.0712890625
        var: 0.000467890844448
    barkbands:
        dmean: [8.29784454481e-08, 2.57573992712e-06, 5.97775942879e-05, 0.000150946492795, 0.000190518738236, 0.000104887003545, 6.68283028062e-05, 5.40985747648e-05, 4.53920110886e-05, 1.80449915206e-05, 2.21244645218e-05, 1.31983451865e-05, 2.99707626255e-05, 4.79761874885e-05, 6.19298007223e-05, 0.000103521553683, 0.000199783738935, 0.000209515579627, 0.000272238248726, 0.000191403392819, 0.000199975940632, 3.69983972632e-05, 1.0118431419e-05, 2.78998322756e-06, 1.87018861197e-06, 1.05747176349e-07, 7.78613118424e-10]
        dmean2: [8.37180849089e-08, 4.14663600168e-06, 0.000102127276477, 0.000256908562733, 0.00032130011823, 0.000176877932972, 0.000113188529212, 8.87086571311e-05, 7.68662066548e-05, 2.915271034e-05, 3.67623215425e-05, 2.28927528951e-05, 5.13527993462e-05, 8.09783305158e-05, 0.0001042588774, 0.000175467866939, 0.000323997199303, 0.000361780665116, 0.000478576461319, 0.000309039198328, 0.000320200255373, 5.04028466821e-05, 1.43608485814e-05, 3.51901849172e-06, 2.60831893684e-06, 1.58963402441e-07, 1.11069853315e-09]
        dvar: [2.88512443103e-12, 2.12376713438e-11, 3.58148843915e-09, 2.33326051813e-08, 2.69983413403e-08, 1.03136734708e-08, 4.54147075502e-09, 2.69929567587e-09, 1.89074489398e-09, 4.19799639495e-10, 7.09912462149e-10, 1.43764708471e-10, 9.30253207798e-10, 1.5111583096e-09, 3.21346771415e-09, 8.14056022591e-09, 2.43518556431e-08, 2.54475267525e-08, 8.03388928716e-08, 5.76873837588e-08, 1.38693394547e-07, 5.95748117505e-09, 7.99923072226e-10, 5.71113850656e-11, 3.07711564562e-11, 1.08112649421e-13, 3.01401950466e-17]
        dvar2: [2.89127402575e-12, 2.96765216568e-11, 9.93002036154e-09, 6.01701088954e-08, 7.60886749163e-08, 2.62687684938e-08, 1.21265744113e-08, 6.77446143627e-09, 5.0294359788e-09, 1.02419950299e-09, 1.7799962615e-09, 4.1748801638e-10, 2.6693978139e-09, 4.26732027492e-09, 8.41281266872e-09, 2.35538575311e-08, 6.75415776641e-08, 7.0763178428e-08, 2.04461954922e-07, 1.37744152084e-07, 2.77782646663e-07, 1.06185034099e-08, 1.27841270903e-09, 7.23500287458e-11, 6.20378332039e-11, 2.15829863205e-13, 3.2164276227e-17]
        max: [3.51441776729e-05, 8.13618535176e-05, 0.000386837025872, 0.000976761220954, 0.00110524671618, 0.000938722339924, 0.000647492066491, 0.000427869556006, 0.00036018359242, 0.000211978869629, 0.000278956227703, 8.25900351629e-05, 0.000319227081491, 0.000400342920329, 0.000644879997708, 0.000758326728828, 0.00126559333876, 0.00135683070403, 0.00300848740153, 0.00292022852227, 0.00497053191066, 0.0011176521657, 0.000433539855294, 0.000142310585943, 8.30181452329e-05, 5.04541867485e-06, 1.1130200761e-07]
        mean: [8.27617228083e-08, 3.06833362629e-06, 6.9809044362e-05, 0.000195024069399, 0.000305028923322, 0.000192042585695, 0.000133836772875, 0.000100422439573, 8.66984046297e-05, 3.51392336597e-05, 4.08188680012e-05, 2.82890123344e-05, 5.6738670537e-05, 9.65639483184e-05, 0.000145268699271, 0.00025008461671, 0.000506201176904, 0.000530784775037, 0.000793503248133, 0.000558732019272, 0.00052901863819, 0.000103282036434, 2.48968353844e-05, 8.18540047476e-06, 4.92705748911e-06, 2.38873639091e-07, 9.2381607919e-10]
        min: [4.42149268587e-12, 3.87578014127e-09, 1.23351526327e-07, 5.69187022847e-07, 1.33016840209e-06, 1.48268463818e-06, 1.02927037915e-06, 1.27181601783e-06, 2.52631161857e-06, 7.77434422616e-07, 5.43938085684e-07, 2.95385689242e-07, 3.11929198915e-07, 2.98071086036e-06, 1.30892556172e-06, 3.01918771584e-06, 2.87557668344e-06, 3.84787563235e-06, 1.39978578773e-06, 8.40634754695e-07, 3.96857728902e-07, 1.09658238046e-08, 9.99806348823e-10, 6.31023011621e-11, 1.72213285299e-11, 4.97218065332e-12, 9.785580549e-13]
        var: [2.87893016718e-12, 2.48958961085e-11, 4.05454736452e-09, 3.01570395322e-08, 4.01749211676e-08, 1.70334164551e-08, 6.15628126255e-09, 4.23534762817e-09, 2.94053181804e-09, 7.63583751784e-10, 1.34175126565e-09, 1.85072637771e-10, 1.45722378608e-09, 2.53562126851e-09, 5.06066477612e-09, 1.16878826617e-08, 4.1799886219e-08, 4.52459794076e-08, 1.81555932954e-07, 1.76031520027e-07, 5.11840255513e-07, 2.96560234148e-08, 3.28957616702e-09, 3.25199700502e-10, 1.21397294994e-10, 3.35181237149e-13, 3.150456991e-17]
    mfcc:
        mean: [-701.95489502, 99.0115203857, -84.0132980347, 77.2448730469, -29.9360141754, -8.59258270264, -19.7165966034, -16.9850711823, -7.19411230087, -13.1635951996, -7.27555990219, -11.2059755325, -11.3542814255]
        cov: [[1708.96008301, -1578.69165039, 1073.77514648, -699.933776855, 268.105682373, -72.609954834, 121.403106689, -2.37747836113, -9.75327777863, 45.9251976013, -34.2403106689, 53.8954811096, -31.2075386047], [-1578.69165039, 1723.83227539, -1112.79602051, 800.3828125, -265.745422363, 116.896179199, -103.575050354, 30.7336730957, 30.3119621277, -40.6025886536, 49.595916748, -59.9277992249, 39.0296096802], [1073.77514648, -1112.79602051, 812.32824707, -514.634887695, 211.269180298, -61.9888839722, 90.1341781616, -6.98532295227, -12.6269931793, 30.4533443451, -29.2074298859, 48.058921814, -23.5985202789], [-699.933776855, 800.3828125, -514.634887695, 415.492492676, -116.579093933, 71.1058349609, -44.6223373413, 18.6330318451, 18.1321659088, -13.0522499084, 31.0074005127, -21.3431987762, 27.4859161377], [268.105682373, -265.745422363, 211.269180298, -116.579093933, 86.9529495239, -1.58738422394, 32.5833702087, 4.62566375732, 0.0705609321594, 11.9438371658, -2.1335401535, 19.3382339478, -4.17649745941], [-72.609954834, 116.896179199, -61.9888839722, 71.1058349609, -1.58738422394, 43.0402374268, 8.31852817535, 11.5211439133, 8.60852909088, 2.19486069679, 10.7310123444, 2.43206429482, 8.35861778259], [121.403106689, -103.575050354, 90.1341781616, -44.6223373413, 32.5833702087, 8.31852817535, 37.5564613342, 14.097568512, 9.78229045868, 8.10478973389, 2.52961444855, 11.0270528793, 0.644559979439], [-2.37747836113, 30.7336730957, -6.98532295227, 18.6330318451, 4.62566375732, 11.5211439133, 14.097568512, 32.9947891235, 19.598531723, 9.52894020081, 7.59183597565, 5.55990743637, 2.65403461456], [-9.75327777863, 30.3119621277, -12.6269931793, 18.1321659088, 0.0705609321594, 8.60852909088, 9.78229045868, 19.598531723, 35.228717804, 15.8615522385, 10.743437767, 1.72909033298, -1.45837032795], [45.9251976013, -40.6025886536, 30.4533443451, -13.0522499084, 11.9438371658, 2.19486069679, 8.10478973389, 9.52894020081, 15.8615522385, 33.0337257385, 15.1224937439, 10.7065296173, 0.791964948177], [-34.2403106689, 49.595916748, -29.2074298859, 31.0074005127, -2.1335401535, 10.7310123444, 2.52961444855, 7.59183597565, 10.743437767, 15.1224937439, 32.7061271667, 13.3778676987, 11.6936187744], [53.8954811096, -59.9277992249, 48.058921814, -21.3431987762, 19.3382339478, 2.43206429482, 11.0270528793, 5.55990743637, 1.72909033298, 10.7065296173, 13.3778676987, 34.9581756592, 13.4501552582], [-31.2075386047, 39.0296096802, -23.5985202789, 27.4859161377, -4.17649745941, 8.35861778259, 0.644559979439, 2.65403461456, -1.45837032795, 0.791964948177, 11.6936187744, 13.4501552582, 31.9379940033]]
        icov: [[0.00539478519931, 0.00494293356314, -0.0030209145043, -0.00304508442059, 0.0013154395856, -0.00263361609541, -0.000700934324414, -0.00237689702772, -4.70949134979e-06, 0.000454635854112, -0.00151499046478, 0.00294790323824, -5.9005797084e-06], [0.00494293356314, 0.0155825102702, 0.00568932341412, -0.014890470542, -0.00096821266925, 0.000276188016869, -0.00357965938747, -0.00420837244019, -7.62621493777e-05, 0.00331114116125, -0.00181315233931, 0.00332946446724, 0.00220510107465], [-0.0030209145043, 0.00568932341412, 0.0197054166347, 0.00263576791622, -0.0146784661338, 0.00364924082533, -0.00655901012942, 0.000607870169915, -0.000165981851751, 0.000179813840077, 0.00249910540879, -0.00205588829704, -0.000466655910714], [-0.00304508442059, -0.014890470542, 0.00263576791622, 0.0319637954235, -0.00192048656754, -0.0133593091741, 0.00624045496807, 0.000877827347722, -0.00141659879591, -0.00255808699876, -0.000376757263439, -0.00155779370107, -0.00650021154433], [0.0013154395856, -0.00096821266925, -0.0146784661338, -0.00192048656754, 0.0414024926722, -0.0111722992733, -0.00574211962521, -0.00115402566735, 0.00357755157165, -0.00231091305614, -0.000803724688012, -0.00581667385995, 0.00479004299268], [-0.00263361609541, 0.000276188016869, 0.00364924082533, -0.0133593091741, -0.0111722992733, 0.0493353977799, -0.016868500039, -0.000471019069664, 0.0003474279074, 0.00141741847619, -0.00324601237662, 0.00106021517422, -0.00198794226162], [-0.000700934324414, -0.00357965938747, -0.00655901012942, 0.00624045496807, -0.00574211962521, -0.016868500039, 0.0594511516392, -0.0160240158439, -0.00756601942703, 0.00312622939236, 0.000547310512047, -0.00427832920104, -0.00155335979071], [-0.00237689702772, -0.00420837244019, 0.000607870169915, 0.000877827347722, -0.00115402566735, -0.000471019069664, -0.0160240158439, 0.0558611825109, -0.0237401183695, -0.00220117368735, 0.00383494817652, -0.0059502646327, -0.00176003132947], [-4.70949134979e-06, -7.62621493777e-05, -0.000165981851751, -0.00141659879591, 0.00357755157165, 0.0003474279074, -0.00756601942703, -0.0237401183695, 0.0546999797225, -0.018500784412, -0.00684902211651, 0.00651512714103, 0.00640790862963], [0.000454635854112, 0.00331114116125, 0.000179813840077, -0.00255808699876, -0.00231091305614, 0.00141741847619, 0.00312622939236, -0.00220117368735, -0.018500784412, 0.0532849170268, -0.0205245669931, -0.0062021301128, 0.00613949913532], [-0.00151499046478, -0.00181315233931, 0.00249910540879, -0.000376757263439, -0.000803724688012, -0.00324601237662, 0.000547310512047, 0.00383494817652, -0.00684902211651, -0.0205245669931, 0.0562204681337, -0.0153628373519, -0.0105973808095], [0.00294790323824, 0.00332946446724, -0.00205588829704, -0.00155779370107, -0.00581667385995, 0.00106021517422, -0.00427832920104, -0.0059502646327, 0.00651512714103, -0.0062021301128, -0.0153628373519, 0.0511997267604, -0.0173097476363], [-5.9005797084e-06, 0.00220510107465, -0.000466655910714, -0.00650021154433, 0.00479004299268, -0.00198794226162, -0.00155335979071, -0.00176003132947, 0.00640790862963, 0.00613949913532, -0.0105973808095, -0.0173097476363, 0.046493884176]]
    spectral_contrast:
        mean: [-1.45207991409e-07, -1.15779933196e-07, 9.52386116637e-08, -2.08111430311e-08, -2.58524693209e-07, 2.03672412269e-09, 1.74886713467e-06, 1.78103687176e-06, 2.4177134037e-06, 1.37981965054e-06, 8.71230497523e-07, -1.07009839212e-06]
        var: [0.000147767888848, 0.000263385329163, 0.000407253101002, 0.000575009093154, 0.000900587241631, 0.00185970950406, 0.0195995178074, 0.0406058840454, 0.0633607953787, 0.0960151478648, 0.341284126043, 2.6255531311]

rhythm:
    beats_loudness:
        dmean: 0.00105072429869
        dmean2: 0.00166306120809
        dvar: 8.87093563051e-07
        dvar2: 1.36690516683e-06
        max: 0.0108718136325
        mean: 0.00516626099125
        min: 0.00311868893914
        var: 4.18917488787e-06
    beats_loudness_bass:
        dmean: 0.0505445897579
        dmean2: 0.0888272076845
        dvar: 0.00169198855292
        dvar2: 0.00621217023581
        max: 0.145029366016
        mean: 0.0510635860264
        min: 0.0119464909658
        var: 0.0016718005063
    bpm: 93.8488693237
    bpm_confidence: 0
    first_peak_bpm: 120
    first_peak_spread: 0
    first_peak_weight: 0.611111104488
    onset_rate: 1.69474279881
    second_peak_bpm: 94
    second_peak_spread: 0
    second_peak_weight: 0.333333343267
    beats_position: [0.129265233874, 0.628483891487, 1.1277025938, 1.62692117691, 2.12613987923, 2.62535858154, 3.12457728386, 3.62379598618, 4.12301492691, 4.62223339081, 5.12145233154, 5.62067079544, 6.00500822067, 6.64434957504, 7.28369045258, 7.92303133011, 8.56237220764, 9.20171356201, 9.84105396271]
    bpm_estimates: [94.8533782959, 93.4475860596, 94.2170562744, 93.4990921021, 93.5006942749, 93.986656189, 93.5421829224, 93.7443008423]
    bpm_intervals: [0.499218642712, 0.499218702316, 0.499218583107, 0.499218702316, 0.499218702316, 0.499218702316, 0.499218702316, 0.499218940735, 0.499218463898, 0.499218940735, 0.499218463898, 0.384337425232, 0.63934135437, 0.639340877533, 0.639340877533, 0.639340877533, 0.63934135437, 0.639340400696]
    onset_times: [0.139319732785, 0.650158703327, 1.32353746891, 1.46285712719, 1.95047616959, 3.73841261864, 4.55111122131, 4.86458063126, 5.34058952332, 5.67727899551, 5.80498886108, 6.46675729752, 7.10530614853, 7.75546503067, 8.39401340485, 9.03256225586, 9.682721138]
    rubato_start: [6.64434957504]
    rubato_stop: [9.84105396271]
    perceptual_tempo: "unknown"

sfx:
    inharmonicity:
        dmean: 0.0607989840209
        dmean2: 0.108209021389
        dvar: 0.00321605941281
        dvar2: 0.00961499009281
        max: 0.415847301483
        mean: 0.0773420780897
        min: 0.00342198857106
        var: 0.00329420878552
    oddtoevenharmonicenergyratio:
        dmean: 1.45953822136
        dmean2: 2.66104865074
        dvar: 9.97050952911
        dvar2: 29.0067024231
        max: 29.2587547302
        mean: 1.28111720085
        min: 0.0121089937165
        var: 6.0306096077
    pitch_after_max_to_before_max_energy_ratio: 0.637340426445
    pitch_centroid: 204.303756714
    pitch_max_to_total: 0.588785052299
    pitch_min_to_total: 0.0887850448489
    tristimulus:
        dmean: [0.130559906363, 0.325211822987, 0.199952408671]
        dmean2: [0.225566148758, 0.576363623142, 0.364869832993]
        dvar: [0.0119631420821, 0.0602581463754, 0.0272713061422]
        dvar2: [0.0360645502806, 0.174285635352, 0.0768234804273]
        max: [0.732925951481, 0.972780644894, 0.722843408585]
        mean: [0.21216802299, 0.475509434938, 0.182584136724]
        min: [0.00609765714034, 0, 0]
        var: [0.0153420986608, 0.0795515701175, 0.0352419279516]

tonal:
    chords_changes_rate: 0.163551405072
    chords_number_rate: 0.0420560762286
    chords_strength:
        dmean: 0.0115881143138
        dmean2: 0.0149260126054
        dvar: 9.46847503656e-05
        dvar2: 0.00015106680803
        max: 0.561408698559
        mean: 0.441700160503
        min: 0.278865218163
        var: 0.00552956294268
    key_strength: 0.601852536201
    tuning_diatonic_strength: 0.546871840954
    tuning_equal_tempered_deviation: 0.27119359374
    tuning_frequency: 456.04309082
    tuning_nontempered_energy_ratio: 0.907529890537
    hpcp:
        dmean: [0.185241609812, 0.205009564757, 0.183435112238, 0.171472132206, 0.192910626531, 0.195731475949, 0.180454134941, 0.185103014112, 0.149360343814, 0.152293533087, 0.186036914587, 0.182449698448, 0.188145235181, 0.202291816473, 0.230076745152, 0.20812125504, 0.186600446701, 0.165694057941, 0.186037257314, 0.19609414041, 0.212951779366, 0.208062201738, 0.1795258075, 0.177147701383, 0.216390863061, 0.225257456303, 0.209363102913, 0.188252732158, 0.207186311483, 0.20649959147, 0.187861919403, 0.196616962552, 0.213987633586, 0.204791247845, 0.191730827093, 0.182800620794]
        dmean2: [0.315261781216, 0.344007313251, 0.309705674648, 0.289668470621, 0.315571367741, 0.325963288546, 0.313312321901, 0.317638069391, 0.260174751282, 0.262552171946, 0.306970268488, 0.299218773842, 0.318506658077, 0.33900937438, 0.38412168622, 0.367070496082, 0.30769687891, 0.282599836588, 0.320950239897, 0.339769899845, 0.361999511719, 0.356021165848, 0.296008229256, 0.304321587086, 0.357927799225, 0.358066529036, 0.342266559601, 0.325987160206, 0.365671694279, 0.34842979908, 0.307155370712, 0.327781170607, 0.359574526548, 0.345747172832, 0.323442399502, 0.312775045633]
        dvar: [0.0244499780238, 0.0261209663004, 0.025186246261, 0.0240751430392, 0.0266882665455, 0.0240843538195, 0.0266422368586, 0.0261296667159, 0.0177854932845, 0.0173142366111, 0.0311716236174, 0.030280770734, 0.0263360608369, 0.0212120115757, 0.0309320129454, 0.0335527025163, 0.0261290483177, 0.0260309427977, 0.028489889577, 0.0370167158544, 0.0309718810022, 0.0305207390338, 0.0326617434621, 0.0310518946499, 0.0314906537533, 0.0405954755843, 0.0354140885174, 0.033732637763, 0.0369616039097, 0.0309662912041, 0.0201167576015, 0.0222177766263, 0.0266771391034, 0.0263765435666, 0.0251757465303, 0.0231197718531]
        dvar2: [0.0691198259592, 0.0721036046743, 0.0691393390298, 0.0640539079905, 0.0707323104143, 0.0680075585842, 0.0783528536558, 0.0674015134573, 0.0463079735637, 0.0458481945097, 0.0872210264206, 0.0816056504846, 0.0708151310682, 0.0535677857697, 0.0867485255003, 0.0827716886997, 0.0727045461535, 0.0766529738903, 0.086914293468, 0.0858697742224, 0.0802763104439, 0.0838013961911, 0.080542229116, 0.075013846159, 0.078830294311, 0.0882552713156, 0.0931079015136, 0.0911069959402, 0.0941496416926, 0.0835378840566, 0.0517035759985, 0.0526577718556, 0.0744287893176, 0.0704531371593, 0.0590257942677, 0.065718896687]
        max: [1, 1, 1, 1, 1, 1, 0.963790893555, 1, 0.989903509617, 0.873289585114, 1, 1, 1, 1, 1, 1, 1, 1, 1, 1, 1, 1, 1, 1, 1, 1, 1, 1, 1, 1, 1, 1, 1, 1, 1, 1]
        mean: [0.463814169168, 0.463196009398, 0.374427199364, 0.341097831726, 0.402118831873, 0.41429567337, 0.376609027386, 0.345585614443, 0.302353262901, 0.321342587471, 0.396714866161, 0.388726592064, 0.351537644863, 0.420874476433, 0.555638849735, 0.586808443069, 0.437780827284, 0.306254386902, 0.33970195055, 0.437989592552, 0.457392305136, 0.422015160322, 0.366330862045, 0.330716460943, 0.377428501844, 0.441288948059, 0.383114159107, 0.335543453693, 0.383753299713, 0.398179978132, 0.413084298372, 0.442427009344, 0.425752162933, 0.404169738293, 0.397486716509, 0.404527515173]
        min: [0.0889032930136, 0.0971094965935, 0.0744161084294, 0.0646505281329, 0.0845877975225, 0.100037045777, 0.055474601686, 0.0747731104493, 0.0703848004341, 0.0776247531176, 0.0932826325297, 0.0564728491008, 0.0994365438819, 0.0713778808713, 0.101076051593, 0.0782572776079, 0.0381550826132, 0.0467964559793, 0.0482286699116, 0.066229172051, 0.0489853434265, 0.0581110827625, 0.0552100986242, 0.0699667334557, 0.0575500950217, 0.050769533962, 0.0579705387354, 0.0451594442129, 0.0448487363756, 0.0591081082821, 0.071941293776, 0.104699082673, 0.0955501049757, 0.0733417645097, 0.0828307271004, 0.0886176750064]
        var: [0.0488644763827, 0.0494144298136, 0.0352700427175, 0.0314628891647, 0.0484863631427, 0.0475294925272, 0.0325208231807, 0.0360777340829, 0.0233540758491, 0.0244662445039, 0.0513897128403, 0.0464822612703, 0.0370150357485, 0.0414081588387, 0.0603203698993, 0.0751243308187, 0.0511001646519, 0.0363215692341, 0.0466202385724, 0.0653640478849, 0.0620560869575, 0.0503261052072, 0.0491211973131, 0.0393637306988, 0.0543469041586, 0.0886956006289, 0.0586363561451, 0.039169985801, 0.0526263192296, 0.0467348732054, 0.0409977547824, 0.0451168045402, 0.0432910211384, 0.0419040471315, 0.0452745705843, 0.0350107774138]
    chords_histogram: [16.822429657, 7.0093460083, 1.86915886402, 1.86915886402, 0, 0, 0, 15.4205608368, 4.67289733887, 0, 2.80373835564, 0, 0, 0.467289716005, 18.2242984772, 0.934579432011, 0, 29.9065418243, 0, 0, 0, 0, 0, 0]
    thpcp: [1, 0.746037006378, 0.521898388863, 0.578897535801, 0.746392786503, 0.779457628727, 0.719170212746, 0.62427675724, 0.563585042953, 0.643188595772, 0.752015352249, 0.652877748013, 0.571810901165, 0.653966903687, 0.678551912308, 0.703950822353, 0.753954768181, 0.725538551807, 0.68875926733, 0.677370488644, 0.689368963242, 0.790401339531, 0.789347887039, 0.638073980808, 0.581276297569, 0.685264229774, 0.706015169621, 0.641792118549, 0.588924050331, 0.515250384808, 0.54761070013, 0.676055133343, 0.662442028522, 0.599067091942, 0.717226326466, 0.946882843971]
    chords_key: "D"
    chords_scale: "minor"
    key_key: "D"
    key_scale: "major"
    chords_progression: ["D#", "D#", "D#", "D#", "D#", "D#", "D#", "D#", "D#", "D#", "D#", "D#", "D#", "D#", "D#", "D#", "D#", "D#", "D#", "D#", "D#", "D#", "D#", "D#", "D#", "D#", "D#", "D#", "D#", "D#", "D#", "D#", "D#", "D#", "D#", "D#m", "D#m", "D#m", "D#m", "D#m", "D#m", "D#m", "D#m", "D#m", "D#m", "D#m", "D#m", "D#m", "D#", "D#", "D#m", "D#", "D#m", "D#", "D#m", "D#m", "C#m", "D#m", "C#m", "D#m", "F#", "F#", "D#m", "D#m", "D#m", "D#m", "F#", "F#", "F#", "F#", "D#m", "D#m", "D#m", "D#m", "F#", "F#", "F#", "F#", "D#m", "D#m", "D#m", "D#m", "D#m", "D#m", "F#m", "F#m", "F#m", "F#m", "F#m", "F#m", "F#m", "F#m", "F#m", "F#m", "F#m", "F#m", "F#m", "F#m", "F#m", "A", "A", "C#m", "C#m", "A", "A", "Cm", "C#", "C#", "C#", "Dm", "C#", "C#", "D", "C#", "D", "D", "D", "D", "D", "D", "D", "D", "D", "D", "D", "D", "D", "D", "D", "D", "D", "D", "Dm", "Dm", "Dm", "Dm", "Dm", "Dm", "Dm", "Dm", "Dm", "Dm", "Dm", "Dm", "Dm", "Dm", "D", "Dm", "Dm", "Dm", "Dm", "Dm", "Dm", "Dm", "Dm", "Dm", "Dm", "Dm", "Dm", "Dm", "Dm", "Dm", "Dm", "Dm", "Dm", "Dm", "Dm", "Dm", "Dm", "Dm", "Dm", "Dm", "Dm", "Dm", "Dm", "Dm", "Dm", "Dm", "Dm", "Dm", "Dm", "Gm", "Gm", "Dm", "Dm", "Dm", "Dm", "Dm", "Dm", "Dm", "Dm", "D", "D", "D", "D", "D", "D", "D", "D", "D", "D", "D", "D", "D", "D", "D", "D", "Dm", "Dm", "Dm", "Dm", "Dm", "Dm", "Dm"]
