
metadata:
    version:
        essentia: "1.2.2"
    audio_properties:
        analysis_sample_rate: 44100
        bitrate: 128
        channels: 2
        equal_loudness: 1
        length: 10.0310201645
        replay_gain: -12.9593219757
        downmix: "mix"
    tags:
        track: 17
        year: 0
        album: "Splitted by Mp3Splt v. 2.1"
        artist: "From 002.40 To 002.50"
        comment: "http://mp3splt.sf.net"
        genre: ""
        title: "07 lovesong.mp3"

highlevel:
    ballroom:
        all:
            ChaChaCha: 0.0371546149254
            Jive: 0.0627062618732
            Quickstep: 0.0222394652665
            Rumba-American: 0.0169309992343
            Rumba-International: 0.725406467915
            Rumba-Misc: 0.0498031377792
            Samba: 0.0622866749763
            Tango: 0.00129440007731
            VienneseWaltz: 0.0132459299639
            Waltz: 0.00893206242472
        probability: 0.725406467915
        value: "Rumba-International"
    culture:
        all:
            non_western: 0.0363803394139
            western: 0.96361964941
        probability: 0.96361964941
        value: "western"
    gender:
        all:
            female: 0.241997376084
            male: 0.758002638817
        probability: 0.758002638817
        value: "male"
    genre_dortmund:
        all:
            alternative: 0.0744918584824
            blues: 0.0376752577722
            electronic: 0.110954150558
            folkcountry: 0.214636921883
            funksoulrnb: 0.041456155479
            jazz: 0.146011829376
            pop: 0.134296223521
            raphiphop: 0.00258428533562
            rock: 0.237893313169
        probability: 0.237893313169
        value: "rock"
    genre_electronica:
        all:
            ambient: 0.351832449436
            dnb: 0.263339877129
            house: 0.125800907612
            techno: 0.0141748758033
            trance: 0.244851887226
        probability: 0.351832449436
        value: "ambient"
    genre_rosamerica:
        all:
            cla: 0.00415248284116
            dan: 0.0226206090301
            hip: 0.00262057827786
            jaz: 0.0154919130728
            pop: 0.756039261818
            rhy: 0.078502215445
            roc: 0.118183970451
            spe: 0.00238897767849
        probability: 0.756039261818
        value: "pop"
    genre_tzanetakis:
        all:
            blu: 0.00310753472149
            cla: 0.00202437536791
            cou: 0.0302068851888
            dis: 0.0343594700098
            hip: 0.00367927504703
            jaz: 0.00274246558547
            met: 0.0057845772244
            pop: 0.503598570824
            reg: 0.025551719591
            roc: 0.388945102692
        probability: 0.503598570824
        value: "pop"
    live_studio:
        all:
            live: 0.304583698511
            studio: 0.695416331291
        probability: 0.695416331291
        value: "studio"
    mood:
        all:
            Cluster1: 0.165017202497
            Cluster2: 0.180835023522
            Cluster3: 0.555519640446
            Cluster4: 0.0704360604286
            Cluster5: 0.0281920917332
        probability: 0.555519640446
        value: "Cluster3"
    mood_acoustic:
        all:
            acoustic: 0.562970340252
            not_acoustic: 0.437029659748
        probability: 0.562970340252
        value: "acoustic"
    mood_aggressive:
        all:
            aggressive: 0.0167597588152
            not_aggressive: 0.983240246773
        probability: 0.983240246773
        value: "not_aggressive"
    mood_electronic:
        all:
            electronic: 0.106711924076
            not_electronic: 0.893288075924
        probability: 0.893288075924
        value: "not_electronic"
    mood_happy:
        all:
            happy: 0.325681686401
            not_happy: 0.674318313599
        probability: 0.674318313599
        value: "not_happy"
    mood_party:
        all:
            not_party: 0.869594275951
            party: 0.130405694246
        probability: 0.869594275951
        value: "not_party"
    mood_relaxed:
        all:
            not_relaxed: 0.259623497725
            relaxed: 0.740376472473
        probability: 0.740376472473
        value: "relaxed"
    mood_sad:
        all:
            not_sad: 0.0201781224459
            sad: 0.97982186079
        probability: 0.97982186079
        value: "sad"
    rhythm:
        all:
            fast: 0.712314248085
            medium: 0.134864866734
            slow: 0.152820885181
        probability: 0.712314248085
        value: "fast"
    speech_music:
        all:
            music: 0.101216517389
            speech: 0.898783504963
        probability: 0.898783504963
        value: "speech"
    timbre:
        all:
            bright: 0.744450569153
            dark: 0.255549460649
        probability: 0.744450569153
        value: "bright"
    voice_instrumental:
        all:
            instrumental: 0.310852885246
            voice: 0.689147114754
        probability: 0.689147114754
        value: "voice"

lowlevel:
    average_loudness: 0.950513601303
    barkbands_kurtosis:
        dmean: 3.53869175911
        dmean2: 5.95295286179
        dvar: 21.32695961
        dvar2: 55.4346008301
        max: 58.8136291504
        mean: 5.6546330452
        min: -1.85186696053
        var: 72.0556259155
    barkbands_skewness:
        dmean: 0.644132733345
        dmean2: 1.07597768307
        dvar: 0.3505217731
        dvar2: 0.911168813705
        max: 6.84025430679
        mean: 1.96757721901
        min: -0.805169165134
        var: 1.78094244003
    barkbands_spread:
        dmean: 6.14884138107
        dmean2: 10.3024559021
        dvar: 73.7072601318
        dvar2: 171.215072632
        max: 62.037399292
        mean: 21.988866806
        min: 1.68279206753
        var: 251.316772461
    dissonance:
        dmean: 0.0292041935027
        dmean2: 0.0465062111616
        dvar: 0.000817413907498
        dvar2: 0.00207580602728
        max: 0.499999970198
        mean: 0.429327040911
        min: 0.247512102127
        var: 0.00236846320331
    hfc:
        dmean: 1.87495410442
        dmean2: 2.97333908081
        dvar: 15.2265481949
        dvar2: 39.0990219116
        max: 30.5610847473
        mean: 4.18832349777
        min: 0.0104337492958
        var: 26.1878395081
    pitch:
        dmean: 668.104064941
        dmean2: 1310.88708496
        dvar: 1938758.5
        dvar2: 5491546.5
        max: 4900
        mean: 732.16796875
        min: 43.6633682251
        var: 1712154.125
    pitch_instantaneous_confidence:
        dmean: 0.0915127545595
        dmean2: 0.150360256433
        dvar: 0.00598688563332
        dvar2: 0.0150857651606
        max: 0.827695071697
        mean: 0.460147827864
        min: 0.159546852112
        var: 0.0242487750947
    pitch_salience:
        dmean: 0.0756211280823
        dmean2: 0.127222836018
        dvar: 0.00454962113872
        dvar2: 0.0115045802668
        max: 0.80746614933
        mean: 0.555788695812
        min: 0.18977612257
        var: 0.0146572906524
    silence_rate_20dB:
        dmean: 0
        dmean2: 0
        dvar: 0
        dvar2: 0
        max: 1
        mean: 1
        min: 1
        var: 0
    silence_rate_30dB:
        dmean: 0
        dmean2: 0
        dvar: 0
        dvar2: 0
        max: 1
        mean: 1
        min: 1
        var: 0
    silence_rate_60dB:
        dmean: 0.138888895512
        dmean2: 0.276102095842
        dvar: 0.119599141181
        dvar2: 0.236992761493
        max: 1
        mean: 0.517320990562
        min: 0
        var: 0.249700263143
    spectral_centroid:
        dmean: 248.617950439
        dmean2: 421.00402832
        dvar: 121942.28125
        dvar2: 315613.0625
        max: 2705.86352539
        mean: 858.629150391
        min: 245.047729492
        var: 342671.71875
    spectral_complexity:
        dmean: 2.48491883278
        dmean2: 4.02325582504
        dvar: 14.6303005219
        dvar2: 33.3901252747
        max: 36
        mean: 8.72685146332
        min: 0
        var: 35.5781898499
    spectral_crest:
        dmean: 3.02807450294
        dmean2: 5.012362957
        dvar: 7.17170286179
        dvar2: 20.3005924225
        max: 24.5678787231
        mean: 12.7971715927
        min: 3.74405384064
        var: 23.7317581177
    spectral_decrease:
        dmean: 3.76316061645e-10
        dmean2: 6.30402174906e-10
        dvar: 2.20365076937e-19
        dvar2: 5.85224338021e-19
        max: -6.46780328947e-12
        mean: -9.80507119941e-10
        min: -4.61390126105e-09
        var: 4.93042606775e-19
    spectral_energy:
        dmean: 0.00156428478658
        dmean2: 0.00259510963224
        dvar: 4.12205645262e-06
        dvar2: 1.08233252831e-05
        max: 0.0201047435403
        mean: 0.00408055447042
        min: 2.53573271038e-05
        var: 9.10368362383e-06
    spectral_energyband_high:
        dmean: 0.000185754324775
        dmean2: 0.000313550961437
        dvar: 2.01170593073e-07
        dvar2: 5.50386801024e-07
        max: 0.00385153573006
        mean: 0.000281665998045
        min: 1.10899371464e-07
        var: 2.47743884074e-07
    spectral_energyband_low:
        dmean: 9.68314197962e-05
        dmean2: 0.000163664270076
        dvar: 4.53743673745e-08
        dvar2: 1.19570941592e-07
        max: 0.00151376100257
        mean: 0.000109476939542
        min: 2.49446179623e-06
        var: 3.85366405453e-08
    spectral_energyband_middle_high:
        dmean: 0.00031418754952
        dmean2: 0.00047559797531
        dvar: 4.17428140054e-07
        dvar2: 9.28118367938e-07
        max: 0.00719866622239
        mean: 0.000819075794425
        min: 2.7777100513e-06
        var: 1.00564625427e-06
    spectral_energyband_middle_low:
        dmean: 0.0012194813462
        dmean2: 0.00207397947088
        dvar: 2.09533095585e-06
        dvar2: 5.99733084528e-06
        max: 0.0129321562126
        mean: 0.00287032383494
        min: 1.16748133223e-05
        var: 4.51944242741e-06
    spectral_flatness_db:
        dmean: 0.0296197906137
        dmean2: 0.044856145978
        dvar: 0.00102601933759
        dvar2: 0.00198698649183
        max: 0.398420423269
        mean: 0.195839241147
        min: 0.0880852490664
        var: 0.00464797392488
    spectral_flux:
        dmean: 0.0101384799927
        dmean2: 0.0162763874978
        dvar: 0.000131189706735
        dvar2: 0.000293775228783
        max: 0.100029543042
        mean: 0.0316603258252
        min: 0.00503560574725
        var: 0.000349228852428
    spectral_kurtosis:
        dmean: 2.39190793037
        dmean2: 3.51950597763
        dvar: 31.2796573639
        dvar2: 66.9908599854
        max: 68.9534759521
        mean: 5.23895215988
        min: -0.667851448059
        var: 60.9539108276
    spectral_rms:
        dmean: 0.000364549021469
        dmean2: 0.000596764322836
        dvar: 1.50131668875e-07
        dvar2: 3.68824430552e-07
        max: 0.00442881323397
        mean: 0.00187445012853
        min: 0.000157285903697
        var: 4.67464104759e-07
    spectral_rolloff:
        dmean: 605.877075195
        dmean2: 1084.72229004
        dvar: 851493.8125
        dvar2: 1981872.25
        max: 4931.10351562
        mean: 1686.11999512
        min: 236.865234375
        var: 2398952.75
    spectral_skewness:
        dmean: 0.334274142981
        dmean2: 0.481670439243
        dvar: 0.337498754263
        dvar2: 0.697067499161
        max: 6.63082742691
        mean: 1.79213392735
        min: 0.635996222496
        var: 0.867096424103
    spectral_spread:
        dmean: 931237.4375
        dmean2: 1174632.5
        dvar: 1.4487486464e+12
        dvar2: 2.15308265062e+12
        max: 19688758
        mean: 6154037.5
        min: 1136664
        var: 4.19747017523e+12
    spectral_strongpeak:
        dmean: 0.174192085862
        dmean2: 0.304225534201
        dvar: 0.148212566972
        dvar2: 0.445273309946
        max: 4.46420192719
        mean: 0.353110849857
        min: 0.00454544881359
        var: 0.135606437922
    zerocrossingrate:
        dmean: 0.00930000189692
        dmean2: 0.0101517075673
        dvar: 9.11472598091e-05
        dvar2: 0.000100525692687
        max: 0.1376953125
        mean: 0.0563908331096
        min: 0.013671875
        var: 0.00106259342283
    barkbands:
        dmean: [2.85825535684e-07, 4.31887929153e-05, 6.54707619105e-05, 0.000203975767363, 0.000919803918805, 0.000233299229876, 6.81855162838e-05, 9.95902737486e-05, 5.5869037169e-05, 4.49593280791e-05, 2.07781140489e-05, 3.43211722793e-05, 1.84024993359e-05, 1.9997554773e-05, 2.03571689781e-05, 2.85986752715e-05, 7.06677456037e-05, 9.01695166249e-05, 0.000104418701085, 8.78949140315e-05, 9.68506574281e-05, 3.68691071344e-05, 1.05844155769e-05, 3.76707953365e-06, 4.28532484875e-06, 1.77043816052e-07, 3.68653019223e-09]
        dmean2: [4.44374961717e-07, 7.08595907781e-05, 0.000119376716611, 0.00034818763379, 0.00161279586609, 0.000354218791472, 0.000114951675641, 0.000151087340782, 8.04416195024e-05, 6.63042446831e-05, 3.32045419782e-05, 5.00978676428e-05, 2.76034479612e-05, 3.01123181998e-05, 3.06748661387e-05, 4.58935355709e-05, 0.000120020056784, 0.000142417135066, 0.000165388628375, 0.000150432024384, 0.000173750377144, 6.13526353845e-05, 1.6363856048e-05, 6.01010924584e-06, 6.53747747492e-06, 2.53047488741e-07, 4.12082989953e-09]
        dvar: [5.41285169898e-13, 8.89347617772e-09, 2.43996520766e-08, 1.74445133894e-07, 1.43434340316e-06, 1.51970425577e-07, 3.20436654988e-08, 8.15962337697e-08, 3.66715440236e-08, 8.55532800159e-09, 2.15112572199e-09, 4.4995323023e-09, 1.39445732739e-09, 6.21861095951e-09, 4.83870632451e-09, 3.97437771582e-09, 5.53285168792e-08, 5.79322154692e-08, 7.08833312046e-08, 3.53721212321e-08, 6.63831016823e-08, 7.9170376921e-09, 6.67358279749e-10, 6.64163238295e-11, 1.46120421318e-10, 2.07592501674e-13, 3.94554257227e-15]
        dvar2: [1.26115936271e-12, 2.15910134216e-08, 7.0311919842e-08, 3.64931679542e-07, 4.63576498078e-06, 2.94344118856e-07, 8.8574530821e-08, 1.9527232098e-07, 6.24717770847e-08, 1.93093239176e-08, 5.89321214051e-09, 9.84762138501e-09, 3.17082538004e-09, 1.32545157072e-08, 1.13781544187e-08, 8.98492391599e-09, 1.24821909253e-07, 1.47406126416e-07, 1.78328690481e-07, 9.62857953368e-08, 1.91112462744e-07, 1.98868104206e-08, 1.59659252486e-09, 1.54558921217e-10, 3.75244557649e-10, 4.41504688711e-13, 3.95266823693e-15]
        max: [5.86491523791e-06, 0.000668472261168, 0.00114656507503, 0.00646214932203, 0.0103757483885, 0.00565740838647, 0.00213896809146, 0.00277220085263, 0.00408666627482, 0.00171913334634, 0.000536520848982, 0.000997936353087, 0.000600797007792, 0.00149780604988, 0.00118107092567, 0.000722187396605, 0.00304718106054, 0.00362904951908, 0.00308840512298, 0.00160022615455, 0.00224197888747, 0.000722415803466, 0.000208958546864, 7.47958256397e-05, 0.000105313294625, 4.68793723485e-06, 1.30659373099e-06]
        mean: [2.90327392349e-07, 5.141188376e-05, 5.77889295528e-05, 0.000373316725018, 0.00169887987431, 0.00043225142872, 0.000112219073344, 0.000143410972669, 9.67165033217e-05, 0.00011423855176, 3.92434631067e-05, 7.67258970882e-05, 3.25709115714e-05, 2.61211698671e-05, 2.98737359117e-05, 5.45403672731e-05, 0.000101259043731, 0.000136744594784, 0.000156249850988, 0.000138007002533, 0.000120872529806, 6.00591556577e-05, 1.65420005942e-05, 5.65202162761e-06, 5.32564217792e-06, 2.41332429596e-07, 3.71241992703e-09]
        min: [8.7871543375e-11, 1.03518721062e-06, 1.03971308363e-06, 3.87678454672e-07, 4.13052339354e-06, 1.1196639349e-07, 1.66994794881e-07, 3.18365010799e-07, 1.81650516851e-08, 1.2816602748e-06, 1.04088407227e-07, 3.23066643659e-07, 5.17156273361e-08, 1.3453023584e-08, 3.52872675524e-10, 3.31845093626e-08, 3.1704722403e-08, 6.28436502836e-09, 6.89371262297e-08, 3.78785678379e-08, 2.75732165989e-08, 3.56474245677e-08, 5.57445112292e-09, 6.78359590722e-10, 1.3365345497e-09, 3.47681536339e-11, 5.81029202616e-13]
        var: [5.37114948872e-13, 9.10490616235e-09, 1.56489150527e-08, 3.04081567037e-07, 2.22523408411e-06, 4.7085575261e-07, 5.85818362708e-08, 1.45004705132e-07, 1.32884736104e-07, 2.27227250349e-08, 3.91681176382e-09, 8.37553049138e-09, 3.24169158183e-09, 8.4383637855e-09, 6.19158324611e-09, 1.17052136872e-08, 6.68991901875e-08, 9.32541723841e-08, 8.70066685366e-08, 4.82191957474e-08, 5.83735548787e-08, 1.15154437097e-08, 1.01529640251e-09, 1.14169972087e-10, 1.5694640032e-10, 3.10038995345e-13, 3.94093259545e-15]
    mfcc:
        mean: [-758.935913086, 118.577301025, -3.56921720505, 45.3089103699, -22.4445095062, -0.0319097191095, 2.28589105606, -1.9340723753, -15.2609329224, -27.0460662842, -16.76861763, -15.1800470352, -4.0916428566]
        cov: [[6771.9140625, -3009.57739258, -1077.24780273, 287.440429688, 135.172225952, -738.486083984, -775.820251465, -341.04284668, 182.30027771, 447.79788208, 378.067504883, 40.9586029053, -212.01940918], [-3009.57739258, 1722.84936523, 384.512207031, -145.772949219, -59.7135696411, 276.969451904, 306.988098145, 170.917068481, -98.700088501, -181.415313721, -136.664321899, -39.0711898804, 109.763870239], [-1077.24780273, 384.512207031, 469.792358398, -41.5052566528, -55.9904899597, 196.025848389, 205.013015747, 53.2927093506, 9.72584342957, -88.1427154541, -88.1249694824, 17.6041812897, 48.0501213074], [287.440429688, -145.772949219, -41.5052566528, 156.24508667, 41.3580932617, -3.66371893883, 19.2719764709, 26.0938339233, 35.871421814, 28.8754653931, 10.2292776108, 16.743680954, -16.2668781281], [135.172225952, -59.7135696411, -55.9904899597, 41.3580932617, 112.341918945, -6.26679706573, -34.43724823, -1.28183245659, 5.0339384079, 4.89514970779, 8.68633365631, -0.346744656563, -2.4374256134], [-738.486083984, 276.969451904, 196.025848389, -3.66371893883, -6.26679706573, 224.777511597, 141.287582397, 17.123336792, 29.3237285614, -22.930316925, -39.7899131775, 25.3394184113, 14.7636699677], [-775.820251465, 306.988098145, 205.013015747, 19.2719764709, -34.43724823, 141.287582397, 217.234924316, 71.5404281616, 7.76700258255, -34.2608337402, -46.822265625, 22.8898658752, 7.4490737915], [-341.04284668, 170.917068481, 53.2927093506, 26.0938339233, -1.28183245659, 17.123336792, 71.5404281616, 114.390129089, -5.16198015213, -35.2633590698, -17.3283748627, -14.4718894958, 15.8307933807], [182.30027771, -98.700088501, 9.72584342957, 35.871421814, 5.0339384079, 29.3237285614, 7.76700258255, -5.16198015213, 101.252571106, 42.6711044312, -3.60136342049, 24.7773838043, -1.351167202], [447.79788208, -181.415313721, -88.1427154541, 28.8754653931, 4.89514970779, -22.930316925, -34.2608337402, -35.2633590698, 42.6711044312, 96.4833068848, 44.4320259094, 17.184463501, -23.6127738953], [378.067504883, -136.664321899, -88.1249694824, 10.2292776108, 8.68633365631, -39.7899131775, -46.822265625, -17.3283748627, -3.60136342049, 44.4320259094, 91.1104660034, 7.49356460571, -17.2694091797], [40.9586029053, -39.0711898804, 17.6041812897, 16.743680954, -0.346744656563, 25.3394184113, 22.8898658752, -14.4718894958, 24.7773838043, 17.184463501, 7.49356460571, 67.8734512329, 8.40556144714], [-212.01940918, 109.763870239, 48.0501213074, -16.2668781281, -2.4374256134, 14.7636699677, 7.4490737915, 15.8307933807, -1.351167202, -23.6127738953, -17.2694091797, 8.40556144714, 61.0660705566]]
        icov: [[0.00139842531644, 0.00158929370809, 0.000293382327072, -0.000715447124094, 0.000184436037671, 0.00137699232437, 0.00112947239541, 0.000279853935353, -0.000735754845664, -0.00127751240507, -0.00121213565581, 4.02488913096e-05, 0.000182695104741], [0.00158929370809, 0.00310316774994, 0.000663545913994, 0.000260560918832, 0.000123025572975, 0.00051250832621, 0.000120098848129, -0.00063096935628, 5.43243804714e-05, -0.00113218463957, -0.000924911408219, 0.000753140251618, -0.0012844435405], [0.000293382327072, 0.000663545913994, 0.00559059577063, 0.000910463510081, 0.0011299434118, -0.00190710369498, -0.00347126484849, 0.000880888954271, -0.00133224693127, 0.00294007221237, 0.000525405164808, 0.000594550161622, -0.00245516723953], [-0.000715447124094, 0.000260560918832, 0.000910463510081, 0.01071137283, -0.0036309864372, -0.000497562403325, -0.00352100934833, -0.00347504206002, -0.00132346549071, -0.000556128798053, 0.00116270664148, -0.00128054036759, 0.000751044426579], [0.000184436037671, 0.000123025572975, 0.0011299434118, -0.0036309864372, 0.0115053467453, -0.0022751763463, 0.00343800522387, -0.000617601559497, 0.000235334300669, 0.00133396824822, -0.000182101051905, -0.000200798254809, -0.000189928920008], [0.00137699232437, 0.00051250832621, -0.00190710369498, -0.000497562403325, -0.0022751763463, 0.0122584467754, -0.00407137535512, 0.0041021797806, -0.00409304210916, -0.000985787250102, -0.00200916524045, -0.000369826622773, 0.000617411569692], [0.00112947239541, 0.000120098848129, -0.00347126484849, -0.00352100934833, 0.00343800522387, -0.00407137535512, 0.0176738426089, -0.00717562483624, 0.00206442736089, -0.00384009699337, 0.0017142246943, -0.00552626559511, 0.00613116053864], [0.000279853935353, -0.00063096935628, 0.000880888954271, -0.00347504206002, -0.000617601559497, 0.0041021797806, -0.00717562483624, 0.0168939903378, -0.00333755696192, 0.00508964946494, -0.00326312077232, 0.00534448120743, -0.00379800586961], [-0.000735754845664, 5.43243804714e-05, -0.00133224693127, -0.00132346549071, 0.000235334300669, -0.00409304210916, 0.00206442736089, -0.00333755696192, 0.0173866134137, -0.00877583678812, 0.00560129294172, -0.00331223709509, -0.00131281628273], [-0.00127751240507, -0.00113218463957, 0.00294007221237, -0.000556128798053, 0.00133396824822, -0.000985787250102, -0.00384009699337, 0.00508964946494, -0.00877583678812, 0.0249473080039, -0.00715078320354, -0.000328582013026, 0.00205392483622], [-0.00121213565581, -0.000924911408219, 0.000525405164808, 0.00116270664148, -0.000182101051905, -0.00200916524045, 0.0017142246943, -0.00326312077232, 0.00560129294172, -0.00715078320354, 0.0186642222106, -0.00323540717363, 0.00154807034414], [4.02488913096e-05, 0.000753140251618, 0.000594550161622, -0.00128054036759, -0.000200798254809, -0.000369826622773, -0.00552626559511, 0.00534448120743, -0.00331223709509, -0.000328582013026, -0.00323540717363, 0.020917294547, -0.00664744246751], [0.000182695104741, -0.0012844435405, -0.00245516723953, 0.000751044426579, -0.000189928920008, 0.000617411569692, 0.00613116053864, -0.00379800586961, -0.00131281628273, 0.00205392483622, 0.00154807034414, -0.00664744246751, 0.0236484706402]]
    spectral_contrast:
        mean: [-1.55876875851e-07, -1.23098420346e-08, -3.34137837399e-07, 4.50130613672e-07, 3.598871956e-07, 1.86850897421e-07, 1.52516145135e-06, -1.96840210265e-06, -6.85798340783e-07, -4.33547893408e-06, 1.29702186769e-06, -1.61291268341e-06]
        var: [0.000416906492319, 0.00109388667624, 0.00127577921376, 0.00160208321176, 0.00311736552976, 0.00613209372386, 0.0706451609731, 0.0839931294322, 0.160105571151, 0.225916698575, 0.371914982796, 4.23881149292]

rhythm:
    beats_loudness:
        dmean: 0.00475412607193
        dmean2: 0.00901864562184
        dvar: 1.46677311932e-05
        dvar2: 5.89948904235e-05
        max: 0.014696999453
        mean: 0.00657252827659
        min: 0.00175258808304
        var: 1.04628888948e-05
    beats_loudness_bass:
        dmean: 0.142422169447
        dmean2: 0.285220116377
        dvar: 0.0211190488189
        dvar2: 0.0727828666568
        max: 0.490952223539
        mean: 0.105420805514
        min: 0.00778555078432
        var: 0.0161539614201
    bpm: 70.3677139282
    bpm_confidence: 0
    first_peak_bpm: 141
    first_peak_spread: 0
    first_peak_weight: 0.533333361149
    onset_rate: 4.68546581268
    second_peak_bpm: 70
    second_peak_spread: 0.142857134342
    second_peak_weight: 0.40000000596
    beats_position: [0.393610090017, 1.24627411366, 2.09893798828, 2.95160222054, 3.80426621437, 4.65692996979, 5.50959444046, 6.39268350601, 6.81758785248, 7.24249267578, 7.66739797592, 8.09230327606, 8.51720714569, 8.94211196899, 9.3670167923, 9.79192256927]
    bpm_estimates: [70.3978271484, 70.4247207642, 70.3582763672, 70.3110275269, 70.3466949463]
    bpm_intervals: [0.852663993835, 0.852663874626, 0.852664232254, 0.852663993835, 0.852663755417, 0.852664470673, 0.883089065552, 0.424904346466, 0.424904823303, 0.42490530014, 0.42490530014, 0.424903869629, 0.424904823303, 0.424904823303, 0.424905776978]
    onset_times: [0.0464399084449, 0.162539675832, 0.383129239082, 0.603718817234, 0.719818592072, 0.824308395386, 1.03328800201, 1.24226760864, 1.64861679077, 2.08979582787, 2.31038546562, 2.55419492722, 2.72834467888, 2.94893431664, 3.19274377823, 3.3785033226, 3.69197273254, 3.76163268089, 4.07510185242, 4.22603178024, 4.446621418, 4.65560102463, 5.08517026901, 5.30575942993, 5.50312948227, 5.73532867432, 5.95591831207, 6.15328788757, 6.37387752533, 6.61768722534, 6.72217702866, 6.80344676971, 6.91954660416, 7.02403640747, 7.12852621078, 7.2330160141, 7.66258525848, 8.05732440948, 8.35918331146, 8.71909332275, 8.8119726181, 8.93968296051, 9.14866256714, 9.41569137573, 9.57823085785, 9.70594120026, 9.77560043335]
    rubato_start: [6.81758785248]
    rubato_stop: [7.24249267578]
    perceptual_tempo: "unknown"

sfx:
    inharmonicity:
        dmean: 0.0278422869742
        dmean2: 0.051770247519
        dvar: 0.00192116526887
        dvar2: 0.00503607466817
        max: 0.392581284046
        mean: 0.0237634014338
        min: 3.56466921403e-06
        var: 0.00168938178103
    oddtoevenharmonicenergyratio:
        dmean: 5.33269023895
        dmean2: 10.3289108276
        dvar: 382.686187744
        dvar2: 1159.61706543
        max: 204.000839233
        mean: 3.43741893768
        min: 2.22620037675e-05
        var: 214.937820435
    pitch_after_max_to_before_max_energy_ratio: 1.77908098698
    pitch_centroid: 210.388320923
    pitch_max_to_total: 0.372685194016
    pitch_min_to_total: 0.604166686535
    tristimulus:
        dmean: [0.227451875806, 0.226552024484, 0.0821964889765]
        dmean2: [0.407349437475, 0.401490449905, 0.147686868906]
        dvar: [0.0505602099001, 0.0501758344471, 0.0122706247494]
        dvar2: [0.129645287991, 0.133367985487, 0.0336284860969]
        max: [0.995303869247, 0.946541845798, 0.665814042091]
        mean: [0.555465936661, 0.34004175663, 0.0849754288793]
        min: [0.0161159131676, 0, 0]
        var: [0.0793012231588, 0.0709213390946, 0.0128254182637]

tonal:
    chords_changes_rate: 0.0599078349769
    chords_number_rate: 0.0230414755642
    chords_strength:
        dmean: 0.00815358385444
        dmean2: 0.00809810403734
        dvar: 4.6111708798e-05
        dvar2: 4.15420909121e-05
        max: 0.598148465157
        mean: 0.476006805897
        min: 0.387369215488
        var: 0.00355654302984
    key_strength: 0.708940148354
    tuning_diatonic_strength: 0.525750339031
    tuning_equal_tempered_deviation: 0.0969345793128
    tuning_frequency: 444.341888428
    tuning_nontempered_energy_ratio: 0.749942421913
    hpcp:
        dmean: [0.183276876807, 0.190219953656, 0.118798047304, 0.107898630202, 0.105671435595, 0.147340804338, 0.148148596287, 0.155621737242, 0.144579291344, 0.167822137475, 0.158324047923, 0.111275784671, 0.0846062153578, 0.0705051198602, 0.13461959362, 0.156572550535, 0.124671153724, 0.0830471590161, 0.0745698809624, 0.104562371969, 0.158191785216, 0.155806332827, 0.15194696188, 0.111184701324, 0.0740662515163, 0.0547604262829, 0.0443778783083, 0.0477674007416, 0.0605235397816, 0.108051791787, 0.119303397834, 0.0835675299168, 0.0528346374631, 0.0400040894747, 0.0629659891129, 0.150868669152]
        dmean2: [0.300039112568, 0.324803173542, 0.212461546063, 0.20108191669, 0.192491546273, 0.261754602194, 0.253549128771, 0.259011268616, 0.237109974027, 0.279659718275, 0.263767659664, 0.183621451259, 0.145213633776, 0.122385121882, 0.229953214526, 0.261817663908, 0.213090494275, 0.148068651557, 0.13685464859, 0.190834239125, 0.272253811359, 0.2443934232, 0.262302905321, 0.190975084901, 0.129823043942, 0.101137131453, 0.0770989954472, 0.0816287845373, 0.10886067152, 0.170813038945, 0.203233972192, 0.137222155929, 0.0946788936853, 0.0700995847583, 0.115737728775, 0.253838777542]
        dvar: [0.0447829551995, 0.0502005405724, 0.03671515733, 0.0384917445481, 0.0339453853667, 0.0443847738206, 0.0647119805217, 0.052962359041, 0.0511590689421, 0.0594937615097, 0.0588532947004, 0.0287590268999, 0.0237269513309, 0.0199281089008, 0.0463914610445, 0.049295976758, 0.0352190583944, 0.0234543606639, 0.0311396624893, 0.0328426212072, 0.0431474708021, 0.0376424789429, 0.0370206832886, 0.0301962867379, 0.0225162655115, 0.0185680650175, 0.011658700183, 0.00978530012071, 0.0187194589525, 0.0285835638642, 0.042592279613, 0.019433664158, 0.0167794413865, 0.0106699401513, 0.0145923029631, 0.0323074348271]
        dvar2: [0.110396973789, 0.12911863625, 0.0986571311951, 0.0964074134827, 0.0923441573977, 0.123579412699, 0.148322150111, 0.135705947876, 0.119927302003, 0.153108373284, 0.134325638413, 0.0596039406955, 0.0603205673397, 0.0529019013047, 0.124116145074, 0.115640871227, 0.0964422747493, 0.0550447404385, 0.0798773020506, 0.0867861434817, 0.115095481277, 0.0849378556013, 0.100209012628, 0.0802051201463, 0.0604344271123, 0.0551001355052, 0.0283969789743, 0.0251442156732, 0.0423413217068, 0.0608506090939, 0.100601613522, 0.0502266138792, 0.0470847226679, 0.0313228704035, 0.0421349294484, 0.0893411412835]
        max: [1, 1, 1, 1, 1, 1, 1, 1, 1, 1, 1, 1, 0.943222761154, 0.936364471912, 1, 1, 1, 1, 1, 0.920212566853, 1, 1, 1, 1, 1, 1, 1, 0.870423018932, 1, 1, 1, 1, 1, 1, 1, 1]
        mean: [0.369423240423, 0.23133379221, 0.0983082577586, 0.0822716802359, 0.0809170305729, 0.183176398277, 0.261182695627, 0.179428189993, 0.161697387695, 0.208815157413, 0.177216053009, 0.119204364717, 0.0842156931758, 0.0702210664749, 0.152948617935, 0.203105822206, 0.127811506391, 0.0707693099976, 0.0606236383319, 0.0852168127894, 0.206808134913, 0.275353997946, 0.185963496566, 0.140348449349, 0.110761165619, 0.0516498461366, 0.0416368730366, 0.0481341145933, 0.0623566843569, 0.155434310436, 0.211136177182, 0.119689516723, 0.0466161370277, 0.0413783341646, 0.0672301128507, 0.241321668029]
        min: [0.0135728288442, 0.00262718251906, 0.000128189436509, 5.86857859162e-05, 0.00013969950669, 0.000189761369256, 0.000114607559226, 0.000310144823743, 0.000186872232007, 9.41035905271e-05, 0.000149263185449, 0.000203764866455, 0.000113893765956, 9.39890014706e-05, 0.000103145561297, 0.000141226119013, 0.000241170753725, 0.00015107303625, 5.74985388084e-05, 5.44844551769e-05, 0.000368335953681, 0.000890552124474, 0.00170375406742, 2.69280390057e-05, 6.21543222223e-05, 0, 0, 0.000131728942506, 0.000130144268041, 0.000179284077603, 4.98430097196e-07, 0, 7.88641773397e-05, 7.86263044574e-05, 0.00179147697054, 0.0143815046176]
        var: [0.116371192038, 0.0657610967755, 0.0317013226449, 0.0303076691926, 0.0265510007739, 0.0684868097305, 0.13964343071, 0.0608385242522, 0.070276774466, 0.0938849523664, 0.0779274329543, 0.0382691994309, 0.0236916393042, 0.0163657926023, 0.0453925654292, 0.0714751034975, 0.0424438416958, 0.0226802304387, 0.0239201318473, 0.0254589822143, 0.0602253451943, 0.0888374894857, 0.0461420975626, 0.0553789846599, 0.0567530617118, 0.0138014815748, 0.0120343994349, 0.0105934310704, 0.0179741550237, 0.0539457686245, 0.101274743676, 0.0372162424028, 0.011197832413, 0.00758403493091, 0.0135233514011, 0.0571257919073]
    chords_histogram: [33.6405525208, 5.0691242218, 0, 0.921658992767, 0, 11.0599079132, 0, 17.9723510742, 0, 0, 0, 0, 0, 0, 0, 0, 0, 0, 0, 0, 0, 0, 31.3364048004, 0]
    thpcp: [1, 0.626202583313, 0.266112804413, 0.222703039646, 0.219036117196, 0.495844274759, 0.707001268864, 0.485698163509, 0.437702268362, 0.565246403217, 0.479710072279, 0.322676956654, 0.227965340018, 0.190082967281, 0.414020031691, 0.549791693687, 0.34597581625, 0.191567018628, 0.164103478193, 0.230675294995, 0.559813559055, 0.745361864567, 0.503388702869, 0.379912346601, 0.299821853638, 0.139812111855, 0.112707778811, 0.130295306444, 0.168794691563, 0.420748591423, 0.571529209614, 0.323990225792, 0.126186266541, 0.112007938325, 0.181986689568, 0.653239011765]
    chords_key: "A"
    chords_scale: "minor"
    key_key: "A"
    key_scale: "minor"
    chords_progression: ["A", "A", "A", "A", "A", "A", "A", "A", "A", "A", "A", "A", "A", "A", "A", "A", "A", "A", "A", "A", "A", "A", "A", "A", "A", "A", "A", "A", "A", "A", "A", "A", "A", "A", "A", "A", "A", "A", "A", "Dm", "Dm", "Dm", "Dm", "Dm", "Dm", "Dm", "Dm", "Dm", "Dm", "Dm", "Dm", "Dm", "Dm", "Dm", "Dm", "Dm", "Dm", "Dm", "Dm", "D", "D", "D", "D", "D", "D", "D", "G", "D", "D", "D", "D", "G", "D", "Dm", "Dm", "Dm", "Dm", "Dm", "Dm", "Dm", "Dm", "Dm", "Dm", "Dm", "Dm", "Dm", "Dm", "Dm", "Dm", "Dm", "Dm", "Dm", "Am", "Am", "Am", "Am", "Am", "Am", "Am", "Am", "Am", "Am", "Am", "Am", "Am", "Am", "Am", "Am", "Am", "Am", "Am", "Am", "Am", "Am", "Am", "Am", "Am", "Am", "Am", "Am", "Am", "Am", "Am", "Am", "Am", "Am", "Am", "Am", "Dm", "Dm", "Dm", "Dm", "Dm", "Dm", "Dm", "Dm", "Dm", "Dm", "Dm", "Dm", "Dm", "Dm", "Dm", "D", "D", "D", "D", "D", "D", "D", "D", "D", "D", "D", "D", "Dm", "Dm", "Dm", "Dm", "Dm", "Dm", "Dm", "Dm", "Dm", "Dm", "Dm", "Dm", "Dm", "Dm", "Am", "Am", "Am", "Am", "Am", "Am", "Am", "Am", "Am", "Am", "Am", "Am", "Am", "Am", "Am", "Am", "Am", "Am", "Am", "Am", "Am", "Am", "Am", "Am", "Am", "Am", "Am", "Am", "Am", "Am", "Am", "Am", "Am", "Am", "Am", "Am", "Am", "C", "C", "C", "C", "C", "C", "C", "C", "C", "C", "C"]
