
metadata:
    version:
        essentia: "1.2.2"
    audio_properties:
        analysis_sample_rate: 44100
        bitrate: 128
        channels: 2
        equal_loudness: 1
        length: 10.0310201645
        replay_gain: -11.9832191467
        downmix: "mix"
    tags:
        track: 28
        year: 0
        album: "Splitted by Mp3Splt v. 2.1"
        artist: "From 004.30 To 004.40"
        comment: "http://mp3splt.sf.net"
        genre: ""
        title: "10 Talk.mp3"

highlevel:
    ballroom:
        all:
            ChaChaCha: 0.78413194418
            Jive: 0.0168550889939
            Quickstep: 0.00372616038658
            Rumba-American: 0.00155848637223
            Rumba-International: 0.00827424135059
            Rumba-Misc: 0.00422918656841
            Samba: 0.180664509535
            Tango: 0.00015134208661
            VienneseWaltz: 0.000127906067064
            Waltz: 0.000281134969555
        probability: 0.78413194418
        value: "ChaChaCha"
    culture:
        all:
            non_western: 0.801177084446
            western: 0.198822900653
        probability: 0.801177084446
        value: "non_western"
    gender:
        all:
            female: 0.797759592533
            male: 0.202240437269
        probability: 0.797759592533
        value: "female"
    genre_dortmund:
        all:
            alternative: 0.00145711144432
            blues: 0.000366965337889
            electronic: 0.0512034408748
            folkcountry: 0.000349523499608
            funksoulrnb: 0.00246778735891
            jazz: 0.00185588130262
            pop: 0.00341214402579
            raphiphop: 0.93796902895
            rock: 0.000918093544897
        probability: 0.93796902895
        value: "raphiphop"
    genre_electronica:
        all:
            ambient: 0.199495628476
            dnb: 0.0809501260519
            house: 0.244024157524
            techno: 0.465207785368
            trance: 0.0103223184124
        probability: 0.465207785368
        value: "techno"
    genre_rosamerica:
        all:
            cla: 0.00418864237145
            dan: 0.521372497082
            hip: 0.448141753674
            jaz: 0.00736209983006
            pop: 0.00278362212703
            rhy: 0.00884289760143
            roc: 0.00201295083389
            spe: 0.00529555231333
        probability: 0.521372497082
        value: "dan"
    genre_tzanetakis:
        all:
            blu: 0.0119343046099
            cla: 0.0232991576195
            cou: 0.00839015282691
            dis: 0.0549393519759
            hip: 0.407002747059
            jaz: 0.0131511678919
            met: 0.0146607393399
            pop: 0.277127236128
            reg: 0.166975647211
            roc: 0.0225195083767
        probability: 0.407002747059
        value: "hip"
    live_studio:
        all:
            live: 0.0670514032245
            studio: 0.932948589325
        probability: 0.932948589325
        value: "studio"
    mood:
        all:
            Cluster1: 0.403100252151
            Cluster2: 0.187863916159
            Cluster3: 0.0365685112774
            Cluster4: 0.19292755425
            Cluster5: 0.179539769888
        probability: 0.403100252151
        value: "Cluster1"
    mood_acoustic:
        all:
            acoustic: 0.0621613226831
            not_acoustic: 0.937838673592
        probability: 0.937838673592
        value: "not_acoustic"
    mood_aggressive:
        all:
            aggressive: 0.0133696058765
            not_aggressive: 0.986630380154
        probability: 0.986630380154
        value: "not_aggressive"
    mood_electronic:
        all:
            electronic: 0.951349496841
            not_electronic: 0.0486504733562
        probability: 0.951349496841
        value: "electronic"
    mood_happy:
        all:
            happy: 0.0916360616684
            not_happy: 0.908363938332
        probability: 0.908363938332
        value: "not_happy"
    mood_party:
        all:
            not_party: 0.187698826194
            party: 0.812301158905
        probability: 0.812301158905
        value: "party"
    mood_relaxed:
        all:
            not_relaxed: 0.314769655466
            relaxed: 0.685230314732
        probability: 0.685230314732
        value: "relaxed"
    mood_sad:
        all:
            not_sad: 0.889272868633
            sad: 0.110727116466
        probability: 0.889272868633
        value: "not_sad"
    rhythm:
        all:
            fast: 0.0141375390813
            medium: 0.911331892014
            slow: 0.074530556798
        probability: 0.911331892014
        value: "medium"
    speech_music:
        all:
            music: 0.451424479485
            speech: 0.548575520515
        probability: 0.548575520515
        value: "speech"
    timbre:
        all:
            bright: 0.171460583806
            dark: 0.828539431095
        probability: 0.828539431095
        value: "dark"
    voice_instrumental:
        all:
            instrumental: 0.232009217143
            voice: 0.767990767956
        probability: 0.767990767956
        value: "voice"

lowlevel:
    average_loudness: 0.966532170773
    barkbands_kurtosis:
        dmean: 7.36163759232
        dmean2: 11.0913982391
        dvar: 937.862731934
        dvar2: 2358.04858398
        max: 518.756225586
        mean: 9.49932575226
        min: -1.86435472965
        var: 1615.71520996
    barkbands_skewness:
        dmean: 0.980625450611
        dmean2: 1.37212014198
        dvar: 1.27269637585
        dvar2: 2.4503993988
        max: 18.0319824219
        mean: 1.07460868359
        min: -2.90254449844
        var: 7.26734972
    barkbands_spread:
        dmean: 8.29365253448
        dmean2: 13.2687473297
        dvar: 76.0721435547
        dvar2: 189.110137939
        max: 62.8697891235
        mean: 21.333656311
        min: 0.384579509497
        var: 190.309616089
    dissonance:
        dmean: 0.035451348871
        dmean2: 0.0549945347011
        dvar: 0.00147682311945
        dvar2: 0.00362837151624
        max: 0.499664276838
        mean: 0.440871864557
        min: 0.172549456358
        var: 0.00348304351792
    hfc:
        dmean: 1.64219355583
        dmean2: 2.3471622467
        dvar: 12.1311616898
        dvar2: 24.7891540527
        max: 28.2443752289
        mean: 1.69054722786
        min: 0.000392697460484
        var: 16.5832996368
    pitch:
        dmean: 889.695068359
        dmean2: 1693.2454834
        dvar: 2044859.5
        dvar2: 4218736.5
        max: 4900
        mean: 1279.84094238
        min: 54.7826080322
        var: 2527413.25
    pitch_instantaneous_confidence:
        dmean: 0.131172806025
        dmean2: 0.21305771172
        dvar: 0.016266124323
        dvar2: 0.0383013188839
        max: 0.96637648344
        mean: 0.481283932924
        min: 0.132902801037
        var: 0.041052930057
    pitch_salience:
        dmean: 0.107551790774
        dmean2: 0.170511960983
        dvar: 0.0112799983472
        dvar2: 0.0272256061435
        max: 0.879581272602
        mean: 0.5484790802
        min: 0.101827979088
        var: 0.0419504791498
    silence_rate_20dB:
        dmean: 0
        dmean2: 0
        dvar: 0
        dvar2: 0
        max: 1
        mean: 1
        min: 1
        var: 0
    silence_rate_30dB:
        dmean: 0
        dmean2: 0
        dvar: 0
        dvar2: 0
        max: 1
        mean: 1
        min: 1
        var: 0
    silence_rate_60dB:
        dmean: 0.0936768129468
        dmean2: 0.187793433666
        dvar: 0.0849015116692
        dvar2: 0.152527213097
        max: 1
        mean: 0.850467264652
        min: 0
        var: 0.127173170447
    spectral_centroid:
        dmean: 589.533508301
        dmean2: 834.929382324
        dvar: 509483.1875
        dvar2: 1060754.875
        max: 5317.46191406
        mean: 1591.89501953
        min: 60.3253211975
        var: 1640714.75
    spectral_complexity:
        dmean: 1.74346792698
        dmean2: 2.56428575516
        dvar: 18.8177680969
        dvar2: 33.1124687195
        max: 36
        mean: 1.86729860306
        min: 0
        var: 28.5321006775
    spectral_crest:
        dmean: 3.17564606667
        dmean2: 5.00304412842
        dvar: 10.6012191772
        dvar2: 24.5806274414
        max: 25.6819725037
        mean: 10.9174442291
        min: 2.35817956924
        var: 41.45753479
    spectral_decrease:
        dmean: 3.01531882796e-10
        dmean2: 4.05433214778e-10
        dvar: 3.87657754633e-19
        dvar2: 7.40374934903e-19
        max: -5.69432847229e-13
        mean: -3.33267163866e-10
        min: -3.94670429671e-09
        var: 5.66167234081e-19
    spectral_energy:
        dmean: 0.00128118228167
        dmean2: 0.00172433757689
        dvar: 6.50643505651e-06
        dvar2: 1.25121396195e-05
        max: 0.0154875312001
        mean: 0.00141116511077
        min: 2.30594014283e-06
        var: 9.4903880381e-06
    spectral_energyband_high:
        dmean: 0.000131200067699
        dmean2: 0.000191496263142
        dvar: 7.48200292833e-08
        dvar2: 1.51406752025e-07
        max: 0.00205936166458
        mean: 0.000130377695314
        min: 8.54711856846e-11
        var: 1.03383321459e-07
    spectral_energyband_low:
        dmean: 0.000416875525843
        dmean2: 0.000613384647295
        dvar: 1.44898478993e-06
        dvar2: 3.23499466504e-06
        max: 0.00840869825333
        mean: 0.000396694027586
        min: 1.09676601134e-09
        var: 1.5819177861e-06
    spectral_energyband_middle_high:
        dmean: 0.000275764614344
        dmean2: 0.000408532534493
        dvar: 5.29679937245e-07
        dvar2: 1.15620377983e-06
        max: 0.00667391438037
        mean: 0.000291798787657
        min: 6.82093359572e-09
        var: 6.42319889721e-07
    spectral_energyband_middle_low:
        dmean: 0.000795718980953
        dmean2: 0.00137193675619
        dvar: 5.15556121172e-06
        dvar2: 1.30003418235e-05
        max: 0.0129627827555
        mean: 0.000592290773056
        min: 2.11127712646e-07
        var: 3.93463369619e-06
    spectral_flatness_db:
        dmean: 0.0333396308124
        dmean2: 0.0493056699634
        dvar: 0.00105194246862
        dvar2: 0.00221089017577
        max: 0.450076937675
        mean: 0.19545160234
        min: 0.0681749284267
        var: 0.00491214264184
    spectral_flux:
        dmean: 0.0124978199601
        dmean2: 0.0156008312479
        dvar: 0.000331887538778
        dvar2: 0.00054777105106
        max: 0.11812928319
        mean: 0.0228021424264
        min: 0.000929853820708
        var: 0.000831605226267
    spectral_kurtosis:
        dmean: 2.34250473976
        dmean2: 3.44976305962
        dvar: 20.5976428986
        dvar2: 26.3083305359
        max: 82.8851547241
        mean: 4.01983213425
        min: -0.783082962036
        var: 33.1870422363
    spectral_rms:
        dmean: 0.000423720397521
        dmean2: 0.000518743065186
        dvar: 3.61869837207e-07
        dvar2: 6.11305381426e-07
        max: 0.00388713087887
        mean: 0.000753233849537
        min: 4.74309781566e-05
        var: 8.09385710454e-07
    spectral_rolloff:
        dmean: 885.265014648
        dmean2: 1311.67944336
        dvar: 1251110
        dvar2: 2366466
        max: 8893.21289062
        mean: 2574.79907227
        min: 64.599609375
        var: 4197479.5
    spectral_skewness:
        dmean: 0.416584998369
        dmean2: 0.58512288332
        dvar: 0.243003606796
        dvar2: 0.340743154287
        max: 8.17960739136
        mean: 1.56192624569
        min: 0.323796957731
        var: 0.700131356716
    spectral_spread:
        dmean: 1477842.75
        dmean2: 2214705.75
        dvar: 2.1861489705e+12
        dvar2: 3.96913226547e+12
        max: 14194148
        mean: 6574106
        min: 1980558.625
        var: 5.68073230746e+12
    spectral_strongpeak:
        dmean: 0.128300741315
        dmean2: 0.199185311794
        dvar: 0.0613874942064
        dvar2: 0.162679687142
        max: 2.17719721794
        mean: 0.154135808349
        min: 0.00086206686683
        var: 0.0569286495447
    zerocrossingrate:
        dmean: 0.0216258727014
        dmean2: 0.0229120161384
        dvar: 0.000522394257132
        dvar2: 0.000669693690725
        max: 0.23193359375
        mean: 0.0827081352472
        min: 0.00439453125
        var: 0.00317265233025
    barkbands:
        dmean: [5.12075416736e-07, 0.000140402684337, 0.000356219505193, 0.000419566960772, 0.000411333836382, 3.4718279494e-05, 2.66645638476e-05, 8.95060929906e-06, 1.16575129141e-05, 4.92616436532e-06, 1.17976469483e-05, 9.02128522284e-06, 7.73729516368e-06, 7.04224339643e-06, 2.52093050221e-05, 2.53434427577e-05, 2.98319446301e-05, 4.85852506245e-05, 0.000104163242213, 6.74465482007e-05, 6.16314428044e-05, 2.65277067228e-05, 5.77753735342e-06, 7.27823226043e-06, 6.98394524079e-06, 3.53966669309e-07, 8.3171691756e-11]
        dmean2: [4.28033928301e-07, 0.000198403780814, 0.000610438291915, 0.000752215681132, 0.000759868940804, 6.19800775894e-05, 4.77592293464e-05, 1.55363704835e-05, 1.92441475519e-05, 7.82163897384e-06, 1.95398297365e-05, 1.3761919945e-05, 1.1249329873e-05, 1.14775702968e-05, 4.08093619626e-05, 4.27736740676e-05, 4.59487491753e-05, 7.42854172131e-05, 0.000167614663951, 0.000101141216874, 9.04841945157e-05, 3.93836053263e-05, 8.64491539687e-06, 1.09115762825e-05, 1.04479922811e-05, 5.86334408581e-07, 1.39258188314e-10]
        dvar: [8.78126727149e-13, 1.50546341615e-07, 1.40923623348e-06, 1.96131304619e-06, 1.78141453944e-06, 9.33146449e-09, 8.2939362045e-09, 5.74103597994e-10, 1.6340648834e-09, 2.4515378616e-10, 1.92796112408e-09, 3.25191013006e-10, 1.7310552991e-10, 4.41569419918e-10, 3.82248277475e-09, 8.70818617216e-09, 7.0203518554e-09, 2.73448392818e-08, 7.73006050281e-08, 2.42481146273e-08, 2.29059207157e-08, 3.04839464782e-09, 1.22217777565e-10, 1.87964338538e-10, 2.0274847079e-10, 7.87944091484e-13, 3.55215007226e-20]
        dvar2: [7.01987675888e-13, 3.24583453448e-07, 3.63364847544e-06, 5.41309236723e-06, 4.97943483424e-06, 2.67107420626e-08, 2.30610393004e-08, 1.70858915904e-09, 4.08631484206e-09, 5.404740544e-10, 5.44115552614e-09, 8.61150206699e-10, 3.76075171005e-10, 1.06280384493e-09, 8.95686369518e-09, 2.36713475488e-08, 1.47397933858e-08, 5.67358533488e-08, 1.97102608013e-07, 4.86525628673e-08, 5.2682544549e-08, 7.04451830202e-09, 2.6090013483e-10, 3.70819763784e-10, 4.30621371894e-10, 1.93103714442e-12, 8.33133857271e-20]
        max: [9.14743577596e-06, 0.00256418692879, 0.00741902459413, 0.00872746203095, 0.00903070066124, 0.0010112230666, 0.000814193219412, 0.000229093217058, 0.000481141498312, 0.000177719863132, 0.000510315818246, 0.000157785601914, 9.77418094408e-05, 0.000201028291485, 0.000482839590404, 0.000904691172764, 0.000834247446619, 0.00160385482013, 0.00255853054114, 0.00137980445288, 0.00125577091239, 0.000382040074328, 7.04356862116e-05, 9.55547657213e-05, 0.000134560759761, 7.32525995772e-06, 1.64970270777e-09]
        mean: [1.14273461804e-06, 0.000149323735968, 0.000246232142672, 0.000261281034909, 0.00026093647466, 2.75782185781e-05, 1.83540305443e-05, 8.47831779538e-06, 1.43752040458e-05, 5.85363341088e-06, 9.84924827208e-06, 9.21553055377e-06, 8.94172444532e-06, 6.25484017291e-06, 2.06456425076e-05, 2.00846352527e-05, 2.99587609334e-05, 5.1398674259e-05, 9.35505595407e-05, 6.83025427861e-05, 5.75924932491e-05, 2.36513515119e-05, 5.25832729181e-06, 6.57409191263e-06, 6.07019455856e-06, 2.61655884515e-07, 7.84891526773e-11]
        min: [1.17376919816e-13, 2.86288145968e-11, 1.87509091587e-10, 6.68636701562e-10, 9.92158577517e-10, 1.17874032757e-09, 2.4187415959e-10, 4.12764794566e-10, 1.07582975861e-09, 1.21715448831e-09, 3.47789103072e-10, 1.71214764588e-10, 5.7965915401e-10, 1.37902730901e-10, 6.39895289534e-11, 2.00527251054e-11, 8.6825598794e-12, 1.95484271132e-11, 4.11210822338e-11, 7.84390399855e-11, 1.78146577351e-11, 1.47167660003e-11, 3.54443384365e-12, 1.40215035763e-11, 7.35438532989e-12, 1.4454891277e-12, 3.37178722951e-15]
        var: [4.74877602519e-12, 1.86003873637e-07, 1.03753507119e-06, 1.22990138607e-06, 1.08487802208e-06, 6.52778542332e-09, 5.36626609815e-09, 5.90152537949e-10, 1.34405941932e-09, 2.90070023556e-10, 1.21322041302e-09, 3.03927244483e-10, 2.25473778537e-10, 4.18548806724e-10, 3.4663583115e-09, 6.23609786032e-09, 8.41921909966e-09, 3.42550272592e-08, 7.73156330069e-08, 3.35947021313e-08, 2.66724597964e-08, 3.32306004935e-09, 1.4517527458e-10, 2.28456323303e-10, 2.2276017142e-10, 6.40109493188e-13, 3.47453855882e-20]
    mfcc:
        mean: [-910.436157227, 78.4039001465, -33.2102127075, 33.8551063538, -8.43522548676, 1.10333585739, 9.34773159027, -0.945522069931, 3.08269667625, -1.2974460125, 0.591856658459, -4.17862892151, -5.16955280304]
        cov: [[16547.9082031, -3069.85839844, 244.375518799, 1439.68896484, 213.919784546, -843.819824219, -1129.3717041, -858.354675293, -684.165649414, -626.916687012, -598.384094238, -318.621459961, 23.2894039154], [-3069.85839844, 2952.01245117, 63.5218086243, -17.0511035919, 319.66519165, 431.579345703, 307.562530518, 404.837280273, 170.003356934, 230.373825073, 201.1118927, 172.373977661, 63.4368286133], [244.375518799, 63.5218086243, 1207.53662109, 519.642272949, 507.351867676, 312.987060547, 246.312667847, 220.003829956, 10.8689317703, 119.738052368, 76.0526580811, -52.1729125977, -82.7713317871], [1439.68896484, -17.0511035919, 519.642272949, 933.372680664, 375.493286133, 139.180389404, 21.1690387726, 158.084396362, -25.2278461456, 54.7558517456, 9.20129871368, 70.268447876, -5.59581899643], [213.919784546, 319.66519165, 507.351867676, 375.493286133, 633.383300781, 383.895477295, 233.574584961, 292.365570068, 126.539093018, 162.531280518, 107.373580933, 23.9766407013, 31.9137554169], [-843.819824219, 431.579345703, 312.987060547, 139.180389404, 383.895477295, 524.318969727, 335.506011963, 320.950592041, 168.626663208, 229.312866211, 119.442749023, 29.0751743317, -24.1061477661], [-1129.3717041, 307.562530518, 246.312667847, 21.1690387726, 233.574584961, 335.506011963, 434.028106689, 290.273590088, 182.805511475, 170.362014771, 143.676071167, 61.4234809875, -29.9567184448], [-858.354675293, 404.837280273, 220.003829956, 158.084396362, 292.365570068, 320.950592041, 290.273590088, 431.137664795, 135.952468872, 222.556289673, 133.887771606, 113.865005493, 8.50691699982], [-684.165649414, 170.003356934, 10.8689317703, -25.2278461456, 126.539093018, 168.626663208, 182.805511475, 135.952468872, 194.20791626, 120.574874878, 107.432182312, 42.1956176758, 16.8761940002], [-626.916687012, 230.373825073, 119.738052368, 54.7558517456, 162.531280518, 229.312866211, 170.362014771, 222.556289673, 120.574874878, 231.113677979, 113.951454163, 64.7866210938, -1.68027186394], [-598.384094238, 201.1118927, 76.0526580811, 9.20129871368, 107.373580933, 119.442749023, 143.676071167, 133.887771606, 107.432182312, 113.951454163, 171.502288818, 67.0452880859, 35.3335227966], [-318.621459961, 172.373977661, -52.1729125977, 70.268447876, 23.9766407013, 29.0751743317, 61.4234809875, 113.865005493, 42.1956176758, 64.7866210938, 67.0452880859, 156.254867554, 80.7972259521], [23.2894039154, 63.4368286133, -82.7713317871, -5.59581899643, 31.9137554169, -24.1061477661, -29.9567184448, 8.50691699982, 16.8761940002, -1.68027186394, 35.3335227966, 80.7972259521, 156.218566895]]
        icov: [[0.000123208199511, 9.28904701141e-05, 8.1461010268e-05, -0.000175688124727, -0.000240389606915, 9.66816223809e-05, 7.16205249773e-05, 0.000127605497255, 0.000196673994651, -3.51644812326e-05, 8.82952299435e-05, 9.71105400822e-05, -4.02288933401e-05], [9.28904701141e-05, 0.000499937625136, 0.000106209634396, 7.89401667589e-07, -0.000286063004751, -0.000283057801425, 0.000209368474316, -9.76942828856e-05, 0.00024588976521, 0.000187585086678, -0.000192810563021, -0.000356231234036, 0.000102979902294], [8.1461010268e-05, 0.000106209634396, 0.00192196981516, -0.000786332588177, -0.00124373927247, 0.000337629462592, -0.00126030796673, 0.000407772051403, 0.00185603811406, -0.000605923647527, -0.000683175167069, 0.00127716478892, 0.000264139234787], [-0.000175688124727, 7.89401667589e-07, -0.000786332588177, 0.00239415839314, -0.000916702731047, -0.000283285946352, 0.00108327995986, -0.000344557949575, -0.000251032586675, 0.00059404107742, 0.000267231283942, -0.00272004376166, 0.00144494092092], [-0.000240389606915, -0.000286063004751, -0.00124373927247, -0.000916702731047, 0.00590291898698, -0.00252167065628, 0.000546407653019, -0.00206837360747, -0.00202516838908, 0.000999160809442, -0.000463997479528, 0.0024960222654, -0.00287391734309], [9.66816223809e-05, -0.000283057801425, 0.000337629462592, -0.000283285946352, -0.00252167065628, 0.00763469841331, -0.00337368249893, -0.000421289849328, 8.85562039912e-05, -0.00405273819342, 0.00170058559161, 0.0024708234705, -0.000377186544938], [7.16205249773e-05, 0.000209368474316, -0.00126030796673, 0.00108327995986, 0.000546407653019, -0.00337368249893, 0.00883062556386, -0.00278963521123, -0.00429774355143, 0.00348082557321, -0.00179135170765, -0.00289797829464, 0.00289414892904], [0.000127605497255, -9.76942828856e-05, 0.000407772051403, -0.000344557949575, -0.00206837360747, -0.000421289849328, -0.00278963521123, 0.00851575098932, 0.0018492017407, -0.00411801645532, 0.000433593872003, -0.00360333919525, 0.00110476394184], [0.000196673994651, 0.00024588976521, 0.00185603811406, -0.000251032586675, -0.00202516838908, 8.85562039912e-05, -0.00429774355143, 0.0018492017407, 0.0133687574416, -0.00361677748151, -0.00333610759117, 0.00138740101829, -0.00109834154136], [-3.51644812326e-05, 0.000187585086678, -0.000605923647527, 0.00059404107742, 0.000999160809442, -0.00405273819342, 0.00348082557321, -0.00411801645532, -0.00361677748151, 0.0134624764323, -0.00370019278489, -0.00284263025969, 0.00253419671208], [8.82952299435e-05, -0.000192810563021, -0.000683175167069, 0.000267231283942, -0.000463997479528, 0.00170058559161, -0.00179135170765, 0.000433593872003, -0.00333610759117, -0.00370019278489, 0.012559027411, -0.00178763200529, -0.00189261499327], [9.71105400822e-05, -0.000356231234036, 0.00127716478892, -0.00272004376166, 0.0024960222654, 0.0024708234705, -0.00289797829464, -0.00360333919525, 0.00138740101829, -0.00284263025969, -0.00178763200529, 0.0176142267883, -0.00866501033306], [-4.02288933401e-05, 0.000102979902294, 0.000264139234787, 0.00144494092092, -0.00287391734309, -0.000377186544938, 0.00289414892904, 0.00110476394184, -0.00109834154136, 0.00253419671208, -0.00189261499327, -0.00866501033306, 0.0126364910975]]
    spectral_contrast:
        mean: [2.51364411952e-07, 4.702207832e-07, 1.28575479152e-07, -4.94174742016e-07, 2.51969112242e-07, -2.10840838122e-07, -2.55339523392e-06, -5.95693336436e-07, -3.94294602302e-06, -4.38249526269e-06, -4.90396530495e-07, -7.48024149289e-07]
        var: [0.000346190121491, 0.000757671368774, 0.00182942405809, 0.00337304617278, 0.00738699175417, 0.00947297550738, 0.119428679347, 0.197630763054, 0.290042907, 1.0431343317, 1.70737493038, 9.41195678711]

rhythm:
    beats_loudness:
        dmean: 0.00469980575144
        dmean2: 0.00802874751389
        dvar: 1.0492041838e-05
        dvar2: 2.81935353996e-05
        max: 0.012148921378
        mean: 0.00694475276396
        min: 0.000380914716516
        var: 1.57950071298e-05
    beats_loudness_bass:
        dmean: 0.405389249325
        dmean2: 0.822430789471
        dvar: 0.170294120908
        dvar2: 0.348730325699
        max: 0.955346643925
        mean: 0.385067164898
        min: 0.00170473882463
        var: 0.173848226666
    bpm: 90.4213104248
    bpm_confidence: 0
    first_peak_bpm: 181
    first_peak_spread: 0
    first_peak_weight: 0.550000011921
    onset_rate: 5.18391942978
    second_peak_bpm: 90
    second_peak_spread: 0.111111104488
    second_peak_weight: 0.40000000596
    beats_position: [0.171044245362, 0.834605097771, 1.49816608429, 2.1617269516, 2.82528758049, 3.4888484478, 4.15240907669, 4.815969944, 5.47953081131, 6.17293643951, 6.50352811813, 6.83411979675, 7.16471147537, 7.49530315399, 7.82589483261, 8.15648651123, 8.48707866669, 8.81766986847, 9.14826202393, 9.47885322571, 9.80944538116]
    bpm_estimates: [90.5381469727, 90.3970870972, 90.4268035889, 90.3719406128, 90.4644317627, 90.2685470581, 90.4220657349, 90.3558731079, 90.4395599365, 90.5285720825]
    bpm_intervals: [0.66356086731, 0.663560986519, 0.66356086731, 0.663560628891, 0.66356086731, 0.663560628891, 0.66356086731, 0.66356086731, 0.693405628204, 0.330591678619, 0.330591678619, 0.330591678619, 0.330591678619, 0.330591678619, 0.330591678619, 0.330592155457, 0.330591201782, 0.330592155457, 0.330591201782, 0.330592155457]
    onset_times: [0.0696598663926, 0.162539675832, 0.49922901392, 0.731428563595, 0.835918366909, 1.17260766029, 1.40480720997, 1.49768710136, 1.83437645435, 2.15945577621, 2.40326523781, 2.50775504112, 2.72834467888, 2.83283448219, 3.16952371597, 3.40172338486, 3.49460315704, 3.83129262924, 4.06349229813, 4.1679816246, 4.5046710968, 4.82975053787, 5.06195020676, 5.16644001007, 5.38702964783, 5.50312948227, 5.73532867432, 5.8282084465, 6.07201814651, 6.1648979187, 6.39709758759, 6.48997735977, 6.72217702866, 6.82666683197, 7.04725646973, 7.16335582733, 7.38394546509, 7.4884352684, 7.72063493729, 7.83673477173, 8.05732440948, 8.16181373596, 8.39401340485, 8.498503685, 8.73070335388, 8.82358264923, 9.02095222473, 9.16027164459, 9.39247131348, 9.49696159363, 9.72916126251, 9.83365058899]
    rubato_start: [6.50352811813]
    rubato_stop: [6.83411979675]
    perceptual_tempo: "unknown"

sfx:
    inharmonicity:
        dmean: 0.0624783076346
        dmean2: 0.110983557999
        dvar: 0.00524435564876
        dvar2: 0.0147284464911
        max: 0.427386701107
        mean: 0.0585337989032
        min: 0
        var: 0.0055303866975
    oddtoevenharmonicenergyratio:
        dmean: 4.05413532257
        dmean2: 7.83612918854
        dvar: 340.828582764
        dvar2: 1017.18804932
        max: 189.432174683
        mean: 2.37466239929
        min: 0
        var: 176.09602356
    pitch_after_max_to_before_max_energy_ratio: 0.163688987494
    pitch_centroid: 197.802719116
    pitch_max_to_total: 0.810426533222
    pitch_min_to_total: 0.156398102641
    tristimulus:
        dmean: [0.263108432293, 0.331683427095, 0.138906851411]
        dmean2: [0.461439102888, 0.587925314903, 0.246965676546]
        dvar: [0.0570756234229, 0.0741869062185, 0.0295537579805]
        dvar2: [0.134775817394, 0.190163508058, 0.0751972571015]
        max: [1, 0.992914676666, 0.863203883171]
        mean: [0.409426420927, 0.381857663393, 0.118298627436]
        min: [0.00708534615114, 0, 0]
        var: [0.100364759564, 0.101704500616, 0.0308822132647]

tonal:
    chords_changes_rate: 0.0140845067799
    chords_number_rate: 0.00938967149705
    chords_strength:
        dmean: 0.00982835143805
        dmean2: 0.0129036586732
        dvar: 6.73530739732e-05
        dvar2: 0.000101177320175
        max: 0.643881261349
        mean: 0.54693877697
        min: 0.410698235035
        var: 0.00348386913538
    key_strength: 0.631311655045
    tuning_diatonic_strength: 0.557959318161
    tuning_equal_tempered_deviation: 0.248217761517
    tuning_frequency: 453.678466797
    tuning_nontempered_energy_ratio: 0.965489625931
    hpcp:
        dmean: [0.228664562106, 0.177413970232, 0.135941803455, 0.133474141359, 0.163662493229, 0.184104084969, 0.16133621335, 0.170254334807, 0.31128141284, 0.267762333155, 0.1294696033, 0.13073913753, 0.113324463367, 0.104403316975, 0.0963921546936, 0.100247591734, 0.105085380375, 0.0980990752578, 0.0748781114817, 0.0561783984303, 0.0542293936014, 0.0624201260507, 0.136658906937, 0.280373334885, 0.2539293468, 0.181505665183, 0.185441046953, 0.159477844834, 0.237157836556, 0.295594990253, 0.25541856885, 0.216167792678, 0.221815511584, 0.192107379436, 0.188184738159, 0.250703513622]
        dmean2: [0.410189092159, 0.318285256624, 0.239061877131, 0.234874650836, 0.298119872808, 0.333496659994, 0.293367683887, 0.292169004679, 0.548142969608, 0.467772811651, 0.223844990134, 0.232410848141, 0.203643396497, 0.178614586592, 0.165164202452, 0.171984374523, 0.182438507676, 0.170021370053, 0.13187943399, 0.0978395417333, 0.0915371254086, 0.102242082357, 0.233915090561, 0.485780447721, 0.444367647171, 0.315317243338, 0.319114744663, 0.291673988104, 0.415431380272, 0.515861034393, 0.444367498159, 0.393542766571, 0.405040949583, 0.349897623062, 0.328009933233, 0.432229489088]
        dvar: [0.0655016377568, 0.0530214756727, 0.0311841648072, 0.0328391157091, 0.0527797341347, 0.0680813714862, 0.0419439859688, 0.0354279689491, 0.0941685661674, 0.0738531500101, 0.0231869779527, 0.0335299260914, 0.0233876593411, 0.016078280285, 0.0175552591681, 0.0204535908997, 0.0188353806734, 0.0176835674793, 0.0179922487587, 0.00645888084546, 0.00900561083108, 0.00967050343752, 0.0213968660682, 0.0815835446119, 0.054730065167, 0.0563786737621, 0.072978310287, 0.0443617291749, 0.0704004690051, 0.10220695287, 0.079408660531, 0.065873272717, 0.0789729878306, 0.0642285048962, 0.039951197803, 0.0737374424934]
        dvar2: [0.157781243324, 0.134719029069, 0.085081987083, 0.0886323153973, 0.142227590084, 0.190689012408, 0.117468893528, 0.101342663169, 0.18309943378, 0.137856051326, 0.0574399232864, 0.0899941921234, 0.0621042177081, 0.0410704240203, 0.0390060842037, 0.0498716160655, 0.051172811538, 0.0436604954302, 0.0453702919185, 0.0180329196155, 0.0259694289416, 0.0190310329199, 0.0581222884357, 0.186719164252, 0.130847737193, 0.14179033041, 0.193104282022, 0.120141230524, 0.184439748526, 0.21118183434, 0.196872085333, 0.172907665372, 0.205914199352, 0.166524231434, 0.10507299751, 0.194224447012]
        max: [1, 1, 1, 1, 1, 1, 1, 1, 1, 1, 1, 1, 0.827191710472, 0.809309720993, 1, 1, 1, 0.93005001545, 1, 0.471325755119, 0.859309196472, 1, 0.99154073, 1, 1, 1, 1, 1, 1, 1, 1, 1, 1, 1, 1, 1]
        mean: [0.211983963847, 0.154775202274, 0.134324774146, 0.126763835549, 0.142309635878, 0.151984542608, 0.148140072823, 0.207938358188, 0.371198326349, 0.326103150845, 0.152123391628, 0.124081090093, 0.109841957688, 0.104358591139, 0.109521940351, 0.11165587604, 0.109606772661, 0.0981916487217, 0.0722484439611, 0.0523463189602, 0.0567604973912, 0.0700654685497, 0.171387895942, 0.377100378275, 0.349862545729, 0.19758541882, 0.154436081648, 0.139514908195, 0.24620898068, 0.345190107822, 0.266531586647, 0.173765957355, 0.174899145961, 0.166716784239, 0.187254458666, 0.240502923727]
        min: [0, 0, 0, 0, 0, 0, 0, 0, 0.000170005907421, 5.06552823936e-05, 8.86122361408e-05, 4.33688073826e-05, 0, 0, 0, 0, 0, 0, 0, 0, 0, 0, 0, 0, 0, 0, 0, 0, 0, 0, 0, 0, 0, 0, 0, 0]
        var: [0.0732963010669, 0.0496078506112, 0.0323907211423, 0.0332346968353, 0.046195782721, 0.055776912719, 0.0403677970171, 0.0483695566654, 0.129959687591, 0.102515824139, 0.0271115973592, 0.0326441191137, 0.0235477909446, 0.0207444150001, 0.0247250255197, 0.0251393783838, 0.0193377137184, 0.019807536155, 0.018206268549, 0.00662128766999, 0.00876991078258, 0.0146028120071, 0.0270777512342, 0.126554593444, 0.093268468976, 0.0695166289806, 0.0664876624942, 0.0415967255831, 0.0909866914153, 0.145374163985, 0.0888404771686, 0.0551489405334, 0.063823133707, 0.0552286356688, 0.0450444743037, 0.0863160416484]
    chords_histogram: [0, 0, 0, 9.38967132568, 0, 0, 0, 0, 0, 0, 90.6103286743, 0, 0, 0, 0, 0, 0, 0, 0, 0, 0, 0, 0, 0]
    thpcp: [1, 0.927770316601, 0.523959755898, 0.409535735846, 0.369967550039, 0.652900397778, 0.915379881859, 0.70679217577, 0.460794955492, 0.463799983263, 0.442101866007, 0.496563971043, 0.637768983841, 0.562142014503, 0.410435020924, 0.356204301119, 0.336154103279, 0.377378672361, 0.403034716845, 0.3928399086, 0.551413834095, 0.984348833561, 0.864764869213, 0.403402924538, 0.3290399611, 0.291280418634, 0.276739567518, 0.290431797504, 0.296090602875, 0.290656745434, 0.26038596034, 0.191589429975, 0.138812690973, 0.150518268347, 0.18580058217, 0.454488784075]
    chords_key: "E"
    chords_scale: "major"
    key_key: "F"
    key_scale: "major"
    chords_progression: ["E", "E", "E", "E", "E", "E", "E", "E", "E", "E", "E", "E", "E", "E", "E", "E", "E", "E", "E", "E", "E", "E", "E", "E", "E", "E", "E", "E", "E", "E", "E", "E", "E", "E", "E", "E", "E", "E", "E", "E", "E", "E", "E", "E", "E", "E", "E", "E", "E", "E", "E", "E", "E", "E", "E", "E", "E", "E", "E", "E", "E", "E", "E", "E", "E", "E", "E", "E", "E", "E", "E", "E", "E", "E", "E", "E", "E", "E", "E", "E", "E", "E", "E", "E", "E", "E", "E", "E", "E", "E", "E", "E", "E", "E", "E", "E", "E", "E", "E", "E", "E", "E", "E", "E", "E", "E", "E", "E", "E", "E", "E", "E", "E", "E", "E", "E", "E", "E", "E", "E", "E", "E", "E", "E", "E", "E", "E", "E", "E", "E", "E", "E", "E", "E", "E", "E", "E", "E", "E", "E", "E", "E", "E", "E", "E", "E", "E", "E", "E", "E", "E", "E", "E", "E", "E", "E", "E", "E", "E", "E", "E", "E", "E", "E", "E", "E", "E", "E", "E", "E", "E", "E", "E", "E", "E", "E", "E", "E", "E", "E", "E", "E", "E", "E", "E", "E", "E", "E", "E", "E", "E", "E", "Em", "E", "Em", "Em", "Em", "Em", "Em", "Em", "Em", "Em", "Em", "Em", "Em", "Em", "Em", "Em", "Em", "Em", "Em", "Em", "Em"]
