
metadata:
    version:
        essentia: "1.2.2"
    audio_properties:
        analysis_sample_rate: 44100
        bitrate: 128
        channels: 2
        equal_loudness: 1
        length: 10.0310201645
        replay_gain: -7.25456237793
        downmix: "mix"
    tags:
        track: 24
        year: 0
        album: "Splitted by Mp3Splt v. 2.1"
        artist: "From 003.50 To 004.00"
        comment: "http://mp3splt.sf.net"
        genre: ""
        title: "12 Pigeonhole.mp3"

highlevel:
    ballroom:
        all:
            ChaChaCha: 0.0472189188004
            Jive: 0.864913702011
            Quickstep: 0.0123460367322
            Rumba-American: 0.00032939814264
            Rumba-International: 0.00122781947721
            Rumba-Misc: 0.000722519180272
            Samba: 0.0503170453012
            Tango: 0.00106062402483
            VienneseWaltz: 0.0205779746175
            Waltz: 0.00128597184084
        probability: 0.864913702011
        value: "Jive"
    culture:
        all:
            non_western: 0.122424222529
            western: 0.877575755119
        probability: 0.877575755119
        value: "western"
    gender:
        all:
            female: 0.13844896853
            male: 0.861551046371
        probability: 0.861551046371
        value: "male"
    genre_dortmund:
        all:
            alternative: 0.0460394620895
            blues: 0.00599005399272
            electronic: 0.0175514239818
            folkcountry: 0.00837793666869
            funksoulrnb: 0.0263241883367
            jazz: 0.00421954737976
            pop: 0.0215340685099
            raphiphop: 0.0059966808185
            rock: 0.86396664381
        probability: 0.86396664381
        value: "rock"
    genre_electronica:
        all:
            ambient: 0.112242765725
            dnb: 0.681856632233
            house: 0.0148182008415
            techno: 0.0312865301967
            trance: 0.159795865417
        probability: 0.681856632233
        value: "dnb"
    genre_rosamerica:
        all:
            cla: 0.00256476434879
            dan: 0.00365427415818
            hip: 0.00709391245618
            jaz: 0.000827896525152
            pop: 0.00218898197636
            rhy: 0.00194736791309
            roc: 0.980282127857
            spe: 0.00144066882785
        probability: 0.980282127857
        value: "roc"
    genre_tzanetakis:
        all:
            blu: 0.00414111232385
            cla: 0.00774523755535
            cou: 0.016681374982
            dis: 0.0338271670043
            hip: 0.0388412959874
            jaz: 0.004921968095
            met: 0.726505160332
            pop: 0.0806007683277
            reg: 0.0103474855423
            roc: 0.0763884037733
        probability: 0.726505160332
        value: "met"
    live_studio:
        all:
            live: 0.0317826643586
            studio: 0.96821731329
        probability: 0.96821731329
        value: "studio"
    mood:
        all:
            Cluster1: 0.270878911018
            Cluster2: 0.0943692773581
            Cluster3: 0.00737722311169
            Cluster4: 0.0575072988868
            Cluster5: 0.569867312908
        probability: 0.569867312908
        value: "Cluster5"
    mood_acoustic:
        all:
            acoustic: 0.00439083576202
            not_acoustic: 0.995609164238
        probability: 0.995609164238
        value: "not_acoustic"
    mood_aggressive:
        all:
            aggressive: 0.99981367588
            not_aggressive: 0.000186306919204
        probability: 0.99981367588
        value: "aggressive"
    mood_electronic:
        all:
            electronic: 0.146977081895
            not_electronic: 0.853022933006
        probability: 0.853022933006
        value: "not_electronic"
    mood_happy:
        all:
            happy: 0.0843142271042
            not_happy: 0.915685772896
        probability: 0.915685772896
        value: "not_happy"
    mood_party:
        all:
            not_party: 0.167881011963
            party: 0.832118988037
        probability: 0.832118988037
        value: "party"
    mood_relaxed:
        all:
            not_relaxed: 0.974707484245
            relaxed: 0.0252925157547
        probability: 0.974707484245
        value: "not_relaxed"
    mood_sad:
        all:
            not_sad: 0.998855352402
            sad: 0.00114462687634
        probability: 0.998855352402
        value: "not_sad"
    rhythm:
        all:
            fast: 0.542135179043
            medium: 0.343750923872
            slow: 0.114113934338
        probability: 0.542135179043
        value: "fast"
    speech_music:
        all:
            music: 0.999072909355
            speech: 0.000927110668272
        probability: 0.999072909355
        value: "music"
    timbre:
        all:
            bright: 0.0388104617596
            dark: 0.961189508438
        probability: 0.961189508438
        value: "dark"
    voice_instrumental:
        all:
            instrumental: 0.977345108986
            voice: 0.0226548761129
        probability: 0.977345108986
        value: "instrumental"

lowlevel:
    average_loudness: 0.974524974823
    barkbands_kurtosis:
        dmean: 1.08665823936
        dmean2: 1.81059610844
        dvar: 2.2824037075
        dvar2: 5.88514852524
        max: 13.9551620483
        mean: -0.295656472445
        min: -1.83621382713
        var: 3.57743501663
    barkbands_skewness:
        dmean: 0.510696709156
        dmean2: 0.828326284885
        dvar: 0.188893824816
        dvar2: 0.49664619565
        max: 3.30195212364
        mean: -0.637886822224
        min: -3.52181172371
        var: 0.707956075668
    barkbands_spread:
        dmean: 6.63973617554
        dmean2: 10.6691007614
        dvar: 32.65234375
        dvar2: 89.2084884644
        max: 59.5035591125
        mean: 31.3239459991
        min: 8.57035827637
        var: 71.6430892944
    dissonance:
        dmean: 0.01191069372
        dmean2: 0.0198029447347
        dvar: 0.000202420895221
        dvar2: 0.000379666744266
        max: 0.499738126993
        mean: 0.481477499008
        min: 0.277348995209
        var: 0.000275866041193
    hfc:
        dmean: 3.4284658432
        dmean2: 5.43390417099
        dvar: 12.5888795853
        dvar2: 33.9353065491
        max: 34.4140892029
        mean: 11.0989770889
        min: 0.0514188930392
        var: 37.1298828125
    pitch:
        dmean: 939.628479004
        dmean2: 1793.24035645
        dvar: 1464113
        dvar2: 3441702
        max: 4009.09082031
        mean: 2102.09741211
        min: 73.1343307495
        var: 2386653.75
    pitch_instantaneous_confidence:
        dmean: 0.0813138186932
        dmean2: 0.135004892945
        dvar: 0.00468135857955
        dvar2: 0.0127083128318
        max: 0.706730544567
        mean: 0.374370545149
        min: 0.13496619463
        var: 0.0158402957022
    pitch_salience:
        dmean: 0.051797952503
        dmean2: 0.0892119333148
        dvar: 0.00193140399642
        dvar2: 0.00480447150767
        max: 0.838465154171
        mean: 0.687174081802
        min: 0.277468025684
        var: 0.00381740950979
    silence_rate_20dB:
        dmean: 0
        dmean2: 0
        dvar: 0
        dvar2: 0
        max: 1
        mean: 1
        min: 1
        var: 0
    silence_rate_30dB:
        dmean: 0
        dmean2: 0
        dvar: 0
        dvar2: 0
        max: 1
        mean: 1
        min: 1
        var: 0
    silence_rate_60dB:
        dmean: 0.111111111939
        dmean2: 0.220417633653
        dvar: 0.0987654700875
        dvar2: 0.204316481948
        max: 1
        mean: 0.175519630313
        min: 0
        var: 0.144712731242
    spectral_centroid:
        dmean: 306.213500977
        dmean2: 497.323150635
        dvar: 69719.8203125
        dvar2: 181437.40625
        max: 3357.95288086
        mean: 2103.39453125
        min: 439.79864502
        var: 331928.84375
    spectral_complexity:
        dmean: 4.8723897934
        dmean2: 7.35116291046
        dvar: 21.0533332825
        dvar2: 46.5952911377
        max: 43
        mean: 20.0972213745
        min: 0
        var: 57.1711273193
    spectral_crest:
        dmean: 1.90931522846
        dmean2: 3.22428488731
        dvar: 3.55191659927
        dvar2: 10.2847766876
        max: 21.1992683411
        mean: 6.57114219666
        min: 2.72362327576
        var: 5.76386404037
    spectral_decrease:
        dmean: 3.95962679312e-10
        dmean2: 6.07042416334e-10
        dvar: 1.61691540501e-19
        dvar2: 4.12655514636e-19
        max: -5.63770774856e-12
        mean: -1.11117248736e-09
        min: -3.15504888881e-09
        var: 2.88197893822e-19
    spectral_energy:
        dmean: 0.00177717057522
        dmean2: 0.00273549370468
        dvar: 3.11682038046e-06
        dvar2: 7.95213873062e-06
        max: 0.0150293596089
        mean: 0.00520052900538
        min: 2.59418302448e-05
        var: 6.16850047663e-06
    spectral_energyband_high:
        dmean: 0.000218964720261
        dmean2: 0.00037155643804
        dvar: 1.13551870129e-07
        dvar2: 3.15519770311e-07
        max: 0.00299382256344
        mean: 0.000427916122135
        min: 1.94327685676e-06
        var: 1.33575142058e-07
    spectral_energyband_low:
        dmean: 0.0002124542807
        dmean2: 0.000381010904675
        dvar: 2.24441976115e-07
        dvar2: 6.07432809829e-07
        max: 0.00265221437439
        mean: 0.000209523102967
        min: 8.90637785744e-09
        var: 1.69999452737e-07
    spectral_energyband_middle_high:
        dmean: 0.00098332692869
        dmean2: 0.00156258314382
        dvar: 8.696552527e-07
        dvar2: 2.18379705075e-06
        max: 0.00935876835138
        mean: 0.00312353717163
        min: 1.81740379048e-05
        var: 2.58892873717e-06
    spectral_energyband_middle_low:
        dmean: 0.00076274946332
        dmean2: 0.00124174589291
        dvar: 7.40315783787e-07
        dvar2: 1.87967532383e-06
        max: 0.00583731243387
        mean: 0.00143954681698
        min: 5.81563881497e-06
        var: 1.10579958346e-06
    spectral_flatness_db:
        dmean: 0.0235244035721
        dmean2: 0.033480618149
        dvar: 0.000414067879319
        dvar2: 0.000781917769928
        max: 0.281047135592
        mean: 0.162120178342
        min: 0.0749276131392
        var: 0.00131908222102
    spectral_flux:
        dmean: 0.00917572155595
        dmean2: 0.0136153111234
        dvar: 8.76197518664e-05
        dvar2: 0.000166492682183
        max: 0.0885636284947
        mean: 0.0468853265047
        min: 0.00509331235662
        var: 0.000177549940418
    spectral_kurtosis:
        dmean: 1.93539917469
        dmean2: 3.11523294449
        dvar: 3.17977547646
        dvar2: 8.26475429535
        max: 15.5805473328
        mean: 5.27239131927
        min: 0.185757637024
        var: 4.99804973602
    spectral_rms:
        dmean: 0.000375735486159
        dmean2: 0.000563571811654
        dvar: 1.23385717643e-07
        dvar2: 2.92908708843e-07
        max: 0.00382920214906
        mean: 0.00218917964958
        min: 0.000159088347573
        var: 2.81179893591e-07
    spectral_rolloff:
        dmean: 268.79019165
        dmean2: 463.614440918
        dvar: 134111.21875
        dvar2: 382582.21875
        max: 4543.50585938
        mean: 3494.36035156
        min: 301.46484375
        var: 298126.40625
    spectral_skewness:
        dmean: 0.301741629839
        dmean2: 0.462806522846
        dvar: 0.0775103494525
        dvar2: 0.173995822668
        max: 3.50091433525
        mean: 1.33414173126
        min: -0.157682970166
        var: 0.206775322556
    spectral_spread:
        dmean: 964345.1875
        dmean2: 1247433.5
        dvar: 1.19554401894e+12
        dvar2: 2.19309382042e+12
        max: 11241802
        mean: 3818609
        min: 1881932.25
        var: 2.61642597171e+12
    spectral_strongpeak:
        dmean: 0.829141199589
        dmean2: 1.43366611004
        dvar: 0.928642988205
        dvar2: 2.51566195488
        max: 6.55282735825
        mean: 0.93959659338
        min: 0.00687565840781
        var: 1.23767149448
    zerocrossingrate:
        dmean: 0.00798696745187
        dmean2: 0.00983262155205
        dvar: 4.99456727994e-05
        dvar2: 7.12333639967e-05
        max: 0.15869140625
        mean: 0.112306945026
        min: 0.03271484375
        var: 0.000566822651308
    barkbands:
        dmean: [3.09116842345e-07, 9.24218620639e-05, 0.000133172943606, 0.000153636574396, 0.000343251216691, 0.000165085235494, 6.7753935582e-05, 3.74652518076e-05, 0.000292723358143, 9.71621484496e-05, 0.000107068211946, 0.000110253407911, 4.92759572808e-05, 3.30973853124e-05, 6.94247210049e-05, 0.00013032827701, 0.000297716294881, 0.000292679091217, 0.000287452683551, 0.000312965887133, 0.000114972535812, 1.62880423886e-05, 2.94076585305e-06, 4.37708376921e-06, 6.8693866524e-06, 2.9367214438e-07, 1.92184090864e-09]
        dmean2: [4.47434786111e-07, 0.000173900567461, 0.000231462123338, 0.000264089554548, 0.000577175000217, 0.000284949986963, 0.000116249495477, 6.30860158708e-05, 0.000473042775411, 0.000158784445375, 0.000179574184585, 0.000186646095244, 8.40945285745e-05, 5.32975245733e-05, 0.000115892740723, 0.000214289859287, 0.000504871248268, 0.000491487677209, 0.000487440556753, 0.000536280218512, 0.000195410000742, 2.58259169641e-05, 4.61396439277e-06, 6.92920730216e-06, 1.10191922431e-05, 4.74281875995e-07, 2.8725422041e-09]
        dvar: [3.09247256709e-13, 3.91532033461e-08, 8.91370035561e-08, 3.56560008186e-08, 1.68807957834e-07, 6.21204137019e-08, 1.58383599569e-08, 2.97626945311e-09, 2.07771378768e-07, 2.22070006828e-08, 3.80863625082e-08, 3.28387912418e-08, 4.5348533817e-09, 1.30516764063e-09, 6.6526397724e-09, 3.87706542426e-08, 1.21241797046e-07, 1.71628158796e-07, 1.07446489039e-07, 1.37565479008e-07, 4.05191151742e-08, 8.53218773411e-10, 2.59526029139e-11, 1.38902001012e-10, 4.15269874043e-10, 6.56579608391e-13, 6.58802903435e-17]
        dvar2: [5.3356575885e-13, 1.1288233992e-07, 2.27206172099e-07, 9.32265464826e-08, 4.5244365765e-07, 1.65299169907e-07, 4.04268085674e-08, 7.89609089225e-09, 4.96418977036e-07, 5.49695187146e-08, 1.01267858099e-07, 8.89641000867e-08, 1.1783756193e-08, 3.31395755282e-09, 1.72774861085e-08, 1.11037159911e-07, 3.35615908398e-07, 4.80826429339e-07, 3.02622055415e-07, 4.16738345166e-07, 1.14766457671e-07, 2.10598893879e-09, 5.65105254258e-11, 3.36056155126e-10, 1.01330077662e-09, 1.62121889264e-12, 7.78709549193e-17]
        max: [3.20185631608e-06, 0.00105510849971, 0.00184450682718, 0.00119988375809, 0.00501096341759, 0.00162064202596, 0.00119329628069, 0.000474381871754, 0.00314923329279, 0.00142317602877, 0.00186984590255, 0.00164691568352, 0.000591069867369, 0.000252770463703, 0.000878613325767, 0.00318991742097, 0.00409208191559, 0.00358140282333, 0.00349505618215, 0.0036131227389, 0.00185963849071, 0.000270994903985, 4.40903240815e-05, 0.000126932776766, 0.000220071262447, 7.53477797844e-06, 1.58126837846e-07]
        mean: [3.8006385239e-07, 8.77711936482e-05, 0.000121383287478, 0.00022278240067, 0.000558099069167, 0.000180371964234, 7.50404942664e-05, 4.00256867579e-05, 0.000349712994648, 0.000106753373984, 0.000109943997813, 0.000123542165966, 6.24495005468e-05, 5.46184783161e-05, 0.000113723472168, 0.000241466928856, 0.000608308997471, 0.000564811052755, 0.000657823984511, 0.000694232585374, 0.000196617809706, 1.77697602339e-05, 3.2552011362e-06, 3.85033035855e-06, 5.54831922273e-06, 2.49820402587e-07, 1.72016989541e-09]
        min: [5.56259274753e-11, 3.697042672e-09, 4.98306729213e-09, 1.09274829185e-08, 9.05511612359e-08, 4.89824785177e-08, 2.93556070119e-07, 4.18450810002e-07, 4.3902773541e-06, 1.05127014649e-06, 8.67064386512e-07, 1.66853146766e-06, 2.73368164017e-06, 1.27848011289e-06, 2.39463588514e-07, 2.0936843157e-06, 2.1945509161e-06, 4.36943446402e-06, 9.53873836806e-07, 1.42882538512e-06, 9.60513148129e-07, 4.6520700181e-08, 2.09019201947e-09, 4.14341627675e-09, 2.88118084946e-09, 1.00570274331e-10, 1.01858171691e-13]
        var: [5.35202090979e-13, 2.82567960141e-08, 7.10699765705e-08, 3.96389872037e-08, 2.84583819621e-07, 6.05824794775e-08, 1.35363125153e-08, 3.16274229029e-09, 2.65385239118e-07, 2.2145373535e-08, 3.02787803719e-08, 2.70631410615e-08, 4.5366395085e-09, 2.1356874047e-09, 1.11507523215e-08, 5.5096400331e-08, 2.08430208204e-07, 2.13259312432e-07, 2.96594464544e-07, 3.99020279929e-07, 3.70177311027e-08, 8.68880578597e-10, 3.17781530257e-11, 1.24495330711e-10, 3.57915586058e-10, 5.65688067136e-13, 6.5737075601e-17]
    mfcc:
        mean: [-707.316955566, 116.445495605, -74.1370239258, 67.8534393311, -10.3319683075, -15.889257431, 12.8465490341, -5.84922456741, 3.63907146454, -11.7564458847, -13.0461969376, -6.43690872192, -8.06806755066]
        cov: [[1826.38830566, -756.750854492, 659.551025391, -457.112854004, 40.7307434082, -42.0357208252, -116.590766907, 83.3167266846, -49.2106552124, 5.509765625, 35.3914489746, -91.506690979, -18.3516311646], [-756.750854492, 846.403137207, -396.403411865, 179.673156738, -84.5661315918, 39.2083740234, 31.5087089539, -11.733042717, 45.0701370239, 30.4077682495, 3.78164434433, 29.9983406067, 15.5160112381], [659.551025391, -396.403411865, 546.854980469, -267.12512207, 127.019020081, -7.9396739006, -59.3269500732, 25.4854793549, -36.1515884399, -7.29359292984, 19.37241745, -29.684797287, 6.68269872665], [-457.112854004, 179.673156738, -267.12512207, 501.573059082, -20.7280864716, 27.4686546326, 124.274780273, -49.8608474731, 24.9236545563, -20.9585132599, -25.2020778656, 61.109085083, -0.888329386711], [40.7307434082, -84.5661315918, 127.019020081, -20.7280864716, 161.972640991, 15.1730794907, -6.51781272888, 0.852228164673, -4.07894563675, -3.72990655899, -5.07744169235, 3.95611000061, 14.0103826523], [-42.0357208252, 39.2083740234, -7.9396739006, 27.4686546326, 15.1730794907, 67.1942138672, 23.2659492493, 11.8246488571, 8.86221790314, -2.48727297783, 9.12055110931, 10.7313432693, 6.4160618782], [-116.590766907, 31.5087089539, -59.3269500732, 124.274780273, -6.51781272888, 23.2659492493, 130.416793823, 4.40076684952, 22.9978370667, 1.32595312595, -11.803481102, 33.1882972717, -1.68880534172], [83.3167266846, -11.733042717, 25.4854793549, -49.8608474731, 0.852228164673, 11.8246488571, 4.40076684952, 70.1181640625, 14.1140584946, 24.9626083374, 8.88569641113, -6.32731437683, 3.32224297523], [-49.2106552124, 45.0701370239, -36.1515884399, 24.9236545563, -4.07894563675, 8.86221790314, 22.9978370667, 14.1140584946, 69.0626220703, 31.3911075592, 17.6672649384, 5.879945755, -4.43787813187], [5.509765625, 30.4077682495, -7.29359292984, -20.9585132599, -3.72990655899, -2.48727297783, 1.32595312595, 24.9626083374, 31.3911075592, 66.8228988647, 23.6053695679, -0.508607685566, -2.92082738876], [35.3914489746, 3.78164434433, 19.37241745, -25.2020778656, -5.07744169235, 9.12055110931, -11.803481102, 8.88569641113, 17.6672649384, 23.6053695679, 50.3441085815, 8.98319149017, -0.412588775158], [-91.506690979, 29.9983406067, -29.684797287, 61.109085083, 3.95611000061, 10.7313432693, 33.1882972717, -6.32731437683, 5.879945755, -0.508607685566, 8.98319149017, 49.1197471619, 13.9493741989], [-18.3516311646, 15.5160112381, 6.68269872665, -0.888329386711, 14.0103826523, 6.4160618782, -1.68880534172, 3.32224297523, -4.43787813187, -2.92082738876, -0.412588775158, 13.9493741989, 42.4150466919]]
        icov: [[0.00139345799107, 0.000693826470524, -0.00118720228784, 0.000145553727634, 0.000933583942242, 4.86448225274e-05, 0.000145609054016, -0.000893405231182, 6.85213381075e-05, -1.31777301249e-06, -0.000437670154497, 0.00105933647137, -4.63410724478e-05], [0.000693826470524, 0.00228236080147, 0.000786215008702, 0.000119001597341, 0.000574381265324, -0.00109689834062, 0.000479597627418, -5.22092959727e-05, -0.000281364627881, -0.000836248626001, -0.000107974294224, 0.000380158220651, -0.000869820243679], [-0.00118720228784, 0.000786215008702, 0.00534813385457, 0.0014951848425, -0.0032901042141, -0.000124922502437, -0.00070621969644, 0.000603787484579, 0.00103345140815, 0.00048076864914, -0.00167615676764, -0.000170946368598, -0.000401169760153], [0.000145553727634, 0.000119001597341, 0.0014951848425, 0.00400201044977, -0.000664371531457, -0.000562791479751, -0.00234843557701, 0.00197668955661, -0.000449227431091, 0.000568449497223, 0.000724309764337, -0.00210665608756, 0.000615959812421], [0.000933583942242, 0.000574381265324, -0.0032901042141, -0.000664371531457, 0.00923705566674, -0.00247295992449, 0.00137557147536, 0.000222886345, -0.00109379400965, -0.00121678377036, 0.0029745104257, -0.000776503933594, -0.00185540993698], [4.86448225274e-05, -0.00109689834062, -0.000124922502437, -0.000562791479751, -0.00247295992449, 0.0193965174258, -0.00338208139874, -0.00435782084242, -0.000561874941923, 0.00500268163159, -0.00626981537789, 0.000764190335758, -0.00150695093907], [0.000145609054016, 0.000479597627418, -0.00070621969644, -0.00234843557701, 0.00137557147536, -0.00338208139874, 0.0136952064931, -0.00243198894896, -0.00361760449596, -0.00100357504562, 0.00655968487263, -0.00810076203197, 0.00302300252952], [-0.000893405231182, -5.22092959727e-05, 0.000603787484579, 0.00197668955661, 0.000222886345, -0.00435782084242, -0.00243198894896, 0.0202401094139, -0.00135437014978, -0.00682083331048, 0.00133379967883, 0.00210271868855, -0.00280775455758], [6.85213381075e-05, -0.000281364627881, 0.00103345140815, -0.000449227431091, -0.00109379400965, -0.000561874941923, -0.00361760449596, -0.00135437014978, 0.021706186235, -0.0075195170939, -0.00568973645568, 0.00192036514636, 0.00143506214954], [-1.31777301249e-06, -0.000836248626001, 0.00048076864914, 0.000568449497223, -0.00121678377036, 0.00500268163159, -0.00100357504562, -0.00682083331048, -0.0075195170939, 0.0251277461648, -0.00931160431355, 0.00155407248531, 0.000722899509128], [-0.000437670154497, -0.000107974294224, -0.00167615676764, 0.000724309764337, 0.0029745104257, -0.00626981537789, 0.00655968487263, 0.00133379967883, -0.00568973645568, -0.00931160431355, 0.0324715189636, -0.0120863160118, 0.00330624054186], [0.00105933647137, 0.000380158220651, -0.000170946368598, -0.00210665608756, -0.000776503933594, 0.000764190335758, -0.00810076203197, 0.00210271868855, 0.00192036514636, 0.00155407248531, -0.0120863160118, 0.0355306342244, -0.0115391276777], [-4.63410724478e-05, -0.000869820243679, -0.000401169760153, 0.000615959812421, -0.00185540993698, -0.00150695093907, 0.00302300252952, -0.00280775455758, 0.00143506214954, 0.000722899509128, 0.00330624054186, -0.0115391276777, 0.0291589591652]]
    spectral_contrast:
        mean: [-8.4827966873e-08, 5.58646945592e-07, -1.71604810362e-08, -3.01817487669e-10, 4.65575062947e-08, 1.00807042713e-08, 1.9968936158e-06, -1.54827205279e-06, 1.24134953694e-06, -3.77944502361e-07, -1.95529446501e-06, -4.39791207896e-08]
        var: [0.000462878524559, 0.000614571967162, 0.0010033530416, 0.00152915448416, 0.00192129099742, 0.00314838485792, 0.0536398254335, 0.0936154946685, 0.138842597604, 0.286996334791, 0.378984421492, 1.62747740746]

rhythm:
    beats_loudness:
        dmean: 0.00257867760956
        dmean2: 0.00511226430535
        dvar: 4.82488803755e-06
        dvar2: 1.44926907524e-05
        max: 0.0112077724189
        mean: 0.00530948769301
        min: 0.00234274636023
        var: 4.76519926451e-06
    beats_loudness_bass:
        dmean: 0.0979979634285
        dmean2: 0.162692964077
        dvar: 0.0109849097207
        dvar2: 0.0256606061012
        max: 0.43820258975
        mean: 0.101506650448
        min: 0.0114706875756
        var: 0.00870464835316
    bpm: 90.2258148193
    bpm_confidence: 0
    first_peak_bpm: 90
    first_peak_spread: 0
    first_peak_weight: 0.470588237047
    onset_rate: 5.78206348419
    second_peak_bpm: 136
    second_peak_spread: 0
    second_peak_weight: 0.470588237047
    beats_position: [0.0703197047114, 0.735321760178, 1.4003238678, 2.06532597542, 2.73032808304, 3.39533019066, 4.06033229828, 4.72533416748, 5.39033651352, 6.31590747833, 6.75583028793, 7.19575309753, 7.63567590714, 8.07559967041, 8.5155210495, 8.95544528961, 9.3953666687, 9.83528995514]
    bpm_estimates: [90.2968063354, 90.4479904175, 90.4501647949, 89.9310455322, 90.0031051636]
    bpm_intervals: [0.665002048016, 0.66500210762, 0.66500210762, 0.66500210762, 0.66500210762, 0.66500210762, 0.665001869202, 0.665002346039, 0.925570964813, 0.439922809601, 0.439922809601, 0.439922809601, 0.439923763275, 0.439921379089, 0.439924240112, 0.439921379089, 0.439923286438]
    onset_times: [0.0348299331963, 0.18575963378, 0.27863946557, 0.487619042397, 0.650158703327, 0.719818592072, 0.847528338432, 0.952018141747, 1.17260766029, 1.31192743778, 1.4164172411, 1.52090704441, 1.96208620071, 2.06657600403, 2.28716564178, 2.49614500999, 2.62385487556, 2.72834467888, 2.94893431664, 3.20435380936, 3.39011335373, 3.62231302261, 3.75002264977, 3.84290242195, 4.051882267, 4.27247142792, 4.38857126236, 4.5046710968, 4.73687076569, 5.1780500412, 5.41024923325, 5.51473903656, 5.61922883987, 5.83981847763, 6.07201814651, 6.17650794983, 6.43192720413, 6.51319742203, 6.73378705978, 6.9543762207, 7.2910656929, 7.41877555847, 7.6277551651, 7.74385499954, 7.97605419159, 8.08054447174, 8.19664382935, 8.28952407837, 8.42884349823, 8.51011371613, 8.71909332275, 8.96290206909, 9.07900238037, 9.17188167572, 9.39247131348, 9.61306095123, 9.72916126251, 9.97297096252]
    rubato_start: [6.75583028793]
    rubato_stop: [9.83528995514]
    perceptual_tempo: "unknown"

sfx:
    inharmonicity:
        dmean: 0.0627765282989
        dmean2: 0.11254837364
        dvar: 0.00386877031997
        dvar2: 0.0109051540494
        max: 0.367462873459
        mean: 0.0756770297885
        min: 0.000700803997461
        var: 0.00425749784335
    oddtoevenharmonicenergyratio:
        dmean: 2.49195098877
        dmean2: 4.55832099915
        dvar: 44.07862854
        dvar2: 126.602294922
        max: 66.4043655396
        mean: 1.76024901867
        min: 0.00523304846138
        var: 27.2518768311
    pitch_after_max_to_before_max_energy_ratio: 89.7900390625
    pitch_centroid: 219.211929321
    pitch_max_to_total: 0.050925925374
    pitch_min_to_total: 0.925925910473
    tristimulus:
        dmean: [0.152648866177, 0.309596449137, 0.179228886962]
        dmean2: [0.265345185995, 0.538579106331, 0.326616406441]
        dvar: [0.019424861297, 0.0600543096662, 0.0317444801331]
        dvar2: [0.0550119616091, 0.163362950087, 0.0843677148223]
        max: [0.850176692009, 0.982039749622, 0.858163654804]
        mean: [0.257212132215, 0.462011307478, 0.166313365102]
        min: [0.0179602541029, 0, 0]
        var: [0.0351749695837, 0.0789358317852, 0.0355520918965]

tonal:
    chords_changes_rate: 0.10599078238
    chords_number_rate: 0.0322580635548
    chords_strength:
        dmean: 0.0119256498292
        dmean2: 0.0142665952444
        dvar: 8.27689509606e-05
        dvar2: 0.000148477745824
        max: 0.509597063065
        mean: 0.410035133362
        min: 0.271581858397
        var: 0.00309326360002
    key_strength: 0.45244756341
    tuning_diatonic_strength: 0.370657235384
    tuning_equal_tempered_deviation: 0.225662440062
    tuning_frequency: 438.731048584
    tuning_nontempered_energy_ratio: 0.890975177288
    hpcp:
        dmean: [0.203968331218, 0.203403398395, 0.17843991518, 0.133430168033, 0.151164591312, 0.177346006036, 0.16622120142, 0.159296646714, 0.127176210284, 0.148386448622, 0.251109719276, 0.260229319334, 0.190813049674, 0.119425855577, 0.139863044024, 0.177974909544, 0.190147593617, 0.187129020691, 0.208056524396, 0.206962585449, 0.190233007073, 0.201870068908, 0.208128899336, 0.173004791141, 0.187104985118, 0.212777450681, 0.197591081262, 0.189934238791, 0.167301341891, 0.125388801098, 0.116262301803, 0.140534073114, 0.141260534525, 0.153849303722, 0.143652707338, 0.199169263244]
        dmean2: [0.354303568602, 0.346119910479, 0.301041513681, 0.218869492412, 0.250745385885, 0.303053766489, 0.2712918818, 0.268467277288, 0.215920880437, 0.259837418795, 0.408737897873, 0.441861242056, 0.319320142269, 0.210770100355, 0.228898584843, 0.290610194206, 0.312235981226, 0.310918867588, 0.356033295393, 0.346609413624, 0.311762064695, 0.338585197926, 0.353852808475, 0.300133168697, 0.313557893038, 0.349855601788, 0.331569135189, 0.331260830164, 0.300980716944, 0.215456947684, 0.205106571317, 0.247473284602, 0.243072718382, 0.267654627562, 0.239858195186, 0.344044327736]
        dvar: [0.0364529378712, 0.0328205414116, 0.0284876860678, 0.015379072167, 0.017829310149, 0.024908259511, 0.0248707067221, 0.0238911416382, 0.0176210906357, 0.0204894058406, 0.0440666116774, 0.0555822886527, 0.0298276692629, 0.019425669685, 0.0141872577369, 0.0257562790066, 0.0295011028647, 0.028408979997, 0.03395646438, 0.0309166423976, 0.0242863129824, 0.0322353206575, 0.0351108796895, 0.0306749735028, 0.0375055260956, 0.0415959618986, 0.0312367640436, 0.0347869358957, 0.0286502745003, 0.0183037668467, 0.0179918799549, 0.0275402143598, 0.0172262527049, 0.0256063118577, 0.0201380942017, 0.0402271822095]
        dvar2: [0.099463313818, 0.0854792743921, 0.0719467997551, 0.0405872538686, 0.0473154559731, 0.0598580241203, 0.0646519437432, 0.0646660402417, 0.0519127249718, 0.0607638470829, 0.119644857943, 0.134533181787, 0.0871020033956, 0.0541348569095, 0.0356998816133, 0.0568437837064, 0.0722693279386, 0.0804235115647, 0.0995404347777, 0.0870580747724, 0.0671060308814, 0.0773911476135, 0.0923421829939, 0.0820469260216, 0.090244486928, 0.10772433877, 0.0762916505337, 0.0999534055591, 0.0843792557716, 0.0488866940141, 0.0515763275325, 0.0761264562607, 0.0442805960774, 0.0698298364878, 0.0600952468812, 0.121473170817]
        max: [1, 1, 1, 0.952980399132, 1, 1, 1, 1, 1, 1, 1, 1, 1, 1, 1, 1, 1, 1, 1, 1, 1, 1, 1, 1, 1, 1, 1, 1, 1, 1, 1, 1, 0.922285914421, 1, 1, 1]
        mean: [0.400281667709, 0.384093612432, 0.322315841913, 0.292188376188, 0.378894776106, 0.423575997353, 0.378287732601, 0.313629090786, 0.223335683346, 0.228607192636, 0.435438513756, 0.522686719894, 0.330415248871, 0.201942905784, 0.268094927073, 0.410875111818, 0.406215041876, 0.340934693813, 0.381761968136, 0.372647225857, 0.376364439726, 0.456085205078, 0.392291754484, 0.281794279814, 0.301313519478, 0.328392833471, 0.324563592672, 0.33254891634, 0.29127907753, 0.216676980257, 0.190455779433, 0.198447003961, 0.221045076847, 0.229242965579, 0.260684370995, 0.348669618368]
        min: [0.0158349294215, 0.00777012808248, 0.00978376809508, 0.0130309946835, 0.0207858495414, 0.0243115201592, 0.0187218524516, 0.0177565254271, 0.0146402744576, 0.0184779483825, 0.0230168290436, 0.0165788009763, 0.0191877819598, 0.0124858189374, 0.0131793925539, 0.0172393098474, 0.0151947783306, 0.00948986038566, 0.00693252449855, 0.00114769069478, 0.0454966910183, 0.0557577572763, 0.0432618185878, 0.0284714493901, 0.0232884194702, 0.0117911519483, 0.0124996071681, 0.00909147970378, 0.0119174066931, 0.0221269354224, 0.016702933237, 0.0152215510607, 0.0108147915453, 0.00736506888643, 0.0124237118289, 0.0267049483955]
        var: [0.0605423115194, 0.0585877411067, 0.044239807874, 0.0361986905336, 0.0722985416651, 0.0828425884247, 0.0516501963139, 0.036740116775, 0.0195845346898, 0.0253108330071, 0.0759917497635, 0.102609664202, 0.0458816215396, 0.0195645522326, 0.0275123994797, 0.0796686187387, 0.0791629701853, 0.0418938584626, 0.0556058399379, 0.0618039742112, 0.046214081347, 0.0662871301174, 0.0576004274189, 0.0382847897708, 0.0520622693002, 0.0606410242617, 0.0548940859735, 0.0567478723824, 0.0419304966927, 0.0288607720286, 0.0266218092293, 0.0306253321469, 0.0252235028893, 0.0292880386114, 0.0301821697503, 0.0510096438229]
    chords_histogram: [0, 0, 7.8341012001, 7.37327194214, 0, 6.45161294937, 5.99078321457, 0, 0, 0, 16.5898609161, 0, 0.921658992767, 0, 0, 0, 0, 0, 0, 0, 0, 8.75576019287, 46.082950592, 0]
    thpcp: [1, 0.632147789001, 0.386355519295, 0.512917041779, 0.786082923412, 0.777167320251, 0.652273476124, 0.73038393259, 0.712945640087, 0.720057427883, 0.872578501701, 0.750529408455, 0.539126515388, 0.57647061348, 0.628278493881, 0.620952427387, 0.636229872704, 0.557272791862, 0.414544641972, 0.364378452301, 0.379667192698, 0.422901660204, 0.438585788012, 0.498739242554, 0.66707187891, 0.765815615654, 0.73484480381, 0.616652071476, 0.559012413025, 0.724898397923, 0.810382187366, 0.723737001419, 0.600032627583, 0.427284032106, 0.437369436026, 0.833077430725]
    chords_key: "G#"
    chords_scale: "major"
    key_key: "D#"
    key_scale: "major"
    chords_progression: ["C", "C", "C", "C", "C", "C", "C", "C", "C", "C", "C", "C", "C", "Fm", "Fm", "Fm", "Fm", "Fm", "Fm", "Fm", "Fm", "Fm", "Fm", "Fm", "Fm", "Fm", "Fm", "Fm", "D", "Fm", "Fm", "D", "D", "D", "D", "Fm", "Fm", "D", "D", "D", "D", "D", "D", "D", "D", "D", "D", "D", "D", "D", "D", "D", "D", "D", "D", "D", "D", "D", "D", "G#", "G#", "G#", "G#", "G#", "G#", "G#", "G#", "G#", "G#", "G#", "G#", "G#", "G#", "G#", "G#", "G#", "G#", "G#", "G#", "G#", "G#", "G#", "G#", "G#", "G#", "G#", "A", "G#", "G#", "G#", "G#", "G#", "G#", "G#", "G#", "G#", "G#", "G#", "G#", "G#", "G#", "G#", "G#", "G#", "G#", "G#", "G#", "G#", "G#", "G#", "G#", "G#", "G#", "G#", "G#", "G#", "G#", "A#", "A#", "A#", "A#", "A#", "A#", "A#", "A#", "A#", "A#", "A#", "A#", "A#", "Dm", "Dm", "Dm", "Dm", "Dm", "Dm", "Dm", "Dm", "Dm", "A#", "Dm", "A#", "Am", "Am", "Am", "Am", "Am", "Am", "Am", "Am", "A#", "A#", "Am", "Am", "Am", "Am", "Am", "Am", "A", "G#", "G#", "G#", "G#", "G#", "G#", "G#", "G#", "G#", "G#", "G#", "G#", "G#", "G#", "G#", "G#", "G#", "G#", "G#", "G#", "G#", "G#", "G#", "G#", "G#", "G#", "G#", "G#", "G#", "G#", "G#", "G#", "G#", "G#", "G#", "G#", "G#", "G#", "G#", "G#", "G#", "D", "G#", "G#", "D", "D", "D", "D", "D", "D", "D", "D", "Dm", "Dm", "Dm", "Dm", "Dm", "Dm"]
