
metadata:
    version:
        essentia: "1.2.2"
    audio_properties:
        analysis_sample_rate: 44100
        bitrate: 128
        channels: 2
        equal_loudness: 1
        length: 10.0310201645
        replay_gain: -8.01301765442
        downmix: "mix"
    tags:
        track: 15
        year: 0
        album: "Splitted by Mp3Splt v. 2.1"
        artist: "From 002.20 To 002.30"
        comment: "http://mp3splt.sf.net"
        genre: ""
        title: "06 We Can Talk.mp3"

highlevel:
    ballroom:
        all:
            ChaChaCha: 0.139137744904
            Jive: 0.285842657089
            Quickstep: 0.26874884963
            Rumba-American: 0.0184499286115
            Rumba-International: 0.026924693957
            Rumba-Misc: 0.0193931497633
            Samba: 0.161556020379
            Tango: 0.0283119566739
            VienneseWaltz: 0.0377439744771
            Waltz: 0.013891030103
        probability: 0.285842657089
        value: "Jive"
    culture:
        all:
            non_western: 0.0597669072449
            western: 0.940233111382
        probability: 0.940233111382
        value: "western"
    gender:
        all:
            female: 0.834393799305
            male: 0.165606230497
        probability: 0.834393799305
        value: "female"
    genre_dortmund:
        all:
            alternative: 0.0664112344384
            blues: 0.131869181991
            electronic: 0.00982577074319
            folkcountry: 0.291175812483
            funksoulrnb: 0.0351737625897
            jazz: 0.157991886139
            pop: 0.0936099365354
            raphiphop: 0.0151565214619
            rock: 0.198785915971
        probability: 0.291175812483
        value: "folkcountry"
    genre_electronica:
        all:
            ambient: 0.276383548975
            dnb: 0.290633529425
            house: 0.145576089621
            techno: 0.0198968853801
            trance: 0.267509937286
        probability: 0.290633529425
        value: "dnb"
    genre_rosamerica:
        all:
            cla: 0.0201878603548
            dan: 0.0199384596199
            hip: 0.0047888206318
            jaz: 0.0238583367318
            pop: 0.646180689335
            rhy: 0.203217193484
            roc: 0.0795806348324
            spe: 0.00224802689627
        probability: 0.646180689335
        value: "pop"
    genre_tzanetakis:
        all:
            blu: 0.00574061833322
            cla: 0.00449876207858
            cou: 0.246306851506
            dis: 0.13448022306
            hip: 0.003835108364
            jaz: 0.00623430451378
            met: 0.00454095331952
            pop: 0.388519108295
            reg: 0.0420214682817
            roc: 0.163822606206
        probability: 0.388519108295
        value: "pop"
    live_studio:
        all:
            live: 0.0122705148533
            studio: 0.987729489803
        probability: 0.987729489803
        value: "studio"
    mood:
        all:
            Cluster1: 0.158331751823
            Cluster2: 0.441646307707
            Cluster3: 0.14499334991
            Cluster4: 0.171565935016
            Cluster5: 0.0834626704454
        probability: 0.441646307707
        value: "Cluster2"
    mood_acoustic:
        all:
            acoustic: 0.152500733733
            not_acoustic: 0.847499251366
        probability: 0.847499251366
        value: "not_acoustic"
    mood_aggressive:
        all:
            aggressive: 0.0566031709313
            not_aggressive: 0.943396806717
        probability: 0.943396806717
        value: "not_aggressive"
    mood_electronic:
        all:
            electronic: 0.0106184650213
            not_electronic: 0.989381551743
        probability: 0.989381551743
        value: "not_electronic"
    mood_happy:
        all:
            happy: 0.949702262878
            not_happy: 0.0502977631986
        probability: 0.949702262878
        value: "happy"
    mood_party:
        all:
            not_party: 0.599683403969
            party: 0.400316625834
        probability: 0.599683403969
        value: "not_party"
    mood_relaxed:
        all:
            not_relaxed: 0.987485826015
            relaxed: 0.0125141786411
        probability: 0.987485826015
        value: "not_relaxed"
    mood_sad:
        all:
            not_sad: 0.466303825378
            sad: 0.533696174622
        probability: 0.533696174622
        value: "sad"
    rhythm:
        all:
            fast: 0.939512193203
            medium: 0.0368231832981
            slow: 0.023664612323
        probability: 0.939512193203
        value: "fast"
    speech_music:
        all:
            music: 0.999121069908
            speech: 0.000878946739249
        probability: 0.999121069908
        value: "music"
    timbre:
        all:
            bright: 0.996092736721
            dark: 0.00390726234764
        probability: 0.996092736721
        value: "bright"
    voice_instrumental:
        all:
            instrumental: 0.00153316836804
            voice: 0.998466849327
        probability: 0.998466849327
        value: "voice"

lowlevel:
    average_loudness: 0.969195961952
    barkbands_kurtosis:
        dmean: 1.18309056759
        dmean2: 1.93420910835
        dvar: 3.0053768158
        dvar2: 7.83508300781
        max: 22.7887458801
        mean: 0.399363338947
        min: -1.742882967
        var: 5.98311281204
    barkbands_skewness:
        dmean: 0.464463710785
        dmean2: 0.703357756138
        dvar: 0.193852901459
        dvar2: 0.438439339399
        max: 4.71831846237
        mean: 0.642970740795
        min: -2.2923104763
        var: 0.926544845104
    barkbands_spread:
        dmean: 5.66725158691
        dmean2: 8.76168727875
        dvar: 25.6928062439
        dvar2: 58.2537727356
        max: 52.7131958008
        mean: 25.2236728668
        min: 5.98154497147
        var: 96.3023986816
    dissonance:
        dmean: 0.0231904760003
        dmean2: 0.0385627783835
        dvar: 0.000455469882581
        dvar2: 0.00137731083669
        max: 0.499126374722
        mean: 0.453179895878
        min: 0.317725509405
        var: 0.00100727006793
    hfc:
        dmean: 2.39841151237
        dmean2: 3.46842050552
        dvar: 15.9317836761
        dvar2: 37.6868247986
        max: 40.9760742188
        mean: 5.53606271744
        min: 0.0616149865091
        var: 32.4046173096
    pitch:
        dmean: 238.566635132
        dmean2: 464.458984375
        dvar: 536935.625
        dvar2: 1517549.375
        max: 4009.09082031
        mean: 387.702484131
        min: 73.5
        var: 352334.03125
    pitch_instantaneous_confidence:
        dmean: 0.104396447539
        dmean2: 0.162473529577
        dvar: 0.00984117761254
        dvar2: 0.020018806681
        max: 0.928180277348
        mean: 0.507051646709
        min: 0.158723831177
        var: 0.0393972620368
    pitch_salience:
        dmean: 0.0697633773088
        dmean2: 0.112187191844
        dvar: 0.00365424458869
        dvar2: 0.00949219148606
        max: 0.809506714344
        mean: 0.583599686623
        min: 0.239360198379
        var: 0.0087982499972
    silence_rate_20dB:
        dmean: 0
        dmean2: 0
        dvar: 0
        dvar2: 0
        max: 1
        mean: 1
        min: 1
        var: 0
    silence_rate_30dB:
        dmean: 0
        dmean2: 0
        dvar: 0
        dvar2: 0
        max: 1
        mean: 1
        min: 1
        var: 0
    silence_rate_60dB:
        dmean: 0.152777776122
        dmean2: 0.306264489889
        dvar: 0.129436910152
        dvar2: 0.263510197401
        max: 1
        mean: 0.482678979635
        min: 0
        var: 0.249700427055
    spectral_centroid:
        dmean: 270.622528076
        dmean2: 406.061584473
        dvar: 88978.6640625
        dvar2: 193751.828125
        max: 3186.54760742
        mean: 1287.46252441
        min: 321.530395508
        var: 345487.1875
    spectral_complexity:
        dmean: 3.16241288185
        dmean2: 4.69999980927
        dvar: 21.7416477203
        dvar2: 47.1402702332
        max: 41
        mean: 10.0347223282
        min: 0
        var: 49.6261520386
    spectral_crest:
        dmean: 2.42572212219
        dmean2: 4.00389957428
        dvar: 5.3958029747
        dvar2: 12.4267864227
        max: 23.6364383698
        mean: 8.6502122879
        min: 2.90972423553
        var: 17.0459938049
    spectral_decrease:
        dmean: 3.29686167255e-10
        dmean2: 4.77000272614e-10
        dvar: 1.9154972331e-19
        dvar2: 3.97760189003e-19
        max: -1.01263268604e-11
        mean: -9.2969587584e-10
        min: -3.94324617403e-09
        var: 5.192425704e-19
    spectral_energy:
        dmean: 0.00143162161112
        dmean2: 0.00205979961902
        dvar: 3.70667771676e-06
        dvar2: 7.74159434513e-06
        max: 0.0167461037636
        mean: 0.004011021927
        min: 4.38075439888e-05
        var: 9.85783935903e-06
    spectral_energyband_high:
        dmean: 0.000145373807754
        dmean2: 0.000222895178013
        dvar: 1.09827020367e-07
        dvar2: 2.8861404644e-07
        max: 0.00389590091072
        mean: 0.000212260347325
        min: 2.41702173298e-06
        var: 1.22556414794e-07
    spectral_energyband_low:
        dmean: 0.000163243952557
        dmean2: 0.000279564439552
        dvar: 1.38859604704e-07
        dvar2: 3.57188781663e-07
        max: 0.00348702631891
        mean: 0.000196520297322
        min: 8.32646605886e-07
        var: 1.42948266557e-07
    spectral_energyband_middle_high:
        dmean: 0.000708446488716
        dmean2: 0.00105370488018
        dvar: 1.01851321688e-06
        dvar2: 2.40880194724e-06
        max: 0.00800766889006
        mean: 0.00167299120221
        min: 1.08888525574e-05
        var: 2.80092399407e-06
    spectral_energyband_middle_low:
        dmean: 0.00080919143511
        dmean2: 0.00119844859
        dvar: 1.54504164129e-06
        dvar2: 3.55136990038e-06
        max: 0.0135919917375
        mean: 0.00192924588919
        min: 2.555521678e-05
        var: 3.44801287611e-06
    spectral_flatness_db:
        dmean: 0.0227978657931
        dmean2: 0.0349576994777
        dvar: 0.000432556349551
        dvar2: 0.000947079213802
        max: 0.290163904428
        mean: 0.167478248477
        min: 0.0808089151978
        var: 0.00162275286857
    spectral_flux:
        dmean: 0.0105501059443
        dmean2: 0.0162692032754
        dvar: 0.000131324515678
        dvar2: 0.000278718332993
        max: 0.104957953095
        mean: 0.0360736809671
        min: 0.00661872653291
        var: 0.00033275684109
    spectral_kurtosis:
        dmean: 1.96504092216
        dmean2: 3.09591007233
        dvar: 3.72591257095
        dvar2: 9.22111034393
        max: 15.8922023773
        mean: 4.62008428574
        min: -0.531920909882
        var: 8.9675245285
    spectral_rms:
        dmean: 0.000346036249539
        dmean2: 0.000482956704218
        dvar: 1.52834871869e-07
        dvar2: 2.82185311562e-07
        max: 0.00404198747128
        mean: 0.00183382653631
        min: 0.000206734286621
        var: 5.50269817268e-07
    spectral_rolloff:
        dmean: 548.721984863
        dmean2: 906.547912598
        dvar: 422214.09375
        dvar2: 902485.75
        max: 5447.90039062
        mean: 2411.8684082
        min: 236.865234375
        var: 1266913.75
    spectral_skewness:
        dmean: 0.25569409132
        dmean2: 0.396436154842
        dvar: 0.0576452277601
        dvar2: 0.126072585583
        max: 3.22872614861
        mean: 1.57968521118
        min: 0.596657514572
        var: 0.188381031156
    spectral_spread:
        dmean: 857357.0625
        dmean2: 1090343.5
        dvar: 1.20266149069e+12
        dvar2: 2.39959303782e+12
        max: 12429589
        mean: 4540844
        min: 2166713.5
        var: 3.34349546291e+12
    spectral_strongpeak:
        dmean: 0.522469043732
        dmean2: 0.877700388432
        dvar: 0.721593558788
        dvar2: 1.66478025913
        max: 8.34057044983
        mean: 0.828403413296
        min: 0.00414574192837
        var: 1.31921970844
    zerocrossingrate:
        dmean: 0.00975542888045
        dmean2: 0.0110442405567
        dvar: 7.73808205849e-05
        dvar2: 0.000100675555586
        max: 0.154296875
        mean: 0.0762351676822
        min: 0.0166015625
        var: 0.000705718179233
    barkbands:
        dmean: [1.71370459157e-07, 2.46760937443e-05, 0.000144338147948, 0.000150746433064, 0.000313647295116, 0.000167513397173, 7.5425079558e-05, 0.000108495303721, 0.000343109160895, 7.62614654377e-05, 0.000108430074761, 7.56859735702e-05, 0.00012420481653, 7.60119801271e-05, 7.61921692174e-05, 8.51832519402e-05, 7.52810519771e-05, 0.000112737543532, 0.000177867797902, 0.000141731943586, 6.73313625157e-05, 2.86667491309e-05, 7.3176765909e-06, 2.48060450758e-06, 2.322584578e-06, 1.32218715976e-07, 4.20641688148e-10]
        dmean2: [2.38601927549e-07, 4.36979717051e-05, 0.000249381788308, 0.000236669453443, 0.000519540393725, 0.000262947491137, 0.000115420851216, 0.000154443696374, 0.00053070508875, 0.000118990254123, 0.000166587720742, 0.000118912452308, 0.000203080140636, 0.000119269934657, 0.000124018959468, 0.000126819766592, 0.000115789182018, 0.000175642810063, 0.000260913919192, 0.00024659812334, 0.000106393046735, 4.59832881461e-05, 1.17311492431e-05, 3.7170318592e-06, 3.49206356987e-06, 2.00423471597e-07, 6.99380220404e-10]
        dvar: [1.47971221322e-13, 3.86884613235e-09, 1.13331751095e-07, 5.18383735937e-08, 3.88694189724e-07, 5.03874844071e-08, 1.82365482715e-08, 3.90948393658e-08, 9.43859049585e-07, 3.33729062163e-08, 6.04898247047e-08, 3.05924530153e-08, 9.19910192465e-08, 3.05273708534e-08, 2.17816786829e-08, 5.2475403578e-08, 1.89532300965e-08, 4.59417037746e-08, 1.03989663103e-07, 1.10368382877e-07, 2.12158521862e-08, 4.99093122386e-09, 4.66276517397e-10, 3.44778025574e-11, 3.18753530515e-11, 1.25790220254e-13, 2.60973043078e-18]
        dvar2: [2.72470766652e-13, 1.07732303078e-08, 2.88487143507e-07, 1.27490935142e-07, 1.09476843591e-06, 1.21752577797e-07, 3.72936952431e-08, 7.58203881901e-08, 2.19573871618e-06, 9.42115221392e-08, 1.25020775954e-07, 6.54424852087e-08, 1.99246358079e-07, 7.35414005248e-08, 5.59321478022e-08, 9.59576809123e-08, 4.45118040204e-08, 1.07727345267e-07, 2.15869619069e-07, 2.7266764846e-07, 5.42811733339e-08, 1.32929933727e-08, 1.13823284131e-09, 6.86059264954e-11, 6.18950030118e-11, 2.54055104862e-13, 3.318348351e-18]
        max: [3.94163680539e-06, 0.000526914664079, 0.00331228459254, 0.00261725322343, 0.00719529623166, 0.00199170061387, 0.00229643820785, 0.00229699909687, 0.0130143063143, 0.00212425761856, 0.00289369793609, 0.00224423175678, 0.00484091276303, 0.00215078378096, 0.00128077622503, 0.00315828970633, 0.0017313696444, 0.00227203662507, 0.00359853007831, 0.00322867860086, 0.00183173990808, 0.000855927064549, 0.000246380514, 5.70389165659e-05, 5.92183423578e-05, 3.36275002155e-06, 3.07788567966e-08]
        mean: [2.43841213887e-07, 2.79328687611e-05, 0.000168350787135, 0.000256167229963, 0.00052743172273, 0.000310894160066, 0.000132930756081, 0.000170477680513, 0.00051579385763, 0.000129920110339, 0.000188003890798, 0.000103477585071, 0.000171826904989, 9.32271505008e-05, 0.000103005244455, 0.000147249331349, 0.000128029991174, 0.000194620792172, 0.000293846940622, 0.000204649506486, 9.18976802495e-05, 3.74181727238e-05, 8.10449273558e-06, 2.84014663521e-06, 2.54857559412e-06, 1.35082075303e-07, 3.6051228669e-10]
        min: [1.03442629462e-10, 2.90404411629e-08, 4.43767191882e-07, 6.05323521086e-07, 8.20529294288e-06, 3.30969584184e-07, 1.29550380734e-06, 1.5996562297e-06, 3.50260211235e-06, 4.83992323552e-07, 2.14501838514e-07, 2.56938818666e-07, 1.59274850375e-06, 7.88971817656e-07, 1.41486765415e-07, 5.08308801273e-07, 1.2500718185e-06, 3.33140576458e-07, 1.39856024362e-06, 1.74160061306e-06, 6.41644419375e-07, 9.10273314503e-08, 1.00606962761e-08, 3.4100557933e-09, 2.03856509451e-09, 1.54735377289e-10, 4.3692957916e-14]
        var: [2.81314142987e-13, 3.1891767005e-09, 1.18167207575e-07, 1.28240444042e-07, 7.07906792741e-07, 1.00462706598e-07, 3.68463339839e-08, 9.98894478244e-08, 1.68088138253e-06, 6.19428703885e-08, 1.60248120551e-07, 5.08789028686e-08, 1.57684070246e-07, 3.69784594056e-08, 2.85426118296e-08, 1.47218671032e-07, 3.80026534685e-08, 1.01928790741e-07, 2.47319690061e-07, 1.67984282484e-07, 2.38249278084e-08, 4.80247663859e-09, 4.9073861641e-10, 5.15910474064e-11, 5.06845850012e-11, 1.74998267288e-13, 2.54714801358e-18]
    mfcc:
        mean: [-737.4609375, 128.539978027, -51.8410797119, 44.8413734436, -25.1865711212, -4.52337408066, -7.4789390564, -9.22718238831, -7.5842165947, -9.01383113861, -5.89798927307, -10.6101808548, -7.7322063446]
        cov: [[3410.30053711, -1237.06481934, 391.18359375, -95.333190918, -8.56614303589, 64.612197876, 84.2880630493, 150.959945679, 112.523262024, 52.0272293091, 122.849769592, -1.38696086407, -51.9752388], [-1237.06481934, 1102.48693848, -358.056640625, 84.8710021973, -45.7401313782, 4.66283464432, 9.73156070709, -3.88471388817, -38.799282074, -58.0313034058, 4.32079792023, 26.6422805786, -49.2637710571], [391.18359375, -358.056640625, 605.924926758, -84.8916015625, 172.554992676, 36.6877593994, 6.31050825119, 29.5989151001, 89.4793548584, 44.3543052673, 5.82170391083, 11.8492670059, 24.1327438354], [-95.333190918, 84.8710021973, -84.8916015625, 255.312805176, 29.1288719177, -0.535241663456, -6.77715349197, -46.8518981934, 13.7626914978, 54.6051483154, -25.5692405701, -18.571264267, 24.627325058], [-8.56614303589, -45.7401313782, 172.554992676, 29.1288719177, 213.336547852, 27.4911499023, -10.5971622467, -30.9574279785, 28.606803894, 51.1661148071, -5.55731582642, -3.78048920631, 27.5932312012], [64.612197876, 4.66283464432, 36.6877593994, -0.535241663456, 27.4911499023, 112.035125732, 33.1596069336, 24.6090049744, 21.2480278015, -10.2375116348, 19.7946128845, 30.8983764648, -9.94446372986], [84.2880630493, 9.73156070709, 6.31050825119, -6.77715349197, -10.5971622467, 33.1596069336, 122.577514648, 37.9581947327, -18.0353107452, -12.1599407196, 11.8191051483, 7.49797487259, -9.50639533997], [150.959945679, -3.88471388817, 29.5989151001, -46.8518981934, -30.9574279785, 24.6090049744, 37.9581947327, 126.569831848, 20.5123691559, -37.7850112915, 38.4136619568, 26.2488918304, -22.5808124542], [112.523262024, -38.799282074, 89.4793548584, 13.7626914978, 28.606803894, 21.2480278015, -18.0353107452, 20.5123691559, 111.302436829, 36.1594352722, 1.1247446537, 12.5070209503, 6.08755254745], [52.0272293091, -58.0313034058, 44.3543052673, 54.6051483154, 51.1661148071, -10.2375116348, -12.1599407196, -37.7850112915, 36.1594352722, 131.249816895, 9.01086711884, -9.98941707611, 22.2277565002], [122.849769592, 4.32079792023, 5.82170391083, -25.5692405701, -5.55731582642, 19.7946128845, 11.8191051483, 38.4136619568, 1.1247446537, 9.01086711884, 119.93221283, 27.6707248688, -34.3746070862], [-1.38696086407, 26.6422805786, 11.8492670059, -18.571264267, -3.78048920631, 30.8983764648, 7.49797487259, 26.2488918304, 12.5070209503, -9.98941707611, 27.6707248688, 84.5493392944, 15.9167032242], [-51.9752388, -49.2637710571, 24.1327438354, 24.627325058, 27.5932312012, -9.94446372986, -9.50639533997, -22.5808124542, 6.08755254745, 22.2277565002, -34.3746070862, 15.9167032242, 95.5729751587]]
        icov: [[0.000603966705967, 0.000723880832084, 7.26353318896e-05, -0.000137090595672, 5.87299691688e-05, -4.9297374062e-05, -0.00033843840356, -0.000373636954464, -0.000417434202973, 1.14516642498e-05, -0.000380889076041, 9.34367653826e-06, 0.000459915900137], [0.000723880832084, 0.00211403542198, 0.000926298496779, -0.000434186978964, -0.000528075557668, 0.000146654623677, -0.000579056970309, -0.000404497346608, -0.000745144032408, 0.000504580384586, -0.000290835596388, -0.000764864613302, 0.00132878811564], [7.26353318896e-05, 0.000926298496779, 0.0033251484856, 0.00106655550189, -0.00255190604366, 0.00019988999702, -0.000604564440437, -0.000544127542526, -0.00194249628112, 8.20762943476e-05, 0.000170291212271, -0.000280366512015, 0.000183972253581], [-0.000137090595672, -0.000434186978964, 0.00106655550189, 0.00527143385261, -0.000774543383159, -0.000602080079261, -0.000338868849212, 0.000927725806832, -0.000931172340643, -0.00173346430529, 0.000635465548839, 0.000993786146864, -0.0010540363146], [5.87299691688e-05, -0.000528075557668, -0.00255190604366, -0.000774543383159, 0.00777646107599, -0.00226869317703, 0.000747778452933, 0.00136553891934, 0.00069400848588, -0.00163609336596, -0.000442224321887, 0.0011722848285, -0.00149850267917], [-4.9297374062e-05, 0.000146654623677, 0.00019988999702, -0.000602080079261, -0.00226869317703, 0.0125279678032, -0.00341485114768, 0.000277226383332, -0.00267945323139, 0.00200374587439, -0.00058370619081, -0.00422960426658, 0.00203694636002], [-0.00033843840356, -0.000579056970309, -0.000604564440437, -0.000338868849212, 0.000747778452933, -0.00341485114768, 0.0108064170927, -0.00345699326135, 0.00389191647992, -0.00135290052276, 0.000791463651694, 0.000647682114504, -0.000312105636112], [-0.000373636954464, -0.000404497346608, -0.000544127542526, 0.000927725806832, 0.00136553891934, 0.000277226383332, -0.00345699326135, 0.013206070289, -0.00391240185127, 0.00384408491664, -0.00304543529637, -0.00147860194556, 0.000403616577387], [-0.000417434202973, -0.000745144032408, -0.00194249628112, -0.000931172340643, 0.00069400848588, -0.00267945323139, 0.00389191647992, -0.00391240185127, 0.0140861310065, -0.00454551866278, 0.00227282010019, -0.00124330562539, 0.000287378992653], [1.14516642498e-05, 0.000504580384586, 8.20762943476e-05, -0.00173346430529, -0.00163609336596, 0.00200374587439, -0.00135290052276, 0.00384408491664, -0.00454551866278, 0.0122244209051, -0.00361551926471, 0.00122997013386, -0.00191198673565], [-0.000380889076041, -0.000290835596388, 0.000170291212271, 0.000635465548839, -0.000442224321887, -0.00058370619081, 0.000791463651694, -0.00304543529637, 0.00227282010019, -0.00361551926471, 0.0125016830862, -0.00448899017647, 0.00480249524117], [9.34367653826e-06, -0.000764864613302, -0.000280366512015, 0.000993786146864, 0.0011722848285, -0.00422960426658, 0.000647682114504, -0.00147860194556, -0.00124330562539, 0.00122997013386, -0.00448899017647, 0.0173184387386, -0.0063435556367], [0.000459915900137, 0.00132878811564, 0.000183972253581, -0.0010540363146, -0.00149850267917, 0.00203694636002, -0.000312105636112, 0.000403616577387, 0.000287378992653, -0.00191198673565, 0.00480249524117, -0.0063435556367, 0.015542444773]]
    spectral_contrast:
        mean: [-3.83706236562e-07, -5.656922486e-09, 7.22809829767e-08, 5.5878490457e-07, 8.5793779192e-08, -2.69738613667e-08, 4.52988388133e-06, -3.37428514285e-06, -1.88213391539e-07, 4.80148537463e-06, -6.35368962776e-07, 4.08409096053e-06]
        var: [0.000687744119205, 0.00122221652418, 0.00223163072951, 0.00317708728835, 0.00439864955842, 0.00714469607919, 0.054461684078, 0.083201251924, 0.113658480346, 0.426774144173, 0.55524456501, 2.07515835762]

rhythm:
    beats_loudness:
        dmean: 0.00278428848833
        dmean2: 0.00506037054583
        dvar: 5.23532298757e-06
        dvar2: 1.10067549031e-05
        max: 0.0116875246167
        mean: 0.00752806663513
        min: 0.00181596097536
        var: 9.80032291409e-06
    beats_loudness_bass:
        dmean: 0.105083160102
        dmean2: 0.190112933517
        dvar: 0.00569457421079
        dvar2: 0.0167037267238
        max: 0.277576833963
        mean: 0.109723635018
        min: 0.00381557852961
        var: 0.00713484548032
    bpm: 105.25933075
    bpm_confidence: 0
    first_peak_bpm: 107
    first_peak_spread: 0.399999976158
    first_peak_weight: 0.5625
    onset_rate: 4.08732128143
    second_peak_bpm: 79
    second_peak_spread: 0
    second_peak_weight: 0.0625
    beats_position: [0.567707419395, 1.12895739079, 1.69020736217, 2.25145745277, 2.81270742416, 3.37395763397, 3.93520760536, 4.49645757675, 5.05770730972, 5.61895751953, 6.38086462021, 6.95628881454, 7.53171348572, 8.10713863373, 8.68256187439, 9.2579870224, 9.83341121674]
    bpm_estimates: [106.227043152, 107.267036438, 106.221725464, 107.329627991, 107.022750854, 107.371002197, 104.096450806, 104.347053528, 104.033470154, 104.378677368, 104.434059143, 104.1459198, 104.302055359, 104.159042358, 104.428642273, 104.384925842]
    bpm_intervals: [0.56124997139, 0.56124997139, 0.561250090599, 0.56124997139, 0.561250209808, 0.56124997139, 0.56124997139, 0.561249732971, 0.561250209808, 0.761907100677, 0.575424194336, 0.575424671173, 0.57542514801, 0.575423240662, 0.57542514801, 0.575424194336]
    onset_times: [0.0464399084449, 0.545668959618, 0.824308395386, 1.1261677742, 1.40480720997, 1.54412698746, 1.71827661991, 2.02013611794, 2.17106580734, 2.26394557953, 2.48453521729, 2.83283448219, 3.33206343651, 3.41333341599, 3.76163268089, 3.98222231865, 4.3073015213, 4.42340135574, 4.5046710968, 4.59755086899, 4.88780021667, 5.21287965775, 5.78176879883, 6.08362817764, 6.35065746307, 6.53641700745, 6.65251684189, 6.86149644852, 6.94276666641, 7.14013624191, 7.51165533066, 7.80190467834, 8.103764534, 8.37079334259, 8.66104316711, 8.98612213135, 9.06739234924, 9.14866256714, 9.26476192474, 9.55501174927, 9.83365058899]
    rubato_start: []
    rubato_stop: []
    perceptual_tempo: "unknown"

sfx:
    inharmonicity:
        dmean: 0.0350428074598
        dmean2: 0.0621878691018
        dvar: 0.00197290140204
        dvar2: 0.00594269298017
        max: 0.277746796608
        mean: 0.0353904254735
        min: 0.000225546536967
        var: 0.00183926371392
    oddtoevenharmonicenergyratio:
        dmean: 3.02893781662
        dmean2: 5.68513870239
        dvar: 94.2725753784
        dvar2: 273.494628906
        max: 109.504440308
        mean: 2.1430876255
        min: 0.00117699068505
        var: 54.3472862244
    pitch_after_max_to_before_max_energy_ratio: 1.76909887791
    pitch_centroid: 235.07762146
    pitch_max_to_total: 0.608796298504
    pitch_min_to_total: 0.298611104488
    tristimulus:
        dmean: [0.215036004782, 0.229127392173, 0.0947589278221]
        dmean2: [0.368132770061, 0.399664849043, 0.16623544693]
        dvar: [0.0327589511871, 0.0386846289039, 0.00925577897578]
        dvar2: [0.0906734615564, 0.110143214464, 0.0296745114028]
        max: [0.956327736378, 0.97090369463, 0.571997225285]
        mean: [0.414011418819, 0.45930570364, 0.104438334703]
        min: [0.00209539220668, 0, 0]
        var: [0.0495702661574, 0.0522407144308, 0.0099349245429]

tonal:
    chords_changes_rate: 0.0599078349769
    chords_number_rate: 0.0368663594127
    chords_strength:
        dmean: 0.0103206075728
        dmean2: 0.0103143779561
        dvar: 8.23749724077e-05
        dvar2: 9.57968513831e-05
        max: 0.700102746487
        mean: 0.5548568964
        min: 0.352119654417
        var: 0.003993073944
    key_strength: 0.672620415688
    tuning_diatonic_strength: 0.526858627796
    tuning_equal_tempered_deviation: 0.143317773938
    tuning_frequency: 441.272583008
    tuning_nontempered_energy_ratio: 0.763418078423
    hpcp:
        dmean: [0.179822474718, 0.127429410815, 0.0919402092695, 0.0810242816806, 0.096187479794, 0.123916231096, 0.13152398169, 0.120243243873, 0.121812902391, 0.119179457426, 0.113637857139, 0.13186314702, 0.151572167873, 0.145194843411, 0.176542103291, 0.185318246484, 0.0962119102478, 0.0605111159384, 0.0837987884879, 0.125625729561, 0.202268347144, 0.209059536457, 0.178451910615, 0.117420017719, 0.0993912369013, 0.105911999941, 0.107674881816, 0.0984968096018, 0.114521563053, 0.139055892825, 0.127394154668, 0.102746002376, 0.117071896791, 0.128657743335, 0.130639150739, 0.167832404375]
        dmean2: [0.297624111176, 0.213162943721, 0.158821865916, 0.136949047446, 0.160889104009, 0.21382445097, 0.219397157431, 0.20811933279, 0.210541814566, 0.207004532218, 0.188006639481, 0.229661509395, 0.257223755121, 0.253143191338, 0.296805649996, 0.319102168083, 0.162574961782, 0.0979219451547, 0.14197486639, 0.213741675019, 0.324768036604, 0.361760139465, 0.302159994841, 0.204781755805, 0.172495782375, 0.181722298265, 0.185820296407, 0.169250771403, 0.202811852098, 0.232749193907, 0.214541867375, 0.181294888258, 0.2040130198, 0.221709311008, 0.237273514271, 0.271398484707]
        dvar: [0.0400111265481, 0.0271502453834, 0.0247793830931, 0.0176645629108, 0.0280380044132, 0.0392292961478, 0.0290826484561, 0.0344541221857, 0.0316850505769, 0.0326144844294, 0.0367906913161, 0.0382807664573, 0.0464201159775, 0.0378450006247, 0.052620023489, 0.0576759241521, 0.0160615369678, 0.0116472253576, 0.0276473499835, 0.0309654995799, 0.0478568784893, 0.0613351985812, 0.0423926822841, 0.0335286334157, 0.0304237958044, 0.0332062989473, 0.0308116916567, 0.0177280977368, 0.0263570342213, 0.0319377146661, 0.0331430770457, 0.0224905889481, 0.0370260253549, 0.0358695611358, 0.0349778234959, 0.0384086593986]
        dvar2: [0.0904872789979, 0.0761036649346, 0.0667621269822, 0.0422945320606, 0.0698245763779, 0.105136372149, 0.077775657177, 0.0891957953572, 0.0846713632345, 0.0849257558584, 0.0820390582085, 0.0914068520069, 0.115817785263, 0.0938575416803, 0.123370371759, 0.14143396914, 0.0423380993307, 0.0265574678779, 0.0692892819643, 0.0863849893212, 0.115597717464, 0.137741401792, 0.111176922917, 0.0898309499025, 0.0812176689506, 0.0896496027708, 0.0790466293693, 0.0488404557109, 0.076424524188, 0.074658818543, 0.0782704055309, 0.0611315183342, 0.0897849947214, 0.0955484509468, 0.0837723612785, 0.0908312946558]
        max: [1, 1, 1, 1, 1, 1, 1, 1, 1, 1, 1, 1, 1, 1, 1, 1, 0.973087906837, 0.784069955349, 1, 1, 1, 1, 1, 1, 1, 1, 1, 0.772121310234, 1, 1, 1, 1, 1, 1, 1, 1]
        mean: [0.290477186441, 0.160510003567, 0.103022664785, 0.0958669558167, 0.101690962911, 0.159326076508, 0.181018993258, 0.139400914311, 0.118294216692, 0.124613717198, 0.133769124746, 0.161208882928, 0.176516503096, 0.181888148189, 0.290555357933, 0.290940463543, 0.130227044225, 0.0741665363312, 0.0861604437232, 0.131985038519, 0.354382067919, 0.4388872087, 0.241104155779, 0.117231465876, 0.0974970906973, 0.103930599988, 0.125821694732, 0.122307851911, 0.126123920083, 0.241116851568, 0.254101216793, 0.135301560163, 0.118384033442, 0.136219620705, 0.157305732369, 0.271550685167]
        min: [0.00776728847995, 0.00348365819082, 0.00150911940727, 0.00125019135885, 0.000396398070734, 0.00161733664572, 0.00229530828074, 0.00203660386615, 0.00043072499102, 0.00073859578697, 0.0038494116161, 0.00459865946323, 0.00287430686876, 0.00568586261943, 0.00181638624053, 0.00205710111186, 0.0014550947817, 0.00123927649111, 0.00113725848496, 0.00240425416268, 0.00672154687345, 0.00802509486675, 0.00728180771694, 0.000404913909733, 0.000251486577326, 0.000493402068969, 0.000775348278694, 0.000481777038658, 0.00235338136554, 0.00208253460005, 0.00207917601801, 0.00132488063537, 0.00276284501888, 0.00331908394583, 0.00292707234621, 0.0044217039831]
        var: [0.0778261646628, 0.0292150285095, 0.0309132225811, 0.0234730951488, 0.0275574140251, 0.0537746213377, 0.0513174794614, 0.0363345295191, 0.0290484502912, 0.0354612246156, 0.0488939099014, 0.0462231189013, 0.0544416457415, 0.0544950030744, 0.111034311354, 0.112412661314, 0.0243905521929, 0.0183151122183, 0.0353180356324, 0.0316526964307, 0.103525057435, 0.139511346817, 0.0612935237586, 0.0319492332637, 0.0275909602642, 0.0285634119064, 0.0308316349983, 0.0209454391152, 0.0247028898448, 0.0812743082643, 0.104395478964, 0.024830121547, 0.0331977978349, 0.0391262210906, 0.0492985285819, 0.0810572952032]
    chords_histogram: [35.0230407715, 18.4331798553, 0, 0, 0, 0, 0, 0, 0, 0, 5.5299539566, 0, 0, 0, 0, 0.460829496384, 0, 3.68663597107, 1.84331798553, 7.37327194214, 17.0506916046, 0, 10.5990781784, 0]
    thpcp: [1, 0.54935336113, 0.267110705376, 0.222146123648, 0.236804798245, 0.286683440208, 0.278677195311, 0.28737205267, 0.549382269382, 0.578967034817, 0.308283209801, 0.269736796618, 0.310375005007, 0.358419507742, 0.618725419044, 0.66184926033, 0.365720391273, 0.234736084938, 0.21843187511, 0.231701821089, 0.363022834063, 0.412449926138, 0.31762355566, 0.26953214407, 0.283931076527, 0.30479156971, 0.367312788963, 0.4021910429, 0.414430290461, 0.662027418613, 0.662904858589, 0.296720981598, 0.168987691402, 0.196315690875, 0.300726562738, 0.807455897331]
    chords_key: "A"
    chords_scale: "major"
    key_key: "A"
    key_scale: "major"
    chords_progression: ["C", "G#", "G#", "G#", "G#", "G#", "G#", "G#", "G#", "G#", "G#", "G#", "G#", "A", "A", "A", "A", "A", "A", "A", "A", "A", "A", "A", "A", "A", "A", "A", "A", "A", "A", "A", "A", "A", "A", "A", "C#m", "C#m", "C#m", "C#m", "C#m", "C#m", "C#m", "C#m", "C#m", "C#m", "C#m", "C#m", "C#m", "C#m", "C#m", "C#m", "C#m", "C#m", "C#m", "C#m", "C#m", "C#m", "C#m", "C#m", "C#m", "C#m", "C#m", "C#m", "C#m", "C#m", "C#m", "C#m", "C#m", "C#m", "C#m", "C#m", "C#m", "C#m", "C#m", "C#m", "Dm", "D", "D", "D", "D", "D", "D", "D", "D", "D", "D", "D", "D", "D", "D", "D", "D", "D", "D", "D", "D", "D", "D", "D", "Em", "Em", "Em", "Em", "Em", "Em", "Em", "Em", "Em", "Em", "Em", "Em", "Em", "Em", "Em", "Em", "G", "G", "G", "G", "G", "G", "G", "G", "G", "G", "G", "G", "G", "G", "G", "G", "G", "G", "G", "G", "G", "G", "G", "G", "G", "G", "G", "G", "G", "G", "G", "G", "G", "G", "G", "G", "G", "C", "C", "C", "A", "A", "A", "A", "A", "A", "A", "A", "A", "A", "A", "A", "A", "A", "A", "A", "A", "A", "A", "A", "A", "A", "A", "A", "A", "A", "A", "A", "A", "A", "A", "A", "A", "Am", "Am", "Am", "Am", "Am", "Am", "Am", "A", "A", "A", "A", "A", "A", "A", "A", "A", "A", "A", "Am", "A", "A", "A", "A", "A", "A", "A", "A", "A"]
