
metadata:
    version:
        essentia: "1.2.2"
    audio_properties:
        analysis_sample_rate: 44100
        bitrate: 128
        channels: 2
        equal_loudness: 1
        length: 10.0048980713
        replay_gain: -10.9183139801
        downmix: "mix"
    tags:
        track: 40
        year: 0
        album: "Splitted by Mp3Splt v. 2.1"
        artist: "From 006.30 To 006.40"
        comment: "http://mp3splt.sf.net"
        genre: ""
        title: "09 X.Y.U.mp3"

highlevel:
    ballroom:
        all:
            ChaChaCha: 0.0816931501031
            Jive: 0.113925352693
            Quickstep: 0.00138546933886
            Rumba-American: 0.000561178720091
            Rumba-International: 0.00281193316914
            Rumba-Misc: 0.00215959176421
            Samba: 0.794993042946
            Tango: 0.000616443576291
            VienneseWaltz: 0.00138560810592
            Waltz: 0.000468254147563
        probability: 0.794993042946
        value: "Samba"
    culture:
        all:
            non_western: 0.0943563058972
            western: 0.905643701553
        probability: 0.905643701553
        value: "western"
    gender:
        all:
            female: 0.716981709003
            male: 0.283018320799
        probability: 0.716981709003
        value: "female"
    genre_dortmund:
        all:
            alternative: 0.116484291852
            blues: 0.00217854883522
            electronic: 0.0424776263535
            folkcountry: 0.0032380153425
            funksoulrnb: 0.00146645435598
            jazz: 0.111719071865
            pop: 0.0104865785688
            raphiphop: 0.00206406204961
            rock: 0.70988535881
        probability: 0.70988535881
        value: "rock"
    genre_electronica:
        all:
            ambient: 0.0543280169368
            dnb: 0.082089394331
            house: 0.00659841997549
            techno: 0.0253463033587
            trance: 0.831637859344
        probability: 0.831637859344
        value: "trance"
    genre_rosamerica:
        all:
            cla: 0.0180798191577
            dan: 0.262948215008
            hip: 0.0229420196265
            jaz: 0.0205816067755
            pop: 0.0164043568075
            rhy: 0.0520316697657
            roc: 0.603855967522
            spe: 0.0031563276425
        probability: 0.603855967522
        value: "roc"
    genre_tzanetakis:
        all:
            blu: 0.0293758455664
            cla: 0.0314687155187
            cou: 0.0350064598024
            dis: 0.0478425659239
            hip: 0.118074782193
            jaz: 0.11698051542
            met: 0.532899916172
            pop: 0.0289355423301
            reg: 0.0273360423744
            roc: 0.0320796146989
        probability: 0.532899916172
        value: "met"
    live_studio:
        all:
            live: 0.0594306625426
            studio: 0.940569341183
        probability: 0.940569341183
        value: "studio"
    mood:
        all:
            Cluster1: 0.2739405334
            Cluster2: 0.00703117391095
            Cluster3: 0.0033193253912
            Cluster4: 0.00235960795544
            Cluster5: 0.713349342346
        probability: 0.713349342346
        value: "Cluster5"
    mood_acoustic:
        all:
            acoustic: 0.0190602131188
            not_acoustic: 0.980939805508
        probability: 0.980939805508
        value: "not_acoustic"
    mood_aggressive:
        all:
            aggressive: 0.995462477207
            not_aggressive: 0.00453750230372
        probability: 0.995462477207
        value: "aggressive"
    mood_electronic:
        all:
            electronic: 0.910914778709
            not_electronic: 0.0890852212906
        probability: 0.910914778709
        value: "electronic"
    mood_happy:
        all:
            happy: 0.3451410532
            not_happy: 0.6548589468
        probability: 0.6548589468
        value: "not_happy"
    mood_party:
        all:
            not_party: 0.5
            party: 0.5
        probability: 0.5
        value: "not_party"
    mood_relaxed:
        all:
            not_relaxed: 0.807720541954
            relaxed: 0.192279443145
        probability: 0.807720541954
        value: "not_relaxed"
    mood_sad:
        all:
            not_sad: 0.933199465275
            sad: 0.0668005347252
        probability: 0.933199465275
        value: "not_sad"
    rhythm:
        all:
            fast: 0.357216745615
            medium: 0.0983730703592
            slow: 0.544410169125
        probability: 0.544410169125
        value: "slow"
    speech_music:
        all:
            music: 0.999925374985
            speech: 7.4650721217e-05
        probability: 0.999925374985
        value: "music"
    timbre:
        all:
            bright: 0.150499001145
            dark: 0.849501013756
        probability: 0.849501013756
        value: "dark"
    voice_instrumental:
        all:
            instrumental: 0.986864626408
            voice: 0.013135346584
        probability: 0.986864626408
        value: "instrumental"

lowlevel:
    average_loudness: 0.983614861965
    barkbands_kurtosis:
        dmean: 0.337153404951
        dmean2: 0.568667650223
        dvar: 0.142689242959
        dvar2: 0.378683418036
        max: 0.618677616119
        mean: -1.39697897434
        min: -1.89279985428
        var: 0.257821857929
    barkbands_skewness:
        dmean: 0.333297044039
        dmean2: 0.541953682899
        dvar: 0.086469642818
        dvar2: 0.247718721628
        max: 1.55627918243
        mean: 0.376563668251
        min: -1.14476251602
        var: 0.279801487923
    barkbands_spread:
        dmean: 4.37980556488
        dmean2: 7.28833389282
        dvar: 15.3451080322
        dvar2: 43.855594635
        max: 67.1454772949
        mean: 52.9944381714
        min: 34.597530365
        var: 30.0140609741
    dissonance:
        dmean: 0.00671716313809
        dmean2: 0.0111957732588
        dvar: 3.52688985004e-05
        dvar2: 8.24915405246e-05
        max: 0.49983844161
        mean: 0.483796179295
        min: 0.447337687016
        var: 5.75021149416e-05
    hfc:
        dmean: 1.93221211433
        dmean2: 3.08133721352
        dvar: 5.21671247482
        dvar2: 12.6321849823
        max: 24.7452011108
        mean: 9.46272277832
        min: 5.31179830432e-06
        var: 11.1712436676
    pitch:
        dmean: 207.703689575
        dmean2: 412.397338867
        dvar: 350831.875
        dvar2: 831878.8125
        max: 4410
        mean: 3628.67163086
        min: 111.645568848
        var: 462077.03125
    pitch_instantaneous_confidence:
        dmean: 0.068411886692
        dmean2: 0.114060416818
        dvar: 0.00264728115872
        dvar2: 0.00804025493562
        max: 0.690853953362
        mean: 0.458430916071
        min: 0.212480902672
        var: 0.00499055534601
    pitch_salience:
        dmean: 0.0604888610542
        dmean2: 0.0956627428532
        dvar: 0.00308468402363
        dvar2: 0.00739340949804
        max: 0.96070510149
        mean: 0.574532866478
        min: 0.337448954582
        var: 0.0102737909183
    silence_rate_20dB:
        dmean: 0
        dmean2: 0
        dvar: 0
        dvar2: 0
        max: 1
        mean: 1
        min: 1
        var: 0
    silence_rate_30dB:
        dmean: 0
        dmean2: 0
        dvar: 0
        dvar2: 0
        max: 1
        mean: 1
        min: 1
        var: 0
    silence_rate_60dB:
        dmean: 0.0185614842921
        dmean2: 0.0348837226629
        dvar: 0.0182171221823
        dvar2: 0.0429691933095
        max: 1
        mean: 0.0185185186565
        min: 0
        var: 0.0181754957885
    spectral_centroid:
        dmean: 267.779388428
        dmean2: 434.984436035
        dvar: 59039.5117188
        dvar2: 167441.828125
        max: 3082.25878906
        mean: 1605.49255371
        min: 806.536071777
        var: 205594.390625
    spectral_complexity:
        dmean: 3.42558145523
        dmean2: 5.3146853447
        dvar: 11.039809227
        dvar2: 26.0478401184
        max: 43
        mean: 17.3387470245
        min: 0
        var: 27.4583358765
    spectral_crest:
        dmean: 1.78624010086
        dmean2: 2.91359376907
        dvar: 2.43799591064
        dvar2: 6.67275476456
        max: 16.5355377197
        mean: 7.99256038666
        min: 3.379301548
        var: 7.256275177
    spectral_decrease:
        dmean: 3.55970114496e-10
        dmean2: 5.65524349572e-10
        dvar: 2.137864966e-19
        dvar2: 5.52733872632e-19
        max: -6.04256734489e-16
        mean: -1.39700717661e-09
        min: -4.11368805686e-09
        var: 2.6614487095e-19
    spectral_energy:
        dmean: 0.0014604619937
        dmean2: 0.00230695144273
        dvar: 3.64755032933e-06
        dvar2: 9.38740231504e-06
        max: 0.0168797392398
        mean: 0.00613092677668
        min: 2.76240008645e-09
        var: 4.50688412457e-06
    spectral_energyband_high:
        dmean: 0.000175261389813
        dmean2: 0.000275582424365
        dvar: 3.67335069029e-08
        dvar2: 7.77029143251e-08
        max: 0.0029239540454
        mean: 0.000734948029276
        min: 3.31261157394e-10
        var: 1.27093571223e-07
    spectral_energyband_low:
        dmean: 0.000670094625093
        dmean2: 0.00107026996557
        dvar: 7.3017770319e-07
        dvar2: 2.01863645088e-06
        max: 0.00866039004177
        mean: 0.00174699816853
        min: 2.19131990331e-10
        var: 1.5371911104e-06
    spectral_energyband_middle_high:
        dmean: 0.000442464195658
        dmean2: 0.000733596330974
        dvar: 2.58585515667e-07
        dvar2: 6.51947630104e-07
        max: 0.00499151460826
        mean: 0.00169762363657
        min: 1.09626074885e-09
        var: 4.27766593702e-07
    spectral_energyband_middle_low:
        dmean: 0.0008342548972
        dmean2: 0.00136883778032
        dvar: 1.2821897144e-06
        dvar2: 3.2853022276e-06
        max: 0.00973700545728
        mean: 0.0019513242878
        min: 1.08137654387e-09
        var: 1.54702263444e-06
    spectral_flatness_db:
        dmean: 0.0125565072522
        dmean2: 0.0192688815296
        dvar: 0.000113064517791
        dvar2: 0.000259443680989
        max: 0.215292066336
        mean: 0.164416193962
        min: 0.0922092497349
        var: 0.000410852284404
    spectral_flux:
        dmean: 0.00701037794352
        dmean2: 0.0104329567403
        dvar: 6.79687364027e-05
        dvar2: 0.000113632377179
        max: 0.1014989838
        mean: 0.041043382138
        min: 5.25585383002e-05
        var: 0.000158410621225
    spectral_kurtosis:
        dmean: 0.606898188591
        dmean2: 1.02870464325
        dvar: 0.742186307907
        dvar2: 1.20394206047
        max: 13.5483112335
        mean: 1.46458685398
        min: 0.442501783371
        var: 0.901711881161
    spectral_rms:
        dmean: 0.000279312051134
        dmean2: 0.000428742438089
        dvar: 1.04751023855e-07
        dvar2: 2.56905508422e-07
        max: 0.00405808305368
        mean: 0.00241172034293
        min: 1.64165294336e-06
        var: 1.64993011254e-07
    spectral_rolloff:
        dmean: 233.209518433
        dmean2: 386.442962646
        dvar: 43959.5390625
        dvar2: 119501.453125
        max: 4866.50390625
        mean: 3764.26635742
        min: 2605.51757812
        var: 126505.617188
    spectral_skewness:
        dmean: 0.10929774493
        dmean2: 0.1719699651
        dvar: 0.0220799408853
        dvar2: 0.0312895290554
        max: 2.67715930939
        mean: 0.792592763901
        min: 0.354785442352
        var: 0.0355242118239
    spectral_spread:
        dmean: 289586.40625
        dmean2: 458784.625
        dvar: 106167877632
        dvar2: 173881589760
        max: 7969258.5
        mean: 5131846.5
        min: 3067326
        var: 438440820736
    spectral_strongpeak:
        dmean: 0.0963354855776
        dmean2: 0.173053205013
        dvar: 0.0418708771467
        dvar2: 0.120954118669
        max: 2.57310676575
        mean: 0.190221682191
        min: 0
        var: 0.0273420456797
    zerocrossingrate:
        dmean: 0.00789880100638
        dmean2: 0.0101867532358
        dvar: 4.74478110846e-05
        dvar2: 6.9987749157e-05
        max: 0.15478515625
        mean: 0.101636141539
        min: 0.04296875
        var: 0.000389304419514
    barkbands:
        dmean: [4.28675406283e-07, 0.000173087071744, 0.00057255505817, 0.000565166643355, 0.000407909683418, 6.85565100866e-05, 5.75202102482e-05, 7.99085391918e-05, 5.96940953983e-05, 1.61115676747e-05, 5.89940646023e-06, 8.59228475747e-06, 7.47297463022e-06, 1.31565748234e-05, 2.59429361904e-05, 3.86235988117e-05, 9.75818838924e-05, 0.000148307546624, 0.000239875196712, 0.00023420911748, 8.94527256605e-05, 3.79412449547e-05, 6.04291017225e-06, 1.41902205542e-06, 5.81243853048e-07, 2.79569576378e-08, 4.52719889354e-10]
        dmean2: [6.62578088395e-07, 0.000288850162178, 0.000925191794522, 0.000948494474869, 0.000675753573887, 0.000112174580863, 9.74176364252e-05, 0.000125654958538, 9.35878560995e-05, 2.59458356595e-05, 9.39398523769e-06, 1.41375094245e-05, 1.27798175527e-05, 2.25403327931e-05, 4.45396108262e-05, 6.34216048638e-05, 0.000164168101037, 0.000245309143793, 0.000406413746532, 0.00039231259143, 0.0001456488244, 6.05939312663e-05, 9.87722160062e-06, 2.3356606107e-06, 8.51107188282e-07, 4.00613799911e-08, 6.8290650912e-10]
        dvar: [1.50528526276e-12, 4.80215831544e-08, 5.67855806821e-07, 3.9411202124e-07, 8.43977602472e-07, 6.53227560932e-09, 4.32662350391e-09, 5.55869750229e-09, 4.41332881351e-09, 7.36005478785e-10, 1.4897376388e-10, 1.79790460297e-10, 2.00550506757e-10, 5.39315425652e-10, 1.35385569422e-09, 3.42646955254e-09, 1.26699104541e-08, 2.45371563068e-08, 5.17855944793e-08, 4.71675178915e-08, 1.01158601495e-08, 2.12188289161e-09, 4.23237625502e-11, 2.5181389092e-12, 5.55413842088e-13, 4.16428036056e-15, 1.35907371101e-17]
        dvar2: [2.17293826162e-12, 1.45926804862e-07, 1.48844969772e-06, 1.12745033221e-06, 2.28078283726e-06, 1.78551058383e-08, 1.11633582378e-08, 1.33333806218e-08, 1.17432970015e-08, 1.7514537598e-09, 3.45986239658e-10, 4.98895591505e-10, 4.90427309874e-10, 1.26931809508e-09, 3.72705288854e-09, 9.4406251705e-09, 3.53069680159e-08, 6.70012454407e-08, 1.47099257219e-07, 1.4004385207e-07, 2.45505180629e-08, 5.21675547205e-09, 9.58033791187e-11, 6.27086663846e-12, 1.05659654203e-12, 7.90635206637e-15, 1.37541937894e-17]
        max: [2.1011375793e-05, 0.00161556061357, 0.00758267007768, 0.00480606500059, 0.00794863514602, 0.000657729920931, 0.000582161999773, 0.000670555920806, 0.00056059716735, 0.00032196729444, 0.00013096134353, 0.000143985380419, 0.000105939667264, 0.000213416016777, 0.000327511399519, 0.000566092436202, 0.00107267813291, 0.00148929841816, 0.00183573644608, 0.00243728328496, 0.00139668525662, 0.000724220881239, 9.47681401158e-05, 2.25479343499e-05, 8.86266025191e-06, 7.66363541516e-07, 7.6597622467e-08]
        mean: [4.89976343943e-07, 0.000304911663989, 0.00144163402729, 0.000917744473554, 0.000506944023073, 0.000128162835608, 8.88407521416e-05, 0.000189752026927, 0.00011419216753, 2.60798460658e-05, 8.71590782481e-06, 1.27446837723e-05, 1.03280517578e-05, 1.74944816536e-05, 4.70306185889e-05, 6.36700642644e-05, 0.000202626921237, 0.00036351417657, 0.000619746628217, 0.000652838207316, 0.000279180530924, 0.00010679114348, 2.02155388251e-05, 5.12941733177e-06, 2.10702910408e-06, 4.5160494011e-08, 3.94638183243e-10]
        min: [6.89892171168e-11, 1.09077177846e-10, 7.5394940291e-11, 7.30089738665e-11, 1.80621809176e-10, 1.99088745489e-10, 2.04801828274e-10, 1.9806989382e-10, 2.0999132988e-10, 6.1301075327e-11, 2.91128544883e-11, 1.91934298316e-11, 1.65406108948e-11, 1.47124725597e-11, 2.62610037882e-11, 7.90622844971e-11, 1.10100817352e-10, 1.10241302198e-10, 5.33425803528e-10, 1.42239331424e-10, 2.83617379582e-10, 1.39296334883e-11, 2.63640628426e-12, 5.81609738669e-13, 1.62210034901e-13, 1.00084233978e-13, 2.36564138775e-14]
        var: [1.62848077037e-12, 5.32998534197e-08, 1.30003502363e-06, 5.54451389689e-07, 6.63194384742e-07, 1.22376793144e-08, 5.96841687184e-09, 1.58773172387e-08, 1.0103492265e-08, 1.05894215618e-09, 1.89734464251e-10, 1.90530966004e-10, 2.10936809686e-10, 6.08288530657e-10, 1.47255252436e-09, 3.65708996419e-09, 1.70506258002e-08, 3.68194719158e-08, 7.49920445742e-08, 8.93073419661e-08, 2.31708146003e-08, 6.60959731391e-09, 1.75809353187e-10, 1.1518478879e-11, 2.80638468193e-12, 6.72352603619e-15, 1.36016674747e-17]
    mfcc:
        mean: [-691.223510742, 82.0307388306, -14.1451063156, 94.2145385742, -10.9102478027, -8.0649728775, -2.6289639473, 3.41175961494, 6.91914653778, 6.9890871048, 2.88444566727, -3.27098345757, -7.01793384552]
        cov: [[1804.02966309, -155.442337036, 62.0978736877, -85.9712219238, 52.8282051086, 40.1651763916, 4.95672512054, -2.10871815681, -19.2084293365, -25.576423645, -0.621198058128, -44.1300964355, -10.6354379654], [-155.442337036, 238.586532593, -108.74369812, 44.0554161072, -23.6833400726, -1.78517496586, -1.20708203316, -19.6168766022, -15.6351728439, -28.184677124, -20.1010456085, 5.72147083282, -3.44650840759], [62.0978736877, -108.74369812, 131.757781982, -3.87294745445, 32.7355918884, -5.42942285538, 11.4647426605, 15.3919811249, 5.53038597107, 13.7047662735, 12.1923522949, 6.18600559235, 11.285068512], [-85.9712219238, 44.0554161072, -3.87294745445, 83.2008209229, 7.45622348785, -7.83700227737, -6.506503582, -7.63697195053, 9.37459850311, 7.9122877121, 3.55650234222, 9.01669692993, -0.13813868165], [52.8282051086, -23.6833400726, 32.7355918884, 7.45622348785, 52.5799560547, 13.3987112045, 9.02424526215, 5.43791675568, -0.628036737442, 4.45263576508, 9.70522594452, 6.07186603546, 3.6116502285], [40.1651763916, -1.78517496586, -5.42942285538, -7.83700227737, 13.3987112045, 40.8503761292, 16.7202415466, 0.759976148605, -3.27252173424, -6.39755058289, -1.16608917713, -3.82336997986, -1.06838035583], [4.95672512054, -1.20708203316, 11.4647426605, -6.506503582, 9.02424526215, 16.7202415466, 35.8485527039, 19.0066242218, 4.21522665024, 3.13405942917, -0.876327753067, 1.05919706821, 2.92969179153], [-2.10871815681, -19.6168766022, 15.3919811249, -7.63697195053, 5.43791675568, 0.759976148605, 19.0066242218, 42.80260849, 18.7522068024, 12.3760662079, -1.25353980064, 0.456943243742, 1.40787935257], [-19.2084293365, -15.6351728439, 5.53038597107, 9.37459850311, -0.628036737442, -3.27252173424, 4.21522665024, 18.7522068024, 38.4391822815, 20.7656593323, 1.17943835258, -3.86584281921, -2.49001383781], [-25.576423645, -28.184677124, 13.7047662735, 7.9122877121, 4.45263576508, -6.39755058289, 3.13405942917, 12.3760662079, 20.7656593323, 41.8059959412, 12.7851381302, 1.05479848385, -1.38221108913], [-0.621198058128, -20.1010456085, 12.1923522949, 3.55650234222, 9.70522594452, -1.16608917713, -0.876327753067, -1.25353980064, 1.17943835258, 12.7851381302, 30.8956356049, 15.2819051743, 5.79945087433], [-44.1300964355, 5.72147083282, 6.18600559235, 9.01669692993, 6.07186603546, -3.82336997986, 1.05919706821, 0.456943243742, -3.86584281921, 1.05479848385, 15.2819051743, 34.996635437, 15.9224786758], [-10.6354379654, -3.44650840759, 11.285068512, -0.13813868165, 3.6116502285, -1.06838035583, 2.92969179153, 1.40787935257, -2.49001383781, -1.38221108913, 5.79945087433, 15.9224786758, 28.6038570404]]
        icov: [[0.000655290670693, 0.000336079945555, 4.6960056352e-05, 0.000408173946198, -0.000659281853586, -0.00021179606847, 0.000126201630337, 6.09115013503e-05, 6.7962842877e-05, 0.000578301784117, -0.000302042986732, 0.00090320664458, -8.06768875918e-05], [0.000336079945555, 0.00983010046184, 0.00778320292011, -0.00493035884574, -0.000819129636511, 0.00343279889785, -0.00573529396206, 0.00160113954917, 0.00204937648959, 0.0037045602221, 0.00358746526763, -0.00191105972044, -0.000350996589987], [4.6960056352e-05, 0.00778320292011, 0.0166489444673, -0.00292567536235, -0.00727098155767, 0.00771093042567, -0.00742308888584, 8.9469300292e-05, 0.00174059160054, 0.00153794628568, 0.0010358839063, 0.000373814313207, -0.00385766918771], [0.000408173946198, -0.00493035884574, -0.00292567536235, 0.0176068805158, -0.00427281623706, 0.00123853806872, 0.00266434904188, 0.00529906293377, -0.00713745411485, -0.0030704755336, 0.000701387529261, -0.00394406169653, 0.00213262764737], [-0.000659281853586, -0.000819129636511, -0.00727098155767, -0.00427281623706, 0.0288816858083, -0.0113889509812, 0.00126174814068, -0.00384167162701, 0.00350287440233, -0.00153882591985, -0.00539022870362, -0.00225441763178, 0.00107026461046], [-0.00021179606847, 0.00343279889785, 0.00771093042567, 0.00123853806872, -0.0113889509812, 0.0406505763531, -0.0234497990459, 0.00882133748382, -0.00202006637119, 0.00732584344223, -0.00141420122236, 0.00462284032255, 0.000114187823783], [0.000126201630337, -0.00573529396206, -0.00742308888584, 0.00266434904188, 0.00126174814068, -0.0234497990459, 0.0537348054349, -0.023244170472, 0.00411450769752, -0.00521093979478, 0.0012375122169, -0.00111821573228, -0.00261949677952], [6.09115013503e-05, 0.00160113954917, 8.9469300292e-05, 0.00529906293377, -0.00384167162701, 0.00882133748382, -0.023244170472, 0.0447751507163, -0.0185778010637, -0.00252121989615, 0.00736194569618, -0.00546674942598, 0.0010087165283], [6.7962842877e-05, 0.00204937648959, 0.00174059160054, -0.00713745411485, 0.00350287440233, -0.00202006637119, 0.00411450769752, -0.0185778010637, 0.046706572175, -0.017417833209, 0.00249315798283, 0.00555184017867, -0.000845482514706], [0.000578301784117, 0.0037045602221, 0.00153794628568, -0.0030704755336, -0.00153882591985, 0.00732584344223, -0.00521093979478, -0.00252121989615, -0.017417833209, 0.0432543158531, -0.0176165290177, 0.00528859905899, 0.0023672808893], [-0.000302042986732, 0.00358746526763, 0.0010358839063, 0.000701387529261, -0.00539022870362, -0.00141420122236, 0.0012375122169, 0.00736194569618, 0.00249315798283, -0.0176165290177, 0.0553469285369, -0.0250102505088, 0.0021195334848], [0.00090320664458, -0.00191105972044, 0.000373814313207, -0.00394406169653, -0.00225441763178, 0.00462284032255, -0.00111821573228, -0.00546674942598, 0.00555184017867, 0.00528859905899, -0.0250102505088, 0.0540403500199, -0.0234921686351], [-8.06768875918e-05, -0.000350996589987, -0.00385766918771, 0.00213262764737, 0.00107026461046, 0.000114187823783, -0.00261949677952, 0.0010087165283, -0.000845482514706, 0.0023672808893, 0.0021195334848, -0.0234921686351, 0.0491961576045]]
    spectral_contrast:
        mean: [1.20077942256e-07, 5.57064879558e-07, -2.89777460694e-07, 4.08528649132e-07, 2.06541855619e-07, -3.7408483422e-08, 3.80601932193e-06, -4.51183638006e-07, -1.58483010182e-06, 4.26802444053e-06, -2.19831895265e-06, -4.46737521997e-06]
        var: [0.000169946171809, 0.000303848821204, 0.000480610295199, 0.00128210848197, 0.00186696671881, 0.00317715690471, 0.0324925407767, 0.0508785992861, 0.0895476713777, 0.150222674012, 0.218477442861, 0.901631712914]

rhythm:
    beats_loudness:
        dmean: 0.00372433522716
        dmean2: 0.00670409668237
        dvar: 8.11327390693e-06
        dvar2: 2.65425896941e-05
        max: 0.0154713876545
        mean: 0.00799981225282
        min: 0.00470967404544
        var: 7.5883331192e-06
    beats_loudness_bass:
        dmean: 0.239961579442
        dmean2: 0.415634661913
        dvar: 0.0168959312141
        dvar2: 0.0476798377931
        max: 0.631545245647
        mean: 0.368181318045
        min: 0.0785052403808
        var: 0.0370124466717
    bpm: 113.150291443
    bpm_confidence: 0
    first_peak_bpm: 113
    first_peak_spread: 0
    first_peak_weight: 0.5
    onset_rate: 2.89858031273
    second_peak_bpm: 158
    second_peak_spread: 0
    second_peak_weight: 0.449999988079
    beats_position: [0.372434258461, 0.902733206749, 1.43303215504, 1.96333122253, 2.49363017082, 3.02392911911, 3.55422830582, 4.08452749252, 4.61482620239, 5.1451253891, 5.67542457581, 6.13212203979, 6.51097774506, 6.88983345032, 7.26868915558, 7.64754390717, 8.02639961243, 8.40525531769, 8.78411102295, 9.16296577454, 9.54182243347]
    bpm_estimates: [113.391159058, 113.257987976, 111.636009216, 114.305877686, 113.16040802]
    bpm_intervals: [0.530298948288, 0.530298948288, 0.530299067497, 0.530298948288, 0.530298948288, 0.530299186707, 0.530299186707, 0.530298709869, 0.530299186707, 0.530299186707, 0.456697463989, 0.378855705261, 0.378855705261, 0.378855705261, 0.378854751587, 0.378855705261, 0.378855705261, 0.378855705261, 0.378854751587, 0.378856658936]
    onset_times: [0.0580498874187, 0.150929704309, 0.696598649025, 0.870748281479, 1.24226760864, 1.4164172411, 1.57895696163, 1.6137868166, 1.75310659409, 1.92725622654, 2.13623571396, 2.4497051239, 2.49614500999, 2.64707493782, 2.68190479279, 3.01859402657, 3.83129262924, 3.97061228752, 4.20281171799, 4.41179132462, 4.60916090012, 5.18966007233, 5.38702964783, 6.93115663528, 7.32589578629, 7.6858048439, 8.04571437836, 8.45206356049, 9.21832180023]
    rubato_start: [6.51097774506]
    rubato_stop: [9.54182243347]
    perceptual_tempo: "unknown"

sfx:
    inharmonicity:
        dmean: 0.0543955825269
        dmean2: 0.094956099987
        dvar: 0.00211813719943
        dvar2: 0.00579300010577
        max: 0.277105420828
        mean: 0.0674735605717
        min: 0
        var: 0.0027859271504
    oddtoevenharmonicenergyratio:
        dmean: 1.56674110889
        dmean2: 2.92792248726
        dvar: 12.9856901169
        dvar2: 39.5220031738
        max: 40.4871139526
        mean: 1.17358529568
        min: 0
        var: 7.54383277893
    pitch_after_max_to_before_max_energy_ratio: 2.46806931496
    pitch_centroid: 219.05619812
    pitch_max_to_total: 0.308584690094
    pitch_min_to_total: 0.477958232164
    tristimulus:
        dmean: [0.197947904468, 0.293457984924, 0.234682962298]
        dmean2: [0.350371599197, 0.507617354393, 0.424541294575]
        dvar: [0.0326944254339, 0.0506592206657, 0.0347991250455]
        dvar2: [0.0853410363197, 0.13766887784, 0.100582271814]
        max: [1, 0.988008260727, 0.739673793316]
        mean: [0.262746930122, 0.427978664637, 0.227961301804]
        min: [0.0119917383417, 0, 0]
        var: [0.048288565129, 0.0822170749307, 0.0457037426531]

tonal:
    chords_changes_rate: 0.074074074626
    chords_number_rate: 0.0277777779847
    chords_strength:
        dmean: 0.0127412015572
        dmean2: 0.014607203193
        dvar: 9.31612303248e-05
        dvar2: 0.000150496547576
        max: 0.611904501915
        mean: 0.437280535698
        min: 0.237152591348
        var: 0.00612205686048
    key_strength: 0.539352893829
    tuning_diatonic_strength: 0.465658694506
    tuning_equal_tempered_deviation: 0.164518520236
    tuning_frequency: 441.272583008
    tuning_nontempered_energy_ratio: 0.821434080601
    hpcp:
        dmean: [0.147215947509, 0.133434131742, 0.178098708391, 0.188274353743, 0.209764376283, 0.108776688576, 0.0940779522061, 0.101099357009, 0.103093676269, 0.09979698807, 0.0966074243188, 0.0902847126126, 0.0881221592426, 0.0724476203322, 0.0584238246083, 0.0920298099518, 0.145328775048, 0.157526612282, 0.145706102252, 0.151831939816, 0.150509059429, 0.148568287492, 0.155217155814, 0.191020652652, 0.137146756053, 0.0977721959352, 0.0873387977481, 0.0780018419027, 0.0767433345318, 0.0792932808399, 0.0771958976984, 0.0646398290992, 0.0717003718019, 0.0989890396595, 0.132655829191, 0.182164281607]
        dmean2: [0.266622334719, 0.225118070841, 0.300552964211, 0.331354111433, 0.366144508123, 0.194156065583, 0.16877156496, 0.178623348475, 0.173345655203, 0.162836790085, 0.162292718887, 0.15481351316, 0.152906835079, 0.127048462629, 0.102603174746, 0.168820902705, 0.261275082827, 0.27357211709, 0.24013954401, 0.275414794683, 0.263938248158, 0.239134863019, 0.264492303133, 0.335262089968, 0.229213014245, 0.170600235462, 0.155044794083, 0.135520160198, 0.136048078537, 0.135917916894, 0.137030243874, 0.112544417381, 0.124873146415, 0.174252659082, 0.230925425887, 0.307838112116]
        dvar: [0.0536856390536, 0.0295747686177, 0.0381751544774, 0.0770925655961, 0.0502974428236, 0.0265354067087, 0.0279015935957, 0.0301232412457, 0.0303081050515, 0.0255821049213, 0.0195168554783, 0.01437085215, 0.0212927814573, 0.0151880159974, 0.00972486007959, 0.03349173069, 0.0493472702801, 0.0412355437875, 0.0314132086933, 0.0438569299877, 0.0433075763285, 0.0374102890491, 0.0464791096747, 0.0689531043172, 0.0409962795675, 0.0262024682015, 0.024389334023, 0.0133690461516, 0.0198631733656, 0.0191035270691, 0.0230427011847, 0.0119915409014, 0.00771839777008, 0.0189919602126, 0.0284918621182, 0.0491898618639]
        dvar2: [0.136265784502, 0.0836858153343, 0.103095464408, 0.160729065537, 0.158525645733, 0.0736910179257, 0.0773395448923, 0.0817536115646, 0.0844487398863, 0.0587664693594, 0.0514073781669, 0.0358405858278, 0.0575859360397, 0.0412473268807, 0.0274639800191, 0.0990169718862, 0.136123552918, 0.101530723274, 0.0711870789528, 0.127082496881, 0.125651568174, 0.0955964177847, 0.120375961065, 0.207202330232, 0.10935100913, 0.0699343159795, 0.0585380494595, 0.0325419679284, 0.0614808648825, 0.0525970980525, 0.053639806807, 0.0283784624189, 0.0220821946859, 0.0546493008733, 0.0832163989544, 0.129571735859]
        max: [1, 1, 1, 1, 1, 1, 1, 1, 1, 1, 1, 1, 1, 1, 0.791672646999, 0.990852117538, 1, 1, 1, 1, 1, 1, 1, 1, 1, 1, 1, 1, 1, 1, 1, 0.827734589577, 0.564911663532, 1, 1, 1]
        mean: [0.272500991821, 0.179387792945, 0.302995413542, 0.459990262985, 0.323290705681, 0.157931923866, 0.142310962081, 0.143402531743, 0.144413128495, 0.178221806884, 0.179502487183, 0.150645285845, 0.133246958256, 0.102824620903, 0.0813765972853, 0.096328549087, 0.154222369194, 0.244722664356, 0.230222031474, 0.14675450325, 0.15460512042, 0.206852540374, 0.20206849277, 0.190916851163, 0.195214480162, 0.144663333893, 0.103485651314, 0.0991222336888, 0.0943901464343, 0.10851932317, 0.112930767238, 0.0886402279139, 0.105006039143, 0.137168869376, 0.179342359304, 0.27503105998]
        min: [0.0185379497707, 0.00825446750969, 0.0113861644641, 0.0156824626029, 0.0186192337424, 0.016018697992, 0.0150524750352, 0.0142606394365, 0.0125595610589, 0.00610555708408, 0.00706281559542, 0.0121315028518, 0.0155295617878, 0.0140733607113, 0.00695329904556, 0.00512084364891, 0.0107943173498, 0.0116988914087, 0.00711098406464, 0.00441700872034, 0.00705206813291, 0.00505322869867, 0.00202046218328, 0.00464926054701, 0.00525236083195, 0.00868070311844, 0.00737143866718, 0.00770864170045, 0.00822241511196, 0.0088190510869, 0.0094384374097, 0.00719512067735, 0.0114038875327, 0.0151044195518, 0.0169554241002, 0.019894875586]
        var: [0.105528585613, 0.0363259464502, 0.0671033039689, 0.161579072475, 0.0655473619699, 0.0317743346095, 0.0320321619511, 0.0342470780015, 0.034648552537, 0.0617251247168, 0.051685936749, 0.0207770001143, 0.0207393299788, 0.0144689073786, 0.00923079624772, 0.0229621846229, 0.0395892187953, 0.0680190697312, 0.0662238523364, 0.0359509326518, 0.0465521812439, 0.0717824101448, 0.0768391415477, 0.072093591094, 0.0689505189657, 0.0412928648293, 0.0247510932386, 0.015578078106, 0.0156423058361, 0.0182528216392, 0.0242820866406, 0.0129510695115, 0.0103686992079, 0.0200951173902, 0.0319313816726, 0.0790495872498]
    chords_histogram: [0, 0, 9.72222232819, 13.8888893127, 0, 0, 0, 0, 0, 0, 0, 0, 23.6111106873, 0, 0, 2.31481480598, 0, 46.7592582703, 0, 3.70370364189, 0, 0, 0, 0]
    thpcp: [1, 0.702820777893, 0.343337535858, 0.30937820673, 0.311751246452, 0.313948243856, 0.387446910143, 0.390231072903, 0.327496677637, 0.289673417807, 0.223536521196, 0.176909387112, 0.209414318204, 0.335273116827, 0.532017052174, 0.50049328804, 0.319038271904, 0.336105197668, 0.44968894124, 0.43928861618, 0.415045410395, 0.424388289452, 0.314492166042, 0.224973574281, 0.215487673879, 0.205200314522, 0.235916569829, 0.245506867766, 0.192700222135, 0.228278830647, 0.298199504614, 0.389882951975, 0.597906291485, 0.592405974865, 0.389981716871, 0.658699631691]
    chords_key: "A#"
    chords_scale: "minor"
    key_key: "A#"
    key_scale: "major"
    chords_progression: ["E", "E", "E", "E", "E", "E", "E", "E", "E", "E", "E", "E", "E", "E", "E", "E", "E", "E", "E", "E", "E", "E", "E", "E", "E", "E", "E", "E", "E", "E", "E", "E", "E", "E", "E", "E", "E", "E", "E", "E", "E", "E", "E", "E", "E", "E", "E", "E", "E", "E", "E", "A#m", "Am", "Am", "Am", "Am", "Am", "Am", "Am", "Am", "Am", "Am", "A#m", "A#m", "A#m", "A#m", "A#m", "A#m", "A#m", "A#m", "A#m", "A#m", "A#m", "A#m", "A#m", "A#m", "A#m", "A#m", "A#m", "A#m", "A#m", "A#m", "A#m", "A#m", "A#m", "A#m", "A#m", "A#m", "A#m", "A#m", "A#m", "A#m", "A#m", "A#m", "D#m", "D#m", "D#m", "D#m", "A#m", "A#m", "A#m", "A#m", "A#m", "A#m", "A#m", "A#m", "A#m", "A#m", "A#m", "A#m", "A#m", "D#m", "A#m", "A#m", "A#m", "A#m", "A#m", "A#m", "F", "F", "F", "F", "F", "A#m", "A#m", "A#m", "A#m", "A#m", "A#m", "A#m", "A#m", "A#m", "A#m", "A#m", "A#m", "A#m", "A#m", "A#m", "A#m", "A#m", "A#m", "A#m", "A#m", "A#m", "A#m", "A#m", "A#m", "A#m", "A#m", "A#m", "A#m", "A#m", "A#m", "A#m", "A#m", "A#m", "A#m", "A#m", "A#m", "A#m", "A#m", "A#m", "A#m", "A#m", "A#m", "A#m", "A#m", "A#m", "A#m", "A#m", "A#m", "A#m", "Am", "Am", "Am", "Am", "Am", "Am", "Am", "F", "F", "F", "F", "F", "F", "F", "F", "F", "F", "F", "F", "F", "F", "F", "Fm", "Fm", "Fm", "Fm", "Am", "Am", "Am", "Am", "Am", "Fm", "Fm", "Fm", "Fm", "Am", "Am", "Am", "Am", "Am", "Am", "Am", "Am", "F"]
