
metadata:
    version:
        essentia: "1.2.2"
    audio_properties:
        analysis_sample_rate: 44100
        bitrate: 128
        channels: 2
        equal_loudness: 1
        length: 10.0310201645
        replay_gain: -10.6725006104
        downmix: "mix"
    tags:
        track: 9
        year: 0
        album: "Splitted by Mp3Splt v. 2.1"
        artist: "From 001.20 To 001.30"
        comment: "http://mp3splt.sf.net"
        genre: ""
        title: "07 Twenty Four Hours.mp3"

highlevel:
    ballroom:
        all:
            ChaChaCha: 0.0175425261259
            Jive: 0.0126551184803
            Quickstep: 0.00382589548826
            Rumba-American: 0.0166573524475
            Rumba-International: 0.825246095657
            Rumba-Misc: 0.0510571859777
            Samba: 0.0120920771733
            Tango: 0.003599667456
            VienneseWaltz: 0.0456497557461
            Waltz: 0.0116743268445
        probability: 0.825246095657
        value: "Rumba-International"
    culture:
        all:
            non_western: 0.946608126163
            western: 0.0533918701112
        probability: 0.946608126163
        value: "non_western"
    gender:
        all:
            female: 0.543642878532
            male: 0.45635715127
        probability: 0.543642878532
        value: "female"
    genre_dortmund:
        all:
            alternative: 0.0994865447283
            blues: 0.0173638593405
            electronic: 0.237429812551
            folkcountry: 0.0842433646321
            funksoulrnb: 0.0100849680603
            jazz: 0.140658736229
            pop: 0.0683995187283
            raphiphop: 0.0189981292933
            rock: 0.323335081339
        probability: 0.323335081339
        value: "rock"
    genre_electronica:
        all:
            ambient: 0.380342274904
            dnb: 0.15673212707
            house: 0.050354976207
            techno: 0.107559636235
            trance: 0.305010974407
        probability: 0.380342274904
        value: "ambient"
    genre_rosamerica:
        all:
            cla: 0.0340960845351
            dan: 0.164553463459
            hip: 0.0511560514569
            jaz: 0.144174709916
            pop: 0.108604073524
            rhy: 0.145970210433
            roc: 0.338344782591
            spe: 0.0131006194279
        probability: 0.338344782591
        value: "roc"
    genre_tzanetakis:
        all:
            blu: 0.0121740093455
            cla: 0.0292046573013
            cou: 0.0724776834249
            dis: 0.0434515178204
            hip: 0.0421700440347
            jaz: 0.144599020481
            met: 0.0374704152346
            pop: 0.120835259557
            reg: 0.266210615635
            roc: 0.231406763196
        probability: 0.266210615635
        value: "reg"
    live_studio:
        all:
            live: 0.523217141628
            studio: 0.476782888174
        probability: 0.523217141628
        value: "live"
    mood:
        all:
            Cluster1: 0.0964718312025
            Cluster2: 0.0196736715734
            Cluster3: 0.202153638005
            Cluster4: 0.0218982938677
            Cluster5: 0.659802556038
        probability: 0.659802556038
        value: "Cluster5"
    mood_acoustic:
        all:
            acoustic: 0.378872871399
            not_acoustic: 0.621127128601
        probability: 0.621127128601
        value: "not_acoustic"
    mood_aggressive:
        all:
            aggressive: 0.693434298038
            not_aggressive: 0.306565701962
        probability: 0.693434298038
        value: "aggressive"
    mood_electronic:
        all:
            electronic: 0.964073598385
            not_electronic: 0.035926386714
        probability: 0.964073598385
        value: "electronic"
    mood_happy:
        all:
            happy: 0.142017573118
            not_happy: 0.857982456684
        probability: 0.857982456684
        value: "not_happy"
    mood_party:
        all:
            not_party: 0.945968091488
            party: 0.054031893611
        probability: 0.945968091488
        value: "not_party"
    mood_relaxed:
        all:
            not_relaxed: 0.170246526599
            relaxed: 0.8297534585
        probability: 0.8297534585
        value: "relaxed"
    mood_sad:
        all:
            not_sad: 0.229420170188
            sad: 0.770579814911
        probability: 0.770579814911
        value: "sad"
    rhythm:
        all:
            fast: 0.220074191689
            medium: 0.249763414264
            slow: 0.530162394047
        probability: 0.530162394047
        value: "slow"
    speech_music:
        all:
            music: 0.991788804531
            speech: 0.00821117963642
        probability: 0.991788804531
        value: "music"
    timbre:
        all:
            bright: 0.027595885098
            dark: 0.972404122353
        probability: 0.972404122353
        value: "dark"
    voice_instrumental:
        all:
            instrumental: 0.946918666363
            voice: 0.0530813112855
        probability: 0.946918666363
        value: "instrumental"

lowlevel:
    average_loudness: 0.978975296021
    barkbands_kurtosis:
        dmean: 3.75733280182
        dmean2: 5.75458335876
        dvar: 16.834318161
        dvar2: 41.0499267578
        max: 50.4273376465
        mean: 7.02620458603
        min: -1.81278645992
        var: 58.1568260193
    barkbands_skewness:
        dmean: 0.602782011032
        dmean2: 0.943538367748
        dvar: 0.252338796854
        dvar2: 0.666930556297
        max: 5.91732645035
        mean: 2.09405469894
        min: -0.633361160755
        var: 1.09108328819
    barkbands_spread:
        dmean: 4.9352388382
        dmean2: 7.29488801956
        dvar: 30.1917324066
        dvar2: 76.7174453735
        max: 53.8006706238
        mean: 14.3922290802
        min: 1.44073164463
        var: 116.293685913
    dissonance:
        dmean: 0.0304546039551
        dmean2: 0.0504777468741
        dvar: 0.000837822037283
        dvar2: 0.00217751553282
        max: 0.495122641325
        mean: 0.437139362097
        min: 0.143401831388
        var: 0.00186525122263
    hfc:
        dmean: 1.11803817749
        dmean2: 1.67693579197
        dvar: 2.42585587502
        dvar2: 5.82166433334
        max: 15.3049926758
        mean: 2.74515771866
        min: 0.165317907929
        var: 4.94001913071
    pitch:
        dmean: 210.805099487
        dmean2: 411.823669434
        dvar: 625538.8125
        dvar2: 1556620
        max: 4410
        mean: 369.690368652
        min: 72.8925628662
        var: 738202.125
    pitch_instantaneous_confidence:
        dmean: 0.0997796207666
        dmean2: 0.149508535862
        dvar: 0.0085309445858
        dvar2: 0.017433879897
        max: 0.827533066273
        mean: 0.475214004517
        min: 0.130078494549
        var: 0.0300201177597
    pitch_salience:
        dmean: 0.0833504274487
        dmean2: 0.133785441518
        dvar: 0.00512716080993
        dvar2: 0.0146202631295
        max: 0.816142559052
        mean: 0.550021231174
        min: 0.202882945538
        var: 0.0147997690365
    silence_rate_20dB:
        dmean: 0
        dmean2: 0
        dvar: 0
        dvar2: 0
        max: 1
        mean: 1
        min: 1
        var: 0
    silence_rate_30dB:
        dmean: 0
        dmean2: 0
        dvar: 0
        dvar2: 0
        max: 1
        mean: 1
        min: 1
        var: 0
    silence_rate_60dB:
        dmean: 0.122969835997
        dmean2: 0.246511623263
        dvar: 0.107848115265
        dvar2: 0.255511045456
        max: 1
        mean: 0.17824074626
        min: 0
        var: 0.146470740438
    spectral_centroid:
        dmean: 149.236053467
        dmean2: 228.684158325
        dvar: 35910.7734375
        dvar2: 87402.234375
        max: 2473.27441406
        mean: 530.786865234
        min: 181.004821777
        var: 121683.453125
    spectral_complexity:
        dmean: 2.44755244255
        dmean2: 3.61682248116
        dvar: 7.7530670166
        dvar2: 17.9793491364
        max: 27
        mean: 7.94186067581
        min: 2
        var: 17.9943084717
    spectral_crest:
        dmean: 2.43777894974
        dmean2: 3.87978744507
        dvar: 4.2164516449
        dvar2: 11.0570802689
        max: 20.934053421
        mean: 9.76174640656
        min: 3.18265366554
        var: 12.6006536484
    spectral_decrease:
        dmean: 4.76892247914e-10
        dmean2: 7.78123843137e-10
        dvar: 3.41524702799e-19
        dvar2: 8.98828205478e-19
        max: -1.12321076051e-10
        mean: -1.34072231095e-09
        min: -4.71318362116e-09
        var: 4.79915508947e-19
    spectral_energy:
        dmean: 0.00187563383952
        dmean2: 0.00305596087128
        dvar: 5.27457950739e-06
        dvar2: 1.38156601679e-05
        max: 0.0182515718043
        mean: 0.00530918547884
        min: 0.000464281969471
        var: 7.4109734669e-06
    spectral_energyband_high:
        dmean: 5.34113423782e-05
        dmean2: 7.77179011493e-05
        dvar: 1.01935242469e-08
        dvar2: 2.32113031018e-08
        max: 0.00126626575366
        mean: 8.3458951849e-05
        min: 1.02313379102e-06
        var: 2.15016342509e-08
    spectral_energyband_low:
        dmean: 0.000661833793856
        dmean2: 0.00103823363315
        dvar: 1.03036791188e-06
        dvar2: 2.78458378489e-06
        max: 0.00704755634069
        mean: 0.00112301413901
        min: 2.34535436903e-05
        var: 1.14240856419e-06
    spectral_energyband_middle_high:
        dmean: 0.000317854981404
        dmean2: 0.000477734924061
        dvar: 2.13710094954e-07
        dvar2: 4.7710062745e-07
        max: 0.00406372826546
        mean: 0.000618766935077
        min: 1.35439604492e-05
        var: 4.53148032875e-07
    spectral_energyband_middle_low:
        dmean: 0.0013479575282
        dmean2: 0.00219703209586
        dvar: 2.34809044741e-06
        dvar2: 6.45327554594e-06
        max: 0.011972643435
        mean: 0.00348384794779
        min: 0.000229771700106
        var: 4.13158659285e-06
    spectral_flatness_db:
        dmean: 0.0279686432332
        dmean2: 0.0405052267015
        dvar: 0.000537179061212
        dvar2: 0.00112025055569
        max: 0.377050250769
        mean: 0.218368932605
        min: 0.106542810798
        var: 0.00275502935983
    spectral_flux:
        dmean: 0.0112366005778
        dmean2: 0.0175348389894
        dvar: 0.00014868247672
        dvar2: 0.000287747039692
        max: 0.0983503684402
        mean: 0.035117469728
        min: 0.00866049807519
        var: 0.000294024241157
    spectral_kurtosis:
        dmean: 4.36560106277
        dmean2: 7.03848028183
        dvar: 28.9506187439
        dvar2: 69.6751251221
        max: 49.1958694458
        mean: 10.1943588257
        min: 0.759756088257
        var: 56.7144699097
    spectral_rms:
        dmean: 0.000392643240048
        dmean2: 0.000617947021965
        dvar: 1.75629978116e-07
        dvar2: 4.31694161307e-07
        max: 0.00421976437792
        mean: 0.00219881348312
        min: 0.000673021539114
        var: 3.44917708617e-07
    spectral_rolloff:
        dmean: 388.400543213
        dmean2: 666.422729492
        dvar: 390425.28125
        dvar2: 1013204.3125
        max: 4285.10742188
        mean: 926.62890625
        min: 150.732421875
        var: 838883.5
    spectral_skewness:
        dmean: 0.443277597427
        dmean2: 0.687273204327
        dvar: 0.234415277839
        dvar2: 0.510906338692
        max: 5.38163948059
        mean: 2.3375685215
        min: 0.603378891945
        var: 0.661590218544
    spectral_spread:
        dmean: 491565.4375
        dmean2: 679144.125
        dvar: 436023263232
        dvar2: 635584512000
        max: 13694873
        mean: 3459013.75
        min: 1596363.625
        var: 1.36781692928e+12
    spectral_strongpeak:
        dmean: 0.142647311091
        dmean2: 0.24431116879
        dvar: 0.0306195914745
        dvar2: 0.086462892592
        max: 1.61741375923
        mean: 0.306184798479
        min: 0.0198043230921
        var: 0.0393853597343
    zerocrossingrate:
        dmean: 0.00763266673312
        dmean2: 0.0083224568516
        dvar: 5.40503424418e-05
        dvar2: 5.74144105485e-05
        max: 0.140625
        mean: 0.0360294803977
        min: 0.0078125
        var: 0.000478615722386
    barkbands:
        dmean: [3.76223056264e-07, 0.000145414698636, 0.00056715804385, 0.000858805025928, 0.00035625192686, 0.000312740041409, 0.000190629536519, 0.000215233158087, 0.000107883555756, 7.84098156146e-05, 4.66950368718e-05, 4.93181141792e-05, 3.31243536493e-05, 3.43338761013e-05, 2.01770035346e-05, 2.62766952801e-05, 3.08421040245e-05, 3.99463970098e-05, 6.00500134169e-05, 4.12627341575e-05, 2.7895979656e-05, 5.05142952534e-06, 9.46503519117e-07, 3.39607225897e-07, 1.48827467683e-07, 6.94242263677e-09, 8.11857692185e-10]
        dmean2: [4.66187202619e-07, 0.000240450288402, 0.000900519662537, 0.00140928849578, 0.000585295725614, 0.000488223449793, 0.000314043922117, 0.000346684188116, 0.000164170880453, 0.0001287299674, 7.53373024054e-05, 7.90643462096e-05, 5.08690427523e-05, 5.52507699467e-05, 3.18494458043e-05, 4.13358466176e-05, 4.93037114211e-05, 6.70723966323e-05, 9.52747868723e-05, 6.22526058578e-05, 4.27543200203e-05, 7.57883344704e-06, 1.3463002233e-06, 4.5862219622e-07, 2.15657593117e-07, 9.43516997864e-09, 9.8692887196e-10]
        dvar: [2.11966902364e-11, 7.46699981846e-08, 7.89240800714e-07, 1.10707367185e-06, 3.1624833241e-07, 1.97758623699e-07, 1.11611520026e-07, 1.45623218373e-07, 2.98647542252e-08, 2.19811511215e-08, 4.97866770033e-09, 6.88209622624e-09, 2.10326045469e-09, 3.5636245066e-09, 9.99386906564e-10, 2.51129517181e-09, 2.11840123221e-09, 5.96473714864e-09, 1.29109336555e-08, 7.07894143304e-09, 3.08439607188e-09, 7.24372506422e-11, 2.34113011095e-12, 1.46643276949e-12, 2.13291366448e-13, 3.4010921872e-16, 1.56967275346e-16]
        dvar2: [2.15218433353e-11, 1.84121105917e-07, 2.20005972551e-06, 3.15036186294e-06, 8.49082425702e-07, 5.43109592854e-07, 2.65422841039e-07, 4.19245395733e-07, 6.81521470369e-08, 5.06768351727e-08, 1.26307657666e-08, 1.87334361357e-08, 5.07387776238e-09, 8.55137294309e-09, 2.23685203693e-09, 6.06771299871e-09, 5.32787902685e-09, 1.7045378442e-08, 3.07839798097e-08, 1.26858310523e-08, 7.79379583093e-09, 1.53797238833e-10, 5.10235039983e-12, 1.99361642646e-12, 4.38529231374e-13, 6.18036001777e-16, 1.57030366065e-16]
        max: [9.51428082772e-05, 0.00186401652172, 0.0065541928634, 0.00931327790022, 0.00554998731241, 0.0051029836759, 0.00433983048424, 0.0032896893099, 0.00193795189261, 0.0016116091283, 0.000615428492893, 0.000768493569922, 0.000412471155869, 0.000564691086765, 0.000298117636703, 0.000503729563206, 0.000311563460855, 0.000596469268203, 0.00155346782412, 0.00136202911381, 0.000708217849024, 0.000112781686767, 1.73475618794e-05, 2.54476562986e-05, 8.68830829859e-06, 2.49290593501e-07, 2.60177785094e-07]
        mean: [3.50333607457e-07, 0.000190299542737, 0.000932472059503, 0.00146268680692, 0.000582447857596, 0.00059581710957, 0.000301233521895, 0.000320268300129, 0.000205167612876, 0.0001228483452, 6.61657904857e-05, 6.81268429616e-05, 4.95230415254e-05, 4.92110884807e-05, 3.206371548e-05, 3.7087520468e-05, 4.44282450189e-05, 4.87912911922e-05, 8.82755557541e-05, 5.94714038016e-05, 4.22038792749e-05, 7.75200533099e-06, 1.65346182257e-06, 5.67844779198e-07, 2.68257309699e-07, 1.26264980693e-08, 7.6635903179e-10]
        min: [2.81306478112e-10, 1.53926430357e-06, 4.54388924709e-07, 2.17741089727e-05, 1.41578202602e-05, 7.99174722488e-06, 4.87833722218e-06, 3.44812747244e-06, 1.58851344167e-06, 5.9933790908e-07, 5.99605073148e-07, 2.95827845775e-07, 3.12664894864e-07, 6.73735257806e-07, 4.6757486416e-07, 8.04682827038e-07, 5.40345808986e-07, 5.11744644882e-07, 1.08036670099e-06, 7.30261035642e-07, 3.9382587147e-07, 1.08899470774e-07, 1.9856461364e-08, 3.43280848192e-09, 3.07115488596e-09, 2.82875806112e-10, 4.79081258985e-14]
        var: [2.11556050456e-11, 7.80866145078e-08, 9.15138741675e-07, 1.91658500626e-06, 3.86038493616e-07, 4.79752600313e-07, 2.21796412347e-07, 2.45595202841e-07, 9.4114120941e-08, 4.24591881654e-08, 7.09604197624e-09, 7.92255061555e-09, 3.95062960123e-09, 4.86189133397e-09, 1.89193283262e-09, 3.22393955976e-09, 3.14276826785e-09, 5.79076386842e-09, 2.40859581169e-08, 1.73668652792e-08, 5.32160626676e-09, 1.68855512905e-10, 5.76172182881e-12, 3.20113141723e-12, 4.48223462469e-13, 7.62722411119e-16, 1.56907427174e-16]
    mfcc:
        mean: [-762.778320312, 173.441635132, -27.9107284546, 55.3990097046, -20.469953537, 3.17748188972, 0.936975955963, -5.303150177, -2.70675182343, -4.26998567581, -2.98324179649, -4.41895866394, -7.11223983765]
        cov: [[3010.83251953, -1395.6842041, -408.304656982, -150.92805481, -151.919067383, -134.749343872, 64.0916900635, 33.8268356323, 20.1252307892, 11.8486032486, -25.0767860413, -37.1035194397, -29.6769542694], [-1395.6842041, 1329.12695312, -4.78436803818, -3.39435768127, 98.6136627197, 78.8006973267, -93.4951171875, 2.36676645279, -22.0316543579, -41.2618370056, 18.6711025238, 45.4204368591, 35.7764549255], [-408.304656982, -4.78436803818, 317.184051514, 68.4678421021, -15.1733646393, 10.4886083603, 22.448469162, -9.82945823669, 2.41776823997, 8.0787153244, -1.00470161438, 2.6897957325, -3.97285056114], [-150.92805481, -3.39435768127, 68.4678421021, 207.625579834, 53.2901191711, 17.7101993561, -35.2311134338, -25.1176223755, -30.8372802734, -23.8522357941, -4.81760597229, 4.00877714157, 14.0263242722], [-151.919067383, 98.6136627197, -15.1733646393, 53.2901191711, 111.94278717, 36.7271232605, -13.119635582, -12.8194847107, -12.3202543259, -10.3714046478, -1.34370851517, -1.56340372562, 13.4164485931], [-134.749343872, 78.8006973267, 10.4886083603, 17.7101993561, 36.7271232605, 89.857635498, 42.2275238037, 27.340511322, 0.185107931495, -8.64114952087, -5.67949390411, 4.47345542908, -1.29961907864], [64.0916900635, -93.4951171875, 22.448469162, -35.2311134338, -13.119635582, 42.2275238037, 109.062110901, 49.6385726929, 20.6124210358, 5.55307483673, 3.31861519814, -1.9978120327, -11.2571201324], [33.8268356323, 2.36676645279, -9.82945823669, -25.1176223755, -12.8194847107, 27.340511322, 49.6385726929, 73.2357788086, 31.8056945801, 9.82956600189, 5.98992967606, 4.21871995926, -13.6160125732], [20.1252307892, -22.0316543579, 2.41776823997, -30.8372802734, -12.3202543259, 0.185107931495, 20.6124210358, 31.8056945801, 68.1384735107, 40.0042762756, 21.1340408325, 5.75288629532, -7.06107950211], [11.8486032486, -41.2618370056, 8.0787153244, -23.8522357941, -10.3714046478, -8.64114952087, 5.55307483673, 9.82956600189, 40.0042762756, 69.8924789429, 36.1849784851, 12.3035678864, -2.25855493546], [-25.0767860413, 18.6711025238, -1.00470161438, -4.81760597229, -1.34370851517, -5.67949390411, 3.31861519814, 5.98992967606, 21.1340408325, 36.1849784851, 56.2285346985, 21.0407371521, 1.56396877766], [-37.1035194397, 45.4204368591, 2.6897957325, 4.00877714157, -1.56340372562, 4.47345542908, -1.9978120327, 4.21871995926, 5.75288629532, 12.3035678864, 21.0407371521, 48.4959602356, 19.7865600586], [-29.6769542694, 35.7764549255, -3.97285056114, 14.0263242722, 13.4164485931, -1.29961907864, -11.2571201324, -13.6160125732, -7.06107950211, -2.25855493546, 1.56396877766, 19.7865600586, 54.2842216492]]
        icov: [[0.00109398551285, 0.00117273489013, 0.00129531801213, 0.000342097366229, 0.000402124307584, 0.00034789784695, 0.000359538535122, -0.000684949976858, 7.20144525985e-05, 0.000710919033736, -8.79423096194e-05, -0.000385718391044, -0.000174646309461], [0.00117273489013, 0.00239141867496, 0.00101358687971, 0.00123012531549, -0.000236465901253, -0.00113468244672, 0.00256958883256, -0.0016918348847, 8.45370450406e-05, 0.00213433452882, -0.00128800142556, -0.000910448143259, -0.000570075761061], [0.00129531801213, 0.00101358687971, 0.00552405742928, -0.00175608566497, 0.00202158256434, 0.000517300213687, -0.00207221950404, 0.00146606785711, -0.00060857529752, -0.000644932617433, 0.00118398084305, -0.000796473759692, 0.000499128305819], [0.000342097366229, 0.00123012531549, -0.00175608566497, 0.00778180127963, -0.00300099956803, -0.00210046814755, 0.00438279751688, -0.00153785059229, 0.00162867677864, 0.00302994484082, -0.00230757240206, -0.00060953036882, -0.000921807833947], [0.000402124307584, -0.000236465901253, 0.00202158256434, -0.00300099956803, 0.0141561934724, -0.00627856189385, 0.000897095305845, 0.0030708971899, -0.000797042273916, -0.000117601870443, -0.00142453145236, 0.00329976715147, -0.00266397907399], [0.00034789784695, -0.00113468244672, 0.000517300213687, -0.00210046814755, -0.00627856189385, 0.0216522961855, -0.00962421670556, -0.00390118267387, 0.00189319206402, -0.00132585829124, 0.0047987960279, -0.0035539935343, 0.00196267501451], [0.000359538535122, 0.00256958883256, -0.00207221950404, 0.00438279751688, 0.000897095305845, -0.00962421670556, 0.0213387496769, -0.0104501256719, 0.00027486885665, 0.00375860440545, -0.00473015010357, 0.00216279365122, -0.00188921031076], [-0.000684949976858, -0.0016918348847, 0.00146606785711, -0.00153785059229, 0.0030708971899, -0.00390118267387, -0.0104501256719, 0.028452930972, -0.011273487471, 0.00150309794117, 0.0017477403162, -0.00321561400779, 0.00508041586727], [7.20144525985e-05, 8.45370450406e-05, -0.00060857529752, 0.00162867677864, -0.000797042273916, 0.00189319206402, 0.00027486885665, -0.011273487471, 0.0287664495409, -0.0139258792624, -0.000824646558613, 0.00126075895969, -0.000283466215478], [0.000710919033736, 0.00213433452882, -0.000644932617433, 0.00302994484082, -0.000117601870443, -0.00132585829124, 0.00375860440545, 0.00150309794117, -0.0139258792624, 0.0321431942284, -0.0156967435032, -0.00108958233614, -0.000318997743307], [-8.79423096194e-05, -0.00128800142556, 0.00118398084305, -0.00230757240206, -0.00142453145236, 0.0047987960279, -0.00473015010357, 0.0017477403162, -0.000824646558613, -0.0156967435032, 0.0331244729459, -0.0114388875663, 0.00386290322058], [-0.000385718391044, -0.000910448143259, -0.000796473759692, -0.00060953036882, 0.00329976715147, -0.0035539935343, 0.00216279365122, -0.00321561400779, 0.00126075895969, -0.00108958233614, -0.0114388875663, 0.0320653803647, -0.0120099028572], [-0.000174646309461, -0.000570075761061, 0.000499128305819, -0.000921807833947, -0.00266397907399, 0.00196267501451, -0.00188921031076, 0.00508041586727, -0.000283466215478, -0.000318997743307, 0.00386290322058, -0.0120099028572, 0.0247806049883]]
    spectral_contrast:
        mean: [5.68366687048e-08, 4.13178014469e-07, 1.44835823335e-07, -1.39308525604e-07, -2.20918376925e-08, 1.03615054314e-08, -3.01544059766e-06, 6.14011014477e-06, -2.87211207706e-07, -2.37573021877e-06, -2.34689832723e-06, -2.46998865805e-06]
        var: [0.000295208592433, 0.000447617087048, 0.000846743525472, 0.00261238054372, 0.00337511696853, 0.00497020455077, 0.0490018799901, 0.0900562405586, 0.147604241967, 0.183582335711, 0.485411405563, 1.69301593304]

rhythm:
    beats_loudness:
        dmean: 0.00259497878142
        dmean2: 0.00382684031501
        dvar: 1.0985551171e-06
        dvar2: 6.09104017713e-06
        max: 0.00976424012333
        mean: 0.00546752102673
        min: 0.00177569093648
        var: 4.35754054706e-06
    beats_loudness_bass:
        dmean: 0.25905585289
        dmean2: 0.447696119547
        dvar: 0.0323865525424
        dvar2: 0.0778756439686
        max: 0.836679279804
        mean: 0.467730939388
        min: 0.133960828185
        var: 0.0482800230384
    bpm: 92.0651626587
    bpm_confidence: 0
    first_peak_bpm: 92
    first_peak_spread: 0
    first_peak_weight: 0.470588237047
    onset_rate: 4.48608398438
    second_peak_bpm: 136
    second_peak_spread: 0
    second_peak_weight: 0.470588237047
    beats_position: [0.313323259354, 0.965038180351, 1.61675310135, 2.26846790314, 2.92018270493, 3.57189750671, 4.2236123085, 4.87532711029, 5.52704191208, 5.99516916275, 6.4351439476, 6.87511730194, 7.31509113312, 7.75506591797, 8.19503974915, 8.63501358032, 9.0749874115, 9.51496124268]
    bpm_estimates: [91.9480514526, 92.122177124, 91.7809677124, 92.2921066284, 92.2476959229, 92.1985702515, 91.8665618896]
    bpm_intervals: [0.651714920998, 0.651714920998, 0.651714801788, 0.651714801788, 0.651714801788, 0.651714801788, 0.651714801788, 0.651714801788, 0.468127250671, 0.439974784851, 0.43997335434, 0.439973831177, 0.439974784851, 0.439973831177, 0.439973831177, 0.439973831177, 0.439973831177]
    onset_times: [0.0580498874187, 0.290249437094, 0.383129239082, 0.743038535118, 0.940408170223, 1.20743763447, 1.40480720997, 1.6137868166, 1.84598636627, 2.0549659729, 2.27555561066, 2.49614500999, 2.70512461662, 2.94893431664, 3.13469386101, 3.3785033226, 3.56426310539, 3.68036270142, 3.81968259811, 4.22603178024, 4.34213161469, 4.45823144913, 4.7020406723, 4.91102027893, 5.14321994781, 5.36380958557, 5.5727891922, 5.7701587677, 5.99074840546, 6.19972801208, 6.43192720413, 6.64090681076, 6.87310647964, 7.08208608627, 7.30267572403, 7.9644446373, 8.20825386047, 8.4172334671, 8.63782310486, 8.85841274261, 9.05578231812, 9.27637195587, 9.52018165588, 9.71755123138, 9.93814086914]
    rubato_start: [5.99516916275]
    rubato_stop: [6.4351439476]
    perceptual_tempo: "unknown"

sfx:
    inharmonicity:
        dmean: 0.0196154024452
        dmean2: 0.0350411422551
        dvar: 0.000586401147302
        dvar2: 0.00163097749464
        max: 0.162584632635
        mean: 0.0189820975065
        min: 4.75394808745e-05
        var: 0.000639135017991
    oddtoevenharmonicenergyratio:
        dmean: 4.43557453156
        dmean2: 8.52252578735
        dvar: 398.231292725
        dvar2: 1183.2434082
        max: 202.680892944
        mean: 2.59323596954
        min: 0.000130455591716
        var: 206.296234131
    pitch_after_max_to_before_max_energy_ratio: 12.3462495804
    pitch_centroid: 210.42237854
    pitch_max_to_total: 0.0325581394136
    pitch_min_to_total: 0.411627918482
    tristimulus:
        dmean: [0.233211323619, 0.235935807228, 0.0556777790189]
        dmean2: [0.411169081926, 0.423865526915, 0.0966897159815]
        dvar: [0.0394181907177, 0.0400573462248, 0.00657043140382]
        dvar2: [0.109714820981, 0.111950039864, 0.0202436000109]
        max: [0.984674215317, 0.971301198006, 0.600926220417]
        mean: [0.527267754078, 0.392561227083, 0.0702842995524]
        min: [0.023159429431, 0, 0]
        var: [0.0650874748826, 0.0594137050211, 0.00663728546351]

tonal:
    chords_changes_rate: 0.0787037014961
    chords_number_rate: 0.0231481473893
    chords_strength:
        dmean: 0.00960703659803
        dmean2: 0.00988571438938
        dvar: 6.28941488685e-05
        dvar2: 7.229091716e-05
        max: 0.704861879349
        mean: 0.521737575531
        min: 0.274456351995
        var: 0.0141697302461
    key_strength: 0.638573765755
    tuning_diatonic_strength: 0.539905250072
    tuning_equal_tempered_deviation: 0.180349975824
    tuning_frequency: 439.745910645
    tuning_nontempered_energy_ratio: 0.80784881115
    hpcp:
        dmean: [0.135347828269, 0.112957008183, 0.0755470395088, 0.0642029196024, 0.0606084056199, 0.0421650670469, 0.0431369133294, 0.0603348948061, 0.0844254419208, 0.0746445134282, 0.0782860964537, 0.0868959128857, 0.103732176125, 0.170266613364, 0.229128420353, 0.227416679263, 0.218230083585, 0.175636067986, 0.0952116772532, 0.0905081629753, 0.0976530313492, 0.106072477996, 0.128498449922, 0.132176712155, 0.122589066625, 0.108726747334, 0.117282025516, 0.10121294111, 0.0763902440667, 0.0689486116171, 0.0618643350899, 0.0549392402172, 0.0609017498791, 0.0932652950287, 0.141258612275, 0.165377020836]
        dmean2: [0.232939526439, 0.187452316284, 0.121820002794, 0.118310935795, 0.111867271364, 0.0713831484318, 0.0764245092869, 0.104053251445, 0.139674931765, 0.120264455676, 0.127165347338, 0.154769539833, 0.178259089589, 0.299203664064, 0.407620757818, 0.393534451723, 0.373273998499, 0.320571005344, 0.174922332168, 0.156187355518, 0.161668986082, 0.181693851948, 0.224596649408, 0.235346123576, 0.216823861003, 0.194438353181, 0.212582826614, 0.172349259257, 0.129314363003, 0.119306325912, 0.098364084959, 0.0843872651458, 0.107708111405, 0.167505547404, 0.25521454215, 0.301772236824]
        dvar: [0.0262756999582, 0.0228064805269, 0.0216294769198, 0.0293985065073, 0.0263342484832, 0.00625413702801, 0.0085748238489, 0.0159632768482, 0.0218674112111, 0.0219305418432, 0.0229127593338, 0.0301148407161, 0.033774767071, 0.058539159596, 0.0693544819951, 0.0643399208784, 0.0608123987913, 0.0590853318572, 0.0370818115771, 0.0343289226294, 0.0424244962633, 0.0338852144778, 0.0576722063124, 0.051879901439, 0.0461968407035, 0.0370395183563, 0.0461972355843, 0.0344188548625, 0.0191219709814, 0.0195090323687, 0.0179402418435, 0.0112715866417, 0.0166729390621, 0.0366876348853, 0.044713832438, 0.0529544353485]
        dvar2: [0.067994505167, 0.0579304099083, 0.0602526217699, 0.0854547992349, 0.0759406685829, 0.0165705420077, 0.0231801643968, 0.0450409911573, 0.0602890737355, 0.0495595745742, 0.050202421844, 0.0841732919216, 0.0857674106956, 0.14654135704, 0.183226838708, 0.150679841638, 0.153237178922, 0.163714304566, 0.103881277144, 0.0859187394381, 0.0996359065175, 0.0820029526949, 0.145480081439, 0.141267091036, 0.125406429172, 0.0815136283636, 0.122774787247, 0.085471637547, 0.0455347336829, 0.052862778306, 0.0296974219382, 0.0246695894748, 0.0464176759124, 0.107664056122, 0.125577226281, 0.1475084126]
        max: [1, 1, 0.984447419643, 0.946480691433, 0.960319161415, 0.434920608997, 0.650111556053, 1, 1, 1, 1, 1, 1, 1, 1, 1, 1, 1, 1, 1, 1, 1, 1, 1, 1, 1, 1, 1, 1, 1, 1, 1, 0.897441446781, 1, 1, 1]
        mean: [0.179611086845, 0.15658634901, 0.0739044323564, 0.0448163412511, 0.0408057160676, 0.0328393206, 0.0364392846823, 0.0515177883208, 0.110891282558, 0.159534990788, 0.111974745989, 0.0674165636301, 0.095785588026, 0.179887369275, 0.334770172834, 0.462631911039, 0.368213921785, 0.161389648914, 0.0692712292075, 0.0743062421679, 0.0884749367833, 0.120219707489, 0.145130425692, 0.121235325933, 0.141973122954, 0.151363730431, 0.111541733146, 0.0895731002092, 0.067030608654, 0.0686209127307, 0.0808086916804, 0.0603218227625, 0.0495861135423, 0.0702436119318, 0.111794382334, 0.14550293982]
        min: [0.00207064603455, 0.00126745318994, 0.000167723730556, 0.000203288727789, 0.000153109678649, 9.40667596296e-05, 0.000144428209751, 0.000242786423769, 0.00072599737905, 0.00043679313967, 8.97913632798e-05, 0.000193947984371, 0.000319510611007, 0.000305203138851, 0.00107186264358, 0.00118684396148, 0.00132788799237, 0.000368850363884, 0.000159220566275, 8.85846311576e-05, 0.000441693817265, 0.000657839758787, 0.000646483036689, 0.000332888303092, 0.000146496808156, 0.000179089300218, 0.000456203299109, 0.000730539031792, 0.000607919180766, 0.000304429908283, 0.000173976935912, 0.000254804035649, 0.000335410091793, 0.000308993447106, 0.000514418643434, 0.000631836242974]
        var: [0.0463487692177, 0.0415703952312, 0.0177953597158, 0.0171584468335, 0.0153464972973, 0.00441287644207, 0.00570991868153, 0.0107991565019, 0.0320392847061, 0.0883465632796, 0.0452202707529, 0.0220543760806, 0.0387065261602, 0.0830257385969, 0.113206721842, 0.138513848186, 0.120761565864, 0.0543659254909, 0.0258864872158, 0.0313194319606, 0.0420375913382, 0.0469680726528, 0.0753394588828, 0.0504648461938, 0.0746309608221, 0.0815822780132, 0.0392160564661, 0.0295502971858, 0.0175213422626, 0.0217739008367, 0.0380428805947, 0.0168371982872, 0.0115498406813, 0.0235232636333, 0.0376680120826, 0.0489075705409]
    chords_histogram: [62.0370368958, 1.85185182095, 0, 0.925925910473, 0, 0, 11.5740737915, 22.2222213745, 0, 0, 0, 0, 0, 0, 0, 0, 0, 1.38888883591, 0, 0, 0, 0, 0, 0]
    thpcp: [1, 0.795911192894, 0.348851084709, 0.149732917547, 0.160616338253, 0.191242620349, 0.259860396385, 0.313706040382, 0.262055695057, 0.306881397963, 0.327179610729, 0.241102546453, 0.193616345525, 0.144889727235, 0.148327231407, 0.174671679735, 0.130388379097, 0.107182651758, 0.151834771037, 0.24164865911, 0.314511239529, 0.388237565756, 0.338468551636, 0.159747809172, 0.0968725681305, 0.0882034152746, 0.0709836930037, 0.0787651762366, 0.111358053982, 0.239696577191, 0.344842165709, 0.242038533092, 0.145723983645, 0.207044929266, 0.388834774494, 0.72362101078]
    chords_key: "D"
    chords_scale: "minor"
    key_key: "D"
    key_scale: "minor"
    chords_progression: ["Bm", "Bm", "Bm", "Bm", "Bm", "Bm", "Bm", "Bm", "Bm", "Bm", "Bm", "Bm", "Bm", "Bm", "Bm", "Bm", "Bm", "Bm", "Bm", "Bm", "Bm", "Bm", "Bm", "Bm", "D", "D", "D", "D", "D", "D", "D", "D", "D", "D", "D", "D", "D", "D", "D", "D", "D", "Dm", "Dm", "Dm", "Dm", "Dm", "Dm", "Dm", "Dm", "Dm", "Dm", "Dm", "Dm", "Dm", "Dm", "Dm", "Dm", "Dm", "D", "D", "D", "D", "D", "D", "D", "D", "D", "D", "D", "Dm", "Dm", "Dm", "Dm", "Dm", "Dm", "D", "D", "Dm", "Dm", "Dm", "Dm", "Dm", "Dm", "Dm", "Dm", "Dm", "Dm", "Dm", "Dm", "Dm", "Dm", "Dm", "Dm", "Dm", "Dm", "Dm", "Dm", "Dm", "Dm", "Dm", "Dm", "Dm", "Dm", "Dm", "Dm", "Dm", "Dm", "Dm", "Dm", "Dm", "Dm", "Dm", "Dm", "Dm", "Dm", "Dm", "Dm", "Dm", "Dm", "Dm", "Dm", "Dm", "Dm", "Dm", "Dm", "Dm", "Dm", "Dm", "Dm", "Dm", "Dm", "Dm", "Dm", "Dm", "Dm", "Dm", "Dm", "Dm", "Dm", "Dm", "Dm", "Dm", "Dm", "Dm", "D", "D", "D", "D", "D", "D", "D", "D", "D", "D", "C#", "C#", "D", "D", "D", "D", "D", "D", "C#", "D", "Dm", "Dm", "Dm", "Dm", "Dm", "Dm", "Dm", "Dm", "Dm", "Dm", "Dm", "Dm", "Dm", "Dm", "Dm", "Dm", "Dm", "Dm", "Dm", "Dm", "Dm", "Dm", "Dm", "Dm", "Dm", "Dm", "Dm", "Dm", "Dm", "Dm", "Dm", "Dm", "Dm", "Dm", "Dm", "Dm", "Dm", "Dm", "Dm", "Dm", "Dm", "Dm", "Dm", "D", "Dm", "F", "F", "F", "F", "C", "C", "Bm"]
