
metadata:
    version:
        essentia: "1.2.2"
    audio_properties:
        analysis_sample_rate: 44100
        bitrate: 128
        channels: 2
        equal_loudness: 1
        length: 10.0048980713
        replay_gain: -6.19380950928
        downmix: "mix"
    tags:
        track: 29
        year: 0
        album: "Splitted by Mp3Splt v. 2.1"
        artist: "From 004.40 To 004.50"
        comment: "http://mp3splt.sf.net"
        genre: ""
        title: "14 Too Long.mp3"

highlevel:
    ballroom:
        all:
            ChaChaCha: 0.0834884420037
            Jive: 0.182544827461
            Quickstep: 0.0537625066936
            Rumba-American: 0.0112026175484
            Rumba-International: 0.227939978242
            Rumba-Misc: 0.0455971062183
            Samba: 0.0633546710014
            Tango: 0.0488720573485
            VienneseWaltz: 0.219964101911
            Waltz: 0.0632736906409
        probability: 0.227939978242
        value: "Rumba-International"
    culture:
        all:
            non_western: 0.25407487154
            western: 0.74592512846
        probability: 0.74592512846
        value: "western"
    gender:
        all:
            female: 0.655830025673
            male: 0.344169974327
        probability: 0.655830025673
        value: "female"
    genre_dortmund:
        all:
            alternative: 0.227918058634
            blues: 0.0417031981051
            electronic: 0.0928322672844
            folkcountry: 0.0524827130139
            funksoulrnb: 0.0119908396155
            jazz: 0.0725368782878
            pop: 0.0576702840626
            raphiphop: 0.0117488550022
            rock: 0.431116908789
        probability: 0.431116908789
        value: "rock"
    genre_electronica:
        all:
            ambient: 0.261595636606
            dnb: 0.189546346664
            house: 0.0884523764253
            techno: 0.0234255101532
            trance: 0.436980128288
        probability: 0.436980128288
        value: "trance"
    genre_rosamerica:
        all:
            cla: 0.018343674019
            dan: 0.0147961210459
            hip: 0.00339593505487
            jaz: 0.0133775575086
            pop: 0.026396477595
            rhy: 0.00521169602871
            roc: 0.916600883007
            spe: 0.00187763071153
        probability: 0.916600883007
        value: "roc"
    genre_tzanetakis:
        all:
            blu: 0.0269919335842
            cla: 0.0270455852151
            cou: 0.166484713554
            dis: 0.117638796568
            hip: 0.0137313557789
            jaz: 0.0302366856486
            met: 0.0376990139484
            pop: 0.152098149061
            reg: 0.133382931352
            roc: 0.294690847397
        probability: 0.294690847397
        value: "roc"
    live_studio:
        all:
            live: 0.251120746136
            studio: 0.748879253864
        probability: 0.748879253864
        value: "studio"
    mood:
        all:
            Cluster1: 0.376330703497
            Cluster2: 0.141183823347
            Cluster3: 0.294427961111
            Cluster4: 0.0602140277624
            Cluster5: 0.127843469381
        probability: 0.376330703497
        value: "Cluster1"
    mood_acoustic:
        all:
            acoustic: 0.0359896570444
            not_acoustic: 0.964010357857
        probability: 0.964010357857
        value: "not_acoustic"
    mood_aggressive:
        all:
            aggressive: 0.632925570011
            not_aggressive: 0.367074459791
        probability: 0.632925570011
        value: "aggressive"
    mood_electronic:
        all:
            electronic: 0.936512053013
            not_electronic: 0.0634879767895
        probability: 0.936512053013
        value: "electronic"
    mood_happy:
        all:
            happy: 0.550744533539
            not_happy: 0.449255466461
        probability: 0.550744533539
        value: "happy"
    mood_party:
        all:
            not_party: 0.745181918144
            party: 0.254818052053
        probability: 0.745181918144
        value: "not_party"
    mood_relaxed:
        all:
            not_relaxed: 0.380537718534
            relaxed: 0.619462251663
        probability: 0.619462251663
        value: "relaxed"
    mood_sad:
        all:
            not_sad: 0.722199320793
            sad: 0.277800709009
        probability: 0.722199320793
        value: "not_sad"
    rhythm:
        all:
            fast: 0.365859001875
            medium: 0.331904739141
            slow: 0.302236258984
        probability: 0.365859001875
        value: "fast"
    speech_music:
        all:
            music: 0.999993622303
            speech: 6.35566993878e-06
        probability: 0.999993622303
        value: "music"
    timbre:
        all:
            bright: 0.0977307781577
            dark: 0.902269244194
        probability: 0.902269244194
        value: "dark"
    voice_instrumental:
        all:
            instrumental: 0.903553664684
            voice: 0.0964463502169
        probability: 0.903553664684
        value: "instrumental"

lowlevel:
    average_loudness: 0.981252908707
    barkbands_kurtosis:
        dmean: 0.611706912518
        dmean2: 0.96037966013
        dvar: 0.909802436829
        dvar2: 2.11248230934
        max: 7.27708530426
        mean: -1.01077663898
        min: -1.9284389019
        var: 1.18260836601
    barkbands_skewness:
        dmean: 0.41142526269
        dmean2: 0.599687278271
        dvar: 0.170139417052
        dvar2: 0.289374768734
        max: 2.78255152702
        mean: 0.187320113182
        min: -1.97308182716
        var: 0.558922886848
    barkbands_spread:
        dmean: 5.35129404068
        dmean2: 8.24684619904
        dvar: 36.7159042358
        dvar2: 72.7666702271
        max: 56.2744102478
        mean: 34.3120574951
        min: 5.93566131592
        var: 106.965766907
    dissonance:
        dmean: 0.0124461073428
        dmean2: 0.0209102444351
        dvar: 0.000138567964314
        dvar2: 0.000350498419721
        max: 0.499999970198
        mean: 0.470580339432
        min: 0.386706292629
        var: 0.000247623451287
    hfc:
        dmean: 2.26436114311
        dmean2: 3.10126900673
        dvar: 6.04558706284
        dvar2: 13.0448665619
        max: 35.1581420898
        mean: 7.80704689026
        min: 1.28654921055
        var: 24.0543422699
    pitch:
        dmean: 820.324462891
        dmean2: 1577.36645508
        dvar: 1379231.875
        dvar2: 3151403.5
        max: 4410
        mean: 1131.04516602
        min: 87.1541519165
        var: 1712767
    pitch_instantaneous_confidence:
        dmean: 0.0767875686288
        dmean2: 0.122703045607
        dvar: 0.00442904373631
        dvar2: 0.0112323882058
        max: 0.863741517067
        mean: 0.455312877893
        min: 0.184421062469
        var: 0.0182738676667
    pitch_salience:
        dmean: 0.0540754906833
        dmean2: 0.0873040705919
        dvar: 0.00222336454317
        dvar2: 0.00507445028052
        max: 0.784469246864
        mean: 0.568556904793
        min: 0.313020318747
        var: 0.0109711652622
    silence_rate_20dB:
        dmean: 0
        dmean2: 0
        dvar: 0
        dvar2: 0
        max: 1
        mean: 1
        min: 1
        var: 0
    silence_rate_30dB:
        dmean: 0
        dmean2: 0
        dvar: 0
        dvar2: 0
        max: 1
        mean: 1
        min: 1
        var: 0
    silence_rate_60dB:
        dmean: 0.11627907306
        dmean2: 0.230769231915
        dvar: 0.102758131921
        dvar2: 0.233458101749
        max: 1
        mean: 0.118329465389
        min: 0
        var: 0.10432805866
    spectral_centroid:
        dmean: 253.196670532
        dmean2: 367.008483887
        dvar: 80042.7734375
        dvar2: 112940.859375
        max: 3136.26196289
        mean: 1407.76489258
        min: 400.237548828
        var: 293569.46875
    spectral_complexity:
        dmean: 2.52102804184
        dmean2: 3.80562067032
        dvar: 5.38974046707
        dvar2: 10.7373914719
        max: 28
        mean: 13.4685316086
        min: 2
        var: 23.652261734
    spectral_crest:
        dmean: 1.82539355755
        dmean2: 2.81721758842
        dvar: 2.55395913124
        dvar2: 6.27115154266
        max: 18.6072025299
        mean: 8.16583156586
        min: 3.4158911705
        var: 7.89264392853
    spectral_decrease:
        dmean: 3.28067961686e-10
        dmean2: 4.99419394728e-10
        dvar: 2.21487741974e-19
        dvar2: 5.86844009359e-19
        max: -3.63189894825e-10
        mean: -1.24254362355e-09
        min: -5.10933029219e-09
        var: 3.02855999566e-19
    spectral_energy:
        dmean: 0.00137431477197
        dmean2: 0.00209721061401
        dvar: 3.61080810762e-06
        dvar2: 9.42009864957e-06
        max: 0.0207388103008
        mean: 0.00539776543155
        min: 0.0014922444243
        var: 5.63159892408e-06
    spectral_energyband_high:
        dmean: 0.000164461831446
        dmean2: 0.000230752280913
        dvar: 8.02232733577e-08
        dvar2: 1.50422962975e-07
        max: 0.00433797994629
        mean: 0.000380853220122
        min: 3.52203232978e-06
        var: 3.35267714036e-07
    spectral_energyband_low:
        dmean: 0.000285814341623
        dmean2: 0.00046369805932
        dvar: 3.0065473311e-07
        dvar2: 7.45418844872e-07
        max: 0.00459086149931
        mean: 0.000494822976179
        min: 8.60729301166e-07
        var: 3.48179753473e-07
    spectral_energyband_middle_high:
        dmean: 0.000704507343471
        dmean2: 0.00103762256913
        dvar: 5.39341215244e-07
        dvar2: 1.37724828164e-06
        max: 0.00916139781475
        mean: 0.00220359349623
        min: 0.000286708935164
        var: 1.50178425429e-06
    spectral_energyband_middle_low:
        dmean: 0.000825118098874
        dmean2: 0.00127985805739
        dvar: 1.66733013884e-06
        dvar2: 4.26389033237e-06
        max: 0.0131073109806
        mean: 0.00231848005205
        min: 0.000165430872585
        var: 2.37722588281e-06
    spectral_flatness_db:
        dmean: 0.0180649515241
        dmean2: 0.0271496605128
        dvar: 0.000293131277431
        dvar2: 0.000565540860407
        max: 0.330400884151
        mean: 0.19888395071
        min: 0.114750646055
        var: 0.00184851896483
    spectral_flux:
        dmean: 0.00932539626956
        dmean2: 0.0149575220421
        dvar: 0.00010125542758
        dvar2: 0.000215352876694
        max: 0.09806419909
        mean: 0.0371665358543
        min: 0.013493235223
        var: 0.000228815843002
    spectral_kurtosis:
        dmean: 3.06491351128
        dmean2: 5.09384393692
        dvar: 17.8810310364
        dvar2: 50.2290420532
        max: 38.8382873535
        mean: 7.25469684601
        min: 0.370338201523
        var: 37.474937439
    spectral_rms:
        dmean: 0.000285438989522
        dmean2: 0.000425829319283
        dvar: 1.06528794674e-07
        dvar2: 2.55799193383e-07
        max: 0.00449810922146
        mean: 0.00224558613263
        min: 0.00120658532251
        var: 2.23455330683e-07
    spectral_rolloff:
        dmean: 353.687683105
        dmean2: 555.526245117
        dvar: 242929.625
        dvar2: 504365.875
        max: 5254.1015625
        mean: 2852.52270508
        min: 322.998046875
        var: 740012.875
    spectral_skewness:
        dmean: 0.305707454681
        dmean2: 0.50494158268
        dvar: 0.110229298472
        dvar2: 0.282755821943
        max: 3.61085224152
        mean: 1.60063719749
        min: 0.539787352085
        var: 0.363258212805
    spectral_spread:
        dmean: 441714.78125
        dmean2: 699002.8125
        dvar: 328133345280
        dvar2: 577441103872
        max: 6195602
        mean: 3575850
        min: 1362996.125
        var: 1.9152985129e+12
    spectral_strongpeak:
        dmean: 0.635085105896
        dmean2: 1.09873604774
        dvar: 1.17859053612
        dvar2: 2.67891478539
        max: 6.3081445694
        mean: 1.00664925575
        min: 0.0268336459994
        var: 1.94988954067
    zerocrossingrate:
        dmean: 0.00906856916845
        dmean2: 0.00996459648013
        dvar: 7.8392229625e-05
        dvar2: 7.10169770173e-05
        max: 0.1591796875
        mean: 0.0845352560282
        min: 0.03125
        var: 0.000596846919507
    barkbands:
        dmean: [2.09142314134e-07, 5.00381938764e-05, 0.000255762482993, 0.000226558200666, 0.000465758494101, 0.000338051759172, 8.18523476482e-05, 4.24710342486e-05, 2.59115786321e-05, 2.8370110158e-05, 2.19522116822e-05, 1.66674672073e-05, 2.14760857489e-05, 9.41483158385e-05, 0.000124265381601, 0.000142227159813, 0.000347338384017, 0.000128761486849, 0.000188306206837, 0.000129856940475, 7.34035638743e-05, 3.10785035254e-05, 2.21395475819e-06, 6.95882931723e-07, 3.3872109384e-07, 1.53416745974e-08, 2.90564239336e-10]
        dmean2: [2.99427767914e-07, 7.69123871578e-05, 0.000424481491791, 0.000360712088877, 0.000694455753546, 0.000542967289221, 0.000135558409966, 6.53882307233e-05, 3.98351912736e-05, 3.94443341065e-05, 3.12212287099e-05, 2.585735092e-05, 3.35077893396e-05, 0.000136011629365, 0.000213222534512, 0.000226127143833, 0.00053225265583, 0.000213972118217, 0.000308832706651, 0.000192929786863, 0.000106691739347, 4.73330037494e-05, 3.23238259625e-06, 1.03719094113e-06, 4.86449607706e-07, 2.29246719385e-08, 5.13280085102e-10]
        dvar: [6.6989426159e-13, 1.0260976957e-08, 2.54151927948e-07, 7.06853739985e-08, 6.67305414481e-07, 3.03402941881e-07, 1.68580776005e-08, 1.66902527354e-08, 7.04834901555e-09, 2.18585660683e-09, 1.10672304654e-09, 1.65765301485e-09, 7.6944889349e-10, 2.02314627273e-08, 3.67008325952e-08, 3.90763972291e-08, 2.00650262627e-07, 2.88756591971e-08, 1.01545204245e-07, 6.18923365892e-08, 1.89651885307e-08, 3.70394959148e-09, 1.82293537904e-11, 1.58785484761e-12, 3.20783032299e-13, 4.78971932442e-16, 3.02058183865e-19]
        dvar2: [7.5718972108e-13, 2.4687782485e-08, 6.46248224712e-07, 1.563650045e-07, 1.69065265254e-06, 6.97179302733e-07, 4.74689336727e-08, 3.2136153294e-08, 1.24091101839e-08, 4.13180956116e-09, 2.32130381583e-09, 3.6316318841e-09, 1.91700388896e-09, 3.61930361237e-08, 1.00156910321e-07, 8.35827265178e-08, 4.30562693055e-07, 7.88258063267e-08, 2.68413259619e-07, 1.42521088264e-07, 3.87784311329e-08, 7.68681474028e-09, 3.51780549135e-11, 2.99047548877e-12, 6.39788840396e-13, 1.11050127495e-15, 4.82517405564e-19]
        max: [1.62037176779e-05, 0.00107658351772, 0.00386403128505, 0.00222679809667, 0.00871902890503, 0.00581793766469, 0.00121406745166, 0.00190960697364, 0.00143945496529, 0.000521635171026, 0.000392871064832, 0.000579068204388, 0.000275782629615, 0.00184335256927, 0.00231618271209, 0.00203389744274, 0.00548046967015, 0.00155461218674, 0.00293025327846, 0.00376311293803, 0.00235138367862, 0.000954475428443, 3.27778143401e-05, 1.52498878379e-05, 7.33898241378e-06, 2.33756125567e-07, 9.98427207577e-09]
        mean: [2.34360157947e-07, 9.01621679077e-05, 0.000404446764151, 0.000503960181959, 0.000945719366428, 0.000605366192758, 0.000132710949401, 6.36198965367e-05, 6.37843913864e-05, 5.03746632603e-05, 4.34721368947e-05, 2.99565217574e-05, 3.22833184327e-05, 0.00020103220595, 0.000195767046534, 0.00026919861557, 0.000777737295721, 0.000187570127309, 0.000328919617459, 0.000240302484599, 0.000168903832673, 5.53771824343e-05, 4.30068257629e-06, 1.68408655554e-06, 8.48451463753e-07, 3.79625504365e-08, 3.0944671825e-10]
        min: [1.64925614832e-10, 3.02001517127e-08, 1.54610972913e-07, 1.40449708397e-06, 3.0374455946e-06, 1.68263359228e-05, 1.78984419108e-06, 5.00848727825e-07, 4.34224944001e-07, 1.58096511882e-07, 1.55621037834e-07, 8.3243683946e-08, 4.83659050587e-07, 3.7806526052e-06, 7.41908388591e-06, 1.56800342666e-05, 1.93299347302e-05, 3.96600307795e-06, 4.45133582616e-06, 2.13189241549e-06, 1.47478419876e-06, 7.60216209983e-08, 3.35797951945e-11, 1.82856063624e-09, 6.17116302504e-10, 9.75002110298e-12, 2.41590628796e-13]
        var: [7.29856604841e-13, 1.30966979484e-08, 2.80339520486e-07, 1.42322548413e-07, 1.14152044262e-06, 6.55891540191e-07, 2.1681978879e-08, 3.39367467461e-08, 3.10720373875e-08, 5.53963097616e-09, 3.08225045487e-09, 2.51905363235e-09, 1.22907173328e-09, 8.01148942742e-08, 4.73126462452e-08, 6.5474829114e-08, 7.02968520727e-07, 3.98663075885e-08, 1.79917080345e-07, 1.39855487191e-07, 7.92521674953e-08, 9.81498704533e-09, 4.68926945885e-11, 5.95405105427e-12, 1.62948094688e-12, 2.68568164839e-15, 3.22628356241e-19]
    mfcc:
        mean: [-737.592712402, 134.617904663, -64.5470428467, 75.1352539062, 9.54890632629, 0.108088217676, -15.324546814, -17.7637023926, -2.5613758564, -15.4261054993, -13.6149520874, -7.13776350021, -8.32016468048]
        cov: [[2441.12792969, -2135.04101562, 1208.19482422, 317.161254883, -355.13583374, 91.2607803345, 169.296508789, 31.6649589539, -58.4764289856, 187.072418213, 117.014122009, -74.753616333, 114.177185059], [-2135.04101562, 2664.02587891, -1306.85742188, -377.276153564, 276.636260986, 170.062301636, -21.4635047913, 61.0818824768, 226.915435791, -119.816444397, -96.8897399902, 32.4581718445, -157.644561768], [1208.19482422, -1306.85742188, 1059.17272949, 421.234680176, -69.7942657471, 138.910598755, 104.499343872, 32.8853759766, -59.6080932617, 149.510070801, 75.795753479, -90.7742156982, 29.0527763367], [317.161254883, -377.276153564, 421.234680176, 353.896209717, 65.1660995483, 122.089851379, 65.1692810059, 0.292132735252, -37.6501274109, 46.3252334595, 17.6312179565, -51.3194847107, -18.186674118], [-355.13583374, 276.636260986, -69.7942657471, 65.1660995483, 305.944030762, -65.1440582275, -87.4784698486, -72.7449035645, -102.622573853, -61.558216095, -26.9909687042, -2.28493213654, -3.09150791168], [91.2607803345, 170.062301636, 138.910598755, 122.089851379, -65.1440582275, 495.43069458, 224.333297729, 135.806060791, 182.760269165, 96.6537857056, -30.6302394867, -111.515388489, -124.724281311], [169.296508789, -21.4635047913, 104.499343872, 65.1692810059, -87.4784698486, 224.333297729, 232.167236328, 95.3939361572, 116.619056702, 46.8946418762, -21.3651256561, -57.853351593, -50.4320106506], [31.6649589539, 61.0818824768, 32.8853759766, 0.292132735252, -72.7449035645, 135.806060791, 95.3939361572, 121.728096008, 93.4225845337, 36.6524085999, -6.39140510559, -27.0030879974, -28.0957298279], [-58.4764289856, 226.915435791, -59.6080932617, -37.6501274109, -102.622573853, 182.760269165, 116.619056702, 93.4225845337, 196.259078979, 49.8312721252, -9.03078746796, -40.5594940186, -55.8974342346], [187.072418213, -119.816444397, 149.510070801, 46.3252334595, -61.558216095, 96.6537857056, 46.8946418762, 36.6524085999, 49.8312721252, 104.178894043, 16.5420513153, -22.245059967, -31.0295658112], [117.014122009, -96.8897399902, 75.795753479, 17.6312179565, -26.9909687042, -30.6302394867, -21.3651256561, -6.39140510559, -9.03078746796, 16.5420513153, 67.4338150024, 8.47399234772, 14.9602184296], [-74.753616333, 32.4581718445, -90.7742156982, -51.3194847107, -2.28493213654, -111.515388489, -57.853351593, -27.0030879974, -40.5594940186, -22.245059967, 8.47399234772, 90.3340759277, 33.9319953918], [114.177185059, -157.644561768, 29.0527763367, -18.186674118, -3.09150791168, -124.724281311, -50.4320106506, -28.0957298279, -55.8974342346, -31.0295658112, 14.9602184296, 33.9319953918, 115.038749695]]
        icov: [[0.00205232505687, 0.00124117347877, -0.000711626955308, 0.000761580653489, 0.000476984947454, -0.000739360228181, -0.000887156755198, 0.0006863399758, 5.99351224082e-05, -0.000586518552154, -0.00116473308299, 9.28286171984e-05, -0.00105106271803], [0.00124117347877, 0.00280630029738, 0.00235817977227, -1.09429574877e-05, -0.00198186933994, -0.00136277929414, -0.000276868988294, -0.000638761674054, -0.00146273872815, -0.00109093927313, -0.00212587718852, -0.000280105537968, -0.000437601469457], [-0.000711626955308, 0.00235817977227, 0.00711332354695, -0.00388085911982, -0.00221864460036, -0.000729291059542, 0.000236986525124, -0.00237922044471, -0.000112139707198, -0.00385584891774, -0.0027765375562, 0.00163293734659, -0.00101473892573], [0.000761580653489, -1.09429574877e-05, -0.00388085911982, 0.00785252824426, -0.00157997442875, -0.00160593749024, -0.00169784179889, 0.00177968468051, 0.00109015253838, 0.000994856702164, -0.000871889293194, -0.000750198203605, 0.000490087084472], [0.000476984947454, -0.00198186933994, -0.00221864460036, -0.00157997442875, 0.0084073850885, 0.000463716569357, 0.00129745167214, 0.00211667641997, 0.0037388165947, 0.00223070243374, 0.00303708412685, 0.00203710538335, 0.000358244229574], [-0.000739360228181, -0.00136277929414, -0.000729291059542, -0.00160593749024, 0.000463716569357, 0.00707193929702, -0.00214200885966, -0.00191054760944, -0.00151037110481, -0.00132049224339, 0.00224111159332, 0.00273529160768, 0.00288246409036], [-0.000887156755198, -0.000276868988294, 0.000236986525124, -0.00169784179889, 0.00129745167214, -0.00214200885966, 0.0104919336736, -0.00305936159566, -0.00231563788839, 0.00173775793519, 0.00296278158203, 0.000766124750953, 0.000470028462587], [0.0006863399758, -0.000638761674054, -0.00237922044471, 0.00177968468051, 0.00211667641997, -0.00191054760944, -0.00305936159566, 0.0168412700295, -0.00328085711226, 1.43926063174e-05, 0.000667746702675, -0.000838665000629, -0.00134666869417], [5.99351224082e-05, -0.00146273872815, -0.000112139707198, 0.00109015253838, 0.0037388165947, -0.00151037110481, -0.00231563788839, -0.00328085711226, 0.0145714590326, -0.00249673589133, -0.000471751001896, 0.00264279730618, 0.000471868290333], [-0.000586518552154, -0.00109093927313, -0.00385584891774, 0.000994856702164, 0.00223070243374, -0.00132049224339, 0.00173775793519, 1.43926063174e-05, -0.00249673589133, 0.0184379573911, -0.00115761137567, -0.00186060043052, 0.00407129898667], [-0.00116473308299, -0.00212587718852, -0.0027765375562, -0.000871889293194, 0.00303708412685, 0.00224111159332, 0.00296278158203, 0.000667746702675, -0.000471751001896, -0.00115761137567, 0.0207587778568, -0.000917357741855, -0.000190940263565], [9.28286171984e-05, -0.000280105537968, 0.00163293734659, -0.000750198203605, 0.00203710538335, 0.00273529160768, 0.000766124750953, -0.000838665000629, 0.00264279730618, -0.00186060043052, -0.000917357741855, 0.0177694279701, -0.00219532987103], [-0.00105106271803, -0.000437601469457, -0.00101473892573, 0.000490087084472, 0.000358244229574, 0.00288246409036, 0.000470028462587, -0.00134666869417, 0.000471868290333, 0.00407129898667, -0.000190940263565, -0.00219532987103, 0.0144817363471]]
    spectral_contrast:
        mean: [7.30556379835e-08, -5.16777674875e-07, -6.2816729951e-07, -1.16638929626e-07, -5.15809439605e-08, -1.24263181078e-07, 4.86493399876e-06, 5.76872935198e-07, -1.33895093768e-06, -3.99927694161e-06, -3.83852511732e-06, 6.49086246085e-07]
        var: [0.000678780314047, 0.000827374809887, 0.00109897367656, 0.00244524562731, 0.00352866784669, 0.00522600580007, 0.0640654787421, 0.088703237474, 0.196297392249, 0.367791026831, 1.31629359722, 2.88577747345]

rhythm:
    beats_loudness:
        dmean: 0.00158842629753
        dmean2: 0.00282450974919
        dvar: 6.56544784761e-07
        dvar2: 1.45158458054e-06
        max: 0.00857452116907
        mean: 0.00489633111283
        min: 0.00148719700519
        var: 3.47869718098e-06
    beats_loudness_bass:
        dmean: 0.131257370114
        dmean2: 0.189504861832
        dvar: 0.00492529571056
        dvar2: 0.0210852660239
        max: 0.429884403944
        mean: 0.254195481539
        min: 0.0457946509123
        var: 0.012929151766
    bpm: 95.8491287231
    bpm_confidence: 0
    first_peak_bpm: 112
    first_peak_spread: 0
    first_peak_weight: 0.588235318661
    onset_rate: 3.49828648567
    second_peak_bpm: 96
    second_peak_spread: 0
    second_peak_weight: 0.352941185236
    beats_position: [0.290177345276, 0.825412154198, 1.36064696312, 1.89588165283, 2.43111634254, 2.96635103226, 3.50158572197, 4.03682088852, 4.57205581665, 5.10729074478, 5.64252519608, 6.12063694, 6.74662399292, 7.37261199951, 7.99859809875, 8.62458610535, 9.25057220459, 9.87656021118]
    bpm_estimates: [95.7198257446, 95.7420043945, 95.7105102539, 95.7793731689, 96.2939071655]
    bpm_intervals: [0.535234808922, 0.535234808922, 0.535234689713, 0.535234689713, 0.535234689713, 0.535234689713, 0.53523516655, 0.535234928131, 0.535234928131, 0.535234451294, 0.478111743927, 0.625987052917, 0.625988006592, 0.625986099243, 0.625988006592, 0.625986099243, 0.625988006592]
    onset_times: [0.0580498874187, 0.371519267559, 0.626938760281, 0.940408170223, 1.32353746891, 1.46285712719, 2.02013611794, 2.26394557953, 2.53097510338, 2.85605430603, 3.21596360207, 3.35528349876, 3.92417240143, 4.15637207031, 4.41179132462, 4.74848079681, 5.06195020676, 5.11999988556, 5.24770975113, 5.80498886108, 6.04879808426, 6.3042178154, 6.58285713196, 6.65251684189, 7.00081634521, 7.1517457962, 7.27945566177, 7.69741487503, 7.94122457504, 8.19664382935, 8.54494285583, 8.88163280487, 9.03256225586, 9.58984088898, 9.83365058899]
    rubato_start: [6.74662399292]
    rubato_stop: [9.87656021118]
    perceptual_tempo: "unknown"

sfx:
    inharmonicity:
        dmean: 0.0477087683976
        dmean2: 0.0849883109331
        dvar: 0.00298740318976
        dvar2: 0.0081706373021
        max: 0.357919424772
        mean: 0.0459527187049
        min: 0
        var: 0.00284883612767
    oddtoevenharmonicenergyratio:
        dmean: 27.3863773346
        dmean2: 50.3904724121
        dvar: 15742.3681641
        dvar2: 40692.3710938
        max: 1410.32336426
        mean: 19.6373577118
        min: 0
        var: 13668.8632812
    pitch_after_max_to_before_max_energy_ratio: 1.54924976826
    pitch_centroid: 216.226882935
    pitch_max_to_total: 0.454545468092
    pitch_min_to_total: 0.324009329081
    tristimulus:
        dmean: [0.222287133336, 0.276846051216, 0.136146962643]
        dmean2: [0.382875978947, 0.491515189409, 0.239206567407]
        dvar: [0.0417754538357, 0.0605910904706, 0.0199739336967]
        dvar2: [0.105646342039, 0.164425268769, 0.0573783218861]
        max: [1, 0.985269784927, 0.828829348087]
        mean: [0.328904092312, 0.484541594982, 0.133824437857]
        min: [0.00875006895512, 0, 0]
        var: [0.0534756183624, 0.0703780949116, 0.0199237763882]

tonal:
    chords_changes_rate: 0.00462962966412
    chords_number_rate: 0.00925925932825
    chords_strength:
        dmean: 0.00681886216626
        dmean2: 0.00925986561924
        dvar: 2.79444666376e-05
        dvar2: 4.68219041068e-05
        max: 0.659705817699
        mean: 0.589803755283
        min: 0.536469519138
        var: 0.000884810928255
    key_strength: 0.685975909233
    tuning_diatonic_strength: 0.487422764301
    tuning_equal_tempered_deviation: 0.10800627619
    tuning_frequency: 442.293365479
    tuning_nontempered_energy_ratio: 0.773831546307
    hpcp:
        dmean: [0.0575231425464, 0.0545551404357, 0.0605797208846, 0.0576048828661, 0.0434613265097, 0.0409719124436, 0.0423381589353, 0.0804509073496, 0.196825444698, 0.166107103229, 0.12624078989, 0.114849373698, 0.126773938537, 0.113426350057, 0.141409337521, 0.107841521502, 0.0743716284633, 0.148426786065, 0.153315842152, 0.116010099649, 0.0844110026956, 0.0540759079158, 0.0464356616139, 0.102918118238, 0.117607548833, 0.0927023515105, 0.0385091118515, 0.0163145065308, 0.0394270755351, 0.124586299062, 0.14483563602, 0.137015730143, 0.149231359363, 0.171565264463, 0.113863863051, 0.063690058887]
        dmean2: [0.0958828255534, 0.0909489318728, 0.0968570187688, 0.0896353423595, 0.0702498108149, 0.0656608715653, 0.0707744881511, 0.129910632968, 0.328050106764, 0.291943252087, 0.209014102817, 0.197613865137, 0.232047960162, 0.187102511525, 0.227022752166, 0.160392001271, 0.123883612454, 0.233740866184, 0.250908911228, 0.193347096443, 0.150814816356, 0.0910789445043, 0.0842923223972, 0.174448803067, 0.181667745113, 0.161465331912, 0.0713598504663, 0.0301908906549, 0.0712147206068, 0.213850215077, 0.239348530769, 0.244938135147, 0.258002907038, 0.272474974394, 0.176091626287, 0.10263633728]
        dvar: [0.0106761883944, 0.0137672619894, 0.00683128647506, 0.0059249191545, 0.00475035607815, 0.00617572525516, 0.00515012070537, 0.0113221202046, 0.0543213151395, 0.0538924857974, 0.0268826410174, 0.0274094101042, 0.068748421967, 0.0241379551589, 0.0313622690737, 0.01885997504, 0.0077139288187, 0.0287346951663, 0.0432335622609, 0.0262675900012, 0.0190651901066, 0.00757901649922, 0.00590594857931, 0.0268415194005, 0.0233467277139, 0.0276685208082, 0.00920977722853, 0.00153841695283, 0.00378202856518, 0.0239913966507, 0.0324060358107, 0.0267929695547, 0.0426306389272, 0.046689234674, 0.0281334035099, 0.00921385362744]
        dvar2: [0.0274142920971, 0.0367103330791, 0.0178696997464, 0.0152659146115, 0.00966819468886, 0.0100596016273, 0.0130872558802, 0.0279352869838, 0.118260487914, 0.102783821523, 0.0703437030315, 0.067789748311, 0.12989538908, 0.0558442175388, 0.0541265271604, 0.0368939787149, 0.0175086632371, 0.0611609257758, 0.0820017829537, 0.0690285265446, 0.0545361302793, 0.0166622214019, 0.0159680377692, 0.0763167589903, 0.0506219342351, 0.0801963508129, 0.0266137439758, 0.00447724014521, 0.0114117879421, 0.0627351403236, 0.0686579793692, 0.0824207738042, 0.113461904228, 0.101000934839, 0.0626574978232, 0.0239373464137]
        max: [0.805726587772, 0.83743417263, 0.617264211178, 0.866669356823, 0.772030234337, 1, 0.563823103905, 0.8849427104, 1, 1, 1, 1, 1, 0.983969628811, 1, 0.985496759415, 0.51147466898, 1, 1, 1, 1, 1, 0.522482633591, 1, 1, 1, 0.515647053719, 0.27376678586, 0.403376877308, 1, 1, 0.81003934145, 1, 1, 1, 0.714824438095]
        mean: [0.0784470364451, 0.0630083680153, 0.0910471603274, 0.0932217091322, 0.0579307973385, 0.0479114204645, 0.0479509271681, 0.10409706831, 0.438952982426, 0.558160603046, 0.245128720999, 0.139920890331, 0.188444674015, 0.179954066873, 0.246655493975, 0.202645391226, 0.10158085078, 0.255404323339, 0.338763862848, 0.191303089261, 0.105366520584, 0.0762707293034, 0.0436644516885, 0.139723613858, 0.224824771285, 0.130694702268, 0.0301785506308, 0.0145628629252, 0.0403936319053, 0.205406978726, 0.290708392859, 0.18270689249, 0.197420790792, 0.237293377519, 0.144627302885, 0.0898008793592]
        min: [0.000626213091891, 0.00151978922077, 0.00662087323144, 0.00590391550213, 0.00312573625706, 0.00106771069113, 0.00121657736599, 0.00176316930447, 0.000928973779082, 0.000632034614682, 0.000878277758602, 0.00109949195758, 0.000949553155806, 0.00619960017502, 0.012688097544, 0.00814055185765, 0.00514031806961, 0.0116975046694, 0.0101786591113, 0.0082473680377, 0.00082309282152, 0.000463244243292, 0.000596314144786, 0.00553991412744, 0.00859970599413, 0.00282590207644, 0.00059465598315, 4.85117961944e-05, 0.00123020831961, 0.00678094197065, 0.0104353800416, 0.00547430757433, 0.00192876916844, 0.00430692685768, 0.00159052351955, 0.00053446716629]
        var: [0.0112051982433, 0.0109582887962, 0.00814153626561, 0.00816055946052, 0.00500492146239, 0.00653600133955, 0.0043667294085, 0.0130292344838, 0.125587597489, 0.180601716042, 0.049572583288, 0.0379038117826, 0.107916325331, 0.0354327075183, 0.0795732885599, 0.0529556497931, 0.0100730359554, 0.0505314618349, 0.119720265269, 0.0484457686543, 0.0280693657696, 0.0139698507264, 0.00505197886378, 0.0379902049899, 0.0752601623535, 0.0314614474773, 0.00568910222501, 0.000962317339145, 0.00273820431903, 0.0471258200705, 0.0901034772396, 0.0295330118388, 0.0503931939602, 0.0715165883303, 0.0356947630644, 0.0129157649353]
    chords_histogram: [0, 0, 0, 0, 0, 0, 0, 0, 0, 0, 0, 0, 0, 0, 0, 0, 0, 0, 0, 0, 0, 0, 2.31481480598, 97.6851882935]
    thpcp: [1, 0.439172387123, 0.250682145357, 0.337617307901, 0.322405546904, 0.441907733679, 0.363059282303, 0.181992158294, 0.457582145929, 0.606929004192, 0.342738419771, 0.188774555922, 0.136646568775, 0.0782291889191, 0.250328689814, 0.402795851231, 0.234152495861, 0.0540678612888, 0.026090811938, 0.0723691955209, 0.368006944656, 0.520832896233, 0.327337503433, 0.353698909283, 0.425134599209, 0.259114146233, 0.160887166858, 0.140545636415, 0.112885728478, 0.163120001554, 0.16701592505, 0.103788763285, 0.0858380571008, 0.0859088376164, 0.18650020659, 0.786427736282]
    chords_key: "G#"
    chords_scale: "major"
    key_key: "C"
    key_scale: "minor"
    chords_progression: ["G#", "G#", "G#", "G#", "G#", "G#", "G#", "G#", "G#", "G#", "G#", "G#", "G#", "G#", "G#", "G#", "G#", "G#", "G#", "G#", "G#", "G#", "G#", "G#", "G#", "G#", "G#", "G#", "G#", "G#", "G#", "G#", "G#", "G#", "G#", "G#", "G#", "G#", "G#", "G#", "G#", "G#", "G#", "G#", "G#", "G#", "G#", "G#", "G#", "G#", "G#", "G#", "G#", "G#", "G#", "G#", "G#", "G#", "G#", "G#", "G#", "G#", "G#", "G#", "G#", "G#", "G#", "G#", "G#", "G#", "G#", "G#", "G#", "G#", "G#", "G#", "G#", "G#", "G#", "G#", "G#", "G#", "G#", "G#", "G#", "G#", "G#", "G#", "G#", "G#", "G#", "G#", "G#", "G#", "G#", "G#", "G#", "G#", "G#", "G#", "G#", "G#", "G#", "G#", "G#", "G#", "G#", "G#", "G#", "G#", "G#", "G#", "G#", "G#", "G#", "G#", "G#", "G#", "G#", "G#", "G#", "G#", "G#", "G#", "G#", "G#", "G#", "G#", "G#", "G#", "G#", "G#", "G#", "G#", "G#", "G#", "G#", "G#", "G#", "G#", "G#", "G#", "G#", "G#", "G#", "G#", "G#", "G#", "G#", "G#", "G#", "G#", "G#", "G#", "G#", "G#", "G#", "G#", "G#", "G#", "G#", "G#", "G#", "G#", "G#", "G#", "G#", "G#", "G#", "G#", "G#", "G#", "G#", "G#", "G#", "G#", "G#", "G#", "G#", "G#", "G#", "G#", "G#", "G#", "G#", "G#", "G#", "G#", "G#", "G#", "G#", "G#", "G#", "G#", "G#", "G#", "G#", "G#", "G#", "G#", "G#", "G#", "G#", "G#", "G#", "G#", "G#", "G#", "G#", "G#", "G#", "Fm", "Fm", "Fm", "Fm", "Fm"]
