
metadata:
    version:
        essentia: "1.2.2"
    audio_properties:
        analysis_sample_rate: 44100
        bitrate: 128
        channels: 2
        equal_loudness: 1
        length: 10.0048980713
        replay_gain: -8.52075576782
        downmix: "mix"
    tags:
        track: 29
        year: 0
        album: "Splitted by Mp3Splt v. 2.1"
        artist: "From 004.40 To 004.50"
        comment: "http://mp3splt.sf.net"
        genre: ""
        title: "10 Trippin' on Broken Beats [C"

highlevel:
    ballroom:
        all:
            ChaChaCha: 0.0123346941546
            Jive: 0.00926035456359
            Quickstep: 0.0128427725285
            Rumba-American: 0.0036528527271
            Rumba-International: 0.00484143989161
            Rumba-Misc: 0.0103778215125
            Samba: 0.00552831497043
            Tango: 0.249258637428
            VienneseWaltz: 0.423562645912
            Waltz: 0.268340468407
        probability: 0.423562645912
        value: "VienneseWaltz"
    culture:
        all:
            non_western: 0.578712105751
            western: 0.421287894249
        probability: 0.578712105751
        value: "non_western"
    gender:
        all:
            female: 0.759534180164
            male: 0.240465804935
        probability: 0.759534180164
        value: "female"
    genre_dortmund:
        all:
            alternative: 0.0476435534656
            blues: 0.0626151114702
            electronic: 0.144686371088
            folkcountry: 0.355108559132
            funksoulrnb: 0.12407373637
            jazz: 0.0606203451753
            pop: 0.0616413876414
            raphiphop: 0.00336925475858
            rock: 0.140241682529
        probability: 0.355108559132
        value: "folkcountry"
    genre_electronica:
        all:
            ambient: 0.869738936424
            dnb: 0.0202558077872
            house: 0.0244762320071
            techno: 0.00275715650059
            trance: 0.0827718451619
        probability: 0.869738936424
        value: "ambient"
    genre_rosamerica:
        all:
            cla: 0.863938689232
            dan: 0.00566692790017
            hip: 0.00218387506902
            jaz: 0.014816109091
            pop: 0.0512900091708
            rhy: 0.031964417547
            roc: 0.0273293275386
            spe: 0.00281066983007
        probability: 0.863938689232
        value: "cla"
    genre_tzanetakis:
        all:
            blu: 0.0140667604282
            cla: 0.841775357723
            cou: 0.0264701247215
            dis: 0.0207369662821
            hip: 0.00189256470185
            jaz: 0.0160253569484
            met: 0.00280387699604
            pop: 0.0279171057045
            reg: 0.00661361729726
            roc: 0.0416982918978
        probability: 0.841775357723
        value: "cla"
    live_studio:
        all:
            live: 0.593687474728
            studio: 0.40631249547
        probability: 0.593687474728
        value: "live"
    mood:
        all:
            Cluster1: 0.129859000444
            Cluster2: 0.300485670567
            Cluster3: 0.183358028531
            Cluster4: 0.325764685869
            Cluster5: 0.0605326332152
        probability: 0.325764685869
        value: "Cluster4"
    mood_acoustic:
        all:
            acoustic: 0.71280759573
            not_acoustic: 0.28719240427
        probability: 0.71280759573
        value: "acoustic"
    mood_aggressive:
        all:
            aggressive: 0.0142400935292
            not_aggressive: 0.985759913921
        probability: 0.985759913921
        value: "not_aggressive"
    mood_electronic:
        all:
            electronic: 0.58582341671
            not_electronic: 0.414176613092
        probability: 0.58582341671
        value: "electronic"
    mood_happy:
        all:
            happy: 0.472547411919
            not_happy: 0.527452588081
        probability: 0.527452588081
        value: "not_happy"
    mood_party:
        all:
            not_party: 0.879852414131
            party: 0.120147563517
        probability: 0.879852414131
        value: "not_party"
    mood_relaxed:
        all:
            not_relaxed: 0.400208473206
            relaxed: 0.599791526794
        probability: 0.599791526794
        value: "relaxed"
    mood_sad:
        all:
            not_sad: 0.297593951225
            sad: 0.702406048775
        probability: 0.702406048775
        value: "sad"
    rhythm:
        all:
            fast: 0.793174862862
            medium: 0.157986760139
            slow: 0.0488383993506
        probability: 0.793174862862
        value: "fast"
    speech_music:
        all:
            music: 0.970604598522
            speech: 0.0293954294175
        probability: 0.970604598522
        value: "music"
    timbre:
        all:
            bright: 0.94856441021
            dark: 0.051435559988
        probability: 0.94856441021
        value: "bright"
    voice_instrumental:
        all:
            instrumental: 0.0878677517176
            voice: 0.912132263184
        probability: 0.912132263184
        value: "voice"

lowlevel:
    average_loudness: 0.912366747856
    barkbands_kurtosis:
        dmean: 0.503001570702
        dmean2: 0.776779234409
        dvar: 0.335776656866
        dvar2: 0.711891114712
        max: 5.11943149567
        mean: -0.486317366362
        min: -1.82028353214
        var: 0.958171606064
    barkbands_skewness:
        dmean: 0.274361401796
        dmean2: 0.415477335453
        dvar: 0.0591111332178
        dvar2: 0.132553368807
        max: 2.51708102226
        mean: 0.205177530646
        min: -1.47809398174
        var: 0.437779217958
    barkbands_spread:
        dmean: 3.26699924469
        dmean2: 5.13145542145
        dvar: 7.18269205093
        dvar2: 15.8583335876
        max: 47.2699890137
        mean: 20.9715690613
        min: 7.14781188965
        var: 51.7705154419
    dissonance:
        dmean: 0.0258336160332
        dmean2: 0.0443753004074
        dvar: 0.00059634068748
        dvar2: 0.0014904208947
        max: 0.497294813395
        mean: 0.451700687408
        min: 0.277363538742
        var: 0.000921171740629
    hfc:
        dmean: 0.950458705425
        dmean2: 1.43040454388
        dvar: 1.51504266262
        dvar2: 3.28751063347
        max: 18.8944282532
        mean: 4.9558506012
        min: 0.0342828221619
        var: 15.5740194321
    pitch:
        dmean: 99.316696167
        dmean2: 186.757080078
        dvar: 82824.765625
        dvar2: 230949.328125
        max: 3675
        mean: 308.929382324
        min: 88.7323913574
        var: 57983.0820312
    pitch_instantaneous_confidence:
        dmean: 0.0752288103104
        dmean2: 0.115957409143
        dvar: 0.00483129359782
        dvar2: 0.0112771932036
        max: 0.861729741096
        mean: 0.603408157825
        min: 0.240276098251
        var: 0.0200771484524
    pitch_salience:
        dmean: 0.0591665320098
        dmean2: 0.0963747352362
        dvar: 0.00281523726881
        dvar2: 0.00692647648975
        max: 0.828908801079
        mean: 0.601930677891
        min: 0.347403824329
        var: 0.00913913268596
    silence_rate_20dB:
        dmean: 0
        dmean2: 0
        dvar: 0
        dvar2: 0
        max: 1
        mean: 1
        min: 1
        var: 0
    silence_rate_30dB:
        dmean: 0
        dmean2: 0
        dvar: 0
        dvar2: 0
        max: 1
        mean: 1
        min: 1
        var: 0
    silence_rate_60dB:
        dmean: 0.0510440841317
        dmean2: 0.102325581014
        dvar: 0.0484385304153
        dvar2: 0.101157739758
        max: 1
        mean: 0.594907402992
        min: 0
        var: 0.240992635489
    spectral_centroid:
        dmean: 168.809234619
        dmean2: 258.160369873
        dvar: 24504.9179688
        dvar2: 56500.9375
        max: 2370.02636719
        mean: 1453.70959473
        min: 647.435668945
        var: 146499.578125
    spectral_complexity:
        dmean: 2.17441868782
        dmean2: 3.47785544395
        dvar: 4.61842346191
        dvar2: 10.4546346664
        max: 27
        mean: 11.3317861557
        min: 0
        var: 23.455991745
    spectral_crest:
        dmean: 1.80283844471
        dmean2: 2.9938211441
        dvar: 2.48898243904
        dvar2: 5.97719764709
        max: 18.5271873474
        mean: 7.18089056015
        min: 3.1513030529
        var: 6.95919513702
    spectral_decrease:
        dmean: 1.9318843747e-10
        dmean2: 3.0189828415e-10
        dvar: 7.09647424044e-20
        dvar2: 1.49296109775e-19
        max: -3.55873360294e-12
        mean: -8.1514650585e-10
        min: -3.93606081062e-09
        var: 4.41865562661e-19
    spectral_energy:
        dmean: 0.000799635541625
        dmean2: 0.00124459236395
        dvar: 1.20195261388e-06
        dvar2: 2.53481289292e-06
        max: 0.0160330124199
        mean: 0.00352605944499
        min: 1.65409073816e-05
        var: 8.06106982054e-06
    spectral_energyband_high:
        dmean: 4.02557670895e-05
        dmean2: 6.25984903309e-05
        dvar: 5.82003067962e-09
        dvar2: 1.50196246551e-08
        max: 0.00147451891098
        mean: 0.000146077334648
        min: 4.29114805911e-07
        var: 5.03900885462e-08
    spectral_energyband_low:
        dmean: 6.39931442947e-07
        dmean2: 1.10603957637e-06
        dvar: 6.99573515436e-12
        dvar2: 1.50412720473e-11
        max: 3.47160603269e-05
        mean: 5.12616850301e-07
        min: 3.21137694215e-09
        var: 5.24952867634e-12
    spectral_energyband_middle_high:
        dmean: 0.000447892234661
        dmean2: 0.000667670974508
        dvar: 4.29423295145e-07
        dvar2: 1.00714851214e-06
        max: 0.00973247736692
        mean: 0.00193151447456
        min: 1.35116824822e-05
        var: 3.15308648169e-06
    spectral_energyband_middle_low:
        dmean: 0.000495912856422
        dmean2: 0.000770947779529
        dvar: 6.40540747554e-07
        dvar2: 1.40725842357e-06
        max: 0.0129136983305
        mean: 0.00144794990774
        min: 2.58088221017e-06
        var: 2.36996538661e-06
    spectral_flatness_db:
        dmean: 0.0159206483513
        dmean2: 0.0249454658478
        dvar: 0.000226827178267
        dvar2: 0.000436512113083
        max: 0.305940449238
        mean: 0.228505864739
        min: 0.161172345281
        var: 0.000693988287821
    spectral_flux:
        dmean: 0.00664392439649
        dmean2: 0.0109804086387
        dvar: 5.3062918596e-05
        dvar2: 0.000123134435853
        max: 0.0753060504794
        mean: 0.0280974544585
        min: 0.00406705122441
        var: 0.0001895121095
    spectral_kurtosis:
        dmean: 2.87804841995
        dmean2: 4.96725177765
        dvar: 8.55330657959
        dvar2: 22.7834300995
        max: 29.7463264465
        mean: 6.4548406601
        min: 1.35274505615
        var: 13.1152334213
    spectral_rms:
        dmean: 0.000199102796614
        dmean2: 0.000304601271637
        dvar: 4.99109837904e-08
        dvar2: 9.89653443639e-08
        max: 0.00395499216393
        mean: 0.00172380218282
        min: 0.000127033345052
        var: 4.6856746394e-07
    spectral_rolloff:
        dmean: 338.52154541
        dmean2: 567.442260742
        dvar: 175044.5
        dvar2: 380817.40625
        max: 4263.57421875
        mean: 2603.91918945
        min: 538.330078125
        var: 684915.0625
    spectral_skewness:
        dmean: 0.294620454311
        dmean2: 0.492572456598
        dvar: 0.0717039704323
        dvar2: 0.171287178993
        max: 3.84806990623
        mean: 1.6231161356
        min: 0.692011654377
        var: 0.159535452724
    spectral_spread:
        dmean: 262725.4375
        dmean2: 418147.28125
        dvar: 92144132096
        dvar2: 195302932480
        max: 5062329
        mean: 2796045.25
        min: 1733307.25
        var: 509010149376
    spectral_strongpeak:
        dmean: 0.467968046665
        dmean2: 0.765586256981
        dvar: 0.362857311964
        dvar2: 0.893398940563
        max: 4.93818187714
        mean: 1.02474665642
        min: 0.0430508591235
        var: 1.08616554737
    zerocrossingrate:
        dmean: 0.00598541973159
        dmean2: 0.0072889351286
        dvar: 3.22022278851e-05
        dvar2: 4.30024483649e-05
        max: 0.14111328125
        mean: 0.0779788568616
        min: 0.01806640625
        var: 0.000347893248545
    barkbands:
        dmean: [2.05123757979e-08, 1.25896576719e-07, 5.2216455515e-07, 2.89503877866e-05, 0.000180102215381, 0.000150542065967, 9.23588813748e-05, 0.000132579138153, 0.000173112159246, 8.61398439156e-05, 8.64117828314e-05, 0.000105108752905, 6.51310911053e-05, 0.000207919831155, 7.99425833975e-05, 4.6055916755e-05, 6.7871180363e-05, 3.50254340447e-05, 9.31881659199e-05, 5.6948782003e-05, 1.88367976079e-05, 2.66455617748e-06, 6.5753005174e-07, 1.37649905696e-07, 5.63593047787e-08, 2.02209116118e-09, 1.16458870325e-10]
        dmean2: [2.13080575406e-08, 1.95718641294e-07, 9.332928812e-07, 5.1484159485e-05, 0.000306729605654, 0.000242441994487, 0.000146591075463, 0.000194417749299, 0.000281613407424, 0.000123996767798, 0.000134948917548, 0.000165535195265, 0.000106870735181, 0.000320676801493, 0.000121570868941, 7.06283462932e-05, 9.93013964035e-05, 5.14107741765e-05, 0.000139962707181, 8.77339043655e-05, 2.8238449886e-05, 3.7330817122e-06, 8.90966475708e-07, 2.10634155451e-07, 8.40964560211e-08, 3.41509331925e-09, 2.13101758462e-10]
        dvar: [1.63600307346e-13, 5.68576923824e-13, 4.06291753713e-12, 2.94546964597e-09, 5.47152723129e-08, 1.50897790263e-07, 4.50643220518e-08, 2.92090120979e-08, 1.57415769308e-07, 2.24272813654e-08, 1.67326810185e-08, 3.47044384341e-08, 3.36392496081e-08, 2.47532540243e-07, 3.32421592475e-08, 1.05665112216e-08, 1.446381237e-08, 1.73031289297e-09, 1.82642256874e-08, 9.71508296033e-09, 1.4734193865e-09, 2.06114379037e-11, 2.61232246772e-12, 1.44612064836e-13, 1.4768961336e-14, 1.52878428934e-17, 3.57308291164e-20]
        dvar2: [1.63653880486e-13, 7.18056202605e-13, 1.07695467128e-11, 9.27009580209e-09, 1.39883837846e-07, 2.93194403866e-07, 9.22470277942e-08, 7.5147681855e-08, 4.63198318812e-07, 4.08100575555e-08, 4.15921377339e-08, 8.68866720793e-08, 9.4652186533e-08, 5.70473218886e-07, 6.77250184822e-08, 2.35744668231e-08, 2.94004500745e-08, 3.28205640443e-09, 3.89753367358e-08, 2.471450955e-08, 2.89666068909e-09, 3.20289177125e-11, 4.44131103422e-12, 3.53994611402e-13, 2.98591819401e-14, 3.31626302868e-17, 1.06666490952e-19]
        max: [8.40755819809e-06, 1.454606263e-05, 1.8585986254e-05, 0.000455270113889, 0.00191733404063, 0.00584976375103, 0.00327259604819, 0.00160825857893, 0.00428666220978, 0.00222722254694, 0.00113060022704, 0.00297278328799, 0.00274636177346, 0.00716356420889, 0.0031485396903, 0.00142079195939, 0.00166720175184, 0.000605312234256, 0.00174778676592, 0.00200535566546, 0.000672908150591, 0.000108076579636, 3.26869376295e-05, 7.461639143e-06, 2.97759743262e-06, 5.136391934e-08, 1.57321067284e-09]
        mean: [2.05419041777e-08, 1.09776472357e-07, 3.92061110688e-07, 5.41477093066e-05, 0.000351678812876, 0.000293809658615, 0.000142176635563, 0.000264995847829, 0.000311697163852, 0.000176127432496, 0.000179400594789, 0.00022427366639, 0.00011622592865, 0.000424924714025, 0.000183144991752, 8.82341846591e-05, 0.000160569848958, 8.65273104864e-05, 0.000235668660025, 0.000168131737155, 5.43661735719e-05, 7.43368991607e-06, 1.50031780777e-06, 3.63981342844e-07, 1.38455305887e-07, 3.46690831599e-09, 9.08357278284e-11]
        min: [1.03166772e-11, 5.6243487645e-10, 9.61317581094e-10, 1.39844811287e-08, 4.67672407467e-07, 2.08172750149e-07, 5.13661682078e-08, 4.13273085087e-07, 1.10920689167e-06, 5.07001630012e-07, 6.72960254633e-07, 1.23901065763e-06, 1.03581112398e-06, 5.38243170922e-07, 3.56946742386e-07, 9.62884541877e-07, 1.1968625131e-06, 2.64351297119e-06, 7.40926282106e-07, 2.70418951231e-07, 1.79774261255e-07, 4.11966212255e-08, 7.4490064117e-10, 1.98960695141e-10, 1.57489646324e-10, 1.43910213607e-11, 3.17963666193e-14]
        var: [1.63588028757e-13, 5.39985753594e-13, 2.5518680051e-12, 7.35257721374e-09, 1.35288900083e-07, 3.57535668627e-07, 8.40859826212e-08, 6.5404449856e-08, 3.76672602442e-07, 6.97867932331e-08, 3.88223462267e-08, 1.35426574843e-07, 4.71409222769e-08, 1.00107695289e-06, 1.77019543912e-07, 2.34609807137e-08, 5.16956966123e-08, 6.68178223862e-09, 6.38400763364e-08, 5.76162726418e-08, 7.10338410315e-09, 1.76706912991e-10, 1.25732800907e-11, 7.09691311794e-13, 1.01700657444e-13, 4.94701618823e-17, 2.89175298189e-20]
    mfcc:
        mean: [-774.463378906, 136.61895752, -112.806129456, 26.9710273743, -54.4022636414, -28.0915641785, -18.4981842041, -31.7058372498, -21.7235889435, -19.9047832489, -18.7654972076, -19.0282859802, -20.2233657837]
        cov: [[2763.91308594, -1018.56439209, 900.479064941, -381.289245605, -37.2217597961, -62.8824234009, -315.258270264, -35.9168281555, -250.875976562, -2.95873403549, -215.967910767, -66.5594329834, 53.7966766357], [-1018.56439209, 949.814758301, -413.09387207, 179.035217285, -38.9998245239, 70.6703643799, 182.894699097, 21.3550987244, 39.0190162659, -75.4863433838, 39.4179115295, -46.0231704712, -65.9609146118], [900.479064941, -413.09387207, 683.748779297, -62.5495605469, -13.6506509781, -123.049537659, -106.31577301, 57.645565033, -76.9923782349, 23.627166748, -34.2568893433, 32.4401397705, 37.5397644043], [-381.289245605, 179.035217285, -62.5495605469, 245.797698975, 24.8840255737, -24.3272895813, 67.209854126, 10.5307121277, 42.2061424255, -3.79638171196, 4.86252307892, 9.06039810181, -12.0514354706], [-37.2217597961, -38.9998245239, -13.6506509781, 24.8840255737, 122.287254333, 18.2230548859, -0.184174999595, 1.75956511497, 13.0612516403, 19.8855762482, 14.4606180191, 16.0182723999, 20.6579017639], [-62.8824234009, 70.6703643799, -123.049537659, -24.3272895813, 18.2230548859, 154.946395874, 36.8361206055, -13.289847374, -8.48422241211, -0.734823703766, 4.88567066193, -33.2764358521, -19.8124923706], [-315.258270264, 182.894699097, -106.31577301, 67.209854126, -0.184174999595, 36.8361206055, 156.560943604, 30.8829708099, 46.8611907959, 9.74399757385, 37.8692932129, 25.628200531, -6.37443065643], [-35.9168281555, 21.3550987244, 57.645565033, 10.5307121277, 1.75956511497, -13.289847374, 30.8829708099, 95.5021057129, 34.084815979, 1.61548507214, 28.2000007629, 18.3822574615, 13.6218719482], [-250.875976562, 39.0190162659, -76.9923782349, 42.2061424255, 13.0612516403, -8.48422241211, 46.8611907959, 34.084815979, 126.403144836, 36.8793716431, 49.4275588989, 37.1503219604, -2.39382410049], [-2.95873403549, -75.4863433838, 23.627166748, -3.79638171196, 19.8855762482, -0.734823703766, 9.74399757385, 1.61548507214, 36.8793716431, 106.57875061, 56.5982971191, 18.8490123749, 21.3884830475], [-215.967910767, 39.4179115295, -34.2568893433, 4.86252307892, 14.4606180191, 4.88567066193, 37.8692932129, 28.2000007629, 49.4275588989, 56.5982971191, 147.867294312, 46.592754364, 7.99327993393], [-66.5594329834, -46.0231704712, 32.4401397705, 9.06039810181, 16.0182723999, -33.2764358521, 25.628200531, 18.3822574615, 37.1503219604, 18.8490123749, 46.592754364, 107.913452148, 42.3457603455], [53.7966766357, -65.9609146118, 37.5397644043, -12.0514354706, 20.6579017639, -19.8124923706, -6.37443065643, 13.6218719482, -2.39382410049, 21.3884830475, 7.99327993393, 42.3457603455, 84.127532959]]
        icov: [[0.00125755451154, 0.000598095881287, -0.00118873862084, 0.000938116805628, 0.000118429306895, -0.000511176302098, 0.000205632735742, 0.000253154954407, 0.000574730453081, -5.56435152248e-05, 0.000954217917752, 0.000504555879161, -0.000159397357493], [0.000598095881287, 0.00249341060407, 0.000459621980553, -0.000590987619944, 0.000703327532392, -4.04866805184e-05, -0.00146718625911, -0.000576792401262, 0.000953921698965, 0.00133800588083, -0.000480342510855, 0.0012447508052, 0.000188808931853], [-0.00118873862084, 0.000459621980553, 0.00422645173967, -0.00118963979185, 0.000238917724346, 0.00199819263071, 0.000415474467445, -0.00346549693495, 0.00234703440219, -0.00139749236405, -0.000178299407708, -0.00164689635858, 0.00133668386843], [0.000938116805628, -0.000590987619944, -0.00118963979185, 0.00656760903075, -0.00185035949107, 0.0015571275726, -0.00178642279934, 0.000995919457637, -0.000940731260926, -0.000100132871012, 0.00156391505152, 0.000624406791758, 0.000468664919026], [0.000118429306895, 0.000703327532392, 0.000238917724346, -0.00185035949107, 0.00982938706875, -0.00228599924594, 0.00121481029782, -0.000315639976179, -0.000217191074626, -0.000778176879976, -0.000306191213895, -0.000778210698627, -0.00209235190414], [-0.000511176302098, -4.04866805184e-05, 0.00199819263071, 0.0015571275726, -0.00228599924594, 0.00993248727173, -0.00321994256228, -6.53825118206e-05, 0.00153632380534, -0.000447967817308, -0.00079285580432, 0.00250998861156, 0.00126318656839], [0.000205632735742, -0.00146718625911, 0.000415474467445, -0.00178642279934, 0.00121481029782, -0.00321994256228, 0.0118229389191, -0.00328949629329, -0.000537554675248, -0.00214463542216, 0.000655321811792, -0.00407617306337, 0.00116813322529], [0.000253154954407, -0.000576792401262, -0.00346549693495, 0.000995919457637, -0.000315639976179, -6.53825118206e-05, -0.00328949629329, 0.0168285518885, -0.00623942120001, 0.00466284714639, -0.00313354632817, 0.00328352604993, -0.00455512991175], [0.000574730453081, 0.000953921698965, 0.00234703440219, -0.000940731260926, -0.000217191074626, 0.00153632380534, -0.000537554675248, -0.00623942120001, 0.0152747798711, -0.00539606437087, 0.000604708620813, -0.00456205289811, 0.00462843198329], [-5.56435152248e-05, 0.00133800588083, -0.00139749236405, -0.000100132871012, -0.000778176879976, -0.000447967817308, -0.00214463542216, 0.00466284714639, -0.00539606437087, 0.0165533628315, -0.00668929796666, 0.00453065149486, -0.00514499936253], [0.000954217917752, -0.000480342510855, -0.000178299407708, 0.00156391505152, -0.000306191213895, -0.00079285580432, 0.000655321811792, -0.00313354632817, 0.000604708620813, -0.00668929796666, 0.01247544121, -0.00505528599024, 0.00283942441456], [0.000504555879161, 0.0012447508052, -0.00164689635858, 0.000624406791758, -0.000778210698627, 0.00250998861156, -0.00407617306337, 0.00328352604993, -0.00456205289811, 0.00453065149486, -0.00505528599024, 0.0181548893452, -0.00852032471448], [-0.000159397357493, 0.000188808931853, 0.00133668386843, 0.000468664919026, -0.00209235190414, 0.00126318656839, 0.00116813322529, -0.00455512991175, 0.00462843198329, -0.00514499936253, 0.00283942441456, -0.00852032471448, 0.0187034029514]]
    spectral_contrast:
        mean: [2.78986220792e-07, 2.40121323714e-07, -3.85418452709e-08, -2.15578481289e-07, -2.7245616252e-07, 5.29838262153e-09, -1.0921064586e-06, 1.39953371558e-07, -6.7072511456e-07, 1.83101036555e-07, 1.04162916159e-06, -4.49192202723e-06]
        var: [0.000568516377825, 0.000832801219076, 0.00134360394441, 0.00285879871808, 0.00368412374519, 0.00664739310741, 0.0554172769189, 0.0742971077561, 0.221125364304, 0.38201507926, 0.434541463852, 1.90725457668]

rhythm:
    beats_loudness:
        dmean: 0.00196668761782
        dmean2: 0.00297883385792
        dvar: 3.66838344235e-06
        dvar2: 5.28949794898e-06
        max: 0.0101390704513
        mean: 0.00376540189609
        min: 0.00100805738475
        var: 7.5839825513e-06
    beats_loudness_bass:
        dmean: 0.00445686234161
        dmean2: 0.00780241889879
        dvar: 3.89454326069e-05
        dvar2: 0.000120883523778
        max: 0.0224036090076
        mean: 0.00393066415563
        min: 7.43243726902e-05
        var: 3.77893484256e-05
    bpm: 125.748176575
    bpm_confidence: 0
    first_peak_bpm: 173
    first_peak_spread: 0
    first_peak_weight: 0.666666686535
    onset_rate: 1.9990208149
    second_peak_bpm: 126
    second_peak_spread: 0
    second_peak_weight: 0.291666656733
    beats_position: [0.190793707967, 0.537977933884, 0.885162174702, 1.23234641552, 1.57953071594, 1.92671501637, 2.27389931679, 2.621083498, 2.96826791763, 3.31545209885, 3.66263628006, 4.00982046127, 4.35700511932, 4.70418930054, 5.05137348175, 5.39855766296, 5.74574232101, 6.1472120285, 6.62435722351, 7.10150194168, 7.57864761353, 8.05579280853, 8.53293800354, 9.01008319855, 9.48722743988]
    bpm_estimates: [125.9793396, 125.513381958, 125.751815796]
    bpm_intervals: [0.347184240818, 0.347184240818, 0.347184240818, 0.347184300423, 0.347184300423, 0.347184300423, 0.347184181213, 0.347184419632, 0.347184181213, 0.347184181213, 0.347184181213, 0.347184658051, 0.347184181213, 0.347184181213, 0.347184181213, 0.347184658051, 0.401469707489, 0.477145195007, 0.47714471817, 0.477145671844, 0.477145195007, 0.477145195007, 0.477145195007, 0.477144241333]
    onset_times: [0.0464399084449, 0.197369620204, 0.476009070873, 0.638548731804, 1.16099774837, 1.52090704441, 1.8575963974, 2.03174614906, 2.40326523781, 4.29569149017, 4.81814050674, 5.16644001007, 5.74693870544, 6.81505680084, 7.12852621078, 7.60453510284, 7.99927425385, 8.17342376709, 8.76553249359, 9.85687065125]
    rubato_start: [6.62435722351]
    rubato_stop: [9.48722743988]
    perceptual_tempo: "unknown"

sfx:
    inharmonicity:
        dmean: 0.0586653202772
        dmean2: 0.10392062366
        dvar: 0.00490836007521
        dvar2: 0.0131496684626
        max: 0.395743340254
        mean: 0.0586447566748
        min: 0.000106701052573
        var: 0.0051647410728
    oddtoevenharmonicenergyratio:
        dmean: 6.71734762192
        dmean2: 13.1516799927
        dvar: 642.953857422
        dvar2: 1906.28442383
        max: 236.934921265
        mean: 3.74189996719
        min: 2.03600884561e-05
        var: 333.200836182
    pitch_after_max_to_before_max_energy_ratio: 1.19604575634
    pitch_centroid: 210.336700439
    pitch_max_to_total: 0.438515067101
    pitch_min_to_total: 0.54292345047
    tristimulus:
        dmean: [0.222746238112, 0.254871159792, 0.100988544524]
        dmean2: [0.392761528492, 0.452134072781, 0.181406244636]
        dvar: [0.0388020761311, 0.0571263283491, 0.0127907954156]
        dvar2: [0.103229872882, 0.163093104959, 0.0342059023678]
        max: [0.944051206112, 0.998622179031, 0.666352391243]
        mean: [0.376350283623, 0.473671585321, 0.0960224121809]
        min: [0.000434580724686, 0, 0]
        var: [0.0547071695328, 0.0676482468843, 0.012788394466]

tonal:
    chords_changes_rate: 0.0599078349769
    chords_number_rate: 0.0230414755642
    chords_strength:
        dmean: 0.00781711377203
        dmean2: 0.00603991234675
        dvar: 3.36438097293e-05
        dvar2: 2.25220919674e-05
        max: 0.665713310242
        mean: 0.515339374542
        min: 0.335889369249
        var: 0.00669217016548
    key_strength: 0.789585769176
    tuning_diatonic_strength: 0.604582130909
    tuning_equal_tempered_deviation: 0.0836317837238
    tuning_frequency: 445.884552002
    tuning_nontempered_energy_ratio: 0.665023565292
    hpcp:
        dmean: [0.0669816061854, 0.0656693503261, 0.0779579654336, 0.11391273886, 0.0928202569485, 0.0734964758158, 0.0980196893215, 0.0671589747071, 0.0926325693727, 0.181817263365, 0.145637825131, 0.0691205114126, 0.0518871955574, 0.0466754510999, 0.108017645776, 0.177730962634, 0.152990207076, 0.0989897251129, 0.145760878921, 0.119629442692, 0.0613542869687, 0.0469328574836, 0.0574833899736, 0.0959936901927, 0.121520929039, 0.0678861960769, 0.0519226454198, 0.0538561120629, 0.0835154131055, 0.170348152518, 0.214814722538, 0.233038455248, 0.198680505157, 0.0808905139565, 0.080230049789, 0.0589944310486]
        dmean2: [0.101710893214, 0.100925773382, 0.126808613539, 0.174934074283, 0.150646194816, 0.122885204852, 0.162456542253, 0.116048797965, 0.144788399339, 0.292142182589, 0.242291018367, 0.114956952631, 0.0916393622756, 0.0766511186957, 0.179377675056, 0.291841596365, 0.25488114357, 0.165507271886, 0.236386865377, 0.197743803263, 0.10374584794, 0.0794939175248, 0.100497052073, 0.15587452054, 0.193551167846, 0.11105799675, 0.0827380567789, 0.0831766724586, 0.146932989359, 0.288910776377, 0.365358263254, 0.420966386795, 0.368859529495, 0.139625862241, 0.147404521704, 0.100330129266]
        dvar: [0.00755511410534, 0.00596079789102, 0.00626553501934, 0.019479079172, 0.0133340740576, 0.0126635571942, 0.019287513569, 0.00846764072776, 0.00729216542095, 0.0303990468383, 0.0227503068745, 0.010511293076, 0.0142878154293, 0.0107593555003, 0.017359379679, 0.0276816226542, 0.0223237834871, 0.0164779350162, 0.0285996627063, 0.0242929086089, 0.00991145893931, 0.00948050618172, 0.0113134849817, 0.0144531428814, 0.0240761768073, 0.00997774768621, 0.00807303003967, 0.00769963022321, 0.015495066531, 0.0225148219615, 0.0434703491628, 0.0376132801175, 0.0564320832491, 0.013071381487, 0.0152272069827, 0.00844932720065]
        dvar2: [0.0120820775628, 0.0127696692944, 0.0160117819905, 0.0421735793352, 0.0313585549593, 0.0334857404232, 0.0554289482534, 0.0250266343355, 0.0201109237969, 0.0725455805659, 0.0513071864843, 0.0284129660577, 0.0396582186222, 0.0294556375593, 0.0420484468341, 0.0728361904621, 0.0604877471924, 0.0483886823058, 0.0713007971644, 0.0667279362679, 0.0248022284359, 0.0243034921587, 0.0315009206533, 0.0322344899178, 0.0542872920632, 0.0234821587801, 0.0150847658515, 0.0137191126123, 0.0447705648839, 0.0591298490763, 0.115615017712, 0.113745115697, 0.195328146219, 0.0325335487723, 0.0467107519507, 0.0225833375007]
        max: [1, 0.780638933182, 0.643711328506, 1, 1, 1, 1, 0.653122127056, 0.621958911419, 1, 1, 0.714007914066, 0.89772605896, 0.815831243992, 1, 1, 1, 1, 1, 1, 0.940909743309, 0.79046434164, 0.696326673031, 1, 1, 0.726683914661, 1, 1, 0.863889157772, 1, 1, 1, 1, 1, 0.910737216473, 1]
        mean: [0.138960674405, 0.11290307343, 0.149915724993, 0.279397934675, 0.19874048233, 0.133215323091, 0.177183166146, 0.104398295283, 0.188944593072, 0.406845450401, 0.303722888231, 0.0958644673228, 0.0534066334367, 0.0512263216078, 0.192675292492, 0.400188148022, 0.300839364529, 0.166378200054, 0.252145469189, 0.201981976628, 0.0910149514675, 0.055101133883, 0.0657080262899, 0.200426250696, 0.258487164974, 0.124979101121, 0.0749954134226, 0.0928898379207, 0.0895547568798, 0.343719303608, 0.69874894619, 0.535094976425, 0.206542804837, 0.13954937458, 0.0973091796041, 0.0947365090251]
        min: [0.00124716339633, 0.00448148418218, 0.00886306073517, 0.00784825347364, 0.00583028187975, 0.00246003898792, 0.002524320269, 0.0025892034173, 0.00544229941443, 0.00828703027219, 0.00495355622843, 0.00145004561637, 0.000333638250595, 0.000533804181032, 0.00228695338592, 0.00701929349452, 0.00581923918799, 0.007137066219, 0.00259880698286, 0.00475866207853, 0.00306250643916, 0.000612151692621, 0.000765704899095, 0.00451934384182, 0.00873060617596, 0.000747999059968, 0.000951173773501, 0.00102950877044, 0.0010729272617, 0.0179545879364, 0.0834757015109, 0.0309532042593, 0.00134946068283, 0.00132215162739, 0.000598897400778, 0.00146292918362]
        var: [0.0281574837863, 0.0137331495062, 0.0178607776761, 0.0963350906968, 0.0521292351186, 0.0225910264999, 0.0416391603649, 0.0134647097439, 0.0170470234007, 0.0828080698848, 0.0524643473327, 0.0136775588617, 0.0114614348859, 0.0119022512808, 0.0437093414366, 0.0882963687181, 0.0575458817184, 0.0302441697568, 0.0780344605446, 0.0551758445799, 0.0191694274545, 0.0115913962945, 0.010026765056, 0.042119435966, 0.0813613682985, 0.0279300715774, 0.0207682233304, 0.0280122756958, 0.0187906362116, 0.048495605588, 0.0851330533624, 0.075172662735, 0.0562564693391, 0.0238930862397, 0.0127106802538, 0.0208089090884]
    chords_histogram: [67.2811050415, 8.75576019287, 13.8248844147, 0, 0, 0, 0, 0, 0, 7.37327194214, 0, 0, 0, 0, 0, 0, 0, 0, 0, 0, 0, 0, 2.7649769783, 0]
    thpcp: [1, 0.765790045261, 0.295589447021, 0.19971318543, 0.139262005687, 0.135580182076, 0.198870673776, 0.16157887876, 0.214548766613, 0.399854540825, 0.284423291683, 0.190648332238, 0.253571987152, 0.149407446384, 0.27040413022, 0.582248389721, 0.434666693211, 0.137194439769, 0.0764317885041, 0.0733114853501, 0.275743246078, 0.572720944881, 0.430539995432, 0.238108694553, 0.360852748156, 0.289062291384, 0.130254149437, 0.0788568407297, 0.0940366759896, 0.286835849285, 0.369928508997, 0.178861230612, 0.107328124344, 0.13293735683, 0.128164425492, 0.491906732321]
    chords_key: "C"
    chords_scale: "minor"
    key_key: "C"
    key_scale: "minor"
    chords_progression: ["Cm", "Cm", "Cm", "Cm", "Cm", "Cm", "Cm", "Cm", "Cm", "Cm", "Cm", "Cm", "Cm", "Cm", "Cm", "Cm", "Cm", "Cm", "Cm", "Cm", "Cm", "Cm", "Cm", "Cm", "Cm", "Cm", "Cm", "Cm", "Cm", "Cm", "Cm", "Cm", "Cm", "Cm", "Cm", "Cm", "Cm", "Cm", "Cm", "Cm", "Cm", "Cm", "Cm", "Cm", "Cm", "Cm", "Cm", "Cm", "Cm", "Cm", "Gm", "Gm", "Cm", "Cm", "Gm", "Cm", "Cm", "Cm", "Cm", "Cm", "Cm", "Cm", "Cm", "Cm", "Cm", "Cm", "Cm", "G", "G", "G", "G", "G", "G", "G", "G", "G", "G", "G", "G", "G", "G", "G", "G", "Gm", "Gm", "Gm", "Gm", "Gm", "Gm", "Gm", "Gm", "Gm", "Gm", "Gm", "Gm", "Gm", "Gm", "Gm", "Gm", "Gm", "Gm", "Gm", "Gm", "Gm", "Gm", "Gm", "Gm", "Gm", "D#", "D#", "D#", "D#", "D#", "D#", "D#", "D#", "D#", "D#", "D#", "D#", "Cm", "Cm", "Cm", "Cm", "Cm", "Cm", "Cm", "Cm", "Cm", "Cm", "Cm", "Cm", "Cm", "Cm", "Cm", "Cm", "Cm", "Cm", "Cm", "Cm", "Cm", "Cm", "Cm", "Cm", "Cm", "D#", "D#", "D#", "D#", "D#", "D#", "D#", "Cm", "Cm", "Cm", "Cm", "Cm", "Cm", "Cm", "Cm", "Cm", "Cm", "Cm", "Cm", "Cm", "Cm", "Cm", "Cm", "Cm", "Cm", "Fm", "Fm", "Fm", "Fm", "Fm", "Fm", "Cm", "Cm", "Cm", "Cm", "Cm", "Cm", "Cm", "Cm", "Cm", "Cm", "Cm", "Cm", "Cm", "Cm", "Cm", "Cm", "Cm", "Cm", "Cm", "Cm", "Cm", "Cm", "Cm", "Cm", "Cm", "Cm", "Cm", "Cm", "Cm", "Cm", "Cm", "Cm", "Cm", "Cm", "Cm", "Cm", "Cm", "Cm", "Cm", "Gm", "Gm"]
