
metadata:
    version:
        essentia: "1.2.2"
    audio_properties:
        analysis_sample_rate: 44100
        bitrate: 128
        channels: 2
        equal_loudness: 1
        length: 10.0310201645
        replay_gain: -15.8270969391
        downmix: "mix"
    tags:
        track: 12
        year: 0
        album: "Splitted by Mp3Splt v. 2.1"
        artist: "From 001.50 To 002.00"
        comment: "http://mp3splt.sf.net"
        genre: ""
        title: "05 Beautiful Loser.mp3"

highlevel:
    ballroom:
        all:
            ChaChaCha: 0.0350566953421
            Jive: 0.858443439007
            Quickstep: 0.0293524339795
            Rumba-American: 0.0013967595296
            Rumba-International: 0.0024662069045
            Rumba-Misc: 0.00249441759661
            Samba: 0.0326803587377
            Tango: 0.00188339140732
            VienneseWaltz: 0.0330508761108
            Waltz: 0.00317542534322
        probability: 0.858443439007
        value: "Jive"
    culture:
        all:
            non_western: 5.25287487108e-06
            western: 0.999994754791
        probability: 0.999994754791
        value: "western"
    gender:
        all:
            female: 0.225368738174
            male: 0.774631261826
        probability: 0.774631261826
        value: "male"
    genre_dortmund:
        all:
            alternative: 0.104650259018
            blues: 0.0159817561507
            electronic: 0.0185999963433
            folkcountry: 0.0429950095713
            funksoulrnb: 0.0513372533023
            jazz: 0.00651179580018
            pop: 0.0860958918929
            raphiphop: 0.00899052340537
            rock: 0.664837539196
        probability: 0.664837539196
        value: "rock"
    genre_electronica:
        all:
            ambient: 0.176876440644
            dnb: 0.167099490762
            house: 0.0131353298202
            techno: 0.0126781277359
            trance: 0.630210638046
        probability: 0.630210638046
        value: "trance"
    genre_rosamerica:
        all:
            cla: 0.00930143613368
            dan: 0.0041030771099
            hip: 0.00156863743905
            jaz: 0.00120471522678
            pop: 0.00926016177982
            rhy: 0.00217165099457
            roc: 0.971921682358
            spe: 0.00046866867342
        probability: 0.971921682358
        value: "roc"
    genre_tzanetakis:
        all:
            blu: 0.00209200032987
            cla: 0.00781359523535
            cou: 0.105002164841
            dis: 0.0787601843476
            hip: 0.00349464663304
            jaz: 0.0102217309177
            met: 0.0391948334873
            pop: 0.0485382676125
            reg: 0.00223079347052
            roc: 0.702651798725
        probability: 0.702651798725
        value: "roc"
    live_studio:
        all:
            live: 0.0496025942266
            studio: 0.95039743185
        probability: 0.95039743185
        value: "studio"
    mood:
        all:
            Cluster1: 0.374833524227
            Cluster2: 0.155560463667
            Cluster3: 0.180985063314
            Cluster4: 0.0923834443092
            Cluster5: 0.196237504482
        probability: 0.374833524227
        value: "Cluster1"
    mood_acoustic:
        all:
            acoustic: 0.00497034331784
            not_acoustic: 0.995029628277
        probability: 0.995029628277
        value: "not_acoustic"
    mood_aggressive:
        all:
            aggressive: 0.968969106674
            not_aggressive: 0.031030902639
        probability: 0.968969106674
        value: "aggressive"
    mood_electronic:
        all:
            electronic: 0.0522878579795
            not_electronic: 0.947712123394
        probability: 0.947712123394
        value: "not_electronic"
    mood_happy:
        all:
            happy: 0.862330675125
            not_happy: 0.137669309974
        probability: 0.862330675125
        value: "happy"
    mood_party:
        all:
            not_party: 0.420237839222
            party: 0.579762160778
        probability: 0.579762160778
        value: "party"
    mood_relaxed:
        all:
            not_relaxed: 0.961694478989
            relaxed: 0.0383055210114
        probability: 0.961694478989
        value: "not_relaxed"
    mood_sad:
        all:
            not_sad: 0.971759736538
            sad: 0.0282402727753
        probability: 0.971759736538
        value: "not_sad"
    rhythm:
        all:
            fast: 0.952523887157
            medium: 0.0340029262006
            slow: 0.0134731857106
        probability: 0.952523887157
        value: "fast"
    speech_music:
        all:
            music: 0.999967455864
            speech: 3.2544361602e-05
        probability: 0.999967455864
        value: "music"
    timbre:
        all:
            bright: 0.97263610363
            dark: 0.0273639205843
        probability: 0.97263610363
        value: "bright"
    voice_instrumental:
        all:
            instrumental: 0.0136174038053
            voice: 0.986382603645
        probability: 0.986382603645
        value: "voice"

lowlevel:
    average_loudness: 0.980106890202
    barkbands_kurtosis:
        dmean: 0.584132194519
        dmean2: 0.913838148117
        dvar: 0.798787355423
        dvar2: 2.13217568398
        max: 9.49936962128
        mean: -0.412528306246
        min: -1.79638040066
        var: 2.06327438354
    barkbands_skewness:
        dmean: 0.324894547462
        dmean2: 0.498622387648
        dvar: 0.108552493155
        dvar2: 0.264929294586
        max: 1.21814322472
        mean: -0.534169197083
        min: -2.71761202812
        var: 0.355610132217
    barkbands_spread:
        dmean: 4.85080862045
        dmean2: 7.50258398056
        dvar: 27.7748126984
        dvar2: 67.1407089233
        max: 58.1277160645
        mean: 27.29271698
        min: 8.03409481049
        var: 77.3114547729
    dissonance:
        dmean: 0.0138448830694
        dmean2: 0.0228602867573
        dvar: 0.000171569306985
        dvar2: 0.000431572116213
        max: 0.498956263065
        mean: 0.4710983634
        min: 0.379510521889
        var: 0.000403824233217
    hfc:
        dmean: 2.49608588219
        dmean2: 3.96964168549
        dvar: 6.89500427246
        dvar2: 14.8861627579
        max: 30.6626796722
        mean: 11.8335676193
        min: 3.67966049453e-06
        var: 21.831823349
    pitch:
        dmean: 488.936889648
        dmean2: 954.102783203
        dvar: 1005498.125
        dvar2: 2527924.75
        max: 5512.5
        mean: 662.054748535
        min: 87.5
        var: 1088866.125
    pitch_instantaneous_confidence:
        dmean: 0.0784286633134
        dmean2: 0.125303030014
        dvar: 0.0045122387819
        dvar2: 0.010505752638
        max: 0.707920193672
        mean: 0.409101486206
        min: 0.172078132629
        var: 0.0139351328835
    pitch_salience:
        dmean: 0.0491094253957
        dmean2: 0.0793285667896
        dvar: 0.00208338582888
        dvar2: 0.00553689105436
        max: 0.972132205963
        mean: 0.658731520176
        min: 0.41540324688
        var: 0.00415094569325
    silence_rate_20dB:
        dmean: 0
        dmean2: 0
        dvar: 0
        dvar2: 0
        max: 1
        mean: 1
        min: 1
        var: 0
    silence_rate_30dB:
        dmean: 0
        dmean2: 0
        dvar: 0
        dvar2: 0
        max: 1
        mean: 1
        min: 1
        var: 0
    silence_rate_60dB:
        dmean: 0.0625
        dmean2: 0.1252900213
        dvar: 0.05859375
        dvar2: 0.123513460159
        max: 1
        mean: 0.110854506493
        min: 0
        var: 0.0985652282834
    spectral_centroid:
        dmean: 252.69480896
        dmean2: 373.921081543
        dvar: 71967.21875
        dvar2: 142473.234375
        max: 4234.51953125
        mean: 2138.15039062
        min: 991.793884277
        var: 264387.125
    spectral_complexity:
        dmean: 3.57540607452
        dmean2: 5.57906961441
        dvar: 10.8429174423
        dvar2: 23.8297805786
        max: 41
        mean: 19.8958339691
        min: 0
        var: 33.0330924988
    spectral_crest:
        dmean: 1.64746952057
        dmean2: 2.66564822197
        dvar: 2.48341488838
        dvar2: 6.01641225815
        max: 16.61743927
        mean: 6.20805168152
        min: 2.97512531281
        var: 4.6669421196
    spectral_decrease:
        dmean: 2.63930655109e-10
        dmean2: 4.0815067992e-10
        dvar: 8.83922229894e-20
        dvar2: 1.92797900081e-19
        max: -5.96815602987e-16
        mean: -1.21302501377e-09
        min: -3.24977378341e-09
        var: 2.49466195615e-19
    spectral_energy:
        dmean: 0.00118788040709
        dmean2: 0.00182986236177
        dvar: 1.66984625594e-06
        dvar2: 3.66298559129e-06
        max: 0.0150465862826
        mean: 0.00565157458186
        min: 2.58628207739e-09
        var: 4.95589893035e-06
    spectral_energyband_high:
        dmean: 0.00018913342501
        dmean2: 0.000286457798211
        dvar: 8.01651935944e-08
        dvar2: 1.80859174748e-07
        max: 0.00394463725388
        mean: 0.000526746269315
        min: 1.385929288e-10
        var: 1.89050666677e-07
    spectral_energyband_low:
        dmean: 0.000134161309688
        dmean2: 0.000253010744927
        dvar: 1.39444480851e-07
        dvar2: 4.00313069804e-07
        max: 0.00221442477778
        mean: 0.000120058371976
        min: 6.36892691364e-11
        var: 8.1434613719e-08
    spectral_energyband_middle_high:
        dmean: 0.000837759813294
        dmean2: 0.00129866669886
        dvar: 7.72533041982e-07
        dvar2: 1.72271791143e-06
        max: 0.0101842023432
        mean: 0.00372543931007
        min: 1.00328412245e-09
        var: 3.40654833053e-06
    spectral_energyband_middle_low:
        dmean: 0.000565244641621
        dmean2: 0.000873191922437
        dvar: 6.14373334429e-07
        dvar2: 1.46966510783e-06
        max: 0.00648638512939
        mean: 0.00127933255862
        min: 1.37745270745e-09
        var: 9.19150181744e-07
    spectral_flatness_db:
        dmean: 0.0132191032171
        dmean2: 0.0196565277874
        dvar: 0.000134041212732
        dvar2: 0.000276865059277
        max: 0.223738521338
        mean: 0.142340868711
        min: 0.0665870606899
        var: 0.000507908989675
    spectral_flux:
        dmean: 0.00889816042036
        dmean2: 0.0130372578278
        dvar: 7.06788268872e-05
        dvar2: 0.000133548557642
        max: 0.105319134891
        mean: 0.044029019773
        min: 5.08555021952e-05
        var: 0.000186379009392
    spectral_kurtosis:
        dmean: 0.979351997375
        dmean2: 1.57041811943
        dvar: 0.764029026031
        dvar2: 1.75167620182
        max: 11.4225912094
        mean: 3.05052781105
        min: -0.602966547012
        var: 2.66202878952
    spectral_rms:
        dmean: 0.000243921254878
        dmean2: 0.000367112632375
        dvar: 6.26305904916e-08
        dvar2: 1.23963047827e-07
        max: 0.00383139611222
        mean: 0.00230154232122
        min: 1.58845909937e-06
        var: 2.16635910988e-07
    spectral_rolloff:
        dmean: 311.806671143
        dmean2: 485.698944092
        dvar: 151404.09375
        dvar2: 248594.71875
        max: 6459.9609375
        mean: 3661.14233398
        min: 2325.5859375
        var: 578507.25
    spectral_skewness:
        dmean: 0.153865635395
        dmean2: 0.236459925771
        dvar: 0.0174334533513
        dvar2: 0.0327084735036
        max: 2.37171769142
        mean: 1.23557710648
        min: 0.325011283159
        var: 0.0863647088408
    spectral_spread:
        dmean: 676067.25
        dmean2: 922168.8125
        dvar: 907763056640
        dvar2: 1.19258493747e+12
        max: 18683212
        mean: 4781671
        min: 2719633.5
        var: 3.0486537175e+12
    spectral_strongpeak:
        dmean: 0.692109882832
        dmean2: 1.10964024067
        dvar: 0.559585630894
        dvar2: 1.29692780972
        max: 5.58734846115
        mean: 1.29423117638
        min: 9.9828648672e-06
        var: 1.17357611656
    zerocrossingrate:
        dmean: 0.00867124088109
        dmean2: 0.00943972542882
        dvar: 8.01777277957e-05
        dvar2: 8.33907688502e-05
        max: 0.2099609375
        mean: 0.114977799356
        min: 0.04931640625
        var: 0.000545560906176
    barkbands:
        dmean: [6.85128824784e-08, 3.33232819685e-05, 0.000104950588138, 0.000100147401099, 0.000186532153748, 0.000249538483331, 6.23204541625e-05, 4.47954334959e-05, 0.00017299540923, 0.000114106609544, 0.000139205149026, 0.000102779966255, 0.000100094825029, 8.4125000285e-05, 0.000196948443772, 0.000191110768355, 0.000312092161039, 0.000205968608498, 0.000267923896899, 0.000145933940075, 7.05343773006e-05, 7.62612180552e-05, 1.49485431393e-05, 6.6728434831e-06, 5.88773582422e-06, 8.6606711136e-08, 3.46611822577e-10]
        dmean2: [1.05800445738e-07, 6.20271457592e-05, 0.00019753446395, 0.000173988868482, 0.000310571253067, 0.000400667020585, 0.000104665698018, 7.56540175644e-05, 0.000282222783426, 0.000174259388587, 0.00019291798526, 0.000160185940331, 0.000159068731591, 0.000131024920847, 0.000324269320117, 0.000294882949675, 0.00050545798149, 0.000307211419567, 0.000443179829745, 0.000240612804191, 0.0001146785944, 0.000112555346277, 2.09261961572e-05, 9.167684766e-06, 8.60312684381e-06, 1.33416492076e-07, 5.84212844768e-10]
        dvar: [1.67291141606e-14, 9.37304989179e-09, 7.95812198362e-08, 3.23143538594e-08, 1.54674197006e-07, 2.47543880505e-07, 2.84203487411e-08, 1.64985873852e-08, 1.08994456127e-07, 7.40369969776e-08, 7.68219976521e-08, 3.07521155207e-08, 1.14649569838e-08, 1.82471016075e-08, 6.89413965915e-08, 8.90846720836e-08, 1.21848003687e-07, 7.05088041286e-08, 6.16609696635e-08, 3.13765191606e-08, 8.28733082159e-09, 2.92525719203e-08, 9.55701628946e-10, 2.42921988081e-10, 2.08630182574e-10, 1.68797115364e-14, 4.19739696197e-19]
        dvar2: [3.71814327916e-14, 2.65467736682e-08, 2.30161788295e-07, 9.17779487963e-08, 4.13391944676e-07, 5.84421286476e-07, 7.52179474262e-08, 4.66284753031e-08, 2.93964973253e-07, 1.46425293224e-07, 1.35958245551e-07, 6.82942129515e-08, 2.41576980642e-08, 4.06515283657e-08, 1.69035047293e-07, 2.00404997486e-07, 2.67862731107e-07, 1.55375687427e-07, 1.55468569574e-07, 8.50170849276e-08, 1.81910930763e-08, 7.0466462887e-08, 1.58769919434e-09, 3.73551911625e-10, 4.11290890234e-10, 3.24078125989e-14, 5.78628606611e-19]
        max: [9.78239654614e-07, 0.000551282020751, 0.00181885389611, 0.00150058348663, 0.00362165574916, 0.00496644107625, 0.00145772553515, 0.00171385938302, 0.00251814420335, 0.00397240044549, 0.00378486071713, 0.00182561029214, 0.00106649880763, 0.00121315172873, 0.00241477414966, 0.00297326105647, 0.00342177529819, 0.00303653604351, 0.00257279886864, 0.00177278160118, 0.00119230686687, 0.00237966328859, 0.000428351369919, 0.000255249411566, 0.000189892118215, 1.29045849917e-06, 1.28911503694e-08]
        mean: [7.19222512657e-08, 2.8747583201e-05, 9.12420000532e-05, 0.000148387567606, 0.000293277145829, 0.000367049477063, 0.000109218883154, 7.78242829256e-05, 0.000250316719757, 0.000215155203477, 0.00029580492992, 0.000171421997948, 0.000195653163246, 0.000158279828611, 0.000340259575751, 0.000363482133253, 0.000733121123631, 0.000449291808764, 0.000665382889565, 0.000330047419993, 0.000183062002179, 0.000134811984026, 2.75792081084e-05, 1.20384738693e-05, 9.92605873762e-06, 1.25740413637e-07, 3.80779296982e-10]
        min: [5.32104221795e-12, 2.61114914413e-11, 3.45154391179e-11, 4.44754302831e-11, 1.45760084558e-10, 2.09070122326e-10, 2.73647993154e-10, 3.1984154214e-10, 3.57505303139e-10, 1.17623619178e-10, 6.29305912936e-11, 2.05293126249e-11, 6.59450133389e-11, 1.32760608063e-10, 1.59245339137e-10, 1.22125518032e-10, 1.28801622146e-11, 7.06693297631e-12, 2.83219253605e-10, 8.24077056594e-11, 5.99714444771e-11, 2.5728155717e-11, 6.21285444966e-12, 3.22975652299e-12, 2.75279495379e-12, 2.06300731706e-12, 1.60247656074e-13]
        var: [1.95750245847e-14, 5.62012969496e-09, 4.64452298843e-08, 2.79502359035e-08, 1.36104461035e-07, 3.14420390168e-07, 3.61728247356e-08, 1.89271851525e-08, 1.29086615175e-07, 1.40622304912e-07, 3.2998107713e-07, 7.38856087423e-08, 2.93380981731e-08, 4.54814639284e-08, 1.45351677361e-07, 2.01593508109e-07, 3.59591041388e-07, 1.82582553521e-07, 1.41182212587e-07, 5.29278878503e-08, 1.49730574606e-08, 5.92482685136e-08, 2.38297603872e-09, 7.89397325285e-10, 6.6588862202e-10, 3.63737021731e-14, 5.66431725082e-19]
    mfcc:
        mean: [-675.354675293, 84.3655853271, -62.316619873, 42.8491287231, -14.7711286545, -2.50753641129, -5.64835834503, -2.12771582603, -6.6674656868, -11.656873703, -9.46252536774, -9.48783969879, -5.95035171509]
        cov: [[1905.97473145, -239.469680786, 82.8100280762, -55.8535690308, 78.7992706299, 14.4477834702, -31.0482654572, 82.2345657349, 24.4555530548, -81.0580215454, 0.929790735245, -28.9173545837, 5.60050153732], [-239.469680786, 546.33984375, -316.485717773, 91.4315872192, -100.824714661, -4.89694547653, 21.8414840698, -5.83930635452, -65.5822372437, 68.0958709717, -63.4119644165, 21.810344696, -59.9723205566], [82.8100280762, -316.485717773, 521.894897461, -48.3396110535, 28.4181480408, -36.5096702576, -24.7678165436, -20.6212768555, 38.3014259338, -44.9189109802, 58.9424972534, -1.45488023758, 67.3761749268], [-55.8535690308, 91.4315872192, -48.3396110535, 201.99407959, 51.2415657043, 2.19909405708, -10.8076152802, -27.0025119781, -4.93065881729, 38.4949760437, -40.8354949951, 33.4038734436, -27.0068836212], [78.7992706299, -100.824714661, 28.4181480408, 51.2415657043, 156.223022461, 17.882352829, 4.48574304581, 13.9369277954, 54.3085441589, 7.39091968536, 2.50132656097, 13.9406118393, 6.02362680435], [14.4477834702, -4.89694547653, -36.5096702576, 2.19909405708, 17.882352829, 95.2230377197, 45.9077224731, 20.4869270325, -2.31336665154, -4.21789216995, 5.53195810318, -2.11742806435, -4.57905006409], [-31.0482654572, 21.8414840698, -24.7678165436, -10.8076152802, 4.48574304581, 45.9077224731, 102.899253845, 38.8456573486, -0.782735943794, -1.88717412949, 11.8752231598, 5.94434452057, -12.2879810333], [82.2345657349, -5.83930635452, -20.6212768555, -27.0025119781, 13.9369277954, 20.4869270325, 38.8456573486, 97.1535186768, 27.9208278656, -1.5009496212, 8.26954078674, -6.06855583191, 2.01220750809], [24.4555530548, -65.5822372437, 38.3014259338, -4.93065881729, 54.3085441589, -2.31336665154, -0.782735943794, 27.9208278656, 82.4916992188, 18.5830421448, 12.9202308655, -2.03388142586, 3.59059119225], [-81.0580215454, 68.0958709717, -44.9189109802, 38.4949760437, 7.39091968536, -4.21789216995, -1.88717412949, -1.5009496212, 18.5830421448, 74.2939376831, -6.66776943207, 11.3465337753, -29.4696140289], [0.929790735245, -63.4119644165, 58.9424972534, -40.8354949951, 2.50132656097, 5.53195810318, 11.8752231598, 8.26954078674, 12.9202308655, -6.66776943207, 80.8790435791, 10.9957542419, 20.3706130981], [-28.9173545837, 21.810344696, -1.45488023758, 33.4038734436, 13.9406118393, -2.11742806435, 5.94434452057, -6.06855583191, -2.03388142586, 11.3465337753, 10.9957542419, 55.4091758728, 1.56792998314], [5.60050153732, -59.9723205566, 67.3761749268, -27.0068836212, 6.02362680435, -4.57905006409, -12.2879810333, 2.01220750809, 3.59059119225, -29.4696140289, 20.3706130981, 1.56792998314, 63.62266922]]
        icov: [[0.000629025802482, 0.000187611571164, -1.64472421602e-05, 5.96675708948e-05, -0.000286026363028, -9.18702789932e-05, 0.000568996241782, -0.000748691207264, 0.000227322569117, 0.000687297957484, 6.05815621384e-05, -1.80959341378e-05, 0.000604835920967], [0.000187611571164, 0.00439745793119, 0.00197994196787, -0.00143966428004, 0.00257413228974, 0.000945226405747, -0.00103230122477, -0.000593869714066, 0.00130514986813, -0.00238186540082, 0.00118843163364, -0.000965845538303, -0.000469135120511], [-1.64472421602e-05, 0.00197994196787, 0.00350249791518, -0.000695770431776, 0.00105694751255, 0.00138577050529, -0.000815091712866, 0.000909692316782, -0.000844066147693, -3.32995732606e-05, -0.000792376114987, -0.000111755856778, -0.00203454773873], [5.96675708948e-05, -0.00143966428004, -0.000695770431776, 0.00865090452135, -0.00392934912816, -0.000905633496586, 0.00110728491563, 0.00139754300471, 0.00154093466699, -0.00200672470964, 0.00335568003356, -0.00388911948539, 0.00152814469766], [-0.000286026363028, 0.00257413228974, 0.00105694751255, -0.00392934912816, 0.0121056037024, -0.00153737922665, -0.000958704564255, 0.000305076828226, -0.00689959293231, 0.000225380412303, 0.000909135851543, -0.00217060628347, -0.00153103552293], [-9.18702789932e-05, 0.000945226405747, 0.00138577050529, -0.000905633496586, -0.00153737922665, 0.014693537727, -0.00638638017699, -0.000444884586614, 0.00185753859114, -3.50664558937e-05, -0.00107843708247, 0.00205895002, -0.000795702333562], [0.000568996241782, -0.00103230122477, -0.000815091712866, 0.00110728491563, -0.000958704564255, -0.00638638017699, 0.0161508787423, -0.00589325651526, 0.00156337686349, 0.0022907750681, -0.0019140667282, -0.00253701140173, 0.00489512225613], [-0.000748691207264, -0.000593869714066, 0.000909692316782, 0.00139754300471, 0.000305076828226, -0.000444884586614, -0.00589325651526, 0.0157345999032, -0.00614599185064, 0.000179991286132, 0.000285714108031, 0.00103060598485, -0.00224742852151], [0.000227322569117, 0.00130514986813, -0.000844066147693, 0.00154093466699, -0.00689959293231, 0.00185753859114, 0.00156337686349, -0.00614599185064, 0.0223358329386, -0.00778928399086, -0.00153132516425, 0.00234979903325, -0.000394618778955], [0.000687297957484, -0.00238186540082, -3.32995732606e-05, -0.00200672470964, 0.000225380412303, -3.50664558937e-05, 0.0022907750681, 0.000179991286132, -0.00778928399086, 0.0232903957367, -0.00201767263934, -0.00269500212744, 0.00923060253263], [6.05815621384e-05, 0.00118843163364, -0.000792376114987, 0.00335568003356, 0.000909135851543, -0.00107843708247, -0.0019140667282, 0.000285714108031, -0.00153132516425, -0.00201767263934, 0.0175791680813, -0.00554570136592, -0.00350388977677], [-1.80959341378e-05, -0.000965845538303, -0.000111755856778, -0.00388911948539, -0.00217060628347, 0.00205895002, -0.00253701140173, 0.00103060598485, 0.00234979903325, -0.00269500212744, -0.00554570136592, 0.023587577045, -0.00279686041176], [0.000604835920967, -0.000469135120511, -0.00203454773873, 0.00152814469766, -0.00153103552293, -0.000795702333562, 0.00489512225613, -0.00224742852151, -0.000394618778955, 0.00923060253263, -0.00350388977677, -0.00279686041176, 0.0246182866395]]
    spectral_contrast:
        mean: [2.10248231269e-07, 2.7205828701e-07, 1.61912154795e-07, -1.98337222201e-08, -1.37042391657e-07, -3.87706151628e-08, 8.92689939747e-08, 5.82663005844e-07, -7.01182443663e-07, -1.64354287335e-06, 1.47217951962e-06, -1.05467108824e-06]
        var: [0.000523087917827, 0.000617101672105, 0.00140607135836, 0.00275159976445, 0.00350502552465, 0.00514885457233, 0.0405101105571, 0.0696488693357, 0.113263003528, 0.199309751391, 0.420929402113, 0.90702599287]

rhythm:
    beats_loudness:
        dmean: 0.00247441185638
        dmean2: 0.00405001360923
        dvar: 2.60182036982e-06
        dvar2: 8.38659525471e-06
        max: 0.0100782774389
        mean: 0.0058691999875
        min: 0.00260717212223
        var: 4.99585439684e-06
    beats_loudness_bass:
        dmean: 0.0283209979534
        dmean2: 0.0546408258379
        dvar: 0.00076344597619
        dvar2: 0.00222155102529
        max: 0.123073711991
        mean: 0.0393572300673
        min: 0.0123302945867
        var: 0.000645596068352
    bpm: 105.649757385
    bpm_confidence: 0
    first_peak_bpm: 106
    first_peak_spread: 0
    first_peak_weight: 0.9375
    onset_rate: 3.19010424614
    second_peak_bpm: 146
    second_peak_spread: 0
    second_peak_weight: 0.0625
    beats_position: [0.450165420771, 1.01592385769, 1.5816822052, 2.14744067192, 2.71319890022, 3.27895760536, 3.84471583366, 4.41047382355, 4.97623205185, 5.54199028015, 5.95353746414, 6.5242638588, 7.09498977661, 7.66571569443, 8.23644161224, 8.8071680069, 9.37789344788]
    bpm_estimates: [106.097183228, 106.264785767, 105.981239319, 105.792106628, 105.441337585, 106.391349792, 106.334625244, 106.096992493, 106.077812195, 105.487487793, 105.423141479, 105.345275879, 105.355735779, 105.350990295, 104.102073669, 104.8542099]
    bpm_intervals: [0.565758466721, 0.565758347511, 0.565758466721, 0.565758228302, 0.565758705139, 0.565758228302, 0.565757989883, 0.565758228302, 0.565758228302, 0.41154718399, 0.570726394653, 0.570725917816, 0.570725917816, 0.570725917816, 0.570726394653, 0.570725440979]
    onset_times: [0.0464399084449, 0.162539675832, 0.696598649025, 1.01006805897, 1.74149656296, 2.14784574509, 2.41487526894, 3.04181408882, 3.28562355042, 3.81968259811, 3.85451245308, 4.051882267, 4.41179132462, 4.65560102463, 4.71365070343, 4.99229001999, 5.56117916107, 5.83981847763, 6.13006782532, 6.42031764984, 6.71056699753, 6.98920631409, 7.0936961174, 7.31428575516, 7.53487539291, 7.72063493729, 8.42884349823, 8.67265319824, 8.87002277374, 8.99773216248, 9.5666217804, 9.94975090027]
    rubato_start: []
    rubato_stop: []
    perceptual_tempo: "unknown"

sfx:
    inharmonicity:
        dmean: 0.070806145668
        dmean2: 0.123204432428
        dvar: 0.00372341065668
        dvar2: 0.0103853307664
        max: 0.371186196804
        mean: 0.0867342874408
        min: 0.000984309590422
        var: 0.00483628548682
    oddtoevenharmonicenergyratio:
        dmean: 2.17895936966
        dmean2: 4.10002326965
        dvar: 37.5958786011
        dvar2: 112.283569336
        max: 83.3284835815
        mean: 1.62178874016
        min: 0.0054866396822
        var: 20.7484912872
    pitch_after_max_to_before_max_energy_ratio: 0.39688166976
    pitch_centroid: 238.547348022
    pitch_max_to_total: 0.768518507481
    pitch_min_to_total: 0.432870358229
    tristimulus:
        dmean: [0.146726831794, 0.222914651036, 0.177064403892]
        dmean2: [0.256453901529, 0.384679764509, 0.319278925657]
        dvar: [0.0180707182735, 0.036076169461, 0.0197264980525]
        dvar2: [0.0519099608064, 0.105114020407, 0.0529178902507]
        max: [0.812670469284, 0.947115361691, 0.623992621899]
        mean: [0.252103000879, 0.515345513821, 0.193225607276]
        min: [0.00665297638625, 0, 0]
        var: [0.024940373376, 0.0461643226445, 0.0271508861333]

tonal:
    chords_changes_rate: 0.0416666679084
    chords_number_rate: 0.0231481473893
    chords_strength:
        dmean: 0.00986685883254
        dmean2: 0.0103776343167
        dvar: 5.97345388087e-05
        dvar2: 8.87661153683e-05
        max: 0.662012815475
        mean: 0.489165335894
        min: 0.354443967342
        var: 0.00487411022186
    key_strength: 0.736353814602
    tuning_diatonic_strength: 0.528534054756
    tuning_equal_tempered_deviation: 0.0332917906344
    tuning_frequency: 441.782684326
    tuning_nontempered_energy_ratio: 0.667712211609
    hpcp:
        dmean: [0.216539800167, 0.145428612828, 0.0781759023666, 0.0631928443909, 0.0776032134891, 0.114811442792, 0.150154083967, 0.145974650979, 0.130324035883, 0.146159678698, 0.112946905196, 0.0909197553992, 0.120978184044, 0.11753179878, 0.157504975796, 0.197035446763, 0.181489437819, 0.166789323092, 0.133053228259, 0.122049063444, 0.190743803978, 0.254499286413, 0.191412776709, 0.141845390201, 0.137380346656, 0.121156848967, 0.0867603868246, 0.0887198597193, 0.0875967815518, 0.124220170081, 0.15884578228, 0.148513793945, 0.157152310014, 0.145483791828, 0.140786841512, 0.183003112674]
        dmean2: [0.36193561554, 0.235968083143, 0.12586940825, 0.108475878835, 0.127719759941, 0.181228846312, 0.237280324101, 0.23514509201, 0.211257040501, 0.231586456299, 0.183141857386, 0.14756180346, 0.202866613865, 0.195154726505, 0.251814693213, 0.31549423933, 0.29223176837, 0.269500643015, 0.218530774117, 0.215237081051, 0.318092733622, 0.435182958841, 0.314444422722, 0.247263297439, 0.240333989263, 0.212425321341, 0.1404286623, 0.145842164755, 0.140673220158, 0.204525902867, 0.249062299728, 0.252448171377, 0.272233575583, 0.247043251991, 0.231389760971, 0.310225367546]
        dvar: [0.0392589792609, 0.0216930303723, 0.012301123701, 0.0126129342243, 0.00874779187143, 0.0156025476754, 0.0294687319547, 0.0321978740394, 0.0209025964141, 0.025858329609, 0.0180270560086, 0.0139638101682, 0.0292758345604, 0.021834531799, 0.0237860549241, 0.0393143892288, 0.0358548127115, 0.0306692607701, 0.0251732561737, 0.0346251986921, 0.0387275181711, 0.0559669584036, 0.0314357988536, 0.0277082789689, 0.0333288498223, 0.0302318390459, 0.0136896902695, 0.0160421486944, 0.0137089537457, 0.0239988286048, 0.0294583439827, 0.0341208353639, 0.0394020266831, 0.0237756483257, 0.0221001375467, 0.0252825189382]
        dvar2: [0.104599587619, 0.0554197356105, 0.0296148099005, 0.0341939404607, 0.0209513865411, 0.0354378595948, 0.0702829286456, 0.086363106966, 0.0489279739559, 0.0575289689004, 0.0384561903775, 0.0330483056605, 0.0654412806034, 0.0580756329, 0.0511719174683, 0.087318494916, 0.0811566859484, 0.0687986537814, 0.0630507618189, 0.0963370576501, 0.0981226935983, 0.131060063839, 0.0822601765394, 0.071255132556, 0.0907270014286, 0.0752957314253, 0.0342657789588, 0.0397645123303, 0.033760689199, 0.0627177655697, 0.0663896650076, 0.0860502421856, 0.114862017334, 0.0608972609043, 0.0530043803155, 0.0721500664949]
        max: [1, 1, 0.791171729565, 1, 0.784120202065, 1, 1, 1, 1, 1, 1, 0.879783034325, 1, 1, 1, 1, 1, 1, 1, 1, 1, 1, 1, 1, 1, 1, 0.715022206306, 1, 1, 1, 1, 1, 1, 0.954142928123, 1, 1]
        mean: [0.512134075165, 0.306366592646, 0.118074648082, 0.0948380976915, 0.12329673022, 0.228047549725, 0.309297978878, 0.239966109395, 0.233282119036, 0.289356172085, 0.197417750955, 0.149646922946, 0.191683426499, 0.190030843019, 0.300698399544, 0.412054002285, 0.330107301474, 0.26117169857, 0.200813353062, 0.152183592319, 0.338360160589, 0.479713767767, 0.324311137199, 0.219930708408, 0.233827099204, 0.168873146176, 0.127411201596, 0.143783017993, 0.137046247721, 0.200862690806, 0.2714805305, 0.230963930488, 0.214080601931, 0.231154352427, 0.220774337649, 0.385153800249]
        min: [0.059703476727, 0.0317088253796, 0.0111253196374, 0.00712940329686, 0.00796868372709, 0.0195528194308, 0.0219910107553, 0.0166873130947, 0.00412813574076, 0.00608947314322, 0.00818232167512, 0.00421666912735, 0.00457437895238, 0.0138708679006, 0.02655970864, 0.0313139371574, 0.0219261422753, 0.0127564230934, 0.00835022050887, 0.00624555069953, 0.0246577803046, 0.0346364378929, 0.0235628616065, 0.0166253577918, 0.007991717197, 0.00686942227185, 0.00747892120853, 0.0073344358243, 0.00639344938099, 0.0174121018499, 0.0109691340476, 0.0182056259364, 0.0156496837735, 0.0168019365519, 0.0162725169212, 0.0604634471238]
        var: [0.0875343233347, 0.0388497076929, 0.013723901473, 0.0102606704459, 0.0119167622179, 0.0349923484027, 0.0714465007186, 0.0534184761345, 0.0466210320592, 0.0872589275241, 0.0463187918067, 0.0218443274498, 0.0491592362523, 0.0272154733539, 0.0527347177267, 0.0896096080542, 0.064048320055, 0.061526004225, 0.039606936276, 0.0327628403902, 0.0589685700834, 0.10156340152, 0.0498770922422, 0.0418826639652, 0.0666724070907, 0.0475187785923, 0.0193601101637, 0.0299709420651, 0.0237397942692, 0.0388965159655, 0.0656529292464, 0.0511195957661, 0.0409987233579, 0.0372629798949, 0.0331186950207, 0.0455717556179]
    chords_histogram: [11.5740737915, 0, 17.5925922394, 0.462962955236, 0, 3.24074077606, 0, 17.5925922394, 0, 0, 0, 0, 0, 0, 0, 0, 0, 0, 0, 0, 0, 0, 49.5370368958, 0]
    thpcp: [1, 0.598215579987, 0.230554178357, 0.18518216908, 0.240750879049, 0.445288777351, 0.603939473629, 0.468561112881, 0.455509871244, 0.565000832081, 0.385480612516, 0.292202621698, 0.374283671379, 0.371056824923, 0.587147831917, 0.804582297802, 0.644572019577, 0.509967446327, 0.392110913992, 0.297155767679, 0.660686671734, 0.936695635319, 0.633254349232, 0.429439723492, 0.456573992968, 0.329744011164, 0.248784855008, 0.280752688646, 0.267598390579, 0.392207235098, 0.530096590519, 0.450983315706, 0.418016701937, 0.451355159283, 0.431086987257, 0.752056598663]
    chords_key: "D"
    chords_scale: "minor"
    key_key: "A"
    key_scale: "minor"
    chords_progression: ["Em", "Em", "Em", "Em", "Em", "Em", "Em", "Em", "Em", "Em", "G", "Em", "Em", "Em", "Em", "Em", "Em", "Em", "Em", "Em", "Em", "Em", "Em", "Em", "Em", "Em", "Em", "Em", "Em", "Em", "Em", "Em", "Em", "Em", "Em", "Em", "Em", "Em", "Em", "A", "A", "A", "A", "A", "A", "A", "A", "A", "A", "A", "A", "A", "A", "A", "A", "Dm", "Dm", "Dm", "Dm", "Dm", "Dm", "Dm", "Dm", "Dm", "Dm", "Dm", "Dm", "Dm", "Dm", "Dm", "Dm", "Dm", "Dm", "Dm", "Dm", "Dm", "Dm", "Dm", "Dm", "Dm", "Dm", "Dm", "Dm", "Dm", "Dm", "Dm", "Dm", "Dm", "Dm", "Dm", "Dm", "Dm", "Dm", "Dm", "Dm", "Dm", "Dm", "Dm", "Dm", "Dm", "Dm", "Dm", "Dm", "Dm", "Am", "A", "A", "A", "A", "A", "A", "A", "A", "A", "A", "A", "A", "A", "A", "A", "A", "A", "A", "A", "A", "A", "A", "Am", "Am", "Am", "Am", "Am", "Am", "Am", "Am", "Am", "Am", "Am", "Am", "Am", "Am", "Am", "Am", "Am", "Am", "Am", "Am", "Am", "Am", "Am", "Am", "D", "D", "D", "D", "D", "D", "D", "Dm", "Dm", "Dm", "Dm", "Dm", "Dm", "Dm", "Dm", "Dm", "Dm", "Dm", "Dm", "Dm", "Dm", "Dm", "Dm", "Dm", "Dm", "Dm", "Dm", "Dm", "Dm", "Dm", "Dm", "Dm", "Dm", "Dm", "Dm", "Dm", "Dm", "Dm", "Dm", "Dm", "Dm", "Dm", "Dm", "Dm", "Dm", "Dm", "Dm", "Dm", "Dm", "Dm", "Dm", "Dm", "Dm", "Dm", "Dm", "Dm", "Dm", "Dm", "Dm", "Dm", "Dm", "Dm", "Dm", "Dm", "Dm"]
