
metadata:
    version:
        essentia: "1.2.2"
    audio_properties:
        analysis_sample_rate: 44100
        bitrate: 128
        channels: 2
        equal_loudness: 1
        length: 10.0048980713
        replay_gain: -10.1640605927
        downmix: "mix"
    tags:
        track: 16
        year: 0
        album: "Splitted by Mp3Splt v. 2.1"
        artist: "From 002.30 To 002.40"
        comment: "http://mp3splt.sf.net"
        genre: ""
        title: "06 Gigantic.mp3"

highlevel:
    ballroom:
        all:
            ChaChaCha: 0.019871596247
            Jive: 0.917722940445
            Quickstep: 0.0105551797897
            Rumba-American: 0.000345678883605
            Rumba-International: 0.000940257159527
            Rumba-Misc: 0.00124872522429
            Samba: 0.0195736251771
            Tango: 0.00101028231438
            VienneseWaltz: 0.0267920028418
            Waltz: 0.00193974096328
        probability: 0.917722940445
        value: "Jive"
    culture:
        all:
            non_western: 0.0759882107377
            western: 0.924011766911
        probability: 0.924011766911
        value: "western"
    gender:
        all:
            female: 0.14161773026
            male: 0.858382284641
        probability: 0.858382284641
        value: "male"
    genre_dortmund:
        all:
            alternative: 0.0865870118141
            blues: 0.00250212638639
            electronic: 0.0151470964774
            folkcountry: 0.0374294817448
            funksoulrnb: 0.009660304524
            jazz: 0.00341621227562
            pop: 0.033687312156
            raphiphop: 0.000541556626558
            rock: 0.811028897762
        probability: 0.811028897762
        value: "rock"
    genre_electronica:
        all:
            ambient: 0.256387352943
            dnb: 0.124222107232
            house: 0.00887203682214
            techno: 0.0200374089181
            trance: 0.590481102467
        probability: 0.590481102467
        value: "trance"
    genre_rosamerica:
        all:
            cla: 0.00637539615855
            dan: 0.00646210229024
            hip: 0.00185624451842
            jaz: 0.00055182428332
            pop: 0.00146307121031
            rhy: 0.000471605279017
            roc: 0.981983304024
            spe: 0.000836472085211
        probability: 0.981983304024
        value: "roc"
    genre_tzanetakis:
        all:
            blu: 0.00868181418628
            cla: 0.0279008839279
            cou: 0.0528965368867
            dis: 0.0141515973955
            hip: 0.00819795206189
            jaz: 0.0359810478985
            met: 0.618900239468
            pop: 0.0171757936478
            reg: 0.00425136694685
            roc: 0.211862757802
        probability: 0.618900239468
        value: "met"
    live_studio:
        all:
            live: 0.378832936287
            studio: 0.621167063713
        probability: 0.621167063713
        value: "studio"
    mood:
        all:
            Cluster1: 0.42440661788
            Cluster2: 0.049208458513
            Cluster3: 0.00848677940667
            Cluster4: 0.0599298402667
            Cluster5: 0.457968324423
        probability: 0.457968324423
        value: "Cluster5"
    mood_acoustic:
        all:
            acoustic: 0.020569127053
            not_acoustic: 0.979430854321
        probability: 0.979430854321
        value: "not_acoustic"
    mood_aggressive:
        all:
            aggressive: 0.990480720997
            not_aggressive: 0.00951925106347
        probability: 0.990480720997
        value: "aggressive"
    mood_electronic:
        all:
            electronic: 0.11474583298
            not_electronic: 0.885254144669
        probability: 0.885254144669
        value: "not_electronic"
    mood_happy:
        all:
            happy: 0.135816827416
            not_happy: 0.864183187485
        probability: 0.864183187485
        value: "not_happy"
    mood_party:
        all:
            not_party: 0.36517521739
            party: 0.634824812412
        probability: 0.634824812412
        value: "party"
    mood_relaxed:
        all:
            not_relaxed: 0.924347698689
            relaxed: 0.0756523013115
        probability: 0.924347698689
        value: "not_relaxed"
    mood_sad:
        all:
            not_sad: 0.993189930916
            sad: 0.00681005697697
        probability: 0.993189930916
        value: "not_sad"
    rhythm:
        all:
            fast: 0.90024638176
            medium: 0.0644369646907
            slow: 0.035316657275
        probability: 0.90024638176
        value: "fast"
    speech_music:
        all:
            music: 0.984165906906
            speech: 0.0158340837806
        probability: 0.984165906906
        value: "music"
    timbre:
        all:
            bright: 0.70290941
            dark: 0.29709059
        probability: 0.70290941
        value: "bright"
    voice_instrumental:
        all:
            instrumental: 0.568932592869
            voice: 0.431067407131
        probability: 0.568932592869
        value: "instrumental"

lowlevel:
    average_loudness: 0.98652368784
    barkbands_kurtosis:
        dmean: 0.420330643654
        dmean2: 0.687850356102
        dvar: 0.221588626504
        dvar2: 0.494637012482
        max: 2.07737731934
        mean: -1.00509274006
        min: -1.77624630928
        var: 0.478468358517
    barkbands_skewness:
        dmean: 0.33835953474
        dmean2: 0.526457607746
        dvar: 0.0889325216413
        dvar2: 0.196448564529
        max: 1.34916615486
        mean: -0.489438295364
        min: -1.69722652435
        var: 0.233777880669
    barkbands_spread:
        dmean: 4.30931282043
        dmean2: 7.03645420074
        dvar: 15.3600444794
        dvar2: 42.3284378052
        max: 49.1354904175
        mean: 32.1073036194
        min: 16.8402404785
        var: 34.4586830139
    dissonance:
        dmean: 0.0102962860838
        dmean2: 0.0170014705509
        dvar: 7.50971667003e-05
        dvar2: 0.000206711731153
        max: 0.499673694372
        mean: 0.481443703175
        min: 0.427272170782
        var: 0.000127654551761
    hfc:
        dmean: 2.21247911453
        dmean2: 3.4037873745
        dvar: 3.55957007408
        dvar2: 8.54713058472
        max: 24.0869216919
        mean: 12.3967914581
        min: 3.00512051582
        var: 11.9844350815
    pitch:
        dmean: 1002.08068848
        dmean2: 1951.70800781
        dvar: 1791324.5
        dvar2: 4341741
        max: 4009.09082031
        mean: 2341.74487305
        min: 82.4299087524
        var: 2288056.5
    pitch_instantaneous_confidence:
        dmean: 0.0629300996661
        dmean2: 0.10526227206
        dvar: 0.00271859625354
        dvar2: 0.00732130929828
        max: 0.566496491432
        mean: 0.330524325371
        min: 0.190771639347
        var: 0.00546961184591
    pitch_salience:
        dmean: 0.0404854975641
        dmean2: 0.0678513422608
        dvar: 0.0016867100494
        dvar2: 0.00478495378047
        max: 0.817633032799
        mean: 0.70084130764
        min: 0.379787057638
        var: 0.00255089369603
    silence_rate_20dB:
        dmean: 0
        dmean2: 0
        dvar: 0
        dvar2: 0
        max: 1
        mean: 1
        min: 1
        var: 0
    silence_rate_30dB:
        dmean: 0
        dmean2: 0
        dvar: 0
        dvar2: 0
        max: 1
        mean: 1
        min: 1
        var: 0
    silence_rate_60dB:
        dmean: 0.0279069766402
        dmean2: 0.0536130517721
        dvar: 0.027128348127
        dvar2: 0.0693867281079
        max: 1
        mean: 0.0232018567622
        min: 0
        var: 0.0226634386927
    spectral_centroid:
        dmean: 246.042633057
        dmean2: 391.05581665
        dvar: 47681.71875
        dvar2: 105848.4375
        max: 3037.74291992
        mean: 2178.04882812
        min: 1084.95471191
        var: 121575.507812
    spectral_complexity:
        dmean: 3.93691587448
        dmean2: 6.24355983734
        dvar: 9.90023326874
        dvar2: 24.2498054504
        max: 42
        mean: 25.1491832733
        min: 4
        var: 29.0779647827
    spectral_crest:
        dmean: 1.38428843021
        dmean2: 2.36085534096
        dvar: 2.25727534294
        dvar2: 5.86744022369
        max: 18.7873287201
        mean: 5.4700217247
        min: 2.95456457138
        var: 2.74692630768
    spectral_decrease:
        dmean: 3.04832242781e-10
        dmean2: 4.87183848819e-10
        dvar: 1.4113756277e-19
        dvar2: 3.36269469271e-19
        max: -3.11590170332e-10
        mean: -1.24849008909e-09
        min: -3.54230333954e-09
        var: 2.18727052529e-19
    spectral_energy:
        dmean: 0.00131424644496
        dmean2: 0.00208819005638
        dvar: 2.35905986301e-06
        dvar2: 5.58324563826e-06
        max: 0.015554215759
        mean: 0.00583651149645
        min: 0.00144857889973
        var: 4.02713521908e-06
    spectral_energyband_high:
        dmean: 0.000173054460902
        dmean2: 0.000274451944279
        dvar: 2.58981831536e-08
        dvar2: 6.5877721056e-08
        max: 0.00162573426496
        mean: 0.000692652596626
        min: 0.00018714228645
        var: 6.18358129145e-08
    spectral_energyband_low:
        dmean: 0.000103463775304
        dmean2: 0.000183384414413
        dvar: 4.59801157149e-08
        dvar2: 1.30239371288e-07
        max: 0.00161586224567
        mean: 0.000145233221701
        min: 8.52012760788e-07
        var: 3.53053621893e-08
    spectral_energyband_middle_high:
        dmean: 0.000655242358334
        dmean2: 0.0010240143165
        dvar: 2.88487939315e-07
        dvar2: 6.64104788939e-07
        max: 0.00627010455355
        mean: 0.00321400398389
        min: 0.000953571929131
        var: 1.03072864022e-06
    spectral_energyband_middle_low:
        dmean: 0.000814621918835
        dmean2: 0.00129940558691
        dvar: 1.49541517658e-06
        dvar2: 3.6917970192e-06
        max: 0.0101815965027
        mean: 0.00178462394979
        min: 0.00026809508563
        var: 1.85392525509e-06
    spectral_flatness_db:
        dmean: 0.0107897175476
        dmean2: 0.0175139438361
        dvar: 9.94102883851e-05
        dvar2: 0.000261071516434
        max: 0.211778596044
        mean: 0.139929458499
        min: 0.0947549194098
        var: 0.000206665223232
    spectral_flux:
        dmean: 0.00692398101091
        dmean2: 0.0102372160181
        dvar: 5.76217753405e-05
        dvar2: 0.000107131891127
        max: 0.108051165938
        mean: 0.0477878339589
        min: 0.0288438871503
        var: 0.000133272784296
    spectral_kurtosis:
        dmean: 0.672105073929
        dmean2: 1.15680897236
        dvar: 0.353278428316
        dvar2: 0.977705657482
        max: 8.53427696228
        mean: 3.28450345993
        min: 0.417861461639
        var: 0.823806226254
    spectral_rms:
        dmean: 0.000256113999058
        dmean2: 0.000401161407353
        dvar: 6.96871467198e-08
        dvar2: 1.57283707836e-07
        max: 0.00389549019746
        mean: 0.00235496973619
        min: 0.00118880090304
        var: 1.48276399159e-07
    spectral_rolloff:
        dmean: 238.324310303
        dmean2: 396.624298096
        dvar: 41298.890625
        dvar2: 109362.921875
        max: 4478.90625
        mean: 3759.02270508
        min: 2756.25
        var: 84840.453125
    spectral_skewness:
        dmean: 0.110023677349
        dmean2: 0.184050500393
        dvar: 0.00848068855703
        dvar2: 0.0203391779214
        max: 2.11842346191
        mean: 1.24242651463
        min: 0.7583360672
        var: 0.0332447811961
    spectral_spread:
        dmean: 357622.8125
        dmean2: 545964.9375
        dvar: 121961136128
        dvar2: 258061008896
        max: 8116706
        mean: 4523335.5
        min: 3274916.25
        var: 436441284608
    spectral_strongpeak:
        dmean: 0.578340172768
        dmean2: 1.02446758747
        dvar: 0.415963083506
        dvar2: 1.09077560902
        max: 3.64056158066
        mean: 0.764482617378
        min: 0.0266054198146
        var: 0.534653902054
    zerocrossingrate:
        dmean: 0.00723181059584
        dmean2: 0.00939398258924
        dvar: 4.46933045168e-05
        dvar2: 7.3011717177e-05
        max: 0.15478515625
        mean: 0.118602260947
        min: 0.05419921875
        var: 0.00017176552501
    barkbands:
        dmean: [3.36721512895e-08, 1.91255330719e-05, 9.03209656826e-05, 0.000153186934767, 0.00024065861362, 0.000173906548298, 0.000317217811244, 0.00019853161939, 0.000124380647321, 0.000226987205679, 5.63625799259e-05, 5.89426053921e-05, 5.03659211972e-05, 6.13051888649e-05, 4.72109313705e-05, 9.87134480965e-05, 0.000228560063988, 0.000256388360867, 0.000283152970951, 0.00017958789249, 9.64559731074e-05, 2.38462107518e-05, 4.45503610536e-06, 2.04592993214e-06, 1.08014364741e-06, 7.42161461176e-08, 3.427997608e-10]
        dmean2: [5.15786560129e-08, 3.48942958226e-05, 0.000159727555001, 0.000271679571597, 0.000388596672565, 0.000283548870357, 0.000538215448614, 0.000330451613991, 0.000205396325327, 0.000348705216311, 9.66175066424e-05, 9.71366243903e-05, 8.45183676574e-05, 0.000104936138086, 7.97830944066e-05, 0.000162614014698, 0.000377967837267, 0.000430725835031, 0.000471670005936, 0.000299561739666, 0.000156449852511, 3.96273644583e-05, 7.00483087712e-06, 3.03697083837e-06, 1.65596270563e-06, 1.12213925263e-07, 5.90421767033e-10]
        dvar: [1.62828921218e-14, 2.18212981018e-09, 3.37952315022e-08, 1.01560324595e-07, 2.01215641482e-07, 6.58057857095e-08, 5.49138462702e-07, 3.29777520847e-07, 5.49818288675e-08, 7.29181337533e-08, 7.759970444e-09, 5.36397015694e-09, 7.92544696537e-09, 7.58095719533e-09, 8.14918177383e-09, 1.848163933e-08, 4.96911276571e-08, 5.47519185545e-08, 5.53494423627e-08, 2.58770622708e-08, 6.90700119321e-09, 1.22840548844e-09, 5.05510043547e-11, 1.45234371404e-11, 2.74199933592e-12, 1.44021892936e-14, 2.44927093702e-19]
        dvar2: [1.98725770946e-14, 6.26599661047e-09, 9.70017381974e-08, 2.8349012382e-07, 4.91942330427e-07, 1.59449456305e-07, 1.53254904944e-06, 9.05491390313e-07, 1.3887915884e-07, 1.62171659213e-07, 2.14192272807e-08, 1.51198005227e-08, 2.06142285464e-08, 1.87785200723e-08, 2.10371116083e-08, 4.99700369971e-08, 1.37499782227e-07, 1.42462255326e-07, 1.60063194699e-07, 7.3455744598e-08, 1.85737718539e-08, 3.35596017642e-09, 1.1945987255e-10, 2.71102602173e-11, 6.10735854251e-12, 3.31489765921e-14, 5.41207627784e-19]
        max: [2.4266823857e-06, 0.00031905178912, 0.00145168683957, 0.00219210144132, 0.00488564698026, 0.00225891056471, 0.00950682722032, 0.00688448501751, 0.00238116644323, 0.00184140901547, 0.0009106999496, 0.00095883233007, 0.00117841467727, 0.000724831479602, 0.00107142853085, 0.00148963532411, 0.00219821790233, 0.00187945168, 0.0023631141521, 0.00151466904208, 0.000857343606185, 0.000496777822264, 8.66597692948e-05, 5.27813062945e-05, 1.83984666364e-05, 1.072650889e-06, 7.1189103501e-09]
        mean: [3.41535262294e-08, 2.06626173167e-05, 0.000124539990793, 0.000165435689269, 0.000390102912206, 0.00026302743936, 0.000409447588027, 0.000253166363109, 0.000182214469532, 0.000367614673451, 7.95080632088e-05, 0.00010699613631, 8.42391091282e-05, 0.000106767358375, 7.51461047912e-05, 0.000182319694431, 0.000553147750907, 0.000686630548444, 0.000841415894683, 0.000547844101675, 0.000317578407703, 5.92385840719e-05, 1.11261233542e-05, 5.52117671759e-06, 2.655798653e-06, 1.37875176165e-07, 3.95686594601e-10]
        min: [1.27973187602e-10, 2.16322760593e-07, 5.57380133159e-07, 6.84117821947e-07, 1.94065814867e-05, 1.25380283862e-05, 7.80383379606e-06, 1.42411681736e-05, 1.3916833268e-05, 1.34717975016e-05, 4.51651158073e-06, 3.8284679249e-06, 9.05512388272e-06, 6.3444585976e-06, 6.83890266373e-06, 1.60343297466e-05, 9.96903399937e-05, 0.000131861423142, 0.000173925320269, 0.000147512226249, 3.72782633349e-05, 1.00291426861e-05, 1.52021652866e-06, 8.42150939206e-07, 2.39510029587e-07, 3.95386301477e-09, 1.7395237811e-13]
        var: [1.66537773562e-14, 1.46434275816e-09, 2.67422084477e-08, 7.42953361055e-08, 2.10610906493e-07, 8.23550365681e-08, 4.86188412196e-07, 2.49881395575e-07, 6.17501925149e-08, 1.20076322219e-07, 7.95039589718e-09, 9.44249567425e-09, 9.76644809469e-09, 1.36036844012e-08, 8.20921641775e-09, 2.58700030287e-08, 1.25691471453e-07, 9.68207771734e-08, 1.29954742079e-07, 4.53233219844e-08, 1.59715085601e-08, 1.94441773793e-09, 1.05224898239e-10, 2.53245584225e-11, 4.80895835306e-12, 2.07677994403e-14, 2.85564150752e-19]
    mfcc:
        mean: [-669.689086914, 87.8740081787, -54.6140174866, 53.4811096191, -26.146856308, -20.7053527832, -1.58779227734, -5.66430664062, -4.15710878372, -11.6426486969, -5.91889047623, -2.36205005646, -11.9672279358]
        cov: [[255.950668335, -11.2000579834, 32.7307739258, -36.3139877319, 1.44660449028, 6.01146125793, -25.5733833313, 4.29399442673, 8.69667339325, 16.361415863, 1.77146613598, -11.0925970078, -2.23494625092], [-11.2000579834, 165.930023193, -15.8938999176, 42.5323104858, 29.1355285645, -14.7287006378, 4.09554243088, -19.8850021362, 33.179019928, 4.42043066025, 11.2211093903, 17.403629303, 11.1233558655], [32.7307739258, -15.8938999176, 125.329849243, 22.5208759308, 4.79327058792, -11.4504489899, -13.7723197937, 13.4434528351, -8.26276302338, 7.1827507019, 3.69845890999, 3.72051024437, 3.04771780968], [-36.3139877319, 42.5323104858, 22.5208759308, 118.151329041, 22.0659446716, -5.27901315689, -10.9129285812, 5.53492546082, 6.06118392944, -1.99308419228, 0.736901402473, 14.7142562866, 17.0643806458], [1.44660449028, 29.1355285645, 4.79327058792, 22.0659446716, 73.0548400879, 6.35929393768, 17.3945617676, -0.139668598771, 24.700094223, 16.3443470001, 7.80581855774, 3.33089828491, -5.39020872116], [6.01146125793, -14.7287006378, -11.4504489899, -5.27901315689, 6.35929393768, 58.6003074646, 33.4684104919, 11.171207428, -5.55217552185, 4.78898143768, 3.75228786469, -18.6675891876, -15.3541603088], [-25.5733833313, 4.09554243088, -13.7723197937, -10.9129285812, 17.3945617676, 33.4684104919, 74.2882766724, 25.099981308, 10.1617765427, 10.9429101944, 13.621263504, -4.30145311356, -18.9807376862], [4.29399442673, -19.8850021362, 13.4434528351, 5.53492546082, -0.139668598771, 11.171207428, 25.099981308, 47.1407966614, 14.3303394318, 10.1306600571, 6.2982635498, 2.96654653549, -1.18250358105], [8.69667339325, 33.179019928, -8.26276302338, 6.06118392944, 24.700094223, -5.55217552185, 10.1617765427, 14.3303394318, 54.9330863953, 26.1726875305, 7.51662778854, 4.22212171555, 1.35279250145], [16.361415863, 4.42043066025, 7.1827507019, -1.99308419228, 16.3443470001, 4.78898143768, 10.9429101944, 10.1306600571, 26.1726875305, 45.7196807861, 20.2564945221, 3.72829127312, -2.90296292305], [1.77146613598, 11.2211093903, 3.69845890999, 0.736901402473, 7.80581855774, 3.75228786469, 13.621263504, 6.2982635498, 7.51662778854, 20.2564945221, 35.4346809387, 18.1985149384, 2.33187127113], [-11.0925970078, 17.403629303, 3.72051024437, 14.7142562866, 3.33089828491, -18.6675891876, -4.30145311356, 2.96654653549, 4.22212171555, 3.72829127312, 18.1985149384, 49.3607635498, 26.9749031067], [-2.23494625092, 11.1233558655, 3.04771780968, 17.0643806458, -5.39020872116, -15.3541603088, -18.9807376862, -1.18250358105, 1.35279250145, -2.90296292305, 2.33187127113, 26.9749031067, 44.8785896301]]
        icov: [[0.00502794841304, -0.000771129387431, -0.00135751615744, 0.00254952488467, -0.000883367087226, -0.00236209016293, 0.00412752199918, -0.0019848998636, -0.000400354561862, -0.00105534854811, -0.00037387284101, 0.000705249200109, -0.000117236952065], [-0.000771129387431, 0.0102685913444, 0.000289984658593, -0.0040208264254, 0.000270569900749, 0.00168072502129, -0.00424989592284, 0.00882678385824, -0.00856430828571, 0.00434225099161, -0.00358808436431, -0.000683878199197, -0.000895165721886], [-0.00135751615744, 0.000289984658593, 0.0104660112411, -0.00211770739406, -0.00204694946297, 0.00362256239168, 0.00183844647836, -0.00534003274515, 0.00569179700688, -0.00314231798984, -0.000813904451206, 0.00117686635349, 0.000545447925106], [0.00254952488467, -0.0040208264254, -0.00211770739406, 0.0129931364208, -0.00450085429475, -0.00304840249009, 0.00585354771465, -0.00620168587193, 0.00235085189342, 0.000283341214526, 0.00131300347857, -0.00107344926801, -0.00241988082416], [-0.000883367087226, 0.000270569900749, -0.00204694946297, -0.00450085429475, 0.020643716678, -0.00202331831679, -0.00622045155615, 0.00856072828174, -0.00954488478601, -0.00182574777864, 0.00136249791831, -0.00331706902944, 0.00321385846473], [-0.00236209016293, 0.00168072502129, 0.00362256239168, -0.00304840249009, -0.00202331831679, 0.0312793403864, -0.0133988764137, -0.00226472201757, 0.00843231286854, -0.00279735936783, -0.00495800562203, 0.0135045563802, -0.0031837685965], [0.00412752199918, -0.00424989592284, 0.00183844647836, 0.00585354771465, -0.00622045155615, -0.0133988764137, 0.0323193483055, -0.0169861074537, 0.00186160381418, 0.000762661744375, -0.0054276608862, -0.00349831325002, 0.0091764787212], [-0.0019848998636, 0.00882678385824, -0.00534003274515, -0.00620168587193, 0.00856072828174, -0.00226472201757, -0.0169861074537, 0.0420609004796, -0.0180609412491, 0.00297014834359, -0.000165338075021, -0.00421480694786, -0.00210975343361], [-0.000400354561862, -0.00856430828571, 0.00569179700688, 0.00235085189342, -0.00954488478601, 0.00843231286854, 0.00186160381418, -0.0180609412491, 0.0428279563785, -0.022139666602, 0.00788110028952, 0.00316607067361, -0.00216326350346], [-0.00105534854811, 0.00434225099161, -0.00314231798984, 0.000283341214526, -0.00182574777864, -0.00279735936783, 0.000762661744375, 0.00297014834359, -0.022139666602, 0.0458992905915, -0.0252352543175, 0.00498470244929, 0.000152777691255], [-0.00037387284101, -0.00358808436431, -0.000813904451206, 0.00131300347857, 0.00136249791831, -0.00495800562203, -0.0054276608862, -0.000165338075021, 0.00788110028952, -0.0252352543175, 0.0569630302489, -0.0250888764858, 0.00684454571456], [0.000705249200109, -0.000683878199197, 0.00117686635349, -0.00107344926801, -0.00331706902944, 0.0135045563802, -0.00349831325002, -0.00421480694786, 0.00316607067361, 0.00498470244929, -0.0250888764858, 0.047959882766, -0.0241322368383], [-0.000117236952065, -0.000895165721886, 0.000545447925106, -0.00241988082416, 0.00321385846473, -0.0031837685965, 0.0091764787212, -0.00210975343361, -0.00216326350346, 0.000152777691255, 0.00684454571456, -0.0241322368383, 0.0407281406224]]
    spectral_contrast:
        mean: [4.20623479158e-07, -1.12140789099e-07, -2.5717665153e-07, -2.62298641474e-07, 1.12166837596e-07, -1.8579559935e-07, -2.65928406407e-07, 1.13742055419e-06, -1.15780983378e-06, -8.3581966237e-07, 3.50528102899e-06, 9.4165613973e-07]
        var: [0.000241456204094, 0.000363971223123, 0.00105971295852, 0.00188255123794, 0.00232614204288, 0.0034076590091, 0.023898942396, 0.0493061318994, 0.0639534592628, 0.0911108180881, 0.152455642819, 0.225344732404]

rhythm:
    beats_loudness:
        dmean: 0.00130968785379
        dmean2: 0.00198663305491
        dvar: 9.14611746339e-07
        dvar2: 3.43006581716e-06
        max: 0.0086280927062
        mean: 0.0066686226055
        min: 0.00420642690733
        var: 1.46154138747e-06
    beats_loudness_bass:
        dmean: 0.0315824635327
        dmean2: 0.0595236159861
        dvar: 0.00167149538174
        dvar2: 0.0055938703008
        max: 0.158598572016
        mean: 0.0401927381754
        min: 0.00418380694464
        var: 0.00108922016807
    bpm: 113.905250549
    bpm_confidence: 0
    first_peak_bpm: 114
    first_peak_spread: 0
    first_peak_weight: 0.944444417953
    onset_rate: 2.79862928391
    second_peak_bpm: 73
    second_peak_spread: 0
    second_peak_weight: 0.0555555559695
    beats_position: [0.0918032675982, 0.617071628571, 1.14234006405, 1.66760838032, 2.1928768158, 2.71814513206, 3.24341344833, 3.76868200302, 4.29395055771, 4.8192191124, 5.34448766708, 6.16288661957, 6.690990448, 7.21909427643, 7.74719810486, 8.27530193329, 8.80340576172, 9.33150959015, 9.8596124649]
    bpm_estimates: [113.687530518, 114.138412476, 114.092163086, 114.022514343, 114.584274292, 114.345001221, 114.155479431, 114.800445557, 115.260612488, 113.715522766, 113.610717773, 113.423782349, 112.90562439, 113.838371277, 112.668670654, 113.465881348, 113.674163818]
    bpm_intervals: [0.525268375874, 0.525268435478, 0.525268316269, 0.525268435478, 0.525268316269, 0.525268316269, 0.525268554688, 0.525268554688, 0.525268554688, 0.525268554688, 0.818398952484, 0.52810382843, 0.52810382843, 0.52810382843, 0.52810382843, 0.52810382843, 0.52810382843, 0.528102874756]
    onset_times: [0.0580498874187, 0.615328788757, 1.1261677742, 1.33514738083, 1.369977355, 1.68344676495, 1.92725622654, 2.18267583847, 2.71673464775, 3.23918366432, 3.79646253586, 4.02866220474, 4.29569149017, 4.82975053787, 5.0967798233, 5.35219955444, 5.59600925446, 5.64244890213, 5.88625860214, 6.42031764984, 6.94276666641, 7.20979595184, 7.47682523727, 7.72063493729, 8.54494285583, 9.33442211151, 9.6014509201, 9.86848068237]
    rubato_start: []
    rubato_stop: []
    perceptual_tempo: "unknown"

sfx:
    inharmonicity:
        dmean: 0.0556363686919
        dmean2: 0.0980797261
        dvar: 0.0033435120713
        dvar2: 0.00920136459172
        max: 0.384178489447
        mean: 0.0696531161666
        min: 0
        var: 0.00336262607016
    oddtoevenharmonicenergyratio:
        dmean: 2.55037975311
        dmean2: 4.69562339783
        dvar: 150.356887817
        dvar2: 431.241699219
        max: 186.175231934
        mean: 1.83785045147
        min: 0
        var: 86.6862106323
    pitch_after_max_to_before_max_energy_ratio: 205.665496826
    pitch_centroid: 200.230865479
    pitch_max_to_total: 0.00466200476512
    pitch_min_to_total: 0.132867127657
    tristimulus:
        dmean: [0.147096708417, 0.276238769293, 0.182983502746]
        dmean2: [0.249185353518, 0.479697555304, 0.324873030186]
        dvar: [0.0208983570337, 0.0468180961907, 0.0235610734671]
        dvar2: [0.0587719716132, 0.129087209702, 0.0626723989844]
        max: [1, 0.970481872559, 0.753397226334]
        mean: [0.246599301696, 0.477495342493, 0.188386768103]
        min: [0.0168147739023, 0, 0]
        var: [0.0264342799783, 0.0687303841114, 0.0302797481418]

tonal:
    chords_changes_rate: 0.0462962947786
    chords_number_rate: 0.0138888889924
    chords_strength:
        dmean: 0.00950308889151
        dmean2: 0.0100886104628
        dvar: 5.01265603816e-05
        dvar2: 6.58177013975e-05
        max: 0.778329193592
        mean: 0.598872423172
        min: 0.454526245594
        var: 0.00582787115127
    key_strength: 0.725841164589
    tuning_diatonic_strength: 0.640229344368
    tuning_equal_tempered_deviation: 0.130946919322
    tuning_frequency: 443.828887939
    tuning_nontempered_energy_ratio: 0.775508821011
    hpcp:
        dmean: [0.157581135631, 0.127986460924, 0.1039743945, 0.123323149979, 0.155973687768, 0.175411313772, 0.203797891736, 0.181336596608, 0.16591334343, 0.173544436693, 0.127460643649, 0.113121077418, 0.139432638884, 0.147665739059, 0.188182577491, 0.208290785551, 0.185749337077, 0.161887660623, 0.124677471817, 0.116662703454, 0.160014912486, 0.174361988902, 0.149851173162, 0.15374790132, 0.13422819972, 0.108478955925, 0.111746147275, 0.122387304902, 0.139284387231, 0.179759159684, 0.217389091849, 0.188746199012, 0.187463536859, 0.166856199503, 0.147417083383, 0.143600299954]
        dmean2: [0.257463276386, 0.224895954132, 0.180707678199, 0.205271244049, 0.261417448521, 0.2814450562, 0.337546408176, 0.294260054827, 0.249581947923, 0.292566150427, 0.213891506195, 0.187575995922, 0.234482556581, 0.255977272987, 0.325227767229, 0.360437691212, 0.313474953175, 0.273972213268, 0.209329903126, 0.197237208486, 0.270340293646, 0.294820874929, 0.244556069374, 0.25198161602, 0.217689797282, 0.174819871783, 0.180953502655, 0.191938012838, 0.226966783404, 0.294210880995, 0.35306546092, 0.302029430866, 0.313595026731, 0.283635318279, 0.249363854527, 0.239261567593]
        dvar: [0.0302521083504, 0.0237703900784, 0.014689614065, 0.0179545488209, 0.030438888818, 0.0276919268072, 0.0433558784425, 0.0241164080799, 0.0201209969819, 0.0343994349241, 0.0201385300606, 0.0177914854139, 0.0229805223644, 0.0257250089198, 0.0362265519798, 0.0386792905629, 0.0330948792398, 0.0299181081355, 0.0168990939856, 0.012999298051, 0.0276536960155, 0.0301873851568, 0.0223235115409, 0.0265646670014, 0.0138428742066, 0.0127135245129, 0.0176544096321, 0.0139153534546, 0.016183026135, 0.0257377699018, 0.033266376704, 0.024188188836, 0.0362250804901, 0.025825381279, 0.0231000240892, 0.0212795715779]
        dvar2: [0.0709976702929, 0.0607555694878, 0.0404025278986, 0.0482838638127, 0.0798944681883, 0.0702965259552, 0.112813040614, 0.0517467409372, 0.0550241954625, 0.0837169364095, 0.0505679920316, 0.0515420548618, 0.0666760802269, 0.0799491554499, 0.106039859354, 0.096803933382, 0.0859278291464, 0.0777458772063, 0.0484452210367, 0.0387118719518, 0.0782221034169, 0.0784500390291, 0.0637669861317, 0.0677780359983, 0.0357668101788, 0.0301437079906, 0.0483132265508, 0.035659532994, 0.0442809313536, 0.0597724281251, 0.0860208272934, 0.0656739398837, 0.0905818119645, 0.0674374178052, 0.0639682784677, 0.0512747019529]
        max: [1, 1, 1, 1, 1, 1, 1, 1, 1, 1, 1, 1, 1, 1, 1, 1, 1, 1, 0.808863937855, 0.866898953915, 1, 1, 1, 1, 0.932934463024, 0.909499824047, 1, 0.959016084671, 1, 1, 1, 1, 1, 1, 1, 1]
        mean: [0.354870766401, 0.274637758732, 0.199997887015, 0.232813701034, 0.278358161449, 0.347079873085, 0.438408076763, 0.408053666353, 0.337282419205, 0.304742634296, 0.233183830976, 0.21183770895, 0.264748036861, 0.271730184555, 0.317188262939, 0.405162423849, 0.352409750223, 0.256718367338, 0.21426525712, 0.214258611202, 0.314122349024, 0.371818333864, 0.317480802536, 0.280123442411, 0.241128474474, 0.191383704543, 0.21411255002, 0.268374025822, 0.30061814189, 0.515362083912, 0.648156106472, 0.480759382248, 0.355681031942, 0.319200873375, 0.289553135633, 0.317507743835]
        min: [0.0433581359684, 0.027659939602, 0.0312819667161, 0.0396105758846, 0.0350298881531, 0.0245547778904, 0.0196498762816, 0.039777841419, 0.0422938875854, 0.0381018482149, 0.030878290534, 0.0160123109818, 0.0103260595351, 0.0121527798474, 0.0515684895217, 0.0571243055165, 0.0537278018892, 0.0308467056602, 0.0210680291057, 0.0298119429499, 0.040562082082, 0.0419650040567, 0.0493933223188, 0.0442052558064, 0.0403412878513, 0.0370928645134, 0.031887434423, 0.0223885141313, 0.0362638607621, 0.0335903204978, 0.0921073332429, 0.116198129952, 0.0387500226498, 0.0446259118617, 0.0533848144114, 0.0125717371702]
        var: [0.0793671533465, 0.0400326885283, 0.0196584928781, 0.0326310582459, 0.0508718155324, 0.0615533255041, 0.100698821247, 0.0657519027591, 0.0394239090383, 0.0505789704621, 0.0308340899646, 0.0197266954929, 0.0346623696387, 0.0354670099914, 0.0420224703848, 0.0626543313265, 0.0481030680239, 0.0366804562509, 0.0231462568045, 0.0204015634954, 0.0474087931216, 0.0611312165856, 0.0360826179385, 0.0371089540422, 0.0252690669149, 0.0209266673774, 0.0263339839876, 0.034769885242, 0.0318750366569, 0.0511224605143, 0.0726765021682, 0.0474152565002, 0.0499607846141, 0.0421162880957, 0.0410678833723, 0.0515007339418]
    chords_histogram: [50.9259262085, 0, 0, 0, 0, 0, 0, 0, 0, 0, 0, 0, 0, 0, 0, 0, 0, 0, 0, 0, 0, 0, 4.62962961197, 44.444442749]
    thpcp: [1, 0.741733968258, 0.548758268356, 0.492475301027, 0.446733623743, 0.489863067865, 0.547508180141, 0.4237216115, 0.308564394712, 0.359193861485, 0.429461598396, 0.535488069057, 0.676392734051, 0.629560768604, 0.520372211933, 0.470168590546, 0.359764933586, 0.326831310987, 0.408463388681, 0.419235706329, 0.489370167255, 0.625100076199, 0.54371124506, 0.39607489109, 0.330576628447, 0.330566376448, 0.484639972448, 0.573655545712, 0.489821523428, 0.432185143232, 0.372022211552, 0.295274078846, 0.330341011286, 0.414057701826, 0.463805139065, 0.795120298862]
    chords_key: "G"
    chords_scale: "major"
    key_key: "G"
    key_scale: "major"
    chords_progression: ["Em", "Em", "Em", "Em", "Em", "Em", "Em", "Em", "Em", "Em", "Em", "Em", "Em", "Em", "Em", "Em", "Em", "Em", "Em", "Em", "Em", "Em", "Em", "Em", "Em", "G", "G", "G", "G", "G", "G", "G", "G", "G", "G", "G", "G", "G", "G", "G", "G", "G", "G", "G", "G", "G", "G", "G", "C", "G", "G", "G", "G", "G", "G", "G", "G", "G", "G", "G", "G", "G", "G", "G", "G", "G", "G", "G", "G", "G", "G", "G", "G", "G", "G", "G", "G", "G", "G", "G", "G", "G", "Em", "Em", "Em", "Em", "Em", "Em", "Em", "Em", "Em", "Em", "Em", "Em", "Em", "Em", "Em", "Em", "Em", "Em", "Em", "Em", "Em", "Em", "Em", "Em", "Em", "Em", "Em", "Em", "Em", "Em", "Em", "Em", "Em", "Em", "Em", "Em", "Em", "Em", "G", "G", "G", "G", "G", "G", "G", "G", "G", "G", "G", "G", "G", "G", "G", "C", "C", "C", "C", "C", "C", "C", "C", "C", "G", "G", "G", "G", "G", "G", "G", "G", "G", "G", "G", "G", "G", "G", "G", "G", "G", "G", "G", "G", "G", "G", "G", "G", "G", "G", "G", "G", "G", "G", "G", "G", "G", "G", "G", "G", "G", "G", "Em", "Em", "Em", "Em", "Em", "Em", "G", "Em", "Em", "Em", "Em", "Em", "Em", "Em", "Em", "Em", "Em", "Em", "Em", "Em", "Em", "Em", "Em", "Em", "Em", "Em", "Em", "Em", "Em", "Em", "Em", "Em", "Em", "Em"]
