
metadata:
    version:
        essentia: "1.2.2"
    audio_properties:
        analysis_sample_rate: 44100
        bitrate: 128
        channels: 2
        equal_loudness: 1
        length: 10.0571432114
        replay_gain: -7.7243938446
        downmix: "mix"
    tags:
        track: 1
        year: 0
        album: "Splitted by Mp3Splt v. 2.1"
        artist: "From 000.00 To 000.10"
        comment: "http://mp3splt.sf.net"
        genre: ""
        title: "10 Hi-Fi.mp3"

highlevel:
    ballroom:
        all:
            ChaChaCha: 0.823702275753
            Jive: 0.0713915526867
            Quickstep: 0.0221136584878
            Rumba-American: 0.00264535681345
            Rumba-International: 0.0266928337514
            Rumba-Misc: 0.0104649579152
            Samba: 0.0383698865771
            Tango: 0.00177211419214
            VienneseWaltz: 0.000800172972959
            Waltz: 0.00204718136229
        probability: 0.823702275753
        value: "ChaChaCha"
    culture:
        all:
            non_western: 0.420821845531
            western: 0.579178154469
        probability: 0.579178154469
        value: "western"
    gender:
        all:
            female: 0.463803976774
            male: 0.536196053028
        probability: 0.536196053028
        value: "male"
    genre_dortmund:
        all:
            alternative: 0.0214568357915
            blues: 0.0295402221382
            electronic: 0.478185772896
            folkcountry: 0.0088417371735
            funksoulrnb: 0.0143767958507
            jazz: 0.181619629264
            pop: 0.0206794831902
            raphiphop: 0.172828093171
            rock: 0.0724714323878
        probability: 0.478185772896
        value: "electronic"
    genre_electronica:
        all:
            ambient: 0.190056294203
            dnb: 0.479707688093
            house: 0.135823339224
            techno: 0.175873965025
            trance: 0.0185387246311
        probability: 0.479707688093
        value: "dnb"
    genre_rosamerica:
        all:
            cla: 0.0454358719289
            dan: 0.046625200659
            hip: 0.597738265991
            jaz: 0.0395959094167
            pop: 0.0323603264987
            rhy: 0.141451448202
            roc: 0.0502763651311
            spe: 0.0465166121721
        probability: 0.597738265991
        value: "hip"
    genre_tzanetakis:
        all:
            blu: 0.00891772750765
            cla: 0.0154011892155
            cou: 0.00839691050351
            dis: 0.0825144052505
            hip: 0.32733348012
            jaz: 0.0135932248086
            met: 0.0092207994312
            pop: 0.104146920145
            reg: 0.351813346148
            roc: 0.0786620154977
        probability: 0.351813346148
        value: "reg"
    live_studio:
        all:
            live: 0.177330419421
            studio: 0.822669565678
        probability: 0.822669565678
        value: "studio"
    mood:
        all:
            Cluster1: 0.405366688967
            Cluster2: 0.184258118272
            Cluster3: 0.0684158354998
            Cluster4: 0.104542098939
            Cluster5: 0.237417265773
        probability: 0.405366688967
        value: "Cluster1"
    mood_acoustic:
        all:
            acoustic: 0.319027006626
            not_acoustic: 0.680972993374
        probability: 0.680972993374
        value: "not_acoustic"
    mood_aggressive:
        all:
            aggressive: 0.84046125412
            not_aggressive: 0.15953874588
        probability: 0.84046125412
        value: "aggressive"
    mood_electronic:
        all:
            electronic: 0.90130507946
            not_electronic: 0.098694935441
        probability: 0.90130507946
        value: "electronic"
    mood_happy:
        all:
            happy: 0.0429421029985
            not_happy: 0.957057893276
        probability: 0.957057893276
        value: "not_happy"
    mood_party:
        all:
            not_party: 0.156308621168
            party: 0.843691408634
        probability: 0.843691408634
        value: "party"
    mood_relaxed:
        all:
            not_relaxed: 0.352148622274
            relaxed: 0.647851347923
        probability: 0.647851347923
        value: "relaxed"
    mood_sad:
        all:
            not_sad: 0.815600514412
            sad: 0.18439951539
        probability: 0.815600514412
        value: "not_sad"
    rhythm:
        all:
            fast: 0.146007210016
            medium: 0.756817400455
            slow: 0.09717541188
        probability: 0.756817400455
        value: "medium"
    speech_music:
        all:
            music: 0.83590811491
            speech: 0.164091914892
        probability: 0.83590811491
        value: "music"
    timbre:
        all:
            bright: 0.00681933946908
            dark: 0.993180632591
        probability: 0.993180632591
        value: "dark"
    voice_instrumental:
        all:
            instrumental: 0.599949061871
            voice: 0.400050908327
        probability: 0.599949061871
        value: "instrumental"

lowlevel:
    average_loudness: 0.983398318291
    barkbands_kurtosis:
        dmean: 7.95227956772
        dmean2: 13.3315601349
        dvar: 87.978767395
        dvar2: 232.333190918
        max: 59.4569511414
        mean: 13.4766530991
        min: -1.81898057461
        var: 152.424667358
    barkbands_skewness:
        dmean: 0.961908280849
        dmean2: 1.58094000816
        dvar: 1.00093352795
        dvar2: 2.65156650543
        max: 7.54286289215
        mean: 2.43476343155
        min: -1.2316365242
        var: 2.49415612221
    barkbands_spread:
        dmean: 6.67024421692
        dmean2: 11.5396757126
        dvar: 129.115905762
        dvar2: 335.631530762
        max: 88.9296798706
        mean: 11.8746128082
        min: 0.908973455429
        var: 200.453323364
    dissonance:
        dmean: 0.0375729985535
        dmean2: 0.0656009465456
        dvar: 0.00154474878218
        dvar2: 0.00425804173574
        max: 0.499999970198
        mean: 0.439863085747
        min: 0.0501854121685
        var: 0.00228996179067
    hfc:
        dmean: 2.70961618423
        dmean2: 4.60431480408
        dvar: 73.9384155273
        dvar2: 201.86227417
        max: 63.2285423279
        mean: 2.90926718712
        min: 1.3883277461e-05
        var: 70.8656692505
    pitch:
        dmean: 486.737213135
        dmean2: 924.939025879
        dvar: 1360224.375
        dvar2: 3430264.75
        max: 4900
        mean: 695.721069336
        min: 43.3628311157
        var: 1602647.375
    pitch_instantaneous_confidence:
        dmean: 0.105169758201
        dmean2: 0.176839724183
        dvar: 0.00514492252842
        dvar2: 0.0144847678021
        max: 0.647388219833
        mean: 0.35182633996
        min: 0.118506968021
        var: 0.01066803094
    pitch_salience:
        dmean: 0.100360386074
        dmean2: 0.166515737772
        dvar: 0.00712791597471
        dvar2: 0.0182915776968
        max: 0.955743074417
        mean: 0.640894711018
        min: 0.208777114749
        var: 0.016094584018
    silence_rate_20dB:
        dmean: 0
        dmean2: 0
        dvar: 0
        dvar2: 0
        max: 1
        mean: 1
        min: 1
        var: 0
    silence_rate_30dB:
        dmean: 0
        dmean2: 0
        dvar: 0
        dvar2: 0
        max: 1
        mean: 1
        min: 1
        var: 0
    silence_rate_60dB:
        dmean: 0.0871670693159
        dmean2: 0.174757286906
        dvar: 0.0795692577958
        dvar2: 0.144217535853
        max: 1
        mean: 0.823671519756
        min: 0
        var: 0.145237579942
    spectral_centroid:
        dmean: 260.161987305
        dmean2: 435.958343506
        dvar: 206342.9375
        dvar2: 496551.875
        max: 3127.00146484
        mean: 634.529602051
        min: 125.257972717
        var: 464993.5625
    spectral_complexity:
        dmean: 2.99232745171
        dmean2: 4.72307682037
        dvar: 46.580532074
        dvar2: 91.0155715942
        max: 50
        mean: 5.84948968887
        min: 0
        var: 98.9390869141
    spectral_crest:
        dmean: 3.13265919685
        dmean2: 5.39387559891
        dvar: 7.2895989418
        dvar2: 19.2486476898
        max: 24.0018424988
        mean: 10.1056776047
        min: 3.2366797924
        var: 13.5489912033
    spectral_decrease:
        dmean: 4.14768580592e-10
        dmean2: 6.73113675909e-10
        dvar: 1.01970245403e-18
        dvar2: 2.68559695502e-18
        max: -6.53715422384e-15
        mean: -5.41215461336e-10
        min: -6.4601612948e-09
        var: 9.76545649737e-19
    spectral_energy:
        dmean: 0.00180193374399
        dmean2: 0.00292149418965
        dvar: 2.05819451367e-05
        dvar2: 5.47806121176e-05
        max: 0.0290477499366
        mean: 0.00230655190535
        min: 2.59319499207e-08
        var: 1.95578959392e-05
    spectral_energyband_high:
        dmean: 0.000185651268112
        dmean2: 0.000340816564858
        dvar: 4.39796252749e-07
        dvar2: 1.27546809381e-06
        max: 0.00548899965361
        mean: 0.000171613151906
        min: 2.76991873882e-10
        var: 3.68540355566e-07
    spectral_energyband_low:
        dmean: 0.000156959387823
        dmean2: 0.000243139642407
        dvar: 1.32652630214e-07
        dvar2: 2.45815130029e-07
        max: 0.00336371455342
        mean: 0.000217147782678
        min: 1.127065552e-09
        var: 2.58342510051e-07
    spectral_energyband_middle_high:
        dmean: 0.000589904084336
        dmean2: 0.000973978778347
        dvar: 3.5055193166e-06
        dvar2: 9.16963472264e-06
        max: 0.0123740630224
        mean: 0.000644585408736
        min: 2.59797450219e-09
        var: 3.56376176569e-06
    spectral_energyband_middle_low:
        dmean: 0.00107300002128
        dmean2: 0.00180822017137
        dvar: 6.10399411016e-06
        dvar2: 1.58451075549e-05
        max: 0.014423776418
        mean: 0.00127320096362
        min: 2.18678746222e-08
        var: 5.33696402272e-06
    spectral_flatness_db:
        dmean: 0.0387723185122
        dmean2: 0.0605740100145
        dvar: 0.00145467894617
        dvar2: 0.00337893469259
        max: 0.414659589529
        mean: 0.25654605031
        min: 0.10189820081
        var: 0.00476955715567
    spectral_flux:
        dmean: 0.0128810619935
        dmean2: 0.0203873626888
        dvar: 0.000689509441145
        dvar2: 0.00148965185508
        max: 0.168977111578
        mean: 0.0279141925275
        min: 0.00177345785778
        var: 0.000960399687756
    spectral_kurtosis:
        dmean: 9.20071601868
        dmean2: 14.1378803253
        dvar: 137.10307312
        dvar2: 283.697906494
        max: 98.7573471069
        mean: 18.016746521
        min: -1.16710674763
        var: 412.373962402
    spectral_rms:
        dmean: 0.000428048311733
        dmean2: 0.000664364546537
        dvar: 6.56572240132e-07
        dvar2: 1.61004732036e-06
        max: 0.00532346405089
        mean: 0.00112938915845
        min: 5.02985722051e-06
        var: 9.74775048235e-07
    spectral_rolloff:
        dmean: 459.741821289
        dmean2: 798.82598877
        dvar: 1011522.0625
        dvar2: 2516368.5
        max: 7816.55273438
        mean: 1009.69921875
        min: 86.1328125
        var: 1885745.125
    spectral_skewness:
        dmean: 0.818625628948
        dmean2: 1.23698484898
        dvar: 0.721276879311
        dvar2: 1.53461408615
        max: 7.75734329224
        mean: 2.87285900116
        min: 0.0832478329539
        var: 2.96211767197
    spectral_spread:
        dmean: 1439807.125
        dmean2: 2035696.25
        dvar: 4.79984877568e+12
        dvar2: 8.88093225779e+12
        max: 25971366
        mean: 4055085.5
        min: 871039.5625
        var: 1.18421811364e+13
    spectral_strongpeak:
        dmean: 0.124932937324
        dmean2: 0.226194247603
        dvar: 0.146297603846
        dvar2: 0.429082244635
        max: 3.42689394951
        mean: 0.136893600225
        min: 6.89169610268e-05
        var: 0.090808480978
    zerocrossingrate:
        dmean: 0.0109832063317
        dmean2: 0.0135454228148
        dvar: 0.000221091278945
        dvar2: 0.000292506039841
        max: 0.16845703125
        mean: 0.0391148142517
        min: 0.00146484375
        var: 0.00119543331675
    barkbands:
        dmean: [1.74392184249e-07, 4.51144551334e-05, 0.000136382834171, 0.000223291644943, 0.0003127278178, 0.000355171388946, 0.000231438578339, 0.000117035844596, 6.99564334354e-05, 7.0292961027e-05, 3.17246158374e-05, 2.32171041716e-05, 2.02780611289e-05, 3.57873577741e-05, 2.79801679426e-05, 4.33733112004e-05, 8.90188384801e-05, 0.000100668468804, 0.000140699223266, 0.000147009646753, 7.55593355279e-05, 3.14921417157e-05, 2.80197559732e-06, 2.40346071223e-06, 3.38526319865e-06, 2.72097433474e-09, 1.65369787308e-10]
        dmean2: [2.83120158429e-07, 7.56429872126e-05, 0.000222341201152, 0.000382987462217, 0.000524659757502, 0.00064984644996, 0.000425510370405, 0.000217590859393, 0.000115003014798, 0.000128240964841, 5.00940222992e-05, 4.30309664807e-05, 3.65293271898e-05, 6.66156338411e-05, 4.95729109389e-05, 6.94141344866e-05, 0.000154059554916, 0.000172530912096, 0.000243873670115, 0.00025680064573, 0.000142763761687, 5.85111156397e-05, 4.88208343086e-06, 4.40789699496e-06, 6.27080044069e-06, 5.02427566218e-09, 2.82701195786e-10]
        dvar: [1.59637263803e-13, 1.36690365693e-08, 1.16146914309e-07, 2.70466699703e-07, 4.38272195424e-07, 1.31753142796e-06, 3.97950003617e-07, 1.71640209601e-07, 3.71753010597e-08, 5.08260988852e-08, 6.03402572352e-09, 4.1018703989e-09, 3.95895094485e-09, 1.15087726016e-08, 1.10474926984e-08, 1.9081307201e-08, 1.00794657953e-07, 9.18186700005e-08, 2.37328819708e-07, 2.84931473971e-07, 7.85709204365e-08, 1.73381575763e-08, 1.21024884558e-10, 4.98508734292e-11, 6.81200928998e-11, 9.36965082242e-17, 1.13914278499e-18]
        dvar2: [3.95451927497e-13, 3.7341244763e-08, 2.4687508926e-07, 6.30844681382e-07, 1.13167845939e-06, 3.81792324333e-06, 1.12190241452e-06, 4.95413189583e-07, 9.29066814592e-08, 1.45458912471e-07, 1.17399778787e-08, 1.23538441699e-08, 1.08964703927e-08, 3.34029266469e-08, 2.99759435052e-08, 4.92424021559e-08, 2.75629361113e-07, 2.31436800391e-07, 6.07809226949e-07, 7.98137932634e-07, 2.2991048354e-07, 4.92261342799e-08, 3.34297617366e-10, 1.41541958709e-10, 1.93645502411e-10, 2.6989177558e-16, 2.90500268339e-18]
        max: [2.40625377046e-06, 0.00109226733912, 0.00286112353206, 0.00375460274518, 0.00492869596928, 0.00840011797845, 0.00443364307284, 0.00320407748222, 0.00168657745235, 0.00159756455105, 0.000662741775159, 0.000452162174042, 0.000606800778769, 0.000710474618245, 0.00109945621807, 0.00111530034337, 0.00231673242524, 0.00217596325092, 0.00394502934068, 0.00456710904837, 0.00229163374752, 0.00101378792897, 9.02948740986e-05, 5.59696200071e-05, 6.06752510066e-05, 8.65504219405e-08, 1.4712434826e-08]
        mean: [1.7118995288e-07, 5.81272579439e-05, 0.000158855051268, 0.000226310803555, 0.000368928245734, 0.000274021935184, 0.000222319809836, 9.95112059172e-05, 7.53717904445e-05, 6.26466353424e-05, 3.69132467313e-05, 2.1204670702e-05, 1.95903958229e-05, 3.1439740269e-05, 2.6581752536e-05, 4.30863074143e-05, 7.7224947745e-05, 0.000104317099613, 0.000152806460392, 0.000147744038259, 6.92030007485e-05, 2.4011658752e-05, 2.49274489761e-06, 1.58459829436e-06, 2.08684650715e-06, 1.66445923711e-09, 9.71457081445e-11]
        min: [2.33670929828e-11, 4.12540668293e-10, 6.54371890008e-10, 1.12426967736e-09, 5.31263211201e-09, 7.52037099261e-09, 5.68108360355e-09, 1.80968462438e-09, 2.82340484326e-10, 1.19066034809e-09, 4.28941659969e-10, 2.33664032567e-10, 1.0338455092e-10, 2.10320788563e-10, 2.59143762005e-10, 1.1617384138e-10, 5.29485448542e-11, 3.40935474297e-11, 6.94067581186e-11, 7.71864586135e-11, 5.39462086113e-11, 4.2429827013e-11, 3.00867213088e-11, 3.02436305166e-11, 2.78549943528e-11, 9.62819776164e-14, 1.76543333311e-14]
        var: [1.50523595866e-13, 1.96259879459e-08, 1.65713515798e-07, 2.60487695414e-07, 4.22544729872e-07, 7.59429042319e-07, 2.94805289514e-07, 1.03644566707e-07, 3.77879914026e-08, 3.51980311564e-08, 8.77126904442e-09, 2.84996493072e-09, 3.05631542297e-09, 8.61824744902e-09, 7.890643694e-09, 1.90379179088e-08, 7.68691563735e-08, 1.10945052256e-07, 2.31819996088e-07, 2.61521307721e-07, 6.25393781206e-08, 1.16420135754e-08, 9.6042736264e-11, 3.21460046082e-11, 4.09317163497e-11, 5.44607642022e-17, 5.80452488163e-19]
    mfcc:
        mean: [-904.858886719, 174.916061401, -14.290222168, 55.3299636841, -6.63501024246, -13.1246051788, -2.37813043594, -13.8488759995, -4.44826793671, -10.6874437332, -3.44365763664, -7.00801753998, -4.27774143219]
        cov: [[17747.03125, -4494.93994141, -2329.72290039, -1108.09533691, -2232.40673828, -808.577758789, -614.838806152, -572.131164551, -306.763305664, -409.247131348, -263.729095459, -252.454162598, -220.445617676], [-4494.93994141, 4188.79394531, -408.796447754, 554.486206055, 191.388473511, 102.799781799, 14.5747528076, 177.660232544, -123.530860901, 114.28212738, 23.1829833984, 31.0345859528, 14.9529800415], [-2329.72290039, -408.796447754, 2251.53344727, 57.4331588745, 956.573913574, 194.12020874, 334.097412109, 104.732772827, 343.430908203, 70.5302658081, 126.574478149, 25.8228225708, 98.1338348389], [-1108.09533691, 554.486206055, 57.4331588745, 381.656005859, 293.172698975, 170.858062744, 78.4848251343, 70.2006835938, -10.5050230026, 51.4382209778, 44.1238899231, 44.4179229736, 44.602268219], [-2232.40673828, 191.388473511, 956.573913574, 293.172698975, 901.98260498, 240.143783569, 266.129150391, 65.6144332886, 147.279281616, 52.0148162842, 118.530563354, 63.6664886475, 114.985137939], [-808.577758789, 102.799781799, 194.12020874, 170.858062744, 240.143783569, 156.278808594, 70.1840057373, 48.7098121643, 23.3255157471, 29.7802867889, 34.9235916138, 36.2777900696, 37.2532844543], [-614.838806152, 14.5747528076, 334.097412109, 78.4848251343, 266.129150391, 70.1840057373, 129.383499146, 25.0768432617, 67.356803894, 17.2268848419, 38.3848953247, 16.2407569885, 29.7332515717], [-572.131164551, 177.660232544, 104.732772827, 70.2006835938, 65.6144332886, 48.7098121643, 25.0768432617, 71.2063598633, 25.549161911, 28.0367145538, 14.8678665161, 12.6509284973, 8.69764900208], [-306.763305664, -123.530860901, 343.430908203, -10.5050230026, 147.279281616, 23.3255157471, 67.356803894, 25.549161911, 103.505218506, 22.1171321869, 28.68201828, 9.52122020721, 11.0378446579], [-409.247131348, 114.28212738, 70.5302658081, 51.4382209778, 52.0148162842, 29.7802867889, 17.2268848419, 28.0367145538, 22.1171321869, 40.4655838013, 18.8577613831, 13.1189155579, 4.55879592896], [-263.729095459, 23.1829833984, 126.574478149, 44.1238899231, 118.530563354, 34.9235916138, 38.3848953247, 14.8678665161, 28.68201828, 18.8577613831, 47.312664032, 22.371383667, 22.0296535492], [-252.454162598, 31.0345859528, 25.8228225708, 44.4179229736, 63.6664886475, 36.2777900696, 16.2407569885, 12.6509284973, 9.52122020721, 13.1189155579, 22.371383667, 44.6330833435, 18.5965747833], [-220.445617676, 14.9529800415, 98.1338348389, 44.602268219, 114.985137939, 37.2532844543, 29.7332515717, 8.69764900208, 11.0378446579, 4.55879592896, 22.0296535492, 18.5965747833, 44.0100746155]]
        icov: [[0.000174251472345, 0.000154656750965, 4.42703822046e-05, -0.000385216291761, 0.00046340803965, 0.000264463975327, -1.05071876533e-05, 0.000580957275815, -0.000381289224606, 0.000927416025661, -0.000589830626268, 0.000436742120655, -0.000320101215038], [0.000154656750965, 0.000515747815371, 0.000101577003079, -0.000850771961268, 0.000147120226757, 0.00109216012061, -1.44881223605e-05, -0.00040558638284, 0.000332428055117, 0.000148619830725, -0.000313104916131, 0.000410403794376, -9.92145287455e-05], [4.42703822046e-05, 0.000101577003079, 0.00146362802479, 0.000727115839254, -0.00126113125589, -0.000183781216037, 4.12247718486e-05, -0.000746379548218, -0.00267831794918, -0.000119012976938, 0.000255553750321, 0.00133751379326, -0.000252120138612], [-0.000385216291761, -0.000850771961268, 0.000727115839254, 0.00936239678413, -0.00287582189776, -0.00634154537693, -0.00131758849602, -0.0031231334433, 0.00452884892002, -0.00652687624097, 0.00137162732426, -0.000782012008131, 0.000822904286906], [0.00046340803965, 0.000147120226757, -0.00126113125589, -0.00287582189776, 0.00754537060857, -0.0022787572816, -0.00522463861853, 0.00482248561457, -0.00172185525298, 0.00426860712469, -0.00475092930719, 0.00151152303442, -0.00548126315698], [0.000264463975327, 0.00109216012061, -0.000183781216037, -0.00634154537693, -0.0022787572816, 0.0208651162684, -0.0010920088971, -0.00604505464435, 0.00298460386693, -0.000474984291941, 0.00201646378264, -0.00535569898784, -0.00143093115184], [-1.05071876533e-05, -1.44881223605e-05, 4.12247718486e-05, -0.00131758849602, -0.00522463861853, -0.0010920088971, 0.0237386096269, -0.000203561488888, -0.00860430300236, 0.00406805984676, -0.00251067942008, 0.00211637979373, 0.00187191087753], [0.000580957275815, -0.00040558638284, -0.000746379548218, -0.0031231334433, 0.00482248561457, -0.00604505464435, -0.000203561488888, 0.0284967254847, -0.00753332301974, -0.00476811360568, -0.00113539001904, 0.00195628218353, -0.00297475676052], [-0.000381289224606, 0.000332428055117, -0.00267831794918, 0.00452884892002, -0.00172185525298, 0.00298460386693, -0.00860430300236, -0.00753332301974, 0.0304529964924, -0.0119444746524, -0.00194325903431, -0.00412181345746, 0.00494768144563], [0.000927416025661, 0.000148619830725, -0.000119012976938, -0.00652687624097, 0.00426860712469, -0.000474984291941, 0.00406805984676, -0.00476811360568, -0.0119444746524, 0.0524201467633, -0.0161604490131, -0.000959060271271, 0.0049786567688], [-0.000589830626268, -0.000313104916131, 0.000255553750321, 0.00137162732426, -0.00475092930719, 0.00201646378264, -0.00251067942008, -0.00113539001904, -0.00194325903431, -0.0161604490131, 0.0461946949363, -0.0130729759112, -0.00761931575835], [0.000436742120655, 0.000410403794376, 0.00133751379326, -0.000782012008131, 0.00151152303442, -0.00535569898784, 0.00211637979373, 0.00195628218353, -0.00412181345746, -0.000959060271271, -0.0130729759112, 0.0370829701424, -0.00936642196029], [-0.000320101215038, -9.92145287455e-05, -0.000252120138612, 0.000822904286906, -0.00548126315698, -0.00143093115184, 0.00187191087753, -0.00297475676052, 0.00494768144563, 0.0049786567688, -0.00761931575835, -0.00936642196029, 0.0417510904372]]
    spectral_contrast:
        mean: [6.52781082522e-08, 1.15940157475e-09, 1.78661885286e-09, -1.67234176729e-07, 3.96895472932e-07, -3.31313259494e-07, -7.44753947401e-07, 2.64256118498e-06, -2.87379549491e-07, -6.65990683046e-06, -1.35022773406e-07, 2.17739420805e-06]
        var: [0.000174700457137, 0.000401171419071, 0.000716779148206, 0.00105002359487, 0.0016076794127, 0.00379883847199, 0.0640089213848, 0.0687937363982, 0.340110510588, 1.1041533947, 1.89263415337, 8.60351753235]

rhythm:
    beats_loudness:
        dmean: 0.00848332326859
        dmean2: 0.0169501323253
        dvar: 4.53253824162e-06
        dvar2: 9.58937926043e-06
        max: 0.0117673575878
        mean: 0.00693245185539
        min: 0.000687159888912
        var: 1.96723231056e-05
    beats_loudness_bass:
        dmean: 0.52521520853
        dmean2: 1.04936051369
        dvar: 0.0287503842264
        dvar2: 0.0571585558355
        max: 0.747375249863
        mean: 0.288859814405
        min: 0.0179199334234
        var: 0.086639598012
    bpm: 99.4788818359
    bpm_confidence: 0
    first_peak_bpm: 99
    first_peak_spread: 0.066666662693
    first_peak_weight: 0.933333337307
    onset_rate: 3.77840924263
    second_peak_bpm: 0
    second_peak_spread: 0
    second_peak_weight: 0
    beats_position: [0.439714610577, 1.04276478291, 1.64581501484, 2.24886536598, 2.85191559792, 3.45496582985, 4.0580163002, 4.66106653214, 5.26411676407, 5.867166996, 6.4960103035, 7.0992474556, 7.70248365402, 8.30571937561, 8.90895652771, 9.51219367981]
    bpm_estimates: [99.5956115723, 99.4617004395, 99.5956726074, 99.4767074585, 99.5268173218, 99.4655838013, 99.4293060303, 99.4470748901, 99.5378570557, 99.4453735352, 99.4548034668, 99.5955047607, 99.4403686523, 99.6080856323, 99.4159545898, 99.4834289551, 99.3670272827, 99.3457260132, 99.4982757568, 99.4690093994, 99.4474105835, 99.4281082153]
    bpm_intervals: [0.603050172329, 0.603050231934, 0.603050351143, 0.603050231934, 0.603050231934, 0.603050470352, 0.603050231934, 0.603050231934, 0.603050231934, 0.628843307495, 0.6032371521, 0.603236198425, 0.603235721588, 0.6032371521, 0.6032371521]
    onset_times: [0.429569154978, 0.743038535118, 1.03328800201, 1.34675741196, 1.55573701859, 1.64861679077, 1.95047616959, 2.2523355484, 2.55419492722, 2.85605430603, 3.06503391266, 3.15791392326, 3.45977330208, 3.76163268089, 3.97061228752, 4.07510185242, 4.37696123123, 4.66721105576, 4.96907043457, 5.18966007233, 5.27092981339, 5.49151945114, 5.58439922333, 5.88625860214, 6.18811798096, 6.48997735977, 6.79183673859, 7.0936961174, 7.39555549622, 7.69741487503, 7.99927425385, 8.3011341095, 8.60299301147, 8.82358264923, 8.91646289825, 9.21832180023, 9.52018165588, 9.82204055786]
    rubato_start: []
    rubato_stop: []
    perceptual_tempo: "unknown"

sfx:
    inharmonicity:
        dmean: 0.0274774115533
        dmean2: 0.0511165075004
        dvar: 0.00297276675701
        dvar2: 0.00905225239694
        max: 0.386944532394
        mean: 0.0225602947176
        min: 0
        var: 0.00231715571135
    oddtoevenharmonicenergyratio:
        dmean: 1.81972098351
        dmean2: 3.52359962463
        dvar: 24.7979888916
        dvar2: 72.6282424927
        max: 35.2369194031
        mean: 1.08276033401
        min: 0
        var: 14.3940181732
    pitch_after_max_to_before_max_energy_ratio: 4.0168800354
    pitch_centroid: 196.862792969
    pitch_max_to_total: 0.227040812373
    pitch_min_to_total: 0.910714268684
    tristimulus:
        dmean: [0.210997909307, 0.212763637304, 0.0550294332206]
        dmean2: [0.377272039652, 0.382083982229, 0.0965458527207]
        dvar: [0.0374352522194, 0.0403369218111, 0.00767891993746]
        dvar2: [0.0889881029725, 0.103841885924, 0.0218015909195]
        max: [1, 0.983215928078, 0.713928699493]
        mean: [0.654252052307, 0.267882317305, 0.0539517365396]
        min: [0.0167840868235, 0, 0]
        var: [0.0842529609799, 0.0630370005965, 0.00770979002118]

tonal:
    chords_changes_rate: 0.149253726006
    chords_number_rate: 0.0248756222427
    chords_strength:
        dmean: 0.0168287009001
        dmean2: 0.0227326508611
        dvar: 0.000164270197274
        dvar2: 0.000307299342239
        max: 0.498106390238
        mean: 0.401464194059
        min: 0.314584761858
        var: 0.00209987489507
    key_strength: 0.321448415518
    tuning_diatonic_strength: 0.485379338264
    tuning_equal_tempered_deviation: 0.354311972857
    tuning_frequency: 444.085327148
    tuning_nontempered_energy_ratio: 0.954392373562
    hpcp:
        dmean: [0.232001766562, 0.225267186761, 0.234444737434, 0.188294813037, 0.2092076689, 0.227993354201, 0.169020712376, 0.1204591766, 0.133093386889, 0.1634567976, 0.20643492043, 0.249367505312, 0.219731077552, 0.212600648403, 0.194704011083, 0.176243528724, 0.202255904675, 0.221150606871, 0.2129162848, 0.208698049188, 0.258208721876, 0.226706922054, 0.242557391524, 0.212332844734, 0.198912292719, 0.200610563159, 0.177503734827, 0.156202167273, 0.247317790985, 0.267079889774, 0.231658577919, 0.278640031815, 0.214569211006, 0.181089937687, 0.218820229173, 0.237267553806]
        dmean2: [0.395788729191, 0.378725796938, 0.405306488276, 0.335456490517, 0.386466026306, 0.409352838993, 0.298569947481, 0.192630290985, 0.231326982379, 0.277689546347, 0.360250532627, 0.456857681274, 0.406574189663, 0.389027476311, 0.359526246786, 0.319444775581, 0.354779571295, 0.384144812822, 0.35023266077, 0.368201911449, 0.485406219959, 0.417379945517, 0.451194316149, 0.385262906551, 0.354360759258, 0.345448821783, 0.307004064322, 0.261435896158, 0.430114746094, 0.478414028883, 0.396531373262, 0.476169019938, 0.354548156261, 0.327077895403, 0.395166009665, 0.41354060173]
        dvar: [0.0569633357227, 0.0460197627544, 0.069783359766, 0.0405797436833, 0.0613300651312, 0.0632340759039, 0.0457159392536, 0.0200575683266, 0.0302102211863, 0.039108235389, 0.0433260388672, 0.0644929111004, 0.0641182735562, 0.0610911175609, 0.0585754401982, 0.0505999773741, 0.0683404132724, 0.0567807927728, 0.0657206997275, 0.0626367852092, 0.0874396786094, 0.0584784410894, 0.0704660564661, 0.050613489002, 0.0401371866465, 0.0453051552176, 0.0434003174305, 0.04031791538, 0.0719110742211, 0.082407772541, 0.0615171529353, 0.0835935473442, 0.0528630875051, 0.0407308153808, 0.0682584270835, 0.0568939968944]
        dvar2: [0.130688980222, 0.110634543002, 0.182050347328, 0.107987418771, 0.153995603323, 0.186617404222, 0.122239470482, 0.0463867038488, 0.0700509995222, 0.0884255543351, 0.102226763964, 0.181615144014, 0.179222792387, 0.172833874822, 0.162288308144, 0.135194420815, 0.183276101947, 0.123751558363, 0.158795893192, 0.143241614103, 0.250325083733, 0.17229989171, 0.180415570736, 0.121554225683, 0.106160610914, 0.11449174583, 0.117815375328, 0.100873686373, 0.183488562703, 0.220257610083, 0.172826990485, 0.204539254308, 0.133429691195, 0.112017303705, 0.183137863874, 0.140781477094]
        max: [1, 1, 1, 1, 1, 1, 1, 1, 1, 1, 1, 1, 1, 1, 1, 1, 1, 1, 1, 1, 1, 1, 1, 1, 0.963276207447, 1, 1, 1, 1, 1, 1, 1, 1, 1, 1, 1]
        mean: [0.322095930576, 0.274774253368, 0.207043454051, 0.176343858242, 0.211500421166, 0.233349815011, 0.193719804287, 0.15778824687, 0.162972614169, 0.193128690124, 0.224677354097, 0.216995090246, 0.182524889708, 0.175123989582, 0.159889832139, 0.150306418538, 0.188564792275, 0.232438862324, 0.212171196938, 0.189420387149, 0.195592090487, 0.198592841625, 0.219970345497, 0.202202066779, 0.169607311487, 0.17823202908, 0.168541356921, 0.167773663998, 0.244828790426, 0.275458902121, 0.250960320234, 0.266593039036, 0.219061210752, 0.170903980732, 0.20873837173, 0.283033847809]
        min: [0.00070234015584, 0.000274837162578, 0.000313472381094, 0.000753985426854, 0.000643946870696, 0.00081128225429, 0.000716762850061, 0.000156536974828, 0.00038926693378, 0.000276029546512, 0.000446359219495, 0.000388088315958, 0.000319664803101, 0.000591388670728, 0, 8.9514614956e-05, 0.000262322981143, 0.000337566743838, 0.00113689480349, 0.000287530798232, 7.87540193414e-05, 0.000132123997901, 0.00073297257768, 0.000548481359147, 0.000284711073618, 0.000308539514663, 0.000341671897331, 9.95479276753e-05, 0.0001525516127, 0.000245560513576, 0.000265133829089, 0.000517915119417, 0.000955772411544, 0.000875983561855, 0.000693190377206, 0.000284073961666]
        var: [0.109512157738, 0.0718321204185, 0.0663577616215, 0.0439439378679, 0.0792184397578, 0.083480976522, 0.0598989650607, 0.0392561480403, 0.0487341508269, 0.0638098567724, 0.0675010457635, 0.0635827854276, 0.0561060011387, 0.0540494062006, 0.0501265414059, 0.0449311733246, 0.0603835657239, 0.0769589915872, 0.0791059359908, 0.0674203783274, 0.0792916715145, 0.0570752955973, 0.0781151279807, 0.0641109645367, 0.0413134358823, 0.0525962896645, 0.0496416315436, 0.0474133081734, 0.0884366929531, 0.103575371206, 0.0766899511218, 0.100252427161, 0.0674339309335, 0.0402599573135, 0.0621605738997, 0.0864490643144]
    chords_histogram: [0, 0, 0, 0, 16.4179096222, 7.96019887924, 0, 0, 4.47761201859, 0, 0, 0, 0, 0, 0, 0, 0, 0, 0, 0, 0, 9.95024871826, 61.1940307617, 0]
    thpcp: [1, 0.853082060814, 0.642800569534, 0.547488629818, 0.656637966633, 0.724473059177, 0.601435124874, 0.489879667759, 0.505975365639, 0.599599897861, 0.697547972202, 0.673697113991, 0.566678643227, 0.543701350689, 0.496404379606, 0.466651082039, 0.585430562496, 0.721644818783, 0.658720493317, 0.588086843491, 0.607247948647, 0.616564273834, 0.68293428421, 0.627769708633, 0.526573896408, 0.553350746632, 0.523264467716, 0.520881056786, 0.760111391544, 0.855207622051, 0.779147744179, 0.827682137489, 0.680111706257, 0.530599653721, 0.648062765598, 0.878725290298]
    chords_key: "C"
    chords_scale: "minor"
    key_key: "G"
    key_scale: "minor"
    chords_progression: ["Cm", "Cm", "Cm", "Cm", "Cm", "Cm", "Cm", "Cm", "Cm", "Cm", "Cm", "Cm", "Cm", "Cm", "Cm", "Cm", "Cm", "Cm", "Cm", "Cm", "Cm", "Cm", "Cm", "Cm", "Cm", "Cm", "Cm", "Cm", "Cm", "Cm", "Bm", "Bm", "Cm", "Cm", "Bm", "Bm", "Bm", "Bm", "Bm", "Cm", "Bm", "Cm", "Cm", "Cm", "Cm", "Cm", "Cm", "Cm", "Cm", "G#", "Cm", "Cm", "Cm", "Cm", "Cm", "Cm", "Cm", "Cm", "Cm", "Cm", "Cm", "Cm", "Cm", "Cm", "Cm", "Cm", "Cm", "Cm", "Cm", "Cm", "Cm", "Cm", "Cm", "Cm", "Am", "Am", "Am", "Am", "Am", "Am", "Am", "Cm", "Cm", "Cm", "Cm", "C", "C", "Cm", "C", "Cm", "Cm", "C", "C", "Cm", "C", "C", "C", "C", "C", "C", "C", "Cm", "Cm", "Cm", "Cm", "Cm", "Cm", "Bm", "Cm", "Cm", "Cm", "Cm", "Cm", "Cm", "Cm", "Cm", "Cm", "Cm", "Cm", "Cm", "Cm", "Cm", "Cm", "Cm", "Cm", "Am", "Am", "Am", "Am", "Am", "Am", "Am", "Am", "Am", "Am", "Am", "Am", "Am", "Am", "Am", "Cm", "Cm", "Cm", "Cm", "Cm", "Cm", "Cm", "G#", "G#", "G#", "G#", "Cm", "Cm", "Cm", "Cm", "Cm", "Cm", "Cm", "Cm", "Cm", "Cm", "Cm", "Cm", "Cm", "Cm", "Cm", "Cm", "Cm", "Cm", "Cm", "Cm", "G#", "G#", "G#", "G#", "G#", "G#", "G#", "G#", "G#", "G#", "Am", "Am", "Am", "Am", "Am", "Am", "C", "C", "C", "C", "Am", "G#", "G#", "G#", "G#", "G#", "Am", "Am", "Am", "Am"]
