
metadata:
    version:
        essentia: "1.2.2"
    audio_properties:
        analysis_sample_rate: 44100
        bitrate: 128
        channels: 2
        equal_loudness: 1
        length: 10.0048980713
        replay_gain: -11.8831348419
        downmix: "mix"
    tags:
        track: 10
        year: 0
        album: "Splitted by Mp3Splt v. 2.1"
        artist: "From 001.30 To 001.40"
        comment: "http://mp3splt.sf.net"
        genre: ""
        title: "19 Let It Ride.mp3"

highlevel:
    ballroom:
        all:
            ChaChaCha: 0.110530696809
            Jive: 0.446381598711
            Quickstep: 0.0711440071464
            Rumba-American: 0.0180577430874
            Rumba-International: 0.0896905660629
            Rumba-Misc: 0.0698774531484
            Samba: 0.118866913021
            Tango: 0.00548550765961
            VienneseWaltz: 0.0540993921459
            Waltz: 0.0158661212772
        probability: 0.446381598711
        value: "Jive"
    culture:
        all:
            non_western: 0.0308713614941
            western: 0.969128668308
        probability: 0.969128668308
        value: "western"
    gender:
        all:
            female: 0.695895671844
            male: 0.304104328156
        probability: 0.695895671844
        value: "female"
    genre_dortmund:
        all:
            alternative: 0.105605818331
            blues: 0.0161354281008
            electronic: 0.0219360217452
            folkcountry: 0.117966488004
            funksoulrnb: 0.0126294884831
            jazz: 0.0137545010075
            pop: 0.176098033786
            raphiphop: 0.0140305608511
            rock: 0.521843671799
        probability: 0.521843671799
        value: "rock"
    genre_electronica:
        all:
            ambient: 0.360285460949
            dnb: 0.285092920065
            house: 0.0316946469247
            techno: 0.015095943585
            trance: 0.307831019163
        probability: 0.360285460949
        value: "ambient"
    genre_rosamerica:
        all:
            cla: 0.00780113274232
            dan: 0.0312374327332
            hip: 0.00184374360833
            jaz: 0.00506671937183
            pop: 0.81188005209
            rhy: 0.0282169133425
            roc: 0.113105632365
            spe: 0.000848367519211
        probability: 0.81188005209
        value: "pop"
    genre_tzanetakis:
        all:
            blu: 0.00186204363126
            cla: 0.0040414724499
            cou: 0.219609469175
            dis: 0.231514543295
            hip: 0.00396642601117
            jaz: 0.00472338031977
            met: 0.0052656182088
            pop: 0.364766120911
            reg: 0.0223242715001
            roc: 0.141926646233
        probability: 0.364766120911
        value: "pop"
    live_studio:
        all:
            live: 0.0958679318428
            studio: 0.904132068157
        probability: 0.904132068157
        value: "studio"
    mood:
        all:
            Cluster1: 0.10374879092
            Cluster2: 0.0955831930041
            Cluster3: 0.630351066589
            Cluster4: 0.115496374667
            Cluster5: 0.0548205561936
        probability: 0.630351066589
        value: "Cluster3"
    mood_acoustic:
        all:
            acoustic: 0.0497231520712
            not_acoustic: 0.950276851654
        probability: 0.950276851654
        value: "not_acoustic"
    mood_aggressive:
        all:
            aggressive: 0.301823705435
            not_aggressive: 0.698176324368
        probability: 0.698176324368
        value: "not_aggressive"
    mood_electronic:
        all:
            electronic: 0.296217262745
            not_electronic: 0.703782737255
        probability: 0.703782737255
        value: "not_electronic"
    mood_happy:
        all:
            happy: 0.855486392975
            not_happy: 0.144513621926
        probability: 0.855486392975
        value: "happy"
    mood_party:
        all:
            not_party: 0.812322676182
            party: 0.187677323818
        probability: 0.812322676182
        value: "not_party"
    mood_relaxed:
        all:
            not_relaxed: 0.529939174652
            relaxed: 0.470060825348
        probability: 0.529939174652
        value: "not_relaxed"
    mood_sad:
        all:
            not_sad: 0.701016902924
            sad: 0.298983097076
        probability: 0.701016902924
        value: "not_sad"
    rhythm:
        all:
            fast: 0.233707204461
            medium: 0.73287653923
            slow: 0.0334162786603
        probability: 0.73287653923
        value: "medium"
    speech_music:
        all:
            music: 0.999998390675
            speech: 1.58120269589e-06
        probability: 0.999998390675
        value: "music"
    timbre:
        all:
            bright: 0.966255009174
            dark: 0.0337449721992
        probability: 0.966255009174
        value: "bright"
    voice_instrumental:
        all:
            instrumental: 0.0120084490627
            voice: 0.987991571426
        probability: 0.987991571426
        value: "voice"

lowlevel:
    average_loudness: 0.935378968716
    barkbands_kurtosis:
        dmean: 0.777681291103
        dmean2: 1.24683403969
        dvar: 1.06641590595
        dvar2: 2.52521181107
        max: 10.7974786758
        mean: -0.411199003458
        min: -1.84907472134
        var: 1.91387629509
    barkbands_skewness:
        dmean: 0.425223261118
        dmean2: 0.648986876011
        dvar: 0.16890963912
        dvar2: 0.36090695858
        max: 3.08005619049
        mean: 0.495172053576
        min: -1.63906157017
        var: 0.481093168259
    barkbands_spread:
        dmean: 5.89324235916
        dmean2: 9.2390127182
        dvar: 39.7408828735
        dvar2: 81.2129974365
        max: 59.9890480042
        mean: 28.3624591827
        min: 7.85859537125
        var: 103.770362854
    dissonance:
        dmean: 0.0253987107426
        dmean2: 0.0415864549577
        dvar: 0.000538188091014
        dvar2: 0.00130791566335
        max: 0.499368697405
        mean: 0.449851155281
        min: 0.294431060553
        var: 0.000932579743676
    hfc:
        dmean: 2.20483565331
        dmean2: 3.21812772751
        dvar: 6.22184562683
        dvar2: 11.9308481216
        max: 22.3296775818
        mean: 6.35704517365
        min: 1.93483060684e-06
        var: 19.6359577179
    pitch:
        dmean: 309.33505249
        dmean2: 586.331970215
        dvar: 626802.375
        dvar2: 1374572
        max: 4900
        mean: 599.038452148
        min: 86.4705886841
        var: 1006262.8125
    pitch_instantaneous_confidence:
        dmean: 0.0967715159059
        dmean2: 0.152014389634
        dvar: 0.00808144547045
        dvar2: 0.0163735337555
        max: 0.866208016872
        mean: 0.478891968727
        min: 0.16216480732
        var: 0.0288489460945
    pitch_salience:
        dmean: 0.0738237574697
        dmean2: 0.117322549224
        dvar: 0.00338314892724
        dvar2: 0.00861350726336
        max: 0.903208851814
        mean: 0.58829754591
        min: 0.330383658409
        var: 0.00983257684857
    silence_rate_20dB:
        dmean: 0
        dmean2: 0
        dvar: 0
        dvar2: 0
        max: 1
        mean: 1
        min: 1
        var: 0
    silence_rate_30dB:
        dmean: 0
        dmean2: 0
        dvar: 0
        dvar2: 0
        max: 1
        mean: 1
        min: 1
        var: 0
    silence_rate_60dB:
        dmean: 0.171693742275
        dmean2: 0.341860473156
        dvar: 0.142215624452
        dvar2: 0.266851872206
        max: 1
        mean: 0.296296298504
        min: 0
        var: 0.208504706621
    spectral_centroid:
        dmean: 295.617889404
        dmean2: 449.959472656
        dvar: 121613.984375
        dvar2: 234457.15625
        max: 3700.12353516
        mean: 1273.24780273
        min: 358.394805908
        var: 305693.59375
    spectral_complexity:
        dmean: 3.23720932007
        dmean2: 5.02331018448
        dvar: 10.9297714233
        dvar2: 22.027469635
        max: 34
        mean: 12.5800466537
        min: 0
        var: 23.1020832062
    spectral_crest:
        dmean: 2.20287585258
        dmean2: 3.58781671524
        dvar: 3.51665687561
        dvar2: 9.47952842712
        max: 17.9011058807
        mean: 7.57193756104
        min: 2.94713568687
        var: 7.49269580841
    spectral_decrease:
        dmean: 3.27739196893e-10
        dmean2: 4.91164442451e-10
        dvar: 8.53417876854e-20
        dvar2: 1.87515641011e-19
        max: -5.0336806951e-16
        mean: -1.13344678088e-09
        min: -4.00870714401e-09
        var: 4.03016999344e-19
    spectral_energy:
        dmean: 0.00140774308238
        dmean2: 0.0020936995279
        dvar: 1.50281346123e-06
        dvar2: 3.21646939483e-06
        max: 0.0167048238218
        mean: 0.00485449004918
        min: 2.07532346863e-09
        var: 7.30129204385e-06
    spectral_energyband_high:
        dmean: 0.000154978100909
        dmean2: 0.000228479402722
        dvar: 8.32815842955e-08
        dvar2: 1.44167401572e-07
        max: 0.0032582115382
        mean: 0.000274507590802
        min: 2.72346797892e-11
        var: 1.77708741944e-07
    spectral_energyband_low:
        dmean: 0.000136451373692
        dmean2: 0.000242799433181
        dvar: 2.61211052788e-08
        dvar2: 7.33612992576e-08
        max: 0.00123204977717
        mean: 0.000189996688277
        min: 3.06629110991e-10
        var: 3.15811767848e-08
    spectral_energyband_middle_high:
        dmean: 0.000640724145342
        dmean2: 0.00099495111499
        dvar: 4.36973891738e-07
        dvar2: 9.40201971389e-07
        max: 0.0085812099278
        mean: 0.00188634602819
        min: 7.78697606396e-10
        var: 1.98580596589e-06
    spectral_energyband_middle_low:
        dmean: 0.000936218479183
        dmean2: 0.00142539595254
        dvar: 8.38205608034e-07
        dvar2: 1.92817742573e-06
        max: 0.0104191601276
        mean: 0.00250363606028
        min: 8.91479778886e-10
        var: 2.82201358459e-06
    spectral_flatness_db:
        dmean: 0.0215210933238
        dmean2: 0.0305528752506
        dvar: 0.000389403110603
        dvar2: 0.000617632176727
        max: 0.235631421208
        mean: 0.147908717394
        min: 0.0668930113316
        var: 0.00116884487215
    spectral_flux:
        dmean: 0.00915370229632
        dmean2: 0.0149193806574
        dvar: 6.77671778249e-05
        dvar2: 0.000133263456519
        max: 0.075830809772
        mean: 0.0380232930183
        min: 4.55557164969e-05
        var: 0.000153413813678
    spectral_kurtosis:
        dmean: 2.06154537201
        dmean2: 3.30646657944
        dvar: 5.39613199234
        dvar2: 12.8739061356
        max: 26.0399646759
        mean: 5.03647422791
        min: -1.1041213274
        var: 12.6734952927
    spectral_rms:
        dmean: 0.000323733023833
        dmean2: 0.000475790729979
        dvar: 7.09251182229e-08
        dvar2: 1.36612129609e-07
        max: 0.0040370025672
        mean: 0.00209181639366
        min: 1.42292162764e-06
        var: 3.60395858934e-07
    spectral_rolloff:
        dmean: 613.395568848
        dmean2: 998.00604248
        dvar: 552605.625
        dvar2: 1064400.75
        max: 6158.49609375
        mean: 2456.28417969
        min: 430.6640625
        var: 1298756.625
    spectral_skewness:
        dmean: 0.297690719366
        dmean2: 0.46159401536
        dvar: 0.101620577276
        dvar2: 0.217793449759
        max: 3.58788871765
        mean: 1.6979213953
        min: -0.163888439536
        var: 0.302272796631
    spectral_spread:
        dmean: 1149775.875
        dmean2: 1552526.375
        dvar: 2.10069618688e+12
        dvar2: 3.32427506483e+12
        max: 19681182
        mean: 5172389.5
        min: 1505712.5
        var: 5.78831148646e+12
    spectral_strongpeak:
        dmean: 0.454054713249
        dmean2: 0.795834183693
        dvar: 0.516564965248
        dvar2: 1.25723171234
        max: 7.14896202087
        mean: 0.809167206287
        min: 0
        var: 1.36691021919
    zerocrossingrate:
        dmean: 0.0115540968254
        dmean2: 0.0127647416666
        dvar: 0.000144668098073
        dvar2: 0.00016431005497
        max: 0.1748046875
        mean: 0.0767813771963
        min: 0.0263671875
        var: 0.000720370037016
    barkbands:
        dmean: [1.58958030738e-07, 4.55778790638e-05, 0.000111444693175, 0.000524838920683, 0.000288250506856, 0.000184286938747, 0.000198198977159, 0.000102807069197, 0.000195165601326, 0.000125117701828, 6.62790189381e-05, 5.54465586902e-05, 0.000150410298374, 6.62163438392e-05, 7.91799466242e-05, 0.000128675266751, 0.000122619167087, 0.000110094239062, 0.000134150861413, 0.000120095457532, 6.79994627717e-05, 2.84369216388e-05, 1.19594651551e-05, 9.05644537852e-06, 7.23025368643e-06, 4.24282546874e-07, 1.31878663545e-09]
        dmean2: [2.52851094729e-07, 8.15840248833e-05, 0.000200558584766, 0.000850007752888, 0.000416714057792, 0.000303464097669, 0.000350786867784, 0.000169104183442, 0.000289804680506, 0.000191067563719, 0.000107945823402, 8.69830255397e-05, 0.000250309269177, 9.95078808046e-05, 0.000126565457322, 0.000203817311558, 0.000196616267203, 0.000170588187757, 0.000199497837457, 0.000185288925422, 0.000106761253846, 4.17247174482e-05, 1.82908206625e-05, 1.28322835735e-05, 1.07548348751e-05, 6.77315654229e-07, 2.16540052556e-09]
        dvar: [8.70111003647e-14, 2.43649700415e-09, 2.18891855752e-08, 5.3122130339e-07, 1.04157422243e-07, 3.86651244355e-08, 1.16564628172e-07, 8.28175572565e-08, 5.91667870253e-08, 9.66841753325e-08, 5.14558573528e-09, 1.2483178935e-08, 8.41036751353e-08, 2.28316849871e-08, 1.94343083848e-08, 7.50439426156e-08, 3.34745422492e-08, 2.60265462515e-08, 6.1433510723e-08, 5.96662417252e-08, 3.04595673128e-08, 4.26808055565e-09, 1.07399411586e-09, 6.78141709454e-10, 4.50435688748e-10, 2.01711585802e-12, 1.99298597226e-17]
        dvar2: [1.81836086444e-13, 7.52104867274e-09, 6.17554576365e-08, 1.38887332923e-06, 2.14058559322e-07, 9.87713164591e-08, 3.31919693508e-07, 2.05900946071e-07, 1.34494086979e-07, 1.79707072334e-07, 1.45373855176e-08, 2.87163679502e-08, 2.40888653025e-07, 5.13171940497e-08, 4.59855158397e-08, 1.79989200433e-07, 7.93309951064e-08, 5.787166657e-08, 1.37935771249e-07, 1.27494686808e-07, 7.16391284072e-08, 8.62075122399e-09, 2.12463091565e-09, 1.34729949419e-09, 9.40790556569e-10, 4.35009537073e-12, 4.67388015735e-17]
        max: [3.89992692362e-06, 0.000396448478568, 0.00115143344738, 0.00704157026485, 0.00338094914332, 0.0022274046205, 0.00292539317161, 0.00434111338109, 0.00363118690439, 0.00565341720358, 0.000696433649864, 0.00128763378598, 0.00286561949179, 0.00219486886635, 0.00144676712807, 0.00708811590448, 0.00192701281048, 0.00153172377031, 0.00242317980155, 0.00286848819815, 0.00227322475985, 0.000851384946145, 0.00033867356251, 0.000365924614016, 0.000275095604593, 1.76199027919e-05, 4.57988775793e-08]
        mean: [3.90112916193e-07, 6.37435659883e-05, 0.00012587090896, 0.000624373846222, 0.000678593292832, 0.000311392097501, 0.000281744491076, 0.000132557732286, 0.000392913469113, 0.000202474562684, 0.000112279587483, 7.72318817326e-05, 0.000246100709774, 0.00012760014215, 0.000122974161059, 0.000366135267541, 0.000215276420931, 0.000192280655028, 0.000217844062718, 0.000189811020391, 9.74352587946e-05, 3.97426301788e-05, 1.57519607455e-05, 1.13583682833e-05, 8.15417388367e-06, 4.63483303292e-07, 1.32554967003e-09]
        min: [1.39635469854e-10, 1.68659586297e-10, 6.89934359643e-11, 3.94217367083e-11, 3.64288911536e-11, 4.29605448438e-11, 1.32318045409e-10, 2.55317211817e-10, 3.5804637033e-10, 1.34506503158e-10, 1.28243068942e-10, 1.51007914506e-10, 1.9908673321e-10, 4.49065090669e-11, 5.21989612992e-12, 3.04034228349e-12, 1.75321476087e-11, 1.96481650394e-11, 8.1073266156e-11, 2.85037392994e-11, 6.37837395748e-12, 4.22282868395e-12, 2.67946277145e-12, 1.92271632643e-12, 2.08058158375e-12, 1.37757654676e-12, 1.38690036018e-12]
        var: [1.44078772892e-13, 3.16481374441e-09, 2.48785294588e-08, 7.10163192252e-07, 3.10567486395e-07, 8.47361008027e-08, 1.44753343534e-07, 1.10174973145e-07, 3.2167901054e-07, 2.36475884208e-07, 1.21150742771e-08, 2.29626593296e-08, 1.65624996384e-07, 9.84463071063e-08, 3.03488754128e-08, 8.76776653058e-07, 8.45853449505e-08, 5.42261808789e-08, 8.6802835142e-08, 9.05464361267e-08, 3.86349583437e-08, 6.60255050633e-09, 1.92727700465e-09, 1.11670672709e-09, 6.5516181369e-10, 2.62086121035e-12, 2.39259427921e-17]
    mfcc:
        mean: [-711.045410156, 127.051689148, -39.3060340881, 42.9884757996, -8.55779933929, -7.03225183487, -3.06869602203, -7.67298412323, -3.92587327957, -6.74377012253, -6.69056415558, -7.08588647842, -6.05394077301]
        cov: [[3548.03540039, -1411.28979492, 511.748474121, -83.9364700317, 0.823932290077, -39.0111656189, -82.3754272461, -93.4366073608, 16.0564212799, -25.5393505096, 3.40820765495, -49.0695343018, -60.8688087463], [-1411.28979492, 1450.46105957, -599.087402344, 59.3755912781, 23.2785148621, -52.1914367676, 33.1740264893, 78.4247970581, 40.4544372559, 4.88246202469, -18.891752243, -52.7070541382, 5.49592733383], [511.748474121, -599.087402344, 476.530548096, -66.5166854858, -44.2689323425, 30.0030288696, 4.1703453064, -26.0613956451, -42.7925071716, -11.3380699158, 16.8583660126, 19.1282043457, 6.86858797073], [-83.9364700317, 59.3755912781, -66.5166854858, 257.079772949, 4.49261617661, -8.08870506287, -66.7949066162, 15.6024856567, 38.1948280334, -13.7007274628, -42.5158882141, 2.92061853409, 24.1724739075], [0.823932290077, 23.2785148621, -44.2689323425, 4.49261617661, 226.403778076, -28.9876403809, -77.4828491211, -7.19669771194, 46.4589042664, -23.9889564514, -6.21829938889, -9.84291172028, -7.86229038239], [-39.0111656189, -52.1914367676, 30.0030288696, -8.08870506287, -28.9876403809, 140.513900757, 27.8611450195, -1.69935929775, -29.5685024261, 3.48391151428, -9.76182079315, 16.4572505951, 8.63224220276], [-82.3754272461, 33.1740264893, 4.1703453064, -66.7949066162, -77.4828491211, 27.8611450195, 202.333480835, 14.8456077576, -80.8504638672, 0.00790676753968, 32.0825881958, 13.4181900024, -13.042506218], [-93.4366073608, 78.4247970581, -26.0613956451, 15.6024856567, -7.19669771194, -1.69935929775, 14.8456077576, 108.440246582, 6.76800060272, -7.27996492386, -13.8226957321, -7.41696643829, 15.7026348114], [16.0564212799, 40.4544372559, -42.7925071716, 38.1948280334, 46.4589042664, -29.5685024261, -80.8504638672, 6.76800060272, 126.278594971, 5.80570983887, -13.0726413727, -28.2448425293, 13.2177066803], [-25.5393505096, 4.88246202469, -11.3380699158, -13.7007274628, -23.9889564514, 3.48391151428, 0.00790676753968, -7.27996492386, 5.80570983887, 61.9879989624, 16.6372261047, 7.3841881752, -6.40602397919], [3.40820765495, -18.891752243, 16.8583660126, -42.5158882141, -6.21829938889, -9.76182079315, 32.0825881958, -13.8226957321, -13.0726413727, 16.6372261047, 74.7445983887, 13.8028945923, -24.6888980865], [-49.0695343018, -52.7070541382, 19.1282043457, 2.92061853409, -9.84291172028, 16.4572505951, 13.4181900024, -7.41696643829, -28.2448425293, 7.3841881752, 13.8028945923, 72.1535415649, 12.4152336121], [-60.8688087463, 5.49592733383, 6.86858797073, 24.1724739075, -7.86229038239, 8.63224220276, -13.042506218, 15.7026348114, 13.2177066803, -6.40602397919, -24.6888980865, 12.4152336121, 68.4777832031]]
        icov: [[0.000515984429512, 0.00059065874666, 0.000167921971297, 0.000100777098851, 0.000101756500953, 0.000241695175646, 8.47693154356e-05, 6.6881388193e-05, -6.19437414571e-05, 0.000194801235921, 0.000103169113572, 0.000567172537558, 0.000305398134515], [0.00059065874666, 0.00221963808872, 0.00213738461025, 0.000227756434469, 0.000270548538538, 0.000460427749204, -1.47180089698e-05, -0.00047208648175, 0.000201040122192, 0.000374329625629, -0.000201157672564, 0.0014480605023, -0.000208280267543], [0.000167921971297, 0.00213738461025, 0.00491840578616, 0.000851473538205, 0.000837365572806, -5.82967441005e-05, 0.000667235814035, -0.000255226215813, 0.000997441005893, 0.00123248412274, -0.00102305866312, 0.000972185633145, -0.00114942528307], [0.000100777098851, 0.000227756434469, 0.000851473538205, 0.00499097257853, 0.000817206338979, 0.000191459897906, 0.00143082789145, -0.000416292314185, -0.000727941398509, 0.00122834776994, 0.00184768624604, -0.00116261618678, -0.000205865944736], [0.000101756500953, 0.000270548538538, 0.000837365572806, 0.000817206338979, 0.00590004492551, 0.000429714797065, 0.00214070896618, 9.80245386017e-05, -0.00120147655252, 0.00303625059314, -0.000404012098443, -0.000576130812988, 0.00117950863205], [0.000241695175646, 0.000460427749204, -5.82967441005e-05, 0.000191459897906, 0.000429714797065, 0.00814747158438, -0.000749657687265, 0.000234687395277, 0.00108187517617, -0.000760294147767, 0.00209174863994, -0.000955937779509, -0.000410653854487], [8.47693154356e-05, -1.47180089698e-05, 0.000667235814035, 0.00143082789145, 0.00214070896618, -0.000749657687265, 0.00854676682502, -0.00149382627569, 0.0041278921999, 0.00150056986604, -0.00292100082152, 0.000552277662791, 5.54809412279e-06], [6.6881388193e-05, -0.00047208648175, -0.000255226215813, -0.000416292314185, 9.80245386017e-05, 0.000234687395277, -0.00149382627569, 0.010415607132, -0.000838915118948, 0.000628526962828, 0.00124681275338, 0.000788113917224, -0.00189399812371], [-6.19437414571e-05, 0.000201040122192, 0.000997441005893, -0.000727941398509, -0.00120147655252, 0.00108187517617, 0.0041278921999, -0.000838915118948, 0.0132085597143, -0.00237566721626, -0.00169805926271, 0.00494432542473, -0.00349044543691], [0.000194801235921, 0.000374329625629, 0.00123248412274, 0.00122834776994, 0.00303625059314, -0.000760294147767, 0.00150056986604, 0.000628526962828, -0.00237566721626, 0.0196064952761, -0.00377858965658, -0.00206514354795, 0.00147682300303], [0.000103169113572, -0.000201157672564, -0.00102305866312, 0.00184768624604, -0.000404012098443, 0.00209174863994, -0.00292100082152, 0.00124681275338, -0.00169805926271, -0.00377858965658, 0.019918391481, -0.00494065973908, 0.00645730737597], [0.000567172537558, 0.0014480605023, 0.000972185633145, -0.00116261618678, -0.000576130812988, -0.000955937779509, 0.000552277662791, 0.000788113917224, 0.00494432542473, -0.00206514354795, -0.00494065973908, 0.0192907005548, -0.00574667751789], [0.000305398134515, -0.000208280267543, -0.00114942528307, -0.000205865944736, 0.00117950863205, -0.000410653854487, 5.54809412279e-06, -0.00189399812371, -0.00349044543691, 0.00147682300303, 0.00645730737597, -0.00574667751789, 0.0198838673532]]
    spectral_contrast:
        mean: [9.02280845594e-08, -2.14199872062e-07, -1.95486990151e-07, 4.03161124041e-07, -1.28224320051e-08, 2.49827820653e-07, 3.76892194254e-06, 1.41263694786e-06, -1.42425363947e-07, -3.35652975991e-06, -4.61209964442e-07, 2.16927719521e-06]
        var: [0.000906414701603, 0.00127660611179, 0.00208876118995, 0.00233891117387, 0.00308547820896, 0.0067652487196, 0.107313632965, 0.113954313099, 0.159173220396, 0.18079611659, 0.678182184696, 2.32409381866]

rhythm:
    beats_loudness:
        dmean: 0.00211427011527
        dmean2: 0.00392998568714
        dvar: 3.63032495443e-06
        dvar2: 1.10625069283e-05
        max: 0.0107707437128
        mean: 0.00582465948537
        min: 0.00209348951466
        var: 6.57041573504e-06
    beats_loudness_bass:
        dmean: 0.139776811004
        dmean2: 0.252966076136
        dvar: 0.0118183111772
        dvar2: 0.0421130508184
        max: 0.44069236517
        mean: 0.169747903943
        min: 0.0467028282583
        var: 0.0116784516722
    bpm: 114.121055603
    bpm_confidence: 0
    first_peak_bpm: 114
    first_peak_spread: 0
    first_peak_weight: 0.944444417953
    onset_rate: 5.4973077774
    second_peak_bpm: 85
    second_peak_spread: 0
    second_peak_weight: 0.0555555559695
    beats_position: [0.216264739633, 0.743079483509, 1.26989424229, 1.79670894146, 2.32352375984, 2.85033845901, 3.37715339661, 3.90396809578, 4.43078279495, 4.95759773254, 5.48441267014, 6.18729162216, 6.71151781082, 7.23574447632, 7.75997066498, 8.28419780731, 8.80842399597, 9.33265018463, 9.85687732697]
    bpm_estimates: [113.586959839, 113.706367493, 113.839904785, 115.657592773, 113.370948792, 113.224815369, 114.914657593, 114.572425842, 113.741203308, 114.595703125]
    bpm_intervals: [0.526814758778, 0.526814758778, 0.526814699173, 0.526814818382, 0.526814699173, 0.526814937592, 0.526814699173, 0.526814699173, 0.526814937592, 0.526814937592, 0.702878952026, 0.52422618866, 0.524226665497, 0.52422618866, 0.524227142334, 0.52422618866, 0.52422618866, 0.524227142334]
    onset_times: [0.0580498874187, 0.197369620204, 0.359909296036, 0.53405892849, 0.731428563595, 0.905578255653, 1.23065757751, 1.43963718414, 1.60217690468, 1.81115651131, 1.95047616959, 2.12462592125, 2.29877543449, 2.48453521729, 2.83283448219, 3.00698423386, 3.1811337471, 3.35528349876, 3.54104304314, 3.72680282593, 3.90095233917, 4.06349229813, 4.2492518425, 4.42340135574, 4.59755086899, 4.77170085907, 4.95746040344, 5.13160991669, 5.30575942993, 5.47990942001, 5.66566896439, 5.83981847763, 6.01396846771, 6.18811798096, 6.37387752533, 6.5596370697, 6.71056699753, 6.8963265419, 7.08208608627, 7.24462604523, 7.44199562073, 7.59292507172, 7.75546503067, 7.87156438828, 8.12698459625, 8.48689365387, 8.66104316711, 8.82358264923, 8.95129299164, 8.98612213135, 9.10222244263, 9.24154186249, 9.34603214264, 9.49696159363, 9.71755123138]
    rubato_start: []
    rubato_stop: []
    perceptual_tempo: "unknown"

sfx:
    inharmonicity:
        dmean: 0.0449965856969
        dmean2: 0.0795841515064
        dvar: 0.00337093952112
        dvar2: 0.0081762233749
        max: 0.434126019478
        mean: 0.0449111871421
        min: 0
        var: 0.0032826573588
    oddtoevenharmonicenergyratio:
        dmean: 1.69735813141
        dmean2: 3.04173660278
        dvar: 13.6112728119
        dvar2: 29.4119911194
        max: 46.2629127502
        mean: 1.25664651394
        min: 0
        var: 11.2622385025
    pitch_after_max_to_before_max_energy_ratio: 0.670788168907
    pitch_centroid: 197.549346924
    pitch_max_to_total: 0.406032472849
    pitch_min_to_total: 0.770301640034
    tristimulus:
        dmean: [0.216041907668, 0.227521032095, 0.0912169888616]
        dmean2: [0.377737253904, 0.393296867609, 0.160479277372]
        dvar: [0.0307701490819, 0.0374510511756, 0.0114449923858]
        dvar2: [0.086316563189, 0.103425435722, 0.0312722846866]
        max: [1, 0.926261901855, 0.802658557892]
        mean: [0.406072556973, 0.464468747377, 0.0904418602586]
        min: [0.0077107748948, 0, 0]
        var: [0.0515012666583, 0.0578175224364, 0.0116479797289]

tonal:
    chords_changes_rate: 0.0277777779847
    chords_number_rate: 0.0277777779847
    chords_strength:
        dmean: 0.00689851632342
        dmean2: 0.00632612081245
        dvar: 3.35443291988e-05
        dvar2: 3.45702392224e-05
        max: 0.772665381432
        mean: 0.613393902779
        min: 0.431768596172
        var: 0.00555380852893
    key_strength: 0.889623939991
    tuning_diatonic_strength: 0.721050798893
    tuning_equal_tempered_deviation: 0.0862662643194
    tuning_frequency: 440
    tuning_nontempered_energy_ratio: 0.714973092079
    hpcp:
        dmean: [0.143863141537, 0.0972864925861, 0.0926954671741, 0.104455426335, 0.100636743009, 0.0653801783919, 0.0579464398324, 0.0874527916312, 0.184147849679, 0.178557381034, 0.126562416553, 0.0624071843922, 0.0511057637632, 0.0615600757301, 0.0988289415836, 0.131136983633, 0.130931437016, 0.131707012653, 0.111529372633, 0.0950348004699, 0.127559825778, 0.146456584334, 0.177177742124, 0.233426481485, 0.193815648556, 0.15871475637, 0.104603342712, 0.0832657590508, 0.0731016546488, 0.09497731179, 0.107593007386, 0.0839886963367, 0.0689641013741, 0.0616203807294, 0.081376247108, 0.119423151016]
        dmean2: [0.243113592267, 0.159564763308, 0.151402816176, 0.176623925567, 0.168749496341, 0.110189497471, 0.0987921357155, 0.148714214563, 0.307177722454, 0.29331278801, 0.213633298874, 0.10346198082, 0.0844067633152, 0.106732785702, 0.169766008854, 0.223855420947, 0.229694455862, 0.237901523709, 0.193178594112, 0.154329642653, 0.22034420073, 0.261535257101, 0.305797696114, 0.40387237072, 0.32687959075, 0.278570771217, 0.193239539862, 0.150747135282, 0.118992090225, 0.160728931427, 0.180650502443, 0.143027886748, 0.119476951659, 0.10387635231, 0.140467911959, 0.197108015418]
        dvar: [0.0270769633353, 0.0146409580484, 0.0166709125042, 0.02143041417, 0.0186036061496, 0.0106207868084, 0.00490822829306, 0.0117882825434, 0.0383570156991, 0.0400663390756, 0.0207951925695, 0.00762396818027, 0.00450103916228, 0.00872867926955, 0.0160874053836, 0.0282258521765, 0.0340454541147, 0.0385957546532, 0.0348883680999, 0.0224851369858, 0.0365912355483, 0.0434264875948, 0.0358602292836, 0.0559602864087, 0.0452619493008, 0.0373193733394, 0.0251576919109, 0.0129123646766, 0.0104844439775, 0.0211644042283, 0.0291955955327, 0.0179295632988, 0.0150469420478, 0.00735742598772, 0.0141978589818, 0.016088090837]
        dvar2: [0.0676190406084, 0.0404787808657, 0.0421161837876, 0.0571182854474, 0.0489830933511, 0.0294755455106, 0.0122145703062, 0.0317483991385, 0.0925529152155, 0.0827846229076, 0.056442078203, 0.0193911641836, 0.0116780726239, 0.0232676900923, 0.0383001789451, 0.0683256313205, 0.0931024998426, 0.10106023401, 0.0947657600045, 0.0560027211905, 0.0967398136854, 0.110241316259, 0.091438241303, 0.127708137035, 0.0944822952151, 0.100056424737, 0.0744008719921, 0.0389372967184, 0.0254895575345, 0.0534158237278, 0.0838540941477, 0.0472373515368, 0.0374911390245, 0.0171707198024, 0.0404265522957, 0.0439186319709]
        max: [1, 0.940528929234, 1, 1, 1, 0.910172581673, 0.528841912746, 0.678973019123, 1, 1, 1, 0.590560853481, 0.390947759151, 0.626511931419, 0.941075503826, 1, 1, 1, 1, 1, 1, 1, 1, 1, 1, 1, 0.943060696125, 0.720574736595, 0.869630217552, 1, 1, 0.958391785622, 1, 0.94380825758, 1, 1]
        mean: [0.235315293074, 0.14303933084, 0.133915781975, 0.183495223522, 0.133082017303, 0.0835840776563, 0.0798392221332, 0.109662778676, 0.381638258696, 0.528929233551, 0.255899071693, 0.0643193423748, 0.0523194931448, 0.062587402761, 0.128729358315, 0.168261304498, 0.142037570477, 0.133425965905, 0.105615131557, 0.0927883759141, 0.161310747266, 0.212193980813, 0.232878819108, 0.475964009762, 0.548349142075, 0.246841609478, 0.0878749042749, 0.0742826014757, 0.0825450494885, 0.167498961091, 0.199389562011, 0.117662012577, 0.0796971693635, 0.0799148008227, 0.0897749960423, 0.185760766268]
        min: [0.00781484972686, 0.00421279668808, 0.00133275531698, 0.00106245256029, 0.00109296001028, 0.00108202442061, 0.000728354323655, 0.00332392589189, 0.0127517329529, 0.0189007334411, 0.0127650136128, 0.00131375575438, 0.000583196175285, 0.000696408795193, 0.000352444883902, 0.00170290679671, 0.00508818496019, 0.00351583049633, 0.00140740023926, 0.000331438088324, 0.000876061618328, 0.00107125239447, 0.00203457870521, 0.00151556660421, 0.00143002520781, 0.00201170099899, 0.00112803105731, 0.00048685981892, 0.000856193481013, 0.00308167678304, 0.00277030677535, 0.00227170460857, 0.00125669327099, 0.00133089011069, 0.00320226512849, 0.0043957894668]
        var: [0.0530302226543, 0.0206601265818, 0.035244833678, 0.0722038149834, 0.0278656687587, 0.00924827624112, 0.00677446695045, 0.0124724972993, 0.0763198062778, 0.121879883111, 0.0369718819857, 0.00772957177833, 0.00460766674951, 0.00737869972363, 0.0273466259241, 0.0513239316642, 0.032899107784, 0.0366574004292, 0.0313954688609, 0.0244101379067, 0.0503928735852, 0.0874751210213, 0.0535847879946, 0.119610056281, 0.145876705647, 0.0490460135043, 0.0186648089439, 0.0106551693752, 0.0140406833962, 0.0605269931257, 0.0767088532448, 0.0235536303371, 0.0218793358654, 0.0214437749237, 0.0174324065447, 0.0303388759494]
    chords_histogram: [54.6296310425, 16.6666660309, 5.55555534363, 0, 0, 0, 0, 0, 0, 0, 0, 0, 0, 0, 0, 0, 0, 0, 0, 3.70370364189, 0, 6.94444465637, 12.5, 0]
    thpcp: [1, 0.450154095888, 0.160253569484, 0.135465890169, 0.150533750653, 0.305460423231, 0.363617897034, 0.214574992657, 0.145340189338, 0.145737081766, 0.163718670607, 0.338763654232, 0.429134070873, 0.260854482651, 0.244216263294, 0.334632098675, 0.242695763707, 0.15242856741, 0.145599246025, 0.199987143278, 0.695976734161, 0.964584767818, 0.466671794653, 0.117296330631, 0.0954127386212, 0.114137873054, 0.234758019447, 0.306850671768, 0.259027600288, 0.243323013186, 0.192605629563, 0.169214040041, 0.29417526722, 0.386968761683, 0.424690783024, 0.867994427681]
    chords_key: "F"
    chords_scale: "major"
    key_key: "F"
    key_scale: "major"
    chords_progression: ["Cm", "Cm", "Cm", "Cm", "Cm", "Cm", "Cm", "Cm", "Gm", "Gm", "Gm", "Gm", "Gm", "Gm", "Gm", "Gm", "Gm", "Gm", "Gm", "Gm", "Gm", "Gm", "Gm", "A#", "A#", "A#", "A#", "A#", "A#", "A#", "A#", "A#", "A#", "A#", "A#", "A#", "A#", "A#", "A#", "A#", "A#", "A#", "A#", "A#", "A#", "A#", "A#", "A#", "A#", "A#", "F", "F", "F", "F", "F", "F", "F", "F", "F", "F", "F", "F", "F", "F", "F", "F", "F", "F", "F", "F", "F", "F", "F", "F", "F", "F", "F", "F", "F", "F", "F", "F", "F", "F", "F", "F", "F", "F", "F", "F", "F", "F", "F", "F", "F", "F", "F", "F", "F", "F", "F", "F", "F", "F", "F", "F", "F", "F", "F", "F", "F", "F", "F", "F", "F", "F", "F", "F", "F", "F", "F", "F", "F", "F", "F", "F", "F", "F", "F", "F", "F", "F", "F", "F", "F", "F", "F", "F", "F", "F", "F", "F", "F", "F", "F", "F", "F", "F", "F", "F", "F", "F", "C", "C", "C", "C", "C", "C", "C", "C", "C", "C", "C", "C", "Am", "Am", "Am", "Am", "Am", "Am", "Am", "Am", "Am", "Am", "Am", "Am", "Am", "Am", "Am", "Am", "Am", "Am", "Am", "Am", "Am", "Am", "Am", "Am", "Am", "Am", "Am", "Am", "Am", "Am", "Am", "Am", "Am", "Am", "Am", "Am", "F", "F", "F", "F", "F", "F", "F", "F", "F", "F", "F", "F", "F", "F", "F", "F"]
