
metadata:
    version:
        essentia: "1.2.2"
    audio_properties:
        analysis_sample_rate: 44100
        bitrate: 128
        channels: 2
        equal_loudness: 1
        length: 10.0048980713
        replay_gain: -10.7589511871
        downmix: "mix"
    tags:
        track: 3
        year: 0
        album: "Splitted by Mp3Splt v. 2.1"
        artist: "From 000.20 To 000.30"
        comment: "http://mp3splt.sf.net"
        genre: ""
        title: "11 Asshole.mp3"

highlevel:
    ballroom:
        all:
            ChaChaCha: 0.00212572515011
            Jive: 0.00232005026191
            Quickstep: 0.0191906578839
            Rumba-American: 0.0119837066159
            Rumba-International: 0.248237207532
            Rumba-Misc: 0.238586485386
            Samba: 0.00409197201952
            Tango: 0.0100651197135
            VienneseWaltz: 0.0944777056575
            Waltz: 0.368921369314
        probability: 0.368921369314
        value: "Waltz"
    culture:
        all:
            non_western: 0.0574072375894
            western: 0.942592740059
        probability: 0.942592740059
        value: "western"
    gender:
        all:
            female: 0.0693385899067
            male: 0.930661439896
        probability: 0.930661439896
        value: "male"
    genre_dortmund:
        all:
            alternative: 0.0624044947326
            blues: 0.0447882525623
            electronic: 0.00399684207514
            folkcountry: 0.661491513252
            funksoulrnb: 0.0110100964084
            jazz: 0.0762446075678
            pop: 0.0918503031135
            raphiphop: 0.00196231505834
            rock: 0.0462515726686
        probability: 0.661491513252
        value: "folkcountry"
    genre_electronica:
        all:
            ambient: 0.91407752037
            dnb: 0.00225561647676
            house: 0.0689184740186
            techno: 0.00480821263045
            trance: 0.00994015857577
        probability: 0.91407752037
        value: "ambient"
    genre_rosamerica:
        all:
            cla: 0.113082766533
            dan: 0.00571619858965
            hip: 0.00468497676775
            jaz: 0.559714078903
            pop: 0.059309002012
            rhy: 0.229719519615
            roc: 0.0161442626268
            spe: 0.0116292284802
        probability: 0.559714078903
        value: "jaz"
    genre_tzanetakis:
        all:
            blu: 0.0602045953274
            cla: 0.0491512641311
            cou: 0.425832539797
            dis: 0.0113421874121
            hip: 0.00532589619979
            jaz: 0.110148988664
            met: 0.00540776271373
            pop: 0.0918758139014
            reg: 0.113438799977
            roc: 0.12727214396
        probability: 0.425832539797
        value: "cou"
    live_studio:
        all:
            live: 0.200881302357
            studio: 0.799118697643
        probability: 0.799118697643
        value: "studio"
    mood:
        all:
            Cluster1: 0.20348085463
            Cluster2: 0.231742888689
            Cluster3: 0.437295645475
            Cluster4: 0.10166066885
            Cluster5: 0.025819953531
        probability: 0.437295645475
        value: "Cluster3"
    mood_acoustic:
        all:
            acoustic: 0.997904479504
            not_acoustic: 0.0020955093205
        probability: 0.997904479504
        value: "acoustic"
    mood_aggressive:
        all:
            aggressive: 1.49193581933e-07
            not_aggressive: 0.999999821186
        probability: 0.999999821186
        value: "not_aggressive"
    mood_electronic:
        all:
            electronic: 0.0103029711172
            not_electronic: 0.989697039127
        probability: 0.989697039127
        value: "not_electronic"
    mood_happy:
        all:
            happy: 0.107935652137
            not_happy: 0.892064332962
        probability: 0.892064332962
        value: "not_happy"
    mood_party:
        all:
            not_party: 0.978238165379
            party: 0.0217618346214
        probability: 0.978238165379
        value: "not_party"
    mood_relaxed:
        all:
            not_relaxed: 0.0483741238713
            relaxed: 0.951625883579
        probability: 0.951625883579
        value: "relaxed"
    mood_sad:
        all:
            not_sad: 0.0653996765614
            sad: 0.934600293636
        probability: 0.934600293636
        value: "sad"
    rhythm:
        all:
            fast: 0.00785470753908
            medium: 0.615034878254
            slow: 0.377110421658
        probability: 0.615034878254
        value: "medium"
    speech_music:
        all:
            music: 0.998973608017
            speech: 0.0010263727745
        probability: 0.998973608017
        value: "music"
    timbre:
        all:
            bright: 0.923252463341
            dark: 0.0767475292087
        probability: 0.923252463341
        value: "bright"
    voice_instrumental:
        all:
            instrumental: 0.00227283709683
            voice: 0.997727155685
        probability: 0.997727155685
        value: "voice"

lowlevel:
    average_loudness: 0.852644264698
    barkbands_kurtosis:
        dmean: 7.02595615387
        dmean2: 9.91877555847
        dvar: 67.3646697998
        dvar2: 127.185256958
        max: 87.0599060059
        mean: 19.1759738922
        min: -1.90407681465
        var: 248.053634644
    barkbands_skewness:
        dmean: 0.724878311157
        dmean2: 1.04423964024
        dvar: 0.612146556377
        dvar2: 1.22439467907
        max: 8.19029331207
        mean: 3.10480213165
        min: -2.48154997826
        var: 2.62057781219
    barkbands_spread:
        dmean: 3.65167951584
        dmean2: 5.59214115143
        dvar: 52.8856010437
        dvar2: 118.981002808
        max: 65.3326950073
        mean: 8.4704875946
        min: 1.20955574512
        var: 84.6264801025
    dissonance:
        dmean: 0.0346759296954
        dmean2: 0.0550301298499
        dvar: 0.000835620332509
        dvar2: 0.00214090710506
        max: 0.499511361122
        mean: 0.402370661497
        min: 0.228689789772
        var: 0.00250358833
    hfc:
        dmean: 0.551719069481
        dmean2: 0.750946879387
        dvar: 1.65781712532
        dvar2: 2.52958774567
        max: 21.541841507
        mean: 1.90459573269
        min: 0.011242730543
        var: 6.9898724556
    pitch:
        dmean: 152.277511597
        dmean2: 287.670135498
        dvar: 487122.53125
        dvar2: 1113298.75
        max: 5512.5
        mean: 384.255218506
        min: 49.21875
        var: 657891.9375
    pitch_instantaneous_confidence:
        dmean: 0.0744766592979
        dmean2: 0.112161144614
        dvar: 0.00572331110016
        dvar2: 0.012951977551
        max: 0.917572975159
        mean: 0.61275690794
        min: 0.192663550377
        var: 0.0285863783211
    pitch_salience:
        dmean: 0.0577153302729
        dmean2: 0.0914275869727
        dvar: 0.00289876735769
        dvar2: 0.00741154374555
        max: 0.819737255573
        mean: 0.541500270367
        min: 0.194185853004
        var: 0.0137124275789
    silence_rate_20dB:
        dmean: 0
        dmean2: 0
        dvar: 0
        dvar2: 0
        max: 1
        mean: 1
        min: 1
        var: 0
    silence_rate_30dB:
        dmean: 0
        dmean2: 0
        dvar: 0
        dvar2: 0
        max: 1
        mean: 1
        min: 1
        var: 0
    silence_rate_60dB:
        dmean: 0.0881670564413
        dmean2: 0.176744192839
        dvar: 0.0803941339254
        dvar2: 0.15945841372
        max: 1
        mean: 0.620370388031
        min: 0
        var: 0.235510855913
    spectral_centroid:
        dmean: 116.083457947
        dmean2: 167.308517456
        dvar: 83283.640625
        dvar2: 132460.84375
        max: 3830.42675781
        mean: 515.516845703
        min: 159.296569824
        var: 241883.359375
    spectral_complexity:
        dmean: 1.08837211132
        dmean2: 1.66666662693
        dvar: 1.39684009552
        dvar2: 2.93084788322
        max: 18
        mean: 4.97679805756
        min: 0
        var: 9.52613449097
    spectral_crest:
        dmean: 2.48239684105
        dmean2: 3.845941782
        dvar: 5.83702135086
        dvar2: 14.176024437
        max: 24.7908630371
        mean: 13.64311409
        min: 3.41795945168
        var: 22.3982334137
    spectral_decrease:
        dmean: 2.14294818002e-10
        dmean2: 3.14336501273e-10
        dvar: 8.09154085184e-20
        dvar2: 1.63374607478e-19
        max: -9.24476554337e-12
        mean: -8.10702449616e-10
        min: -3.51931217502e-09
        var: 5.58538250689e-19
    spectral_energy:
        dmean: 0.000851103803143
        dmean2: 0.00124276347924
        dvar: 1.26116083266e-06
        dvar2: 2.53654934568e-06
        max: 0.0138234291226
        mean: 0.00323252961971
        min: 3.59116202162e-05
        var: 8.91888612387e-06
    spectral_energyband_high:
        dmean: 3.75270465156e-05
        dmean2: 5.40357577847e-05
        dvar: 4.44571490732e-08
        dvar2: 6.56159997448e-08
        max: 0.00401505781338
        mean: 6.02135187364e-05
        min: 5.39323075088e-08
        var: 7.70150094809e-08
    spectral_energyband_low:
        dmean: 5.66994858673e-05
        dmean2: 8.69156065164e-05
        dvar: 4.03248634484e-09
        dvar2: 1.15528617783e-08
        max: 0.000575933954678
        mean: 0.000127771039843
        min: 5.72805447518e-07
        var: 6.11059247646e-09
    spectral_energyband_middle_high:
        dmean: 9.3850743724e-05
        dmean2: 0.000128190033138
        dvar: 3.9073110969e-08
        dvar2: 7.2071443924e-08
        max: 0.00503304228187
        mean: 0.000320402497891
        min: 2.89738551373e-07
        var: 5.11536882186e-07
    spectral_energyband_middle_low:
        dmean: 0.00079359638039
        dmean2: 0.00117076619063
        dvar: 1.21882328585e-06
        dvar2: 2.49218078352e-06
        max: 0.0134031968191
        mean: 0.00272414367646
        min: 3.43639003404e-05
        var: 7.13953113518e-06
    spectral_flatness_db:
        dmean: 0.0248417407274
        dmean2: 0.0341466143727
        dvar: 0.000626516819466
        dvar2: 0.00114993460011
        max: 0.37407553196
        mean: 0.255848199129
        min: 0.122959211469
        var: 0.00300105661154
    spectral_flux:
        dmean: 0.00709136435762
        dmean2: 0.0114744752645
        dvar: 6.32613955531e-05
        dvar2: 0.000176253364771
        max: 0.0715949982405
        mean: 0.0207875650376
        min: 0.00194998970255
        var: 0.000220403744606
    spectral_kurtosis:
        dmean: 4.01044988632
        dmean2: 5.76616811752
        dvar: 17.8439369202
        dvar2: 35.1332893372
        max: 61.3595809937
        mean: 10.3453245163
        min: -0.352245807648
        var: 84.3610610962
    spectral_rms:
        dmean: 0.000223640279728
        dmean2: 0.000309996423312
        dvar: 6.03222147788e-08
        dvar2: 1.06596338867e-07
        max: 0.00367236603051
        mean: 0.0015975452261
        min: 0.000187178331544
        var: 6.01537863076e-07
    spectral_rolloff:
        dmean: 200.909622192
        dmean2: 352.160522461
        dvar: 403650
        dvar2: 879884.5625
        max: 5167.96875
        mean: 674.774291992
        min: 193.798828125
        var: 713988.3125
    spectral_skewness:
        dmean: 0.460380673409
        dmean2: 0.611755251884
        dvar: 0.185107663274
        dvar2: 0.311863511801
        max: 6.41849422455
        mean: 2.57613015175
        min: 0.0766317397356
        var: 1.09415471554
    spectral_spread:
        dmean: 996789.375
        dmean2: 1261053.375
        dvar: 1.33421662208e+12
        dvar2: 2.0647739392e+12
        max: 13521670
        mean: 4497615.5
        min: 1483904.875
        var: 3.95348908442e+12
    spectral_strongpeak:
        dmean: 0.179797038436
        dmean2: 0.284383535385
        dvar: 0.0884774774313
        dvar2: 0.181087166071
        max: 3.37845826149
        mean: 0.461680293083
        min: 0.00436689984053
        var: 0.246170252562
    zerocrossingrate:
        dmean: 0.00662813428789
        dmean2: 0.00744372792542
        dvar: 0.000119768730656
        dvar2: 0.000116646755487
        max: 0.19140625
        mean: 0.0305362716317
        min: 0.005859375
        var: 0.000590036041103
    barkbands:
        dmean: [9.16945541718e-09, 4.61062791146e-06, 5.53012687305e-05, 9.11954193725e-05, 0.000490580801852, 0.000102474878076, 0.000350844726199, 6.5528183768e-05, 5.46815281268e-05, 3.05984394799e-05, 1.49884335769e-05, 1.30248281494e-05, 2.10017096833e-05, 2.2365271434e-05, 7.80607115303e-06, 2.89509148388e-06, 1.95849534066e-05, 1.18756961456e-05, 1.76556804945e-05, 3.48863941326e-05, 1.89436268556e-05, 3.7521226659e-06, 1.54941085384e-06, 5.21136826137e-07, 2.96445193726e-07, 1.83518586994e-08, 1.56477747426e-10]
        dmean2: [1.23327534851e-08, 6.69127894071e-06, 8.47384726512e-05, 0.000150332067278, 0.000700659642462, 0.00013454593136, 0.000509269710165, 7.34316781745e-05, 6.96247589076e-05, 4.20897486038e-05, 2.23005990847e-05, 1.88714002434e-05, 3.05038029182e-05, 3.09868009936e-05, 1.17169420264e-05, 4.53392476629e-06, 3.14543576678e-05, 1.70480034285e-05, 2.54001861322e-05, 4.70176564704e-05, 2.4814686185e-05, 5.56241911909e-06, 2.20648439608e-06, 7.20083562555e-07, 4.4789101139e-07, 2.77863705378e-08, 2.70561711924e-10]
        dvar: [6.58888167889e-15, 4.39029056165e-11, 3.87457976814e-09, 9.44902289746e-09, 5.50359231966e-07, 2.35602310994e-08, 7.14724876616e-07, 9.62404271831e-08, 3.59379761505e-08, 8.91274787307e-09, 2.64315480614e-09, 1.56755508574e-09, 3.06480441026e-09, 5.86091308818e-09, 6.44102771119e-10, 3.41388896319e-11, 5.91493032331e-09, 1.19641585528e-09, 4.7568495809e-09, 2.4812900179e-08, 1.19938858845e-08, 2.57757037936e-10, 4.23715680598e-11, 1.99101390756e-12, 4.18133382736e-13, 1.33819643666e-15, 2.21265230389e-19]
        dvar2: [6.61791712129e-15, 8.14581041508e-11, 1.11207976161e-08, 3.19093018675e-08, 1.13833834803e-06, 4.59541737996e-08, 1.45102796978e-06, 8.15779515051e-08, 5.3487287488e-08, 1.06844426639e-08, 6.98482560679e-09, 3.26644644666e-09, 6.61432819626e-09, 1.10476889859e-08, 1.58894586377e-09, 8.94898044557e-11, 1.66890714581e-08, 2.38922592821e-09, 9.16022635522e-09, 4.9800295443e-08, 1.75248473511e-08, 4.28314522738e-10, 7.48205317147e-11, 3.3341346177e-12, 9.23878378314e-13, 3.07045271742e-15, 3.33944393816e-19]
        max: [1.69479812939e-06, 5.81552558288e-05, 0.000556106620934, 0.000574397912715, 0.00646309042349, 0.00219486048445, 0.0110745038837, 0.00728088477626, 0.00334000471048, 0.00207787822001, 0.000928740832023, 0.000865825801156, 0.000794263964053, 0.00160537858028, 0.00041750233504, 6.13062948105e-05, 0.00122707826085, 0.000684374885168, 0.00145922019146, 0.00266046752222, 0.00222979299724, 0.000261204026174, 0.000111322835437, 2.31070171139e-05, 9.70616929408e-06, 2.40558790665e-07, 8.70655547658e-09]
        mean: [1.70485332518e-08, 2.1128287699e-05, 0.000106628111098, 0.000157687754836, 0.00105833634734, 0.000288388546323, 0.00094861339312, 0.000129975262098, 0.000120059950859, 6.19922648184e-05, 3.0480501664e-05, 2.74711801467e-05, 4.01523284381e-05, 4.66061683255e-05, 1.3639770259e-05, 4.9290770221e-06, 3.59337682312e-05, 2.3085891371e-05, 2.97594669973e-05, 5.35935578228e-05, 2.58472064161e-05, 4.95770245834e-06, 2.15216959987e-06, 7.47133469758e-07, 3.34397924462e-07, 1.65100377814e-08, 1.34367877935e-10]
        min: [1.32793784649e-11, 1.01593737867e-08, 4.80866958696e-07, 5.1194945172e-07, 5.67313691135e-06, 5.09527171744e-06, 4.77339199279e-07, 7.19335844224e-08, 6.21675155799e-08, 5.22799687985e-08, 8.81345663117e-09, 1.09163522666e-08, 1.02539310376e-08, 2.18420197484e-08, 2.81506729038e-09, 1.37542366385e-09, 8.31634050513e-09, 1.42233060885e-08, 2.6912289286e-08, 2.59026187166e-08, 1.11071418729e-08, 1.13354179376e-08, 2.49553822051e-09, 1.41993761194e-09, 1.26104104936e-09, 1.1851586379e-10, 1.55870122039e-13]
        var: [6.84233299495e-15, 2.82333517676e-10, 6.01714766901e-09, 1.35185986849e-08, 1.52376003371e-06, 9.95699167561e-08, 4.1680632421e-06, 3.79738935408e-07, 1.48391777088e-07, 3.8331190666e-08, 8.66241034458e-09, 8.53246273635e-09, 1.17335501315e-08, 2.27686047793e-08, 1.57149737667e-09, 7.73683964117e-11, 2.09404991125e-08, 3.98911437216e-09, 1.22028041005e-08, 4.09802503043e-08, 2.06502832611e-08, 4.0556852321e-10, 6.549916165e-11, 3.67238921564e-12, 4.9329165969e-13, 1.33113811112e-15, 2.13772861045e-19]
    mfcc:
        mean: [-834.903991699, 157.543228149, 3.24533820152, 49.3652992249, -18.2003631592, -4.79005050659, -3.0535171032, -17.4160385132, -16.7876358032, -10.0529670715, -10.6928873062, -6.99280786514, -7.87535333633]
        cov: [[6907.01953125, -1569.66796875, -1626.68017578, -661.636535645, -420.680297852, -540.193603516, -144.716293335, -183.914749146, -165.469284058, 178.491790771, 90.4227523804, 409.40057373, -63.6370010376], [-1569.66796875, 1276.5345459, 1.62733542919, -56.8907699585, 77.856010437, 26.5915088654, 15.2464342117, -6.07356262207, 24.7665424347, -31.1541061401, -25.6225814819, -36.5084152222, 29.2094593048], [-1626.68017578, 1.62733542919, 804.61706543, 259.089599609, 104.013092041, 171.320373535, 69.4430465698, 46.6549835205, 45.7318000793, -47.0500946045, -19.812789917, -131.008590698, 42.543636322], [-661.636535645, -56.8907699585, 259.089599609, 297.352386475, 31.9088668823, 63.811290741, 37.5382194519, 47.0817718506, 1.42298030853, -27.2273635864, -47.7532691956, -73.0403137207, 27.3283119202], [-420.680297852, 77.856010437, 104.013092041, 31.9088668823, 201.915802002, 58.3613128662, -9.45959949493, -13.883646965, 10.206820488, 22.2021808624, 14.7320775986, -69.1238479614, -22.942735672], [-540.193603516, 26.5915088654, 171.320373535, 63.811290741, 58.3613128662, 165.626296997, 17.6891498566, 33.6316337585, 26.7861537933, -18.7102680206, 3.52705025673, -59.8258552551, -11.8230714798], [-144.716293335, 15.2464342117, 69.4430465698, 37.5382194519, -9.45959949493, 17.6891498566, 90.5550765991, -0.863722980022, 17.4857540131, 1.65372300148, -2.46730995178, 1.17232584953, 13.8193101883], [-183.914749146, -6.07356262207, 46.6549835205, 47.0817718506, -13.883646965, 33.6316337585, -0.863722980022, 162.479873657, 24.1569766998, -28.7712554932, 20.2891540527, -21.8067512512, 9.06649971008], [-165.469284058, 24.7665424347, 45.7318000793, 1.42298030853, 10.206820488, 26.7861537933, 17.4857540131, 24.1569766998, 143.833129883, 32.7651138306, 25.4191207886, 18.2217845917, 1.2306240797], [178.491790771, -31.1541061401, -47.0500946045, -27.2273635864, 22.2021808624, -18.7102680206, 1.65372300148, -28.7712554932, 32.7651138306, 129.661804199, 34.6938438416, 22.7170143127, 6.36297416687], [90.4227523804, -25.6225814819, -19.812789917, -47.7532691956, 14.7320775986, 3.52705025673, -2.46730995178, 20.2891540527, 25.4191207886, 34.6938438416, 96.8991546631, 39.6002044678, -3.37452554703], [409.40057373, -36.5084152222, -131.008590698, -73.0403137207, -69.1238479614, -59.8258552551, 1.17232584953, -21.8067512512, 18.2217845917, 22.7170143127, 39.6002044678, 138.934417725, 29.9343757629], [-63.6370010376, 29.2094593048, 42.543636322, 27.3283119202, -22.942735672, -11.8230714798, 13.8193101883, 9.06649971008, 1.2306240797, 6.36297416687, -3.37452554703, 29.9343757629, 85.8247451782]]
        icov: [[0.000816951389425, 0.00100171216764, 0.00119155505672, 0.000777462206315, 0.000338539015502, 0.000727817823645, -0.000197460787604, 0.000202819544938, 0.000269737327471, -0.000245682022069, 1.75859131559e-05, -2.13147486647e-05, -0.000349785812432], [0.00100171216764, 0.00210836483166, 0.00155936786905, 0.00135779508855, -5.06376381963e-05, 0.00083439424634, -0.000512533995789, 0.00026165304007, 4.41793636128e-05, 7.83931682236e-05, 0.000319757469697, 0.000297891849186, -0.00112162414007], [0.00119155505672, 0.00155936786905, 0.00417099427432, -0.000189406506252, 0.000156779395184, -0.000163514210726, -0.00107470049988, 0.000927652581595, -0.000361895159585, 0.000567872601096, -0.00102464936208, 0.00161511544138, -0.00220056367107], [0.000777462206315, 0.00135779508855, -0.000189406506252, 0.00659149419516, -0.00021707455744, 0.000457248243038, -0.00147623289376, -0.00136700051371, 0.000540724722669, -0.000551102799363, 0.00276929163374, 0.000824464892503, -0.00164911430329], [0.000338539015502, -5.06376381963e-05, 0.000156779395184, -0.00021707455744, 0.00781085388735, -0.000924242078327, 0.00139137869701, 0.00188180850819, -0.000166944591911, -0.00140514585655, -0.00289325765334, 0.00376834976487, 0.000475975451991], [0.000727817823645, 0.00083439424634, -0.000163514210726, 0.000457248243038, -0.000924242078327, 0.00994702707976, -0.00107220746577, -0.000665399071295, -0.00105731573422, 0.000894633121789, -0.00124261912424, 0.00207750545815, 0.000732666754629], [-0.000197460787604, -0.000512533995789, -0.00107470049988, -0.00147623289376, 0.00139137869701, -0.00107220746577, 0.0129604497924, 0.00100923341233, -0.00121101096738, -0.000363713683328, -0.000276285136351, -0.000617036421318, -0.00068974198075], [0.000202819544938, 0.00026165304007, 0.000927652581595, -0.00136700051371, 0.00188180850819, -0.000665399071295, 0.00100923341233, 0.0086423093453, -0.00185105018318, 0.00252036354505, -0.00443144747987, 0.00316360383295, -0.00206529069692], [0.000269737327471, 4.41793636128e-05, -0.000361895159585, 0.000540724722669, -0.000166944591911, -0.00105731573422, -0.00121101096738, -0.00185105018318, 0.0089718317613, -0.00280723138712, 0.000195005501155, -0.00274148746394, 0.00143577717245], [-0.000245682022069, 7.83931682236e-05, 0.000567872601096, -0.000551102799363, -0.00140514585655, 0.000894633121789, -0.000363713683328, 0.00252036354505, -0.00280723138712, 0.0107455095276, -0.00396844837815, 0.00127692602109, -0.00213274732232], [1.75859131559e-05, 0.000319757469697, -0.00102464936208, 0.00276929163374, -0.00289325765334, -0.00124261912424, -0.000276285136351, -0.00443144747987, 0.000195005501155, -0.00396844837815, 0.0172593295574, -0.00698136212304, 0.00250338413753], [-2.13147486647e-05, 0.000297891849186, 0.00161511544138, 0.000824464892503, 0.00376834976487, 0.00207750545815, -0.000617036421318, 0.00316360383295, -0.00274148746394, 0.00127692602109, -0.00698136212304, 0.016007181257, -0.00603455211967], [-0.000349785812432, -0.00112162414007, -0.00220056367107, -0.00164911430329, 0.000475975451991, 0.000732666754629, -0.00068974198075, -0.00206529069692, 0.00143577717245, -0.00213274732232, 0.00250338413753, -0.00603455211967, 0.0162880942225]]
    spectral_contrast:
        mean: [1.277143582e-07, 2.67143462906e-07, -2.69284043952e-07, 5.5628696316e-08, -2.19921773237e-07, -2.36828192612e-08, 5.20123137449e-07, 2.83865392703e-06, -7.58818316626e-07, -3.31870637638e-07, 3.96944824388e-06, -1.02724663975e-06]
        var: [0.000456075067632, 0.00134396436624, 0.00142445112579, 0.00267463573255, 0.00397961772978, 0.00961172394454, 0.0632142350078, 0.0999473929405, 0.154990464449, 0.465512305498, 0.490694284439, 2.91530776024]

rhythm:
    beats_loudness:
        dmean: 0.00269320234656
        dmean2: 0.00454534823075
        dvar: 3.48636558556e-06
        dvar2: 1.07169835246e-05
        max: 0.0131848808378
        mean: 0.00435636704788
        min: 0.000652649847325
        var: 1.15799211926e-05
    beats_loudness_bass:
        dmean: 0.0944517105818
        dmean2: 0.161183670163
        dvar: 0.00700280722231
        dvar2: 0.0195767730474
        max: 0.379431307316
        mean: 0.121565356851
        min: 0.0147732282057
        var: 0.0105860317126
    bpm: 92.8514862061
    bpm_confidence: 0
    first_peak_bpm: 177
    first_peak_spread: 0
    first_peak_weight: 0.5
    onset_rate: 3.99804162979
    second_peak_bpm: 93
    second_peak_spread: 0
    second_peak_weight: 0.449999988079
    beats_position: [0.031984820962, 0.678189218044, 1.32439363003, 1.97059798241, 2.61680221558, 3.26300668716, 3.90921092033, 4.5554151535, 5.20161962509, 5.84782361984, 6.36757659912, 6.70648145676, 7.04538679123, 7.3842921257, 7.72319698334, 8.06210327148, 8.40100765228, 8.73991298676, 9.07881832123, 9.4177236557, 9.7566280365]
    bpm_estimates: [92.9316329956, 92.2037734985, 93.1932067871, 93.0773239136]
    bpm_intervals: [0.646204411983, 0.646204411983, 0.646204352379, 0.64620423317, 0.646204471588, 0.64620423317, 0.64620423317, 0.646204471588, 0.646203994751, 0.519752979279, 0.338904857635, 0.338905334473, 0.338905334473, 0.338904857635, 0.338906288147, 0.338904380798, 0.338905334473, 0.338905334473, 0.338905334473, 0.338904380798]
    onset_times: [0.0464399084449, 0.359909296036, 0.650158703327, 0.975238084793, 1.31192743778, 1.63700675964, 1.96208620071, 2.31038546562, 2.60063481331, 2.82122445107, 3.03020405769, 3.19274377823, 3.35528349876, 3.44816327095, 3.5758728981, 3.86612248421, 3.97061228752, 4.00544214249, 4.59755086899, 4.91102027893, 5.1780500412, 5.34058952332, 5.4334692955, 5.61922883987, 5.97913837433, 6.57124710083, 6.65251684189, 7.02403640747, 7.32589578629, 7.69741487503, 8.0224943161, 8.2198638916, 8.38240337372, 8.4172334671, 8.57977294922, 8.75392246246, 8.88163280487, 9.13705253601, 9.35764217377, 9.71755123138]
    rubato_start: [6.70648145676]
    rubato_stop: [9.7566280365]
    perceptual_tempo: "unknown"

sfx:
    inharmonicity:
        dmean: 0.0191620513797
        dmean2: 0.0338280834258
        dvar: 0.000785360927694
        dvar2: 0.00236958032474
        max: 0.262206166983
        mean: 0.0163136664778
        min: 0
        var: 0.00070248299744
    oddtoevenharmonicenergyratio:
        dmean: 10.0824775696
        dmean2: 19.7437076569
        dvar: 8344.5703125
        dvar2: 25084.6660156
        max: 1336.43713379
        mean: 5.88374996185
        min: 0
        var: 4191.47412109
    pitch_after_max_to_before_max_energy_ratio: 0.594435870647
    pitch_centroid: 214.02796936
    pitch_max_to_total: 0.512760996819
    pitch_min_to_total: 0.0580046400428
    tristimulus:
        dmean: [0.240683585405, 0.239819049835, 0.0454527400434]
        dmean2: [0.435907900333, 0.439737290144, 0.0796304643154]
        dvar: [0.062685020268, 0.0621509067714, 0.00661935377866]
        dvar2: [0.159230098128, 0.165234223008, 0.0208536405116]
        max: [1, 0.991711318493, 0.653956234455]
        mean: [0.549318194389, 0.387001097202, 0.0491150431335]
        min: [0.00405134772882, 0, 0]
        var: [0.0877599641681, 0.0821410790086, 0.00535019068047]

tonal:
    chords_changes_rate: 0.0506912432611
    chords_number_rate: 0.0276497695595
    chords_strength:
        dmean: 0.0101319113746
        dmean2: 0.00818315334618
        dvar: 7.56050358177e-05
        dvar2: 6.34958050796e-05
        max: 0.750990748405
        mean: 0.53572756052
        min: 0.268106281757
        var: 0.0151948221028
    key_strength: 0.683880746365
    tuning_diatonic_strength: 0.5598295331
    tuning_equal_tempered_deviation: 0.0874196439981
    tuning_frequency: 437.971466064
    tuning_nontempered_energy_ratio: 0.690422296524
    hpcp:
        dmean: [0.0915157198906, 0.0725927203894, 0.0813691616058, 0.0754192024469, 0.0955593660474, 0.107557326555, 0.132747933269, 0.119815871119, 0.13217766583, 0.136301368475, 0.0977457538247, 0.0706950053573, 0.0739162415266, 0.107189878821, 0.193194136024, 0.192174166441, 0.111967675388, 0.0252616070211, 0.0174015983939, 0.029774941504, 0.04000518471, 0.041394084692, 0.0338099189103, 0.0465908236802, 0.0525512471795, 0.0326008312404, 0.0182580333203, 0.0377625077963, 0.0629119202495, 0.100381329656, 0.106731131673, 0.0583507977426, 0.0207160804421, 0.0329171270132, 0.0459440462291, 0.0847500786185]
        dmean2: [0.149898558855, 0.121777132154, 0.143674731255, 0.128391310573, 0.166273847222, 0.167335599661, 0.223543703556, 0.223462238908, 0.227166503668, 0.239902570844, 0.17016030848, 0.120617710054, 0.138359934092, 0.180293142796, 0.301061481237, 0.290623188019, 0.171391859651, 0.0470955967903, 0.0321622975171, 0.053240776062, 0.0676698535681, 0.0663447454572, 0.0565052069724, 0.0824261978269, 0.0868398174644, 0.0484627895057, 0.0314644239843, 0.0695155933499, 0.104980185628, 0.157452076674, 0.155741676688, 0.0981346294284, 0.0385727360845, 0.061028547585, 0.0764896944165, 0.145101606846]
        dvar: [0.0276334322989, 0.0168746095151, 0.0253864806145, 0.0302631482482, 0.0226823594421, 0.0282155051827, 0.0514903143048, 0.0411320663989, 0.0441988930106, 0.0612569972873, 0.0359288714826, 0.0364820882678, 0.0354493297637, 0.0263581518084, 0.0393931083381, 0.0528307370842, 0.0141296433285, 0.00982788391411, 0.00746818678454, 0.00847298651934, 0.013569210656, 0.0104123232886, 0.00412033405155, 0.0139199197292, 0.0172222461551, 0.00999343488365, 0.00314069725573, 0.0158517267555, 0.0208989214152, 0.0259537678212, 0.0279827918857, 0.0154946809635, 0.00329040247016, 0.0122187435627, 0.0135140363127, 0.0296230111271]
        dvar2: [0.0654626339674, 0.0449132248759, 0.0706610754132, 0.070161819458, 0.053142439574, 0.0530214346945, 0.118230730295, 0.120642997324, 0.121357254684, 0.14763212204, 0.0824585929513, 0.0825517773628, 0.0928512811661, 0.0673172771931, 0.086160518229, 0.107915401459, 0.0311809442937, 0.028786085546, 0.0222013890743, 0.0233848057687, 0.0291173961014, 0.0231983959675, 0.00996162183583, 0.0339484922588, 0.0409363470972, 0.0173470396549, 0.00750353606418, 0.0444016382098, 0.0509507916868, 0.0634305179119, 0.0653482824564, 0.0442137792706, 0.00942458771169, 0.034715667367, 0.0328649803996, 0.068759791553]
        max: [1, 1, 1, 1, 1, 1, 1, 1, 1, 1, 1, 1, 1, 1, 1, 1, 0.883971571922, 1, 0.893569350243, 0.791467368603, 1, 1, 0.520792663097, 0.894305288792, 1, 1, 0.57171267271, 1, 1, 1, 1, 0.822423458099, 0.445786684752, 0.725192785263, 1, 1]
        mean: [0.14978595078, 0.0798030942678, 0.118990674615, 0.158185422421, 0.126783147454, 0.207335039973, 0.237809002399, 0.116891674697, 0.12600889802, 0.170507401228, 0.107869111001, 0.059854414314, 0.0552396252751, 0.0982159823179, 0.405809432268, 0.527742266655, 0.202090084553, 0.0180742051452, 0.0115984417498, 0.0230842400342, 0.0519707351923, 0.05027750507, 0.032930970192, 0.0495625697076, 0.0550578609109, 0.0322985611856, 0.0204177685082, 0.0283219721168, 0.0680644512177, 0.202024668455, 0.217519134283, 0.0730648413301, 0.0139918327332, 0.0219424962997, 0.0618943162262, 0.146645084023]
        min: [0.000161926524015, 0, 0, 1.36448761623e-05, 0.00026224902831, 0.000412560184486, 0.000369824381778, 0.000278564693872, 5.34948449058e-05, 4.11953078583e-05, 3.86210485885e-05, 3.49782567355e-05, 1.78427417268e-05, 0, 0.000281174870906, 0.000253482401604, 0.000421488715801, 6.44335741526e-05, 6.90304514137e-05, 5.11662838107e-05, 1.0958704479e-05, 0, 4.12903500546e-05, 0.000483178184368, 0.000391248351661, 6.09905400779e-05, 4.69326332677e-05, 4.41892188974e-05, 0, 0.000111818197183, 5.80649611948e-05, 0.000127812323626, 5.59974614589e-05, 3.31091650878e-05, 4.17655974161e-05, 0.000148818246089]
        var: [0.0606860332191, 0.0193868428469, 0.0632488131523, 0.10033082217, 0.0537502989173, 0.0843381509185, 0.1187800318, 0.0340997539461, 0.0532942712307, 0.097247056663, 0.0482622683048, 0.032005853951, 0.024539841339, 0.0265002716333, 0.109176471829, 0.154804423451, 0.0305011160672, 0.00538303889334, 0.00390897411853, 0.00698837451637, 0.0266751404852, 0.0187110975385, 0.00472441269085, 0.0138493115082, 0.0174996424466, 0.0110785290599, 0.00364630063996, 0.0101453876123, 0.0216683521867, 0.0783249661326, 0.0839617997408, 0.0138873280957, 0.00190997507889, 0.00781646277755, 0.0272825714201, 0.0729242637753]
    chords_histogram: [51.1520729065, 0, 0.921658992767, 0, 0, 0, 0, 0, 0, 0, 0, 0, 0, 0, 0, 0, 0, 11.9815664291, 8.75576019287, 1.84331798553, 9.67741966248, 15.6682024002, 0, 0]
    thpcp: [1, 0.382933288813, 0.0342481657863, 0.0219774730504, 0.0437415018678, 0.0984774902463, 0.0952690541744, 0.0623997226357, 0.0939143449068, 0.104327179492, 0.061201389879, 0.0386889018118, 0.0536662936211, 0.128972902894, 0.382809340954, 0.412169247866, 0.138447955251, 0.0265126246959, 0.0415780544281, 0.117281332612, 0.277872532606, 0.283824056387, 0.151216030121, 0.225471183658, 0.299739927053, 0.240236863494, 0.392871767282, 0.450615793467, 0.22149387002, 0.238769769669, 0.323088407516, 0.204397335649, 0.11341599375, 0.104671597481, 0.186105966568, 0.768953800201]
    chords_key: "G"
    chords_scale: "major"
    key_key: "G"
    key_scale: "major"
    chords_progression: ["G", "G", "G", "G", "G", "G", "G", "G", "G", "G", "G", "G", "G", "G", "G", "G", "G", "G", "G", "G", "G", "G", "G", "G", "G", "G", "G", "G", "G", "G", "G", "G", "G", "G", "G", "G", "G", "G", "G", "G", "G", "G", "G", "G", "G", "G", "Gm", "Gm", "Gm", "Gm", "Gm", "Gm", "Gm", "Gm", "Gm", "Gm", "Gm", "Gm", "Gm", "Gm", "Gm", "Gm", "Gm", "Gm", "Gm", "Gm", "Gm", "Gm", "Gm", "Gm", "Gm", "Gm", "A#", "A#", "A#", "Am", "Am", "Am", "Am", "A#", "A#", "Am", "Am", "Am", "Am", "Am", "Am", "Am", "Am", "Am", "Am", "Am", "Am", "Am", "Am", "Am", "Am", "Am", "Dm", "Dm", "Dm", "Dm", "D", "D", "G", "G", "G", "G", "G", "G", "G", "G", "G", "G", "G", "G", "G", "G", "G", "G", "G", "G", "G", "G", "G", "G", "G", "G", "G", "G", "G", "G", "G", "G", "G", "G", "G", "G", "G", "G", "G", "G", "G", "G", "G", "G", "G", "G", "G", "G", "G", "G", "G", "G", "G", "G", "G", "G", "G", "G", "G", "G", "G", "G", "G", "G", "G", "G", "G", "A#", "A#", "A#", "A#", "A#", "A#", "A#", "A#", "A#", "A#", "A#", "A#", "A#", "A#", "F", "F", "F", "F", "F", "F", "F", "F", "F", "F", "F", "F", "F", "F", "F", "F", "F", "F", "F", "F", "F", "Am", "Am", "Am", "Am", "Am", "Am", "Am", "Am", "Am", "Am", "Am", "Am", "Am"]
