
metadata:
    version:
        essentia: "1.2.2"
    audio_properties:
        analysis_sample_rate: 44100
        bitrate: 128
        channels: 2
        equal_loudness: 1
        length: 10.2138776779
        replay_gain: -11.0284175873
        downmix: "mix"
    tags:
        track: 25
        year: 0
        album: "Splitted by Mp3Splt v. 2.1"
        artist: "From 004.00 To 004.10"
        comment: "http://mp3splt.sf.net"
        genre: ""
        title: "04 Universal Traveler.mp3"

highlevel:
    ballroom:
        all:
            ChaChaCha: 0.0804189145565
            Jive: 0.0105886859819
            Quickstep: 0.0154340825975
            Rumba-American: 0.0154272485524
            Rumba-International: 0.174815475941
            Rumba-Misc: 0.386799067259
            Samba: 0.00894477963448
            Tango: 0.0221571959555
            VienneseWaltz: 0.0960205122828
            Waltz: 0.189394026995
        probability: 0.386799067259
        value: "Rumba-Misc"
    culture:
        all:
            non_western: 0.592142403126
            western: 0.407857626677
        probability: 0.592142403126
        value: "non_western"
    gender:
        all:
            female: 0.690027832985
            male: 0.309972137213
        probability: 0.690027832985
        value: "female"
    genre_dortmund:
        all:
            alternative: 0.0364197902381
            blues: 0.00553763099015
            electronic: 0.083774112165
            folkcountry: 0.052766840905
            funksoulrnb: 0.0182339232415
            jazz: 0.698870420456
            pop: 0.0668579190969
            raphiphop: 0.000631358067039
            rock: 0.0369080044329
        probability: 0.698870420456
        value: "jazz"
    genre_electronica:
        all:
            ambient: 0.975123882294
            dnb: 0.00196460378356
            house: 0.0158217791468
            techno: 0.00354245956987
            trance: 0.00354726961814
        probability: 0.975123882294
        value: "ambient"
    genre_rosamerica:
        all:
            cla: 0.170594289899
            dan: 0.0236993730068
            hip: 0.00920497905463
            jaz: 0.326432734728
            pop: 0.0932028517127
            rhy: 0.108500786126
            roc: 0.25485548377
            spe: 0.0135094923899
        probability: 0.326432734728
        value: "jaz"
    genre_tzanetakis:
        all:
            blu: 0.142641529441
            cla: 0.135409191251
            cou: 0.168961897492
            dis: 0.0346084013581
            hip: 0.0155442655087
            jaz: 0.222624689341
            met: 0.0214215349406
            pop: 0.0617056190968
            reg: 0.0491918176413
            roc: 0.147891059518
        probability: 0.222624689341
        value: "jaz"
    live_studio:
        all:
            live: 0.143908664584
            studio: 0.856091320515
        probability: 0.856091320515
        value: "studio"
    mood:
        all:
            Cluster1: 0.195066079497
            Cluster2: 0.151229694486
            Cluster3: 0.497883677483
            Cluster4: 0.122852571309
            Cluster5: 0.0329679809511
        probability: 0.497883677483
        value: "Cluster3"
    mood_acoustic:
        all:
            acoustic: 0.8125872612
            not_acoustic: 0.1874127388
        probability: 0.8125872612
        value: "acoustic"
    mood_aggressive:
        all:
            aggressive: 9.36483411351e-06
            not_aggressive: 0.999990642071
        probability: 0.999990642071
        value: "not_aggressive"
    mood_electronic:
        all:
            electronic: 0.460814028978
            not_electronic: 0.539185941219
        probability: 0.539185941219
        value: "not_electronic"
    mood_happy:
        all:
            happy: 0.0968967303634
            not_happy: 0.903103291988
        probability: 0.903103291988
        value: "not_happy"
    mood_party:
        all:
            not_party: 0.981660068035
            party: 0.0183399282396
        probability: 0.981660068035
        value: "not_party"
    mood_relaxed:
        all:
            not_relaxed: 0.0615258477628
            relaxed: 0.938474178314
        probability: 0.938474178314
        value: "relaxed"
    mood_sad:
        all:
            not_sad: 0.085725940764
            sad: 0.914274036884
        probability: 0.914274036884
        value: "sad"
    rhythm:
        all:
            fast: 0.0168112181127
            medium: 0.91837233305
            slow: 0.0648164600134
        probability: 0.91837233305
        value: "medium"
    speech_music:
        all:
            music: 0.999999880791
            speech: 1.00000008274e-07
        probability: 0.999999880791
        value: "music"
    timbre:
        all:
            bright: 0.798342108727
            dark: 0.201657891273
        probability: 0.798342108727
        value: "bright"
    voice_instrumental:
        all:
            instrumental: 0.991817057133
            voice: 0.00818293169141
        probability: 0.991817057133
        value: "instrumental"

lowlevel:
    average_loudness: 0.967043817043
    barkbands_kurtosis:
        dmean: 8.20767593384
        dmean2: 13.3935337067
        dvar: 109.898994446
        dvar2: 298.237518311
        max: 148.714508057
        mean: 22.8523044586
        min: 0.552317619324
        var: 440.733154297
    barkbands_skewness:
        dmean: 0.66665238142
        dmean2: 1.05098307133
        dvar: 0.419273972511
        dvar2: 1.1567299366
        max: 9.4738445282
        mean: 2.9033203125
        min: -1.22113132477
        var: 3.84257888794
    barkbands_spread:
        dmean: 1.01592111588
        dmean2: 1.58997189999
        dvar: 2.10760140419
        dvar2: 5.28741073608
        max: 21.6637573242
        mean: 3.44446492195
        min: 0.735821127892
        var: 8.03458595276
    dissonance:
        dmean: 0.0478272810578
        dmean2: 0.0803925395012
        dvar: 0.00163669534959
        dvar2: 0.00417768443003
        max: 0.498008400202
        mean: 0.361757725477
        min: 0.122631132603
        var: 0.00536589045078
    hfc:
        dmean: 0.377112954855
        dmean2: 0.561220169067
        dvar: 0.157099708915
        dvar2: 0.358848303556
        max: 5.37611484528
        mean: 1.58309161663
        min: 0.0163714010268
        var: 0.791127443314
    pitch:
        dmean: 70.78175354
        dmean2: 129.417709351
        dvar: 8963.56054688
        dvar2: 19810.6640625
        max: 787.5
        mean: 219.202453613
        min: 43.06640625
        var: 11210.7382812
    pitch_instantaneous_confidence:
        dmean: 0.0783264040947
        dmean2: 0.1250936836
        dvar: 0.00454789493233
        dvar2: 0.0117925480008
        max: 0.799252867699
        mean: 0.502064168453
        min: 0.161795914173
        var: 0.0160616207868
    pitch_salience:
        dmean: 0.0624500066042
        dmean2: 0.102834664285
        dvar: 0.00269733718596
        dvar2: 0.00717890355736
        max: 0.850255489349
        mean: 0.624410390854
        min: 0.327502816916
        var: 0.00697067147121
    silence_rate_20dB:
        dmean: 0
        dmean2: 0
        dvar: 0
        dvar2: 0
        max: 1
        mean: 1
        min: 1
        var: 0
    silence_rate_30dB:
        dmean: 0
        dmean2: 0
        dvar: 0
        dvar2: 0
        max: 1
        mean: 1
        min: 1
        var: 0
    silence_rate_60dB:
        dmean: 0.113636367023
        dmean2: 0.227790430188
        dvar: 0.100722841918
        dvar2: 0.212347775698
        max: 1
        mean: 0.353741496801
        min: 0
        var: 0.228607386351
    spectral_centroid:
        dmean: 32.9619293213
        dmean2: 51.2921485901
        dvar: 1675.78649902
        dvar2: 4401.65966797
        max: 832.927062988
        mean: 348.649780273
        min: 211.681976318
        var: 6498.40917969
    spectral_complexity:
        dmean: 0.943052411079
        dmean2: 1.72146117687
        dvar: 0.873748660088
        dvar2: 2.14616012573
        max: 10
        mean: 5.70909070969
        min: 0
        var: 2.51083254814
    spectral_crest:
        dmean: 2.3303258419
        dmean2: 3.79157423973
        dvar: 3.89970064163
        dvar2: 12.2992448807
        max: 23.8936576843
        mean: 13.3115358353
        min: 6.19687223434
        var: 12.3275022507
    spectral_decrease:
        dmean: 3.28691851514e-10
        dmean2: 5.09485953426e-10
        dvar: 1.17243235855e-19
        dvar2: 3.0446429717e-19
        max: -4.81432645486e-12
        mean: -1.19007981247e-09
        min: -3.70998187726e-09
        var: 4.4554000234e-19
    spectral_energy:
        dmean: 0.00127348012757
        dmean2: 0.00197207112797
        dvar: 1.75826824034e-06
        dvar2: 4.55037070424e-06
        max: 0.0144899254665
        mean: 0.00463522458449
        min: 1.96553046408e-05
        var: 6.73541489959e-06
    spectral_energyband_high:
        dmean: 2.71725320999e-06
        dmean2: 4.08715777667e-06
        dvar: 1.46267806894e-11
        dvar2: 2.93409532781e-11
        max: 6.2816136051e-05
        mean: 1.00093284345e-05
        min: 2.20481966018e-09
        var: 1.11897123511e-10
    spectral_energyband_low:
        dmean: 5.70054617128e-05
        dmean2: 7.48284073779e-05
        dvar: 2.21790781296e-08
        dvar2: 3.8527698365e-08
        max: 0.0021527800709
        mean: 0.000218687593588
        min: 1.03147431219e-06
        var: 1.10731491532e-07
    spectral_energyband_middle_high:
        dmean: 3.55774645868e-05
        dmean2: 5.61047054362e-05
        dvar: 3.39352235201e-09
        dvar2: 8.21897927494e-09
        max: 0.000735154200811
        mean: 9.92102141026e-05
        min: 1.33295145588e-06
        var: 1.20229595169e-08
    spectral_energyband_middle_low:
        dmean: 0.0012544131605
        dmean2: 0.00195577554405
        dvar: 1.74351089299e-06
        dvar2: 4.52257836514e-06
        max: 0.0142191722989
        mean: 0.00430730357766
        min: 1.17115723697e-05
        var: 6.63295122649e-06
    spectral_flatness_db:
        dmean: 0.0224778670818
        dmean2: 0.0349315777421
        dvar: 0.000371729431208
        dvar2: 0.000883525121026
        max: 0.523982226849
        mean: 0.314222633839
        min: 0.131623923779
        var: 0.00738637382165
    spectral_flux:
        dmean: 0.00704600103199
        dmean2: 0.0117558278143
        dvar: 5.55447113584e-05
        dvar2: 0.000139386305818
        max: 0.0676538571715
        mean: 0.0244831107557
        min: 0.00443343026564
        var: 0.00015176855959
    spectral_kurtosis:
        dmean: 16.6234359741
        dmean2: 27.1580276489
        dvar: 1217.8737793
        dvar2: 3464.74121094
        max: 488.336029053
        mean: 70.7831802368
        min: -0.0842063426971
        var: 12955.7382812
    spectral_rms:
        dmean: 0.000286221707938
        dmean2: 0.000442176213255
        dvar: 7.25452835582e-08
        dvar2: 1.85971600786e-07
        max: 0.0037598554045
        mean: 0.00204735831358
        min: 0.000138477102155
        var: 3.30494287937e-07
    spectral_rolloff:
        dmean: 45.1755828857
        dmean2: 79.3483581543
        dvar: 4825.64648438
        dvar2: 13775.3535156
        max: 839.794921875
        mean: 425.722076416
        min: 236.865234375
        var: 14525.6162109
    spectral_skewness:
        dmean: 0.656630396843
        dmean2: 1.02436733246
        dvar: 1.12194502354
        dvar2: 2.92117667198
        max: 18.5902328491
        mean: 5.5494966507
        min: 0.870577573776
        var: 19.3168945312
    spectral_spread:
        dmean: 434987.09375
        dmean2: 612742
        dvar: 1.18321210982e+12
        dvar2: 1.21321894707e+12
        max: 23533970
        mean: 3303696.5
        min: 231792.546875
        var: 5.09370328678e+12
    spectral_strongpeak:
        dmean: 0.165072619915
        dmean2: 0.270490646362
        dvar: 0.036213375628
        dvar2: 0.0871228501201
        max: 2.42303824425
        mean: 0.467183470726
        min: 0.0101971067488
        var: 0.0807219743729
    zerocrossingrate:
        dmean: 0.00263382680714
        dmean2: 0.00350603763945
        dvar: 1.05267026811e-05
        dvar2: 1.37633733175e-05
        max: 0.0771484375
        mean: 0.0207097828388
        min: 0.00537109375
        var: 6.67954736855e-05
    barkbands:
        dmean: [1.93063016241e-07, 2.63764686679e-05, 3.61876154784e-05, 0.000106389408757, 0.000755519547965, 0.000622043386102, 0.00011827533308, 7.86101081758e-05, 8.60904692672e-05, 3.65360610886e-05, 5.46266937818e-06, 3.7586853523e-06, 1.04521077446e-05, 8.50436299515e-06, 7.62011381994e-07, 2.1273983748e-06, 2.74093531516e-06, 1.97881718123e-06, 2.03760851036e-06, 1.5223530454e-06, 1.5529559505e-06, 8.42504732645e-07, 1.01535157171e-07, 6.410000708e-08, 4.57709710133e-08, 5.0628181647e-09, 5.21976017964e-10]
        dmean2: [2.65900922614e-07, 3.50219816028e-05, 4.84431293444e-05, 0.000177363559487, 0.00122854241636, 0.00085396587383, 0.000141312018968, 0.000118768577522, 0.000139198469697, 5.74950427108e-05, 9.09022037376e-06, 6.20956598141e-06, 1.73517073563e-05, 1.34632991831e-05, 1.25811277485e-06, 3.66856488654e-06, 4.49361050414e-06, 3.17550734508e-06, 3.49783158526e-06, 2.41648444899e-06, 2.42263058681e-06, 1.32395530272e-06, 1.43871531577e-07, 1.02238224997e-07, 5.95138089921e-08, 7.53957607458e-09, 6.68810729021e-10]
        dvar: [2.0417683115e-13, 4.28603463831e-09, 8.98618512934e-09, 2.86616952394e-08, 8.85115582605e-07, 6.01616079621e-07, 1.82356725276e-08, 2.06176338224e-08, 3.96334698394e-08, 9.47213152358e-09, 9.0358651117e-11, 4.02901323415e-11, 3.29534122212e-10, 3.86699089416e-10, 1.75112940641e-12, 6.22530429983e-11, 4.25333379628e-11, 2.83078022828e-11, 8.45059612564e-12, 4.67575804464e-12, 5.45587837061e-12, 2.91757048208e-12, 8.16341352156e-14, 2.37318472437e-14, 8.47969850397e-15, 1.55989124345e-16, 4.83166684442e-17]
        dvar2: [3.29237830575e-13, 7.98278954051e-09, 1.66194720208e-08, 1.03713752253e-07, 2.84246789306e-06, 1.31247270474e-06, 3.5891712713e-08, 4.73954884228e-08, 1.01058091673e-07, 2.12527240251e-08, 2.61561550197e-10, 1.04793784761e-10, 9.79776482168e-10, 8.40762570675e-10, 4.43124139812e-12, 1.73600411824e-10, 1.04999918482e-10, 6.11127121131e-11, 2.18233209281e-11, 1.21981418022e-11, 1.35043946511e-11, 5.82393898732e-12, 1.20098443451e-13, 5.01893008219e-14, 8.91311340462e-15, 2.66049951768e-16, 4.83483296094e-17]
        max: [6.46958324069e-06, 0.000909347145353, 0.00169523037039, 0.00138644874096, 0.00774788437411, 0.00863071251661, 0.00202820356935, 0.00192087912001, 0.00220447988249, 0.00142849958502, 9.95078662527e-05, 7.0943729952e-05, 0.000206363023608, 0.000396748655476, 1.59238752531e-05, 0.000153869157657, 6.71629895805e-05, 8.44301684992e-05, 2.60246415564e-05, 2.49635850196e-05, 2.78932238871e-05, 3.48307366949e-05, 5.62494278711e-06, 2.48835817729e-06, 1.76066828317e-06, 2.31889728752e-07, 1.46099864651e-07]
        mean: [5.6769118828e-07, 9.52528207563e-05, 0.000122886398458, 0.000189443308045, 0.00179224542808, 0.00162563205231, 0.000374372582883, 0.000155984496814, 0.000146295598825, 5.64381189179e-05, 9.2333266366e-06, 6.23579353487e-06, 1.68472852238e-05, 1.45115236592e-05, 1.25330223e-06, 3.54764665644e-06, 4.56543511973e-06, 3.65893038179e-06, 4.99167617818e-06, 3.98089559894e-06, 4.30049112765e-06, 2.21616596718e-06, 3.27239462194e-07, 2.27242139772e-07, 1.99098437292e-07, 1.50248506969e-08, 5.16756915037e-10]
        min: [2.00355065871e-09, 1.83111822594e-07, 4.89669901071e-07, 1.15023931357e-06, 1.91985509446e-06, 6.78903191442e-08, 3.32220508881e-07, 7.47600438444e-07, 8.89092234502e-07, 5.99230986609e-07, 9.80642145265e-09, 1.00269907932e-08, 2.74079292595e-09, 1.18709921892e-08, 2.16218154492e-09, 1.75295122862e-09, 2.50468779051e-09, 1.51054757591e-09, 1.22339116615e-09, 1.15197629214e-09, 6.96393331889e-10, 3.38683414647e-10, 1.02679149905e-10, 6.6614463945e-11, 5.43902665961e-11, 3.25208675094e-12, 4.84723497912e-15]
        var: [6.69026954062e-13, 2.04214245514e-08, 4.23605328592e-08, 6.23514750941e-08, 2.14509668695e-06, 2.34860749515e-06, 1.42517478707e-07, 5.66308671068e-08, 9.7304415192e-08, 1.6817528703e-08, 1.47437534403e-10, 6.79105174872e-11, 5.29781107872e-10, 1.44005485314e-09, 2.99502284952e-12, 1.40042685781e-10, 7.79276365659e-11, 7.41393960113e-11, 2.52289335256e-11, 1.73930644193e-11, 2.38002482306e-11, 1.70163935026e-11, 6.86793449802e-13, 1.42642476064e-13, 8.33244064025e-14, 5.56191902837e-16, 4.83472675095e-17]
    mfcc:
        mean: [-868.785461426, 214.153823853, 20.5471572876, 38.5162239075, -23.6347961426, -12.8952178955, -1.74854016304, -29.4608211517, -13.2224979401, -10.6480398178, -5.42548561096, -3.17761707306, -13.0749635696]
        cov: [[8368.47265625, -4987.12207031, -625.328369141, 687.327636719, -233.588516235, 28.8438606262, 324.927185059, -163.207443237, 262.100769043, 60.0882987976, 31.3848438263, 54.5517692566, -633.680053711], [-4987.12207031, 3869.08398438, -121.61655426, -616.757141113, 116.957557678, -196.896575928, -194.5440979, 52.438495636, -210.882278442, -1.67221283913, -12.084605217, 69.247253418, 373.674224854], [-625.328369141, -121.61655426, 642.636291504, 65.2593154907, -21.5755596161, 249.186019897, 12.2988195419, -15.2126655579, 1.50243639946, 5.36810159683, 41.8797836304, -89.5555419922, 31.5440807343], [687.327636719, -616.757141113, 65.2593154907, 227.107559204, 48.7188224792, 35.3271598816, 4.05879354477, 50.3271598816, 52.1742019653, -14.0398578644, -6.62230634689, -20.1897449493, -49.124206543], [-233.588516235, 116.957557678, -21.5755596161, 48.7188224792, 158.852142334, -17.989074707, -69.6165390015, 89.9075317383, 28.7495555878, -14.8894262314, -18.0395088196, 10.7776126862, 45.3598518372], [28.8438606262, -196.896575928, 249.186019897, 35.3271598816, -17.989074707, 200.435775757, 72.0808563232, -50.8496284485, -9.43160915375, 32.0516929626, 47.2715988159, -40.9805831909, -7.11800050735], [324.927185059, -194.5440979, 12.2988195419, 4.05879354477, -69.6165390015, 72.0808563232, 236.596511841, -138.171585083, -52.7019691467, 32.3156967163, 17.7958126068, -11.3732404709, -86.400062561], [-163.207443237, 52.438495636, -15.2126655579, 50.3271598816, 89.9075317383, -50.8496284485, -138.171585083, 215.094467163, 93.2270050049, -7.65618419647, 8.91435050964, 23.4849128723, 60.0278701782], [262.100769043, -210.882278442, 1.50243639946, 52.1742019653, 28.7495555878, -9.43160915375, -52.7019691467, 93.2270050049, 100.013275146, 14.1827859879, 0.821429431438, 4.8490562439, -6.04515457153], [60.0882987976, -1.67221283913, 5.36810159683, -14.0398578644, -14.8894262314, 32.0516929626, 32.3156967163, -7.65618419647, 14.1827859879, 70.2290649414, 36.7982673645, -0.865686357021, 1.47945606709], [31.3848438263, -12.084605217, 41.8797836304, -6.62230634689, -18.0395088196, 47.2715988159, 17.7958126068, 8.91435050964, 0.821429431438, 36.7982673645, 77.0791015625, 18.0984249115, -2.80830597878], [54.5517692566, 69.247253418, -89.5555419922, -20.1897449493, 10.7776126862, -40.9805831909, -11.3732404709, 23.4849128723, 4.8490562439, -0.865686357021, 18.0984249115, 67.8921127319, 14.9296197891], [-633.680053711, 373.674224854, 31.5440807343, -49.124206543, 45.3598518372, -7.11800050735, -86.400062561, 60.0278701782, -6.04515457153, 1.47945606709, -2.80830597878, 14.9296197891, 140.825576782]]
        icov: [[0.0014544717269, 0.00171686988324, 0.00185088755097, -0.000241706176894, 0.000685394275934, -0.00104774709325, 0.000850083539262, 0.000628962530755, -0.000161759395269, -0.00126155011822, 0.000275085418252, -0.00181257398799, 0.00167390354909], [0.00171686988324, 0.00279602850787, 0.00185448955745, 0.00160520756617, -9.67359665083e-05, -0.000442526856204, 0.000863658031449, 5.77375067223e-05, 0.00135635002516, -0.00191857875325, 0.000308785849484, -0.00191387580708, 0.00125239638146], [0.00185088755097, 0.00185448955745, 0.00644680904225, -0.00148081267253, 0.00221852282993, -0.00627177907154, 0.00166329857893, 0.000775971624535, -0.00145540048834, 0.00102543423418, -0.000800328853074, 0.000679922406562, 0.000943963532336], [-0.000241706176894, 0.00160520756617, -0.00148081267253, 0.0115861184895, -0.00445845304057, 0.00090832967544, -0.00140465912409, -0.00328023196198, 0.00148002593778, 0.0011581875151, 0.000286037538899, 0.00183790992014, 0.000906945380848], [0.000685394275934, -9.67359665083e-05, 0.00221852282993, -0.00445845304057, 0.0115721644834, -0.00396073143929, 0.00146253372077, -0.00332325394265, 0.000706528371666, -0.000929643458221, 0.00443580839783, -0.00295517104678, 0.00011673301924], [-0.00104774709325, -0.000442526856204, -0.00627177907154, 0.00090832967544, -0.00396073143929, 0.0174569953233, -0.00421790219843, 0.00356899155304, -0.00187953270506, 0.000314876786433, -0.00895470753312, 0.00606875633821, -0.00467561138794], [0.000850083539262, 0.000863658031449, 0.00166329857893, -0.00140465912409, 0.00146253372077, -0.00421790219843, 0.0104448441416, 0.00289489957504, 0.00364538002759, -0.00578907644376, 0.00287579838187, -0.00421172566712, 0.00588201824576], [0.000628962530755, 5.77375067223e-05, 0.000775971624535, -0.00328023196198, -0.00332325394265, 0.00356899155304, 0.00289489957504, 0.0181373525411, -0.0148611627519, 0.0050407871604, -0.00930787809193, 0.000933770905249, -0.00432085385546], [-0.000161759395269, 0.00135635002516, -0.00145540048834, 0.00148002593778, 0.000706528371666, -0.00187953270506, 0.00364538002759, -0.0148611627519, 0.0304780956358, -0.0139282448217, 0.0111669162288, -0.00509492633864, 0.00698149157688], [-0.00126155011822, -0.00191857875325, 0.00102543423418, 0.0011581875151, -0.000929643458221, 0.000314876786433, -0.00578907644376, 0.0050407871604, -0.0139282448217, 0.0302084553987, -0.0168024096638, 0.00993203930557, -0.00809980649501], [0.000275085418252, 0.000308785849484, -0.000800328853074, 0.000286037538899, 0.00443580839783, -0.00895470753312, 0.00287579838187, -0.00930787809193, 0.0111669162288, -0.0168024096638, 0.0320318378508, -0.0151021266356, 0.00744374934584], [-0.00181257398799, -0.00191387580708, 0.000679922406562, 0.00183790992014, -0.00295517104678, 0.00606875633821, -0.00421172566712, 0.000933770905249, -0.00509492633864, 0.00993203930557, -0.0151021266356, 0.0289620887488, -0.008006981574], [0.00167390354909, 0.00125239638146, 0.000943963532336, 0.000906945380848, 0.00011673301924, -0.00467561138794, 0.00588201824576, -0.00432085385546, 0.00698149157688, -0.00809980649501, 0.00744374934584, -0.008006981574, 0.0179736018181]]
    spectral_contrast:
        mean: [-1.61451112035e-07, -3.77100981552e-08, -1.57177623805e-07, -4.51268133972e-09, -3.23998648355e-07, 6.62221168568e-07, 7.37141817808e-07, 5.23708081346e-07, 2.75061893262e-06, -2.1105462622e-07, 4.38879851572e-06, 5.55921678824e-06]
        var: [0.000332833238645, 0.000576510152314, 0.00147432892118, 0.00256476015784, 0.00353689049371, 0.00586276967078, 0.0594046078622, 0.0901383906603, 0.142608210444, 0.183349832892, 0.668182253838, 3.65522646904]

rhythm:
    beats_loudness:
        dmean: 0.00237835478038
        dmean2: 0.00390786537901
        dvar: 6.25759093964e-06
        dvar2: 9.65015897236e-06
        max: 0.0153976483271
        mean: 0.00570399593562
        min: 0.0017446562415
        var: 1.27623707158e-05
    beats_loudness_bass:
        dmean: 0.0731838792562
        dmean2: 0.142206653953
        dvar: 0.00615282729268
        dvar2: 0.017610412091
        max: 0.237434223294
        mean: 0.059671856463
        min: 0.00430630939081
        var: 0.00436014728621
    bpm: 137.991363525
    bpm_confidence: 0
    first_peak_bpm: 124
    first_peak_spread: 0
    first_peak_weight: 0.571428596973
    onset_rate: 2.25183820724
    second_peak_bpm: 138
    second_peak_spread: 0
    second_peak_weight: 0.380952388048
    beats_position: [0.0362472683191, 0.520542860031, 1.00483846664, 1.48913407326, 1.97342967987, 2.45772528648, 2.9420208931, 3.42631649971, 3.91061210632, 4.39490795135, 4.87920331955, 5.36349916458, 5.84779453278, 6.40813350677, 6.84295129776, 7.27776908875, 7.71258640289, 8.14740371704, 8.58222198486, 9.01704025269, 9.45185756683, 9.88667583466]
    bpm_estimates: [138.791656494, 137.436508179, 137.416473389, 138.320800781]
    bpm_intervals: [0.484295606613, 0.484295606613, 0.484295606613, 0.484295606613, 0.484295606613, 0.484295606613, 0.484295606613, 0.484295606613, 0.484295845032, 0.484295368195, 0.484295845032, 0.484295368195, 0.560338973999, 0.434817790985, 0.434817790985, 0.434817314148, 0.434817314148, 0.434818267822, 0.434818267822, 0.434817314148, 0.434818267822]
    onset_times: [0.0348299331963, 0.696598649025, 0.917188227177, 1.18421769142, 2.00852608681, 2.97215414047, 3.26240372658, 3.49460315704, 3.95900225639, 5.60761928558, 5.83981847763, 6.15328788757, 6.61768722534, 6.81505680084, 7.19818592072, 7.73224496841, 7.89478445053, 7.97605419159, 8.15020370483, 8.56816291809, 8.77714252472, 9.35764217377, 10.2167797089]
    rubato_start: [6.84295129776]
    rubato_stop: [9.88667583466]
    perceptual_tempo: "unknown"

sfx:
    inharmonicity:
        dmean: 0.0204825941473
        dmean2: 0.0381410382688
        dvar: 0.00120301824063
        dvar2: 0.00349081703462
        max: 0.242704898119
        mean: 0.0164702441543
        min: 2.86788150561e-07
        var: 0.00100176350679
    oddtoevenharmonicenergyratio:
        dmean: 4.24700593948
        dmean2: 8.02806758881
        dvar: 152.622024536
        dvar2: 423.564544678
        max: 112.212028503
        mean: 2.89969706535
        min: 8.56752876643e-07
        var: 109.804794312
    pitch_after_max_to_before_max_energy_ratio: 42.045173645
    pitch_centroid: 225.780014038
    pitch_max_to_total: 0
    pitch_min_to_total: 0.990909099579
    tristimulus:
        dmean: [0.229829251766, 0.236472457647, 0.0221571233124]
        dmean2: [0.411176681519, 0.429636925459, 0.0396951884031]
        dvar: [0.0595458634198, 0.0647139176726, 0.00159143388737]
        dvar2: [0.157365947962, 0.1682254076, 0.0045799263753]
        max: [0.995444715023, 0.936233997345, 0.292070090771]
        mean: [0.655355572701, 0.309972792864, 0.0202567409724]
        min: [0.0236582364887, 0, 0]
        var: [0.0857009738684, 0.0861644074321, 0.0012943710899]

tonal:
    chords_changes_rate: 0.0407239831984
    chords_number_rate: 0.0271493215114
    chords_strength:
        dmean: 0.00900866650045
        dmean2: 0.00672511709854
        dvar: 3.429599019e-05
        dvar2: 2.94801247946e-05
        max: 0.696789264679
        mean: 0.544867217541
        min: 0.322050064802
        var: 0.0081213703379
    key_strength: 0.757923901081
    tuning_diatonic_strength: 0.60475897789
    tuning_equal_tempered_deviation: 0.130080267787
    tuning_frequency: 441.782684326
    tuning_nontempered_energy_ratio: 0.765886247158
    hpcp:
        dmean: [0.107192888856, 0.0628540366888, 0.0295175369829, 0.0277628134936, 0.0448559075594, 0.110136844218, 0.125720068812, 0.0810179561377, 0.111813805997, 0.0860138982534, 0.0435463041067, 0.0196826271713, 0.0147983320057, 0.046488661319, 0.147560328245, 0.159108370543, 0.114701263607, 0.0673227161169, 0.0389825925231, 0.0544306077063, 0.0935114249587, 0.11399717629, 0.0909830927849, 0.0637586042285, 0.0694307908416, 0.0491919033229, 0.0285354815423, 0.0194781441242, 0.0568391159177, 0.178645282984, 0.20567715168, 0.111331798136, 0.0298258047551, 0.0305860023946, 0.0624701082706, 0.105625897646]
        dmean2: [0.173896715045, 0.0997110977769, 0.0453034155071, 0.0417536310852, 0.0717840790749, 0.164718002081, 0.193341374397, 0.126903519034, 0.1763895154, 0.139288693666, 0.0718275457621, 0.0340005978942, 0.0264448486269, 0.0781907439232, 0.235997751355, 0.258414268494, 0.195923268795, 0.117379881442, 0.0632365271449, 0.0924478620291, 0.154834717512, 0.183448031545, 0.14630959928, 0.0973532348871, 0.103915654123, 0.0766130909324, 0.0498686544597, 0.0324955880642, 0.0908536761999, 0.298423945904, 0.323402047157, 0.178543895483, 0.0544768124819, 0.0563251562417, 0.109462067485, 0.165065556765]
        dvar: [0.0395486541092, 0.017060905695, 0.00581339467317, 0.00943920947611, 0.0103481337428, 0.0259364582598, 0.0384889543056, 0.0141406068578, 0.0416726097465, 0.0244822055101, 0.0106618413702, 0.00233617355116, 0.0019794087857, 0.0054091932252, 0.041023671627, 0.0497363358736, 0.0269718207419, 0.0256135240197, 0.0117262424901, 0.0162876155227, 0.024004984647, 0.0369401350617, 0.015416521579, 0.0189409665763, 0.0240961816162, 0.0127763180062, 0.0042156772688, 0.00259606866166, 0.00787287112325, 0.0344861634076, 0.0421870611608, 0.0174619946629, 0.0100202839822, 0.0114227421582, 0.0229002460837, 0.0316842086613]
        dvar2: [0.0848872587085, 0.0350837409496, 0.0113406563178, 0.0161698535085, 0.0218752622604, 0.0517916977406, 0.0654256716371, 0.0334498696029, 0.0976664945483, 0.0614007934928, 0.0259277056903, 0.00682939495891, 0.0055408985354, 0.0139542529359, 0.105549521744, 0.118499442935, 0.0721915364265, 0.0740041136742, 0.0251662321389, 0.0400977693498, 0.057731050998, 0.0627342313528, 0.0342662371695, 0.0401070266962, 0.0430821031332, 0.0330724082887, 0.0111771263182, 0.0053003737703, 0.0190679188818, 0.0799964368343, 0.0911621600389, 0.0371933206916, 0.021531753242, 0.0318462476134, 0.0622097551823, 0.0647251754999]
        max: [1, 1, 0.768535733223, 1, 1, 1, 1, 0.834947168827, 1, 1, 0.992301225662, 0.363755851984, 0.337087750435, 0.534698665142, 1, 1, 1, 1, 1, 1, 1, 1, 0.880244195461, 1, 1, 0.834076285362, 0.432610094547, 0.454142481089, 0.721370995045, 1, 1, 0.977236747742, 1, 0.671456813812, 1, 1]
        mean: [0.209209486842, 0.0863597840071, 0.0285614933819, 0.0325527824461, 0.0548905730247, 0.194345355034, 0.237580120564, 0.12450620532, 0.146911591291, 0.147840321064, 0.0568156652153, 0.0195000227541, 0.0127447126433, 0.0540730394423, 0.256824791431, 0.328340530396, 0.157252267003, 0.0680542141199, 0.0466595217586, 0.0563236512244, 0.180392086506, 0.23665073514, 0.125890508294, 0.115155361593, 0.137197524309, 0.0650193691254, 0.0240639019758, 0.0193920936435, 0.0770675092936, 0.400218069553, 0.503759264946, 0.185851514339, 0.0237016957253, 0.0214035883546, 0.0612038262188, 0.185139998794]
        min: [0, 0, 2.71052363132e-06, 2.17095130211e-05, 4.2344967369e-05, 0.000331639515935, 0.000294936442515, 0.000127578663523, 4.47337224614e-05, 5.85315574426e-05, 4.83195435663e-05, 7.72114944994e-05, 2.79964442598e-05, 5.03550872963e-05, 7.36202637199e-05, 0.000336791126756, 0.000166486643138, 2.75985876215e-05, 0, 0, 0, 0, 1.33062667373e-05, 8.71914744494e-06, 5.30779288965e-05, 8.26551913633e-05, 0, 3.8439186028e-05, 2.03327253985e-05, 0.0172475837171, 0.00993647333235, 0.00193831033539, 2.60341721514e-06, 6.03825674261e-06, 0, 0]
        var: [0.103840425611, 0.0320688560605, 0.00743360863999, 0.0130854928866, 0.0172680597752, 0.0685774758458, 0.110802792013, 0.0253525767475, 0.0754436850548, 0.0686445236206, 0.0128681240603, 0.00186972739175, 0.00131185993087, 0.00718959607184, 0.108423635364, 0.141284734011, 0.0460502877831, 0.0298336949199, 0.0217162929475, 0.0219493359327, 0.0760434642434, 0.12267883122, 0.0280451830477, 0.0441121049225, 0.0733467042446, 0.0180939231068, 0.00336702517234, 0.00252166506834, 0.0118740191683, 0.0880415663123, 0.115159332752, 0.0330946482718, 0.0100631061941, 0.00790477078408, 0.019779721275, 0.0823745578527]
    chords_histogram: [18.5520362854, 16.2895927429, 11.764705658, 0, 0.452488690615, 0, 0, 0, 0, 0, 0, 0, 0, 0, 0, 0, 0, 0, 0, 2.26244354248, 0, 0, 25.7918548584, 24.8868770599]
    thpcp: [1, 0.368929237127, 0.0470496490598, 0.0424877330661, 0.121494196355, 0.367516815662, 0.415296554565, 0.171430662274, 0.0566967092454, 0.0646197199821, 0.108961910009, 0.385790139437, 0.471614390612, 0.247154176235, 0.291630536318, 0.293474137783, 0.112783364952, 0.0387090109289, 0.025299211964, 0.107339046896, 0.509816527367, 0.651780605316, 0.312157571316, 0.135092735291, 0.0926226601005, 0.111806683242, 0.35809186101, 0.469769507647, 0.249902114272, 0.228592053056, 0.272347390652, 0.12906832993, 0.0477686524391, 0.0384947620332, 0.152984797955, 0.794462919235]
    chords_key: "C"
    chords_scale: "major"
    key_key: "G"
    key_scale: "major"
    chords_progression: ["Bm", "Bm", "Bm", "Bm", "Bm", "Bm", "Bm", "Bm", "Bm", "Bm", "Bm", "Bm", "Bm", "Bm", "Bm", "Bm", "Bm", "Bm", "Bm", "Bm", "Bm", "Bm", "Bm", "Bm", "Bm", "Bm", "Bm", "Bm", "Bm", "Bm", "Bm", "Bm", "Bm", "Bm", "Bm", "Bm", "C", "C", "C", "C", "C", "C", "C", "C", "C", "C", "C", "C", "C", "C", "C", "C", "C", "C", "C", "C", "C", "C", "C", "C", "C", "C", "C", "C", "Em", "Em", "Em", "Em", "Em", "Em", "Em", "Em", "Em", "Em", "G", "G", "G", "G", "G", "G", "G", "G", "G", "G", "G", "G", "G", "G", "G", "G", "G", "G", "G", "G", "G", "G", "G", "G", "G", "G", "G", "G", "G", "G", "G", "G", "G", "G", "G", "G", "G", "G", "G", "G", "G", "Em", "Em", "Em", "Em", "Em", "Em", "Em", "Em", "Em", "Em", "Em", "Em", "Em", "Em", "Em", "Em", "Em", "Em", "Em", "Em", "Em", "Em", "Em", "C", "C", "C", "C", "C", "C", "C", "C", "C", "C", "C", "C", "C", "C", "C", "C", "C", "C", "C", "C", "C", "C", "C", "C", "C", "C", "C", "C", "C", "Em", "Em", "Em", "Em", "Em", "Em", "Em", "Em", "Em", "Em", "Em", "Em", "Em", "Em", "Em", "Em", "Em", "Em", "Em", "Em", "Em", "Em", "A", "D", "D", "D", "D", "D", "D", "D", "D", "D", "D", "D", "D", "D", "D", "D", "D", "D", "D", "D", "D", "D", "D", "D", "D", "D", "D", "Dm", "Dm", "Dm", "Dm", "Dm"]
