
metadata:
    version:
        essentia: "1.2.2"
    audio_properties:
        analysis_sample_rate: 44100
        bitrate: 128
        channels: 2
        equal_loudness: 1
        length: 10.0310201645
        replay_gain: -12.342414856
        downmix: "mix"
    tags:
        track: 46
        year: 0
        album: "Splitted by Mp3Splt v. 2.1"
        artist: "From 007.30 To 007.40"
        comment: "http://mp3splt.sf.net"
        genre: ""
        title: "10 King Bing.mp3"

highlevel:
    ballroom:
        all:
            ChaChaCha: 0.0545254163444
            Jive: 0.252561479807
            Quickstep: 0.0533870346844
            Rumba-American: 0.0318528749049
            Rumba-International: 0.11490675807
            Rumba-Misc: 0.0938522592187
            Samba: 0.0959692299366
            Tango: 0.023304393515
            VienneseWaltz: 0.127469778061
            Waltz: 0.15217076242
        probability: 0.252561479807
        value: "Jive"
    culture:
        all:
            non_western: 0.110218778253
            western: 0.889781236649
        probability: 0.889781236649
        value: "western"
    gender:
        all:
            female: 0.83856844902
            male: 0.161431565881
        probability: 0.83856844902
        value: "female"
    genre_dortmund:
        all:
            alternative: 0.163665980101
            blues: 0.012464383617
            electronic: 0.0829270854592
            folkcountry: 0.0514234825969
            funksoulrnb: 0.0139067973942
            jazz: 0.178234934807
            pop: 0.0878730863333
            raphiphop: 0.00282431207597
            rock: 0.406679928303
        probability: 0.406679928303
        value: "rock"
    genre_electronica:
        all:
            ambient: 0.260828733444
            dnb: 0.240051835775
            house: 0.0095216492191
            techno: 0.0113389575854
            trance: 0.478258818388
        probability: 0.478258818388
        value: "trance"
    genre_rosamerica:
        all:
            cla: 0.00600598473102
            dan: 0.0253511890769
            hip: 0.00723025109619
            jaz: 0.0120739592239
            pop: 0.0227644201368
            rhy: 0.00280563277192
            roc: 0.922399878502
            spe: 0.00136868527625
        probability: 0.922399878502
        value: "roc"
    genre_tzanetakis:
        all:
            blu: 0.0136267896742
            cla: 0.0216496028006
            cou: 0.0814901292324
            dis: 0.0466482527554
            hip: 0.0153087675571
            jaz: 0.342630088329
            met: 0.0391509756446
            pop: 0.242006182671
            reg: 0.0197643134743
            roc: 0.17772488296
        probability: 0.342630088329
        value: "jaz"
    live_studio:
        all:
            live: 0.339085459709
            studio: 0.660914540291
        probability: 0.660914540291
        value: "studio"
    mood:
        all:
            Cluster1: 0.57659214735
            Cluster2: 0.0851356610656
            Cluster3: 0.0671063438058
            Cluster4: 0.141266033053
            Cluster5: 0.129899814725
        probability: 0.57659214735
        value: "Cluster1"
    mood_acoustic:
        all:
            acoustic: 0.0161418896168
            not_acoustic: 0.983858108521
        probability: 0.983858108521
        value: "not_acoustic"
    mood_aggressive:
        all:
            aggressive: 0.421734243631
            not_aggressive: 0.578265786171
        probability: 0.578265786171
        value: "not_aggressive"
    mood_electronic:
        all:
            electronic: 0.632653057575
            not_electronic: 0.367346912622
        probability: 0.632653057575
        value: "electronic"
    mood_happy:
        all:
            happy: 0.340214669704
            not_happy: 0.659785330296
        probability: 0.659785330296
        value: "not_happy"
    mood_party:
        all:
            not_party: 0.763664543629
            party: 0.236335471272
        probability: 0.763664543629
        value: "not_party"
    mood_relaxed:
        all:
            not_relaxed: 0.259623497725
            relaxed: 0.740376472473
        probability: 0.740376472473
        value: "relaxed"
    mood_sad:
        all:
            not_sad: 3.00000096379e-14
            sad: 1
        probability: 1
        value: "sad"
    rhythm:
        all:
            fast: 0.612446069717
            medium: 0.300983458757
            slow: 0.086570456624
        probability: 0.612446069717
        value: "fast"
    speech_music:
        all:
            music: 3.00000096379e-14
            speech: 1
        probability: 1
        value: "speech"
    timbre:
        all:
            bright: 0.267708927393
            dark: 0.732291042805
        probability: 0.732291042805
        value: "dark"
    voice_instrumental:
        all:
            instrumental: 0.75016027689
            voice: 0.249839708209
        probability: 0.75016027689
        value: "instrumental"

lowlevel:
    average_loudness: 0.984369933605
    barkbands_kurtosis:
        dmean: 0.658919215202
        dmean2: 1.09915137291
        dvar: 0.790345847607
        dvar2: 2.12672543526
        max: 4.9304151535
        mean: -0.810842633247
        min: -1.84921169281
        var: 0.944363176823
    barkbands_skewness:
        dmean: 0.381884038448
        dmean2: 0.61184322834
        dvar: 0.123164959252
        dvar2: 0.311340749264
        max: 2.50287723541
        mean: 0.530584335327
        min: -0.956826448441
        var: 0.29211127758
    barkbands_spread:
        dmean: 4.86588096619
        dmean2: 7.74585580826
        dvar: 14.9603672028
        dvar2: 37.0475120544
        max: 54.2702217102
        mean: 32.3223457336
        min: 13.5945301056
        var: 54.0185546875
    dissonance:
        dmean: 0.0188816301525
        dmean2: 0.0324337147176
        dvar: 0.000285510177491
        dvar2: 0.00078749191016
        max: 0.498834788799
        mean: 0.46691095829
        min: 0.383206397295
        var: 0.000429550913395
    hfc:
        dmean: 1.60596430302
        dmean2: 2.54875922203
        dvar: 2.33747029305
        dvar2: 5.44059276581
        max: 19.296869278
        mean: 6.98084592819
        min: 2.40083551407
        var: 7.59028673172
    pitch:
        dmean: 581.307312012
        dmean2: 1133.19775391
        dvar: 1304811.875
        dvar2: 3405789.5
        max: 4410
        mean: 811.775085449
        min: 72.8925628662
        var: 1491686.5
    pitch_instantaneous_confidence:
        dmean: 0.0856736376882
        dmean2: 0.138433635235
        dvar: 0.00525225047022
        dvar2: 0.0123891681433
        max: 0.749353647232
        mean: 0.40620931983
        min: 0.169844686985
        var: 0.0132316425443
    pitch_salience:
        dmean: 0.062492929399
        dmean2: 0.105264149606
        dvar: 0.00284837419167
        dvar2: 0.00762026384473
        max: 0.785030841827
        mean: 0.581064343452
        min: 0.32620242238
        var: 0.00674061011523
    silence_rate_20dB:
        dmean: 0
        dmean2: 0
        dvar: 0
        dvar2: 0
        max: 1
        mean: 1
        min: 1
        var: 0
    silence_rate_30dB:
        dmean: 0
        dmean2: 0
        dvar: 0
        dvar2: 0
        max: 1
        mean: 1
        min: 1
        var: 0
    silence_rate_60dB:
        dmean: 0.0696055665612
        dmean2: 0.137209296227
        dvar: 0.064760401845
        dvar2: 0.155592262745
        max: 1
        mean: 0.074074074626
        min: 0
        var: 0.0685874894261
    spectral_centroid:
        dmean: 254.283294678
        dmean2: 395.588104248
        dvar: 47103.1367188
        dvar2: 119123.96875
        max: 2574.8293457
        mean: 1356.45800781
        min: 402.274658203
        var: 161607.25
    spectral_complexity:
        dmean: 2.5850815773
        dmean2: 4.20794391632
        dvar: 5.70195198059
        dvar2: 12.2348241806
        max: 33
        mean: 14.5139532089
        min: 7
        var: 16.6916751862
    spectral_crest:
        dmean: 2.27141094208
        dmean2: 3.83083200455
        dvar: 4.12633705139
        dvar2: 11.7179555893
        max: 20.0508270264
        mean: 7.57455730438
        min: 3.34116435051
        var: 7.19193267822
    spectral_decrease:
        dmean: 4.11941730727e-10
        dmean2: 6.9256622659e-10
        dvar: 3.59173557595e-19
        dvar2: 9.3948392579e-19
        max: -3.45609346697e-10
        mean: -1.26750232532e-09
        min: -5.83405057597e-09
        var: 3.9058861064e-19
    spectral_energy:
        dmean: 0.0016608517617
        dmean2: 0.00278001977131
        dvar: 5.46601722817e-06
        dvar2: 1.42538974615e-05
        max: 0.0235993731767
        mean: 0.00541702704504
        min: 0.00161197432317
        var: 6.28597990726e-06
    spectral_energyband_high:
        dmean: 7.76961387601e-05
        dmean2: 0.000122892335639
        dvar: 7.5578201475e-09
        dvar2: 1.69599712052e-08
        max: 0.00112084182911
        mean: 0.000268053932814
        min: 2.12923387153e-05
        var: 3.52004043691e-08
    spectral_energyband_low:
        dmean: 0.000348724395735
        dmean2: 0.000636139884591
        dvar: 6.63936987166e-07
        dvar2: 1.86984334505e-06
        max: 0.00527898594737
        mean: 0.000386238039937
        min: 4.30713441801e-07
        var: 5.13297720772e-07
    spectral_energyband_middle_high:
        dmean: 0.000629841641057
        dmean2: 0.0010225068545
        dvar: 3.0645603033e-07
        dvar2: 7.66078187553e-07
        max: 0.00594167318195
        mean: 0.00211815047078
        min: 0.000655270006973
        var: 8.6226464191e-07
    spectral_energyband_middle_low:
        dmean: 0.00112711440306
        dmean2: 0.0018993280828
        dvar: 4.29994679507e-06
        dvar2: 1.12889138109e-05
        max: 0.0192108079791
        mean: 0.00264456239529
        min: 0.000363639177522
        var: 4.15142767451e-06
    spectral_flatness_db:
        dmean: 0.0164206717163
        dmean2: 0.0246952231973
        dvar: 0.000167274614796
        dvar2: 0.000392245536204
        max: 0.228404775262
        mean: 0.151625990868
        min: 0.084095954895
        var: 0.000594704237301
    spectral_flux:
        dmean: 0.00958775822073
        dmean2: 0.0148320477456
        dvar: 0.000123485981021
        dvar2: 0.000257143314229
        max: 0.127157688141
        mean: 0.0416586361825
        min: 0.0201210230589
        var: 0.000219270514208
    spectral_kurtosis:
        dmean: 0.955501198769
        dmean2: 1.69620335102
        dvar: 0.93283110857
        dvar2: 2.84764719009
        max: 10.2853431702
        mean: 2.75519108772
        min: 0.589352369308
        var: 1.52359461784
    spectral_rms:
        dmean: 0.000323781569023
        dmean2: 0.000530995370355
        dvar: 1.33209908881e-07
        dvar2: 3.38651375387e-07
        max: 0.00479830987751
        mean: 0.00225290609524
        min: 0.00125405658036
        var: 2.09317775557e-07
    spectral_rolloff:
        dmean: 492.452575684
        dmean2: 808.853271484
        dvar: 297998.3125
        dvar2: 791453.25
        max: 4715.77148438
        mean: 2950.44873047
        min: 495.263671875
        var: 590831.875
    spectral_skewness:
        dmean: 0.154246434569
        dmean2: 0.248416960239
        dvar: 0.0182417649776
        dvar2: 0.0467162132263
        max: 2.20948338509
        mean: 1.3018989563
        min: 0.653894245625
        var: 0.0647863596678
    spectral_spread:
        dmean: 591037.25
        dmean2: 849558.8125
        dvar: 1.11444138394e+12
        dvar2: 1.70805690368e+12
        max: 20417196
        mean: 4872565.5
        min: 2548389
        var: 1.83505597235e+12
    spectral_strongpeak:
        dmean: 0.420494019985
        dmean2: 0.730770170689
        dvar: 0.401269614697
        dvar2: 1.00298452377
        max: 5.00830221176
        mean: 0.623539924622
        min: 0.0324728637934
        var: 0.499359697104
    zerocrossingrate:
        dmean: 0.00884369574487
        dmean2: 0.0116742569953
        dvar: 5.23090675415e-05
        dvar2: 8.97164209164e-05
        max: 0.14111328125
        mean: 0.0861169174314
        min: 0.03369140625
        var: 0.000332047173288
    barkbands:
        dmean: [3.19800989246e-07, 0.000144202931551, 0.000225828742259, 0.000217423556023, 0.000745031051338, 0.00017935980577, 0.000153788685566, 0.000147205675603, 0.000125982973259, 0.000400909048039, 2.47057796514e-05, 2.36656596826e-05, 2.06413260457e-05, 3.16904406645e-05, 4.96812353958e-05, 0.000116511146189, 9.87421881291e-05, 0.000186632358236, 0.00014163434389, 0.000109758708277, 5.26401745446e-05, 1.49650841195e-05, 4.31721900895e-06, 1.48534604705e-06, 1.44380203437e-06, 1.67869700363e-07, 7.8941502224e-09]
        dmean2: [5.05422008246e-07, 0.000267315015662, 0.000406717968872, 0.000386158440961, 0.00129529496189, 0.000291117350571, 0.000252889614785, 0.000239728906308, 0.000223064314923, 0.000659599900246, 4.24988465966e-05, 3.99303462473e-05, 3.29665053869e-05, 5.4150379583e-05, 8.26826944831e-05, 0.000187597092008, 0.000157920672791, 0.000310826202622, 0.000220225047087, 0.00017878341896, 8.60019208631e-05, 2.37066979025e-05, 7.00014652466e-06, 2.32036154557e-06, 2.09423092201e-06, 2.84909077664e-07, 8.23200263511e-09]
        dvar: [4.58940231738e-13, 1.4845248586e-07, 2.54430659652e-07, 1.27915654957e-07, 2.57088663602e-06, 7.67128369716e-08, 7.22074631199e-08, 2.0024927494e-08, 5.36370627913e-08, 2.42263155315e-07, 9.04257557721e-10, 1.6237304834e-09, 6.52335796492e-10, 2.38922748252e-09, 5.01891506133e-09, 5.73152831862e-08, 1.202571287e-08, 4.60282763015e-08, 3.0408692453e-08, 2.17054374474e-08, 4.44959313839e-09, 4.11854689242e-10, 6.88999135523e-11, 4.91538277095e-12, 7.25294780832e-12, 2.74811233882e-13, 2.3887238826e-14]
        dvar2: [9.35461343804e-13, 4.26502566597e-07, 7.12566361472e-07, 3.72166169882e-07, 7.02062561686e-06, 1.82306763463e-07, 1.8021178505e-07, 5.06338153627e-08, 1.60272520588e-07, 6.37340008325e-07, 2.28503749256e-09, 4.64066785e-09, 1.48519885279e-09, 5.90206461482e-09, 1.44485508002e-08, 1.3888465844e-07, 2.88135257875e-08, 1.22135560332e-07, 7.26205229284e-08, 5.3628578911e-08, 1.04162474202e-08, 1.13308651351e-09, 1.80551948392e-10, 1.08300460613e-11, 1.60847377084e-11, 7.14753722788e-13, 2.39250131073e-14]
        max: [5.36348170499e-06, 0.00218027364463, 0.00337187573314, 0.00293013826013, 0.0131366671994, 0.00276357587427, 0.00210121716373, 0.00134808872826, 0.00231073400937, 0.0054273493588, 0.00028309202753, 0.000503973278683, 0.000218642569962, 0.000628085632343, 0.00064364739228, 0.00304752448574, 0.00158204254694, 0.00206090696156, 0.00223725987598, 0.00183166074567, 0.000805440591648, 0.000181908908417, 8.74291290529e-05, 2.49289896601e-05, 1.98273392016e-05, 4.88058140036e-06, 3.20647609442e-06]
        mean: [3.61346366162e-07, 0.000124155267258, 0.000261743320152, 0.000296161975712, 0.0011556756217, 0.000319915416185, 0.000243529953877, 0.000376866402803, 0.000148742386955, 0.0006703955587, 4.16741822846e-05, 3.67169450328e-05, 4.2069626943e-05, 5.26116855326e-05, 9.12368486752e-05, 0.000195639921003, 0.000204014693736, 0.000388014275813, 0.00032444158569, 0.000244608876528, 0.000143913275679, 3.83467886422e-05, 9.70010023593e-06, 3.7392617287e-06, 2.6210877877e-06, 1.23516912254e-07, 8.03701194485e-09]
        min: [1.63061286695e-10, 1.45433020293e-07, 2.04601178666e-07, 3.09352935801e-06, 4.55541412521e-05, 8.16798910819e-06, 7.23339735487e-06, 1.77777510544e-05, 4.0491040636e-06, 7.85028169048e-06, 2.27510395234e-06, 1.84366467693e-06, 3.23725748785e-06, 2.80510494122e-06, 4.6770624067e-06, 8.66044683789e-06, 1.75113273144e-05, 5.04458766954e-05, 2.64684676949e-05, 1.48299441207e-05, 7.47442982174e-06, 2.16155717681e-06, 4.843339525e-07, 6.78599434423e-08, 6.46342224186e-09, 1.27752504213e-13, 6.64464525069e-11]
        var: [6.75463157629e-13, 9.16048819022e-08, 2.32128456901e-07, 1.29221646716e-07, 2.04777552426e-06, 9.81032926006e-08, 9.59743786666e-08, 6.97315982734e-08, 7.13810024422e-08, 5.69266717321e-07, 1.47824996688e-09, 2.04180761187e-09, 1.40971534446e-09, 3.75955666598e-09, 7.58248841493e-09, 8.86849562676e-08, 3.03407148294e-08, 8.57451709635e-08, 7.42415977584e-08, 4.76868500243e-08, 1.65621383275e-08, 8.11669120804e-10, 8.23971724184e-11, 1.13347361011e-11, 1.18641320726e-11, 1.90631554596e-13, 2.38465388928e-14]
    mfcc:
        mean: [-688.416564941, 109.683792114, -35.7550735474, 54.2813644409, -18.4446487427, -16.0404701233, -9.69506835938, -1.15367400646, 0.452194005251, -6.12526702881, -7.39533090591, -13.2922706604, -9.10503292084]
        cov: [[485.82244873, -157.917007446, 123.06653595, -28.4564418793, 11.6849250793, 6.21980476379, 3.65441584587, -47.5324172974, -29.8968677521, -30.7147216797, 11.9555368423, 7.13903141022, 34.5561561584], [-157.917007446, 386.375823975, -32.2029876709, 66.5302429199, 51.5908699036, 66.9727935791, 23.1371059418, 76.842590332, 44.6415710449, 60.3138961792, 14.965265274, -12.0863981247, -14.3802709579], [123.06653595, -32.2029876709, 219.205795288, 21.9302330017, 67.5873031616, 32.5235900879, 47.6915550232, 4.92271709442, 23.7016773224, -3.52186489105, 12.7694311142, 16.2975330353, 29.7716026306], [-28.4564418793, 66.5302429199, 21.9302330017, 164.46182251, 31.7488498688, 51.0881767273, -4.94816493988, 35.4521713257, 34.3582801819, 7.62232923508, 2.53745484352, 43.070690155, 22.4888839722], [11.6849250793, 51.5908699036, 67.5873031616, 31.7488498688, 153.831802368, 23.0616207123, 20.5652923584, 44.8998336792, 16.6447353363, -1.10888552666, 24.9880943298, 16.5804023743, 23.1171035767], [6.21980476379, 66.9727935791, 32.5235900879, 51.0881767273, 23.0616207123, 101.860145569, 34.8147621155, 15.1573953629, 30.0327796936, 21.6103630066, 1.65399086475, 9.95916175842, 8.95886802673], [3.65441584587, 23.1371059418, 47.6915550232, -4.94816493988, 20.5652923584, 34.8147621155, 84.8428878784, 19.181476593, 18.4020824432, 17.0875759125, 14.2361221313, -6.44088459015, 1.36611378193], [-47.5324172974, 76.842590332, 4.92271709442, 35.4521713257, 44.8998336792, 15.1573953629, 19.181476593, 94.5851821899, 40.6465492249, 8.72407054901, -1.32305836678, 9.37331104279, 6.67689371109], [-29.8968677521, 44.6415710449, 23.7016773224, 34.3582801819, 16.6447353363, 30.0327796936, 18.4020824432, 40.6465492249, 93.9991989136, 33.2876663208, -3.16155099869, 9.96432590485, 8.27370166779], [-30.7147216797, 60.3138961792, -3.52186489105, 7.62232923508, -1.10888552666, 21.6103630066, 17.0875759125, 8.72407054901, 33.2876663208, 78.0804290771, 26.3400993347, -11.7899627686, -7.73704910278], [11.9555368423, 14.965265274, 12.7694311142, 2.53745484352, 24.9880943298, 1.65399086475, 14.2361221313, -1.32305836678, -3.16155099869, 26.3400993347, 62.6828155518, 11.2508239746, 4.55474901199], [7.13903141022, -12.0863981247, 16.2975330353, 43.070690155, 16.5804023743, 9.95916175842, -6.44088459015, 9.37331104279, 9.96432590485, -11.7899627686, 11.2508239746, 64.3374862671, 30.3155231476], [34.5561561584, -14.3802709579, 29.7716026306, 22.4888839722, 23.1171035767, 8.95886802673, 1.36611378193, 6.67689371109, 8.27370166779, -7.73704910278, 4.55474901199, 30.3155231476, 55.894241333]]
        icov: [[0.00299634924158, 0.000958991819061, -0.00157772225793, 0.000446987804025, 0.000255991035374, -0.00118745060172, 0.000935908523388, 0.000204924406717, 0.000583920860663, 0.000543418689631, -0.00104898691643, 0.000960823846981, -0.00135498377495], [0.000958991819061, 0.00445994082838, 0.000465532706585, -0.000737989787012, -0.000845882925205, -0.00238072662614, 0.000645813357551, -0.00255325832404, 0.000733570253942, -0.00204629730433, -0.000522094836924, 0.00152154348325, 0.000449626502814], [-0.00157772225793, 0.000465532706585, 0.00765893096104, -0.000888127076905, -0.00292171514593, 8.25053139124e-05, -0.00393119780347, 0.00180736102629, -0.00190143787768, 0.000531643512659, 0.000552384764887, -0.000160363226314, -0.00115459144581], [0.000446987804025, -0.000737989787012, -0.000888127076905, 0.00998892448843, -2.21368245548e-05, -0.004314718768, 0.00324776140042, -0.00197978666984, -0.000704170204699, -0.000135839814902, 0.000182333387784, -0.00518222246319, -0.000273057376035], [0.000255991035374, -0.000845882925205, -0.00292171514593, -2.21368245548e-05, 0.0103612663224, -0.00112181471195, 0.0011269217357, -0.0044341632165, 0.000374047231162, 0.00278071453795, -0.00490391859785, 0.00125332921743, -0.0023646960035], [-0.00118745060172, -0.00238072662614, 8.25053139124e-05, -0.004314718768, -0.00112181471195, 0.0169027727097, -0.00692345714197, 0.00341415661387, -0.001742693712, -0.00264044245705, 0.00395456375554, -0.00181747414172, -0.000114220536489], [0.000935908523388, 0.000645813357551, -0.00393119780347, 0.00324776140042, 0.0011269217357, -0.00692345714197, 0.0186866000295, -0.00448130443692, -0.000376555195544, -4.16556031269e-05, -0.00481676030904, 0.00310520082712, -0.000144737583469], [0.000204924406717, -0.00255325832404, 0.00180736102629, -0.00197978666984, -0.0044341632165, 0.00341415661387, -0.00448130443692, 0.0185916442424, -0.00637774495408, 0.00191358127631, 0.00247141555883, -0.00122279708739, -0.00010360863962], [0.000583920860663, 0.000733570253942, -0.00190143787768, -0.000704170204699, 0.000374047231162, -0.001742693712, -0.000376555195544, -0.00637774495408, 0.0183882005513, -0.00926740188152, 0.0053997207433, -0.00303147989325, -0.000781027658377], [0.000543418689631, -0.00204629730433, 0.000531643512659, -0.000135839814902, 0.00278071453795, -0.00264044245705, -4.16556031269e-05, 0.00191358127631, -0.00926740188152, 0.0245231278241, -0.0127512495965, 0.00713024334982, -0.000107171719719], [-0.00104898691643, -0.000522094836924, 0.000552384764887, 0.000182333387784, -0.00490391859785, 0.00395456375554, -0.00481676030904, 0.00247141555883, 0.0053997207433, -0.0127512495965, 0.0262752957642, -0.00890250038356, 0.00148644915316], [0.000960823846981, 0.00152154348325, -0.000160363226314, -0.00518222246319, 0.00125332921743, -0.00181747414172, 0.00310520082712, -0.00122279708739, -0.00303147989325, 0.00713024334982, -0.00890250038356, 0.0283982865512, -0.0114302579314], [-0.00135498377495, 0.000449626502814, -0.00115459144581, -0.000273057376035, -0.0023646960035, -0.000114220536489, -0.000144737583469, -0.00010360863962, -0.000781027658377, -0.000107171719719, 0.00148644915316, -0.0114302579314, 0.0267605017871]]
    spectral_contrast:
        mean: [-3.50056012621e-07, 5.32196722247e-08, -1.82114717973e-07, -9.37040454119e-08, -2.25380063057e-07, 1.55067368723e-07, -3.35615732183e-06, -3.54495159627e-06, -4.93034394822e-06, -4.69490532851e-06, 1.56968144438e-06, 1.55415648351e-06]
        var: [0.000384377955925, 0.000634113093838, 0.000973258516751, 0.00176940008532, 0.00295580434613, 0.00331157189794, 0.0527426749468, 0.0598030053079, 0.0911935195327, 0.194731727242, 0.475519686937, 0.629982173443]

rhythm:
    beats_loudness:
        dmean: 0.00285782502033
        dmean2: 0.00509752193466
        dvar: 2.56375801655e-06
        dvar2: 6.99101792634e-06
        max: 0.0106621878222
        mean: 0.00578443380073
        min: 0.00331754470244
        var: 4.28525891039e-06
    beats_loudness_bass:
        dmean: 0.112664073706
        dmean2: 0.174701720476
        dvar: 0.00856675300747
        dvar2: 0.0146725010127
        max: 0.348925292492
        mean: 0.116975747049
        min: 0.00552756432444
        var: 0.0127609781921
    bpm: 102.119033813
    bpm_confidence: 0
    first_peak_bpm: 102
    first_peak_spread: 0
    first_peak_weight: 0.9375
    onset_rate: 2.99072289467
    second_peak_bpm: 76
    second_peak_spread: 0
    second_peak_weight: 0.0625
    beats_position: [0.208007276058, 0.793862402439, 1.37971746922, 1.96557247639, 2.55142760277, 3.13728284836, 3.72313761711, 4.3089928627, 4.89484834671, 5.48070335388, 6.26696157455, 6.85760879517, 7.44825601578, 8.03890323639, 8.62955093384, 9.22019863129, 9.81084537506]
    bpm_estimates: [102.557548523, 102.5965271, 102.270500183, 102.390075684, 101.834365845, 101.549484253, 102.697433472, 102.806808472, 103.044311523, 101.592544556, 101.975898743, 101.481468201, 101.45249176, 101.416976929]
    bpm_intervals: [0.585855126381, 0.585855066776, 0.585855007172, 0.585855126381, 0.58585524559, 0.585854768753, 0.58585524559, 0.585855484009, 0.585855007172, 0.786258220673, 0.590647220612, 0.590647220612, 0.590647220612, 0.590647697449, 0.590647697449, 0.590646743774]
    onset_times: [0.0580498874187, 0.162539675832, 0.476009070873, 0.789478480816, 1.06811785698, 1.38158726692, 1.90403628349, 1.96208620071, 2.27555561066, 2.84444451332, 3.14630389214, 3.43655323982, 3.75002264977, 4.31891155243, 4.6439909935, 5.20126962662, 5.38702964783, 5.49151945114, 5.78176879883, 6.62929725647, 6.66412687302, 7.14013624191, 7.53487539291, 7.8251247406, 8.0224943161, 8.15020370483, 8.42884349823, 8.91646289825, 9.54340171814, 10.0310201645]
    rubato_start: []
    rubato_stop: []
    perceptual_tempo: "unknown"

sfx:
    inharmonicity:
        dmean: 0.0442042574286
        dmean2: 0.0796551331878
        dvar: 0.00357276457362
        dvar2: 0.0105150165036
        max: 0.410362333059
        mean: 0.0447049066424
        min: 0.000198626614292
        var: 0.00285726017319
    oddtoevenharmonicenergyratio:
        dmean: 3.72933363914
        dmean2: 7.13020467758
        dvar: 229.869903564
        dvar2: 676.35736084
        max: 187.313583374
        mean: 2.30033588409
        min: 0.000377170887077
        var: 121.44758606
    pitch_after_max_to_before_max_energy_ratio: 23.7550868988
    pitch_centroid: 218.996032715
    pitch_max_to_total: 0.0651162788272
    pitch_min_to_total: 0.74883723259
    tristimulus:
        dmean: [0.197859704494, 0.229722172022, 0.118201598525]
        dmean2: [0.34129217267, 0.393577814102, 0.210565418005]
        dvar: [0.0261837057769, 0.0374915339053, 0.0116673158482]
        dvar2: [0.0697623044252, 0.105492092669, 0.0325025841594]
        max: [0.927307963371, 0.955014526844, 0.649238586426]
        mean: [0.376610845327, 0.417275190353, 0.134812071919]
        min: [0.0055414061062, 0, 0]
        var: [0.0389247611165, 0.0502269528806, 0.0144704533741]

tonal:
    chords_changes_rate: 0.0694444477558
    chords_number_rate: 0.0277777779847
    chords_strength:
        dmean: 0.00861120037735
        dmean2: 0.00778100639582
        dvar: 4.55853551102e-05
        dvar2: 5.81973690714e-05
        max: 0.531387031078
        mean: 0.39659589529
        min: 0.262498795986
        var: 0.00343598006293
    key_strength: 0.656049311161
    tuning_diatonic_strength: 0.572903394699
    tuning_equal_tempered_deviation: 0.0840020626783
    tuning_frequency: 442.293365479
    tuning_nontempered_energy_ratio: 0.700138568878
    hpcp:
        dmean: [0.182233974338, 0.133894592524, 0.0796837136149, 0.0757277309895, 0.082843914628, 0.0760278776288, 0.0657430365682, 0.0635600313544, 0.135141909122, 0.205823764205, 0.173260033131, 0.0736536309123, 0.0795592218637, 0.118356131017, 0.178683653474, 0.168249085546, 0.157359823585, 0.0776704549789, 0.0603787861764, 0.0349145196378, 0.0342806391418, 0.0650096833706, 0.0625066906214, 0.0646562948823, 0.0755002722144, 0.0704235509038, 0.0722622424364, 0.0798898413777, 0.1347258389, 0.191374734044, 0.204002156854, 0.239703938365, 0.206188604236, 0.164416581392, 0.132762387395, 0.167991831899]
        dmean2: [0.296495944262, 0.232479244471, 0.13853430748, 0.132629618049, 0.148859083652, 0.129810228944, 0.108561739326, 0.109271712601, 0.221052840352, 0.35200765729, 0.289571136236, 0.124526597559, 0.138062626123, 0.211322292686, 0.30233964324, 0.275437176228, 0.263613164425, 0.122629635036, 0.102744787931, 0.0620715357363, 0.0576225705445, 0.108798451722, 0.105831421912, 0.10809559375, 0.126863390207, 0.121869124472, 0.116287149489, 0.129578217864, 0.228453218937, 0.307632386684, 0.327029198408, 0.37319073081, 0.34159001708, 0.264050573111, 0.23297521472, 0.292243540287]
        dvar: [0.0357729047537, 0.023675205186, 0.0187292359769, 0.0171354841441, 0.0218084305525, 0.00880322698504, 0.00524433236569, 0.0121284993365, 0.0182546507567, 0.0463448055089, 0.0296703875065, 0.00706151966006, 0.0186286363751, 0.0296462643892, 0.0342780947685, 0.0330575592816, 0.027399148792, 0.0133731020615, 0.0180067494512, 0.00792682264, 0.00236667343415, 0.0107702398673, 0.00691665988415, 0.00476599670947, 0.00906000472605, 0.00906322803348, 0.00923580955714, 0.0111441668123, 0.0336808264256, 0.0396204143763, 0.0418203398585, 0.049892231822, 0.0590398199856, 0.0506799891591, 0.0518155656755, 0.0316845215857]
        dvar2: [0.0885739251971, 0.0662205442786, 0.0512615628541, 0.042766392231, 0.0608932487667, 0.0253082662821, 0.0135184405372, 0.034633345902, 0.0441276431084, 0.0928257703781, 0.0788099616766, 0.0174694303423, 0.0480775907636, 0.0846477374434, 0.0979075282812, 0.0654213428497, 0.0795306563377, 0.0310057234019, 0.0502149909735, 0.022451210767, 0.00631309393793, 0.0287202838808, 0.0191513840109, 0.0120160337538, 0.023800721392, 0.0221342928708, 0.0194792076945, 0.0269024278969, 0.0840325579047, 0.101195968688, 0.101307064295, 0.123050369322, 0.129889681935, 0.131260618567, 0.140760153532, 0.0931291505694]
        max: [1, 0.816583931446, 0.899491250515, 1, 1, 0.866806328297, 0.457874327898, 0.833838403225, 1, 1, 1, 0.555489718914, 0.88270264864, 1, 1, 1, 1, 1, 1, 0.784166812897, 0.472070217133, 1, 0.659735321999, 0.551443994045, 0.652169287205, 0.645273208618, 1, 0.814596235752, 1, 1, 1, 1, 1, 1, 1, 1]
        mean: [0.368584126234, 0.222530633211, 0.0953393504024, 0.100900903344, 0.10879920423, 0.113105490804, 0.0987725928426, 0.0829939991236, 0.230137884617, 0.45136988163, 0.318906366825, 0.104768335819, 0.098202124238, 0.129253983498, 0.330697745085, 0.497001439333, 0.307562470436, 0.101610839367, 0.0613065697253, 0.0350222997367, 0.0499046109617, 0.092681452632, 0.0883376672864, 0.0902716517448, 0.115951113403, 0.111340560019, 0.120086498559, 0.124792717397, 0.149093091488, 0.274821966887, 0.408133149147, 0.420889288187, 0.305826336145, 0.189853832126, 0.155773103237, 0.268204987049]
        min: [0.00868393480778, 0.00673565361649, 0.00150684895925, 0.00256390077993, 0.00346943526529, 0.00273274979554, 0.00223249220289, 0.00326490658335, 0.0158749315888, 0.0188862923533, 0.00842254236341, 0.00602660141885, 0.00247519882396, 0.00670951651409, 0.0119911376387, 0.0159884672612, 0.0122013902292, 0.00390955759212, 0.00214536883868, 0.00133733428083, 0.00444577494636, 0.00288450787775, 0.00224605365656, 0.00176351342816, 0.00328850047663, 0.00607453333214, 0.00778297940269, 0.00699624512345, 0.00330661679618, 0.00437527848408, 0.00703961262479, 0.00329348933883, 0.0053441170603, 0.00118474720512, 0.00491761881858, 0.00735382223502]
        var: [0.0821534246206, 0.0332049243152, 0.0142627106979, 0.0167011190206, 0.0199939254671, 0.0100818416104, 0.00610966188833, 0.00888730399311, 0.0298328083009, 0.111531928182, 0.0652852579951, 0.0115687707439, 0.0192142035812, 0.0336514562368, 0.0654962733388, 0.125881001353, 0.0529020987451, 0.0163990110159, 0.0123478304595, 0.00515883322805, 0.00290455715731, 0.0122772082686, 0.00714901695028, 0.00670748250559, 0.0115967998281, 0.012374506332, 0.0187031831592, 0.0160312633961, 0.0331378988922, 0.0675508156419, 0.102287374437, 0.110615424812, 0.107003390789, 0.0732864439487, 0.060911718756, 0.0484949313104]
    chords_histogram: [32.8703689575, 0, 20.3703708649, 0, 0, 0, 0, 0, 0, 0, 0, 0, 0, 1.85185182095, 0, 24.5370368958, 0, 6.94444465637, 0, 0.925925910473, 0, 0, 12.5, 0]
    thpcp: [1, 0.618836164474, 0.204447776079, 0.123352900147, 0.0704671964049, 0.100411400199, 0.186481252313, 0.177741274238, 0.181632578373, 0.233301356435, 0.224024623632, 0.241622030735, 0.251091271639, 0.299985229969, 0.55296009779, 0.821191072464, 0.846857309341, 0.615342974663, 0.381998568773, 0.31342586875, 0.539646327496, 0.741615831852, 0.447746455669, 0.191829130054, 0.203019335866, 0.218911245465, 0.227575778961, 0.198737040162, 0.166989460588, 0.463052749634, 0.908186256886, 0.641660869122, 0.210800871253, 0.197589218616, 0.260067611933, 0.665385901928]
    chords_key: "G"
    chords_scale: "major"
    key_key: "G"
    key_scale: "major"
    chords_progression: ["Fm", "Fm", "Fm", "D", "D", "D", "D", "D", "D", "D", "D", "D", "D", "D", "D", "D", "D", "D", "D", "D", "D", "Dm", "Dm", "Fm", "D", "D", "D", "D", "D", "C", "C", "C", "C", "C", "C", "C", "C", "C", "C", "C", "C", "C", "C", "C", "C", "C", "C", "C", "C", "C", "C", "C", "C", "C", "C", "G", "G", "G", "G", "G", "G", "G", "G", "G", "G", "G", "G", "G", "G", "G", "G", "G", "G", "G", "G", "G", "G", "G", "G", "G", "G", "G", "G", "G", "G", "G", "G", "G", "G", "G", "G", "G", "G", "G", "G", "G", "G", "G", "G", "Gm", "Gm", "Gm", "Gm", "Gm", "Gm", "D", "D", "D", "D", "D", "D", "D", "D", "D", "D", "D", "D", "D", "D", "D", "D", "D", "D", "D", "D", "D", "Gm", "Gm", "Gm", "Gm", "Gm", "Cm", "Cm", "Cm", "Cm", "Cm", "Cm", "Cm", "Cm", "Cm", "Cm", "Cm", "Cm", "Cm", "Cm", "Cm", "Cm", "Cm", "Cm", "Cm", "Cm", "Cm", "Cm", "Cm", "Cm", "G", "G", "G", "G", "G", "G", "G", "G", "G", "G", "G", "G", "G", "G", "G", "G", "G", "G", "G", "G", "G", "G", "G", "Gm", "Gm", "Gm", "Gm", "G", "G", "G", "G", "C", "Cm", "Cm", "Cm", "Cm", "Cm", "Cm", "Cm", "Cm", "Cm", "Cm", "Cm", "Cm", "Cm", "Cm", "Cm", "Cm", "Cm", "Cm", "Cm", "Cm", "Cm", "Cm", "Cm", "Cm", "Cm", "Cm", "Cm", "Cm", "Cm"]
