
metadata:
    version:
        essentia: "1.2.2"
    audio_properties:
        analysis_sample_rate: 44100
        bitrate: 128
        channels: 2
        equal_loudness: 1
        length: 10.1616325378
        replay_gain: -14.3877162933
        downmix: "mix"
    tags:
        track: 9
        year: 0
        album: "Splitted by Mp3Splt v. 2.1"
        artist: "From 001.20 To 001.30"
        comment: "http://mp3splt.sf.net"
        genre: ""
        title: "04 More Than a Woman.mp3"

highlevel:
    ballroom:
        all:
            ChaChaCha: 0.200118392706
            Jive: 0.111329093575
            Quickstep: 0.0848790109158
            Rumba-American: 0.00738917291164
            Rumba-International: 0.130251139402
            Rumba-Misc: 0.187570169568
            Samba: 0.22278496623
            Tango: 0.00592662580311
            VienneseWaltz: 0.0381178930402
            Waltz: 0.0116335321218
        probability: 0.22278496623
        value: "Samba"
    culture:
        all:
            non_western: 0.088827162981
            western: 0.911172807217
        probability: 0.911172807217
        value: "western"
    gender:
        all:
            female: 0.30328181386
            male: 0.696718156338
        probability: 0.696718156338
        value: "male"
    genre_dortmund:
        all:
            alternative: 0.0142439957708
            blues: 0.0189855694771
            electronic: 0.00546980462968
            folkcountry: 0.0198739450425
            funksoulrnb: 0.095062084496
            jazz: 0.0150934513658
            pop: 0.10507080704
            raphiphop: 0.695406496525
            rock: 0.0307938307524
        probability: 0.695406496525
        value: "raphiphop"
    genre_electronica:
        all:
            ambient: 0.206251084805
            dnb: 0.154908075929
            house: 0.523646175861
            techno: 0.0239191036671
            trance: 0.0912755504251
        probability: 0.523646175861
        value: "house"
    genre_rosamerica:
        all:
            cla: 0.00652356026694
            dan: 0.081075578928
            hip: 0.0483537763357
            jaz: 0.00729790702462
            pop: 0.443968594074
            rhy: 0.377969503403
            roc: 0.0186023823917
            spe: 0.0162087064236
        probability: 0.443968594074
        value: "pop"
    genre_tzanetakis:
        all:
            blu: 0.000202981536859
            cla: 0.000317325931974
            cou: 0.00364923058078
            dis: 0.0101722013205
            hip: 0.110163554549
            jaz: 0.000214669824345
            met: 0.000710368680302
            pop: 0.815484464169
            reg: 0.0496876873076
            roc: 0.00939753837883
        probability: 0.815484464169
        value: "pop"
    live_studio:
        all:
            live: 0.0812173932791
            studio: 0.91878259182
        probability: 0.91878259182
        value: "studio"
    mood:
        all:
            Cluster1: 0.103390514851
            Cluster2: 0.419397771358
            Cluster3: 0.234129279852
            Cluster4: 0.191487088799
            Cluster5: 0.0515953488648
        probability: 0.419397771358
        value: "Cluster2"
    mood_acoustic:
        all:
            acoustic: 0.0368059054017
            not_acoustic: 0.963194072247
        probability: 0.963194072247
        value: "not_acoustic"
    mood_aggressive:
        all:
            aggressive: 0.0576384700835
            not_aggressive: 0.942361533642
        probability: 0.942361533642
        value: "not_aggressive"
    mood_electronic:
        all:
            electronic: 0.858079135418
            not_electronic: 0.141920849681
        probability: 0.858079135418
        value: "electronic"
    mood_happy:
        all:
            happy: 0.896901011467
            not_happy: 0.103099018335
        probability: 0.896901011467
        value: "happy"
    mood_party:
        all:
            not_party: 0.384760022163
            party: 0.615239977837
        probability: 0.615239977837
        value: "party"
    mood_relaxed:
        all:
            not_relaxed: 0.78779822588
            relaxed: 0.21220177412
        probability: 0.78779822588
        value: "not_relaxed"
    mood_sad:
        all:
            not_sad: 0.579707503319
            sad: 0.420292466879
        probability: 0.579707503319
        value: "not_sad"
    rhythm:
        all:
            fast: 0.25154158473
            medium: 0.586775183678
            slow: 0.161683246493
        probability: 0.586775183678
        value: "medium"
    speech_music:
        all:
            music: 0.998144984245
            speech: 0.00185502588283
        probability: 0.998144984245
        value: "music"
    timbre:
        all:
            bright: 0.0218911767006
            dark: 0.978108823299
        probability: 0.978108823299
        value: "dark"
    voice_instrumental:
        all:
            instrumental: 0.000343049119692
            voice: 0.999656975269
        probability: 0.999656975269
        value: "voice"

lowlevel:
    average_loudness: 0.932942569256
    barkbands_kurtosis:
        dmean: 1.8928771019
        dmean2: 2.92560791969
        dvar: 9.76346874237
        dvar2: 22.2842350006
        max: 29.1993751526
        mean: 1.23287796974
        min: -1.85065317154
        var: 14.5628805161
    barkbands_skewness:
        dmean: 0.548835337162
        dmean2: 0.791610956192
        dvar: 0.391379594803
        dvar2: 0.866892278194
        max: 5.13208246231
        mean: 1.03503155708
        min: -3.69151902199
        var: 1.06025028229
    barkbands_spread:
        dmean: 6.28390836716
        dmean2: 9.64378643036
        dvar: 49.3682823181
        dvar2: 112.719558716
        max: 61.1259269714
        mean: 24.6836071014
        min: 3.62233734131
        var: 127.833618164
    dissonance:
        dmean: 0.0262423697859
        dmean2: 0.0427472628653
        dvar: 0.000623147003353
        dvar2: 0.0015023893211
        max: 0.49856197834
        mean: 0.438342124224
        min: 0.258870482445
        var: 0.0015011485666
    hfc:
        dmean: 1.62059080601
        dmean2: 2.39711332321
        dvar: 7.54159116745
        dvar2: 18.7132263184
        max: 22.8762302399
        mean: 3.89948177338
        min: 0.0661416351795
        var: 10.8346824646
    pitch:
        dmean: 435.234741211
        dmean2: 834.363830566
        dvar: 1185598.25
        dvar2: 2847063.5
        max: 5512.5
        mean: 591.648376465
        min: 72.5328979492
        var: 1133043.625
    pitch_instantaneous_confidence:
        dmean: 0.109292365611
        dmean2: 0.160665690899
        dvar: 0.00937506556511
        dvar2: 0.0191176198423
        max: 0.950743377209
        mean: 0.512237131596
        min: 0.139558970928
        var: 0.0372006334364
    pitch_salience:
        dmean: 0.0702066197991
        dmean2: 0.114637069404
        dvar: 0.00449538975954
        dvar2: 0.0118184396997
        max: 0.830447018147
        mean: 0.609427630901
        min: 0.317554116249
        var: 0.00939452461898
    silence_rate_20dB:
        dmean: 0
        dmean2: 0
        dvar: 0
        dvar2: 0
        max: 1
        mean: 1
        min: 1
        var: 0
    silence_rate_30dB:
        dmean: 0
        dmean2: 0
        dvar: 0
        dvar2: 0
        max: 1
        mean: 1
        min: 1
        var: 0
    silence_rate_60dB:
        dmean: 0.146118715405
        dmean2: 0.292906165123
        dvar: 0.124768234789
        dvar2: 0.234571650624
        max: 1
        mean: 0.558086574078
        min: 0
        var: 0.246626794338
    spectral_centroid:
        dmean: 305.919036865
        dmean2: 449.151184082
        dvar: 178962.515625
        dvar2: 358801.6875
        max: 5531.02099609
        mean: 1184.79016113
        min: 279.295684814
        var: 496902.5
    spectral_complexity:
        dmean: 2.93821501732
        dmean2: 4.63761472702
        dvar: 20.5064945221
        dvar2: 43.5292205811
        max: 38
        mean: 8.80593585968
        min: 0
        var: 34.8413085938
    spectral_crest:
        dmean: 2.49562335014
        dmean2: 3.93307518959
        dvar: 5.46094989777
        dvar2: 12.7694358826
        max: 22.6292037964
        mean: 9.16058254242
        min: 2.90284705162
        var: 15.0368757248
    spectral_decrease:
        dmean: 3.23837845428e-10
        dmean2: 4.97539009991e-10
        dvar: 2.57039964701e-19
        dvar2: 6.13374069748e-19
        max: -1.35562993123e-11
        mean: -8.63755733604e-10
        min: -4.19069134949e-09
        var: 4.8107418219e-19
    spectral_energy:
        dmean: 0.00134456716478
        dmean2: 0.00206120475195
        dvar: 4.47711727247e-06
        dvar2: 1.07875357571e-05
        max: 0.017707740888
        mean: 0.00361370597966
        min: 5.71638229303e-05
        var: 8.0806285041e-06
    spectral_energyband_high:
        dmean: 0.000106817984488
        dmean2: 0.000162944532349
        dvar: 3.5477157212e-08
        dvar2: 8.72256720186e-08
        max: 0.0012578566093
        mean: 0.000159867282491
        min: 6.72488980058e-08
        var: 4.54786857063e-08
    spectral_energyband_low:
        dmean: 0.000138344548759
        dmean2: 0.000192282706848
        dvar: 9.30825905243e-08
        dvar2: 1.73836014028e-07
        max: 0.00246600527316
        mean: 0.00021475450194
        min: 9.62316537567e-09
        var: 1.8446216643e-07
    spectral_energyband_middle_high:
        dmean: 0.000466697645606
        dmean2: 0.000684763304889
        dvar: 7.14908026112e-07
        dvar2: 1.71300803231e-06
        max: 0.00771222310141
        mean: 0.00101373752113
        min: 7.6139531302e-06
        var: 1.03667150597e-06
    spectral_energyband_middle_low:
        dmean: 0.000915246375371
        dmean2: 0.00147057394497
        dvar: 1.85841940947e-06
        dvar2: 4.65320590592e-06
        max: 0.0103925410658
        mean: 0.00222526839934
        min: 9.70945438894e-06
        var: 3.7560794226e-06
    spectral_flatness_db:
        dmean: 0.0279132705182
        dmean2: 0.0393853001297
        dvar: 0.00074555183528
        dvar2: 0.00127234274987
        max: 0.4106567204
        mean: 0.195417657495
        min: 0.0617922730744
        var: 0.00327640678734
    spectral_flux:
        dmean: 0.0117382341996
        dmean2: 0.0181412715465
        dvar: 0.000161693576956
        dvar2: 0.000366873398889
        max: 0.11119735986
        mean: 0.0355601124465
        min: 0.00217672903091
        var: 0.000346887478372
    spectral_kurtosis:
        dmean: 2.81194400787
        dmean2: 4.59356832504
        dvar: 14.2627134323
        dvar2: 36.1629524231
        max: 56.2917442322
        mean: 5.31461572647
        min: -1.34585988522
        var: 32.0211906433
    spectral_rms:
        dmean: 0.000326646899339
        dmean2: 0.000480455579236
        dvar: 1.79835978997e-07
        dvar2: 3.87491922993e-07
        max: 0.00415642186999
        mean: 0.00174536625855
        min: 0.000236155843595
        var: 4.79267953324e-07
    spectral_rolloff:
        dmean: 668.021972656
        dmean2: 1064.46044922
        dvar: 810308.6875
        dvar2: 1625380.5
        max: 8074.95117188
        mean: 2245.35205078
        min: 258.3984375
        var: 1970254.125
    spectral_skewness:
        dmean: 0.36073321104
        dmean2: 0.572430551052
        dvar: 0.133624374866
        dvar2: 0.337429791689
        max: 5.40918207169
        mean: 1.58797872066
        min: -0.0314235165715
        var: 0.410840660334
    spectral_spread:
        dmean: 1240110.75
        dmean2: 1863785.25
        dvar: 3.29146381107e+12
        dvar2: 6.59999739085e+12
        max: 16034930
        mean: 4842798
        min: 1188958.75
        var: 6.8567999447e+12
    spectral_strongpeak:
        dmean: 0.252336323261
        dmean2: 0.433141440153
        dvar: 0.164467781782
        dvar2: 0.428396522999
        max: 3.26615047455
        mean: 0.463900119066
        min: 0.0155153879896
        var: 0.187224805355
    zerocrossingrate:
        dmean: 0.0129791190848
        dmean2: 0.0150056891143
        dvar: 0.000199718633667
        dvar2: 0.000233822822338
        max: 0.26513671875
        mean: 0.0705454945564
        min: 0.01416015625
        var: 0.00116396485828
    barkbands:
        dmean: [7.74192074005e-07, 4.60405826743e-05, 0.000127453255118, 0.000202232389711, 0.000326144945575, 0.000266162620392, 0.000262187968474, 0.000148597420775, 0.00015269657888, 0.000115237133286, 4.35059191659e-05, 5.95719648118e-05, 4.27559534728e-05, 4.04554339184e-05, 4.27717459388e-05, 6.22595471214e-05, 5.87942486163e-05, 9.08270521904e-05, 8.25502138468e-05, 9.1068308393e-05, 3.98157681047e-05, 1.86530087376e-05, 7.2606858339e-06, 5.0854937399e-06, 3.06498623104e-06, 1.54628850169e-07, 7.49439899028e-10]
        dmean2: [9.60515762927e-07, 7.63882635511e-05, 0.000194735752302, 0.000313655909849, 0.000530372199137, 0.000431306310929, 0.000440280738985, 0.00023756059818, 0.000234772960539, 0.000179436567123, 6.2682236603e-05, 9.54715433181e-05, 6.90449014655e-05, 6.37794437353e-05, 7.17850125511e-05, 9.81903285719e-05, 9.25664135139e-05, 0.000132937260787, 0.000127727282234, 0.000141576092574, 6.21331782895e-05, 2.90179941658e-05, 1.15681414172e-05, 8.53900928632e-06, 5.05641173731e-06, 2.69560302968e-07, 1.34192512657e-09]
        dvar: [2.26919828414e-12, 1.36755033964e-08, 1.02563639359e-07, 2.89611989501e-07, 2.11238926795e-07, 1.92208489125e-07, 3.93821778744e-07, 5.63974040801e-08, 1.26668481926e-07, 5.84718833352e-08, 7.15453651878e-09, 2.24502976209e-08, 1.21843743983e-08, 7.49391926291e-09, 8.03405963978e-09, 1.76816428166e-08, 1.29845219021e-08, 2.2604845995e-08, 9.59800683376e-09, 3.21495683409e-08, 5.65578872624e-09, 1.40657774317e-09, 2.06944142378e-10, 1.03161576503e-10, 4.7202793757e-11, 1.51828175683e-13, 2.39447073843e-18]
        dvar2: [2.78672809655e-12, 3.55376457151e-08, 2.27252655804e-07, 6.27357280791e-07, 5.42543091342e-07, 4.37159769717e-07, 1.05263211481e-06, 1.38872167099e-07, 3.22196711977e-07, 1.31431335149e-07, 1.43123042307e-08, 5.56817845165e-08, 2.96244131448e-08, 1.75239396327e-08, 1.80717236731e-08, 4.58843913975e-08, 3.31064846648e-08, 4.20350225738e-08, 2.13255813009e-08, 8.01884780799e-08, 1.25738583989e-08, 3.38733086025e-09, 4.79157991062e-10, 2.3951796102e-10, 1.20113849422e-10, 4.1590984671e-13, 6.60080988472e-18]
        max: [2.29455254157e-05, 0.000925404659938, 0.00239180424251, 0.00506942719221, 0.00353413494304, 0.00635367352515, 0.00528588891029, 0.00270064314827, 0.00558429490775, 0.00245878635906, 0.00100913702045, 0.00127975991927, 0.000947599241044, 0.000918939476833, 0.00080775906099, 0.00096659938572, 0.000862933287863, 0.00202999380417, 0.000829016091302, 0.00208345451392, 0.000532517326064, 0.000411261949921, 0.000122864847071, 0.000106429819425, 7.76702727308e-05, 2.57203373621e-06, 1.14712417343e-08]
        mean: [2.61407399194e-06, 6.57822965877e-05, 0.000146441831021, 0.000275293365121, 0.000532402598765, 0.000516491010785, 0.000350673915818, 0.000269042764558, 0.000239302797127, 0.000162036900292, 7.56023437134e-05, 7.61896299082e-05, 5.60447369935e-05, 5.59393411095e-05, 5.40700202691e-05, 9.10085000214e-05, 0.000104605154775, 0.000179807451786, 0.000136865419336, 0.000131047228933, 5.43416645087e-05, 2.08835135709e-05, 8.78739047039e-06, 5.30554234501e-06, 3.00708666146e-06, 1.22569261407e-07, 5.40078093358e-10]
        min: [5.80288508217e-12, 2.50536014157e-09, 8.52812154228e-10, 6.25611229488e-10, 5.25384500349e-08, 2.09632432302e-07, 2.86502853442e-07, 1.0590414945e-07, 6.8294504274e-08, 6.7402297077e-08, 2.4524473119e-08, 4.34266596017e-08, 2.82064558377e-08, 6.83565133386e-08, 2.48755128496e-07, 6.68038637741e-08, 2.15389945879e-08, 1.61886177352e-07, 3.75340277969e-07, 1.33065370278e-07, 1.71437992691e-08, 1.27944446704e-10, 1.78863743261e-10, 1.27518676174e-10, 7.82717571313e-11, 7.34071050473e-12, 1.31774965424e-14]
        var: [1.63658947505e-11, 1.44152521031e-08, 1.37236156661e-07, 4.52160719533e-07, 3.40768508522e-07, 6.34059858839e-07, 3.27931076072e-07, 1.86079887499e-07, 2.34366055452e-07, 9.89365247506e-08, 2.00513792237e-08, 2.96264577315e-08, 1.34671234164e-08, 1.1575982839e-08, 1.04042960913e-08, 2.51463312395e-08, 2.5953251992e-08, 6.43154010049e-08, 1.99714182969e-08, 4.32187796662e-08, 7.42725658753e-09, 2.28065011321e-09, 3.62925328679e-10, 1.7745946379e-10, 7.05767527753e-11, 1.08987654784e-13, 1.57505642125e-18]
    mfcc:
        mean: [-765.268859863, 125.199958801, -45.7581825256, 45.3923034668, -22.4932727814, -30.7073726654, -9.6705083847, -14.8034114838, -12.6840200424, -5.91094827652, -11.8289365768, -6.62550210953, -5.83173179626]
        cov: [[4298.94433594, -907.686340332, 507.660675049, -98.6779251099, -52.44896698, 422.154327393, 121.038078308, 227.604156494, 127.18296051, -59.8000411987, -75.731048584, -98.3808364868, -148.268218994], [-907.686340332, 2756.55322266, -759.479919434, 495.940765381, 199.276123047, 2.62521338463, 571.772277832, 63.747127533, 153.089416504, 248.063919067, 126.148239136, 133.433822632, 109.995872498], [507.660675049, -759.479919434, 1066.8996582, 146.240386963, 185.621337891, 358.303741455, -16.6981945038, 141.824752808, 66.4073562622, -61.2120819092, 96.6417770386, -11.5035543442, -28.0560913086], [-98.6779251099, 495.940765381, 146.240386963, 780.597106934, 352.46484375, 44.3207473755, 66.4109268188, 233.824203491, 234.09777832, 68.7927932739, 38.9945373535, 122.221618652, 54.8166465759], [-52.44896698, 199.276123047, 185.621337891, 352.46484375, 387.592224121, 79.9772415161, 101.058639526, 163.843429565, 149.493240356, 91.8438339233, 38.7183685303, 65.6819381714, 39.5072593689], [422.154327393, 2.62521338463, 358.303741455, 44.3207473755, 79.9772415161, 720.961730957, 240.684967041, 133.265640259, 99.8066558838, 53.6776199341, 161.054489136, -32.4637336731, 85.2559967041], [121.038078308, 571.772277832, -16.6981945038, 66.4109268188, 101.058639526, 240.684967041, 434.96987915, 102.338661194, 105.973022461, 105.852867126, 85.9617233276, 23.9043445587, 43.629196167], [227.604156494, 63.747127533, 141.824752808, 233.824203491, 163.843429565, 133.265640259, 102.338661194, 280.071228027, 124.657241821, 66.649810791, -3.3112347126, 39.5197219849, 32.4644050598], [127.18296051, 153.089416504, 66.4073562622, 234.09777832, 149.493240356, 99.8066558838, 105.973022461, 124.657241821, 221.255691528, 51.6262168884, 35.643447876, 50.2584991455, 48.7635574341], [-59.8000411987, 248.063919067, -61.2120819092, 68.7927932739, 91.8438339233, 53.6776199341, 105.852867126, 66.649810791, 51.6262168884, 186.965103149, 9.1179561615, 15.1316385269, 33.9786148071], [-75.731048584, 126.148239136, 96.6417770386, 38.9945373535, 38.7183685303, 161.054489136, 85.9617233276, -3.3112347126, 35.643447876, 9.1179561615, 136.198425293, 26.1218242645, 31.3308887482], [-98.3808364868, 133.433822632, -11.5035543442, 122.221618652, 65.6819381714, -32.4637336731, 23.9043445587, 39.5197219849, 50.2584991455, 15.1316385269, 26.1218242645, 118.680252075, 27.0163097382], [-148.268218994, 109.995872498, -28.0560913086, 54.8166465759, 39.5072593689, 85.2559967041, 43.629196167, 32.4644050598, 48.7635574341, 33.9786148071, 31.3308887482, 27.0163097382, 96.5450668335]]
        icov: [[0.000335863034707, 0.000105633065687, 6.98728911175e-07, 9.46026830206e-06, 0.000148459541379, -0.000260686385445, -0.000169426784851, -0.000152839231305, -0.000314905628329, 5.81151398364e-05, 0.00037637661444, -3.80885612685e-05, 0.000714809400961], [0.000105633065687, 0.00103291601408, 0.000716703129001, -0.000885254237801, 9.51797337621e-05, 6.38163692201e-05, -0.00127847271506, 0.000302125117742, 0.000435541587649, -0.000346774235368, -0.000566375616472, -2.52196659858e-05, 0.00017007846327], [6.98728911175e-07, 0.000716703129001, 0.00212228135206, -0.000502434093505, -0.000872459670063, -0.00078314752318, -0.000188530524611, -0.000339345977409, 0.0003868987842, 0.000514969404321, -0.0011946837185, 6.9089976023e-05, 0.00132613652386], [9.46026830206e-06, -0.000885254237801, -0.000502434093505, 0.00366742024198, -0.00175652932376, 5.04092931806e-05, 0.0016022385098, -0.0013634491479, -0.0019429345848, 0.00066961516859, 0.000146325313835, -0.00104411924258, 0.000193874759134], [0.000148459541379, 9.51797337621e-05, -0.000872459670063, -0.00175652932376, 0.0058031976223, 0.000494191481266, -0.000638738507405, -0.000765819218941, -0.00088365341071, -0.00176706432831, -0.000297394901281, -0.000249420467298, -0.000167087448062], [-0.000260686385445, 6.38163692201e-05, -0.00078314752318, 5.04092931806e-05, 0.000494191481266, 0.00355059839785, -0.00106604711618, -0.0010572464671, 0.000158272305271, -0.000281586224446, -0.00314706680365, 0.00214539747685, -0.00278954720125], [-0.000169426784851, -0.00127847271506, -0.000188530524611, 0.0016022385098, -0.000638738507405, -0.00106604711618, 0.00544782541692, -0.00114841363393, -0.00149097759277, -0.000720767886378, -0.000941572419833, -0.000263386842562, 0.000744931749068], [-0.000152839231305, 0.000302125117742, -0.000339345977409, -0.0013634491479, -0.000765819218941, -0.0010572464671, -0.00114841363393, 0.00728065008298, -0.00106220447924, -0.00101744697895, 0.00331193581223, -0.00120547774713, -0.00042850812315], [-0.000314905628329, 0.000435541587649, 0.0003868987842, -0.0019429345848, -0.00088365341071, 0.000158272305271, -0.00149097759277, -0.00106220447924, 0.00906273256987, -0.000171385734575, -0.000985445803963, -0.000543044588994, -0.00255682552233], [5.81151398364e-05, -0.000346774235368, 0.000514969404321, 0.00066961516859, -0.00176706432831, -0.000281586224446, -0.000720767886378, -0.00101744697895, -0.000171385734575, 0.00764275435358, 0.000770975952037, 0.00035274666152, -0.00105877651367], [0.00037637661444, -0.000566375616472, -0.0011946837185, 0.000146325313835, -0.000297394901281, -0.00314706680365, -0.000941572419833, 0.00331193581223, -0.000985445803963, 0.000770975952037, 0.0143667282537, -0.00367907946929, -0.000400745688239], [-3.80885612685e-05, -2.52196659858e-05, 6.9089976023e-05, -0.00104411924258, -0.000249420467298, 0.00214539747685, -0.000263386842562, -0.00120547774713, -0.000543044588994, 0.00035274666152, -0.00367907946929, 0.0123131899163, -0.00278647639789], [0.000714809400961, 0.00017007846327, 0.00132613652386, 0.000193874759134, -0.000167087448062, -0.00278954720125, 0.000744931749068, -0.00042850812315, -0.00255682552233, -0.00105877651367, -0.000400745688239, -0.00278647639789, 0.0164501741529]]
    spectral_contrast:
        mean: [-2.03283477163e-07, 1.9503340809e-07, 1.12141442798e-07, -2.45324827119e-07, 2.20251408223e-07, 1.09207141108e-08, -1.67301254805e-06, 1.3196713553e-06, -2.41460043071e-06, 8.06567868494e-07, -6.10199151652e-07, -1.38533164318e-06]
        var: [0.00102709420025, 0.00143150286749, 0.00196291459724, 0.00377052207477, 0.00618277164176, 0.00882573891431, 0.0975697413087, 0.190076842904, 0.364083021879, 0.86351954937, 2.13509273529, 3.7387444973]

rhythm:
    beats_loudness:
        dmean: 0.00315321236849
        dmean2: 0.00567721994594
        dvar: 4.92763820148e-06
        dvar2: 1.77770107257e-05
        max: 0.0114243887365
        mean: 0.00588995870203
        min: 0.00119167857338
        var: 7.20705565982e-06
    beats_loudness_bass:
        dmean: 0.283029139042
        dmean2: 0.587481856346
        dvar: 0.0446008071303
        dvar2: 0.131477326155
        max: 0.58815151453
        mean: 0.159221112728
        min: 0.000257346604485
        var: 0.0423561260104
    bpm: 87.4512710571
    bpm_confidence: 0
    first_peak_bpm: 175
    first_peak_spread: 0
    first_peak_weight: 0.550000011921
    onset_rate: 5.4125161171
    second_peak_bpm: 87
    second_peak_spread: 0
    second_peak_weight: 0.40000000596
    beats_position: [0.132679462433, 0.818776011467, 1.5048725605, 2.19096922874, 2.87706565857, 3.56316208839, 4.24925851822, 4.93535518646, 5.62145185471, 5.9897518158, 6.33230066299, 6.67484951019, 7.01739931107, 7.35994815826, 7.70249700546, 8.04504585266, 8.3875951767, 8.73014450073, 9.07269287109, 9.41524219513, 9.75779151917]
    bpm_estimates: [87.4498519897, 87.4576416016, 87.4239807129, 87.3117752075, 87.4655380249, 87.4730606079, 87.4769744873, 87.4824981689, 87.4498977661, 87.4651641846, 87.507598877]
    bpm_intervals: [0.686096549034, 0.686096549034, 0.686096668243, 0.686096429825, 0.686096429825, 0.686096429825, 0.686096668243, 0.686096668243, 0.36829996109, 0.342548847198, 0.342548847198, 0.342549800873, 0.342548847198, 0.342548847198, 0.342548847198, 0.342549324036, 0.342549324036, 0.342548370361, 0.342549324036, 0.342549324036]
    onset_times: [0.0348299331963, 0.348299324512, 0.545668959618, 0.638548731804, 0.824308395386, 0.99845802784, 1.07972788811, 1.14938771725, 1.33514738083, 1.50929701328, 1.72988665104, 1.88081634045, 2.02013611794, 2.19428563118, 2.36843538284, 2.53097510338, 2.71673464775, 2.89088439941, 3.12308382988, 3.33206343651, 3.40172338486, 3.5758728981, 3.75002264977, 3.9125623703, 4.08671188354, 4.27247142792, 4.60916090012, 4.79492044449, 4.95746040344, 5.14321994781, 5.29414987564, 5.46829938889, 5.64244890213, 5.67727899551, 5.86303853989, 5.93269824982, 5.99074840546, 6.15328788757, 6.33904743195, 6.51319742203, 6.66412687302, 6.84988641739, 7.01242637634, 7.27945566177, 7.54648542404, 7.70902490616, 7.8831744194, 8.04571437836, 8.19664382935, 8.42884349823, 8.74231338501, 8.91646289825, 9.26476192474, 9.50857162476, 9.83365058899]
    rubato_start: [5.9897518158]
    rubato_stop: [6.33230066299]
    perceptual_tempo: "unknown"

sfx:
    inharmonicity:
        dmean: 0.0408026911318
        dmean2: 0.0716289132833
        dvar: 0.00286651635543
        dvar2: 0.00755809107795
        max: 0.358407914639
        mean: 0.0388442650437
        min: 0
        var: 0.00311889359728
    oddtoevenharmonicenergyratio:
        dmean: 2.43166399002
        dmean2: 4.37518596649
        dvar: 42.9218063354
        dvar2: 117.547744751
        max: 55.9351921082
        mean: 1.74697828293
        min: 0
        var: 25.987531662
    pitch_after_max_to_before_max_energy_ratio: 1.71062910557
    pitch_centroid: 203.984649658
    pitch_max_to_total: 0.390410959721
    pitch_min_to_total: 0.367579907179
    tristimulus:
        dmean: [0.217552900314, 0.229987964034, 0.0920550376177]
        dmean2: [0.374955952168, 0.396591722965, 0.16104568541]
        dvar: [0.0406165607274, 0.0449888072908, 0.0122790709138]
        dvar2: [0.112670861185, 0.12938863039, 0.0339008681476]
        max: [1, 0.982858002186, 0.892417013645]
        mean: [0.424713253975, 0.43537735939, 0.104586578906]
        min: [0.000705637037754, 0, 0]
        var: [0.0598320774734, 0.06093762815, 0.0155795067549]

tonal:
    chords_changes_rate: 0.113636367023
    chords_number_rate: 0.0500000007451
    chords_strength:
        dmean: 0.0171658787876
        dmean2: 0.0179498717189
        dvar: 0.000176657718839
        dvar2: 0.000258681102423
        max: 0.696802854538
        mean: 0.489768087864
        min: 0.297468364239
        var: 0.00874126516283
    key_strength: 0.634310305119
    tuning_diatonic_strength: 0.50182056427
    tuning_equal_tempered_deviation: 0.156508237123
    tuning_frequency: 449.245300293
    tuning_nontempered_energy_ratio: 0.807123661041
    hpcp:
        dmean: [0.0823548957705, 0.0859184116125, 0.156998544931, 0.186034098268, 0.153026893735, 0.155448257923, 0.174641877413, 0.166986435652, 0.128993600607, 0.153920724988, 0.168427675962, 0.201344564557, 0.238153472543, 0.223632872105, 0.171132311225, 0.163709267974, 0.19337297976, 0.206138029695, 0.186582535505, 0.164631515741, 0.130100011826, 0.136382818222, 0.127331644297, 0.119871377945, 0.110146269202, 0.117580980062, 0.156986609101, 0.187235251069, 0.147354975343, 0.149458810687, 0.113935790956, 0.112999424338, 0.146789446473, 0.145857095718, 0.121280327439, 0.0997865945101]
        dmean2: [0.147372916341, 0.155042365193, 0.28373336792, 0.329593390226, 0.269019722939, 0.267428845167, 0.285210728645, 0.280752390623, 0.225572556257, 0.279794752598, 0.286835551262, 0.342732071877, 0.424069792032, 0.405468404293, 0.315036892891, 0.30309215188, 0.339469373226, 0.364613831043, 0.334983855486, 0.285006344318, 0.221809953451, 0.246174603701, 0.22349704802, 0.212672993541, 0.196282669902, 0.203797757626, 0.267480432987, 0.321239292622, 0.241771101952, 0.253100931644, 0.208300709724, 0.195814207196, 0.25224134326, 0.250867694616, 0.210918009281, 0.174897640944]
        dvar: [0.0232909992337, 0.0194540116936, 0.0570361316204, 0.0645157545805, 0.0426585152745, 0.0451096445322, 0.0450536310673, 0.049001596868, 0.0272357352078, 0.046430606395, 0.058679100126, 0.0569545663893, 0.0886671245098, 0.0699448138475, 0.0505750291049, 0.0567141249776, 0.063635610044, 0.0669466927648, 0.0626959502697, 0.0471916347742, 0.0347563363612, 0.0475177690387, 0.0387463159859, 0.0316764786839, 0.026970282197, 0.030209781602, 0.0364319160581, 0.0542043372989, 0.0327547118068, 0.0343273766339, 0.0247615221888, 0.0239642038941, 0.0410480722785, 0.0431709103286, 0.0371212586761, 0.0307487361133]
        dvar2: [0.0578853487968, 0.0493593476713, 0.158140182495, 0.161719232798, 0.105318441987, 0.105197101831, 0.101068094373, 0.122021257877, 0.0692140758038, 0.123165927827, 0.150548294187, 0.140430852771, 0.22420604527, 0.187582015991, 0.134767502546, 0.150482699275, 0.168640717864, 0.153488725424, 0.148440107703, 0.131378039718, 0.0822973549366, 0.121871501207, 0.110214680433, 0.0858809351921, 0.0742889717221, 0.07061201334, 0.0925140753388, 0.141958579421, 0.0632989183068, 0.0813114866614, 0.0619102567434, 0.0677718743682, 0.103533916175, 0.101943574846, 0.0956245735288, 0.0790621936321]
        max: [1, 1, 1, 1, 1, 1, 1, 1, 1, 1, 1, 1, 1, 1, 1, 1, 1, 1, 1, 1, 1, 1, 1, 1, 0.931912541389, 1, 1, 1, 1, 1, 1, 1, 1, 1, 1, 1]
        mean: [0.0819415524602, 0.0865155011415, 0.157128930092, 0.200368449092, 0.168075338006, 0.18317489326, 0.220997601748, 0.188759252429, 0.133197158575, 0.13380600512, 0.163423493505, 0.234694838524, 0.284996777773, 0.223720878363, 0.149665266275, 0.136062860489, 0.158788725734, 0.218696951866, 0.23256406188, 0.16388386488, 0.146077334881, 0.168576449156, 0.140620797873, 0.109621413052, 0.10400659591, 0.111069269478, 0.153600037098, 0.200733363628, 0.190862163901, 0.155169889331, 0.132503464818, 0.119563534856, 0.168894216418, 0.193688079715, 0.139073878527, 0.0983116775751]
        min: [0.000488544756081, 0.000845630653203, 0.00154551852029, 0.00157831073739, 0.00191532075405, 0.00267746252939, 0.00218801992014, 0.000113615089504, 0.000184590666322, 0.000159693459864, 0.000137487862958, 0.000119941323646, 0.000215060164919, 0.000206074517337, 6.93911060807e-05, 4.00940152758e-05, 0.000395977171138, 0.000433635956142, 0.00062882876955, 0.000613602926023, 0.000293652032269, 0.000161438336363, 3.54602962034e-05, 0.0014295077417, 0.00114402384497, 0.00076342310058, 0.000368132255971, 0.00025162048405, 0.000224031551625, 0.000107709594886, 0.000521549896803, 0.000681040342897, 0.000728614686523, 0.000676430587191, 0.000792284379713, 0.000466800120194]
        var: [0.0224598627537, 0.0213002022356, 0.0550280697644, 0.0804217085242, 0.0468285083771, 0.0570086576045, 0.0747114121914, 0.0616332627833, 0.0305915307254, 0.0397098958492, 0.061043266207, 0.0789395496249, 0.115292847157, 0.079059265554, 0.0491905547678, 0.0532058626413, 0.0592546463013, 0.086629755795, 0.087181456387, 0.0470104850829, 0.0500681623816, 0.0767106115818, 0.0485478267074, 0.029248053208, 0.0206556413323, 0.03158159554, 0.0406938940287, 0.0673074349761, 0.0578070282936, 0.0436062291265, 0.0430217906833, 0.027891676873, 0.0568683035672, 0.0742666944861, 0.0417034365237, 0.0310859363526]
    chords_histogram: [30.4545459747, 1.81818187237, 19.0909099579, 9.54545497894, 0, 0, 0, 0.909090936184, 0, 0, 4.09090900421, 1.36363637447, 2.27272725105, 0, 0, 0, 1.81818187237, 1.36363637447, 0, 0, 0, 16.3636360168, 10.9090909958, 0]
    thpcp: [1, 0.784994423389, 0.525147199631, 0.477418929338, 0.557159721851, 0.767366409302, 0.816023468971, 0.57503759861, 0.512557864189, 0.591503024101, 0.493411898613, 0.384640872478, 0.364939540625, 0.389721155167, 0.538953602314, 0.704335570335, 0.669699370861, 0.544461905956, 0.464929699898, 0.419525921345, 0.592617988586, 0.679614961147, 0.487984031439, 0.344957143068, 0.2875174582, 0.303566604853, 0.551335811615, 0.703055143356, 0.58974468708, 0.642726182938, 0.775438964367, 0.662320673466, 0.467363744974, 0.46950006485, 0.573422253132, 0.823499977589]
    chords_key: "B"
    chords_scale: "major"
    key_key: "B"
    key_scale: "major"
    chords_progression: ["B", "B", "B", "B", "B", "B", "B", "B", "B", "B", "B", "B", "B", "B", "B", "B", "B", "B", "B", "B", "B", "B", "B", "B", "B", "B", "B", "B", "B", "B", "B", "B", "B", "B", "B", "B", "B", "E", "E", "E", "E", "E", "E", "E", "E", "E", "E", "E", "E", "E", "E", "E", "E", "E", "E", "E", "E", "E", "E", "E", "A#", "A#", "D#m", "D#m", "D#m", "D#m", "A#", "A#", "A#", "A#", "A#", "A#", "A#", "Dm", "Dm", "Dm", "F", "F", "F", "F", "F", "F#", "F#", "F#", "F#", "F#", "F#", "F#", "F#", "F#", "F#", "F#", "F#", "F#", "F#", "F#", "F#", "F#", "F#", "F#", "F#", "F#", "F#", "F#", "F#", "Cm", "Cm", "F#", "F#", "F#", "G", "G", "G", "F#", "G", "F#", "F#", "F#", "F#", "A#m", "A#m", "B", "B", "B", "B", "B", "B", "B", "B", "B", "B", "B", "B", "B", "B", "B", "B", "B", "Bm", "Bm", "Bm", "B", "B", "B", "B", "B", "B", "B", "B", "B", "B", "B", "B", "B", "C#m", "E", "C#m", "C#m", "C#m", "C#m", "C#m", "C#m", "C#m", "C#m", "C#m", "C#m", "C#m", "C#m", "C#m", "C#m", "C#m", "C#m", "C#m", "C#m", "C#m", "C#m", "C#m", "C#m", "C#m", "C#m", "C#m", "C#m", "C#m", "C#m", "C#m", "C#m", "A#m", "A#m", "F#", "C#m", "C#m", "C#m", "C#m", "C#m", "A#m", "A#m", "A#m", "A#m", "A#m", "A#m", "A#m", "A#m", "A#m", "A#m", "A#m", "A#m", "A#m", "A#m", "A#m", "A#m", "A#m", "F#", "F#", "F#", "F#", "F#", "F#", "F#", "F#", "F#"]
