
metadata:
    version:
        essentia: "1.2.2"
    audio_properties:
        analysis_sample_rate: 44100
        bitrate: 128
        channels: 2
        equal_loudness: 1
        length: 10.0310201645
        replay_gain: -4.99053573608
        downmix: "mix"
    tags:
        track: 8
        year: 0
        album: "Splitted by Mp3Splt v. 2.1"
        artist: "From 001.10 To 001.20"
        comment: "http://mp3splt.sf.net"
        genre: ""
        title: "09 Hold Me Close (Underground)"

highlevel:
    ballroom:
        all:
            ChaChaCha: 0.0104437721893
            Jive: 0.0183751806617
            Quickstep: 0.031470566988
            Rumba-American: 0.0496479868889
            Rumba-International: 0.727769076824
            Rumba-Misc: 0.0853148773313
            Samba: 0.0122274411842
            Tango: 0.00621921522543
            VienneseWaltz: 0.0357642397285
            Waltz: 0.0227676238865
        probability: 0.727769076824
        value: "Rumba-International"
    culture:
        all:
            non_western: 0.994822263718
            western: 0.0051777344197
        probability: 0.994822263718
        value: "non_western"
    gender:
        all:
            female: 0.769015014172
            male: 0.230984956026
        probability: 0.769015014172
        value: "female"
    genre_dortmund:
        all:
            alternative: 0.0343523845077
            blues: 0.152672126889
            electronic: 0.0359942540526
            folkcountry: 0.0715363919735
            funksoulrnb: 0.0821257829666
            jazz: 0.423908561468
            pop: 0.0615311786532
            raphiphop: 0.0284191761166
            rock: 0.109460152686
        probability: 0.423908561468
        value: "jazz"
    genre_electronica:
        all:
            ambient: 0.574696242809
            dnb: 0.0242752749473
            house: 0.290270417929
            techno: 0.07930521667
            trance: 0.0314528383315
        probability: 0.574696242809
        value: "ambient"
    genre_rosamerica:
        all:
            cla: 0.0184034742415
            dan: 0.0399511605501
            hip: 0.0899139940739
            jaz: 0.133017122746
            pop: 0.113694764674
            rhy: 0.551572680473
            roc: 0.0331741645932
            spe: 0.0202726311982
        probability: 0.551572680473
        value: "rhy"
    genre_tzanetakis:
        all:
            blu: 0.0805360674858
            cla: 0.00863910652697
            cou: 0.0475140102208
            dis: 0.0234383903444
            hip: 0.0968574509025
            jaz: 0.0164830237627
            met: 0.00667465897277
            pop: 0.139794692397
            reg: 0.505680441856
            roc: 0.0743821412325
        probability: 0.505680441856
        value: "reg"
    live_studio:
        all:
            live: 0.216077312827
            studio: 0.783922672272
        probability: 0.783922672272
        value: "studio"
    mood:
        all:
            Cluster1: 0.114656686783
            Cluster2: 0.301989942789
            Cluster3: 0.435388505459
            Cluster4: 0.087753675878
            Cluster5: 0.0602111853659
        probability: 0.435388505459
        value: "Cluster3"
    mood_acoustic:
        all:
            acoustic: 0.356005221605
            not_acoustic: 0.643994748592
        probability: 0.643994748592
        value: "not_acoustic"
    mood_aggressive:
        all:
            aggressive: 0.00411205040291
            not_aggressive: 0.995887935162
        probability: 0.995887935162
        value: "not_aggressive"
    mood_electronic:
        all:
            electronic: 0.720456957817
            not_electronic: 0.279543012381
        probability: 0.720456957817
        value: "electronic"
    mood_happy:
        all:
            happy: 0.0800269693136
            not_happy: 0.919973015785
        probability: 0.919973015785
        value: "not_happy"
    mood_party:
        all:
            not_party: 0.847736656666
            party: 0.152263358235
        probability: 0.847736656666
        value: "not_party"
    mood_relaxed:
        all:
            not_relaxed: 0.235149070621
            relaxed: 0.764850914478
        probability: 0.764850914478
        value: "relaxed"
    mood_sad:
        all:
            not_sad: 0.349417090416
            sad: 0.650582909584
        probability: 0.650582909584
        value: "sad"
    rhythm:
        all:
            fast: 0.0429910942912
            medium: 0.4196600914
            slow: 0.537348806858
        probability: 0.537348806858
        value: "slow"
    speech_music:
        all:
            music: 0.999267458916
            speech: 0.000732536020223
        probability: 0.999267458916
        value: "music"
    timbre:
        all:
            bright: 0.82750505209
            dark: 0.17249494791
        probability: 0.82750505209
        value: "bright"
    voice_instrumental:
        all:
            instrumental: 0.961162149906
            voice: 0.0388378463686
        probability: 0.961162149906
        value: "instrumental"

lowlevel:
    average_loudness: 0.925348877907
    barkbands_kurtosis:
        dmean: 5.17508077621
        dmean2: 8.39048957825
        dvar: 72.5165328979
        dvar2: 203.576782227
        max: 81.0693511963
        mean: 7.77064275742
        min: -1.86790192127
        var: 121.69077301
    barkbands_skewness:
        dmean: 0.68655282259
        dmean2: 1.06586146355
        dvar: 0.50027525425
        dvar2: 1.26854050159
        max: 6.33487415314
        mean: 1.52631390095
        min: -2.06570601463
        var: 1.84944534302
    barkbands_spread:
        dmean: 4.07720422745
        dmean2: 6.44178056717
        dvar: 35.6162414551
        dvar2: 81.2269744873
        max: 63.1298484802
        mean: 14.1576299667
        min: 0.514826476574
        var: 166.783889771
    dissonance:
        dmean: 0.04365215078
        dmean2: 0.0675958245993
        dvar: 0.00160222570412
        dvar2: 0.00351919373497
        max: 0.493847757578
        mean: 0.380189836025
        min: 0.147606864572
        var: 0.00532904546708
    hfc:
        dmean: 1.22287464142
        dmean2: 1.74215567112
        dvar: 8.86173629761
        dvar2: 16.5395793915
        max: 57.1630401611
        mean: 4.45839309692
        min: 0.0520671494305
        var: 76.1642684937
    pitch:
        dmean: 325.247314453
        dmean2: 634.718811035
        dvar: 840419.8125
        dvar2: 2194874
        max: 5512.5
        mean: 464.814788818
        min: 68.7987518311
        var: 790042.6875
    pitch_instantaneous_confidence:
        dmean: 0.10669914633
        dmean2: 0.159018576145
        dvar: 0.00976219121367
        dvar2: 0.0203505121171
        max: 0.93885487318
        mean: 0.597717821598
        min: 0.179365813732
        var: 0.0314154773951
    pitch_salience:
        dmean: 0.0827592536807
        dmean2: 0.1280143857
        dvar: 0.00572223216295
        dvar2: 0.0144395381212
        max: 0.828030347824
        mean: 0.526188015938
        min: 0.173031523824
        var: 0.0130185289308
    silence_rate_20dB:
        dmean: 0
        dmean2: 0
        dvar: 0
        dvar2: 0
        max: 1
        mean: 1
        min: 1
        var: 0
    silence_rate_30dB:
        dmean: 0
        dmean2: 0
        dvar: 0
        dvar2: 0
        max: 1
        mean: 1
        min: 1
        var: 0
    silence_rate_60dB:
        dmean: 0.166666671634
        dmean2: 0.334106743336
        dvar: 0.138889297843
        dvar2: 0.278162896633
        max: 1
        mean: 0.346420317888
        min: 0
        var: 0.226413950324
    spectral_centroid:
        dmean: 138.852218628
        dmean2: 215.238342285
        dvar: 37773.0078125
        dvar2: 79788.6328125
        max: 2639.12719727
        mean: 635.457397461
        min: 157.453369141
        var: 291424.15625
    spectral_complexity:
        dmean: 1.27146172523
        dmean2: 2.05813956261
        dvar: 2.07711744308
        dvar2: 4.49661588669
        max: 19
        mean: 6.35879611969
        min: 0
        var: 13.0773019791
    spectral_crest:
        dmean: 2.83118152618
        dmean2: 4.46619462967
        dvar: 6.57143306732
        dvar2: 15.8796615601
        max: 24.0337677002
        mean: 10.7641410828
        min: 3.95639181137
        var: 13.0912389755
    spectral_decrease:
        dmean: 3.2901689706e-10
        dmean2: 5.36583999455e-10
        dvar: 1.01240457553e-19
        dvar2: 2.28619667366e-19
        max: -2.93431841325e-11
        mean: -1.14666731665e-09
        min: -4.49673942526e-09
        var: 5.90686056509e-19
    spectral_energy:
        dmean: 0.00132322660647
        dmean2: 0.00213116616942
        dvar: 1.85718863577e-06
        dvar2: 4.01778379455e-06
        max: 0.0221268832684
        mean: 0.00473217340186
        min: 0.000133061723318
        var: 1.2912882994e-05
    spectral_energyband_high:
        dmean: 3.91322028008e-05
        dmean2: 5.27275224158e-05
        dvar: 1.25089893999e-08
        dvar2: 2.05731236491e-08
        max: 0.00231585325673
        mean: 7.62045019655e-05
        min: 8.37330702552e-08
        var: 2.95153927965e-08
    spectral_energyband_low:
        dmean: 0.000499948044308
        dmean2: 0.000812672136817
        dvar: 2.61383519273e-07
        dvar2: 6.95913115578e-07
        max: 0.00318387383595
        mean: 0.000821500667371
        min: 2.82619726022e-06
        var: 3.84627924177e-07
    spectral_energyband_middle_high:
        dmean: 0.00034178813803
        dmean2: 0.000490413513035
        dvar: 1.02644173694e-06
        dvar2: 1.99030955628e-06
        max: 0.0187056865543
        mean: 0.00113005423918
        min: 4.43712025344e-07
        var: 8.03908187663e-06
    spectral_energyband_middle_low:
        dmean: 0.000872315489687
        dmean2: 0.00142076483462
        dvar: 7.66590346757e-07
        dvar2: 1.92650850295e-06
        max: 0.00878631696105
        mean: 0.00270440825261
        min: 3.93370428355e-05
        var: 2.54452174886e-06
    spectral_flatness_db:
        dmean: 0.0363591946661
        dmean2: 0.0525409504771
        dvar: 0.00169575994369
        dvar2: 0.0035093112383
        max: 0.456445991993
        mean: 0.262301206589
        min: 0.132507413626
        var: 0.00707666017115
    spectral_flux:
        dmean: 0.0101033654064
        dmean2: 0.0158145409077
        dvar: 0.000123042671476
        dvar2: 0.000300558924209
        max: 0.133453533053
        mean: 0.0328769683838
        min: 0.00678851362318
        var: 0.000356407952495
    spectral_kurtosis:
        dmean: 5.98089981079
        dmean2: 8.48026752472
        dvar: 111.978279114
        dvar2: 210.749221802
        max: 118.350021362
        mean: 14.6143112183
        min: -0.622604608536
        var: 389.653594971
    spectral_rms:
        dmean: 0.000317884754622
        dmean2: 0.000504503666889
        dvar: 9.38182935784e-08
        dvar2: 1.91537509409e-07
        max: 0.004646203015
        mean: 0.00201852363534
        min: 0.00036030029878
        var: 5.42317252439e-07
    spectral_rolloff:
        dmean: 249.005523682
        dmean2: 454.951141357
        dvar: 343332.90625
        dvar2: 804607.3125
        max: 5598.6328125
        mean: 992.021789551
        min: 172.265625
        var: 1044556.9375
    spectral_skewness:
        dmean: 0.525192201138
        dmean2: 0.716706514359
        dvar: 0.518442153931
        dvar2: 0.924148857594
        max: 9.21864128113
        mean: 2.79517841339
        min: 0.253599852324
        var: 3.36693096161
    spectral_spread:
        dmean: 668125.75
        dmean2: 984244.0625
        dvar: 431402647552
        dvar2: 784725180416
        max: 10684572
        mean: 4704814
        min: 867216.5625
        var: 3.8458687488e+12
    spectral_strongpeak:
        dmean: 0.39278665185
        dmean2: 0.66724973917
        dvar: 0.728486001492
        dvar2: 1.64204275608
        max: 9.82249259949
        mean: 0.792820751667
        min: 0.00751387793571
        var: 2.0263812542
    zerocrossingrate:
        dmean: 0.00642809225246
        dmean2: 0.00751158269122
        dvar: 6.15138269495e-05
        dvar2: 7.23315388313e-05
        max: 0.13916015625
        mean: 0.0396152064204
        min: 0.00732421875
        var: 0.000784329371527
    barkbands:
        dmean: [6.899302889e-07, 0.000158029928571, 0.000429097097367, 0.000353598006768, 0.00040072912816, 0.000218520290218, 0.000197806293727, 5.03522678628e-05, 0.000143371638842, 1.49224906636e-05, 1.00396837297e-05, 2.47504522122e-05, 2.40321078309e-05, 2.4108994694e-05, 1.43673769344e-05, 4.59290131403e-05, 7.58517126087e-05, 0.000123078498291, 0.000146968988702, 1.71425599547e-05, 1.5650775822e-05, 1.58844686666e-05, 5.94173934587e-06, 8.35632420149e-07, 6.32164073977e-07, 1.13070157681e-08, 2.18213558334e-10]
        dmean2: [1.06648201381e-06, 0.000279594183667, 0.000689775624778, 0.000614521675743, 0.000645071326289, 0.000307601148961, 0.000287412316538, 8.81394880707e-05, 0.000178591406438, 2.16936987272e-05, 1.69848844962e-05, 4.07905245083e-05, 3.27697816829e-05, 2.97684618999e-05, 2.24138639169e-05, 6.72706883051e-05, 0.000104150742118, 0.000161699223099, 0.000214642437641, 2.93682442134e-05, 2.29647666856e-05, 2.11643946386e-05, 8.90821502253e-06, 1.25803796891e-06, 9.36969513532e-07, 1.83559478728e-08, 3.93638038831e-10]
        dvar: [2.65297657974e-12, 6.34899137708e-08, 1.87372165783e-07, 1.50726222614e-07, 2.94765698072e-07, 6.02718017717e-08, 1.01090328997e-07, 7.19845383301e-09, 8.46645065167e-08, 1.86508053446e-09, 7.29210136718e-10, 2.5907658241e-09, 2.07397143903e-09, 4.58666482572e-09, 3.43657857726e-09, 4.04541893317e-08, 1.20996318742e-07, 1.63476912007e-07, 3.55387612672e-07, 1.35583544392e-09, 1.47032819253e-09, 2.96226243535e-09, 6.08198658103e-10, 5.66780650191e-12, 2.05483351688e-12, 2.48965958967e-16, 8.36730606595e-20]
        dvar2: [5.86871697072e-12, 1.72338118887e-07, 4.90277670906e-07, 3.95131394271e-07, 8.37767174744e-07, 1.24417269376e-07, 1.79752873919e-07, 1.87559248133e-08, 1.39646871844e-07, 4.01651778503e-09, 1.58405499828e-09, 6.22252072091e-09, 4.37381197926e-09, 4.8816168885e-09, 7.0516641415e-09, 8.48664711839e-08, 2.18415664222e-07, 2.08113050348e-07, 7.65862637309e-07, 3.67500319065e-09, 2.91326163193e-09, 4.48962955701e-09, 1.27847588072e-09, 1.13879738972e-11, 4.25472894763e-12, 5.97646807006e-16, 2.43933003552e-19]
        max: [1.48952585732e-05, 0.00195248913951, 0.00278079975396, 0.00285423034802, 0.006227706559, 0.00288688763976, 0.00368041684851, 0.000613316718955, 0.00383598799817, 0.000608403817751, 0.000425445759902, 0.000713145651389, 0.000639091362245, 0.00152116350364, 0.00108576170169, 0.00309925037436, 0.00501453690231, 0.0102523975074, 0.00909181684256, 0.000298947328702, 0.000576269638259, 0.00112598086707, 0.000488489691634, 3.05669163936e-05, 1.55014768097e-05, 1.72302236479e-07, 2.3230584123e-09]
        mean: [9.21631453821e-07, 0.000208617624594, 0.000611971598119, 0.000457820686279, 0.000895106000826, 0.000462274329038, 0.000336180790327, 5.44838076166e-05, 0.00048470046022, 2.26041138376e-05, 1.21766825032e-05, 8.16235842649e-05, 5.62856475881e-05, 4.85064738314e-05, 2.61584918917e-05, 5.12622682436e-05, 0.000149332845467, 0.000321463361615, 0.000361683662049, 2.47155712714e-05, 2.42842270382e-05, 2.84693433059e-05, 8.81066171132e-06, 1.3155824945e-06, 1.3852079519e-06, 2.24354952394e-08, 2.10653883226e-10]
        min: [9.92978366199e-10, 3.44398245034e-07, 1.55724660544e-06, 2.18928380491e-06, 5.12647329742e-06, 4.73029558634e-06, 1.38151889928e-07, 3.4073796229e-08, 3.43901191968e-08, 1.23284245035e-08, 7.41466976706e-09, 1.18274599004e-08, 1.02765564947e-08, 5.85621151572e-09, 8.20085066522e-09, 1.48631764674e-08, 2.21090434849e-08, 3.72438613283e-08, 4.98300209983e-08, 9.57637436017e-09, 3.26086038172e-08, 1.1196473082e-08, 4.01747701773e-09, 3.22654902796e-09, 1.04411912449e-09, 7.74363143052e-11, 1.10274734223e-12]
        var: [3.05310963143e-12, 6.07439005762e-08, 2.72259711664e-07, 1.92606265159e-07, 9.26524137412e-07, 1.8287882142e-07, 2.87474961169e-07, 8.51000070412e-09, 8.24339679184e-07, 3.67544839008e-09, 1.4552082872e-09, 2.45734916859e-08, 1.44310225991e-08, 1.90488549379e-08, 1.20825456307e-08, 5.9141900266e-08, 3.53420944066e-07, 1.23393692775e-06, 1.53130167746e-06, 1.5820016408e-09, 2.87023760315e-09, 7.03587188511e-09, 9.85770687301e-10, 8.83955148662e-12, 6.03508866145e-12, 1.0331071334e-15, 7.28525947445e-20]
    mfcc:
        mean: [-820.890136719, 150.223968506, 19.8620853424, 69.3328399658, -5.09230089188, -4.02428197861, -0.623674869537, -1.23560035229, -13.1808977127, -15.0023965836, 7.7279882431, -8.90502643585, -2.85776424408]
        cov: [[9696.09472656, -3265.57250977, -2298.62207031, -787.438659668, -409.773956299, 131.483032227, 158.084976196, 820.725463867, -124.073402405, -291.834228516, 640.953735352, -717.851501465, -416.868804932], [-3265.57250977, 2089.52050781, 735.317565918, -153.72644043, 137.374649048, -83.7823104858, 127.983551025, -232.610656738, 126.367698669, 186.412124634, -154.883300781, 267.996795654, 125.920860291], [-2298.62207031, 735.317565918, 1148.04187012, 53.8037872314, -132.716201782, -48.8125190735, 39.7963981628, -235.254241943, 29.6959514618, 143.169891357, -151.919723511, 226.655960083, 89.3809738159], [-787.438659668, -153.72644043, 53.8037872314, 748.393676758, 325.442871094, -29.5795555115, -355.638000488, -75.1753158569, 34.2914123535, -39.1572418213, -150.404098511, 82.4691848755, 117.060798645], [-409.773956299, 137.374649048, -132.716201782, 325.442871094, 401.069946289, 2.10190701485, -246.656814575, 15.2174072266, 38.6404571533, -59.1743659973, -83.7905731201, -3.64696526527, 49.2922897339], [131.483032227, -83.7823104858, -48.8125190735, -29.5795555115, 2.10190701485, 180.230606079, 39.9950561523, -13.7080821991, -33.2058525085, 3.33217453957, 27.3232078552, -11.325627327, -12.2800321579], [158.084976196, 127.983551025, 39.7963981628, -355.638000488, -246.656814575, 39.9950561523, 439.282653809, 32.5590553284, -44.4531745911, 1.64623129368, 85.1446838379, -28.9103221893, -93.2867965698], [820.725463867, -232.610656738, -235.254241943, -75.1753158569, 15.2174072266, -13.7080821991, 32.5590553284, 223.142822266, 8.90532588959, -90.2092514038, 64.8982391357, -130.320617676, -77.2360458374], [-124.073402405, 126.367698669, 29.6959514618, 34.2914123535, 38.6404571533, -33.2058525085, -44.4531745911, 8.90532588959, 108.012390137, 8.18595695496, -22.5571060181, 14.1149053574, 22.3275413513], [-291.834228516, 186.412124634, 143.169891357, -39.1572418213, -59.1743659973, 3.33217453957, 1.64623129368, -90.2092514038, 8.18595695496, 168.050796509, 4.86615848541, 95.1313858032, 46.2583656311], [640.953735352, -154.883300781, -151.919723511, -150.404098511, -83.7905731201, 27.3232078552, 85.1446838379, 64.8982391357, -22.5571060181, 4.86615848541, 220.978561401, -42.6130828857, -32.2078895569], [-717.851501465, 267.996795654, 226.655960083, 82.4691848755, -3.64696526527, -11.325627327, -28.9103221893, -130.320617676, 14.1149053574, 95.1313858032, -42.6130828857, 201.548553467, 100.010848999], [-416.868804932, 125.920860291, 89.3809738159, 117.060798645, 49.2922897339, -12.2800321579, -93.2867965698, -77.2360458374, 22.3275413513, 46.2583656311, -32.2078895569, 100.010848999, 121.766174316]]
        icov: [[0.000612313509919, 0.000757497153245, 0.000611974159256, 0.000672337715514, 5.04417512275e-05, 5.34223545401e-05, 0.000147146594827, -0.000722172495443, -0.000475893350085, -0.000467826641398, -0.000235447616433, -9.60001707426e-05, 0.000138539253385], [0.000757497153245, 0.0022083830554, 0.000116390649055, 0.00178113288712, -0.00189056689851, 0.000663081475068, -0.00081994838547, -0.00034270141623, -0.00152196956333, -0.00115130876657, -3.40683873219e-05, -0.000670954759698, -0.000243004673393], [0.000611974159256, 0.000116390649055, 0.00232953135855, 5.99341183261e-05, 0.00157881178893, -1.85281023732e-05, 0.00048150337534, -0.000290769152343, -0.000377226708224, -0.000392134563299, 0.000373621704057, -0.000766000011936, 0.000696732138749], [0.000672337715514, 0.00178113288712, 5.99341183261e-05, 0.00436896504834, -0.00267454399727, 0.000557630206458, 0.000788650708273, -5.45088805666e-05, -0.000833823345602, 0.000136058326461, 0.000492088147439, -0.0012736255303, -0.000798292458057], [5.04417512275e-05, -0.00189056689851, 0.00157881178893, -0.00267454399727, 0.00818034727126, -0.00180202152114, 0.00315760099329, -0.00146579183638, 0.00042809167644, 0.00184610136785, 0.000505387026351, 0.000553954101633, 0.000435027584899], [5.34223545401e-05, 0.000663081475068, -1.85281023732e-05, 0.000557630206458, -0.00180202152114, 0.00661987857893, -0.001242041355, 0.00137914996594, 0.00107034866232, -0.000713116663974, -0.000571855634917, 0.000314911652822, -4.0221526433e-05], [0.000147146594827, -0.00081994838547, 0.00048150337534, 0.000788650708273, 0.00315760099329, -0.001242041355, 0.0057235439308, -0.000774200889282, 0.00100342475343, 0.00148456217721, -0.00051295873709, -0.0012455197284, 0.00286972988397], [-0.000722172495443, -0.00034270141623, -0.000290769152343, -5.45088805666e-05, -0.00146579183638, 0.00137914996594, -0.000774200889282, 0.0103897964582, -0.00172356690746, 0.00253313966095, -0.00132946611848, 0.00271703628823, 0.00164788111579], [-0.000475893350085, -0.00152196956333, -0.000377226708224, -0.000833823345602, 0.00042809167644, 0.00107034866232, 0.00100342475343, -0.00172356690746, 0.0120419589803, -0.000203205301659, 0.000709167739842, 0.000412013847381, -0.00164838740602], [-0.000467826641398, -0.00115130876657, -0.000392134563299, 0.000136058326461, 0.00184610136785, -0.000713116663974, 0.00148456217721, 0.00253313966095, -0.000203205301659, 0.0105847660452, -0.00100938603282, -0.0030735002365, -5.55649894523e-05], [-0.000235447616433, -3.40683873219e-05, 0.000373621704057, 0.000492088147439, 0.000505387026351, -0.000571855634917, -0.00051295873709, -0.00132946611848, 0.000709167739842, -0.00100938603282, 0.00656582973897, -7.87352983025e-05, -0.000961879035458], [-9.60001707426e-05, -0.000670954759698, -0.000766000011936, -0.0012736255303, 0.000553954101633, 0.000314911652822, -0.0012455197284, 0.00271703628823, 0.000412013847381, -0.0030735002365, -7.87352983025e-05, 0.0135370800272, -0.0073186638765], [0.000138539253385, -0.000243004673393, 0.000696732138749, -0.000798292458057, 0.000435027584899, -4.0221526433e-05, 0.00286972988397, 0.00164788111579, -0.00164838740602, -5.55649894523e-05, -0.000961879035458, -0.0073186638765, 0.0183377116919]]
    spectral_contrast:
        mean: [-3.61491139245e-08, 1.58023013341e-07, -1.6969042349e-07, -1.51253686909e-07, 2.51733041523e-07, 7.34313346129e-07, 2.63209017248e-06, -1.10848077384e-06, 2.18860805035e-06, 2.32527099797e-06, 2.81562961391e-06, 2.49842810263e-06]
        var: [0.00106530694757, 0.00126489647664, 0.00351491989568, 0.00475089019164, 0.00584495905787, 0.0199907422066, 0.0918865650892, 0.157557025552, 0.239185541868, 0.308475524187, 0.830447733402, 2.88821005821]

rhythm:
    beats_loudness:
        dmean: 0.00251708668657
        dmean2: 0.00455787032843
        dvar: 1.25705573737e-05
        dvar2: 3.01870422845e-05
        max: 0.0175893716514
        mean: 0.00548645295203
        min: 0.00166150857694
        var: 1.43485049193e-05
    beats_loudness_bass:
        dmean: 0.215059325099
        dmean2: 0.404006063938
        dvar: 0.0252116974443
        dvar2: 0.0330786034465
        max: 0.736440956593
        mean: 0.416212558746
        min: 0.0525027140975
        var: 0.0452824085951
    bpm: 130.924682617
    bpm_confidence: 0
    first_peak_bpm: 131
    first_peak_spread: 0
    first_peak_weight: 0.952380955219
    onset_rate: 4.2867026329
    second_peak_bpm: 122
    second_peak_spread: 0
    second_peak_weight: 0.047619048506
    beats_position: [0.186835795641, 0.644329249859, 1.10182273388, 1.55931615829, 2.01680970192, 2.47430300713, 2.93179655075, 3.38928985596, 3.84678339958, 4.30427694321, 4.76177072525, 5.21926450729, 5.6767578125, 6.17033004761, 6.62982082367, 7.08931159973, 7.54880285263, 8.00829410553, 8.46778488159, 8.92727565765, 9.38676738739, 9.84625816345]
    bpm_estimates: [131.030563354, 130.898483276, 130.368774414, 132.779388428, 131.013641357, 130.831802368, 130.734222412, 129.80078125, 131.098937988, 130.690124512]
    bpm_intervals: [0.457493454218, 0.45749348402, 0.457493424416, 0.457493543625, 0.457493305206, 0.457493543625, 0.457493305206, 0.457493543625, 0.457493543625, 0.457493782043, 0.457493782043, 0.457493305206, 0.493572235107, 0.459490776062, 0.459490776062, 0.459491252899, 0.459491252899, 0.459490776062, 0.459490776062, 0.459491729736, 0.459490776062]
    onset_times: [0.0348299331963, 0.615328788757, 0.882358253002, 1.07972788811, 1.33514738083, 1.48607707024, 1.57895696163, 1.82276642323, 1.96208620071, 1.99691605568, 2.03174614906, 2.2523355484, 2.31038546562, 2.49614500999, 2.72834467888, 2.83283448219, 2.92571425438, 3.19274377823, 3.42494320869, 3.58748292923, 3.69197273254, 4.19120168686, 4.33052158356, 5.28253984451, 5.71210861206, 5.95591831207, 6.15328788757, 6.39709758759, 6.58285713196, 6.76861667633, 7.26784563065, 8.0224943161, 8.26630401611, 8.37079334259, 8.47528362274, 8.70748329163, 8.83519268036, 8.95129299164, 9.21832180023, 9.32281208038, 9.4040813446, 9.62467098236, 9.86848068237]
    rubato_start: []
    rubato_stop: []
    perceptual_tempo: "unknown"

sfx:
    inharmonicity:
        dmean: 0.0212224591523
        dmean2: 0.0381277278066
        dvar: 0.00115262903273
        dvar2: 0.0032101618126
        max: 0.30166721344
        mean: 0.0165846943855
        min: 0
        var: 0.00101893686224
    oddtoevenharmonicenergyratio:
        dmean: 4.71342515945
        dmean2: 9.27603721619
        dvar: 1041.2701416
        dvar2: 3109.54272461
        max: 393.133636475
        mean: 2.65498256683
        min: 0
        var: 526.342285156
    pitch_after_max_to_before_max_energy_ratio: 2.51946997643
    pitch_centroid: 253.764755249
    pitch_max_to_total: 0.638888895512
    pitch_min_to_total: 0.287037044764
    tristimulus:
        dmean: [0.24745580554, 0.247156605124, 0.0535292737186]
        dmean2: [0.446822524071, 0.443160384893, 0.0978764891624]
        dvar: [0.0624599531293, 0.0584688335657, 0.0074365590699]
        dvar2: [0.157132312655, 0.152259990573, 0.0225739683956]
        max: [1, 0.977800130844, 0.689372718334]
        mean: [0.631474971771, 0.294353634119, 0.0446218289435]
        min: [0.013772576116, 0, 0]
        var: [0.0969774723053, 0.0827931761742, 0.00552652822807]

tonal:
    chords_changes_rate: 0.10599078238
    chords_number_rate: 0.0322580635548
    chords_strength:
        dmean: 0.0123165445402
        dmean2: 0.0142860645428
        dvar: 9.03453546925e-05
        dvar2: 0.000148783641635
        max: 0.59587341547
        mean: 0.453887611628
        min: 0.310642689466
        var: 0.00441918894649
    key_strength: 0.643605530262
    tuning_diatonic_strength: 0.672196686268
    tuning_equal_tempered_deviation: 0.0997421145439
    tuning_frequency: 440.254241943
    tuning_nontempered_energy_ratio: 0.777443766594
    hpcp:
        dmean: [0.0819564536214, 0.0608968324959, 0.101726621389, 0.129392623901, 0.123095363379, 0.129661306739, 0.14797462523, 0.152538314462, 0.107830345631, 0.109342999756, 0.154248431325, 0.203505396843, 0.194329097867, 0.176090717316, 0.106872528791, 0.0702482759953, 0.0915484577417, 0.197232753038, 0.241037249565, 0.175704881549, 0.122380875051, 0.0544646009803, 0.0385940745473, 0.0491804070771, 0.0354130081832, 0.0711896941066, 0.142240315676, 0.140382170677, 0.153896838427, 0.0874536857009, 0.0827232524753, 0.124351769686, 0.181243479252, 0.182379245758, 0.216014519334, 0.144349262118]
        dmean2: [0.150205180049, 0.115628324449, 0.18509760499, 0.223353013396, 0.221148431301, 0.241989433765, 0.259266108274, 0.272404521704, 0.198375269771, 0.199848160148, 0.289655774832, 0.362114369869, 0.341861009598, 0.324770092964, 0.206034868956, 0.131463885307, 0.162878260016, 0.339181900024, 0.436499744654, 0.309311598539, 0.225769728422, 0.0961080864072, 0.0697204843163, 0.0932435840368, 0.0646755024791, 0.125661879778, 0.242183998227, 0.246429130435, 0.257717609406, 0.160444453359, 0.148665040731, 0.214536890388, 0.312660753727, 0.30986097455, 0.387397587299, 0.258617997169]
        dvar: [0.031674079597, 0.0220611449331, 0.029816063121, 0.0448655895889, 0.0423598028719, 0.0437626391649, 0.0565421059728, 0.0633694082499, 0.0365282744169, 0.0277878493071, 0.0572914220393, 0.0713041424751, 0.0621986091137, 0.0575122646987, 0.0364777110517, 0.0264462623745, 0.026387501508, 0.0528192594647, 0.0695527493954, 0.0500213839114, 0.0377499982715, 0.0104906177148, 0.00791569892317, 0.0160459242761, 0.0105412658304, 0.0123142767698, 0.0384053848684, 0.039241656661, 0.0421431735158, 0.0277575533837, 0.0290062092245, 0.044107530266, 0.053837928921, 0.0563241578639, 0.0613937228918, 0.0449658371508]
        dvar2: [0.0853742212057, 0.0629800632596, 0.0905617326498, 0.129741728306, 0.119707338512, 0.131019622087, 0.151214540005, 0.185448005795, 0.100881002843, 0.0756105855107, 0.15394051373, 0.192158609629, 0.152750179172, 0.162345215678, 0.105615153909, 0.0797444358468, 0.0710184797645, 0.144485861063, 0.173586308956, 0.126055657864, 0.104088880122, 0.0277814585716, 0.0217602513731, 0.0406226404011, 0.0229533333331, 0.0306510999799, 0.103824198246, 0.104116760194, 0.106390945613, 0.0818014219403, 0.0800568684936, 0.120893105865, 0.152781292796, 0.126520216465, 0.178823664784, 0.124672599137]
        max: [1, 1, 1, 1, 1, 1, 1, 1, 1, 0.763238549232, 1, 1, 1, 1, 1, 1, 1, 1, 1, 1, 1, 0.777419388294, 0.649145126343, 0.792233347893, 1, 0.699206769466, 1, 1, 1, 1, 1, 1, 1, 1, 1, 1]
        mean: [0.0607682168484, 0.0398626029491, 0.0807681307197, 0.145612090826, 0.125030785799, 0.0976205915213, 0.125633850694, 0.117519505322, 0.0794669091702, 0.0713569000363, 0.101682767272, 0.172837883234, 0.211937606335, 0.146516188979, 0.0668225958943, 0.0436584427953, 0.0695531219244, 0.175096929073, 0.247430041432, 0.175837978721, 0.0819325223565, 0.0389593169093, 0.0318487584591, 0.0386150032282, 0.0308995321393, 0.0689941644669, 0.257990658283, 0.350471138954, 0.194395884871, 0.0708607062697, 0.0637508630753, 0.115937143564, 0.277492702007, 0.392537713051, 0.264679968357, 0.109790354967]
        min: [3.54056537617e-05, 3.23406929965e-05, 7.41089970688e-05, 0.000115990798804, 5.44857102796e-05, 7.05822676537e-05, 2.47507923632e-05, 2.03440140467e-05, 4.72903811897e-05, 8.81150263012e-05, 5.66580238228e-05, 5.22581576661e-05, 2.13016337511e-05, 5.50514741917e-05, 2.50085231528e-05, 3.95858478441e-05, 7.87444660091e-05, 9.9633805803e-05, 0.000128789339215, 0.000117467483506, 5.32792219019e-05, 1.63555159816e-05, 2.60768028966e-05, 2.63630699919e-05, 1.25403748825e-05, 5.13158847752e-05, 3.12175870931e-05, 5.02072507516e-05, 4.24552126788e-05, 3.54569965566e-05, 5.63461326237e-05, 9.08692163648e-05, 7.81771595939e-05, 5.94468765485e-05, 5.77237224206e-05, 5.83998880757e-05]
        var: [0.0225601531565, 0.0128781739622, 0.0250230450183, 0.0734054669738, 0.054083801806, 0.0345928706229, 0.0573567301035, 0.0540388002992, 0.0321758687496, 0.0207797121257, 0.0393911190331, 0.0644801333547, 0.0834777653217, 0.0588134862483, 0.0229901783168, 0.0157148893923, 0.0208299551159, 0.0574665367603, 0.0853347331285, 0.0551727972925, 0.029389468953, 0.00927794352174, 0.00693259574473, 0.0139278750867, 0.013177646324, 0.0157083719969, 0.112379185855, 0.149806395173, 0.0680915936828, 0.023300524801, 0.0236029103398, 0.0523047372699, 0.10217435658, 0.157690808177, 0.0839417129755, 0.037773899734]
    chords_histogram: [5.5299539566, 0, 50.6912460327, 0, 0, 0, 0, 0, 0, 0, 0, 0, 0, 0, 0, 2.30414748192, 0, 0.460829496384, 0, 3.22580647469, 6.45161294937, 9.21658992767, 22.1198158264, 0]
    thpcp: [1, 0.674279093742, 0.27969378233, 0.154808610678, 0.101551011205, 0.20575889945, 0.370950579643, 0.318519175053, 0.248690992594, 0.320055484772, 0.299383997917, 0.202444016933, 0.181783556938, 0.259039491415, 0.440308988094, 0.539916574955, 0.373253792524, 0.17023229599, 0.111221015453, 0.177188381553, 0.446063965559, 0.630334436893, 0.447951823473, 0.208725228906, 0.099249869585, 0.0811355412006, 0.0983727201819, 0.0787173584104, 0.175764426589, 0.657237887383, 0.892834305763, 0.495228558779, 0.180519491434, 0.162406980991, 0.295352876186, 0.706919848919]
    chords_key: "G#"
    chords_scale: "major"
    key_key: "C#"
    key_scale: "major"
    chords_progression: ["G#", "G#", "G#", "C#m", "G#", "G#", "G#", "G#", "G#", "G#", "G#", "G#", "G#", "C#", "C#", "C#", "C#", "C#", "C#", "C#", "C#", "C#", "C#", "C#", "C#", "G#", "G#", "G#", "G#", "G#", "G#", "G#", "G#", "G#", "G#", "G#", "G#", "G#", "G#", "G#", "G#", "G#", "G#", "F#", "G#", "G#", "G#", "G#", "G#", "G#", "G#", "G#", "G#", "G#", "G#", "G#", "G#", "G#", "G#", "G#", "G#", "G#", "G#", "G#", "G#", "G#", "G#", "G#", "G#", "G#", "F#", "G#", "F#", "F#", "F#", "F#", "F#", "F#", "F#", "F#", "F#", "F#", "F#", "F#", "F#m", "F#m", "F#m", "F#m", "F#m", "B", "B", "B", "B", "B", "F#", "F#", "F#", "F#", "F#", "F#", "F#", "F#", "F#", "B", "B", "B", "B", "B", "B", "B", "B", "B", "D#m", "D#m", "D#m", "D#m", "F#", "D#m", "D#m", "F#", "F#", "D#m", "D#m", "D#m", "D#m", "D#m", "D#m", "D#m", "D#m", "D#m", "D#m", "D#m", "D#m", "D#m", "D#m", "G#m", "G#m", "G#m", "G#m", "G#m", "G#m", "G#", "G#", "G#", "G#", "G#", "G#", "G#", "G#m", "G#", "G#", "G#", "G#", "G#", "G#", "G#", "G#", "G#", "G#", "G#", "G#", "G#", "G#", "G#", "G#", "G#", "G#", "G#", "G#", "G#", "G#", "G#", "G#", "G#", "G#", "G#", "G#", "G#", "G#", "G#", "G#", "G#", "G#", "G#", "G#", "G#", "G#", "G#", "G#", "G#", "G#", "G#", "G#", "G#", "G#", "F#", "F#", "F#", "F#", "F#", "F#", "F#", "F#", "F#", "F#", "F#", "F#", "F#", "F#", "F#", "F#", "F#", "F#", "F#", "F#", "F#", "F#"]
