
metadata:
    version:
        essentia: "1.2.2"
    audio_properties:
        analysis_sample_rate: 44100
        bitrate: 128
        channels: 2
        equal_loudness: 1
        length: 10.0571432114
        replay_gain: -10.5857486725
        downmix: "mix"
    tags:
        track: 7
        year: 0
        album: "Splitted by Mp3Splt v. 2.1"
        artist: "From 001.00 To 001.10"
        comment: "http://mp3splt.sf.net"
        genre: ""
        title: "08 Burning Man.mp3"

highlevel:
    ballroom:
        all:
            ChaChaCha: 0.250898122787
            Jive: 0.268866837025
            Quickstep: 0.132456302643
            Rumba-American: 0.0291133075953
            Rumba-International: 0.0436638258398
            Rumba-Misc: 0.0534109957516
            Samba: 0.185282826424
            Tango: 0.0143778873608
            VienneseWaltz: 0.0143201947212
            Waltz: 0.00760970870033
        probability: 0.268866837025
        value: "Jive"
    culture:
        all:
            non_western: 0.0873964726925
            western: 0.91260355711
        probability: 0.91260355711
        value: "western"
    gender:
        all:
            female: 0.155371189117
            male: 0.844628810883
        probability: 0.844628810883
        value: "male"
    genre_dortmund:
        all:
            alternative: 0.0243155620992
            blues: 0.146035954356
            electronic: 0.00195385469124
            folkcountry: 0.0468323752284
            funksoulrnb: 0.055977396667
            jazz: 0.107937023044
            pop: 0.0704902410507
            raphiphop: 0.00793464388698
            rock: 0.538522958755
        probability: 0.538522958755
        value: "rock"
    genre_electronica:
        all:
            ambient: 0.382364839315
            dnb: 0.276100426912
            house: 0.23492051661
            techno: 0.0287589468062
            trance: 0.0778552815318
        probability: 0.382364839315
        value: "ambient"
    genre_rosamerica:
        all:
            cla: 0.00390913756564
            dan: 0.00837856065482
            hip: 0.0247048698366
            jaz: 0.0143252201378
            pop: 0.56573843956
            rhy: 0.27119243145
            roc: 0.106800630689
            spe: 0.00495073851198
        probability: 0.56573843956
        value: "pop"
    genre_tzanetakis:
        all:
            blu: 0.00609676446766
            cla: 0.0023512232583
            cou: 0.0769960582256
            dis: 0.0838373079896
            hip: 0.0234632082283
            jaz: 0.00613026181236
            met: 0.00232701608911
            pop: 0.440422087908
            reg: 0.31590783596
            roc: 0.0424682535231
        probability: 0.440422087908
        value: "pop"
    live_studio:
        all:
            live: 0.0304110366851
            studio: 0.969588935375
        probability: 0.969588935375
        value: "studio"
    mood:
        all:
            Cluster1: 0.112364672124
            Cluster2: 0.417556077242
            Cluster3: 0.185780063272
            Cluster4: 0.218240439892
            Cluster5: 0.0660587400198
        probability: 0.417556077242
        value: "Cluster2"
    mood_acoustic:
        all:
            acoustic: 0.616272985935
            not_acoustic: 0.383727043867
        probability: 0.616272985935
        value: "acoustic"
    mood_aggressive:
        all:
            aggressive: 0.0227475166321
            not_aggressive: 0.977252483368
        probability: 0.977252483368
        value: "not_aggressive"
    mood_electronic:
        all:
            electronic: 0.0477653294802
            not_electronic: 0.952234685421
        probability: 0.952234685421
        value: "not_electronic"
    mood_happy:
        all:
            happy: 0.817942202091
            not_happy: 0.18205781281
        probability: 0.817942202091
        value: "happy"
    mood_party:
        all:
            not_party: 0.734876155853
            party: 0.265123814344
        probability: 0.734876155853
        value: "not_party"
    mood_relaxed:
        all:
            not_relaxed: 0.258878171444
            relaxed: 0.741121828556
        probability: 0.741121828556
        value: "relaxed"
    mood_sad:
        all:
            not_sad: 0.379699170589
            sad: 0.620300829411
        probability: 0.620300829411
        value: "sad"
    rhythm:
        all:
            fast: 0.264021486044
            medium: 0.178602814674
            slow: 0.557375669479
        probability: 0.557375669479
        value: "slow"
    speech_music:
        all:
            music: 0.999476075172
            speech: 0.000523925060406
        probability: 0.999476075172
        value: "music"
    timbre:
        all:
            bright: 0.988543987274
            dark: 0.0114560388029
        probability: 0.988543987274
        value: "bright"
    voice_instrumental:
        all:
            instrumental: 0.484174162149
            voice: 0.515825808048
        probability: 0.515825808048
        value: "voice"

lowlevel:
    average_loudness: 0.967053294182
    barkbands_kurtosis:
        dmean: 2.04571890831
        dmean2: 2.99255633354
        dvar: 17.140663147
        dvar2: 33.0325088501
        max: 63.8637390137
        mean: 2.55838036537
        min: -1.81435477734
        var: 63.4151077271
    barkbands_skewness:
        dmean: 0.542014122009
        dmean2: 0.784604668617
        dvar: 0.386510163546
        dvar2: 0.786860644817
        max: 6.53891468048
        mean: 0.919251739979
        min: -1.78978073597
        var: 1.90760743618
    barkbands_spread:
        dmean: 5.24403810501
        dmean2: 7.93456411362
        dvar: 36.4248313904
        dvar2: 70.0753097534
        max: 57.3364334106
        mean: 24.5539417267
        min: 1.27247262001
        var: 143.042892456
    dissonance:
        dmean: 0.0261983834207
        dmean2: 0.0438492968678
        dvar: 0.000836814579088
        dvar2: 0.00177490338683
        max: 0.499569356441
        mean: 0.437245577574
        min: 0.00740735605359
        var: 0.00260802218691
    hfc:
        dmean: 1.65035009384
        dmean2: 2.47901988029
        dvar: 7.86844205856
        dvar2: 18.154006958
        max: 28.0875434875
        mean: 5.13966941833
        min: 0.000741827650927
        var: 25.0178089142
    pitch:
        dmean: 361.012023926
        dmean2: 700.648925781
        dvar: 784430.375
        dvar2: 2015617.375
        max: 3675
        mean: 483.688415527
        min: 62.820514679
        var: 556986.6875
    pitch_instantaneous_confidence:
        dmean: 0.0911477282643
        dmean2: 0.138637036085
        dvar: 0.00972920935601
        dvar2: 0.018150864169
        max: 0.95338755846
        mean: 0.561100184917
        min: 0.143473982811
        var: 0.0470966398716
    pitch_salience:
        dmean: 0.0689616799355
        dmean2: 0.109161429107
        dvar: 0.00406400440261
        dvar2: 0.00982176046818
        max: 0.972322463989
        mean: 0.562490940094
        min: 0.270298779011
        var: 0.0100616831332
    silence_rate_20dB:
        dmean: 0
        dmean2: 0
        dvar: 0
        dvar2: 0
        max: 1
        mean: 1
        min: 1
        var: 0
    silence_rate_30dB:
        dmean: 0
        dmean2: 0
        dvar: 0
        dvar2: 0
        max: 1
        mean: 1
        min: 1
        var: 0
    silence_rate_60dB:
        dmean: 0.106235563755
        dmean2: 0.210648149252
        dvar: 0.0949498489499
        dvar2: 0.170905143023
        max: 1
        mean: 0.453917056322
        min: 0
        var: 0.247876688838
    spectral_centroid:
        dmean: 229.875259399
        dmean2: 337.386444092
        dvar: 70692.34375
        dvar2: 157945.71875
        max: 3185.7890625
        mean: 1151.43322754
        min: 182.625991821
        var: 350617.84375
    spectral_complexity:
        dmean: 2.52668213844
        dmean2: 3.89069771767
        dvar: 11.8641290665
        dvar2: 25.3531894684
        max: 42
        mean: 10.1574077606
        min: 0
        var: 57.3688278198
    spectral_crest:
        dmean: 2.19258308411
        dmean2: 3.41164636612
        dvar: 4.64366149902
        dvar2: 10.5010442734
        max: 21.1073570251
        mean: 9.01431083679
        min: 2.96347784996
        var: 13.2241477966
    spectral_decrease:
        dmean: 2.8023833254e-10
        dmean2: 4.03345440381e-10
        dvar: 1.97741648409e-19
        dvar2: 4.35954685101e-19
        max: -1.43453134029e-13
        mean: -9.21834608647e-10
        min: -4.87787232828e-09
        var: 4.81388717618e-19
    spectral_energy:
        dmean: 0.00118308572564
        dmean2: 0.0016884523211
        dvar: 3.53763994099e-06
        dvar2: 7.82004735811e-06
        max: 0.0203373096883
        mean: 0.00394539954141
        min: 6.0871155938e-07
        var: 9.07445883058e-06
    spectral_energyband_high:
        dmean: 8.07564356364e-05
        dmean2: 0.00012518184667
        dvar: 3.50720981146e-08
        dvar2: 7.29664932919e-08
        max: 0.00239258189686
        mean: 0.000158774273586
        min: 9.36904864801e-09
        var: 9.45331350977e-08
    spectral_energyband_low:
        dmean: 0.000220656656893
        dmean2: 0.000375933828764
        dvar: 2.15696402961e-07
        dvar2: 5.78729668632e-07
        max: 0.00415036035702
        mean: 0.00039010157343
        min: 1.40134814863e-09
        var: 2.56421685663e-07
    spectral_energyband_middle_high:
        dmean: 0.000548879848793
        dmean2: 0.000789270095993
        dvar: 6.78062122006e-07
        dvar2: 1.49380491621e-06
        max: 0.00903478451073
        mean: 0.00161747774109
        min: 3.98308628746e-07
        var: 2.6871391583e-06
    spectral_energyband_middle_low:
        dmean: 0.000725349411368
        dmean2: 0.00104470725637
        dvar: 1.56988960498e-06
        dvar2: 3.3492192415e-06
        max: 0.0131934285164
        mean: 0.00177904206794
        min: 1.9917770544e-07
        var: 2.90528873848e-06
    spectral_flatness_db:
        dmean: 0.0219180285931
        dmean2: 0.0308166239411
        dvar: 0.000578262319323
        dvar2: 0.000950602057856
        max: 0.407291471958
        mean: 0.190071046352
        min: 0.0883361175656
        var: 0.00343620497733
    spectral_flux:
        dmean: 0.0113536082208
        dmean2: 0.0176144298166
        dvar: 0.00016962463269
        dvar2: 0.000339955411619
        max: 0.118429578841
        mean: 0.0326568223536
        min: 0.00135903595947
        var: 0.000454564433312
    spectral_kurtosis:
        dmean: 2.63473558426
        dmean2: 4.2562212944
        dvar: 47.8533668518
        dvar2: 113.090042114
        max: 126.178070068
        mean: 6.87569618225
        min: -1.09536612034
        var: 97.275894165
    spectral_rms:
        dmean: 0.000282988214167
        dmean2: 0.000397915049689
        dvar: 1.54239415906e-07
        dvar2: 2.96761527352e-07
        max: 0.00445435475558
        mean: 0.00181213265751
        min: 2.43693448283e-05
        var: 5.6534270243e-07
    spectral_rolloff:
        dmean: 494.664031982
        dmean2: 814.355651855
        dvar: 397711.65625
        dvar2: 855482.375
        max: 5211.03515625
        mean: 2144.34570312
        min: 215.33203125
        var: 1323482.875
    spectral_skewness:
        dmean: 0.284863740206
        dmean2: 0.437751889229
        dvar: 0.233334600925
        dvar2: 0.501639246941
        max: 9.84138965607
        mean: 1.88650512695
        min: 0.542143642902
        var: 0.674619555473
    spectral_spread:
        dmean: 809690.4375
        dmean2: 1088150.5
        dvar: 1.68807825408e+12
        dvar2: 2.63575280026e+12
        max: 22530118
        mean: 4853434
        min: 716488.8125
        var: 6.03710029824e+12
    spectral_strongpeak:
        dmean: 0.352966010571
        dmean2: 0.598722815514
        dvar: 0.389040499926
        dvar2: 0.83744519949
        max: 7.17870140076
        mean: 0.711822032928
        min: 0.00024850355112
        var: 0.903265833855
    zerocrossingrate:
        dmean: 0.00824753474444
        dmean2: 0.0093829492107
        dvar: 5.70588963456e-05
        dvar2: 6.24562017038e-05
        max: 0.15185546875
        mean: 0.065700955689
        min: 0.00244140625
        var: 0.000758784415666
    barkbands:
        dmean: [1.70628851492e-07, 8.58624189277e-05, 0.000152218097355, 0.000125492006191, 0.000229822995607, 0.000148408478708, 0.000121906290588, 0.000103976162791, 0.000286754162516, 0.000102143014374, 4.53075626865e-05, 3.78262448066e-05, 6.45800973871e-05, 8.50587166497e-05, 8.89413786354e-05, 0.000110291184683, 0.000118201096484, 0.000136285030749, 0.000112205663754, 7.98397813924e-05, 3.05805115204e-05, 1.08283720692e-05, 2.21275377044e-06, 1.00606246178e-06, 7.83830955697e-07, 5.65041062828e-08, 2.88360602063e-09]
        dmean2: [2.33544142247e-07, 0.000154033943545, 0.000250653392868, 0.000223895476665, 0.000348699395545, 0.000228835488087, 0.000213833773159, 0.000160466588568, 0.000377988239052, 0.000145705824252, 6.55504845781e-05, 6.30862268736e-05, 9.23120751395e-05, 0.000128177038277, 0.000139872732689, 0.000170697283465, 0.000185441385838, 0.000226645570365, 0.000172327330802, 0.000122675162856, 4.98195477121e-05, 1.82746935025e-05, 3.51548737854e-06, 1.65169274169e-06, 1.19541346066e-06, 8.61453486323e-08, 4.36402647352e-09]
        dvar: [1.56174593115e-13, 6.45491411433e-08, 6.98457753856e-08, 5.04862214257e-08, 3.04013525465e-07, 8.02025326152e-08, 2.02054621923e-07, 1.09990388353e-07, 4.53699982472e-07, 1.22718930129e-07, 1.61962585565e-08, 7.69268382328e-09, 2.12818243028e-08, 3.09047827329e-08, 6.39675761249e-08, 3.63850247709e-08, 3.30222107436e-08, 6.87791867904e-08, 3.57359049019e-08, 2.34085195672e-08, 6.42176889443e-09, 6.73596234346e-10, 3.8610184494e-11, 4.36666631673e-12, 2.76839076836e-12, 1.24719748486e-14, 1.45946942598e-15]
        dvar2: [2.72819364756e-13, 1.81181349035e-07, 1.82019334716e-07, 1.45641948279e-07, 6.43854150439e-07, 1.78696396347e-07, 5.34387481821e-07, 2.5360861855e-07, 8.34565241803e-07, 2.48818622595e-07, 3.24788231865e-08, 1.93656308767e-08, 3.34625234188e-08, 7.11278715926e-08, 1.56644873073e-07, 7.1257829859e-08, 7.98292631998e-08, 1.85341349379e-07, 8.61250057937e-08, 4.61456792777e-08, 1.60840833985e-08, 1.93812610405e-09, 1.03701790211e-10, 1.18135796284e-11, 6.47707668749e-12, 2.96745355339e-14, 3.65583231683e-15]
        max: [3.30163265971e-06, 0.00193581928033, 0.00221430463716, 0.00213075429201, 0.00667161075398, 0.00246056774631, 0.00547442073002, 0.00378827610984, 0.00661556283012, 0.00459960615262, 0.00215877243318, 0.000993049703538, 0.00247287447564, 0.00187490915414, 0.00332349934615, 0.00206886976957, 0.00174362456892, 0.00250163953751, 0.00196143635549, 0.00216841581278, 0.00118373078294, 0.000260158936726, 8.39274725877e-05, 2.69382435363e-05, 1.90739046957e-05, 9.24418372961e-07, 5.63430376133e-07]
        mean: [2.28779782674e-07, 0.000109773704025, 0.000280103064142, 0.000210490470636, 0.000432354223449, 0.000305562512949, 0.000137373383041, 0.0001577083749, 0.000518106797244, 0.000159962568432, 7.42975244066e-05, 5.5940970924e-05, 0.000116112183605, 0.000141646480188, 0.000120089767734, 0.000218031345867, 0.000210472018807, 0.000259137770627, 0.000203991934541, 0.000154114983161, 5.38879612577e-05, 1.87578370969e-05, 4.00884573537e-06, 1.82284179573e-06, 1.33777655265e-06, 8.46171133162e-08, 1.62895386069e-09]
        min: [6.77441297503e-11, 6.50864806495e-10, 5.74877256909e-10, 6.36255048647e-10, 1.07325537346e-09, 1.80092818436e-09, 1.41643372586e-08, 1.561183538e-08, 1.7357052684e-08, 3.63576404538e-08, 1.6158637095e-08, 5.38731548261e-08, 1.94000797649e-08, 3.92536207983e-08, 8.23896595392e-09, 2.8621460757e-09, 1.37938807043e-08, 1.47845193865e-08, 3.62730667725e-09, 4.83991735578e-09, 1.92412485944e-09, 7.7812400967e-10, 3.18581133696e-10, 2.27245694484e-10, 1.86582513328e-10, 1.78950031876e-11, 1.9680439529e-14]
        var: [3.01206759187e-13, 4.60769946642e-08, 1.38262947758e-07, 4.80490527366e-08, 4.81610982206e-07, 1.34129507501e-07, 1.63203424108e-07, 1.85871499525e-07, 1.31320655328e-06, 3.05681680857e-07, 3.63302490314e-08, 1.33679511904e-08, 8.5578449216e-08, 7.70784396309e-08, 7.32031324446e-08, 1.3776103458e-07, 8.11949547597e-08, 1.20783454349e-07, 8.00684674118e-08, 6.94722999128e-08, 1.37197044836e-08, 1.15504994458e-09, 5.70832062174e-11, 7.99724435979e-12, 5.1718065594e-12, 2.04183458336e-14, 7.3263606553e-16]
    mfcc:
        mean: [-764.461425781, 127.910484314, -43.3794136047, 55.059173584, -0.108020991087, -10.3528137207, -4.86747407913, -3.22496962547, -3.89199113846, -3.53596639633, -4.94103574753, -8.76016426086, -7.75118970871]
        cov: [[7816.39550781, -1574.4017334, -680.112609863, -323.992858887, -504.698883057, 45.3845939636, -185.400878906, 33.3359832764, 200.024459839, 84.1887969971, 153.390014648, -3.24785876274, 63.7687683105], [-1574.4017334, 1619.15588379, 86.220916748, 260.702758789, 136.990615845, 1.64140999317, 108.67741394, -24.7722930908, -71.7760238647, 23.5695819855, -9.35695934296, -17.333026886, -40.9014129639], [-680.112609863, 86.220916748, 1098.42468262, 178.938049316, 336.965423584, 98.2772369385, 82.422203064, -5.55724573135, 2.36484885216, -97.8112335205, -64.0280609131, 5.93568468094, 33.4748077393], [-323.992858887, 260.702758789, 178.938049316, 546.963012695, 285.806091309, 4.18246889114, -16.876625061, 77.6870117188, 41.7955169678, 20.7089614868, -99.8809204102, -10.682299614, 119.749481201], [-504.698883057, 136.990615845, 336.965423584, 285.806091309, 396.065246582, 37.5736312866, -26.8528003693, 38.1015167236, 28.8499107361, 22.9047641754, -77.854850769, -37.3037033081, 61.0962638855], [45.3845939636, 1.64140999317, 98.2772369385, 4.18246889114, 37.5736312866, 215.580062866, 105.445297241, 50.382019043, 12.840092659, -24.0381832123, 5.89013433456, 27.2054481506, -2.9688205719], [-185.400878906, 108.67741394, 82.422203064, -16.876625061, -26.8528003693, 105.445297241, 257.922027588, 57.2978973389, -3.58940792084, -51.0425338745, 49.2511405945, 56.8035049438, -16.6195526123], [33.3359832764, -24.7722930908, -5.55724573135, 77.6870117188, 38.1015167236, 50.382019043, 57.2978973389, 151.094482422, 27.3147335052, 9.92471981049, 8.39365196228, 31.746011734, 48.0420913696], [200.024459839, -71.7760238647, 2.36484885216, 41.7955169678, 28.8499107361, 12.840092659, -3.58940792084, 27.3147335052, 98.6238861084, 13.3859834671, -18.2200431824, -20.3792037964, 7.02690649033], [84.1887969971, 23.5695819855, -97.8112335205, 20.7089614868, 22.9047641754, -24.0381832123, -51.0425338745, 9.92471981049, 13.3859834671, 124.113250732, 25.9197177887, -1.53559839725, 2.80884575844], [153.390014648, -9.35695934296, -64.0280609131, -99.8809204102, -77.854850769, 5.89013433456, 49.2511405945, 8.39365196228, -18.2200431824, 25.9197177887, 114.077644348, 28.6238899231, -27.9153957367], [-3.24785876274, -17.333026886, 5.93568468094, -10.682299614, -37.3037033081, 27.2054481506, 56.8035049438, 31.746011734, -20.3792037964, -1.53559839725, 28.6238899231, 93.8651046753, 30.4777603149], [63.7687683105, -40.9014129639, 33.4748077393, 119.749481201, 61.0962638855, -2.9688205719, -16.6195526123, 48.0420913696, 7.02690649033, 2.80884575844, -27.9153957367, 30.4777603149, 115.921577454]]
        icov: [[0.000197072702576, 0.000154640991241, 3.26720182784e-05, -9.72096604528e-05, 0.00027296342887, -0.000198078691028, 0.00014475043281, 9.3548464065e-05, -0.000323900138028, -4.51923442597e-05, -0.000335665710736, 0.000176973670023, -0.000236450039665], [0.000154640991241, 0.000945341191255, 6.07322072028e-05, -0.000683210615534, 0.000155454850756, -3.95643437514e-05, -0.000480558665004, 0.000334971351549, 0.000574446981773, -0.000410696869949, -0.000195222513867, 0.000371951260604, 0.000476374814752], [3.26720182784e-05, 6.07322072028e-05, 0.00155907869339, 0.000132673580083, -0.00165255286265, -0.00020329914696, -0.000258052372374, 0.00065292842919, -0.000172343454324, 0.00133772904519, -0.000237216823734, -0.000702827761415, 8.00523703219e-05], [-9.72096604528e-05, -0.000683210615534, 0.000132673580083, 0.0043625459075, -0.00230309111066, 0.000634326250292, -0.000416695023887, -0.000890384078957, -0.000771120423451, -0.000235987390624, 0.00190806109458, -7.63480711612e-05, -0.00266113062389], [0.00027296342887, 0.000155454850756, -0.00165255286265, -0.00230309111066, 0.00684431521222, -0.00125039299019, 0.000481765484437, -0.000575979007408, 9.75436487352e-05, -0.00252323434688, 0.000860119529534, 0.00293443468399, -0.00107964512426], [-0.000198078691028, -3.95643437514e-05, -0.00020329914696, 0.000634326250292, -0.00125039299019, 0.00666431663558, -0.00236544804648, -0.00147154252045, -0.000237016298342, 0.00029017435736, 0.00112804723904, -0.00120723445434, 0.00119524833281], [0.00014475043281, -0.000480558665004, -0.000258052372374, -0.000416695023887, 0.000481765484437, -0.00236544804648, 0.00777510320768, -0.00193600472994, -0.00132028572261, 0.00340002845041, -0.00323311635293, -0.00315223122016, 0.00190619868226], [9.3548464065e-05, 0.000334971351549, 0.00065292842919, -0.000890384078957, -0.000575979007408, -0.00147154252045, -0.00193600472994, 0.0103942798451, -0.00236910046078, -0.000630143447779, -0.00153835117817, -0.00116681703366, -0.0034262787085], [-0.000323900138028, 0.000574446981773, -0.000172343454324, -0.000771120423451, 9.75436487352e-05, -0.000237016298342, -0.00132028572261, -0.00236910046078, 0.0136160608381, -0.00228738528676, 0.0025372535456, 0.00359185505658, 0.000858981336933], [-4.51923442597e-05, -0.000410696869949, 0.00133772904519, -0.000235987390624, -0.00252323434688, 0.00029017435736, 0.00340002845041, -0.000630143447779, -0.00228738528676, 0.0124616762623, -0.00496367318556, -0.0022415232379, 0.00105406588409], [-0.000335665710736, -0.000195222513867, -0.000237216823734, 0.00190806109458, 0.000860119529534, 0.00112804723904, -0.00323311635293, -0.00153835117817, 0.0025372535456, -0.00496367318556, 0.0154346311465, -0.00229094363749, 0.00224844180048], [0.000176973670023, 0.000371951260604, -0.000702827761415, -7.63480711612e-05, 0.00293443468399, -0.00120723445434, -0.00315223122016, -0.00116681703366, 0.00359185505658, -0.0022415232379, -0.00229094363749, 0.0182104855776, -0.00673311017454], [-0.000236450039665, 0.000476374814752, 8.00523703219e-05, -0.00266113062389, -0.00107964512426, 0.00119524833281, 0.00190619868226, -0.0034262787085, 0.000858981336933, 0.00105406588409, 0.00224844180048, -0.00673311017454, 0.0161775574088]]
    spectral_contrast:
        mean: [8.00161288339e-08, 3.23901929278e-07, -4.29339706898e-07, 1.62912456858e-07, 4.55313253767e-09, 2.69669612862e-07, -3.55875613423e-06, 1.27018597595e-06, 3.3580042782e-06, -2.40791723627e-06, -1.22520660284e-07, -1.04860021111e-07]
        var: [0.000598049664404, 0.00105752993841, 0.0027702820953, 0.0034885420464, 0.00582954892889, 0.0177668966353, 0.0635727345943, 0.151508644223, 0.231479078531, 0.459522843361, 1.01753950119, 4.63041448593]

rhythm:
    beats_loudness:
        dmean: 0.0033916993998
        dmean2: 0.00613056309521
        dvar: 6.62645015836e-06
        dvar2: 1.27418925331e-05
        max: 0.012196729891
        mean: 0.0063549769111
        min: 0.00105631514452
        var: 8.96406891115e-06
    beats_loudness_bass:
        dmean: 0.13637599349
        dmean2: 0.26051941514
        dvar: 0.0310019459575
        dvar2: 0.0941378250718
        max: 0.562472343445
        mean: 0.118585236371
        min: 0.00472989259288
        var: 0.017975224182
    bpm: 91.1413650513
    bpm_confidence: 0
    first_peak_bpm: 91
    first_peak_spread: 0
    first_peak_weight: 0.923076927662
    onset_rate: 3.48011374474
    second_peak_bpm: 60
    second_peak_spread: 0
    second_peak_weight: 0.0769230797887
    beats_position: [0.439957737923, 1.09651446342, 1.75307106972, 2.40962767601, 3.0661842823, 3.72274112701, 4.37929821014, 5.03585481644, 6.03494119644, 6.69729948044, 7.35965824127, 8.02201652527, 8.68437576294, 9.34673404694]
    bpm_estimates: [91.5915374756, 91.3027496338, 91.0069732666, 90.6141357422, 91.3824996948, 91.905166626, 92.0531082153, 91.3769226074, 91.2563323975, 90.5829696655, 90.8989334106, 90.9226150513, 89.9438476562]
    bpm_intervals: [0.656556725502, 0.656556606293, 0.656556606293, 0.656556606293, 0.656556844711, 0.65655708313, 0.656556606293, 0.999086380005, 0.662358283997, 0.662358760834, 0.662358283997, 0.662359237671, 0.662358283997]
    onset_times: [0.0928798168898, 0.429569154978, 0.777868509293, 1.11455786228, 1.39319729805, 1.77632653713, 1.90403628349, 2.27555561066, 2.36843538284, 2.71673464775, 3.01859402657, 3.72680282593, 4.051882267, 4.41179132462, 4.7020406723, 5.06195020676, 5.38702964783, 5.71210861206, 6.09523820877, 6.24616765976, 6.37387752533, 6.67573690414, 7.04725646973, 7.2330160141, 7.34911584854, 7.54648542404, 7.67419481277, 7.97605419159, 8.31274414062, 8.68426322937, 9.0093421936, 9.31120204926, 9.52018165588, 9.83365058899, 10.0078001022]
    rubato_start: []
    rubato_stop: []
    perceptual_tempo: "unknown"

sfx:
    inharmonicity:
        dmean: 0.0378767848015
        dmean2: 0.0672436729074
        dvar: 0.00203465553932
        dvar2: 0.00594067247584
        max: 0.309844136238
        mean: 0.0365159288049
        min: 0
        var: 0.00193185452372
    oddtoevenharmonicenergyratio:
        dmean: 3.59644579887
        dmean2: 6.37397670746
        dvar: 121.984268188
        dvar2: 332.72833252
        max: 130.315795898
        mean: 3.02234816551
        min: 0
        var: 100.546531677
    pitch_after_max_to_before_max_energy_ratio: 9.99889945984
    pitch_centroid: 198.396957397
    pitch_max_to_total: 0.0416666679084
    pitch_min_to_total: 0.0324074067175
    tristimulus:
        dmean: [0.191273540258, 0.206288844347, 0.0906779095531]
        dmean2: [0.326535105705, 0.356195658445, 0.163308501244]
        dvar: [0.0357114449143, 0.0426081195474, 0.0103791989386]
        dvar2: [0.0974365398288, 0.110955625772, 0.0292323194444]
        max: [1, 0.964478373528, 0.608004927635]
        mean: [0.411671131849, 0.459137737751, 0.0956883952022]
        min: [0.00054806220578, 0, 0]
        var: [0.0598868876696, 0.0658103227615, 0.0116825383157]

tonal:
    chords_changes_rate: 0.0829493105412
    chords_number_rate: 0.0368663594127
    chords_strength:
        dmean: 0.01165509969
        dmean2: 0.0117731885985
        dvar: 8.53583042044e-05
        dvar2: 0.000114171387395
        max: 0.692274093628
        mean: 0.494098395109
        min: 0.300726920366
        var: 0.0110144773498
    key_strength: 0.649769365788
    tuning_diatonic_strength: 0.576761722565
    tuning_equal_tempered_deviation: 0.156727194786
    tuning_frequency: 442.293365479
    tuning_nontempered_energy_ratio: 0.832019090652
    hpcp:
        dmean: [0.136565864086, 0.148502409458, 0.105350553989, 0.0934647023678, 0.0816713199019, 0.0931533053517, 0.124187365174, 0.130250871181, 0.0960119813681, 0.0714026391506, 0.0586359649897, 0.0798029527068, 0.0977586358786, 0.11021681875, 0.155645847321, 0.170383706689, 0.155068516731, 0.10313142091, 0.0619189478457, 0.0605392791331, 0.11905027926, 0.157316029072, 0.187659904361, 0.134470582008, 0.0968583524227, 0.0774696022272, 0.107967317104, 0.173599928617, 0.149577692151, 0.0787931904197, 0.0889724567533, 0.102470830083, 0.124418839812, 0.12539114058, 0.110164500773, 0.13761870563]
        dmean2: [0.220955908298, 0.24595195055, 0.173758551478, 0.150884389877, 0.132252693176, 0.148602992296, 0.19169510901, 0.217217221856, 0.163719817996, 0.125074535608, 0.0981096848845, 0.144961714745, 0.175427541137, 0.192770168185, 0.280419230461, 0.289205938578, 0.272802442312, 0.173410490155, 0.111775994301, 0.105067387223, 0.200236350298, 0.273056715727, 0.316335707903, 0.231317684054, 0.169541224837, 0.134795606136, 0.171300292015, 0.276407271624, 0.238398388028, 0.125912576914, 0.153993219137, 0.177370369434, 0.216016083956, 0.223881706595, 0.196268111467, 0.238440006971]
        dvar: [0.0419171638787, 0.0486811921, 0.0255247335881, 0.0284570101649, 0.0174135882407, 0.0192220769823, 0.0316272825003, 0.0340665131807, 0.0245463531464, 0.0227674972266, 0.0121847204864, 0.0296639222652, 0.0344969183207, 0.0296414159238, 0.0447279550135, 0.0393980704248, 0.0336067266762, 0.0208147279918, 0.0179200340062, 0.0125067550689, 0.0338935479522, 0.0401019863784, 0.0501079969108, 0.0412384942174, 0.0327112674713, 0.0293405018747, 0.0242328252643, 0.0527912452817, 0.0357416123152, 0.0129432221875, 0.03306254372, 0.039632383734, 0.0490738153458, 0.0460847578943, 0.0268087610602, 0.0511375106871]
        dvar2: [0.0875098481774, 0.11884599179, 0.0684138089418, 0.0699425116181, 0.0427656844258, 0.0412669479847, 0.0546098537743, 0.0696093961596, 0.0641921535134, 0.058204986155, 0.0273600816727, 0.0831810384989, 0.0817441269755, 0.0807959362864, 0.130263283849, 0.0914123728871, 0.0856738090515, 0.0549351908267, 0.0487463660538, 0.0338010676205, 0.0904836505651, 0.0960166677833, 0.121273882687, 0.105207718909, 0.0834865868092, 0.0716085359454, 0.0620862431824, 0.111260771751, 0.0846982374787, 0.0339671783149, 0.0797284767032, 0.100039601326, 0.119033023715, 0.120475150645, 0.0744942426682, 0.138353183866]
        max: [1, 1, 1, 1, 1, 1, 1, 1, 1, 0.966912090778, 1, 1, 1, 0.92487424612, 1, 1, 1, 1, 1, 0.816969931126, 1, 1, 1, 1, 1, 1, 0.972558498383, 1, 1, 0.935359597206, 1, 1, 1, 1, 1, 1]
        mean: [0.21031974256, 0.209084749222, 0.128035962582, 0.109173566103, 0.100282654166, 0.138683572412, 0.252849340439, 0.223846241832, 0.1064074561, 0.0674783438444, 0.0654148161411, 0.0821916684508, 0.127774715424, 0.139669165015, 0.187109321356, 0.339933186769, 0.304150372744, 0.125467777252, 0.0596678853035, 0.0562981367111, 0.13961315155, 0.274993568659, 0.267118871212, 0.152425393462, 0.0989950969815, 0.0840728655457, 0.156178340316, 0.309911429882, 0.250093072653, 0.1021868065, 0.101562738419, 0.110206954181, 0.129844456911, 0.133070737123, 0.109307006001, 0.136030703783]
        min: [0.000172583182575, 4.53686661785e-05, 0.000170324492501, 0.000223198192543, 0.000202706811251, 0.000666872190777, 0.000124783837236, 0.000191772138351, 0.000312728079734, 0.000135418420541, 2.63963011093e-05, 0.000169646795257, 0.000445410842076, 0.000361196347512, 0.000551426433958, 2.00137128559e-05, 0.000142925884575, 0.000687520543579, 0.000142659220728, 0.00023280007008, 0.000108789179649, 2.70063610515e-05, 4.46054327767e-05, 9.35878924793e-05, 5.4190371884e-05, 3.04379700538e-05, 0.00110092840623, 0.00282866600901, 0.000937041535508, 0.000147843922605, 7.71993018134e-06, 0.000108729698695, 0.000123641701066, 9.01412931853e-05, 0.000241963294684, 0.000351007445715]
        var: [0.080991640687, 0.0750860869884, 0.0275505371392, 0.039919860661, 0.0302840489894, 0.0344821996987, 0.105750337243, 0.076374553144, 0.0323695130646, 0.0206582099199, 0.0166342593729, 0.0270843971521, 0.0550298169255, 0.0465020313859, 0.0502271093428, 0.119230702519, 0.0997180044651, 0.027708562091, 0.0143758095801, 0.0107812862843, 0.0395688787103, 0.0945232063532, 0.0939639806747, 0.0472357906401, 0.0351081565022, 0.0342943631113, 0.033652022481, 0.113115891814, 0.0718992352486, 0.0256111733615, 0.0517889671028, 0.049253962934, 0.0577554032207, 0.0505825690925, 0.0240284278989, 0.0480750799179]
    chords_histogram: [22.1198158264, 0, 20.2764968872, 2.7649769783, 4.60829496384, 0, 0, 0, 5.0691242218, 0, 0, 0, 0, 0, 0, 4.14746522903, 0, 0, 0, 0, 0, 4.14746522903, 0, 36.8663597107]
    thpcp: [1, 0.894735753536, 0.369095414877, 0.175528272986, 0.165615305305, 0.410707622766, 0.808963596821, 0.78579813242, 0.448398083448, 0.291219264269, 0.247321739793, 0.459438353777, 0.911683380604, 0.735712409019, 0.300608515739, 0.298772662878, 0.324201822281, 0.381970524788, 0.39146143198, 0.321554392576, 0.400168955326, 0.618709087372, 0.615076005459, 0.376650363207, 0.321161836386, 0.29500696063, 0.407973021269, 0.743820726871, 0.658500671387, 0.313024610281, 0.198504731059, 0.192434325814, 0.241787716746, 0.375881850719, 0.410872399807, 0.550429701805]
    chords_key: "B"
    chords_scale: "minor"
    key_key: "D"
    key_scale: "major"
    chords_progression: ["D", "D", "D", "D", "D", "D", "D", "Bm", "Bm", "D", "D", "D", "D", "D", "D", "Bm", "Bm", "Bm", "Bm", "Bm", "A", "A", "A", "A", "A", "A", "A", "A", "A", "A", "A", "A", "A", "A", "A", "A", "A", "A", "Em", "Em", "Em", "Em", "Em", "C#m", "C#m", "A", "C#m", "C#m", "C#m", "C#m", "Em", "Em", "Em", "Em", "F#", "F#", "F#", "F#", "F#", "F#", "F#", "F#", "F#", "F#", "F#", "Gm", "Gm", "Gm", "Gm", "Gm", "Gm", "Gm", "Gm", "Gm", "D", "D", "D", "D", "D", "D", "D", "D", "D", "D", "D", "D", "D", "D", "D", "D", "D", "D", "D", "D", "Bm", "Bm", "Bm", "Bm", "Bm", "Bm", "Bm", "Bm", "Bm", "Bm", "Bm", "Bm", "Bm", "Bm", "Bm", "Bm", "Bm", "Bm", "Bm", "Bm", "Bm", "Bm", "Bm", "Bm", "Bm", "Bm", "Bm", "Bm", "Bm", "Bm", "Bm", "Bm", "Bm", "Bm", "Bm", "Bm", "Bm", "Bm", "Bm", "Bm", "Bm", "Bm", "Bm", "Bm", "Bm", "D", "D", "D", "D", "D", "D", "D", "D", "D", "D", "D", "D", "D", "D", "D", "Bm", "Bm", "Bm", "Bm", "Bm", "Bm", "Bm", "Bm", "Bm", "Bm", "Bm", "Bm", "Bm", "Bm", "Bm", "Bm", "Bm", "Bm", "Bm", "Bm", "Bm", "Bm", "Bm", "Bm", "Bm", "Bm", "Bm", "E", "E", "E", "E", "E", "E", "E", "E", "E", "E", "A", "A", "A", "A", "A", "A", "A", "A", "A", "A", "A", "A", "A", "A", "A", "A", "A", "A", "A", "A", "A", "A", "A", "A", "A", "Bm"]
