
metadata:
    version:
        essentia: "1.2.2"
    audio_properties:
        analysis_sample_rate: 44100
        bitrate: 128
        channels: 2
        equal_loudness: 1
        length: 10.0048980713
        replay_gain: -15.8605155945
        downmix: "mix"
    tags:
        track: 11
        year: 0
        album: "Splitted by Mp3Splt v. 2.1"
        artist: "From 001.40 To 001.50"
        comment: "http://mp3splt.sf.net"
        genre: ""
        title: "03 Angels Around Me.mp3"

highlevel:
    ballroom:
        all:
            ChaChaCha: 0.221856921911
            Jive: 0.042334087193
            Quickstep: 0.0699111968279
            Rumba-American: 0.00435687042773
            Rumba-International: 0.155736118555
            Rumba-Misc: 0.0622862838209
            Samba: 0.435789465904
            Tango: 0.00177865196019
            VienneseWaltz: 0.00264801527373
            Waltz: 0.00330237927847
        probability: 0.435789465904
        value: "Samba"
    culture:
        all:
            non_western: 0.580014765263
            western: 0.419985204935
        probability: 0.580014765263
        value: "non_western"
    gender:
        all:
            female: 0.511073708534
            male: 0.488926291466
        probability: 0.511073708534
        value: "female"
    genre_dortmund:
        all:
            alternative: 0.00434061372653
            blues: 0.00358260911889
            electronic: 0.0163018088788
            folkcountry: 0.00585713516921
            funksoulrnb: 0.0164477601647
            jazz: 0.0169686861336
            pop: 0.0284968577325
            raphiphop: 0.904113173485
            rock: 0.00389135978185
        probability: 0.904113173485
        value: "raphiphop"
    genre_electronica:
        all:
            ambient: 0.0463899858296
            dnb: 0.181583687663
            house: 0.656859755516
            techno: 0.0901815071702
            trance: 0.024985069409
        probability: 0.656859755516
        value: "house"
    genre_rosamerica:
        all:
            cla: 0.00345941726118
            dan: 0.0802772194147
            hip: 0.296043872833
            jaz: 0.0343531034887
            pop: 0.00836078729481
            rhy: 0.562206506729
            roc: 0.00290437438525
            spe: 0.0123947327957
        probability: 0.562206506729
        value: "rhy"
    genre_tzanetakis:
        all:
            blu: 0.00105360080488
            cla: 0.000929903704673
            cou: 0.0018949736841
            dis: 0.020401218906
            hip: 0.576506733894
            jaz: 0.0017255214043
            met: 0.00204156339169
            pop: 0.32761272788
            reg: 0.0478614196181
            roc: 0.0199723076075
        probability: 0.576506733894
        value: "hip"
    live_studio:
        all:
            live: 0.0495142526925
            studio: 0.950485765934
        probability: 0.950485765934
        value: "studio"
    mood:
        all:
            Cluster1: 0.22509264946
            Cluster2: 0.326480388641
            Cluster3: 0.100830353796
            Cluster4: 0.141880884767
            Cluster5: 0.205715700984
        probability: 0.326480388641
        value: "Cluster2"
    mood_acoustic:
        all:
            acoustic: 0.358211994171
            not_acoustic: 0.641788005829
        probability: 0.641788005829
        value: "not_acoustic"
    mood_aggressive:
        all:
            aggressive: 0.00543382996693
            not_aggressive: 0.994566142559
        probability: 0.994566142559
        value: "not_aggressive"
    mood_electronic:
        all:
            electronic: 0.788244068623
            not_electronic: 0.211755916476
        probability: 0.788244068623
        value: "electronic"
    mood_happy:
        all:
            happy: 0.0369205735624
            not_happy: 0.963079452515
        probability: 0.963079452515
        value: "not_happy"
    mood_party:
        all:
            not_party: 0.377610236406
            party: 0.622389793396
        probability: 0.622389793396
        value: "party"
    mood_relaxed:
        all:
            not_relaxed: 0.270895421505
            relaxed: 0.729104578495
        probability: 0.729104578495
        value: "relaxed"
    mood_sad:
        all:
            not_sad: 0.533939003944
            sad: 0.466060996056
        probability: 0.533939003944
        value: "not_sad"
    rhythm:
        all:
            fast: 0.404545754194
            medium: 0.451347887516
            slow: 0.144106373191
        probability: 0.451347887516
        value: "medium"
    speech_music:
        all:
            music: 0.993354976177
            speech: 0.00664500985295
        probability: 0.993354976177
        value: "music"
    timbre:
        all:
            bright: 0.138908877969
            dark: 0.861091136932
        probability: 0.861091136932
        value: "dark"
    voice_instrumental:
        all:
            instrumental: 0.0413177795708
            voice: 0.958682239056
        probability: 0.958682239056
        value: "voice"

lowlevel:
    average_loudness: 0.968712985516
    barkbands_kurtosis:
        dmean: 6.05109500885
        dmean2: 9.16266441345
        dvar: 77.6520690918
        dvar2: 160.263427734
        max: 73.3988723755
        mean: 7.42791891098
        min: -1.90600097179
        var: 153.40133667
    barkbands_skewness:
        dmean: 0.947029769421
        dmean2: 1.31117510796
        dvar: 1.02603340149
        dvar2: 1.72967112064
        max: 8.11247825623
        mean: 1.78787207603
        min: -6.56310749054
        var: 3.80437898636
    barkbands_spread:
        dmean: 8.94969844818
        dmean2: 13.2102479935
        dvar: 103.796531677
        dvar2: 209.360931396
        max: 77.8516387939
        mean: 23.865568161
        min: 1.7642236948
        var: 301.510559082
    dissonance:
        dmean: 0.0307290107012
        dmean2: 0.0487221963704
        dvar: 0.000903649255633
        dvar2: 0.00212429161184
        max: 0.499821513891
        mean: 0.431590467691
        min: 0.26654291153
        var: 0.00226246798411
    hfc:
        dmean: 1.60104453564
        dmean2: 2.37047815323
        dvar: 25.1045761108
        dvar2: 47.3045921326
        max: 43.3392486572
        mean: 2.66827321053
        min: 0.0166964828968
        var: 34.7589149475
    pitch:
        dmean: 612.790405273
        dmean2: 1186.10534668
        dvar: 1824654.25
        dvar2: 4540489
        max: 4900
        mean: 957.885498047
        min: 84.9710998535
        var: 2383034.25
    pitch_instantaneous_confidence:
        dmean: 0.104760833085
        dmean2: 0.160903766751
        dvar: 0.00857987999916
        dvar2: 0.0174221750349
        max: 0.867860913277
        mean: 0.576975941658
        min: 0.163642764091
        var: 0.028875105083
    pitch_salience:
        dmean: 0.100953482091
        dmean2: 0.162704467773
        dvar: 0.00789389293641
        dvar2: 0.0200277306139
        max: 0.845993995667
        mean: 0.519515573978
        min: 0.114415518939
        var: 0.0197775661945
    silence_rate_20dB:
        dmean: 0
        dmean2: 0
        dvar: 0
        dvar2: 0
        max: 1
        mean: 1
        min: 1
        var: 0
    silence_rate_30dB:
        dmean: 0
        dmean2: 0
        dvar: 0
        dvar2: 0
        max: 1
        mean: 1
        min: 1
        var: 0
    silence_rate_60dB:
        dmean: 0.148837208748
        dmean2: 0.298368304968
        dvar: 0.12668441236
        dvar2: 0.218669548631
        max: 1
        mean: 0.721577703953
        min: 0
        var: 0.200903832912
    spectral_centroid:
        dmean: 364.198272705
        dmean2: 508.050018311
        dvar: 331122.59375
        dvar2: 496652.0625
        max: 6449.66210938
        mean: 1090.68115234
        min: 144.05355835
        var: 1015734
    spectral_complexity:
        dmean: 2.17990660667
        dmean2: 3.10304450989
        dvar: 22.9746322632
        dvar2: 43.1791191101
        max: 44
        mean: 4.81118869781
        min: 0
        var: 38.9830131531
    spectral_crest:
        dmean: 3.29535794258
        dmean2: 5.20046186447
        dvar: 7.30701589584
        dvar2: 18.9044036865
        max: 22.9787921906
        mean: 11.3201723099
        min: 3.46876573563
        var: 18.8903369904
    spectral_decrease:
        dmean: 4.32667540684e-10
        dmean2: 6.77787270753e-10
        dvar: 6.36636663319e-19
        dvar2: 1.63742366809e-18
        max: -5.72634994978e-12
        mean: -6.47656206443e-10
        min: -5.12551290299e-09
        var: 6.51851823507e-19
    spectral_energy:
        dmean: 0.00177001114935
        dmean2: 0.0027352895122
        dvar: 1.04206865217e-05
        dvar2: 2.62817629846e-05
        max: 0.0197200365365
        mean: 0.00268642418087
        min: 2.41732686845e-05
        var: 1.1269999959e-05
    spectral_energyband_high:
        dmean: 0.000160792464158
        dmean2: 0.000218716202653
        dvar: 3.09605866278e-07
        dvar2: 5.25736311374e-07
        max: 0.00513237575069
        mean: 0.000213653620449
        min: 1.11303471328e-07
        var: 4.47871940423e-07
    spectral_energyband_low:
        dmean: 0.0004638209939
        dmean2: 0.000816546438728
        dvar: 2.35571064877e-06
        dvar2: 6.45643285679e-06
        max: 0.00857816264033
        mean: 0.0003485250636
        min: 1.68362728203e-08
        var: 1.60207594035e-06
    spectral_energyband_middle_high:
        dmean: 0.000303063221509
        dmean2: 0.000456004287116
        dvar: 9.13140581815e-07
        dvar2: 2.31275453189e-06
        max: 0.00804773159325
        mean: 0.000418041774537
        min: 1.70786938725e-06
        var: 8.96892117908e-07
    spectral_energyband_middle_low:
        dmean: 0.0011934597278
        dmean2: 0.00186813366599
        dvar: 3.79079756385e-06
        dvar2: 1.03278289316e-05
        max: 0.013419194147
        mean: 0.00170615757816
        min: 8.59306737766e-07
        var: 3.9670753722e-06
    spectral_flatness_db:
        dmean: 0.0309398323298
        dmean2: 0.0456865951419
        dvar: 0.00092902261531
        dvar2: 0.00203977525234
        max: 0.423400759697
        mean: 0.192002803087
        min: 0.0731260553002
        var: 0.00358704663813
    spectral_flux:
        dmean: 0.0130927097052
        dmean2: 0.0206463076174
        dvar: 0.000366158783436
        dvar2: 0.000683252001181
        max: 0.131201282144
        mean: 0.0310776345432
        min: 0.00227128784172
        var: 0.000646299915388
    spectral_kurtosis:
        dmean: 1.40036821365
        dmean2: 2.12700128555
        dvar: 2.560765028
        dvar2: 6.09917449951
        max: 25.5933551788
        mean: 3.37502527237
        min: -0.528827190399
        var: 7.75975561142
    spectral_rms:
        dmean: 0.000453804241261
        dmean2: 0.000637454912066
        dvar: 3.74481174958e-07
        dvar2: 8.59570548073e-07
        max: 0.00438623549417
        mean: 0.00137879117392
        min: 0.000153569781105
        var: 7.19836521057e-07
    spectral_rolloff:
        dmean: 676.182617188
        dmean2: 1092.24279785
        dvar: 1065049.625
        dvar2: 1679467.5
        max: 8591.74804688
        mean: 1894.27001953
        min: 129.19921875
        var: 3095069
    spectral_skewness:
        dmean: 0.296686738729
        dmean2: 0.41544893384
        dvar: 0.0811879709363
        dvar2: 0.163067772985
        max: 3.84100651741
        mean: 1.51898562908
        min: -0.312412172556
        var: 0.372582674026
    spectral_spread:
        dmean: 919112.8125
        dmean2: 1355750.5
        dvar: 922280591360
        dvar2: 2.02553137562e+12
        max: 13175591
        mean: 6586262.5
        min: 2263100
        var: 2.93680211558e+12
    spectral_strongpeak:
        dmean: 0.21327033639
        dmean2: 0.359628647566
        dvar: 0.167722374201
        dvar2: 0.469776332378
        max: 3.63702344894
        mean: 0.317284464836
        min: 0.0053030657582
        var: 0.147040009499
    zerocrossingrate:
        dmean: 0.0166677311063
        dmean2: 0.0171332973987
        dvar: 0.00035335982102
        dvar2: 0.000306519534206
        max: 0.29638671875
        mean: 0.0684800222516
        min: 0.00830078125
        var: 0.00224248738959
    barkbands:
        dmean: [6.68727977882e-07, 0.000109636355774, 0.000388566375477, 0.000388973392546, 0.000408274849178, 0.000315977842547, 0.000208538825973, 0.000120049342513, 7.38039598218e-05, 4.03641679441e-05, 2.49763725151e-05, 1.50035184561e-05, 1.98280758923e-05, 3.22348096233e-05, 1.6468397007e-05, 2.87675466097e-05, 3.11582552968e-05, 5.06869873789e-05, 8.67875714903e-05, 0.000107923522592, 7.29881430743e-05, 1.71106185007e-05, 5.0153275879e-06, 2.74114700005e-06, 1.17299794056e-06, 5.32103392459e-08, 3.16442511084e-10]
        dmean2: [1.01444436496e-06, 0.000178338974365, 0.000738768954761, 0.000684066384565, 0.000641340157017, 0.000476724468172, 0.000323517189827, 0.000188075850019, 0.000127492472529, 6.76558920532e-05, 3.97543481085e-05, 2.55621598626e-05, 3.20019134961e-05, 5.20253888681e-05, 2.49484455708e-05, 4.81205097458e-05, 4.79097689094e-05, 8.0466743384e-05, 0.0001486048277, 0.000151488275151, 0.000117078670883, 2.47235893767e-05, 7.04757303538e-06, 4.8099709602e-06, 1.9986314328e-06, 8.34860429677e-08, 5.19467080462e-10]
        dvar: [1.56117306582e-12, 9.24333676267e-08, 2.06725826501e-06, 1.23688346321e-06, 5.43772443962e-07, 3.50609639099e-07, 1.28508148123e-07, 5.64972175709e-08, 4.29691873194e-08, 1.06584536752e-08, 2.97148705641e-09, 1.75874192987e-09, 5.46340306329e-09, 5.40518829695e-09, 1.19633147833e-09, 7.25664373036e-09, 1.07832844876e-08, 3.25161053638e-08, 9.5788152521e-08, 1.57950410085e-07, 6.56239365071e-08, 3.25830495918e-09, 2.84473417045e-10, 8.75962913316e-11, 1.57566355796e-11, 2.57987465484e-14, 8.12247882846e-19]
        dvar2: [3.67273572666e-12, 2.19739860086e-07, 5.94015182287e-06, 3.54651069756e-06, 1.40691633987e-06, 8.1595192114e-07, 2.67557993539e-07, 1.3552711664e-07, 1.19018110922e-07, 2.62151491626e-08, 6.56974918911e-09, 4.75358685748e-09, 1.07217275058e-08, 1.32140653974e-08, 2.67690869471e-09, 1.96959923926e-08, 2.59875996278e-08, 8.18457834839e-08, 2.60939827967e-07, 2.82763465975e-07, 1.13789745626e-07, 5.39411360023e-09, 3.98679200764e-10, 1.80955181395e-10, 4.13075060268e-11, 6.2809654667e-14, 1.71469598578e-18]
        max: [1.93377582036e-05, 0.00196857051924, 0.0075750714168, 0.00809801649302, 0.00663125934079, 0.00678281811997, 0.00338314473629, 0.00249731075019, 0.00283298664726, 0.00106860883534, 0.000575384357944, 0.000329520815285, 0.00097945285961, 0.00109341100324, 0.000357795215677, 0.000698629999533, 0.000938124838285, 0.00159724568948, 0.00248106289655, 0.00373313459568, 0.00196607713588, 0.000487075507408, 0.000149650441017, 7.60350230848e-05, 3.20515246131e-05, 1.36007452056e-06, 9.50682643719e-09]
        mean: [1.82808037152e-06, 0.000120986551337, 0.00022575823823, 0.000334341282723, 0.000545125512872, 0.000332396361046, 0.000241710891714, 0.000146141421283, 8.95234043128e-05, 4.4601438276e-05, 2.76904302154e-05, 1.526419328e-05, 2.13639887079e-05, 3.91202993342e-05, 1.89892525668e-05, 2.91714586638e-05, 3.45987282344e-05, 5.36887055205e-05, 9.92461209535e-05, 0.000123547055409, 0.000101177058241, 2.60766137217e-05, 7.87399403634e-06, 4.50703782917e-06, 1.62521962466e-06, 7.2199867418e-08, 3.42115225038e-10]
        min: [4.55003257294e-11, 6.40592645595e-09, 1.84586002039e-09, 2.81255818635e-08, 9.97841382855e-08, 1.8932489354e-08, 6.74605393769e-09, 1.06278772449e-08, 9.7697814283e-09, 5.04374053634e-09, 8.74544880958e-09, 1.11105187273e-08, 6.40694342025e-09, 3.51781501706e-08, 2.45603040128e-08, 3.98698318804e-08, 9.24701026861e-08, 8.11466733808e-08, 6.00569975973e-08, 1.24352737885e-07, 1.9987901112e-08, 2.34371611008e-09, 8.21038792509e-10, 7.13787751128e-10, 1.61666360854e-10, 1.07080568371e-11, 4.00685317174e-13]
        var: [1.10336982606e-11, 9.28731296312e-08, 1.161645514e-06, 7.41400356219e-07, 6.61523813505e-07, 4.53729398942e-07, 2.24819345362e-07, 8.30974755672e-08, 6.39807424818e-08, 1.42673055592e-08, 3.98981381267e-09, 1.48335110861e-09, 8.27203461284e-09, 8.30730861878e-09, 1.72387337738e-09, 5.84144643767e-09, 9.91245308057e-09, 2.8413444042e-08, 8.13706577674e-08, 2.1428114394e-07, 8.9789523372e-08, 5.44566169935e-09, 5.53663226377e-10, 1.40050526731e-10, 1.66106035177e-11, 2.70422247962e-14, 8.64390815421e-19]
    mfcc:
        mean: [-809.594787598, 97.0833358765, -5.20561885834, 53.815738678, -14.0770053864, -9.87124824524, -8.42004203796, -12.8472366333, -4.46337270737, -3.52052998543, -5.1297659874, -3.66210484505, -11.1321668625]
        cov: [[7409.37890625, 148.378051758, -325.833496094, -464.364562988, -629.776062012, 54.9096031189, -207.054855347, -9.47441577911, -133.671234131, 26.731338501, -6.59072208405, -65.3464736938, 273.631286621], [148.378051758, 1850.33166504, -260.146484375, -197.145584106, 103.962898254, -145.177703857, -118.744148254, -21.4753036499, -37.2222442627, 6.81398296356, -17.1202468872, -86.5370559692, 61.7534103394], [-325.833496094, -260.146484375, 717.886962891, 240.628311157, 65.1877670288, 139.435516357, 65.579284668, 9.72440719604, 37.0649108887, -32.1087036133, -23.9332180023, 44.9350776672, 29.1557540894], [-464.364562988, -197.145584106, 240.628311157, 515.784912109, 237.025848389, 126.661125183, 112.07157135, 80.836265564, 126.728927612, 70.1575622559, 58.1194572449, 62.5433807373, 56.5157661438], [-629.776062012, 103.962898254, 65.1877670288, 237.025848389, 435.480163574, 147.383544922, 41.0805740356, 10.157866478, 73.9689483643, 90.1985702515, 56.2700195312, 28.1877632141, 27.0559196472], [54.9096031189, -145.177703857, 139.435516357, 126.661125183, 147.383544922, 303.738983154, 146.694259644, 64.3975296021, 98.0504226685, 114.372200012, 100.828048706, 69.6984634399, 50.3389587402], [-207.054855347, -118.744148254, 65.579284668, 112.07157135, 41.0805740356, 146.694259644, 325.333709717, 222.956466675, 128.636520386, 94.6882095337, 112.12121582, 87.8803787231, 40.6416702271], [-9.47441577911, -21.4753036499, 9.72440719604, 80.836265564, 10.157866478, 64.3975296021, 222.956466675, 276.072967529, 155.844848633, 91.9311218262, 94.0356674194, 58.8620567322, 49.4491233826], [-133.671234131, -37.2222442627, 37.0649108887, 126.728927612, 73.9689483643, 98.0504226685, 128.636520386, 155.844848633, 229.660140991, 161.224456787, 94.4279174805, 44.7814598083, 31.5470638275], [26.731338501, 6.81398296356, -32.1087036133, 70.1575622559, 90.1985702515, 114.372200012, 94.6882095337, 91.9311218262, 161.224456787, 225.223144531, 135.790908813, 68.7942581177, 49.1111946106], [-6.59072208405, -17.1202468872, -23.9332180023, 58.1194572449, 56.2700195312, 100.828048706, 112.12121582, 94.0356674194, 94.4279174805, 135.790908813, 180.662689209, 83.1584396362, 39.0011329651], [-65.3464736938, -86.5370559692, 44.9350776672, 62.5433807373, 28.1877632141, 69.6984634399, 87.8803787231, 58.8620567322, 44.7814598083, 68.7942581177, 83.1584396362, 109.379600525, 67.9377059937], [273.631286621, 61.7534103394, 29.1557540894, 56.5157661438, 27.0559196472, 50.3389587402, 40.6416702271, 49.4491233826, 31.5470638275, 49.1111946106, 39.0011329651, 67.9377059937, 159.841873169]]
        icov: [[0.000215613792534, 5.57836710868e-06, 7.1795155236e-05, -4.87236502522e-06, 0.00041309648077, -0.000396284536691, 0.000336963334121, -0.000289537536446, 0.000329473550664, -0.000246622192208, -6.55679468764e-05, 0.000532981241122, -0.00052364799194], [5.57836710868e-06, 0.00072391028516, 3.70889647456e-05, 0.00040174429887, -0.00050209130859, 0.000459071365185, 3.43788769896e-06, -0.000104507438664, 4.87475590489e-05, -9.01836610865e-05, -0.000362176797353, 0.00102851109114, -0.000796858395915], [7.1795155236e-05, 3.70889647456e-05, 0.00205194042064, -0.000857704086229, 0.000480244576465, -0.00119742029347, 0.000170526429429, 0.000195145563339, -0.000524652656168, 0.000970950175542, 0.000823677633889, -0.00088222156046, -3.69501722162e-05], [-4.87236502522e-06, 0.00040174429887, -0.000857704086229, 0.00380376819521, -0.00201847148128, 0.000735988782253, -0.000590890587773, 0.000430743268225, -0.00196672952734, 0.00115942314733, -0.000505465781316, -0.000134682137286, -0.000995962414891], [0.00041309648077, -0.00050209130859, 0.000480244576465, -0.00201847148128, 0.00485989591107, -0.00256946799345, 0.0011190288933, -0.000278846098809, 0.00108673702925, -0.001462312066, 0.000212096987525, 0.000955840514507, -0.000321999104926], [-0.000396284536691, 0.000459071365185, -0.00119742029347, 0.000735988782253, -0.00256946799345, 0.00766251794994, -0.0039074565284, 0.00298399617895, -0.00142083561514, -0.000720325042494, -0.0016316047404, 0.000172138228663, -0.000621939601842], [0.000336963334121, 3.43788769896e-06, 0.000170526429429, -0.000590890587773, 0.0011190288933, -0.0039074565284, 0.0105887912214, -0.0081090349704, 0.00189569988288, -0.000112471621833, -0.000153917135322, -0.00292796175927, 0.00139955827035], [-0.000289537536446, -0.000104507438664, 0.000195145563339, 0.000430743268225, -0.000278846098809, 0.00298399617895, -0.0081090349704, 0.0134013704956, -0.00754473544657, 0.00337413768284, -0.00215071998537, 0.000705332669895, -0.00195113569498], [0.000329473550664, 4.87475590489e-05, -0.000524652656168, -0.00196672952734, 0.00108673702925, -0.00142083561514, 0.00189569988288, -0.00754473544657, 0.0160359069705, -0.0105808498338, 0.00181814609095, 0.00302155455574, 0.000681956997141], [-0.000246622192208, -9.01836610865e-05, 0.000970950175542, 0.00115942314733, -0.001462312066, -0.000720325042494, -0.000112471621833, 0.00337413768284, -0.0105808498338, 0.0163157079369, -0.00639675557613, -0.00268039689399, -0.000895527133252], [-6.55679468764e-05, -0.000362176797353, 0.000823677633889, -0.000505465781316, 0.000212096987525, -0.0016316047404, -0.000153917135322, -0.00215071998537, 0.00181814609095, -0.00639675557613, 0.0146154155955, -0.00765407923609, 0.00275671412237], [0.000532981241122, 0.00102851109114, -0.00088222156046, -0.000134682137286, 0.000955840514507, 0.000172138228663, -0.00292796175927, 0.000705332669895, 0.00302155455574, -0.00268039689399, -0.00765407923609, 0.0241697318852, -0.00896905269474], [-0.00052364799194, -0.000796858395915, -3.69501722162e-05, -0.000995962414891, -0.000321999104926, -0.000621939601842, 0.00139955827035, -0.00195113569498, 0.000681956997141, -0.000895527133252, 0.00275671412237, -0.00896905269474, 0.0115975243971]]
    spectral_contrast:
        mean: [-1.42563990835e-07, -1.6896666466e-07, 1.29560206119e-07, 2.09458576705e-07, -6.56137402189e-08, 2.92187792184e-07, -4.92676144859e-06, 2.74738863482e-06, -2.75931984106e-06, 2.8283723168e-06, 9.83685026767e-07, 3.60128751709e-07]
        var: [0.000518426357303, 0.00137704960071, 0.00224981317297, 0.00402510305867, 0.00627201236784, 0.0149970036, 0.0914605408907, 0.160392284393, 0.229829087853, 0.536710858345, 1.01484549046, 5.01081562042]

rhythm:
    beats_loudness:
        dmean: 0.00363880279474
        dmean2: 0.0065584895201
        dvar: 3.66157473763e-06
        dvar2: 1.4428461327e-05
        max: 0.0104122729972
        mean: 0.00592211820185
        min: 0.0024515253026
        var: 6.74759758112e-06
    beats_loudness_bass:
        dmean: 0.55150860548
        dmean2: 1.02891135216
        dvar: 0.055508159101
        dvar2: 0.254052221775
        max: 0.894107818604
        mean: 0.469197154045
        min: 0.00579850515351
        var: 0.124418288469
    bpm: 93.0104827881
    bpm_confidence: 0
    first_peak_bpm: 93
    first_peak_spread: 0
    first_peak_weight: 1
    onset_rate: 4.79764986038
    second_peak_bpm: 0
    second_peak_spread: 0
    second_peak_weight: 0
    beats_position: [0.131031543016, 0.776215076447, 1.42139863968, 2.06658220291, 2.71176552773, 3.35694932938, 4.00213289261, 4.64731645584, 5.29250001907, 5.93768358231, 6.58352231979, 7.22854566574, 7.87356996536, 8.51859283447, 9.16361618042, 9.80864048004]
    bpm_estimates: [92.6844482422, 92.8578948975, 93.7745056152, 93.9043579102, 93.1990814209, 92.4580688477, 92.4799346924, 92.6403808594, 93.0425872803, 92.9445877075, 93.1731796265, 93.2229766846, 92.9724960327, 92.9751205444, 92.9382247925, 92.9651412964, 92.945274353]
    bpm_intervals: [0.645183563232, 0.645183563232, 0.645183563232, 0.645183324814, 0.645183801651, 0.645183563232, 0.645183563232, 0.645183563232, 0.645183563232, 0.645838737488, 0.645023345947, 0.645024299622, 0.64502286911, 0.645023345947, 0.645024299622]
    onset_times: [0.0812698379159, 0.46439909935, 0.638548731804, 0.777868509293, 1.11455786228, 1.27709746361, 1.52090704441, 1.78793644905, 2.0549659729, 2.17106580734, 2.28716564178, 2.55419492722, 2.68190479279, 3.03020405769, 3.35528349876, 3.94739222527, 3.98222231865, 4.36535167694, 4.52789115906, 4.6439909935, 4.77170085907, 4.841360569, 4.96907043457, 5.1780500412, 5.28253984451, 5.65405893326, 5.92108821869, 6.3042178154, 6.48997735977, 6.57124710083, 6.94276666641, 7.14013624191, 7.22140598297, 7.38394546509, 7.55809545517, 7.66258525848, 7.8251247406, 7.87156438828, 8.103764534, 8.27791404724, 8.52172374725, 8.80036258698, 8.93968296051, 9.11383247375, 9.43891143799, 9.6014509201, 9.682721138, 9.81043052673]
    rubato_start: []
    rubato_stop: []
    perceptual_tempo: "unknown"

sfx:
    inharmonicity:
        dmean: 0.0407754331827
        dmean2: 0.0721896141768
        dvar: 0.00409286748618
        dvar2: 0.010716913268
        max: 0.460017293692
        mean: 0.0389171652496
        min: 0
        var: 0.00376109918579
    oddtoevenharmonicenergyratio:
        dmean: 9.62124633789
        dmean2: 18.1725711823
        dvar: 2379.30004883
        dvar2: 6904.30273438
        max: 550.803283691
        mean: 5.66367197037
        min: 0
        var: 1323.72143555
    pitch_after_max_to_before_max_energy_ratio: 10.5251703262
    pitch_centroid: 206.932250977
    pitch_max_to_total: 0.0209790207446
    pitch_min_to_total: 0.494172483683
    tristimulus:
        dmean: [0.25394770503, 0.239298433065, 0.118889220059]
        dmean2: [0.438058614731, 0.40817669034, 0.203168451786]
        dvar: [0.0587041042745, 0.0541977882385, 0.0287688933313]
        dvar2: [0.141592562199, 0.136759921908, 0.0738367214799]
        max: [1, 0.995689034462, 0.934818148613]
        mean: [0.472733110189, 0.382638901472, 0.12655159831]
        min: [0.00140511861537, 0, 0]
        var: [0.0887985303998, 0.071723215282, 0.0345743410289]

tonal:
    chords_changes_rate: 0.074074074626
    chords_number_rate: 0.0277777779847
    chords_strength:
        dmean: 0.0146546140313
        dmean2: 0.0171330571175
        dvar: 0.000138258445077
        dvar2: 0.000194417720195
        max: 0.660412430763
        mean: 0.501880347729
        min: 0.313718616962
        var: 0.00739821372554
    key_strength: 0.70496737957
    tuning_diatonic_strength: 0.692499220371
    tuning_equal_tempered_deviation: 0.204412788153
    tuning_frequency: 432.690917969
    tuning_nontempered_energy_ratio: 0.906148374081
    hpcp:
        dmean: [0.0886359214783, 0.0719973966479, 0.0886074528098, 0.0800571590662, 0.0560469552875, 0.0570627115667, 0.0825820490718, 0.102684423327, 0.112902618945, 0.151722058654, 0.176120847464, 0.145622000098, 0.125205338001, 0.133986189961, 0.130050182343, 0.154954478145, 0.161226958036, 0.163263887167, 0.188209414482, 0.159750133753, 0.120848923922, 0.122039996088, 0.107564412057, 0.147546797991, 0.183933317661, 0.210651621222, 0.21324275434, 0.238078355789, 0.204136371613, 0.213140562177, 0.259298354387, 0.251389414072, 0.215400591493, 0.181233882904, 0.157283023, 0.116334594786]
        dmean2: [0.162222847342, 0.125024229288, 0.149976894259, 0.13665574789, 0.0950857251883, 0.105208724737, 0.151838362217, 0.186678558588, 0.197552457452, 0.267613381147, 0.307072609663, 0.26327753067, 0.226340055466, 0.240128368139, 0.23055768013, 0.279570519924, 0.283959507942, 0.295210808516, 0.350147008896, 0.287428736687, 0.225017815828, 0.226468607783, 0.195129200816, 0.271585226059, 0.328422516584, 0.388644993305, 0.387367010117, 0.447264969349, 0.361551493406, 0.373293578625, 0.455486178398, 0.426302969456, 0.358182936907, 0.319792240858, 0.277858406305, 0.203498572111]
        dvar: [0.0273223500699, 0.0192611534148, 0.0323028117418, 0.0244313683361, 0.0123855611309, 0.0135056171566, 0.0345183573663, 0.0446015112102, 0.0341183207929, 0.0514378659427, 0.0559283494949, 0.0375808142126, 0.0371369943023, 0.0450324490666, 0.0475553460419, 0.0585580617189, 0.0548983514309, 0.0555879622698, 0.0737320259213, 0.0485130622983, 0.036721739918, 0.0462220907211, 0.035655297339, 0.0579081885517, 0.0803752243519, 0.0918718129396, 0.0750081241131, 0.121516302228, 0.0717612728477, 0.0762648060918, 0.0822516307235, 0.0737586989999, 0.0626931414008, 0.0692066028714, 0.0668857246637, 0.0415869131684]
        dvar2: [0.0745820403099, 0.0457732975483, 0.0910744294524, 0.0674449428916, 0.0326525233686, 0.0362291298807, 0.095791451633, 0.121110700071, 0.0890943706036, 0.1354252249, 0.156526550651, 0.108778811991, 0.0946650579572, 0.113596707582, 0.122256271541, 0.140156313777, 0.130404993892, 0.141011491418, 0.188000395894, 0.127866864204, 0.10357131809, 0.131923109293, 0.0960852354765, 0.161720976233, 0.214145511389, 0.248495429754, 0.192195802927, 0.327055722475, 0.177311018109, 0.209796622396, 0.200405210257, 0.173197522759, 0.154601290822, 0.152141198516, 0.169293507934, 0.107341550291]
        max: [1, 1, 1, 1, 1, 0.766935884953, 1, 1, 1, 1, 1, 1, 1, 1, 1, 1, 1, 1, 1, 1, 1, 1, 1, 1, 1, 1, 1, 1, 1, 1, 1, 1, 1, 1, 1, 1]
        mean: [0.0679768919945, 0.0620220713317, 0.0754771903157, 0.0762527361512, 0.0551501959562, 0.0505077764392, 0.0670824423432, 0.0799324661493, 0.0965556800365, 0.160107597709, 0.193649947643, 0.138556167483, 0.108294002712, 0.119955495, 0.118728332222, 0.140164032578, 0.144412741065, 0.134555608034, 0.159740149975, 0.140157222748, 0.0905660316348, 0.0830527320504, 0.0842444598675, 0.114448308945, 0.16822078824, 0.165820017457, 0.15716253221, 0.165566951036, 0.160178691149, 0.202272683382, 0.273984134197, 0.273318588734, 0.215751171112, 0.185336768627, 0.149722993374, 0.0948715507984]
        min: [5.01265458297e-05, 2.91607648251e-05, 3.35831246048e-05, 4.28940766142e-05, 7.22417971701e-05, 0.000160203358973, 0.000296002224786, 0.000284963782178, 0.000165152800037, 0.000298245024169, 0.000461660529254, 0.000357616459951, 0.000137679773616, 0.000197783345357, 0.000133132998599, 0.00034255918581, 0.000297385122394, 0.000245097471634, 0.000415221322328, 0.000308300019242, 0.000298192666378, 0.000163996504853, 0.000138300543767, 0.000151226238813, 0.000228897188208, 0.0001474115561, 4.68957332487e-05, 7.88406905485e-05, 9.37508812058e-05, 0.000133491063025, 0.000282588647678, 0.000291909498628, 3.74671253667e-05, 2.75145848718e-05, 4.03181365982e-05, 5.65705086046e-05]
        var: [0.019485546276, 0.0177897941321, 0.0277690272778, 0.0249700881541, 0.0119548616931, 0.0110200829804, 0.026020096615, 0.0354033634067, 0.0327721573412, 0.0577323138714, 0.0762716010213, 0.039535086602, 0.0351590402424, 0.0463336706161, 0.0456135496497, 0.0582333803177, 0.0559057481587, 0.0517003685236, 0.0694765672088, 0.0475844815373, 0.0259236451238, 0.0304150022566, 0.0259812101722, 0.0465814657509, 0.0862736850977, 0.0837344303727, 0.0685828924179, 0.0963911861181, 0.0731507316232, 0.08813277632, 0.110652573407, 0.104471765459, 0.0803751274943, 0.086932644248, 0.0744828060269, 0.0364265181124]
    chords_histogram: [60.1851844788, 0, 2.77777767181, 0, 2.77777767181, 13.8888893127, 0, 0, 0, 0, 10.6481485367, 0, 0, 0, 0, 0, 0, 0, 0, 0, 0, 0, 9.25925922394, 0.462962955236]
    thpcp: [1, 0.997570872307, 0.787458658218, 0.67645072937, 0.546465933323, 0.346266597509, 0.248105213046, 0.22637103498, 0.275480151176, 0.278310775757, 0.201289743185, 0.18434561789, 0.244840607047, 0.291741222143, 0.352413386106, 0.584368109703, 0.706792533398, 0.505708754063, 0.395256459713, 0.437819123268, 0.433340162039, 0.511577188969, 0.527084290981, 0.491107285023, 0.583027005196, 0.511552333832, 0.330552101135, 0.303129702806, 0.307479321957, 0.417718738317, 0.613980054855, 0.605217576027, 0.573619127274, 0.604293942451, 0.584627628326, 0.738264203072]
    chords_key: "C"
    chords_scale: "minor"
    key_key: "C"
    key_scale: "minor"
    chords_progression: ["Cm", "Cm", "Cm", "Cm", "Cm", "Cm", "Cm", "Cm", "Cm", "Cm", "Cm", "Cm", "Cm", "Cm", "Cm", "Cm", "Cm", "Cm", "Cm", "Cm", "Cm", "Cm", "Cm", "Cm", "Cm", "Cm", "Cm", "Cm", "Cm", "Cm", "Cm", "Cm", "Cm", "Cm", "Cm", "Cm", "Cm", "Cm", "Cm", "Cm", "Cm", "Cm", "Cm", "Cm", "Cm", "Cm", "Cm", "Cm", "Cm", "Cm", "Cm", "Cm", "Cm", "Cm", "Cm", "Cm", "Cm", "Cm", "Cm", "Cm", "Cm", "Cm", "Cm", "Cm", "Cm", "Cm", "Cm", "Cm", "Cm", "Cm", "Cm", "Cm", "Cm", "Cm", "Cm", "Cm", "Cm", "Cm", "Cm", "Cm", "Cm", "Cm", "Cm", "Cm", "Cm", "Cm", "Cm", "Cm", "Cm", "Cm", "Cm", "Cm", "Cm", "Cm", "Cm", "Cm", "Cm", "Cm", "Bm", "Bm", "Bm", "Gm", "Gm", "Gm", "Gm", "Gm", "Bm", "Bm", "Gm", "Bm", "Bm", "Cm", "Cm", "Cm", "Cm", "Cm", "Cm", "Cm", "Cm", "Fm", "Fm", "Fm", "Fm", "Fm", "Fm", "Fm", "Fm", "Fm", "Fm", "Fm", "Fm", "Fm", "Fm", "Fm", "Fm", "Fm", "Fm", "Fm", "Fm", "G#", "Cm", "Cm", "Cm", "Cm", "Cm", "Cm", "Cm", "Cm", "Cm", "Cm", "Cm", "Cm", "Cm", "Cm", "Cm", "Cm", "Bm", "Bm", "Bm", "Bm", "Bm", "Bm", "Bm", "Bm", "Bm", "Bm", "Bm", "Bm", "Bm", "Cm", "Cm", "Cm", "Cm", "Cm", "Cm", "Cm", "Cm", "Bm", "Bm", "Bm", "Dm", "F", "F", "F", "F", "F", "F", "F", "F", "F", "Dm", "Dm", "Dm", "Dm", "Dm", "F", "F", "F", "F", "F", "F", "F", "F", "F", "F", "F", "F", "F", "F", "F", "F", "F", "F", "F", "F", "F"]
