
metadata:
    version:
        essentia: "1.2.2"
    audio_properties:
        analysis_sample_rate: 44100
        bitrate: 128
        channels: 2
        equal_loudness: 1
        length: 10.0048980713
        replay_gain: -12.3453521729
        downmix: "mix"
    tags:
        track: 35
        year: 0
        album: "Splitted by Mp3Splt v. 2.1"
        artist: "From 005.40 To 005.50"
        comment: "http://mp3splt.sf.net"
        genre: ""
        title: "08 8.mp3"

highlevel:
    ballroom:
        all:
            ChaChaCha: 0.086657717824
            Jive: 0.169890284538
            Quickstep: 0.235525965691
            Rumba-American: 0.0228934194893
            Rumba-International: 0.0819798260927
            Rumba-Misc: 0.0545061901212
            Samba: 0.165311828256
            Tango: 0.0247650407255
            VienneseWaltz: 0.133135646582
            Waltz: 0.0253340881318
        probability: 0.235525965691
        value: "Quickstep"
    culture:
        all:
            non_western: 0.770851135254
            western: 0.229148864746
        probability: 0.770851135254
        value: "non_western"
    gender:
        all:
            female: 0.0284018348902
            male: 0.971598148346
        probability: 0.971598148346
        value: "male"
    genre_dortmund:
        all:
            alternative: 0.0104981372133
            blues: 0.0302122291178
            electronic: 0.0118224760517
            folkcountry: 0.0194081161171
            funksoulrnb: 0.0747174397111
            jazz: 0.207411617041
            pop: 0.018957901746
            raphiphop: 0.565171599388
            rock: 0.0618004575372
        probability: 0.565171599388
        value: "raphiphop"
    genre_electronica:
        all:
            ambient: 0.554844915867
            dnb: 0.139437511563
            house: 0.186402902007
            techno: 0.0275656506419
            trance: 0.0917490124702
        probability: 0.554844915867
        value: "ambient"
    genre_rosamerica:
        all:
            cla: 0.025197384879
            dan: 0.0325410962105
            hip: 0.488091826439
            jaz: 0.134412407875
            pop: 0.0115311248228
            rhy: 0.246869280934
            roc: 0.0331005193293
            spe: 0.0282563585788
        probability: 0.488091826439
        value: "hip"
    genre_tzanetakis:
        all:
            blu: 0.0186772253364
            cla: 0.00506072491407
            cou: 0.0637496113777
            dis: 0.0170621462166
            hip: 0.558043479919
            jaz: 0.0580953210592
            met: 0.00462406734005
            pop: 0.0227003395557
            reg: 0.231930807233
            roc: 0.0200562812388
        probability: 0.558043479919
        value: "hip"
    live_studio:
        all:
            live: 0.477448761463
            studio: 0.522551238537
        probability: 0.522551238537
        value: "studio"
    mood:
        all:
            Cluster1: 0.256439328194
            Cluster2: 0.243505313993
            Cluster3: 0.0984635576606
            Cluster4: 0.161671370268
            Cluster5: 0.239920422435
        probability: 0.256439328194
        value: "Cluster1"
    mood_acoustic:
        all:
            acoustic: 0.304261147976
            not_acoustic: 0.695738852024
        probability: 0.695738852024
        value: "not_acoustic"
    mood_aggressive:
        all:
            aggressive: 0.155835196376
            not_aggressive: 0.844164788723
        probability: 0.844164788723
        value: "not_aggressive"
    mood_electronic:
        all:
            electronic: 0.749755382538
            not_electronic: 0.25024458766
        probability: 0.749755382538
        value: "electronic"
    mood_happy:
        all:
            happy: 0.262371122837
            not_happy: 0.737628877163
        probability: 0.737628877163
        value: "not_happy"
    mood_party:
        all:
            not_party: 0.627278804779
            party: 0.372721195221
        probability: 0.627278804779
        value: "not_party"
    mood_relaxed:
        all:
            not_relaxed: 0.160280004144
            relaxed: 0.839720010757
        probability: 0.839720010757
        value: "relaxed"
    mood_sad:
        all:
            not_sad: 0.405569851398
            sad: 0.594430148602
        probability: 0.594430148602
        value: "sad"
    rhythm:
        all:
            fast: 0.639050900936
            medium: 0.209991052747
            slow: 0.150958016515
        probability: 0.639050900936
        value: "fast"
    speech_music:
        all:
            music: 0.998384654522
            speech: 0.00161536585074
        probability: 0.998384654522
        value: "music"
    timbre:
        all:
            bright: 0.127195805311
            dark: 0.872804164886
        probability: 0.872804164886
        value: "dark"
    voice_instrumental:
        all:
            instrumental: 0.194015428424
            voice: 0.805984556675
        probability: 0.805984556675
        value: "voice"

lowlevel:
    average_loudness: 0.985431373119
    barkbands_kurtosis:
        dmean: 2.20694923401
        dmean2: 3.36949658394
        dvar: 7.35971832275
        dvar2: 15.3678636551
        max: 19.1380310059
        mean: 2.26244688034
        min: -1.79041004181
        var: 16.7376346588
    barkbands_skewness:
        dmean: 0.607263326645
        dmean2: 0.893485546112
        dvar: 0.306656450033
        dvar2: 0.621545493603
        max: 3.67449712753
        mean: 1.00556051731
        min: -4.21400356293
        var: 1.42156863213
    barkbands_spread:
        dmean: 5.63688468933
        dmean2: 8.45808506012
        dvar: 28.2208557129
        dvar2: 63.2988510132
        max: 55.574382782
        mean: 20.4529285431
        min: 5.11580896378
        var: 96.3105163574
    dissonance:
        dmean: 0.0278536304832
        dmean2: 0.0445288456976
        dvar: 0.000908359128516
        dvar2: 0.00224043335766
        max: 0.499728649855
        mean: 0.445564121008
        min: 0.2525626719
        var: 0.00174164026976
    hfc:
        dmean: 1.82367086411
        dmean2: 2.3117377758
        dvar: 4.86354398727
        dvar2: 8.22818183899
        max: 21.0890045166
        mean: 4.09846687317
        min: 0.0583573617041
        var: 14.4133405685
    pitch:
        dmean: 332.216003418
        dmean2: 628.40447998
        dvar: 717907.75
        dvar2: 1931517.625
        max: 4009.09082031
        mean: 515.36114502
        min: 68.7987518311
        var: 844054.8125
    pitch_instantaneous_confidence:
        dmean: 0.119673982263
        dmean2: 0.180355086923
        dvar: 0.0108837205917
        dvar2: 0.0251731909811
        max: 0.876546442509
        mean: 0.489213109016
        min: 0.146466970444
        var: 0.030923532322
    pitch_salience:
        dmean: 0.0763808339834
        dmean2: 0.119966469705
        dvar: 0.00594558101147
        dvar2: 0.0133576029912
        max: 0.888628184795
        mean: 0.617958784103
        min: 0.245687663555
        var: 0.0152332345024
    silence_rate_20dB:
        dmean: 0
        dmean2: 0
        dvar: 0
        dvar2: 0
        max: 1
        mean: 1
        min: 1
        var: 0
    silence_rate_30dB:
        dmean: 0
        dmean2: 0
        dvar: 0
        dvar2: 0
        max: 1
        mean: 1
        min: 1
        var: 0
    silence_rate_60dB:
        dmean: 0.176334112883
        dmean2: 0.353488385677
        dvar: 0.145240217447
        dvar2: 0.25179001689
        max: 1
        mean: 0.469907402992
        min: 0
        var: 0.249093979597
    spectral_centroid:
        dmean: 232.83114624
        dmean2: 328.738769531
        dvar: 55446.265625
        dvar2: 110200.289062
        max: 3278.2043457
        mean: 984.92388916
        min: 242.738632202
        var: 354170.5
    spectral_complexity:
        dmean: 2.44651174545
        dmean2: 3.53146862984
        dvar: 6.62853050232
        dvar2: 12.3515472412
        max: 30
        mean: 8.6055688858
        min: 0
        var: 20.2574119568
    spectral_crest:
        dmean: 2.84102153778
        dmean2: 4.62376213074
        dvar: 6.72148513794
        dvar2: 17.2734661102
        max: 23.6226043701
        mean: 10.142619133
        min: 3.22822380066
        var: 13.3698253632
    spectral_decrease:
        dmean: 3.68643143789e-10
        dmean2: 5.13286135817e-10
        dvar: 1.93366651375e-19
        dvar2: 3.53505819436e-19
        max: -1.30792069883e-11
        mean: -9.85806880571e-10
        min: -4.17784384865e-09
        var: 4.30078730071e-19
    spectral_energy:
        dmean: 0.00153808260802
        dmean2: 0.00211449782364
        dvar: 3.29962881551e-06
        dvar2: 5.92796595811e-06
        max: 0.0166118219495
        mean: 0.00409240275621
        min: 5.46570190636e-05
        var: 7.52695768824e-06
    spectral_energyband_high:
        dmean: 2.56032162724e-05
        dmean2: 3.50344162143e-05
        dvar: 1.46151435398e-09
        dvar2: 2.53305887377e-09
        max: 0.000574225385208
        mean: 5.44253343833e-05
        min: 5.69414112306e-07
        var: 3.80657194654e-09
    spectral_energyband_low:
        dmean: 0.000131057196995
        dmean2: 0.000194372114493
        dvar: 8.56709903019e-08
        dvar2: 1.74936175767e-07
        max: 0.00315848272294
        mean: 0.000486570672365
        min: 2.9269425994e-08
        var: 3.71565079149e-07
    spectral_energyband_middle_high:
        dmean: 0.000673509610351
        dmean2: 0.000850440119393
        dvar: 7.18789294751e-07
        dvar2: 1.23606355373e-06
        max: 0.00789150968194
        mean: 0.00132495095022
        min: 1.86773686437e-05
        var: 2.06302934203e-06
    spectral_energyband_middle_low:
        dmean: 0.00108369789086
        dmean2: 0.00167996343225
        dvar: 2.33577725339e-06
        dvar2: 4.89686226501e-06
        max: 0.0136365946382
        mean: 0.00222645699978
        min: 2.37256845139e-05
        var: 3.81867948818e-06
    spectral_flatness_db:
        dmean: 0.0219043716788
        dmean2: 0.0325046218932
        dvar: 0.000458894763142
        dvar2: 0.000904868531507
        max: 0.310548812151
        mean: 0.202316343784
        min: 0.0896846801043
        var: 0.00148445286322
    spectral_flux:
        dmean: 0.0130305122584
        dmean2: 0.019653826952
        dvar: 0.000153795233928
        dvar2: 0.000319723796565
        max: 0.105558916926
        mean: 0.0372477136552
        min: 0.0061683091335
        var: 0.000405755621614
    spectral_kurtosis:
        dmean: 2.06056141853
        dmean2: 3.23245668411
        dvar: 3.98523879051
        dvar2: 10.5760707855
        max: 16.6468772888
        mean: 5.22173070908
        min: 0.21634054184
        var: 9.28777599335
    spectral_rms:
        dmean: 0.000360080157407
        dmean2: 0.000484765536385
        dvar: 1.42232835287e-07
        dvar2: 2.26372307566e-07
        max: 0.00402574893087
        mean: 0.00189334270544
        min: 0.000230919729802
        var: 4.0784394173e-07
    spectral_rolloff:
        dmean: 512.49005127
        dmean2: 819.265319824
        dvar: 418176.53125
        dvar2: 903624.1875
        max: 5103.36914062
        mean: 1802.14367676
        min: 172.265625
        var: 1244233.625
    spectral_skewness:
        dmean: 0.279325276613
        dmean2: 0.413050800562
        dvar: 0.0605016946793
        dvar2: 0.123036198318
        max: 3.29956793785
        mean: 1.72673201561
        min: 0.66887229681
        var: 0.211880594492
    spectral_spread:
        dmean: 532139.5625
        dmean2: 754578.4375
        dvar: 443254079488
        dvar2: 625419419648
        max: 9825064
        mean: 4094906.5
        min: 2277705
        var: 2.06240861389e+12
    spectral_strongpeak:
        dmean: 0.321026086807
        dmean2: 0.535399258137
        dvar: 0.252102702856
        dvar2: 0.651993632317
        max: 5.58400011063
        mean: 0.579350888729
        min: 0.00798736792058
        var: 0.436403125525
    zerocrossingrate:
        dmean: 0.0104583026841
        dmean2: 0.0117278555408
        dvar: 9.91936103674e-05
        dvar2: 0.00011354052549
        max: 0.1728515625
        mean: 0.0603055655956
        min: 0.0166015625
        var: 0.000856256694533
    barkbands:
        dmean: [7.46901491766e-08, 6.30752329016e-05, 8.32494406495e-05, 7.65156946727e-05, 0.00018191167328, 0.000101926227217, 0.00071972142905, 0.000203726653126, 0.000242227790295, 9.59224053076e-05, 9.70147011685e-05, 0.000116549876111, 0.000107860410935, 5.73140023334e-05, 6.4252235461e-05, 6.47520209895e-05, 0.000105538216303, 5.68735522393e-05, 0.000199159316253, 3.67271422874e-05, 1.21018911159e-05, 5.58716828891e-06, 1.39390863296e-06, 5.08245022957e-07, 1.61834009305e-07, 6.1912377447e-09, 1.71203315413e-10]
        dmean2: [9.25616348013e-08, 9.25995991565e-05, 0.000128805128043, 0.000106158695417, 0.000288610695861, 0.000168504877365, 0.00111961632501, 0.000327053188812, 0.000386361032724, 0.000149688421516, 0.000162267868291, 0.000184437594726, 0.000160087554832, 8.66949558258e-05, 0.000101085068309, 9.7556549008e-05, 0.000162873111549, 8.06469324743e-05, 0.000281718588667, 5.70104457438e-05, 1.73946918949e-05, 7.76651086198e-06, 2.05444803214e-06, 7.39432550745e-07, 2.17366135757e-07, 8.7348048794e-09, 2.94670260415e-10]
        dvar: [4.22401100642e-14, 1.27241532866e-08, 5.02706072325e-08, 3.55975302568e-08, 5.42855147501e-08, 1.95367420019e-08, 1.89643321846e-06, 3.02087642012e-07, 4.46995102266e-07, 6.58299441625e-08, 1.22513654333e-07, 1.20326632214e-07, 6.97130886351e-08, 1.87148394559e-08, 2.91967250377e-08, 2.91825550391e-08, 4.74686139285e-08, 9.26262089251e-09, 9.95673019588e-08, 4.17895451577e-09, 2.99590741104e-10, 7.47157613556e-11, 7.86972050026e-12, 5.65451385801e-13, 7.95786640794e-14, 1.16060997063e-16, 1.90031148953e-19]
        dvar2: [4.57880430891e-14, 2.85552310686e-08, 1.01873958158e-07, 4.96148579998e-08, 1.369741085e-07, 5.1838021875e-08, 4.21581898991e-06, 6.49712490031e-07, 9.66125980995e-07, 1.47916921378e-07, 3.24118786921e-07, 2.82621897441e-07, 1.39371039154e-07, 4.54348736412e-08, 7.20608639426e-08, 6.94647965815e-08, 1.10884883497e-07, 1.55695101256e-08, 1.90433667058e-07, 9.82650316672e-09, 5.88164961179e-10, 1.33799027413e-10, 1.54807937303e-11, 1.10859520348e-12, 1.2501973198e-13, 2.1097495633e-16, 2.62590320762e-19]
        max: [3.13337795887e-06, 0.000942613114603, 0.00237164343707, 0.00236501777545, 0.00212089321576, 0.00120349624194, 0.0118386261165, 0.00564408581704, 0.0077146878466, 0.00309746339917, 0.00488213077188, 0.00342241092585, 0.00264727906324, 0.00192024104763, 0.00247545074672, 0.00240976177156, 0.00248995842412, 0.00116972392425, 0.00316482572816, 0.000604200235102, 0.000248118041782, 0.000121335091535, 3.48023386323e-05, 9.39714573178e-06, 4.40763642473e-06, 1.46312800098e-07, 8.28621971039e-09]
        mean: [2.54795224919e-07, 0.000274741527392, 0.000211577484151, 0.000202238530619, 0.000502600916661, 0.000187333847862, 0.000762618845329, 0.000245064526098, 0.000312526157359, 0.00011847470887, 9.73998612608e-05, 0.000128391009639, 0.000127349165268, 8.08378972579e-05, 9.65060971794e-05, 0.000108397056465, 0.000143364130054, 9.86775048659e-05, 0.000300681218505, 5.59293694096e-05, 2.22226244659e-05, 1.10352866614e-05, 2.80294875665e-06, 1.08265078325e-06, 2.90727626862e-07, 9.77694547544e-09, 1.60745056155e-10]
        min: [2.68502702711e-11, 1.16940572781e-08, 6.45933040389e-09, 4.19236165783e-08, 1.18513332836e-06, 4.96036022923e-07, 2.24003633775e-06, 4.69995512731e-07, 6.17780017365e-07, 6.6188135861e-07, 1.75168963779e-07, 3.43133280012e-07, 1.5007206855e-07, 3.14229794185e-07, 1.69441008779e-07, 1.77640572474e-07, 1.43920806295e-06, 1.35805487389e-06, 2.74282319879e-06, 5.21627953276e-07, 1.47003632378e-07, 9.80134089446e-08, 3.82568430268e-08, 1.25922721139e-08, 1.87384352479e-09, 8.45346431744e-11, 2.70908051851e-13]
        var: [3.96543366719e-13, 6.65907151642e-08, 2.07061532365e-07, 2.40031539533e-07, 2.01246976417e-07, 3.81146136874e-08, 2.47215803029e-06, 3.7383011886e-07, 5.30453633019e-07, 9.02897099309e-08, 9.52239531671e-08, 1.29668705995e-07, 9.67940110286e-08, 2.93690476383e-08, 5.24139984748e-08, 4.21320827115e-08, 7.00721543012e-08, 2.48486173859e-08, 2.35742945165e-07, 7.99594879197e-09, 7.53585138735e-10, 1.99394459277e-10, 1.52903228273e-11, 2.09731060644e-12, 2.34268848895e-13, 3.53820193977e-16, 1.87944857276e-19]
    mfcc:
        mean: [-752.796142578, 134.374511719, -36.8982925415, 47.1207008362, -19.918088913, -7.8936009407, -8.58693122864, 2.90635251999, -8.64712905884, 0.224136993289, 0.884681880474, -1.92833125591, -2.70882725716]
        cov: [[1621.29882812, -145.355117798, -612.798400879, -185.448745728, 114.874420166, -92.5315322876, 3.37103462219, -118.408454895, -107.051193237, -33.6215209961, 96.4719314575, -22.7722015381, 52.3455886841], [-145.355117798, 1220.15759277, 371.031982422, 120.809539795, 10.1131973267, 189.917816162, 210.146118164, 173.535827637, 50.1620330811, 74.2989044189, 115.772285461, 137.776031494, 46.9823036194], [-612.798400879, 371.031982422, 1448.20910645, 495.448516846, -130.944717407, 165.267379761, 273.780181885, 282.321533203, 231.114608765, 22.8770027161, 9.77674674988, 90.1285629272, -37.5635032654], [-185.448745728, 120.809539795, 495.448516846, 542.136474609, 111.000961304, 31.2182388306, 37.7716178894, 104.535041809, 96.8143997192, 19.4642162323, 20.9254322052, 34.4612617493, -1.9413009882], [114.874420166, 10.1131973267, -130.944717407, 111.000961304, 383.012969971, 161.800033569, -49.1928749084, -108.352607727, 5.31368970871, 29.8908176422, 9.11678218842, 16.4624385834, 28.6163520813], [-92.5315322876, 189.917816162, 165.267379761, 31.2182388306, 161.800033569, 408.194885254, 153.472198486, -12.2184438705, 33.2707328796, -8.64155197144, -27.316318512, 20.6083259583, -11.1717367172], [3.37103462219, 210.146118164, 273.780181885, 37.7716178894, -49.1928749084, 153.472198486, 263.644104004, 144.947463989, 36.4472579956, -24.0348510742, 20.7572402954, 27.4938907623, -6.48854923248], [-118.408454895, 173.535827637, 282.321533203, 104.535041809, -108.352607727, -12.2184438705, 144.947463989, 245.287506104, 76.8929519653, -10.1164722443, 12.6697950363, 22.2244281769, -7.86211490631], [-107.051193237, 50.1620330811, 231.114608765, 96.8143997192, 5.31368970871, 33.2707328796, 36.4472579956, 76.8929519653, 147.534088135, 41.637046814, -19.3650989532, -7.39295005798, -17.0333538055], [-33.6215209961, 74.2989044189, 22.8770027161, 19.4642162323, 29.8908176422, -8.64155197144, -24.0348510742, -10.1164722443, 41.637046814, 95.2467498779, 38.3868865967, 11.9924135208, 13.5507211685], [96.4719314575, 115.772285461, 9.77674674988, 20.9254322052, 9.11678218842, -27.316318512, 20.7572402954, 12.6697950363, -19.3650989532, 38.3868865967, 117.476196289, 52.5189857483, 24.8030090332], [-22.7722015381, 137.776031494, 90.1285629272, 34.4612617493, 16.4624385834, 20.6083259583, 27.4938907623, 22.2244281769, -7.39295005798, 11.9924135208, 52.5189857483, 86.2260742188, 30.5436134338], [52.3455886841, 46.9823036194, -37.5635032654, -1.9413009882, 28.6163520813, -11.1717367172, -6.48854923248, -7.86211490631, -17.0333538055, 13.5507211685, 24.8030090332, 30.5436134338, 79.1713943481]]
        icov: [[0.000940573576372, 2.0328008759e-05, 0.000400118646212, 1.47905875565e-05, -0.00034113790025, 0.000516613479704, -0.000979738892056, 0.000638015742879, -0.000567470968235, 0.0008763129008, -0.00110955629498, 0.000525405164808, -0.000391640758608], [2.0328008759e-05, 0.00129125348758, -4.85081727675e-06, -4.81450006191e-05, 0.000131479493575, -0.000592754106037, -0.000240786728682, -0.000751109793782, 0.000381165824365, -0.00109013717156, -0.000305952940835, -0.00121359690093, -0.000176038112841], [0.000400118646212, -4.85081727675e-06, 0.00217220350169, -0.00163866195362, 0.0012926699128, -0.000339772290317, -0.00142542854883, 0.000630629248917, -0.00211200374179, 0.000304270739434, 5.90785457462e-05, -0.00174402829725, 0.000307253212668], [1.47905875565e-05, -4.81450006191e-05, -0.00163866195362, 0.00392866786569, -0.00239090295509, 0.00077990477439, 0.0011013901094, -0.00147751148324, 0.000171228835825, 0.000706890190486, -0.000824261282105, 0.000914472213481, 7.67076999182e-05], [-0.00034113790025, 0.000131479493575, 0.0012926699128, -0.00239090295509, 0.00602660793811, -0.00321936863475, 0.0013447200181, 0.00149406655692, -0.00142886559479, -0.000627051922493, -0.00034125323873, -0.00126610428561, -0.00127652077936], [0.000516613479704, -0.000592754106037, -0.000339772290317, 0.00077990477439, -0.00321936863475, 0.00658305454999, -0.00529213109985, 0.00303688086569, -0.000809619959909, 0.000543300528079, 0.00226579373702, -0.000872976088431, 0.00118829519488], [-0.000979738892056, -0.000240786728682, -0.00142542854883, 0.0011013901094, 0.0013447200181, -0.00529213109985, 0.0121594853699, -0.00642119720578, 0.00153068988584, 0.00176385464147, -0.00282607064582, 0.00174338498618, -0.000492365041282], [0.000638015742879, -0.000751109793782, 0.000630629248917, -0.00147751148324, 0.00149406655692, 0.00303688086569, -0.00642119720578, 0.0113439708948, -0.00536955939606, 0.00304291653447, -0.000377798161935, -0.00111653259955, -0.000351314927684], [-0.000567470968235, 0.000381165824365, -0.00211200374179, 0.000171228835825, -0.00142886559479, -0.000809619959909, 0.00153068988584, -0.00536955939606, 0.0155872469768, -0.00908071175218, 0.00483275949955, 0.00173603883013, 0.00186956452671], [0.0008763129008, -0.00109013717156, 0.000304270739434, 0.000706890190486, -0.000627051922493, 0.000543300528079, 0.00176385464147, 0.00304291653447, -0.00908071175218, 0.0200926177204, -0.0090572712943, 0.00291621801443, -0.00270095956512], [-0.00110955629498, -0.000305952940835, 5.90785457462e-05, -0.000824261282105, -0.00034125323873, 0.00226579373702, -0.00282607064582, -0.000377798161935, 0.00483275949955, -0.0090572712943, 0.0184875447303, -0.00909857265651, 0.00140520290006], [0.000525405164808, -0.00121359690093, -0.00174402829725, 0.000914472213481, -0.00126610428561, -0.000872976088431, 0.00174338498618, -0.00111653259955, 0.00173603883013, 0.00291621801443, -0.00909857265651, 0.0227699130774, -0.00612543243915], [-0.000391640758608, -0.000176038112841, 0.000307253212668, 7.67076999182e-05, -0.00127652077936, 0.00118829519488, -0.000492365041282, -0.000351314927684, 0.00186956452671, -0.00270095956512, 0.00140520290006, -0.00612543243915, 0.0164831522852]]
    spectral_contrast:
        mean: [-3.54896556587e-08, -1.6335959252e-09, 2.89474940018e-07, -1.90110810649e-07, -1.13539243785e-07, -3.76988992912e-07, -3.81345273581e-07, 2.76587684311e-07, -2.64473146672e-06, -1.02033197891e-06, 5.48151820112e-06, 1.14936005957e-06]
        var: [0.000468028680189, 0.00183307903353, 0.0026761086192, 0.00479830987751, 0.00665632961318, 0.00995864439756, 0.077479429543, 0.177863880992, 0.263765722513, 0.363552123308, 0.941371977329, 1.22332179546]

rhythm:
    beats_loudness:
        dmean: 0.00330100464635
        dmean2: 0.0057178074494
        dvar: 3.78970958081e-06
        dvar2: 8.34186448628e-06
        max: 0.00924343988299
        mean: 0.00484418170527
        min: 0.00106306013186
        var: 6.47396927889e-06
    beats_loudness_bass:
        dmean: 0.166233614087
        dmean2: 0.293491542339
        dvar: 0.0235634297132
        dvar2: 0.0659411847591
        max: 0.594503819942
        mean: 0.165213569999
        min: 4.1966108256e-05
        var: 0.0257156118751
    bpm: 141.395141602
    bpm_confidence: 0
    first_peak_bpm: 141
    first_peak_spread: 0
    first_peak_weight: 0.619047641754
    onset_rate: 4.89760112762
    second_peak_bpm: 118
    second_peak_spread: 0
    second_peak_weight: 0.333333343267
    beats_position: [0.247195318341, 0.671538412571, 1.0958814621, 1.52022457123, 1.94456768036, 2.36891078949, 2.79325389862, 3.21759700775, 3.64194011688, 4.06628322601, 4.49062633514, 4.91496944427, 5.33931255341, 5.76365566254, 6.15345525742, 6.66210603714, 7.17075586319, 7.67940664291, 8.1880569458, 8.69670772552, 9.20535755157, 9.71400737762]
    bpm_estimates: [141.2578125, 141.532470703]
    bpm_intervals: [0.424343109131, 0.424343049526, 0.424343109131, 0.424343109131, 0.424343109131, 0.424343109131, 0.424343109131, 0.424343109131, 0.424343109131, 0.424343109131, 0.424343109131, 0.424343109131, 0.424343109131, 0.389799594879, 0.508650779724, 0.50864982605, 0.508650779724, 0.508650302887, 0.508650779724, 0.50864982605, 0.50864982605]
    onset_times: [0.0348299331963, 0.255419492722, 0.383129239082, 0.580498874187, 0.708208620548, 0.870748281479, 1.02167797089, 1.18421769142, 1.34675741196, 1.48607707024, 1.5673469305, 1.88081634045, 1.98530614376, 2.13623571396, 2.33360552788, 2.50775504112, 2.65868473053, 2.90249443054, 3.06503391266, 3.28562355042, 3.63392281532, 3.7151927948, 3.9125623703, 4.19120168686, 4.59755086899, 4.85297060013, 5.0387301445, 5.15482997894, 5.31736946106, 5.60761928558, 5.70049905777, 5.87464857101, 6.11845827103, 6.32743787766, 6.5015873909, 6.66412687302, 6.86149644852, 7.07047605515, 7.24462604523, 7.7670750618, 7.9644446373, 8.13859367371, 8.40562343597, 8.77714252472, 9.17188167572, 9.24154186249, 9.35764217377, 9.47374153137, 9.70594120026]
    rubato_start: [6.66210603714]
    rubato_stop: [9.71400737762]
    perceptual_tempo: "unknown"

sfx:
    inharmonicity:
        dmean: 0.0399406738579
        dmean2: 0.0722493380308
        dvar: 0.00307843461633
        dvar2: 0.00864426326007
        max: 0.33660146594
        mean: 0.0348814167082
        min: 0
        var: 0.00286467396654
    oddtoevenharmonicenergyratio:
        dmean: 8.5081987381
        dmean2: 16.3505325317
        dvar: 1478.82824707
        dvar2: 4329.29003906
        max: 401.993133545
        mean: 4.95302963257
        min: 0
        var: 817.200317383
    pitch_after_max_to_before_max_energy_ratio: 18.5899734497
    pitch_centroid: 172.448410034
    pitch_max_to_total: 0.0255220420659
    pitch_min_to_total: 0.640371203423
    tristimulus:
        dmean: [0.207059890032, 0.228073015809, 0.0911396145821]
        dmean2: [0.367022782564, 0.402077764273, 0.156069621444]
        dvar: [0.0393926016986, 0.0490347482264, 0.0126748681068]
        dvar2: [0.0910851955414, 0.119044020772, 0.0348010398448]
        max: [1, 0.97302955389, 0.595913827419]
        mean: [0.518046498299, 0.358319848776, 0.0869093388319]
        min: [0.00572436209768, 0, 0]
        var: [0.080164462328, 0.0741184204817, 0.0116727361456]

tonal:
    chords_changes_rate: 0.0506912432611
    chords_number_rate: 0.0230414755642
    chords_strength:
        dmean: 0.0127332387492
        dmean2: 0.0133266048506
        dvar: 0.000102484336821
        dvar2: 0.000119425974844
        max: 0.520094275475
        mean: 0.40381154418
        min: 0.268941730261
        var: 0.00379990669899
    key_strength: 0.532718300819
    tuning_diatonic_strength: 0.50653475523
    tuning_equal_tempered_deviation: 0.233413591981
    tuning_frequency: 442.548919678
    tuning_nontempered_energy_ratio: 0.891597151756
    hpcp:
        dmean: [0.204862207174, 0.206224456429, 0.194231241941, 0.206226915121, 0.16506101191, 0.111983530223, 0.0784816816449, 0.085132136941, 0.106602281332, 0.0811616778374, 0.0883454456925, 0.0967755168676, 0.100894935429, 0.101928621531, 0.0981967300177, 0.146691411734, 0.180049136281, 0.201299488544, 0.181736588478, 0.109727106988, 0.0892248749733, 0.0911516472697, 0.0996696874499, 0.116821810603, 0.100090533495, 0.107109084725, 0.117805346847, 0.080081731081, 0.0835862606764, 0.107104286551, 0.085809789598, 0.0880947783589, 0.149780854583, 0.196971535683, 0.251447558403, 0.208614900708]
        dmean2: [0.35183596611, 0.356041908264, 0.317557871342, 0.353511095047, 0.291261792183, 0.197876438498, 0.138413175941, 0.141115158796, 0.170117512345, 0.137312009931, 0.159844502807, 0.166961267591, 0.178174465895, 0.181943923235, 0.165398269892, 0.249730557203, 0.309989333153, 0.331854611635, 0.302766263485, 0.199251443148, 0.157649502158, 0.159690335393, 0.182660833001, 0.21216621995, 0.17816658318, 0.18978099525, 0.207625567913, 0.138795956969, 0.132053151727, 0.167296439409, 0.136051565409, 0.148595139384, 0.254946023226, 0.342950582504, 0.458235174417, 0.367556542158]
        dvar: [0.0518715903163, 0.0608170330524, 0.0506531633437, 0.0702105462551, 0.045900862664, 0.0438304468989, 0.0252067446709, 0.0128831341863, 0.0272970665246, 0.0184030048549, 0.0332008264959, 0.0271981619298, 0.0290177427232, 0.0313938036561, 0.0219340454787, 0.0426983423531, 0.048015281558, 0.0550639405847, 0.0457727611065, 0.0361859500408, 0.02770582214, 0.0290086846799, 0.0309268385172, 0.0376460030675, 0.0206405594945, 0.0222221482545, 0.0343411229551, 0.0142311220989, 0.0170649774373, 0.0210735667497, 0.0142958629876, 0.0170747488737, 0.038721177727, 0.0612141229212, 0.0758118107915, 0.0676245391369]
        dvar2: [0.122415274382, 0.1506755054, 0.109906964004, 0.140193030238, 0.11710318923, 0.102872446179, 0.0600973777473, 0.0329002588987, 0.0626083984971, 0.044490031898, 0.0988094136119, 0.0750932097435, 0.0850682780147, 0.0907915458083, 0.0577991679311, 0.112247884274, 0.116993367672, 0.119631260633, 0.10770636797, 0.10292031616, 0.0778510794044, 0.0771570801735, 0.0854352936149, 0.105407439172, 0.0570988766849, 0.0613636448979, 0.0982722118497, 0.040594059974, 0.033833347261, 0.0491766892374, 0.0353445671499, 0.0457965619862, 0.0849903747439, 0.141647160053, 0.20750272274, 0.171952813864]
        max: [1, 1, 1, 1, 1, 1, 1, 0.749146521091, 1, 0.812011539936, 1, 1, 1, 1, 1, 1, 1, 1, 1, 1, 1, 1, 1, 1, 1, 0.714684307575, 1, 0.7413854599, 1, 1, 1, 0.932252466679, 1, 1, 1, 1]
        mean: [0.283960580826, 0.231614410877, 0.312873482704, 0.30075481534, 0.16591848433, 0.0999440923333, 0.0756165906787, 0.102484285831, 0.133378013968, 0.0947627648711, 0.0846975743771, 0.106387294829, 0.0995681658387, 0.0964267775416, 0.131794109941, 0.176731094718, 0.22782997787, 0.358641326427, 0.297475606203, 0.111968442798, 0.0808119103312, 0.0888978168368, 0.101907812059, 0.120689079165, 0.103997603059, 0.109306402504, 0.124522052705, 0.0907707810402, 0.104646742344, 0.141658872366, 0.112088680267, 0.0966770276427, 0.20859926939, 0.298590302467, 0.290747284889, 0.314128518105]
        min: [0.00198634667322, 0.00201022927649, 0.000634360068943, 0.00142274273094, 0.000732199987397, 0.000472600135254, 0.000729110150132, 0.000778827816248, 0.000870731309988, 0.0015437209513, 0.00119872344658, 0.000742845935747, 0.0014939957764, 0.00157840317115, 0.00162125541829, 0.00167527899612, 0.00167827622499, 0.00302788498811, 0.00502987578511, 0.00198284513317, 0.000879821018316, 0.00115456373896, 0.00147575384472, 0.00083464285126, 0.000278717227047, 0.0013159008231, 0.000536356878001, 0.000749840051867, 0.000928658933844, 0.00174227391835, 0.00140925007872, 0.00082253589062, 0.00356274214573, 0.00393036520109, 0.00484507670626, 0.00183178624138]
        var: [0.103756785393, 0.0868446081877, 0.109334863722, 0.130283594131, 0.0429357290268, 0.0383815728128, 0.0241094287485, 0.0169992372394, 0.0381785817444, 0.0218852348626, 0.0259407740086, 0.0297959651798, 0.0258289482445, 0.0223746523261, 0.0252127721906, 0.0527644306421, 0.0595027990639, 0.115286938846, 0.0804420411587, 0.0262597966939, 0.0212790556252, 0.0243197549134, 0.0250912122428, 0.0301403850317, 0.02167769894, 0.0193544439971, 0.0281386114657, 0.0136295957491, 0.0227491259575, 0.0343309901655, 0.0226616654545, 0.0174333937466, 0.0588358193636, 0.110327064991, 0.0855468958616, 0.1302588135]
    chords_histogram: [14.2857141495, 0, 0, 0, 0, 5.99078321457, 0, 0, 0, 0, 0, 0, 55.2995376587, 0, 0, 0, 0, 23.041475296, 0, 0, 0, 0, 1.38248848915, 0]
    thpcp: [1, 0.829451560974, 0.312201738358, 0.225327938795, 0.247873872519, 0.284149676561, 0.336517482996, 0.289976626635, 0.304779171944, 0.347204983234, 0.25309625268, 0.29178661108, 0.39498758316, 0.312536984682, 0.269564658403, 0.581637561321, 0.832559645176, 0.810690999031, 0.875884890556, 0.791767597198, 0.645810723305, 0.872385442257, 0.838594973087, 0.462630689144, 0.278674215078, 0.210841819644, 0.285757035017, 0.371898055077, 0.264227122068, 0.236162334681, 0.296639800072, 0.277626037598, 0.268866896629, 0.367481648922, 0.492779493332, 0.635258555412]
    chords_key: "G#"
    chords_scale: "major"
    key_key: "D"
    key_scale: "major"
    chords_progression: ["G#", "G#", "G#", "G#", "G#", "G#", "G#", "G#", "G#", "G#", "G#", "G#", "G#", "G#", "G#", "G#", "G#", "G#", "G#", "G#", "G#", "G#", "G#", "G#", "G#", "G#", "G#", "G#", "G#", "G#", "G#", "G#", "G#", "G#", "G#", "G#", "G#", "G#m", "G#m", "G#m", "G#m", "G#m", "G#m", "G#m", "G#m", "G#m", "G#m", "D", "D", "D", "D", "D", "G#m", "G#m", "G#m", "G#", "G#", "G#", "G#", "G#", "G#", "G#", "G#", "G#", "G#", "G#", "G#", "G#", "G#", "G#", "G#", "G#", "G#", "G#", "G#", "G#", "G#", "G#", "G#", "G#", "G#", "G#", "G#", "G#", "G#", "G#", "G#", "G#", "G#", "G#", "G#", "G#", "G#", "D", "D", "D", "D", "D", "D", "D", "D", "D", "D", "D", "D", "D", "D", "D", "D", "D", "D", "D", "D", "D", "D", "D", "D", "D", "D", "Dm", "Dm", "Dm", "Dm", "Dm", "Dm", "Dm", "Dm", "Dm", "Dm", "Dm", "Dm", "Dm", "Dm", "Dm", "Dm", "Dm", "Dm", "Dm", "Dm", "Dm", "Dm", "G", "Dm", "Dm", "Dm", "G", "G", "Dm", "Dm", "Dm", "Dm", "Dm", "Dm", "Dm", "Dm", "Dm", "Dm", "Dm", "Dm", "Dm", "Dm", "Dm", "Dm", "Dm", "Dm", "Dm", "Dm", "Dm", "Dm", "Dm", "Dm", "Dm", "G#", "G#", "G#", "G#", "G#", "G#", "G#", "G#", "G#", "G#", "G#", "G#", "G#", "G#", "G#", "G#", "G#", "G#", "G#", "G#", "G#", "G#", "G#", "G#", "G#", "G#", "G#", "G#", "G#", "G#", "G#", "G#", "G#", "G#", "G#", "G#", "G#", "G#", "G#", "G#", "G#", "G#", "G#", "G#", "G#"]
