
metadata:
    version:
        essentia: "1.2.2"
    audio_properties:
        analysis_sample_rate: 44100
        bitrate: 128
        channels: 2
        equal_loudness: 1
        length: 10.0310201645
        replay_gain: -12.6288566589
        downmix: "mix"
    tags:
        track: 31
        year: 0
        album: "Splitted by Mp3Splt v. 2.1"
        artist: "From 005.00 To 005.10"
        comment: "http://mp3splt.sf.net"
        genre: ""
        title: "12 Easy-Lucky-Free.mp3"

highlevel:
    ballroom:
        all:
            ChaChaCha: 0.00985510088503
            Jive: 0.047608487308
            Quickstep: 0.0632778704166
            Rumba-American: 0.00683754542843
            Rumba-International: 0.056184630841
            Rumba-Misc: 0.0616965778172
            Samba: 0.0144403493032
            Tango: 0.0190990176052
            VienneseWaltz: 0.580194234848
            Waltz: 0.14080619812
        probability: 0.580194234848
        value: "VienneseWaltz"
    culture:
        all:
            non_western: 0.260444313288
            western: 0.739555716515
        probability: 0.739555716515
        value: "western"
    gender:
        all:
            female: 0.609075009823
            male: 0.390924960375
        probability: 0.609075009823
        value: "female"
    genre_dortmund:
        all:
            alternative: 0.185438707471
            blues: 0.00134302431252
            electronic: 0.451337099075
            folkcountry: 0.0298027917743
            funksoulrnb: 0.00738679990172
            jazz: 0.00319159729406
            pop: 0.0180047061294
            raphiphop: 0.000530164514203
            rock: 0.30296510458
        probability: 0.451337099075
        value: "electronic"
    genre_electronica:
        all:
            ambient: 0.8019079566
            dnb: 0.041991379112
            house: 0.00999248307198
            techno: 0.00560808461159
            trance: 0.140500083566
        probability: 0.8019079566
        value: "ambient"
    genre_rosamerica:
        all:
            cla: 0.146108686924
            dan: 0.039065785706
            hip: 0.0101510826498
            jaz: 0.00913314055651
            pop: 0.0151108996943
            rhy: 0.0108286300674
            roc: 0.757411718369
            spe: 0.0121900690719
        probability: 0.757411718369
        value: "roc"
    genre_tzanetakis:
        all:
            blu: 0.0606444552541
            cla: 0.154934957623
            cou: 0.120365992188
            dis: 0.0352255254984
            hip: 0.0162587594241
            jaz: 0.0542175173759
            met: 0.0602552071214
            pop: 0.0788974836469
            reg: 0.0365665592253
            roc: 0.382633537054
        probability: 0.382633537054
        value: "roc"
    live_studio:
        all:
            live: 0.491475731134
            studio: 0.508524298668
        probability: 0.508524298668
        value: "studio"
    mood:
        all:
            Cluster1: 0.479316115379
            Cluster2: 0.0894729122519
            Cluster3: 0.0833000019193
            Cluster4: 0.12788836658
            Cluster5: 0.220022618771
        probability: 0.479316115379
        value: "Cluster1"
    mood_acoustic:
        all:
            acoustic: 0.142381057143
            not_acoustic: 0.857618927956
        probability: 0.857618927956
        value: "not_acoustic"
    mood_aggressive:
        all:
            aggressive: 0.70913285017
            not_aggressive: 0.29086714983
        probability: 0.70913285017
        value: "aggressive"
    mood_electronic:
        all:
            electronic: 0.639579594135
            not_electronic: 0.360420405865
        probability: 0.639579594135
        value: "electronic"
    mood_happy:
        all:
            happy: 0.441714555025
            not_happy: 0.558285415173
        probability: 0.558285415173
        value: "not_happy"
    mood_party:
        all:
            not_party: 0.655609428883
            party: 0.34439060092
        probability: 0.655609428883
        value: "not_party"
    mood_relaxed:
        all:
            not_relaxed: 0.259623497725
            relaxed: 0.740376472473
        probability: 0.740376472473
        value: "relaxed"
    mood_sad:
        all:
            not_sad: 0.343740820885
            sad: 0.656259179115
        probability: 0.656259179115
        value: "sad"
    rhythm:
        all:
            fast: 0.498129218817
            medium: 0.293151140213
            slow: 0.20871964097
        probability: 0.498129218817
        value: "fast"
    speech_music:
        all:
            music: 0.572492241859
            speech: 0.427507758141
        probability: 0.572492241859
        value: "music"
    timbre:
        all:
            bright: 0.10822622478
            dark: 0.891773760319
        probability: 0.891773760319
        value: "dark"
    voice_instrumental:
        all:
            instrumental: 0.781969606876
            voice: 0.218030393124
        probability: 0.781969606876
        value: "instrumental"

lowlevel:
    average_loudness: 0.978520035744
    barkbands_kurtosis:
        dmean: 0.92284822464
        dmean2: 1.58025991917
        dvar: 0.882273554802
        dvar2: 2.34057807922
        max: 6.37082576752
        mean: -0.194863468409
        min: -1.58558988571
        var: 1.40940737724
    barkbands_skewness:
        dmean: 0.436609715223
        dmean2: 0.72321331501
        dvar: 0.116194374859
        dvar2: 0.318260937929
        max: 2.63615727425
        mean: 0.854439973831
        min: -1.3906224966
        var: 0.279897302389
    barkbands_spread:
        dmean: 3.36576700211
        dmean2: 5.46249914169
        dvar: 7.96978569031
        dvar2: 20.8320007324
        max: 39.5128860474
        mean: 19.2008781433
        min: 10.3566856384
        var: 18.5627040863
    dissonance:
        dmean: 0.02091409266
        dmean2: 0.0357312969863
        dvar: 0.0004344197514
        dvar2: 0.00115745014045
        max: 0.499706149101
        mean: 0.464267015457
        min: 0.265474051237
        var: 0.00049951573601
    hfc:
        dmean: 0.983843922615
        dmean2: 1.58998310566
        dvar: 0.667205512524
        dvar2: 1.67210626602
        max: 9.38656330109
        mean: 4.82932424545
        min: 0.000597045582253
        var: 3.182929039
    pitch:
        dmean: 153.659667969
        dmean2: 278.479248047
        dvar: 56334.109375
        dvar2: 138165.09375
        max: 3675
        mean: 324.533081055
        min: 75.6432266235
        var: 63449.4492188
    pitch_instantaneous_confidence:
        dmean: 0.0792605653405
        dmean2: 0.137557819486
        dvar: 0.00366161717102
        dvar2: 0.0101547483355
        max: 0.582458376884
        mean: 0.327760726213
        min: 0.160297691822
        var: 0.00586627284065
    pitch_salience:
        dmean: 0.063769556582
        dmean2: 0.11034565419
        dvar: 0.0026592426002
        dvar2: 0.00811926648021
        max: 0.839409828186
        mean: 0.699770629406
        min: 0.434616208076
        var: 0.00346318050288
    silence_rate_20dB:
        dmean: 0
        dmean2: 0
        dvar: 0
        dvar2: 0
        max: 1
        mean: 1
        min: 1
        var: 0
    silence_rate_30dB:
        dmean: 0
        dmean2: 0
        dvar: 0
        dvar2: 0
        max: 1
        mean: 1
        min: 1
        var: 0
    silence_rate_60dB:
        dmean: 0.0813953503966
        dmean2: 0.163170158863
        dvar: 0.0747703909874
        dvar2: 0.169179424644
        max: 1
        mean: 0.127610206604
        min: 0
        var: 0.111326009035
    spectral_centroid:
        dmean: 152.22744751
        dmean2: 251.537261963
        dvar: 15657.6826172
        dvar2: 38771.296875
        max: 2256.68505859
        mean: 898.776184082
        min: 458.209259033
        var: 46375.1679688
    spectral_complexity:
        dmean: 2.38407492638
        dmean2: 3.83333325386
        dvar: 3.91805529594
        dvar2: 8.78207111359
        max: 23
        mean: 13.9205608368
        min: 0
        var: 14.9890241623
    spectral_crest:
        dmean: 2.23052024841
        dmean2: 3.80144405365
        dvar: 3.21537685394
        dvar2: 8.626994133
        max: 17.8226928711
        mean: 7.69172334671
        min: 2.48737549782
        var: 5.61620044708
    spectral_decrease:
        dmean: 3.69457797689e-10
        dmean2: 6.21519447019e-10
        dvar: 8.82019714485e-20
        dvar2: 2.31739999431e-19
        max: -5.57489303202e-14
        mean: -1.37214928309e-09
        min: -3.1051858862e-09
        var: 3.09352365904e-19
    spectral_energy:
        dmean: 0.00145984906703
        dmean2: 0.00245245103724
        dvar: 1.37825043112e-06
        dvar2: 3.59901878255e-06
        max: 0.0124819828197
        mean: 0.0056168413721
        min: 2.64566864416e-07
        var: 4.99223870065e-06
    spectral_energyband_high:
        dmean: 1.87680161616e-05
        dmean2: 2.67743889708e-05
        dvar: 5.67462243861e-10
        dvar2: 1.22310395145e-09
        max: 0.000273915560683
        mean: 5.30487195647e-05
        min: 8.10529421358e-09
        var: 1.50588597148e-09
    spectral_energyband_low:
        dmean: 0.000104126760561
        dmean2: 0.00017859840591
        dvar: 1.5889201066e-08
        dvar2: 4.45742642796e-08
        max: 0.00112815434113
        mean: 0.000139412179124
        min: 3.49461437565e-09
        var: 2.31528591854e-08
    spectral_energyband_middle_high:
        dmean: 0.000435515074059
        dmean2: 0.000725844292901
        dvar: 1.32194728053e-07
        dvar2: 3.44540495689e-07
        max: 0.00375693570822
        mean: 0.00171439291444
        min: 1.44865779816e-07
        var: 4.78394156289e-07
    spectral_energyband_middle_low:
        dmean: 0.00136617897078
        dmean2: 0.00230602570809
        dvar: 1.22257995372e-06
        dvar2: 3.35800950779e-06
        max: 0.00909943599254
        mean: 0.00370997423306
        min: 6.07071726222e-08
        var: 3.30748912347e-06
    spectral_flatness_db:
        dmean: 0.0205248296261
        dmean2: 0.0315927937627
        dvar: 0.0002725867962
        dvar2: 0.000590302515775
        max: 0.271283090115
        mean: 0.17761130631
        min: 0.0747591108084
        var: 0.000909996568225
    spectral_flux:
        dmean: 0.00711054215208
        dmean2: 0.0118689527735
        dvar: 3.86104038625e-05
        dvar2: 9.84915677691e-05
        max: 0.0777358338237
        mean: 0.0451587587595
        min: 0.000493860745337
        var: 9.37518925639e-05
    spectral_kurtosis:
        dmean: 2.71688103676
        dmean2: 4.75746583939
        dvar: 6.40062570572
        dvar2: 17.4527416229
        max: 24.64478302
        mean: 8.63835048676
        min: 3.2505607605
        var: 9.05385398865
    spectral_rms:
        dmean: 0.000315713026794
        dmean2: 0.000522469810676
        dvar: 6.93034252208e-08
        dvar2: 1.53721032348e-07
        max: 0.00348963378929
        mean: 0.00228548701853
        min: 1.60659274115e-05
        var: 2.5639670298e-07
    spectral_rolloff:
        dmean: 268.887542725
        dmean2: 461.093505859
        dvar: 73696.3671875
        dvar2: 180768.78125
        max: 4091.30859375
        mean: 1753.34570312
        min: 495.263671875
        var: 159447.65625
    spectral_skewness:
        dmean: 0.254145026207
        dmean2: 0.432867199183
        dvar: 0.0578914172947
        dvar2: 0.162786021829
        max: 4.24582433701
        mean: 2.18150234222
        min: 1.54042840004
        var: 0.0866029933095
    spectral_spread:
        dmean: 400577.09375
        dmean2: 518139.03125
        dvar: 466245320704
        dvar2: 583260766208
        max: 15002086
        mean: 3074130
        min: 1670162.375
        var: 804046831616
    spectral_strongpeak:
        dmean: 0.273608028889
        dmean2: 0.47711071372
        dvar: 0.0925199463964
        dvar2: 0.267359375954
        max: 2.31037831306
        mean: 0.412037551403
        min: 0.000526844058186
        var: 0.0927986726165
    zerocrossingrate:
        dmean: 0.00563181517646
        dmean2: 0.00677633518353
        dvar: 1.76676894625e-05
        dvar2: 3.21616716974e-05
        max: 0.09619140625
        mean: 0.0550799518824
        min: 0.0185546875
        var: 0.000107115432911
    barkbands:
        dmean: [2.3380056291e-07, 2.53665930359e-05, 9.22213730519e-05, 0.000188150195754, 0.000599889899604, 0.000700322561897, 0.000654520117678, 0.000200325157493, 9.45651700022e-05, 3.55225711246e-05, 5.75037411181e-05, 5.60732441954e-05, 4.68733705929e-05, 0.000318800593959, 0.000130752945552, 6.40281141386e-05, 9.63055645116e-05, 4.28708226536e-05, 3.38085810654e-05, 1.74001925188e-05, 9.81697303359e-06, 2.50100083576e-06, 6.17734201569e-07, 2.34415836076e-07, 1.37696389402e-07, 9.34126109797e-09, 2.40094411019e-09]
        dmean2: [3.63390256553e-07, 4.16744187532e-05, 0.000162369949976, 0.000327098794514, 0.00102264853194, 0.00114077446051, 0.00112700695172, 0.00033524580067, 0.000155512359925, 5.93057338847e-05, 9.76489827735e-05, 9.52229747782e-05, 8.12519865576e-05, 0.000534274440724, 0.000223606533837, 0.000104568716779, 0.000155620364239, 7.08702427801e-05, 5.42646121175e-05, 2.68036783382e-05, 1.49713696374e-05, 3.76659295398e-06, 8.7907977786e-07, 3.08510095692e-07, 1.88183349792e-07, 1.27477521872e-08, 2.63969757164e-09]
        dvar: [3.44206894974e-13, 1.18229748214e-09, 1.43267264718e-08, 5.64147626392e-08, 2.95737265787e-07, 4.68547312948e-07, 4.52828942343e-07, 6.43540616352e-08, 9.69422853103e-09, 2.40704478571e-09, 4.51269821511e-09, 3.82148668265e-09, 2.26557306249e-09, 6.73608369084e-08, 2.02413676931e-08, 7.35185246015e-09, 1.28778507857e-08, 1.92705318369e-09, 1.25733501388e-09, 3.29910376795e-10, 1.91031857e-10, 1.13402637975e-11, 9.61111398801e-13, 1.21190343459e-13, 5.5473173662e-14, 1.90818227105e-15, 1.92688835841e-15]
        dvar2: [4.28232427817e-13, 3.07243186448e-09, 3.99318729194e-08, 1.51268480408e-07, 8.47282876748e-07, 1.18211494282e-06, 1.29072896016e-06, 1.6394747604e-07, 2.5936984116e-08, 6.24768414781e-09, 1.0788204996e-08, 1.05976702969e-08, 6.38585540003e-09, 1.82582567732e-07, 5.80189976063e-08, 1.77961840819e-08, 3.3623219764e-08, 4.86815476819e-09, 3.1261015998e-09, 7.62812146782e-10, 4.60082832943e-10, 2.11004859418e-11, 1.74614185958e-12, 1.86273427781e-13, 9.99314089052e-14, 2.17882856769e-15, 1.9299357712e-15]
        max: [1.1591780094e-05, 0.000274397956673, 0.00109657167923, 0.00273456191644, 0.00365452258848, 0.00536683946848, 0.00445535592735, 0.00267768208869, 0.00100595247932, 0.000699223717675, 0.000760490249377, 0.000604380737059, 0.000420193275204, 0.00206571212038, 0.00148395623546, 0.00122271489818, 0.00122144282795, 0.000371798872948, 0.000430713233072, 0.000226980308071, 0.000145885787788, 3.67448374163e-05, 1.07765581561e-05, 3.75076888304e-06, 2.85875853479e-06, 8.51470701946e-07, 9.08565993996e-07]
        mean: [2.84038435439e-07, 3.48591347574e-05, 0.000104287915747, 0.000231847399846, 0.000890976749361, 0.00115450588055, 0.00090983096743, 0.000334836018737, 0.000176102184923, 6.43681778456e-05, 0.000102970072476, 9.28631416173e-05, 8.85532281245e-05, 0.000613251759205, 0.000269277428742, 0.000124160593259, 0.000178536574822, 8.9740351541e-05, 8.03641087259e-05, 4.41170959675e-05, 2.29778543144e-05, 6.04588603892e-06, 1.30187481773e-06, 5.20084654454e-07, 2.53422342666e-07, 1.32752813187e-08, 2.357385398e-09]
        min: [5.17627468666e-11, 2.08008388292e-09, 1.35505850984e-09, 6.89312962265e-09, 6.6921010955e-09, 1.02891881681e-08, 5.73876546284e-09, 3.29333427196e-09, 3.32644845003e-09, 2.27224283833e-09, 2.16981743684e-09, 3.48827988716e-09, 8.76459438359e-09, 5.39520028653e-09, 2.21690630298e-08, 1.15540590429e-08, 1.10745705939e-08, 3.75417474885e-09, 5.46202993945e-09, 5.48341860807e-09, 2.93573565457e-09, 3.34533012403e-10, 3.15650734717e-11, 1.63460963515e-11, 1.45470857582e-11, 4.29427110191e-12, 1.41713939913e-14]
        var: [4.09439490775e-13, 1.81248804854e-09, 1.81469186344e-08, 7.90370435766e-08, 4.38978560169e-07, 7.98200517238e-07, 6.07945764841e-07, 9.23852212509e-08, 2.01879490902e-08, 6.55147358586e-09, 9.29793131377e-09, 5.85977932843e-09, 3.76390074663e-09, 1.18014725103e-07, 3.18902699803e-08, 1.59821595958e-08, 2.47514346796e-08, 4.03731670318e-09, 3.13370462912e-09, 8.83992212763e-10, 3.73183595137e-10, 3.06189101851e-11, 2.34416956332e-12, 3.53001129846e-13, 1.28431119906e-13, 2.05149346946e-15, 1.92332700839e-15]
    mfcc:
        mean: [-722.972961426, 162.246292114, -62.1172180176, 36.3349227905, -10.4163131714, -5.16409158707, -21.5582370758, -25.3872432709, -12.2435541153, -4.39341163635, -2.12052083015, -6.0775346756, -8.22602176666]
        cov: [[2311.08911133, -107.492004395, 175.92010498, 4.34963607788, 32.8819236755, -29.2887191772, 44.6377754211, 115.566261292, 32.5519599915, -9.82210350037, 27.7159881592, 29.9164066315, 12.202963829], [-107.492004395, 358.054473877, -110.319023132, 41.9653892517, -13.7406492233, -7.49575233459, -39.5153503418, -53.8273887634, -31.7614269257, -2.55277204514, 1.59093213081, -7.81261587143, -2.54934239388], [175.92010498, -110.319023132, 130.905929565, 5.6804857254, 8.60175704956, 8.67928314209, 18.2628440857, 8.31858730316, -0.504585802555, -0.42318457365, 2.87378168106, 5.88968467712, 4.04554748535], [4.34963607788, 41.9653892517, 5.6804857254, 77.9432754517, 20.4847583771, 0.315785557032, 19.0095787048, 10.8089590073, 1.03245353699, -0.443144828081, 4.55589580536, 6.14423847198, 5.1522397995], [32.8819236755, -13.7406492233, 8.60175704956, 20.4847583771, 59.6223373413, 15.741350174, 18.8460426331, 19.2478218079, 13.9482307434, 1.05295777321, 4.90334510803, 11.2187547684, 8.88631629944], [-29.2887191772, -7.49575233459, 8.67928314209, 0.315785557032, 15.741350174, 49.4529457092, 14.5544214249, -0.0889036729932, 3.21489286423, 5.98779630661, -2.04819154739, -0.894885540009, 2.23182725906], [44.6377754211, -39.5153503418, 18.2628440857, 19.0095787048, 18.8460426331, 14.5544214249, 60.5326499939, 41.1159896851, 18.9631481171, 4.8791847229, 2.03607058525, 11.127366066, 6.98447656631], [115.566261292, -53.8273887634, 8.31858730316, 10.8089590073, 19.2478218079, -0.0889036729932, 41.1159896851, 79.4217910767, 43.5462608337, 7.22105026245, 6.75081825256, 17.9912643433, 6.38849115372], [32.5519599915, -31.7614269257, -0.504585802555, 1.03245353699, 13.9482307434, 3.21489286423, 18.9631481171, 43.5462608337, 52.4272613525, 15.5216627121, 4.58313798904, 15.1782960892, 7.5980091095], [-9.82210350037, -2.55277204514, -0.42318457365, -0.443144828081, 1.05295777321, 5.98779630661, 4.8791847229, 7.22105026245, 15.5216627121, 32.8313713074, 14.6270008087, 2.96308755875, 2.79518151283], [27.7159881592, 1.59093213081, 2.87378168106, 4.55589580536, 4.90334510803, -2.04819154739, 2.03607058525, 6.75081825256, 4.58313798904, 14.6270008087, 33.8328170776, 14.4849596024, 3.98319458961], [29.9164066315, -7.81261587143, 5.88968467712, 6.14423847198, 11.2187547684, -0.894885540009, 11.127366066, 17.9912643433, 15.1782960892, 2.96308755875, 14.4849596024, 36.9799995422, 19.657251358], [12.202963829, -2.54934239388, 4.04554748535, 5.1522397995, 8.88631629944, 2.23182725906, 6.98447656631, 6.38849115372, 7.5980091095, 2.79518151283, 3.98319458961, 19.657251358, 34.7645072937]]
        icov: [[0.00055861310102, -0.000307615438942, -0.000988825690001, 0.000385799648939, -0.000217641398194, 0.000379521632567, 0.000261095789028, -0.00128161732573, 0.000337422068696, 0.000323838496115, -0.000399999960791, 0.000270351127256, -0.000153241417138], [-0.000307615438942, 0.00531875016168, 0.00473360856995, -0.00413671508431, 0.000976400915533, -0.000913876167033, 0.00146230775863, 0.00297275953926, 0.000908339978196, -0.000735565670766, 5.91594971411e-06, -0.00127275788691, 0.000108857289888], [-0.000988825690001, 0.00473360856995, 0.0132635114715, -0.00367864454165, 0.000722826865967, -0.00198731361888, -0.00160321430303, 0.00405200198293, 0.00163945939858, -0.000717048824299, 1.02114972833e-05, -0.00214451085776, 0.000126996237668], [0.000385799648939, -0.00413671508431, -0.00367864454165, 0.0185995139182, -0.00579373119399, 0.00354651641101, -0.00600977800786, -0.00214768946171, 0.00184867309872, 0.000620551465545, -0.00140702351928, 0.00122614530846, -0.00089788279729], [-0.000217641398194, 0.000976400915533, 0.000722826865967, -0.00579373119399, 0.0233775060624, -0.00760083924979, -0.00088525947649, -0.000832015590277, -0.00424921140075, 0.00474656093866, -0.00338408537209, -0.00133222714067, -0.00254629831761], [0.000379521632567, -0.000913876167033, -0.00198731361888, 0.00354651641101, -0.00760083924979, 0.0265207830817, -0.00860434304923, 0.00510229449719, -0.000705969519913, -0.00571521418169, 0.00344740925357, 0.00182616640814, -0.000276988401311], [0.000261095789028, 0.00146230775863, -0.00160321430303, -0.00600977800786, -0.00088525947649, -0.00860434304923, 0.033153116703, -0.0181287396699, 0.00646148947999, -0.00373242166825, 0.00406018923968, -0.00296537484974, -0.0013583782129], [-0.00128161732573, 0.00297275953926, 0.00405200198293, -0.00214768946171, -0.000832015590277, 0.00510229449719, -0.0181287396699, 0.0399102307856, -0.025429693982, 0.00679653929546, -0.00443132780492, -0.00252311886288, 0.00365362805314], [0.000337422068696, 0.000908339978196, 0.00163945939858, 0.00184867309872, -0.00424921140075, -0.000705969519913, 0.00646148947999, -0.025429693982, 0.0483818426728, -0.022481398657, 0.0129834283143, -0.0125275058672, 0.000819175387733], [0.000323838496115, -0.000735565670766, -0.000717048824299, 0.000620551465545, 0.00474656093866, -0.00571521418169, -0.00373242166825, 0.00679653929546, -0.022481398657, 0.0526455193758, -0.0278359353542, 0.0150064332411, -0.00613692728803], [-0.000399999960791, 5.91594971411e-06, 1.02114972833e-05, -0.00140702351928, -0.00338408537209, 0.00344740925357, 0.00406018923968, -0.00443132780492, 0.0129834283143, -0.0278359353542, 0.0515090078115, -0.02536909841, 0.00883395597339], [0.000270351127256, -0.00127275788691, -0.00214451085776, 0.00122614530846, -0.00133222714067, 0.00182616640814, -0.00296537484974, -0.00252311886288, -0.0125275058672, 0.0150064332411, -0.02536909841, 0.0574172958732, -0.0268656127155], [-0.000153241417138, 0.000108857289888, 0.000126996237668, -0.00089788279729, -0.00254629831761, -0.000276988401311, -0.0013583782129, 0.00365362805314, 0.000819175387733, -0.00613692728803, 0.00883395597339, -0.0268656127155, 0.0437083169818]]
    spectral_contrast:
        mean: [2.49194073376e-07, -6.18850819478e-08, -3.068838339e-07, -9.02686565496e-08, -2.04246873636e-07, 1.89850538845e-07, -2.43021236201e-06, 1.10832604605e-06, 3.01616205434e-06, -6.61221633891e-07, 4.0595219275e-07, -1.64372340805e-06]
        var: [0.00022602469835, 0.000492590479553, 0.00080118101323, 0.00117089343257, 0.00202777166851, 0.00343733327463, 0.0248267743737, 0.0409871302545, 0.0778656825423, 0.20867420733, 0.259979814291, 1.2539536953]

rhythm:
    beats_loudness:
        dmean: 0.00210871873423
        dmean2: 0.00334519380704
        dvar: 2.78389984487e-06
        dvar2: 7.04271815266e-06
        max: 0.0116825196892
        mean: 0.00617488799617
        min: 0.00289491191506
        var: 5.21625179317e-06
    beats_loudness_bass:
        dmean: 0.0317675173283
        dmean2: 0.062916919589
        dvar: 0.00114774354734
        dvar2: 0.00281311338767
        max: 0.166460573673
        mean: 0.0354796014726
        min: 0.00182961928658
        var: 0.00126108049881
    bpm: 142.032165527
    bpm_confidence: 0
    first_peak_bpm: 142
    first_peak_spread: 0
    first_peak_weight: 0.619047641754
    onset_rate: 3.19010424614
    second_peak_bpm: 123
    second_peak_spread: 0
    second_peak_weight: 0.333333343267
    beats_position: [0.215114876628, 0.637564361095, 1.06001377106, 1.48246335983, 1.9049128294, 2.32736229897, 2.74981188774, 3.1722612381, 3.59471035004, 4.01715993881, 4.43960905075, 4.86205863953, 5.28450775146, 5.7069568634, 6.36085939407, 6.84731864929, 7.33377742767, 7.82023668289, 8.30669498444, 8.79315376282, 9.2796125412, 9.76607227325]
    bpm_estimates: [142.975570679, 141.048126221, 142.213150024, 141.891876221]
    bpm_intervals: [0.422449469566, 0.422449409962, 0.422449588776, 0.422449469566, 0.422449469566, 0.422449588776, 0.422449350357, 0.422449111938, 0.422449588776, 0.422449111938, 0.422449588776, 0.422449111938, 0.422449111938, 0.65390253067, 0.486459255219, 0.486458778381, 0.486459255219, 0.486458301544, 0.486458778381, 0.486458778381, 0.486459732056]
    onset_times: [0.0464399084449, 0.162539675832, 0.940408170223, 1.05650794506, 1.39319729805, 1.47446715832, 2.14784574509, 2.40326523781, 2.89088439941, 3.14630389214, 3.43655323982, 4.01705217361, 4.58594083786, 4.69043064117, 4.82975053787, 5.24770975113, 5.51473903656, 5.54956912994, 6.57124710083, 6.67573690414, 7.22140598297, 7.58131504059, 7.87156438828, 8.09215450287, 8.27791404724, 8.42884349823, 8.91646289825, 9.13705253601, 9.34603214264, 9.54340171814, 9.7639913559, 9.99619007111]
    rubato_start: [6.84731864929]
    rubato_stop: [9.76607227325]
    perceptual_tempo: "unknown"

sfx:
    inharmonicity:
        dmean: 0.0433395542204
        dmean2: 0.079288393259
        dvar: 0.0028963892255
        dvar2: 0.00783220119774
        max: 0.363975018263
        mean: 0.0372322425246
        min: 0.000142464225064
        var: 0.00247365259565
    oddtoevenharmonicenergyratio:
        dmean: 3.43837070465
        dmean2: 6.67180395126
        dvar: 134.998779297
        dvar2: 400.58404541
        max: 144.81010437
        mean: 2.02060699463
        min: 0.0010162491817
        var: 71.4283752441
    pitch_after_max_to_before_max_energy_ratio: 1.50110948086
    pitch_centroid: 210.200561523
    pitch_max_to_total: 0.38785046339
    pitch_min_to_total: 0.733644843102
    tristimulus:
        dmean: [0.251987397671, 0.245668813586, 0.0848267823458]
        dmean2: [0.438110888004, 0.426003009081, 0.148044154048]
        dvar: [0.0340154692531, 0.0371842756867, 0.00602002954111]
        dvar2: [0.102086372674, 0.111764810979, 0.0189836770296]
        max: [0.969106197357, 0.934810161591, 0.500594854355]
        mean: [0.466867923737, 0.430892258883, 0.0816029682755]
        min: [0.00399637781084, 0, 0]
        var: [0.0512146688998, 0.0473243631423, 0.00684955809265]

tonal:
    chords_changes_rate: 0.0325581394136
    chords_number_rate: 0.0139534883201
    chords_strength:
        dmean: 0.00655992468819
        dmean2: 0.00761532131582
        dvar: 2.94307792501e-05
        dvar2: 3.52013885276e-05
        max: 0.728058636189
        mean: 0.621078968048
        min: 0.488465666771
        var: 0.00430337712169
    key_strength: 0.589004099369
    tuning_diatonic_strength: 0.497067123652
    tuning_equal_tempered_deviation: 0.208891898394
    tuning_frequency: 445.627075195
    tuning_nontempered_energy_ratio: 0.869481801987
    hpcp:
        dmean: [0.210358768702, 0.250475227833, 0.268372863531, 0.243301019073, 0.249616548419, 0.245569199324, 0.205760389566, 0.112521715462, 0.0740257948637, 0.0659130364656, 0.127159073949, 0.203604727983, 0.179632335901, 0.105246216059, 0.0722992122173, 0.0833711773157, 0.153717473149, 0.222123548388, 0.194874420762, 0.119503512979, 0.089647822082, 0.0878687277436, 0.105581358075, 0.0940224379301, 0.10002040118, 0.243702828884, 0.31788122654, 0.35323753953, 0.291930347681, 0.266050159931, 0.195210292935, 0.166459009051, 0.165922641754, 0.153728038073, 0.134087428451, 0.128864735365]
        dmean2: [0.364694744349, 0.418202549219, 0.463889241219, 0.434916675091, 0.45460921526, 0.422421991825, 0.360292077065, 0.198979914188, 0.134774744511, 0.118443503976, 0.219828814268, 0.358179241419, 0.319447338581, 0.184673339128, 0.130121529102, 0.148332700133, 0.268617272377, 0.383891493082, 0.341107040644, 0.208758145571, 0.160784348845, 0.154813989997, 0.189034670591, 0.167150884867, 0.181938886642, 0.44368481636, 0.559673607349, 0.64220148325, 0.507105648518, 0.473583817482, 0.333803921938, 0.294364482164, 0.297450959682, 0.274966984987, 0.242007210851, 0.220733433962]
        dvar: [0.0413045212626, 0.0450868308544, 0.0432223752141, 0.0426065810025, 0.0426448881626, 0.0449887625873, 0.0355262868106, 0.0178248696029, 0.00734225800261, 0.00686994707212, 0.0137144904584, 0.0356509275734, 0.0309878047556, 0.0165552254766, 0.00778849981725, 0.00917751900852, 0.0289553720504, 0.036563064903, 0.030969562009, 0.0171695798635, 0.0120975170285, 0.0160624422133, 0.0185383781791, 0.0134572340176, 0.0141142271459, 0.0494981072843, 0.0535050481558, 0.0565713047981, 0.0478722043335, 0.0538027100265, 0.0320385210216, 0.0333169326186, 0.0304163414985, 0.0329342149198, 0.0349408723414, 0.0265677440912]
        dvar2: [0.124366149306, 0.120140165091, 0.122853770852, 0.120460189879, 0.126466840506, 0.108019135892, 0.0895556360483, 0.0522864349186, 0.0204082969576, 0.0195600707084, 0.0400775372982, 0.10261310637, 0.0781189575791, 0.0431526079774, 0.0222500283271, 0.0251559633762, 0.0823354572058, 0.0902352184057, 0.0715364068747, 0.0454512163997, 0.0322594940662, 0.0380966924131, 0.0524571500719, 0.0389183871448, 0.0409360900521, 0.150872960687, 0.150185599923, 0.171379372478, 0.145444706082, 0.155753448606, 0.0920266881585, 0.0882737264037, 0.0819239988923, 0.0913958474994, 0.0967454686761, 0.0700590535998]
        max: [1, 1, 1, 1, 1, 1, 1, 0.883962869644, 0.607345759869, 0.514155268669, 0.716682195663, 1, 1, 1, 0.475097894669, 0.494962871075, 1, 1, 1, 1, 0.744907319546, 1, 0.912064552307, 0.748813152313, 0.726850628853, 1, 1, 1, 1, 1, 1, 1, 1, 1, 1, 1]
        mean: [0.226693958044, 0.400736063719, 0.484049379826, 0.391937017441, 0.308769851923, 0.352184832096, 0.287851989269, 0.133448183537, 0.0788145363331, 0.0792617499828, 0.150186806917, 0.289597243071, 0.28282558918, 0.13840611279, 0.0760685056448, 0.0918503776193, 0.184705153108, 0.351093769073, 0.317461341619, 0.143529266119, 0.0849830210209, 0.0816962718964, 0.0912349373102, 0.100049175322, 0.108021378517, 0.214404329658, 0.497349262238, 0.602631807327, 0.472601771355, 0.389930158854, 0.293531626463, 0.206291586161, 0.199297890067, 0.196692422032, 0.165784358978, 0.146490499377]
        min: [0.00820433069021, 0.0151938721538, 0.0449042953551, 0.0400371029973, 0.0303627494723, 0, 0.0108495214954, 0.00244126957841, 0.00423310743645, 0.00270201754756, 0, 0, 0, 0, 0, 0, 0, 0, 0.00884972047061, 0.00681561650708, 0.00486608315259, 0.00306930905208, 0, 0.00371692003682, 0.00261577637866, 0.00669982517138, 0.0377184674144, 0.0404878370464, 0.0368083976209, 0, 0, 0, 0.0170423369855, 0.0185650214553, 0.00972116086632, 0.00411550560966]
        var: [0.0480737127364, 0.0873540118337, 0.0887575894594, 0.0639198869467, 0.0475789569318, 0.0709652230144, 0.0559978187084, 0.0168647393584, 0.00725154159591, 0.00667152646929, 0.0164426341653, 0.0589953437448, 0.0668795332313, 0.0202248245478, 0.00727038877085, 0.00931944698095, 0.0303290449083, 0.0744299665093, 0.0614000037313, 0.0204787161201, 0.0121499728411, 0.0138314114884, 0.0155186560005, 0.0123596759513, 0.0137448534369, 0.0457214973867, 0.0911649391055, 0.0925983190536, 0.0723109543324, 0.0600940808654, 0.0375526621938, 0.0327887833118, 0.0326668508351, 0.0330197475851, 0.0316912904382, 0.0305674094707]
    chords_histogram: [0, 0, 0, 0, 0, 0, 0, 0, 20.9302330017, 0, 0, 0, 0, 0, 0, 35.8139533997, 43.2558135986, 0, 0, 0, 0, 0, 0, 0]
    thpcp: [1, 0.784229695797, 0.647045433521, 0.487082868814, 0.342317789793, 0.330712527037, 0.326389044523, 0.275100588799, 0.243084579706, 0.376173228025, 0.664976596832, 0.803225755692, 0.65037560463, 0.51236897707, 0.584411263466, 0.47765815258, 0.221442312002, 0.130783900619, 0.131525993347, 0.249218180776, 0.480554193258, 0.469317406416, 0.229669451714, 0.126227170229, 0.152415409684, 0.306497514248, 0.582600772381, 0.526791572571, 0.238170742989, 0.141019806266, 0.135565817356, 0.151394158602, 0.166020408273, 0.179249376059, 0.355779975653, 0.825295388699]
    chords_key: "F#"
    chords_scale: "major"
    key_key: "A#"
    key_scale: "major"
    chords_progression: ["D", "D", "D", "D#m", "D#m", "D#m", "D", "D", "D", "D", "D", "D", "D", "D", "D", "D", "D", "D", "D", "D", "D", "D", "D", "D", "D", "D", "D", "D", "D", "D", "D", "F#", "F#", "F#", "F#", "F#", "F#", "F#", "F#", "F#", "F#", "F#", "F#", "F#", "F#", "F#", "F#", "F#", "F#", "F#", "F#", "F#", "F#", "F#", "F#", "F#", "F#", "F#", "F#", "F#", "F#", "F#", "F#", "F#", "F#", "F#", "F#", "F#", "F#", "F#", "F#", "F#", "F#", "F#", "F#", "F#", "F#", "F#", "F#", "F#", "F#", "F#", "F#", "F#", "F#", "F#", "F#", "F#", "F#", "F#", "D#m", "D#m", "D#m", "D#m", "D#m", "D#m", "D#m", "D#m", "D#m", "D#m", "D#m", "D#m", "D#m", "D#m", "D#m", "D#m", "D#m", "D#m", "D#m", "D#m", "D#m", "D#m", "D#m", "D#m", "D#m", "D#m", "D#m", "D#m", "D#m", "D#m", "D#m", "D#m", "D#m", "D#m", "D#m", "D#m", "D#m", "D#m", "D#m", "D#m", "D#m", "D#m", "D#m", "D#m", "D#m", "D#m", "D#m", "D#m", "D#m", "D#m", "D#m", "D#m", "D#m", "D#m", "D", "D", "D", "D", "D", "D", "D", "D", "D", "D", "D", "D", "D", "D", "D", "D", "D", "D#m", "D#m", "D#m", "D#m", "D#m", "D#m", "D#m", "D#m", "D#m", "D#m", "D#m", "D#m", "D#m", "D#m", "D#m", "D#m", "D#m", "D#m", "D#m", "D#m", "F#", "F#", "F#", "F#", "F#", "F#", "F#", "F#", "F#", "F#", "F#", "F#", "F#", "F#", "F#", "F#", "F#", "F#", "F#", "F#", "F#", "F#", "F#", "F#", "F#", "F#", "F#", "F#", "F#", "F#", "F#", "F#", "F#", "F#"]
