
metadata:
    version:
        essentia: "1.2.2"
    audio_properties:
        analysis_sample_rate: 44100
        bitrate: 128
        channels: 2
        equal_loudness: 1
        length: 9.92653083801
        replay_gain: -6.40224266052
        downmix: "mix"
    tags:
        track: 11
        year: 0
        album: "Splitted by Mp3Splt v. 2.1"
        artist: "From 001.40 To 001.50"
        comment: "http://mp3splt.sf.net"
        genre: ""
        title: "02 Viva Ultra.mp3"

highlevel:
    ballroom:
        all:
            ChaChaCha: 0.0592197328806
            Jive: 0.0175231024623
            Quickstep: 0.0265292003751
            Rumba-American: 0.0133928079158
            Rumba-International: 0.298576444387
            Rumba-Misc: 0.378310650587
            Samba: 0.028358079493
            Tango: 0.0471950471401
            VienneseWaltz: 0.05210095644
            Waltz: 0.0787939801812
        probability: 0.378310650587
        value: "Rumba-Misc"
    culture:
        all:
            non_western: 0.294250577688
            western: 0.705749452114
        probability: 0.705749452114
        value: "western"
    gender:
        all:
            female: 0.663802325726
            male: 0.336197674274
        probability: 0.663802325726
        value: "female"
    genre_dortmund:
        all:
            alternative: 0.0689524114132
            blues: 0.0120048560202
            electronic: 0.0958385840058
            folkcountry: 0.161563128233
            funksoulrnb: 0.0207207556814
            jazz: 0.309384524822
            pop: 0.0549422129989
            raphiphop: 0.100664928555
            rock: 0.175928577781
        probability: 0.309384524822
        value: "jazz"
    genre_electronica:
        all:
            ambient: 0.817426502705
            dnb: 0.0280624683946
            house: 0.0894664227962
            techno: 0.0242743976414
            trance: 0.0407702066004
        probability: 0.817426502705
        value: "ambient"
    genre_rosamerica:
        all:
            cla: 0.0701100975275
            dan: 0.149197816849
            hip: 0.22095233202
            jaz: 0.168488249183
            pop: 0.120325289667
            rhy: 0.19970831275
            roc: 0.0510123856366
            spe: 0.0202055182308
        probability: 0.22095233202
        value: "hip"
    genre_tzanetakis:
        all:
            blu: 0.0249784961343
            cla: 0.0234501175582
            cou: 0.0872511044145
            dis: 0.0299752932042
            hip: 0.105476431549
            jaz: 0.0295920018107
            met: 0.0121253766119
            pop: 0.152526006103
            reg: 0.38026714325
            roc: 0.154358014464
        probability: 0.38026714325
        value: "reg"
    live_studio:
        all:
            live: 0.186422199011
            studio: 0.813577771187
        probability: 0.813577771187
        value: "studio"
    mood:
        all:
            Cluster1: 0.0929103568196
            Cluster2: 0.0739669203758
            Cluster3: 0.764724314213
            Cluster4: 0.0201839134097
            Cluster5: 0.0482144914567
        probability: 0.764724314213
        value: "Cluster3"
    mood_acoustic:
        all:
            acoustic: 0.89706248045
            not_acoustic: 0.102937534451
        probability: 0.89706248045
        value: "acoustic"
    mood_aggressive:
        all:
            aggressive: 0.00724918441847
            not_aggressive: 0.992750823498
        probability: 0.992750823498
        value: "not_aggressive"
    mood_electronic:
        all:
            electronic: 0.694757282734
            not_electronic: 0.305242717266
        probability: 0.694757282734
        value: "electronic"
    mood_happy:
        all:
            happy: 0.0702300295234
            not_happy: 0.929769992828
        probability: 0.929769992828
        value: "not_happy"
    mood_party:
        all:
            not_party: 0.944415092468
            party: 0.0555849336088
        probability: 0.944415092468
        value: "not_party"
    mood_relaxed:
        all:
            not_relaxed: 0.0118802087381
            relaxed: 0.988119781017
        probability: 0.988119781017
        value: "relaxed"
    mood_sad:
        all:
            not_sad: 0.188205868006
            sad: 0.811794161797
        probability: 0.811794161797
        value: "sad"
    rhythm:
        all:
            fast: 0.0733310133219
            medium: 0.820692658424
            slow: 0.105976343155
        probability: 0.820692658424
        value: "medium"
    speech_music:
        all:
            music: 0.999237120152
            speech: 0.000762893352658
        probability: 0.999237120152
        value: "music"
    timbre:
        all:
            bright: 0.298818290234
            dark: 0.701181709766
        probability: 0.701181709766
        value: "dark"
    voice_instrumental:
        all:
            instrumental: 0.6535410285
            voice: 0.3464589715
        probability: 0.6535410285
        value: "instrumental"

lowlevel:
    average_loudness: 0.982722878456
    barkbands_kurtosis:
        dmean: 3.75828170776
        dmean2: 5.68432712555
        dvar: 38.5557136536
        dvar2: 83.3461532593
        max: 72.940864563
        mean: 9.53694343567
        min: -1.74766242504
        var: 113.638969421
    barkbands_skewness:
        dmean: 0.535411894321
        dmean2: 0.789026558399
        dvar: 0.424796998501
        dvar2: 1.00993847847
        max: 6.507127285
        mean: 1.97737216949
        min: -0.973119318485
        var: 1.86468601227
    barkbands_spread:
        dmean: 3.06698989868
        dmean2: 4.21261978149
        dvar: 23.8809509277
        dvar2: 43.2204589844
        max: 57.4767036438
        mean: 11.989988327
        min: 1.07966649532
        var: 111.571624756
    dissonance:
        dmean: 0.0279767792672
        dmean2: 0.045407012105
        dvar: 0.000869547540788
        dvar2: 0.00204256665893
        max: 0.497840672731
        mean: 0.406306743622
        min: 0.198347657919
        var: 0.00322521687485
    hfc:
        dmean: 0.591426610947
        dmean2: 0.782509446144
        dvar: 1.96738803387
        dvar2: 3.6681330204
        max: 12.6305942535
        mean: 1.50020492077
        min: 0.00454638060182
        var: 4.70493650436
    pitch:
        dmean: 125.258880615
        dmean2: 242.425537109
        dvar: 308687.125
        dvar2: 878710.3125
        max: 4900
        mean: 280.175720215
        min: 68.90625
        var: 329079.375
    pitch_instantaneous_confidence:
        dmean: 0.0715941414237
        dmean2: 0.113228194416
        dvar: 0.00626386515796
        dvar2: 0.0158404894173
        max: 0.91096496582
        mean: 0.527855157852
        min: 0.114003777504
        var: 0.0272405222058
    pitch_salience:
        dmean: 0.0636709630489
        dmean2: 0.103294111788
        dvar: 0.00435699848458
        dvar2: 0.0114240357652
        max: 0.84694558382
        mean: 0.574324071407
        min: 0.214623987675
        var: 0.0137102985755
    silence_rate_20dB:
        dmean: 0
        dmean2: 0
        dvar: 0
        dvar2: 0
        max: 1
        mean: 1
        min: 1
        var: 0
    silence_rate_30dB:
        dmean: 0
        dmean2: 0
        dvar: 0
        dvar2: 0
        max: 1
        mean: 1
        min: 1
        var: 0
    silence_rate_60dB:
        dmean: 0.079439252615
        dmean2: 0.159250587225
        dvar: 0.0731288939714
        dvar2: 0.147940993309
        max: 1
        mean: 0.797202825546
        min: 0
        var: 0.161670520902
    spectral_centroid:
        dmean: 114.7786026
        dmean2: 164.073852539
        dvar: 42962.2304688
        dvar2: 100672.460938
        max: 3603.30200195
        mean: 543.028503418
        min: 140.273468018
        var: 170521.640625
    spectral_complexity:
        dmean: 1.19437944889
        dmean2: 1.85680747032
        dvar: 3.03715491295
        dvar2: 5.55461883545
        max: 18
        mean: 5.38084125519
        min: 0
        var: 9.28720092773
    spectral_crest:
        dmean: 1.81498658657
        dmean2: 2.95148277283
        dvar: 2.98661971092
        dvar2: 7.41192817688
        max: 22.590215683
        mean: 10.5977783203
        min: 3.76865553856
        var: 11.5514125824
    spectral_decrease:
        dmean: 3.29736682403e-10
        dmean2: 5.56687140829e-10
        dvar: 9.40806070601e-19
        dvar2: 2.56016411411e-18
        max: -3.49419733599e-12
        mean: -6.65885679929e-10
        min: -8.48462278213e-09
        var: 8.86857247653e-19
    spectral_energy:
        dmean: 0.00128510408103
        dmean2: 0.0021561011672
        dvar: 1.40590827868e-05
        dvar2: 3.79697121389e-05
        max: 0.0330593027174
        mean: 0.00264927907847
        min: 1.36002390718e-05
        var: 1.37416418511e-05
    spectral_energyband_high:
        dmean: 2.48301748798e-05
        dmean2: 3.26177796524e-05
        dvar: 4.80675810266e-09
        dvar2: 6.91826196331e-09
        max: 0.000764947617427
        mean: 4.20723008574e-05
        min: 2.89619599414e-08
        var: 1.34643594052e-08
    spectral_energyband_low:
        dmean: 0.000278956373222
        dmean2: 0.000486893404741
        dvar: 1.54337294589e-06
        dvar2: 4.18840136263e-06
        max: 0.0152543159202
        mean: 0.000401574303396
        min: 2.10253119803e-07
        var: 1.16461035304e-06
    spectral_energyband_middle_high:
        dmean: 0.000137631388498
        dmean2: 0.000180560949957
        dvar: 1.34377003747e-07
        dvar2: 2.75426941698e-07
        max: 0.00357248098589
        mean: 0.000279392552329
        min: 9.11835087436e-08
        var: 2.84337517087e-07
    spectral_energyband_middle_low:
        dmean: 0.00100392021704
        dmean2: 0.00172665342689
        dvar: 1.07265168481e-05
        dvar2: 3.03268152493e-05
        max: 0.0312928371131
        mean: 0.00192622852046
        min: 1.32698487505e-05
        var: 8.97347126738e-06
    spectral_flatness_db:
        dmean: 0.0221918933094
        dmean2: 0.0332671292126
        dvar: 0.000633782765362
        dvar2: 0.00120754353702
        max: 0.423761337996
        mean: 0.245943054557
        min: 0.0806961134076
        var: 0.00417571375147
    spectral_flux:
        dmean: 0.00892996788025
        dmean2: 0.0139143355191
        dvar: 0.000271769560641
        dvar2: 0.000574032543227
        max: 0.157980486751
        mean: 0.0203661043197
        min: 0.00247161602601
        var: 0.000501650269143
    spectral_kurtosis:
        dmean: 6.5764336586
        dmean2: 10.7793426514
        dvar: 80.314994812
        dvar2: 198.52381897
        max: 102.620864868
        mean: 16.849395752
        min: -0.973283052444
        var: 270.845581055
    spectral_rms:
        dmean: 0.000276227103313
        dmean2: 0.000429611100117
        dvar: 3.16842800885e-07
        dvar2: 7.67375695432e-07
        max: 0.00567917060107
        mean: 0.00143580790609
        min: 0.000115189090138
        var: 5.23116966633e-07
    spectral_rolloff:
        dmean: 242.815612793
        dmean2: 394.825469971
        dvar: 265812.375
        dvar2: 553117.6875
        max: 5297.16796875
        mean: 890.659484863
        min: 172.265625
        var: 866263.375
    spectral_skewness:
        dmean: 0.541200995445
        dmean2: 0.845679819584
        dvar: 0.407949149609
        dvar2: 0.892908871174
        max: 8.42935943604
        mean: 2.96405506134
        min: 0.422204077244
        var: 1.97628486156
    spectral_spread:
        dmean: 675576.5
        dmean2: 940192.125
        dvar: 1.60392373862e+12
        dvar2: 2.70008660787e+12
        max: 17869542
        mean: 3737259.25
        min: 1008126.25
        var: 5.94733747405e+12
    spectral_strongpeak:
        dmean: 0.132333382964
        dmean2: 0.226318433881
        dvar: 0.0558465830982
        dvar2: 0.125863999128
        max: 3.20340442657
        mean: 0.317858874798
        min: 0.00763153843582
        var: 0.12362100184
    zerocrossingrate:
        dmean: 0.00646772561595
        dmean2: 0.00654136389494
        dvar: 6.20508290012e-05
        dvar2: 6.28215420875e-05
        max: 0.16845703125
        mean: 0.0359810814261
        min: 0.00244140625
        var: 0.000620643608272
    barkbands:
        dmean: [3.05222783936e-07, 0.000123965975945, 0.000169647435541, 0.000355722149834, 0.000550024968106, 0.000119638454635, 0.000135554044391, 6.96870192769e-05, 3.88683183701e-05, 1.45134254126e-05, 7.41941084925e-06, 5.2245381994e-06, 7.07911112841e-06, 6.46080115985e-06, 6.92344565323e-06, 4.7313325922e-05, 2.6606294341e-05, 2.98198465316e-05, 2.36519099417e-05, 1.65124238265e-05, 1.17647441584e-05, 4.00567796532e-06, 1.15972397907e-06, 8.98538019101e-07, 9.14735323931e-07, 5.42023137484e-08, 2.98538332943e-10]
        dmean2: [5.49463095467e-07, 0.000210807818803, 0.000297795661027, 0.000609678099863, 0.000985663034953, 0.000192505816813, 0.000214343381231, 0.000105991428427, 5.41681838513e-05, 2.26286028919e-05, 1.04741620817e-05, 8.37059087644e-06, 1.2114997844e-05, 9.52355912887e-06, 9.94157198875e-06, 6.64015024086e-05, 3.83889382647e-05, 4.41323900304e-05, 3.11943331326e-05, 2.41854686465e-05, 1.59332594194e-05, 5.3090034271e-06, 1.59803983024e-06, 1.25944416141e-06, 1.19814842492e-06, 7.67862573525e-08, 4.97248298093e-10]
        dvar: [1.55379875633e-12, 2.2767987673e-07, 6.22473066869e-07, 1.66566132975e-06, 2.80715289591e-06, 6.90803645398e-08, 1.34523716611e-07, 2.01356691321e-08, 9.48106659848e-09, 1.91838811503e-09, 2.71265870877e-10, 2.17842188732e-10, 7.46779804661e-10, 3.05199032713e-10, 3.11569631206e-10, 2.79252816426e-08, 8.82561046467e-09, 7.74959918459e-09, 3.71071218197e-09, 2.36414177124e-09, 1.21729160085e-09, 1.37660730037e-10, 1.12463354601e-11, 6.86472753642e-12, 1.52719434321e-11, 7.22215256349e-14, 1.01361616248e-18]
        dvar2: [4.6074207817e-12, 6.2578106963e-07, 1.69059694599e-06, 4.80417384097e-06, 8.38610321807e-06, 1.78897934688e-07, 3.43591551655e-07, 4.42636327591e-08, 1.79704180425e-08, 4.70553240817e-09, 5.18756260171e-10, 5.11270970005e-10, 1.82208526045e-09, 6.91770807304e-10, 6.22576767917e-10, 6.36373869156e-08, 1.95174632012e-08, 1.88596285255e-08, 7.30875004962e-09, 4.44554348888e-09, 1.83441073442e-09, 2.02712277519e-10, 1.94378228791e-11, 1.24599679532e-11, 2.90710806122e-11, 1.74059836097e-13, 2.52950094239e-18]
        max: [1.30333901325e-05, 0.00582975335419, 0.00941683445126, 0.0139336166903, 0.0157492253929, 0.00290899304673, 0.00507743889466, 0.0015996217262, 0.00230084476061, 0.000560891116038, 0.000318608537782, 0.000285463000182, 0.000457154936157, 0.00018298526993, 0.000259743712377, 0.00167598715052, 0.00126213871408, 0.00119357160293, 0.000667909742333, 0.000502836192027, 0.000501879083458, 0.00011497628293, 4.059042476e-05, 2.7218777177e-05, 7.07314102328e-05, 3.24487018588e-06, 1.1607936834e-08]
        mean: [2.9947824487e-07, 0.000175704990397, 0.000225584444706, 0.000416813534684, 0.000748781894799, 0.000208317316719, 0.000263317167992, 0.000138722549309, 0.000147893486428, 2.19679332076e-05, 1.7606163965e-05, 9.60192573984e-06, 1.1145645658e-05, 9.8051095847e-06, 1.42188964674e-05, 6.07575166214e-05, 3.85639141314e-05, 4.87848883495e-05, 3.66805033991e-05, 2.49701242865e-05, 1.87124460354e-05, 6.63577839077e-06, 1.87692251075e-06, 1.34864558277e-06, 1.11695658234e-06, 5.33856727714e-08, 2.76187489545e-10]
        min: [4.64732641259e-10, 9.28177712467e-09, 2.00532866756e-07, 3.54856496187e-07, 3.41484587807e-06, 3.98240626964e-06, 4.74249077342e-07, 3.21216440113e-08, 4.93698877335e-08, 6.40003534613e-08, 1.86869786312e-09, 3.49235029784e-10, 5.08709407931e-10, 4.44759257201e-10, 3.04252067984e-09, 2.6960984556e-09, 1.32995570112e-08, 1.40262179649e-09, 4.56205961896e-09, 1.89269275808e-08, 2.63043098414e-09, 7.67112484645e-11, 8.25996146481e-11, 7.23883730736e-11, 8.00281785285e-11, 1.299147942e-11, 8.48036376365e-14]
        var: [1.35532546557e-12, 1.83534581311e-07, 4.51154619441e-07, 1.18015293538e-06, 2.21422533286e-06, 8.0138235603e-08, 1.8629872045e-07, 4.24142783118e-08, 1.24800322965e-07, 2.56927057407e-09, 1.92975946334e-09, 6.48208764442e-10, 1.77153103298e-09, 4.76330197507e-10, 8.17358902783e-10, 3.89751662055e-08, 1.15858522776e-08, 1.46958303304e-08, 7.30460048004e-09, 4.53907933462e-09, 3.35347793978e-09, 3.54125756497e-10, 2.80343682296e-11, 1.41577713095e-11, 2.10908651654e-11, 7.13635354694e-14, 9.74789441899e-19]
    mfcc:
        mean: [-845.109680176, 178.237701416, -8.45632839203, 63.6602249146, -4.27490329742, -12.6080656052, -9.65957355499, -5.96948003769, -0.496251046658, -5.60289096832, -2.48793125153, -2.43967604637, -1.7046931982]
        cov: [[7198.92626953, -3025.74902344, -372.512359619, -452.354064941, -30.1473731995, 68.5560836792, -8.35128879547, 1.60299217701, -59.0214004517, 38.1361846924, -16.9226264954, -0.358005493879, -137.067214966], [-3025.74902344, 2204.42089844, -453.643554688, 226.867202759, 85.7141876221, -105.751785278, -78.6027755737, 21.7246665955, 48.3875846863, -27.8046112061, 56.3885307312, -32.5251731873, 65.1963043213], [-372.512359619, -453.643554688, 1122.65270996, -52.2932701111, -149.48500061, 288.142700195, 77.5243377686, -156.267837524, -78.0038757324, 14.6127939224, -9.50196361542, 63.10546875, 38.8747291565], [-452.354064941, 226.867202759, -52.2932701111, 305.068511963, 55.9092674255, -45.7366752625, 13.3118200302, 11.7066516876, -6.52409982681, 10.0444173813, 6.84358072281, -1.68045914173, 38.0686683655], [-30.1473731995, 85.7141876221, -149.48500061, 55.9092674255, 216.648834229, -62.5948066711, -12.3825349808, 13.9100437164, 20.1745624542, 8.75713825226, -4.01582193375, -4.0682053566, 23.5128650665], [68.5560836792, -105.751785278, 288.142700195, -45.7366752625, -62.5948066711, 197.858825684, -1.71799600124, -68.6348190308, -15.5958929062, -11.1156072617, -10.0722160339, 33.277305603, 12.4224729538], [-8.35128879547, -78.6027755737, 77.5243377686, 13.3118200302, -12.3825349808, -1.71799600124, 152.955230713, 69.4198455811, 10.7053003311, 4.23456573486, 2.63200283051, -10.397105217, -9.09903907776], [1.60299217701, 21.7246665955, -156.267837524, 11.7066516876, 13.9100437164, -68.6348190308, 69.4198455811, 146.43145752, 36.468914032, -9.0046339035, 0.592481613159, -22.0944404602, -31.0937614441], [-59.0214004517, 48.3875846863, -78.0038757324, -6.52409982681, 20.1745624542, -15.5958929062, 10.7053003311, 36.468914032, 101.074211121, 6.26076126099, -14.0090780258, -15.1765737534, -5.67837285995], [38.1361846924, -27.8046112061, 14.6127939224, 10.0444173813, 8.75713825226, -11.1156072617, 4.23456573486, -9.0046339035, 6.26076126099, 98.0386123657, 40.0225563049, 13.7796058655, -2.6064054966], [-16.9226264954, 56.3885307312, -9.50196361542, 6.84358072281, -4.01582193375, -10.0722160339, 2.63200283051, 0.592481613159, -14.0090780258, 40.0225563049, 86.5250091553, 19.3699378967, 14.2279987335], [-0.358005493879, -32.5251731873, 63.10546875, -1.68045914173, -4.0682053566, 33.277305603, -10.397105217, -22.0944404602, -15.1765737534, 13.7796058655, 19.3699378967, 58.9490814209, 20.8397159576], [-137.067214966, 65.1963043213, 38.8747291565, 38.0686683655, 23.5128650665, 12.4224729538, -9.09903907776, -31.0937614441, -5.67837285995, -2.6064054966, 14.2279987335, 20.8397159576, 72.3333740234]]
        icov: [[0.000618157035206, 0.000972422072664, 0.000884429144207, 0.000231990270549, -7.86070595495e-05, -0.000904348271433, -0.000116227100079, 0.000418539391831, 0.000327521760482, -1.86542201845e-05, -0.00060219905572, 0.000514365790877, 3.8933390897e-05], [0.000972422072664, 0.00210771965794, 0.00160106504336, -2.22697490244e-05, -8.57003906276e-05, -0.00154011708219, 3.02004536934e-05, 0.000741112686228, 0.000234392791754, 0.000311596755637, -0.00151845940854, 0.00119595590513, -0.000307344569592], [0.000884429144207, 0.00160106504336, 0.00322248367593, 0.000215000865865, 0.000451770640211, -0.00324865244329, -0.00179846026003, 0.00213476433419, 0.00109319854528, -0.000486090633785, -0.000484216929181, 0.000523002410773, -0.0004968236899], [0.000231990270549, -2.22697490244e-05, 0.000215000865865, 0.00418287143111, -0.000597014732193, 0.000379381614039, -0.000524977745954, -0.000320150924381, 0.00101867911872, -0.000905075692572, 0.000624620297458, 0.000432605156675, -0.00213218480349], [-7.86070595495e-05, -8.57003906276e-05, 0.000451770640211, -0.000597014732193, 0.00582295842469, 0.00122602574993, 0.000113027104817, 7.21545875422e-05, -0.00065506878309, -0.000879540282767, 0.00130768306553, -0.000374541385099, -0.00229088240303], [-0.000904348271433, -0.00154011708219, -0.00324865244329, 0.000379381614039, 0.00122602574993, 0.011190473102, -0.000115143564472, 0.00200150022283, -0.00205996143632, 0.00189073744696, 0.00149355491158, -0.00457141920924, 0.000675963470712], [-0.000116227100079, 3.02004536934e-05, -0.00179846026003, -0.000524977745954, 0.000113027104817, -0.000115143564472, 0.0108401691541, -0.00714938435704, 0.000149421859533, -0.00100446783472, -0.000242621666985, 0.0020426849369, -0.00129649578594], [0.000418539391831, 0.000741112686228, 0.00213476433419, -0.000320150924381, 7.21545875422e-05, 0.00200150022283, -0.00714938435704, 0.0152917793021, -0.00336663774215, 0.00318680657074, -0.00238981004804, -0.00117066653911, 0.00511110480875], [0.000327521760482, 0.000234392791754, 0.00109319854528, 0.00101867911872, -0.00065506878309, -0.00205996143632, 0.000149421859533, -0.00336663774215, 0.0128061929718, -0.00330940796994, 0.00304394820705, 0.00267014931887, -0.00205794139765], [-1.86542201845e-05, 0.000311596755637, -0.000486090633785, -0.000905075692572, -0.000879540282767, 0.00189073744696, -0.00100446783472, 0.00318680657074, -0.00330940796994, 0.0148533051834, -0.00746862450615, -0.00279009435326, 0.0041744611226], [-0.00060219905572, -0.00151845940854, -0.000484216929181, 0.000624620297458, 0.00130768306553, 0.00149355491158, -0.000242621666985, -0.00238981004804, 0.00304394820705, -0.00746862450615, 0.018086289987, -0.00398941105232, -0.00401875935495], [0.000514365790877, 0.00119595590513, 0.000523002410773, 0.000432605156675, -0.000374541385099, -0.00457141920924, 0.0020426849369, -0.00117066653911, 0.00267014931887, -0.00279009435326, -0.00398941105232, 0.024353293702, -0.00607400108129], [3.8933390897e-05, -0.000307344569592, -0.0004968236899, -0.00213218480349, -0.00229088240303, 0.000675963470712, -0.00129649578594, 0.00511110480875, -0.00205794139765, 0.0041744611226, -0.00401875935495, -0.00607400108129, 0.0207567550242]]
    spectral_contrast:
        mean: [-2.62023689857e-07, 2.6209440307e-07, 9.53082448518e-08, 3.42953001109e-07, -3.28173712205e-07, -4.70048064471e-07, 2.75455613519e-06, -8.83485654413e-07, -1.49317986597e-06, -2.75149250228e-06, -1.32578554712e-06, 3.18578463521e-06]
        var: [0.000860887172166, 0.00100124836899, 0.00154534052126, 0.00290509825572, 0.00320149981417, 0.00617707613856, 0.064516492188, 0.120522730052, 0.165232896805, 0.275231987238, 0.604069948196, 4.70727968216]

rhythm:
    beats_loudness:
        dmean: 0.00605087215081
        dmean2: 0.0120417177677
        dvar: 1.792150033e-05
        dvar2: 4.52605527244e-05
        max: 0.0169914383441
        mean: 0.00473436620086
        min: 0.00100140296854
        var: 1.94728418137e-05
    beats_loudness_bass:
        dmean: 0.215892866254
        dmean2: 0.340214252472
        dvar: 0.0248368568718
        dvar2: 0.0682807341218
        max: 0.649697542191
        mean: 0.223758041859
        min: 0.0330997444689
        var: 0.0344895832241
    bpm: 127.946662903
    bpm_confidence: 0
    first_peak_bpm: 128
    first_peak_spread: 0
    first_peak_weight: 0.949999988079
    onset_rate: 2.82072377205
    second_peak_bpm: 104
    second_peak_spread: 0
    second_peak_weight: 0.0500000007451
    beats_position: [0.0870759412646, 0.554095685482, 1.02111554146, 1.48813521862, 1.95515501499, 2.42217469215, 2.88919448853, 3.35621404648, 3.82323408127, 4.29025411606, 4.75727367401, 5.2242937088, 5.69131374359, 6.26987457275, 6.74031257629, 7.21074962616, 7.68118667603, 8.15162372589, 8.62206172943, 9.0924987793, 9.56293678284]
    bpm_estimates: [127.669837952, 127.417785645, 129.02885437, 129.121780396, 127.450485229, 130.207229614, 126.976173401, 127.822906494, 127.904273987, 127.668502808, 128.317733765, 127.279899597, 128.286499023, 126.101272583]
    bpm_intervals: [0.467019736767, 0.467019855976, 0.467019677162, 0.467019796371, 0.467019677162, 0.467019796371, 0.467019557953, 0.46702003479, 0.46702003479, 0.467019557953, 0.46702003479, 0.46702003479, 0.578560829163, 0.47043800354, 0.470437049866, 0.470437049866, 0.470437049866, 0.47043800354, 0.470437049866, 0.47043800354]
    onset_times: [0.0696598663926, 0.139319732785, 1.02167797089, 1.52090704441, 1.96208620071, 2.22911572456, 2.4497051239, 2.61224484444, 2.87927436829, 3.83129262924, 4.31891155243, 4.7833108902, 5.30575942993, 5.74693870544, 6.17650794983, 6.22294807434, 6.44353723526, 6.47836732864, 6.67573690414, 6.91954660416, 7.0936961174, 7.46521520615, 7.63936519623, 8.103764534, 8.56816291809, 9.13705253601, 9.55501174927, 9.84526062012]
    rubato_start: []
    rubato_stop: []
    perceptual_tempo: "unknown"

sfx:
    inharmonicity:
        dmean: 0.0245549753308
        dmean2: 0.0442997850478
        dvar: 0.00124500261154
        dvar2: 0.00363342999481
        max: 0.290706187487
        mean: 0.0246484596282
        min: 0
        var: 0.00143544352613
    oddtoevenharmonicenergyratio:
        dmean: 1.65096843243
        dmean2: 3.14717102051
        dvar: 15.4071054459
        dvar2: 45.5293807983
        max: 33.7258796692
        mean: 1.34710097313
        min: 0
        var: 9.5344953537
    pitch_after_max_to_before_max_energy_ratio: 1.78207755089
    pitch_centroid: 176.077865601
    pitch_max_to_total: 0.264018684626
    pitch_min_to_total: 0.633177578449
    tristimulus:
        dmean: [0.234425321221, 0.23097679019, 0.0456692129374]
        dmean2: [0.423358976841, 0.415234714746, 0.0838889032602]
        dvar: [0.0525852292776, 0.0517480745912, 0.00602549361065]
        dvar2: [0.137602493167, 0.140354290605, 0.0159772690386]
        max: [1, 0.979645311832, 0.728162586689]
        mean: [0.530920386314, 0.407904058695, 0.0502960979939]
        min: [0.0165957100689, 0, 0]
        var: [0.0824044570327, 0.0770857185125, 0.00758077343926]

tonal:
    chords_changes_rate: 0.0279069766402
    chords_number_rate: 0.0232558138669
    chords_strength:
        dmean: 0.00754720252007
        dmean2: 0.00643829908222
        dvar: 4.10187312809e-05
        dvar2: 3.7555128074e-05
        max: 0.678114712238
        mean: 0.560707688332
        min: 0.453356295824
        var: 0.00268380134366
    key_strength: 0.701416194439
    tuning_diatonic_strength: 0.614013910294
    tuning_equal_tempered_deviation: 0.0894378870726
    tuning_frequency: 440.763122559
    tuning_nontempered_energy_ratio: 0.711993992329
    hpcp:
        dmean: [0.0872315019369, 0.0724031105638, 0.0338076241314, 0.026944603771, 0.0401675850153, 0.0544535592198, 0.0379125438631, 0.0263365078717, 0.0597815215588, 0.0974065735936, 0.104751616716, 0.107749581337, 0.105729274452, 0.0682336166501, 0.0282018110156, 0.0165555216372, 0.0243179276586, 0.0480461642146, 0.0477725528181, 0.0449572280049, 0.0233957413584, 0.019890351221, 0.0719073787332, 0.148046016693, 0.113704778254, 0.148575603962, 0.139130175114, 0.138187795877, 0.0777538493276, 0.0523119270802, 0.0462057627738, 0.0767484456301, 0.131584599614, 0.141882628202, 0.0849509835243, 0.0597116574645]
        dmean2: [0.147290796041, 0.128403633833, 0.0590171590447, 0.0482030697167, 0.067996442318, 0.0872691571712, 0.0569614730775, 0.0456941947341, 0.0988807827234, 0.162131920457, 0.186988145113, 0.172890841961, 0.158682718873, 0.109872415662, 0.0491498745978, 0.0282993800938, 0.0434018336236, 0.077541179955, 0.0846536234021, 0.0717919021845, 0.0352913588285, 0.0319987647235, 0.129560261965, 0.248569563031, 0.188164621592, 0.259838849306, 0.239896982908, 0.245886132121, 0.142694279552, 0.0946699902415, 0.0856023430824, 0.136706143618, 0.206953793764, 0.239093497396, 0.148294702172, 0.101464651525]
        dvar: [0.0267443805933, 0.0194016508758, 0.0058565735817, 0.00276731629856, 0.0088891973719, 0.0201847888529, 0.00715664122254, 0.00815424788743, 0.00876584928483, 0.0308513864875, 0.0325547605753, 0.0250608846545, 0.033147893846, 0.018997086212, 0.00664128595963, 0.00167701020837, 0.00373455043882, 0.0076917191036, 0.0194316823035, 0.0136237666011, 0.0062778335996, 0.00231123738922, 0.0202258396894, 0.0449623912573, 0.0385173223913, 0.0453591831028, 0.0528285168111, 0.0632461979985, 0.0307994801551, 0.0243316963315, 0.022123945877, 0.0258477311581, 0.0354201160371, 0.0419731289148, 0.0163437314332, 0.0103722251952]
        dvar2: [0.0662096366286, 0.05232302472, 0.0164170153439, 0.00714267930016, 0.0240058340132, 0.0462949238718, 0.0163974352181, 0.0224528945982, 0.0252645425498, 0.0800331309438, 0.0978037491441, 0.0605176612735, 0.0741359889507, 0.0500252358615, 0.0184995159507, 0.00448744464666, 0.0104742757976, 0.0180818513036, 0.0387918949127, 0.0300386976451, 0.0122443540022, 0.00540804024786, 0.0541981346905, 0.12193723768, 0.0836220607162, 0.118031471968, 0.127088904381, 0.146766752005, 0.0788430348039, 0.0691146403551, 0.0645738318563, 0.0741694122553, 0.0773487985134, 0.0884259864688, 0.0423401705921, 0.0239650048316]
        max: [1, 0.825661957264, 0.643160641193, 0.355921626091, 0.759798765182, 1, 0.924856364727, 1, 0.617125511169, 1, 1, 1, 1, 1, 0.767775535583, 0.488135695457, 0.598188281059, 0.844924271107, 1, 1, 1, 0.461719065905, 0.742034971714, 1, 1, 1, 1, 1, 1, 1, 0.940665543079, 0.885038852692, 1, 1, 0.80759447813, 1]
        mean: [0.203339636326, 0.132314383984, 0.0343051142991, 0.0307054854929, 0.0558041967452, 0.0886395201087, 0.0574074499309, 0.0262287613004, 0.0837394893169, 0.165757626295, 0.140043511987, 0.197211399674, 0.265477955341, 0.128695681691, 0.0275428388268, 0.018856626004, 0.0271927118301, 0.135589912534, 0.232774123549, 0.130960345268, 0.0295669604093, 0.0315080694854, 0.0693936645985, 0.234950557351, 0.336909294128, 0.23125526309, 0.166161060333, 0.131080821157, 0.0614193566144, 0.0370554588735, 0.0336810275912, 0.0792928114533, 0.280372470617, 0.322817623615, 0.125397533178, 0.107608266175]
        min: [1.32484419737e-05, 1.50517917064e-05, 0, 0, 0, 0, 0, 0, 0, 0, 0, 0.000222605551244, 0.000139771975228, 0.00020237127319, 6.82267418597e-05, 4.44226716354e-05, 0, 0.000424915575422, 0.000138717950904, 7.45816214476e-05, 2.48427950282e-05, 0, 0, 0, 0, 0, 0, 0, 0, 0, 0.00012117314327, 0.000148644598085, 3.31536612066e-05, 3.42943385476e-05, 0.000360122357961, 2.43418635364e-05]
        var: [0.102990552783, 0.0423831939697, 0.00481792865321, 0.00376046774909, 0.0144423125312, 0.0501094758511, 0.0168697051704, 0.0069414540194, 0.0149516826496, 0.0657303184271, 0.0408457554877, 0.0665657445788, 0.13473957777, 0.0363683588803, 0.00482430122793, 0.00199243729003, 0.00440496625379, 0.0449833311141, 0.147178709507, 0.0496424660087, 0.00812166370451, 0.00503501435742, 0.018172621727, 0.0835581049323, 0.149389117956, 0.0815182551742, 0.0819667801261, 0.0660398900509, 0.0238019879907, 0.0159821473062, 0.0132800387219, 0.022932190448, 0.117220841348, 0.130101978779, 0.0231920704246, 0.0284858681262]
    chords_histogram: [35.3488388062, 6.5116276741, 25.5813961029, 0, 0, 0, 0, 0, 30.2325572968, 0, 0, 0, 0, 0, 0, 0, 0, 0, 0, 0, 0, 0, 0, 2.32558131218]
    thpcp: [1, 0.686402142048, 0.493192285299, 0.389068573713, 0.182302355766, 0.109986454248, 0.0999706089497, 0.235353589058, 0.832189798355, 0.958173692226, 0.372199684381, 0.319398343563, 0.603544175625, 0.392729997635, 0.101822994649, 0.091138727963, 0.165635675192, 0.263096094131, 0.17039437592, 0.0778511092067, 0.248552024364, 0.491994827986, 0.415671259165, 0.585354566574, 0.787980496883, 0.381989121437, 0.0817514955997, 0.0559694431722, 0.0807122662663, 0.402452290058, 0.690910339355, 0.388710975647, 0.0877594053745, 0.093520924449, 0.205971360207, 0.697370350361]
    chords_key: "C#"
    chords_scale: "major"
    key_key: "C#"
    key_scale: "major"
    chords_progression: ["G#", "G#", "G#", "G#", "G#", "G#", "G#", "G#", "G#", "G#", "G#", "G#", "G#", "G#", "G#", "G#", "G#", "G#", "G#", "G#", "G#", "G#", "G#", "G#", "G#", "G#", "G#", "G#", "G#", "G#", "G#", "G#", "G#", "G#", "G#", "G#", "G#", "G#", "G#", "G#", "G#", "G#", "G#", "G#", "G#", "G#", "G#", "G#", "G#", "G#", "G#", "G#", "G#", "G#", "G#", "Fm", "Fm", "Fm", "Fm", "Fm", "Fm", "Fm", "Fm", "Fm", "Fm", "Fm", "Fm", "Fm", "Fm", "F", "F", "F", "F", "F", "F", "F", "F", "F", "F", "F", "F", "F", "F", "F", "F", "F", "F", "F", "F", "F", "F", "F", "F", "F", "F", "F", "F", "F", "F", "F", "F", "C#", "C#", "C#", "C#", "C#", "C#", "C#", "C#", "C#", "C#", "C#", "C#", "C#", "C#", "C#", "C#", "C#", "C#", "C#", "C#", "C#", "C#", "C#", "C#", "C#", "C#", "C#", "C#", "C#", "C#", "C#", "C#", "C#", "C#", "C#", "C#", "C#", "C#", "C#", "C#", "C#", "C#", "C#", "F", "F", "F", "F", "F", "F", "F", "F", "F", "F", "F", "F", "F", "F", "F", "F", "F", "F", "F", "F", "F", "F", "F", "F", "F", "F", "F", "F", "F", "F", "F", "F", "F", "A#m", "A#m", "A#m", "A#m", "A#m", "C#", "C#", "C#", "C#", "C#", "C#", "C#", "C#", "C#", "C#", "C#", "C#", "C#", "C#", "C#", "C#", "C#", "C#", "C#", "C#", "C#", "C#", "C#", "C#", "C#", "C#", "C#", "C#", "C#", "C#", "C#", "C#", "C#"]
