
metadata:
    version:
        essentia: "1.2.2"
    audio_properties:
        analysis_sample_rate: 44100
        bitrate: 128
        channels: 2
        equal_loudness: 1
        length: 10.0048980713
        replay_gain: -13.4596099854
        downmix: "mix"
    tags:
        track: 2
        year: 0
        album: "Splitted by Mp3Splt v. 2.1"
        artist: "From 000.10 To 000.20"
        comment: "http://mp3splt.sf.net"
        genre: ""
        title: "03 Like a Pimp [Remix].mp3"

highlevel:
    ballroom:
        all:
            ChaChaCha: 0.062752880156
            Jive: 0.439883232117
            Quickstep: 0.0426983423531
            Rumba-American: 0.0275733247399
            Rumba-International: 0.103040963411
            Rumba-Misc: 0.0739732310176
            Samba: 0.130991190672
            Tango: 0.0137981688604
            VienneseWaltz: 0.0521925278008
            Waltz: 0.0530961416662
        probability: 0.439883232117
        value: "Jive"
    culture:
        all:
            non_western: 0.166580423713
            western: 0.833419561386
        probability: 0.833419561386
        value: "western"
    gender:
        all:
            female: 0.198398768902
            male: 0.801601231098
        probability: 0.801601231098
        value: "male"
    genre_dortmund:
        all:
            alternative: 0.00025640957756
            blues: 0.000647072854917
            electronic: 0.00211631064303
            folkcountry: 0.000139774638228
            funksoulrnb: 0.00656087137759
            jazz: 0.000868085364345
            pop: 0.00143958453555
            raphiphop: 0.984601795673
            rock: 0.00337012344971
        probability: 0.984601795673
        value: "raphiphop"
    genre_electronica:
        all:
            ambient: 0.057138517499
            dnb: 0.824763417244
            house: 0.0417885519564
            techno: 0.0518658347428
            trance: 0.024443667382
        probability: 0.824763417244
        value: "dnb"
    genre_rosamerica:
        all:
            cla: 0.0005310967681
            dan: 0.00213837530464
            hip: 0.979866445065
            jaz: 0.000554152415134
            pop: 0.00344322482124
            rhy: 0.0111460583284
            roc: 0.00183829548769
            spe: 0.000482337491121
        probability: 0.979866445065
        value: "hip"
    genre_tzanetakis:
        all:
            blu: 0.00113053421956
            cla: 0.000628678302746
            cou: 0.00128728081472
            dis: 0.00468738656491
            hip: 0.613565206528
            jaz: 0.000764936907217
            met: 0.00126476376317
            pop: 0.32289069891
            reg: 0.0525059551001
            roc: 0.00127458455972
        probability: 0.613565206528
        value: "hip"
    live_studio:
        all:
            live: 0.00588872702792
            studio: 0.994111299515
        probability: 0.994111299515
        value: "studio"
    mood:
        all:
            Cluster1: 0.196881979704
            Cluster2: 0.25775551796
            Cluster3: 0.0578629039228
            Cluster4: 0.221160382032
            Cluster5: 0.266339212656
        probability: 0.266339212656
        value: "Cluster5"
    mood_acoustic:
        all:
            acoustic: 5.85447469348e-06
            not_acoustic: 0.999994158745
        probability: 0.999994158745
        value: "not_acoustic"
    mood_aggressive:
        all:
            aggressive: 0.760145425797
            not_aggressive: 0.239854559302
        probability: 0.760145425797
        value: "aggressive"
    mood_electronic:
        all:
            electronic: 0.883830606937
            not_electronic: 0.116169370711
        probability: 0.883830606937
        value: "electronic"
    mood_happy:
        all:
            happy: 0.584967434406
            not_happy: 0.415032565594
        probability: 0.584967434406
        value: "happy"
    mood_party:
        all:
            not_party: 0.0698429197073
            party: 0.930157065392
        probability: 0.930157065392
        value: "party"
    mood_relaxed:
        all:
            not_relaxed: 0.259623497725
            relaxed: 0.740376472473
        probability: 0.740376472473
        value: "relaxed"
    mood_sad:
        all:
            not_sad: 3.00000096379e-14
            sad: 1
        probability: 1
        value: "sad"
    rhythm:
        all:
            fast: 0.68226647377
            medium: 0.289517015219
            slow: 0.0282165110111
        probability: 0.68226647377
        value: "fast"
    speech_music:
        all:
            music: 3.00000096379e-14
            speech: 1
        probability: 1
        value: "speech"
    timbre:
        all:
            bright: 0.267708867788
            dark: 0.732291102409
        probability: 0.732291102409
        value: "dark"
    voice_instrumental:
        all:
            instrumental: 0.00948675628752
            voice: 0.990513265133
        probability: 0.990513265133
        value: "voice"

lowlevel:
    average_loudness: 0.980622649193
    barkbands_kurtosis:
        dmean: 2.25736784935
        dmean2: 3.76174044609
        dvar: 11.7675466537
        dvar2: 28.6606311798
        max: 29.1286354065
        mean: 0.607421219349
        min: -1.88403403759
        var: 13.9519891739
    barkbands_skewness:
        dmean: 0.864141404629
        dmean2: 1.36146330833
        dvar: 0.691191136837
        dvar2: 1.66659712791
        max: 4.79483222961
        mean: 0.375226616859
        min: -3.55930972099
        var: 1.42373526096
    barkbands_spread:
        dmean: 11.2137289047
        dmean2: 18.4011554718
        dvar: 115.841308594
        dvar2: 320.425231934
        max: 83.8732299805
        mean: 29.6699829102
        min: 4.42380094528
        var: 198.248321533
    dissonance:
        dmean: 0.0319123677909
        dmean2: 0.0529576316476
        dvar: 0.000898979138583
        dvar2: 0.00222220527939
        max: 0.499964147806
        mean: 0.451281577349
        min: 0.253616631031
        var: 0.00164290331304
    hfc:
        dmean: 3.62683606148
        dmean2: 5.44677734375
        dvar: 32.1422843933
        dvar2: 65.6832046509
        max: 57.5956764221
        mean: 5.45575857162
        min: 0.0358620770276
        var: 51.4570388794
    pitch:
        dmean: 1115.30224609
        dmean2: 2134.83544922
        dvar: 2015757.875
        dvar2: 4417826.5
        max: 4900
        mean: 1319.43237305
        min: 108.088233948
        var: 2140631
    pitch_instantaneous_confidence:
        dmean: 0.146004989743
        dmean2: 0.239052802324
        dvar: 0.0158986859024
        dvar2: 0.0363075509667
        max: 0.936059653759
        mean: 0.535329818726
        min: 0.129405856133
        var: 0.0368295572698
    pitch_salience:
        dmean: 0.0983597189188
        dmean2: 0.166749939322
        dvar: 0.00758749665692
        dvar2: 0.0197657365352
        max: 0.870836138725
        mean: 0.597665905952
        min: 0.190308660269
        var: 0.0130249373615
    silence_rate_20dB:
        dmean: 0
        dmean2: 0
        dvar: 0
        dvar2: 0
        max: 1
        mean: 1
        min: 1
        var: 0
    silence_rate_30dB:
        dmean: 0
        dmean2: 0
        dvar: 0
        dvar2: 0
        max: 1
        mean: 1
        min: 1
        var: 0
    silence_rate_60dB:
        dmean: 0.229698374867
        dmean2: 0.458139538765
        dvar: 0.176937311888
        dvar2: 0.294759064913
        max: 1
        mean: 0.537037014961
        min: 0
        var: 0.248627737164
    spectral_centroid:
        dmean: 507.040039062
        dmean2: 795.831787109
        dvar: 247012.21875
        dvar2: 609485.1875
        max: 4117.83105469
        mean: 1487.2755127
        min: 153.915496826
        var: 513400.9375
    spectral_complexity:
        dmean: 4.1255812645
        dmean2: 5.91375303268
        dvar: 32.621471405
        dvar2: 56.2978935242
        max: 57
        mean: 8.03248214722
        min: 0
        var: 76.4676361084
    spectral_crest:
        dmean: 3.30800747871
        dmean2: 5.63726043701
        dvar: 8.40885257721
        dvar2: 21.4591293335
        max: 23.8879337311
        mean: 9.16070365906
        min: 3.00898933411
        var: 13.6176252365
    spectral_decrease:
        dmean: 5.4401377847e-10
        dmean2: 8.85324535904e-10
        dvar: 6.01135467296e-19
        dvar2: 1.61760700555e-18
        max: -2.91904911701e-12
        mean: -8.34960045548e-10
        min: -4.71947814162e-09
        var: 6.5370295032e-19
    spectral_energy:
        dmean: 0.00234647118486
        dmean2: 0.00376929738559
        dvar: 1.0182191545e-05
        dvar2: 2.62983612629e-05
        max: 0.0187554042786
        mean: 0.00364618655294
        min: 1.42699664138e-05
        var: 1.24303842313e-05
    spectral_energyband_high:
        dmean: 0.000173255961272
        dmean2: 0.000244861643296
        dvar: 1.89639663972e-07
        dvar2: 3.86971862554e-07
        max: 0.00425290549174
        mean: 0.000194220527192
        min: 7.55906341965e-07
        var: 2.53669867334e-07
    spectral_energyband_low:
        dmean: 0.000445801269962
        dmean2: 0.000815669307485
        dvar: 1.43325632962e-06
        dvar2: 4.0916670514e-06
        max: 0.00800071749836
        mean: 0.000445918500191
        min: 5.69128708605e-08
        var: 9.77200556918e-07
    spectral_energyband_middle_high:
        dmean: 0.00108286074828
        dmean2: 0.00160606508143
        dvar: 2.02522369364e-06
        dvar2: 3.79914899895e-06
        max: 0.0136511744931
        mean: 0.00170362356585
        min: 2.75141383099e-06
        var: 4.28406565334e-06
    spectral_energyband_middle_low:
        dmean: 0.00120772188529
        dmean2: 0.002123007318
        dvar: 4.23455321652e-06
        dvar2: 1.21778830362e-05
        max: 0.0132202683017
        mean: 0.00130221003201
        min: 1.93298683371e-06
        var: 3.06992524202e-06
    spectral_flatness_db:
        dmean: 0.0316040329635
        dmean2: 0.0470952130854
        dvar: 0.000653366267215
        dvar2: 0.00142454646993
        max: 0.314643591642
        mean: 0.17132294178
        min: 0.0637602955103
        var: 0.00250025093555
    spectral_flux:
        dmean: 0.0167423505336
        dmean2: 0.0268830470741
        dvar: 0.000347305700416
        dvar2: 0.000728549784981
        max: 0.12972342968
        mean: 0.0470285341144
        min: 0.00476412475109
        var: 0.000580674037337
    spectral_kurtosis:
        dmean: 2.0448923111
        dmean2: 3.19923210144
        dvar: 3.52368164062
        dvar2: 9.58578014374
        max: 15.7644271851
        mean: 4.18018102646
        min: -0.450364112854
        var: 6.59381389618
    spectral_rms:
        dmean: 0.000603826541919
        dmean2: 0.000936115859076
        dvar: 4.28361602189e-07
        dvar2: 1.05636797798e-06
        max: 0.00427761068568
        mean: 0.0016854389105
        min: 0.000117991177831
        var: 7.16551824098e-07
    spectral_rolloff:
        dmean: 833.434509277
        dmean2: 1430.37670898
        dvar: 952287.75
        dvar2: 2440664.5
        max: 6416.89453125
        mean: 2734.36694336
        min: 193.798828125
        var: 1351395.625
    spectral_skewness:
        dmean: 0.331196993589
        dmean2: 0.530323982239
        dvar: 0.0816597789526
        dvar2: 0.224439263344
        max: 2.70367646217
        mean: 1.46090519428
        min: 0.385265856981
        var: 0.154428988695
    spectral_spread:
        dmean: 1390133.25
        dmean2: 1844697.5
        dvar: 2.71763243008e+12
        dvar2: 4.83107432038e+12
        max: 21351532
        mean: 5157442
        min: 1821495.75
        var: 6.12820320256e+12
    spectral_strongpeak:
        dmean: 0.469035089016
        dmean2: 0.785846412182
        dvar: 0.405765146017
        dvar2: 1.05218625069
        max: 4.10306215286
        mean: 0.524440467358
        min: 0.00610728841275
        var: 0.436691612005
    zerocrossingrate:
        dmean: 0.0150243006647
        dmean2: 0.0186525713652
        dvar: 0.0002075007651
        dvar2: 0.000280093721813
        max: 0.203125
        mean: 0.0844375342131
        min: 0.01123046875
        var: 0.000810174271464
    barkbands:
        dmean: [1.76043488409e-06, 0.000154650173499, 0.000344705214957, 0.000271300697932, 0.000352661998477, 0.000258796295384, 8.56474944158e-05, 0.000291790289339, 0.000274097634247, 0.000179071343155, 0.000108476597234, 0.000125951541122, 6.8683482823e-05, 8.30819553812e-05, 6.9258530857e-05, 8.13222868601e-05, 0.000188727193745, 0.000270796968834, 0.000288740120595, 0.000161359770573, 7.288245979e-05, 3.41788581864e-05, 8.70377152751e-06, 4.95426320413e-06, 4.1418352339e-06, 3.61079514732e-07, 8.06173172663e-09]
        dmean2: [2.01073771677e-06, 0.000258234125795, 0.000642261293251, 0.000525936251506, 0.000605300010648, 0.000454778230051, 0.000147388738696, 0.00048660550965, 0.000467345700599, 0.000282733672066, 0.000171283551026, 0.00019253755454, 0.000101585123048, 0.000135257781949, 0.000115975024528, 0.000129837921122, 0.000302369007841, 0.000414661306422, 0.000485010532429, 0.000246604759013, 0.000104250750155, 5.4409931181e-05, 1.25266178657e-05, 7.16990734873e-06, 6.18799413132e-06, 5.78376273097e-07, 8.443413968e-09]
        dvar: [6.51610640445e-11, 9.22346004018e-08, 9.88925989986e-07, 6.64941296691e-07, 5.00202133935e-07, 2.63582791149e-07, 1.54429997679e-07, 1.7391070628e-07, 3.06660780325e-07, 1.48176567905e-07, 5.87451935985e-08, 8.56299777752e-08, 2.26564544903e-08, 2.53970160458e-08, 2.1067620537e-08, 2.06686188164e-08, 8.41445952915e-08, 1.49402666239e-07, 2.5751748467e-07, 1.58416483487e-07, 3.43602835073e-08, 5.87126480767e-09, 6.35515418068e-10, 1.29055391374e-10, 8.07641592493e-11, 7.43189310006e-13, 2.37852882464e-14]
        dvar2: [6.673061409e-11, 2.2823238055e-07, 2.89745435111e-06, 1.93181335817e-06, 1.35981281346e-06, 7.37982020382e-07, 4.00034281256e-07, 4.25493510647e-07, 8.11383927157e-07, 3.27306196368e-07, 1.49106469394e-07, 1.94286187138e-07, 4.03434405882e-08, 6.08071815122e-08, 5.35804147717e-08, 4.45991510389e-08, 2.12989547776e-07, 3.39513832159e-07, 6.5523977355e-07, 3.75744491521e-07, 7.03762736975e-08, 1.19983623037e-08, 1.41282763266e-09, 2.73969236186e-10, 1.95947383319e-10, 1.90067948359e-12, 2.37763910123e-14]
        max: [0.000162588636158, 0.00214209570549, 0.00626836670563, 0.00489822775126, 0.00471033528447, 0.00459183659405, 0.00655891560018, 0.00263644661754, 0.00425960542634, 0.00361306429841, 0.00208584405482, 0.00272881519049, 0.00171404855791, 0.00128705310635, 0.00102415960282, 0.00110574020073, 0.00205346429721, 0.00322410976514, 0.0046194694005, 0.00425168359652, 0.00210101902485, 0.000751165673137, 0.000280338368611, 0.000118823423691, 7.54149732529e-05, 5.15734927831e-06, 3.20639878737e-06]
        mean: [5.47603758605e-06, 0.000194040607312, 0.000246614363277, 0.000161841177032, 0.00031150932773, 0.000250132463407, 6.65568950353e-05, 0.000264857517323, 0.000228598742979, 0.000214466359466, 0.000110367705929, 0.000128443469293, 8.41469809529e-05, 8.07732722024e-05, 7.28655359126e-05, 9.86904196907e-05, 0.000213168168557, 0.000309685856337, 0.000303938635625, 0.000165532896062, 7.88019242464e-05, 3.67098400602e-05, 9.36139713303e-06, 5.31620207767e-06, 3.97990561396e-06, 3.01032173411e-07, 8.02843125314e-09]
        min: [7.03426067394e-11, 3.72027670892e-08, 4.13101686192e-09, 1.5279666421e-09, 2.74925504584e-08, 7.9031032385e-08, 4.40570531168e-08, 5.30362669338e-08, 3.17486872348e-08, 9.75801555114e-08, 4.90271894193e-08, 1.3971559909e-08, 3.26444937748e-09, 2.23729035298e-08, 6.20985396438e-09, 1.70632432628e-08, 6.13905868363e-08, 2.8711085065e-07, 1.14412193852e-06, 5.39103439223e-07, 1.70304645053e-07, 1.49226991653e-07, 4.01652000548e-09, 1.89689663976e-09, 6.67365496199e-10, 2.64394790783e-11, 2.08583977456e-13]
        var: [9.05283764618e-11, 9.17371707487e-08, 5.94334210291e-07, 3.70119863646e-07, 4.04345030347e-07, 2.16840930989e-07, 1.19033707335e-07, 1.95845146322e-07, 2.65472607452e-07, 2.59490320786e-07, 7.48204058709e-08, 1.05882257628e-07, 5.20663867576e-08, 3.28952936002e-08, 2.2605652461e-08, 2.95662125893e-08, 9.95742510668e-08, 2.1913506032e-07, 2.55092231782e-07, 1.71548037997e-07, 4.49233397148e-08, 7.30018046013e-09, 7.27148063984e-10, 1.68799890732e-10, 8.52866111067e-11, 6.06503779491e-13, 2.37911005864e-14]
    mfcc:
        mean: [-764.105834961, 103.098243713, -43.4573478699, 56.4113693237, -12.3365364075, -10.8583126068, -0.449450820684, 9.76413631439, -1.14004278183, -2.12144231796, 1.39653408527, -3.26252174377, -4.47487831116]
        cov: [[5730.87890625, -591.52545166, -169.186172485, -1012.21838379, -63.1626968384, 149.003265381, 150.750869751, -4.6083779335, 76.5345535278, 131.041213989, 81.8930435181, 48.1817092896, 63.6500282288], [-591.52545166, 1317.37329102, -193.783950806, 143.522186279, -60.8924827576, -15.5002183914, 15.8013944626, 109.704971313, -58.12707901, 38.1096801758, 71.9422607422, 100.990531921, 10.7356595993], [-169.186172485, -193.783950806, 1467.21643066, 306.878448486, 109.114891052, 73.7582321167, 177.585449219, -112.475387573, 15.3211917877, 6.75923538208, 2.99000716209, -115.924407959, 32.7367286682], [-1012.21838379, 143.522186279, 306.878448486, 692.883666992, 148.821029663, -56.3091163635, -70.8975753784, 10.0906200409, -25.2359676361, 2.41525578499, -39.4314537048, -70.1829452515, -13.6344423294], [-63.1626968384, -60.8924827576, 109.114891052, 148.821029663, 349.643676758, 66.6000442505, -6.91801166534, -59.1014442444, -5.98283576965, 15.3724908829, -27.4609718323, -28.6466064453, 5.23902845383], [149.003265381, -15.5002183914, 73.7582321167, -56.3091163635, 66.6000442505, 236.266403198, 151.25012207, -4.29332017899, 22.7689113617, 23.4461364746, -9.44239330292, 8.05090141296, 15.1761159897], [150.750869751, 15.8013944626, 177.585449219, -70.8975753784, -6.91801166534, 151.25012207, 312.498596191, 45.9897384644, 47.9430084229, 14.9345664978, 17.0164012909, 16.1679401398, 51.3674201965], [-4.6083779335, 109.704971313, -112.475387573, 10.0906200409, -59.1014442444, -4.29332017899, 45.9897384644, 198.571060181, 41.0270576477, 34.0594596863, 22.3521060944, 62.6186408997, 17.0361671448], [76.5345535278, -58.12707901, 15.3211917877, -25.2359676361, -5.98283576965, 22.7689113617, 47.9430084229, 41.0270576477, 176.498001099, 58.1423301697, 24.1560115814, 4.35316085815, 7.13847208023], [131.041213989, 38.1096801758, 6.75923538208, 2.41525578499, 15.3724908829, 23.4461364746, 14.9345664978, 34.0594596863, 58.1423301697, 195.38168335, 103.105369568, 23.2936401367, -26.6143302917], [81.8930435181, 71.9422607422, 2.99000716209, -39.4314537048, -27.4609718323, -9.44239330292, 17.0164012909, 22.3521060944, 24.1560115814, 103.105369568, 162.719421387, 42.1734695435, -21.4274864197], [48.1817092896, 100.990531921, -115.924407959, -70.1829452515, -28.6466064453, 8.05090141296, 16.1679401398, 62.6186408997, 4.35316085815, 23.2936401367, 42.1734695435, 111.805175781, 28.2793178558], [63.6500282288, 10.7356595993, 32.7367286682, -13.6344423294, 5.23902845383, 15.1761159897, 51.3674201965, 17.0361671448, 7.13847208023, -26.6143302917, -21.4274864197, 28.2793178558, 111.108291626]]
        icov: [[0.000258456246229, 6.66386840749e-05, -3.65435080312e-05, 0.000424383586505, -9.75876901066e-05, -2.49636050285e-05, 3.97041767428e-05, -0.000132721761474, 7.2551498306e-05, -0.00023016470368, -8.77241802755e-07, 0.000196229244466, -0.000191556711798], [6.66386840749e-05, 0.000949741515797, 0.000137808485306, -0.000280370062683, 0.000166545185493, -5.03384653712e-05, -0.000170756437001, -0.000181312381756, 0.00042152221431, -8.95808625501e-05, -0.000308896560455, -0.000615594850387, -5.06135475007e-05], [-3.65435080312e-05, 0.000137808485306, 0.00100484362338, -0.00059271173086, 5.62753884878e-05, 4.24405407102e-05, -0.000757391739171, 0.000605823821388, 1.6740503952e-06, 6.37532912151e-06, -0.000393565453123, 0.000573927303776, -0.000332921044901], [0.000424383586505, -0.000280370062683, -0.00059271173086, 0.0029553915374, -0.00113804650027, 0.000483447161969, 0.000667766260449, -0.00131009262986, 0.000330635317368, -0.000613739248365, 0.00045994084212, 0.00163798441645, -0.000295394478599], [-9.75876901066e-05, 0.000166545185493, 5.62753884878e-05, -0.00113804650027, 0.00387102086097, -0.00146305025555, 0.000461903196992, 0.00120580301154, 4.32292154073e-06, -0.000594086537603, 0.00045564622269, -0.00033982025343, -0.000465764111141], [-2.49636050285e-05, -5.03384653712e-05, 4.24405407102e-05, 0.000483447161969, -0.00146305025555, 0.00739005347714, -0.00380814843811, 0.000920020567719, 4.73054897157e-05, -0.00135178572964, 0.00190352182835, -0.00118077069055, 0.00108587590512], [3.97041767428e-05, -0.000170756437001, -0.000757391739171, 0.000667766260449, 0.000461903196992, -0.00380814843811, 0.00632966589183, -0.00178999139462, -0.000712848734111, 0.000718046154361, -0.00126271694899, 0.00115520635154, -0.00217438489199], [-0.000132721761474, -0.000181312381756, 0.000605823821388, -0.00131009262986, 0.00120580301154, 0.000920020567719, -0.00178999139462, 0.00795978680253, -0.00143105385359, -0.000955719267949, 0.00111096177716, -0.00417456403375, 0.00031861916068], [7.2551498306e-05, 0.00042152221431, 1.6740503952e-06, 0.000330635317368, 4.32292154073e-06, 4.73054897157e-05, -0.000712848734111, -0.00143105385359, 0.00706058554351, -0.0022307462059, 0.000137949406053, 0.00101966934744, -0.000720782787539], [-0.00023016470368, -8.95808625501e-05, 6.37532912151e-06, -0.000613739248365, -0.000594086537603, -0.00135178572964, 0.000718046154361, -0.000955719267949, -0.0022307462059, 0.00940862018615, -0.00557639636099, 5.44334652659e-05, 0.0013982814271], [-8.77241802755e-07, -0.000308896560455, -0.000393565453123, 0.00045994084212, 0.00045564622269, 0.00190352182835, -0.00126271694899, 0.00111096177716, 0.000137949406053, -0.00557639636099, 0.0114105045795, -0.00400665821508, 0.0022104117088], [0.000196229244466, -0.000615594850387, 0.000573927303776, 0.00163798441645, -0.00033982025343, -0.00118077069055, 0.00115520635154, -0.00417456403375, 0.00101966934744, 5.44334652659e-05, -0.00400665821508, 0.0158295612782, -0.00459182821214], [-0.000191556711798, -5.06135475007e-05, -0.000332921044901, -0.000295394478599, -0.000465764111141, 0.00108587590512, -0.00217438489199, 0.00031861916068, -0.000720782787539, 0.0013982814271, 0.0022104117088, -0.00459182821214, 0.0119829885662]]
    spectral_contrast:
        mean: [-5.82562798002e-09, 3.21844339624e-07, 2.39084130271e-07, 1.08422369749e-07, -9.16110280968e-08, 1.72607997229e-07, 1.85749365755e-06, 4.60449342654e-07, -7.03189584783e-07, -3.25350083585e-06, 3.68414788454e-07, -1.12294594601e-06]
        var: [0.000764044234529, 0.00165360502433, 0.00260069780052, 0.00427923211828, 0.00464351288974, 0.0165465548635, 0.108854226768, 0.1777523458, 0.298382163048, 0.660634756088, 0.903791964054, 4.04723262787]

rhythm:
    beats_loudness:
        dmean: 0.00776691967621
        dmean2: 0.0149679221213
        dvar: 1.94161075342e-05
        dvar2: 5.46395312995e-05
        max: 0.0170032158494
        mean: 0.00771712744609
        min: 0.00040539551992
        var: 2.47074167419e-05
    beats_loudness_bass:
        dmean: 0.220762461424
        dmean2: 0.388935536146
        dvar: 0.0430259928107
        dvar2: 0.0508678220212
        max: 0.6060577631
        mean: 0.170180439949
        min: 0.000213899518712
        var: 0.0472253449261
    bpm: 145.274627686
    bpm_confidence: 0
    first_peak_bpm: 145
    first_peak_spread: 0
    first_peak_weight: 0.5
    onset_rate: 6.19696474075
    second_peak_bpm: 72
    second_peak_spread: 0
    second_peak_weight: 0.4375
    beats_position: [0.0216943826526, 0.851234912872, 1.68077552319, 2.51031589508, 3.33985638618, 4.16939687729, 4.99893712997, 5.8284778595, 6.26123523712, 6.67424583435, 7.08725738525, 7.50026893616, 7.91328001022, 8.32629108429, 8.73930263519, 9.1523141861, 9.56532478333]
    bpm_estimates: [145.375579834, 145.219406128, 145.261123657, 145.348632812, 145.045150757, 145.185424805, 145.487060547]
    bpm_intervals: [0.829540550709, 0.829540610313, 0.829540371895, 0.829540491104, 0.829540491104, 0.829540252686, 0.829540729523, 0.432757377625, 0.413010597229, 0.413011550903, 0.413011550903, 0.413011074066, 0.413011074066, 0.413011550903, 0.413011550903, 0.413010597229]
    onset_times: [0.0232199542224, 0.243809521198, 0.371519267559, 0.441179126501, 0.557278931141, 0.638548731804, 0.847528338432, 1.2190476656, 1.26548755169, 1.49768710136, 1.62539684772, 1.71827661991, 1.89242625237, 2.11301589012, 2.29877543449, 2.49614500999, 2.92571425438, 3.14630389214, 3.27401351929, 3.34367346764, 3.50621318817, 3.61070299149, 3.69197273254, 3.76163268089, 3.9125623703, 4.00544214249, 4.1099319458, 4.17959165573, 4.5046710968, 4.59755086899, 4.80653047562, 4.95746040344, 5.05034017563, 5.21287965775, 5.36380958557, 5.61922883987, 5.8282084465, 6.06040811539, 6.09523820877, 6.21133804321, 6.24616765976, 6.46675729752, 6.67573690414, 6.8963265419, 7.05886602402, 7.30267572403, 7.50004529953, 7.72063493729, 7.85995483398, 7.92961454391, 8.17342376709, 8.33596324921, 8.53333377838, 8.77714252472, 8.95129299164, 9.14866256714, 9.4853515625, 9.58984088898, 9.7639913559, 9.86848068237, 9.97297096252, 10.0078001022]
    rubato_start: [6.26123523712]
    rubato_stop: [6.67424583435]
    perceptual_tempo: "unknown"

sfx:
    inharmonicity:
        dmean: 0.0497000366449
        dmean2: 0.0894516035914
        dvar: 0.00394114293158
        dvar2: 0.0112633109093
        max: 0.41385820508
        mean: 0.0454701930285
        min: 2.49892891588e-05
        var: 0.00332383578643
    oddtoevenharmonicenergyratio:
        dmean: 98.5223007202
        dmean2: 196.863510132
        dvar: 1237255.5
        dvar2: 3711043.25
        max: 16156.6611328
        mean: 49.8710479736
        min: 0.000300661573419
        var: 619785.5625
    pitch_after_max_to_before_max_energy_ratio: 9.71770477295
    pitch_centroid: 220.857437134
    pitch_max_to_total: 0.102088168263
    pitch_min_to_total: 0.846867740154
    tristimulus:
        dmean: [0.251334398985, 0.302778542042, 0.131132379174]
        dmean2: [0.424508929253, 0.528618812561, 0.239065155387]
        dvar: [0.0434416420758, 0.0616784282029, 0.0204948298633]
        dvar2: [0.130845740438, 0.175136357546, 0.0512261725962]
        max: [0.981190800667, 0.993196308613, 0.756678700447]
        mean: [0.340344905853, 0.446690350771, 0.115603536367]
        min: [0.00429836614057, 0, 0]
        var: [0.0635705217719, 0.0878133103251, 0.0225113648921]

tonal:
    chords_changes_rate: 0.119815669954
    chords_number_rate: 0.0230414755642
    chords_strength:
        dmean: 0.0193016510457
        dmean2: 0.0276455208659
        dvar: 0.000262365705566
        dvar2: 0.000478213012684
        max: 0.632641673088
        mean: 0.514699101448
        min: 0.338252186775
        var: 0.00198491034098
    key_strength: 0.796128809452
    tuning_diatonic_strength: 0.668042421341
    tuning_equal_tempered_deviation: 0.239536911249
    tuning_frequency: 439.491973877
    tuning_nontempered_energy_ratio: 0.91308259964
    hpcp:
        dmean: [0.225301042199, 0.253399580717, 0.241255685687, 0.230417788029, 0.209180474281, 0.200343549252, 0.16919079423, 0.169967591763, 0.209296926856, 0.214226320386, 0.185274705291, 0.193699046969, 0.203219532967, 0.205964952707, 0.187838762999, 0.196891650558, 0.250099897385, 0.272047400475, 0.254126489162, 0.231171950698, 0.227243930101, 0.197270289063, 0.158477216959, 0.154540404677, 0.155612379313, 0.143488362432, 0.16073538363, 0.143681228161, 0.173512771726, 0.192097127438, 0.212380811572, 0.210076630116, 0.203662291169, 0.174138769507, 0.167534887791, 0.18445289135]
        dmean2: [0.395915448666, 0.451386213303, 0.415681928396, 0.385096907616, 0.366013169289, 0.355373829603, 0.304035097361, 0.300220102072, 0.384466052055, 0.38900667429, 0.334959626198, 0.342175364494, 0.364389121532, 0.366809397936, 0.337531685829, 0.343437343836, 0.431830555201, 0.475014358759, 0.438038825989, 0.398745775223, 0.413741856813, 0.346665531397, 0.262650132179, 0.267318606377, 0.271978676319, 0.248746648431, 0.27469342947, 0.251714318991, 0.309758424759, 0.345928966999, 0.381022781134, 0.360737800598, 0.352033883333, 0.299777925014, 0.290606975555, 0.314644575119]
        dvar: [0.055606905371, 0.0696267783642, 0.0654968097806, 0.0528473444283, 0.0636303052306, 0.0543496049941, 0.0476198866963, 0.0485003441572, 0.071338891983, 0.0739295557141, 0.0560815744102, 0.0505457408726, 0.0609896220267, 0.0588036552072, 0.0521769858897, 0.0481918305159, 0.0667905285954, 0.0648227408528, 0.0643770545721, 0.0514529794455, 0.063558138907, 0.0609348081052, 0.0301714614034, 0.0394952446222, 0.0361540056765, 0.0262692086399, 0.0348686948419, 0.0297046061605, 0.0471644736826, 0.0495814085007, 0.0494716614485, 0.0479810088873, 0.0497280620039, 0.0405766181648, 0.040783200413, 0.044528670609]
        dvar2: [0.144741535187, 0.184129551053, 0.175064116716, 0.146857112646, 0.167499825358, 0.146554678679, 0.124961711466, 0.114626340568, 0.188150525093, 0.205467626452, 0.135090112686, 0.138694226742, 0.172584787011, 0.184885561466, 0.138723060489, 0.125840723515, 0.168877020478, 0.168017446995, 0.169587492943, 0.130409643054, 0.169269904494, 0.157927170396, 0.076288163662, 0.0998442620039, 0.0937785580754, 0.0659810602665, 0.0931762456894, 0.0815816298127, 0.128393501043, 0.123964466155, 0.114989034832, 0.133254274726, 0.134697571397, 0.100079342723, 0.0952451378107, 0.114445909858]
        max: [1, 1, 1, 1, 1, 1, 1, 1, 1, 1, 1, 1, 1, 1, 1, 1, 1, 1, 1, 1, 1, 1, 1, 1, 1, 1, 1, 1, 1, 1, 1, 1, 1, 1, 1, 1]
        mean: [0.215462446213, 0.2406424582, 0.2542937994, 0.246086642146, 0.210145294666, 0.180824026465, 0.166262581944, 0.164582565427, 0.165957063437, 0.163020983338, 0.166419222951, 0.180043771863, 0.185401320457, 0.186074480414, 0.177070736885, 0.183038696647, 0.255698025227, 0.337311714888, 0.336633503437, 0.272591978312, 0.228454172611, 0.192911073565, 0.150401189923, 0.145519956946, 0.155333757401, 0.179097861052, 0.192406192422, 0.169599965215, 0.163642063737, 0.186276823282, 0.212181851268, 0.226817429066, 0.22999304533, 0.207585200667, 0.185043051839, 0.188773348927]
        min: [0.000772605650127, 0.00141210237052, 0.00163780723233, 0.00143744249362, 0.00245392974466, 0.0023324850481, 0.000201868722797, 0.000318524282193, 0.000469263992272, 0.000455249508377, 0.000652720977087, 0.000780150003266, 0.00119667605031, 0.00123057269957, 0.000855399004649, 0.00147312018089, 0.00200496288016, 0.00153492798563, 0.000685738807078, 0.000473233492812, 0.00129809894133, 0.000725888065062, 0.000351345690433, 0.000467010977445, 0.000688266882207, 0.00176539085805, 0.000134121641167, 0.00102790154051, 0.00127301714383, 0.00167743151542, 0.00354271102697, 0.00423968303949, 0.00240884977393, 0.00249374331906, 0.000770735437982, 0.000975087459665]
        var: [0.0585173368454, 0.0727265328169, 0.0732282325625, 0.0618513859808, 0.0589673668146, 0.0498036779463, 0.0481011718512, 0.0534857921302, 0.0614109784365, 0.0620805136859, 0.0576634779572, 0.0519370473921, 0.0584217719734, 0.056047167629, 0.053015165031, 0.0517562441528, 0.0795823410153, 0.109278328717, 0.102657221258, 0.0799010843039, 0.0749541968107, 0.068968757987, 0.0356350578368, 0.038131929934, 0.0367925167084, 0.0385314337909, 0.0503710694611, 0.0358085520566, 0.0427071489394, 0.0503126010299, 0.0605266690254, 0.0630013123155, 0.0748024508357, 0.0584336221218, 0.0563968271017, 0.0511493012309]
    chords_histogram: [19.354839325, 0, 35.9447021484, 0.921658992767, 0, 0, 0, 1.38248848915, 0, 0, 0, 0, 0, 0, 0, 0, 0, 0, 0, 0, 0, 0, 18.8940086365, 23.5023040771]
    thpcp: [1, 0.997989356518, 0.808130800724, 0.677279114723, 0.571907401085, 0.445881903172, 0.431410908699, 0.460505068302, 0.530956566334, 0.57041066885, 0.502798914909, 0.485136032104, 0.55223941803, 0.62903791666, 0.672426760197, 0.681841254234, 0.61541056633, 0.548581779003, 0.559640645981, 0.638763606548, 0.713412702084, 0.75388365984, 0.72955262661, 0.623000264168, 0.536073982716, 0.4929048419, 0.48792424798, 0.49199911952, 0.48329475522, 0.493369221687, 0.533760786057, 0.549643874168, 0.551639556885, 0.52494686842, 0.542639613152, 0.758046686649]
    chords_key: "D"
    chords_scale: "minor"
    key_key: "G"
    key_scale: "minor"
    chords_progression: ["Gm", "Gm", "G", "G", "Gm", "Gm", "Gm", "G", "Gm", "Dm", "Dm", "Dm", "Dm", "Dm", "Dm", "Dm", "Dm", "Dm", "Dm", "Dm", "Dm", "Dm", "Dm", "Dm", "D#", "Gm", "D#", "D#", "D#", "D#", "Dm", "Dm", "Dm", "Gm", "Gm", "Gm", "Gm", "Gm", "Gm", "Gm", "Gm", "Gm", "Gm", "Gm", "Gm", "Gm", "Gm", "Gm", "Gm", "Gm", "Dm", "Gm", "Gm", "Gm", "Gm", "Gm", "Gm", "Gm", "Gm", "Gm", "Gm", "Gm", "Gm", "Gm", "Gm", "Gm", "Gm", "Gm", "Gm", "D#", "D#", "D#", "D#", "D#", "D#", "Cm", "Cm", "Cm", "Cm", "Cm", "Cm", "D#", "D#", "D#", "D#", "D#", "D#", "D#", "D#", "D#", "D#", "D#", "D#", "D#", "D#", "D#", "D#", "D#", "D#", "D#", "D#", "D#", "D#", "D#", "D#", "D#", "D#", "D#", "D#", "D#", "D#", "D#", "Cm", "D#", "D#", "D#", "Cm", "D#", "D#", "Cm", "D#", "D#", "Cm", "Cm", "Cm", "Cm", "Cm", "Cm", "Cm", "Cm", "Cm", "Cm", "Cm", "Cm", "Cm", "Cm", "Cm", "Cm", "Cm", "Cm", "Cm", "Cm", "Cm", "Cm", "Cm", "Cm", "Cm", "Cm", "Cm", "Cm", "Cm", "Cm", "Cm", "Cm", "Dm", "Dm", "Dm", "Dm", "Dm", "Dm", "F", "F", "Dm", "Dm", "Dm", "Dm", "Dm", "Dm", "Dm", "Dm", "Dm", "Dm", "Dm", "Dm", "Dm", "Dm", "Dm", "Dm", "Dm", "Dm", "Dm", "Dm", "Dm", "Dm", "Dm", "Dm", "Dm", "Dm", "Dm", "Dm", "Dm", "Dm", "Dm", "Dm", "Dm", "Dm", "Dm", "Dm", "Dm", "Dm", "Dm", "Dm", "Dm", "Dm", "Dm", "Dm", "Dm", "Dm", "Dm", "Dm", "Dm", "Dm", "Dm", "Dm", "Dm", "D#", "D#"]
