
metadata:
    version:
        essentia: "1.2.2"
    audio_properties:
        analysis_sample_rate: 44100
        bitrate: 128
        channels: 2
        equal_loudness: 1
        length: 10.0310201645
        replay_gain: -6.30801963806
        downmix: "mix"
    tags:
        track: 3
        year: 0
        album: "Splitted by Mp3Splt v. 2.1"
        artist: "From 000.20 To 000.30"
        comment: "http://mp3splt.sf.net"
        genre: ""
        title: "05 In the Cold, Cold Night.mp3"

highlevel:
    ballroom:
        all:
            ChaChaCha: 0.00368760456331
            Jive: 0.00535447848961
            Quickstep: 0.00208467943594
            Rumba-American: 0.0132807791233
            Rumba-International: 0.828824996948
            Rumba-Misc: 0.100145474076
            Samba: 0.00650730822235
            Tango: 0.0030309278518
            VienneseWaltz: 0.022220088169
            Waltz: 0.0148636586964
        probability: 0.828824996948
        value: "Rumba-International"
    culture:
        all:
            non_western: 0.541062653065
            western: 0.458937317133
        probability: 0.541062653065
        value: "non_western"
    gender:
        all:
            female: 0.687039315701
            male: 0.312960714102
        probability: 0.687039315701
        value: "female"
    genre_dortmund:
        all:
            alternative: 0.119862146676
            blues: 0.0551439896226
            electronic: 0.0717814415693
            folkcountry: 0.285023510456
            funksoulrnb: 0.00825736206025
            jazz: 0.105966195464
            pop: 0.060763116926
            raphiphop: 0.00300444406457
            rock: 0.290197789669
        probability: 0.290197789669
        value: "rock"
    genre_electronica:
        all:
            ambient: 0.531229376793
            dnb: 0.0981517210603
            house: 0.186529949307
            techno: 0.0768626630306
            trance: 0.107226297259
        probability: 0.531229376793
        value: "ambient"
    genre_rosamerica:
        all:
            cla: 0.0164842028171
            dan: 0.0339344143867
            hip: 0.0185631662607
            jaz: 0.0618884637952
            pop: 0.121899291873
            rhy: 0.447022080421
            roc: 0.294745266438
            spe: 0.00546308793128
        probability: 0.447022080421
        value: "rhy"
    genre_tzanetakis:
        all:
            blu: 0.0358740314841
            cla: 0.018948270008
            cou: 0.179417386651
            dis: 0.0180308707058
            hip: 0.0257400553674
            jaz: 0.0927928909659
            met: 0.021019808948
            pop: 0.187512144446
            reg: 0.229527652264
            roc: 0.19113689661
        probability: 0.229527652264
        value: "reg"
    live_studio:
        all:
            live: 0.137727305293
            studio: 0.862272679806
        probability: 0.862272679806
        value: "studio"
    mood:
        all:
            Cluster1: 0.136230394244
            Cluster2: 0.0351905710995
            Cluster3: 0.747218966484
            Cluster4: 0.0122325578704
            Cluster5: 0.0691275447607
        probability: 0.747218966484
        value: "Cluster3"
    mood_acoustic:
        all:
            acoustic: 0.59162735939
            not_acoustic: 0.408372610807
        probability: 0.59162735939
        value: "acoustic"
    mood_aggressive:
        all:
            aggressive: 0.0639728158712
            not_aggressive: 0.936027169228
        probability: 0.936027169228
        value: "not_aggressive"
    mood_electronic:
        all:
            electronic: 0.820772111416
            not_electronic: 0.179227918386
        probability: 0.820772111416
        value: "electronic"
    mood_happy:
        all:
            happy: 0.0232152566314
            not_happy: 0.97678476572
        probability: 0.97678476572
        value: "not_happy"
    mood_party:
        all:
            not_party: 0.988597750664
            party: 0.0114022446796
        probability: 0.988597750664
        value: "not_party"
    mood_relaxed:
        all:
            not_relaxed: 0.0326125323772
            relaxed: 0.96738743782
        probability: 0.96738743782
        value: "relaxed"
    mood_sad:
        all:
            not_sad: 0.12778185308
            sad: 0.872218132019
        probability: 0.872218132019
        value: "sad"
    rhythm:
        all:
            fast: 0.0119921164587
            medium: 0.049465328455
            slow: 0.938542544842
        probability: 0.938542544842
        value: "slow"
    speech_music:
        all:
            music: 0.999892890453
            speech: 0.000107118816231
        probability: 0.999892890453
        value: "music"
    timbre:
        all:
            bright: 0.0436152629554
            dark: 0.956384718418
        probability: 0.956384718418
        value: "dark"
    voice_instrumental:
        all:
            instrumental: 0.839521765709
            voice: 0.160478249192
        probability: 0.839521765709
        value: "instrumental"

lowlevel:
    average_loudness: 0.952161133289
    barkbands_kurtosis:
        dmean: 5.54862880707
        dmean2: 8.7150888443
        dvar: 107.04875946
        dvar2: 231.532577515
        max: 114.361526489
        mean: 19.6545238495
        min: -1.91444468498
        var: 681.799560547
    barkbands_skewness:
        dmean: 0.550846517086
        dmean2: 0.811032414436
        dvar: 0.623020768166
        dvar2: 1.21800482273
        max: 8.24914073944
        mean: 2.98819088936
        min: -0.50049251318
        var: 4.77597761154
    barkbands_spread:
        dmean: 3.79743981361
        dmean2: 5.37326908112
        dvar: 36.1157341003
        dvar2: 70.7039718628
        max: 65.2442703247
        mean: 15.3372154236
        min: 1.02403628826
        var: 205.859436035
    dissonance:
        dmean: 0.0261669512838
        dmean2: 0.0421493090689
        dvar: 0.000806965806987
        dvar2: 0.00206926534884
        max: 0.499656528234
        mean: 0.431981444359
        min: 0.225918680429
        var: 0.00299937813543
    hfc:
        dmean: 0.786608934402
        dmean2: 1.11214053631
        dvar: 3.55104613304
        dvar2: 7.8571767807
        max: 25.189414978
        mean: 2.561439991
        min: 0.00870056729764
        var: 9.01102352142
    pitch:
        dmean: 246.488174438
        dmean2: 481.273834229
        dvar: 596217.6875
        dvar2: 1505192.75
        max: 5512.5
        mean: 642.959533691
        min: 56.1783447266
        var: 1298495
    pitch_instantaneous_confidence:
        dmean: 0.0604039728642
        dmean2: 0.0930250510573
        dvar: 0.00479275221005
        dvar2: 0.00923010706902
        max: 0.888052105904
        mean: 0.563724040985
        min: 0.208527386189
        var: 0.0259386692196
    pitch_salience:
        dmean: 0.0445757992566
        dmean2: 0.067104972899
        dvar: 0.0020948976744
        dvar2: 0.00524237379432
        max: 0.714121878147
        mean: 0.448937952518
        min: 0.277940660715
        var: 0.0058902525343
    silence_rate_20dB:
        dmean: 0
        dmean2: 0
        dvar: 0
        dvar2: 0
        max: 1
        mean: 1
        min: 1
        var: 0
    silence_rate_30dB:
        dmean: 0
        dmean2: 0
        dvar: 0
        dvar2: 0
        max: 1
        mean: 1
        min: 1
        var: 0
    silence_rate_60dB:
        dmean: 0.0833333358169
        dmean2: 0.167053371668
        dvar: 0.0763890072703
        dvar2: 0.1623493433
        max: 1
        mean: 0.26096996665
        min: 0
        var: 0.192864701152
    spectral_centroid:
        dmean: 96.7802734375
        dmean2: 139.673995972
        dvar: 27506.3300781
        dvar2: 53559.6640625
        max: 2279.70507812
        mean: 469.205444336
        min: 122.930648804
        var: 131793.40625
    spectral_complexity:
        dmean: 1.10208821297
        dmean2: 1.76046514511
        dvar: 1.83181190491
        dvar2: 3.25192093849
        max: 18
        mean: 5.49305534363
        min: 0
        var: 10.2545909882
    spectral_crest:
        dmean: 1.24110269547
        dmean2: 1.8237901926
        dvar: 1.76386713982
        dvar2: 3.70803618431
        max: 21.3345241547
        mean: 11.2256088257
        min: 4.39121294022
        var: 11.9114580154
    spectral_decrease:
        dmean: 1.91705637476e-10
        dmean2: 2.88428059214e-10
        dvar: 6.40152426492e-20
        dvar2: 1.48095405417e-19
        max: -5.54395982247e-12
        mean: -1.20779053425e-09
        min: -3.8028242777e-09
        var: 3.4660741747e-19
    spectral_energy:
        dmean: 0.000782326387707
        dmean2: 0.001174492063
        dvar: 1.16986745979e-06
        dvar2: 2.67883410743e-06
        max: 0.0164142679423
        mean: 0.00479080714285
        min: 2.1713296519e-05
        var: 5.86686337556e-06
    spectral_energyband_high:
        dmean: 2.43073791353e-05
        dmean2: 3.73122602468e-05
        dvar: 6.59846177697e-09
        dvar2: 1.50365604412e-08
        max: 0.00115881091915
        mean: 3.99035379814e-05
        min: 6.38696135979e-08
        var: 1.2843498709e-08
    spectral_energyband_low:
        dmean: 0.000262176938122
        dmean2: 0.000398254720494
        dvar: 9.407943935e-08
        dvar2: 2.27549662668e-07
        max: 0.004023804795
        mean: 0.00168036529794
        min: 2.83994472738e-06
        var: 7.45518775602e-07
    spectral_energyband_middle_high:
        dmean: 0.000250774814049
        dmean2: 0.000339410413289
        dvar: 2.96392471455e-07
        dvar2: 5.96892220983e-07
        max: 0.00688966503367
        mean: 0.000685941777192
        min: 1.1971242202e-06
        var: 1.00805732473e-06
    spectral_energyband_middle_low:
        dmean: 0.000477176276036
        dmean2: 0.000700071512256
        dvar: 4.38218677346e-07
        dvar2: 9.45738690916e-07
        max: 0.0103015601635
        mean: 0.00238447473384
        min: 1.76077573997e-05
        var: 3.46016463482e-06
    spectral_flatness_db:
        dmean: 0.0184326395392
        dmean2: 0.0271002408117
        dvar: 0.000381182908313
        dvar2: 0.00072396628093
        max: 0.410278081894
        mean: 0.27850741148
        min: 0.138224318624
        var: 0.00384375499561
    spectral_flux:
        dmean: 0.00724688963965
        dmean2: 0.011052322574
        dvar: 8.0413352407e-05
        dvar2: 0.000161476622452
        max: 0.0944662094116
        mean: 0.0204885881394
        min: 0.00254633883014
        var: 0.000186531513464
    spectral_kurtosis:
        dmean: 4.41607618332
        dmean2: 6.89461183548
        dvar: 20.0933170319
        dvar2: 52.5776481628
        max: 44.1824111938
        mean: 12.7812023163
        min: -0.0483648777008
        var: 64.5947799683
    spectral_rms:
        dmean: 0.000171594525455
        dmean2: 0.00025052257115
        dvar: 4.08643430205e-08
        dvar2: 8.24957382406e-08
        max: 0.00400173990056
        mean: 0.00209802296013
        min: 0.000145546218846
        var: 2.72253430467e-07
    spectral_rolloff:
        dmean: 272.986816406
        dmean2: 477.485748291
        dvar: 412005.71875
        dvar2: 927479.75
        max: 5038.76953125
        mean: 912.319458008
        min: 129.19921875
        var: 1117227
    spectral_skewness:
        dmean: 0.428085446358
        dmean2: 0.666694164276
        dvar: 0.196407452226
        dvar2: 0.45456007123
        max: 5.30398893356
        mean: 2.57784366608
        min: 0.427480131388
        var: 0.931501269341
    spectral_spread:
        dmean: 391316.875
        dmean2: 570743.375
        dvar: 572712943616
        dvar2: 989110337536
        max: 12112291
        mean: 3108534.5
        min: 1600433.5
        var: 1.32832781926e+12
    spectral_strongpeak:
        dmean: 0.138864099979
        dmean2: 0.240230575204
        dvar: 0.126738414168
        dvar2: 0.284997463226
        max: 4.7551407814
        mean: 0.353026628494
        min: 0.0089911185205
        var: 0.223881036043
    zerocrossingrate:
        dmean: 0.00579593237489
        dmean2: 0.00638172216713
        dvar: 4.72172869195e-05
        dvar2: 4.98948211316e-05
        max: 0.12060546875
        mean: 0.0320174619555
        min: 0.0048828125
        var: 0.000521267706063
    barkbands:
        dmean: [6.54428845337e-07, 9.10346934688e-05, 0.000238630236709, 0.000193026207853, 0.000242700858507, 8.00487177912e-05, 2.56178409472e-05, 6.89800581313e-05, 7.77817986091e-05, 5.4402200476e-05, 1.07398227556e-05, 2.06238401006e-05, 1.11194722194e-05, 1.84633045137e-05, 3.03418346448e-05, 2.9708198781e-05, 4.95835847687e-05, 7.06270948285e-05, 6.27676490694e-05, 2.34206399909e-05, 1.2456604054e-05, 3.67775919585e-06, 3.51745427452e-07, 1.67338484403e-07, 1.31807169623e-07, 9.3892857933e-09, 1.90725962801e-10]
        dmean2: [7.62821059652e-07, 0.000122844081488, 0.000359037803719, 0.000314184697345, 0.000364180625184, 0.000113320471428, 3.97252260882e-05, 9.02388346731e-05, 0.000103078178654, 6.92975954735e-05, 1.47298660522e-05, 2.40455010498e-05, 1.70167295437e-05, 2.75316488114e-05, 4.27716040576e-05, 4.35196998296e-05, 7.18784649507e-05, 0.000107948966615, 9.36970463954e-05, 3.55843621946e-05, 1.9920486011e-05, 5.21686843058e-06, 5.43225326055e-07, 2.43545343892e-07, 1.9949111163e-07, 1.38334401711e-08, 2.91366653027e-10]
        dvar: [4.1352685165e-12, 7.77331177204e-09, 7.09582934633e-08, 9.29194925448e-08, 2.04293726824e-07, 1.9629069925e-08, 4.62988669625e-09, 3.29133484911e-08, 5.42521512159e-08, 3.8511579703e-08, 1.33810384995e-09, 3.11153058874e-09, 8.0160517113e-10, 3.2642901715e-09, 9.73745795108e-09, 5.45762723902e-09, 2.21274465417e-08, 4.07622096077e-08, 8.41408365204e-08, 4.51547021996e-09, 3.1719278315e-09, 2.39040010008e-10, 3.27789943626e-12, 4.12542287657e-13, 5.86698278935e-13, 4.43723206914e-15, 1.55812599867e-18]
        dvar2: [4.18892134521e-12, 1.65316595968e-08, 1.75628599663e-07, 2.60615536263e-07, 3.8735038288e-07, 3.86932086371e-08, 9.6151797635e-09, 4.53657769128e-08, 9.85914709872e-08, 5.02469212904e-08, 1.92301707891e-09, 4.31016244917e-09, 1.55620027975e-09, 6.69308697354e-09, 2.10669472978e-08, 1.06449578041e-08, 3.51514906072e-08, 9.12313780077e-08, 2.15054669184e-07, 9.51626599743e-09, 8.29855828499e-09, 3.79529296879e-10, 7.56710319405e-12, 7.76056031503e-13, 1.23466395528e-12, 1.00807813567e-14, 1.59660747474e-18]
        max: [4.86319877382e-05, 0.000880513340235, 0.00333987781778, 0.00302833667956, 0.00628853077069, 0.00214476464316, 0.000902817642782, 0.00352161657065, 0.00351208169013, 0.00459508318454, 0.000484887685161, 0.00100589729846, 0.00037167352275, 0.000732957269065, 0.00150667969137, 0.000923009822145, 0.00264128576964, 0.00309958611615, 0.00433834968135, 0.00101560214534, 0.000826784642413, 0.000268204195891, 2.78549177892e-05, 1.38032255563e-05, 1.30419875859e-05, 1.12275711217e-06, 2.59037129524e-08]
        mean: [4.52958283859e-06, 0.000445556390332, 0.00123040529434, 0.000819990644231, 0.000841745641083, 0.000222380389459, 7.06822538632e-05, 0.000206205222639, 0.000159820716362, 0.00017580819258, 1.84545442607e-05, 5.06024771312e-05, 1.91338094737e-05, 3.89724118577e-05, 5.82834909437e-05, 4.69665465062e-05, 7.86965247244e-05, 0.000144151083077, 9.37387158046e-05, 4.09020431107e-05, 1.69341892615e-05, 5.66091375731e-06, 6.86012242568e-07, 3.10598551323e-07, 1.84990696539e-07, 9.66266000546e-09, 1.71903102864e-10]
        min: [6.74301769976e-09, 5.68129735257e-07, 2.26974475481e-06, 2.05579794965e-06, 6.22540210315e-06, 2.32122260968e-06, 9.05408796825e-08, 1.28589448423e-07, 1.44514345379e-07, 4.45935128823e-08, 4.61383145023e-08, 1.60526827386e-08, 2.51113867478e-08, 5.14665821072e-09, 2.55499656987e-08, 3.9305939481e-07, 1.90946011003e-07, 9.38107760362e-08, 7.2442347232e-08, 5.38563105223e-09, 6.10158181757e-08, 4.46739534254e-10, 9.66094218513e-11, 1.31849794971e-10, 4.8567930927e-11, 7.51833231089e-12, 2.05281917767e-13]
        var: [9.03602106334e-12, 2.62112358485e-08, 6.48633715628e-07, 2.59776442135e-07, 1.5448904378e-06, 1.09009320681e-07, 2.86947638983e-08, 2.62190809508e-07, 2.25162025913e-07, 3.67709247939e-07, 3.48036821585e-09, 1.92270892541e-08, 2.36238517637e-09, 1.10620019811e-08, 2.97509785696e-08, 1.13515223887e-08, 4.60061393426e-08, 9.72519558218e-08, 9.35774622235e-08, 1.00557260296e-08, 3.9921954631e-09, 5.10300912637e-10, 5.99718842295e-12, 1.18689595912e-12, 7.29514755896e-13, 4.4752748599e-15, 1.56285809216e-18]
    mfcc:
        mean: [-830.081665039, 174.887329102, -25.0316448212, 90.6150588989, 18.9582061768, 0.245947524905, 10.0480604172, 3.16951417923, 2.93053793907, -5.78551101685, -5.07857990265, -4.56794166565, -6.12684583664]
        cov: [[5061.921875, -966.832275391, -732.039733887, -1463.59521484, -551.131835938, -331.709320068, -107.413040161, 226.519195557, -93.9684753418, 479.650115967, 61.0105857849, -92.419593811, -12.9352884293], [-966.832275391, 1157.84936523, -158.46244812, -282.58682251, 166.687942505, 21.0676136017, 81.1190261841, -170.384460449, -83.5184020996, -33.9425201416, -34.0961227417, -7.91219329834, 10.7993755341], [-732.039733887, -158.46244812, 457.587524414, 167.646621704, 64.9450378418, 38.7499961853, -1.07178163528, 36.5113983154, 72.8277053833, -59.8747558594, -21.8796081543, 61.1388397217, 4.46879911423], [-1463.59521484, -282.58682251, 167.646621704, 1382.23425293, 150.281280518, 15.248758316, -72.3098526001, -67.7023162842, -28.1138973236, -322.415863037, 18.2320747375, 62.2492485046, 20.9647502899], [-551.131835938, 166.687942505, 64.9450378418, 150.281280518, 324.489959717, -65.574546814, -71.5920410156, -86.4837036133, 27.6785984039, -25.4041023254, -62.8424453735, 14.9087295532, 0.986923873425], [-331.709320068, 21.0676136017, 38.7499961853, 15.248758316, -65.574546814, 259.49597168, 71.1289367676, -45.5046310425, 2.10807824135, -25.9248065948, 48.7929458618, -33.8859939575, -20.5801525116], [-107.413040161, 81.1190261841, -1.07178163528, -72.3098526001, -71.5920410156, 71.1289367676, 178.930755615, 1.52432787418, -53.9140090942, -21.1643199921, 16.8878517151, -32.5448875427, 4.03990459442], [226.519195557, -170.384460449, 36.5113983154, -67.7023162842, -86.4837036133, -45.5046310425, 1.52432787418, 147.804763794, 28.0108776093, 6.51943063736, 2.67955493927, 14.8683042526, 8.34632778168], [-93.9684753418, -83.5184020996, 72.8277053833, -28.1138973236, 27.6785984039, 2.10807824135, -53.9140090942, 28.0108776093, 140.977081299, 34.4587287903, -33.3615112305, -2.34129047394, 2.48376369476], [479.650115967, -33.9425201416, -59.8747558594, -322.415863037, -25.4041023254, -25.9248065948, -21.1643199921, 6.51943063736, 34.4587287903, 221.133987427, -4.62402009964, -36.1929397583, -2.78658819199], [61.0105857849, -34.0961227417, -21.8796081543, 18.2320747375, -62.8424453735, 48.7929458618, 16.8878517151, 2.67955493927, -33.3615112305, -4.62402009964, 91.4482116699, 13.0922393799, -15.2840890884], [-92.419593811, -7.91219329834, 61.1388397217, 62.2492485046, 14.9087295532, -33.8859939575, -32.5448875427, 14.8683042526, -2.34129047394, -36.1929397583, 13.0922393799, 108.287727356, 21.4686889648], [-12.9352884293, 10.7993755341, 4.46879911423, 20.9647502899, 0.986923873425, -20.5801525116, 4.03990459442, 8.34632778168, 2.48376369476, -2.78658819199, -15.2840890884, 21.4686889648, 60.0211410522]]
        icov: [[0.00232841027901, 0.00315443635918, 0.00285023520701, 0.0029975110665, 0.00160225247964, 0.00246716756374, 0.00169556634501, 0.00200400967151, 0.00220576208085, 0.000829671742395, -0.000253029371379, 0.000245513569098, -0.00110317743383], [0.00315443635918, 0.00577288493514, 0.0043142400682, 0.0046877162531, 0.00135503627826, 0.0033011098858, 0.00165270816069, 0.0041114455089, 0.0032170782797, 0.00208642473444, -0.000145495592733, -6.8901827035e-05, -0.00193947495427], [0.00285023520701, 0.0043142400682, 0.00682641193271, 0.00348526169546, 0.00087752827676, 0.00199535838328, 0.000842221546918, 0.0015678423224, 0.00127334543504, 0.00124447897542, 0.000718382303603, -0.00210226443596, -0.000552599318326], [0.0029975110665, 0.0046877162531, 0.00348526169546, 0.00542775914073, 0.00148499372881, 0.00330705055967, 0.00274912873283, 0.0036550865043, 0.0030031260103, 0.00339612760581, -0.00111839279998, 0.000792883161921, -0.00247158319689], [0.00160225247964, 0.00135503627826, 0.00087752827676, 0.00148499372881, 0.00699954805896, 0.00322328414768, 0.00254522799514, 0.0043938504532, 0.00081036251504, 0.00038028327981, 0.00216623046435, 0.000166797559359, 0.000201355302124], [0.00246716756374, 0.0033011098858, 0.00199535838328, 0.00330705055967, 0.00322328414768, 0.0092195905745, -6.38402052573e-05, 0.00556561676785, -3.19324317388e-05, 0.00208704709075, -0.0038032499142, 0.00227480963804, -0.000711269385647], [0.00169556634501, 0.00165270816069, 0.000842221546918, 0.00274912873283, 0.00254522799514, -6.38402052573e-05, 0.0105771785602, 0.000445735291578, 0.00533732306212, 0.00181702617556, -6.86522980686e-05, 0.00363389123231, -0.00324633019045], [0.00200400967151, 0.0041114455089, 0.0015678423224, 0.0036550865043, 0.0043938504532, 0.00556561676785, 0.000445735291578, 0.0141764683649, -0.000820318993647, 0.0028678025119, -0.0010458433535, -0.000209306876059, -0.00189087772742], [0.00220576208085, 0.0032170782797, 0.00127334543504, 0.0030031260103, 0.00081036251504, -3.19324317388e-05, 0.00533732306212, -0.000820318993647, 0.0135279456154, -0.000802780268714, 0.00349315814674, 0.00119691307191, -0.00165236112662], [0.000829671742395, 0.00208642473444, 0.00124447897542, 0.00339612760581, 0.00038028327981, 0.00208704709075, 0.00181702617556, 0.0028678025119, -0.000802780268714, 0.00920835416764, -0.00203148764558, 0.00272427150048, -0.00231822137721], [-0.000253029371379, -0.000145495592733, 0.000718382303603, -0.00111839279998, 0.00216623046435, -0.0038032499142, -6.86522980686e-05, -0.0010458433535, 0.00349315814674, -0.00203148764558, 0.0177928674966, -0.00515088625252, 0.00525356829166], [0.000245513569098, -6.8901827035e-05, -0.00210226443596, 0.000792883161921, 0.000166797559359, 0.00227480963804, 0.00363389123231, -0.000209306876059, 0.00119691307191, 0.00272427150048, -0.00515088625252, 0.0147279668599, -0.00599603075534], [-0.00110317743383, -0.00193947495427, -0.000552599318326, -0.00247158319689, 0.000201355302124, -0.000711269385647, -0.00324633019045, -0.00189087772742, -0.00165236112662, -0.00231822137721, 0.00525356829166, -0.00599603075534, 0.0213539395481]]
    spectral_contrast:
        mean: [-5.11201221798e-07, -2.13325151321e-07, -3.55428909415e-07, 5.32155979727e-07, -2.78812535726e-07, -2.61253234157e-07, 3.14946561275e-07, 3.00687838717e-06, 1.93025221051e-06, 4.56168709206e-06, -1.62671014436e-07, 5.51066989374e-07]
        var: [0.000960517209023, 0.00133956689388, 0.00159813230857, 0.00213649659418, 0.00375809357502, 0.016846081242, 0.0666195824742, 0.0753800049424, 0.142251238227, 0.198539286852, 0.267682373524, 1.4087831974]

rhythm:
    beats_loudness:
        dmean: 0.0024112185929
        dmean2: 0.00443877233192
        dvar: 6.8742356234e-06
        dvar2: 1.9919616534e-05
        max: 0.0152550851926
        mean: 0.00502680521458
        min: 0.00149151938967
        var: 9.37467484619e-06
    beats_loudness_bass:
        dmean: 0.233933448792
        dmean2: 0.388615399599
        dvar: 0.0343075208366
        dvar2: 0.0882739052176
        max: 0.954891860485
        mean: 0.553895533085
        min: 0.0681878998876
        var: 0.0698060467839
    bpm: 112.494049072
    bpm_confidence: 0
    first_peak_bpm: 197
    first_peak_spread: 0
    first_peak_weight: 0.521739125252
    onset_rate: 3.38948559761
    second_peak_bpm: 112
    second_peak_spread: 0.0909090638161
    second_peak_weight: 0.434782594442
    beats_position: [0.102430343628, 0.635843575001, 1.16925680637, 1.70266997814, 2.23608326912, 2.76949644089, 3.30290961266, 3.83632302284, 4.36973619461, 4.9031496048, 5.43656301498, 5.98970031738, 6.29362535477, 6.59755039215, 6.90147542953, 7.20539951324, 7.50932455063, 7.81324958801, 8.11717414856, 8.42109870911, 8.72502422333, 9.0289478302, 9.33287334442, 9.63679790497]
    bpm_estimates: [111.003799438, 112.182609558, 112.294548035, 114.737815857, 112.434745789, 112.310783386]
    bpm_intervals: [0.533413231373, 0.533413231373, 0.533413171768, 0.533413290977, 0.533413171768, 0.533413171768, 0.533413410187, 0.533413171768, 0.533413410187, 0.533413410187, 0.553137302399, 0.303925037384, 0.303925037384, 0.303925037384, 0.30392408371, 0.303925037384, 0.303925037384, 0.303924560547, 0.303924560547, 0.303925514221, 0.303923606873, 0.303925514221, 0.303924560547]
    onset_times: [0.0580498874187, 0.290249437094, 0.626938760281, 0.893968224525, 1.05650794506, 1.18421769142, 1.39319729805, 1.63700675964, 1.70666670799, 2.26394557953, 2.80961441994, 3.00698423386, 3.5178232193, 3.55265307426, 3.63392281532, 4.1099319458, 4.5046710968, 4.53950119019, 5.02712011337, 5.47990942001, 5.78176879883, 5.87464857101, 6.17650794983, 6.35065746307, 6.42031764984, 6.66412687302, 7.17496585846, 7.39555549622, 8.26630401611, 8.51011371613, 9.03256225586, 9.38086128235, 9.62467098236, 9.92653083801]
    rubato_start: [6.29362535477]
    rubato_stop: [6.59755039215]
    perceptual_tempo: "unknown"

sfx:
    inharmonicity:
        dmean: 0.0193858351558
        dmean2: 0.0349500253797
        dvar: 0.00104884873144
        dvar2: 0.00289151538163
        max: 0.232803583145
        mean: 0.017945131287
        min: 0
        var: 0.00104222830851
    oddtoevenharmonicenergyratio:
        dmean: 103.781745911
        dmean2: 207.783172607
        dvar: 1928245.75
        dvar2: 5787311
        max: 20398.203125
        mean: 52.1167755127
        min: 0
        var: 964612.5
    pitch_after_max_to_before_max_energy_ratio: 7.20438575745
    pitch_centroid: 265.922454834
    pitch_max_to_total: 0.407407402992
    pitch_min_to_total: 0.270833343267
    tristimulus:
        dmean: [0.190641433001, 0.176837146282, 0.0473764166236]
        dmean2: [0.341340452433, 0.31555968523, 0.0849976763129]
        dvar: [0.0519895106554, 0.048031847924, 0.00733751477674]
        dvar2: [0.132751211524, 0.128118380904, 0.0209130775183]
        max: [1, 0.987888634205, 0.651281893253]
        mean: [0.606840968132, 0.303126871586, 0.0483472980559]
        min: [0.00695302570239, 0, 0]
        var: [0.0826234146953, 0.0688570812345, 0.00685030221939]

tonal:
    chords_changes_rate: 0.0506912432611
    chords_number_rate: 0.0322580635548
    chords_strength:
        dmean: 0.00844471063465
        dmean2: 0.00685633020476
        dvar: 3.59638688678e-05
        dvar2: 3.48761604982e-05
        max: 0.644278943539
        mean: 0.497289836407
        min: 0.323748797178
        var: 0.00482951989397
    key_strength: 0.643974781036
    tuning_diatonic_strength: 0.465687006712
    tuning_equal_tempered_deviation: 0.0667482018471
    tuning_frequency: 439.238189697
    tuning_nontempered_energy_ratio: 0.73415184021
    hpcp:
        dmean: [0.035371683538, 0.070331774652, 0.0331306867301, 0.0173703655601, 0.0111481165513, 0.00993690732867, 0.0130665162578, 0.0221050996333, 0.0449220947921, 0.0568756386638, 0.0515593625605, 0.0346140861511, 0.0255499165505, 0.0262238867581, 0.0542732216418, 0.0882458761334, 0.0743656530976, 0.0762553885579, 0.0398093983531, 0.0184128731489, 0.0276236291975, 0.0290747359395, 0.0278853680938, 0.0557159632444, 0.0480984151363, 0.047220595181, 0.0327752903104, 0.031369458884, 0.0368372239172, 0.0637104436755, 0.0673208683729, 0.066005192697, 0.0228231288493, 0.0147126317024, 0.040575042367, 0.069316521287]
        dmean2: [0.0573516525328, 0.125675544143, 0.0535972863436, 0.0297785140574, 0.0195627231151, 0.0173996984959, 0.0230542160571, 0.0396649912, 0.0729780197144, 0.0907825827599, 0.0821328088641, 0.0626709535718, 0.0488471984863, 0.0500233508646, 0.0903004929423, 0.150078415871, 0.11678250134, 0.126718178391, 0.0742767453194, 0.0340504720807, 0.049333859235, 0.0499625168741, 0.0455188192427, 0.0925877541304, 0.0776124075055, 0.080450206995, 0.0584787093103, 0.055463001132, 0.0640847459435, 0.108909882605, 0.111421696842, 0.107594706118, 0.03784956038, 0.0264512952417, 0.075374647975, 0.121237963438]
        dvar: [0.0130172194913, 0.0149542279541, 0.0037530506961, 0.00201827730052, 0.00125793286134, 0.00134605471976, 0.00119811983313, 0.00379666080698, 0.0102201160043, 0.0183533560485, 0.0145578207448, 0.0157774332911, 0.0128663023934, 0.0122991260141, 0.0180182028562, 0.0277020074427, 0.0175043679774, 0.0280020609498, 0.0162771362811, 0.00273644714616, 0.00745204323903, 0.00766033632681, 0.00320842582732, 0.0145257692784, 0.0133574716747, 0.0130141498521, 0.00931982509792, 0.0121437655762, 0.010409001261, 0.0156493429095, 0.0272368397564, 0.0155383711681, 0.00213942560367, 0.00164663919713, 0.0180570855737, 0.0211165510118]
        dvar2: [0.0231981594115, 0.0376388803124, 0.00831845961511, 0.00489335879683, 0.00300328270532, 0.00383762991987, 0.00331709138118, 0.011008258909, 0.0278686881065, 0.0386146977544, 0.0308141931891, 0.0439592301846, 0.0423930510879, 0.0352701731026, 0.053465731442, 0.0658677592874, 0.0348753035069, 0.0694656595588, 0.0471636205912, 0.00798001606017, 0.0207280777395, 0.0228636339307, 0.00810631550848, 0.0349930524826, 0.0255311913788, 0.0270254127681, 0.0232086926699, 0.0355263091624, 0.0277412664145, 0.0356718935072, 0.0472258962691, 0.0338993258774, 0.00490971282125, 0.00482593709603, 0.0490909032524, 0.0572082027793]
        max: [1, 1, 0.514495849609, 0.385899394751, 0.294313579798, 0.386584430933, 0.2385109514, 0.449015200138, 0.762191772461, 1, 1, 1, 1, 1, 1, 1, 1, 1, 1, 0.317329138517, 0.958056211472, 1, 0.434340178967, 1, 1, 1, 0.780778050423, 1, 0.926998734474, 1, 1, 0.915440022945, 0.488217502832, 0.253023892641, 1, 1]
        mean: [0.418600738049, 0.232013821602, 0.0391950570047, 0.0163364913315, 0.00947962235659, 0.0108281951398, 0.0152744092047, 0.0183809828013, 0.0853993818164, 0.173296838999, 0.119349569082, 0.0319253206253, 0.0194132421166, 0.0216597877443, 0.0896870493889, 0.320419311523, 0.328099161386, 0.104685872793, 0.0276219733059, 0.0134944953024, 0.0467243641615, 0.0930345952511, 0.06835308671, 0.0967673659325, 0.170113429427, 0.11211001128, 0.0412906333804, 0.0391638800502, 0.0378522574902, 0.141748934984, 0.27844569087, 0.173843309283, 0.0261469520628, 0.0127301998436, 0.0341984853148, 0.242805883288]
        min: [0.000193278392544, 0.000331280287355, 0.000110688131826, 5.29837379872e-05, 5.2447856433e-05, 0.000119790551253, 0.000148868188262, 9.7713782452e-05, 5.09341662109e-05, 4.9068898079e-05, 0.000102726422483, 0.000109440916276, 0.000111723966256, 7.40247996873e-05, 9.93682842818e-05, 0.000103514350485, 0.000138004572364, 9.91818087641e-05, 3.29116955982e-05, 3.76008902094e-05, 8.56834158185e-05, 0.000111978130008, 0.000100734461739, 0.000502425711602, 0, 0.000250462093391, 0.000170454426552, 6.12616786384e-05, 7.15676942491e-05, 6.65226907586e-05, 0.000693904410582, 0.00014958785323, 0, 0, 3.83929582313e-05, 9.40540994634e-05]
        var: [0.217270955443, 0.0625784173608, 0.00625314144418, 0.00200544018298, 0.00115431717131, 0.00082892132923, 0.000912507122848, 0.00231528701261, 0.0226324275136, 0.0992238521576, 0.0487736165524, 0.0143741657957, 0.00753106642514, 0.00882364902645, 0.0213338285685, 0.145560860634, 0.149625897408, 0.0357842743397, 0.00939609203488, 0.00179452262819, 0.00809145346284, 0.0194083042443, 0.007095660083, 0.0311194956303, 0.0991343855858, 0.0545445643365, 0.0101989209652, 0.00830759759992, 0.00773710571229, 0.0419182889163, 0.145823538303, 0.0574412420392, 0.00329968542792, 0.0012299194932, 0.0130024626851, 0.0817137211561]
    chords_histogram: [29.0322589874, 28.571428299, 1.38248848915, 0, 0, 5.0691242218, 0, 17.0506916046, 3.22580647469, 0, 0, 0, 0, 0, 0, 0, 0, 0, 0, 0, 0, 0, 15.6682024002, 0]
    thpcp: [1, 0.55426043272, 0.0936335101724, 0.039026428014, 0.0226459763944, 0.0258675962687, 0.0364892072976, 0.0439105369151, 0.204011544585, 0.41399076581, 0.285115510225, 0.0762667581439, 0.0463765114546, 0.0517433099449, 0.214254394174, 0.765453279018, 0.783799767494, 0.250085264444, 0.0659864395857, 0.032237149775, 0.111620359123, 0.22225138545, 0.16328945756, 0.23116864264, 0.406385868788, 0.267820864916, 0.0986396595836, 0.0935590341687, 0.0904256850481, 0.338625609875, 0.665182054043, 0.41529622674, 0.062462747097, 0.0304113179445, 0.0816971436143, 0.580041706562]
    chords_key: "D"
    chords_scale: "minor"
    key_key: "D"
    key_scale: "minor"
    chords_progression: ["F", "F", "F", "F", "F", "F", "F", "F", "F", "F", "F", "F", "F", "F", "F", "Dm", "Dm", "Dm", "Dm", "Dm", "Dm", "Dm", "Dm", "Dm", "Dm", "Dm", "Dm", "Dm", "Dm", "Dm", "Dm", "Dm", "Dm", "Dm", "G", "G", "G", "G", "G", "G", "G", "G", "G", "G", "G", "Dm", "Dm", "Dm", "Dm", "Dm", "Dm", "Dm", "Dm", "Dm", "Dm", "Dm", "Dm", "Dm", "Dm", "Dm", "Dm", "Dm", "Dm", "Dm", "Dm", "Dm", "Dm", "Dm", "Dm", "Dm", "Dm", "Dm", "Dm", "Dm", "Dm", "F", "F", "F", "F", "F", "F", "F", "F", "F", "F", "F", "F", "F", "F", "F", "F", "F", "F", "Am", "Am", "Am", "F#m", "F#m", "F#m", "F#m", "F#m", "F#m", "F#m", "D", "D", "D", "D", "D", "D", "D", "D", "D", "D", "D", "D", "D", "D", "D", "D", "D", "Gm", "Gm", "Gm", "Gm", "Gm", "Gm", "Gm", "Gm", "Gm", "Gm", "Gm", "Gm", "Gm", "Gm", "Gm", "Gm", "Gm", "Gm", "Gm", "Gm", "Gm", "Gm", "Gm", "Gm", "Gm", "Gm", "Gm", "Gm", "Gm", "Gm", "Gm", "Gm", "Gm", "Gm", "D", "D", "D", "D", "D", "D", "D", "D", "D", "D", "D", "D", "D", "D", "D", "D", "D", "D", "D", "D", "Dm", "Dm", "Dm", "Dm", "Dm", "Dm", "Dm", "Dm", "Dm", "Dm", "Dm", "Dm", "Dm", "Dm", "F", "F", "F", "F", "F", "F", "F", "F", "F", "F", "F", "F", "F", "F", "F", "F", "F", "F", "F", "F", "F", "F", "F", "F", "F", "F", "F", "F", "F"]
