
metadata:
    version:
        essentia: "1.2.2"
    audio_properties:
        analysis_sample_rate: 44100
        bitrate: 128
        channels: 2
        equal_loudness: 1
        length: 10.0571432114
        replay_gain: -11.8671665192
        downmix: "mix"
    tags:
        track: 27
        year: 0
        album: "Splitted by Mp3Splt v. 2.1"
        artist: "From 004.20 To 004.30"
        comment: "http://mp3splt.sf.net"
        genre: ""
        title: "12 Spottieottiedopaliscious.mp"

highlevel:
    ballroom:
        all:
            ChaChaCha: 0.0881341099739
            Jive: 0.305850058794
            Quickstep: 0.0628135874867
            Rumba-American: 0.0198167860508
            Rumba-International: 0.102589555085
            Rumba-Misc: 0.0367089137435
            Samba: 0.3392380476
            Tango: 0.0121478866786
            VienneseWaltz: 0.0155534399673
            Waltz: 0.0171476304531
        probability: 0.3392380476
        value: "Samba"
    culture:
        all:
            non_western: 0.117297641933
            western: 0.882702350616
        probability: 0.882702350616
        value: "western"
    gender:
        all:
            female: 0.557835578918
            male: 0.442164450884
        probability: 0.557835578918
        value: "female"
    genre_dortmund:
        all:
            alternative: 0.00191891787108
            blues: 0.000886410940439
            electronic: 0.0136684319004
            folkcountry: 0.000682926096488
            funksoulrnb: 0.0021799847018
            jazz: 0.0028197420761
            pop: 0.00499475840479
            raphiphop: 0.946003317833
            rock: 0.0268455091864
        probability: 0.946003317833
        value: "raphiphop"
    genre_electronica:
        all:
            ambient: 0.221893832088
            dnb: 0.456390172243
            house: 0.122351467609
            techno: 0.125298827887
            trance: 0.0740656852722
        probability: 0.456390172243
        value: "dnb"
    genre_rosamerica:
        all:
            cla: 0.00100903480779
            dan: 0.0652926340699
            hip: 0.879106342793
            jaz: 0.00123751873616
            pop: 0.0177119765431
            rhy: 0.028603406623
            roc: 0.00577083928511
            spe: 0.00126823666506
        probability: 0.879106342793
        value: "hip"
    genre_tzanetakis:
        all:
            blu: 0.000697377196047
            cla: 0.000794579449575
            cou: 0.00295579689555
            dis: 0.0144690740854
            hip: 0.162271171808
            jaz: 0.00096151267644
            met: 0.005722689908
            pop: 0.543729305267
            reg: 0.263902246952
            roc: 0.004496215377
        probability: 0.543729305267
        value: "pop"
    live_studio:
        all:
            live: 0.218531265855
            studio: 0.781468749046
        probability: 0.781468749046
        value: "studio"
    mood:
        all:
            Cluster1: 0.215263620019
            Cluster2: 0.239800900221
            Cluster3: 0.213258266449
            Cluster4: 0.0469861514866
            Cluster5: 0.28469106555
        probability: 0.28469106555
        value: "Cluster5"
    mood_acoustic:
        all:
            acoustic: 0.026437850669
            not_acoustic: 0.973562121391
        probability: 0.973562121391
        value: "not_acoustic"
    mood_aggressive:
        all:
            aggressive: 0.0811147242785
            not_aggressive: 0.918885290623
        probability: 0.918885290623
        value: "not_aggressive"
    mood_electronic:
        all:
            electronic: 0.920641183853
            not_electronic: 0.0793588086963
        probability: 0.920641183853
        value: "electronic"
    mood_happy:
        all:
            happy: 0.394516319036
            not_happy: 0.605483710766
        probability: 0.605483710766
        value: "not_happy"
    mood_party:
        all:
            not_party: 0.173763230443
            party: 0.826236784458
        probability: 0.826236784458
        value: "party"
    mood_relaxed:
        all:
            not_relaxed: 0.259623497725
            relaxed: 0.740376472473
        probability: 0.740376472473
        value: "relaxed"
    mood_sad:
        all:
            not_sad: 3.00000096379e-14
            sad: 1
        probability: 1
        value: "sad"
    rhythm:
        all:
            fast: 0.563946604729
            medium: 0.389692127705
            slow: 0.0463612489402
        probability: 0.563946604729
        value: "fast"
    speech_music:
        all:
            music: 3.00000096379e-14
            speech: 1
        probability: 1
        value: "speech"
    timbre:
        all:
            bright: 0.267103970051
            dark: 0.732896029949
        probability: 0.732896029949
        value: "dark"
    voice_instrumental:
        all:
            instrumental: 0.142319619656
            voice: 0.857680380344
        probability: 0.857680380344
        value: "voice"

lowlevel:
    average_loudness: 0.95067691803
    barkbands_kurtosis:
        dmean: 2.54911756516
        dmean2: 4.01663541794
        dvar: 62.8297729492
        dvar2: 159.602233887
        max: 134.441390991
        mean: 1.47648346424
        min: -1.90786218643
        var: 61.4715690613
    barkbands_skewness:
        dmean: 0.687755286694
        dmean2: 1.00254011154
        dvar: 0.522845983505
        dvar2: 1.06347072124
        max: 8.7798871994
        mean: 0.170425131917
        min: -3.23060965538
        var: 2.27289032936
    barkbands_spread:
        dmean: 8.66968154907
        dmean2: 13.4653272629
        dvar: 72.1883468628
        dvar2: 148.396621704
        max: 93.1401290894
        mean: 33.376449585
        min: 1.09397733212
        var: 324.733642578
    dissonance:
        dmean: 0.0195241365582
        dmean2: 0.0316854640841
        dvar: 0.000877853657585
        dvar2: 0.00183685787488
        max: 0.498744189739
        mean: 0.464277565479
        min: 0.0439378134906
        var: 0.00151297589764
    hfc:
        dmean: 3.15666222572
        dmean2: 5.04512834549
        dvar: 66.459487915
        dvar2: 174.27897644
        max: 78.0647659302
        mean: 5.01639461517
        min: 0.00100021006074
        var: 62.3395729065
    pitch:
        dmean: 738.267272949
        dmean2: 1367.72766113
        dvar: 1091173.875
        dvar2: 2414396.5
        max: 5512.5
        mean: 1482.80236816
        min: 80.6215744019
        var: 1953842.125
    pitch_instantaneous_confidence:
        dmean: 0.108417011797
        dmean2: 0.159314155579
        dvar: 0.00909156538546
        dvar2: 0.0199102330953
        max: 0.918550252914
        mean: 0.453156530857
        min: 0.133783578873
        var: 0.0273419003934
    pitch_salience:
        dmean: 0.0811546221375
        dmean2: 0.13174456358
        dvar: 0.00520264357328
        dvar2: 0.0134887974709
        max: 0.956861555576
        mean: 0.605864584446
        min: 0.24671202898
        var: 0.0148032763973
    silence_rate_20dB:
        dmean: 0
        dmean2: 0
        dvar: 0
        dvar2: 0
        max: 1
        mean: 1
        min: 1
        var: 0
    silence_rate_30dB:
        dmean: 0
        dmean2: 0
        dvar: 0
        dvar2: 0
        max: 1
        mean: 1
        min: 1
        var: 0
    silence_rate_60dB:
        dmean: 0.165898621082
        dmean2: 0.330254048109
        dvar: 0.138376504183
        dvar2: 0.271995335817
        max: 1
        mean: 0.717241406441
        min: 0
        var: 0.202806711197
    spectral_centroid:
        dmean: 364.047119141
        dmean2: 554.81262207
        dvar: 219506.09375
        dvar2: 387126.8125
        max: 5004.26123047
        mean: 1692.41003418
        min: 112.588050842
        var: 1193860.875
    spectral_complexity:
        dmean: 3.14549660683
        dmean2: 5.02777767181
        dvar: 30.0504989624
        dvar2: 56.6057357788
        max: 51
        mean: 7.44470024109
        min: 0
        var: 59.3390769958
    spectral_crest:
        dmean: 2.57642841339
        dmean2: 4.16441011429
        dvar: 4.95412397385
        dvar2: 12.9886283875
        max: 19.4283485413
        mean: 8.89179325104
        min: 2.59889626503
        var: 10.7143239975
    spectral_decrease:
        dmean: 4.03351296807e-10
        dmean2: 6.62689181308e-10
        dvar: 9.54419602327e-19
        dvar2: 2.54814807494e-18
        max: -1.39684772538e-13
        mean: -6.34639063524e-10
        min: -9.29878218869e-09
        var: 8.01090819045e-19
    spectral_energy:
        dmean: 0.00179511366878
        dmean2: 0.00293177715503
        dvar: 1.8952488972e-05
        dvar2: 5.05699499627e-05
        max: 0.042176514864
        mean: 0.00285027595237
        min: 6.17925081769e-07
        var: 1.60330746439e-05
    spectral_energyband_high:
        dmean: 0.000198194364202
        dmean2: 0.000321316183545
        dvar: 4.39863299562e-07
        dvar2: 1.13523924483e-06
        max: 0.00631841365248
        mean: 0.000206401819014
        min: 3.30301546114e-08
        var: 3.7971952338e-07
    spectral_energyband_low:
        dmean: 0.000407176237786
        dmean2: 0.000699057010934
        dvar: 1.17096556096e-06
        dvar2: 3.40205133398e-06
        max: 0.00894086901098
        mean: 0.000519896275364
        min: 1.759403645e-08
        var: 9.97792653834e-07
    spectral_energyband_middle_high:
        dmean: 0.000833091966342
        dmean2: 0.00134838314261
        dvar: 4.1199473344e-06
        dvar2: 1.07292253233e-05
        max: 0.0187095794827
        mean: 0.00139299512375
        min: 3.05672699596e-07
        var: 4.62227262688e-06
    spectral_energyband_middle_low:
        dmean: 0.000630578142591
        dmean2: 0.00103341124486
        dvar: 3.03978822558e-06
        dvar2: 8.12564303487e-06
        max: 0.0181608628482
        mean: 0.000730908766855
        min: 2.58591825286e-07
        var: 2.31979583987e-06
    spectral_flatness_db:
        dmean: 0.0249084308743
        dmean2: 0.0343110971153
        dvar: 0.000549823860638
        dvar2: 0.00105877488386
        max: 0.378391325474
        mean: 0.16683344543
        min: 0.0396167449653
        var: 0.00209794333205
    spectral_flux:
        dmean: 0.0119422646239
        dmean2: 0.0186758041382
        dvar: 0.00037777191028
        dvar2: 0.000819605484139
        max: 0.18625292182
        mean: 0.0332398451865
        min: 0.00214541028254
        var: 0.000607013818808
    spectral_kurtosis:
        dmean: 2.24598622322
        dmean2: 3.53586387634
        dvar: 8.59681034088
        dvar2: 21.4228401184
        max: 27.350856781
        mean: 5.11190080643
        min: -1.11967647076
        var: 19.1770210266
    spectral_rms:
        dmean: 0.000414719281252
        dmean2: 0.000620157748926
        dvar: 4.4993672077e-07
        dvar2: 1.07967707663e-06
        max: 0.00641465652734
        mean: 0.00144932058174
        min: 2.4553079129e-05
        var: 6.80227458361e-07
    spectral_rolloff:
        dmean: 583.534484863
        dmean2: 950.15222168
        dvar: 769424.6875
        dvar2: 1392482.5
        max: 9345.41015625
        mean: 3022.48779297
        min: 129.19921875
        var: 3447387.75
    spectral_skewness:
        dmean: 0.307689577341
        dmean2: 0.47627684474
        dvar: 0.129229411483
        dvar2: 0.300602644682
        max: 4.16800737381
        mean: 1.59724938869
        min: -0.214866444468
        var: 0.47978618741
    spectral_spread:
        dmean: 1246349.5
        dmean2: 1669032.5
        dvar: 2.58390884352e+12
        dvar2: 4.44681053798e+12
        max: 29913464
        mean: 5554786
        min: 1703551.625
        var: 8.56478082662e+12
    spectral_strongpeak:
        dmean: 0.492730379105
        dmean2: 0.818117797375
        dvar: 0.768495440483
        dvar2: 1.82427000999
        max: 6.96143245697
        mean: 0.589042842388
        min: 0.000332320923917
        var: 1.10358595848
    zerocrossingrate:
        dmean: 0.0127550791949
        dmean2: 0.0140595613047
        dvar: 0.000223980561714
        dvar2: 0.000197064306121
        max: 0.26220703125
        mean: 0.0951214656234
        min: 0.00390625
        var: 0.00278137135319
    barkbands:
        dmean: [1.73368698597e-06, 0.000186625577044, 0.000238981054281, 0.000109220389277, 0.000156122419867, 0.000106211911771, 0.0001391924161, 0.000122682075016, 8.2219747128e-05, 0.00011690784595, 4.48351092928e-05, 6.43296443741e-05, 4.9864032917e-05, 3.76705393137e-05, 7.32899279683e-05, 0.00015101286408, 0.000129840147565, 8.61989101395e-05, 0.000288120063487, 0.00012739628437, 8.64780449774e-05, 4.15985086875e-05, 1.60766176123e-05, 6.62367938276e-06, 4.62968500869e-06, 3.13206840019e-07, 1.22680292591e-08]
        dmean2: [2.53416214946e-06, 0.000313526077662, 0.000419611722464, 0.000189036800293, 0.000261067296378, 0.000176978646778, 0.000234736813582, 0.000207583405427, 0.000139100651722, 0.000206738492125, 7.60174079915e-05, 0.000107189072878, 7.97994289314e-05, 5.84091212659e-05, 0.000123053105199, 0.000242975729634, 0.000194304448087, 0.000140694988659, 0.000468819780508, 0.000215810796362, 0.000142067030538, 6.67813510518e-05, 2.46960189543e-05, 9.57321844908e-06, 7.24230085325e-06, 5.06228559516e-07, 1.85443465028e-08]
        dvar: [1.46693750896e-11, 2.05548161603e-07, 4.6416826649e-07, 1.65918251582e-07, 1.33024869342e-07, 1.58281608265e-07, 2.03699656254e-07, 1.89253157146e-07, 7.91423744317e-08, 2.6283163379e-07, 1.95914928725e-08, 3.74394950597e-08, 3.0969800946e-08, 1.24178569649e-08, 2.27401280029e-08, 1.43845994671e-07, 9.46193949858e-08, 7.02394515883e-08, 3.27289086499e-07, 1.78753893465e-07, 1.01890840654e-07, 1.18917311553e-08, 7.96977683848e-09, 2.39256475743e-10, 8.69322877572e-11, 6.18883254106e-13, 2.93763257264e-14]
        dvar2: [3.03217277675e-11, 5.99118493483e-07, 1.33905132316e-06, 4.34848033137e-07, 3.2443418263e-07, 4.28769340033e-07, 5.64736353681e-07, 4.9036867722e-07, 2.09392240436e-07, 7.15714975286e-07, 5.17586862259e-08, 8.94730689538e-08, 7.40146717249e-08, 3.28769509395e-08, 6.14627495565e-08, 3.53262123554e-07, 2.2563499158e-07, 1.8156717374e-07, 8.45878219025e-07, 4.58124134184e-07, 2.63659131861e-07, 2.71047753131e-08, 2.01028296232e-08, 4.36271990756e-10, 2.10861619832e-10, 1.56205549797e-12, 7.36619830887e-14]
        max: [5.0466722314e-05, 0.00343029294163, 0.00615739449859, 0.00368356565014, 0.00294680823572, 0.00328422826715, 0.00396391004324, 0.00481212558225, 0.00261418917216, 0.00481213489547, 0.00142573192716, 0.0020010585431, 0.00161594175734, 0.00133109092712, 0.00140981725417, 0.00405169092119, 0.00314162415452, 0.00309874652885, 0.0054023838602, 0.00446095177904, 0.00354339857586, 0.00105392152909, 0.00184204394463, 0.000269401585683, 0.000108313528472, 5.7111692513e-06, 2.5299027584e-06]
        mean: [2.22521407522e-06, 0.000261195847997, 0.000256548373727, 9.75053480943e-05, 0.000183234165888, 0.000103281854535, 0.000150408523041, 9.97172901407e-05, 8.03256843938e-05, 8.86689667823e-05, 3.73911170755e-05, 5.76214115426e-05, 4.78808615298e-05, 4.82214636577e-05, 0.000104995146103, 0.000204187381314, 0.000213505729334, 9.38895245781e-05, 0.000418799434556, 0.000138285715366, 7.56112494855e-05, 4.80063972645e-05, 2.00102022063e-05, 1.26446511786e-05, 5.84966937822e-06, 2.58399239783e-07, 6.35604724408e-09]
        min: [6.40421535247e-11, 8.01401789374e-09, 7.65664509572e-09, 8.42062153339e-09, 1.32805242359e-08, 4.78885642252e-09, 4.03590938447e-08, 8.77510046848e-08, 5.05886674773e-08, 1.83799697684e-09, 3.64309045153e-08, 2.98881772665e-08, 4.98867169796e-09, 2.05119672358e-08, 2.18171898325e-08, 2.4576245039e-08, 1.96201686009e-08, 2.90678769943e-08, 3.90304180087e-08, 1.40171083629e-08, 7.35407201802e-09, 2.76588951742e-09, 3.7547942533e-09, 1.63283353505e-09, 1.93175564434e-09, 4.91970908456e-11, 1.36517248786e-13]
        var: [2.2408321726e-11, 1.97981222527e-07, 3.5952058397e-07, 1.23864865031e-07, 1.22657610291e-07, 1.1384277343e-07, 1.83925109809e-07, 1.39795062637e-07, 5.81857655391e-08, 1.7332810387e-07, 1.47489629398e-08, 3.73340576232e-08, 3.22734159397e-08, 1.6918065171e-08, 3.50318636322e-08, 2.03491396178e-07, 1.79340432283e-07, 5.61529276411e-08, 4.466292296e-07, 1.53833866534e-07, 8.12141109918e-08, 1.76247993977e-08, 1.1125306898e-08, 1.28411625777e-09, 2.04032457596e-10, 5.08856520288e-13, 1.47089778508e-14]
    mfcc:
        mean: [-780.054931641, 105.079879761, -30.4560432434, 57.8851394653, 10.8042936325, -5.46753931046, -1.03601121902, 4.34712791443, 4.26818323135, 6.1960940361, -2.38473844528, -5.61788129807, 1.99031484127]
        cov: [[5721.63232422, -1451.40405273, -499.695831299, -281.528656006, -243.14982605, 31.3053722382, 41.732711792, -20.4114990234, 1.41716003418, 98.2302627563, 203.99168396, -171.061798096, -57.5756874084], [-1451.40405273, 2399.50683594, -712.162414551, 0.991668045521, 6.21430683136, -95.2932281494, 97.8962936401, 95.7527770996, -75.1813735962, -87.1677627563, -143.627731323, 32.3923454285, 39.8851089478], [-499.695831299, -712.162414551, 1226.63952637, 105.30922699, 41.6422424316, 168.948287964, -72.2347793579, -69.8683929443, 64.631439209, -85.6257324219, 96.6332092285, 127.608001709, 55.8397216797], [-281.528656006, 0.991668045521, 105.30922699, 433.341552734, 239.907867432, -30.1135730743, -63.7151603699, 15.9016590118, 54.1699066162, 101.283554077, -52.3944129944, 5.13727426529, 12.3585329056], [-243.14982605, 6.21430683136, 41.6422424316, 239.907867432, 385.517669678, 27.0671615601, -24.527469635, 57.8261299133, 65.7636184692, 131.708862305, 1.12403416634, -15.7970752716, -1.17571115494], [31.3053722382, -95.2932281494, 168.948287964, -30.1135730743, 27.0671615601, 275.970458984, 89.8647689819, 20.9165496826, 41.632686615, -49.7550849915, 18.0944404602, -3.36577796936, -10.3346195221], [41.732711792, 97.8962936401, -72.2347793579, -63.7151603699, -24.527469635, 89.8647689819, 227.283828735, 84.1270828247, 21.0814342499, -30.2151355743, -14.2344913483, -34.5380401611, -18.5907917023], [-20.4114990234, 95.7527770996, -69.8683929443, 15.9016590118, 57.8261299133, 20.9165496826, 84.1270828247, 181.330093384, 33.1617965698, 23.8200531006, -26.5219039917, -16.6040916443, -9.57302188873], [1.41716003418, -75.1813735962, 64.631439209, 54.1699066162, 65.7636184692, 41.632686615, 21.0814342499, 33.1617965698, 138.661590576, 39.8963661194, -14.3912696838, -22.7663249969, -17.9237880707], [98.2302627563, -87.1677627563, -85.6257324219, 101.283554077, 131.708862305, -49.7550849915, -30.2151355743, 23.8200531006, 39.8963661194, 234.172607422, 18.0539131165, -45.0002326965, -28.2601642609], [203.99168396, -143.627731323, 96.6332092285, -52.3944129944, 1.12403416634, 18.0944404602, -14.2344913483, -26.5219039917, -14.3912696838, 18.0539131165, 146.103988647, 18.7360916138, -9.71342945099], [-171.061798096, 32.3923454285, 127.608001709, 5.13727426529, -15.7970752716, -3.36577796936, -34.5380401611, -16.6040916443, -22.7663249969, -45.0002326965, 18.7360916138, 109.686935425, 37.2877082825], [-57.5756874084, 39.8851089478, 55.8397216797, 12.3585329056, -1.17571115494, -10.3346195221, -18.5907917023, -9.57302188873, -17.9237880707, -28.2601642609, -9.71342945099, 37.2877082825, 82.4089889526]]
        icov: [[0.000283784174826, 0.000226973803365, 0.000287476636004, -4.650446499e-05, 0.000216827436816, -0.000119961187011, 2.35126317421e-05, -8.21489084046e-05, -9.58338205237e-05, 1.32099976327e-05, -0.000437883747509, 0.000222769594984, -0.000284315145109], [0.000226973803365, 0.000770220183767, 0.000617787241936, -0.000106090199552, 1.58261445904e-05, -4.16308866988e-05, -0.000185522410902, -0.000160103387316, 2.78736824839e-05, 0.000315167824738, -6.16473698756e-05, -0.000387200532714, -0.000400273071136], [0.000287476636004, 0.000617787241936, 0.00179448653944, -0.000561838445719, 0.000276110135019, -0.000843217479996, 0.00026916663046, 9.02795945876e-05, -0.000808117038105, 0.000603488762863, -0.0011038032826, -0.00112582417205, -0.000849938311148], [-4.650446499e-05, -0.000106090199552, -0.000561838445719, 0.00433433940634, -0.00245121354237, 0.000628259847872, 0.000423033401603, 0.000385662482586, -0.00030715338653, -0.000765219156165, 0.00207025464624, -0.000487492827233, 6.89766311552e-05], [0.000216827436816, 1.58261445904e-05, 0.000276110135019, -0.00245121354237, 0.00529595138505, -0.00121641648002, 0.000678852084093, -0.00136708619539, -0.000774804211687, -0.00169723096769, -0.0014213580871, 0.000561188790016, -0.000930315349251], [-0.000119961187011, -4.16308866988e-05, -0.000843217479996, 0.000628259847872, -0.00121641648002, 0.00539633026347, -0.00212696986273, 0.000431178370491, -0.000936446653213, 0.00127477094065, -0.000111257693789, 0.000256200321019, 0.000747558078729], [2.35126317421e-05, -0.000185522410902, 0.00026916663046, 0.000423033401603, 0.000678852084093, -0.00212696986273, 0.00707555329427, -0.00296355690807, -0.000332863768563, 0.000640945509076, -0.000150710664457, 0.00171962648164, 0.000206821190659], [-8.21489084046e-05, -0.000160103387316, 9.02795945876e-05, 0.000385662482586, -0.00136708619539, 0.000431178370491, -0.00296355690807, 0.00771264266223, -0.000982859288342, -0.00052308262093, 0.00120626832359, -0.000883946602698, 0.000312030635541], [-9.58338205237e-05, 2.78736824839e-05, -0.000808117038105, -0.00030715338653, -0.000774804211687, -0.000936446653213, -0.000332863768563, -0.000982859288342, 0.00953582208604, -0.00116003258154, 0.00153885735199, 0.00111732643563, 0.00154747720808], [1.32099976327e-05, 0.000315167824738, 0.000603488762863, -0.000765219156165, -0.00169723096769, 0.00127477094065, 0.000640945509076, -0.00052308262093, -0.00116003258154, 0.00708833523095, -0.00172140984796, 0.00182282901369, 0.000932797091082], [-0.000437883747509, -6.16473698756e-05, -0.0011038032826, 0.00207025464624, -0.0014213580871, -0.000111257693789, -0.000150710664457, 0.00120626832359, 0.00153885735199, -0.00172140984796, 0.00991525407881, -0.00238797836937, 0.00222683465108], [0.000222769594984, -0.000387200532714, -0.00112582417205, -0.000487492827233, 0.000561188790016, 0.000256200321019, 0.00171962648164, -0.000883946602698, 0.00111732643563, 0.00182282901369, -0.00238797836937, 0.014281027019, -0.00437072804198], [-0.000284315145109, -0.000400273071136, -0.000849938311148, 6.89766311552e-05, -0.000930315349251, 0.000747558078729, 0.000206821190659, 0.000312030635541, 0.00154747720808, 0.000932797091082, 0.00222683465108, -0.00437072804198, 0.0157551914454]]
    spectral_contrast:
        mean: [-2.31397180528e-07, -1.66522198697e-07, 2.2471912331e-08, 1.6980114026e-07, 2.33474417577e-09, -9.04369983346e-08, 3.64906782124e-07, -4.86725468818e-07, 1.61392620157e-06, 3.73559068123e-08, 2.7374187539e-06, 4.13002499045e-06]
        var: [0.000756441731937, 0.00140585063491, 0.00207138131373, 0.00375082413666, 0.00453638518229, 0.00593783985823, 0.0868296548724, 0.213103652, 0.252318590879, 0.50489795208, 1.15401601791, 2.87383842468]

rhythm:
    beats_loudness:
        dmean: 0.00373893021606
        dmean2: 0.00719265267253
        dvar: 4.48310947831e-06
        dvar2: 1.7027663489e-05
        max: 0.00872251298279
        mean: 0.00437365658581
        min: 0.000508603756316
        var: 7.51890274842e-06
    beats_loudness_bass:
        dmean: 0.292555451393
        dmean2: 0.477694779634
        dvar: 0.036739513278
        dvar2: 0.110292643309
        max: 0.694804668427
        mean: 0.298643857241
        min: 0.00330894836225
        var: 0.0494318902493
    bpm: 125.727561951
    bpm_confidence: 0
    first_peak_bpm: 126
    first_peak_spread: 0.0769231319427
    first_peak_weight: 0.666666686535
    onset_rate: 4.47443199158
    second_peak_bpm: 84
    second_peak_spread: 0
    second_peak_weight: 0.277777791023
    beats_position: [0.0394469872117, 0.516669631004, 0.993892252445, 1.47111487389, 1.94833755493, 2.42556023598, 2.9027826786, 3.38000535965, 3.85722780228, 4.3344502449, 4.81167316437, 5.28889560699, 5.76611804962, 6.25182247162, 6.96740293503, 7.6829829216, 8.39856433868, 9.11414337158, 9.8297252655]
    bpm_estimates: [125.691047668, 125.551742554, 125.67250824, 125.892982483, 125.66179657, 125.687149048, 125.773651123, 125.889610291]
    bpm_intervals: [0.477222651243, 0.477222621441, 0.477222621441, 0.477222681046, 0.477222681046, 0.477222442627, 0.477222681046, 0.477222442627, 0.477222442627, 0.477222919464, 0.477222442627, 0.477222442627, 0.485704421997, 0.715580463409, 0.715579986572, 0.715581417084, 0.715579032898, 0.715581893921]
    onset_times: [0.0464399084449, 0.243809521198, 0.417959183455, 0.487619042397, 0.731428563595, 0.975238084793, 1.19582772255, 1.45124721527, 1.69505667686, 1.93886625767, 2.17106580734, 2.40326523781, 2.65868473053, 2.90249443054, 3.12308382988, 3.3785033226, 3.5758728981, 3.62231302261, 3.85451245308, 4.09832191467, 4.33052158356, 4.63238096237, 4.81814050674, 5.06195020676, 5.29414987564, 5.53795909882, 5.78176879883, 6.00235843658, 6.21133804321, 6.48997735977, 6.61768722534, 6.73378705978, 6.96598625183, 7.24462604523, 7.72063493729, 7.91800451279, 8.18503379822, 8.78875255585, 8.88163280487, 9.03256225586, 9.14866256714, 9.33442211151, 9.4853515625, 9.81043052673, 10.0426301956]
    rubato_start: [6.96740293503]
    rubato_stop: [7.6829829216]
    perceptual_tempo: "unknown"

sfx:
    inharmonicity:
        dmean: 0.0543393716216
        dmean2: 0.0945631414652
        dvar: 0.00401660054922
        dvar2: 0.0105850622058
        max: 0.429233282804
        mean: 0.0579102374613
        min: 0
        var: 0.00455616647378
    oddtoevenharmonicenergyratio:
        dmean: 35.2730979919
        dmean2: 69.8358459473
        dvar: 170790.765625
        dvar2: 512255.40625
        max: 6094.82128906
        mean: 18.7601337433
        min: 0
        var: 85571.2890625
    pitch_after_max_to_before_max_energy_ratio: 0.116489090025
    pitch_centroid: 253.707061768
    pitch_max_to_total: 0.91244238615
    pitch_min_to_total: 0.221198156476
    tristimulus:
        dmean: [0.205674022436, 0.28181552887, 0.146045684814]
        dmean2: [0.35551455617, 0.501246511936, 0.258190602064]
        dvar: [0.0419407524168, 0.0601281188428, 0.0236261561513]
        dvar2: [0.11310902983, 0.152518168092, 0.0603128373623]
        max: [1, 0.986845195293, 0.772142291069]
        mean: [0.356821537018, 0.461639732122, 0.131012141705]
        min: [0.00495976908132, 0, 0]
        var: [0.0788038298488, 0.0858660116792, 0.0278000123799]

tonal:
    chords_changes_rate: 0.0825688093901
    chords_number_rate: 0.0275229364634
    chords_strength:
        dmean: 0.0120392655954
        dmean2: 0.0136183099821
        dvar: 8.24582530186e-05
        dvar2: 0.00013874565775
        max: 0.759906172752
        mean: 0.509403944016
        min: 0.265497505665
        var: 0.0195408985019
    key_strength: 0.621511757374
    tuning_diatonic_strength: 0.572167515755
    tuning_equal_tempered_deviation: 0.194129616022
    tuning_frequency: 437.213165283
    tuning_nontempered_energy_ratio: 0.840614795685
    hpcp:
        dmean: [0.188044011593, 0.149669975042, 0.159123525023, 0.147833645344, 0.139789968729, 0.14694288373, 0.160389557481, 0.16084484756, 0.140836253762, 0.11742195487, 0.0993573963642, 0.134386464953, 0.155785083771, 0.162288978696, 0.178220182657, 0.147224664688, 0.129059448838, 0.14630882442, 0.126826435328, 0.11138381809, 0.132482051849, 0.155185818672, 0.151374146342, 0.144961133599, 0.120783373713, 0.0862984210253, 0.0855157747865, 0.0927847400308, 0.0925600528717, 0.0975751280785, 0.0964700803161, 0.132171168923, 0.173298448324, 0.203128218651, 0.234809204936, 0.231420487165]
        dmean2: [0.31290230155, 0.24642445147, 0.254543483257, 0.241348773241, 0.237880885601, 0.246757134795, 0.261433333158, 0.265533298254, 0.236695379019, 0.1977327317, 0.169361561537, 0.232219487429, 0.252887278795, 0.283477336168, 0.311805725098, 0.253702104092, 0.212818011642, 0.245932847261, 0.212919294834, 0.192438349128, 0.219803333282, 0.244365230203, 0.2666246593, 0.253005206585, 0.205026820302, 0.141959965229, 0.147428378463, 0.158930853009, 0.15978898108, 0.172994539142, 0.167267009616, 0.232060790062, 0.29842159152, 0.341036021709, 0.39320448041, 0.391468584538]
        dvar: [0.0392159707844, 0.0357942506671, 0.0429588221014, 0.0360298790038, 0.029965268448, 0.0305298492312, 0.0376269072294, 0.0328697860241, 0.0272828508168, 0.0294597242028, 0.021777138114, 0.0250575002283, 0.0348192788661, 0.0409177057445, 0.04588586092, 0.0455281585455, 0.0348987430334, 0.0469938702881, 0.0275898817927, 0.0211207456887, 0.0324243083596, 0.0439016968012, 0.0400762222707, 0.0473563596606, 0.0368078909814, 0.0207201354206, 0.0188607294112, 0.0307717844844, 0.0264917723835, 0.0308444220573, 0.0250207204372, 0.0392954163253, 0.0442756824195, 0.0476058274508, 0.0491369105875, 0.0596867874265]
        dvar2: [0.0986702442169, 0.0826183259487, 0.112276665866, 0.088488034904, 0.0747750923038, 0.0792396515608, 0.0938653498888, 0.0701468661427, 0.0683050230145, 0.0819153413177, 0.0600401237607, 0.058223862201, 0.0834798961878, 0.109328351915, 0.116535805166, 0.115558899939, 0.10230371356, 0.134304761887, 0.073332734406, 0.0608114972711, 0.0755215585232, 0.102994970977, 0.110191449523, 0.133929595351, 0.0898383259773, 0.052195340395, 0.0532455295324, 0.0824294164777, 0.0668577477336, 0.0842060595751, 0.064359113574, 0.1117175892, 0.119952358305, 0.0972660928965, 0.108775563538, 0.152634888887]
        max: [1, 1, 1, 1, 1, 1, 1, 1, 1, 1, 1, 1, 1, 1, 1, 1, 1, 1, 1, 1, 1, 1, 1, 1, 1, 1, 0.838618576527, 1, 1, 0.880861222744, 1, 1, 1, 1, 1, 1]
        mean: [0.324985980988, 0.267963081598, 0.244864180684, 0.218560397625, 0.186020761728, 0.180134728551, 0.216295704246, 0.21739910543, 0.168576583266, 0.125303089619, 0.110687427223, 0.18742851913, 0.257153898478, 0.227062597871, 0.209892213345, 0.187976315618, 0.153349608183, 0.166900023818, 0.161978200078, 0.132164150476, 0.149345010519, 0.182801172137, 0.167551249266, 0.149966150522, 0.127331107855, 0.0876241773367, 0.0816782712936, 0.0902756601572, 0.0863395109773, 0.0860774368048, 0.094884775579, 0.125561118126, 0.265072077513, 0.442215800285, 0.431135684252, 0.361728668213]
        min: [0.00124661193695, 0.000591283314861, 0.000360792910215, 0.00040837508277, 0.000579064362682, 0.00213043089025, 0.000953086768277, 0.000782254792284, 0.00104575185105, 0.000541636312846, 0.000995775568299, 0.00122749514412, 0.00135307270102, 0.00177617440931, 0.000611421943177, 0.000638593919575, 0.00104004400782, 0.000678697426338, 0.0015752245672, 0.000507796066813, 0.000706545310095, 0.00207774527371, 0.00180211907718, 0.000746963487472, 0.000923408137169, 0.000933805888053, 0.000144822814036, 0.000262626766926, 0.000275551719824, 0.00032774230931, 0.00019056306337, 0.000276353239315, 0.000908641901333, 0.0035842328798, 0.00369166163728, 0.0040136044845]
        var: [0.101994417608, 0.085083425045, 0.0851874276996, 0.0669117569923, 0.0441808924079, 0.0421095453203, 0.0671599134803, 0.0641495212913, 0.0338808968663, 0.0260123461485, 0.0198289863765, 0.0480711497366, 0.09494458884, 0.0630460605025, 0.067394040525, 0.0615949705243, 0.038241814822, 0.0503123924136, 0.0369889773428, 0.0249884407967, 0.038889862597, 0.0570429600775, 0.0460891276598, 0.0474866405129, 0.0444090217352, 0.0230136010796, 0.0153837632388, 0.0256622489542, 0.0238311458379, 0.0236812289804, 0.022661074996, 0.034071341157, 0.0672073960304, 0.126810118556, 0.0885937660933, 0.100638896227]
    chords_histogram: [54.5871543884, 0, 10.5504589081, 0, 0, 0, 0.917431175709, 4.1284403801, 0, 0, 0, 0, 0, 0, 0, 0, 0.917431175709, 0, 0, 0, 0, 1.37614679337, 2.75229358673, 24.7706413269]
    thpcp: [1, 0.974944114685, 0.817991256714, 0.73490357399, 0.605955481529, 0.553721010685, 0.494239240885, 0.420656085014, 0.407345741987, 0.489117980003, 0.491613149643, 0.381208866835, 0.283352822065, 0.250301837921, 0.423839479685, 0.581512212753, 0.513465583324, 0.474637538195, 0.425078243017, 0.346775501966, 0.377417594194, 0.36628767848, 0.298868000507, 0.337719738483, 0.413375496864, 0.378890246153, 0.33912435174, 0.287938833237, 0.19814799726, 0.184702292085, 0.2041439116, 0.19524294138, 0.194650292397, 0.214566677809, 0.283936291933, 0.599417924881]
    chords_key: "C#"
    chords_scale: "minor"
    key_key: "C#"
    key_scale: "minor"
    chords_progression: ["C#m", "C#m", "C#m", "C#m", "C#m", "C#m", "C#m", "C#m", "C#m", "C#m", "C#m", "C#m", "C#m", "C#m", "C#m", "C#m", "C#m", "C#m", "C#m", "C#m", "C#m", "C#m", "C#m", "C#m", "C#m", "C#m", "C#m", "C#m", "C#m", "C#m", "C#m", "C#m", "C#m", "C#m", "C#m", "C#m", "C#m", "C#m", "C#m", "C#m", "C#m", "C#m", "C#m", "C#m", "C#m", "C#m", "C#m", "C#m", "C#m", "C#m", "C#m", "C#m", "C#m", "C#m", "C#m", "C#m", "C#m", "C#m", "C#m", "C#m", "C#m", "C#m", "C#m", "C#m", "C#m", "C#m", "C#m", "C#m", "C#m", "C#m", "C#m", "C#m", "C#m", "C#m", "C#m", "C#m", "C#m", "C#m", "C#m", "C#m", "C#m", "C#m", "C#m", "C#m", "C#m", "C#m", "C#m", "C#m", "C#m", "C#m", "C#m", "C#m", "C#m", "C#m", "C#m", "G#m", "G#m", "G#m", "G#m", "G#m", "G#m", "G#m", "G#m", "G#m", "G#m", "G#m", "G#m", "G#m", "G#m", "G#m", "G#m", "G#m", "G#m", "G#m", "G#m", "C#", "C#", "C#", "C#", "C#", "C#", "G#m", "C#", "C#", "C#", "F#m", "A", "A", "A", "A", "A", "A", "A", "A", "A", "A", "A", "A", "A", "A", "A", "A", "A", "A", "A", "A", "A", "A", "A", "A", "A", "A", "F#m", "A", "A", "D", "D", "D", "Am", "Am", "A", "A", "A", "A", "A", "A", "A", "F#m", "F#m", "F#m", "A", "A", "A", "A", "A", "A", "A", "A", "A", "A", "A", "A#m", "A#m", "A", "A", "A", "A", "A", "A", "A", "A", "F#m", "C#m", "C#m", "C#m", "C#m", "C#m", "C#m", "C#m", "C#m", "C#m", "C#m", "C#m", "C#m", "C#m", "C#m", "C#m", "C#m", "C#m", "C#m", "C#m", "C#m", "C#m", "C#m", "C#m", "C#m", "G#m", "G#m"]
