
metadata:
    version:
        essentia: "1.2.2"
    audio_properties:
        analysis_sample_rate: 44100
        bitrate: 128
        channels: 2
        equal_loudness: 1
        length: 9.87428569794
        replay_gain: 1.109167099
        downmix: "mix"
    tags:
        track: 3
        year: 0
        album: "Splitted by Mp3Splt v. 2.1"
        artist: "From 000.20 To 000.30"
        comment: "http://mp3splt.sf.net"
        genre: ""
        title: "08 Omnipresence.mp3"

highlevel:
    ballroom:
        all:
            ChaChaCha: 0.0440242663026
            Jive: 0.00521028414369
            Quickstep: 0.0487729683518
            Rumba-American: 0.00935559626669
            Rumba-International: 0.0134634422138
            Rumba-Misc: 0.0249113310128
            Samba: 0.00879600364715
            Tango: 0.614240169525
            VienneseWaltz: 0.0954869911075
            Waltz: 0.135738939047
        probability: 0.614240169525
        value: "Tango"
    culture:
        all:
            non_western: 0.63577491045
            western: 0.36422508955
        probability: 0.63577491045
        value: "non_western"
    gender:
        all:
            female: 0.59319126606
            male: 0.406808763742
        probability: 0.59319126606
        value: "female"
    genre_dortmund:
        all:
            alternative: 0.0250230822712
            blues: 0.0111906724051
            electronic: 0.809010446072
            folkcountry: 0.0192135702819
            funksoulrnb: 0.0190912876278
            jazz: 0.0487398654222
            pop: 0.0202637109905
            raphiphop: 0.00490289693698
            rock: 0.0425644479692
        probability: 0.809010446072
        value: "electronic"
    genre_electronica:
        all:
            ambient: 0.916825771332
            dnb: 0.0392691716552
            house: 0.0194470863789
            techno: 0.00700287427753
            trance: 0.0174551159143
        probability: 0.916825771332
        value: "ambient"
    genre_rosamerica:
        all:
            cla: 0.583049893379
            dan: 0.00888181757182
            hip: 0.0103394705802
            jaz: 0.0782807990909
            pop: 0.111720986664
            rhy: 0.0898226425052
            roc: 0.103076972067
            spe: 0.0148274274543
        probability: 0.583049893379
        value: "cla"
    genre_tzanetakis:
        all:
            blu: 0.0350080952048
            cla: 0.526731610298
            cou: 0.0949247926474
            dis: 0.0399772115052
            hip: 0.009207543917
            jaz: 0.0723814591765
            met: 0.00823109596968
            pop: 0.0958181545138
            reg: 0.0461170561612
            roc: 0.071603000164
        probability: 0.526731610298
        value: "cla"
    live_studio:
        all:
            live: 0.479168385267
            studio: 0.52083158493
        probability: 0.52083158493
        value: "studio"
    mood:
        all:
            Cluster1: 0.125722616911
            Cluster2: 0.384500235319
            Cluster3: 0.2105756253
            Cluster4: 0.174087107182
            Cluster5: 0.10511443764
        probability: 0.384500235319
        value: "Cluster2"
    mood_acoustic:
        all:
            acoustic: 0.690937578678
            not_acoustic: 0.309062421322
        probability: 0.690937578678
        value: "acoustic"
    mood_aggressive:
        all:
            aggressive: 0.111417993903
            not_aggressive: 0.888581991196
        probability: 0.888581991196
        value: "not_aggressive"
    mood_electronic:
        all:
            electronic: 0.33221784234
            not_electronic: 0.667782127857
        probability: 0.667782127857
        value: "not_electronic"
    mood_happy:
        all:
            happy: 0.23724219203
            not_happy: 0.762757778168
        probability: 0.762757778168
        value: "not_happy"
    mood_party:
        all:
            not_party: 0.869173467159
            party: 0.130826562643
        probability: 0.869173467159
        value: "not_party"
    mood_relaxed:
        all:
            not_relaxed: 0.458197414875
            relaxed: 0.541802585125
        probability: 0.541802585125
        value: "relaxed"
    mood_sad:
        all:
            not_sad: 0.300085484982
            sad: 0.699914515018
        probability: 0.699914515018
        value: "sad"
    rhythm:
        all:
            fast: 0.65968734026
            medium: 0.150135874748
            slow: 0.190176770091
        probability: 0.65968734026
        value: "fast"
    speech_music:
        all:
            music: 0.00344833428971
            speech: 0.996551692486
        probability: 0.996551692486
        value: "speech"
    timbre:
        all:
            bright: 0.0933943912387
            dark: 0.906605601311
        probability: 0.906605601311
        value: "dark"
    voice_instrumental:
        all:
            instrumental: 0.611070156097
            voice: 0.3889298141
        probability: 0.611070156097
        value: "instrumental"

lowlevel:
    average_loudness: 0.906285941601
    barkbands_kurtosis:
        dmean: 4.11918401718
        dmean2: 6.57090568542
        dvar: 157.40222168
        dvar2: 367.537963867
        max: 223.83682251
        mean: 6.62719631195
        min: -1.69504189491
        var: 244.361633301
    barkbands_skewness:
        dmean: 0.569986999035
        dmean2: 0.87871837616
        dvar: 0.52410531044
        dvar2: 1.09709858894
        max: 11.6967573166
        mean: 1.32613289356
        min: -1.76826393604
        var: 1.93842673302
    barkbands_spread:
        dmean: 1.98604738712
        dmean2: 3.28860473633
        dvar: 8.89677715302
        dvar2: 22.7312755585
        max: 39.2399864197
        mean: 8.74114608765
        min: 0.189813435078
        var: 73.360824585
    dissonance:
        dmean: 0.037960793823
        dmean2: 0.0647387057543
        dvar: 0.00165628758259
        dvar2: 0.0041941110976
        max: 0.499839991331
        mean: 0.415832489729
        min: 0.111452408135
        var: 0.00459014205262
    hfc:
        dmean: 1.56559753418
        dmean2: 2.62450313568
        dvar: 30.7289352417
        dvar2: 87.2863388062
        max: 64.8250579834
        mean: 4.21140384674
        min: 0.00245738448575
        var: 40.7903251648
    pitch:
        dmean: 256.739471436
        dmean2: 479.955078125
        dvar: 226437.0625
        dvar2: 530500.5625
        max: 4009.09082031
        mean: 530.717834473
        min: 85.9649124146
        var: 347546.78125
    pitch_instantaneous_confidence:
        dmean: 0.0797119066119
        dmean2: 0.13087156415
        dvar: 0.00512018054724
        dvar2: 0.0129314372316
        max: 0.931059956551
        mean: 0.518504023552
        min: 0.166596591473
        var: 0.0467576943338
    pitch_salience:
        dmean: 0.0650944039226
        dmean2: 0.10410823673
        dvar: 0.00377524993382
        dvar2: 0.00922287255526
        max: 0.894358277321
        mean: 0.592453658581
        min: 0.186759650707
        var: 0.0228571780026
    silence_rate_20dB:
        dmean: 0
        dmean2: 0
        dvar: 0
        dvar2: 0
        max: 1
        mean: 1
        min: 1
        var: 0
    silence_rate_30dB:
        dmean: 0
        dmean2: 0
        dvar: 0
        dvar2: 0
        max: 1
        mean: 1
        min: 1
        var: 0
    silence_rate_60dB:
        dmean: 0.107981219888
        dmean2: 0.216470584273
        dvar: 0.0963212400675
        dvar2: 0.21667021513
        max: 1
        mean: 0.557377040386
        min: 0
        var: 0.246707856655
    spectral_centroid:
        dmean: 120.92590332
        dmean2: 193.157226562
        dvar: 42020.1328125
        dvar2: 95629.078125
        max: 3733.5078125
        mean: 994.083190918
        min: 357.014190674
        var: 217838.359375
    spectral_complexity:
        dmean: 2
        dmean2: 3.42216992378
        dvar: 12.9035291672
        dvar2: 33.3241462708
        max: 45
        mean: 9.02347373962
        min: 0
        var: 65.7316665649
    spectral_crest:
        dmean: 2.57999658585
        dmean2: 4.29905557632
        dvar: 5.63420200348
        dvar2: 14.647901535
        max: 25.5036144257
        mean: 12.4424552917
        min: 3.61218380928
        var: 30.987285614
    spectral_decrease:
        dmean: 2.62609683999e-10
        dmean2: 4.10063705214e-10
        dvar: 1.29632695371e-19
        dvar2: 3.32850861046e-19
        max: -1.42237859945e-12
        mean: -8.66961669121e-10
        min: -3.78586539895e-09
        var: 3.84402333634e-19
    spectral_energy:
        dmean: 0.00112288875971
        dmean2: 0.00176902883686
        dvar: 3.1158906495e-06
        dvar2: 8.30703811516e-06
        max: 0.0197018478066
        mean: 0.00365409720689
        min: 5.59128102395e-06
        var: 7.79328456701e-06
    spectral_energyband_high:
        dmean: 9.70220644376e-05
        dmean2: 0.000167819089256
        dvar: 2.94795768241e-07
        dvar2: 8.29595194318e-07
        max: 0.00682281330228
        mean: 0.000128778017825
        min: 8.63915872173e-09
        var: 2.64987050969e-07
    spectral_energyband_low:
        dmean: 1.64716504969e-06
        dmean2: 2.7626431347e-06
        dvar: 3.04303457432e-11
        dvar2: 7.90251128424e-11
        max: 7.24600831745e-05
        mean: 1.79457356353e-06
        min: 3.86823799658e-08
        var: 2.00645819404e-11
    spectral_energyband_middle_high:
        dmean: 0.000527035852429
        dmean2: 0.000853453413583
        dvar: 1.23791983242e-06
        dvar2: 3.37858296007e-06
        max: 0.0132655538619
        mean: 0.00158039911184
        min: 1.06297943603e-06
        var: 3.28161786456e-06
    spectral_energyband_middle_low:
        dmean: 0.000774942047428
        dmean2: 0.00122927373741
        dvar: 1.07566745555e-06
        dvar2: 2.52575705417e-06
        max: 0.0122083425522
        mean: 0.00194310315419
        min: 3.36211496688e-06
        var: 3.39822713613e-06
    spectral_flatness_db:
        dmean: 0.0245575215667
        dmean2: 0.0392487868667
        dvar: 0.000535081431735
        dvar2: 0.00116343458649
        max: 0.53384667635
        mean: 0.307088464499
        min: 0.140145361423
        var: 0.00803252868354
    spectral_flux:
        dmean: 0.00747093744576
        dmean2: 0.0120595619082
        dvar: 8.02824724815e-05
        dvar2: 0.000196465058252
        max: 0.108514428139
        mean: 0.0311017408967
        min: 0.00414509279653
        var: 0.000275940110441
    spectral_kurtosis:
        dmean: 15.4535923004
        dmean2: 26.5822086334
        dvar: 485.499481201
        dvar2: 1312.88378906
        max: 220.360198975
        mean: 45.2386398315
        min: 0.401268482208
        var: 2879.10644531
    spectral_rms:
        dmean: 0.000278823106783
        dmean2: 0.000434497691458
        dvar: 1.04571441284e-07
        dvar2: 2.54266666389e-07
        max: 0.00438421219587
        mean: 0.0017746987287
        min: 7.38573507988e-05
        var: 4.15417872546e-07
    spectral_rolloff:
        dmean: 254.091659546
        dmean2: 432.44140625
        dvar: 192574.234375
        dvar2: 469766
        max: 5943.1640625
        mean: 1506.41540527
        min: 344.53125
        var: 979740.3125
    spectral_skewness:
        dmean: 0.853556394577
        dmean2: 1.46989524364
        dvar: 1.02990221977
        dvar2: 2.73593688011
        max: 12.5273647308
        mean: 4.09860992432
        min: 0.421996295452
        var: 9.32601356506
    spectral_spread:
        dmean: 282727.8125
        dmean2: 450129.75
        dvar: 189988241408
        dvar2: 278694363136
        max: 9924109
        mean: 1819230.375
        min: 415423.6875
        var: 1.06538559078e+12
    spectral_strongpeak:
        dmean: 0.27926248312
        dmean2: 0.45561593771
        dvar: 0.138720780611
        dvar2: 0.372682005167
        max: 5.28718471527
        mean: 0.700963079929
        min: 0
        var: 0.203468382359
    zerocrossingrate:
        dmean: 0.00466107530519
        dmean2: 0.0061599444598
        dvar: 4.61148301838e-05
        dvar2: 8.98244106793e-05
        max: 0.15771484375
        mean: 0.0513795651495
        min: 0.00341796875
        var: 0.000597224046942
    barkbands:
        dmean: [1.04155077452e-07, 5.13996042173e-07, 1.2781491705e-06, 2.90735124509e-06, 9.15413475013e-05, 0.000304756133119, 7.30526953703e-05, 0.00018288778665, 0.000306207541144, 0.000338913087035, 9.12147006602e-05, 0.000125607853988, 7.51152838347e-05, 1.91446324607e-05, 3.49589536199e-05, 4.19891657657e-05, 6.22471707175e-05, 8.16565516288e-05, 7.36474466976e-05, 7.89560144767e-05, 4.29500141763e-05, 1.51186823132e-05, 3.70828934138e-06, 4.65870414246e-07, 1.21871053693e-07, 2.49383891315e-09, 2.13381645686e-10]
        dmean2: [1.5866460501e-07, 8.68333813742e-07, 2.16169610212e-06, 5.06616152052e-06, 0.00015560213069, 0.00046672479948, 0.000123438163428, 0.000288918701699, 0.000505575852003, 0.000514416606165, 0.00016129501455, 0.000215800391743, 0.000131814420456, 3.18011843774e-05, 5.93205986661e-05, 7.60095426813e-05, 0.000109301639895, 0.000140637377626, 0.00012218869233, 0.000140688804095, 7.50137405703e-05, 2.44870971073e-05, 6.10941742707e-06, 7.76819547355e-07, 1.94355962435e-07, 4.22643831044e-09, 3.5346364724e-10]
        dvar: [2.01050591106e-12, 4.98372220228e-12, 9.9526159883e-12, 4.49487912169e-11, 4.7323556629e-08, 4.92416631914e-07, 2.89745170079e-08, 1.09657257497e-07, 5.36359266334e-07, 2.24268546845e-07, 4.68079761617e-08, 5.73618450517e-08, 2.92449904293e-08, 1.20862131414e-09, 4.63815430507e-09, 1.53745212117e-08, 3.40307551028e-08, 6.51799396678e-08, 1.01533956354e-07, 1.66692544212e-07, 5.81254688825e-08, 8.63482974012e-09, 8.23196788513e-10, 8.33839941539e-12, 5.18038249017e-13, 2.58296238639e-16, 2.43740927044e-18]
        dvar2: [5.05521839667e-12, 1.29041057353e-11, 2.67084427491e-11, 1.1979957304e-10, 1.40849280683e-07, 1.01599573554e-06, 8.55852704262e-08, 2.79404332559e-07, 1.39522251175e-06, 4.94893185987e-07, 1.54356570192e-07, 1.59001103839e-07, 7.86079539239e-08, 3.21535975623e-09, 1.32339890158e-08, 4.66218494921e-08, 9.75005676196e-08, 1.74024734179e-07, 2.78939154441e-07, 4.72700179444e-07, 1.6524516866e-07, 2.28198722141e-08, 2.33251284953e-09, 2.4179699909e-11, 1.45685351803e-12, 6.92987035604e-16, 6.14039247037e-18]
        max: [2.08814126381e-05, 3.17665362672e-05, 3.30394541379e-05, 6.23460437055e-05, 0.00148234539665, 0.0116203520447, 0.00172064371873, 0.00422770250589, 0.0112313050777, 0.00656615477055, 0.00290698884055, 0.00248950626701, 0.0021705920808, 0.00040313808131, 0.000750506413169, 0.00157573702745, 0.00208724546246, 0.00277247116901, 0.00440283119678, 0.00519285583869, 0.00259035127237, 0.00143517646939, 0.000468557467684, 3.60869562428e-05, 8.26172799862e-06, 2.25665345965e-07, 2.29816201625e-08]
        mean: [5.74845060441e-08, 4.94492894632e-07, 1.26824693325e-06, 2.82199789581e-06, 0.000123221427202, 0.000795807864051, 0.000108589534648, 0.000277695449768, 0.000448112172307, 0.000706713180989, 0.000121256765851, 0.000197155764909, 0.000134844056447, 3.75649360649e-05, 5.73862416786e-05, 6.68570864946e-05, 0.000102780621091, 0.000157864269568, 0.000129177744384, 0.000110429304186, 5.25645154994e-05, 1.73364587681e-05, 3.4806334952e-06, 4.9608684094e-07, 1.21872346881e-07, 2.27567187316e-09, 1.58651036752e-10]
        min: [1.21387335947e-11, 3.66145513908e-09, 3.51258067077e-09, 5.69251001892e-09, 7.28760269908e-08, 1.69778680004e-08, 1.95987894358e-07, 1.10344885229e-07, 8.74041177212e-08, 5.18669480698e-07, 3.02681058884e-07, 6.83742911178e-08, 4.90453455626e-09, 4.74060568578e-09, 2.50495491017e-09, 6.89848489444e-09, 1.77779591048e-09, 8.6468237015e-09, 7.50869944e-09, 5.41069145044e-09, 4.5649883873e-09, 8.74252892302e-10, 3.07033981573e-10, 3.0782223992e-10, 1.50356047057e-10, 2.50843811868e-12, 4.67721564604e-13]
        var: [1.02065686632e-12, 2.74386980151e-12, 7.89176102939e-12, 3.76787732959e-11, 6.51867253509e-08, 2.77286221717e-06, 6.33489349866e-08, 1.3304328661e-07, 5.94778668983e-07, 4.92516278428e-07, 6.06118462088e-08, 9.65350253068e-08, 6.70231585786e-08, 3.35820238284e-09, 7.4415682505e-09, 1.96857605772e-08, 4.72912411453e-08, 1.25720148958e-07, 1.2185637388e-07, 1.51203607857e-07, 4.60373108524e-08, 8.39779445982e-09, 6.77143285888e-10, 6.88894687823e-12, 4.61758615285e-13, 2.07270073924e-16, 1.25144340989e-18]
    mfcc:
        mean: [-851.466796875, 188.541320801, -102.890022278, 0.416659295559, -57.215713501, -27.091342926, -9.30596733093, -2.36774945259, -3.54962253571, -6.13209819794, -6.74569320679, -9.66806697845, -10.4041986465]
        cov: [[11173.9501953, -5668.72216797, -604.513916016, 2666.66796875, 325.163787842, 904.845092773, -259.031494141, -62.5330162048, -897.526000977, -811.800292969, -561.908630371, 35.7521286011, 35.7102012634], [-5668.72216797, 3633.88916016, 281.782440186, -1220.01428223, 32.920501709, -640.170593262, -40.492980957, -299.676818848, 202.122299194, 236.162750244, 107.483787537, -188.810714722, -7.68554639816], [-604.513916016, 281.782440186, 470.837615967, -140.296768188, 54.4598579407, -111.968833923, -105.523139954, -146.346694946, 0.52518260479, 36.5789489746, -34.5626983643, -83.3449325562, -16.0146923065], [2666.66796875, -1220.01428223, -140.296768188, 956.84979248, 144.97996521, 192.114639282, -105.479698181, -92.0212097168, -304.745635986, -284.249542236, -210.165924072, -45.9238929749, 7.79248952866], [325.163787842, 32.920501709, 54.4598579407, 144.97996521, 227.776611328, -19.1017894745, -45.2571144104, -152.227539062, -147.575866699, -110.853713989, -115.3256073, -105.741615295, -9.58340835571], [904.845092773, -640.170593262, -111.968833923, 192.114639282, -19.1017894745, 193.512741089, 67.9091720581, 126.825447083, -2.83630681038, -21.9522819519, 16.3016223907, 76.2011795044, 6.98951816559], [-259.031494141, -40.492980957, -105.523139954, -105.479698181, -45.2571144104, 67.9091720581, 174.583053589, 175.638931274, 105.552009583, 52.5740470886, 72.8843917847, 67.9469680786, -0.550704956055], [-62.5330162048, -299.676818848, -146.346694946, -92.0212097168, -152.227539062, 126.825447083, 175.638931274, 315.641296387, 199.740997314, 102.151115417, 129.031448364, 146.963378906, 11.3793058395], [-897.526000977, 202.122299194, 0.52518260479, -304.745635986, -147.575866699, -2.83630681038, 105.552009583, 199.740997314, 258.409820557, 183.305923462, 146.750152588, 92.1186141968, -3.56597495079], [-811.800292969, 236.162750244, 36.5789489746, -284.249542236, -110.853713989, -21.9522819519, 52.5740470886, 102.151115417, 183.305923462, 186.959503174, 135.951263428, 56.4621963501, -12.4014225006], [-561.908630371, 107.483787537, -34.5626983643, -210.165924072, -115.3256073, 16.3016223907, 72.8843917847, 129.031448364, 146.750152588, 135.951263428, 155.980148315, 106.10660553, 3.72247815132], [35.7521286011, -188.810714722, -83.3449325562, -45.9238929749, -105.741615295, 76.2011795044, 67.9469680786, 146.963378906, 92.1186141968, 56.4621963501, 106.10660553, 142.978652954, 24.2493457794], [35.7102012634, -7.68554639816, -16.0146923065, 7.79248952866, -9.58340835571, 6.98951816559, -0.550704956055, 11.3793058395, -3.56597495079, -12.4014225006, 3.72247815132, 24.2493457794, 40.1585845947]]
        icov: [[0.0016360974405, 0.00220761168748, 0.00117362115998, -0.000627857807558, -0.000646883738227, 0.000275485595921, 0.00130302424077, 0.000476220215205, 0.00148493598681, -0.000339553313097, 0.00170042458922, -0.000755916000344, -0.000436077913037], [0.00220761168748, 0.00408779783174, 0.00193893432152, -3.51164890162e-05, -0.00122165738139, 0.00282980664633, 0.000904714746866, 0.00187870778609, 0.00106965994928, 0.000266805291176, 0.00142199650872, -0.000418881245423, -0.0014062152477], [0.00117362115998, 0.00193893432152, 0.00414829934016, 0.000210925136344, -0.00129055115394, 0.000732682237867, 0.00207629892975, 0.00219549541362, -0.000947348366026, -0.00101852032822, 0.00247147143818, -0.000596655649133, -0.000355788128218], [-0.000627857807558, -3.51164890162e-05, 0.000210925136344, 0.0040992111899, -0.000176044472028, -0.00103772827424, 0.00157470174599, -0.000948688422795, 0.000534356280696, 0.00250871526077, 0.000304993329337, 0.000510534853674, 0.000754914013669], [-0.000646883738227, -0.00122165738139, -0.00129055115394, -0.000176044472028, 0.0109034236521, -0.00339932623319, -0.00522855529562, 0.00517297256738, -0.000626855995506, 0.00304305390455, -0.000446203106549, 0.00434694532305, -0.000182378964382], [0.000275485595921, 0.00282980664633, 0.000732682237867, -0.00103772827424, -0.00339932623319, 0.02135758847, -0.00291500613093, -0.00667733605951, 0.00755113409832, -0.0070545678027, 0.0034576903563, -0.00657465495169, 0.000255319406278], [0.00130302424077, 0.000904714746866, 0.00207629892975, 0.00157470174599, -0.00522855529562, -0.00291500613093, 0.0209230761975, -0.0138358604163, 0.00355836516246, 0.00281899794936, -0.00319505156949, 0.00306862941943, 0.00263366685249], [0.000476220215205, 0.00187870778609, 0.00219549541362, -0.000948688422795, 0.00517297256738, -0.00667733605951, -0.0138358604163, 0.0318102017045, -0.0223269350827, 0.00994742568582, -0.000383619888453, -0.00430498784408, -0.00208671460859], [0.00148493598681, 0.00106965994928, -0.000947348366026, 0.000534356280696, -0.000626855995506, 0.00755113409832, 0.00355836516246, -0.0223269350827, 0.0390533804893, -0.026659976691, 0.0107808038592, -0.00533393071964, 0.000770726474002], [-0.000339553313097, 0.000266805291176, -0.00101852032822, 0.00250871526077, 0.00304305390455, -0.0070545678027, 0.00281899794936, 0.00994742568582, -0.026659976691, 0.0473664216697, -0.0329684577882, 0.017454912886, 0.0034099931363], [0.00170042458922, 0.00142199650872, 0.00247147143818, 0.000304993329337, -0.000446203106549, 0.0034576903563, -0.00319505156949, -0.000383619888453, 0.0107808038592, -0.0329684577882, 0.0537274517119, -0.0317474752665, 0.00400950713083], [-0.000755916000344, -0.000418881245423, -0.000596655649133, 0.000510534853674, 0.00434694532305, -0.00657465495169, 0.00306862941943, -0.00430498784408, -0.00533393071964, 0.017454912886, -0.0317474752665, 0.0381859354675, -0.0115001248196], [-0.000436077913037, -0.0014062152477, -0.000355788128218, 0.000754914013669, -0.000182378964382, 0.000255319406278, 0.00263366685249, -0.00208671460859, 0.000770726474002, 0.0034099931363, 0.00400950713083, -0.0115001248196, 0.0329650603235]]
    spectral_contrast:
        mean: [-1.57170518378e-07, 1.63528002251e-09, -2.58048487467e-07, -5.31824525751e-07, -1.88818006563e-07, 4.31643968568e-07, 3.89207116314e-06, -5.98145220465e-07, 3.85303474104e-06, -1.5723873048e-06, 3.89864726458e-06, 8.04242972663e-07]
        var: [0.000347758468706, 0.000559311942197, 0.00174397835508, 0.00234220176935, 0.00364245800301, 0.00878422893584, 0.0475346520543, 0.0921283662319, 0.182314217091, 0.35564494133, 0.396387279034, 5.85985660553]

rhythm:
    beats_loudness:
        dmean: 0.00239751441404
        dmean2: 0.00424419622868
        dvar: 9.05042179511e-06
        dvar2: 2.72211382253e-05
        max: 0.0166127961129
        mean: 0.0039174486883
        min: 0.00113204005174
        var: 1.0519852367e-05
    beats_loudness_bass:
        dmean: 0.00079052807996
        dmean2: 0.00112903991248
        dvar: 1.79237633802e-06
        dvar2: 2.40478402702e-06
        max: 0.00789264962077
        mean: 0.00110220047645
        min: 5.26200456079e-05
        var: 2.55293434748e-06
    bpm: 173.794723511
    bpm_confidence: 0
    first_peak_bpm: 130
    first_peak_spread: 0
    first_peak_weight: 0.521739125252
    onset_rate: 4.45601844788
    second_peak_bpm: 174
    second_peak_spread: 0
    second_peak_weight: 0.434782594442
    beats_position: [0.180509075522, 0.643559634686, 1.10661017895, 1.56966090202, 2.03271150589, 2.49576210976, 2.95881271362, 3.42186331749, 3.88491392136, 4.3479642868, 4.81101512909, 5.27406549454, 5.73711633682, 5.99574232101, 6.34097766876, 6.68621301651, 7.03144836426, 7.37668371201, 7.72191858292, 8.06715393066, 8.41238975525, 8.75762462616, 9.10285949707, 9.44809532166]
    bpm_estimates: [173.55809021, 174.006317139, 173.819732666]
    bpm_intervals: [0.463050544262, 0.463050544262, 0.463050723076, 0.463050603867, 0.463050603867, 0.463050603867, 0.463050603867, 0.463050603867, 0.463050365448, 0.463050842285, 0.463050365448, 0.463050842285, 0.258625984192, 0.345235347748, 0.345235347748, 0.345235347748, 0.345235347748, 0.345234870911, 0.345235347748, 0.345235824585, 0.345234870911, 0.345234870911, 0.345235824585]
    onset_times: [0.0464399084449, 0.174149662256, 0.348299324512, 0.940408170223, 1.57895696163, 2.27555561066, 2.80961441994, 2.91410422325, 2.99537420273, 3.13469386101, 3.29723358154, 3.62231302261, 3.72680282593, 3.79646253586, 4.17959165573, 4.29569149017, 4.49306106567, 4.6439909935, 4.77170085907, 4.9806804657, 5.16644001007, 5.3754196167, 5.49151945114, 5.65405893326, 5.81659841537, 5.94430828094, 6.00235843658, 6.1648979187, 6.35065746307, 6.47836732864, 6.52480745316, 6.65251684189, 6.80344676971, 7.1517457962, 7.19818592072, 7.4303855896, 7.74385499954, 7.79029464722, 7.8251247406, 7.92961454391, 8.103764534, 8.23147392273, 8.91646289825, 9.6014509201]
    rubato_start: [6.34097766876]
    rubato_stop: [9.44809532166]
    perceptual_tempo: "unknown"

sfx:
    inharmonicity:
        dmean: 0.0649031102657
        dmean2: 0.116730175912
        dvar: 0.00619791634381
        dvar2: 0.0165145490319
        max: 0.437657952309
        mean: 0.0563159696758
        min: 2.3331989496e-07
        var: 0.00605538534001
    oddtoevenharmonicenergyratio:
        dmean: 261.381347656
        dmean2: 499.408203125
        dvar: 1884780.25
        dvar2: 5781801.5
        max: 13720.6318359
        mean: 156.208282471
        min: 3.10706218443e-06
        var: 1178447.5
    pitch_after_max_to_before_max_energy_ratio: 14.549202919
    pitch_centroid: 193.861602783
    pitch_max_to_total: 0.0140845067799
    pitch_min_to_total: 0.154929578304
    tristimulus:
        dmean: [0.277164041996, 0.312159091234, 0.0785449594259]
        dmean2: [0.505654036999, 0.562706112862, 0.138582080603]
        dvar: [0.0853528827429, 0.0935457125306, 0.0100465603173]
        dvar2: [0.218672960997, 0.260900914669, 0.0296769216657]
        max: [0.994802594185, 0.994678556919, 0.59713858366]
        mean: [0.361791551113, 0.525068461895, 0.0739453285933]
        min: [0.00176838214975, 0, 0]
        var: [0.114029303193, 0.112671665847, 0.012539469637]

tonal:
    chords_changes_rate: 0.0420560762286
    chords_number_rate: 0.0186915881932
    chords_strength:
        dmean: 0.0085147311911
        dmean2: 0.00959603954107
        dvar: 5.45851871721e-05
        dvar2: 0.000100222787296
        max: 0.648176372051
        mean: 0.546675860882
        min: 0.39833086729
        var: 0.0033130471129
    key_strength: 0.729768872261
    tuning_diatonic_strength: 0.704879403114
    tuning_equal_tempered_deviation: 0.162125095725
    tuning_frequency: 434.946166992
    tuning_nontempered_energy_ratio: 0.77999073267
    hpcp:
        dmean: [0.217244356871, 0.140666753054, 0.0843290761113, 0.0805899649858, 0.0745936408639, 0.0593753345311, 0.0597540661693, 0.0611975751817, 0.0636547803879, 0.065414570272, 0.0761792883277, 0.0913200005889, 0.0760577917099, 0.112412773073, 0.182642966509, 0.195624500513, 0.134361937642, 0.0734435766935, 0.0625103190541, 0.118149913847, 0.149632573128, 0.162820115685, 0.140604242682, 0.10857103765, 0.11112973094, 0.0820423290133, 0.0655553564429, 0.0815865546465, 0.10953437537, 0.16167473793, 0.205286040902, 0.157553836703, 0.0882331579924, 0.0778078213334, 0.0863216817379, 0.179806888103]
        dmean2: [0.354460448027, 0.228721290827, 0.147039458156, 0.134663030505, 0.124460637569, 0.0985581725836, 0.0989941731095, 0.0980053693056, 0.11044562608, 0.117387875915, 0.126953572035, 0.15993732214, 0.134049028158, 0.185123369098, 0.302795648575, 0.341127634048, 0.232424154878, 0.128509119153, 0.112966328859, 0.203746378422, 0.260281413794, 0.28751039505, 0.240941211581, 0.186797782779, 0.200613886118, 0.147189244628, 0.116334870458, 0.14233070612, 0.182747960091, 0.259467631578, 0.345188438892, 0.268316566944, 0.149878308177, 0.129546195269, 0.149354085326, 0.300872296095]
        dvar: [0.0532583892345, 0.0195227544755, 0.0170559007674, 0.0192907210439, 0.0202831421047, 0.0096043413505, 0.0101613644511, 0.0147913759574, 0.017429491505, 0.0147797185928, 0.0161947980523, 0.0199476201087, 0.0187182463706, 0.0267172828317, 0.0368148945272, 0.0525382310152, 0.0211060978472, 0.0137635758147, 0.0146824875847, 0.0215021111071, 0.0323864966631, 0.0400122180581, 0.0319465771317, 0.0244877636433, 0.0388029143214, 0.0256295949221, 0.0160563718528, 0.0218292940408, 0.0244391039014, 0.0248416196555, 0.0489636547863, 0.0291733443737, 0.0199325028807, 0.016613541171, 0.017239080742, 0.032085377723]
        dvar2: [0.112687975168, 0.0460177399218, 0.0507114343345, 0.0526176840067, 0.0509500429034, 0.0261950474232, 0.0272685848176, 0.0397266820073, 0.0504657179117, 0.0407857820392, 0.0445299595594, 0.0565369389951, 0.0445939563215, 0.0645172968507, 0.092184536159, 0.133193984628, 0.0567713938653, 0.0394548922777, 0.0418961346149, 0.065046094358, 0.0875042304397, 0.108783341944, 0.0921468138695, 0.0660177022219, 0.113814495504, 0.0797379091382, 0.0497944578528, 0.0603424236178, 0.0677027776837, 0.0637046098709, 0.107378490269, 0.0825484991074, 0.0530910529196, 0.046144861728, 0.0484661981463, 0.0815507769585]
        max: [1, 1, 0.883246541023, 0.979233980179, 1, 0.726281762123, 0.850829064846, 1, 1, 0.85380923748, 0.852186262608, 1, 1, 1, 1, 1, 1, 0.736384391785, 1, 1, 1, 1, 1, 0.970737576485, 1, 1, 0.955268681049, 1, 1, 1, 1, 1, 0.962945640087, 1, 1, 1]
        mean: [0.480317801237, 0.264623463154, 0.103058181703, 0.105394281447, 0.105458468199, 0.0919544994831, 0.0901959463954, 0.0929236486554, 0.0841672122478, 0.0847294554114, 0.10698967427, 0.120374277234, 0.120190083981, 0.166664481163, 0.340483278036, 0.394699990749, 0.211579546332, 0.0984372124076, 0.106299608946, 0.169226422906, 0.374224722385, 0.412269622087, 0.216446638107, 0.150636821985, 0.145667910576, 0.114136151969, 0.111484311521, 0.142116934061, 0.157557055354, 0.262653410435, 0.336572259665, 0.212873265147, 0.12010216713, 0.110704116523, 0.10955888778, 0.325935900211]
        min: [0.0231048204005, 0.00592180620879, 3.66934837075e-05, 1.37135566547e-05, 6.74399198033e-05, 9.33971678023e-05, 0.000265985872829, 0.000235948144109, 0.000154246547027, 0.000285907677608, 0.000124789192341, 1.37638262458e-05, 9.58336604526e-05, 0.000381250836654, 0.00359961204231, 0.00455952249467, 0.00105686311144, 4.16515031247e-05, 2.00482754735e-05, 6.3747043896e-05, 0.000517917971592, 0.000320824503433, 0.000380361132557, 0.00027811396285, 0, 0, 0, 3.57093886123e-05, 6.05020250077e-05, 0.00110197078902, 0.00167768355459, 0.000452808657428, 5.75397716602e-05, 1.49129236888e-05, 0, 0.01326588355]
        var: [0.135376155376, 0.0443970561028, 0.0233544260263, 0.0281389523298, 0.0291674509645, 0.0169364344329, 0.0176181066781, 0.0242972169071, 0.0207929965109, 0.0201551262289, 0.0299433041364, 0.0379952341318, 0.0390579551458, 0.048373863101, 0.0889959409833, 0.11935518682, 0.044914174825, 0.0236173216254, 0.0301591940224, 0.0424674861133, 0.118692614138, 0.138352051377, 0.0454560220242, 0.0443329587579, 0.0499275922775, 0.0357017479837, 0.0339702181518, 0.0549182742834, 0.0523640848696, 0.0491285696626, 0.0987999886274, 0.0397479906678, 0.0307107754052, 0.02958115004, 0.0269247759134, 0.066504701972]
    chords_histogram: [18.6915893555, 3.73831772804, 27.5700931549, 0.467289716005, 0, 0, 0, 0, 0, 0, 0, 0, 0, 0, 0, 0, 0, 49.5327110291, 0, 0, 0, 0, 0, 0]
    thpcp: [1, 0.550934135914, 0.214562490582, 0.219426140189, 0.219559773803, 0.19144512713, 0.187783896923, 0.193462848663, 0.175232335925, 0.176402911544, 0.222747683525, 0.250613808632, 0.25023034215, 0.34698793292, 0.708870828152, 0.821747601032, 0.440499067307, 0.20494183898, 0.221310988069, 0.352321773767, 0.77911901474, 0.858326733112, 0.450632125139, 0.313619077206, 0.303274005651, 0.237626314163, 0.232105314732, 0.295881032944, 0.328026682138, 0.546832561493, 0.700728237629, 0.443192541599, 0.250047296286, 0.230480983853, 0.228096663952, 0.678583860397]
    chords_key: "D"
    chords_scale: "minor"
    key_key: "D"
    key_scale: "major"
    chords_progression: ["F#m", "F#m", "D", "D", "D", "D", "F#m", "F#m", "F#m", "F#m", "F#m", "F#m", "D", "D", "D", "D", "D", "D", "D", "D", "D", "D", "D", "D", "D", "D", "D", "D", "D", "D", "D", "D", "D", "D", "D", "D", "D", "D", "D", "D", "D", "D", "D", "D", "D", "D", "D", "D", "Dm", "Dm", "Dm", "Dm", "Dm", "Dm", "Dm", "Dm", "Dm", "Dm", "Dm", "Dm", "Dm", "Dm", "Dm", "Dm", "Dm", "Dm", "Dm", "Dm", "Dm", "Dm", "Dm", "Dm", "Dm", "Dm", "Dm", "Dm", "Dm", "Dm", "Dm", "Dm", "Dm", "Dm", "Dm", "Dm", "Dm", "Dm", "Dm", "Dm", "Dm", "Dm", "Dm", "Dm", "Dm", "Dm", "Dm", "Dm", "Dm", "Dm", "Dm", "Dm", "Dm", "Dm", "Dm", "Dm", "Dm", "Dm", "Dm", "Dm", "Dm", "Dm", "Dm", "Dm", "Dm", "Dm", "Dm", "Dm", "Dm", "Dm", "Dm", "Dm", "Dm", "Dm", "Dm", "Dm", "Dm", "Dm", "Dm", "Dm", "Dm", "Dm", "Dm", "Dm", "Dm", "Dm", "Dm", "Dm", "Dm", "Dm", "Dm", "Dm", "Dm", "Dm", "Dm", "Dm", "Dm", "Dm", "Dm", "Dm", "C#m", "A", "A", "A", "A", "A", "A", "A", "A", "A", "A", "A", "A", "A", "A", "A", "A", "A", "A", "A", "A", "A", "A", "A", "A", "A", "A", "A", "A", "A", "A", "A", "A", "A", "A", "A", "A", "A", "A", "A", "A", "A", "A", "A", "A", "A", "A", "A", "A", "A", "A", "A", "A", "A", "A", "A", "A", "A", "A", "Dm", "Dm", "A", "Dm", "Dm", "Dm", "Dm"]
