
metadata:
    version:
        essentia: "1.2.2"
    audio_properties:
        analysis_sample_rate: 44100
        bitrate: 128
        channels: 2
        equal_loudness: 1
        length: 10.0310201645
        replay_gain: -0.869758605957
        downmix: "mix"
    tags:
        track: 19
        year: 0
        album: "Splitted by Mp3Splt v. 2.1"
        artist: "From 003.00 To 003.10"
        comment: "http://mp3splt.sf.net"
        genre: ""
        title: "11 Track 11.mp3"

highlevel:
    ballroom:
        all:
            ChaChaCha: 0.0097005199641
            Jive: 0.00331347994506
            Quickstep: 0.000217629683902
            Rumba-American: 0.00228737411089
            Rumba-International: 0.819488227367
            Rumba-Misc: 0.147347599268
            Samba: 0.00244907219894
            Tango: 0.00101158383768
            VienneseWaltz: 0.00750252790749
            Waltz: 0.00668199500069
        probability: 0.819488227367
        value: "Rumba-International"
    culture:
        all:
            non_western: 0.871585190296
            western: 0.128414839506
        probability: 0.871585190296
        value: "non_western"
    gender:
        all:
            female: 0.748727858067
            male: 0.251272141933
        probability: 0.748727858067
        value: "female"
    genre_dortmund:
        all:
            alternative: 0.00943573378026
            blues: 4.1047554987e-05
            electronic: 0.975661814213
            folkcountry: 0.000516156665981
            funksoulrnb: 0.00081670936197
            jazz: 0.0076086553745
            pop: 0.00105115736369
            raphiphop: 0.000211327089346
            rock: 0.00465737702325
        probability: 0.975661814213
        value: "electronic"
    genre_electronica:
        all:
            ambient: 0.954455077648
            dnb: 0.00954105518758
            house: 0.00245496979915
            techno: 0.0104017043486
            trance: 0.023147188127
        probability: 0.954455077648
        value: "ambient"
    genre_rosamerica:
        all:
            cla: 0.134241461754
            dan: 0.0444257818162
            hip: 0.049621026963
            jaz: 0.245643526316
            pop: 0.0236660689116
            rhy: 0.0822268798947
            roc: 0.410302370787
            spe: 0.00987287703902
        probability: 0.410302370787
        value: "roc"
    genre_tzanetakis:
        all:
            blu: 0.134414806962
            cla: 0.349462538958
            cou: 0.0303260888904
            dis: 0.0269236322492
            hip: 0.0409981235862
            jaz: 0.18214122951
            met: 0.0354333817959
            pop: 0.0481046102941
            reg: 0.0916316285729
            roc: 0.0605639666319
        probability: 0.349462538958
        value: "cla"
    live_studio:
        all:
            live: 0.319963395596
            studio: 0.680036604404
        probability: 0.680036604404
        value: "studio"
    mood:
        all:
            Cluster1: 0.0919763445854
            Cluster2: 0.00295404647477
            Cluster3: 0.0120033342391
            Cluster4: 0.00309971789829
            Cluster5: 0.889966547489
        probability: 0.889966547489
        value: "Cluster5"
    mood_acoustic:
        all:
            acoustic: 0.278318792582
            not_acoustic: 0.721681177616
        probability: 0.721681177616
        value: "not_acoustic"
    mood_aggressive:
        all:
            aggressive: 0.966893851757
            not_aggressive: 0.0331061258912
        probability: 0.966893851757
        value: "aggressive"
    mood_electronic:
        all:
            electronic: 0.928455650806
            not_electronic: 0.0715443193913
        probability: 0.928455650806
        value: "electronic"
    mood_happy:
        all:
            happy: 0.057825345546
            not_happy: 0.94217467308
        probability: 0.94217467308
        value: "not_happy"
    mood_party:
        all:
            not_party: 0.943939447403
            party: 0.0560605600476
        probability: 0.943939447403
        value: "not_party"
    mood_relaxed:
        all:
            not_relaxed: 0.184562683105
            relaxed: 0.815437316895
        probability: 0.815437316895
        value: "relaxed"
    mood_sad:
        all:
            not_sad: 0.294890135527
            sad: 0.705109894276
        probability: 0.705109894276
        value: "sad"
    rhythm:
        all:
            fast: 0.0253890641034
            medium: 0.725837409496
            slow: 0.248773500323
        probability: 0.725837409496
        value: "medium"
    speech_music:
        all:
            music: 0.999999880791
            speech: 1.00000008274e-07
        probability: 0.999999880791
        value: "music"
    timbre:
        all:
            bright: 0.0852054134011
            dark: 0.914794564247
        probability: 0.914794564247
        value: "dark"
    voice_instrumental:
        all:
            instrumental: 0.999995708466
            voice: 4.26442920798e-06
        probability: 0.999995708466
        value: "instrumental"

lowlevel:
    average_loudness: 0.971338927746
    barkbands_kurtosis:
        dmean: 2.03494882584
        dmean2: 3.45242881775
        dvar: 7.39948225021
        dvar2: 21.2926673889
        max: 25.4482307434
        mean: 3.43260598183
        min: -0.93324637413
        var: 11.1555480957
    barkbands_skewness:
        dmean: 0.447798222303
        dmean2: 0.77210611105
        dvar: 0.133417904377
        dvar2: 0.369867801666
        max: 3.52800750732
        mean: 0.822623312473
        min: -1.21275961399
        var: 0.417936772108
    barkbands_spread:
        dmean: 0.820548355579
        dmean2: 1.22575044632
        dvar: 0.735763311386
        dvar2: 1.54183495045
        max: 14.5982017517
        mean: 4.04465293884
        min: 0.713633179665
        var: 4.01299953461
    dissonance:
        dmean: 0.043799303472
        dmean2: 0.0698240101337
        dvar: 0.0014875207562
        dvar2: 0.00348930223845
        max: 0.49867233634
        mean: 0.376819074154
        min: 0.19796320796
        var: 0.00342301977798
    hfc:
        dmean: 0.424780368805
        dmean2: 0.650527954102
        dvar: 0.952969431877
        dvar2: 2.16046857834
        max: 12.0591497421
        mean: 1.4291793108
        min: 1.24348616737e-06
        var: 1.47462511063
    pitch:
        dmean: 84.4468994141
        dmean2: 163.66885376
        dvar: 10506.3876953
        dvar2: 23168.0234375
        max: 558.227844238
        mean: 206.597686768
        min: 67.74193573
        var: 13300.6484375
    pitch_instantaneous_confidence:
        dmean: 0.0635929480195
        dmean2: 0.102154150605
        dvar: 0.00314721977338
        dvar2: 0.00800444278866
        max: 0.791422188282
        mean: 0.431930601597
        min: 0.0269237756729
        var: 0.0124564627185
    pitch_salience:
        dmean: 0.0833353251219
        dmean2: 0.148714393377
        dvar: 0.00504577998072
        dvar2: 0.017385173589
        max: 0.831567525864
        mean: 0.637590289116
        min: 0.330691576004
        var: 0.00883420743048
    silence_rate_20dB:
        dmean: 0
        dmean2: 0
        dvar: 0
        dvar2: 0
        max: 1
        mean: 1
        min: 1
        var: 0
    silence_rate_30dB:
        dmean: 0
        dmean2: 0
        dvar: 0
        dvar2: 0
        max: 1
        mean: 1
        min: 1
        var: 0
    silence_rate_60dB:
        dmean: 0.0717592611909
        dmean2: 0.14385150373
        dvar: 0.0666102468967
        dvar2: 0.160280495882
        max: 1
        mean: 0.0946882218122
        min: 0
        var: 0.0857219025493
    spectral_centroid:
        dmean: 41.0727882385
        dmean2: 73.0567245483
        dvar: 1247.31652832
        dvar2: 3190.23510742
        max: 547.176086426
        mean: 254.621307373
        min: 128.515045166
        var: 4433.77636719
    spectral_complexity:
        dmean: 1.23897910118
        dmean2: 1.97906970978
        dvar: 1.70391321182
        dvar2: 3.3460817337
        max: 16
        mean: 6.14814805984
        min: 0
        var: 5.59842729568
    spectral_crest:
        dmean: 2.19521832466
        dmean2: 3.8949906826
        dvar: 3.12549877167
        dvar2: 9.25498104095
        max: 19.2464256287
        mean: 11.2969713211
        min: 4.23646068573
        var: 7.98885822296
    spectral_decrease:
        dmean: 4.64794730481e-10
        dmean2: 7.92563903396e-10
        dvar: 3.09720332029e-19
        dvar2: 7.88284305404e-19
        max: -2.49263648696e-15
        mean: -1.40234546198e-09
        min: -6.19693496517e-09
        var: 5.1072095573e-19
    spectral_energy:
        dmean: 0.00179016089533
        dmean2: 0.00304594170302
        dvar: 4.71316525363e-06
        dvar2: 1.19092974273e-05
        max: 0.0244431179017
        mean: 0.00542240450159
        min: 9.52057543913e-09
        var: 7.78872436058e-06
    spectral_energyband_high:
        dmean: 3.8490264842e-07
        dmean2: 4.34120153159e-07
        dvar: 1.26465493893e-12
        dvar2: 1.30054192242e-12
        max: 1.29115105665e-05
        mean: 7.28543113837e-07
        min: 1.8195335863e-11
        var: 4.37304923176e-12
    spectral_energyband_low:
        dmean: 0.0012497860007
        dmean2: 0.00235377857462
        dvar: 2.14077090277e-06
        dvar2: 6.55211897538e-06
        max: 0.0141723221168
        mean: 0.00178467715159
        min: 5.66395996771e-09
        var: 2.34423941947e-06
    spectral_energyband_middle_high:
        dmean: 7.40415853215e-05
        dmean2: 0.000103856240457
        dvar: 3.82855489534e-08
        dvar2: 7.44537302921e-08
        max: 0.0024039184209
        mean: 0.00013857371232
        min: 6.37764910327e-11
        var: 8.80801422909e-08
    spectral_energyband_middle_low:
        dmean: 0.00081864441745
        dmean2: 0.00127050699666
        dvar: 2.4699459118e-06
        dvar2: 5.54081316295e-06
        max: 0.0200838334858
        mean: 0.0034964592196
        min: 2.54042142878e-09
        var: 4.40777466792e-06
    spectral_flatness_db:
        dmean: 0.0240132119507
        dmean2: 0.0401990264654
        dvar: 0.000497227476444
        dvar2: 0.00106460857205
        max: 0.454402923584
        mean: 0.358743786812
        min: 0.19011503458
        var: 0.00264933309518
    spectral_flux:
        dmean: 0.00826355721802
        dmean2: 0.0124175203964
        dvar: 9.72658017417e-05
        dvar2: 0.000179595182999
        max: 0.102063521743
        mean: 0.0319436453283
        min: 9.75734365056e-05
        var: 0.000244358059717
    spectral_kurtosis:
        dmean: 29.4590320587
        dmean2: 48.021320343
        dvar: 697.044433594
        dvar2: 1566.79589844
        max: 258.539520264
        mean: 124.750892639
        min: 6.20797920227
        var: 3137.03857422
    spectral_rms:
        dmean: 0.000362990831491
        dmean2: 0.000616018020082
        dvar: 1.18736885213e-07
        dvar2: 3.16797013511e-07
        max: 0.00488333310932
        mean: 0.0022404443007
        min: 3.04768218484e-06
        var: 2.70558672355e-07
    spectral_rolloff:
        dmean: 40.7182388306
        dmean2: 73.1628112793
        dvar: 3705.00634766
        dvar2: 8271.78808594
        max: 882.861328125
        mean: 370.10144043
        min: 150.732421875
        var: 8577.83203125
    spectral_skewness:
        dmean: 1.34876096249
        dmean2: 2.16582798958
        dvar: 1.3974558115
        dvar2: 2.83583164215
        max: 13.5805168152
        mean: 8.46450710297
        min: 2.0916724205
        var: 6.93321180344
    spectral_spread:
        dmean: 356818.125
        dmean2: 580702.6875
        dvar: 1.33201382605e+12
        dvar2: 1.43565887898e+12
        max: 20038974
        mean: 991875.875
        min: 412309.8125
        var: 1.41271118643e+12
    spectral_strongpeak:
        dmean: 0.129658699036
        dmean2: 0.236666142941
        dvar: 0.0186950284988
        dvar2: 0.0549863353372
        max: 1.02965164185
        mean: 0.30718293786
        min: 0
        var: 0.0399814769626
    zerocrossingrate:
        dmean: 0.00190327723976
        dmean2: 0.00240506906994
        dvar: 7.10693757355e-06
        dvar2: 1.41806804095e-05
        max: 0.06005859375
        mean: 0.0145082827657
        min: 0.00732421875
        var: 2.89614181384e-05
    barkbands:
        dmean: [1.26004506456e-05, 0.000931350281462, 0.000421583274147, 0.000231672034715, 0.00030476480606, 0.000288519193418, 0.000119260788779, 0.000213288149098, 6.92789108143e-05, 2.94354867947e-05, 3.05890971504e-05, 1.57586928253e-05, 1.02194098872e-05, 7.70666429162e-06, 4.23700066676e-06, 3.65502910427e-06, 1.79206733719e-06, 1.07479741018e-06, 4.70478028092e-07, 3.94625914169e-07, 2.30096105724e-07, 3.42012604904e-08, 1.97826977022e-09, 1.18226739509e-09, 1.09595366116e-09, 1.02564179372e-09, 1.09216213851e-09]
        dmean2: [2.2419511879e-05, 0.00177883612923, 0.000763274962083, 0.000383127684472, 0.000494481239002, 0.000466833531391, 0.000199624395464, 0.000367018161342, 0.000112877161882, 4.81760362163e-05, 5.15862157044e-05, 2.57479732682e-05, 1.55377529154e-05, 1.29047193695e-05, 5.56588247491e-06, 4.46333478976e-06, 2.64639811576e-06, 1.52999848524e-06, 7.12896621735e-07, 4.82620237108e-07, 2.86464285182e-07, 4.02878370664e-08, 2.49762366344e-09, 1.43090916893e-09, 1.33672195535e-09, 1.24110488553e-09, 1.3235095242e-09]
        dvar: [1.55991136674e-10, 1.24066889384e-06, 2.65530871957e-07, 7.4989664256e-08, 8.70079830406e-08, 1.66273977698e-07, 6.41251673983e-08, 6.84885264945e-07, 3.86216747472e-08, 4.39913261374e-09, 7.94134624726e-09, 1.27656618609e-09, 5.79472914097e-10, 6.81194989305e-10, 1.16459730748e-10, 8.90520088226e-11, 2.46809291754e-11, 8.12871731731e-12, 1.80351133333e-12, 1.2090467516e-12, 6.15084534954e-13, 1.1385688128e-14, 3.35308235975e-16, 2.94407608991e-16, 2.77905342535e-16, 2.61772885371e-16, 2.98164305991e-16]
        dvar2: [4.13309025893e-10, 3.86596957469e-06, 7.35978403554e-07, 2.02544995886e-07, 2.11432734432e-07, 4.37128193198e-07, 1.3380943642e-07, 1.77519314093e-06, 1.01253874618e-07, 1.11502886924e-08, 1.82041333119e-08, 2.64089417001e-09, 1.12634790383e-09, 1.51762069578e-09, 1.92391574894e-10, 1.16805620731e-10, 4.436742293e-11, 1.39128968762e-11, 4.13646243994e-12, 1.60598086479e-12, 1.21390950677e-12, 1.4617074776e-14, 3.42102604883e-16, 2.95051777547e-16, 2.78014265679e-16, 2.62577222564e-16, 2.99155890405e-16]
        max: [0.000155379384523, 0.0106289731339, 0.00588794331998, 0.00204733805731, 0.00509606208652, 0.00397586729378, 0.0030881180428, 0.00862162467092, 0.00230393512174, 0.000785838463344, 0.000861597363837, 0.000372424896341, 0.000260341883404, 0.000289567280561, 0.000130932196043, 0.000108256048406, 4.97504479426e-05, 2.97759415844e-05, 1.29229383674e-05, 1.35227555802e-05, 9.40534300753e-06, 1.25999088141e-06, 3.79559594421e-07, 3.578198573e-07, 3.47654776078e-07, 3.36678567692e-07, 3.59170059028e-07]
        mean: [3.59966979886e-05, 0.00131189322565, 0.00043875805568, 0.000322315696394, 0.00170045171399, 0.000953972397838, 0.000182586285518, 0.000207292599953, 0.000119629308756, 3.95584684156e-05, 3.7072939449e-05, 2.55063187069e-05, 1.5314833945e-05, 1.14793792818e-05, 7.91447109805e-06, 5.9487811086e-06, 3.03904494103e-06, 1.83672614185e-06, 7.40198800031e-07, 6.86280770879e-07, 3.52395034042e-07, 5.64181803497e-08, 3.00694313893e-09, 1.64303581851e-09, 1.52339463266e-09, 1.07430153662e-09, 1.02914599065e-09]
        min: [2.44305820019e-09, 3.06616954049e-09, 1.38841982356e-09, 9.17196318895e-10, 1.11754405729e-09, 3.67334801465e-10, 7.05147190638e-11, 1.52262959185e-11, 4.97067179084e-11, 8.91964106742e-12, 8.19606188474e-12, 1.15321094687e-11, 9.06888453223e-12, 5.71166117874e-12, 4.33551545359e-12, 4.13833941074e-12, 3.35327208709e-12, 3.28076584996e-12, 6.32080585788e-12, 5.25751013905e-12, 3.68519451066e-12, 2.71850077171e-12, 2.03872725993e-12, 1.78713218269e-12, 1.82159799397e-12, 1.39168212544e-12, 5.03515794597e-13]
        var: [1.73962913519e-10, 1.21181483337e-06, 3.47989413285e-07, 8.63161560005e-08, 9.38472282996e-07, 3.97730900659e-07, 9.92990223381e-08, 5.90400986766e-07, 3.82845861679e-08, 5.87124926454e-09, 9.29127352833e-09, 2.75847655828e-09, 1.18989662568e-09, 1.12159814769e-09, 3.95588339863e-10, 2.41987485605e-10, 6.10829373193e-11, 2.26824010963e-11, 3.74823696386e-12, 3.81601694688e-12, 1.25044625262e-12, 2.95485885109e-14, 3.44014411184e-16, 2.94623496513e-16, 2.78056590856e-16, 2.61385420737e-16, 2.97668182912e-16]
    mfcc:
        mean: [-919.775085449, 302.371459961, -11.2593545914, 42.3886146545, -1.5067833662, 4.78858661652, 1.36622917652, -10.7024774551, 1.06186842918, -7.51948356628, -4.02134227753, -0.244854941964, 0.156664147973]
        cov: [[3796.97680664, -369.436523438, -1462.94689941, 413.99395752, -482.910125732, 173.292984009, -160.564559937, -25.7508068085, 201.951126099, -27.7050514221, 125.271980286, 66.4470672607, 31.4164161682], [-369.436523438, 330.435028076, 253.793151855, -137.205505371, 97.3864212036, -33.3672523499, 55.3384895325, 13.46733284, -31.2336502075, 10.0191717148, -17.5097618103, -12.4665298462, -16.1373806], [-1462.94689941, 253.793151855, 770.782653809, -224.394119263, 226.633178711, -77.6805267334, 77.2673492432, 13.6278448105, -107.856880188, 12.636223793, -72.4644241333, -37.1861839294, -18.1183795929], [413.99395752, -137.205505371, -224.394119263, 160.822036743, -61.2896347046, 35.4333610535, -28.9827079773, -9.68958377838, 41.527545929, -14.0224084854, 16.7644176483, 9.65196895599, 8.99788665771], [-482.910125732, 97.3864212036, 226.633178711, -61.2896347046, 125.848106384, -12.2539701462, 37.0219116211, 7.93710851669, -32.7116203308, -1.85228669643, -28.6373558044, -12.6393013, -6.67367458344], [173.292984009, -33.3672523499, -77.6805267334, 35.4333610535, -12.2539701462, 54.6576766968, 10.6868085861, 7.7045006752, 15.6611881256, -5.30715370178, 6.72604799271, 0.59886097908, -1.37221038342], [-160.564559937, 55.3384895325, 77.2673492432, -28.9827079773, 37.0219116211, 10.6868085861, 48.4675216675, 21.0070877075, 2.43589830399, 8.52383327484, -3.21890711784, -3.74281716347, -6.45069932938], [-25.7508068085, 13.46733284, 13.6278448105, -9.68958377838, 7.93710851669, 7.7045006752, 21.0070877075, 35.7922210693, 23.137468338, 15.8856697083, 10.8447999954, -1.6128360033, -8.25678825378], [201.951126099, -31.2336502075, -107.856880188, 41.527545929, -32.7116203308, 15.6611881256, 2.43589830399, 23.137468338, 62.1752700806, 24.1165485382, 24.716173172, 10.0722589493, -6.44823980331], [-27.7050514221, 10.0191717148, 12.636223793, -14.0224084854, -1.85228669643, -5.30715370178, 8.52383327484, 15.8856697083, 24.1165485382, 44.3082466125, 22.1017189026, 4.55175542831, -5.27481842041], [125.271980286, -17.5097618103, -72.4644241333, 16.7644176483, -28.6373558044, 6.72604799271, -3.21890711784, 10.8447999954, 24.716173172, 22.1017189026, 43.0344581604, 16.9636936188, 0.265747964382], [66.4470672607, -12.4665298462, -37.1861839294, 9.65196895599, -12.6393013, 0.59886097908, -3.74281716347, -1.6128360033, 10.0722589493, 4.55175542831, 16.9636936188, 30.8357372284, 12.7073068619], [31.4164161682, -16.1373806, -18.1183795929, 8.99788665771, -6.67367458344, -1.37221038342, -6.45069932938, -8.25678825378, -6.44823980331, -5.27481842041, 0.265747964382, 12.7073068619, 32.0542755127]]
        icov: [[0.00126486597583, -0.00109938776586, 0.00203001406044, -0.00046952223056, 0.00167708902154, -0.00174089695793, 0.00168931356166, -0.00112101191189, 0.000652872666251, -0.000817241845652, 0.00159182283096, -0.000706982042175, 7.58443056839e-05], [-0.00109938776586, 0.00684168795124, -0.00184958614409, 0.00443123700097, -0.00356258382089, 0.00371381500736, -0.00624583754689, 0.00428300816566, -0.00327751599252, 0.00327372690663, -0.00391733599827, 0.00192818476353, 0.000643597508315], [0.00203001406044, -0.00184958614409, 0.00819671154022, 0.000872068339959, -0.00213387049735, 0.000447356025688, 0.000687012856361, -0.00424261949956, 0.00643752515316, -0.0052530663088, 0.00608427170664, -0.00167287292425, 0.00113114691339], [-0.00046952223056, 0.00443123700097, 0.000872068339959, 0.0166576039046, -0.00356646231376, -0.00239492906258, 7.57057059673e-05, 0.00893538910896, -0.0129432687536, 0.00876531563699, -0.00494977273047, 0.0045767086558, -0.00295478152111], [0.00167708902154, -0.00356258382089, -0.00213387049735, -0.00356646231376, 0.0226257704198, -0.00433220202103, -0.00309898657724, -0.004172464367, 0.00446188077331, -0.00202654534951, 0.00797980371863, -0.00378269166686, 0.00118202075828], [-0.00174089695793, 0.00371381500736, 0.000447356025688, -0.00239492906258, -0.00433220202103, 0.0323158055544, -0.0172392819077, 0.000264853559202, -0.00101482216269, 0.00722685363144, -0.00577247235924, 0.00409134291112, 0.000992474146187], [0.00168931356166, -0.00624583754689, 0.000687012856361, 7.57057059673e-05, -0.00309898657724, -0.0172392819077, 0.0490525625646, -0.0222032498568, 0.00150063773617, -0.00546116055921, 0.00758324330673, -0.00526109198108, -0.000238036940573], [-0.00112101191189, 0.00428300816566, -0.00424261949956, 0.00893538910896, -0.004172464367, 0.000264853559202, -0.0222032498568, 0.0668517127633, -0.0319013223052, 0.00741274468601, -0.0183648522943, 0.0150691717863, -0.000776097527705], [0.000652872666251, -0.00327751599252, 0.00643752515316, -0.0129432687536, 0.00446188077331, -0.00101482216269, 0.00150063773617, -0.0319013223052, 0.0560447685421, -0.0270287711173, 0.0118207093328, -0.0159014891833, 0.0109845707193], [-0.000817241845652, 0.00327372690663, -0.0052530663088, 0.00876531563699, -0.00202654534951, 0.00722685363144, -0.00546116055921, 0.00741274468601, -0.0270287711173, 0.0524586774409, -0.0291274059564, 0.0112275760621, -0.00329698435962], [0.00159182283096, -0.00391733599827, 0.00608427170664, -0.00494977273047, 0.00797980371863, -0.00577247235924, 0.00758324330673, -0.0183648522943, 0.0118207093328, -0.0291274059564, 0.0599946528673, -0.0286231487989, 0.00794048514217], [-0.000706982042175, 0.00192818476353, -0.00167287292425, 0.0045767086558, -0.00378269166686, 0.00409134291112, -0.00526109198108, 0.0150691717863, -0.0159014891833, 0.0112275760621, -0.0286231487989, 0.0584097541869, -0.0226255655289], [7.58443056839e-05, 0.000643597508315, 0.00113114691339, -0.00295478152111, 0.00118202075828, 0.000992474146187, -0.000238036940573, -0.000776097527705, 0.0109845707193, -0.00329698435962, 0.00794048514217, -0.0226255655289, 0.043527148664]]
    spectral_contrast:
        mean: [-2.47792172559e-07, 3.71132045984e-07, 3.12786397672e-07, 8.48193408842e-08, 2.94203090334e-07, -1.93059719322e-07, -7.07011793111e-07, 9.66505879774e-08, -3.64416177945e-06, 9.69127427197e-07, 3.98930296797e-06, 3.11544653187e-07]
        var: [0.000155788628035, 0.000228435746976, 0.000399076408939, 0.00110544846393, 0.00221324036829, 0.003237525234, 0.0277633797377, 0.0641086921096, 0.0951540395617, 0.123908668756, 0.201828584075, 2.00937151909]

rhythm:
    beats_loudness:
        dmean: 0.00686827907339
        dmean2: 0.0129055129364
        dvar: 8.19553224574e-06
        dvar2: 3.02103981085e-05
        max: 0.0172568578273
        mean: 0.00835312902927
        min: 0.00221954938024
        var: 1.85627450264e-05
    beats_loudness_bass:
        dmean: 0.204828336835
        dmean2: 0.390568941832
        dvar: 0.0264958627522
        dvar2: 0.0708952248096
        max: 0.801479697227
        mean: 0.30431202054
        min: 0.153336212039
        var: 0.0304057206959
    bpm: 62.1771430969
    bpm_confidence: 0
    first_peak_bpm: 125
    first_peak_spread: 0
    first_peak_weight: 0.5
    onset_rate: 4.38639307022
    second_peak_bpm: 62
    second_peak_spread: 0
    second_peak_weight: 0.428571432829
    beats_position: [0.0947334393859, 1.05971872807, 2.02470421791, 2.98968958855, 3.95467472076, 4.91965961456, 5.8846449852, 6.39923048019, 6.87809514999, 7.35695934296, 7.83582305908, 8.31468772888, 8.79355144501, 9.27241611481, 9.75128078461]
    bpm_estimates: [62.1171684265, 62.1660842896, 62.1280822754, 62.1858062744, 62.211730957, 62.2540130615]
    bpm_intervals: [0.964985311031, 0.964985489845, 0.964985370636, 0.964985132217, 0.964984893799, 0.964985370636, 0.514585494995, 0.4788646698, 0.478864192963, 0.478863716125, 0.4788646698, 0.478863716125, 0.4788646698, 0.4788646698]
    onset_times: [0.0696598663926, 0.592108845711, 0.835918366909, 1.07972788811, 1.23065757751, 1.27709746361, 1.54412698746, 1.57895696163, 1.98530614376, 2.26394557953, 2.51936507225, 2.75156474113, 3.03020405769, 3.32045340538, 3.49460315704, 3.7151927948, 3.75002264977, 3.95900225639, 4.45823144913, 4.71365070343, 4.95746040344, 5.15482997894, 5.60761928558, 5.74693870544, 5.89786863327, 6.15328788757, 6.39709758759, 6.53641700745, 6.64090681076, 6.88471651077, 7.16335582733, 7.47682523727, 7.51165533066, 7.70902490616, 7.83673477173, 8.16181373596, 8.34757328033, 8.57977294922, 8.83519268036, 8.98612213135, 9.03256225586, 9.31120204926, 9.6014509201, 9.78721046448]
    rubato_start: [6.39923048019]
    rubato_stop: [6.87809514999]
    perceptual_tempo: "unknown"

sfx:
    inharmonicity:
        dmean: 0.0191221926361
        dmean2: 0.035524930805
        dvar: 0.00132199272048
        dvar2: 0.0035321272444
        max: 0.263002812862
        mean: 0.0123369498178
        min: 4.12477533018e-07
        var: 0.000958568591159
    oddtoevenharmonicenergyratio:
        dmean: 1.93638169765
        dmean2: 3.66727304459
        dvar: 25.7201328278
        dvar2: 71.8045501709
        max: 44.4866714478
        mean: 1.15868353844
        min: 3.63436470252e-06
        var: 16.2407360077
    pitch_after_max_to_before_max_energy_ratio: 5.35652112961
    pitch_centroid: 233.899230957
    pitch_max_to_total: 0.201388895512
    pitch_min_to_total: 0.219907402992
    tristimulus:
        dmean: [0.236179858446, 0.240495249629, 0.0076093589887]
        dmean2: [0.427319437265, 0.438256382942, 0.0137010710314]
        dvar: [0.0566245280206, 0.0584606528282, 0.000128003332065]
        dvar2: [0.145228907466, 0.152312755585, 0.000394355651224]
        max: [0.997715473175, 0.906345129013, 0.0998476222157]
        mean: [0.75692152977, 0.229109078646, 0.00703638512641]
        min: [0.0734332352877, 0, 0]
        var: [0.062009356916, 0.0609910450876, 0.000130830376293]

tonal:
    chords_changes_rate: 0.0460829511285
    chords_number_rate: 0.0230414755642
    chords_strength:
        dmean: 0.00492322351784
        dmean2: 0.00592522742227
        dvar: 1.61532825587e-05
        dvar2: 2.64867867372e-05
        max: 0.431549370289
        mean: 0.359389692545
        min: 0.271953880787
        var: 0.00180437532254
    key_strength: 0.414745032787
    tuning_diatonic_strength: 0.273718684912
    tuning_equal_tempered_deviation: 0.196004539728
    tuning_frequency: 433.191070557
    tuning_nontempered_energy_ratio: 0.791083991528
    hpcp:
        dmean: [0.0258972793818, 0.0190354734659, 0.019857538864, 0.0335699245334, 0.033896766603, 0.046456951648, 0.0393222160637, 0.0449904352427, 0.0443809181452, 0.0446284301579, 0.0319524742663, 0.0849425792694, 0.118630200624, 0.0905432999134, 0.0282418355346, 0.049174554646, 0.109525725245, 0.210270702839, 0.27918985486, 0.267999380827, 0.242106318474, 0.170083835721, 0.122226238251, 0.105007082224, 0.114303693175, 0.128593415022, 0.104267947376, 0.0582093782723, 0.0631077513099, 0.113961584866, 0.167585358024, 0.132179111242, 0.0806662142277, 0.0428305566311, 0.0342890061438, 0.0318391770124]
        dmean2: [0.0474945865571, 0.034202542156, 0.0351218059659, 0.0587992407382, 0.0574100539088, 0.0817707851529, 0.0691425651312, 0.077501103282, 0.07571516186, 0.0779323279858, 0.0540214553475, 0.139771938324, 0.203261181712, 0.156527251005, 0.0519674047828, 0.0854439511895, 0.191626235843, 0.352888315916, 0.479690432549, 0.46094378829, 0.423254787922, 0.306144922972, 0.217227742076, 0.182195439935, 0.213678583503, 0.219665065408, 0.162101387978, 0.10689240694, 0.119065232575, 0.204528778791, 0.28842407465, 0.221526578069, 0.143145635724, 0.0755902677774, 0.064341455698, 0.0599523112178]
        dvar: [0.00523491762578, 0.0035322161857, 0.00174439698458, 0.00175096374005, 0.00127714732662, 0.00238125328906, 0.00261223758571, 0.00842765904963, 0.0125842289999, 0.0108603937551, 0.00484637077898, 0.00716560194269, 0.0225447416306, 0.00848278123885, 0.00846660789102, 0.0209198351949, 0.0341940224171, 0.0625148043036, 0.0668736025691, 0.0654947012663, 0.0623591206968, 0.0441228412092, 0.0376389175653, 0.0357522591949, 0.0248192921281, 0.0292767882347, 0.0191625189036, 0.0175870973617, 0.0195255298167, 0.0223975256085, 0.0297856330872, 0.0193977635354, 0.0202630832791, 0.0146637810394, 0.00730232102796, 0.00745167164132]
        dvar2: [0.0144934095442, 0.00983921531588, 0.00455389125273, 0.00447922945023, 0.00327205494978, 0.00660621747375, 0.00671977875754, 0.0222789328545, 0.0344366803765, 0.0274074729532, 0.00996958371252, 0.0170188266784, 0.0523939058185, 0.0214253328741, 0.0233857966959, 0.0563823617995, 0.0851046741009, 0.127462074161, 0.143947422504, 0.143554776907, 0.174164369702, 0.123452551663, 0.0955737233162, 0.0919803082943, 0.0720517411828, 0.0805813297629, 0.0444145686924, 0.0494146980345, 0.0548081062734, 0.0622958466411, 0.078629270196, 0.0524303019047, 0.0552462860942, 0.0374334789813, 0.0217619743198, 0.0213126074523]
        max: [0.665532827377, 0.557899177074, 0.302422046661, 0.311894565821, 0.3947737813, 0.354113250971, 0.387091100216, 0.613990306854, 0.839704334736, 1, 0.594249308109, 0.63050109148, 1, 0.878864884377, 0.792883694172, 1, 1, 1, 1, 1, 1, 1, 1, 1, 1, 1, 1, 0.744349360466, 0.800152540207, 1, 1, 0.937222242355, 1, 1, 0.569225013256, 0.622119665146]
        mean: [0.0197262000293, 0.0148219577968, 0.015930717811, 0.0376279242337, 0.067427136004, 0.0575658455491, 0.0377611070871, 0.0414574220777, 0.0397163704038, 0.0377055853605, 0.0338823460042, 0.370050221682, 0.715638518333, 0.36673027277, 0.021045345813, 0.0356432795525, 0.090695515275, 0.231350749731, 0.366275370121, 0.378706514835, 0.279571741819, 0.179076746106, 0.129703000188, 0.0838834345341, 0.170635744929, 0.3893674016, 0.273685902357, 0.0433515012264, 0.0419223532081, 0.118161797523, 0.308887422085, 0.279360592365, 0.0825893878937, 0.0301343630999, 0.0224064923823, 0.0225055105984]
        min: [0, 0, 0, 0, 0, 0, 0, 0, 0, 0, 0, 0, 0, 0, 0, 0, 0, 0, 0, 0, 0, 0, 0, 0, 0, 0, 0, 0, 0, 0, 0, 0, 0, 0, 0, 0]
        var: [0.00343161844648, 0.00230831722729, 0.00136613054201, 0.00198321137577, 0.00299413851462, 0.00288978847675, 0.00266493530944, 0.00659334659576, 0.00923117436469, 0.00938991364092, 0.00590618094429, 0.0269834604114, 0.104349672794, 0.0304440874606, 0.0054723219946, 0.0146638741717, 0.0310556236655, 0.10101070255, 0.115343727171, 0.110823184252, 0.0891684368253, 0.0471143908799, 0.0361248850822, 0.0298607069999, 0.0232419855893, 0.0758668109775, 0.0431276485324, 0.0107684507966, 0.0129385786131, 0.023184094578, 0.0531161166728, 0.0379335992038, 0.016123522073, 0.0107333604246, 0.00422123586759, 0.00443352246657]
    chords_histogram: [0, 0, 11.9815664291, 0, 0, 27.1889400482, 0, 0, 0, 0, 0, 0, 17.9723510742, 0, 0, 0, 0, 0, 7.37327194214, 35.48387146, 0, 0, 0, 0]
    thpcp: [1, 0.512451827526, 0.0294077880681, 0.0498062632978, 0.1267336905, 0.323278784752, 0.511816203594, 0.52918690443, 0.390660554171, 0.250233530998, 0.181240946054, 0.117214813828, 0.238438457251, 0.544083893299, 0.382435947657, 0.0605773739517, 0.0585803464055, 0.165113806725, 0.431624919176, 0.390365511179, 0.115406572819, 0.0421083569527, 0.0313097909093, 0.0314481556416, 0.0275644753128, 0.0207115150988, 0.0222608447075, 0.052579510957, 0.0942195430398, 0.0804398357868, 0.0527656152844, 0.0579306744039, 0.0554978102446, 0.0526880323887, 0.0473456159234, 0.517090976238]
    chords_key: "C#"
    chords_scale: "minor"
    key_key: "F#"
    key_scale: "major"
    chords_progression: ["C", "C", "Cm", "C", "C", "C", "C", "Cm", "Cm", "Cm", "Cm", "Cm", "Cm", "Cm", "Cm", "Cm", "Cm", "Cm", "Cm", "Cm", "Cm", "Cm", "Cm", "Cm", "Cm", "Cm", "Cm", "Cm", "Cm", "Cm", "Cm", "Cm", "Cm", "Cm", "Cm", "Cm", "Cm", "Cm", "Cm", "Cm", "Cm", "Cm", "Cm", "Cm", "Cm", "Cm", "Cm", "Cm", "Cm", "Cm", "Cm", "C#m", "C#m", "C#m", "C#m", "C#m", "C#m", "C#m", "C#m", "C#m", "C#m", "C#m", "C#m", "C#m", "C#m", "C#m", "C#m", "C#m", "C#m", "C#m", "C#m", "C#m", "C#m", "C#m", "C#m", "C#m", "C#m", "C#m", "C#m", "C#m", "C#m", "A", "A", "A", "A", "A", "A", "A", "A", "A", "A", "A", "A", "A", "A", "A", "A", "C#m", "C#m", "C#m", "C#m", "C#m", "C#m", "C#m", "C#m", "C#m", "C#m", "C#m", "C#m", "C#m", "C#m", "C#m", "C#m", "C#m", "C#m", "C#m", "C#m", "C#m", "C#m", "C#m", "C#m", "C#m", "C#m", "C#m", "C#m", "C#m", "C#m", "C#m", "C#m", "C#m", "C#m", "C#m", "C#m", "C#m", "C#m", "C#m", "C#m", "C#m", "C#m", "C#m", "C#m", "C#m", "C", "C", "C", "C", "C", "C", "C", "C", "C", "C", "C", "C", "C", "C", "C", "C", "C", "C", "C", "C", "C", "C", "C", "C", "C", "C", "C", "C", "C", "C", "C", "C", "C", "Cm", "Cm", "Cm", "Cm", "Cm", "Cm", "Cm", "Cm", "Cm", "Cm", "Cm", "Cm", "Cm", "Cm", "C#m", "C#m", "C#", "C#", "C#", "C#", "C#", "C#", "C#", "C#", "C#", "C#", "C#", "C#", "C#", "C#", "C#", "C#", "C#", "C#", "C#", "C#", "C#", "C#", "C#", "C#", "C#", "C#"]
