
metadata:
    version:
        essentia: "1.2.2"
    audio_properties:
        analysis_sample_rate: 44100
        bitrate: 128
        channels: 2
        equal_loudness: 1
        length: 10.0310201645
        replay_gain: -8.29368209839
        downmix: "mix"
    tags:
        track: 14
        year: 0
        album: "Splitted by Mp3Splt v. 2.1"
        artist: "From 002.10 To 002.20"
        comment: "http://mp3splt.sf.net"
        genre: ""
        title: "15 London Girl.mp3"

highlevel:
    ballroom:
        all:
            ChaChaCha: 0.13671900332
            Jive: 0.257004201412
            Quickstep: 0.267343193293
            Rumba-American: 0.00613336358219
            Rumba-International: 0.0125740068033
            Rumba-Misc: 0.0104695791379
            Samba: 0.1617744416
            Tango: 0.0868581235409
            VienneseWaltz: 0.0390490442514
            Waltz: 0.022075034678
        probability: 0.267343193293
        value: "Quickstep"
    culture:
        all:
            non_western: 0.149046376348
            western: 0.850953638554
        probability: 0.850953638554
        value: "western"
    gender:
        all:
            female: 0.0216009803116
            male: 0.978399038315
        probability: 0.978399038315
        value: "male"
    genre_dortmund:
        all:
            alternative: 0.0363414920866
            blues: 0.176782771945
            electronic: 0.00696018245071
            folkcountry: 0.146237760782
            funksoulrnb: 0.0118405465037
            jazz: 0.270685553551
            pop: 0.0459976159036
            raphiphop: 0.00545619195327
            rock: 0.299697875977
        probability: 0.299697875977
        value: "rock"
    genre_electronica:
        all:
            ambient: 0.621577441692
            dnb: 0.22484049201
            house: 0.0505868196487
            techno: 0.0184914506972
            trance: 0.084503762424
        probability: 0.621577441692
        value: "ambient"
    genre_rosamerica:
        all:
            cla: 0.066363684833
            dan: 0.0353462807834
            hip: 0.0256907604635
            jaz: 0.245999276638
            pop: 0.474985599518
            rhy: 0.0363250933588
            roc: 0.108764201403
            spe: 0.00652509648353
        probability: 0.474985599518
        value: "pop"
    genre_tzanetakis:
        all:
            blu: 0.00480488594621
            cla: 0.0253265406936
            cou: 0.0629750415683
            dis: 0.0574354603887
            hip: 0.00366715574637
            jaz: 0.472222238779
            met: 0.00286633055657
            pop: 0.266569375992
            reg: 0.0232865512371
            roc: 0.0808464065194
        probability: 0.472222238779
        value: "jaz"
    live_studio:
        all:
            live: 0.200987026095
            studio: 0.799012959003
        probability: 0.799012959003
        value: "studio"
    mood:
        all:
            Cluster1: 0.385934025049
            Cluster2: 0.24584504962
            Cluster3: 0.0547657459974
            Cluster4: 0.225915938616
            Cluster5: 0.0875392332673
        probability: 0.385934025049
        value: "Cluster1"
    mood_acoustic:
        all:
            acoustic: 0.591847956181
            not_acoustic: 0.408152043819
        probability: 0.591847956181
        value: "acoustic"
    mood_aggressive:
        all:
            aggressive: 0.0956915616989
            not_aggressive: 0.904308438301
        probability: 0.904308438301
        value: "not_aggressive"
    mood_electronic:
        all:
            electronic: 0.156522497535
            not_electronic: 0.843477487564
        probability: 0.843477487564
        value: "not_electronic"
    mood_happy:
        all:
            happy: 0.728334605694
            not_happy: 0.271665394306
        probability: 0.728334605694
        value: "happy"
    mood_party:
        all:
            not_party: 0.544469475746
            party: 0.455530524254
        probability: 0.544469475746
        value: "not_party"
    mood_relaxed:
        all:
            not_relaxed: 0.382785141468
            relaxed: 0.617214858532
        probability: 0.617214858532
        value: "relaxed"
    mood_sad:
        all:
            not_sad: 0.5
            sad: 0.5
        probability: 0.5
        value: "not_sad"
    rhythm:
        all:
            fast: 0.861345589161
            medium: 0.133463472128
            slow: 0.00519094895571
        probability: 0.861345589161
        value: "fast"
    speech_music:
        all:
            music: 0.994171202183
            speech: 0.00582882622257
        probability: 0.994171202183
        value: "music"
    timbre:
        all:
            bright: 0.999982953072
            dark: 1.70384118974e-05
        probability: 0.999982953072
        value: "bright"
    voice_instrumental:
        all:
            instrumental: 0.66113871336
            voice: 0.338861256838
        probability: 0.66113871336
        value: "instrumental"

lowlevel:
    average_loudness: 0.967173755169
    barkbands_kurtosis:
        dmean: 1.1411523819
        dmean2: 1.71677434444
        dvar: 4.57988882065
        dvar2: 9.35428142548
        max: 24.2681732178
        mean: -0.167647331953
        min: -1.7554718256
        var: 9.4570646286
    barkbands_skewness:
        dmean: 0.501662492752
        dmean2: 0.743786334991
        dvar: 0.204222127795
        dvar2: 0.442779660225
        max: 4.61163663864
        mean: 0.417237281799
        min: -1.71849787235
        var: 0.914368867874
    barkbands_spread:
        dmean: 5.91673851013
        dmean2: 8.95255374908
        dvar: 27.6522655487
        dvar2: 63.7981452942
        max: 66.8341369629
        mean: 30.9456920624
        min: 4.11064338684
        var: 111.200950623
    dissonance:
        dmean: 0.0195629112422
        dmean2: 0.0319467931986
        dvar: 0.000365535815945
        dvar2: 0.000916933931876
        max: 0.499164879322
        mean: 0.460465371609
        min: 0.26229223609
        var: 0.000823695154395
    hfc:
        dmean: 1.55010080338
        dmean2: 2.12803792953
        dvar: 3.43275332451
        dvar2: 5.91873407364
        max: 28.5000476837
        mean: 4.31133365631
        min: 0.00632666936144
        var: 14.4833898544
    pitch:
        dmean: 411.486602783
        dmean2: 801.687805176
        dvar: 970100
        dvar2: 2448045.5
        max: 4009.09082031
        mean: 496.591094971
        min: 97.566368103
        var: 735634.1875
    pitch_instantaneous_confidence:
        dmean: 0.116426371038
        dmean2: 0.183760255575
        dvar: 0.0103750545532
        dvar2: 0.0241652205586
        max: 0.843773961067
        mean: 0.467139571905
        min: 0.12429946661
        var: 0.0270490720868
    pitch_salience:
        dmean: 0.0669716522098
        dmean2: 0.105444826186
        dvar: 0.00352502427995
        dvar2: 0.00883978698403
        max: 0.827059686184
        mean: 0.570365309715
        min: 0.230496421456
        var: 0.00935916975141
    silence_rate_20dB:
        dmean: 0
        dmean2: 0
        dvar: 0
        dvar2: 0
        max: 1
        mean: 1
        min: 1
        var: 0
    silence_rate_30dB:
        dmean: 0
        dmean2: 0
        dvar: 0
        dvar2: 0
        max: 1
        mean: 1
        min: 1
        var: 0
    silence_rate_60dB:
        dmean: 0.132701426744
        dmean2: 0.266033262014
        dvar: 0.11509180069
        dvar2: 0.233263462782
        max: 1
        mean: 0.64066195488
        min: 0
        var: 0.230214804411
    spectral_centroid:
        dmean: 274.803955078
        dmean2: 414.554412842
        dvar: 50933.6484375
        dvar2: 123157.492188
        max: 2988.6184082
        mean: 1425.35107422
        min: 400.177307129
        var: 231662.171875
    spectral_complexity:
        dmean: 3.11192202568
        dmean2: 4.4317073822
        dvar: 9.19914340973
        dvar2: 16.6112136841
        max: 38
        mean: 9
        min: 0
        var: 37.4077682495
    spectral_crest:
        dmean: 2.41718697548
        dmean2: 3.88387274742
        dvar: 5.04458379745
        dvar2: 10.020866394
        max: 23.3015708923
        mean: 7.7296628952
        min: 2.33714222908
        var: 18.6030921936
    spectral_decrease:
        dmean: 2.92321417072e-10
        dmean2: 4.04450140046e-10
        dvar: 1.7534932639e-19
        dvar2: 3.27140367989e-19
        max: -7.1610219924e-13
        mean: -7.86781084727e-10
        min: -5.6694093864e-09
        var: 5.95402381868e-19
    spectral_energy:
        dmean: 0.00122447893955
        dmean2: 0.00168817257509
        dvar: 2.88718251795e-06
        dvar2: 5.31170917384e-06
        max: 0.0236165151
        mean: 0.00336054363288
        min: 3.27658040078e-06
        var: 1.0184767234e-05
    spectral_energyband_high:
        dmean: 8.244736091e-05
        dmean2: 0.000119318596262
        dvar: 9.66393365331e-09
        dvar2: 1.85634085881e-08
        max: 0.000961917568929
        mean: 0.00017700533499
        min: 1.33533717417e-07
        var: 2.96182669501e-08
    spectral_energyband_low:
        dmean: 0.000104920894955
        dmean2: 0.000176590721821
        dvar: 3.83145604133e-08
        dvar2: 1.03852663358e-07
        max: 0.00203247461468
        mean: 0.000192436142243
        min: 1.92408755595e-09
        var: 4.33036078107e-08
    spectral_energyband_middle_high:
        dmean: 0.000493318890221
        dmean2: 0.000721662247088
        dvar: 3.89472262441e-07
        dvar2: 6.87568217472e-07
        max: 0.00953852012753
        mean: 0.00119845324662
        min: 2.13540283767e-06
        var: 1.42272892845e-06
    spectral_energyband_middle_low:
        dmean: 0.000845576054417
        dmean2: 0.00123268354218
        dvar: 2.31600415646e-06
        dvar2: 4.61481022285e-06
        max: 0.0193918086588
        mean: 0.00179264647886
        min: 5.36641721283e-07
        var: 6.25111852059e-06
    spectral_flatness_db:
        dmean: 0.0176918916404
        dmean2: 0.0266605559736
        dvar: 0.000315189477988
        dvar2: 0.000660100893583
        max: 0.305840849876
        mean: 0.157409489155
        min: 0.0832759514451
        var: 0.00131843960844
    spectral_flux:
        dmean: 0.00879402365535
        dmean2: 0.0139221707359
        dvar: 9.60463876254e-05
        dvar2: 0.00022256806551
        max: 0.118509165943
        mean: 0.0326800197363
        min: 0.00129326304886
        var: 0.000296186830383
    spectral_kurtosis:
        dmean: 1.19800627232
        dmean2: 1.94505620003
        dvar: 1.29407060146
        dvar2: 3.05665969849
        max: 15.3853721619
        mean: 4.01465845108
        min: -0.699835777283
        var: 4.27226448059
    spectral_rms:
        dmean: 0.000323078478687
        dmean2: 0.00044016801985
        dvar: 1.12147226616e-07
        dvar2: 1.87918274719e-07
        max: 0.00480005238205
        mean: 0.0016327847261
        min: 5.65390473639e-05
        var: 6.1259316908e-07
    spectral_rolloff:
        dmean: 509.933135986
        dmean2: 815.530334473
        dvar: 265088.09375
        dvar2: 550709.4375
        max: 5577.09960938
        mean: 2832.76513672
        min: 344.53125
        var: 955811.75
    spectral_skewness:
        dmean: 0.182356402278
        dmean2: 0.285327076912
        dvar: 0.0281545538455
        dvar2: 0.0590807087719
        max: 3.37770795822
        mean: 1.45071125031
        min: 0.485755115747
        var: 0.0994805619121
    spectral_spread:
        dmean: 522172.8125
        dmean2: 726200.375
        dvar: 380818489344
        dvar2: 664262541312
        max: 12103918
        mean: 4527329
        min: 2183515.25
        var: 2.28697387827e+12
    spectral_strongpeak:
        dmean: 0.351218789816
        dmean2: 0.604646325111
        dvar: 0.231071531773
        dvar2: 0.60762822628
        max: 2.68961191177
        mean: 0.495707809925
        min: 0.0127990664914
        var: 0.29742655158
    zerocrossingrate:
        dmean: 0.00932724121958
        dmean2: 0.0106790680438
        dvar: 6.25362736173e-05
        dvar2: 7.57334491936e-05
        max: 0.16552734375
        mean: 0.0838397890329
        min: 0.02001953125
        var: 0.000584634777624
    barkbands:
        dmean: [1.95760616606e-08, 3.26720582962e-05, 7.88855177234e-05, 0.000143142562592, 0.000225164272706, 0.00030246382812, 0.000218766232138, 0.000224558389164, 0.00010118647333, 5.08174998686e-05, 3.41140657838e-05, 4.58340327896e-05, 4.78042311443e-05, 6.21068102191e-05, 0.000122881363495, 0.000101977311715, 0.000136657195981, 8.29018099466e-05, 9.34943454922e-05, 7.30784813641e-05, 4.20563483203e-05, 1.11989820653e-05, 2.42347346102e-06, 1.27843406972e-06, 8.22053038974e-07, 6.04478458399e-08, 2.1827305241e-10]
        dmean2: [2.5806574655e-08, 5.77520804654e-05, 0.000132658067741, 0.000222628266783, 0.000343881489243, 0.00045072165085, 0.000344202562701, 0.000335013726726, 0.000157103699166, 7.4267416494e-05, 5.57847779419e-05, 7.34558125259e-05, 7.77549430495e-05, 0.000104350081529, 0.000207094082725, 0.000162735959748, 0.000218273227802, 0.000136487724376, 0.000143960889545, 0.000109273474663, 6.19595084572e-05, 1.60891486303e-05, 3.1923611914e-06, 1.57460556238e-06, 1.05878461909e-06, 7.23301099015e-08, 3.24731547208e-10]
        dvar: [2.30401957143e-14, 7.08234404456e-09, 2.13544399941e-08, 5.69640263848e-08, 1.33997062335e-07, 7.21143919691e-07, 6.87103181463e-07, 7.04467822743e-07, 9.95593865127e-08, 1.81435808599e-08, 4.61361304716e-09, 1.50501282548e-08, 4.94020158115e-09, 2.37868267305e-08, 7.80193687433e-08, 3.73687569777e-08, 3.75140238873e-08, 2.88541315285e-08, 1.68334413075e-08, 8.20396639512e-09, 2.42631448266e-09, 3.32479516141e-10, 1.51881562882e-11, 1.57698212128e-11, 5.36725611872e-12, 8.28303015911e-14, 2.42936266423e-18]
        dvar2: [2.40114443492e-14, 2.02873433608e-08, 5.62375284119e-08, 1.24614146557e-07, 2.53408160233e-07, 1.32222464799e-06, 1.66347513186e-06, 1.24931182199e-06, 2.4603062343e-07, 2.27004530728e-08, 1.17049054893e-08, 3.09019796418e-08, 1.27050867604e-08, 6.85416026158e-08, 1.83550440624e-07, 9.74920553176e-08, 8.56294306573e-08, 7.25940338953e-08, 3.58593545968e-08, 1.61225575113e-08, 4.87326490273e-09, 7.93575927194e-10, 2.41549211188e-11, 2.21577253073e-11, 8.85034146664e-12, 9.02490904816e-14, 2.47576542865e-18]
        max: [3.03197612084e-06, 0.000858068116941, 0.00184508319944, 0.00223927968182, 0.00338009605184, 0.0103200776502, 0.0132775558159, 0.0153977023438, 0.00439668726176, 0.00258695613593, 0.000840621127281, 0.00207707216032, 0.000658750650473, 0.00232371245511, 0.00256652268581, 0.0021317161154, 0.00217230548151, 0.00274804094806, 0.00201333267614, 0.00112558179535, 0.000537008047104, 0.000243468326516, 6.95032140356e-05, 9.39024539548e-05, 4.08547311963e-05, 6.76479612594e-06, 3.16609813922e-08]
        mean: [1.99628438224e-08, 3.81871141144e-05, 0.000154233101057, 0.000164494587807, 0.00032382865902, 0.00052508112276, 0.000310103903757, 0.000324438791722, 0.000124762140331, 8.34401653265e-05, 4.66658857476e-05, 6.76566633047e-05, 6.6525542934e-05, 8.61125008669e-05, 0.000145305195474, 0.000132159533678, 0.000200803449843, 0.000150630905409, 0.000169790335349, 0.000138721938129, 7.9572913819e-05, 1.92101178982e-05, 4.61470563096e-06, 2.59463581642e-06, 1.4961448187e-06, 9.51279162109e-08, 2.25544152799e-10]
        min: [4.2642460743e-12, 3.96253418966e-10, 1.13517584222e-09, 2.10808148715e-09, 5.50943610733e-08, 3.3128866761e-08, 2.39114577028e-08, 1.03083735326e-07, 4.30701625476e-08, 1.86472508545e-08, 1.00446911233e-07, 3.43818165049e-08, 2.1971739983e-08, 4.07901374899e-08, 1.84446747653e-07, 7.93228664975e-08, 3.68387048866e-07, 4.35581526403e-08, 1.98665574658e-07, 7.76746915676e-08, 6.92004249458e-08, 2.73215317037e-09, 3.93038684932e-10, 1.99542812829e-10, 2.13492792889e-10, 1.07513529329e-11, 9.71210264311e-15]
        var: [2.3197936966e-14, 5.19885112737e-09, 3.10932186665e-08, 7.19246315839e-08, 2.22891415547e-07, 2.00101726477e-06, 9.37864285788e-07, 1.34108927341e-06, 1.05297665698e-07, 4.3775362002e-08, 6.30073770935e-09, 2.26195417952e-08, 6.73138167429e-09, 2.64007056217e-08, 1.05619207602e-07, 4.41121521533e-08, 7.00165543321e-08, 4.33008224832e-08, 4.24584101211e-08, 2.50955789483e-08, 6.16483664118e-09, 5.97597638041e-10, 6.82126646834e-11, 7.19421605622e-11, 1.92345046141e-11, 2.58525243314e-13, 2.45458898458e-18]
    mfcc:
        mean: [-744.568115234, 117.705276489, -53.4411964417, 51.3020896912, -15.2236738205, -3.79302096367, -4.08640956879, -10.2418708801, -4.26513767242, -7.86746883392, -2.68649029732, -1.16975021362, -3.49466919899]
        cov: [[6100.65527344, -691.767700195, 886.815002441, 64.3439712524, 93.6506500244, -1.1619592905, -156.130661011, -27.823589325, -123.743125916, 52.5519218445, 130.646636963, 40.670791626, -105.925483704], [-691.767700195, 579.358947754, -245.257827759, 96.2545013428, -41.729309082, -11.5606641769, 5.56483507156, -42.6787528992, -8.32956123352, -4.96897411346, 7.02668476105, -17.1219787598, 19.1244602203], [886.815002441, -245.257827759, 486.733123779, 4.68969774246, 96.4747772217, 43.4876251221, -6.44609642029, -12.1138648987, -54.9702186584, -24.329120636, 12.6056346893, 14.0159835815, -10.9319725037], [64.3439712524, 96.2545013428, 4.68969774246, 198.718978882, 60.9119796753, 62.7446784973, 52.0312232971, 20.6299324036, -4.51706314087, -8.33723545074, -15.4567174911, 6.20060348511, 23.8076972961], [93.6506500244, -41.729309082, 96.4747772217, 60.9119796753, 114.387153625, 51.2223472595, 40.4687957764, 24.4897098541, 7.22362327576, 1.31072199345, -20.4438514709, -2.83191514015, 8.53362751007], [-1.1619592905, -11.5606641769, 43.4876251221, 62.7446784973, 51.2223472595, 118.297966003, 70.9002304077, 41.5046653748, 13.5218162537, -14.9217844009, -32.3434791565, -1.15974545479, 13.1861286163], [-156.130661011, 5.56483507156, -6.44609642029, 52.0312232971, 40.4687957764, 70.9002304077, 118.709396362, 71.1683120728, 24.8388690948, -3.5929684639, -20.1442813873, 4.41654491425, 16.5966148376], [-27.823589325, -42.6787528992, -12.1138648987, 20.6299324036, 24.4897098541, 41.5046653748, 71.1683120728, 109.966499329, 52.2987480164, 3.74540257454, -18.4648208618, 10.8140068054, 8.71318340302], [-123.743125916, -8.32956123352, -54.9702186584, -4.51706314087, 7.22362327576, 13.5218162537, 24.8388690948, 52.2987480164, 73.8517303467, 30.3367118835, -12.5689573288, 0.444255828857, -2.26689696312], [52.5519218445, -4.96897411346, -24.329120636, -8.33723545074, 1.31072199345, -14.9217844009, -3.5929684639, 3.74540257454, 30.3367118835, 70.3755264282, 29.3237628937, 5.7894654274, -4.92242383957], [130.646636963, 7.02668476105, 12.6056346893, -15.4567174911, -20.4438514709, -32.3434791565, -20.1442813873, -18.4648208618, -12.5689573288, 29.3237628937, 70.8903198242, 20.1564884186, -3.36433315277], [40.670791626, -17.1219787598, 14.0159835815, 6.20060348511, -2.83191514015, -1.15974545479, 4.41654491425, 10.8140068054, 0.444255828857, 5.7894654274, 20.1564884186, 54.7969284058, 18.4663925171], [-105.925483704, 19.1244602203, -10.9319725037, 23.8076972961, 8.53362751007, 13.1861286163, 16.5966148376, 8.71318340302, -2.26689696312, -4.92242383957, -3.36433315277, 18.4663925171, 46.3138198853]]
        icov: [[0.000287025264697, 0.000196399836568, -0.000414159789216, -0.00040499784518, 0.000256291328697, -0.000127678707941, 0.000592986529227, -0.000513579754625, 0.00049934949493, -0.000456819281681, -0.00021492925589, 1.43997085615e-05, 0.000513580627739], [0.000196399836568, 0.00292804697528, 0.00106212089304, -0.00185957842041, 0.00056633958593, 7.37916780054e-05, -0.00027111361851, 0.0014267442748, -0.000167301448528, 0.00065646803705, -0.00135615409818, 0.0010070244316, -0.000288350012852], [-0.000414159789216, 0.00106212089304, 0.0046253753826, 0.000905284425244, -0.00376496626996, -0.00135017430875, 0.000371563452063, 0.000439319905126, 0.00220081792213, 0.00164644722827, -0.00147041061427, -0.000844391877763, 0.00061550643295], [-0.00040499784518, -0.00185957842041, 0.000905284425244, 0.00876125786453, -0.00411055795848, -0.00243025016971, -0.00120618438814, -0.00024467278854, 0.00178707379382, 1.94181734514e-06, 0.000542322522961, -0.00118901161477, -0.00191970763262], [0.000256291328697, 0.00056633958593, -0.00376496626996, -0.00411055795848, 0.0163746066391, -0.00155551021453, -0.00190641789231, -6.21608196525e-05, -0.00101622089278, -0.00395649205893, 0.00353829702362, 0.00195547798648, -0.00129564991221], [-0.000127678707941, 7.37916780054e-05, -0.00135017430875, -0.00243025016971, -0.00155551021453, 0.0171556547284, -0.00842927582562, 0.00166264863219, -0.0028749036137, 0.00201607821509, 0.00395372929052, 4.44917568529e-05, -0.000938859127928], [0.000592986529227, -0.00027111361851, 0.000371563452063, -0.00120618438814, -0.00190641789231, -0.00842927582562, 0.0219212062657, -0.0130422171205, 0.00545316468924, -0.00235117436387, -0.00137681595515, 0.00109203765169, -0.000993105350062], [-0.000513579754625, 0.0014267442748, 0.000439319905126, -0.00024467278854, -6.21608196525e-05, 0.00166264863219, -0.0130422171205, 0.0258720461279, -0.0176287218928, 0.00700225029141, -0.000697025854606, -0.00326439063065, -0.00105760630686], [0.00049934949493, -0.000167301448528, 0.00220081792213, 0.00178707379382, -0.00101622089278, -0.0028749036137, 0.00545316468924, -0.0176287218928, 0.0362710133195, -0.0176683533937, 0.00877264980227, -0.00134945567697, 0.00425296137109], [-0.000456819281681, 0.00065646803705, 0.00164644722827, 1.94181734514e-06, -0.00395649205893, 0.00201607821509, -0.00235117436387, 0.00700225029141, -0.0176683533937, 0.0284175015986, -0.0138343218714, 0.00119122676551, -0.000572450866457], [-0.00021492925589, -0.00135615409818, -0.00147041061427, 0.000542322522961, 0.00353829702362, 0.00395372929052, -0.00137681595515, -0.000697025854606, 0.00877264980227, -0.0138343218714, 0.027243597433, -0.00901637785137, 0.00282254838385], [1.43997085615e-05, 0.0010070244316, -0.000844391877763, -0.00118901161477, 0.00195547798648, 4.44917568529e-05, 0.00109203765169, -0.00326439063065, -0.00134945567697, 0.00119122676551, -0.00901637785137, 0.0265756323934, -0.0113118961453], [0.000513580627739, -0.000288350012852, 0.00061550643295, -0.00191970763262, -0.00129564991221, -0.000938859127928, -0.000993105350062, -0.00105760630686, 0.00425296137109, -0.000572450866457, 0.00282254838385, -0.0113118961453, 0.0299411974847]]
    spectral_contrast:
        mean: [4.953189503e-08, 1.81381849984e-07, -2.72714771654e-07, -1.42392892144e-07, 3.37970647024e-07, 5.15030436077e-08, -1.35021878123e-06, 3.29127601617e-07, 8.62965293891e-07, 5.30510249064e-07, -2.01093342866e-07, -5.61325293802e-07]
        var: [0.000341981998645, 0.000572105054744, 0.00124404241797, 0.00356311583892, 0.00396696804091, 0.00958693493158, 0.0379460640252, 0.0702059194446, 0.0991233363748, 0.303403735161, 0.354009836912, 3.3411154747]

rhythm:
    beats_loudness:
        dmean: 0.00360374548472
        dmean2: 0.00645870389417
        dvar: 8.39005224407e-06
        dvar2: 2.85006699414e-05
        max: 0.0109407035634
        mean: 0.00522426143289
        min: 2.9145503504e-06
        var: 8.09867378848e-06
    beats_loudness_bass:
        dmean: 0.109138980508
        dmean2: 0.210088372231
        dvar: 0.00821660645306
        dvar2: 0.0241857413203
        max: 0.38080573082
        mean: 0.0952707603574
        min: 0.00896249525249
        var: 0.00759591674432
    bpm: 175.640258789
    bpm_confidence: 0
    first_peak_bpm: 176
    first_peak_spread: 0
    first_peak_weight: 0.578947365284
    onset_rate: 4.38639307022
    second_peak_bpm: 85
    second_peak_spread: 0.125
    second_peak_weight: 0.368421047926
    beats_position: [0.407409965992, 1.11380636692, 1.82020258904, 2.52659893036, 3.23299527168, 3.93939161301, 4.64578771591, 5.35218429565, 6.02833461761, 6.36996221542, 6.7115893364, 7.05321645737, 7.39484405518, 7.73647117615, 8.07809829712, 8.41972446442, 8.76135253906, 9.10297966003, 9.44460678101, 9.78623390198]
    bpm_estimates: [174.739151001, 174.975463867, 177.968002319, 174.87840271]
    bpm_intervals: [0.706396400928, 0.706396222115, 0.706396341324, 0.706396341324, 0.706396341324, 0.706396102905, 0.706396579742, 0.67615032196, 0.341627597809, 0.341627120972, 0.341627120972, 0.341627597809, 0.341627120972, 0.341627120972, 0.341626167297, 0.341628074646, 0.341627120972, 0.341627120972, 0.341627120972]
    onset_times: [0.0464399084449, 0.290249437094, 0.406349211931, 0.731428563595, 0.96362811327, 1.09133791924, 1.32353746891, 1.42802715302, 1.75310659409, 2.99537420273, 3.41333341599, 3.5758728981, 3.84290242195, 3.9125623703, 3.99383211136, 4.17959165573, 4.26086187363, 4.49306106567, 4.60916090012, 4.85297060013, 4.95746040344, 5.20126962662, 5.31736946106, 5.66566896439, 5.87464857101, 6.025578022, 6.38548755646, 6.62929725647, 6.98920631409, 7.07047605515, 7.2330160141, 7.32589578629, 7.41877555847, 7.74385499954, 7.98766422272, 8.33596324921, 8.44045352936, 8.6958732605, 8.80036258698, 9.14866256714, 9.4040813446, 9.49696159363, 9.72916126251, 9.84526062012]
    rubato_start: [6.36996221542]
    rubato_stop: [6.7115893364]
    perceptual_tempo: "unknown"

sfx:
    inharmonicity:
        dmean: 0.0449950136244
        dmean2: 0.0797999054193
        dvar: 0.00263453251682
        dvar2: 0.0068732406944
        max: 0.35421231389
        mean: 0.0518959201872
        min: 0
        var: 0.00311390077695
    oddtoevenharmonicenergyratio:
        dmean: 3.01538896561
        dmean2: 5.46639871597
        dvar: 46.7670249939
        dvar2: 136.526550293
        max: 51.3367004395
        mean: 2.31470322609
        min: 0
        var: 30.8018760681
    pitch_after_max_to_before_max_energy_ratio: 1.68489456177
    pitch_centroid: 228.713104248
    pitch_max_to_total: 0.638349533081
    pitch_min_to_total: 0.512135922909
    tristimulus:
        dmean: [0.201319485903, 0.226272746921, 0.125474661589]
        dmean2: [0.345401138067, 0.390335738659, 0.219038560987]
        dvar: [0.0296440850943, 0.0323564000428, 0.0135728390887]
        dvar2: [0.0803001970053, 0.0874126702547, 0.037827629596]
        max: [1, 0.929589927197, 0.58399438858]
        mean: [0.360774219036, 0.463635444641, 0.141781583428]
        min: [0.000708188454155, 0, 0]
        var: [0.0468189269304, 0.0539000630379, 0.0169246923178]

tonal:
    chords_changes_rate: 0.0825242698193
    chords_number_rate: 0.038834951818
    chords_strength:
        dmean: 0.0121933026239
        dmean2: 0.0116746304557
        dvar: 7.96758904471e-05
        dvar2: 9.25121785258e-05
        max: 0.555537462234
        mean: 0.418674051762
        min: 0.262521654367
        var: 0.00549114728346
    key_strength: 0.675962269306
    tuning_diatonic_strength: 0.579440414906
    tuning_equal_tempered_deviation: 0.113883391023
    tuning_frequency: 438.984558105
    tuning_nontempered_energy_ratio: 0.722776651382
    hpcp:
        dmean: [0.169741213322, 0.135907113552, 0.136430442333, 0.147121831775, 0.147218212485, 0.130424484611, 0.117660723627, 0.132462620735, 0.18015730381, 0.21213619411, 0.110161289573, 0.0453368574381, 0.0475577935576, 0.0914770886302, 0.1751383394, 0.208191901445, 0.136278778315, 0.101796977222, 0.0961683541536, 0.091690286994, 0.171445906162, 0.178007006645, 0.106231659651, 0.172271624207, 0.189747780561, 0.146968662739, 0.134056955576, 0.1923853755, 0.186678424478, 0.198600918055, 0.208920434117, 0.140709802508, 0.117728553712, 0.108261547983, 0.119481243193, 0.14785374701]
        dmean2: [0.275105565786, 0.218698114157, 0.231725916266, 0.247258499265, 0.252936422825, 0.228957414627, 0.204779490829, 0.233986929059, 0.297313839197, 0.369897127151, 0.186459630728, 0.0778178498149, 0.0829512476921, 0.154576465487, 0.297451943159, 0.352156549692, 0.23062774539, 0.184332683682, 0.179489970207, 0.165657714009, 0.298422425985, 0.295653194189, 0.178790152073, 0.301812201738, 0.31845253706, 0.249348521233, 0.233570933342, 0.340743541718, 0.321410000324, 0.336776167154, 0.348115384579, 0.23190793395, 0.212086752057, 0.190850377083, 0.215333715081, 0.247421115637]
        dvar: [0.0441858135164, 0.0318942777812, 0.0258653946221, 0.0411335229874, 0.0486443862319, 0.0398660711944, 0.0377205088735, 0.0343719944358, 0.037411056459, 0.0605764761567, 0.0168907493353, 0.00351633829996, 0.00383844878525, 0.0159385371953, 0.0380699299276, 0.050599489361, 0.0329892709851, 0.036638546735, 0.0445919670165, 0.0220986939967, 0.0407936424017, 0.039188887924, 0.0177711099386, 0.0520532950759, 0.0536358468235, 0.0351210422814, 0.0370375476778, 0.0747981369495, 0.0645202621818, 0.0502238199115, 0.0538042895496, 0.0307954605669, 0.0435450002551, 0.0331075750291, 0.0384320616722, 0.0322346948087]
        dvar2: [0.109594367445, 0.0804182812572, 0.0742926001549, 0.0827236771584, 0.125381872058, 0.105053022504, 0.101610668004, 0.0842500329018, 0.0871143341064, 0.143278464675, 0.0464596897364, 0.0100795999169, 0.0103790834546, 0.0453277751803, 0.0946316495538, 0.124949388206, 0.0921009406447, 0.104023121297, 0.12821815908, 0.0612177886069, 0.10646148771, 0.0999122709036, 0.0484973117709, 0.146607667208, 0.133952155709, 0.0941394716501, 0.0913244709373, 0.204036578536, 0.144794642925, 0.127921417356, 0.141730472445, 0.0851874351501, 0.116386525333, 0.0924534723163, 0.10762026906, 0.0787416994572]
        max: [1, 1, 1, 1, 1, 1, 1, 1, 1, 1, 1, 0.393921047449, 0.358449518681, 0.910983681679, 1, 1, 1, 1, 1, 0.904424667358, 1, 1, 1, 1, 1, 1, 1, 1, 1, 1, 1, 1, 1, 1, 1, 1]
        mean: [0.231770604849, 0.182493671775, 0.189165264368, 0.240954205394, 0.19520097971, 0.144799754024, 0.147392302752, 0.153944537044, 0.294736921787, 0.34493586421, 0.166926190257, 0.0582447424531, 0.059960860759, 0.107047080994, 0.242847472429, 0.298350870609, 0.178433090448, 0.0931970626116, 0.0749592632055, 0.0897059366107, 0.208890676498, 0.231142818928, 0.134316325188, 0.187444388866, 0.249975219369, 0.178771987557, 0.143359288573, 0.176921471953, 0.192392259836, 0.264384716749, 0.306076228619, 0.190963581204, 0.107444904745, 0.104108154774, 0.112152926624, 0.188590079546]
        min: [0.00224734703079, 0.00254286522977, 0.00284753437154, 0.00552937202156, 0.00570104504004, 0.000865814159624, 0.000678132462781, 0.00179799948819, 0.00274139037356, 0.00190130725969, 0.00140916812234, 0.000656915537547, 0.000847616116516, 0.0020333591383, 0.0041521335952, 0.00343702966347, 0.00176048115827, 0.000966514577158, 0.000374516879674, 0.000621234241407, 0.00151552574243, 0.00212766346522, 0.00092337600654, 0.000997368479148, 0.00135014520492, 0.0017501268303, 0.00216575223021, 0.00354436738417, 0.00290166120976, 0.00344295287505, 0.00260676140897, 0.00225762091577, 0.00236272672191, 0.00182925118133, 0.00187059817836, 0.00245354417711]
        var: [0.0764987468719, 0.0420874394476, 0.0389237850904, 0.0910704359412, 0.0701777338982, 0.0394923575222, 0.058097127825, 0.0423612520099, 0.0814863592386, 0.124772377312, 0.0282369535416, 0.00394353456795, 0.00450506573543, 0.0150046432391, 0.0556470900774, 0.0879985541105, 0.0349272675812, 0.0251369029284, 0.0270110387355, 0.0162572208792, 0.0530864484608, 0.0618412382901, 0.0191075466573, 0.0533010065556, 0.0827654376626, 0.0434024371207, 0.0419064648449, 0.0731480941176, 0.0788399130106, 0.0686324164271, 0.0962325260043, 0.0436853840947, 0.0341879241168, 0.0259168315679, 0.0298259146512, 0.0475087687373]
    chords_histogram: [28.1553401947, 0, 6.31067943573, 0, 0, 0, 0, 0, 9.22330093384, 0, 0, 0, 0, 0, 0, 0, 0, 0, 0, 26.2135925293, 11.1650485992, 3.39805817604, 10.1941747665, 5.33980560303]
    thpcp: [1, 0.483933985233, 0.168856725097, 0.173831909895, 0.310339093208, 0.704036593437, 0.864945948124, 0.517293512821, 0.270186632872, 0.217313632369, 0.260065555573, 0.605592787266, 0.670103728771, 0.389395058155, 0.543418109417, 0.724700570107, 0.518276035786, 0.415611445904, 0.512911200523, 0.557762384415, 0.766475021839, 0.887342453003, 0.553620517254, 0.311492413282, 0.301818877459, 0.325141400099, 0.546739578247, 0.671923756599, 0.529065489769, 0.548407077789, 0.698547840118, 0.565905153751, 0.419787466526, 0.427303493023, 0.446299016476, 0.854468762875]
    chords_key: "C"
    chords_scale: "major"
    key_key: "C"
    key_scale: "major"
    chords_progression: ["Gm", "Gm", "Gm", "Gm", "Gm", "Gm", "Gm", "Gm", "Gm", "Gm", "Gm", "Gm", "Gm", "Gm", "Gm", "Gm", "Dm", "Dm", "Dm", "Dm", "Gm", "Gm", "Gm", "Gm", "Dm", "C", "C", "C", "C", "C", "C", "C", "C", "C", "C", "E", "E", "E", "E", "E", "E", "E", "E", "E", "E", "E", "E", "E", "E", "E", "E", "E", "E", "E", "Am", "Am", "Am", "Am", "Am", "Am", "Am", "Am", "Am", "Am", "Am", "A#", "A#", "A#", "A#", "A#", "A#", "A#", "A#", "A#", "A#", "A#", "A#", "A#", "A#", "A#", "A#", "Gm", "Gm", "Gm", "Gm", "Gm", "Gm", "Gm", "Gm", "Gm", "Gm", "Gm", "Gm", "Gm", "Gm", "Gm", "Gm", "Gm", "Gm", "Gm", "Gm", "Gm", "Gm", "G", "G", "G", "G", "G", "G", "G", "G", "G", "G", "G", "G", "G", "Gm", "C", "C", "C", "C", "C", "C", "C", "C", "C", "C", "C", "C", "C", "C", "C", "F", "F", "F", "F", "F", "F", "F", "F", "F", "F", "F", "F", "F", "F", "F", "F", "F", "F", "F", "C", "C", "C", "C", "C", "C", "C", "C", "C", "C", "C", "C", "C", "C", "C", "C", "C", "C", "C", "C", "C", "C", "C", "C", "C", "C", "C", "C", "C", "C", "C", "C", "C", "F", "F", "Gm", "Gm", "Gm", "Gm", "Gm", "Gm", "Gm", "Gm", "Gm", "Gm", "Gm", "Dm", "Dm", "A#", "A#", "A#", "A#", "A#", "A#", "A#"]
