
metadata:
    version:
        essentia: "1.2.2"
    audio_properties:
        analysis_sample_rate: 44100
        bitrate: 128
        channels: 2
        equal_loudness: 1
        length: 10.0310201645
        replay_gain: -7.70055961609
        downmix: "mix"
    tags:
        track: 3
        year: 0
        album: "Splitted by Mp3Splt v. 2.1"
        artist: "From 000.20 To 000.30"
        comment: "http://mp3splt.sf.net"
        genre: ""
        title: "07 Sky Fits Heaven.mp3"

highlevel:
    ballroom:
        all:
            ChaChaCha: 0.00199745246209
            Jive: 0.00169804564212
            Quickstep: 0.0273611173034
            Rumba-American: 0.00499314256012
            Rumba-International: 0.111803278327
            Rumba-Misc: 0.112598001957
            Samba: 0.0035471576266
            Tango: 0.015017118305
            VienneseWaltz: 0.167817100883
            Waltz: 0.553167581558
        probability: 0.553167581558
        value: "Waltz"
    culture:
        all:
            non_western: 0.89746516943
            western: 0.102534800768
        probability: 0.89746516943
        value: "non_western"
    gender:
        all:
            female: 0.775454103947
            male: 0.224545925856
        probability: 0.775454103947
        value: "female"
    genre_dortmund:
        all:
            alternative: 0.0554232783616
            blues: 0.00557178305462
            electronic: 0.0934083387256
            folkcountry: 0.469608157873
            funksoulrnb: 0.0181172713637
            jazz: 0.0392730683088
            pop: 0.246484786272
            raphiphop: 0.00490704411641
            rock: 0.0672062709928
        probability: 0.469608157873
        value: "folkcountry"
    genre_electronica:
        all:
            ambient: 0.964776575565
            dnb: 0.0128646986559
            house: 0.0149790653959
            techno: 0.00376105494797
            trance: 0.00361861451529
        probability: 0.964776575565
        value: "ambient"
    genre_rosamerica:
        all:
            cla: 0.472185820341
            dan: 0.0219832323492
            hip: 0.0221236068755
            jaz: 0.0836947336793
            pop: 0.133171722293
            rhy: 0.19400331378
            roc: 0.0525353848934
            spe: 0.0203021876514
        probability: 0.472185820341
        value: "cla"
    genre_tzanetakis:
        all:
            blu: 0.0338886789978
            cla: 0.0646147653461
            cou: 0.469914287329
            dis: 0.0371353924274
            hip: 0.00769506860524
            jaz: 0.0488155595958
            met: 0.0127954892814
            pop: 0.0906782969832
            reg: 0.0512050129473
            roc: 0.183257460594
        probability: 0.469914287329
        value: "cou"
    live_studio:
        all:
            live: 0.0157279409468
            studio: 0.984272062778
        probability: 0.984272062778
        value: "studio"
    mood:
        all:
            Cluster1: 0.012085349299
            Cluster2: 0.0882935672998
            Cluster3: 0.822463333607
            Cluster4: 0.0536013394594
            Cluster5: 0.0235564149916
        probability: 0.822463333607
        value: "Cluster3"
    mood_acoustic:
        all:
            acoustic: 0.806610941887
            not_acoustic: 0.193389043212
        probability: 0.806610941887
        value: "acoustic"
    mood_aggressive:
        all:
            aggressive: 0.0555405728519
            not_aggressive: 0.944459438324
        probability: 0.944459438324
        value: "not_aggressive"
    mood_electronic:
        all:
            electronic: 0.350104629993
            not_electronic: 0.649895370007
        probability: 0.649895370007
        value: "not_electronic"
    mood_happy:
        all:
            happy: 0.144818127155
            not_happy: 0.855181872845
        probability: 0.855181872845
        value: "not_happy"
    mood_party:
        all:
            not_party: 0.983400523663
            party: 0.0165994912386
        probability: 0.983400523663
        value: "not_party"
    mood_relaxed:
        all:
            not_relaxed: 0.167878240347
            relaxed: 0.832121729851
        probability: 0.832121729851
        value: "relaxed"
    mood_sad:
        all:
            not_sad: 0.107877925038
            sad: 0.892122089863
        probability: 0.892122089863
        value: "sad"
    rhythm:
        all:
            fast: 0.558395802975
            medium: 0.340018481016
            slow: 0.101585671306
        probability: 0.558395802975
        value: "fast"
    speech_music:
        all:
            music: 0.215973943472
            speech: 0.784026026726
        probability: 0.784026026726
        value: "speech"
    timbre:
        all:
            bright: 0.424507886171
            dark: 0.575492084026
        probability: 0.575492084026
        value: "dark"
    voice_instrumental:
        all:
            instrumental: 0.0596063248813
            voice: 0.940393686295
        probability: 0.940393686295
        value: "voice"

lowlevel:
    average_loudness: 0.967748224735
    barkbands_kurtosis:
        dmean: 5.08128929138
        dmean2: 8.00789356232
        dvar: 82.1451568604
        dvar2: 210.516403198
        max: 107.024276733
        mean: 9.54718399048
        min: -1.62348127365
        var: 105.234893799
    barkbands_skewness:
        dmean: 0.649491608143
        dmean2: 0.996273100376
        dvar: 0.488252550364
        dvar2: 1.13228642941
        max: 9.21955871582
        mean: 2.44530677795
        min: 0.446563184261
        var: 1.20451807976
    barkbands_spread:
        dmean: 3.36560177803
        dmean2: 5.02886962891
        dvar: 17.0478534698
        dvar2: 30.6481933594
        max: 46.7559623718
        mean: 9.58461666107
        min: 0.647174358368
        var: 45.4237785339
    dissonance:
        dmean: 0.0393128469586
        dmean2: 0.061641741544
        dvar: 0.000755668675993
        dvar2: 0.00208908016793
        max: 0.490385860205
        mean: 0.394528597593
        min: 0.256057322025
        var: 0.00204707193188
    hfc:
        dmean: 0.79997164011
        dmean2: 1.15704607964
        dvar: 0.876757919788
        dvar2: 1.66161572933
        max: 12.3774557114
        mean: 2.16341233253
        min: 0.126367747784
        var: 3.41179490089
    pitch:
        dmean: 133.964828491
        dmean2: 261.259643555
        dvar: 209326.578125
        dvar2: 488295.84375
        max: 4410
        mean: 309.40725708
        min: 65.2366867065
        var: 266567.03125
    pitch_instantaneous_confidence:
        dmean: 0.116766139865
        dmean2: 0.179590970278
        dvar: 0.0096493922174
        dvar2: 0.0202065687627
        max: 0.928242444992
        mean: 0.529640674591
        min: 0.142455160618
        var: 0.0291094779968
    pitch_salience:
        dmean: 0.0899586975574
        dmean2: 0.144554585218
        dvar: 0.00652992958203
        dvar2: 0.0160752292722
        max: 0.825010001659
        mean: 0.566404461861
        min: 0.193269267678
        var: 0.0148966824636
    silence_rate_20dB:
        dmean: 0
        dmean2: 0
        dvar: 0
        dvar2: 0
        max: 1
        mean: 1
        min: 1
        var: 0
    silence_rate_30dB:
        dmean: 0
        dmean2: 0
        dvar: 0
        dvar2: 0
        max: 1
        mean: 1
        min: 1
        var: 0
    silence_rate_60dB:
        dmean: 0.162412986159
        dmean2: 0.323255807161
        dvar: 0.136035487056
        dvar2: 0.255970537663
        max: 1
        mean: 0.525462985039
        min: 0
        var: 0.249350190163
    spectral_centroid:
        dmean: 98.1642532349
        dmean2: 156.189956665
        dvar: 18156.1953125
        dvar2: 39096.2617188
        max: 1737.85546875
        mean: 569.340209961
        min: 315.124176025
        var: 35444.2851562
    spectral_complexity:
        dmean: 1.38228440285
        dmean2: 2.1775701046
        dvar: 1.50887012482
        dvar2: 3.16940689087
        max: 16
        mean: 6.70930242538
        min: 0
        var: 6.74107456207
    spectral_crest:
        dmean: 3.28843355179
        dmean2: 5.13368034363
        dvar: 8.1880197525
        dvar2: 19.3316230774
        max: 25.9024791718
        mean: 11.9285259247
        min: 3.30514764786
        var: 23.5544605255
    spectral_decrease:
        dmean: 3.96495891675e-10
        dmean2: 5.88821991165e-10
        dvar: 1.75365391789e-19
        dvar2: 3.70573166262e-19
        max: -5.03936475882e-11
        mean: -1.00249630819e-09
        min: -4.5535508697e-09
        var: 6.20611951806e-19
    spectral_energy:
        dmean: 0.00155936693773
        dmean2: 0.00231921277009
        dvar: 2.7304104151e-06
        dvar2: 5.72640419705e-06
        max: 0.0181851480156
        mean: 0.00397987989709
        min: 0.000212133803871
        var: 9.7610800367e-06
    spectral_energyband_high:
        dmean: 1.89522361325e-05
        dmean2: 3.01560794469e-05
        dvar: 2.85545853629e-09
        dvar2: 4.59418281196e-09
        max: 0.000989446067251
        mean: 3.18999700539e-05
        min: 3.14675617119e-07
        var: 5.02780483913e-09
    spectral_energyband_low:
        dmean: 4.63630422018e-05
        dmean2: 7.34411150916e-05
        dvar: 1.62722790797e-09
        dvar2: 3.86542842179e-09
        max: 0.000228415126912
        mean: 6.27012123005e-05
        min: 2.78463090808e-07
        var: 2.42378161985e-09
    spectral_energyband_middle_high:
        dmean: 0.000172199986991
        dmean2: 0.000248904223554
        dvar: 6.72906921295e-08
        dvar2: 1.09898543599e-07
        max: 0.00354404607788
        mean: 0.000409879023209
        min: 3.72741742467e-05
        var: 2.28849813766e-07
    spectral_energyband_middle_low:
        dmean: 0.00145708990749
        dmean2: 0.0021812741179
        dvar: 2.42018177232e-06
        dvar2: 5.23557218912e-06
        max: 0.014511375688
        mean: 0.00347539992072
        min: 0.00011812280718
        var: 7.93632716523e-06
    spectral_flatness_db:
        dmean: 0.0262253563851
        dmean2: 0.0412770435214
        dvar: 0.000530561897904
        dvar2: 0.00114434747957
        max: 0.45204231143
        mean: 0.251946538687
        min: 0.127390354872
        var: 0.00239828578196
    spectral_flux:
        dmean: 0.0108050303534
        dmean2: 0.0173595640808
        dvar: 0.000100718491012
        dvar2: 0.000243779883021
        max: 0.0851863846183
        mean: 0.031861435622
        min: 0.00804357882589
        var: 0.000184027536307
    spectral_kurtosis:
        dmean: 6.13312101364
        dmean2: 10.8501081467
        dvar: 76.6711502075
        dvar2: 219.466598511
        max: 99.9095230103
        mean: 12.2627191544
        min: -1.05537199974
        var: 175.473617554
    spectral_rms:
        dmean: 0.000389355322113
        dmean2: 0.000575356127229
        dvar: 1.24168465732e-07
        dvar2: 2.48775535283e-07
        max: 0.00421207863837
        mean: 0.00183101522271
        min: 0.000454928347608
        var: 5.30189993242e-07
    spectral_rolloff:
        dmean: 222.509719849
        dmean2: 381.207946777
        dvar: 210144.296875
        dvar2: 467350.53125
        max: 5146.43554688
        mean: 768.485778809
        min: 322.998046875
        var: 275561.34375
    spectral_skewness:
        dmean: 0.581403672695
        dmean2: 0.999734938145
        dvar: 0.386327296495
        dvar2: 1.02735984325
        max: 7.56312227249
        mean: 2.54097986221
        min: 0.450516223907
        var: 1.05734121799
    spectral_spread:
        dmean: 683858.5
        dmean2: 1003798.125
        dvar: 1.62478791066e+12
        dvar2: 2.12364335514e+12
        max: 20088780
        mean: 3667752.75
        min: 800060.625
        var: 4.55724394086e+12
    spectral_strongpeak:
        dmean: 0.206634238362
        dmean2: 0.310413151979
        dvar: 0.0356544815004
        dvar2: 0.0798738524318
        max: 1.62185192108
        mean: 0.48233050108
        min: 0.0202378407121
        var: 0.1227363199
    zerocrossingrate:
        dmean: 0.0056101125665
        dmean2: 0.00661233207211
        dvar: 4.7556561185e-05
        dvar2: 5.23352719028e-05
        max: 0.12744140625
        mean: 0.0345578230917
        min: 0.01611328125
        var: 0.000203509174753
    barkbands:
        dmean: [2.25697771583e-09, 2.92411471037e-07, 4.62682255602e-05, 0.000207948542084, 0.000277669692878, 0.000957617769018, 0.000239413013333, 0.000211985156056, 0.000221906113438, 8.90570590855e-05, 5.62421519135e-05, 2.33438713622e-05, 2.98505619867e-05, 8.72128111951e-06, 1.41651935337e-05, 9.1620704552e-06, 1.10716209747e-05, 8.5849160314e-06, 1.86710240087e-05, 2.29027573369e-05, 6.71749467074e-06, 2.51249093708e-06, 7.97687278009e-07, 7.34743366593e-07, 4.01670519068e-07, 1.1051378479e-08, 1.35817623814e-09]
        dmean2: [3.82412945754e-09, 5.30251440978e-07, 7.3208611866e-05, 0.00035826349631, 0.000468118872959, 0.00143960246351, 0.00035354855936, 0.000321941362927, 0.00034742304706, 0.000136157919769, 8.23351656436e-05, 3.52948154614e-05, 4.05417413276e-05, 1.47557784658e-05, 2.25131079787e-05, 1.49145580508e-05, 1.76630728674e-05, 1.38579243867e-05, 2.95748068311e-05, 3.80481615139e-05, 1.1374886526e-05, 4.20050128014e-06, 1.28721308101e-06, 1.15135708256e-06, 5.7259597952e-07, 1.41761660188e-08, 1.50944912125e-09]
        dvar: [9.34667191044e-18, 1.65145580045e-13, 1.61681978916e-09, 3.35609762203e-08, 1.64642855793e-07, 1.45645481098e-06, 2.09508655757e-07, 1.58160034402e-07, 1.70549739664e-07, 4.41807621598e-08, 1.31977255791e-08, 5.35280664238e-09, 1.09770112999e-08, 6.23637030905e-10, 2.74107181397e-09, 6.26619978128e-10, 2.90703100481e-10, 2.03969993673e-10, 1.10577269563e-09, 1.40116265257e-08, 1.19487711392e-10, 4.26653434804e-11, 1.02555412079e-11, 1.22786746048e-11, 3.04866028256e-12, 2.01153850182e-15, 6.06216345213e-16]
        dvar2: [2.39602128849e-17, 4.39795986087e-13, 3.82574905089e-09, 9.5714646875e-08, 3.45406448332e-07, 3.31082424054e-06, 3.4137966054e-07, 3.12386475798e-07, 3.25152740288e-07, 8.60363726929e-08, 2.67871183013e-08, 9.08671804467e-09, 1.09745155186e-08, 1.67407188112e-09, 6.19972206906e-09, 1.4912835411e-09, 5.4807092198e-10, 4.38496322586e-10, 2.55556931172e-09, 2.47887825822e-08, 2.54905013763e-10, 1.02513303402e-10, 2.43494824997e-11, 3.17556640705e-11, 5.07038595138e-12, 2.76666202155e-15, 6.08654317793e-16]
        max: [2.78853953262e-08, 2.09797690331e-06, 0.00022800010629, 0.00102359196171, 0.00444891490042, 0.0103998780251, 0.00921609252691, 0.0046813795343, 0.00443626241758, 0.0033303857781, 0.00137391721364, 0.00131183560006, 0.00254610320553, 0.00037103149225, 0.00096573960036, 0.000388499465771, 0.000316987308906, 0.000175181383383, 0.000325159664499, 0.00203722901642, 0.000121055913041, 8.07559554232e-05, 3.8951064198e-05, 4.80333292217e-05, 2.6865500331e-05, 7.35086359782e-07, 5.1081718766e-07]
        mean: [2.33488384183e-09, 2.21486175178e-07, 6.24780077487e-05, 0.000241502450081, 0.000402466685046, 0.00155814085156, 0.000493625353556, 0.000365018524462, 0.00038534461055, 0.000135951806442, 0.00010295840184, 3.16902987834e-05, 4.41559423052e-05, 1.16816827358e-05, 1.69986287801e-05, 1.26847553474e-05, 1.95404099941e-05, 1.52750690177e-05, 3.0366169085e-05, 3.28150199493e-05, 1.10156206574e-05, 3.49136735167e-06, 9.55349719334e-07, 9.16275041618e-07, 5.68751545416e-07, 1.46396947898e-08, 1.32222099936e-09]
        min: [1.94416219235e-11, 1.02135300217e-09, 1.4489276623e-07, 3.4266705029e-07, 1.12481916403e-06, 1.10638011392e-05, 3.58755869456e-06, 2.63329684458e-06, 5.61778915653e-06, 1.77030335635e-06, 2.79338678411e-07, 5.50850757008e-07, 9.073722822e-07, 1.25613865976e-07, 8.06626076155e-07, 1.05316007648e-06, 1.69506654402e-06, 3.8383922174e-07, 6.8773977091e-07, 1.44122907386e-07, 5.62891102618e-08, 4.19215107073e-09, 1.56823964925e-09, 7.98593746687e-10, 5.76720615708e-10, 3.48554622664e-11, 2.96480979415e-14]
        var: [1.08062775962e-17, 1.20427092235e-13, 2.41676212376e-09, 3.93152816969e-08, 3.50711815145e-07, 3.23908011524e-06, 9.14830877718e-07, 4.42549719537e-07, 4.87308795982e-07, 8.40502352162e-08, 3.64656216334e-08, 1.0808052231e-08, 3.80538978106e-08, 6.17272288839e-10, 3.15070414203e-09, 7.64896423977e-10, 1.12365639016e-09, 5.95261173686e-10, 1.79896508801e-09, 1.98260394768e-08, 1.88965496029e-10, 4.98977942298e-11, 1.15990619887e-11, 1.19826900138e-11, 6.148566465e-12, 3.77086150865e-15, 6.0513219598e-16]
    mfcc:
        mean: [-804.528991699, 167.01902771, -38.5281600952, 31.4096660614, -45.2166213989, -30.9181480408, -17.4709072113, -25.6991844177, -16.4077301025, -20.6534004211, -18.6902313232, -12.2069129944, -12.274140358]
        cov: [[2084.45214844, -1074.42553711, 556.314147949, -309.407806396, -174.790023804, -101.164421082, 171.194961548, -71.3618850708, -89.633934021, 165.637268066, -40.4206924438, -150.613601685, -41.7209854126], [-1074.42553711, 1460.30126953, -542.82598877, 139.338577271, 56.9343032837, -55.1687927246, -96.4334487915, -21.0514068604, 15.7693548203, -64.3784637451, -19.4182434082, 108.559196472, -30.6867485046], [556.314147949, -542.82598877, 439.792724609, -129.592849731, -22.1778354645, 7.42599344254, 30.7562160492, 19.9522151947, -35.2918281555, 38.835308075, 5.75851869583, -37.7319030762, 20.773897171], [-309.407806396, 139.338577271, -129.592849731, 452.142456055, -65.628288269, 146.430603027, -91.0246963501, 81.9694747925, 19.0658493042, -54.3132820129, 16.7501411438, 20.7500076294, 12.422293663], [-174.790023804, 56.9343032837, -22.1778354645, -65.628288269, 303.319793701, -78.6768493652, 21.3732204437, -2.96596050262, 16.6302433014, 0.794488728046, -5.00820684433, 27.9527320862, -26.5192012787], [-101.164421082, -55.1687927246, 7.42599344254, 146.430603027, -78.6768493652, 244.155975342, -27.1614875793, 46.7910614014, 40.6784858704, -30.2706642151, 44.4779930115, -18.7634429932, 37.4680137634], [171.194961548, -96.4334487915, 30.7562160492, -91.0246963501, 21.3732204437, -27.1614875793, 180.147201538, -49.7698135376, 11.8988647461, 33.5623168945, 9.75779533386, -12.86145401, -0.775365531445], [-71.3618850708, -21.0514068604, 19.9522151947, 81.9694747925, -2.96596050262, 46.7910614014, -49.7698135376, 101.154144287, 1.37630605698, -26.0292491913, 4.01228237152, 17.7894134521, 13.7259149551], [-89.633934021, 15.7693548203, -35.2918281555, 19.0658493042, 16.6302433014, 40.6784858704, 11.8988647461, 1.37630605698, 107.009590149, -11.503411293, 33.3448600769, -27.358297348, 9.70717716217], [165.637268066, -64.3784637451, 38.835308075, -54.3132820129, 0.794488728046, -30.2706642151, 33.5623168945, -26.0292491913, -11.503411293, 97.4000396729, -16.1398506165, -12.3533973694, -5.86261606216], [-40.4206924438, -19.4182434082, 5.75851869583, 16.7501411438, -5.00820684433, 44.4779930115, 9.75779533386, 4.01228237152, 33.3448600769, -16.1398506165, 69.5809555054, -0.773820519447, 8.19576644897], [-150.613601685, 108.559196472, -37.7319030762, 20.7500076294, 27.9527320862, -18.7634429932, -12.86145401, 17.7894134521, -27.358297348, -12.3533973694, -0.773820519447, 86.165435791, 1.74041247368], [-41.7209854126, -30.6867485046, 20.773897171, 12.422293663, -26.5192012787, 37.4680137634, -0.775365531445, 13.7259149551, 9.70717716217, -5.86261606216, 8.19576644897, 1.74041247368, 63.1127891541]]
        icov: [[0.00128601049073, 0.000520158500876, -0.00071938324254, 0.000158751616254, 0.000761360104661, 0.000431724562077, -0.000575612881221, -1.2871043964e-06, 0.000518917862792, -0.000847803778015, 0.000203495525056, 0.00102243677247, 0.00115221098531], [0.000520158500876, 0.00160898920149, 0.00129004754126, 0.000156161011546, 0.000288719864329, 0.000306037400151, 0.000297525519272, 0.000323828455294, 0.000102424812212, -0.000174842949491, 0.000215777763515, -0.000640832469799, 0.000501330883708], [-0.00071938324254, 0.00129004754126, 0.00535224564373, 0.00111372349784, -0.000432282831753, -0.00045015788055, 0.000588728988077, -0.00157270720229, 0.00142915337346, -0.000286451802822, -0.0010775589617, 8.09412813396e-05, -0.00150308385491], [0.000158751616254, 0.000156161011546, 0.00111372349784, 0.00371934100986, 0.000521554437, -0.00171386334114, 0.000684120343067, -0.00194243912119, 0.000158710943651, 0.000227173310122, 0.000184719261597, -0.000296631071251, 0.000730568659492], [0.000761360104661, 0.000288719864329, -0.000432282831753, 0.000521554437, 0.00450186384842, 0.00131609232631, -0.00070907670306, -0.000757912290283, -0.00134365318809, -0.000322086416418, 0.000369222369045, -0.000983050093055, 0.00210564676672], [0.000431724562077, 0.000306037400151, -0.00045015788055, -0.00171386334114, 0.00131609232631, 0.00719202356413, -0.000187911165995, -0.00140922993887, -0.000881546468008, 0.000118552103231, -0.00290205562487, 0.00173853023443, -0.00201727356762], [-0.000575612881221, 0.000297525519272, 0.000588728988077, 0.000684120343067, -0.00070907670306, -0.000187911165995, 0.00762850092724, 0.00290785194375, -0.0010527576087, -0.00111259357072, -0.00127628433984, -0.00104481098242, -0.00103624002077], [-1.2871043964e-06, 0.000323828455294, -0.00157270720229, -0.00194243912119, -0.000757912290283, -0.00140922993887, 0.00290785194375, 0.0151518406346, -0.00102744437754, 0.00195859605446, 0.00132884294726, -0.00339104491286, -0.00142388022505], [0.000518917862792, 0.000102424812212, 0.00142915337346, 0.000158710943651, -0.00134365318809, -0.000881546468008, -0.0010527576087, -0.00102744437754, 0.0144237847999, -3.78822187486e-05, -0.00581883220002, 0.00621837191284, -0.00157738756388], [-0.000847803778015, -0.000174842949491, -0.000286451802822, 0.000227173310122, -0.000322086416418, 0.000118552103231, -0.00111259357072, 0.00195859605446, -3.78822187486e-05, 0.0131703354418, 0.00248471624218, 2.3349042749e-05, -0.000335302640451], [0.000203495525056, 0.000215777763515, -0.0010775589617, 0.000184719261597, 0.000369222369045, -0.00290205562487, -0.00127628433984, 0.00132884294726, -0.00581883220002, 0.00248471624218, 0.0198205299675, -0.00297784153372, 0.000765109434724], [0.00102243677247, -0.000640832469799, 8.09412813396e-05, -0.000296631071251, -0.000983050093055, 0.00173853023443, -0.00104481098242, -0.00339104491286, 0.00621837191284, 2.3349042749e-05, -0.00297784153372, 0.0175274331123, -0.00137537473347], [0.00115221098531, 0.000501330883708, -0.00150308385491, 0.000730568659492, 0.00210564676672, -0.00201727356762, -0.00103624002077, -0.00142388022505, -0.00157738756388, -0.000335302640451, 0.000765109434724, -0.00137537473347, 0.0197303649038]]
    spectral_contrast:
        mean: [-2.82870814772e-07, -7.73242504692e-07, 4.26242507956e-09, 4.97282925949e-09, -2.47571534828e-07, 4.45336809207e-07, -8.3945519691e-07, 1.14066654078e-06, -1.7024749468e-06, 2.05001856557e-06, -9.61436739999e-07, 2.21895606956e-06]
        var: [0.000818329921458, 0.00102467054967, 0.0012687263079, 0.00255642225966, 0.00364156882279, 0.00624481076375, 0.0735204145312, 0.123465903103, 0.162739813328, 0.315482348204, 0.713496088982, 2.09498071671]

rhythm:
    beats_loudness:
        dmean: 0.00325421150774
        dmean2: 0.00520529178903
        dvar: 1.07681162262e-05
        dvar2: 2.75810743915e-05
        max: 0.0138472560793
        mean: 0.0056513696909
        min: 0.000834549136925
        var: 1.46516713357e-05
    beats_loudness_bass:
        dmean: 0.0981352180243
        dmean2: 0.15093716979
        dvar: 0.00910639669746
        dvar2: 0.0216343831271
        max: 0.406913936138
        mean: 0.099183216691
        min: 0.00743431877345
        var: 0.0157345682383
    bpm: 112.439025879
    bpm_confidence: 0
    first_peak_bpm: 113
    first_peak_spread: 0.0555555224419
    first_peak_weight: 0.944444477558
    onset_rate: 6.47989940643
    second_peak_bpm: 0
    second_peak_spread: 0
    second_peak_weight: 0
    beats_position: [0.256741344929, 0.789485692978, 1.32222998142, 1.85497426987, 2.38771867752, 2.92046284676, 3.45320725441, 3.98595166206, 4.5186958313, 5.05144071579, 5.58418512344, 6.13357257843, 6.66816806793, 7.20276355743, 7.73735952377, 8.27195453644, 8.80655002594, 9.34114646912, 9.87574195862]
    bpm_estimates: [112.51348114, 113.161621094, 112.503913879, 112.529426575, 114.6508255, 110.467735291, 112.905784607, 112.472198486, 112.839477539, 112.385398865, 112.337440491, 110.50113678]
    bpm_intervals: [0.532744348049, 0.532744288445, 0.532744288445, 0.532744407654, 0.532744169235, 0.532744407654, 0.532744407654, 0.532744169235, 0.532744884491, 0.532744407654, 0.549387454987, 0.534595489502, 0.534595489502, 0.534595966339, 0.534595012665, 0.534595489502, 0.534596443176, 0.534595489502]
    onset_times: [0.0696598663926, 0.290249437094, 0.49922901392, 0.53405892849, 0.650158703327, 0.789478480816, 0.882358253002, 0.99845802784, 1.07972788811, 1.19582772255, 1.33514738083, 1.59056687355, 1.8575963974, 1.92725622654, 1.96208620071, 2.11301589012, 2.26394557953, 2.64707493782, 2.80961441994, 3.14630389214, 3.23918366432, 3.36689352989, 3.41333341599, 3.5758728981, 3.79646253586, 4.01705217361, 4.1679816246, 4.33052158356, 4.62077093124, 4.86458063126, 5.01551008224, 5.21287965775, 5.31736946106, 5.39863967896, 5.50312948227, 5.64244890213, 5.9675283432, 6.07201814651, 6.14167785645, 6.28099775314, 6.39709758759, 6.5015873909, 6.5596370697, 6.68734693527, 6.93115663528, 7.00081634521, 7.1517457962, 7.36072540283, 7.39555549622, 7.65097522736, 7.74385499954, 7.91800451279, 8.03410434723, 8.27791404724, 8.4172334671, 8.53333377838, 8.70748329163, 8.78875255585, 9.14866256714, 9.36925125122, 9.46213150024, 9.61306095123, 9.83365058899, 9.91492080688, 10.0310201645]
    rubato_start: []
    rubato_stop: []
    perceptual_tempo: "unknown"

sfx:
    inharmonicity:
        dmean: 0.0414501540363
        dmean2: 0.075675368309
        dvar: 0.00573323480785
        dvar2: 0.0161233041435
        max: 0.423928290606
        mean: 0.0290578845888
        min: 1.13995599804e-06
        var: 0.00407742522657
    oddtoevenharmonicenergyratio:
        dmean: 28.8755149841
        dmean2: 56.6393623352
        dvar: 30437.953125
        dvar2: 90114.2890625
        max: 2252.48510742
        mean: 15.7905292511
        min: 5.07850199938e-05
        var: 15752.640625
    pitch_after_max_to_before_max_energy_ratio: 0.902640521526
    pitch_centroid: 220.668655396
    pitch_max_to_total: 0.839534878731
    pitch_min_to_total: 0.813953459263
    tristimulus:
        dmean: [0.29467022419, 0.288047194481, 0.0512638799846]
        dmean2: [0.517044842243, 0.510192930698, 0.0907228887081]
        dvar: [0.0650083273649, 0.0657416209579, 0.00493862340227]
        dvar2: [0.171998590231, 0.172299355268, 0.0133623685688]
        max: [0.990575194359, 0.99664914608, 0.673748075962]
        mean: [0.557042479515, 0.38330078125, 0.0478846132755]
        min: [0.000341525563272, 0, 0]
        var: [0.0873686671257, 0.0833174139261, 0.00479747494683]

tonal:
    chords_changes_rate: 0.0231481473893
    chords_number_rate: 0.0138888889924
    chords_strength:
        dmean: 0.00928035471588
        dmean2: 0.0092336256057
        dvar: 6.22301085969e-05
        dvar2: 5.55589540454e-05
        max: 0.803078472614
        mean: 0.679496645927
        min: 0.539666593075
        var: 0.00472465716302
    key_strength: 0.668581783772
    tuning_diatonic_strength: 0.5946007967
    tuning_equal_tempered_deviation: 0.0706272721291
    tuning_frequency: 440.763122559
    tuning_nontempered_energy_ratio: 0.745460808277
    hpcp:
        dmean: [0.247754231095, 0.170493796468, 0.044739715755, 0.0287959501147, 0.0312814190984, 0.0315692685544, 0.0440964736044, 0.0830041840672, 0.14440408349, 0.172486200929, 0.109606005251, 0.0395554602146, 0.030837027356, 0.0442779585719, 0.122031778097, 0.29427716136, 0.370431989431, 0.197641804814, 0.117106072605, 0.123118139803, 0.19183935225, 0.246643975377, 0.267656236887, 0.262338221073, 0.220397397876, 0.179864555597, 0.0911934152246, 0.0302100777626, 0.028919596225, 0.0424542240798, 0.0281598400325, 0.0135397436097, 0.0122642423958, 0.0188538078219, 0.0572130233049, 0.15849173069]
        dmean2: [0.428442627192, 0.276742607355, 0.0781092122197, 0.0535252355039, 0.0550527386367, 0.0542285405099, 0.0772357359529, 0.143318772316, 0.234652683139, 0.291554450989, 0.188401997089, 0.0750356391072, 0.0592541024089, 0.0816255658865, 0.213233113289, 0.529488801956, 0.683709144592, 0.334476441145, 0.219287961721, 0.22449760139, 0.333738267422, 0.4408428967, 0.445874243975, 0.464812070131, 0.388182282448, 0.312599152327, 0.150828257203, 0.0540097765625, 0.0527408458292, 0.0707463696599, 0.0463255643845, 0.0233895592391, 0.0214698184282, 0.0346517451108, 0.100301921368, 0.26494410634]
        dvar: [0.069617010653, 0.0328953154385, 0.00693350238726, 0.00364161538891, 0.00485354615375, 0.00292615219951, 0.00674079032615, 0.0216204989702, 0.0403587073088, 0.0570190176368, 0.0319546237588, 0.0120281688869, 0.0100083658472, 0.014508118853, 0.0284563135356, 0.0686184316874, 0.092452287674, 0.0443754158914, 0.0299461223185, 0.0413956530392, 0.0571186542511, 0.0767299458385, 0.063865236938, 0.0767210647464, 0.0813113972545, 0.0688373222947, 0.0268983114511, 0.0058228392154, 0.0039417357184, 0.00859947502613, 0.00390480388887, 0.000408455904108, 0.000658640288748, 0.00293471757323, 0.0162981189787, 0.0294226817787]
        dvar2: [0.149210810661, 0.0725607201457, 0.0182965118438, 0.0102931447327, 0.0136935552582, 0.00825548451394, 0.01909635216, 0.0668781921268, 0.0910422503948, 0.145709559321, 0.0855003893375, 0.0346526913345, 0.0293163433671, 0.0394779145718, 0.0794066861272, 0.181292518973, 0.241482451558, 0.116263382137, 0.0847946479917, 0.111835554242, 0.148193448782, 0.199456095695, 0.135504350066, 0.182794764638, 0.229422673583, 0.173598393798, 0.0639769136906, 0.0150112062693, 0.0105454418808, 0.018929053098, 0.0090121421963, 0.00123660906684, 0.00185693008825, 0.00867596361786, 0.0445625223219, 0.06387989223]
        max: [1, 1, 0.661198377609, 0.342617213726, 0.461207985878, 0.387763261795, 0.623243153095, 1, 1, 1, 1, 1, 0.683926343918, 1, 1, 1, 1, 1, 0.817694604397, 1, 1, 1, 1, 1, 1, 1, 1, 0.648938119411, 0.405159890652, 1, 0.739615261555, 0.146532848477, 0.224462196231, 0.467096447945, 1, 1]
        mean: [0.346452325583, 0.209451422095, 0.0395592786372, 0.0216697212309, 0.0248118843883, 0.0321306064725, 0.0446026138961, 0.0755140334368, 0.189130917192, 0.229874238372, 0.109015516937, 0.0267663374543, 0.0195670928806, 0.0305433627218, 0.114731326699, 0.30848556757, 0.356106519699, 0.186948597431, 0.0746381804347, 0.088782787323, 0.210530057549, 0.354716092348, 0.327083259821, 0.265897154808, 0.28457865119, 0.20793440938, 0.083159096539, 0.0251113642007, 0.0240618698299, 0.0377210304141, 0.0289687719196, 0.0144708380103, 0.0128339473158, 0.0156094375998, 0.0475911200047, 0.205795645714]
        min: [0.00739657646045, 0.00350695173256, 0.000292723125312, 0.000136876784381, 0.000185343189514, 0.000102183061244, 6.07026122452e-05, 0.000400968070608, 0.000772679282818, 0.00232784892432, 0.000587188114878, 0.000315999495797, 0.000113380483526, 0.000265925569693, 0.00175437203143, 0.00439102062955, 0.00236766389571, 0.000392711372115, 0.00010187830776, 4.62669340777e-05, 0.000119755124615, 0.000226835662033, 0.000169761056895, 0.000622412248049, 0.000203913339647, 0.000335863733198, 9.13143521757e-05, 0.000194815133, 0.000254563638009, 5.51363118575e-05, 7.70686165197e-05, 0.000161775504239, 0.000230209407164, 0.000193551240955, 0.000249209639151, 0.00709926709533]
        var: [0.103047400713, 0.0517024099827, 0.00530059542507, 0.00239660544321, 0.00346552371047, 0.0032861942891, 0.00664631323889, 0.0171760302037, 0.070289298892, 0.0898921340704, 0.0312932170928, 0.00706434901804, 0.00542725529522, 0.00875294953585, 0.0267052073032, 0.0912119820714, 0.116965062916, 0.0511967353523, 0.0214144978672, 0.0351398065686, 0.0799678266048, 0.138264015317, 0.11208692193, 0.102560147643, 0.127732038498, 0.103050902486, 0.0324524976313, 0.00471178954467, 0.00326946284622, 0.011046314612, 0.00469680642709, 0.000373752729502, 0.000520738889463, 0.00170960673131, 0.0117212748155, 0.0481549240649]
    chords_histogram: [38.4259262085, 0, 0, 0, 0, 0, 0, 0, 0, 0, 0, 0, 0, 0, 0, 0, 0, 0, 0, 0, 0, 0, 50, 11.5740737915]
    thpcp: [1, 0.524979412556, 0.209595099092, 0.24931524694, 0.591199696064, 0.996095478535, 0.918498396873, 0.746678709984, 0.799139142036, 0.583910703659, 0.233523100615, 0.0705164372921, 0.0675693079829, 0.105926252902, 0.0813486129045, 0.0406362637877, 0.0360396318138, 0.0438336208463, 0.133642926812, 0.577904760838, 0.972889602184, 0.588170707226, 0.111088328063, 0.0608517974615, 0.0696754530072, 0.0902275145054, 0.125250771642, 0.212054625154, 0.531107723713, 0.645520985126, 0.306131750345, 0.0751638486981, 0.0549473017454, 0.0857703015208, 0.32218259573, 0.866273283958]
    chords_key: "D"
    chords_scale: "minor"
    key_key: "A"
    key_scale: "minor"
    chords_progression: ["Dm", "Dm", "Dm", "Dm", "Dm", "Dm", "Dm", "Dm", "Dm", "Dm", "Dm", "Dm", "Dm", "Dm", "Dm", "Dm", "Dm", "Dm", "Dm", "Dm", "Dm", "Dm", "Dm", "Dm", "Dm", "Dm", "Dm", "Dm", "Dm", "Dm", "Dm", "Dm", "Dm", "Dm", "Dm", "Dm", "Dm", "Dm", "Dm", "Dm", "Dm", "Dm", "Dm", "Dm", "Dm", "Dm", "Dm", "Dm", "Dm", "Dm", "Dm", "Dm", "Dm", "Dm", "Dm", "Dm", "Dm", "Am", "Am", "Am", "Am", "Am", "Am", "Am", "Am", "Am", "Am", "Am", "Am", "Am", "Am", "Am", "Am", "Am", "Am", "Am", "Am", "Am", "Am", "Am", "Am", "Am", "Am", "Am", "Am", "Am", "Am", "Am", "Am", "Am", "Am", "Am", "Am", "Am", "Am", "Am", "Am", "Am", "Am", "Am", "Am", "Am", "Am", "Am", "Am", "Am", "Am", "Am", "Am", "Am", "Am", "Am", "Am", "Am", "Am", "Am", "Am", "Am", "Am", "Am", "Am", "Am", "Am", "Am", "Am", "Am", "Am", "Am", "Am", "Am", "Am", "Am", "Am", "Am", "Am", "Am", "Am", "Am", "Am", "Am", "Dm", "Dm", "Dm", "Dm", "Dm", "Dm", "Dm", "Dm", "Dm", "Dm", "Dm", "Dm", "Dm", "Dm", "Dm", "Dm", "Dm", "Dm", "Dm", "Dm", "Dm", "Dm", "Dm", "Dm", "Dm", "Dm", "Dm", "Dm", "Dm", "Dm", "Dm", "Dm", "Dm", "Dm", "Dm", "Dm", "Dm", "Dm", "Dm", "Dm", "Dm", "Dm", "Dm", "Dm", "Dm", "Dm", "Dm", "Dm", "Dm", "F", "F", "F", "F", "F", "F", "F", "F", "F", "F", "F", "Dm", "Dm", "F", "F", "F", "F", "F", "F", "F", "F", "F", "F", "F", "F", "F", "F"]
