
metadata:
    version:
        essentia: "1.2.2"
    audio_properties:
        analysis_sample_rate: 44100
        bitrate: 128
        channels: 2
        equal_loudness: 1
        length: 10.0310201645
        replay_gain: -10.5450706482
        downmix: "mix"
    tags:
        track: 34
        year: 0
        album: "Splitted by Mp3Splt v. 2.1"
        artist: "From 005.30 To 005.40"
        comment: "http://mp3splt.sf.net"
        genre: ""
        title: "04 [Untitled].mp3"

highlevel:
    ballroom:
        all:
            ChaChaCha: 0.190407320857
            Jive: 0.270264238119
            Quickstep: 0.0146370865405
            Rumba-American: 0.000844239315484
            Rumba-International: 0.00158936646767
            Rumba-Misc: 0.00053709000349
            Samba: 0.520929396152
            Tango: 0.000218138404307
            VienneseWaltz: 0.000242029491346
            Waltz: 0.000331091257976
        probability: 0.520929396152
        value: "Samba"
    culture:
        all:
            non_western: 0.163001954556
            western: 0.836998045444
        probability: 0.836998045444
        value: "western"
    gender:
        all:
            female: 0.708462417126
            male: 0.291537582874
        probability: 0.708462417126
        value: "female"
    genre_dortmund:
        all:
            alternative: 0.0113384313881
            blues: 0.03715698421
            electronic: 0.1247305125
            folkcountry: 0.0152864679694
            funksoulrnb: 0.0390958487988
            jazz: 0.0924035459757
            pop: 0.0336615405977
            raphiphop: 0.469171732664
            rock: 0.177154943347
        probability: 0.469171732664
        value: "raphiphop"
    genre_electronica:
        all:
            ambient: 0.0782137066126
            dnb: 0.635083794594
            house: 0.151842564344
            techno: 0.0970384180546
            trance: 0.0378215312958
        probability: 0.635083794594
        value: "dnb"
    genre_rosamerica:
        all:
            cla: 0.00245041423477
            dan: 0.44872879982
            hip: 0.464022189379
            jaz: 0.00342687265947
            pop: 0.0514298193157
            rhy: 0.0176111478359
            roc: 0.00828450825065
            spe: 0.00404625013471
        probability: 0.464022189379
        value: "hip"
    genre_tzanetakis:
        all:
            blu: 0.000521526264492
            cla: 0.000312513759127
            cou: 0.000523465278093
            dis: 0.00630512600765
            hip: 0.294780254364
            jaz: 0.000904041575268
            met: 0.00419249851257
            pop: 0.654353559017
            reg: 0.0336187854409
            roc: 0.00448820460588
        probability: 0.654353559017
        value: "pop"
    live_studio:
        all:
            live: 0.199097082019
            studio: 0.80090290308
        probability: 0.80090290308
        value: "studio"
    mood:
        all:
            Cluster1: 0.310767591
            Cluster2: 0.187947466969
            Cluster3: 0.0209517795593
            Cluster4: 0.146375223994
            Cluster5: 0.33395794034
        probability: 0.33395794034
        value: "Cluster5"
    mood_acoustic:
        all:
            acoustic: 0.00490314746276
            not_acoustic: 0.995096862316
        probability: 0.995096862316
        value: "not_acoustic"
    mood_aggressive:
        all:
            aggressive: 0.329275548458
            not_aggressive: 0.670724451542
        probability: 0.670724451542
        value: "not_aggressive"
    mood_electronic:
        all:
            electronic: 0.974544882774
            not_electronic: 0.0254551041871
        probability: 0.974544882774
        value: "electronic"
    mood_happy:
        all:
            happy: 0.611550152302
            not_happy: 0.388449847698
        probability: 0.611550152302
        value: "happy"
    mood_party:
        all:
            not_party: 0.0445993021131
            party: 0.955400705338
        probability: 0.955400705338
        value: "party"
    mood_relaxed:
        all:
            not_relaxed: 0.919316232204
            relaxed: 0.080683760345
        probability: 0.919316232204
        value: "not_relaxed"
    mood_sad:
        all:
            not_sad: 0.981859982014
            sad: 0.0181400235742
        probability: 0.981859982014
        value: "not_sad"
    rhythm:
        all:
            fast: 0.203818485141
            medium: 0.78326267004
            slow: 0.0129188140854
        probability: 0.78326267004
        value: "medium"
    speech_music:
        all:
            music: 0.976893723011
            speech: 0.0231062900275
        probability: 0.976893723011
        value: "music"
    timbre:
        all:
            bright: 0.050679333508
            dark: 0.949320673943
        probability: 0.949320673943
        value: "dark"
    voice_instrumental:
        all:
            instrumental: 0.039308141917
            voice: 0.960691869259
        probability: 0.960691869259
        value: "voice"

lowlevel:
    average_loudness: 0.969978511333
    barkbands_kurtosis:
        dmean: 3.01712179184
        dmean2: 5.08197402954
        dvar: 16.4288101196
        dvar2: 40.3070526123
        max: 30.5421562195
        mean: 1.63621771336
        min: -1.92029571533
        var: 21.8955745697
    barkbands_skewness:
        dmean: 0.975170910358
        dmean2: 1.47817122936
        dvar: 0.833652317524
        dvar2: 1.90769529343
        max: 4.8764462471
        mean: -0.173617690802
        min: -4.71412372589
        var: 2.61999058723
    barkbands_spread:
        dmean: 11.2931613922
        dmean2: 17.9778804779
        dvar: 105.360404968
        dvar2: 265.395202637
        max: 76.6352005005
        mean: 32.4124565125
        min: 2.92493414879
        var: 230.313583374
    dissonance:
        dmean: 0.0134693933651
        dmean2: 0.0224921572953
        dvar: 0.0002386096603
        dvar2: 0.000639972102363
        max: 0.499804466963
        mean: 0.478342920542
        min: 0.380075216293
        var: 0.000394898466766
    hfc:
        dmean: 2.70126914978
        dmean2: 3.9771592617
        dvar: 10.7777137756
        dvar2: 23.5086956024
        max: 34.957408905
        mean: 5.32330703735
        min: 0.00160976953339
        var: 28.6587429047
    pitch:
        dmean: 912.986694336
        dmean2: 1711.17504883
        dvar: 1748552.75
        dvar2: 3964680.75
        max: 4900
        mean: 2378.06201172
        min: 67.8461532593
        var: 2561767.5
    pitch_instantaneous_confidence:
        dmean: 0.116416484118
        dmean2: 0.189121946692
        dvar: 0.00832456257194
        dvar2: 0.0206559970975
        max: 0.917768120766
        mean: 0.452825814486
        min: 0.157008349895
        var: 0.0232868045568
    pitch_salience:
        dmean: 0.0942672640085
        dmean2: 0.148632243276
        dvar: 0.00721935834736
        dvar2: 0.0186652168632
        max: 0.88780105114
        mean: 0.635272204876
        min: 0.144324019551
        var: 0.0164391826838
    silence_rate_20dB:
        dmean: 0
        dmean2: 0
        dvar: 0
        dvar2: 0
        max: 1
        mean: 1
        min: 1
        var: 0
    silence_rate_30dB:
        dmean: 0
        dmean2: 0
        dvar: 0
        dvar2: 0
        max: 1
        mean: 1
        min: 1
        var: 0
    silence_rate_60dB:
        dmean: 0.174013927579
        dmean2: 0.348837196827
        dvar: 0.143733397126
        dvar2: 0.259708255529
        max: 1
        mean: 0.631944417953
        min: 0
        var: 0.232590809464
    spectral_centroid:
        dmean: 569.93572998
        dmean2: 855.659301758
        dvar: 343429.15625
        dvar2: 779198.75
        max: 6080.43847656
        mean: 2073.42871094
        min: 217.505447388
        var: 1021372.125
    spectral_complexity:
        dmean: 3.44755244255
        dmean2: 5.40186929703
        dvar: 14.6668338776
        dvar2: 29.93658638
        max: 31
        mean: 7.12093019485
        min: 0
        var: 46.2225799561
    spectral_crest:
        dmean: 3.17354822159
        dmean2: 4.99724435806
        dvar: 8.69969940186
        dvar2: 20.0770282745
        max: 23.8149623871
        mean: 9.37003803253
        min: 3.56134033203
        var: 20.5283107758
    spectral_decrease:
        dmean: 4.45978226571e-10
        dmean2: 6.61587229445e-10
        dvar: 5.71767867213e-19
        dvar2: 1.31677547884e-18
        max: -5.11884371696e-13
        mean: -6.82079726033e-10
        min: -6.1628928627e-09
        var: 7.39068248029e-19
    spectral_energy:
        dmean: 0.00188483693637
        dmean2: 0.00277283322066
        dvar: 9.0596595328e-06
        dvar2: 2.05828073376e-05
        max: 0.0247099455446
        mean: 0.00305716670118
        min: 2.07797961593e-06
        var: 1.26773338707e-05
    spectral_energyband_high:
        dmean: 0.000177936919499
        dmean2: 0.000272128119832
        dvar: 4.41962484388e-08
        dvar2: 1.11074449194e-07
        max: 0.00208157137968
        mean: 0.00031214900082
        min: 1.10223410843e-07
        var: 1.27580278786e-07
    spectral_energyband_low:
        dmean: 0.000225890224101
        dmean2: 0.000389289867599
        dvar: 2.61472791863e-07
        dvar2: 7.06385094418e-07
        max: 0.00418062927201
        mean: 0.000230002347962
        min: 1.44565916571e-07
        var: 2.2888163187e-07
    spectral_energyband_middle_high:
        dmean: 0.000618971535005
        dmean2: 0.000937178963795
        dvar: 7.44397141261e-07
        dvar2: 1.52327049818e-06
        max: 0.0101421922445
        mean: 0.00122040708084
        min: 2.55104112057e-07
        var: 1.89912532278e-06
    spectral_energyband_middle_low:
        dmean: 0.00122959865257
        dmean2: 0.00188182503916
        dvar: 7.30268584448e-06
        dvar2: 1.73824464582e-05
        max: 0.0213688407093
        mean: 0.00129450531676
        min: 2.40564389742e-07
        var: 8.0209774751e-06
    spectral_flatness_db:
        dmean: 0.0265968199819
        dmean2: 0.0411183722317
        dvar: 0.00048009553575
        dvar2: 0.00116483389866
        max: 0.298101902008
        mean: 0.156197085977
        min: 0.0767034143209
        var: 0.00133272306994
    spectral_flux:
        dmean: 0.0139534007758
        dmean2: 0.0201821345836
        dvar: 0.000277872692095
        dvar2: 0.000521466485225
        max: 0.144053533673
        mean: 0.037097029388
        min: 0.0024259944912
        var: 0.000550192955416
    spectral_kurtosis:
        dmean: 1.01275217533
        dmean2: 1.58309602737
        dvar: 1.42192780972
        dvar2: 3.73678183556
        max: 16.0189151764
        mean: 2.35364460945
        min: -1.35483789444
        var: 2.55626726151
    spectral_rms:
        dmean: 0.000492625113111
        dmean2: 0.000676052935887
        dvar: 3.14488318054e-07
        dvar2: 6.2181135263e-07
        max: 0.00490991491824
        mean: 0.0014821899822
        min: 4.50255174655e-05
        var: 7.85712984452e-07
    spectral_rolloff:
        dmean: 818.512756348
        dmean2: 1349.1451416
        dvar: 1207520.5
        dvar2: 2677900.5
        max: 10745.0683594
        mean: 3500.14526367
        min: 129.19921875
        var: 2226264.75
    spectral_skewness:
        dmean: 0.202337145805
        dmean2: 0.303308606148
        dvar: 0.031951289624
        dvar2: 0.0781471133232
        max: 2.58614635468
        mean: 1.17066049576
        min: 0.150078237057
        var: 0.0813113823533
    spectral_spread:
        dmean: 1068177.125
        dmean2: 1643804.125
        dvar: 1.40733697229e+12
        dvar2: 3.42400407962e+12
        max: 17344504
        mean: 6347314.5
        min: 2973159.75
        var: 4.51460202496e+12
    spectral_strongpeak:
        dmean: 0.417488545179
        dmean2: 0.681618511677
        dvar: 0.472104221582
        dvar2: 1.17867338657
        max: 5.81552886963
        mean: 0.621534645557
        min: 0.00228806002997
        var: 0.928996086121
    zerocrossingrate:
        dmean: 0.0170215535909
        dmean2: 0.0189710948616
        dvar: 0.000245108676609
        dvar2: 0.000298336148262
        max: 0.3173828125
        mean: 0.114631406963
        min: 0.025390625
        var: 0.00169652607292
    barkbands:
        dmean: [7.82109907504e-07, 7.30930114514e-05, 0.000181368348422, 0.000180973787792, 0.000796600943431, 0.000201868519071, 0.000117794399557, 4.56631096313e-05, 5.74928853894e-05, 5.02093898831e-05, 2.13689145312e-05, 2.28662920563e-05, 2.24727536988e-05, 1.59624851221e-05, 4.09513922932e-05, 5.5920205341e-05, 0.000108120999357, 0.000180621136678, 0.000252294732491, 0.000172524538357, 8.50848082337e-05, 2.79700871033e-05, 7.64442665968e-06, 3.95342885895e-06, 3.29924932885e-06, 1.33237676891e-07, 5.25620380554e-10]
        dmean2: [9.97405095404e-07, 0.000121754579595, 0.000331426708726, 0.000320268940413, 0.00117538357154, 0.000373560964363, 0.000203621006222, 7.91373895481e-05, 9.37502627494e-05, 7.37230147934e-05, 3.39529215125e-05, 3.43792344211e-05, 3.87243744626e-05, 2.68098028755e-05, 6.88034851919e-05, 8.14111335785e-05, 0.000180324263056, 0.00027729262365, 0.000415581394918, 0.000285863992758, 0.000132462417241, 4.39564828412e-05, 1.20322174553e-05, 6.22269180894e-06, 5.18397382621e-06, 2.09636240811e-07, 7.00260127662e-10]
        dvar: [1.51183770364e-11, 2.72292481895e-08, 2.012965723e-07, 2.27846911116e-07, 4.31878061136e-06, 5.07601612298e-07, 3.75432620103e-07, 1.00723491769e-08, 3.03612779362e-08, 3.62170027302e-08, 3.75623665505e-09, 6.54503962139e-09, 6.07730044067e-09, 1.24280141733e-09, 1.05465671751e-08, 2.19362821241e-08, 3.98411010849e-08, 9.06915502696e-08, 3.55732964863e-07, 8.0306676864e-08, 1.14670282159e-08, 1.34319078082e-09, 9.75316216678e-11, 4.12478766421e-11, 3.29955091027e-11, 4.7143895504e-14, 3.50920456092e-17]
        dvar2: [1.62416365079e-11, 6.81332323893e-08, 5.56310112643e-07, 6.43548162316e-07, 9.78630214377e-06, 1.45868079926e-06, 1.00497925359e-06, 2.56369645513e-08, 7.46584447597e-08, 5.7860301439e-08, 7.33266070085e-09, 1.40828522177e-08, 1.68024669733e-08, 3.0621687408e-09, 3.00735685244e-08, 3.75613282699e-08, 9.91296502661e-08, 2.06261177027e-07, 9.91675506157e-07, 2.13071388089e-07, 2.96085413964e-08, 3.42837025435e-09, 2.21841656156e-10, 9.19615564254e-11, 7.41835967655e-11, 1.09409666927e-13, 3.47796823575e-17]
        max: [7.71462800913e-05, 0.0020849709399, 0.00280864257365, 0.0032939533703, 0.0150847556069, 0.00583516154438, 0.01091629453, 0.000782028539106, 0.00235253223218, 0.00371481780894, 0.00103203812614, 0.00128149450757, 0.000819466484245, 0.000445364043117, 0.000991913839243, 0.00326931406744, 0.00171915907413, 0.0038362168707, 0.00819292291999, 0.00335030234419, 0.00131747906562, 0.000251863297308, 9.49809254962e-05, 6.23379528406e-05, 5.11177859153e-05, 2.53881512435e-06, 1.23667291518e-07]
        mean: [1.28715578285e-06, 8.50426367833e-05, 0.000143776996993, 0.000146720543853, 0.00078389083501, 0.00014150494826, 0.000110829736514, 4.43675016868e-05, 6.35275355307e-05, 5.49786818738e-05, 2.78243260254e-05, 3.26028130075e-05, 2.30755740631e-05, 1.85257504199e-05, 5.48291682207e-05, 7.87114186096e-05, 0.000169830469531, 0.0002705543302, 0.000348841887899, 0.000250183889875, 0.000140311763971, 4.43719800387e-05, 1.13069281724e-05, 5.56388977202e-06, 4.49164963356e-06, 2.15514646129e-07, 5.19990828174e-10]
        min: [2.67130016024e-11, 1.02139621205e-08, 7.60665130883e-08, 3.8996155638e-08, 7.75952102572e-08, 1.22198375863e-08, 1.39093767615e-08, 2.07115213868e-09, 3.35035266197e-09, 4.30920765737e-09, 5.1121737954e-09, 9.01450025736e-09, 4.95602403561e-09, 7.5177704062e-09, 1.04248245592e-08, 2.120155429e-08, 3.56436906657e-08, 4.08784153194e-08, 9.04135646351e-08, 4.91011746817e-08, 3.98448563033e-08, 2.08120169987e-08, 6.05576033763e-09, 5.52598322656e-09, 5.87811133101e-09, 1.83074583271e-10, 7.28095968933e-14]
        var: [1.82409608251e-11, 3.25750946217e-08, 1.38178663178e-07, 1.53996467134e-07, 4.85683040097e-06, 2.96462587812e-07, 4.10098522252e-07, 8.93349483277e-09, 4.50923067774e-08, 7.60584839554e-08, 9.19946696598e-09, 1.2944323835e-08, 4.76845318786e-09, 1.46278100743e-09, 1.26197789996e-08, 5.09639797031e-08, 7.90633336578e-08, 1.4775700663e-07, 3.13597098511e-07, 1.06573409653e-07, 3.69915902354e-08, 2.14533812937e-09, 1.79610701312e-10, 5.72973508917e-11, 4.31603607021e-11, 8.91203479287e-14, 3.54344686042e-17]
    mfcc:
        mean: [-764.355163574, 60.3761940002, -30.2600154877, 64.6110687256, -7.38101816177, -8.40012359619, 0.185965776443, -0.147982180119, -1.00088322163, -6.80133485794, -3.60949277878, -7.83380556107, -3.9299390316]
        cov: [[5854.67773438, 23.7465362549, -415.265197754, -19.2872257233, -84.1163253784, -162.431732178, -190.306381226, -174.104766846, -205.909622192, -141.449829102, -163.55480957, -91.7950363159, -117.644676208], [23.7465362549, 834.189819336, 119.902191162, 63.9606628418, 42.047744751, 60.2600479126, 43.5047950745, 39.0527839661, -37.1911010742, -33.0832138062, 0.594001948833, -18.6954078674, -33.6679534912], [-415.265197754, 119.902191162, 798.983337402, 217.670578003, 204.488616943, 108.343734741, 78.249420166, -20.4618682861, -6.38670921326, -14.3931846619, -40.3372650146, -34.6114006042, -35.3426704407], [-19.2872257233, 63.9606628418, 217.670578003, 481.365020752, 286.875, 233.987045288, 69.7414398193, 56.0377616882, 92.6744995117, 70.9483108521, -9.10212898254, 27.1742591858, 48.7888946533], [-84.1163253784, 42.047744751, 204.488616943, 286.875, 377.321533203, 227.203872681, 102.502410889, 26.1955718994, 103.427772522, 59.0762443542, -9.00463581085, 3.50213670731, 19.0421829224], [-162.431732178, 60.2600479126, 108.343734741, 233.987045288, 227.203872681, 292.198272705, 140.977630615, 49.3567886353, 99.7362136841, 59.5069046021, -10.4736919403, 28.6244869232, 34.1746902466], [-190.306381226, 43.5047950745, 78.249420166, 69.7414398193, 102.502410889, 140.977630615, 233.222930908, 95.2470169067, 70.0459213257, 39.7927093506, 17.6841926575, 10.2674217224, -0.283715903759], [-174.104766846, 39.0527839661, -20.4618682861, 56.0377616882, 26.1955718994, 49.3567886353, 95.2470169067, 152.239852905, 65.5680999756, 39.4486312866, 33.832195282, 8.51144218445, 8.97317028046], [-205.909622192, -37.1911010742, -6.38670921326, 92.6744995117, 103.427772522, 99.7362136841, 70.0459213257, 65.5680999756, 158.308822632, 86.7775268555, 27.4088897705, 30.2761573792, 43.1230278015], [-141.449829102, -33.0832138062, -14.3931846619, 70.9483108521, 59.0762443542, 59.5069046021, 39.7927093506, 39.4486312866, 86.7775268555, 122.009132385, 47.4499893188, 28.7807807922, 32.7937164307], [-163.55480957, 0.594001948833, -40.3372650146, -9.10212898254, -9.00463581085, -10.4736919403, 17.6841926575, 33.832195282, 27.4088897705, 47.4499893188, 105.480102539, 41.8532524109, 27.454082489], [-91.7950363159, -18.6954078674, -34.6114006042, 27.1742591858, 3.50213670731, 28.6244869232, 10.2674217224, 8.51144218445, 30.2761573792, 28.7807807922, 41.8532524109, 80.8895263672, 56.5630912781], [-117.644676208, -33.6679534912, -35.3426704407, 48.7888946533, 19.0421829224, 34.1746902466, -0.283715903759, 8.97317028046, 43.1230278015, 32.7937164307, 27.454082489, 56.5630912781, 98.0256881714]]
        icov: [[0.000207444667467, -1.87115565495e-05, 0.000184170348803, -0.00017250989913, -7.20601019566e-05, 0.000170251354575, -4.9186135584e-05, 0.000178799338755, 0.000165841731359, 3.04610989588e-06, 0.000257888779743, -4.86468779854e-05, 0.000214800733374], [-1.87115565495e-05, 0.00133439630736, -0.000157191301696, -4.67467980343e-05, 5.59414220334e-05, -0.000524118251633, 0.000116228176921, -0.000535294646397, 0.000522798451129, 0.000399286509492, -0.000446192774689, 0.000141012176755, 0.00030367373256], [0.000184170348803, -0.000157191301696, 0.00187112344429, -0.000913685944397, -0.000686206039973, 0.000686514715198, -0.00086562364595, 0.000906964181922, 0.000424774800194, 0.000270771619398, 0.000298540428048, 0.000254058890278, 0.000597194302827], [-0.00017250989913, -4.67467980343e-05, -0.000913685944397, 0.00539595959708, -0.00248376233503, -0.00251885107718, 0.00209116563201, -0.00251500029117, 0.00106311403215, -0.00143045547884, 0.000882819877006, -0.000745903176721, -0.00144724186976], [-7.20601019566e-05, 5.59414220334e-05, -0.000686206039973, -0.00248376233503, 0.00735668325797, -0.0031404083129, -0.000519245164469, 0.00198243372142, -0.00273886648938, 0.000626675260719, -0.00144401390571, 0.00236360076815, 0.000440103642177], [0.000170251354575, -0.000524118251633, 0.000686514715198, -0.00251885107718, -0.0031404083129, 0.0108196940273, -0.00460757594556, 0.00144969776738, -0.00126539519988, -0.000763203075621, 0.00328503153287, -0.00281807943247, -0.000264512287686], [-4.9186135584e-05, 0.000116228176921, -0.00086562364595, 0.00209116563201, -0.000519245164469, -0.00460757594556, 0.00902471132576, -0.00483504496515, -0.000156717695063, -6.71844172757e-05, -0.000747380312532, -0.000651822483633, 0.00148076342884], [0.000178799338755, -0.000535294646397, 0.000906964181922, -0.00251500029117, 0.00198243372142, 0.00144969776738, -0.00483504496515, 0.0121536729857, -0.00409509101883, 0.000912690185942, -0.00276869139634, 0.00232236413285, 0.000523980532307], [0.000165841731359, 0.000522798451129, 0.000424774800194, 0.00106311403215, -0.00273886648938, -0.00126539519988, -0.000156717695063, -0.00409509101883, 0.0150833949447, -0.00745322136208, 0.00201915437356, -0.000905257125851, -0.00283493334427], [3.04610989588e-06, 0.000399286509492, 0.000270771619398, -0.00143045547884, 0.000626675260719, -0.000763203075621, -6.71844172757e-05, 0.000912690185942, -0.00745322136208, 0.0164463557303, -0.00617287820205, 0.00103646714706, -8.14572485979e-05], [0.000257888779743, -0.000446192774689, 0.000298540428048, 0.000882819877006, -0.00144401390571, 0.00328503153287, -0.000747380312532, -0.00276869139634, 0.00201915437356, -0.00617287820205, 0.0166763737798, -0.00819152034819, 0.000443997356342], [-4.86468779854e-05, 0.000141012176755, 0.000254058890278, -0.000745903176721, 0.00236360076815, -0.00281807943247, -0.000651822483633, 0.00232236413285, -0.000905257125851, 0.00103646714706, -0.00819152034819, 0.0259309113026, -0.0118552958593], [0.000214800733374, 0.00030367373256, 0.000597194302827, -0.00144724186976, 0.000440103642177, -0.000264512287686, 0.00148076342884, 0.000523980532307, -0.00283493334427, -8.14572485979e-05, 0.000443997356342, -0.0118552958593, 0.0194529853761]]
    spectral_contrast:
        mean: [2.77796203818e-07, 2.92240365241e-08, -4.61689097619e-07, -2.07576640321e-08, -2.90739421871e-07, 3.77900377657e-08, 2.89564218292e-06, -1.41276871091e-06, -5.72689771161e-07, -6.50106457556e-08, -2.27939244724e-06, 1.39890710216e-06]
        var: [0.00053602742264, 0.00085568416398, 0.00157720514107, 0.00315327267163, 0.00683964742348, 0.0118198283017, 0.0710488632321, 0.118578247726, 0.218301981688, 0.379690647125, 0.854980349541, 3.030554533]

rhythm:
    beats_loudness:
        dmean: 0.00462168734521
        dmean2: 0.00900041405112
        dvar: 1.2094318663e-05
        dvar2: 3.81837853638e-05
        max: 0.011178442277
        mean: 0.0047115618363
        min: 9.31479153223e-05
        var: 1.23025747598e-05
    beats_loudness_bass:
        dmean: 0.23141528666
        dmean2: 0.454782068729
        dvar: 0.0432663559914
        dvar2: 0.0962945148349
        max: 0.597187995911
        mean: 0.132659763098
        min: 0.000169254999491
        var: 0.0371807962656
    bpm: 96.5894927979
    bpm_confidence: 0
    first_peak_bpm: 97
    first_peak_spread: 0.111111104488
    first_peak_weight: 0.5
    onset_rate: 5.2836098671
    second_peak_bpm: 129
    second_peak_spread: 0
    second_peak_weight: 0.4375
    beats_position: [0.625080704689, 1.24626934528, 1.86745774746, 2.48864626884, 3.10983490944, 3.73102355003, 4.35221242905, 4.97340106964, 5.59458971024, 6.23367738724, 6.69944858551, 7.16521930695, 7.63099050522, 8.09676170349, 8.56253242493, 9.02830314636, 9.49407482147]
    bpm_estimates: [96.8937606812, 96.7318878174, 96.635269165, 96.4758605957, 96.1992340088, 96.4706954956, 96.7197189331]
    bpm_intervals: [0.621188640594, 0.621188402176, 0.621188521385, 0.621188640594, 0.621188640594, 0.621188879013, 0.621188640594, 0.621188640594, 0.639087677002, 0.465771198273, 0.465770721436, 0.465771198273, 0.465771198273, 0.465770721436, 0.465770721436, 0.46577167511]
    onset_times: [0.0464399084449, 0.290249437094, 0.394739240408, 0.557278931141, 0.893968224525, 1.05650794506, 1.23065757751, 1.39319729805, 1.59056687355, 1.8575963974, 2.02013611794, 2.17106580734, 2.33360552788, 2.48453521729, 2.62385487556, 3.12308382988, 3.42494320869, 3.55265307426, 3.72680282593, 3.87773251534, 4.04027223587, 4.20281171799, 4.34213161469, 4.6439909935, 4.81814050674, 4.96907043457, 5.13160991669, 5.28253984451, 5.42185926437, 5.59600925446, 5.9094786644, 6.06040811539, 6.22294807434, 6.37387752533, 6.52480745316, 6.6989569664, 6.80344676971, 7.16335582733, 7.31428575516, 7.41877555847, 7.60453510284, 7.77868461609, 8.103764534, 8.4172334671, 8.55655288696, 8.70748329163, 8.87002277374, 9.03256225586, 9.33442211151, 9.67111110687, 9.79882049561, 9.91492080688, 9.98458003998]
    rubato_start: [6.69944858551]
    rubato_stop: [7.16521930695]
    perceptual_tempo: "unknown"

sfx:
    inharmonicity:
        dmean: 0.0734238997102
        dmean2: 0.129582792521
        dvar: 0.00540091563016
        dvar2: 0.014837265946
        max: 0.456923961639
        mean: 0.0768293142319
        min: 0
        var: 0.00617898348719
    oddtoevenharmonicenergyratio:
        dmean: 27.6052818298
        dmean2: 53.5449447632
        dvar: 48549.3320312
        dvar2: 141599.03125
        max: 2811.6809082
        mean: 15.0316419601
        min: 0
        var: 26334.7792969
    pitch_after_max_to_before_max_energy_ratio: 0.124821208417
    pitch_centroid: 224.564880371
    pitch_max_to_total: 0.87674421072
    pitch_min_to_total: 0.967441856861
    tristimulus:
        dmean: [0.201326876879, 0.324074566364, 0.196538344026]
        dmean2: [0.355915665627, 0.577016294003, 0.350209921598]
        dvar: [0.0444083884358, 0.0650438666344, 0.0319930538535]
        dvar2: [0.121496170759, 0.177523583174, 0.0855109766126]
        max: [1, 0.986269712448, 0.75378882885]
        mean: [0.268437504768, 0.443097859621, 0.191838264465]
        min: [0.0120449503884, 0, 0]
        var: [0.062486525625, 0.0904986858368, 0.0396248698235]

tonal:
    chords_changes_rate: 0.0324074067175
    chords_number_rate: 0.0231481473893
    chords_strength:
        dmean: 0.0175852626562
        dmean2: 0.0239278953522
        dvar: 0.000193068743101
        dvar2: 0.000363533588825
        max: 0.770472943783
        mean: 0.564534664154
        min: 0.367617368698
        var: 0.00694902753457
    key_strength: 0.464377105236
    tuning_diatonic_strength: 0.453596740961
    tuning_equal_tempered_deviation: 0.185102492571
    tuning_frequency: 437.718536377
    tuning_nontempered_energy_ratio: 0.872684895992
    hpcp:
        dmean: [0.18064032495, 0.223242908716, 0.254503905773, 0.270377606153, 0.261932313442, 0.231839179993, 0.194203823805, 0.208873927593, 0.254242688417, 0.243611752987, 0.207043454051, 0.211055159569, 0.247758999467, 0.240483909845, 0.228824451566, 0.228261426091, 0.20745716989, 0.174216330051, 0.135204687715, 0.1086396873, 0.128125727177, 0.138593748212, 0.141051486135, 0.175590500236, 0.186364218593, 0.165449813008, 0.189998552203, 0.265050202608, 0.244586259127, 0.199590340257, 0.199721485376, 0.180565312505, 0.206012547016, 0.223435685039, 0.183122783899, 0.157000526786]
        dmean2: [0.31686091423, 0.390074849129, 0.434204787016, 0.454290062189, 0.438907444477, 0.389752835035, 0.311875492334, 0.347510993481, 0.437284260988, 0.43501663208, 0.369123160839, 0.374812602997, 0.431466549635, 0.42823317647, 0.397475272417, 0.387376666069, 0.364538103342, 0.294430017471, 0.22971150279, 0.188725396991, 0.225797891617, 0.245990335941, 0.243395760655, 0.311578899622, 0.321807831526, 0.284607768059, 0.326303601265, 0.457609415054, 0.40175396204, 0.347189217806, 0.342123150826, 0.306394904852, 0.353725671768, 0.376369476318, 0.311121374369, 0.26383960247]
        dvar: [0.0418518073857, 0.0494956560433, 0.0536299198866, 0.0633049160242, 0.0515870302916, 0.0500524938107, 0.0397528707981, 0.0476466305554, 0.0686376690865, 0.0700964406133, 0.0472358465195, 0.0591928958893, 0.0640744119883, 0.0670660585165, 0.0675181001425, 0.0506046079099, 0.052074983716, 0.0399999655783, 0.0262731127441, 0.0220706313848, 0.0313045792282, 0.0357650630176, 0.0254469309002, 0.047891009599, 0.0518102943897, 0.0389323569834, 0.036767359823, 0.0748309195042, 0.0519958399236, 0.050272680819, 0.0448269732296, 0.0319959037006, 0.051582954824, 0.0558035559952, 0.0405720174313, 0.0315526723862]
        dvar2: [0.092617072165, 0.127537935972, 0.125736758113, 0.153028815985, 0.146642252803, 0.143126904964, 0.0912982299924, 0.11599381268, 0.188453122973, 0.186187937856, 0.125165373087, 0.151312842965, 0.179055318236, 0.179403200746, 0.184037163854, 0.120261967182, 0.120755270123, 0.0996383205056, 0.0666946470737, 0.0558078847826, 0.0864854156971, 0.0970220044255, 0.0613365098834, 0.124794147909, 0.13339702785, 0.104156523943, 0.0866525173187, 0.186430335045, 0.135882750154, 0.106362126768, 0.104554310441, 0.0864959955215, 0.141737595201, 0.141938015819, 0.104734495282, 0.0718415081501]
        max: [1, 1, 1, 1, 1, 1, 1, 1, 1, 1, 1, 1, 1, 1, 1, 1, 1, 1, 1, 0.883433878422, 1, 1, 1, 1, 1, 1, 1, 1, 1, 1, 1, 1, 1, 1, 1, 1]
        mean: [0.222561150789, 0.267452180386, 0.345668166876, 0.396520555019, 0.354893863201, 0.282127171755, 0.268017023802, 0.278566807508, 0.266713261604, 0.240130782127, 0.217393890023, 0.242674320936, 0.274248927832, 0.258713454008, 0.245569169521, 0.287080049515, 0.285581469536, 0.209700986743, 0.145645782351, 0.115418948233, 0.122868485749, 0.137649804354, 0.141300663352, 0.166495531797, 0.190667510033, 0.190386608243, 0.222387030721, 0.27384853363, 0.272688806057, 0.26192086935, 0.249623313546, 0.228913173079, 0.238119348884, 0.237265393138, 0.206583589315, 0.195666253567]
        min: [0.00383170717396, 0.0040623517707, 0.0038109109737, 0.00402529072016, 0.0042905411683, 0.00542749743909, 0.00470992270857, 0.0032077927608, 0.00416937563568, 0.00409612851217, 0.00498948711902, 0.00503509258851, 0.00231507164426, 0.00238124257885, 0.00195697997697, 0.00422001257539, 0.00496981106699, 0.00421206885949, 0.00449820561334, 0.00140336540062, 0.00119726953562, 0.00240601389669, 0.00179331167601, 0.00376687152311, 0.0012920210138, 0.0032690896187, 0.00254661613144, 0.00365430652164, 0.00412495806813, 0.0040681771934, 0.00294946320355, 0.00339995021932, 0.00417652353644, 0.00403908267617, 0.00330404541455, 0.00351760047488]
        var: [0.0613295137882, 0.0682827755809, 0.085851714015, 0.102244652808, 0.0818581283092, 0.0666808634996, 0.0680291354656, 0.0788992792368, 0.0772028937936, 0.0678878426552, 0.0484599806368, 0.0641571804881, 0.0758972764015, 0.0725866556168, 0.0645777210593, 0.080092780292, 0.0879375934601, 0.0511103831232, 0.028712535277, 0.022479923442, 0.0277161989361, 0.0335203893483, 0.0304564163089, 0.0460797101259, 0.0557554624975, 0.0446360632777, 0.0515684336424, 0.0833792686462, 0.0708544105291, 0.0776457935572, 0.0700657218695, 0.0439326129854, 0.0579260066152, 0.0668857246637, 0.0493453033268, 0.0465923063457]
    chords_histogram: [7.87037038803, 0.462962955236, 7.40740728378, 9.25925922394, 0, 0, 0, 0, 0, 37.0370368958, 0, 0, 0, 0, 0, 0, 37.9629631042, 0, 0, 0, 0, 0, 0, 0]
    thpcp: [1, 0.895020067692, 0.711507081985, 0.67592215538, 0.702528059483, 0.672634124756, 0.605594813824, 0.548253774643, 0.61200940609, 0.691638588905, 0.652459144592, 0.619310081005, 0.723997890949, 0.720218598843, 0.528852760792, 0.36730954051, 0.291079342365, 0.309866636992, 0.347144186497, 0.356351435184, 0.419891297817, 0.480851501226, 0.480143100023, 0.560846149921, 0.690628826618, 0.687704086304, 0.66054803133, 0.629534363747, 0.577304661274, 0.600522100925, 0.5983684659, 0.520990848541, 0.493458032608, 0.561285257339, 0.674497663975, 0.871753454208]
    chords_key: "G"
    chords_scale: "minor"
    key_key: "B"
    key_scale: "minor"
    chords_progression: ["A", "A", "A", "A", "A", "A", "A", "A", "A", "A", "A", "A", "A", "A", "A", "A", "A", "A", "A", "A", "F#m", "F#m", "F#m", "F#m", "F#m", "F#m", "F#m", "F#m", "F#m", "F#m", "F#m", "F#m", "F#m", "F#m", "F#m", "F#m", "D", "Bm", "Bm", "Bm", "Bm", "Bm", "Bm", "Bm", "Bm", "Bm", "Bm", "Bm", "Bm", "Bm", "Bm", "Bm", "Bm", "Bm", "Gm", "Gm", "Gm", "Gm", "Gm", "Gm", "Gm", "Gm", "Gm", "Gm", "Gm", "Gm", "Gm", "Gm", "Gm", "Gm", "Gm", "Gm", "Gm", "Gm", "Gm", "Gm", "Gm", "Gm", "Gm", "Gm", "Gm", "Gm", "Gm", "Gm", "Gm", "Gm", "Gm", "Gm", "Gm", "Gm", "Gm", "F#", "F#", "F#", "F#", "F#", "F#", "F#", "F#", "F#", "F#", "F#", "F#", "F#", "F#", "F#", "F#", "F#", "F#", "F#", "F#", "F#", "F#", "F#", "F#", "F#", "F#", "F#", "F#", "F#", "F#", "F#", "F#", "F#", "F#", "F#", "F#", "F#", "F#", "Gm", "Gm", "Gm", "Gm", "Gm", "Gm", "Gm", "Gm", "Gm", "Gm", "Gm", "Gm", "Gm", "Gm", "Gm", "Gm", "Gm", "Gm", "Gm", "Gm", "Gm", "Gm", "Gm", "Gm", "Gm", "Gm", "Gm", "Gm", "Gm", "Gm", "Gm", "Gm", "Gm", "Gm", "Gm", "Gm", "Gm", "Gm", "Gm", "Gm", "Gm", "Gm", "Gm", "Gm", "Gm", "F#", "F#", "F#", "F#", "F#", "F#", "F#", "F#", "F#", "F#", "F#", "F#", "F#", "F#", "F#", "F#", "F#", "F#", "F#", "F#", "F#", "F#", "F#", "F#", "F#", "F#", "F#", "F#", "F#", "F#", "F#", "F#", "F#", "F#", "F#", "F#", "F#", "F#", "F#", "F#", "F#", "F#"]
