
metadata:
    version:
        essentia: "1.2.2"
    audio_properties:
        analysis_sample_rate: 44100
        bitrate: 128
        channels: 2
        equal_loudness: 1
        length: 9.97877597809
        replay_gain: -6.64617538452
        downmix: "mix"
    tags:
        track: 14
        year: 0
        album: "Splitted by Mp3Splt v. 2.1"
        artist: "From 002.10 To 002.20"
        comment: "http://mp3splt.sf.net"
        genre: ""
        title: "16 Basic Brian.mp3"

highlevel:
    ballroom:
        all:
            ChaChaCha: 0.0519724003971
            Jive: 0.0690917447209
            Quickstep: 0.22803118825
            Rumba-American: 0.00520164147019
            Rumba-International: 0.0219835583121
            Rumba-Misc: 0.00932741072029
            Samba: 0.0546196252108
            Tango: 0.460362911224
            VienneseWaltz: 0.0821338891983
            Waltz: 0.0172756258398
        probability: 0.460362911224
        value: "Tango"
    culture:
        all:
            non_western: 0.226147264242
            western: 0.773852705956
        probability: 0.773852705956
        value: "western"
    gender:
        all:
            female: 0.782838881016
            male: 0.217161118984
        probability: 0.782838881016
        value: "female"
    genre_dortmund:
        all:
            alternative: 0.113528370857
            blues: 0.0146808391437
            electronic: 0.0737591162324
            folkcountry: 0.414320498705
            funksoulrnb: 0.00584829458967
            jazz: 0.133109658957
            pop: 0.117213077843
            raphiphop: 0.00135304348078
            rock: 0.126187115908
        probability: 0.414320498705
        value: "folkcountry"
    genre_electronica:
        all:
            ambient: 0.608914673328
            dnb: 0.0850378721952
            house: 0.00822746288031
            techno: 0.00895759835839
            trance: 0.288862407207
        probability: 0.608914673328
        value: "ambient"
    genre_rosamerica:
        all:
            cla: 0.0529555603862
            dan: 0.0394724644721
            hip: 0.00380314467475
            jaz: 0.142124980688
            pop: 0.642168045044
            rhy: 0.0247456990182
            roc: 0.0931691452861
            spe: 0.00156099302694
        probability: 0.642168045044
        value: "pop"
    genre_tzanetakis:
        all:
            blu: 0.0131284324452
            cla: 0.0999161824584
            cou: 0.132748246193
            dis: 0.0447727479041
            hip: 0.00344536220655
            jaz: 0.391204982996
            met: 0.00595200201496
            pop: 0.182359620929
            reg: 0.0447259172797
            roc: 0.0817465111613
        probability: 0.391204982996
        value: "jaz"
    live_studio:
        all:
            live: 0.166852742434
            studio: 0.833147287369
        probability: 0.833147287369
        value: "studio"
    mood:
        all:
            Cluster1: 0.294007450342
            Cluster2: 0.282406210899
            Cluster3: 0.179614767432
            Cluster4: 0.207345873117
            Cluster5: 0.0366257056594
        probability: 0.294007450342
        value: "Cluster1"
    mood_acoustic:
        all:
            acoustic: 0.340364009142
            not_acoustic: 0.65963602066
        probability: 0.65963602066
        value: "not_acoustic"
    mood_aggressive:
        all:
            aggressive: 0.00775489257649
            not_aggressive: 0.992245078087
        probability: 0.992245078087
        value: "not_aggressive"
    mood_electronic:
        all:
            electronic: 0.90314412117
            not_electronic: 0.0968558713794
        probability: 0.90314412117
        value: "electronic"
    mood_happy:
        all:
            happy: 0.320524454117
            not_happy: 0.679475545883
        probability: 0.679475545883
        value: "not_happy"
    mood_party:
        all:
            not_party: 0.857531964779
            party: 0.14246802032
        probability: 0.857531964779
        value: "not_party"
    mood_relaxed:
        all:
            not_relaxed: 0.24359343946
            relaxed: 0.756406545639
        probability: 0.756406545639
        value: "relaxed"
    mood_sad:
        all:
            not_sad: 0.187947466969
            sad: 0.812052547932
        probability: 0.812052547932
        value: "sad"
    rhythm:
        all:
            fast: 0.356686115265
            medium: 0.595808386803
            slow: 0.0475054830313
        probability: 0.595808386803
        value: "medium"
    speech_music:
        all:
            music: 0.999565660954
            speech: 0.000434314919403
        probability: 0.999565660954
        value: "music"
    timbre:
        all:
            bright: 0.734524965286
            dark: 0.265475004911
        probability: 0.734524965286
        value: "bright"
    voice_instrumental:
        all:
            instrumental: 0.881586372852
            voice: 0.118413612247
        probability: 0.881586372852
        value: "instrumental"

lowlevel:
    average_loudness: 0.856779396534
    barkbands_kurtosis:
        dmean: 0.530576884747
        dmean2: 0.891784608364
        dvar: 0.613954842091
        dvar2: 1.7636526823
        max: 5.70086288452
        mean: -0.522569715977
        min: -1.73477470875
        var: 0.890085041523
    barkbands_skewness:
        dmean: 0.308218985796
        dmean2: 0.500211000443
        dvar: 0.0975090041757
        dvar2: 0.268888473511
        max: 2.40505170822
        mean: 0.431947261095
        min: -1.2916533947
        var: 0.350449740887
    barkbands_spread:
        dmean: 4.66345739365
        dmean2: 7.64328956604
        dvar: 22.9288749695
        dvar2: 58.0713500977
        max: 54.6638870239
        mean: 28.243478775
        min: 10.5809745789
        var: 46.5411300659
    dissonance:
        dmean: 0.0222576893866
        dmean2: 0.0384160131216
        dvar: 0.000435548863607
        dvar2: 0.00115236395504
        max: 0.498316019773
        mean: 0.445567160845
        min: 0.329745948315
        var: 0.000855548249092
    hfc:
        dmean: 1.25177907944
        dmean2: 1.90439736843
        dvar: 5.09925270081
        dvar2: 8.68306541443
        max: 38.4629707336
        mean: 5.00857496262
        min: 0.272483915091
        var: 39.5321121216
    pitch:
        dmean: 246.023071289
        dmean2: 457.766418457
        dvar: 536524.1875
        dvar2: 1537130.875
        max: 4009.09082031
        mean: 353.419708252
        min: 94.6351928711
        var: 319509.15625
    pitch_instantaneous_confidence:
        dmean: 0.0781993195415
        dmean2: 0.127138525248
        dvar: 0.00468014506623
        dvar2: 0.0118113970384
        max: 0.857638955116
        mean: 0.512770295143
        min: 0.183850586414
        var: 0.0325455479324
    pitch_salience:
        dmean: 0.0612007156014
        dmean2: 0.0958745256066
        dvar: 0.00293585145846
        dvar2: 0.00783331599087
        max: 0.806636035442
        mean: 0.60172355175
        min: 0.280933052301
        var: 0.0100242020562
    silence_rate_20dB:
        dmean: 0
        dmean2: 0
        dvar: 0
        dvar2: 0
        max: 1
        mean: 1
        min: 1
        var: 0
    silence_rate_30dB:
        dmean: 0
        dmean2: 0
        dvar: 0
        dvar2: 0
        max: 1
        mean: 1
        min: 1
        var: 0
    silence_rate_60dB:
        dmean: 0.0442890450358
        dmean2: 0.0887850448489
        dvar: 0.0423275381327
        dvar2: 0.104266710579
        max: 1
        mean: 0.576744198799
        min: 0
        var: 0.244110509753
    spectral_centroid:
        dmean: 193.728759766
        dmean2: 303.145080566
        dvar: 51066.4648438
        dvar2: 131257.890625
        max: 2846.29980469
        mean: 1247.44714355
        min: 312.185333252
        var: 238980.265625
    spectral_complexity:
        dmean: 1.70023417473
        dmean2: 2.83568072319
        dvar: 3.71810626984
        dvar2: 7.3204202652
        max: 25
        mean: 9.86915874481
        min: 1
        var: 35.4267959595
    spectral_crest:
        dmean: 1.96917009354
        dmean2: 3.12966251373
        dvar: 2.89290738106
        dvar2: 6.80656480789
        max: 18.9618339539
        mean: 7.41274499893
        min: 2.61161565781
        var: 8.69169521332
    spectral_decrease:
        dmean: 1.80429268748e-10
        dmean2: 2.85515611154e-10
        dvar: 6.71581153866e-20
        dvar2: 1.51425673337e-19
        max: -8.90308660129e-11
        mean: -7.77813591313e-10
        min: -2.855711001e-09
        var: 3.75571043221e-19
    spectral_energy:
        dmean: 0.000777108652983
        dmean2: 0.00122047576588
        dvar: 1.26850352444e-06
        dvar2: 2.72195507023e-06
        max: 0.0140852127224
        mean: 0.00338993989863
        min: 0.000372812181013
        var: 7.88649322203e-06
    spectral_energyband_high:
        dmean: 0.00010748571367
        dmean2: 0.000177098016138
        dvar: 4.75310990566e-08
        dvar2: 1.12836026744e-07
        max: 0.00293147657067
        mean: 0.000221985261305
        min: 3.03853471451e-06
        var: 1.78509353077e-07
    spectral_energyband_low:
        dmean: 0.000156335532665
        dmean2: 0.000248558237217
        dvar: 5.26554018165e-08
        dvar2: 1.38603809319e-07
        max: 0.00195177574642
        mean: 0.000283492438029
        min: 5.07234835823e-06
        var: 8.58140580817e-08
    spectral_energyband_middle_high:
        dmean: 0.000309669558192
        dmean2: 0.000468818529043
        dvar: 2.37544625747e-07
        dvar2: 3.4317713471e-07
        max: 0.00825604610145
        mean: 0.00143193639815
        min: 7.23374105291e-05
        var: 2.21892355512e-06
    spectral_energyband_middle_low:
        dmean: 0.000474358355859
        dmean2: 0.000742357166018
        dvar: 5.52835501821e-07
        dvar2: 1.47597552314e-06
        max: 0.0076717720367
        mean: 0.00145252607763
        min: 0.000140101576108
        var: 1.64389734891e-06
    spectral_flatness_db:
        dmean: 0.0164906196296
        dmean2: 0.0248149521649
        dvar: 0.000205876640393
        dvar2: 0.000440606207121
        max: 0.229882568121
        mean: 0.149602562189
        min: 0.0884700641036
        var: 0.000592306256294
    spectral_flux:
        dmean: 0.00645559141412
        dmean2: 0.0100373504683
        dvar: 5.68382201891e-05
        dvar2: 0.00010640356777
        max: 0.0855574458838
        mean: 0.0267180670053
        min: 0.00941335503012
        var: 0.000157266113092
    spectral_kurtosis:
        dmean: 1.36390328407
        dmean2: 2.23545265198
        dvar: 1.86763691902
        dvar2: 5.17974424362
        max: 11.0236206055
        mean: 4.94748926163
        min: 1.02920866013
        var: 3.12465381622
    spectral_rms:
        dmean: 0.000204855619813
        dmean2: 0.000321821542457
        dvar: 6.27574507917e-08
        dvar2: 1.31610846665e-07
        max: 0.00370697607286
        mean: 0.00167092704214
        min: 0.000603091379162
        var: 5.15262797762e-07
    spectral_rolloff:
        dmean: 503.382141113
        dmean2: 847.124023438
        dvar: 339903.6875
        dvar2: 852923.5625
        max: 4349.70703125
        mean: 2483.61303711
        min: 387.59765625
        var: 942152.875
    spectral_skewness:
        dmean: 0.211237087846
        dmean2: 0.356823831797
        dvar: 0.0553502067924
        dvar2: 0.155172660947
        max: 2.67098021507
        mean: 1.70536088943
        min: 0.594592571259
        var: 0.0965489894152
    spectral_spread:
        dmean: 663874.6875
        dmean2: 953751.9375
        dvar: 603832647680
        dvar2: 1.02234980352e+12
        max: 13559274
        mean: 4507767
        min: 2920481.25
        var: 1.14229890253e+12
    spectral_strongpeak:
        dmean: 0.383724689484
        dmean2: 0.650757908821
        dvar: 0.712957501411
        dvar2: 1.49959039688
        max: 9.57533836365
        mean: 0.852624535561
        min: 0.0134915551171
        var: 2.74898600578
    zerocrossingrate:
        dmean: 0.00663239182904
        dmean2: 0.00811509694904
        dvar: 3.57503886335e-05
        dvar2: 3.84650811611e-05
        max: 0.142578125
        mean: 0.0743545070291
        min: 0.029296875
        var: 0.000410296168411
    barkbands:
        dmean: [1.73442444407e-07, 0.000111270528578, 8.16201936686e-05, 9.13302865229e-05, 0.000282486784272, 8.30404023873e-05, 5.6674645748e-05, 0.00010000209295, 7.40657342249e-05, 0.00012727813737, 3.12281263177e-05, 5.92115138716e-05, 2.52512345469e-05, 0.00010391275282, 2.87013026536e-05, 2.49669028562e-05, 3.58799370588e-05, 7.17452276149e-05, 5.73985635128e-05, 0.000183563315659, 1.76983976417e-05, 8.27682379168e-06, 2.72534339274e-06, 8.93912272204e-07, 3.62853569413e-07, 4.18134042945e-08, 1.44707879013e-09]
        dmean2: [2.72864554063e-07, 0.000164984114235, 0.000142532240716, 0.000159780713147, 0.000452051317552, 0.000127728766529, 9.26630746108e-05, 0.00013073705486, 0.00011309103138, 0.000201420698431, 4.89385893161e-05, 8.65469773998e-05, 3.95180140913e-05, 0.00017272180412, 4.58553731733e-05, 4.16305010731e-05, 5.40719956916e-05, 0.000112020868983, 9.2512484116e-05, 0.000283595960354, 2.94309429592e-05, 1.45623544086e-05, 4.80912422063e-06, 1.53515543388e-06, 5.45008788322e-07, 6.12697519387e-08, 1.51335421972e-09]
        dvar: [7.49928141504e-14, 2.47864928582e-08, 2.5348844801e-08, 2.85738313011e-08, 2.94903173881e-07, 1.79888868246e-08, 1.36879210189e-08, 2.18082405468e-08, 9.92285276169e-09, 3.13186347967e-08, 2.5820527938e-09, 9.47305700549e-09, 2.19474505236e-09, 1.00943111647e-08, 6.78824951805e-09, 1.8974180005e-09, 4.10444478405e-09, 1.33769235688e-08, 6.91609214343e-09, 1.94417154376e-07, 6.4013827572e-10, 3.11483866478e-10, 3.03308940464e-11, 1.9884083529e-12, 2.40199651618e-13, 3.48467978072e-15, 7.3372296762e-16]
        dvar2: [1.99595358687e-13, 6.32584544746e-08, 6.8278808385e-08, 7.19298967056e-08, 8.24096559882e-07, 5.15556806135e-08, 3.65860515217e-08, 3.91316916648e-08, 1.9888320324e-08, 7.01093512134e-08, 5.99549121461e-09, 2.16620303917e-08, 5.36711031174e-09, 2.82763696902e-08, 1.42606602083e-08, 4.35153069134e-09, 7.69576935511e-09, 2.50503688903e-08, 1.75036518613e-08, 3.47141650536e-07, 1.56408952456e-09, 8.69700145234e-10, 8.13348277617e-11, 5.4861644741e-12, 5.33672823815e-13, 7.5568628842e-15, 7.09164253166e-16]
        max: [2.63554761659e-06, 0.00136283924803, 0.00141513056587, 0.00148665544111, 0.00557387201115, 0.00154240382835, 0.00121611333452, 0.00232743378729, 0.00166812806856, 0.00205446593463, 0.000674399081618, 0.00137924670707, 0.000599096529186, 0.000874272722285, 0.00138783140574, 0.000622495193966, 0.00102046027314, 0.00234461738728, 0.00115635397378, 0.00713950861245, 0.000184114949661, 0.000107164916699, 5.11454854859e-05, 9.77376930678e-06, 3.79906850867e-06, 5.58254612315e-07, 5.70515624077e-07]
        mean: [2.18349939018e-07, 0.000192958934349, 9.03166655917e-05, 0.0001007769024, 0.000386205530958, 0.000156721129315, 0.000107258019852, 0.000335497286869, 0.000174489396159, 0.000294644618407, 6.10041788605e-05, 0.000193608560949, 6.33850431768e-05, 0.000188805133803, 6.96282659192e-05, 4.27405502705e-05, 8.37070328998e-05, 0.000206500306376, 0.00014050633763, 0.000455801113276, 3.17158883263e-05, 7.94243169366e-06, 3.41619806932e-06, 1.49761308421e-06, 5.44013403214e-07, 5.25913215199e-08, 1.46335388251e-09]
        min: [8.62270921331e-10, 8.25026688744e-07, 1.55173643179e-06, 6.1474412405e-07, 2.94823439617e-06, 1.75200443664e-06, 2.54287715507e-06, 3.17216347412e-07, 9.21700757317e-06, 2.25034364121e-06, 4.13642140984e-07, 5.50447566638e-07, 6.27316182999e-07, 1.37087090479e-06, 1.95833035832e-06, 2.39592350226e-06, 1.65144888342e-06, 2.40838016907e-06, 4.8048809731e-06, 2.70248006018e-06, 9.56355847848e-07, 3.04888345681e-07, 4.9965063198e-08, 2.04564525319e-08, 1.96353955317e-08, 8.45578218556e-10, 1.59890763823e-13]
        var: [8.38163292569e-14, 5.04569079851e-08, 2.07825241461e-08, 2.99684153049e-08, 2.9876630947e-07, 2.33925820936e-08, 3.83861475939e-08, 2.16171486045e-07, 5.73210066079e-08, 1.59110129516e-07, 5.968328054e-09, 8.07820157434e-08, 8.66385807541e-09, 1.82331234555e-08, 4.18573939953e-08, 4.37523617336e-09, 2.54690917245e-08, 8.88967477408e-08, 2.41667574841e-08, 1.05266383343e-06, 9.08565500612e-10, 2.17783055478e-10, 2.76139840161e-11, 2.92067650447e-12, 3.93487380266e-13, 4.75542380742e-15, 7.58623089291e-16]
    mfcc:
        mean: [-740.690856934, 134.409011841, -44.2705116272, 45.3953514099, -14.3342380524, -8.43922042847, 9.63003444672, -3.55857920647, -3.0864815712, 11.8298158646, 2.65154910088, 0.573222279549, -6.96615791321]
        cov: [[2765.50244141, -557.255615234, -82.3907546997, -140.176681519, -276.349029541, -183.564727783, 275.666870117, 176.833007812, -316.083312988, -1.11789250374, -156.276397705, 240.027511597, -14.9856595993], [-557.255615234, 358.439025879, -52.6030349731, 11.6550951004, 15.1388082504, -11.2054271698, 22.9358768463, -10.0242538452, 18.3770389557, 49.450668335, 47.8805084229, 17.0381984711, -29.4553451538], [-82.3907546997, -52.6030349731, 231.408172607, -12.8162717819, 15.1287584305, 101.436477661, -39.771282196, 54.9894676208, 30.4715843201, -77.3110122681, 1.37842667103, -36.3374061584, 2.83607697487], [-140.176681519, 11.6550951004, -12.8162717819, 157.579193115, 75.8355484009, -13.7489566803, -60.578956604, -59.3356895447, 47.0371704102, 35.4065895081, -16.8290977478, -35.5549583435, 24.3886871338], [-276.349029541, 15.1388082504, 15.1287584305, 75.8355484009, 126.513130188, 14.486907959, -66.6693649292, -50.8807525635, 76.2451400757, 2.93865299225, 3.02066135406, -53.7854766846, 25.9068660736], [-183.564727783, -11.2054271698, 101.436477661, -13.7489566803, 14.486907959, 150.337203979, 0.218831732869, 37.724319458, 13.763677597, -44.8560600281, 44.0060157776, -21.2740535736, -6.0814614296], [275.666870117, 22.9358768463, -39.771282196, -60.578956604, -66.6693649292, 0.218831732869, 164.541763306, 98.8307113647, -58.5876846313, 29.8791694641, 8.36769294739, 96.7267837524, -10.9889984131], [176.833007812, -10.0242538452, 54.9894676208, -59.3356895447, -50.8807525635, 37.724319458, 98.8307113647, 155.41986084, -1.03927242756, -16.5184421539, -3.92564153671, 71.4107437134, 1.77741754055], [-316.083312988, 18.3770389557, 30.4715843201, 47.0371704102, 76.2451400757, 13.763677597, -58.5876846313, -1.03927242756, 134.814651489, 4.1130604744, 10.7587537766, -42.3527374268, 42.3937225342], [-1.11789250374, 49.450668335, -77.3110122681, 35.4065895081, 2.93865299225, -44.8560600281, 29.8791694641, -16.5184421539, 4.1130604744, 116.07119751, 25.6625823975, 38.1593093872, -1.86788141727], [-156.276397705, 47.8805084229, 1.37842667103, -16.8290977478, 3.02066135406, 44.0060157776, 8.36769294739, -3.92564153671, 10.7587537766, 25.6625823975, 101.040626526, 24.223077774, 0.182272776961], [240.027511597, 17.0381984711, -36.3374061584, -35.5549583435, -53.7854766846, -21.2740535736, 96.7267837524, 71.4107437134, -42.3527374268, 38.1593093872, 24.223077774, 127.978027344, 18.4875831604], [-14.9856595993, -29.4553451538, 2.83607697487, 24.3886871338, 25.9068660736, -6.0814614296, -10.9889984131, 1.77741754055, 42.3937225342, -1.86788141727, 0.182272776961, 18.4875831604, 73.5486602783]]
        icov: [[0.00138363253791, 0.00213392707519, -0.000216068525333, -0.000475005654152, 0.000474923610454, 0.00170086696744, -0.00106004148256, -0.000642128521577, 0.00181021087337, 0.000114510170533, 0.000374337367248, -0.000985566759482, 0.000339164573234], [0.00213392707519, 0.00679374113679, 6.59192737658e-05, -0.00116136297584, 0.000316526857205, 0.00304554635659, -0.00251747132279, -0.000349437759724, 0.00110220583156, 0.000324636814184, -0.000855037069414, -0.00252349418588, 0.00332017149776], [-0.000216068525333, 6.59192737658e-05, 0.00901919975877, -0.000178859787411, -0.000615794910118, -0.00418928684667, 0.00470735318959, -0.00545601127669, 0.000628660083748, 0.00209100940265, -0.00013242046407, 0.00107455940451, -0.000179439855856], [-0.000475005654152, -0.00116136297584, -0.000178859787411, 0.0121762612835, -0.00493069831282, -0.00261270278133, 0.00284013827331, 0.00216052052565, -0.000414520414779, -0.00552752288058, 0.0045454595238, -0.000470215716632, -0.00249425927177], [0.000474923610454, 0.000316526857205, -0.000615794910118, -0.00493069831282, 0.0181656647474, -0.00164537306409, -0.00184940721374, 0.00515417056158, -0.0075956210494, 0.000984908430837, 0.000720480340533, 0.000576631398872, -0.00079690531129], [0.00170086696744, 0.00304554635659, -0.00418928684667, -0.00261270278133, -0.00164537306409, 0.0171905513853, -0.00405234936625, -0.00543267931789, 0.00490745715797, 0.0039272219874, -0.00920329708606, 0.00491871312261, 0.000178458387381], [-0.00106004148256, -0.00251747132279, 0.00470735318959, 0.00284013827331, -0.00184940721374, -0.00405234936625, 0.0214597005397, -0.0117044774815, 0.00591563479975, -0.00471852254122, 0.000917291152291, -0.00332031212747, -0.00123925635125], [-0.000642128521577, -0.000349437759724, -0.00545601127669, 0.00216052052565, 0.00515417056158, -0.00543267931789, -0.0117044774815, 0.0267054624856, -0.0150809399784, 0.0036545000039, 0.00759845599532, -0.012960630469, 0.00658884458244], [0.00181021087337, 0.00110220583156, 0.000628660083748, -0.000414520414779, -0.0075956210494, 0.00490745715797, 0.00591563479975, -0.0150809399784, 0.0255240369588, -0.00505922595039, -0.00476667378098, 0.0107191288844, -0.0122701879591], [0.000114510170533, 0.000324636814184, 0.00209100940265, -0.00552752288058, 0.000984908430837, 0.0039272219874, -0.00471852254122, 0.0036545000039, -0.00505922595039, 0.0179572142661, -0.00483066076413, -0.00556891830638, 0.00587413460016], [0.000374337367248, -0.000855037069414, -0.00013242046407, 0.0045454595238, 0.000720480340533, -0.00920329708606, 0.000917291152291, 0.00759845599532, -0.00476667378098, -0.00483066076413, 0.0199131816626, -0.00974667258561, 0.00219580321573], [-0.000985566759482, -0.00252349418588, 0.00107455940451, -0.000470215716632, 0.000576631398872, 0.00491871312261, -0.00332031212747, -0.012960630469, 0.0107191288844, -0.00556891830638, -0.00974667258561, 0.0301879793406, -0.014960267581], [0.000339164573234, 0.00332017149776, -0.000179439855856, -0.00249425927177, -0.00079690531129, 0.000178458387381, -0.00123925635125, 0.00658884458244, -0.0122701879591, 0.00587413460016, 0.00219580321573, -0.014960267581, 0.0267571341246]]
    spectral_contrast:
        mean: [3.25040275584e-07, 3.06474760237e-07, 4.24909387675e-07, 3.77559899789e-07, -1.51222408817e-07, -4.86202623051e-07, 3.95832967115e-06, -2.62646881311e-06, -8.40314100969e-07, -1.02247031464e-06, -8.54435347719e-06, -2.71702475629e-07]
        var: [0.000331989955157, 0.000951227266341, 0.00118609971832, 0.00180961517617, 0.00316988979466, 0.00544302817434, 0.0460988432169, 0.0642650648952, 0.0981769636273, 0.182537660003, 0.188963592052, 1.27051782608]

rhythm:
    beats_loudness:
        dmean: 0.00145376625005
        dmean2: 0.00235126027837
        dvar: 2.17090291699e-06
        dvar2: 4.30452746514e-06
        max: 0.0108866710216
        mean: 0.0041938982904
        min: 0.000575927027967
        var: 8.97532117961e-06
    beats_loudness_bass:
        dmean: 0.170118495822
        dmean2: 0.294827342033
        dvar: 0.018762703985
        dvar2: 0.0568353123963
        max: 0.538194537163
        mean: 0.18770352006
        min: 0.0110927876085
        var: 0.0259407386184
    bpm: 117.310935974
    bpm_confidence: 0
    first_peak_bpm: 118
    first_peak_spread: 0
    first_peak_weight: 0.944444477558
    onset_rate: 4.00850772858
    second_peak_bpm: 110
    second_peak_spread: 0
    second_peak_weight: 0.0555555559695
    beats_position: [0.397956430912, 0.908459365368, 1.41896224022, 1.92946529388, 2.43996834755, 2.9504711628, 3.46097421646, 3.97147750854, 4.48198032379, 4.99248361588, 5.50298690796, 6.04822969437, 6.56058073044, 7.07293224335, 7.58528327942, 8.09763431549, 8.60998535156, 9.12233638763, 9.63468837738]
    bpm_estimates: [117.519477844, 117.513671875, 117.657325745, 117.723899841, 117.436141968, 117.466667175, 117.516952515, 117.486091614, 117.460922241, 117.191955566, 117.422958374, 117.411582947, 117.320724487, 116.297027588, 115.175445557, 116.937187195, 118.249702454, 117.554908752, 117.565292358]
    bpm_intervals: [0.510502934456, 0.510502874851, 0.510503053665, 0.510503053665, 0.510502815247, 0.510503053665, 0.510503292084, 0.510502815247, 0.510503292084, 0.510503292084, 0.545242786407, 0.512351036072, 0.512351512909, 0.512351036072, 0.512351036072, 0.512351036072, 0.512351036072, 0.512351989746]
    onset_times: [0.0696598663926, 0.255419492722, 0.394739240408, 0.510838985443, 0.638548731804, 0.893968224525, 1.13777780533, 1.4164172411, 1.67183673382, 1.92725622654, 2.18267583847, 2.31038546562, 2.4497051239, 2.70512461662, 2.94893431664, 3.21596360207, 3.47138333321, 3.72680282593, 3.98222231865, 4.2492518425, 4.36535167694, 4.51628112793, 4.63238096237, 4.76009082794, 5.00390005112, 5.27092981339, 5.50312948227, 5.630838871, 5.79337882996, 6.03718805313, 6.84988641739, 7.07047605515, 7.30267572403, 7.58131504059, 8.09215450287, 8.35918331146, 9.03256225586, 9.11383247375, 9.39247131348, 9.63628101349]
    rubato_start: []
    rubato_stop: []
    perceptual_tempo: "unknown"

sfx:
    inharmonicity:
        dmean: 0.0444813854992
        dmean2: 0.0782384797931
        dvar: 0.00222264090553
        dvar2: 0.00587792228907
        max: 0.315236419439
        mean: 0.0480226241052
        min: 0.000735325331334
        var: 0.00227420474403
    oddtoevenharmonicenergyratio:
        dmean: 1.32911109924
        dmean2: 2.39977812767
        dvar: 6.51269054413
        dvar2: 14.8859148026
        max: 31.2019748688
        mean: 1.03531742096
        min: 0.00133014749736
        var: 5.17772006989
    pitch_after_max_to_before_max_energy_ratio: 11.2254343033
    pitch_centroid: 194.491119385
    pitch_max_to_total: 0.0186915881932
    pitch_min_to_total: 0.112149529159
    tristimulus:
        dmean: [0.179391846061, 0.210253804922, 0.0934437811375]
        dmean2: [0.321396589279, 0.36389413476, 0.162074074149]
        dvar: [0.0285843163729, 0.0355650186539, 0.00700886035338]
        dvar2: [0.0827332437038, 0.104342952371, 0.0197979807854]
        max: [0.906418204308, 0.861253380775, 0.525666713715]
        mean: [0.348949551582, 0.503641664982, 0.117608807981]
        min: [0.0137267690152, 0, 0]
        var: [0.0342054851353, 0.0432532019913, 0.00839421991259]

tonal:
    chords_changes_rate: 0.0232558138669
    chords_number_rate: 0.0139534883201
    chords_strength:
        dmean: 0.00453615840524
        dmean2: 0.00477004144341
        dvar: 1.29334948724e-05
        dvar2: 1.49675015564e-05
        max: 0.756427705288
        mean: 0.571274936199
        min: 0.340173572302
        var: 0.00713451486081
    key_strength: 0.782186329365
    tuning_diatonic_strength: 0.670940756798
    tuning_equal_tempered_deviation: 0.0525454953313
    tuning_frequency: 437.718536377
    tuning_nontempered_energy_ratio: 0.687046051025
    hpcp:
        dmean: [0.0369671210647, 0.0281775835901, 0.0351439788938, 0.0476147942245, 0.0508282743394, 0.0675223097205, 0.0673019513488, 0.0631867647171, 0.116065390408, 0.173649594188, 0.167102202773, 0.137898728251, 0.104070290923, 0.0757067129016, 0.134800851345, 0.179229080677, 0.100137285888, 0.0325204879045, 0.039527900517, 0.0472416207194, 0.0572708509862, 0.080598525703, 0.0797265917063, 0.0862666517496, 0.0611826367676, 0.0385031178594, 0.0466685295105, 0.0689642652869, 0.0971953645349, 0.162593275309, 0.140357047319, 0.198059365153, 0.120221816003, 0.0611431449652, 0.0476695634425, 0.0463370420039]
        dmean2: [0.0610538907349, 0.0489701405168, 0.0616995431483, 0.0820615515113, 0.0844697877765, 0.107596300542, 0.111564815044, 0.105423212051, 0.195868805051, 0.291290611029, 0.277382045984, 0.241393968463, 0.182035133243, 0.135834902525, 0.220110937953, 0.302012056112, 0.170377478004, 0.0603029131889, 0.074763558805, 0.0856923907995, 0.0984922721982, 0.144293829799, 0.136577934027, 0.138032615185, 0.100083090365, 0.0676403567195, 0.0841231793165, 0.115624174476, 0.16061398387, 0.26766616106, 0.240237727761, 0.323107719421, 0.214917555451, 0.106042802334, 0.0829393267632, 0.080230563879]
        dvar: [0.00377834122628, 0.00246431329288, 0.00418018829077, 0.00738298147917, 0.00901459064335, 0.00913093332201, 0.00939051341265, 0.00517694326118, 0.0166880022734, 0.0364388898015, 0.0358494967222, 0.0379712507129, 0.0386179685593, 0.0197255015373, 0.0226488951594, 0.0496148876846, 0.02148322016, 0.0104836570099, 0.0181769710034, 0.0155667066574, 0.00809969380498, 0.0153171941638, 0.0143861537799, 0.0135862091556, 0.0122080734, 0.0111783398315, 0.0096451099962, 0.0184030719101, 0.0257790237665, 0.0241264514625, 0.0412663519382, 0.0324852950871, 0.0161029528826, 0.00524662155658, 0.00484917266294, 0.00898621976376]
        dvar2: [0.00934794917703, 0.00675654690713, 0.0113247036934, 0.0202042963356, 0.0242753140628, 0.0223773363978, 0.0226014144719, 0.0137361884117, 0.0439595878124, 0.0911195874214, 0.104077145457, 0.0958713814616, 0.104604206979, 0.0528061613441, 0.0599040538073, 0.135898754001, 0.0607002191246, 0.0306954160333, 0.0535695850849, 0.0455107837915, 0.0238087698817, 0.044991966337, 0.0400786474347, 0.0390588715672, 0.0342768579721, 0.0322107411921, 0.0273758992553, 0.0500592291355, 0.0634564757347, 0.0670969262719, 0.0775593966246, 0.0748120173812, 0.0392969623208, 0.0128192948177, 0.0133553156629, 0.0225697085261]
        max: [0.555451273918, 0.374018073082, 0.586365699768, 0.719346761703, 0.832401335239, 1, 1, 0.654561638832, 1, 1, 1, 1, 1, 1, 1, 1, 0.976904988289, 1, 0.995848476887, 1, 0.803730487823, 0.892679274082, 1, 1, 1, 0.832355082035, 0.789170145988, 0.968144536018, 1, 1, 1, 1, 0.816068351269, 0.522039830685, 0.648574471474, 1]
        mean: [0.0637280791998, 0.0421691834927, 0.0511339269578, 0.0676296129823, 0.071503944695, 0.12773014605, 0.147506952286, 0.104832679033, 0.226816430688, 0.360806405544, 0.272668093443, 0.157951280475, 0.103691071272, 0.0860567390919, 0.26747661829, 0.365092396736, 0.163632273674, 0.0280438549817, 0.0282787494361, 0.0440031550825, 0.0773125737906, 0.105805002153, 0.12815131247, 0.131132557988, 0.0859204232693, 0.0480374395847, 0.0544844381511, 0.0807618945837, 0.124886520207, 0.46759596467, 0.799457490444, 0.551424026489, 0.189725890756, 0.0787395685911, 0.0616509057581, 0.0702138021588]
        min: [0.00412673782557, 0.00411710003391, 0.00232811132446, 0.00302493711933, 0.00528660835698, 0.0064912554808, 0.00627966830507, 0.00366240926087, 0.00937071535736, 0.0138762081042, 0.0132476566359, 0.00661729229614, 0.00406441930681, 0.00451136752963, 0.00462581589818, 0.0116238221526, 0.00312967551872, 0.00144654128235, 0.000788528239354, 0.00140663876664, 0.00267993239686, 0.00516641652212, 0.00747245363891, 0.00361393671483, 0.00283524766564, 0.00113380257972, 0.00144456687849, 0.00222832150757, 0.00315316347405, 0.024307038635, 0.0262061432004, 0.0260931719095, 0.017586696893, 0.00492117600515, 0.00326767098159, 0.00312387268059]
        var: [0.0105637451634, 0.00249756895937, 0.00382011895999, 0.00740691181272, 0.00805133953691, 0.0317302085459, 0.0537242144346, 0.0168145820498, 0.0326740965247, 0.0798758193851, 0.0548846311867, 0.0465955547988, 0.0366454273462, 0.0234714169055, 0.0542087331414, 0.105175316334, 0.0283604003489, 0.00590911367908, 0.00965064670891, 0.00977915804833, 0.00991108268499, 0.0162804089487, 0.0156055772677, 0.0172777157277, 0.0149059696123, 0.010970829986, 0.00711107207462, 0.0155350193381, 0.0300375539809, 0.0485244989395, 0.0908678025007, 0.0734398663044, 0.0248667001724, 0.006185203325, 0.00677266856655, 0.0194324180484]
    chords_histogram: [59.5348854065, 0, 36.7441864014, 0, 0, 0, 0, 0, 0.930232584476, 0, 0, 0, 0, 0, 0, 0, 0, 0, 0, 2.79069757462, 0, 0, 0, 0]
    thpcp: [1, 0.689747750759, 0.23731829226, 0.0984912514687, 0.0771159306169, 0.0878268107772, 0.0797141566873, 0.0527472496033, 0.0639607831836, 0.0845943838358, 0.0894405841827, 0.159771025181, 0.184508815408, 0.131129771471, 0.283712923527, 0.45131406188, 0.341066420078, 0.197573080659, 0.129701793194, 0.107643924654, 0.334572672844, 0.456675171852, 0.204679146409, 0.0350786074996, 0.0353724248707, 0.0550412684679, 0.0967063009739, 0.132346004248, 0.160297840834, 0.164026930928, 0.107473410666, 0.0600875467062, 0.0681517645717, 0.101020872593, 0.156214088202, 0.584891617298]
    chords_key: "C"
    chords_scale: "major"
    key_key: "C"
    key_scale: "major"
    chords_progression: ["C", "C", "C", "C", "C", "C", "C", "C", "C", "C", "C", "C", "C", "C", "C", "C", "C", "C", "C", "C", "C", "C", "C", "C", "C", "C", "C", "C", "C", "C", "C", "C", "C", "C", "C", "C", "C", "C", "C", "C", "C", "C", "C", "C", "C", "C", "C", "C", "C", "C", "C", "C", "C", "C", "C", "C", "C", "C", "C", "C", "C", "C", "C", "C", "C", "C", "C", "C", "C", "C", "C", "C", "C", "C", "C", "C", "C", "C", "C", "C", "C", "C", "C", "C", "C", "C", "C", "C", "C", "C", "C", "C", "C", "C", "C", "C", "C", "C", "C", "C", "C", "C", "C", "C", "C", "C", "C", "C", "C", "C", "C", "C", "C", "C", "C", "C", "C", "C", "C", "C", "C", "C", "C", "C", "C", "C", "C", "C", "Gm", "G", "G", "G", "G", "G", "G", "G", "G", "G", "G", "G", "G", "G", "G", "G", "G", "G", "G", "G", "G", "G", "G", "G", "G", "G", "G", "G", "G", "G", "G", "G", "Gm", "Gm", "Gm", "Gm", "Gm", "G", "G", "G", "G", "G", "G", "G", "G", "G", "G", "G", "G", "G", "G", "G", "G", "G", "G", "G", "G", "G", "G", "G", "G", "G", "G", "G", "G", "G", "G", "G", "G", "G", "G", "G", "G", "G", "G", "G", "G", "G", "G", "G", "G", "G", "G", "G", "G", "E", "E"]
