
metadata:
    version:
        essentia: "1.2.2"
    audio_properties:
        analysis_sample_rate: 44100
        bitrate: 128
        channels: 2
        equal_loudness: 1
        length: 10.0832653046
        replay_gain: -7.08009719849
        downmix: "mix"
    tags:
        track: 42
        year: 0
        album: "Splitted by Mp3Splt v. 2.1"
        artist: "From 006.50 To 007.00"
        comment: "http://mp3splt.sf.net"
        genre: ""
        title: "16 Dulcinea (Reprise)-The Impo"

highlevel:
    ballroom:
        all:
            ChaChaCha: 0.025355335325
            Jive: 0.0132485302165
            Quickstep: 0.0928056910634
            Rumba-American: 0.0180649682879
            Rumba-International: 0.0116498973221
            Rumba-Misc: 0.0100131994113
            Samba: 0.0169280283153
            Tango: 0.397420197725
            VienneseWaltz: 0.292257905006
            Waltz: 0.122256249189
        probability: 0.397420197725
        value: "Tango"
    culture:
        all:
            non_western: 0.696580886841
            western: 0.303419113159
        probability: 0.696580886841
        value: "non_western"
    gender:
        all:
            female: 0.0457586348057
            male: 0.954241394997
        probability: 0.954241394997
        value: "male"
    genre_dortmund:
        all:
            alternative: 0.0186789035797
            blues: 0.137328892946
            electronic: 0.0265922974795
            folkcountry: 0.0714584365487
            funksoulrnb: 0.0525815226138
            jazz: 0.225593730807
            pop: 0.0195419937372
            raphiphop: 0.338347285986
            rock: 0.109876915812
        probability: 0.338347285986
        value: "raphiphop"
    genre_electronica:
        all:
            ambient: 0.91847127676
            dnb: 0.034192726016
            house: 0.0169460643083
            techno: 0.00554656516761
            trance: 0.0248433798552
        probability: 0.91847127676
        value: "ambient"
    genre_rosamerica:
        all:
            cla: 0.3754773736
            dan: 0.00950835831463
            hip: 0.0744018405676
            jaz: 0.326965302229
            pop: 0.0616710297763
            rhy: 0.0662251859903
            roc: 0.0257214345038
            spe: 0.0600294843316
        probability: 0.3754773736
        value: "cla"
    genre_tzanetakis:
        all:
            blu: 0.0269171092659
            cla: 0.385577887297
            cou: 0.0642790347338
            dis: 0.0177323296666
            hip: 0.0166743434966
            jaz: 0.134438410401
            met: 0.00642918609083
            pop: 0.0369190275669
            reg: 0.283559530973
            roc: 0.0274731498212
        probability: 0.385577887297
        value: "cla"
    live_studio:
        all:
            live: 0.0042877132073
            studio: 0.995712280273
        probability: 0.995712280273
        value: "studio"
    mood:
        all:
            Cluster1: 0.044115383178
            Cluster2: 0.159712180495
            Cluster3: 0.558361172676
            Cluster4: 0.168255329132
            Cluster5: 0.0695559456944
        probability: 0.558361172676
        value: "Cluster3"
    mood_acoustic:
        all:
            acoustic: 0.454730719328
            not_acoustic: 0.545269310474
        probability: 0.545269310474
        value: "not_acoustic"
    mood_aggressive:
        all:
            aggressive: 0.417352974415
            not_aggressive: 0.582647025585
        probability: 0.582647025585
        value: "not_aggressive"
    mood_electronic:
        all:
            electronic: 0.512676596642
            not_electronic: 0.487323403358
        probability: 0.512676596642
        value: "electronic"
    mood_happy:
        all:
            happy: 0.548213064671
            not_happy: 0.451786935329
        probability: 0.548213064671
        value: "happy"
    mood_party:
        all:
            not_party: 0.677341997623
            party: 0.322658002377
        probability: 0.677341997623
        value: "not_party"
    mood_relaxed:
        all:
            not_relaxed: 0.247602120042
            relaxed: 0.752397894859
        probability: 0.752397894859
        value: "relaxed"
    mood_sad:
        all:
            not_sad: 0.40908151865
            sad: 0.59091848135
        probability: 0.59091848135
        value: "sad"
    rhythm:
        all:
            fast: 0.499313294888
            medium: 0.203704878688
            slow: 0.296981841326
        probability: 0.499313294888
        value: "fast"
    speech_music:
        all:
            music: 0.838181316853
            speech: 0.16181871295
        probability: 0.838181316853
        value: "music"
    timbre:
        all:
            bright: 0.384103298187
            dark: 0.615896701813
        probability: 0.615896701813
        value: "dark"
    voice_instrumental:
        all:
            instrumental: 0.00722939427942
            voice: 0.99277061224
        probability: 0.99277061224
        value: "voice"

lowlevel:
    average_loudness: 0.894319117069
    barkbands_kurtosis:
        dmean: 1.61000454426
        dmean2: 2.75479793549
        dvar: 8.41231250763
        dvar2: 21.5189056396
        max: 39.4900741577
        mean: 0.50859695673
        min: -1.84619736671
        var: 16.7005119324
    barkbands_skewness:
        dmean: 0.590288162231
        dmean2: 0.97010076046
        dvar: 0.273570537567
        dvar2: 0.76030176878
        max: 5.80826711655
        mean: 0.801841378212
        min: -1.88430523872
        var: 1.0014154911
    barkbands_spread:
        dmean: 4.05232477188
        dmean2: 6.57427549362
        dvar: 13.9651126862
        dvar2: 37.9998512268
        max: 37.6049041748
        mean: 19.0537071228
        min: 2.35447645187
        var: 57.2442131042
    dissonance:
        dmean: 0.0332813896239
        dmean2: 0.0568894706666
        dvar: 0.00109218165744
        dvar2: 0.00250309985131
        max: 0.499247968197
        mean: 0.449914455414
        min: 0.128273189068
        var: 0.00171867222525
    hfc:
        dmean: 1.20642697811
        dmean2: 1.93293213844
        dvar: 2.46440243721
        dvar2: 5.93563604355
        max: 24.5115566254
        mean: 5.13208389282
        min: 0.0148790441453
        var: 23.0234413147
    pitch:
        dmean: 319.835296631
        dmean2: 621.637084961
        dvar: 595568.6875
        dvar2: 1616588.625
        max: 3675
        mean: 642.24395752
        min: 140
        var: 494974.53125
    pitch_instantaneous_confidence:
        dmean: 0.101089529693
        dmean2: 0.167168796062
        dvar: 0.00666203256696
        dvar2: 0.0172433238477
        max: 0.930741608143
        mean: 0.61172068119
        min: 0.224768161774
        var: 0.0187642741948
    pitch_salience:
        dmean: 0.0765229314566
        dmean2: 0.123705871403
        dvar: 0.00440536485985
        dvar2: 0.0117855537683
        max: 0.89242297411
        mean: 0.475538164377
        min: 0.144480869174
        var: 0.0133348004892
    silence_rate_20dB:
        dmean: 0
        dmean2: 0
        dvar: 0
        dvar2: 0
        max: 1
        mean: 1
        min: 1
        var: 0
    silence_rate_30dB:
        dmean: 0
        dmean2: 0
        dvar: 0
        dvar2: 0
        max: 1
        mean: 1
        min: 1
        var: 0
    silence_rate_60dB:
        dmean: 0.0691244229674
        dmean2: 0.136258661747
        dvar: 0.0643460378051
        dvar2: 0.1407866925
        max: 1
        mean: 0.471264362335
        min: 0
        var: 0.249174818397
    spectral_centroid:
        dmean: 248.342178345
        dmean2: 404.99609375
        dvar: 43297.546875
        dvar2: 111866.914062
        max: 2512.48828125
        mean: 1317.39331055
        min: 539.088195801
        var: 169841.75
    spectral_complexity:
        dmean: 1.94212961197
        dmean2: 3.15313220024
        dvar: 3.81378078461
        dvar2: 9.47075176239
        max: 29
        mean: 8.19630527496
        min: 0
        var: 41.848274231
    spectral_crest:
        dmean: 3.35545825958
        dmean2: 5.64929056168
        dvar: 8.12940120697
        dvar2: 23.4856262207
        max: 24.0430202484
        mean: 11.4970932007
        min: 2.68371224403
        var: 23.1032047272
    spectral_decrease:
        dmean: 3.12974285377e-10
        dmean2: 5.14790821082e-10
        dvar: 1.2582160287e-19
        dvar2: 3.32658825897e-19
        max: -2.26101927979e-12
        mean: -8.91937523839e-10
        min: -3.7665484065e-09
        var: 5.07166508939e-19
    spectral_energy:
        dmean: 0.00126647413708
        dmean2: 0.00208258675411
        dvar: 2.08153437598e-06
        dvar2: 5.43287205801e-06
        max: 0.0164390895516
        mean: 0.00383187201805
        min: 9.88318970485e-06
        var: 9.49235891312e-06
    spectral_energyband_high:
        dmean: 1.4969537915e-05
        dmean2: 2.50148968917e-05
        dvar: 5.19469744997e-10
        dvar2: 1.41909228812e-09
        max: 0.000207150980714
        mean: 3.42590101354e-05
        min: 2.81009420178e-07
        var: 1.57293322811e-09
    spectral_energyband_low:
        dmean: 1.01514533526e-05
        dmean2: 1.53525197675e-05
        dvar: 1.34247302164e-09
        dvar2: 3.44003026065e-09
        max: 0.000560102751479
        mean: 1.93935265997e-05
        min: 2.32470256378e-08
        var: 2.68976485529e-09
    spectral_energyband_middle_high:
        dmean: 0.000489814614411
        dmean2: 0.000788086385
        dvar: 4.59915099782e-07
        dvar2: 1.21120433505e-06
        max: 0.00751421786845
        mean: 0.00169260345865
        min: 3.78477875529e-06
        var: 2.71237126981e-06
    spectral_energyband_middle_low:
        dmean: 0.00114696612582
        dmean2: 0.00193410087377
        dvar: 1.77769663878e-06
        dvar2: 4.78350330013e-06
        max: 0.00969885475934
        mean: 0.0020856151823
        min: 5.50527920495e-06
        var: 3.65884943676e-06
    spectral_flatness_db:
        dmean: 0.0246906485409
        dmean2: 0.0410067439079
        dvar: 0.000517414067872
        dvar2: 0.0013960741926
        max: 0.403105169535
        mean: 0.244100540876
        min: 0.109335191548
        var: 0.00234592473134
    spectral_flux:
        dmean: 0.0079231178388
        dmean2: 0.012974832207
        dvar: 5.60354128538e-05
        dvar2: 0.000151410262333
        max: 0.104786455631
        mean: 0.0367240086198
        min: 0.00183961680159
        var: 0.000383352395147
    spectral_kurtosis:
        dmean: 2.92487072945
        dmean2: 5.16434240341
        dvar: 8.174077034
        dvar2: 24.5875377655
        max: 20.5526275635
        mean: 7.07861042023
        min: 0.538381099701
        var: 13.0385885239
    spectral_rms:
        dmean: 0.000305595254758
        dmean2: 0.000492741004564
        dvar: 8.95076652796e-08
        dvar2: 2.12568863844e-07
        max: 0.00400476437062
        mean: 0.00174734625034
        min: 9.81943812803e-05
        var: 6.85192730998e-07
    spectral_rolloff:
        dmean: 511.961517334
        dmean2: 885.908813477
        dvar: 338933.15625
        dvar2: 861637.1875
        max: 4112.84179688
        mean: 2440.16479492
        min: 452.197265625
        var: 835098.6875
    spectral_skewness:
        dmean: 0.286963582039
        dmean2: 0.488999515772
        dvar: 0.067331187427
        dvar2: 0.198822185397
        max: 3.47529697418
        mean: 1.68455517292
        min: 0.82002800703
        var: 0.15192002058
    spectral_spread:
        dmean: 308834.1875
        dmean2: 425697.40625
        dvar: 427811831808
        dvar2: 281353650176
        max: 19516196
        mean: 3026925.75
        min: 1742929
        var: 1.4372831232e+12
    spectral_strongpeak:
        dmean: 0.405799657106
        dmean2: 0.710058808327
        dvar: 0.287720650434
        dvar2: 0.809462487698
        max: 3.85364603996
        mean: 0.693556368351
        min: 0.00402558408678
        var: 0.310469210148
    zerocrossingrate:
        dmean: 0.00792778842151
        dmean2: 0.0095141204074
        dvar: 4.23380006396e-05
        dvar2: 5.7059849496e-05
        max: 0.126953125
        mean: 0.0728283300996
        min: 0.00732421875
        var: 0.000427147198934
    barkbands:
        dmean: [1.39679379174e-08, 1.1202710084e-06, 9.60970010055e-06, 8.58594830788e-06, 4.55959780084e-05, 2.27635937335e-05, 0.000245762610575, 0.000864124682266, 0.000275018217508, 2.01021703106e-05, 3.48790708813e-05, 0.000216389889829, 9.17439319892e-05, 3.21441875712e-05, 4.37885064457e-05, 4.22778866778e-05, 0.000131737571792, 0.000161941265105, 0.000100344201201, 4.49803665106e-05, 4.88685009259e-06, 1.31829528982e-06, 4.38712191908e-07, 1.25794642258e-07, 4.77498893758e-08, 3.40848504976e-09, 2.52399146028e-09]
        dmean2: [2.15459969866e-08, 1.93259961634e-06, 1.44778705362e-05, 1.46009360833e-05, 7.54247739678e-05, 3.8373094867e-05, 0.000402377103455, 0.00147411343642, 0.000494550447911, 3.15517972922e-05, 5.93046279391e-05, 0.000369106681319, 0.000161354313605, 5.27995252924e-05, 7.32595726731e-05, 7.05345664755e-05, 0.000213243823964, 0.000257620587945, 0.000162022042787, 7.57490488468e-05, 7.70826227381e-06, 2.09655831895e-06, 6.74528450872e-07, 1.9345672797e-07, 6.95936890338e-08, 5.24288967796e-09, 3.86229714877e-09]
        dvar: [2.7376279344e-14, 6.74835751516e-12, 1.27439436781e-09, 5.21782839158e-10, 6.45104814012e-09, 1.67561420295e-09, 1.85309872336e-07, 1.5337983541e-06, 3.72017012751e-07, 1.36183730959e-09, 1.01441468559e-08, 2.11128892147e-07, 4.69049581397e-08, 4.21763912684e-09, 8.64041194149e-09, 5.82193404597e-09, 6.55615011169e-08, 1.00053711094e-07, 1.82339139343e-08, 4.4340477956e-09, 5.15582299077e-11, 4.81031837626e-12, 6.1669918304e-13, 5.34349684455e-14, 1.02695883888e-14, 1.18545723215e-15, 1.1947901588e-15]
        dvar2: [6.89425662284e-14, 1.86340561037e-11, 3.23654725243e-09, 1.56338997304e-09, 1.74353349536e-08, 4.45861569887e-09, 4.87335512389e-07, 4.20931564804e-06, 1.09966936179e-06, 3.40343198069e-09, 2.86061840882e-08, 5.84904341849e-07, 1.24708947169e-07, 9.92586368653e-09, 2.38202275682e-08, 1.52384398433e-08, 1.50414692257e-07, 2.7712619044e-07, 4.91369256395e-08, 1.2627054069e-08, 1.32377608875e-10, 1.21134586736e-11, 1.49216869329e-12, 1.15822959947e-13, 2.0521551716e-14, 2.99210238156e-15, 3.00504271565e-15]
        max: [2.46436457019e-06, 2.51419587585e-05, 0.000543576374184, 0.000262821151409, 0.00101345393341, 0.000630480528343, 0.00393187720329, 0.00934861879796, 0.00492913322523, 0.000435615453171, 0.0016702786088, 0.00458700861782, 0.00253433198668, 0.000726112280972, 0.00118691369426, 0.000749704660848, 0.00247861468233, 0.00383428903297, 0.00151707616169, 0.000715383677743, 8.32201330923e-05, 2.50668108492e-05, 1.45983995026e-05, 3.0275186873e-06, 1.62263677339e-06, 5.12014310061e-07, 5.14022303832e-07]
        mean: [8.46834602442e-09, 1.70101054664e-06, 1.76872454176e-05, 1.17175522973e-05, 7.05250859028e-05, 3.80792262149e-05, 0.000316872843541, 0.0012738823425, 0.000369068555301, 3.84559643862e-05, 5.70105039515e-05, 0.000328257709043, 0.000117857154692, 5.13723498443e-05, 8.50864162203e-05, 9.31190152187e-05, 0.000255515362369, 0.000369137967937, 0.000237674772507, 8.29153796076e-05, 1.10207720354e-05, 3.26292661157e-06, 1.21293362554e-06, 3.32901976208e-07, 9.64901119005e-08, 2.78094258732e-09, 1.34013133923e-09]
        min: [4.9313179408e-12, 1.63552715815e-09, 1.56664548001e-08, 1.94087554917e-08, 1.79892282404e-07, 2.83287874936e-07, 6.94186724104e-07, 3.89567475167e-07, 2.89493495842e-08, 8.68530065645e-08, 1.14159526277e-08, 6.67435173796e-09, 3.41005867988e-09, 1.64164877248e-08, 1.1221134244e-08, 2.06403697689e-07, 8.91139109171e-08, 5.65261359498e-07, 1.75780186851e-07, 1.63724237723e-07, 8.61882014647e-08, 2.37201245312e-08, 4.63039118159e-09, 1.68851910232e-09, 9.04368746557e-10, 2.33396219018e-11, 3.75390609439e-13]
        var: [1.40194057874e-14, 1.01875174963e-11, 2.53691889718e-09, 8.5296508745e-10, 8.6860092452e-09, 2.99363445144e-09, 2.65573333991e-07, 2.76355194728e-06, 5.28362420482e-07, 3.43769523958e-09, 1.8602321461e-08, 3.76069777985e-07, 6.12971788883e-08, 9.40657152171e-09, 2.0529634881e-08, 1.98801242135e-08, 1.58917700332e-07, 3.58004172085e-07, 7.02145825926e-08, 1.02808872526e-08, 1.71870115362e-10, 1.51055331438e-11, 3.05504233022e-12, 2.56057843115e-13, 3.20230156953e-14, 6.09451958132e-16, 6.08673746611e-16]
    mfcc:
        mean: [-797.02722168, 123.266571045, -85.0733718872, 39.5415992737, -30.6874542236, -35.8593482971, -18.2297611237, -5.45500469208, -24.7258472443, -1.74924230576, 2.87852478027, 1.14210259914, 0.663723349571]
        cov: [[4343.56054688, -313.522888184, -632.732666016, -182.300918579, -120.268371582, -102.743713379, -274.234405518, 250.862243652, 370.928466797, 245.018630981, 223.068099976, 221.49546814, -133.758361816], [-313.522888184, 617.783203125, -128.344650269, -97.6610412598, -91.9873046875, 103.84047699, 193.711456299, 137.790786743, -87.6651077271, -106.795524597, -22.1836795807, 33.8377532959, 4.69342660904], [-632.732666016, -128.344650269, 610.529541016, 185.096679688, 178.768203735, 157.454971313, 60.6379203796, -155.187423706, 17.0133247375, -7.893638134, -31.8913955688, -65.2362670898, 54.3435249329], [-182.300918579, -97.6610412598, 185.096679688, 343.295532227, 330.688720703, 47.7963409424, -163.773635864, -188.091293335, 91.3687591553, 113.956611633, -27.0874252319, -77.7840805054, 52.0793037415], [-120.268371582, -91.9873046875, 178.768203735, 330.688720703, 493.020324707, 89.3098526001, -170.069168091, -230.19821167, 129.733505249, 136.996810913, -38.236579895, -109.963386536, 67.9399337769], [-102.743713379, 103.84047699, 157.454971313, 47.7963409424, 89.3098526001, 237.668777466, 139.900253296, -1.21506071091, 38.643661499, -41.1578712463, 0.0821461156011, -24.477268219, -6.9771733284], [-274.234405518, 193.711456299, 60.6379203796, -163.773635864, -170.069168091, 139.900253296, 362.059814453, 173.063613892, -68.1393737793, -154.819641113, 6.77278995514, 12.9663820267, -38.9284515381], [250.862243652, 137.790786743, -155.187423706, -188.091293335, -230.19821167, -1.21506071091, 173.063613892, 268.256317139, -26.2300338745, -82.4846115112, 33.1448631287, 88.5293426514, -53.3728981018], [370.928466797, -87.6651077271, 17.0133247375, 91.3687591553, 129.733505249, 38.643661499, -68.1393737793, -26.2300338745, 192.86277771, 101.810371399, 47.1706886292, 8.02896022797, -1.47417509556], [245.018630981, -106.795524597, -7.893638134, 113.956611633, 136.996810913, -41.1578712463, -154.819641113, -82.4846115112, 101.810371399, 173.034988403, 41.0695724487, -12.4400043488, 11.376750946], [223.068099976, -22.1836795807, -31.8913955688, -27.0874252319, -38.236579895, 0.0821461156011, 6.77278995514, 33.1448631287, 47.1706886292, 41.0695724487, 97.1553573608, 46.273235321, -20.587600708], [221.49546814, 33.8377532959, -65.2362670898, -77.7840805054, -109.963386536, -24.477268219, 12.9663820267, 88.5293426514, 8.02896022797, -12.4400043488, 46.273235321, 120.837638855, -6.44096136093], [-133.758361816, 4.69342660904, 54.3435249329, 52.0793037415, 67.9399337769, -6.9771733284, -38.9284515381, -53.3728981018, -1.47417509556, 11.376750946, -20.587600708, -6.44096136093, 86.839012146]]
        icov: [[0.000441685406258, 0.000260434084339, 0.000335682474542, 0.000340788334142, -4.10262182413e-05, -0.00048627279466, 0.000543635047507, -0.000478926609503, -0.000524967559613, -0.000178180955118, -0.000163996766787, -0.000237794432906, 0.00015209268895], [0.000260434084339, 0.00283672357909, 0.0013396270806, -0.000294746918371, -0.000160911731655, -0.00183762342203, -0.000783054507338, -0.000795930798631, 0.00105842982884, -0.000522881455254, 0.00062453612918, -0.00101257732604, -0.00111628568266], [0.000335682474542, 0.0013396270806, 0.00369690940715, -0.00169361289591, 0.000637661898509, -0.00194258801639, -0.00182358361781, 0.00166026386432, 8.00526468083e-05, -0.000350538059138, 0.000523424299899, -0.00122581538744, -0.00122472678777], [0.000340788334142, -0.000294746918371, -0.00169361289591, 0.0106374034658, -0.0049176318571, -0.000764039577916, 0.00320725142956, -0.0005577809643, -0.000665478408337, -0.00101403414737, 4.0830240323e-05, 0.000765213277191, 0.00029013902531], [-4.10262182413e-05, -0.000160911731655, 0.000637661898509, -0.0049176318571, 0.00859139952809, -0.00245701614767, 9.79522446869e-05, 0.00215955078602, -0.00227508274838, -0.00186748045962, 0.00194712448865, 0.00212146015838, -0.00222714408301], [-0.00048627279466, -0.00183762342203, -0.00194258801639, -0.000764039577916, -0.00245701614767, 0.010892059654, -0.00476462906227, 0.00195557926781, -0.00250237924047, 0.00266623916104, -0.000785497541074, -0.000221883004997, 0.00229317788035], [0.000543635047507, -0.000783054507338, -0.00182358361781, 0.00320725142956, 9.79522446869e-05, -0.00476462906227, 0.0120246298611, -0.00636172248051, -3.92985966755e-05, 0.00433319015428, -0.00381139433011, 0.00470531405881, -4.59091188532e-06], [-0.000478926609503, -0.000795930798631, 0.00166026386432, -0.0005577809643, 0.00215955078602, 0.00195557926781, -0.00636172248051, 0.0128177814186, -0.00190654245671, -0.000126799335703, 0.00220866105519, -0.00532316975296, 0.00220765941776], [-0.000524967559613, 0.00105842982884, 8.00526468083e-05, -0.000665478408337, -0.00227508274838, -0.00250237924047, -3.92985966755e-05, -0.00190654245671, 0.0115939779207, -0.00430767005309, -0.00214053946547, -0.00128799036611, 3.08286689688e-05], [-0.000178180955118, -0.000522881455254, -0.000350538059138, -0.00101403414737, -0.00186748045962, 0.00266623916104, 0.00433319015428, -0.000126799335703, -0.00430767005309, 0.0167939923704, -0.00747408112511, 0.00299273780547, 0.000297884747852], [-0.000163996766787, 0.00062453612918, 0.000523424299899, 4.0830240323e-05, 0.00194712448865, -0.000785497541074, -0.00381139433011, 0.00220866105519, -0.00214053946547, -0.00747408112511, 0.019356328994, -0.00707166502252, 0.00243130256422], [-0.000237794432906, -0.00101257732604, -0.00122581538744, 0.000765213277191, 0.00212146015838, -0.000221883004997, 0.00470531405881, -0.00532316975296, -0.00128799036611, 0.00299273780547, -0.00707166502252, 0.0170123614371, -0.00367199652828], [0.00015209268895, -0.00111628568266, -0.00122472678777, 0.00029013902531, -0.00222714408301, 0.00229317788035, -4.59091188532e-06, 0.00220765941776, 3.08286689688e-05, 0.000297884747852, 0.00243130256422, -0.00367199652828, 0.0159496404231]]
    spectral_contrast:
        mean: [3.79471998713e-07, -4.18178345285e-08, 7.88247334071e-08, 9.00608299048e-08, -8.94499834203e-08, -1.88793933376e-07, 6.54979999126e-07, 2.43484282691e-06, 3.70030579688e-06, 3.03061392515e-06, -3.30344641952e-06, -4.06357770544e-07]
        var: [0.000531540310476, 0.000883978267666, 0.00218608463183, 0.00282760267146, 0.00309043726884, 0.0072575150989, 0.0549731291831, 0.117889791727, 0.26030600071, 0.446845471859, 0.679228246212, 2.78498148918]

rhythm:
    beats_loudness:
        dmean: 0.00186907930765
        dmean2: 0.00316939898767
        dvar: 1.5000393887e-06
        dvar2: 4.23592655352e-06
        max: 0.00918532814831
        mean: 0.00383677287027
        min: 0.000204520081752
        var: 7.27028464098e-06
    beats_loudness_bass:
        dmean: 0.0135509641841
        dmean2: 0.0251926425844
        dvar: 0.000657628290355
        dvar2: 0.00184484198689
        max: 0.096092030406
        mean: 0.00861112307757
        min: 0.000253715697909
        var: 0.000429962005001
    bpm: 151.748306274
    bpm_confidence: 0
    first_peak_bpm: 113
    first_peak_spread: 0
    first_peak_weight: 0.5
    onset_rate: 3.76862049103
    second_peak_bpm: 152
    second_peak_spread: 0
    second_peak_weight: 0.449999988079
    beats_position: [0.226910382509, 0.75723195076, 1.2875534296, 1.81787502766, 2.3481965065, 2.87851810455, 3.40883946419, 3.93916130066, 4.46948289871, 4.99980449677, 5.53012657166, 6.22791385651, 6.62330579758, 7.01869726181, 7.41408920288, 7.80948114395, 8.2048740387, 8.60026454926, 8.99565696716, 9.3910484314, 9.7864408493]
    bpm_estimates: [151.592559814, 151.904052734]
    bpm_intervals: [0.530321598053, 0.530321478844, 0.530321598053, 0.530321478844, 0.530321598053, 0.530321359634, 0.530321836472, 0.530321598053, 0.530321598053, 0.53032207489, 0.697787284851, 0.395391941071, 0.395391464233, 0.395391941071, 0.395391941071, 0.395392894745, 0.395390510559, 0.395392417908, 0.395391464233, 0.395392417908]
    onset_times: [0.0580498874187, 0.452789127827, 1.23065757751, 1.35836732388, 1.42802715302, 1.5673469305, 1.81115651131, 1.88081634045, 1.95047616959, 2.04335594177, 2.65868473053, 2.7863945961, 3.13469386101, 3.33206343651, 3.44816327095, 3.52943301201, 4.07510185242, 4.1679816246, 4.446621418, 4.55111122131, 4.73687076569, 5.14321994781, 5.24770975113, 5.39863967896, 5.5727891922, 5.71210861206, 5.94430828094, 6.31582784653, 6.74539661407, 7.0936961174, 7.20979595184, 7.60453510284, 8.0224943161, 8.48689365387, 8.56816291809, 8.87002277374, 9.47374153137, 9.8800907135]
    rubato_start: [6.62330579758]
    rubato_stop: [9.7864408493]
    perceptual_tempo: "unknown"

sfx:
    inharmonicity:
        dmean: 0.0416283793747
        dmean2: 0.0755014717579
        dvar: 0.00228158291429
        dvar2: 0.00664828158915
        max: 0.328828245401
        mean: 0.0393984280527
        min: 0
        var: 0.00217448943295
    oddtoevenharmonicenergyratio:
        dmean: 11.3301391602
        dmean2: 21.3188209534
        dvar: 936.827026367
        dvar2: 2767.31762695
        max: 266.752288818
        mean: 7.30608844757
        min: 0
        var: 555.93548584
    pitch_after_max_to_before_max_energy_ratio: 3.36027932167
    pitch_centroid: 235.944503784
    pitch_max_to_total: 0.351039260626
    pitch_min_to_total: 0.0808314085007
    tristimulus:
        dmean: [0.262702465057, 0.275534421206, 0.0877095982432]
        dmean2: [0.465092211962, 0.478721290827, 0.157339975238]
        dvar: [0.0565383657813, 0.055126644671, 0.00911215133965]
        dvar2: [0.15084977448, 0.148213073611, 0.0259816478938]
        max: [1, 0.982341229916, 0.578661799431]
        mean: [0.335831284523, 0.552585184574, 0.0851526483893]
        min: [0.00103324907832, 0, 0]
        var: [0.0755003467202, 0.0781058222055, 0.00916786957532]

tonal:
    chords_changes_rate: 0.0688073411584
    chords_number_rate: 0.041284404695
    chords_strength:
        dmean: 0.0124589148909
        dmean2: 0.010761545971
        dvar: 0.000104753409687
        dvar2: 8.35308455862e-05
        max: 0.660048604012
        mean: 0.483692109585
        min: 0.296077996492
        var: 0.00841487757862
    key_strength: 0.466189026833
    tuning_diatonic_strength: 0.279334396124
    tuning_equal_tempered_deviation: 0.320504635572
    tuning_frequency: 433.441375732
    tuning_nontempered_energy_ratio: 0.947970330715
    hpcp:
        dmean: [0.127356573939, 0.148267701268, 0.121330589056, 0.100527010858, 0.123424328864, 0.120680622756, 0.0878696739674, 0.0977094247937, 0.155328422785, 0.191455855966, 0.170545607805, 0.170267730951, 0.175888553262, 0.223436295986, 0.245871007442, 0.239780530334, 0.181582838297, 0.128787726164, 0.134239658713, 0.10746525228, 0.111140809953, 0.117423921824, 0.117438785732, 0.117036946118, 0.101273015141, 0.075317107141, 0.0649373829365, 0.0648198649287, 0.0800158530474, 0.0744705051184, 0.0586845688522, 0.0663978457451, 0.0716833174229, 0.0772424936295, 0.0825615301728, 0.105564594269]
        dmean2: [0.221843019128, 0.252038359642, 0.208926945925, 0.170758157969, 0.220476493239, 0.212911531329, 0.155043035746, 0.162624254823, 0.26908197999, 0.336769163609, 0.29723122716, 0.315613597631, 0.30824893713, 0.392782330513, 0.424945622683, 0.434880256653, 0.309119284153, 0.223964720964, 0.236782163382, 0.182406693697, 0.195440992713, 0.197045251727, 0.208252906799, 0.213607683778, 0.176837638021, 0.132297098637, 0.117984905839, 0.114872992039, 0.1388682127, 0.129602178931, 0.103908285499, 0.117784455419, 0.122483551502, 0.128307446837, 0.140310034156, 0.183428168297]
        dvar: [0.0342198088765, 0.0452448055148, 0.0388830155134, 0.0341201499104, 0.04637978971, 0.0417555868626, 0.0160453543067, 0.0250248666853, 0.0512163154781, 0.0740622803569, 0.0544615350664, 0.0647451132536, 0.0548479445279, 0.0753935202956, 0.0647250711918, 0.0810760483146, 0.049349475652, 0.0333918221295, 0.0364776663482, 0.0271481648088, 0.0353286601603, 0.028427246958, 0.031163290143, 0.0296445675194, 0.0288202408701, 0.015501470305, 0.0169099327177, 0.0164427477866, 0.0196607094258, 0.0137203782797, 0.0066642682068, 0.011437619105, 0.0110888369381, 0.0134694688022, 0.0192670747638, 0.0358593575656]
        dvar2: [0.098072938621, 0.139632254839, 0.109200380743, 0.0877159684896, 0.138743504882, 0.119509741664, 0.0455179996789, 0.0656049177051, 0.141649365425, 0.192261725664, 0.149515837431, 0.19104655087, 0.164814099669, 0.209019780159, 0.18227301538, 0.22493673861, 0.132332310081, 0.0911572799087, 0.114626504481, 0.0751338079572, 0.10328091681, 0.0809971764684, 0.09035615623, 0.0863618031144, 0.0850318819284, 0.0406371839345, 0.0520548075438, 0.0469628758729, 0.0529426410794, 0.0386930294335, 0.0184037145227, 0.0312297064811, 0.0296380836517, 0.0312379561365, 0.0471108965576, 0.0981404334307]
        max: [1, 1, 1, 1, 1, 1, 0.877125740051, 1, 1, 1, 1, 1, 1, 1, 1, 1, 1, 1, 1, 1, 1, 1, 1, 1, 1, 1, 1, 1, 1, 0.868237137794, 0.729929208755, 0.888494729996, 1, 1, 1, 1]
        mean: [0.191036432981, 0.241110429168, 0.177833095193, 0.124095320702, 0.134355470538, 0.116768047214, 0.0975509732962, 0.123124353588, 0.166716754436, 0.201641812921, 0.200983956456, 0.191521599889, 0.207908645272, 0.259785354137, 0.258640617132, 0.219269782305, 0.202385336161, 0.213559687138, 0.230133533478, 0.214736238122, 0.185008600354, 0.164479911327, 0.151095122099, 0.122453898191, 0.107390165329, 0.0901050567627, 0.0715179145336, 0.0821653306484, 0.097903445363, 0.0916740447283, 0.0882614180446, 0.0948784798384, 0.0917403623462, 0.103157795966, 0.136568978429, 0.142503976822]
        min: [0.00117523176596, 0.000761158298701, 0.000789029465523, 0.000814020051621, 0.00103003426921, 0.00285632815212, 0.00157557125203, 0.00178278156091, 0.00109580135904, 0.000559538428206, 0.0001189612085, 4.8602152674e-05, 0.000351725204382, 0.00137776101474, 0.000403050042223, 8.53998790262e-05, 4.89352096338e-05, 0.000139259296702, 0.000187623023521, 0.000265378999757, 0.000121146636957, 0.000114030008262, 0, 0, 3.54390259361e-08, 0.00259531452321, 0.00186190498061, 0.00111691502389, 0.0011177228298, 0.000930763606448, 0.000660119170789, 0.000114411290269, 0.000198783207452, 0.000845012313221, 0.00193340622354, 0.00250839139335]
        var: [0.0575312152505, 0.0915086045861, 0.0603830218315, 0.0420014709234, 0.0432796701789, 0.0363734327257, 0.0194018855691, 0.0396969988942, 0.0687955617905, 0.0860306993127, 0.0799300149083, 0.0841472074389, 0.0719604492188, 0.101256705821, 0.0861366987228, 0.0825504437089, 0.0701458379626, 0.0858294442296, 0.10190654546, 0.100593164563, 0.0885088890791, 0.056081622839, 0.0448419936001, 0.0290515907109, 0.0270508378744, 0.0197064634413, 0.0130921611562, 0.0197785422206, 0.0258724670857, 0.0152405230328, 0.0119597055018, 0.0205148942769, 0.0191067010164, 0.0253613591194, 0.0466823093593, 0.054711394012]
    chords_histogram: [0, 0, 22.0183486938, 3.21100926399, 0, 4.1284403801, 0, 11.9266052246, 0, 0, 7.33944940567, 0, 0, 0, 0, 15.1376142502, 4.1284403801, 0, 0, 0, 3.21100926399, 0, 28.8990821838, 0]
    thpcp: [1, 0.995593547821, 0.844042122364, 0.779048264027, 0.822062075138, 0.885860323906, 0.826591014862, 0.712159454823, 0.633137762547, 0.581615269184, 0.471365660429, 0.413380354643, 0.346844255924, 0.27529618144, 0.316281616688, 0.376862823963, 0.352883815765, 0.339747488499, 0.365218728781, 0.353139072657, 0.397088587284, 0.525699317455, 0.548545062542, 0.735362589359, 0.928113996983, 0.684538543224, 0.477684050798, 0.51717877388, 0.449478954077, 0.375506043434, 0.473946481943, 0.641748070717, 0.776186227798, 0.773653924465, 0.737230181694, 0.800309360027]
    chords_key: "F#"
    chords_scale: "minor"
    key_key: "C#"
    key_scale: "minor"
    chords_progression: ["C#", "C#", "C#", "C#", "C#", "C#", "C#", "C#", "C#", "C#", "C#", "C#", "C#", "C#", "C#", "C#", "C#", "C#", "C#", "C#", "C#", "C#", "C#", "C#", "C#", "C#", "F#m", "F#m", "F#m", "F#m", "F#m", "F#m", "F#m", "F#m", "F#m", "F#m", "F#m", "F#m", "F#m", "F#m", "F#m", "F#m", "F#", "F#", "F#", "F#", "F#", "F#", "F#", "F#", "F#", "F#m", "F#m", "F#m", "F#m", "F#m", "F#m", "F#m", "F#m", "F#m", "F#m", "F#m", "F#m", "F#m", "F#m", "F#m", "F#m", "F#m", "F#m", "F#m", "F#m", "F#m", "F#m", "F#m", "F#m", "F#m", "F#m", "F#m", "F#m", "F#m", "F#m", "F#m", "F#m", "F#m", "F#m", "F#m", "F#m", "F#m", "F#m", "F#m", "F#m", "F#m", "F#m", "F#m", "F#m", "F#m", "F#m", "F#m", "G#m", "G#m", "G#m", "G#m", "Bm", "Bm", "Bm", "Bm", "Bm", "Bm", "Bm", "G#m", "G#m", "G#m", "G#m", "G#m", "B", "B", "B", "G#m", "G#m", "G#m", "B", "B", "B", "B", "G#m", "G#m", "G#m", "G#m", "G#m", "G#m", "G#m", "G#m", "G#m", "G#m", "G#m", "G#m", "G#m", "G#m", "G#m", "G#m", "G#m", "G#m", "G#m", "G#m", "G#m", "G#m", "G#m", "G#m", "G#m", "G#m", "G#m", "G#m", "G#m", "G#m", "G#m", "G#m", "G#m", "G#m", "G#m", "G#m", "Cm", "Cm", "Cm", "Cm", "Cm", "Cm", "Cm", "Cm", "Cm", "Cm", "Cm", "Cm", "Cm", "Am", "Am", "Am", "Am", "Am", "Am", "Am", "Cm", "Cm", "Cm", "Am", "Am", "F", "F", "F", "F", "F", "F", "F", "F", "F", "F", "F", "F", "F", "F", "F", "F", "F", "F", "F", "F", "F", "F", "F", "F", "F", "F", "F", "F", "F", "F", "F", "F", "F"]
