
metadata:
    version:
        essentia: "1.2.2"
    audio_properties:
        analysis_sample_rate: 44100
        bitrate: 128
        channels: 2
        equal_loudness: 1
        length: 10.0310201645
        replay_gain: -12.6763210297
        downmix: "mix"
    tags:
        track: 25
        year: 0
        album: "Splitted by Mp3Splt v. 2.1"
        artist: "From 004.00 To 004.10"
        comment: "http://mp3splt.sf.net"
        genre: ""
        title: "01 A Design for Life.mp3"

highlevel:
    ballroom:
        all:
            ChaChaCha: 0.0405394248664
            Jive: 0.504230618477
            Quickstep: 0.121289893985
            Rumba-American: 0.00132247887086
            Rumba-International: 0.00173917587381
            Rumba-Misc: 0.000705552112777
            Samba: 0.317654311657
            Tango: 0.00268641742878
            VienneseWaltz: 0.00595063343644
            Waltz: 0.0038814698346
        probability: 0.504230618477
        value: "Jive"
    culture:
        all:
            non_western: 0.0492486618459
            western: 0.950751364231
        probability: 0.950751364231
        value: "western"
    gender:
        all:
            female: 0.738921999931
            male: 0.261077970266
        probability: 0.738921999931
        value: "female"
    genre_dortmund:
        all:
            alternative: 0.084651067853
            blues: 0.0355580896139
            electronic: 0.0532968640327
            folkcountry: 0.0666711628437
            funksoulrnb: 0.0508999414742
            jazz: 0.159366548061
            pop: 0.0409087203443
            raphiphop: 0.0034126623068
            rock: 0.505234956741
        probability: 0.505234956741
        value: "rock"
    genre_electronica:
        all:
            ambient: 0.514818489552
            dnb: 0.384296923876
            house: 0.0195807721466
            techno: 0.0164565611631
            trance: 0.064847253263
        probability: 0.514818489552
        value: "ambient"
    genre_rosamerica:
        all:
            cla: 0.145852342248
            dan: 0.214350819588
            hip: 0.0829260349274
            jaz: 0.0648911520839
            pop: 0.149095907807
            rhy: 0.0317490361631
            roc: 0.302324175835
            spe: 0.00881053507328
        probability: 0.302324175835
        value: "roc"
    genre_tzanetakis:
        all:
            blu: 0.013574632816
            cla: 0.0162313207984
            cou: 0.0356539897621
            dis: 0.207260370255
            hip: 0.0244207885116
            jaz: 0.258312731981
            met: 0.0332647189498
            pop: 0.213787212968
            reg: 0.0191882457584
            roc: 0.178305983543
        probability: 0.258312731981
        value: "jaz"
    live_studio:
        all:
            live: 0.531353652477
            studio: 0.468646347523
        probability: 0.531353652477
        value: "live"
    mood:
        all:
            Cluster1: 0.396779149771
            Cluster2: 0.174233198166
            Cluster3: 0.0454669669271
            Cluster4: 0.113669365644
            Cluster5: 0.26985129714
        probability: 0.396779149771
        value: "Cluster1"
    mood_acoustic:
        all:
            acoustic: 0.0445460155606
            not_acoustic: 0.95545399189
        probability: 0.95545399189
        value: "not_acoustic"
    mood_aggressive:
        all:
            aggressive: 0.64511013031
            not_aggressive: 0.354889899492
        probability: 0.64511013031
        value: "aggressive"
    mood_electronic:
        all:
            electronic: 0.579237520695
            not_electronic: 0.420762449503
        probability: 0.579237520695
        value: "electronic"
    mood_happy:
        all:
            happy: 0.334817886353
            not_happy: 0.665182113647
        probability: 0.665182113647
        value: "not_happy"
    mood_party:
        all:
            not_party: 0.352376699448
            party: 0.647623300552
        probability: 0.647623300552
        value: "party"
    mood_relaxed:
        all:
            not_relaxed: 0.542982697487
            relaxed: 0.457017332315
        probability: 0.542982697487
        value: "not_relaxed"
    mood_sad:
        all:
            not_sad: 0.876251220703
            sad: 0.123748756945
        probability: 0.876251220703
        value: "not_sad"
    rhythm:
        all:
            fast: 0.725741267204
            medium: 0.271759778261
            slow: 0.00249892985448
        probability: 0.725741267204
        value: "fast"
    speech_music:
        all:
            music: 0.922397077084
            speech: 0.0776029154658
        probability: 0.922397077084
        value: "music"
    timbre:
        all:
            bright: 0.740582227707
            dark: 0.259417802095
        probability: 0.740582227707
        value: "bright"
    voice_instrumental:
        all:
            instrumental: 0.132230430841
            voice: 0.867769598961
        probability: 0.867769598961
        value: "voice"

lowlevel:
    average_loudness: 0.577160418034
    barkbands_kurtosis:
        dmean: 0.426764726639
        dmean2: 0.718654930592
        dvar: 0.311374187469
        dvar2: 0.78724694252
        max: 2.72253322601
        mean: -1.09148693085
        min: -1.86631762981
        var: 0.578634083271
    barkbands_skewness:
        dmean: 0.413544744253
        dmean2: 0.671620070934
        dvar: 0.123697221279
        dvar2: 0.315377920866
        max: 1.87802779675
        mean: 0.270455569029
        min: -1.37270402908
        var: 0.315061122179
    barkbands_spread:
        dmean: 4.19294977188
        dmean2: 7.08101606369
        dvar: 14.0057878494
        dvar2: 40.4447822571
        max: 56.9237861633
        mean: 36.0631103516
        min: 14.3173761368
        var: 66.0411376953
    dissonance:
        dmean: 0.0147831086069
        dmean2: 0.0249816700816
        dvar: 0.000178996036993
        dvar2: 0.000450287596323
        max: 0.499128729105
        mean: 0.471678048372
        min: 0.346243590117
        var: 0.000575156474952
    hfc:
        dmean: 0.895598769188
        dmean2: 1.41921508312
        dvar: 2.67250347137
        dvar2: 6.54016160965
        max: 24.6624507904
        mean: 3.79695820808
        min: 0.325027376413
        var: 16.5162277222
    pitch:
        dmean: 730.607421875
        dmean2: 1430.45532227
        dvar: 1728854.875
        dvar2: 4641071.5
        max: 4009.09082031
        mean: 2019.71020508
        min: 87.1541519165
        var: 2801492.25
    pitch_instantaneous_confidence:
        dmean: 0.0808399096131
        dmean2: 0.133946672082
        dvar: 0.00434102723375
        dvar2: 0.0109413685277
        max: 0.871422588825
        mean: 0.421905577183
        min: 0.170238912106
        var: 0.0223734807223
    pitch_salience:
        dmean: 0.0602670386434
        dmean2: 0.104840315878
        dvar: 0.00237842556089
        dvar2: 0.00647830031812
        max: 0.852503538132
        mean: 0.641892313957
        min: 0.448583006859
        var: 0.00476196222007
    silence_rate_20dB:
        dmean: 0
        dmean2: 0
        dvar: 0
        dvar2: 0
        max: 1
        mean: 1
        min: 1
        var: 0
    silence_rate_30dB:
        dmean: 0
        dmean2: 0
        dvar: 0
        dvar2: 0
        max: 1
        mean: 1
        min: 1
        var: 0
    silence_rate_60dB:
        dmean: 0.0510440841317
        dmean2: 0.102325581014
        dvar: 0.0484385229647
        dvar2: 0.0965067669749
        max: 1
        mean: 0.694444417953
        min: 0
        var: 0.212189614773
    spectral_centroid:
        dmean: 304.246826172
        dmean2: 500.766906738
        dvar: 77117.296875
        dvar2: 192588.265625
        max: 2867.0324707
        mean: 1541.08508301
        min: 497.497283936
        var: 206892.8125
    spectral_complexity:
        dmean: 1.96270394325
        dmean2: 3.25467300415
        dvar: 5.54638767242
        dvar2: 13.2645835876
        max: 40
        mean: 7.84418582916
        min: 0
        var: 56.9456253052
    spectral_crest:
        dmean: 2.06292748451
        dmean2: 3.37527775764
        dvar: 3.12539291382
        dvar2: 8.49005222321
        max: 16.6378707886
        mean: 7.11551475525
        min: 2.66362309456
        var: 5.66318511963
    spectral_decrease:
        dmean: 1.7751260184e-10
        dmean2: 2.71402927909e-10
        dvar: 8.22495409865e-20
        dvar2: 1.8535273173e-19
        max: -2.79919368934e-11
        mean: -6.68390287561e-10
        min: -3.09576830837e-09
        var: 5.51999077754e-19
    spectral_energy:
        dmean: 0.000740638468415
        dmean2: 0.00113222713117
        dvar: 1.44553587234e-06
        dvar2: 3.26762301484e-06
        max: 0.0137576209381
        mean: 0.0028670548927
        min: 0.000135128953843
        var: 9.92286004475e-06
    spectral_energyband_high:
        dmean: 5.0703962188e-05
        dmean2: 7.96169770183e-05
        dvar: 6.6297154433e-09
        dvar2: 1.6167049921e-08
        max: 0.000872603966855
        mean: 0.000135072492412
        min: 1.02855719888e-05
        var: 1.81805663857e-08
    spectral_energyband_low:
        dmean: 0.000114102353109
        dmean2: 0.000183381969691
        dvar: 5.57537696011e-08
        dvar2: 1.47757887703e-07
        max: 0.00229994417168
        mean: 0.000207477700314
        min: 2.10448547477e-07
        var: 1.00594149899e-07
    spectral_energyband_middle_high:
        dmean: 0.000299210310914
        dmean2: 0.000495359941851
        dvar: 3.40250210229e-07
        dvar2: 8.78136916072e-07
        max: 0.0100967800245
        mean: 0.00117000704631
        min: 7.44167045923e-05
        var: 2.37810922954e-06
    spectral_energyband_middle_low:
        dmean: 0.000486836244818
        dmean2: 0.000751134182792
        dvar: 7.01420105997e-07
        dvar2: 1.51225094669e-06
        max: 0.0098696667701
        mean: 0.00135449355002
        min: 3.53810937668e-05
        var: 2.74232752417e-06
    spectral_flatness_db:
        dmean: 0.0142805781215
        dmean2: 0.0231113806367
        dvar: 0.000139650088386
        dvar2: 0.00037373683881
        max: 0.203792646527
        mean: 0.138268828392
        min: 0.0784921869636
        var: 0.000421353644924
    spectral_flux:
        dmean: 0.00638460787013
        dmean2: 0.00991984922439
        dvar: 6.93279653206e-05
        dvar2: 0.000144729987369
        max: 0.0831533297896
        mean: 0.0271747019142
        min: 0.00664042355493
        var: 0.000245738134254
    spectral_kurtosis:
        dmean: 0.739020168781
        dmean2: 1.30465555191
        dvar: 0.607452630997
        dvar2: 1.79481208324
        max: 9.82089328766
        mean: 3.1456193924
        min: 0.673362970352
        var: 2.50879335403
    spectral_rms:
        dmean: 0.000208952435059
        dmean2: 0.000318249571137
        dvar: 7.42784251884e-08
        dvar2: 1.65278507325e-07
        max: 0.00366361415945
        mean: 0.00143730512355
        min: 0.000363088300219
        var: 7.31279101274e-07
    spectral_rolloff:
        dmean: 301.966796875
        dmean2: 528.418579102
        dvar: 174174.421875
        dvar2: 446802.4375
        max: 4651.171875
        mean: 3170.93896484
        min: 710.595703125
        var: 558510.5625
    spectral_skewness:
        dmean: 0.130257755518
        dmean2: 0.227087840438
        dvar: 0.0164753086865
        dvar2: 0.0386672690511
        max: 2.64426612854
        mean: 1.38563120365
        min: 0.728524744511
        var: 0.0877006649971
    spectral_spread:
        dmean: 400215.6875
        dmean2: 628268.5625
        dvar: 318862786560
        dvar2: 611481550848
        max: 12064926
        mean: 5106787.5
        min: 3125429.75
        var: 882753798144
    spectral_strongpeak:
        dmean: 0.32164093852
        dmean2: 0.569706141949
        dvar: 0.338953346014
        dvar2: 0.873630642891
        max: 5.43709802628
        mean: 0.483464807272
        min: 0.0125937433913
        var: 0.582578003407
    zerocrossingrate:
        dmean: 0.00764404889196
        dmean2: 0.00980441365391
        dvar: 5.32639933226e-05
        dvar2: 8.6877575086e-05
        max: 0.1513671875
        mean: 0.093920327723
        min: 0.0419921875
        var: 0.00041549251182
    barkbands:
        dmean: [3.71597764115e-07, 5.89748269704e-05, 6.70005902066e-05, 0.00012449004862, 0.000167545687873, 0.00018978882872, 6.00139937887e-05, 4.49919898529e-05, 0.000182997915545, 6.17048935965e-05, 6.91979948897e-05, 5.28245400346e-05, 4.53291504527e-05, 3.57029275619e-05, 3.22081505146e-05, 9.18019723031e-05, 2.83108129224e-05, 8.45528265927e-05, 6.80690282024e-05, 5.26137700945e-05, 2.23714887397e-05, 7.62416948419e-06, 1.5935263491e-06, 9.01337216419e-07, 4.01984436849e-07, 3.55159990306e-08, 2.9066232754e-10]
        dmean2: [5.64441791084e-07, 9.48420056375e-05, 0.000117665811558, 0.000229102486628, 0.000289106363198, 0.000282106862869, 9.61644254858e-05, 6.85239137965e-05, 0.000275601196336, 0.000107318948722, 9.61821642704e-05, 9.02214887901e-05, 7.43705313653e-05, 6.11326468061e-05, 5.44469075976e-05, 0.000149502549903, 4.69043006888e-05, 0.000150211097207, 0.000114136470074, 8.44914102345e-05, 3.67774555343e-05, 1.21427647173e-05, 2.50853759098e-06, 1.45591957335e-06, 6.40156486043e-07, 5.52983010493e-08, 3.91204707517e-10]
        dvar: [5.62683417655e-13, 1.66126188361e-08, 2.21577476367e-08, 1.39094964879e-07, 5.79442840376e-08, 1.14894554315e-07, 1.51692098882e-08, 6.24101126334e-09, 3.08433470764e-07, 3.03606206842e-08, 2.9614707131e-08, 2.66958384287e-08, 8.5389926241e-09, 4.07476763442e-09, 3.94731936026e-09, 7.43203827369e-08, 1.99275618229e-09, 3.32783116619e-08, 8.26471602267e-09, 6.98523727749e-09, 2.25220864181e-09, 1.95325963737e-10, 8.73762086989e-12, 3.71927965856e-12, 7.06531133512e-13, 1.04681718751e-14, 1.20884828191e-17]
        dvar2: [1.11166457983e-12, 4.30367244064e-08, 5.96301390487e-08, 4.18778768108e-07, 1.50824632783e-07, 2.30537054335e-07, 3.13284722608e-08, 1.25500525527e-08, 6.32247576959e-07, 7.6654018244e-08, 5.69280906859e-08, 6.8565064737e-08, 2.08641548483e-08, 1.05119557503e-08, 1.22187167051e-08, 1.84358100341e-07, 5.07035213815e-09, 9.86031736261e-08, 2.15777369306e-08, 1.73443357454e-08, 5.76371794736e-09, 5.40352596001e-10, 1.92928745896e-11, 9.66241930217e-12, 1.50623025337e-12, 2.50095219057e-14, 1.21677639449e-17]
        max: [4.10210805057e-06, 0.00157516764011, 0.0015742268879, 0.00392253929749, 0.00202239514329, 0.00387968774885, 0.00134011195041, 0.00116631062701, 0.00561979040504, 0.00191904860549, 0.00250801304355, 0.0017190601211, 0.000975777569693, 0.000902676489204, 0.0007862187922, 0.00464935647324, 0.000687708670739, 0.00209071743302, 0.00128704018425, 0.00105143897235, 0.000605552573688, 0.000192279505427, 3.73342263629e-05, 2.41597062995e-05, 9.32682723942e-06, 1.27606540445e-06, 7.21099553402e-08]
        mean: [3.69365722008e-07, 0.00010751010268, 9.96035232674e-05, 0.000128304440295, 0.000316860183375, 0.000372692826204, 9.33460833039e-05, 8.63245804794e-05, 0.000309083145112, 9.62626727414e-05, 0.000124197060359, 9.22638428165e-05, 8.42316730996e-05, 6.87270148774e-05, 7.48427337385e-05, 0.000187120545888, 8.21585636004e-05, 0.000178862028406, 0.000169489503605, 0.000119480871945, 4.89628473588e-05, 1.85999906535e-05, 4.38136248704e-06, 2.30516729971e-06, 1.02331478047e-06, 5.36327924294e-08, 2.91921764539e-10]
        min: [7.60355808264e-13, 7.5411143996e-09, 6.01329404049e-08, 5.11884138632e-07, 1.35875998239e-05, 2.08916276279e-06, 2.02815022021e-06, 2.26077034426e-07, 8.09578295957e-07, 3.89740307583e-07, 4.73182211636e-07, 9.0330763669e-07, 7.49400442146e-07, 1.22478320463e-06, 8.84564940407e-07, 5.35090634912e-07, 3.41866302733e-06, 7.33561319066e-06, 1.73350454133e-05, 4.33755394624e-06, 2.79325217889e-06, 1.02866738416e-06, 2.59105860323e-07, 1.41357645589e-07, 6.05818826216e-08, 7.16429249259e-10, 9.43173643163e-15]
        var: [6.88289919851e-13, 3.11606989101e-08, 3.21042179507e-08, 9.55896126698e-08, 1.24708307681e-07, 3.51967344159e-07, 1.95606464359e-08, 2.30015739788e-08, 6.19516299594e-07, 7.15109109706e-08, 1.09702249063e-07, 6.9869209085e-08, 2.61399843993e-08, 1.55361448151e-08, 1.83762072226e-08, 2.80383773088e-07, 1.16432072872e-08, 7.74160398009e-08, 1.62408646531e-08, 1.57470942952e-08, 3.66681485175e-09, 5.52582535285e-10, 3.58109999987e-11, 9.71568572122e-12, 1.71802437728e-12, 1.21568574164e-14, 1.20701831024e-17]
    mfcc:
        mean: [-746.526550293, 102.629753113, -38.7578392029, 48.7665939331, -17.4905147552, -11.7712516785, -2.87515664101, -9.04499721527, -11.99817276, -7.30838012695, -6.2797908783, -8.97454833984, -7.31465578079]
        cov: [[3798.36791992, 728.253112793, -159.521652222, -309.96786499, 100.864265442, 356.289367676, -57.662525177, 149.64352417, 265.66708374, 231.005081177, 29.8648967743, 127.698417664, 109.190895081], [728.253112793, 464.88293457, -95.0991897583, -22.0280418396, 133.536605835, 135.570755005, 71.7805480957, 88.4151535034, 97.5510101318, 95.6657028198, 42.6923675537, 77.910987854, 46.2153549194], [-159.521652222, -95.0991897583, 215.815307617, 50.5812721252, 1.63085925579, 16.5198383331, 33.5281410217, 6.08988571167, 9.3790845871, 2.46001720428, 30.4781780243, 3.47771406174, 11.6716995239], [-309.96786499, -22.0280418396, 50.5812721252, 129.360168457, 77.0228805542, 15.5655021667, 38.2349624634, 20.4818210602, 28.7434654236, 20.8498344421, 19.2406959534, 26.153345108, 11.3827056885], [100.864265442, 133.536605835, 1.63085925579, 77.0228805542, 193.64364624, 69.9190292358, 45.1458396912, 56.9721374512, 77.9685668945, 74.349609375, 33.3839912415, 71.0227890015, 33.8810005188], [356.289367676, 135.570755005, 16.5198383331, 15.5655021667, 69.9190292358, 136.824050903, 73.0725402832, 64.05052948, 61.3530883789, 62.9038925171, 45.3266983032, 45.7949447632, 33.8673934937], [-57.662525177, 71.7805480957, 33.5281410217, 38.2349624634, 45.1458396912, 73.0725402832, 116.314575195, 54.061580658, 28.022441864, 31.3230400085, 42.4070892334, 28.8466720581, 20.3083114624], [149.64352417, 88.4151535034, 6.08988571167, 20.4818210602, 56.9721374512, 64.05052948, 54.061580658, 79.3971328735, 47.2104759216, 51.3939399719, 32.0129623413, 36.7504882812, 23.9881248474], [265.66708374, 97.5510101318, 9.3790845871, 28.7434654236, 77.9685668945, 61.3530883789, 28.022441864, 47.2104759216, 95.9950408936, 66.3760528564, 31.3047428131, 44.2304878235, 25.1581802368], [231.005081177, 95.6657028198, 2.46001720428, 20.8498344421, 74.349609375, 62.9038925171, 31.3230400085, 51.3939399719, 66.3760528564, 94.8290557861, 42.7480201721, 47.4297142029, 28.5286884308], [29.8648967743, 42.6923675537, 30.4781780243, 19.2406959534, 33.3839912415, 45.3266983032, 42.4070892334, 32.0129623413, 31.3047428131, 42.7480201721, 57.9546089172, 29.7647094727, 21.2566814423], [127.698417664, 77.910987854, 3.47771406174, 26.153345108, 71.0227890015, 45.7949447632, 28.8466720581, 36.7504882812, 44.2304878235, 47.4297142029, 29.7647094727, 67.1925048828, 30.5271625519], [109.190895081, 46.2153549194, 11.6716995239, 11.3827056885, 33.8810005188, 33.8673934937, 20.3083114624, 23.9881248474, 25.1581802368, 28.5286884308, 21.2566814423, 30.5271625519, 44.3654785156]]
        icov: [[0.00102445750963, -0.000783312367275, -0.000336369994329, 0.00225406954996, 0.000497302156873, -0.00258636754006, 0.00204108003527, -0.000152547901962, -0.00174607941881, -0.000616848294158, 0.00157869700342, -0.000284314068267, -0.000626419379842], [-0.000783312367275, 0.00527758523822, 0.00220454763621, 0.000755040324293, -0.00233689136803, -0.000137182651088, -0.00287710339762, -0.000429005507613, -0.000256621890003, 0.000424016005127, -0.000867282738909, -0.000685689796228, -0.000144943507621], [-0.000336369994329, 0.00220454763621, 0.00677980901673, -0.00230568717234, 0.000201544884476, -0.000380264333216, -0.00162960297894, 0.000603335327469, -0.000890219584107, 0.00156650843564, -0.00381558015943, 0.000828771968372, -0.00134920980781], [0.00225406954996, 0.000755040324293, -0.00230568717234, 0.0190082807094, -0.00545556796715, -0.00341536360793, 7.91712664068e-05, 9.1013724159e-05, -0.0059374817647, -0.000287163624307, 0.00338449329138, -0.00132919754833, -0.00107182585634], [0.000497302156873, -0.00233689136803, 0.000201544884476, -0.00545556796715, 0.0135356979445, -0.00194230780471, 0.00165796244983, -0.000555548525881, -0.0031663889531, -0.00326568912715, 0.00353059684858, -0.00672160182148, 7.32387779863e-05], [-0.00258636754006, -0.000137182651088, -0.000380264333216, -0.00341536360793, -0.00194230780471, 0.0247565545142, -0.0115154907107, -0.00276035419665, 0.00103795446921, -0.000680313969497, -0.00558320665732, 0.000901188002899, -0.00126290647313], [0.00204108003527, -0.00287710339762, -0.00162960297894, 7.91712664068e-05, 0.00165796244983, -0.0115154907107, 0.0232308804989, -0.00853419397026, 8.85235494934e-05, 0.00337370415218, -0.00488135358319, 3.00726533169e-05, -1.45934936882e-05], [-0.000152547901962, -0.000429005507613, 0.000603335327469, 9.1013724159e-05, -0.000555548525881, -0.00276035419665, -0.00853419397026, 0.0288422107697, -0.00320559251122, -0.00652733817697, 0.000958985474426, -0.00186783203389, -0.00167570309713], [-0.00174607941881, -0.000256621890003, -0.000890219584107, -0.0059374817647, -0.0031663889531, 0.00103795446921, 8.85235494934e-05, -0.00320559251122, 0.028094118461, -0.00912388786674, -0.00197836570442, -0.00158148107585, 0.00161260727327], [-0.000616848294158, 0.000424016005127, 0.00156650843564, -0.000287163624307, -0.00326568912715, -0.000680313969497, 0.00337370415218, -0.00652733817697, -0.00912388786674, 0.0312675237656, -0.0135139897466, -0.00304613797925, -0.000625165353995], [0.00157869700342, -0.000867282738909, -0.00381558015943, 0.00338449329138, 0.00353059684858, -0.00558320665732, -0.00488135358319, 0.000958985474426, -0.00197836570442, -0.0135139897466, 0.0390230305493, -0.00592943746597, -0.00436993828043], [-0.000284314068267, -0.000685689796228, 0.000828771968372, -0.00132919754833, -0.00672160182148, 0.000901188002899, 3.00726533169e-05, -0.00186783203389, -0.00158148107585, -0.00304613797925, -0.00592943746597, 0.0352800488472, -0.0116007048637], [-0.000626419379842, -0.000144943507621, -0.00134920980781, -0.00107182585634, 7.32387779863e-05, -0.00126290647313, -1.45934936882e-05, -0.00167570309713, 0.00161260727327, -0.000625165353995, -0.00436993828043, -0.0116007048637, 0.0362471230328]]
    spectral_contrast:
        mean: [-1.07156239437e-07, 1.58801327643e-08, 2.71324580581e-07, 2.46796162173e-07, 1.32169830636e-07, 2.95913679338e-07, 6.6523290343e-07, -1.01993248336e-06, -2.81077495856e-06, 5.34366017746e-06, 5.1093655884e-07, 9.93872845356e-07]
        var: [0.000241278801695, 0.000412927736761, 0.000892727752216, 0.00146738486364, 0.00199460750446, 0.00741206249222, 0.0300192330033, 0.0651895850897, 0.0785975158215, 0.118327610195, 0.63546037674, 2.01703834534]

rhythm:
    beats_loudness:
        dmean: 0.0031971805729
        dmean2: 0.00634941924363
        dvar: 1.98125508177e-06
        dvar2: 5.40967948837e-06
        max: 0.0100269652903
        mean: 0.00466861762106
        min: 0.00110485241748
        var: 9.26831944525e-06
    beats_loudness_bass:
        dmean: 0.305857598782
        dmean2: 0.628568649292
        dvar: 0.0235555432737
        dvar2: 0.081641279161
        max: 0.453332990408
        mean: 0.177421152592
        min: 0.00304133421741
        var: 0.0318534448743
    bpm: 88.9718399048
    bpm_confidence: 0
    first_peak_bpm: 89
    first_peak_spread: 0
    first_peak_weight: 1
    onset_rate: 2.59195971489
    second_peak_bpm: 0
    second_peak_spread: 0
    second_peak_weight: 0
    beats_position: [0.438550382853, 1.11435210705, 1.79015374184, 2.46595549583, 3.14175724983, 3.81755900383, 4.49336099625, 5.16916275024, 5.84496450424, 6.52606582642, 7.19956827164, 7.8730711937, 8.54657363892, 9.22007656097, 9.89357948303]
    bpm_estimates: [89.1405105591, 88.1980285645, 88.3133163452, 89.6961669922, 88.5866928101, 89.0583953857, 88.9939117432, 88.7192993164, 88.663482666, 89.3719940186, 89.5230789185, 89.0870666504, 89.2819595337]
    bpm_intervals: [0.675801753998, 0.675801634789, 0.675801753998, 0.675801753998, 0.675801753998, 0.675801992416, 0.675801753998, 0.675801753998, 0.681101322174, 0.673502445221, 0.673502922058, 0.673502445221, 0.673502922058, 0.673502922058]
    onset_times: [0.0580498874187, 0.441179126501, 1.11455786228, 1.79954648018, 2.20589566231, 2.47292518616, 2.64707493782, 2.90249443054, 3.12308382988, 3.79646253586, 4.49306106567, 4.94585037231, 5.16644001007, 5.50312948227, 5.83981847763, 6.28099775314, 6.51319742203, 6.96598625183, 7.18657588959, 7.63936519623, 7.8831744194, 8.23147392273, 8.55655288696, 8.99773216248, 9.22993183136, 9.92653083801]
    rubato_start: []
    rubato_stop: []
    perceptual_tempo: "unknown"

sfx:
    inharmonicity:
        dmean: 0.0606331042945
        dmean2: 0.107707254589
        dvar: 0.00361420703121
        dvar2: 0.0102468747646
        max: 0.381314843893
        mean: 0.0655560493469
        min: 0.00027610437246
        var: 0.00386465946212
    oddtoevenharmonicenergyratio:
        dmean: 1.86277389526
        dmean2: 3.42975568771
        dvar: 14.7471227646
        dvar2: 43.4048538208
        max: 40.4498329163
        mean: 1.39763343334
        min: 0.000701803015545
        var: 9.70669937134
    pitch_after_max_to_before_max_energy_ratio: 96.9079589844
    pitch_centroid: 271.855957031
    pitch_max_to_total: 0.313953489065
    pitch_min_to_total: 0.297674417496
    tristimulus:
        dmean: [0.177273973823, 0.274302452803, 0.159501537681]
        dmean2: [0.306294739246, 0.47752943635, 0.286444187164]
        dvar: [0.022378610447, 0.0497276075184, 0.0191883221269]
        dvar2: [0.0576750263572, 0.15116456151, 0.0568993464112]
        max: [0.95532399416, 0.95213752985, 0.741174340248]
        mean: [0.327526956797, 0.454105913639, 0.142708137631]
        min: [0.00216830056161, 0, 0]
        var: [0.0339443646371, 0.0635089278221, 0.0228747352958]

tonal:
    chords_changes_rate: 0.0787037014961
    chords_number_rate: 0.0185185186565
    chords_strength:
        dmean: 0.00801664218307
        dmean2: 0.00913994666189
        dvar: 4.89121594001e-05
        dvar2: 5.75381709496e-05
        max: 0.679218113422
        mean: 0.474589139223
        min: 0.270476937294
        var: 0.0157687626779
    key_strength: 0.589096605778
    tuning_diatonic_strength: 0.538661241531
    tuning_equal_tempered_deviation: 0.227931410074
    tuning_frequency: 442.548919678
    tuning_nontempered_energy_ratio: 0.851822078228
    hpcp:
        dmean: [0.202787011862, 0.220400184393, 0.208290353417, 0.158004075289, 0.149851754308, 0.154098048806, 0.165297329426, 0.179465651512, 0.209087178111, 0.184140712023, 0.134059756994, 0.0897369682789, 0.0909288525581, 0.0974493846297, 0.0837431773543, 0.0932408720255, 0.0781773775816, 0.0851457044482, 0.115542069077, 0.120904222131, 0.117053329945, 0.0888740643859, 0.147286444902, 0.215061038733, 0.227399110794, 0.209143683314, 0.156772643328, 0.18741735816, 0.189350530505, 0.204393982887, 0.205180376768, 0.17640158534, 0.157190084457, 0.142318323255, 0.161081478, 0.183761239052]
        dmean2: [0.348498344421, 0.374654620886, 0.371473520994, 0.277336299419, 0.268901020288, 0.274524301291, 0.284585207701, 0.316971033812, 0.369513750076, 0.312144637108, 0.223149433732, 0.148110285401, 0.156672254205, 0.179882764816, 0.140142306685, 0.160561814904, 0.137785851955, 0.146561384201, 0.201539516449, 0.209087207913, 0.201875790954, 0.151645317674, 0.253839969635, 0.359763950109, 0.402818292379, 0.365693479776, 0.274851918221, 0.316744297743, 0.322732448578, 0.368230760098, 0.366116672754, 0.304146975279, 0.271619528532, 0.246607393026, 0.283254921436, 0.322534829378]
        dvar: [0.0434199497104, 0.0507622472942, 0.0544078424573, 0.0407735407352, 0.0432951822877, 0.0348679423332, 0.0380338989198, 0.0464441031218, 0.0457935035229, 0.0355849079788, 0.0200360380113, 0.0174435991794, 0.0278397072107, 0.0303570926189, 0.00990660581738, 0.0153490975499, 0.0148478308693, 0.0128006190062, 0.0287310276181, 0.0254732202739, 0.0241785421968, 0.0153154395521, 0.0211601722986, 0.0334143564105, 0.0452383384109, 0.0442986674607, 0.0407454185188, 0.039240822196, 0.0438018962741, 0.048802562058, 0.0543669164181, 0.0385019034147, 0.0333997905254, 0.0348042473197, 0.0382851921022, 0.0398156233132]
        dvar2: [0.12182302773, 0.138270184398, 0.13896907866, 0.10575132072, 0.134002074599, 0.0921134129167, 0.107051365077, 0.128991499543, 0.11215685308, 0.0855390578508, 0.0531746596098, 0.0465453751385, 0.0730427056551, 0.0806398913264, 0.0262252762914, 0.0430419556797, 0.0399466715753, 0.0356917642057, 0.0807946920395, 0.0710983425379, 0.064729437232, 0.0440510250628, 0.0555737502873, 0.0812231525779, 0.123784229159, 0.12548583746, 0.109976433218, 0.0948216617107, 0.112027727067, 0.140630826354, 0.150041729212, 0.110956400633, 0.0953601226211, 0.0952297449112, 0.108533009887, 0.105258576572]
        max: [1, 1, 1, 1, 1, 1, 1, 1, 1, 1, 1, 1, 1, 1, 0.728257834911, 0.864735305309, 0.858603715897, 1, 1, 1, 1, 1, 1, 1, 1, 1, 1, 1, 1, 1, 1, 1, 1, 1, 1, 1]
        mean: [0.39912623167, 0.394847124815, 0.346168011427, 0.222333416343, 0.183341488242, 0.20857334137, 0.221298098564, 0.218302547932, 0.317188382149, 0.369662702084, 0.236428931355, 0.131191655993, 0.123808950186, 0.126194760203, 0.131277486682, 0.139785513282, 0.123829185963, 0.127518773079, 0.162503927946, 0.16124536097, 0.142427891493, 0.135739535093, 0.2201282233, 0.413087219, 0.447219908237, 0.270667940378, 0.168505951762, 0.264096021652, 0.347565680742, 0.314298510551, 0.295240134001, 0.27176836133, 0.229203104973, 0.200229555368, 0.220925033092, 0.34664362669]
        min: [0.0287926793098, 0.0113978367299, 0.00248796655796, 0.00157359486911, 0.00470388494432, 0.00703703332692, 0.00448718015105, 0.00616244645789, 0.0199973564595, 0.0385708846152, 0.0185164865106, 0.00224552559666, 0.0010198004311, 0.00168561958708, 0.0022488089744, 0.00285765365697, 0.00319920945913, 0.00416253926232, 0.00265353615396, 0.00142860109918, 0.00192714412697, 0.00328198401257, 0.0165154002607, 0.0180492307991, 0.0215521529317, 0.0152635844424, 0.00120391556993, 0.000972773472313, 0.00126372056548, 0.00602694740519, 0.010696336627, 0.00359014887363, 0.00113952637184, 0.00114161358215, 0.00531782535836, 0.0366902165115]
        var: [0.0726905912161, 0.0973424315453, 0.0915840789676, 0.048724129796, 0.0386425256729, 0.0400381609797, 0.04779875651, 0.0483020395041, 0.0677074491978, 0.0940273702145, 0.0343717895448, 0.0234757326543, 0.0286441277713, 0.0270230900496, 0.0142054222524, 0.0178901255131, 0.0150952395052, 0.0138911595568, 0.0296169128269, 0.0265443325043, 0.0269234385341, 0.0192433837801, 0.0356720536947, 0.0885279551148, 0.11620233953, 0.0582960061729, 0.0369757600129, 0.0680173188448, 0.102782137692, 0.068378329277, 0.0675955638289, 0.0588467270136, 0.0484222508967, 0.049088511616, 0.0462316200137, 0.063858628273]
    chords_histogram: [56.944442749, 2.77777767181, 0, 0.462962955236, 0, 0, 36.5740737915, 0, 0, 0, 3.24074077606, 0, 0, 0, 0, 0, 0, 0, 0, 0, 0, 0, 0, 0]
    thpcp: [1, 0.605223357677, 0.376785457134, 0.590528309345, 0.777169525623, 0.702782928944, 0.660167694092, 0.607683956623, 0.512506484985, 0.447720587254, 0.493996411562, 0.775107800961, 0.892460763454, 0.882892549038, 0.774044275284, 0.497145622969, 0.40995824337, 0.466377586126, 0.494830608368, 0.488132447004, 0.709244787693, 0.826579272747, 0.528663694859, 0.293349325657, 0.276841312647, 0.282176077366, 0.293541252613, 0.312565505505, 0.276886582375, 0.28513661027, 0.363364696503, 0.360550493002, 0.31847396493, 0.303518533707, 0.49221470952, 0.923678040504]
    chords_key: "F"
    chords_scale: "major"
    key_key: "F"
    key_scale: "major"
    chords_progression: ["F", "F", "F", "F", "F", "F", "F", "F", "F", "F", "F", "F", "F", "F", "F", "F", "F", "F", "F", "F", "F", "F", "F", "F", "F", "F", "F", "F", "F", "F", "F", "F", "F", "F", "F", "F", "F", "F", "F", "F", "F", "F", "F", "F", "F", "F", "F", "F", "F", "F", "F", "F", "F", "F", "F", "F", "F", "F", "F", "F", "F", "F", "F", "F", "F", "F", "F", "F", "F", "F", "F", "F", "F", "F", "F", "F", "F", "F", "F", "F", "F", "F", "F", "F", "F", "F", "F", "F", "F", "F", "Am", "Am", "Am", "Am", "Am", "Am", "D", "D", "D", "D", "D", "D", "D", "D", "D", "D", "D", "D", "D", "D", "D", "F", "D", "D", "D", "D", "D", "F", "F", "F", "F", "F", "F", "D", "D", "D", "D", "D", "D", "D", "D", "D", "D", "D", "D", "D", "D", "D", "D", "D", "F", "E", "E", "E", "E", "D", "E", "E", "E", "Em", "D", "D", "D", "D", "D", "D", "D", "D", "D", "D", "D", "D", "D", "D", "D", "D", "D", "D", "D", "D", "D", "D", "D", "D", "D", "D", "D", "D", "D", "D", "D", "D", "D", "D", "D", "D", "D", "F", "F", "F", "F", "F", "D", "D", "F", "F", "D", "D", "F", "F", "F", "F", "F", "F", "F", "F", "F", "F", "F", "F", "F", "F", "F", "F", "F", "F"]
