
metadata:
    version:
        essentia: "1.2.2"
    audio_properties:
        analysis_sample_rate: 44100
        bitrate: 128
        channels: 2
        equal_loudness: 1
        length: 10.0310201645
        replay_gain: -10.2186870575
        downmix: "mix"
    tags:
        track: 34
        year: 0
        album: "Splitted by Mp3Splt v. 2.1"
        artist: "From 005.30 To 005.40"
        comment: "http://mp3splt.sf.net"
        genre: ""
        title: "01 Whirlwind.mp3"

highlevel:
    ballroom:
        all:
            ChaChaCha: 0.00167426979169
            Jive: 0.00272937561385
            Quickstep: 0.0254842620343
            Rumba-American: 0.0181699115783
            Rumba-International: 0.539698183537
            Rumba-Misc: 0.0685612633824
            Samba: 0.00362974754535
            Tango: 0.00980503298342
            VienneseWaltz: 0.134595528245
            Waltz: 0.19565244019
        probability: 0.539698183537
        value: "Rumba-International"
    culture:
        all:
            non_western: 0.113594457507
            western: 0.886405527592
        probability: 0.886405527592
        value: "western"
    gender:
        all:
            female: 0.761160552502
            male: 0.238839462399
        probability: 0.761160552502
        value: "female"
    genre_dortmund:
        all:
            alternative: 0.0267059989274
            blues: 0.00816935952753
            electronic: 0.0660733133554
            folkcountry: 0.0592784024775
            funksoulrnb: 0.0316265076399
            jazz: 0.684150338173
            pop: 0.0523231588304
            raphiphop: 0.00580656342208
            rock: 0.065866343677
        probability: 0.684150338173
        value: "jazz"
    genre_electronica:
        all:
            ambient: 0.860888779163
            dnb: 0.0082306759432
            house: 0.0490658730268
            techno: 0.00644377386197
            trance: 0.0753709077835
        probability: 0.860888779163
        value: "ambient"
    genre_rosamerica:
        all:
            cla: 0.0558546036482
            dan: 0.0269487705082
            hip: 0.0348010919988
            jaz: 0.564182877541
            pop: 0.116914987564
            rhy: 0.107729479671
            roc: 0.0727141946554
            spe: 0.020854016766
        probability: 0.564182877541
        value: "jaz"
    genre_tzanetakis:
        all:
            blu: 0.0568954832852
            cla: 0.0684401318431
            cou: 0.110570110381
            dis: 0.0224663540721
            hip: 0.0183967668563
            jaz: 0.308367043734
            met: 0.0076144724153
            pop: 0.240723609924
            reg: 0.0610760338604
            roc: 0.105450004339
        probability: 0.308367043734
        value: "jaz"
    live_studio:
        all:
            live: 0.469696223736
            studio: 0.530303776264
        probability: 0.530303776264
        value: "studio"
    mood:
        all:
            Cluster1: 0.263319224119
            Cluster2: 0.292978942394
            Cluster3: 0.205036655068
            Cluster4: 0.120441667736
            Cluster5: 0.118223495781
        probability: 0.292978942394
        value: "Cluster2"
    mood_acoustic:
        all:
            acoustic: 0.972264587879
            not_acoustic: 0.0277354307473
        probability: 0.972264587879
        value: "acoustic"
    mood_aggressive:
        all:
            aggressive: 0.0312971547246
            not_aggressive: 0.968702852726
        probability: 0.968702852726
        value: "not_aggressive"
    mood_electronic:
        all:
            electronic: 0.139704838395
            not_electronic: 0.860295176506
        probability: 0.860295176506
        value: "not_electronic"
    mood_happy:
        all:
            happy: 0.169476538897
            not_happy: 0.830523490906
        probability: 0.830523490906
        value: "not_happy"
    mood_party:
        all:
            not_party: 0.927994191647
            party: 0.072005815804
        probability: 0.927994191647
        value: "not_party"
    mood_relaxed:
        all:
            not_relaxed: 0.0325653962791
            relaxed: 0.967434585094
        probability: 0.967434585094
        value: "relaxed"
    mood_sad:
        all:
            not_sad: 0.14073652029
            sad: 0.85926347971
        probability: 0.85926347971
        value: "sad"
    rhythm:
        all:
            fast: 0.0504927113652
            medium: 0.402787387371
            slow: 0.546719908714
        probability: 0.546719908714
        value: "slow"
    speech_music:
        all:
            music: 0.839718937874
            speech: 0.160281091928
        probability: 0.839718937874
        value: "music"
    timbre:
        all:
            bright: 0.143888831139
            dark: 0.856111168861
        probability: 0.856111168861
        value: "dark"
    voice_instrumental:
        all:
            instrumental: 0.994996011257
            voice: 0.00500401621684
        probability: 0.994996011257
        value: "instrumental"

lowlevel:
    average_loudness: 0.983958423138
    barkbands_kurtosis:
        dmean: 5.89954376221
        dmean2: 9.15771961212
        dvar: 52.8374137878
        dvar2: 132.458389282
        max: 82.1723175049
        mean: 12.3391838074
        min: -1.68354845047
        var: 149.969497681
    barkbands_skewness:
        dmean: 0.751270771027
        dmean2: 1.06902778149
        dvar: 0.427474379539
        dvar2: 0.980211436749
        max: 6.86367750168
        mean: 2.04906368256
        min: -0.840108215809
        var: 1.87369060516
    barkbands_spread:
        dmean: 2.68299651146
        dmean2: 4.05136966705
        dvar: 18.4847431183
        dvar2: 38.3583755493
        max: 46.2060203552
        mean: 7.00388431549
        min: 0.970307171345
        var: 45.8828125
    dissonance:
        dmean: 0.0500548668206
        dmean2: 0.08074888587
        dvar: 0.0016475408338
        dvar2: 0.0040477886796
        max: 0.497518569231
        mean: 0.387414395809
        min: 0.195029482245
        var: 0.00384145625867
    hfc:
        dmean: 1.16313123703
        dmean2: 1.81669545174
        dvar: 5.67612934113
        dvar2: 12.9295902252
        max: 24.1658096313
        mean: 2.41246628761
        min: 0.083933994174
        var: 7.55685853958
    pitch:
        dmean: 110.205429077
        dmean2: 209.29447937
        dvar: 74263.046875
        dvar2: 203949.875
        max: 4009.09082031
        mean: 258.942779541
        min: 58.4880638123
        var: 50522.4648438
    pitch_instantaneous_confidence:
        dmean: 0.116916365921
        dmean2: 0.181345641613
        dvar: 0.0104535780847
        dvar2: 0.0233318656683
        max: 0.894942998886
        mean: 0.510108649731
        min: 0.167989909649
        var: 0.0262382198125
    pitch_salience:
        dmean: 0.0794585421681
        dmean2: 0.126794546843
        dvar: 0.0039631430991
        dvar2: 0.00911861192435
        max: 0.846643090248
        mean: 0.607381165028
        min: 0.29336386919
        var: 0.0134700732306
    silence_rate_20dB:
        dmean: 0
        dmean2: 0
        dvar: 0
        dvar2: 0
        max: 1
        mean: 1
        min: 1
        var: 0
    silence_rate_30dB:
        dmean: 0
        dmean2: 0
        dvar: 0
        dvar2: 0
        max: 1
        mean: 1
        min: 1
        var: 0
    silence_rate_60dB:
        dmean: 0.139211133122
        dmean2: 0.279069781303
        dvar: 0.119831413031
        dvar2: 0.238399475813
        max: 1
        mean: 0.36574074626
        min: 0
        var: 0.231974229217
    spectral_centroid:
        dmean: 98.2486801147
        dmean2: 154.14239502
        dvar: 26897.0332031
        dvar2: 58335.3007812
        max: 1913.68554688
        mean: 478.690612793
        min: 208.397109985
        var: 58401.2265625
    spectral_complexity:
        dmean: 2.0699300766
        dmean2: 3.34112143517
        dvar: 13.6594305038
        dvar2: 30.6126117706
        max: 35
        mean: 7.21395349503
        min: 2
        var: 19.4286384583
    spectral_crest:
        dmean: 2.95207905769
        dmean2: 4.87685346603
        dvar: 7.0927734375
        dvar2: 17.5323619843
        max: 23.2352199554
        mean: 11.4692077637
        min: 3.82233428955
        var: 16.999502182
    spectral_decrease:
        dmean: 4.10471573398e-10
        dmean2: 6.52124687583e-10
        dvar: 2.33233861768e-19
        dvar2: 5.44060056728e-19
        max: -7.8972425821e-11
        mean: -1.14903053738e-09
        min: -4.84211515328e-09
        var: 5.37065572565e-19
    spectral_energy:
        dmean: 0.00164360040799
        dmean2: 0.00261591351591
        dvar: 4.01052693633e-06
        dvar2: 9.28374993237e-06
        max: 0.0204671323299
        mean: 0.0045555238612
        min: 0.000305673136609
        var: 8.74764555192e-06
    spectral_energyband_high:
        dmean: 4.54127184639e-05
        dmean2: 6.3973464421e-05
        dvar: 1.85797475183e-08
        dvar2: 4.19302601529e-08
        max: 0.00125767418649
        mean: 5.25856448803e-05
        min: 2.64125276317e-07
        var: 2.35893935496e-08
    spectral_energyband_low:
        dmean: 0.000245154136792
        dmean2: 0.000411676708609
        dvar: 1.57889800789e-07
        dvar2: 4.38979355977e-07
        max: 0.00344654778019
        mean: 0.00039763120003
        min: 4.32246679338e-06
        var: 2.16721659285e-07
    spectral_energyband_middle_high:
        dmean: 0.000397158961277
        dmean2: 0.000620010949206
        dvar: 1.05707101739e-06
        dvar2: 2.39152655013e-06
        max: 0.00850235670805
        mean: 0.000543308444321
        min: 2.37711378759e-06
        var: 1.36138464768e-06
    spectral_energyband_middle_low:
        dmean: 0.00124965596478
        dmean2: 0.00200428697281
        dvar: 1.6654855699e-06
        dvar2: 3.79128027816e-06
        max: 0.0118356030434
        mean: 0.00356200244278
        min: 0.00023684304324
        var: 5.5123259699e-06
    spectral_flatness_db:
        dmean: 0.0296917911619
        dmean2: 0.0425430871546
        dvar: 0.000744469929487
        dvar2: 0.00129720848054
        max: 0.370804846287
        mean: 0.263214945793
        min: 0.115290269256
        var: 0.00325204269029
    spectral_flux:
        dmean: 0.0111997034401
        dmean2: 0.0175024345517
        dvar: 0.00015957710275
        dvar2: 0.000348780682543
        max: 0.128684222698
        mean: 0.0324760787189
        min: 0.00556463701651
        var: 0.000294572731946
    spectral_kurtosis:
        dmean: 8.75469589233
        dmean2: 13.1048793793
        dvar: 87.3218612671
        dvar2: 200.495132446
        max: 88.5843734741
        mean: 18.1954479218
        min: 1.27645206451
        var: 220.536453247
    spectral_rms:
        dmean: 0.000375270261429
        dmean2: 0.00058520399034
        dvar: 1.52561781874e-07
        dvar2: 3.34213524411e-07
        max: 0.0044685495086
        mean: 0.0019983605016
        min: 0.000546093098819
        var: 4.50967974075e-07
    spectral_rolloff:
        dmean: 203.686813354
        dmean2: 343.222869873
        dvar: 254256.15625
        dvar2: 617799.6875
        max: 4285.10742188
        mean: 691.616333008
        min: 236.865234375
        var: 324875.96875
    spectral_skewness:
        dmean: 0.723166882992
        dmean2: 1.03788554668
        dvar: 0.441834568977
        dvar2: 0.944391906261
        max: 7.67037057877
        mean: 3.33501839638
        min: 1.03238558769
        var: 1.63463973999
    spectral_spread:
        dmean: 869905.75
        dmean2: 1192266.875
        dvar: 875478646784
        dvar2: 1.41434997965e+12
        max: 15152745
        mean: 3349590.5
        min: 1087235
        var: 2.32043996774e+12
    spectral_strongpeak:
        dmean: 0.262289524078
        dmean2: 0.427054792643
        dvar: 0.110336206853
        dvar2: 0.228805601597
        max: 2.74306058884
        mean: 0.531119048595
        min: 0.0356473587453
        var: 0.227656587958
    zerocrossingrate:
        dmean: 0.00528003880754
        dmean2: 0.00594037491828
        dvar: 3.75618365069e-05
        dvar2: 3.80986530217e-05
        max: 0.08642578125
        mean: 0.0282987374812
        min: 0.0107421875
        var: 0.000217552194954
    barkbands:
        dmean: [2.16781632645e-08, 4.30613945355e-05, 0.000224335599341, 0.000198321999051, 0.000497926026583, 0.000501951260958, 0.0004431194684, 0.000202500144951, 0.000108288979391, 0.000156106238137, 9.59912649705e-05, 3.22273372149e-05, 2.34524159168e-05, 2.0570736524e-05, 1.73231364897e-05, 1.49181332745e-05, 2.13063940464e-05, 2.14758638322e-05, 3.52385031874e-05, 3.29372669512e-05, 2.18767290789e-05, 6.28612406217e-06, 1.59545959377e-06, 6.81168387473e-07, 4.00492695007e-07, 1.08104405427e-08, 4.89771223577e-10]
        dmean2: [3.7313338197e-08, 6.1568680394e-05, 0.000385274848668, 0.000342916930094, 0.000821772729978, 0.000866183661856, 0.000709313957486, 0.000300700339722, 0.000143700744957, 0.000243611779297, 0.000143895376823, 5.18207016285e-05, 3.94568596676e-05, 3.37040110026e-05, 2.75815818895e-05, 2.29548368225e-05, 2.87631173705e-05, 3.39895414072e-05, 6.04478482273e-05, 4.99545531056e-05, 3.43974606949e-05, 8.68964798428e-06, 2.21979598791e-06, 1.01053001345e-06, 5.43003181974e-07, 1.44464422647e-08, 6.28693597182e-10]
        dvar: [7.65075998042e-16, 6.64290000785e-09, 1.38332637789e-07, 6.95650754778e-08, 5.12145959419e-07, 3.35269930929e-07, 3.85640305467e-07, 1.51246979385e-07, 6.42262918404e-08, 2.32227407082e-07, 1.23639097183e-07, 1.09252127345e-08, 5.93306426211e-09, 5.58565371733e-09, 2.127365617e-09, 1.46149614633e-09, 5.73845992946e-09, 3.52888007704e-09, 1.361374391e-08, 9.94597204595e-09, 4.98870234011e-09, 3.63637897571e-10, 2.12922127846e-11, 5.04700187892e-12, 1.68874777443e-12, 1.19496782397e-15, 4.02724130878e-17]
        dvar2: [2.13989596882e-15, 1.32799558017e-08, 3.98414186975e-07, 1.68340591244e-07, 1.20313529806e-06, 8.85439249032e-07, 1.01891498616e-06, 2.49442422273e-07, 8.92631746297e-08, 4.63596876443e-07, 1.99586807526e-07, 2.47141329623e-08, 1.51207206756e-08, 1.3699127166e-08, 5.35039745841e-09, 3.28295213237e-09, 1.24432908422e-08, 7.68814611973e-09, 3.77429536513e-08, 2.48481715204e-08, 1.23058363499e-08, 6.83139544932e-10, 3.63270941106e-11, 1.09524238637e-11, 2.76484304201e-12, 1.75288206242e-15, 4.03527554863e-17]
        max: [2.26221700927e-07, 0.000694947782904, 0.00299500394613, 0.00222048233263, 0.00554500939324, 0.00671792495996, 0.00488979928195, 0.00531939044595, 0.00316547229886, 0.0061984504573, 0.00474142841995, 0.00105960399378, 0.000712953158654, 0.00090123451082, 0.000332975323545, 0.000328709254973, 0.000875771802384, 0.000604212458711, 0.000975082162768, 0.000790819060057, 0.000687827938236, 0.000244753697189, 5.63493813388e-05, 2.63831752818e-05, 1.7444961486e-05, 5.08192840698e-07, 1.31755840016e-07]
        mean: [3.41434009954e-08, 5.96509162278e-05, 0.000337947596563, 0.000269615207799, 0.000904526561499, 0.00103872094769, 0.000791887461673, 0.000352062983438, 0.00019946633256, 0.000194722102606, 0.0001334232511, 3.78247605113e-05, 2.39748969761e-05, 2.33862501773e-05, 1.78951395355e-05, 1.90814153029e-05, 2.60885572061e-05, 2.47116458922e-05, 3.24422035192e-05, 3.55100783054e-05, 2.22066137212e-05, 7.29864450477e-06, 1.81313680514e-06, 7.27836720671e-07, 4.95643064369e-07, 1.30440378499e-08, 4.7011539106e-10]
        min: [1.97454302908e-10, 6.12955318502e-07, 2.28822932513e-06, 3.64149036614e-06, 1.76390785782e-05, 1.00245470094e-05, 1.42106932799e-06, 1.89507136383e-06, 5.30284808065e-07, 1.14996936418e-07, 5.16578957388e-08, 1.37287742064e-07, 1.01134382646e-07, 4.00311890303e-08, 6.7414717364e-08, 7.7989902536e-08, 8.90898022021e-08, 1.64759612176e-07, 2.24457437525e-07, 1.30432511014e-07, 7.54410578452e-08, 3.40249535213e-08, 5.63743762783e-09, 2.78413514465e-09, 1.5788201857e-09, 5.72241698471e-11, 1.01737242491e-13]
        var: [9.52327612927e-16, 1.05291091401e-08, 1.70944602473e-07, 1.34957673481e-07, 1.03174681954e-06, 1.10466464776e-06, 9.03277850739e-07, 3.18912924513e-07, 1.6266176317e-07, 4.34141838923e-07, 2.51671707474e-07, 1.3195728954e-08, 5.69610758561e-09, 5.64856961205e-09, 2.16742157555e-09, 2.39961406301e-09, 7.79923681193e-09, 4.544467469e-09, 1.0276986373e-08, 1.06610169581e-08, 4.82816275849e-09, 6.05531735864e-10, 3.65455513074e-11, 6.5231422694e-12, 2.91307754828e-12, 2.28930262808e-15, 4.02325429823e-17]
    mfcc:
        mean: [-816.615905762, 182.684280396, 3.76910448074, 46.4733009338, -26.4515266418, -18.5423927307, -9.60929203033, -14.2298460007, -5.9559545517, -13.0325841904, -6.0305685997, -4.30444574356, 0.0333261229098]
        cov: [[4662.30615234, -1552.69372559, -1029.37255859, -329.157226562, -422.106231689, 45.152431488, -84.3883056641, -3.81696653366, -113.231567383, 143.485153198, -84.7640686035, -4.36315965652, -113.970024109], [-1552.69372559, 1342.48291016, 156.36869812, 20.3181724548, 44.136631012, -63.1084823608, 42.1787185669, 23.6427078247, 60.1591377258, -69.9959182739, -14.4870615005, -2.30097007751, 61.8611869812], [-1029.37255859, 156.36869812, 731.613708496, 77.6310806274, 123.749679565, 13.0262537003, 60.3387107849, 51.9478912354, 11.2567901611, -10.1625862122, 41.669090271, -0.661247611046, 23.3531932831], [-329.157226562, 20.3181724548, 77.6310806274, 219.732284546, 102.49609375, 22.0321674347, 4.87505340576, -15.2050552368, -1.41673672199, -0.28212454915, 30.5778446198, 39.9548149109, -8.70175361633], [-422.106231689, 44.136631012, 123.749679565, 102.49609375, 201.601364136, 15.9387989044, 24.5433177948, -20.9339618683, 20.667181015, -30.1811618805, 27.756231308, 14.8591747284, -7.85136461258], [45.152431488, -63.1084823608, 13.0262537003, 22.0321674347, 15.9387989044, 85.3236160278, 30.4708538055, 29.7487812042, -4.92146492004, 11.1150064468, -11.6307315826, -6.4989862442, -5.05000782013], [-84.3883056641, 42.1787185669, 60.3387107849, 4.87505340576, 24.5433177948, 30.4708538055, 124.877075195, 50.9474105835, 24.1372108459, -15.9945278168, -25.9838199615, -22.6532115936, 15.0435876846], [-3.81696653366, 23.6427078247, 51.9478912354, -15.2050552368, -20.9339618683, 29.7487812042, 50.9474105835, 112.910903931, 27.9371337891, 2.36181592941, -41.4780769348, -32.2204475403, 1.91809058189], [-113.231567383, 60.1591377258, 11.2567901611, -1.41673672199, 20.667181015, -4.92146492004, 24.1372108459, 27.9371337891, 74.2725830078, 18.6492462158, -1.61421322823, -22.3088684082, -3.57172465324], [143.485153198, -69.9959182739, -10.1625862122, -0.28212454915, -30.1811618805, 11.1150064468, -15.9945278168, 2.36181592941, 18.6492462158, 115.603775024, 56.7379760742, 9.89270210266, -39.2007789612], [-84.7640686035, -14.4870615005, 41.669090271, 30.5778446198, 27.756231308, -11.6307315826, -25.9838199615, -41.4780769348, -1.61421322823, 56.7379760742, 114.499076843, 44.87525177, -21.1373806], [-4.36315965652, -2.30097007751, -0.661247611046, 39.9548149109, 14.8591747284, -6.4989862442, -22.6532115936, -32.2204475403, -22.3088684082, 9.89270210266, 44.87525177, 80.5860214233, 20.0480880737], [-113.970024109, 61.8611869812, 23.3531932831, -8.70175361633, -7.85136461258, -5.05000782013, 15.0435876846, 1.91809058189, -3.57172465324, -39.2007789612, -21.1373806, 20.0480880737, 78.9094924927]]
        icov: [[0.000742275733501, 0.00070260866778, 0.000709498708602, 0.000621100072749, 0.000586388632655, 0.000102559941297, -0.000396997260395, -0.000256788771367, 0.000399513053708, -0.000351173512172, 0.00057568954071, -0.000910912291147, 0.00075588573236], [0.00070260866778, 0.00153763534036, 0.000531792116817, 0.000465610995889, 0.000639294332359, 0.00069853028981, -0.000495406333357, -0.000358742778189, -0.000386952742701, 0.000214197687455, 0.000381777848816, -0.000919260084629, 0.000339509133482], [0.000709498708602, 0.000531792116817, 0.00254165334627, 0.000320039631333, -0.000707233848516, 0.000607103982475, -0.000669622211717, -0.00180146109778, 0.00163520593196, -0.000693200912792, -0.000859283609316, 0.00034133187728, -0.000556385202799], [0.000621100072749, 0.000465610995889, 0.000320039631333, 0.00732542993501, -0.00248261913657, -0.0012593397405, -0.000258125073742, -0.000184590069694, 0.000361997634172, -0.000535035622306, 0.00119080510922, -0.00440729688853, 0.00216053565964], [0.000586388632655, 0.000639294332359, -0.000707233848516, -0.00248261913657, 0.0103924004361, -0.0027467389591, -0.00151959899813, 0.00300508178771, -0.00516288448125, 0.00557225337252, -0.00189858430531, -0.00211976049468, 0.00392067199573], [0.000102559941297, 0.00069853028981, 0.000607103982475, -0.0012593397405, -0.0027467389591, 0.0167766138911, -0.00312953768298, -0.00422342075035, 0.00545663386583, -0.00473623722792, 0.00224756100215, 0.00103120529093, -0.000984208774753], [-0.000396997260395, -0.000495406333357, -0.000669622211717, -0.000258125073742, -0.00151959899813, -0.00312953768298, 0.011948229745, -0.00347927561961, -0.0022279585246, 0.00129375769757, -0.000660265912302, 0.00237024785019, -0.00279725599103], [-0.000256788771367, -0.000358742778189, -0.00180146109778, -0.000184590069694, 0.00300508178771, -0.00422342075035, -0.00347927561961, 0.0161392744631, -0.00548622943461, -0.00071381154703, 0.00483180489391, 0.000169877966982, 0.00137104198802], [0.000399513053708, -0.000386952742701, 0.00163520593196, 0.000361997634172, -0.00516288448125, 0.00545663386583, -0.0022279585246, -0.00548622943461, 0.0226067453623, -0.00814261846244, -0.000146965627209, 0.00673736538738, -0.00394296227023], [-0.000351173512172, 0.000214197687455, -0.000693200912792, -0.000535035622306, 0.00557225337252, -0.00473623722792, 0.00129375769757, -0.00071381154703, -0.00814261846244, 0.0197213646024, -0.00932033639401, -0.00231413729489, 0.00701301265508], [0.00057568954071, 0.000381777848816, -0.000859283609316, 0.00119080510922, -0.00189858430531, 0.00224756100215, -0.000660265912302, 0.00483180489391, -0.000146965627209, -0.00932033639401, 0.0207352973521, -0.0097870528698, 0.00428521446884], [-0.000910912291147, -0.000919260084629, 0.00034133187728, -0.00440729688853, -0.00211976049468, 0.00103120529093, 0.00237024785019, 0.000169877966982, 0.00673736538738, -0.00231413729489, -0.0097870528698, 0.026296986267, -0.0119303744286], [0.00075588573236, 0.000339509133482, -0.000556385202799, 0.00216053565964, 0.00392067199573, -0.000984208774753, -0.00279725599103, 0.00137104198802, -0.00394296227023, 0.00701301265508, 0.00428521446884, -0.0119303744286, 0.0222127251327]]
    spectral_contrast:
        mean: [1.45650190575e-07, -1.35479282903e-07, 1.94581435409e-08, -1.95447782403e-07, 1.687643163e-07, 2.17106446598e-07, -1.69942541106e-06, 1.30617343075e-06, 4.05879927712e-06, -6.16353588612e-07, -3.97271878683e-06, 6.21510116616e-06]
        var: [0.000274963385891, 0.000725114427041, 0.00279648671858, 0.00368822203018, 0.00429430091754, 0.00782522186637, 0.033482350409, 0.0789826586843, 0.143187999725, 0.280259817839, 0.455259889364, 2.62013864517]

rhythm:
    beats_loudness:
        dmean: 0.00309874908999
        dmean2: 0.00463280500844
        dvar: 3.4849945223e-06
        dvar2: 1.1487079064e-05
        max: 0.0117830494419
        mean: 0.00520360888913
        min: 0.00120113685261
        var: 6.80747643855e-06
    beats_loudness_bass:
        dmean: 0.119051404297
        dmean2: 0.192724019289
        dvar: 0.0104237357154
        dvar2: 0.0151152666658
        max: 0.546247303486
        mean: 0.146710515022
        min: 0.00711289513856
        var: 0.0153176151216
    bpm: 105.584648132
    bpm_confidence: 0
    first_peak_bpm: 105
    first_peak_spread: 0
    first_peak_weight: 0.9375
    onset_rate: 5.38330078125
    second_peak_bpm: 93
    second_peak_spread: 0
    second_peak_weight: 0.0625
    beats_position: [0.247690528631, 0.817655861378, 1.38762116432, 1.95758640766, 2.527551651, 3.09751701355, 3.66748213768, 4.23744726181, 4.80741262436, 5.37737798691, 6.01961088181, 6.58585643768, 7.15210294724, 7.71834897995, 8.2845954895, 8.85084056854, 9.41708755493]
    bpm_estimates: [105.535850525, 105.428894043, 105.139167786, 104.478645325, 105.539421082, 105.503631592, 106.046699524, 105.874038696, 105.803718567, 105.981216431, 106.099830627]
    bpm_intervals: [0.569965362549, 0.569965302944, 0.56996524334, 0.56996524334, 0.569965362549, 0.56996512413, 0.56996512413, 0.569965362549, 0.569965362549, 0.642232894897, 0.566245555878, 0.566246509552, 0.566246032715, 0.566246509552, 0.566245079041, 0.566246986389]
    onset_times: [0.0464399084449, 0.220589563251, 0.325079351664, 0.394739240408, 0.510838985443, 0.650158703327, 0.859138309956, 0.893968224525, 1.19582772255, 1.50929701328, 1.55573701859, 1.67183673382, 1.86920630932, 1.96208620071, 2.29877543449, 2.35682535172, 2.69351482391, 2.92571425438, 2.99537420273, 3.15791392326, 3.3785033226, 3.50621318817, 3.79646253586, 4.08671188354, 4.2492518425, 4.55111122131, 4.63238096237, 4.81814050674, 4.91102027893, 5.00390005112, 5.3754196167, 5.47990942001, 5.73532867432, 6.01396846771, 6.24616765976, 6.53641700745, 6.82666683197, 6.94276666641, 7.40716552734, 7.45360565186, 7.50004529953, 7.74385499954, 7.77868461609, 8.08054447174, 8.37079334259, 8.54494285583, 8.6958732605, 8.82358264923, 8.96290206909, 9.2067117691, 9.39247131348, 9.4853515625, 9.67111110687, 9.79882049561]
    rubato_start: []
    rubato_stop: []
    perceptual_tempo: "unknown"

sfx:
    inharmonicity:
        dmean: 0.0185488648713
        dmean2: 0.0338825546205
        dvar: 0.000977003364824
        dvar2: 0.00249206181616
        max: 0.268189251423
        mean: 0.0147392563522
        min: 1.29837621898e-06
        var: 0.000777990964707
    oddtoevenharmonicenergyratio:
        dmean: 4.54397296906
        dmean2: 8.94062328339
        dvar: 1630.05895996
        dvar2: 4885.06787109
        max: 588.359191895
        mean: 2.5070438385
        min: 1.48268309204e-05
        var: 820.199401855
    pitch_after_max_to_before_max_energy_ratio: 0.477003365755
    pitch_centroid: 210.950378418
    pitch_max_to_total: 0.802325606346
    pitch_min_to_total: 0.848837196827
    tristimulus:
        dmean: [0.241555392742, 0.233416289091, 0.0376939885318]
        dmean2: [0.430853366852, 0.420659065247, 0.066685885191]
        dvar: [0.0528373494744, 0.0513949282467, 0.00258009438403]
        dvar2: [0.136908099055, 0.131927728653, 0.00717478431761]
        max: [0.99616420269, 0.949197053909, 0.346605360508]
        mean: [0.650250017643, 0.308278381824, 0.038855779916]
        min: [0.00862484332174, 0, 0]
        var: [0.0729286074638, 0.0683063343167, 0.00285233533941]

tonal:
    chords_changes_rate: 0.0694444477558
    chords_number_rate: 0.0277777779847
    chords_strength:
        dmean: 0.0103487865999
        dmean2: 0.00901926774532
        dvar: 5.95879319008e-05
        dvar2: 5.93348195252e-05
        max: 0.624592721462
        mean: 0.447306066751
        min: 0.305427879095
        var: 0.00622626580298
    key_strength: 0.697803378105
    tuning_diatonic_strength: 0.51656806469
    tuning_equal_tempered_deviation: 0.0848688557744
    tuning_frequency: 442.03793335
    tuning_nontempered_energy_ratio: 0.69290137291
    hpcp:
        dmean: [0.117334395647, 0.0981982499361, 0.142779454589, 0.209379538894, 0.19090692699, 0.160798028111, 0.160150960088, 0.135144650936, 0.0778285861015, 0.0846584513783, 0.102760054171, 0.149900212884, 0.193064376712, 0.159435674548, 0.104389697313, 0.0791058242321, 0.088286884129, 0.143151968718, 0.179223790765, 0.104970477521, 0.0324841104448, 0.0268352515996, 0.0358295589685, 0.0773708894849, 0.106765858829, 0.139533281326, 0.168367177248, 0.156315371394, 0.0956440940499, 0.0515560545027, 0.0405638553202, 0.0337149314582, 0.0766847133636, 0.136455461383, 0.103331953287, 0.0906550735235]
        dmean2: [0.200912535191, 0.171078786254, 0.247770339251, 0.351165771484, 0.308460384607, 0.291761636734, 0.261447876692, 0.22574351728, 0.140722081065, 0.157896921039, 0.193099230528, 0.248186185956, 0.321821272373, 0.275089949369, 0.182757183909, 0.141256347299, 0.154845669866, 0.235012605786, 0.29343855381, 0.172850832343, 0.0595489256084, 0.047727830708, 0.0668099671602, 0.134992614388, 0.170839324594, 0.226452261209, 0.280412256718, 0.248555839062, 0.152189135551, 0.0895476192236, 0.0658248960972, 0.0596568472683, 0.126143440604, 0.235088437796, 0.179516121745, 0.166220992804]
        dvar: [0.052145075053, 0.0362495407462, 0.0237693060189, 0.0651682466269, 0.0450296811759, 0.0408433265984, 0.0583228133619, 0.0439362339675, 0.0201963298023, 0.0330534018576, 0.045289054513, 0.0302282106131, 0.0461803488433, 0.0377583838999, 0.0275916270912, 0.0159770492464, 0.0203719884157, 0.0314883291721, 0.0482764281332, 0.0175977069885, 0.0033421444241, 0.00276962737553, 0.00722775189206, 0.0132354116067, 0.0262248236686, 0.0318698100746, 0.0463364832103, 0.0408732220531, 0.0169227160513, 0.0116565302014, 0.00817865040153, 0.00213433639146, 0.00938845332712, 0.0477720312774, 0.0312110055238, 0.0303887929767]
        dvar2: [0.116914764047, 0.0728973820806, 0.0638883560896, 0.15135627985, 0.11092736572, 0.10898219049, 0.121181517839, 0.0898562893271, 0.0550658069551, 0.094430334866, 0.130478322506, 0.0789086818695, 0.0908751189709, 0.0760954990983, 0.0716055780649, 0.0434249304235, 0.0582554861903, 0.0673653706908, 0.090152233839, 0.0414693541825, 0.00869580730796, 0.00757684512064, 0.020677389577, 0.0312230568379, 0.0503381490707, 0.0873481333256, 0.10537828505, 0.0871131569147, 0.0360303111374, 0.0328343659639, 0.0198226235807, 0.00560525106266, 0.0236080214381, 0.115723930299, 0.0766434147954, 0.089221291244]
        max: [1, 1, 0.934087336063, 1, 1, 1, 1, 1, 0.79483294487, 0.962600052357, 1, 0.988811194897, 1, 1, 1, 0.815957188606, 1, 1, 1, 0.988535284996, 0.33316513896, 0.315593481064, 0.675593078136, 0.707448720932, 1, 1, 1, 1, 1, 1, 0.854676187038, 0.246454715729, 0.813015580177, 1, 1, 1]
        mean: [0.128070220351, 0.113006360829, 0.190492659807, 0.387138545513, 0.301858872175, 0.202389106154, 0.273662120104, 0.17802208662, 0.0642828419805, 0.0595438331366, 0.0726661682129, 0.190625220537, 0.294752150774, 0.198733240366, 0.0952483490109, 0.0729743987322, 0.0910547673702, 0.241274431348, 0.301441639662, 0.133356630802, 0.0256789401174, 0.0235215704888, 0.0275518540293, 0.078531421721, 0.149805322289, 0.183291599154, 0.288488417864, 0.272764086723, 0.111877962947, 0.067817941308, 0.0500352904201, 0.0289337504655, 0.10746512562, 0.180278003216, 0.112835347652, 0.0750657171011]
        min: [7.49322280171e-05, 0.00015808425087, 5.54324142286e-05, 0.000135418435093, 0.000184603966773, 0.000142546719871, 0.000130775413709, 0.000123531208374, 0.000166743833688, 4.25003308919e-05, 8.5439911345e-05, 0.000371682777768, 0.000630668655504, 0.000145048485138, 0.000101517878647, 5.18904926139e-05, 0.000116496608825, 0.00014288337843, 0.000204776384635, 0.000163831748068, 9.43504419411e-05, 8.13523583929e-05, 3.98466399929e-05, 0.000194415420992, 9.8897049611e-05, 0.000105184444692, 0.000132323606522, 7.44184580981e-05, 0.000106639527075, 0.000159584946232, 6.61654121359e-05, 0.000120456839795, 0.000149091691128, 8.32178702694e-05, 3.6215158616e-05, 7.3226983659e-05]
        var: [0.0725795924664, 0.0566731020808, 0.0374016091228, 0.151341050863, 0.0991723388433, 0.0648219585419, 0.129765972495, 0.0693756192923, 0.0141362138093, 0.0198794081807, 0.0266367774457, 0.0462872423232, 0.094501323998, 0.0620401054621, 0.0260039046407, 0.0133840125054, 0.0234726238996, 0.0717334374785, 0.0977464094758, 0.0252047814429, 0.00250184419565, 0.00220274669118, 0.00451208278537, 0.0150879975408, 0.0441497005522, 0.038672182709, 0.124490246177, 0.110747948289, 0.0281622335315, 0.0199550017715, 0.0132974106818, 0.00208482402377, 0.0182453542948, 0.0614752694964, 0.0329703465104, 0.0226402301341]
    chords_histogram: [0, 0, 0, 0, 0, 0, 0, 0, 0, 15.2777776718, 0, 0, 0, 21.7592601776, 7.40740728378, 19.9074077606, 31.9444446564, 3.70370364189, 0, 0, 0, 0, 0, 0]
    thpcp: [1, 0.779717922211, 0.522782087326, 0.706884205341, 0.459840774536, 0.166046097875, 0.153804972768, 0.187700673938, 0.492395341396, 0.761360883713, 0.513338804245, 0.246031686664, 0.188496857882, 0.235199436545, 0.623225033283, 0.778640210629, 0.344467461109, 0.0663301050663, 0.0607574991882, 0.0711679458618, 0.202850952744, 0.386955320835, 0.473452210426, 0.745181322098, 0.704564511776, 0.288986891508, 0.175177440047, 0.12924388051, 0.0747374594212, 0.277588278055, 0.465667933226, 0.291459858418, 0.193898841739, 0.330812364817, 0.29190158844, 0.492052942514]
    chords_key: "F#"
    chords_scale: "major"
    key_key: "A#"
    key_scale: "major"
    chords_progression: ["G#m", "G#m", "G#m", "G#m", "G#m", "G#m", "G#m", "G#m", "G#m", "G#m", "D#m", "D#m", "D#m", "D#m", "G#m", "G#m", "G#m", "G#m", "G#m", "G#m", "G#m", "G#m", "G#m", "D#m", "D#m", "D#m", "D#m", "D#m", "D#m", "D#m", "G#m", "G#m", "G#m", "G#m", "G#m", "F#", "F#", "F#", "F#", "F#", "F#", "F#m", "F#m", "F#m", "F#m", "F#m", "F#m", "F#m", "F#m", "F#m", "F#m", "F#m", "F#m", "F#m", "F#m", "F#m", "F#m", "F#m", "F#m", "F#m", "F#m", "F#m", "F#m", "F#m", "F#m", "F#m", "F#m", "F#m", "F#m", "F#m", "F#m", "F#m", "F#m", "F#m", "F#", "F#", "F#", "F#", "F#", "B", "B", "B", "B", "B", "B", "B", "B", "B", "B", "B", "B", "B", "B", "D#m", "D#m", "D#m", "D#m", "D#m", "D#m", "D#m", "D#m", "D#m", "D#m", "D#m", "D#m", "D#m", "D#m", "D#m", "D#m", "D#m", "D#m", "D#m", "D#m", "D#m", "D#m", "D#m", "D#m", "F#", "F#", "F#", "F#", "F#", "F#", "F#", "F#", "F#", "A#m", "A#m", "A#m", "A#m", "A#m", "A#m", "A#m", "A#m", "F#", "F#", "F#", "F#", "F#", "F#", "F#", "F#", "F#", "F#", "F#", "F#", "F#", "F#", "F#", "F#", "F#", "F#", "F#", "F#", "F#", "F#", "F#", "F#", "F#", "F#", "F#", "F#", "F#", "F#", "F#", "F#", "F#", "F#", "F#", "F#", "F#", "F#", "F#", "F#", "F#", "F#", "F#", "F#", "F#", "F#", "F#", "F#", "F#", "B", "B", "D#m", "D#m", "D#m", "D#m", "D#m", "D#m", "D#m", "D#m", "G#m", "G#m", "G#m", "G#m", "G#m", "G#m", "G#m", "G#m", "G#m", "G#m", "G#m", "G#m", "G#m", "G#m", "G#m", "G#m", "G#m", "G#m", "G#m", "G#m", "G#m", "G#m", "G#m"]
