
metadata:
    version:
        essentia: "1.2.2"
    audio_properties:
        analysis_sample_rate: 44100
        bitrate: 128
        channels: 2
        equal_loudness: 1
        length: 10.0310201645
        replay_gain: -11.191740036
        downmix: "mix"
    tags:
        track: 19
        year: 0
        album: "Splitted by Mp3Splt v. 2.1"
        artist: "From 003.00 To 003.10"
        comment: "http://mp3splt.sf.net"
        genre: ""
        title: "11 The Past and Pending.mp3"

highlevel:
    ballroom:
        all:
            ChaChaCha: 0.00172435701825
            Jive: 0.000755985616706
            Quickstep: 0.00273364665918
            Rumba-American: 0.00312043423764
            Rumba-International: 0.0581723079085
            Rumba-Misc: 0.131860569119
            Samba: 0.00107754126657
            Tango: 0.0170446224511
            VienneseWaltz: 0.0676415339112
            Waltz: 0.715869009495
        probability: 0.715869009495
        value: "Waltz"
    culture:
        all:
            non_western: 0.0270153544843
            western: 0.972984671593
        probability: 0.972984671593
        value: "western"
    gender:
        all:
            female: 0.38086771965
            male: 0.61913228035
        probability: 0.61913228035
        value: "male"
    genre_dortmund:
        all:
            alternative: 0.114257335663
            blues: 0.00806617178023
            electronic: 0.0277043748647
            folkcountry: 0.496676951647
            funksoulrnb: 0.0150164291263
            jazz: 0.110761918128
            pop: 0.165361657739
            raphiphop: 0.00156429887284
            rock: 0.0605908557773
        probability: 0.496676951647
        value: "folkcountry"
    genre_electronica:
        all:
            ambient: 0.87042081356
            dnb: 0.00585259729996
            house: 0.110504239798
            techno: 0.00407487619668
            trance: 0.00914748478681
        probability: 0.87042081356
        value: "ambient"
    genre_rosamerica:
        all:
            cla: 0.478461802006
            dan: 0.0117624634877
            hip: 0.0115609103814
            jaz: 0.0703031718731
            pop: 0.132411047816
            rhy: 0.170863032341
            roc: 0.114864289761
            spe: 0.00977327954024
        probability: 0.478461802006
        value: "cla"
    genre_tzanetakis:
        all:
            blu: 0.0778051763773
            cla: 0.109079644084
            cou: 0.433975279331
            dis: 0.0301561653614
            hip: 0.00729222875088
            jaz: 0.0312406998128
            met: 0.0117394113913
            pop: 0.0687766447663
            reg: 0.0249824598432
            roc: 0.204952299595
        probability: 0.433975279331
        value: "cou"
    live_studio:
        all:
            live: 0.0532750152051
            studio: 0.946725010872
        probability: 0.946725010872
        value: "studio"
    mood:
        all:
            Cluster1: 0.0216971728951
            Cluster2: 0.0472837425768
            Cluster3: 0.911723136902
            Cluster4: 0.0138491177931
            Cluster5: 0.0054468321614
        probability: 0.911723136902
        value: "Cluster3"
    mood_acoustic:
        all:
            acoustic: 0.92414522171
            not_acoustic: 0.0758548080921
        probability: 0.92414522171
        value: "acoustic"
    mood_aggressive:
        all:
            aggressive: 3.08521771331e-06
            not_aggressive: 0.999996900558
        probability: 0.999996900558
        value: "not_aggressive"
    mood_electronic:
        all:
            electronic: 0.079926379025
            not_electronic: 0.920073628426
        probability: 0.920073628426
        value: "not_electronic"
    mood_happy:
        all:
            happy: 0.0564927607775
            not_happy: 0.943507254124
        probability: 0.943507254124
        value: "not_happy"
    mood_party:
        all:
            not_party: 0.989602327347
            party: 0.010397692211
        probability: 0.989602327347
        value: "not_party"
    mood_relaxed:
        all:
            not_relaxed: 0.0266381874681
            relaxed: 0.97336179018
        probability: 0.97336179018
        value: "relaxed"
    mood_sad:
        all:
            not_sad: 0.0618675164878
            sad: 0.938132464886
        probability: 0.938132464886
        value: "sad"
    rhythm:
        all:
            fast: 0.0248143784702
            medium: 0.0316922962666
            slow: 0.943493306637
        probability: 0.943493306637
        value: "slow"
    speech_music:
        all:
            music: 0.953655600548
            speech: 0.0463443733752
        probability: 0.953655600548
        value: "music"
    timbre:
        all:
            bright: 0.844953477383
            dark: 0.155046492815
        probability: 0.844953477383
        value: "bright"
    voice_instrumental:
        all:
            instrumental: 0.480894058943
            voice: 0.519105911255
        probability: 0.519105911255
        value: "voice"

lowlevel:
    average_loudness: 0.61401027441
    barkbands_kurtosis:
        dmean: 5.4413690567
        dmean2: 8.85826587677
        dvar: 57.7825927734
        dvar2: 153.880081177
        max: 78.555267334
        mean: 11.4141521454
        min: -1.59568357468
        var: 135.075866699
    barkbands_skewness:
        dmean: 0.643100559711
        dmean2: 0.994535148144
        dvar: 0.457680910826
        dvar2: 1.20665252209
        max: 8.29674816132
        mean: 2.54625296593
        min: 0.157110214233
        var: 1.76801872253
    barkbands_spread:
        dmean: 2.483700037
        dmean2: 3.93382072449
        dvar: 18.5594272614
        dvar2: 38.4475708008
        max: 55.6777496338
        mean: 7.52900505066
        min: 0.538460791111
        var: 47.4233055115
    dissonance:
        dmean: 0.0343620032072
        dmean2: 0.055808480829
        dvar: 0.000774166372139
        dvar2: 0.00198397226632
        max: 0.497908651829
        mean: 0.383249312639
        min: 0.199080333114
        var: 0.00269326148555
    hfc:
        dmean: 0.370605349541
        dmean2: 0.509855866432
        dvar: 0.494764268398
        dvar2: 0.813606917858
        max: 16.4082622528
        mean: 1.48874545097
        min: 0.0647860616446
        var: 5.36091661453
    pitch:
        dmean: 94.1479721069
        dmean2: 180.016860962
        dvar: 224410.40625
        dvar2: 571904.6875
        max: 4900
        mean: 259.023925781
        min: 55.2631568909
        var: 325913.5625
    pitch_instantaneous_confidence:
        dmean: 0.0790782123804
        dmean2: 0.125732377172
        dvar: 0.00507721165195
        dvar2: 0.0131707610562
        max: 0.855448544025
        mean: 0.502001225948
        min: 0.228559672832
        var: 0.0145154073834
    pitch_salience:
        dmean: 0.0657967031002
        dmean2: 0.104254893959
        dvar: 0.00351755856536
        dvar2: 0.00849903281778
        max: 0.822698175907
        mean: 0.549819469452
        min: 0.210948899388
        var: 0.0136133395135
    silence_rate_20dB:
        dmean: 0
        dmean2: 0
        dvar: 0
        dvar2: 0
        max: 1
        mean: 1
        min: 1
        var: 0
    silence_rate_30dB:
        dmean: 0
        dmean2: 0
        dvar: 0
        dvar2: 0
        max: 1
        mean: 1
        min: 1
        var: 0
    silence_rate_60dB:
        dmean: 0.0556844547391
        dmean2: 0.109302327037
        dvar: 0.0525838136673
        dvar2: 0.115960150957
        max: 1
        mean: 0.719907402992
        min: 0
        var: 0.201640158892
    spectral_centroid:
        dmean: 74.8587417603
        dmean2: 117.833747864
        dvar: 14340.1044922
        dvar2: 30337.140625
        max: 1905.51477051
        mean: 437.471801758
        min: 186.476821899
        var: 44564.4101562
    spectral_complexity:
        dmean: 0.967365980148
        dmean2: 1.61915886402
        dvar: 1.12247872353
        dvar2: 2.56757736206
        max: 21
        mean: 5.71627902985
        min: 0
        var: 15.3474063873
    spectral_crest:
        dmean: 2.73452830315
        dmean2: 4.56317043304
        dvar: 5.82310295105
        dvar2: 15.1871089935
        max: 24.8507213593
        mean: 12.1563882828
        min: 4.35359287262
        var: 19.5181732178
    spectral_decrease:
        dmean: 1.96857141699e-10
        dmean2: 2.89040152923e-10
        dvar: 8.9775036329e-20
        dvar2: 1.84010669961e-19
        max: -2.97567387397e-11
        mean: -7.16996906291e-10
        min: -5.03493335913e-09
        var: 6.90067516108e-19
    spectral_energy:
        dmean: 0.000772005820181
        dmean2: 0.00112813746091
        dvar: 1.37949916734e-06
        dvar2: 2.79168966699e-06
        max: 0.0204912628978
        mean: 0.00284114456736
        min: 0.000127963256091
        var: 1.11170729724e-05
    spectral_energyband_high:
        dmean: 1.10338114609e-05
        dmean2: 1.66002664628e-05
        dvar: 1.91459781362e-09
        dvar2: 3.54915452583e-09
        max: 0.000648737768643
        mean: 1.74242450157e-05
        min: 2.58810040066e-09
        var: 3.43938588721e-09
    spectral_energyband_low:
        dmean: 4.71623716294e-05
        dmean2: 7.79756373959e-05
        dvar: 2.83600254392e-08
        dvar2: 7.83901015211e-08
        max: 0.0022660442628
        mean: 9.31045069592e-05
        min: 1.49725138954e-07
        var: 3.22643280981e-08
    spectral_energyband_middle_high:
        dmean: 0.000123104313388
        dmean2: 0.000165201709024
        dvar: 8.68235758844e-08
        dvar2: 1.37066933803e-07
        max: 0.00787945650518
        mean: 0.000410539854784
        min: 2.27789610108e-06
        var: 8.57930047005e-07
    spectral_energyband_middle_low:
        dmean: 0.000716450973414
        dmean2: 0.0010610583704
        dvar: 1.16192859423e-06
        dvar2: 2.49031040767e-06
        max: 0.0137835508212
        mean: 0.00232007633895
        min: 9.80637487373e-05
        var: 6.34131129118e-06
    spectral_flatness_db:
        dmean: 0.0311507359147
        dmean2: 0.046590834856
        dvar: 0.000802791852038
        dvar2: 0.0016411509132
        max: 0.47091037035
        mean: 0.295366495848
        min: 0.129693210125
        var: 0.00365207972936
    spectral_flux:
        dmean: 0.00668780179694
        dmean2: 0.0106892772019
        dvar: 5.81675813009e-05
        dvar2: 0.000145975267515
        max: 0.0775135457516
        mean: 0.0186120700091
        min: 0.00214506709017
        var: 0.000166153302416
    spectral_kurtosis:
        dmean: 14.1866922379
        dmean2: 23.2128582001
        dvar: 270.546386719
        dvar2: 626.411071777
        max: 173.685745239
        mean: 30.4641513824
        min: -0.56432390213
        var: 863.712524414
    spectral_rms:
        dmean: 0.000223260343773
        dmean2: 0.000331329647452
        dvar: 6.23436520186e-08
        dvar2: 1.21826374766e-07
        max: 0.00447118282318
        mean: 0.00146834936459
        min: 0.000353330164216
        var: 6.15797773662e-07
    spectral_rolloff:
        dmean: 155.400238037
        dmean2: 271.277984619
        dvar: 143421.3125
        dvar2: 315778.90625
        max: 4543.50585938
        mean: 630.772644043
        min: 193.798828125
        var: 260246.078125
    spectral_skewness:
        dmean: 0.907205581665
        dmean2: 1.46943461895
        dvar: 0.77839076519
        dvar2: 1.72145009041
        max: 10.6330394745
        mean: 3.73434042931
        min: 0.596088588238
        var: 3.15013313293
    spectral_spread:
        dmean: 695010.5625
        dmean2: 904073.8125
        dvar: 1.10367250842e+12
        dvar2: 1.46531536077e+12
        max: 15372291
        mean: 2479318.25
        min: 530246.1875
        var: 3.29062128026e+12
    spectral_strongpeak:
        dmean: 0.133414521813
        dmean2: 0.218591764569
        dvar: 0.0383409745991
        dvar2: 0.0848703384399
        max: 2.63199162483
        mean: 0.322570174932
        min: 0.0223591290414
        var: 0.124748550355
    zerocrossingrate:
        dmean: 0.00511841662228
        dmean2: 0.00632826192304
        dvar: 4.51056766906e-05
        dvar2: 5.4156898841e-05
        max: 0.1259765625
        mean: 0.0275674518198
        min: 0.0068359375
        var: 0.000242394555244
    barkbands:
        dmean: [7.06112146531e-08, 6.48240165901e-06, 4.32700835518e-05, 0.000103801699879, 0.000543768750504, 0.00012279128714, 9.41889011301e-05, 9.82367128017e-05, 6.72833339195e-05, 8.6298910901e-05, 2.19967423618e-05, 1.36264297907e-05, 1.21410485008e-05, 1.85082626558e-05, 4.31372518506e-06, 2.77248000202e-06, 9.10696508072e-06, 9.70175005932e-06, 1.16057208288e-05, 1.34721958602e-05, 4.79311984236e-06, 1.1342514199e-06, 2.24712607633e-06, 3.04013155983e-07, 1.70210697092e-07, 1.05618447321e-08, 9.2112062422e-10]
        dmean2: [1.03853331268e-07, 9.90401167655e-06, 7.2011796874e-05, 0.000173825028469, 0.000859930529259, 0.000169437626028, 0.000134167639771, 0.000137832175824, 9.52500340645e-05, 0.000114173461043, 3.39127291227e-05, 2.07579396374e-05, 1.97669851332e-05, 3.00856063404e-05, 7.00079363014e-06, 4.45846853836e-06, 1.38973355206e-05, 1.48626277223e-05, 1.77736637852e-05, 2.00089871214e-05, 7.11587745172e-06, 1.52498762418e-06, 3.66525068785e-06, 4.45318107722e-07, 2.72736627949e-07, 1.6659058133e-08, 1.03179287336e-09]
        dvar: [2.77159317632e-13, 1.57648938348e-09, 1.82335835319e-08, 1.47460195166e-08, 8.66197410687e-07, 8.27174844176e-08, 2.99726181652e-08, 8.25713328823e-08, 2.77394018866e-08, 5.3358565566e-08, 4.95341589968e-09, 1.20809584558e-09, 4.2472736439e-09, 4.5062287235e-09, 3.25802634871e-10, 3.91086399376e-11, 2.96275476375e-10, 6.31961094566e-10, 1.17261855781e-09, 2.29517715944e-09, 2.73816497254e-10, 2.36350487792e-11, 5.80367864877e-10, 5.91426820712e-12, 1.44075365787e-12, 7.43240494513e-15, 2.64427513097e-16]
        dvar2: [6.35242075955e-13, 3.69236952125e-09, 5.30038981594e-08, 4.14790655157e-08, 1.92070092453e-06, 1.61816586797e-07, 6.49577245326e-08, 1.65986079992e-07, 4.38104947875e-08, 8.47289669537e-08, 1.22314727236e-08, 2.68028466088e-09, 1.10821769539e-08, 1.26820527413e-08, 8.1482581793e-10, 1.05169477294e-10, 5.94382487673e-10, 1.67964064879e-09, 2.79673706416e-09, 3.84545018051e-09, 4.99724761571e-10, 3.86206552849e-11, 1.24617105524e-09, 1.01247881606e-11, 3.67737350987e-12, 1.35009259089e-14, 2.63958600952e-16]
        max: [7.6199362411e-06, 0.000610188697465, 0.00165448198095, 0.00173403182998, 0.0100951166824, 0.0057763196528, 0.00257607852109, 0.00387741648592, 0.00319048180245, 0.00581542029977, 0.0011930357432, 0.000405110244174, 0.00117962772492, 0.00095965428045, 0.000223614479182, 6.57999553368e-05, 0.000365747255273, 0.000303988024825, 0.000496676657349, 0.00096805562498, 0.000217083841562, 7.38770322641e-05, 0.000419782503741, 4.52601634606e-05, 1.92805800907e-05, 1.45204535329e-06, 3.37954418228e-07]
        mean: [6.10700681136e-08, 9.45896499616e-06, 8.35870378069e-05, 0.000283787579974, 0.00102661468554, 0.000274878635537, 0.000243634276558, 0.00023152018548, 0.000234998675296, 0.000227172175073, 4.65010962216e-05, 2.7381858672e-05, 1.73173593794e-05, 2.51960664173e-05, 9.29828820517e-06, 4.93473135066e-06, 2.08676410693e-05, 1.83924985322e-05, 1.66862919286e-05, 2.67885025096e-05, 7.57434736443e-06, 1.64885068443e-06, 2.25635858442e-06, 4.28719630463e-07, 1.48258479271e-07, 1.23976890976e-08, 8.98031649044e-10]
        min: [1.50575923258e-11, 1.81919190823e-08, 1.14128638984e-07, 4.46843188229e-07, 1.35669743031e-05, 1.3112327224e-06, 1.26181146243e-06, 6.47602576009e-07, 9.31095655687e-07, 6.25410194743e-08, 6.31793213302e-08, 5.61253585829e-08, 2.48224250043e-08, 4.00591062544e-08, 1.36584850097e-08, 1.38177691511e-08, 4.90831624234e-08, 2.01052845483e-08, 1.16417382401e-08, 9.79278613755e-09, 6.0735322327e-10, 3.05884401142e-10, 2.60436273242e-11, 1.19633053464e-11, 4.43900471936e-12, 1.00178369831e-13, 1.59533946112e-14]
        var: [2.71556486065e-13, 1.99406957613e-09, 2.04953405358e-08, 6.50270521874e-08, 1.7469985778e-06, 2.81843483663e-07, 1.60076297107e-07, 2.07517075523e-07, 2.79165817574e-07, 4.00087685648e-07, 1.49728425214e-08, 3.11768566519e-09, 5.95581273188e-09, 6.7732210951e-09, 5.77663750168e-10, 6.69571412204e-11, 1.75559655702e-09, 1.32368982442e-09, 1.87422277698e-09, 8.8781213492e-09, 4.92765717119e-10, 5.02953408088e-11, 6.26475926691e-10, 1.12341620381e-11, 1.17316529755e-12, 1.02308654306e-14, 2.64868605505e-16]
    mfcc:
        mean: [-882.190185547, 217.6015625, -40.4040184021, 53.906085968, -31.0071468353, -21.745098114, -8.59377193451, -12.9489545822, -12.5164899826, -15.0236272812, -13.8296175003, -9.73731708527, -15.6639604568]
        cov: [[8133.61328125, -3005.44750977, -411.390045166, -262.233734131, -782.681091309, 52.2875518799, -98.1155776978, -159.474151611, -40.3678016663, 27.2635498047, 6.46457004547, -210.098251343, -165.682876587], [-3005.44750977, 2880.07250977, -769.124389648, 177.737640381, -98.5295562744, -163.669143677, 96.6147842407, 347.579376221, 79.8698577881, 34.2853775024, 47.9864082336, 13.4994573593, 98.807220459], [-411.390045166, -769.124389648, 973.97845459, -219.979568481, 339.154815674, 53.3845977783, -27.0011844635, -60.2119789124, -79.2768859863, 1.88096380234, -9.55492305756, 91.217048645, 31.3441257477], [-262.233734131, 177.737640381, -219.979568481, 501.040283203, 13.2357435226, 82.7488250732, -20.50390625, -41.7051315308, 101.476638794, -21.1289577484, -22.8311100006, 72.1102371216, 15.9349069595], [-782.681091309, -98.5295562744, 339.154815674, 13.2357435226, 360.742584229, 70.4427719116, -14.269203186, -53.710269928, -47.2926330566, 24.8797683716, -13.0731554031, 59.3169517517, 15.9916648865], [52.2875518799, -163.669143677, 53.3845977783, 82.7488250732, 70.4427719116, 164.010543823, -11.077911377, -15.3285627365, -1.41680181026, 6.65172338486, 18.1212539673, 8.44669914246, 8.09720039368], [-98.1155776978, 96.6147842407, -27.0011844635, -20.50390625, -14.269203186, -11.077911377, 92.4998703003, 25.619102478, 11.4062108994, 10.0684900284, 10.4861497879, 1.98244333267, 11.9299621582], [-159.474151611, 347.579376221, -60.2119789124, -41.7051315308, -53.710269928, -15.3285627365, 25.619102478, 166.149887085, 16.4831562042, 4.40204191208, 18.6688919067, -13.2188930511, 33.2124595642], [-40.3678016663, 79.8698577881, -79.2768859863, 101.476638794, -47.2926330566, -1.41680181026, 11.4062108994, 16.4831562042, 119.644393921, -16.4137210846, -11.8429393768, 20.7747478485, -9.2693271637], [27.2635498047, 34.2853775024, 1.88096380234, -21.1289577484, 24.8797683716, 6.65172338486, 10.0684900284, 4.40204191208, -16.4137210846, 99.9132766724, 21.1328525543, -5.99290704727, 8.5098285675], [6.46457004547, 47.9864082336, -9.55492305756, -22.8311100006, -13.0731554031, 18.1212539673, 10.4861497879, 18.6688919067, -11.8429393768, 21.1328525543, 77.766418457, -0.457027256489, 14.5538768768], [-210.098251343, 13.4994573593, 91.217048645, 72.1102371216, 59.3169517517, 8.44669914246, 1.98244333267, -13.2188930511, 20.7747478485, -5.99290704727, -0.457027256489, 92.6519851685, 10.1931409836], [-165.682876587, 98.807220459, 31.3441257477, 15.9349069595, 15.9916648865, 8.09720039368, 11.9299621582, 33.2124595642, -9.2693271637, 8.5098285675, 14.5538768768, 10.1931409836, 66.0245666504]]
        icov: [[0.000519470486324, 0.000819416425657, 0.000667522719596, 0.00017830474826, 0.000765729288105, 1.70236160102e-06, 0.000288127368549, -0.000796331500169, 0.00031558048795, -0.000575348909479, 5.71701784793e-05, -0.00046155610471, 5.732146019e-05], [0.000819416425657, 0.00210147444159, 0.00189829408191, 0.000199917762075, 0.000345604814356, 0.000890073773917, 0.0003422285954, -0.00273839267902, 0.000495225482155, -0.000908664544113, -0.000205628646654, -0.00129055534489, -0.000484078074805], [0.000667522719596, 0.00189829408191, 0.00403297832236, 0.00186016713269, -0.00151790736709, 0.000212874278077, 0.000948148139287, -0.00193664268591, 5.78499602852e-05, -0.000247343617957, 0.000256184663158, -0.00334573816508, -0.00188481656369], [0.00017830474826, 0.000199917762075, 0.00186016713269, 0.0045847534202, -0.00039420145913, -0.0022610661108, 0.00139088649303, 0.00136503414251, -0.0026651264634, 0.000140588686918, 0.00139724672772, -0.00350510212593, -0.00256569660269], [0.000765729288105, 0.000345604814356, -0.00151790736709, -0.00039420145913, 0.00729576358572, -0.00228229607455, 0.000247683987254, 0.00083617126802, 0.00227051810361, -0.00226611108519, 0.00175954867154, -0.00158950977493, 0.000735875975806], [1.70236160102e-06, 0.000890073773917, 0.000212874278077, -0.0022610661108, -0.00228229607455, 0.00915698893368, 0.000172073676367, -0.00177426706068, 0.000278877530945, 7.81484923209e-05, -0.00324895768426, 0.00173295452259, -0.00011418187205], [0.000288127368549, 0.0003422285954, 0.000948148139287, 0.00139088649303, 0.000247683987254, 0.000172073676367, 0.0124109368771, -0.000965144601651, -0.00178838020656, -0.00125349266455, -0.000692541711032, -0.00143941142596, -0.00212768628262], [-0.000796331500169, -0.00273839267902, -0.00193664268591, 0.00136503414251, 0.00083617126802, -0.00177426706068, -0.000965144601651, 0.0120830899104, -0.00266446615569, 0.0010183993727, -0.000230324949371, 0.0019049536204, -0.0039476910606], [0.00031558048795, 0.000495225482155, 5.78499602852e-05, -0.0026651264634, 0.00227051810361, 0.000278877530945, -0.00178838020656, -0.00266446615569, 0.0127252815291, 0.000266170798568, 0.00127077952493, -0.00238451967016, 0.00358611531556], [-0.000575348909479, -0.000908664544113, -0.000247343617957, 0.000140588686918, -0.00226611108519, 7.81484923209e-05, -0.00125349266455, 0.0010183993727, 0.000266170798568, 0.0119623541832, -0.00290343351662, 0.00136784906499, -0.00082257995382], [5.71701784793e-05, -0.000205628646654, 0.000256184663158, 0.00139724672772, 0.00175954867154, -0.00324895768426, -0.000692541711032, -0.000230324949371, 0.00127077952493, -0.00290343351662, 0.0160523783416, -0.00215266994201, -0.00244786241092], [-0.00046155610471, -0.00129055534489, -0.00334573816508, -0.00350510212593, -0.00158950977493, 0.00173295452259, -0.00143941142596, 0.0019049536204, -0.00238451967016, 0.00136784906499, -0.00215266994201, 0.0177414640784, -9.38573721214e-05], [5.732146019e-05, -0.000484078074805, -0.00188481656369, -0.00256569660269, 0.000735875975806, -0.00011418187205, -0.00212768628262, -0.0039476910606, 0.00358611531556, -0.00082257995382, -0.00244786241092, -9.38573721214e-05, 0.0208977609873]]
    spectral_contrast:
        mean: [-3.28570592956e-07, 2.03366198548e-07, 8.54607620226e-08, -3.00310375678e-07, 4.5325086262e-07, -3.177066219e-07, -1.97436929739e-06, 6.38913297735e-06, 1.56219613245e-07, 1.25225199099e-06, -3.7892614273e-06, 5.81630456509e-06]
        var: [0.000520102272276, 0.00101872161031, 0.0013760010479, 0.00199390924536, 0.00266462145373, 0.00465557631105, 0.0682699978352, 0.0998219624162, 0.193049609661, 0.380180746317, 1.25893771648, 3.95712375641]

rhythm:
    beats_loudness:
        dmean: 0.00226367334835
        dmean2: 0.00400937255472
        dvar: 1.19238711704e-05
        dvar2: 3.0254936064e-05
        max: 0.0188853014261
        mean: 0.00343483593315
        min: 0.000419368443545
        var: 1.58543207363e-05
    beats_loudness_bass:
        dmean: 0.152461543679
        dmean2: 0.271225392818
        dvar: 0.0347170084715
        dvar2: 0.116936638951
        max: 0.655346095562
        mean: 0.166387692094
        min: 0.013182352297
        var: 0.0353272967041
    bpm: 121.075431824
    bpm_confidence: 0
    first_peak_bpm: 121
    first_peak_spread: 0
    first_peak_weight: 0.5
    onset_rate: 3.5888671875
    second_peak_bpm: 156
    second_peak_spread: 0
    second_peak_weight: 0.454545468092
    beats_position: [0.15636099875, 0.651940405369, 1.14751982689, 1.64309930801, 2.13867878914, 2.63425827026, 3.12983775139, 3.62541699409, 4.12099647522, 4.61657571793, 5.11215496063, 5.60773420334, 5.94749355316, 6.33116436005, 6.71483564377, 7.09850692749, 7.48217821121, 7.86584854126, 8.24952030182, 8.6331911087, 9.01686191559, 9.40053367615, 9.78420448303]
    bpm_estimates: [120.900978088, 121.194816589, 120.810333252, 121.178337097, 119.723320007, 121.121765137, 122.598426819]
    bpm_intervals: [0.49557942152, 0.49557942152, 0.495579481125, 0.495579481125, 0.495579481125, 0.495579481125, 0.495579242706, 0.495579481125, 0.495579242706, 0.495579242706, 0.495579242706, 0.339759349823, 0.383670806885, 0.383671283722, 0.383671283722, 0.383671283722, 0.383670330048, 0.383671760559, 0.383670806885, 0.383670806885, 0.383671760559, 0.383670806885]
    onset_times: [0.0812698379159, 0.267029464245, 0.325079351664, 0.476009070873, 0.777868509293, 1.05650794506, 1.17260766029, 1.31192743778, 1.52090704441, 1.59056687355, 1.81115651131, 2.28716564178, 2.7863945961, 3.08825397491, 3.59909296036, 3.78485250473, 4.07510185242, 4.26086187363, 4.77170085907, 5.1780500412, 5.58439922333, 5.7701587677, 6.07201814651, 6.53641700745, 6.76861667633, 7.04725646973, 7.52326536179, 7.73224496841, 7.90639448166, 8.05732440948, 8.17342376709, 8.23147392273, 8.71909332275, 9.27637195587, 9.5666217804, 9.77560043335]
    rubato_start: [6.33116436005]
    rubato_stop: [9.78420448303]
    perceptual_tempo: "unknown"

sfx:
    inharmonicity:
        dmean: 0.024974020198
        dmean2: 0.0448181554675
        dvar: 0.0025739253033
        dvar2: 0.00706817023456
        max: 0.421024680138
        mean: 0.0218688361347
        min: 1.7787510842e-07
        var: 0.00211227498949
    oddtoevenharmonicenergyratio:
        dmean: 21.4955253601
        dmean2: 42.7758483887
        dvar: 74449.5859375
        dvar2: 223434.296875
        max: 4004.96362305
        mean: 11.033413887
        min: 6.05143327448e-07
        var: 37252.6757812
    pitch_after_max_to_before_max_energy_ratio: 3.26059317589
    pitch_centroid: 172.18182373
    pitch_max_to_total: 0.125581398606
    pitch_min_to_total: 0.43953487277
    tristimulus:
        dmean: [0.223885014653, 0.226842984557, 0.0397323407233]
        dmean2: [0.400854498148, 0.410629093647, 0.0711532011628]
        dvar: [0.0516846291721, 0.0572874546051, 0.0057021593675]
        dvar2: [0.131589829922, 0.157049700618, 0.0193952526897]
        max: [0.998708367348, 0.997846126556, 0.679665744305]
        mean: [0.622377753258, 0.324820667505, 0.0363143831491]
        min: [0.000992420245893, 0, 0]
        var: [0.0882114470005, 0.0816236436367, 0.00384652498178]

tonal:
    chords_changes_rate: 0.0231481473893
    chords_number_rate: 0.0138888889924
    chords_strength:
        dmean: 0.00647381180897
        dmean2: 0.00505745736882
        dvar: 3.27303750964e-05
        dvar2: 2.84596280835e-05
        max: 0.710083782673
        mean: 0.544812738895
        min: 0.375691443682
        var: 0.00969407707453
    key_strength: 0.812857866287
    tuning_diatonic_strength: 0.578137040138
    tuning_equal_tempered_deviation: 0.0315249785781
    tuning_frequency: 441.272583008
    tuning_nontempered_energy_ratio: 0.63203895092
    hpcp:
        dmean: [0.180823653936, 0.158812656999, 0.0942082330585, 0.0480991899967, 0.0589661337435, 0.13961532712, 0.135649874806, 0.100385047495, 0.0533574074507, 0.0563098788261, 0.0816496312618, 0.120524801314, 0.131625905633, 0.0772643238306, 0.0625094771385, 0.0550931990147, 0.0674076974392, 0.0279040187597, 0.0113384276628, 0.0198284164071, 0.092393592, 0.134062677622, 0.09878372401, 0.0362505763769, 0.0281882025301, 0.0225744694471, 0.0361554995179, 0.0387314409018, 0.0546003207564, 0.0437483005226, 0.0269090160728, 0.0218083411455, 0.0438082814217, 0.049576882273, 0.0445874221623, 0.134613394737]
        dmean2: [0.280496925116, 0.25069847703, 0.172142997384, 0.0911867693067, 0.103334285319, 0.228118881583, 0.19507689774, 0.162327826023, 0.101184569299, 0.10728726536, 0.140706807375, 0.209299847484, 0.198250383139, 0.125745907426, 0.101027652621, 0.0887388586998, 0.112141504884, 0.0485918223858, 0.0178280510008, 0.035756867379, 0.146028399467, 0.216991096735, 0.159568399191, 0.0675119161606, 0.0542393475771, 0.0425611250103, 0.0561730228364, 0.056937802583, 0.090885899961, 0.0744005739689, 0.043111782521, 0.0366048552096, 0.0697879269719, 0.0834745615721, 0.0781577602029, 0.211537480354]
        dvar: [0.0447826646268, 0.0427244380116, 0.0366533696651, 0.0243230946362, 0.0175933931023, 0.0467451885343, 0.0412864014506, 0.0175571627915, 0.021770209074, 0.0301254112273, 0.0341596081853, 0.0382970795035, 0.0377612300217, 0.0179832056165, 0.015905816108, 0.027541346848, 0.0220584608614, 0.00352126080543, 0.0006946833455, 0.0010473204311, 0.0112600661814, 0.0375545360148, 0.0208106543869, 0.0092892376706, 0.0185377690941, 0.00584676908329, 0.00940670631826, 0.00976854562759, 0.0174706578255, 0.00973829533905, 0.00305554107763, 0.00363961374387, 0.0121530713513, 0.0152688967064, 0.00935826543719, 0.0246259532869]
        dvar2: [0.0849234685302, 0.116026692092, 0.100693881512, 0.0695781856775, 0.0463179424405, 0.119631960988, 0.0750786811113, 0.0471392311156, 0.0604810900986, 0.0837757140398, 0.0984857231379, 0.100975587964, 0.0794647037983, 0.0438630990684, 0.0349118262529, 0.0536515116692, 0.0567686632276, 0.0092258322984, 0.00162937899586, 0.00295198219828, 0.0263241212815, 0.0858048647642, 0.0534881912172, 0.0290003698319, 0.0657302886248, 0.0197608657181, 0.0236195679754, 0.0178863853216, 0.0449824742973, 0.0254245325923, 0.00674272142351, 0.00832024775445, 0.0259020701051, 0.0384880341589, 0.0261313319206, 0.0572646819055]
        max: [1, 1, 1, 1, 1, 1, 1, 0.940987288952, 1, 1, 1, 1, 1, 0.994895339012, 1, 1, 1, 0.306314021349, 0.220865353942, 0.228358075023, 0.748019218445, 1, 1, 0.66677749157, 1, 0.618982791901, 1, 1, 1, 0.820489823818, 0.423320740461, 0.495342195034, 1, 1, 0.665962576866, 1]
        mean: [0.442611902952, 0.276326239109, 0.0682826414704, 0.0327908322215, 0.0432638265193, 0.215722441673, 0.315308570862, 0.146761924028, 0.0324975848198, 0.0346255265176, 0.0714615508914, 0.223413854837, 0.263811886311, 0.10749155283, 0.093284510076, 0.188825130463, 0.126626685262, 0.0266558378935, 0.013173350133, 0.0183052383363, 0.219335153699, 0.394308239222, 0.207829251885, 0.0290856026113, 0.0172432735562, 0.0158819407225, 0.0791747197509, 0.125103622675, 0.0781564563513, 0.0451618991792, 0.028488162905, 0.0230585485697, 0.0575961358845, 0.0612983256578, 0.0424674451351, 0.235796451569]
        min: [0.000575902115088, 0.000522781105246, 5.40796827408e-05, 5.0841979828e-05, 3.54453441105e-05, 0.000144569363329, 5.72796598135e-05, 4.36949267169e-05, 7.65112599765e-06, 1.54111476149e-05, 7.7659415183e-06, 0.000954507209826, 0.00136520096567, 0.000383983249776, 0.000113617141324, 7.14893758413e-05, 9.83544668998e-05, 0.00020042869437, 4.5285678425e-06, 0.000100337820186, 0.000516794621944, 0.0026643476449, 0.00142408278771, 6.46396511002e-05, 2.74460162473e-05, 2.81793800241e-05, 0.000146190170199, 0.000248019001447, 0.000313122844091, 1.05966646515e-05, 2.39082655753e-05, 8.14734084997e-05, 0.000205879070563, 0.000156018752023, 0.000226027783356, 0.000401894096285]
        var: [0.125418365002, 0.0644870921969, 0.0250987745821, 0.0141295967624, 0.0151668423787, 0.0769294798374, 0.135489687324, 0.0298324432224, 0.0131166391075, 0.0193992573768, 0.0310824420303, 0.0806105583906, 0.0990431755781, 0.0250980649143, 0.0332684330642, 0.135021671653, 0.0619667209685, 0.00318017601967, 0.000829143682495, 0.000836184190121, 0.0451275371015, 0.145088031888, 0.0487654171884, 0.00661559216678, 0.00956793874502, 0.00327833299525, 0.0377076715231, 0.0763287395239, 0.0296554882079, 0.00934969913214, 0.0032348644454, 0.0047454177402, 0.0216772537678, 0.0188523605466, 0.00724093383178, 0.046628061682]
    chords_histogram: [61.5740737915, 0, 0, 0, 0, 0, 0.925925910473, 0, 0, 0, 0, 0, 0, 0, 0, 0, 0, 0, 0, 0, 0, 0, 13.4259262085, 24.0740737915]
    thpcp: [1, 0.624308168888, 0.154272034764, 0.0740848407149, 0.0977466404438, 0.487385094166, 0.712381601334, 0.331581503153, 0.0734223052859, 0.0782299935818, 0.161454200745, 0.504762411118, 0.596034348011, 0.242857351899, 0.210759148002, 0.426615566015, 0.286089658737, 0.0602239519358, 0.0297627560794, 0.0413573123515, 0.495547354221, 0.890866756439, 0.469551891088, 0.0657135546207, 0.0389579981565, 0.0358823165298, 0.178880676627, 0.282648563385, 0.176580101252, 0.102034986019, 0.0643637552857, 0.0520965382457, 0.130127847195, 0.138492271304, 0.0959473624825, 0.532738626003]
    chords_key: "A"
    chords_scale: "major"
    key_key: "A"
    key_scale: "major"
    chords_progression: ["A", "A", "A", "A", "A", "F#m", "F#m", "F#m", "F#m", "F#m", "F#m", "F#m", "F#m", "F#m", "F#m", "F#m", "F#m", "F#m", "F#m", "F#m", "F#m", "F#m", "F#m", "F#m", "F#m", "F#m", "F#m", "F#m", "F#m", "F#m", "F#m", "F#m", "F#m", "F#m", "F#m", "F#m", "F#m", "F#m", "F#", "F#", "F#m", "F#m", "F#m", "F#m", "F#m", "F#m", "F#m", "F#m", "F#m", "F#m", "F#m", "F#m", "F#m", "F#m", "F#m", "F#m", "F#m", "F#m", "F#m", "D", "D", "D", "D", "D", "D", "D", "D", "D", "D", "D", "D", "D", "D", "D", "D", "D", "D", "D", "D", "D", "D", "D", "D", "D", "D", "D", "D", "D", "A", "A", "A", "A", "A", "A", "A", "A", "A", "A", "A", "A", "A", "A", "A", "A", "A", "A", "A", "A", "A", "A", "A", "A", "A", "A", "A", "A", "A", "A", "A", "A", "A", "A", "A", "A", "A", "A", "A", "A", "A", "A", "A", "A", "A", "A", "A", "A", "A", "A", "A", "A", "A", "A", "A", "A", "A", "A", "A", "A", "A", "A", "A", "A", "A", "A", "A", "A", "A", "A", "A", "A", "A", "A", "A", "A", "A", "A", "A", "A", "A", "A", "A", "A", "A", "A", "A", "A", "A", "A", "A", "A", "A", "A", "A", "A", "A", "A", "A", "A", "A", "A", "A", "A", "A", "A", "A", "A", "A", "A", "A", "A", "A", "A", "A", "A", "A", "A", "A", "A", "A", "A", "A", "A", "A", "A", "A", "A"]
