
metadata:
    version:
        essentia: "1.2.2"
    audio_properties:
        analysis_sample_rate: 44100
        bitrate: 128
        channels: 2
        equal_loudness: 1
        length: 10.2138776779
        replay_gain: -10.792848587
        downmix: "mix"
    tags:
        track: 20
        year: 0
        album: "Splitted by Mp3Splt v. 2.1"
        artist: "From 003.10 To 003.20"
        comment: "http://mp3splt.sf.net"
        genre: ""
        title: "03 These Arms.mp3"

highlevel:
    ballroom:
        all:
            ChaChaCha: 0.122461497784
            Jive: 0.157171815634
            Quickstep: 0.272536247969
            Rumba-American: 0.0196017157286
            Rumba-International: 0.114843070507
            Rumba-Misc: 0.0739926770329
            Samba: 0.0911413952708
            Tango: 0.0297601837665
            VienneseWaltz: 0.0852534919977
            Waltz: 0.0332378968596
        probability: 0.272536247969
        value: "Quickstep"
    culture:
        all:
            non_western: 0.143239736557
            western: 0.856760263443
        probability: 0.856760263443
        value: "western"
    gender:
        all:
            female: 0.766962170601
            male: 0.233037829399
        probability: 0.766962170601
        value: "female"
    genre_dortmund:
        all:
            alternative: 0.177198037505
            blues: 0.00628241756931
            electronic: 0.0536772757769
            folkcountry: 0.190415173769
            funksoulrnb: 0.0400804057717
            jazz: 0.0856755822897
            pop: 0.150796592236
            raphiphop: 0.015333651565
            rock: 0.280540853739
        probability: 0.280540853739
        value: "rock"
    genre_electronica:
        all:
            ambient: 0.375635325909
            dnb: 0.0562460422516
            house: 0.122882559896
            techno: 0.0079101389274
            trance: 0.437325924635
        probability: 0.437325924635
        value: "trance"
    genre_rosamerica:
        all:
            cla: 0.00622419128194
            dan: 0.0244386829436
            hip: 0.00236425222829
            jaz: 0.0165552534163
            pop: 0.908323705196
            rhy: 0.0217552501708
            roc: 0.0192000288516
            spe: 0.00113865802996
        probability: 0.908323705196
        value: "pop"
    genre_tzanetakis:
        all:
            blu: 0.00540268048644
            cla: 0.00735691655427
            cou: 0.0714423060417
            dis: 0.0272603444755
            hip: 0.00455973064527
            jaz: 0.0510104522109
            met: 0.00165620015468
            pop: 0.690547168255
            reg: 0.0440686866641
            roc: 0.0966954901814
        probability: 0.690547168255
        value: "pop"
    live_studio:
        all:
            live: 0.0287983659655
            studio: 0.971201658249
        probability: 0.971201658249
        value: "studio"
    mood:
        all:
            Cluster1: 0.138242676854
            Cluster2: 0.443928062916
            Cluster3: 0.288566410542
            Cluster4: 0.099445335567
            Cluster5: 0.029817506671
        probability: 0.443928062916
        value: "Cluster2"
    mood_acoustic:
        all:
            acoustic: 0.351535916328
            not_acoustic: 0.648464083672
        probability: 0.648464083672
        value: "not_acoustic"
    mood_aggressive:
        all:
            aggressive: 0.0253066271544
            not_aggressive: 0.974693357944
        probability: 0.974693357944
        value: "not_aggressive"
    mood_electronic:
        all:
            electronic: 0.533424973488
            not_electronic: 0.466575026512
        probability: 0.533424973488
        value: "electronic"
    mood_happy:
        all:
            happy: 0.611355006695
            not_happy: 0.388645023108
        probability: 0.611355006695
        value: "happy"
    mood_party:
        all:
            not_party: 0.759916722775
            party: 0.240083247423
        probability: 0.759916722775
        value: "not_party"
    mood_relaxed:
        all:
            not_relaxed: 0.251581996679
            relaxed: 0.748417973518
        probability: 0.748417973518
        value: "relaxed"
    mood_sad:
        all:
            not_sad: 0.279001951218
            sad: 0.720998048782
        probability: 0.720998048782
        value: "sad"
    rhythm:
        all:
            fast: 0.221532613039
            medium: 0.307557791471
            slow: 0.47090959549
        probability: 0.47090959549
        value: "slow"
    speech_music:
        all:
            music: 0.999957084656
            speech: 4.29451429227e-05
        probability: 0.999957084656
        value: "music"
    timbre:
        all:
            bright: 0.989722490311
            dark: 0.0102775273845
        probability: 0.989722490311
        value: "bright"
    voice_instrumental:
        all:
            instrumental: 0.630131483078
            voice: 0.369868516922
        probability: 0.630131483078
        value: "instrumental"

lowlevel:
    average_loudness: 0.941116929054
    barkbands_kurtosis:
        dmean: 0.884976744652
        dmean2: 1.31892192364
        dvar: 1.57074117661
        dvar2: 3.58740830421
        max: 11.2185344696
        mean: 0.699772655964
        min: -1.80464613438
        var: 5.84905576706
    barkbands_skewness:
        dmean: 0.309195250273
        dmean2: 0.449437648058
        dvar: 0.0791933834553
        dvar2: 0.172786489129
        max: 3.04139876366
        mean: 0.892369627953
        min: -0.588649272919
        var: 0.464007467031
    barkbands_spread:
        dmean: 3.80845522881
        dmean2: 5.31312799454
        dvar: 17.1122360229
        dvar2: 32.4005393982
        max: 58.7930984497
        mean: 22.4904823303
        min: 6.33610630035
        var: 98.5191345215
    dissonance:
        dmean: 0.0283376593143
        dmean2: 0.0461968146265
        dvar: 0.000642869970761
        dvar2: 0.00160897744354
        max: 0.4897351861
        mean: 0.420714706182
        min: 0.252897262573
        var: 0.00180472782813
    hfc:
        dmean: 1.45930480957
        dmean2: 2.20299649239
        dvar: 12.1321630478
        dvar2: 29.7522735596
        max: 43.8461952209
        mean: 4.91469717026
        min: 5.4898309827e-06
        var: 26.74568367
    pitch:
        dmean: 187.489898682
        dmean2: 362.213226318
        dvar: 444963.59375
        dvar2: 1217795.25
        max: 4410
        mean: 347.89276123
        min: 75
        var: 348248.53125
    pitch_instantaneous_confidence:
        dmean: 0.0671138986945
        dmean2: 0.100623682141
        dvar: 0.00471838843077
        dvar2: 0.00935954041779
        max: 0.896683990955
        mean: 0.573403775692
        min: 0.166693985462
        var: 0.0284719206393
    pitch_salience:
        dmean: 0.0532156974077
        dmean2: 0.0858151614666
        dvar: 0.00248726760037
        dvar2: 0.00570402713493
        max: 0.972493290901
        mean: 0.573045194149
        min: 0.290479272604
        var: 0.00866558216512
    silence_rate_20dB:
        dmean: 0
        dmean2: 0
        dvar: 0
        dvar2: 0
        max: 1
        mean: 1
        min: 1
        var: 0
    silence_rate_30dB:
        dmean: 0
        dmean2: 0
        dvar: 0
        dvar2: 0
        max: 1
        mean: 1
        min: 1
        var: 0
    silence_rate_60dB:
        dmean: 0.0863636359572
        dmean2: 0.173120722175
        dvar: 0.078904569149
        dvar2: 0.170485064387
        max: 1
        mean: 0.47619047761
        min: 0
        var: 0.249433279037
    spectral_centroid:
        dmean: 142.799743652
        dmean2: 209.696258545
        dvar: 29528.3027344
        dvar2: 58766.5234375
        max: 2523.6262207
        mean: 982.598510742
        min: 284.345458984
        var: 170643.296875
    spectral_complexity:
        dmean: 2.11845111847
        dmean2: 3.39269399643
        dvar: 11.2752656937
        dvar2: 27.1334171295
        max: 41
        mean: 10.8977270126
        min: 0
        var: 33.0372505188
    spectral_crest:
        dmean: 1.74759423733
        dmean2: 2.70001125336
        dvar: 2.36875247955
        dvar2: 6.11945343018
        max: 17.3876342773
        mean: 8.4175491333
        min: 2.88222265244
        var: 9.6269865036
    spectral_decrease:
        dmean: 2.49236048466e-10
        dmean2: 4.02786082265e-10
        dvar: 2.51484102719e-19
        dvar2: 6.58985532507e-19
        max: -5.82889904878e-16
        mean: -1.0150867924e-09
        min: -6.5000915761e-09
        var: 4.90467438431e-19
    spectral_energy:
        dmean: 0.0010586642893
        dmean2: 0.00170183775481
        dvar: 4.76883269585e-06
        dvar2: 1.24156586025e-05
        max: 0.0285098217428
        mean: 0.00427695037797
        min: 2.69791078367e-09
        var: 9.44285693549e-06
    spectral_energyband_high:
        dmean: 8.86220514076e-05
        dmean2: 0.000131997934659
        dvar: 9.05872568069e-08
        dvar2: 2.19301213633e-07
        max: 0.00289851310663
        mean: 0.000158521841513
        min: 1.71005112848e-10
        var: 1.25356621083e-07
    spectral_energyband_low:
        dmean: 0.000127102073748
        dmean2: 0.000214671425056
        dvar: 1.30305494395e-07
        dvar2: 3.58332840733e-07
        max: 0.00342260743491
        mean: 0.00029489537701
        min: 6.90574403217e-11
        var: 1.06214862683e-07
    spectral_energyband_middle_high:
        dmean: 0.000432649219874
        dmean2: 0.000632557203062
        dvar: 4.52520680483e-07
        dvar2: 1.07355879209e-06
        max: 0.00888938177377
        mean: 0.00151686382014
        min: 1.57710644544e-09
        var: 1.86354247944e-06
    spectral_energyband_middle_low:
        dmean: 0.000667999847792
        dmean2: 0.0010664369911
        dvar: 1.82374560609e-06
        dvar2: 4.8795618568e-06
        max: 0.0166380796582
        mean: 0.00230664503761
        min: 8.73635053189e-10
        var: 3.0162366329e-06
    spectral_flatness_db:
        dmean: 0.0173341203481
        dmean2: 0.0242844969034
        dvar: 0.000301662425045
        dvar2: 0.000486711069243
        max: 0.313049525023
        mean: 0.169741868973
        min: 0.0665060356259
        var: 0.00163943762891
    spectral_flux:
        dmean: 0.008440178819
        dmean2: 0.0131679978222
        dvar: 0.000139405703521
        dvar2: 0.000288493465632
        max: 0.128728747368
        mean: 0.0286739747971
        min: 5.19414170412e-05
        var: 0.000356648175512
    spectral_kurtosis:
        dmean: 2.72044348717
        dmean2: 4.17454195023
        dvar: 21.5186443329
        dvar2: 52.8736457825
        max: 62.8146286011
        mean: 6.85532569885
        min: -0.442238092422
        var: 54.420753479
    spectral_rms:
        dmean: 0.000226653093705
        dmean2: 0.000348738278262
        dvar: 1.26661490185e-07
        dvar2: 3.02164465893e-07
        max: 0.00527394143865
        mean: 0.00192862935364
        min: 1.62237734003e-06
        var: 4.53027752201e-07
    spectral_rolloff:
        dmean: 354.586212158
        dmean2: 585.280090332
        dvar: 293401.09375
        dvar2: 633490.25
        max: 4974.16992188
        mean: 1908.08911133
        min: 301.46484375
        var: 1139262.5
    spectral_skewness:
        dmean: 0.292465895414
        dmean2: 0.441038757563
        dvar: 0.128201171756
        dvar2: 0.2794739604
        max: 5.96558761597
        mean: 2.00129628181
        min: 0.650104641914
        var: 0.599486470222
    spectral_spread:
        dmean: 910387.125
        dmean2: 1226447.75
        dvar: 1.51059143066e+12
        dvar2: 2.26419802112e+12
        max: 13991203
        mean: 4956662
        min: 1194414.875
        var: 3.73405017702e+12
    spectral_strongpeak:
        dmean: 0.267656803131
        dmean2: 0.441039174795
        dvar: 0.156489953399
        dvar2: 0.351817816496
        max: 5.56909132004
        mean: 0.651216030121
        min: 6.3235070229e-06
        var: 0.307313650846
    zerocrossingrate:
        dmean: 0.00709398137406
        dmean2: 0.0081079211086
        dvar: 5.34966529813e-05
        dvar2: 6.7316024797e-05
        max: 0.1494140625
        mean: 0.061209384352
        min: 0.01904296875
        var: 0.000518710527103
    barkbands:
        dmean: [1.29742502963e-07, 6.07780566497e-05, 8.00082998467e-05, 0.000158077018568, 0.000262611516519, 0.000170747982338, 0.000131838605739, 0.000192834282643, 0.000121522323752, 4.19011012127e-05, 8.4273997345e-05, 0.000113803791464, 4.90764396091e-05, 3.36274461006e-05, 5.20307912666e-05, 4.47414022346e-05, 5.38784806849e-05, 7.85452575656e-05, 9.85239457805e-05, 9.25414205994e-05, 3.64347433788e-05, 2.51807850873e-05, 7.55579367251e-06, 3.15082161251e-06, 1.81203563443e-06, 2.39937349988e-07, 2.76388856246e-10]
        dmean2: [1.77817923941e-07, 9.73715941655e-05, 0.000138269228046, 0.000257015082752, 0.0004539299116, 0.000265375507297, 0.000195463057025, 0.000290689029498, 0.000175586057594, 5.6831719121e-05, 0.000107521795144, 0.000160500130733, 7.07259750925e-05, 5.12694932695e-05, 8.06086536613e-05, 6.90871311235e-05, 8.17706168164e-05, 0.00012694709585, 0.000167753969436, 0.000147290469613, 6.01398969593e-05, 3.71004207409e-05, 1.05449717012e-05, 4.54820110463e-06, 2.74094395536e-06, 3.35891996883e-07, 4.54923487769e-10]
        dvar: [1.39264446329e-12, 2.00002876483e-08, 6.11146973029e-08, 2.17775792066e-07, 4.31857330341e-07, 8.01323523092e-08, 8.7239662605e-08, 1.48702795855e-07, 7.27283193669e-08, 6.16247985974e-09, 3.95907626682e-08, 2.27870113889e-08, 9.16323283917e-09, 4.19716750244e-09, 9.75422054239e-09, 6.4401466382e-09, 1.16304494924e-08, 3.67735815132e-08, 4.62490916675e-08, 5.89457975764e-08, 1.88619964092e-08, 7.78089503939e-09, 3.28893162704e-10, 9.2295199261e-11, 1.99428216996e-11, 8.27045083893e-13, 2.48308297854e-19]
        dvar2: [1.45486357336e-12, 5.44189120433e-08, 1.70948155187e-07, 5.4643680869e-07, 1.28388614939e-06, 2.00161181851e-07, 2.18629907067e-07, 3.51160906575e-07, 1.43674782294e-07, 1.04110817745e-08, 6.25318463676e-08, 4.40773177957e-08, 1.57296611292e-08, 9.51877066058e-09, 2.06838173256e-08, 1.4340193033e-08, 2.78300191781e-08, 9.5299668601e-08, 1.2121574855e-07, 1.22595224639e-07, 5.05403257023e-08, 1.62018736205e-08, 6.39874819797e-10, 1.88202703422e-10, 3.90296961417e-11, 1.76260948111e-12, 5.76316223209e-19]
        max: [2.45082228503e-05, 0.00132287107408, 0.00254574557766, 0.00576521921903, 0.00778437172994, 0.00361245172098, 0.00376393669285, 0.00439000921324, 0.00418582232669, 0.00185538106598, 0.00374037027359, 0.00154591817409, 0.00110364204738, 0.000762874027714, 0.00102577975485, 0.00115780206397, 0.00138287327718, 0.00235593970865, 0.00215323921293, 0.00372529402375, 0.00133645359892, 0.00103378726635, 0.000268484611297, 0.000123635734781, 4.38456663687e-05, 1.03745187516e-05, 5.71870906185e-09]
        mean: [2.34931576415e-07, 0.000160176496138, 0.000134511850774, 0.000227471406106, 0.000524225004483, 0.000449329992989, 0.000284563138848, 0.000432246830314, 0.000374647468561, 0.000120595723274, 0.00021628527611, 0.000243742775638, 0.000104929073132, 6.02273830737e-05, 8.6828811618e-05, 0.000114532427688, 0.00011655248818, 0.000151503802044, 0.000195475731743, 0.000160854207934, 5.33826350875e-05, 4.22949378844e-05, 1.51513049786e-05, 4.79775781059e-06, 2.10567600334e-06, 2.86719341602e-07, 2.58071564119e-10]
        min: [1.37396830024e-11, 3.12872158736e-11, 3.06687453211e-11, 3.57070449597e-11, 1.02086526732e-10, 1.21866919334e-10, 1.37220207419e-10, 1.73047479124e-10, 2.74337719208e-10, 1.31848434948e-10, 5.09809451599e-11, 1.11512875323e-10, 2.51983156563e-10, 4.57422121014e-11, 2.44342289457e-11, 2.21279314316e-11, 3.60691684853e-11, 4.73036956827e-11, 6.39726882579e-10, 3.38629790875e-10, 2.54061268551e-11, 2.24209331656e-11, 1.73483987592e-11, 7.50222974022e-12, 1.86633781346e-12, 1.42856115392e-12, 4.73079505393e-15]
        var: [1.41968208023e-12, 2.65828674628e-08, 4.56457556197e-08, 2.05402187703e-07, 3.78768902465e-07, 2.24907850566e-07, 2.66474359023e-07, 5.06480375861e-07, 4.83101075588e-07, 4.88816809252e-08, 2.58865867409e-07, 9.35424182558e-08, 3.2933872518e-08, 8.68912675145e-09, 2.03169534529e-08, 4.57465070269e-08, 3.51698759005e-08, 7.38201890726e-08, 1.02450556483e-07, 1.18787092163e-07, 1.82299544349e-08, 1.27551116336e-08, 8.93431162385e-10, 1.52839491063e-10, 2.72469529577e-11, 1.06320150167e-12, 3.04814995901e-19]
    mfcc:
        mean: [-737.632446289, 141.060791016, -28.1896877289, 38.8838691711, -17.2267799377, -5.50797748566, -4.33510160446, 2.09884500504, -7.37390947342, -4.03051900864, -3.08074331284, -4.31897115707, 1.25364422798]
        cov: [[5223.87255859, -2078.41723633, 80.3075790405, 2.02146720886, -193.747619629, -78.2022705078, -389.585449219, 67.1812286377, 164.261047363, 190.014846802, -40.8216552734, -150.557830811, -17.3673171997], [-2078.41723633, 1576.56835938, -240.974990845, 11.8596687317, 88.8421936035, 53.3084068298, 219.66065979, -39.7509117126, -23.7635955811, -98.8585662842, 73.6724624634, 121.580253601, 66.2962036133], [80.3075790405, -240.974990845, 352.689483643, -38.2963294983, 46.7718811035, 0.886062324047, 34.0456008911, 40.2898101807, -8.77086830139, 38.405090332, -14.3228969574, -2.84449625015, -22.6210956573], [2.02146720886, 11.8596687317, -38.2963294983, 315.904968262, 146.549880981, 1.03229963779, -104.060340881, 36.304233551, 36.5052680969, 31.8095760345, -12.8194189072, -3.01411986351, -14.8826713562], [-193.747619629, 88.8421936035, 46.7718811035, 146.549880981, 276.455230713, -13.7164297104, -85.0066986084, -4.95672130585, 69.8845214844, 4.57003259659, 5.75525951385, 57.538269043, -23.0234050751], [-78.2022705078, 53.3084068298, 0.886062324047, 1.03229963779, -13.7164297104, 104.527671814, 66.8241577148, 17.6141548157, -7.7874083519, -8.56375598907, 15.0251045227, -11.9890699387, 14.4392347336], [-389.585449219, 219.66065979, 34.0456008911, -104.060340881, -85.0066986084, 66.8241577148, 291.947296143, 12.0972099304, -25.1034965515, -10.2005634308, 29.188337326, -6.59809350967, -0.234640330076], [67.1812286377, -39.7509117126, 40.2898101807, 36.304233551, -4.95672130585, 17.6141548157, 12.0972099304, 137.3384552, 25.0215911865, 31.4911060333, 14.9300689697, -9.52890205383, 44.2210464478], [164.261047363, -23.7635955811, -8.77086830139, 36.5052680969, 69.8845214844, -7.7874083519, -25.1034965515, 25.0215911865, 114.047080994, 21.3801116943, 19.4411029816, 11.5521783829, 2.04095482826], [190.014846802, -98.8585662842, 38.405090332, 31.8095760345, 4.57003259659, -8.56375598907, -10.2005634308, 31.4911060333, 21.3801116943, 149.665893555, 23.3680381775, 5.58541107178, -16.3821849823], [-40.8216552734, 73.6724624634, -14.3228969574, -12.8194189072, 5.75525951385, 15.0251045227, 29.188337326, 14.9300689697, 19.4411029816, 23.3680381775, 104.074790955, 15.6611356735, 37.7767715454], [-150.557830811, 121.580253601, -2.84449625015, -3.01411986351, 57.538269043, -11.9890699387, -6.59809350967, -9.52890205383, 11.5521783829, 5.58541107178, 15.6611356735, 121.65019989, -9.86467838287], [-17.3673171997, 66.2962036133, -22.6210956573, -14.8826713562, -23.0234050751, 14.4392347336, -0.234640330076, 44.2210464478, 2.04095482826, -16.3821849823, 37.7767715454, -9.86467838287, 130.628051758]]
        icov: [[0.000492270395625, 0.000639760517515, 0.000227848126087, -2.95153276966e-05, 0.000365702493582, -0.000108946427645, 0.000198607260245, 0.000128788233269, -0.000704623002093, -0.000195289117983, -4.41992524429e-05, -0.000123034813441, -0.000199882415473], [0.000639760517515, 0.00194645521697, 0.00118917622603, -0.000135159614729, -0.00038284403854, 1.29678346639e-05, -0.000940974859986, 0.000262958899839, -0.00027304518153, 0.000110942288302, -0.000247640971793, -0.000993966823444, -0.000857157399878], [0.000227848126087, 0.00118917622603, 0.0045778346248, 0.0014003557153, -0.00255453237332, 0.000236452237004, -0.0013138265349, -0.00166432675906, 0.00153728702571, -0.000926488253754, 0.000615600729361, 9.48416272877e-05, 0.000152665714268], [-2.95153276966e-05, -0.000135159614729, 0.0014003557153, 0.0057207099162, -0.00347332609817, -0.000977743999101, 0.0012476783013, -0.00223173736595, 0.00103400927037, -0.00125145411585, 0.000784954521805, 0.00164653570391, 0.00093682151055], [0.000365702493582, -0.00038284403854, -0.00255453237332, -0.00347332609817, 0.00874675717205, -0.000517548411153, 0.00205902941525, 0.00192151695956, -0.00486741354689, 0.00109725957736, -0.000776655913796, -0.00267651421018, 0.000593017670326], [-0.000108946427645, 1.29678346639e-05, 0.000236452237004, -0.000977743999101, -0.000517548411153, 0.0121387401596, -0.00315295695327, -0.00105875148438, 0.00111129367724, 0.000922919076402, -0.00114465807565, 0.000965845596511, -0.000669415516313], [0.000198607260245, -0.000940974859986, -0.0013138265349, 0.0012476783013, 0.00205902941525, -0.00315295695327, 0.00641532521695, -0.000657661177684, -0.000784470874351, 8.44328769745e-06, -0.00123390939552, 0.000575374113396, 0.00177778978832], [0.000128788233269, 0.000262958899839, -0.00166432675906, -0.00223173736595, 0.00192151695956, -0.00105875148438, -0.000657661177684, 0.0108211403713, -0.00298064691015, -0.00163721304853, 0.000565425143577, -0.000455978413811, -0.00422424124554], [-0.000704623002093, -0.00027304518153, 0.00153728702571, 0.00103400927037, -0.00486741354689, 0.00111129367724, -0.000784470874351, -0.00298064691015, 0.0133965471759, -0.000714473251719, -0.00167473382317, 0.000630182621535, 0.000688804429956], [-0.000195289117983, 0.000110942288302, -0.000926488253754, -0.00125145411585, 0.00109725957736, 0.000922919076402, 8.44328769745e-06, -0.00163721304853, -0.000714473251719, 0.00868391431868, -0.00287732784636, -0.000748272519559, 0.00213615829125], [-4.41992524429e-05, -0.000247640971793, 0.000615600729361, 0.000784954521805, -0.000776655913796, -0.00114465807565, -0.00123390939552, 0.000565425143577, -0.00167473382317, -0.00287732784636, 0.0130559448153, -0.00126310437918, -0.00409390684217], [-0.000123034813441, -0.000993966823444, 9.48416272877e-05, 0.00164653570391, -0.00267651421018, 0.000965845596511, 0.000575374113396, -0.000455978413811, 0.000630182621535, -0.000748272519559, -0.00126310437918, 0.0107067627832, 0.00133914791513], [-0.000199882415473, -0.000857157399878, 0.000152665714268, 0.00093682151055, 0.000593017670326, -0.000669415516313, 0.00177778978832, -0.00422424124554, 0.000688804429956, 0.00213615829125, -0.00409390684217, 0.00133914791513, 0.0113508645445]]
    spectral_contrast:
        mean: [-2.27733764291e-07, -1.83970072953e-07, -1.09929928271e-07, 3.42980712276e-07, -3.95253294982e-07, 8.91699016847e-08, 1.2846833215e-06, 2.97836959362e-06, -5.93499726165e-06, -1.13072724162e-06, -2.69060774372e-06, -6.73532497331e-07]
        var: [0.000492266670335, 0.00082854431821, 0.00246649677865, 0.00251720077358, 0.00342458253726, 0.00847973674536, 0.0655307099223, 0.128457471728, 0.196198657155, 0.351378262043, 0.586901426315, 3.70560503006]

rhythm:
    beats_loudness:
        dmean: 0.00323306163773
        dmean2: 0.00604980392382
        dvar: 5.39819893675e-06
        dvar2: 1.56424503075e-05
        max: 0.011088648811
        mean: 0.00540990242735
        min: 0.000922895909753
        var: 8.14124632598e-06
    beats_loudness_bass:
        dmean: 0.0847520008683
        dmean2: 0.143816530704
        dvar: 0.00434193341061
        dvar2: 0.00915685854852
        max: 0.282622814178
        mean: 0.127527043223
        min: 0.00416469527408
        var: 0.00635993620381
    bpm: 112.895690918
    bpm_confidence: 0
    first_peak_bpm: 113
    first_peak_spread: 0
    first_peak_weight: 0.944444417953
    onset_rate: 3.52461624146
    second_peak_bpm: 107
    second_peak_spread: 0
    second_peak_weight: 0.0555555559695
    beats_position: [0.254295885563, 0.786088228226, 1.31788063049, 1.84967315197, 2.38146543503, 2.91325807571, 3.44505023956, 3.97684264183, 4.5086350441, 5.04042768478, 5.57221984863, 6.13482189178, 6.66594171524, 7.19706106186, 7.72818088531, 8.25930023193, 8.79041957855, 9.32153987885, 9.85265922546]
    bpm_estimates: [112.745437622, 112.549804688, 113.149307251, 112.53250885, 112.404144287, 114.428253174, 112.597579956, 112.415756226, 112.621116638, 112.707389832, 112.963554382, 112.858467102, 112.969711304, 112.854576111, 112.753746033, 113.690589905, 112.887687683, 112.930038452, 112.853820801, 113.047981262, 112.847869873]
    bpm_intervals: [0.531792342663, 0.531792402267, 0.531792521477, 0.531792283058, 0.531792640686, 0.531792163849, 0.531792402267, 0.531792402267, 0.531792640686, 0.531792163849, 0.562602043152, 0.531119823456, 0.531119346619, 0.531119823456, 0.531119346619, 0.531119346619, 0.531120300293, 0.531119346619]
    onset_times: [0.0580498874187, 0.162539675832, 0.232199549675, 0.777868509293, 0.96362811327, 1.55573701859, 1.68344676495, 1.79954648018, 1.84598636627, 2.11301589012, 2.36843538284, 2.64707493782, 2.92571425438, 3.40172338486, 3.5178232193, 3.55265307426, 3.98222231865, 4.52789115906, 4.79492044449, 5.06195020676, 5.59600925446, 5.8282084465, 6.06040811539, 6.13006782532, 6.93115663528, 7.19818592072, 7.73224496841, 7.99927425385, 8.13859367371, 8.17342376709, 8.26630401611, 8.80036258698, 9.07900238037, 9.33442211151, 9.89170074463, 10.1587305069]
    rubato_start: []
    rubato_stop: []
    perceptual_tempo: "unknown"

sfx:
    inharmonicity:
        dmean: 0.0355150848627
        dmean2: 0.0637633651495
        dvar: 0.00198613153771
        dvar2: 0.00521003035828
        max: 0.418672680855
        mean: 0.0382193699479
        min: 0
        var: 0.00215602503158
    oddtoevenharmonicenergyratio:
        dmean: 3.3301513195
        dmean2: 6.10077762604
        dvar: 420.776733398
        dvar2: 1223.17456055
        max: 278.891479492
        mean: 2.20390343666
        min: 0
        var: 214.70173645
    pitch_after_max_to_before_max_energy_ratio: 1.05789089203
    pitch_centroid: 200.170974731
    pitch_max_to_total: 0.204545453191
    pitch_min_to_total: 0.154545456171
    tristimulus:
        dmean: [0.19871455431, 0.203176036477, 0.0773053690791]
        dmean2: [0.355930089951, 0.370463371277, 0.136028051376]
        dvar: [0.0395812168717, 0.0442225374281, 0.00867892894894]
        dvar2: [0.106946706772, 0.11973644048, 0.0250245798379]
        max: [1, 0.919574558735, 0.58835208416]
        mean: [0.386754333973, 0.505155146122, 0.0870872586966]
        min: [0.0397647358477, 0, 0]
        var: [0.048585165292, 0.0518607906997, 0.00907740369439]

tonal:
    chords_changes_rate: 0.0681818202138
    chords_number_rate: 0.0272727273405
    chords_strength:
        dmean: 0.00764378672466
        dmean2: 0.00513527356088
        dvar: 3.34755604854e-05
        dvar2: 3.00961219182e-05
        max: 0.619129896164
        mean: 0.488377898932
        min: 0.352540761232
        var: 0.00408151047304
    key_strength: 0.879523158073
    tuning_diatonic_strength: 0.655598402023
    tuning_equal_tempered_deviation: 0.019429942593
    tuning_frequency: 442.293365479
    tuning_nontempered_energy_ratio: 0.598654925823
    hpcp:
        dmean: [0.0503568574786, 0.0567664429545, 0.0774649605155, 0.110910050571, 0.0791426450014, 0.0690255612135, 0.0794524252415, 0.0580376572907, 0.0495750382543, 0.0447191372514, 0.0772954747081, 0.140720531344, 0.150508716702, 0.118794247508, 0.0536113642156, 0.0435023456812, 0.0346932671964, 0.0705635324121, 0.101512029767, 0.0815113633871, 0.0549540705979, 0.0431553125381, 0.0537606328726, 0.0775425732136, 0.0920485928655, 0.0873771458864, 0.119374446571, 0.120241008699, 0.10691832006, 0.0398420728743, 0.0243623144925, 0.0322362072766, 0.0596753805876, 0.0786167681217, 0.0611227080226, 0.0428153797984]
        dmean2: [0.0878667756915, 0.0973368138075, 0.11486569792, 0.166290670633, 0.128005310893, 0.107074320316, 0.120712868869, 0.0950837433338, 0.0858059078455, 0.0771557837725, 0.125515684485, 0.230168268085, 0.242609128356, 0.193042680621, 0.0942497178912, 0.0761491432786, 0.0579790733755, 0.109454251826, 0.155386865139, 0.132690116763, 0.0919388234615, 0.0758758857846, 0.0887628346682, 0.130463123322, 0.161228373647, 0.156387552619, 0.195241913199, 0.183987960219, 0.168000072241, 0.0715882405639, 0.0428400784731, 0.0577524676919, 0.097218811512, 0.119026817381, 0.0955595374107, 0.0760607421398]
        dvar: [0.0147947669029, 0.0138224931434, 0.0109194573015, 0.0300803147256, 0.0130188474432, 0.0127615937963, 0.0194714181125, 0.0102779651061, 0.015532345511, 0.007029524073, 0.0228210482746, 0.0240397844464, 0.0354830734432, 0.0192146766931, 0.0133389644325, 0.0148648265749, 0.00790241733193, 0.0116288028657, 0.0254392642528, 0.0196035150439, 0.0205827690661, 0.0163251981139, 0.0152504174039, 0.0207991991192, 0.0256279464811, 0.0254835411906, 0.0249819457531, 0.0276871640235, 0.0167755987495, 0.00984085630625, 0.00730908615515, 0.0142245758325, 0.012635900639, 0.0182421412319, 0.0116339996457, 0.0172438975424]
        dvar2: [0.0368798226118, 0.0359332635999, 0.0197445377707, 0.059908170253, 0.0284926965833, 0.0305237695575, 0.0421455353498, 0.0213111676276, 0.0424182601273, 0.0189285054803, 0.046394303441, 0.0529669299722, 0.0793762728572, 0.045249465853, 0.0388083122671, 0.0389570370317, 0.0198908895254, 0.0266376323998, 0.0431403964758, 0.0387871228158, 0.046509437263, 0.0400634072721, 0.0357277318835, 0.0501364655793, 0.0660928487778, 0.0742435082793, 0.0657417550683, 0.061589833349, 0.0510502643883, 0.0288782287389, 0.02025359869, 0.0411824584007, 0.0336087569594, 0.0349770337343, 0.0270981527865, 0.049514207989]
        max: [0.795096576214, 1, 1, 1, 0.904903411865, 1, 1, 1, 1, 0.617651820183, 1, 1, 1, 1, 0.940384805202, 1, 0.801548719406, 1, 1, 1, 1, 1, 1, 1, 1, 1, 1, 1, 0.991759419441, 0.77174270153, 0.952416718006, 1, 1, 1, 0.776421070099, 1]
        mean: [0.057290893048, 0.0643069967628, 0.158261045814, 0.236212030053, 0.133045166731, 0.122416004539, 0.19588907063, 0.12872351706, 0.0542274229228, 0.0497448928654, 0.0768029913306, 0.357750922441, 0.577893853188, 0.302171111107, 0.051563013345, 0.0392167046666, 0.0339414067566, 0.131888955832, 0.238954007626, 0.155625134706, 0.0569819100201, 0.0461791791022, 0.0499017499387, 0.10478990525, 0.140940457582, 0.104719489813, 0.28773277998, 0.446460455656, 0.225773587823, 0.0379482954741, 0.0229135043919, 0.0291030630469, 0.0941578522325, 0.15712967515, 0.100807674229, 0.0426919013262]
        min: [7.92622959125e-05, 6.38323908788e-05, 0.000404282327509, 0.000698707182892, 0.00208029034548, 0.00194065016694, 0.00134850549512, 0.000701185548678, 0.000339499354595, 2.59549724433e-05, 0.000279550935375, 0.00369827472605, 0.00650684535503, 0.00484159588814, 2.87219972961e-05, 4.00223252655e-05, 0.000410659617046, 0.000579163082875, 0.000758488080464, 0.000627530971542, 0.000100716431916, 6.13380543655e-05, 0.000171478721313, 0.00126147759147, 0.00132607447449, 0.00107567431405, 0.00129021867178, 0.00143846462015, 0.00169350788929, 0.000250855344348, 0.000268301722826, 0.00025342599838, 0.00451033236459, 0.00417575240135, 0.00221996172331, 0.000175321154529]
        var: [0.0155743248761, 0.01504559163, 0.0358475781977, 0.0939287990332, 0.0246332474053, 0.0300642959774, 0.0809321925044, 0.0381443239748, 0.0126510867849, 0.00759642291814, 0.0263045225292, 0.0637353658676, 0.14542363584, 0.0520459078252, 0.011451696977, 0.0118437223136, 0.00647489028051, 0.0280473195016, 0.0974293351173, 0.0511775054038, 0.0223588012159, 0.0187303740531, 0.0162520390004, 0.0280308015645, 0.0497017987072, 0.032048150897, 0.0587806925178, 0.131985649467, 0.0347877331078, 0.00704898545519, 0.00485476385802, 0.00845465809107, 0.0205983947963, 0.0534668937325, 0.0228137411177, 0.0115922484547]
    chords_histogram: [61.8181800842, 1.36363637447, 4.54545450211, 0, 0, 0, 0, 0, 0, 0, 0, 0, 0, 0, 0, 0, 0, 15, 0, 5.45454549789, 0, 0, 11.8181819916, 0]
    thpcp: [1, 0.522883415222, 0.0892257541418, 0.067861430347, 0.0587329417467, 0.228223502636, 0.413491159678, 0.269297093153, 0.0986027270555, 0.0799094513059, 0.0863510668278, 0.181330710649, 0.24388641119, 0.181208863854, 0.497899025679, 0.772564828396, 0.390683501959, 0.0656665489078, 0.0396500229836, 0.0503605678678, 0.162932783365, 0.271900594234, 0.174439772964, 0.0738749876618, 0.0991373956203, 0.111278213561, 0.273858338594, 0.408746391535, 0.230224221945, 0.211831301451, 0.338970690966, 0.22274595499, 0.0938363000751, 0.086079634726, 0.132901549339, 0.619059920311]
    chords_key: "F#"
    chords_scale: "major"
    key_key: "F#"
    key_scale: "major"
    chords_progression: ["B", "B", "B", "B", "B", "B", "B", "B", "B", "F#m", "F#m", "F#m", "F#m", "F#m", "F#m", "F#m", "F#m", "F#m", "F#m", "F#", "F#", "F#m", "F#m", "F#m", "F#m", "F#m", "F#m", "F#m", "F#m", "F#m", "F#m", "F#m", "F#", "F#", "F#", "F#m", "F#m", "C#m", "C#m", "C#m", "C#m", "C#m", "C#m", "C#", "C#", "C#", "C#m", "C#m", "C#m", "C#m", "C#m", "C#m", "C#", "C#", "C#", "C#", "C#", "C#", "C#", "F#m", "F#m", "F#m", "F#m", "F#m", "F#m", "F#m", "F#m", "F#m", "F#m", "F#", "F#", "F#", "F#", "F#", "F#", "F#", "F#", "F#", "F#", "F#", "F#", "F#", "F#", "F#", "F#", "F#", "F#", "F#", "F#", "F#", "F#", "F#", "F#", "F#", "F#", "F#", "F#", "F#", "F#", "F#", "F#", "F#", "F#", "F#", "F#", "F#", "A#m", "A#m", "A#m", "F#", "F#", "F#", "F#", "F#", "F#", "F#", "F#", "F#", "F#", "F#", "F#", "F#", "F#", "F#", "F#", "F#", "F#", "F#", "F#", "F#", "F#", "F#", "F#", "F#", "F#", "F#", "F#", "F#", "F#", "F#", "F#", "F#", "F#", "F#", "F#", "F#", "F#", "F#", "F#", "F#", "F#", "F#", "F#", "F#", "F#", "F#", "F#", "F#", "F#", "F#", "F#", "F#", "F#", "F#", "F#", "F#", "F#", "F#", "B", "B", "B", "B", "B", "B", "B", "B", "B", "B", "B", "B", "B", "B", "B", "B", "B", "F#", "F#", "F#", "F#", "F#", "F#", "F#", "F#", "F#", "F#", "F#", "F#", "F#", "F#", "F#", "F#", "F#", "F#", "F#", "F#", "F#", "F#", "F#", "F#", "F#", "F#", "F#", "F#", "F#", "F#", "F#", "F#", "F#", "F#", "F#"]
