
metadata:
    version:
        essentia: "1.2.2"
    audio_properties:
        analysis_sample_rate: 44100
        bitrate: 128
        channels: 2
        equal_loudness: 1
        length: 10.0048980713
        replay_gain: -3.52081871033
        downmix: "mix"
    tags:
        track: 23
        year: 0
        album: "Splitted by Mp3Splt v. 2.1"
        artist: "From 003.40 To 003.50"
        comment: "http://mp3splt.sf.net"
        genre: ""
        title: "05 Lullabye.mp3"

highlevel:
    ballroom:
        all:
            ChaChaCha: 0.00243409560062
            Jive: 0.00193335814402
            Quickstep: 0.00278429803438
            Rumba-American: 0.00539934402332
            Rumba-International: 0.0631691515446
            Rumba-Misc: 0.148212119937
            Samba: 0.00197735219263
            Tango: 0.0115280486643
            VienneseWaltz: 0.0863030031323
            Waltz: 0.676259219646
        probability: 0.676259219646
        value: "Waltz"
    culture:
        all:
            non_western: 0.868236362934
            western: 0.131763622165
        probability: 0.868236362934
        value: "non_western"
    gender:
        all:
            female: 0.781781375408
            male: 0.218218609691
        probability: 0.781781375408
        value: "female"
    genre_dortmund:
        all:
            alternative: 0.108427420259
            blues: 0.002951905597
            electronic: 0.520284771919
            folkcountry: 0.0568019710481
            funksoulrnb: 0.00424874061719
            jazz: 0.225577324629
            pop: 0.0329458639026
            raphiphop: 0.00566710857674
            rock: 0.0430948846042
        probability: 0.520284771919
        value: "electronic"
    genre_electronica:
        all:
            ambient: 0.986593186855
            dnb: 0.000461745948996
            house: 0.00831616017967
            techno: 0.00208195438609
            trance: 0.00254696444608
        probability: 0.986593186855
        value: "ambient"
    genre_rosamerica:
        all:
            cla: 0.182035028934
            dan: 0.0261434260756
            hip: 0.026223083958
            jaz: 0.43495246768
            pop: 0.0267276279628
            rhy: 0.0972052514553
            roc: 0.196119830012
            spe: 0.0105932839215
        probability: 0.43495246768
        value: "jaz"
    genre_tzanetakis:
        all:
            blu: 0.121159180999
            cla: 0.291729927063
            cou: 0.0681009143591
            dis: 0.0299992524087
            hip: 0.0200864654034
            jaz: 0.303854227066
            met: 0.0205776765943
            pop: 0.0294822324067
            reg: 0.0567625537515
            roc: 0.0582475811243
        probability: 0.303854227066
        value: "jaz"
    live_studio:
        all:
            live: 0.0592865645885
            studio: 0.940713405609
        probability: 0.940713405609
        value: "studio"
    mood:
        all:
            Cluster1: 0.0564353726804
            Cluster2: 0.0150947803631
            Cluster3: 0.902735948563
            Cluster4: 0.01383329276
            Cluster5: 0.0119005804881
        probability: 0.902735948563
        value: "Cluster3"
    mood_acoustic:
        all:
            acoustic: 0.357071012259
            not_acoustic: 0.642928957939
        probability: 0.642928957939
        value: "not_acoustic"
    mood_aggressive:
        all:
            aggressive: 0.0106120919809
            not_aggressive: 0.98938792944
        probability: 0.98938792944
        value: "not_aggressive"
    mood_electronic:
        all:
            electronic: 0.832058846951
            not_electronic: 0.167941153049
        probability: 0.832058846951
        value: "electronic"
    mood_happy:
        all:
            happy: 0.0267516914755
            not_happy: 0.973248302937
        probability: 0.973248302937
        value: "not_happy"
    mood_party:
        all:
            not_party: 0.990925490856
            party: 0.0090744830668
        probability: 0.990925490856
        value: "not_party"
    mood_relaxed:
        all:
            not_relaxed: 0.0176580119878
            relaxed: 0.982342004776
        probability: 0.982342004776
        value: "relaxed"
    mood_sad:
        all:
            not_sad: 0.0488721616566
            sad: 0.951127827168
        probability: 0.951127827168
        value: "sad"
    rhythm:
        all:
            fast: 0.0786188021302
            medium: 0.0522196851671
            slow: 0.869161486626
        probability: 0.869161486626
        value: "slow"
    speech_music:
        all:
            music: 0.999989390373
            speech: 1.0613145605e-05
        probability: 0.999989390373
        value: "music"
    timbre:
        all:
            bright: 0.0751177296042
            dark: 0.924882292747
        probability: 0.924882292747
        value: "dark"
    voice_instrumental:
        all:
            instrumental: 0.999999940395
            voice: 3.52167646156e-08
        probability: 0.999999940395
        value: "instrumental"

lowlevel:
    average_loudness: 0.968479454517
    barkbands_kurtosis:
        dmean: 1.16770386696
        dmean2: 1.72234940529
        dvar: 3.72738385201
        dvar2: 9.38236999512
        max: 21.1676521301
        mean: 1.33550620079
        min: -1.4305639267
        var: 7.68255567551
    barkbands_skewness:
        dmean: 0.326787412167
        dmean2: 0.505803465843
        dvar: 0.10318903625
        dvar2: 0.312388420105
        max: 3.9342815876
        mean: 0.366300165653
        min: -2.50803232193
        var: 0.904566347599
    barkbands_spread:
        dmean: 0.618173241615
        dmean2: 0.800755500793
        dvar: 0.557071626186
        dvar2: 0.897495508194
        max: 16.6389484406
        mean: 4.35089874268
        min: 0.744533061981
        var: 5.79280281067
    dissonance:
        dmean: 0.0395037159324
        dmean2: 0.0661493167281
        dvar: 0.00144539296161
        dvar2: 0.00445386767387
        max: 0.438576877117
        mean: 0.24470475316
        min: 0.0663396641612
        var: 0.00719724968076
    hfc:
        dmean: 0.299214810133
        dmean2: 0.390825182199
        dvar: 0.374700605869
        dvar2: 0.696839869022
        max: 9.99319076538
        mean: 1.65753650665
        min: 0.00516155268997
        var: 1.25573849678
    pitch:
        dmean: 31.6661376953
        dmean2: 60.8566055298
        dvar: 4557.37451172
        dvar2: 10748.5820312
        max: 588
        mean: 209.767532349
        min: 72.6523895264
        var: 9383.35449219
    pitch_instantaneous_confidence:
        dmean: 0.0346978195012
        dmean2: 0.0494268350303
        dvar: 0.00158984772861
        dvar2: 0.00270064221695
        max: 0.925498962402
        mean: 0.677868783474
        min: 0.321871519089
        var: 0.0182800665498
    pitch_salience:
        dmean: 0.0370533429086
        dmean2: 0.0556265972555
        dvar: 0.00124994094949
        dvar2: 0.00278865266591
        max: 0.715147674084
        mean: 0.444881975651
        min: 0.239771813154
        var: 0.00693038851023
    silence_rate_20dB:
        dmean: 0
        dmean2: 0
        dvar: 0
        dvar2: 0
        max: 1
        mean: 1
        min: 1
        var: 0
    silence_rate_30dB:
        dmean: 0
        dmean2: 0
        dvar: 0
        dvar2: 0
        max: 1
        mean: 1
        min: 1
        var: 0
    silence_rate_60dB:
        dmean: 0.0603248253465
        dmean2: 0.118604652584
        dvar: 0.0566858686507
        dvar2: 0.123142667115
        max: 1
        mean: 0.289351850748
        min: 0
        var: 0.205627530813
    spectral_centroid:
        dmean: 30.7812652588
        dmean2: 44.5709571838
        dvar: 1157.68444824
        dvar2: 2688.43017578
        max: 739.166320801
        mean: 351.139007568
        min: 164.464431763
        var: 9062.12988281
    spectral_complexity:
        dmean: 0.513953506947
        dmean2: 0.850815832615
        dvar: 0.421896725893
        dvar2: 0.854199230671
        max: 9
        mean: 5.10672855377
        min: 0
        var: 2.06285643578
    spectral_crest:
        dmean: 1.70914971828
        dmean2: 2.68979668617
        dvar: 2.37561607361
        dvar2: 6.25006866455
        max: 24.585149765
        mean: 13.5293617249
        min: 4.70729112625
        var: 18.6239452362
    spectral_decrease:
        dmean: 2.49528370189e-10
        dmean2: 3.68071906287e-10
        dvar: 1.48442097491e-19
        dvar2: 3.12218443329e-19
        max: -3.28191380322e-12
        mean: -1.21692733668e-09
        min: -5.68852964733e-09
        var: 4.81406346905e-19
    spectral_energy:
        dmean: 0.000967118947301
        dmean2: 0.00142275867984
        dvar: 2.26509678214e-06
        dvar2: 4.73822592539e-06
        max: 0.0223762392998
        mean: 0.00474330130965
        min: 1.2854866327e-05
        var: 7.33382830731e-06
    spectral_energyband_high:
        dmean: 2.76547531541e-08
        dmean2: 4.66499123775e-08
        dvar: 2.32553933284e-15
        dvar2: 6.40822098619e-15
        max: 5.87015392739e-07
        mean: 1.07050887266e-07
        min: 1.41088127292e-10
        var: 1.02141170481e-14
    spectral_energyband_low:
        dmean: 0.000247980875429
        dmean2: 0.000337006669724
        dvar: 1.68106794263e-07
        dvar2: 2.67553019739e-07
        max: 0.00665656430647
        mean: 0.000714936293662
        min: 6.61907719746e-08
        var: 7.58976796078e-07
    spectral_energyband_middle_high:
        dmean: 8.50323049235e-05
        dmean2: 9.34343333938e-05
        dvar: 2.74858482641e-08
        dvar2: 4.31794902056e-08
        max: 0.00232218042947
        mean: 0.000324541906593
        min: 3.24414735076e-08
        var: 1.80951602147e-07
    spectral_energyband_middle_low:
        dmean: 0.000800201727543
        dmean2: 0.00118434336036
        dvar: 2.04537377613e-06
        dvar2: 4.31867238149e-06
        max: 0.0212021842599
        mean: 0.00370367756113
        min: 1.27326575239e-05
        var: 5.83781275054e-06
    spectral_flatness_db:
        dmean: 0.0188509318978
        dmean2: 0.0310277137905
        dvar: 0.000361973012332
        dvar2: 0.000936438096687
        max: 0.60062199831
        mean: 0.420157849789
        min: 0.236277133226
        var: 0.00587123492733
    spectral_flux:
        dmean: 0.00609897682443
        dmean2: 0.0101499389857
        dvar: 0.000111084533273
        dvar2: 0.000299936073134
        max: 0.134088292718
        mean: 0.0163410007954
        min: 0.00275251735002
        var: 0.000142088814755
    spectral_kurtosis:
        dmean: 27.295627594
        dmean2: 47.9076576233
        dvar: 991.642944336
        dvar2: 2759.37768555
        max: 387.038696289
        mean: 121.582092285
        min: 20.4670734406
        var: 5440.74267578
    spectral_rms:
        dmean: 0.000213034756598
        dmean2: 0.000316917401506
        dvar: 8.67919709435e-08
        dvar2: 1.83236309681e-07
        max: 0.00467230984941
        mean: 0.00207279296592
        min: 0.00011198809807
        var: 3.31142729237e-07
    spectral_rolloff:
        dmean: 57.1381034851
        dmean2: 99.9361495972
        dvar: 17004.5566406
        dvar2: 31550.2890625
        max: 1313.52539062
        mean: 548.372497559
        min: 150.732421875
        var: 45540.8867188
    spectral_skewness:
        dmean: 1.06167268753
        dmean2: 1.85888624191
        dvar: 0.817677140236
        dvar2: 2.34369802475
        max: 16.0012531281
        mean: 8.76078510284
        min: 4.24666070938
        var: 8.02913951874
    spectral_spread:
        dmean: 320444.21875
        dmean2: 554654.875
        dvar: 217791627264
        dvar2: 367628779520
        max: 9197888
        mean: 1090746.375
        min: 279984.5
        var: 303490105344
    spectral_strongpeak:
        dmean: 0.146552875638
        dmean2: 0.245614588261
        dvar: 0.0358146466315
        dvar2: 0.104706458747
        max: 1.59412181377
        mean: 0.588658154011
        min: 0.0133621310815
        var: 0.11886767298
    zerocrossingrate:
        dmean: 0.0016590206651
        dmean2: 0.00202483055182
        dvar: 3.13770578941e-06
        dvar2: 4.42255668531e-06
        max: 0.04296875
        mean: 0.0189353432506
        min: 0.00634765625
        var: 2.95296213153e-05
    barkbands:
        dmean: [1.22962177329e-07, 7.35147768864e-05, 0.000218232045881, 0.000317808444379, 0.000240275243414, 0.000170238199644, 0.000160231938935, 0.000161551681231, 2.00221893465e-05, 5.7003202528e-05, 1.18511179608e-05, 1.61358984769e-05, 8.16076681076e-06, 3.22725441038e-07, 5.3437332781e-07, 2.30760136333e-07, 3.77145852326e-07, 1.99057069494e-07, 1.78497941761e-07, 5.23991658952e-08, 1.72290750555e-08, 4.74854777721e-09, 1.52121715224e-09, 1.17506249175e-09, 9.20097720236e-10, 2.71820094211e-10, 2.54176346637e-10]
        dmean2: [1.35352564712e-07, 9.03906111489e-05, 0.000309801253024, 0.000581624684855, 0.000310484494548, 0.000228877863265, 0.000192783336388, 0.000179367911187, 3.26935805788e-05, 6.10415299889e-05, 1.7655767806e-05, 1.72288928297e-05, 9.12133782549e-06, 4.86572503178e-07, 7.93300614532e-07, 3.69950726054e-07, 5.63824130495e-07, 3.13886516778e-07, 2.83668555312e-07, 8.62683506853e-08, 2.84196897127e-08, 8.64164473313e-09, 2.57843302265e-09, 2.10557260516e-09, 1.57755275509e-09, 4.3757480972e-10, 4.02437305702e-10]
        dvar: [5.10546422847e-12, 9.1457810214e-09, 1.5957988353e-07, 3.47153701341e-07, 2.0435101078e-07, 5.8116540913e-07, 1.43816777154e-07, 1.57167860948e-07, 1.03825126274e-08, 1.96965803667e-08, 3.36353278563e-09, 5.37841016168e-09, 2.25015250876e-09, 3.84746379721e-13, 5.17764704808e-13, 9.49667251847e-14, 2.86734503328e-13, 1.36975107363e-13, 1.08418428315e-13, 8.69915203511e-15, 7.12263070264e-16, 7.41495024307e-17, 7.18339360373e-18, 5.23355808714e-18, 4.18667747672e-18, 2.0752423013e-18, 2.34160024881e-18]
        dvar2: [5.11904104175e-12, 1.39273268474e-08, 2.53042458098e-07, 1.38110317494e-06, 2.98696164691e-07, 9.42119754654e-07, 2.0633355291e-07, 2.64231999836e-07, 2.49053062618e-08, 2.936361021e-08, 5.84406434356e-09, 7.78391395784e-09, 3.24965609977e-09, 1.03110109426e-12, 1.1205199095e-12, 2.48909372931e-13, 6.17033279939e-13, 3.15185432007e-13, 2.6354385254e-13, 2.19353716777e-14, 1.88457059237e-15, 2.2133185317e-16, 1.75381215754e-17, 1.29332219945e-17, 9.28768648814e-18, 2.20960703846e-18, 2.4300339213e-18]
        max: [4.69637307106e-05, 0.00108501513023, 0.00626203930005, 0.00415985379368, 0.0101119661704, 0.0115734962747, 0.00676803709939, 0.00642725871876, 0.00137656950392, 0.00181364116725, 0.00101254321635, 0.00144225719851, 0.00109251798131, 6.24245512881e-06, 9.3690241556e-06, 3.00093506667e-06, 6.80781931806e-06, 4.94167670695e-06, 5.65816753806e-06, 1.27561361296e-06, 2.54309725278e-07, 9.17235496445e-08, 3.0809946594e-08, 2.83119998556e-08, 2.94967730241e-08, 2.9929427825e-08, 3.17175121722e-08]
        mean: [1.40484161193e-07, 0.000225149153266, 0.000489697034936, 0.000728114449885, 0.00100446329452, 0.000371497968445, 0.00100058678072, 0.000562509056181, 3.60004305549e-05, 0.000162944546901, 5.53415593458e-05, 7.12411347195e-05, 3.03974829876e-05, 8.68244740104e-07, 1.62962237482e-06, 6.43937994482e-07, 8.31786678646e-07, 5.29297267349e-07, 5.22141476722e-07, 1.32804302666e-07, 4.80645887535e-08, 1.13300844262e-08, 4.81541517772e-09, 3.34522343159e-09, 3.11115133655e-09, 3.73830244538e-10, 2.21413692936e-10]
        min: [8.54407308792e-11, 6.58567334e-09, 5.91086752877e-08, 1.05745741052e-07, 1.0074218153e-06, 8.22178435556e-07, 1.61296679835e-06, 3.79456878363e-07, 3.85980143847e-07, 1.92679183719e-09, 3.7958625132e-10, 1.41995887271e-10, 5.0118670325e-10, 1.31079841426e-10, 4.29496160859e-10, 1.57105953247e-10, 1.40666478465e-10, 1.24265833734e-10, 4.81048430256e-11, 6.29724952739e-11, 6.74058586725e-11, 1.7655554102e-11, 4.41444927488e-12, 2.62666711298e-12, 2.66742682629e-12, 6.89755978028e-13, 2.85326673584e-14]
        var: [5.0993449914e-12, 4.52372184157e-08, 5.48045022697e-07, 6.1375851601e-07, 2.72144279734e-06, 1.26140935208e-06, 1.55778957378e-06, 9.52278696786e-07, 1.07765627533e-08, 1.07302113861e-07, 2.27226948368e-08, 3.47731550221e-08, 1.30487336492e-08, 9.15381377468e-13, 3.00295682418e-12, 3.97093761952e-13, 9.27119709129e-13, 5.53416308006e-13, 5.13255616393e-13, 3.03485433669e-14, 2.52870357337e-15, 1.2817162268e-16, 2.16818663103e-17, 1.2705504135e-17, 1.1811125851e-17, 2.12343053507e-18, 2.35165338838e-18]
    mfcc:
        mean: [-953.973083496, 274.710205078, 19.3941497803, 41.4954833984, -1.19803571701, -17.0684890747, -11.2183504105, -9.26936149597, 0.813780903816, 0.568805575371, 2.17823433876, 3.65865159035, 1.65326976776]
        cov: [[5380.59130859, -357.156646729, -2186.33447266, -1178.83276367, -286.001281738, 518.733215332, 1512.83752441, 931.59197998, -80.2004623413, -373.847167969, -321.158691406, -204.812850952, -22.7177810669], [-357.156646729, 459.451629639, 95.2028503418, -176.404312134, -163.674942017, 22.7534198761, 19.4419307709, 9.26649570465, -3.98722267151, -40.5812492371, -23.2233963013, 10.2856674194, 22.6714191437], [-2186.33447266, 95.2028503418, 1221.13623047, 709.349060059, 135.499633789, -318.584960938, -651.18737793, -370.935913086, 41.8939323425, 152.659896851, 89.5230178833, 2.57362604141, -49.9597015381], [-1178.83276367, -176.404312134, 709.349060059, 753.674987793, 215.292098999, -321.266174316, -480.205230713, -217.160720825, 79.804107666, 133.477813721, 7.81516981125, -112.728057861, -102.002037048], [-286.001281738, -163.674942017, 135.499633789, 215.292098999, 222.239501953, -17.5424613953, -198.114196777, -109.236526489, 21.8491802216, 62.0436782837, 39.3101882935, 39.6936531067, 24.5514736176], [518.733215332, 22.7534198761, -318.584960938, -321.266174316, -17.5424613953, 258.120147705, 257.411743164, 105.924407959, -44.0235595703, -69.5109329224, 13.1230764389, 102.793334961, 78.9911727905], [1512.83752441, 19.4419307709, -651.18737793, -480.205230713, -198.114196777, 257.411743164, 697.454589844, 419.107818604, -35.1602287292, -183.298217773, -128.937149048, -46.1289100647, 8.0753993988], [931.59197998, 9.26649570465, -370.935913086, -217.160720825, -109.236526489, 105.924407959, 419.107818604, 334.209014893, 43.8832855225, -109.740867615, -134.201187134, -103.740180969, -27.5029754639], [-80.2004623413, -3.98722267151, 41.8939323425, 79.804107666, 21.8491802216, -44.0235595703, -35.1602287292, 43.8832855225, 97.3968353271, 25.1815814972, -47.9844741821, -66.4542617798, -26.3301029205], [-373.847167969, -40.5812492371, 152.659896851, 133.477813721, 62.0436782837, -69.5109329224, -183.298217773, -109.740867615, 25.1815814972, 96.3229751587, 54.3792304993, 4.70686864853, -6.40540456772], [-321.158691406, -23.2233963013, 89.5230178833, 7.81516981125, 39.3101882935, 13.1230764389, -128.937149048, -134.201187134, -47.9844741821, 54.3792304993, 134.643035889, 119.796104431, 35.925491333], [-204.812850952, 10.2856674194, 2.57362604141, -112.728057861, 39.6936531067, 102.793334961, -46.1289100647, -103.740180969, -66.4542617798, 4.70686864853, 119.796104431, 206.865280151, 95.4749755859], [-22.7177810669, 22.6714191437, -49.9597015381, -102.002037048, 24.5514736176, 78.9911727905, 8.0753993988, -27.5029754639, -26.3301029205, -6.40540456772, 35.925491333, 95.4749755859, 97.8178863525]]
        icov: [[0.00131356169004, 0.000624393986072, 0.00133962091058, 0.000860561965965, -0.00128445064183, 0.00133222853765, -0.00162370526232, -6.75558185321e-05, 0.000933266943321, 0.000232104110182, 0.000325297936797, 0.000799403816927, 0.000470226688776], [0.000624393986072, 0.00511997938156, -0.000843709800392, 0.00232782098465, 0.00330119836144, -0.000926449196413, 0.00222718552686, -0.00150640076026, 0.000294672005111, 0.00117618450895, 0.00192313804291, 0.000537874468137, -0.000807989272289], [0.00133962091058, -0.000843709800392, 0.00513647170737, -0.00381490006112, 0.00155562732834, -0.000430526095442, 0.000122565441416, -0.000142087359563, 0.00117329403292, 0.00022504889057, 0.000451371015515, -0.000790498452261, -4.50696188636e-06], [0.000860561965965, 0.00232782098465, -0.00381490006112, 0.0123470406979, -0.00957190897316, 0.00862476415932, -0.00286272587255, 0.00069265376078, -0.000262247194769, 0.00118850031868, -9.78989555733e-05, 0.00312616606243, 0.00344776641577], [-0.00128445064183, 0.00330119836144, 0.00155562732834, -0.00957190897316, 0.0217095203698, -0.0136123243719, 0.0120556717739, -0.00582689512521, 0.00106643885374, -0.00329899066128, 0.00465627992526, -0.00444234069437, -0.00464348122478], [0.00133222853765, -0.000926449196413, -0.000430526095442, 0.00862476415932, -0.0136123243719, 0.022271098569, -0.0132876355201, 0.00642664497718, -0.00365427951328, 0.00285941339098, -0.00264447880909, -0.00149347109254, -0.000733684399165], [-0.00162370526232, 0.00222718552686, 0.000122565441416, -0.00286272587255, 0.0120556717739, -0.0132876355201, 0.0266759190708, -0.023914847523, 0.0124646089971, -0.000382985977922, 0.0032349077519, -0.00283666909672, -0.000127085324493], [-6.75558185321e-05, -0.00150640076026, -0.000142087359563, 0.00069265376078, -0.00582689512521, 0.00642664497718, -0.023914847523, 0.0359232090414, -0.0207041278481, 0.00830228533596, -0.00173488934524, 0.00524009484798, -0.000176193003426], [0.000933266943321, 0.000294672005111, 0.00117329403292, -0.000262247194769, 0.00106643885374, -0.00365427951328, 0.0124646089971, -0.0207041278481, 0.0317049585283, -0.0162779223174, 0.0130080208182, -0.00319442828186, 0.00211593951099], [0.000232104110182, 0.00117618450895, 0.00022504889057, 0.00118850031868, -0.00329899066128, 0.00285941339098, -0.000382985977922, 0.00830228533596, -0.0162779223174, 0.039215605706, -0.0234373472631, 0.0136287743226, -0.0044877207838], [0.000325297936797, 0.00192313804291, 0.000451371015515, -9.78989555733e-05, 0.00465627992526, -0.00264447880909, 0.0032349077519, -0.00173488934524, 0.0130080208182, -0.0234373472631, 0.039765805006, -0.0218924507499, 0.00870025437325], [0.000799403816927, 0.000537874468137, -0.000790498452261, 0.00312616606243, -0.00444234069437, -0.00149347109254, -0.00283666909672, 0.00524009484798, -0.00319442828186, 0.0136287743226, -0.0218924507499, 0.0278643090278, -0.0121782207862], [0.000470226688776, -0.000807989272289, -4.50696188636e-06, 0.00344776641577, -0.00464348122478, -0.000733684399165, -0.000127085324493, -0.000176193003426, 0.00211593951099, -0.0044877207838, 0.00870025437325, -0.0121782207862, 0.0247982852161]]
    spectral_contrast:
        mean: [1.30376520247e-07, -1.28211354422e-07, -1.94121327013e-07, 4.06238136463e-08, -6.2536474843e-07, -4.77459479953e-07, 7.6699143392e-06, -4.63353489977e-06, 3.89020556213e-07, 3.63795766134e-06, 3.13899363391e-06, 2.0644504275e-06]
        var: [0.00010334354738, 0.000638679193798, 0.00206184922718, 0.00295022130013, 0.00353257614188, 0.00538098160177, 0.0461488105357, 0.0678074881434, 0.162229657173, 0.358815521002, 0.406723469496, 2.8985645771]

rhythm:
    beats_loudness:
        dmean: 0.00345733994618
        dmean2: 0.00636959029362
        dvar: 1.56969326781e-05
        dvar2: 4.53523825854e-05
        max: 0.0200130548328
        mean: 0.00570268090814
        min: 0.00223837210797
        var: 1.3983518329e-05
    beats_loudness_bass:
        dmean: 0.172810807824
        dmean2: 0.27337256074
        dvar: 0.0214544907212
        dvar2: 0.0451421439648
        max: 0.873152852058
        mean: 0.294248074293
        min: 0.0369805507362
        var: 0.0416951104999
    bpm: 134.440155029
    bpm_confidence: 0
    first_peak_bpm: 134
    first_peak_spread: 0
    first_peak_weight: 0.519999980927
    onset_rate: 2.79862928391
    second_peak_bpm: 181
    second_peak_spread: 0
    second_peak_weight: 0.439999997616
    beats_position: [0.0455569587648, 0.491853237152, 0.938149511814, 1.38444578648, 1.83074212074, 2.2770383358, 2.72333455086, 3.16963076591, 3.61592721939, 4.06222343445, 4.50852012634, 4.9548163414, 5.40111255646, 5.84740924835, 6.19331264496, 6.52542638779, 6.85754108429, 7.18965482712, 7.52176856995, 7.85388326645, 8.18599700928, 8.51811027527, 8.85022449493, 9.1823387146, 9.51445293427, 9.84656620026]
    bpm_estimates: [134.320632935, 134.237457275, 134.41418457, 134.788360596]
    bpm_intervals: [0.446296274662, 0.446296274662, 0.446296274662, 0.446296334267, 0.446296215057, 0.446296215057, 0.446296215057, 0.446296453476, 0.446296215057, 0.446296691895, 0.446296215057, 0.446296215057, 0.446296691895, 0.345903396606, 0.332113742828, 0.332114696503, 0.332113742828, 0.332113742828, 0.332114696503, 0.332113742828, 0.332113265991, 0.332114219666, 0.332114219666, 0.332114219666, 0.332113265991]
    onset_times: [0.0464399084449, 0.127709746361, 0.824308395386, 1.31192743778, 1.49768710136, 1.62539684772, 3.12308382988, 3.99383211136, 4.7020406723, 4.81814050674, 5.00390005112, 5.14321994781, 5.35219955444, 5.49151945114, 5.70049905777, 5.81659841537, 6.04879808426, 6.17650794983, 6.28099775314, 6.40870761871, 6.61768722534, 7.08208608627, 7.27945566177, 7.47682523727, 7.63936519623, 7.85995483398, 9.16027164459, 9.36925125122]
    rubato_start: [6.19331264496]
    rubato_stop: [6.52542638779]
    perceptual_tempo: "unknown"

sfx:
    inharmonicity:
        dmean: 0.0132231730968
        dmean2: 0.0239976588637
        dvar: 0.000556099286769
        dvar2: 0.00157311942894
        max: 0.14378221333
        mean: 0.0106912152842
        min: 2.28673627589e-07
        var: 0.000467487290734
    oddtoevenharmonicenergyratio:
        dmean: 2.23629903793
        dmean2: 4.34700059891
        dvar: 134.045455933
        dvar2: 459.541015625
        max: 118.499107361
        mean: 1.37514173985
        min: 6.96470181083e-07
        var: 70.8120422363
    pitch_after_max_to_before_max_energy_ratio: 1.75244367123
    pitch_centroid: 204.568771362
    pitch_max_to_total: 0.187935039401
    pitch_min_to_total: 0.28074246645
    tristimulus:
        dmean: [0.187541097403, 0.189751684666, 0.00575292808935]
        dmean2: [0.345930695534, 0.350998520851, 0.0102235442027]
        dvar: [0.0583294220269, 0.0574813485146, 0.000106667946966]
        dvar2: [0.151552513242, 0.149112403393, 0.00030241618515]
        max: [0.996435940266, 0.942339718342, 0.107578113675]
        mean: [0.70509403944, 0.285051822662, 0.00653811637312]
        min: [0.0452408641577, 0, 0]
        var: [0.0804800614715, 0.0797067061067, 9.14715128602e-05]

tonal:
    chords_changes_rate: 0.0184331797063
    chords_number_rate: 0.0184331797063
    chords_strength:
        dmean: 0.00323736271821
        dmean2: 0.00200116448104
        dvar: 7.23425409888e-06
        dvar2: 5.62221566724e-06
        max: 0.614474117756
        mean: 0.527185916901
        min: 0.426154613495
        var: 0.00261362758465
    key_strength: 0.807710707188
    tuning_diatonic_strength: 0.649485051632
    tuning_equal_tempered_deviation: 0.0765387266874
    tuning_frequency: 436.204162598
    tuning_nontempered_energy_ratio: 0.624472141266
    hpcp:
        dmean: [0.0855278968811, 0.0704293623567, 0.00775187043473, 0.00706541212276, 0.00518620852381, 0.00523553369567, 0.00909322220832, 0.00605773134157, 0.00832017883658, 0.0120582571253, 0.00628853077069, 0.00308104068972, 0.028875829652, 0.0648184642196, 0.077601633966, 0.0868857353926, 0.0438819825649, 0.0027773801703, 0.00307314959355, 0.014558846131, 0.0490983985364, 0.0540168583393, 0.0380147695541, 0.00207952666096, 0.000464128475869, 0.00403503607959, 0.00941079482436, 0.0139480158687, 0.00996148586273, 0.00116893998347, 0.00218874192797, 0.00546093564481, 0.00493458891287, 0.00398145196959, 0.0367294587195, 0.10336317122]
        dmean2: [0.122835621238, 0.113715663552, 0.0133723393083, 0.00940864440054, 0.00638440391049, 0.00734835211188, 0.0128530915827, 0.00797367375344, 0.012031567283, 0.0174410529435, 0.00952269416302, 0.00562921632081, 0.0495691969991, 0.0997879579663, 0.11250987649, 0.128718823195, 0.0673133656383, 0.00484241778031, 0.00501390267164, 0.0246876627207, 0.0727953389287, 0.0745368972421, 0.059679094702, 0.00386901688762, 0.000871917232871, 0.00757420714945, 0.0142469368875, 0.020128056407, 0.0175791550428, 0.00214790459722, 0.00273815798573, 0.00599317066371, 0.00620919233188, 0.00712315132841, 0.0625195503235, 0.15778721869]
        dvar: [0.0303138960153, 0.00649827811867, 0.000545095768757, 0.00464697834104, 0.00305754039437, 0.000214958941797, 0.000790638383478, 0.000534334394615, 0.000820307934191, 0.00117819628213, 0.000154419234605, 9.72579073277e-05, 0.00315547827631, 0.00939322821796, 0.0116771543398, 0.0166828725487, 0.0035404979717, 7.68251702539e-05, 0.000411159853684, 0.00193467538338, 0.00722479261458, 0.0125373583287, 0.00365243828855, 5.39584980288e-05, 6.81800202074e-06, 0.000211185499211, 0.00049765832955, 0.00136647070758, 0.000725174788386, 1.36218250191e-05, 0.000394543487346, 0.00461460556835, 0.00273577892222, 0.000210914266063, 0.00276966113597, 0.0163595825434]
        dvar2: [0.0527802705765, 0.0134955793619, 0.000970421533566, 0.00477108405903, 0.00308601022698, 0.000364357692888, 0.00135680683888, 0.000669918837957, 0.000914687872864, 0.00150153134018, 0.000285918358713, 0.000236012958339, 0.00704853050411, 0.01872683689, 0.0231894757599, 0.0307730771601, 0.00653988821432, 0.000162869066116, 0.00102770794183, 0.00481727719307, 0.0142813036218, 0.0208034738898, 0.00834797974676, 0.000130937056383, 2.02640494535e-05, 0.000695172464475, 0.000971747504082, 0.00361462775618, 0.00224375864491, 3.9598064177e-05, 0.000397439231165, 0.00464151147753, 0.0027926794719, 0.000554541591555, 0.00700689991936, 0.029728166759]
        max: [1, 0.670417845249, 0.265661895275, 1, 0.814558684826, 0.181571081281, 0.364792108536, 0.273135334253, 0.37758731842, 0.422185242176, 0.198040395975, 0.0779232680798, 0.54531288147, 1, 1, 1, 0.52649140358, 0.09447350353, 0.239864081144, 0.385167807341, 0.772789716721, 1, 0.578678607941, 0.0483833812177, 0.0271580070257, 0.135117992759, 0.328744500875, 0.482972472906, 0.195646494627, 0.0307284668088, 0.291403532028, 1, 0.767895102501, 0.126829832792, 0.438880324364, 1]
        mean: [0.769033551216, 0.324249118567, 0.00579841667786, 0.00620168400928, 0.00490973051637, 0.01105341129, 0.0209433492273, 0.012010444887, 0.0363043658435, 0.0674453750253, 0.0330992005765, 0.00312674348243, 0.0582061484456, 0.218181058764, 0.377270400524, 0.3542791605, 0.141071841121, 0.00198863423429, 0.00225447886623, 0.0120200132951, 0.158575072885, 0.260182529688, 0.113220132887, 0.0015145422658, 0.000348806905095, 0.00276031950489, 0.0194008704275, 0.0278907455504, 0.0117224119604, 0.00112834654283, 0.00221700337715, 0.0054852552712, 0.00440456112847, 0.00246508559212, 0.0561042763293, 0.502902567387]
        min: [0, 0, 0, 0, 0, 0, 5.24812776348e-07, 1.05559558961e-06, 2.55606710198e-06, 2.91004403152e-06, 0, 4.01197070232e-07, 4.29900865129e-07, 3.99519962002e-07, 1.5358262317e-05, 7.20069219824e-05, 0.000149031635374, 1.14091949399e-06, 5.54079917947e-07, 7.07608796802e-06, 0, 0, 0, 0, 0, 0, 0, 0, 0, 4.64622780783e-06, 3.33086859428e-06, 1.04740031759e-07, 3.10167479256e-07, 4.36222535427e-07, 1.75682487225e-06, 0.000696412287652]
        var: [0.112799964845, 0.0398918353021, 0.00045464001596, 0.00460574496537, 0.0030425444711, 0.000786135962699, 0.00313107017428, 0.00112238770816, 0.00336952204816, 0.0108814835548, 0.00254413089715, 0.00012141631305, 0.0107778627425, 0.0791693031788, 0.122419670224, 0.115989997983, 0.0232542101294, 6.78714568494e-05, 0.00031363411108, 0.00211585499346, 0.0388175956905, 0.101654097438, 0.0199346523732, 4.39642753918e-05, 3.56843088412e-06, 0.000133157795062, 0.00213468750007, 0.00373709644191, 0.00070901052095, 9.18723981158e-06, 0.000393053545849, 0.00459185428917, 0.00271425512619, 0.000138882955071, 0.00628942996264, 0.0683317780495]
    chords_histogram: [74.6543807983, 0, 7.37327194214, 0, 0, 0, 0, 0, 0, 0, 0, 0, 0, 0, 0, 0, 0, 8.29493045807, 0, 9.67741966248, 0, 0, 0, 0]
    thpcp: [1, 0.421631962061, 0.00753987487406, 0.00806425698102, 0.00638428656384, 0.0143731199205, 0.0272333361208, 0.0156175820157, 0.0472077801824, 0.0877014696598, 0.043039996177, 0.0040658088401, 0.0756874009967, 0.283708125353, 0.490577310324, 0.460681021214, 0.183440431952, 0.00258588744327, 0.00293157412671, 0.0156300254166, 0.20620046556, 0.338324040174, 0.14722391963, 0.00196940987371, 0.000453565269709, 0.00358933559619, 0.025227598846, 0.0362672694027, 0.0152430431917, 0.00146722665522, 0.00288284360431, 0.00713266059756, 0.00572739774361, 0.00320543302223, 0.0729542598128, 0.653940975666]
    chords_key: "D"
    chords_scale: "major"
    key_key: "D"
    key_scale: "major"
    chords_progression: ["Am", "Am", "Am", "Am", "Am", "Am", "Am", "Am", "Am", "Am", "Am", "Am", "Am", "Am", "Am", "Am", "Am", "Am", "Am", "Am", "Am", "A", "A", "A", "A", "A", "A", "A", "A", "A", "A", "A", "A", "A", "A", "A", "A", "D", "D", "D", "D", "D", "D", "D", "D", "D", "D", "D", "D", "D", "D", "D", "D", "D", "D", "D", "D", "D", "D", "D", "D", "D", "D", "D", "D", "D", "D", "D", "D", "D", "D", "D", "D", "D", "D", "D", "D", "D", "D", "D", "D", "D", "D", "D", "D", "D", "D", "D", "D", "D", "D", "D", "D", "D", "D", "D", "D", "D", "Dm", "Dm", "Dm", "Dm", "Dm", "Dm", "Dm", "Dm", "Dm", "Dm", "Dm", "Dm", "Dm", "Dm", "Dm", "Dm", "Dm", "Dm", "D", "D", "D", "D", "D", "D", "D", "D", "D", "D", "D", "D", "D", "D", "D", "D", "D", "D", "D", "D", "D", "D", "D", "D", "D", "D", "D", "D", "D", "D", "D", "D", "D", "D", "D", "D", "D", "D", "D", "D", "D", "D", "D", "D", "D", "D", "D", "D", "D", "D", "D", "D", "D", "D", "D", "D", "D", "D", "D", "D", "D", "D", "D", "D", "D", "D", "D", "D", "D", "D", "D", "D", "D", "D", "D", "D", "D", "D", "D", "D", "D", "D", "D", "D", "D", "D", "D", "D", "D", "D", "D", "D", "D", "D", "D", "D", "D", "D", "D", "D", "D"]
