
metadata:
    version:
        essentia: "1.2.2"
    audio_properties:
        analysis_sample_rate: 44100
        bitrate: 128
        channels: 2
        equal_loudness: 1
        length: 10.0571432114
        replay_gain: -4.70546150208
        downmix: "mix"
    tags:
        track: 8
        year: 0
        album: "Splitted by Mp3Splt v. 2.1"
        artist: "From 001.10 To 001.20"
        comment: "http://mp3splt.sf.net"
        genre: ""
        title: "11 In the Night.mp3"

highlevel:
    ballroom:
        all:
            ChaChaCha: 0.00183808186557
            Jive: 0.00427827332169
            Quickstep: 0.0133858220652
            Rumba-American: 0.0033237747848
            Rumba-International: 0.0459671728313
            Rumba-Misc: 0.032819531858
            Samba: 0.00216032122262
            Tango: 0.0192761421204
            VienneseWaltz: 0.522915303707
            Waltz: 0.354035556316
        probability: 0.522915303707
        value: "VienneseWaltz"
    culture:
        all:
            non_western: 0.223992839456
            western: 0.776007175446
        probability: 0.776007175446
        value: "western"
    gender:
        all:
            female: 0.799802660942
            male: 0.200197353959
        probability: 0.799802660942
        value: "female"
    genre_dortmund:
        all:
            alternative: 0.251887589693
            blues: 0.000451745669125
            electronic: 0.620963871479
            folkcountry: 0.0362535938621
            funksoulrnb: 0.0022755775135
            jazz: 0.00592947704718
            pop: 0.0206634420902
            raphiphop: 0.000284207228106
            rock: 0.0612905323505
        probability: 0.620963871479
        value: "electronic"
    genre_electronica:
        all:
            ambient: 0.95400840044
            dnb: 0.00305231055245
            house: 0.00189662131015
            techno: 0.000861140491907
            trance: 0.0401815399528
        probability: 0.95400840044
        value: "ambient"
    genre_rosamerica:
        all:
            cla: 0.701920628548
            dan: 0.0214202348143
            hip: 0.00449677649885
            jaz: 0.0278568733484
            pop: 0.0211728382856
            rhy: 0.0342486649752
            roc: 0.185050204396
            spe: 0.0038337612059
        probability: 0.701920628548
        value: "cla"
    genre_tzanetakis:
        all:
            blu: 0.0167434625328
            cla: 0.818377554417
            cou: 0.0285107772797
            dis: 0.0105488738045
            hip: 0.00538220861927
            jaz: 0.0429676137865
            met: 0.013327229768
            pop: 0.0126183135435
            reg: 0.0139074800536
            roc: 0.0376164875925
        probability: 0.818377554417
        value: "cla"
    live_studio:
        all:
            live: 0.444133430719
            studio: 0.555866539478
        probability: 0.555866539478
        value: "studio"
    mood:
        all:
            Cluster1: 0.226658910513
            Cluster2: 0.0789423957467
            Cluster3: 0.604759037495
            Cluster4: 0.0378755927086
            Cluster5: 0.0517640635371
        probability: 0.604759037495
        value: "Cluster3"
    mood_acoustic:
        all:
            acoustic: 0.351907640696
            not_acoustic: 0.648092389107
        probability: 0.648092389107
        value: "not_acoustic"
    mood_aggressive:
        all:
            aggressive: 0.315158516169
            not_aggressive: 0.684841454029
        probability: 0.684841454029
        value: "not_aggressive"
    mood_electronic:
        all:
            electronic: 0.377965629101
            not_electronic: 0.622034370899
        probability: 0.622034370899
        value: "not_electronic"
    mood_happy:
        all:
            happy: 0.169387176633
            not_happy: 0.830612838268
        probability: 0.830612838268
        value: "not_happy"
    mood_party:
        all:
            not_party: 0.924228310585
            party: 0.0757717192173
        probability: 0.924228310585
        value: "not_party"
    mood_relaxed:
        all:
            not_relaxed: 0.311954110861
            relaxed: 0.688045859337
        probability: 0.688045859337
        value: "relaxed"
    mood_sad:
        all:
            not_sad: 0.113032974303
            sad: 0.886967003345
        probability: 0.886967003345
        value: "sad"
    rhythm:
        all:
            fast: 0.00636399257928
            medium: 0.589514493942
            slow: 0.404121488333
        probability: 0.589514493942
        value: "medium"
    speech_music:
        all:
            music: 0.951088070869
            speech: 0.0489119514823
        probability: 0.951088070869
        value: "music"
    timbre:
        all:
            bright: 0.267790734768
            dark: 0.732209265232
        probability: 0.732209265232
        value: "dark"
    voice_instrumental:
        all:
            instrumental: 0.975382626057
            voice: 0.0246173646301
        probability: 0.975382626057
        value: "instrumental"

lowlevel:
    average_loudness: 0.971111655235
    barkbands_kurtosis:
        dmean: 0.737251639366
        dmean2: 1.23976767063
        dvar: 0.567918539047
        dvar2: 1.23838841915
        max: 6.1345949173
        mean: 0.922353804111
        min: -1.52721869946
        var: 1.85244274139
    barkbands_skewness:
        dmean: 0.279619783163
        dmean2: 0.479211747646
        dvar: 0.0572610646486
        dvar2: 0.138264507055
        max: 2.29278683662
        mean: 1.06390786171
        min: -0.0601379610598
        var: 0.184390857816
    barkbands_spread:
        dmean: 1.73796236515
        dmean2: 2.66721224785
        dvar: 2.67672777176
        dvar2: 5.95084953308
        max: 35.4175491333
        mean: 12.8716621399
        min: 5.41107130051
        var: 14.3906507492
    dissonance:
        dmean: 0.0215426757932
        dmean2: 0.035053934902
        dvar: 0.000520181376487
        dvar2: 0.000971351459157
        max: 0.496380567551
        mean: 0.449803978205
        min: 0.00750672072172
        var: 0.0010522879893
    hfc:
        dmean: 0.587587177753
        dmean2: 0.859863519669
        dvar: 0.481033027172
        dvar2: 0.958483815193
        max: 11.1518287659
        mean: 3.26323366165
        min: 0.00016640353715
        var: 2.40239238739
    pitch:
        dmean: 59.2184791565
        dmean2: 111.589241028
        dvar: 7727.22900391
        dvar2: 18567.0996094
        max: 474.19354248
        mean: 178.262817383
        min: 62.4645881653
        var: 6885.47607422
    pitch_instantaneous_confidence:
        dmean: 0.0691585540771
        dmean2: 0.110152006149
        dvar: 0.00296235806309
        dvar2: 0.00774454511702
        max: 0.661685943604
        mean: 0.4043430686
        min: 0.128995418549
        var: 0.00797944609076
    pitch_salience:
        dmean: 0.0542661137879
        dmean2: 0.0879083052278
        dvar: 0.00165160419419
        dvar2: 0.00465320283547
        max: 0.941294670105
        mean: 0.652321755886
        min: 0.401624143124
        var: 0.00480318721384
    silence_rate_20dB:
        dmean: 0
        dmean2: 0
        dvar: 0
        dvar2: 0
        max: 1
        mean: 1
        min: 1
        var: 0
    silence_rate_30dB:
        dmean: 0
        dmean2: 0
        dvar: 0
        dvar2: 0
        max: 1
        mean: 1
        min: 1
        var: 0
    silence_rate_60dB:
        dmean: 0.0923787504435
        dmean2: 0.185185179114
        dvar: 0.0838446617126
        dvar2: 0.183299377561
        max: 1
        mean: 0.230414748192
        min: 0
        var: 0.177323594689
    spectral_centroid:
        dmean: 83.4583816528
        dmean2: 143.483947754
        dvar: 7895.39013672
        dvar2: 19415.6855469
        max: 1627.90869141
        mean: 682.504455566
        min: 366.007293701
        var: 29880.484375
    spectral_complexity:
        dmean: 2.04872393608
        dmean2: 3.32093024254
        dvar: 2.60782980919
        dvar2: 6.41329622269
        max: 27
        mean: 12.9236106873
        min: 0
        var: 9.81592178345
    spectral_crest:
        dmean: 1.64609110355
        dmean2: 2.80693078041
        dvar: 1.63928437233
        dvar2: 4.80094146729
        max: 13.812292099
        mean: 7.18299818039
        min: 3.75970721245
        var: 3.34530210495
    spectral_decrease:
        dmean: 2.55747034661e-10
        dmean2: 4.17810758213e-10
        dvar: 6.90437252917e-20
        dvar2: 1.81090838721e-19
        max: -7.5826409767e-14
        mean: -1.24003218804e-09
        min: -4.21254675587e-09
        var: 3.85307656965e-19
    spectral_energy:
        dmean: 0.00100689788815
        dmean2: 0.00163514178712
        dvar: 1.06726133708e-06
        dvar2: 2.77578601526e-06
        max: 0.0166386533529
        mean: 0.00497615011409
        min: 3.01279669657e-07
        var: 6.0132474573e-06
    spectral_energyband_high:
        dmean: 8.64806224854e-06
        dmean2: 1.12147954496e-05
        dvar: 8.74215200231e-10
        dvar2: 1.36593092392e-09
        max: 0.000608009519055
        mean: 1.86783963727e-05
        min: 8.43240199888e-10
        var: 2.727760684e-09
    spectral_energyband_low:
        dmean: 7.16791910236e-05
        dmean2: 0.000123781501316
        dvar: 7.4997394961e-09
        dvar2: 2.15713686913e-08
        max: 0.000736859510653
        mean: 0.000124217112898
        min: 4.05519138269e-08
        var: 1.81218595685e-08
    spectral_energyband_middle_high:
        dmean: 0.000342879182426
        dmean2: 0.000494448584504
        dvar: 1.17346644402e-07
        dvar2: 2.28007763781e-07
        max: 0.00434806244448
        mean: 0.00126218562946
        min: 6.27640162065e-08
        var: 4.78614197164e-07
    spectral_energyband_middle_low:
        dmean: 0.000868020288181
        dmean2: 0.00147628656123
        dvar: 8.68058805281e-07
        dvar2: 2.33822902374e-06
        max: 0.0135208042338
        mean: 0.00357107189484
        min: 1.91037173636e-07
        var: 4.3734044084e-06
    spectral_flatness_db:
        dmean: 0.0134488735348
        dmean2: 0.0224142000079
        dvar: 0.000116440278362
        dvar2: 0.000313344207825
        max: 0.293769448996
        mean: 0.231290906668
        min: 0.113899432123
        var: 0.000391154608224
    spectral_flux:
        dmean: 0.00543530471623
        dmean2: 0.00914648640901
        dvar: 2.84695415758e-05
        dvar2: 7.0302914537e-05
        max: 0.0644902437925
        mean: 0.0306901931763
        min: 0.015809930861
        var: 7.6464151789e-05
    spectral_kurtosis:
        dmean: 8.66631507874
        dmean2: 15.1234807968
        dvar: 47.5949630737
        dvar2: 134.735961914
        max: 51.4500389099
        mean: 20.3839378357
        min: 2.14758634567
        var: 96.2024307251
    spectral_rms:
        dmean: 0.000219392561121
        dmean2: 0.000353977753548
        dvar: 3.96315726903e-08
        dvar2: 9.25707510646e-08
        max: 0.004028998781
        mean: 0.00214441400021
        min: 1.71444262378e-05
        var: 2.56272471688e-07
    spectral_rolloff:
        dmean: 192.249969482
        dmean2: 321.245391846
        dvar: 45695.2265625
        dvar2: 96704.2421875
        max: 3552.97851562
        mean: 1165.28564453
        min: 473.73046875
        var: 158142.625
    spectral_skewness:
        dmean: 0.599775791168
        dmean2: 1.04535353184
        dvar: 0.22559581697
        dvar2: 0.636905670166
        max: 5.02196359634
        mean: 2.93033003807
        min: 0.940310776234
        var: 0.547142088413
    spectral_spread:
        dmean: 181940.328125
        dmean2: 292064.90625
        dvar: 258827059200
        dvar2: 242919751680
        max: 12870192
        mean: 1692065.125
        min: 1210094.125
        var: 341220687872
    spectral_strongpeak:
        dmean: 0.24786233902
        dmean2: 0.432109594345
        dvar: 0.10207735002
        dvar2: 0.258117705584
        max: 2.15070986748
        mean: 0.44890448451
        min: 0
        var: 0.129279866815
    zerocrossingrate:
        dmean: 0.00406485656276
        dmean2: 0.00527343759313
        dvar: 1.38208315548e-05
        dvar2: 1.99044861802e-05
        max: 0.10302734375
        mean: 0.0405748151243
        min: 0.00341796875
        var: 0.000106459301605
    barkbands:
        dmean: [1.67191256395e-08, 4.15521171817e-05, 4.0750415792e-05, 0.000418062554672, 0.000380029901862, 0.000353824347258, 0.000191327446373, 9.82704295893e-05, 0.000170346742379, 4.97291221109e-05, 0.000227350610658, 9.57697193371e-05, 7.47853409848e-05, 4.10142347391e-05, 8.12641374068e-05, 2.7742522434e-05, 2.61478344328e-05, 3.61532438546e-05, 1.04169639599e-05, 1.13579153549e-05, 1.36707058118e-06, 4.08598509694e-07, 2.54505092556e-08, 4.41937997309e-09, 3.22660320684e-09, 2.35411468097e-10, 2.30035504534e-10]
        dmean2: [2.68267132952e-08, 7.32617409085e-05, 6.9916175562e-05, 0.000700152479112, 0.000707170227543, 0.000624463078566, 0.000233648184803, 0.000156227441039, 0.000221901675104, 7.76877786848e-05, 0.000297152786516, 0.000158811395522, 0.000118336407468, 6.86608036631e-05, 0.000128625586512, 4.41746051365e-05, 4.28313251177e-05, 6.18343765382e-05, 1.66508016264e-05, 1.45694693856e-05, 2.29403963203e-06, 5.39187908544e-07, 3.70838932895e-08, 6.88053924947e-09, 5.368181899e-09, 4.14949630212e-10, 4.17800322117e-10]
        dvar: [1.91971970682e-14, 2.53125098659e-09, 2.7383111334e-09, 3.69705617231e-07, 1.30874695969e-07, 1.39562715162e-07, 3.55241844829e-08, 9.21363074724e-09, 3.85319616214e-08, 2.28610530506e-09, 5.39563060897e-08, 9.41474453953e-09, 6.01466920713e-09, 2.31780883375e-09, 1.2991276499e-08, 1.20813892224e-09, 8.48578485257e-10, 2.18863904777e-09, 1.68537273026e-09, 1.09142284099e-09, 2.36191517733e-11, 1.26771705113e-12, 3.15541520423e-15, 3.45009324173e-17, 1.67620061307e-17, 9.10682944427e-20, 9.50554665539e-20]
        dvar2: [4.81050610587e-14, 7.4791568494e-09, 7.77279840491e-09, 1.0284605878e-06, 4.68256502018e-07, 3.91967404312e-07, 4.15939567233e-08, 2.55475161026e-08, 6.65124275656e-08, 4.52583881483e-09, 9.14371227623e-08, 2.47507987439e-08, 1.34884885483e-08, 6.39025854454e-09, 2.51762237724e-08, 2.55664422966e-09, 1.92307503255e-09, 5.43437161937e-09, 2.95029156661e-09, 1.7587898915e-09, 5.98150556863e-11, 1.4765614946e-12, 7.29575904898e-15, 8.60073482698e-17, 4.19220924706e-17, 2.67673449024e-19, 2.83671096221e-19]
        max: [2.04833213502e-06, 0.000341172359185, 0.000517511856742, 0.00553750060499, 0.0021885575261, 0.00407629506662, 0.0037246812135, 0.000828452815767, 0.00358435045928, 0.000687860534526, 0.00247460510582, 0.00105757429264, 0.00104812113568, 0.000597099831793, 0.00180985615589, 0.000584756140597, 0.000341283681337, 0.000684334838297, 0.000807237112895, 0.000690384826157, 6.30648937658e-05, 2.65611361101e-05, 7.90057242739e-07, 7.34799243673e-08, 4.89400733272e-08, 2.55053445031e-09, 2.19470219776e-09]
        mean: [1.27293446894e-08, 4.95974200021e-05, 7.4610215961e-05, 0.000628666603006, 0.000670979148708, 0.000942944316193, 0.000597548380028, 0.000218467059312, 0.00047591998009, 0.0001458239567, 0.000371307076421, 0.000176088753506, 0.000155484987772, 8.53871897561e-05, 0.000131663386128, 6.63166356389e-05, 6.05640743743e-05, 7.31130494387e-05, 2.01818875212e-05, 2.75317415799e-05, 2.85737974082e-06, 1.00750287402e-06, 5.81244172793e-08, 1.50460639503e-08, 1.03543857932e-08, 3.91167764846e-10, 1.82009698979e-10]
        min: [8.6522039533e-11, 1.95689935367e-08, 1.48708103609e-08, 1.68071974116e-08, 4.9631072585e-08, 5.04237611665e-08, 3.48970097264e-08, 1.66669238411e-08, 1.89185183075e-08, 2.69608726455e-08, 1.50506753727e-08, 2.73446776333e-09, 1.28203936356e-09, 4.96640728542e-09, 3.34579430827e-09, 3.30118399283e-09, 4.54129889249e-09, 3.38917294229e-09, 6.92966017901e-10, 3.62631230599e-10, 3.16044412862e-10, 8.13719994164e-11, 6.81445178063e-11, 5.43185878221e-11, 5.33437807815e-11, 5.05445997556e-11, 1.02312796297e-14]
        var: [9.76999988615e-15, 3.5908827023e-09, 7.77305864119e-09, 8.17917054974e-07, 2.17837808236e-07, 5.45426019016e-07, 2.47933314768e-07, 2.80709500089e-08, 1.57540313239e-07, 1.17527108046e-08, 1.47298152342e-07, 1.95135463343e-08, 1.45331631174e-08, 4.35312186298e-09, 2.81011693914e-08, 4.6200523407e-09, 2.18683959829e-09, 4.48717329959e-09, 2.78632494854e-09, 3.86031961952e-09, 3.03508364274e-11, 6.25312865724e-12, 5.78291288892e-15, 9.80866998422e-17, 5.45252181155e-17, 9.94279949706e-20, 8.11192697653e-20]
    mfcc:
        mean: [-776.963623047, 226.816925049, -79.2238769531, 33.650138855, -19.7603397369, -14.0999126434, -5.97803688049, -11.9288139343, -6.45514917374, -13.7192258835, -4.76638889313, -6.18870449066, -3.44958162308]
        cov: [[1122.75012207, -105.999076843, -114.636978149, 122.20337677, -99.2456741333, 59.1890144348, 29.4369659424, -15.083820343, -26.4021034241, -30.8999195099, -21.5150775909, -13.3978147507, 25.0403575897], [-105.999076843, 228.311645508, 95.4027709961, -36.1300926208, 79.8914871216, -24.9529304504, 5.19486665726, 15.3866586685, 9.11488342285, 8.15828514099, 29.3183040619, 42.0960960388, -30.8796291351], [-114.636978149, 95.4027709961, 132.264770508, -24.692407608, 33.1382217407, -17.6886062622, 8.54270076752, 30.2058448792, 5.4376707077, 2.37930393219, 5.0896692276, 22.0073432922, -3.45925116539], [122.20337677, -36.1300926208, -24.692407608, 147.749847412, -13.4866533279, 62.1374092102, -4.23673963547, -14.6954593658, -12.8519792557, 8.75788593292, 14.65990448, -19.6238994598, 3.34715938568], [-99.2456741333, 79.8914871216, 33.1382217407, -13.4866533279, 76.3153839111, 1.72867071629, 3.50394248962, 5.48367214203, 12.7646780014, 22.9143390656, 11.1579837799, 24.9447460175, -16.018327713], [59.1890144348, -24.9529304504, -17.6886062622, 62.1374092102, 1.72867071629, 68.8979187012, -2.08746671677, -2.27386188507, -10.0393877029, 10.3849573135, 1.13789248466, -15.3409423828, -3.70534086227], [29.4369659424, 5.19486665726, 8.54270076752, -4.23673963547, 3.50394248962, -2.08746671677, 54.883846283, 10.8336296082, 15.1075649261, 5.17458868027, 0.36602845788, 1.52405285835, 13.0661783218], [-15.083820343, 15.3866586685, 30.2058448792, -14.6954593658, 5.48367214203, -2.27386188507, 10.8336296082, 48.9906921387, 7.92901277542, -4.96921777725, -2.26542067528, 4.48500823975, 4.25650978088], [-26.4021034241, 9.11488342285, 5.4376707077, -12.8519792557, 12.7646780014, -10.0393877029, 15.1075649261, 7.92901277542, 50.6764831543, 18.0367164612, 7.88981771469, 7.59636926651, 9.6674823761], [-30.8999195099, 8.15828514099, 2.37930393219, 8.75788593292, 22.9143390656, 10.3849573135, 5.17458868027, -4.96921777725, 18.0367164612, 44.8808403015, 16.1612796783, 6.34582138062, -0.6028393507], [-21.5150775909, 29.3183040619, 5.0896692276, 14.65990448, 11.1579837799, 1.13789248466, 0.36602845788, -2.26542067528, 7.88981771469, 16.1612796783, 45.1452484131, 14.1245775223, 3.57809829712], [-13.3978147507, 42.0960960388, 22.0073432922, -19.6238994598, 24.9447460175, -15.3409423828, 1.52405285835, 4.48500823975, 7.59636926651, 6.34582138062, 14.1245775223, 48.0471572876, 1.79262769222], [25.0403575897, -30.8796291351, -3.45925116539, 3.34715938568, -16.018327713, -3.70534086227, 13.0661783218, 4.25650978088, 9.6674823761, -0.6028393507, 3.57809829712, 1.79262769222, 47.5110931396]]
        icov: [[0.00130094378255, -0.000672769092489, 0.00115038780496, -0.000945036415942, 0.00209222198464, -0.000663326587528, -0.000989406020381, -0.000241855712375, 0.000163738935953, 4.30950058217e-05, 0.00118750112597, -0.00158215395641, -8.7658962002e-05], [-0.000672769092489, 0.0119464416057, -0.00607738737017, 0.00093796121655, -0.00986212678254, 0.00226650875993, -0.000901986844838, 0.00127607199829, -0.000233310071053, 0.00512251444161, -0.00732738059014, -0.000416769617004, 0.00527606159449], [0.00115038780496, -0.00607738737017, 0.0140863684937, -0.00156110490207, 0.00211477023549, 0.00145091174636, -0.000763357849792, -0.00684018339962, 0.00194863660727, -0.00255645625293, 0.00406274897978, -0.00249095261097, -0.00241270940751], [-0.000945036415942, 0.00093796121655, -0.00156110490207, 0.0132725955918, 0.000207985562156, -0.0104681011289, 0.000599697290454, 0.00326660112478, 0.00042077183025, 0.000865351874381, -0.00604500668123, 0.00290524004959, -0.00087387370877], [0.00209222198464, -0.00986212678254, 0.00211477023549, 0.000207985562156, 0.0330028124154, -0.00677528604865, -0.00159254088067, -0.00104452564847, -0.00218239496462, -0.0121414959431, 0.00694242306054, -0.0110483579338, 0.003940846771], [-0.000663326587528, 0.00226650875993, 0.00145091174636, -0.0104681011289, -0.00677528604865, 0.0287144947797, 0.00018383533461, -0.00495428964496, 0.00538296671584, -0.0061410702765, 0.00157370686065, 0.00547242769971, 0.00151602143887], [-0.000989406020381, -0.000901986844838, -0.000763357849792, 0.000599697290454, -0.00159254088067, 0.00018383533461, 0.0225229803473, -0.00323854177259, -0.00470680277795, -0.0017398125492, 0.00119976676069, 0.00242128549144, -0.00583522999659], [-0.000241855712375, 0.00127607199829, -0.00684018339962, 0.00326660112478, -0.00104452564847, -0.00495428964496, -0.00323854177259, 0.02723820135, -0.00486296322197, 0.00667002983391, -0.000921259459574, -4.74656235383e-06, -0.000915780372452], [0.000163738935953, -0.000233310071053, 0.00194863660727, 0.00042077183025, -0.00218239496462, 0.00538296671584, -0.00470680277795, -0.00486296322197, 0.0285716895014, -0.0115617979318, -0.000514902290888, 0.000318831822369, -0.00464525166899], [4.30950058217e-05, 0.00512251444161, -0.00255645625293, 0.000865351874381, -0.0121414959431, -0.0061410702765, -0.0017398125492, 0.00667002983391, -0.0115617979318, 0.0388118252158, -0.0121526820585, 0.00102014606819, 0.00208979193121], [0.00118750112597, -0.00732738059014, 0.00406274897978, -0.00604500668123, 0.00694242306054, 0.00157370686065, 0.00119976676069, -0.000921259459574, -0.000514902290888, -0.0121526820585, 0.0348037071526, -0.00899928901345, -0.00478160940111], [-0.00158215395641, -0.000416769617004, -0.00249095261097, 0.00290524004959, -0.0110483579338, 0.00547242769971, 0.00242128549144, -4.74656235383e-06, 0.000318831822369, 0.00102014606819, -0.00899928901345, 0.033096242696, -0.00440960377455], [-8.7658962002e-05, 0.00527606159449, -0.00241270940751, -0.00087387370877, 0.003940846771, 0.00151602143887, -0.00583522999659, -0.000915780372452, -0.00464525166899, 0.00208979193121, -0.00478160940111, -0.00440960377455, 0.029040871188]]
    spectral_contrast:
        mean: [1.39982958558e-07, -3.60283856082e-08, -3.56489593401e-08, 1.27410100248e-08, -1.14863119904e-07, 1.0451508814e-07, -1.99385817723e-06, 2.43061390393e-06, 2.52519498645e-06, -1.7219119286e-07, -6.36058814507e-08, -8.3667259787e-07]
        var: [0.00017981028941, 0.000509627396241, 0.00113323773257, 0.0013268222101, 0.00139153678901, 0.00366570404731, 0.0237926580012, 0.0562427230179, 0.0715477094054, 0.136294573545, 0.216402038932, 0.495961636305]

rhythm:
    beats_loudness:
        dmean: 0.00289321993478
        dmean2: 0.00505279004574
        dvar: 3.99366990678e-06
        dvar2: 7.28947543394e-06
        max: 0.0117624448612
        mean: 0.00481793284416
        min: 0.00182129314635
        var: 6.2565245571e-06
    beats_loudness_bass:
        dmean: 0.113402664661
        dmean2: 0.206134036183
        dvar: 0.00778534635901
        dvar2: 0.0217917263508
        max: 0.352477312088
        mean: 0.0985262542963
        min: 0.00582905951887
        var: 0.0088902618736
    bpm: 119.988975525
    bpm_confidence: 0
    first_peak_bpm: 119
    first_peak_spread: 0.388888895512
    first_peak_weight: 0.578947365284
    onset_rate: 2.48579549789
    second_peak_bpm: 87
    second_peak_spread: 0
    second_peak_weight: 0.0526315793395
    beats_position: [0.0704500600696, 0.573765218258, 1.077080369, 1.58039557934, 2.08371067047, 2.58702588081, 3.09034109116, 3.5936563015, 4.09697151184, 4.6002869606, 5.10360193253, 5.60691738129, 6.2952876091, 6.79213857651, 7.28898859024, 7.78583908081, 8.28269004822, 8.77954101562, 9.27639102936, 9.77324104309]
    bpm_estimates: [118.790657043, 118.641685486, 121.038002014, 118.814155579, 119.945648193, 118.841957092, 118.438934326, 120.708496094, 121.186325073, 121.167404175, 121.232582092, 120.430160522, 120.03414917, 120.575706482]
    bpm_intervals: [0.503315150738, 0.503315150738, 0.503315210342, 0.503315091133, 0.503315210342, 0.503315210342, 0.503315210342, 0.503315210342, 0.503315448761, 0.503314971924, 0.503315448761, 0.688370227814, 0.496850967407, 0.496850013733, 0.49685049057, 0.496850967407, 0.496850967407, 0.496850013733, 0.496850013733]
    onset_times: [0.0580498874187, 0.232199549675, 0.754648506641, 1.20743763447, 1.71827661991, 2.22911572456, 2.32199549675, 2.68190479279, 3.23918366432, 3.70358276367, 4.23764181137, 4.76009082794, 5.25931978226, 5.31736946106, 5.68888902664, 6.24616765976, 6.7570066452, 6.79183673859, 7.26784563065, 7.70902490616, 8.24308395386, 8.78875255585, 9.10222244263, 9.26476192474, 9.32281208038]
    rubato_start: []
    rubato_stop: []
    perceptual_tempo: "unknown"

sfx:
    inharmonicity:
        dmean: 0.0396242924035
        dmean2: 0.0703612789512
        dvar: 0.00204031239264
        dvar2: 0.00569079816341
        max: 0.357317119837
        mean: 0.0394393391907
        min: 3.49630827259e-05
        var: 0.00212634121999
    oddtoevenharmonicenergyratio:
        dmean: 2.32295608521
        dmean2: 4.42008638382
        dvar: 49.6500930786
        dvar2: 146.278427124
        max: 80.8214950562
        mean: 1.50106990337
        min: 0.00059561530361
        var: 26.9082775116
    pitch_after_max_to_before_max_energy_ratio: 0.790263175964
    pitch_centroid: 212.004501343
    pitch_max_to_total: 0.553240716457
    pitch_min_to_total: 0.44675925374
    tristimulus:
        dmean: [0.24144166708, 0.251205742359, 0.0622456148267]
        dmean2: [0.42524844408, 0.44309669733, 0.110193729401]
        dvar: [0.0324840508401, 0.0385341830552, 0.00430680019781]
        dvar2: [0.09260302037, 0.10779761523, 0.0118095064536]
        max: [0.964080750942, 0.99723637104, 0.360040158033]
        mean: [0.449880242348, 0.471698194742, 0.0517360493541]
        min: [0.00276363757439, 0, 0]
        var: [0.057229872793, 0.0622484646738, 0.00429511955008]

tonal:
    chords_changes_rate: 0
    chords_number_rate: 0.00460829492658
    chords_strength:
        dmean: 0.00228762463666
        dmean2: 0.00288854446262
        dvar: 4.35501578977e-06
        dvar2: 6.96996767147e-06
        max: 0.6688144207
        mean: 0.648516952991
        min: 0.591606020927
        var: 0.000141780430567
    key_strength: 0.776533663273
    tuning_diatonic_strength: 0.572483539581
    tuning_equal_tempered_deviation: 0.0112202009186
    tuning_frequency: 443.572570801
    tuning_nontempered_energy_ratio: 0.603298068047
    hpcp:
        dmean: [0.0197786372155, 0.0257256403565, 0.130818784237, 0.159770101309, 0.112775579095, 0.0334849506617, 0.018189355731, 0.0183976422995, 0.019252570346, 0.022618053481, 0.0212534219027, 0.0363218821585, 0.0656683892012, 0.0420212075114, 0.023491403088, 0.0257676132023, 0.0302885323763, 0.131054610014, 0.161870732903, 0.139610603452, 0.0653556138277, 0.0298733916134, 0.0182443652302, 0.034907437861, 0.0635026842356, 0.0853499248624, 0.163641825318, 0.165441542864, 0.134579598904, 0.0741212368011, 0.047819737345, 0.0149884140119, 0.0220364127308, 0.0319195091724, 0.0417706407607, 0.0328820459545]
        dmean2: [0.0319506675005, 0.0379396080971, 0.201022297144, 0.254091471434, 0.177656233311, 0.0532828606665, 0.02811088413, 0.0291602052748, 0.0318831056356, 0.037279240787, 0.0347537472844, 0.054812669754, 0.0923832133412, 0.0572591796517, 0.0380351915956, 0.0415491908789, 0.0488913394511, 0.205241844058, 0.248896792531, 0.201485976577, 0.113017804921, 0.0482979267836, 0.0301054976881, 0.0572532117367, 0.108063355088, 0.150266230106, 0.27561751008, 0.24563215673, 0.201875582337, 0.131239101291, 0.0847111791372, 0.0269395932555, 0.0375504754484, 0.0502665638924, 0.0689778327942, 0.0564316399395]
        dvar: [0.00273635145277, 0.00161271437537, 0.0152339199558, 0.0446563661098, 0.0137013653293, 0.0110266786069, 0.00415267888457, 0.00167451100424, 0.000673326256219, 0.000935844087508, 0.000799216097221, 0.00110463565215, 0.00474624941126, 0.00181481591426, 0.00170773768332, 0.00291000399739, 0.00242424476892, 0.0114941885695, 0.0311632603407, 0.0128035787493, 0.00627848319709, 0.00343083334155, 0.00178997882176, 0.0011532016797, 0.00481956033036, 0.00689406506717, 0.0163381956518, 0.0260442867875, 0.0155025050044, 0.0106288027018, 0.00538169452921, 0.000481675640913, 0.00114982924424, 0.00139413296711, 0.0039561544545, 0.00411011604592]
        dvar2: [0.00646808044985, 0.00344139174558, 0.034164853394, 0.0879937931895, 0.0357802584767, 0.0238892864436, 0.00735833309591, 0.00368854077533, 0.00130612018984, 0.00211098045111, 0.00196530879475, 0.00290346704423, 0.00961588695645, 0.00373108475469, 0.00422779051587, 0.0063716894947, 0.00641406793147, 0.0298093780875, 0.0663479417562, 0.0285044312477, 0.0173443183303, 0.00640484550968, 0.00286171585321, 0.00319789210334, 0.0146071491763, 0.0211364235729, 0.0502489842474, 0.0504238940775, 0.0349926762283, 0.0328624621034, 0.0170181803405, 0.00139545963611, 0.0034433954861, 0.00365241686814, 0.00980124156922, 0.011012878269]
        max: [0.595855295658, 0.478327780962, 0.866884469986, 1, 1, 0.958419620991, 0.879644393921, 0.619659662247, 0.241361796856, 0.321534663439, 0.185381889343, 0.292111694813, 0.599991798401, 0.337582677603, 0.500066995621, 0.584091842175, 0.371827453375, 1, 1, 1, 0.53804898262, 0.593102693558, 0.515797913074, 0.219441279769, 0.48139205575, 0.50651049614, 0.964525580406, 1, 1, 0.801392912865, 0.610394597054, 0.153583720326, 0.251508146524, 0.382768213749, 0.601600885391, 0.436938017607]
        mean: [0.0211045593023, 0.0373536162078, 0.417201817036, 0.700011372566, 0.329395741224, 0.0394415482879, 0.0339551642537, 0.0320756174624, 0.0374255739152, 0.0427445881069, 0.0379316695035, 0.0675109103322, 0.113442458212, 0.0725657269359, 0.0440895073116, 0.0501374043524, 0.0441394411027, 0.341502845287, 0.689426064491, 0.432855010033, 0.0843493714929, 0.0406810864806, 0.0228682290763, 0.0517763011158, 0.103288605809, 0.114871293306, 0.300070345402, 0.476668059826, 0.284433186054, 0.103423379362, 0.0603200010955, 0.0171365775168, 0.0388852544129, 0.0860332474113, 0.0943933650851, 0.0499317422509]
        min: [0.000254711485468, 0.000685008126311, 0.0252436846495, 0.0310511756688, 0.0134254032746, 0.000764044409152, 0.000952399917878, 0.00217044120654, 0.00338666071184, 0.00275610107929, 0.00269411713816, 0.0140036903322, 0.00655190413818, 0.00879243481904, 0.00220315018669, 0.00131613761187, 0.000961285550147, 0.0376313738525, 0.123825974762, 0.0377754122019, 0.00459804525599, 0.0026158655528, 0.00138262542896, 0.00624543847516, 0.00954407267272, 0.00708245206624, 0.0228950213641, 0.0201231539249, 0.0114036872983, 0.00758251873776, 0.00371431489475, 0.00130263075698, 0.00170076708309, 0.00680551631376, 0.00386502849869, 0.000748338352423]
        var: [0.00325564504601, 0.00265361415222, 0.0457422509789, 0.113482289016, 0.0350702442229, 0.0130444979295, 0.0107828937471, 0.00364529644139, 0.00122058531269, 0.00156278186478, 0.00114358961582, 0.00209816428833, 0.0107591748238, 0.00396947329864, 0.00329481577501, 0.0061705391854, 0.00341660296544, 0.0306735206395, 0.0860730335116, 0.0576983951032, 0.00675315503031, 0.00330226751976, 0.00170005846303, 0.00192056328524, 0.00762445246801, 0.00875606760383, 0.0407787151635, 0.0972065404058, 0.0376065634191, 0.011641160585, 0.00486554438248, 0.000375995761715, 0.00143947615288, 0.00472653424367, 0.00800030212849, 0.00403646659106]
    chords_histogram: [100, 0, 0, 0, 0, 0, 0, 0, 0, 0, 0, 0, 0, 0, 0, 0, 0, 0, 0, 0, 0, 0, 0, 0]
    thpcp: [1, 0.470557689667, 0.0563441552222, 0.0485065877438, 0.0458215661347, 0.0534642376006, 0.0610627047718, 0.0541872195899, 0.0964425876737, 0.162058025599, 0.103663638234, 0.0629839897156, 0.0716236978769, 0.0630553215742, 0.487853288651, 0.984878361225, 0.618354260921, 0.120497144759, 0.0581148937345, 0.0326683670282, 0.073964945972, 0.147552758455, 0.164099186659, 0.428664952517, 0.680943310261, 0.406326532364, 0.147745281458, 0.0861700326204, 0.024480426684, 0.0555494613945, 0.12290263921, 0.134845480323, 0.0713298991323, 0.0301488805562, 0.0533614419401, 0.595992922783]
    chords_key: "D#"
    chords_scale: "minor"
    key_key: "D#"
    key_scale: "minor"
    chords_progression: ["D#m", "D#m", "D#m", "D#m", "D#m", "D#m", "D#m", "D#m", "D#m", "D#m", "D#m", "D#m", "D#m", "D#m", "D#m", "D#m", "D#m", "D#m", "D#m", "D#m", "D#m", "D#m", "D#m", "D#m", "D#m", "D#m", "D#m", "D#m", "D#m", "D#m", "D#m", "D#m", "D#m", "D#m", "D#m", "D#m", "D#m", "D#m", "D#m", "D#m", "D#m", "D#m", "D#m", "D#m", "D#m", "D#m", "D#m", "D#m", "D#m", "D#m", "D#m", "D#m", "D#m", "D#m", "D#m", "D#m", "D#m", "D#m", "D#m", "D#m", "D#m", "D#m", "D#m", "D#m", "D#m", "D#m", "D#m", "D#m", "D#m", "D#m", "D#m", "D#m", "D#m", "D#m", "D#m", "D#m", "D#m", "D#m", "D#m", "D#m", "D#m", "D#m", "D#m", "D#m", "D#m", "D#m", "D#m", "D#m", "D#m", "D#m", "D#m", "D#m", "D#m", "D#m", "D#m", "D#m", "D#m", "D#m", "D#m", "D#m", "D#m", "D#m", "D#m", "D#m", "D#m", "D#m", "D#m", "D#m", "D#m", "D#m", "D#m", "D#m", "D#m", "D#m", "D#m", "D#m", "D#m", "D#m", "D#m", "D#m", "D#m", "D#m", "D#m", "D#m", "D#m", "D#m", "D#m", "D#m", "D#m", "D#m", "D#m", "D#m", "D#m", "D#m", "D#m", "D#m", "D#m", "D#m", "D#m", "D#m", "D#m", "D#m", "D#m", "D#m", "D#m", "D#m", "D#m", "D#m", "D#m", "D#m", "D#m", "D#m", "D#m", "D#m", "D#m", "D#m", "D#m", "D#m", "D#m", "D#m", "D#m", "D#m", "D#m", "D#m", "D#m", "D#m", "D#m", "D#m", "D#m", "D#m", "D#m", "D#m", "D#m", "D#m", "D#m", "D#m", "D#m", "D#m", "D#m", "D#m", "D#m", "D#m", "D#m", "D#m", "D#m", "D#m", "D#m", "D#m", "D#m", "D#m", "D#m", "D#m", "D#m", "D#m", "D#m", "D#m", "D#m", "D#m", "D#m", "D#m", "D#m", "D#m", "D#m", "D#m", "D#m", "D#m", "D#m", "D#m", "D#m", "D#m", "D#m", "D#m", "D#m", "D#m", "D#m", "D#m", "D#m"]
