
metadata:
    version:
        essentia: "1.2.2"
    audio_properties:
        analysis_sample_rate: 44100
        bitrate: 128
        channels: 2
        equal_loudness: 1
        length: 10.0310201645
        replay_gain: -5.38566207886
        downmix: "mix"
    tags:
        track: 54
        year: 0
        album: "Splitted by Mp3Splt v. 2.1"
        artist: "From 008.50 To 009.00"
        comment: "http://mp3splt.sf.net"
        genre: ""
        title: "04 But Not for Me.mp3"

highlevel:
    ballroom:
        all:
            ChaChaCha: 0.0621879398823
            Jive: 0.167100816965
            Quickstep: 0.115821972489
            Rumba-American: 0.0172080118209
            Rumba-International: 0.162701055408
            Rumba-Misc: 0.0440232306719
            Samba: 0.324377894402
            Tango: 0.0282359085977
            VienneseWaltz: 0.0489127486944
            Waltz: 0.0294304098934
        probability: 0.324377894402
        value: "Samba"
    culture:
        all:
            non_western: 0.18985030055
            western: 0.810149669647
        probability: 0.810149669647
        value: "western"
    gender:
        all:
            female: 0.518102169037
            male: 0.481897801161
        probability: 0.518102169037
        value: "female"
    genre_dortmund:
        all:
            alternative: 0.0192271191627
            blues: 0.070393897593
            electronic: 0.00376799236983
            folkcountry: 0.0273782350123
            funksoulrnb: 0.0150578711182
            jazz: 0.817107319832
            pop: 0.0139964334667
            raphiphop: 0.0010945154354
            rock: 0.0319766178727
        probability: 0.817107319832
        value: "jazz"
    genre_electronica:
        all:
            ambient: 0.375136077404
            dnb: 0.372526198626
            house: 0.0483742244542
            techno: 0.0199751313776
            trance: 0.183988392353
        probability: 0.375136077404
        value: "ambient"
    genre_rosamerica:
        all:
            cla: 0.0227946527302
            dan: 0.10482544452
            hip: 0.0240834597498
            jaz: 0.53812533617
            pop: 0.0838862881064
            rhy: 0.0755650475621
            roc: 0.144528344274
            spe: 0.00619141524658
        probability: 0.53812533617
        value: "jaz"
    genre_tzanetakis:
        all:
            blu: 0.00374602549709
            cla: 0.00082303781528
            cou: 0.0164698809385
            dis: 0.0133910020813
            hip: 0.00467787496746
            jaz: 0.86900562048
            met: 0.00163632014301
            pop: 0.0730186402798
            reg: 0.00643017841503
            roc: 0.0108014224097
        probability: 0.86900562048
        value: "jaz"
    live_studio:
        all:
            live: 0.582979917526
            studio: 0.417020082474
        probability: 0.582979917526
        value: "live"
    mood:
        all:
            Cluster1: 0.308153092861
            Cluster2: 0.199279561639
            Cluster3: 0.0658718943596
            Cluster4: 0.154514074326
            Cluster5: 0.272181391716
        probability: 0.308153092861
        value: "Cluster1"
    mood_acoustic:
        all:
            acoustic: 0.374459415674
            not_acoustic: 0.625540614128
        probability: 0.625540614128
        value: "not_acoustic"
    mood_aggressive:
        all:
            aggressive: 0.0535835847259
            not_aggressive: 0.946416437626
        probability: 0.946416437626
        value: "not_aggressive"
    mood_electronic:
        all:
            electronic: 0.200471267104
            not_electronic: 0.799528717995
        probability: 0.799528717995
        value: "not_electronic"
    mood_happy:
        all:
            happy: 0.596271753311
            not_happy: 0.403728246689
        probability: 0.596271753311
        value: "happy"
    mood_party:
        all:
            not_party: 0.787220954895
            party: 0.212779074907
        probability: 0.787220954895
        value: "not_party"
    mood_relaxed:
        all:
            not_relaxed: 0.243429467082
            relaxed: 0.756570518017
        probability: 0.756570518017
        value: "relaxed"
    mood_sad:
        all:
            not_sad: 0.353432059288
            sad: 0.646567940712
        probability: 0.646567940712
        value: "sad"
    rhythm:
        all:
            fast: 0.568881452084
            medium: 0.3684681952
            slow: 0.0626503750682
        probability: 0.568881452084
        value: "fast"
    speech_music:
        all:
            music: 0.998758733273
            speech: 0.00124128663447
        probability: 0.998758733273
        value: "music"
    timbre:
        all:
            bright: 0.285104364157
            dark: 0.714895606041
        probability: 0.714895606041
        value: "dark"
    voice_instrumental:
        all:
            instrumental: 0.978054344654
            voice: 0.0219456572086
        probability: 0.978054344654
        value: "instrumental"

lowlevel:
    average_loudness: 0.970924019814
    barkbands_kurtosis:
        dmean: 1.68040001392
        dmean2: 2.58876419067
        dvar: 5.70898962021
        dvar2: 12.5155715942
        max: 20.7131576538
        mean: 1.21321892738
        min: -1.84758377075
        var: 14.3532934189
    barkbands_skewness:
        dmean: 0.509097933769
        dmean2: 0.748650610447
        dvar: 0.244763031602
        dvar2: 0.493585020304
        max: 4.49726724625
        mean: 1.14972364902
        min: -1.0306032896
        var: 0.970840871334
    barkbands_spread:
        dmean: 5.88905858994
        dmean2: 8.99295425415
        dvar: 31.4304141998
        dvar2: 65.9350585938
        max: 58.9202194214
        mean: 28.584318161
        min: 7.25767660141
        var: 107.273597717
    dissonance:
        dmean: 0.0210011377931
        dmean2: 0.0339174978435
        dvar: 0.000296701240586
        dvar2: 0.000783925526775
        max: 0.49808165431
        mean: 0.44992929697
        min: 0.349273681641
        var: 0.000717942428309
    hfc:
        dmean: 1.44745624065
        dmean2: 2.02643966675
        dvar: 3.08931016922
        dvar2: 5.47132492065
        max: 22.1897792816
        mean: 4.79132318497
        min: 0.0154295070097
        var: 11.2873859406
    pitch:
        dmean: 390.35546875
        dmean2: 750.798522949
        dvar: 1139555
        dvar2: 3131257.75
        max: 4410
        mean: 635.445678711
        min: 78.0531005859
        var: 1256454.875
    pitch_instantaneous_confidence:
        dmean: 0.116318918765
        dmean2: 0.178620949388
        dvar: 0.0106073049828
        dvar2: 0.0244333613664
        max: 0.929895162582
        mean: 0.54661411047
        min: 0.191810786724
        var: 0.0393270403147
    pitch_salience:
        dmean: 0.0697702988982
        dmean2: 0.107264205813
        dvar: 0.00361776375212
        dvar2: 0.00765505572781
        max: 0.804039716721
        mean: 0.559221982956
        min: 0.208672240376
        var: 0.0123669886962
    silence_rate_20dB:
        dmean: 0
        dmean2: 0
        dvar: 0
        dvar2: 0
        max: 1
        mean: 1
        min: 1
        var: 0
    silence_rate_30dB:
        dmean: 0
        dmean2: 0
        dvar: 0
        dvar2: 0
        max: 1
        mean: 1
        min: 1
        var: 0
    silence_rate_60dB:
        dmean: 0.13425925374
        dmean2: 0.266821354628
        dvar: 0.116233684123
        dvar2: 0.242030575871
        max: 1
        mean: 0.288683593273
        min: 0
        var: 0.205345466733
    spectral_centroid:
        dmean: 239.826202393
        dmean2: 354.628112793
        dvar: 59293.4726562
        dvar2: 108773.304688
        max: 2496.71386719
        mean: 1058.2208252
        min: 252.796295166
        var: 214496.828125
    spectral_complexity:
        dmean: 2.29234337807
        dmean2: 3.52325582504
        dvar: 5.23704481125
        dvar2: 11.412238121
        max: 24
        mean: 9.46990776062
        min: 0
        var: 19.3277816772
    spectral_crest:
        dmean: 2.44061303139
        dmean2: 3.70109057426
        dvar: 4.50524616241
        dvar2: 9.42108917236
        max: 23.3694229126
        mean: 9.02859401703
        min: 3.44899630547
        var: 14.4146871567
    spectral_decrease:
        dmean: 3.06561831476e-10
        dmean2: 4.15460110759e-10
        dvar: 9.22995140104e-20
        dvar2: 1.76567220595e-19
        max: -2.45277908227e-12
        mean: -1.10034992229e-09
        min: -3.4934517501e-09
        var: 3.77297886148e-19
    spectral_energy:
        dmean: 0.00124677619897
        dmean2: 0.00168108311482
        dvar: 1.52504981088e-06
        dvar2: 2.91620381176e-06
        max: 0.0140328677371
        mean: 0.00458756042644
        min: 1.06568659248e-05
        var: 6.38398432784e-06
    spectral_energyband_high:
        dmean: 6.03266889811e-05
        dmean2: 8.83745597093e-05
        dvar: 4.52243176241e-09
        dvar2: 8.30846236255e-09
        max: 0.00080858723959
        mean: 0.000159032802912
        min: 1.54681947606e-06
        var: 1.36103910364e-08
    spectral_energyband_low:
        dmean: 0.000404796330258
        dmean2: 0.000560890650377
        dvar: 3.56672444468e-07
        dvar2: 6.0645652411e-07
        max: 0.00570592749864
        mean: 0.000766637269408
        min: 3.0163104725e-07
        var: 1.09800680548e-06
    spectral_energyband_middle_high:
        dmean: 0.000468203623313
        dmean2: 0.000663989107125
        dvar: 4.00666465339e-07
        dvar2: 6.98447990999e-07
        max: 0.00707627320662
        mean: 0.00125342898536
        min: 2.49095205618e-06
        var: 1.34948993491e-06
    spectral_energyband_middle_low:
        dmean: 0.000861367268953
        dmean2: 0.00125003780704
        dvar: 1.06895458885e-06
        dvar2: 2.09835820897e-06
        max: 0.0127006396651
        mean: 0.00240840367042
        min: 6.3169918576e-06
        var: 3.58320539817e-06
    spectral_flatness_db:
        dmean: 0.0171185974032
        dmean2: 0.0250541996211
        dvar: 0.000190347040188
        dvar2: 0.000405790604418
        max: 0.25983145833
        mean: 0.164630204439
        min: 0.106248043478
        var: 0.000759893795475
    spectral_flux:
        dmean: 0.00934754032642
        dmean2: 0.0146808056161
        dvar: 6.45260006422e-05
        dvar2: 0.000146982405568
        max: 0.074283272028
        mean: 0.0342118181288
        min: 0.00326448562555
        var: 0.000185105280252
    spectral_kurtosis:
        dmean: 0.823701858521
        dmean2: 1.37587618828
        dvar: 0.736206829548
        dvar2: 1.85610795021
        max: 10.1080465317
        mean: 3.31790781021
        min: 0.742936611176
        var: 1.62570524216
    spectral_rms:
        dmean: 0.000295439385809
        dmean2: 0.000396318675485
        dvar: 7.09919376618e-08
        dvar2: 1.26294565916e-07
        max: 0.00370008149184
        mean: 0.00202911696397
        min: 0.000101965393696
        var: 3.58354554919e-07
    spectral_rolloff:
        dmean: 639.950622559
        dmean2: 1066.64367676
        dvar: 604378.375
        dvar2: 1200729.125
        max: 4521.97265625
        mean: 2191.05297852
        min: 129.19921875
        var: 1359374.875
    spectral_skewness:
        dmean: 0.146657735109
        dmean2: 0.228622809052
        dvar: 0.0168145857751
        dvar2: 0.040039613843
        max: 2.66646766663
        mean: 1.47212767601
        min: 0.828800797462
        var: 0.0613393522799
    spectral_spread:
        dmean: 466114.6875
        dmean2: 702907.3125
        dvar: 217396690944
        dvar2: 401959747584
        max: 8606329
        mean: 5295903
        min: 3570425.5
        var: 981492629504
    spectral_strongpeak:
        dmean: 0.399491608143
        dmean2: 0.664991855621
        dvar: 0.522458255291
        dvar2: 1.2714881897
        max: 6.68349933624
        mean: 0.619986653328
        min: 0.00516194244847
        var: 0.704039037228
    zerocrossingrate:
        dmean: 0.00943368393928
        dmean2: 0.010982921347
        dvar: 6.59638972138e-05
        dvar2: 8.55631515151e-05
        max: 0.15625
        mean: 0.06704146415
        min: 0.02001953125
        var: 0.000425413047196
    barkbands:
        dmean: [2.46712289709e-07, 6.33100135019e-05, 0.000357752200216, 0.000137370618177, 0.000290418916848, 0.000310429633828, 0.000365201354725, 0.000114458867756, 0.000113819514809, 0.000129841893795, 3.82078505936e-05, 2.82591063296e-05, 2.15301533899e-05, 4.635478399e-05, 4.66875681013e-05, 4.27613813372e-05, 4.45791083621e-05, 0.000137304945383, 0.000140401927638, 6.60653022351e-05, 3.84997038054e-05, 8.17184445623e-06, 1.32592083446e-06, 7.04118406247e-07, 4.45585698117e-07, 2.11016217833e-08, 2.11260745009e-10]
        dmean2: [3.41119914538e-07, 9.88267565845e-05, 0.000495492189657, 0.000221596157644, 0.000480020069517, 0.000493813480716, 0.000519648834597, 0.000167768434039, 0.000154328299686, 0.000186122706509, 5.62998393434e-05, 4.36535010522e-05, 3.17171979987e-05, 6.94075570209e-05, 7.01743556419e-05, 6.66015403112e-05, 6.77963907947e-05, 0.000218323155423, 0.000212672661291, 9.79154792731e-05, 5.81693202548e-05, 1.22311748783e-05, 2.14740680349e-06, 9.86490476862e-07, 6.50655238132e-07, 3.07405052524e-08, 3.51979528856e-10]
        dvar: [4.59030686725e-12, 8.37430924605e-09, 3.04682771457e-07, 4.88909357443e-08, 1.68078187812e-07, 1.65919516348e-07, 5.33883905973e-07, 4.07188487372e-08, 3.61858703002e-08, 8.35486204664e-08, 1.56915049843e-08, 3.99857569278e-09, 1.30858368586e-09, 6.34461638782e-09, 7.48934692041e-09, 1.3878769245e-08, 3.84589116109e-09, 4.71684593606e-08, 3.68326702471e-08, 1.08346629446e-08, 1.82682546868e-09, 9.78248801409e-11, 2.7408119177e-12, 6.33348354231e-13, 3.18060790379e-13, 1.11975934506e-15, 5.76824163804e-19]
        dvar2: [4.6004094631e-12, 1.799103444e-08, 5.21256595221e-07, 1.03961980358e-07, 4.21655414584e-07, 4.39717013023e-07, 8.25069889743e-07, 9.3481652641e-08, 5.56110144601e-08, 1.74037651846e-07, 2.211767125e-08, 8.60032400851e-09, 2.82592016454e-09, 1.21274892351e-08, 1.40279778904e-08, 3.07589083093e-08, 6.78366651741e-09, 8.84019968339e-08, 8.15226570694e-08, 1.78294801145e-08, 3.85292642235e-09, 1.93268373527e-10, 5.70590449889e-12, 1.18038304825e-12, 6.72143222157e-13, 2.62222723393e-15, 6.85380710757e-19]
        max: [4.47456113761e-05, 0.000716785318218, 0.00554551929235, 0.00278217741288, 0.0040587563999, 0.00425191689283, 0.0121459430084, 0.00249430909753, 0.00436321692541, 0.00292597711086, 0.0021350022871, 0.000909072055947, 0.00037765482557, 0.000950938090682, 0.00133818748873, 0.00172570243012, 0.000699639320374, 0.00323761045001, 0.00187734526116, 0.0011725689983, 0.000527365831658, 0.000148948922288, 1.34186211653e-05, 7.97920074547e-06, 5.25312680111e-06, 2.40979119326e-07, 1.52689931809e-08]
        mean: [2.71827360621e-07, 0.000117441559269, 0.000648986140732, 0.000236745632719, 0.000498048088048, 0.000580308435019, 0.000564812566154, 0.000177766036359, 0.00027176446747, 0.000202652634471, 7.46733203414e-05, 5.11838334205e-05, 3.97889925807e-05, 0.000101921395981, 8.11454228824e-05, 6.92215035087e-05, 8.28699776321e-05, 0.000275126541965, 0.000265562150162, 0.000135563721415, 8.43936140882e-05, 2.09902809729e-05, 3.44794966622e-06, 1.77767788045e-06, 1.06008940293e-06, 4.14615186628e-08, 2.29028782051e-10]
        min: [1.1847031689e-10, 1.99153689096e-08, 2.81060238194e-07, 3.90980801512e-07, 3.78282970814e-06, 1.72388737951e-07, 8.98093048818e-08, 2.58058577174e-07, 1.48049593918e-07, 4.12690752682e-08, 1.74627139415e-08, 1.07810059546e-07, 9.3684686675e-09, 4.2844257564e-07, 9.27949415086e-08, 1.25114766547e-07, 2.55266115801e-07, 6.13069857991e-07, 5.33916534096e-07, 3.32871849196e-07, 1.2645903098e-06, 1.79578549364e-07, 2.97615727618e-08, 1.92523081921e-08, 5.72259084564e-09, 3.3407840383e-10, 6.54060681483e-13]
        var: [4.64327664859e-12, 1.97897875864e-08, 9.50860282956e-07, 9.24883423181e-08, 2.84576685772e-07, 4.39722839474e-07, 1.46004163071e-06, 9.04324863882e-08, 3.6544025761e-07, 1.51295623141e-07, 4.41800551698e-08, 6.58328458414e-09, 3.44736728053e-09, 2.83758669894e-08, 1.66095937004e-08, 1.89095725744e-08, 9.37924227173e-09, 1.31689773752e-07, 9.56810097819e-08, 2.66562523166e-08, 4.81756901038e-09, 2.87094847895e-10, 5.95195854408e-12, 1.70709399307e-12, 6.76864705777e-13, 1.67376685581e-15, 5.77850074558e-19]
    mfcc:
        mean: [-723.146057129, 115.551506042, -26.1112918854, 60.7543945312, -12.8649301529, -11.4580087662, -4.09069776535, -10.4245195389, -4.29374361038, -3.19289422035, 0.275039225817, -7.52226448059, -7.84229183197]
        cov: [[1605.21960449, 143.062316895, -499.726013184, -230.648086548, -15.7680015564, -86.8692932129, 12.8694238663, -18.9003410339, -138.195968628, -32.8227577209, 39.9768218994, -32.2400360107, -10.7377376556], [143.062316895, 340.841094971, -41.0424919128, -51.0760345459, 6.74013471603, 14.2151355743, 13.9994564056, 5.75552129745, -26.9339065552, 10.3002109528, 30.7043819427, 0.738277077675, -6.33963871002], [-499.726013184, -41.0424919128, 527.744689941, 155.988693237, 5.07173871994, 112.661407471, 1.73716521263, -7.46009540558, 108.172874451, 31.5808448792, -18.3574523926, 80.1415863037, 42.1860313416], [-230.648086548, -51.0760345459, 155.988693237, 184.898925781, 97.1928710938, 45.4617729187, 47.9970245361, 39.9711341858, 51.5043106079, 49.8158340454, 25.3261947632, 18.8552131653, 3.93506336212], [-15.7680015564, 6.74013471603, 5.07173871994, 97.1928710938, 140.059906006, 60.5940246582, 66.8754653931, 50.9646606445, 19.2939796448, 36.1791877747, 32.2622108459, -5.92535114288, -10.2331314087], [-86.8692932129, 14.2151355743, 112.661407471, 45.4617729187, 60.5940246582, 125.668464661, 44.9494667053, 15.6714954376, 47.0664367676, 14.689868927, 3.17155337334, 22.8896350861, 17.6745185852], [12.8694238663, 13.9994564056, 1.73716521263, 47.9970245361, 66.8754653931, 44.9494667053, 98.403465271, 64.0407485962, 17.3418655396, 26.9705944061, 12.369846344, -2.87279868126, 1.08304107189], [-18.9003410339, 5.75552129745, -7.46009540558, 39.9711341858, 50.9646606445, 15.6714954376, 64.0407485962, 85.3688583374, 30.9656982422, 26.7315731049, 14.4046173096, -13.8593082428, -15.5081148148], [-138.195968628, -26.9339065552, 108.172874451, 51.5043106079, 19.2939796448, 47.0664367676, 17.3418655396, 30.9656982422, 82.3242721558, 41.6043205261, 3.85284304619, 10.1530075073, 2.42124700546], [-32.8227577209, 10.3002109528, 31.5808448792, 49.8158340454, 36.1791877747, 14.689868927, 26.9705944061, 26.7315731049, 41.6043205261, 84.1274795532, 37.4682388306, -0.97835367918, -10.3475408554], [39.9768218994, 30.7043819427, -18.3574523926, 25.3261947632, 32.2622108459, 3.17155337334, 12.369846344, 14.4046173096, 3.85284304619, 37.4682388306, 66.5883865356, 17.5646362305, -21.864440918], [-32.2400360107, 0.738277077675, 80.1415863037, 18.8552131653, -5.92535114288, 22.8896350861, -2.87279868126, -13.8593082428, 10.1530075073, -0.97835367918, 17.5646362305, 66.5568466187, 28.3014945984], [-10.7377376556, -6.33963871002, 42.1860313416, 3.93506336212, -10.2331314087, 17.6745185852, 1.08304107189, -15.5081148148, 2.42124700546, -10.3475408554, -21.864440918, 28.3014945984, 77.8855056763]]
        icov: [[0.00102651503403, -0.000102330246591, 0.000619613274466, 0.00111842830665, -0.000571970478632, 0.000233785336604, -0.000616911042016, 0.000407006358728, 0.000376935378881, -0.000274421152426, -0.000356559205102, -0.000491584767587, -0.000267149473075], [-0.000102330246591, 0.003649239894, -0.000770839687902, 0.00200457475148, -0.000321585772326, -0.00107237615157, 0.000152423119289, -0.00117194431368, 0.00244393292814, -0.00108067726251, -0.00205732579343, 0.00074036658043, -0.000501321686897], [0.000619613274466, -0.000770839687902, 0.00611977931112, -0.00544436089694, 0.00413688598201, -0.00404511252418, 0.00137872179039, 0.000310970965074, -0.00196935608983, -0.00109982688446, 0.00411963369697, -0.00502605037764, 0.00138517690357], [0.00111842830665, 0.00200457475148, -0.00544436089694, 0.0199478194118, -0.014675013721, 0.00809864513576, -0.00385204795748, 0.00217196089216, -0.00305154616944, -0.00137806928251, -0.00335400365293, -0.000211769496673, -0.00197430117987], [-0.000571970478632, -0.000321585772326, 0.00413688598201, -0.014675013721, 0.026001509279, -0.0136749809608, -0.000377403921448, -0.00634085200727, 0.00727287773043, -0.00150572473649, -0.00373893301003, 0.00415263371542, 0.000673195172567], [0.000233785336604, -0.00107237615157, -0.00404511252418, 0.00809864513576, -0.0136749809608, 0.0238288138062, -0.0123033327982, 0.0122913504019, -0.0154749965295, 0.00708358827978, -0.00212247180752, -0.000938185083214, -0.00169168459252], [-0.000616911042016, 0.000152423119289, 0.00137872179039, -0.00385204795748, -0.000377403921448, -0.0123033327982, 0.0333198979497, -0.0250253342092, 0.0139623060822, -0.0091727366671, 0.00697901472449, -0.00386296026409, -0.00161844526883], [0.000407006358728, -0.00117194431368, 0.000310970965074, 0.00217196089216, -0.00634085200727, 0.0122913504019, -0.0250253342092, 0.0383560732007, -0.0209792479873, 0.00865971762687, -0.00589896645397, 0.00524831283838, 0.00228500226513], [0.000376935378881, 0.00244393292814, -0.00196935608983, -0.00305154616944, 0.00727287773043, -0.0154749965295, 0.0139623060822, -0.0209792479873, 0.0398134365678, -0.0190674569458, 0.00823199097067, -0.00352109223604, 0.00138711428735], [-0.000274421152426, -0.00108067726251, -0.00109982688446, -0.00137806928251, -0.00150572473649, 0.00708358827978, -0.0091727366671, 0.00865971762687, -0.0190674569458, 0.0301775336266, -0.0187717154622, 0.0103748887777, -0.00385157926939], [-0.000356559205102, -0.00205732579343, 0.00411963369697, -0.00335400365293, -0.00373893301003, -0.00212247180752, 0.00697901472449, -0.00589896645397, 0.00823199097067, -0.0187717154622, 0.0410019494593, -0.022772712633, 0.0134757021442], [-0.000491584767587, 0.00074036658043, -0.00502605037764, -0.000211769496673, 0.00415263371542, -0.000938185083214, -0.00386296026409, 0.00524831283838, -0.00352109223604, 0.0103748887777, -0.022772712633, 0.034708224237, -0.012934345752], [-0.000267149473075, -0.000501321686897, 0.00138517690357, -0.00197430117987, 0.000673195172567, -0.00169168459252, -0.00161844526883, 0.00228500226513, 0.00138711428735, -0.00385157926939, 0.0134757021442, -0.012934345752, 0.02098916471]]
    spectral_contrast:
        mean: [-8.73330474604e-09, 1.72035981905e-07, 2.49917832207e-07, -1.05127348604e-07, 5.01737076775e-07, -7.44126737118e-07, -5.90251545418e-07, -8.33895910546e-07, -3.06756965074e-06, -1.13235023491e-06, 2.22827543439e-06, 2.83453209704e-06]
        var: [0.000227635435294, 0.000692884728778, 0.00174058100674, 0.00380684295669, 0.00456129200757, 0.00914131198078, 0.0327441059053, 0.0549611262977, 0.0963007882237, 0.147205501795, 0.333033204079, 0.898367762566]

rhythm:
    beats_loudness:
        dmean: 0.00320773036219
        dmean2: 0.00401726178825
        dvar: 5.46007731828e-06
        dvar2: 1.46065331137e-05
        max: 0.0115037858486
        mean: 0.00518318731338
        min: 0.000590149313211
        var: 9.48934757616e-06
    beats_loudness_bass:
        dmean: 0.232009515166
        dmean2: 0.41774854064
        dvar: 0.059415705502
        dvar2: 0.132088676095
        max: 0.860702455044
        mean: 0.239345580339
        min: 0.0221625436097
        var: 0.056420058012
    bpm: 100.67791748
    bpm_confidence: 0
    first_peak_bpm: 101
    first_peak_spread: 0
    first_peak_weight: 1
    onset_rate: 4.58577489853
    second_peak_bpm: 0
    second_peak_spread: 0
    second_peak_weight: 0
    beats_position: [0.046855751425, 0.643519580364, 1.24018347263, 1.8368473053, 2.43351125717, 3.03017497063, 3.62683868408, 4.22350263596, 4.82016658783, 5.41683006287, 6.00235176086, 6.59768199921, 7.19301271439, 7.78834295273, 8.38367366791, 8.97900485992, 9.57433509827]
    bpm_estimates: [100.486160278, 99.5025939941, 99.9916000366, 102.301216125, 100.464324951, 100.653198242, 100.220924377, 102.01071167, 101.527938843, 100.176002502, 100.403846741, 100.39654541]
    bpm_intervals: [0.596663832664, 0.596663892269, 0.596663832664, 0.596663951874, 0.596663713455, 0.596663713455, 0.596663951874, 0.596663951874, 0.596663475037, 0.585521697998, 0.595330238342, 0.595330715179, 0.595330238342, 0.595330715179, 0.595331192017, 0.595330238342]
    onset_times: [0.0464399084449, 0.208979591727, 0.592108845711, 0.940408170223, 1.13777780533, 1.50929701328, 1.55573701859, 1.84598636627, 2.0549659729, 2.46131515503, 2.64707493782, 2.96054410934, 3.03020405769, 3.23918366432, 3.63392281532, 3.81968259811, 4.2492518425, 4.55111122131, 4.85297060013, 5.06195020676, 5.1780500412, 5.29414987564, 5.4334692955, 5.7701587677, 5.9094786644, 5.9675283432, 6.32743787766, 6.45514726639, 6.64090681076, 6.86149644852, 6.98920631409, 7.16335582733, 7.37233543396, 7.46521520615, 7.61614513397, 8.0224943161, 8.27791404724, 8.37079334259, 8.63782310486, 8.76553249359, 8.80036258698, 8.95129299164, 9.38086128235, 9.53179168701, 9.63628101349, 9.83365058899]
    rubato_start: []
    rubato_stop: []
    perceptual_tempo: "unknown"

sfx:
    inharmonicity:
        dmean: 0.0333187840879
        dmean2: 0.0576387792826
        dvar: 0.00208536721766
        dvar2: 0.00571248400956
        max: 0.330996185541
        mean: 0.0321186333895
        min: 0.000148227263708
        var: 0.00206831097603
    oddtoevenharmonicenergyratio:
        dmean: 2.66503095627
        dmean2: 5.10148286819
        dvar: 87.9358444214
        dvar2: 273.777587891
        max: 97.1710739136
        mean: 1.74650478363
        min: 0.000347821012838
        var: 46.4081687927
    pitch_after_max_to_before_max_energy_ratio: 36.7743263245
    pitch_centroid: 226.725006104
    pitch_max_to_total: 0.00231481483206
    pitch_min_to_total: 0.328703701496
    tristimulus:
        dmean: [0.220589056611, 0.225841030478, 0.107919044793]
        dmean2: [0.37917098403, 0.403094351292, 0.193290814757]
        dvar: [0.0408875085413, 0.0406818576157, 0.01375982631]
        dvar2: [0.110225588083, 0.108558297157, 0.0380188599229]
        max: [0.960004329681, 0.950458943844, 0.733484625816]
        mean: [0.452491521835, 0.414489984512, 0.110637411475]
        min: [0.0102183315903, 0, 0]
        var: [0.060300629586, 0.0562913380563, 0.0163007713854]

tonal:
    chords_changes_rate: 0.175115212798
    chords_number_rate: 0.055299539119
    chords_strength:
        dmean: 0.0146028399467
        dmean2: 0.015865566209
        dvar: 0.000130673521198
        dvar2: 0.000163755437825
        max: 0.657745301723
        mean: 0.437773227692
        min: 0.247182652354
        var: 0.00861039664596
    key_strength: 0.441235274076
    tuning_diatonic_strength: 0.37598824501
    tuning_equal_tempered_deviation: 0.12987267971
    tuning_frequency: 441.272583008
    tuning_nontempered_energy_ratio: 0.805563807487
    hpcp:
        dmean: [0.118469446898, 0.12476567179, 0.168406739831, 0.181248933077, 0.163546279073, 0.111294306815, 0.121879249811, 0.123024225235, 0.132641687989, 0.121939308941, 0.0744147896767, 0.0617222860456, 0.0703534930944, 0.057214345783, 0.0634541586041, 0.104681618512, 0.0874938666821, 0.110260821879, 0.124800734222, 0.0827089473605, 0.0851533487439, 0.0985218137503, 0.117153398693, 0.139646992087, 0.111530840397, 0.0932476893067, 0.0958434566855, 0.0989744290709, 0.110331691802, 0.172940954566, 0.171712234616, 0.152916148305, 0.134381428361, 0.133576333523, 0.151898100972, 0.143692195415]
        dmean2: [0.200874850154, 0.213832885027, 0.281871169806, 0.30258834362, 0.284308224916, 0.186934888363, 0.202976956964, 0.211694940925, 0.228283926845, 0.200054973364, 0.123323567212, 0.101023331285, 0.120840787888, 0.0961514413357, 0.102616518736, 0.176195219159, 0.149848774076, 0.185425579548, 0.201134115458, 0.137752309442, 0.153080046177, 0.163058757782, 0.193311497569, 0.244254305959, 0.178535193205, 0.156463414431, 0.169223934412, 0.166885003448, 0.176389545202, 0.269034028053, 0.284812480211, 0.250140160322, 0.235781878233, 0.217059120536, 0.259704291821, 0.247282668948]
        dvar: [0.0343917049468, 0.0426088534296, 0.0552771501243, 0.0570393800735, 0.0490710102022, 0.0238026604056, 0.0364065915346, 0.0407351739705, 0.0494816526771, 0.0346272177994, 0.0142060145736, 0.0110770035535, 0.0212814677507, 0.00841705687344, 0.0109614860266, 0.0391482971609, 0.0217641219497, 0.0295839775354, 0.039974141866, 0.0215796139091, 0.0285698529333, 0.0340095609426, 0.0271866768599, 0.040612693876, 0.0340959988534, 0.0181768853217, 0.0226986799389, 0.0311649758369, 0.0260623823851, 0.0536665283144, 0.0598938316107, 0.0399658642709, 0.0310146324337, 0.0381583422422, 0.0511213131249, 0.0395729728043]
        dvar2: [0.0765442922711, 0.0936800017953, 0.128981366754, 0.132073670626, 0.131764948368, 0.0508306957781, 0.0905816331506, 0.105388633907, 0.113868013024, 0.0802236422896, 0.0362758897245, 0.0255229324102, 0.0537364222109, 0.0217629540712, 0.0248323380947, 0.0933254882693, 0.0508361905813, 0.076667547226, 0.094858057797, 0.048501111567, 0.0735711678863, 0.0798568874598, 0.0594209209085, 0.0941326618195, 0.0590518601239, 0.0450098700821, 0.0612272843719, 0.0757357254624, 0.052945278585, 0.103157863021, 0.115137696266, 0.0855342596769, 0.0807623490691, 0.0865401923656, 0.119879901409, 0.102386295795]
        max: [1, 1, 1, 1, 1, 1, 1, 1, 1, 1, 1, 0.88695526123, 1, 0.749123752117, 0.827645242214, 1, 1, 1, 1, 1, 1, 1, 1, 1, 1, 1, 0.893042206764, 1, 1, 1, 1, 1, 1, 1, 1, 1]
        mean: [0.141528993845, 0.151511818171, 0.195237576962, 0.215475812554, 0.161406651139, 0.135368704796, 0.138088300824, 0.147617593408, 0.17579613626, 0.153490871191, 0.0906930193305, 0.0748641341925, 0.0805325657129, 0.0660354867578, 0.0868856087327, 0.115238197148, 0.0873506590724, 0.124161422253, 0.175473943353, 0.11632142216, 0.0834898427129, 0.101797014475, 0.124474972486, 0.190832272172, 0.195549875498, 0.109856873751, 0.0918967053294, 0.102216877043, 0.123715735972, 0.28578877449, 0.335032731295, 0.189606904984, 0.135921120644, 0.159674331546, 0.17730653286, 0.160522341728]
        min: [0.00186150963418, 0.000327128422214, 0.000569559168071, 0.00188084843103, 0.00244288379326, 0.000799713656306, 0.00121537724044, 0.00123385293409, 0.00136488978751, 0.00112684885971, 0.000690017186571, 0.00242921849713, 0.00263497582637, 0.00106631685048, 0.00127631716896, 0.00085560977459, 0.00135368108749, 0.000656861811876, 0.000577600032557, 0.00016637884255, 0.000256858736975, 0.000388123560697, 0.000440110132331, 0.00086548179388, 0.000756158027798, 0.000315625919029, 0, 0.000253530597547, 0.000688292318955, 0.000896692276001, 0.00110610667616, 0.000924805470277, 0.000526407500729, 0.000714306137525, 0.00102358462755, 0.00168192246929]
        var: [0.0420539826155, 0.0653936490417, 0.0737553164363, 0.086445607245, 0.051155090332, 0.0422344952822, 0.0536028109491, 0.0622131228447, 0.0783323794603, 0.0512815155089, 0.0184991508722, 0.0155320391059, 0.0222017504275, 0.0093473335728, 0.0189024992287, 0.0440101884305, 0.021879920736, 0.0350092165172, 0.0831701532006, 0.0427665039897, 0.0291823651642, 0.0360480323434, 0.0361309200525, 0.069082967937, 0.091297365725, 0.0268995948136, 0.0238157957792, 0.042051512748, 0.0350992903113, 0.112862728536, 0.14068223536, 0.0576462969184, 0.0358015857637, 0.0541834123433, 0.0738506019115, 0.0530305244029]
    chords_histogram: [6.45161294937, 31.3364048004, 10.5990781784, 0, 0, 1.84331798553, 5.0691242218, 0.921658992767, 0, 0, 9.21658992767, 0.460829496384, 0, 2.30414748192, 0, 6.45161294937, 1.38248848915, 7.8341012001, 11.0599079132, 0, 5.0691242218, 0, 0, 0]
    thpcp: [1, 0.565935492516, 0.405695050955, 0.476593226194, 0.529221534729, 0.479124367237, 0.42243334651, 0.452229887247, 0.58274179697, 0.643148541451, 0.481763839722, 0.404046207666, 0.412163615227, 0.440606474876, 0.524713337421, 0.458136945963, 0.270698994398, 0.223453193903, 0.240372225642, 0.197101593018, 0.259334683418, 0.343961000443, 0.260722756386, 0.370594888926, 0.523751616478, 0.347194194794, 0.249199062586, 0.303842008114, 0.371530771255, 0.569592893124, 0.58367395401, 0.327898919582, 0.274291723967, 0.30509519577, 0.369264632463, 0.853017449379]
    chords_key: "D#"
    chords_scale: "major"
    key_key: "C"
    key_scale: "minor"
    chords_progression: ["A#m", "A#m", "A#m", "A#m", "A#m", "A#m", "A#m", "Am", "F", "F", "Am", "Am", "Am", "Am", "Am", "Am", "Am", "Am", "A#m", "A#m", "A#m", "A#m", "Am", "C", "F", "F", "Cm", "Cm", "Cm", "Cm", "D#", "D#", "D#", "D#", "D#", "D#", "D#", "D#", "Cm", "Cm", "Cm", "D#", "D#", "D#", "D#", "D#", "D#", "D#", "D#", "D#", "D#", "D#", "D#", "D#", "D#", "D#", "D#", "D#", "D#", "D#", "D#", "D#", "D#", "D#", "D#", "D#", "D#", "D#", "D#", "D#", "D#", "D#", "D#", "D#", "D#", "D#", "D#", "D#", "D#", "D#", "D#", "D#", "D#", "D#", "D#", "D#", "D#", "D#", "D#", "D#", "D#", "D#", "D#", "D#", "Cm", "Cm", "D#", "D#", "D#", "D#", "Bm", "Bm", "Cm", "Cm", "Cm", "Bm", "Bm", "Bm", "Cm", "Cm", "Bm", "Bm", "Bm", "Bm", "Bm", "Bm", "Bm", "Bm", "Bm", "Bm", "Bm", "Bm", "Bm", "E", "E", "E", "E", "E", "E", "E", "E", "Bm", "Bm", "B", "B", "B", "E", "E", "E", "E", "B", "B", "B", "B", "E", "E", "B", "B", "B", "B", "B", "B", "B", "G#m", "G#m", "Am", "C", "A", "A", "G#m", "A", "A", "A", "D", "D#", "D#", "D#m", "D#m", "D#m", "D#m", "B", "B", "B", "D#", "D#m", "D#m", "D#m", "D#m", "D#m", "D#m", "D#m", "D#m", "D#m", "D#m", "D#m", "D#m", "D#m", "D#m", "D#m", "D#m", "D#m", "D#m", "D#m", "D#m", "Gm", "Gm", "Gm", "Gm", "Gm", "Gm", "Gm", "Gm", "Gm", "Gm", "Gm", "Gm", "Gm", "Gm", "Gm", "Gm", "Gm", "Gm", "Gm", "Gm", "Gm", "Gm", "Gm"]
