
metadata:
    version:
        essentia: "1.2.2"
    audio_properties:
        analysis_sample_rate: 44100
        bitrate: 128
        channels: 2
        equal_loudness: 1
        length: 9.97877597809
        replay_gain: -10.4398899078
        downmix: "mix"
    tags:
        track: 26
        year: 0
        album: "Splitted by Mp3Splt v. 2.1"
        artist: "From 004.10 To 004.20"
        comment: "http://mp3splt.sf.net"
        genre: ""
        title: "07 Reborn.mp3"

highlevel:
    ballroom:
        all:
            ChaChaCha: 0.0822180137038
            Jive: 0.328879445791
            Quickstep: 0.0111974729225
            Rumba-American: 0.000385864201235
            Rumba-International: 0.00053569721058
            Rumba-Misc: 0.000248620024649
            Samba: 0.575905621052
            Tango: 0.000118892945466
            VienneseWaltz: 0.000387962500099
            Waltz: 0.000122413912322
        probability: 0.575905621052
        value: "Samba"
    culture:
        all:
            non_western: 0.083677560091
            western: 0.916322410107
        probability: 0.916322410107
        value: "western"
    gender:
        all:
            female: 0.711385965347
            male: 0.288614034653
        probability: 0.711385965347
        value: "female"
    genre_dortmund:
        all:
            alternative: 0.00991276092827
            blues: 0.0124358413741
            electronic: 0.367403447628
            folkcountry: 0.00618183566257
            funksoulrnb: 0.0334287583828
            jazz: 0.012165707536
            pop: 0.0202890019864
            raphiphop: 0.421470671892
            rock: 0.116711974144
        probability: 0.421470671892
        value: "raphiphop"
    genre_electronica:
        all:
            ambient: 0.0277573894709
            dnb: 0.918686747551
            house: 0.00948830321431
            techno: 0.0296701975167
            trance: 0.0143973715603
        probability: 0.918686747551
        value: "dnb"
    genre_rosamerica:
        all:
            cla: 0.00510293152183
            dan: 0.124092757702
            hip: 0.743570804596
            jaz: 0.00214400701225
            pop: 0.0330450609326
            rhy: 0.0165883116424
            roc: 0.0730162709951
            spe: 0.00243986630812
        probability: 0.743570804596
        value: "hip"
    genre_tzanetakis:
        all:
            blu: 0.00110929249786
            cla: 0.000841787026729
            cou: 0.00180193735287
            dis: 0.134798884392
            hip: 0.298318982124
            jaz: 0.00178867368959
            met: 0.0410025492311
            pop: 0.475015431643
            reg: 0.0105880517513
            roc: 0.0347344204783
        probability: 0.475015431643
        value: "pop"
    live_studio:
        all:
            live: 0.0822537615895
            studio: 0.917746245861
        probability: 0.917746245861
        value: "studio"
    mood:
        all:
            Cluster1: 0.381695330143
            Cluster2: 0.104097560048
            Cluster3: 0.00449421256781
            Cluster4: 0.0624647885561
            Cluster5: 0.447248101234
        probability: 0.447248101234
        value: "Cluster5"
    mood_acoustic:
        all:
            acoustic: 9.18705518416e-06
            not_acoustic: 0.999990820885
        probability: 0.999990820885
        value: "not_acoustic"
    mood_aggressive:
        all:
            aggressive: 0.989751815796
            not_aggressive: 0.0102481618524
        probability: 0.989751815796
        value: "aggressive"
    mood_electronic:
        all:
            electronic: 0.935152590275
            not_electronic: 0.0648474246264
        probability: 0.935152590275
        value: "electronic"
    mood_happy:
        all:
            happy: 0.187095299363
            not_happy: 0.812904715538
        probability: 0.812904715538
        value: "not_happy"
    mood_party:
        all:
            not_party: 0.0434894785285
            party: 0.956510543823
        probability: 0.956510543823
        value: "party"
    mood_relaxed:
        all:
            not_relaxed: 0.991768240929
            relaxed: 0.00823173578829
        probability: 0.991768240929
        value: "not_relaxed"
    mood_sad:
        all:
            not_sad: 0.994599461555
            sad: 0.00540054729208
        probability: 0.994599461555
        value: "not_sad"
    rhythm:
        all:
            fast: 0.404241979122
            medium: 0.590300738811
            slow: 0.00545728718862
        probability: 0.590300738811
        value: "medium"
    speech_music:
        all:
            music: 0.986270308495
            speech: 0.0137297054753
        probability: 0.986270308495
        value: "music"
    timbre:
        all:
            bright: 0.00954452715814
            dark: 0.990455448627
        probability: 0.990455448627
        value: "dark"
    voice_instrumental:
        all:
            instrumental: 0.00171401549596
            voice: 0.998286008835
        probability: 0.998286008835
        value: "voice"

lowlevel:
    average_loudness: 0.973155081272
    barkbands_kurtosis:
        dmean: 0.978432953358
        dmean2: 1.69158196449
        dvar: 2.41707658768
        dvar2: 5.94468355179
        max: 14.6003818512
        mean: -0.17373368144
        min: -1.85365092754
        var: 5.10353899002
    barkbands_skewness:
        dmean: 0.514248013496
        dmean2: 0.783360779285
        dvar: 0.286173582077
        dvar2: 0.632223963737
        max: 3.68009877205
        mean: 0.206828176975
        min: -2.84230804443
        var: 0.944877743721
    barkbands_spread:
        dmean: 6.71900177002
        dmean2: 10.8096189499
        dvar: 49.5567779541
        dvar2: 126.658744812
        max: 73.2979125977
        mean: 33.7291603088
        min: 4.98266172409
        var: 128.669784546
    dissonance:
        dmean: 0.0145059814677
        dmean2: 0.0238717552274
        dvar: 0.000254506914644
        dvar2: 0.000621902116109
        max: 0.49974322319
        mean: 0.476791441441
        min: 0.36257609725
        var: 0.000355717551429
    hfc:
        dmean: 3.08094382286
        dmean2: 4.31223297119
        dvar: 26.2198677063
        dvar2: 52.2331504822
        max: 65.5433807373
        mean: 6.43340873718
        min: 0.0766145884991
        var: 55.1082572937
    pitch:
        dmean: 1162.05578613
        dmean2: 2108.32617188
        dvar: 2181034
        dvar2: 5584950
        max: 4900
        mean: 1576.23242188
        min: 70.6730804443
        var: 2647354.25
    pitch_instantaneous_confidence:
        dmean: 0.104008182883
        dmean2: 0.173962816596
        dvar: 0.0104018058628
        dvar2: 0.0243641547859
        max: 0.824258446693
        mean: 0.338306546211
        min: 0.117425382137
        var: 0.0189616736025
    pitch_salience:
        dmean: 0.0575736872852
        dmean2: 0.0912410765886
        dvar: 0.00312002073042
        dvar2: 0.00699847145006
        max: 0.910893797874
        mean: 0.711699664593
        min: 0.435374140739
        var: 0.00788635015488
    silence_rate_20dB:
        dmean: 0
        dmean2: 0
        dvar: 0
        dvar2: 0
        max: 1
        mean: 1
        min: 1
        var: 0
    silence_rate_30dB:
        dmean: 0
        dmean2: 0
        dvar: 0
        dvar2: 0
        max: 1
        mean: 1
        min: 1
        var: 0
    silence_rate_60dB:
        dmean: 0.162790700793
        dmean2: 0.326340317726
        dvar: 0.136289864779
        dvar2: 0.24315315485
        max: 1
        mean: 0.610208809376
        min: 0
        var: 0.237854197621
    spectral_centroid:
        dmean: 354.400390625
        dmean2: 528.716796875
        dvar: 124533.921875
        dvar2: 260594.171875
        max: 3449.14746094
        mean: 1712.69567871
        min: 354.278747559
        var: 427700.5625
    spectral_complexity:
        dmean: 4.57808876038
        dmean2: 6.70560741425
        dvar: 32.0853691101
        dvar2: 56.2077217102
        max: 45
        mean: 10.9906978607
        min: 0
        var: 88.7255020142
    spectral_crest:
        dmean: 2.21134853363
        dmean2: 3.69470930099
        dvar: 4.2241435051
        dvar2: 10.4572401047
        max: 18.8137664795
        mean: 7.42631626129
        min: 2.75228428841
        var: 10.7614488602
    spectral_decrease:
        dmean: 3.14650222544e-10
        dmean2: 4.46627901329e-10
        dvar: 1.77196330225e-19
        dvar2: 3.62279207205e-19
        max: -8.49383410828e-12
        mean: -7.43797468061e-10
        min: -3.84841492007e-09
        var: 4.04423542427e-19
    spectral_energy:
        dmean: 0.00144288723823
        dmean2: 0.00202381634153
        dvar: 3.94473636334e-06
        dvar2: 7.99133977125e-06
        max: 0.0204697642475
        mean: 0.00339079461992
        min: 3.90064851672e-05
        var: 9.05051820155e-06
    spectral_energyband_high:
        dmean: 0.000254259008216
        dmean2: 0.000371020636521
        dvar: 1.87377892757e-07
        dvar2: 4.27756845056e-07
        max: 0.00577731104568
        mean: 0.00047610499314
        min: 8.2383201061e-07
        var: 3.38045794024e-07
    spectral_energyband_low:
        dmean: 0.000134109781357
        dmean2: 0.000214207640965
        dvar: 7.19349202427e-08
        dvar2: 1.77816758651e-07
        max: 0.00220009684563
        mean: 0.000198756955797
        min: 1.32020090859e-06
        var: 8.02602002636e-08
    spectral_energyband_middle_high:
        dmean: 0.000874703633599
        dmean2: 0.00127127487212
        dvar: 2.1709477096e-06
        dvar2: 5.02183593198e-06
        max: 0.0165285468102
        mean: 0.00163933401927
        min: 2.07723132917e-05
        var: 3.87993532058e-06
    spectral_energyband_middle_low:
        dmean: 0.000590823823586
        dmean2: 0.000916303310078
        dvar: 6.37987170649e-07
        dvar2: 1.41719965541e-06
        max: 0.00890104006976
        mean: 0.00107649085112
        min: 9.48449724092e-06
        var: 1.32956643029e-06
    spectral_flatness_db:
        dmean: 0.0158964265138
        dmean2: 0.0253809224814
        dvar: 0.000260095577687
        dvar2: 0.000611151510384
        max: 0.313631385565
        mean: 0.129097416997
        min: 0.0826286152005
        var: 0.00087497907225
    spectral_flux:
        dmean: 0.0102864047512
        dmean2: 0.0144514711574
        dvar: 0.000138891948154
        dvar2: 0.000269071490038
        max: 0.128054261208
        mean: 0.0406433865428
        min: 0.00624551717192
        var: 0.000453715241747
    spectral_kurtosis:
        dmean: 0.883792459965
        dmean2: 1.37211608887
        dvar: 1.65224838257
        dvar2: 3.49551224709
        max: 18.312625885
        mean: 2.37366509438
        min: -0.00718927383423
        var: 3.15843963623
    spectral_rms:
        dmean: 0.00036890982301
        dmean2: 0.000508667144459
        dvar: 1.86536738056e-07
        dvar2: 3.76573950689e-07
        max: 0.00446883682162
        mean: 0.00167471845634
        min: 0.000195077183889
        var: 5.03407591168e-07
    spectral_rolloff:
        dmean: 615.527893066
        dmean2: 975.735473633
        dvar: 504000.5625
        dvar2: 1209581.875
        max: 5146.43554688
        mean: 3376.30541992
        min: 236.865234375
        var: 1278216.125
    spectral_skewness:
        dmean: 0.176424324512
        dmean2: 0.257409512997
        dvar: 0.0439197085798
        dvar2: 0.0839755609632
        max: 3.6991045475
        mean: 1.20858764648
        min: 0.358953386545
        var: 0.12054220587
    spectral_spread:
        dmean: 538920.75
        dmean2: 816859.5625
        dvar: 393659383808
        dvar2: 849865408512
        max: 9568919
        mean: 5465222.5
        min: 2213787.75
        var: 1.74859262362e+12
    spectral_strongpeak:
        dmean: 0.232426956296
        dmean2: 0.403675734997
        dvar: 0.130686014891
        dvar2: 0.387412130833
        max: 2.42605829239
        mean: 0.309686660767
        min: 0.00327893975191
        var: 0.143671631813
    zerocrossingrate:
        dmean: 0.0118348449469
        dmean2: 0.0136205367744
        dvar: 0.0001099647925
        dvar2: 0.000127096180222
        max: 0.171875
        mean: 0.100459896028
        min: 0.0205078125
        var: 0.000818639702629
    barkbands:
        dmean: [1.68582619153e-06, 4.60303599539e-05, 0.000107760592073, 0.00013805157505, 0.000276072212728, 0.000132869579829, 0.000144957986777, 4.62978605356e-05, 0.000122601937619, 0.000122910380014, 8.35093524074e-05, 0.000141745913425, 0.000118573821965, 0.00010442470375, 0.000143043856951, 0.000121518627566, 0.000168716884218, 0.000234633480432, 0.000216630782234, 0.000192566803889, 0.000144999474287, 4.38773931819e-05, 1.08150952656e-05, 2.59842408923e-06, 1.15509294574e-06, 3.46777078164e-08, 2.22031046326e-10]
        dmean2: [2.15269642467e-06, 7.33208435122e-05, 0.000175111694261, 0.00022871074907, 0.000465088087367, 0.000218468572712, 0.000246906536631, 7.57368325139e-05, 0.000201563583687, 0.000205744203413, 0.000139430703712, 0.000236300373217, 0.00018895076937, 0.00018007971812, 0.000261202803813, 0.000215283493162, 0.000301000953186, 0.000417446310166, 0.000370940862922, 0.000308902614051, 0.000224426126806, 7.01571188984e-05, 1.53644195962e-05, 3.7624390643e-06, 1.64308858075e-06, 4.91908309641e-08, 3.43403888659e-10]
        dvar: [1.07633216576e-11, 6.60532784025e-09, 4.58618067967e-08, 6.50136371405e-08, 2.32649256304e-07, 7.02179079326e-08, 1.07047114284e-07, 6.52744702734e-09, 2.26127284009e-07, 1.23568625554e-07, 3.67990686811e-08, 7.87809639746e-08, 4.87124189874e-08, 8.56592521359e-08, 1.62572874274e-07, 1.14047878697e-07, 2.31641337223e-07, 4.88380464958e-07, 4.04649000529e-07, 2.16513853957e-07, 6.0580376271e-08, 5.83443959812e-09, 1.93306579077e-10, 1.16468935191e-11, 2.36266843763e-12, 2.4506012064e-15, 3.700616843e-19]
        dvar2: [1.60734706794e-11, 1.63867621694e-08, 1.11333413599e-07, 1.31726778818e-07, 5.31997557118e-07, 2.18999147705e-07, 3.15971107057e-07, 1.69318230547e-08, 6.35483274891e-07, 3.37828225838e-07, 9.30057524329e-08, 1.95048343699e-07, 1.04077635399e-07, 2.23189459803e-07, 4.62682805846e-07, 3.15948369689e-07, 6.76769161601e-07, 1.39025769386e-06, 1.1433577356e-06, 5.99211375629e-07, 1.53186633156e-07, 1.46675738222e-08, 4.41895686709e-10, 2.45179553743e-11, 5.02839306651e-12, 4.10730977156e-15, 4.60456343531e-19]
        max: [3.26596164086e-05, 0.000644807762001, 0.0015862317523, 0.00191718828864, 0.00685874791816, 0.00331371463835, 0.00406017852947, 0.000746983103454, 0.00664742756635, 0.00466782646254, 0.00188849051483, 0.00228939438239, 0.00211242819205, 0.00359889888205, 0.00405692029744, 0.00352396978997, 0.00403616158292, 0.0076986476779, 0.00826856959611, 0.00581286940724, 0.00247041624971, 0.00080448720837, 0.000127066508867, 2.60667893599e-05, 1.87572768482e-05, 4.79208893012e-07, 1.22462830987e-08]
        mean: [2.77134995486e-06, 7.27261576685e-05, 0.000123367950437, 0.000149170125951, 0.000348002038663, 0.00016204889107, 0.00017520833353, 5.63780631637e-05, 0.000140740623465, 0.000164496799698, 9.42207771004e-05, 0.000155718429596, 0.000133195106173, 0.000106894920464, 0.000117270632472, 0.000125365913846, 0.000156306676217, 0.000223984898184, 0.000264153117314, 0.000304601649987, 0.000218618268264, 7.0522990427e-05, 1.7757216483e-05, 4.82570158056e-06, 2.38457641899e-06, 6.50272014013e-08, 2.66892868916e-10]
        min: [5.45022471599e-10, 9.77284670967e-08, 5.72411806843e-07, 3.57378553417e-07, 1.27382838855e-06, 1.78966797648e-06, 6.97738926192e-07, 3.97146706632e-08, 9.42978033436e-08, 1.03754778991e-07, 2.15383863633e-07, 2.81935484736e-07, 5.80284506668e-07, 4.51703641602e-07, 4.14060338016e-07, 1.4312880694e-06, 6.76653257869e-07, 2.10306566828e-07, 4.22510879616e-07, 6.99836277818e-07, 2.80127750329e-07, 1.4920516378e-07, 9.5900929864e-08, 2.13351309952e-08, 8.77700401247e-09, 2.42812825402e-10, 4.12802387759e-13]
        var: [2.70949755687e-11, 9.97675275727e-09, 4.84101754239e-08, 1.07515532477e-07, 3.14752583108e-07, 6.54788578913e-08, 1.44479670894e-07, 6.31486329894e-09, 2.37055871821e-07, 1.26340935935e-07, 3.80178946102e-08, 8.27108124213e-08, 6.73664644069e-08, 6.67426576229e-08, 9.93278703731e-08, 8.05360684808e-08, 1.43115812534e-07, 3.12110387313e-07, 2.9674552593e-07, 1.99295612902e-07, 9.79095489129e-08, 9.58669943429e-09, 4.44358799756e-10, 2.73759643427e-11, 8.76999254468e-12, 6.74760464178e-15, 4.30771933274e-19]
    mfcc:
        mean: [-716.142272949, 91.5450286865, -34.5825576782, 45.4203720093, -21.6649723053, 6.07938098907, 2.39318704605, -4.86453151703, -6.5490937233, -7.10680532455, -6.2282409668, -3.19463849068, -2.55138921738]
        cov: [[2855.41064453, -608.256591797, -619.189331055, -281.43661499, -263.599884033, -119.454864502, -145.643096924, -53.8823280334, -6.54601383209, 64.6856079102, 57.5091362, -51.563167572, -127.708221436], [-608.256591797, 620.07635498, 48.2114105225, -18.9937973022, 52.0744743347, 8.38664150238, 43.977848053, 40.9883003235, 51.4878311157, 2.9542119503, -10.762804985, 20.0765953064, 68.1957473755], [-619.189331055, 48.2114105225, 547.285522461, 99.2518310547, 31.7681217194, 14.4849185944, 34.4923019409, -55.0498466492, -30.3330764771, -38.7841110229, 2.07836651802, 2.14838957787, 36.8555793762], [-281.43661499, -18.9937973022, 99.2518310547, 245.468582153, 107.230033875, 23.7945461273, -14.0576982498, 33.9396095276, 20.1778755188, 10.2226686478, 14.8766717911, 28.8096008301, 18.1246261597], [-263.599884033, 52.0744743347, 31.7681217194, 107.230033875, 252.035980225, 75.9349822998, 5.68672466278, -22.141664505, -21.300825119, -49.8534431458, -16.1505317688, 25.1800785065, 39.0284423828], [-119.454864502, 8.38664150238, 14.4849185944, 23.7945461273, 75.9349822998, 142.056518555, 40.3778762817, -20.2768344879, -36.371181488, -25.2827777863, -1.42281091213, 20.316991806, 32.1116752625], [-145.643096924, 43.977848053, 34.4923019409, -14.0576982498, 5.68672466278, 40.3778762817, 103.294242859, 19.790561676, -20.9362335205, -12.2337064743, 9.89440631866, 14.058962822, 20.8199043274], [-53.8823280334, 40.9883003235, -55.0498466492, 33.9396095276, -22.141664505, -20.2768344879, 19.790561676, 107.35043335, 56.7180671692, 27.8000087738, 12.0860795975, 18.3985042572, 0.0242834202945], [-6.54601383209, 51.4878311157, -30.3330764771, 20.1778755188, -21.300825119, -36.371181488, -20.9362335205, 56.7180671692, 110.301200867, 61.2976951599, 17.0346298218, 2.15137004852, -11.1995649338], [64.6856079102, 2.9542119503, -38.7841110229, 10.2226686478, -49.8534431458, -25.2827777863, -12.2337064743, 27.8000087738, 61.2976951599, 106.524238586, 44.455406189, -7.15073251724, -21.6222476959], [57.5091362, -10.762804985, 2.07836651802, 14.8766717911, -16.1505317688, -1.42281091213, 9.89440631866, 12.0860795975, 17.0346298218, 44.455406189, 78.8260650635, 29.6274547577, -10.5938482285], [-51.563167572, 20.0765953064, 2.14838957787, 28.8096008301, 25.1800785065, 20.316991806, 14.058962822, 18.3985042572, 2.15137004852, -7.15073251724, 29.6274547577, 68.5516967773, 26.2753391266], [-127.708221436, 68.1957473755, 36.8555793762, 18.1246261597, 39.0284423828, 32.1116752625, 20.8199043274, 0.0242834202945, -11.1995649338, -21.6222476959, -10.5938482285, 26.2753391266, 73.8567123413]]
        icov: [[0.00078418396879, 0.000648061395623, 0.000777373148594, 0.000464624492452, 0.000378771626856, 0.000204106589081, 0.000566444068681, 0.000483243813505, -0.000259465945419, 0.000443333614385, -0.00105081545189, 0.000394376722397, -0.000393690541387], [0.000648061395623, 0.00263042235747, 0.000367390020983, 0.0011996277608, -0.000414635200286, 0.000476942223031, -0.00013267203758, -0.000146088917973, -0.00139301747549, 0.000146706632222, -0.000617634563241, 0.000427133054473, -0.00214559189044], [0.000777373148594, 0.000367390020983, 0.00343122519553, -0.00154320534784, 0.00130220712163, 0.000777591252699, -0.0011540009873, 0.00328088016249, -0.00133777130395, 0.00212697195821, -0.00197678781115, 0.00130430655554, -0.00135829288047], [0.000464624492452, 0.0011996277608, -0.00154320534784, 0.00795285124332, -0.0035300438758, -0.000409009779105, 0.00328445876949, -0.00470064161345, 0.00121022248641, -0.00241011264734, -0.000636094016954, -0.00107526523061, -0.000597718753852], [0.000378771626856, -0.000414635200286, 0.00130220712163, -0.0035300438758, 0.00748810032383, -0.00231810240075, -5.92333381064e-05, 0.00337646505795, -0.00199284031987, 0.0038552400656, -0.000568498566281, -4.62559764856e-05, -0.000917871133424], [0.000204106589081, 0.000476942223031, 0.000777591252699, -0.000409009779105, -0.00231810240075, 0.0108133945614, -0.00398959545419, 0.00242963596247, 0.0014657479478, -0.000928226392716, 0.000264975387836, -0.00142798537854, -0.00223123584874], [0.000566444068681, -0.00013267203758, -0.0011540009873, 0.00328445876949, -5.92333381064e-05, -0.00398959545419, 0.0160323008895, -0.00752350408584, 0.00502352742478, 0.000196287102881, -0.00400628149509, 0.00147864897735, -0.0021607154049], [0.000483243813505, -0.000146088917973, 0.00328088016249, -0.00470064161345, 0.00337646505795, 0.00242963596247, -0.00752350408584, 0.0205441657454, -0.010085536167, 0.00239230180159, 0.00129147514235, -0.00382765638642, 0.000478296133224], [-0.000259465945419, -0.00139301747549, -0.00133777130395, 0.00121022248641, -0.00199284031987, 0.0014657479478, 0.00502352742478, -0.010085536167, 0.0212038699538, -0.011027536355, 0.00281442748383, -0.00178601767402, 0.00123718834948], [0.000443333614385, 0.000146706632222, 0.00212697195821, -0.00241011264734, 0.0038552400656, -0.000928226392716, 0.000196287102881, 0.00239230180159, -0.011027536355, 0.023554276675, -0.0139129329473, 0.00877472478896, -0.00142242014408], [-0.00105081545189, -0.000617634563241, -0.00197678781115, -0.000636094016954, -0.000568498566281, 0.000264975387836, -0.00400628149509, 0.00129147514235, 0.00281442748383, -0.0139129329473, 0.0280185434967, -0.0161299817264, 0.00732094794512], [0.000394376722397, 0.000427133054473, 0.00130430655554, -0.00107526523061, -4.62559764856e-05, -0.00142798537854, 0.00147864897735, -0.00382765638642, -0.00178601767402, 0.00877472478896, -0.0161299817264, 0.0280591510236, -0.00986766628921], [-0.000393690541387, -0.00214559189044, -0.00135829288047, -0.000597718753852, -0.000917871133424, -0.00223123584874, -0.0021607154049, 0.000478296133224, 0.00123718834948, -0.00142242014408, 0.00732094794512, -0.00986766628921, 0.0220605023205]]
    spectral_contrast:
        mean: [-3.28899830038e-07, -7.06392995653e-07, 7.61518634818e-08, -1.26300335523e-07, 3.86160991184e-07, -4.59336945369e-07, 5.05960269948e-06, -1.6077312921e-06, 2.89983518087e-06, 2.67527821052e-06, 1.06013101231e-06, -2.41967131842e-06]
        var: [0.00063625437906, 0.000931047776248, 0.00187960721087, 0.00209944299422, 0.00321581121534, 0.00570791587234, 0.0575272217393, 0.100898481905, 0.216608956456, 0.245917230844, 0.562040507793, 1.55793738365]

rhythm:
    beats_loudness:
        dmean: 0.00303397909738
        dmean2: 0.00547510245815
        dvar: 4.9141854106e-06
        dvar2: 1.46673764903e-05
        max: 0.0132885044441
        mean: 0.00627105496824
        min: 0.000793736777268
        var: 1.13090227387e-05
    beats_loudness_bass:
        dmean: 0.206656724215
        dmean2: 0.405198186636
        dvar: 0.00976151414216
        dvar2: 0.0285562407225
        max: 0.439729064703
        mean: 0.190358757973
        min: 0.0178240276873
        var: 0.018992677331
    bpm: 88.8844909668
    bpm_confidence: 0
    first_peak_bpm: 179
    first_peak_spread: 0
    first_peak_weight: 0.550000011921
    onset_rate: 4.50957107544
    second_peak_bpm: 89
    second_peak_spread: 0
    second_peak_weight: 0.40000000596
    beats_position: [0.293616503477, 0.968651473522, 1.64368653297, 2.31872153282, 2.99375677109, 3.66879177094, 4.34382677078, 5.01886177063, 5.69389677048, 6.05880069733, 6.39433956146, 6.72987794876, 7.06541633606, 7.4009552002, 7.73649358749, 8.07203197479, 8.40757083893, 8.74310970306, 9.07864761353, 9.41418647766, 9.7497253418]
    bpm_estimates: [89.0642318726, 88.8393173218, 89.0941619873, 88.9032211304, 88.5814743042, 88.746673584, 88.8156890869, 88.9234542847, 89.0120925903, 88.8482666016, 88.9007873535]
    bpm_intervals: [0.675034999847, 0.675035059452, 0.675034999847, 0.675035238266, 0.675034999847, 0.675034999847, 0.675034999847, 0.675034999847, 0.364903926849, 0.335538864136, 0.335538387299, 0.335538387299, 0.335538864136, 0.335538387299, 0.335538387299, 0.335538864136, 0.335538864136, 0.335537910461, 0.335538864136, 0.335538864136]
    onset_times: [0.0348299331963, 0.290249437094, 0.452789127827, 0.626938760281, 0.835918366909, 0.975238084793, 1.26548755169, 1.66022670269, 1.84598636627, 1.98530614376, 2.17106580734, 2.32199549675, 2.60063481331, 2.67029476166, 3.00698423386, 3.19274377823, 3.34367346764, 3.68036270142, 3.97061228752, 4.36535167694, 4.7020406723, 4.88780021667, 5.0387301445, 5.30575942993, 5.3754196167, 5.71210861206, 5.87464857101, 6.06040811539, 6.24616765976, 6.39709758759, 6.68734693527, 7.07047605515, 7.2330160141, 7.26784563065, 7.41877555847, 7.75546503067, 8.08054447174, 8.44045352936, 8.60299301147, 8.76553249359, 9.05578231812, 9.10222244263, 9.43891143799, 9.78721046448, 9.94975090027]
    rubato_start: [6.39433956146]
    rubato_stop: [9.7497253418]
    perceptual_tempo: "unknown"

sfx:
    inharmonicity:
        dmean: 0.0519969724119
        dmean2: 0.0925440117717
        dvar: 0.00297008757479
        dvar2: 0.00822066050023
        max: 0.416206121445
        mean: 0.0526191294193
        min: 0
        var: 0.00310419080779
    oddtoevenharmonicenergyratio:
        dmean: 2.26919937134
        dmean2: 4.33523082733
        dvar: 39.74451828
        dvar2: 113.027626038
        max: 77.6418685913
        mean: 1.45683467388
        min: 0
        var: 22.961183548
    pitch_after_max_to_before_max_energy_ratio: 51.7352027893
    pitch_centroid: 220.195129395
    pitch_max_to_total: 0.037209302187
    pitch_min_to_total: 0.525581419468
    tristimulus:
        dmean: [0.223795875907, 0.262922972441, 0.174752444029]
        dmean2: [0.396385520697, 0.460045546293, 0.306097239256]
        dvar: [0.0355419777334, 0.0389729328454, 0.0235117524862]
        dvar2: [0.0972971618176, 0.110357426107, 0.0645402446389]
        max: [1, 0.958713769913, 0.735049784184]
        mean: [0.371647208929, 0.402454525232, 0.174282982945]
        min: [0.00337580428459, 0, 0]
        var: [0.0506212040782, 0.0561479106545, 0.0296721532941]

tonal:
    chords_changes_rate: 0.157407402992
    chords_number_rate: 0.0324074067175
    chords_strength:
        dmean: 0.0200985372066
        dmean2: 0.0236927978694
        dvar: 0.000248476717388
        dvar2: 0.000348625908373
        max: 0.627596855164
        mean: 0.402150690556
        min: 0.250766068697
        var: 0.00737914256752
    key_strength: 0.520357608795
    tuning_diatonic_strength: 0.440270721912
    tuning_equal_tempered_deviation: 0.223505482078
    tuning_frequency: 448.208557129
    tuning_nontempered_energy_ratio: 0.890308618546
    hpcp:
        dmean: [0.225500136614, 0.230170756578, 0.223633289337, 0.224262729287, 0.206867799163, 0.183126106858, 0.225183606148, 0.237935200334, 0.200216621161, 0.217149719596, 0.241947740316, 0.205861061811, 0.170835524797, 0.190639689565, 0.192959874868, 0.164780959487, 0.163087487221, 0.166447922587, 0.16516456008, 0.185607001185, 0.207545220852, 0.200571283698, 0.21067892015, 0.235976994038, 0.236902490258, 0.226051315665, 0.20108525455, 0.180796027184, 0.228251293302, 0.260261595249, 0.259834617376, 0.211211785674, 0.200910046697, 0.200921192765, 0.206743761897, 0.222303643823]
        dmean2: [0.386794477701, 0.382923722267, 0.365762412548, 0.366049081087, 0.356659650803, 0.318690896034, 0.371782064438, 0.403883546591, 0.34502196312, 0.374984741211, 0.416810393333, 0.344694077969, 0.292975306511, 0.322416096926, 0.33006888628, 0.282161563635, 0.277818024158, 0.278575956821, 0.284484833479, 0.3142978549, 0.359664916992, 0.355868726969, 0.361584991217, 0.419832259417, 0.416872054338, 0.399054229259, 0.356834411621, 0.312333762646, 0.396398067474, 0.464245826006, 0.463399499655, 0.361253082752, 0.346712321043, 0.348553180695, 0.35892996192, 0.382009625435]
        dvar: [0.0455668531358, 0.0358672402799, 0.0459046959877, 0.0423623844981, 0.0435301288962, 0.0328615121543, 0.045686006546, 0.0511773005128, 0.0368641018867, 0.0495303757489, 0.0531523898244, 0.0359030254185, 0.0272886715829, 0.0373580493033, 0.0407312959433, 0.0285769086331, 0.0258967261761, 0.02880195342, 0.038132339716, 0.0419964902103, 0.0494766309857, 0.0415000729263, 0.0423771552742, 0.0471351481974, 0.0455861128867, 0.0468083918095, 0.0487296581268, 0.0381109379232, 0.0492215938866, 0.0548048578203, 0.0624573715031, 0.053482465446, 0.0448743626475, 0.0442437231541, 0.0529475808144, 0.0452923215926]
        dvar2: [0.116174116731, 0.107528321445, 0.12846313417, 0.110102415085, 0.128624990582, 0.0933487340808, 0.131768837571, 0.135012537241, 0.105443827808, 0.135695680976, 0.151073843241, 0.0908869057894, 0.0733230262995, 0.112523265183, 0.10617415607, 0.0750005319715, 0.0712013095617, 0.0784439668059, 0.0832862108946, 0.114126496017, 0.12649166584, 0.103562861681, 0.126217082143, 0.139604732394, 0.129614815116, 0.140648543835, 0.146378815174, 0.104022480547, 0.137154221535, 0.138844624162, 0.14987552166, 0.14997652173, 0.12007021904, 0.103440277278, 0.132311537862, 0.122767522931]
        max: [1, 1, 1, 1, 1, 1, 1, 1, 1, 1, 1, 1, 0.98639434576, 1, 1, 1, 1, 1, 1, 1, 1, 1, 1, 1, 1, 1, 1, 1, 1, 1, 1, 1, 1, 1, 1, 1]
        mean: [0.38597920537, 0.38970848918, 0.355350255966, 0.360695332289, 0.297262012959, 0.258704394102, 0.344980686903, 0.387077182531, 0.325519025326, 0.287076532841, 0.292824983597, 0.29128536582, 0.26301446557, 0.260970294476, 0.265959620476, 0.239407196641, 0.239261612296, 0.246790573001, 0.247685521841, 0.243578493595, 0.24090307951, 0.260577946901, 0.280945450068, 0.294929265976, 0.289279848337, 0.252930849791, 0.217814788222, 0.230836138129, 0.292420893908, 0.34332048893, 0.310332477093, 0.249060690403, 0.250997155905, 0.28344386816, 0.298795938492, 0.318933457136]
        min: [0.0209105852991, 0.0157434567809, 0.0111989201978, 0.00402616662905, 0.00402489723638, 0.0100380862132, 0.00989661924541, 0.0109859416261, 0.00810689013451, 0.00460543762892, 0.0117347864434, 0.0139206042513, 0.0141258668154, 0.0071442364715, 0.0115820588544, 0.00720357336104, 0.00655253883451, 0.00721133779734, 0.00690438039601, 0.00545368529856, 0.00869229342788, 0.00362496008165, 0.00251203356311, 0.0101326471195, 0.0156374517828, 0.00395827321336, 0.00214693858288, 0.00668763369322, 0.0086535057053, 0.00385236879811, 0.00226861448027, 0.00295018241741, 0.00639240723103, 0.00982285290956, 0.00345006468706, 0.0206724889576]
        var: [0.0799124166369, 0.067973934114, 0.0661916658282, 0.0797046646476, 0.05807049945, 0.0432654432952, 0.0719404146075, 0.0851124748588, 0.0628957077861, 0.067471139133, 0.0629825368524, 0.0559329949319, 0.0421236231923, 0.0457756705582, 0.0479907020926, 0.0336492732167, 0.0354263111949, 0.0419530197978, 0.0545874126256, 0.049373395741, 0.0546513721347, 0.0540849268436, 0.0564718544483, 0.0631234720349, 0.0589122548699, 0.0515912473202, 0.046459287405, 0.0443797819316, 0.0622070841491, 0.0807911902666, 0.0798251628876, 0.0540484338999, 0.0498595237732, 0.0563232041895, 0.064750649035, 0.0550749637187]
    chords_histogram: [0, 0, 15.2777776718, 0, 5.55555534363, 0, 0.462962955236, 4.62962961197, 0, 0, 0, 0, 0, 0, 0, 0, 0, 31.9444446564, 0, 24.0740737915, 0, 0, 6.48148155212, 11.5740737915]
    thpcp: [1, 0.911836087704, 0.925551652908, 0.762780427933, 0.663840770721, 0.885227560997, 0.99324798584, 0.835288524628, 0.736644268036, 0.751394927502, 0.747444212437, 0.674900531769, 0.669655144215, 0.682457864285, 0.614323794842, 0.613950192928, 0.633269667625, 0.635566115379, 0.625027418137, 0.618162274361, 0.66864836216, 0.720911800861, 0.756794571877, 0.742298066616, 0.649025738239, 0.558917224407, 0.592330276966, 0.750358045101, 0.880967438221, 0.796319544315, 0.639094829559, 0.64406388998, 0.727322816849, 0.76671653986, 0.818389832973, 0.990430593491]
    chords_key: "A"
    chords_scale: "minor"
    key_key: "A"
    key_scale: "major"
    chords_progression: ["Em", "Em", "Em", "Em", "B", "B", "B", "Em", "Am", "Am", "Am", "Am", "Am", "Em", "Am", "B", "B", "B", "B", "B", "Em", "B", "Em", "Em", "Em", "Em", "Em", "Em", "Em", "Em", "B", "B", "B", "D", "D", "F#", "Am", "A#m", "A#m", "A#m", "Am", "Am", "E", "E", "E", "E", "E", "E", "E", "E", "E", "E", "E", "E", "E", "E", "E", "E", "E", "E", "E", "E", "E", "E", "A#m", "A#m", "A#m", "A#m", "A#m", "A#m", "A#m", "E", "E", "E", "E", "Em", "Em", "Em", "Em", "Em", "Em", "Em", "Em", "Em", "Em", "Em", "Em", "Em", "Em", "Em", "Em", "Em", "Em", "Em", "Am", "Am", "Am", "Am", "Am", "Am", "E", "Em", "Em", "Em", "Em", "Em", "Em", "Em", "Em", "Em", "Em", "Em", "Em", "Em", "Em", "Em", "Em", "Em", "Em", "E", "E", "E", "Am", "Am", "Am", "Am", "Am", "Am", "Am", "Am", "Am", "Am", "Am", "Am", "Am", "Am", "Am", "Am", "Am", "Am", "Am", "Am", "Am", "Am", "Am", "Am", "Am", "D", "D", "D", "D", "D", "D", "F#m", "F#m", "F#m", "F#m", "F#m", "F#m", "F#m", "F#m", "F#m", "F#m", "F#m", "Am", "Am", "Am", "Am", "E", "E", "E", "Am", "F#m", "Am", "F#m", "F#m", "F#m", "F#m", "F#m", "F#m", "F#m", "F#m", "F#m", "F#m", "F#m", "F#m", "F#m", "Am", "Am", "Am", "Am", "Am", "Am", "Am", "Am", "Am", "Am", "Am", "Am", "Am", "Am", "Am", "Am", "Am", "Am", "Am", "Am", "Am", "Am", "Am", "D", "D", "D", "D", "D", "D"]
