
metadata:
    version:
        essentia: "1.2.2"
    audio_properties:
        analysis_sample_rate: 44100
        bitrate: 128
        channels: 2
        equal_loudness: 1
        length: 9.90040779114
        replay_gain: -5.60339736938
        downmix: "mix"
    tags:
        track: 5
        year: 0
        album: "Splitted by Mp3Splt v. 2.1"
        artist: "From 000.40 To 000.50"
        comment: "http://mp3splt.sf.net"
        genre: ""
        title: "03 Narcotic Influence (Edit).m"

highlevel:
    ballroom:
        all:
            ChaChaCha: 0.265956014395
            Jive: 0.229224920273
            Quickstep: 0.00763927679509
            Rumba-American: 0.000980077427812
            Rumba-International: 0.00165522552561
            Rumba-Misc: 0.00125626509544
            Samba: 0.491820305586
            Tango: 0.000495874905027
            VienneseWaltz: 0.000561728083994
            Waltz: 0.000410294014728
        probability: 0.491820305586
        value: "Samba"
    culture:
        all:
            non_western: 0.0198244787753
            western: 0.980175495148
        probability: 0.980175495148
        value: "western"
    gender:
        all:
            female: 0.722584009171
            male: 0.277415990829
        probability: 0.722584009171
        value: "female"
    genre_dortmund:
        all:
            alternative: 0.0232932530344
            blues: 0.00575685920194
            electronic: 0.531207680702
            folkcountry: 0.00353769958019
            funksoulrnb: 0.0260088127106
            jazz: 0.0100393462926
            pop: 0.0118896588683
            raphiphop: 0.259931147099
            rock: 0.12833558023
        probability: 0.531207680702
        value: "electronic"
    genre_electronica:
        all:
            ambient: 0.143971785903
            dnb: 0.217887938023
            house: 0.160071879625
            techno: 0.369086176157
            trance: 0.108982220292
        probability: 0.369086176157
        value: "techno"
    genre_rosamerica:
        all:
            cla: 0.00209778989665
            dan: 0.926427841187
            hip: 0.056535679847
            jaz: 0.000671809480991
            pop: 0.00133627548348
            rhy: 0.00550867803395
            roc: 0.00385277834721
            spe: 0.00356917083263
        probability: 0.926427841187
        value: "dan"
    genre_tzanetakis:
        all:
            blu: 0.00695659313351
            cla: 0.0051718885079
            cou: 0.00676367711276
            dis: 0.171448871493
            hip: 0.248586535454
            jaz: 0.00550799770281
            met: 0.0709919109941
            pop: 0.389475136995
            reg: 0.0705729350448
            roc: 0.0245244707912
        probability: 0.389475136995
        value: "pop"
    live_studio:
        all:
            live: 0.0267262794077
            studio: 0.973273694515
        probability: 0.973273694515
        value: "studio"
    mood:
        all:
            Cluster1: 0.46448469162
            Cluster2: 0.0323630124331
            Cluster3: 0.025939071551
            Cluster4: 0.0364607609808
            Cluster5: 0.440752476454
        probability: 0.46448469162
        value: "Cluster1"
    mood_acoustic:
        all:
            acoustic: 0.00624538678676
            not_acoustic: 0.99375462532
        probability: 0.99375462532
        value: "not_acoustic"
    mood_aggressive:
        all:
            aggressive: 0.658675193787
            not_aggressive: 0.341324776411
        probability: 0.658675193787
        value: "aggressive"
    mood_electronic:
        all:
            electronic: 0.952963709831
            not_electronic: 0.0470362752676
        probability: 0.952963709831
        value: "electronic"
    mood_happy:
        all:
            happy: 0.152310431004
            not_happy: 0.847689568996
        probability: 0.847689568996
        value: "not_happy"
    mood_party:
        all:
            not_party: 0.0696538314223
            party: 0.930346190929
        probability: 0.930346190929
        value: "party"
    mood_relaxed:
        all:
            not_relaxed: 0.981351077557
            relaxed: 0.0186489168555
        probability: 0.981351077557
        value: "not_relaxed"
    mood_sad:
        all:
            not_sad: 0.977563023567
            sad: 0.0224369559437
        probability: 0.977563023567
        value: "not_sad"
    rhythm:
        all:
            fast: 0.848543226719
            medium: 0.141376703978
            slow: 0.0100800367072
        probability: 0.848543226719
        value: "fast"
    speech_music:
        all:
            music: 0.996942162514
            speech: 0.00305783143267
        probability: 0.996942162514
        value: "music"
    timbre:
        all:
            bright: 0.00257498002611
            dark: 0.997425019741
        probability: 0.997425019741
        value: "dark"
    voice_instrumental:
        all:
            instrumental: 0.254023611546
            voice: 0.745976388454
        probability: 0.745976388454
        value: "voice"

lowlevel:
    average_loudness: 0.966859936714
    barkbands_kurtosis:
        dmean: 2.2736017704
        dmean2: 3.59716415405
        dvar: 15.7977237701
        dvar2: 30.0870800018
        max: 39.6293029785
        mean: 1.04055309296
        min: -1.81769740582
        var: 22.5515365601
    barkbands_skewness:
        dmean: 0.794245660305
        dmean2: 1.19266271591
        dvar: 0.631657361984
        dvar2: 1.14722859859
        max: 5.9848074913
        mean: 0.295772433281
        min: -3.26983118057
        var: 2.04479575157
    barkbands_spread:
        dmean: 8.88553333282
        dmean2: 13.7860164642
        dvar: 64.2943267822
        dvar2: 147.656204224
        max: 85.3731689453
        mean: 31.3221092224
        min: 5.32180404663
        var: 161.851211548
    dissonance:
        dmean: 0.0165402516723
        dmean2: 0.0295016150922
        dvar: 0.00035197485704
        dvar2: 0.00104251748417
        max: 0.499853610992
        mean: 0.477787584066
        min: 0.267868846655
        var: 0.000526945514139
    hfc:
        dmean: 2.62439513206
        dmean2: 4.14634656906
        dvar: 11.7733631134
        dvar2: 25.9799232483
        max: 36.1576004028
        mean: 4.35479974747
        min: 0.103025302291
        var: 24.1415367126
    pitch:
        dmean: 1127.56945801
        dmean2: 2111.08251953
        dvar: 1707752.5
        dvar2: 3831983.75
        max: 5512.5
        mean: 1571.59436035
        min: 74.6192855835
        var: 2256656
    pitch_instantaneous_confidence:
        dmean: 0.114852875471
        dmean2: 0.181862786412
        dvar: 0.00798328686506
        dvar2: 0.022823067382
        max: 0.732706964016
        mean: 0.349619209766
        min: 0.132646143436
        var: 0.0183727983385
    pitch_salience:
        dmean: 0.0961477160454
        dmean2: 0.144289776683
        dvar: 0.00779923330992
        dvar2: 0.0149728460237
        max: 0.936340510845
        mean: 0.63761806488
        min: 0.150975421071
        var: 0.021634215489
    silence_rate_20dB:
        dmean: 0
        dmean2: 0
        dvar: 0
        dvar2: 0
        max: 1
        mean: 1
        min: 1
        var: 0
    silence_rate_30dB:
        dmean: 0
        dmean2: 0
        dvar: 0
        dvar2: 0
        max: 1
        mean: 1
        min: 1
        var: 0
    silence_rate_60dB:
        dmean: 0.178403750062
        dmean2: 0.357647061348
        dvar: 0.14657522738
        dvar2: 0.267383635044
        max: 1
        mean: 0.700234174728
        min: 0
        var: 0.209906026721
    spectral_centroid:
        dmean: 432.651428223
        dmean2: 648.755187988
        dvar: 163994
        dvar2: 319353.84375
        max: 4219.37744141
        mean: 1606.84899902
        min: 207.305969238
        var: 763094.8125
    spectral_complexity:
        dmean: 3.93867921829
        dmean2: 6.59101676941
        dvar: 24.543422699
        dvar2: 56.2748031616
        max: 39
        mean: 6.97647047043
        min: 0
        var: 42.705368042
    spectral_crest:
        dmean: 3.18442153931
        dmean2: 5.09997940063
        dvar: 8.91944313049
        dvar2: 22.2897548676
        max: 21.2680130005
        mean: 8.27430915833
        min: 2.63116288185
        var: 18.6191692352
    spectral_decrease:
        dmean: 4.79854767033e-10
        dmean2: 7.24494519933e-10
        dvar: 4.77458834227e-19
        dvar2: 1.06580071258e-18
        max: -1.06729789937e-11
        mean: -6.72044475625e-10
        min: -4.76207384636e-09
        var: 6.28597294946e-19
    spectral_energy:
        dmean: 0.00202618073672
        dmean2: 0.00305756414309
        dvar: 8.03470175015e-06
        dvar2: 1.79895250767e-05
        max: 0.0206947829574
        mean: 0.00293144537136
        min: 5.57041857974e-05
        var: 1.09893189801e-05
    spectral_energyband_high:
        dmean: 0.000180581424502
        dmean2: 0.000269564974587
        dvar: 1.09130283477e-07
        dvar2: 2.30706575621e-07
        max: 0.00412793969736
        mean: 0.000302261090837
        min: 1.19996479953e-06
        var: 2.8394435958e-07
    spectral_energyband_low:
        dmean: 0.000418427720433
        dmean2: 0.000686527986545
        dvar: 6.82534846419e-07
        dvar2: 1.54229496729e-06
        max: 0.00767140043899
        mean: 0.000435172376456
        min: 1.16179990073e-07
        var: 7.02452041423e-07
    spectral_energyband_middle_high:
        dmean: 0.000666112347972
        dmean2: 0.00109918566886
        dvar: 8.03499574431e-07
        dvar2: 2.05995524993e-06
        max: 0.00492942426354
        mean: 0.00100994633976
        min: 1.19648648251e-05
        var: 1.02430487914e-06
    spectral_energyband_middle_low:
        dmean: 0.00125512632076
        dmean2: 0.00208746269345
        dvar: 6.45671934763e-06
        dvar2: 1.49085917656e-05
        max: 0.0148732326925
        mean: 0.00118405267131
        min: 2.70875966635e-06
        var: 5.74169735046e-06
    spectral_flatness_db:
        dmean: 0.0240037664771
        dmean2: 0.0357060991228
        dvar: 0.000463974341983
        dvar2: 0.000964727252722
        max: 0.267723202705
        mean: 0.143283426762
        min: 0.0576373003423
        var: 0.00145913951565
    spectral_flux:
        dmean: 0.0144026568159
        dmean2: 0.0204701181501
        dvar: 0.00029602565337
        dvar2: 0.000475444161566
        max: 0.129217743874
        mean: 0.0411353483796
        min: 0.0067039327696
        var: 0.000657051801682
    spectral_kurtosis:
        dmean: 1.6000264883
        dmean2: 2.57315015793
        dvar: 4.50979661942
        dvar2: 11.692858696
        max: 19.3663749695
        mean: 3.49127840996
        min: -0.430432319641
        var: 10.7627735138
    spectral_rms:
        dmean: 0.000524784321897
        dmean2: 0.000772266590502
        dvar: 3.38165563107e-07
        dvar2: 7.53146650823e-07
        max: 0.00449333200231
        mean: 0.00150202598888
        min: 0.000233121318161
        var: 6.03862929438e-07
    spectral_rolloff:
        dmean: 755.743896484
        dmean2: 1189.46728516
        dvar: 876083.25
        dvar2: 1947062.125
        max: 6093.89648438
        mean: 2862.80151367
        min: 107.666015625
        var: 2112428
    spectral_skewness:
        dmean: 0.257790863514
        dmean2: 0.393274515867
        dvar: 0.0643784627318
        dvar2: 0.152375787497
        max: 2.96116566658
        mean: 1.34385895729
        min: 0.248134762049
        var: 0.278204500675
    spectral_spread:
        dmean: 802065.875
        dmean2: 1165595.5
        dvar: 842868785152
        dvar2: 1.76580460544e+12
        max: 11502535
        mean: 5395517
        min: 1815677.625
        var: 5.32793891226e+12
    spectral_strongpeak:
        dmean: 0.340915381908
        dmean2: 0.588785707951
        dvar: 0.302089184523
        dvar2: 0.6760841012
        max: 6.037525177
        mean: 0.435937434435
        min: 0.0058914301917
        var: 0.608441710472
    zerocrossingrate:
        dmean: 0.0138998934999
        dmean2: 0.0162206329405
        dvar: 0.000147942992044
        dvar2: 0.000202880488359
        max: 0.1962890625
        mean: 0.0909133702517
        min: 0.0146484375
        var: 0.00154975859914
    barkbands:
        dmean: [5.59947579859e-07, 0.000155483256094, 0.000352907518391, 0.000529760785867, 0.000926105887629, 6.00962630415e-05, 4.64379081677e-05, 3.60682788596e-05, 5.33451457159e-05, 7.62657218729e-05, 4.22086122853e-05, 3.28441710735e-05, 3.24666361848e-05, 9.22784747672e-05, 0.0001588735322, 6.67333806632e-05, 5.86499882047e-05, 8.63550230861e-05, 0.000152092732606, 0.000156327747391, 7.4974472227e-05, 4.32021624874e-05, 1.77389702003e-05, 3.17312878906e-06, 3.79465313927e-06, 1.36174818977e-07, 5.83107950813e-10]
        dmean2: [7.10075653387e-07, 0.00025537723559, 0.000618381542154, 0.00098063913174, 0.00170409528073, 0.000108922482468, 7.08684019628e-05, 5.85535126447e-05, 9.43110717344e-05, 0.000141526441439, 7.37966547604e-05, 5.84084664297e-05, 5.29566386831e-05, 0.000167842692463, 0.000292313867249, 0.000113784764835, 9.82514175121e-05, 0.000142286953633, 0.000240310328081, 0.000240397930611, 0.00011245936912, 6.98793228366e-05, 2.69931933872e-05, 5.3205048971e-06, 6.58267526887e-06, 2.21639353981e-07, 1.03082886671e-09]
        dvar: [1.30954123413e-12, 8.64392148969e-08, 6.23187872861e-07, 1.82068663435e-06, 5.12204451297e-06, 1.09304005846e-08, 4.87510920522e-09, 3.91222165774e-09, 5.68552538383e-09, 1.91593603205e-08, 4.95867924499e-09, 2.97566926655e-09, 2.55636045665e-09, 1.81672703548e-08, 1.02951659642e-07, 2.48134988112e-08, 1.42087275279e-08, 2.39442226047e-08, 5.76636374205e-08, 9.6387701376e-08, 2.06945713899e-08, 9.40763200674e-09, 1.65896529847e-09, 6.05856198543e-11, 1.06192332705e-10, 1.11805109984e-13, 5.33159181103e-18]
        dvar2: [1.72986299764e-12, 2.05047783197e-07, 1.56640044224e-06, 5.06452215632e-06, 1.41955542858e-05, 3.05505878373e-08, 1.03243440464e-08, 8.16111178636e-09, 1.50282861711e-08, 5.40473870103e-08, 1.39041977931e-08, 8.19893575255e-09, 5.9455556034e-09, 4.66573304436e-08, 2.97447883213e-07, 6.74601992046e-08, 3.68951766916e-08, 5.86404311775e-08, 1.29854356601e-07, 2.01710960823e-07, 4.0412693636e-08, 2.25646950014e-08, 4.07427425131e-09, 1.41822803501e-10, 2.78107759044e-10, 2.54839660659e-13, 1.43506340245e-17]
        max: [1.4276978618e-05, 0.00254495628178, 0.00735360989347, 0.00872170459479, 0.0129325343296, 0.000801963033155, 0.000906143279281, 0.000867633265443, 0.000835648505017, 0.00103270937689, 0.000666938081849, 0.000459898932604, 0.000469588820124, 0.000933945586439, 0.00170555186924, 0.00119563005865, 0.001213150681, 0.00153316895012, 0.00209567020647, 0.00356908561662, 0.0016721682623, 0.00137630256359, 0.000299085193546, 0.000122183788335, 8.54677855386e-05, 2.15252998714e-06, 2.1876649825e-08]
        mean: [9.78654270511e-07, 0.000165486038895, 0.000268721516477, 0.00034450183739, 0.000602078565862, 5.86351925449e-05, 6.26739856671e-05, 4.04943093599e-05, 6.56082338537e-05, 6.25405082246e-05, 4.32940978499e-05, 3.81237041438e-05, 4.54299297417e-05, 0.000101401776192, 0.000158496695803, 6.87206702423e-05, 6.89681910444e-05, 0.000114859059977, 0.000192896011868, 0.0002144358441, 0.000114883448987, 6.45042891847e-05, 2.35899315157e-05, 5.78897106607e-06, 4.19567959398e-06, 1.39207344318e-07, 5.30619159722e-10]
        min: [1.52774154438e-10, 2.82037042609e-08, 6.57692709183e-08, 9.93510553826e-08, 2.80361547311e-07, 5.80881931e-07, 5.94604898652e-07, 2.24916462344e-07, 6.02609190992e-07, 3.70077572143e-07, 1.39781946018e-07, 2.48302541195e-07, 3.77384139938e-07, 3.32181741669e-07, 2.8187253065e-07, 3.20728133829e-07, 7.85651366186e-07, 1.70518990217e-06, 1.15567058856e-06, 1.51043536789e-06, 6.48966647532e-07, 1.55883014941e-07, 2.03313845759e-08, 8.00445043581e-09, 1.6733235908e-09, 5.11360363775e-11, 1.97704767596e-13]
        var: [4.53262644431e-12, 9.6558238738e-08, 4.77992955439e-07, 1.10833059352e-06, 3.15252827932e-06, 8.45077785527e-09, 9.52443723889e-09, 7.02009961273e-09, 6.46573727892e-09, 1.40732812071e-08, 4.33776259356e-09, 3.23339688357e-09, 3.24260374107e-09, 1.6807806702e-08, 6.42765414227e-08, 1.75309224915e-08, 1.38339801836e-08, 3.0296721576e-08, 9.33363679678e-08, 1.64886500897e-07, 4.54359287971e-08, 1.68177045623e-08, 2.08323669426e-09, 1.71627115297e-10, 9.79287553826e-11, 1.18424286219e-13, 4.05029565963e-18]
    mfcc:
        mean: [-748.309753418, 104.405715942, -39.029460907, 47.6628265381, -10.4886236191, 14.2939634323, -0.0151774818078, -0.564066827297, -1.29463982582, 3.72628045082, -0.692632079124, -10.2694425583, -5.39420461655]
        cov: [[3573.04956055, -1321.01611328, 259.881774902, -79.2338943481, 107.965820312, 99.30809021, -38.5393753052, -223.703491211, 6.42614412308, 45.6678161621, -99.7213363647, -145.760818481, -35.4604644775], [-1321.01611328, 1730.1517334, -711.772827148, -59.464214325, -17.7700386047, -98.7342910767, -70.3428955078, 9.77063083649, -8.96077823639, 2.83641767502, 13.5880556107, 8.7787027359, -14.6905288696], [259.881774902, -711.772827148, 1073.23205566, -20.7401866913, 112.622833252, 335.517822266, 4.04205656052, 106.228149414, 31.077337265, -29.9986000061, 20.5449562073, -39.2763061523, 10.5763034821], [-79.2338943481, -59.464214325, -20.7401866913, 333.512908936, -32.969543457, -95.4649810791, 46.3758850098, 44.8667373657, -46.5591926575, -10.7022914886, -16.6654548645, 53.0265731812, -9.34417819977], [107.965820312, -17.7700386047, 112.622833252, -32.969543457, 257.274230957, 185.309646606, -1.8859796524, 2.87549138069, 41.5671348572, 53.1748123169, 52.2742958069, -4.55770111084, 33.4429740906], [99.30809021, -98.7342910767, 335.517822266, -95.4649810791, 185.309646606, 346.26449585, -23.1052761078, 38.7712097168, 45.4106636047, 50.5395202637, 58.3508987427, -6.32844305038, 33.5245399475], [-38.5393753052, -70.3428955078, 4.04205656052, 46.3758850098, -1.8859796524, -23.1052761078, 116.195617676, 20.0370674133, 19.8734092712, 15.4225502014, -4.56447649002, 31.3034000397, 18.6881351471], [-223.703491211, 9.77063083649, 106.228149414, 44.8667373657, 2.87549138069, 38.7712097168, 20.0370674133, 149.923156738, 19.4090442657, 1.56666755676, 28.7454357147, 18.4105377197, 27.3163146973], [6.42614412308, -8.96077823639, 31.077337265, -46.5591926575, 41.5671348572, 45.4106636047, 19.8734092712, 19.4090442657, 71.7420959473, 29.7707824707, 21.7256774902, 16.4510097504, 15.1584091187], [45.6678161621, 2.83641767502, -29.9986000061, -10.7022914886, 53.1748123169, 50.5395202637, 15.4225502014, 1.56666755676, 29.7707824707, 102.449317932, 44.6645889282, 26.1848239899, 35.4528884888], [-99.7213363647, 13.5880556107, 20.5449562073, -16.6654548645, 52.2742958069, 58.3508987427, -4.56447649002, 28.7454357147, 21.7256774902, 44.6645889282, 81.5119476318, 29.4505367279, 41.3752975464], [-145.760818481, 8.7787027359, -39.2763061523, 53.0265731812, -4.55770111084, -6.32844305038, 31.3034000397, 18.4105377197, 16.4510097504, 26.1848239899, 29.4505367279, 81.4048919678, 26.5341911316], [-35.4604644775, -14.6905288696, 10.5763034821, -9.34417819977, 33.4429740906, 33.5245399475, 18.6881351471, 27.3163146973, 15.1584091187, 35.4528884888, 41.3752975464, 26.5341911316, 74.1590118408]]
        icov: [[0.000551737495698, 0.000501943344716, 0.000254687241977, -0.000159806528245, -8.26504838187e-05, -0.000257072329987, 0.000342804152751, 0.00053814961575, -0.000427134946221, -0.000422304030508, 0.000700209289789, 0.000936501659453, -0.000260880653514], [0.000501943344716, 0.00137890782207, 0.00106173683889, 8.21471894596e-06, -0.000137282098876, -0.000676238385495, 0.000705492158886, -0.000197363755433, -0.000322283012792, -4.4674736273e-05, 0.000561549735721, 0.000810843601357, 0.000109116073872], [0.000254687241977, 0.00106173683889, 0.00252896826714, -0.000472266692668, 0.000557645689696, -0.00266390945762, -4.37994822278e-05, -0.00080504338257, -0.000642497790977, 0.00132264965214, 8.3620652731e-05, 0.0015428654151, 7.26016078261e-05], [-0.000159806528245, 8.21471894596e-06, -0.000472266692668, 0.00547697721049, -0.00183528126217, 0.00215419870801, -0.00107794813812, -0.00263828178868, 0.00515032466501, -0.0010043104412, 0.00139552250039, -0.00494585558772, 0.00219834875315], [-8.26504838187e-05, -0.000137282098876, 0.000557645689696, -0.00183528126217, 0.00800229609013, -0.00450862478465, -0.000769037811551, 0.00195279391482, -0.00313373445533, -4.64775475848e-05, -0.00288614374585, 0.0034421691671, -0.00143214943819], [-0.000257072329987, -0.000676238385495, -0.00266390945762, 0.00215419870801, -0.00450862478465, 0.00875271577388, 0.0012844823068, -0.00129689171445, 0.00105264713056, -0.00230266829021, -0.000390648143366, -0.00236678146757, 0.000575381272938], [0.000342804152751, 0.000705492158886, -4.37994822278e-05, -0.00107794813812, -0.000769037811551, 0.0012844823068, 0.012285310775, -0.000703570549376, -0.00373872392811, -0.00171744311228, 0.00517708063126, -0.00281372107565, -0.00319293118082], [0.00053814961575, -0.000197363755433, -0.00080504338257, -0.00263828178868, 0.00195279391482, -0.00129689171445, -0.000703570549376, 0.0105982506648, -0.0041819321923, 0.00177596998401, -0.00283566839062, 0.00259208329953, -0.00335987261496], [-0.000427134946221, -0.000322283012792, -0.000642497790977, 0.00515032466501, -0.00313373445533, 0.00105264713056, -0.00373872392811, -0.0041819321923, 0.0233435817063, -0.00393422879279, -0.000161881864187, -0.00662737339735, 0.00346329668537], [-0.000422304030508, -4.4674736273e-05, 0.00132264965214, -0.0010043104412, -4.64775475848e-05, -0.00230266829021, -0.00171744311228, 0.00177596998401, -0.00393422879279, 0.0168169364333, -0.0064561245963, -0.000655065116007, -0.00308442790993], [0.000700209289789, 0.000561549735721, 8.3620652731e-05, 0.00139552250039, -0.00288614374585, -0.000390648143366, 0.00517708063126, -0.00283566839062, -0.000161881864187, -0.0064561245963, 0.026362510398, -0.00618461938575, -0.00754794711247], [0.000936501659453, 0.000810843601357, 0.0015428654151, -0.00494585558772, 0.0034421691671, -0.00236678146757, -0.00281372107565, 0.00259208329953, -0.00662737339735, -0.000655065116007, -0.00618461938575, 0.0235203709453, -0.00426010973752], [-0.000260880653514, 0.000109116073872, 7.26016078261e-05, 0.00219834875315, -0.00143214943819, 0.000575381272938, -0.00319293118082, -0.00335987261496, 0.00346329668537, -0.00308442790993, -0.00754794711247, -0.00426010973752, 0.0225781332701]]
    spectral_contrast:
        mean: [1.58789404736e-07, -7.5316606285e-08, -3.60069037697e-07, -1.35320078698e-07, 2.50488511711e-07, -1.14195486844e-07, -2.31690273722e-06, -8.31660088352e-07, -2.6976360914e-06, -3.49774069264e-07, 5.66650851397e-06, -1.97803274204e-06]
        var: [0.000516876694746, 0.000899329315871, 0.00116066948976, 0.00140881049447, 0.00196873792447, 0.00918458495289, 0.0977051705122, 0.165369749069, 0.206537768245, 0.419783979654, 0.752257347107, 1.84525072575]

rhythm:
    beats_loudness:
        dmean: 0.00372234382667
        dmean2: 0.0066791777499
        dvar: 2.12041068153e-05
        dvar2: 5.33798847755e-05
        max: 0.018586428836
        mean: 0.00564625067636
        min: 0.000857795239426
        var: 3.54704461643e-05
    beats_loudness_bass:
        dmean: 0.123530097306
        dmean2: 0.18879109621
        dvar: 0.00831102114171
        dvar2: 0.0216333307326
        max: 0.786463677883
        mean: 0.309678852558
        min: 0.0475493706763
        var: 0.0508668422699
    bpm: 150.926040649
    bpm_confidence: 0
    first_peak_bpm: 151
    first_peak_spread: 0
    first_peak_weight: 0.956521749496
    onset_rate: 5.95935058594
    second_peak_bpm: 96
    second_peak_spread: 0
    second_peak_weight: 0.0434782616794
    beats_position: [0.297588795424, 0.695795714855, 1.09400260448, 1.49220943451, 1.89041626453, 2.28862309456, 2.68683004379, 3.08503675461, 3.48324370384, 3.88145041466, 4.27965736389, 4.67786407471, 5.07607078552, 5.47427797318, 5.87248468399, 6.50069141388, 6.89793920517, 7.29518699646, 7.69243478775, 8.08968162537, 8.48692893982, 8.88417720795, 9.2814245224, 9.67867183685]
    bpm_estimates: [151.160614014, 150.787109375, 150.545883179, 150.402557373, 150.48336792, 151.470489502, 151.054229736, 151.111907959, 150.84513855, 150.526382446, 150.623596191, 151.097671509, 151.14630127, 151.184143066, 151.087142944, 151.290313721]
    bpm_intervals: [0.398206919432, 0.398206889629, 0.398206830025, 0.398206830025, 0.398206830025, 0.398206949234, 0.398206710815, 0.398206949234, 0.398206710815, 0.398206949234, 0.398206710815, 0.398206710815, 0.398207187653, 0.398206710815, 0.628206729889, 0.39724779129, 0.39724779129, 0.39724779129, 0.397246837616, 0.397247314453, 0.397248268127, 0.397247314453, 0.397247314453]
    onset_times: [0.0580498874187, 0.290249437094, 0.476009070873, 0.615328788757, 0.708208620548, 0.893968224525, 1.09133791924, 1.28870749474, 1.49768710136, 1.59056687355, 1.69505667686, 1.89242625237, 2.08979582787, 2.20589566231, 2.31038546562, 2.49614500999, 2.69351482391, 2.89088439941, 3.09986400604, 3.19274377823, 3.29723358154, 3.49460315704, 3.68036270142, 3.81968259811, 3.9125623703, 4.09832191467, 4.29569149017, 4.49306106567, 4.69043064117, 4.88780021667, 5.0967798233, 5.39863967896, 5.50312948227, 5.70049905777, 5.89786863327, 6.1068482399, 6.29260778427, 6.5015873909, 6.80344676971, 6.8963265419, 7.11691617966, 7.2910656929, 7.50004529953, 7.59292507172, 7.69741487503, 7.91800451279, 8.09215450287, 8.28952407837, 8.39401340485, 8.498503685, 8.70748329163, 8.893242836, 9.0906124115, 9.19510173798, 9.29959201813, 9.41569137573, 9.61306095123, 9.69433116913, 9.89170074463]
    rubato_start: []
    rubato_stop: []
    perceptual_tempo: "unknown"

sfx:
    inharmonicity:
        dmean: 0.050466645509
        dmean2: 0.0871676430106
        dvar: 0.00319250090979
        dvar2: 0.00852686632425
        max: 0.430654346943
        mean: 0.0507191382349
        min: 0
        var: 0.00354354968295
    oddtoevenharmonicenergyratio:
        dmean: 3.72609686852
        dmean2: 7.05111217499
        dvar: 293.484710693
        dvar2: 862.177368164
        max: 210.927383423
        mean: 2.31989884377
        min: 0
        var: 159.924850464
    pitch_after_max_to_before_max_energy_ratio: 0.285176247358
    pitch_centroid: 230.844360352
    pitch_max_to_total: 0.783529400826
    pitch_min_to_total: 0.903529405594
    tristimulus:
        dmean: [0.2166031003, 0.282387524843, 0.14926956594]
        dmean2: [0.370506316423, 0.484829694033, 0.263281553984]
        dvar: [0.0372966639698, 0.0512712225318, 0.0208214838058]
        dvar2: [0.0879314765334, 0.143994286656, 0.0549479648471]
        max: [1, 0.964759111404, 0.721509814262]
        mean: [0.376010537148, 0.422429561615, 0.135583743453]
        min: [0.00829551462084, 0, 0]
        var: [0.0679969862103, 0.0756338611245, 0.0259497445077]

tonal:
    chords_changes_rate: 0.0467289723456
    chords_number_rate: 0.0186915881932
    chords_strength:
        dmean: 0.0109046353027
        dmean2: 0.014734772034
        dvar: 7.80800401117e-05
        dvar2: 0.000149898143718
        max: 0.775253117085
        mean: 0.573179066181
        min: 0.295178592205
        var: 0.0172469299287
    key_strength: 0.507611215115
    tuning_diatonic_strength: 0.503292679787
    tuning_equal_tempered_deviation: 0.181431531906
    tuning_frequency: 434.444000244
    tuning_nontempered_energy_ratio: 0.820369184017
    hpcp:
        dmean: [0.233535483479, 0.249116078019, 0.268398046494, 0.256576776505, 0.251149773598, 0.262644231319, 0.294919103384, 0.260691940784, 0.193965479732, 0.145385503769, 0.163495317101, 0.133556395769, 0.13074234128, 0.144205763936, 0.140566214919, 0.157570064068, 0.163689911366, 0.172307908535, 0.19557107985, 0.222006261349, 0.240703374147, 0.245744764805, 0.251051545143, 0.215578824282, 0.165000990033, 0.160552456975, 0.174147993326, 0.168678835034, 0.166070654988, 0.20876199007, 0.243845582008, 0.202984020114, 0.244301766157, 0.270331025124, 0.267933338881, 0.253651052713]
        dmean2: [0.420026898384, 0.438200116158, 0.462518006563, 0.456301897764, 0.429442107677, 0.442492246628, 0.510477423668, 0.453276067972, 0.340551584959, 0.245892956853, 0.266552150249, 0.221108749509, 0.229340672493, 0.253621578217, 0.224452137947, 0.270912051201, 0.287235558033, 0.306158423424, 0.352373689413, 0.409294337034, 0.442263811827, 0.419234752655, 0.428970634937, 0.376195847988, 0.291488975286, 0.2835034132, 0.305086165667, 0.289404511452, 0.282291710377, 0.363965570927, 0.423607587814, 0.345464766026, 0.433357477188, 0.475362032652, 0.463103502989, 0.445100039244]
        dvar: [0.0605046339333, 0.0602432303131, 0.0496438965201, 0.05399729684, 0.0491734929383, 0.0536157973111, 0.0652524754405, 0.0568436905742, 0.0532370023429, 0.0229310337454, 0.0350761674345, 0.0257027652115, 0.0270435214043, 0.0330230034888, 0.020070631057, 0.0385412424803, 0.0354399979115, 0.0456218197942, 0.0478256270289, 0.0577563382685, 0.0555807091296, 0.0516071356833, 0.0570282414556, 0.0475412793458, 0.0366883687675, 0.0438799597323, 0.0520184747875, 0.0341169983149, 0.0260190665722, 0.0374442078173, 0.0493135005236, 0.0385719165206, 0.047086853534, 0.0602950528264, 0.0683993175626, 0.057202488184]
        dvar2: [0.164465874434, 0.160829395056, 0.139032870531, 0.13638100028, 0.138312801719, 0.139275044203, 0.155483826995, 0.154396414757, 0.14658947289, 0.0587351955473, 0.094896197319, 0.064857840538, 0.0738532170653, 0.0864653661847, 0.0456335581839, 0.103598326445, 0.104753769934, 0.127734035254, 0.131734073162, 0.163411423564, 0.154664322734, 0.137584716082, 0.141241386533, 0.135735049844, 0.105176798999, 0.119888626039, 0.152347370982, 0.0957336425781, 0.0671295523643, 0.0949123725295, 0.12514038384, 0.107607722282, 0.126056045294, 0.152261063457, 0.165358349681, 0.140434801579]
        max: [1, 1, 1, 1, 1, 1, 1, 1, 1, 0.920857667923, 1, 1, 1, 1, 1, 1, 1, 1, 1, 1, 1, 1, 1, 1, 1, 1, 1, 1, 1, 1, 1, 1, 1, 1, 1, 1]
        mean: [0.287814438343, 0.304301530123, 0.353942543268, 0.36950597167, 0.355302244425, 0.420550376177, 0.485733598471, 0.386262953281, 0.242351710796, 0.198493763804, 0.208231970668, 0.176992878318, 0.15439966321, 0.175932660699, 0.183930248022, 0.173143327236, 0.165882021189, 0.201824635267, 0.230463325977, 0.235889494419, 0.267065614462, 0.298328727484, 0.278509438038, 0.221113294363, 0.184031292796, 0.168661132455, 0.182204931974, 0.216885700822, 0.219151720405, 0.269000709057, 0.308251708746, 0.283164948225, 0.346796125174, 0.390969902277, 0.350488096476, 0.313528448343]
        min: [0.00226138392463, 0.00132925191429, 0.00131790339947, 0.00259355525486, 0.00514297280461, 0.00540813151747, 0.00647699460387, 0.00249183550477, 0.00105019728653, 0.000764443306252, 0.00102168589365, 0.00108174199704, 0.00108577450737, 0.00116395333316, 0.00129293021746, 0.00233840779401, 0.00285611557774, 0.00200399616733, 0.00198688381352, 0.00372329424135, 0.00475586298853, 0.00355521892197, 0.00233292533085, 0.000969097774941, 0.00128389894962, 0.00178680499084, 0.00115369004197, 0.00174385099672, 0.00279603712261, 0.00657789874822, 0.00700584659353, 0.00548819126561, 0.0020199182909, 0.001501186518, 0.00190168013796, 0.00255002477206]
        var: [0.0662892535329, 0.0732278078794, 0.0831529647112, 0.0865850448608, 0.0725508704782, 0.0899893119931, 0.109050281346, 0.0875865221024, 0.0618807263672, 0.0337355323136, 0.0419877097011, 0.0304857566953, 0.0274940710515, 0.0362384133041, 0.0409642569721, 0.0402306877077, 0.0319707617164, 0.0405069515109, 0.0475290454924, 0.0622790828347, 0.0612284876406, 0.0679119825363, 0.0728021636605, 0.0507237948477, 0.0359275266528, 0.0418643765152, 0.0438901111484, 0.0407563783228, 0.0414893217385, 0.0528143048286, 0.0646241903305, 0.0495214089751, 0.0653328746557, 0.0856019854546, 0.0883462131023, 0.0783366337419]
    chords_histogram: [17.7570095062, 0, 0, 0, 0, 0, 0, 0, 0, 0, 0, 0, 0, 0, 0, 0, 4.67289733887, 0, 0, 2.33644866943, 0, 0, 0, 75.2336425781]
    thpcp: [1, 0.795215666294, 0.498939573765, 0.40864738822, 0.428695827723, 0.364382624626, 0.317869007587, 0.362199902534, 0.378664880991, 0.356457382441, 0.341508239508, 0.415504783392, 0.474464446306, 0.485635519028, 0.549819111824, 0.614181756973, 0.57337898016, 0.455215156078, 0.378872901201, 0.34722968936, 0.375112891197, 0.446511626244, 0.451176792383, 0.553802967072, 0.634610652924, 0.582963466644, 0.713963627815, 0.804906010628, 0.721564471722, 0.645474076271, 0.592535555363, 0.626478254795, 0.728676259518, 0.760717332363, 0.731475532055, 0.865804612637]
    chords_key: "E"
    chords_scale: "major"
    key_key: "G#"
    key_scale: "minor"
    chords_progression: ["Em", "Em", "Em", "E", "E", "E", "E", "E", "E", "E", "E", "E", "E", "E", "E", "E", "E", "E", "E", "E", "E", "E", "E", "E", "E", "E", "E", "E", "E", "E", "E", "E", "E", "E", "E", "E", "E", "E", "E", "E", "E", "E", "E", "E", "E", "E", "E", "E", "E", "E", "E", "E", "E", "E", "E", "E", "E", "E", "E", "E", "E", "E", "E", "E", "E", "E", "E", "E", "E", "E", "E", "E", "E", "E", "E", "E", "E", "E", "E", "E", "E", "E", "E", "E", "E", "E", "E", "E", "E", "E", "E", "E", "E", "E", "E", "E", "E", "E", "E", "E", "E", "E", "E", "E", "E", "E", "E", "E", "E", "E", "E", "E", "E", "E", "E", "E", "E", "E", "E", "E", "E", "E", "E", "E", "E", "E", "E", "E", "E", "E", "E", "E", "E", "E", "E", "E", "E", "E", "E", "E", "E", "E", "E", "E", "E", "E", "E", "E", "E", "E", "E", "E", "E", "E", "E", "E", "E", "E", "G#m", "G#m", "G#m", "G#m", "G#m", "G#m", "G#m", "G#m", "G#m", "G#m", "G#m", "E", "G#m", "G#m", "G#m", "G#m", "G#m", "G#m", "G#m", "G#m", "E", "E", "E", "E", "G#m", "G#m", "G#m", "G#m", "G#m", "E", "G#m", "G#m", "G#m", "G#m", "G#m", "G#m", "G#m", "G#m", "G#m", "G#m", "G#m", "G#m", "G#m", "G#m", "Em", "Em", "Em", "Em", "Em", "Em", "Em", "D", "D", "D", "D", "D"]
