
metadata:
    version:
        essentia: "1.2.2"
    audio_properties:
        analysis_sample_rate: 44100
        bitrate: 128
        channels: 2
        equal_loudness: 1
        length: 10.0048980713
        replay_gain: -11.3881568909
        downmix: "mix"
    tags:
        track: 10
        year: 0
        album: "Splitted by Mp3Splt v. 2.1"
        artist: "From 001.30 To 001.40"
        comment: "http://mp3splt.sf.net"
        genre: ""
        title: "03 the horror.mp3"

highlevel:
    ballroom:
        all:
            ChaChaCha: 0.0429922379553
            Jive: 0.491549253464
            Quickstep: 0.0514573007822
            Rumba-American: 0.00415263744071
            Rumba-International: 0.00659687910229
            Rumba-Misc: 0.0103755313903
            Samba: 0.0626278892159
            Tango: 0.0217367447913
            VienneseWaltz: 0.293937593699
            Waltz: 0.0145739251748
        probability: 0.491549253464
        value: "Jive"
    culture:
        all:
            non_western: 0.00691057089716
            western: 0.993089437485
        probability: 0.993089437485
        value: "western"
    gender:
        all:
            female: 0.27763402462
            male: 0.72236597538
        probability: 0.72236597538
        value: "male"
    genre_dortmund:
        all:
            alternative: 0.175930082798
            blues: 0.0199622828513
            electronic: 0.122160069644
            folkcountry: 0.0177243202925
            funksoulrnb: 0.0256627127528
            jazz: 0.0659282803535
            pop: 0.0421571545303
            raphiphop: 0.00169339450076
            rock: 0.528781712055
        probability: 0.528781712055
        value: "rock"
    genre_electronica:
        all:
            ambient: 0.191231131554
            dnb: 0.135857596993
            house: 0.00289319455624
            techno: 0.00732291862369
            trance: 0.662695169449
        probability: 0.662695169449
        value: "trance"
    genre_rosamerica:
        all:
            cla: 0.030793607235
            dan: 0.0154607808217
            hip: 0.00369757064618
            jaz: 0.0091525092721
            pop: 0.0158325508237
            rhy: 0.00353847933002
            roc: 0.920953214169
            spe: 0.000571261160076
        probability: 0.920953214169
        value: "roc"
    genre_tzanetakis:
        all:
            blu: 0.0446693822742
            cla: 0.144355580211
            cou: 0.145747333765
            dis: 0.0721270740032
            hip: 0.017382113263
            jaz: 0.191606476903
            met: 0.0768994390965
            pop: 0.0397174134851
            reg: 0.0176077950746
            roc: 0.249887391925
        probability: 0.249887391925
        value: "roc"
    live_studio:
        all:
            live: 0.388727337122
            studio: 0.61127269268
        probability: 0.61127269268
        value: "studio"
    mood:
        all:
            Cluster1: 0.557055950165
            Cluster2: 0.0689419582486
            Cluster3: 0.0314034149051
            Cluster4: 0.09230697155
            Cluster5: 0.250291705132
        probability: 0.557055950165
        value: "Cluster1"
    mood_acoustic:
        all:
            acoustic: 0.00973004288971
            not_acoustic: 0.990269958973
        probability: 0.990269958973
        value: "not_acoustic"
    mood_aggressive:
        all:
            aggressive: 0.895196020603
            not_aggressive: 0.104803949594
        probability: 0.895196020603
        value: "aggressive"
    mood_electronic:
        all:
            electronic: 0.357794582844
            not_electronic: 0.642205417156
        probability: 0.642205417156
        value: "not_electronic"
    mood_happy:
        all:
            happy: 0.667976200581
            not_happy: 0.332023799419
        probability: 0.667976200581
        value: "happy"
    mood_party:
        all:
            not_party: 0.5
            party: 0.5
        probability: 0.5
        value: "not_party"
    mood_relaxed:
        all:
            not_relaxed: 0.667409777641
            relaxed: 0.332590222359
        probability: 0.667409777641
        value: "not_relaxed"
    mood_sad:
        all:
            not_sad: 0.936800718307
            sad: 0.0631992891431
        probability: 0.936800718307
        value: "not_sad"
    rhythm:
        all:
            fast: 0.234499886632
            medium: 0.622673213482
            slow: 0.142826899886
        probability: 0.622673213482
        value: "medium"
    speech_music:
        all:
            music: 0.999709486961
            speech: 0.000290493801003
        probability: 0.999709486961
        value: "music"
    timbre:
        all:
            bright: 0.259599238634
            dark: 0.740400731564
        probability: 0.740400731564
        value: "dark"
    voice_instrumental:
        all:
            instrumental: 0.934043169022
            voice: 0.0659568533301
        probability: 0.934043169022
        value: "instrumental"

lowlevel:
    average_loudness: 0.980556666851
    barkbands_kurtosis:
        dmean: 0.395420402288
        dmean2: 0.616580486298
        dvar: 0.203797280788
        dvar2: 0.511715471745
        max: 2.86541843414
        mean: -0.724615693092
        min: -1.69846689701
        var: 0.434373557568
    barkbands_skewness:
        dmean: 0.275157779455
        dmean2: 0.442603856325
        dvar: 0.0624640807509
        dvar2: 0.151857361197
        max: 1.89921629429
        mean: -0.290066957474
        min: -1.59750068188
        var: 0.197291180491
    barkbands_spread:
        dmean: 4.22979164124
        dmean2: 6.13849306107
        dvar: 17.7109851837
        dvar2: 34.0655021667
        max: 52.4926986694
        mean: 26.2348499298
        min: 10.3271579742
        var: 72.4536972046
    dissonance:
        dmean: 0.0160911493003
        dmean2: 0.0266201216727
        dvar: 0.00015873897064
        dvar2: 0.000466911063995
        max: 0.49901163578
        mean: 0.471301317215
        min: 0.385624229908
        var: 0.000312213844154
    hfc:
        dmean: 2.51009726524
        dmean2: 3.8998966217
        dvar: 12.2457695007
        dvar2: 23.9833183289
        max: 56.4684181213
        mean: 12.0764074326
        min: 0.0499365366995
        var: 28.012802124
    pitch:
        dmean: 260.759155273
        dmean2: 494.668640137
        dvar: 356130.25
        dvar2: 845328.125
        max: 3675
        mean: 475.99432373
        min: 88.7323913574
        var: 320851.03125
    pitch_instantaneous_confidence:
        dmean: 0.0772557109594
        dmean2: 0.124620728195
        dvar: 0.00415586866438
        dvar2: 0.00994937680662
        max: 0.785895287991
        mean: 0.435739696026
        min: 0.164205670357
        var: 0.0147899007425
    pitch_salience:
        dmean: 0.048499841243
        dmean2: 0.0779833495617
        dvar: 0.00131420150865
        dvar2: 0.00327736791223
        max: 0.782768130302
        mean: 0.623365163803
        min: 0.447133779526
        var: 0.00386530673131
    silence_rate_20dB:
        dmean: 0
        dmean2: 0
        dvar: 0
        dvar2: 0
        max: 1
        mean: 1
        min: 1
        var: 0
    silence_rate_30dB:
        dmean: 0
        dmean2: 0
        dvar: 0
        dvar2: 0
        max: 1
        mean: 1
        min: 1
        var: 0
    silence_rate_60dB:
        dmean: 0.00465116277337
        dmean2: 0.00699300691485
        dvar: 0.00462953234091
        dvar2: 0.00694407848641
        max: 1
        mean: 0.00928074214607
        min: 0
        var: 0.00919454824179
    spectral_centroid:
        dmean: 198.800445557
        dmean2: 319.730316162
        dvar: 32170.9726562
        dvar2: 79813.1953125
        max: 2998.49951172
        mean: 1862.66040039
        min: 570.49029541
        var: 116512.132812
    spectral_complexity:
        dmean: 3.59112143517
        dmean2: 5.62529277802
        dvar: 13.4519748688
        dvar2: 25.5598449707
        max: 54
        mean: 20.3659667969
        min: 0
        var: 52.1854019165
    spectral_crest:
        dmean: 1.48281860352
        dmean2: 2.40117526054
        dvar: 1.54919052124
        dvar2: 3.89798998833
        max: 15.0398693085
        mean: 5.78558254242
        min: 2.46684336662
        var: 3.95726943016
    spectral_decrease:
        dmean: 2.86090290347e-10
        dmean2: 4.23346746548e-10
        dvar: 1.15010235942e-19
        dvar2: 2.43180605237e-19
        max: -9.59257066141e-12
        mean: -1.43052913959e-09
        min: -5.01514341167e-09
        var: 2.65307092086e-19
    spectral_energy:
        dmean: 0.00126186094712
        dmean2: 0.00188195658848
        dvar: 2.44095622293e-06
        dvar2: 4.98665394844e-06
        max: 0.0240501593798
        mean: 0.00649451604113
        min: 4.07336810895e-05
        var: 5.52737401449e-06
    spectral_energyband_high:
        dmean: 0.000138418821734
        dmean2: 0.00021947719506
        dvar: 2.87867027993e-08
        dvar2: 6.69903528205e-08
        max: 0.00215110182762
        mean: 0.000458322203485
        min: 1.06193124338e-06
        var: 6.6291235612e-08
    spectral_energyband_low:
        dmean: 0.000244274007855
        dmean2: 0.000411144195823
        dvar: 1.90245017961e-07
        dvar2: 5.06589742599e-07
        max: 0.0038278917782
        mean: 0.000328069465468
        min: 1.70538271504e-06
        var: 2.04214146038e-07
    spectral_energyband_middle_high:
        dmean: 0.00092994159786
        dmean2: 0.00141838018317
        dvar: 1.1816340475e-06
        dvar2: 2.39323617279e-06
        max: 0.0171292610466
        mean: 0.00435244385153
        min: 2.28245407925e-05
        var: 3.0606108794e-06
    spectral_energyband_middle_low:
        dmean: 0.000482655013911
        dmean2: 0.000763109594118
        dvar: 4.40919620814e-07
        dvar2: 1.00637043943e-06
        max: 0.00873718690127
        mean: 0.00135564501397
        min: 1.15444681796e-05
        var: 1.18159232443e-06
    spectral_flatness_db:
        dmean: 0.0115045709535
        dmean2: 0.0176664758474
        dvar: 9.09558511921e-05
        dvar2: 0.000186415971257
        max: 0.210158213973
        mean: 0.14198897779
        min: 0.090211853385
        var: 0.000437790120486
    spectral_flux:
        dmean: 0.00671280082315
        dmean2: 0.0104618277401
        dvar: 5.62113418709e-05
        dvar2: 0.000119797499792
        max: 0.10330491513
        mean: 0.0447026006877
        min: 0.00638229446486
        var: 0.000132641725941
    spectral_kurtosis:
        dmean: 1.01728367805
        dmean2: 1.74911367893
        dvar: 0.96240568161
        dvar2: 2.15172433853
        max: 15.5765342712
        mean: 3.86692976952
        min: 1.92123413086
        var: 1.47517335415
    spectral_rms:
        dmean: 0.000234677849221
        dmean2: 0.00034804342431
        dvar: 5.99678671165e-08
        dvar2: 1.11492738597e-07
        max: 0.00484392093495
        mean: 0.00248411181383
        min: 0.000199349378818
        var: 1.65296327737e-07
    spectral_rolloff:
        dmean: 254.775924683
        dmean2: 435.101867676
        dvar: 64921.4101562
        dvar2: 164741.640625
        max: 4478.90625
        mean: 3324.69580078
        min: 947.4609375
        var: 122749.296875
    spectral_skewness:
        dmean: 0.137879952788
        dmean2: 0.228817567229
        dvar: 0.017716916278
        dvar2: 0.0340032316744
        max: 3.02835083008
        mean: 1.36607098579
        min: 0.95975625515
        var: 0.0345015078783
    spectral_spread:
        dmean: 256451.734375
        dmean2: 390956.65625
        dvar: 156611231744
        dvar2: 217525846016
        max: 10744631
        mean: 3966253.25
        min: 3113111.5
        var: 244690010112
    spectral_strongpeak:
        dmean: 0.804487645626
        dmean2: 1.31118869781
        dvar: 0.770979523659
        dvar2: 1.91983366013
        max: 6.15694141388
        mean: 1.38957619667
        min: 0.0367949344218
        var: 1.29374480247
    zerocrossingrate:
        dmean: 0.00690667005256
        dmean2: 0.00931279268116
        dvar: 3.23887434206e-05
        dvar2: 5.33246638952e-05
        max: 0.1376953125
        mean: 0.100522197783
        min: 0.04296875
        var: 0.000179587921593
    barkbands:
        dmean: [7.10122662895e-07, 0.000121776312881, 0.00015572088887, 0.000174964166945, 0.000182723902981, 7.64949290897e-05, 7.70589758758e-05, 8.51024014992e-05, 0.000183175885468, 0.000142563469126, 0.0002327952825, 0.000123968027765, 0.000242133217398, 0.000180856790394, 9.24094711081e-05, 0.000268727628281, 0.000261477194726, 0.000252641970292, 0.000337272824254, 0.000174393630004, 8.1880534708e-05, 1.63433833222e-05, 3.06044694298e-06, 7.82111840181e-07, 3.73153142164e-07, 2.15589945896e-08, 1.20626064692e-09]
        dmean2: [1.05874380552e-06, 0.000208241006476, 0.000257225037785, 0.000302450673189, 0.000300666841213, 0.000123298115795, 0.000133311448735, 0.000127664708998, 0.000287166010821, 0.000198528723558, 0.00037380924914, 0.00018665191601, 0.00033728274866, 0.000284144800389, 0.000147092796396, 0.000400972203352, 0.00042346000555, 0.00041166896699, 0.000572385382839, 0.000275371625321, 0.00013559468789, 2.68961866823e-05, 5.17324269822e-06, 1.32160164412e-06, 5.90732042838e-07, 3.37267422879e-08, 1.4714152119e-09]
        dvar: [1.62683050624e-12, 5.60308919262e-08, 7.00345452742e-08, 1.21707600442e-07, 1.23105195371e-07, 1.24828272163e-08, 1.18563399099e-08, 1.49443035724e-08, 5.01060704039e-08, 5.18679641459e-08, 5.20002316762e-08, 2.78463971881e-08, 9.20572702512e-08, 8.10144911156e-08, 1.69606604317e-08, 8.43547169893e-08, 1.62169286e-07, 7.48003685658e-08, 1.5927746233e-07, 3.8971066374e-08, 1.11751390364e-08, 3.32572969164e-10, 1.03890281794e-11, 1.20163395293e-12, 3.40969684128e-13, 1.47822580592e-15, 3.38993755738e-16]
        dvar2: [2.71220025605e-12, 1.55385635026e-07, 1.80640938652e-07, 3.36848046345e-07, 3.05541732359e-07, 2.81219509901e-08, 3.00470155423e-08, 3.05096286013e-08, 1.24821895042e-07, 1.05524797789e-07, 1.32698431798e-07, 6.773246497e-08, 1.48074278172e-07, 2.38738863345e-07, 3.44739312652e-08, 1.76566089749e-07, 3.66538614571e-07, 1.9680295793e-07, 3.49025668811e-07, 8.35759621509e-08, 2.88521047054e-08, 8.06894107086e-10, 2.86093631424e-11, 3.19139506488e-12, 8.67510219476e-13, 3.37971206976e-15, 3.39612275078e-16]
        max: [1.1536589227e-05, 0.00141826481558, 0.00274568796158, 0.00497485138476, 0.00287171336822, 0.00134833890479, 0.000964172475506, 0.00292798876762, 0.00219552288763, 0.00351219438016, 0.00272255414166, 0.00172629253939, 0.00546733057126, 0.00275585451163, 0.00142430025153, 0.00262026186101, 0.00392352323979, 0.00280563277192, 0.00564173329622, 0.00221731420606, 0.00118415546604, 0.000198934721993, 3.43414903909e-05, 1.29256995933e-05, 4.61257650386e-06, 3.56559951342e-07, 3.82140058264e-07]
        mean: [1.02449632777e-06, 0.00012858818809, 0.000198491907213, 0.000271345546935, 0.000260341708781, 0.000158441092935, 0.00014029610611, 0.00017171545187, 0.000343610648997, 0.000333308213158, 0.00046785606537, 0.000242120207986, 0.00044834552682, 0.000298002560157, 0.000186368022696, 0.00049490184756, 0.000433663662989, 0.000523720285855, 0.000713571789674, 0.000416658440372, 0.000205924370675, 4.45910482085e-05, 8.4776283984e-06, 2.24868858822e-06, 8.63342222601e-07, 3.82647407093e-08, 1.1944795153e-09]
        min: [2.88196244647e-10, 3.22664703845e-07, 8.61318142142e-07, 8.45513795866e-07, 3.74920455215e-06, 1.99136775336e-06, 3.87521623679e-07, 1.37481833917e-07, 3.47695106484e-07, 2.18330455937e-06, 7.1721947279e-06, 2.00658018912e-06, 1.28599401705e-06, 8.05068850696e-07, 2.16080911741e-06, 4.39964907173e-07, 5.38600716027e-07, 1.57955969371e-06, 4.34996491094e-06, 9.02389274415e-07, 4.40486957132e-07, 1.1581641246e-07, 7.89247067701e-09, 2.6293236477e-09, 1.77830739023e-09, 2.05839498224e-10, 1.28823531703e-11]
        var: [3.10315380163e-12, 4.66800536003e-08, 8.7656353287e-08, 2.45791085263e-07, 1.80214072998e-07, 3.71614312655e-08, 2.86525221327e-08, 9.7001233712e-08, 1.20751010968e-07, 2.35323341258e-07, 1.76285567477e-07, 6.55397727201e-08, 2.72485721098e-07, 1.38529415494e-07, 4.2658864885e-08, 2.01779130293e-07, 2.35522506387e-07, 1.51345702193e-07, 2.63105306431e-07, 7.78897017994e-08, 1.98789802397e-08, 6.76688483026e-10, 1.85193249624e-11, 1.83929564287e-12, 4.39666342613e-13, 1.77618563287e-15, 3.39166047534e-16]
    mfcc:
        mean: [-672.365661621, 102.138084412, -73.0443267822, 43.0367012024, -21.9590759277, 1.82405495644, 6.12109661102, 3.63615846634, 1.11851608753, -3.16574645042, -3.38280081749, -3.78262543678, -4.75594568253]
        cov: [[526.948852539, 31.6075611115, 50.136505127, 33.7238998413, 23.108745575, -8.06877326965, -34.3947257996, -47.8301315308, -25.7316169739, -8.34642505646, -1.42586243153, 1.79452824593, -0.749633848667], [31.6075611115, 297.727966309, 148.433273315, 112.544670105, 64.0072555542, 45.698348999, 37.03515625, -1.59238898754, -24.8298454285, -26.4271564484, -30.7785434723, -24.0954742432, -3.37625551224], [50.136505127, 148.433273315, 196.010772705, 121.612495422, 72.4017486572, 47.4131851196, 49.9840278625, 16.5761642456, -3.14847540855, -8.8877696991, -8.20851707458, -1.69930446148, 3.98643422127], [33.7238998413, 112.544670105, 121.612495422, 147.010742188, 88.7961502075, 55.3336868286, 49.6327667236, 31.9836235046, 11.9255714417, -7.70899343491, -18.2831687927, -18.1127986908, -2.48874473572], [23.108745575, 64.0072555542, 72.4017486572, 88.7961502075, 102.188087463, 59.9146461487, 37.3050460815, 26.6491661072, 18.6369819641, 3.49316239357, -3.98939585686, -2.85117316246, -0.00876886304468], [-8.06877326965, 45.698348999, 47.4131851196, 55.3336868286, 59.9146461487, 74.6143798828, 56.7432365417, 34.3209915161, 23.2631168365, 10.5285539627, -0.450110882521, -1.82296586037, -0.666643738747], [-34.3947257996, 37.03515625, 49.9840278625, 49.6327667236, 37.3050460815, 56.7432365417, 96.3317184448, 67.3162612915, 35.4405670166, 15.5738506317, 4.17394161224, -5.18450832367, -9.19858932495], [-47.8301315308, -1.59238898754, 16.5761642456, 31.9836235046, 26.6491661072, 34.3209915161, 67.3162612915, 92.5600280762, 54.4515953064, 20.5459213257, 6.02942466736, -3.94200539589, -8.81996917725], [-25.7316169739, -24.8298454285, -3.14847540855, 11.9255714417, 18.6369819641, 23.2631168365, 35.4405670166, 54.4515953064, 78.9215164185, 43.475151062, 9.27405261993, -1.14070034027, 0.250125020742], [-8.34642505646, -26.4271564484, -8.8877696991, -7.70899343491, 3.49316239357, 10.5285539627, 15.5738506317, 20.5459213257, 43.475151062, 58.8122406006, 28.4728031158, 4.95477390289, -0.669011473656], [-1.42586243153, -30.7785434723, -8.20851707458, -18.2831687927, -3.98939585686, -0.450110882521, 4.17394161224, 6.02942466736, 9.27405261993, 28.4728031158, 60.0656852722, 38.8332557678, 4.02292823792], [1.79452824593, -24.0954742432, -1.69930446148, -18.1127986908, -2.85117316246, -1.82296586037, -5.18450832367, -3.94200539589, -1.14070034027, 4.95477390289, 38.8332557678, 76.8088226318, 47.3520202637], [-0.749633848667, -3.37625551224, 3.98643422127, -2.48874473572, -0.00876886304468, -0.666643738747, -9.19858932495, -8.81996917725, 0.250125020742, -0.669011473656, 4.02292823792, 47.3520202637, 91.194190979]]
        icov: [[0.00212066643871, 0.000165984398336, -0.000534626189619, -0.000452506530564, -0.000474482192658, 0.000359139026841, 0.000474101281725, 0.0011140081333, -4.72531355626e-05, -0.000251979101449, -1.89867714653e-05, -0.000189818500075, 0.000290423748083], [0.000165984398336, 0.00620484538376, -0.00345215806738, -0.00153492204845, 0.000302218220895, -0.00135813630186, -0.000387997919461, 0.000903802807443, 0.00180116447154, 9.91225897451e-05, 0.00119469070341, 0.00106130319182, -0.00022951165738], [-0.000534626189619, -0.00345215806738, 0.0138041367754, -0.00872506666929, -0.000465807155706, 0.00243870564736, -0.00489203631878, 0.00256483629346, 0.00100100005511, -0.00108268368058, -0.000190640930668, -0.00302615808323, 0.000367684056982], [-0.000452506530564, -0.00153492204845, -0.00872506666929, 0.0253732651472, -0.0140398219228, 0.00135455070995, -0.00147809868213, -0.00306263822131, -0.000896495068446, 0.00332345906645, 0.000297552440315, 0.00563540123403, -0.00233587156981], [-0.000474482192658, 0.000302218220895, -0.000465807155706, -0.0140398219228, 0.0317358449101, -0.0205607824028, 0.00948447920382, -0.00239289388992, -0.0023520111572, 0.000827263575047, -0.00121271121316, -0.00244278437458, 0.00155691243708], [0.000359139026841, -0.00135813630186, 0.00243870564736, 0.00135455070995, -0.0205607824028, 0.0434359498322, -0.023205107078, 0.0072952141054, -0.00174795370549, -0.00286620203406, 0.00275644869544, -0.00183767243288, -0.000620141334366], [0.000474101281725, -0.000387997919461, -0.00489203631878, -0.00147809868213, 0.00948447920382, -0.023205107078, 0.0386383086443, -0.0222450438887, 0.00409576902166, -0.00229322793894, -0.00142990029417, 0.00075802084757, 0.00138166116085], [0.0011140081333, 0.000903802807443, 0.00256483629346, -0.00306263822131, -0.00239289388992, 0.0072952141054, -0.0222450438887, 0.0363146699965, -0.0201307795942, 0.00935207214206, -0.00390660949051, 0.000306734989863, 0.00130531133618], [-4.72531355626e-05, 0.00180116447154, 0.00100100005511, -0.000896495068446, -0.0023520111572, -0.00174795370549, 0.00409576902166, -0.0201307795942, 0.0406553186476, -0.0283550731838, 0.0121316025034, -0.0040117087774, -0.000320416002069], [-0.000251979101449, 9.91225897451e-05, -0.00108268368058, 0.00332345906645, 0.000827263575047, -0.00286620203406, -0.00229322793894, 0.00935207214206, -0.0283550731838, 0.0479323156178, -0.0271790772676, 0.0144445048645, -0.00507989991456], [-1.89867714653e-05, 0.00119469070341, -0.000190640930668, 0.000297552440315, -0.00121271121316, 0.00275644869544, -0.00142990029417, -0.00390660949051, 0.0121316025034, -0.0271790772676, 0.0468580164015, -0.0292733479291, 0.0124587509781], [-0.000189818500075, 0.00106130319182, -0.00302615808323, 0.00563540123403, -0.00244278437458, -0.00183767243288, 0.00075802084757, 0.000306734989863, -0.0040117087774, 0.0144445048645, -0.0292733479291, 0.040058221668, -0.0189753863961], [0.000290423748083, -0.00022951165738, 0.000367684056982, -0.00233587156981, 0.00155691243708, -0.000620141334366, 0.00138166116085, 0.00130531133618, -0.000320416002069, -0.00507989991456, 0.0124587509781, -0.0189753863961, 0.0204077679664]]
    spectral_contrast:
        mean: [1.49102788782e-07, -7.79443212195e-07, -1.82565273121e-07, -1.79612825946e-07, -2.99568910123e-07, 4.06291093213e-07, -1.65319522694e-06, -8.59126600972e-07, -3.15112657745e-07, 1.88018617564e-07, 1.0934465422e-07, -1.77264769263e-06]
        var: [0.000181418130524, 0.000388725049561, 0.00109476328362, 0.00188971078023, 0.0030322545208, 0.00437306798995, 0.0173818897456, 0.0488604903221, 0.06860499084, 0.132548287511, 0.311757147312, 0.64579230547]

rhythm:
    beats_loudness:
        dmean: 0.00549117987975
        dmean2: 0.00977530982345
        dvar: 3.18785641866e-05
        dvar2: 8.61038352014e-05
        max: 0.0203999299556
        mean: 0.00804057251662
        min: 0.00407961662859
        var: 2.94289930025e-05
    beats_loudness_bass:
        dmean: 0.104358546436
        dmean2: 0.165542393923
        dvar: 0.00530511140823
        dvar2: 0.0196415428072
        max: 0.347964286804
        mean: 0.17088958621
        min: 0.00233791256323
        var: 0.0100247599185
    bpm: 94.8663330078
    bpm_confidence: 0
    first_peak_bpm: 95
    first_peak_spread: 0.066666662693
    first_peak_weight: 0.933333337307
    onset_rate: 1.79911887646
    second_peak_bpm: 0
    second_peak_spread: 0
    second_peak_weight: 0
    beats_position: [0.197115346789, 0.829840004444, 1.46256458759, 2.09528923035, 2.72801399231, 3.36073827744, 3.9934630394, 4.62618732452, 5.25891208649, 5.89163684845, 6.5521569252, 7.18444156647, 7.81672620773, 8.449010849, 9.08129501343, 9.71358013153]
    bpm_estimates: [94.8322143555, 94.7710952759, 94.7914505005, 94.8121185303, 94.9410324097, 94.8201522827, 94.9106140137, 94.1581878662, 95.2599258423, 95.2723617554, 94.8970184326, 94.9738998413, 94.8522567749, 94.8362884521]
    bpm_intervals: [0.632724642754, 0.632724583149, 0.632724642754, 0.632724761963, 0.632724285126, 0.632724761963, 0.632724285126, 0.632724761963, 0.632724761963, 0.660520076752, 0.632284641266, 0.632284641266, 0.632284641266, 0.632284164429, 0.632285118103]
    onset_times: [0.0928798168898, 0.197369620204, 0.812698423862, 1.95047616959, 2.26394557953, 3.03020405769, 3.48299312592, 3.85451245308, 5.60761928558, 5.9094786644, 6.54802703857, 6.87310647964, 7.38394546509, 7.8251247406, 8.16181373596, 8.67265319824, 8.8119726181, 9.0906124115]
    rubato_start: []
    rubato_stop: []
    perceptual_tempo: "unknown"

sfx:
    inharmonicity:
        dmean: 0.0657416805625
        dmean2: 0.113412059844
        dvar: 0.0038206554018
        dvar2: 0.0108187301084
        max: 0.361420750618
        mean: 0.0809925943613
        min: 0.000654008006677
        var: 0.00510237272829
    oddtoevenharmonicenergyratio:
        dmean: 1.98996686935
        dmean2: 3.79079985619
        dvar: 43.271987915
        dvar2: 128.624221802
        max: 76.0576019287
        mean: 1.45326328278
        min: 0.00608233129606
        var: 23.1098213196
    pitch_after_max_to_before_max_energy_ratio: 8.42942714691
    pitch_centroid: 225.782470703
    pitch_max_to_total: 0.0163170155138
    pitch_min_to_total: 0.911421895027
    tristimulus:
        dmean: [0.154445394874, 0.224412813783, 0.155420318246]
        dmean2: [0.270877093077, 0.390927433968, 0.264688700438]
        dvar: [0.0190210770816, 0.037442587316, 0.0160317160189]
        dvar2: [0.0511762015522, 0.10378023237, 0.0423917733133]
        max: [0.927652955055, 0.988189160824, 0.68748497963]
        mean: [0.257576167583, 0.526232361794, 0.179524168372]
        min: [0.002080230508, 0, 0]
        var: [0.033131133765, 0.0521215163171, 0.0235562771559]

tonal:
    chords_changes_rate: 0.0231481473893
    chords_number_rate: 0.0231481473893
    chords_strength:
        dmean: 0.00989234168082
        dmean2: 0.00879026390612
        dvar: 5.71500713704e-05
        dvar2: 4.65286248073e-05
        max: 0.701087355614
        mean: 0.521993279457
        min: 0.321640133858
        var: 0.00910192914307
    key_strength: 0.774292528629
    tuning_diatonic_strength: 0.578962445259
    tuning_equal_tempered_deviation: 0.0270353555679
    tuning_frequency: 447.691040039
    tuning_nontempered_energy_ratio: 0.659592211246
    hpcp:
        dmean: [0.0731409564614, 0.0709241554141, 0.10875672847, 0.138061210513, 0.135108679533, 0.148390904069, 0.137638315558, 0.103180713952, 0.152020335197, 0.181347161531, 0.137384429574, 0.0666722804308, 0.0748485326767, 0.0717739835382, 0.0848444327712, 0.0884050875902, 0.0729878917336, 0.121161945164, 0.15338909626, 0.111886806786, 0.134855166078, 0.136580899358, 0.108319476247, 0.126432344317, 0.173698917031, 0.123929642141, 0.0684781521559, 0.0448611751199, 0.056959964335, 0.125501155853, 0.168641269207, 0.123865254223, 0.109942749143, 0.11663980037, 0.106410361826, 0.0821654051542]
        dmean2: [0.117111437023, 0.113911405206, 0.181216105819, 0.227876320481, 0.226655498147, 0.234973341227, 0.220517292619, 0.1791690588, 0.245325580239, 0.304523795843, 0.233432069421, 0.115804083645, 0.128709077835, 0.125928282738, 0.150519222021, 0.15596909821, 0.126016899943, 0.216901347041, 0.262347966433, 0.188857510686, 0.224941819906, 0.234588891268, 0.183697551489, 0.203213199973, 0.291020393372, 0.193663969636, 0.109765745699, 0.0717583671212, 0.0995037257671, 0.213693082333, 0.277277678251, 0.202243059874, 0.174824997783, 0.193378999829, 0.180780351162, 0.141047090292]
        dvar: [0.00943101942539, 0.00958614610136, 0.021646739915, 0.0305318329483, 0.0216322597116, 0.0257005207241, 0.0264828614891, 0.0252106729895, 0.0227408967912, 0.0405312478542, 0.021669395268, 0.0136075560004, 0.0193507932127, 0.0107068121433, 0.018094195053, 0.0182015355676, 0.00860589370131, 0.0279796645045, 0.0417384207249, 0.0188141204417, 0.0231849253178, 0.030077168718, 0.0136554799974, 0.0202428866178, 0.0413873568177, 0.01737129502, 0.0116156376898, 0.00377660314552, 0.00643251091242, 0.0211876761168, 0.0278175789863, 0.0141047667712, 0.0129410652444, 0.0219331011176, 0.0165556780994, 0.0143856676295]
        dvar2: [0.0235835164785, 0.0260336473584, 0.0543495602906, 0.0727139040828, 0.0519157163799, 0.064819432795, 0.0688972249627, 0.076563693583, 0.0647212713957, 0.0981613844633, 0.0602541007102, 0.0370226763189, 0.0544516742229, 0.0306570958346, 0.0526342019439, 0.0525894090533, 0.0231518987566, 0.0733830854297, 0.112351752818, 0.0482007488608, 0.0636501833797, 0.0779228284955, 0.0385429523885, 0.0555629096925, 0.102037213743, 0.041801251471, 0.0321509614587, 0.010069324635, 0.0199595056474, 0.0597053728998, 0.0651809871197, 0.0333485640585, 0.0319576188922, 0.0474881455302, 0.0458624511957, 0.0398576073349]
        max: [0.747959315777, 0.818717062473, 1, 1, 1, 1, 1, 1, 1, 1, 1, 0.953910946846, 1, 0.729075074196, 0.900284528732, 1, 0.650019288063, 1, 1, 1, 1, 1, 0.904763460159, 1, 1, 1, 0.94351708889, 0.409488111734, 0.545608520508, 0.945223689079, 1, 1, 1, 1, 1, 0.954276740551]
        mean: [0.132474824786, 0.116234332323, 0.197216585279, 0.293089807034, 0.260668754578, 0.231270059943, 0.207865655422, 0.14584428072, 0.33548438549, 0.528809130192, 0.308022469282, 0.116477541625, 0.130184784532, 0.111070647836, 0.115890823305, 0.125292241573, 0.110596701503, 0.167802125216, 0.21722830832, 0.16534101963, 0.225750505924, 0.3114592731, 0.202262803912, 0.254547715187, 0.425515890121, 0.279730558395, 0.0900224149227, 0.0622201114893, 0.0774323791265, 0.196579143405, 0.336960375309, 0.286060333252, 0.22968699038, 0.315414994955, 0.240562185645, 0.136583298445]
        min: [0.00854148343205, 0.00850243587047, 0.00940541643649, 0.018814785406, 0.0150923244655, 0.0114341368899, 0.0097017576918, 0.0113694714382, 0.0131608685479, 0.0124768298119, 0.0103234937415, 0.0112959537655, 0.0115510970354, 0.0111430473626, 0.0106724519283, 0.0124789541587, 0.0119280898944, 0.00946645438671, 0.00771633489057, 0.00767658371478, 0.00611912785098, 0.0112904356793, 0.00954135786742, 0.00872538518161, 0.0140847451985, 0.0128285018727, 0.00417530303821, 0.00243778037839, 0.00766623485833, 0.0122857885435, 0.025032190606, 0.0349843800068, 0.0164722334594, 0.00914567150176, 0.00968434941024, 0.00806727260351]
        var: [0.0174115989357, 0.0111707346514, 0.0357838459313, 0.095027782023, 0.0570032671094, 0.0467067733407, 0.0469737909734, 0.0224497634917, 0.0577378533781, 0.129526406527, 0.0511266551912, 0.019932018593, 0.0414652824402, 0.0174842439592, 0.0161736030132, 0.0189169626683, 0.0104708774015, 0.0395560823381, 0.0679634287953, 0.0299983713776, 0.046342484653, 0.108192026615, 0.0356777347624, 0.0436885543168, 0.126167654991, 0.0527650043368, 0.0107692144811, 0.00442707631737, 0.0061106402427, 0.0260522328317, 0.0722736120224, 0.0524592474103, 0.0263495445251, 0.100214347243, 0.0642620697618, 0.0204918030649]
    chords_histogram: [49.5370368958, 0, 4.62962961197, 7.87037038803, 0, 0, 0, 0, 0, 33.796295166, 0, 0, 0, 0, 0, 0, 0, 0, 0, 0, 0, 0, 4.16666650772, 0]
    thpcp: [1, 0.582483291626, 0.22026386857, 0.246184825897, 0.210039198399, 0.21915435791, 0.236932829022, 0.209142953157, 0.317320793867, 0.410787731409, 0.312666714191, 0.426903575659, 0.588982403278, 0.382487356663, 0.481360286474, 0.804668188095, 0.528982102871, 0.170236125588, 0.117660813034, 0.146427839994, 0.371739327908, 0.637206017971, 0.540951967239, 0.434347629547, 0.596462845802, 0.454913079739, 0.258284687996, 0.250515401363, 0.21980394423, 0.372944742441, 0.554244995117, 0.492935419083, 0.437341272831, 0.393082588911, 0.275797575712, 0.63441491127]
    chords_key: "F"
    chords_scale: "minor"
    key_key: "F"
    key_scale: "minor"
    chords_progression: ["Cm", "Cm", "Cm", "Cm", "Cm", "Cm", "Cm", "Cm", "Cm", "Cm", "C", "C", "C", "C", "C", "C", "C", "C", "C", "C", "C", "C", "C", "C", "C", "C", "C", "C", "C", "C", "C", "C", "C", "C", "C", "C", "C", "C", "C", "C", "C", "C", "C", "C", "C", "C", "C", "C", "C", "C", "C", "A#m", "A#m", "A#m", "A#m", "A#m", "A#m", "A#m", "A#m", "A#m", "D#", "D#", "D#", "D#", "D#", "D#", "D#", "D#", "D#", "D#", "D#", "D#", "D#", "D#", "D#", "D#", "D#", "C", "C", "C", "C", "C", "C", "C", "C", "C", "C", "C", "C", "C", "C", "C", "C", "C", "C", "C", "C", "C", "C", "C", "C", "C", "C", "C", "C", "C", "C", "C", "C", "Fm", "Fm", "Fm", "Fm", "Fm", "Fm", "Fm", "Fm", "Fm", "Fm", "Fm", "Fm", "Fm", "Fm", "Fm", "Fm", "Fm", "Fm", "Fm", "Fm", "Fm", "Fm", "Fm", "Fm", "Fm", "Fm", "Fm", "Fm", "Fm", "Fm", "Fm", "Fm", "Fm", "Fm", "Fm", "Fm", "Fm", "Fm", "Fm", "Fm", "Fm", "Fm", "Fm", "Fm", "Fm", "Fm", "Fm", "Fm", "Fm", "Fm", "Fm", "Fm", "Fm", "Fm", "Fm", "Fm", "Fm", "Fm", "Fm", "Fm", "Fm", "Fm", "Fm", "Fm", "Fm", "Fm", "Fm", "Fm", "Fm", "Fm", "Fm", "Fm", "Fm", "Fm", "Fm", "Fm", "Fm", "Fm", "Fm", "Fm", "Fm", "Fm", "Fm", "Fm", "Fm", "Fm", "Fm", "Fm", "Fm", "Fm", "Fm", "Fm", "Fm", "Fm", "Fm", "Fm", "Fm", "Fm", "Fm", "Fm", "Fm", "Fm", "Fm", "Fm", "Fm", "Fm", "Fm"]
