
metadata:
    version:
        essentia: "1.2.2"
    audio_properties:
        analysis_sample_rate: 44100
        bitrate: 128
        channels: 2
        equal_loudness: 1
        length: 10.0048980713
        replay_gain: -14.3491344452
        downmix: "mix"
    tags:
        track: 17
        year: 0
        album: "Splitted by Mp3Splt v. 2.1"
        artist: "From 002.40 To 002.50"
        comment: "http://mp3splt.sf.net"
        genre: ""
        title: "06 Estrellita.mp3"

highlevel:
    ballroom:
        all:
            ChaChaCha: 0.0250819139183
            Jive: 0.103128604591
            Quickstep: 0.217348188162
            Rumba-American: 0.0085786441341
            Rumba-International: 0.0529326535761
            Rumba-Misc: 0.055287335068
            Samba: 0.0268085673451
            Tango: 0.0474062487483
            VienneseWaltz: 0.384848356247
            Waltz: 0.0785794779658
        probability: 0.384848356247
        value: "VienneseWaltz"
    culture:
        all:
            non_western: 0.271289765835
            western: 0.728710234165
        probability: 0.728710234165
        value: "western"
    gender:
        all:
            female: 0.146823808551
            male: 0.853176176548
        probability: 0.853176176548
        value: "male"
    genre_dortmund:
        all:
            alternative: 0.227979823947
            blues: 0.0130716245621
            electronic: 0.00596264749765
            folkcountry: 0.114692702889
            funksoulrnb: 0.0143448309973
            jazz: 0.0434295870364
            pop: 0.0762190148234
            raphiphop: 0.00153534405399
            rock: 0.50276440382
        probability: 0.50276440382
        value: "rock"
    genre_electronica:
        all:
            ambient: 0.522866010666
            dnb: 0.160493612289
            house: 0.0237561184913
            techno: 0.0156547166407
            trance: 0.277229577303
        probability: 0.522866010666
        value: "ambient"
    genre_rosamerica:
        all:
            cla: 0.0358673818409
            dan: 0.00744389882311
            hip: 0.00365916453302
            jaz: 0.00851486250758
            pop: 0.141362562776
            rhy: 0.0103168888018
            roc: 0.78960365057
            spe: 0.00323158246465
        probability: 0.78960365057
        value: "roc"
    genre_tzanetakis:
        all:
            blu: 0.0040796585381
            cla: 0.0473281033337
            cou: 0.453486472368
            dis: 0.0181406382471
            hip: 0.00170889787842
            jaz: 0.0473571866751
            met: 0.00811454746872
            pop: 0.0334804691374
            reg: 0.00491229444742
            roc: 0.381391704082
        probability: 0.453486472368
        value: "cou"
    live_studio:
        all:
            live: 0.467267543077
            studio: 0.53273242712
        probability: 0.53273242712
        value: "studio"
    mood:
        all:
            Cluster1: 0.375186383724
            Cluster2: 0.157338261604
            Cluster3: 0.155488789082
            Cluster4: 0.0909172818065
            Cluster5: 0.221069276333
        probability: 0.375186383724
        value: "Cluster1"
    mood_acoustic:
        all:
            acoustic: 0.0773894414306
            not_acoustic: 0.922610580921
        probability: 0.922610580921
        value: "not_acoustic"
    mood_aggressive:
        all:
            aggressive: 0.254796087742
            not_aggressive: 0.745203912258
        probability: 0.745203912258
        value: "not_aggressive"
    mood_electronic:
        all:
            electronic: 0.0523890964687
            not_electronic: 0.947610914707
        probability: 0.947610914707
        value: "not_electronic"
    mood_happy:
        all:
            happy: 0.874813199043
            not_happy: 0.125186800957
        probability: 0.874813199043
        value: "happy"
    mood_party:
        all:
            not_party: 0.795662820339
            party: 0.204337194562
        probability: 0.795662820339
        value: "not_party"
    mood_relaxed:
        all:
            not_relaxed: 0.255731910467
            relaxed: 0.744268119335
        probability: 0.744268119335
        value: "relaxed"
    mood_sad:
        all:
            not_sad: 0.357984900475
            sad: 0.642015099525
        probability: 0.642015099525
        value: "sad"
    rhythm:
        all:
            fast: 0.612507402897
            medium: 0.168753549457
            slow: 0.218739032745
        probability: 0.612507402897
        value: "fast"
    speech_music:
        all:
            music: 0.997598707676
            speech: 0.00240130722523
        probability: 0.997598707676
        value: "music"
    timbre:
        all:
            bright: 0.977696895599
            dark: 0.0223031248897
        probability: 0.977696895599
        value: "bright"
    voice_instrumental:
        all:
            instrumental: 0.0343372561038
            voice: 0.965662717819
        probability: 0.965662717819
        value: "voice"

lowlevel:
    average_loudness: 0.981134951115
    barkbands_kurtosis:
        dmean: 0.874535679817
        dmean2: 1.45032680035
        dvar: 1.08669936657
        dvar2: 2.84942793846
        max: 5.69180774689
        mean: 0.0250340662897
        min: -1.68459653854
        var: 2.2480199337
    barkbands_skewness:
        dmean: 0.330096483231
        dmean2: 0.533554375172
        dvar: 0.0932075381279
        dvar2: 0.245805114508
        max: 2.50555801392
        mean: 0.887395262718
        min: -0.866786062717
        var: 0.308738768101
    barkbands_spread:
        dmean: 4.14786577225
        dmean2: 6.74371576309
        dvar: 12.8316516876
        dvar2: 30.8208389282
        max: 43.2091331482
        mean: 24.8169403076
        min: 9.40476608276
        var: 46.5869178772
    dissonance:
        dmean: 0.0217245984823
        dmean2: 0.0368600152433
        dvar: 0.000353449373506
        dvar2: 0.000946419953834
        max: 0.499794602394
        mean: 0.453371167183
        min: 0.343148648739
        var: 0.000701803015545
    hfc:
        dmean: 1.23143947124
        dmean2: 1.76535236835
        dvar: 1.79556906223
        dvar2: 3.31125974655
        max: 15.4307584763
        mean: 5.79578638077
        min: 0.654618144035
        var: 9.744140625
    pitch:
        dmean: 216.577026367
        dmean2: 418.473846436
        dvar: 401383.6875
        dvar2: 1123283.125
        max: 3675
        mean: 322.580932617
        min: 73.9932861328
        var: 248133.171875
    pitch_instantaneous_confidence:
        dmean: 0.0762375369668
        dmean2: 0.12025603652
        dvar: 0.00397278973833
        dvar2: 0.00905882287771
        max: 0.754430294037
        mean: 0.44174477458
        min: 0.187698662281
        var: 0.0130565045401
    pitch_salience:
        dmean: 0.0543984137475
        dmean2: 0.0889190137386
        dvar: 0.00201506400481
        dvar2: 0.00520569551736
        max: 0.789325356483
        mean: 0.611631810665
        min: 0.302228271961
        var: 0.00515466323122
    silence_rate_20dB:
        dmean: 0
        dmean2: 0
        dvar: 0
        dvar2: 0
        max: 1
        mean: 1
        min: 1
        var: 0
    silence_rate_30dB:
        dmean: 0
        dmean2: 0
        dvar: 0
        dvar2: 0
        max: 1
        mean: 1
        min: 1
        var: 0
    silence_rate_60dB:
        dmean: 0.0860465094447
        dmean2: 0.17249417305
        dvar: 0.0786427482963
        dvar2: 0.147402182221
        max: 1
        mean: 0.169373556972
        min: 0
        var: 0.14068569243
    spectral_centroid:
        dmean: 158.626800537
        dmean2: 251.904937744
        dvar: 22775.3554688
        dvar2: 58500.0703125
        max: 2382.55786133
        mean: 1043.51696777
        min: 527.495239258
        var: 90109.203125
    spectral_complexity:
        dmean: 2.33177566528
        dmean2: 3.57845425606
        dvar: 4.84320259094
        dvar2: 8.72628879547
        max: 35
        mean: 15.2890443802
        min: 5
        var: 28.2101726532
    spectral_crest:
        dmean: 2.46886181831
        dmean2: 4.13247871399
        dvar: 5.057472229
        dvar2: 13.1488227844
        max: 18.7432804108
        mean: 7.62876749039
        min: 2.59356784821
        var: 9.90600395203
    spectral_decrease:
        dmean: 3.6161093564e-10
        dmean2: 5.63742885706e-10
        dvar: 1.81438991286e-19
        dvar2: 4.830278794e-19
        max: -2.97021851559e-10
        mean: -1.30658595054e-09
        min: -4.96184737742e-09
        var: 3.40446602118e-19
    spectral_energy:
        dmean: 0.00144968309905
        dmean2: 0.00225829845294
        dvar: 2.86207819045e-06
        dvar2: 7.41920121072e-06
        max: 0.0197281111032
        mean: 0.00545704597607
        min: 0.00118040340021
        var: 5.88214879826e-06
    spectral_energyband_high:
        dmean: 4.7176690714e-05
        dmean2: 7.06952050678e-05
        dvar: 2.79570655515e-09
        dvar2: 6.04881922328e-09
        max: 0.000576352700591
        mean: 0.000130438347696
        min: 2.27042005463e-06
        var: 1.35702089565e-08
    spectral_energyband_low:
        dmean: 0.000138343602885
        dmean2: 0.000242093767156
        dvar: 6.30708925087e-08
        dvar2: 1.7605751168e-07
        max: 0.00196982664056
        mean: 0.00034535463783
        min: 4.03325684601e-05
        var: 6.2769743181e-08
    spectral_energyband_middle_high:
        dmean: 0.000340269936714
        dmean2: 0.000481934286654
        dvar: 1.6256267088e-07
        dvar2: 3.23182575812e-07
        max: 0.00505483429879
        mean: 0.00163238146342
        min: 0.000150583553477
        var: 9.37230538511e-07
    spectral_energyband_middle_low:
        dmean: 0.00125320674852
        dmean2: 0.00200670468621
        dvar: 2.21026994041e-06
        dvar2: 6.15904627921e-06
        max: 0.015481133014
        mean: 0.00334885017946
        min: 0.000677254225593
        var: 3.37845631293e-06
    spectral_flatness_db:
        dmean: 0.0157565753907
        dmean2: 0.0255300495774
        dvar: 0.000197299566935
        dvar2: 0.000516377098393
        max: 0.246319204569
        mean: 0.164184033871
        min: 0.0888473168015
        var: 0.000617591838818
    spectral_flux:
        dmean: 0.00930580962449
        dmean2: 0.0143008520827
        dvar: 8.24606759124e-05
        dvar2: 0.000177302586962
        max: 0.11223822087
        mean: 0.0368467383087
        min: 0.00825028680265
        var: 0.000210522426642
    spectral_kurtosis:
        dmean: 1.71045851707
        dmean2: 2.88396430016
        dvar: 2.88185310364
        dvar2: 7.90146112442
        max: 17.0490779877
        mean: 5.67330121994
        min: 0.554949998856
        var: 5.826359272
    spectral_rms:
        dmean: 0.000295637379168
        dmean2: 0.000453607150121
        dvar: 9.17268394574e-08
        dvar2: 2.26784266033e-07
        max: 0.00438713328913
        mean: 0.00225211912766
        min: 0.0010731323855
        var: 2.51910336146e-07
    spectral_rolloff:
        dmean: 454.914001465
        dmean2: 783.112487793
        dvar: 253949.734375
        dvar2: 603333.3125
        max: 3832.91015625
        mean: 2202.91137695
        min: 516.796875
        var: 693786.875
    spectral_skewness:
        dmean: 0.202147722244
        dmean2: 0.326397031546
        dvar: 0.0364642478526
        dvar2: 0.088375531137
        max: 3.5308175087
        mean: 1.75170469284
        min: 1.07297003269
        var: 0.103969976306
    spectral_spread:
        dmean: 399926.09375
        dmean2: 570896.25
        dvar: 254683463680
        dvar2: 370361204736
        max: 9192346
        mean: 3806614.5
        min: 2218995
        var: 1.29000931328e+12
    spectral_strongpeak:
        dmean: 0.271016329527
        dmean2: 0.446876972914
        dvar: 0.0821340531111
        dvar2: 0.186068251729
        max: 2.6434006691
        mean: 0.573193788528
        min: 0.0305232387036
        var: 0.152016147971
    zerocrossingrate:
        dmean: 0.00634195189923
        dmean2: 0.0080034667626
        dvar: 2.8350017601e-05
        dvar2: 4.47856764367e-05
        max: 0.11865234375
        mean: 0.0657586231828
        min: 0.03125
        var: 0.000225255076657
    barkbands:
        dmean: [1.02592920825e-07, 4.45856567239e-05, 0.000112944209832, 0.000106604973553, 0.00031476910226, 0.000497614208143, 0.000332076335326, 0.000450548890512, 0.000186816381756, 9.24279520405e-05, 3.5626875615e-05, 5.37999367225e-05, 4.28314160672e-05, 5.00424212078e-05, 7.38766248105e-05, 5.3261519497e-05, 9.19423546293e-05, 9.0518653451e-05, 0.000105935665488, 5.74703481107e-05, 2.06440545298e-05, 4.15248132413e-06, 1.49401614635e-06, 5.66276298741e-07, 3.51750742311e-07, 1.37143985057e-08, 6.01729666094e-10]
        dmean2: [1.32614871973e-07, 8.06680764072e-05, 0.000197560992092, 0.000187131081475, 0.000545434420928, 0.000788647390436, 0.000525107840076, 0.000738644215744, 0.000305651192321, 0.000147801081766, 5.55856968276e-05, 8.31900251796e-05, 6.35762262391e-05, 7.75772350607e-05, 0.000105530620203, 8.05954332463e-05, 0.000145699843415, 0.000140835618367, 0.000164224285982, 8.94657496247e-05, 3.10693540087e-05, 6.47573961032e-06, 2.06079312193e-06, 7.16440354154e-07, 5.08855237058e-07, 1.90990281368e-08, 7.91132603872e-10]
        dvar: [1.44475685755e-12, 6.77672717941e-09, 4.23367971791e-08, 4.89207288012e-08, 4.89820990879e-07, 8.50521018947e-07, 2.91959338483e-07, 3.63034587281e-07, 6.98418816114e-08, 4.03157400797e-08, 2.33690866658e-09, 6.54550147416e-09, 6.12070349959e-09, 5.64233193501e-09, 1.36770577086e-08, 9.10863384718e-09, 1.50375019103e-08, 1.11657127988e-08, 1.62620121813e-08, 4.39323422086e-09, 8.70539140774e-10, 3.48002737738e-11, 4.98274121616e-12, 1.49315163098e-12, 9.61681797564e-13, 8.67519286117e-16, 5.91466232583e-17]
        dvar2: [1.43623849792e-12, 1.99609235807e-08, 1.16534870642e-07, 1.3904309526e-07, 1.40604913668e-06, 2.41327825279e-06, 7.26956443486e-07, 8.84330120243e-07, 1.75961929472e-07, 1.16985724219e-07, 4.94944130125e-09, 1.37442768278e-08, 1.14251559324e-08, 1.59287587564e-08, 2.95504420933e-08, 2.04990069363e-08, 3.34044933936e-08, 2.56063028559e-08, 3.24605693436e-08, 1.03124486728e-08, 2.00443994736e-09, 7.98245775036e-11, 7.0685540754e-12, 1.85973155278e-12, 1.78618762576e-12, 1.45156311457e-15, 5.94016198801e-17]
        max: [2.50633456744e-05, 0.000854767044075, 0.00169511721469, 0.00241458229721, 0.00755357509479, 0.00760090677068, 0.0055412305519, 0.00577320205048, 0.00253680394962, 0.00264948792756, 0.000497387489304, 0.00114427600056, 0.00163328996859, 0.000957037031185, 0.00156783440616, 0.00151105376426, 0.00115799380001, 0.00135718798265, 0.00144987320527, 0.000608451780863, 0.000425006728619, 6.63963437546e-05, 3.84932100133e-05, 2.3538728783e-05, 1.37654233185e-05, 4.35732914639e-07, 1.59672055133e-07]
        mean: [1.23948552755e-07, 0.000102130688902, 0.000243128728471, 0.000217074964894, 0.00057977985125, 0.00083675904898, 0.000587798713241, 0.000745982513763, 0.000331619288772, 0.000153396060341, 6.50555230095e-05, 0.000115452668979, 0.00010012427083, 0.000119422918942, 0.0001903368684, 0.000116511131637, 0.000222851595026, 0.000240006163949, 0.000285376299871, 0.000139527983265, 4.89175545226e-05, 9.52678692556e-06, 4.1150119614e-06, 1.32487991777e-06, 6.83553480485e-07, 2.45234907936e-08, 5.83213699556e-10]
        min: [2.90657720114e-10, 4.8752699513e-06, 1.19939741126e-05, 6.1684713728e-06, 3.72964495909e-05, 1.43049928738e-05, 1.41371137943e-05, 1.60139352374e-05, 1.24779217003e-05, 4.25970347351e-06, 1.17514844078e-06, 1.12756299586e-06, 3.08480684907e-06, 5.20801995663e-06, 2.47465300163e-06, 3.78903564524e-06, 8.06775187812e-06, 7.93709477875e-06, 8.18260014057e-06, 3.21010452353e-06, 9.73440478447e-07, 2.05139883747e-07, 1.32909690365e-07, 7.95656163177e-09, 1.51955692473e-09, 3.9581827399e-11, 2.75581722156e-13]
        var: [1.46238750276e-12, 1.02697068627e-08, 4.17798808883e-08, 3.69583439408e-08, 4.18016895765e-07, 1.26522297705e-06, 5.79888080665e-07, 6.65119046062e-07, 1.33788802259e-07, 5.49100036551e-08, 5.04280306401e-09, 3.02467384472e-08, 2.07513277672e-08, 1.58559192442e-08, 6.75018299034e-08, 3.07528509325e-08, 4.20373496013e-08, 4.95768937014e-08, 5.08517601361e-08, 1.35089974762e-08, 2.93600455059e-09, 8.90794313313e-11, 1.98739722596e-11, 7.27929001798e-12, 2.44827053596e-12, 2.38628218307e-15, 5.91964724708e-17]
    mfcc:
        mean: [-707.423583984, 146.49382019, -47.510723114, 52.2000656128, -16.0555210114, -16.3259620667, -8.76480007172, -4.86511039734, -8.59095668793, 3.21316027641, 0.782700955868, -4.36007833481, -2.61231160164]
        cov: [[908.009765625, -394.957824707, -72.8485565186, -23.6080951691, 10.9187164307, -130.291351318, 12.9935235977, -39.1911697388, 70.8339233398, 5.87081003189, -41.7181015015, 62.6708602905, -3.02644181252], [-394.957824707, 423.678405762, -128.97795105, 11.2981243134, -56.0367126465, 45.1768569946, -3.14245223999, 9.6353302002, -44.2482261658, 9.51450920105, 28.9824028015, -51.3289680481, 16.5655593872], [-72.8485565186, -128.97795105, 273.826385498, -26.9669113159, 29.2298908234, 25.8514690399, -4.87668037415, 4.55852079391, -7.53114461899, -31.8298435211, 0.85527920723, 23.4265232086, -0.22001773119], [-23.6080951691, 11.2981243134, -26.9669113159, 115.168464661, 5.95539903641, -7.82984924316, -20.3389759064, -9.18745136261, 5.20679235458, -3.42367839813, -13.9830799103, 11.5911464691, -0.500837564468], [10.9187164307, -56.0367126465, 29.2298908234, 5.95539903641, 73.7642211914, -2.65393805504, -10.3326301575, -4.68072843552, 16.7682380676, 11.3076581955, -14.1057472229, 14.2255964279, -3.89322042465], [-130.291351318, 45.1768569946, 25.8514690399, -7.82984924316, -2.65393805504, 96.425567627, 1.49433219433, 6.77314949036, -18.8920917511, 3.86919641495, 25.430513382, -25.4502277374, -2.42536711693], [12.9935235977, -3.14245223999, -4.87668037415, -20.3389759064, -10.3326301575, 1.49433219433, 99.5682220459, 28.7603816986, 1.408665061, -8.33953952789, 7.9287519455, 13.9833965302, -0.735513567924], [-39.1911697388, 9.6353302002, 4.55852079391, -9.18745136261, -4.68072843552, 6.77314949036, 28.7603816986, 52.8344573975, -2.14805483818, -3.89857935905, 2.10649728775, 3.16327095032, -2.7311463356], [70.8339233398, -44.2482261658, -7.53114461899, 5.20679235458, 16.7682380676, -18.8920917511, 1.408665061, -2.14805483818, 79.8664093018, 24.2558898926, -10.4509840012, 9.32057571411, -5.81666755676], [5.87081003189, 9.51450920105, -31.8298435211, -3.42367839813, 11.3076581955, 3.86919641495, -8.33953952789, -3.89857935905, 24.2558898926, 64.1644287109, 23.1966991425, -7.41905212402, -4.08246803284], [-41.7181015015, 28.9824028015, 0.85527920723, -13.9830799103, -14.1057472229, 25.430513382, 7.9287519455, 2.10649728775, -10.4509840012, 23.1966991425, 66.2897186279, -7.17889356613, 1.91826736927], [62.6708602905, -51.3289680481, 23.4265232086, 11.5911464691, 14.2255964279, -25.4502277374, 13.9833965302, 3.16327095032, 9.32057571411, -7.41905212402, -7.17889356613, 78.3203201294, 11.6364850998], [-3.02644181252, 16.5655593872, -0.22001773119, -0.500837564468, -3.89322042465, -2.42536711693, -0.735513567924, -2.7311463356, -5.81666755676, -4.08246803284, 1.91826736927, 11.6364850998, 35.3128852844]]
        icov: [[0.00333727779798, 0.00366356992163, 0.00240444927476, 0.00114007212687, 0.0016229179455, 0.00179478817154, -0.000256083585555, 0.00182764104102, -0.000654366158415, 0.000157961359946, 0.000130922722747, -0.000667389889713, -0.000839943473693], [0.00366356992163, 0.00761546427384, 0.00417767139152, 0.000828899152111, 0.00321407220326, 0.000581643311307, 2.80937165371e-05, 0.0011483032722, 0.00053783156909, -0.000117191935715, -0.000212641054532, 0.000567986920942, -0.00283758784644], [0.00240444927476, 0.00417767139152, 0.00714497594163, 0.00207766727544, -0.00043918954907, -0.000870764371939, 0.00101383507717, 0.000641867576633, -0.000515736581292, 0.00356000429019, -0.001351826475, -0.00165128649678, -0.000773001927882], [0.00114007212687, 0.000828899152111, 0.00207766727544, 0.0103151639923, -5.0380558605e-06, 4.99326015415e-05, 0.00209498475306, 0.00137932749931, -0.000870315940119, 0.00131747801788, 0.00127288268413, -0.00271164183505, 0.000854660524055], [0.0016229179455, 0.00321407220326, -0.00043918954907, -5.0380558605e-06, 0.0188908986747, -0.000966899096966, 0.000958720338531, 0.00146830047015, -0.00101328373421, -0.00576623016968, 0.00535647198558, -0.00306950625964, 0.000665337604005], [0.00179478817154, 0.000581643311307, -0.000870764371939, 4.99326015415e-05, -0.000966899096966, 0.0152386985719, -0.000695659138728, -0.000356261065463, 0.00143804110121, -4.78309157188e-05, -0.00439424160868, 0.00389133300632, -3.80130259146e-05], [-0.000256083585555, 2.80937165371e-05, 0.00101383507717, 0.00209498475306, 0.000958720338531, -0.000695659138728, 0.0134098352864, -0.00657383166254, -0.00134738476481, 0.00290266843513, -0.00223302887753, -0.00283672241494, 0.000999408192001], [0.00182764104102, 0.0011483032722, 0.000641867576633, 0.00137932749931, 0.00146830047015, -0.000356261065463, -0.00657383166254, 0.0241459608078, -0.000200925554964, 4.79717564303e-05, 0.00113986141514, -0.0014384733513, 0.00189403130207], [-0.000654366158415, 0.00053783156909, -0.000515736581292, -0.000870315940119, -0.00101328373421, 0.00143804110121, -0.00134738476481, -0.000200925554964, 0.0172549393028, -0.00841268151999, 0.00412954948843, -0.000631487579085, 0.00147289806046], [0.000157961359946, -0.000117191935715, 0.00356000429019, 0.00131747801788, -0.00576623016968, -4.78309157188e-05, 0.00290266843513, 4.79717564303e-05, -0.00841268151999, 0.0264577120543, -0.0116622867063, 0.00127596862148, 0.00142061058432], [0.000130922722747, -0.000212641054532, -0.001351826475, 0.00127288268413, 0.00535647198558, -0.00439424160868, -0.00223302887753, 0.00113986141514, 0.00412954948843, -0.0116622867063, 0.0232136286795, -0.00139334320556, -0.0010189259192], [-0.000667389889713, 0.000567986920942, -0.00165128649678, -0.00271164183505, -0.00306950625964, 0.00389133300632, -0.00283672241494, -0.0014384733513, -0.000631487579085, 0.00127596862148, -0.00139334320556, 0.0179781801999, -0.00641895458102], [-0.000839943473693, -0.00283758784644, -0.000773001927882, 0.000854660524055, 0.000665337604005, -3.80130259146e-05, 0.000999408192001, 0.00189403130207, 0.00147289806046, 0.00142061058432, -0.0010189259192, -0.00641895458102, 0.0324001796544]]
    spectral_contrast:
        mean: [-3.30352492028e-07, -5.61203250982e-07, 1.73655834601e-07, 2.86352388912e-07, -5.2626995739e-07, -2.23282953016e-07, -1.78740992851e-06, 3.84123450203e-06, -1.43148406551e-06, -1.20167965179e-06, -8.33561898617e-07, -2.08282813219e-06]
        var: [0.000420549185947, 0.000619108846877, 0.00106591626536, 0.00165874999948, 0.00249738898128, 0.00446321256459, 0.0367057211697, 0.0871654748917, 0.108014494181, 0.14227040112, 0.230962887406, 0.763485729694]

rhythm:
    beats_loudness:
        dmean: 0.00224889977835
        dmean2: 0.00344748725183
        dvar: 2.44897864832e-06
        dvar2: 6.68889833833e-06
        max: 0.0103381946683
        mean: 0.00613768678159
        min: 0.00332390703261
        var: 4.73113823318e-06
    beats_loudness_bass:
        dmean: 0.0487219654024
        dmean2: 0.0745155885816
        dvar: 0.00142694893293
        dvar2: 0.00322926859371
        max: 0.245687887073
        mean: 0.106808148324
        min: 0.021189507097
        var: 0.0031635244377
    bpm: 127.16860199
    bpm_confidence: 0
    first_peak_bpm: 128
    first_peak_spread: 0
    first_peak_weight: 0.950000047684
    onset_rate: 3.29838466644
    second_peak_bpm: 78
    second_peak_spread: 0
    second_peak_weight: 0.0500000007451
    beats_position: [0.0458951294422, 0.513597667217, 0.981300115585, 1.44900262356, 1.91670513153, 2.38440752029, 2.85211014748, 3.31981253624, 3.78751516342, 4.25521802902, 4.72292041779, 5.19062328339, 5.95750427246, 6.43089008331, 6.90427494049, 7.37765979767, 7.85104560852, 8.32443141937, 8.79781627655, 9.2712020874, 9.74458694458]
    bpm_estimates: [127.685264587, 128.967422485, 128.213790894, 127.315292358, 126.386482239, 127.006790161, 126.371734619, 127.664375305, 126.633476257, 126.438842773, 126.171188354]
    bpm_intervals: [0.467702537775, 0.467702448368, 0.467702507973, 0.467702507973, 0.467702388763, 0.467702627182, 0.467702388763, 0.467702627182, 0.467702865601, 0.467702388763, 0.467702865601, 0.766880989075, 0.473385810852, 0.473384857178, 0.473384857178, 0.473385810852, 0.473385810852, 0.473384857178, 0.473385810852, 0.473384857178]
    onset_times: [0.0464399084449, 0.243809521198, 0.49922901392, 0.975238084793, 1.46285712719, 1.71827661991, 1.95047616959, 2.42648530006, 2.68190479279, 2.87927436829, 3.13469386101, 3.54104304314, 3.58748292923, 3.98222231865, 4.60916090012, 4.69043064117, 4.91102027893, 4.99229001999, 5.23609972, 5.47990942001, 6.17650794983, 6.40870761871, 6.64090681076, 6.8963265419, 7.14013624191, 7.36072540283, 7.85995483398, 8.06893444061, 8.53333377838, 8.8119726181, 9.05578231812, 9.287981987, 9.52018165588]
    rubato_start: []
    rubato_stop: []
    perceptual_tempo: "unknown"

sfx:
    inharmonicity:
        dmean: 0.0390445701778
        dmean2: 0.0683838501573
        dvar: 0.00165484822355
        dvar2: 0.00471938727424
        max: 0.242441311479
        mean: 0.0437919422984
        min: 0.000173959837412
        var: 0.00178394385148
    oddtoevenharmonicenergyratio:
        dmean: 2.01850986481
        dmean2: 3.84728622437
        dvar: 23.7196788788
        dvar2: 69.5860595703
        max: 60.8791618347
        mean: 1.46624219418
        min: 0.000189675905858
        var: 13.6374740601
    pitch_after_max_to_before_max_energy_ratio: 1.83020925522
    pitch_centroid: 209.151123047
    pitch_max_to_total: 0.356643348932
    pitch_min_to_total: 0.254079252481
    tristimulus:
        dmean: [0.200489401817, 0.202893018723, 0.0908104404807]
        dmean2: [0.354120254517, 0.359595805407, 0.155119881034]
        dvar: [0.0301978904754, 0.0319710597396, 0.00679107615724]
        dvar2: [0.0868383497, 0.0891284644604, 0.0197522547096]
        max: [0.928807795048, 0.879649579525, 0.451121449471]
        mean: [0.385154634714, 0.477870166302, 0.119375988841]
        min: [0.0129962544888, 0, 0]
        var: [0.0447150543332, 0.0441898033023, 0.0102086197585]

tonal:
    chords_changes_rate: 0.037037037313
    chords_number_rate: 0.0231481473893
    chords_strength:
        dmean: 0.0112083721906
        dmean2: 0.00703421607614
        dvar: 4.45547993877e-05
        dvar2: 3.94906564907e-05
        max: 0.688630640507
        mean: 0.520504057407
        min: 0.328025341034
        var: 0.00578319188207
    key_strength: 0.820381522179
    tuning_diatonic_strength: 0.603282094002
    tuning_equal_tempered_deviation: 0.0309274457395
    tuning_frequency: 442.03793335
    tuning_nontempered_energy_ratio: 0.639092922211
    hpcp:
        dmean: [0.167714655399, 0.123284213245, 0.0885019153357, 0.0919899046421, 0.0943833962083, 0.119618050754, 0.126529291272, 0.117208555341, 0.0653698965907, 0.0661133006215, 0.0958223044872, 0.138494074345, 0.167644068599, 0.155786246061, 0.149532243609, 0.165567517281, 0.152317151427, 0.0730474293232, 0.0452457927167, 0.066103503108, 0.11039160192, 0.133337333798, 0.122011311352, 0.0727908015251, 0.0740748867393, 0.0921757295728, 0.15259423852, 0.191746294498, 0.174749433994, 0.1399025172, 0.125338196754, 0.107137709856, 0.0961119160056, 0.121212080121, 0.110433116555, 0.142273768783]
        dmean2: [0.27878305316, 0.207339867949, 0.153432279825, 0.145972147584, 0.153909742832, 0.196153357625, 0.208144068718, 0.196223303676, 0.116411335766, 0.120357245207, 0.165457934141, 0.238340750337, 0.284375011921, 0.278972923756, 0.259271472692, 0.279044359922, 0.269327253103, 0.131803885102, 0.0801881104708, 0.109627775848, 0.188041225076, 0.217648103833, 0.208844855428, 0.122090779245, 0.129185050726, 0.164786353707, 0.246339887381, 0.313833326101, 0.285493344069, 0.247680231929, 0.214268177748, 0.183005914092, 0.15741340816, 0.191631317139, 0.173868015409, 0.235240846872]
        dvar: [0.0343208760023, 0.024450885132, 0.0165987443179, 0.0218744594604, 0.0185360573232, 0.0260699559003, 0.0331115573645, 0.0291403122246, 0.0197109989822, 0.0197404976934, 0.0346601232886, 0.0284495931119, 0.0373747386038, 0.0407791510224, 0.033312920481, 0.045879367739, 0.0403169691563, 0.0141108455136, 0.00516113219783, 0.0129173360765, 0.0218767318875, 0.0258781164885, 0.0336520560086, 0.0142820905894, 0.014830651693, 0.0281182583421, 0.036107763648, 0.0453796386719, 0.0433983877301, 0.0404123365879, 0.0386449620128, 0.0331663414836, 0.0171613823622, 0.0307174306363, 0.0214600339532, 0.0303268525749]
        dvar2: [0.0842219591141, 0.0624592155218, 0.0438064001501, 0.0454831644893, 0.0440531000495, 0.0764013156295, 0.0774314925075, 0.0767905265093, 0.0553867742419, 0.0567865297198, 0.0903071388602, 0.0734578371048, 0.0842997953296, 0.102876447141, 0.0793729349971, 0.0950643271208, 0.110238902271, 0.0417351946235, 0.0134110441431, 0.0315652154386, 0.0550819039345, 0.056260637939, 0.0813473165035, 0.031867519021, 0.0373018272221, 0.0717182010412, 0.0933257490396, 0.1118651703, 0.121463336051, 0.106407903135, 0.0942867696285, 0.0943605452776, 0.0477620847523, 0.0727849304676, 0.0514391921461, 0.0782722234726]
        max: [1, 1, 0.739709436893, 1, 1, 1, 1, 1, 1, 0.783632814884, 1, 1, 1, 1, 1, 1, 1, 1, 0.61027687788, 0.964041471481, 1, 1, 1, 1, 1, 1, 1, 1, 1, 1, 1, 1, 0.820161938667, 1, 1, 1]
        mean: [0.37057954073, 0.220948249102, 0.117207333446, 0.155319109559, 0.14735224843, 0.213012680411, 0.282151430845, 0.166654169559, 0.0621280446649, 0.0580528005958, 0.0876228883862, 0.197491362691, 0.271656751633, 0.202599436045, 0.272743433714, 0.378621250391, 0.226265519857, 0.0750158950686, 0.0525758713484, 0.0753928497434, 0.234010890126, 0.340430229902, 0.198011532426, 0.0856318771839, 0.0889874622226, 0.0999037921429, 0.244234636426, 0.362273722887, 0.266552239656, 0.191639408469, 0.167746350169, 0.110680907965, 0.135155215859, 0.188743501902, 0.155468150973, 0.258037984371]
        min: [0.00370732438751, 0.00293141254224, 0.00130016135518, 0.00151478371117, 0.00220083235763, 0.00223994790576, 0.00418447470292, 0.00397761771455, 0.00104335846845, 0.00116850214545, 0.000792360166088, 0.00211536465213, 0.00349838612601, 0.00380926416256, 0.00507826637477, 0.00222067069262, 0.00392547994852, 0.00254465243779, 0.00161541940179, 0.00176065659616, 0.00372517225333, 0.00586528517306, 0.0031053496059, 0.001526968088, 0.000896568410099, 0.00160304061137, 0.00234154122882, 0.00330305076204, 0.00297548179515, 0.00148743274622, 0.0022997406777, 0.00327142188326, 0.00287631922401, 0.0013834934216, 0.00356914591976, 0.00242030830123]
        var: [0.105413265526, 0.0453762076795, 0.021319789812, 0.0582926794887, 0.0441571287811, 0.0603323020041, 0.107612721622, 0.0406705066562, 0.0134549252689, 0.0127446698025, 0.0311614293605, 0.0498439222574, 0.0788669139147, 0.0521607659757, 0.0760714709759, 0.133630380034, 0.0532967410982, 0.0103581734002, 0.00498699070886, 0.0146130193025, 0.0558879822493, 0.100933976471, 0.0508316010237, 0.0168524552137, 0.0181925203651, 0.0263926945627, 0.0612059347332, 0.108285486698, 0.0652917847037, 0.0712982490659, 0.0705668851733, 0.0305247865617, 0.0222311262041, 0.0558860525489, 0.0333756543696, 0.0604284442961]
    chords_histogram: [36.5740737915, 0, 24.0740737915, 0.925925910473, 1.85185182095, 0, 0, 0, 17.1296291351, 0, 0, 0, 0, 0, 0, 0, 0, 0, 0, 0, 0, 0, 0, 19.4444446564]
    thpcp: [1, 0.597603857517, 0.198129117489, 0.138861387968, 0.199124723673, 0.618060648441, 0.89913135767, 0.522980511189, 0.226167649031, 0.235030293465, 0.263862073421, 0.645063221455, 0.956823527813, 0.70400762558, 0.506150722504, 0.443045258522, 0.292326182127, 0.356966793537, 0.498502135277, 0.410616546869, 0.681520104408, 0.978760540485, 0.583560109138, 0.309563547373, 0.410222917795, 0.389181137085, 0.562600970268, 0.745207607746, 0.440160632133, 0.16409021616, 0.153326839209, 0.231426224113, 0.521606624126, 0.717489421368, 0.535097897053, 0.720359563828]
    chords_key: "D"
    chords_scale: "major"
    key_key: "D"
    key_scale: "major"
    chords_progression: ["A", "A", "A", "A", "A", "A", "A", "A", "A", "A", "A", "A", "A", "A", "A", "A", "A", "A", "A", "A", "A", "A", "A", "A", "A", "D", "D", "D", "D", "D", "D", "D", "D", "D", "D", "D", "D", "D", "D", "D", "D", "D", "D", "D", "D", "D", "D", "D", "D", "D", "D", "D", "D", "D", "D", "D", "D", "D", "D", "D", "D", "D", "D", "D", "D", "D", "D", "D", "D", "D", "D", "D", "D", "D", "F#", "F#", "F#", "F#", "F#", "F#", "F#", "F#", "F#", "F#", "F#", "F#", "F#", "F#", "F#", "F#", "F#", "F#", "F#", "F#", "F#", "F#", "F#", "F#", "F#", "F#", "F#", "F#", "F#", "F#", "F#", "F#", "F#", "F#", "F#", "F#", "F#", "Bm", "Bm", "Bm", "Bm", "Bm", "Bm", "Bm", "Bm", "Bm", "Bm", "Bm", "Bm", "Bm", "Bm", "Bm", "Bm", "Bm", "Bm", "Bm", "Bm", "Bm", "Bm", "Bm", "Bm", "Bm", "Bm", "Bm", "Bm", "Bm", "Bm", "Bm", "Bm", "Bm", "Bm", "Bm", "Bm", "Bm", "Bm", "Bm", "Bm", "Bm", "Bm", "E", "E", "E", "E", "A", "C#m", "C#m", "A", "A", "A", "A", "A", "A", "A", "A", "A", "A", "A", "A", "A", "A", "A", "A", "A", "A", "A", "A", "A", "A", "A", "A", "A", "A", "D", "D", "D", "D", "D", "D", "D", "D", "D", "D", "D", "D", "D", "D", "D", "D", "D", "D", "D", "D", "D", "D", "D", "D", "D", "D", "D", "D", "D", "D"]
