
metadata:
    version:
        essentia: "1.2.2"
    audio_properties:
        analysis_sample_rate: 44100
        bitrate: 128
        channels: 2
        equal_loudness: 1
        length: 10.0832653046
        replay_gain: -10.7741889954
        downmix: "mix"
    tags:
        track: 35
        year: 0
        album: "Splitted by Mp3Splt v. 2.1"
        artist: "From 005.40 To 005.50"
        comment: "http://mp3splt.sf.net"
        genre: ""
        title: "02 The Delphinium Days Mix.mp3"

highlevel:
    ballroom:
        all:
            ChaChaCha: 0.0370567142963
            Jive: 0.158940538764
            Quickstep: 0.045263633132
            Rumba-American: 0.0448932871222
            Rumba-International: 0.0863158330321
            Rumba-Misc: 0.124054893851
            Samba: 0.0881551280618
            Tango: 0.0268294569105
            VienneseWaltz: 0.121309965849
            Waltz: 0.267180562019
        probability: 0.267180562019
        value: "Waltz"
    culture:
        all:
            non_western: 0.78235822916
            western: 0.21764177084
        probability: 0.78235822916
        value: "non_western"
    gender:
        all:
            female: 0.556800663471
            male: 0.443199336529
        probability: 0.556800663471
        value: "female"
    genre_dortmund:
        all:
            alternative: 0.0593572929502
            blues: 0.0510383844376
            electronic: 0.26434469223
            folkcountry: 0.165391817689
            funksoulrnb: 0.0272251665592
            jazz: 0.256744593382
            pop: 0.0740689188242
            raphiphop: 0.00448160106316
            rock: 0.0973475426435
        probability: 0.26434469223
        value: "electronic"
    genre_electronica:
        all:
            ambient: 0.760769307613
            dnb: 0.10409257561
            house: 0.0570008717477
            techno: 0.0338239148259
            trance: 0.0443133115768
        probability: 0.760769307613
        value: "ambient"
    genre_rosamerica:
        all:
            cla: 0.129128456116
            dan: 0.0246460698545
            hip: 0.0524428710341
            jaz: 0.153803244233
            pop: 0.129659324884
            rhy: 0.469936311245
            roc: 0.0341737791896
            spe: 0.00620994437486
        probability: 0.469936311245
        value: "rhy"
    genre_tzanetakis:
        all:
            blu: 0.0457765087485
            cla: 0.0361162498593
            cou: 0.159731924534
            dis: 0.107265584171
            hip: 0.0135175501928
            jaz: 0.0437992215157
            met: 0.0276699122041
            pop: 0.177923738956
            reg: 0.2410697788
            roc: 0.147129535675
        probability: 0.2410697788
        value: "reg"
    live_studio:
        all:
            live: 0.0508873164654
            studio: 0.949112653732
        probability: 0.949112653732
        value: "studio"
    mood:
        all:
            Cluster1: 0.0433661416173
            Cluster2: 0.0432774834335
            Cluster3: 0.784906983376
            Cluster4: 0.0747511610389
            Cluster5: 0.0536982044578
        probability: 0.784906983376
        value: "Cluster3"
    mood_acoustic:
        all:
            acoustic: 0.269935786724
            not_acoustic: 0.730064213276
        probability: 0.730064213276
        value: "not_acoustic"
    mood_aggressive:
        all:
            aggressive: 0.00938677974045
            not_aggressive: 0.990613222122
        probability: 0.990613222122
        value: "not_aggressive"
    mood_electronic:
        all:
            electronic: 0.582337021828
            not_electronic: 0.417662978172
        probability: 0.582337021828
        value: "electronic"
    mood_happy:
        all:
            happy: 0.331568181515
            not_happy: 0.668431818485
        probability: 0.668431818485
        value: "not_happy"
    mood_party:
        all:
            not_party: 0.347214370966
            party: 0.652785658836
        probability: 0.652785658836
        value: "party"
    mood_relaxed:
        all:
            not_relaxed: 0.259623497725
            relaxed: 0.740376472473
        probability: 0.740376472473
        value: "relaxed"
    mood_sad:
        all:
            not_sad: 3.00000096379e-14
            sad: 1
        probability: 1
        value: "sad"
    rhythm:
        all:
            fast: 0.942144036293
            medium: 0.0403233282268
            slow: 0.0175326112658
        probability: 0.942144036293
        value: "fast"
    speech_music:
        all:
            music: 3.00000096379e-14
            speech: 1
        probability: 1
        value: "speech"
    timbre:
        all:
            bright: 0.267708957195
            dark: 0.732291042805
        probability: 0.732291042805
        value: "dark"
    voice_instrumental:
        all:
            instrumental: 0.421202003956
            voice: 0.578797996044
        probability: 0.578797996044
        value: "voice"

lowlevel:
    average_loudness: 0.300749599934
    barkbands_kurtosis:
        dmean: 1.17737960815
        dmean2: 1.84907102585
        dvar: 15.5192985535
        dvar2: 37.5886878967
        max: 73.1399612427
        mean: 0.29282578826
        min: -1.84659934044
        var: 18.8198318481
    barkbands_skewness:
        dmean: 0.432520598173
        dmean2: 0.668381690979
        dvar: 0.233153507113
        dvar2: 0.448421180248
        max: 7.88708972931
        mean: 0.298171252012
        min: -2.44583320618
        var: 1.3600859642
    barkbands_spread:
        dmean: 5.10556077957
        dmean2: 8.14914894104
        dvar: 25.6770496368
        dvar2: 60.8515815735
        max: 55.3007202148
        mean: 30.1093463898
        min: 1.66992628574
        var: 127.050315857
    dissonance:
        dmean: 0.0149551620707
        dmean2: 0.0254322011024
        dvar: 0.000412635388784
        dvar2: 0.000653594266623
        max: 0.499999940395
        mean: 0.472045511007
        min: 0.14379581809
        var: 0.000690319167916
    hfc:
        dmean: 1.2676628828
        dmean2: 1.37979137897
        dvar: 24.4974842072
        dvar2: 23.5981235504
        max: 97.9725952148
        mean: 4.09764003754
        min: 0.000690509623382
        var: 178.144088745
    pitch:
        dmean: 580.022155762
        dmean2: 1129.58435059
        dvar: 1467939.5
        dvar2: 3766403.25
        max: 4900
        mean: 925.116455078
        min: 62.1126747131
        var: 1865245
    pitch_instantaneous_confidence:
        dmean: 0.0816531404853
        dmean2: 0.131340265274
        dvar: 0.00557248946279
        dvar2: 0.0125817051157
        max: 0.900104284286
        mean: 0.425573199987
        min: 0.166947722435
        var: 0.0247246976942
    pitch_salience:
        dmean: 0.0529855526984
        dmean2: 0.0826201215386
        dvar: 0.00207326631062
        dvar2: 0.00498462514952
        max: 0.91871124506
        mean: 0.613974988461
        min: 0.209222108126
        var: 0.00876009091735
    silence_rate_20dB:
        dmean: 0
        dmean2: 0
        dvar: 0
        dvar2: 0
        max: 1
        mean: 1
        min: 1
        var: 0
    silence_rate_30dB:
        dmean: 0
        dmean2: 0
        dvar: 0
        dvar2: 0
        max: 1
        mean: 1
        min: 1
        var: 0
    silence_rate_60dB:
        dmean: 0.0229885056615
        dmean2: 0.0437788031995
        dvar: 0.0224599633366
        dvar2: 0.0510790124536
        max: 1
        mean: 0.905963301659
        min: 0
        var: 0.0851935967803
    spectral_centroid:
        dmean: 284.422515869
        dmean2: 452.71774292
        dvar: 94610.4140625
        dvar2: 186820.546875
        max: 4049.37841797
        mean: 1711.95507812
        min: 294.533447266
        var: 720866.5
    spectral_complexity:
        dmean: 0.921658992767
        dmean2: 1.515011549
        dvar: 2.99386262894
        dvar2: 5.85254907608
        max: 30
        mean: 3.17011499405
        min: 0
        var: 25.8055458069
    spectral_crest:
        dmean: 1.90616679192
        dmean2: 3.08423447609
        dvar: 3.42112374306
        dvar2: 8.33899784088
        max: 24.5327148438
        mean: 8.06651496887
        min: 2.71424007416
        var: 17.7461490631
    spectral_decrease:
        dmean: 1.00958276461e-10
        dmean2: 1.19971088619e-10
        dvar: 8.52494471872e-20
        dvar2: 8.62169253865e-20
        max: -2.70896017207e-13
        mean: -3.52309015295e-10
        min: -5.88066617624e-09
        var: 6.37235128492e-19
    spectral_energy:
        dmean: 0.000491079932544
        dmean2: 0.000567394075915
        dvar: 2.35380230151e-06
        dvar2: 2.30566547543e-06
        max: 0.031081404537
        mean: 0.00170136406086
        min: 1.08504934815e-06
        var: 1.76100256795e-05
    spectral_energyband_high:
        dmean: 0.000126122307847
        dmean2: 0.000190322476556
        dvar: 3.9218900838e-07
        dvar2: 6.96487404639e-07
        max: 0.0124547481537
        mean: 0.000324169493979
        min: 2.97392244164e-08
        var: 1.67635062098e-06
    spectral_energyband_low:
        dmean: 1.76553294295e-05
        dmean2: 3.05040011881e-05
        dvar: 5.08444564229e-10
        dvar2: 1.53022872151e-09
        max: 0.000252574885963
        mean: 2.50506545854e-05
        min: 3.41476393828e-08
        var: 6.46061204534e-10
    spectral_energyband_middle_high:
        dmean: 0.000308325921651
        dmean2: 0.000351299066097
        dvar: 1.48675565015e-06
        dvar2: 1.29456793729e-06
        max: 0.0259013101459
        mean: 0.000953643058892
        min: 1.1646300635e-07
        var: 9.36044580158e-06
    spectral_energyband_middle_low:
        dmean: 0.000138656425406
        dmean2: 0.000202951719984
        dvar: 1.00035542516e-07
        dvar2: 2.06175784001e-07
        max: 0.0064838831313
        mean: 0.000398491160013
        min: 3.06519524429e-07
        var: 5.15563783665e-07
    spectral_flatness_db:
        dmean: 0.015513506718
        dmean2: 0.0227358210832
        dvar: 0.000208486730116
        dvar2: 0.000415837595938
        max: 0.318924337626
        mean: 0.142035186291
        min: 0.0769446715713
        var: 0.00155784946401
    spectral_flux:
        dmean: 0.00462851254269
        dmean2: 0.00665269931778
        dvar: 8.83339234861e-05
        dvar2: 0.00019153264293
        max: 0.174563974142
        mean: 0.0192613247782
        min: 0.00104165705852
        var: 0.000632252544165
    spectral_kurtosis:
        dmean: 0.870214939117
        dmean2: 1.31925964355
        dvar: 0.977635443211
        dvar2: 1.89635837078
        max: 11.9149665833
        mean: 3.49977016449
        min: -0.0899128913879
        var: 3.79755306244
    spectral_rms:
        dmean: 0.00014483826817
        dmean2: 0.000188479229109
        dvar: 7.44754871107e-08
        dvar2: 8.35999145465e-08
        max: 0.00550666172057
        mean: 0.000949890876655
        min: 3.25358996633e-05
        var: 7.57574355248e-07
    spectral_rolloff:
        dmean: 460.28427124
        dmean2: 717.209655762
        dvar: 338221.8125
        dvar2: 671081.25
        max: 5663.23242188
        mean: 3159.43994141
        min: 279.931640625
        var: 1691821.5
    spectral_skewness:
        dmean: 0.15380474925
        dmean2: 0.226332634687
        dvar: 0.0242154076695
        dvar2: 0.0464396178722
        max: 2.8798224926
        mean: 1.44502925873
        min: 0.478727728128
        var: 0.115131564438
    spectral_spread:
        dmean: 546915.1875
        dmean2: 762893.25
        dvar: 791703650304
        dvar2: 788404240384
        max: 26074760
        mean: 5391057
        min: 2879316.25
        var: 3.12097714995e+12
    spectral_strongpeak:
        dmean: 0.38332003355
        dmean2: 0.587825357914
        dvar: 1.38228666782
        dvar2: 2.90527772903
        max: 16.8511943817
        mean: 0.652923226357
        min: 0.00226729176939
        var: 3.58533453941
    zerocrossingrate:
        dmean: 0.0098005020991
        dmean2: 0.0117413038388
        dvar: 9.96451271931e-05
        dvar2: 9.92035929812e-05
        max: 0.19921875
        mean: 0.0983701497316
        min: 0.013671875
        var: 0.00145914556924
    barkbands:
        dmean: [2.08626520504e-08, 6.9592838372e-06, 1.30644320961e-05, 1.52341326611e-05, 9.649671847e-05, 1.79627131729e-05, 3.54437324859e-05, 9.15664259082e-06, 2.09561749216e-05, 1.0917337022e-05, 1.41622449519e-05, 1.16404953587e-05, 3.53414106939e-05, 2.65266844508e-05, 5.91300813539e-05, 6.89316511853e-05, 2.87632319669e-05, 7.20524985809e-05, 8.68936476763e-05, 0.000150979612954, 7.67063174862e-05, 5.96790277996e-06, 1.04474554519e-06, 8.05292188488e-07, 5.25770190052e-07, 6.04457000009e-08, 3.93610015692e-08]
        dmean2: [3.22723181512e-08, 1.224056723e-05, 2.19140401896e-05, 2.608599425e-05, 0.00014593382366, 2.95122936222e-05, 5.85835659876e-05, 1.40738629852e-05, 3.16743098665e-05, 1.64734756254e-05, 2.20692072617e-05, 1.72324198502e-05, 4.24606041634e-05, 4.09121421399e-05, 7.89307814557e-05, 7.7760865679e-05, 4.06739636674e-05, 0.000102303500171, 0.000118527779705, 0.000175333625521, 0.00011339566845, 8.96587698662e-06, 1.62520780123e-06, 1.19715923574e-06, 7.73376712004e-07, 9.09647965841e-08, 5.93614615241e-08]
        dvar: [3.14972216874e-14, 5.67854444022e-11, 3.23403498426e-10, 3.86307513756e-10, 6.03021490519e-08, 1.06167130642e-09, 1.13566924753e-08, 5.18648568537e-10, 2.63400945499e-09, 1.27807386896e-09, 1.47119083582e-09, 1.32944144582e-09, 2.57886423327e-08, 1.57881974161e-08, 7.58155209724e-08, 1.52837003498e-07, 5.7887810101e-09, 5.30930996945e-08, 9.610985785e-08, 5.21929109709e-07, 1.17466697702e-07, 1.50236614815e-10, 5.35836089041e-12, 2.72332351982e-12, 1.31446470462e-12, 3.24956641456e-13, 3.32642577762e-13]
        dvar2: [7.92507200273e-14, 1.66758107323e-10, 9.67570246146e-10, 1.15912179854e-09, 1.15929502442e-07, 3.05495939656e-09, 2.47066758163e-08, 1.15695131253e-09, 5.7980162893e-09, 2.48880627218e-09, 3.68353547664e-09, 2.82476686486e-09, 3.40261827603e-08, 3.72741268961e-08, 1.24924966372e-07, 1.86833361226e-07, 1.27855193099e-08, 8.56814779127e-08, 1.718244107e-07, 4.82565724269e-07, 2.87685168132e-07, 4.00371541476e-10, 1.29975795751e-11, 6.16563657768e-12, 3.19830273376e-12, 8.14574861556e-13, 8.36557819545e-13]
        max: [2.64740083367e-06, 6.95359631209e-05, 0.000183015974471, 0.000247232470429, 0.00602175993845, 0.000374881259631, 0.00180651573464, 0.000342360348441, 0.000649559136946, 0.000641347374767, 0.000561272026971, 0.000701422803104, 0.00379477348179, 0.00237323879264, 0.003631538013, 0.0084641892463, 0.00119900051504, 0.00341560831293, 0.00518796453252, 0.0150790577754, 0.0062489407137, 0.000167791018612, 2.40508652496e-05, 2.77951148746e-05, 1.42398375829e-05, 8.54582231113e-06, 8.58371276991e-06]
        mean: [1.76902190674e-08, 7.73066130932e-06, 1.73056450876e-05, 1.93689556909e-05, 0.00021625435329, 3.20631661452e-05, 6.95572161931e-05, 1.63779932336e-05, 4.36370901298e-05, 2.21394348046e-05, 2.50498997048e-05, 2.41589950747e-05, 6.76166819176e-05, 4.70538034278e-05, 0.000116550138046, 0.0001046989928, 5.12721198902e-05, 0.000135538488394, 0.000192430903553, 0.000343318708474, 0.000132955494337, 1.1468453522e-05, 1.57531678724e-06, 1.95230086319e-06, 1.17781610243e-06, 6.91004586884e-08, 2.01771293007e-08]
        min: [1.54044259987e-11, 2.41456588057e-09, 3.15936290463e-08, 2.40443220889e-08, 1.03617168179e-07, 1.88987634431e-08, 4.16145518045e-08, 2.60918202599e-08, 3.82525700005e-09, 3.48522211091e-09, 1.45614686975e-09, 1.68288161184e-09, 4.30716351474e-09, 1.04353254926e-08, 2.77715432873e-08, 2.96578983594e-09, 2.58938221975e-08, 9.40980449116e-09, 1.56400865592e-08, 3.08955456774e-08, 1.01607220415e-08, 2.93572055554e-09, 1.90392146493e-10, 2.09876560575e-10, 4.10943015727e-11, 2.75987305925e-12, 2.5965151253e-13]
        var: [1.62938476459e-14, 6.2139071666e-11, 4.60577659345e-10, 5.7614929494e-10, 3.6678932247e-07, 1.45652923056e-09, 1.9783279015e-08, 1.39037459324e-09, 8.86607320894e-09, 3.41290729011e-09, 3.51008977439e-09, 3.66083163783e-09, 8.60037729922e-08, 3.65671191105e-08, 2.01319309667e-07, 3.69773346165e-07, 1.63614579662e-08, 1.7818335607e-07, 4.44105694442e-07, 2.30204682339e-06, 3.18403152733e-07, 3.79064252209e-10, 8.11219754565e-12, 1.42663034164e-11, 4.68917049287e-12, 1.71770976891e-13, 1.69014812996e-13]
    mfcc:
        mean: [-804.433044434, 99.4141464233, -40.1222839355, 47.6281280518, -14.408331871, -7.29329156876, 2.88462042809, -9.98042964935, -4.03868532181, -9.08571338654, -5.06553792953, -4.23874855042, -7.44153308868]
        cov: [[3555.93652344, -881.120239258, -678.642700195, -334.5105896, -110.296928406, -111.334121704, 196.459030151, -175.992416382, 59.3376655579, 135.359970093, 25.452703476, -30.3575725555, -7.39544820786], [-881.120239258, 1168.16564941, 31.4180183411, 100.297462463, 85.2233657837, 38.3093681335, -190.174499512, 6.32397079468, -181.201019287, -53.7075614929, -32.567237854, 28.1233768463, -10.440117836], [-678.642700195, 31.4180183411, 459.377746582, 100.981834412, 24.5630245209, 12.4630270004, -87.8916320801, 39.6285362244, -18.0669326782, -89.1050186157, 22.7311458588, 3.8764538765, -5.17798089981], [-334.5105896, 100.297462463, 100.981834412, 213.829391479, 57.9092750549, -17.2964763641, -53.3598556519, 36.8421707153, -46.9004211426, -7.9666724205, -14.0861854553, 14.9448480606, 3.86445069313], [-110.296928406, 85.2233657837, 24.5630245209, 57.9092750549, 120.255256653, -2.37437295914, -11.2552309036, -15.1412363052, -24.1880550385, -4.90435504913, -20.7041034698, 3.12605071068, -19.9468288422], [-111.334121704, 38.3093681335, 12.4630270004, -17.2964763641, -2.37437295914, 92.4884338379, -2.41123247147, 6.19701480865, 8.27710437775, 2.34078431129, 23.2996063232, -0.872377991676, 15.5140266418], [196.459030151, -190.174499512, -87.8916320801, -53.3598556519, -11.2552309036, -2.41123247147, 155.703735352, 2.8122587204, 58.62550354, 50.8266983032, -17.2064418793, -13.3575773239, -8.78451633453], [-175.992416382, 6.32397079468, 39.6285362244, 36.8421707153, -15.1412363052, 6.19701480865, 2.8122587204, 110.044273376, 13.0049848557, 1.33484268188, 3.81783771515, 3.12364339828, 22.5089015961], [59.3376655579, -181.201019287, -18.0669326782, -46.9004211426, -24.1880550385, 8.27710437775, 58.62550354, 13.0049848557, 113.308441162, 23.0162143707, 17.8828029633, -4.15242385864, -5.70276784897], [135.359970093, -53.7075614929, -89.1050186157, -7.9666724205, -4.90435504913, 2.34078431129, 50.8266983032, 1.33484268188, 23.0162143707, 98.0930633545, -10.688117981, 8.27785778046, 2.99520349503], [25.452703476, -32.567237854, 22.7311458588, -14.0861854553, -20.7041034698, 23.2996063232, -17.2064418793, 3.81783771515, 17.8828029633, -10.688117981, 79.7387619019, 10.1053209305, 12.4536733627], [-30.3575725555, 28.1233768463, 3.8764538765, 14.9448480606, 3.12605071068, -0.872377991676, -13.3575773239, 3.12364339828, -4.15242385864, 8.27785778046, 10.1053209305, 65.3579864502, 24.8717098236], [-7.39544820786, -10.440117836, -5.17798089981, 3.86445069313, -19.9468288422, 15.5140266418, -8.78451633453, 22.5089015961, -5.70276784897, 2.99520349503, 12.4536733627, 24.8717098236, 68.9421005249]]
        icov: [[0.00063768500695, 0.000526262039784, 0.000796322536189, 0.000546426803339, -6.06416870141e-05, 0.000570190197323, 0.000192629289813, 0.000384457933251, 0.000785528507549, -0.000191020895727, -0.000498334644362, 5.16392865393e-05, 7.5111631304e-05], [0.000526262039784, 0.00186611234676, 0.000975331640802, 0.000568711780943, -0.00054480828112, -0.000548381358385, 0.00148676882964, -0.000365605112165, 0.00230773747899, -4.95182648592e-05, 0.000170078172232, -0.000684814469423, 0.00106437725481], [0.000796322536189, 0.000975331640802, 0.00426141871139, -0.000597271253355, -0.000204428710276, -0.00017407858104, 0.00132144475356, -0.000461505202111, 0.000607580004726, 0.00234326976351, -0.000816260173451, -0.000431124062743, 0.00113717361819], [0.000546426803339, 0.000568711780943, -0.000597271253355, 0.0080639757216, -0.0033197524026, 0.00198366027325, 0.00183567637578, -0.00250685121864, 0.00274708960205, -0.00205523823388, -6.18964841124e-05, -0.000614983960986, -0.000157083879458], [-6.06416870141e-05, -0.00054480828112, -0.000204428710276, -0.0033197524026, 0.0113855963573, -0.00138904631604, -0.00113126903307, 0.00210950709879, 0.000269028678304, 0.00067809963366, 0.00203022407368, -0.00144279503729, 0.00300214602612], [0.000570190197323, -0.000548381358385, -0.00017407858104, 0.00198366027325, -0.00138904631604, 0.0139310713857, -0.00039412843762, 0.000358457851689, -0.000606440065894, -0.00171296007466, -0.00433898856863, 0.00257237511687, -0.00397015828639], [0.000192629289813, 0.00148676882964, 0.00132144475356, 0.00183567637578, -0.00113126903307, -0.00039412843762, 0.011866456829, -0.00128880725242, -0.00260195368901, -0.00347868259996, 0.0027739321813, 0.000941043312196, 0.0010316654807], [0.000384457933251, -0.000365605112165, -0.000461505202111, -0.00250685121864, 0.00210950709879, 0.000358457851689, -0.00128880725242, 0.0121276322752, -0.00230570882559, -0.000214219166082, -4.12576846429e-05, 0.00148761970922, -0.00421300297603], [0.000785528507549, 0.00230773747899, 0.000607580004726, 0.00274708960205, 0.000269028678304, -0.000606440065894, -0.00260195368901, -0.00230570882559, 0.0160800833255, -0.00178186560515, -0.00342233898118, -0.00126925040968, 0.00344457500614], [-0.000191020895727, -4.95182648592e-05, 0.00234326976351, -0.00205523823388, 0.00067809963366, -0.00171296007466, -0.00347868259996, -0.000214219166082, -0.00178186560515, 0.0151086300611, 0.00167681730818, -0.00294049689546, 0.000425689329859], [-0.000498334644362, 0.000170078172232, -0.000816260173451, -6.18964841124e-05, 0.00203022407368, -0.00433898856863, 0.0027739321813, -4.12576846429e-05, -0.00342233898118, 0.00167681730818, 0.0168056320399, -0.00262879789807, -0.000598146696575], [5.16392865393e-05, -0.000684814469423, -0.000431124062743, -0.000614983960986, -0.00144279503729, 0.00257237511687, 0.000941043312196, 0.00148761970922, -0.00126925040968, -0.00294049689546, -0.00262879789807, 0.0197905115783, -0.00810020416975], [7.5111631304e-05, 0.00106437725481, 0.00113717361819, -0.000157083879458, 0.00300214602612, -0.00397015828639, 0.0010316654807, -0.00421300297603, 0.00344457500614, 0.000425689329859, -0.000598146696575, -0.00810020416975, 0.0213340744376]]
    spectral_contrast:
        mean: [1.24077857322e-07, 1.43804768982e-07, -4.82146766956e-09, 3.06021888719e-07, 5.41443114344e-07, 2.0036067383e-07, 5.02117757151e-07, 1.69804721395e-07, 7.2279192409e-08, 3.62081095773e-06, 2.87746559025e-07, -2.68508642876e-06]
        var: [0.000617814133875, 0.0010880138725, 0.0015577247832, 0.00186727673281, 0.00310930749401, 0.00614622281864, 0.0562566258013, 0.0725095644593, 0.101216815412, 0.184032976627, 0.381854593754, 1.62127459049]

rhythm:
    beats_loudness:
        dmean: 0.00138312822673
        dmean2: 0.00222122413106
        dvar: 4.81535334984e-06
        dvar2: 1.20485137813e-05
        max: 0.0104743679985
        mean: 0.00132597156335
        min: 0.000144027595525
        var: 4.48531545771e-06
    beats_loudness_bass:
        dmean: 0.0783065184951
        dmean2: 0.136764198542
        dvar: 0.00478227296844
        dvar2: 0.0156862083822
        max: 0.296947449446
        mean: 0.0803607031703
        min: 0.002591407625
        var: 0.00587762659416
    bpm: 127.708992004
    bpm_confidence: 0
    first_peak_bpm: 128
    first_peak_spread: 0
    first_peak_weight: 0.478260874748
    onset_rate: 4.1653175354
    second_peak_bpm: 171
    second_peak_spread: 0
    second_peak_weight: 0.478260874748
    beats_position: [0.334427982569, 0.804250955582, 1.2740739584, 1.74389696121, 2.21372008324, 2.68354296684, 3.15336585045, 3.62318873405, 4.09301137924, 4.56283426285, 5.03265714645, 5.50248003006, 5.93850326538, 6.28854846954, 6.63859462738, 6.98863983154, 7.33868598938, 7.68873167038, 8.03877735138, 8.38882255554, 8.73886871338, 9.08891391754, 9.4389591217, 9.78900527954]
    bpm_estimates: [127.717201233, 127.8358078, 126.950073242, 127.677070618, 128.345581055, 127.728218079]
    bpm_intervals: [0.469822973013, 0.469823002815, 0.469823002815, 0.469823122025, 0.469822883606, 0.469822883606, 0.469822883606, 0.469822645187, 0.469822883606, 0.469822883606, 0.469822883606, 0.436023235321, 0.350045204163, 0.350046157837, 0.350045204163, 0.350046157837, 0.350045681, 0.350045681, 0.350045204163, 0.350046157837, 0.350045204163, 0.350045204163, 0.350046157837]
    onset_times: [0.0812698379159, 0.336689352989, 0.568888902664, 0.952018141747, 1.05650794506, 1.17260766029, 1.30031740665, 1.42802715302, 1.53251695633, 1.72988665104, 1.98530614376, 2.2523355484, 2.36843538284, 2.47292518616, 2.70512461662, 2.93732428551, 3.16952371597, 3.41333341599, 3.63392281532, 4.12154197693, 4.35374164581, 4.58594083786, 4.81814050674, 4.95746040344, 5.07356023788, 5.30575942993, 5.52634906769, 5.79337882996, 6.01396846771, 6.23455762863, 6.72217702866, 6.96598625183, 7.33750581741, 7.44199562073, 7.67419481277, 7.89478445053, 8.12698459625, 8.85841274261, 8.98612213135, 9.24154186249, 9.50857162476, 9.97297096252]
    rubato_start: [6.28854846954]
    rubato_stop: [6.63859462738]
    perceptual_tempo: "unknown"

sfx:
    inharmonicity:
        dmean: 0.0522141121328
        dmean2: 0.0939843207598
        dvar: 0.00346801732667
        dvar2: 0.00952239986509
        max: 0.392406135798
        mean: 0.0550736449659
        min: 7.08313891664e-05
        var: 0.00387600623071
    oddtoevenharmonicenergyratio:
        dmean: 2.11512184143
        dmean2: 3.98950815201
        dvar: 19.3424606323
        dvar2: 55.7037124634
        max: 25.385892868
        mean: 1.43801116943
        min: 0.00199091341347
        var: 11.7919406891
    pitch_after_max_to_before_max_energy_ratio: 0.266037672758
    pitch_centroid: 191.553619385
    pitch_max_to_total: 0.850574731827
    pitch_min_to_total: 0.737931013107
    tristimulus:
        dmean: [0.186030581594, 0.218908146024, 0.150610744953]
        dmean2: [0.313893944025, 0.377019315958, 0.259543716908]
        dvar: [0.0282640252262, 0.0353854820132, 0.0170381143689]
        dvar2: [0.0751184001565, 0.0991456210613, 0.046607144177]
        max: [0.944653868675, 0.951464235783, 0.761147856712]
        mean: [0.375032961369, 0.422847032547, 0.164998844266]
        min: [0.0104403402656, 0, 0]
        var: [0.0533704534173, 0.0521239712834, 0.0249889250845]

tonal:
    chords_changes_rate: 0.0547945201397
    chords_number_rate: 0.0228310506791
    chords_strength:
        dmean: 0.00912602990866
        dmean2: 0.00749045377597
        dvar: 4.45288678748e-05
        dvar2: 4.47548045486e-05
        max: 0.660006999969
        mean: 0.52223700285
        min: 0.355733990669
        var: 0.00598996924236
    key_strength: 0.622381448746
    tuning_diatonic_strength: 0.546536028385
    tuning_equal_tempered_deviation: 0.0639438182116
    tuning_frequency: 440.254241943
    tuning_nontempered_energy_ratio: 0.697182476521
    hpcp:
        dmean: [0.215701341629, 0.158593654633, 0.132201611996, 0.126253724098, 0.116859026253, 0.147397488356, 0.17546890676, 0.154768079519, 0.159544482827, 0.1331422925, 0.13372965157, 0.15428519249, 0.158738896251, 0.131671071053, 0.0903611406684, 0.0749512314796, 0.0719829201698, 0.101870939136, 0.136044770479, 0.0940104201436, 0.111850336194, 0.131626471877, 0.108162924647, 0.089923620224, 0.0736156180501, 0.0818268805742, 0.15182210505, 0.167909294367, 0.138055369258, 0.113980665803, 0.127059072256, 0.151587352157, 0.149166449904, 0.148634016514, 0.171952798963, 0.222507849336]
        dmean2: [0.370312869549, 0.270835995674, 0.22970315814, 0.220383405685, 0.20133009553, 0.248105034232, 0.300100624561, 0.258297592402, 0.274640619755, 0.235507160425, 0.231608211994, 0.267342448235, 0.262336015701, 0.223627924919, 0.1529802531, 0.127191141248, 0.119050592184, 0.16569018364, 0.222306057811, 0.154659345746, 0.186549782753, 0.21471349895, 0.179556548595, 0.152868539095, 0.128373771906, 0.148356989026, 0.250462412834, 0.273428142071, 0.232725515962, 0.203246742487, 0.220972731709, 0.265825033188, 0.260723829269, 0.252862274647, 0.303251177073, 0.39340287447]
        dvar: [0.0468012467027, 0.0348920375109, 0.0367878079414, 0.0363033674657, 0.036705352366, 0.0315433032811, 0.0452370680869, 0.0296190287918, 0.0469319708645, 0.0372741855681, 0.030754327774, 0.0297226905823, 0.0332613028586, 0.0283610392362, 0.0204901844263, 0.0151677597314, 0.0171931199729, 0.0127276508138, 0.0208636261523, 0.0129425562918, 0.0173872411251, 0.0317613370717, 0.019455710426, 0.0166382901371, 0.0121048539877, 0.0174659229815, 0.0305866114795, 0.0331314466894, 0.0226203557104, 0.0294899344444, 0.0355372801423, 0.0402860976756, 0.0460305549204, 0.0369402244687, 0.0395138859749, 0.0535515472293]
        dvar2: [0.121767938137, 0.096675388515, 0.0979646891356, 0.100355938077, 0.10921818763, 0.0761589333415, 0.105903334916, 0.0773869007826, 0.141956016421, 0.102683074772, 0.0867237225175, 0.085198558867, 0.07559581846, 0.0743000879884, 0.0573832914233, 0.0415064170957, 0.0454631373286, 0.0315281227231, 0.0479208678007, 0.0317633710802, 0.0478607304394, 0.0838344842196, 0.0519309863448, 0.040599334985, 0.0322326235473, 0.0527564026415, 0.0856165885925, 0.0779882669449, 0.0533419959247, 0.0831467881799, 0.100943423808, 0.115067131817, 0.126965552568, 0.104003615677, 0.11893491447, 0.143183529377]
        max: [1, 1, 1, 1, 1, 1, 1, 1, 1, 1, 1, 1, 1, 1, 1, 1, 1, 1, 1, 1, 0.770421922207, 1, 1, 0.964340686798, 0.783873736858, 0.950648009777, 1, 1, 0.916777551174, 1, 1, 1, 1, 1, 1, 1]
        mean: [0.39778316021, 0.197585880756, 0.147921264172, 0.148281648755, 0.135404869914, 0.280760407448, 0.455773681402, 0.327472656965, 0.180544510484, 0.177317708731, 0.174930840731, 0.228941962123, 0.284142434597, 0.209252417088, 0.119214683771, 0.0950930118561, 0.0964719876647, 0.198100745678, 0.263765126467, 0.168237358332, 0.170576065779, 0.226662740111, 0.166153222322, 0.120860010386, 0.092253446579, 0.0887529179454, 0.259942889214, 0.408395439386, 0.276768326759, 0.151354640722, 0.141062065959, 0.161522522569, 0.252294331789, 0.290471822023, 0.277885824442, 0.413824617863]
        min: [0.0043505881913, 0.00165943952743, 0.000867599970661, 0.000831566518173, 0.000434564164607, 0.000718194874935, 0, 0.000931388174649, 0, 0, 0.00308464374393, 0.00375451985747, 0.000458430469735, 0, 0, 0, 0, 0, 0, 0.00187746307347, 0.00215380080044, 0.00150546128862, 0.000494930020068, 0, 0, 0, 0, 0, 0, 0, 0, 0, 0, 0, 0.00490599591285, 0.00504347216338]
        var: [0.106422163546, 0.0403279289603, 0.0360382609069, 0.0347021520138, 0.0329448767006, 0.0572814941406, 0.135728150606, 0.0660473927855, 0.0515952222049, 0.0467198863626, 0.0349322929978, 0.0455039665103, 0.0641777068377, 0.038287255913, 0.0221775434911, 0.0182050280273, 0.0209761057049, 0.034018240869, 0.0558850988746, 0.0234365426004, 0.0261540487409, 0.0580122694373, 0.0330317281187, 0.0243124179542, 0.0140230990946, 0.014281200245, 0.0624842718244, 0.11224526912, 0.0448664538562, 0.0298353806138, 0.0314006395638, 0.0417318344116, 0.0758321285248, 0.0974231809378, 0.0645928680897, 0.115200795233]
    chords_histogram: [24.6575336456, 4.56621026993, 46.1187210083, 0, 0, 0, 0, 0.45662099123, 1.36986303329, 0, 0, 0, 0, 0, 0, 0, 0, 0, 0, 0, 0, 22.8310508728, 0, 0]
    thpcp: [1, 0.718498408794, 0.396127551794, 0.389047712088, 0.383810758591, 0.502314984798, 0.623428761959, 0.459114730358, 0.261565536261, 0.208640858531, 0.211666435003, 0.434647172689, 0.578719496727, 0.369124770164, 0.374256074429, 0.497314244509, 0.364552021027, 0.265175491571, 0.202410653234, 0.194730237126, 0.570333242416, 0.896048724651, 0.607249498367, 0.332082897425, 0.30950024724, 0.35439196229, 0.553551793098, 0.637315928936, 0.60970133543, 0.907960772514, 0.872764647007, 0.433517515659, 0.324549823999, 0.325340539217, 0.297087967396, 0.616008400917]
    chords_key: "B"
    chords_scale: "major"
    key_key: "E"
    key_scale: "major"
    chords_progression: ["B", "B", "B", "B", "B", "B", "B", "B", "B", "B", "B", "B", "B", "B", "B", "B", "B", "B", "B", "B", "B", "B", "B", "B", "B", "B", "B", "B", "B", "B", "B", "B", "B", "B", "B", "B", "B", "B", "B", "B", "B", "B", "B", "B", "B", "B", "B", "B", "B", "B", "B", "B", "B", "B", "B", "B", "B", "F#m", "F#m", "F#m", "F#m", "G#m", "G#m", "G#m", "G#m", "G#m", "G#m", "G#m", "G#m", "F#m", "Fm", "F#m", "F#m", "F#m", "F#m", "F#m", "F#m", "F#m", "F#m", "F#m", "F#m", "F#m", "F#m", "F#m", "F#m", "F#m", "F#m", "F#m", "F#m", "F#m", "F#m", "F#m", "G#", "G#", "F#m", "F#m", "F#m", "F#m", "F#m", "F#m", "F#m", "G#", "G#m", "G#m", "E", "E", "E", "E", "E", "E", "E", "E", "E", "E", "E", "E", "E", "E", "E", "E", "E", "E", "E", "E", "E", "E", "E", "E", "E", "E", "E", "E", "E", "E", "E", "E", "E", "E", "E", "E", "E", "E", "E", "E", "E", "E", "E", "E", "E", "E", "E", "E", "E", "E", "E", "E", "E", "E", "B", "B", "B", "B", "B", "B", "B", "B", "B", "B", "B", "B", "B", "B", "B", "B", "B", "B", "B", "B", "B", "B", "B", "B", "B", "B", "B", "B", "B", "B", "B", "B", "B", "B", "B", "B", "B", "B", "B", "B", "B", "B", "B", "B", "F#m", "F#m", "F#m", "F#m", "F#m", "F#m", "F#m", "F#m", "F#m", "F#m", "F#m", "F#m", "F#m", "F#m", "F#m", "F#m", "F#m"]
