
metadata:
    version:
        essentia: "1.2.2"
    audio_properties:
        analysis_sample_rate: 44100
        bitrate: 128
        channels: 2
        equal_loudness: 1
        length: 9.97877597809
        replay_gain: -11.4906234741
        downmix: "mix"
    tags:
        track: 4
        year: 0
        album: "Splitted by Mp3Splt v. 2.1"
        artist: "From 000.30 To 000.40"
        comment: "http://mp3splt.sf.net"
        genre: ""
        title: "04 Over Rising.mp3"

highlevel:
    ballroom:
        all:
            ChaChaCha: 0.169517412782
            Jive: 0.481657862663
            Quickstep: 0.129970088601
            Rumba-American: 0.00185756955761
            Rumba-International: 0.0108324289322
            Rumba-Misc: 0.00569689460099
            Samba: 0.188548654318
            Tango: 0.00245424825698
            VienneseWaltz: 0.00757331494242
            Waltz: 0.00189153663814
        probability: 0.481657862663
        value: "Jive"
    culture:
        all:
            non_western: 0.018504133448
            western: 0.981495857239
        probability: 0.981495857239
        value: "western"
    gender:
        all:
            female: 0.522120475769
            male: 0.477879494429
        probability: 0.522120475769
        value: "female"
    genre_dortmund:
        all:
            alternative: 0.0924912914634
            blues: 0.0125745953992
            electronic: 0.022700291127
            folkcountry: 0.0602095015347
            funksoulrnb: 0.0113894157112
            jazz: 0.0407867878675
            pop: 0.0900743678212
            raphiphop: 0.0390255302191
            rock: 0.630748212337
        probability: 0.630748212337
        value: "rock"
    genre_electronica:
        all:
            ambient: 0.168855115771
            dnb: 0.38260781765
            house: 0.041247587651
            techno: 0.0133639853448
            trance: 0.393925487995
        probability: 0.393925487995
        value: "trance"
    genre_rosamerica:
        all:
            cla: 0.0029049764853
            dan: 0.0611308217049
            hip: 0.00358218210749
            jaz: 0.00474686129019
            pop: 0.557104825974
            rhy: 0.0130842244253
            roc: 0.356057405472
            spe: 0.00138871988747
        probability: 0.557104825974
        value: "pop"
    genre_tzanetakis:
        all:
            blu: 0.00111905520316
            cla: 0.00157210906036
            cou: 0.0696406662464
            dis: 0.039757207036
            hip: 0.00315974326804
            jaz: 0.0073195816949
            met: 0.0100604752079
            pop: 0.640047669411
            reg: 0.0222978144884
            roc: 0.205025687814
        probability: 0.640047669411
        value: "pop"
    live_studio:
        all:
            live: 0.0211788080633
            studio: 0.978821218014
        probability: 0.978821218014
        value: "studio"
    mood:
        all:
            Cluster1: 0.456492185593
            Cluster2: 0.149722844362
            Cluster3: 0.0768881514668
            Cluster4: 0.0774514377117
            Cluster5: 0.239445373416
        probability: 0.456492185593
        value: "Cluster1"
    mood_acoustic:
        all:
            acoustic: 0.00725083425641
            not_acoustic: 0.992749154568
        probability: 0.992749154568
        value: "not_acoustic"
    mood_aggressive:
        all:
            aggressive: 0.351277977228
            not_aggressive: 0.64872199297
        probability: 0.64872199297
        value: "not_aggressive"
    mood_electronic:
        all:
            electronic: 0.622998595238
            not_electronic: 0.37700137496
        probability: 0.622998595238
        value: "electronic"
    mood_happy:
        all:
            happy: 0.883223116398
            not_happy: 0.116776898503
        probability: 0.883223116398
        value: "happy"
    mood_party:
        all:
            not_party: 0.412979453802
            party: 0.587020576
        probability: 0.587020576
        value: "party"
    mood_relaxed:
        all:
            not_relaxed: 0.878984749317
            relaxed: 0.121015243232
        probability: 0.878984749317
        value: "not_relaxed"
    mood_sad:
        all:
            not_sad: 0.606824636459
            sad: 0.393175393343
        probability: 0.606824636459
        value: "not_sad"
    rhythm:
        all:
            fast: 0.906106770039
            medium: 0.0704515427351
            slow: 0.0234416741878
        probability: 0.906106770039
        value: "fast"
    speech_music:
        all:
            music: 0.99999409914
            speech: 5.92391506871e-06
        probability: 0.99999409914
        value: "music"
    timbre:
        all:
            bright: 0.96617102623
            dark: 0.0338289774954
        probability: 0.96617102623
        value: "bright"
    voice_instrumental:
        all:
            instrumental: 0.0114594949409
            voice: 0.988540530205
        probability: 0.988540530205
        value: "voice"

lowlevel:
    average_loudness: 0.944071531296
    barkbands_kurtosis:
        dmean: 0.868320763111
        dmean2: 1.41153311729
        dvar: 1.90675866604
        dvar2: 4.77649307251
        max: 9.77129459381
        mean: -0.346572488546
        min: -1.80665481091
        var: 2.73510456085
    barkbands_skewness:
        dmean: 0.412076413631
        dmean2: 0.628947079182
        dvar: 0.177692577243
        dvar2: 0.416091710329
        max: 2.86494874954
        mean: 0.430609107018
        min: -2.36860823631
        var: 0.684007823467
    barkbands_spread:
        dmean: 5.96318864822
        dmean2: 9.08891201019
        dvar: 36.8217506409
        dvar2: 79.5529327393
        max: 78.5558013916
        mean: 31.9599685669
        min: 6.11250400543
        var: 106.014137268
    dissonance:
        dmean: 0.0175434872508
        dmean2: 0.0287495218217
        dvar: 0.000323894171743
        dvar2: 0.000806108873803
        max: 0.499999910593
        mean: 0.465821594
        min: 0.304831504822
        var: 0.000653549970593
    hfc:
        dmean: 2.53905344009
        dmean2: 3.56086182594
        dvar: 18.3062496185
        dvar2: 39.881439209
        max: 40.7173042297
        mean: 6.03935480118
        min: 0.0385536253452
        var: 39.9793014526
    pitch:
        dmean: 406.407043457
        dmean2: 779.167053223
        dvar: 911422.6875
        dvar2: 2496294.5
        max: 4410
        mean: 480.086547852
        min: 73.9932861328
        var: 682991.9375
    pitch_instantaneous_confidence:
        dmean: 0.0875285491347
        dmean2: 0.14200425148
        dvar: 0.0061569288373
        dvar2: 0.0138589665294
        max: 0.817083954811
        mean: 0.39635553956
        min: 0.129388451576
        var: 0.0189581308514
    pitch_salience:
        dmean: 0.0591372214258
        dmean2: 0.0991474464536
        dvar: 0.00249133817852
        dvar2: 0.00652343407273
        max: 0.851198494434
        mean: 0.613988757133
        min: 0.374849170446
        var: 0.00616737129167
    silence_rate_20dB:
        dmean: 0
        dmean2: 0
        dvar: 0
        dvar2: 0
        max: 1
        mean: 1
        min: 1
        var: 0
    silence_rate_30dB:
        dmean: 0
        dmean2: 0
        dvar: 0
        dvar2: 0
        max: 1
        mean: 1
        min: 1
        var: 0
    silence_rate_60dB:
        dmean: 0.162790700793
        dmean2: 0.324009329081
        dvar: 0.136289864779
        dvar2: 0.293618291616
        max: 1
        mean: 0.512760996819
        min: 0
        var: 0.249837398529
    spectral_centroid:
        dmean: 287.12890625
        dmean2: 430.322601318
        dvar: 95249.96875
        dvar2: 184317.515625
        max: 4180.47460938
        mean: 1400.74938965
        min: 434.929351807
        var: 338394.8125
    spectral_complexity:
        dmean: 3.64335656166
        dmean2: 5.28271007538
        dvar: 20.2993583679
        dvar2: 34.3056716919
        max: 45
        mean: 12.7023258209
        min: 0
        var: 83.7207107544
    spectral_crest:
        dmean: 1.92163205147
        dmean2: 3.1684961319
        dvar: 3.83242797852
        dvar2: 10.6771631241
        max: 18.7580299377
        mean: 6.69085025787
        min: 2.68865132332
        var: 8.20562553406
    spectral_decrease:
        dmean: 3.07428749124e-10
        dmean2: 4.69769945166e-10
        dvar: 2.9870401818e-19
        dvar2: 7.17358686058e-19
        max: -5.99789749117e-12
        mean: -8.75994887739e-10
        min: -5.19020115775e-09
        var: 4.62571599454e-19
    spectral_energy:
        dmean: 0.00136381224729
        dmean2: 0.00205110269599
        dvar: 5.83973587709e-06
        dvar2: 1.37796250783e-05
        max: 0.0232822094113
        mean: 0.00385399372317
        min: 2.61343884631e-05
        var: 9.63089132711e-06
    spectral_energyband_high:
        dmean: 0.000194055566681
        dmean2: 0.000284801586531
        dvar: 1.69889318613e-07
        dvar2: 4.33197641314e-07
        max: 0.00349363544956
        mean: 0.000293494289508
        min: 2.67645691565e-06
        var: 2.16850480683e-07
    spectral_energyband_low:
        dmean: 0.000154639579705
        dmean2: 0.000249623961281
        dvar: 1.11376607492e-07
        dvar2: 2.98564486911e-07
        max: 0.00291640777141
        mean: 0.000291482167086
        min: 5.0029149179e-07
        var: 9.51158369844e-08
    spectral_energyband_middle_high:
        dmean: 0.000643862178549
        dmean2: 0.000902093946934
        dvar: 7.38658116006e-07
        dvar2: 1.47720538735e-06
        max: 0.00886576995254
        mean: 0.00169012881815
        min: 7.97411030362e-06
        var: 2.78935544884e-06
    spectral_energyband_middle_low:
        dmean: 0.000693103705999
        dmean2: 0.00113081117161
        dvar: 2.07091238735e-06
        dvar2: 5.53239624423e-06
        max: 0.0140408165753
        mean: 0.0015788768651
        min: 1.49835013872e-05
        var: 2.00239196602e-06
    spectral_flatness_db:
        dmean: 0.0177785158157
        dmean2: 0.0262448918074
        dvar: 0.000293886201689
        dvar2: 0.000539722095709
        max: 0.226069390774
        mean: 0.134817942977
        min: 0.0542418472469
        var: 0.00107741227839
    spectral_flux:
        dmean: 0.00842756219208
        dmean2: 0.0122369704768
        dvar: 0.000115145412565
        dvar2: 0.000191421699128
        max: 0.117689140141
        mean: 0.033340562135
        min: 0.00478671770543
        var: 0.000310655304929
    spectral_kurtosis:
        dmean: 1.41656303406
        dmean2: 2.12676668167
        dvar: 2.89782619476
        dvar2: 6.50708198547
        max: 18.4951972961
        mean: 3.68171262741
        min: -1.17385184765
        var: 5.95398759842
    spectral_rms:
        dmean: 0.000307196576614
        dmean2: 0.000438438175479
        dvar: 1.65794759255e-07
        dvar2: 3.57733540568e-07
        max: 0.00476595759392
        mean: 0.00181576481555
        min: 0.000159677685588
        var: 4.6299211931e-07
    spectral_rolloff:
        dmean: 602.578369141
        dmean2: 932.417663574
        dvar: 454443.34375
        dvar2: 945986.8125
        max: 8074.95117188
        mean: 2744.33105469
        min: 322.998046875
        var: 1362246.875
    spectral_skewness:
        dmean: 0.231124818325
        dmean2: 0.341318100691
        dvar: 0.0550163276494
        dvar2: 0.115632839501
        max: 3.46934151649
        mean: 1.50063955784
        min: 0.0597936473787
        var: 0.173158153892
    spectral_spread:
        dmean: 1021146.625
        dmean2: 1449499.25
        dvar: 1.53247298355e+12
        dvar2: 2.70366172774e+12
        max: 13928230
        mean: 5888951
        min: 2183558.5
        var: 5.78850390016e+12
    spectral_strongpeak:
        dmean: 0.459170490503
        dmean2: 0.806913614273
        dvar: 0.514215171337
        dvar2: 1.37219667435
        max: 4.38218259811
        mean: 0.571591794491
        min: 0.00734399491921
        var: 0.602459728718
    zerocrossingrate:
        dmean: 0.0117483427748
        dmean2: 0.0128048332408
        dvar: 0.000103820733784
        dvar2: 0.000119455806271
        max: 0.2021484375
        mean: 0.0855593681335
        min: 0.02490234375
        var: 0.00075337983435
    barkbands:
        dmean: [5.31887053512e-07, 7.58582609706e-05, 9.78419338935e-05, 7.61807823437e-05, 0.000385747262044, 0.000212675658986, 0.000143492827192, 0.000100762583315, 5.13118429808e-05, 3.91108042095e-05, 3.16435725836e-05, 7.17604198144e-05, 3.28602691297e-05, 5.72386634303e-05, 8.64187750267e-05, 0.000166224359418, 0.000186840916285, 0.000111182664114, 0.000159237883054, 0.000134118570713, 8.77558049979e-05, 3.35540535161e-05, 9.14148131415e-06, 4.48823857369e-06, 2.88812134386e-06, 2.06644642731e-07, 2.31938535045e-09]
        dmean2: [7.86356793014e-07, 0.000125336548081, 0.000169418228325, 0.00012579158647, 0.00063001079252, 0.000351185619365, 0.000226720570936, 0.000155341054779, 7.5879121141e-05, 6.13424126641e-05, 5.06856049469e-05, 0.000123225050629, 5.12969745614e-05, 9.21829705476e-05, 0.000133632143843, 0.000258215528447, 0.000278433406493, 0.000170800354681, 0.000250344688538, 0.000211697930354, 0.000135297697852, 4.81536299048e-05, 1.27638313643e-05, 6.54355017105e-06, 4.34080266132e-06, 2.92669369628e-07, 3.75589026547e-09]
        dvar: [3.14945552277e-12, 3.42015837873e-08, 5.06910957654e-08, 2.2384279319e-08, 5.07907543579e-07, 2.51396897966e-07, 1.29301895413e-07, 2.22934577465e-08, 5.85697312872e-09, 4.02606969985e-09, 3.30846949836e-09, 2.12550848033e-08, 3.04404368379e-09, 6.07788175344e-09, 1.71257621417e-08, 8.78171775298e-08, 8.19327965473e-08, 2.32018422253e-08, 7.05603255824e-08, 7.70254047211e-08, 3.58528531308e-08, 6.23591045468e-09, 3.88150372954e-10, 1.40784883751e-10, 3.0236639581e-11, 1.10007983896e-13, 2.95024818077e-17]
        dvar2: [6.61928194548e-12, 9.12602047265e-08, 1.45351251035e-07, 6.28817176107e-08, 1.39082089845e-06, 7.0973601396e-07, 3.31622970862e-07, 4.81317208312e-08, 1.24267405255e-08, 1.05380006943e-08, 8.41858405209e-09, 7.2587113209e-08, 7.88904941373e-09, 1.46113929844e-08, 3.6931353975e-08, 2.30833563819e-07, 1.7641745842e-07, 5.33710746708e-08, 1.64749934584e-07, 1.921889492e-07, 9.52406864485e-08, 1.18832854668e-08, 7.05848657301e-10, 2.61751426089e-10, 6.74772737685e-11, 2.0282960153e-13, 7.4437096586e-17]
        max: [1.8048525817e-05, 0.00189566484187, 0.00214772950858, 0.00131488661282, 0.00675044674426, 0.00485442019999, 0.00426664855331, 0.00203369022347, 0.000791413069237, 0.000746881472878, 0.000737871683668, 0.00168208486866, 0.000750125094783, 0.000731073261704, 0.00121922313701, 0.00302318390459, 0.00268597505055, 0.00132944912184, 0.00236116652377, 0.00233971187845, 0.00165615032893, 0.000806377502158, 0.000302570610074, 0.000184495569556, 6.68484426569e-05, 4.13488078266e-06, 5.69459110977e-08]
        mean: [4.69754382948e-07, 0.000119988610095, 0.000171038918779, 0.000122073906823, 0.000606100482401, 0.000333060888806, 0.000217575419811, 0.000182208241313, 0.000111274755909, 6.47195411148e-05, 4.8635967687e-05, 0.000126219078084, 5.79098159506e-05, 9.96164599201e-05, 0.000153225104441, 0.00027435075026, 0.000312387943268, 0.000197201385163, 0.000260684755631, 0.000190470585949, 0.000126121231006, 4.86102617288e-05, 1.59497958521e-05, 8.8938013505e-06, 4.90882348458e-06, 2.9839887361e-07, 2.343606198e-09]
        min: [2.48719031481e-11, 2.05439754097e-08, 4.79262041608e-07, 1.13404986735e-07, 2.62513049165e-06, 2.91451897283e-07, 5.72458588977e-07, 2.55750478573e-06, 1.21865321034e-06, 1.43161923916e-06, 2.04887612654e-07, 4.72242021488e-07, 3.283661556e-07, 3.21574475493e-07, 1.14737837009e-07, 1.31692161176e-07, 1.08360882223e-06, 1.68415579083e-06, 7.6450561437e-07, 1.06417724055e-06, 1.08953656763e-06, 3.44925553009e-07, 3.73200919057e-08, 5.05130941519e-08, 2.5726114572e-08, 9.12554476429e-10, 2.7202204031e-11]
        var: [3.37405472485e-12, 3.12609920172e-08, 4.55695428059e-08, 2.40072726143e-08, 5.06868900629e-07, 2.25085202032e-07, 1.41702187761e-07, 6.20949336394e-08, 1.78989374433e-08, 5.0170148036e-09, 6.88809098648e-09, 5.8862010377e-08, 4.9171435812e-09, 1.31841009221e-08, 4.0505543808e-08, 1.62755185329e-07, 1.72318792124e-07, 4.72157601905e-08, 1.19167751222e-07, 9.40794606663e-08, 4.10348306445e-08, 9.64582991259e-09, 1.11895381849e-09, 5.63684598998e-10, 8.97296334457e-11, 2.83473223193e-13, 2.83732743924e-17]
    mfcc:
        mean: [-713.793395996, 109.234611511, -36.2041091919, 48.7215118408, -4.4197845459, -2.78965091705, -8.38491249084, -6.46407318115, -1.95945262909, -4.4260020256, -3.84639525414, -5.17960214615, -3.77018022537]
        cov: [[2753.21191406, -675.697631836, -375.600219727, 55.0388946533, 4.71856832504, -20.6665325165, -88.7190933228, -183.937149048, -32.3141326904, -50.9057846069, -76.0782546997, 13.141828537, 72.1704788208], [-675.697631836, 900.119506836, -347.704864502, 95.915512085, -30.1739826202, -44.9893264771, 48.4460716248, 78.2968292236, -17.8571090698, 4.14269065857, -21.6659069061, -15.6503391266, 32.0300521851], [-375.600219727, -347.704864502, 755.646057129, -132.971420288, 85.0363769531, 40.474521637, 9.82747173309, 33.6463851929, 6.01015758514, 34.2759208679, 70.0390319824, 4.43623447418, -32.9402122498], [55.0388946533, 95.915512085, -132.971420288, 253.800018311, 3.54890227318, -34.5729141235, -57.3625907898, -8.51626873016, -8.83270549774, -22.1892738342, -32.9506912231, -22.3197937012, -9.26020145416], [4.71856832504, -30.1739826202, 85.0363769531, 3.54890227318, 133.390914917, 41.5632858276, 9.46816635132, -7.78413200378, 27.2446098328, 26.2509841919, -3.7925093174, 15.0575532913, -4.76401138306], [-20.6665325165, -44.9893264771, 40.474521637, -34.5729141235, 41.5632858276, 90.8778381348, 40.8397254944, 2.20409107208, 10.5198020935, 21.9424877167, 11.1432886124, 10.3895015717, 6.8956451416], [-88.7190933228, 48.4460716248, 9.82747173309, -57.3625907898, 9.46816635132, 40.8397254944, 127.376708984, 45.83228302, 26.4694786072, 17.7965145111, 27.7043170929, 25.5143756866, 14.1011781693], [-183.937149048, 78.2968292236, 33.6463851929, -8.51626873016, -7.78413200378, 2.20409107208, 45.83228302, 95.7601470947, 31.3582363129, 15.0047454834, 10.6727352142, 5.97903823853, 9.9292383194], [-32.3141326904, -17.8571090698, 6.01015758514, -8.83270549774, 27.2446098328, 10.5198020935, 26.4694786072, 31.3582363129, 79.1586380005, 29.2034854889, -3.19645524025, 9.8991651535, -5.93527364731], [-50.9057846069, 4.14269065857, 34.2759208679, -22.1892738342, 26.2509841919, 21.9424877167, 17.7965145111, 15.0047454834, 29.2034854889, 65.6170501709, 20.6665782928, -1.73843359947, -2.85059046745], [-76.0782546997, -21.6659069061, 70.0390319824, -32.9506912231, -3.7925093174, 11.1432886124, 27.7043170929, 10.6727352142, -3.19645524025, 20.6665782928, 72.5663909912, 20.6814632416, 0.841730237007], [13.141828537, -15.6503391266, 4.43623447418, -22.3197937012, 15.0575532913, 10.3895015717, 25.5143756866, 5.97903823853, 9.8991651535, -1.73843359947, 20.6814632416, 59.653213501, 23.4013004303], [72.1704788208, 32.0300521851, -32.9402122498, -9.26020145416, -4.76401138306, 6.8956451416, 14.1011781693, 9.9292383194, -5.93527364731, -2.85059046745, 0.841730237007, 23.4013004303, 65.3178482056]]
        icov: [[0.000744291523006, 0.000887798203621, 0.000708744162694, -6.16006145719e-05, -0.000556023325771, 0.000665534404106, -0.000313072290737, 0.000510713027325, 0.000385555496905, -0.000178891656105, 0.000210929560126, 0.000410058943089, -0.00115230178926], [0.000887798203621, 0.0028523390647, 0.00176797213499, -0.000307050213451, -0.00152145233005, 0.00191713310778, -0.00116854417138, -0.00136266672052, 0.00215222407132, -0.00101008161437, 0.000281075161183, 0.0011569961207, -0.00165217393078], [0.000708744162694, 0.00176797213499, 0.00310677825473, 0.000937727279961, -0.0026564009022, 0.000986734754406, 0.000358226126991, -0.00190956634469, 0.00167469982989, 4.85835189465e-05, -0.00180037098471, 0.00146171252709, -0.000381512742024], [-6.16006145719e-05, -0.000307050213451, 0.000937727279961, 0.0053947083652, -0.00170946179423, 0.000692801608238, 0.00235970877111, -0.00133717234712, -5.14954481332e-05, 0.00161275023129, -0.00034131432767, 0.00126838067081, 0.00056805316126], [-0.000556023325771, -0.00152145233005, -0.0026564009022, -0.00170946179423, 0.0128989610821, -0.00526596372947, 0.00033569498919, 0.00332779693417, -0.00346200563945, -0.00352507364005, 0.00393436988816, -0.00523191923276, 0.00205212924629], [0.000665534404106, 0.00191713310778, 0.000986734754406, 0.000692801608238, -0.00526596372947, 0.0174958650023, -0.00583705166355, 0.00123458111193, 0.00266222213395, -0.00374668394215, 0.000493933097459, 0.00154128472786, -0.00271845562384], [-0.000313072290737, -0.00116854417138, 0.000358226126991, 0.00235970877111, 0.00033569498919, -0.00583705166355, 0.0143716530874, -0.00515673309565, -0.00276030739769, 0.00190053170081, -0.00372818973847, -0.00247930106707, 0.000524522271007], [0.000510713027325, -0.00136266672052, -0.00190956634469, -0.00133717234712, 0.00332779693417, 0.00123458111193, -0.00515673309565, 0.0185559559613, -0.00724969385192, -0.000518642831594, 0.000161398114869, 0.0010467361426, -0.00370227103122], [0.000385555496905, 0.00215222407132, 0.00167469982989, -5.14954481332e-05, -0.00346200563945, 0.00266222213395, -0.00276030739769, -0.00724969385192, 0.022522713989, -0.00973041541874, 0.00607663858682, -0.00498470384628, 0.00384975923225], [-0.000178891656105, -0.00101008161437, 4.85835189465e-05, 0.00161275023129, -0.00352507364005, -0.00374668394215, 0.00190053170081, -0.000518642831594, -0.00973041541874, 0.0255317986012, -0.00990262348205, 0.00757674267516, -0.00160372036044], [0.000210929560126, 0.000281075161183, -0.00180037098471, -0.00034131432767, 0.00393436988816, 0.000493933097459, -0.00372818973847, 0.000161398114869, 0.00607663858682, -0.00990262348205, 0.023094503209, -0.00998176820576, 0.00308646005578], [0.000410058943089, 0.0011569961207, 0.00146171252709, 0.00126838067081, -0.00523191923276, 0.00154128472786, -0.00247930106707, 0.0010467361426, -0.00498470384628, 0.00757674267516, -0.00998176820576, 0.0278816521168, -0.0102544082329], [-0.00115230178926, -0.00165217393078, -0.000381512742024, 0.00056805316126, 0.00205212924629, -0.00271845562384, 0.000524522271007, -0.00370227103122, 0.00384975923225, -0.00160372036044, 0.00308646005578, -0.0102544082329, 0.0220813639462]]
    spectral_contrast:
        mean: [1.22657354495e-07, -3.39421603712e-07, 3.10134737447e-07, 5.04958791225e-07, 1.6633853761e-07, -2.78894304984e-07, -2.66425831796e-06, -2.74143235401e-06, -7.87751616826e-07, 1.74073284143e-06, -8.78821992956e-08, -2.36533401221e-06]
        var: [0.000364993553376, 0.00100436958019, 0.0013936086325, 0.00169939920306, 0.0035016015172, 0.00575048523024, 0.0589095167816, 0.0810456126928, 0.131937265396, 0.343657851219, 0.585084080696, 1.53746283054]

rhythm:
    beats_loudness:
        dmean: 0.00860206782818
        dmean2: 0.017181282863
        dvar: 5.60967828278e-06
        dvar2: 1.27220100694e-05
        max: 0.0141719793901
        mean: 0.00733376527205
        min: 0.000728962244466
        var: 2.15421623579e-05
    beats_loudness_bass:
        dmean: 0.236201688647
        dmean2: 0.494519531727
        dvar: 0.0195955894887
        dvar2: 0.0545331686735
        max: 0.432424724102
        mean: 0.134472921491
        min: 0.00853512156755
        var: 0.0229690913111
    bpm: 100.723274231
    bpm_confidence: 0
    first_peak_bpm: 101
    first_peak_spread: 0
    first_peak_weight: 0.9375
    onset_rate: 4.91042232513
    second_peak_bpm: 94
    second_peak_spread: 0
    second_peak_weight: 0.0625
    beats_position: [0.271722376347, 0.868717730045, 1.46571302414, 2.06270837784, 2.65970349312, 3.25669884682, 3.85369420052, 4.45068979263, 5.04768514633, 5.64468050003, 6.28587865829, 6.88014221191, 7.47440624237, 8.06866931915, 8.66293334961, 9.25719833374, 9.85146141052]
    bpm_estimates: [100.522689819, 100.454795837, 100.551040649, 100.471565247, 100.52519989, 100.421531677, 100.423568726, 100.410331726, 100.50692749, 100.746307373, 100.365203857, 101.195617676, 100.866760254, 100.827865601, 101.060752869, 101.528152466, 101.742012024, 100.110939026, 101.01084137]
    bpm_intervals: [0.596995353699, 0.596995294094, 0.596995353699, 0.59699511528, 0.596995353699, 0.596995353699, 0.596995592117, 0.596995353699, 0.596995353699, 0.641198158264, 0.594263553619, 0.594264030457, 0.594263076782, 0.594264030457, 0.594264984131, 0.594263076782]
    onset_times: [0.0464399084449, 0.162539675832, 0.31346938014, 0.452789127827, 0.580498874187, 0.684988677502, 0.870748281479, 1.19582772255, 1.35836732388, 1.47446715832, 1.66022670269, 1.78793644905, 1.96208620071, 2.08979582787, 2.56580495834, 2.70512461662, 2.84444451332, 2.9837641716, 3.25079369545, 3.58748292923, 3.87773251534, 4.07510185242, 4.19120168686, 4.46984148026, 4.94585037231, 5.0967798233, 5.25931978226, 5.38702964783, 5.56117916107, 5.65405893326, 5.87464857101, 6.28099775314, 6.47836732864, 6.59446716309, 6.88471651077, 7.22140598297, 7.36072540283, 7.51165533066, 7.65097522736, 7.77868461609, 7.95283460617, 8.06893444061, 8.38240337372, 8.66104316711, 8.75392246246, 9.02095222473, 9.29959201813, 9.61306095123, 9.77560043335]
    rubato_start: []
    rubato_stop: []
    perceptual_tempo: "unknown"

sfx:
    inharmonicity:
        dmean: 0.0396912544966
        dmean2: 0.0704373568296
        dvar: 0.00225145299919
        dvar2: 0.00604615639895
        max: 0.29228952527
        mean: 0.0458940640092
        min: 2.20565580094e-05
        var: 0.00259806960821
    oddtoevenharmonicenergyratio:
        dmean: 2.34755897522
        dmean2: 4.49824094772
        dvar: 83.1652374268
        dvar2: 245.971206665
        max: 98.3797836304
        mean: 1.58309721947
        min: 0.000441686745035
        var: 43.7551727295
    pitch_after_max_to_before_max_energy_ratio: 5.75280237198
    pitch_centroid: 215.27204895
    pitch_max_to_total: 0.197674423456
    pitch_min_to_total: 0.99534881115
    tristimulus:
        dmean: [0.173874184489, 0.196609690785, 0.105252720416]
        dmean2: [0.298345535994, 0.338847368956, 0.186830580235]
        dvar: [0.0238780323416, 0.0299577899277, 0.0107133146375]
        dvar2: [0.0644582733512, 0.0841035097837, 0.0286807119846]
        max: [0.941882073879, 0.991904973984, 0.567475616932]
        mean: [0.39919936657, 0.444545269012, 0.121258862317]
        min: [0.00809499621391, 0, 0]
        var: [0.0455073155463, 0.0443461984396, 0.0143934534863]

tonal:
    chords_changes_rate: 0.0833333358169
    chords_number_rate: 0.037037037313
    chords_strength:
        dmean: 0.00972945615649
        dmean2: 0.00973804201931
        dvar: 6.45087202429e-05
        dvar2: 7.67349556554e-05
        max: 0.635752618313
        mean: 0.498830646276
        min: 0.32014015317
        var: 0.00377815379761
    key_strength: 0.750071108341
    tuning_diatonic_strength: 0.639036118984
    tuning_equal_tempered_deviation: 0.164609000087
    tuning_frequency: 443.828887939
    tuning_nontempered_energy_ratio: 0.807424843311
    hpcp:
        dmean: [0.196208432317, 0.159323379397, 0.124332785606, 0.142995476723, 0.131153926253, 0.149299308658, 0.160143777728, 0.148537367582, 0.133876442909, 0.107810080051, 0.109358243644, 0.142831578851, 0.160089626908, 0.149007067084, 0.162896499038, 0.1563257128, 0.130716249347, 0.107359446585, 0.0882395729423, 0.0851783677936, 0.158186763525, 0.173061296344, 0.107908301055, 0.0862151309848, 0.0790841802955, 0.0636276528239, 0.0913240015507, 0.090819850564, 0.0638867765665, 0.0679488331079, 0.0688730701804, 0.0869907811284, 0.147287577391, 0.152507260442, 0.17185536027, 0.202899903059]
        dmean2: [0.327006816864, 0.281936138868, 0.222944185138, 0.252579212189, 0.229124829173, 0.245799377561, 0.264156401157, 0.257143735886, 0.234026670456, 0.193545877934, 0.200109496713, 0.251838564873, 0.282405436039, 0.258137494326, 0.2815066576, 0.2625233531, 0.228522673249, 0.182325914502, 0.146405026317, 0.155690863729, 0.270279616117, 0.282410174608, 0.177240818739, 0.1439139992, 0.139627590775, 0.105886079371, 0.143300160766, 0.145213782787, 0.106309644878, 0.108499035239, 0.109630316496, 0.139747902751, 0.258616238832, 0.263016164303, 0.30104213953, 0.344560116529]
        dvar: [0.0380547903478, 0.0350311473012, 0.0346229746938, 0.0490660630167, 0.0447344630957, 0.0450823158026, 0.0462815389037, 0.0383980050683, 0.040766235441, 0.0249711442739, 0.0390529260039, 0.0440963283181, 0.0567324198782, 0.0367688424885, 0.037816863507, 0.0358938202262, 0.0205683670938, 0.018146796152, 0.0180572159588, 0.012739780359, 0.0307156238705, 0.0320129133761, 0.0134219210595, 0.0165023487061, 0.0232090670615, 0.0123442187905, 0.014584409073, 0.0182890836149, 0.0105667132884, 0.0193725675344, 0.0139538934454, 0.0108042415231, 0.0300322547555, 0.0349623076618, 0.0357757285237, 0.0438942871988]
        dvar2: [0.0840158909559, 0.098968796432, 0.0914835259318, 0.139070898294, 0.123591184616, 0.112818710506, 0.108835823834, 0.097692027688, 0.111518353224, 0.0713817775249, 0.119841150939, 0.12353785336, 0.132626548409, 0.0877402946353, 0.0867741927505, 0.0869936347008, 0.0577340126038, 0.0500229410827, 0.0503072030842, 0.0369463637471, 0.0790370777249, 0.0673089921474, 0.0364929065108, 0.0416284315288, 0.0637638866901, 0.0332715474069, 0.0364868231118, 0.0448619015515, 0.0270393248647, 0.050309240818, 0.0365010052919, 0.0243183895946, 0.07929725945, 0.0918214395642, 0.0975619703531, 0.0970476567745]
        max: [1, 1, 1, 1, 1, 1, 1, 1, 1, 0.9939032197, 1, 1, 1, 1, 1, 1, 1, 1, 1, 0.750306069851, 1, 1, 1, 1, 1, 0.766475319862, 0.977927565575, 1, 0.805883288383, 1, 1, 0.892275512218, 1, 1, 1, 1]
        mean: [0.418685525656, 0.197630852461, 0.116100229323, 0.122956857085, 0.133475571871, 0.227326735854, 0.264578551054, 0.207058310509, 0.179788216949, 0.12941083312, 0.105162486434, 0.178519755602, 0.220348969102, 0.224334150553, 0.367810249329, 0.403356134892, 0.232357636094, 0.15362662077, 0.116437204182, 0.106738224626, 0.277306616306, 0.339284956455, 0.179784074426, 0.0947919785976, 0.0798711627722, 0.0731847807765, 0.13305567205, 0.144206508994, 0.0988665297627, 0.101937517524, 0.0939505919814, 0.135525643826, 0.225157961249, 0.212939277291, 0.245623484254, 0.435531795025]
        min: [0.0050056502223, 0.00682684173808, 0.00203362223692, 0.00119434355292, 0.00196180888452, 0.00412314198911, 0.00479821953923, 0.00477333506569, 0.00293775252067, 0.0015893697273, 0.00366960279644, 0.00279232487082, 0.00123095174786, 0.00347195495851, 0.00562772992998, 0.00478959782049, 0.00292808609083, 0.00149169645738, 0.00253335176967, 0.00485483696684, 0.00663753179833, 0.0065769306384, 0.00526574160904, 0.0016135298647, 0.00176569225732, 0.00207875506021, 0.00115688354708, 0.00165066344198, 0.00261860713363, 0.000788493722212, 0.00100060040131, 0.0024752644822, 0.00486594066024, 0.00357195432298, 0.00847535580397, 0.00675546377897]
        var: [0.101000204682, 0.0409796796739, 0.0295750163496, 0.0387388430536, 0.0381589606404, 0.0773002654314, 0.0885481908917, 0.0449609979987, 0.0448528118432, 0.0227009057999, 0.025186765939, 0.0473374165595, 0.0850687399507, 0.0582015775144, 0.104555569589, 0.124758966267, 0.0473354049027, 0.0383849367499, 0.0247012153268, 0.012066966854, 0.0543806068599, 0.0764206722379, 0.021633932367, 0.018622469157, 0.0185390152037, 0.0107066715136, 0.0226980224252, 0.0310139097273, 0.0153328347951, 0.0311308838427, 0.0168108996004, 0.0254315938801, 0.0587639957666, 0.0491107441485, 0.0450143404305, 0.113970659673]
    chords_histogram: [23.6111106873, 0, 19.9074077606, 20.8333339691, 17.5925922394, 0, 0, 0, 0, 4.16666650772, 7.40740728378, 0, 4.62962961197, 0, 0, 0.462962955236, 0, 0, 0, 0, 0, 0, 1.38888883591, 0]
    thpcp: [1, 0.961320221424, 0.453769057989, 0.266571193933, 0.282314300537, 0.306465744972, 0.521952092648, 0.607483923435, 0.475414901972, 0.412801593542, 0.297132909298, 0.241457656026, 0.409889131784, 0.505930840969, 0.515080988407, 0.844508349895, 0.926123261452, 0.533503293991, 0.352733433247, 0.267344892025, 0.24507561326, 0.636708080769, 0.779013037682, 0.412792086601, 0.21764652431, 0.183387666941, 0.168035447598, 0.305501639843, 0.331104427576, 0.227001860738, 0.234052985907, 0.215714663267, 0.311172783375, 0.516972482204, 0.488917857409, 0.563962221146]
    chords_key: "D"
    chords_scale: "major"
    key_key: "D"
    key_scale: "major"
    chords_progression: ["D", "C#", "C#", "D", "D", "D", "D", "C#", "C#", "C#", "C#", "C#", "C#", "C#", "C#", "C#", "C#", "C#", "C#", "C#", "C#", "C#m", "C#m", "C#m", "C#m", "C#m", "C#m", "C#m", "C#m", "C#m", "C#m", "C#m", "C#m", "C#m", "C#m", "C#m", "C#m", "C#m", "C#m", "C#m", "C#m", "G#", "G#", "G#", "G#", "G#", "G#", "G#", "G#", "G#", "G#", "A", "A", "A", "A", "A", "A", "A", "A", "A", "A", "A", "A", "A", "A", "A", "A", "A", "A", "A", "A", "A", "A", "A", "A", "A", "A", "A", "A", "A", "A", "A", "A", "A", "A", "C#m", "C#m", "C#m", "C#m", "C#m", "C#m", "C#m", "C#m", "C#m", "C#m", "A", "A", "A", "A", "A", "A", "A#m", "A#m", "A#m", "A#m", "A#m", "A#m", "A#m", "A#m", "A#m", "C#m", "C#m", "C#m", "C#m", "C#m", "C#m", "C#m", "C#m", "C#m", "C#m", "C#m", "C#m", "C#m", "C#m", "A", "C#m", "A", "A", "E", "E", "E", "E", "E", "E", "E", "E", "E", "E", "E", "E", "E", "E", "E", "E", "E", "E", "E", "E", "E", "E", "E", "E", "E", "E", "E", "E", "E", "E", "E", "E", "Gm", "E", "E", "E", "E", "E", "E", "G", "G", "G", "D", "D", "D", "D", "D", "D", "D", "D", "D", "D", "D", "D", "D", "D", "D", "D", "D", "D", "D", "D", "D", "D", "D", "D", "D", "D", "D", "D", "D", "D", "D", "D", "D", "D", "D", "D", "D", "D", "D", "D", "D", "D", "D", "D", "D", "D"]
