
metadata:
    version:
        essentia: "1.2.2"
    audio_properties:
        analysis_sample_rate: 44100
        bitrate: 128
        channels: 2
        equal_loudness: 1
        length: 10.0048980713
        replay_gain: -12.2250499725
        downmix: "mix"
    tags:
        track: 8
        year: 0
        album: "Splitted by Mp3Splt v. 2.1"
        artist: "From 001.10 To 001.20"
        comment: "http://mp3splt.sf.net"
        genre: ""
        title: "09 Le Ballade de Saint Etienne"

highlevel:
    ballroom:
        all:
            ChaChaCha: 0.0614855960011
            Jive: 0.064513862133
            Quickstep: 0.0385728403926
            Rumba-American: 0.0143011622131
            Rumba-International: 0.543558955193
            Rumba-Misc: 0.0992550700903
            Samba: 0.107085481286
            Tango: 0.00742989452556
            VienneseWaltz: 0.0298919416964
            Waltz: 0.033905223012
        probability: 0.543558955193
        value: "Rumba-International"
    culture:
        all:
            non_western: 0.246808499098
            western: 0.7531914711
        probability: 0.7531914711
        value: "western"
    gender:
        all:
            female: 0.174646005034
            male: 0.825353980064
        probability: 0.825353980064
        value: "male"
    genre_dortmund:
        all:
            alternative: 0.173183619976
            blues: 0.0198449026793
            electronic: 0.112454161048
            folkcountry: 0.149671748281
            funksoulrnb: 0.0494962893426
            jazz: 0.211059764028
            pop: 0.0931409299374
            raphiphop: 0.00480756070465
            rock: 0.186341002584
        probability: 0.211059764028
        value: "jazz"
    genre_electronica:
        all:
            ambient: 0.258561789989
            dnb: 0.11644244194
            house: 0.294884413481
            techno: 0.0414373539388
            trance: 0.288673996925
        probability: 0.294884413481
        value: "house"
    genre_rosamerica:
        all:
            cla: 0.0363438539207
            dan: 0.263454049826
            hip: 0.0284662768245
            jaz: 0.0349737554789
            pop: 0.141547620296
            rhy: 0.22057326138
            roc: 0.25863212347
            spe: 0.016009055078
        probability: 0.263454049826
        value: "dan"
    genre_tzanetakis:
        all:
            blu: 0.0118119465187
            cla: 0.0098704341799
            cou: 0.0413010120392
            dis: 0.0350882448256
            hip: 0.012195632793
            jaz: 0.0116036310792
            met: 0.015894299373
            pop: 0.416758745909
            reg: 0.0848701074719
            roc: 0.360605925322
        probability: 0.416758745909
        value: "pop"
    live_studio:
        all:
            live: 0.932813465595
            studio: 0.0671865567565
        probability: 0.932813465595
        value: "live"
    mood:
        all:
            Cluster1: 0.146085008979
            Cluster2: 0.126106068492
            Cluster3: 0.605917394161
            Cluster4: 0.0580322854221
            Cluster5: 0.0638592392206
        probability: 0.605917394161
        value: "Cluster3"
    mood_acoustic:
        all:
            acoustic: 0.457100331783
            not_acoustic: 0.542899668217
        probability: 0.542899668217
        value: "not_acoustic"
    mood_aggressive:
        all:
            aggressive: 0.00318113365211
            not_aggressive: 0.996818840504
        probability: 0.996818840504
        value: "not_aggressive"
    mood_electronic:
        all:
            electronic: 0.186893478036
            not_electronic: 0.813106536865
        probability: 0.813106536865
        value: "not_electronic"
    mood_happy:
        all:
            happy: 0.197900682688
            not_happy: 0.802099347115
        probability: 0.802099347115
        value: "not_happy"
    mood_party:
        all:
            not_party: 0.892999112606
            party: 0.107000909746
        probability: 0.892999112606
        value: "not_party"
    mood_relaxed:
        all:
            not_relaxed: 0.0885831713676
            relaxed: 0.911416828632
        probability: 0.911416828632
        value: "relaxed"
    mood_sad:
        all:
            not_sad: 0.220515996218
            sad: 0.77948397398
        probability: 0.77948397398
        value: "sad"
    rhythm:
        all:
            fast: 0.178613305092
            medium: 0.271841943264
            slow: 0.549544751644
        probability: 0.549544751644
        value: "slow"
    speech_music:
        all:
            music: 0.998669862747
            speech: 0.0013301075669
        probability: 0.998669862747
        value: "music"
    timbre:
        all:
            bright: 0.0858359113336
            dark: 0.914164066315
        probability: 0.914164066315
        value: "dark"
    voice_instrumental:
        all:
            instrumental: 0.808313190937
            voice: 0.191686809063
        probability: 0.808313190937
        value: "instrumental"

lowlevel:
    average_loudness: 0.922388732433
    barkbands_kurtosis:
        dmean: 2.69367694855
        dmean2: 4.44200563431
        dvar: 16.7365875244
        dvar2: 40.7737884521
        max: 43.6959381104
        mean: 4.14179706573
        min: -1.86044406891
        var: 47.3825874329
    barkbands_skewness:
        dmean: 0.562099695206
        dmean2: 0.856433451176
        dvar: 0.367440313101
        dvar2: 0.744139492512
        max: 6.38756895065
        mean: 1.66680550575
        min: -1.84063208103
        var: 2.01490974426
    barkbands_spread:
        dmean: 5.91281843185
        dmean2: 8.82720947266
        dvar: 37.9838523865
        dvar2: 70.3273391724
        max: 56.1442108154
        mean: 22.7161178589
        min: 3.36243104935
        var: 158.615386963
    dissonance:
        dmean: 0.0199869405478
        dmean2: 0.0313117392361
        dvar: 0.00029981447733
        dvar2: 0.00069586338941
        max: 0.498197436333
        mean: 0.447814315557
        min: 0.296390414238
        var: 0.000728463986889
    hfc:
        dmean: 0.999938070774
        dmean2: 1.39059472084
        dvar: 2.21367430687
        dvar2: 4.23177862167
        max: 15.9214859009
        mean: 2.59156990051
        min: 0.0067302454263
        var: 6.16798496246
    pitch:
        dmean: 373.505493164
        dmean2: 725.895629883
        dvar: 1034610.625
        dvar2: 2190816.75
        max: 5512.5
        mean: 704.829101562
        min: 73.6227035522
        var: 1615817.375
    pitch_instantaneous_confidence:
        dmean: 0.0799292176962
        dmean2: 0.126094788313
        dvar: 0.00539293047041
        dvar2: 0.0119429612532
        max: 0.878468394279
        mean: 0.46394315362
        min: 0.135676443577
        var: 0.0276325233281
    pitch_salience:
        dmean: 0.0653421953321
        dmean2: 0.105769500136
        dvar: 0.00443175947294
        dvar2: 0.00889995787293
        max: 0.808489620686
        mean: 0.549075365067
        min: 0.1280207932
        var: 0.0207606218755
    silence_rate_20dB:
        dmean: 0
        dmean2: 0
        dvar: 0
        dvar2: 0
        max: 1
        mean: 1
        min: 1
        var: 0
    silence_rate_30dB:
        dmean: 0
        dmean2: 0
        dvar: 0
        dvar2: 0
        max: 1
        mean: 1
        min: 1
        var: 0
    silence_rate_60dB:
        dmean: 0.0696055665612
        dmean2: 0.139534890652
        dvar: 0.0647604912519
        dvar2: 0.134018450975
        max: 1
        mean: 0.532407402992
        min: 0
        var: 0.248949214816
    spectral_centroid:
        dmean: 258.333526611
        dmean2: 367.23626709
        dvar: 134622.75
        dvar2: 223947.75
        max: 4897.18994141
        mean: 981.438964844
        min: 264.121948242
        var: 555441.25
    spectral_complexity:
        dmean: 1.91395354271
        dmean2: 2.9347319603
        dvar: 6.46933317184
        dvar2: 12.0143766403
        max: 29
        mean: 5.93967533112
        min: 0
        var: 18.2747554779
    spectral_crest:
        dmean: 2.38889694214
        dmean2: 3.77774429321
        dvar: 6.28519535065
        dvar2: 13.3380670547
        max: 25.7379074097
        mean: 11.1996870041
        min: 2.82053160667
        var: 36.0197868347
    spectral_decrease:
        dmean: 3.26960347685e-10
        dmean2: 5.2576676346e-10
        dvar: 2.61849528825e-19
        dvar2: 6.79087055368e-19
        max: -1.67721912747e-12
        mean: -8.74640804227e-10
        min: -4.57964333123e-09
        var: 6.64746586979e-19
    spectral_energy:
        dmean: 0.00130199000705
        dmean2: 0.00207563233562
        dvar: 3.8537968976e-06
        dvar2: 9.94700803858e-06
        max: 0.0178280714899
        mean: 0.00353616056964
        min: 6.9406246439e-06
        var: 1.0169496818e-05
    spectral_energyband_high:
        dmean: 0.000100152697996
        dmean2: 0.000136040034704
        dvar: 3.9589860279e-08
        dvar2: 8.1903095861e-08
        max: 0.00252845860086
        mean: 0.000145246958709
        min: 1.74909146722e-07
        var: 8.44548253554e-08
    spectral_energyband_low:
        dmean: 0.000295149482554
        dmean2: 0.000539190135896
        dvar: 1.42502153722e-06
        dvar2: 4.10211487178e-06
        max: 0.0120171327144
        mean: 0.000307172711473
        min: 2.54850149872e-08
        var: 8.67492360612e-07
    spectral_energyband_middle_high:
        dmean: 0.00015173794236
        dmean2: 0.000213735271245
        dvar: 6.50130047575e-08
        dvar2: 1.28023472712e-07
        max: 0.00247746729292
        mean: 0.000422878889367
        min: 2.01612829187e-06
        var: 1.4063324727e-07
    spectral_energyband_middle_low:
        dmean: 0.000996057409793
        dmean2: 0.00161390344147
        dvar: 2.13706994145e-06
        dvar2: 5.64662786928e-06
        max: 0.0128649417311
        mean: 0.00266082608141
        min: 4.72198280477e-06
        var: 7.27658334654e-06
    spectral_flatness_db:
        dmean: 0.0206715855747
        dmean2: 0.0322703011334
        dvar: 0.000365257437807
        dvar2: 0.000807176809758
        max: 0.301876604557
        mean: 0.181251496077
        min: 0.103425018489
        var: 0.00162146554794
    spectral_flux:
        dmean: 0.00833054631948
        dmean2: 0.0129610244185
        dvar: 0.000121883545944
        dvar2: 0.000234554085182
        max: 0.111106432974
        mean: 0.0261689480394
        min: 0.00263450643979
        var: 0.000289700721623
    spectral_kurtosis:
        dmean: 1.66778934002
        dmean2: 2.56722164154
        dvar: 3.66216135025
        dvar2: 9.47260379791
        max: 16.953250885
        mean: 3.96992874146
        min: -0.601498603821
        var: 7.36954259872
    spectral_rms:
        dmean: 0.000304420944303
        dmean2: 0.000462853058707
        dvar: 1.31880000254e-07
        dvar2: 3.09489649908e-07
        max: 0.00417052023113
        mean: 0.00167004147079
        min: 8.22881629574e-05
        var: 6.60873581637e-07
    spectral_rolloff:
        dmean: 566.072692871
        dmean2: 879.045654297
        dvar: 610785.9375
        dvar2: 1159440.625
        max: 6998.29101562
        mean: 1779.7121582
        min: 172.265625
        var: 2287270.25
    spectral_skewness:
        dmean: 0.287179589272
        dmean2: 0.409290790558
        dvar: 0.0870430916548
        dvar2: 0.188642695546
        max: 3.26196670532
        mean: 1.54819965363
        min: 0.154066294432
        var: 0.291787952185
    spectral_spread:
        dmean: 521733.875
        dmean2: 769637.75
        dvar: 422016417792
        dvar2: 820910555136
        max: 11097645
        mean: 4977581
        min: 2358484
        var: 2.24638428774e+12
    spectral_strongpeak:
        dmean: 0.144768446684
        dmean2: 0.242224574089
        dvar: 0.0905377939343
        dvar2: 0.254588156939
        max: 4.05220127106
        mean: 0.34366980195
        min: 0.0121418684721
        var: 0.0980258882046
    zerocrossingrate:
        dmean: 0.0119072496891
        dmean2: 0.0118917543441
        dvar: 0.000166354046087
        dvar2: 0.000136598871904
        max: 0.25146484375
        mean: 0.0617035701871
        min: 0.0126953125
        var: 0.00136335310526
    barkbands:
        dmean: [5.45077512015e-07, 5.19959721714e-05, 0.000259560620179, 0.000134268353577, 0.000846160401125, 0.000118876363558, 0.00010825242498, 3.99785822083e-05, 6.58120115986e-05, 2.56799739873e-05, 2.42191235884e-05, 6.05822879152e-06, 7.77646255301e-06, 9.10101971385e-06, 1.32739578476e-05, 2.29736961046e-05, 3.28735441144e-05, 3.506365465e-05, 4.86113749503e-05, 5.37143896508e-05, 4.04860074923e-05, 2.45886531047e-05, 4.57440683022e-06, 1.48220999563e-06, 1.34712979616e-06, 3.17877812961e-08, 2.19653781275e-10]
        dmean2: [8.02891520379e-07, 8.9271707111e-05, 0.000485630327603, 0.000243199596298, 0.00140996277332, 0.000177697977051, 0.00015987122606, 6.43084058538e-05, 9.54781498876e-05, 3.71110363631e-05, 4.09889726143e-05, 1.02204558061e-05, 1.29053541968e-05, 1.51790409291e-05, 2.21786012844e-05, 3.55060074071e-05, 5.39356587979e-05, 5.82950306125e-05, 7.35856738174e-05, 7.43866767152e-05, 5.70908778172e-05, 3.6499244743e-05, 6.65685047352e-06, 2.32220781982e-06, 2.29502325055e-06, 4.34502389624e-08, 3.42927158892e-10]
        dvar: [1.29303653288e-12, 1.1347247586e-08, 1.29410875616e-06, 1.32628883875e-07, 1.85101646366e-06, 3.81761786628e-08, 4.78435850937e-08, 3.35098437887e-09, 1.61127324816e-08, 2.83701728776e-09, 9.60444834774e-10, 1.33514421741e-10, 1.44214418185e-10, 1.32884550585e-10, 3.27159993541e-10, 2.37437869366e-09, 2.62399790785e-09, 4.62162264014e-09, 5.77571812599e-09, 1.58306328046e-08, 4.86026108248e-09, 5.16801046402e-09, 1.72851927216e-10, 3.90416414475e-11, 4.99926801345e-11, 2.04214120928e-14, 1.91502610205e-18]
        dvar2: [3.8637391897e-12, 3.10132328707e-08, 3.7696927393e-06, 3.82278415145e-07, 4.94463847645e-06, 5.83302330881e-08, 1.28621408635e-07, 7.91773935305e-09, 3.10575352103e-08, 4.50995418788e-09, 2.70820432746e-09, 3.75425135424e-10, 3.64267394026e-10, 3.37143285511e-10, 8.03654087722e-10, 6.05374950169e-09, 6.15545658889e-09, 1.14196874179e-08, 1.19490453088e-08, 2.92445676564e-08, 1.06591580007e-08, 1.28776624919e-08, 3.51520756947e-10, 7.81511869108e-11, 1.0192261618e-10, 3.21698234457e-14, 2.00381628938e-18]
        max: [1.14259401016e-05, 0.00102330499794, 0.0110674565658, 0.00380088202655, 0.0116769606248, 0.00356156285852, 0.0025069299154, 0.000637453282252, 0.00160634471104, 0.000949401350226, 0.000368187669665, 0.000112227040518, 0.000116225019156, 0.00011818180792, 0.000194752763491, 0.000667463056743, 0.000536852166988, 0.000609919719864, 0.000827742158435, 0.00179305614438, 0.000658343429677, 0.00133170175832, 0.000267905939836, 9.06230488908e-05, 0.000103090562334, 2.78695665656e-06, 2.84691648034e-08]
        mean: [9.72212433226e-07, 9.35123316594e-05, 0.000212724000448, 0.00016507600958, 0.00178023567423, 0.000294051395031, 0.000204476469662, 7.77182649472e-05, 0.000125841193949, 5.21604415553e-05, 3.54891308234e-05, 8.10159144748e-06, 1.42676854011e-05, 1.7609929273e-05, 2.22690832743e-05, 3.56286254828e-05, 6.37351113255e-05, 5.51549092052e-05, 9.32429902605e-05, 8.72439559316e-05, 5.30359211552e-05, 3.16909281537e-05, 6.91233344696e-06, 2.54833162217e-06, 2.41000452661e-06, 5.29132968552e-08, 2.1811188966e-10]
        min: [1.78667053374e-10, 5.41968692147e-09, 1.7280624931e-08, 2.01534930966e-08, 2.69546546861e-07, 2.23919499831e-07, 7.69157111336e-07, 1.93626806322e-06, 4.09022021586e-07, 1.66772196053e-07, 5.95459539454e-07, 5.39026601132e-08, 1.80109760439e-09, 1.34739996938e-08, 1.71707583263e-07, 3.17730041388e-07, 1.14281789365e-07, 2.46995046638e-08, 1.34766182214e-07, 1.6004359793e-07, 6.478401815e-08, 1.56228701087e-08, 2.28193126617e-08, 5.00910035672e-10, 1.6986737017e-10, 3.13591652645e-11, 6.41258024125e-15]
        var: [2.85610272412e-12, 1.46318379635e-08, 7.39982738196e-07, 1.11034530903e-07, 5.39614939044e-06, 2.06841249906e-07, 9.25933250073e-08, 9.54292023181e-09, 4.0216086461e-08, 8.78578809704e-09, 1.3215700756e-09, 1.19335499815e-10, 2.95926699811e-10, 2.72225936238e-10, 5.445779383e-10, 2.80341638792e-09, 4.53487247754e-09, 5.46541656377e-09, 1.35595108475e-08, 3.14087920117e-08, 8.83343176383e-09, 9.43798816877e-09, 4.15011164323e-10, 8.45231037938e-11, 1.05979766629e-10, 6.20924820349e-14, 1.96122413926e-18]
    mfcc:
        mean: [-765.466430664, 127.813194275, -27.5476322174, 58.4122276306, -17.4802589417, -13.0326137543, -12.3255376816, -2.90199613571, -4.6634812355, -5.68569660187, -7.7704834938, -11.4389648438, -4.73053693771]
        cov: [[2793.15844727, -878.823547363, 768.855285645, 35.0535354614, 72.1328353882, 119.298858643, 27.4489421844, -144.177398682, -47.1011009216, -183.969238281, -70.8489532471, -26.7584781647, -199.848129272], [-878.823547363, 1287.37744141, -180.079269409, 82.4550704956, 241.525344849, -50.8884315491, 139.35597229, 93.2562713623, 96.46459198, 196.625915527, 95.4967498779, 59.693862915, 66.2939758301], [768.855285645, -180.079269409, 486.749481201, 7.48056411743, 149.350906372, 18.4653053284, 49.2041969299, -36.9244995117, -21.7404575348, -58.9677581787, -19.5180931091, 4.2676615715, -53.0928039551], [35.0535354614, 82.4550704956, 7.48056411743, 285.31628418, 8.63031959534, 104.554832458, 38.8175239563, 68.351234436, 52.4972915649, 52.6448554993, 45.3785095215, 39.5147018433, 46.1474189758], [72.1328353882, 241.525344849, 149.350906372, 8.63031959534, 225.390823364, -21.1337757111, 62.8992462158, -2.19493174553, 4.77933883667, 22.8779964447, 19.3867855072, 16.2617225647, -14.8604631424], [119.298858643, -50.8884315491, 18.4653053284, 104.554832458, -21.1337757111, 154.67666626, 32.6847457886, 32.7390708923, 29.0562705994, 15.046210289, 30.8321647644, 26.3148918152, 29.0999946594], [27.4489421844, 139.35597229, 49.2041969299, 38.8175239563, 62.8992462158, 32.6847457886, 89.9333572388, 37.9990768433, 38.1158561707, 34.4183807373, 31.6088104248, 22.456161499, 12.6872997284], [-144.177398682, 93.2562713623, -36.9244995117, 68.351234436, -2.19493174553, 32.7390708923, 37.9990768433, 94.1227645874, 57.3909111023, 41.2163619995, 21.6102581024, 19.7360877991, 38.8207244873], [-47.1011009216, 96.46459198, -21.7404575348, 52.4972915649, 4.77933883667, 29.0562705994, 38.1158561707, 57.3909111023, 117.209205627, 73.2968597412, 36.0827865601, 8.28339862823, 37.649848938], [-183.969238281, 196.625915527, -58.9677581787, 52.6448554993, 22.8779964447, 15.046210289, 34.4183807373, 41.2163619995, 73.2968597412, 120.522491455, 68.686088562, 30.3629150391, 43.4910583496], [-70.8489532471, 95.4967498779, -19.5180931091, 45.3785095215, 19.3867855072, 30.8321647644, 31.6088104248, 21.6102581024, 36.0827865601, 68.686088562, 90.9825363159, 38.8833351135, 31.5658969879], [-26.7584781647, 59.693862915, 4.2676615715, 39.5147018433, 16.2617225647, 26.3148918152, 22.456161499, 19.7360877991, 8.28339862823, 30.3629150391, 38.8833351135, 70.0009155273, 34.7675437927], [-199.848129272, 66.2939758301, -53.0928039551, 46.1474189758, -14.8604631424, 29.0999946594, 12.6872997284, 38.8207244873, 37.649848938, 43.4910583496, 31.5658969879, 34.7675437927, 85.960395813]]
        icov: [[0.00103495933581, 0.000415953050833, -0.00120679393876, -0.000348761590431, 0.000291318487143, -0.000470279308502, -0.00046527563245, 0.00122353981715, -0.0011073743226, 0.000290666735964, 0.000164939207025, -0.000778294459451, 0.0018450882053], [0.000415953050833, 0.0019956168253, 0.000757690286264, -0.00042758116615, -0.00195331894793, 0.000603105057962, -0.00197754544206, 0.000272423581919, 8.15993844299e-05, -0.0019260578556, 0.000880105944816, -0.000511661928613, 0.000575011014007], [-0.00120679393876, 0.000757690286264, 0.00558334868401, -0.000101399193227, -0.0037889778614, 0.000449779385235, -0.00170449214056, -5.32510675839e-05, 0.000245919480221, 0.000882754393388, 0.00049198709894, -0.000287710601697, -0.00103734456934], [-0.000348761590431, -0.00042758116615, -0.000101399193227, 0.0057122213766, -0.000227020471357, -0.00310235377401, 0.00149910256732, -0.00321759842336, 0.000528157979716, -0.00100775680039, -0.000363108265446, -0.000363944098353, -0.000808369077276], [0.000291318487143, -0.00195331894793, -0.0037889778614, -0.000227020471357, 0.0101518323645, 0.00133646151517, -0.00314727728255, 0.00153171119746, 0.000584849913139, -0.000167843492818, -0.000689625099767, -0.000397569034249, 0.00128351221792], [-0.000470279308502, 0.000603105057962, 0.000449779385235, -0.00310235377401, 0.00133646151517, 0.0109336012974, -0.00386225734837, -0.000156650363351, -0.000360558595276, 0.00180499383714, -0.00219838833436, -0.000548677286133, -0.00217078183778], [-0.00046527563245, -0.00197754544206, -0.00170449214056, 0.00149910256732, -0.00314727728255, -0.00386225734837, 0.0232781432569, -0.00708442088217, -0.00274625932798, 0.00153007509653, -0.00377283385023, -0.00153220247012, 0.00154677743558], [0.00122353981715, 0.000272423581919, -5.32510675839e-05, -0.00321759842336, 0.00153171119746, -0.000156650363351, -0.00708442088217, 0.022336916998, -0.00803861394525, 0.00131306215189, 0.00308156502433, -0.00284159975126, -0.001520988415], [-0.0011073743226, 8.15993844299e-05, 0.000245919480221, 0.000528157979716, 0.000584849913139, -0.000360558595276, -0.00274625932798, -0.00803861394525, 0.0207568537444, -0.0116510884836, 0.00105601293035, 0.00674776360393, -0.00482377270237], [0.000290666735964, -0.0019260578556, 0.000882754393388, -0.00100775680039, -0.000167843492818, 0.00180499383714, 0.00153007509653, 0.00131306215189, -0.0116510884836, 0.0271970462054, -0.013223704882, -0.00163308321498, -0.00135210808367], [0.000164939207025, 0.000880105944816, 0.00049198709894, -0.000363108265446, -0.000689625099767, -0.00219838833436, -0.00377283385023, 0.00308156502433, 0.00105601293035, -0.013223704882, 0.0245882142335, -0.00730445235968, 0.00014682362962], [-0.000778294459451, -0.000511661928613, -0.000287710601697, -0.000363944098353, -0.000397569034249, -0.000548677286133, -0.00153220247012, -0.00284159975126, 0.00674776360393, -0.00163308321498, -0.00730445235968, 0.024799047038, -0.00924784131348], [0.0018450882053, 0.000575011014007, -0.00103734456934, -0.000808369077276, 0.00128351221792, -0.00217078183778, 0.00154677743558, -0.001520988415, -0.00482377270237, -0.00135210808367, 0.00014682362962, -0.00924784131348, 0.0231713689864]]
    spectral_contrast:
        mean: [2.51286394359e-07, 4.68824765676e-07, 1.555805762e-10, -1.08093921369e-07, 1.43479861325e-09, -8.21811170226e-08, -1.84798602731e-06, 2.17854289986e-06, 5.46882972685e-07, 2.01549437406e-06, -4.68415055366e-06, -1.02586375306e-06]
        var: [0.000416051450884, 0.000603548833169, 0.000687884108629, 0.00174416741356, 0.00251235347241, 0.00721227098256, 0.066174864769, 0.108778618276, 0.147001117468, 0.276627153158, 0.993991494179, 1.79014372826]

rhythm:
    beats_loudness:
        dmean: 0.0033194955904
        dmean2: 0.00566183123738
        dvar: 7.82007282396e-06
        dvar2: 2.01335478778e-05
        max: 0.0125663569197
        mean: 0.0052247075364
        min: 0.000535830040462
        var: 9.69050324784e-06
    beats_loudness_bass:
        dmean: 0.0932632982731
        dmean2: 0.143855407834
        dvar: 0.00442732172087
        dvar2: 0.0200291741639
        max: 0.291506141424
        mean: 0.105406373739
        min: 0.000651380745694
        var: 0.00586778949946
    bpm: 80.2552947998
    bpm_confidence: 0
    first_peak_bpm: 162
    first_peak_spread: 0
    first_peak_weight: 0.555555582047
    onset_rate: 4.59774827957
    second_peak_bpm: 80
    second_peak_spread: 0.125
    second_peak_weight: 0.388888895512
    beats_position: [0.162630483508, 0.910244703293, 1.65785884857, 2.40547323227, 3.15308737755, 3.90070152283, 4.64831542969, 5.39592981339, 6.1893529892, 6.5589261055, 6.92850065231, 7.29807376862, 7.66764783859, 8.03722190857, 8.40679645538, 8.77637004852, 9.14594364166, 9.5155172348, 9.88509082794]
    bpm_estimates: [80.2345962524, 80.2989501953, 80.2412643433, 80.246383667]
    bpm_intervals: [0.747614204884, 0.747614145279, 0.747614383698, 0.747614145279, 0.747614145279, 0.74761390686, 0.747614383698, 0.793423175812, 0.369573116302, 0.369574546814, 0.369573116302, 0.369574069977, 0.369574069977, 0.369574546814, 0.36957359314, 0.36957359314, 0.36957359314, 0.36957359314]
    onset_times: [0.0580498874187, 0.127709746361, 0.383129239082, 0.510838985443, 0.766258478165, 0.882358253002, 1.11455786228, 1.25387752056, 1.50929701328, 1.62539684772, 1.88081634045, 1.99691605568, 2.31038546562, 2.34521532059, 2.77478456497, 2.9837641716, 3.13469386101, 3.40172338486, 3.48299312592, 3.76163268089, 3.87773251534, 4.13315200806, 4.2492518425, 4.5046710968, 4.63238096237, 4.87619066238, 5.01551008224, 5.24770975113, 5.39863967896, 5.64244890213, 5.75854873657, 6.13006782532, 6.51319742203, 6.61768722534, 6.88471651077, 7.12852621078, 7.44199562073, 7.61614513397, 7.85995483398, 8.03410434723, 8.13859367371, 8.24308395386, 8.35918331146, 9.12544250488, 9.52018165588, 9.89170074463]
    rubato_start: [6.5589261055]
    rubato_stop: [6.92850065231]
    perceptual_tempo: "unknown"

sfx:
    inharmonicity:
        dmean: 0.031491085887
        dmean2: 0.0557284988463
        dvar: 0.00207608053461
        dvar2: 0.00537029514089
        max: 0.310577064753
        mean: 0.0320743396878
        min: 8.27360054245e-05
        var: 0.00240372726694
    oddtoevenharmonicenergyratio:
        dmean: 1.42171251774
        dmean2: 2.6804728508
        dvar: 8.56442451477
        dvar2: 24.9252986908
        max: 20.0041236877
        mean: 0.998161017895
        min: 0.000389001943404
        var: 5.38535070419
    pitch_after_max_to_before_max_energy_ratio: 0.389710605145
    pitch_centroid: 207.785369873
    pitch_max_to_total: 0.712296962738
    pitch_min_to_total: 0.0649651959538
    tristimulus:
        dmean: [0.196616217494, 0.204928442836, 0.0931356400251]
        dmean2: [0.339895248413, 0.362172573805, 0.160991549492]
        dvar: [0.0348011255264, 0.0357922837138, 0.0103224609047]
        dvar2: [0.0935087427497, 0.101957991719, 0.0291358735412]
        max: [0.941225767136, 0.960373520851, 0.771812140942]
        mean: [0.501573801041, 0.367438197136, 0.10760537535]
        min: [0.00403742678463, 0, 0]
        var: [0.0671094357967, 0.0534899123013, 0.0134274149314]

tonal:
    chords_changes_rate: 0.0322580635548
    chords_number_rate: 0.0276497695595
    chords_strength:
        dmean: 0.0076645500958
        dmean2: 0.00779984286055
        dvar: 5.63640860491e-05
        dvar2: 7.59121903684e-05
        max: 0.711211264133
        mean: 0.582245230675
        min: 0.414267271757
        var: 0.00568368146196
    key_strength: 0.584461987019
    tuning_diatonic_strength: 0.493136316538
    tuning_equal_tempered_deviation: 0.0532206259668
    tuning_frequency: 439.238189697
    tuning_nontempered_energy_ratio: 0.698810875416
    hpcp:
        dmean: [0.140107035637, 0.140409231186, 0.0924855619669, 0.0791967511177, 0.123583272099, 0.186794385314, 0.208572968841, 0.168279185891, 0.170356020331, 0.115148544312, 0.0902350917459, 0.0685831233859, 0.0593591444194, 0.0689368546009, 0.0937194153666, 0.1232348755, 0.126050814986, 0.0686462447047, 0.0387798473239, 0.0429650694132, 0.100317664444, 0.13518820703, 0.102309755981, 0.0536169297993, 0.0329345390201, 0.0341631770134, 0.0687609016895, 0.0848299637437, 0.0630466639996, 0.0558126717806, 0.0869495794177, 0.0785750225186, 0.058292299509, 0.0730912834406, 0.0793375074863, 0.10809892416]
        dmean2: [0.231566622853, 0.228195950389, 0.159085437655, 0.133683100343, 0.20623844862, 0.318225175142, 0.358448892832, 0.286022216082, 0.307801216841, 0.19619128108, 0.152564883232, 0.116559512913, 0.0977232083678, 0.118536286056, 0.159724354744, 0.210457757115, 0.201905697584, 0.111129045486, 0.0643839240074, 0.0717607289553, 0.171088278294, 0.217890202999, 0.160988286138, 0.0930504351854, 0.0517930313945, 0.0562738366425, 0.108132682741, 0.135132104158, 0.106209434569, 0.0950465723872, 0.137661725283, 0.127854332328, 0.0962353125215, 0.126896440983, 0.135497480631, 0.186599507928]
        dvar: [0.0448791496456, 0.050151206553, 0.0317968018353, 0.0209883172065, 0.0391434393823, 0.0474593155086, 0.0607479326427, 0.0359289906919, 0.0659342855215, 0.0402358993888, 0.0284172799438, 0.0210601259023, 0.0130722327158, 0.0177143346518, 0.0206404812634, 0.0360808223486, 0.0363023430109, 0.0142320515588, 0.00471926061437, 0.00492497440428, 0.0189127363265, 0.0331163667142, 0.0189194586128, 0.00942952279001, 0.00777224265039, 0.00536302896217, 0.0126703837886, 0.0186971761286, 0.00883535668254, 0.00909319613129, 0.0203895121813, 0.0235623270273, 0.0109338024631, 0.0247956439853, 0.0188452117145, 0.0329762846231]
        dvar2: [0.106756843626, 0.128358498216, 0.0815354511142, 0.0500221066177, 0.104441262782, 0.118557304144, 0.156687885523, 0.0978154018521, 0.192627429962, 0.112441413105, 0.0677586942911, 0.0552066937089, 0.0337133519351, 0.0498194620013, 0.0570845976472, 0.0941812172532, 0.0921978205442, 0.0357578881085, 0.0114326756448, 0.0130915828049, 0.0512636937201, 0.0709358155727, 0.0431494563818, 0.0245572030544, 0.0176752265543, 0.0145065793768, 0.0302014816552, 0.0478901751339, 0.0242771841586, 0.0255048889667, 0.0548371896148, 0.0646736845374, 0.0269318670034, 0.0676689073443, 0.0464766211808, 0.0834810137749]
        max: [1, 1, 1, 1, 1, 1, 1, 1, 1, 1, 1, 1, 0.927243351936, 0.916204988956, 1, 1, 1, 1, 0.524013757706, 0.435947179794, 0.752367317677, 1, 1, 0.612528324127, 1, 0.789280414581, 1, 1, 0.661834955215, 0.891157746315, 1, 1, 0.822012841702, 1, 0.902444243431, 1]
        mean: [0.227193236351, 0.180053889751, 0.0869119986892, 0.0751099213958, 0.133185595274, 0.347284913063, 0.470391303301, 0.292158603668, 0.171184316278, 0.165664359927, 0.100510269403, 0.0621491670609, 0.0661510154605, 0.0688559934497, 0.159249514341, 0.334615081549, 0.268607288599, 0.0868572518229, 0.0468158461154, 0.0431780144572, 0.146237924695, 0.280878901482, 0.193906381726, 0.0540200732648, 0.0324033424258, 0.0357063859701, 0.125298842788, 0.190551325679, 0.106119014323, 0.0739441290498, 0.133389204741, 0.108848720789, 0.062637090683, 0.0713488981128, 0.0849495753646, 0.1439165622]
        min: [0.000991110107861, 0.000598539598286, 0.000262823217781, 0.000470511469757, 0.000884395907633, 0.00255728675984, 0.00401389272884, 0.000926145061385, 0.000531678146217, 0.000546380935702, 0.000370219437173, 0.000512094702572, 0.000321256491588, 0.000422070530476, 0.000935248506721, 0.00183174328413, 0.00136656907853, 0.000547445379198, 0.000465624703793, 0.000465846474981, 0.000820761022624, 0.000960334436968, 0.000247429357842, 0, 0.000289731309749, 0.000350012793206, 0.000627351691946, 0.000644912652206, 0.000521633424796, 0.00160823622718, 0.000579987303354, 0.000774034298956, 6.27615518169e-05, 0.00160097458865, 0.000804934184998, 0.000970624620095]
        var: [0.0973081514239, 0.068179897964, 0.0273083373904, 0.0216630250216, 0.0429652631283, 0.0849536135793, 0.138500526547, 0.0685964748263, 0.0711558237672, 0.0823065638542, 0.0373945906758, 0.0174204558134, 0.0148152261972, 0.0146530307829, 0.0358227603137, 0.141415700316, 0.102058850229, 0.0161497425288, 0.00531243719161, 0.00488533033058, 0.0262713041157, 0.102829277515, 0.0535799078643, 0.00935596507043, 0.00779889384285, 0.00589017057791, 0.0410834662616, 0.0777906700969, 0.0198999941349, 0.011324364692, 0.0460097938776, 0.0330526009202, 0.0110318986699, 0.0187837146223, 0.0214597731829, 0.04412548244]
    chords_histogram: [38.7096786499, 8.29493045807, 41.4746551514, 3.22580647469, 0, 0, 0, 3.22580647469, 0, 0, 0, 0, 0, 0, 0, 0, 0, 0, 0, 0, 0, 0, 0, 5.0691242218]
    thpcp: [1, 0.621096968651, 0.363918960094, 0.352184146643, 0.213673740625, 0.132122263312, 0.14062975347, 0.146380245686, 0.338546901941, 0.711354732513, 0.571029424667, 0.184648931026, 0.0995253250003, 0.0917916968465, 0.310885697603, 0.597117543221, 0.412223577499, 0.114840716124, 0.0688859298825, 0.0759078338742, 0.266371518373, 0.405091077089, 0.225597307086, 0.157197058201, 0.283570736647, 0.231400370598, 0.133159548044, 0.151679888368, 0.180593416095, 0.305950731039, 0.482987761497, 0.382774710655, 0.184765323997, 0.159675404429, 0.283137887716, 0.738289415836]
    chords_key: "B"
    chords_scale: "minor"
    key_key: "E"
    key_scale: "minor"
    chords_progression: ["D", "Bm", "Bm", "Bm", "Bm", "Bm", "Bm", "Bm", "Bm", "Bm", "Bm", "Bm", "Bm", "Bm", "Bm", "Bm", "Bm", "Bm", "Bm", "Bm", "Bm", "Bm", "Bm", "Bm", "Bm", "Bm", "Bm", "Bm", "Bm", "Bm", "Bm", "Bm", "Bm", "Bm", "Bm", "Bm", "Bm", "Bm", "Bm", "Bm", "Bm", "Bm", "Bm", "Bm", "Bm", "Bm", "Bm", "Bm", "Bm", "Bm", "Bm", "Bm", "Bm", "Bm", "Bm", "Bm", "Bm", "Bm", "Bm", "Bm", "Bm", "Bm", "Bm", "E", "E", "E", "E", "E", "E", "E", "Em", "Em", "Em", "Em", "Em", "Em", "Em", "Em", "Em", "Em", "Em", "Em", "Em", "Em", "Em", "Em", "Em", "Em", "Em", "Em", "Em", "Em", "Em", "Em", "Em", "Em", "Em", "Em", "Em", "Em", "Em", "Em", "Em", "Em", "Em", "Em", "Em", "Em", "Em", "Em", "Em", "Em", "Em", "Em", "Em", "Em", "Em", "Em", "Em", "Em", "Em", "Em", "Em", "Em", "Em", "Em", "Em", "Em", "Em", "Em", "Em", "Em", "Em", "Em", "Em", "Em", "Em", "Em", "Em", "Em", "Em", "Em", "Em", "Em", "Em", "Em", "Em", "Em", "Em", "Em", "Em", "Em", "Em", "Em", "C", "C", "C", "C", "C", "C", "C", "C", "C", "C", "C", "G", "G", "G", "G", "G", "G", "G", "G", "G", "G", "G", "G", "G", "G", "G", "G", "G", "G", "Bm", "Bm", "Bm", "Bm", "Bm", "Bm", "Bm", "Bm", "Bm", "Bm", "Bm", "Bm", "Bm", "Bm", "Bm", "Bm", "Bm", "Bm", "Bm", "Bm", "Bm", "Bm", "Bm", "Bm", "Bm", "Bm", "Bm", "Bm", "D", "D", "D", "D", "D", "D"]
