
metadata:
    version:
        essentia: "1.2.2"
    audio_properties:
        analysis_sample_rate: 44100
        bitrate: 128
        channels: 2
        equal_loudness: 1
        length: 10.0310201645
        replay_gain: -12.710981369
        downmix: "mix"
    tags:
        track: 18
        year: 0
        album: "Splitted by Mp3Splt v. 2.1"
        artist: "From 002.50 To 003.00"
        comment: "http://mp3splt.sf.net"
        genre: ""
        title: "06 Lucky and Unhappy.mp3"

highlevel:
    ballroom:
        all:
            ChaChaCha: 0.0111282430589
            Jive: 0.0195546317846
            Quickstep: 0.0132152261212
            Rumba-American: 0.0140186352655
            Rumba-International: 0.631665408611
            Rumba-Misc: 0.098547488451
            Samba: 0.0194459930062
            Tango: 0.0104007832706
            VienneseWaltz: 0.121164903045
            Waltz: 0.0608586892486
        probability: 0.631665408611
        value: "Rumba-International"
    culture:
        all:
            non_western: 0.887579619884
            western: 0.112420372665
        probability: 0.887579619884
        value: "non_western"
    gender:
        all:
            female: 0.706347465515
            male: 0.293652534485
        probability: 0.706347465515
        value: "female"
    genre_dortmund:
        all:
            alternative: 0.299445599318
            blues: 0.00694935023785
            electronic: 0.180846497416
            folkcountry: 0.0637034773827
            funksoulrnb: 0.0125664612278
            jazz: 0.020507408306
            pop: 0.0702877417207
            raphiphop: 0.0190537068993
            rock: 0.326639741659
        probability: 0.326639741659
        value: "rock"
    genre_electronica:
        all:
            ambient: 0.56741219759
            dnb: 0.11524540931
            house: 0.0700444802642
            techno: 0.0423972271383
            trance: 0.204900681973
        probability: 0.56741219759
        value: "ambient"
    genre_rosamerica:
        all:
            cla: 0.0441970638931
            dan: 0.16391505301
            hip: 0.0183984283358
            jaz: 0.0128323016688
            pop: 0.0309758577496
            rhy: 0.119644232094
            roc: 0.603180885315
            spe: 0.00685619516298
        probability: 0.603180885315
        value: "roc"
    genre_tzanetakis:
        all:
            blu: 0.145465284586
            cla: 0.0566245391965
            cou: 0.129059642553
            dis: 0.0931521058083
            hip: 0.0425297915936
            jaz: 0.0286981910467
            met: 0.0677807256579
            pop: 0.106617465615
            reg: 0.0629980936646
            roc: 0.267074167728
        probability: 0.267074167728
        value: "roc"
    live_studio:
        all:
            live: 0.629251122475
            studio: 0.370748877525
        probability: 0.629251122475
        value: "live"
    mood:
        all:
            Cluster1: 0.065334521234
            Cluster2: 0.0161237716675
            Cluster3: 0.83416223526
            Cluster4: 0.0150181679055
            Cluster5: 0.0693613067269
        probability: 0.83416223526
        value: "Cluster3"
    mood_acoustic:
        all:
            acoustic: 0.124930515885
            not_acoustic: 0.875069499016
        probability: 0.875069499016
        value: "not_acoustic"
    mood_aggressive:
        all:
            aggressive: 0.0798461064696
            not_aggressive: 0.920153915882
        probability: 0.920153915882
        value: "not_aggressive"
    mood_electronic:
        all:
            electronic: 0.618613123894
            not_electronic: 0.381386846304
        probability: 0.618613123894
        value: "electronic"
    mood_happy:
        all:
            happy: 0.262394309044
            not_happy: 0.737605690956
        probability: 0.737605690956
        value: "not_happy"
    mood_party:
        all:
            not_party: 0.96047103405
            party: 0.0395289734006
        probability: 0.96047103405
        value: "not_party"
    mood_relaxed:
        all:
            not_relaxed: 0.259623497725
            relaxed: 0.740376472473
        probability: 0.740376472473
        value: "relaxed"
    mood_sad:
        all:
            not_sad: 9.70498095949e-14
            sad: 1
        probability: 1
        value: "sad"
    rhythm:
        all:
            fast: 0.0961995571852
            medium: 0.321842223406
            slow: 0.58195823431
        probability: 0.58195823431
        value: "slow"
    speech_music:
        all:
            music: 3.00000096379e-14
            speech: 1
        probability: 1
        value: "speech"
    timbre:
        all:
            bright: 0.261442214251
            dark: 0.738557755947
        probability: 0.738557755947
        value: "dark"
    voice_instrumental:
        all:
            instrumental: 0.82303237915
            voice: 0.176967635751
        probability: 0.82303237915
        value: "instrumental"

lowlevel:
    average_loudness: 0.979985892773
    barkbands_kurtosis:
        dmean: 1.51532554626
        dmean2: 2.48241019249
        dvar: 1.74848520756
        dvar2: 4.89782381058
        max: 9.50284099579
        mean: 2.15953969955
        min: -1.25723695755
        var: 3.92872881889
    barkbands_skewness:
        dmean: 0.361474335194
        dmean2: 0.568914473057
        dvar: 0.0790017023683
        dvar2: 0.209393709898
        max: 2.77261829376
        mean: 1.42621421814
        min: 0.0468207411468
        var: 0.233857393265
    barkbands_spread:
        dmean: 4.86230182648
        dmean2: 8.31538486481
        dvar: 36.9875679016
        dvar2: 98.5728302002
        max: 44.686416626
        mean: 14.3777856827
        min: 5.28946256638
        var: 47.4975738525
    dissonance:
        dmean: 0.0386837944388
        dmean2: 0.0670539140701
        dvar: 0.00107783300336
        dvar2: 0.00302908360027
        max: 0.49337798357
        mean: 0.407842278481
        min: 0.221073195338
        var: 0.00234369770624
    hfc:
        dmean: 1.01138627529
        dmean2: 1.70395112038
        dvar: 1.72767353058
        dvar2: 4.50444984436
        max: 11.0572004318
        mean: 2.8364315033
        min: 0.860052704811
        var: 1.8974750042
    pitch:
        dmean: 66.4351043701
        dmean2: 124.276931763
        dvar: 30122.6503906
        dvar2: 86836.1484375
        max: 2450
        mean: 195.923461914
        min: 55.3324966431
        var: 19237.125
    pitch_instantaneous_confidence:
        dmean: 0.0777373611927
        dmean2: 0.128725335002
        dvar: 0.003771022195
        dvar2: 0.00989881530404
        max: 0.64886623621
        mean: 0.424124151468
        min: 0.125653386116
        var: 0.00834541302174
    pitch_salience:
        dmean: 0.0591254867613
        dmean2: 0.0960103273392
        dvar: 0.00242665689439
        dvar2: 0.00667707063258
        max: 0.825401365757
        mean: 0.552400231361
        min: 0.300535708666
        var: 0.00852155033499
    silence_rate_20dB:
        dmean: 0
        dmean2: 0
        dvar: 0
        dvar2: 0
        max: 1
        mean: 1
        min: 1
        var: 0
    silence_rate_30dB:
        dmean: 0
        dmean2: 0
        dvar: 0
        dvar2: 0
        max: 1
        mean: 1
        min: 1
        var: 0
    silence_rate_60dB:
        dmean: 0.041763342917
        dmean2: 0.0813953503966
        dvar: 0.0400190912187
        dvar2: 0.0887243151665
        max: 1
        mean: 0.0532407425344
        min: 0
        var: 0.0504059866071
    spectral_centroid:
        dmean: 128.733734131
        dmean2: 219.704956055
        dvar: 28460.9140625
        dvar2: 74719.65625
        max: 1393.99047852
        mean: 519.891113281
        min: 268.141540527
        var: 33538.125
    spectral_complexity:
        dmean: 1.349650383
        dmean2: 2.24065423012
        dvar: 1.57937586308
        dvar2: 4.08927679062
        max: 16
        mean: 9.50465106964
        min: 6
        var: 3.23136734962
    spectral_crest:
        dmean: 1.69429028034
        dmean2: 2.67676091194
        dvar: 2.33704137802
        dvar2: 5.87606287003
        max: 17.7254314423
        mean: 8.26729774475
        min: 4.1727399826
        var: 5.41610145569
    spectral_decrease:
        dmean: 3.75011049991e-10
        dmean2: 5.94365612283e-10
        dvar: 2.41040146155e-19
        dvar2: 6.40926318578e-19
        max: -4.92712426414e-10
        mean: -1.42490019783e-09
        min: -5.1074695584e-09
        var: 3.49594987048e-19
    spectral_energy:
        dmean: 0.00147385080345
        dmean2: 0.00233670533635
        dvar: 3.66985750588e-06
        dvar2: 9.73201076704e-06
        max: 0.0198370646685
        mean: 0.00563517119735
        min: 0.00193761952687
        var: 5.32633293915e-06
    spectral_energyband_high:
        dmean: 8.31090437714e-05
        dmean2: 0.000153176675667
        dvar: 3.01510603151e-08
        dvar2: 8.2851251193e-08
        max: 0.00102208182216
        mean: 5.45954280824e-05
        min: 3.53159407496e-07
        var: 1.85382944551e-08
    spectral_energyband_low:
        dmean: 0.000482737086713
        dmean2: 0.000755148532335
        dvar: 5.918876127e-07
        dvar2: 1.45842182064e-06
        max: 0.00620154710487
        mean: 0.00129322451539
        min: 0.000134388115839
        var: 9.81410835266e-07
    spectral_energyband_middle_high:
        dmean: 0.000225491938181
        dmean2: 0.000363176950486
        dvar: 4.99764070128e-08
        dvar2: 1.21545653542e-07
        max: 0.00243117241189
        mean: 0.000753672677092
        min: 0.000266468181508
        var: 8.94041178867e-08
    spectral_energyband_middle_low:
        dmean: 0.00112518423703
        dmean2: 0.0018171062693
        dvar: 2.08810433833e-06
        dvar2: 5.61451088288e-06
        max: 0.0138046499342
        mean: 0.00353363202885
        min: 0.000713306770194
        var: 3.08938138005e-06
    spectral_flatness_db:
        dmean: 0.044021718204
        dmean2: 0.0625630319118
        dvar: 0.00107524369378
        dvar2: 0.00243446556851
        max: 0.313998103142
        mean: 0.219036862254
        min: 0.0942791849375
        var: 0.00221221428365
    spectral_flux:
        dmean: 0.00872405804694
        dmean2: 0.0131668215618
        dvar: 9.38306839089e-05
        dvar2: 0.000174685090315
        max: 0.0987942069769
        mean: 0.0327458940446
        min: 0.0125839412212
        var: 0.000195286425878
    spectral_kurtosis:
        dmean: 14.5001430511
        dmean2: 22.4708309174
        dvar: 140.638580322
        dvar2: 338.136566162
        max: 78.9328613281
        mean: 20.3038864136
        min: 0.523764133453
        var: 212.662536621
    spectral_rms:
        dmean: 0.000287691364065
        dmean2: 0.000444715289632
        dvar: 9.17328790706e-08
        dvar2: 2.38610851966e-07
        max: 0.00439923116937
        mean: 0.00230468786322
        min: 0.00137490383349
        var: 1.86145953762e-07
    spectral_rolloff:
        dmean: 317.677459717
        dmean2: 574.805480957
        dvar: 250207.234375
        dvar2: 660886.5625
        max: 3919.04296875
        mean: 911.255249023
        min: 279.931640625
        var: 265424.125
    spectral_skewness:
        dmean: 1.06721127033
        dmean2: 1.60437750816
        dvar: 0.642755746841
        dvar2: 1.40541815758
        max: 7.03183078766
        mean: 3.18750905991
        min: 0.895727932453
        var: 1.17643201351
    spectral_spread:
        dmean: 1813330.25
        dmean2: 2716915.75
        dvar: 3.40582753894e+12
        dvar2: 6.13949846323e+12
        max: 23343258
        mean: 3108063.5
        min: 1003340.875
        var: 5.0932309033e+12
    spectral_strongpeak:
        dmean: 0.137094542384
        dmean2: 0.234360069036
        dvar: 0.033283598721
        dvar2: 0.0901417806745
        max: 1.2980363369
        mean: 0.261851549149
        min: 0.0251358300447
        var: 0.034499168396
    zerocrossingrate:
        dmean: 0.00626001600176
        dmean2: 0.00859283749014
        dvar: 3.59357072739e-05
        dvar2: 5.93633667449e-05
        max: 0.072265625
        mean: 0.034912109375
        min: 0.0166015625
        var: 0.000114448404929
    barkbands:
        dmean: [6.48064428788e-07, 0.000151454238221, 0.000423081306508, 0.000409995467635, 0.000474026892334, 0.00045346133993, 0.000223303766688, 5.25229734194e-05, 0.000164090612088, 6.9697292929e-05, 0.000106583938759, 4.24220088462e-05, 4.72077736049e-05, 3.77160904463e-05, 3.8693244278e-05, 2.89633244392e-05, 4.6065702918e-05, 1.30666285258e-05, 2.25151397899e-05, 1.95532484213e-05, 3.52096540155e-05, 2.73285477306e-05, 5.22442041984e-06, 3.8672287701e-06, 9.37193249229e-07, 8.4169776926e-08, 5.52231371742e-09]
        dmean2: [1.01654256923e-06, 0.000251967780059, 0.000681019562762, 0.000617403711658, 0.000750148494262, 0.00074849172961, 0.000329314003466, 7.72955099819e-05, 0.000258291081991, 0.000102403369965, 0.000167055564816, 6.21023209533e-05, 8.04775845609e-05, 6.59996294416e-05, 6.96332062944e-05, 4.94822270412e-05, 8.3863560576e-05, 2.23823553824e-05, 3.68579785572e-05, 3.39560574503e-05, 6.56826377963e-05, 5.18045162607e-05, 9.7436723081e-06, 7.25346171748e-06, 1.726183541e-06, 1.52617545268e-07, 5.86673909453e-09]
        dvar: [3.47944264546e-12, 6.13288122508e-08, 5.256406439e-07, 2.83549780988e-07, 5.1621162811e-07, 3.6874874354e-07, 4.17325267676e-08, 2.58498311645e-09, 5.9905261196e-08, 9.59716306426e-09, 1.91140632211e-08, 4.37968994405e-09, 3.63279450966e-09, 2.97303492935e-09, 3.65949159864e-09, 3.1341580442e-09, 8.83605721924e-09, 5.36842903465e-10, 3.43016370863e-09, 1.17618992324e-09, 5.39960476331e-09, 4.06321953861e-09, 1.15153511726e-10, 6.9143357706e-11, 3.78500963211e-12, 4.01559854975e-14, 1.11796024708e-14]
        dvar2: [8.51558320386e-12, 1.53132560854e-07, 1.4034447986e-06, 7.19211300293e-07, 1.29084207856e-06, 1.08719825676e-06, 8.88740316896e-08, 5.61064794624e-09, 1.21958052546e-07, 2.17276134862e-08, 4.23189767673e-08, 9.60239798786e-09, 9.14126818685e-09, 8.47744452415e-09, 1.22882521936e-08, 8.75598615835e-09, 2.68042708029e-08, 1.41500788864e-09, 8.3892759406e-09, 3.12443670936e-09, 1.49346366385e-08, 1.13405000945e-08, 3.15685672048e-10, 1.89900734027e-10, 1.0298475614e-11, 9.79473460346e-14, 1.12026307556e-14]
        max: [1.53335968207e-05, 0.00276654725894, 0.0049309162423, 0.00635932432488, 0.0057004741393, 0.00493130041286, 0.00197954196483, 0.000487751647597, 0.00208193901926, 0.00090894033201, 0.00140005734283, 0.000668521504849, 0.000588985392824, 0.00053979275981, 0.000434264657088, 0.000872009550221, 0.00135606527328, 0.000170543353306, 0.000964916369412, 0.000254559825407, 0.000449317944003, 0.000352349277819, 5.73714278289e-05, 4.15510003222e-05, 1.08566864583e-05, 2.04376601687e-06, 2.19376534005e-06]
        mean: [8.8516969754e-07, 0.000348366418621, 0.00094402814284, 0.000797780870926, 0.000833212630823, 0.000815160688944, 0.000610652903561, 0.000113934373076, 0.000283819070319, 0.000138196803164, 0.000162793119671, 8.41831060825e-05, 9.45065694395e-05, 8.53021410876e-05, 6.8047134846e-05, 5.72257558815e-05, 9.12273462745e-05, 1.36833268698e-05, 2.86416652671e-05, 1.7648895664e-05, 2.39629498537e-05, 1.58743296197e-05, 3.14874478136e-06, 2.27043938139e-06, 5.69759606606e-07, 5.17605016626e-08, 5.43721911939e-09]
        min: [3.6540070969e-10, 2.19612556975e-05, 3.0453124964e-06, 1.17330155263e-05, 3.57950484613e-05, 2.49024215009e-05, 5.46943592781e-05, 1.22368123812e-06, 7.60932925914e-06, 9.44988414631e-07, 4.5321471589e-06, 1.25691315134e-06, 8.89501734491e-06, 8.63923105499e-06, 2.33163359553e-06, 6.05187779001e-07, 2.26705310524e-06, 7.46650641759e-07, 1.88476121821e-07, 8.20860464046e-08, 1.11674808068e-07, 1.13275762104e-08, 4.85133599959e-10, 1.95770483158e-10, 1.12405895702e-09, 1.00304278772e-10, 1.46709174757e-12]
        var: [3.68825889968e-12, 1.06838569991e-07, 8.97075437933e-07, 6.27925999197e-07, 7.38679261758e-07, 4.7115020152e-07, 1.04806517243e-07, 6.6173395652e-09, 1.24302246718e-07, 3.02150837683e-08, 3.65605146158e-08, 1.43358080962e-08, 9.61833013235e-09, 7.86575427014e-09, 7.67490693221e-09, 1.05632498304e-08, 2.54898449015e-08, 4.16191692221e-10, 5.27866284017e-09, 8.70596872371e-10, 3.23221716059e-09, 2.37319652818e-09, 7.10813630178e-11, 4.23001876582e-11, 2.40706348083e-12, 2.8304390285e-14, 1.11628820404e-14]
    mfcc:
        mean: [-768.916809082, 205.736846924, -32.5070457458, 40.5910682678, -9.43365478516, 7.14837026596, -5.45209169388, -10.2133359909, -1.35705840588, -1.8112385273, -3.32278060913, 0.750746130943, -1.10337615013]
        cov: [[2408.2980957, -2214.58666992, 939.098693848, -25.8736019135, -140.435699463, 34.9283638, -171.767700195, 108.1251297, -30.9691581726, 38.7573661804, -77.8612136841, 18.232843399, -42.3820266724], [-2214.58666992, 2325.48144531, -985.883422852, 106.726829529, 102.74041748, -78.6034622192, 131.970199585, -59.8654632568, 44.1309356689, -22.1218605042, 48.1504402161, -71.1341400146, 37.9816551208], [939.098693848, -985.883422852, 567.76965332, -98.8233642578, -69.4795455933, 45.0720367432, -33.2450408936, 11.4107246399, -32.7547111511, -7.26916646957, -26.9586639404, 29.2027359009, -23.5986061096], [-25.8736019135, 106.726829529, -98.8233642578, 141.617385864, 1.82668459415, -12.7808952332, -47.8887939453, 20.2492465973, 8.90127468109, 18.3314285278, 0.169833809137, -17.1953430176, 6.29282140732], [-140.435699463, 102.74041748, -69.4795455933, 1.82668459415, 160.199432373, 7.15777444839, -59.4247894287, -16.2522315979, 32.5802116394, 2.41088223457, -15.8177690506, 8.95149612427, 13.4010829926], [34.9283638, -78.6034622192, 45.0720367432, -12.7808952332, 7.15777444839, 123.640045166, 38.7401351929, -67.8540496826, -51.5296020508, -22.232378006, 11.3899269104, -3.27990102768, 18.3415794373], [-171.767700195, 131.970199585, -33.2450408936, -47.8887939453, -59.4247894287, 38.7401351929, 208.903701782, -31.9552555084, -90.2370681763, -54.1743659973, 35.401134491, 7.31606292725, 10.9373493195], [108.1251297, -59.8654632568, 11.4107246399, 20.2492465973, -16.2522315979, -67.8540496826, -31.9552555084, 145.020339966, 35.8013381958, 10.7271327972, -19.7864055634, 0.388985097408, -7.23143863678], [-30.9691581726, 44.1309356689, -32.7547111511, 8.90127468109, 32.5802116394, -51.5296020508, -90.2370681763, 35.8013381958, 117.411766052, 28.9914684296, -21.1187858582, -10.8707418442, -23.926651001], [38.7573661804, -22.1218605042, -7.26916646957, 18.3314285278, 2.41088223457, -22.232378006, -54.1743659973, 10.7271327972, 28.9914684296, 70.392074585, -3.6388092041, -12.3949975967, -1.4269516468], [-77.8612136841, 48.1504402161, -26.9586639404, 0.169833809137, -15.8177690506, 11.3899269104, 35.401134491, -19.7864055634, -21.1187858582, -3.6388092041, 61.8762550354, 10.0453166962, 13.7940683365], [18.232843399, -71.1341400146, 29.2027359009, -17.1953430176, 8.95149612427, -3.27990102768, 7.31606292725, 0.388985097408, -10.8707418442, -12.3949975967, 10.0453166962, 95.4069595337, 0.0377625152469], [-42.3820266724, 37.9816551208, -23.5986061096, 6.29282140732, 13.4010829926, 18.3415794373, 10.9373493195, -7.23143863678, -23.926651001, -1.4269516468, 13.7940683365, 0.0377625152469, 74.9189910889]]
        icov: [[0.00499233510345, 0.00450178654864, -0.000686111394316, -0.00237824115902, 0.00128980353475, 0.00114948768169, 0.000741321826354, -0.000625148939434, 0.000965833372902, 0.000250743498327, 0.0020536785014, 0.00197446672246, -0.000221020716708], [0.00450178654864, 0.00591453537345, 0.00261011812836, -0.00148894533049, 0.00127553043421, 0.00162243447267, 0.00018020310381, 8.1634199887e-05, 0.000580274616368, 0.000911956070922, 0.0020953072235, 0.00236826669425, -0.000332668365445], [-0.000686111394316, 0.00261011812836, 0.0086263185367, 0.00398916797712, 0.00183243211359, -0.000722497061361, 0.00138068385422, 0.000340118276654, 0.00102528382558, 0.00142077205237, 0.00108780851588, 3.84112245229e-05, 0.000505298725329], [-0.00237824115902, -0.00148894533049, 0.00398916797712, 0.0118053723127, 0.00122421164997, -0.00137177226134, 0.00403312547132, -0.00122319418006, 0.0024794137571, -6.2786944909e-05, -0.0014871096937, 0.000215593841858, 0.000148758146679], [0.00128980353475, 0.00127553043421, 0.00183243211359, 0.00122421164997, 0.00947590079159, -0.00133580178954, 0.00369860348292, 0.000837775238324, -0.000805931922514, 0.0017878615763, 0.00268048234284, -0.000998732517473, -0.00198605842888], [0.00114948768169, 0.00162243447267, -0.000722497061361, -0.00137177226134, -0.00133580178954, 0.0143086388707, -0.000685134436935, 0.00539448903874, 0.00338522228412, 0.00236076582223, 0.00035731238313, 0.00226721540093, -0.00186881574336], [0.000741321826354, 0.00018020310381, 0.00138068385422, 0.00403312547132, 0.00369860348292, -0.000685134436935, 0.0121507076547, -0.000764590804465, 0.00703704589978, 0.00498538045213, -0.00235046609305, 0.000694401853252, 0.000857398379594], [-0.000625148939434, 8.1634199887e-05, 0.000340118276654, -0.00122319418006, 0.000837775238324, 0.00539448903874, -0.000764590804465, 0.0106012411416, -0.00188818608876, 0.000994342030026, 0.00215287134051, -0.000334011216182, -0.00150110234972], [0.000965833372902, 0.000580274616368, 0.00102528382558, 0.0024794137571, -0.000805931922514, 0.00338522228412, 0.00703704589978, -0.00188818608876, 0.0176545716822, -0.000921724538784, 0.000520424218848, 0.00187663454562, 0.00399666279554], [0.000250743498327, 0.000911956070922, 0.00142077205237, -6.2786944909e-05, 0.0017878615763, 0.00236076582223, 0.00498538045213, 0.000994342030026, -0.000921724538784, 0.0195720009506, -0.00159824092407, 0.00231929519214, -0.00102577242069], [0.0020536785014, 0.0020953072235, 0.00108780851588, -0.0014871096937, 0.00268048234284, 0.00035731238313, -0.00235046609305, 0.00215287134051, 0.000520424218848, -0.00159824092407, 0.0213603880256, -0.00189504656009, -0.00324507569894], [0.00197446672246, 0.00236826669425, 3.84112245229e-05, 0.000215593841858, -0.000998732517473, 0.00226721540093, 0.000694401853252, -0.000334011216182, 0.00187663454562, 0.00231929519214, -0.00189504656009, 0.0127312075347, 0.000386299943784], [-0.000221020716708, -0.000332668365445, 0.000505298725329, 0.000148758146679, -0.00198605842888, -0.00186881574336, 0.000857398379594, -0.00150110234972, 0.00399666279554, -0.00102577242069, -0.00324507569894, 0.000386299943784, 0.0159349050373]]
    spectral_contrast:
        mean: [5.76120484652e-08, -4.94857168576e-08, 6.15764520262e-07, -3.24256205886e-07, -4.25266790671e-07, -1.19389056863e-07, -1.1388646044e-06, -2.96082617979e-07, -1.3057575643e-07, -5.54461827562e-08, 4.68381614382e-07, 3.80471692552e-06]
        var: [0.00073014840018, 0.00108550023288, 0.00165359943639, 0.00170205219183, 0.00226645753719, 0.00364677375183, 0.0500012375414, 0.0797548219562, 0.112822793424, 0.189440622926, 0.683776438236, 3.00380086899]

rhythm:
    beats_loudness:
        dmean: 0.00206937734038
        dmean2: 0.00394867872819
        dvar: 1.6006192709e-06
        dvar2: 5.7719189499e-06
        max: 0.00891470722854
        mean: 0.00556699046865
        min: 0.00253853225149
        var: 2.42278224505e-06
    beats_loudness_bass:
        dmean: 0.285163760185
        dmean2: 0.588220834732
        dvar: 0.0242985356599
        dvar2: 0.0848601311445
        max: 0.525105416775
        mean: 0.224945023656
        min: 0.0464924536645
        var: 0.0291618537158
    bpm: 75.0223693848
    bpm_confidence: 0
    first_peak_bpm: 75
    first_peak_spread: 0
    first_peak_weight: 0.909090936184
    onset_rate: 5.98144578934
    second_peak_bpm: 82
    second_peak_spread: 0
    second_peak_weight: 0.0909090936184
    beats_position: [0.469266563654, 1.26887726784, 2.06848788261, 2.86809873581, 3.66770935059, 4.46731996536, 5.26693058014, 5.99586009979, 6.79581069946, 7.5957608223, 8.39571094513, 9.19566249847]
    bpm_estimates: [74.9460067749, 75.0229187012, 75.1038970947, 75.0123062134, 75.0976791382, 75.011177063, 75.0214996338, 74.988319397, 74.997505188]
    bpm_intervals: [0.799610733986, 0.799610614777, 0.799610853195, 0.799610614777, 0.799610614777, 0.799610614777, 0.728929519653, 0.79995059967, 0.799950122833, 0.799950122833, 0.799951553345]
    onset_times: [0.0580498874187, 0.18575963378, 0.348299324512, 0.46439909935, 0.568888902664, 0.684988677502, 1.26548755169, 1.369977355, 1.67183673382, 1.77632653713, 1.86920630932, 2.15945577621, 2.28716564178, 2.56580495834, 2.68190479279, 2.77478456497, 2.87927436829, 2.97215414047, 3.1811337471, 3.27401351929, 3.55265307426, 3.66875290871, 3.77324271202, 4.46984148026, 4.57433128357, 4.77170085907, 4.87619066238, 4.9806804657, 5.07356023788, 5.18966007233, 5.36380958557, 5.49151945114, 5.59600925446, 5.73532867432, 5.87464857101, 5.97913837433, 6.08362817764, 6.17650794983, 6.38548755646, 6.51319742203, 6.76861667633, 6.88471651077, 6.97759628296, 7.17496585846, 7.67419481277, 7.79029464722, 7.98766422272, 8.09215450287, 8.18503379822, 8.28952407837, 8.39401340485, 8.55655288696, 9.07900238037, 9.18349170685, 9.287981987, 9.38086128235, 9.57823085785, 9.682721138, 9.77560043335, 9.98458003998]
    rubato_start: []
    rubato_stop: []
    perceptual_tempo: "unknown"

sfx:
    inharmonicity:
        dmean: 0.0181041844189
        dmean2: 0.0326799415052
        dvar: 0.000750367064029
        dvar2: 0.0021112463437
        max: 0.189803764224
        mean: 0.0164676979184
        min: 3.75716035705e-06
        var: 0.000599549792241
    oddtoevenharmonicenergyratio:
        dmean: 2.50896167755
        dmean2: 4.92074680328
        dvar: 734.122131348
        dvar2: 2202.28100586
        max: 397.178375244
        mean: 1.41331970692
        min: 3.17520971294e-05
        var: 367.868164062
    pitch_after_max_to_before_max_energy_ratio: 1.85222947598
    pitch_centroid: 222.873840332
    pitch_max_to_total: 0.279069781303
    pitch_min_to_total: 0.516279041767
    tristimulus:
        dmean: [0.219740316272, 0.227249607444, 0.0316545590758]
        dmean2: [0.37445384264, 0.385657131672, 0.0575665943325]
        dvar: [0.0318032540381, 0.0351118072867, 0.00160253723152]
        dvar2: [0.0821973979473, 0.0900167226791, 0.00454546324909]
        max: [0.985988378525, 0.965004682541, 0.333950221539]
        mean: [0.625837802887, 0.32954287529, 0.0259876120836]
        min: [0.034995354712, 0, 0]
        var: [0.0567806586623, 0.0582545623183, 0.00147353031207]

tonal:
    chords_changes_rate: 0.00925925932825
    chords_number_rate: 0.00925925932825
    chords_strength:
        dmean: 0.00737856701016
        dmean2: 0.00590656185523
        dvar: 3.26704757754e-05
        dvar2: 1.85746812349e-05
        max: 0.823084831238
        mean: 0.687202990055
        min: 0.533808171749
        var: 0.00477330572903
    key_strength: 0.672807276249
    tuning_diatonic_strength: 0.597606241703
    tuning_equal_tempered_deviation: 0.0818454921246
    tuning_frequency: 435.952270508
    tuning_nontempered_energy_ratio: 0.718905985355
    hpcp:
        dmean: [0.132041633129, 0.138924866915, 0.140151023865, 0.117115281522, 0.130736500025, 0.1761700809, 0.189961418509, 0.163516908884, 0.100807733834, 0.0445228852332, 0.0264468770474, 0.0395191647112, 0.0436589047313, 0.0478449985385, 0.0486592948437, 0.0334881618619, 0.024002706632, 0.0270643942058, 0.0489593818784, 0.080233938992, 0.204182818532, 0.22293536365, 0.230034083128, 0.139977917075, 0.0711350440979, 0.0326463803649, 0.0384234078228, 0.0483063459396, 0.0518860220909, 0.128126218915, 0.174182921648, 0.181270256639, 0.0987576246262, 0.0486912876368, 0.0674748122692, 0.121059916914]
        dmean2: [0.221441328526, 0.220119565725, 0.228816017509, 0.186785638332, 0.211463034153, 0.272066533566, 0.318178206682, 0.26500788331, 0.159336701035, 0.0853929445148, 0.0495765283704, 0.0674794837832, 0.0696458816528, 0.081610918045, 0.0789581462741, 0.0587515868247, 0.0413924008608, 0.0488628968596, 0.0858347341418, 0.141261935234, 0.340782701969, 0.366444140673, 0.391296327114, 0.243814125657, 0.13662725687, 0.0616423003376, 0.0664644166827, 0.0825687646866, 0.0867496952415, 0.209162607789, 0.275503784418, 0.300029218197, 0.164091199636, 0.086093723774, 0.124172262847, 0.204524174333]
        dvar: [0.0487047657371, 0.0436933375895, 0.0423647649586, 0.04036096856, 0.043245472014, 0.0297031905502, 0.0300600398332, 0.0228858944029, 0.0195737723261, 0.0140272974968, 0.00457533495501, 0.0053339637816, 0.0071078822948, 0.0104323187843, 0.0156032480299, 0.00878005847335, 0.00453199073672, 0.00529822194949, 0.00995717570186, 0.0183998886496, 0.0344596244395, 0.0472587570548, 0.0350579917431, 0.0227424111217, 0.0280857440084, 0.0077817440033, 0.0111923357472, 0.0117584737018, 0.011562872678, 0.0260104704648, 0.03503061831, 0.0412568114698, 0.015438362956, 0.00901421159506, 0.0221296064556, 0.0442992039025]
        dvar2: [0.115767106414, 0.0975951999426, 0.0969536229968, 0.0956214219332, 0.112673699856, 0.0704081505537, 0.0763768702745, 0.0600877664983, 0.0529408380389, 0.0416229851544, 0.0138073852286, 0.0135914888233, 0.0173224564642, 0.0269495546818, 0.0411853790283, 0.0229059178382, 0.00993092823774, 0.0155016118661, 0.0289309825748, 0.0534444451332, 0.0915041267872, 0.10984339565, 0.091010928154, 0.0649853944778, 0.0819957703352, 0.0220382083207, 0.0313180349767, 0.0308084078133, 0.0314171724021, 0.0711366012692, 0.071666739881, 0.0926284864545, 0.036836758256, 0.0241896416992, 0.0579890795052, 0.122584581375]
        max: [1, 1, 1, 1, 1, 1, 1, 1, 1, 0.856526136398, 0.49716976285, 0.518994092941, 0.69707006216, 0.875382661819, 1, 1, 0.740085840225, 0.66684961319, 0.888230443001, 1, 1, 1, 1, 0.940466761589, 1, 0.690055727959, 0.900695621967, 0.772109806538, 0.804902970791, 1, 1, 1, 0.840372622013, 0.684563755989, 1, 1]
        mean: [0.235268488526, 0.219806164503, 0.15831977129, 0.161614120007, 0.177389323711, 0.261241167784, 0.369267851114, 0.273392438889, 0.0944482386112, 0.0274512507021, 0.0208735670894, 0.0490297339857, 0.0725544914603, 0.0648526474833, 0.0505777597427, 0.0373824797571, 0.0257773865014, 0.0356886088848, 0.0752838030457, 0.106598958373, 0.361844658852, 0.676736950874, 0.487380176783, 0.144467651844, 0.0418881028891, 0.0212190728635, 0.0338306948543, 0.055112387985, 0.0581706501544, 0.163594156504, 0.35226765275, 0.308197617531, 0.118018254638, 0.0445549041033, 0.0563080087304, 0.138528883457]
        min: [0.000220918896957, 0.000216818181798, 0.00040147776599, 0.000229884914006, 0.00069201097358, 0.00784086901695, 0.0145093305036, 0.0134642468765, 0.000538541818969, 0.000127541250549, 0.00012049661018, 9.70945111476e-05, 0.000251572870184, 0.000131648776005, 0.000337139819749, 0.000455867120763, 0.000446873862529, 0.00114225118887, 0.000641522521619, 0.00143887789454, 0.013012082316, 0.0724825114012, 0.016832575202, 0.000416072114604, 0.000272800883977, 0.000230349367484, 0.00121574907098, 0.00412221485749, 0.00234908284619, 0.00160572002642, 0.00394603377208, 0.00237582414411, 0.00331327691674, 0.00102657219395, 0.000138465882628, 6.83142789057e-05]
        var: [0.123426288366, 0.106847532094, 0.069089397788, 0.0800049304962, 0.0891806930304, 0.0599522329867, 0.0490716360509, 0.0337147265673, 0.0170583818108, 0.00766531238332, 0.00265452894382, 0.00793681666255, 0.0160955935717, 0.0142748430371, 0.0166001468897, 0.0138879930601, 0.00572277558967, 0.00446543935686, 0.012388988398, 0.0176381077617, 0.0568755418062, 0.094472065568, 0.0737691000104, 0.0242153275758, 0.0156822111458, 0.00468644592911, 0.00766733987257, 0.01120785065, 0.0106378011405, 0.0321150720119, 0.0964321568608, 0.0864129364491, 0.0205899700522, 0.00761438952759, 0.0195189714432, 0.0610667280853]
    chords_histogram: [81.944442749, 0, 0, 0, 0, 18.0555553436, 0, 0, 0, 0, 0, 0, 0, 0, 0, 0, 0, 0, 0, 0, 0, 0, 0, 0]
    thpcp: [1, 0.720191478729, 0.21347682178, 0.0618971697986, 0.0313549786806, 0.0499909073114, 0.0814384222031, 0.0859575495124, 0.241739660501, 0.520538508892, 0.455417156219, 0.174393102527, 0.0658378452063, 0.0832051634789, 0.20470122993, 0.347651302814, 0.324802964926, 0.233945801854, 0.2388138026, 0.262124478817, 0.386030584574, 0.54565936327, 0.403986275196, 0.139564186335, 0.0405641384423, 0.0308444332331, 0.0724502131343, 0.107212252915, 0.0958313941956, 0.0747376978397, 0.0552393049002, 0.0380907021463, 0.0527363084257, 0.111245296896, 0.157519042492, 0.534690260887]
    chords_key: "E"
    chords_scale: "minor"
    key_key: "E"
    key_scale: "minor"
    chords_progression: ["Em", "Em", "Em", "Em", "Em", "Em", "Em", "Em", "Em", "Em", "Em", "Em", "Em", "Em", "Em", "Em", "Em", "Em", "Em", "Em", "Em", "Em", "Em", "Em", "Em", "Em", "Em", "Em", "Em", "Em", "Em", "Em", "Em", "Em", "Em", "Em", "Em", "Em", "Em", "Em", "Em", "Em", "Em", "Em", "Em", "Em", "Em", "Em", "Em", "Em", "Em", "Em", "Em", "Em", "Em", "Em", "Em", "Em", "Em", "Em", "Em", "Em", "Em", "Em", "Em", "Em", "Em", "Em", "Em", "Em", "Em", "Em", "Em", "Em", "Em", "Em", "Em", "Em", "Em", "Em", "Em", "Em", "Em", "Em", "Em", "Em", "Em", "Em", "Em", "Em", "Em", "Em", "Em", "Em", "Em", "Em", "Em", "A", "A", "A", "A", "A", "A", "A", "A", "A", "A", "A", "A", "A", "A", "A", "A", "A", "A", "A", "A", "A", "A", "A", "A", "A", "A", "A", "A", "A", "A", "A", "A", "A", "A", "A", "A", "A", "A", "A", "Em", "Em", "Em", "Em", "Em", "Em", "Em", "Em", "Em", "Em", "Em", "Em", "Em", "Em", "Em", "Em", "Em", "Em", "Em", "Em", "Em", "Em", "Em", "Em", "Em", "Em", "Em", "Em", "Em", "Em", "Em", "Em", "Em", "Em", "Em", "Em", "Em", "Em", "Em", "Em", "Em", "Em", "Em", "Em", "Em", "Em", "Em", "Em", "Em", "Em", "Em", "Em", "Em", "Em", "Em", "Em", "Em", "Em", "Em", "Em", "Em", "Em", "Em", "Em", "Em", "Em", "Em", "Em", "Em", "Em", "Em", "Em", "Em", "Em", "Em", "Em", "Em", "Em", "Em", "Em"]
