
metadata:
    version:
        essentia: "1.2.2"
    audio_properties:
        analysis_sample_rate: 44100
        bitrate: 128
        channels: 2
        equal_loudness: 1
        length: 10.0048980713
        replay_gain: -13.7251224518
        downmix: "mix"
    tags:
        track: 3
        year: 0
        album: "Splitted by Mp3Splt v. 2.1"
        artist: "From 000.20 To 000.30"
        comment: "http://mp3splt.sf.net"
        genre: ""
        title: "09 4-Day Weekend.mp3"

highlevel:
    ballroom:
        all:
            ChaChaCha: 0.867218077183
            Jive: 0.0146903665736
            Quickstep: 0.00452534202486
            Rumba-American: 0.00259477877989
            Rumba-International: 0.0178593881428
            Rumba-Misc: 0.00631313631311
            Samba: 0.0492479726672
            Tango: 0.0147886490449
            VienneseWaltz: 0.00205250503495
            Waltz: 0.0207097791135
        probability: 0.867218077183
        value: "ChaChaCha"
    culture:
        all:
            non_western: 0.0950184911489
            western: 0.90498149395
        probability: 0.90498149395
        value: "western"
    gender:
        all:
            female: 0.5
            male: 0.5
        probability: 0.5
        value: "female"
    genre_dortmund:
        all:
            alternative: 0.0446332842112
            blues: 0.0672149136662
            electronic: 0.0307016335428
            folkcountry: 0.271455943584
            funksoulrnb: 0.0106968106702
            jazz: 0.036143861711
            pop: 0.0473227128386
            raphiphop: 0.00451102154329
            rock: 0.487319797277
        probability: 0.487319797277
        value: "rock"
    genre_electronica:
        all:
            ambient: 0.612120211124
            dnb: 0.0564273744822
            house: 0.240422263741
            techno: 0.0463371276855
            trance: 0.0446930006146
        probability: 0.612120211124
        value: "ambient"
    genre_rosamerica:
        all:
            cla: 0.111660435796
            dan: 0.029594713822
            hip: 0.0171943474561
            jaz: 0.0437492989004
            pop: 0.099024489522
            rhy: 0.0986490547657
            roc: 0.583355784416
            spe: 0.0167718939483
        probability: 0.583355784416
        value: "roc"
    genre_tzanetakis:
        all:
            blu: 0.00870955828577
            cla: 0.0377322100103
            cou: 0.265154659748
            dis: 0.0349421314895
            hip: 0.0132640404627
            jaz: 0.0112212421373
            met: 0.00704535190016
            pop: 0.123207166791
            reg: 0.153984695673
            roc: 0.344738960266
        probability: 0.344738960266
        value: "roc"
    live_studio:
        all:
            live: 0.307277947664
            studio: 0.692722022533
        probability: 0.692722022533
        value: "studio"
    mood:
        all:
            Cluster1: 0.177760228515
            Cluster2: 0.085610486567
            Cluster3: 0.612901747227
            Cluster4: 0.0471512936056
            Cluster5: 0.0765762478113
        probability: 0.612901747227
        value: "Cluster3"
    mood_acoustic:
        all:
            acoustic: 0.730381965637
            not_acoustic: 0.269618034363
        probability: 0.730381965637
        value: "acoustic"
    mood_aggressive:
        all:
            aggressive: 0.0491460524499
            not_aggressive: 0.950853943825
        probability: 0.950853943825
        value: "not_aggressive"
    mood_electronic:
        all:
            electronic: 0.0776876732707
            not_electronic: 0.922312319279
        probability: 0.922312319279
        value: "not_electronic"
    mood_happy:
        all:
            happy: 0.089845828712
            not_happy: 0.910154163837
        probability: 0.910154163837
        value: "not_happy"
    mood_party:
        all:
            not_party: 0.93262308836
            party: 0.0673769339919
        probability: 0.93262308836
        value: "not_party"
    mood_relaxed:
        all:
            not_relaxed: 0.0939942076802
            relaxed: 0.90600579977
        probability: 0.90600579977
        value: "relaxed"
    mood_sad:
        all:
            not_sad: 0.209063917398
            sad: 0.790936052799
        probability: 0.790936052799
        value: "sad"
    rhythm:
        all:
            fast: 0.0698394030333
            medium: 0.836879074574
            slow: 0.0932815372944
        probability: 0.836879074574
        value: "medium"
    speech_music:
        all:
            music: 0.92703795433
            speech: 0.0729620531201
        probability: 0.92703795433
        value: "music"
    timbre:
        all:
            bright: 0.331253558397
            dark: 0.668746471405
        probability: 0.668746471405
        value: "dark"
    voice_instrumental:
        all:
            instrumental: 0.566565513611
            voice: 0.433434456587
        probability: 0.566565513611
        value: "instrumental"

lowlevel:
    average_loudness: 0.555096030235
    barkbands_kurtosis:
        dmean: 2.95762610435
        dmean2: 4.38159275055
        dvar: 64.7353439331
        dvar2: 106.337165833
        max: 137.290252686
        mean: 8.16793060303
        min: -1.95549046993
        var: 455.735168457
    barkbands_skewness:
        dmean: 0.446874290705
        dmean2: 0.688336670399
        dvar: 0.355654031038
        dvar2: 0.607358217239
        max: 9.52890396118
        mean: 1.88022267818
        min: -1.55221152306
        var: 3.63860106468
    barkbands_spread:
        dmean: 3.48885083199
        dmean2: 5.47176027298
        dvar: 18.2573299408
        dvar2: 40.1577377319
        max: 59.3881340027
        mean: 22.1191062927
        min: 0.597406208515
        var: 202.425582886
    dissonance:
        dmean: 0.0215527005494
        dmean2: 0.0357562862337
        dvar: 0.000576063175686
        dvar2: 0.00153059652075
        max: 0.498294234276
        mean: 0.424915105104
        min: 0.215067505836
        var: 0.00323208956979
    hfc:
        dmean: 0.782896101475
        dmean2: 1.12393701077
        dvar: 3.8947687149
        dvar2: 7.94207572937
        max: 34.9060783386
        mean: 3.44958949089
        min: 0.00969167705625
        var: 21.76745224
    pitch:
        dmean: 408.186401367
        dmean2: 808.594177246
        dvar: 1024216
        dvar2: 2845531.75
        max: 4410
        mean: 580.971374512
        min: 94.0298538208
        var: 980417.6875
    pitch_instantaneous_confidence:
        dmean: 0.0627144351602
        dmean2: 0.101437680423
        dvar: 0.00435571419075
        dvar2: 0.009900059551
        max: 0.875627279282
        mean: 0.534890294075
        min: 0.155950844288
        var: 0.0338124595582
    pitch_salience:
        dmean: 0.0524408556521
        dmean2: 0.0806927010417
        dvar: 0.00227741640992
        dvar2: 0.00512573309243
        max: 0.839697659016
        mean: 0.521840691566
        min: 0.151441633701
        var: 0.0207469537854
    silence_rate_20dB:
        dmean: 0
        dmean2: 0
        dvar: 0
        dvar2: 0
        max: 1
        mean: 1
        min: 1
        var: 0
    silence_rate_30dB:
        dmean: 0
        dmean2: 0
        dvar: 0
        dvar2: 0
        max: 1
        mean: 1
        min: 1
        var: 0
    silence_rate_60dB:
        dmean: 0.0279069766402
        dmean2: 0.0536130517721
        dvar: 0.0271283127367
        dvar2: 0.0600627101958
        max: 1
        mean: 0.584686756134
        min: 0
        var: 0.24282798171
    spectral_centroid:
        dmean: 145.46257019
        dmean2: 232.49331665
        dvar: 39100.1289062
        dvar2: 82666.7109375
        max: 3007.41503906
        mean: 838.364746094
        min: 232.711898804
        var: 213776.09375
    spectral_complexity:
        dmean: 1.65654206276
        dmean2: 2.6440281868
        dvar: 6.6787686348
        dvar2: 14.5430831909
        max: 34
        mean: 7.4149184227
        min: 0
        var: 69.5341644287
    spectral_crest:
        dmean: 1.79990279675
        dmean2: 2.89699220657
        dvar: 3.19505286217
        dvar2: 7.650203228
        max: 25.2447395325
        mean: 10.9982299805
        min: 3.36466622353
        var: 26.7800064087
    spectral_decrease:
        dmean: 1.92494770124e-10
        dmean2: 3.05962477576e-10
        dvar: 1.22448735148e-19
        dvar2: 3.10817535413e-19
        max: -7.34135408714e-12
        mean: -6.96655233501e-10
        min: -3.03787128786e-09
        var: 6.95929331519e-19
    spectral_energy:
        dmean: 0.00076553580584
        dmean2: 0.00120995438192
        dvar: 1.98560951503e-06
        dvar2: 4.95068707096e-06
        max: 0.012720038183
        mean: 0.00294222426601
        min: 2.9380322303e-05
        var: 1.24582111312e-05
    spectral_energyband_high:
        dmean: 5.25614486833e-05
        dmean2: 7.85959855421e-05
        dvar: 1.69495830704e-08
        dvar2: 3.29277156652e-08
        max: 0.00207458552904
        mean: 0.00013103884703
        min: 9.81117742604e-10
        var: 5.09872286614e-08
    spectral_energyband_low:
        dmean: 0.000127362538478
        dmean2: 0.000202762792469
        dvar: 5.89747521929e-08
        dvar2: 1.54161284627e-07
        max: 0.0023719011806
        mean: 0.000321019702824
        min: 3.44855255463e-09
        var: 2.12584026826e-07
    spectral_energyband_middle_high:
        dmean: 0.000232577556744
        dmean2: 0.000331578718033
        dvar: 2.93796944106e-07
        dvar2: 6.47918682262e-07
        max: 0.00877652317286
        mean: 0.000900430430193
        min: 3.52680359583e-07
        var: 1.5855177935e-06
    spectral_energyband_middle_low:
        dmean: 0.000657054246403
        dmean2: 0.00105474411976
        dvar: 1.54529834617e-06
        dvar2: 3.94316839447e-06
        max: 0.00952803250402
        mean: 0.00158965587616
        min: 2.35463576246e-05
        var: 4.1997345761e-06
    spectral_flatness_db:
        dmean: 0.0164336916059
        dmean2: 0.0253307912499
        dvar: 0.000289009854896
        dvar2: 0.000637504737824
        max: 0.478862017393
        mean: 0.253409206867
        min: 0.106457516551
        var: 0.0104366624728
    spectral_flux:
        dmean: 0.00548030855134
        dmean2: 0.0090822018683
        dvar: 7.69392208895e-05
        dvar2: 0.000180629009265
        max: 0.0866672024131
        mean: 0.0222368706018
        min: 0.000247368880082
        var: 0.000562214641832
    spectral_kurtosis:
        dmean: 6.56649827957
        dmean2: 11.2235870361
        dvar: 85.0164794922
        dvar2: 227.632415771
        max: 94.4019546509
        mean: 17.3923358917
        min: -0.206459760666
        var: 366.913726807
    spectral_rms:
        dmean: 0.000168026628671
        dmean2: 0.000260990025708
        dvar: 7.75142083853e-08
        dvar2: 1.84478750498e-07
        max: 0.00352275371552
        mean: 0.00129305047449
        min: 0.000169303661096
        var: 1.19848266422e-06
    spectral_rolloff:
        dmean: 322.343902588
        dmean2: 523.352661133
        dvar: 227250.78125
        dvar2: 538328.3125
        max: 5081.8359375
        mean: 1795.6373291
        min: 236.865234375
        var: 1440694.125
    spectral_skewness:
        dmean: 0.515980362892
        dmean2: 0.871262907982
        dvar: 0.38313382864
        dvar2: 0.935985922813
        max: 8.12969303131
        mean: 2.61189293861
        min: 0.685912847519
        var: 2.37447285652
    spectral_spread:
        dmean: 328278.0625
        dmean2: 502455.5
        dvar: 177047748608
        dvar2: 328380121088
        max: 9148669
        mean: 3262533.75
        min: 873899.1875
        var: 2.64228805018e+12
    spectral_strongpeak:
        dmean: 0.132074281573
        dmean2: 0.226548865438
        dvar: 0.0704617723823
        dvar2: 0.161243513227
        max: 2.80973410606
        mean: 0.254396021366
        min: 0.0153395486996
        var: 0.137590125203
    zerocrossingrate:
        dmean: 0.0057920650579
        dmean2: 0.00692170113325
        dvar: 3.65342275472e-05
        dvar2: 4.03736012231e-05
        max: 0.13525390625
        mean: 0.0541696250439
        min: 0.00927734375
        var: 0.000790778722148
    barkbands:
        dmean: [2.01634080099e-07, 3.00568244711e-05, 0.00011421382078, 0.000246694631642, 0.00035852129804, 8.6123814981e-05, 0.000168937767739, 4.07730840379e-05, 0.000125342601677, 3.9839407691e-05, 1.44670357258e-05, 2.57872561633e-05, 1.52916018124e-05, 1.87705536518e-05, 4.34410685557e-05, 4.75051419926e-05, 7.16558133718e-05, 8.46493639983e-05, 7.08228544681e-05, 4.63705437141e-05, 2.42958321905e-05, 9.9435201264e-06, 1.77989977601e-06, 7.56275824187e-07, 6.01313502102e-07, 1.22180168205e-08, 1.66502561738e-10]
        dmean2: [2.23537696797e-07, 5.17653788847e-05, 0.000183032621862, 0.000424651370849, 0.000602765590884, 0.000135592883453, 0.000268248724751, 6.6176027758e-05, 0.000188524223631, 5.84200206504e-05, 2.39386390604e-05, 3.68793153029e-05, 2.55675986409e-05, 3.0823306588e-05, 6.93614347256e-05, 7.49828541302e-05, 0.000119981064927, 0.000137090421049, 0.000108408501546, 7.55984510761e-05, 3.85590683436e-05, 1.53044766193e-05, 2.44830198426e-06, 1.01182445178e-06, 8.73129636147e-07, 1.78605521484e-08, 2.76863920678e-10]
        dvar: [1.25669518194e-11, 3.00774005701e-09, 5.19793985632e-08, 3.43230141198e-07, 5.36488698799e-07, 2.11775450509e-08, 1.44658258705e-07, 1.27022827812e-08, 1.0258658989e-07, 2.85570269654e-08, 1.10681530607e-09, 4.87583262654e-09, 1.14157128195e-09, 3.2904352576e-09, 1.67490501468e-08, 1.37566473768e-08, 1.99018632685e-08, 8.05057993603e-08, 2.54048053705e-08, 1.22143086756e-08, 3.63702223893e-09, 1.36866906697e-09, 5.56534436591e-11, 9.48280776819e-12, 6.79362989475e-12, 8.92248307133e-16, 6.07579049171e-19]
        dvar2: [1.26294209465e-11, 8.22823853497e-09, 1.36027054509e-07, 9.40841175634e-07, 1.40288398143e-06, 5.68916327381e-08, 3.2876835121e-07, 3.60624206053e-08, 2.34920264575e-07, 4.12520080317e-08, 3.10984860086e-09, 9.59816315316e-09, 3.20820880972e-09, 8.62314575301e-09, 3.47421327263e-08, 3.31129008657e-08, 5.47608038914e-08, 2.0242717369e-07, 5.74683447496e-08, 3.06162277752e-08, 8.05172106766e-09, 2.548143474e-09, 1.01072906988e-10, 1.607340476e-11, 1.28603898364e-11, 1.73040964306e-15, 7.24192180194e-19]
        max: [7.34662899049e-05, 0.000378646218451, 0.00214950297959, 0.00450733117759, 0.00655178073794, 0.00174126261845, 0.00358090689406, 0.00156666617841, 0.00339694740251, 0.00342391105369, 0.000485417724121, 0.0018689094577, 0.000376054667868, 0.000852773722727, 0.00155839510262, 0.00162510597147, 0.00181762815919, 0.00468942616135, 0.00270035932772, 0.0012236215407, 0.000869248528033, 0.000548575539142, 0.000137408089358, 6.30686336081e-05, 3.64741426893e-05, 4.68836589107e-07, 1.56705848298e-08]
        mean: [2.08902037002e-07, 5.12713522767e-05, 0.000269621348707, 0.000255440274486, 0.000559674750548, 0.000186806311831, 0.000299530074699, 6.0068374296e-05, 0.00021010733326, 6.37762859697e-05, 2.38028223976e-05, 5.72403696424e-05, 2.23899569392e-05, 2.85034748231e-05, 7.73658466642e-05, 8.89531220309e-05, 0.000152962646098, 0.000173486769199, 0.000175382621819, 0.000104831924546, 5.4255953728e-05, 2.04961652344e-05, 3.23812218994e-06, 1.65276594544e-06, 1.12756674753e-06, 3.14080494945e-08, 1.6761217414e-10]
        min: [5.28861514044e-13, 4.98604380006e-10, 1.59747703954e-09, 2.89439361367e-09, 8.75405658007e-06, 6.96987683568e-07, 5.03561414789e-09, 6.00628480285e-09, 2.20478373336e-08, 1.39804896548e-08, 7.05660907485e-09, 1.5056133007e-09, 3.16215964524e-09, 2.90030499617e-10, 6.54588050431e-10, 7.48427453345e-09, 5.813730386e-09, 2.42230813186e-09, 3.81647380365e-09, 6.47885634031e-10, 3.53872015024e-10, 1.35025823855e-10, 4.164016007e-11, 2.77509907415e-11, 2.9254338535e-11, 1.60551487469e-12, 6.4678271182e-16]
        var: [1.25463120795e-11, 6.17193141039e-09, 1.65066410318e-07, 2.95307330589e-07, 7.62045999636e-07, 6.98514242004e-08, 2.96659692367e-07, 1.685869222e-08, 2.58489279759e-07, 5.33355084542e-08, 1.89347026947e-09, 2.62762487324e-08, 2.02740002564e-09, 5.16547782325e-09, 3.79206319678e-08, 3.47374182752e-08, 5.7839702805e-08, 1.25445282606e-07, 6.91823558441e-08, 2.67239084195e-08, 8.79169093082e-09, 3.05810199386e-09, 1.20285781335e-10, 2.69315420659e-11, 1.49737756916e-11, 3.47955311381e-15, 6.183210751e-19]
    mfcc:
        mean: [-890.088195801, 173.243103027, -48.6352386475, 59.7149848938, -4.0608549118, -29.8287715912, -13.773727417, -6.20638895035, -6.78954553604, -19.7838668823, -16.686706543, -11.3354921341, -7.62895441055]
        cov: [[37197.7539062, -10175.9365234, 2016.72973633, 273.067565918, -1317.6932373, 2923.34790039, 1384.48876953, 43.1538085938, 994.715087891, 1953.39416504, 2013.3079834, 851.08972168, 584.656677246], [-10175.9365234, 3158.04174805, -645.23638916, -108.714988708, 385.304840088, -774.644836426, -304.408721924, 54.4874534607, -251.873321533, -511.677093506, -519.086120605, -230.092376709, -121.394775391], [2016.72973633, -645.23638916, 631.997253418, -77.6288986206, -59.7995529175, 362.946228027, 110.765396118, -88.5728683472, 23.0525131226, 223.826095581, 199.794998169, 61.2452430725, 24.8111286163], [273.067565918, -108.714988708, -77.6288986206, 374.317138672, 181.68560791, -6.889772892, -44.4285850525, 108.216751099, 56.2290916443, -128.551696777, 9.44086647034, 84.6303405762, 16.9782180786], [-1317.6932373, 385.304840088, -59.7995529175, 181.68560791, 280.771820068, -88.678527832, -117.987663269, 56.0686073303, 25.7255039215, -112.744010925, -39.7106513977, 10.377409935, -18.7353973389], [2923.34790039, -774.644836426, 362.946228027, -6.889772892, -88.678527832, 468.77456665, 183.001083374, -19.1964530945, 69.6151504517, 193.98789978, 238.398773193, 67.0035629272, 57.0990447998], [1384.48876953, -304.408721924, 110.765396118, -44.4285850525, -117.987663269, 183.001083374, 260.103515625, 37.1941833496, -12.1067066193, 116.991439819, 108.32119751, 48.5180358887, 29.1120796204], [43.1538085938, 54.4874534607, -88.5728683472, 108.216751099, 56.0686073303, -19.1964530945, 37.1941833496, 183.456573486, 43.2986564636, -94.7033996582, 0.10535171628, 28.3028278351, 28.0245838165], [994.715087891, -251.873321533, 23.0525131226, 56.2290916443, 25.7255039215, 69.6151504517, -12.1067066193, 43.2986564636, 130.205856323, 54.0367279053, 43.7592468262, 1.90096592903, 19.140203476], [1953.39416504, -511.677093506, 223.826095581, -128.551696777, -112.744010925, 193.98789978, 116.991439819, -94.7033996582, 54.0367279053, 275.908294678, 126.977752686, 0.14129909873, 10.9558067322], [2013.3079834, -519.086120605, 199.794998169, 9.44086647034, -39.7106513977, 238.398773193, 108.32119751, 0.10535171628, 43.7592468262, 126.977752686, 200.300598145, 83.969871521, 33.8778800964], [851.08972168, -230.092376709, 61.2452430725, 84.6303405762, 10.377409935, 67.0035629272, 48.5180358887, 28.3028278351, 1.90096592903, 0.14129909873, 83.969871521, 139.339141846, 32.2616004944], [584.656677246, -121.394775391, 24.8111286163, 16.9782180786, -18.7353973389, 57.0990447998, 29.1120796204, 28.0245838165, 19.140203476, 10.9558067322, 33.8778800964, 32.2616004944, 72.521446228]]
        icov: [[0.000527708267327, 0.00124233984388, 0.000583427841775, -0.000114850721729, 0.000336723111104, -0.00053720473079, 4.34478351963e-05, -0.00069005828118, -0.000308538466925, -0.00118467689026, -0.000918294885196, -0.000260031374637, -0.000783221854363], [0.00124233984388, 0.00415567681193, 0.00158737506717, 0.00129708612803, -0.0015742755495, -0.000668364635203, -0.000903017411474, -0.0013383027399, 2.35360257648e-05, -0.00142390863039, -0.00112240284216, -6.44568808639e-06, -0.00217076507397], [0.000583427841775, 0.00158737506717, 0.00441113905981, 0.000731422100216, -0.00081840303028, -0.00355751509778, 0.00139211036731, -0.00119198765606, 0.00172062590718, -0.00339188077487, -0.000409960601246, -0.00149523036089, -0.000320448656566], [-0.000114850721729, 0.00129708612803, 0.000731422100216, 0.00824936106801, -0.0061248447746, -0.000340851256624, -0.00202942732722, 0.000604476546869, -0.00196288269944, 0.00459337374195, 0.00230598519556, -0.00268035335466, 0.00012201705249], [0.000336723111104, -0.0015742755495, -0.00081840303028, -0.0061248447746, 0.0117721240968, -0.000703141209669, 0.00463150907308, -0.00261722272262, -0.00120804680046, -0.00332165905274, -0.00339380046353, -0.000537892454304, 0.00175641558599], [-0.00053720473079, -0.000668364635203, -0.00355751509778, -0.000340851256624, -0.000703141209669, 0.0106417573988, -0.00495396647602, 0.00409184163436, -0.00326112681068, 0.00483832322061, -0.00669740932062, 0.00439477572218, -0.00234054774046], [4.34478351963e-05, -0.000903017411474, 0.00139211036731, -0.00202942732722, 0.00463150907308, -0.00495396647602, 0.0129375588149, -0.00876908190548, 0.00774014601484, -0.00905900541693, 0.000655792304315, -0.00269530899823, 0.00164753955323], [-0.00069005828118, -0.0013383027399, -0.00119198765606, 0.000604476546869, -0.00261722272262, 0.00409184163436, -0.00876908190548, 0.0164938066155, -0.0092887384817, 0.0118916416541, -0.00193369167391, 0.00194367067888, -0.0024684520904], [-0.000308538466925, 2.35360257648e-05, 0.00172062590718, -0.00196288269944, -0.00120804680046, -0.00326112681068, 0.00774014601484, -0.0092887384817, 0.0197189096361, -0.00954557117075, 0.00205270037986, 0.00180244853254, -0.000387450621929], [-0.00118467689026, -0.00142390863039, -0.00339188077487, 0.00459337374195, -0.00332165905274, 0.00483832322061, -0.00905900541693, 0.0118916416541, -0.00954557117075, 0.0205847658217, -0.00285786250606, 0.00393328582868, 0.00062079395866], [-0.000918294885196, -0.00112240284216, -0.000409960601246, 0.00230598519556, -0.00339380046353, -0.00669740932062, 0.000655792304315, -0.00193369167391, 0.00205270037986, -0.00285786250606, 0.0229290351272, -0.0083399778232, 0.00289403181523], [-0.000260031374637, -6.44568808639e-06, -0.00149523036089, -0.00268035335466, -0.000537892454304, 0.00439477572218, -0.00269530899823, 0.00194367067888, 0.00180244853254, 0.00393328582868, -0.0083399778232, 0.015454989858, -0.00409286562353], [-0.000783221854363, -0.00217076507397, -0.000320448656566, 0.00012201705249, 0.00175641558599, -0.00234054774046, 0.00164753955323, -0.0024684520904, -0.000387450621929, 0.00062079395866, 0.00289403181523, -0.00409286562353, 0.0196169968694]]
    spectral_contrast:
        mean: [-4.15626033146e-07, 2.8889670034e-07, 5.12683300258e-08, -1.11845544382e-07, -7.66298285271e-07, 2.71173348665e-07, -3.18308252645e-06, -1.86830686744e-06, -1.92332663573e-06, 5.71843338548e-06, -7.96951610482e-07, 2.31193780564e-07]
        var: [0.000404268997954, 0.00103676330764, 0.00145105156116, 0.00215027364902, 0.00260546710342, 0.00509809004143, 0.054462775588, 0.0880936011672, 0.150574848056, 0.243754297495, 0.475975513458, 24.5729637146]

rhythm:
    beats_loudness:
        dmean: 0.000832194811665
        dmean2: 0.00165084272157
        dvar: 2.39231007981e-06
        dvar2: 5.53397421754e-06
        max: 0.0107258567587
        mean: 0.00275567430072
        min: 5.91737370996e-05
        var: 1.2880785107e-05
    beats_loudness_bass:
        dmean: 0.0654322952032
        dmean2: 0.0949395745993
        dvar: 0.00936709996313
        dvar2: 0.0193680841476
        max: 0.451043099165
        mean: 0.0985430926085
        min: 0.00132502126507
        var: 0.0171211175621
    bpm: 194.453704834
    bpm_confidence: 0
    first_peak_bpm: 192
    first_peak_spread: 0
    first_peak_weight: 0.666666686535
    onset_rate: 2.19892311096
    second_peak_bpm: 136
    second_peak_spread: 0
    second_peak_weight: 0.296296298504
    beats_position: [0.175809308887, 0.487586587667, 0.799363851547, 1.11114108562, 1.42291843891, 1.73469567299, 2.04647278786, 2.35825014114, 2.67002725601, 2.98180437088, 3.29358172417, 3.60535883904, 3.9171359539, 4.22891330719, 4.54069042206, 4.85246753693, 5.16424465179, 5.4760222435, 5.78779935837, 6.03593826294, 6.47683954239, 6.91774082184, 7.35864210129, 7.79954338074, 8.24044418335, 8.68134593964, 9.12224674225, 9.56314849854]
    bpm_estimates: [195.040283203, 194.951553345, 193.616851807, 194.20614624]
    bpm_intervals: [0.311777293682, 0.31177726388, 0.311777234077, 0.311777353287, 0.311777234077, 0.311777114868, 0.311777353287, 0.311777114868, 0.311777114868, 0.311777353287, 0.311777114868, 0.311777114868, 0.311777353287, 0.311777114868, 0.311777114868, 0.311777114868, 0.311777591705, 0.311777114868, 0.248138904572, 0.440901279449, 0.440901279449, 0.440901279449, 0.440901279449, 0.440900802612, 0.440901756287, 0.440900802612, 0.440901756287]
    onset_times: [5.41024923325, 5.71210861206, 5.89786863327, 6.21133804321, 6.31582784653, 6.3622674942, 6.58285713196, 6.84988641739, 7.01242637634, 7.1517457962, 7.33750581741, 7.46521520615, 7.61614513397, 7.80190467834, 7.95283460617, 8.09215450287, 8.12698459625, 8.38240337372, 8.88163280487, 9.21832180023, 9.36925125122, 9.84526062012]
    rubato_start: [6.47683954239]
    rubato_stop: [9.56314849854]
    perceptual_tempo: "unknown"

sfx:
    inharmonicity:
        dmean: 0.032446231693
        dmean2: 0.0578874833882
        dvar: 0.00301548256539
        dvar2: 0.00866114441305
        max: 0.392205089331
        mean: 0.0310534927994
        min: 7.32571243134e-06
        var: 0.0023204931058
    oddtoevenharmonicenergyratio:
        dmean: 52.9306411743
        dmean2: 100.500190735
        dvar: 144955.5625
        dvar2: 405537.9375
        max: 5414.78759766
        mean: 30.0831184387
        min: 1.29603276946e-05
        var: 87398.25
    pitch_after_max_to_before_max_energy_ratio: 1.88547766209
    pitch_centroid: 276.786376953
    pitch_max_to_total: 0.659673631191
    pitch_min_to_total: 0.792540788651
    tristimulus:
        dmean: [0.201020553708, 0.218362167478, 0.0894118696451]
        dmean2: [0.361923158169, 0.399591773748, 0.160141989589]
        dvar: [0.0521859452128, 0.0592692494392, 0.0148993851617]
        dvar2: [0.133923456073, 0.157514020801, 0.041939906776]
        max: [0.989895224571, 0.998220324516, 0.734235644341]
        mean: [0.499767452478, 0.384665638208, 0.0862562432885]
        min: [0.00177967094351, 0, 0]
        var: [0.0808341652155, 0.081116117537, 0.013756965287]

tonal:
    chords_changes_rate: 0.0231481473893
    chords_number_rate: 0.0277777779847
    chords_strength:
        dmean: 0.00749827595428
        dmean2: 0.00547918211669
        dvar: 3.27557245328e-05
        dvar2: 3.13773271046e-05
        max: 0.69815915823
        mean: 0.556339204311
        min: 0.407545626163
        var: 0.00733371963724
    key_strength: 0.737876951694
    tuning_diatonic_strength: 0.579772174358
    tuning_equal_tempered_deviation: 0.0466212928295
    tuning_frequency: 440
    tuning_nontempered_energy_ratio: 0.639218986034
    hpcp:
        dmean: [0.168074175715, 0.141122221947, 0.085764169693, 0.0591259077191, 0.0458390824497, 0.05299089849, 0.0638417080045, 0.0654333233833, 0.062173511833, 0.0704554840922, 0.0628004893661, 0.0540691763163, 0.0495905019343, 0.0499774888158, 0.0578111335635, 0.0638530030847, 0.0562607198954, 0.0497195273638, 0.0424916259944, 0.0455972850323, 0.105646565557, 0.120112270117, 0.109594233334, 0.0866046100855, 0.0696588084102, 0.0892125144601, 0.105719804764, 0.0957086980343, 0.0859965980053, 0.0702382624149, 0.0944235250354, 0.0812498256564, 0.0635217055678, 0.0521320290864, 0.0899011194706, 0.18052251637]
        dmean2: [0.284794896841, 0.228320404887, 0.147342741489, 0.103692695498, 0.0800145491958, 0.0884554162621, 0.108740217984, 0.110039450228, 0.108262009919, 0.120846688747, 0.108477771282, 0.095259308815, 0.0775083675981, 0.0856275185943, 0.0897136852145, 0.0996886044741, 0.0915689989924, 0.0840482264757, 0.0770165845752, 0.0821095257998, 0.17922654748, 0.199690282345, 0.179602816701, 0.148119807243, 0.110196255147, 0.148692026734, 0.180398419499, 0.159426122904, 0.13928937912, 0.12674254179, 0.161000713706, 0.138223156333, 0.113832436502, 0.0917257592082, 0.153784453869, 0.292568981647]
        dvar: [0.0549157559872, 0.0278648864478, 0.0297779310495, 0.0211208350956, 0.014366671443, 0.0156140783802, 0.0197074506432, 0.0221352018416, 0.0198912471533, 0.0341097041965, 0.0176347251981, 0.0121673187241, 0.00659524509683, 0.00663996348158, 0.0106715206057, 0.017223091796, 0.00770868035033, 0.0140729276463, 0.0164146237075, 0.0144068282098, 0.0314574055374, 0.0335546918213, 0.0300038717687, 0.0287887975574, 0.016186485067, 0.0315320529044, 0.0367629379034, 0.0331690311432, 0.01641792804, 0.019543806091, 0.0380218289793, 0.0308681260794, 0.0218428708613, 0.00860346388072, 0.0160344094038, 0.0424125567079]
        dvar2: [0.10778619349, 0.0737522542477, 0.0804764404893, 0.0599924325943, 0.0378864817321, 0.043340601027, 0.0537439547479, 0.0581670179963, 0.051947530359, 0.0867473483086, 0.0504218563437, 0.0359556935728, 0.0156336035579, 0.0185766015202, 0.0250897668302, 0.0280658379197, 0.0165600832552, 0.0366407446563, 0.047180518508, 0.0414367541671, 0.0860081613064, 0.081968575716, 0.0805089697242, 0.0814648270607, 0.0378405451775, 0.0800174027681, 0.0901299118996, 0.0770342051983, 0.0374252088368, 0.0497044920921, 0.108584024012, 0.0837965384126, 0.0626677200198, 0.023488746956, 0.04218551144, 0.0942836329341]
        max: [1, 1, 1, 1, 1, 1, 1, 1, 1, 1, 1, 0.890952885151, 0.591729938984, 0.666269779205, 1, 1, 0.771344661713, 1, 0.957176923752, 0.967073440552, 1, 1, 1, 1, 1, 1, 1, 1, 0.943823039532, 1, 1, 1, 1, 0.575210750103, 1, 1]
        mean: [0.635130286217, 0.308922886848, 0.0924298092723, 0.0567987188697, 0.0443761795759, 0.0625328943133, 0.0967138111591, 0.0880409702659, 0.101243205369, 0.122860141098, 0.0817629620433, 0.0664893463254, 0.0791579782963, 0.071170322597, 0.190032035112, 0.264151185751, 0.143470972776, 0.0798512846231, 0.0589446313679, 0.0430590435863, 0.153513684869, 0.260110914707, 0.184427157044, 0.105084232986, 0.124452628195, 0.111650653183, 0.162305295467, 0.234795182943, 0.149849504232, 0.0895460546017, 0.110799014568, 0.0924964919686, 0.0636283159256, 0.0543010160327, 0.10826665163, 0.468643158674]
        min: [0.00057978334371, 0.000808366166893, 3.40843980666e-05, 1.32850352941e-08, 1.36230300996e-06, 4.78727488371e-05, 3.38851605193e-05, 7.80549889896e-05, 7.16547292541e-05, 6.2923769292e-05, 7.08317602403e-05, 6.44690298941e-05, 1.65018082043e-05, 7.89991245256e-05, 0.000232208520174, 0.000233308470342, 0.000183253010619, 0.000234504739637, 6.79074946675e-05, 3.10940231429e-05, 9.37953300308e-05, 0.000183228199603, 0.000105225393781, 1.45569201777e-05, 1.85858169743e-07, 7.51636762288e-05, 2.07694993151e-05, 1.42143505855e-07, 1.87220757653e-05, 2.1129482775e-05, 2.49633048952e-05, 4.80223170598e-05, 4.19442949351e-06, 0, 5.03462797496e-05, 0.000496156688314]
        var: [0.129829764366, 0.0488508604467, 0.0315002575517, 0.0179494768381, 0.0124263986945, 0.0142581863329, 0.0257760845125, 0.0261686295271, 0.0459208264947, 0.0745997279882, 0.0253877285868, 0.0126648601145, 0.0112840970978, 0.00883750058711, 0.0637431964278, 0.127283647656, 0.0232660938054, 0.0170250386, 0.0130800558254, 0.00972733926028, 0.0409431271255, 0.0771231278777, 0.0537567064166, 0.029756879434, 0.0534562580287, 0.0409264750779, 0.0484340600669, 0.110521450639, 0.0372944585979, 0.0277219135314, 0.0442112721503, 0.0311568249017, 0.0160576719791, 0.00795771088451, 0.0203851331025, 0.0954073816538]
    chords_histogram: [21.7592601776, 9.72222232819, 21.7592601776, 0, 0, 0, 0, 0, 0, 0, 0, 0, 0, 0, 0, 0, 0, 25.9259262085, 0, 19.4444446564, 1.38888883591, 0, 0, 0]
    thpcp: [1, 0.486392945051, 0.145528897643, 0.0894284546375, 0.0698694139719, 0.098456799984, 0.152273967862, 0.13861875236, 0.15940541029, 0.193440854549, 0.128734156489, 0.104686155915, 0.124632664025, 0.112056255341, 0.299201667309, 0.415900796652, 0.225892186165, 0.125724256039, 0.0928071513772, 0.0677956044674, 0.241704240441, 0.409539461136, 0.290376901627, 0.165453031659, 0.195948183537, 0.175791725516, 0.255546450615, 0.369680345058, 0.23593506217, 0.140988484025, 0.174450844526, 0.145633891225, 0.100181519985, 0.0854958668351, 0.170463696122, 0.7378693223]
    chords_key: "D"
    chords_scale: "minor"
    key_key: "D"
    key_scale: "major"
    chords_progression: ["F#m", "F#m", "F#m", "F#m", "F#m", "F#m", "F#m", "F#m", "F#m", "F#m", "F#m", "F#m", "F#m", "F#m", "F#m", "F#m", "F#m", "F#m", "F#m", "F#m", "F#m", "D", "D", "D", "D", "D", "D", "D", "D", "D", "D", "D", "D", "D", "D", "D", "D", "D", "D", "D", "D", "D", "D", "D", "D", "D", "D", "D", "D", "D", "D", "D", "D", "D", "D", "D", "D", "D", "D", "D", "D", "D", "D", "D", "D", "D", "D", "D", "Dm", "Dm", "Dm", "Dm", "Dm", "Dm", "Dm", "Dm", "Dm", "Dm", "Dm", "Dm", "Dm", "Dm", "Dm", "Dm", "Dm", "Dm", "Dm", "Dm", "Dm", "Dm", "Dm", "Dm", "Dm", "Dm", "Dm", "Dm", "Dm", "Dm", "Dm", "Dm", "Dm", "Dm", "Dm", "Dm", "Dm", "Dm", "Dm", "Dm", "Dm", "Dm", "Dm", "Dm", "Dm", "Dm", "Dm", "Dm", "Dm", "Dm", "Dm", "Dm", "Dm", "Dm", "Dm", "Dm", "A", "A", "A", "A", "A", "A", "A", "A", "A", "A", "A", "A", "A", "A", "A", "A", "A", "A", "A", "A", "A", "A", "A", "A", "A", "A", "A", "A", "A", "A", "A", "A", "A", "A", "A", "A", "A", "A", "A", "A", "A", "A", "A", "A", "A", "A", "A", "Am", "Am", "Am", "Am", "Am", "Am", "Am", "Am", "Am", "Am", "Am", "Am", "Am", "Am", "Am", "Am", "Am", "Am", "Am", "Am", "Am", "Am", "Am", "Am", "Am", "Am", "Am", "Am", "Am", "Am", "Am", "Am", "Am", "Am", "Am", "Am", "Am", "Am", "Am", "Am", "Am", "Am", "C", "C", "C"]
