
metadata:
    version:
        essentia: "1.2.2"
    audio_properties:
        analysis_sample_rate: 44100
        bitrate: 128
        channels: 2
        equal_loudness: 1
        length: 10.0571432114
        replay_gain: -3.0567150116
        downmix: "mix"
    tags:
        track: 24
        year: 0
        album: "Splitted by Mp3Splt v. 2.1"
        artist: "From 003.50 To 004.00"
        comment: "http://mp3splt.sf.net"
        genre: ""
        title: "13 Means to an End.mp3"

highlevel:
    ballroom:
        all:
            ChaChaCha: 0.267211019993
            Jive: 0.116176873446
            Quickstep: 0.0189873557538
            Rumba-American: 0.0039519648999
            Rumba-International: 0.0252522304654
            Rumba-Misc: 0.00819287449121
            Samba: 0.540197849274
            Tango: 0.00847471412271
            VienneseWaltz: 0.00315822265111
            Waltz: 0.0083968564868
        probability: 0.540197849274
        value: "Samba"
    culture:
        all:
            non_western: 0.784407138824
            western: 0.215592846274
        probability: 0.784407138824
        value: "non_western"
    gender:
        all:
            female: 0.925735354424
            male: 0.0742646232247
        probability: 0.925735354424
        value: "female"
    genre_dortmund:
        all:
            alternative: 0.0865412205458
            blues: 0.0543195456266
            electronic: 0.0955551788211
            folkcountry: 0.0626998767257
            funksoulrnb: 0.0205941554159
            jazz: 0.274337589741
            pop: 0.0504921413958
            raphiphop: 0.0249742642045
            rock: 0.330486029387
        probability: 0.330486029387
        value: "rock"
    genre_electronica:
        all:
            ambient: 0.296157360077
            dnb: 0.269969046116
            house: 0.19134759903
            techno: 0.217740118504
            trance: 0.0247858650982
        probability: 0.296157360077
        value: "ambient"
    genre_rosamerica:
        all:
            cla: 0.0948668941855
            dan: 0.506792128086
            hip: 0.123884506524
            jaz: 0.020798580721
            pop: 0.0377601720393
            rhy: 0.0600882358849
            roc: 0.118176050484
            spe: 0.0376334004104
        probability: 0.506792128086
        value: "dan"
    genre_tzanetakis:
        all:
            blu: 0.0110387913883
            cla: 0.0271624419838
            cou: 0.0165983512998
            dis: 0.212857186794
            hip: 0.294234961271
            jaz: 0.0259370058775
            met: 0.0694288611412
            pop: 0.140156641603
            reg: 0.0932440906763
            roc: 0.109341658652
        probability: 0.294234961271
        value: "hip"
    live_studio:
        all:
            live: 0.377213537693
            studio: 0.622786462307
        probability: 0.622786462307
        value: "studio"
    mood:
        all:
            Cluster1: 0.102572150528
            Cluster2: 0.109831318259
            Cluster3: 0.12488424778
            Cluster4: 0.0430285222828
            Cluster5: 0.619683742523
        probability: 0.619683742523
        value: "Cluster5"
    mood_acoustic:
        all:
            acoustic: 0.27559709549
            not_acoustic: 0.72440290451
        probability: 0.72440290451
        value: "not_acoustic"
    mood_aggressive:
        all:
            aggressive: 0.204496636987
            not_aggressive: 0.795503377914
        probability: 0.795503377914
        value: "not_aggressive"
    mood_electronic:
        all:
            electronic: 0.660334646702
            not_electronic: 0.339665353298
        probability: 0.660334646702
        value: "electronic"
    mood_happy:
        all:
            happy: 0.313736051321
            not_happy: 0.686263978481
        probability: 0.686263978481
        value: "not_happy"
    mood_party:
        all:
            not_party: 0.336906075478
            party: 0.663093924522
        probability: 0.663093924522
        value: "party"
    mood_relaxed:
        all:
            not_relaxed: 0.737455427647
            relaxed: 0.262544602156
        probability: 0.737455427647
        value: "not_relaxed"
    mood_sad:
        all:
            not_sad: 0.661459684372
            sad: 0.338540315628
        probability: 0.661459684372
        value: "not_sad"
    rhythm:
        all:
            fast: 0.316021233797
            medium: 0.520869493484
            slow: 0.163109302521
        probability: 0.520869493484
        value: "medium"
    speech_music:
        all:
            music: 0.00509313168004
            speech: 0.994906842709
        probability: 0.994906842709
        value: "speech"
    timbre:
        all:
            bright: 0.0480061806738
            dark: 0.951993823051
        probability: 0.951993823051
        value: "dark"
    voice_instrumental:
        all:
            instrumental: 0.992692470551
            voice: 0.00730753829703
        probability: 0.992692470551
        value: "instrumental"

lowlevel:
    average_loudness: 0.311579167843
    barkbands_kurtosis:
        dmean: 2.6900832653
        dmean2: 4.54012823105
        dvar: 29.4559707642
        dvar2: 76.9978866577
        max: 58.9635429382
        mean: 4.82311058044
        min: -1.68220114708
        var: 91.0022583008
    barkbands_skewness:
        dmean: 0.481556117535
        dmean2: 0.780137658119
        dvar: 0.325326025486
        dvar2: 0.876987159252
        max: 5.21523809433
        mean: 0.38793823123
        min: -7.10599374771
        var: 4.82887840271
    barkbands_spread:
        dmean: 3.89745044708
        dmean2: 6.29639673233
        dvar: 20.0366287231
        dvar2: 57.1357078552
        max: 42.6220397949
        mean: 19.4075183868
        min: 2.12543845177
        var: 77.8724746704
    dissonance:
        dmean: 0.0106933005154
        dmean2: 0.0177630949765
        dvar: 0.000108981068479
        dvar2: 0.00028635331546
        max: 0.499413758516
        mean: 0.472174167633
        min: 0.404939383268
        var: 0.000427512801252
    hfc:
        dmean: 0.696426272392
        dmean2: 1.10050451756
        dvar: 3.39898395538
        dvar2: 8.95812320709
        max: 19.5626296997
        mean: 1.90228796005
        min: 0.0129129309207
        var: 6.95640420914
    pitch:
        dmean: 517.862243652
        dmean2: 987.454528809
        dvar: 1062153
        dvar2: 2749571
        max: 4009.09082031
        mean: 1028.07800293
        min: 79.7468338013
        var: 1790083.75
    pitch_instantaneous_confidence:
        dmean: 0.0657614991069
        dmean2: 0.108280964196
        dvar: 0.00366948381998
        dvar2: 0.0090382322669
        max: 0.953267991543
        mean: 0.416089743376
        min: 0.150521218777
        var: 0.031822770834
    pitch_salience:
        dmean: 0.0656716153026
        dmean2: 0.110379263759
        dvar: 0.00383759685792
        dvar2: 0.010366297327
        max: 0.805808067322
        mean: 0.648958623409
        min: 0.242830380797
        var: 0.0101341055706
    silence_rate_20dB:
        dmean: 0
        dmean2: 0
        dvar: 0
        dvar2: 0
        max: 1
        mean: 1
        min: 1
        var: 0
    silence_rate_30dB:
        dmean: 0
        dmean2: 0
        dvar: 0
        dvar2: 0
        max: 1
        mean: 1
        min: 1
        var: 0
    silence_rate_60dB:
        dmean: 0.0599078349769
        dmean2: 0.120092377067
        dvar: 0.0563192665577
        dvar2: 0.128765553236
        max: 1
        mean: 0.648275852203
        min: 0
        var: 0.228014826775
    spectral_centroid:
        dmean: 162.209152222
        dmean2: 261.505249023
        dvar: 26308.7578125
        dvar2: 66703.21875
        max: 3430.69165039
        mean: 1448.54016113
        min: 216.367446899
        var: 881884.625
    spectral_complexity:
        dmean: 1.30324077606
        dmean2: 2.18793511391
        dvar: 6.69742393494
        dvar2: 16.0226917267
        max: 31
        mean: 4.88683605194
        min: 0
        var: 37.4489555359
    spectral_crest:
        dmean: 1.99335181713
        dmean2: 3.30245161057
        dvar: 3.38447594643
        dvar2: 8.6788187027
        max: 25.1501064301
        mean: 9.6252784729
        min: 2.69458198547
        var: 26.6611499786
    spectral_decrease:
        dmean: 3.56901036502e-10
        dmean2: 6.14835737878e-10
        dvar: 1.56929572867e-18
        dvar2: 4.43874381119e-18
        max: -1.1263417499e-12
        mean: -7.1641725885e-10
        min: -1.11782512136e-08
        var: 1.58670250389e-18
    spectral_energy:
        dmean: 0.00139544706326
        dmean2: 0.00239974446595
        dvar: 2.350079194e-05
        dvar2: 6.62159072817e-05
        max: 0.0432344973087
        mean: 0.00287646614015
        min: 5.4223087318e-06
        var: 2.44581315201e-05
    spectral_energyband_high:
        dmean: 2.95317513519e-05
        dmean2: 5.0796308642e-05
        dvar: 1.43833709387e-08
        dvar2: 3.93092562945e-08
        max: 0.00148527754936
        mean: 4.96188113175e-05
        min: 1.62427312489e-07
        var: 1.51640779933e-08
    spectral_energyband_low:
        dmean: 0.000428958592238
        dmean2: 0.000784971052781
        dvar: 4.54596192867e-06
        dvar2: 1.34723741212e-05
        max: 0.0242301151156
        mean: 0.000377437041607
        min: 5.16691187613e-08
        var: 2.98814825328e-06
    spectral_energyband_middle_high:
        dmean: 0.000164465862326
        dmean2: 0.000264247297309
        dvar: 1.28516902009e-07
        dvar2: 3.38654274401e-07
        max: 0.00409089401364
        mean: 0.000476084620459
        min: 3.09932443088e-06
        var: 4.75777852671e-07
    spectral_energyband_middle_low:
        dmean: 0.00096658122493
        dmean2: 0.00160877895541
        dvar: 9.61208206718e-06
        dvar2: 2.64829377556e-05
        max: 0.028369275853
        mean: 0.0019733265508
        min: 6.77523246395e-07
        var: 1.090556907e-05
    spectral_flatness_db:
        dmean: 0.0159349143505
        dmean2: 0.0256530772895
        dvar: 0.000318344536936
        dvar2: 0.000853869423736
        max: 0.280709207058
        mean: 0.16859357059
        min: 0.0680957064033
        var: 0.00266293575987
    spectral_flux:
        dmean: 0.0074255047366
        dmean2: 0.0123370792717
        dvar: 0.000325783563312
        dvar2: 0.000661417667288
        max: 0.170230731368
        mean: 0.0209462177008
        min: 0.0017722727498
        var: 0.000662020756863
    spectral_kurtosis:
        dmean: 1.55881500244
        dmean2: 2.62210083008
        dvar: 2.48546481133
        dvar2: 6.53798437119
        max: 21.5300559998
        mean: 6.54873037338
        min: 0.534829139709
        var: 12.6912784576
    spectral_rms:
        dmean: 0.000241729838308
        dmean2: 0.000386266852729
        dvar: 3.63329462516e-07
        dvar2: 9.51456570419e-07
        max: 0.00649461289868
        mean: 0.00122315669432
        min: 7.27327787899e-05
        var: 1.31019680794e-06
    spectral_rolloff:
        dmean: 340.792388916
        dmean2: 587.44152832
        dvar: 307446.5625
        dvar2: 804950.25
        max: 4263.57421875
        mean: 2297.78662109
        min: 193.798828125
        var: 1699842.5
    spectral_skewness:
        dmean: 0.181427314878
        dmean2: 0.307074338198
        dvar: 0.0299761537462
        dvar2: 0.0708560049534
        max: 3.64839816093
        mean: 1.93191933632
        min: 1.05101823807
        var: 0.191408470273
    spectral_spread:
        dmean: 372884.75
        dmean2: 568996
        dvar: 207295414272
        dvar2: 357458182144
        max: 11275834
        mean: 4562237
        min: 2264679.5
        var: 2.07085489357e+12
    spectral_strongpeak:
        dmean: 0.136413529515
        dmean2: 0.227246597409
        dvar: 0.0488223619759
        dvar2: 0.135755449533
        max: 1.7459769249
        mean: 0.291228622198
        min: 0.00104247150011
        var: 0.0769365876913
    zerocrossingrate:
        dmean: 0.00557680474594
        dmean2: 0.00682007707655
        dvar: 3.33373754984e-05
        dvar2: 4.11615219491e-05
        max: 0.15966796875
        mean: 0.0808291509748
        min: 0.01708984375
        var: 0.00160765263718
    barkbands:
        dmean: [3.25173452609e-08, 8.48683994263e-05, 0.000374796363758, 0.000660150020849, 0.000350690999767, 0.0001523449464, 3.43108695233e-05, 1.84305572475e-05, 1.75247150764e-05, 2.33579303313e-05, 1.34217880259e-05, 1.34022202474e-05, 1.27919965962e-05, 2.48518572334e-05, 1.23017061924e-05, 1.5905525288e-05, 4.94600208185e-05, 4.59437724203e-05, 3.75752315449e-05, 3.04375298583e-05, 1.08469048428e-05, 1.57220267738e-06, 1.14463546197e-06, 5.53071288323e-07, 4.56837312868e-07, 1.18577156982e-08, 1.40845834995e-10]
        dmean2: [5.24920906741e-08, 0.000152773733134, 0.000698255840689, 0.00107646128163, 0.00059537839843, 0.000234137783991, 5.64577494515e-05, 2.85519126919e-05, 2.55393370026e-05, 3.75909476134e-05, 2.10475373024e-05, 2.16849257413e-05, 2.1621974156e-05, 4.01916695409e-05, 2.1243284209e-05, 2.75570855592e-05, 8.19908527774e-05, 7.87747776485e-05, 5.99421000516e-05, 5.15264218848e-05, 1.83849351743e-05, 2.81671850644e-06, 1.79375979315e-06, 7.26758912606e-07, 6.18372610006e-07, 1.53274921644e-08, 2.66337452093e-10]
        dvar: [2.15631108618e-14, 9.25269034724e-08, 3.54457893081e-06, 4.1618668547e-06, 1.18001548799e-06, 9.29390182591e-08, 4.80744510867e-09, 2.01752170526e-09, 1.00498998012e-09, 1.79809078737e-09, 9.60593382615e-10, 8.08951572395e-10, 7.00291324929e-10, 3.26956683949e-09, 9.46260403367e-10, 1.21920895602e-09, 1.15887646146e-08, 8.96083474089e-09, 6.17092243971e-09, 1.62569460116e-08, 1.00196106967e-09, 2.4711495003e-11, 2.00578876425e-11, 3.86033956537e-12, 2.82374579448e-12, 4.77500339751e-15, 7.46490113151e-20]
        dvar2: [4.64076815713e-14, 2.60454015688e-07, 1.06507250166e-05, 1.15622960948e-05, 3.21347351928e-06, 2.41700007564e-07, 1.27481669665e-08, 4.74910599735e-09, 1.97959715287e-09, 4.71731365081e-09, 2.28055974105e-09, 2.0654160604e-09, 1.90424875868e-09, 8.27317858665e-09, 2.62573407461e-09, 3.32986260787e-09, 2.90507529144e-08, 2.40692514808e-08, 1.5176048862e-08, 4.51219541731e-08, 2.63462629491e-09, 7.16871215167e-11, 4.88157916867e-11, 7.0642536959e-12, 4.6685615443e-12, 7.14464583009e-15, 2.59599235667e-19]
        max: [1.76560172349e-06, 0.00339664844796, 0.0208333972842, 0.0174028500915, 0.00999810360372, 0.00441499473527, 0.000679995806422, 0.000743912998587, 0.000498189474456, 0.000416878901888, 0.000362007296644, 0.000416223192587, 0.000244467722951, 0.000642786733806, 0.000381005607778, 0.000380501936888, 0.00103373173624, 0.000925134751014, 0.00085997802671, 0.00164437119383, 0.000380024663173, 5.18782253494e-05, 5.41377085028e-05, 2.16370226553e-05, 2.90623211185e-05, 1.49543632233e-06, 1.8885486508e-09]
        mean: [3.16884332108e-08, 7.62929848861e-05, 0.000301113555906, 0.000694655464031, 0.000598171318416, 0.00050277239643, 7.8688863141e-05, 4.1415769374e-05, 5.25976793142e-05, 4.16013717768e-05, 2.23027982429e-05, 2.55037484749e-05, 2.01533985091e-05, 3.62621503882e-05, 2.18918066821e-05, 3.21204461216e-05, 0.000101979494502, 8.73596582096e-05, 7.26612997823e-05, 4.42703203589e-05, 1.93196574401e-05, 2.2558647288e-06, 1.52378765961e-06, 8.1745344005e-07, 6.85932832312e-07, 2.03341397054e-08, 1.39198402804e-10]
        min: [1.15483855118e-11, 1.38319995457e-08, 1.27933894589e-08, 2.45219577977e-09, 1.0158160535e-07, 2.53431817754e-08, 1.18344143374e-08, 1.74184968671e-08, 2.85468679806e-08, 2.94672126699e-08, 2.84338703693e-08, 1.22277057812e-07, 1.12576607592e-07, 1.43388703577e-07, 9.05701611487e-08, 2.61192667494e-07, 3.23288531945e-07, 4.713108126e-07, 3.69864409322e-07, 8.8272095411e-08, 5.82031844942e-08, 1.35447153493e-09, 8.131699758e-09, 9.92824134016e-09, 1.38685614104e-08, 1.10943365605e-09, 1.07702052572e-12]
        var: [2.1505272064e-14, 7.06121952021e-08, 2.22288008445e-06, 3.41680606653e-06, 1.39360975027e-06, 4.52016507779e-07, 1.50240335728e-08, 6.10373351861e-09, 7.72668773408e-09, 5.01797181585e-09, 2.07243910921e-09, 2.20700080433e-09, 1.27142762985e-09, 5.75778713596e-09, 1.323667842e-09, 2.48894749255e-09, 3.48210846823e-08, 2.1654495086e-08, 1.23052448231e-08, 1.4526864156e-08, 1.55209634034e-09, 2.65181366449e-11, 2.53574106157e-11, 7.9415510626e-12, 6.70236522532e-12, 1.39293060457e-14, 5.57048498406e-20]
    mfcc:
        mean: [-846.513305664, 120.158241272, -52.263961792, 47.3410339355, -1.36316215992, -15.5178623199, 2.95754170418, -8.25433158875, -8.12637901306, -7.04498767853, -9.27215576172, -7.89928150177, -9.17445755005]
        cov: [[11728.2998047, 3294.75610352, 1134.97546387, 1269.97595215, -10.394323349, -122.579193115, -403.350921631, -297.236114502, -94.569519043, -759.262451172, -505.499755859, 36.2488555908, -410.844268799], [3294.75610352, 2140.78735352, 220.85055542, 306.460601807, -58.1050376892, -168.716812134, -267.737213135, -137.014022827, 25.6542758942, -377.640655518, -112.315155029, 70.4752349854, -187.784118652], [1134.97546387, 220.85055542, 651.067077637, 301.068389893, 67.3491897583, 66.5365829468, -39.6630935669, -70.9440765381, -42.4049987793, -62.0598487854, -85.935256958, -13.8676986694, 50.1351318359], [1269.97595215, 306.460601807, 301.068389893, 404.893829346, 36.1532707214, 21.3067874908, -35.6007003784, -56.4022521973, -62.1617507935, -119.004684448, -63.0084152222, -26.4159088135, 6.23874092102], [-10.394323349, -58.1050376892, 67.3491897583, 36.1532707214, 111.268882751, 7.96713447571, 32.761089325, 30.8070411682, -29.0863933563, 22.7283344269, -9.33842277527, 3.205119133, 27.266084671], [-122.579193115, -168.716812134, 66.5365829468, 21.3067874908, 7.96713447571, 114.948547363, 39.7065086365, 12.6810445786, 34.8409576416, 31.5037059784, 17.6709594727, -8.19493675232, 21.7678546906], [-403.350921631, -267.737213135, -39.6630935669, -35.6007003784, 32.761089325, 39.7065086365, 120.220329285, 73.2288742065, 14.4471492767, 69.216178894, 18.7752952576, 0.17152017355, 25.9570102692], [-297.236114502, -137.014022827, -70.9440765381, -56.4022521973, 30.8070411682, 12.6810445786, 73.2288742065, 127.868400574, 17.5213451385, 38.0495681763, 45.5323257446, 0.0126741193235, 24.3905715942], [-94.569519043, 25.6542758942, -42.4049987793, -62.1617507935, -29.0863933563, 34.8409576416, 14.4471492767, 17.5213451385, 97.6832504272, 18.2088394165, 25.2323322296, 22.4748420715, -23.6583099365], [-759.262451172, -377.640655518, -62.0598487854, -119.004684448, 22.7283344269, 31.5037059784, 69.216178894, 38.0495681763, 18.2088394165, 156.763778687, 29.2066020966, -3.95922994614, 41.4071502686], [-505.499755859, -112.315155029, -85.935256958, -63.0084152222, -9.33842277527, 17.6709594727, 18.7752952576, 45.5323257446, 25.2323322296, 29.2066020966, 84.0722045898, 5.97332191467, 15.3853521347], [36.2488555908, 70.4752349854, -13.8676986694, -26.4159088135, 3.205119133, -8.19493675232, 0.17152017355, 0.0126741193235, 22.4748420715, -3.95922994614, 5.97332191467, 55.3343696594, -0.582484126091], [-410.844268799, -187.784118652, 50.1351318359, 6.23874092102, 27.266084671, 21.7678546906, 25.9570102692, 24.3905715942, -23.6583099365, 41.4071502686, 15.3853521347, -0.582484126091, 83.6168518066]]
        icov: [[0.000317745027132, -0.000247637828579, -0.000181154420716, -0.000619396159891, 0.000283517612843, -0.000412810681155, 0.000425529928179, -0.00082873221254, 0.000387194973882, -0.000149522878928, 0.0011509526521, -0.000591558928136, 0.00125226413365], [-0.000247637828579, 0.00146888557356, -0.000126833518152, -6.93046386004e-05, -0.000455726054497, 0.0015276017366, 0.00129752303474, -6.7365646828e-05, -0.00148654018994, 0.0015680558281, -0.000453528860817, -0.000755558779929, 0.000412122171838], [-0.000181154420716, -0.000126833518152, 0.00333164539188, -0.00128214084543, -0.00136221817229, -0.0016591611784, 0.000842916022521, 0.00097551883664, -0.000840450346004, -0.000267582305241, 0.00155331694987, 0.000454981287476, -0.0031348769553], [-0.000619396159891, -6.93046386004e-05, -0.00128214084543, 0.00701466761529, -0.0014188264031, -0.000664083869196, -0.0032960048411, 0.00329059315845, 0.00128514086828, 0.00390692939982, -0.00230688322335, 0.00348575180396, -0.00337711232714], [0.000283517612843, -0.000455726054497, -0.00136221817229, -0.0014188264031, 0.0140159185976, -0.00142018427141, -0.00074690929614, -0.00517800496891, 0.00591451115906, -0.00324765848927, 0.00285937264562, -0.00456960313022, 0.00155754224397], [-0.000412810681155, 0.0015276017366, -0.0016591611784, -0.000664083869196, -0.00142018427141, 0.0171090513468, -0.00458626402542, 0.00405770540237, -0.00953747518361, 0.00146006629802, -0.00484393071383, 0.00468250131235, -0.00380173884332], [0.000425529928179, 0.00129752303474, 0.000842916022521, -0.0032960048411, -0.00074690929614, -0.00458626402542, 0.0222500823438, -0.0123457778245, 0.000160531533766, -0.00529889110476, 0.00665320828557, -0.00511306663975, 0.00428654020652], [-0.00082873221254, -6.7365646828e-05, 0.00097551883664, 0.00329059315845, -0.00517800496891, 0.00405770540237, -0.0123457778245, 0.0203680768609, -0.00449846731499, 0.00380726438016, -0.0103299254552, 0.00651166588068, -0.00774236023426], [0.000387194973882, -0.00148654018994, -0.000840450346004, 0.00128514086828, 0.00591451115906, -0.00953747518361, 0.000160531533766, -0.00449846731499, 0.0227929055691, -0.00416640006006, -0.000963970145676, -0.0090646147728, 0.0094150416553], [-0.000149522878928, 0.0015680558281, -0.000267582305241, 0.00390692939982, -0.00324765848927, 0.00146006629802, -0.00529889110476, 0.00380726438016, -0.00416640006006, 0.0160119626671, -0.00132887333166, 0.00324782216921, -0.00497179711238], [0.0011509526521, -0.000453528860817, 0.00155331694987, -0.00230688322335, 0.00285937264562, -0.00484393071383, 0.00665320828557, -0.0103299254552, -0.000963970145676, -0.00132887333166, 0.024367518723, -0.00411280244589, 0.00102691003121], [-0.000591558928136, -0.000755558779929, 0.000454981287476, 0.00348575180396, -0.00456960313022, 0.00468250131235, -0.00511306663975, 0.00651166588068, -0.0090646147728, 0.00324782216921, -0.00411280244589, 0.0264419224113, -0.00840944796801], [0.00125226413365, 0.000412122171838, -0.0031348769553, -0.00337711232714, 0.00155754224397, -0.00380173884332, 0.00428654020652, -0.00774236023426, 0.0094150416553, -0.00497179711238, 0.00102691003121, -0.00840944796801, 0.0274572465569]]
    spectral_contrast:
        mean: [3.32092864319e-09, 1.55621208364e-07, -1.34889063474e-07, -4.38852964635e-07, -2.54859742199e-07, -1.38463789767e-07, 1.91371509572e-06, 2.86322551801e-06, -5.4415050954e-07, -4.62245708377e-07, 3.65130063074e-06, 1.67663870343e-06]
        var: [0.000352750241291, 0.000432364380686, 0.00130886898842, 0.00133239116985, 0.00257614580914, 0.00643122615293, 0.0414281599224, 0.0814788043499, 0.145058110356, 0.347631663084, 0.49849319458, 5.94815969467]

rhythm:
    beats_loudness:
        dmean: 0.00231444393285
        dmean2: 0.00438010785729
        dvar: 1.84641758096e-05
        dvar2: 4.92309627589e-05
        max: 0.0224247742444
        mean: 0.00380487157963
        min: 1.19963051475e-05
        var: 3.03294909827e-05
    beats_loudness_bass:
        dmean: 0.12096144259
        dmean2: 0.212168097496
        dvar: 0.0142601691186
        dvar2: 0.0404333174229
        max: 0.486467242241
        mean: 0.156505689025
        min: 0.00217013200745
        var: 0.0303277373314
    bpm: 124.91078949
    bpm_confidence: 0
    first_peak_bpm: 125
    first_peak_spread: 0
    first_peak_weight: 0.611111104488
    onset_rate: 2.58522725105
    second_peak_bpm: 113
    second_peak_spread: 0
    second_peak_weight: 0.333333343267
    beats_position: [0.495954394341, 0.976301550865, 1.45664870739, 1.93699574471, 2.41734290123, 2.89769029617, 3.3780374527, 3.85838460922, 4.33873176575, 4.81907892227, 5.2994260788, 5.77977371216, 6.47231721878, 7.00512599945, 7.5379357338, 8.07074546814, 8.60355472565, 9.13636493683, 9.66917324066]
    bpm_estimates: [124.608261108, 124.687545776, 125.075119019, 124.538902283, 125.666305542, 124.677368164, 124.599472046, 124.696029663, 125.454093933, 125.104820251]
    bpm_intervals: [0.480347156525, 0.480347156525, 0.480347037315, 0.480347156525, 0.480347394943, 0.480347156525, 0.480347156525, 0.480347156525, 0.480347156525, 0.480347156525, 0.480347633362, 0.692543506622, 0.53280878067, 0.532809734344, 0.532809734344, 0.532809257507, 0.532810211182, 0.532808303833]
    onset_times: [0.0348299331963, 0.232199549675, 0.301859408617, 0.487619042397, 0.975238084793, 1.46285712719, 1.81115651131, 1.93886625767, 2.42648530006, 2.90249443054, 3.40172338486, 3.9125623703, 4.14476203918, 4.40018129349, 4.48145103455, 5.73532867432, 5.92108821869, 6.18811798096, 6.5015873909, 6.67573690414, 6.76861667633, 7.08208608627, 7.6277551651, 8.40562343597, 9.38086128235, 9.97297096252]
    rubato_start: [7.00512599945]
    rubato_stop: [9.66917324066]
    perceptual_tempo: "unknown"

sfx:
    inharmonicity:
        dmean: 0.0498490333557
        dmean2: 0.0883937105536
        dvar: 0.00334810721688
        dvar2: 0.00882060918957
        max: 0.354538440704
        mean: 0.0554126501083
        min: 0
        var: 0.00425044260919
    oddtoevenharmonicenergyratio:
        dmean: 2.71418023109
        dmean2: 5.10433578491
        dvar: 107.858100891
        dvar2: 316.840393066
        max: 140.221252441
        mean: 1.80421841145
        min: 0
        var: 57.9936294556
    pitch_after_max_to_before_max_energy_ratio: 76.6987075806
    pitch_centroid: 294.96975708
    pitch_max_to_total: 0
    pitch_min_to_total: 0.464203238487
    tristimulus:
        dmean: [0.189765036106, 0.267345786095, 0.128233015537]
        dmean2: [0.330321967602, 0.464500069618, 0.228330001235]
        dvar: [0.0340245515108, 0.0527981929481, 0.0232046917081]
        dvar2: [0.0913041606545, 0.143044829369, 0.0719479173422]
        max: [1, 0.996440887451, 0.890006661415]
        mean: [0.381920546293, 0.441654622555, 0.106052108109]
        min: [0.00355905410834, 0, 0]
        var: [0.0666829645634, 0.0743120834231, 0.0214901976287]

tonal:
    chords_changes_rate: 0.0184331797063
    chords_number_rate: 0.0230414755642
    chords_strength:
        dmean: 0.00875755026937
        dmean2: 0.00927048176527
        dvar: 7.23421471776e-05
        dvar2: 9.11769384402e-05
        max: 0.806581676006
        mean: 0.592619001865
        min: 0.4106374681
        var: 0.00696914317086
    key_strength: 0.702264308929
    tuning_diatonic_strength: 0.588614940643
    tuning_equal_tempered_deviation: 0.159079328179
    tuning_frequency: 444.341888428
    tuning_nontempered_energy_ratio: 0.750187814236
    hpcp:
        dmean: [0.102218963206, 0.0837214663625, 0.0632359981537, 0.0842233002186, 0.108872309327, 0.146362870932, 0.14572621882, 0.139481529593, 0.0875390693545, 0.0759366452694, 0.0766008794308, 0.0676039904356, 0.0774713084102, 0.0892982631922, 0.089763097465, 0.0940738767385, 0.0789350867271, 0.0922933518887, 0.111604005098, 0.151928842068, 0.223384171724, 0.199958100915, 0.244750276208, 0.21197527647, 0.167958706617, 0.132742702961, 0.109484620392, 0.123468860984, 0.12456317246, 0.13685375452, 0.150274500251, 0.160740837455, 0.132061630487, 0.145014181733, 0.149829402566, 0.122225679457]
        dmean2: [0.177357718349, 0.146831229329, 0.105728618801, 0.134394735098, 0.18037045002, 0.243532672524, 0.232702746987, 0.232370913029, 0.146159932017, 0.126290217042, 0.128903493285, 0.114036507905, 0.132706061006, 0.151724874973, 0.145832955837, 0.158257335424, 0.142932549119, 0.162256106734, 0.189584478736, 0.264912158251, 0.38621160388, 0.350665926933, 0.426869481802, 0.375829577446, 0.298295557499, 0.236312240362, 0.183667972684, 0.211067929864, 0.210965335369, 0.222055450082, 0.249295786023, 0.272659778595, 0.229770809412, 0.252056509256, 0.252992212772, 0.207310959697]
        dvar: [0.0227744020522, 0.0146821271628, 0.007967681624, 0.0168182402849, 0.0200551617891, 0.0256863236427, 0.0251623243093, 0.0282273273915, 0.0174593348056, 0.0134388525039, 0.0118085425347, 0.00758554972708, 0.0131314108148, 0.0201126094908, 0.0160892270505, 0.0203018076718, 0.0156390704215, 0.0234231390059, 0.0271602850407, 0.0365697927773, 0.0505888648331, 0.0525321215391, 0.0578320510685, 0.0506680086255, 0.0555612146854, 0.0413503162563, 0.0267967022955, 0.0334645472467, 0.0279020890594, 0.0282941795886, 0.0319843627512, 0.0362811274827, 0.0219390299171, 0.0314961485565, 0.0417028106749, 0.0303062554449]
        dvar2: [0.0549736022949, 0.039179071784, 0.018636925146, 0.0412649549544, 0.0507556833327, 0.0712901875377, 0.0575406104326, 0.0792133137584, 0.0450324490666, 0.0348295979202, 0.0324465967715, 0.020254207775, 0.0366216674447, 0.0582128465176, 0.0404284931719, 0.051061026752, 0.0378638617694, 0.0632404386997, 0.069193944335, 0.104906640947, 0.137985870242, 0.13809235394, 0.179179430008, 0.153076946735, 0.148490324616, 0.107415884733, 0.0623793415725, 0.0767966881394, 0.0626405924559, 0.0724033638835, 0.0809024125338, 0.098992832005, 0.058491550386, 0.0758811235428, 0.106435060501, 0.0784335806966]
        max: [1, 0.914517760277, 1, 1, 0.908343732357, 1, 1, 1, 1, 1, 0.993672788143, 0.722158849239, 0.752227783203, 1, 0.988065540791, 1, 1, 1, 1, 1, 1, 1, 1, 1, 1, 1, 1, 1, 1, 1, 1, 1, 1, 1, 1, 1]
        mean: [0.224255427718, 0.173391163349, 0.162847355008, 0.171744331717, 0.163649961352, 0.27633535862, 0.367763668299, 0.25480312109, 0.139074727893, 0.115682557225, 0.116712272167, 0.109597072005, 0.125513032079, 0.142893850803, 0.148849070072, 0.142705112696, 0.137998625636, 0.161813274026, 0.17572490871, 0.194666057825, 0.380449563265, 0.559990644455, 0.41124278307, 0.219297200441, 0.189458802342, 0.165494516492, 0.155137509108, 0.193394914269, 0.210599005222, 0.207028135657, 0.228330239654, 0.229601129889, 0.222590133548, 0.246528193355, 0.228932619095, 0.224163234234]
        min: [0.000877506216057, 0.000833613739815, 0.000640280428343, 0.000657886092085, 0.00121761392802, 0.00400945171714, 0.00439934339374, 0.0082939453423, 0.000548178388271, 0.000877192942426, 0.000896650773939, 0.00141888752114, 0.000927524524741, 0.00185765163042, 0.00264238053933, 0.00183084991295, 0.000775298802182, 0.0011114643421, 0.00101075519342, 0.000995225971565, 0.00138974864967, 0.00481296190992, 0.00293213431723, 0.00149009667803, 0.00113970623352, 0.000898174999747, 0.00121940230019, 0.00237101805396, 0.00134049204644, 0.000849312345963, 0.00108079076745, 0.00151938735507, 0.00329891010188, 0.00360533967614, 0.00140626961365, 0.000654726813082]
        var: [0.0837589204311, 0.0445968881249, 0.0609231702983, 0.0637507885695, 0.0441195853055, 0.0569786354899, 0.0986902415752, 0.0526868663728, 0.0349339954555, 0.0234368238598, 0.0232510212809, 0.0193052366376, 0.0247332416475, 0.0328496433794, 0.035481274128, 0.0402027778327, 0.0432372130454, 0.0586421713233, 0.0564686208963, 0.0553983934224, 0.0723841115832, 0.132370889187, 0.090045325458, 0.0583007186651, 0.0593792274594, 0.0471139363945, 0.0367446951568, 0.057593010366, 0.0656326189637, 0.0621698722243, 0.0682222694159, 0.06666790694, 0.0534387007356, 0.0666905716062, 0.0604162029922, 0.0781370401382]
    chords_histogram: [60.8294944763, 0, 0, 0, 0, 0, 0, 0, 0, 0, 4.14746522903, 0, 0, 0, 0, 0, 0, 6.45161294937, 18.4331798553, 0, 10.1382484436, 0, 0, 0]
    thpcp: [1, 0.734374403954, 0.391608685255, 0.338324934244, 0.295530855656, 0.27703589201, 0.345353841782, 0.376075923443, 0.369699269533, 0.407739371061, 0.410008877516, 0.397489011288, 0.440236270428, 0.408815085888, 0.400298178196, 0.400462806225, 0.309632241726, 0.290803700686, 0.30669143796, 0.292236953974, 0.493464231491, 0.656731784344, 0.45501318574, 0.248351871967, 0.206579446793, 0.208418250084, 0.195712327957, 0.224134162068, 0.255171865225, 0.265806347132, 0.254834800959, 0.246430233121, 0.288957089186, 0.313799709082, 0.347623765469, 0.67938554287]
    chords_key: "E"
    chords_scale: "major"
    key_key: "E"
    key_scale: "major"
    chords_progression: ["E", "E", "E", "E", "E", "E", "E", "E", "E", "E", "E", "E", "E", "E", "E", "E", "E", "E", "E", "E", "E", "E", "E", "E", "E", "E", "E", "E", "E", "E", "E", "E", "E", "E", "E", "E", "E", "E", "E", "E", "E", "E", "E", "E", "E", "E", "E", "E", "E", "E", "E", "E", "E", "E", "E", "E", "E", "E", "E", "E", "E", "E", "E", "E", "E", "E", "E", "E", "E", "E", "E", "E", "E", "E", "E", "E", "E", "E", "E", "E", "E", "E", "E", "E", "E", "E", "E", "E", "E", "E", "E", "E", "E", "E", "E", "E", "E", "E", "E", "E", "E", "E", "E", "E", "E", "E", "E", "E", "E", "E", "E", "E", "E", "E", "E", "E", "E", "E", "E", "E", "E", "E", "E", "E", "E", "E", "E", "E", "E", "E", "E", "E", "Em", "Em", "Em", "Em", "Em", "Em", "Em", "Em", "Em", "Em", "Em", "Em", "Em", "Em", "D#", "D#", "D#", "D#", "D#", "D#", "D#", "D#", "D#", "D", "D", "D", "D", "D", "D", "D", "D", "D", "D", "D", "D", "D", "D", "D", "D", "D", "D", "D", "D", "D", "D", "G", "G", "G", "G", "G", "G", "G", "G", "G", "G", "G", "G", "G", "G", "G", "G", "G", "G", "G", "G", "G", "G", "G", "G", "G", "G", "G", "G", "G", "G", "G", "G", "G", "G", "G", "G", "G", "G", "G", "G"]
