
metadata:
    version:
        essentia: "1.2.2"
    audio_properties:
        analysis_sample_rate: 44100
        bitrate: 128
        channels: 2
        equal_loudness: 1
        length: 10.0310201645
        replay_gain: -9.92586326599
        downmix: "mix"
    tags:
        track: 39
        year: 0
        album: "Splitted by Mp3Splt v. 2.1"
        artist: "From 006.20 To 006.30"
        comment: "http://mp3splt.sf.net"
        genre: ""
        title: "04 Moritat.mp3"

highlevel:
    ballroom:
        all:
            ChaChaCha: 0.0410100482404
            Jive: 0.503582537174
            Quickstep: 0.293415516615
            Rumba-American: 0.00454329326749
            Rumba-International: 0.00313982134685
            Rumba-Misc: 0.00196525244974
            Samba: 0.142118141055
            Tango: 0.00448097428307
            VienneseWaltz: 0.00247325585224
            Waltz: 0.00327114248648
        probability: 0.503582537174
        value: "Jive"
    culture:
        all:
            non_western: 0.0206416845322
            western: 0.979358315468
        probability: 0.979358315468
        value: "western"
    gender:
        all:
            female: 0.0520276837051
            male: 0.947972297668
        probability: 0.947972297668
        value: "male"
    genre_dortmund:
        all:
            alternative: 0.0400623604655
            blues: 0.177562847733
            electronic: 0.0135775115341
            folkcountry: 0.344064027071
            funksoulrnb: 0.0242813769728
            jazz: 0.168400600553
            pop: 0.0488853305578
            raphiphop: 0.010291277431
            rock: 0.1728746593
        probability: 0.344064027071
        value: "folkcountry"
    genre_electronica:
        all:
            ambient: 0.540918588638
            dnb: 0.215508833528
            house: 0.0618414729834
            techno: 0.015175929293
            trance: 0.166555151343
        probability: 0.540918588638
        value: "ambient"
    genre_rosamerica:
        all:
            cla: 0.110623367131
            dan: 0.118540421128
            hip: 0.12408272177
            jaz: 0.274888843298
            pop: 0.117642953992
            rhy: 0.162359923124
            roc: 0.0442523248494
            spe: 0.0476094670594
        probability: 0.274888843298
        value: "jaz"
    genre_tzanetakis:
        all:
            blu: 0.0298451390117
            cla: 0.0140922842547
            cou: 0.0423753969371
            dis: 0.0677448585629
            hip: 0.0133048491552
            jaz: 0.486765801907
            met: 0.00804005656391
            pop: 0.0909267812967
            reg: 0.119684062898
            roc: 0.127220764756
        probability: 0.486765801907
        value: "jaz"
    live_studio:
        all:
            live: 0.237174406648
            studio: 0.762825608253
        probability: 0.762825608253
        value: "studio"
    mood:
        all:
            Cluster1: 0.0588112957776
            Cluster2: 0.213474988937
            Cluster3: 0.0167592875659
            Cluster4: 0.148365974426
            Cluster5: 0.562588453293
        probability: 0.562588453293
        value: "Cluster5"
    mood_acoustic:
        all:
            acoustic: 0.0770412236452
            not_acoustic: 0.922958791256
        probability: 0.922958791256
        value: "not_acoustic"
    mood_aggressive:
        all:
            aggressive: 0.143354028463
            not_aggressive: 0.856646001339
        probability: 0.856646001339
        value: "not_aggressive"
    mood_electronic:
        all:
            electronic: 0.551692724228
            not_electronic: 0.448307305574
        probability: 0.551692724228
        value: "electronic"
    mood_happy:
        all:
            happy: 0.749946534634
            not_happy: 0.250053435564
        probability: 0.749946534634
        value: "happy"
    mood_party:
        all:
            not_party: 0.322438925505
            party: 0.677561104298
        probability: 0.677561104298
        value: "party"
    mood_relaxed:
        all:
            not_relaxed: 0.276840299368
            relaxed: 0.723159730434
        probability: 0.723159730434
        value: "relaxed"
    mood_sad:
        all:
            not_sad: 0.895084261894
            sad: 0.104915760458
        probability: 0.895084261894
        value: "not_sad"
    rhythm:
        all:
            fast: 0.971333742142
            medium: 0.0278053637594
            slow: 0.000860873435158
        probability: 0.971333742142
        value: "fast"
    speech_music:
        all:
            music: 0.760692596436
            speech: 0.239307433367
        probability: 0.760692596436
        value: "music"
    timbre:
        all:
            bright: 0.908069372177
            dark: 0.0919306203723
        probability: 0.908069372177
        value: "bright"
    voice_instrumental:
        all:
            instrumental: 0.0704561546445
            voice: 0.929543852806
        probability: 0.929543852806
        value: "voice"

lowlevel:
    average_loudness: 0.930234849453
    barkbands_kurtosis:
        dmean: 1.27054178715
        dmean2: 1.96485126019
        dvar: 4.76204442978
        dvar2: 10.4673566818
        max: 26.0906066895
        mean: 0.354456812143
        min: -1.86750352383
        var: 11.31138134
    barkbands_skewness:
        dmean: 0.462010145187
        dmean2: 0.695449709892
        dvar: 0.167351588607
        dvar2: 0.36510515213
        max: 4.54758834839
        mean: -0.168892085552
        min: -2.95672631264
        var: 1.50489091873
    barkbands_spread:
        dmean: 6.5424451828
        dmean2: 9.74028873444
        dvar: 41.5528564453
        dvar2: 79.085395813
        max: 64.010635376
        mean: 29.7814998627
        min: 4.72332859039
        var: 150.062911987
    dissonance:
        dmean: 0.0206214301288
        dmean2: 0.0349698141217
        dvar: 0.000417296221713
        dvar2: 0.00116077251732
        max: 0.499611109495
        mean: 0.460454195738
        min: 0.33785623312
        var: 0.00097222160548
    hfc:
        dmean: 2.77200770378
        dmean2: 4.18755435944
        dvar: 17.2247562408
        dvar2: 34.9841918945
        max: 32.5085372925
        mean: 6.23968696594
        min: 0.359097510576
        var: 40.4911308289
    pitch:
        dmean: 810.269226074
        dmean2: 1557.42199707
        dvar: 2034389.5
        dvar2: 5110017
        max: 4900
        mean: 1421.29345703
        min: 86.3013687134
        var: 2813208
    pitch_instantaneous_confidence:
        dmean: 0.117409482598
        dmean2: 0.182140916586
        dvar: 0.0162106771022
        dvar2: 0.0295758359134
        max: 0.950961172581
        mean: 0.551252901554
        min: 0.178562283516
        var: 0.0513364039361
    pitch_salience:
        dmean: 0.0600346103311
        dmean2: 0.0936943367124
        dvar: 0.00241380091757
        dvar2: 0.00567243201658
        max: 0.861879825592
        mean: 0.650339603424
        min: 0.377528995275
        var: 0.00753642106429
    silence_rate_20dB:
        dmean: 0
        dmean2: 0
        dvar: 0
        dvar2: 0
        max: 1
        mean: 1
        min: 1
        var: 0
    silence_rate_30dB:
        dmean: 0
        dmean2: 0
        dvar: 0
        dvar2: 0
        max: 1
        mean: 1
        min: 1
        var: 0
    silence_rate_60dB:
        dmean: 0.139211133122
        dmean2: 0.279069781303
        dvar: 0.119831159711
        dvar2: 0.238399475813
        max: 1
        mean: 0.530092597008
        min: 0
        var: 0.249093726277
    spectral_centroid:
        dmean: 296.165313721
        dmean2: 460.155334473
        dvar: 78501
        dvar2: 182161.328125
        max: 4372.78076172
        mean: 2160.64135742
        min: 295.753173828
        var: 837771.6875
    spectral_complexity:
        dmean: 2.50116539001
        dmean2: 4.01168203354
        dvar: 10.7115364075
        dvar2: 21.4741840363
        max: 26
        mean: 7.39767456055
        min: 0
        var: 35.9465408325
    spectral_crest:
        dmean: 1.91732358932
        dmean2: 3.08669519424
        dvar: 3.36349582672
        dvar2: 7.50042963028
        max: 19.7115726471
        mean: 7.66988992691
        min: 3.59015417099
        var: 10.0104970932
    spectral_decrease:
        dmean: 3.23896326426e-10
        dmean2: 4.86766571495e-10
        dvar: 2.091604761e-19
        dvar2: 4.11284902211e-19
        max: -2.39444263028e-11
        mean: -7.87759690812e-10
        min: -3.04231351222e-09
        var: 5.54267930776e-19
    spectral_energy:
        dmean: 0.00145613995846
        dmean2: 0.00219051912427
        dvar: 4.2851197577e-06
        dvar2: 8.42050303618e-06
        max: 0.0138779915869
        mean: 0.00353914359584
        min: 0.000137569280923
        var: 1.10783321361e-05
    spectral_energyband_high:
        dmean: 0.000156498994329
        dmean2: 0.000236297943047
        dvar: 6.14151360878e-08
        dvar2: 1.18929648352e-07
        max: 0.00209703831933
        mean: 0.000320138206007
        min: 6.56880183669e-06
        var: 1.26258939304e-07
    spectral_energyband_low:
        dmean: 1.75477471203e-05
        dmean2: 2.99281273328e-05
        dvar: 1.28077282113e-09
        dvar2: 3.50065976207e-09
        max: 0.000358587829396
        mean: 2.85618643829e-05
        min: 3.85882472642e-08
        var: 1.87233295534e-09
    spectral_energyband_middle_high:
        dmean: 0.000826799077913
        dmean2: 0.00125447998289
        dvar: 2.28834528571e-06
        dvar2: 4.53820257462e-06
        max: 0.0101488605142
        mean: 0.00162653368898
        min: 3.50768204953e-05
        var: 4.81302868138e-06
    spectral_energyband_middle_low:
        dmean: 0.000654898642097
        dmean2: 0.00100554979872
        dvar: 9.95098957901e-07
        dvar2: 2.01255193133e-06
        max: 0.00851192511618
        mean: 0.00156391225755
        min: 3.9683804971e-06
        var: 3.01709928863e-06
    spectral_flatness_db:
        dmean: 0.0197281427681
        dmean2: 0.0296605434269
        dvar: 0.000378519238438
        dvar2: 0.000717982999049
        max: 0.307097166777
        mean: 0.179622456431
        min: 0.103332258761
        var: 0.00118039606605
    spectral_flux:
        dmean: 0.01220132038
        dmean2: 0.0201992504299
        dvar: 0.000212251965422
        dvar2: 0.000577178958338
        max: 0.0984168425202
        mean: 0.0304259769619
        min: 0.00570432608947
        var: 0.00040959531907
    spectral_kurtosis:
        dmean: 0.989071726799
        dmean2: 1.67166590691
        dvar: 1.31836605072
        dvar2: 3.43193650246
        max: 9.74000072479
        mean: 2.00766253471
        min: 0.0201199054718
        var: 2.65678334236
    spectral_rms:
        dmean: 0.000359026918886
        dmean2: 0.000530864985194
        dvar: 2.12471221062e-07
        dvar2: 3.84009780419e-07
        max: 0.00367960659787
        mean: 0.00161851244047
        min: 0.000366352207493
        var: 8.33240790143e-07
    spectral_rolloff:
        dmean: 397.134765625
        dmean2: 649.215698242
        dvar: 234839.8125
        dvar2: 468706.15625
        max: 5857.03125
        mean: 3835.31347656
        min: 279.931640625
        var: 1265947.875
    spectral_skewness:
        dmean: 0.17292176187
        dmean2: 0.280635625124
        dvar: 0.0294026657939
        dvar2: 0.0597513914108
        max: 2.44894981384
        mean: 0.95255702734
        min: 0.303754240274
        var: 0.144126221538
    spectral_spread:
        dmean: 541149.0625
        dmean2: 826171.3125
        dvar: 432779624448
        dvar2: 679506542592
        max: 12276566
        mean: 5065240.5
        min: 3091758.5
        var: 1.18757667635e+12
    spectral_strongpeak:
        dmean: 0.499146580696
        dmean2: 0.779664218426
        dvar: 0.571573972702
        dvar2: 1.21802067757
        max: 6.41785526276
        mean: 0.822327435017
        min: 0.0203623063862
        var: 0.947608053684
    zerocrossingrate:
        dmean: 0.0101025272161
        dmean2: 0.0120142288506
        dvar: 8.07265096228e-05
        dvar2: 9.6980795206e-05
        max: 0.2001953125
        mean: 0.11804369837
        min: 0.02392578125
        var: 0.00169842143077
    barkbands:
        dmean: [2.62174815191e-09, 2.81889970211e-06, 1.56243295351e-05, 6.79196455167e-05, 0.000151590240421, 0.000152472464833, 0.000163224569405, 0.000212176833884, 0.000129393753014, 4.78344081785e-05, 4.2537390982e-05, 8.70940930326e-05, 5.45263319509e-05, 4.75798369735e-05, 0.000119261858345, 9.88327883533e-05, 0.00011526405433, 0.000190170481801, 0.000190401464351, 0.000123221558169, 5.6664339354e-05, 3.41053309967e-05, 8.70277472131e-06, 1.79131882305e-06, 6.31726095435e-07, 1.46226906139e-08, 3.66673053032e-10]
        dmean2: [3.99707511534e-09, 4.79218488181e-06, 2.6924384656e-05, 0.000117854666314, 0.000230413876125, 0.000250235782005, 0.000276450009551, 0.000304804503685, 0.000188229343621, 7.75245789555e-05, 6.64770195726e-05, 0.000119660464406, 8.12343423604e-05, 6.89016815159e-05, 0.000189822574612, 0.000153443077579, 0.000167645994225, 0.000299822859233, 0.000292804033961, 0.000191533763427, 8.39770946186e-05, 5.50295080757e-05, 1.30321841425e-05, 2.59517014456e-06, 9.07990170163e-07, 2.18263824792e-08, 5.2280230145e-10]
        dvar: [1.89470682389e-16, 4.636064449e-11, 9.99965110715e-10, 3.45117605605e-08, 1.36496296932e-07, 6.16464745917e-08, 1.18452923914e-07, 2.5648881774e-07, 1.74992507596e-07, 1.20120375868e-08, 9.58384482885e-09, 5.35183524164e-08, 2.51041338828e-08, 3.57325937728e-08, 9.79005605473e-08, 7.0607221403e-08, 4.65387373083e-08, 9.21716249991e-08, 1.38577050279e-07, 3.56881102448e-08, 8.48498604711e-09, 2.8545814601e-09, 1.96840918565e-10, 1.22727990964e-11, 1.36356941363e-12, 1.14973446464e-15, 1.49195489974e-17]
        dvar2: [2.04571665182e-16, 1.08442088642e-10, 2.76698375323e-09, 9.73461951048e-08, 3.00672610365e-07, 1.38766353075e-07, 3.38042752901e-07, 3.91261096411e-07, 2.68266546755e-07, 2.87310815139e-08, 1.6889520893e-08, 7.98047494754e-08, 5.50257936993e-08, 6.51157137099e-08, 2.26926957225e-07, 1.53301058958e-07, 7.85709488582e-08, 2.17928629809e-07, 3.14664958978e-07, 7.59832303743e-08, 1.54972816802e-08, 6.14912964991e-09, 4.06630062955e-10, 2.59408432235e-11, 2.8760960627e-12, 2.50104244193e-15, 1.50408980477e-17]
        max: [2.80597845403e-07, 6.7020424467e-05, 0.000308338669129, 0.00178567878902, 0.00392994983122, 0.00236293720081, 0.00410183751956, 0.00576536823064, 0.0066418228671, 0.0010913660517, 0.00105453596916, 0.00244055269286, 0.00165454915259, 0.00340361637063, 0.00388840516098, 0.00218773633242, 0.00253815250471, 0.00279359682463, 0.00340372719802, 0.00154874834698, 0.000894386612345, 0.000461670919321, 0.000114210124593, 3.18164275086e-05, 1.04847977127e-05, 3.08940286686e-07, 8.01163793085e-08]
        mean: [3.21898308009e-09, 5.58115289095e-06, 2.29781326198e-05, 7.03680125298e-05, 0.000243256028625, 0.0002896093647, 0.000254844344454, 0.000471163599286, 0.00022063148208, 5.76548882236e-05, 6.44280007691e-05, 0.00016058330948, 7.36397851142e-05, 5.4502452258e-05, 0.00016672469792, 0.000127795516164, 0.000189522150322, 0.000296367128612, 0.000344810279785, 0.000220995294512, 0.000121729884995, 6.15647004452e-05, 1.64659577422e-05, 2.93138305096e-06, 9.75775492407e-07, 2.03344274752e-08, 3.40603989457e-10]
        min: [6.91299404873e-12, 1.30336508253e-09, 3.57458667111e-08, 7.07076353024e-08, 1.19020995726e-07, 5.59780573894e-07, 3.0089830716e-07, 7.40722612136e-07, 1.64064630326e-07, 1.34493987503e-07, 1.51618326782e-08, 2.13579873787e-08, 3.14397183843e-08, 1.07403110405e-07, 9.1253944845e-08, 4.42372936504e-07, 8.94055801837e-07, 1.17434217373e-06, 1.72925228981e-06, 4.89814146931e-06, 2.26396400649e-06, 8.9162358563e-07, 1.4431849138e-07, 2.0385147792e-08, 5.74482328375e-09, 1.77548489799e-10, 7.14841597374e-14]
        var: [1.94513175403e-16, 1.08131101295e-10, 1.4484938804e-09, 3.04619796054e-08, 2.37722545648e-07, 1.57180153337e-07, 1.84383580404e-07, 1.10170185508e-06, 5.56037434762e-07, 1.48863854577e-08, 2.19089990594e-08, 1.64459990515e-07, 4.13990264292e-08, 4.83379984928e-08, 1.39474209959e-07, 9.81172121328e-08, 1.04169451731e-07, 1.42536279668e-07, 2.69094442729e-07, 7.05598495188e-08, 2.02430570084e-08, 4.87591167442e-09, 3.95072891068e-10, 1.73242600821e-11, 2.02010738866e-12, 1.50406232252e-15, 1.48960851922e-17]
    mfcc:
        mean: [-751.731689453, 66.8921127319, -38.6883850098, 56.6351203918, -34.4792556763, -16.4458827972, -21.9188270569, -10.1655740738, -13.7031126022, -9.37687969208, -1.62235808372, -2.93398427963, -4.33138465881]
        cov: [[4466.99316406, 1235.97485352, -1203.30578613, -788.503112793, 100.522750854, 8.2905664444, -49.1381492615, -294.257598877, -126.102844238, -155.261108398, -80.4970626831, 20.0404472351, 198.871887207], [1235.97485352, 1238.2911377, -458.487335205, -331.675567627, -18.2173061371, 34.8753471375, -6.60807847977, -84.0494308472, -47.6612930298, -80.3300628662, -55.3860740662, -13.8598442078, 39.0689620972], [-1203.30578613, -458.487335205, 1076.82177734, 353.598327637, -92.0953063965, 91.1960601807, 36.5650253296, 106.874351501, 49.9975547791, 73.9042205811, -23.8972148895, -42.5505218506, -168.387237549], [-788.503112793, -331.675567627, 353.598327637, 272.834472656, 29.8601207733, 34.2721290588, 29.7332000732, 74.834777832, 47.1921424866, 60.0230827332, 42.7121353149, 20.3220863342, -23.4642066956], [100.522750854, -18.2173061371, -92.0953063965, 29.8601207733, 143.69152832, 45.6042671204, 47.4171714783, 26.2508277893, 26.4176387787, 24.2853317261, 48.0738677979, 39.0070457458, 65.7605743408], [8.2905664444, 34.8753471375, 91.1960601807, 34.2721290588, 45.6042671204, 102.48462677, 49.1649513245, 24.7434196472, 11.8428964615, 10.3755016327, -1.35349822044, 3.8000702858, 10.5576219559], [-49.1381492615, -6.60807847977, 36.5650253296, 29.7332000732, 47.4171714783, 49.1649513245, 72.9046783447, 39.479309082, 22.6986083984, 15.8768825531, 15.8452949524, 7.99778223038, 17.009355545], [-294.257598877, -84.0494308472, 106.874351501, 74.834777832, 26.2508277893, 24.7434196472, 39.479309082, 90.1154937744, 43.8049201965, 29.2040176392, 34.2331504822, 15.794298172, 1.96610224247], [-126.102844238, -47.6612930298, 49.9975547791, 47.1921424866, 26.4176387787, 11.8428964615, 22.6986083984, 43.8049201965, 62.1941604614, 36.8280220032, 30.8732910156, 7.25148916245, 1.02857017517], [-155.261108398, -80.3300628662, 73.9042205811, 60.0230827332, 24.2853317261, 10.3755016327, 15.8768825531, 29.2040176392, 36.8280220032, 65.6716003418, 48.950176239, 16.7147006989, 11.524014473], [-80.4970626831, -55.3860740662, -23.8972148895, 42.7121353149, 48.0738677979, -1.35349822044, 15.8452949524, 34.2331504822, 30.8732910156, 48.950176239, 94.2790527344, 58.94789505, 52.1370925903], [20.0404472351, -13.8598442078, -42.5505218506, 20.3220863342, 39.0070457458, 3.8000702858, 7.99778223038, 15.794298172, 7.25148916245, 16.7147006989, 58.94789505, 78.5601654053, 60.1297302246], [198.871887207, 39.0689620972, -168.387237549, -23.4642066956, 65.7605743408, 10.5576219559, 17.009355545, 1.96610224247, 1.02857017517, 11.524014473, 52.1370925903, 60.1297302246, 111.986534119]]
        icov: [[0.000618684804067, -0.000153691245941, -4.35645306425e-05, 0.00150465033948, -0.000638749974314, -0.000397579540731, 8.27031763038e-05, 0.00120339985006, -0.000551506003831, 5.75800322622e-06, 0.000194299282157, -0.00037908370723, -0.000298879778711], [-0.000153691245941, 0.00137538427953, 0.000291911739623, 0.00102929014247, 0.000659028883092, -0.00135252124164, -1.20491895359e-05, -8.70237854542e-05, -0.000353336945409, 0.00036949684727, -0.000132009998197, -0.000311302748742, 0.000385399645893], [-4.35645306425e-05, 0.000291911739623, 0.00311646214686, -0.00288351695053, 0.00246780179441, -0.00277551589534, -0.000257389096078, -0.00104523298796, 0.000943483784795, -0.00228823395446, 0.00133423868101, -0.00152513943613, 0.00335188559256], [0.00150465033948, 0.00102929014247, -0.00288351695053, 0.0142675517127, -0.00446291640401, -0.000932722643483, 0.00141228293069, 0.000428218656452, -0.00197995267808, -0.00185773463454, -4.64928634756e-05, -0.00261490535922, -0.000255804538028], [-0.000638749974314, 0.000659028883092, 0.00246780179441, -0.00446291640401, 0.0159529466182, -0.0052370224148, -0.00478242570534, 0.000361900398275, -0.00260204495862, 0.000636068347376, -0.00289753358811, 0.00037267972948, -0.0033667832613], [-0.000397579540731, -0.00135252124164, -0.00277551589534, -0.000932722643483, -0.0052370224148, 0.0203112140298, -0.00914627686143, -0.000768507772591, 0.00176554766949, -0.001938041416, 0.00570174772292, -0.000598712300416, -0.00277763255872], [8.27031763038e-05, -1.20491895359e-05, -0.000257389096078, 0.00141228293069, -0.00478242570534, -0.00914627686143, 0.027976045385, -0.00884015019983, -0.00111023511272, -0.000136307324283, -0.000122759083752, 0.00319603038952, -0.00229187170044], [0.00120339985006, -8.70237854542e-05, -0.00104523298796, 0.000428218656452, 0.000361900398275, -0.000768507772591, -0.00884015019983, 0.0267564915121, -0.0131040271372, 0.00576582737267, -0.00582668138668, -0.00134921621066, 0.000108430103865], [-0.000551506003831, -0.000353336945409, 0.000943483784795, -0.00197995267808, -0.00260204495862, 0.00176554766949, -0.00111023511272, -0.0131040271372, 0.0343032516539, -0.0140327280387, -0.00103529763874, 0.0024773303885, 0.00414748629555], [5.75800322622e-06, 0.00036949684727, -0.00228823395446, -0.00185773463454, 0.000636068347376, -0.001938041416, -0.000136307324283, 0.00576582737267, -0.0140327280387, 0.0405521020293, -0.0231679994613, 0.0103121995926, -0.00303529785015], [0.000194299282157, -0.000132009998197, 0.00133423868101, -4.64928634756e-05, -0.00289753358811, 0.00570174772292, -0.000122759083752, -0.00582668138668, -0.00103529763874, -0.0231679994613, 0.0419964082539, -0.0214391220361, -0.00266463751905], [-0.00037908370723, -0.000311302748742, -0.00152513943613, -0.00261490535922, 0.00037267972948, -0.000598712300416, 0.00319603038952, -0.00134921621066, 0.0024773303885, 0.0103121995926, -0.0214391220361, 0.0361936725676, -0.013219838962], [-0.000298879778711, 0.000385399645893, 0.00335188559256, -0.000255804538028, -0.0033667832613, -0.00277763255872, -0.00229187170044, 0.000108430103865, 0.00414748629555, -0.00303529785015, -0.00266463751905, -0.013219838962, 0.0255105290562]]
    spectral_contrast:
        mean: [-6.75966944641e-08, -7.36784429023e-08, 3.88166583321e-08, -1.03749336233e-07, -7.85065935816e-07, 4.0196749751e-07, -5.15822762281e-07, -1.01799184904e-06, -4.56876534827e-07, -5.59382669962e-06, -4.33700051872e-06, 1.82307041996e-06]
        var: [0.000239656495978, 0.000611002848018, 0.00137189263478, 0.00253454223275, 0.00503701623529, 0.0167576316744, 0.0320481769741, 0.0805376842618, 0.141703560948, 0.299747914076, 0.628810584545, 2.05221533775]

rhythm:
    beats_loudness:
        dmean: 0.00282730907202
        dmean2: 0.00518100894988
        dvar: 7.68535119278e-06
        dvar2: 1.90897535504e-05
        max: 0.00962943583727
        mean: 0.00483728386462
        min: 0.000325649452861
        var: 1.26141821966e-05
    beats_loudness_bass:
        dmean: 0.0440011136234
        dmean2: 0.0876826122403
        dvar: 0.00202507083304
        dvar2: 0.00620510010049
        max: 0.128409296274
        mean: 0.0388401523232
        min: 0.00428181001917
        var: 0.00147892849054
    bpm: 79.3980407715
    bpm_confidence: 0
    first_peak_bpm: 79
    first_peak_spread: 0
    first_peak_weight: 1
    onset_rate: 4.78515625
    second_peak_bpm: 0
    second_peak_spread: 0
    second_peak_weight: 0
    beats_position: [0.292246460915, 1.04801928997, 1.80379211903, 2.55956482887, 3.31533765793, 4.07111024857, 4.8268828392, 5.58265590668, 6.35605716705, 7.11168003082, 7.86730194092, 8.62292480469, 9.37854671478]
    bpm_estimates: [79.5510025024, 79.0951919556, 79.1175308228, 79.7964248657, 79.864151001, 79.4558334351, 78.9538574219, 79.3503494263]
    bpm_intervals: [0.755772829056, 0.755772829056, 0.755772709846, 0.755772829056, 0.755772590637, 0.755772590637, 0.755773067474, 0.773401260376, 0.75562286377, 0.755621910095, 0.75562286377, 0.755621910095]
    onset_times: [0.0580498874187, 0.301859408617, 0.406349211931, 0.603718817234, 0.835918366909, 0.9287981987, 0.99845802784, 1.14938771725, 1.32353746891, 1.60217690468, 1.81115651131, 2.00852608681, 2.13623571396, 2.24072551727, 2.49614500999, 2.85605430603, 3.09986400604, 3.34367346764, 3.55265307426, 3.87773251534, 4.09832191467, 4.31891155243, 4.63238096237, 4.841360569, 5.07356023788, 5.13160991669, 5.24770975113, 5.29414987564, 5.61922883987, 5.81659841537, 5.89786863327, 6.18811798096, 6.37387752533, 6.48997735977, 6.65251684189, 6.97759628296, 7.20979595184, 7.44199562073, 7.6858048439, 7.81351470947, 8.19664382935, 8.45206356049, 8.57977294922, 8.95129299164, 9.21832180023, 9.35764217377, 9.69433116913, 9.94975090027]
    rubato_start: []
    rubato_stop: []
    perceptual_tempo: "unknown"

sfx:
    inharmonicity:
        dmean: 0.0611574985087
        dmean2: 0.108369633555
        dvar: 0.00475540431216
        dvar2: 0.0138699673116
        max: 0.347206532955
        mean: 0.0656808540225
        min: 0.000483207229991
        var: 0.00512555707246
    oddtoevenharmonicenergyratio:
        dmean: 4.80932950974
        dmean2: 8.16267108917
        dvar: 426.351165771
        dvar2: 1005.87677002
        max: 309.667755127
        mean: 3.82034707069
        min: 0.0011356928153
        var: 436.405792236
    pitch_after_max_to_before_max_energy_ratio: 5.5848493576
    pitch_centroid: 237.522994995
    pitch_max_to_total: 0.0930232554674
    pitch_min_to_total: 0.746511638165
    tristimulus:
        dmean: [0.167731240392, 0.248847469687, 0.196266889572]
        dmean2: [0.29409596324, 0.423797219992, 0.35432985425]
        dvar: [0.0259365905076, 0.0446735993028, 0.0350768230855]
        dvar2: [0.072096042335, 0.13087977469, 0.102846562862]
        max: [0.910548329353, 0.974491894245, 0.942236125469]
        mean: [0.252184540033, 0.505360364914, 0.20048494637]
        min: [0.0011175890686, 0, 0]
        var: [0.0430319346488, 0.0653118565679, 0.0414040014148]

tonal:
    chords_changes_rate: 0.0555555559695
    chords_number_rate: 0.0416666679084
    chords_strength:
        dmean: 0.0121008921415
        dmean2: 0.0121559239924
        dvar: 9.20828315429e-05
        dvar2: 0.000112155626994
        max: 0.77124530077
        mean: 0.568006038666
        min: 0.288525432348
        var: 0.0202469099313
    key_strength: 0.730755567551
    tuning_diatonic_strength: 0.693030178547
    tuning_equal_tempered_deviation: 0.266301006079
    tuning_frequency: 442.804626465
    tuning_nontempered_energy_ratio: 0.908026695251
    hpcp:
        dmean: [0.130870386958, 0.168026089668, 0.182786181569, 0.135467976332, 0.107948474586, 0.102368950844, 0.0981869101524, 0.104553468525, 0.123354151845, 0.143925115466, 0.140138506889, 0.123740561306, 0.109550744295, 0.140061318874, 0.162862360477, 0.190739914775, 0.153108298779, 0.143856704235, 0.101706713438, 0.0747727751732, 0.0761222988367, 0.0900812223554, 0.120041072369, 0.177672058344, 0.18256431818, 0.174438372254, 0.161733061075, 0.116357296705, 0.127082929015, 0.155382275581, 0.131794661283, 0.0972673669457, 0.091380789876, 0.0845749825239, 0.0768053084612, 0.103553660214]
        dmean2: [0.227087020874, 0.298862218857, 0.316341251135, 0.221089601517, 0.180743202567, 0.168867811561, 0.165601924062, 0.170008853078, 0.195930555463, 0.241268709302, 0.240913182497, 0.215205162764, 0.174766331911, 0.239055275917, 0.270499020815, 0.318826466799, 0.265315979719, 0.21991956234, 0.165638491511, 0.131443485618, 0.137762919068, 0.153598040342, 0.20029732585, 0.301519453526, 0.307760179043, 0.304918736219, 0.276163041592, 0.199955329299, 0.221502140164, 0.257001519203, 0.227697953582, 0.177743762732, 0.161790832877, 0.149231806397, 0.124452129006, 0.174494087696]
        dvar: [0.0267687309533, 0.0444140993059, 0.046864785254, 0.0288201514632, 0.0269623622298, 0.0210532061756, 0.0156674105674, 0.0157647188753, 0.0210137646645, 0.0350981354713, 0.0283815320581, 0.0332366600633, 0.0203420165926, 0.0325849801302, 0.0383667573333, 0.0446354858577, 0.0271252971143, 0.0305912513286, 0.028512230143, 0.0190090872347, 0.0212112423033, 0.0168162640184, 0.0233727656305, 0.0407445468009, 0.0466522537172, 0.0406981743872, 0.0415484569967, 0.0223022568971, 0.0247646085918, 0.0431054197252, 0.0375907458365, 0.021546151489, 0.0173497647047, 0.0186744946986, 0.0110583780333, 0.0203449130058]
        dvar2: [0.0704437717795, 0.108900554478, 0.101631999016, 0.0695314481854, 0.0627168044448, 0.0556880608201, 0.0352616235614, 0.0385100468993, 0.0484716035426, 0.0800254121423, 0.0728028714657, 0.0878569558263, 0.0443050712347, 0.086835347116, 0.0814393758774, 0.0853194445372, 0.0692368149757, 0.0724542886019, 0.0488467626274, 0.0494771897793, 0.0554942563176, 0.0378204323351, 0.0585485249758, 0.0963862761855, 0.111059673131, 0.102532841265, 0.109126873314, 0.052129432559, 0.0607970356941, 0.0957308337092, 0.0797488316894, 0.0596888884902, 0.0469442792237, 0.0483816228807, 0.0250859372318, 0.0494044795632]
        max: [1, 1, 1, 1, 1, 1, 1, 0.905310690403, 1, 1, 1, 1, 1, 1, 1, 1, 1, 1, 1, 1, 1, 1, 1, 1, 1, 1, 1, 1, 1, 1, 1, 1, 0.986832261086, 0.7926197052, 0.957134544849, 0.973171055317]
        mean: [0.242017582059, 0.370962291956, 0.380999237299, 0.236027732491, 0.157416447997, 0.152072444558, 0.160300046206, 0.181847169995, 0.231079697609, 0.262162536383, 0.223660379648, 0.181600451469, 0.163763642311, 0.206532597542, 0.319038540125, 0.323637366295, 0.231810480356, 0.206754714251, 0.153005480766, 0.0745667591691, 0.0817016661167, 0.110156930983, 0.177492514253, 0.293894231319, 0.333872526884, 0.293134272099, 0.231245830655, 0.171912938356, 0.15778490901, 0.213068976998, 0.201559200883, 0.12552370131, 0.0983618572354, 0.089203722775, 0.105301551521, 0.157352730632]
        min: [0.00193269387819, 0.0018415794475, 0.00144658680074, 0.00255504343659, 0.00195662816986, 0.00212431047112, 0.00153078883886, 0.0032593596261, 0.00378858461045, 0.0024614231661, 0.000982201308943, 0.00114026363008, 0.000914944394026, 0.00061477383133, 0.00225597852841, 0.00227239518426, 0.00298441573977, 0.00119720969815, 0.000806886760984, 0.000320884864777, 0.000298364058835, 0.000598423823249, 0.00137422676198, 0.0018554701237, 0.0015767327277, 0.00401128968224, 0.00162583508063, 0.000982059864327, 0.00140561943408, 0.000655280018691, 0.00106504303403, 0.00246047205292, 0.000641242018901, 0.000986801809631, 0.0012595730368, 0.0024385007564]
        var: [0.0515881814063, 0.12957572937, 0.132298350334, 0.0634754225612, 0.0336852259934, 0.0290305186063, 0.032629866153, 0.038402967155, 0.0537877380848, 0.0813045948744, 0.0512233972549, 0.0430899634957, 0.0386206321418, 0.0507928431034, 0.0828530266881, 0.0911677405238, 0.0404590442777, 0.0537656284869, 0.0591219961643, 0.0187992025167, 0.0198244247586, 0.0229538716376, 0.0359611436725, 0.0829577147961, 0.107510633767, 0.0934676155448, 0.0683677867055, 0.0390638448298, 0.0356396213174, 0.0751497149467, 0.067408695817, 0.0222665704787, 0.0155706265941, 0.0178659670055, 0.0200519002974, 0.0331693887711]
    chords_histogram: [2.31481480598, 17.5925922394, 21.7592601776, 1.85185182095, 0.462962955236, 0, 0, 0, 0, 32.8703689575, 4.62962961197, 0, 0, 0, 0, 0, 0, 0, 0, 2.31481480598, 0, 8.79629611969, 0, 7.40740728378]
    thpcp: [1, 0.619496583939, 0.413167357445, 0.399141073227, 0.420735865831, 0.477290123701, 0.606509625912, 0.688092052937, 0.587036311626, 0.476642549038, 0.429826706648, 0.542081415653, 0.837373197079, 0.849443614483, 0.608427703381, 0.542664349079, 0.401589989662, 0.195713669062, 0.214440494776, 0.289126396179, 0.465860545635, 0.771377503872, 0.876307606697, 0.769382834435, 0.606945633888, 0.451215952635, 0.414134442806, 0.55923730135, 0.529027819633, 0.329459190369, 0.258168131113, 0.234130978584, 0.276382565498, 0.413000106812, 0.635218024254, 0.973656237125]
    chords_key: "F#"
    chords_scale: "minor"
    key_key: "A#"
    key_scale: "major"
    chords_progression: ["C", "Am", "Am", "Am", "Am", "A", "A", "A", "A", "A", "A", "A", "A", "A", "A", "F#m", "F#m", "F#m", "F#m", "F#m", "F#m", "F#m", "F#m", "F#m", "F#m", "F#m", "F#m", "F#m", "F#m", "F#m", "F#m", "F#m", "F#m", "F#m", "F#m", "F#m", "F#m", "F#m", "F#m", "F#m", "F#m", "F#m", "F#m", "F#m", "F#m", "F#m", "F#m", "F#m", "F#m", "F#m", "F#m", "F#m", "F#m", "F#m", "F#m", "F#m", "F#m", "F#m", "F#m", "F#m", "F#m", "F#m", "F#m", "F#m", "F#m", "F#m", "F#m", "F#m", "F#m", "F#m", "F#m", "F#m", "F#m", "F#m", "F#m", "F#m", "F#m", "F#m", "F#m", "F#m", "F#m", "F#m", "F#m", "F#m", "F#m", "F#m", "Gm", "Gm", "Gm", "Gm", "Gm", "Gm", "Gm", "Gm", "Gm", "Gm", "Gm", "Gm", "Gm", "Gm", "Gm", "Gm", "Cm", "Cm", "Cm", "Cm", "Cm", "Cm", "Cm", "Cm", "Cm", "Cm", "Cm", "Cm", "Cm", "Cm", "Cm", "Cm", "Cm", "Cm", "Cm", "Dm", "Dm", "Dm", "Dm", "Dm", "Dm", "Dm", "Dm", "Dm", "Dm", "Dm", "Dm", "A#", "A#", "A#", "A#", "A#", "Fm", "Fm", "Fm", "Fm", "Fm", "F", "F", "F", "F", "F", "F", "F", "F", "F", "F", "F", "F", "F", "F", "F", "F", "F", "F", "F", "F", "F", "F", "F", "F", "F", "F", "F", "F", "F", "F", "F", "F", "F", "F", "F", "F", "F", "F", "F", "F", "F", "F", "F", "Dm", "Dm", "Dm", "Dm", "Dm", "Dm", "Dm", "Dm", "Dm", "Dm", "Dm", "Dm", "Dm", "Dm", "Dm", "Dm", "Dm", "Dm", "Dm", "Dm", "Dm", "Dm", "Dm", "Dm", "F", "F", "F", "F", "Dm", "Dm"]
