
metadata:
    version:
        essentia: "1.2.2"
    audio_properties:
        analysis_sample_rate: 44100
        bitrate: 128
        channels: 2
        equal_loudness: 1
        length: 10.1093873978
        replay_gain: -11.4338817596
        downmix: "mix"
    tags:
        track: 10
        year: 0
        album: "Splitted by Mp3Splt v. 2.1"
        artist: "From 001.30 To 001.40"
        comment: "http://mp3splt.sf.net"
        genre: ""
        title: "03 Party Hard.mp3"

highlevel:
    ballroom:
        all:
            ChaChaCha: 0.0233200080693
            Jive: 0.364274591208
            Quickstep: 0.0403151102364
            Rumba-American: 0.0100944386795
            Rumba-International: 0.0218127667904
            Rumba-Misc: 0.00813386589289
            Samba: 0.0356038622558
            Tango: 0.0770369693637
            VienneseWaltz: 0.338426291943
            Waltz: 0.0809821039438
        probability: 0.364274591208
        value: "Jive"
    culture:
        all:
            non_western: 0.0258208401501
            western: 0.974179148674
        probability: 0.974179148674
        value: "western"
    gender:
        all:
            female: 0.362726569176
            male: 0.637273430824
        probability: 0.637273430824
        value: "male"
    genre_dortmund:
        all:
            alternative: 0.0768575891852
            blues: 0.133491978049
            electronic: 0.0843665674329
            folkcountry: 0.031816277653
            funksoulrnb: 0.0337369963527
            jazz: 0.0312469992787
            pop: 0.0184053871781
            raphiphop: 0.00965371914208
            rock: 0.580424487591
        probability: 0.580424487591
        value: "rock"
    genre_electronica:
        all:
            ambient: 0.422641307116
            dnb: 0.342761218548
            house: 0.0303245466202
            techno: 0.0899228826165
            trance: 0.114350058138
        probability: 0.422641307116
        value: "ambient"
    genre_rosamerica:
        all:
            cla: 0.0326889939606
            dan: 0.00566200679168
            hip: 0.0147253517061
            jaz: 0.00710648531094
            pop: 0.0101003199816
            rhy: 0.00727271754295
            roc: 0.919164538383
            spe: 0.0032796068117
        probability: 0.919164538383
        value: "roc"
    genre_tzanetakis:
        all:
            blu: 0.0196248032153
            cla: 0.0327856503427
            cou: 0.089457474649
            dis: 0.0645515620708
            hip: 0.0319144502282
            jaz: 0.01162104588
            met: 0.400830566883
            pop: 0.0240356307477
            reg: 0.0238098055124
            roc: 0.301369011402
        probability: 0.400830566883
        value: "met"
    live_studio:
        all:
            live: 0.346750885248
            studio: 0.653249084949
        probability: 0.653249084949
        value: "studio"
    mood:
        all:
            Cluster1: 0.209565535188
            Cluster2: 0.0682747066021
            Cluster3: 0.0144681921229
            Cluster4: 0.0563660636544
            Cluster5: 0.651325523853
        probability: 0.651325523853
        value: "Cluster5"
    mood_acoustic:
        all:
            acoustic: 0.0105637311935
            not_acoustic: 0.989436268806
        probability: 0.989436268806
        value: "not_acoustic"
    mood_aggressive:
        all:
            aggressive: 0.998736262321
            not_aggressive: 0.00126373872627
        probability: 0.998736262321
        value: "aggressive"
    mood_electronic:
        all:
            electronic: 0.130298182368
            not_electronic: 0.869701802731
        probability: 0.869701802731
        value: "not_electronic"
    mood_happy:
        all:
            happy: 0.376640915871
            not_happy: 0.623359084129
        probability: 0.623359084129
        value: "not_happy"
    mood_party:
        all:
            not_party: 0.237144604325
            party: 0.762855410576
        probability: 0.762855410576
        value: "party"
    mood_relaxed:
        all:
            not_relaxed: 0.604381203651
            relaxed: 0.395618796349
        probability: 0.604381203651
        value: "not_relaxed"
    mood_sad:
        all:
            not_sad: 0.998843848705
            sad: 0.0011561315041
        probability: 0.998843848705
        value: "not_sad"
    rhythm:
        all:
            fast: 0.431058883667
            medium: 0.133957445621
            slow: 0.434983670712
        probability: 0.434983670712
        value: "slow"
    speech_music:
        all:
            music: 0.999977767467
            speech: 2.22530306928e-05
        probability: 0.999977767467
        value: "music"
    timbre:
        all:
            bright: 0.774539887905
            dark: 0.225460141897
        probability: 0.774539887905
        value: "bright"
    voice_instrumental:
        all:
            instrumental: 0.991172432899
            voice: 0.00882759690285
        probability: 0.991172432899
        value: "instrumental"

lowlevel:
    average_loudness: 0.980942845345
    barkbands_kurtosis:
        dmean: 2.38964533806
        dmean2: 3.7480237484
        dvar: 7.06666040421
        dvar2: 15.6140909195
        max: 27.2339878082
        mean: 3.67397785187
        min: -1.76521897316
        var: 25.2306632996
    barkbands_skewness:
        dmean: 0.470005005598
        dmean2: 0.720289468765
        dvar: 0.189122051001
        dvar2: 0.408612638712
        max: 0.695331275463
        mean: -1.71940588951
        min: -3.90603470802
        var: 0.826937496662
    barkbands_spread:
        dmean: 5.63244199753
        dmean2: 8.88619804382
        dvar: 32.76404953
        dvar2: 76.0329437256
        max: 51.1313018799
        mean: 18.7457466125
        min: 3.11026215553
        var: 88.3695144653
    dissonance:
        dmean: 0.00760664930567
        dmean2: 0.0128072910011
        dvar: 0.00012219735072
        dvar2: 0.000187296638614
        max: 0.499733865261
        mean: 0.487114876509
        min: 0.31981921196
        var: 0.000172551066498
    hfc:
        dmean: 3.26258015633
        dmean2: 4.77532196045
        dvar: 11.5327014923
        dvar2: 25.1412181854
        max: 41.1699485779
        mean: 13.2236070633
        min: 5.76722186452e-06
        var: 37.7776794434
    pitch:
        dmean: 641.588928223
        dmean2: 1216.91833496
        dvar: 1032440.375
        dvar2: 2368689
        max: 4009.09082031
        mean: 1631.15246582
        min: 98.2182617188
        var: 1536838.625
    pitch_instantaneous_confidence:
        dmean: 0.0857201814651
        dmean2: 0.135014951229
        dvar: 0.00533783715218
        dvar2: 0.0129070291296
        max: 0.800015985966
        mean: 0.520184278488
        min: 0.132712304592
        var: 0.0250134877861
    pitch_salience:
        dmean: 0.0538315996528
        dmean2: 0.0909728631377
        dvar: 0.00197253772058
        dvar2: 0.00496609928086
        max: 0.966350197792
        mean: 0.707056641579
        min: 0.437213152647
        var: 0.00515735708177
    silence_rate_20dB:
        dmean: 0
        dmean2: 0
        dvar: 0
        dvar2: 0
        max: 1
        mean: 1
        min: 1
        var: 0
    silence_rate_30dB:
        dmean: 0
        dmean2: 0
        dvar: 0
        dvar2: 0
        max: 1
        mean: 1
        min: 1
        var: 0
    silence_rate_60dB:
        dmean: 0.100917428732
        dmean2: 0.202298849821
        dvar: 0.0907334312797
        dvar2: 0.207350775599
        max: 1
        mean: 0.155606403947
        min: 0
        var: 0.131393000484
    spectral_centroid:
        dmean: 182.530471802
        dmean2: 276.403686523
        dvar: 34428.5625
        dvar2: 75767.7578125
        max: 3415.21582031
        mean: 2359.51171875
        min: 1106.12316895
        var: 126204.351562
    spectral_complexity:
        dmean: 3.77931022644
        dmean2: 5.91013813019
        dvar: 12.9628067017
        dvar2: 28.2476482391
        max: 39
        mean: 17.6261463165
        min: 0
        var: 42.2478408813
    spectral_crest:
        dmean: 2.03303456306
        dmean2: 3.26130580902
        dvar: 2.94530582428
        dvar2: 6.92927360535
        max: 19.4944057465
        mean: 8.91531562805
        min: 3.2867975235
        var: 11.0652370453
    spectral_decrease:
        dmean: 3.0594532463e-10
        dmean2: 4.6596904113e-10
        dvar: 1.0651354655e-19
        dvar2: 2.43933339594e-19
        max: -4.02781742353e-16
        mean: -1.16562071106e-09
        min: -2.88801405013e-09
        var: 2.64910743326e-19
    spectral_energy:
        dmean: 0.00143185304478
        dmean2: 0.00216441322118
        dvar: 2.2714550596e-06
        dvar2: 5.12466522196e-06
        max: 0.0145229995251
        mean: 0.00559873599559
        min: 2.04329264619e-09
        var: 6.06123967373e-06
    spectral_energyband_high:
        dmean: 8.56763581396e-05
        dmean2: 0.000131066510221
        dvar: 9.92398518918e-09
        dvar2: 2.28761045662e-08
        max: 0.0010117952479
        mean: 0.000253906910075
        min: 1.7568280164e-10
        var: 3.37822534391e-08
    spectral_energyband_low:
        dmean: 0.000107254250906
        dmean2: 0.000188124657143
        dvar: 6.68056330255e-08
        dvar2: 1.85041841405e-07
        max: 0.00169882376213
        mean: 0.000110792097985
        min: 5.58387988625e-11
        var: 4.59665336905e-08
    spectral_energyband_middle_high:
        dmean: 0.00115058047231
        dmean2: 0.00169285980519
        dvar: 1.38166967645e-06
        dvar2: 3.05000889966e-06
        max: 0.012949260883
        mean: 0.00453650765121
        min: 1.74449188428e-09
        var: 4.62384423372e-06
    spectral_energyband_middle_low:
        dmean: 0.000380058248993
        dmean2: 0.000624652253464
        dvar: 3.48663064642e-07
        dvar2: 8.79065964909e-07
        max: 0.0048342817463
        mean: 0.000697533192579
        min: 5.12440263833e-11
        var: 4.60851708795e-07
    spectral_flatness_db:
        dmean: 0.0181306935847
        dmean2: 0.0273820850998
        dvar: 0.000277995044598
        dvar2: 0.000542520312592
        max: 0.272798240185
        mean: 0.181264951825
        min: 0.0798037946224
        var: 0.00116428779438
    spectral_flux:
        dmean: 0.00902592670172
        dmean2: 0.0132519993931
        dvar: 8.46163893584e-05
        dvar2: 0.00015648092085
        max: 0.0907563194633
        mean: 0.0439182631671
        min: 4.52027961728e-05
        var: 0.00023694538686
    spectral_kurtosis:
        dmean: 1.65531516075
        dmean2: 2.75936865807
        dvar: 2.81394863129
        dvar2: 7.81858539581
        max: 18.7189941406
        mean: 5.67992162704
        min: 0.852735757828
        var: 6.49373817444
    spectral_rms:
        dmean: 0.000305339868646
        dmean2: 0.000446068006568
        dvar: 9.56549399689e-08
        dvar2: 1.93327451825e-07
        max: 0.00376414391212
        mean: 0.00227101636119
        min: 1.4118980971e-06
        var: 3.04669839579e-07
    spectral_rolloff:
        dmean: 171.32510376
        dmean2: 286.28213501
        dvar: 43357.875
        dvar2: 95543.78125
        max: 4801.90429688
        mean: 3197.43310547
        min: 2368.65234375
        var: 193744.359375
    spectral_skewness:
        dmean: 0.193682938814
        dmean2: 0.318605899811
        dvar: 0.036463636905
        dvar2: 0.10166606307
        max: 3.3242149353
        mean: 1.49245250225
        min: 0.682723343372
        var: 0.1057805866
    spectral_spread:
        dmean: 425937.5
        dmean2: 587602.25
        dvar: 1.62131738624e+12
        dvar2: 1.67197147136e+12
        max: 27351898
        mean: 3346309.25
        min: 1758825
        var: 2.07120459366e+12
    spectral_strongpeak:
        dmean: 1.00848972797
        dmean2: 1.59218239784
        dvar: 0.994009196758
        dvar2: 2.32980585098
        max: 8.59279823303
        mean: 2.30967116356
        min: 3.58343859261e-05
        var: 3.24316525459
    zerocrossingrate:
        dmean: 0.00543619785458
        dmean2: 0.00679205963388
        dvar: 3.6411867768e-05
        dvar2: 4.24590507464e-05
        max: 0.166015625
        mean: 0.116992637515
        min: 0.0234375
        var: 0.000210401398363
    barkbands:
        dmean: [1.14027251641e-07, 2.88188384729e-05, 8.31000943435e-05, 0.000100965633465, 0.000120747004985, 0.000134955495014, 8.39407512103e-05, 4.29006940976e-05, 5.58313076908e-05, 1.54807003128e-05, 1.90669998119e-05, 3.52445385943e-05, 3.73396833311e-05, 4.05766331824e-05, 0.000133243593154, 0.000367440545233, 0.000667829299346, 0.000364394159988, 0.000345955806552, 9.17824290809e-05, 5.19686072948e-05, 1.74511187652e-05, 2.58420141108e-06, 7.13640361028e-07, 4.03555532102e-07, 1.05686828178e-08, 6.15708428686e-10]
        dmean2: [1.74996728219e-07, 5.08902994625e-05, 0.000144513935084, 0.000180857212399, 0.000205705684493, 0.000232502978179, 0.000144962163176, 6.87572464813e-05, 9.22827530303e-05, 2.57287374552e-05, 3.07486225211e-05, 5.88192742725e-05, 6.3346902607e-05, 6.72097958159e-05, 0.000216725005885, 0.000564226531424, 0.001011043787, 0.00057319336338, 0.000548085430637, 0.000137366281706, 7.81312701292e-05, 2.79742398561e-05, 3.98837210014e-06, 1.05990159227e-06, 6.36496281459e-07, 1.39492364326e-08, 1.00402253178e-09]
        dvar: [3.29287819071e-14, 5.83289772038e-09, 3.58028593439e-08, 3.80836446823e-08, 2.5847583629e-08, 6.85059191596e-08, 3.0482805613e-08, 1.23348602443e-08, 2.11539656902e-08, 4.72003325314e-10, 6.27811691523e-10, 3.25469584617e-09, 3.17851811538e-09, 2.09315387245e-09, 2.04011136873e-08, 1.36614076496e-07, 6.19132094926e-07, 2.5939877446e-07, 2.13764479895e-07, 1.01615196257e-08, 3.54939477809e-09, 4.80441741946e-10, 6.53610238849e-12, 1.15614939497e-12, 2.56058358111e-13, 2.71953294955e-16, 2.96975111438e-17]
        dvar2: [7.68789600123e-14, 1.64694178295e-08, 9.93041666675e-08, 1.06102682196e-07, 6.86345913437e-08, 1.87930623952e-07, 8.48956318578e-08, 2.78683636168e-08, 4.8415198961e-08, 1.28578636627e-09, 1.74167058553e-09, 8.07748978815e-09, 9.51472944877e-09, 5.91311133391e-09, 5.00707173501e-08, 3.33022370569e-07, 1.5451228137e-06, 5.60391129056e-07, 5.15884266861e-07, 2.12867252714e-08, 8.63004956386e-09, 1.12996911827e-09, 1.72841792961e-11, 2.59166993422e-12, 6.18143611384e-13, 5.39508000754e-16, 7.63327232348e-17]
        max: [1.74536512532e-06, 0.000705570681021, 0.00123685179278, 0.0016717009712, 0.00122836069204, 0.00217785080895, 0.00143507157918, 0.00129468285013, 0.00188256334513, 0.000183672367712, 0.000300304440316, 0.000618875725195, 0.000582230743021, 0.000425747944973, 0.00113714195322, 0.00361751555465, 0.0080668348819, 0.00609135394916, 0.00426090927795, 0.00140242406633, 0.000584635941777, 0.000229296943871, 3.10548275593e-05, 1.50768819367e-05, 4.51578534921e-06, 1.76715062139e-07, 8.63619575853e-08]
        mean: [1.73190173314e-07, 2.88674491458e-05, 8.17551117507e-05, 0.000107900588773, 0.000192506922758, 0.000166704310686, 9.17474171729e-05, 5.13035301992e-05, 8.3740989794e-05, 2.30322984862e-05, 3.72964786948e-05, 5.12198348588e-05, 6.16873949184e-05, 7.93553481344e-05, 0.000288038485451, 0.000843993504532, 0.00144971592817, 0.000751036335714, 0.000782876042649, 0.000242268870352, 0.000131868364406, 4.27890663559e-05, 6.12408030065e-06, 1.93393930203e-06, 7.88502916294e-07, 1.90614510842e-08, 4.96341912015e-10]
        min: [2.34076993899e-11, 2.99430827355e-11, 1.43105024358e-11, 1.05339625911e-11, 1.8088714554e-11, 1.20985227045e-11, 6.77237172592e-12, 2.16829831e-12, 1.05804828874e-12, 5.33392427449e-12, 8.71894657167e-12, 2.53922438631e-11, 3.33375237138e-11, 4.08191275919e-12, 6.65550392576e-11, 4.71589656215e-10, 3.55564133692e-10, 5.66264091173e-10, 1.55308405025e-10, 1.16158582752e-10, 3.82700468538e-11, 1.39083805237e-11, 1.39540878852e-11, 1.33660747401e-11, 1.20112817262e-11, 4.40720160019e-12, 3.20647154661e-13]
        var: [5.56608084005e-14, 3.80985065718e-09, 2.53589469423e-08, 2.83661005795e-08, 3.78045541538e-08, 6.26337524068e-08, 2.95817716989e-08, 1.71308194297e-08, 3.61314320685e-08, 6.55950183059e-10, 1.76685555076e-09, 4.76744599354e-09, 4.24730073334e-09, 3.21351945054e-09, 4.79823647481e-08, 4.06480722859e-07, 1.40179497521e-06, 6.05477850968e-07, 6.21473361662e-07, 4.43902727909e-08, 1.05070094847e-08, 1.41566214307e-09, 2.87662046961e-11, 7.04770183185e-12, 5.96370067045e-13, 7.11104382132e-16, 1.73488328727e-17]
    mfcc:
        mean: [-711.741394043, 87.7194290161, -83.5246276855, 66.5703887939, 0.860433399677, -2.6612598896, -17.250743866, -3.34131383896, -0.532647311687, -13.3158607483, -6.90872764587, -7.10570764542, -1.47137379646]
        cov: [[2461.06542969, 106.111106873, 209.231109619, 2.33156704903, -70.1036758423, -78.0278091431, -72.3615493774, -52.2442321777, 9.49372959137, 61.6264266968, 81.0148849487, 27.0905685425, -33.090473175], [106.111106873, 444.812103271, -21.6421375275, 33.7663002014, -43.9700164795, -0.409242153168, -1.7955198288, 13.8049936295, 29.5506191254, -7.02349567413, 60.100769043, -13.2041339874, 51.5232696533], [209.231109619, -21.6421375275, 372.092681885, -59.5032272339, -10.6339693069, -43.8633041382, -17.9700927734, -14.7207651138, 40.3731918335, 43.4505805969, 12.8013324738, 27.1163043976, -18.1752529144], [2.33156704903, 33.7663002014, -59.5032272339, 174.776306152, 116.71598053, 56.5163536072, 32.4270591736, 32.0667381287, 16.963552475, -11.6363334656, -3.8836877346, -16.7782173157, -1.11576652527], [-70.1036758423, -43.9700164795, -10.6339693069, 116.71598053, 316.356384277, 108.084739685, -1.38363981247, 36.1210289001, 89.4913330078, -30.8902111053, -43.7592048645, 34.3442764282, -27.8164157867], [-78.0278091431, -0.409242153168, -43.8633041382, 56.5163536072, 108.084739685, 116.169876099, 27.9605579376, 30.168636322, 45.2783813477, -7.65907716751, -14.6592760086, 8.5041217804, 2.03105783463], [-72.3615493774, -1.7955198288, -17.9700927734, 32.4270591736, -1.38363981247, 27.9605579376, 93.5076751709, 27.3610610962, -11.0947694778, 11.0101613998, 9.56609630585, -15.0186901093, 0.0853572636843], [-52.2442321777, 13.8049936295, -14.7207651138, 32.0667381287, 36.1210289001, 30.168636322, 27.3610610962, 67.108291626, 25.5987682343, 3.42383790016, 5.36686086655, 0.614058434963, 0.201442852616], [9.49372959137, 29.5506191254, 40.3731918335, 16.963552475, 89.4913330078, 45.2783813477, -11.0947694778, 25.5987682343, 101.869163513, 17.7505531311, -4.1545381546, 19.489774704, 1.19024288654], [61.6264266968, -7.02349567413, 43.4505805969, -11.6363334656, -30.8902111053, -7.65907716751, 11.0101613998, 3.42383790016, 17.7505531311, 73.3619308472, 28.0356788635, 11.1433124542, 5.32114887238], [81.0148849487, 60.100769043, 12.8013324738, -3.8836877346, -43.7592048645, -14.6592760086, 9.56609630585, 5.36686086655, -4.1545381546, 28.0356788635, 67.0104598999, 10.0591058731, 13.6112937927], [27.0905685425, -13.2041339874, 27.1163043976, -16.7782173157, 34.3442764282, 8.5041217804, -15.0186901093, 0.614058434963, 19.489774704, 11.1433124542, 10.0591058731, 71.7284545898, 5.32155227661], [-33.090473175, 51.5232696533, -18.1752529144, -1.11576652527, -27.8164157867, 2.03105783463, 0.0853572636843, 0.201442852616, 1.19024288654, 5.32114887238, 13.6112937927, 5.32155227661, 60.6932983398]]
        icov: [[0.000479021575302, -9.06793065951e-05, -0.000217906825128, -0.000322872045217, 0.000138510920806, 3.35121767421e-05, 0.000388846790884, 0.00030239825719, -1.8378292225e-05, -0.000179539463716, -0.000457811227534, -0.000119035699754, 0.000456972658867], [-9.06793065951e-05, 0.00332053098828, 9.08905203687e-05, -0.000956896750722, 0.000941228820011, 0.000182574396604, 0.000152044332935, 0.000136737158755, -0.00244336109608, 0.00240645953454, -0.00320602976717, 0.000830060860608, -0.00195090100169], [-0.000217906825128, 9.08905203687e-05, 0.003605150152, 0.000951847585384, -0.000375910633011, 0.00186242465861, -0.000760738039389, 0.000656631018501, -0.00203122245148, -0.00117195420898, 4.573680053e-05, -0.000582343433052, 0.000848802854307], [-0.000322872045217, -0.000956896750722, 0.000951847585384, 0.0107136750594, -0.00528975622728, -0.000864071131218, -0.00174635555595, -0.00201052241027, 0.00294143194333, -0.00146101310384, -0.00109513150528, 0.00405715079978, -0.0013077466283], [0.000138510920806, 0.000941228820011, -0.000375910633011, -0.00528975622728, 0.00953668355942, -0.00361543009058, 0.000927910034079, 0.000350570626324, -0.00579101964831, 0.00390253798105, 0.00204853853211, -0.00448258547112, 0.00326100713573], [3.35121767421e-05, 0.000182574396604, 0.00186242465861, -0.000864071131218, -0.00361543009058, 0.0169990509748, -0.00521506927907, -0.000904283777345, -0.00524036074057, 0.000840682478156, 0.00144998438191, -0.00101411645301, -0.00201759673655], [0.000388846790884, 0.000152044332935, -0.000760738039389, -0.00174635555595, 0.000927910034079, -0.00521506927907, 0.0163051728159, -0.00555608514696, 0.00520393718034, -0.00354321184568, -0.00174124317709, 0.00271866633557, 0.000779030553531], [0.00030239825719, 0.000136737158755, 0.000656631018501, -0.00201052241027, 0.000350570626324, -0.000904283777345, -0.00555608514696, 0.0211727935821, -0.00611382117495, 0.00147110270336, -0.0027246051468, -0.000470752012916, 0.000980164855719], [-1.8378292225e-05, -0.00244336109608, -0.00203122245148, 0.00294143194333, -0.00579101964831, -0.00524036074057, 0.00520393718034, -0.00611382117495, 0.0218037683517, -0.00829576700926, 0.00257845735177, 0.000647659762762, -0.00129108550027], [-0.000179539463716, 0.00240645953454, -0.00117195420898, -0.00146101310384, 0.00390253798105, 0.000840682478156, -0.00354321184568, 0.00147110270336, -0.00829576700926, 0.0221003945917, -0.00801157951355, -0.00212559197098, -0.000549867574591], [-0.000457811227534, -0.00320602976717, 4.573680053e-05, -0.00109513150528, 0.00204853853211, 0.00144998438191, -0.00174124317709, -0.0027246051468, 0.00257845735177, -0.00801157951355, 0.0248990785331, -0.00504931388423, -0.00112196709961], [-0.000119035699754, 0.000830060860608, -0.000582343433052, 0.00405715079978, -0.00448258547112, -0.00101411645301, 0.00271866633557, -0.000470752012916, 0.000647659762762, -0.00212559197098, -0.00504931388423, 0.0192534718663, -0.00327419512905], [0.000456972658867, -0.00195090100169, 0.000848802854307, -0.0013077466283, 0.00326100713573, -0.00201759673655, 0.000779030553531, 0.000980164855719, -0.00129108550027, -0.000549867574591, -0.00112196709961, -0.00327419512905, 0.0207816623151]]
    spectral_contrast:
        mean: [1.07426778584e-07, 2.54682561263e-07, -9.95575319962e-08, 1.83872135295e-08, 4.33227342e-07, 5.36501602255e-07, 2.2420096002e-08, 4.1428647819e-06, 7.61189596687e-07, -1.75191178187e-06, 1.50132621002e-06, 3.87977024729e-06]
        var: [0.000519801629707, 0.000812355312519, 0.00135267584119, 0.00261706765741, 0.00305012823083, 0.00369334896095, 0.0431810766459, 0.0782487168908, 0.163331076503, 0.311190336943, 0.435173779726, 1.4871776104]

rhythm:
    beats_loudness:
        dmean: 0.001574867405
        dmean2: 0.00277985981666
        dvar: 2.94163464787e-06
        dvar2: 7.35071216695e-06
        max: 0.0109129128978
        mean: 0.00664218980819
        min: 0.00412932829931
        var: 2.76663286058e-06
    beats_loudness_bass:
        dmean: 0.0960173234344
        dmean2: 0.176907628775
        dvar: 0.00769739458337
        dvar2: 0.0189767535776
        max: 0.38257586956
        mean: 0.0771202892065
        min: 0.00123766402248
        var: 0.00950303208083
    bpm: 124.76763916
    bpm_confidence: 0
    first_peak_bpm: 125
    first_peak_spread: 0
    first_peak_weight: 0.949999988079
    onset_rate: 3.95671844482
    second_peak_bpm: 110
    second_peak_spread: 0
    second_peak_weight: 0.0500000007451
    beats_position: [0.0906183347106, 0.571204006672, 1.05178976059, 1.5323754549, 2.01296114922, 2.49354672432, 2.97413253784, 3.45471835136, 3.93530392647, 4.41588973999, 4.89647531509, 5.3770608902, 5.8576464653, 6.40288162231, 6.88413333893, 7.3653845787, 7.84663534164, 8.32788658142, 8.80913829803, 9.29039001465, 9.77164077759]
    bpm_estimates: [124.713935852, 125.551261902, 125.102493286, 124.181755066, 125.750640869, 124.399238586, 125.101013184, 124.250602722, 124.598129272, 124.923614502, 124.629653931, 124.719200134, 124.502120972, 124.583686829, 124.67880249, 124.683425903, 124.680282593]
    bpm_intervals: [0.480585664511, 0.480585753918, 0.480585694313, 0.480585694313, 0.480585575104, 0.480585813522, 0.480585813522, 0.480585575104, 0.480585813522, 0.480585575104, 0.480585575104, 0.480585575104, 0.545235157013, 0.481251716614, 0.481251239777, 0.481250762939, 0.481251239777, 0.481251716614, 0.481251716614, 0.481250762939]
    onset_times: [0.0464399084449, 0.835918366909, 1.35836732388, 1.54412698746, 2.0549659729, 2.49614500999, 2.53097510338, 2.7863945961, 3.00698423386, 3.49460315704, 3.87773251534, 3.98222231865, 4.1099319458, 4.20281171799, 4.45823144913, 4.81814050674, 4.93424034119, 5.20126962662, 5.4334692955, 5.65405893326, 5.71210861206, 5.80498886108, 5.92108821869, 6.15328788757, 6.37387752533, 6.67573690414, 6.88471651077, 7.16335582733, 7.37233543396, 7.75546503067, 8.08054447174, 8.33596324921, 8.60299301147, 8.71909332275, 8.82358264923, 9.0906124115, 9.31120204926, 9.4040813446, 9.67111110687, 10.0194101334]
    rubato_start: []
    rubato_stop: []
    perceptual_tempo: "unknown"

sfx:
    inharmonicity:
        dmean: 0.0804518982768
        dmean2: 0.140543490648
        dvar: 0.0061642373912
        dvar2: 0.0165429841727
        max: 0.467789143324
        mean: 0.090325653553
        min: 0
        var: 0.00785344280303
    oddtoevenharmonicenergyratio:
        dmean: 8.8303976059
        dmean2: 16.4382972717
        dvar: 917.448425293
        dvar2: 2968.12133789
        max: 323.332702637
        mean: 5.61127376556
        min: 0
        var: 525.945068359
    pitch_after_max_to_before_max_energy_ratio: 2.04392504692
    pitch_centroid: 229.060974121
    pitch_max_to_total: 0.337155967951
    pitch_min_to_total: 0.910550475121
    tristimulus:
        dmean: [0.196357831359, 0.317919194698, 0.163676604629]
        dmean2: [0.351644665003, 0.572272479534, 0.292198896408]
        dvar: [0.0431882180274, 0.078790679574, 0.0277992617339]
        dvar2: [0.122507035732, 0.217828094959, 0.0744509026408]
        max: [1, 0.987489581108, 0.7417075634]
        mean: [0.221518605947, 0.496255755424, 0.158328741789]
        min: [0.00203272607177, 0, 0]
        var: [0.0431027002633, 0.0982740297914, 0.0362853892148]

tonal:
    chords_changes_rate: 0.0963302776217
    chords_number_rate: 0.0366972461343
    chords_strength:
        dmean: 0.00909929536283
        dmean2: 0.00950949080288
        dvar: 5.55726619496e-05
        dvar2: 6.77838543197e-05
        max: 0.604478240013
        mean: 0.487179726362
        min: 0.269997626543
        var: 0.0072405282408
    key_strength: 0.346995651722
    tuning_diatonic_strength: 0.449995696545
    tuning_equal_tempered_deviation: 0.0960161834955
    tuning_frequency: 441.017791748
    tuning_nontempered_energy_ratio: 0.752965271473
    hpcp:
        dmean: [0.124913938344, 0.0952947065234, 0.113936401904, 0.116477265954, 0.132939696312, 0.152021333575, 0.15622022748, 0.143464237452, 0.14188079536, 0.115455389023, 0.101264938712, 0.155448481441, 0.222656279802, 0.205130085349, 0.214446142316, 0.226450204849, 0.217758074403, 0.196047112346, 0.191017657518, 0.139684647322, 0.163619309664, 0.205116793513, 0.19330266118, 0.18832603097, 0.158590406179, 0.133245691657, 0.163771212101, 0.169410824776, 0.12199023366, 0.0997334197164, 0.106076255441, 0.111418686807, 0.141916409135, 0.156761527061, 0.135187521577, 0.142791315913]
        dmean2: [0.206807538867, 0.156843006611, 0.191035687923, 0.197750747204, 0.219107463956, 0.250622779131, 0.250182032585, 0.235127031803, 0.239396035671, 0.195383861661, 0.174325555563, 0.246000185609, 0.348947972059, 0.326024204493, 0.34526103735, 0.373905301094, 0.363100856543, 0.334938853979, 0.323231458664, 0.234741181135, 0.275471419096, 0.346405744553, 0.315204203129, 0.298812419176, 0.257412195206, 0.216290473938, 0.276090741158, 0.277563452721, 0.200802922249, 0.163940653205, 0.170647934079, 0.185682877898, 0.236130788922, 0.257534831762, 0.225298151374, 0.237730517983]
        dvar: [0.0181198380888, 0.00998160708696, 0.0207313373685, 0.0231459327042, 0.020691441372, 0.020714905113, 0.0277207549661, 0.0240343138576, 0.0245425719768, 0.0128125762567, 0.0096123451367, 0.0166343599558, 0.0325778312981, 0.0313643328846, 0.0318914763629, 0.0510557442904, 0.0404659435153, 0.0354028865695, 0.0329810976982, 0.0155824134126, 0.0285201687366, 0.0390789732337, 0.0343514084816, 0.0346325002611, 0.0247327517718, 0.0222970191389, 0.0303496923298, 0.0283706784248, 0.0194805059582, 0.0139144379646, 0.0172927919775, 0.0195388030261, 0.0285684708506, 0.0392238870263, 0.022595776245, 0.0276632346213]
        dvar2: [0.0439333729446, 0.0244324672967, 0.0520983636379, 0.0572701469064, 0.0542878061533, 0.0492193289101, 0.0736054703593, 0.0635074079037, 0.0625072643161, 0.0320622771978, 0.0234339162707, 0.0370090678334, 0.0744012370706, 0.0802208855748, 0.0892350226641, 0.129904285073, 0.102674432099, 0.101034589112, 0.0876237303019, 0.0383622720838, 0.0694203525782, 0.0920824557543, 0.0988515466452, 0.10081679374, 0.0649685189128, 0.0584271587431, 0.078972324729, 0.0734925270081, 0.0485228523612, 0.0366438962519, 0.0432741641998, 0.0474932044744, 0.0693639442325, 0.0797429531813, 0.055625539273, 0.0650076344609]
        max: [1, 0.862351953983, 1, 1, 1, 1, 1, 1, 1, 0.810778319836, 0.598831772804, 0.896461069584, 1, 1, 1, 1, 1, 1, 1, 0.839376747608, 1, 1, 1, 1, 1, 1, 1, 1, 1, 0.808831393719, 1, 1, 1, 1, 0.936465799809, 1]
        mean: [0.236066713929, 0.171179562807, 0.180189400911, 0.192352086306, 0.214667290449, 0.294159054756, 0.310821145773, 0.256902009249, 0.236706376076, 0.205515503883, 0.17351295054, 0.298144519329, 0.438521534204, 0.404803037643, 0.409545123577, 0.465841442347, 0.430883735418, 0.421569705009, 0.380349844694, 0.279894053936, 0.313926696777, 0.39463788271, 0.347668319941, 0.318237185478, 0.288752347231, 0.21570917964, 0.275695383549, 0.322872519493, 0.219001606107, 0.152926027775, 0.153829500079, 0.158121168613, 0.284055322409, 0.363809764385, 0.296183854342, 0.273702532053]
        min: [0.0238332543522, 0.0153614617884, 0.00799896474928, 0.014225278981, 0.0197270661592, 0.02581005916, 0.0125844040886, 0.0159758478403, 0.0133387856185, 0.0107650980353, 0.0161268580705, 0.043908841908, 0.0594865344465, 0.0279352329671, 0.0147483190522, 0.0114343641326, 0.0156251043081, 0.00713686225936, 0.0106291454285, 0.00621031550691, 0.03913019225, 0.0168746244162, 0.0167266838253, 0.0149513240904, 0.00844041910022, 0.00658701825887, 0.0150884585455, 0.0218617413193, 0.0107186911628, 0.00545753259212, 0.0069283824414, 0.0134696373716, 0.0184718333185, 0.0182555373758, 0.0127062331885, 0.0160210523754]
        var: [0.027892710641, 0.0178482849151, 0.0348804444075, 0.0385413020849, 0.0338151603937, 0.0421423763037, 0.0637880414724, 0.036555595696, 0.0428957790136, 0.0229396540672, 0.0170690771192, 0.0387313589454, 0.0775577351451, 0.0778100043535, 0.0670459717512, 0.102103084326, 0.082861199975, 0.0754420980811, 0.0782846733928, 0.0319456085563, 0.0460195727646, 0.0674887895584, 0.0624033473432, 0.0586356073618, 0.0525774247944, 0.0388125181198, 0.0571769922972, 0.0698853433132, 0.0436538495123, 0.0232117827982, 0.0288997814059, 0.027051506564, 0.0599387995899, 0.119528278708, 0.051898997277, 0.0681787282228]
    chords_histogram: [0, 18.8073387146, 0.458715587854, 0, 6.88073396683, 0, 8.71559619904, 0, 0, 0, 0, 0, 0, 0, 0, 20.1834869385, 0, 0, 0, 16.5137615204, 0.917431175709, 14.6788988113, 9.63302707672, 3.21100926399]
    thpcp: [1, 0.924957931042, 0.90496391058, 0.816479206085, 0.600835442543, 0.673891723156, 0.847150683403, 0.746323287487, 0.68314486742, 0.619851112366, 0.463052779436, 0.591822385788, 0.693095326424, 0.470120489597, 0.328279137611, 0.330218583345, 0.33943131566, 0.609768271446, 0.780973374844, 0.635803997517, 0.587544381618, 0.506753325462, 0.36746314168, 0.386804133654, 0.412913203239, 0.460816204548, 0.631457448006, 0.667225182056, 0.551479518414, 0.508126497269, 0.44117051363, 0.37247210741, 0.640012860298, 0.941353619099, 0.868971705437, 0.879151344299]
    chords_key: "D"
    chords_scale: "minor"
    key_key: "A"
    key_scale: "major"
    chords_progression: ["G", "Bm", "Bm", "G", "Bm", "Bm", "Bm", "Bm", "Dm", "Dm", "Dm", "Dm", "Dm", "Dm", "Dm", "Dm", "Dm", "Dm", "Dm", "Dm", "Dm", "Dm", "Dm", "Dm", "Dm", "Dm", "Dm", "Dm", "Dm", "Dm", "Dm", "Dm", "Dm", "Dm", "Dm", "Dm", "Dm", "Dm", "Dm", "Dm", "Dm", "Dm", "Dm", "Dm", "Dm", "Dm", "Dm", "Dm", "Dm", "Dm", "Dm", "Dm", "D", "D", "D", "D", "D", "D", "D", "D", "D", "D", "D", "D", "D", "D", "D", "D", "D", "D", "D", "D", "D", "F#", "F#", "F#", "F#", "F#", "F#", "F#", "F#", "F#", "F#", "F#", "F#", "F#", "F#m", "F#", "F#m", "F#", "F#", "F#", "F#", "F#", "F#m", "C#m", "C#m", "C#m", "C#m", "C#m", "C#m", "C#m", "C#m", "C#m", "C#m", "C#m", "C#m", "C#m", "C#m", "C#m", "C#m", "C#m", "C#m", "C#m", "C#m", "C#m", "C#m", "C#m", "C#m", "C#m", "C#m", "C#m", "C#m", "C#m", "C#m", "C#m", "C#m", "C#m", "C#m", "C#m", "C#m", "C#m", "C#m", "C#m", "C#m", "C#m", "F#m", "F#m", "F#m", "F#m", "Bm", "Bm", "Bm", "Bm", "Bm", "Bm", "Bm", "Bm", "Bm", "Bm", "Bm", "Bm", "Bm", "Bm", "Bm", "Bm", "Bm", "Bm", "Bm", "Bm", "Bm", "Bm", "Bm", "B", "B", "B", "B", "B", "B", "B", "B", "Bm", "B", "B", "B", "B", "B", "B", "Bm", "Bm", "B", "E", "Em", "Em", "Em", "Em", "Em", "Em", "Em", "Em", "Em", "Em", "Em", "Em", "Em", "Em", "Em", "Em", "Em", "Em", "Em", "Em", "Em", "Em", "Em", "Em", "Em", "Em", "Em", "Em", "Em", "Em", "Em", "Em", "Em", "Em", "Em", "Em"]
