
metadata:
    version:
        essentia: "1.2.2"
    audio_properties:
        analysis_sample_rate: 44100
        bitrate: 128
        channels: 2
        equal_loudness: 1
        length: 10.0048980713
        replay_gain: -3.36613464355
        downmix: "mix"
    tags:
        track: 27
        year: 0
        album: "Splitted by Mp3Splt v. 2.1"
        artist: "From 004.20 To 004.30"
        comment: "http://mp3splt.sf.net"
        genre: ""
        title: "10 The Lexter.mp3"

highlevel:
    ballroom:
        all:
            ChaChaCha: 0.0280147865415
            Jive: 0.0346249379218
            Quickstep: 0.340807497501
            Rumba-American: 0.0699135512114
            Rumba-International: 0.0717506855726
            Rumba-Misc: 0.0555006787181
            Samba: 0.0620648674667
            Tango: 0.1307952106
            VienneseWaltz: 0.117463700473
            Waltz: 0.0890640988946
        probability: 0.340807497501
        value: "Quickstep"
    culture:
        all:
            non_western: 0.0979426577687
            western: 0.902057349682
        probability: 0.902057349682
        value: "western"
    gender:
        all:
            female: 0.862494885921
            male: 0.137505114079
        probability: 0.862494885921
        value: "female"
    genre_dortmund:
        all:
            alternative: 0.00867970939726
            blues: 0.018744584173
            electronic: 0.00262106209993
            folkcountry: 0.00491454545408
            funksoulrnb: 0.0114575615153
            jazz: 0.92847263813
            pop: 0.00815199874341
            raphiphop: 0.00154096842743
            rock: 0.0154169080779
        probability: 0.92847263813
        value: "jazz"
    genre_electronica:
        all:
            ambient: 0.902971208096
            dnb: 0.0282854866236
            house: 0.0198049936444
            techno: 0.00296573294327
            trance: 0.0459725819528
        probability: 0.902971208096
        value: "ambient"
    genre_rosamerica:
        all:
            cla: 0.00820199400187
            dan: 0.00356537173502
            hip: 0.0030301886145
            jaz: 0.966855287552
            pop: 0.00458472361788
            rhy: 0.0116168446839
            roc: 0.00177309534047
            spe: 0.000372488982975
        probability: 0.966855287552
        value: "jaz"
    genre_tzanetakis:
        all:
            blu: 0.000615935656242
            cla: 0.0103708487004
            cou: 0.00636425055563
            dis: 0.00486478116363
            hip: 0.000755935616326
            jaz: 0.894529044628
            met: 0.000236975538428
            pop: 0.0614463686943
            reg: 0.0144191905856
            roc: 0.00639665918425
        probability: 0.894529044628
        value: "jaz"
    live_studio:
        all:
            live: 0.719981849194
            studio: 0.280018150806
        probability: 0.719981849194
        value: "live"
    mood:
        all:
            Cluster1: 0.293197512627
            Cluster2: 0.351413011551
            Cluster3: 0.124117806554
            Cluster4: 0.171604037285
            Cluster5: 0.059667635709
        probability: 0.351413011551
        value: "Cluster2"
    mood_acoustic:
        all:
            acoustic: 0.952438533306
            not_acoustic: 0.0475614778697
        probability: 0.952438533306
        value: "acoustic"
    mood_aggressive:
        all:
            aggressive: 0.00616931403056
            not_aggressive: 0.993830680847
        probability: 0.993830680847
        value: "not_aggressive"
    mood_electronic:
        all:
            electronic: 0.0910986587405
            not_electronic: 0.908901333809
        probability: 0.908901333809
        value: "not_electronic"
    mood_happy:
        all:
            happy: 0.123510569334
            not_happy: 0.876489460468
        probability: 0.876489460468
        value: "not_happy"
    mood_party:
        all:
            not_party: 0.929562389851
            party: 0.0704375952482
        probability: 0.929562389851
        value: "not_party"
    mood_relaxed:
        all:
            not_relaxed: 0.0683145672083
            relaxed: 0.931685447693
        probability: 0.931685447693
        value: "relaxed"
    mood_sad:
        all:
            not_sad: 0.124346598983
            sad: 0.875653386116
        probability: 0.875653386116
        value: "sad"
    rhythm:
        all:
            fast: 0.493970364332
            medium: 0.398224204779
            slow: 0.10780543834
        probability: 0.493970364332
        value: "fast"
    speech_music:
        all:
            music: 0.996464490891
            speech: 0.00353551586159
        probability: 0.996464490891
        value: "music"
    timbre:
        all:
            bright: 0.353944510221
            dark: 0.646055519581
        probability: 0.646055519581
        value: "dark"
    voice_instrumental:
        all:
            instrumental: 0.999989807606
            voice: 1.01722407635e-05
        probability: 0.999989807606
        value: "instrumental"

lowlevel:
    average_loudness: 0.932082116604
    barkbands_kurtosis:
        dmean: 1.11322879791
        dmean2: 1.70707988739
        dvar: 1.52562832832
        dvar2: 3.73668479919
        max: 12.8155107498
        mean: 1.20280647278
        min: -1.72391438484
        var: 4.34720134735
    barkbands_skewness:
        dmean: 0.385735601187
        dmean2: 0.527779221535
        dvar: 0.133481904864
        dvar2: 0.269357055426
        max: 3.6332757473
        mean: 0.84728962183
        min: -2.23472332954
        var: 0.834603786469
    barkbands_spread:
        dmean: 4.56580734253
        dmean2: 6.63003730774
        dvar: 19.5057563782
        dvar2: 37.7095336914
        max: 54.0360183716
        mean: 20.6494293213
        min: 6.02392339706
        var: 72.1972351074
    dissonance:
        dmean: 0.0300615876913
        dmean2: 0.0508674457669
        dvar: 0.000951274181716
        dvar2: 0.00261205481365
        max: 0.499269157648
        mean: 0.43773239851
        min: 0.262769073248
        var: 0.00170476094354
    hfc:
        dmean: 1.47838354111
        dmean2: 1.83602666855
        dvar: 8.51508331299
        dvar2: 17.5294265747
        max: 29.3626346588
        mean: 2.98938846588
        min: 0.15217526257
        var: 17.5675392151
    pitch:
        dmean: 219.352127075
        dmean2: 424.145385742
        dvar: 311415.21875
        dvar2: 813157.25
        max: 4009.09082031
        mean: 490.372528076
        min: 78.3303756714
        var: 308071.5
    pitch_instantaneous_confidence:
        dmean: 0.0944723412395
        dmean2: 0.137662231922
        dvar: 0.0100339725614
        dvar2: 0.0193052645773
        max: 0.923446416855
        mean: 0.538382589817
        min: 0.166255712509
        var: 0.0382948555052
    pitch_salience:
        dmean: 0.0675856620073
        dmean2: 0.104367308319
        dvar: 0.00448113353923
        dvar2: 0.00965600926429
        max: 0.785565197468
        mean: 0.512223660946
        min: 0.196874648333
        var: 0.0132430680096
    silence_rate_20dB:
        dmean: 0
        dmean2: 0
        dvar: 0
        dvar2: 0
        max: 1
        mean: 1
        min: 1
        var: 0
    silence_rate_30dB:
        dmean: 0
        dmean2: 0
        dvar: 0
        dvar2: 0
        max: 1
        mean: 1
        min: 1
        var: 0
    silence_rate_60dB:
        dmean: 0.106976747513
        dmean2: 0.214452207088
        dvar: 0.0955327600241
        dvar2: 0.187110692263
        max: 1
        mean: 0.749419927597
        min: 0
        var: 0.18778938055
    spectral_centroid:
        dmean: 194.572799683
        dmean2: 286.968994141
        dvar: 63738.6601562
        dvar2: 147981.53125
        max: 3433.18505859
        mean: 954.31628418
        min: 284.885009766
        var: 170360.609375
    spectral_complexity:
        dmean: 1.86448597908
        dmean2: 2.84777522087
        dvar: 7.00031709671
        dvar2: 12.9955482483
        max: 28
        mean: 6.89044284821
        min: 1
        var: 22.876121521
    spectral_crest:
        dmean: 2.45307898521
        dmean2: 3.77655935287
        dvar: 5.67176246643
        dvar2: 10.7614793777
        max: 23.6268024445
        mean: 10.2079954147
        min: 3.10305714607
        var: 17.6368770599
    spectral_decrease:
        dmean: 2.55268445271e-10
        dmean2: 2.96869417937e-10
        dvar: 1.60987131586e-19
        dvar2: 2.57608030987e-19
        max: -5.89319773536e-11
        mean: -6.81653955503e-10
        min: -4.72275685226e-09
        var: 5.33071324182e-19
    spectral_energy:
        dmean: 0.00108823261689
        dmean2: 0.00127026077826
        dvar: 3.02984199152e-06
        dvar2: 4.93228071718e-06
        max: 0.0203732661903
        mean: 0.00284386379644
        min: 0.000238270542468
        var: 9.63934780884e-06
    spectral_energyband_high:
        dmean: 6.5675478254e-05
        dmean2: 0.000100798002677
        dvar: 4.20902921405e-08
        dvar2: 1.16274954109e-07
        max: 0.00282416446134
        mean: 8.45293980092e-05
        min: 2.44385228143e-06
        var: 3.29551639311e-08
    spectral_energyband_low:
        dmean: 0.00015184780932
        dmean2: 0.000217446387978
        dvar: 6.05727308312e-08
        dvar2: 1.05316189547e-07
        max: 0.00210367934778
        mean: 0.000264165108092
        min: 1.28814360778e-06
        var: 1.3442245006e-07
    spectral_energyband_middle_high:
        dmean: 0.000621688377578
        dmean2: 0.000723913428374
        dvar: 1.80808092409e-06
        dvar2: 3.2012731026e-06
        max: 0.018016602844
        mean: 0.00121245800983
        min: 4.20854594267e-05
        var: 4.18148783865e-06
    spectral_energyband_middle_low:
        dmean: 0.000430699903518
        dmean2: 0.000580986728892
        dvar: 5.7719751112e-07
        dvar2: 9.03224304238e-07
        max: 0.0115063432604
        mean: 0.00128270930145
        min: 2.3701803002e-05
        var: 2.69030033451e-06
    spectral_flatness_db:
        dmean: 0.0218995176256
        dmean2: 0.0314202234149
        dvar: 0.000440698233433
        dvar2: 0.000723590608686
        max: 0.332597821951
        mean: 0.187649384141
        min: 0.0956920385361
        var: 0.0016418879386
    spectral_flux:
        dmean: 0.0089792907238
        dmean2: 0.0140137067065
        dvar: 0.000150468971697
        dvar2: 0.00034706594306
        max: 0.101625680923
        mean: 0.0227891504765
        min: 0.00501074176282
        var: 0.000231470927247
    spectral_kurtosis:
        dmean: 2.34959721565
        dmean2: 3.86243104935
        dvar: 5.0319647789
        dvar2: 12.729631424
        max: 20.2086582184
        mean: 6.11203527451
        min: 0.861107349396
        var: 10.3418550491
    spectral_rms:
        dmean: 0.000292764831102
        dmean2: 0.000339954072842
        dvar: 1.23205694535e-07
        dvar2: 1.93078392385e-07
        max: 0.00445829099044
        mean: 0.00149971095379
        min: 0.000482140108943
        var: 5.25370012383e-07
    spectral_rolloff:
        dmean: 467.592224121
        dmean2: 769.093139648
        dvar: 424048.25
        dvar2: 861948.3125
        max: 4543.50585938
        mean: 1631.35339355
        min: 258.3984375
        var: 965302.875
    spectral_skewness:
        dmean: 0.280149996281
        dmean2: 0.434239149094
        dvar: 0.0524222962558
        dvar2: 0.134192019701
        max: 2.92003893852
        mean: 1.85892176628
        min: 0.882062196732
        var: 0.177151948214
    spectral_spread:
        dmean: 764398.625
        dmean2: 1125683.875
        dvar: 1.41513798451e+12
        dvar2: 2.26718567629e+12
        max: 19020846
        mean: 4349964.5
        min: 1856072.375
        var: 2.56401394893e+12
    spectral_strongpeak:
        dmean: 0.338196218014
        dmean2: 0.483506023884
        dvar: 0.312128275633
        dvar2: 0.643327832222
        max: 5.68878364563
        mean: 0.666310191154
        min: 0.017877727747
        var: 0.653260350227
    zerocrossingrate:
        dmean: 0.00771781010553
        dmean2: 0.00910810381174
        dvar: 5.7053846831e-05
        dvar2: 7.43009732105e-05
        max: 0.14453125
        mean: 0.0591912977397
        min: 0.02392578125
        var: 0.000341651291819
    barkbands:
        dmean: [9.66056461493e-08, 6.24359163339e-05, 0.000106137340481, 7.33612469048e-05, 0.00017249440134, 0.00010739237041, 8.27888870845e-05, 0.000139935189509, 6.43712992314e-05, 9.25533604459e-05, 5.67866700294e-05, 0.000114201495307, 0.000186106888577, 5.71767886868e-05, 2.71417993645e-05, 1.32745572046e-05, 3.34950418619e-05, 4.87381366838e-05, 5.12903352501e-05, 6.92857138347e-05, 4.15643335145e-05, 5.7319575717e-06, 1.95383427126e-06, 1.05343190171e-06, 4.98321469422e-07, 1.92215612316e-08, 1.11983922135e-09]
        dmean2: [1.51859964603e-07, 9.69756001723e-05, 0.000148069579154, 0.000127452527522, 0.000275455386145, 0.000174970569788, 0.000143973142258, 0.000172654399648, 9.56857329584e-05, 0.000137887851452, 6.66902706143e-05, 0.0001273615635, 0.000231416954193, 7.09391824785e-05, 4.53846623714e-05, 1.92710394913e-05, 4.40889853053e-05, 7.28062077542e-05, 8.09400953585e-05, 0.000101199053461, 6.589863915e-05, 9.07732828637e-06, 3.27799830302e-06, 1.83605777693e-06, 8.14831935259e-07, 2.86628747403e-08, 1.25577392929e-09]
        dvar: [2.89595109774e-14, 8.77781847208e-09, 3.73717625735e-08, 1.42002063441e-08, 1.08625499706e-07, 2.72616560437e-08, 4.66857663639e-08, 1.94152832478e-07, 8.47181595987e-08, 6.59047572071e-08, 1.94499811812e-08, 1.33847919415e-07, 8.78229116097e-07, 9.0375088746e-08, 6.43626929531e-09, 1.02269037683e-09, 8.11579070614e-09, 1.4398545467e-08, 2.04450198993e-08, 3.71417101519e-08, 2.04394350334e-08, 3.66542046715e-10, 9.78721478861e-11, 4.07744150943e-11, 3.31071238133e-12, 1.68362409585e-15, 3.79912302763e-16]
        dvar2: [6.74371379594e-14, 2.1348794732e-08, 6.01824439173e-08, 3.72014135053e-08, 2.45771616392e-07, 7.35794927209e-08, 1.26131155298e-07, 3.24997557755e-07, 2.02577112418e-07, 1.41631602446e-07, 3.23462536755e-08, 1.71944847693e-07, 1.68486030816e-06, 1.36241624205e-07, 1.87775057725e-08, 2.34566055468e-09, 1.31088242483e-08, 2.71183502321e-08, 5.26334886786e-08, 8.54670645367e-08, 5.63273552245e-08, 1.02815689296e-09, 2.8411298314e-10, 1.18325238496e-10, 9.0452662721e-12, 3.34916827344e-15, 3.79976968435e-16]
        max: [1.65556343745e-06, 0.000662985199597, 0.00176482729148, 0.00118618423585, 0.00562201859429, 0.00179085950367, 0.00260884128511, 0.00824648234993, 0.00520575605333, 0.00244788895361, 0.00173442717642, 0.0050006294623, 0.0118247168139, 0.00687093753368, 0.000987680628896, 0.000355038559064, 0.0011672883993, 0.00200621434487, 0.00171136762947, 0.00189323187806, 0.00187106267549, 0.000280017789919, 0.000149166677147, 9.68988751993e-05, 2.75918573607e-05, 4.35228912465e-07, 4.04419267852e-07]
        mean: [1.26463817196e-07, 0.00010110756557, 0.000162936688866, 0.00010606883734, 0.000319420010783, 0.000228501507081, 0.000158887822181, 0.000330609356752, 0.00012402854918, 0.000174360160599, 0.000116695926408, 0.0002108248882, 0.000297985476209, 9.60416145972e-05, 3.80933561246e-05, 2.23571296374e-05, 5.05190037074e-05, 8.54696918395e-05, 7.04623671481e-05, 9.57873198786e-05, 4.34860303358e-05, 6.66592131893e-06, 1.94392009689e-06, 9.47095429638e-07, 5.16121986038e-07, 2.30494965336e-08, 1.10746423143e-09]
        min: [1.12239315064e-10, 4.51694830872e-07, 6.12285589341e-07, 4.78659330838e-07, 3.88907301385e-06, 7.75245098339e-07, 7.61130706906e-07, 1.25105927395e-07, 1.66806472635e-07, 8.19057035528e-08, 6.6489306505e-08, 9.39504261055e-08, 2.39684254666e-07, 1.80972392627e-07, 1.23786179529e-07, 1.40611522426e-09, 3.2656319604e-07, 3.44620070791e-06, 2.7192518246e-06, 2.55007762462e-06, 6.88525801706e-07, 1.533714169e-07, 2.9639039667e-08, 9.35847044303e-09, 5.99256644307e-09, 8.68392857623e-11, 6.49966327504e-14]
        var: [4.07763490399e-14, 1.40638469759e-08, 8.69605329967e-08, 2.10297734782e-08, 2.81516946643e-07, 9.17503868436e-08, 1.13287178749e-07, 7.13495978744e-07, 1.49613114786e-07, 1.21778541029e-07, 5.39228963703e-08, 4.15494639583e-07, 1.64219443377e-06, 2.08305195315e-07, 7.47077777419e-09, 1.62748592381e-09, 1.78270358475e-08, 3.01780751499e-08, 2.39342945463e-08, 4.56168294249e-08, 1.51681849303e-08, 2.79213541177e-10, 6.00055768962e-11, 2.35620880445e-11, 2.48124285875e-12, 2.36868697942e-15, 3.80117575904e-16]
    mfcc:
        mean: [-783.208618164, 143.337234497, -36.8726959229, 52.5807571411, -17.4794387817, -3.24069619179, 11.1735477448, -8.44709873199, -8.36704158783, -5.59768915176, 0.526055514812, -2.57425546646, -6.05247211456]
        cov: [[3067.32299805, -385.985137939, -192.738845825, -341.521087646, -306.960601807, -28.3275642395, -189.588470459, -149.074462891, 5.62900829315, -63.340007782, -149.111038208, 89.3395996094, 116.745025635], [-385.985137939, 965.811645508, -284.533599854, 20.9369773865, -71.0580673218, -135.548156738, -17.8792133331, 2.70778560638, 76.0754776001, 76.6259307861, 59.8412780762, 14.8669185638, -9.62771511078], [-192.738845825, -284.533599854, 487.04006958, 48.4049186707, 81.552444458, 13.3765773773, 10.7940664291, 69.4205551147, 47.118309021, 40.2120933533, -11.9818162918, -55.3421936035, -19.7739887238], [-341.521087646, 20.9369773865, 48.4049186707, 177.959579468, 76.7793960571, 52.1737594604, 51.8684921265, 33.7412414551, 4.23184394836, 27.6222515106, 55.1595458984, 11.6505556107, -19.2499446869], [-306.960601807, -71.0580673218, 81.552444458, 76.7793960571, 196.120742798, 135.555953979, 77.0239639282, 20.1158161163, -43.0037956238, -4.21826791763, 57.8949508667, 12.8881149292, -23.8211536407], [-28.3275642395, -135.548156738, 13.3765773773, 52.1737594604, 135.555953979, 210.526245117, 79.7330169678, -17.1792297363, -80.625328064, -29.0770893097, 62.5690307617, 33.1383018494, -29.3158054352], [-189.588470459, -17.8792133331, 10.7940664291, 51.8684921265, 77.0239639282, 79.7330169678, 116.580085754, 63.9383621216, 5.99800252914, -16.8403244019, 7.83031320572, 5.43734073639, -5.95957899094], [-149.074462891, 2.70778560638, 69.4205551147, 33.7412414551, 20.1158161163, -17.1792297363, 63.9383621216, 158.897628784, 97.2490081787, -15.2002534866, -73.6904220581, -41.2975769043, 23.3618717194], [5.62900829315, 76.0754776001, 47.118309021, 4.23184394836, -43.0037956238, -80.625328064, 5.99800252914, 97.2490081787, 161.547225952, 63.7185173035, -56.8742980957, -60.6097869873, 3.38332509995], [-63.340007782, 76.6259307861, 40.2120933533, 27.6222515106, -4.21826791763, -29.0770893097, -16.8403244019, -15.2002534866, 63.7185173035, 142.584274292, 78.2329330444, -34.4558105469, -63.4181861877], [-149.111038208, 59.8412780762, -11.9818162918, 55.1595458984, 57.8949508667, 62.5690307617, 7.83031320572, -73.6904220581, -56.8742980957, 78.2329330444, 185.355377197, 77.6497039795, -48.2594833374], [89.3395996094, 14.8669185638, -55.3421936035, 11.6505556107, 12.8881149292, 33.1383018494, 5.43734073639, -41.2975769043, -60.6097869873, -34.4558105469, 77.6497039795, 176.782424927, 82.1088562012], [116.745025635, -9.62771511078, -19.7739887238, -19.2499446869, -23.8211536407, -29.3158054352, -5.95957899094, 23.3618717194, 3.38332509995, -63.4181861877, -48.2594833374, 82.1088562012, 160.012023926]]
        icov: [[0.000645416846965, 0.000257280247752, 0.000178832604433, 0.000739193696063, 0.0009266299312, -0.00119438651018, 0.000723480479792, 0.000307577895001, -0.000599512713961, -0.000496750406455, 0.000800316105597, -0.000799809931777, 2.43617996603e-05], [0.000257280247752, 0.0017682351172, 0.00121141353156, 7.87591034168e-06, -0.000197918838239, 0.00104719400406, 0.000106319566839, -1.61729076353e-05, -0.00103340786882, -5.12772348884e-05, -0.000826181494631, -0.000112742382044, 4.8250083637e-05], [0.000178832604433, 0.00121141353156, 0.00345012079924, -0.000186784207472, -0.00164382450748, 0.000674591399729, 0.00155666295905, -0.00164761522319, -0.000110598281026, -0.00139065401163, 4.83165567857e-05, 0.000177838068339, -0.000101802987047], [0.000739193696063, 7.87591034168e-06, -0.000186784207472, 0.00887000281364, -0.000474950764328, -0.00153918121941, -0.000409473723266, -0.00187892885879, -0.000146160789882, -0.00143820687663, -0.00119604635984, -0.000900409650058, -5.40703986189e-05], [0.0009266299312, -0.000197918838239, -0.00164382450748, -0.000474950764328, 0.0139219872653, -0.00778871634975, -0.00134489033371, -0.00165819004178, 0.00161674141418, -0.000910035858396, -0.00112945691217, 0.000564734160434, -0.0011359360069], [-0.00119438651018, 0.00104719400406, 0.000674591399729, -0.00153918121941, -0.00778871634975, 0.0159678403288, -0.00743306428194, 0.00198677368462, 0.00235438090749, 0.00321399816312, -0.00343981245533, 0.00132569705602, 0.00153799331747], [0.000723480479792, 0.000106319566839, 0.00155666295905, -0.000409473723266, -0.00134489033371, -0.00743306428194, 0.0211792159826, -0.00941768847406, -0.000595752091613, 0.000267875875579, -7.06544451532e-05, -0.00195671757683, 0.00132495549042], [0.000307577895001, -1.61729076353e-05, -0.00164761522319, -0.00187892885879, -0.00165819004178, 0.00198677368462, -0.00941768847406, 0.0227462667972, -0.0147898513824, 0.00865737721324, 0.000980284647085, 0.00140591477975, -0.000891470583156], [-0.000599512713961, -0.00103340786882, -0.000110598281026, -0.000146160789882, 0.00161674141418, 0.00235438090749, -0.000595752091613, -0.0147898513824, 0.0280161555856, -0.0197886191308, 0.00995734892786, -0.0015724983532, -0.00147208874114], [-0.000496750406455, -5.12772348884e-05, -0.00139065401163, -0.00143820687663, -0.000910035858396, 0.00321399816312, 0.000267875875579, 0.00865737721324, -0.0197886191308, 0.0319917686284, -0.0204462315887, 0.00915139727294, 0.00144912791438], [0.000800316105597, -0.000826181494631, 4.83165567857e-05, -0.00119604635984, -0.00112945691217, -0.00343981245533, -7.06544451532e-05, 0.000980284647085, 0.00995734892786, -0.0204462315887, 0.0282501503825, -0.015179073438, 0.00627951789647], [-0.000799809931777, -0.000112742382044, 0.000177838068339, -0.000900409650058, 0.000564734160434, 0.00132569705602, -0.00195671757683, 0.00140591477975, -0.0015724983532, 0.00915139727294, -0.015179073438, 0.0188690181822, -0.0100609930232], [2.43617996603e-05, 4.8250083637e-05, -0.000101802987047, -5.40703986189e-05, -0.0011359360069, 0.00153799331747, 0.00132495549042, -0.000891470583156, -0.00147208874114, 0.00144912791438, 0.00627951789647, -0.0100609930232, 0.0141698215157]]
    spectral_contrast:
        mean: [-6.92864944085e-07, -3.65061083585e-08, 4.31751601582e-07, 4.76819792539e-07, 3.24256575368e-07, 2.4005109367e-07, -4.64527192889e-06, 1.34951028485e-06, 1.36604398904e-06, -3.89236402043e-06, -2.81489542431e-06, 3.8558232518e-06]
        var: [0.000326124281855, 0.000959724246059, 0.00304943346418, 0.00359592936002, 0.00659018522128, 0.00799143966287, 0.0402920655906, 0.0961684137583, 0.138095006347, 0.282393634319, 0.622937381268, 1.83047091961]

rhythm:
    beats_loudness:
        dmean: 0.00299809244461
        dmean2: 0.00506096659228
        dvar: 1.38975792652e-05
        dvar2: 4.28406056017e-05
        max: 0.0154214305803
        mean: 0.00364983337931
        min: 0.000490776088554
        var: 1.2544672245e-05
    beats_loudness_bass:
        dmean: 0.135166034102
        dmean2: 0.20415596664
        dvar: 0.0313848853111
        dvar2: 0.0508247166872
        max: 0.650001585484
        mean: 0.129291966558
        min: 0.00504287751392
        var: 0.035199932754
    bpm: 89.7986679077
    bpm_confidence: 0
    first_peak_bpm: 177
    first_peak_spread: 0
    first_peak_weight: 0.550000011921
    onset_rate: 3.99804162979
    second_peak_bpm: 90
    second_peak_spread: 0
    second_peak_weight: 0.40000000596
    beats_position: [0.202563643456, 0.870754122734, 1.53894472122, 2.2071352005, 2.87532567978, 3.54351615906, 4.21170663834, 4.87989711761, 5.54808759689, 5.97818994522, 6.31658315659, 6.65497493744, 6.99336719513, 7.33175992966, 7.67015218735, 8.0085439682, 8.34693622589, 8.68532848358, 9.02372169495, 9.36211395264, 9.70050621033]
    bpm_estimates: [90.3411331177, 89.231803894, 89.1233825684, 90.0004119873, 90.7100906372, 89.3852005005]
    bpm_intervals: [0.668190479279, 0.668190598488, 0.668190479279, 0.668190479279, 0.668190479279, 0.668190479279, 0.668190479279, 0.668190479279, 0.430102348328, 0.338393211365, 0.338391780853, 0.33839225769, 0.338392734528, 0.33839225769, 0.338391780853, 0.33839225769, 0.33839225769, 0.338393211365, 0.33839225769, 0.33839225769]
    onset_times: [0.0580498874187, 0.208979591727, 0.325079351664, 0.650158703327, 0.975238084793, 1.4164172411, 1.55573701859, 2.00852608681, 2.21750569344, 2.36843538284, 2.55419492722, 2.90249443054, 3.01859402657, 3.26240372658, 3.61070299149, 3.90095233917, 3.95900225639, 4.12154197693, 4.28408145905, 4.45823144913, 4.63238096237, 5.01551008224, 5.25931978226, 5.630838871, 5.9675283432, 6.03718805313, 6.26938772202, 6.71056699753, 6.96598625183, 7.24462604523, 7.56970500946, 7.8831744194, 8.33596324921, 8.39401340485, 8.59138298035, 8.92807292938, 9.25315189362, 9.47374153137, 9.61306095123, 9.94975090027]
    rubato_start: [6.31658315659]
    rubato_stop: [9.70050621033]
    perceptual_tempo: "unknown"

sfx:
    inharmonicity:
        dmean: 0.029758580029
        dmean2: 0.0540558993816
        dvar: 0.0017267789226
        dvar2: 0.00477904966101
        max: 0.280832052231
        mean: 0.0281483177096
        min: 6.06536486885e-05
        var: 0.00144990312401
    oddtoevenharmonicenergyratio:
        dmean: 9.76082515717
        dmean2: 18.1121788025
        dvar: 7421.70458984
        dvar2: 21087.6308594
        max: 1320.95715332
        mean: 6.0905957222
        min: 0.000119658812764
        var: 4337.47167969
    pitch_after_max_to_before_max_energy_ratio: 4.34290504456
    pitch_centroid: 192.312408447
    pitch_max_to_total: 0.249417245388
    pitch_min_to_total: 0.771561741829
    tristimulus:
        dmean: [0.215721517801, 0.219846114516, 0.0768879204988]
        dmean2: [0.379453092813, 0.381997466087, 0.136779546738]
        dvar: [0.0396508984268, 0.0472213253379, 0.00882097985595]
        dvar2: [0.107492119074, 0.12374895066, 0.0256254076958]
        max: [0.945813953876, 0.975066125393, 0.720931053162]
        mean: [0.451308697462, 0.438823282719, 0.0789838954806]
        min: [0.00626510521397, 0, 0]
        var: [0.0661135613918, 0.0690327435732, 0.00826963223517]

tonal:
    chords_changes_rate: 0.13425925374
    chords_number_rate: 0.0462962947786
    chords_strength:
        dmean: 0.0118227414787
        dmean2: 0.0101454937831
        dvar: 8.65526526468e-05
        dvar2: 8.27416733955e-05
        max: 0.626374900341
        mean: 0.384549111128
        min: 0.146562635899
        var: 0.0132537260652
    key_strength: 0.564182937145
    tuning_diatonic_strength: 0.33640474081
    tuning_equal_tempered_deviation: 0.102138899267
    tuning_frequency: 441.527557373
    tuning_nontempered_energy_ratio: 0.669928073883
    hpcp:
        dmean: [0.125215679407, 0.110202364624, 0.131530448794, 0.14527592063, 0.102286502719, 0.0584119185805, 0.0554104074836, 0.0440489389002, 0.0642975643277, 0.0869680270553, 0.057085044682, 0.0708530321717, 0.0799024775624, 0.075029887259, 0.108685739338, 0.131438210607, 0.0892247930169, 0.0608691647649, 0.0682962611318, 0.0690430104733, 0.0659779757261, 0.0807607546449, 0.0712624937296, 0.11394380033, 0.137795984745, 0.10402212292, 0.0949597284198, 0.112653680146, 0.116966210306, 0.138376638293, 0.147321388125, 0.112559445202, 0.10476218909, 0.10817758739, 0.0987024828792, 0.119943134487]
        dmean2: [0.210311695933, 0.193034857512, 0.231991574168, 0.243183672428, 0.175060257316, 0.105012990534, 0.0980516597629, 0.0798335671425, 0.0983313694596, 0.138120397925, 0.0981710478663, 0.116268262267, 0.135353714228, 0.123757556081, 0.173265695572, 0.1985578686, 0.15102379024, 0.105492860079, 0.114960297942, 0.119724772871, 0.10952501744, 0.138360098004, 0.123423911631, 0.193664431572, 0.237323597074, 0.176563024521, 0.155558362603, 0.174265831709, 0.196968793869, 0.231961727142, 0.253391414881, 0.192373022437, 0.166866317391, 0.179383590817, 0.176188230515, 0.210388168693]
        dvar: [0.035507094115, 0.0346757695079, 0.0373874902725, 0.0450329445302, 0.0273667890579, 0.0122649865225, 0.0189042408019, 0.0117191234604, 0.0102899177, 0.0298901386559, 0.00837993063033, 0.0172495804727, 0.033282391727, 0.0155241787434, 0.0243865847588, 0.0437747873366, 0.0186363700777, 0.0144682461396, 0.0283767469227, 0.0219507962465, 0.0116596035659, 0.0244679208845, 0.0171122830361, 0.0309012439102, 0.0396114140749, 0.0233252998441, 0.0225349515676, 0.0335873924196, 0.0263800807297, 0.0453698672354, 0.057951297611, 0.0289737284184, 0.0281808916479, 0.0340131931007, 0.0324068553746, 0.0428839810193]
        dvar2: [0.075181953609, 0.0918861180544, 0.0992762744427, 0.0924194976687, 0.0674809589982, 0.0407954342663, 0.0570613928139, 0.0348041430116, 0.0190593153238, 0.0533506311476, 0.0170247517526, 0.0431949943304, 0.0720437765121, 0.0408199094236, 0.0516671612859, 0.0700207799673, 0.0444123484194, 0.0411035045981, 0.0552531592548, 0.055050894618, 0.0276786144823, 0.0616364106536, 0.0473248772323, 0.0787587463856, 0.0868379026651, 0.0616806149483, 0.0540615543723, 0.06967677176, 0.0675451308489, 0.110871002078, 0.136543989182, 0.0736298412085, 0.0632875934243, 0.0715167820454, 0.0880092456937, 0.105571195483]
        max: [1, 1, 1, 1, 1, 1, 1, 0.918971657753, 0.745346307755, 1, 0.573837816715, 1, 1, 0.891357779503, 1, 1, 1, 0.97301620245, 1, 1, 0.820105433464, 0.904489994049, 0.773751914501, 1, 1, 1, 1, 1, 1, 1, 1, 1, 1, 1, 1, 1]
        mean: [0.216178894043, 0.137894466519, 0.158327773213, 0.22526101768, 0.142414167523, 0.0584857426584, 0.0550273731351, 0.0456847660244, 0.111054986715, 0.158503338695, 0.0860136076808, 0.081850707531, 0.114361315966, 0.0856636092067, 0.223022967577, 0.325569152832, 0.15932649374, 0.0747102722526, 0.10829282552, 0.0826555266976, 0.0781762972474, 0.090597525239, 0.0689095631242, 0.201878085732, 0.296284586191, 0.159255415201, 0.116433091462, 0.158950269222, 0.129365429282, 0.17129689455, 0.204505711794, 0.132196739316, 0.151645123959, 0.175541311502, 0.114211782813, 0.167556941509]
        min: [0.000741698779166, 0.00056507717818, 0.000713904970326, 0.000833478174172, 0.000610015471466, 0.000861615350004, 0.000839077576529, 0.000892726529855, 0.00147924257908, 0.000939633871894, 0.000534768216312, 0.000331962888595, 0.000280877051409, 0.00194394343998, 0.000676455849316, 0.000293233955745, 0.000300146959489, 0.000524237868376, 0.000251014454989, 0.000251788354944, 0.000196892040549, 0.000138692732435, 0.000566956296097, 0.000868901028298, 0.00102710828651, 0.00105963693932, 0.000819713750388, 0.00237084273249, 0.00186451862101, 0.00163248321041, 0.00170387385879, 0.00100080249831, 0.000648519373499, 0.00045215911814, 0.000861632230226, 0.00102870690171]
        var: [0.0926757529378, 0.0373018085957, 0.0430143401027, 0.0919531434774, 0.0469858460128, 0.0106643522158, 0.0148923918605, 0.00758667476475, 0.0289140027016, 0.0750348418951, 0.0161339491606, 0.0242615118623, 0.0594917461276, 0.0198913067579, 0.0697135552764, 0.152731522918, 0.0390886478126, 0.0195657219738, 0.0617230422795, 0.0321034863591, 0.0186188966036, 0.0298295859247, 0.0137535566464, 0.0627868771553, 0.119461663067, 0.0314500331879, 0.0332954265177, 0.0592944957316, 0.029782095924, 0.0626936256886, 0.0901732742786, 0.0333650149405, 0.0571664571762, 0.0851674154401, 0.0333480499685, 0.0620111897588]
    chords_histogram: [34.2592582703, 21.2962970734, 0.462962955236, 0, 0, 0, 0, 0, 9.72222232819, 0, 0, 0, 3.24074077606, 0, 0, 4.62962961197, 0, 0, 9.25925922394, 2.31481480598, 4.16666650772, 0, 2.31481480598, 8.33333301544]
    thpcp: [1, 0.489378333092, 0.229475900531, 0.332626193762, 0.253880083561, 0.240121945739, 0.278274297714, 0.211658760905, 0.620077431202, 0.910051167011, 0.48916003108, 0.357629358768, 0.488222748041, 0.397351622581, 0.526145935059, 0.628148317337, 0.406048119068, 0.465784668922, 0.539182901382, 0.35080653429, 0.514658510685, 0.664003014565, 0.423548936844, 0.486310720444, 0.691899120808, 0.437431395054, 0.179641529918, 0.169018998742, 0.140322774649, 0.341110289097, 0.486849993467, 0.264194577932, 0.251408040524, 0.351265817881, 0.263119548559, 0.685024857521]
    chords_key: "A#"
    chords_scale: "major"
    key_key: "A#"
    key_scale: "major"
    chords_progression: ["F", "Dm", "Dm", "Dm", "Dm", "Dm", "Dm", "Dm", "D", "D", "D", "D", "D", "D", "D", "D", "D", "D", "D", "D", "D", "D", "D", "D", "D", "D", "D", "D", "D", "Gm", "Gm", "D#m", "D#m", "D#m", "D#", "D#", "D#m", "D#m", "G#", "G#", "G#", "G#", "G#", "G#", "G#", "G#", "G#", "C#", "C#", "C#", "C#", "C#", "C#", "C#", "C#", "C#", "C#", "C#", "C#", "C#", "C#", "C#", "C#", "D#", "D#", "D#", "Dm", "Dm", "Dm", "Dm", "Fm", "Fm", "Fm", "Fm", "Fm", "C#", "C#", "C#", "C#", "Dm", "Dm", "Dm", "Dm", "Gm", "Gm", "Gm", "Gm", "Gm", "Gm", "Gm", "Gm", "Gm", "Gm", "Gm", "Gm", "Gm", "Gm", "Gm", "Gm", "A#", "A#", "A#", "A#", "A#", "A#", "Dm", "A#", "A#", "A#", "A#", "A#", "A#", "Dm", "Dm", "Dm", "Dm", "Dm", "Dm", "Dm", "Dm", "Dm", "Dm", "Dm", "Dm", "Dm", "Dm", "Dm", "A#", "A#", "A#", "A#", "A#", "A#", "Dm", "A#", "Dm", "Dm", "A#", "A#", "Dm", "A#", "A#", "A#", "A#", "A#", "A#", "A#", "A#", "A#", "A#", "A#", "A#", "A#", "A#", "A#", "A#", "A#", "A#", "A#", "A#", "A#", "A#", "A#", "A#", "A#", "A#", "A#", "A#", "A#", "A#", "A#", "A#", "A#", "A#", "A#", "A#", "A#", "A#", "A#", "A#", "A#", "A#", "A#", "A#", "A#", "Dm", "Dm", "Dm", "Dm", "Dm", "Dm", "Dm", "Dm", "Dm", "Dm", "Dm", "A#", "A#", "A#", "A#", "A#", "A#", "A#", "A#", "D#m", "D#m", "D#m", "D#m", "D#m", "E", "E", "E", "E", "E", "E", "E"]
