
metadata:
    version:
        essentia: "1.2.2"
    audio_properties:
        analysis_sample_rate: 44100
        bitrate: 128
        channels: 2
        equal_loudness: 1
        length: 10.0048980713
        replay_gain: -10.2160587311
        downmix: "mix"
    tags:
        track: 23
        year: 0
        album: "Splitted by Mp3Splt v. 2.1"
        artist: "From 003.40 To 003.50"
        comment: "http://mp3splt.sf.net"
        genre: ""
        title: "07 New Generation.mp3"

highlevel:
    ballroom:
        all:
            ChaChaCha: 0.0316940508783
            Jive: 0.897544324398
            Quickstep: 0.00775766838342
            Rumba-American: 0.00114274560474
            Rumba-International: 0.0105644883588
            Rumba-Misc: 0.00327703985386
            Samba: 0.0207519810647
            Tango: 0.000973494083155
            VienneseWaltz: 0.0234918110073
            Waltz: 0.0028024064377
        probability: 0.897544324398
        value: "Jive"
    culture:
        all:
            non_western: 0.0029799756594
            western: 0.99702000618
        probability: 0.99702000618
        value: "western"
    gender:
        all:
            female: 0.626175284386
            male: 0.373824715614
        probability: 0.626175284386
        value: "female"
    genre_dortmund:
        all:
            alternative: 0.220328807831
            blues: 0.0019734648522
            electronic: 0.0477408915758
            folkcountry: 0.0135713843629
            funksoulrnb: 0.00291186338291
            jazz: 0.0134281897917
            pop: 0.100758932531
            raphiphop: 0.000223788141739
            rock: 0.599062681198
        probability: 0.599062681198
        value: "rock"
    genre_electronica:
        all:
            ambient: 0.161922007799
            dnb: 0.0368221886456
            house: 0.00200657080859
            techno: 0.00362676661462
            trance: 0.795622467995
        probability: 0.795622467995
        value: "trance"
    genre_rosamerica:
        all:
            cla: 0.00286375381984
            dan: 0.00451350118965
            hip: 0.00046463086619
            jaz: 0.00299909617752
            pop: 0.00513977650553
            rhy: 0.000698433199432
            roc: 0.982589960098
            spe: 0.000730825529899
        probability: 0.982589960098
        value: "roc"
    genre_tzanetakis:
        all:
            blu: 0.0276085324585
            cla: 0.063497915864
            cou: 0.155192404985
            dis: 0.0258382186294
            hip: 0.0159202013165
            jaz: 0.173567026854
            met: 0.154033333063
            pop: 0.102433755994
            reg: 0.0142557155341
            roc: 0.267652928829
        probability: 0.267652928829
        value: "roc"
    live_studio:
        all:
            live: 0.615527391434
            studio: 0.384472638369
        probability: 0.615527391434
        value: "live"
    mood:
        all:
            Cluster1: 0.681322574615
            Cluster2: 0.0680856108665
            Cluster3: 0.0144598213956
            Cluster4: 0.0737702324986
            Cluster5: 0.162361741066
        probability: 0.681322574615
        value: "Cluster1"
    mood_acoustic:
        all:
            acoustic: 0.00758359022439
            not_acoustic: 0.992416381836
        probability: 0.992416381836
        value: "not_acoustic"
    mood_aggressive:
        all:
            aggressive: 0.927806317806
            not_aggressive: 0.0721936747432
        probability: 0.927806317806
        value: "aggressive"
    mood_electronic:
        all:
            electronic: 0.63080728054
            not_electronic: 0.369192749262
        probability: 0.63080728054
        value: "electronic"
    mood_happy:
        all:
            happy: 0.352650552988
            not_happy: 0.647349476814
        probability: 0.647349476814
        value: "not_happy"
    mood_party:
        all:
            not_party: 0.485413730145
            party: 0.514586269855
        probability: 0.514586269855
        value: "party"
    mood_relaxed:
        all:
            not_relaxed: 0.268662452698
            relaxed: 0.731337547302
        probability: 0.731337547302
        value: "relaxed"
    mood_sad:
        all:
            not_sad: 0.724061489105
            sad: 0.275938481092
        probability: 0.724061489105
        value: "not_sad"
    rhythm:
        all:
            fast: 0.308008909225
            medium: 0.434833049774
            slow: 0.257158041
        probability: 0.434833049774
        value: "medium"
    speech_music:
        all:
            music: 0.999673902988
            speech: 0.000326084555127
        probability: 0.999673902988
        value: "music"
    timbre:
        all:
            bright: 0.269665151834
            dark: 0.730334818363
        probability: 0.730334818363
        value: "dark"
    voice_instrumental:
        all:
            instrumental: 0.724555194378
            voice: 0.275444805622
        probability: 0.724555194378
        value: "instrumental"

lowlevel:
    average_loudness: 0.985111534595
    barkbands_kurtosis:
        dmean: 0.301575124264
        dmean2: 0.509535849094
        dvar: 0.143186733127
        dvar2: 0.412170886993
        max: 1.39762878418
        mean: -1.24993240833
        min: -1.81980454922
        var: 0.221613496542
    barkbands_skewness:
        dmean: 0.316063314676
        dmean2: 0.527398049831
        dvar: 0.0718504860997
        dvar2: 0.186439618468
        max: 1.7052334547
        mean: 0.21389336884
        min: -1.21041417122
        var: 0.239818707108
    barkbands_spread:
        dmean: 3.82015347481
        dmean2: 6.27719688416
        dvar: 10.8270606995
        dvar2: 27.9860439301
        max: 47.4323997498
        mean: 34.4531517029
        min: 17.3722915649
        var: 26.3350486755
    dissonance:
        dmean: 0.0113546829671
        dmean2: 0.0187284946442
        dvar: 9.76335140876e-05
        dvar2: 0.000232829799643
        max: 0.499242424965
        mean: 0.476082354784
        min: 0.370861649513
        var: 0.000168763566762
    hfc:
        dmean: 2.35065841675
        dmean2: 3.79075551033
        dvar: 13.0537061691
        dvar2: 33.493347168
        max: 36.3282966614
        mean: 9.93432331085
        min: 0.0922112762928
        var: 15.1457901001
    pitch:
        dmean: 544.99230957
        dmean2: 1053.86767578
        dvar: 1296564.375
        dvar2: 3480315.25
        max: 4009.09082031
        mean: 562.391357422
        min: 90
        var: 982243.25
    pitch_instantaneous_confidence:
        dmean: 0.0699266642332
        dmean2: 0.111362181604
        dvar: 0.00372433336452
        dvar2: 0.00824165530503
        max: 0.675509333611
        mean: 0.340417295694
        min: 0.121502995491
        var: 0.014984773472
    pitch_salience:
        dmean: 0.0521048083901
        dmean2: 0.0898401513696
        dvar: 0.00210808636621
        dvar2: 0.00600145338103
        max: 0.8131108284
        mean: 0.66348606348
        min: 0.402482569218
        var: 0.00495156878605
    silence_rate_20dB:
        dmean: 0
        dmean2: 0
        dvar: 0
        dvar2: 0
        max: 1
        mean: 1
        min: 1
        var: 0
    silence_rate_30dB:
        dmean: 0
        dmean2: 0
        dvar: 0
        dvar2: 0
        max: 1
        mean: 1
        min: 1
        var: 0
    silence_rate_60dB:
        dmean: 0.00928074214607
        dmean2: 0.0162790697068
        dvar: 0.00919456034899
        dvar2: 0.0206653103232
        max: 1
        mean: 0.00925925932825
        min: 0
        var: 0.00917359534651
    spectral_centroid:
        dmean: 233.849945068
        dmean2: 390.141265869
        dvar: 41754.2148438
        dvar2: 109817.015625
        max: 2574.34985352
        mean: 1583.14758301
        min: 731.580627441
        var: 132442
    spectral_complexity:
        dmean: 4.10697650909
        dmean2: 6.27738904953
        dvar: 13.6722812653
        dvar2: 29.9160652161
        max: 44
        mean: 21.7726211548
        min: 0
        var: 32.0736312866
    spectral_crest:
        dmean: 1.95517849922
        dmean2: 3.36283302307
        dvar: 3.51977777481
        dvar2: 9.77785778046
        max: 18.6874275208
        mean: 6.77617692947
        min: 2.79146170616
        var: 9.36381244659
    spectral_decrease:
        dmean: 3.40098615936e-10
        dmean2: 5.60125168469e-10
        dvar: 1.88338453076e-19
        dvar2: 5.15992215882e-19
        max: -1.03765832732e-11
        mean: -1.45463907586e-09
        min: -5.11052844487e-09
        var: 2.33760000337e-19
    spectral_energy:
        dmean: 0.00144731416367
        dmean2: 0.00235612434335
        dvar: 3.53894893124e-06
        dvar2: 9.58188775257e-06
        max: 0.0218923855573
        mean: 0.00639121793211
        min: 4.75274682685e-05
        var: 4.27892064181e-06
    spectral_energyband_high:
        dmean: 0.000186737335753
        dmean2: 0.000299731007544
        dvar: 9.46695806192e-08
        dvar2: 2.53181724474e-07
        max: 0.00360169215128
        mean: 0.000477982743178
        min: 1.8311658323e-06
        var: 1.01959983567e-07
    spectral_energyband_low:
        dmean: 0.00014345573436
        dmean2: 0.000239966335357
        dvar: 9.73452571884e-08
        dvar2: 2.48120272772e-07
        max: 0.00403984682634
        mean: 0.000162014475791
        min: 7.01743999798e-07
        var: 8.07898459243e-08
    spectral_energyband_middle_high:
        dmean: 0.000599518767558
        dmean2: 0.000976277631707
        dvar: 5.67457334455e-07
        dvar2: 1.37070639994e-06
        max: 0.00786149129272
        mean: 0.00269156717695
        min: 3.06638066832e-05
        var: 9.29976636144e-07
    spectral_energyband_middle_low:
        dmean: 0.00102910317946
        dmean2: 0.00175364711322
        dvar: 1.59280136813e-06
        dvar2: 4.56117777503e-06
        max: 0.0138342101127
        mean: 0.00305963284336
        min: 1.4330533304e-05
        var: 2.3520801733e-06
    spectral_flatness_db:
        dmean: 0.0134550752118
        dmean2: 0.0220516957343
        dvar: 0.000144292629557
        dvar2: 0.000332108698785
        max: 0.188144937158
        mean: 0.126088351011
        min: 0.0724994242191
        var: 0.000400054384954
    spectral_flux:
        dmean: 0.00736250309274
        dmean2: 0.0107567189261
        dvar: 7.18306328054e-05
        dvar2: 0.000129937383463
        max: 0.0974598303437
        mean: 0.0434730686247
        min: 0.0068940166384
        var: 0.000140572941746
    spectral_kurtosis:
        dmean: 0.67907333374
        dmean2: 1.12688553333
        dvar: 0.331679552794
        dvar2: 0.875574052334
        max: 7.13318061829
        mean: 3.3488342762
        min: 0.958361625671
        var: 0.912311971188
    spectral_rms:
        dmean: 0.000270884338534
        dmean2: 0.000431736581959
        dvar: 9.36321100653e-08
        dvar2: 2.35232917589e-07
        max: 0.00462151737884
        mean: 0.00246761715971
        min: 0.000215332911466
        var: 1.46200022755e-07
    spectral_rolloff:
        dmean: 310.077972412
        dmean2: 515.391540527
        dvar: 84427.4921875
        dvar2: 238480.203125
        max: 4521.97265625
        mean: 3283.88916016
        min: 1636.5234375
        var: 194824.421875
    spectral_skewness:
        dmean: 0.107602573931
        dmean2: 0.181685477495
        dvar: 0.00933675095439
        dvar2: 0.0222364980727
        max: 2.48227334023
        mean: 1.49500596523
        min: 0.914787769318
        var: 0.0185192916542
    spectral_spread:
        dmean: 534314
        dmean2: 755572.5
        dvar: 468066861056
        dvar2: 729708953600
        max: 14444779
        mean: 5682834
        min: 3558852
        var: 1.1702337536e+12
    spectral_strongpeak:
        dmean: 0.374469250441
        dmean2: 0.663436233997
        dvar: 0.480917572975
        dvar2: 1.30848908424
        max: 7.45505046844
        mean: 0.573739588261
        min: 0.0161523353308
        var: 0.526490151882
    zerocrossingrate:
        dmean: 0.00645666802302
        dmean2: 0.00850793067366
        dvar: 3.63264371117e-05
        dvar2: 4.85288655909e-05
        max: 0.1298828125
        mean: 0.0947016403079
        min: 0.0419921875
        var: 0.000221989888814
    barkbands:
        dmean: [4.74092189506e-07, 5.45249931747e-05, 9.62344347499e-05, 0.000189528902411, 0.000768030819017, 0.000196642009541, 0.000162555763382, 0.000174823799171, 0.000108615473437, 7.34705390641e-05, 6.9607172918e-05, 5.56327358936e-05, 4.4086282287e-05, 8.2888363977e-05, 7.81976923463e-05, 0.000218558663619, 0.000154509019922, 0.000178869289812, 0.000228125805734, 0.000172968138941, 8.81141677382e-05, 3.14853677992e-05, 8.9184850367e-06, 4.53394204669e-06, 3.9358333197e-06, 3.27805111056e-07, 2.20130269568e-09]
        dmean2: [6.8158948352e-07, 9.37148070079e-05, 0.000162391414051, 0.000323575601215, 0.00134896358941, 0.000320575752994, 0.000250716402661, 0.000271277240245, 0.000178668909939, 0.000114790047519, 0.000116097682621, 8.97615755093e-05, 7.31132968212e-05, 0.000129072315758, 0.000126160884975, 0.000354867865099, 0.000264798349235, 0.00029015308246, 0.000391121546272, 0.000285868096398, 0.00014502160775, 5.2495059208e-05, 1.52816246555e-05, 7.37385335015e-06, 6.1957748585e-06, 4.92300273436e-07, 2.73052580546e-09]
        dvar: [8.49127463221e-13, 1.64783138246e-08, 3.91604544348e-08, 6.65620945028e-08, 1.04583341454e-06, 4.4060239901e-08, 5.22182794782e-08, 5.65279876241e-08, 2.15001243475e-08, 8.93459528584e-09, 1.35730671147e-08, 3.2586167098e-09, 2.17211626463e-09, 6.89563561806e-09, 7.95896060168e-09, 6.64505535042e-08, 2.16522479946e-08, 3.32671561409e-08, 8.56239026348e-08, 5.97146581072e-08, 1.17945813116e-08, 5.23600629521e-09, 6.75392963778e-10, 8.0056662688e-11, 4.73910112542e-11, 2.39807631218e-13, 7.59438411443e-16]
        dvar2: [1.79795490562e-12, 4.39789431539e-08, 9.79130803103e-08, 1.78427356445e-07, 3.18533966492e-06, 1.16211388956e-07, 1.0248392357e-07, 1.30150823452e-07, 5.6972027096e-08, 1.82490129674e-08, 3.82969105317e-08, 9.16383946503e-09, 5.33302735306e-09, 1.4642762558e-08, 1.95204954423e-08, 1.65138530406e-07, 5.68515012844e-08, 8.90364901807e-08, 2.39675301827e-07, 1.67547227647e-07, 2.91650579243e-08, 1.427635965e-08, 1.87603910184e-09, 2.07894909621e-10, 1.16362947056e-10, 4.92504095232e-13, 7.56445632282e-16]
        max: [5.89865521761e-06, 0.00138929975219, 0.00264984322712, 0.00197743577883, 0.00935701560229, 0.00170370959677, 0.00341593753546, 0.00306991813704, 0.00148667139001, 0.00154719606508, 0.00163356855046, 0.000474589149235, 0.000574970035814, 0.00114889629185, 0.000764740572777, 0.00375740043819, 0.00123009644449, 0.00177349266596, 0.00234070350416, 0.00318078417331, 0.00107741332613, 0.000924268271774, 0.000350655027432, 7.39238021197e-05, 5.73165852984e-05, 5.26677149537e-06, 5.74551222599e-07]
        mean: [4.31724544114e-07, 5.31429868715e-05, 0.000108461950731, 0.00027836477966, 0.00142027193215, 0.000388350628782, 0.000381716556149, 0.000359442114132, 0.00022115043248, 0.000135824840982, 0.000113331974717, 0.000114794129331, 7.79921392677e-05, 0.000178831702215, 0.000156204361701, 0.000461895397166, 0.000356829696102, 0.000402587640565, 0.000485236698296, 0.000401293276809, 0.000205658681807, 5.76916791033e-05, 1.57059366757e-05, 7.81699145591e-06, 7.61085038903e-06, 5.78811807372e-07, 2.39414643666e-09]
        min: [2.51862298378e-11, 1.22097020494e-07, 5.78726258027e-07, 5.08947493927e-07, 1.06450886506e-06, 2.29656237138e-07, 2.06945151149e-06, 9.61641308095e-06, 8.30010321806e-07, 2.81673919744e-07, 1.87275372809e-06, 8.4085263552e-07, 4.89630451739e-07, 1.01136697594e-06, 2.01705620384e-06, 3.06044285026e-06, 7.29479597794e-06, 8.04183764558e-06, 5.24130882695e-06, 1.12314091893e-06, 9.24669166125e-07, 2.24383157388e-07, 4.30650715089e-08, 2.93320407962e-08, 9.83980896763e-09, 3.66169483623e-10, 4.37163705843e-13]
        var: [9.74926411303e-13, 1.23156453924e-08, 3.39427757012e-08, 9.08101540631e-08, 1.40199949783e-06, 7.55211431169e-08, 3.07426034851e-07, 1.71955221617e-07, 6.09486505709e-08, 2.18024780452e-08, 1.3425599299e-08, 5.99843996696e-09, 3.92984578212e-09, 2.34048087577e-08, 1.65795395191e-08, 1.35662574507e-07, 3.78311533211e-08, 5.3307232406e-08, 9.4118810523e-08, 6.55289724705e-08, 1.43928611251e-08, 4.49475079378e-09, 5.38391553562e-10, 8.1857111367e-11, 6.5873917432e-11, 5.27685913628e-13, 7.63174462015e-16]
    mfcc:
        mean: [-662.526977539, 96.9021453857, -45.2516784668, 45.6690826416, -11.4130516052, -15.0430850983, -8.79283332825, -14.6216440201, -4.05642414093, -10.048002243, -10.9683618546, -9.11762809753, -5.79074430466]
        cov: [[510.525695801, -150.217590332, 101.556434631, -43.3181877136, 3.41720032692, 22.9840202332, 22.0054988861, 8.89757156372, -6.72428894043, -6.31114339828, -2.200974226, -21.0630321503, 11.0604343414], [-150.217590332, 286.356384277, -14.1388616562, 118.279006958, 49.8860435486, 27.0971813202, 27.0488624573, -2.42544984818, 30.5742912292, 20.1471633911, 10.8644895554, 9.31434726715, -11.1623888016], [101.556434631, -14.1388616562, 109.809120178, 25.6012554169, 22.5655937195, 15.7221698761, 19.939365387, 5.58681917191, -2.99395775795, -3.92361807823, 4.34621286392, 8.15230751038, 11.3931903839], [-43.3181877136, 118.279006958, 25.6012554169, 118.569778442, 55.0822639465, 24.9180183411, 20.7303619385, 0.853827059269, 14.9529085159, 9.39970970154, 6.16214990616, 9.01488208771, 2.01274061203], [3.41720032692, 49.8860435486, 22.5655937195, 55.0822639465, 76.5168685913, 38.3450698853, 32.9807395935, 6.96888446808, 16.1616268158, 8.128865242, 2.73355007172, 1.19157373905, 0.365764647722], [22.9840202332, 27.0971813202, 15.7221698761, 24.9180183411, 38.3450698853, 55.3245124817, 39.6035194397, 11.6544628143, 12.6717300415, 12.1089115143, 4.68028211594, -0.11434943974, -0.447116911411], [22.0054988861, 27.0488624573, 19.939365387, 20.7303619385, 32.9807395935, 39.6035194397, 66.905166626, 27.1589813232, 15.2336244583, 7.40508270264, 2.86301517487, 2.45289325714, 0.272469043732], [8.89757156372, -2.42544984818, 5.58681917191, 0.853827059269, 6.96888446808, 11.6544628143, 27.1589813232, 43.3712158203, 21.4691181183, 5.77249574661, -0.130327180028, -0.0307337213308, 1.565787673], [-6.72428894043, 30.5742912292, -2.99395775795, 14.9529085159, 16.1616268158, 12.6717300415, 15.2336244583, 21.4691181183, 51.5166969299, 28.268863678, 6.02515649796, -0.270109891891, -2.54180717468], [-6.31114339828, 20.1471633911, -3.92361807823, 9.39970970154, 8.128865242, 12.1089115143, 7.40508270264, 5.77249574661, 28.268863678, 47.8507537842, 21.5883769989, 4.66892194748, -0.849027633667], [-2.200974226, 10.8644895554, 4.34621286392, 6.16214990616, 2.73355007172, 4.68028211594, 2.86301517487, -0.130327180028, 6.02515649796, 21.5883769989, 39.7557220459, 19.8117542267, 3.49097728729], [-21.0630321503, 9.31434726715, 8.15230751038, 9.01488208771, 1.19157373905, -0.11434943974, 2.45289325714, -0.0307337213308, -0.270109891891, 4.66892194748, 19.8117542267, 41.2422981262, 18.9174308777], [11.0604343414, -11.1623888016, 11.3931903839, 2.01274061203, 0.365764647722, -0.447116911411, 0.272469043732, 1.565787673, -2.54180717468, -0.849027633667, 3.49097728729, 18.9174308777, 37.8670501709]]
        icov: [[0.00314858695492, 0.00142445811071, -0.00270654098131, 0.000455883302493, 0.000346470827935, -0.00121029745787, -0.000649040739518, 0.000856881495565, -0.000902285741176, 0.000573401281144, -0.00129389495123, 0.00279493187554, -0.00108276505489], [0.00142445811071, 0.00778994848952, 0.00129209877923, -0.00729350559413, 0.00158366246615, -0.000586084148381, -0.00279516610317, 0.00329017080367, -0.00341528188437, 0.000855392077938, -0.00100613792893, 6.18389021838e-05, 0.00159279757645], [-0.00270654098131, 0.00129209877923, 0.0138458590955, -0.00444191368297, -0.00122851121705, 0.000574267818592, -0.00228160410188, -0.000392453512177, 0.00133624509908, 0.00132803665474, -0.000728596874978, -0.00246878922917, -0.00128704775125], [0.000455883302493, -0.00729350559413, -0.00444191368297, 0.0212876815349, -0.0108440276235, 0.00071660161484, 0.00266755418852, -0.000841666013002, 0.00111757323612, -0.00100649870001, 0.0008933711797, -0.00147770741023, -0.00124104239512], [0.000346470827935, 0.00158366246615, -0.00122851121705, -0.0108440276235, 0.0291807316244, -0.0127833681181, -0.00480459397659, 0.00484306830913, -0.00643069203943, 0.00378456851467, -0.000764716009144, 0.00199739309028, -0.00056099309586], [-0.00121029745787, -0.000586084148381, 0.000574267818592, 0.00071660161484, -0.0127833681181, 0.0410741008818, -0.0186356790364, 0.00266470690258, 0.00225723069161, -0.00718023395166, -4.12893177781e-06, 0.00180996512063, -0.000311064562993], [-0.000649040739518, -0.00279516610317, -0.00228160410188, 0.00266755418852, -0.00480459397659, -0.0186356790364, 0.0363308563828, -0.0186413787305, 0.0036142047029, 0.0001818643359, 0.00134155969135, -0.00354215921834, 0.00213864678517], [0.000856881495565, 0.00329017080367, -0.000392453512177, -0.000841666013002, 0.00484306830913, 0.00266470690258, -0.0186413787305, 0.0422683544457, -0.019880477339, 0.00737211946398, -0.00161329319235, 0.0020554929506, -0.00279387738556], [-0.000902285741176, -0.00341528188437, 0.00133624509908, 0.00111757323612, -0.00643069203943, 0.00225723069161, 0.0036142047029, -0.019880477339, 0.042727522552, -0.0252949818969, 0.00861857365817, -0.00230473582633, 0.00233791954815], [0.000573401281144, 0.000855392077938, 0.00132803665474, -0.00100649870001, 0.00378456851467, -0.00718023395166, 0.0001818643359, 0.00737211946398, -0.0252949818969, 0.046367533505, -0.0244652163237, 0.0075807585381, -0.00287887756713], [-0.00129389495123, -0.00100613792893, -0.000728596874978, 0.0008933711797, -0.000764716009144, -4.12893177781e-06, 0.00134155969135, -0.00161329319235, 0.00861857365817, -0.0244652163237, 0.0489982664585, -0.0250925272703, 0.00836587231606], [0.00279493187554, 6.18389021838e-05, -0.00246878922917, -0.00147770741023, 0.00199739309028, 0.00180996512063, -0.00354215921834, 0.0020554929506, -0.00230473582633, 0.0075807585381, -0.0250925272703, 0.0476863905787, -0.0215285941958], [-0.00108276505489, 0.00159279757645, -0.00128704775125, -0.00124104239512, -0.00056099309586, -0.000311064562993, 0.00213864678517, -0.00279387738556, 0.00233791954815, -0.00287887756713, 0.00836587231606, -0.0215285941958, 0.0378253310919]]
    spectral_contrast:
        mean: [-2.89619720206e-07, -4.24911064556e-07, -6.56571597091e-09, -1.69409952733e-09, 4.5282590122e-07, -6.1921063832e-08, -2.20931315198e-06, 1.34960953346e-06, -1.58083685164e-06, -3.09280335387e-06, -9.62525135151e-08, 5.71568421037e-07]
        var: [0.000147664599353, 0.000315695215249, 0.000817700929474, 0.00142773264088, 0.00196002796292, 0.00344457919709, 0.0170973408967, 0.0428256839514, 0.0622144900262, 0.0894624963403, 0.372469127178, 0.487984597683]

rhythm:
    beats_loudness:
        dmean: 0.00240642111748
        dmean2: 0.00431758351624
        dvar: 3.66337690139e-06
        dvar2: 1.32861696329e-05
        max: 0.0122361909598
        mean: 0.00784924440086
        min: 0.00485076475888
        var: 3.20196568282e-06
    beats_loudness_bass:
        dmean: 0.0570138692856
        dmean2: 0.113291010261
        dvar: 0.00155188445933
        dvar2: 0.00463076820597
        max: 0.138067498803
        mean: 0.0477927923203
        min: 0.0032334390562
        var: 0.0015633906005
    bpm: 127.559623718
    bpm_confidence: 0
    first_peak_bpm: 127
    first_peak_spread: 0
    first_peak_weight: 0.950000047684
    onset_rate: 3.59823775291
    second_peak_bpm: 119
    second_peak_spread: 0
    second_peak_weight: 0.0500000007451
    beats_position: [0.103401936591, 0.576207756996, 1.04901361465, 1.5218193531, 1.99462509155, 2.46743083, 2.94023656845, 3.4130423069, 3.88584804535, 4.35865402222, 4.83145952225, 5.30426549911, 5.77707099915, 6.28180122375, 6.75026655197, 7.21873140335, 7.68719673157, 8.15566158295, 8.62412643433, 9.09259223938, 9.56105709076]
    bpm_estimates: [127.03692627, 127.367889404, 126.529930115, 126.502304077, 125.719268799, 127.623771667, 127.277076721, 127.179916382, 127.965194702, 128.109634399, 127.669212341, 126.606895447, 128.391464233, 130.115829468, 127.365348816, 128.188308716, 128.58380127, 127.840332031]
    bpm_intervals: [0.472805827856, 0.472805857658, 0.472805738449, 0.472805738449, 0.472805738449, 0.472805738449, 0.472805738449, 0.472805738449, 0.472805976868, 0.472805500031, 0.472805976868, 0.472805500031, 0.504730224609, 0.468465328217, 0.468464851379, 0.468465328217, 0.468464851379, 0.468464851379, 0.468465805054, 0.468464851379]
    onset_times: [0.0464399084449, 0.336689352989, 0.568888902664, 0.824308395386, 1.04489791393, 1.28870749474, 1.54412698746, 1.77632653713, 1.99691605568, 2.24072551727, 2.71673464775, 2.96054410934, 3.19274377823, 3.43655323982, 3.65714287758, 3.90095233917, 4.14476203918, 4.37696123123, 4.59755086899, 4.841360569, 5.32897949219, 5.79337882996, 6.04879808426, 6.25777769089, 6.54802703857, 6.7570066452, 7.00081634521, 7.2330160141, 7.44199562073, 7.6858048439, 8.16181373596, 8.62621307373, 8.87002277374, 9.34603214264, 9.57823085785, 9.82204055786]
    rubato_start: []
    rubato_stop: []
    perceptual_tempo: "unknown"

sfx:
    inharmonicity:
        dmean: 0.0476773716509
        dmean2: 0.0828948915005
        dvar: 0.00248744990677
        dvar2: 0.00696000969037
        max: 0.330522745848
        mean: 0.0571929179132
        min: 0.000838263949845
        var: 0.00275653530844
    oddtoevenharmonicenergyratio:
        dmean: 2.84358286858
        dmean2: 5.39606046677
        dvar: 39.568813324
        dvar2: 114.026496887
        max: 73.8752441406
        mean: 2.03474402428
        min: 0.00198552664369
        var: 26.0206985474
    pitch_after_max_to_before_max_energy_ratio: 0.331550985575
    pitch_centroid: 237.645004272
    pitch_max_to_total: 0.877030134201
    pitch_min_to_total: 0.730858445168
    tristimulus:
        dmean: [0.205712944269, 0.210534363985, 0.127787619829]
        dmean2: [0.365727365017, 0.369575530291, 0.230352938175]
        dvar: [0.0241471081972, 0.0285402629524, 0.0113059524447]
        dvar2: [0.0709258243442, 0.0797371938825, 0.0331855975091]
        max: [0.90251916647, 0.968037009239, 0.615221381187]
        mean: [0.346417695284, 0.448778539896, 0.178673014045]
        min: [0.0244174469262, 0, 0]
        var: [0.035834915936, 0.0382172167301, 0.0139664299786]

tonal:
    chords_changes_rate: 0.0645161271095
    chords_number_rate: 0.0230414755642
    chords_strength:
        dmean: 0.00987156014889
        dmean2: 0.00906037911773
        dvar: 5.7366090914e-05
        dvar2: 5.87208705838e-05
        max: 0.571980237961
        mean: 0.410916179419
        min: 0.276670694351
        var: 0.00449561048299
    key_strength: 0.760679244995
    tuning_diatonic_strength: 0.636023402214
    tuning_equal_tempered_deviation: 0.0312566570938
    tuning_frequency: 435.448913574
    tuning_nontempered_energy_ratio: 0.66198849678
    hpcp:
        dmean: [0.0826447457075, 0.0701715797186, 0.11289716512, 0.186926230788, 0.181490257382, 0.126589968801, 0.0849103853106, 0.076157219708, 0.0995712950826, 0.115196675062, 0.108951516449, 0.161081820726, 0.189415737987, 0.146499186754, 0.123069569468, 0.120306350291, 0.104929633439, 0.127151042223, 0.169058784842, 0.127803489566, 0.0592106729746, 0.0405716747046, 0.0512935705483, 0.0637941136956, 0.0865465477109, 0.10606393218, 0.148536011577, 0.16368560493, 0.140397325158, 0.132575333118, 0.135365366936, 0.134614691138, 0.203849121928, 0.206895127892, 0.186310753226, 0.135649040341]
        dmean2: [0.142504274845, 0.114330619574, 0.188084989786, 0.300589054823, 0.292500734329, 0.212777793407, 0.139375805855, 0.124509081244, 0.160446226597, 0.190945357084, 0.173553854227, 0.264896064997, 0.318651467562, 0.251365542412, 0.20633675158, 0.203210011125, 0.177534177899, 0.21052159369, 0.263536989689, 0.195209145546, 0.0987450629473, 0.0672361403704, 0.0830367133021, 0.103258632123, 0.147317871451, 0.184248656034, 0.255066305399, 0.273529142141, 0.223095655441, 0.226189762354, 0.233859196305, 0.242082923651, 0.352031588554, 0.356105566025, 0.305867671967, 0.241404086351]
        dvar: [0.0170413050801, 0.00750032765791, 0.016943750903, 0.0414406992495, 0.0369496382773, 0.0279036778957, 0.0160985533148, 0.00930795725435, 0.0143501562998, 0.016945399344, 0.0153252314776, 0.0308259893209, 0.0429847799242, 0.0251892413944, 0.0205801222473, 0.0177460107952, 0.0183458384126, 0.0190698895603, 0.0238458886743, 0.0149115454406, 0.00511609623209, 0.00357840419747, 0.00817585829645, 0.00699312705547, 0.0144674777985, 0.0177575033158, 0.0262929368764, 0.034715667367, 0.0292052235454, 0.0360621400177, 0.0348952673376, 0.0316718742251, 0.0385490134358, 0.0554989613593, 0.0354178957641, 0.03947506845]
        dvar2: [0.0430672205985, 0.0185013730079, 0.0397892706096, 0.0969333723187, 0.0852915272117, 0.0697955042124, 0.0442752540112, 0.0227449145168, 0.0399265997112, 0.0436593070626, 0.036700591445, 0.0744744762778, 0.104372344911, 0.0649763047695, 0.0508506037295, 0.0407643355429, 0.046440474689, 0.048872359097, 0.0526607334614, 0.0399962626398, 0.0128666078672, 0.00862027145922, 0.0193290207535, 0.0171055588871, 0.0388638041914, 0.0463540516794, 0.0672716274858, 0.0730533227324, 0.0751554742455, 0.0943473577499, 0.0928826630116, 0.0830432549119, 0.106445297599, 0.112179137766, 0.0913659259677, 0.106308780611]
        max: [1, 0.553936183453, 0.993833124638, 1, 1, 0.959953248501, 1, 0.945075750351, 1, 1, 0.885656118393, 1, 1, 1, 1, 1, 1, 1, 1, 1, 0.660776674747, 0.582935750484, 0.776258528233, 0.717226624489, 0.932086288929, 0.834444820881, 1, 1, 1, 1, 1, 0.946226119995, 1, 1, 1, 1]
        mean: [0.104703694582, 0.101573780179, 0.215701803565, 0.369059294462, 0.327719718218, 0.195922106504, 0.138154536486, 0.127371937037, 0.183490648866, 0.212429076433, 0.185922771692, 0.322708308697, 0.444981098175, 0.301802664995, 0.205362007022, 0.217762425542, 0.177990287542, 0.240870773792, 0.362534582615, 0.254378348589, 0.0871497541666, 0.0590767934918, 0.0662087351084, 0.088138833642, 0.118314176798, 0.136766001582, 0.237197816372, 0.321856051683, 0.225142776966, 0.17976783216, 0.201838195324, 0.186969891191, 0.389256775379, 0.58335763216, 0.371626287699, 0.14348398149]
        min: [0.00409977277741, 0.00531610334292, 0.0144113376737, 0.0164999682456, 0.0231424290687, 0.0179906822741, 0.0157878771424, 0.0200549159199, 0.0177050642669, 0.0209352914244, 0.020395571366, 0.013335541822, 0.0136768082157, 0.0135089885443, 0.0214033555239, 0.025936126709, 0.0171216819435, 0.016909237951, 0.0227524284273, 0.0189813412726, 0.00537192588672, 0.00342353619635, 0.00348009238951, 0.00772649887949, 0.0082558626309, 0.0114805120975, 0.00820345710963, 0.00681369286031, 0.000739330425858, 0.0071269357577, 0.00694981217384, 0.0103313094005, 0.0266483407468, 0.0254152882844, 0.0154105294496, 0.00653017358854]
        var: [0.0186571981758, 0.00927437096834, 0.0315169095993, 0.0985410735011, 0.0736448168755, 0.0372306294739, 0.0175385698676, 0.0130174355581, 0.0261281300336, 0.0330214835703, 0.0234233122319, 0.0611503385007, 0.113715291023, 0.049534112215, 0.0368568301201, 0.0403943359852, 0.0328261852264, 0.034745555371, 0.0688658505678, 0.0344443581998, 0.00830123294145, 0.00404135463759, 0.00927081517875, 0.00852172076702, 0.0149688730016, 0.0176862478256, 0.0406385175884, 0.0905543640256, 0.0534996166825, 0.0384662821889, 0.0465439297259, 0.0359875410795, 0.0658417791128, 0.133513748646, 0.0656295791268, 0.0352891199291]
    chords_histogram: [15.6682024002, 0, 38.7096786499, 0, 0, 0, 0, 0, 0, 0, 0, 0, 0, 0, 0, 1.84331798553, 0, 0, 0, 0, 0, 5.99078321457, 37.7880172729, 0]
    thpcp: [1, 0.637047111988, 0.245962291956, 0.179484575987, 0.174119234085, 0.369759112597, 0.632646739483, 0.561781823635, 0.335852473974, 0.236826479435, 0.218342795968, 0.314542293549, 0.364148974419, 0.318711489439, 0.553191184998, 0.762792944908, 0.517354428768, 0.35203447938, 0.37329146266, 0.305113494396, 0.412904113531, 0.621461987495, 0.436058998108, 0.149393349886, 0.101270288229, 0.113495960832, 0.15108884871, 0.20281586051, 0.234446242452, 0.40660789609, 0.551730275154, 0.385942965746, 0.308160603046, 0.345993936062, 0.320506453514, 0.667269527912]
    chords_key: "G#"
    chords_scale: "major"
    key_key: "C#"
    key_scale: "major"
    chords_progression: ["F#", "C#", "F#", "F#", "F#", "F#", "F#", "F#", "F#", "F#", "F#", "F#", "F#", "F#", "C#", "C#", "C#", "C#", "C#", "C#", "C#", "C#", "G#", "G#", "G#", "G#", "G#", "G#", "G#", "G#", "G#", "G#", "G#", "G#", "G#", "G#", "G#", "G#", "G#", "G#", "G#", "G#", "G#", "G#", "G#", "G#", "G#", "G#", "G#", "G#", "G#", "G#", "G#", "G#", "C#", "C#", "C#", "C#", "C#", "C#", "C#", "C#", "C#", "C#", "C#", "C#", "C#", "C#", "C#", "C#", "C#", "C#", "C#", "C#", "C#", "G#", "G#", "G#", "G#", "G#", "G#", "G#", "G#", "G#", "G#", "G#", "G#", "G#", "G#", "G#", "G#", "G#", "G#", "G#", "G#", "C#", "C#", "C#", "F#", "F#", "F#", "F#", "F#", "F#", "F#", "F#", "F#", "F#", "F#", "F#", "F#", "F#", "F#", "F#", "F#", "F#", "F#", "F#", "F#", "F#", "F#", "F#", "F#", "F#", "F#", "F#", "F#", "F#", "F#", "F#", "F#", "F#", "F#", "F#", "F#m", "F#m", "F#m", "F#m", "F#", "D#m", "D#m", "D#m", "D#m", "D#m", "D#m", "D#m", "D#m", "D#m", "D#m", "D#m", "D#m", "D#m", "F#", "F#", "F#", "F#", "F#", "F#", "F#", "F#", "F#", "F#", "F#", "F#", "F#", "F#", "F#", "F#", "F#", "F#", "F#", "F#", "F#", "F#", "F#", "F#", "F#", "F#", "F#", "F#", "F#", "F#", "F#", "F#", "C#", "G#", "G#", "G#", "G#", "G#", "G#", "G#", "G#", "G#", "G#", "G#", "G#", "G#", "G#", "G#", "G#", "G#", "G#", "G#", "G#", "G#", "G#", "G#", "G#", "G#", "G#", "G#", "G#", "G#", "G#", "G#", "G#"]
