
metadata:
    version:
        essentia: "1.2.2"
    audio_properties:
        analysis_sample_rate: 44100
        bitrate: 128
        channels: 2
        equal_loudness: 1
        length: 10.0310201645
        replay_gain: -10.8272132874
        downmix: "mix"
    tags:
        track: 4
        year: 0
        album: "Splitted by Mp3Splt v. 2.1"
        artist: "From 000.30 To 000.40"
        comment: "http://mp3splt.sf.net"
        genre: ""
        title: "12 To Whom It May Concern.mp3"

highlevel:
    ballroom:
        all:
            ChaChaCha: 0.252115666866
            Jive: 0.482662528753
            Quickstep: 0.0437831953168
            Rumba-American: 0.000233332903008
            Rumba-International: 0.000202744136914
            Rumba-Misc: 0.000104599974293
            Samba: 0.220497190952
            Tango: 0.00011031475151
            VienneseWaltz: 0.000160841911566
            Waltz: 0.000129578183987
        probability: 0.482662528753
        value: "Jive"
    culture:
        all:
            non_western: 0.0592713542283
            western: 0.940728664398
        probability: 0.940728664398
        value: "western"
    gender:
        all:
            female: 0.784191548824
            male: 0.215808480978
        probability: 0.784191548824
        value: "female"
    genre_dortmund:
        all:
            alternative: 0.025681598112
            blues: 0.0115987658501
            electronic: 0.354147315025
            folkcountry: 0.0197718646377
            funksoulrnb: 0.0372906140983
            jazz: 0.0651802569628
            pop: 0.0419175028801
            raphiphop: 0.282758146524
            rock: 0.161653935909
        probability: 0.354147315025
        value: "electronic"
    genre_electronica:
        all:
            ambient: 0.136840462685
            dnb: 0.684806108475
            house: 0.084610030055
            techno: 0.0305383689702
            trance: 0.063205011189
        probability: 0.684806108475
        value: "dnb"
    genre_rosamerica:
        all:
            cla: 0.0277933552861
            dan: 0.186092242599
            hip: 0.315217167139
            jaz: 0.0163153912872
            pop: 0.29122081399
            rhy: 0.0476310104132
            roc: 0.101820282638
            spe: 0.0139097394422
        probability: 0.315217167139
        value: "hip"
    genre_tzanetakis:
        all:
            blu: 0.00120386271738
            cla: 0.00196602125652
            cou: 0.00705251889303
            dis: 0.122953720391
            hip: 0.0267509389669
            jaz: 0.00373147265054
            met: 0.029109230265
            pop: 0.715892255306
            reg: 0.0258108302951
            roc: 0.0655291751027
        probability: 0.715892255306
        value: "pop"
    live_studio:
        all:
            live: 0.0252444446087
            studio: 0.974755585194
        probability: 0.974755585194
        value: "studio"
    mood:
        all:
            Cluster1: 0.386947065592
            Cluster2: 0.272553324699
            Cluster3: 0.0106875449419
            Cluster4: 0.0863178148866
            Cluster5: 0.24349424243
        probability: 0.386947065592
        value: "Cluster1"
    mood_acoustic:
        all:
            acoustic: 0.0049338368699
            not_acoustic: 0.995066165924
        probability: 0.995066165924
        value: "not_acoustic"
    mood_aggressive:
        all:
            aggressive: 0.915230810642
            not_aggressive: 0.0847692042589
        probability: 0.915230810642
        value: "aggressive"
    mood_electronic:
        all:
            electronic: 0.939513862133
            not_electronic: 0.060486163944
        probability: 0.939513862133
        value: "electronic"
    mood_happy:
        all:
            happy: 0.314139038324
            not_happy: 0.685860931873
        probability: 0.685860931873
        value: "not_happy"
    mood_party:
        all:
            not_party: 0.0296092685312
            party: 0.970390737057
        probability: 0.970390737057
        value: "party"
    mood_relaxed:
        all:
            not_relaxed: 0.95294457674
            relaxed: 0.0470554195344
        probability: 0.95294457674
        value: "not_relaxed"
    mood_sad:
        all:
            not_sad: 0.994640409946
            sad: 0.00535958167166
        probability: 0.994640409946
        value: "not_sad"
    rhythm:
        all:
            fast: 0.394356042147
            medium: 0.599440336227
            slow: 0.00620361883193
        probability: 0.599440336227
        value: "medium"
    speech_music:
        all:
            music: 0.907828092575
            speech: 0.0921719148755
        probability: 0.907828092575
        value: "music"
    timbre:
        all:
            bright: 0.7336987257
            dark: 0.266301304102
        probability: 0.7336987257
        value: "bright"
    voice_instrumental:
        all:
            instrumental: 0.00348324538209
            voice: 0.996516764164
        probability: 0.996516764164
        value: "voice"

lowlevel:
    average_loudness: 0.980960845947
    barkbands_kurtosis:
        dmean: 1.01493835449
        dmean2: 1.61003363132
        dvar: 3.15667009354
        dvar2: 6.53671312332
        max: 20.6653957367
        mean: -0.0574829317629
        min: -1.80037152767
        var: 6.95687007904
    barkbands_skewness:
        dmean: 0.454584002495
        dmean2: 0.676247835159
        dvar: 0.213201507926
        dvar2: 0.407886087894
        max: 2.50230431557
        mean: -0.275625497103
        min: -3.8241724968
        var: 0.933288037777
    barkbands_spread:
        dmean: 6.5432305336
        dmean2: 10.2870435715
        dvar: 36.7153282166
        dvar2: 77.7170028687
        max: 67.322013855
        mean: 30.3864116669
        min: 3.82644295692
        var: 115.472938538
    dissonance:
        dmean: 0.0152938039973
        dmean2: 0.0247017685324
        dvar: 0.000263186753727
        dvar2: 0.000574204081204
        max: 0.499999910593
        mean: 0.470712870359
        min: 0.323095828295
        var: 0.000826242263429
    hfc:
        dmean: 3.94126605988
        dmean2: 5.9982252121
        dvar: 68.998085022
        dvar2: 164.557296753
        max: 68.7160873413
        mean: 6.63842582703
        min: 0.0931024700403
        var: 94.3983078003
    pitch:
        dmean: 869.45111084
        dmean2: 1691.09960938
        dvar: 2032037.875
        dvar2: 4696804.5
        max: 4410
        mean: 1578.67163086
        min: 63.3620681763
        var: 3034257.25
    pitch_instantaneous_confidence:
        dmean: 0.082417011261
        dmean2: 0.134164005518
        dvar: 0.00588418263942
        dvar2: 0.0143830953166
        max: 0.961531341076
        mean: 0.363700091839
        min: 0.136128485203
        var: 0.0193724185228
    pitch_salience:
        dmean: 0.0600701570511
        dmean2: 0.0976799204946
        dvar: 0.00336739001796
        dvar2: 0.00768725713715
        max: 0.846961557865
        mean: 0.667060315609
        min: 0.332726359367
        var: 0.00797404814512
    silence_rate_20dB:
        dmean: 0
        dmean2: 0
        dvar: 0
        dvar2: 0
        max: 1
        mean: 1
        min: 1
        var: 0
    silence_rate_30dB:
        dmean: 0
        dmean2: 0
        dvar: 0
        dvar2: 0
        max: 1
        mean: 1
        min: 1
        var: 0
    silence_rate_60dB:
        dmean: 0.125
        dmean2: 0.248259857297
        dvar: 0.109375
        dvar2: 0.19126740098
        max: 1
        mean: 0.706697463989
        min: 0
        var: 0.207276165485
    spectral_centroid:
        dmean: 371.191772461
        dmean2: 552.125
        dvar: 145221.671875
        dvar2: 283451.5
        max: 5029.52441406
        mean: 2139.40063477
        min: 589.510375977
        var: 610057.25
    spectral_complexity:
        dmean: 4.84918785095
        dmean2: 7.3255815506
        dvar: 59.3623962402
        dvar2: 115.977722168
        max: 50
        mean: 10.2824077606
        min: 0
        var: 132.901779175
    spectral_crest:
        dmean: 2.10858106613
        dmean2: 3.29430747032
        dvar: 4.0785946846
        dvar2: 10.0936689377
        max: 20.4987468719
        mean: 6.57317686081
        min: 2.60316967964
        var: 10.8522176743
    spectral_decrease:
        dmean: 2.94182733729e-10
        dmean2: 4.49989601137e-10
        dvar: 3.26671899419e-19
        dvar2: 7.59640436659e-19
        max: -5.91420792548e-12
        mean: -5.76848124823e-10
        min: -4.55048709824e-09
        var: 4.65930366331e-19
    spectral_energy:
        dmean: 0.00145537301432
        dmean2: 0.00222390261479
        dvar: 8.37746574689e-06
        dvar2: 1.95899392565e-05
        max: 0.0229588393122
        mean: 0.00277928123251
        min: 3.49911679223e-05
        var: 1.17803156172e-05
    spectral_energyband_high:
        dmean: 0.000333119853167
        dmean2: 0.0005228954833
        dvar: 5.1210406582e-07
        dvar2: 1.23707945932e-06
        max: 0.00717755919322
        mean: 0.000516442523804
        min: 4.94038704346e-06
        var: 7.18047829196e-07
    spectral_energyband_low:
        dmean: 6.33573290543e-05
        dmean2: 0.000103823338577
        dvar: 2.75931917315e-08
        dvar2: 7.27158138147e-08
        max: 0.00159145076759
        mean: 7.59761678637e-05
        min: 4.23165946728e-09
        var: 2.50144598368e-08
    spectral_energyband_middle_high:
        dmean: 0.000867451482918
        dmean2: 0.0013454221189
        dvar: 3.92726906284e-06
        dvar2: 9.85256610875e-06
        max: 0.021844945848
        mean: 0.00150810100604
        min: 8.55831058288e-06
        var: 4.56688394479e-06
    spectral_energyband_middle_low:
        dmean: 0.000390922825318
        dmean2: 0.000607511145063
        dvar: 5.40572443697e-07
        dvar2: 1.24729490381e-06
        max: 0.0073257656768
        mean: 0.000678756507114
        min: 2.72053671324e-06
        var: 7.77590059897e-07
    spectral_flatness_db:
        dmean: 0.0178004894406
        dmean2: 0.028468541801
        dvar: 0.000415953458287
        dvar2: 0.000780764617957
        max: 0.395531624556
        mean: 0.138125211
        min: 0.0758035704494
        var: 0.00149471033365
    spectral_flux:
        dmean: 0.0104696350172
        dmean2: 0.0153872640803
        dvar: 0.000284546753392
        dvar2: 0.000599275052082
        max: 0.142828255892
        mean: 0.032378859818
        min: 0.00436719274148
        var: 0.000540029024705
    spectral_kurtosis:
        dmean: 0.952169120312
        dmean2: 1.548828125
        dvar: 1.26458346844
        dvar2: 3.20859575272
        max: 8.99147033691
        mean: 2.37840461731
        min: 0.141669034958
        var: 2.34089303017
    spectral_rms:
        dmean: 0.000361984857591
        dmean2: 0.000529696699232
        dvar: 3.22786775087e-07
        dvar2: 6.84692849973e-07
        max: 0.0047327443026
        mean: 0.00142718525603
        min: 0.00018476396508
        var: 6.74633781728e-07
    spectral_rolloff:
        dmean: 516.147338867
        dmean2: 825.221862793
        dvar: 386799.5625
        dvar2: 771430.9375
        max: 7041.35742188
        mean: 3779.921875
        min: 796.728515625
        var: 1037948.75
    spectral_skewness:
        dmean: 0.182206407189
        dmean2: 0.286017000675
        dvar: 0.0363232269883
        dvar2: 0.084258839488
        max: 2.48123884201
        mean: 1.14104342461
        min: 0.167633444071
        var: 0.0861201956868
    spectral_spread:
        dmean: 637139.25
        dmean2: 939440.4375
        dvar: 543665553408
        dvar2: 1.11632515072e+12
        max: 8779461
        mean: 5180800.5
        min: 2150247
        var: 1.77156810342e+12
    spectral_strongpeak:
        dmean: 0.429226368666
        dmean2: 0.743765592575
        dvar: 0.453783065081
        dvar2: 1.20238387585
        max: 4.87980079651
        mean: 0.556587159634
        min: 0.00355235929601
        var: 0.601270437241
    zerocrossingrate:
        dmean: 0.0129966642708
        dmean2: 0.0137956487015
        dvar: 0.00015554446145
        dvar2: 0.000154922920046
        max: 0.21728515625
        mean: 0.116453945637
        min: 0.0400390625
        var: 0.00112952559721
    barkbands:
        dmean: [2.18795747742e-07, 2.59748812823e-05, 4.4877120672e-05, 7.82999995863e-05, 0.000162841446581, 0.000111795372504, 5.96523750573e-05, 3.84514023608e-05, 6.00939602009e-05, 8.36934777908e-05, 3.5689186916e-05, 6.88054133207e-05, 5.28247401235e-05, 3.42613711837e-05, 5.55994447495e-05, 8.88767972356e-05, 0.000134317277116, 0.000153796208906, 0.000314934412017, 0.000241278947215, 0.000166198529769, 5.67119786865e-05, 2.30735076912e-05, 6.03562739343e-06, 3.7942313611e-06, 1.02684914793e-07, 1.51605908383e-10]
        dmean2: [3.25999764073e-07, 4.2633699195e-05, 7.5358657341e-05, 0.000141898723086, 0.000274048041319, 0.000191317725694, 9.41982871154e-05, 6.22957304586e-05, 9.1299538326e-05, 0.000122694953461, 5.70076263102e-05, 0.00011209416698, 8.62335218699e-05, 5.35733015568e-05, 8.97233330761e-05, 0.000152457112563, 0.000223836454097, 0.000253170786891, 0.00051740714116, 0.000398338714149, 0.000258836225839, 8.4577317466e-05, 3.81674908567e-05, 8.92300613486e-06, 6.32293267699e-06, 1.60693772955e-07, 2.66763888757e-10]
        dvar: [2.89224942824e-13, 4.74195438471e-09, 1.35137661061e-08, 3.54662823554e-08, 1.16513220405e-07, 4.94686815955e-08, 7.65535634883e-09, 9.66713109563e-09, 3.421584438e-08, 5.31241859392e-08, 3.67746499919e-09, 3.0343276336e-08, 8.35059221771e-09, 3.39727845855e-09, 1.08802060694e-08, 3.78224349618e-08, 1.64666346336e-07, 1.11838822647e-07, 7.29732505533e-07, 2.30122282119e-07, 1.56800538775e-07, 2.0517648025e-08, 3.14155279568e-09, 1.51675255688e-10, 1.94467747461e-10, 8.78948064505e-14, 9.57437648341e-20]
        dvar2: [6.14006241684e-13, 1.20714549467e-08, 3.49607454098e-08, 1.02465627094e-07, 2.6835991207e-07, 1.29282440753e-07, 1.94098035422e-08, 2.12468407312e-08, 5.69079432466e-08, 8.16327414555e-08, 8.30367508087e-09, 7.96825077032e-08, 2.00678478279e-08, 7.58518758914e-09, 2.48928948565e-08, 9.9617167848e-08, 4.35032035284e-07, 2.7230419164e-07, 2.02341811928e-06, 5.78477681756e-07, 4.03732201448e-07, 4.7768089928e-08, 8.37079294769e-09, 3.47466000417e-10, 5.44575662342e-10, 2.29862597055e-13, 2.63325658477e-19]
        max: [4.50253173767e-06, 0.000574551639147, 0.00115333683789, 0.00137199345045, 0.00302969990298, 0.00205220445059, 0.000720875512343, 0.00152935378719, 0.00343362404965, 0.00407287897542, 0.000505377887748, 0.00265027908608, 0.00110496778507, 0.000649325782433, 0.000712648034096, 0.00198285025544, 0.00535955512896, 0.00323190260679, 0.0106077007949, 0.00397101370618, 0.00438776193187, 0.00153238442726, 0.000424504600232, 0.000109117507236, 0.000118991345516, 3.61802381121e-06, 3.75268216501e-09]
        mean: [2.36299428025e-07, 3.36884259013e-05, 4.20585711254e-05, 7.26889629732e-05, 0.000198388370336, 0.000136143484269, 0.000107039595605, 5.79457264394e-05, 7.67616147641e-05, 0.000144281351822, 5.08538360009e-05, 9.56054354901e-05, 8.41515575303e-05, 5.47879171791e-05, 7.94373772806e-05, 0.000117123534437, 0.000146476289956, 0.000197624540306, 0.000412746070651, 0.000312520453008, 0.000237766391365, 8.33723315736e-05, 2.471443986e-05, 8.52305765875e-06, 4.21503409598e-06, 1.32772740358e-07, 1.39120839848e-10]
        min: [3.43881763343e-11, 7.53637596773e-10, 1.89741644618e-09, 8.42851477501e-09, 7.98988324391e-08, 1.12679266806e-07, 1.37312667903e-07, 1.18568024732e-07, 9.361639286e-08, 1.16008713746e-07, 2.91469149261e-07, 3.87029587046e-07, 1.9856103961e-07, 1.73813972992e-07, 1.31451386665e-07, 2.93886984082e-07, 2.32889462382e-07, 5.69677126805e-07, 1.47943489992e-06, 2.79847017737e-06, 1.29142063088e-06, 4.68014661692e-07, 1.09672328108e-07, 3.31561729183e-08, 9.18307829778e-09, 3.8266299851e-11, 3.0833771273e-14]
        var: [3.4654004384e-13, 5.58247670313e-09, 1.17038645442e-08, 2.791195719e-08, 1.33903299115e-07, 4.73168206838e-08, 1.39325289084e-08, 2.08350900976e-08, 6.422046539e-08, 1.72376687146e-07, 4.60667060054e-09, 4.91502021305e-08, 1.22245182865e-08, 5.24781285094e-09, 1.3176195246e-08, 3.52953968275e-08, 1.2587912579e-07, 1.22971542282e-07, 6.9333322017e-07, 2.67964992418e-07, 1.81689884471e-07, 3.03652250011e-08, 2.92707413863e-09, 2.16096418537e-10, 1.55955567904e-10, 9.39733181679e-14, 9.57392799642e-20]
    mfcc:
        mean: [-738.910461426, 77.780128479, -49.3362731934, 37.4934921265, -25.1266117096, -1.75387442112, -1.5543807745, -10.2829704285, -8.68350315094, -7.55998325348, -8.11307811737, -3.4029917717, -1.28331232071]
        cov: [[4552.44482422, -481.227233887, 60.2813987732, 220.692138672, 114.718994141, -124.693054199, -107.462013245, 33.6884765625, -75.4585342407, -148.892913818, -119.822921753, -179.314056396, -207.794815063], [-481.227233887, 1253.52294922, -256.198608398, 102.276199341, 110.897033691, 56.7180747986, 76.2393112183, -13.6342830658, 37.7845993042, 19.1019363403, -16.5014209747, 75.6105041504, 29.8094749451], [60.2813987732, -256.198608398, 555.145935059, 34.9011383057, 92.0402679443, 111.601158142, 19.1363697052, 81.8562545776, 7.91280508041, 23.8406925201, 23.9313182831, -12.4429235458, 20.1097049713], [220.692138672, 102.276199341, 34.9011383057, 331.130432129, 202.759292603, 75.9119491577, 77.5992431641, 42.4370002747, 31.7581138611, 12.9819478989, -7.03769397736, 13.0481958389, -5.422311306], [114.718994141, 110.897033691, 92.0402679443, 202.759292603, 299.871490479, 144.153503418, 84.1371612549, 73.2242431641, 35.8605041504, 43.5593910217, 21.291305542, 37.8954162598, 20.7508563995], [-124.693054199, 56.7180747986, 111.601158142, 75.9119491577, 144.153503418, 149.523361206, 83.1053390503, 46.427520752, 32.2478027344, 32.9201431274, 30.8734340668, 36.0114593506, 26.2194499969], [-107.462013245, 76.2393112183, 19.1363697052, 77.5992431641, 84.1371612549, 83.1053390503, 124.239265442, 58.524356842, 36.874080658, 41.8654594421, 19.9734725952, 37.2522544861, 40.6096878052], [33.6884765625, -13.6342830658, 81.8562545776, 42.4370002747, 73.2242431641, 46.427520752, 58.524356842, 101.571922302, 46.0824966431, 37.9584083557, 20.0365829468, 15.5282258987, 25.4717731476], [-75.4585342407, 37.7845993042, 7.91280508041, 31.7581138611, 35.8605041504, 32.2478027344, 36.874080658, 46.0824966431, 72.7178192139, 38.6559066772, 20.6421470642, 22.6454734802, 13.8211746216], [-148.892913818, 19.1019363403, 23.8406925201, 12.9819478989, 43.5593910217, 32.9201431274, 41.8654594421, 37.9584083557, 38.6559066772, 78.2617340088, 36.55626297, 35.7819366455, 38.6798019409], [-119.822921753, -16.5014209747, 23.9313182831, -7.03769397736, 21.291305542, 30.8734340668, 19.9734725952, 20.0365829468, 20.6421470642, 36.55626297, 55.9873161316, 30.742231369, 25.2494258881], [-179.314056396, 75.6105041504, -12.4429235458, 13.0481958389, 37.8954162598, 36.0114593506, 37.2522544861, 15.5282258987, 22.6454734802, 35.7819366455, 30.742231369, 73.2451171875, 40.4771232605], [-207.794815063, 29.8094749451, 20.1097049713, -5.422311306, 20.7508563995, 26.2194499969, 40.6096878052, 25.4717731476, 13.8211746216, 38.6798019409, 25.2494258881, 40.4771232605, 80.931427002]]
        icov: [[0.000304075627355, 0.000101332800114, 2.07106404559e-06, -0.000103476369986, -0.000342214101693, 0.000474112835946, -3.92397632822e-05, -0.000356925971573, 0.000180201473995, 0.000286281661829, 9.31115282583e-05, 0.000178171219886, 0.00051636871649], [0.000101332800114, 0.00107674230821, 0.000514065963216, -7.05197890056e-05, -0.000385713210562, -0.000270680699032, -0.000141252938192, 0.000247474614298, -0.000374763738364, 0.000132752626087, 0.00106070749462, -0.000792955979705, -2.30817458942e-05], [2.07106404559e-06, 0.000514065963216, 0.0032039382495, -0.000666997686494, 0.00118148408365, -0.00442251330242, 0.00300616328605, -0.00330712064169, 0.00183889933396, -0.00101668236312, 0.000627396861091, 0.00103806005791, -0.000905611668713], [-0.000103476369986, -7.05197890056e-05, -0.000666997686494, 0.00666407961398, -0.00562889734283, 0.00399540504441, -0.00466874800622, 0.00279516424052, -0.0027927334886, 0.00188683008309, 0.000575111422222, 0.000257691688603, 0.00125116610434], [-0.000342214101693, -0.000385713210562, 0.00118148408365, -0.00562889734283, 0.0127639491111, -0.0117525765672, 0.00584126682952, -0.00610649352893, 0.00439062807709, -0.00455729197711, 0.00201343256049, -0.00154296215624, -0.000309777708026], [0.000474112835946, -0.000270680699032, -0.00442251330242, 0.00399540504441, -0.0117525765672, 0.0265744552016, -0.0144286481664, 0.00734281726182, -0.00549719622359, 0.00638920813799, -0.00705020269379, -0.00117479707114, 0.00268886773847], [-3.92397632822e-05, -0.000141252938192, 0.00300616328605, -0.00466874800622, 0.00584126682952, -0.0144286481664, 0.0234536696225, -0.0103698736057, 0.0028904795181, -0.00517838634551, 0.00464990315959, -0.00182119349483, -0.00499509787187], [-0.000356925971573, 0.000247474614298, -0.00330712064169, 0.00279516424052, -0.00610649352893, 0.00734281726182, -0.0103698736057, 0.0242655035108, -0.0119082704186, 0.000558495870791, -0.00228654267266, 0.00315289129503, -0.00234226742759], [0.000180201473995, -0.000374763738364, 0.00183889933396, -0.0027927334886, 0.00439062807709, -0.00549719622359, 0.0028904795181, -0.0119082704186, 0.026671892032, -0.00946021359414, -0.000385721301427, -0.0027570403181, 0.00437505869195], [0.000286281661829, 0.000132752626087, -0.00101668236312, 0.00188683008309, -0.00455729197711, 0.00638920813799, -0.00517838634551, 0.000558495870791, -0.00946021359414, 0.0287880823016, -0.0106821302325, -0.00197464646772, -0.00523654045537], [9.31115282583e-05, 0.00106070749462, 0.000627396861091, 0.000575111422222, 0.00201343256049, -0.00705020269379, 0.00464990315959, -0.00228654267266, -0.000385721301427, -0.0106821302325, 0.0324558578432, -0.00801761820912, -0.00105934229214], [0.000178171219886, -0.000792955979705, 0.00103806005791, 0.000257691688603, -0.00154296215624, -0.00117479707114, -0.00182119349483, 0.00315289129503, -0.0027570403181, -0.00197464646772, -0.00801761820912, 0.0262890998274, -0.00802569463849], [0.00051636871649, -2.30817458942e-05, -0.000905611668713, 0.00125116610434, -0.000309777708026, 0.00268886773847, -0.00499509787187, -0.00234226742759, 0.00437505869195, -0.00523654045537, -0.00105934229214, -0.00802569463849, 0.0225512627512]]
    spectral_contrast:
        mean: [2.9743253549e-07, 3.43229004329e-07, -3.86283289799e-08, 1.69354109403e-07, 2.28932890423e-07, 5.17263458732e-07, 1.77868810169e-06, -2.31484546021e-06, 2.55996428677e-06, -2.54423525803e-07, -7.51956719114e-08, 1.36097276027e-06]
        var: [0.00041747832438, 0.000915268086828, 0.00154833996203, 0.00209565507248, 0.00402241433039, 0.00558100640774, 0.048216085881, 0.0837536230683, 0.153843909502, 0.48048555851, 0.807860076427, 2.88827705383]

rhythm:
    beats_loudness:
        dmean: 0.00760372588411
        dmean2: 0.0147664137185
        dvar: 1.09953480205e-05
        dvar2: 2.82483124465e-05
        max: 0.0166151542217
        mean: 0.00744392536581
        min: 0.00120755215175
        var: 2.12918021134e-05
    beats_loudness_bass:
        dmean: 0.109023742378
        dmean2: 0.224120885134
        dvar: 0.00865797232836
        dvar2: 0.0240175034851
        max: 0.311502695084
        mean: 0.070372030139
        min: 0.00119824986905
        var: 0.0070261657238
    bpm: 106.585784912
    bpm_confidence: 0
    first_peak_bpm: 107
    first_peak_spread: 0
    first_peak_weight: 0.941176474094
    onset_rate: 4.08732128143
    second_peak_bpm: 101
    second_peak_spread: 0
    second_peak_weight: 0.0588235296309
    beats_position: [0.0455913804471, 0.608734250069, 1.17187714577, 1.73502004147, 2.29816293716, 2.86130571365, 3.42444872856, 3.98759126663, 4.55073404312, 5.11387681961, 5.6770195961, 6.2713227272, 6.83403635025, 7.39674949646, 7.95946264267, 8.52217674255, 9.0848903656, 9.64760303497]
    bpm_estimates: [106.618293762, 106.543373108, 106.565109253, 106.593727112, 106.696128845, 106.809242249, 106.600166321, 106.63924408, 106.409103394, 106.10319519, 106.419494629, 106.645454407, 106.662109375, 106.624031067, 106.658195496, 106.506202698, 106.608390808, 106.782546997, 106.954826355, 106.426086426, 106.506324768, 106.515983582]
    bpm_intervals: [0.563142895699, 0.563142895699, 0.563142895699, 0.563142895699, 0.563142776489, 0.563143014908, 0.563142538071, 0.563142776489, 0.563142776489, 0.563142776489, 0.594303131104, 0.562713623047, 0.56271314621, 0.56271314621, 0.562714099884, 0.562713623047, 0.562712669373]
    onset_times: [0.0348299331963, 0.27863946557, 0.417959183455, 0.592108845711, 1.16099774837, 1.45124721527, 1.57895696163, 1.71827661991, 2.00852608681, 2.29877543449, 2.57741498947, 2.72834467888, 2.85605430603, 3.15791392326, 3.43655323982, 3.7151927948, 3.87773251534, 3.98222231865, 4.29569149017, 4.53950119019, 4.841360569, 4.99229001999, 5.11999988556, 5.68888902664, 6.11845827103, 6.25777769089, 6.54802703857, 6.82666683197, 7.10530614853, 7.27945566177, 7.38394546509, 7.69741487503, 7.95283460617, 8.37079334259, 8.51011371613, 8.80036258698, 9.07900238037, 9.36925125122, 9.53179168701, 9.64789104462, 9.94975090027]
    rubato_start: []
    rubato_stop: []
    perceptual_tempo: "unknown"

sfx:
    inharmonicity:
        dmean: 0.0650569945574
        dmean2: 0.11526902765
        dvar: 0.00470382394269
        dvar2: 0.0133036542684
        max: 0.384153991938
        mean: 0.0771362632513
        min: 0.000107975916762
        var: 0.00520212063566
    oddtoevenharmonicenergyratio:
        dmean: 6.87720537186
        dmean2: 13.3414440155
        dvar: 3530.02783203
        dvar2: 10561.1884766
        max: 870.524963379
        mean: 4.20401382446
        min: 0.00346368830651
        var: 1790.19348145
    pitch_after_max_to_before_max_energy_ratio: 39.4388237
    pitch_centroid: 223.474502563
    pitch_max_to_total: 0.111111111939
    pitch_min_to_total: 0.342592597008
    tristimulus:
        dmean: [0.154373526573, 0.234767392278, 0.18153809011]
        dmean2: [0.263559371233, 0.402584522963, 0.32530900836]
        dvar: [0.0172444898635, 0.04408133775, 0.0246383007616]
        dvar2: [0.0442080795765, 0.132271155715, 0.0706128850579]
        max: [0.871265351772, 0.982248067856, 0.780264675617]
        mean: [0.268875360489, 0.501703023911, 0.182666510344]
        min: [0.00668375520036, 0, 0]
        var: [0.0319415442646, 0.0537429340184, 0.0294710602611]

tonal:
    chords_changes_rate: 0.0645161271095
    chords_number_rate: 0.0230414755642
    chords_strength:
        dmean: 0.0128016555682
        dmean2: 0.0146873695776
        dvar: 0.00010069765267
        dvar2: 0.000184742166311
        max: 0.570915281773
        mean: 0.458366751671
        min: 0.318591624498
        var: 0.00459293462336
    key_strength: 0.645972192287
    tuning_diatonic_strength: 0.631006240845
    tuning_equal_tempered_deviation: 0.153659448028
    tuning_frequency: 441.017791748
    tuning_nontempered_energy_ratio: 0.786565482616
    hpcp:
        dmean: [0.243838191032, 0.224201366305, 0.212564170361, 0.184156313539, 0.177918747067, 0.167551904917, 0.176478594542, 0.174575269222, 0.209078118205, 0.178811281919, 0.174483507872, 0.174601584673, 0.17152300477, 0.178613394499, 0.192800730467, 0.176704853773, 0.165821656585, 0.157913610339, 0.154461368918, 0.141857281327, 0.182126060128, 0.186830297112, 0.127159178257, 0.0826646983624, 0.0992382094264, 0.138443350792, 0.19701859355, 0.238207608461, 0.205655157566, 0.183853641152, 0.169231727719, 0.156400844455, 0.170986786485, 0.192839875817, 0.188514873385, 0.211556181312]
        dmean2: [0.42471781373, 0.359631985426, 0.329110860825, 0.30627694726, 0.303887575865, 0.276613354683, 0.2947075665, 0.279062181711, 0.33574038744, 0.277062296867, 0.265442192554, 0.264693826437, 0.263769060373, 0.284690439701, 0.319242209196, 0.288181185722, 0.273590475321, 0.259043455124, 0.254958570004, 0.231712192297, 0.29531416297, 0.310539454222, 0.220560103655, 0.14061640203, 0.166142687201, 0.23360696435, 0.343674302101, 0.418364137411, 0.356020092964, 0.307258754969, 0.273916393518, 0.24708302319, 0.277153551579, 0.3186673522, 0.30497828126, 0.35313808918]
        dvar: [0.0442687496543, 0.0348635986447, 0.0404744632542, 0.0386770926416, 0.0352255143225, 0.023896439001, 0.0278574433178, 0.0285871066153, 0.0416141487658, 0.0287615396082, 0.0254102516919, 0.0220768097788, 0.0267257411033, 0.0347727276385, 0.0421446338296, 0.0349293425679, 0.0279249642044, 0.0314217060804, 0.0311964731663, 0.0246815532446, 0.03364321962, 0.0403034761548, 0.0154406344518, 0.0126437982544, 0.0200474765152, 0.0284782759845, 0.0492107868195, 0.0657979100943, 0.0553171299398, 0.0436569005251, 0.033882457763, 0.0296566393226, 0.0296456292272, 0.0368483886123, 0.0326236449182, 0.0372775383294]
        dvar2: [0.110183149576, 0.100881129503, 0.107032351196, 0.0921349748969, 0.0895129814744, 0.0626362338662, 0.0607366189361, 0.0668797343969, 0.0948748737574, 0.0704822391272, 0.0582076273859, 0.0580226369202, 0.0621891990304, 0.0902037322521, 0.116182617843, 0.089682482183, 0.0745078846812, 0.0827806219459, 0.0751369744539, 0.0596662536263, 0.0972299277782, 0.108214721084, 0.0442760884762, 0.0343109630048, 0.0546977110207, 0.0773264616728, 0.117947876453, 0.162523061037, 0.153701424599, 0.106327354908, 0.0907440558076, 0.0771712735295, 0.0705859214067, 0.0859639793634, 0.08357411623, 0.0911874547601]
        max: [1, 1, 1, 1, 1, 1, 1, 1, 1, 1, 1, 0.994232296944, 1, 1, 1, 1, 1, 1, 1, 1, 1, 1, 0.629903078079, 0.772718071938, 0.948295712471, 1, 1, 1, 1, 1, 1, 1, 1, 1, 1, 1]
        mean: [0.595116198063, 0.485821336508, 0.346121549606, 0.286623984575, 0.266274929047, 0.30657568574, 0.326868653297, 0.328054398298, 0.345358639956, 0.311963349581, 0.290559977293, 0.296385139227, 0.299183130264, 0.294586807489, 0.33207154274, 0.337075084448, 0.270267635584, 0.265029519796, 0.237715542316, 0.186547726393, 0.259659141302, 0.305567592382, 0.195689201355, 0.117458947003, 0.138760238886, 0.194114819169, 0.311488360167, 0.357477754354, 0.286136180162, 0.246825292706, 0.239127069712, 0.244901686907, 0.275438517332, 0.29060998559, 0.297982990742, 0.458200544119]
        min: [0.00408898340538, 0.00530894985422, 0.00259789265692, 0.00315638072789, 0.0024769611191, 0.00390129676089, 0.00551927369088, 0.00561559433118, 0.0025151243899, 0.00125786475837, 0.00125015364029, 0.00131025421433, 0.00313190603629, 0.00236508133821, 0.00510719418526, 0.0126371346414, 0.007245012559, 0.00711059710011, 0.000262917368673, 0.000242717986112, 0.000786098185927, 0.000938517856412, 0.00076417287346, 0.000747633457649, 0.000726862519514, 0.000616556964815, 0.000741816824302, 0.00087915424956, 0.00129377248231, 0.0024324436672, 0.00237296707928, 0.00272789411247, 0.00400012684986, 0.0011598583078, 0.00206276006065, 0.00268487352878]
        var: [0.0988294258714, 0.0679270103574, 0.0741177499294, 0.0569945275784, 0.052951797843, 0.0491941384971, 0.0627453923225, 0.0553158819675, 0.0739223659039, 0.057293895632, 0.0599950104952, 0.0523001030087, 0.0581025853753, 0.0626229345798, 0.0782691091299, 0.0690894499421, 0.0415249839425, 0.0478048175573, 0.0530585721135, 0.0346377268434, 0.048852391541, 0.0653600171208, 0.0220847707242, 0.0144993988797, 0.0221599955112, 0.0386122390628, 0.0840679854155, 0.0993890538812, 0.0616068169475, 0.0632391497493, 0.0564354173839, 0.0522557795048, 0.0596369281411, 0.0673023685813, 0.0569994486868, 0.0684012100101]
    chords_histogram: [58.5253448486, 9.21658992767, 0.921658992767, 0, 12.9032258987, 8.75576019287, 0, 0, 0, 0, 9.67741966248, 0, 0, 0, 0, 0, 0, 0, 0, 0, 0, 0, 0, 0]
    thpcp: [1, 0.816347002983, 0.581603288651, 0.481626927853, 0.447433501482, 0.51515263319, 0.549251794815, 0.551244258881, 0.580321371555, 0.524205803871, 0.488240748644, 0.498029023409, 0.502730607986, 0.49500721693, 0.557994484901, 0.56640213728, 0.4541426301, 0.445340782404, 0.399443924427, 0.31346437335, 0.43631669879, 0.51345872879, 0.328825205564, 0.197371453047, 0.233164951205, 0.326179683208, 0.523407638073, 0.600685656071, 0.480807244778, 0.414751440287, 0.401815772057, 0.411519110203, 0.462831497192, 0.488324791193, 0.500713944435, 0.769934594631]
    chords_key: "D"
    chords_scale: "major"
    key_key: "D"
    key_scale: "major"
    chords_progression: ["F#m", "F#m", "F#m", "F#m", "F#m", "F#m", "F#m", "C#", "C#", "C#", "C#", "C#", "C#", "C#", "C#", "C#", "C#", "C#", "C#", "C#", "C#", "C#", "C#", "C#", "C#", "C#", "C#", "C#", "E", "E", "E", "E", "E", "E", "E", "E", "E", "A", "A", "E", "E", "E", "E", "E", "E", "E", "E", "E", "E", "G#m", "E", "E", "E", "E", "E", "E", "E", "E", "E", "G#m", "G#m", "G#m", "G#m", "G#m", "G#m", "G#m", "G#m", "G#m", "G#m", "G#m", "G#m", "G#m", "G#m", "G#m", "G#m", "G#m", "G#m", "D", "F#m", "F#m", "F#m", "F#m", "D", "F#m", "F#m", "F#m", "F#m", "F#m", "F#m", "F#m", "F#m", "D", "D", "D", "D", "D", "D", "D", "D", "D", "D", "D", "D", "D", "D", "D", "D", "D", "D", "D", "D", "D", "D", "D", "D", "D", "D", "D", "D", "D", "D", "D", "D", "D", "D", "D", "D", "D", "D", "D", "D", "D", "D", "D", "D", "D", "D", "D", "D", "D", "D", "D", "D", "F#m", "D", "D", "D", "D", "D", "D", "D", "D", "D", "D", "D", "D", "D", "D", "D", "D", "D", "D", "D", "D", "D", "D", "D", "D", "D", "D", "D", "D", "D", "D", "D", "D", "D", "D", "D", "D", "D", "D", "D", "D", "D", "D", "D", "D", "D", "D", "D", "D", "D", "D", "D", "D", "D", "D", "D", "D", "D", "D", "D", "D", "D", "D", "D", "D", "D", "D", "D", "D", "D", "D", "D", "D", "D"]
