
metadata:
    version:
        essentia: "1.2.2"
    audio_properties:
        analysis_sample_rate: 44100
        bitrate: 128
        channels: 2
        equal_loudness: 1
        length: 10.0832653046
        replay_gain: -13.4717578888
        downmix: "mix"
    tags:
        track: 21
        year: 0
        album: "Splitted by Mp3Splt v. 2.1"
        artist: "From 003.20 To 003.30"
        comment: "http://mp3splt.sf.net"
        genre: ""
        title: "03 The World I Know.mp3"

highlevel:
    ballroom:
        all:
            ChaChaCha: 0.0898092463613
            Jive: 0.656491398811
            Quickstep: 0.088202111423
            Rumba-American: 0.00249177054502
            Rumba-International: 0.012880500406
            Rumba-Misc: 0.00926063675433
            Samba: 0.0797832757235
            Tango: 0.00536440033466
            VienneseWaltz: 0.0468273311853
            Waltz: 0.00888934358954
        probability: 0.656491398811
        value: "Jive"
    culture:
        all:
            non_western: 1.24407881685e-06
            western: 0.999998748302
        probability: 0.999998748302
        value: "western"
    gender:
        all:
            female: 0.384603977203
            male: 0.615396022797
        probability: 0.615396022797
        value: "male"
    genre_dortmund:
        all:
            alternative: 0.116877682507
            blues: 0.00426048459485
            electronic: 0.0223800484091
            folkcountry: 0.209275081754
            funksoulrnb: 0.00942944083363
            jazz: 0.0122161917388
            pop: 0.251815974712
            raphiphop: 0.00276672118343
            rock: 0.37097838521
        probability: 0.37097838521
        value: "rock"
    genre_electronica:
        all:
            ambient: 0.275250911713
            dnb: 0.122559323907
            house: 0.010438637808
            techno: 0.00877469033003
            trance: 0.582976460457
        probability: 0.582976460457
        value: "trance"
    genre_rosamerica:
        all:
            cla: 0.0143041275442
            dan: 0.0225704852492
            hip: 0.00147240934893
            jaz: 0.00300781312399
            pop: 0.131870806217
            rhy: 0.00444289017469
            roc: 0.82164722681
            spe: 0.000684241240378
        probability: 0.82164722681
        value: "roc"
    genre_tzanetakis:
        all:
            blu: 0.00435239588842
            cla: 0.0326984338462
            cou: 0.23526853323
            dis: 0.0329695418477
            hip: 0.00193300342653
            jaz: 0.032501835376
            met: 0.018831063062
            pop: 0.142851576209
            reg: 0.00443834019825
            roc: 0.49415525794
        probability: 0.49415525794
        value: "roc"
    live_studio:
        all:
            live: 0.351943284273
            studio: 0.648056685925
        probability: 0.648056685925
        value: "studio"
    mood:
        all:
            Cluster1: 0.317386209965
            Cluster2: 0.258154064417
            Cluster3: 0.195385083556
            Cluster4: 0.0726695135236
            Cluster5: 0.156405121088
        probability: 0.317386209965
        value: "Cluster1"
    mood_acoustic:
        all:
            acoustic: 0.0237981528044
            not_acoustic: 0.976201832294
        probability: 0.976201832294
        value: "not_acoustic"
    mood_aggressive:
        all:
            aggressive: 0.385441929102
            not_aggressive: 0.614558041096
        probability: 0.614558041096
        value: "not_aggressive"
    mood_electronic:
        all:
            electronic: 0.101953700185
            not_electronic: 0.898046314716
        probability: 0.898046314716
        value: "not_electronic"
    mood_happy:
        all:
            happy: 0.939094483852
            not_happy: 0.0609054900706
        probability: 0.939094483852
        value: "happy"
    mood_party:
        all:
            not_party: 0.778760433197
            party: 0.221239551902
        probability: 0.778760433197
        value: "not_party"
    mood_relaxed:
        all:
            not_relaxed: 0.336340516806
            relaxed: 0.663659453392
        probability: 0.663659453392
        value: "relaxed"
    mood_sad:
        all:
            not_sad: 0.509348630905
            sad: 0.490651398897
        probability: 0.509348630905
        value: "not_sad"
    rhythm:
        all:
            fast: 0.95232462883
            medium: 0.0406004674733
            slow: 0.00707489997149
        probability: 0.95232462883
        value: "fast"
    speech_music:
        all:
            music: 0.999155044556
            speech: 0.000844953756314
        probability: 0.999155044556
        value: "music"
    timbre:
        all:
            bright: 0.999986827374
            dark: 1.31737842821e-05
        probability: 0.999986827374
        value: "bright"
    voice_instrumental:
        all:
            instrumental: 0.00240981252864
            voice: 0.997590184212
        probability: 0.997590184212
        value: "voice"

lowlevel:
    average_loudness: 0.976825594902
    barkbands_kurtosis:
        dmean: 0.412781566381
        dmean2: 0.654969274998
        dvar: 0.295106977224
        dvar2: 0.625488758087
        max: 4.94866037369
        mean: -0.999324262142
        min: -1.80019593239
        var: 0.719945788383
    barkbands_skewness:
        dmean: 0.299876749516
        dmean2: 0.476840764284
        dvar: 0.0650396645069
        dvar2: 0.15833093226
        max: 2.11210036278
        mean: 0.305028676987
        min: -0.928429961205
        var: 0.292707115412
    barkbands_spread:
        dmean: 3.86264276505
        dmean2: 5.83668899536
        dvar: 13.1584997177
        dvar2: 28.9359321594
        max: 54.9761238098
        mean: 31.4298362732
        min: 8.10701370239
        var: 62.5369377136
    dissonance:
        dmean: 0.0163052156568
        dmean2: 0.0258607640862
        dvar: 0.000362052611308
        dvar2: 0.000602778745815
        max: 0.496714413166
        mean: 0.465310394764
        min: 0.171768814325
        var: 0.000583034590818
    hfc:
        dmean: 1.8983849287
        dmean2: 2.86101007462
        dvar: 9.07638263702
        dvar2: 19.7346496582
        max: 33.8537521362
        mean: 7.2783203125
        min: 0.00665051862597
        var: 16.0497779846
    pitch:
        dmean: 354.534423828
        dmean2: 685.938598633
        dvar: 802595.125
        dvar2: 2072502.375
        max: 4009.09082031
        mean: 433.78112793
        min: 73.6227035522
        var: 626683.875
    pitch_instantaneous_confidence:
        dmean: 0.0730812773108
        dmean2: 0.11455783993
        dvar: 0.00363538507372
        dvar2: 0.00817414559424
        max: 0.795303225517
        mean: 0.390701442957
        min: 0.164253890514
        var: 0.0135323805735
    pitch_salience:
        dmean: 0.0465944893658
        dmean2: 0.0719726979733
        dvar: 0.00172939104959
        dvar2: 0.00419105216861
        max: 0.942241668701
        mean: 0.643492400646
        min: 0.313254565001
        var: 0.00487715890631
    silence_rate_20dB:
        dmean: 0
        dmean2: 0
        dvar: 0
        dvar2: 0
        max: 1
        mean: 1
        min: 1
        var: 0
    silence_rate_30dB:
        dmean: 0
        dmean2: 0
        dvar: 0
        dvar2: 0
        max: 1
        mean: 1
        min: 1
        var: 0
    silence_rate_60dB:
        dmean: 0.110344827175
        dmean2: 0.221198156476
        dvar: 0.0981690585613
        dvar2: 0.199918657541
        max: 1
        mean: 0.25
        min: 0
        var: 0.1875
    spectral_centroid:
        dmean: 200.150436401
        dmean2: 327.839599609
        dvar: 36404.34375
        dvar2: 87040.1484375
        max: 2773.42480469
        mean: 1542.31237793
        min: 785.610534668
        var: 158206.046875
    spectral_complexity:
        dmean: 3.22580647469
        dmean2: 4.98383378983
        dvar: 12.1287183762
        dvar2: 22.6348495483
        max: 43
        mean: 16.3540229797
        min: 0
        var: 28.8401088715
    spectral_crest:
        dmean: 1.71752631664
        dmean2: 2.72463703156
        dvar: 2.93152761459
        dvar2: 7.04780197144
        max: 20.1788825989
        mean: 6.56108856201
        min: 2.88071846962
        var: 8.4639005661
    spectral_decrease:
        dmean: 3.05739072948e-10
        dmean2: 4.72811068075e-10
        dvar: 1.61346192595e-19
        dvar2: 3.64803478091e-19
        max: -5.13647826529e-13
        mean: -1.11459241836e-09
        min: -4.49858106322e-09
        var: 3.59042578715e-19
    spectral_energy:
        dmean: 0.00130283890758
        dmean2: 0.00199990463443
        dvar: 3.06449010168e-06
        dvar2: 6.87837427904e-06
        max: 0.020049335435
        mean: 0.00486689852551
        min: 2.54184783444e-06
        var: 6.58050475977e-06
    spectral_energyband_high:
        dmean: 0.000152438195073
        dmean2: 0.00022773022647
        dvar: 1.0169483744e-07
        dvar2: 2.16396472297e-07
        max: 0.00299442489631
        mean: 0.000316855730489
        min: 3.2176779996e-07
        var: 1.47680225382e-07
    spectral_energyband_low:
        dmean: 6.5855208959e-05
        dmean2: 0.00011237943545
        dvar: 2.9811587865e-08
        dvar2: 8.2090160447e-08
        max: 0.00166703225113
        mean: 8.29292548588e-05
        min: 3.23493267729e-08
        var: 2.19130811274e-08
    spectral_energyband_middle_high:
        dmean: 0.000552496698219
        dmean2: 0.000878747901879
        dvar: 5.93279708028e-07
        dvar2: 1.44804766933e-06
        max: 0.0090643838048
        mean: 0.00209228182212
        min: 1.85108490314e-06
        var: 1.60958893503e-06
    spectral_energyband_middle_low:
        dmean: 0.000834179751109
        dmean2: 0.00128556531854
        dvar: 1.17361435059e-06
        dvar2: 2.57197143583e-06
        max: 0.010537577793
        mean: 0.002374823438
        min: 3.30976405394e-07
        var: 2.76251898867e-06
    spectral_flatness_db:
        dmean: 0.0135731268674
        dmean2: 0.020664351061
        dvar: 0.000124633530504
        dvar2: 0.000276833306998
        max: 0.204126790166
        mean: 0.13114349544
        min: 0.0541450120509
        var: 0.000500613881741
    spectral_flux:
        dmean: 0.00812411308289
        dmean2: 0.0122881894931
        dvar: 8.39037529659e-05
        dvar2: 0.000175719746039
        max: 0.105238750577
        mean: 0.0374426096678
        min: 0.0074761477299
        var: 0.000204647396458
    spectral_kurtosis:
        dmean: 0.823496103287
        dmean2: 1.36433827877
        dvar: 0.86465460062
        dvar2: 2.3808722496
        max: 9.03408527374
        mean: 3.07286477089
        min: -0.332855224609
        var: 2.13588452339
    spectral_rms:
        dmean: 0.000269046257017
        dmean2: 0.000403526209993
        dvar: 9.69839035747e-08
        dvar2: 1.89478100765e-07
        max: 0.00442270608619
        mean: 0.00211347732693
        min: 4.9798105465e-05
        var: 2.81402634528e-07
    spectral_rolloff:
        dmean: 345.672302246
        dmean2: 584.678527832
        dvar: 140814.84375
        dvar2: 317698.25
        max: 5060.30273438
        mean: 3089.79272461
        min: 689.0625
        var: 475878.3125
    spectral_skewness:
        dmean: 0.127660706639
        dmean2: 0.208252847195
        dvar: 0.0182607378811
        dvar2: 0.043190445751
        max: 2.53761410713
        mean: 1.41333949566
        min: 0.652325689793
        var: 0.0792321637273
    spectral_spread:
        dmean: 570609.9375
        dmean2: 749981.3125
        dvar: 665547571200
        dvar2: 863121571840
        max: 21113232
        mean: 5472870
        min: 2769327.25
        var: 2.55360892928e+12
    spectral_strongpeak:
        dmean: 0.381762117147
        dmean2: 0.663773179054
        dvar: 0.262729674578
        dvar2: 0.673581779003
        max: 2.98924708366
        mean: 0.600867986679
        min: 0.00309382448904
        var: 0.382722973824
    zerocrossingrate:
        dmean: 0.00739284791052
        dmean2: 0.00897738337517
        dvar: 5.39927495993e-05
        dvar2: 6.20145001449e-05
        max: 0.16455078125
        mean: 0.0922548472881
        min: 0.01318359375
        var: 0.000405873841373
    barkbands:
        dmean: [1.43348870552e-07, 2.09968893614e-05, 4.89810227009e-05, 0.00011720580369, 0.00036081392318, 0.000224557530601, 0.00016368321667, 0.000185344746569, 0.000225034105824, 0.000130080486997, 0.000139558804221, 6.66833948344e-05, 3.66917192878e-05, 6.47884808131e-05, 6.21415456408e-05, 0.000105484999949, 0.000145184210851, 0.000124345300719, 0.000118886731798, 0.000112312474812, 8.05095696705e-05, 3.34331743943e-05, 8.54610789247e-06, 3.99339887736e-06, 3.34099831889e-06, 1.36141650842e-07, 2.62490607028e-09]
        dmean2: [1.9363561421e-07, 3.69153822248e-05, 8.40559587232e-05, 0.000200355367269, 0.000575509970076, 0.000344327505445, 0.000250669632806, 0.000288371636998, 0.00034574320307, 0.000209518024349, 0.000225434225285, 0.000100468263554, 6.24647582299e-05, 0.000102783764305, 9.54608476604e-05, 0.000168384998688, 0.000238476641243, 0.000203324816539, 0.00019271709607, 0.000174845874426, 0.000124223268358, 5.05812568008e-05, 1.33020221256e-05, 5.51706125407e-06, 4.77843968838e-06, 2.17644739564e-07, 4.00627175878e-09]
        dvar: [8.92394678661e-14, 4.04190014791e-09, 1.45859955225e-08, 5.58040795795e-08, 3.11447848844e-07, 1.01982742251e-07, 9.79782370791e-08, 2.3089792478e-07, 3.003892175e-07, 8.69896297218e-08, 2.32287376889e-07, 1.42523264302e-08, 3.87477605557e-09, 1.49700980501e-08, 6.83131551327e-09, 2.18323545909e-08, 1.82287234196e-08, 2.54312073622e-08, 2.55145842232e-08, 3.41297834439e-08, 2.31353531888e-08, 5.01219732385e-09, 2.367383789e-10, 5.94500421114e-11, 3.81861556265e-11, 8.27773044337e-14, 6.88757905978e-16]
        dvar2: [1.96071430576e-13, 1.14262759254e-08, 4.01834832076e-08, 1.40281031236e-07, 7.52057303544e-07, 2.59346052189e-07, 2.33772482261e-07, 4.67373666879e-07, 5.95677761339e-07, 1.85681514608e-07, 6.64000140205e-07, 3.20609565563e-08, 9.54709111767e-09, 3.50281972317e-08, 1.61681317223e-08, 5.45269429608e-08, 5.16140481466e-08, 6.67895392326e-08, 5.94801399245e-08, 7.71842465497e-08, 5.12117743767e-08, 1.17228671215e-08, 5.46220735309e-10, 9.49030992681e-11, 7.67153632286e-11, 1.97023305873e-13, 1.74424994966e-15]
        max: [3.33670595865e-06, 0.000502567796502, 0.00122328975704, 0.00171194190625, 0.00526976399124, 0.0029872066807, 0.00371507206, 0.00666659977287, 0.00850527919829, 0.00389832770452, 0.00735870888457, 0.00185064529069, 0.000949438777752, 0.0017677040305, 0.00137732678559, 0.00181031506509, 0.00103687110823, 0.00170855538454, 0.00166546867695, 0.00197420921177, 0.00137635366991, 0.000640275422484, 0.000149964369484, 0.000127534498461, 6.68916036375e-05, 2.15968907469e-06, 3.91582574366e-07]
        mean: [2.72375501709e-07, 2.57182691712e-05, 5.69447729504e-05, 0.000161583899171, 0.000694986782037, 0.000479297043057, 0.000295912934234, 0.000341779086739, 0.000382215104764, 0.000222696296987, 0.000188924925169, 0.000120288554172, 7.12181281415e-05, 0.000112377878395, 0.000125341728562, 0.000212297032704, 0.000352709088475, 0.000280873413431, 0.000272683391813, 0.000226712727454, 0.000149946994497, 5.98776969127e-05, 1.69049635588e-05, 8.83733810042e-06, 6.31824923403e-06, 1.77857103267e-07, 1.91409998962e-09]
        min: [3.64128727171e-10, 1.58002162465e-08, 1.28813706368e-08, 1.07140181171e-08, 1.96375946615e-08, 4.06772961981e-08, 5.9791020135e-08, 8.23444423759e-08, 1.04285959424e-07, 6.10713897231e-08, 3.36869767636e-08, 1.34652164974e-08, 1.27122532945e-07, 2.52825287816e-07, 2.62374015847e-07, 1.48022166968e-07, 3.21079880905e-07, 5.9488037607e-08, 2.20632401238e-07, 4.51525409062e-07, 1.13647978139e-07, 6.44754010182e-08, 2.31284804642e-08, 1.255479809e-08, 9.0920631024e-09, 5.29248367354e-10, 4.51305307144e-13]
        var: [1.21674046706e-13, 2.6121897978e-09, 1.10780700169e-08, 4.9052506057e-08, 4.67625966394e-07, 1.67365186599e-07, 1.6986166429e-07, 5.51580797037e-07, 8.37147183574e-07, 1.7229062621e-07, 4.70583586321e-07, 3.04030081111e-08, 9.64904955936e-09, 3.90708265741e-08, 1.17338698757e-08, 3.94325887498e-08, 3.40974573021e-08, 3.70108068637e-08, 3.74190953778e-08, 5.21615781679e-08, 3.23896536258e-08, 6.91749768578e-09, 5.42853428875e-10, 1.99291264047e-10, 9.01836938461e-11, 1.05812873654e-13, 3.55383869737e-16]
    mfcc:
        mean: [-685.044250488, 99.8073883057, -44.4152565002, 41.079875946, -14.9639577866, -15.4122505188, -12.2832050323, -7.60896062851, -5.24482297897, -11.8425197601, -8.30038356781, -7.4256477356, -5.31921195984]
        cov: [[1269.93408203, -378.393310547, 244.173858643, -195.044799805, -72.9994354248, -13.6978521347, -9.42102241516, -24.1858482361, 12.9392814636, -67.6033859253, -20.982542038, -42.7054100037, -72.8855133057], [-378.393310547, 471.765655518, -208.876739502, 72.0453643799, 11.9301204681, -20.577003479, 29.2896518707, 26.7785968781, 3.90438914299, 0.919018983841, 11.6275482178, -2.3734691143, 27.2625331879], [244.173858643, -208.876739502, 224.345718384, -31.6705722809, -0.677468419075, -5.10112094879, -27.2524032593, -28.0361671448, -18.0002155304, -17.2115154266, -8.91545391083, 10.1841259003, 3.11287021637], [-195.044799805, 72.0453643799, -31.6705722809, 205.306213379, 43.1899337769, 27.9612140656, -12.9674358368, -4.79242515564, -23.2036800385, 12.4298124313, -4.96524810791, 16.1622390747, 38.5901641846], [-72.9994354248, 11.9301204681, -0.677468419075, 43.1899337769, 99.81224823, 25.5918369293, 3.29752469063, 10.6124572754, 1.44033968449, 3.86337375641, -4.80792617798, 6.72545719147, 4.62917137146], [-13.6978521347, -20.577003479, -5.10112094879, 27.9612140656, 25.5918369293, 92.1455459595, 27.6164207458, 22.6845149994, -5.24288368225, 5.1143450737, 0.34521022439, -0.258780956268, 3.08520293236], [-9.42102241516, 29.2896518707, -27.2524032593, -12.9674358368, 3.29752469063, 27.6164207458, 85.6552047729, 36.4190635681, 15.3605165482, 0.144953459501, 6.5022277832, -4.4343585968, 2.10970568657], [-24.1858482361, 26.7785968781, -28.0361671448, -4.79242515564, 10.6124572754, 22.6845149994, 36.4190635681, 83.8760223389, 39.7377548218, 15.0779285431, 7.49325609207, -1.67736792564, -1.66371917725], [12.9392814636, 3.90438914299, -18.0002155304, -23.2036800385, 1.44033968449, -5.24288368225, 15.3605165482, 39.7377548218, 70.8534088135, 30.3244857788, 13.8690347672, -3.90301990509, -10.7787437439], [-67.6033859253, 0.919018983841, -17.2115154266, 12.4298124313, 3.86337375641, 5.1143450737, 0.144953459501, 15.0779285431, 30.3244857788, 65.8236618042, 29.7951755524, 8.98038196564, -0.613790988922], [-20.982542038, 11.6275482178, -8.91545391083, -4.96524810791, -4.80792617798, 0.34521022439, 6.5022277832, 7.49325609207, 13.8690347672, 29.7951755524, 52.6058197021, 14.1978797913, -0.418203741312], [-42.7054100037, -2.3734691143, 10.1841259003, 16.1622390747, 6.72545719147, -0.258780956268, -4.4343585968, -1.67736792564, -3.90301990509, 8.98038196564, 14.1978797913, 37.6773529053, 16.7773838043], [-72.8855133057, 27.2625331879, 3.11287021637, 38.5901641846, 4.62917137146, 3.08520293236, 2.10970568657, -1.66371917725, -10.7787437439, -0.613790988922, -0.418203741312, 16.7773838043, 56.6938781738]]
        icov: [[0.00141352799255, 0.000601109524723, -0.000935113697778, 0.000445632671472, 0.000618317222688, -0.000186403340194, -7.9445708252e-05, 0.00014677355648, -0.00086836022092, 0.00159094855189, -0.000567607290577, 0.00097447517328, 0.000802671303973], [0.000601109524723, 0.00451324041933, 0.0034127284307, -0.000680437544361, -0.000346271321177, 0.00190581427887, -0.000616347242612, -0.000716451089829, 0.000238001128309, 0.00209372676909, -0.00167084578425, 0.00111520721111, -0.00146969058551], [-0.000935113697778, 0.0034127284307, 0.00915766879916, 0.000235988656641, -0.00131141219754, 0.0011377488263, 0.00100497866515, 0.000317769096, 0.00118608609773, 0.00106750847772, -0.000284329784336, -0.00186850503087, -0.00270171742886], [0.000445632671472, -0.000680437544361, 0.000235988656641, 0.00747377378866, -0.00206464272924, -0.00197349442169, 0.00173885328695, 0.000123423858895, 0.00200702971779, -0.00220331177115, 0.00150103052147, -0.000535138766281, -0.00345801375806], [0.000618317222688, -0.000346271321177, -0.00131141219754, -0.00206464272924, 0.0123663377017, -0.00300171133131, 0.000200723152375, -0.000551804609131, -0.00176507118158, 0.000621613638941, 0.00182450539432, -0.00217276299372, 0.0018963215407], [-0.000186403340194, 0.00190581427887, 0.0011377488263, -0.00197349442169, -0.00300171133131, 0.0155723011121, -0.00451720831916, -0.00430771009997, 0.00521156936884, -0.00204804865643, -0.000302566564642, 0.00146614713594, 9.66544394032e-05], [-7.9445708252e-05, -0.000616347242612, 0.00100497866515, 0.00173885328695, 0.000200723152375, -0.00451720831916, 0.0166479218751, -0.00517775770277, -0.00110332376789, 0.00277789961547, -0.00260524032637, 0.00174600165337, -0.00230214861222], [0.00014677355648, -0.000716451089829, 0.000317769096, 0.000123423858895, -0.000551804609131, -0.00430771009997, -0.00517775770277, 0.0209532231092, -0.0114380391315, 0.000890635885298, 0.000740204181056, -0.00117024616338, -0.000294416269753], [-0.00086836022092, 0.000238001128309, 0.00118608609773, 0.00200702971779, -0.00176507118158, 0.00521156936884, -0.00110332376789, -0.0114380391315, 0.0276422053576, -0.0118539314717, 0.000304914225126, 0.00256801513024, 0.00127319386229], [0.00159094855189, 0.00209372676909, 0.00106750847772, -0.00220331177115, 0.000621613638941, -0.00204804865643, 0.00277789961547, 0.000890635885298, -0.0118539314717, 0.0290160086006, -0.0134224155918, -0.000508730881847, 0.000575078011025], [-0.000567607290577, -0.00167084578425, -0.000284329784336, 0.00150103052147, 0.00182450539432, -0.000302566564642, -0.00260524032637, 0.000740204181056, 0.000304914225126, -0.0134224155918, 0.0301883313805, -0.0111733553931, 0.00249566813], [0.00097447517328, 0.00111520721111, -0.00186850503087, -0.000535138766281, -0.00217276299372, 0.00146614713594, 0.00174600165337, -0.00117024616338, 0.00256801513024, -0.000508730881847, -0.0111733553931, 0.0378877446055, -0.00963011849672], [0.000802671303973, -0.00146969058551, -0.00270171742886, -0.00345801375806, 0.0018963215407, 9.66544394032e-05, -0.00230214861222, -0.000294416269753, 0.00127319386229, 0.000575078011025, 0.00249566813, -0.00963011849672, 0.0249128267169]]
    spectral_contrast:
        mean: [8.05005284654e-10, -3.26994836541e-07, 3.94486846744e-07, -2.49859937185e-07, -5.09071639954e-07, -2.81100994926e-07, 4.60531509816e-06, 2.51709735721e-07, 3.35704328336e-07, -7.42934219033e-07, 1.56588941991e-06, 3.33566777044e-06]
        var: [0.000355214579031, 0.000553797639441, 0.00097694399301, 0.00202800263651, 0.00304531631991, 0.00407997751608, 0.0378944128752, 0.0624840259552, 0.118202313781, 0.166781798005, 0.223352134228, 0.930136561394]

rhythm:
    beats_loudness:
        dmean: 0.00277275033295
        dmean2: 0.004908233881
        dvar: 6.46729540676e-06
        dvar2: 2.3654776669e-05
        max: 0.0118673862889
        mean: 0.00469627184793
        min: 0.00210870523006
        var: 5.63368621442e-06
    beats_loudness_bass:
        dmean: 0.0336803942919
        dmean2: 0.0549993626773
        dvar: 0.000604378699791
        dvar2: 0.00191857258324
        max: 0.105944633484
        mean: 0.0385880284011
        min: 0.00292081898078
        var: 0.00101391319185
    bpm: 77.4378128052
    bpm_confidence: 0
    first_peak_bpm: 155
    first_peak_spread: 0
    first_peak_weight: 0.75
    onset_rate: 2.67770385742
    second_peak_bpm: 77
    second_peak_spread: 0
    second_peak_weight: 0.20000000298
    beats_position: [0.128408536315, 0.514698445797, 0.900988340378, 1.28727817535, 1.67356801033, 2.05985784531, 2.44614768028, 2.83243751526, 3.21872758865, 3.60501766205, 3.99130773544, 4.37759780884, 4.76388788223, 5.15017795563, 5.53646802902, 5.92275762558, 6.81661605835, 7.5914311409, 8.36624622345, 9.14106178284, 9.91587734222]
    bpm_estimates: [77.4418334961, 77.4531860352, 77.4184341431]
    bpm_intervals: [0.386289894581, 0.386289894581, 0.386289834976, 0.386289834976, 0.386289834976, 0.386289834976, 0.386289834976, 0.386290073395, 0.386290073395, 0.386290073395, 0.386290073395, 0.386290073395, 0.386290073395, 0.386290073395, 0.386289596558, 0.89385843277, 0.77481508255, 0.77481508255, 0.774815559387, 0.774815559387]
    onset_times: [0.0348299331963, 0.626938760281, 1.03328800201, 1.5673469305, 1.81115651131, 2.03174614906, 2.19428563118, 2.5890250206, 3.3785033226, 3.75002264977, 4.13315200806, 4.35374164581, 4.57433128357, 4.92263031006, 5.21287965775, 5.32897949219, 5.73532867432, 6.40870761871, 6.88471651077, 7.2910656929, 7.45360565186, 8.04571437836, 8.44045352936, 8.85841274261, 9.05578231812, 9.61306095123, 9.99619007111]
    rubato_start: [7.5914311409]
    rubato_stop: [9.91587734222]
    perceptual_tempo: "unknown"

sfx:
    inharmonicity:
        dmean: 0.0617453679442
        dmean2: 0.107555776834
        dvar: 0.00461254641414
        dvar2: 0.0122257126495
        max: 0.451621830463
        mean: 0.071930617094
        min: 0.000227093012654
        var: 0.00521200150251
    oddtoevenharmonicenergyratio:
        dmean: 2.18732500076
        dmean2: 3.95915460587
        dvar: 16.5828456879
        dvar2: 39.7616767883
        max: 36.3125724792
        mean: 1.69954919815
        min: 0.00245291623287
        var: 12.9411792755
    pitch_after_max_to_before_max_energy_ratio: 22.0534133911
    pitch_centroid: 198.13822937
    pitch_max_to_total: 0
    pitch_min_to_total: 0.0528735630214
    tristimulus:
        dmean: [0.187498658895, 0.203290909529, 0.120130240917]
        dmean2: [0.327801346779, 0.351351171732, 0.215752974153]
        dvar: [0.0249565001577, 0.0318163409829, 0.00987746845931]
        dvar2: [0.0700623840094, 0.0897893756628, 0.0261382423341]
        max: [0.905107796192, 0.932241678238, 0.577269792557]
        mean: [0.288856655359, 0.513536691666, 0.1672398597]
        min: [0.013008791022, 0, 0]
        var: [0.0335759781301, 0.0420271120965, 0.0147902397439]

tonal:
    chords_changes_rate: 0.0182648394257
    chords_number_rate: 0.0182648394257
    chords_strength:
        dmean: 0.00781016610563
        dmean2: 0.00536564085633
        dvar: 5.00221758557e-05
        dvar2: 2.44539278356e-05
        max: 0.742316544056
        mean: 0.615017712116
        min: 0.361970841885
        var: 0.00667829252779
    key_strength: 0.889228999615
    tuning_diatonic_strength: 0.687144637108
    tuning_equal_tempered_deviation: 0.0467980727553
    tuning_frequency: 440.254241943
    tuning_nontempered_energy_ratio: 0.663913607597
    hpcp:
        dmean: [0.187289446592, 0.189031839371, 0.118200063705, 0.0672324001789, 0.052291598171, 0.10216062516, 0.119883388281, 0.0824335366488, 0.0529327206314, 0.0510209575295, 0.0623457245529, 0.124003104866, 0.142578452826, 0.116867125034, 0.152093604207, 0.193055406213, 0.16841390729, 0.104746468365, 0.0699524953961, 0.0647012144327, 0.108282141387, 0.152273118496, 0.131089270115, 0.0870822444558, 0.0588668435812, 0.0416138209403, 0.0869764536619, 0.116501919925, 0.0940877571702, 0.106056727469, 0.110449075699, 0.0974227413535, 0.098201148212, 0.09436455369, 0.108241669834, 0.162142306566]
        dmean2: [0.30272552371, 0.310491293669, 0.197080403566, 0.108382306993, 0.0865576416254, 0.173024624586, 0.201368048787, 0.135863915086, 0.084363989532, 0.0824033096433, 0.106065906584, 0.201075106859, 0.228526994586, 0.189373522997, 0.263695538044, 0.32653555274, 0.275806933641, 0.170512408018, 0.117366187274, 0.10329310596, 0.180482298136, 0.240807205439, 0.219436764717, 0.143996432424, 0.0988696813583, 0.0704116970301, 0.136262759566, 0.18585292995, 0.159906953573, 0.181918889284, 0.181189894676, 0.161109596491, 0.173412203789, 0.158830165863, 0.185212180018, 0.280885279179]
        dvar: [0.0380181819201, 0.0393801257014, 0.0326538644731, 0.0133618190885, 0.00933567248285, 0.0206548701972, 0.0267971642315, 0.0108040440828, 0.00989808794111, 0.0106323417276, 0.0129706626758, 0.0295095667243, 0.0338818617165, 0.0255031082779, 0.0288698971272, 0.0514016374946, 0.0338775888085, 0.026353713125, 0.014555009082, 0.0115726767108, 0.0167422723025, 0.0270769260824, 0.0212629511952, 0.0135067300871, 0.008595447056, 0.00316113070585, 0.0207098163664, 0.0273378994316, 0.0213163383305, 0.0204085875303, 0.0266976132989, 0.020055949688, 0.0289319306612, 0.022383660078, 0.0295574441552, 0.0367408655584]
        dvar2: [0.0844420567155, 0.100409634411, 0.0820161178708, 0.032866705209, 0.0263811480254, 0.0588757954538, 0.0715314671397, 0.0266973860562, 0.0272767022252, 0.0291501358151, 0.0350933112204, 0.0763950645924, 0.0742808431387, 0.0569808371365, 0.0750284790993, 0.120887324214, 0.0854702889919, 0.0696145370603, 0.0370610281825, 0.029287321493, 0.044541914016, 0.0738288164139, 0.0500805862248, 0.0330028831959, 0.0217934381217, 0.00876870937645, 0.0533893555403, 0.0666818246245, 0.0593381784856, 0.0562094375491, 0.0661684349179, 0.0527408570051, 0.0823280438781, 0.0585401505232, 0.0832927003503, 0.104064010084]
        max: [1, 1, 1, 1, 0.928912401199, 0.878014206886, 1, 1, 0.978677511215, 1, 0.819256126881, 1, 1, 1, 1, 1, 1, 1, 0.831704795361, 1, 1, 1, 1, 0.809676468372, 0.759402811527, 0.481536060572, 1, 1, 1, 1, 1, 1, 1, 1, 1, 1]
        mean: [0.507322192192, 0.36300265789, 0.135822758079, 0.0841218531132, 0.0765736550093, 0.172007590532, 0.236845985055, 0.147502154112, 0.0836091563106, 0.07290712744, 0.0750762522221, 0.194996997714, 0.277619808912, 0.197298809886, 0.313124030828, 0.552528440952, 0.388144165277, 0.13075093925, 0.084986910224, 0.0868561416864, 0.199876621366, 0.360305666924, 0.286321550608, 0.147395953536, 0.104653663933, 0.0624295845628, 0.141710504889, 0.206802308559, 0.152021050453, 0.187983751297, 0.251458704472, 0.177796855569, 0.124309390783, 0.12824845314, 0.127291977406, 0.293832570314]
        min: [0.0477562025189, 0.0155163798481, 0.00667282473296, 0.00332495360635, 0.00463890936226, 0.00406285189092, 0.00266909087077, 0.00536218332127, 0.00518616149202, 0.00345713389106, 0.00253778672777, 0.00356069090776, 0.00659917620942, 0.00791874807328, 0.0102549232543, 0.0309605970979, 0.0232812911272, 0.00487016374245, 0.000114383088658, 0.00285354512744, 0.00585458846763, 0.00483642471954, 0.0190255623311, 0.00281510991044, 0.00220170919783, 0.00374613213353, 0.00469656893983, 0.00677411165088, 0.00458084372804, 0.00744386482984, 0.00634745508432, 0.00841541960835, 0.00728692719713, 0, 0, 0.00801933556795]
        var: [0.112210564315, 0.0705124437809, 0.0322710312903, 0.0135282576084, 0.0074157146737, 0.0327759645879, 0.0649187117815, 0.0234222207218, 0.00929899327457, 0.00943763088435, 0.0120398104191, 0.0516142733395, 0.0860731601715, 0.040516640991, 0.0463556572795, 0.136699229479, 0.0779364109039, 0.0247104279697, 0.0128307528794, 0.0124197416008, 0.0309130102396, 0.0977094620466, 0.0586028173566, 0.0222267471254, 0.0141267897561, 0.00363034126349, 0.0306276939809, 0.0618607774377, 0.0257391408086, 0.0320789478719, 0.0922788977623, 0.046814084053, 0.0221619680524, 0.0235415324569, 0.0284166242927, 0.0562713779509]
    chords_histogram: [37.8995437622, 0, 31.963470459, 0, 0, 0, 0, 0, 0, 0, 0, 0, 0, 0, 0, 0, 0, 2.28310513496, 0, 0, 0, 0, 27.8538818359, 0]
    thpcp: [1, 0.702487230301, 0.23664110899, 0.153814539313, 0.157197594643, 0.361749023199, 0.652103364468, 0.518202364445, 0.266766279936, 0.189408645034, 0.112988904119, 0.256476402283, 0.37428355217, 0.275137066841, 0.340224564075, 0.45510545373, 0.321787685156, 0.2249827981, 0.232111945748, 0.230380862951, 0.531796276569, 0.918182969093, 0.656984567642, 0.245820388198, 0.152248904109, 0.138587713242, 0.311309933662, 0.42865845561, 0.266958475113, 0.1513209939, 0.131951808929, 0.135877624154, 0.352917581797, 0.502453446388, 0.357083529234, 0.566711127758]
    chords_key: "D"
    chords_scale: "major"
    key_key: "D"
    key_scale: "major"
    chords_progression: ["D", "D", "D", "D", "D", "D", "D", "D", "D", "D", "D", "D", "D", "D", "D", "D", "D", "D", "D", "D", "D", "D", "D", "D", "D", "D", "D", "D", "D", "D", "D", "D", "D", "D", "D", "D", "D", "D", "D", "D", "D", "D", "D", "D", "D", "D", "D", "D", "D", "D", "D", "D", "D", "D", "D", "D", "D", "D", "D", "D", "A", "A", "A", "A", "A", "A", "A", "A", "A", "A", "A", "A", "A", "A", "A", "A", "A", "A", "A", "A", "A", "A", "A", "A", "A", "A", "A", "A", "A", "A", "A", "A", "A", "A", "A", "A", "A", "A", "A", "A", "A", "A", "A", "A", "A", "A", "A", "A", "A", "A", "A", "A", "A", "A", "A", "A", "A", "A", "A", "A", "A", "A", "A", "A", "A", "A", "A", "A", "A", "A", "G", "G", "G", "G", "G", "G", "G", "G", "G", "G", "G", "G", "G", "G", "G", "G", "G", "G", "G", "G", "G", "G", "G", "G", "G", "G", "G", "G", "G", "G", "G", "G", "G", "G", "G", "G", "G", "G", "G", "G", "G", "G", "G", "G", "G", "G", "G", "G", "G", "G", "G", "G", "G", "G", "G", "G", "G", "G", "G", "G", "G", "Dm", "Dm", "Dm", "Dm", "Dm", "D", "D", "D", "D", "D", "D", "D", "D", "D", "D", "D", "D", "D", "D", "D", "D", "D", "D", "D", "D", "D", "D", "D"]
