
metadata:
    version:
        essentia: "1.2.2"
    audio_properties:
        analysis_sample_rate: 44100
        bitrate: 128
        channels: 2
        equal_loudness: 1
        length: 10.0310201645
        replay_gain: -8.10998344421
        downmix: "mix"
    tags:
        track: 8
        year: 0
        album: "Splitted by Mp3Splt v. 2.1"
        artist: "From 001.10 To 001.20"
        comment: "http://mp3splt.sf.net"
        genre: ""
        title: "04 Track 4.mp3"

highlevel:
    ballroom:
        all:
            ChaChaCha: 0.0911595448852
            Jive: 0.571258187294
            Quickstep: 0.0852939710021
            Rumba-American: 0.00425236299634
            Rumba-International: 0.0111877564341
            Rumba-Misc: 0.0070539447479
            Samba: 0.0936063230038
            Tango: 0.0110671399161
            VienneseWaltz: 0.113306052983
            Waltz: 0.0118147348985
        probability: 0.571258187294
        value: "Jive"
    culture:
        all:
            non_western: 0.62807571888
            western: 0.371924251318
        probability: 0.62807571888
        value: "non_western"
    gender:
        all:
            female: 0.17479531467
            male: 0.825204670429
        probability: 0.825204670429
        value: "male"
    genre_dortmund:
        all:
            alternative: 0.0920445695519
            blues: 0.0746951177716
            electronic: 0.0322893299162
            folkcountry: 0.0604837089777
            funksoulrnb: 0.0174346063286
            jazz: 0.0236210543662
            pop: 0.0197969712317
            raphiphop: 0.00520531320944
            rock: 0.674429357052
        probability: 0.674429357052
        value: "rock"
    genre_electronica:
        all:
            ambient: 0.194943994284
            dnb: 0.653967499733
            house: 0.0142469229177
            techno: 0.0336043052375
            trance: 0.103237256408
        probability: 0.653967499733
        value: "dnb"
    genre_rosamerica:
        all:
            cla: 0.0239571109414
            dan: 0.0150940995663
            hip: 0.0660051554441
            jaz: 0.0055360137485
            pop: 0.0247635971755
            rhy: 0.0203603301197
            roc: 0.84061986208
            spe: 0.00366382580251
        probability: 0.84061986208
        value: "roc"
    genre_tzanetakis:
        all:
            blu: 0.0118310237303
            cla: 0.00803429074585
            cou: 0.295420438051
            dis: 0.0245770271868
            hip: 0.0497143119574
            jaz: 0.0206784140319
            met: 0.355554670095
            pop: 0.0640811696649
            reg: 0.0148015934974
            roc: 0.15530705452
        probability: 0.355554670095
        value: "met"
    live_studio:
        all:
            live: 0.789524137974
            studio: 0.210475847125
        probability: 0.789524137974
        value: "live"
    mood:
        all:
            Cluster1: 0.355641722679
            Cluster2: 0.147962987423
            Cluster3: 0.124047748744
            Cluster4: 0.0792700946331
            Cluster5: 0.29307743907
        probability: 0.355641722679
        value: "Cluster1"
    mood_acoustic:
        all:
            acoustic: 0.0444188825786
            not_acoustic: 0.955581128597
        probability: 0.955581128597
        value: "not_acoustic"
    mood_aggressive:
        all:
            aggressive: 0.978732407093
            not_aggressive: 0.0212675984949
        probability: 0.978732407093
        value: "aggressive"
    mood_electronic:
        all:
            electronic: 0.292253762484
            not_electronic: 0.707746267319
        probability: 0.707746267319
        value: "not_electronic"
    mood_happy:
        all:
            happy: 0.363776803017
            not_happy: 0.636223196983
        probability: 0.636223196983
        value: "not_happy"
    mood_party:
        all:
            not_party: 0.251497596502
            party: 0.748502373695
        probability: 0.748502373695
        value: "party"
    mood_relaxed:
        all:
            not_relaxed: 0.259619742632
            relaxed: 0.74038028717
        probability: 0.74038028717
        value: "relaxed"
    mood_sad:
        all:
            not_sad: 0.814072132111
            sad: 0.185927838087
        probability: 0.814072132111
        value: "not_sad"
    rhythm:
        all:
            fast: 0.458806812763
            medium: 0.492759972811
            slow: 0.0484331995249
        probability: 0.492759972811
        value: "medium"
    speech_music:
        all:
            music: 0.705269932747
            speech: 0.294730067253
        probability: 0.705269932747
        value: "music"
    timbre:
        all:
            bright: 0.0476722046733
            dark: 0.952327787876
        probability: 0.952327787876
        value: "dark"
    voice_instrumental:
        all:
            instrumental: 0.314323157072
            voice: 0.685676813126
        probability: 0.685676813126
        value: "voice"

lowlevel:
    average_loudness: 0.966514468193
    barkbands_kurtosis:
        dmean: 0.644579052925
        dmean2: 1.13384222984
        dvar: 0.801585078239
        dvar2: 2.29270553589
        max: 6.01127624512
        mean: -0.897490441799
        min: -1.81838834286
        var: 0.888788282871
    barkbands_skewness:
        dmean: 0.475057065487
        dmean2: 0.779951453209
        dvar: 0.18565146625
        dvar2: 0.505299985409
        max: 2.61200070381
        mean: 0.350952148438
        min: -1.72888672352
        var: 0.39891576767
    barkbands_spread:
        dmean: 5.56519460678
        dmean2: 9.13181781769
        dvar: 20.0398426056
        dvar2: 49.2919616699
        max: 57.2360954285
        mean: 31.6732807159
        min: 11.0009126663
        var: 58.4536781311
    dissonance:
        dmean: 0.0168206952512
        dmean2: 0.028952319175
        dvar: 0.000222431641305
        dvar2: 0.000559229461942
        max: 0.499654948711
        mean: 0.470114350319
        min: 0.37517029047
        var: 0.000435026391642
    hfc:
        dmean: 2.03428196907
        dmean2: 2.87567806244
        dvar: 6.7776017189
        dvar2: 14.5645942688
        max: 31.0964355469
        mean: 6.88623094559
        min: 1.28356361389
        var: 17.823595047
    pitch:
        dmean: 861.767028809
        dmean2: 1671.28637695
        dvar: 1759050.75
        dvar2: 4080038
        max: 4410
        mean: 1016.32629395
        min: 73.8693466187
        var: 1848290.25
    pitch_instantaneous_confidence:
        dmean: 0.0927284508944
        dmean2: 0.147164016962
        dvar: 0.00583199970424
        dvar2: 0.0130363265052
        max: 0.813700675964
        mean: 0.375689119101
        min: 0.155323028564
        var: 0.0191015452147
    pitch_salience:
        dmean: 0.0703080818057
        dmean2: 0.113840647042
        dvar: 0.00315377418883
        dvar2: 0.00749151734635
        max: 0.807630240917
        mean: 0.633488118649
        min: 0.311582326889
        var: 0.00803185161203
    silence_rate_20dB:
        dmean: 0
        dmean2: 0
        dvar: 0
        dvar2: 0
        max: 1
        mean: 1
        min: 1
        var: 0
    silence_rate_30dB:
        dmean: 0
        dmean2: 0
        dvar: 0
        dvar2: 0
        max: 1
        mean: 1
        min: 1
        var: 0
    silence_rate_60dB:
        dmean: 0.146171689034
        dmean2: 0.293023258448
        dvar: 0.124805510044
        dvar2: 0.272276371717
        max: 1
        mean: 0.30324074626
        min: 0
        var: 0.211286261678
    spectral_centroid:
        dmean: 308.288635254
        dmean2: 494.614135742
        dvar: 77539.7265625
        dvar2: 191115.140625
        max: 3370.65673828
        mean: 1421.73522949
        min: 408.215332031
        var: 188024.6875
    spectral_complexity:
        dmean: 3.60139870644
        dmean2: 5.59345817566
        dvar: 9.39588737488
        dvar2: 21.6337890625
        max: 32
        mean: 14.6953487396
        min: 4
        var: 32.802532196
    spectral_crest:
        dmean: 2.49633336067
        dmean2: 4.11320257187
        dvar: 4.7764134407
        dvar2: 11.9840631485
        max: 20.3036842346
        mean: 7.00150728226
        min: 2.61762070656
        var: 10.4864311218
    spectral_decrease:
        dmean: 4.26289337163e-10
        dmean2: 6.82194911672e-10
        dvar: 2.07619037953e-19
        dvar2: 5.07308784004e-19
        max: -2.53405241235e-10
        mean: -1.17069587358e-09
        min: -4.24756141371e-09
        var: 4.47822762337e-19
    spectral_energy:
        dmean: 0.0017419924261
        dmean2: 0.0027653707657
        dvar: 3.46410570273e-06
        dvar2: 8.17587169877e-06
        max: 0.0173964314163
        mean: 0.00504307867959
        min: 0.00109697878361
        var: 7.96183212515e-06
    spectral_energyband_high:
        dmean: 8.31011202536e-05
        dmean2: 0.000121393335576
        dvar: 4.93621854503e-08
        dvar2: 1.00753055676e-07
        max: 0.00372403208166
        mean: 0.000160459065228
        min: 1.75345176103e-05
        var: 7.19067898558e-08
    spectral_energyband_low:
        dmean: 0.000255125953117
        dmean2: 0.000459822709672
        dvar: 1.36336396395e-07
        dvar2: 3.9044172695e-07
        max: 0.00268882792443
        mean: 0.000288997369353
        min: 5.73888064537e-06
        var: 1.06906796304e-07
    spectral_energyband_middle_high:
        dmean: 0.000613639364019
        dmean2: 0.000847494055051
        dvar: 5.96608401793e-07
        dvar2: 1.26434656522e-06
        max: 0.0100670531392
        mean: 0.00204784143716
        min: 0.000335725635523
        var: 1.68075621332e-06
    spectral_energyband_middle_low:
        dmean: 0.00134932936635
        dmean2: 0.00224205199629
        dvar: 2.32107549891e-06
        dvar2: 6.06150842941e-06
        max: 0.0127639649436
        mean: 0.00254568946548
        min: 0.000250651879469
        var: 3.80920459975e-06
    spectral_flatness_db:
        dmean: 0.0173868220299
        dmean2: 0.0291227567941
        dvar: 0.0002195926063
        dvar2: 0.000593627628405
        max: 0.228852584958
        mean: 0.17093385756
        min: 0.113943882287
        var: 0.000432219036156
    spectral_flux:
        dmean: 0.00973572395742
        dmean2: 0.0147044667974
        dvar: 8.39472340886e-05
        dvar2: 0.000175804161699
        max: 0.0994356051087
        mean: 0.0449758581817
        min: 0.0182069204748
        var: 0.000237562126131
    spectral_kurtosis:
        dmean: 1.85230755806
        dmean2: 3.33486056328
        dvar: 2.86429738998
        dvar2: 8.34445953369
        max: 13.6597995758
        mean: 3.86091375351
        min: 0.23913860321
        var: 3.86676311493
    spectral_rms:
        dmean: 0.000370391295291
        dmean2: 0.000578567734919
        dvar: 1.23577137856e-07
        dvar2: 2.89077547677e-07
        max: 0.00411972403526
        mean: 0.00213536410592
        min: 0.00103451590985
        var: 3.60294450275e-07
    spectral_rolloff:
        dmean: 448.081298828
        dmean2: 739.373413086
        dvar: 219444.71875
        dvar2: 534192.3125
        max: 5254.1015625
        mean: 3060.16821289
        min: 322.998046875
        var: 451790.65625
    spectral_skewness:
        dmean: 0.21858304739
        dmean2: 0.378488212824
        dvar: 0.0436767451465
        dvar2: 0.113938145339
        max: 3.08538246155
        mean: 1.16757249832
        min: 0.226553484797
        var: 0.078966550529
    spectral_spread:
        dmean: 277187.21875
        dmean2: 413099.28125
        dvar: 211651461120
        dvar2: 276663762944
        max: 11156652
        mean: 3105029.75
        min: 2313598.5
        var: 393345466368
    spectral_strongpeak:
        dmean: 0.390109211206
        dmean2: 0.658579170704
        dvar: 0.484658718109
        dvar2: 1.08073091507
        max: 6.83427858353
        mean: 0.588479578495
        min: 0.0251056682318
        var: 0.61533755064
    zerocrossingrate:
        dmean: 0.00872987695038
        dmean2: 0.0112247643992
        dvar: 5.71435994061e-05
        dvar2: 7.55613218644e-05
        max: 0.15869140625
        mean: 0.0851131007075
        min: 0.03662109375
        var: 0.000319296843372
    barkbands:
        dmean: [3.15413075214e-07, 8.04650044302e-05, 0.000202681709197, 0.000421495031333, 0.000491609505843, 0.000275183381746, 0.000183520518476, 0.00033066701144, 0.000334620854119, 0.000122005752928, 2.59547286987e-05, 5.57318053325e-05, 7.01697863406e-05, 9.11651804927e-05, 4.91422506457e-05, 7.10649037501e-05, 0.000124331418192, 0.000134836125653, 0.000210694910493, 0.000143483513966, 3.69250810763e-05, 1.62982269103e-05, 1.32104401018e-06, 3.79739532264e-07, 1.45590803413e-07, 2.4579973612e-09, 2.01664107635e-09]
        dmean2: [4.01529291594e-07, 0.000136349306558, 0.000370685331291, 0.000760225811973, 0.000876073609106, 0.000455198431155, 0.000306943285977, 0.000562943518162, 0.000530723948032, 0.000180255970918, 4.35830370407e-05, 9.36050419114e-05, 0.000115714377898, 0.000149639061419, 8.18730695755e-05, 0.000115289309178, 0.000206640877877, 0.000222979622777, 0.000321681523928, 0.000223550436203, 5.56711675017e-05, 2.40188946918e-05, 2.11180872611e-06, 5.94781511154e-07, 2.27359237215e-07, 2.91917467976e-09, 2.21279683466e-09]
        dvar: [1.33148266718e-11, 7.27099669362e-09, 1.0983388421e-07, 3.88498563098e-07, 5.32934507191e-07, 3.15016507102e-07, 1.90049178173e-07, 4.60359444787e-07, 5.67038398458e-07, 4.71691201653e-08, 1.48871759365e-09, 1.70782659126e-08, 2.1524748206e-08, 1.05559134767e-08, 5.65397551e-09, 1.31622135413e-08, 1.87430000409e-08, 3.4017549666e-08, 1.24394503587e-07, 4.35231193308e-08, 1.58478190571e-08, 3.08223913059e-09, 1.41960714017e-11, 1.75764578673e-12, 3.75246871336e-13, 1.22861356082e-15, 1.38183070367e-15]
        dvar2: [1.33570836683e-11, 2.05316901258e-08, 3.12210971742e-07, 1.05768572212e-06, 1.49077516198e-06, 7.40371262964e-07, 5.06601338657e-07, 1.10348253202e-06, 1.25006931739e-06, 1.06124360855e-07, 3.65635810518e-09, 3.99626109981e-08, 5.2742265666e-08, 2.80092642413e-08, 1.39592426507e-08, 3.39347359102e-08, 4.88008495836e-08, 8.73643557497e-08, 2.66904777391e-07, 8.87336426558e-08, 3.59328886645e-08, 6.08656636203e-09, 3.74671509096e-11, 4.33230057731e-12, 8.49846397682e-13, 1.23494608501e-15, 1.38546373386e-15]
        max: [7.5816991739e-05, 0.00052367511671, 0.00246107764542, 0.00449360581115, 0.00785362906754, 0.00557299144566, 0.00516706472263, 0.00550857186317, 0.00887184590101, 0.00270704552531, 0.000399495271267, 0.00172270252369, 0.00181256199721, 0.000887792732101, 0.000847077870276, 0.00196947692893, 0.00182085030247, 0.00165906059556, 0.00478532863781, 0.00190391170327, 0.00215346668847, 0.000862601853441, 4.19030184275e-05, 1.97639510588e-05, 9.33018236537e-06, 7.28140889805e-07, 7.71176473791e-07]
        mean: [3.56342894747e-07, 0.000106704086647, 0.000182028597919, 0.000389516644645, 0.000546008988749, 0.000392473390093, 0.000250237906585, 0.000414820358856, 0.000520168803632, 0.000240365989157, 4.24909303547e-05, 8.09791308711e-05, 0.000108624510176, 0.000169612481841, 8.74552351888e-05, 0.000136261209263, 0.000249409727985, 0.000284496461973, 0.000456958572613, 0.000298179482343, 5.93278527958e-05, 2.36030318774e-05, 2.23696952162e-06, 5.85165992106e-07, 1.73194052877e-07, 2.98029156909e-09, 1.96503280314e-09]
        min: [2.70907324351e-11, 1.06412801415e-06, 1.48295191593e-06, 8.92012110398e-07, 1.1137058209e-05, 1.95593656827e-05, 3.48763478542e-06, 2.10211214835e-06, 4.49972549177e-06, 7.68577774579e-06, 2.0952243176e-06, 3.25371661347e-06, 3.56305963578e-06, 5.11317693963e-06, 6.89898342898e-06, 8.77767161001e-06, 3.01681538986e-05, 2.70909604296e-05, 2.80313743133e-05, 1.81849172805e-05, 7.55709061195e-06, 8.52734444834e-07, 7.99440016408e-08, 2.6789789942e-08, 3.61993525433e-11, 5.08230298124e-11, 8.86882933629e-14]
        var: [1.33143322756e-11, 1.0187561017e-08, 7.53943965037e-08, 2.9523951639e-07, 4.68652558538e-07, 3.63715770391e-07, 2.85598218852e-07, 6.89291880462e-07, 1.29912893954e-06, 1.35450562766e-07, 3.27251559185e-09, 2.43028530633e-08, 2.72381424082e-08, 2.0414796964e-08, 9.69496216641e-09, 2.30433876425e-08, 3.24292130927e-08, 4.90366929284e-08, 2.14832212464e-07, 9.2506795113e-08, 1.9539061924e-08, 4.6720458613e-09, 1.37654705343e-11, 1.70011509211e-12, 3.93659144995e-13, 1.23196717601e-15, 1.37931522757e-15]
    mfcc:
        mean: [-715.050231934, 142.86756897, -69.4639663696, 67.4110717773, -18.7075519562, -5.68657922745, -3.97503352165, -0.738313913345, -8.89059734344, 3.25801610947, -2.12845993042, -7.14166736603, -8.94605636597]
        cov: [[706.997131348, -192.155776978, 91.8452682495, -68.328918457, -77.7023696899, -24.9172992706, -52.430355072, -1.8485480547, -19.6733932495, 19.7986946106, 59.1342887878, -39.3077507019, -8.78746891022], [-192.155776978, 445.774139404, -102.064918518, 17.2219161987, -0.0550803430378, -38.5780715942, 20.3669052124, 25.8724632263, -48.3860664368, 25.1928977966, -27.8068389893, 15.8637065887, 6.73725986481], [91.8452682495, -102.064918518, 215.994003296, 47.971988678, 36.6432228088, 37.5266799927, -21.1279792786, -31.577539444, 33.2096366882, -36.7697753906, 14.1857862473, -7.38328933716, 15.7206611633], [-68.328918457, 17.2219161987, 47.971988678, 129.659698486, 69.0634231567, 54.5121192932, -11.3834066391, -6.7231092453, 7.45839357376, -12.5699701309, -11.3553152084, 1.77089357376, 16.6488113403], [-77.7023696899, -0.0550803430378, 36.6432228088, 69.0634231567, 121.53604126, 49.6378898621, 4.68078422546, -16.6888160706, 20.75091362, -17.3020095825, -17.3311500549, -9.78406047821, 8.62202072144], [-24.9172992706, -38.5780715942, 37.5266799927, 54.5121192932, 49.6378898621, 101.454689026, 14.6441822052, 8.12392234802, 13.3295135498, -28.7436923981, -12.0225200653, -2.12322306633, 1.38632285595], [-52.430355072, 20.3669052124, -21.1279792786, -11.3834066391, 4.68078422546, 14.6441822052, 119.317848206, 28.3439121246, 17.5022411346, -9.80002117157, -3.86715197563, 1.39176976681, -6.50142765045], [-1.8485480547, 25.8724632263, -31.577539444, -6.7231092453, -16.6888160706, 8.12392234802, 28.3439121246, 70.5237579346, -13.6385593414, 23.5311088562, -20.1602706909, 3.83243989944, -7.52917003632], [-19.6733932495, -48.3860664368, 33.2096366882, 7.45839357376, 20.75091362, 13.3295135498, 17.5022411346, -13.6385593414, 71.0752258301, -20.7689228058, 14.4960031509, -8.55049514771, -3.81854915619], [19.7986946106, 25.1928977966, -36.7697753906, -12.5699701309, -17.3020095825, -28.7436923981, -9.80002117157, 23.5311088562, -20.7689228058, 123.101982117, 15.4183921814, 29.6411800385, -7.13111352921], [59.1342887878, -27.8068389893, 14.1857862473, -11.3553152084, -17.3311500549, -12.0225200653, -3.86715197563, -20.1602706909, 14.4960031509, 15.4183921814, 71.1590652466, 14.4529418945, 12.5209903717], [-39.3077507019, 15.8637065887, -7.38328933716, 1.77089357376, -9.78406047821, -2.12322306633, 1.39176976681, 3.83243989944, -8.55049514771, 29.6411800385, 14.4529418945, 59.1415481567, 17.7654685974], [-8.78746891022, 6.73725986481, 15.7206611633, 16.6488113403, 8.62202072144, 1.38632285595, -6.50142765045, -7.52917003632, -3.81854915619, -7.13111352921, 12.5209903717, 17.7654685974, 60.0036964417]]
        icov: [[0.00232224911451, 0.000710963271558, -0.00113586359657, 0.000838229665533, 0.0008403728134, -0.000161776304594, 0.000602572516073, -0.00088097358821, 0.00156931194942, -0.00053682125872, -0.00200151465833, 0.00237281247973, -8.57935083332e-05], [0.000710963271558, 0.00317449541762, 0.000784221279901, -0.00109591870569, -0.000206718905247, 0.00168185599614, -0.000529056240339, -0.000633896735962, 0.00190170749556, 8.43013986014e-05, -5.47582021682e-05, 0.000136946153361, -0.000197796529392], [-0.00113586359657, 0.000784221279901, 0.00702356081456, -0.00220083654858, -0.000538526393939, -0.000681694422383, 0.000530553516001, 0.00156706920825, -0.00225992593914, 0.00116188288666, 0.000289730203804, -0.000953509123065, -0.000920519116335], [0.000838229665533, -0.00109591870569, -0.00220083654858, 0.0142906466499, -0.00501092057675, -0.00517585687339, 0.00223517860286, -0.000613522832282, 0.000479567766888, -0.000839144573547, -0.000134781133966, 0.000327270769048, -0.00227588275447], [0.0008403728134, -0.000206718905247, -0.000538526393939, -0.00501092057675, 0.0154533684254, -0.00460978737101, -0.00126951583661, 0.0050534051843, -0.00271341274492, -0.00262243975885, 0.00368140195496, 0.00348031194881, -0.00222271936946], [-0.000161776304594, 0.00168185599614, -0.000681694422383, -0.00517585687339, -0.00460978737101, 0.0173029340804, -0.0013185479911, -0.00497022550553, 0.000511692895088, 0.00416029896587, -0.000411232264014, -0.00289951148443, 0.00236954842694], [0.000602572516073, -0.000529056240339, 0.000530553516001, 0.00223517860286, -0.00126951583661, -0.0013185479911, 0.0111513026059, -0.0055146003142, -0.00305515318178, 0.0017702493351, -0.00167764455546, -0.000751828425564, 0.000706264167093], [-0.00088097358821, -0.000633896735962, 0.00156706920825, -0.000613522832282, 0.0050534051843, -0.00497022550553, -0.0055146003142, 0.0231735687703, 0.000633736373857, -0.00567935407162, 0.00793045479804, 0.000385439634556, -0.00100280193146], [0.00156931194942, 0.00190170749556, -0.00225992593914, 0.000479567766888, -0.00271341274492, 0.000511692895088, -0.00305515318178, 0.000633736373857, 0.0206503663212, 0.00190019852016, -0.00620842538774, 0.00258444924839, 0.00267220730893], [-0.00053682125872, 8.43013986014e-05, 0.00116188288666, -0.000839144573547, -0.00262243975885, 0.00416029896587, 0.0017702493351, -0.00567935407162, 0.00190019852016, 0.0129199270159, -0.00388428405859, -0.00662925746292, 0.00402988307178], [-0.00200151465833, -5.47582021682e-05, 0.000289730203804, -0.000134781133966, 0.00368140195496, -0.000411232264014, -0.00167764455546, 0.00793045479804, -0.00620842538774, -0.00388428405859, 0.0223266743124, -0.00427654199302, -0.00428110733628], [0.00237281247973, 0.000136946153361, -0.000953509123065, 0.000327270769048, 0.00348031194881, -0.00289951148443, -0.000751828425564, 0.000385439634556, 0.00258444924839, -0.00662925746292, -0.00427654199302, 0.0257253758609, -0.00732264947146], [-8.57935083332e-05, -0.000197796529392, -0.000920519116335, -0.00227588275447, -0.00222271936946, 0.00236954842694, 0.000706264167093, -0.00100280193146, 0.00267220730893, 0.00402988307178, -0.00428110733628, -0.00732264947146, 0.0214736256748]]
    spectral_contrast:
        mean: [-3.44719296663e-07, -5.0045377975e-07, -2.03764713547e-07, -6.97798867577e-08, 2.09915782534e-07, 1.47902682102e-07, 1.83457552794e-06, 1.67620740399e-07, -2.84203269985e-06, 1.64841492278e-06, 4.57430985534e-07, 2.67915947916e-06]
        var: [0.000446706806542, 0.000695288938005, 0.000956174742896, 0.00318545731716, 0.0037317276001, 0.00581823289394, 0.0364628434181, 0.0622022934258, 0.113509774208, 0.164130270481, 0.258877933025, 0.403589576483]

rhythm:
    beats_loudness:
        dmean: 0.00318546080962
        dmean2: 0.00563800986856
        dvar: 3.33705906996e-06
        dvar2: 7.33961223887e-06
        max: 0.00973507855088
        mean: 0.00519411824644
        min: 0.00192640046589
        var: 6.92232924848e-06
    beats_loudness_bass:
        dmean: 0.0872886627913
        dmean2: 0.158593982458
        dvar: 0.0060500940308
        dvar2: 0.0208870619535
        max: 0.320795923471
        mean: 0.121638268232
        min: 0.0154850808904
        var: 0.00614585634321
    bpm: 125.251869202
    bpm_confidence: 0
    first_peak_bpm: 96
    first_peak_spread: 0.0999999642372
    first_peak_weight: 0.529411792755
    onset_rate: 4.48608398438
    second_peak_bpm: 125
    second_peak_spread: 0
    second_peak_weight: 0.411764711142
    beats_position: [0.259234845638, 0.884531438351, 1.50982797146, 2.13512444496, 2.76042103767, 3.3857178688, 4.01101446152, 4.63631105423, 5.2616071701, 5.88690376282, 6.48508214951, 6.96415328979, 7.44322347641, 7.92229413986, 8.40136432648, 8.88043498993, 9.35950565338, 9.83857727051]
    bpm_estimates: [123.15725708, 125.830307007, 125.341094971, 125.818305969, 126.112380981]
    bpm_intervals: [0.625296592712, 0.625296533108, 0.625296473503, 0.625296592712, 0.625296831131, 0.625296592712, 0.625296592712, 0.625296115875, 0.625296592712, 0.598178386688, 0.479071140289, 0.479070186615, 0.479070663452, 0.479070186615, 0.479070663452, 0.479070663452, 0.479071617126]
    onset_times: [0.0580498874187, 0.139319732785, 0.476009070873, 0.847528338432, 1.1261677742, 1.45124721527, 1.62539684772, 1.764716506, 2.00852608681, 2.28716564178, 2.36843538284, 2.99537420273, 3.23918366432, 3.36689352989, 3.47138333321, 3.64553284645, 3.79646253586, 3.94739222527, 4.12154197693, 4.37696123123, 4.62077093124, 4.73687076569, 4.95746040344, 5.13160991669, 5.58439922333, 5.72371864319, 5.88625860214, 6.17650794983, 6.32743787766, 6.47836732864, 6.64090681076, 6.7570066452, 6.9543762207, 6.98920631409, 7.4884352684, 8.09215450287, 8.40562343597, 8.60299301147, 8.71909332275, 8.92807292938, 9.04417228699, 9.54340171814, 9.71755123138, 9.79882049561, 9.92653083801]
    rubato_start: [6.96415328979]
    rubato_stop: [7.44322347641]
    perceptual_tempo: "unknown"

sfx:
    inharmonicity:
        dmean: 0.049690220505
        dmean2: 0.0871429741383
        dvar: 0.00291144475341
        dvar2: 0.00804650783539
        max: 0.418278455734
        mean: 0.0560745410621
        min: 0.00128393806517
        var: 0.00310765299946
    oddtoevenharmonicenergyratio:
        dmean: 2.76791834831
        dmean2: 5.08728265762
        dvar: 41.6389770508
        dvar2: 119.609207153
        max: 71.7724838257
        mean: 2.0360326767
        min: 0.00186195911374
        var: 26.1065692902
    pitch_after_max_to_before_max_energy_ratio: 3.49999260902
    pitch_centroid: 175.944839478
    pitch_max_to_total: 0.195348843932
    pitch_min_to_total: 0.260465115309
    tristimulus:
        dmean: [0.192506015301, 0.260857343674, 0.134018972516]
        dmean2: [0.334430098534, 0.466871887445, 0.238338619471]
        dvar: [0.0242382064462, 0.0450288169086, 0.0131891667843]
        dvar2: [0.0669088810682, 0.13139218092, 0.035438593477]
        max: [0.858608782291, 0.992017447948, 0.584592044353]
        mean: [0.343184679747, 0.478773653507, 0.127963513136]
        min: [0.00798247102648, 0, 0]
        var: [0.0344876721501, 0.0570550784469, 0.0158720333129]

tonal:
    chords_changes_rate: 0.0416666679084
    chords_number_rate: 0.0231481473893
    chords_strength:
        dmean: 0.0105732874945
        dmean2: 0.0129394624382
        dvar: 7.5549884059e-05
        dvar2: 0.000133127337904
        max: 0.797076582909
        mean: 0.62720823288
        min: 0.477948784828
        var: 0.00556491408497
    key_strength: 0.726464092731
    tuning_diatonic_strength: 0.747342407703
    tuning_equal_tempered_deviation: 0.354067146778
    tuning_frequency: 456.04309082
    tuning_nontempered_energy_ratio: 0.953217387199
    hpcp:
        dmean: [0.168266579509, 0.127018600702, 0.12681619823, 0.150390565395, 0.158371314406, 0.15416623652, 0.135945171118, 0.116777665913, 0.115084774792, 0.143626719713, 0.15276569128, 0.145756527781, 0.177729532123, 0.17189194262, 0.155148312449, 0.174521774054, 0.176948398352, 0.182702854276, 0.231209754944, 0.287105798721, 0.274724662304, 0.230558872223, 0.194496244192, 0.144858956337, 0.121345847845, 0.151218533516, 0.177325055003, 0.218896642327, 0.208444863558, 0.176743760705, 0.176356226206, 0.183218404651, 0.203026995063, 0.223507449031, 0.233650118113, 0.208118721843]
        dmean2: [0.284840464592, 0.214692264795, 0.213817790151, 0.254193514585, 0.276340186596, 0.274596571922, 0.230673134327, 0.208424165845, 0.195591166615, 0.244419336319, 0.269094765186, 0.253864705563, 0.312900662422, 0.294120877981, 0.26800429821, 0.30169454217, 0.308428257704, 0.304618597031, 0.38793066144, 0.484450638294, 0.457166969776, 0.403615891933, 0.343979716301, 0.263086736202, 0.213639557362, 0.253913402557, 0.299834817648, 0.372224867344, 0.369428694248, 0.312662929296, 0.305976629257, 0.316340297461, 0.362312376499, 0.397335082293, 0.411070823669, 0.356473892927]
        dvar: [0.0301958080381, 0.0255980361253, 0.0200281348079, 0.026435431093, 0.0279088132083, 0.0312709286809, 0.0205139629543, 0.0321211442351, 0.0199092309922, 0.03316931054, 0.0382074043155, 0.0302005093545, 0.0541512519121, 0.0429485291243, 0.042341016233, 0.0479796566069, 0.0565556809306, 0.0367807745934, 0.0481037907302, 0.0561705715954, 0.0566240549088, 0.0490413717926, 0.0519322939217, 0.0301954839379, 0.0227404758334, 0.0286619048566, 0.0344100147486, 0.062317404896, 0.0505099967122, 0.0380089730024, 0.0354859866202, 0.0355559401214, 0.0432235971093, 0.0546504035592, 0.046878810972, 0.0457990169525]
        dvar2: [0.0840624272823, 0.0666460245848, 0.0540736354887, 0.0689942911267, 0.0795235410333, 0.0840065702796, 0.0595192015171, 0.0826400145888, 0.0519219078124, 0.0888934955001, 0.100959591568, 0.0902721583843, 0.155423358083, 0.122401639819, 0.107565850019, 0.132113233209, 0.140562742949, 0.0973474532366, 0.119248405099, 0.152343377471, 0.122881755233, 0.136952236295, 0.144683092833, 0.0850140303373, 0.0591694936156, 0.0775325596333, 0.0994872674346, 0.174279540777, 0.115628801286, 0.107670500875, 0.100978560746, 0.0885034129024, 0.121328219771, 0.158865392208, 0.119267016649, 0.113667882979]
        max: [0.980946779251, 1, 1, 1, 1, 1, 1, 1, 0.950998485088, 1, 1, 1, 1, 1, 1, 1, 1, 1, 1, 1, 1, 1, 1, 1, 1, 1, 1, 1, 1, 1, 1, 1, 1, 1, 1, 1]
        mean: [0.216199621558, 0.169614523649, 0.172889396548, 0.195205822587, 0.227215856314, 0.220196142793, 0.166288480163, 0.134776979685, 0.138900741935, 0.165178775787, 0.176574245095, 0.163991674781, 0.197077408433, 0.227289408445, 0.205218106508, 0.19172924757, 0.18841587007, 0.206183090806, 0.311519801617, 0.492862552404, 0.464170575142, 0.281133413315, 0.203430190682, 0.162319242954, 0.162798345089, 0.207785621285, 0.224425032735, 0.258216053247, 0.254461616278, 0.205244377255, 0.233704224229, 0.268060654402, 0.258913725615, 0.277758359909, 0.347790449858, 0.322447925806]
        min: [0.0131359566003, 0.00806142948568, 0.0110322907567, 0.0119081828743, 0.014048634097, 0.00773103348911, 0.00714140525088, 0.0077065336518, 0.00304418662563, 0.00521974172443, 0.00464032962918, 0.00464570010081, 0.00668684160337, 0.00734363822266, 0.00354641117156, 0.00334244780242, 0.00608235690743, 0.00808685366064, 0.0108082601801, 0.0178508106619, 0.0166892111301, 0.00677672261372, 0.00691368151456, 0.00571256037802, 0.00878440309316, 0.00712550152093, 0.0160115230829, 0.0094943633303, 0.00350861437619, 0.00749750062823, 0.00601101014763, 0.0137793747708, 0.00581435626373, 0.0187914408743, 0.0216095522046, 0.0118703451008]
        var: [0.037857029587, 0.027961531654, 0.0225582458079, 0.0314447320998, 0.042486064136, 0.0476748384535, 0.0278588030487, 0.0289049502462, 0.0252516102046, 0.0401460193098, 0.0449163578451, 0.0348426029086, 0.0600161030889, 0.0675422996283, 0.0585352703929, 0.0497808642685, 0.0532945431769, 0.0439481697977, 0.0749170482159, 0.115533083677, 0.11273509264, 0.0629267096519, 0.053909137845, 0.0298683624715, 0.0264719128609, 0.0371140316129, 0.0407006107271, 0.0684508979321, 0.0690709501505, 0.0403329990804, 0.0434376858175, 0.0536323450506, 0.0511695295572, 0.0601125918329, 0.0780933275819, 0.0725048929453]
    chords_histogram: [34.7222213745, 0, 32.8703689575, 0, 0, 0, 0, 0, 0, 0, 0, 0, 0, 0, 0, 1.38888883591, 0, 11.5740737915, 0, 0.462962955236, 0, 0, 18.9814815521, 0]
    thpcp: [1, 0.941785037518, 0.570409357548, 0.412752389908, 0.329339772463, 0.330311864614, 0.421589374542, 0.455350130796, 0.523910880089, 0.516293287277, 0.416433304548, 0.474177271128, 0.543885231018, 0.525326430798, 0.563561499119, 0.705654025078, 0.654235005379, 0.43866109848, 0.344141632318, 0.350786238909, 0.396065443754, 0.461012631655, 0.446769893169, 0.337393224239, 0.273457527161, 0.281824499369, 0.335141658783, 0.358262658119, 0.33273306489, 0.399862825871, 0.461161851883, 0.416379988194, 0.389011591673, 0.382288873196, 0.418337911367, 0.632062196732]
    chords_key: "G#"
    chords_scale: "major"
    key_key: "G#"
    key_scale: "major"
    chords_progression: ["G#m", "G#m", "G#m", "G#m", "G#m", "G#m", "G#", "G#", "G#m", "G#m", "G#m", "G#m", "G#m", "G#m", "G#m", "G#m", "G#m", "G#m", "G#m", "G#m", "G#m", "G#", "G#", "G#", "G#", "G#", "G#", "G#", "G#", "G#", "G#", "G#", "G#", "G#", "G#", "G#", "G#", "G#", "G#", "G#", "G#", "G#", "G#", "G#", "G#", "C#m", "C#m", "C#m", "C#", "C#", "C#", "C#", "C#", "C#", "C#", "C#", "C#", "C#", "C#", "C#", "C#", "C#", "C#", "C#", "C#", "C#", "C#", "C#", "C#", "C#", "C#", "C#", "C#", "C#", "C#", "C#", "C#", "C#", "C#", "C#", "C#", "C#", "C#", "C#", "C#", "C#", "C#", "C#", "C#", "G#", "G#", "G#", "G#", "G#", "G#", "G#", "G#", "G#", "G#", "G#", "G#", "G#", "G#", "G#", "G#", "G#", "G#", "G#", "G#", "G#", "G#", "G#", "G#", "G#", "G#", "G#", "G#", "G#", "G#", "G#", "G#", "G#", "G#", "G#", "G#", "G#", "G#", "G#", "G#", "G#", "G#", "G#", "G#", "G#", "G#", "G#", "G#", "G#", "G#m", "G#m", "G#m", "G#m", "G#m", "G#m", "D#", "D#", "D#", "D#", "D#", "D#", "D#", "D#", "D#", "D#", "D#", "D#", "D#", "D#", "D#", "D#", "D#", "D#", "D#", "D#", "D#", "D#", "D#", "D#", "D#", "D#", "D#", "D#", "D#", "D#", "D#", "D#", "D#", "D#", "D#", "D#", "D#", "D#", "D#", "D#", "D#", "D#", "D#", "D#", "D#", "D#", "D#", "D#", "D#", "D#", "D#", "D#", "D#", "D#", "D#", "D#", "D#", "D#", "D#", "D#", "D#", "D#", "D#", "D#", "D#", "D#", "D#", "D#", "D#", "D#", "D#", "D#m"]
