
metadata:
    version:
        essentia: "1.2.2"
    audio_properties:
        analysis_sample_rate: 44100
        bitrate: 128
        channels: 2
        equal_loudness: 1
        length: 9.97877597809
        replay_gain: -12.779706955
        downmix: "mix"
    tags:
        track: 16
        year: 0
        album: "Splitted by Mp3Splt v. 2.1"
        artist: "From 002.30 To 002.40"
        comment: "http://mp3splt.sf.net"
        genre: ""
        title: "08 8.mp3"

highlevel:
    ballroom:
        all:
            ChaChaCha: 0.0779837220907
            Jive: 0.252895534039
            Quickstep: 0.0025144177489
            Rumba-American: 0.00054042506963
            Rumba-International: 0.000496145221405
            Rumba-Misc: 0.000727621954866
            Samba: 0.664509475231
            Tango: 7.86447562859e-05
            VienneseWaltz: 0.000153180852067
            Waltz: 0.00010081025539
        probability: 0.664509475231
        value: "Samba"
    culture:
        all:
            non_western: 0.135157078505
            western: 0.864842891693
        probability: 0.864842891693
        value: "western"
    gender:
        all:
            female: 0.566621005535
            male: 0.433378994465
        probability: 0.566621005535
        value: "female"
    genre_dortmund:
        all:
            alternative: 0.0413971170783
            blues: 0.00675528217107
            electronic: 0.0917313098907
            folkcountry: 0.0498103871942
            funksoulrnb: 0.0057033021003
            jazz: 0.0126705905423
            pop: 0.0549444928765
            raphiphop: 0.0265228375793
            rock: 0.710464656353
        probability: 0.710464656353
        value: "rock"
    genre_electronica:
        all:
            ambient: 0.0632154494524
            dnb: 0.461653202772
            house: 0.039940468967
            techno: 0.0180111136287
            trance: 0.417179763317
        probability: 0.461653202772
        value: "dnb"
    genre_rosamerica:
        all:
            cla: 0.00420313375071
            dan: 0.706592857838
            hip: 0.0401898063719
            jaz: 0.00418656971306
            pop: 0.105126388371
            rhy: 0.0066232229583
            roc: 0.131288126111
            spe: 0.00178991898429
        probability: 0.706592857838
        value: "dan"
    genre_tzanetakis:
        all:
            blu: 0.00537470215932
            cla: 0.00786977354437
            cou: 0.0399197377264
            dis: 0.310606509447
            hip: 0.0637251585722
            jaz: 0.0305619295686
            met: 0.0320611223578
            pop: 0.332406818867
            reg: 0.109102763236
            roc: 0.0683714821935
        probability: 0.332406818867
        value: "pop"
    live_studio:
        all:
            live: 0.311816990376
            studio: 0.688183009624
        probability: 0.688183009624
        value: "studio"
    mood:
        all:
            Cluster1: 0.266756117344
            Cluster2: 0.0778896510601
            Cluster3: 0.0122809475288
            Cluster4: 0.0907462835312
            Cluster5: 0.552326977253
        probability: 0.552326977253
        value: "Cluster5"
    mood_acoustic:
        all:
            acoustic: 0.00600021425635
            not_acoustic: 0.993999779224
        probability: 0.993999779224
        value: "not_acoustic"
    mood_aggressive:
        all:
            aggressive: 0.554201126099
            not_aggressive: 0.445798903704
        probability: 0.554201126099
        value: "aggressive"
    mood_electronic:
        all:
            electronic: 0.644214451313
            not_electronic: 0.355785548687
        probability: 0.644214451313
        value: "electronic"
    mood_happy:
        all:
            happy: 0.388232082129
            not_happy: 0.611767888069
        probability: 0.611767888069
        value: "not_happy"
    mood_party:
        all:
            not_party: 0.168500185013
            party: 0.831499814987
        probability: 0.831499814987
        value: "party"
    mood_relaxed:
        all:
            not_relaxed: 0.960340440273
            relaxed: 0.0396595522761
        probability: 0.960340440273
        value: "not_relaxed"
    mood_sad:
        all:
            not_sad: 0.956157326698
            sad: 0.0438426695764
        probability: 0.956157326698
        value: "not_sad"
    rhythm:
        all:
            fast: 0.856671392918
            medium: 0.13728839159
            slow: 0.00604019640014
        probability: 0.856671392918
        value: "fast"
    speech_music:
        all:
            music: 0.999883711338
            speech: 0.000116309405712
        probability: 0.999883711338
        value: "music"
    timbre:
        all:
            bright: 0.0191395971924
            dark: 0.980860412121
        probability: 0.980860412121
        value: "dark"
    voice_instrumental:
        all:
            instrumental: 0.142933830619
            voice: 0.85706615448
        probability: 0.85706615448
        value: "voice"

lowlevel:
    average_loudness: 0.970287084579
    barkbands_kurtosis:
        dmean: 0.896421909332
        dmean2: 1.47810208797
        dvar: 1.95445585251
        dvar2: 5.78016614914
        max: 10.7754917145
        mean: -0.490780562162
        min: -1.88343381882
        var: 2.93183636665
    barkbands_skewness:
        dmean: 0.459866285324
        dmean2: 0.685224890709
        dvar: 0.189750134945
        dvar2: 0.483177870512
        max: 3.19522285461
        mean: 0.394734501839
        min: -2.57158899307
        var: 0.796071350574
    barkbands_spread:
        dmean: 6.25065660477
        dmean2: 9.70872879028
        dvar: 30.2137966156
        dvar2: 71.568687439
        max: 67.8835601807
        mean: 38.8106117249
        min: 5.25953435898
        var: 130.8074646
    dissonance:
        dmean: 0.0142579087988
        dmean2: 0.0245621558279
        dvar: 0.000193306157598
        dvar2: 0.000532239151653
        max: 0.499830931425
        mean: 0.474490553141
        min: 0.354380697012
        var: 0.000369685585611
    hfc:
        dmean: 2.50202059746
        dmean2: 3.49267601967
        dvar: 17.3666591644
        dvar2: 29.8857517242
        max: 43.013885498
        mean: 6.70607471466
        min: 0.00239364337176
        var: 41.8358764648
    pitch:
        dmean: 878.868286133
        dmean2: 1699.6439209
        dvar: 1936802.875
        dvar2: 4533870.5
        max: 4410
        mean: 2200.32543945
        min: 88.1999969482
        var: 2989131
    pitch_instantaneous_confidence:
        dmean: 0.0896511003375
        dmean2: 0.148879021406
        dvar: 0.00540058454499
        dvar2: 0.0124603193253
        max: 0.815589785576
        mean: 0.407987713814
        min: 0.148218989372
        var: 0.0191308110952
    pitch_salience:
        dmean: 0.0719458460808
        dmean2: 0.117803812027
        dvar: 0.00489601166919
        dvar2: 0.0129865361378
        max: 0.942895710468
        mean: 0.623465299606
        min: 0.24595476687
        var: 0.00803174078465
    silence_rate_20dB:
        dmean: 0
        dmean2: 0
        dvar: 0
        dvar2: 0
        max: 1
        mean: 1
        min: 1
        var: 0
    silence_rate_30dB:
        dmean: 0
        dmean2: 0
        dvar: 0
        dvar2: 0
        max: 1
        mean: 1
        min: 1
        var: 0
    silence_rate_60dB:
        dmean: 0.13053612411
        dmean2: 0.259345799685
        dvar: 0.11349671334
        dvar2: 0.215450376272
        max: 1
        mean: 0.486046522856
        min: 0
        var: 0.249805450439
    spectral_centroid:
        dmean: 336.169250488
        dmean2: 520.482727051
        dvar: 96364.7421875
        dvar2: 219831.984375
        max: 3717.00268555
        mean: 1657.14978027
        min: 374.637268066
        var: 412866.65625
    spectral_complexity:
        dmean: 3.94145202637
        dmean2: 5.80751180649
        dvar: 27.8069286346
        dvar2: 43.6625099182
        max: 51
        mean: 10.7990655899
        min: 0
        var: 71.4035186768
    spectral_crest:
        dmean: 2.12960410118
        dmean2: 3.51482892036
        dvar: 3.71710324287
        dvar2: 9.78650665283
        max: 19.4597492218
        mean: 7.10107374191
        min: 2.87550759315
        var: 7.12425088882
    spectral_decrease:
        dmean: 3.13637588123e-10
        dmean2: 4.45879971833e-10
        dvar: 2.11202849656e-19
        dvar2: 4.25279324759e-19
        max: -9.851456673e-13
        mean: -8.98379759473e-10
        min: -4.84273554591e-09
        var: 4.58721797485e-19
    spectral_energy:
        dmean: 0.00136941764504
        dmean2: 0.0019204840064
        dvar: 4.22273706135e-06
        dvar2: 8.22580568638e-06
        max: 0.0221790950745
        mean: 0.00399895431474
        min: 3.93527761844e-06
        var: 9.3041717264e-06
    spectral_energyband_high:
        dmean: 0.000161565345479
        dmean2: 0.000232112113736
        dvar: 4.35731131176e-08
        dvar2: 7.63965459782e-08
        max: 0.0021019873675
        mean: 0.000375632953364
        min: 3.15894901348e-08
        var: 1.19734906434e-07
    spectral_energyband_low:
        dmean: 0.000356088683475
        dmean2: 0.000565890048165
        dvar: 4.66376491204e-07
        dvar2: 1.08864242065e-06
        max: 0.00541713414714
        mean: 0.000488879333716
        min: 2.58886494464e-08
        var: 6.93177696576e-07
    spectral_energyband_middle_high:
        dmean: 0.00067296565976
        dmean2: 0.000955345109105
        dvar: 1.58564432695e-06
        dvar2: 2.92244180855e-06
        max: 0.0151049867272
        mean: 0.00159310293384
        min: 1.10485450477e-06
        var: 3.67472171092e-06
    spectral_energyband_middle_low:
        dmean: 0.000679564953316
        dmean2: 0.00110215356108
        dvar: 9.47408750562e-07
        dvar2: 2.48537048719e-06
        max: 0.00809364113957
        mean: 0.00154133839533
        min: 1.15538375667e-06
        var: 1.46210993535e-06
    spectral_flatness_db:
        dmean: 0.0158215966076
        dmean2: 0.0249393712729
        dvar: 0.000205285119591
        dvar2: 0.000428251281846
        max: 0.291190505028
        mean: 0.135110884905
        min: 0.0543500185013
        var: 0.000918093195651
    spectral_flux:
        dmean: 0.00931808445603
        dmean2: 0.0137537363917
        dvar: 0.000102409947431
        dvar2: 0.00018426553288
        max: 0.103588216007
        mean: 0.0382795371115
        min: 0.00186497205868
        var: 0.000335198128596
    spectral_kurtosis:
        dmean: 0.847585022449
        dmean2: 1.28033256531
        dvar: 0.840195298195
        dvar2: 2.14055371284
        max: 16.8630847931
        mean: 1.84076571465
        min: -0.868961811066
        var: 2.54345273972
    spectral_rms:
        dmean: 0.000313245429425
        dmean2: 0.000422349286964
        dvar: 1.34629047466e-07
        dvar2: 2.25876931381e-07
        max: 0.00465168152004
        mean: 0.00185001303907
        min: 6.19620477664e-05
        var: 4.78870219922e-07
    spectral_rolloff:
        dmean: 557.644042969
        dmean2: 924.208496094
        dvar: 474519.375
        dvar2: 1029641.3125
        max: 7902.68554688
        mean: 3290.80566406
        min: 172.265625
        var: 1119873.75
    spectral_skewness:
        dmean: 0.156530663371
        dmean2: 0.248243004084
        dvar: 0.0227261893451
        dvar2: 0.0489489920437
        max: 3.15261816978
        mean: 1.18086385727
        min: 0.359767109156
        var: 0.0826752409339
    spectral_spread:
        dmean: 1214454.25
        dmean2: 1673642.625
        dvar: 1.3054729257e+12
        dvar2: 2.4947195904e+12
        max: 17343376
        mean: 6911568
        min: 2571543.75
        var: 3.58514661786e+12
    spectral_strongpeak:
        dmean: 0.3940744102
        dmean2: 0.705656588078
        dvar: 0.622331082821
        dvar2: 1.59416210651
        max: 7.80448818207
        mean: 0.545346140862
        min: 0.00359435938299
        var: 0.97436195612
    zerocrossingrate:
        dmean: 0.0116021111608
        dmean2: 0.014387103729
        dvar: 9.86894156085e-05
        dvar2: 0.00014081140398
        max: 0.17919921875
        mean: 0.103584073484
        min: 0.0283203125
        var: 0.000779767229687
    barkbands:
        dmean: [3.11057739566e-08, 9.04525441001e-05, 0.000312926305924, 0.000236769308685, 0.000294762692647, 0.000113667811092, 0.000124738027807, 0.000110249216959, 0.000116627801617, 8.47988412715e-05, 5.03610572196e-05, 4.14488677052e-05, 2.96233811241e-05, 4.39116702182e-05, 5.73974575673e-05, 9.89652035059e-05, 8.41020664666e-05, 0.000161866555572, 0.000233002007008, 0.000158656766871, 7.92302525952e-05, 2.64543414232e-05, 6.20503078608e-06, 2.64322861767e-05, 6.70267081659e-06, 3.71612401295e-07, 7.2021016928e-10]
        dmean2: [4.82615547526e-08, 0.000153913846589, 0.000479564245325, 0.000394490343751, 0.000519487308338, 0.000180366259883, 0.000198906578589, 0.000182063842658, 0.000178819769644, 0.000135722322739, 8.19267297629e-05, 6.24515960226e-05, 4.42899945483e-05, 6.95313210599e-05, 9.43844570429e-05, 0.000152561173309, 0.000128914849483, 0.000252566591371, 0.000346020242432, 0.000246561074164, 0.000117460251204, 3.90239620174e-05, 9.49777768255e-06, 4.28502316936e-05, 1.0083572306e-05, 5.83060284498e-07, 9.08711328407e-10]
        dvar: [4.57520145427e-15, 2.77231428925e-08, 3.71545382905e-07, 1.47066415934e-07, 2.85032314196e-07, 5.23957162102e-08, 5.02955934678e-08, 5.566829131e-08, 8.4021401392e-08, 7.31765297246e-08, 1.12831379795e-08, 5.21330889569e-09, 4.05231359579e-09, 1.38394824489e-08, 1.772991709e-08, 5.34324655632e-08, 2.26722676189e-08, 1.39047159564e-07, 1.44813654401e-07, 6.33179624288e-08, 1.14028049225e-08, 1.25447741084e-09, 1.08873368654e-10, 9.4642593762e-10, 8.70605948444e-11, 2.85481599298e-13, 8.59372959981e-17]
        dvar2: [6.27096946148e-15, 7.62291847423e-08, 9.14317752176e-07, 4.01594604682e-07, 8.73083820352e-07, 1.26613315388e-07, 1.22175677575e-07, 1.36514586302e-07, 1.89998033306e-07, 1.47544483298e-07, 2.76149147993e-08, 1.11187388185e-08, 8.34963742591e-09, 3.29503890839e-08, 4.64010874168e-08, 1.11011651427e-07, 5.5289657297e-08, 3.14988511718e-07, 2.70575640116e-07, 1.47871261902e-07, 2.35994246367e-08, 2.81577716699e-09, 2.16857129476e-10, 2.13502415747e-09, 1.75372244504e-10, 7.20377262616e-13, 8.36224409801e-17]
        max: [1.24203529595e-06, 0.00122740864754, 0.00485742185265, 0.00338803627528, 0.00453512882814, 0.00263136159629, 0.002581208013, 0.00219089351594, 0.00266958051361, 0.00521365599707, 0.00107464310713, 0.00071258249227, 0.000761127390433, 0.00183722830843, 0.00159015425015, 0.00236324127764, 0.00214047543705, 0.00338114658371, 0.0039179706946, 0.00270656193607, 0.000998521805741, 0.000364126695786, 0.000117289957416, 0.000346103741322, 0.00011636151612, 4.36734626419e-06, 1.95011367055e-07]
        mean: [5.82853374453e-08, 0.000114105998364, 0.000374717172235, 0.000423305667937, 0.000466781901196, 0.000155669084052, 0.000193992469576, 0.000131604334456, 0.000161382820806, 0.000123261837871, 6.17352998233e-05, 5.68523028051e-05, 3.99588025175e-05, 5.30233592144e-05, 7.03411278664e-05, 0.000174742366653, 0.000143528246554, 0.000254128332017, 0.00043301214464, 0.000306021800498, 0.000157668953761, 5.59105465072e-05, 1.21801358546e-05, 2.67966879619e-05, 7.77748300607e-06, 3.9863024881e-07, 7.23144155668e-10]
        min: [1.97784653239e-11, 8.23691248542e-09, 1.75839218741e-08, 1.51903414292e-08, 2.29934300933e-07, 1.55441199468e-07, 1.21614974091e-07, 2.73873268952e-07, 1.13813960922e-07, 1.12947198261e-07, 4.56383055791e-08, 1.37444914117e-07, 6.79392613279e-08, 6.04682082184e-09, 4.60042315353e-09, 1.20132455095e-08, 4.81699693466e-08, 2.61838639659e-08, 4.89075127064e-08, 4.53334614292e-08, 9.7722923087e-09, 6.32207219908e-09, 8.62946492042e-10, 9.67803726049e-10, 7.36227800946e-10, 5.14319559164e-11, 7.31157755868e-14]
        var: [6.65437553692e-15, 3.12734798058e-08, 4.9409732128e-07, 1.90692659885e-07, 2.38310121858e-07, 6.63251995547e-08, 1.50890642203e-07, 6.14692652334e-08, 1.42663850511e-07, 1.51987876507e-07, 1.16243512593e-08, 8.12838329978e-09, 6.66835475727e-09, 1.91696329921e-08, 1.8786836975e-08, 1.51905510393e-07, 4.58738966813e-08, 1.8368120891e-07, 3.32579048745e-07, 1.21249442486e-07, 2.68832192063e-08, 2.93083823877e-09, 2.35006042404e-10, 1.16839027342e-09, 1.2764109214e-10, 3.15907049868e-13, 8.86844686915e-17]
    mfcc:
        mean: [-708.149841309, 85.1803512573, -19.7212848663, 52.5905418396, -12.1806869507, -11.8279237747, 5.62994480133, -3.49640798569, 0.236700966954, -6.46273183823, -6.34679365158, -8.70548725128, -6.74718666077]
        cov: [[3667.08813477, -629.402648926, -38.4406852722, 99.09324646, 345.376708984, 151.711486816, -72.2963409424, -99.1240234375, 91.0196609497, 99.665977478, 11.5377511978, -137.455307007, -84.4557113647], [-629.402648926, 467.094604492, -61.170124054, 33.6918792725, -100.476623535, -22.9839611053, -31.6549549103, 30.1874103546, -18.0831565857, -7.33343267441, 29.3154430389, 36.6920166016, 22.1547756195], [-38.4406852722, -61.170124054, 461.664642334, 124.945549011, 133.484237671, 70.5889663696, 68.0528945923, 19.2890319824, 15.5929422379, 21.9893512726, 16.0552806854, 14.7412233353, -20.5279960632], [99.09324646, 33.6918792725, 124.945549011, 327.047912598, 108.717941284, 128.632125854, -3.38221240044, 48.1212043762, 9.53875827789, 23.1856975555, 0.770574212074, -22.8738212585, 3.00830960274], [345.376708984, -100.476623535, 133.484237671, 108.717941284, 239.83821106, 69.9669113159, 12.0195713043, 7.09745740891, 55.8526954651, 32.6753501892, -5.45933675766, -16.3516292572, -14.6846971512], [151.711486816, -22.9839611053, 70.5889663696, 128.632125854, 69.9669113159, 152.5753479, 41.201259613, 24.3884296417, 14.9978866577, 17.2403869629, 18.1528244019, -3.41137862206, 7.73518419266], [-72.2963409424, -31.6549549103, 68.0528945923, -3.38221240044, 12.0195713043, 41.201259613, 98.8470458984, 19.2028007507, 7.57886648178, -2.69098806381, 12.1255216599, 15.8052845001, 10.6956071854], [-99.1240234375, 30.1874103546, 19.2890319824, 48.1212043762, 7.09745740891, 24.3884296417, 19.2028007507, 56.2324028015, 14.9737672806, 4.78852939606, -5.70315551758, 2.78740644455, 3.60620713234], [91.0196609497, -18.0831565857, 15.5929422379, 9.53875827789, 55.8526954651, 14.9978866577, 7.57886648178, 14.9737672806, 67.5792770386, 23.5247402191, -8.45500850677, -5.79683017731, -6.49282455444], [99.665977478, -7.33343267441, 21.9893512726, 23.1856975555, 32.6753501892, 17.2403869629, -2.69098806381, 4.78852939606, 23.5247402191, 53.5582885742, 17.9200286865, -8.84286117554, -13.0842704773], [11.5377511978, 29.3154430389, 16.0552806854, 0.770574212074, -5.45933675766, 18.1528244019, 12.1255216599, -5.70315551758, -8.45500850677, 17.9200286865, 72.4952087402, 28.5839633942, 1.96254253387], [-137.455307007, 36.6920166016, 14.7412233353, -22.8738212585, -16.3516292572, -3.41137862206, 15.8052845001, 2.78740644455, -5.79683017731, -8.84286117554, 28.5839633942, 60.2280769348, 21.5582523346], [-84.4557113647, 22.1547756195, -20.5279960632, 3.00830960274, -14.6846971512, 7.73518419266, 10.6956071854, 3.60620713234, -6.49282455444, -13.0842704773, 1.96254253387, 21.5582523346, 59.161907196]]
        icov: [[0.000483890238684, 0.000540506560355, 0.00022193021141, -1.51481772264e-05, -0.000385808030842, -0.000413130939705, 0.000455899862573, 0.000562825298402, -0.000278002466075, -0.000131324093672, -0.000542618101463, 0.000599843799137, 0.000147531594848], [0.000540506560355, 0.00348145328462, 0.000362039107131, -0.000853737292346, 0.000850746640936, 0.000128348125145, 0.00166015967261, -0.0009734100895, -0.000780294300057, 8.11287682154e-05, -0.00175046699587, -0.000615264696535, -0.000194940410438], [0.00022193021141, 0.000362039107131, 0.0034274731297, -0.0012786006555, -0.00160899281036, 0.000413849309552, -0.00229395949282, 0.000747273559682, 0.000865215202793, -0.000823512731586, 0.000211988197407, -0.0016936219763, 0.00187414127868], [-1.51481772264e-05, -0.000853737292346, -0.0012786006555, 0.0070917843841, -0.00191083119716, -0.00491576083004, 0.00355132156983, -0.00474070152268, 0.00263634719886, -0.000377347343601, 6.12995718257e-05, 0.00267448206432, -0.00146153289825], [-0.000385808030842, 0.000850746640936, -0.00160899281036, -0.00191083119716, 0.00837643817067, -0.000910119444598, 0.00044358705054, 0.00187097815797, -0.00554741406813, -0.000560256419703, 0.000823269074317, -0.000790034304373, 0.000201280447072], [-0.000413130939705, 0.000128348125145, 0.000413849309552, -0.00491576083004, -0.000910119444598, 0.0135188726708, -0.00570665672421, -0.000578080245759, -0.000624274311122, -0.000281675631413, -0.00287072616629, 0.00085842498811, -0.00151917291805], [0.000455899862573, 0.00166015967261, -0.00229395949282, 0.00355132156983, 0.00044358705054, -0.00570665672421, 0.0168897658587, -0.00569374812767, -0.00139828561805, 0.00272753974423, -0.00285910465755, -3.51304015567e-06, -0.00225166114978], [0.000562825298402, -0.0009734100895, 0.000747273559682, -0.00474070152268, 0.00187097815797, -0.000578080245759, -0.00569374812767, 0.0273995157331, -0.00622294470668, -0.00204011704773, 0.00447019375861, -0.00290554692037, 0.0013438500464], [-0.000278002466075, -0.000780294300057, 0.000865215202793, 0.00263634719886, -0.00554741406813, -0.000624274311122, -0.00139828561805, -0.00622294470668, 0.0247729383409, -0.0101432371885, 0.00594120286405, -0.00237471866421, 0.000542011810467], [-0.000131324093672, 8.11287682154e-05, -0.000823512731586, -0.000377347343601, -0.000560256419703, -0.000281675631413, 0.00272753974423, -0.00204011704773, -0.0101432371885, 0.030462462455, -0.0120605323464, 0.00727444142103, 0.00241783214733], [-0.000542618101463, -0.00175046699587, 0.000211988197407, 6.12995718257e-05, 0.000823269074317, -0.00287072616629, -0.00285910465755, 0.00447019375861, 0.00594120286405, -0.0120605323464, 0.0251899156719, -0.0138083603233, 0.00295621831901], [0.000599843799137, -0.000615264696535, -0.0016936219763, 0.00267448206432, -0.000790034304373, 0.00085842498811, -3.51304015567e-06, -0.00290554692037, -0.00237471866421, 0.00727444142103, -0.0138083603233, 0.0303717497736, -0.0090285660699], [0.000147531594848, -0.000194940410438, 0.00187414127868, -0.00146153289825, 0.000201280447072, -0.00151917291805, -0.00225166114978, 0.0013438500464, 0.000542011810467, 0.00241783214733, 0.00295621831901, -0.0090285660699, 0.0222708247602]]
    spectral_contrast:
        mean: [-4.19617407488e-07, 4.48218571591e-07, -2.49803349561e-07, -4.42151929292e-07, -1.13342828456e-07, -6.71944917485e-08, 1.69002839812e-06, 3.66244790939e-07, 9.25960932818e-07, -1.89053264421e-06, -2.03909166885e-06, -3.39579355568e-06]
        var: [0.000311835785396, 0.000585029833019, 0.00153542053886, 0.00243601948023, 0.00351255363785, 0.00481986068189, 0.0366762578487, 0.0739475265145, 0.117517568171, 0.189173996449, 0.447236031294, 1.84089887142]

rhythm:
    beats_loudness:
        dmean: 0.00467587681487
        dmean2: 0.00867280457169
        dvar: 1.25457445392e-05
        dvar2: 3.30729526468e-05
        max: 0.0177915245295
        mean: 0.00819021183997
        min: 0.00179439398926
        var: 1.44325194924e-05
    beats_loudness_bass:
        dmean: 0.247580319643
        dmean2: 0.504770278931
        dvar: 0.0436954945326
        dvar2: 0.110926248133
        max: 0.634925365448
        mean: 0.148369595408
        min: 0.00637375796214
        var: 0.0356454141438
    bpm: 118.764884949
    bpm_confidence: 0
    first_peak_bpm: 118
    first_peak_spread: 0
    first_peak_weight: 0.944444477558
    onset_rate: 4.30914592743
    second_peak_bpm: 108
    second_peak_spread: 0
    second_peak_weight: 0.0555555559695
    beats_position: [0.382518589497, 0.888977825642, 1.39543700218, 1.90189623833, 2.40835547447, 2.91481471062, 3.42127370834, 3.92773270607, 4.4341917038, 4.94065093994, 5.44710969925, 6.00468873978, 6.5086388588, 7.0125875473, 7.51653766632, 8.02048683167, 8.52443599701, 9.02838516235, 9.53233528137]
    bpm_estimates: [118.460586548, 118.513305664, 118.429321289, 117.846946716, 118.18963623, 118.533584595, 118.786605835, 118.528030396, 118.702064514, 118.631820679, 118.548851013, 119.116661072, 119.016265869, 119.051300049, 118.786430359, 119.08441925, 119.060089111, 118.978103638, 119.061721802, 119.017860413, 119.360671997, 119.123390198]
    bpm_intervals: [0.506459236145, 0.50645917654, 0.506459236145, 0.506459236145, 0.506459236145, 0.506458997726, 0.506458997726, 0.506458997726, 0.506459236145, 0.506458759308, 0.557579040527, 0.503950119019, 0.503948688507, 0.503950119019, 0.503949165344, 0.503949165344, 0.503949165344, 0.503950119019]
    onset_times: [0.0580498874187, 0.301859408617, 0.394739240408, 0.522448956966, 0.638548731804, 0.882358253002, 1.38158726692, 1.67183673382, 1.90403628349, 2.19428563118, 2.31038546562, 2.42648530006, 2.56580495834, 2.68190479279, 2.91410422325, 3.43655323982, 3.7151927948, 3.94739222527, 4.22603178024, 4.35374164581, 4.45823144913, 4.58594083786, 4.71365070343, 4.96907043457, 5.39863967896, 5.78176879883, 5.97913837433, 6.24616765976, 6.51319742203, 6.7570066452, 7.01242637634, 7.26784563065, 7.52326536179, 7.77868461609, 8.0224943161, 8.28952407837, 8.40562343597, 8.54494285583, 8.68426322937, 8.78875255585, 9.03256225586, 9.53179168701, 9.81043052673]
    rubato_start: []
    rubato_stop: []
    perceptual_tempo: "unknown"

sfx:
    inharmonicity:
        dmean: 0.0565637946129
        dmean2: 0.100732401013
        dvar: 0.00456102518365
        dvar2: 0.0124165546149
        max: 0.411589920521
        mean: 0.0598313435912
        min: 9.56108051469e-05
        var: 0.00446306169033
    oddtoevenharmonicenergyratio:
        dmean: 2.5573759079
        dmean2: 4.77054405212
        dvar: 42.2636871338
        dvar2: 122.246490479
        max: 64.8328170776
        mean: 1.85753655434
        min: 0.00188142771367
        var: 25.1911087036
    pitch_after_max_to_before_max_energy_ratio: 0.704120457172
    pitch_centroid: 234.203338623
    pitch_max_to_total: 0.626168251038
    pitch_min_to_total: 0.61214953661
    tristimulus:
        dmean: [0.198110505939, 0.273204624653, 0.162883356214]
        dmean2: [0.348960876465, 0.485279768705, 0.291402965784]
        dvar: [0.0297855455428, 0.0486496128142, 0.0225667692721]
        dvar2: [0.0819493755698, 0.144738703966, 0.0665660575032]
        max: [0.924244105816, 0.983937323093, 0.761631071568]
        mean: [0.31380969286, 0.45818194747, 0.162251144648]
        min: [0.0113548422232, 0, 0]
        var: [0.0426167845726, 0.0646688342094, 0.0268027968705]

tonal:
    chords_changes_rate: 0.0139534883201
    chords_number_rate: 0.00930232554674
    chords_strength:
        dmean: 0.00823010317981
        dmean2: 0.00972224213183
        dvar: 3.46511915268e-05
        dvar2: 4.9752266932e-05
        max: 0.806226789951
        mean: 0.606147348881
        min: 0.477014392614
        var: 0.00997939798981
    key_strength: 0.785951972008
    tuning_diatonic_strength: 0.711362361908
    tuning_equal_tempered_deviation: 0.337704837322
    tuning_frequency: 436.456176758
    tuning_nontempered_energy_ratio: 0.975544989109
    hpcp:
        dmean: [0.210565015674, 0.231230199337, 0.201881527901, 0.190407142043, 0.209072306752, 0.167131051421, 0.121656268835, 0.140248820186, 0.170149326324, 0.213962256908, 0.200945705175, 0.192927226424, 0.15337818861, 0.147349372506, 0.131007313728, 0.10464681685, 0.119318731129, 0.135820314288, 0.133325874805, 0.0856050029397, 0.0745552331209, 0.0836894437671, 0.0956907644868, 0.131515756249, 0.223233684897, 0.255248486996, 0.240333676338, 0.167698398232, 0.0956581756473, 0.0971181988716, 0.110652662814, 0.156710013747, 0.14474336803, 0.130365625024, 0.111086018384, 0.158764705062]
        dmean2: [0.366169273853, 0.389637410641, 0.342940270901, 0.325493425131, 0.367559432983, 0.298188954592, 0.213088363409, 0.249857455492, 0.305729538202, 0.372428923845, 0.341935753822, 0.33238863945, 0.275678724051, 0.272159069777, 0.233488693833, 0.182250887156, 0.198422893882, 0.236008122563, 0.228200525045, 0.142020717263, 0.132048770785, 0.148934498429, 0.163723528385, 0.219969972968, 0.386485278606, 0.43092879653, 0.413404405117, 0.297659724951, 0.169086009264, 0.1734944731, 0.194936335087, 0.274112194777, 0.241096287966, 0.222863569856, 0.183213502169, 0.271884858608]
        dvar: [0.0586468540132, 0.056495629251, 0.0521647371352, 0.0411720313132, 0.0548735111952, 0.0313770286739, 0.0225519314408, 0.0370633527637, 0.0601912029088, 0.0460734441876, 0.0415348187089, 0.0363716222346, 0.0414587371051, 0.0479279942811, 0.0417455434799, 0.0194911286235, 0.0236518606544, 0.0299100633711, 0.0394373312593, 0.0171199440956, 0.0134263765067, 0.024364663288, 0.0125963231549, 0.0238507464528, 0.0498665645719, 0.0703030303121, 0.0526626296341, 0.041646566242, 0.0229802895337, 0.0312939733267, 0.0263829957694, 0.041714578867, 0.0312767773867, 0.0268119983375, 0.0208866391331, 0.038334466517]
        dvar2: [0.152559876442, 0.145648658276, 0.126158341765, 0.110222741961, 0.138790905476, 0.0863939151168, 0.0616229958832, 0.113091282547, 0.175488263369, 0.127421945333, 0.107275620103, 0.0981385558844, 0.114506475627, 0.135874316096, 0.118477791548, 0.0557971745729, 0.0660453885794, 0.0752646699548, 0.101737722754, 0.0448090024292, 0.0379435159266, 0.0672021657228, 0.0348035730422, 0.0663549825549, 0.140984326601, 0.165491580963, 0.136252090335, 0.119965039194, 0.0612767077982, 0.0860556736588, 0.0734511688352, 0.111240014434, 0.0757274776697, 0.0680050700903, 0.0552954375744, 0.106784462929]
        max: [1, 1, 1, 1, 1, 1, 1, 0.950583457947, 1, 1, 1, 1, 1, 1, 1, 0.933693289757, 1, 1, 1, 0.994180858135, 0.757671654224, 1, 0.644253253937, 0.900139153004, 1, 1, 1, 1, 0.946363151073, 1, 1, 1, 1, 1, 0.982804119587, 1]
        mean: [0.262961149216, 0.3217228055, 0.277666687965, 0.290724217892, 0.361625880003, 0.266500473022, 0.15377484262, 0.149729937315, 0.180764824152, 0.262838602066, 0.361815273762, 0.3003218472, 0.170559480786, 0.14805392921, 0.136809423566, 0.13254968822, 0.163096830249, 0.171216920018, 0.145046964288, 0.101460635662, 0.0754042714834, 0.0884887725115, 0.114517755806, 0.142288982868, 0.302648514509, 0.576598286629, 0.483691304922, 0.184208825231, 0.0987746044993, 0.0989660471678, 0.123925618827, 0.191658958793, 0.221590191126, 0.191522374749, 0.16152343154, 0.177345424891]
        min: [0.00735031394288, 0.00757448328659, 0.00802428182214, 0.00922819320112, 0.0102494666353, 0.0107316887006, 0.00834809429944, 0.0022092522122, 0.00332144927233, 0.00575411366299, 0.00631640618667, 0.00453621381894, 0.00300892884843, 0.00289915222675, 0.00457070209086, 0.00518332561478, 0.00657685520127, 0.00726537453011, 0.00443151267245, 0.00039911546628, 0.000480943272123, 0.00237578060478, 0.00218547973782, 0.00294504640624, 0.00496109621599, 0.00515823299065, 0.0132098300382, 0.00482078036293, 0.00173903896939, 0.00275888526812, 0.00511058000848, 0.0085500786081, 0.0107128266245, 0.0096304891631, 0.0105080269277, 0.00920194480568]
        var: [0.064420811832, 0.0796266794205, 0.0728457048535, 0.0613595843315, 0.105727165937, 0.0560236349702, 0.0253783445805, 0.0346224419773, 0.0546514652669, 0.0600459948182, 0.0877507403493, 0.0693550929427, 0.0381452441216, 0.039496563375, 0.0364254675806, 0.0192090701312, 0.0286734756082, 0.0348611436784, 0.0380056276917, 0.017611104995, 0.0118214851245, 0.0203557759523, 0.0149909770116, 0.0260035321116, 0.0617139413953, 0.146406650543, 0.106642834842, 0.0388568006456, 0.0206498615444, 0.0247081052512, 0.0223632324487, 0.0473207645118, 0.0509406030178, 0.0373034104705, 0.0282309837639, 0.0396704785526]
    chords_histogram: [24.1860466003, 0, 75.8139572144, 0, 0, 0, 0, 0, 0, 0, 0, 0, 0, 0, 0, 0, 0, 0, 0, 0, 0, 0, 0, 0]
    thpcp: [1, 0.83887052536, 0.319475144148, 0.171305760741, 0.171637773514, 0.214925408363, 0.332396000624, 0.384306013584, 0.332159101963, 0.280131667852, 0.30757188797, 0.456056058407, 0.55796700716, 0.481560021639, 0.504205822945, 0.627171278, 0.462194353342, 0.266693204641, 0.259678095579, 0.313502192497, 0.455843538046, 0.627499759197, 0.520851075649, 0.295802950859, 0.256771355867, 0.23726990819, 0.229882210493, 0.282860428095, 0.296943157911, 0.251556366682, 0.175964161754, 0.130774363875, 0.153466939926, 0.198609247804, 0.246773168445, 0.524886250496]
    chords_key: "F"
    chords_scale: "major"
    key_key: "A#"
    key_scale: "major"
    chords_progression: ["A#", "A#", "A#", "A#", "A#", "A#", "A#", "A#", "A#", "A#", "A#", "A#", "A#", "A#", "A#", "A#", "A#", "A#", "A#", "A#", "A#", "A#", "A#", "A#", "A#", "A#", "A#", "F", "F", "F", "F", "F", "F", "F", "F", "F", "F", "F", "F", "F", "F", "F", "F", "F", "F", "F", "F", "F", "F", "F", "F", "F", "F", "F", "F", "F", "F", "F", "F", "F", "F", "F", "F", "F", "F", "F", "F", "F", "F", "F", "F", "F", "F", "F", "F", "F", "F", "F", "F", "F", "F", "F", "F", "F", "F", "F", "F", "F", "F", "F", "F", "F", "F", "F", "F", "F", "F", "F", "F", "F", "F", "F", "F", "F", "F", "F", "F", "F", "F", "F", "F", "F", "F", "F", "F", "F", "F", "F", "F", "F", "F", "F", "F", "F", "F", "F", "F", "F", "F", "F", "F", "F", "F", "F", "F", "F", "F", "F", "F", "F", "F", "F", "F", "F", "F", "F", "F", "F", "F", "F", "F", "F", "F", "F", "F", "F", "F", "F", "F", "F", "F", "F", "F", "F", "F", "F", "F", "F", "F", "F", "F", "F", "F", "F", "F", "F", "F", "F", "F", "F", "A#", "A#", "A#", "A#", "A#", "A#", "A#", "A#", "A#", "A#", "A#", "A#", "A#", "A#", "A#", "A#", "A#", "A#", "A#", "A#", "A#", "A#", "A#", "A#", "A#", "F", "F", "F", "F", "F", "F", "F", "F", "F", "F"]
