
metadata:
    version:
        essentia: "1.2.2"
    audio_properties:
        analysis_sample_rate: 44100
        bitrate: 128
        channels: 2
        equal_loudness: 1
        length: 10.0832653046
        replay_gain: -7.95555114746
        downmix: "mix"
    tags:
        track: 14
        year: 0
        album: "Splitted by Mp3Splt v. 2.1"
        artist: "From 002.10 To 002.20"
        comment: "http://mp3splt.sf.net"
        genre: ""
        title: "10 They Suffocate at Night.mp3"

highlevel:
    ballroom:
        all:
            ChaChaCha: 0.00959768239409
            Jive: 0.0201996918768
            Quickstep: 0.105149775743
            Rumba-American: 0.0199536643922
            Rumba-International: 0.175595492125
            Rumba-Misc: 0.178467735648
            Samba: 0.0175823606551
            Tango: 0.0200741905719
            VienneseWaltz: 0.316798657179
            Waltz: 0.136580735445
        probability: 0.316798657179
        value: "VienneseWaltz"
    culture:
        all:
            non_western: 0.732140123844
            western: 0.267859876156
        probability: 0.732140123844
        value: "non_western"
    gender:
        all:
            female: 0.0919469669461
            male: 0.908053040504
        probability: 0.908053040504
        value: "male"
    genre_dortmund:
        all:
            alternative: 0.102682337165
            blues: 0.113777518272
            electronic: 0.0129753975198
            folkcountry: 0.191016584635
            funksoulrnb: 0.0870838910341
            jazz: 0.209014385939
            pop: 0.047238573432
            raphiphop: 0.0186675284058
            rock: 0.217543780804
        probability: 0.217543780804
        value: "rock"
    genre_electronica:
        all:
            ambient: 0.899578273296
            dnb: 0.0449426434934
            house: 0.01608742401
            techno: 0.00415273010731
            trance: 0.0352389030159
        probability: 0.899578273296
        value: "ambient"
    genre_rosamerica:
        all:
            cla: 0.217227235436
            dan: 0.034674346447
            hip: 0.0201358031482
            jaz: 0.125171080232
            pop: 0.267343640327
            rhy: 0.216773375869
            roc: 0.102555833757
            spe: 0.0161186829209
        probability: 0.267343640327
        value: "pop"
    genre_tzanetakis:
        all:
            blu: 0.0105535602197
            cla: 0.0185803603381
            cou: 0.640638291836
            dis: 0.0277122128755
            hip: 0.004902751185
            jaz: 0.048809979111
            met: 0.00494805071503
            pop: 0.0691798701882
            reg: 0.0187933892012
            roc: 0.155881538987
        probability: 0.640638291836
        value: "cou"
    live_studio:
        all:
            live: 0.187923416495
            studio: 0.812076568604
        probability: 0.812076568604
        value: "studio"
    mood:
        all:
            Cluster1: 0.10003259778
            Cluster2: 0.209562689066
            Cluster3: 0.416050165892
            Cluster4: 0.136414214969
            Cluster5: 0.137940332294
        probability: 0.416050165892
        value: "Cluster3"
    mood_acoustic:
        all:
            acoustic: 0.318329900503
            not_acoustic: 0.681670129299
        probability: 0.681670129299
        value: "not_acoustic"
    mood_aggressive:
        all:
            aggressive: 0.154428780079
            not_aggressive: 0.845571219921
        probability: 0.845571219921
        value: "not_aggressive"
    mood_electronic:
        all:
            electronic: 0.289880722761
            not_electronic: 0.710119307041
        probability: 0.710119307041
        value: "not_electronic"
    mood_happy:
        all:
            happy: 0.725115358829
            not_happy: 0.274884641171
        probability: 0.725115358829
        value: "happy"
    mood_party:
        all:
            not_party: 0.938257694244
            party: 0.0617422871292
        probability: 0.938257694244
        value: "not_party"
    mood_relaxed:
        all:
            not_relaxed: 0.058501496911
            relaxed: 0.94149851799
        probability: 0.94149851799
        value: "relaxed"
    mood_sad:
        all:
            not_sad: 0.212023451924
            sad: 0.787976562977
        probability: 0.787976562977
        value: "sad"
    rhythm:
        all:
            fast: 0.16712090373
            medium: 0.574567079544
            slow: 0.258312046528
        probability: 0.574567079544
        value: "medium"
    speech_music:
        all:
            music: 0.973347306252
            speech: 0.0266526825726
        probability: 0.973347306252
        value: "music"
    timbre:
        all:
            bright: 0.939584255219
            dark: 0.0604157447815
        probability: 0.939584255219
        value: "bright"
    voice_instrumental:
        all:
            instrumental: 0.0192177239805
            voice: 0.980782270432
        probability: 0.980782270432
        value: "voice"

lowlevel:
    average_loudness: 0.97533673048
    barkbands_kurtosis:
        dmean: 1.42852842808
        dmean2: 2.30009675026
        dvar: 2.97538304329
        dvar2: 7.4871544838
        max: 24.548576355
        mean: 2.80108070374
        min: -1.794921875
        var: 14.9288721085
    barkbands_skewness:
        dmean: 0.316549748182
        dmean2: 0.485226988792
        dvar: 0.0966784954071
        dvar2: 0.232909232378
        max: 4.13736104965
        mean: 1.52867698669
        min: -1.21636676788
        var: 0.567850351334
    barkbands_spread:
        dmean: 3.17418313026
        dmean2: 4.86596345901
        dvar: 8.73704910278
        dvar2: 19.3302936554
        max: 45.1225280762
        mean: 17.2844810486
        min: 3.10676789284
        var: 83.5390014648
    dissonance:
        dmean: 0.0247635114938
        dmean2: 0.0396006144583
        dvar: 0.000557135383133
        dvar2: 0.00138310808688
        max: 0.497947245836
        mean: 0.408578068018
        min: 0.15541665256
        var: 0.00283775106072
    hfc:
        dmean: 0.852947354317
        dmean2: 1.21031975746
        dvar: 0.840412914753
        dvar2: 1.30104339123
        max: 16.4315605164
        mean: 4.61791276932
        min: 0.00297367176972
        var: 5.09186553955
    pitch:
        dmean: 225.678771973
        dmean2: 448.660827637
        dvar: 534396.5625
        dvar2: 1523593.375
        max: 3675
        mean: 359.390197754
        min: 76.8292694092
        var: 441726.59375
    pitch_instantaneous_confidence:
        dmean: 0.0718871429563
        dmean2: 0.113398045301
        dvar: 0.00448990752921
        dvar2: 0.010901061818
        max: 0.802403509617
        mean: 0.555602431297
        min: 0.243615806103
        var: 0.0151425758377
    pitch_salience:
        dmean: 0.0607025288045
        dmean2: 0.0999719277024
        dvar: 0.00252745463513
        dvar2: 0.00619716430083
        max: 0.877917051315
        mean: 0.601481378078
        min: 0.383858561516
        var: 0.0068017388694
    silence_rate_20dB:
        dmean: 0
        dmean2: 0
        dvar: 0
        dvar2: 0
        max: 1
        mean: 1
        min: 1
        var: 0
    silence_rate_30dB:
        dmean: 0
        dmean2: 0
        dvar: 0
        dvar2: 0
        max: 1
        mean: 1
        min: 1
        var: 0
    silence_rate_60dB:
        dmean: 0.0829493105412
        dmean2: 0.16397228837
        dvar: 0.0760683566332
        dvar2: 0.164798438549
        max: 1
        mean: 0.0988505780697
        min: 0
        var: 0.089079529047
    spectral_centroid:
        dmean: 103.196517944
        dmean2: 157.103012085
        dvar: 14191.7587891
        dvar2: 31351.8378906
        max: 2367.4753418
        mean: 825.541381836
        min: 443.510894775
        var: 66205.0546875
    spectral_complexity:
        dmean: 1.54398143291
        dmean2: 2.54060316086
        dvar: 1.99805808067
        dvar2: 4.55925321579
        max: 23
        mean: 10.602771759
        min: 0
        var: 8.22094249725
    spectral_crest:
        dmean: 2.04253554344
        dmean2: 3.16088461876
        dvar: 3.31091856956
        dvar2: 8.42638874054
        max: 19.4609222412
        mean: 9.7378616333
        min: 3.37680530548
        var: 11.4110946655
    spectral_decrease:
        dmean: 3.19158421913e-10
        dmean2: 4.70249950091e-10
        dvar: 1.34860127875e-19
        dvar2: 2.89988533053e-19
        max: -1.36561096632e-12
        mean: -1.40420852723e-09
        min: -3.78320441641e-09
        var: 3.33532793913e-19
    spectral_energy:
        dmean: 0.00126170716248
        dmean2: 0.0018526565982
        dvar: 2.11218412005e-06
        dvar2: 4.49240314992e-06
        max: 0.015055777505
        mean: 0.00571866519749
        min: 5.42385578228e-06
        var: 5.40521750736e-06
    spectral_energyband_high:
        dmean: 2.57389310718e-05
        dmean2: 3.98289266741e-05
        dvar: 2.17981344086e-09
        dvar2: 5.39681854761e-09
        max: 0.000440562464064
        mean: 5.06912729179e-05
        min: 4.21601669132e-08
        var: 3.24583426803e-09
    spectral_energyband_low:
        dmean: 0.0002331687283
        dmean2: 0.000400263466872
        dvar: 2.4309539981e-07
        dvar2: 6.77439061292e-07
        max: 0.00437699537724
        mean: 0.000284249952529
        min: 3.06940080463e-07
        var: 2.19250651412e-07
    spectral_energyband_middle_high:
        dmean: 0.000242440364673
        dmean2: 0.000340983038768
        dvar: 9.22531526726e-08
        dvar2: 1.32546531972e-07
        max: 0.00540960161015
        mean: 0.00116256345063
        min: 3.12212335984e-07
        var: 7.05690126779e-07
    spectral_energyband_middle_low:
        dmean: 0.00108331115916
        dmean2: 0.00164433487225
        dvar: 1.40988026942e-06
        dvar2: 3.18982529279e-06
        max: 0.0108129940927
        mean: 0.00422115344554
        min: 4.7116695896e-06
        var: 3.71745340999e-06
    spectral_flatness_db:
        dmean: 0.0170869808644
        dmean2: 0.025631967932
        dvar: 0.000244073977228
        dvar2: 0.000490620848723
        max: 0.295349836349
        mean: 0.210319876671
        min: 0.116576656699
        var: 0.00139368290547
    spectral_flux:
        dmean: 0.00952113885432
        dmean2: 0.0148424264044
        dvar: 8.89751536306e-05
        dvar2: 0.000190546605154
        max: 0.0831634327769
        mean: 0.0328910462558
        min: 0.00963116716594
        var: 0.000221343550947
    spectral_kurtosis:
        dmean: 2.62709188461
        dmean2: 4.57187509537
        dvar: 7.55309963226
        dvar2: 23.4841213226
        max: 20.3936786652
        mean: 6.93004560471
        min: 0.141784906387
        var: 13.4247512817
    spectral_rms:
        dmean: 0.000257907842752
        dmean2: 0.000373003509594
        dvar: 8.23498211844e-08
        dvar2: 1.57480116059e-07
        max: 0.0038325660862
        mean: 0.00231266370974
        min: 7.27431543055e-05
        var: 2.3077089395e-07
    spectral_rolloff:
        dmean: 304.006500244
        dmean2: 525.739074707
        dvar: 229735.921875
        dvar2: 540659.4375
        max: 3617.578125
        mean: 1450.13476562
        min: 366.064453125
        var: 815429.5
    spectral_skewness:
        dmean: 0.273620098829
        dmean2: 0.45680141449
        dvar: 0.0647138729692
        dvar2: 0.196102827787
        max: 3.68524074554
        mean: 1.97463941574
        min: 0.942583739758
        var: 0.1998398453
    spectral_spread:
        dmean: 492736.9375
        dmean2: 645870.6875
        dvar: 783011545088
        dvar2: 711311425536
        max: 23348988
        mean: 3831923.25
        min: 1965916.5
        var: 2.36938487398e+12
    spectral_strongpeak:
        dmean: 0.284125715494
        dmean2: 0.489367485046
        dvar: 0.223478391767
        dvar2: 0.617143154144
        max: 5.0460858345
        mean: 0.79174721241
        min: 0.00259617250413
        var: 0.312180161476
    zerocrossingrate:
        dmean: 0.00479578087106
        dmean2: 0.00596020324156
        dvar: 1.46248130477e-05
        dvar2: 2.03394829441e-05
        max: 0.10498046875
        mean: 0.050085477531
        min: 0.00244140625
        var: 0.000207283141208
    barkbands:
        dmean: [1.83554575983e-07, 3.48098583345e-05, 0.000205447417102, 0.00021505766199, 0.000357257318683, 0.000427053309977, 0.000419805088313, 0.000274360732874, 0.000215050735278, 6.82953104842e-05, 2.57099327428e-05, 6.71623420203e-05, 4.51837840956e-05, 2.46279778366e-05, 1.74296710611e-05, 2.19709163503e-05, 6.2741622969e-05, 6.74707844155e-05, 7.05144266249e-05, 2.97602582577e-05, 1.01221730802e-05, 5.41552208233e-06, 1.53878227138e-06, 6.14862187831e-07, 5.74343800963e-07, 1.46762326736e-08, 1.33801536517e-09]
        dmean2: [2.75583943221e-07, 5.58884639759e-05, 0.000358721707016, 0.000347459834302, 0.00057978957193, 0.000679432007018, 0.00063885608688, 0.000422910030466, 0.000303143169731, 8.70561270858e-05, 4.10149114032e-05, 0.000103322709037, 6.42250524834e-05, 4.00355565944e-05, 2.78497791442e-05, 3.45420739905e-05, 0.000102325197076, 0.000102847683593, 9.31321264943e-05, 4.76833411085e-05, 1.60533436429e-05, 7.74621912569e-06, 2.33918012782e-06, 8.58804924064e-07, 7.63001764881e-07, 2.24912977131e-08, 2.12899076146e-09]
        dvar: [3.57719767436e-13, 8.05586708452e-09, 1.95659666247e-07, 1.96810077568e-07, 3.24225283066e-07, 2.59059703467e-07, 3.68373520132e-07, 2.46065297915e-07, 1.75430145077e-07, 2.46344598054e-08, 1.72840275425e-09, 1.08650519692e-08, 1.06640696274e-08, 2.8297451049e-09, 1.16392095961e-09, 1.32721944546e-09, 8.97439811354e-09, 6.02033267683e-09, 1.6488222343e-08, 1.67408575891e-09, 2.94216595531e-10, 1.04429145886e-10, 1.03662139636e-11, 2.41906494836e-12, 2.23736285575e-12, 2.04773073735e-15, 2.20365203288e-16]
        dvar2: [8.3609649152e-13, 2.01268353095e-08, 5.50268453026e-07, 4.37168921508e-07, 8.67151754846e-07, 5.83870246373e-07, 1.09629627332e-06, 5.7483788396e-07, 3.39146026818e-07, 2.9300732507e-08, 4.36903935253e-09, 2.10392929745e-08, 2.09577759591e-08, 6.81379930256e-09, 3.02285818599e-09, 2.42171216414e-09, 1.94606943893e-08, 1.15056986161e-08, 2.49677984954e-08, 4.10343670154e-09, 7.46893491499e-10, 2.08458431072e-10, 2.34788213177e-11, 4.89447675098e-12, 4.35042366714e-12, 4.60105671146e-15, 5.55175410361e-16]
        max: [6.83776579535e-06, 0.000650502624922, 0.0037264097482, 0.00440159020945, 0.00579593144357, 0.00448115635663, 0.0061352099292, 0.00599816348404, 0.00640879012644, 0.00350371073, 0.000624552660156, 0.00164153939113, 0.00186644506175, 0.000814620812889, 0.000550834462047, 0.000665181665681, 0.00132659182418, 0.00106811453588, 0.00305092032067, 0.000355328636942, 0.000157807386131, 0.000148576858919, 3.47973873431e-05, 1.9360015358e-05, 1.73825446836e-05, 5.49092135316e-07, 2.2071607475e-07]
        mean: [1.52722265057e-07, 3.593018846e-05, 0.000248176715104, 0.000251339981332, 0.000694425718393, 0.000817283347715, 0.000905555672944, 0.00067357235821, 0.000831178331282, 0.000172411091626, 5.80306223128e-05, 0.000185414843145, 9.82314450084e-05, 4.72003848699e-05, 3.57930548489e-05, 5.21114161529e-05, 0.000136849776027, 0.000200590628083, 0.00018199175247, 5.89439805481e-05, 1.82748499356e-05, 1.0465781088e-05, 2.81470261143e-06, 1.01673651898e-06, 8.93742480912e-07, 1.777626224e-08, 7.76993525076e-10]
        min: [1.37943710274e-11, 9.76854153123e-09, 7.60107639053e-08, 1.1137423428e-07, 3.47754649965e-07, 1.45122669437e-06, 2.15697764361e-06, 5.29637873115e-07, 1.06405032341e-07, 2.42671109874e-08, 1.85094339855e-08, 6.29081640113e-08, 2.63873740636e-08, 2.2989672388e-08, 2.93593083178e-09, 1.6975700845e-08, 4.12622931378e-08, 5.94164504264e-08, 3.61591929732e-08, 1.66491158637e-08, 9.54498347028e-09, 5.64411495318e-09, 5.10354558614e-09, 3.80315690052e-09, 2.07792938411e-09, 1.40321261555e-11, 1.54646369495e-13]
        var: [2.72111489157e-13, 7.40531191923e-09, 1.75955463533e-07, 2.17135308844e-07, 4.20222164621e-07, 6.12033375091e-07, 6.5268977778e-07, 7.92112075487e-07, 1.75013815351e-06, 1.44697310134e-07, 6.0608158492e-09, 5.37782156584e-08, 4.9259796242e-08, 7.72418662365e-09, 2.53950038775e-09, 5.91587090426e-09, 3.07681027323e-08, 3.3114833542e-08, 7.96232555444e-08, 4.09041245319e-09, 4.42519521027e-10, 2.24721366515e-10, 1.81428864987e-11, 4.19698780937e-12, 4.06265038971e-12, 2.31856761641e-15, 1.12177284826e-16]
    mfcc:
        mean: [-738.587158203, 151.163345337, -42.817401886, 44.4875335693, -24.8993778229, -27.403881073, -18.4124603271, -7.68292617798, -19.8391170502, -14.4918775558, 2.91163158417, -4.2178812027, -4.05314493179]
        cov: [[1608.57177734, -586.65411377, 295.136505127, -237.556716919, -89.0232925415, 99.9036560059, 239.303649902, 57.1760597229, 156.804824829, 7.11466121674, 16.0382785797, 3.77455759048, 2.47309088707], [-586.65411377, 681.784057617, -249.639831543, 73.8630599976, -18.7923603058, -13.6991319656, -62.9933547974, 77.3175735474, -33.8321266174, 30.2057647705, 33.413608551, 29.0545692444, -15.126490593], [295.136505127, -249.639831543, 348.741027832, -10.686214447, 34.999710083, 48.4424972534, 90.0406799316, -13.6755027771, 71.4422225952, 11.2084083557, -31.942440033, 11.6073598862, 33.7501068115], [-237.556716919, 73.8630599976, -10.686214447, 456.914794922, 422.272613525, 43.2501449585, -84.5821609497, -66.5948638916, -51.5688323975, 101.019035339, 17.2618942261, -23.9551639557, -8.8042345047], [-89.0232925415, -18.7923603058, 34.999710083, 422.272613525, 719.66809082, 77.5268249512, -72.1608810425, -81.8040924072, -50.5657463074, 152.736724854, 58.3696937561, -13.7356519699, -24.9927597046], [99.9036560059, -13.6991319656, 48.4424972534, 43.2501449585, 77.5268249512, 127.33241272, 29.1558456421, -1.23862612247, 21.0031642914, 23.9058113098, 26.1123809814, 22.2599716187, -3.75923871994], [239.303649902, -62.9933547974, 90.0406799316, -84.5821609497, -72.1608810425, 29.1558456421, 125.879051208, 45.3782730103, 47.5868492126, 5.15605592728, 5.7351102829, 24.5665206909, 7.3504486084], [57.1760597229, 77.3175735474, -13.6755027771, -66.5948638916, -81.8040924072, -1.23862612247, 45.3782730103, 100.61026001, 38.0481109619, 5.66341209412, 13.9307022095, 8.13725376129, -1.16560900211], [156.804824829, -33.8321266174, 71.4422225952, -51.5688323975, -50.5657463074, 21.0031642914, 47.5868492126, 38.0481109619, 96.7852706909, 24.9105873108, 5.1746878624, 12.4789228439, 8.48593711853], [7.11466121674, 30.2057647705, 11.2084083557, 101.019035339, 152.736724854, 23.9058113098, 5.15605592728, 5.66341209412, 24.9105873108, 103.510025024, 27.0980434418, 3.90019798279, -1.70311117172], [16.0382785797, 33.413608551, -31.942440033, 17.2618942261, 58.3696937561, 26.1123809814, 5.7351102829, 13.9307022095, 5.1746878624, 27.0980434418, 65.6091308594, 22.1280117035, -4.57249879837], [3.77455759048, 29.0545692444, 11.6073598862, -23.9551639557, -13.7356519699, 22.2599716187, 24.5665206909, 8.13725376129, 12.4789228439, 3.90019798279, 22.1280117035, 66.0638275146, 14.2217884064], [2.47309088707, -15.126490593, 33.7501068115, -8.8042345047, -24.9927597046, -3.75923871994, 7.3504486084, -1.16560900211, 8.48593711853, -1.70311117172, -4.57249879837, 14.2217884064, 46.7713088989]]
        icov: [[0.00140772061422, 0.00107721891254, 0.000214098123251, 0.000374915107386, -0.00020683305047, -0.000576315622311, -0.00161877134815, -0.000423952267738, -0.00097598467255, 5.64456713619e-05, -0.000376593467081, 0.000606065674219, 0.000235054132645], [0.00107721891254, 0.00345351011492, 0.00164538889658, -0.000540043867659, 0.000322913256241, -0.000754728622269, -0.000101423844171, -0.00294250366278, -0.000129998967168, -0.000900897139218, 0.000475948327221, -0.00149361882359, 0.000316962104989], [0.000214098123251, 0.00164538889658, 0.00649227481335, -0.000262642482994, -0.00112563965376, -0.00120596820489, -0.00360132358037, 0.000845957489219, -0.0037138373591, 0.000999047304504, 0.00380112417042, -0.000531819765456, -0.00308128795587], [0.000374915107386, -0.000540043867659, -0.000262642482994, 0.00604990683496, -0.00277062086388, -0.00119244516827, 0.00109124800656, 0.000851406599395, 0.000946066982578, -0.00213637831621, 0.00133950309828, 0.00152257713489, -0.00117421790492], [-0.00020683305047, 0.000322913256241, -0.00112563965376, -0.00277062086388, 0.00457454938442, -0.000595580844674, 0.00129493698478, 0.000692938396242, 0.00239798543043, -0.00387292564847, -0.00243250094354, -0.000160236420925, 0.00185125041753], [-0.000576315622311, -0.000754728622269, -0.00120596820489, -0.00119244516827, -0.000595580844674, 0.0110072242096, -0.00161178130656, 0.00153142306954, -0.00159972358961, 0.00123785401229, -0.00321222818457, -0.00241280044429, 0.00204500579275], [-0.00161877134815, -0.000101423844171, -0.00360132358037, 0.00109124800656, 0.00129493698478, -0.00161178130656, 0.0177992582321, -0.00585840176791, 0.00158161250874, -0.00289515499026, 0.000257424340816, -0.00444803480059, 0.00146135583054], [-0.000423952267738, -0.00294250366278, 0.000845957489219, 0.000851406599395, 0.000692938396242, 0.00153142306954, -0.00585840176791, 0.0184948276728, -0.0050672874786, -0.000127297680592, -0.0034321078565, 0.0030922354199, 0.000134527945193], [-0.00097598467255, -0.000129998967168, -0.0037138373591, 0.000946066982578, 0.00239798543043, -0.00159972358961, 0.00158161250874, -0.0050672874786, 0.0201769191772, -0.00815814267844, -0.000164082259289, -0.0010934349848, 4.0967042878e-06], [5.64456713619e-05, -0.000900897139218, 0.000999047304504, -0.00213637831621, -0.00387292564847, 0.00123785401229, -0.00289515499026, -0.000127297680592, -0.00815814267844, 0.0202873386443, -0.00348615134135, 0.00112502765842, -0.00139963545371], [-0.000376593467081, 0.000475948327221, 0.00380112417042, 0.00133950309828, -0.00243250094354, -0.00321222818457, 0.000257424340816, -0.0034321078565, -0.000164082259289, -0.00348615134135, 0.0248316191137, -0.00769066577777, 0.000668043328915], [0.000606065674219, -0.00149361882359, -0.000531819765456, 0.00152257713489, -0.000160236420925, -0.00241280044429, -0.00444803480059, 0.0030922354199, -0.0010934349848, 0.00112502765842, -0.00769066577777, 0.0226245932281, -0.00674016820267], [0.000235054132645, 0.000316962104989, -0.00308128795587, -0.00117421790492, 0.00185125041753, 0.00204500579275, 0.00146135583054, 0.000134527945193, 4.0967042878e-06, -0.00139963545371, 0.000668043328915, -0.00674016820267, 0.0264635104686]]
    spectral_contrast:
        mean: [-9.15922413469e-08, -8.45460235155e-08, 5.11216526888e-08, 2.06689080073e-07, 1.19622256989e-07, -9.8973991669e-08, 3.33483171744e-06, -3.27619062546e-07, 5.8475870901e-07, 2.02628257284e-06, 2.6548157166e-06, -3.38961831403e-06]
        var: [0.000556363433134, 0.00091254839208, 0.00176926632412, 0.00228129723109, 0.00320283812471, 0.00745938485488, 0.0464639365673, 0.0897622033954, 0.132859170437, 0.243117839098, 0.658864557743, 1.39663028717]

rhythm:
    beats_loudness:
        dmean: 0.00245541357435
        dmean2: 0.00408977782354
        dvar: 3.08992389364e-06
        dvar2: 1.00525739981e-05
        max: 0.010052356869
        mean: 0.00639154622331
        min: 0.00303218467161
        var: 4.54078826806e-06
    beats_loudness_bass:
        dmean: 0.0674826875329
        dmean2: 0.132625877857
        dvar: 0.00605515576899
        dvar2: 0.0198622215539
        max: 0.287668168545
        mean: 0.10698389262
        min: 0.00308483047411
        var: 0.00961722619832
    bpm: 100.909645081
    bpm_confidence: 0
    first_peak_bpm: 101
    first_peak_spread: 0
    first_peak_weight: 0.9375
    onset_rate: 3.76862049103
    second_peak_bpm: 120
    second_peak_spread: 0
    second_peak_weight: 0.0625
    beats_position: [0.141172796488, 0.736470162868, 1.33176767826, 1.92706501484, 2.52236247063, 3.11765980721, 3.71295690536, 4.30825424194, 4.90355157852, 5.4988489151, 5.99827528, 6.59124898911, 7.18422412872, 7.77719783783, 8.37017250061, 8.96314716339, 9.55612182617]
    bpm_estimates: [100.859992981, 100.22278595, 100.52545166, 101.157150269, 99.7148208618, 102.258888245, 99.6487731934, 100.253013611, 100.742797852, 102.601913452, 101.461082458, 101.204322815, 101.716644287, 100.367301941]
    bpm_intervals: [0.595297336578, 0.595297515392, 0.595297336578, 0.595297455788, 0.595297336578, 0.59529709816, 0.595297336578, 0.595297336578, 0.595297336578, 0.499426364899, 0.592973709106, 0.592975139618, 0.592973709106, 0.592974662781, 0.592974662781, 0.592974662781]
    onset_times: [0.0580498874187, 0.162539675832, 0.452789127827, 0.684988677502, 0.731428563595, 1.03328800201, 1.33514738083, 1.6137868166, 1.91564631462, 2.20589566231, 2.38004541397, 2.51936507225, 2.7863945961, 3.12308382988, 3.41333341599, 3.7151927948, 3.94739222527, 4.07510185242, 4.33052158356, 4.63238096237, 4.95746040344, 5.52634906769, 6.15328788757, 6.37387752533, 6.65251684189, 6.74539661407, 6.98920631409, 7.17496585846, 7.30267572403, 7.60453510284, 7.89478445053, 8.2198638916, 8.52172374725, 8.78875255585, 9.13705253601, 9.43891143799, 9.75238132477, 10.0078001022]
    rubato_start: []
    rubato_stop: []
    perceptual_tempo: "unknown"

sfx:
    inharmonicity:
        dmean: 0.0429276898503
        dmean2: 0.0787411630154
        dvar: 0.00366489193402
        dvar2: 0.0116570945829
        max: 0.446956902742
        mean: 0.0391479060054
        min: 0
        var: 0.00277701602317
    oddtoevenharmonicenergyratio:
        dmean: 7.49309301376
        dmean2: 14.4722652435
        dvar: 1685.32971191
        dvar2: 5021.20410156
        max: 514.231262207
        mean: 4.56097984314
        min: 0
        var: 860.602905273
    pitch_after_max_to_before_max_energy_ratio: 0.131768062711
    pitch_centroid: 160.74130249
    pitch_max_to_total: 0.37644341588
    pitch_min_to_total: 0.184757500887
    tristimulus:
        dmean: [0.241467982531, 0.27276468277, 0.0703795403242]
        dmean2: [0.428964912891, 0.481329858303, 0.123172201216]
        dvar: [0.0407154969871, 0.0571867190301, 0.0079576568678]
        dvar2: [0.10458137095, 0.165007218719, 0.021371902898]
        max: [1, 0.976231992245, 0.740495800972]
        mean: [0.420089691877, 0.4498501122, 0.0772514939308]
        min: [0.00203898060136, 0, 0]
        var: [0.0595740228891, 0.072380527854, 0.00778269395232]

tonal:
    chords_changes_rate: 0.0366972461343
    chords_number_rate: 0.0321100912988
    chords_strength:
        dmean: 0.00775533216074
        dmean2: 0.00691533414647
        dvar: 5.75419944653e-05
        dvar2: 5.03401352034e-05
        max: 0.722060441971
        mean: 0.540847539902
        min: 0.363726556301
        var: 0.0142830992118
    key_strength: 0.760220944881
    tuning_diatonic_strength: 0.611934959888
    tuning_equal_tempered_deviation: 0.0832403749228
    tuning_frequency: 445.627075195
    tuning_nontempered_energy_ratio: 0.676413357258
    hpcp:
        dmean: [0.139291003346, 0.137119486928, 0.123032599688, 0.111582778394, 0.0888592228293, 0.0575261749327, 0.0536591522396, 0.0657913312316, 0.0942328125238, 0.126033186913, 0.0988504141569, 0.0683306530118, 0.0999850183725, 0.10985390842, 0.115214899182, 0.108261980116, 0.064415179193, 0.0333391726017, 0.0439675077796, 0.0696424022317, 0.0830505117774, 0.119436696172, 0.13685156405, 0.182499930263, 0.178633987904, 0.110497996211, 0.0449967160821, 0.038756981492, 0.0566411539912, 0.07616789639, 0.0906632244587, 0.0636693164706, 0.0365969538689, 0.0476776100695, 0.0597322918475, 0.108848258853]
        dmean2: [0.235856756568, 0.233396694064, 0.219145178795, 0.200571119785, 0.160813778639, 0.106612674892, 0.0911566242576, 0.112935259938, 0.154255226254, 0.188824146986, 0.162329107523, 0.118986256421, 0.174051597714, 0.189726263285, 0.194391265512, 0.184056341648, 0.107288613915, 0.0565908625722, 0.0764865800738, 0.11729542166, 0.144934669137, 0.199359536171, 0.233041673899, 0.29129883647, 0.271029263735, 0.174829870462, 0.0819439813495, 0.0682425945997, 0.0922482684255, 0.112273044884, 0.141061812639, 0.100266560912, 0.0594367906451, 0.0752507522702, 0.0959197878838, 0.181295454502]
        dvar: [0.0380137600005, 0.0248724017292, 0.0280531421304, 0.0345965996385, 0.0249147489667, 0.0179492644966, 0.0138489771634, 0.0211875773966, 0.0154710905626, 0.020419402048, 0.0189645718783, 0.0192731339484, 0.0356036797166, 0.0340993069112, 0.0386998355389, 0.0299188625067, 0.0167358443141, 0.00536704715341, 0.0114406011999, 0.023303726688, 0.0320213586092, 0.0350677631795, 0.0374411456287, 0.0486812181771, 0.0366765260696, 0.0207858551294, 0.00940106716007, 0.00619452772662, 0.013215332292, 0.0162256341428, 0.0283484440297, 0.0104595897719, 0.00368973845616, 0.0125095229596, 0.0162560380995, 0.0290799010545]
        dvar2: [0.0857142060995, 0.0651735961437, 0.0724901780486, 0.0935529321432, 0.0817101895809, 0.0570338517427, 0.0387372709811, 0.0554787181318, 0.0402174405754, 0.0418092943728, 0.0563435889781, 0.053967230022, 0.100142396986, 0.0864518135786, 0.0947205647826, 0.06844548136, 0.0400249436498, 0.0139046916738, 0.0307039450854, 0.0486506633461, 0.0757156461477, 0.0986975803971, 0.0890598297119, 0.134258836508, 0.0833239629865, 0.0533296838403, 0.0277115702629, 0.0177051965147, 0.0324218720198, 0.0261801015586, 0.0586327388883, 0.0243882294744, 0.00918553210795, 0.0274980198592, 0.0274048484862, 0.0632641389966]
        max: [1, 0.819947421551, 1, 1, 1, 0.925113320351, 1, 1, 1, 1, 1, 1, 1, 1, 1, 1, 1, 0.604476869106, 1, 1, 1, 1, 1, 1, 1, 1, 0.670007050037, 0.762254834175, 0.896727085114, 1, 1, 0.759124696255, 0.516384780407, 1, 1, 1]
        mean: [0.249418541789, 0.18491306901, 0.252361953259, 0.306049287319, 0.146464884281, 0.0583281069994, 0.0726927816868, 0.0681387111545, 0.15829449892, 0.261631786823, 0.169334918261, 0.0804595574737, 0.102287426591, 0.129907444119, 0.17762221396, 0.164377421141, 0.0770209655166, 0.0372593998909, 0.0431657917798, 0.0972163900733, 0.20031760633, 0.222580865026, 0.200867936015, 0.301438182592, 0.333457916975, 0.161799743772, 0.0434436313808, 0.0467825755477, 0.0736109018326, 0.160795286298, 0.200671613216, 0.104819647968, 0.0475332513452, 0.0544169507921, 0.0664641931653, 0.17411659658]
        min: [0.00127416127361, 0.00062482903013, 0, 0, 0, 0, 0, 0, 0, 0.000597652629949, 0.000643715902697, 0.00037409568904, 0.000230338235269, 0, 0.000214839034015, 0.000364804931451, 0.00039477343671, 0.000325412402162, 0.00020523184503, 0.000421199394623, 0.000609114940744, 0.000672024150845, 0.0042157783173, 0.00276753655635, 0.00193549168762, 0.000405245809816, 0.00148165225983, 0.000562239554711, 0.000447234371677, 0.00195416226052, 0.00436037266627, 0.000690229644533, 0, 0.000159760180395, 0.000618838064838, 0.00128530198708]
        var: [0.103937141597, 0.0401068031788, 0.0889834314585, 0.154515817761, 0.041862256825, 0.0146255381405, 0.0246166400611, 0.0248222760856, 0.0280328784138, 0.0686235800385, 0.0296064671129, 0.0178884491324, 0.0325079783797, 0.0545648187399, 0.0729917138815, 0.0592804439366, 0.0187340211123, 0.00594268320128, 0.00968682672828, 0.0406823009253, 0.109290711582, 0.0931696295738, 0.0636196956038, 0.0920909047127, 0.091404505074, 0.0299682486802, 0.0065452051349, 0.00762184616178, 0.0154351787642, 0.058958478272, 0.0993645265698, 0.0225981306285, 0.00576099567115, 0.0153907136992, 0.0200446918607, 0.0557627975941]
    chords_histogram: [23.8532104492, 20.1834869385, 0, 0, 13.7614679337, 0, 0, 0, 0, 1.83486235142, 0, 0, 0, 0, 0, 1.37614679337, 0, 0, 0, 0, 0, 0, 34.8623847961, 4.1284403801]
    thpcp: [1, 0.485217869282, 0.130282208323, 0.140295296907, 0.220750197768, 0.482205629349, 0.60178989172, 0.314341455698, 0.142546474934, 0.163189858198, 0.199318081141, 0.52215462923, 0.747976064682, 0.554531931877, 0.756802976131, 0.917804837227, 0.439230501652, 0.174918949604, 0.217996865511, 0.204339757562, 0.474706083536, 0.784602105618, 0.50781494379, 0.241288498044, 0.30674764514, 0.389576733112, 0.532667577267, 0.492948025465, 0.230976566672, 0.111736439168, 0.129448994994, 0.291540205479, 0.600728273392, 0.667493104935, 0.602378666401, 0.903976678848]
    chords_key: "A#"
    chords_scale: "major"
    key_key: "F"
    key_scale: "major"
    chords_progression: ["A#", "A#", "A#", "A#", "A#", "A#", "A#", "A#", "A#", "A#", "A#", "A#", "A#", "A#", "A#", "A#", "A#", "A#", "A#", "A#", "A#", "A#m", "A#m", "A#m", "A#", "A#", "A#", "A#", "A#", "A#", "A#", "A#", "A#", "A#", "A#", "A#", "A#", "A#", "A#", "A#", "A#", "A#", "A#", "A#", "A#", "A#", "A#", "A#", "A#", "A#", "A#", "A#", "A#", "A#", "A#", "A#", "A#", "A#", "A#", "A#", "A#", "A#", "A#", "A#", "A#", "A#", "A#", "A#", "A#", "A#", "A#", "A#", "A#", "A#", "A#", "A#", "A#", "A#", "A#", "F", "F", "F", "F", "F", "F", "F", "F", "F", "F", "F", "F", "F", "F", "F", "F", "F", "F", "F", "F", "F", "F", "F", "F", "F", "F", "F", "F", "F", "Am", "Am", "Am", "Am", "Am", "Am", "Am", "Am", "Am", "Am", "Am", "Am", "Am", "Am", "Am", "Am", "Am", "Am", "Am", "Am", "Am", "Am", "Am", "Am", "Am", "Am", "Am", "Am", "Am", "Am", "Am", "Am", "Am", "Am", "Am", "Am", "Am", "Am", "Am", "Am", "Am", "Am", "Am", "Am", "F", "F", "F", "F", "F", "F", "F", "F", "F", "F", "F", "F", "F", "F", "F", "F", "F", "F", "F", "F", "F", "F", "F", "C#m", "C#m", "C#m", "C#m", "Dm", "Dm", "Dm", "Dm", "Dm", "Dm", "Dm", "Dm", "Dm", "G", "G", "G", "G", "G", "G", "G", "G", "G", "G", "G", "G", "G", "G", "G", "G", "G", "G", "G", "G", "G", "G", "G", "G", "G", "G", "G", "G", "G", "G"]
