
metadata:
    version:
        essentia: "1.2.2"
    audio_properties:
        analysis_sample_rate: 44100
        bitrate: 128
        channels: 2
        equal_loudness: 1
        length: 10.1355104446
        replay_gain: -9.77927780151
        downmix: "mix"
    tags:
        track: 30
        year: 0
        album: "Splitted by Mp3Splt v. 2.1"
        artist: "From 004.50 To 005.00"
        comment: "http://mp3splt.sf.net"
        genre: ""
        title: "09 Cool Kids of Death.mp3"

highlevel:
    ballroom:
        all:
            ChaChaCha: 0.0401693470776
            Jive: 0.0188816543669
            Quickstep: 0.00228201667778
            Rumba-American: 0.00183055666275
            Rumba-International: 0.0723224356771
            Rumba-Misc: 0.0305350329727
            Samba: 0.829198300838
            Tango: 0.00157827790827
            VienneseWaltz: 0.00185579725076
            Waltz: 0.00134658848401
        probability: 0.829198300838
        value: "Samba"
    culture:
        all:
            non_western: 0.0390730574727
            western: 0.960926949978
        probability: 0.960926949978
        value: "western"
    gender:
        all:
            female: 0.832148909569
            male: 0.167851090431
        probability: 0.832148909569
        value: "female"
    genre_dortmund:
        all:
            alternative: 0.0819595754147
            blues: 0.0028994649183
            electronic: 0.525169968605
            folkcountry: 0.0204516835511
            funksoulrnb: 0.00529523706064
            jazz: 0.0154143488035
            pop: 0.10830476135
            raphiphop: 0.0935713946819
            rock: 0.146933570504
        probability: 0.525169968605
        value: "electronic"
    genre_electronica:
        all:
            ambient: 0.0447246693075
            dnb: 0.116235554218
            house: 0.039703708142
            techno: 0.146949857473
            trance: 0.652386188507
        probability: 0.652386188507
        value: "trance"
    genre_rosamerica:
        all:
            cla: 0.00126958021428
            dan: 0.879040420055
            hip: 0.0480407439172
            jaz: 0.00136048323475
            pop: 0.0141373462975
            rhy: 0.0233002863824
            roc: 0.0318708717823
            spe: 0.000980294076726
        probability: 0.879040420055
        value: "dan"
    genre_tzanetakis:
        all:
            blu: 0.0031459806487
            cla: 0.00307260989211
            cou: 0.00825226679444
            dis: 0.037131909281
            hip: 0.0523115620017
            jaz: 0.0114000476897
            met: 0.0391107611358
            pop: 0.573510169983
            reg: 0.229081809521
            roc: 0.0429829061031
        probability: 0.573510169983
        value: "pop"
    live_studio:
        all:
            live: 0.0714942142367
            studio: 0.928505778313
        probability: 0.928505778313
        value: "studio"
    mood:
        all:
            Cluster1: 0.310353040695
            Cluster2: 0.0107005108148
            Cluster3: 0.0155062954873
            Cluster4: 0.00436055660248
            Cluster5: 0.659079611301
        probability: 0.659079611301
        value: "Cluster5"
    mood_acoustic:
        all:
            acoustic: 0.0240173600614
            not_acoustic: 0.975982666016
        probability: 0.975982666016
        value: "not_acoustic"
    mood_aggressive:
        all:
            aggressive: 0.0455536842346
            not_aggressive: 0.954446315765
        probability: 0.954446315765
        value: "not_aggressive"
    mood_electronic:
        all:
            electronic: 0.982598781586
            not_electronic: 0.0174012240022
        probability: 0.982598781586
        value: "electronic"
    mood_happy:
        all:
            happy: 0.343736290932
            not_happy: 0.656263709068
        probability: 0.656263709068
        value: "not_happy"
    mood_party:
        all:
            not_party: 0.441373646259
            party: 0.558626353741
        probability: 0.558626353741
        value: "party"
    mood_relaxed:
        all:
            not_relaxed: 0.787347078323
            relaxed: 0.212652891874
        probability: 0.787347078323
        value: "not_relaxed"
    mood_sad:
        all:
            not_sad: 0.577730476856
            sad: 0.422269523144
        probability: 0.577730476856
        value: "not_sad"
    rhythm:
        all:
            fast: 0.581567823887
            medium: 0.309470266104
            slow: 0.108961924911
        probability: 0.581567823887
        value: "fast"
    speech_music:
        all:
            music: 0.999999880791
            speech: 1.00000008274e-07
        probability: 0.999999880791
        value: "music"
    timbre:
        all:
            bright: 0.520711302757
            dark: 0.479288697243
        probability: 0.520711302757
        value: "bright"
    voice_instrumental:
        all:
            instrumental: 0.681589841843
            voice: 0.318410128355
        probability: 0.681589841843
        value: "instrumental"

lowlevel:
    average_loudness: 0.976234316826
    barkbands_kurtosis:
        dmean: 1.9125893116
        dmean2: 2.89557409286
        dvar: 5.87084197998
        dvar2: 12.3266363144
        max: 28.3218822479
        mean: 1.53425097466
        min: -1.85985553265
        var: 11.942858696
    barkbands_skewness:
        dmean: 0.545295774937
        dmean2: 0.827769458294
        dvar: 0.23873232305
        dvar2: 0.546548366547
        max: 4.24415540695
        mean: 1.19704043865
        min: -1.11901438236
        var: 0.656794726849
    barkbands_spread:
        dmean: 10.1731834412
        dmean2: 14.9751987457
        dvar: 82.68019104
        dvar2: 153.02583313
        max: 75.6007995605
        mean: 33.2083396912
        min: 3.20768880844
        var: 267.473297119
    dissonance:
        dmean: 0.0267250686884
        dmean2: 0.0395514406264
        dvar: 0.000757207570132
        dvar2: 0.00152904121205
        max: 0.497860997915
        mean: 0.450365871191
        min: 0.172861337662
        var: 0.00155322614592
    hfc:
        dmean: 2.75287222862
        dmean2: 4.2495598793
        dvar: 19.9834594727
        dvar2: 50.4249649048
        max: 26.6863250732
        mean: 3.58121848106
        min: 0.0142617337406
        var: 19.6780166626
    pitch:
        dmean: 840.350646973
        dmean2: 1602.98791504
        dvar: 1906919.5
        dvar2: 4649276.5
        max: 4410
        mean: 905.892333984
        min: 69.4488220215
        var: 1931898.875
    pitch_instantaneous_confidence:
        dmean: 0.0842060446739
        dmean2: 0.127362251282
        dvar: 0.00441506644711
        dvar2: 0.0104255788028
        max: 0.81902050972
        mean: 0.34484115243
        min: 0.151420354843
        var: 0.0120017183945
    pitch_salience:
        dmean: 0.0610487647355
        dmean2: 0.0987499281764
        dvar: 0.00296050449833
        dvar2: 0.00847738608718
        max: 0.894541561604
        mean: 0.593184888363
        min: 0.298682838678
        var: 0.0051929038018
    silence_rate_20dB:
        dmean: 0
        dmean2: 0
        dvar: 0
        dvar2: 0
        max: 1
        mean: 1
        min: 1
        var: 0
    silence_rate_30dB:
        dmean: 0
        dmean2: 0
        dvar: 0
        dvar2: 0
        max: 1
        mean: 1
        min: 1
        var: 0
    silence_rate_60dB:
        dmean: 0.183066368103
        dmean2: 0.366972476244
        dvar: 0.149552941322
        dvar2: 0.264413684607
        max: 1
        mean: 0.687214612961
        min: 0
        var: 0.21495065093
    spectral_centroid:
        dmean: 352.387878418
        dmean2: 536.701171875
        dvar: 113095.734375
        dvar2: 246420.125
        max: 3012.28735352
        mean: 981.16784668
        min: 226.875762939
        var: 303353.78125
    spectral_complexity:
        dmean: 3.40825676918
        dmean2: 5.5747127533
        dvar: 25.6085987091
        dvar2: 62.2214355469
        max: 41
        mean: 8.05263137817
        min: 0
        var: 27.9217300415
    spectral_crest:
        dmean: 2.24278855324
        dmean2: 3.77898168564
        dvar: 3.94091892242
        dvar2: 10.5019407272
        max: 22.3973369598
        mean: 7.98936796188
        min: 2.50859498978
        var: 8.06546783447
    spectral_decrease:
        dmean: 3.72814418226e-10
        dmean2: 5.63565860645e-10
        dvar: 3.73635750781e-19
        dvar2: 8.27614003495e-19
        max: -3.19614321988e-12
        mean: -8.0409906511e-10
        min: -4.22821688773e-09
        var: 4.69349000405e-19
    spectral_energy:
        dmean: 0.00163582747336
        dmean2: 0.00244588917121
        dvar: 7.10015228833e-06
        dvar2: 1.61214429681e-05
        max: 0.0183632075787
        mean: 0.00335968332365
        min: 1.33564644784e-05
        var: 8.59546798893e-06
    spectral_energyband_high:
        dmean: 0.000266889837803
        dmean2: 0.000421260396251
        dvar: 2.2774139552e-07
        dvar2: 5.88209161378e-07
        max: 0.00286324857734
        mean: 0.000290972966468
        min: 5.8145769799e-07
        var: 2.09130902817e-07
    spectral_energyband_low:
        dmean: 0.000658840872347
        dmean2: 0.00106726656668
        dvar: 1.58661248406e-06
        dvar2: 3.8713410504e-06
        max: 0.00842364877462
        mean: 0.0010019831825
        min: 2.20727724809e-06
        var: 1.58735861078e-06
    spectral_energyband_middle_high:
        dmean: 0.000476304499898
        dmean2: 0.000739675015211
        dvar: 4.71174530503e-07
        dvar2: 1.14416559427e-06
        max: 0.00454173097387
        mean: 0.00070107128704
        min: 6.45433874524e-06
        var: 5.57887005925e-07
    spectral_energyband_middle_low:
        dmean: 0.000745199853554
        dmean2: 0.00129237107467
        dvar: 2.02296109819e-06
        dvar2: 5.51395214643e-06
        max: 0.0110518243164
        mean: 0.00136551796459
        min: 4.11346445617e-06
        var: 1.86257398127e-06
    spectral_flatness_db:
        dmean: 0.0209304392338
        dmean2: 0.0319207236171
        dvar: 0.000361161190085
        dvar2: 0.000844686059281
        max: 0.244219824672
        mean: 0.124579101801
        min: 0.0602235049009
        var: 0.000865187379532
    spectral_flux:
        dmean: 0.0116180013865
        dmean2: 0.0169276148081
        dvar: 0.000229972007219
        dvar2: 0.000386405532481
        max: 0.108961433172
        mean: 0.0313738919795
        min: 0.00365464971401
        var: 0.00043233128963
    spectral_kurtosis:
        dmean: 0.971351921558
        dmean2: 1.41467440128
        dvar: 1.08076226711
        dvar2: 2.2839756012
        max: 8.01451969147
        mean: 1.74407982826
        min: -0.278474092484
        var: 2.35086488724
    spectral_rms:
        dmean: 0.00037768331822
        dmean2: 0.000549122982193
        dvar: 2.39452930373e-07
        dvar2: 4.95717642934e-07
        max: 0.0042326496914
        mean: 0.00170115858782
        min: 0.000114152077003
        var: 3.8379332068e-07
    spectral_rolloff:
        dmean: 899.257507324
        dmean2: 1477.32617188
        dvar: 1019342.25
        dvar2: 1930180.25
        max: 5124.90234375
        mean: 2038.85754395
        min: 150.732421875
        var: 2023884.25
    spectral_skewness:
        dmean: 0.272736787796
        dmean2: 0.377323120832
        dvar: 0.063433803618
        dvar2: 0.133009910583
        max: 2.7609629631
        mean: 1.35238206387
        min: 0.610913991928
        var: 0.182960540056
    spectral_spread:
        dmean: 982228.1875
        dmean2: 1479817.875
        dvar: 715709480960
        dvar2: 1.45509069619e+12
        max: 12530569
        mean: 8704151
        min: 4642634.5
        var: 2.18850525184e+12
    spectral_strongpeak:
        dmean: 0.151393592358
        dmean2: 0.267417162657
        dvar: 0.112678036094
        dvar2: 0.254443973303
        max: 4.48642206192
        mean: 0.228600591421
        min: 0.00245563616045
        var: 0.171570241451
    zerocrossingrate:
        dmean: 0.0140705630183
        dmean2: 0.0162636935711
        dvar: 0.000119389369502
        dvar2: 0.000177814668859
        max: 0.16650390625
        mean: 0.0715739876032
        min: 0.02587890625
        var: 0.000814725877717
    barkbands:
        dmean: [5.67914094063e-06, 0.000403284619097, 0.000345424166881, 0.000358811841579, 0.000378081458621, 3.67028515029e-05, 6.14967648289e-05, 2.02330302272e-05, 6.24559543212e-05, 6.20957798674e-05, 2.91558098979e-05, 2.34445615206e-05, 2.12188278965e-05, 1.81598716154e-05, 2.4320814191e-05, 5.01795075252e-05, 0.000132464265334, 7.08069710527e-05, 9.49240784394e-05, 0.000156402486027, 0.000117426301586, 5.02198272443e-05, 1.51974618348e-05, 8.30288081488e-06, 8.55428697832e-06, 2.82521938288e-07, 8.76933303751e-10]
        dmean2: [6.69011433274e-06, 0.000680043012835, 0.000579314713832, 0.000634345691651, 0.000663845334202, 6.07657093497e-05, 8.32508376334e-05, 3.07892223645e-05, 8.45582253532e-05, 7.93369908934e-05, 4.27413724537e-05, 3.45388543792e-05, 3.15180986945e-05, 2.9348921089e-05, 4.16742259404e-05, 8.4568731836e-05, 0.00021129482775, 0.000117635820061, 0.000151924265083, 0.000253426580457, 0.000193088926608, 7.65648146626e-05, 2.32483853324e-05, 1.27360599436e-05, 1.34578176585e-05, 4.05286897376e-07, 1.35491473596e-09]
        dvar: [6.72949543312e-11, 5.89541855334e-07, 5.82449217745e-07, 7.64862875258e-07, 3.92978080299e-07, 3.42416117682e-09, 4.61515412553e-08, 2.03388861308e-09, 3.39835040108e-08, 2.27747740666e-08, 6.02647975967e-09, 1.47778678183e-09, 1.98339966673e-09, 8.48124070973e-10, 1.59432111957e-09, 7.63846763618e-09, 3.93098247287e-08, 1.53156953786e-08, 2.57179735286e-08, 8.07097109146e-08, 5.11994215913e-08, 7.79959830055e-09, 4.62086258146e-10, 1.25150348418e-10, 1.54851562129e-10, 1.32483284868e-13, 1.38093481247e-18]
        dvar2: [8.11615219476e-11, 1.51871756771e-06, 1.45404555951e-06, 2.13273438021e-06, 1.10644975848e-06, 8.94769236481e-09, 5.2059643707e-08, 4.95635976705e-09, 7.42756682826e-08, 2.84571815001e-08, 9.87962778254e-09, 2.7917308465e-09, 3.4592506637e-09, 1.94671390119e-09, 3.96089205879e-09, 1.97497822541e-08, 1.01828831589e-07, 3.93696559797e-08, 6.05519758778e-08, 2.05904612471e-07, 1.36090164915e-07, 1.96849541112e-08, 1.16186271715e-09, 3.03877339958e-10, 3.94269450421e-10, 2.63247892452e-13, 3.18976333157e-18]
        max: [9.70538312686e-05, 0.00581208430231, 0.00562791479751, 0.00680055096745, 0.00530757335946, 0.000755177112296, 0.0050388481468, 0.000628603156656, 0.00322252488695, 0.00233699241653, 0.001038975548, 0.000610299757682, 0.000797124812379, 0.000295887730317, 0.000348305853549, 0.000651967595331, 0.0012128027156, 0.000979712349363, 0.00111775263213, 0.0020633675158, 0.00126163975801, 0.000673171423841, 0.000122196710436, 7.56702575018e-05, 0.000113039102871, 2.96084795082e-06, 8.24924306642e-09]
        mean: [1.15558004836e-05, 0.000565482885577, 0.000425084348535, 0.000341089442372, 0.000586591486353, 6.40291764284e-05, 0.00014883527183, 3.78990371246e-05, 0.00017629096692, 0.000127646708279, 5.14955572726e-05, 4.14874957642e-05, 3.41534287145e-05, 2.1241743525e-05, 2.56160928984e-05, 5.43788082723e-05, 0.000116889757919, 7.34238637961e-05, 9.93930734694e-05, 0.000154885987286, 0.00010900626512, 5.37104897376e-05, 1.73912867467e-05, 1.13251126095e-05, 1.03512666101e-05, 4.27763865218e-07, 9.85470705039e-10]
        min: [1.18475558253e-08, 5.46816522728e-07, 6.52919254662e-07, 7.89086698205e-07, 9.56844814937e-07, 1.1079257547e-06, 5.85205100379e-07, 1.8930826684e-07, 2.32384635979e-07, 8.66547679834e-07, 6.83242618038e-08, 3.23695758198e-07, 3.40082550565e-07, 1.78034269993e-07, 2.9396240997e-09, 1.88610556506e-07, 7.06003646656e-08, 2.621155204e-08, 1.51693697603e-07, 3.51926473741e-07, 3.16305275305e-08, 1.89659274952e-07, 4.75475516737e-08, 1.34538638008e-07, 2.92259496604e-08, 3.71943076338e-09, 5.49228241012e-12]
        var: [2.53643495096e-10, 5.48986008653e-07, 4.87951638206e-07, 5.05191621869e-07, 3.2298035535e-07, 3.90568155595e-09, 1.94763046579e-07, 4.03123134873e-09, 8.13748570749e-08, 6.54774439113e-08, 1.00133874525e-08, 4.12078016154e-09, 5.18091125556e-09, 1.07835218532e-09, 1.74067937841e-09, 6.95737689682e-09, 3.46829125419e-08, 1.4370484358e-08, 3.16944053225e-08, 7.07651821585e-08, 4.30207194313e-08, 7.50791162574e-09, 5.26372279097e-10, 1.5499301842e-10, 1.46956904978e-10, 2.03183376699e-13, 1.6205146488e-18]
    mfcc:
        mean: [-726.408325195, 97.678062439, 9.63536453247, 44.1331787109, -1.31989443302, 3.92061138153, 10.4496736526, 7.70130729675, 11.4220714569, -4.0922627449, -6.98468494415, -2.10119390488, -2.22674298286]
        cov: [[2091.99780273, -834.970397949, -371.133880615, 363.32913208, 93.6576309204, 38.6071548462, -94.9382858276, -1.45919382572, -37.24634552, 17.8718605042, 47.4239311218, -41.5486831665, -50.7418327332], [-834.970397949, 959.519470215, 152.215377808, -382.719970703, -175.607391357, -152.947998047, 11.6982164383, 5.71027183533, 89.8783340454, 24.7696094513, 2.41325902939, 13.9082107544, -6.34848833084], [-371.133880615, 152.215377808, 282.367584229, -67.4511642456, -108.196350098, -41.3233375549, 15.3780260086, -5.00899076462, 21.0689983368, -2.05459833145, -14.3114538193, 0.268041789532, 13.6807556152], [363.32913208, -382.719970703, -67.4511642456, 279.108154297, 112.141311646, 53.2072219849, -17.4757289886, 9.8096818924, -16.2543849945, -13.7787322998, -3.99596190453, -8.5522813797, 6.34482383728], [93.6576309204, -175.607391357, -108.196350098, 112.141311646, 165.801116943, 68.0076217651, -15.5011377335, -5.29554700851, -26.815328598, -12.7493019104, -1.84175944328, 5.13918685913, 2.15676903725], [38.6071548462, -152.947998047, -41.3233375549, 53.2072219849, 68.0076217651, 138.438415527, 65.3129959106, -11.6551504135, -50.8313598633, -14.3649139404, 2.6703107357, 5.3908829689, 4.19045877457], [-94.9382858276, 11.6982164383, 15.3780260086, -17.4757289886, -15.5011377335, 65.3129959106, 108.499069214, 25.9539108276, -31.6801929474, -27.0904426575, -1.07712543011, 3.07119774818, 0.422475188971], [-1.45919382572, 5.71027183533, -5.00899076462, 9.8096818924, -5.29554700851, -11.6551504135, 25.9539108276, 73.6572952271, 28.3156051636, -17.8444328308, -19.1867790222, -6.56046581268, -3.53483510017], [-37.24634552, 89.8783340454, 21.0689983368, -16.2543849945, -26.815328598, -50.8313598633, -31.6801929474, 28.3156051636, 89.3836746216, 26.658372879, -13.1230325699, -22.9794330597, -9.61102485657], [17.8718605042, 24.7696094513, -2.05459833145, -13.7787322998, -12.7493019104, -14.3649139404, -27.0904426575, -17.8444328308, 26.658372879, 78.2615814209, 31.8264770508, -3.69212436676, -17.8023033142], [47.4239311218, 2.41325902939, -14.3114538193, -3.99596190453, -1.84175944328, 2.6703107357, -1.07712543011, -19.1867790222, -13.1230325699, 31.8264770508, 64.7523498535, 25.4589881897, -8.02588367462], [-41.5486831665, 13.9082107544, 0.268041789532, -8.5522813797, 5.13918685913, 5.3908829689, 3.07119774818, -6.56046581268, -22.9794330597, -3.69212436676, 25.4589881897, 54.8645439148, 14.8545227051], [-50.7418327332, -6.34848833084, 13.6807556152, 6.34482383728, 2.15676903725, 4.19045877457, 0.422475188971, -3.53483510017, -9.61102485657, -17.8023033142, -8.02588367462, 14.8545227051, 45.3348770142]]
        icov: [[0.00122676382307, 0.000816983520053, 0.00150977366138, -0.000711895118002, 0.0018110407982, -0.000117097282782, 0.00119067449123, -0.000200194102945, 8.08393670013e-05, 0.000671586836688, -0.00110477965791, 0.000707503641024, 0.00088292179862], [0.000816983520053, 0.00374119868502, 0.000538915395737, 0.00331859430298, -0.00023210683139, 0.00307062198408, -0.00221390789375, 0.0017183838645, -0.00309578189626, 0.000797510379925, -0.000715711445082, -0.000808622513432, 0.000488182849949], [0.00150977366138, 0.000538915395737, 0.00702717667446, -0.00179012340959, 0.00556483585387, -5.69269941479e-05, 0.000405441271141, 0.00159038347192, -0.000853420526255, 0.000875216093846, 0.000421579839895, -0.00016155387857, 4.63180549559e-05], [-0.000711895118002, 0.00331859430298, -0.00179012340959, 0.0103340214118, -0.00559544935822, 0.00193180749193, -0.00159265403636, -0.000394701492041, -0.00277775921859, 0.000663580838591, -0.00104847073089, 0.000480870134197, -0.00183795299381], [0.0018110407982, -0.00023210683139, 0.00556483585387, -0.00559544935822, 0.0175269953907, -0.00957060605288, 0.0102793639526, -0.00300473487005, 0.00228834757581, 0.00288094161078, -0.000841804780066, -0.000198912690394, 0.00235165073536], [-0.000117097282782, 0.00307062198408, -5.69269941479e-05, 0.00193180749193, -0.00957060605288, 0.0237472746521, -0.0191259086132, 0.00940273888409, -0.000819923589006, -0.00379641167819, 0.00349828903563, -0.00168432982173, -0.0012760051759], [0.00119067449123, -0.00221390789375, 0.000405441271141, -0.00159265403636, 0.0102793639526, -0.0191259086132, 0.0310615208, -0.0163706634194, 0.00975911319256, 0.00543421739712, -0.00659644324332, 0.00537573732436, 0.00210977904499], [-0.000200194102945, 0.0017183838645, 0.00159038347192, -0.000394701492041, -0.00300473487005, 0.00940273888409, -0.0163706634194, 0.0283114854246, -0.0143195632845, 0.00440815882757, 0.00578580750152, -0.00618783943355, 0.00297281658277], [8.08393670013e-05, -0.00309578189626, -0.000853420526255, -0.00277775921859, 0.00228834757581, -0.000819923589006, 0.00975911319256, -0.0143195632845, 0.0273979511112, -0.00950540881604, 0.00273580267094, 0.00784783158451, -0.000948628818151], [0.000671586836688, 0.000797510379925, 0.000875216093846, 0.000663580838591, 0.00288094161078, -0.00379641167819, 0.00543421739712, 0.00440815882757, -0.00950540881604, 0.0253684446216, -0.0136826038361, 0.00333235622384, 0.00544575322419], [-0.00110477965791, -0.000715711445082, 0.000421579839895, -0.00104847073089, -0.000841804780066, 0.00349828903563, -0.00659644324332, 0.00578580750152, 0.00273580267094, -0.0136826038361, 0.0319212339818, -0.0159661564976, 0.00500178243965], [0.000707503641024, -0.000808622513432, -0.00016155387857, 0.000480870134197, -0.000198912690394, -0.00168432982173, 0.00537573732436, -0.00618783943355, 0.00784783158451, 0.00333235622384, -0.0159661564976, 0.0318098776042, -0.00998447742313], [0.00088292179862, 0.000488182849949, 4.63180549559e-05, -0.00183795299381, 0.00235165073536, -0.0012760051759, 0.00210977904499, 0.00297281658277, -0.000948628818151, 0.00544575322419, 0.00500178243965, -0.00998447742313, 0.0296704974025]]
    spectral_contrast:
        mean: [-1.47977999632e-07, 1.84636292033e-07, -5.82287611905e-07, -1.76785050598e-07, -1.97022671955e-07, -3.40101109941e-07, 1.06926916033e-06, 5.02479451825e-07, 1.16563228403e-06, 6.9684239179e-07, 2.56941029875e-06, -1.33639889555e-06]
        var: [0.000233113460126, 0.000781539129093, 0.00161263649352, 0.00218281708658, 0.00271685654297, 0.00392643176019, 0.0832294002175, 0.104548320174, 0.134376123548, 0.15793210268, 0.349619716406, 1.65441894531]

rhythm:
    beats_loudness:
        dmean: 0.00275471061468
        dmean2: 0.00500435288996
        dvar: 2.83548911284e-06
        dvar2: 8.87636724656e-06
        max: 0.0115376133472
        mean: 0.00854791980237
        min: 0.00531837157905
        var: 3.72927297576e-06
    beats_loudness_bass:
        dmean: 0.219471752644
        dmean2: 0.382168620825
        dvar: 0.0218194015324
        dvar2: 0.0932370498776
        max: 0.89486426115
        mean: 0.638360917568
        min: 0.298448592424
        var: 0.0230904985219
    bpm: 130.791534424
    bpm_confidence: 0
    first_peak_bpm: 131
    first_peak_spread: 0
    first_peak_weight: 0.952380955219
    onset_rate: 6.6104221344
    second_peak_bpm: 120
    second_peak_spread: 0
    second_peak_weight: 0.047619048506
    beats_position: [0.185103729367, 0.643885433674, 1.10266709328, 1.56144869328, 2.02023053169, 2.4790122509, 2.93779373169, 3.3965754509, 3.8553571701, 4.31413888931, 4.77292060852, 5.23170280457, 5.69048452377, 6.19047260284, 6.64918136597, 7.10789012909, 7.56659936905, 8.02530860901, 8.48401737213, 8.94272613525, 9.40143585205, 9.86014461517]
    bpm_estimates: [130.840484619, 130.821395874, 130.798110962, 130.692657471, 130.656021118, 130.803009033, 130.822052002, 130.84135437, 130.755447388, 130.931289673, 130.839660645, 130.775817871, 130.705734253, 130.751190186, 130.835220337, 130.75642395, 130.864303589, 130.757598877]
    bpm_intervals: [0.458781719208, 0.458781659603, 0.458781599998, 0.458781838417, 0.458781719208, 0.458781480789, 0.458781719208, 0.458781719208, 0.458781719208, 0.458781719208, 0.458782196045, 0.458781719208, 0.499988079071, 0.458708763123, 0.458708763123, 0.45870923996, 0.45870923996, 0.458708763123, 0.458708763123, 0.458709716797, 0.458708763123]
    onset_times: [0.0464399084449, 0.174149662256, 0.406349211931, 0.557278931141, 0.638548731804, 0.766258478165, 0.870748281479, 1.09133791924, 1.33514738083, 1.47446715832, 1.5673469305, 1.78793644905, 2.02013611794, 2.2523355484, 2.3916554451, 2.49614500999, 2.61224484444, 2.71673464775, 2.93732428551, 3.1811337471, 3.32045340538, 3.41333341599, 3.55265307426, 3.64553284645, 3.78485250473, 3.86612248421, 4.01705217361, 4.1099319458, 4.23764181137, 4.34213161469, 4.45823144913, 4.57433128357, 4.72526073456, 4.79492044449, 4.93424034119, 5.02712011337, 5.25931978226, 5.49151945114, 5.71210861206, 5.94430828094, 6.09523820877, 6.18811798096, 6.31582784653, 6.40870761871, 6.64090681076, 6.87310647964, 7.01242637634, 7.10530614853, 7.32589578629, 7.55809545517, 7.80190467834, 7.94122457504, 8.03410434723, 8.16181373596, 8.25469398499, 8.40562343597, 8.48689365387, 8.71909332275, 8.85841274261, 8.95129299164, 9.18349170685, 9.4040813446, 9.63628101349, 9.78721046448, 9.8800907135, 9.99619007111, 10.1006803513]
    rubato_start: []
    rubato_stop: []
    perceptual_tempo: "unknown"

sfx:
    inharmonicity:
        dmean: 0.0324805751443
        dmean2: 0.0574773773551
        dvar: 0.00131528894417
        dvar2: 0.00373896327801
        max: 0.228595748544
        mean: 0.0316635407507
        min: 0
        var: 0.00144683034159
    oddtoevenharmonicenergyratio:
        dmean: 5.52840280533
        dmean2: 10.9389896393
        dvar: 3260.17089844
        dvar2: 9769.59472656
        max: 842.834228516
        mean: 3.07753276825
        min: 0
        var: 1641.32861328
    pitch_after_max_to_before_max_energy_ratio: 17.4574871063
    pitch_centroid: 204.903137207
    pitch_max_to_total: 0.0617848969996
    pitch_min_to_total: 0.741418778896
    tristimulus:
        dmean: [0.235641270876, 0.226740181446, 0.102072484791]
        dmean2: [0.409142553806, 0.392842710018, 0.17726264894]
        dvar: [0.0352050960064, 0.035737156868, 0.0122805768624]
        dvar2: [0.100018575788, 0.103207282722, 0.0327729023993]
        max: [1, 0.97348934412, 0.776943743229]
        mean: [0.479356467724, 0.382359743118, 0.107413314283]
        min: [0.0265106875449, 0, 0]
        var: [0.0576703809202, 0.050460152328, 0.0146883139387]

tonal:
    chords_changes_rate: 0.0136363636702
    chords_number_rate: 0.0136363636702
    chords_strength:
        dmean: 0.00714197568595
        dmean2: 0.00771207967773
        dvar: 3.87950021832e-05
        dvar2: 5.49485521333e-05
        max: 0.715488553047
        mean: 0.595172524452
        min: 0.435862481594
        var: 0.00548403989524
    key_strength: 0.679777503014
    tuning_diatonic_strength: 0.599077999592
    tuning_equal_tempered_deviation: 0.0465387403965
    tuning_frequency: 441.017791748
    tuning_nontempered_energy_ratio: 0.663249135017
    hpcp:
        dmean: [0.086954832077, 0.0666318535805, 0.0695259273052, 0.103379286826, 0.141976699233, 0.162421584129, 0.1565823704, 0.139063894749, 0.130941584706, 0.137253969908, 0.119872584939, 0.131450235844, 0.146755591035, 0.125840112567, 0.108298897743, 0.103740528226, 0.103303529322, 0.152537122369, 0.171050488949, 0.124538764358, 0.0835762172937, 0.0706214606762, 0.0539936162531, 0.0923643708229, 0.128107056022, 0.104119755328, 0.103790588677, 0.103066988289, 0.11677570641, 0.136296078563, 0.133539915085, 0.163439780474, 0.242200165987, 0.241794109344, 0.227999031544, 0.117481008172]
        dmean2: [0.164943292737, 0.124520264566, 0.127925500274, 0.181445866823, 0.241626054049, 0.251884639263, 0.259725987911, 0.24050962925, 0.231686323881, 0.235224112868, 0.207219347358, 0.222747504711, 0.24118052423, 0.213899329305, 0.203218758106, 0.189115002751, 0.177756562829, 0.264756351709, 0.276936799288, 0.204344272614, 0.158344492316, 0.135448724031, 0.09669688344, 0.157366529107, 0.217286542058, 0.175262451172, 0.181136071682, 0.187488362193, 0.213999286294, 0.247944414616, 0.242179453373, 0.297062516212, 0.406373798847, 0.406057417393, 0.402851581573, 0.215050369501]
        dvar: [0.0394117049873, 0.0190329458565, 0.0149226645008, 0.0311894789338, 0.0376694947481, 0.0513383559883, 0.0473474860191, 0.0328915640712, 0.0471804849803, 0.0487863905728, 0.0282391700894, 0.0391413271427, 0.0397558286786, 0.0397413298488, 0.0457681939006, 0.0434785969555, 0.0248865131289, 0.0327370725572, 0.0334662273526, 0.0245733931661, 0.031465459615, 0.0303356610239, 0.0132950758561, 0.0258859731257, 0.028195861727, 0.0178828760982, 0.0355190895498, 0.0210866946727, 0.0431122928858, 0.0519464053214, 0.0540743879974, 0.0458990372717, 0.053291246295, 0.0573192797601, 0.0502196289599, 0.0275738481432]
        dvar2: [0.113267615438, 0.0549832805991, 0.0418396815658, 0.0804298967123, 0.0955697149038, 0.127502173185, 0.102674297988, 0.0943851619959, 0.129614651203, 0.135862901807, 0.0747100487351, 0.085665769875, 0.0800060033798, 0.106260195374, 0.129638448358, 0.120178505778, 0.0620032176375, 0.0683786273003, 0.0656663924456, 0.0637843906879, 0.090672083199, 0.0876614898443, 0.0345131829381, 0.0668094605207, 0.0723793581128, 0.0443817935884, 0.0965137481689, 0.0524971708655, 0.113562650979, 0.145897403359, 0.14617331326, 0.129228636622, 0.143653959036, 0.132574766874, 0.130818679929, 0.0767653658986]
        max: [1, 0.744226276875, 0.784907698631, 1, 1, 1, 1, 1, 1, 1, 1, 1, 1, 1, 1, 1, 1, 1, 1, 1, 1, 1, 0.694069683552, 1, 1, 0.759636044502, 1, 0.86006051302, 1, 1, 1, 1, 1, 1, 1, 1]
        mean: [0.0590312853456, 0.0475479215384, 0.0654335543513, 0.12126031518, 0.148809671402, 0.219568893313, 0.271431654692, 0.175550654531, 0.123384013772, 0.138601511717, 0.131454378366, 0.200992807746, 0.248025923967, 0.155774772167, 0.0816525444388, 0.078884229064, 0.115485675633, 0.249386802316, 0.322016894817, 0.183900386095, 0.0632320120931, 0.0461410060525, 0.0468041449785, 0.116191983223, 0.179729357362, 0.13446816802, 0.102295540273, 0.106201075017, 0.0953669399023, 0.10362713784, 0.104827210307, 0.14141972363, 0.413851410151, 0.641906321049, 0.383437693119, 0.0948459431529]
        min: [0.000299936276861, 9.23677871469e-05, 0.00142484751996, 0.00271974271163, 0.00337910838425, 0.00318055413663, 0.000409727304941, 0.00106214929838, 0.0031286503654, 0.00388472317718, 0.0066515118815, 0.00585813913494, 0.00408733589575, 0.00234418851323, 0.000919521960896, 0.000647273263894, 0.00149597914424, 0.00303699378856, 0.00848156400025, 0.011000584811, 0.000610331946518, 0.00011868175352, 0.000174923145096, 0.000266010465566, 0.00015311477182, 0.000378707656637, 0.000770316284616, 0.00011136426474, 0.000480604358017, 0.000381026533432, 0.000428826198913, 0.000688958331011, 0.0131192319095, 0.0328481793404, 0.0215701684356, 0.000909123511519]
        var: [0.0230912920088, 0.0119180995971, 0.0109708048403, 0.0334624275565, 0.0408209860325, 0.0833125859499, 0.106002353132, 0.0449557937682, 0.0364214852452, 0.0408762358129, 0.0300315264612, 0.0710613429546, 0.0835728123784, 0.0389212779701, 0.0294082518667, 0.030036078766, 0.0286161787808, 0.0668262392282, 0.0684102550149, 0.0344408154488, 0.0195970926434, 0.0173779819161, 0.0106970360503, 0.0250070113689, 0.0475231483579, 0.0230789408088, 0.0326346494257, 0.0259679127485, 0.0364371687174, 0.0411296263337, 0.0412523113191, 0.041886113584, 0.0825983732939, 0.116996251047, 0.0695403590798, 0.0210834369063]
    chords_histogram: [43.1818199158, 0.909090936184, 4.54545450211, 0, 0, 0, 0, 0, 0, 0, 0, 0, 0, 0, 0, 0, 0, 0, 0, 51.3636360168, 0, 0, 0, 0]
    thpcp: [1, 0.597342133522, 0.147756680846, 0.0919624641538, 0.0740729942918, 0.101936295629, 0.188906565309, 0.231824591756, 0.342057526112, 0.422852426767, 0.27348330617, 0.192214980721, 0.215921714902, 0.204787477851, 0.313118606806, 0.386389583349, 0.242675244808, 0.127203211188, 0.122890561819, 0.179910480976, 0.388509660959, 0.501657128334, 0.286491006613, 0.0985066071153, 0.0718812122941, 0.0729142948985, 0.181010812521, 0.279993116856, 0.20948253572, 0.159362107515, 0.16544637084, 0.148568317294, 0.161436542869, 0.163306087255, 0.220312088728, 0.6447224617]
    chords_key: "G#"
    chords_scale: "minor"
    key_key: "C#"
    key_scale: "major"
    chords_progression: ["G#m", "G#m", "G#m", "G#m", "G#m", "G#m", "G#m", "G#m", "G#m", "G#m", "G#m", "G#m", "G#m", "G#m", "G#m", "G#m", "G#m", "G#m", "G#m", "G#m", "G#m", "G#m", "G#m", "G#m", "G#m", "G#m", "G#m", "G#m", "G#m", "G#m", "G#m", "G#m", "G#m", "G#m", "G#m", "G#m", "G#m", "G#m", "G#m", "G#m", "G#m", "G#m", "G#m", "G#m", "G#m", "G#m", "G#m", "G#m", "G#m", "G#m", "G#m", "G#m", "G#m", "G#m", "G#m", "G#m", "G#m", "G#m", "G#m", "G#m", "G#m", "G#m", "G#m", "G#m", "G#m", "G#m", "G#m", "G#m", "G#m", "G#m", "G#m", "G#m", "G#m", "G#m", "G#m", "G#m", "G#m", "G#m", "G#m", "G#m", "G#m", "G#m", "G#m", "G#m", "G#m", "G#m", "G#m", "G#m", "G#m", "G#m", "G#m", "G#m", "G#m", "G#m", "G#m", "G#m", "G#m", "G#m", "G#m", "G#m", "G#m", "G#m", "G#m", "G#m", "G#m", "G#m", "G#m", "G#m", "G#m", "G#m", "G#m", "G#m", "G#m", "C#", "C#", "C#", "C#", "C#", "C#", "C#", "C#", "C#", "C#", "C#", "C#", "C#", "C#", "C#", "C#", "C#", "C#", "C#", "C#", "C#", "C#", "C#", "C#", "C#", "C#", "C#", "C#", "C#", "C#", "C#", "C#", "C#", "C#", "C#", "C#", "C#", "C#", "C#", "C#", "C#", "C#", "C#", "C#", "C#", "C#", "C#", "C#", "C#", "C#", "C#", "C#", "C#", "C#", "C#", "C#", "C#", "C#", "C#", "C#", "C#", "C#", "C#", "C#", "C#", "C#", "C#", "C#", "C#", "C#", "C#", "C#", "C#", "C#", "C#", "C#", "C#", "C#", "C#", "C#", "C#", "C#", "C#", "C#", "C#", "C#", "C#", "C#", "C#", "C#", "C#", "C#", "C#", "C#", "C#", "Fm", "Fm", "G#", "G#", "G#", "G#", "G#", "G#", "G#", "G#", "G#", "G#"]
