
metadata:
    version:
        essentia: "1.2.2"
    audio_properties:
        analysis_sample_rate: 44100
        bitrate: 128
        channels: 2
        equal_loudness: 1
        length: 10.0571432114
        replay_gain: -10.5736732483
        downmix: "mix"
    tags:
        track: 11
        year: 0
        album: "Splitted by Mp3Splt v. 2.1"
        artist: "From 001.40 To 001.50"
        comment: "http://mp3splt.sf.net"
        genre: ""
        title: "10 Bedding Down Post-Xmastime."

highlevel:
    ballroom:
        all:
            ChaChaCha: 0.0363134108484
            Jive: 0.0506060682237
            Quickstep: 0.390904903412
            Rumba-American: 0.00714112538844
            Rumba-International: 0.0349175781012
            Rumba-Misc: 0.0306310933083
            Samba: 0.0385101102293
            Tango: 0.248940378428
            VienneseWaltz: 0.0369799882174
            Waltz: 0.125055328012
        probability: 0.390904903412
        value: "Quickstep"
    culture:
        all:
            non_western: 0.284640878439
            western: 0.715359151363
        probability: 0.715359151363
        value: "western"
    gender:
        all:
            female: 0.351457059383
            male: 0.648542940617
        probability: 0.648542940617
        value: "male"
    genre_dortmund:
        all:
            alternative: 0.080712929368
            blues: 0.128727212548
            electronic: 0.0394554771483
            folkcountry: 0.275943011045
            funksoulrnb: 0.0110250301659
            jazz: 0.313685774803
            pop: 0.0535234585404
            raphiphop: 0.00567116495222
            rock: 0.0912559628487
        probability: 0.313685774803
        value: "jazz"
    genre_electronica:
        all:
            ambient: 0.725905656815
            dnb: 0.0438076592982
            house: 0.179549530149
            techno: 0.0206860247999
            trance: 0.0300511065871
        probability: 0.725905656815
        value: "ambient"
    genre_rosamerica:
        all:
            cla: 0.126149594784
            dan: 0.0146812712774
            hip: 0.0281717702746
            jaz: 0.140987679362
            pop: 0.187810793519
            rhy: 0.299593597651
            roc: 0.191135033965
            spe: 0.011470252648
        probability: 0.299593597651
        value: "rhy"
    genre_tzanetakis:
        all:
            blu: 0.0267307814211
            cla: 0.0261299200356
            cou: 0.419552356005
            dis: 0.114107586443
            hip: 0.00555716035888
            jaz: 0.03271830827
            met: 0.00569470133632
            pop: 0.0769411474466
            reg: 0.126295566559
            roc: 0.166272476315
        probability: 0.419552356005
        value: "cou"
    live_studio:
        all:
            live: 0.337771773338
            studio: 0.662228226662
        probability: 0.662228226662
        value: "studio"
    mood:
        all:
            Cluster1: 0.141549989581
            Cluster2: 0.302185863256
            Cluster3: 0.323090821505
            Cluster4: 0.17770832777
            Cluster5: 0.0554650053382
        probability: 0.323090821505
        value: "Cluster3"
    mood_acoustic:
        all:
            acoustic: 0.706163167953
            not_acoustic: 0.293836802244
        probability: 0.706163167953
        value: "acoustic"
    mood_aggressive:
        all:
            aggressive: 7.29118255549e-06
            not_aggressive: 0.999992728233
        probability: 0.999992728233
        value: "not_aggressive"
    mood_electronic:
        all:
            electronic: 0.191391021013
            not_electronic: 0.808609008789
        probability: 0.808609008789
        value: "not_electronic"
    mood_happy:
        all:
            happy: 0.176968663931
            not_happy: 0.823031365871
        probability: 0.823031365871
        value: "not_happy"
    mood_party:
        all:
            not_party: 0.885927677155
            party: 0.114072345197
        probability: 0.885927677155
        value: "not_party"
    mood_relaxed:
        all:
            not_relaxed: 0.469306319952
            relaxed: 0.53069370985
        probability: 0.53069370985
        value: "relaxed"
    mood_sad:
        all:
            not_sad: 0.201660439372
            sad: 0.798339545727
        probability: 0.798339545727
        value: "sad"
    rhythm:
        all:
            fast: 0.888463199139
            medium: 0.0547589734197
            slow: 0.0567778535187
        probability: 0.888463199139
        value: "fast"
    speech_music:
        all:
            music: 0.983337700367
            speech: 0.0166623089463
        probability: 0.983337700367
        value: "music"
    timbre:
        all:
            bright: 0.464940577745
            dark: 0.535059392452
        probability: 0.535059392452
        value: "dark"
    voice_instrumental:
        all:
            instrumental: 0.0607394278049
            voice: 0.939260601997
        probability: 0.939260601997
        value: "voice"

lowlevel:
    average_loudness: 0.0821534022689
    barkbands_kurtosis:
        dmean: 1.19970107079
        dmean2: 2.00874042511
        dvar: 3.4093310833
        dvar2: 9.93149852753
        max: 23.8587379456
        mean: 0.911039412022
        min: -1.85370981693
        var: 7.34250450134
    barkbands_skewness:
        dmean: 0.393205612898
        dmean2: 0.628199160099
        dvar: 0.145483657718
        dvar2: 0.392131865025
        max: 4.43798398972
        mean: 1.07865059376
        min: -2.7233273983
        var: 0.743947982788
    barkbands_spread:
        dmean: 4.31500244141
        dmean2: 7.00987148285
        dvar: 21.670337677
        dvar2: 56.7136497498
        max: 66.9535293579
        mean: 26.2192134857
        min: 4.34666824341
        var: 157.028625488
    dissonance:
        dmean: 0.0210352037102
        dmean2: 0.0346386879683
        dvar: 0.000589928589761
        dvar2: 0.00110752379987
        max: 0.494872719049
        mean: 0.441780269146
        min: 0.0655556693673
        var: 0.00128795870114
    hfc:
        dmean: 0.977622032166
        dmean2: 1.25891888142
        dvar: 29.3627128601
        dvar2: 59.7201690674
        max: 125.654937744
        mean: 3.06417346001
        min: 2.81381380773e-05
        var: 72.1727676392
    pitch:
        dmean: 342.692596436
        dmean2: 652.287963867
        dvar: 1002019.8125
        dvar2: 2557023.5
        max: 4410
        mean: 980.546020508
        min: 72.2950820923
        var: 2285987
    pitch_instantaneous_confidence:
        dmean: 0.0605274103582
        dmean2: 0.0964993014932
        dvar: 0.00288979499601
        dvar2: 0.00700883055106
        max: 0.886997818947
        mean: 0.487647503614
        min: 0.157116293907
        var: 0.0200215857476
    pitch_salience:
        dmean: 0.0554073005915
        dmean2: 0.090652987361
        dvar: 0.00270656193607
        dvar2: 0.00703193154186
        max: 0.902905523777
        mean: 0.570483565331
        min: 0.280208528042
        var: 0.0119540505111
    silence_rate_20dB:
        dmean: 0
        dmean2: 0
        dvar: 0
        dvar2: 0
        max: 1
        mean: 1
        min: 1
        var: 0
    silence_rate_30dB:
        dmean: 0
        dmean2: 0
        dvar: 0
        dvar2: 0
        max: 1
        mean: 1
        min: 1
        var: 0
    silence_rate_60dB:
        dmean: 0.0230414755642
        dmean2: 0.0461893752217
        dvar: 0.0225105453283
        dvar2: 0.0532941035926
        max: 1
        mean: 0.797701120377
        min: 0
        var: 0.161373361945
    spectral_centroid:
        dmean: 185.539428711
        dmean2: 289.35168457
        dvar: 65691.4375
        dvar2: 136034.96875
        max: 3952.19580078
        mean: 1001.09197998
        min: 263.768768311
        var: 346083.46875
    spectral_complexity:
        dmean: 1.11316394806
        dmean2: 1.83101856709
        dvar: 2.4606423378
        dvar2: 4.82098293304
        max: 32
        mean: 5.60138225555
        min: 0
        var: 41.184425354
    spectral_crest:
        dmean: 2.11523866653
        dmean2: 3.59915351868
        dvar: 3.90804362297
        dvar2: 11.2302808762
        max: 19.4041061401
        mean: 8.46348667145
        min: 3.12091755867
        var: 9.32120704651
    spectral_decrease:
        dmean: 1.17688234158e-10
        dmean2: 1.70756589424e-10
        dvar: 1.35958584955e-19
        dvar2: 2.39427040563e-19
        max: -4.5382974993e-15
        mean: -4.96429009011e-10
        min: -8.37061442382e-09
        var: 7.8316204116e-19
    spectral_energy:
        dmean: 0.000525200448465
        dmean2: 0.000737065798603
        dvar: 3.33324828716e-06
        dvar2: 5.98002634433e-06
        max: 0.042989898473
        mean: 0.00215156725608
        min: 1.96808045416e-08
        var: 1.63830409292e-05
    spectral_energyband_high:
        dmean: 4.04025704484e-05
        dmean2: 5.79522784392e-05
        dvar: 1.76224492776e-08
        dvar2: 3.66961785403e-08
        max: 0.00177077646367
        mean: 8.80689040059e-05
        min: 1.77821601888e-09
        var: 4.28180371159e-08
    spectral_energyband_low:
        dmean: 6.42355225864e-05
        dmean2: 0.000106636194687
        dvar: 1.16321210442e-08
        dvar2: 2.56456402781e-08
        max: 0.00113980669994
        mean: 0.000105112223537
        min: 2.57383891977e-09
        var: 1.85171256106e-08
    spectral_energyband_middle_high:
        dmean: 0.00029199878918
        dmean2: 0.000385926221497
        dvar: 2.75739125755e-06
        dvar2: 5.47813078811e-06
        max: 0.0395626649261
        mean: 0.000962880905718
        min: 4.79343764681e-09
        var: 7.67628080212e-06
    spectral_energyband_middle_low:
        dmean: 0.000292638986139
        dmean2: 0.00044583628187
        dvar: 5.40853932307e-07
        dvar2: 1.07475921141e-06
        max: 0.0149266058579
        mean: 0.000995505135506
        min: 1.02496313659e-08
        var: 2.82931046058e-06
    spectral_flatness_db:
        dmean: 0.016026172787
        dmean2: 0.0264024753124
        dvar: 0.000220060668653
        dvar2: 0.000502081529703
        max: 0.338755786419
        mean: 0.210520014167
        min: 0.0306594744325
        var: 0.00195008772425
    spectral_flux:
        dmean: 0.00398650532588
        dmean2: 0.00639320816845
        dvar: 5.98131991865e-05
        dvar2: 0.000122849116451
        max: 0.130030602217
        mean: 0.0158345978707
        min: 0.00144863314927
        var: 0.000249506236287
    spectral_kurtosis:
        dmean: 2.92207551003
        dmean2: 5.09149503708
        dvar: 11.079536438
        dvar2: 33.386100769
        max: 25.2577667236
        mean: 6.49364519119
        min: -0.066558599472
        var: 27.2805500031
    spectral_rms:
        dmean: 0.000139556199429
        dmean2: 0.000204667667276
        dvar: 6.35885513134e-08
        dvar2: 1.01251302453e-07
        max: 0.00647621508688
        mean: 0.00111797463614
        min: 4.38186998508e-06
        var: 8.49222999477e-07
    spectral_rolloff:
        dmean: 396.300201416
        dmean2: 679.043395996
        dvar: 320090.8125
        dvar2: 759015.3125
        max: 5663.23242188
        mean: 2042.22998047
        min: 215.33203125
        var: 1731364.625
    spectral_skewness:
        dmean: 0.27377229929
        dmean2: 0.470821797848
        dvar: 0.0779688581824
        dvar2: 0.222303837538
        max: 3.74181342125
        mean: 1.63499855995
        min: 0.452086359262
        var: 0.445602536201
    spectral_spread:
        dmean: 346167.46875
        dmean2: 457546.96875
        dvar: 1.12566848717e+12
        dvar2: 866152153088
        max: 34412956
        mean: 3599582.5
        min: 1692940.875
        var: 4.72521480602e+12
    spectral_strongpeak:
        dmean: 0.195681408048
        dmean2: 0.337037861347
        dvar: 0.58538377285
        dvar2: 1.37579739094
        max: 15.1815214157
        mean: 0.406581223011
        min: 0
        var: 1.27418160439
    zerocrossingrate:
        dmean: 0.00706823775545
        dmean2: 0.00863534398377
        dvar: 6.77626376273e-05
        dvar2: 8.17462423583e-05
        max: 0.1826171875
        mean: 0.063604824245
        min: 0.001953125
        var: 0.000846374838147
    barkbands:
        dmean: [3.45732296125e-08, 1.87584155356e-05, 5.02762595715e-05, 5.19473796885e-05, 9.7490796179e-05, 3.23167078022e-05, 0.000158445676789, 1.98913257918e-05, 9.0759313025e-05, 3.99588643631e-05, 2.40797326114e-05, 2.81332031591e-05, 2.19354042201e-05, 3.12173942802e-05, 4.66606070404e-05, 5.14743114763e-05, 2.40452882281e-05, 5.44810645806e-05, 0.000172352883965, 2.90648840746e-05, 1.17919662443e-05, 9.23950938159e-06, 1.15717443805e-06, 7.73232784468e-07, 2.85180135506e-07, 3.12141712477e-09, 5.87241089089e-10]
        dmean2: [4.87244875558e-08, 3.00427109323e-05, 8.31534125609e-05, 8.71626034495e-05, 0.000154734239914, 5.08399243699e-05, 0.000210506681469, 2.94950586976e-05, 0.000132982895593, 6.32766314084e-05, 3.66206841136e-05, 4.64435943286e-05, 3.33730167767e-05, 4.94181622344e-05, 6.41938240733e-05, 7.30473475414e-05, 3.78521472157e-05, 7.79487381806e-05, 0.00023574034276, 4.32349988841e-05, 1.65614455909e-05, 1.3031753042e-05, 1.58016860041e-06, 1.15003876999e-06, 3.92675786998e-07, 4.40409131386e-09, 9.02111663148e-10]
        dvar: [2.15782405643e-14, 3.18149884215e-09, 6.94276947044e-09, 2.22713172349e-08, 3.39628947188e-08, 6.02242256065e-09, 3.83422957384e-07, 1.91687088424e-09, 2.33249764392e-07, 1.8871578078e-08, 2.44712317077e-09, 7.74731923059e-09, 8.84866491191e-09, 1.31884458909e-08, 1.82957453632e-08, 8.31190618555e-08, 1.30663657671e-08, 2.57682870597e-08, 2.02303363039e-06, 6.86322554344e-09, 1.52703882872e-09, 2.60048227396e-09, 3.23318455342e-11, 1.76473714114e-11, 2.14469869815e-12, 3.10489429467e-16, 5.72736481235e-17]
        dvar2: [4.79103790061e-14, 7.95074051041e-09, 1.66657123657e-08, 6.66503723323e-08, 7.64360379435e-08, 1.60100022129e-08, 6.71800194141e-07, 4.31019309133e-09, 3.15035151743e-07, 5.01792101204e-08, 5.16489917501e-09, 2.02669152571e-08, 1.89174542697e-08, 3.18974073821e-08, 3.00950695475e-08, 1.33398643243e-07, 3.32907283962e-08, 5.99742406848e-08, 4.58900740341e-06, 1.39155416079e-08, 3.43124595403e-09, 5.41061240256e-09, 7.08481606715e-11, 4.2857779825e-11, 4.77981846811e-12, 6.98678938191e-16, 1.43599454312e-16]
        max: [1.72855027358e-06, 0.000782926101238, 0.00108213338535, 0.00240987539291, 0.00214795209467, 0.000827720970847, 0.0127265919, 0.000746001605876, 0.0102035952732, 0.00184525293298, 0.000639496138319, 0.00149126804899, 0.00194114469923, 0.00169963261578, 0.00208284589462, 0.00542862899601, 0.00199225055985, 0.0029218303971, 0.0294951498508, 0.00159058824647, 0.000495217973366, 0.000830862205476, 8.84500113898e-05, 5.87012364122e-05, 1.88482663361e-05, 2.82346206859e-07, 1.11761828236e-07]
        mean: [1.20176736118e-07, 2.7968942959e-05, 7.70250771893e-05, 7.92182108853e-05, 0.000194720443687, 6.80043303873e-05, 0.000416496040998, 5.50522490812e-05, 0.000180061397259, 6.63901591906e-05, 7.13297704351e-05, 4.82909454149e-05, 3.93573136535e-05, 6.96502756909e-05, 0.000104127815575, 0.000118451709568, 4.03775848099e-05, 0.000135620372021, 0.000245505012572, 7.25916106603e-05, 2.57988613157e-05, 1.23415420603e-05, 1.67588018485e-06, 1.04849959826e-06, 3.40551196132e-07, 3.71882480366e-09, 3.24789389827e-10]
        min: [1.43129588043e-11, 1.11931730551e-09, 1.20886656241e-09, 1.51916601521e-09, 3.65264374302e-09, 1.30941113508e-09, 2.22852500342e-10, 1.39832689872e-09, 2.02800309879e-09, 5.13533326973e-10, 6.20867857126e-10, 4.3626205426e-10, 8.59550985943e-10, 4.24555557377e-10, 4.39956765463e-10, 1.23417026598e-10, 1.82638862367e-10, 8.4681861523e-10, 3.26851212762e-10, 3.51074308513e-10, 2.36784258867e-10, 5.27833721176e-10, 1.98391789108e-10, 1.46714404514e-10, 1.23669227636e-10, 4.83703008203e-12, 8.85476045785e-15]
        var: [6.47493262349e-14, 3.76967923543e-09, 1.08711741831e-08, 2.87978441094e-08, 8.39668814479e-08, 1.3326656223e-08, 1.02372700894e-06, 1.15852998306e-08, 5.78059200507e-07, 3.78041775662e-08, 1.42677345494e-08, 2.44076741041e-08, 2.59978119033e-08, 5.25178656119e-08, 6.80813911913e-08, 3.11914391204e-07, 1.97812894953e-08, 1.24825049852e-07, 2.59430998995e-06, 3.1136988099e-08, 3.50090889611e-09, 3.32704241934e-09, 4.25674148707e-11, 1.93234005186e-11, 2.7049972505e-12, 4.27111996139e-16, 2.87006625527e-17]
    mfcc:
        mean: [-848.613769531, 155.604660034, -49.54737854, 62.1833877563, -18.3825263977, -13.8132095337, -1.79262292385, -9.7097120285, -5.55515623093, 1.02837026119, -4.71704292297, -13.8313779831, -11.3604640961]
        cov: [[10172.7109375, -2761.07226562, -576.507568359, -1779.70410156, -890.643432617, -265.499755859, -502.836761475, -281.14630127, -94.6349868774, -89.1109161377, -755.242797852, 391.676452637, -254.241775513], [-2761.07226562, 2909.0690918, -703.886230469, 319.498138428, 421.468414307, -90.0692672729, 296.352172852, 163.228057861, -1.65384471416, 114.602882385, 175.337493896, -193.560119629, 129.940246582], [-576.507568359, -703.886230469, 723.677734375, 82.9031143188, 10.0397777557, 181.013641357, 92.0647125244, -34.9260749817, 70.0967330933, -76.0408096313, 44.4124298096, 73.7857666016, 0.44595682621], [-1779.70410156, 319.498138428, 82.9031143188, 762.897460938, 226.92388916, 214.875915527, 1.58164358139, 128.015151978, 62.8655471802, 70.0007553101, 297.054412842, -109.302017212, 115.649269104], [-890.643432617, 421.468414307, 10.0397777557, 226.92388916, 320.848175049, 96.8366165161, 137.51763916, 82.0188751221, 55.5984077454, 86.3737258911, 136.671768188, -28.3684501648, 85.299331665], [-265.499755859, -90.0692672729, 181.013641357, 214.875915527, 96.8366165161, 373.499176025, 84.0159225464, 51.697265625, 87.7918395996, 62.4022026062, 139.56072998, -5.47424697876, 38.1506881714], [-502.836761475, 296.352172852, 92.0647125244, 1.58164358139, 137.51763916, 84.0159225464, 231.959671021, 24.2403793335, 41.9863624573, 13.6595373154, 53.8891639709, 30.9875888824, 31.3733158112], [-281.14630127, 163.228057861, -34.9260749817, 128.015151978, 82.0188751221, 51.697265625, 24.2403793335, 99.5552444458, 32.3490486145, 35.6177406311, 65.1777954102, -31.065032959, 41.7427406311], [-94.6349868774, -1.65384471416, 70.0967330933, 62.8655471802, 55.5984077454, 87.7918395996, 41.9863624573, 32.3490486145, 98.4844894409, 54.1837005615, 37.0756492615, -19.597240448, 18.5514621735], [-89.1109161377, 114.602882385, -76.0408096313, 70.0007553101, 86.3737258911, 62.4022026062, 13.6595373154, 35.6177406311, 54.1837005615, 166.374816895, 60.4375572205, -54.0225257874, 6.73405742645], [-755.242797852, 175.337493896, 44.4124298096, 297.054412842, 136.671768188, 139.56072998, 53.8891639709, 65.1777954102, 37.0756492615, 60.4375572205, 185.493408203, -40.0193862915, 60.2508964539], [391.676452637, -193.560119629, 73.7857666016, -109.302017212, -28.3684501648, -5.47424697876, 30.9875888824, -31.065032959, -19.597240448, -54.0225257874, -40.0193862915, 153.599212646, 34.2132453918], [-254.241775513, 129.940246582, 0.44595682621, 115.649269104, 85.299331665, 38.1506881714, 31.3733158112, 41.7427406311, 18.5514621735, 6.73405742645, 60.2508964539, 34.2132453918, 103.691413879]]
        icov: [[0.00043669110164, 0.000452761101769, 0.00087075738702, 0.000819167704321, 8.46723414725e-05, -0.000453427463071, 0.000304034299916, -0.000154456167365, -0.000608072150499, 0.00013162700634, 0.000114031150588, -0.000435399735579, -0.000169021659531], [0.000452761101769, 0.00137864681892, 0.00186877325177, 0.0004647988535, -0.000270804594038, -0.000196268068976, -0.00131166423671, -4.86008066218e-05, -0.000417730771005, 0.000506812415551, 0.000425603124313, 0.000638481345959, -0.000848687835969], [0.00087075738702, 0.00186877325177, 0.00500549795106, 0.000828359334264, -0.000311763695208, -0.00129755330272, -0.00145459733903, 0.00114726170432, -0.00319009344094, 0.00235773716122, 9.79403994279e-05, -0.000856378290337, 0.000203164236154], [0.000819167704321, 0.0004647988535, 0.000828359334264, 0.00660748267546, -0.000872325443197, -0.00123895832803, 0.00375098176301, -0.00105292606167, -0.00172303430736, 0.00179622124415, -0.00655836239457, 0.000711494300049, -0.00171690748539], [8.46723414725e-05, -0.000270804594038, -0.000311763695208, -0.000872325443197, 0.00787726230919, 0.00054495758377, -0.0034290375188, -0.00144241924863, 0.000362156017218, -0.00286097452044, -0.000654626463074, 0.000423833698733, -0.00317960651591], [-0.000453427463071, -0.000196268068976, -0.00129755330272, -0.00123895832803, 0.00054495758377, 0.00552350934595, -0.00146201241296, -0.000365937041352, -0.00187530263793, -0.000739623850677, -0.00314492243342, -0.00036399794044, 0.000961773155723], [0.000304034299916, -0.00131166423671, -0.00145459733903, 0.00375098176301, -0.0034290375188, -0.00146201241296, 0.0113806240261, -0.000484122050693, -0.00298624183051, 0.00153658934869, -0.00412246352062, -0.00357339531183, 0.00233105011284], [-0.000154456167365, -4.86008066218e-05, 0.00114726170432, -0.00105292606167, -0.00144241924863, -0.000365937041352, -0.000484122050693, 0.0172422360629, -0.00315657700412, 0.000761580653489, -0.00140369462315, 0.00277395104058, -0.00420621549711], [-0.000608072150499, -0.000417730771005, -0.00319009344094, -0.00172303430736, 0.000362156017218, -0.00187530263793, -0.00298624183051, -0.00315657700412, 0.0197229739279, -0.00608053663746, 0.00447724480182, 0.00359325972386, -0.00338659179397], [0.00013162700634, 0.000506812415551, 0.00235773716122, 0.00179622124415, -0.00286097452044, -0.000739623850677, 0.00153658934869, 0.000761580653489, -0.00608053663746, 0.0114484066144, -0.00422837305814, 0.00147656549234, 0.00184237444773], [0.000114031150588, 0.000425603124313, 9.79403994279e-05, -0.00655836239457, -0.000654626463074, -0.00314492243342, -0.00412246352062, -0.00140369462315, 0.00447724480182, -0.00422837305814, 0.022427232936, 0.00155377108604, -0.00350213702768], [-0.000435399735579, 0.000638481345959, -0.000856378290337, 0.000711494300049, 0.000423833698733, -0.00036399794044, -0.00357339531183, 0.00277395104058, 0.00359325972386, 0.00147656549234, 0.00155377108604, 0.0141242397949, -0.00920970924199], [-0.000169021659531, -0.000848687835969, 0.000203164236154, -0.00171690748539, -0.00317960651591, 0.000961773155723, 0.00233105011284, -0.00420621549711, -0.00338659179397, 0.00184237444773, -0.00350213702768, -0.00920970924199, 0.0210168566555]]
    spectral_contrast:
        mean: [2.69525610719e-08, 5.5980643765e-07, -7.83512703606e-08, -1.09870312848e-09, -1.82144376026e-07, -9.1043006023e-07, 4.04933916798e-06, 7.08663492333e-08, 2.57261331171e-06, -2.66874985755e-06, -2.5462445592e-06, 1.22835012917e-06]
        var: [0.000685182400048, 0.000989082851447, 0.00135381240398, 0.00175941723865, 0.00279203732498, 0.0116003211588, 0.0471898205578, 0.0996395051479, 0.133969932795, 0.420883744955, 1.63736617565, 4.31066560745]

rhythm:
    beats_loudness:
        dmean: 0.00162340258248
        dmean2: 0.00284834438935
        dvar: 9.46191539697e-06
        dvar2: 2.30843052123e-05
        max: 0.0163367390633
        mean: 0.00300467060879
        min: 8.39699059725e-05
        var: 2.16179341805e-05
    beats_loudness_bass:
        dmean: 0.170212462544
        dmean2: 0.333989113569
        dvar: 0.0248402636498
        dvar2: 0.0854771211743
        max: 0.625772058964
        mean: 0.227188020945
        min: 0.000188083635294
        var: 0.0379697903991
    bpm: 76.701171875
    bpm_confidence: 0
    first_peak_bpm: 97
    first_peak_spread: 0
    first_peak_weight: 0.642857134342
    onset_rate: 1.88920462132
    second_peak_bpm: 77
    second_peak_spread: 0.199999988079
    second_peak_weight: 0.285714298487
    beats_position: [0.0445982776582, 0.6642100811, 1.28382194042, 1.90343379974, 2.52304553986, 3.14265727997, 3.76226902008, 4.38188076019, 5.00149202347, 5.62110376358, 6.44307088852, 7.22532844543, 8.00758647919, 8.78984355927, 9.57210159302]
    bpm_estimates: [76.6451263428, 76.7288131714, 76.6075668335, 76.8231658936]
    bpm_intervals: [0.619611799717, 0.619611859322, 0.619611859322, 0.619611740112, 0.619611740112, 0.619611740112, 0.619611740112, 0.619611263275, 0.619611740112, 0.821967124939, 0.782257556915, 0.782258033752, 0.782257080078, 0.782258033752]
    onset_times: [0.0348299331963, 0.522448956966, 0.719818592072, 1.96208620071, 2.56580495834, 4.20281171799, 4.37696123123, 5.06195020676, 5.14321994781, 5.68888902664, 6.87310647964, 6.9543762207, 7.05886602402, 7.6277551651, 8.24308395386, 8.70748329163, 8.893242836, 9.2067117691, 9.33442211151]
    rubato_start: [6.44307088852]
    rubato_stop: [7.22532844543]
    perceptual_tempo: "unknown"

sfx:
    inharmonicity:
        dmean: 0.0330218486488
        dmean2: 0.0569507367909
        dvar: 0.00222646561451
        dvar2: 0.00616077287123
        max: 0.45512214303
        mean: 0.0409819595516
        min: 0
        var: 0.00254919682629
    oddtoevenharmonicenergyratio:
        dmean: 2.47604894638
        dmean2: 4.66349411011
        dvar: 66.1117935181
        dvar2: 194.061065674
        max: 77.0985641479
        mean: 1.79171609879
        min: 0
        var: 36.3100814819
    pitch_after_max_to_before_max_energy_ratio: 16.8400650024
    pitch_centroid: 252.767486572
    pitch_max_to_total: 0.421658992767
    pitch_min_to_total: 0.56451612711
    tristimulus:
        dmean: [0.192320212722, 0.221216008067, 0.112072713673]
        dmean2: [0.338849276304, 0.400570988655, 0.2038641572]
        dvar: [0.0291498564184, 0.0430061332881, 0.0174896065146]
        dvar2: [0.0839089825749, 0.119754649699, 0.0518377050757]
        max: [1, 0.97681081295, 0.780662894249]
        mean: [0.407506912947, 0.438265472651, 0.118220947683]
        min: [0.0086318673566, 0, 0]
        var: [0.0661811009049, 0.0669679567218, 0.0204851981252]

tonal:
    chords_changes_rate: 0.0596330277622
    chords_number_rate: 0.0321100912988
    chords_strength:
        dmean: 0.00783139746636
        dmean2: 0.00587032549083
        dvar: 4.26309998147e-05
        dvar2: 3.9188129449e-05
        max: 0.598668634892
        mean: 0.430011600256
        min: 0.250516027212
        var: 0.00628416705877
    key_strength: 0.65221375227
    tuning_diatonic_strength: 0.440439909697
    tuning_equal_tempered_deviation: 0.13666549325
    tuning_frequency: 439.491973877
    tuning_nontempered_energy_ratio: 0.756787836552
    hpcp:
        dmean: [0.0912090316415, 0.0932395681739, 0.0449465513229, 0.0398430377245, 0.046628985554, 0.118980564177, 0.131459027529, 0.11235819757, 0.0895776450634, 0.092739418149, 0.0901200175285, 0.0683524683118, 0.0558936707675, 0.064994327724, 0.0587256811559, 0.0535281002522, 0.0396558605134, 0.0251685436815, 0.02013598755, 0.0401651598513, 0.0743362680078, 0.0772374346852, 0.0699091553688, 0.0333328284323, 0.0326730310917, 0.0325553640723, 0.0412696301937, 0.0656494647264, 0.0777746811509, 0.134244993329, 0.0922397151589, 0.128057569265, 0.0933713018894, 0.0690061897039, 0.112569108605, 0.117414474487]
        dmean2: [0.162835299969, 0.15783983469, 0.0788861662149, 0.0712872669101, 0.0747618749738, 0.179197534919, 0.212307870388, 0.179954141378, 0.145360454917, 0.153113394976, 0.1509565413, 0.108858965337, 0.0964268967509, 0.110783196986, 0.0938698127866, 0.089089423418, 0.0656663030386, 0.0422440469265, 0.0338335484266, 0.0668643116951, 0.122939914465, 0.130141764879, 0.118766702712, 0.0574886798859, 0.0582701303065, 0.0543289743364, 0.0634558349848, 0.101551622152, 0.125808104873, 0.226980939507, 0.14753703773, 0.217262521386, 0.158833906054, 0.114316433668, 0.19444423914, 0.19883197546]
        dvar: [0.0164538193494, 0.0208888668567, 0.00847251527011, 0.00832025054842, 0.00869416631758, 0.0236229021102, 0.0358582697809, 0.016730459407, 0.021568864584, 0.0276704095304, 0.033784519881, 0.0194248426706, 0.0178211443126, 0.0227459520102, 0.0113914003596, 0.0119510143995, 0.00779257342219, 0.00200756499544, 0.0013021635823, 0.00838639121503, 0.0158242173493, 0.0197785869241, 0.0121908653527, 0.00523806642741, 0.00963820610195, 0.00447550369427, 0.00366570847109, 0.0130713293329, 0.0116241946816, 0.0330333262682, 0.0158520489931, 0.03904530406, 0.0246743522584, 0.0135564198717, 0.0295852553099, 0.0270788781345]
        dvar2: [0.0432710126042, 0.0656032934785, 0.0240398962051, 0.0251039844006, 0.0182537417859, 0.050654809922, 0.0663156211376, 0.04124051705, 0.0567838996649, 0.0718095973134, 0.0884652510285, 0.0425103381276, 0.0469814836979, 0.0547796301544, 0.0241605509073, 0.0326155535877, 0.0214651990682, 0.00519079482183, 0.00349188805558, 0.0223187878728, 0.0451783947647, 0.0471830517054, 0.0342651829123, 0.0142611218616, 0.0279662124813, 0.0117598492652, 0.00719947787002, 0.0279835555702, 0.0285648591816, 0.0862996280193, 0.0365326441824, 0.0983998402953, 0.0673098489642, 0.0347300134599, 0.0750575363636, 0.0773427113891]
        max: [1, 1, 0.880483806133, 0.749581933022, 1, 1, 1, 1, 1, 1, 1, 1, 1, 1, 1, 0.939998865128, 0.745009422302, 0.303475290537, 0.273626983166, 0.784816205502, 1, 1, 0.870240032673, 0.66542506218, 1, 0.561900436878, 0.615758121014, 1, 0.93208861351, 1, 1, 1, 1, 0.842411398888, 1, 1]
        mean: [0.283623725176, 0.155989035964, 0.0668679252267, 0.0445174500346, 0.063099950552, 0.317016154528, 0.537561178207, 0.314963251352, 0.115114077926, 0.119506925344, 0.101390473545, 0.0917687118053, 0.0913320481777, 0.0843007415533, 0.0810287892818, 0.076296903193, 0.0538277551532, 0.0324170291424, 0.026216391474, 0.0446385480464, 0.158349961042, 0.245984002948, 0.144169285893, 0.0444424599409, 0.0468751676381, 0.0540372356772, 0.0911768972874, 0.135339513421, 0.118924930692, 0.210294380784, 0.300367593765, 0.203605756164, 0.0993757322431, 0.0765193030238, 0.17532120645, 0.302985876799]
        min: [0.0202089976519, 0.000565622292925, 0.000549672578927, 0.000605563283898, 0.000705477665178, 0.00220804172568, 0.00263596279547, 0.00103005010169, 0.000231720885495, 0.000341409177054, 0.00148739141878, 0.00269264564849, 0.000689888198394, 0.00238706218079, 0.000279692991171, 0.000205239455681, 0.000313989206916, 0.000176618603291, 0.000112089539471, 4.74902772112e-05, 0.00023030610464, 0.000776976521593, 0.000933769508265, 0.00161001563538, 0.00186572840903, 0.00068568676943, 0.0043455902487, 0.00135385687463, 0.00374871911481, 0.00355496723205, 0.00458364235237, 0.000885093584657, 0.000523351249285, 0.000987180741504, 0.00659558409825, 0.0188795235008]
        var: [0.0976508483291, 0.0371463857591, 0.0115102045238, 0.00741141615435, 0.0196249224246, 0.0681748539209, 0.154827281833, 0.0636425539851, 0.0308310333639, 0.0331032015383, 0.0283907093108, 0.0298107601702, 0.0357965491712, 0.034855723381, 0.0192379653454, 0.0112258587033, 0.0078093316406, 0.00298983906396, 0.00189386098646, 0.0105258803815, 0.0534198842943, 0.12865921855, 0.0412432700396, 0.00562627613544, 0.00790515728295, 0.0063311047852, 0.00891713052988, 0.0242644120008, 0.0182716157287, 0.0547423139215, 0.109845668077, 0.0708393976092, 0.0232583228499, 0.0150538599119, 0.0491701327264, 0.105235040188]
    chords_histogram: [3.66972470284, 0, 4.58715581894, 0, 10.0917434692, 0, 0, 57.7981643677, 0.458715587854, 0, 0, 0, 0, 0, 1.83486235142, 0, 0, 0, 0, 0, 5.9633026123, 15.5963306427, 0, 0]
    thpcp: [1, 0.58591145277, 0.214141353965, 0.222313165665, 0.188611969352, 0.170713052154, 0.169900745153, 0.156820744276, 0.150734081864, 0.141931578517, 0.100133262575, 0.060303889215, 0.0487691313028, 0.083039008081, 0.294571042061, 0.457592576742, 0.26819139719, 0.0826742351055, 0.0871996879578, 0.100522950292, 0.169612124562, 0.251765787601, 0.221230506897, 0.391200840473, 0.55875980854, 0.378758311272, 0.184864044189, 0.142345294356, 0.326141864061, 0.563630521297, 0.527611970901, 0.290179133415, 0.124391287565, 0.0828137397766, 0.117381893098, 0.589730381966]
    chords_key: "E"
    chords_scale: "major"
    key_key: "E"
    key_scale: "minor"
    chords_progression: ["F#m", "F#m", "F#m", "F#m", "F#m", "F#m", "F#m", "F#m", "F#m", "F#m", "F#m", "F#m", "F#m", "F#m", "F#m", "F#m", "F#m", "F#m", "F#m", "F#m", "F#m", "F#m", "Bm", "Bm", "Bm", "Bm", "Bm", "Bm", "Bm", "Bm", "Bm", "E", "E", "E", "E", "E", "E", "E", "E", "E", "E", "E", "Em", "Em", "Em", "Em", "E", "E", "E", "E", "E", "E", "E", "E", "E", "E", "E", "E", "E", "E", "E", "E", "E", "E", "E", "E", "E", "E", "E", "E", "E", "E", "E", "E", "E", "E", "E", "E", "E", "E", "E", "E", "E", "E", "E", "E", "E", "E", "E", "E", "E", "E", "E", "E", "E", "E", "E", "E", "E", "E", "E", "E", "E", "E", "E", "E", "Em", "Em", "Em", "Em", "Bm", "Fm", "Fm", "Fm", "Fm", "F", "F", "F", "F", "F", "F", "F", "Dm", "Dm", "Dm", "Dm", "Dm", "Dm", "Dm", "Dm", "Dm", "Dm", "Dm", "Dm", "Dm", "F", "F", "F", "F", "F", "F", "F", "F", "F", "F", "F", "F", "F", "F", "F", "F", "F", "F", "F", "F", "F", "F", "F", "F", "F", "F", "F", "E", "E", "E", "E", "E", "E", "E", "E", "E", "E", "E", "E", "E", "E", "E", "E", "E", "E", "E", "E", "E", "E", "E", "E", "G#m", "E", "E", "E", "E", "E", "E", "E", "E", "E", "E", "E", "E", "E", "E", "E", "E", "E", "E", "E", "E", "E", "E", "E", "E", "E", "E", "E", "E", "E", "E", "E"]
