
metadata:
    version:
        essentia: "1.2.2"
    audio_properties:
        analysis_sample_rate: 44100
        bitrate: 128
        channels: 2
        equal_loudness: 1
        length: 9.95265293121
        replay_gain: -1.50659751892
        downmix: "mix"
    tags:
        track: 48
        year: 0
        album: "Splitted by Mp3Splt v. 2.1"
        artist: "From 007.50 To 008.00"
        comment: "http://mp3splt.sf.net"
        genre: ""
        title: "01 Temple Of Love (1992) Touch"

highlevel:
    ballroom:
        all:
            ChaChaCha: 0.000403594516683
            Jive: 0.000201953022042
            Quickstep: 0.000405891682021
            Rumba-American: 0.000593647477217
            Rumba-International: 0.0149760814384
            Rumba-Misc: 0.0476220883429
            Samba: 0.000243341070018
            Tango: 0.00937216635793
            VienneseWaltz: 0.021653663367
            Waltz: 0.904527544975
        probability: 0.904527544975
        value: "Waltz"
    culture:
        all:
            non_western: 0.814605414867
            western: 0.185394570231
        probability: 0.814605414867
        value: "non_western"
    gender:
        all:
            female: 0.750333845615
            male: 0.249666154385
        probability: 0.750333845615
        value: "female"
    genre_dortmund:
        all:
            alternative: 0.371652543545
            blues: 0.0105932634324
            electronic: 0.222973421216
            folkcountry: 0.0373922660947
            funksoulrnb: 0.00400001788512
            jazz: 0.197480529547
            pop: 0.107399605215
            raphiphop: 0.00145820749458
            rock: 0.0470501370728
        probability: 0.371652543545
        value: "alternative"
    genre_electronica:
        all:
            ambient: 0.995184481144
            dnb: 0.000182339703315
            house: 0.00226842914708
            techno: 0.00188777816948
            trance: 0.000476977147628
        probability: 0.995184481144
        value: "ambient"
    genre_rosamerica:
        all:
            cla: 0.727866530418
            dan: 0.0114517677575
            hip: 0.00919799972326
            jaz: 0.10880728811
            pop: 0.0162870008498
            rhy: 0.0245979819447
            roc: 0.0944254621863
            spe: 0.00736597226933
        probability: 0.727866530418
        value: "cla"
    genre_tzanetakis:
        all:
            blu: 0.114753119648
            cla: 0.656576752663
            cou: 0.0217049662024
            dis: 0.0147727131844
            hip: 0.013071063906
            jaz: 0.0823827311397
            met: 0.0154734840617
            pop: 0.0131041035056
            reg: 0.0219692662358
            roc: 0.0461917929351
        probability: 0.656576752663
        value: "cla"
    live_studio:
        all:
            live: 0.149162501097
            studio: 0.850837528706
        probability: 0.850837528706
        value: "studio"
    mood:
        all:
            Cluster1: 0.00802768394351
            Cluster2: 0.0091070337221
            Cluster3: 0.973856329918
            Cluster4: 0.00256971083581
            Cluster5: 0.00643921643496
        probability: 0.973856329918
        value: "Cluster3"
    mood_acoustic:
        all:
            acoustic: 0.440467208624
            not_acoustic: 0.559532761574
        probability: 0.559532761574
        value: "not_acoustic"
    mood_aggressive:
        all:
            aggressive: 1.74183005583e-05
            not_aggressive: 0.999982595444
        probability: 0.999982595444
        value: "not_aggressive"
    mood_electronic:
        all:
            electronic: 0.550089597702
            not_electronic: 0.449910372496
        probability: 0.550089597702
        value: "electronic"
    mood_happy:
        all:
            happy: 0.031567081809
            not_happy: 0.96843290329
        probability: 0.96843290329
        value: "not_happy"
    mood_party:
        all:
            not_party: 0.992721557617
            party: 0.0072784437798
        probability: 0.992721557617
        value: "not_party"
    mood_relaxed:
        all:
            not_relaxed: 0.0620427653193
            relaxed: 0.93795722723
        probability: 0.93795722723
        value: "relaxed"
    mood_sad:
        all:
            not_sad: 0.0581274628639
            sad: 0.941872537136
        probability: 0.941872537136
        value: "sad"
    rhythm:
        all:
            fast: 0.0144380033016
            medium: 0.159061834216
            slow: 0.826500177383
        probability: 0.826500177383
        value: "slow"
    speech_music:
        all:
            music: 0.896561205387
            speech: 0.103438802063
        probability: 0.896561205387
        value: "music"
    timbre:
        all:
            bright: 0.229328170419
            dark: 0.770671844482
        probability: 0.770671844482
        value: "dark"
    voice_instrumental:
        all:
            instrumental: 0.999980926514
            voice: 1.90521477634e-05
        probability: 0.999980926514
        value: "instrumental"

lowlevel:
    average_loudness: 0.475269168615
    barkbands_kurtosis:
        dmean: 2.16988968849
        dmean2: 2.64632058144
        dvar: 6.01539945602
        dvar2: 8.15955352783
        max: 43.9055671692
        mean: 12.2489070892
        min: -1.35582911968
        var: 94.0802841187
    barkbands_skewness:
        dmean: 0.255328446627
        dmean2: 0.32178273797
        dvar: 0.0736155360937
        dvar2: 0.127469599247
        max: 5.87645483017
        mean: 2.08339500427
        min: -0.367629945278
        var: 1.74743044376
    barkbands_spread:
        dmean: 0.676003336906
        dmean2: 0.987274050713
        dvar: 3.27076458931
        dvar2: 7.24262142181
        max: 33.7628822327
        mean: 4.08031082153
        min: 0.706342577934
        var: 29.9730815887
    dissonance:
        dmean: 0.0278916843235
        dmean2: 0.0477411784232
        dvar: 0.00145250267815
        dvar2: 0.00280810939148
        max: 0.499999970198
        mean: 0.352818846703
        min: 0.174387201667
        var: 0.00726605579257
    hfc:
        dmean: 0.139617726207
        dmean2: 0.204272896051
        dvar: 0.149928510189
        dvar2: 0.307280063629
        max: 8.91788005829
        mean: 1.26566493511
        min: 3.03316573991e-06
        var: 3.42692136765
    pitch:
        dmean: 41.0192222595
        dmean2: 78.6933288574
        dvar: 55056.9296875
        dvar2: 161672.71875
        max: 3675
        mean: 230.019973755
        min: 82.1229019165
        var: 38845.2929688
    pitch_instantaneous_confidence:
        dmean: 0.0346372202039
        dmean2: 0.0428592301905
        dvar: 0.00160254375078
        dvar2: 0.00278016272932
        max: 0.787404596806
        mean: 0.560686349869
        min: 0.126060068607
        var: 0.0116791669279
    pitch_salience:
        dmean: 0.0313091650605
        dmean2: 0.0389532484114
        dvar: 0.00145380711183
        dvar2: 0.00250739161856
        max: 0.970700860023
        mean: 0.544795811176
        min: 0.32980298996
        var: 0.0134031698108
    silence_rate_20dB:
        dmean: 0
        dmean2: 0
        dvar: 0
        dvar2: 0
        max: 1
        mean: 1
        min: 1
        var: 0
    silence_rate_30dB:
        dmean: 0
        dmean2: 0
        dvar: 0
        dvar2: 0
        max: 1
        mean: 1
        min: 1
        var: 0
    silence_rate_60dB:
        dmean: 0.0139860138297
        dmean2: 0.0280373822898
        dvar: 0.0137903280556
        dvar2: 0.0272510889918
        max: 1
        mean: 0.732558131218
        min: 0
        var: 0.195916891098
    spectral_centroid:
        dmean: 22.1725502014
        dmean2: 29.9235305786
        dvar: 3110.05444336
        dvar2: 7050.01660156
        max: 1428.02331543
        mean: 362.469085693
        min: 198.602966309
        var: 26584.2265625
    spectral_complexity:
        dmean: 0.434579432011
        dmean2: 0.73770493269
        dvar: 0.984047710896
        dvar2: 1.99676084518
        max: 17
        mean: 3.97902107239
        min: 0
        var: 6.71986198425
    spectral_crest:
        dmean: 1.05264043808
        dmean2: 1.44156062603
        dvar: 1.99470639229
        dvar2: 4.40423965454
        max: 19.8336009979
        mean: 12.8167304993
        min: 4.47634601593
        var: 8.06704711914
    spectral_decrease:
        dmean: 9.81666414823e-11
        dmean2: 1.36759784053e-10
        dvar: 4.8798731831e-20
        dvar2: 1.14475243956e-19
        max: -7.69026824405e-16
        mean: -6.72559119508e-10
        min: -3.57954221819e-09
        var: 5.22862674652e-19
    spectral_energy:
        dmean: 0.000381713849492
        dmean2: 0.000533186423127
        dvar: 7.39062727462e-07
        dvar2: 1.729240239e-06
        max: 0.0143189011142
        mean: 0.00265319063328
        min: 3.17760751045e-09
        var: 8.32590922073e-06
    spectral_energyband_high:
        dmean: 5.88234706811e-06
        dmean2: 9.09651316761e-06
        dvar: 4.39044217648e-10
        dvar2: 7.84583509272e-10
        max: 0.00042050841148
        mean: 1.88029407582e-05
        min: 1.35126243528e-10
        var: 2.44577758046e-09
    spectral_energyband_low:
        dmean: 7.2867092058e-06
        dmean2: 8.07289416116e-06
        dvar: 1.56212640046e-10
        dvar2: 1.95611998821e-10
        max: 0.000232072197832
        mean: 2.26090651267e-05
        min: 1.49374734804e-10
        var: 8.38450975316e-10
    spectral_energyband_middle_high:
        dmean: 2.1597947125e-05
        dmean2: 3.17007506965e-05
        dvar: 7.51019246792e-09
        dvar2: 1.58536934691e-08
        max: 0.00190402998123
        mean: 0.000140086194733
        min: 6.43948339096e-10
        var: 1.03342998159e-07
    spectral_energyband_middle_low:
        dmean: 0.000379400531529
        dmean2: 0.000529538141564
        dvar: 7.31343504867e-07
        dvar2: 1.72399847997e-06
        max: 0.0129754850641
        mean: 0.00247169681825
        min: 2.23768537033e-09
        var: 6.73140038998e-06
    spectral_flatness_db:
        dmean: 0.0112777445465
        dmean2: 0.0164064299315
        dvar: 0.000188874197192
        dvar2: 0.000239976900048
        max: 0.522540748119
        mean: 0.38569137454
        min: 0.0674068555236
        var: 0.00755171524361
    spectral_flux:
        dmean: 0.00259567610919
        dmean2: 0.00423750793561
        dvar: 2.41826473939e-05
        dvar2: 7.44531644159e-05
        max: 0.0691348835826
        mean: 0.00938279833645
        min: 5.63702706131e-05
        var: 0.000139235606184
    spectral_kurtosis:
        dmean: 11.0094156265
        dmean2: 18.8429946899
        dvar: 102.81350708
        dvar2: 279.278015137
        max: 142.010925293
        mean: 49.4757461548
        min: 2.12834405899
        var: 1326.81652832
    spectral_rms:
        dmean: 8.79146464285e-05
        dmean2: 0.000110253662569
        dvar: 2.58553214394e-08
        dvar2: 5.17495166719e-08
        max: 0.00373760075308
        mean: 0.00138738425449
        min: 1.76071148417e-06
        var: 6.63646346766e-07
    spectral_rolloff:
        dmean: 62.6374702454
        dmean2: 105.295509338
        dvar: 99298.3671875
        dvar2: 221949.296875
        max: 3574.51171875
        mean: 479.300476074
        min: 258.3984375
        var: 165566.015625
    spectral_skewness:
        dmean: 0.677840530872
        dmean2: 1.175126791
        dvar: 0.32174500823
        dvar2: 0.841241419315
        max: 10.2558908463
        mean: 5.13445711136
        min: 1.06484270096
        var: 6.456615448
    spectral_spread:
        dmean: 376621.5625
        dmean2: 578092.5625
        dvar: 1.77334858547e+12
        dvar2: 1.50286054195e+12
        max: 24694598
        mean: 1946074.875
        min: 698811.625
        var: 2.88645316608e+12
    spectral_strongpeak:
        dmean: 0.063077673316
        dmean2: 0.103581599891
        dvar: 0.0107293119654
        dvar2: 0.0265062581748
        max: 1.1258713007
        mean: 0.327924668789
        min: 1.00185761767e-05
        var: 0.0563284344971
    zerocrossingrate:
        dmean: 0.0019439982716
        dmean2: 0.00251802173443
        dvar: 1.15666034617e-05
        dvar2: 2.24150244321e-05
        max: 0.10888671875
        mean: 0.0213739704341
        min: 0.0048828125
        var: 0.000163028002135
    barkbands:
        dmean: [1.75451697615e-09, 9.52266645982e-07, 6.9740908657e-06, 4.21011682192e-05, 7.29752136976e-05, 0.000323484331602, 6.93966067047e-05, 5.97635971644e-06, 7.59229760661e-06, 9.32785155783e-07, 3.74835394723e-06, 2.83566123471e-06, 3.70072166334e-06, 2.07537846109e-06, 1.67121334016e-06, 2.37506878875e-06, 7.61022374718e-06, 7.54220445742e-06, 9.40951667872e-06, 9.88537703961e-06, 2.61926334133e-06, 2.06824040561e-07, 2.47308307166e-08, 1.42943044068e-08, 2.17705520278e-09, 3.21744964005e-10, 1.20915069624e-10]
        dmean2: [3.12163273009e-09, 1.23691017961e-06, 7.61789578974e-06, 4.08987725677e-05, 7.43994460208e-05, 0.000492095132358, 5.60540684091e-05, 5.53966174266e-06, 1.30675098262e-05, 1.31019919536e-06, 5.83771452511e-06, 4.18979743699e-06, 5.96396603214e-06, 3.48415824192e-06, 2.79702044281e-06, 3.57790577254e-06, 1.27643461383e-05, 1.18742264021e-05, 1.39720832522e-05, 1.56047517521e-05, 4.70088798465e-06, 3.67836349824e-07, 4.33189590865e-08, 2.24648726288e-08, 3.4603677701e-09, 5.48111556142e-10, 2.13096332247e-10]
        dvar: [9.68243527443e-18, 3.13960142606e-12, 1.32390987062e-10, 2.45206166483e-09, 1.1787718357e-08, 7.28606323719e-07, 8.750493663e-09, 2.41219516584e-10, 1.00166608341e-09, 6.05698260644e-12, 1.33713831674e-10, 5.98616017866e-11, 1.37526004473e-10, 8.51624396003e-11, 2.24379057001e-11, 5.18128664972e-11, 4.61113508488e-10, 5.03601882418e-10, 9.16083764402e-10, 1.51947665561e-09, 7.50143766548e-11, 3.32333390408e-13, 1.23810687316e-14, 3.07486448853e-15, 9.99189379862e-17, 1.40452548655e-18, 5.37806952576e-20]
        dvar2: [2.36725244309e-17, 5.6792114414e-12, 1.57816232305e-10, 3.03589575701e-09, 1.3145525557e-08, 1.74171270828e-06, 5.20266718596e-09, 3.37521482985e-10, 2.80297007826e-09, 1.55257352114e-11, 3.48213097245e-10, 1.45557274567e-10, 2.92640106592e-10, 2.22663956717e-10, 6.5144549477e-11, 1.14029410914e-10, 1.23215393444e-09, 1.12591191925e-09, 2.19219864483e-09, 3.43416073356e-09, 2.32747404683e-10, 1.06798511007e-12, 3.74472283423e-14, 7.16930719435e-15, 2.41297425588e-16, 3.97623238912e-18, 1.31670635756e-19]
        max: [4.08590281609e-08, 2.7507685445e-05, 0.000214996543946, 0.00143361371011, 0.00226152129471, 0.0105183543637, 0.00386107410304, 0.000344365776982, 0.000528459378984, 3.09385868604e-05, 0.000129660780658, 9.18632285902e-05, 0.000131834327476, 0.000182294854312, 5.80158557568e-05, 0.000115040544188, 0.000264532514848, 0.000359835801646, 0.00065771053778, 0.000563738751225, 0.000106226441858, 8.01426722319e-06, 1.60486251843e-06, 9.60005650086e-07, 1.8862790796e-07, 2.00888639057e-08, 3.18366533136e-09]
        mean: [1.69602809574e-09, 2.9771069876e-06, 1.96309665625e-05, 0.000329470261931, 0.000493577506859, 0.000906304281671, 0.000705183949322, 2.20381934923e-05, 1.47923519762e-05, 2.35615061683e-06, 7.16358090358e-06, 6.48918148727e-06, 7.00116515873e-06, 5.05389834871e-06, 3.71567261936e-06, 8.92468051461e-06, 2.11216483876e-05, 3.06265064864e-05, 3.18394886563e-05, 2.82124401565e-05, 6.1172486312e-06, 4.92569370181e-07, 5.58858204158e-08, 4.21039310083e-08, 6.65401778122e-09, 7.74982023e-10, 1.23806534469e-10]
        min: [9.03281529435e-12, 6.39994446328e-11, 7.44412170794e-11, 9.22356496735e-11, 2.94389013167e-10, 3.88602872103e-10, 4.39569214361e-10, 4.57094723183e-10, 5.26569787773e-10, 1.36961608721e-10, 8.8345511462e-11, 1.24826260439e-10, 9.55872603292e-11, 4.49248832579e-11, 1.90683892287e-11, 8.34849897546e-12, 1.80592624188e-11, 4.12846631881e-11, 3.79811737616e-11, 1.22725232754e-10, 4.01822429497e-11, 1.28219301496e-11, 7.50311011238e-12, 4.61280883282e-12, 5.41732414136e-12, 2.41635140716e-12, 6.43504863721e-15]
        var: [9.58143817599e-18, 1.47111836601e-11, 7.36533112278e-10, 8.08275189002e-08, 2.55138786542e-07, 2.52211566476e-06, 7.35999549306e-07, 1.62752455957e-09, 1.87714110922e-09, 2.06471003489e-11, 3.36232902631e-10, 1.42193617991e-10, 3.36971006654e-10, 3.22098125949e-10, 6.21683746149e-11, 3.87199744489e-10, 2.06594674701e-09, 4.77907802221e-09, 7.20354842443e-09, 6.41686570546e-09, 2.37855984908e-10, 1.33034306227e-12, 4.08172437906e-14, 1.68969740679e-14, 4.22419883598e-16, 5.90004521723e-18, 6.07879651776e-20]
    mfcc:
        mean: [-975.140686035, 213.04574585, -11.3377790451, 84.9858016968, -4.037545681, -23.4372749329, -19.9402332306, -32.3468399048, -28.461763382, -29.6494522095, -16.2524719238, -3.84347462654, -3.40931200981]
        cov: [[19987.5332031, -2145.82885742, -4871.48193359, -121.605133057, -2452.53564453, -408.493835449, 661.930419922, 481.657806396, 28.0832881927, 71.9455566406, -50.3466148376, 901.20916748, 49.5160713196], [-2145.82885742, 711.479248047, 541.711303711, 40.9494285583, 204.865447998, 14.920800209, -11.1919078827, 6.78882884979, 23.1488399506, -134.360427856, 2.60037612915, -66.2509460449, 76.0276641846], [-4871.48193359, 541.711303711, 1318.81091309, 33.2633285522, 664.064697266, 97.6764678955, -172.714492798, -119.054855347, -20.2499275208, 4.3766283989, -5.04925441742, -241.695373535, -33.647518158], [-121.605133057, 40.9494285583, 33.2633285522, 68.3557434082, 35.625667572, 7.2757153511, -20.0218105316, -25.8576221466, -3.27038764954, -15.307302475, -4.30895328522, -10.1531534195, -4.42273283005], [-2452.53564453, 204.865447998, 664.064697266, 35.625667572, 383.733947754, 66.1686172485, -106.384536743, -80.7380447388, -16.2247905731, 18.1471099854, -1.67011904716, -134.00793457, -37.2770233154], [-408.493835449, 14.920800209, 97.6764678955, 7.2757153511, 66.1686172485, 44.0188522339, -17.145860672, -15.4180040359, 2.06689572334, 2.11901187897, 6.14883899689, -25.4936599731, -12.7905502319], [661.930419922, -11.1919078827, -172.714492798, -20.0218105316, -106.384536743, -17.145860672, 75.9313659668, 46.7373695374, 11.6830892563, -12.6530361176, -3.46872830391, 47.7151641846, 27.2540016174], [481.657806396, 6.78882884979, -119.054855347, -25.8576221466, -80.7380447388, -15.4180040359, 46.7373695374, 57.5211601257, 16.7105407715, -6.32044887543, -1.05908763409, 32.9940223694, 19.1112041473], [28.0832881927, 23.1488399506, -20.2499275208, -3.27038764954, -16.2247905731, 2.06689572334, 11.6830892563, 16.7105407715, 27.4019088745, -1.17131483555, 6.27105140686, 5.27459096909, 4.60112380981], [71.9455566406, -134.360427856, 4.3766283989, -15.307302475, 18.1471099854, 2.11901187897, -12.6530361176, -6.32044887543, -1.17131483555, 66.009979248, 2.12591910362, -9.09501075745, -28.8689899445], [-50.3466148376, 2.60037612915, -5.04925441742, -4.30895328522, -1.67011904716, 6.14883899689, -3.46872830391, -1.05908763409, 6.27105140686, 2.12591910362, 22.4305744171, 3.77722764015, -0.107340738177], [901.20916748, -66.2509460449, -241.695373535, -10.1531534195, -134.00793457, -25.4936599731, 47.7151641846, 32.9940223694, 5.27459096909, -9.09501075745, 3.77722764015, 71.731262207, 24.341299057], [49.5160713196, 76.0276641846, -33.647518158, -4.42273283005, -37.2770233154, -12.7905502319, 27.2540016174, 19.1112041473, 4.60112380981, -28.8689899445, -0.107340738177, 24.341299057, 43.8035049438]]
        icov: [[0.000779128982686, -0.000313492317218, 0.002624504501, -0.000541877932847, 0.000119136464491, 0.000499460380524, -0.000321693863953, -0.00143303617369, 0.00173593731597, -0.00116844067816, 0.00187237735372, -0.00124059128575, 0.00243883905932], [-0.000313492317218, 0.00833439454436, -0.00658550206572, -0.00393363786861, 0.00303363217972, 0.00328325899318, -0.00142537325155, -0.00450502336025, -0.0049825431779, 0.0132357561961, -0.00540381902829, 0.00297133252025, -0.00559224141762], [0.002624504501, -0.00658550206572, 0.0216381922364, 0.00480822427198, -0.0170393995941, 0.00350897526368, 0.000609631126281, -0.00294726761058, 0.00708599435166, -0.00992362946272, 0.00901336781681, 0.000858840881847, 0.00526100024581], [-0.000541877932847, -0.00393363786861, 0.00480822427198, 0.0253856536001, -0.00986267253757, -0.000547273899429, 0.00301525811665, 0.0141096198931, -0.00644497480243, 0.00273516145535, 0.00805028155446, -0.00445824209601, 0.002088281326], [0.000119136464491, 0.00303363217972, -0.0170393995941, -0.00986267253757, 0.0368812792003, -0.0114969937131, 0.00146978173871, 0.00206345040351, 0.0032894606702, -0.00274073914625, -0.000923824030906, 0.00405529979616, 0.00232215039432], [0.000499460380524, 0.00328325899318, 0.00350897526368, -0.000547273899429, -0.0114969937131, 0.0399885363877, -0.00712679279968, -8.71250304044e-05, -0.00672006141394, 0.0103803016245, -0.0115999169648, 0.00610879249871, 0.00686579756439], [-0.000321693863953, -0.00142537325155, 0.000609631126281, 0.00301525811665, 0.00146978173871, -0.00712679279968, 0.0386189892888, -0.0163191892207, -0.00148494087625, -0.00224920944311, 0.00971058849245, -0.0101238610223, -0.00980501063168], [-0.00143303617369, -0.00450502336025, -0.00294726761058, 0.0141096198931, 0.00206345040351, -8.71250304044e-05, -0.0163191892207, 0.054565820843, -0.0209646038711, -0.00470485398546, 0.00639149080962, -0.00304844602942, -0.00251179211773], [0.00173593731597, -0.0049825431779, 0.00708599435166, -0.00644497480243, 0.0032894606702, -0.00672006141394, -0.00148494087625, -0.0209646038711, 0.0594133846462, -0.0125232804567, -0.0102893756703, 0.00351931573823, 0.00591051997617], [-0.00116844067816, 0.0132357561961, -0.00992362946272, 0.00273516145535, -0.00274073914625, 0.0103803016245, -0.00224920944311, -0.00470485398546, -0.0125232804567, 0.0476129762828, -0.0106590474024, 0.00116911577061, 0.00717158662155], [0.00187237735372, -0.00540381902829, 0.00901336781681, 0.00805028155446, -0.000923824030906, -0.0115999169648, 0.00971058849245, 0.00639149080962, -0.0102893756703, -0.0106590474024, 0.064927957952, -0.0184624567628, 0.00646972982213], [-0.00124059128575, 0.00297133252025, 0.000858840881847, -0.00445824209601, 0.00405529979616, 0.00610879249871, -0.0101238610223, -0.00304844602942, 0.00351931573823, 0.00116911577061, -0.0184624567628, 0.0616157650948, -0.0245652850717], [0.00243883905932, -0.00559224141762, 0.00526100024581, 0.002088281326, 0.00232215039432, 0.00686579756439, -0.00980501063168, -0.00251179211773, 0.00591051997617, 0.00717158662155, 0.00646972982213, -0.0245652850717, 0.062980234623]]
    spectral_contrast:
        mean: [-4.87327014298e-08, -1.96100927496e-07, -1.95035010364e-08, 3.46999051715e-08, 2.55160671259e-07, -2.52868197492e-08, -5.50196716631e-07, -1.38521750159e-06, 8.44260171107e-07, 4.05144845672e-07, -1.53110306655e-07, 1.68671419942e-06]
        var: [8.16270985524e-05, 0.00013573958131, 0.000305489433231, 0.000418762123445, 0.00153515918646, 0.00379495183006, 0.026733443141, 0.0725865513086, 0.0876697674394, 0.191938579082, 0.440117388964, 10.197687149]

rhythm:
    beats_loudness:
        dmean: 0.00117534876335
        dmean2: 0.00187099201139
        dvar: 2.89340255222e-06
        dvar2: 7.29568319002e-06
        max: 0.0134122846648
        mean: 0.00284146540798
        min: 0.000136294649565
        var: 8.90952287591e-06
    beats_loudness_bass:
        dmean: 0.108643703163
        dmean2: 0.184495657682
        dvar: 0.00736937951297
        dvar2: 0.0192915108055
        max: 0.462876915932
        mean: 0.186745077372
        min: 0.0318254083395
        var: 0.019886860624
    bpm: 166.666778564
    bpm_confidence: 0
    first_peak_bpm: 172
    first_peak_spread: 0
    first_peak_weight: 0.615384638309
    onset_rate: 2.41141748428
    second_peak_bpm: 167
    second_peak_spread: 0
    second_peak_weight: 0.346153855324
    beats_position: [0.350405991077, 0.698904752731, 1.04740345478, 1.39590227604, 1.74440097809, 2.09289979935, 2.44139862061, 2.78989744186, 3.1383960247, 3.48689484596, 3.83539366722, 4.18389225006, 4.53239107132, 4.88088989258, 5.22938871384, 5.5778875351, 5.92638635635, 6.34356832504, 6.70356845856, 7.0635676384, 7.42356777191, 7.78356790543, 8.14356708527, 8.50356674194, 8.86356735229, 9.22356700897, 9.58356666565]
    bpm_estimates: [166.664520264, 166.669021606]
    bpm_intervals: [0.348498761654, 0.348498702049, 0.348498821259, 0.348498702049, 0.348498821259, 0.348498821259, 0.348498821259, 0.34849858284, 0.348498821259, 0.348498821259, 0.34849858284, 0.348498821259, 0.348498821259, 0.348498821259, 0.348498821259, 0.348498821259, 0.417181968689, 0.360000133514, 0.35999917984, 0.360000133514, 0.360000133514, 0.35999917984, 0.359999656677, 0.360000610352, 0.359999656677, 0.359999656677]
    onset_times: [0.0464399084449, 0.743038535118, 2.53097510338, 2.70512461662, 3.22757363319, 3.39011335373, 4.41179132462, 4.5046710968, 4.60916090012, 4.87619066238, 5.15482997894, 5.56117916107, 6.19972801208, 6.35065746307, 6.48997735977, 6.64090681076, 6.76861667633, 6.91954660416, 7.07047605515, 7.4884352684, 7.58131504059, 7.74385499954, 7.89478445053, 8.44045352936]
    rubato_start: []
    rubato_stop: []
    perceptual_tempo: "unknown"

sfx:
    inharmonicity:
        dmean: 0.0141869913787
        dmean2: 0.0260688196868
        dvar: 0.000747748475987
        dvar2: 0.00212914450094
        max: 0.260496526957
        mean: 0.0116683831438
        min: 6.03338492056e-07
        var: 0.000588527764194
    oddtoevenharmonicenergyratio:
        dmean: 68.9766082764
        dmean2: 126.705230713
        dvar: 32078.1953125
        dvar2: 81809.421875
        max: 1254.84436035
        mean: 76.8500137329
        min: 8.22352205887e-07
        var: 46996.28125
    pitch_after_max_to_before_max_energy_ratio: 2.65378546715
    pitch_centroid: 178.41619873
    pitch_max_to_total: 0.0139860138297
    pitch_min_to_total: 0.407925397158
    tristimulus:
        dmean: [0.211874395609, 0.210302054882, 0.0287352409214]
        dmean2: [0.397690206766, 0.394338101149, 0.0512425079942]
        dvar: [0.0934784412384, 0.0966300219297, 0.00241412897594]
        dvar2: [0.23165923357, 0.238996163011, 0.00682668108493]
        max: [0.99621117115, 0.978126347065, 0.464283883572]
        mean: [0.663468599319, 0.298668026924, 0.028870144859]
        min: [0.0187743529677, 0, 0]
        var: [0.116936460137, 0.118638239801, 0.00242675328627]

tonal:
    chords_changes_rate: 0
    chords_number_rate: 0.00465116277337
    chords_strength:
        dmean: 0.00410763779655
        dmean2: 0.00386469531804
        dvar: 9.47552052821e-06
        dvar2: 1.12507223093e-05
        max: 0.554018855095
        mean: 0.448058575392
        min: 0.353380382061
        var: 0.00218808255158
    key_strength: 0.634531438351
    tuning_diatonic_strength: 0.418685823679
    tuning_equal_tempered_deviation: 0.142134189606
    tuning_frequency: 436.960693359
    tuning_nontempered_energy_ratio: 0.796108365059
    hpcp:
        dmean: [0.0025543696247, 0.00418713083491, 0.00482847634703, 0.00286544696428, 0.00143184489571, 0.0233893264085, 0.0819508209825, 0.0831514969468, 0.0249357037246, 0.00532139791176, 0.00576185900718, 0.0035063335672, 0.00136864837259, 0.00390341295861, 0.0158848036081, 0.0181556344032, 0.00630924291909, 0.0086421854794, 0.0243630930781, 0.0640133470297, 0.135782971978, 0.128313660622, 0.157165378332, 0.0910710468888, 0.0166699755937, 0.00288672209717, 0.00276336376555, 0.0320455171168, 0.0580382533371, 0.0334400460124, 0.00184434850235, 0.00261239032261, 0.0643121898174, 0.0833372250199, 0.0726921781898, 0.00730584282428]
        dmean2: [0.00359554076567, 0.00578107312322, 0.00682375393808, 0.00441173603758, 0.00240471842699, 0.0317310020328, 0.100592024624, 0.108807370067, 0.0362308323383, 0.0069593549706, 0.00688400072977, 0.00461642025039, 0.00214849319309, 0.00573999620974, 0.0217302311212, 0.0263904184103, 0.0104195149615, 0.0162088628858, 0.0450665205717, 0.117867365479, 0.221273899078, 0.193898320198, 0.237899526954, 0.15522313118, 0.0316928327084, 0.0052670747973, 0.00514269247651, 0.0431960113347, 0.0691972598433, 0.0458050146699, 0.00315723614767, 0.00428499467671, 0.0849533453584, 0.108350045979, 0.100149527192, 0.011727402918]
        dvar: [0.000300237967167, 0.000265252892859, 7.82082715887e-05, 4.35409056081e-05, 1.46563170347e-05, 0.000544023700058, 0.00826990045607, 0.00847176276147, 0.000736785121262, 0.00156495266128, 0.00295686582103, 0.00031063213828, 9.54044662649e-06, 5.30533761776e-05, 0.000505989650264, 0.000766250654124, 0.000196569453692, 0.00227010645904, 0.00929945148528, 0.0351793691516, 0.0442016981542, 0.0320464670658, 0.0298601910472, 0.024576080963, 0.00352407363243, 0.000189765079995, 7.59984832257e-05, 0.00229738815688, 0.00652300100774, 0.00191389257088, 8.17674663267e-06, 2.81653465208e-05, 0.0040660337545, 0.0155066139996, 0.00466828467324, 0.000278501596767]
        dvar2: [0.000365151761798, 0.000353783369064, 0.000137679977342, 9.2718306405e-05, 3.54519179382e-05, 0.00121993536595, 0.0133402496576, 0.0126763880253, 0.00149161170702, 0.00158645235933, 0.00297328480519, 0.000329764647176, 1.96921155293e-05, 0.000130614294903, 0.00105976476334, 0.00177825393621, 0.000535228347871, 0.00668384414166, 0.0244821868837, 0.10709296912, 0.137115985155, 0.0846582576632, 0.0797343626618, 0.0722937583923, 0.0105161489919, 0.000560583197512, 0.000224299918045, 0.00375853967853, 0.00963826477528, 0.00336918025278, 2.25247495109e-05, 7.77251843829e-05, 0.00730584654957, 0.0236608795822, 0.00980746466666, 0.000451986386906]
        max: [0.265722423792, 0.238610848784, 0.10993861407, 0.104683272541, 0.0642172172666, 0.251211434603, 1, 1, 0.231357291341, 0.579938828945, 0.797201216221, 0.251160681248, 0.0408631637692, 0.0717538967729, 0.211831703782, 0.26204892993, 0.106679350138, 0.422258108854, 0.69391477108, 1, 1, 1, 1, 1, 0.341262966394, 0.146737262607, 0.0914965569973, 0.651887178421, 1, 0.505370914936, 0.0347104072571, 0.046260766685, 0.737207114697, 1, 0.844516158104, 0.219268202782]
        mean: [0.00426015397534, 0.00739738997072, 0.00955329835415, 0.00641975691542, 0.00323392357677, 0.0751482620835, 0.404536724091, 0.407005727291, 0.0790514275432, 0.00688706990331, 0.00818255916238, 0.0063591748476, 0.00345583027229, 0.00693515501916, 0.0247393976897, 0.0262386854738, 0.00926546752453, 0.0075516179204, 0.0195895135403, 0.0425867401063, 0.221768543124, 0.621140778065, 0.512650728226, 0.0955354124308, 0.0129720885307, 0.00342145306058, 0.00417838478461, 0.117594197392, 0.219939082861, 0.107567347586, 0.00361667573452, 0.00434194598347, 0.330023825169, 0.683433353901, 0.362640976906, 0.00809474755079]
        min: [0, 0, 0, 0, 0, 0, 0, 0, 0.00241757370532, 1.09034353954e-05, 1.12585421448e-05, 7.14772340871e-06, 0, 0, 0, 0, 0, 0, 0, 0, 0.00681344419718, 0.0527751035988, 0.012869999744, 0.000522294430993, 0, 0, 6.24949780104e-06, 0.000641386606731, 0.000628928071819, 0.00021621522319, 0, 0, 0, 0, 0, 0]
        var: [0.00036806834396, 0.000356807751814, 0.000246981915552, 0.000157763191964, 5.34257487743e-05, 0.00332054472528, 0.0740803256631, 0.0686136186123, 0.00265425886028, 0.00158992339857, 0.00296684261411, 0.000346086686477, 3.10758550768e-05, 0.000128666157252, 0.00129399436992, 0.00157988420688, 0.000251952908002, 0.00128620688338, 0.00681778462604, 0.0231591816992, 0.0392278134823, 0.112030155957, 0.0902454927564, 0.0180664677173, 0.00245691812597, 0.000133252280648, 7.61228729971e-05, 0.0240930598229, 0.0768102407455, 0.0163240190595, 3.8254129322e-05, 4.36436530435e-05, 0.032296910882, 0.115685291588, 0.0324758924544, 0.000355883268639]
    chords_histogram: [100, 0, 0, 0, 0, 0, 0, 0, 0, 0, 0, 0, 0, 0, 0, 0, 0, 0, 0, 0, 0, 0, 0, 0]
    thpcp: [1, 0.530616462231, 0.0118442382663, 0.00623345933855, 0.0108238644898, 0.0139783909544, 0.00939339119941, 0.00473187863827, 0.109956972301, 0.591918349266, 0.595530986786, 0.115668088198, 0.0100771635771, 0.0119727244601, 0.00930474791676, 0.00505657261238, 0.0101475222036, 0.0361986979842, 0.038392458111, 0.0135572366416, 0.0110495304689, 0.0286633856595, 0.062312938273, 0.32449182868, 0.908853471279, 0.750110805035, 0.139787465334, 0.0189807657152, 0.00500627188012, 0.00611381465569, 0.172063887119, 0.321814954281, 0.157392591238, 0.00529192155227, 0.00635313754901, 0.482891023159]
    chords_key: "E"
    chords_scale: "major"
    key_key: "E"
    key_scale: "major"
    chords_progression: ["E", "E", "E", "E", "E", "E", "E", "E", "E", "E", "E", "E", "E", "E", "E", "E", "E", "E", "E", "E", "E", "E", "E", "E", "E", "E", "E", "E", "E", "E", "E", "E", "E", "E", "E", "E", "E", "E", "E", "E", "E", "E", "E", "E", "E", "E", "E", "E", "E", "E", "E", "E", "E", "E", "E", "E", "E", "E", "E", "E", "E", "E", "E", "E", "E", "E", "E", "E", "E", "E", "E", "E", "E", "E", "E", "E", "E", "E", "E", "E", "E", "E", "E", "E", "E", "E", "E", "E", "E", "E", "E", "E", "E", "E", "E", "E", "E", "E", "E", "E", "E", "E", "E", "E", "E", "E", "E", "E", "E", "E", "E", "E", "E", "E", "E", "E", "E", "E", "E", "E", "E", "E", "E", "E", "E", "E", "E", "E", "E", "E", "E", "E", "E", "E", "E", "E", "E", "E", "E", "E", "E", "E", "E", "E", "E", "E", "E", "E", "E", "E", "E", "E", "E", "E", "E", "E", "E", "E", "E", "E", "E", "E", "E", "E", "E", "E", "E", "E", "E", "E", "E", "E", "E", "E", "E", "E", "E", "E", "E", "E", "E", "E", "E", "E", "E", "E", "E", "E", "E", "E", "E", "E", "E", "E", "E", "E", "E", "E", "E", "E", "E", "E", "E", "E", "E", "E", "E", "E", "E", "E", "E", "E", "E", "E", "E"]
