
metadata:
    version:
        essentia: "1.2.2"
    audio_properties:
        analysis_sample_rate: 44100
        bitrate: 128
        channels: 2
        equal_loudness: 1
        length: 10.0310201645
        replay_gain: -11.4148101807
        downmix: "mix"
    tags:
        track: 3
        year: 0
        album: "Splitted by Mp3Splt v. 2.1"
        artist: "From 000.20 To 000.30"
        comment: "http://mp3splt.sf.net"
        genre: ""
        title: "02 Track 2.mp3"

highlevel:
    ballroom:
        all:
            ChaChaCha: 0.301771223545
            Jive: 0.3399707973
            Quickstep: 0.0182364135981
            Rumba-American: 0.000577547005378
            Rumba-International: 0.00135321938433
            Rumba-Misc: 0.000879389001057
            Samba: 0.335615843534
            Tango: 0.000410445965827
            VienneseWaltz: 0.000780492671765
            Waltz: 0.000404606718803
        probability: 0.3399707973
        value: "Jive"
    culture:
        all:
            non_western: 0.015198847279
            western: 0.98480117321
        probability: 0.98480117321
        value: "western"
    gender:
        all:
            female: 0.28220385313
            male: 0.71779614687
        probability: 0.71779614687
        value: "male"
    genre_dortmund:
        all:
            alternative: 0.0190537739545
            blues: 0.00839502830058
            electronic: 0.0421967543662
            folkcountry: 0.0124004576355
            funksoulrnb: 0.055347673595
            jazz: 0.0213116239756
            pop: 0.0341684818268
            raphiphop: 0.632557988167
            rock: 0.174568206072
        probability: 0.632557988167
        value: "raphiphop"
    genre_electronica:
        all:
            ambient: 0.0587240792811
            dnb: 0.837290167809
            house: 0.0327780023217
            techno: 0.02998200804
            trance: 0.0412257164717
        probability: 0.837290167809
        value: "dnb"
    genre_rosamerica:
        all:
            cla: 0.00920110195875
            dan: 0.358927726746
            hip: 0.324917495251
            jaz: 0.00621048826724
            pop: 0.160019949079
            rhy: 0.0493376627564
            roc: 0.0865215659142
            spe: 0.00486400490627
        probability: 0.358927726746
        value: "dan"
    genre_tzanetakis:
        all:
            blu: 0.00103219691664
            cla: 0.00100620219018
            cou: 0.00381721789017
            dis: 0.0699851289392
            hip: 0.373365163803
            jaz: 0.00174862099811
            met: 0.0180571824312
            pop: 0.461353361607
            reg: 0.0563124269247
            roc: 0.0133225014433
        probability: 0.461353361607
        value: "pop"
    live_studio:
        all:
            live: 0.00635721115395
            studio: 0.993642807007
        probability: 0.993642807007
        value: "studio"
    mood:
        all:
            Cluster1: 0.3083999753
            Cluster2: 0.155654430389
            Cluster3: 0.01638895832
            Cluster4: 0.0962442532182
            Cluster5: 0.423312366009
        probability: 0.423312366009
        value: "Cluster5"
    mood_acoustic:
        all:
            acoustic: 3.20614344673e-06
            not_acoustic: 0.999996781349
        probability: 0.999996781349
        value: "not_acoustic"
    mood_aggressive:
        all:
            aggressive: 0.830309092999
            not_aggressive: 0.169690877199
        probability: 0.830309092999
        value: "aggressive"
    mood_electronic:
        all:
            electronic: 0.953558266163
            not_electronic: 0.0464417077601
        probability: 0.953558266163
        value: "electronic"
    mood_happy:
        all:
            happy: 0.593866705894
            not_happy: 0.406133323908
        probability: 0.593866705894
        value: "happy"
    mood_party:
        all:
            not_party: 0.114980429411
            party: 0.885019540787
        probability: 0.885019540787
        value: "party"
    mood_relaxed:
        all:
            not_relaxed: 0.457184404135
            relaxed: 0.542815625668
        probability: 0.542815625668
        value: "relaxed"
    mood_sad:
        all:
            not_sad: 0.901300013065
            sad: 0.0987000092864
        probability: 0.901300013065
        value: "not_sad"
    rhythm:
        all:
            fast: 0.440807133913
            medium: 0.534020900726
            slow: 0.0251719392836
        probability: 0.534020900726
        value: "medium"
    speech_music:
        all:
            music: 0.985556304455
            speech: 0.0144437169656
        probability: 0.985556304455
        value: "music"
    timbre:
        all:
            bright: 0.0778966397047
            dark: 0.922103345394
        probability: 0.922103345394
        value: "dark"
    voice_instrumental:
        all:
            instrumental: 0.0160330999643
            voice: 0.983966886997
        probability: 0.983966886997
        value: "voice"

lowlevel:
    average_loudness: 0.970377385616
    barkbands_kurtosis:
        dmean: 1.14843213558
        dmean2: 1.89052820206
        dvar: 3.18923974037
        dvar2: 7.62595748901
        max: 17.9812831879
        mean: -0.159207418561
        min: -1.80768406391
        var: 3.95774555206
    barkbands_skewness:
        dmean: 0.569215297699
        dmean2: 0.868277728558
        dvar: 0.333342939615
        dvar2: 0.659799098969
        max: 3.88041448593
        mean: 0.324850082397
        min: -2.29476094246
        var: 0.873896002769
    barkbands_spread:
        dmean: 6.79611206055
        dmean2: 10.5578889847
        dvar: 35.4047088623
        dvar2: 93.0855407715
        max: 61.5830154419
        mean: 29.166891098
        min: 7.49806976318
        var: 94.8562927246
    dissonance:
        dmean: 0.0210246127099
        dmean2: 0.033512622118
        dvar: 0.00034707528539
        dvar2: 0.000793725252151
        max: 0.499206721783
        mean: 0.463390409946
        min: 0.321012526751
        var: 0.000743850774597
    hfc:
        dmean: 3.74368953705
        dmean2: 5.585542202
        dvar: 45.5860404968
        dvar2: 100.841697693
        max: 59.4176826477
        mean: 5.44136095047
        min: 0.00759305479005
        var: 60.0623245239
    pitch:
        dmean: 850.963378906
        dmean2: 1645.42822266
        dvar: 1879795.125
        dvar2: 4344863.5
        max: 4009.09082031
        mean: 1118.47619629
        min: 97.1365661621
        var: 2169923
    pitch_instantaneous_confidence:
        dmean: 0.114613287151
        dmean2: 0.176547184587
        dvar: 0.00919858086854
        dvar2: 0.0189846009016
        max: 0.908898830414
        mean: 0.403865486383
        min: 0.145586669445
        var: 0.0271452497691
    pitch_salience:
        dmean: 0.0744043067098
        dmean2: 0.122840285301
        dvar: 0.00374791491777
        dvar2: 0.00969910621643
        max: 0.889437496662
        mean: 0.675319254398
        min: 0.325028538704
        var: 0.00736763561144
    silence_rate_20dB:
        dmean: 0
        dmean2: 0
        dvar: 0
        dvar2: 0
        max: 1
        mean: 1
        min: 1
        var: 0
    silence_rate_30dB:
        dmean: 0
        dmean2: 0
        dvar: 0
        dvar2: 0
        max: 1
        mean: 1
        min: 1
        var: 0
    silence_rate_60dB:
        dmean: 0.171296298504
        dmean2: 0.34338748455
        dvar: 0.141953974962
        dvar2: 0.248673439026
        max: 1
        mean: 0.648960709572
        min: 0
        var: 0.22781124711
    spectral_centroid:
        dmean: 399.23739624
        dmean2: 607.341125488
        dvar: 159735.140625
        dvar2: 287373.875
        max: 3613.34423828
        mean: 1491.81066895
        min: 239.002685547
        var: 482430.40625
    spectral_complexity:
        dmean: 5.09512758255
        dmean2: 7.43023252487
        dvar: 48.2438774109
        dvar2: 89.4079208374
        max: 53
        mean: 10.2546300888
        min: 0
        var: 92.3008346558
    spectral_crest:
        dmean: 2.14034581184
        dmean2: 3.47312068939
        dvar: 3.97212529182
        dvar2: 9.02949333191
        max: 19.8727989197
        mean: 6.90945243835
        min: 2.71787953377
        var: 7.66444635391
    spectral_decrease:
        dmean: 4.27756774446e-10
        dmean2: 6.442769096e-10
        dvar: 5.0375873161e-19
        dvar2: 1.20898123052e-18
        max: -3.80488782842e-12
        mean: -7.27094939812e-10
        min: -5.60360735591e-09
        var: 6.16470930563e-19
    spectral_energy:
        dmean: 0.00194195040967
        dmean2: 0.00289954990149
        dvar: 1.02354606497e-05
        dvar2: 2.42733640334e-05
        max: 0.0262115132064
        mean: 0.00323777343147
        min: 1.50491978275e-05
        var: 1.27562207126e-05
    spectral_energyband_high:
        dmean: 0.000240286346525
        dmean2: 0.000358942663297
        dvar: 2.14270571064e-07
        dvar2: 4.44388945198e-07
        max: 0.00405337521806
        mean: 0.000267625902779
        min: 2.27347754844e-07
        var: 2.69864472102e-07
    spectral_energyband_low:
        dmean: 0.000253834441537
        dmean2: 0.00043017527787
        dvar: 3.46308326016e-07
        dvar2: 9.63592924563e-07
        max: 0.00527564622462
        mean: 0.000313425931381
        min: 1.63661539432e-07
        var: 3.06571195097e-07
    spectral_energyband_middle_high:
        dmean: 0.000918295176234
        dmean2: 0.00137216679286
        dvar: 2.46133208748e-06
        dvar2: 5.74196883463e-06
        max: 0.0155660128221
        mean: 0.00146190018859
        min: 8.66229299845e-07
        var: 3.42069142789e-06
    spectral_energyband_middle_low:
        dmean: 0.000761289033107
        dmean2: 0.00120600825176
        dvar: 2.6047459869e-06
        dvar2: 6.49033199807e-06
        max: 0.016387142241
        mean: 0.00119474879466
        min: 4.26959786637e-06
        var: 2.73606292467e-06
    spectral_flatness_db:
        dmean: 0.0226955059916
        dmean2: 0.0333267264068
        dvar: 0.000300465937471
        dvar2: 0.00068058463512
        max: 0.303912013769
        mean: 0.154883652925
        min: 0.0625115633011
        var: 0.00139155774377
    spectral_flux:
        dmean: 0.0129429837689
        dmean2: 0.0191158633679
        dvar: 0.000241539251874
        dvar2: 0.000491944258101
        max: 0.150099918246
        mean: 0.0381240174174
        min: 0.00387932965532
        var: 0.00047062188969
    spectral_kurtosis:
        dmean: 2.48831915855
        dmean2: 4.20320892334
        dvar: 7.38918638229
        dvar2: 21.3047370911
        max: 18.8364315033
        mean: 4.37490177155
        min: -0.273731470108
        var: 10.3498353958
    spectral_rms:
        dmean: 0.000484070304083
        dmean2: 0.000664507970214
        dvar: 3.26230917835e-07
        dvar2: 6.86220062107e-07
        max: 0.00505689717829
        mean: 0.00157853763085
        min: 0.000121169898193
        var: 6.67021481604e-07
    spectral_rolloff:
        dmean: 695.407531738
        dmean2: 1108.15881348
        dvar: 605923.625
        dvar2: 1263835.125
        max: 5598.6328125
        mean: 2776.83569336
        min: 258.3984375
        var: 1335966.625
    spectral_skewness:
        dmean: 0.33950021863
        dmean2: 0.561712741852
        dvar: 0.0963419824839
        dvar2: 0.238801911473
        max: 2.96830654144
        mean: 1.39706492424
        min: 0.509335100651
        var: 0.164533644915
    spectral_spread:
        dmean: 1048281.625
        dmean2: 1383413.125
        dvar: 1.50650945536e+12
        dvar2: 2.71895206298e+12
        max: 11936922
        mean: 4264050.5
        min: 1874631.25
        var: 3.94296819712e+12
    spectral_strongpeak:
        dmean: 0.327620536089
        dmean2: 0.569451034069
        dvar: 0.256350368261
        dvar2: 0.690973520279
        max: 3.52142453194
        mean: 0.418322682381
        min: 0
        var: 0.285814076662
    zerocrossingrate:
        dmean: 0.0129207605496
        dmean2: 0.0148744098842
        dvar: 0.000138979303301
        dvar2: 0.000184196032933
        max: 0.1640625
        mean: 0.0835141763091
        min: 0.02685546875
        var: 0.000734164495952
    barkbands:
        dmean: [1.12004545372e-06, 0.000100994657259, 0.000177690701094, 0.000113846406748, 0.000461530318717, 0.000107135390863, 8.09280536487e-05, 8.5001833213e-05, 0.000112988105684, 6.54710456729e-05, 5.40513938176e-05, 6.42218365101e-05, 2.87900311378e-05, 6.16242687101e-05, 7.44224089431e-05, 9.0639849077e-05, 0.000138987539685, 0.000247601419687, 0.000253280129982, 0.000201608811039, 8.80593215697e-05, 3.52954739355e-05, 1.20613212857e-05, 6.61572767058e-06, 3.72949466509e-06, 2.25807212928e-07, 1.26994637029e-09]
        dmean2: [1.429940653e-06, 0.000169239196111, 0.000309396215016, 0.000189777405467, 0.000749216182157, 0.000174286193214, 0.000135597045301, 0.000133604335133, 0.000180326867849, 0.000101034973341, 9.33587580221e-05, 9.71176632447e-05, 4.72674400953e-05, 0.000102666534076, 0.000122342869872, 0.000150817795657, 0.000230137011386, 0.000409176631365, 0.000372624665033, 0.000308145710733, 0.000131823690026, 5.44264548807e-05, 1.86098441191e-05, 1.03739885162e-05, 5.81934864385e-06, 3.63920719337e-07, 1.45153189468e-09]
        dvar: [7.11981038362e-12, 3.98737256546e-08, 2.01564176905e-07, 7.11019865207e-08, 1.714283826e-06, 3.27156080004e-08, 1.57805732925e-08, 3.98397084211e-08, 2.26614300658e-08, 7.46409156704e-09, 9.03571795163e-09, 1.89708728726e-08, 1.52754642269e-09, 1.02286374926e-08, 1.92341147454e-08, 2.92833366444e-08, 8.96780960602e-08, 3.09974694801e-07, 1.98504125137e-07, 1.09426132155e-07, 3.95846093681e-08, 4.95316898608e-09, 5.86307724593e-10, 1.96220165116e-10, 7.36307265159e-11, 4.22457181e-13, 4.86295114606e-16]
        dvar2: [9.25094462839e-12, 1.00596309949e-07, 5.71362193114e-07, 1.86507307376e-07, 4.3815753088e-06, 8.56403730154e-08, 4.09582767702e-08, 9.33156769634e-08, 5.07960038476e-08, 1.92267588517e-08, 2.57118006886e-08, 4.286328803e-08, 3.66106878147e-09, 2.78557337197e-08, 4.5081851141e-08, 6.9410369008e-08, 2.30937644119e-07, 8.0281239434e-07, 4.56316456621e-07, 2.41802638357e-07, 8.760186887e-08, 1.12224673998e-08, 1.23932297758e-09, 3.92443383346e-10, 1.62618335464e-10, 1.04763203321e-12, 4.87579640071e-16]
        max: [5.13114246132e-05, 0.00176081596874, 0.00351165607572, 0.00225320272148, 0.0139135289937, 0.00189071637578, 0.00132048304658, 0.00374791538343, 0.00127951765899, 0.000625894754194, 0.000823791779112, 0.00159200187773, 0.000321538740536, 0.00085823534755, 0.00158219272271, 0.00124713266268, 0.00224238960072, 0.00611815042794, 0.0043571270071, 0.00227920361795, 0.0019217930967, 0.000663380022161, 0.00022205406276, 9.64069840848e-05, 6.50665242574e-05, 5.55793940293e-06, 4.58454024965e-07]
        mean: [2.83275471702e-06, 0.000141417069244, 0.000169248160091, 0.000106280793261, 0.000467401318019, 0.000158614377142, 0.000105236991658, 0.000150537744048, 0.000197577741346, 9.44713101489e-05, 5.93767799728e-05, 9.14055854082e-05, 4.25587677455e-05, 9.43631093833e-05, 0.000102676283859, 9.82393539743e-05, 0.000141453565448, 0.000271290715318, 0.000348250119714, 0.00025120988721, 8.98798971321e-05, 3.26885528921e-05, 1.12305879156e-05, 6.1623777583e-06, 3.19863897857e-06, 1.70409876432e-07, 1.21989751634e-09]
        min: [1.27127627869e-10, 2.25294574108e-08, 8.36166691442e-08, 1.21991101665e-08, 1.03350464542e-06, 2.58099191797e-07, 2.84004897821e-07, 2.18424300868e-08, 1.30789928221e-07, 2.50426609227e-07, 6.21504341325e-08, 1.68378662124e-08, 4.19809644825e-08, 1.79416090873e-08, 4.9357300469e-08, 9.8428344586e-08, 9.96791893471e-09, 3.24171267607e-08, 1.57694316272e-07, 1.92789869402e-07, 5.60112312087e-08, 1.22013208426e-08, 1.32213473503e-09, 3.21860038621e-10, 7.03770236532e-11, 5.06625678909e-11, 6.21943970392e-14]
        var: [2.00014085155e-11, 5.80559422758e-08, 1.37018716373e-07, 5.91948108308e-08, 1.49119705384e-06, 4.46848353874e-08, 2.27187548774e-08, 1.5866810088e-07, 6.08557471082e-08, 1.126162541e-08, 8.68903793361e-09, 2.99489038014e-08, 2.26393459535e-09, 1.90884037465e-08, 2.68391158187e-08, 3.17600488131e-08, 7.83592994935e-08, 2.67531220288e-07, 3.26016305507e-07, 1.42112455137e-07, 4.4749089767e-08, 5.58018387053e-09, 7.43992645269e-10, 2.45461151405e-10, 7.87525739065e-11, 3.51739010097e-13, 4.85264381389e-16]
    mfcc:
        mean: [-753.661804199, 127.031677246, -55.1252975464, 53.1527519226, -17.1169261932, -7.48741197586, 3.49879002571, -3.11103820801, -5.19735431671, 2.9111905098, -4.59075784683, -6.02336454391, -7.43067598343]
        cov: [[6082.67871094, -2068.0300293, 630.610290527, -100.761756897, 171.04637146, 89.412902832, -189.824645996, 112.630111694, 89.4324493408, -111.389076233, -58.0612258911, -170.863433838, -23.277015686], [-2068.0300293, 2002.37854004, -538.674682617, 175.793426514, -197.286071777, -78.2937088013, 178.951904297, -22.125246048, -39.7352371216, 96.9497451782, 94.1393585205, 159.332077026, 35.5027084351], [630.610290527, -538.674682617, 1072.06591797, 31.1310482025, 328.964477539, 181.393981934, -13.7196121216, 65.089050293, 93.8017272949, -25.2017784119, -7.83888578415, 27.1650028229, 83.4501953125], [-100.761756897, 175.793426514, 31.1310482025, 246.379760742, 48.6606712341, -41.6207809448, -1.92959463596, 6.54805278778, 18.2910614014, 39.4228630066, 19.3502979279, 22.3645553589, 32.6015396118], [171.04637146, -197.286071777, 328.964477539, 48.6606712341, 205.768768311, 59.4120864868, -1.48659813404, 28.0849819183, 42.2196502686, 2.71576023102, -8.59795856476, 0.81374168396, 30.1509132385], [89.412902832, -78.2937088013, 181.393981934, -41.6207809448, 59.4120864868, 233.439147949, 13.2971944809, 35.1991729736, 50.3470497131, -15.983836174, 12.9153356552, 3.78811359406, 3.91392588615], [-189.824645996, 178.951904297, -13.7196121216, -1.92959463596, -1.48659813404, 13.2971944809, 149.383407593, 29.0710105896, -0.763592004776, 31.6721878052, 3.62633705139, 34.5829925537, 4.08766794205], [112.630111694, -22.125246048, 65.089050293, 6.54805278778, 28.0849819183, 35.1991729736, 29.0710105896, 73.4644317627, 29.388053894, 13.7640752792, 10.1777963638, -6.58325195312, 8.39250659943], [89.4324493408, -39.7352371216, 93.8017272949, 18.2910614014, 42.2196502686, 50.3470497131, -0.763592004776, 29.388053894, 72.3087997437, 28.9167060852, 14.0012598038, 12.218708992, 11.6944990158], [-111.389076233, 96.9497451782, -25.2017784119, 39.4228630066, 2.71576023102, -15.983836174, 31.6721878052, 13.7640752792, 28.9167060852, 88.2280044556, 28.2911243439, 10.8830041885, -2.86712670326], [-58.0612258911, 94.1393585205, -7.83888578415, 19.3502979279, -8.59795856476, 12.9153356552, 3.62633705139, 10.1777963638, 14.0012598038, 28.2911243439, 62.8990478516, 24.7567234039, 10.0931777954], [-170.863433838, 159.332077026, 27.1650028229, 22.3645553589, 0.81374168396, 3.78811359406, 34.5829925537, -6.58325195312, 12.218708992, 10.8830041885, 24.7567234039, 105.349868774, 33.1478042603], [-23.277015686, 35.5027084351, 83.4501953125, 32.6015396118, 30.1509132385, 3.91392588615, 4.08766794205, 8.39250659943, 11.6944990158, -2.86712670326, 10.0931777954, 33.1478042603, 68.5731582642]]
        icov: [[0.00027080255677, 0.000284152221866, -5.29467906745e-05, -0.000128939369461, 0.000207018150832, 7.54845241318e-05, -5.3368216868e-06, -0.000330208888045, -0.000201748058316, 0.000250538985711, -0.000171460211277, 4.48302453151e-05, 6.43901439616e-05], [0.000284152221866, 0.00116092478856, 0.00028902044869, -0.000756718800403, 0.000623012718279, -0.000159474162501, -0.000768098107073, -0.000150394684169, 0.00021224518423, 3.07863638227e-06, -0.000737065391149, -0.000731568667106, -0.000271137221716], [-5.29467906745e-05, 0.00028902044869, 0.0022691169288, 0.000128898216644, -0.00285069667734, -0.000738999107853, 1.52807097038e-05, -0.000290435709758, -0.000262345565716, 0.000348253262928, -4.79336558783e-05, -0.000711006228812, -0.00125000625849], [-0.000128939369461, -0.000756718800403, 0.000128898216644, 0.00573116866872, -0.00215630512685, 0.00120325898752, 0.00115586409811, -0.000152650245582, -0.000332027033437, -0.00187058839947, -0.000156413967488, 8.75071636983e-05, -0.00174526171759], [0.000207018150832, 0.000623012718279, -0.00285069667734, -0.00215630512685, 0.0111283939332, -0.000524620816577, -0.000641356222332, -0.000420135125751, -0.0017571549397, -0.000534061924554, 0.00174846826121, 0.000840337015688, -0.000917635974474], [7.54845241318e-05, -0.000159474162501, -0.000738999107853, 0.00120325898752, -0.000524620816577, 0.00672003393993, -0.00121914572082, -0.000580891093705, -0.00502681126818, 0.00368956336752, -0.00251366361044, 0.00076518120477, 0.00143797206692], [-5.3368216868e-06, -0.000768098107073, 1.52807097038e-05, 0.00115586409811, -0.000641356222332, -0.00121914572082, 0.0108171673492, -0.0057512386702, 0.00485290586948, -0.00522667262703, 0.0040583643131, -0.00411878246814, 0.000585879548453], [-0.000330208888045, -0.000150394684169, -0.000290435709758, -0.000152650245582, -0.000420135125751, -0.000580891093705, -0.0057512386702, 0.0211140122265, -0.00760455662385, 0.00137072941288, -0.00376284238882, 0.00538780773059, -0.00232796673663], [-0.000201748058316, 0.00021224518423, -0.000262345565716, -0.000332027033437, -0.0017571549397, -0.00502681126818, 0.00485290586948, -0.00760455662385, 0.0271987989545, -0.010907927528, 0.00213903025724, -0.00453067338094, -0.00121962965932], [0.000250538985711, 3.07863638227e-06, 0.000348253262928, -0.00187058839947, -0.000534061924554, 0.00368956336752, -0.00522667262703, 0.00137072941288, -0.010907927528, 0.021036464721, -0.00842992309481, 0.00233134720474, 0.00357064208947], [-0.000171460211277, -0.000737065391149, -4.79336558783e-05, -0.000156413967488, 0.00174846826121, -0.00251366361044, 0.0040583643131, -0.00376284238882, 0.00213903025724, -0.00842992309481, 0.023568648845, -0.00497979624197, -0.00172969768755], [4.48302453151e-05, -0.000731568667106, -0.000711006228812, 8.75071636983e-05, 0.000840337015688, 0.00076518120477, -0.00411878246814, 0.00538780773059, -0.00453067338094, 0.00233134720474, -0.00497979624197, 0.015707442537, -0.00559917185456], [6.43901439616e-05, -0.000271137221716, -0.00125000625849, -0.00174526171759, -0.000917635974474, 0.00143797206692, 0.000585879548453, -0.00232796673663, -0.00121962965932, 0.00357064208947, -0.00172969768755, -0.00559917185456, 0.0209860149771]]
    spectral_contrast:
        mean: [-1.60877348776e-07, 3.03154109815e-07, -2.04321821684e-07, 3.76668253921e-07, -2.23655391096e-07, -1.32834188094e-07, -6.43371436126e-07, -2.09444095844e-07, -1.41533439546e-06, -2.80017644627e-07, 6.38018036625e-06, -2.27463465308e-06]
        var: [0.000630682043266, 0.000825240451377, 0.00115277513396, 0.0025084966328, 0.00299112615176, 0.00526334252208, 0.0628380477428, 0.123361349106, 0.148613989353, 0.541031479836, 0.983227968216, 3.24606513977]

rhythm:
    beats_loudness:
        dmean: 0.00467355689034
        dmean2: 0.00848348718137
        dvar: 1.35763366416e-05
        dvar2: 3.42730600096e-05
        max: 0.0157237946987
        mean: 0.00720677245408
        min: 0.000968946143985
        var: 2.21762766159e-05
    beats_loudness_bass:
        dmean: 0.223404109478
        dmean2: 0.453805088997
        dvar: 0.0278040617704
        dvar2: 0.073474355042
        max: 0.573257088661
        mean: 0.144920736551
        min: 0.0138882733881
        var: 0.0264702234417
    bpm: 118.754585266
    bpm_confidence: 0
    first_peak_bpm: 118
    first_peak_spread: 0
    first_peak_weight: 0.947368383408
    onset_rate: 5.68237304688
    second_peak_bpm: 124
    second_peak_spread: 0
    second_peak_weight: 0.0526315793395
    beats_position: [0.333960086107, 0.841103136539, 1.34824609756, 1.85538911819, 2.36253213882, 2.86967515945, 3.37681818008, 3.88396120071, 4.39110374451, 4.89824676514, 5.40538978577, 5.91253232956, 6.39693450928, 6.90081357956, 7.404692173, 7.90857124329, 8.41244983673, 8.91632938385, 9.42020797729, 9.92408752441]
    bpm_estimates: [118.352340698, 118.376091003, 118.473297119, 118.603660583, 117.947914124, 117.719978333, 118.388748169, 118.622421265, 118.949752808, 118.87020874, 118.992462158, 118.936080933, 118.691902161, 120.111335754, 119.123519897, 118.964958191, 119.571853638, 118.830505371, 118.809951782]
    bpm_intervals: [0.50714302063, 0.507142961025, 0.50714302063, 0.50714302063, 0.50714302063, 0.50714302063, 0.50714302063, 0.507142543793, 0.50714302063, 0.50714302063, 0.507142543793, 0.484402179718, 0.503879070282, 0.503878593445, 0.503879070282, 0.503878593445, 0.503879547119, 0.503878593445, 0.503879547119]
    onset_times: [0.0464399084449, 0.325079351664, 0.406349211931, 0.789478480816, 0.882358253002, 1.13777780533, 1.25387752056, 1.34675741196, 1.59056687355, 1.81115651131, 2.06657600403, 2.35682535172, 2.61224484444, 2.80961441994, 3.07664394379, 3.27401351929, 3.47138333321, 3.59909296036, 3.7151927948, 3.84290242195, 3.97061228752, 4.09832191467, 4.22603178024, 4.35374164581, 4.48145103455, 4.60916090012, 4.73687076569, 4.86458063126, 5.11999988556, 5.36380958557, 5.61922883987, 5.75854873657, 5.89786863327, 6.03718805313, 6.14167785645, 6.38548755646, 6.54802703857, 6.64090681076, 6.79183673859, 6.90793657303, 7.16335582733, 7.27945566177, 7.39555549622, 7.65097522736, 7.77868461609, 7.92961454391, 8.08054447174, 8.17342376709, 8.4172334671, 8.67265319824, 8.83519268036, 8.92807292938, 9.18349170685, 9.41569137573, 9.69433116913, 9.82204055786, 9.9613609314]
    rubato_start: []
    rubato_stop: []
    perceptual_tempo: "unknown"

sfx:
    inharmonicity:
        dmean: 0.0530786179006
        dmean2: 0.091461353004
        dvar: 0.00344248488545
        dvar2: 0.00952332280576
        max: 0.43115067482
        mean: 0.0638303309679
        min: 0.000454422377516
        var: 0.00416130106896
    oddtoevenharmonicenergyratio:
        dmean: 2.30274963379
        dmean2: 4.26074886322
        dvar: 34.4284286499
        dvar2: 100.721389771
        max: 48.5494918823
        mean: 1.61768651009
        min: 0.00134791107848
        var: 20.5614337921
    pitch_after_max_to_before_max_energy_ratio: 16.3540496826
    pitch_centroid: 259.034729004
    pitch_max_to_total: 0.233796298504
    pitch_min_to_total: 0.673611104488
    tristimulus:
        dmean: [0.179475441575, 0.236879959702, 0.146653011441]
        dmean2: [0.307375580072, 0.409745633602, 0.262965291739]
        dvar: [0.0240537468344, 0.0418412275612, 0.0150301586837]
        dvar2: [0.0652473568916, 0.11854930222, 0.0409193187952]
        max: [0.908398151398, 0.950503349304, 0.67810344696]
        mean: [0.336514681578, 0.455831110477, 0.148481369019]
        min: [0.0229133460671, 0, 0]
        var: [0.043404083699, 0.0536006875336, 0.0197270996869]

tonal:
    chords_changes_rate: 0.0875576063991
    chords_number_rate: 0.0184331797063
    chords_strength:
        dmean: 0.011255483143
        dmean2: 0.0127722611651
        dvar: 6.53652532492e-05
        dvar2: 0.000122551544337
        max: 0.647551000118
        mean: 0.491207689047
        min: 0.374889820814
        var: 0.00412536924705
    key_strength: 0.601226627827
    tuning_diatonic_strength: 0.623968839645
    tuning_equal_tempered_deviation: 0.170600295067
    tuning_frequency: 440.508575439
    tuning_nontempered_energy_ratio: 0.833311200142
    hpcp:
        dmean: [0.216722890735, 0.257161974907, 0.289404720068, 0.28790307045, 0.247816666961, 0.192121088505, 0.160297676921, 0.135245144367, 0.146622911096, 0.145649537444, 0.131781801581, 0.153710871935, 0.140081986785, 0.13450294733, 0.154301479459, 0.12911452353, 0.124470852315, 0.141651272774, 0.166257366538, 0.151598736644, 0.140937805176, 0.148690164089, 0.189947009087, 0.228839024901, 0.236006528139, 0.219589099288, 0.16706840694, 0.130394533277, 0.140365466475, 0.172852605581, 0.176397010684, 0.186900988221, 0.241718351841, 0.243392676115, 0.215648531914, 0.216907501221]
        dmean2: [0.375431358814, 0.432940781116, 0.504162192345, 0.501800596714, 0.436784744263, 0.343726038933, 0.285120040178, 0.240339666605, 0.261317431927, 0.260814934969, 0.225604727864, 0.261063784361, 0.245906621218, 0.228419616818, 0.255655109882, 0.211116686463, 0.206726059318, 0.218028753996, 0.27677205205, 0.258773773909, 0.249970689416, 0.259959876537, 0.325904279947, 0.393339246511, 0.400112003088, 0.377081781626, 0.294178426266, 0.230420857668, 0.244761005044, 0.300881624222, 0.306983172894, 0.322349369526, 0.414068311453, 0.4163595438, 0.376871943474, 0.375167399645]
        dvar: [0.0482095517218, 0.0504245311022, 0.0580278895795, 0.0622192472219, 0.0546600408852, 0.0458129905164, 0.0351590067148, 0.0270074829459, 0.0261837970465, 0.0310256630182, 0.0343093685806, 0.0440085977316, 0.0379429757595, 0.029480099678, 0.0361859798431, 0.0185398384929, 0.0216012708843, 0.0265034530312, 0.0504965260625, 0.0328051485121, 0.0357864834368, 0.0304668229073, 0.0511637181044, 0.0477574542165, 0.0464746542275, 0.0477770380676, 0.0317989811301, 0.0240922998637, 0.0259457919747, 0.0456125810742, 0.044983882457, 0.0359407812357, 0.0435905642807, 0.0509127043188, 0.0437307022512, 0.0509915426373]
        dvar2: [0.126449987292, 0.147017151117, 0.153953447938, 0.137957274914, 0.152249842882, 0.127280920744, 0.0944372862577, 0.0710640326142, 0.0701292008162, 0.0852602869272, 0.0930731743574, 0.119290485978, 0.0993876606226, 0.0705750063062, 0.0927914083004, 0.0457734912634, 0.0522200278938, 0.0508240871131, 0.102062188089, 0.0909806713462, 0.0976828113198, 0.0784757211804, 0.135480046272, 0.135888591409, 0.110561408103, 0.124251753092, 0.0859987288713, 0.0634315237403, 0.069120913744, 0.120120413601, 0.118107967079, 0.09985781461, 0.112208284438, 0.137282535434, 0.114529371262, 0.135806187987]
        max: [1, 1, 1, 1, 1, 1, 1, 1, 1, 1, 1, 1, 1, 1, 1, 0.91479074955, 1, 1, 1, 0.929011046886, 1, 0.890248835087, 1, 1, 1, 1, 0.912982642651, 1, 0.864037334919, 1, 1, 1, 1, 1, 1, 1]
        mean: [0.282080352306, 0.316981166601, 0.423952877522, 0.474337905645, 0.3462882936, 0.221174895763, 0.181241750717, 0.165499582887, 0.173458874226, 0.167438313365, 0.146481111646, 0.150373920798, 0.163479268551, 0.176829591393, 0.190421894193, 0.174776211381, 0.151407971978, 0.18094086647, 0.198689460754, 0.161036267877, 0.141253486276, 0.15101505816, 0.203526720405, 0.323647379875, 0.373736232519, 0.288897812366, 0.193503320217, 0.149340599775, 0.151467949152, 0.189000606537, 0.214777737856, 0.25620880723, 0.339267462492, 0.34154009819, 0.285993695259, 0.271989554167]
        min: [0.0064625730738, 0.0102788507938, 0.00643647834659, 0.00677809352055, 0.00737803056836, 0.00219836365432, 0.00292642856948, 0.00546942418441, 0.00568640884012, 0.0113006262109, 0.0150622539222, 0.000462325755507, 0.0049723261036, 0.00490268878639, 0.00405586138368, 0.00161823269445, 0.00234280037694, 0.00167105195578, 0.00109086814336, 1.11022040983e-06, 0.00045840308303, 0.00209825462662, 0.00188096775673, 0.000785829965025, 0.00575059093535, 0.00718885567039, 0.0038118402008, 0.00222334149294, 0.00100010400638, 0.00181182846427, 0.00340928090736, 0.00626068422571, 0.00483100023121, 0.00243511819281, 0.00113731739111, 0.00572545081377]
        var: [0.0638913810253, 0.0717758014798, 0.087573364377, 0.11494025588, 0.0827104151249, 0.051979277283, 0.0403392054141, 0.0285592321306, 0.025476032868, 0.0265340786427, 0.029998967424, 0.0409853905439, 0.0500050410628, 0.0477051101625, 0.0387445054948, 0.0263682771474, 0.0296248570085, 0.0471924804151, 0.0750606656075, 0.0339205525815, 0.0286965034902, 0.0299664922059, 0.0577565319836, 0.0740472823381, 0.0806803777814, 0.063188739121, 0.0336866900325, 0.0241662561893, 0.0269806422293, 0.0462498106062, 0.0538315996528, 0.0506015755236, 0.0651204437017, 0.0673893094063, 0.0577807836235, 0.0636627227068]
    chords_histogram: [61.7511520386, 0, 0, 0.921658992767, 0, 0, 0, 0, 0, 0, 10.5990781784, 0, 0, 0, 0, 0, 0, 23.9631328583, 0, 0, 0, 0, 2.7649769783, 0]
    thpcp: [1, 0.730045557022, 0.466281294823, 0.382094174623, 0.348906517029, 0.365686297417, 0.352993756533, 0.308811724186, 0.317018568516, 0.344647288322, 0.372792452574, 0.40144777298, 0.368463516235, 0.319198548794, 0.381459861994, 0.418877482414, 0.339496940374, 0.297790855169, 0.318370223045, 0.4290753901, 0.682313978672, 0.787911355495, 0.609054863453, 0.407944023609, 0.314840108156, 0.319325000048, 0.398451417685, 0.452794790268, 0.540139853954, 0.715244233608, 0.720035433769, 0.602932393551, 0.573408842087, 0.594682276249, 0.668260276318, 0.893778204918]
    chords_key: "A#"
    chords_scale: "major"
    key_key: "A#"
    key_scale: "major"
    chords_progression: ["A#", "D#", "D#", "D#", "D#", "D#", "A#", "A#", "A#", "A#", "A#", "A#", "A#", "A#", "A#", "A#", "A#", "A#", "A#", "A#", "A#", "A#", "A#m", "A#", "A#", "A#", "A#m", "A#m", "A#m", "A#", "A#", "A#", "A#", "A#", "A#", "A#", "A#", "A#", "A#", "A#", "A#", "A#", "A#", "A#", "A#", "A#", "A#m", "A#m", "A#m", "A#m", "A#m", "A#m", "A#m", "A#m", "A#m", "A#m", "A#m", "A#m", "A#m", "A#m", "A#m", "A#m", "A#m", "A#m", "A#m", "A#m", "A#m", "A#m", "A#m", "A#m", "A#m", "A#m", "A#m", "A#m", "A#m", "A#m", "A#m", "A#m", "A#m", "A#m", "A#m", "A#m", "A#m", "A#m", "A#m", "A#m", "A#m", "A#m", "A#m", "A#m", "A#m", "A#m", "A#m", "A", "A#m", "A", "A", "A", "A", "Am", "Am", "A", "A", "A#", "A#", "A#", "A", "A", "A", "A#", "A#", "A#", "A#", "A#", "A#", "A#", "A#", "A#", "A#", "A#", "A#", "A#", "A#", "A#", "A#", "A#", "A#", "A#", "A#", "A#", "A#", "A#", "A#", "A#", "A#", "A#", "A#", "A#", "A#", "A#", "A#", "A#", "A#", "A#", "A#", "A#", "A#", "A#", "A#", "A#", "A#", "A#", "A#", "A#", "A#", "A#", "A#", "A", "A", "A", "A", "A", "A", "A", "A", "A", "A", "A", "A", "A", "A#", "A#", "A#", "A#", "A#", "A#", "A#", "A#", "A#", "A#", "A#", "A#", "A#", "A#", "A#", "A#", "A#", "A#", "A#", "A#", "A#", "A#", "A#", "A#", "A#", "A#", "A#", "A#", "A#", "A#", "A#", "A#", "A#", "A#", "A#", "A#", "A#", "A#", "A#", "A#", "A#", "A#", "A#", "A#", "D#", "A#", "A#"]
