
metadata:
    version:
        essentia: "1.2.2"
    audio_properties:
        analysis_sample_rate: 44100
        bitrate: 128
        channels: 2
        equal_loudness: 1
        length: 10.0310201645
        replay_gain: -13.4194507599
        downmix: "mix"
    tags:
        track: 2
        year: 0
        album: "Splitted by Mp3Splt v. 2.1"
        artist: "From 000.10 To 000.20"
        comment: "http://mp3splt.sf.net"
        genre: ""
        title: "05 No Pride.mp3"

highlevel:
    ballroom:
        all:
            ChaChaCha: 0.0224576219916
            Jive: 0.94007819891
            Quickstep: 0.00303487782367
            Rumba-American: 0.000166343481396
            Rumba-International: 0.000482461298816
            Rumba-Misc: 0.00023741115001
            Samba: 0.0299413297325
            Tango: 0.000151130690938
            VienneseWaltz: 0.00313922809437
            Waltz: 0.000311399111524
        probability: 0.94007819891
        value: "Jive"
    culture:
        all:
            non_western: 0.0350727029145
            western: 0.964927315712
        probability: 0.964927315712
        value: "western"
    gender:
        all:
            female: 0.353161603212
            male: 0.64683842659
        probability: 0.64683842659
        value: "male"
    genre_dortmund:
        all:
            alternative: 0.0928278490901
            blues: 0.00587085122243
            electronic: 0.016537444666
            folkcountry: 0.0191622488201
            funksoulrnb: 0.00820059515536
            jazz: 0.00822497718036
            pop: 0.0403434857726
            raphiphop: 0.0017757746391
            rock: 0.80705678463
        probability: 0.80705678463
        value: "rock"
    genre_electronica:
        all:
            ambient: 0.110292524099
            dnb: 0.254008114338
            house: 0.00437504285946
            techno: 0.0135236680508
            trance: 0.617800652981
        probability: 0.617800652981
        value: "trance"
    genre_rosamerica:
        all:
            cla: 0.00277851335704
            dan: 0.00881592649966
            hip: 0.00116427836474
            jaz: 0.000487824378069
            pop: 0.00184572639409
            rhy: 0.00033961495501
            roc: 0.984147429466
            spe: 0.000420677504735
        probability: 0.984147429466
        value: "roc"
    genre_tzanetakis:
        all:
            blu: 0.00569231668487
            cla: 0.0130515638739
            cou: 0.077490106225
            dis: 0.0490397512913
            hip: 0.0151507286355
            jaz: 0.0842095017433
            met: 0.242565125227
            pop: 0.0407724194229
            reg: 0.00641364604235
            roc: 0.465614825487
        probability: 0.465614825487
        value: "roc"
    live_studio:
        all:
            live: 0.105522364378
            studio: 0.89447760582
        probability: 0.89447760582
        value: "studio"
    mood:
        all:
            Cluster1: 0.512660801411
            Cluster2: 0.0372257269919
            Cluster3: 0.0118387239054
            Cluster4: 0.0529302619398
            Cluster5: 0.385344475508
        probability: 0.512660801411
        value: "Cluster1"
    mood_acoustic:
        all:
            acoustic: 0.00471303099766
            not_acoustic: 0.995286941528
        probability: 0.995286941528
        value: "not_acoustic"
    mood_aggressive:
        all:
            aggressive: 0.994014322758
            not_aggressive: 0.00598568934947
        probability: 0.994014322758
        value: "aggressive"
    mood_electronic:
        all:
            electronic: 0.245721295476
            not_electronic: 0.754278719425
        probability: 0.754278719425
        value: "not_electronic"
    mood_happy:
        all:
            happy: 0.255014657974
            not_happy: 0.744985342026
        probability: 0.744985342026
        value: "not_happy"
    mood_party:
        all:
            not_party: 0.367905408144
            party: 0.632094621658
        probability: 0.632094621658
        value: "party"
    mood_relaxed:
        all:
            not_relaxed: 0.984818160534
            relaxed: 0.0151818348095
        probability: 0.984818160534
        value: "not_relaxed"
    mood_sad:
        all:
            not_sad: 0.981277883053
            sad: 0.0187220890075
        probability: 0.981277883053
        value: "not_sad"
    rhythm:
        all:
            fast: 0.897884607315
            medium: 0.0785987824202
            slow: 0.0235166251659
        probability: 0.897884607315
        value: "fast"
    speech_music:
        all:
            music: 0.999951064587
            speech: 4.89216981805e-05
        probability: 0.999951064587
        value: "music"
    timbre:
        all:
            bright: 0.73801356554
            dark: 0.261986404657
        probability: 0.73801356554
        value: "bright"
    voice_instrumental:
        all:
            instrumental: 0.345966488123
            voice: 0.654033541679
        probability: 0.654033541679
        value: "voice"

lowlevel:
    average_loudness: 0.984655380249
    barkbands_kurtosis:
        dmean: 0.30633097887
        dmean2: 0.506452858448
        dvar: 0.111920155585
        dvar2: 0.264674901962
        max: 1.71531295776
        mean: -1.26570785046
        min: -1.81477344036
        var: 0.221506327391
    barkbands_skewness:
        dmean: 0.311054110527
        dmean2: 0.50334250927
        dvar: 0.0683878734708
        dvar2: 0.162361800671
        max: 1.11212313175
        mean: -0.269775539637
        min: -1.42706000805
        var: 0.176159814
    barkbands_spread:
        dmean: 4.98329257965
        dmean2: 7.79285907745
        dvar: 18.81042099
        dvar2: 49.0288734436
        max: 57.4063682556
        mean: 38.1534080505
        min: 17.3804149628
        var: 45.7731285095
    dissonance:
        dmean: 0.0106010846794
        dmean2: 0.0179620739073
        dvar: 8.6426960479e-05
        dvar2: 0.000236415333347
        max: 0.499456048012
        mean: 0.479444503784
        min: 0.422957479954
        var: 0.00015471628285
    hfc:
        dmean: 3.12981653214
        dmean2: 5.00467348099
        dvar: 24.2890853882
        dvar2: 65.0024795532
        max: 45.0126876831
        mean: 10.0461378098
        min: 3.76036095619
        var: 26.4397602081
    pitch:
        dmean: 988.877197266
        dmean2: 1880.17480469
        dvar: 1795406.625
        dvar2: 4101394.75
        max: 4009.09082031
        mean: 1330.10681152
        min: 66.4156646729
        var: 2188492.5
    pitch_instantaneous_confidence:
        dmean: 0.074402987957
        dmean2: 0.119429454207
        dvar: 0.00378168327734
        dvar2: 0.00995642039925
        max: 0.627444803715
        mean: 0.317083746195
        min: 0.152851700783
        var: 0.00947314500809
    pitch_salience:
        dmean: 0.0486712604761
        dmean2: 0.0793107450008
        dvar: 0.00161063671112
        dvar2: 0.00418710010126
        max: 0.834900557995
        mean: 0.671826720238
        min: 0.481135427952
        var: 0.00372690102085
    silence_rate_20dB:
        dmean: 0
        dmean2: 0
        dvar: 0
        dvar2: 0
        max: 1
        mean: 1
        min: 1
        var: 0
    silence_rate_30dB:
        dmean: 0
        dmean2: 0
        dvar: 0
        dvar2: 0
        max: 1
        mean: 1
        min: 1
        var: 0
    silence_rate_60dB:
        dmean: 0.0696055665612
        dmean2: 0.137209296227
        dvar: 0.0647605806589
        dvar2: 0.141638442874
        max: 1
        mean: 0.0787037014961
        min: 0
        var: 0.0725097060204
    spectral_centroid:
        dmean: 240.832702637
        dmean2: 396.447906494
        dvar: 42681.4882812
        dvar2: 107488.671875
        max: 2913.68994141
        mean: 1888.63464355
        min: 993.158874512
        var: 99766.2734375
    spectral_complexity:
        dmean: 4.7902097702
        dmean2: 7.50467300415
        dvar: 24.6692714691
        dvar2: 54.5537414551
        max: 47
        mean: 20.3906974792
        min: 6
        var: 50.5589485168
    spectral_crest:
        dmean: 1.43297600746
        dmean2: 2.36942458153
        dvar: 1.69862699509
        dvar2: 4.54151296616
        max: 12.9276952744
        mean: 5.2758603096
        min: 2.83800601959
        var: 2.97330784798
    spectral_decrease:
        dmean: 3.35477923219e-10
        dmean2: 5.3771642694e-10
        dvar: 2.40609805441e-19
        dvar2: 6.44001310807e-19
        max: -4.22749418805e-10
        mean: -1.15768994391e-09
        min: -4.27847224316e-09
        var: 2.5972111556e-19
    spectral_energy:
        dmean: 0.0015130409738
        dmean2: 0.00241269147955
        dvar: 5.19191189596e-06
        dvar2: 1.39165267683e-05
        max: 0.020230717957
        mean: 0.00528060691431
        min: 0.00194538012147
        var: 5.54808639208e-06
    spectral_energyband_high:
        dmean: 0.00020646089979
        dmean2: 0.000335647695465
        dvar: 6.81591600937e-08
        dvar2: 1.75572168359e-07
        max: 0.00209963787347
        mean: 0.000496730790474
        min: 0.000119444623124
        var: 9.88941124547e-08
    spectral_energyband_low:
        dmean: 0.000245570670813
        dmean2: 0.000433378474554
        dvar: 2.18232557359e-07
        dvar2: 6.17685259385e-07
        max: 0.00291935354471
        mean: 0.000315369747113
        min: 9.31814338401e-06
        var: 1.53204410935e-07
    spectral_energyband_middle_high:
        dmean: 0.000896033656318
        dmean2: 0.00142429198604
        dvar: 1.94017684407e-06
        dvar2: 5.16940599482e-06
        max: 0.012676759623
        mean: 0.00284299813211
        min: 0.000838459469378
        var: 2.19169828597e-06
    spectral_energyband_middle_low:
        dmean: 0.000637191755231
        dmean2: 0.00103040027898
        dvar: 6.97959308127e-07
        dvar2: 1.93114465219e-06
        max: 0.00656023435295
        mean: 0.00162548501976
        min: 0.000316317717079
        var: 9.0829655619e-07
    spectral_flatness_db:
        dmean: 0.0112997256219
        dmean2: 0.017265573144
        dvar: 8.96243509487e-05
        dvar2: 0.000196214255993
        max: 0.186932519078
        mean: 0.122688435018
        min: 0.0711910426617
        var: 0.000340449565556
    spectral_flux:
        dmean: 0.00850489828736
        dmean2: 0.0124407447875
        dvar: 8.17498948891e-05
        dvar2: 0.000147643877426
        max: 0.104633793235
        mean: 0.0443616770208
        min: 0.0202809218317
        var: 0.000184331671335
    spectral_kurtosis:
        dmean: 0.751262545586
        dmean2: 1.20121777058
        dvar: 0.419749587774
        dvar2: 1.00419104099
        max: 7.89724349976
        mean: 3.42161107063
        min: 0.288800001144
        var: 1.40090954304
    spectral_rms:
        dmean: 0.000295511330478
        dmean2: 0.000456829438917
        dvar: 1.33870003083e-07
        dvar2: 3.44823035903e-07
        max: 0.00444266665727
        mean: 0.00222695712
        min: 0.00137765449472
        var: 1.92472214167e-07
    spectral_rolloff:
        dmean: 218.695098877
        dmean2: 365.158782959
        dvar: 35501.7382812
        dvar2: 92152.125
        max: 4349.70703125
        mean: 3567.5012207
        min: 2713.18359375
        var: 81355.6484375
    spectral_skewness:
        dmean: 0.12941133976
        dmean2: 0.214122116566
        dvar: 0.013644314371
        dvar2: 0.0331228710711
        max: 2.08934831619
        mean: 1.43698072433
        min: 0.928022563457
        var: 0.0363439396024
    spectral_spread:
        dmean: 560939.5625
        dmean2: 784805.8125
        dvar: 262530891776
        dvar2: 537261703168
        max: 10223682
        mean: 5515484.5
        min: 3185995.75
        var: 1.04651469619e+12
    spectral_strongpeak:
        dmean: 0.40634906292
        dmean2: 0.692907392979
        dvar: 0.3944670856
        dvar2: 0.9772310853
        max: 5.41524410248
        mean: 0.524188756943
        min: 0.0273551549762
        var: 0.565436840057
    zerocrossingrate:
        dmean: 0.0064034271054
        dmean2: 0.00815019011497
        dvar: 2.6509140298e-05
        dvar2: 4.42028831458e-05
        max: 0.140625
        mean: 0.108055502176
        min: 0.0517578125
        var: 0.000135917362059
    barkbands:
        dmean: [1.50407572619e-07, 0.000105624807475, 0.000160061463248, 0.00018878885021, 0.000383103848435, 0.000165834731888, 0.000124228114146, 6.18164631305e-05, 6.39436766505e-05, 7.15818532626e-05, 3.75988129235e-05, 4.7470741265e-05, 8.81102459971e-05, 0.000108299529529, 0.000177083551534, 0.000161875796039, 0.000182718562428, 0.000224200717639, 0.000284787791315, 0.000206284516025, 8.3688973973e-05, 4.10089123761e-05, 7.04298281562e-06, 3.22269647768e-06, 2.99488647215e-06, 1.71313089936e-07, 9.6749230849e-10]
        dmean2: [2.15168398654e-07, 0.000190848586499, 0.000278445688309, 0.000300013896776, 0.000638769823126, 0.00028340681456, 0.000206334108952, 9.9521545053e-05, 0.000103282902273, 0.000107761079562, 5.90219860896e-05, 7.84407748142e-05, 0.000129084728542, 0.000177017514943, 0.00028437669971, 0.000273625482805, 0.000311930140015, 0.000379415490897, 0.000478905334603, 0.000332824245561, 0.000140207761433, 7.13290355634e-05, 1.18545458463e-05, 4.97918017572e-06, 4.34941921412e-06, 2.57917832869e-07, 1.56790203043e-09]
        dvar: [1.28392999357e-12, 5.35597486362e-08, 7.34371781164e-08, 4.2218871954e-08, 2.4629630957e-07, 9.01067664927e-08, 3.15849781884e-08, 1.09120428249e-08, 7.48140127627e-09, 1.13624967213e-08, 5.5637059404e-09, 4.88996487746e-09, 2.25098837348e-08, 2.67382258556e-08, 6.31835206377e-08, 5.5853917047e-08, 4.52852546573e-08, 1.1801151345e-07, 1.37648569876e-07, 8.56647588421e-08, 1.46795473555e-08, 3.2785860693e-09, 1.16606987954e-10, 1.84234953682e-11, 3.63511304391e-11, 5.71176745766e-14, 1.62671995096e-18]
        dvar2: [1.29205218573e-12, 1.49096067048e-07, 2.12958596535e-07, 1.1138445899e-07, 6.56302802327e-07, 2.59458488472e-07, 8.05327644571e-08, 2.75986398179e-08, 1.84130470871e-08, 2.56845424929e-08, 1.45564742482e-08, 1.1891192031e-08, 4.76964636675e-08, 6.30265262203e-08, 1.4480947641e-07, 1.50948977762e-07, 1.2335907229e-07, 3.38767677022e-07, 3.56883418817e-07, 2.27063651437e-07, 3.76396904755e-08, 8.82036488292e-09, 3.26687482621e-10, 3.80094636321e-11, 9.5158367297e-11, 1.23094920758e-13, 3.19817720597e-18]
        max: [2.36234973272e-05, 0.00132206932176, 0.00196158909239, 0.00168122898322, 0.00339178438298, 0.00226272968575, 0.00134066177998, 0.00105851830449, 0.000735112233087, 0.00122195645235, 0.00113024946768, 0.000832017860375, 0.00177693914156, 0.00123172579333, 0.00264200218953, 0.00293751992285, 0.00179665628821, 0.00369159062393, 0.00349087337963, 0.00320874666795, 0.00114051543642, 0.000341727340128, 0.000113678630441, 4.39360301243e-05, 9.96870148811e-05, 3.15893453262e-06, 1.56033639342e-08]
        mean: [1.52030239065e-07, 9.49660461629e-05, 0.000220275585889, 0.000356014526915, 0.000623136409558, 0.000237007581745, 0.000184422518942, 9.17615761864e-05, 0.000111876513984, 0.000137279188493, 6.32790615782e-05, 7.65931836213e-05, 0.00014819901844, 0.000151604661369, 0.00029865372926, 0.000330749404384, 0.000362436840078, 0.000450654362794, 0.000626869383268, 0.000433118024375, 0.000184657023055, 7.00767413946e-05, 1.23755735331e-05, 7.70707538322e-06, 6.37232233203e-06, 3.68599586409e-07, 1.27956389928e-09]
        min: [3.25835525228e-10, 5.8506196865e-07, 2.04591879083e-06, 6.88450927555e-06, 1.03721549749e-05, 1.68071164808e-05, 3.05418780044e-06, 1.11367137379e-06, 1.72180921254e-06, 7.45774855204e-07, 8.94980530575e-07, 2.81970915239e-06, 3.40714746017e-06, 8.29597047414e-06, 1.54781773745e-05, 6.42235390842e-05, 7.06115461071e-05, 8.97943318705e-05, 0.00015887740301, 8.13031874713e-05, 2.62716166617e-05, 7.33573642719e-06, 3.49021291868e-07, 1.4195073561e-07, 2.31143516771e-07, 2.00283984952e-08, 2.22911598034e-12]
        var: [1.31633126708e-12, 3.5415947508e-08, 5.59151942525e-08, 8.56615258726e-08, 3.09368942908e-07, 8.80219559463e-08, 4.23555839291e-08, 1.52578962798e-08, 1.40463436438e-08, 3.64075347647e-08, 8.85117668048e-09, 9.61861434945e-09, 6.53718430499e-08, 4.16493328714e-08, 1.23741656921e-07, 6.02988308174e-08, 5.0158071474e-08, 1.1421420254e-07, 1.5573337464e-07, 1.10280829801e-07, 1.83286505973e-08, 3.60082652584e-09, 1.26269300571e-10, 4.1896701386e-11, 5.6117870767e-11, 1.17113404478e-13, 2.26524279287e-18]
    mfcc:
        mean: [-673.631103516, 88.005531311, -47.2652130127, 56.4871902466, 0.0192626472563, -5.36259412766, -1.4840900898, -9.75649833679, -1.09730052948, -6.91541147232, -6.53726482391, -9.30229473114, -6.82230806351]
        cov: [[607.20703125, -139.641464233, 21.3305206299, -143.168487549, -89.6480331421, 70.3201828003, -30.4052238464, -4.34609508514, -51.8408241272, 21.1582221985, 13.5011348724, -13.390381813, 8.76570987701], [-139.641464233, 248.228607178, -108.56275177, 46.3394622803, -21.0078849792, -6.17477178574, 43.6346282959, -7.05103683472, -2.95244503021, -12.6599731445, 16.9631824493, 20.5281887054, 3.01202630997], [21.3305206299, -108.56275177, 168.15953064, 23.5263271332, 37.5410652161, 3.66547679901, -22.8495864868, 16.9078712463, 6.90996408463, 1.55314707756, -10.4850378036, -1.07415413857, 16.1704559326], [-143.168487549, 46.3394622803, 23.5263271332, 166.265945435, 63.7300186157, -12.1942930222, -35.7252082825, -28.3146514893, 9.05196094513, -9.78949546814, -13.5566396713, -11.2199735641, 10.4347333908], [-89.6480331421, -21.0078849792, 37.5410652161, 63.7300186157, 105.448448181, 7.00891065598, 0.73687183857, -20.2270431519, 19.9289245605, 11.6358633041, -1.70667028427, -5.13431453705, 1.20289456844], [70.3201828003, -6.17477178574, 3.66547679901, -12.1942930222, 7.00891065598, 98.2997283936, 44.5698814392, 36.5966758728, -3.49135041237, 4.33228397369, 26.0253829956, 4.34272098541, 8.41071796417], [-30.4052238464, 43.6346282959, -22.8495864868, -35.7252082825, 0.73687183857, 44.5698814392, 109.433326721, 57.4653625488, 11.9300041199, 1.0680205822, 27.6434726715, 22.3959503174, 7.70010662079], [-4.34609508514, -7.05103683472, 16.9078712463, -28.3146514893, -20.2270431519, 36.5966758728, 57.4653625488, 94.531578064, 25.2666816711, 3.23737430573, 11.6912946701, 10.1219072342, 7.31824493408], [-51.8408241272, -2.95244503021, 6.90996408463, 9.05196094513, 19.9289245605, -3.49135041237, 11.9300041199, 25.2666816711, 57.6803703308, 22.1092472076, 0.708306729794, -9.61671829224, -4.95376682281], [21.1582221985, -12.6599731445, 1.55314707756, -9.78949546814, 11.6358633041, 4.33228397369, 1.0680205822, 3.23737430573, 22.1092472076, 64.2387466431, 21.7063560486, 1.30988883972, 0.329861015081], [13.5011348724, 16.9631824493, -10.4850378036, -13.5566396713, -1.70667028427, 26.0253829956, 27.6434726715, 11.6912946701, 0.708306729794, 21.7063560486, 56.8350028992, 21.3796005249, 10.6851015091], [-13.390381813, 20.5281887054, -1.07415413857, -11.2199735641, -5.13431453705, 4.34272098541, 22.3959503174, 10.1219072342, -9.61671829224, 1.30988883972, 21.3796005249, 45.3707313538, 20.0100498199], [8.76570987701, 3.01202630997, 16.1704559326, 10.4347333908, 1.20289456844, 8.41071796417, 7.70010662079, 7.31824493408, -4.95376682281, 0.329861015081, 10.6851015091, 20.0100498199, 46.2801856995]]
        icov: [[0.00351985474117, 0.00124875630718, -0.000327297166223, 0.00204256293364, 0.00261868350208, -0.00333944428712, 0.00111716066021, 0.00163142895326, 0.00164951616898, -0.00160896754824, 0.000211467006011, 0.00166493118741, -0.00157980225049], [0.00124875630718, 0.00893722288311, 0.0042628236115, -0.00444422662258, 0.00460066599771, -0.000168476108229, -0.00460397917777, 0.00296294991858, -0.000618125544861, 0.000112523790449, -0.000519737892319, -0.00241414015181, -2.39618913156e-07], [-0.000327297166223, 0.0042628236115, 0.0106874601915, -0.00186063966248, -0.00334578473121, 0.000990430475213, 0.00209989212453, -0.00449591409415, 0.000914102129173, 0.00069385196548, 0.000520376663189, -0.00168090534862, -0.00256211753003], [0.00204256293364, -0.00444422662258, -0.00186063966248, 0.0138672757894, -0.00706815999001, -0.00216057454236, 0.0075037595816, -0.00126912014093, 0.000591806136072, 0.00177432375494, -0.000193877596757, 0.00426490837708, -0.00479412823915], [0.00261868350208, 0.00460066599771, -0.00334578473121, -0.00706815999001, 0.0225420314819, -0.00567257963121, -0.00808796100318, 0.012626696378, -0.00674865208566, -0.00353735103272, 0.00217703799717, -0.00181429949589, 0.00134595204145], [-0.00333944428712, -0.000168476108229, 0.000990430475213, -0.00216057454236, -0.00567257963121, 0.0195869803429, -0.00497566675767, -0.00779499160126, 0.00511120725423, 0.00137079833075, -0.00689265644178, 0.00477102212608, -0.000501315225847], [0.00111716066021, -0.00460397917777, 0.00209989212453, 0.0075037595816, -0.00808796100318, -0.00497566675767, 0.0243205390871, -0.0123681109399, 0.000507237273268, 0.00299596786499, -0.00374270812608, -0.00310910097323, -0.00107243238017], [0.00163142895326, 0.00296294991858, -0.00449591409415, -0.00126912014093, 0.012626696378, -0.00779499160126, -0.0123681109399, 0.0280040409416, -0.0130019262433, 0.00049197737826, 0.00309572182596, -0.00318458722904, -0.000659853045363], [0.00164951616898, -0.000618125544861, 0.000914102129173, 0.000591806136072, -0.00674865208566, 0.00511120725423, 0.000507237273268, -0.0130019262433, 0.0323909670115, -0.0104099940509, -1.40888223541e-05, 0.00954369921237, -8.87611167855e-05], [-0.00160896754824, 0.000112523790449, 0.00069385196548, 0.00177432375494, -0.00353735103272, 0.00137079833075, 0.00299596786499, 0.00049197737826, -0.0104099940509, 0.0239202491939, -0.0103162778541, -0.000290023803245, 0.000143930490594], [0.000211467006011, -0.000519737892319, 0.000520376663189, -0.000193877596757, 0.00217703799717, -0.00689265644178, -0.00374270812608, 0.00309572182596, -1.40888223541e-05, -0.0103162778541, 0.0305424500257, -0.0113884825259, -0.000870660936926], [0.00166493118741, -0.00241414015181, -0.00168090534862, 0.00426490837708, -0.00181429949589, 0.00477102212608, -0.00310910097323, -0.00318458722904, 0.00954369921237, -0.000290023803245, -0.0113884825259, 0.0397316552699, -0.0138572631404], [-0.00157980225049, -2.39618913156e-07, -0.00256211753003, -0.00479412823915, 0.00134595204145, -0.000501315225847, -0.00107243238017, -0.000659853045363, -8.87611167855e-05, 0.000143930490594, -0.000870660936926, -0.0138572631404, 0.0304037127644]]
    spectral_contrast:
        mean: [5.34423236331e-07, -4.53099261222e-07, -1.35193388928e-07, 6.87879193606e-08, 1.06443671655e-07, -3.54664962288e-07, -1.24788562061e-06, -1.83318934432e-06, 1.05018534668e-06, 1.49559139118e-06, -1.21870709791e-06, 1.00773434042e-06]
        var: [0.00028829879011, 0.000413375673816, 0.0010950579308, 0.00189306191169, 0.00212639733218, 0.003730105469, 0.024395884946, 0.0538958869874, 0.0887082666159, 0.184563443065, 0.243759736419, 0.524222373962]

rhythm:
    beats_loudness:
        dmean: 0.00135498109739
        dmean2: 0.00259174406528
        dvar: 9.59109001997e-07
        dvar2: 2.49902836913e-06
        max: 0.00933656096458
        mean: 0.00707143358886
        min: 0.0054661789909
        var: 9.8211603472e-07
    beats_loudness_bass:
        dmean: 0.0328012518585
        dmean2: 0.0517591945827
        dvar: 0.000440538453404
        dvar2: 0.000724620011169
        max: 0.119940966368
        mean: 0.0662406310439
        min: 0.0203273184597
        var: 0.00081270118244
    bpm: 93.4078521729
    bpm_confidence: 0
    first_peak_bpm: 95
    first_peak_spread: 0.399999976158
    first_peak_weight: 0.600000023842
    onset_rate: 3.78824877739
    second_peak_bpm: 0
    second_peak_spread: 0
    second_peak_weight: 0
    beats_position: [0.197016522288, 0.831856489182, 1.46669638157, 2.10153651237, 2.73637652397, 3.37121629715, 4.00605630875, 4.64089584351, 5.2757358551, 5.9105758667, 6.57141923904, 7.22319841385, 7.87497711182, 8.52675533295, 9.17853450775, 9.83031272888]
    bpm_estimates: [94.7061691284, 94.4824676514, 94.3870849609, 94.5366897583, 94.6154708862, 94.686164856, 94.2405548096, 94.3939743042, 94.5242080688, 94.6213150024, 94.4400253296, 91.9215698242, 91.6684417725, 91.7731704712, 92.1412963867, 92.0704193115, 91.7813644409, 92.0980834961, 91.7854003906, 93.2829055786]
    bpm_intervals: [0.634839951992, 0.634839892387, 0.634840130806, 0.634840011597, 0.634839773178, 0.634840011597, 0.63483953476, 0.634840011597, 0.634840011597, 0.660843372345, 0.651779174805, 0.651778697968, 0.65177822113, 0.651779174805, 0.65177822113]
    onset_times: [0.0580498874187, 0.197369620204, 0.510838985443, 1.02167797089, 1.47446715832, 1.72988665104, 1.96208620071, 2.10140585899, 2.26394557953, 2.5890250206, 2.75156474113, 3.05342411995, 3.23918366432, 3.39011335373, 3.70358276367, 4.02866220474, 4.52789115906, 4.66721105576, 5.14321994781, 5.29414987564, 5.61922883987, 5.7701587677, 5.94430828094, 6.09523820877, 6.58285713196, 6.8963265419, 7.07047605515, 7.22140598297, 7.38394546509, 7.70902490616, 7.8831744194, 8.03410434723, 8.34757328033, 8.53333377838, 8.85841274261, 9.19510173798, 9.54340171814, 9.84526062012]
    rubato_start: []
    rubato_stop: []
    perceptual_tempo: "unknown"

sfx:
    inharmonicity:
        dmean: 0.0530243851244
        dmean2: 0.092944227159
        dvar: 0.00300346221775
        dvar2: 0.00840330030769
        max: 0.341856122017
        mean: 0.065697260201
        min: 0
        var: 0.0030651150737
    oddtoevenharmonicenergyratio:
        dmean: 1.29003250599
        dmean2: 2.31482839584
        dvar: 5.32428264618
        dvar2: 14.6316308975
        max: 21.0218849182
        mean: 1.0684094429
        min: 0
        var: 3.92083978653
    pitch_after_max_to_before_max_energy_ratio: 3.87806296349
    pitch_centroid: 210.873947144
    pitch_max_to_total: 0.174418598413
    pitch_min_to_total: 0.939534902573
    tristimulus:
        dmean: [0.169955223799, 0.236101418734, 0.16531227529]
        dmean2: [0.282700568438, 0.397254526615, 0.29438456893]
        dvar: [0.0237720254809, 0.044242400676, 0.0182304531336]
        dvar2: [0.0691778287292, 0.127042397857, 0.0478912740946]
        max: [1, 0.977218329906, 0.700094223022]
        mean: [0.300225019455, 0.446416318417, 0.190486073494]
        min: [0.0213809814304, 0, 0]
        var: [0.0342173948884, 0.0542482919991, 0.0255749970675]

tonal:
    chords_changes_rate: 0.050925925374
    chords_number_rate: 0.0231481473893
    chords_strength:
        dmean: 0.0105036273599
        dmean2: 0.0098041202873
        dvar: 6.54431787552e-05
        dvar2: 7.36938163755e-05
        max: 0.653365790844
        mean: 0.533112823963
        min: 0.344774752855
        var: 0.00584842870012
    key_strength: 0.819312989712
    tuning_diatonic_strength: 0.753421783447
    tuning_equal_tempered_deviation: 0.207843527198
    tuning_frequency: 442.293365479
    tuning_nontempered_energy_ratio: 0.91820192337
    hpcp:
        dmean: [0.199766278267, 0.204297035933, 0.156325742602, 0.130228802562, 0.11774250865, 0.125355213881, 0.170043960214, 0.168369561434, 0.139490306377, 0.14017675817, 0.126812174916, 0.110980600119, 0.114241793752, 0.119604058564, 0.144619390368, 0.222724750638, 0.235470622778, 0.168057635427, 0.134061217308, 0.128126233816, 0.12109015882, 0.145170360804, 0.160181939602, 0.138069391251, 0.127587690949, 0.113514512777, 0.112036041915, 0.130534142256, 0.151743724942, 0.213322684169, 0.210228160024, 0.208083361387, 0.213689997792, 0.177806317806, 0.152884095907, 0.165715456009]
        dmean2: [0.351353466511, 0.35142493248, 0.26333719492, 0.215061455965, 0.194723471999, 0.21765011549, 0.293504655361, 0.284161865711, 0.240943968296, 0.247532874346, 0.215163946152, 0.186761215329, 0.197835713625, 0.210755005479, 0.24185281992, 0.382753312588, 0.407892733812, 0.284953176975, 0.224356889725, 0.210394442081, 0.212447792292, 0.242605030537, 0.267035782337, 0.23309533298, 0.213583692908, 0.193881422281, 0.19315521419, 0.219501599669, 0.251143872738, 0.371178150177, 0.3526006639, 0.366011917591, 0.382259935141, 0.308828413486, 0.261624634266, 0.275017946959]
        dvar: [0.0329488478601, 0.0365487150848, 0.0227017756552, 0.0196824688464, 0.0179649889469, 0.0247625801712, 0.0385639630258, 0.0367001593113, 0.027907172218, 0.0301722064614, 0.0240362528712, 0.020018896088, 0.0217703841627, 0.0165873337537, 0.0198194272816, 0.04274263978, 0.0491246879101, 0.0302411206067, 0.0253487285227, 0.0291639398783, 0.0255280341953, 0.0319571383297, 0.0345901176333, 0.0271142795682, 0.022834604606, 0.023281943053, 0.0207398608327, 0.0279163848609, 0.0250647682697, 0.0474246740341, 0.045940566808, 0.0383278541267, 0.045915748924, 0.0343969538808, 0.0212112162262, 0.0295254345983]
        dvar2: [0.0823468565941, 0.088181219995, 0.0533684119582, 0.0532647557557, 0.047037653625, 0.0618570148945, 0.095887593925, 0.0940737575293, 0.0725918784738, 0.0696136131883, 0.0597943812609, 0.0526236183941, 0.0531473532319, 0.0408248975873, 0.0564274974167, 0.105613663793, 0.122407913208, 0.0786163732409, 0.0691068172455, 0.0703332573175, 0.0679421275854, 0.0815862491727, 0.0791791155934, 0.0701219141483, 0.0590379722416, 0.062169123441, 0.0542825423181, 0.0717475116253, 0.0690225288272, 0.129102319479, 0.123064942658, 0.103588052094, 0.128142029047, 0.0949086099863, 0.0578006766737, 0.0815892517567]
        max: [1, 1, 1, 1, 0.904603719711, 1, 1, 1, 1, 1, 1, 1, 1, 1, 1, 1, 1, 1, 1, 1, 0.91233676672, 1, 1, 1, 1, 1, 1, 0.929148972034, 1, 1, 1, 1, 1, 1, 1, 1]
        mean: [0.418718785048, 0.429872483015, 0.278478294611, 0.198538571596, 0.17877843976, 0.206006065011, 0.273855239153, 0.265322625637, 0.231948792934, 0.256649941206, 0.240167021751, 0.207504093647, 0.21320925653, 0.213134840131, 0.262728661299, 0.475337386131, 0.514831483364, 0.294318914413, 0.182860016823, 0.16409881413, 0.158567801118, 0.208237826824, 0.255150705576, 0.242695316672, 0.212656378746, 0.173285752535, 0.167664036155, 0.198199659586, 0.215449124575, 0.281867653131, 0.427245944738, 0.458154290915, 0.355567574501, 0.267399579287, 0.239186286926, 0.286440461874]
        min: [0.0536854080856, 0.0427638739347, 0.0306340679526, 0.0188504420221, 0.015200230293, 0.0154834762216, 0.0278186388314, 0.0196607392281, 0.036147903651, 0.0341211929917, 0.0223292261362, 0.0162413399667, 0.0248702075332, 0.030446043238, 0.0401460342109, 0.0530556216836, 0.0392636731267, 0.0337261483073, 0.0126154385507, 0.00864152889699, 0.00956411007792, 0.0147840771824, 0.0283225718886, 0.0215266626328, 0.017944669351, 0.0163714699447, 0.00900062825531, 0.0119280526415, 0.0145505797118, 0.0102637875825, 0.0127301523462, 0.0206400156021, 0.0266559142619, 0.0193619765341, 0.0223498847336, 0.0503758750856]
        var: [0.0711864382029, 0.0810123160481, 0.0345789454877, 0.024524660781, 0.0218813661486, 0.0318175405264, 0.0583862811327, 0.0535254888237, 0.0432368963957, 0.0626108497381, 0.0476642921567, 0.0344607867301, 0.040176730603, 0.0236134789884, 0.0242265723646, 0.0808508694172, 0.100137099624, 0.0430917404592, 0.0288541149348, 0.0366862341762, 0.027653336525, 0.0444471687078, 0.0563322380185, 0.0410634987056, 0.0359560400248, 0.0240592844784, 0.0270129907876, 0.044129434973, 0.0411318838596, 0.0632697343826, 0.0967528745532, 0.100344404578, 0.0679308325052, 0.045038536191, 0.0314013548195, 0.038752283901]
    chords_histogram: [56.944442749, 0, 18.5185184479, 0, 0, 3.24074077606, 0, 0, 0, 0, 0, 0, 0, 0, 0, 0, 0, 0, 0, 14.8148145676, 0, 0, 6.48148155212, 0]
    thpcp: [1, 0.571680128574, 0.355184227228, 0.318742781878, 0.307999432087, 0.404477655888, 0.495600432158, 0.471407294273, 0.413060158491, 0.33658733964, 0.325667798519, 0.384979665279, 0.41848474741, 0.547495007515, 0.829875349998, 0.889911174774, 0.690648496151, 0.519392430782, 0.464591413736, 0.556377112865, 0.813312292099, 0.834977090359, 0.54091155529, 0.385637968779, 0.347256243229, 0.40014269948, 0.531931817532, 0.51535820961, 0.450533419847, 0.498512536287, 0.466496378183, 0.403052449226, 0.414134055376, 0.413989514112, 0.510319709778, 0.923287332058]
    chords_key: "G"
    chords_scale: "major"
    key_key: "G"
    key_scale: "major"
    chords_progression: ["C#m", "C#m", "C#m", "C#m", "C#m", "C#m", "C#m", "C", "C", "C", "C", "C", "C", "G", "G", "G", "G", "G", "G", "G", "G", "G", "G", "G", "G", "G", "G", "G", "G", "G", "G", "G", "G", "G", "G", "G", "G", "G", "D", "D", "D", "D", "D", "D", "D", "G", "G", "G", "G", "G", "G", "D", "D", "D", "D", "D", "D", "D", "D", "D", "D", "D", "D", "D", "D", "D", "D", "D", "D", "D", "D", "D", "D", "D", "D", "D", "G", "G", "G", "G", "G", "G", "G", "G", "G", "G", "G", "G", "G", "G", "G", "G", "G", "G", "G", "G", "G", "G", "G", "G", "G", "G", "G", "G", "G", "G", "G", "G", "G", "G", "G", "G", "G", "G", "G", "G", "G", "G", "G", "G", "G", "G", "G", "G", "G", "G", "G", "G", "G", "G", "G", "G", "G", "G", "G", "G", "G", "G", "G", "G", "G", "G", "D", "D", "Dm", "Dm", "Dm", "Dm", "Dm", "Dm", "Dm", "Dm", "Dm", "Dm", "Dm", "Dm", "Dm", "Dm", "Dm", "Dm", "Dm", "Dm", "Dm", "Dm", "Dm", "Dm", "Dm", "Dm", "Dm", "Dm", "Dm", "Dm", "Dm", "Dm", "Dm", "Dm", "D", "D", "D", "D", "D", "D", "G", "G", "G", "G", "G", "G", "G", "G", "G", "G", "G", "G", "G", "G", "G", "G", "G", "G", "G", "G", "G", "G", "G", "G", "G", "G", "C", "C", "C", "C", "C", "C", "C", "C"]
