
metadata:
    version:
        essentia: "1.2.2"
    audio_properties:
        analysis_sample_rate: 44100
        bitrate: 128
        channels: 2
        equal_loudness: 1
        length: 10.0571432114
        replay_gain: -16.242855072
        downmix: "mix"
    tags:
        track: 9
        year: 0
        album: "Splitted by Mp3Splt v. 2.1"
        artist: "From 001.20 To 001.30"
        comment: "http://mp3splt.sf.net"
        genre: ""
        title: "02 Stronger.mp3"

highlevel:
    ballroom:
        all:
            ChaChaCha: 0.264346331358
            Jive: 0.406623572111
            Quickstep: 0.121319398284
            Rumba-American: 0.00488670775667
            Rumba-International: 0.00206991308369
            Rumba-Misc: 0.00277081504464
            Samba: 0.183258131146
            Tango: 0.00303740566596
            VienneseWaltz: 0.00921156443655
            Waltz: 0.00247616833076
        probability: 0.406623572111
        value: "Jive"
    culture:
        all:
            non_western: 0.177846938372
            western: 0.822153031826
        probability: 0.822153031826
        value: "western"
    gender:
        all:
            female: 0.891638100147
            male: 0.108361884952
        probability: 0.891638100147
        value: "female"
    genre_dortmund:
        all:
            alternative: 0.0476608499885
            blues: 0.00992857292295
            electronic: 0.0701145753264
            folkcountry: 0.0452329851687
            funksoulrnb: 0.0810142606497
            jazz: 0.00826461054385
            pop: 0.143319830298
            raphiphop: 0.0260506626219
            rock: 0.568413674831
        probability: 0.568413674831
        value: "rock"
    genre_electronica:
        all:
            ambient: 0.417275160551
            dnb: 0.123787239194
            house: 0.0166287571192
            techno: 0.00730174407363
            trance: 0.435007095337
        probability: 0.435007095337
        value: "trance"
    genre_rosamerica:
        all:
            cla: 0.0056347255595
            dan: 0.0295919682831
            hip: 0.00424231542274
            jaz: 0.0033670461271
            pop: 0.696239411831
            rhy: 0.0197820533067
            roc: 0.239786863327
            spe: 0.00135561148636
        probability: 0.696239411831
        value: "pop"
    genre_tzanetakis:
        all:
            blu: 0.000299765059026
            cla: 0.00151029380504
            cou: 0.0100512355566
            dis: 0.0188490394503
            hip: 0.000562899280339
            jaz: 0.0012918630382
            met: 0.00116111466195
            pop: 0.957374632359
            reg: 0.00451040128246
            roc: 0.00438877847046
        probability: 0.957374632359
        value: "pop"
    live_studio:
        all:
            live: 0.60059762001
            studio: 0.399402409792
        probability: 0.60059762001
        value: "live"
    mood:
        all:
            Cluster1: 0.29938736558
            Cluster2: 0.198495835066
            Cluster3: 0.225156858563
            Cluster4: 0.131168544292
            Cluster5: 0.145791396499
        probability: 0.29938736558
        value: "Cluster1"
    mood_acoustic:
        all:
            acoustic: 0.00935595948249
            not_acoustic: 0.990644037724
        probability: 0.990644037724
        value: "not_acoustic"
    mood_aggressive:
        all:
            aggressive: 0.152401134372
            not_aggressive: 0.847598850727
        probability: 0.847598850727
        value: "not_aggressive"
    mood_electronic:
        all:
            electronic: 0.522206664085
            not_electronic: 0.477793306112
        probability: 0.522206664085
        value: "electronic"
    mood_happy:
        all:
            happy: 0.892664551735
            not_happy: 0.107335433364
        probability: 0.892664551735
        value: "happy"
    mood_party:
        all:
            not_party: 0.22230437398
            party: 0.777695655823
        probability: 0.777695655823
        value: "party"
    mood_relaxed:
        all:
            not_relaxed: 0.983317315578
            relaxed: 0.0166826564819
        probability: 0.983317315578
        value: "not_relaxed"
    mood_sad:
        all:
            not_sad: 0.793280422688
            sad: 0.206719562411
        probability: 0.793280422688
        value: "not_sad"
    rhythm:
        all:
            fast: 0.942141771317
            medium: 0.0550833903253
            slow: 0.00277481717058
        probability: 0.942141771317
        value: "fast"
    speech_music:
        all:
            music: 0.989199578762
            speech: 0.0108004286885
        probability: 0.989199578762
        value: "music"
    timbre:
        all:
            bright: 0.868160605431
            dark: 0.131839364767
        probability: 0.868160605431
        value: "bright"
    voice_instrumental:
        all:
            instrumental: 0.00550304958597
            voice: 0.994496941566
        probability: 0.994496941566
        value: "voice"

lowlevel:
    average_loudness: 0.913791298866
    barkbands_kurtosis:
        dmean: 0.620008587837
        dmean2: 1.0315759182
        dvar: 0.868790984154
        dvar2: 2.29596757889
        max: 8.59215927124
        mean: -0.206834092736
        min: -1.67497289181
        var: 2.34514069557
    barkbands_skewness:
        dmean: 0.355358660221
        dmean2: 0.567790031433
        dvar: 0.089147336781
        dvar2: 0.241483002901
        max: 2.84181666374
        mean: 0.177486389875
        min: -2.28252077103
        var: 0.317030549049
    barkbands_spread:
        dmean: 4.15261411667
        dmean2: 5.88111591339
        dvar: 15.519739151
        dvar2: 30.0311489105
        max: 57.7276077271
        mean: 23.1385993958
        min: 4.88431787491
        var: 92.9547958374
    dissonance:
        dmean: 0.0252305362374
        dmean2: 0.0427321456373
        dvar: 0.0010045095114
        dvar2: 0.00190956378356
        max: 0.499782830477
        mean: 0.452718853951
        min: 0.00601454125717
        var: 0.00150758505333
    hfc:
        dmean: 2.02791333199
        dmean2: 2.87041282654
        dvar: 7.04980516434
        dvar2: 14.7883806229
        max: 37.6958122253
        mean: 7.04197359085
        min: 0.00011131039355
        var: 37.2750320435
    pitch:
        dmean: 308.132476807
        dmean2: 585.395263672
        dvar: 598237.6875
        dvar2: 1651804.875
        max: 4009.09082031
        mean: 478.66418457
        min: 88.1999969482
        var: 464878.59375
    pitch_instantaneous_confidence:
        dmean: 0.0866141989827
        dmean2: 0.133015990257
        dvar: 0.0051312064752
        dvar2: 0.0116487843916
        max: 0.822589874268
        mean: 0.433293789625
        min: 0.146653592587
        var: 0.0254398398101
    pitch_salience:
        dmean: 0.0612828955054
        dmean2: 0.100337684155
        dvar: 0.0027856847737
        dvar2: 0.00727758184075
        max: 0.939123213291
        mean: 0.637492179871
        min: 0.301064580679
        var: 0.00710687926039
    silence_rate_20dB:
        dmean: 0
        dmean2: 0
        dvar: 0
        dvar2: 0
        max: 1
        mean: 1
        min: 1
        var: 0
    silence_rate_30dB:
        dmean: 0
        dmean2: 0
        dvar: 0
        dvar2: 0
        max: 1
        mean: 1
        min: 1
        var: 0
    silence_rate_60dB:
        dmean: 0.0875576063991
        dmean2: 0.175519630313
        dvar: 0.0798911377788
        dvar2: 0.14933167398
        max: 1
        mean: 0.466666668653
        min: 0
        var: 0.248889833689
    spectral_centroid:
        dmean: 232.605255127
        dmean2: 357.92199707
        dvar: 57078.1875
        dvar2: 117816.539062
        max: 3849.29443359
        mean: 1588.39025879
        min: 358.130462646
        var: 229600.03125
    spectral_complexity:
        dmean: 3.21939945221
        dmean2: 4.75
        dvar: 12.3421678543
        dvar2: 24.2986106873
        max: 45
        mean: 12.4585256577
        min: 0
        var: 80.248298645
    spectral_crest:
        dmean: 2.03183102608
        dmean2: 3.4039773941
        dvar: 3.18543815613
        dvar2: 7.81881761551
        max: 19.5088825226
        mean: 7.08845901489
        min: 2.30562925339
        var: 10.4662647247
    spectral_decrease:
        dmean: 2.57455751163e-10
        dmean2: 3.70027231078e-10
        dvar: 7.93049783386e-20
        dvar2: 1.63050559473e-19
        max: -1.82508901655e-14
        mean: -9.34514243767e-10
        min: -3.34390315437e-09
        var: 4.68279869463e-19
    spectral_energy:
        dmean: 0.00113459920976
        dmean2: 0.00162485009059
        dvar: 1.56848705046e-06
        dvar2: 3.15555325869e-06
        max: 0.014154875651
        mean: 0.0041658016853
        min: 7.89792125033e-08
        var: 9.54854840529e-06
    spectral_energyband_high:
        dmean: 0.000137373252073
        dmean2: 0.00020532857161
        dvar: 4.40909602162e-08
        dvar2: 9.0714301848e-08
        max: 0.00261631677859
        mean: 0.00028201949317
        min: 1.95300131622e-09
        var: 1.17371733666e-07
    spectral_energyband_low:
        dmean: 8.1767240772e-05
        dmean2: 0.000135881084134
        dvar: 4.29352695619e-08
        dvar2: 1.14985780897e-07
        max: 0.00184323790018
        mean: 9.43617633311e-05
        min: 8.72973604515e-09
        var: 4.05695672612e-08
    spectral_energyband_middle_high:
        dmean: 0.000808140379377
        dmean2: 0.00119686173275
        dvar: 9.62649551184e-07
        dvar2: 2.31140325013e-06
        max: 0.0113439150155
        mean: 0.00275770388544
        min: 4.93495271314e-08
        var: 5.81267704547e-06
    spectral_energyband_middle_low:
        dmean: 0.000463808100903
        dmean2: 0.00073607719969
        dvar: 3.72052880948e-07
        dvar2: 8.36797312331e-07
        max: 0.00462005240843
        mean: 0.00103170855436
        min: 1.75118408663e-08
        var: 7.73536555698e-07
    spectral_flatness_db:
        dmean: 0.0159870292991
        dmean2: 0.0247065778822
        dvar: 0.000216062559048
        dvar2: 0.000462450960185
        max: 0.202294483781
        mean: 0.128621354699
        min: 0.0503633245826
        var: 0.000906300847419
    spectral_flux:
        dmean: 0.00848278682679
        dmean2: 0.0128284571692
        dvar: 6.76883282722e-05
        dvar2: 0.000146972350194
        max: 0.0859924927354
        mean: 0.0386209301651
        min: 0.00283887959085
        var: 0.00031113246223
    spectral_kurtosis:
        dmean: 0.960054695606
        dmean2: 1.42165529728
        dvar: 1.21792125702
        dvar2: 2.32289743423
        max: 14.4717731476
        mean: 3.74562144279
        min: -1.10478031635
        var: 3.88322067261
    spectral_rms:
        dmean: 0.000274259858998
        dmean2: 0.000377729098545
        dvar: 7.53453406332e-08
        dvar2: 1.27768828406e-07
        max: 0.00371613167226
        mean: 0.00185312319081
        min: 8.77797810972e-06
        var: 6.30134138646e-07
    spectral_rolloff:
        dmean: 438.670318604
        dmean2: 701.772705078
        dvar: 276257.34375
        dvar2: 554953.25
        max: 8441.015625
        mean: 2783.09106445
        min: 172.265625
        var: 985278.375
    spectral_skewness:
        dmean: 0.171588376164
        dmean2: 0.243267118931
        dvar: 0.0306084174663
        dvar2: 0.0585661493242
        max: 2.99479055405
        mean: 1.66648387909
        min: 0.455758780241
        var: 0.147045701742
    spectral_spread:
        dmean: 829657.6875
        dmean2: 1172588.875
        dvar: 1.13383519027e+12
        dvar2: 1.95157295104e+12
        max: 14487254
        mean: 6158596
        min: 2727915.75
        var: 3.47977836134e+12
    spectral_strongpeak:
        dmean: 0.470898807049
        dmean2: 0.794615507126
        dvar: 0.395728647709
        dvar2: 0.965859115124
        max: 7.0909113884
        mean: 0.871451258659
        min: 0
        var: 0.853509902954
    zerocrossingrate:
        dmean: 0.00924238562584
        dmean2: 0.0105455182493
        dvar: 8.04361188784e-05
        dvar2: 9.2514033895e-05
        max: 0.20703125
        mean: 0.0891540795565
        min: 0.0048828125
        var: 0.000594340963289
    barkbands:
        dmean: [2.52959324598e-07, 3.56215714419e-05, 5.4129784985e-05, 5.83744804317e-05, 0.000131236563902, 0.000122839890537, 0.000119467149489, 9.49304230744e-05, 0.000162626005476, 0.000315845914884, 0.000163574964972, 0.000187103825738, 0.000101302328403, 0.000161070725881, 0.000130630083731, 0.000157372589456, 0.000112732603156, 9.66657025856e-05, 0.000151084634126, 8.96516430657e-05, 6.55061739963e-05, 2.38963111769e-05, 6.55490475765e-06, 3.86392366636e-06, 4.6544291763e-06, 4.92595518153e-07, 1.22466392583e-09]
        dmean2: [3.86046650647e-07, 5.67074785067e-05, 9.6518357168e-05, 9.65043000178e-05, 0.000224284231081, 0.00020049297018, 0.000187213780009, 0.000164201701409, 0.000259407417616, 0.000508365104906, 0.000257866340689, 0.000308496906655, 0.000171190229594, 0.000264775735559, 0.000206322307349, 0.000255645340076, 0.00017465018027, 0.000160871073604, 0.000246323324973, 0.000142586897709, 0.000100666526123, 3.53458344762e-05, 9.50492722041e-06, 5.25519408257e-06, 6.55545272821e-06, 7.18894909824e-07, 2.00767358294e-09]
        dvar: [2.01462815614e-13, 6.70488597976e-09, 2.33462067456e-08, 1.7037866229e-08, 6.89883208338e-08, 3.88020069408e-08, 3.31798482023e-08, 4.58950744076e-08, 8.38888354338e-08, 3.55831417664e-07, 9.00351579958e-08, 1.37198995276e-07, 3.48808164574e-08, 7.12044467832e-08, 5.66756988007e-08, 9.25940710772e-08, 3.17847614895e-08, 1.75265597591e-08, 2.36649071894e-07, 1.63633515626e-08, 1.09696252082e-08, 1.7182587575e-09, 1.24884103059e-10, 4.93289090131e-11, 1.02630570709e-10, 8.71996864906e-13, 4.7665017212e-18]
        dvar2: [4.32510039068e-13, 1.56785890937e-08, 6.70916691092e-08, 4.25364845569e-08, 1.66815624425e-07, 9.78491527803e-08, 8.19477605773e-08, 1.2979681685e-07, 1.94625627614e-07, 8.72343946412e-07, 2.15638905843e-07, 3.37975251341e-07, 8.85475373025e-08, 1.90925760535e-07, 1.30848377466e-07, 2.00793081717e-07, 7.71170931557e-08, 4.84312749904e-08, 7.00111570495e-07, 3.78995927974e-08, 2.34431780655e-08, 3.9814329611e-09, 2.65072575001e-10, 8.74910283111e-11, 1.62611812904e-10, 1.80002529809e-12, 1.16260516336e-17]
        max: [4.42953160018e-06, 0.000679711753037, 0.00116340874229, 0.00127090187743, 0.0017798312474, 0.00202101701871, 0.00209391978569, 0.0025775663089, 0.00375562394038, 0.00750780152157, 0.00392775889486, 0.00361760216765, 0.00152967660688, 0.00250187679194, 0.00282374140806, 0.00346429995261, 0.00247707637027, 0.00163140706718, 0.00768501963466, 0.00144219049253, 0.00123071915004, 0.000504631083459, 0.000207945253351, 0.000112433568574, 0.000164916738868, 1.28572228277e-05, 1.2718445852e-08]
        mean: [3.57644353244e-07, 4.58367503597e-05, 4.81784773001e-05, 6.03235457675e-05, 0.000155279631144, 0.000182889198186, 0.000187701167306, 0.000133477384225, 0.000283580477117, 0.000495009764563, 0.000260424072621, 0.00029618840199, 0.000158225215273, 0.000301200168906, 0.000212771206861, 0.000265885406407, 0.000225556999794, 0.000192972904188, 0.00028077873867, 0.000186893623322, 0.000123363133753, 4.19924108428e-05, 1.28372421386e-05, 6.72586929795e-06, 6.7715741352e-06, 5.82894585932e-07, 1.32743005476e-09]
        min: [3.5767944162e-11, 4.34824576345e-09, 2.95462765365e-09, 2.92888246989e-09, 6.36215258254e-09, 3.603420895e-09, 1.04742592377e-09, 4.47598624831e-10, 2.50068810104e-09, 5.63229862749e-09, 6.37436059492e-09, 3.31850080748e-09, 3.34770655641e-09, 5.21597831593e-09, 5.35178612537e-09, 6.74358169306e-09, 6.02700733765e-09, 4.86932050237e-09, 2.45860642956e-09, 1.03230357595e-09, 6.24721774312e-10, 2.42401210215e-10, 1.9065614365e-10, 2.28611768405e-10, 1.96911403849e-10, 4.17625552196e-11, 1.02569873168e-12]
        var: [3.42781385958e-13, 9.80897141289e-09, 1.48326106952e-08, 1.62159956574e-08, 7.26963236275e-08, 4.81786024409e-08, 5.67065079338e-08, 6.14635098373e-08, 2.16016346144e-07, 8.41815165131e-07, 1.82136773219e-07, 2.55545302252e-07, 7.02152149756e-08, 1.91924016235e-07, 1.32423025434e-07, 2.17354269694e-07, 1.07542739158e-07, 5.02079728903e-08, 3.37813759188e-07, 4.48679990939e-08, 2.6763894212e-08, 3.30620553157e-09, 3.95745325399e-10, 1.04351180474e-10, 2.05363212546e-10, 1.28751707646e-12, 5.00113936017e-18]
    mfcc:
        mean: [-714.515380859, 97.2282485962, -49.6249465942, 20.2215766907, -20.4910392761, -8.25243091583, -2.46289205551, -6.58542108536, 0.404119521379, -4.58399772644, -5.58861160278, -7.57547616959, -2.62685823441]
        cov: [[4686.25976562, -905.265014648, -439.316467285, 12.9538402557, -153.540603638, 63.1133880615, -41.5941925049, 124.448127747, -52.0951499939, -36.1638259888, -90.9862976074, -148.986236572, -64.4546813965], [-905.265014648, 641.717163086, 40.0836143494, -75.9279251099, -6.2473025322, 113.230003357, 90.2516708374, -40.9220924377, 12.826830864, 48.0003204346, 23.8887634277, 42.2525138855, -10.1057167053], [-439.316467285, 40.0836143494, 466.913635254, 99.696395874, 88.2575683594, 3.58919620514, 13.0594940186, 8.45688533783, 15.4229278564, -19.5741424561, 38.5290260315, 20.2003631592, -31.9158935547], [12.9538402557, -75.9279251099, 99.696395874, 345.753326416, 34.8970794678, -34.7679290771, -13.8976478577, 53.0371322632, 38.1878013611, 12.7475128174, 44.4636764526, 26.8971538544, 30.8149623871], [-153.540603638, -6.2473025322, 88.2575683594, 34.8970794678, 190.505615234, 52.6393852234, 6.47702884674, 31.9298381805, 26.3800430298, 17.3247146606, 17.8302764893, 23.9634456635, 34.6960334778], [63.1133880615, 113.230003357, 3.58919620514, -34.7679290771, 52.6393852234, 255.879074097, 143.067321777, 1.09686183929, -3.13437891006, 58.8963851929, 42.6538581848, 4.21073627472, -1.94968914986], [-41.5941925049, 90.2516708374, 13.0594940186, -13.8976478577, 6.47702884674, 143.067321777, 169.070449829, 25.3136863708, 0.679626107216, 41.8019676208, 41.5847473145, 11.7132406235, -3.70143580437], [124.448127747, -40.9220924377, 8.45688533783, 53.0371322632, 31.9298381805, 1.09686183929, 25.3136863708, 167.416931152, 76.2760238647, 22.5673294067, 0.577261030674, 8.77145767212, 32.1737632751], [-52.0951499939, 12.826830864, 15.4229278564, 38.1878013611, 26.3800430298, -3.13437891006, 0.679626107216, 76.2760238647, 124.463523865, 51.7506523132, -12.2718496323, 10.8040409088, 30.9097595215], [-36.1638259888, 48.0003204346, -19.5741424561, 12.7475128174, 17.3247146606, 58.8963851929, 41.8019676208, 22.5673294067, 51.7506523132, 94.0743484497, 27.5322189331, 9.164686203, 18.6076583862], [-90.9862976074, 23.8887634277, 38.5290260315, 44.4636764526, 17.8302764893, 42.6538581848, 41.5847473145, 0.577261030674, -12.2718496323, 27.5322189331, 86.0600814819, 36.7865753174, 4.13979148865], [-148.986236572, 42.2525138855, 20.2003631592, 26.8971538544, 23.9634456635, 4.21073627472, 11.7132406235, 8.77145767212, 10.8040409088, 9.164686203, 36.7865753174, 74.8470306396, 35.1155815125], [-64.4546813965, -10.1057167053, -31.9158935547, 30.8149623871, 34.6960334778, -1.94968914986, -3.70143580437, 32.1737632751, 30.9097595215, 18.6076583862, 4.13979148865, 35.1155815125, 78.1911773682]]
        icov: [[0.000400793127483, 0.00058538193116, 0.000293821387459, -9.97618917609e-05, 0.000316081772326, -0.000636596174445, 0.000296968530165, -0.000433776440332, 0.000226966571063, -9.13074472919e-05, 0.000369441171642, -0.000103275822767, 0.000560531625524], [0.00058538193116, 0.00284634786658, 0.000169513310539, 0.000217564491322, 0.00079270027345, -0.00145034852903, -0.000113330301247, 2.33562786889e-05, -7.61779228924e-05, -0.000840552151203, 0.00125210254919, -0.00190457282588, 0.0014501735568], [0.000293821387459, 0.000169513310539, 0.00327512458898, -0.000820304499939, -0.00147846539039, -1.41554965012e-05, -0.000361334852641, 6.3101259002e-05, -0.00123489159159, 0.00166977581102, -0.000921913597267, -0.000513681676239, 0.00290714856237], [-9.97618917609e-05, 0.000217564491322, -0.000820304499939, 0.00383927323855, 4.01662109653e-05, 0.000659864686895, 0.000263969472144, -0.000458093796624, -0.000874061428476, 0.000224707851885, -0.00261583644897, 0.000587492075283, -0.00153567281086], [0.000316081772326, 0.00079270027345, -0.00147846539039, 4.01662109653e-05, 0.00789673719555, -0.00345632433891, 0.00258974661119, -0.00128216692246, 8.8810811576e-05, -0.00016939228226, 0.000100235585705, -0.000714879250154, -0.00287540745921], [-0.000636596174445, -0.00145034852903, -1.41554965012e-05, 0.000659864686895, -0.00345632433891, 0.010502285324, -0.00752283399925, 0.00176161341369, 0.00057233509142, -0.00257137045264, -0.00142088986468, 0.00208137463778, -0.00073729606811], [0.000296968530165, -0.000113330301247, -0.000361334852641, 0.000263969472144, 0.00258974661119, -0.00752283399925, 0.0138384420425, -0.00357568031177, 0.00173474289477, -0.00147175788879, -0.00197166949511, -0.00107429176569, 0.00101962184999], [-0.000433776440332, 2.33562786889e-05, 6.3101259002e-05, -0.000458093796624, -0.00128216692246, 0.00176161341369, -0.00357568031177, 0.0103966025636, -0.00689022289589, 0.0027327213902, -0.0016071384307, 0.00155733630527, -0.00252346950583], [0.000226966571063, -7.61779228924e-05, -0.00123489159159, -0.000874061428476, 8.8810811576e-05, 0.00057233509142, 0.00173474289477, -0.00689022289589, 0.018957182765, -0.011848192662, 0.00812363438308, -0.00333353760652, -0.000697587616742], [-9.13074472919e-05, -0.000840552151203, 0.00166977581102, 0.000224707851885, -0.00016939228226, -0.00257137045264, -0.00147175788879, 0.0027327213902, -0.011848192662, 0.0224464293569, -0.00959870871156, 0.00504649430513, -0.00319015327841], [0.000369441171642, 0.00125210254919, -0.000921913597267, -0.00261583644897, 0.000100235585705, -0.00142088986468, -0.00197166949511, -0.0016071384307, 0.00812363438308, -0.00959870871156, 0.0244584996253, -0.012629785575, 0.00505900476128], [-0.000103275822767, -0.00190457282588, -0.000513681676239, 0.000587492075283, -0.000714879250154, 0.00208137463778, -0.00107429176569, 0.00155733630527, -0.00333353760652, 0.00504649430513, -0.012629785575, 0.0259356759489, -0.0119572104886], [0.000560531625524, 0.0014501735568, 0.00290714856237, -0.00153567281086, -0.00287540745921, -0.00073729606811, 0.00101962184999, -0.00252346950583, -0.000697587616742, -0.00319015327841, 0.00505900476128, -0.0119572104886, 0.0237117018551]]
    spectral_contrast:
        mean: [1.01125749552e-07, 2.53645907833e-07, -2.96606913253e-07, -2.4037564117e-07, 9.5037819392e-08, 2.90675643555e-07, 2.32980005421e-06, -2.37635754274e-06, -5.41111297991e-08, -5.42553323157e-07, -1.76966739218e-06, -3.27193788507e-06]
        var: [0.000430734275142, 0.000906840083189, 0.00199403939769, 0.00281016551889, 0.004192605149, 0.0071845240891, 0.0846301168203, 0.113123625517, 0.16332089901, 0.210689246655, 0.493529886007, 2.3319246769]

rhythm:
    beats_loudness:
        dmean: 0.0019945143722
        dmean2: 0.00356152188033
        dvar: 3.03570664073e-06
        dvar2: 8.96551409824e-06
        max: 0.0100501794368
        mean: 0.00495227053761
        min: 0.000117400908493
        var: 7.74337786424e-06
    beats_loudness_bass:
        dmean: 0.0814826861024
        dmean2: 0.163447618484
        dvar: 0.0083715012297
        dvar2: 0.0241200327873
        max: 0.294694304466
        mean: 0.0520835518837
        min: 2.77610743069e-05
        var: 0.00570398196578
    bpm: 108.482055664
    bpm_confidence: 0
    first_peak_bpm: 108
    first_peak_spread: 0
    first_peak_weight: 0.941176474094
    onset_rate: 3.38068199158
    second_peak_bpm: 65
    second_peak_spread: 0
    second_peak_weight: 0.0588235296309
    beats_position: [0.117891542614, 0.671107232571, 1.22432291508, 1.77753853798, 2.33075428009, 2.8839700222, 3.43718576431, 3.99040126801, 4.54361724854, 5.09683275223, 6.01360607147, 6.56664609909, 7.11968612671, 7.67272567749, 8.22576618195, 8.77880573273, 9.33184528351, 9.88488483429]
    bpm_estimates: [108.576919556, 108.543746948, 107.648574829, 109.011940002, 108.511886597, 108.777359009, 108.592071533, 108.956497192, 108.745323181, 108.588806152, 107.738334656, 107.656509399, 108.470787048, 108.677238464, 108.541000366, 108.675949097]
    bpm_intervals: [0.553215682507, 0.553215682507, 0.553215622902, 0.553215742111, 0.553215742111, 0.553215742111, 0.553215503693, 0.55321598053, 0.553215503693, 0.916773319244, 0.553040027618, 0.553040027618, 0.553039550781, 0.553040504456, 0.553039550781, 0.553039550781, 0.553039550781]
    onset_times: [0.0464399084449, 0.174149662256, 0.441179126501, 0.731428563595, 0.99845802784, 1.27709746361, 1.54412698746, 1.83437645435, 2.4497051239, 2.84444451332, 2.9837641716, 3.23918366432, 3.55265307426, 3.78485250473, 4.2492518425, 4.91102027893, 5.1780500412, 5.45668935776, 5.72371864319, 6.00235843658, 6.28099775314, 6.5596370697, 6.8382768631, 7.02403640747, 7.11691617966, 7.39555549622, 7.6858048439, 7.95283460617, 8.2198638916, 8.498503685, 8.77714252472, 9.06739234924, 9.33442211151, 9.89170074463]
    rubato_start: []
    rubato_stop: []
    perceptual_tempo: "unknown"

sfx:
    inharmonicity:
        dmean: 0.0487763695419
        dmean2: 0.0837512016296
        dvar: 0.00275825127028
        dvar2: 0.00750766275451
        max: 0.312372416258
        mean: 0.0609277300537
        min: 0.000124642858282
        var: 0.00321683543734
    oddtoevenharmonicenergyratio:
        dmean: 2.54208993912
        dmean2: 4.78729057312
        dvar: 47.9579048157
        dvar2: 138.628875732
        max: 89.205291748
        mean: 1.86677896976
        min: 0.000721193791833
        var: 27.7654132843
    pitch_after_max_to_before_max_energy_ratio: 8.1700553894
    pitch_centroid: 212.891845703
    pitch_max_to_total: 0.133640557528
    pitch_min_to_total: 0.278801828623
    tristimulus:
        dmean: [0.169743955135, 0.225249633193, 0.107491277158]
        dmean2: [0.293023079634, 0.399556040764, 0.18579775095]
        dvar: [0.0271882992238, 0.0493492409587, 0.00859865825623]
        dvar2: [0.0754609704018, 0.137821808457, 0.0226461328566]
        max: [0.944552838802, 0.939904808998, 0.529921174049]
        mean: [0.287355840206, 0.542178690434, 0.127209424973]
        min: [0.00132948393002, 0, 0]
        var: [0.039906129241, 0.055235773325, 0.0129600428045]

tonal:
    chords_changes_rate: 0.0458715595305
    chords_number_rate: 0.0183486230671
    chords_strength:
        dmean: 0.0117059806362
        dmean2: 0.0106965769082
        dvar: 0.000106607825728
        dvar2: 8.61899534357e-05
        max: 0.789673864841
        mean: 0.580629110336
        min: 0.339047551155
        var: 0.0108771976084
    key_strength: 0.707700610161
    tuning_diatonic_strength: 0.578695714474
    tuning_equal_tempered_deviation: 0.0595063194633
    tuning_frequency: 439.491973877
    tuning_nontempered_energy_ratio: 0.700290739536
    hpcp:
        dmean: [0.11239208281, 0.114925272763, 0.171134665608, 0.193378508091, 0.160413458943, 0.18287011981, 0.1771941185, 0.166453614831, 0.133111208677, 0.132996201515, 0.136596560478, 0.137232586741, 0.135530218482, 0.157751113176, 0.137774705887, 0.10264030844, 0.10105612874, 0.15614593029, 0.18121381104, 0.155968531966, 0.134722352028, 0.133666083217, 0.111556172371, 0.0958672240376, 0.0843993499875, 0.106954291463, 0.177198156714, 0.192629098892, 0.167908370495, 0.144540727139, 0.107576288283, 0.132553696632, 0.183943763375, 0.198956385255, 0.199734330177, 0.138651564717]
        dmean2: [0.189889624715, 0.195657283068, 0.298358291388, 0.344917178154, 0.272600769997, 0.315656036139, 0.299469739199, 0.286374926567, 0.221280157566, 0.232751399279, 0.248321592808, 0.236313164234, 0.224970221519, 0.277115762234, 0.245316773653, 0.18519897759, 0.177923649549, 0.273515075445, 0.302520811558, 0.262337356806, 0.234050109982, 0.228593140841, 0.191979244351, 0.168682038784, 0.148401007056, 0.193604886532, 0.313074141741, 0.33326625824, 0.281311362982, 0.254652917385, 0.191100612283, 0.228863060474, 0.298764914274, 0.331120878458, 0.33006387949, 0.240557327867]
        dvar: [0.0243047736585, 0.025626545772, 0.0493678711355, 0.0619397573173, 0.0321566350758, 0.0397904217243, 0.0310899559408, 0.0322671681643, 0.026126679033, 0.0310826580971, 0.0358683951199, 0.0350836627185, 0.0336014404893, 0.03612363711, 0.0421508066356, 0.024337535724, 0.024508068338, 0.0310253687203, 0.0461470484734, 0.0326190330088, 0.0309999566525, 0.0352301299572, 0.0278116967529, 0.0273316483945, 0.0201509743929, 0.0224909875542, 0.0427854470909, 0.0487736240029, 0.0385012254119, 0.0330561548471, 0.0208752900362, 0.0345627106726, 0.0347025841475, 0.0461742058396, 0.0370827354491, 0.0343321859837]
        dvar2: [0.067412532866, 0.0762285664678, 0.14398008585, 0.153533712029, 0.0788051635027, 0.116553068161, 0.0777314379811, 0.0829748511314, 0.0618121959269, 0.076801545918, 0.103776223958, 0.0911257192492, 0.0885021612048, 0.0997564718127, 0.116317734122, 0.0706075578928, 0.0732669234276, 0.0889549553394, 0.110160574317, 0.077488668263, 0.0827617943287, 0.0812571123242, 0.064197935164, 0.0742870792747, 0.0546527318656, 0.0659467503428, 0.124164149165, 0.130063176155, 0.0998780578375, 0.086245007813, 0.0546422749758, 0.0930853337049, 0.0924954786897, 0.107269614935, 0.0921230763197, 0.0903662964702]
        max: [1, 0.849766850471, 1, 1, 1, 1, 1, 1, 1, 1, 1, 1, 1, 1, 1, 1, 1, 1, 1, 1, 1, 1, 1, 1, 1, 1, 1, 1, 1, 1, 0.986952483654, 1, 1, 1, 1, 1]
        mean: [0.120240055025, 0.128123342991, 0.211305186152, 0.264577656984, 0.231726005673, 0.285736262798, 0.362145096064, 0.267087161541, 0.171974375844, 0.155843213201, 0.140879541636, 0.178526416421, 0.23026509583, 0.207530811429, 0.144427284598, 0.107908770442, 0.123845182359, 0.243534758687, 0.355132728815, 0.281107008457, 0.190790966153, 0.186561256647, 0.152127891779, 0.110693134367, 0.0950845927, 0.110498979688, 0.216964662075, 0.303869128227, 0.236049830914, 0.146878704429, 0.12158960849, 0.147155478597, 0.330583035946, 0.515233516693, 0.370276540518, 0.164542108774]
        min: [0.00173636351246, 0.000795356580056, 0.0015742596006, 0.00247257738374, 0.00284972693771, 0.00319398194551, 0.00612706877291, 0.00695529207587, 0.00624332111329, 0.0044748079963, 0.00306200049818, 0.00324937957339, 0.0027014662046, 0.00448678759858, 0.00357661372982, 0.00245245243423, 0.0049981623888, 0.00538818864152, 0.0059836008586, 0.00260132644325, 0.00151238159742, 0.00115452520549, 0.00154890795238, 0.00133953581098, 0.00118159281556, 0.00475447066128, 0.00796085502952, 0.00721348589286, 0.00282329157926, 0.00250745657831, 0.00272239441983, 0.0035646923352, 0.00326846097596, 0.0119232693687, 0.00109980080742, 0.000703193072695]
        var: [0.0234694648534, 0.0228463932872, 0.0517067685723, 0.0810274034739, 0.0483265407383, 0.0555700100958, 0.0787123143673, 0.0532962679863, 0.0382238924503, 0.0359441302717, 0.0291913934052, 0.0404856018722, 0.07073418051, 0.0512866824865, 0.0390739105642, 0.0202206019312, 0.0225654132664, 0.0507740676403, 0.104820385575, 0.0756459906697, 0.0465869605541, 0.0571018531919, 0.0383707582951, 0.0245528928936, 0.0158828347921, 0.0172225851566, 0.0478764623404, 0.0803643986583, 0.0511566698551, 0.033369269222, 0.0208071917295, 0.033728055656, 0.0669465139508, 0.127925857902, 0.0675155892968, 0.0354467704892]
    chords_histogram: [33.0275230408, 19.2660541534, 0, 16.0550460815, 0, 0, 0, 0, 0, 0, 0, 0, 0, 0, 0, 0, 0, 0, 0, 0, 0, 0, 0, 31.6513767242]
    thpcp: [1, 0.71865773201, 0.319354444742, 0.233370020986, 0.248670428991, 0.410115361214, 0.513510167599, 0.449749469757, 0.554576218128, 0.702875673771, 0.518380820751, 0.333779484034, 0.302471041679, 0.273428529501, 0.346496134996, 0.446914047003, 0.402789801359, 0.280314236879, 0.209436625242, 0.240367099643, 0.472668707371, 0.689265608788, 0.545591473579, 0.370299994946, 0.362090677023, 0.295260071754, 0.214840710163, 0.184546604753, 0.214463874698, 0.421099662781, 0.589769721031, 0.458141446114, 0.285072118044, 0.235989317298, 0.285609275103, 0.641617894173]
    chords_key: "G#"
    chords_scale: "minor"
    key_key: "G#"
    key_scale: "minor"
    chords_progression: ["G#m", "G#m", "G#m", "G#m", "G#m", "G#m", "G#m", "G#m", "G#m", "G#m", "G#m", "G#m", "G#m", "G#m", "G#m", "G#m", "G#m", "G#m", "G#m", "G#m", "G#m", "G#m", "G#m", "B", "B", "B", "B", "B", "B", "B", "B", "B", "B", "B", "B", "B", "F#", "F#", "F#", "F#", "F#", "F#", "F#", "F#", "F#", "F#", "F#", "F#", "F#", "F#", "F#", "F#", "F#", "F#", "F#", "F#", "F#", "F#", "F#", "F#", "F#", "F#", "F#", "F#", "F#", "F#", "F#", "F#", "F#", "F#", "F#", "B", "B", "B", "B", "B", "B", "B", "B", "G#m", "G#m", "G#m", "G#m", "G#m", "E", "G#m", "G#m", "G#m", "G#m", "G#m", "G#m", "G#m", "G#m", "G#m", "G#m", "G#m", "E", "E", "E", "E", "E", "E", "E", "E", "E", "E", "E", "E", "E", "E", "E", "E", "E", "E", "E", "E", "E", "E", "E", "E", "E", "E", "E", "E", "E", "E", "E", "E", "E", "E", "E", "E", "E", "E", "E", "E", "E", "E", "E", "E", "E", "B", "B", "B", "B", "B", "B", "B", "B", "B", "B", "B", "B", "B", "B", "B", "B", "B", "B", "B", "B", "B", "G#m", "G#m", "G#m", "G#m", "G#m", "G#m", "G#m", "G#m", "G#m", "G#m", "G#m", "G#m", "G#m", "G#m", "G#m", "G#m", "G#m", "G#m", "G#m", "G#m", "G#m", "G#m", "G#m", "G#m", "G#m", "G#m", "G#m", "G#m", "G#m", "G#m", "G#m", "G#m", "G#m", "E", "E", "E", "E", "E", "E", "E", "E", "E", "E", "E", "E", "E", "E", "E", "E", "E", "E", "E", "E", "E", "E", "E"]
