
metadata:
    version:
        essentia: "1.2.2"
    audio_properties:
        analysis_sample_rate: 44100
        bitrate: 128
        channels: 2
        equal_loudness: 1
        length: 10.0310201645
        replay_gain: -12.0212898254
        downmix: "mix"
    tags:
        track: 5
        year: 0
        album: "Splitted by Mp3Splt v. 2.1"
        artist: "From 000.40 To 000.50"
        comment: "http://mp3splt.sf.net"
        genre: ""
        title: "08 You Stole the Sun from My H"

highlevel:
    ballroom:
        all:
            ChaChaCha: 0.071591809392
            Jive: 0.0875079780817
            Quickstep: 0.108734495938
            Rumba-American: 0.0116707868874
            Rumba-International: 0.161683097482
            Rumba-Misc: 0.108578033745
            Samba: 0.0489264950156
            Tango: 0.0374748967588
            VienneseWaltz: 0.300599485636
            Waltz: 0.0632329210639
        probability: 0.300599485636
        value: "VienneseWaltz"
    culture:
        all:
            non_western: 0.985493302345
            western: 0.0145066948608
        probability: 0.985493302345
        value: "non_western"
    gender:
        all:
            female: 0.445179522038
            male: 0.554820477962
        probability: 0.554820477962
        value: "male"
    genre_dortmund:
        all:
            alternative: 0.122604727745
            blues: 0.0561001896858
            electronic: 0.0289249010384
            folkcountry: 0.215372502804
            funksoulrnb: 0.0268541183323
            jazz: 0.016653932631
            pop: 0.103592157364
            raphiphop: 0.0287110805511
            rock: 0.401186406612
        probability: 0.401186406612
        value: "rock"
    genre_electronica:
        all:
            ambient: 0.336833029985
            dnb: 0.0980898588896
            house: 0.184300363064
            techno: 0.0265983231366
            trance: 0.35417842865
        probability: 0.35417842865
        value: "trance"
    genre_rosamerica:
        all:
            cla: 0.0223919153214
            dan: 0.0668867528439
            hip: 0.0253207832575
            jaz: 0.0105118770152
            pop: 0.240439295769
            rhy: 0.240388780832
            roc: 0.388254761696
            spe: 0.00580583512783
        probability: 0.388254761696
        value: "roc"
    genre_tzanetakis:
        all:
            blu: 0.0140274157748
            cla: 0.0109973419458
            cou: 0.326293617487
            dis: 0.141429722309
            hip: 0.0121413199231
            jaz: 0.00908498186618
            met: 0.00834843236953
            pop: 0.118327230215
            reg: 0.0968117490411
            roc: 0.262538194656
        probability: 0.326293617487
        value: "cou"
    live_studio:
        all:
            live: 0.00949864462018
            studio: 0.990501344204
        probability: 0.990501344204
        value: "studio"
    mood:
        all:
            Cluster1: 0.195098608732
            Cluster2: 0.156885683537
            Cluster3: 0.54652351141
            Cluster4: 0.0578148029745
            Cluster5: 0.0436773709953
        probability: 0.54652351141
        value: "Cluster3"
    mood_acoustic:
        all:
            acoustic: 0.230243355036
            not_acoustic: 0.769756615162
        probability: 0.769756615162
        value: "not_acoustic"
    mood_aggressive:
        all:
            aggressive: 0.0169035252184
            not_aggressive: 0.98309648037
        probability: 0.98309648037
        value: "not_aggressive"
    mood_electronic:
        all:
            electronic: 0.393574655056
            not_electronic: 0.606425344944
        probability: 0.606425344944
        value: "not_electronic"
    mood_happy:
        all:
            happy: 0.519402980804
            not_happy: 0.480597048998
        probability: 0.519402980804
        value: "happy"
    mood_party:
        all:
            not_party: 0.838910102844
            party: 0.161089912057
        probability: 0.838910102844
        value: "not_party"
    mood_relaxed:
        all:
            not_relaxed: 0.249021694064
            relaxed: 0.750978291035
        probability: 0.750978291035
        value: "relaxed"
    mood_sad:
        all:
            not_sad: 0.385410249233
            sad: 0.614589750767
        probability: 0.614589750767
        value: "sad"
    rhythm:
        all:
            fast: 0.600154280663
            medium: 0.339845865965
            slow: 0.0599998682737
        probability: 0.600154280663
        value: "fast"
    speech_music:
        all:
            music: 0.999939978123
            speech: 6.00303028477e-05
        probability: 0.999939978123
        value: "music"
    timbre:
        all:
            bright: 0.132107079029
            dark: 0.867892920971
        probability: 0.867892920971
        value: "dark"
    voice_instrumental:
        all:
            instrumental: 0.0174766052514
            voice: 0.98252338171
        probability: 0.98252338171
        value: "voice"

lowlevel:
    average_loudness: 0.974309444427
    barkbands_kurtosis:
        dmean: 0.962853193283
        dmean2: 1.51452434063
        dvar: 2.35640335083
        dvar2: 5.84813547134
        max: 12.8507547379
        mean: 0.399435847998
        min: -1.70202934742
        var: 4.16526603699
    barkbands_skewness:
        dmean: 0.332255721092
        dmean2: 0.489165753126
        dvar: 0.131002515554
        dvar2: 0.294652938843
        max: 2.94303607941
        mean: 0.818801164627
        min: -1.0891160965
        var: 0.493967652321
    barkbands_spread:
        dmean: 4.08063840866
        dmean2: 5.9950170517
        dvar: 19.8529472351
        dvar2: 40.624382019
        max: 46.0786476135
        mean: 22.6630744934
        min: 4.92810630798
        var: 78.8576812744
    dissonance:
        dmean: 0.027701517567
        dmean2: 0.0459133386612
        dvar: 0.00063998560654
        dvar2: 0.00151934439782
        max: 0.499899923801
        mean: 0.447548419237
        min: 0.192009732127
        var: 0.00140040274709
    hfc:
        dmean: 1.68850195408
        dmean2: 2.37427282333
        dvar: 9.98591995239
        dvar2: 24.8195362091
        max: 41.6892051697
        mean: 5.41563129425
        min: 0.0711082965136
        var: 20.978553772
    pitch:
        dmean: 132.303039551
        dmean2: 252.063079834
        dvar: 277319.8125
        dvar2: 674479.9375
        max: 5512.5
        mean: 349.646728516
        min: 82.4299087524
        var: 337985.78125
    pitch_instantaneous_confidence:
        dmean: 0.0815673321486
        dmean2: 0.121258072555
        dvar: 0.00608692457899
        dvar2: 0.0133108906448
        max: 0.806557774544
        mean: 0.510463953018
        min: 0.164185941219
        var: 0.0181108172983
    pitch_salience:
        dmean: 0.0603676624596
        dmean2: 0.0965172946453
        dvar: 0.00351582327858
        dvar2: 0.00821108929813
        max: 0.779780387878
        mean: 0.543776988983
        min: 0.311561763287
        var: 0.00848130974919
    silence_rate_20dB:
        dmean: 0
        dmean2: 0
        dvar: 0
        dvar2: 0
        max: 1
        mean: 1
        min: 1
        var: 0
    silence_rate_30dB:
        dmean: 0
        dmean2: 0
        dvar: 0
        dvar2: 0
        max: 1
        mean: 1
        min: 1
        var: 0
    silence_rate_60dB:
        dmean: 0.106481485069
        dmean2: 0.211136892438
        dvar: 0.0951432138681
        dvar2: 0.1804792732
        max: 1
        mean: 0.242494225502
        min: 0
        var: 0.183690130711
    spectral_centroid:
        dmean: 173.547515869
        dmean2: 248.55632019
        dvar: 38139.4101562
        dvar2: 80081.984375
        max: 2600.96484375
        mean: 994.947509766
        min: 280.970550537
        var: 164465.609375
    spectral_complexity:
        dmean: 2.15545248985
        dmean2: 3.24418616295
        dvar: 4.86447000504
        dvar2: 8.08223056793
        max: 28
        mean: 11.7962961197
        min: 0
        var: 21.6807079315
    spectral_crest:
        dmean: 1.76613235474
        dmean2: 2.9023911953
        dvar: 2.83869576454
        dvar2: 7.33070087433
        max: 17.228143692
        mean: 7.89022254944
        min: 3.33033919334
        var: 6.91406536102
    spectral_decrease:
        dmean: 3.24972548871e-10
        dmean2: 4.88399376497e-10
        dvar: 1.97272830872e-19
        dvar2: 4.52316679508e-19
        max: -1.20459623179e-11
        mean: -1.23830778964e-09
        min: -4.23452251042e-09
        var: 3.95750682951e-19
    spectral_energy:
        dmean: 0.00135082250927
        dmean2: 0.00201528077014
        dvar: 3.49550828105e-06
        dvar2: 8.03490183898e-06
        max: 0.0195657331496
        mean: 0.005164868664
        min: 5.19136301591e-05
        var: 7.24138817532e-06
    spectral_energyband_high:
        dmean: 8.0597033957e-05
        dmean2: 0.000116048431664
        dvar: 3.49889468509e-08
        dvar2: 7.89790419731e-08
        max: 0.00277558504604
        mean: 0.000121996687085
        min: 2.02279835548e-07
        var: 5.54328600799e-08
    spectral_energyband_low:
        dmean: 0.000266814313363
        dmean2: 0.000457878282759
        dvar: 2.75375128922e-07
        dvar2: 7.32378737212e-07
        max: 0.00413641892374
        mean: 0.000487656128826
        min: 7.8444884366e-07
        var: 3.00402774656e-07
    spectral_energyband_middle_high:
        dmean: 0.00052234478062
        dmean2: 0.000779803318437
        dvar: 1.1360341432e-06
        dvar2: 2.80077847492e-06
        max: 0.0152342943475
        mean: 0.0017848953139
        min: 4.20978758484e-05
        var: 2.3841591883e-06
    spectral_energyband_middle_low:
        dmean: 0.000924121937715
        dmean2: 0.00145218800753
        dvar: 1.63902006989e-06
        dvar2: 4.0852632992e-06
        max: 0.0125730456784
        mean: 0.00277030584402
        min: 7.33198339731e-06
        var: 2.72913371191e-06
    spectral_flatness_db:
        dmean: 0.0204983707517
        dmean2: 0.0307306274772
        dvar: 0.000478585541714
        dvar2: 0.000937568023801
        max: 0.322155237198
        mean: 0.185822233558
        min: 0.0883167088032
        var: 0.00174863345455
    spectral_flux:
        dmean: 0.0102716255933
        dmean2: 0.0153173347935
        dvar: 0.000130789456307
        dvar2: 0.000242321679252
        max: 0.128504380584
        mean: 0.0347945019603
        min: 0.00661546504125
        var: 0.000367316184565
    spectral_kurtosis:
        dmean: 4.26010704041
        dmean2: 6.90785694122
        dvar: 29.8389511108
        dvar2: 60.2259483337
        max: 82.7524642944
        mean: 9.02572345734
        min: -0.170378923416
        var: 75.6295013428
    spectral_rms:
        dmean: 0.000278017570963
        dmean2: 0.000401586323278
        dvar: 1.17009875567e-07
        dvar2: 2.42870896727e-07
        max: 0.00436904095113
        mean: 0.00217433832586
        min: 0.000225049865548
        var: 3.11148539822e-07
    spectral_rolloff:
        dmean: 445.152801514
        dmean2: 719.609436035
        dvar: 394732.65625
        dvar2: 737874.875
        max: 5017.23632812
        mean: 1937.63952637
        min: 430.6640625
        var: 1091781.875
    spectral_skewness:
        dmean: 0.409879744053
        dmean2: 0.65424066782
        dvar: 0.183749169111
        dvar2: 0.370593070984
        max: 6.80396127701
        mean: 2.00186753273
        min: 0.568437635899
        var: 0.63299280405
    spectral_spread:
        dmean: 657901.125
        dmean2: 870960.875
        dvar: 682968612864
        dvar2: 1.18914337997e+12
        max: 9603864
        mean: 3491530
        min: 1119642.125
        var: 2.80771192422e+12
    spectral_strongpeak:
        dmean: 0.337603121996
        dmean2: 0.584485650063
        dvar: 0.364731997252
        dvar2: 0.948452591896
        max: 5.78841209412
        mean: 0.668783724308
        min: 0.0360100977123
        var: 0.458252966404
    zerocrossingrate:
        dmean: 0.00735707301646
        dmean2: 0.00849268678576
        dvar: 5.36177067261e-05
        dvar2: 6.2419421738e-05
        max: 0.12646484375
        mean: 0.0592210553586
        min: 0.02001953125
        var: 0.000411233311752
    barkbands:
        dmean: [2.15550841176e-07, 3.30323127855e-05, 0.000245478353463, 0.000318801117828, 0.000316084973747, 0.000173551918124, 0.000333229341777, 0.00018567215011, 0.000121938806842, 6.9392612204e-05, 0.00012891239021, 3.55731535819e-05, 4.00795543101e-05, 0.000108508815174, 3.32588024321e-05, 5.70872762182e-05, 9.21503815334e-05, 0.000137826325954, 0.000107961699541, 0.000125879654661, 2.24211926252e-05, 1.13988053272e-05, 3.45079388353e-06, 1.07129528715e-06, 4.375628464e-07, 1.69050888843e-08, 3.86275400555e-10]
        dmean2: [3.24197515056e-07, 5.27488591615e-05, 0.000425779348006, 0.000523774244357, 0.000525938230567, 0.00028258599923, 0.000547049450688, 0.00030130869709, 0.000181129391422, 0.000104852464574, 0.000173366279341, 5.97887446929e-05, 6.2323801103e-05, 0.000174101020093, 5.06576616317e-05, 8.4806139057e-05, 0.00014245598868, 0.000199078567675, 0.000168149941601, 0.000179151204065, 3.58481192961e-05, 1.73523385456e-05, 5.31839032192e-06, 1.59015803547e-06, 6.60554746901e-07, 2.46889406696e-08, 5.66927782497e-10]
        dvar: [3.10872855236e-13, 2.95183433252e-09, 2.38190139612e-07, 3.46494033465e-07, 2.78652521501e-07, 1.3049313452e-07, 3.22792573115e-07, 1.11965796634e-07, 4.99931473996e-08, 1.69376459525e-08, 4.42337828588e-08, 2.15772359979e-08, 9.29347976353e-09, 1.28863149484e-07, 4.56865789644e-09, 1.11224904842e-08, 8.11641669429e-08, 5.54554659971e-08, 1.54791521823e-07, 1.00759898203e-07, 2.04404360105e-09, 6.20618667568e-10, 6.99627231149e-11, 6.42753992391e-12, 7.07076975096e-13, 1.94057810491e-15, 6.53091064141e-18]
        dvar2: [3.80816499211e-13, 7.54838325179e-09, 6.35878166122e-07, 8.51017887271e-07, 7.17896512015e-07, 3.44624879745e-07, 8.6641193775e-07, 3.02282359144e-07, 1.1129992572e-07, 3.93497678886e-08, 8.81294326405e-08, 5.965144112e-08, 1.78759300695e-08, 3.4166447449e-07, 1.17340848149e-08, 2.47288252098e-08, 2.02032211405e-07, 1.17515639886e-07, 4.409210419e-07, 2.21791054855e-07, 4.66951233236e-09, 1.23240628813e-09, 1.5190014524e-10, 1.31955167279e-11, 1.50137942443e-12, 3.6024163016e-15, 6.73010524549e-18]
        max: [1.13043724923e-05, 0.000640036712866, 0.00379114458337, 0.00459446338937, 0.00478656822816, 0.00302363024093, 0.00695558264852, 0.0040530776605, 0.00229356298223, 0.00150336953811, 0.00224775075912, 0.00219480786473, 0.00130498292856, 0.00563188362867, 0.000819311942905, 0.00125561980531, 0.0045703612268, 0.00259736413136, 0.00588809978217, 0.00341652077623, 0.000447347440058, 0.000354192685336, 0.000105861370685, 3.30055190716e-05, 9.46745967667e-06, 6.72160922477e-07, 5.28007113587e-08]
        mean: [1.4357051441e-06, 7.48327947804e-05, 0.000411409448134, 0.000500016554724, 0.000693211099133, 0.000190024176845, 0.000746022793464, 0.000378960714443, 0.000233218073845, 0.000152305918164, 0.000330274662701, 5.17196967849e-05, 8.6946914962e-05, 0.00026888443972, 5.83667861065e-05, 0.000100920871773, 0.000155142915901, 0.000281910673948, 0.00019897473976, 0.00019654132484, 2.77670478681e-05, 1.82697567652e-05, 5.49895730728e-06, 1.66127267676e-06, 5.3429170066e-07, 2.45727598269e-08, 4.38254127433e-10]
        min: [9.79372405396e-09, 2.34902756802e-07, 3.56629470843e-07, 3.87473903629e-07, 1.95690091687e-07, 1.71067298993e-07, 3.84891279737e-07, 1.27749785861e-06, 4.7996622925e-06, 6.40087591819e-07, 1.1444641359e-06, 1.14561167663e-07, 2.76611649497e-06, 1.04018704405e-06, 1.25890164782e-06, 4.2037477499e-08, 7.73039914748e-07, 5.94062328219e-07, 9.69454276856e-07, 3.23157792081e-07, 3.78921818367e-08, 1.14946114849e-08, 1.76695147402e-09, 5.01694130683e-10, 1.74370115569e-10, 1.12981464462e-11, 3.21433797548e-13]
        var: [2.28070188603e-12, 5.08908426511e-09, 2.66237435653e-07, 4.03374372127e-07, 6.63891967179e-07, 1.15048202076e-07, 3.77761523396e-07, 1.5616697624e-07, 1.21359505556e-07, 6.90640291623e-08, 1.48986785575e-07, 1.81565535939e-08, 2.69525770591e-08, 1.61364638984e-07, 8.51748183095e-09, 3.04424823128e-08, 9.18102216474e-08, 1.55723100193e-07, 1.41021658351e-07, 1.96703894062e-07, 2.51965603937e-09, 1.80423709306e-09, 2.08347755715e-10, 1.77192514134e-11, 1.0765426094e-12, 4.31761619391e-15, 6.67748704596e-18]
    mfcc:
        mean: [-742.241882324, 165.946548462, -52.6904983521, 48.7421875, -13.1370258331, -12.1014547348, -4.82917833328, 1.98783123493, -10.6883735657, 4.03304672241, 3.5736246109, -6.77044296265, -4.24062681198]
        cov: [[2956.9753418, -1892.53601074, 624.510559082, -70.2642059326, -208.055740356, 210.033554077, -83.0984268188, -56.5646057129, -39.6872825623, -119.047073364, -69.9573898315, -22.6528186798, -76.9347686768], [-1892.53601074, 1843.60217285, -704.873535156, 155.716949463, 173.857818604, -224.297103882, 133.282806396, 96.6259002686, -25.0057868958, 84.3204727173, -65.0348587036, -48.5899124146, 85.6707077026], [624.510559082, -704.873535156, 880.217102051, -174.870544434, -88.5540237427, 212.582138062, -127.044494629, -108.968429565, 83.1171417236, -58.6535491943, 27.6761569977, 26.8726272583, -57.6503410339], [-70.2642059326, 155.716949463, -174.870544434, 244.721740723, 79.8776550293, -82.6556777954, 20.6069164276, 9.13621902466, -15.6972064972, -1.58413338661, -45.8725624084, 13.53428936, 37.836151123], [-208.055740356, 173.857818604, -88.5540237427, 79.8776550293, 226.553237915, -31.5755958557, -53.2530097961, 5.44845342636, 46.0399551392, 0.140176653862, -28.699382782, 4.94429636002, 35.8175010681], [210.033554077, -224.297103882, 212.582138062, -82.6556777954, -31.5755958557, 229.682556152, -6.70713090897, -2.82895231247, 53.1139259338, -17.0833454132, -2.17127156258, 9.34615039825, -23.0571861267], [-83.0984268188, 133.282806396, -127.044494629, 20.6069164276, -53.2530097961, -6.70713090897, 186.201644897, 34.8365745544, -25.0042457581, -2.29620981216, -16.5414009094, -24.1240272522, -0.668894410133], [-56.5646057129, 96.6259002686, -108.968429565, 9.13621902466, 5.44845342636, -2.82895231247, 34.8365745544, 108.053718567, -24.1828670502, -1.43181085587, -26.8606624603, -22.7572250366, 19.2412567139], [-39.6872825623, -25.0057868958, 83.1171417236, -15.6972064972, 46.0399551392, 53.1139259338, -25.0042457581, -24.1828670502, 147.481369019, -2.46232867241, 2.88470435143, 30.5512428284, 2.78948807716], [-119.047073364, 84.3204727173, -58.6535491943, -1.58413338661, 0.140176653862, -17.0833454132, -2.29620981216, -1.43181085587, -2.46232867241, 83.2221221924, 35.234172821, -5.73234891891, -20.6070919037], [-69.9573898315, -65.0348587036, 27.6761569977, -45.8725624084, -28.699382782, -2.17127156258, -16.5414009094, -26.8606624603, 2.88470435143, 35.234172821, 139.689971924, 29.4228191376, -45.1669616699], [-22.6528186798, -48.5899124146, 26.8726272583, 13.53428936, 4.94429636002, 9.34615039825, -24.1240272522, -22.7572250366, 30.5512428284, -5.73234891891, 29.4228191376, 96.4278564453, 35.1735458374], [-76.9347686768, 85.6707077026, -57.6503410339, 37.836151123, 35.8175010681, -23.0571861267, -0.668894410133, 19.2412567139, 2.78948807716, -20.6070919037, -45.1669616699, 35.1735458374, 111.688819885]]
        icov: [[0.00124030420557, 0.00135846878402, 0.000117521100037, -0.000379442150006, 0.000316615682095, -5.09499222971e-05, -5.62900504519e-06, -3.10558389174e-05, 0.000243269489147, 8.82976237335e-05, 0.00109068234451, 0.000503325311001, 0.000187592362636], [0.00135846878402, 0.00238397857174, 0.000612361880485, -0.000260461849393, -0.000128357249196, 0.00030533070094, -0.000436779984739, -7.05184938852e-05, 3.71021014871e-05, -0.00057878770167, 0.00141377630644, 0.000821706547868, -0.0001695844403], [0.000117521100037, 0.000612361880485, 0.00248911674134, 0.000669632456265, 0.00052434502868, -0.00123663002159, 0.00106326281093, 0.00157352047972, -0.000537301762961, 0.00103326095268, 0.000340569909895, 0.000326319364831, 0.000220065499889], [-0.000379442150006, -0.000260461849393, 0.000669632456265, 0.00629195664078, -0.00205103796907, 0.00142366241198, -0.000930132286157, 0.000663344399072, 0.000667789252475, -0.000259438762441, 0.00194193061907, -0.00238504470326, 0.000456252106233], [0.000316615682095, -0.000128357249196, 0.00052434502868, -0.00205103796907, 0.00705031538382, -0.0001643406722, 0.00276934192516, -0.00019485282246, -0.00246759038419, 0.000586260866839, 0.000217468332266, 0.00164967693854, -0.0012245021062], [-5.09499222971e-05, 0.00030533070094, -0.00123663002159, 0.00142366241198, -0.0001643406722, 0.00687291100621, -0.00101290759631, -0.00175991619471, -0.00177096843254, -0.000221483744099, 0.00124419631902, -0.00134943262674, 0.00131027272437], [-5.62900504519e-06, -0.000436779984739, 0.00106326281093, -0.000930132286157, 0.00276934192516, -0.00101290759631, 0.00757091958076, -0.000857253035065, -0.000411001674365, 0.0012656475883, -3.3811385947e-05, 0.00145345064811, 6.32737137494e-05], [-3.10558389174e-05, -7.05184938852e-05, 0.00157352047972, 0.000663344399072, -0.00019485282246, -0.00175991619471, -0.000857253035065, 0.0124968895689, 0.00125586451031, 0.000329292146489, 0.00066528050229, 0.00262276106514, -0.00236623245291], [0.000243269489147, 3.71021014871e-05, -0.000537301762961, 0.000667789252475, -0.00246759038419, -0.00177096843254, -0.000411001674365, 0.00125586451031, 0.00934094842523, -0.000531834200956, 0.000957233889494, -0.00296279345639, 0.000831206212752], [8.82976237335e-05, -0.00057878770167, 0.00103326095268, -0.000259438762441, 0.000586260866839, -0.000221483744099, 0.0012656475883, 0.000329292146489, -0.000531834200956, 0.0155980149284, -0.00388825521804, 0.00153299723752, 0.00167912396137], [0.00109068234451, 0.00141377630644, 0.000340569909895, 0.00194193061907, 0.000217468332266, 0.00124419631902, -3.3811385947e-05, 0.00066528050229, 0.000957233889494, -0.00388825521804, 0.01322387252, -0.0060564451851, 0.00577084580436], [0.000503325311001, 0.000821706547868, 0.000326319364831, -0.00238504470326, 0.00164967693854, -0.00134943262674, 0.00145345064811, 0.00262276106514, -0.00296279345639, 0.00153299723752, -0.0060564451851, 0.0180990323424, -0.00835013855249], [0.000187592362636, -0.0001695844403, 0.000220065499889, 0.000456252106233, -0.0012245021062, 0.00131027272437, 6.32737137494e-05, -0.00236623245291, 0.000831206212752, 0.00167912396137, 0.00577084580436, -0.00835013855249, 0.0154954185709]]
    spectral_contrast:
        mean: [8.41122229644e-08, -8.04731712378e-08, -8.00937414169e-08, 3.72706352891e-07, -2.06926074497e-07, 4.15197405346e-07, -1.43237411976e-06, 3.72942963622e-07, -7.59269369155e-07, 1.61360264883e-06, -4.79734580949e-07, 2.09720042221e-06]
        var: [0.00101329479367, 0.00130094646011, 0.00178490963299, 0.0030997202266, 0.00519244652241, 0.00564874894917, 0.0917349681258, 0.117522783577, 0.164735108614, 0.279448539019, 0.441143095493, 2.19970798492]

rhythm:
    beats_loudness:
        dmean: 0.00368423759937
        dmean2: 0.00636907992885
        dvar: 4.49817162007e-06
        dvar2: 1.6893594875e-05
        max: 0.0115690082312
        mean: 0.00720834033564
        min: 0.00238835555501
        var: 6.7251908149e-06
    beats_loudness_bass:
        dmean: 0.271636903286
        dmean2: 0.525764882565
        dvar: 0.0228355657309
        dvar2: 0.0813873559237
        max: 0.555057525635
        mean: 0.210883259773
        min: 0.000610491144471
        var: 0.0298651512712
    bpm: 118.857933044
    bpm_confidence: 0
    first_peak_bpm: 119
    first_peak_spread: 0
    first_peak_weight: 0.944444417953
    onset_rate: 4.18701171875
    second_peak_bpm: 74
    second_peak_spread: 0
    second_peak_weight: 0.0555555559695
    beats_position: [0.381166279316, 0.886510491371, 1.39185464382, 1.89719879627, 2.40254306793, 2.90788722038, 3.41323113441, 3.91857552528, 4.42392015457, 4.92926454544, 5.43460893631, 6.24683237076, 6.75104951859, 7.25526618958, 7.75948381424, 8.26370048523, 8.76791763306, 9.27213478088, 9.77635192871]
    bpm_estimates: [118.528648376, 118.583335876, 118.854034424, 118.663986206, 117.823059082, 118.956520081, 120.004295349, 118.415000916, 118.772239685, 119.089584351, 118.950973511, 120.07723999, 118.67616272, 119.052955627, 118.572189331, 118.836341858, 118.728393555]
    bpm_intervals: [0.505344212055, 0.505344152451, 0.505344152451, 0.50534427166, 0.505344152451, 0.505343914032, 0.505344390869, 0.505344629288, 0.505344390869, 0.505344390869, 0.812223434448, 0.504217147827, 0.50421667099, 0.504217624664, 0.50421667099, 0.504217147827, 0.504217147827, 0.504217147827]
    onset_times: [0.0348299331963, 0.127709746361, 0.394739240408, 0.510838985443, 0.615328788757, 0.882358253002, 1.14938771725, 1.39319729805, 1.67183673382, 1.91564631462, 2.17106580734, 2.40326523781, 2.62385487556, 2.67029476166, 2.93732428551, 3.19274377823, 3.29723358154, 3.3785033226, 3.77324271202, 3.95900225639, 4.21442174911, 4.446621418, 4.69043064117, 4.94585037231, 5.44507932663, 6.00235843658, 6.19972801208, 6.23455762863, 6.48997735977, 6.74539661407, 6.9543762207, 7.25623559952, 7.51165533066, 7.7670750618, 8.03410434723, 8.27791404724, 8.53333377838, 8.66104316711, 8.76553249359, 8.99773216248, 9.52018165588, 9.79882049561]
    rubato_start: []
    rubato_stop: []
    perceptual_tempo: "unknown"

sfx:
    inharmonicity:
        dmean: 0.0362494513392
        dmean2: 0.0645870938897
        dvar: 0.0024874988012
        dvar2: 0.00704397447407
        max: 0.364864766598
        mean: 0.0335674621165
        min: 0
        var: 0.00251569342799
    oddtoevenharmonicenergyratio:
        dmean: 1.65353953838
        dmean2: 3.14102125168
        dvar: 31.4405097961
        dvar2: 92.3283996582
        max: 72.0587539673
        mean: 1.13597762585
        min: 0
        var: 16.916519165
    pitch_after_max_to_before_max_energy_ratio: 0.451512992382
    pitch_centroid: 209.202560425
    pitch_max_to_total: 0.513888895512
    pitch_min_to_total: 0.592592597008
    tristimulus:
        dmean: [0.229546323419, 0.229321911931, 0.0833243504167]
        dmean2: [0.396190404892, 0.392519682646, 0.146065503359]
        dvar: [0.0415590517223, 0.0387247167528, 0.00797132588923]
        dvar2: [0.114230930805, 0.107008956373, 0.0228155627847]
        max: [1, 0.92990219593, 0.582311570644]
        mean: [0.499640703201, 0.39996394515, 0.0805879756808]
        min: [0.00974680203944, 0, 0]
        var: [0.0692808628082, 0.0611054673791, 0.00922864768654]

tonal:
    chords_changes_rate: 0.0368663594127
    chords_number_rate: 0.0184331797063
    chords_strength:
        dmean: 0.00642184633762
        dmean2: 0.00512100942433
        dvar: 2.73406985798e-05
        dvar2: 1.84649470611e-05
        max: 0.656109154224
        mean: 0.544366359711
        min: 0.42938631773
        var: 0.00262734829448
    key_strength: 0.743117451668
    tuning_diatonic_strength: 0.587745726109
    tuning_equal_tempered_deviation: 0.0749354436994
    tuning_frequency: 442.293365479
    tuning_nontempered_energy_ratio: 0.633322179317
    hpcp:
        dmean: [0.0880442559719, 0.0829004943371, 0.071140088141, 0.0715087726712, 0.106156550348, 0.15018928051, 0.170328006148, 0.188576951623, 0.119869984686, 0.0750811994076, 0.0434347242117, 0.0439624488354, 0.0904679596424, 0.0785509869456, 0.0469394847751, 0.0512627996504, 0.069996073842, 0.0894848629832, 0.10945905745, 0.146931767464, 0.162183687091, 0.134393960238, 0.0917944610119, 0.0461053326726, 0.0562702193856, 0.0822510123253, 0.0815320089459, 0.0735010504723, 0.102664597332, 0.0878392383456, 0.0892033204436, 0.0692743584514, 0.0884627699852, 0.123822748661, 0.120986558497, 0.106566570699]
        dmean2: [0.153113871813, 0.149717032909, 0.121601633728, 0.125953614712, 0.187979981303, 0.268295735121, 0.300980210304, 0.342871516943, 0.214768797159, 0.134450107813, 0.0808739066124, 0.071457400918, 0.140525504947, 0.127125814557, 0.0754858851433, 0.0932026058435, 0.12989680469, 0.155677035451, 0.184456467628, 0.257216900587, 0.283115446568, 0.227948829532, 0.158415570855, 0.0804876163602, 0.0963813140988, 0.13595123589, 0.141242712736, 0.119524419308, 0.171608403325, 0.136911779642, 0.137192860246, 0.116187803447, 0.139593392611, 0.197477385402, 0.203857511282, 0.178121954203]
        dvar: [0.0163628775626, 0.0244796276093, 0.0198324583471, 0.0175962019712, 0.037450671196, 0.0283062197268, 0.0427858494222, 0.0412287712097, 0.0423063710332, 0.0236883927137, 0.0113792996854, 0.00466995034367, 0.0207369104028, 0.0211358685046, 0.00993942376226, 0.0149058811367, 0.0255738068372, 0.0272899270058, 0.0291278790683, 0.0446244962513, 0.0504748895764, 0.0309505965561, 0.0196484215558, 0.00813141465187, 0.0137253273278, 0.0252336002886, 0.0249057915062, 0.0143104447052, 0.0229618232697, 0.0140138464049, 0.0234095659107, 0.0152598656714, 0.0180950369686, 0.0202233511955, 0.022251162678, 0.0267697907984]
        dvar2: [0.043043140322, 0.0642767250538, 0.0512543022633, 0.0485414862633, 0.100789353251, 0.0718087404966, 0.107738897204, 0.122579060495, 0.107248276472, 0.062542758882, 0.0290662795305, 0.0130650727078, 0.0521892867982, 0.0484019331634, 0.0207203626633, 0.0429177097976, 0.0732005760074, 0.073857203126, 0.0766986757517, 0.125154927373, 0.148637861013, 0.0845382064581, 0.0479162819684, 0.0257377885282, 0.0387774184346, 0.069275893271, 0.0719755887985, 0.0365809239447, 0.0627093687654, 0.0278484337032, 0.041436560452, 0.0316243208945, 0.0434039570391, 0.0446577817202, 0.0537391453981, 0.0600288063288]
        max: [0.793834745884, 1, 1, 1, 1, 1, 1, 1, 1, 0.769387483597, 0.644333779812, 0.449199467897, 1, 1, 1, 1, 1, 1, 1, 1, 1, 1, 1, 0.545192778111, 1, 1, 1, 1, 1, 0.881914377213, 1, 1, 1, 1, 1, 1]
        mean: [0.139527380466, 0.105303168297, 0.0852581486106, 0.0777583122253, 0.0935039892793, 0.437334656715, 0.819512307644, 0.497681409121, 0.105584025383, 0.0676676034927, 0.0384226664901, 0.0599934235215, 0.130150318146, 0.118488281965, 0.0587884373963, 0.0425554439425, 0.0503902211785, 0.0798681080341, 0.121624186635, 0.145003736019, 0.195300787687, 0.241131231189, 0.150771871209, 0.0497579313815, 0.0610475316644, 0.0868273675442, 0.129080489278, 0.207506939769, 0.177302896976, 0.144899770617, 0.159287154675, 0.105752207339, 0.151973471045, 0.23967730999, 0.191072791815, 0.151391610503]
        min: [0.000202036608243, 0.00113566336222, 0.00102677824907, 0.00172117771581, 0.000308168877382, 0.0387897752225, 0.0791571736336, 0.0308435540646, 0.000778413610533, 0.00026303427876, 0.000346155517036, 0.000475777807878, 0.00305516831577, 0.00224471953698, 0.00018262003141, 8.22994916234e-05, 0, 0.000283282133751, 0.000386455649277, 0.000610513438005, 0.00287183700129, 0.00220806687139, 0.00098423322197, 0.00143248040695, 0.000497431610711, 0.000327461748384, 0.00174273981247, 0.00374788790941, 0.000978576717898, 0.00145375658758, 0.000182843723451, 0.000716612965334, 0.00114150217269, 0.00407211575657, 0.0031286966987, 0.000288285838906]
        var: [0.0360531210899, 0.0319638811052, 0.026892175898, 0.0142855392769, 0.0287615675479, 0.0328885875642, 0.059955496341, 0.0384833291173, 0.0378353968263, 0.0216051898897, 0.00931286066771, 0.00567256612703, 0.0315583348274, 0.0306112933904, 0.0141087453812, 0.00904914457351, 0.0162349753082, 0.0219372455031, 0.0333544015884, 0.0456376969814, 0.0568519644439, 0.0652323439717, 0.026293117553, 0.0055890167132, 0.0111953485757, 0.021225463599, 0.0362694784999, 0.0896910279989, 0.0578184425831, 0.0346266403794, 0.0643410757184, 0.0234316326678, 0.0278662387282, 0.0582501105964, 0.0391532965004, 0.0475381426513]
    chords_histogram: [56.6820259094, 0, 11.0599079132, 0, 0, 0, 0, 0, 0, 0, 0, 0, 0, 0, 0, 0, 0, 26.2672805786, 0, 5.99078321457, 0, 0, 0, 0]
    thpcp: [1, 0.607289731503, 0.128837630153, 0.0825705751777, 0.0468847937882, 0.0732062533498, 0.158814355731, 0.144583895802, 0.071735881269, 0.051927767694, 0.061488058418, 0.0974580943584, 0.148410439491, 0.176939055324, 0.238313421607, 0.294237464666, 0.183977559209, 0.0607165135443, 0.0744925141335, 0.105950050056, 0.157508909702, 0.253207832575, 0.21635171771, 0.176812201738, 0.194368228316, 0.129042848945, 0.185443788767, 0.292463332415, 0.233154267073, 0.184733778238, 0.170256599784, 0.128494918346, 0.104035228491, 0.0948836430907, 0.114097110927, 0.533652305603]
    chords_key: "E"
    chords_scale: "major"
    key_key: "E"
    key_scale: "major"
    chords_progression: ["Em", "Em", "Em", "Em", "Em", "Em", "Em", "Em", "Em", "Em", "Em", "Em", "Em", "Em", "Em", "Em", "Em", "Em", "E", "E", "E", "E", "E", "E", "E", "E", "E", "E", "E", "E", "E", "E", "E", "E", "E", "E", "E", "E", "E", "E", "E", "E", "E", "E", "E", "E", "E", "E", "E", "E", "E", "E", "E", "E", "E", "E", "E", "E", "E", "E", "E", "E", "E", "Em", "Em", "Em", "Em", "Em", "Em", "Em", "Em", "Em", "Em", "B", "B", "B", "B", "Bm", "Bm", "Bm", "Bm", "Bm", "Bm", "Bm", "Bm", "Bm", "Bm", "Bm", "Bm", "Bm", "B", "B", "B", "B", "B", "B", "B", "B", "B", "B", "B", "B", "B", "B", "B", "B", "B", "B", "B", "B", "E", "E", "E", "E", "E", "E", "E", "E", "E", "E", "E", "E", "E", "E", "E", "E", "E", "E", "E", "E", "E", "E", "E", "E", "E", "E", "E", "E", "E", "E", "E", "E", "E", "E", "E", "E", "E", "E", "E", "E", "E", "E", "E", "E", "E", "E", "Em", "Em", "Em", "Em", "Em", "Em", "Em", "Em", "Em", "Em", "Em", "Em", "Em", "Em", "Em", "Em", "Em", "Em", "Em", "Em", "Em", "Em", "Em", "Em", "Em", "Em", "Em", "Em", "Em", "E", "E", "E", "E", "E", "E", "E", "E", "E", "E", "E", "E", "E", "E", "E", "E", "E", "E", "E", "E", "E", "E", "E", "E", "E", "E", "E", "E", "E", "E", "E", "E"]
