
metadata:
    version:
        essentia: "1.2.2"
    audio_properties:
        analysis_sample_rate: 44100
        bitrate: 128
        channels: 2
        equal_loudness: 1
        length: 10.0048980713
        replay_gain: -14.8621711731
        downmix: "mix"
    tags:
        track: 34
        year: 0
        album: "Splitted by Mp3Splt v. 2.1"
        artist: "From 005.30 To 005.40"
        comment: "http://mp3splt.sf.net"
        genre: ""
        title: "04 Inertia Creeps.mp3"

highlevel:
    ballroom:
        all:
            ChaChaCha: 0.154146522284
            Jive: 0.374932199717
            Quickstep: 0.0902735888958
            Rumba-American: 0.00125927932095
            Rumba-International: 0.00817852746695
            Rumba-Misc: 0.0020193643868
            Samba: 0.364266246557
            Tango: 0.00182164972648
            VienneseWaltz: 0.00185320584569
            Waltz: 0.00124942930415
        probability: 0.374932199717
        value: "Jive"
    culture:
        all:
            non_western: 0.0119742238894
            western: 0.988025784492
        probability: 0.988025784492
        value: "western"
    gender:
        all:
            female: 0.512170255184
            male: 0.487829744816
        probability: 0.512170255184
        value: "female"
    genre_dortmund:
        all:
            alternative: 0.169483929873
            blues: 0.00321526476182
            electronic: 0.255576342344
            folkcountry: 0.025326769799
            funksoulrnb: 0.00739004090428
            jazz: 0.0127909509465
            pop: 0.0635691732168
            raphiphop: 0.0154294157401
            rock: 0.447218120098
        probability: 0.447218120098
        value: "rock"
    genre_electronica:
        all:
            ambient: 0.0392007417977
            dnb: 0.61177945137
            house: 0.0099632544443
            techno: 0.0166399665177
            trance: 0.322416603565
        probability: 0.61177945137
        value: "dnb"
    genre_rosamerica:
        all:
            cla: 0.0173081550747
            dan: 0.135652989149
            hip: 0.0422449633479
            jaz: 0.0109162069857
            pop: 0.128008678555
            rhy: 0.0665375068784
            roc: 0.594531416893
            spe: 0.00480007007718
        probability: 0.594531416893
        value: "roc"
    genre_tzanetakis:
        all:
            blu: 0.00660414993763
            cla: 0.00759150180966
            cou: 0.0197212807834
            dis: 0.0942277833819
            hip: 0.0373559705913
            jaz: 0.0298957619816
            met: 0.239280089736
            pop: 0.335512667894
            reg: 0.0783401355147
            roc: 0.151470646262
        probability: 0.335512667894
        value: "pop"
    live_studio:
        all:
            live: 0.54078489542
            studio: 0.459215134382
        probability: 0.54078489542
        value: "live"
    mood:
        all:
            Cluster1: 0.293830692768
            Cluster2: 0.140344500542
            Cluster3: 0.125016629696
            Cluster4: 0.0532393753529
            Cluster5: 0.387568801641
        probability: 0.387568801641
        value: "Cluster5"
    mood_acoustic:
        all:
            acoustic: 0.00759001914412
            not_acoustic: 0.992410004139
        probability: 0.992410004139
        value: "not_acoustic"
    mood_aggressive:
        all:
            aggressive: 0.989682555199
            not_aggressive: 0.0103174671531
        probability: 0.989682555199
        value: "aggressive"
    mood_electronic:
        all:
            electronic: 0.903886795044
            not_electronic: 0.0961131900549
        probability: 0.903886795044
        value: "electronic"
    mood_happy:
        all:
            happy: 0.267684608698
            not_happy: 0.7323153615
        probability: 0.7323153615
        value: "not_happy"
    mood_party:
        all:
            not_party: 0.0974103212357
            party: 0.902589678764
        probability: 0.902589678764
        value: "party"
    mood_relaxed:
        all:
            not_relaxed: 0.909935534
            relaxed: 0.0900644883513
        probability: 0.909935534
        value: "not_relaxed"
    mood_sad:
        all:
            not_sad: 0.976033687592
            sad: 0.0239663291723
        probability: 0.976033687592
        value: "not_sad"
    rhythm:
        all:
            fast: 0.765831410885
            medium: 0.222087979317
            slow: 0.0120806293562
        probability: 0.765831410885
        value: "fast"
    speech_music:
        all:
            music: 0.996113419533
            speech: 0.00388657697476
        probability: 0.996113419533
        value: "music"
    timbre:
        all:
            bright: 0.0223942156881
            dark: 0.977605760098
        probability: 0.977605760098
        value: "dark"
    voice_instrumental:
        all:
            instrumental: 0.20536364615
            voice: 0.794636368752
        probability: 0.794636368752
        value: "voice"

lowlevel:
    average_loudness: 0.973393797874
    barkbands_kurtosis:
        dmean: 0.916416823864
        dmean2: 1.46666145325
        dvar: 1.62276780605
        dvar2: 3.8134663105
        max: 9.48071098328
        mean: -0.139417305589
        min: -1.79105770588
        var: 2.97815871239
    barkbands_skewness:
        dmean: 0.442745447159
        dmean2: 0.646058619022
        dvar: 0.163765668869
        dvar2: 0.327103465796
        max: 2.428855896
        mean: 0.217810332775
        min: -2.98279118538
        var: 0.974339544773
    barkbands_spread:
        dmean: 5.987388134
        dmean2: 9.51369762421
        dvar: 33.0618667603
        dvar2: 74.0985183716
        max: 62.8257980347
        mean: 32.0370635986
        min: 11.3932781219
        var: 85.786277771
    dissonance:
        dmean: 0.0115191275254
        dmean2: 0.0191958881915
        dvar: 0.000169024380739
        dvar2: 0.000360547419405
        max: 0.499999910593
        mean: 0.481695175171
        min: 0.313052862883
        var: 0.000255641702097
    hfc:
        dmean: 2.91871881485
        dmean2: 4.02656602859
        dvar: 40.441986084
        dvar2: 92.9082183838
        max: 75.0370941162
        mean: 7.00738811493
        min: 0.0160540826619
        var: 108.704048157
    pitch:
        dmean: 565.675964355
        dmean2: 1057.1427002
        dvar: 1270418.25
        dvar2: 2707294.25
        max: 5512.5
        mean: 1325.3659668
        min: 77.9151916504
        var: 3043344.75
    pitch_instantaneous_confidence:
        dmean: 0.0685888826847
        dmean2: 0.115178860724
        dvar: 0.00338077777997
        dvar2: 0.00824566930532
        max: 0.676349818707
        mean: 0.291645497084
        min: 0.113588094711
        var: 0.0108704455197
    pitch_salience:
        dmean: 0.0574270375073
        dmean2: 0.0926409214735
        dvar: 0.00207067630254
        dvar2: 0.00532732624561
        max: 0.827071905136
        mean: 0.706589281559
        min: 0.375794291496
        var: 0.00430891290307
    silence_rate_20dB:
        dmean: 0
        dmean2: 0
        dvar: 0
        dvar2: 0
        max: 1
        mean: 1
        min: 1
        var: 0
    silence_rate_30dB:
        dmean: 0
        dmean2: 0
        dvar: 0
        dvar2: 0
        max: 1
        mean: 1
        min: 1
        var: 0
    silence_rate_60dB:
        dmean: 0.14385150373
        dmean2: 0.2883720994
        dvar: 0.123158477247
        dvar2: 0.237771824002
        max: 1
        mean: 0.643518507481
        min: 0
        var: 0.229402989149
    spectral_centroid:
        dmean: 309.281494141
        dmean2: 430.406982422
        dvar: 133189.78125
        dvar2: 194380.234375
        max: 4642.70605469
        mean: 1568.14904785
        min: 422.664367676
        var: 819545.6875
    spectral_complexity:
        dmean: 3.42093014717
        dmean2: 5.11188793182
        dvar: 14.2809505463
        dvar2: 24.3278236389
        max: 49
        mean: 12.3132247925
        min: 0
        var: 72.8275604248
    spectral_crest:
        dmean: 2.1357550621
        dmean2: 3.51243782043
        dvar: 4.08384275436
        dvar2: 10.393237114
        max: 15.5973434448
        mean: 6.37132883072
        min: 2.41636943817
        var: 7.41028213501
    spectral_decrease:
        dmean: 2.62138560858e-10
        dmean2: 3.89899584841e-10
        dvar: 1.21149415352e-19
        dvar2: 3.00447353019e-19
        max: -7.02632136501e-12
        mean: -7.52257589554e-10
        min: -4.15917167373e-09
        var: 2.84470100994e-19
    spectral_energy:
        dmean: 0.00123062648345
        dmean2: 0.00179618736729
        dvar: 3.19236914947e-06
        dvar2: 7.7956738096e-06
        max: 0.0225037522614
        mean: 0.0034747843165
        min: 2.79749656329e-05
        var: 8.29007967695e-06
    spectral_energyband_high:
        dmean: 0.00031449686503
        dmean2: 0.000448755949037
        dvar: 5.65312291201e-07
        dvar2: 1.32842285439e-06
        max: 0.00811156816781
        mean: 0.000594652141444
        min: 6.23467940386e-07
        var: 1.17452611903e-06
    spectral_energyband_low:
        dmean: 0.000183137235581
        dmean2: 0.000284120207652
        dvar: 3.53597116032e-08
        dvar2: 7.53698117251e-08
        max: 0.00206048507243
        mean: 0.000328055291902
        min: 5.49694505025e-06
        var: 7.61326077736e-08
    spectral_energyband_middle_high:
        dmean: 0.000546971219592
        dmean2: 0.000771663500927
        dvar: 1.29787406422e-06
        dvar2: 2.84407155959e-06
        max: 0.0147373424843
        mean: 0.0014665632043
        min: 5.47667741557e-06
        var: 3.90398326999e-06
    spectral_energyband_middle_low:
        dmean: 0.000583025801461
        dmean2: 0.000937102537137
        dvar: 6.50945594316e-07
        dvar2: 1.63313256962e-06
        max: 0.00639079557732
        mean: 0.00108542980161
        min: 1.11748786367e-05
        var: 7.0678100883e-07
    spectral_flatness_db:
        dmean: 0.0131702888757
        dmean2: 0.020728982985
        dvar: 0.000125343925902
        dvar2: 0.000349759327946
        max: 0.166253864765
        mean: 0.117681197822
        min: 0.074325285852
        var: 0.000289882707875
    spectral_flux:
        dmean: 0.00740848435089
        dmean2: 0.0102489963174
        dvar: 7.99448098405e-05
        dvar2: 0.000154585868586
        max: 0.114380471408
        mean: 0.035390086472
        min: 0.00528913643211
        var: 0.000251521822065
    spectral_kurtosis:
        dmean: 0.807905256748
        dmean2: 1.29347920418
        dvar: 0.605978012085
        dvar2: 1.53061878681
        max: 10.5408535004
        mean: 3.02907705307
        min: -0.475876331329
        var: 2.1276512146
    spectral_rms:
        dmean: 0.000297176797176
        dmean2: 0.000420949305408
        dvar: 1.0582982668e-07
        dvar2: 2.43115721332e-07
        max: 0.00468560354784
        mean: 0.00173840345815
        min: 0.000165204866789
        var: 3.6798692804e-07
    spectral_rolloff:
        dmean: 496.866271973
        dmean2: 753.009277344
        dvar: 279203.53125
        dvar2: 512070.375
        max: 6330.76171875
        mean: 2886.34765625
        min: 387.59765625
        var: 1609126
    spectral_skewness:
        dmean: 0.150691315532
        dmean2: 0.21755322814
        dvar: 0.0189307909459
        dvar2: 0.0361642576754
        max: 2.51845550537
        mean: 1.3920828104
        min: 0.293756186962
        var: 0.130962267518
    spectral_spread:
        dmean: 527620.0625
        dmean2: 756932.3125
        dvar: 462658502656
        dvar2: 708326064128
        max: 16209136
        mean: 5264527.5
        min: 3281028.5
        var: 1.73750367027e+12
    spectral_strongpeak:
        dmean: 0.350557208061
        dmean2: 0.57911413908
        dvar: 0.317900687456
        dvar2: 0.754864811897
        max: 4.73056650162
        mean: 0.437402784824
        min: 0.00387464510277
        var: 0.518346428871
    zerocrossingrate:
        dmean: 0.0110203940421
        dmean2: 0.0112077053636
        dvar: 0.000139362498885
        dvar2: 0.000107933592517
        max: 0.21826171875
        mean: 0.0939221978188
        min: 0.01953125
        var: 0.00151504029054
    barkbands:
        dmean: [5.38154210972e-07, 7.42767806514e-05, 0.000134626709041, 0.000131841923576, 0.000360490346793, 0.000117506613606, 8.02989961812e-05, 5.83959408686e-05, 7.86270102253e-05, 3.87767213397e-05, 4.4753873226e-05, 7.13512636139e-05, 3.84870181733e-05, 3.29279937432e-05, 3.18629099638e-05, 6.95326016285e-05, 9.14358024602e-05, 0.000184484917554, 0.000117454532301, 0.000235878964304, 0.000157890521223, 7.29801540729e-05, 8.21692083264e-06, 3.65209666597e-06, 3.8018529267e-06, 7.71735955141e-08, 9.901364173e-10]
        dmean2: [7.74298769102e-07, 0.000121215642139, 0.000207537173992, 0.000223393304623, 0.00059201370459, 0.000209462232306, 0.000141235563206, 9.90901316982e-05, 0.00013273555669, 6.57421769574e-05, 7.23312041373e-05, 0.000114104470413, 6.32486917311e-05, 5.33803722647e-05, 5.28429045517e-05, 0.000111029163236, 0.000145793674164, 0.000279492087429, 0.000171217747265, 0.000371945061488, 0.000233514758293, 0.000104189988633, 1.08284584712e-05, 4.81267716168e-06, 4.49588787887e-06, 1.11386995627e-07, 1.22103294142e-09]
        dvar: [7.10416209367e-13, 1.15718128413e-08, 2.25106457918e-08, 1.94861140557e-08, 3.90227199887e-07, 2.85170287384e-08, 1.28419781475e-08, 4.84346340812e-09, 8.80555806049e-09, 1.981439679e-09, 2.81899770194e-09, 6.74112543564e-09, 4.015860533e-09, 1.27565136232e-09, 1.96092431182e-09, 1.95165128503e-08, 6.19641369326e-08, 2.32636395481e-07, 7.5708058489e-08, 4.84715485527e-07, 1.52491494987e-07, 7.09246918973e-08, 2.39214814624e-10, 1.10207815096e-10, 7.37883851243e-11, 2.68313271449e-14, 1.95360168646e-16]
        dvar2: [1.2547669067e-12, 3.18595603233e-08, 4.53276847168e-08, 5.64245610235e-08, 1.00026136352e-06, 8.26541182164e-08, 3.42588180047e-08, 1.28008323941e-08, 2.484471473e-08, 5.21457588221e-09, 6.86870738065e-09, 1.7464010682e-08, 1.15186278293e-08, 3.17406367856e-09, 5.25484855629e-09, 4.44403021049e-08, 1.51973523543e-07, 5.68134680634e-07, 1.56067358148e-07, 1.25552662666e-06, 3.62809032595e-07, 1.76851798983e-07, 3.43476413978e-10, 1.77829306836e-10, 1.21673796039e-10, 5.53780078163e-14, 1.95429506233e-16]
        max: [6.07876290815e-06, 0.000928857305553, 0.00177807197906, 0.000919582205825, 0.00489630782977, 0.00130174937658, 0.000929261033889, 0.000663932063617, 0.000920297228731, 0.000423110031988, 0.000363251747331, 0.000684470345732, 0.000670138106216, 0.000305454886984, 0.000460039300378, 0.00136359874159, 0.00302164745517, 0.00601111678407, 0.00459635863081, 0.00975258368999, 0.00454226927832, 0.00372199085541, 0.000227448603255, 0.000172230997123, 0.000101676370832, 1.80787856152e-06, 2.9113843425e-07]
        mean: [2.59853209172e-06, 0.000122369732708, 0.000203173825867, 0.000163966760738, 0.000427312683314, 0.000147569633555, 0.000100534103694, 8.60533182276e-05, 0.000142723481986, 6.64730760036e-05, 7.94815641711e-05, 0.000154581706738, 6.87135398039e-05, 6.3611951191e-05, 5.38014173799e-05, 0.000115758521133, 0.000135294743814, 0.000308151269564, 0.000233962215134, 0.000383419566788, 0.000267446012003, 0.000119489784993, 1.47053069668e-05, 6.83279176883e-06, 6.6455850174e-06, 1.15491765484e-07, 1.12840126132e-09]
        min: [1.96442959122e-10, 5.79524794375e-07, 1.45691296893e-06, 2.8668714549e-06, 5.57009116164e-06, 1.65052767898e-06, 3.25304142734e-07, 2.25973721513e-07, 4.78943320559e-07, 6.39889549348e-07, 3.96828340854e-07, 1.25623262193e-06, 1.05006847662e-06, 6.16540546616e-07, 3.64989261925e-07, 2.50430673532e-07, 3.42192407743e-07, 3.88392493278e-07, 1.82953712624e-07, 2.91003402708e-07, 1.87762765336e-07, 8.40301623839e-08, 9.79865291129e-08, 4.1795251704e-09, 3.69280606094e-09, 6.22507774495e-12, 4.4716346511e-13]
        var: [3.46748975019e-12, 1.27926416127e-08, 5.16454150556e-08, 2.47189131386e-08, 3.67709986904e-07, 2.26201777309e-08, 1.20974794626e-08, 6.0412084224e-09, 1.53030637051e-08, 2.73587197341e-09, 3.98537691737e-09, 1.22302123984e-08, 4.14739220744e-09, 2.11810902151e-09, 2.93644553118e-09, 3.12318384488e-08, 6.9075994702e-08, 4.40026013848e-07, 2.43783517817e-07, 9.2796261697e-07, 2.56741145677e-07, 1.19946747645e-07, 7.28114402104e-10, 2.55059418031e-10, 2.14079712291e-10, 6.59267155841e-14, 1.95880127761e-16]
    mfcc:
        mean: [-707.30291748, 108.394340515, -33.9072647095, 44.5887069702, -16.009727478, 4.44102191925, 6.24261140823, -1.51731109619, -1.00496327877, -8.25971126556, -1.22659265995, -1.33826255798, -3.94899725914]
        cov: [[1551.77868652, -990.131774902, 18.8254318237, 121.693077087, -96.864982605, -120.226753235, -49.702999115, -83.3865890503, 117.853179932, -72.347984314, -25.9459400177, 50.1099662781, 72.4465179443], [-990.131774902, 1097.56494141, -133.16607666, -94.7754516602, 99.9112625122, 69.8453369141, -9.78812217712, 93.3574371338, -138.000289917, 84.1278991699, -13.281001091, -36.0928878784, -27.1728668213], [18.8254318237, -133.16607666, 261.429016113, -51.5460929871, -44.6786003113, 17.7886009216, 3.87477636337, -54.7688980103, -6.04220962524, -25.8875598907, 15.532327652, -31.2477264404, -26.9660453796], [121.693077087, -94.7754516602, -51.5460929871, 169.607788086, 35.503578186, -46.2325744629, 13.5850553513, 22.3758049011, 38.7680358887, 11.432308197, 6.43891620636, 28.8655548096, 8.28967475891], [-96.864982605, 99.9112625122, -44.6786003113, 35.503578186, 98.6433334351, 24.0866565704, 2.76433634758, 14.1821899414, 6.85822296143, 13.7661905289, 1.23519384861, 1.74593400955, -4.86335611343], [-120.226753235, 69.8453369141, 17.7886009216, -46.2325744629, 24.0866565704, 104.978813171, 16.3638515472, -0.386307358742, -14.4375066757, -3.05988883972, 9.07424926758, -12.0929021835, -6.57662391663], [-49.702999115, -9.78812217712, 3.87477636337, 13.5850553513, 2.76433634758, 16.3638515472, 109.400672913, -1.77876567841, 4.09476995468, 5.44734716415, 18.1674613953, 5.95486116409, -6.0247502327], [-83.3865890503, 93.3574371338, -54.7688980103, 22.3758049011, 14.1821899414, -0.386307358742, -1.77876567841, 88.8854675293, 7.94201374054, 27.9151859283, 0.702570438385, 13.6965198517, 17.8026618958], [117.853179932, -138.000289917, -6.04220962524, 38.7680358887, 6.85822296143, -14.4375066757, 4.09476995468, 7.94201374054, 84.4100189209, 9.40989971161, 12.086774826, 17.3775863647, 11.0389308929], [-72.347984314, 84.1278991699, -25.8875598907, 11.432308197, 13.7661905289, -3.05988883972, 5.44734716415, 27.9151859283, 9.40989971161, 50.9665298462, 13.7841997147, 8.20844841003, 8.86888599396], [-25.9459400177, -13.281001091, 15.532327652, 6.43891620636, 1.23519384861, 9.07424926758, 18.1674613953, 0.702570438385, 12.086774826, 13.7841997147, 46.050491333, 10.2450685501, -1.2834624052], [50.1099662781, -36.0928878784, -31.2477264404, 28.8655548096, 1.74593400955, -12.0929021835, 5.95486116409, 13.6965198517, 17.3775863647, 8.20844841003, 10.2450685501, 42.695274353, 17.7931995392], [72.4465179443, -27.1728668213, -26.9660453796, 8.28967475891, -4.86335611343, -6.57662391663, -6.0247502327, 17.8026618958, 11.0389308929, 8.86888599396, -1.2834624052, 17.7931995392, 38.8951568604]]
        icov: [[0.00195444724523, 0.00169415667187, 0.000540329841897, -0.000379382807296, 0.000171194187715, 0.000547818373889, 0.000703577301465, 0.000931670772843, 0.00036990956869, -0.000203195872018, 0.000916894990951, 0.000173674037796, -0.00231260014698], [0.00169415667187, 0.00356136192568, 0.0011490698671, 0.000874311372172, -0.00154961191583, 0.00034244832932, 0.000720189360436, -0.000723651261069, 0.00346871162765, -0.00333086517639, 0.00111601140816, 0.000616913835984, -0.000220639951294], [0.000540329841897, 0.0011490698671, 0.00585430162027, 0.000676525058225, 0.00169020576868, -0.000589837378357, 0.000411191635067, 0.00166481290944, 0.000299273960991, 4.09130116168e-05, -0.00229272106662, 0.00312117976137, 0.00152648671065], [-0.000379382807296, 0.000874311372172, 0.000676525058225, 0.0102325277403, -0.00505176745355, 0.00448114890605, -0.00151145714335, -0.00241764611565, -0.000720601412468, -0.000396821298636, -0.000641387654468, -0.00323559879325, 0.00235814834014], [0.000171194187715, -0.00154961191583, 0.00169020576868, -0.00505176745355, 0.0159897301346, -0.00546609144658, 0.00103001424577, 0.00160702795256, -0.00322437891737, -0.00103310169652, 0.00109157431871, 0.000585384608712, 0.00226502935402], [0.000547818373889, 0.00034244832932, -0.000589837378357, 0.00448114890605, -0.00546609144658, 0.0141579536721, -0.00208664964885, -0.00131499767303, 0.000817377644125, 0.00300090899691, -0.00341195613146, 0.00189604621846, -0.00205222773366], [0.000703577301465, 0.000720189360436, 0.000411191635067, -0.00151145714335, 0.00103001424577, -0.00208664964885, 0.0106143532321, 0.000779564958066, 0.000442872726126, -0.00103118224069, -0.00263839564286, -0.00120555073954, 0.00143702258356], [0.000931670772843, -0.000723651261069, 0.00166481290944, -0.00241764611565, 0.00160702795256, -0.00131499767303, 0.000779564958066, 0.0174511466175, -0.00195082253776, -0.00514180772007, 0.0018557338044, -0.00108667591121, -0.00617515575141], [0.00036990956869, 0.00346871162765, 0.000299273960991, -0.000720601412468, -0.00322437891737, 0.000817377644125, 0.000442872726126, -0.00195082253776, 0.0192984174937, -0.00555186904967, -0.00200355355628, -0.00192222115584, -0.000606032670476], [-0.000203195872018, -0.00333086517639, 4.09130116168e-05, -0.000396821298636, -0.00103310169652, 0.00300090899691, -0.00103118224069, -0.00514180772007, -0.00555186904967, 0.0329000614583, -0.00995552632958, 0.00127206579782, -0.00610026204959], [0.000916894990951, 0.00111601140816, -0.00229272106662, -0.000641387654468, 0.00109157431871, -0.00341195613146, -0.00263839564286, 0.0018557338044, -0.00200355355628, -0.00995552632958, 0.0306482538581, -0.00882754195482, 0.00380883272737], [0.000173674037796, 0.000616913835984, 0.00312117976137, -0.00323559879325, 0.000585384608712, 0.00189604621846, -0.00120555073954, -0.00108667591121, -0.00192222115584, 0.00127206579782, -0.00882754195482, 0.0375418514013, -0.0135444551706], [-0.00231260014698, -0.000220639951294, 0.00152648671065, 0.00235814834014, 0.00226502935402, -0.00205222773366, 0.00143702258356, -0.00617515575141, -0.000606032670476, -0.00610026204959, 0.00380883272737, -0.0135444551706, 0.0412892140448]]
    spectral_contrast:
        mean: [5.83502774987e-08, -5.01323825119e-07, -1.92055566117e-07, 2.63485418373e-07, 1.99419716296e-07, -2.14735763393e-07, 2.7895941912e-06, -5.42616635357e-06, 3.60946927458e-07, -1.60752756528e-06, -2.19458502215e-06, -2.9539563684e-07]
        var: [0.000433429697296, 0.000598886224907, 0.000775166437961, 0.00111606938299, 0.00155429844745, 0.00290811783634, 0.0574448369443, 0.0891550481319, 0.125910758972, 0.165084198117, 0.329861313105, 0.881310224533]

rhythm:
    beats_loudness:
        dmean: 0.00266291270964
        dmean2: 0.00410299375653
        dvar: 3.41726104125e-06
        dvar2: 1.00203687907e-05
        max: 0.00887442473322
        mean: 0.00418076105416
        min: 0.00142905395478
        var: 5.09558185513e-06
    beats_loudness_bass:
        dmean: 0.105160437524
        dmean2: 0.17655402422
        dvar: 0.00413683615625
        dvar2: 0.0147981382906
        max: 0.316845208406
        mean: 0.119792222977
        min: 0.0219205766916
        var: 0.006703609135
    bpm: 84.2540969849
    bpm_confidence: 0
    first_peak_bpm: 156
    first_peak_spread: 0
    first_peak_weight: 0.5
    onset_rate: 3.99804162979
    second_peak_bpm: 84
    second_peak_spread: 0
    second_peak_weight: 0.444444447756
    beats_position: [0.187916994095, 0.900064229965, 1.61221134663, 2.32435870171, 3.03650569916, 3.74865293503, 4.4608001709, 5.17294692993, 5.8850941658, 6.28375673294, 6.66952991486, 7.05530309677, 7.44107675552, 7.82684993744, 8.21262359619, 8.59839725494, 8.9841709137, 9.36994361877, 9.75571727753]
    bpm_estimates: [84.497833252, 84.0698699951, 84.4880752563, 84.1170654297, 84.5721054077, 84.7821426392, 83.884147644, 83.4315261841, 84.4440765381]
    bpm_intervals: [0.71214723587, 0.712147116661, 0.71214735508, 0.712146997452, 0.71214723587, 0.71214723587, 0.712146759033, 0.71214723587, 0.398662567139, 0.385773181915, 0.385773181915, 0.385773658752, 0.385773181915, 0.385773658752, 0.385773658752, 0.385773658752, 0.385772705078, 0.385773658752]
    onset_times: [0.0464399084449, 0.150929704309, 0.545668959618, 0.905578255653, 1.03328800201, 1.46285712719, 1.62539684772, 1.78793644905, 1.98530614376, 2.21750569344, 2.47292518616, 2.86766433716, 3.01859402657, 3.23918366432, 3.40172338486, 3.77324271202, 3.92417240143, 4.65560102463, 4.841360569, 5.11999988556, 5.36380958557, 5.72371864319, 5.86303853989, 6.1068482399, 6.26938772202, 6.64090681076, 6.81505680084, 6.8963265419, 7.33750581741, 7.52326536179, 7.6277551651, 7.89478445053, 7.97605419159, 8.24308395386, 8.74231338501, 8.96290206909, 9.14866256714, 9.41569137573, 9.50857162476, 9.65950107574]
    rubato_start: [6.28375673294]
    rubato_stop: [6.66952991486]
    perceptual_tempo: "unknown"

sfx:
    inharmonicity:
        dmean: 0.0449258573353
        dmean2: 0.0786032229662
        dvar: 0.00259695225395
        dvar2: 0.0073605501093
        max: 0.310563832521
        mean: 0.0529955178499
        min: 0
        var: 0.00305508146994
    oddtoevenharmonicenergyratio:
        dmean: 1.09360349178
        dmean2: 1.98515713215
        dvar: 9.46390628815
        dvar2: 26.6431179047
        max: 41.7499847412
        mean: 0.880535006523
        min: 0
        var: 6.06264066696
    pitch_after_max_to_before_max_energy_ratio: 10.2374296188
    pitch_centroid: 233.874588013
    pitch_max_to_total: 0.113689094782
    pitch_min_to_total: 0.670533657074
    tristimulus:
        dmean: [0.185851871967, 0.213807076216, 0.147781014442]
        dmean2: [0.326904147863, 0.373512119055, 0.256619691849]
        dvar: [0.0269782468677, 0.0317109897733, 0.017006771639]
        dvar2: [0.0749391615391, 0.0948799476027, 0.0462111346424]
        max: [1, 0.927235424519, 0.732868313789]
        mean: [0.392623662949, 0.398665100336, 0.172713458538]
        min: [0.0206499062479, 0, 0]
        var: [0.0464376844466, 0.0409248545766, 0.0268534272909]

tonal:
    chords_changes_rate: 0.092165902257
    chords_number_rate: 0.0184331797063
    chords_strength:
        dmean: 0.00817752256989
        dmean2: 0.00974155031145
        dvar: 3.7118425098e-05
        dvar2: 6.76259733154e-05
        max: 0.590356469154
        mean: 0.51472055912
        min: 0.432546257973
        var: 0.00133398419712
    key_strength: 0.725480556488
    tuning_diatonic_strength: 0.500054836273
    tuning_equal_tempered_deviation: 0.170958429575
    tuning_frequency: 440.508575439
    tuning_nontempered_energy_ratio: 0.778662204742
    hpcp:
        dmean: [0.125383615494, 0.164350911975, 0.209042772651, 0.235544323921, 0.251609116793, 0.293189942837, 0.226013481617, 0.165188714862, 0.14284338057, 0.1237847507, 0.123663537204, 0.172782957554, 0.183450698853, 0.151406228542, 0.168924167752, 0.220646113157, 0.219170629978, 0.237194597721, 0.210090249777, 0.175478085876, 0.175291806459, 0.172475427389, 0.155725285411, 0.147097036242, 0.172674641013, 0.168253958225, 0.150514394045, 0.137606367469, 0.135188952088, 0.150180459023, 0.175130560994, 0.135358169675, 0.12405294925, 0.127455070615, 0.123793400824, 0.121899373829]
        dmean2: [0.21536745131, 0.287305861712, 0.361758559942, 0.396114379168, 0.412890940905, 0.503992080688, 0.390782117844, 0.276814669371, 0.236091181636, 0.215919658542, 0.207497596741, 0.286037683487, 0.315348386765, 0.245377108455, 0.271308124065, 0.361045777798, 0.365362048149, 0.417834341526, 0.361580431461, 0.295115530491, 0.294504761696, 0.295762509108, 0.260925501585, 0.25040474534, 0.273345887661, 0.28292286396, 0.258822500706, 0.237280800939, 0.232337936759, 0.255801439285, 0.305483520031, 0.232462137938, 0.209615200758, 0.21712821722, 0.215817809105, 0.198999643326]
        dvar: [0.0276637785137, 0.0404271185398, 0.0435736365616, 0.0473736189306, 0.042333457619, 0.0697975456715, 0.0567570067942, 0.0363077558577, 0.0264225080609, 0.0233160350472, 0.0182905849069, 0.0267567839473, 0.032703679055, 0.0235816743225, 0.0263753160834, 0.0425555557013, 0.0344518572092, 0.0501209534705, 0.0461801961064, 0.0317102521658, 0.0461400188506, 0.0406726263463, 0.0273489002138, 0.0290916524827, 0.0309532415122, 0.0270432382822, 0.0307440832257, 0.0269106868654, 0.0322296991944, 0.0290449056774, 0.0323612391949, 0.0226447265595, 0.0160048604012, 0.0180002190173, 0.0247988533229, 0.0204983018339]
        dvar2: [0.0678942576051, 0.101529456675, 0.10857693851, 0.0977460667491, 0.115750581026, 0.173787921667, 0.151322409511, 0.0923713892698, 0.0657418519258, 0.0612767785788, 0.0478253476322, 0.0658978670835, 0.0774507001042, 0.0568284206092, 0.0683751180768, 0.105985969305, 0.0945904031396, 0.128239750862, 0.103763364255, 0.0656566992402, 0.113362677395, 0.100597433746, 0.0717837363482, 0.0790816619992, 0.0758952200413, 0.0709060057998, 0.0863373279572, 0.0628793388605, 0.085267983377, 0.0762301757932, 0.0850364714861, 0.0660612508655, 0.0434220470488, 0.0489206574857, 0.0631454512477, 0.0546432547271]
        max: [1, 1, 1, 1, 1, 1, 1, 1, 1, 0.98112654686, 0.909308373928, 1, 1, 0.933069586754, 1, 1, 1, 1, 1, 1, 1, 1, 1, 1, 1, 1, 1, 1, 1, 1, 1, 1, 0.768137216568, 0.840104162693, 1, 1]
        mean: [0.167311936617, 0.187359258533, 0.302282065153, 0.486241400242, 0.522915899754, 0.410012871027, 0.299723774195, 0.254409939051, 0.219818219543, 0.166161492467, 0.184392914176, 0.296539127827, 0.310701280832, 0.219693869352, 0.281709492207, 0.406178355217, 0.358889251947, 0.329882532358, 0.440245866776, 0.364246606827, 0.22384186089, 0.242764875293, 0.244144573808, 0.223784908652, 0.275931805372, 0.28765848279, 0.25576210022, 0.234571486712, 0.193473756313, 0.230490326881, 0.27132281661, 0.20078715682, 0.167904779315, 0.183551207185, 0.178501561284, 0.174540892243]
        min: [0.0126941232011, 0.0127573423088, 0.0131668746471, 0.0291663259268, 0.029759619385, 0.0175745394081, 0.0025859195739, 0.00465156883001, 0.00763501739129, 0.00871755555272, 0.0125287743285, 0.0195887740701, 0.0100805051625, 0.00936733465642, 0.0139231029898, 0.0320121310651, 0.0298199895769, 0.0171984825283, 0.0171216949821, 0.0127839790657, 0.00820145662874, 0.00622778572142, 0.00128995883279, 0.0122325383127, 0.0183466151357, 0.0247993562371, 0.0146467844024, 0.00915998779237, 0.0115000121295, 0.012733864598, 0.0200052764267, 0.0162759833038, 0.00595626421273, 0.00528239924461, 0.01100471057, 0.0171057321131]
        var: [0.0322640761733, 0.0480818673968, 0.0638807341456, 0.091300778091, 0.0800542756915, 0.0992401838303, 0.0812010318041, 0.0574596896768, 0.0424262098968, 0.0281096957624, 0.0250088199973, 0.0497244223952, 0.0571299493313, 0.0417357496917, 0.0462579093874, 0.0790347680449, 0.0625585615635, 0.0600960031152, 0.110140219331, 0.082436837256, 0.0552664808929, 0.0519424267113, 0.0462887994945, 0.0393384322524, 0.0492221191525, 0.053050916642, 0.0695771500468, 0.0651253610849, 0.0448953956366, 0.0361583195627, 0.0401885695755, 0.0223316457123, 0.0186243914068, 0.0215684194118, 0.0354748889804, 0.0306378845125]
    chords_histogram: [16.5898609161, 0, 0, 0, 0, 0, 0, 25.8064517975, 32.25806427, 25.3456230164, 0, 0, 0, 0, 0, 0, 0, 0, 0, 0, 0, 0, 0, 0]
    thpcp: [1, 0.784089505672, 0.573177754879, 0.486521720886, 0.420370131731, 0.317759484053, 0.352624416351, 0.567087590694, 0.594170629978, 0.420132309198, 0.538728117943, 0.776756584644, 0.686323106289, 0.630851984024, 0.841905653477, 0.696568250656, 0.428064733744, 0.464252233505, 0.466890692711, 0.427955836058, 0.527679145336, 0.550104677677, 0.489107519388, 0.448583573103, 0.369990199804, 0.440778970718, 0.51886510849, 0.383976012468, 0.321093261242, 0.351014763117, 0.341358065605, 0.333783864975, 0.319959551096, 0.358297109604, 0.578070163727, 0.929865419865]
    chords_key: "G"
    chords_scale: "minor"
    key_key: "D#"
    key_scale: "minor"
    chords_progression: ["Gm", "Gm", "Gm", "Gm", "Gm", "Gm", "Gm", "Gm", "Gm", "Gm", "Gm", "Gm", "Gm", "Gm", "Gm", "Gm", "Gm", "Gm", "Gm", "Gm", "Gm", "Gm", "Gm", "Gm", "Gm", "Gm", "Gm", "D#", "D#", "D#", "D#", "D#", "D#", "D#", "D#", "D#", "D#", "D#", "D#", "A#", "A#", "A#", "D#m", "D#m", "D#m", "D#m", "D#m", "D#m", "D#m", "D#m", "D#m", "D#m", "D#m", "D#m", "D#m", "D#m", "A#", "A#", "A#", "A#", "A#", "A#", "A#", "Gm", "Gm", "Gm", "Gm", "Gm", "Gm", "Gm", "Gm", "Gm", "Gm", "Gm", "Gm", "Gm", "Gm", "Gm", "Gm", "Gm", "Gm", "Gm", "Gm", "Gm", "Gm", "Gm", "Gm", "Gm", "D#", "D#", "D#", "D#", "D#", "D#", "D#", "D#", "D#", "D#", "D#", "D#", "D#", "D#", "D#", "D#", "D#m", "D#m", "D#m", "D#m", "D#m", "D#m", "D#m", "D#m", "D#m", "D#m", "D#m", "D#m", "D#m", "D#m", "D#m", "D#m", "D#m", "D#", "D#", "D#", "D#", "D#", "D#", "D#", "D#", "Gm", "Gm", "Gm", "Gm", "Gm", "Gm", "Gm", "Gm", "Gm", "Gm", "D#", "D#", "D#", "D#", "D#", "Gm", "Gm", "Gm", "Gm", "Gm", "Gm", "D#", "D#", "D#", "D#", "D#", "D#", "D#", "D#", "D#", "D#", "D#", "D#m", "D#m", "D#m", "A#", "A#", "A#", "A#", "A#", "A#", "A#", "A#", "A#", "A#", "A#", "A#", "A#", "A#", "A#", "A#", "A#", "A#", "A#", "A#", "A#", "A#", "A#", "A#", "D#m", "D#m", "A#", "A#", "A#", "A#", "A#", "A#", "A#", "A#", "A#", "A#", "A#", "A#", "A#", "A#", "A#", "A#", "A#", "A#", "A#", "A#", "A#", "Gm", "D#", "Gm", "D#", "D#", "D#"]
