
metadata:
    version:
        essentia: "1.2.2"
    audio_properties:
        analysis_sample_rate: 44100
        bitrate: 128
        channels: 2
        equal_loudness: 1
        length: 10.0310201645
        replay_gain: -14.6883563995
        downmix: "mix"
    tags:
        track: 12
        year: 0
        album: "Splitted by Mp3Splt v. 2.1"
        artist: "From 001.50 To 002.00"
        comment: "http://mp3splt.sf.net"
        genre: ""
        title: "16 fall back.mp3"

highlevel:
    ballroom:
        all:
            ChaChaCha: 0.154441013932
            Jive: 0.269598335028
            Quickstep: 0.0809550061822
            Rumba-American: 0.00356498546898
            Rumba-International: 0.0123465023935
            Rumba-Misc: 0.0072155748494
            Samba: 0.066302485764
            Tango: 0.0444961935282
            VienneseWaltz: 0.33455234766
            Waltz: 0.0265275239944
        probability: 0.33455234766
        value: "VienneseWaltz"
    culture:
        all:
            non_western: 0.880680084229
            western: 0.11931990087
        probability: 0.880680084229
        value: "non_western"
    gender:
        all:
            female: 0.0725068077445
            male: 0.927493214607
        probability: 0.927493214607
        value: "male"
    genre_dortmund:
        all:
            alternative: 0.0183949135244
            blues: 0.157553687692
            electronic: 0.0269013717771
            folkcountry: 0.0478851646185
            funksoulrnb: 0.202712059021
            jazz: 0.0345334634185
            pop: 0.0521130487323
            raphiphop: 0.320572882891
            rock: 0.13933339715
        probability: 0.320572882891
        value: "raphiphop"
    genre_electronica:
        all:
            ambient: 0.4460324049
            dnb: 0.376331567764
            house: 0.0217401273549
            techno: 0.0179898589849
            trance: 0.137906044722
        probability: 0.4460324049
        value: "ambient"
    genre_rosamerica:
        all:
            cla: 0.0599743388593
            dan: 0.0460915826261
            hip: 0.124557703733
            jaz: 0.0208420436829
            pop: 0.53775280714
            rhy: 0.0244722943753
            roc: 0.182142093778
            spe: 0.00416715908796
        probability: 0.53775280714
        value: "pop"
    genre_tzanetakis:
        all:
            blu: 0.00481413584203
            cla: 0.00690096244216
            cou: 0.106852725148
            dis: 0.356563299894
            hip: 0.0511071719229
            jaz: 0.0194176286459
            met: 0.0108649590984
            pop: 0.251300483942
            reg: 0.0484536699951
            roc: 0.14372497797
        probability: 0.356563299894
        value: "dis"
    live_studio:
        all:
            live: 0.0133364526555
            studio: 0.986663520336
        probability: 0.986663520336
        value: "studio"
    mood:
        all:
            Cluster1: 0.205603718758
            Cluster2: 0.231034964323
            Cluster3: 0.133756428957
            Cluster4: 0.178192943335
            Cluster5: 0.251411944628
        probability: 0.251411944628
        value: "Cluster5"
    mood_acoustic:
        all:
            acoustic: 0.0143393930048
            not_acoustic: 0.985660612583
        probability: 0.985660612583
        value: "not_acoustic"
    mood_aggressive:
        all:
            aggressive: 0.378810018301
            not_aggressive: 0.621189951897
        probability: 0.621189951897
        value: "not_aggressive"
    mood_electronic:
        all:
            electronic: 0.766474783421
            not_electronic: 0.233525201678
        probability: 0.766474783421
        value: "electronic"
    mood_happy:
        all:
            happy: 0.903075933456
            not_happy: 0.096924059093
        probability: 0.903075933456
        value: "happy"
    mood_party:
        all:
            not_party: 0.475565135479
            party: 0.524434864521
        probability: 0.524434864521
        value: "party"
    mood_relaxed:
        all:
            not_relaxed: 0.847117424011
            relaxed: 0.152882561088
        probability: 0.847117424011
        value: "not_relaxed"
    mood_sad:
        all:
            not_sad: 0.879361391068
            sad: 0.120638586581
        probability: 0.879361391068
        value: "not_sad"
    rhythm:
        all:
            fast: 0.875338375568
            medium: 0.122700273991
            slow: 0.00196136767045
        probability: 0.875338375568
        value: "fast"
    speech_music:
        all:
            music: 0.999605834484
            speech: 0.000394182832679
        probability: 0.999605834484
        value: "music"
    timbre:
        all:
            bright: 0.319987595081
            dark: 0.680012404919
        probability: 0.680012404919
        value: "dark"
    voice_instrumental:
        all:
            instrumental: 0.00934721343219
            voice: 0.990652799606
        probability: 0.990652799606
        value: "voice"

lowlevel:
    average_loudness: 0.970526397228
    barkbands_kurtosis:
        dmean: 0.479760020971
        dmean2: 0.782663702965
        dvar: 0.274521648884
        dvar2: 0.647294402122
        max: 2.90492773056
        mean: -1.01379919052
        min: -1.81860792637
        var: 0.538040459156
    barkbands_skewness:
        dmean: 0.383026719093
        dmean2: 0.615410864353
        dvar: 0.117636755109
        dvar2: 0.270195901394
        max: 2.01341557503
        mean: 0.11939625442
        min: -1.60985612869
        var: 0.394636958838
    barkbands_spread:
        dmean: 4.76920318604
        dmean2: 6.97616672516
        dvar: 14.9579591751
        dvar2: 34.4825553894
        max: 49.0643463135
        mean: 29.7713165283
        min: 11.1390342712
        var: 49.244228363
    dissonance:
        dmean: 0.0180205572397
        dmean2: 0.0293746292591
        dvar: 0.000215518666664
        dvar2: 0.000526465417352
        max: 0.498423725367
        mean: 0.461773246527
        min: 0.377619534731
        var: 0.000465470686322
    hfc:
        dmean: 2.65720438957
        dmean2: 3.89280319214
        dvar: 12.8860387802
        dvar2: 28.9981193542
        max: 36.6077270508
        mean: 7.46297216415
        min: 0.206190094352
        var: 34.5080108643
    pitch:
        dmean: 422.497802734
        dmean2: 817.878845215
        dvar: 876041.9375
        dvar2: 2071648.125
        max: 3675
        mean: 616.228881836
        min: 106.779663086
        var: 822382.75
    pitch_instantaneous_confidence:
        dmean: 0.10605160147
        dmean2: 0.174364715815
        dvar: 0.00765084428713
        dvar2: 0.0197221003473
        max: 0.81996524334
        mean: 0.461368411779
        min: 0.194883227348
        var: 0.0159615501761
    pitch_salience:
        dmean: 0.0703588351607
        dmean2: 0.117849290371
        dvar: 0.00330416392535
        dvar2: 0.00877440162003
        max: 0.805934548378
        mean: 0.567881941795
        min: 0.327892273664
        var: 0.00742997974157
    silence_rate_20dB:
        dmean: 0
        dmean2: 0
        dvar: 0
        dvar2: 0
        max: 1
        mean: 1
        min: 1
        var: 0
    silence_rate_30dB:
        dmean: 0
        dmean2: 0
        dvar: 0
        dvar2: 0
        max: 1
        mean: 1
        min: 1
        var: 0
    silence_rate_60dB:
        dmean: 0.106728538871
        dmean2: 0.213953495026
        dvar: 0.0953373685479
        dvar2: 0.186782255769
        max: 1
        mean: 0.331018507481
        min: 0
        var: 0.221444860101
    spectral_centroid:
        dmean: 254.418701172
        dmean2: 402.183776855
        dvar: 51912.8945312
        dvar2: 123261.132812
        max: 2706.89135742
        mean: 1582.01049805
        min: 503.48336792
        var: 189597.921875
    spectral_complexity:
        dmean: 3.43822836876
        dmean2: 5.04205608368
        dvar: 13.3417263031
        dvar2: 23.755197525
        max: 44
        mean: 13.3790693283
        min: 0
        var: 50.4771652222
    spectral_crest:
        dmean: 2.33095407486
        dmean2: 3.81587672234
        dvar: 4.0405497551
        dvar2: 10.5927200317
        max: 16.2095336914
        mean: 7.64140319824
        min: 2.76057577133
        var: 7.73254442215
    spectral_decrease:
        dmean: 3.24162086063e-10
        dmean2: 4.78244721602e-10
        dvar: 1.28618688262e-19
        dvar2: 2.70966661837e-19
        max: -4.28543554809e-11
        mean: -1.00572705719e-09
        min: -3.17951509565e-09
        var: 3.64773802987e-19
    spectral_energy:
        dmean: 0.00143873412162
        dmean2: 0.00211708853021
        dvar: 2.61048421635e-06
        dvar2: 5.48159778191e-06
        max: 0.0152274174616
        mean: 0.00447275815532
        min: 0.000180444316356
        var: 7.6067694863e-06
    spectral_energyband_high:
        dmean: 0.000116441653518
        dmean2: 0.000180886418093
        dvar: 3.07076355455e-08
        dvar2: 7.26394731032e-08
        max: 0.00169074197765
        mean: 0.000240389053943
        min: 6.40979260425e-06
        var: 5.99451652761e-08
    spectral_energyband_low:
        dmean: 0.000121872435557
        dmean2: 0.000215738604311
        dvar: 1.3052539316e-07
        dvar2: 3.6648040691e-07
        max: 0.00272176833823
        mean: 0.00015225163952
        min: 2.68357950972e-07
        var: 1.134909553e-07
    spectral_energyband_middle_high:
        dmean: 0.000862953311298
        dmean2: 0.00126462255139
        dvar: 1.20176036944e-06
        dvar2: 2.68376493295e-06
        max: 0.0101597122848
        mean: 0.00235537812114
        min: 5.2214061725e-05
        var: 3.51312678504e-06
    spectral_energyband_middle_low:
        dmean: 0.000766500772443
        dmean2: 0.00117006734945
        dvar: 7.60179432291e-07
        dvar2: 1.81722498382e-06
        max: 0.00684514641762
        mean: 0.00172472663689
        min: 8.38531050249e-05
        var: 1.56565988618e-06
    spectral_flatness_db:
        dmean: 0.018143279478
        dmean2: 0.0269434712827
        dvar: 0.000295558420476
        dvar2: 0.000586300797295
        max: 0.276041775942
        mean: 0.174427613616
        min: 0.0803123861551
        var: 0.00116229918785
    spectral_flux:
        dmean: 0.010672416538
        dmean2: 0.015615475364
        dvar: 9.87958119367e-05
        dvar2: 0.000200675945962
        max: 0.0934075787663
        mean: 0.0435158275068
        min: 0.00747291557491
        var: 0.00032861623913
    spectral_kurtosis:
        dmean: 1.88062858582
        dmean2: 3.20330762863
        dvar: 3.08355045319
        dvar2: 9.24566650391
        max: 14.1906967163
        mean: 4.55973625183
        min: 0.40611577034
        var: 4.92783355713
    spectral_rms:
        dmean: 0.00032491539605
        dmean2: 0.000464043085231
        dvar: 1.06384916876e-07
        dvar2: 2.12367325503e-07
        max: 0.00385435041972
        mean: 0.00197913520969
        min: 0.000419575051637
        var: 4.46692382639e-07
    spectral_rolloff:
        dmean: 336.249084473
        dmean2: 548.392272949
        dvar: 102817.296875
        dvar2: 249271.484375
        max: 4328.17382812
        mean: 3090.31689453
        min: 689.0625
        var: 274343.8125
    spectral_skewness:
        dmean: 0.229859307408
        dmean2: 0.37712430954
        dvar: 0.0427590087056
        dvar2: 0.115034200251
        max: 3.08641552925
        mean: 1.34070336819
        min: 0.631081819534
        var: 0.0979072898626
    spectral_spread:
        dmean: 583281.625
        dmean2: 801296.4375
        dvar: 818760056832
        dvar2: 1.33327146189e+12
        max: 11480952
        mean: 3657198.5
        min: 2017997.875
        var: 2.01908800717e+12
    spectral_strongpeak:
        dmean: 0.512470960617
        dmean2: 0.845021784306
        dvar: 0.588260710239
        dvar2: 1.39268565178
        max: 5.82170152664
        mean: 0.760226070881
        min: 0.0255197715014
        var: 1.03447127342
    zerocrossingrate:
        dmean: 0.00812436267734
        dmean2: 0.0098511883989
        dvar: 4.0992974391e-05
        dvar2: 6.49132780381e-05
        max: 0.13525390625
        mean: 0.0901912227273
        min: 0.0400390625
        var: 0.000311933632474
    barkbands:
        dmean: [4.76477566735e-07, 5.36828047188e-05, 8.00335837994e-05, 0.000114236921945, 0.000261054199655, 0.00022695773805, 0.00018512083625, 0.000368603388779, 9.02164319996e-05, 8.52953526191e-05, 6.76355048199e-05, 0.000123857083963, 9.95906520984e-05, 0.000126941595227, 0.000105289087514, 0.000107882980956, 0.00020083207346, 0.000318896345561, 0.000240640219999, 0.000135498252348, 4.40575022367e-05, 9.16884982871e-06, 2.28906901611e-06, 1.12729969715e-06, 5.60188084364e-07, 5.66042572814e-08, 8.00838617643e-10]
        dmean2: [6.0215859321e-07, 9.20870879781e-05, 0.000142776741995, 0.000198453868506, 0.000403918122174, 0.000347939669155, 0.000299465202261, 0.000577611732297, 0.000138677904033, 0.000138673072797, 0.000110992594273, 0.000201576345717, 0.000153045155457, 0.000209538105992, 0.000171918945853, 0.00016820714518, 0.000309168564854, 0.000499007815961, 0.00039848787128, 0.000210553553188, 6.93405163474e-05, 1.36380704134e-05, 3.28279338646e-06, 1.66921881828e-06, 8.31320562611e-07, 9.25459815448e-08, 1.00473840359e-09]
        dvar: [1.17177827771e-12, 2.22391935978e-08, 6.42521982286e-08, 9.2173202404e-08, 1.08198484838e-07, 1.04032416459e-07, 1.86576528449e-07, 4.96464792832e-07, 4.4010359801e-08, 3.49788287224e-08, 2.93880848545e-08, 6.17971736006e-08, 6.2381516841e-08, 6.4765927732e-08, 2.51431195863e-08, 2.93712840715e-08, 1.5805375142e-07, 2.59794006752e-07, 1.33119854695e-07, 3.36321086536e-08, 9.21521969843e-09, 4.08169970045e-10, 2.35389329556e-11, 7.21576184221e-12, 2.23940809473e-12, 1.02404907742e-13, 1.24493024765e-16]
        dvar2: [1.64761130086e-12, 6.23380742582e-08, 1.82220304623e-07, 2.5572515483e-07, 2.37408968928e-07, 2.3136229288e-07, 4.61908427951e-07, 1.1588496136e-06, 9.43839779666e-08, 8.49105177281e-08, 7.3603153794e-08, 1.60906267865e-07, 1.54925842821e-07, 1.55211822062e-07, 6.28137826197e-08, 6.27339105108e-08, 3.66540774621e-07, 6.28703446637e-07, 3.43303810268e-07, 7.87875293895e-08, 2.33078623069e-08, 7.54580398166e-10, 4.79633763262e-11, 1.46669690282e-11, 4.31459121902e-12, 2.75673283029e-13, 1.2501961456e-16]
        max: [1.23547106341e-05, 0.00122593180276, 0.0020716576837, 0.00195361697115, 0.0029034067411, 0.00281698186882, 0.00509331608191, 0.0046711130999, 0.00286649097688, 0.00182146613952, 0.00170065159909, 0.00258014630526, 0.00268524582498, 0.00331947370432, 0.0011665005004, 0.00156029115897, 0.00443473784253, 0.0064426981844, 0.00334315397777, 0.00248026335612, 0.00107891717926, 0.000211209480767, 4.88914702146e-05, 2.31894518947e-05, 1.60832842084e-05, 4.80027483718e-06, 2.31500308701e-07]
        mean: [1.15381874366e-06, 6.18151607341e-05, 8.92997340998e-05, 0.000124258716824, 0.000430087791756, 0.000413047033362, 0.000227929544053, 0.000391141802538, 0.000123612364405, 0.000109531814815, 8.03525617812e-05, 0.00017948448658, 0.000114039896289, 0.000181144874659, 0.000152268039528, 0.000164741228218, 0.000299767940305, 0.000532150559593, 0.000430855579907, 0.000263920810539, 8.08384429547e-05, 1.57378672156e-05, 3.35291997544e-06, 1.43253384977e-06, 7.4285668461e-07, 5.37897832942e-08, 7.96899379818e-10]
        min: [1.68955145013e-11, 5.59551978085e-08, 1.19185315839e-07, 1.68861319594e-07, 1.14007525553e-06, 3.82495818485e-06, 1.83939073395e-06, 5.51139066829e-07, 1.44547493619e-06, 1.24425639569e-07, 9.53948529059e-07, 6.79213371768e-07, 8.92864761681e-07, 1.61886498518e-06, 1.78876769041e-06, 3.14286808134e-06, 4.56193765785e-06, 5.36080642632e-06, 7.85943939263e-06, 4.92421713716e-06, 1.37264828481e-06, 2.85105471676e-07, 3.88583814015e-08, 5.92928106613e-09, 1.69293945529e-09, 3.5894922451e-11, 5.31653768319e-13]
        var: [5.29910013439e-12, 1.93158218309e-08, 5.1111587851e-08, 7.22752062643e-08, 2.24944244565e-07, 2.86710758246e-07, 1.95423240257e-07, 5.72415103761e-07, 6.4864273952e-08, 5.0025750653e-08, 3.34350680475e-08, 8.52222257208e-08, 6.20916367211e-08, 9.94557680656e-08, 3.06697742758e-08, 4.76139945249e-08, 2.18865764623e-07, 5.08764628648e-07, 2.09745309121e-07, 7.14212404773e-08, 1.29788109149e-08, 6.87644219344e-10, 3.85017920324e-11, 1.05727926414e-11, 3.26977876199e-12, 7.02646084762e-14, 1.2421858609e-16]
    mfcc:
        mean: [-729.001220703, 126.095069885, -75.4021911621, 60.3003807068, -18.6954536438, -9.78673458099, -7.87948083878, -12.0746355057, -13.1462068558, -6.86183357239, -3.60267949104, -3.08312678337, -3.7954647541]
        cov: [[2056.99194336, -520.232910156, 96.6364440918, -34.3293113708, 132.619995117, 14.7851839066, 57.7064857483, 84.0841903687, -13.081161499, -8.27100563049, 14.161570549, -39.1578025818, -67.3522720337], [-520.232910156, 708.671264648, -321.422607422, 134.766860962, -153.659240723, 11.6914691925, 1.46213233471, -16.8588371277, 7.03215503693, 25.8117160797, 10.7166090012, 26.1633815765, 45.1675872803], [96.6364440918, -321.422607422, 569.001831055, -43.7607002258, 269.535675049, 91.2803649902, 63.6931495667, 49.117816925, 31.4071159363, 33.3376274109, 42.5597801208, 29.5770988464, -4.4211025238], [-34.3293113708, 134.766860962, -43.7607002258, 222.28125, 44.1589851379, -1.18131017685, -36.8616409302, -4.69407987595, 20.6089019775, 13.2043390274, -0.968273937702, 22.4505119324, -6.63015985489], [132.619995117, -153.659240723, 269.535675049, 44.1589851379, 289.836914062, 47.153263092, 54.2228240967, 35.6268997192, 48.9187889099, 34.5710792542, 14.6327142715, 9.05558109283, -17.4621601105], [14.7851839066, 11.6914691925, 91.2803649902, -1.18131017685, 47.153263092, 214.667709351, 113.129440308, 65.25415802, -1.02628457546, 18.7349967957, 20.5331821442, -21.5573482513, -12.6559400558], [57.7064857483, 1.46213233471, 63.6931495667, -36.8616409302, 54.2228240967, 113.129440308, 189.928649902, 76.8700180054, 23.0829277039, 28.2830581665, 16.0218296051, -24.3827152252, -17.4506111145], [84.0841903687, -16.8588371277, 49.117816925, -4.69407987595, 35.6268997192, 65.25415802, 76.8700180054, 106.1043396, 21.0976543427, 6.4541311264, -0.621400892735, -11.0458278656, -14.4926300049], [-13.081161499, 7.03215503693, 31.4071159363, 20.6089019775, 48.9187889099, -1.02628457546, 23.0829277039, 21.0976543427, 98.5724716187, 52.7880172729, 14.940454483, -1.65388333797, -0.534420788288], [-8.27100563049, 25.8117160797, 33.3376274109, 13.2043390274, 34.5710792542, 18.7349967957, 28.2830581665, 6.4541311264, 52.7880172729, 100.797866821, 36.7789802551, 8.73844623566, -1.3910163641], [14.161570549, 10.7166090012, 42.5597801208, -0.968273937702, 14.6327142715, 20.5331821442, 16.0218296051, -0.621400892735, 14.940454483, 36.7789802551, 87.3955154419, 44.0117645264, 22.6956768036], [-39.1578025818, 26.1633815765, 29.5770988464, 22.4505119324, 9.05558109283, -21.5573482513, -24.3827152252, -11.0458278656, -1.65388333797, 8.73844623566, 44.0117645264, 90.0747756958, 51.1764564514], [-67.3522720337, 45.1675872803, -4.4211025238, -6.63015985489, -17.4621601105, -12.6559400558, -17.4506111145, -14.4926300049, -0.534420788288, -1.3910163641, 22.6956768036, 51.1764564514, 89.4715423584]]
        icov: [[0.000685732753482, 0.000665628933348, 0.000431462016422, -0.000240781489993, -0.000283838395262, 0.000118101634143, -0.000108962667582, -0.000593662727624, 0.000398736505304, -0.000124223006424, -0.000508933269884, 0.000231687765336, 2.45765440923e-05], [0.000665628933348, 0.00315877585672, 0.00159084517509, -0.00171865394805, 0.000434576097177, -0.000446685822681, -0.000842356181238, -0.000276476581348, 0.00026002645609, -0.000859103456605, -0.000384186278097, -0.000225158364628, -0.00111531885341], [0.000431462016422, 0.00159084517509, 0.00474980659783, 0.000959772092756, -0.00361497863196, -0.00141901907045, 0.000521355075762, -0.000751885061618, 0.000373922812287, -0.000419237883762, -0.000840793945827, -0.00153581332415, -1.13836895252e-05], [-0.000240781489993, -0.00171865394805, 0.000959772092756, 0.00714883441105, -0.00265261367895, -0.00130853371229, 0.00260566431098, -0.000129344160086, -0.00128181674518, 0.000129150634166, 0.00121704209596, -0.00312134018168, 0.00251899543218], [-0.000283838395262, 0.000434576097177, -0.00361497863196, -0.00265261367895, 0.00815853569657, 0.000379826116841, -0.00187269470189, 0.000715077214409, -0.00218781200238, -0.000214628642425, 0.00116493739188, -0.000437938550021, 0.000526942603756], [0.000118101634143, -0.000446685822681, -0.00141901907045, -0.00130853371229, 0.000379826116841, 0.00848395098001, -0.00358073529787, -0.00264111044817, 0.00288966135122, -0.000728448678274, -0.00242699123919, 0.0036456855014, -0.00116838293616], [-0.000108962667582, -0.000842356181238, 0.000521355075762, 0.00260566431098, -0.00187269470189, -0.00358073529787, 0.0108224246651, -0.00481291208416, -0.000435648136772, -0.00115325686056, -0.00129366188776, 0.00152333220467, 0.000457590445876], [-0.000593662727624, -0.000276476581348, -0.000751885061618, -0.000129344160086, 0.000715077214409, -0.00264111044817, -0.00481291208416, 0.0157369021326, -0.00408726092428, 0.00235027237795, 0.00250565679744, -0.00256224279292, 0.00186436134391], [0.000398736505304, 0.00026002645609, 0.000373922812287, -0.00128181674518, -0.00218781200238, 0.00288966135122, -0.000435648136772, -0.00408726092428, 0.0170696806163, -0.00824171956629, -0.00122957467102, 0.00373413367197, -0.00252303876914], [-0.000124223006424, -0.000859103456605, -0.000419237883762, 0.000129150634166, -0.000214628642425, -0.000728448678274, -0.00115325686056, 0.00235027237795, -0.00824171956629, 0.0169639345258, -0.00539522618055, -0.000191301776795, 0.00203238078393], [-0.000508933269884, -0.000384186278097, -0.000840793945827, 0.00121704209596, 0.00116493739188, -0.00242699123919, -0.00129366188776, 0.00250565679744, -0.00122957467102, -0.00539522618055, 0.0203157216311, -0.0107630146667, 0.00080878980225], [0.000231687765336, -0.000225158364628, -0.00153581332415, -0.00312134018168, -0.000437938550021, 0.0036456855014, 0.00152333220467, -0.00256224279292, 0.00373413367197, -0.000191301776795, -0.0107630146667, 0.025454422459, -0.0115168746561], [2.45765440923e-05, -0.00111531885341, -1.13836895252e-05, 0.00251899543218, 0.000526942603756, -0.00116838293616, 0.000457590445876, 0.00186436134391, -0.00252303876914, 0.00203238078393, 0.00080878980225, -0.0115168746561, 0.0186720527709]]
    spectral_contrast:
        mean: [6.389826126e-07, 3.61985598829e-07, 2.2515914111e-07, -5.05114712723e-07, 1.04082879204e-07, 1.61660267395e-08, -3.62728906111e-06, 1.38629309276e-06, 2.55850341091e-06, 2.22554035645e-06, 1.82528833648e-06, -1.33847083816e-06]
        var: [0.000747153186239, 0.000913788331673, 0.00163940188941, 0.00421500951052, 0.00509502645582, 0.00565352290869, 0.0542603619397, 0.10436912626, 0.175549685955, 0.460484951735, 0.596157491207, 1.38470828533]

rhythm:
    beats_loudness:
        dmean: 0.00246116961353
        dmean2: 0.00453324755654
        dvar: 3.01317572848e-06
        dvar2: 8.68367260409e-06
        max: 0.00879047811031
        mean: 0.00426708767191
        min: 0.000409636355471
        var: 5.41791359865e-06
    beats_loudness_bass:
        dmean: 0.0866020396352
        dmean2: 0.13819603622
        dvar: 0.0309891030192
        dvar2: 0.0795453414321
        max: 0.677338719368
        mean: 0.0686828121543
        min: 0.00178718345705
        var: 0.0249438527972
    bpm: 91.9172210693
    bpm_confidence: 0
    first_peak_bpm: 138
    first_peak_spread: 0
    first_peak_weight: 0.5
    onset_rate: 4.38639307022
    second_peak_bpm: 92
    second_peak_spread: 0.111111104488
    second_peak_weight: 0.444444447756
    beats_position: [0.12170971185, 0.774473309517, 1.42723691463, 2.08000040054, 2.73276400566, 3.3855278492, 4.03829145432, 4.69105482101, 5.34381866455, 5.97273588181, 6.40733957291, 6.84194278717, 7.27654695511, 7.71115064621, 8.14575386047, 8.58035755157, 9.01496124268, 9.44956493378, 9.88416862488]
    bpm_estimates: [92.2479553223, 91.8691635132, 91.9381103516, 91.5470428467, 91.85105896, 91.8800201416, 91.8882141113, 91.9905471802, 92.0429077148]
    bpm_intervals: [0.652763605118, 0.652763605118, 0.652763485909, 0.652763605118, 0.652763843536, 0.652763605118, 0.652763366699, 0.652763843536, 0.628917217255, 0.434603691101, 0.434603214264, 0.434604167938, 0.434603691101, 0.434603214264, 0.434603691101, 0.434603691101, 0.434603691101, 0.434603691101]
    onset_times: [0.0580498874187, 0.232199549675, 0.46439909935, 0.580498874187, 0.766258478165, 0.917188227177, 1.11455786228, 1.42802715302, 1.57895696163, 1.77632653713, 1.88081634045, 2.07818603516, 2.27555561066, 2.43809533119, 2.56580495834, 2.85605430603, 3.03020405769, 3.13469386101, 3.21596360207, 3.68036270142, 4.13315200806, 4.34213161469, 4.5046710968, 4.69043064117, 4.841360569, 5.18966007233, 5.78176879883, 6.07201814651, 6.42031764984, 6.5015873909, 6.93115663528, 7.0936961174, 7.30267572403, 7.61614513397, 7.80190467834, 8.13859367371, 8.25469398499, 8.44045352936, 8.60299301147, 9.04417228699, 9.36925125122, 9.55501174927, 9.81043052673, 9.99619007111]
    rubato_start: [6.40733957291]
    rubato_stop: [6.84194278717]
    perceptual_tempo: "unknown"

sfx:
    inharmonicity:
        dmean: 0.0497771762311
        dmean2: 0.0882006287575
        dvar: 0.00288474978879
        dvar2: 0.00821658317
        max: 0.398494571447
        mean: 0.0563817098737
        min: 0.000116113471449
        var: 0.00297202775255
    oddtoevenharmonicenergyratio:
        dmean: 2.98900818825
        dmean2: 5.48157644272
        dvar: 27.2358570099
        dvar2: 81.5279312134
        max: 36.2425994873
        mean: 2.09772491455
        min: 0.000241668807575
        var: 17.7058258057
    pitch_after_max_to_before_max_energy_ratio: 12.3298559189
    pitch_centroid: 216.134994507
    pitch_max_to_total: 0.0604651160538
    pitch_min_to_total: 0.497674405575
    tristimulus:
        dmean: [0.203273832798, 0.260109484196, 0.150358065963]
        dmean2: [0.346625357866, 0.453297525644, 0.269817352295]
        dvar: [0.0341376774013, 0.0447706468403, 0.0160259492695]
        dvar2: [0.0970025882125, 0.135608881712, 0.0451566316187]
        max: [0.96144169569, 0.974814474583, 0.647728264332]
        mean: [0.301768749952, 0.490225076675, 0.162858098745]
        min: [0.0040318579413, 0, 0]
        var: [0.0449841618538, 0.0591635368764, 0.0200814008713]

tonal:
    chords_changes_rate: 0.0231481473893
    chords_number_rate: 0.0185185186565
    chords_strength:
        dmean: 0.0117105208337
        dmean2: 0.0146493026987
        dvar: 8.35654427647e-05
        dvar2: 0.00014593800006
        max: 0.783210158348
        mean: 0.563689887524
        min: 0.376222163439
        var: 0.00827660504729
    key_strength: 0.79948413372
    tuning_diatonic_strength: 0.680626630783
    tuning_equal_tempered_deviation: 0.133053392172
    tuning_frequency: 456.570251465
    tuning_nontempered_energy_ratio: 0.781432807446
    hpcp:
        dmean: [0.0816440582275, 0.0869688987732, 0.131023049355, 0.16039788723, 0.125096410513, 0.135060414672, 0.181322216988, 0.200764477253, 0.207007274032, 0.251879900694, 0.224966213107, 0.18163177371, 0.138719037175, 0.125931993127, 0.133219078183, 0.128848895431, 0.13432097435, 0.144724905491, 0.17556270957, 0.164777651429, 0.166877105832, 0.1851824224, 0.192729264498, 0.240328997374, 0.248731538653, 0.231575936079, 0.129715397954, 0.122048527002, 0.138507425785, 0.163505941629, 0.173048228025, 0.151186674833, 0.200979560614, 0.215696170926, 0.160270348191, 0.0908837690949]
        dmean2: [0.144799619913, 0.148636519909, 0.227677449584, 0.282240569592, 0.215603709221, 0.240042477846, 0.318663328886, 0.346592307091, 0.356831431389, 0.444241970778, 0.397970050573, 0.327393531799, 0.251363068819, 0.226735860109, 0.239606499672, 0.222112134099, 0.232758149505, 0.233708918095, 0.306038886309, 0.294946521521, 0.301126688719, 0.334440857172, 0.336059242487, 0.427081763744, 0.430210411549, 0.405192911625, 0.218419551849, 0.214369803667, 0.250585049391, 0.281226277351, 0.281782627106, 0.250921338797, 0.337744951248, 0.380842834711, 0.278613179922, 0.153292283416]
        dvar: [0.0134096788242, 0.0132063459605, 0.0295379199088, 0.0437753871083, 0.0260294359177, 0.0429197438061, 0.0551223829389, 0.0563339553773, 0.0501066930592, 0.0680458545685, 0.0621133111417, 0.0671056807041, 0.0412381738424, 0.0362469218671, 0.0381157174706, 0.0330016836524, 0.040711440146, 0.028474451974, 0.0390321239829, 0.0437401942909, 0.0423454344273, 0.0577377900481, 0.0449349284172, 0.063496530056, 0.0626176670194, 0.0653759613633, 0.0205418523401, 0.0246118791401, 0.0278782006353, 0.0334045737982, 0.0330855287611, 0.0316699370742, 0.0358371287584, 0.0461404845119, 0.0356792546809, 0.014068136923]
        dvar2: [0.0370171144605, 0.0360966995358, 0.0764551311731, 0.12229937315, 0.070967912674, 0.12025872618, 0.148699104786, 0.138425529003, 0.127896383405, 0.180093869567, 0.180935367942, 0.184357151389, 0.109957017004, 0.0917128100991, 0.104109719396, 0.0929156169295, 0.104702845216, 0.0652345269918, 0.111428909004, 0.122492559254, 0.114336140454, 0.161800831556, 0.125803470612, 0.168919578195, 0.156756639481, 0.182200938463, 0.0531415715814, 0.0655237734318, 0.075465478003, 0.0950199738145, 0.0762766897678, 0.0774009898305, 0.09690515697, 0.112403228879, 0.098197452724, 0.0386222153902]
        max: [0.680915176868, 0.780800223351, 1, 1, 0.892643034458, 1, 1, 1, 1, 1, 1, 1, 1, 1, 1, 1, 1, 1, 1, 1, 1, 1, 1, 1, 1, 1, 1, 0.777102410793, 1, 1, 1, 1, 1, 1, 1, 0.855112373829]
        mean: [0.0946619063616, 0.102179974318, 0.170562520623, 0.195782527328, 0.145020082593, 0.143073484302, 0.188940256834, 0.223239243031, 0.273115098476, 0.308391451836, 0.257249295712, 0.186901673675, 0.139145448804, 0.125698015094, 0.146803483367, 0.152933046222, 0.14961989224, 0.209890052676, 0.242299094796, 0.174503937364, 0.158367499709, 0.191080227494, 0.228076949716, 0.352690935135, 0.412830680609, 0.271252065897, 0.143917545676, 0.126424849033, 0.140028089285, 0.23437833786, 0.283247292042, 0.229549229145, 0.293102711439, 0.33719086647, 0.202759996057, 0.104587763548]
        min: [0.00401563569903, 0.00262325047515, 0.00682186847553, 0.0095578180626, 0.0058773024939, 0.00332554453053, 0.00866410974413, 0.00917115062475, 0.0135040655732, 0.00977366045117, 0.00678014243022, 0.00342763029039, 0.00243226694874, 0.00293917115778, 0.00472773658112, 0.0022277799435, 0.00229894928634, 0.00183953437954, 0.00229901447892, 0.00527232466266, 0.00286137172952, 0.00336861005053, 0.0062470510602, 0.0114924339578, 0.0108481086791, 0.0117089599371, 0.00288212136365, 0.00211176020093, 0.00486293854192, 0.00563780916855, 0.0120043223724, 0.0120767932385, 0.00337627064437, 0.0124440509826, 0.00786302238703, 0.00494233053178]
        var: [0.0117428321391, 0.0140717811882, 0.0328768417239, 0.0459451116621, 0.0265259966254, 0.0322028845549, 0.0485630594194, 0.0657920762897, 0.0647669807076, 0.0845116749406, 0.0743442177773, 0.059316303581, 0.0379518941045, 0.0363132692873, 0.0382714048028, 0.0362554937601, 0.0460881628096, 0.0500367619097, 0.0538308694959, 0.0360007062554, 0.0404218882322, 0.0623775459826, 0.0533522032201, 0.0882638841867, 0.108988896012, 0.0713801160455, 0.0231733750552, 0.0242543853819, 0.0262356791645, 0.0472548343241, 0.0715891420841, 0.0600450374186, 0.0607811138034, 0.095939733088, 0.0467543564737, 0.014297394082]
    chords_histogram: [56.944442749, 17.1296291351, 0, 0, 0, 0, 0, 0, 0, 20.3703708649, 5.55555534363, 0, 0, 0, 0, 0, 0, 0, 0, 0, 0, 0, 0, 0]
    thpcp: [1, 0.657054066658, 0.348611563444, 0.306238979101, 0.339190125465, 0.567734777927, 0.686110079288, 0.556037247181, 0.709982872009, 0.816777646542, 0.491145670414, 0.253343015909, 0.229299589992, 0.247510612011, 0.413153707981, 0.474244117737, 0.35128223896, 0.346566975117, 0.457670092583, 0.540752530098, 0.661566853523, 0.747016787529, 0.623135149479, 0.452732026577, 0.337052106857, 0.304478377104, 0.355602174997, 0.37044981122, 0.362424343824, 0.508416771889, 0.586921215057, 0.422701001167, 0.383613675833, 0.462853759527, 0.55247092247, 0.854323446751]
    chords_key: "F"
    chords_scale: "minor"
    key_key: "F"
    key_scale: "minor"
    chords_progression: ["Em", "Em", "Em", "Em", "Fm", "Fm", "Fm", "Fm", "Fm", "Fm", "Fm", "Fm", "Fm", "Fm", "Fm", "Fm", "Fm", "Fm", "Fm", "Fm", "Fm", "Fm", "Fm", "Fm", "Fm", "Fm", "Fm", "Fm", "Fm", "Fm", "Fm", "Fm", "Fm", "Fm", "Fm", "Fm", "Fm", "Fm", "Fm", "Fm", "Fm", "Fm", "Fm", "Fm", "Fm", "Fm", "Fm", "Fm", "Fm", "Fm", "Fm", "Fm", "Fm", "Fm", "Fm", "Fm", "Fm", "Fm", "Fm", "Fm", "Fm", "Fm", "Fm", "Fm", "Fm", "Fm", "Fm", "Fm", "Fm", "G#", "G#", "G#", "G#", "G#", "G#", "G#", "G#", "G#", "G#", "G#", "G#", "G#", "G#", "G#", "G#", "G#", "G#", "G#", "G#", "G#", "G#", "G#", "G#", "G#", "G#", "G#", "G#", "G#", "G#", "G#", "G#", "G#", "G#", "G#", "G#", "G#", "Em", "Em", "Em", "Em", "Em", "Em", "Em", "Em", "C", "C", "C", "C", "C", "C", "C", "C", "C", "C", "C", "C", "C", "C", "C", "C", "C", "C", "C", "C", "C", "C", "C", "C", "C", "C", "C", "C", "C", "C", "C", "C", "C", "C", "C", "C", "C", "C", "C", "C", "C", "C", "C", "C", "Fm", "Fm", "Fm", "Fm", "Fm", "Fm", "Fm", "Fm", "Fm", "Fm", "Fm", "Fm", "Fm", "Fm", "Fm", "Fm", "Fm", "Fm", "Fm", "Fm", "Fm", "Fm", "Fm", "Fm", "Fm", "Fm", "Fm", "Fm", "Fm", "Fm", "Fm", "Fm", "Fm", "Fm", "Fm", "Fm", "Fm", "Fm", "Fm", "Fm", "Fm", "Fm", "Fm", "Fm", "Fm", "Fm", "Fm", "Fm", "Fm", "Fm", "Fm", "Fm", "Fm", "Fm", "Fm", "Fm", "Fm", "Fm"]
