
metadata:
    version:
        essentia: "1.2.2"
    audio_properties:
        analysis_sample_rate: 44100
        bitrate: 128
        channels: 2
        equal_loudness: 1
        length: 10.0571432114
        replay_gain: -7.5479850769
        downmix: "mix"
    tags:
        track: 14
        year: 0
        album: "Splitted by Mp3Splt v. 2.1"
        artist: "From 002.10 To 002.20"
        comment: "http://mp3splt.sf.net"
        genre: ""
        title: "02 Hard Times.mp3"

highlevel:
    ballroom:
        all:
            ChaChaCha: 0.0194272827357
            Jive: 0.519468128681
            Quickstep: 0.0159458238631
            Rumba-American: 0.011449941434
            Rumba-International: 0.0195497702807
            Rumba-Misc: 0.296265572309
            Samba: 0.0899166241288
            Tango: 0.00205284496769
            VienneseWaltz: 0.00450051994994
            Waltz: 0.0214234795421
        probability: 0.519468128681
        value: "Jive"
    culture:
        all:
            non_western: 0.335954636335
            western: 0.664045393467
        probability: 0.664045393467
        value: "western"
    gender:
        all:
            female: 0.770754814148
            male: 0.229245185852
        probability: 0.770754814148
        value: "female"
    genre_dortmund:
        all:
            alternative: 0.0190204046667
            blues: 0.000868237460963
            electronic: 0.608745038509
            folkcountry: 0.00288160680793
            funksoulrnb: 0.0375483743846
            jazz: 0.0181795656681
            pop: 0.0244211461395
            raphiphop: 0.270012706518
            rock: 0.0183229204267
        probability: 0.608745038509
        value: "electronic"
    genre_electronica:
        all:
            ambient: 0.108918279409
            dnb: 0.453954309225
            house: 0.327603667974
            techno: 0.0291713438928
            trance: 0.0803524032235
        probability: 0.453954309225
        value: "dnb"
    genre_rosamerica:
        all:
            cla: 0.0311076808721
            dan: 0.522032380104
            hip: 0.05981246382
            jaz: 0.00760475220159
            pop: 0.125744327903
            rhy: 0.235339850187
            roc: 0.0137761523947
            spe: 0.00458239298314
        probability: 0.522032380104
        value: "dan"
    genre_tzanetakis:
        all:
            blu: 0.00132196687628
            cla: 0.00327723682858
            cou: 0.00291667319834
            dis: 0.090395309031
            hip: 0.0342398025095
            jaz: 0.0033620307222
            met: 0.00650053098798
            pop: 0.770194292068
            reg: 0.0623073466122
            roc: 0.0254847966135
        probability: 0.770194292068
        value: "pop"
    live_studio:
        all:
            live: 0.71705943346
            studio: 0.28294056654
        probability: 0.71705943346
        value: "live"
    mood:
        all:
            Cluster1: 0.0133906500414
            Cluster2: 0.0510351285338
            Cluster3: 0.85587477684
            Cluster4: 0.0432412959635
            Cluster5: 0.0364581421018
        probability: 0.85587477684
        value: "Cluster3"
    mood_acoustic:
        all:
            acoustic: 0.0257449932396
            not_acoustic: 0.974255025387
        probability: 0.974255025387
        value: "not_acoustic"
    mood_aggressive:
        all:
            aggressive: 0.0358737930655
            not_aggressive: 0.964126229286
        probability: 0.964126229286
        value: "not_aggressive"
    mood_electronic:
        all:
            electronic: 0.877669453621
            not_electronic: 0.12233056128
        probability: 0.877669453621
        value: "electronic"
    mood_happy:
        all:
            happy: 0.202457100153
            not_happy: 0.797542870045
        probability: 0.797542870045
        value: "not_happy"
    mood_party:
        all:
            not_party: 0.187665373087
            party: 0.812334597111
        probability: 0.812334597111
        value: "party"
    mood_relaxed:
        all:
            not_relaxed: 0.412437081337
            relaxed: 0.587562918663
        probability: 0.587562918663
        value: "relaxed"
    mood_sad:
        all:
            not_sad: 0.764728307724
            sad: 0.235271677375
        probability: 0.764728307724
        value: "not_sad"
    rhythm:
        all:
            fast: 0.408445715904
            medium: 0.583009004593
            slow: 0.00854527950287
        probability: 0.583009004593
        value: "medium"
    speech_music:
        all:
            music: 0.999786138535
            speech: 0.000213860912481
        probability: 0.999786138535
        value: "music"
    timbre:
        all:
            bright: 0.534181773663
            dark: 0.465818226337
        probability: 0.534181773663
        value: "bright"
    voice_instrumental:
        all:
            instrumental: 0.154934614897
            voice: 0.845065355301
        probability: 0.845065355301
        value: "voice"

lowlevel:
    average_loudness: 0.647651970387
    barkbands_kurtosis:
        dmean: 1.72624731064
        dmean2: 2.7413585186
        dvar: 7.39953565598
        dvar2: 19.3310623169
        max: 31.2680282593
        mean: 0.716541290283
        min: -1.85486125946
        var: 9.70132064819
    barkbands_skewness:
        dmean: 0.659996449947
        dmean2: 0.95844322443
        dvar: 0.350658267736
        dvar2: 0.792154014111
        max: 5.19243812561
        mean: 0.417932629585
        min: -3.62346482277
        var: 1.46582055092
    barkbands_spread:
        dmean: 7.53842401505
        dmean2: 11.7598152161
        dvar: 61.4935646057
        dvar2: 137.774383545
        max: 83.3284835815
        mean: 24.232421875
        min: 4.78055095673
        var: 127.745315552
    dissonance:
        dmean: 0.02004105784
        dmean2: 0.033443108201
        dvar: 0.000668813765515
        dvar2: 0.00118860660587
        max: 0.499808341265
        mean: 0.462183594704
        min: 0.0307522248477
        var: 0.000978628522716
    hfc:
        dmean: 2.19019889832
        dmean2: 3.24941825867
        dvar: 18.6887130737
        dvar2: 41.6614875793
        max: 45.3576507568
        mean: 3.94856619835
        min: 9.21208484215e-05
        var: 50.2534751892
    pitch:
        dmean: 717.854919434
        dmean2: 1332.66320801
        dvar: 1643650.625
        dvar2: 3531788
        max: 6300
        mean: 1027.8013916
        min: 82.7392120361
        var: 2071360.25
    pitch_instantaneous_confidence:
        dmean: 0.101859122515
        dmean2: 0.170109525323
        dvar: 0.00822674762458
        dvar2: 0.0223831292242
        max: 0.790184795856
        mean: 0.381014317274
        min: 0.152854859829
        var: 0.0151133798063
    pitch_salience:
        dmean: 0.0784283876419
        dmean2: 0.125423923135
        dvar: 0.00458601908758
        dvar2: 0.0103007890284
        max: 0.933277904987
        mean: 0.605154395103
        min: 0.212952896953
        var: 0.0127495694906
    silence_rate_20dB:
        dmean: 0
        dmean2: 0
        dvar: 0
        dvar2: 0
        max: 1
        mean: 1
        min: 1
        var: 0
    silence_rate_30dB:
        dmean: 0
        dmean2: 0
        dvar: 0
        dvar2: 0
        max: 1
        mean: 1
        min: 1
        var: 0
    silence_rate_60dB:
        dmean: 0.0739030018449
        dmean2: 0.148148149252
        dvar: 0.0684412643313
        dvar2: 0.140089645982
        max: 1
        mean: 0.864055275917
        min: 0
        var: 0.11746366322
    spectral_centroid:
        dmean: 528.133239746
        dmean2: 722.670227051
        dvar: 487713.21875
        dvar2: 788852
        max: 6574.56396484
        mean: 1850.16259766
        min: 168.105728149
        var: 1530574.375
    spectral_complexity:
        dmean: 2.10208821297
        dmean2: 3.21162796021
        dvar: 11.6693906784
        dvar2: 24.1807994843
        max: 41
        mean: 4.26620388031
        min: 0
        var: 33.3897781372
    spectral_crest:
        dmean: 2.94214177132
        dmean2: 4.66057491302
        dvar: 7.31445550919
        dvar2: 17.7350521088
        max: 22.831741333
        mean: 9.68998336792
        min: 3.63000178337
        var: 17.2400417328
    spectral_decrease:
        dmean: 2.53567916664e-10
        dmean2: 4.04509925556e-10
        dvar: 4.71373318159e-19
        dvar2: 1.13103434703e-18
        max: -1.43306675256e-14
        mean: -4.58508925272e-10
        min: -6.31160856912e-09
        var: 6.67996631305e-19
    spectral_energy:
        dmean: 0.00111005688086
        dmean2: 0.00175785971805
        dvar: 7.76368233346e-06
        dvar2: 1.83208303497e-05
        max: 0.0269203875214
        mean: 0.00208866549656
        min: 6.24428793117e-08
        var: 1.24535399664e-05
    spectral_energyband_high:
        dmean: 0.000226548159844
        dmean2: 0.000319277838571
        dvar: 2.43397607846e-07
        dvar2: 4.84962072278e-07
        max: 0.00529346941039
        mean: 0.000324370077578
        min: 2.30623098396e-09
        var: 4.51380032018e-07
    spectral_energyband_low:
        dmean: 0.000270854710834
        dmean2: 0.000465306569822
        dvar: 2.25910093832e-06
        dvar2: 5.34767059435e-06
        max: 0.0151740368456
        mean: 0.000285340531264
        min: 1.39616795902e-09
        var: 2.17950855586e-06
    spectral_energyband_middle_high:
        dmean: 0.00041219740524
        dmean2: 0.000686596671585
        dvar: 7.87729277363e-07
        dvar2: 2.06834124583e-06
        max: 0.0112298522145
        mean: 0.000741862633731
        min: 3.83465383891e-08
        var: 2.56334465121e-06
    spectral_energyband_middle_low:
        dmean: 0.000476742192404
        dmean2: 0.000790459453128
        dvar: 1.66874519891e-06
        dvar2: 4.4564444579e-06
        max: 0.0180343333632
        mean: 0.000737091177143
        min: 2.02935588334e-08
        var: 1.60110153047e-06
    spectral_flatness_db:
        dmean: 0.022908443585
        dmean2: 0.0362407825887
        dvar: 0.000465238146717
        dvar2: 0.00112346850801
        max: 0.292499572039
        mean: 0.176568716764
        min: 0.0844327732921
        var: 0.00116939202417
    spectral_flux:
        dmean: 0.00969940330833
        dmean2: 0.0149508006871
        dvar: 0.000215402324102
        dvar2: 0.000446945225121
        max: 0.155979499221
        mean: 0.0272891949862
        min: 0.00428526615724
        var: 0.000416047667386
    spectral_kurtosis:
        dmean: 1.29934561253
        dmean2: 1.96711027622
        dvar: 2.40891718864
        dvar2: 5.54654502869
        max: 16.3631896973
        mean: 3.09203600883
        min: -1.19140183926
        var: 6.00595474243
    spectral_rms:
        dmean: 0.000327358109644
        dmean2: 0.000491960265208
        dvar: 2.44056622023e-07
        dvar2: 5.23785558926e-07
        max: 0.00512482132763
        mean: 0.00120286468882
        min: 7.80511891207e-06
        var: 5.90838453718e-07
    spectral_rolloff:
        dmean: 934.121154785
        dmean2: 1352.13464355
        dvar: 1392994.625
        dvar2: 2251240.75
        max: 10314.4042969
        mean: 3219.36254883
        min: 150.732421875
        var: 4144692.25
    spectral_skewness:
        dmean: 0.273318111897
        dmean2: 0.37027528882
        dvar: 0.0903188586235
        dvar2: 0.129913628101
        max: 3.00509595871
        mean: 1.38122308254
        min: -0.283059328794
        var: 0.358749002218
    spectral_spread:
        dmean: 1049728.625
        dmean2: 1482659.75
        dvar: 1.50537358541e+12
        dvar2: 2.70912376013e+12
        max: 14538964
        mean: 6045879.5
        min: 2521548.5
        var: 5.08075389747e+12
    spectral_strongpeak:
        dmean: 0.263410627842
        dmean2: 0.43253916502
        dvar: 0.175393298268
        dvar2: 0.342529445887
        max: 6.85346364975
        mean: 0.465245485306
        min: 0.000171185252839
        var: 0.78098243475
    zerocrossingrate:
        dmean: 0.0200943034142
        dmean2: 0.0204839669168
        dvar: 0.000604937900789
        dvar2: 0.000559807871468
        max: 0.30712890625
        mean: 0.102416992188
        min: 0.005859375
        var: 0.00308646913618
    barkbands:
        dmean: [1.84853902852e-07, 0.000165767982253, 0.00014730168914, 8.07237665867e-05, 0.000198514520889, 0.00017913870397, 3.88944972656e-05, 2.32138318097e-05, 7.20709285815e-05, 3.21878978866e-05, 1.87484511116e-05, 3.35357472068e-05, 3.11020157824e-05, 9.27610890358e-05, 6.10484203207e-05, 5.40769797226e-05, 6.93957554176e-05, 7.55333749112e-05, 6.06211215199e-05, 7.33527122065e-05, 5.89219889662e-05, 8.60320287757e-05, 2.57558658632e-05, 2.99535204249e-05, 2.18605018745e-05, 2.85227230279e-07, 3.39264338844e-10]
        dmean2: [2.89303727641e-07, 0.000267348979833, 0.000274614314549, 0.000151029453264, 0.000336585566401, 0.000271184719168, 6.85870763846e-05, 4.02310215577e-05, 0.00012557154696, 5.55115002498e-05, 3.20131148328e-05, 5.8532528783e-05, 5.8212026488e-05, 0.000169572478626, 9.53935596044e-05, 9.09686496016e-05, 0.000109961845737, 0.00012817150855, 0.000100342840597, 0.000114773734822, 8.84550754563e-05, 0.000125754231703, 3.80693163606e-05, 4.34894682257e-05, 3.13197269861e-05, 4.31858723005e-07, 5.51776124791e-10]
        dvar: [1.25932402527e-12, 7.83608413712e-07, 7.26930181827e-07, 1.87631471249e-07, 8.11062193407e-07, 1.5602400083e-07, 5.46793899048e-08, 3.56523011114e-09, 1.98152996234e-08, 4.28037782996e-09, 1.04844777304e-09, 8.47726067121e-09, 7.22269133391e-09, 5.39582245551e-08, 1.60328017529e-08, 3.66652308514e-08, 9.6850996556e-08, 5.1004356294e-08, 3.95076149573e-08, 4.15997440939e-08, 1.86909794309e-08, 5.83632626672e-08, 5.3036726122e-09, 9.90488491226e-09, 3.48695516905e-09, 5.38733554295e-13, 6.96422382862e-19]
        dvar2: [3.13453516615e-12, 1.78838649845e-06, 2.02831733986e-06, 5.40997348253e-07, 2.31859485211e-06, 2.52890401953e-07, 1.54188157353e-07, 9.02347974119e-09, 5.50119096943e-08, 1.13826628123e-08, 3.05902947417e-09, 2.44731843679e-08, 2.09847623722e-08, 1.48533160882e-07, 3.6161118544e-08, 7.98818788894e-08, 2.44315884856e-07, 1.45513851635e-07, 9.96332190084e-08, 9.97711353534e-08, 3.83666076686e-08, 1.3144747868e-07, 1.17736691507e-08, 2.19065956486e-08, 6.94155666281e-09, 1.1211200154e-12, 1.73501154163e-18]
        max: [1.79162743734e-05, 0.00881518796086, 0.00775401201099, 0.00387340667658, 0.013846068643, 0.00395866716281, 0.00311097595841, 0.000893249467481, 0.000926523469388, 0.00046294083586, 0.000550279626623, 0.000825243885629, 0.00101020373404, 0.00174231128767, 0.00118542450946, 0.0038181184791, 0.00478294258937, 0.00263095856644, 0.00294111832045, 0.00282245338894, 0.00175309996121, 0.00292573357001, 0.000727919919882, 0.00150646071415, 0.0006076709833, 6.80974380884e-06, 9.24252319123e-09]
        mean: [1.59149223578e-07, 0.000157143804245, 0.000128039595438, 5.49001633772e-05, 0.000256864295807, 0.000241429937887, 3.10960931529e-05, 2.2171809178e-05, 0.000124911777675, 4.61273775727e-05, 3.86803476431e-05, 3.58675279131e-05, 2.84238958557e-05, 8.7478205387e-05, 7.96944732429e-05, 7.15851201676e-05, 0.000112103727588, 9.79619653663e-05, 9.28792796913e-05, 9.87808962236e-05, 9.43851773627e-05, 9.93619687506e-05, 2.98121613014e-05, 3.48262801708e-05, 2.36301330006e-05, 3.51169774149e-07, 3.5424962963e-10]
        min: [5.10749602334e-12, 5.75073433318e-10, 7.15493664316e-10, 9.75702962869e-10, 2.67042898905e-09, 1.12741971314e-09, 2.81608458774e-10, 3.32008287529e-09, 1.04983506333e-08, 6.4441798564e-09, 2.62401722573e-09, 8.07105404732e-09, 2.7195086183e-09, 3.08635983437e-09, 1.39584233061e-09, 1.10216458182e-09, 4.73805705781e-09, 9.09567354768e-09, 2.84599871447e-10, 1.58509938508e-09, 6.32286056845e-10, 8.48972281364e-11, 6.84389905858e-11, 8.91614143628e-11, 2.08424145998e-11, 1.62251601044e-11, 2.9756749907e-13]
        var: [1.09620602526e-12, 7.54740995035e-07, 5.60610999401e-07, 1.1333466432e-07, 5.59866748517e-07, 3.34141759595e-07, 3.40887886807e-08, 2.89772583706e-09, 1.46629144382e-08, 3.64696539634e-09, 2.90050139462e-09, 6.04840666441e-09, 4.3929770932e-09, 5.68944393819e-08, 2.24757883416e-08, 9.83637704621e-08, 2.4904517204e-07, 5.62785089642e-08, 7.00808726606e-08, 6.68257484904e-08, 4.65264804461e-08, 7.4053929211e-08, 7.2333019574e-09, 1.43948444276e-08, 5.12775866213e-09, 8.97296451551e-13, 7.79908584714e-19]
    mfcc:
        mean: [-783.470581055, 75.1578674316, -52.0183410645, 11.115105629, -33.4002418518, -15.4729270935, -7.00960683823, -14.9853229523, -3.91628909111, -14.86170578, -14.1747112274, -22.6554660797, -21.7286663055]
        cov: [[4215.32177734, -1076.93884277, 916.875244141, 251.594970703, 678.011657715, 385.836791992, -109.703201294, -23.1687088013, 9.52709674835, 57.9799804688, 130.281738281, 82.3316802979, 157.425537109], [-1076.93884277, 1913.01831055, -350.990905762, 405.737243652, 194.335357666, -94.5723266602, 234.490264893, -97.5650177002, -9.24711227417, -43.4783287048, -17.6924762726, 47.4821357727, -69.1462249756], [916.875244141, -350.990905762, 969.799072266, -87.2750244141, 259.347839355, 200.554000854, 11.6046247482, 76.2992706299, 18.7039165497, -32.0493278503, 5.36302137375, 9.78572750092, 15.0079994202], [251.594970703, 405.737243652, -87.2750244141, 422.989227295, 178.606933594, 8.09025001526, 107.42225647, 40.4087295532, 80.0223617554, 50.9899406433, 35.2828178406, 44.3226852417, 47.2829589844], [678.011657715, 194.335357666, 259.347839355, 178.606933594, 381.367736816, 119.453804016, 84.4620513916, 69.3364486694, 39.9177093506, 38.5083007812, 49.2538528442, 67.1256790161, 60.4786109924], [385.836791992, -94.5723266602, 200.554000854, 8.09025001526, 119.453804016, 245.076126099, 55.6872024536, 53.1559104919, 29.4058437347, 83.3303756714, 30.1185646057, -5.41204404831, 42.2574424744], [-109.703201294, 234.490264893, 11.6046247482, 107.42225647, 84.4620513916, 55.6872024536, 186.256622314, 90.0041122437, 69.540763855, 55.9761352539, 25.2508354187, 53.3549156189, 3.47603154182], [-23.1687088013, -97.5650177002, 76.2992706299, 40.4087295532, 69.3364486694, 53.1559104919, 90.0041122437, 196.956726074, 75.0832214355, 56.1811676025, 35.366771698, 48.4121284485, 44.0042610168], [9.52709674835, -9.24711227417, 18.7039165497, 80.0223617554, 39.9177093506, 29.4058437347, 69.540763855, 75.0832214355, 126.86630249, 64.5441665649, 27.3248195648, 34.4502410889, 35.1323356628], [57.9799804688, -43.4783287048, -32.0493278503, 50.9899406433, 38.5083007812, 83.3303756714, 55.9761352539, 56.1811676025, 64.5441665649, 161.381134033, 55.9078369141, 17.5463638306, 57.1983261108], [130.281738281, -17.6924762726, 5.36302137375, 35.2828178406, 49.2538528442, 30.1185646057, 25.2508354187, 35.366771698, 27.3248195648, 55.9078369141, 85.8719100952, 34.1082572937, 37.4664573669], [82.3316802979, 47.4821357727, 9.78572750092, 44.3226852417, 67.1256790161, -5.41204404831, 53.3549156189, 48.4121284485, 34.4502410889, 17.5463638306, 34.1082572937, 127.964813232, 30.0719127655], [157.425537109, -69.1462249756, 15.0079994202, 47.2829589844, 60.4786109924, 42.2574424744, 3.47603154182, 44.0042610168, 35.1323356628, 57.1983261108, 37.4664573669, 30.0719127655, 93.5335617065]]
        icov: [[0.000843002868351, 0.000816701562144, -0.000174833461642, -0.00092912412947, -0.00141563615762, -0.000607296358794, 0.000206550350413, 0.00124443729874, 0.000326239678543, 0.000315372599289, -0.000550961645786, -0.000408713734942, 0.000315932586091], [0.000816701562144, 0.00186188018415, 0.000207620338188, -0.00144899496809, -0.00201843236573, -0.000235186700593, -0.00150106975343, 0.00217639724724, 0.00080298492685, 0.000674781331327, -0.00037311919732, -0.000242742535193, 0.000657502852846], [-0.000174833461642, 0.000207620338188, 0.00199107360095, 0.000862146844156, -0.00136761576869, -0.000978748663329, -0.000102121681266, -0.000360278761946, -0.000798243097961, 0.00125309044961, 0.000219187379116, 0.000296602840535, 0.000542587076779], [-0.00092912412947, -0.00144899496809, 0.000862146844156, 0.0055858916603, -0.000551580218598, 0.00138704665005, -0.00110221887007, -0.000979411997832, -0.00252267764881, -0.000182009796845, 0.000508749799337, 0.00130488921423, -0.00180223223288], [-0.00141563615762, -0.00201843236573, -0.00136761576869, -0.000551580218598, 0.00860122777522, -0.000614164513536, -0.000133996436489, -0.00272412411869, 0.000676494906656, -0.000120102908113, -0.000197046523681, -0.00105163210537, -0.00237233075313], [-0.000607296358794, -0.000235186700593, -0.000978748663329, 0.00138704665005, -0.000614164513536, 0.00815779808909, -0.00279473909177, -0.000455140485428, 0.000925915199332, -0.00365061755292, 0.000758313108236, 0.00257594278082, -0.00191363692284], [0.000206550350413, -0.00150106975343, -0.000102121681266, -0.00110221887007, -0.000133996436489, -0.00279473909177, 0.0138940745965, -0.0045985323377, -0.00308764679357, -0.00236841174774, 8.69464784046e-05, -0.003522120649, 0.00581828784198], [0.00124443729874, 0.00217639724724, -0.000360278761946, -0.000979411997832, -0.00272412411869, -0.000455140485428, -0.0045985323377, 0.0111613264307, -0.00175567006227, 0.000998359289952, -0.00130726140924, -0.000942787097301, -0.00217003165744], [0.000326239678543, 0.00080298492685, -0.000798243097961, -0.00252267764881, 0.000676494906656, 0.000925915199332, -0.00308764679357, -0.00175567006227, 0.0142996702343, -0.00342221790925, 0.000471743114758, -0.00106954691, -0.00159058230929], [0.000315372599289, 0.000674781331327, 0.00125309044961, -0.000182009796845, -0.000120102908113, -0.00365061755292, -0.00236841174774, 0.000998359289952, -0.00342221790925, 0.0134066203609, -0.0051255072467, 0.0014501940459, -0.00412195082754], [-0.000550961645786, -0.00037311919732, 0.000219187379116, 0.000508749799337, -0.000197046523681, 0.000758313108236, 8.69464784046e-05, -0.00130726140924, 0.000471743114758, -0.0051255072467, 0.0179367251694, -0.00269946688786, -0.00260402751155], [-0.000408713734942, -0.000242742535193, 0.000296602840535, 0.00130488921423, -0.00105163210537, 0.00257594278082, -0.003522120649, -0.000942787097301, -0.00106954691, 0.0014501940459, -0.00269946688786, 0.0117614055052, -0.00329332612455], [0.000315932586091, 0.000657502852846, 0.000542587076779, -0.00180223223288, -0.00237233075313, -0.00191363692284, 0.00581828784198, -0.00217003165744, -0.00159058230929, -0.00412195082754, -0.00260402751155, -0.00329332612455, 0.0198929272592]]
    spectral_contrast:
        mean: [-3.34103361865e-07, 3.961397681e-07, -1.72398159748e-07, -1.16518805271e-07, 1.85764363891e-07, 7.2539677376e-08, -2.37701124206e-06, 1.8501930299e-06, -1.0011373206e-06, -1.48901233388e-06, -1.5872495851e-06, 1.82125302217e-06]
        var: [0.000619604892563, 0.000892242358532, 0.000975617906079, 0.00182969786692, 0.00554192950949, 0.00763469422236, 0.0685925483704, 0.160337820649, 0.212336629629, 0.480555683374, 0.972256481647, 2.45818662643]

rhythm:
    beats_loudness:
        dmean: 0.00284447148442
        dmean2: 0.0056317592971
        dvar: 2.65002054221e-05
        dvar2: 8.65773545229e-05
        max: 0.0192546118051
        mean: 0.00272558513097
        min: 0.000310226692818
        var: 1.7579886844e-05
    beats_loudness_bass:
        dmean: 0.0900194495916
        dmean2: 0.179274410009
        dvar: 0.0397268608212
        dvar2: 0.126629844308
        max: 0.815591394901
        mean: 0.0898537859321
        min: 8.42609661049e-05
        var: 0.0496239736676
    bpm: 111.80091095
    bpm_confidence: 0
    first_peak_bpm: 112
    first_peak_spread: 0
    first_peak_weight: 0.5
    onset_rate: 4.97159099579
    second_peak_bpm: 149
    second_peak_spread: 0
    second_peak_weight: 0.449999988079
    beats_position: [0.178672879934, 0.715341329575, 1.25200974941, 1.78867816925, 2.3253467083, 2.86201500893, 3.39868330956, 3.9353518486, 4.47202014923, 5.00868844986, 5.54535722733, 6.02312326431, 6.42650508881, 6.82988643646, 7.23326778412, 7.63664865494, 8.04003047943, 8.44341182709, 8.84679222107, 9.2501745224, 9.65355587006]
    bpm_estimates: [111.898719788, 111.721229553, 111.782798767]
    bpm_intervals: [0.536668419838, 0.536668419838, 0.536668419838, 0.536668539047, 0.536668300629, 0.536668300629, 0.536668539047, 0.536668300629, 0.536668300629, 0.536668777466, 0.477766036987, 0.403381824493, 0.403381347656, 0.403381347656, 0.403380870819, 0.403381824493, 0.403381347656, 0.403380393982, 0.403382301331, 0.403381347656]
    onset_times: [0.0580498874187, 0.18575963378, 0.638548731804, 0.731428563595, 0.893968224525, 1.04489791393, 1.25387752056, 1.50929701328, 1.81115651131, 1.96208620071, 2.21750569344, 2.42648530006, 2.63546490669, 2.79800462723, 2.84444451332, 3.05342411995, 3.19274377823, 3.40172338486, 3.62231302261, 3.87773251534, 3.97061228752, 4.13315200806, 4.38857126236, 4.49306106567, 4.59755086899, 4.95746040344, 5.10838985443, 5.21287965775, 5.32897949219, 5.5727891922, 5.75854873657, 6.03718805313, 6.25777769089, 6.51319742203, 6.67573690414, 6.7570066452, 6.9543762207, 7.11691617966, 7.16335582733, 7.38394546509, 7.52326536179, 7.73224496841, 7.97605419159, 8.19664382935, 8.44045352936, 8.98612213135, 9.25315189362, 9.39247131348, 9.65950107574, 9.79882049561]
    rubato_start: [6.42650508881]
    rubato_stop: [9.65355587006]
    perceptual_tempo: "unknown"

sfx:
    inharmonicity:
        dmean: 0.057512100786
        dmean2: 0.102946519852
        dvar: 0.00471370527521
        dvar2: 0.0123672150075
        max: 0.457127064466
        mean: 0.0539823770523
        min: 0
        var: 0.00490209972486
    oddtoevenharmonicenergyratio:
        dmean: 10.7427797318
        dmean2: 20.1274051666
        dvar: 3415.2668457
        dvar2: 10095.9042969
        max: 830.032165527
        mean: 6.53768062592
        min: 0
        var: 1949.90161133
    pitch_after_max_to_before_max_energy_ratio: 2.41499423981
    pitch_centroid: 209.143432617
    pitch_max_to_total: 0.317129641771
    pitch_min_to_total: 0.942129611969
    tristimulus:
        dmean: [0.251566380262, 0.268835663795, 0.143369346857]
        dmean2: [0.448704302311, 0.473211318254, 0.259342521429]
        dvar: [0.0496276840568, 0.057399649173, 0.0223787706345]
        dvar2: [0.132408887148, 0.144819140434, 0.0650008618832]
        max: [1, 0.984887123108, 0.734193146229]
        mean: [0.365893930197, 0.436840951443, 0.134105876088]
        min: [0.000836350372992, 0, 0]
        var: [0.0769799277186, 0.0774403214455, 0.0237350985408]

tonal:
    chords_changes_rate: 0.0967741906643
    chords_number_rate: 0.0184331797063
    chords_strength:
        dmean: 0.00753349391744
        dmean2: 0.00809853058308
        dvar: 2.85394016828e-05
        dvar2: 4.24782774644e-05
        max: 0.525663852692
        mean: 0.401645898819
        min: 0.278595685959
        var: 0.00220640213229
    key_strength: 0.578095197678
    tuning_diatonic_strength: 0.442191034555
    tuning_equal_tempered_deviation: 0.113466136158
    tuning_frequency: 443.060424805
    tuning_nontempered_energy_ratio: 0.681610822678
    hpcp:
        dmean: [0.159403681755, 0.170175209641, 0.200065299869, 0.188300743699, 0.188944816589, 0.180982246995, 0.189815431833, 0.142079040408, 0.118312805891, 0.090847812593, 0.103752240539, 0.2562032938, 0.253264695406, 0.174798861146, 0.126560300589, 0.14838886261, 0.15137784183, 0.195218637586, 0.223738104105, 0.198061048985, 0.221747308969, 0.230983063579, 0.171098932624, 0.217433586717, 0.246931195259, 0.134596511722, 0.118138581514, 0.174152269959, 0.153928875923, 0.186716496944, 0.163409769535, 0.146464452147, 0.162778824568, 0.189829617739, 0.147136852145, 0.135851234198]
        dmean2: [0.271498769522, 0.289315909147, 0.336808621883, 0.299724787474, 0.316375046968, 0.307112008333, 0.321382552385, 0.236343577504, 0.195250540972, 0.146948501468, 0.17306637764, 0.42604097724, 0.427755057812, 0.298150062561, 0.224701881409, 0.253700256348, 0.264314323664, 0.336050033569, 0.392401307821, 0.36174762249, 0.387454122305, 0.410914123058, 0.307616770267, 0.370232671499, 0.409944325686, 0.224471569061, 0.194381818175, 0.285786002874, 0.254593878984, 0.316799283028, 0.275886237621, 0.244579702616, 0.270167499781, 0.309359163046, 0.247801601887, 0.240873843431]
        dvar: [0.0422674566507, 0.0417854636908, 0.0596501268446, 0.0497040338814, 0.052073225379, 0.0353022515774, 0.0358546711504, 0.0241024401039, 0.0280050486326, 0.0142181338742, 0.0176428444684, 0.0594633743167, 0.0721552371979, 0.0435454212129, 0.036289613694, 0.0404153764248, 0.0362395010889, 0.0553876012564, 0.0812640115619, 0.065226405859, 0.0668663680553, 0.0638651996851, 0.0409411117435, 0.0456363148987, 0.0523181445897, 0.0211567785591, 0.0163908023387, 0.0314910672605, 0.0231728069484, 0.053615886718, 0.0293243136257, 0.0309107899666, 0.0346024818718, 0.0440605469048, 0.0408067032695, 0.0379086397588]
        dvar2: [0.111955091357, 0.101893074811, 0.153460249305, 0.121038585901, 0.14089679718, 0.0860648080707, 0.0778907760978, 0.0575991123915, 0.0781554356217, 0.0378770455718, 0.0471584498882, 0.147222191095, 0.148074179888, 0.113358795643, 0.0924333706498, 0.101420536637, 0.0951542258263, 0.148000657558, 0.231176972389, 0.182000860572, 0.19432143867, 0.194953605533, 0.118633419275, 0.113719157875, 0.110992252827, 0.0519292615354, 0.0399655662477, 0.072716973722, 0.0585577189922, 0.139841556549, 0.073467053473, 0.0757019743323, 0.0870105624199, 0.107984244823, 0.101269461215, 0.100145511329]
        max: [1, 1, 1, 1, 1, 1, 1, 1, 1, 0.747848749161, 1, 1, 1, 1, 1, 1, 1, 1, 1, 1, 1, 1, 1, 1, 1, 1, 0.812828600407, 1, 0.804257512093, 1, 1, 1, 1, 1, 1, 1]
        mean: [0.177519127727, 0.185917019844, 0.210640743375, 0.222667604685, 0.206516489387, 0.265895783901, 0.309552252293, 0.218188881874, 0.143168464303, 0.120601467788, 0.142094120383, 0.384208142757, 0.463999271393, 0.23544074595, 0.140128597617, 0.160343304276, 0.158184483647, 0.198601067066, 0.222618386149, 0.187914907932, 0.24253167212, 0.263814628124, 0.188740178943, 0.331144541502, 0.433806210756, 0.224882334471, 0.199685737491, 0.297433316708, 0.232262074947, 0.215801894665, 0.227146461606, 0.19164352119, 0.250973582268, 0.268614172935, 0.17254267633, 0.148997217417]
        min: [0.00215918407775, 0.00212607160211, 0.00146069412585, 0.0022041760385, 0.00243734405376, 0.00427765678614, 0.00353368720971, 0.00530255911872, 0.0029844341334, 0.00187782512512, 0.00163561664522, 0.00185991358012, 0.00280152563937, 0.00272508244962, 0.00279767205939, 0.00409505376592, 0.00191025284585, 0.0034901984036, 0.00224724388681, 0.00108866137452, 0.00262001156807, 0.00353263015859, 0.00181241612881, 0.00814843177795, 0.0123515166342, 0.00649979757145, 0.0057966299355, 0.00835360214114, 0.00864053983241, 0.00408453447744, 0.00160505308304, 0.00128945580218, 0.00221985625103, 0.00327659258619, 0.00273583387025, 0.00162006239407]
        var: [0.0458300113678, 0.0450478307903, 0.0659198686481, 0.0715614780784, 0.0662717521191, 0.0571904405951, 0.0740106105804, 0.0476680845022, 0.0343076921999, 0.0205059424043, 0.0200732182711, 0.0978349372745, 0.130508840084, 0.05375225842, 0.0353367738426, 0.0420146621764, 0.0353622585535, 0.0547928996384, 0.0813210010529, 0.0598845370114, 0.0727725550532, 0.067975923419, 0.0333145186305, 0.062736786902, 0.100939825177, 0.0314560383558, 0.0282758940011, 0.0654909983277, 0.0411675684154, 0.0618304684758, 0.0522371903062, 0.0488426163793, 0.0664142891765, 0.0722534656525, 0.0449377112091, 0.0357225835323]
    chords_histogram: [2.7649769783, 42.8571434021, 50.6912460327, 0, 0, 0, 0, 0, 0, 0, 0, 1.84331798553, 0.921658992767, 0, 0, 0, 0, 0.921658992767, 0, 0, 0, 0, 0, 0]
    thpcp: [1, 0.507416188717, 0.302001774311, 0.34556800127, 0.340915381908, 0.428020209074, 0.479781746864, 0.404989659786, 0.522698402405, 0.568566918373, 0.406768262386, 0.713674724102, 0.934928655624, 0.484660953283, 0.43035787344, 0.641021072865, 0.500565588474, 0.465091019869, 0.489540547132, 0.413025468588, 0.540892183781, 0.578910768032, 0.371859788895, 0.321115195751, 0.382584929466, 0.40068385005, 0.453967839479, 0.479887843132, 0.44507932663, 0.573052167892, 0.667139530182, 0.470235407352, 0.308553218842, 0.259917378426, 0.306237816811, 0.82803606987]
    chords_key: "C#"
    chords_scale: "major"
    key_key: "F#"
    key_scale: "major"
    chords_progression: ["A#m", "A#m", "A#m", "A#m", "A#m", "A#m", "A#m", "A#m", "A#m", "A#m", "A#m", "A#m", "A#m", "A#m", "A#m", "A#m", "A#m", "A#m", "A#m", "A#m", "A#m", "A#m", "A#m", "A#m", "A#m", "A#m", "A#m", "A#m", "A#m", "A#m", "A#m", "A#m", "A#m", "A#m", "A#m", "A#m", "A#m", "A#m", "A#m", "A#m", "A#m", "A#m", "A#m", "F#", "F#", "F#", "F#", "A#m", "A#m", "A#m", "F#", "F#", "A#m", "A#m", "A#m", "F#m", "A#m", "A#m", "A#m", "A#m", "A#m", "A#m", "A#m", "A#m", "A#m", "A#m", "A#m", "F#m", "A#m", "A#m", "A#m", "C#", "C#", "C#", "C#", "C#", "C#", "C#", "C#", "C#", "C#", "A#m", "A#m", "A#m", "A#m", "A#m", "A#m", "A#m", "A#m", "A#m", "C#", "C#", "C#", "C#", "C#", "C#", "C#", "C#", "C#", "C#", "C#", "C#", "C#", "A#m", "A#m", "A#m", "C#", "C#", "C#", "C#", "C#", "C#", "C#", "C#", "C#", "C#", "C#", "C#", "C#", "C#", "C#", "C#", "C#", "C#", "C#", "C#", "C#", "C#", "C#", "C#", "C#", "C#", "C#", "C#", "C#", "C#", "C#", "C#", "C#", "C#", "C#", "C#", "C#", "C#", "C#", "C#", "C#", "C#", "C#", "C#", "C#", "C#", "C#", "C#", "C#", "C#", "C#", "C#", "C#", "C#", "C#", "C#", "C#", "C#", "C#", "C#", "C#", "C#", "C#", "C#", "C#", "A#m", "A#m", "A#m", "A#m", "A#m", "A#m", "A#m", "A#m", "A#m", "A#m", "A#m", "A#m", "A#m", "A#m", "A#m", "Am", "A#m", "A#m", "C", "C", "C#", "C#", "C#", "C#", "A#m", "Am", "Am", "Am", "C#", "C#", "C#", "C#", "C#", "C#", "C#", "C#", "C#", "C#", "C#", "C#", "C#", "C#", "C#", "C#", "C#", "C#"]
