
metadata:
    version:
        essentia: "1.2.2"
    audio_properties:
        analysis_sample_rate: 44100
        bitrate: 128
        channels: 2
        equal_loudness: 1
        length: 9.87428569794
        replay_gain: -5.85931777954
        downmix: "mix"
    tags:
        track: 6
        year: 0
        album: "Splitted by Mp3Splt v. 2.1"
        artist: "From 000.50 To 001.00"
        comment: "http://mp3splt.sf.net"
        genre: ""
        title: "17 Disorder.mp3"

highlevel:
    ballroom:
        all:
            ChaChaCha: 0.117746442556
            Jive: 0.0677708238363
            Quickstep: 0.0048469658941
            Rumba-American: 0.00269587733783
            Rumba-International: 0.0333521552384
            Rumba-Misc: 0.00493193278089
            Samba: 0.760228335857
            Tango: 0.00135075161234
            VienneseWaltz: 0.00426103034988
            Waltz: 0.00281567219645
        probability: 0.760228335857
        value: "Samba"
    culture:
        all:
            non_western: 0.867117226124
            western: 0.132882758975
        probability: 0.867117226124
        value: "non_western"
    gender:
        all:
            female: 0.884497523308
            male: 0.115502506495
        probability: 0.884497523308
        value: "female"
    genre_dortmund:
        all:
            alternative: 0.0639469176531
            blues: 0.0562113448977
            electronic: 0.0569323189557
            folkcountry: 0.0448879338801
            funksoulrnb: 0.0137996533886
            jazz: 0.405842274427
            pop: 0.0563811101019
            raphiphop: 0.063499584794
            rock: 0.238498866558
        probability: 0.405842274427
        value: "jazz"
    genre_electronica:
        all:
            ambient: 0.199678465724
            dnb: 0.294162184
            house: 0.149494409561
            techno: 0.179345920682
            trance: 0.177319020033
        probability: 0.294162184
        value: "dnb"
    genre_rosamerica:
        all:
            cla: 0.0560964271426
            dan: 0.37252420187
            hip: 0.252769500017
            jaz: 0.0404474660754
            pop: 0.0458686053753
            rhy: 0.0905941277742
            roc: 0.131265297532
            spe: 0.0104343611747
        probability: 0.37252420187
        value: "dan"
    genre_tzanetakis:
        all:
            blu: 0.00963750854135
            cla: 0.0156542230397
            cou: 0.017804030329
            dis: 0.141161456704
            hip: 0.463973641396
            jaz: 0.0375121831894
            met: 0.0956531688571
            pop: 0.125644549727
            reg: 0.0647337660193
            roc: 0.0282254945487
        probability: 0.463973641396
        value: "hip"
    live_studio:
        all:
            live: 0.16930398345
            studio: 0.830696046352
        probability: 0.830696046352
        value: "studio"
    mood:
        all:
            Cluster1: 0.301679968834
            Cluster2: 0.0675024911761
            Cluster3: 0.084558583796
            Cluster4: 0.032049447298
            Cluster5: 0.514209508896
        probability: 0.514209508896
        value: "Cluster5"
    mood_acoustic:
        all:
            acoustic: 0.0857369750738
            not_acoustic: 0.914263010025
        probability: 0.914263010025
        value: "not_acoustic"
    mood_aggressive:
        all:
            aggressive: 0.727792322636
            not_aggressive: 0.272207677364
        probability: 0.727792322636
        value: "aggressive"
    mood_electronic:
        all:
            electronic: 0.884873509407
            not_electronic: 0.115126505494
        probability: 0.884873509407
        value: "electronic"
    mood_happy:
        all:
            happy: 0.214437589049
            not_happy: 0.785562396049
        probability: 0.785562396049
        value: "not_happy"
    mood_party:
        all:
            not_party: 0.437542825937
            party: 0.56245714426
        probability: 0.56245714426
        value: "party"
    mood_relaxed:
        all:
            not_relaxed: 0.830945014954
            relaxed: 0.169054999948
        probability: 0.830945014954
        value: "not_relaxed"
    mood_sad:
        all:
            not_sad: 0.697357058525
            sad: 0.302642911673
        probability: 0.697357058525
        value: "not_sad"
    rhythm:
        all:
            fast: 0.949332118034
            medium: 0.0431322306395
            slow: 0.00753562431782
        probability: 0.949332118034
        value: "fast"
    speech_music:
        all:
            music: 0.999573647976
            speech: 0.000426348589826
        probability: 0.999573647976
        value: "music"
    timbre:
        all:
            bright: 0.21442066133
            dark: 0.785579323769
        probability: 0.785579323769
        value: "dark"
    voice_instrumental:
        all:
            instrumental: 0.987369656563
            voice: 0.0126303294674
        probability: 0.987369656563
        value: "instrumental"

lowlevel:
    average_loudness: 0.985083520412
    barkbands_kurtosis:
        dmean: 1.83592820168
        dmean2: 3.18507623672
        dvar: 10.5389909744
        dvar2: 28.4173603058
        max: 23.9758930206
        mean: 0.174774765968
        min: -1.87409293652
        var: 10.0657968521
    barkbands_skewness:
        dmean: 0.683925628662
        dmean2: 1.09201753139
        dvar: 0.437256038189
        dvar2: 1.07292830944
        max: 4.6798915863
        mean: 0.813378512859
        min: -1.32549381256
        var: 1.10476326942
    barkbands_spread:
        dmean: 7.59056425095
        dmean2: 12.5883722305
        dvar: 50.4460220337
        dvar2: 133.193206787
        max: 57.2558631897
        mean: 36.290473938
        min: 6.5000243187
        var: 109.132171631
    dissonance:
        dmean: 0.0138586964458
        dmean2: 0.022206671536
        dvar: 0.000381743942853
        dvar2: 0.000566616363358
        max: 0.498387753963
        mean: 0.466030687094
        min: 0.132709950209
        var: 0.000578075356316
    hfc:
        dmean: 1.39065003395
        dmean2: 2.23227357864
        dvar: 3.25428986549
        dvar2: 7.74939060211
        max: 14.7934408188
        mean: 3.62143468857
        min: 0.00169154058676
        var: 5.3550491333
    pitch:
        dmean: 914.739013672
        dmean2: 1781.71142578
        dvar: 1966061.375
        dvar2: 4638438.5
        max: 4009.09082031
        mean: 1577.9708252
        min: 116.666664124
        var: 2543870.75
    pitch_instantaneous_confidence:
        dmean: 0.0928452759981
        dmean2: 0.151808828115
        dvar: 0.00635030306876
        dvar2: 0.0153243206441
        max: 0.792292237282
        mean: 0.47984290123
        min: 0.182896733284
        var: 0.015641503036
    pitch_salience:
        dmean: 0.092977501452
        dmean2: 0.157196685672
        dvar: 0.00616219406947
        dvar2: 0.016220100224
        max: 0.799123823643
        mean: 0.545268297195
        min: 0.232886791229
        var: 0.0112226270139
    silence_rate_20dB:
        dmean: 0
        dmean2: 0
        dvar: 0
        dvar2: 0
        max: 1
        mean: 1
        min: 1
        var: 0
    silence_rate_30dB:
        dmean: 0
        dmean2: 0
        dvar: 0
        dvar2: 0
        max: 1
        mean: 1
        min: 1
        var: 0
    silence_rate_60dB:
        dmean: 0.215962439775
        dmean2: 0.432941168547
        dvar: 0.169322267175
        dvar2: 0.269033104181
        max: 1
        mean: 0.65339577198
        min: 0
        var: 0.22646945715
    spectral_centroid:
        dmean: 345.499053955
        dmean2: 552.545654297
        dvar: 97800.15625
        dvar2: 218088.125
        max: 2674.39868164
        mean: 1240.22021484
        min: 220.110610962
        var: 317048.21875
    spectral_complexity:
        dmean: 2.32470583916
        dmean2: 3.90330195427
        dvar: 6.35576629639
        dvar2: 16.0920696259
        max: 21
        mean: 7.87793445587
        min: 0
        var: 11.8536558151
    spectral_crest:
        dmean: 2.74332499504
        dmean2: 4.50521612167
        dvar: 5.18195009232
        dvar2: 14.2691087723
        max: 20.4169483185
        mean: 8.98203277588
        min: 3.53641438484
        var: 11.0967950821
    spectral_decrease:
        dmean: 6.09884087677e-10
        dmean2: 1.03148312114e-09
        dvar: 9.15398494304e-19
        dvar2: 2.39830864968e-18
        max: -2.92355522387e-13
        mean: -8.63937976714e-10
        min: -5.47077938506e-09
        var: 7.53822616917e-19
    spectral_energy:
        dmean: 0.00239900732413
        dmean2: 0.00404380913824
        dvar: 1.38642690217e-05
        dvar2: 3.61621605407e-05
        max: 0.0215518008918
        mean: 0.00358917587437
        min: 1.25684675822e-06
        var: 1.15998227557e-05
    spectral_energyband_high:
        dmean: 9.10048329388e-05
        dmean2: 0.000149737956235
        dvar: 2.57722216901e-08
        dvar2: 7.03733107343e-08
        max: 0.00129943096545
        mean: 0.00014946758165
        min: 1.2563522489e-07
        var: 2.76012404044e-08
    spectral_energyband_low:
        dmean: 0.000863471708726
        dmean2: 0.0015458666021
        dvar: 3.6779790662e-06
        dvar2: 1.02343410617e-05
        max: 0.0119990240782
        mean: 0.000709860061761
        min: 2.32400012123e-07
        var: 2.3906345632e-06
    spectral_energyband_middle_high:
        dmean: 0.000288787588943
        dmean2: 0.000451432162663
        dvar: 1.11327118191e-07
        dvar2: 2.50431838822e-07
        max: 0.00379735091701
        mean: 0.000876261445228
        min: 3.49978307668e-07
        var: 2.87455890202e-07
    spectral_energyband_middle_low:
        dmean: 0.0015324705746
        dmean2: 0.00268251332454
        dvar: 6.23915639153e-06
        dvar2: 1.64345256053e-05
        max: 0.0132247582078
        mean: 0.00185357546434
        min: 4.86381679821e-07
        var: 5.07372942593e-06
    spectral_flatness_db:
        dmean: 0.0246665906161
        dmean2: 0.0404312573373
        dvar: 0.000594369077589
        dvar2: 0.00164113671053
        max: 0.276348501444
        mean: 0.168194979429
        min: 0.0612027198076
        var: 0.000943098624703
    spectral_flux:
        dmean: 0.0143281556666
        dmean2: 0.0222540665418
        dvar: 0.000351100839907
        dvar2: 0.000669073022436
        max: 0.123845547438
        mean: 0.0376165956259
        min: 0.00504722259939
        var: 0.000509142701048
    spectral_kurtosis:
        dmean: 0.998344302177
        dmean2: 1.54531538486
        dvar: 0.863714873791
        dvar2: 2.03141999245
        max: 10.3058233261
        mean: 3.99122238159
        min: 0.877012252808
        var: 2.93788266182
    spectral_rms:
        dmean: 0.000520139641594
        dmean2: 0.000836657301988
        dvar: 4.47594374009e-07
        dvar2: 1.11148335691e-06
        max: 0.00458542769775
        mean: 0.00173833069857
        min: 3.50170230377e-05
        var: 4.79840764456e-07
    spectral_rolloff:
        dmean: 685.211486816
        dmean2: 1193.36560059
        dvar: 759770.625
        dvar2: 1916812.875
        max: 4198.97460938
        mean: 2676.73950195
        min: 172.265625
        var: 1156316
    spectral_skewness:
        dmean: 0.159585028887
        dmean2: 0.262396067381
        dvar: 0.0224306751043
        dvar2: 0.0562350451946
        max: 2.45462560654
        mean: 1.56785321236
        min: 0.878612041473
        var: 0.0784383416176
    spectral_spread:
        dmean: 694699.125
        dmean2: 893920.5
        dvar: 452276715520
        dvar2: 652164792320
        max: 15064239
        mean: 5651624.5
        min: 3303800.5
        var: 2.00240621158e+12
    spectral_strongpeak:
        dmean: 0.26856470108
        dmean2: 0.498040765524
        dvar: 0.275065779686
        dvar2: 0.78279286623
        max: 2.8559615612
        mean: 0.29733556509
        min: 0
        var: 0.204455301166
    zerocrossingrate:
        dmean: 0.0112373623997
        dmean2: 0.0141405789182
        dvar: 8.72690288816e-05
        dvar2: 0.000131106804474
        max: 0.13330078125
        mean: 0.0803383141756
        min: 0.0087890625
        var: 0.000596223457251
    barkbands:
        dmean: [1.16477792744e-07, 0.000162673692103, 0.000728471437469, 0.00096597080119, 0.000657326600049, 5.52249912289e-05, 4.128634464e-05, 2.6820023777e-05, 1.11909357656e-05, 1.14046442832e-05, 1.72746149474e-05, 1.46537895489e-05, 1.43019142342e-05, 2.40824992943e-05, 1.62748274306e-05, 3.05424146063e-05, 0.000108568550786, 7.34333807486e-05, 0.0001392102713, 7.86575183156e-05, 4.37976668763e-05, 5.53715381102e-06, 1.39574922287e-06, 1.41258237818e-06, 2.0282946025e-06, 8.36070839227e-08, 2.23509627473e-10]
        dmean2: [1.75311996031e-07, 0.000294643105008, 0.00131197180599, 0.00170672871172, 0.00117186596617, 8.8738190243e-05, 6.08305963397e-05, 3.70103116438e-05, 1.87280584214e-05, 1.82112744369e-05, 2.66156730504e-05, 2.38862976403e-05, 2.2995774998e-05, 3.99157397624e-05, 2.69183146884e-05, 5.20695466548e-05, 0.000187114506843, 0.000122687415569, 0.000223195078433, 0.000132636763738, 7.3992407124e-05, 9.3142480182e-06, 2.1166897568e-06, 2.01075408768e-06, 2.71171734312e-06, 1.12319121115e-07, 3.77143122288e-10]
        dvar: [5.32131738847e-13, 1.47021211205e-07, 2.52663426181e-06, 2.48680430559e-06, 1.19989726954e-06, 4.94205920631e-09, 3.47248518828e-09, 1.32587618662e-09, 2.50716808425e-10, 2.37619590671e-10, 4.52044846e-10, 3.20244275542e-10, 4.26627205785e-10, 7.62756025008e-10, 4.96364171987e-10, 1.47562229103e-09, 1.73256200497e-08, 7.53070139581e-09, 3.40518120368e-08, 1.43485241466e-08, 7.66838859079e-09, 1.26468377437e-10, 5.85827957325e-12, 4.10485794661e-12, 8.25293392653e-12, 1.65340560253e-14, 1.71411944089e-18]
        dvar2: [1.33359122356e-12, 4.08911120076e-07, 7.07412164047e-06, 6.37338598608e-06, 3.26830877384e-06, 1.21175700585e-08, 7.2589672051e-09, 2.01133243394e-09, 6.62325028156e-10, 6.0652388667e-10, 9.13914055545e-10, 7.91401333355e-10, 9.29713972475e-10, 1.82983894703e-09, 1.30918398344e-09, 4.0434562365e-09, 4.29031601357e-08, 1.87767259519e-08, 8.4760678476e-08, 3.83168732299e-08, 2.09766142234e-08, 3.45557110704e-10, 1.42583349641e-11, 8.82117469347e-12, 1.56776328031e-11, 3.09839807077e-14, 4.32443779029e-18]
        max: [1.06215138658e-05, 0.00277663813904, 0.0105554424226, 0.00931192934513, 0.00607289373875, 0.000953967159148, 0.000777262903284, 0.000809605466202, 0.00015741889365, 0.000135799942655, 0.0001954062609, 0.000160435767611, 0.000384658022085, 0.000260639324551, 0.00024171716359, 0.000273547513643, 0.00154408277012, 0.000823208247311, 0.00246735592373, 0.000838396896143, 0.000838285952341, 0.000140555988764, 2.94259716611e-05, 2.26064221351e-05, 2.92726035696e-05, 1.12151371923e-06, 1.93324520836e-08]
        mean: [9.62567483498e-08, 0.000117967851111, 0.000591810094193, 0.000856102094986, 0.000721285294276, 9.75750517682e-05, 0.000100040626421, 5.75656122237e-05, 1.80071256182e-05, 1.77450820047e-05, 2.95035697491e-05, 2.23828392336e-05, 2.55473551078e-05, 3.60448757419e-05, 2.49997774517e-05, 4.4781514589e-05, 0.000183814408956, 0.000142575707287, 0.000287121161819, 0.000128808460431, 6.91257446306e-05, 8.43423094921e-06, 2.27195710067e-06, 2.22255971494e-06, 3.22273240272e-06, 1.25444913124e-07, 1.87618781622e-10]
        min: [1.30718616487e-10, 1.36424858965e-07, 3.55073233038e-08, 1.06145847667e-08, 1.66076347341e-07, 1.91249256432e-07, 5.72314675651e-08, 4.84133160228e-08, 1.09363069711e-08, 4.9755985998e-09, 7.62179031e-09, 1.67363349846e-08, 2.76521845421e-08, 5.18265395044e-08, 1.71249752157e-08, 2.47335787407e-08, 5.33560431393e-08, 7.09685608058e-08, 6.912093653e-08, 6.55393250781e-08, 4.31686189017e-08, 8.15049555625e-11, 6.05681615973e-11, 2.56506171858e-09, 1.19450245251e-08, 3.63309965445e-10, 2.87430805069e-13]
        var: [2.79904300692e-13, 9.20126055348e-08, 1.63765037087e-06, 2.0031841359e-06, 9.71640588432e-07, 1.32878650305e-08, 1.82324679798e-08, 7.43722106122e-09, 3.86191689739e-10, 3.59072910294e-10, 1.02556374504e-09, 5.22720644547e-10, 1.17482346074e-09, 1.44054823625e-09, 6.04827576911e-10, 1.68903102615e-09, 2.48474503195e-08, 1.23521690654e-08, 6.620383175e-08, 1.62632218803e-08, 7.70066499456e-09, 1.40749689681e-10, 1.02403302851e-11, 7.27018965863e-12, 1.64239680883e-11, 3.24237910284e-14, 8.88426305877e-19]
    mfcc:
        mean: [-748.168823242, 113.85647583, -37.7547950745, 67.0450057983, 12.9125089645, -20.587266922, 19.6593914032, -15.9504833221, -1.9640007019, -12.3644952774, -8.79727649689, 1.6455835104, -14.3113946915]
        cov: [[1402.68225098, -382.811126709, 124.408309937, 50.7006721497, -47.7165184021, 174.807571411, 8.24810314178, 96.3701629639, 5.73131942749, 2.62510156631, -6.83478593826, -37.8675842285, 60.6343574524], [-382.811126709, 578.071228027, -124.473556519, 70.391418457, 86.5836334229, -174.610366821, 104.10874939, -67.7247314453, 99.1585693359, -49.6137084961, -36.156993866, 37.3310585022, -78.8321990967], [124.408309937, -124.473556519, 337.336639404, -25.9351863861, 72.4188995361, 60.6807899475, -98.2774810791, 66.4363937378, -106.184654236, 116.081947327, -58.8634986877, -9.25471115112, 72.2344665527], [50.7006721497, 70.391418457, -25.9351863861, 156.296508789, -14.5087852478, 47.8080558777, 14.4040985107, -29.017496109, 77.9621200562, -58.9299736023, 42.9792556763, -14.3143072128, -14.7888174057], [-47.7165184021, 86.5836334229, 72.4188995361, -14.5087852478, 182.831253052, -47.7271842957, 54.761554718, 3.77589035034, -27.8539409637, 77.8736038208, -76.5517272949, 37.5640182495, -10.5952205658], [174.807571411, -174.610366821, 60.6807899475, 47.8080558777, -47.7271842957, 282.263244629, -48.6663093567, 93.324546814, -12.8736124039, 8.60145950317, 81.9655532837, -44.0304489136, 62.3351020813], [8.24810314178, 104.10874939, -98.2774810791, 14.4040985107, 54.761554718, -48.6663093567, 189.363922119, -25.0433940887, 77.687171936, -20.8596477509, -5.74003696442, 46.5553245544, -55.7629089355], [96.3701629639, -67.7247314453, 66.4363937378, -29.017496109, 3.77589035034, 93.324546814, -25.0433940887, 181.393127441, -55.4144630432, 77.5632705688, -7.10699892044, -1.97664582729, 85.602104187], [5.73131942749, 99.1585693359, -106.184654236, 77.9621200562, -27.8539409637, -12.8736124039, 77.687171936, -55.4144630432, 170.611984253, -86.1570510864, 65.0733032227, 4.49316358566, -50.9169273376], [2.62510156631, -49.6137084961, 116.081947327, -58.9299736023, 77.8736038208, 8.60145950317, -20.8596477509, 77.5632705688, -86.1570510864, 173.045013428, -43.5855484009, 21.565486908, 48.9343185425], [-6.83478593826, -36.156993866, -58.8634986877, 42.9792556763, -76.5517272949, 81.9655532837, -5.74003696442, -7.10699892044, 65.0733032227, -43.5855484009, 144.255691528, 0.850045084953, -5.94064092636], [-37.8675842285, 37.3310585022, -9.25471115112, -14.3143072128, 37.5640182495, -44.0304489136, 46.5553245544, -1.97664582729, 4.49316358566, 21.565486908, 0.850045084953, 79.3474655151, 7.59249305725], [60.6343574524, -78.8321990967, 72.2344665527, -14.7888174057, -10.5952205658, 62.3351020813, -55.7629089355, 85.602104187, -50.9169273376, 48.9343185425, -5.94064092636, 7.59249305725, 103.278610229]]
        icov: [[0.00105143722612, 0.000823356152978, -0.000333136937115, -0.000637486868072, 0.000257190287812, -9.43943014136e-05, -0.000546347175259, -0.000489893427584, -0.000466392259113, 0.000195381828235, 0.00072610162897, 5.43162132089e-05, 6.25695683993e-05], [0.000823356152978, 0.003618812887, 0.00050679553533, -0.00208777748048, -0.00138235173654, 0.0017195813125, -0.00016787200002, -0.00137783202808, -0.00108497426845, 0.000539073196705, 0.000673752336297, -0.000118818730698, 0.000754280481488], [-0.000333136937115, 0.00050679553533, 0.0057738693431, -0.000657758675516, -0.00234851799905, -0.000734205066692, 0.00274426676333, 0.000424468482379, 0.000310673261993, -0.00193788309116, 0.00119543611072, -0.000139356707223, -0.001067642821], [-0.000637486868072, -0.00208777748048, -0.000657758675516, 0.0111462799832, -0.000960197998211, -0.0028214440681, 0.000753087457269, 0.00203880830668, -0.00363740022294, 0.00168976269197, -0.000837596831843, 0.00101479387376, -0.00155870697927], [0.000257190287812, -0.00138235173654, -0.00234851799905, -0.000960197998211, 0.0126106347889, -0.00178023288026, -0.00274277105927, 0.000924873165786, -6.95910348441e-05, -0.00451937457547, 0.00545315397903, -0.00412661302835, 0.00314371474087], [-9.43943014136e-05, 0.0017195813125, -0.000734205066692, -0.0028214440681, -0.00178023288026, 0.00888049881905, -0.00154610571917, -0.00305866100825, 0.00177010707557, 0.00112217804417, -0.00583707308397, 0.00507164001465, -0.00273233954795], [-0.000546347175259, -0.00016787200002, 0.00274426676333, 0.000753087457269, -0.00274277105927, -0.00154610571917, 0.0122933983803, -0.00220582983457, -0.00470273056999, -0.000283445784589, 0.00295332958922, -0.00681415107101, 0.00598535081372], [-0.000489893427584, -0.00137783202808, 0.000424468482379, 0.00203880830668, 0.000924873165786, -0.00305866100825, -0.00220582983457, 0.0124123534188, 0.00065367546631, -0.00355899706483, 0.000220109970542, 0.00203512283042, -0.00843536294997], [-0.000466392259113, -0.00108497426845, 0.000310673261993, -0.00363740022294, -6.95910348441e-05, 0.00177010707557, -0.00470273056999, 0.00065367546631, 0.0144392736256, 0.00282003683969, -0.00596043653786, 0.00195300637279, -0.000152857421199], [0.000195381828235, 0.000539073196705, -0.00193788309116, 0.00168976269197, -0.00451937457547, 0.00112217804417, -0.000283445784589, -0.00355899706483, 0.00282003683969, 0.0126911122352, -0.001852068468, -0.000723033270333, -0.00112625584006], [0.00072610162897, 0.000673752336297, 0.00119543611072, -0.000837596831843, 0.00545315397903, -0.00583707308397, 0.00295332958922, 0.000220109970542, -0.00596043653786, -0.001852068468, 0.0165502447635, -0.00725409528241, 0.00405081501231], [5.43162132089e-05, -0.000118818730698, -0.000139356707223, 0.00101479387376, -0.00412661302835, 0.00507164001465, -0.00681415107101, 0.00203512283042, 0.00195300637279, -0.000723033270333, -0.00725409528241, 0.0227420367301, -0.00951385777444], [6.25695683993e-05, 0.000754280481488, -0.001067642821, -0.00155870697927, 0.00314371474087, -0.00273233954795, 0.00598535081372, -0.00843536294997, -0.000152857421199, -0.00112625584006, 0.00405081501231, -0.00951385777444, 0.0243306830525]]
    spectral_contrast:
        mean: [-1.31906759293e-07, -6.62506991489e-08, -3.69905599484e-08, -2.13723225784e-07, 1.63003306852e-07, -9.98307854161e-08, 1.67760492786e-06, 2.49841923505e-06, -1.91819231077e-06, -6.02132843142e-07, -1.7467239104e-06, 8.35024707158e-07]
        var: [0.00039072294021, 0.000606353161857, 0.00116476113908, 0.00249996571802, 0.00278649618849, 0.00469230022281, 0.0526405610144, 0.0724248811603, 0.118171967566, 0.314957618713, 0.562633872032, 1.10566973686]

rhythm:
    beats_loudness:
        dmean: 0.00266431504861
        dmean2: 0.00555078173056
        dvar: 3.76041998607e-06
        dvar2: 7.77988407208e-06
        max: 0.00876654405147
        mean: 0.00363638368435
        min: 0.00155641988385
        var: 3.73454531655e-06
    beats_loudness_bass:
        dmean: 0.203308403492
        dmean2: 0.335809618235
        dvar: 0.0177259333432
        dvar2: 0.0475336350501
        max: 0.651007175446
        mean: 0.411847054958
        min: 0.0941892489791
        var: 0.030984127894
    bpm: 87.4178619385
    bpm_confidence: 0
    first_peak_bpm: 87
    first_peak_spread: 0
    first_peak_weight: 0.923076927662
    onset_rate: 4.86111116409
    second_peak_bpm: 68
    second_peak_spread: 0
    second_peak_weight: 0.0769230797887
    beats_position: [0.341095745564, 1.0269960165, 1.71289646626, 2.3987967968, 3.08469700813, 3.77059721947, 4.45649766922, 5.14239788055, 5.82829809189, 6.70789527893, 7.39484119415, 8.08178710938, 8.7687330246, 9.45567893982]
    bpm_estimates: [87.8174209595, 87.5291213989, 86.9361343384, 87.3988647461, 87.7022857666, 87.4791259766, 87.1588439941, 88.4399261475, 86.8365402222, 87.1482543945, 87.149887085]
    bpm_intervals: [0.685900270939, 0.685900449753, 0.685900330544, 0.685900211334, 0.685900211334, 0.685900449753, 0.685900211334, 0.685900211334, 0.879597187042, 0.686945915222, 0.686945915222, 0.686945915222, 0.686945915222]
    onset_times: [0.0348299331963, 0.150929704309, 0.336689352989, 0.522448956966, 0.661768734455, 1.02167797089, 1.20743763447, 1.35836732388, 1.55573701859, 1.70666670799, 1.90403628349, 2.04335594177, 2.24072551727, 2.3916554451, 2.93732428551, 3.05342411995, 3.41333341599, 3.76163268089, 3.95900225639, 4.1099319458, 4.3073015213, 4.45823144913, 4.63238096237, 4.80653047562, 4.9806804657, 5.31736946106, 5.49151945114, 5.66566896439, 5.83981847763, 6.03718805313, 6.19972801208, 6.54802703857, 6.72217702866, 6.87310647964, 7.24462604523, 7.44199562073, 7.58131504059, 7.75546503067, 7.92961454391, 8.28952407837, 8.498503685, 8.60299301147, 8.6958732605, 8.96290206909, 9.31120204926, 9.49696159363, 9.65950107574, 9.85687065125]
    rubato_start: []
    rubato_stop: []
    perceptual_tempo: "unknown"

sfx:
    inharmonicity:
        dmean: 0.0482060797513
        dmean2: 0.0846018642187
        dvar: 0.00281637813896
        dvar2: 0.00781481526792
        max: 0.335586100817
        mean: 0.0494256056845
        min: 0
        var: 0.0034772392828
    oddtoevenharmonicenergyratio:
        dmean: 2.78998970985
        dmean2: 5.25643396378
        dvar: 88.635017395
        dvar2: 259.555877686
        max: 90.5383224487
        mean: 1.82218027115
        min: 0
        var: 48.0382270813
    pitch_after_max_to_before_max_energy_ratio: 11.1947593689
    pitch_centroid: 190.359375
    pitch_max_to_total: 0.0657276958227
    pitch_min_to_total: 0.0516431927681
    tristimulus:
        dmean: [0.225092828274, 0.265514016151, 0.141108289361]
        dmean2: [0.400558978319, 0.457012921572, 0.254123479128]
        dvar: [0.0434142798185, 0.0501555912197, 0.0171336662024]
        dvar2: [0.113247908652, 0.140021398664, 0.0477314181626]
        max: [1, 0.969240427017, 0.655412971973]
        mean: [0.395968824625, 0.381206840277, 0.125524327159]
        min: [0.00843670777977, 0, 0]
        var: [0.0638998374343, 0.0741669535637, 0.0184608791023]

tonal:
    chords_changes_rate: 0.102803736925
    chords_number_rate: 0.0327102802694
    chords_strength:
        dmean: 0.0121549265459
        dmean2: 0.0123541522771
        dvar: 9.71844347077e-05
        dvar2: 0.00010192670743
        max: 0.710672974586
        mean: 0.514441430569
        min: 0.350216716528
        var: 0.00647425744683
    key_strength: 0.541581749916
    tuning_diatonic_strength: 0.455676048994
    tuning_equal_tempered_deviation: 0.125442296267
    tuning_frequency: 444.085327148
    tuning_nontempered_energy_ratio: 0.786368072033
    hpcp:
        dmean: [0.116069167852, 0.12133949995, 0.197210356593, 0.287844240665, 0.245364099741, 0.187875419855, 0.181249037385, 0.137963458896, 0.197599440813, 0.215408205986, 0.177279472351, 0.167654335499, 0.112023301423, 0.0877523124218, 0.10293006897, 0.137090370059, 0.152052864432, 0.168508633971, 0.169953837991, 0.192945063114, 0.223063036799, 0.255238890648, 0.250268042088, 0.22229039669, 0.17990963161, 0.149700269103, 0.110175818205, 0.0740873292089, 0.0803182348609, 0.110940262675, 0.136890023947, 0.157454743981, 0.194101810455, 0.206147328019, 0.170079693198, 0.142488643527]
        dmean2: [0.213840976357, 0.218854635954, 0.333882182837, 0.522180259228, 0.437046676874, 0.358652949333, 0.348114728928, 0.247369155288, 0.352839231491, 0.383223265409, 0.319072037935, 0.313108235598, 0.212025523186, 0.161535963416, 0.18031014502, 0.237881019711, 0.280170857906, 0.306593239307, 0.293502479792, 0.334272623062, 0.390016049147, 0.445966362953, 0.440054744482, 0.401656478643, 0.308828502893, 0.270235776901, 0.202290847898, 0.137035161257, 0.149097189307, 0.197552248836, 0.238078549504, 0.28271985054, 0.343426674604, 0.36614343524, 0.300209522247, 0.259403854609]
        dvar: [0.0208648499101, 0.0294768046588, 0.0374624989927, 0.0947581976652, 0.0637908130884, 0.0673014894128, 0.0783499255776, 0.0410107374191, 0.063719779253, 0.0575857535005, 0.0499948300421, 0.0663738846779, 0.0309036429971, 0.0254225023091, 0.0276805069298, 0.0362656004727, 0.050609536469, 0.0629130154848, 0.0611160695553, 0.0627187490463, 0.0495479181409, 0.0770291537046, 0.0899162739515, 0.0734209641814, 0.0530272386968, 0.0448295995593, 0.0382979996502, 0.0180803481489, 0.0188738889992, 0.0202502775937, 0.0213723294437, 0.0306031461805, 0.0423801019788, 0.0557020381093, 0.0521328896284, 0.0394484139979]
        dvar2: [0.0618758685887, 0.087650001049, 0.101564824581, 0.225481450558, 0.179069772363, 0.20102545619, 0.23353163898, 0.11565747112, 0.18967834115, 0.154908061028, 0.133902356029, 0.19593270123, 0.0911428108811, 0.0732911601663, 0.0759747996926, 0.10829500854, 0.149124473333, 0.186709865928, 0.1506331563, 0.149481594563, 0.131029993296, 0.195996820927, 0.207241237164, 0.20202691853, 0.136440783739, 0.125166296959, 0.115763433278, 0.0528288185596, 0.0543847084045, 0.060602389276, 0.0561325550079, 0.0858636200428, 0.122369632125, 0.166178554296, 0.146720558405, 0.110373109579]
        max: [0.787141501904, 1, 1, 1, 1, 1, 1, 1, 1, 1, 1, 1, 0.99186116457, 1, 1, 1, 1, 1, 1, 1, 1, 1, 1, 1, 1, 1, 1, 1, 0.900756657124, 0.907744109631, 1, 1, 1, 1, 1, 1]
        mean: [0.113093525171, 0.120005428791, 0.258026331663, 0.397376447916, 0.271792948246, 0.138893783092, 0.132327243686, 0.130302265286, 0.231318488717, 0.293346971273, 0.209873020649, 0.127395838499, 0.0848549380898, 0.0732699483633, 0.106648035347, 0.146883159876, 0.137368783355, 0.154874131083, 0.200833126903, 0.209477081895, 0.239358097315, 0.281348705292, 0.250531375408, 0.200881198049, 0.187174513936, 0.15189550817, 0.09620693326, 0.0638996362686, 0.0722242891788, 0.11494217068, 0.163463979959, 0.182588413358, 0.200277671218, 0.199377611279, 0.165720522404, 0.1343357265]
        min: [0.00255678757094, 0.0025676751975, 0.00489072361961, 0.00722868414596, 0.00150922185276, 0.00125332083553, 0.00154610571917, 0.00117892876733, 0.00578612927347, 0.00688080023974, 0.00308241019957, 0.00121189735364, 0.000749528233428, 0.000890040362719, 0.00161769404076, 0.00284657906741, 0.0029677990824, 0.00123403675389, 0.00022266691667, 0.00165941065643, 0.0035657545086, 0.00374218891375, 0.00301247509196, 0.00149295642041, 0.00320577644743, 0.00270443526097, 0.00265376525931, 0.00114395632409, 0.00187430542428, 0.00356716685928, 0.00545174861327, 0.0107971839607, 0.00451857689768, 0.00320217525586, 0.00209199287929, 0.00205887318589]
        var: [0.0177832916379, 0.0233822930604, 0.0618798024952, 0.148667767644, 0.0748200342059, 0.0464778579772, 0.0532127358019, 0.0411236025393, 0.0863371044397, 0.108208693564, 0.0674598142505, 0.0477897636592, 0.0204811766744, 0.0167905390263, 0.0214922856539, 0.0340836904943, 0.0399196632206, 0.0568695664406, 0.0881799384952, 0.0755398198962, 0.0606948807836, 0.0901849791408, 0.100210368633, 0.0681433901191, 0.0611860714853, 0.0469838641584, 0.0251399427652, 0.0115611031651, 0.0133854486048, 0.0196154434234, 0.0324161686003, 0.0346066579223, 0.0469316020608, 0.0554523654282, 0.0479162670672, 0.0336101986468]
    chords_histogram: [26.6355133057, 0, 0, 0, 0, 0, 50.9345779419, 2.80373835564, 0, 0, 0, 0, 0, 6.07476615906, 0, 0, 0, 0, 0, 0, 0, 5.14018678665, 5.60747671127, 2.80373835564]
    thpcp: [1, 0.683968424797, 0.349526971579, 0.333002239466, 0.327906370163, 0.582114219666, 0.738209247589, 0.528146624565, 0.320592314005, 0.213537916541, 0.184384226799, 0.268380373716, 0.369632273912, 0.345689296722, 0.38974159956, 0.505397677422, 0.527150213718, 0.602345943451, 0.708015561104, 0.630463600159, 0.505518615246, 0.471025675535, 0.382245868444, 0.242105275393, 0.16080377996, 0.181752815843, 0.289252609015, 0.411357998848, 0.459484726191, 0.503999829292, 0.501734852791, 0.41703659296, 0.338056594133, 0.28460046649, 0.30199432373, 0.649324655533]
    chords_key: "C"
    chords_scale: "major"
    key_key: "D#"
    key_scale: "major"
    chords_progression: ["D#", "D#", "D#", "D#", "D#", "D#", "D#", "D#", "D#", "D#", "D#", "D#", "D#", "D#", "D#", "D#", "D#", "D#", "D#", "D#", "D#", "D#", "D#", "D#", "D#", "D#", "D#", "D#", "D#", "D#", "D#", "D#", "D#", "D#", "D#", "D#", "D#", "D#", "D#", "D#", "D#", "D#", "D#", "D#", "D#", "D#", "D#", "C#m", "D#", "C#m", "D#", "D#", "D#", "D#", "C#m", "D#", "C#m", "C#m", "C#m", "C#m", "C#m", "C#m", "C#m", "C#m", "C#m", "C#m", "Cm", "Cm", "Cm", "C", "C", "C", "C", "C", "C", "C", "C", "Fm", "Fm", "Fm", "Fm", "Fm", "Fm", "Fm", "Fm", "Fm", "Fm", "Fm", "C", "C", "C", "C", "C", "C", "C", "C", "C", "C", "C", "C", "C", "C", "C", "C", "C", "C", "C", "C", "C", "Em", "Em", "Em", "Em", "Em", "Em", "D#", "D#", "D#", "D#", "C", "C", "C", "C", "C", "C", "C", "C", "C", "C", "C", "C", "C", "C", "C", "C", "C", "C", "C", "C", "G#", "G#", "G#", "G#", "G#", "G#", "G#", "G#", "G#", "Cm", "Cm", "C", "C", "G#", "G#", "C", "C", "Cm", "G#", "C", "C", "C", "C", "C", "C", "C", "C", "C", "C", "C", "C", "C", "C", "C", "C", "C", "C", "C", "C", "C", "C", "C", "C", "C", "C", "C", "C", "C", "C", "C", "C", "C", "C", "C", "C", "C", "C", "C", "C", "C", "C", "C", "C", "C", "C", "C", "C", "C", "C", "C", "C", "C", "C", "C", "C"]
