
metadata:
    version:
        essentia: "1.2.2"
    audio_properties:
        analysis_sample_rate: 44100
        bitrate: 128
        channels: 2
        equal_loudness: 1
        length: 10.0310201645
        replay_gain: -7.33505439758
        downmix: "mix"
    tags:
        track: 9
        year: 0
        album: "Splitted by Mp3Splt v. 2.1"
        artist: "From 001.20 To 001.30"
        comment: "http://mp3splt.sf.net"
        genre: ""
        title: "08 Hidden Jukebox.mp3"

highlevel:
    ballroom:
        all:
            ChaChaCha: 0.0809560567141
            Jive: 0.426363825798
            Quickstep: 0.0966955795884
            Rumba-American: 0.0101740369573
            Rumba-International: 0.192963331938
            Rumba-Misc: 0.0356130301952
            Samba: 0.108500495553
            Tango: 0.00241866079159
            VienneseWaltz: 0.0335663594306
            Waltz: 0.0127486279234
        probability: 0.426363825798
        value: "Jive"
    culture:
        all:
            non_western: 0.0193671900779
            western: 0.980632781982
        probability: 0.980632781982
        value: "western"
    gender:
        all:
            female: 0.611900806427
            male: 0.388099193573
        probability: 0.611900806427
        value: "female"
    genre_dortmund:
        all:
            alternative: 0.0806528106332
            blues: 0.0111219650134
            electronic: 0.0166031681001
            folkcountry: 0.306909888983
            funksoulrnb: 0.0176301505417
            jazz: 0.0281786620617
            pop: 0.0957626625896
            raphiphop: 0.00301651493646
            rock: 0.440124154091
        probability: 0.440124154091
        value: "rock"
    genre_electronica:
        all:
            ambient: 0.283468097448
            dnb: 0.326456159353
            house: 0.163292109966
            techno: 0.0210317689925
            trance: 0.205751866102
        probability: 0.326456159353
        value: "dnb"
    genre_rosamerica:
        all:
            cla: 0.0218976326287
            dan: 0.0660805627704
            hip: 0.0169711969793
            jaz: 0.0815343335271
            pop: 0.58022415638
            rhy: 0.182318761945
            roc: 0.042093988508
            spe: 0.00887937564403
        probability: 0.58022415638
        value: "pop"
    genre_tzanetakis:
        all:
            blu: 0.0116899581626
            cla: 0.00454213703051
            cou: 0.141081631184
            dis: 0.134024456143
            hip: 0.0202347710729
            jaz: 0.0406592004001
            met: 0.0104691404849
            pop: 0.3163395226
            reg: 0.0855567604303
            roc: 0.235402420163
        probability: 0.3163395226
        value: "pop"
    live_studio:
        all:
            live: 0.0560193955898
            studio: 0.943980634212
        probability: 0.943980634212
        value: "studio"
    mood:
        all:
            Cluster1: 0.217799648643
            Cluster2: 0.33730712533
            Cluster3: 0.277648568153
            Cluster4: 0.10781993717
            Cluster5: 0.0594247467816
        probability: 0.33730712533
        value: "Cluster2"
    mood_acoustic:
        all:
            acoustic: 0.150222271681
            not_acoustic: 0.849777758121
        probability: 0.849777758121
        value: "not_acoustic"
    mood_aggressive:
        all:
            aggressive: 0.0653589293361
            not_aggressive: 0.934641063213
        probability: 0.934641063213
        value: "not_aggressive"
    mood_electronic:
        all:
            electronic: 0.441649675369
            not_electronic: 0.558350324631
        probability: 0.558350324631
        value: "not_electronic"
    mood_happy:
        all:
            happy: 0.558739602566
            not_happy: 0.441260397434
        probability: 0.558739602566
        value: "happy"
    mood_party:
        all:
            not_party: 0.60754609108
            party: 0.39245390892
        probability: 0.60754609108
        value: "not_party"
    mood_relaxed:
        all:
            not_relaxed: 0.62114149332
            relaxed: 0.378858476877
        probability: 0.62114149332
        value: "not_relaxed"
    mood_sad:
        all:
            not_sad: 0.480641901493
            sad: 0.519358098507
        probability: 0.519358098507
        value: "sad"
    rhythm:
        all:
            fast: 0.85233849287
            medium: 0.0892516747117
            slow: 0.0584098361433
        probability: 0.85233849287
        value: "fast"
    speech_music:
        all:
            music: 0.999969303608
            speech: 3.06891379296e-05
        probability: 0.999969303608
        value: "music"
    timbre:
        all:
            bright: 0.892752468586
            dark: 0.107247531414
        probability: 0.892752468586
        value: "bright"
    voice_instrumental:
        all:
            instrumental: 0.0139459623024
            voice: 0.986054062843
        probability: 0.986054062843
        value: "voice"

lowlevel:
    average_loudness: 0.972129642963
    barkbands_kurtosis:
        dmean: 1.73136639595
        dmean2: 2.74084377289
        dvar: 5.30414628983
        dvar2: 12.0953960419
        max: 17.6650085449
        mean: 1.4010938406
        min: -1.86315107346
        var: 12.7668495178
    barkbands_skewness:
        dmean: 0.520596206188
        dmean2: 0.796237170696
        dvar: 0.252708911896
        dvar2: 0.589852154255
        max: 3.98324561119
        mean: 1.2301299572
        min: -1.49485862255
        var: 1.0666064024
    barkbands_spread:
        dmean: 6.41796255112
        dmean2: 9.84018325806
        dvar: 46.1523666382
        dvar2: 101.640220642
        max: 69.6654891968
        mean: 28.4877262115
        min: 5.91012096405
        var: 149.56237793
    dissonance:
        dmean: 0.0167556051165
        dmean2: 0.0274615548551
        dvar: 0.000215414867853
        dvar2: 0.000574470323045
        max: 0.497398287058
        mean: 0.454520642757
        min: 0.362235784531
        var: 0.000609285838436
    hfc:
        dmean: 2.17422699928
        dmean2: 3.08047676086
        dvar: 13.8808336258
        dvar2: 34.4924697876
        max: 30.171787262
        mean: 5.43062877655
        min: 0.352456688881
        var: 29.7324104309
    pitch:
        dmean: 664.773254395
        dmean2: 1275.48242188
        dvar: 1779784
        dvar2: 4682298.5
        max: 4900
        mean: 736.617675781
        min: 69.3396224976
        var: 1777380.375
    pitch_instantaneous_confidence:
        dmean: 0.0776334181428
        dmean2: 0.124904870987
        dvar: 0.00586938206106
        dvar2: 0.013468769379
        max: 0.85096424818
        mean: 0.448165863752
        min: 0.175165772438
        var: 0.0229859016836
    pitch_salience:
        dmean: 0.0670080110431
        dmean2: 0.112697355449
        dvar: 0.00294132437557
        dvar2: 0.00887602753937
        max: 0.806584179401
        mean: 0.620523810387
        min: 0.369210958481
        var: 0.00717609142885
    silence_rate_20dB:
        dmean: 0
        dmean2: 0
        dvar: 0
        dvar2: 0
        max: 1
        mean: 1
        min: 1
        var: 0
    silence_rate_30dB:
        dmean: 0
        dmean2: 0
        dvar: 0
        dvar2: 0
        max: 1
        mean: 1
        min: 1
        var: 0
    silence_rate_60dB:
        dmean: 0.139211133122
        dmean2: 0.276744186878
        dvar: 0.119831167161
        dvar2: 0.228062823415
        max: 1
        mean: 0.398148149252
        min: 0
        var: 0.239627107978
    spectral_centroid:
        dmean: 290.344573975
        dmean2: 445.724731445
        dvar: 132892.453125
        dvar2: 302721.90625
        max: 4622.49853516
        mean: 1091.18920898
        min: 307.72958374
        var: 381911.65625
    spectral_complexity:
        dmean: 2.81351971626
        dmean2: 4.45560741425
        dvar: 14.7437887192
        dvar2: 34.579826355
        max: 33
        mean: 9.61627864838
        min: 1
        var: 34.9713249207
    spectral_crest:
        dmean: 2.12567019463
        dmean2: 3.5033352375
        dvar: 4.02050161362
        dvar2: 10.7229642868
        max: 18.4406394958
        mean: 9.35135173798
        min: 3.67317843437
        var: 9.59858703613
    spectral_decrease:
        dmean: 3.27591814786e-10
        dmean2: 4.94008112195e-10
        dvar: 2.64301085365e-19
        dvar2: 6.22592015398e-19
        max: -9.92235252295e-11
        mean: -1.05256225957e-09
        min: -5.0209738589e-09
        var: 4.37057006664e-19
    spectral_energy:
        dmean: 0.00138034508564
        dmean2: 0.00207420927472
        dvar: 4.82207633468e-06
        dvar2: 1.1118688235e-05
        max: 0.0213674064726
        mean: 0.00446518789977
        min: 0.000406460574595
        var: 8.43968427944e-06
    spectral_energyband_high:
        dmean: 0.00017769614351
        dmean2: 0.000271695345873
        dvar: 1.81539206778e-07
        dvar2: 4.66421283818e-07
        max: 0.00334713468328
        mean: 0.000247268762905
        min: 2.05500055017e-06
        var: 2.12175834235e-07
    spectral_energyband_low:
        dmean: 0.000100615674455
        dmean2: 0.000171671868884
        dvar: 2.57902552647e-08
        dvar2: 6.91732822133e-08
        max: 0.00122185563669
        mean: 0.000178331436473
        min: 5.00190890307e-06
        var: 3.24016120601e-08
    spectral_energyband_middle_high:
        dmean: 0.000427899096394
        dmean2: 0.000622808001935
        dvar: 4.46388440878e-07
        dvar2: 9.05177728328e-07
        max: 0.00764589942992
        mean: 0.00122018100228
        min: 7.26365396986e-05
        var: 2.06572462957e-06
    spectral_energyband_middle_low:
        dmean: 0.00102741434239
        dmean2: 0.00161040201783
        dvar: 2.71521616924e-06
        dvar2: 6.98104895491e-06
        max: 0.0147000458091
        mean: 0.00281939795241
        min: 0.000157147485879
        var: 3.33659363605e-06
    spectral_flatness_db:
        dmean: 0.0193737987429
        dmean2: 0.0278289094567
        dvar: 0.000253602629527
        dvar2: 0.000505362811964
        max: 0.270852088928
        mean: 0.167253285646
        min: 0.0950950309634
        var: 0.00106729613617
    spectral_flux:
        dmean: 0.0095086209476
        dmean2: 0.0144793409854
        dvar: 0.000138623770908
        dvar2: 0.000280031963484
        max: 0.107531137764
        mean: 0.0331109315157
        min: 0.0103445220739
        var: 0.000337787845638
    spectral_kurtosis:
        dmean: 1.19453132153
        dmean2: 1.86461734772
        dvar: 1.53942012787
        dvar2: 3.56505870819
        max: 12.1501197815
        mean: 3.5819170475
        min: -0.660183429718
        var: 4.39030599594
    spectral_rms:
        dmean: 0.000302487460431
        dmean2: 0.000441735406639
        dvar: 1.45772617088e-07
        dvar2: 3.12178258355e-07
        max: 0.00456576934084
        mean: 0.00199659843929
        min: 0.000629719696008
        var: 3.69874442185e-07
    spectral_rolloff:
        dmean: 681.482788086
        dmean2: 1098.44482422
        dvar: 663337.5
        dvar2: 1410438
        max: 6912.15820312
        mean: 2227.3840332
        min: 301.46484375
        var: 1941844
    spectral_skewness:
        dmean: 0.211238458753
        dmean2: 0.312366425991
        dvar: 0.0439769402146
        dvar2: 0.0882479026914
        max: 2.68130683899
        mean: 1.5253084898
        min: -0.0244225319475
        var: 0.182030752301
    spectral_spread:
        dmean: 823680.6875
        dmean2: 1058044.75
        dvar: 707436085248
        dvar2: 1.15314393088e+12
        max: 12873941
        mean: 5828973.5
        min: 2711356.25
        var: 2.86242321203e+12
    spectral_strongpeak:
        dmean: 0.25554972887
        dmean2: 0.424902647734
        dvar: 0.273843854666
        dvar2: 0.670115172863
        max: 5.23311376572
        mean: 0.515406310558
        min: 0.0346999280155
        var: 0.585564851761
    zerocrossingrate:
        dmean: 0.011322661303
        dmean2: 0.0124819744378
        dvar: 0.000132470551762
        dvar2: 0.000158082344569
        max: 0.22265625
        mean: 0.0706735998392
        min: 0.021484375
        var: 0.000862597255036
    barkbands:
        dmean: [4.34276785199e-07, 4.83936455566e-05, 6.17043842794e-05, 0.000443926168373, 0.000512250175234, 0.000184034754056, 0.000113603986392, 0.000108791522507, 9.52967748162e-05, 1.37967117553e-05, 1.91685339814e-05, 1.93132764252e-05, 3.01840555039e-05, 4.93942497997e-05, 4.05566606787e-05, 3.74643750547e-05, 7.12187975296e-05, 0.000156387963216, 0.000163178847288, 0.00010358808504, 8.35820028442e-05, 4.43635326519e-05, 1.03084976217e-05, 4.49006574854e-06, 4.37245353169e-06, 1.3411202815e-07, 1.84694226579e-09]
        dmean2: [7.04613682956e-07, 8.32356672618e-05, 0.00010741026199, 0.000762553303503, 0.000839983986225, 0.000308969145408, 0.000160565585247, 0.000164052806213, 0.000135936614242, 1.96490127564e-05, 2.97909682558e-05, 3.06501533487e-05, 3.8600534026e-05, 7.41738695069e-05, 6.42995655653e-05, 6.15284225205e-05, 0.000110821521957, 0.000236809442868, 0.000245214061579, 0.000176123372512, 0.000132992310682, 6.77724383422e-05, 1.52577240442e-05, 5.99424265602e-06, 5.95195024289e-06, 1.94291800426e-07, 2.68104516365e-09]
        dvar: [1.78805234508e-12, 1.1382352838e-08, 8.27232149447e-09, 6.24434392194e-07, 7.7612116911e-07, 5.14106268668e-08, 3.38972228064e-08, 7.43550216953e-08, 4.06496489802e-08, 7.34190708229e-10, 1.91392190985e-09, 8.80167549955e-10, 6.19353901499e-09, 8.82596040697e-09, 4.45685888195e-09, 1.52053107882e-08, 1.96902671945e-08, 8.73742180829e-08, 7.18487740414e-08, 4.3953964024e-08, 3.87156369186e-08, 1.35426274639e-08, 7.01448399365e-10, 1.57612728424e-10, 1.009807446e-10, 7.47474320937e-14, 1.07026715701e-16]
        dvar2: [4.16666267461e-12, 3.08918721714e-08, 2.3126274229e-08, 1.66771451404e-06, 2.03130616683e-06, 1.27220346258e-07, 6.92754227316e-08, 1.65304186339e-07, 8.00903805498e-08, 1.15016407509e-09, 5.08213693351e-09, 2.05308414714e-09, 8.87837359187e-09, 1.75295120641e-08, 9.23302767575e-09, 4.14128855653e-08, 4.09903861964e-08, 1.95890180521e-07, 1.48604598849e-07, 1.18723050946e-07, 9.90716202409e-08, 2.99934725945e-08, 1.26281063384e-09, 2.00159888664e-10, 2.1980606224e-10, 1.64839970558e-13, 1.27367920762e-16]
        max: [8.91659965419e-06, 0.000698876567185, 0.000867228780407, 0.00626468705013, 0.00770963495597, 0.00273875123821, 0.00265295803547, 0.00284451199695, 0.00240945350379, 0.000473902735393, 0.000634011405054, 0.000452714739367, 0.00182741484605, 0.00123677239753, 0.000760063063353, 0.00204701418988, 0.00234830006957, 0.00361128663644, 0.00349591881968, 0.00143230881076, 0.00161547272, 0.001406960655, 0.000413511064835, 0.000191350103705, 8.77787097124e-05, 2.89814624921e-06, 2.02781563985e-07]
        mean: [3.48348009993e-07, 5.91343887208e-05, 0.00011885897402, 0.000580038642511, 0.00112919311505, 0.000406100210967, 0.000242096386501, 0.000188386489754, 0.000266201823251, 2.95521076623e-05, 3.47890600096e-05, 3.622922668e-05, 6.29030910204e-05, 9.11779061425e-05, 7.2448507126e-05, 5.927667371e-05, 0.000133145498694, 0.000320826948155, 0.000302631262457, 0.000142412769492, 0.00010348566866, 5.6796528952e-05, 1.62881860888e-05, 7.1935746746e-06, 5.52180927116e-06, 1.51615267896e-07, 1.65530367191e-09]
        min: [1.48044649456e-11, 9.03040586309e-07, 4.84945701373e-07, 2.52910240306e-06, 5.04638774146e-05, 1.42856642924e-05, 2.26563633987e-06, 9.52347363636e-07, 3.31313344759e-06, 1.04643436316e-06, 7.02555269072e-07, 2.3143618364e-06, 1.58546004059e-06, 1.41781572438e-06, 1.91590720533e-06, 2.37909034695e-06, 3.61378170055e-06, 5.57781322641e-06, 7.78116191213e-06, 7.35282242204e-07, 8.42076303798e-07, 3.45234639099e-07, 7.99304658017e-08, 1.11207114628e-08, 9.68152846781e-09, 2.93742738466e-11, 2.17057369799e-13]
        var: [1.58270662201e-12, 8.53509440901e-09, 1.87421207443e-08, 5.62615184663e-07, 8.664430311e-07, 1.46839440163e-07, 1.18003875116e-07, 1.18112986058e-07, 2.3642505198e-07, 3.0069504664e-09, 5.30175592317e-09, 1.88634996512e-09, 3.44872077562e-08, 2.74751474905e-08, 1.11155946669e-08, 1.30742714433e-08, 6.42540740614e-08, 2.90708072725e-07, 2.42289530661e-07, 4.27905497702e-08, 4.1516148741e-08, 2.10569552905e-08, 1.67089087011e-09, 4.32236690884e-10, 1.42565667605e-10, 9.95959228717e-14, 1.06690410534e-16]
    mfcc:
        mean: [-723.372375488, 114.627044678, -22.9702720642, 57.2714805603, -5.89605665207, -10.093214035, -9.79900455475, -9.81758022308, -13.8956985474, -8.52480316162, -4.37601089478, -11.039648056, -9.86216259003]
        cov: [[2009.54943848, -813.986816406, -7.6996679306, -201.369415283, -144.533996582, -5.73708105087, -41.7389335632, 82.0107345581, 60.1335716248, 99.3749465942, 165.382415771, -73.0377807617, -141.965789795], [-813.986816406, 920.34753418, -315.28515625, -34.7939224243, 90.0338745117, -134.813018799, 48.0157203674, 41.4100341797, -76.3308639526, 58.7495689392, -5.03324985504, 8.69229793549, -22.6866035461], [-7.6996679306, -315.28515625, 435.851226807, 10.2543344498, -32.0303230286, 134.144714355, 2.45330429077, -37.7767295837, 58.9541931152, -55.5749053955, -60.8670730591, 36.8931083679, 64.2925949097], [-201.369415283, -34.7939224243, 10.2543344498, 275.633331299, 48.8722038269, 34.0165786743, -29.922170639, -70.0215606689, 14.559094429, -82.7102279663, -45.7825431824, 42.7436637878, 92.1547164917], [-144.533996582, 90.0338745117, -32.0303230286, 48.8722038269, 139.477325439, -56.1962203979, 4.91573953629, -16.2210769653, -25.5727481842, 3.38987612724, 0.346211880445, 11.9080629349, 9.15866470337], [-5.73708105087, -134.813018799, 134.144714355, 34.0165786743, -56.1962203979, 189.211624146, 11.1541051865, 5.5915350914, 55.6559829712, -21.790555954, -47.5610847473, 1.35759663582, 14.7387161255], [-41.7389335632, 48.0157203674, 2.45330429077, -29.922170639, 4.91573953629, 11.1541051865, 92.5567092896, 4.38976812363, -10.066865921, 13.3347082138, -18.2931213379, 2.76851344109, -10.1093444824], [82.0107345581, 41.4100341797, -37.7767295837, -70.0215606689, -16.2210769653, 5.5915350914, 4.38976812363, 121.328308105, -0.994713068008, 25.7624874115, 25.3222427368, -42.5610733032, -33.8890762329], [60.1335716248, -76.3308639526, 58.9541931152, 14.559094429, -25.5727481842, 55.6559829712, -10.066865921, -0.994713068008, 107.562110901, 10.4520673752, -13.3819999695, -3.79572296143, -2.02409410477], [99.3749465942, 58.7495689392, -55.5749053955, -82.7102279663, 3.38987612724, -21.790555954, 13.3347082138, 25.7624874115, 10.4520673752, 116.464508057, 32.3726425171, -27.2497787476, -57.6155929565], [165.382415771, -5.03324985504, -60.8670730591, -45.7825431824, 0.346211880445, -47.5610847473, -18.2931213379, 25.3222427368, -13.3819999695, 32.3726425171, 105.820930481, -0.780654788017, -31.4851036072], [-73.0377807617, 8.69229793549, 36.8931083679, 42.7436637878, 11.9080629349, 1.35759663582, 2.76851344109, -42.5610733032, -3.79572296143, -27.2497787476, -0.780654788017, 85.4024200439, 40.173915863], [-141.965789795, -22.6866035461, 64.2925949097, 92.1547164917, 9.15866470337, 14.7387161255, -10.1093444824, -33.8890762329, -2.02409410477, -57.6155929565, -31.4851036072, 40.173915863, 100.03175354]]
        icov: [[0.00138915539719, 0.00160876451991, 0.000801416113973, 0.000396765623009, 0.000539732864127, 0.000523376977071, -0.000171914172824, -0.000638306897599, -0.000329875387251, -0.000621444254648, -0.0007598332013, -0.000453540269518, 0.000673973641824], [0.00160876451991, 0.0036644609645, 0.00225308095105, 0.000879984640051, -0.000122907091281, 0.000937162607443, -0.000646758824587, -0.00150185392704, -0.000110046603368, -0.00134742481168, 0.000445413053967, -0.00165132805705, 0.00017953942006], [0.000801416113973, 0.00225308095105, 0.00533427856863, 0.00263327173889, -0.00106828520074, -0.00203971518204, -4.33558634541e-05, 0.000244255264988, -0.00134539953433, 0.000389296328649, 0.0010141946841, -0.00157393107656, -0.00258097192273], [0.000396765623009, 0.000879984640051, 0.00263327173889, 0.00842609163374, -0.00332762533799, -0.00252217357047, 0.00168998248409, 0.00250509916805, -0.00178777088877, 0.00272164912894, 0.000533936836291, -0.000149991436047, -0.00523688737303], [0.000539732864127, -0.000122907091281, -0.00106828520074, -0.00332762533799, 0.0104113901034, 0.00370492623188, -0.00107208848931, -0.000584263703786, 0.00130436720792, -0.00199176627211, -1.35547334139e-05, -0.000588594237342, 0.00179621588904], [0.000523376977071, 0.000937162607443, -0.00203971518204, -0.00252217357047, 0.00370492623188, 0.0102313812822, -0.00170664547477, -0.00273672537878, -0.00238699303009, -0.000572264427319, 0.00249131792225, -0.00089044199558, 0.0024073633831], [-0.000171914172824, -0.000646758824587, -4.33558634541e-05, 0.00168998248409, -0.00107208848931, -0.00170664547477, 0.0130349639803, -6.9000532676e-05, 0.00175395910628, -0.00119668524712, 0.0032773532439, -0.00186216761358, 0.000849519914482], [-0.000638306897599, -0.00150185392704, 0.000244255264988, 0.00250509916805, -0.000584263703786, -0.00273672537878, -6.9000532676e-05, 0.0127136884257, -0.000117128125567, 0.00138364546001, -0.00294685456902, 0.00578349269927, -0.00141006056219], [-0.000329875387251, -0.000110046603368, -0.00134539953433, -0.00178777088877, 0.00130436720792, -0.00238699303009, 0.00175395910628, -0.000117128125567, 0.0125487679616, -0.00306394952349, 0.0011123502627, -5.09927522216e-05, 0.00124820123892], [-0.000621444254648, -0.00134742481168, 0.000389296328649, 0.00272164912894, -0.00199176627211, -0.000572264427319, -0.00119668524712, 0.00138364546001, -0.00306394952349, 0.0148877939209, -0.0023166462779, 0.00195866287686, 0.0036665906664], [-0.0007598332013, 0.000445413053967, 0.0010141946841, 0.000533936836291, -1.35547334139e-05, 0.00249131792225, 0.0032773532439, -0.00294685456902, 0.0011123502627, -0.0023166462779, 0.0153373852372, -0.0046021528542, 0.00220987666398], [-0.000453540269518, -0.00165132805705, -0.00157393107656, -0.000149991436047, -0.000588594237342, -0.00089044199558, -0.00186216761358, 0.00578349269927, -5.09927522216e-05, 0.00195866287686, -0.0046021528542, 0.0185345690697, -0.00567727955058], [0.000673973641824, 0.00017953942006, -0.00258097192273, -0.00523688737303, 0.00179621588904, 0.0024073633831, 0.000849519914482, -0.00141006056219, 0.00124820123892, 0.0036665906664, 0.00220987666398, -0.00567727955058, 0.0216791331768]]
    spectral_contrast:
        mean: [9.34452231149e-08, 2.98345923966e-07, -1.57155270131e-07, 1.56878044777e-07, 1.85398167929e-08, -7.68501422499e-07, 2.12845770875e-06, 1.12583472855e-06, -5.30143438482e-07, 3.90770810554e-06, -1.60038473496e-06, -5.23169376265e-07]
        var: [0.000621394312475, 0.00105637661181, 0.00219005160034, 0.00293382210657, 0.00340615189634, 0.00510819628835, 0.0553272999823, 0.0944211557508, 0.138640254736, 0.260921776295, 0.307212799788, 1.25771665573]

rhythm:
    beats_loudness:
        dmean: 0.0045039858669
        dmean2: 0.00842554587871
        dvar: 7.58060332373e-06
        dvar2: 1.76132580236e-05
        max: 0.014390302822
        mean: 0.0070873410441
        min: 0.00266998261213
        var: 1.06430343294e-05
    beats_loudness_bass:
        dmean: 0.0668535456061
        dmean2: 0.124631606042
        dvar: 0.00378940976225
        dvar2: 0.00809146463871
        max: 0.268580973148
        mean: 0.109333522618
        min: 0.00639788573608
        var: 0.0058484589681
    bpm: 135.611587524
    bpm_confidence: 0
    first_peak_bpm: 135
    first_peak_spread: 0
    first_peak_weight: 0.95454543829
    onset_rate: 4.48608398438
    second_peak_bpm: 126
    second_peak_spread: 0
    second_peak_weight: 0.0454545468092
    beats_position: [0.149191558361, 0.592193126678, 1.03519463539, 1.4781961441, 1.92119765282, 2.36419916153, 2.80720067024, 3.25020217896, 3.69320392609, 4.13620567322, 4.57920742035, 5.02220916748, 5.46521091461, 5.90821218491, 6.38363313675, 6.82536411285, 7.26709461212, 7.70882511139, 8.15055656433, 8.5922870636, 9.03401756287, 9.47574806213, 9.91747951508]
    bpm_estimates: [135.566589355, 135.379943848, 135.725311279, 136.409912109, 134.949996948, 135.521453857, 134.536270142, 134.99609375, 135.890167236, 135.938568115, 135.741821289, 136.189315796, 135.2993927, 135.596496582, 136.026275635, 136.01763916]
    bpm_intervals: [0.443001568317, 0.443001508713, 0.443001508713, 0.443001508713, 0.443001508713, 0.443001508713, 0.443001508713, 0.443001747131, 0.443001747131, 0.443001747131, 0.443001747131, 0.443001747131, 0.443001270294, 0.475420951843, 0.441730976105, 0.441730499268, 0.441730499268, 0.441731452942, 0.441730499268, 0.441730499268, 0.441730499268, 0.441731452942]
    onset_times: [0.0464399084449, 0.383129239082, 0.49922901392, 0.592108845711, 1.02167797089, 1.26548755169, 1.38158726692, 1.67183673382, 1.93886625767, 2.17106580734, 2.35682535172, 2.82122445107, 3.05342411995, 3.29723358154, 3.50621318817, 3.68036270142, 3.90095233917, 4.07510185242, 4.1679816246, 4.59755086899, 5.01551008224, 5.18966007233, 5.27092981339, 5.46829938889, 5.68888902664, 5.93269824982, 6.13006782532, 6.37387752533, 6.58285713196, 6.82666683197, 7.02403640747, 7.24462604523, 7.4884352684, 7.59292507172, 7.72063493729, 7.91800451279, 8.06893444061, 8.16181373596, 8.37079334259, 8.63782310486, 8.8119726181, 9.05578231812, 9.26476192474, 9.47374153137, 9.92653083801]
    rubato_start: []
    rubato_stop: []
    perceptual_tempo: "unknown"

sfx:
    inharmonicity:
        dmean: 0.037426225841
        dmean2: 0.064498282969
        dvar: 0.00187725306023
        dvar2: 0.00515038939193
        max: 0.255775153637
        mean: 0.0397561304271
        min: 0
        var: 0.00229338067584
    oddtoevenharmonicenergyratio:
        dmean: 4.05208969116
        dmean2: 7.67138767242
        dvar: 217.57963562
        dvar2: 649.553894043
        max: 190.557418823
        mean: 2.6286945343
        min: 0
        var: 117.156295776
    pitch_after_max_to_before_max_energy_ratio: 41.5491027832
    pitch_centroid: 195.993804932
    pitch_max_to_total: 0
    pitch_min_to_total: 0.286046504974
    tristimulus:
        dmean: [0.23069986701, 0.251565247774, 0.108800970018]
        dmean2: [0.400057792664, 0.44496178627, 0.187664017081]
        dvar: [0.0391863696277, 0.0449522398412, 0.0124014206231]
        dvar2: [0.110357120633, 0.129396244884, 0.0321924611926]
        max: [1, 0.941678285599, 0.67358982563]
        mean: [0.444351822138, 0.396824926138, 0.118514962494]
        min: [0.00613581202924, 0, 0]
        var: [0.0683069378138, 0.0655600354075, 0.0164417419583]

tonal:
    chords_changes_rate: 0.0462962947786
    chords_number_rate: 0.0277777779847
    chords_strength:
        dmean: 0.00894443131983
        dmean2: 0.00829243008047
        dvar: 5.56920313102e-05
        dvar2: 5.697675806e-05
        max: 0.624232947826
        mean: 0.501108884811
        min: 0.331834584475
        var: 0.00340425944887
    key_strength: 0.72915327549
    tuning_diatonic_strength: 0.592991769314
    tuning_equal_tempered_deviation: 0.0466035157442
    tuning_frequency: 441.782684326
    tuning_nontempered_energy_ratio: 0.677526175976
    hpcp:
        dmean: [0.0695868805051, 0.0690170899034, 0.0920478999615, 0.104390926659, 0.0806034058332, 0.0451692305505, 0.0368969105184, 0.0351308323443, 0.0801860168576, 0.0803699195385, 0.108819916844, 0.124063313007, 0.127847984433, 0.0841113626957, 0.0484784692526, 0.0522077344358, 0.0599306635559, 0.104411259294, 0.10338973254, 0.0975317656994, 0.0503639355302, 0.0400549583137, 0.059961412102, 0.109110027552, 0.128337606788, 0.179015144706, 0.193640083075, 0.169716641307, 0.142349287868, 0.0937039405107, 0.0764890238643, 0.0738581344485, 0.0938994139433, 0.117092274129, 0.0892333388329, 0.0737026110291]
        dmean2: [0.11732096225, 0.11561793834, 0.13838288188, 0.166694119573, 0.140074834228, 0.0809460654855, 0.0650432631373, 0.0620632357895, 0.129956245422, 0.133433043957, 0.190903797746, 0.203236609697, 0.211676478386, 0.128672659397, 0.0790153220296, 0.0807123035192, 0.103552028537, 0.176275238395, 0.171947956085, 0.168294072151, 0.0839324966073, 0.0690059661865, 0.105655662715, 0.191443040967, 0.214574083686, 0.320509523153, 0.322050839663, 0.292398512363, 0.239371865988, 0.164164885879, 0.138457611203, 0.128382712603, 0.150231793523, 0.189182430506, 0.138747289777, 0.125500425696]
        dvar: [0.0217901747674, 0.0171537380666, 0.0163543969393, 0.027465287596, 0.0156188709661, 0.0135636087507, 0.0150473620743, 0.00619778502733, 0.0210000947118, 0.0212655495852, 0.0309266690165, 0.0294112227857, 0.0367499738932, 0.0152023863047, 0.0120895430446, 0.014046754688, 0.0204444173723, 0.0304312091321, 0.0300751570612, 0.0261492244899, 0.0137266479433, 0.0103093814105, 0.0156276021153, 0.0327611975372, 0.0345994904637, 0.0534740947187, 0.0583508014679, 0.0568891987205, 0.0390135683119, 0.0298644118011, 0.024784937501, 0.0219150912017, 0.0186808668077, 0.0331042706966, 0.0203027874231, 0.0240549426526]
        dvar2: [0.0556334145367, 0.0421763397753, 0.0315023101866, 0.0571418739855, 0.0383703298867, 0.0309267770499, 0.0423291660845, 0.0179857611656, 0.0573338381946, 0.0438540391624, 0.0874819159508, 0.0828106477857, 0.0836832597852, 0.0375063233078, 0.0278913490474, 0.0269746221602, 0.0520546920598, 0.0886769965291, 0.0624665170908, 0.0721395537257, 0.0386073216796, 0.0275406818837, 0.045533593744, 0.0816499888897, 0.0818951576948, 0.154598861933, 0.150938615203, 0.145868986845, 0.0967392325401, 0.0781063735485, 0.072443112731, 0.0557517297566, 0.0508099012077, 0.0800001993775, 0.0505650006235, 0.0672667995095]
        max: [1, 1, 1, 1, 0.991630256176, 1, 1, 0.652538061142, 1, 1, 1, 1, 1, 0.976883471012, 0.877391159534, 1, 1, 1, 1, 0.937987565994, 1, 1, 1, 1, 1, 1, 1, 1, 1, 1, 1, 1, 1, 1, 0.901094079018, 0.96012532711]
        mean: [0.0790319368243, 0.0758978351951, 0.184096544981, 0.28035646677, 0.163769513369, 0.0492273792624, 0.0338514521718, 0.0375072993338, 0.124109126627, 0.191600158811, 0.142594978213, 0.182573005557, 0.236769080162, 0.130279645324, 0.0568678788841, 0.0613800026476, 0.067250855267, 0.179018631577, 0.255282580853, 0.145342290401, 0.055865265429, 0.0452001169324, 0.0638665929437, 0.18140180409, 0.268758535385, 0.258565068245, 0.365516901016, 0.387292981148, 0.20692871511, 0.0990289524198, 0.0808982476592, 0.0811465233564, 0.155478492379, 0.20725351572, 0.128266632557, 0.076131388545]
        min: [0.00153846351895, 0.00179691787343, 0.00131309579592, 0.00481244549155, 0.00678427424282, 0.0013495455496, 0.000845683913212, 0.000750051403884, 0.00178693875205, 0.00211246265098, 0.00173947471194, 0.00241396646015, 0.00258259940892, 0.00356413749978, 0.00164264347404, 0.00101032643579, 0.00151309068315, 0.000917020894121, 0.00148797419388, 0.000831794925034, 0.00147333811037, 0.00128895323724, 0.000874476856552, 0.00216227932833, 0.00419751461595, 0.00373467523605, 0.00265020737424, 0.00175012648106, 0.00265436992049, 0.00330041814595, 0.00166180462111, 0.00105270824861, 0.00271224556491, 0.00467193732038, 0.00430967798457, 0.00217617442831]
        var: [0.0210258346051, 0.0180074442178, 0.0365901850164, 0.0986979678273, 0.0367055721581, 0.011963528581, 0.00966313481331, 0.00471462309361, 0.0354995056987, 0.078273050487, 0.0395917631686, 0.0529920980334, 0.0904208496213, 0.028790447861, 0.0124242845923, 0.0194105599076, 0.0222493745387, 0.0522768571973, 0.0958701223135, 0.0335469916463, 0.0131734739989, 0.00996565446258, 0.0164507888258, 0.0684011504054, 0.108705244958, 0.079650990665, 0.128612831235, 0.156288027763, 0.0704865381122, 0.028471423313, 0.0203741826117, 0.024708673358, 0.0384095236659, 0.0791471004486, 0.0311498139054, 0.0193720851094]
    chords_histogram: [16.6666660309, 6.01851844788, 22.6851844788, 7.87037038803, 3.70370364189, 0, 0, 0, 0, 0, 0.925925910473, 0, 0, 0, 0, 0, 0, 0, 0, 0, 0, 0, 0, 42.1296310425]
    thpcp: [1, 0.534295022488, 0.255695194006, 0.208881258965, 0.20952232182, 0.401449292898, 0.53513365984, 0.331187605858, 0.196573123336, 0.204062402248, 0.195970073342, 0.475341796875, 0.723887264729, 0.422856897116, 0.127106308937, 0.0874052792788, 0.0968447700143, 0.320452809334, 0.494716316462, 0.368183732033, 0.471407979727, 0.611343562603, 0.336385250092, 0.146834254265, 0.158484682441, 0.173643365502, 0.462230503559, 0.659145891666, 0.375277370214, 0.144245490432, 0.11670781672, 0.164905115962, 0.468383908272, 0.693941175938, 0.66762137413, 0.943773627281]
    chords_key: "D#"
    chords_scale: "minor"
    key_key: "F#"
    key_scale: "major"
    chords_progression: ["G#", "G#", "G#", "G#", "G#", "G#", "G#", "G#", "Fm", "Fm", "Fm", "Fm", "Fm", "Fm", "Fm", "Fm", "Fm", "Fm", "Fm", "Fm", "Fm", "Fm", "Fm", "Fm", "Fm", "F", "F", "A#m", "F#", "F#", "A#m", "A#m", "A#m", "A#m", "A#m", "A#m", "A#m", "A#m", "A#m", "A#m", "A#m", "A#m", "C#", "C#", "C#", "C#", "C#", "C#", "C#", "C#", "C#", "C#", "C#", "C#", "C#", "C#", "C#", "C#", "C#", "C#", "C#", "C#", "C#", "C#", "C#", "C#", "C#", "C#", "C#", "C#", "C#", "C#", "C#", "C#", "C#", "C#", "C#", "C#", "F#", "F#", "F#", "F#", "F#", "F#", "F#", "F#", "D#m", "D#m", "D#m", "D#m", "D#m", "D#m", "D#m", "D#m", "D#m", "D#m", "D#m", "D#m", "D#m", "D#m", "D#m", "D#m", "D#m", "D#m", "D#m", "D#m", "D#m", "D#m", "D#m", "D#m", "D#m", "D#m", "D#m", "D#m", "D#m", "D#m", "D#m", "D#m", "D#m", "D#m", "D#m", "D#m", "D#m", "D#m", "D#m", "D#m", "D#m", "D#m", "D#m", "D#m", "D#m", "D#m", "D#m", "D#m", "D#m", "D#m", "D#m", "D#m", "D#m", "D#m", "D#m", "D#m", "D#m", "D#m", "D#m", "D#m", "D#m", "D#m", "D#m", "D#m", "D#m", "D#m", "D#m", "D#m", "D#m", "D#m", "D#m", "D#m", "D#m", "D#m", "D#m", "D#m", "D#m", "D#m", "D#m", "D#m", "D#m", "D#m", "D#m", "D#m", "D#m", "D#m", "D#m", "D#m", "D#m", "D#m", "D#m", "F#", "F#", "F#", "F#", "F#", "F#", "F#", "F#", "F#", "F#", "F#", "F#", "F#", "F#", "F#", "F#", "F#", "F#", "F#", "F#", "F#", "F#", "F#", "F#", "F#", "F#", "C#", "C#", "C#", "C#", "C#", "C#", "C#", "C#", "C#", "C#", "C#", "C#", "C#"]
