
metadata:
    version:
        essentia: "1.2.2"
    audio_properties:
        analysis_sample_rate: 44100
        bitrate: 128
        channels: 2
        equal_loudness: 1
        length: 10.0310201645
        replay_gain: -10.5711421967
        downmix: "mix"
    tags:
        track: 5
        year: 0
        album: "Splitted by Mp3Splt v. 2.1"
        artist: "From 000.40 To 000.50"
        comment: "http://mp3splt.sf.net"
        genre: ""
        title: "02 2 Wicky.mp3"

highlevel:
    ballroom:
        all:
            ChaChaCha: 0.199647665024
            Jive: 0.177713170648
            Quickstep: 0.0830094665289
            Rumba-American: 0.00120721978601
            Rumba-International: 0.00860394537449
            Rumba-Misc: 0.0021034842357
            Samba: 0.522599160671
            Tango: 0.00135853420943
            VienneseWaltz: 0.00165278371423
            Waltz: 0.0021045866888
        probability: 0.522599160671
        value: "Samba"
    culture:
        all:
            non_western: 0.479509353638
            western: 0.520490646362
        probability: 0.520490646362
        value: "western"
    gender:
        all:
            female: 0.823242604733
            male: 0.176757410169
        probability: 0.823242604733
        value: "female"
    genre_dortmund:
        all:
            alternative: 0.0219756364822
            blues: 0.00503144040704
            electronic: 0.194577649236
            folkcountry: 0.0152704752982
            funksoulrnb: 0.0254410281777
            jazz: 0.585487186909
            pop: 0.039377450943
            raphiphop: 0.0740255117416
            rock: 0.0388136468828
        probability: 0.585487186909
        value: "jazz"
    genre_electronica:
        all:
            ambient: 0.145786225796
            dnb: 0.392156153917
            house: 0.242108136415
            techno: 0.0361068509519
            trance: 0.183842644095
        probability: 0.392156153917
        value: "dnb"
    genre_rosamerica:
        all:
            cla: 0.0288105811924
            dan: 0.647347450256
            hip: 0.0440349467099
            jaz: 0.020506400615
            pop: 0.0952750593424
            rhy: 0.140461370349
            roc: 0.0134185682982
            spe: 0.0101456223056
        probability: 0.647347450256
        value: "dan"
    genre_tzanetakis:
        all:
            blu: 0.0045581990853
            cla: 0.00251361890696
            cou: 0.00615706061944
            dis: 0.059930909425
            hip: 0.166464224458
            jaz: 0.00411557406187
            met: 0.0154448635876
            pop: 0.579320311546
            reg: 0.13166937232
            roc: 0.0298258494586
        probability: 0.579320311546
        value: "pop"
    live_studio:
        all:
            live: 0.719484269619
            studio: 0.280515730381
        probability: 0.719484269619
        value: "live"
    mood:
        all:
            Cluster1: 0.200884371996
            Cluster2: 0.35239636898
            Cluster3: 0.133228182793
            Cluster4: 0.0857772901654
            Cluster5: 0.227713793516
        probability: 0.35239636898
        value: "Cluster2"
    mood_acoustic:
        all:
            acoustic: 0.0852899327874
            not_acoustic: 0.914710044861
        probability: 0.914710044861
        value: "not_acoustic"
    mood_aggressive:
        all:
            aggressive: 0.108737006783
            not_aggressive: 0.891263008118
        probability: 0.891263008118
        value: "not_aggressive"
    mood_electronic:
        all:
            electronic: 0.887599110603
            not_electronic: 0.112400881946
        probability: 0.887599110603
        value: "electronic"
    mood_happy:
        all:
            happy: 0.468314886093
            not_happy: 0.531685113907
        probability: 0.531685113907
        value: "not_happy"
    mood_party:
        all:
            not_party: 0.241038754582
            party: 0.758961260319
        probability: 0.758961260319
        value: "party"
    mood_relaxed:
        all:
            not_relaxed: 0.785047829151
            relaxed: 0.21495218575
        probability: 0.785047829151
        value: "not_relaxed"
    mood_sad:
        all:
            not_sad: 0.87023049593
            sad: 0.12976950407
        probability: 0.87023049593
        value: "not_sad"
    rhythm:
        all:
            fast: 0.0910417735577
            medium: 0.90163564682
            slow: 0.00732259359211
        probability: 0.90163564682
        value: "medium"
    speech_music:
        all:
            music: 0.950977385044
            speech: 0.0490226373076
        probability: 0.950977385044
        value: "music"
    timbre:
        all:
            bright: 0.902620494366
            dark: 0.0973795130849
        probability: 0.902620494366
        value: "bright"
    voice_instrumental:
        all:
            instrumental: 0.171418070793
            voice: 0.828581929207
        probability: 0.828581929207
        value: "voice"

lowlevel:
    average_loudness: 0.97938388586
    barkbands_kurtosis:
        dmean: 2.24195408821
        dmean2: 3.39444327354
        dvar: 12.758023262
        dvar2: 28.9827003479
        max: 34.661113739
        mean: 1.96709418297
        min: -1.88903164864
        var: 29.5986175537
    barkbands_skewness:
        dmean: 0.611452937126
        dmean2: 0.890497624874
        dvar: 0.401630103588
        dvar2: 0.774374485016
        max: 4.88907241821
        mean: 0.465767860413
        min: -4.26503133774
        var: 2.77234816551
    barkbands_spread:
        dmean: 7.06918287277
        dmean2: 10.6053104401
        dvar: 48.1856117249
        dvar2: 114.194900513
        max: 73.4895324707
        mean: 29.4061260223
        min: 3.90378713608
        var: 149.393661499
    dissonance:
        dmean: 0.0137866158038
        dmean2: 0.0220619384199
        dvar: 0.000250617478741
        dvar2: 0.000429476407589
        max: 0.499104648829
        mean: 0.465749740601
        min: 0.224566146731
        var: 0.00081684300676
    hfc:
        dmean: 1.95762741566
        dmean2: 2.93075680733
        dvar: 13.5680389404
        dvar2: 29.7848873138
        max: 29.0475482941
        mean: 4.44157838821
        min: 0.0809541344643
        var: 32.1738243103
    pitch:
        dmean: 997.958984375
        dmean2: 1928.91894531
        dvar: 2188012
        dvar2: 5049619
        max: 4410
        mean: 1780.26721191
        min: 103.037384033
        var: 3144817.25
    pitch_instantaneous_confidence:
        dmean: 0.0854535549879
        dmean2: 0.138988599181
        dvar: 0.0051176850684
        dvar2: 0.0134128946811
        max: 0.797042369843
        mean: 0.470620155334
        min: 0.164387106895
        var: 0.014765641652
    pitch_salience:
        dmean: 0.068829908967
        dmean2: 0.111161679029
        dvar: 0.00348099716939
        dvar2: 0.00967859476805
        max: 0.844100952148
        mean: 0.601710498333
        min: 0.335146814585
        var: 0.0100527042523
    silence_rate_20dB:
        dmean: 0
        dmean2: 0
        dvar: 0
        dvar2: 0
        max: 1
        mean: 1
        min: 1
        var: 0
    silence_rate_30dB:
        dmean: 0
        dmean2: 0
        dvar: 0
        dvar2: 0
        max: 1
        mean: 1
        min: 1
        var: 0
    silence_rate_60dB:
        dmean: 0.0925925895572
        dmean2: 0.183294668794
        dvar: 0.0840192511678
        dvar2: 0.168258786201
        max: 1
        mean: 0.699769079685
        min: 0
        var: 0.21009260416
    spectral_centroid:
        dmean: 343.212615967
        dmean2: 497.022918701
        dvar: 143822.140625
        dvar2: 255971.765625
        max: 4490.90283203
        mean: 1724.13146973
        min: 198.487884521
        var: 1109835.25
    spectral_complexity:
        dmean: 2.46867752075
        dmean2: 3.74651169777
        dvar: 19.5390625
        dvar2: 41.5659790039
        max: 46
        mean: 6.57175922394
        min: 0
        var: 46.036605835
    spectral_crest:
        dmean: 2.38501739502
        dmean2: 3.89206790924
        dvar: 3.96527767181
        dvar2: 11.639749527
        max: 18.7328395844
        mean: 9.2453250885
        min: 3.55546140671
        var: 8.76560020447
    spectral_decrease:
        dmean: 3.6079678134e-10
        dmean2: 5.77641323662e-10
        dvar: 5.7225781663e-19
        dvar2: 1.45837391045e-18
        max: -1.47852459442e-11
        mean: -6.94446056215e-10
        min: -5.37979927273e-09
        var: 8.20973087345e-19
    spectral_energy:
        dmean: 0.00151324796025
        dmean2: 0.00239695818163
        dvar: 9.37633922149e-06
        dvar2: 2.35812331084e-05
        max: 0.0214445088059
        mean: 0.0030238640029
        min: 7.17659640941e-05
        var: 1.41589516716e-05
    spectral_energyband_high:
        dmean: 0.000224535833695
        dmean2: 0.000338919693604
        dvar: 1.77071981966e-07
        dvar2: 4.02733292049e-07
        max: 0.00372310262173
        mean: 0.000403959711548
        min: 2.06327649721e-06
        var: 3.67332773976e-07
    spectral_energyband_low:
        dmean: 0.000246060924837
        dmean2: 0.000393123278627
        dvar: 3.90034244901e-07
        dvar2: 1.09791369596e-06
        max: 0.00731390668079
        mean: 0.000520317465998
        min: 4.38245876921e-07
        var: 1.06196034722e-06
    spectral_energyband_middle_high:
        dmean: 0.00037152657751
        dmean2: 0.000554987287614
        dvar: 5.85411385146e-07
        dvar2: 1.43665965879e-06
        max: 0.00762243149802
        mean: 0.000825104478281
        min: 1.62546239153e-05
        var: 1.47066623413e-06
    spectral_energyband_middle_low:
        dmean: 0.000969893706497
        dmean2: 0.00164680555463
        dvar: 6.32001365375e-06
        dvar2: 1.63276818057e-05
        max: 0.0161269828677
        mean: 0.00127448164858
        min: 1.85095777852e-05
        var: 5.82268285143e-06
    spectral_flatness_db:
        dmean: 0.0206856932491
        dmean2: 0.0317702405155
        dvar: 0.00036486479803
        dvar2: 0.000865755660925
        max: 0.320641756058
        mean: 0.184301286936
        min: 0.105650380254
        var: 0.00164358515758
    spectral_flux:
        dmean: 0.00951846595854
        dmean2: 0.0144416159019
        dvar: 0.000247065356234
        dvar2: 0.000517867680173
        max: 0.128174364567
        mean: 0.029083289206
        min: 0.00503828283399
        var: 0.000531417259481
    spectral_kurtosis:
        dmean: 1.17550170422
        dmean2: 1.8115311861
        dvar: 1.80855405331
        dvar2: 4.50395774841
        max: 13.2193660736
        mean: 3.37067723274
        min: -0.282926797867
        var: 4.69879007339
    spectral_rms:
        dmean: 0.000348597823177
        dmean2: 0.000514147046488
        dvar: 2.84755316216e-07
        dvar2: 6.54113932796e-07
        max: 0.00457399943843
        mean: 0.00146633211989
        min: 0.000264604546828
        var: 7.999805689e-07
    spectral_rolloff:
        dmean: 599.731811523
        dmean2: 989.675354004
        dvar: 750760.25
        dvar2: 1533936.875
        max: 6438.42773438
        mean: 3085.12939453
        min: 193.798828125
        var: 2614998.5
    spectral_skewness:
        dmean: 0.196509674191
        dmean2: 0.284233629704
        dvar: 0.0387566573918
        dvar2: 0.083123229444
        max: 2.72464227676
        mean: 1.28905463219
        min: 0.284504413605
        var: 0.16311223805
    spectral_spread:
        dmean: 598306.4375
        dmean2: 794880.125
        dvar: 396382306304
        dvar2: 587885379584
        max: 11798875
        mean: 5124472.5
        min: 2545330
        var: 2.28684333056e+12
    spectral_strongpeak:
        dmean: 0.35656479001
        dmean2: 0.632873952389
        dvar: 0.553665518761
        dvar2: 1.56502330303
        max: 6.07551193237
        mean: 0.503876745701
        min: 0.00538458442315
        var: 0.62539434433
    zerocrossingrate:
        dmean: 0.0127587551251
        dmean2: 0.014156749472
        dvar: 0.000157802482136
        dvar2: 0.000157751594088
        max: 0.21875
        mean: 0.0988679081202
        min: 0.01904296875
        var: 0.00205265684053
    barkbands:
        dmean: [1.17628673024e-07, 0.000118579861009, 0.000193350366317, 0.000272245553788, 0.000615600903984, 0.000141971322591, 1.97226218006e-05, 4.16556358687e-05, 4.38550741819e-05, 4.52222702734e-05, 2.46072249865e-05, 1.07713440229e-05, 1.51523745444e-05, 1.00969455161e-05, 1.92677416635e-05, 6.73672548146e-05, 3.98919655709e-05, 6.6198008426e-05, 0.000178440284799, 0.000160086885444, 8.63065943122e-05, 2.16558491957e-05, 7.18258297638e-06, 4.29890633313e-06, 1.67027053521e-06, 6.20092208692e-08, 3.02688235587e-10]
        dmean2: [1.97558946979e-07, 0.000202268071007, 0.000285641406663, 0.000487470271764, 0.00106312416028, 0.000232997976127, 3.29711838276e-05, 6.5553773311e-05, 6.17987097939e-05, 5.0869955885e-05, 3.78465047106e-05, 1.71698284248e-05, 2.35088100453e-05, 1.6692063582e-05, 3.20463987009e-05, 0.000110412533104, 6.4469051722e-05, 0.000107166109956, 0.000273607089184, 0.00025483945501, 0.000128453059006, 3.07633054035e-05, 9.60254874371e-06, 6.00641169513e-06, 2.41553470914e-06, 8.63796074668e-08, 4.25758373002e-10]
        dvar: [1.48463598186e-13, 1.15288834479e-07, 2.25400910381e-07, 1.16376327242e-06, 3.09140659738e-06, 1.45327831547e-07, 4.55261073284e-09, 1.17344205464e-08, 9.37018729275e-09, 3.60134890798e-08, 7.42065697779e-09, 1.00616803778e-09, 2.04690508987e-09, 9.15439057891e-10, 2.2926043286e-09, 2.78564318279e-08, 1.14779750149e-08, 3.99639006332e-08, 1.09243579516e-07, 9.89310748878e-08, 2.89753199212e-08, 3.3385683107e-09, 2.57734722453e-10, 1.1788940657e-10, 1.46001752355e-11, 2.14270113019e-14, 8.82201606332e-18]
        dvar2: [3.90219188342e-13, 3.19163945051e-07, 5.76578543132e-07, 3.25525252265e-06, 8.46404236654e-06, 3.96807706693e-07, 1.31771349388e-08, 2.97145117401e-08, 1.94127807163e-08, 3.60772958174e-08, 1.26156169955e-08, 2.45199727189e-09, 4.89564966344e-09, 2.3938111493e-09, 6.49685594212e-09, 7.80707267722e-08, 3.09410310706e-08, 1.07669166027e-07, 2.28478015174e-07, 2.39792512957e-07, 5.79830015113e-08, 6.04685412853e-09, 4.81903905669e-10, 2.5814225757e-10, 3.04626393555e-11, 4.92041168009e-14, 9.02227897116e-18]
        max: [3.24551410813e-06, 0.00260955886915, 0.00579254562035, 0.00974966958165, 0.0123874843121, 0.00484023289755, 0.00088969792705, 0.000956989009865, 0.00134420953691, 0.0048959273845, 0.00153187778778, 0.000303497217828, 0.000552809680812, 0.000330977374688, 0.000511833117343, 0.00165427336469, 0.00114000437316, 0.00209228228778, 0.00417002663016, 0.00314484187402, 0.00168045132887, 0.000591385818552, 0.000140934629599, 0.0001048103004, 3.25928376697e-05, 1.48581318626e-06, 6.1899150694e-08]
        mean: [1.00086175792e-07, 0.000122659796034, 0.000397559662815, 0.000196241715457, 0.000676188385114, 0.000222140908591, 2.37406602537e-05, 6.21691870037e-05, 8.61548323883e-05, 9.29711022764e-05, 5.48558055016e-05, 1.37928564072e-05, 1.93939213204e-05, 1.31133110699e-05, 2.47344014497e-05, 8.49717835081e-05, 5.51456760149e-05, 8.78821156221e-05, 0.000324175547576, 0.000276660110103, 0.000140808318974, 3.02738517348e-05, 1.00364350146e-05, 5.6002600104e-06, 2.41003931478e-06, 8.44774277198e-08, 3.08412906325e-10]
        min: [2.2258345167e-10, 7.04332308032e-08, 2.57410750493e-08, 1.22615844589e-07, 2.46560603046e-06, 1.49990432874e-06, 2.51715420063e-07, 1.17838169444e-07, 1.05710789455e-07, 5.31601500597e-08, 3.16037862547e-08, 3.17637649516e-08, 1.16465479039e-07, 5.22781773427e-09, 3.93479439253e-07, 2.32284889989e-07, 6.10743882135e-08, 5.56031864107e-07, 1.31915044221e-06, 1.48879405515e-06, 5.06609808326e-07, 3.06433030062e-08, 4.43518066717e-09, 9.49104261849e-09, 8.26723489666e-09, 1.65396737972e-10, 5.14599620511e-14]
        var: [1.19545812052e-13, 1.20098732737e-07, 6.76079537243e-07, 7.31174338853e-07, 2.55809595728e-06, 1.32259003749e-07, 4.25336033061e-09, 1.5558306643e-08, 2.59541472758e-08, 1.60996179943e-07, 2.49005118746e-08, 1.12486286952e-09, 2.47821052568e-09, 8.58356163924e-10, 2.25053664593e-09, 3.10924761493e-08, 1.25822161579e-08, 3.75266537844e-08, 2.74776198239e-07, 2.11750730728e-07, 5.76561483001e-08, 5.62898572198e-09, 5.36083677449e-10, 1.61925570175e-10, 2.35728520037e-11, 2.99946292847e-14, 8.8720340206e-18]
    mfcc:
        mean: [-784.644958496, 95.7136077881, -31.9601516724, 66.15209198, -10.9662733078, -14.2642583847, 3.36129903793, -15.6041917801, -3.86519789696, -1.9929047823, -20.2189540863, -11.2296495438, -7.30823040009]
        cov: [[4464.46875, -984.397521973, 248.346038818, -330.238433838, -210.925094604, -312.552062988, 104.578094482, 337.090881348, 122.580963135, -75.4612426758, -128.332962036, -115.520599365, -20.3000068665], [-984.397521973, 2108.87744141, -63.6367263794, 295.030792236, 131.694458008, 25.4985389709, 335.536193848, -50.6467285156, 143.984985352, 168.939590454, -6.59206438065, 113.533630371, -97.4253616333], [248.346038818, -63.6367263794, 558.718078613, 141.260620117, 144.730575562, 194.7578125, -30.8644256592, 97.1965713501, 30.8562374115, -3.43048334122, 43.5724334717, 4.58712816238, -7.0199213028], [-330.238433838, 295.030792236, 141.260620117, 516.295227051, 226.566192627, 205.991043091, -18.8809261322, 53.0045166016, 77.1393127441, 18.7250423431, 29.9752674103, 16.6410865784, 44.4439430237], [-210.925094604, 131.694458008, 144.730575562, 226.566192627, 331.314208984, 231.033248901, 47.4883804321, 36.6674537659, 10.018415451, -26.8313541412, 27.997625351, 43.1371040344, -9.9104681015], [-312.552062988, 25.4985389709, 194.7578125, 205.991043091, 231.033248901, 423.366394043, -17.0145816803, 14.7107219696, -70.6097793579, -60.6965446472, 48.9870071411, 23.5132904053, -14.2324142456], [104.578094482, 335.536193848, -30.8644256592, -18.8809261322, 47.4883804321, -17.0145816803, 281.778320312, 26.7690925598, 27.0911083221, 10.471991539, -73.7332992554, 24.3412208557, -17.2085723877], [337.090881348, -50.6467285156, 97.1965713501, 53.0045166016, 36.6674537659, 14.7107219696, 26.7690925598, 113.908439636, 49.4141807556, 6.79438781738, 3.19485878944, -7.40252161026, 7.39778089523], [122.580963135, 143.984985352, 30.8562374115, 77.1393127441, 10.018415451, -70.6097793579, 27.0911083221, 49.4141807556, 129.486206055, 72.9654312134, -9.2533864975, 1.04736375809, 10.3028202057], [-75.4612426758, 168.939590454, -3.43048334122, 18.7250423431, -26.8313541412, -60.6965446472, 10.471991539, 6.79438781738, 72.9654312134, 133.004699707, 33.8227653503, -7.17096138, 0.236375108361], [-128.332962036, -6.59206438065, 43.5724334717, 29.9752674103, 27.997625351, 48.9870071411, -73.7332992554, 3.19485878944, -9.2533864975, 33.8227653503, 118.67313385, 29.7642288208, -22.3332271576], [-115.520599365, 113.533630371, 4.58712816238, 16.6410865784, 43.1371040344, 23.5132904053, 24.3412208557, -7.40252161026, 1.04736375809, -7.17096138, 29.7642288208, 78.9099807739, -2.47501349449], [-20.3000068665, -97.4253616333, -7.0199213028, 44.4439430237, -9.9104681015, -14.2324142456, -17.2085723877, 7.39778089523, 10.3028202057, 0.236375108361, -22.3332271576, -2.47501349449, 76.2530899048]]
        icov: [[0.00040717900265, 0.00017853929603, -0.000135716851219, 9.45256542764e-05, 0.000192072897335, 0.000214222483919, -0.00019944543601, -0.00103781279176, -0.000247968797339, 0.000276519131148, 0.000219445035327, 8.34923339426e-05, 0.000489172700327], [0.00017853929603, 0.00111095327884, -8.87600708666e-06, -0.000912061950658, 0.000461274787085, 6.16698380327e-05, -0.00110493204556, 0.000471139181172, -0.00031447596848, -0.00105755752884, 0.000626012217253, -0.00129622989334, 0.00196116417646], [-0.000135716851219, -8.87600708666e-06, 0.00268462416716, 0.000100779390777, -0.0003500796156, -0.0012333689956, 0.000553218938876, -0.00152913480997, -0.000620875740424, -0.00024830547045, -0.000101387260656, -8.85400804691e-05, 0.000190524457139], [9.45256542764e-05, -0.000912061950658, 0.000100779390777, 0.00496932957321, -0.00204140855931, -0.00158874480985, 0.00112498295493, -0.000569678784814, -0.00360521231778, 0.00181605410762, -0.00153709517326, 0.00224740873091, -0.0041756844148], [0.000192072897335, 0.000461274787085, -0.0003500796156, -0.00204140855931, 0.00707771163434, -0.00254292413592, -0.00180022337008, -0.000249946286203, -0.00163908931427, 0.00110128521919, -0.000392458867282, -0.00218188948929, 0.00189359881915], [0.000214222483919, 6.16698380327e-05, -0.0012333689956, -0.00158874480985, -0.00254292413592, 0.00613078428432, 7.0396515639e-07, -0.000872696342412, 0.00467690359801, 8.96784331417e-05, -0.000320189341437, 0.000215057385503, 0.00112790439744], [-0.00019944543601, -0.00110493204556, 0.000553218938876, 0.00112498295493, -0.00180022337008, 7.0396515639e-07, 0.00771837355569, -0.00356991379522, 0.00256976298988, -0.00295018404722, 0.00671479990706, -0.0034977036994, 0.00129983120132], [-0.00103781279176, 0.000471139181172, -0.00152913480997, -0.000569678784814, -0.000249946286203, -0.000872696342412, -0.00356991379522, 0.0185010526329, -0.00800145696849, 0.00384219572879, -0.00589841557667, 0.00383729301393, -0.00281278789043], [-0.000247968797339, -0.00031447596848, -0.000620875740424, -0.00360521231778, -0.00163908931427, 0.00467690359801, 0.00256976298988, -0.00800145696849, 0.0232327263802, -0.0124391140416, 0.00842604972422, -0.00568501930684, 0.00277526071295], [0.000276519131148, -0.00105755752884, -0.00024830547045, 0.00181605410762, 0.00110128521919, 8.96784331417e-05, -0.00295018404722, 0.00384219572879, -0.0124391140416, 0.0193642824888, -0.0118767954409, 0.00845302734524, -0.00482107605785], [0.000219445035327, 0.000626012217253, -0.000101387260656, -0.00153709517326, -0.000392458867282, -0.000320189341437, 0.00671479990706, -0.00589841557667, 0.00842604972422, -0.0118767954409, 0.0223628189415, -0.0119148129597, 0.00878295861185], [8.34923339426e-05, -0.00129622989334, -8.85400804691e-05, 0.00224740873091, -0.00218188948929, 0.000215057385503, -0.0034977036994, 0.00383729301393, -0.00568501930684, 0.00845302734524, -0.0119148129597, 0.0218959096819, -0.00639405753464], [0.000489172700327, 0.00196116417646, 0.000190524457139, -0.0041756844148, 0.00189359881915, 0.00112790439744, 0.00129983120132, -0.00281278789043, 0.00277526071295, -0.00482107605785, 0.00878295861185, -0.00639405753464, 0.0212291404605]]
    spectral_contrast:
        mean: [-5.59000511657e-07, -1.15936728662e-07, -1.28324174398e-07, 3.33228086902e-07, 3.82394148346e-07, 4.72749690061e-07, -2.35797074311e-07, -7.29087616946e-07, 5.26742269358e-06, 4.06332583225e-06, -3.10716814056e-07, 2.76526930065e-06]
        var: [0.000501514703501, 0.000896865793038, 0.00143920548726, 0.00220694346353, 0.0056571867317, 0.00760701531544, 0.0589510202408, 0.0924331694841, 0.211277410388, 0.409226030111, 0.983023881912, 2.16275501251]

rhythm:
    beats_loudness:
        dmean: 0.00633789785206
        dmean2: 0.0121660577133
        dvar: 3.24069151247e-05
        dvar2: 0.000124167010654
        max: 0.0192547477782
        mean: 0.00459301052615
        min: 0.000325221917592
        var: 2.44449620368e-05
    beats_loudness_bass:
        dmean: 0.172974690795
        dmean2: 0.311185985804
        dvar: 0.0263445600867
        dvar2: 0.0394868850708
        max: 0.50278878212
        mean: 0.132253319025
        min: 0.000539204338565
        var: 0.0297189615667
    bpm: 137.312866211
    bpm_confidence: 0
    first_peak_bpm: 137
    first_peak_spread: 0
    first_peak_weight: 0.95454543829
    onset_rate: 3.98763012886
    second_peak_bpm: 84
    second_peak_spread: 0
    second_peak_weight: 0.0454545468092
    beats_position: [0.0350803397596, 0.47254255414, 0.910004794598, 1.34746706486, 1.78492927551, 2.22239160538, 2.65985369682, 3.09731602669, 3.53477811813, 3.97224020958, 4.40970230103, 4.84716415405, 5.28462648392, 5.99942922592, 6.43603229523, 6.87263536453, 7.30923748016, 7.74584007263, 8.18244361877, 8.61904621124, 9.05564880371, 9.49225139618, 9.92885303497]
    bpm_estimates: [136.545974731, 137.155975342, 137.390335083, 137.31918335, 137.365631104, 137.048339844, 137.629196167, 137.706420898, 137.617141724, 137.706619263, 137.02784729, 137.241622925]
    bpm_intervals: [0.437462210655, 0.437462240458, 0.43746227026, 0.437462210655, 0.437462329865, 0.437462091446, 0.437462329865, 0.437462091446, 0.437462091446, 0.437462091446, 0.437461853027, 0.437462329865, 0.714802742004, 0.436603069305, 0.436603069305, 0.436602115631, 0.436602592468, 0.436603546143, 0.436602592468, 0.436602592468, 0.436602592468, 0.436601638794]
    onset_times: [0.0464399084449, 0.383129239082, 0.580498874187, 0.696598649025, 1.14938771725, 1.38158726692, 1.5673469305, 1.92725622654, 2.03174614906, 2.47292518616, 2.75156474113, 2.91410422325, 3.16952371597, 3.33206343651, 3.70358276367, 3.77324271202, 4.01705217361, 4.21442174911, 4.43501138687, 4.69043064117, 4.95746040344, 5.0967798233, 5.53795909882, 5.9675283432, 6.37387752533, 6.67573690414, 6.81505680084, 7.22140598297, 7.31428575516, 7.66258525848, 7.74385499954, 7.9644446373, 8.3011341095, 8.6146030426, 8.93968296051, 9.04417228699, 9.34603214264, 9.50857162476, 9.78721046448, 9.91492080688]
    rubato_start: []
    rubato_stop: []
    perceptual_tempo: "unknown"

sfx:
    inharmonicity:
        dmean: 0.0509416647255
        dmean2: 0.0886973068118
        dvar: 0.00435456400737
        dvar2: 0.0120681077242
        max: 0.363307029009
        mean: 0.0553570017219
        min: 0
        var: 0.00503403227776
    oddtoevenharmonicenergyratio:
        dmean: 2.14231157303
        dmean2: 3.98568630219
        dvar: 20.6921882629
        dvar2: 61.961681366
        max: 36.8945388794
        mean: 1.66529417038
        min: 0
        var: 13.3194761276
    pitch_after_max_to_before_max_energy_ratio: 5.15429592133
    pitch_centroid: 225.56187439
    pitch_max_to_total: 0.145833328366
    pitch_min_to_total: 0.337962955236
    tristimulus:
        dmean: [0.2092038095, 0.259004801512, 0.168217107654]
        dmean2: [0.37553742528, 0.460817366838, 0.306986153126]
        dvar: [0.0426574572921, 0.0501575060189, 0.0320235081017]
        dvar2: [0.114529766142, 0.138778746128, 0.0890489146113]
        max: [1, 0.978854119778, 0.84409058094]
        mean: [0.340358734131, 0.441959321499, 0.175910130143]
        min: [0.0132738035172, 0, 0]
        var: [0.0737408921123, 0.0677528530359, 0.0412502773106]

tonal:
    chords_changes_rate: 0.0414746552706
    chords_number_rate: 0.0230414755642
    chords_strength:
        dmean: 0.00902129337192
        dmean2: 0.00941180530936
        dvar: 4.78925576317e-05
        dvar2: 5.146579133e-05
        max: 0.73821491003
        mean: 0.577695548534
        min: 0.359230101109
        var: 0.0113289831206
    key_strength: 0.656689941883
    tuning_diatonic_strength: 0.622257351875
    tuning_equal_tempered_deviation: 0.127087190747
    tuning_frequency: 441.782684326
    tuning_nontempered_energy_ratio: 0.85146766901
    hpcp:
        dmean: [0.18015371263, 0.179105848074, 0.213062599301, 0.205192878842, 0.158623710275, 0.0699621662498, 0.0598026551306, 0.0796410217881, 0.113382421434, 0.162039145827, 0.215860113502, 0.2280562222, 0.202554002404, 0.122963875532, 0.0677601099014, 0.0577875338495, 0.0886303260922, 0.147437363863, 0.177440464497, 0.123766861856, 0.0699973255396, 0.0471924208105, 0.108304582536, 0.173482105136, 0.147909060121, 0.0831123813987, 0.0930505692959, 0.0896148532629, 0.0703024044633, 0.107656143606, 0.112322248518, 0.103210687637, 0.118496984243, 0.121372133493, 0.116476878524, 0.151055917144]
        dmean2: [0.303237378597, 0.316866546869, 0.351235032082, 0.349459409714, 0.262638896704, 0.118231892586, 0.0978192687035, 0.127419993281, 0.183438003063, 0.267217487097, 0.372187435627, 0.38707280159, 0.33391019702, 0.204117536545, 0.112376376987, 0.095463655889, 0.154466316104, 0.250080615282, 0.297806292772, 0.208060309291, 0.124281041324, 0.0877718552947, 0.190294966102, 0.294499605894, 0.247509926558, 0.147126734257, 0.167963668704, 0.156839936972, 0.121010273695, 0.187876433134, 0.195287257433, 0.173901557922, 0.195387691259, 0.194241121411, 0.187845647335, 0.263144999743]
        dvar: [0.0562247112393, 0.0464509800076, 0.045221131295, 0.0651344656944, 0.0327051319182, 0.0119939735159, 0.00905136018991, 0.0148763144389, 0.0220904350281, 0.0449203401804, 0.0570244044065, 0.0603302977979, 0.0482200719416, 0.0269025210291, 0.013807695359, 0.00569927692413, 0.0157628003508, 0.0386183336377, 0.049868658185, 0.0327208936214, 0.0222115516663, 0.00828966591507, 0.0282672997564, 0.0522792823613, 0.0375090129673, 0.0192872919142, 0.0303988736123, 0.0286782644689, 0.0100282253698, 0.0321587510407, 0.0255477707833, 0.0223212260753, 0.0282053500414, 0.0247644633055, 0.0197401251644, 0.0489896833897]
        dvar2: [0.142753213644, 0.11766076088, 0.118049405515, 0.1495988518, 0.0921902433038, 0.0327771678567, 0.0177036039531, 0.0283086784184, 0.0498370714486, 0.11037632823, 0.14777289331, 0.152901098132, 0.113701343536, 0.0623419843614, 0.0335412919521, 0.0135261006653, 0.0423775613308, 0.104882366955, 0.140356957912, 0.0783050656319, 0.0640206709504, 0.0257712714374, 0.0758999809623, 0.119148798287, 0.0922956988215, 0.0586400553584, 0.0868538245559, 0.0808561369777, 0.0258384682238, 0.0942856669426, 0.0736105442047, 0.0582510046661, 0.0706528574228, 0.05723214522, 0.0462598018348, 0.126453563571]
        max: [1, 1, 1, 1, 1, 0.920937120914, 0.777899801731, 1, 1, 1, 1, 1, 1, 1, 0.995795369148, 0.560572206974, 0.860833466053, 1, 1, 1, 0.951552569866, 0.646648705006, 1, 1, 1, 0.920407950878, 1, 1, 0.627263665199, 1, 1, 0.998623073101, 1, 1, 0.87731975317, 1]
        mean: [0.213995635509, 0.230306267738, 0.331457734108, 0.383416175842, 0.228751286864, 0.087494879961, 0.089942522347, 0.126326143742, 0.178564727306, 0.234860435128, 0.296960175037, 0.390159755945, 0.357439279556, 0.186009019613, 0.0908562168479, 0.0807769447565, 0.104381933808, 0.19926443696, 0.248444676399, 0.155792534351, 0.0624402202666, 0.039332151413, 0.122802339494, 0.312451332808, 0.279507517815, 0.103625632823, 0.0952503457665, 0.102074079216, 0.087505184114, 0.129670366645, 0.142828464508, 0.136177659035, 0.18272139132, 0.194768443704, 0.170683428645, 0.192026495934]
        min: [0.000444597593741, 0.000995538197458, 0.00331541523337, 0.00365086691454, 0.00381291168742, 0.000943022314459, 0.00148920773063, 0.00210125325248, 0.00275889155455, 0.00280737411231, 0.00282469321974, 0.0056000505574, 0.00259201414883, 0.00231636315584, 0.00134177668951, 0.000768178375438, 0.00114963739179, 0.00194539967924, 0.00139125052374, 0.000955216761213, 0.000355712079909, 0, 0.000437846640125, 0.000764779455494, 0.00508297560737, 0.00149045314174, 0.000117606628919, 0.000228466611588, 0.000422370154411, 0.00118590018246, 0.00133082468528, 0.000669976056088, 0.000801395392045, 0.000957289652433, 0.000999930663966, 0.000842345296405]
        var: [0.0749559476972, 0.0717099756002, 0.0806406289339, 0.123070195317, 0.0492771416903, 0.0118600232527, 0.013921556063, 0.0268336031586, 0.0452077388763, 0.0751560926437, 0.0911542922258, 0.110127165914, 0.0943417698145, 0.0412392541766, 0.015947682783, 0.00962443184108, 0.0174719840288, 0.0686510428786, 0.0941825285554, 0.0565048679709, 0.0202031787485, 0.00562345189974, 0.0263839699328, 0.111189492047, 0.0902088880539, 0.0162791665643, 0.0297332499176, 0.037696480751, 0.0134580787271, 0.0363967046142, 0.0380626320839, 0.0350458808243, 0.0516774617136, 0.0442871488631, 0.0333560071886, 0.0622999407351]
    chords_histogram: [3.68663597107, 0, 0, 20.7373275757, 0, 17.0506916046, 0, 0, 0, 0, 57.1428565979, 0, 0, 0, 0, 0, 0, 0, 0, 0, 0, 0, 0, 1.38248848915]
    thpcp: [1, 0.916135668755, 0.476750910282, 0.232869267464, 0.207035556436, 0.267536401749, 0.510725259781, 0.636776804924, 0.399304479361, 0.160037577152, 0.10081037879, 0.314748853445, 0.800829231739, 0.716392457485, 0.265597939491, 0.244131654501, 0.261621236801, 0.224280402064, 0.332351982594, 0.366076886654, 0.349030524492, 0.468324542046, 0.499201774597, 0.43747061491, 0.49217402935, 0.548482060432, 0.590287089348, 0.849543631077, 0.982715845108, 0.58630156517, 0.224253982306, 0.230527415872, 0.323780566454, 0.457670807838, 0.601959645748, 0.761124551296]
    chords_key: "A"
    chords_scale: "minor"
    key_key: "A#"
    key_scale: "minor"
    chords_progression: ["D#", "D#", "D#", "D#", "D#", "D#", "D#", "D#", "D#", "D#", "D#", "D#", "D#", "D#", "D#", "D#", "D#", "D#", "D#", "D#", "D#", "D#", "D#", "D#", "D#", "D#", "D#", "D#", "D#", "D#", "D#", "D#", "D#", "D#", "D#", "D#", "D#", "G#", "G#", "G#", "G#", "G#", "G#", "G#", "G#", "G#", "G#", "G#", "G#", "G#", "G#", "G#", "G#", "A#m", "A#m", "A#m", "A#m", "A#m", "F#", "F#", "A#m", "F#", "Am", "Am", "Am", "Am", "Am", "Am", "Am", "Am", "Am", "Am", "Am", "Am", "Am", "Am", "Am", "Am", "Am", "Am", "Am", "Am", "Am", "Am", "Am", "Am", "Am", "Am", "Am", "Am", "Am", "Am", "Am", "Am", "Am", "Am", "Am", "Am", "Am", "Am", "Am", "Am", "Am", "Am", "Am", "Am", "Am", "Am", "Am", "Am", "Am", "Am", "Am", "Am", "Am", "Am", "Am", "Am", "Am", "Am", "Am", "Am", "Am", "Am", "Am", "Am", "Am", "Am", "Am", "Am", "Am", "Am", "Am", "Am", "Am", "Am", "Am", "Am", "Am", "Am", "Am", "Am", "Am", "Am", "Am", "Am", "Am", "Am", "Am", "Am", "Am", "Am", "Am", "Am", "Am", "Am", "Am", "Am", "Am", "Am", "Am", "Am", "Am", "Am", "Am", "Am", "Am", "Am", "Am", "Am", "A#m", "A#m", "Am", "Am", "Am", "Am", "Am", "Am", "Am", "Am", "Am", "Am", "Am", "Am", "Am", "Am", "Am", "Am", "G#", "G#", "G#", "G#", "G#", "G#", "G#", "G#", "G#", "G#", "G#", "G#", "G#", "G#", "G#", "G#", "G#", "G#", "G#", "G#", "G#", "G#", "G#", "G#", "G#", "G#", "G#", "G#", "G#"]
