
metadata:
    version:
        essentia: "1.2.2"
    audio_properties:
        analysis_sample_rate: 44100
        bitrate: 128
        channels: 2
        equal_loudness: 1
        length: 10.0571432114
        replay_gain: -13.6743888855
        downmix: "mix"
    tags:
        track: 2
        year: 0
        album: "Splitted by Mp3Splt v. 2.1"
        artist: "From 000.10 To 000.20"
        comment: "http://mp3splt.sf.net"
        genre: ""
        title: "01 La Tristesse Durera (Scream"

highlevel:
    ballroom:
        all:
            ChaChaCha: 0.0485415160656
            Jive: 0.120138496161
            Quickstep: 0.0471756830812
            Rumba-American: 0.00831245724112
            Rumba-International: 0.0127850500867
            Rumba-Misc: 0.0060232244432
            Samba: 0.0239332448691
            Tango: 0.503540337086
            VienneseWaltz: 0.153081402183
            Waltz: 0.0764686092734
        probability: 0.503540337086
        value: "Tango"
    culture:
        all:
            non_western: 0.5
            western: 0.5
        probability: 0.5
        value: "non_western"
    gender:
        all:
            female: 0.613032162189
            male: 0.386967867613
        probability: 0.613032162189
        value: "female"
    genre_dortmund:
        all:
            alternative: 0.0902171134949
            blues: 0.0345961228013
            electronic: 0.431923091412
            folkcountry: 0.0555676743388
            funksoulrnb: 0.0219238884747
            jazz: 0.216211646795
            pop: 0.0264136400074
            raphiphop: 0.0100483363494
            rock: 0.113098479807
        probability: 0.431923091412
        value: "electronic"
    genre_electronica:
        all:
            ambient: 0.674194157124
            dnb: 0.130100861192
            house: 0.0382512509823
            techno: 0.105148531497
            trance: 0.0523051992059
        probability: 0.674194157124
        value: "ambient"
    genre_rosamerica:
        all:
            cla: 0.274305939674
            dan: 0.0264575593174
            hip: 0.0382028631866
            jaz: 0.111824095249
            pop: 0.0307581610978
            rhy: 0.0439170524478
            roc: 0.465445607901
            spe: 0.00908872485161
        probability: 0.465445607901
        value: "roc"
    genre_tzanetakis:
        all:
            blu: 0.0837950929999
            cla: 0.116876341403
            cou: 0.0448875725269
            dis: 0.0430620238185
            hip: 0.0343872532248
            jaz: 0.192210912704
            met: 0.160307586193
            pop: 0.0194131601602
            reg: 0.127093270421
            roc: 0.177966788411
        probability: 0.192210912704
        value: "jaz"
    live_studio:
        all:
            live: 0.317289531231
            studio: 0.682710468769
        probability: 0.682710468769
        value: "studio"
    mood:
        all:
            Cluster1: 0.243222102523
            Cluster2: 0.135029226542
            Cluster3: 0.00750384572893
            Cluster4: 0.0826435312629
            Cluster5: 0.531601309776
        probability: 0.531601309776
        value: "Cluster5"
    mood_acoustic:
        all:
            acoustic: 0.0720121860504
            not_acoustic: 0.92798781395
        probability: 0.92798781395
        value: "not_acoustic"
    mood_aggressive:
        all:
            aggressive: 0.929275691509
            not_aggressive: 0.070724286139
        probability: 0.929275691509
        value: "aggressive"
    mood_electronic:
        all:
            electronic: 0.744614303112
            not_electronic: 0.25538572669
        probability: 0.744614303112
        value: "electronic"
    mood_happy:
        all:
            happy: 0.305590599775
            not_happy: 0.694409370422
        probability: 0.694409370422
        value: "not_happy"
    mood_party:
        all:
            not_party: 0.481953084469
            party: 0.518046915531
        probability: 0.518046915531
        value: "party"
    mood_relaxed:
        all:
            not_relaxed: 0.349984496832
            relaxed: 0.65001553297
        probability: 0.65001553297
        value: "relaxed"
    mood_sad:
        all:
            not_sad: 0.957293748856
            sad: 0.0427062772214
        probability: 0.957293748856
        value: "not_sad"
    rhythm:
        all:
            fast: 0.473657220602
            medium: 0.018283225596
            slow: 0.508059561253
        probability: 0.508059561253
        value: "slow"
    speech_music:
        all:
            music: 0.317027717829
            speech: 0.682972311974
        probability: 0.682972311974
        value: "speech"
    timbre:
        all:
            bright: 0.226248040795
            dark: 0.773751974106
        probability: 0.773751974106
        value: "dark"
    voice_instrumental:
        all:
            instrumental: 0.992173433304
            voice: 0.00782656855881
        probability: 0.992173433304
        value: "instrumental"

lowlevel:
    average_loudness: 0.981845021248
    barkbands_kurtosis:
        dmean: 2.88456869125
        dmean2: 4.53563165665
        dvar: 24.5463447571
        dvar2: 54.1510238647
        max: 46.0137557983
        mean: 5.322078228
        min: -1.45164501667
        var: 63.6496009827
    barkbands_skewness:
        dmean: 0.475216001272
        dmean2: 0.727161169052
        dvar: 0.297220289707
        dvar2: 0.610081493855
        max: -0.287665188313
        mean: -1.94863259792
        min: -5.86157178879
        var: 1.34820246696
    barkbands_spread:
        dmean: 3.59455084801
        dmean2: 5.17905950546
        dvar: 13.3616371155
        dvar2: 24.7086391449
        max: 46.3500328064
        mean: 18.2508525848
        min: 1.60798621178
        var: 96.4466705322
    dissonance:
        dmean: 0.00810456182808
        dmean2: 0.0127003695816
        dvar: 0.000446624821052
        dvar2: 0.000473313644761
        max: 0.500000059605
        mean: 0.486171215773
        min: 0.0490557104349
        var: 0.00054053281201
    hfc:
        dmean: 3.40066695213
        dmean2: 4.96141433716
        dvar: 26.9544429779
        dvar2: 51.1906509399
        max: 49.5705871582
        mean: 11.0314798355
        min: 0.00178262288682
        var: 86.4052886963
    pitch:
        dmean: 662.893066406
        dmean2: 1291.35498047
        dvar: 1543617
        dvar2: 3606800.75
        max: 4009.09082031
        mean: 2598.33447266
        min: 98.2182617188
        var: 2017294.375
    pitch_instantaneous_confidence:
        dmean: 0.0883023440838
        dmean2: 0.144778251648
        dvar: 0.00786782056093
        dvar2: 0.0165082421154
        max: 0.897405207157
        mean: 0.591057896614
        min: 0.313503324986
        var: 0.0258741509169
    pitch_salience:
        dmean: 0.0609454214573
        dmean2: 0.100385680795
        dvar: 0.00280855363235
        dvar2: 0.00771338120103
        max: 0.944395959377
        mean: 0.71761059761
        min: 0.435860484838
        var: 0.00414456659928
    silence_rate_20dB:
        dmean: 0
        dmean2: 0
        dvar: 0
        dvar2: 0
        max: 1
        mean: 1
        min: 1
        var: 0
    silence_rate_30dB:
        dmean: 0
        dmean2: 0
        dvar: 0
        dvar2: 0
        max: 1
        mean: 1
        min: 1
        var: 0
    silence_rate_60dB:
        dmean: 0.0923787504435
        dmean2: 0.18287037313
        dvar: 0.0838446319103
        dvar2: 0.181836724281
        max: 1
        mean: 0.585253477097
        min: 0
        var: 0.242731451988
    spectral_centroid:
        dmean: 157.186843872
        dmean2: 236.999908447
        dvar: 20364.40625
        dvar2: 41377.6914062
        max: 3516.05078125
        mean: 2789.57666016
        min: 1832.2376709
        var: 137800.171875
    spectral_complexity:
        dmean: 2.65893268585
        dmean2: 3.97674417496
        dvar: 4.7398276329
        dvar2: 9.76224517822
        max: 21
        mean: 12.0208330154
        min: 0
        var: 12.6500415802
    spectral_crest:
        dmean: 2.58645749092
        dmean2: 4.06996059418
        dvar: 5.9070057869
        dvar2: 13.1577768326
        max: 23.7120819092
        mean: 9.84743022919
        min: 4.00460863113
        var: 16.0306873322
    spectral_decrease:
        dmean: 1.94346455595e-10
        dmean2: 2.82703277454e-10
        dvar: 6.79925015178e-20
        dvar2: 1.26335669771e-19
        max: -9.14908882162e-14
        mean: -7.15248638095e-10
        min: -2.61225463483e-09
        var: 2.24324118445e-19
    spectral_energy:
        dmean: 0.00103761150967
        dmean2: 0.00150762882549
        dvar: 2.10384882848e-06
        dvar2: 3.94115158997e-06
        max: 0.014355446212
        mean: 0.00370009895414
        min: 5.0699577514e-07
        var: 6.89675607646e-06
    spectral_energyband_high:
        dmean: 0.00011084273865
        dmean2: 0.000147091850522
        dvar: 3.44329045276e-08
        dvar2: 5.12188123025e-08
        max: 0.00173726584762
        mean: 0.000250656274147
        min: 2.06730859986e-07
        var: 6.555190879e-08
    spectral_energyband_low:
        dmean: 1.47876871779e-05
        dmean2: 2.49230306508e-05
        dvar: 5.5693455403e-10
        dvar2: 1.2675196448e-09
        max: 0.000254985206993
        mean: 3.10230971081e-05
        min: 8.29335888852e-09
        var: 1.04688768765e-09
    spectral_energyband_middle_high:
        dmean: 0.000966439314652
        dmean2: 0.0013977533672
        dvar: 2.02255910153e-06
        dvar2: 3.81575864594e-06
        max: 0.0140202147886
        mean: 0.00312782870606
        min: 2.67873559778e-07
        var: 6.64473645884e-06
    spectral_energyband_middle_low:
        dmean: 9.30573660298e-05
        dmean2: 0.000143888988532
        dvar: 9.85076908933e-09
        dvar2: 2.29930829931e-08
        max: 0.00086928147357
        mean: 0.000290591211524
        min: 2.28147936099e-08
        var: 3.7285854404e-08
    spectral_flatness_db:
        dmean: 0.0202906318009
        dmean2: 0.0293279197067
        dvar: 0.0004154148628
        dvar2: 0.000753152766265
        max: 0.40370324254
        mean: 0.247327029705
        min: 0.111842788756
        var: 0.00225970963947
    spectral_flux:
        dmean: 0.00861996598542
        dmean2: 0.0129396393895
        dvar: 0.000100032993942
        dvar2: 0.000252949481364
        max: 0.0962531715631
        mean: 0.0363167189062
        min: 0.0139086861163
        var: 0.000193883504835
    spectral_kurtosis:
        dmean: 3.0421192646
        dmean2: 5.31227970123
        dvar: 8.81031227112
        dvar2: 25.6635513306
        max: 26.2404956818
        mean: 4.34535598755
        min: -0.202905654907
        var: 12.8543968201
    spectral_rms:
        dmean: 0.000243833041168
        dmean2: 0.000347778230207
        dvar: 7.86621257021e-08
        dvar2: 1.26610956386e-07
        max: 0.00374236726202
        mean: 0.00180685648229
        min: 2.22402795771e-05
        var: 3.45122202816e-07
    spectral_rolloff:
        dmean: 96.9742584229
        dmean2: 160.597595215
        dvar: 9688.54785156
        dvar2: 21258.8789062
        max: 4198.97460938
        mean: 3713.03100586
        min: 3509.91210938
        var: 21919.6132812
    spectral_skewness:
        dmean: 0.308385521173
        dmean2: 0.544124722481
        dvar: 0.0840966328979
        dvar2: 0.231594890356
        max: 3.43796992302
        mean: 0.525786161423
        min: -0.112958073616
        var: 0.129316493869
    spectral_spread:
        dmean: 199759.578125
        dmean2: 288137.09375
        dvar: 318846238720
        dvar2: 159883722752
        max: 17727754
        mean: 2285539
        min: 1387668.375
        var: 726043197440
    spectral_strongpeak:
        dmean: 1.30670762062
        dmean2: 2.03830218315
        dvar: 2.25635004044
        dvar2: 5.06018257141
        max: 15.3916988373
        mean: 2.46057939529
        min: 0.00275574298576
        var: 6.42224216461
    zerocrossingrate:
        dmean: 0.00599192455411
        dmean2: 0.0072390534915
        dvar: 4.11149412685e-05
        dvar2: 3.94155285903e-05
        max: 0.1669921875
        mean: 0.131311491132
        min: 0.0107421875
        var: 0.000314563279971
    barkbands:
        dmean: [1.16233485059e-08, 4.88501927975e-06, 1.17504414447e-05, 8.27364146971e-06, 2.02651190193e-05, 4.54070795968e-05, 4.34803441749e-05, 2.42896658165e-05, 3.67912252841e-05, 4.86600838485e-05, 1.86472516361e-05, 1.51500562424e-05, 7.47252124711e-06, 2.64915870503e-05, 6.73238027957e-05, 0.000107232372102, 0.000160463139764, 0.00028613518225, 0.000800074194558, 0.000288652430754, 5.78788894927e-05, 8.32873956824e-06, 1.84270106729e-07, 2.48846490081e-08, 1.00701829098e-08, 2.04447703211e-09, 1.84609516563e-09]
        dmean2: [1.7377836059e-08, 6.66850246489e-06, 2.08153796848e-05, 1.43459583342e-05, 3.01711297652e-05, 7.15309142834e-05, 6.75917399349e-05, 3.94852359022e-05, 6.06765461271e-05, 7.95063315309e-05, 3.13157252094e-05, 2.62795074377e-05, 1.24898624563e-05, 4.43185272161e-05, 7.43717537262e-05, 0.000168553451658, 0.000266263406957, 0.000421768869273, 0.00126062147319, 0.000360677542631, 8.81791929714e-05, 1.3186342585e-05, 2.90546182669e-07, 3.74987934038e-08, 1.39338149907e-08, 3.0579110355e-09, 2.82240941729e-09]
        dvar: [2.26002129202e-14, 4.00332857142e-11, 3.92079591016e-10, 2.80274886633e-10, 1.60675761585e-09, 3.62539176457e-09, 3.47486572849e-09, 9.41913436137e-10, 3.51493123496e-09, 6.45829301149e-09, 1.7555048526e-09, 1.26960564284e-09, 2.07807784869e-10, 8.25743529109e-10, 1.23038583766e-08, 3.05275200674e-08, 4.3382680559e-08, 1.00341011944e-07, 2.35940228777e-06, 3.09535266751e-07, 1.15123173217e-08, 5.84191167663e-11, 5.18190227056e-14, 4.54219639196e-15, 2.30489756343e-15, 6.8867595554e-16, 6.27414191751e-16]
        dvar2: [5.63712183215e-14, 6.04703440099e-11, 9.96025040223e-10, 7.3561418068e-10, 2.76533973498e-09, 7.98921284684e-09, 7.83861153764e-09, 2.15147299976e-09, 1.01031272237e-08, 1.69703380237e-08, 4.36727853881e-09, 3.43699868566e-09, 5.76646397299e-10, 1.9470405288e-09, 1.16675948902e-08, 7.36496943432e-08, 1.03147804964e-07, 1.83618936944e-07, 4.9615205171e-06, 3.03298890003e-07, 2.41697524217e-08, 1.57796428701e-10, 1.14809027628e-13, 7.87824327802e-15, 3.94781050298e-15, 1.69300307992e-15, 1.57196397758e-15]
        max: [2.22277026296e-06, 5.43651403859e-05, 0.000228463759413, 0.000224118324695, 0.000340955390129, 0.000387901585782, 0.000417528644903, 0.000278449064353, 0.000382402417017, 0.000701096549165, 0.000465190940304, 0.000333413045155, 0.000126766375615, 0.000207139761187, 0.00100991665386, 0.00178452418186, 0.00166938535403, 0.0026998326648, 0.012575625442, 0.00440504821017, 0.000781525974162, 6.16527395323e-05, 2.17436331695e-06, 7.90286719621e-07, 7.8924722402e-07, 3.93103107399e-07, 3.69411878864e-07]
        mean: [6.85988554849e-09, 1.11535428005e-05, 1.98652578547e-05, 9.22548861126e-06, 3.34122050845e-05, 9.02848260012e-05, 5.38011627214e-05, 3.61626807717e-05, 5.6782784668e-05, 5.94234879827e-05, 2.11456572288e-05, 1.64104403666e-05, 1.03794545794e-05, 4.92822546221e-05, 0.000141891621752, 0.00017106794985, 0.00025531949359, 0.000521763344295, 0.00137993402313, 0.000639718142338, 9.89198233583e-05, 2.37221629504e-05, 3.81767478075e-07, 3.32214327159e-08, 1.14192379996e-08, 1.20568666162e-09, 9.5930907662e-10]
        min: [1.07850828962e-11, 3.79986886401e-09, 3.48745210488e-09, 4.14177137031e-09, 1.01239105987e-08, 4.79629003181e-09, 7.9330619851e-10, 1.2959013862e-09, 1.61166080481e-09, 8.232245996e-10, 2.00458538657e-09, 7.94870114174e-10, 4.05382971636e-09, 5.56137802477e-09, 2.48253542168e-08, 8.06285260779e-09, 1.60380118075e-08, 2.24447731512e-08, 7.29379294739e-08, 2.80876690795e-07, 2.93994339984e-08, 1.99141525492e-09, 1.43354250692e-09, 1.67507493987e-10, 2.18569953803e-10, 8.87186765025e-12, 4.30721505283e-14]
        var: [1.14560638604e-14, 1.54916884876e-10, 4.83544149166e-10, 2.51345444457e-10, 2.92415314185e-09, 9.3360661424e-09, 4.89248996871e-09, 1.939410188e-09, 4.16664791558e-09, 5.75136382963e-09, 1.55834711801e-09, 9.99635707544e-10, 2.09657680106e-10, 1.42292422289e-09, 5.61062769577e-08, 3.72966297846e-08, 4.49404602421e-08, 2.32741228956e-07, 3.02077683045e-06, 9.9362750916e-07, 1.33206317088e-08, 1.37390862576e-10, 9.80662897892e-14, 6.05906214687e-15, 2.07632741668e-15, 3.56870889016e-16, 3.15016238235e-16]
    mfcc:
        mean: [-777.392883301, 116.092147827, -121.55255127, 103.362159729, -46.2449760437, -5.62131166458, -16.1383876801, -2.12470269203, 3.17462873459, -1.99354445934, 5.18301916122, -20.2220344543, 0.873838961124]
        cov: [[860.668334961, -92.0505218506, -5.00998306274, -206.864593506, -38.3843269348, -108.335777283, -3.39446997643, 9.61428260803, -0.591183423996, -60.0968399048, -46.7453804016, 76.6348953247, -20.5771102905], [-92.0505218506, 631.476928711, 79.3288497925, -4.25174236298, -199.210342407, 28.0212936401, 5.23105859756, 117.24357605, 6.48990249634, -202.460006714, 96.4349746704, 117.184410095, 56.5395393372], [-5.00998306274, 79.3288497925, 247.632171631, -101.903923035, 69.0393218994, -14.1923065186, 99.8520050049, 34.3207511902, -0.0375601276755, -38.0119438171, -2.02886605263, 107.005729675, -8.02268409729], [-206.864593506, -4.25174236298, -101.903923035, 318.311950684, 75.1817245483, 105.41318512, -35.415763855, -4.25920581818, 59.4962120056, 89.146232605, 43.6201095581, -96.254737854, 6.33653640747], [-38.3843269348, -199.210342407, 69.0393218994, 75.1817245483, 216.770065308, 87.0406036377, 115.067123413, 5.23881864548, 59.1365089417, 101.495399475, -2.34564304352, 3.18503189087, -2.38636207581], [-108.335777283, 28.0212936401, -14.1923065186, 105.41318512, 87.0406036377, 147.463623047, 113.409469604, 57.9135169983, 48.964050293, 42.7192764282, 58.5234451294, -10.4602909088, 18.1563396454], [-3.39446997643, 5.23105859756, 99.8520050049, -35.415763855, 115.067123413, 113.409469604, 219.391433716, 98.0081329346, 55.0149688721, 16.6532173157, 52.2022323608, 56.5638427734, 10.1230106354], [9.61428260803, 117.24357605, 34.3207511902, -4.25920581818, 5.23881864548, 57.9135169983, 98.0081329346, 108.397422791, 58.0881156921, -22.5252113342, 39.4573974609, 57.1715164185, 8.80587768555], [-0.591183423996, 6.48990249634, -0.0375601276755, 59.4962120056, 59.1365089417, 48.964050293, 55.0149688721, 58.0881156921, 98.4468002319, 35.5051345825, 26.695930481, 27.1778659821, 22.0586395264], [-60.0968399048, -202.460006714, -38.0119438171, 89.146232605, 101.495399475, 42.7192764282, 16.6532173157, -22.5252113342, 35.5051345825, 168.621612549, 26.6256065369, -59.899772644, -6.90011358261], [-46.7453804016, 96.4349746704, -2.02886605263, 43.6201095581, -2.34564304352, 58.5234451294, 52.2022323608, 39.4573974609, 26.695930481, 26.6256065369, 105.915756226, 12.7079257965, 18.4753170013], [76.6348953247, 117.184410095, 107.005729675, -96.254737854, 3.18503189087, -10.4602909088, 56.5638427734, 57.1715164185, 27.1778659821, -59.899772644, 12.7079257965, 139.626220703, 22.462015152], [-20.5771102905, 56.5395393372, -8.02268409729, 6.33653640747, -2.38636207581, 18.1563396454, 10.1230106354, 8.80587768555, 22.0586395264, -6.90011358261, 18.4753170013, 22.462015152, 65.1522827148]]
        icov: [[0.00166584167164, 0.000135922862682, 0.00130744744092, 0.000949966371991, -0.00108806905337, 0.00161318678875, -0.000153335859068, -0.0004806786892, -0.000447351048933, 0.000726927712094, -0.000526900927071, -0.000632097653579, 0.000671941845212], [0.000135922862682, 0.0145851261914, -0.0110621321946, -0.00480555929244, 0.0159358847886, -0.0113130854443, 0.00597359752283, -0.00523821730167, -0.00217231246643, 0.00998924020678, -0.00655219424516, -0.00244782748632, -0.00549735687673], [0.00130744744092, -0.0110621321946, 0.0200183205307, 0.00278526544571, -0.0180923771113, 0.0174612235278, -0.0100881783292, 0.00283318641596, 0.00629077013582, -0.00523974886164, 0.00302587542683, -0.00492301164195, 0.00601707724854], [0.000949966371991, -0.00480555929244, 0.00278526544571, 0.0153255136684, -0.013979668729, -0.00600602338091, 0.0134337460622, -0.00486715184525, -0.00415599485859, -0.000182166040759, -0.00366684864275, 0.00904621835798, 0.00236386619508], [-0.00108806905337, 0.0159358847886, -0.0180923771113, -0.013979668729, 0.0494572073221, -0.0211878865957, -0.0134991789237, 0.0204842910171, -0.0144908996299, -0.000850028474815, 0.00778478896245, -0.0122486362234, -0.00116479885764], [0.00161318678875, -0.0113130854443, 0.0174612235278, -0.00600602338091, -0.0211878865957, 0.0451130047441, -0.0211487617344, -0.00512839620933, 0.011319199577, -0.00490373093635, -0.000883170461748, 0.00154232094064, -0.000940480153076], [-0.000153335859068, 0.00597359752283, -0.0100881783292, 0.0134337460622, -0.0134991789237, -0.0211487617344, 0.0408209562302, -0.027568295598, 0.00196123169735, 0.00879440829158, -0.0128616318107, 0.0108768837526, -0.00483373412862], [-0.0004806786892, -0.00523821730167, 0.00283318641596, -0.00486715184525, 0.0204842910171, -0.00512839620933, -0.027568295598, 0.054463300854, -0.0232215300202, -0.00519348587841, 0.00962218362838, -0.0136215975508, 0.0135975927114], [-0.000447351048933, -0.00217231246643, 0.00629077013582, -0.00415599485859, -0.0144908996299, 0.011319199577, 0.00196123169735, -0.0232215300202, 0.0330629460514, -0.00480603100732, -0.000585036643315, -0.00280183111317, -0.00849986821413], [0.000726927712094, 0.00998924020678, -0.00523974886164, -0.000182166040759, -0.000850028474815, -0.00490373093635, 0.00879440829158, -0.00519348587841, -0.00480603100732, 0.0221683010459, -0.0130666391924, 0.00537113891914, -0.00256716832519], [-0.000526900927071, -0.00655219424516, 0.00302587542683, -0.00366684864275, 0.00778478896245, -0.000883170461748, -0.0128616318107, 0.00962218362838, -0.000585036643315, -0.0130666391924, 0.0240377318114, -0.00595737108961, 0.00152963947039], [-0.000632097653579, -0.00244782748632, -0.00492301164195, 0.00904621835798, -0.0122486362234, 0.00154232094064, 0.0108768837526, -0.0136215975508, -0.00280183111317, 0.00537113891914, -0.00595737108961, 0.0254737474024, -0.00586434919387], [0.000671941845212, -0.00549735687673, 0.00601707724854, 0.00236386619508, -0.00116479885764, -0.000940480153076, -0.00483373412862, 0.0135975927114, -0.00849986821413, -0.00256716832519, 0.00152963947039, -0.00586434919387, 0.024169139564]]
    spectral_contrast:
        mean: [-4.46198356485e-07, -2.58243687767e-07, -2.39041611394e-07, -8.4853837734e-08, -3.46451997757e-07, -2.61322213646e-07, -3.45072271557e-06, -2.90255297841e-06, 1.32234004013e-06, -4.08181449529e-06, -6.11941004536e-06, 1.94377366824e-06]
        var: [0.000113388232421, 0.000295307894703, 0.00120746728498, 0.00254478631541, 0.00391304306686, 0.00414567347616, 0.0380351804197, 0.0879200771451, 0.136791959405, 0.282904475927, 0.738229036331, 1.28477144241]

rhythm:
    beats_loudness:
        dmean: 0.00277801393531
        dmean2: 0.00449299905449
        dvar: 3.62043692803e-06
        dvar2: 6.70086683385e-06
        max: 0.00874057877809
        mean: 0.00440927268937
        min: 0.00135258305818
        var: 5.71330474486e-06
    beats_loudness_bass:
        dmean: 0.0130688976496
        dmean2: 0.023402236402
        dvar: 0.000174182918272
        dvar2: 0.000376882817363
        max: 0.0523224063218
        mean: 0.0106074996293
        min: 6.56432166579e-05
        var: 0.00018630856357
    bpm: 98.7581176758
    bpm_confidence: 0
    first_peak_bpm: 99
    first_peak_spread: 0
    first_peak_weight: 0.5
    onset_rate: 3.97727274895
    second_peak_bpm: 132
    second_peak_spread: 0
    second_peak_weight: 0.444444447756
    beats_position: [0.10489397496, 0.712441086769, 1.31998825073, 1.9275354147, 2.53508257866, 3.14262962341, 3.75017666817, 4.35772371292, 4.96527099609, 5.57281827927, 6.20814466476, 6.66211032867, 7.11607551575, 7.57004117966, 8.02400684357, 8.47797203064, 8.93193721771, 9.38590240479, 9.83986759186]
    bpm_estimates: [98.8190383911, 98.6906661987, 98.6079330444, 99.0767669678, 98.535484314, 98.6274490356, 98.9494476318]
    bpm_intervals: [0.607547104359, 0.607547163963, 0.607547163963, 0.607547163963, 0.607547044754, 0.607547044754, 0.607547044754, 0.607547283173, 0.607547283173, 0.635326385498, 0.45396566391, 0.453965187073, 0.45396566391, 0.45396566391, 0.453965187073, 0.453965187073, 0.453965187073, 0.453965187073]
    onset_times: [0.0464399084449, 0.208979591727, 0.49922901392, 0.673378705978, 1.1261677742, 1.42802715302, 1.72988665104, 1.91564631462, 2.04335594177, 2.19428563118, 2.49614500999, 2.65868473053, 2.94893431664, 3.13469386101, 3.88934230804, 4.19120168686, 4.35374164581, 4.49306106567, 4.6439909935, 4.94585037231, 5.11999988556, 5.39863967896, 5.58439922333, 6.03718805313, 6.33904743195, 6.64090681076, 6.81505680084, 6.94276666641, 7.0936961174, 7.39555549622, 7.56970500946, 7.85995483398, 8.03410434723, 8.78875255585, 9.0906124115, 9.25315189362, 9.39247131348, 9.55501174927, 9.84526062012, 10.0194101334]
    rubato_start: [6.66211032867]
    rubato_stop: [7.11607551575]
    perceptual_tempo: "unknown"

sfx:
    inharmonicity:
        dmean: 0.0866135209799
        dmean2: 0.150219112635
        dvar: 0.00598671939224
        dvar2: 0.015942895785
        max: 0.354418575764
        mean: 0.0962855294347
        min: 0
        var: 0.00696063414216
    oddtoevenharmonicenergyratio:
        dmean: 6.0822095871
        dmean2: 11.8026218414
        dvar: 1878.61743164
        dvar2: 5626.00976562
        max: 632.075317383
        mean: 3.76425433159
        min: 0
        var: 951.342041016
    pitch_after_max_to_before_max_energy_ratio: 0.00424303719774
    pitch_centroid: 215.010787964
    pitch_max_to_total: 0.997685194016
    pitch_min_to_total: 0.162037029862
    tristimulus:
        dmean: [0.120076604187, 0.30285307765, 0.20560066402]
        dmean2: [0.202467754483, 0.550137281418, 0.372717291117]
        dvar: [0.0188944470137, 0.0636250302196, 0.0352567285299]
        dvar2: [0.0508856587112, 0.177155673504, 0.088870331645]
        max: [1, 0.995600938797, 0.862328290939]
        mean: [0.184783324599, 0.499799787998, 0.207982078195]
        min: [0.0023136830423, 0, 0]
        var: [0.0199419222772, 0.081419415772, 0.0423472337425]

tonal:
    chords_changes_rate: 0.0691244229674
    chords_number_rate: 0.00921658985317
    chords_strength:
        dmean: 0.00629691407084
        dmean2: 0.00833310931921
        dvar: 2.3064432753e-05
        dvar2: 3.45955959347e-05
        max: 0.452515095472
        mean: 0.355722516775
        min: 0.29780831933
        var: 0.0010831480613
    key_strength: 0.582407176495
    tuning_diatonic_strength: 0.482696533203
    tuning_equal_tempered_deviation: 0.139062747359
    tuning_frequency: 446.657836914
    tuning_nontempered_energy_ratio: 0.753272891045
    hpcp:
        dmean: [0.156370043755, 0.163965284824, 0.147933498025, 0.165873780847, 0.147726908326, 0.177655398846, 0.176307111979, 0.0994342491031, 0.0806407108903, 0.0779777169228, 0.0955693349242, 0.0958231836557, 0.112721502781, 0.118797458708, 0.131099298596, 0.133657649159, 0.0972992554307, 0.0828031077981, 0.0908224582672, 0.11129757762, 0.155239120126, 0.179581716657, 0.267308712006, 0.286762177944, 0.219694674015, 0.133204817772, 0.104844436049, 0.11591219157, 0.176050886512, 0.227024137974, 0.195962294936, 0.163473129272, 0.146849617362, 0.134499430656, 0.193014547229, 0.205772966146]
        dmean2: [0.271274924278, 0.261221706867, 0.245498910546, 0.285428166389, 0.252106547356, 0.302542120218, 0.291935056448, 0.165803849697, 0.141902953386, 0.134865984321, 0.165539816022, 0.167639017105, 0.196794986725, 0.20414699614, 0.222662493587, 0.224519237876, 0.160460844636, 0.130583077669, 0.150862410665, 0.182919293642, 0.252813279629, 0.2737185359, 0.420422196388, 0.458817124367, 0.354501128197, 0.211290434003, 0.169480875134, 0.189109057188, 0.303181678057, 0.388199299574, 0.321588039398, 0.281036406755, 0.239343747497, 0.224256649613, 0.320946723223, 0.35535261035]
        dvar: [0.0253244563937, 0.0153193278238, 0.0166464410722, 0.0300164595246, 0.0174728631973, 0.0469307750463, 0.0440407246351, 0.00804010592401, 0.00844133086503, 0.00622517056763, 0.00811001285911, 0.00898334477097, 0.0105407498777, 0.00930147152394, 0.014004596509, 0.0159690342844, 0.00557914469391, 0.00593476323411, 0.00607869680971, 0.00981527473778, 0.0213661789894, 0.0336173661053, 0.0428193099797, 0.0517537407577, 0.0344976000488, 0.0198855362833, 0.00777027895674, 0.0136994635686, 0.0321345254779, 0.0427165031433, 0.0287588406354, 0.0197313744575, 0.0160591565073, 0.0143091268837, 0.0263839401305, 0.0307252295315]
        dvar2: [0.0616305954754, 0.0411692075431, 0.0482238717377, 0.0859440490603, 0.0529148057103, 0.126435637474, 0.111458353698, 0.0218971222639, 0.0212248209864, 0.0157667696476, 0.0194523986429, 0.0222701467574, 0.0287940688431, 0.0239388849586, 0.0329051576555, 0.0366734489799, 0.0132871782407, 0.0146704539657, 0.0145317455754, 0.0225153304636, 0.0480917803943, 0.0720873996615, 0.0943069458008, 0.128211081028, 0.081410728395, 0.0515512637794, 0.020889274776, 0.0322272703052, 0.0880609303713, 0.0986588746309, 0.0658051669598, 0.0515141859651, 0.0403466150165, 0.0329439230263, 0.0628157407045, 0.070308201015]
        max: [1, 1, 0.778212547302, 1, 0.951385736465, 1, 1, 0.650434315205, 0.604479491711, 0.399378985167, 0.466093629599, 0.515226602554, 0.5773473382, 0.505992233753, 0.858772993088, 0.837294578552, 0.529582679272, 0.506821215153, 0.473641633987, 0.673636972904, 0.833443105221, 0.957032382488, 1, 1, 1, 0.787317156792, 0.617417037487, 0.932428836823, 1, 1, 1, 1, 1, 0.884728908539, 0.897270441055, 1]
        mean: [0.85524970293, 0.500515520573, 0.266868442297, 0.268907815218, 0.248267441988, 0.2806635499, 0.241871088743, 0.147884935141, 0.124312661588, 0.115078479052, 0.123974122107, 0.131018951535, 0.154265403748, 0.177209615707, 0.201880350709, 0.192667081952, 0.139758273959, 0.126391947269, 0.146585449576, 0.176051989198, 0.226086214185, 0.290162950754, 0.418905198574, 0.4456191957, 0.295392870903, 0.179527699947, 0.144405990839, 0.164268821478, 0.266172915697, 0.405257731676, 0.380300670862, 0.284746050835, 0.280698388815, 0.290719598532, 0.370816528797, 0.709120035172]
        min: [0.272048026323, 0.137401521206, 0.0136353522539, 0.0216456875205, 0.017348524183, 0.018898749724, 0.0174564793706, 0.0107886949554, 0.0149289807305, 0.00797292310745, 0.00152929150499, 0.00194379698951, 0.00309715443291, 0.0036598846782, 0.00471354275942, 0.00615521613508, 0.00367631367408, 0.00146357971244, 0.00420755008236, 0.00833900272846, 0.00620286446065, 0.00108753878158, 0.00741319172084, 0.00784082524478, 0.00636981753632, 0.00140543561429, 0.00701180147007, 0.00785429030657, 0.00256425212137, 0.018640588969, 0.0309540368617, 0.0136550758034, 0.0111528141424, 0.0206969697028, 0.0111203212291, 0.14589177072]
        var: [0.0343234315515, 0.0395525470376, 0.0244658272713, 0.0292145647109, 0.021369272843, 0.0420975275338, 0.0416223816574, 0.0102316746488, 0.00866923108697, 0.00687607936561, 0.00904651358724, 0.00964496098459, 0.0129881771281, 0.0134042557329, 0.0242027994245, 0.0267389733344, 0.0106189381331, 0.0119008859619, 0.01184155792, 0.0157756339759, 0.0354417152703, 0.0655943751335, 0.0989573150873, 0.085203550756, 0.0546786896884, 0.030476141721, 0.0112701905891, 0.0187838431448, 0.0458505749702, 0.0870868191123, 0.0739020854235, 0.0340562351048, 0.0310860052705, 0.022563483566, 0.0481472313404, 0.0491442158818]
    chords_histogram: [78.8018417358, 0, 0, 0, 0, 0, 0, 0, 0, 0, 21.1981563568, 0, 0, 0, 0, 0, 0, 0, 0, 0, 0, 0, 0, 0]
    thpcp: [1, 0.585227370262, 0.31203570962, 0.314420223236, 0.290286511183, 0.328165620565, 0.282807558775, 0.172914341092, 0.145352482796, 0.134555414319, 0.144956633449, 0.153193801641, 0.180374696851, 0.207202196121, 0.236048430204, 0.225275829434, 0.163412243128, 0.14778368175, 0.171394914389, 0.205848634243, 0.264351129532, 0.339272797108, 0.489804565907, 0.521039843559, 0.345387876034, 0.209912613034, 0.168846577406, 0.192071184516, 0.311222463846, 0.473847270012, 0.444666236639, 0.332939088345, 0.32820636034, 0.339923650026, 0.433576911688, 0.829137980938]
    chords_key: "D"
    chords_scale: "minor"
    key_key: "D"
    key_scale: "minor"
    chords_progression: ["Dm", "Dm", "Dm", "Dm", "Dm", "Dm", "Dm", "Dm", "Dm", "Dm", "Dm", "Dm", "Dm", "Dm", "Dm", "Dm", "Dm", "Dm", "Dm", "Dm", "Dm", "Dm", "Dm", "Dm", "Dm", "Dm", "Dm", "Dm", "Dm", "Dm", "Dm", "Dm", "Dm", "C#m", "C#m", "C#m", "C#m", "C#m", "C#m", "C#m", "C#m", "C#m", "Dm", "Dm", "Dm", "Dm", "Dm", "Dm", "Dm", "Dm", "Dm", "Dm", "Dm", "Dm", "Dm", "Dm", "Dm", "Dm", "Dm", "Dm", "Dm", "Dm", "Dm", "Dm", "Dm", "Dm", "Dm", "Dm", "Dm", "Dm", "Dm", "Dm", "Dm", "Dm", "Dm", "Dm", "Dm", "Dm", "Dm", "Dm", "Dm", "Dm", "Dm", "Dm", "Dm", "Dm", "Dm", "Dm", "Dm", "Dm", "C#m", "C#m", "C#m", "C#m", "C#m", "Dm", "Dm", "Dm", "Dm", "Dm", "Dm", "Dm", "Dm", "Dm", "Dm", "Dm", "Dm", "Dm", "Dm", "Dm", "Dm", "Dm", "Dm", "Dm", "Dm", "Dm", "Dm", "Dm", "Dm", "Dm", "Dm", "Dm", "Dm", "Dm", "Dm", "Dm", "Dm", "Dm", "Dm", "Dm", "Dm", "Dm", "Dm", "Dm", "Dm", "Dm", "Dm", "C#m", "Dm", "C#m", "C#m", "C#m", "C#m", "C#m", "C#m", "C#m", "C#m", "C#m", "C#m", "C#m", "Dm", "Dm", "Dm", "Dm", "Dm", "Dm", "Dm", "Dm", "Dm", "Dm", "Dm", "Dm", "Dm", "Dm", "Dm", "Dm", "Dm", "Dm", "Dm", "Dm", "Dm", "Dm", "Dm", "Dm", "Dm", "Dm", "Dm", "Dm", "Dm", "Dm", "Dm", "Dm", "C#m", "Dm", "Dm", "Dm", "Dm", "Dm", "Dm", "Dm", "Dm", "Dm", "Dm", "Dm", "Dm", "C#m", "C#m", "C#m", "C#m", "C#m", "C#m", "C#m", "C#m", "C#m", "C#m", "C#m", "C#m", "Dm", "Dm", "C#m", "C#m", "C#m", "C#m", "C#m", "Dm", "C#m", "C#m"]
