
metadata:
    version:
        essentia: "1.2.2"
    audio_properties:
        analysis_sample_rate: 44100
        bitrate: 128
        channels: 2
        equal_loudness: 1
        length: 10.0048980713
        replay_gain: -7.13824272156
        downmix: "mix"
    tags:
        track: 19
        year: 0
        album: "Splitted by Mp3Splt v. 2.1"
        artist: "From 003.00 To 003.10"
        comment: "http://mp3splt.sf.net"
        genre: ""
        title: "03 Fascination Street [Extende"

highlevel:
    ballroom:
        all:
            ChaChaCha: 0.22718244791
            Jive: 0.301028370857
            Quickstep: 0.0260293986648
            Rumba-American: 0.00201816600747
            Rumba-International: 0.0089942580089
            Rumba-Misc: 0.00333740655333
            Samba: 0.409155100584
            Tango: 0.00402198592201
            VienneseWaltz: 0.0133348461241
            Waltz: 0.0048980335705
        probability: 0.409155100584
        value: "Samba"
    culture:
        all:
            non_western: 0.0427255891263
            western: 0.957274436951
        probability: 0.957274436951
        value: "western"
    gender:
        all:
            female: 0.650926351547
            male: 0.349073678255
        probability: 0.650926351547
        value: "female"
    genre_dortmund:
        all:
            alternative: 0.0890424326062
            blues: 0.0739338025451
            electronic: 0.0525812618434
            folkcountry: 0.0562073774636
            funksoulrnb: 0.00872981827706
            jazz: 0.268914490938
            pop: 0.0423125997186
            raphiphop: 0.00442993314937
            rock: 0.403848260641
        probability: 0.403848260641
        value: "rock"
    genre_electronica:
        all:
            ambient: 0.0531999394298
            dnb: 0.6835719347
            house: 0.0254135411233
            techno: 0.00865045748651
            trance: 0.229164123535
        probability: 0.6835719347
        value: "dnb"
    genre_rosamerica:
        all:
            cla: 0.0260294545442
            dan: 0.0501033850014
            hip: 0.00880511943251
            jaz: 0.0206955950707
            pop: 0.0504880100489
            rhy: 0.00881904736161
            roc: 0.833653986454
            spe: 0.00140542979352
        probability: 0.833653986454
        value: "roc"
    genre_tzanetakis:
        all:
            blu: 0.00780613534153
            cla: 0.00955616682768
            cou: 0.0184661988169
            dis: 0.249716058373
            hip: 0.0148051418364
            jaz: 0.0940741375089
            met: 0.142992064357
            pop: 0.2328376472
            reg: 0.0476221516728
            roc: 0.182124301791
        probability: 0.249716058373
        value: "dis"
    live_studio:
        all:
            live: 0.143780276179
            studio: 0.85621970892
        probability: 0.85621970892
        value: "studio"
    mood:
        all:
            Cluster1: 0.499327272177
            Cluster2: 0.141494452953
            Cluster3: 0.0979443341494
            Cluster4: 0.0721226409078
            Cluster5: 0.189111307263
        probability: 0.499327272177
        value: "Cluster1"
    mood_acoustic:
        all:
            acoustic: 0.0380921177566
            not_acoustic: 0.961907863617
        probability: 0.961907863617
        value: "not_acoustic"
    mood_aggressive:
        all:
            aggressive: 0.787567675114
            not_aggressive: 0.212432295084
        probability: 0.787567675114
        value: "aggressive"
    mood_electronic:
        all:
            electronic: 0.927231609821
            not_electronic: 0.0727683678269
        probability: 0.927231609821
        value: "electronic"
    mood_happy:
        all:
            happy: 0.5
            not_happy: 0.5
        probability: 0.5
        value: "happy"
    mood_party:
        all:
            not_party: 0.521243155003
            party: 0.478756815195
        probability: 0.521243155003
        value: "not_party"
    mood_relaxed:
        all:
            not_relaxed: 0.829432666302
            relaxed: 0.170567333698
        probability: 0.829432666302
        value: "not_relaxed"
    mood_sad:
        all:
            not_sad: 0.718575835228
            sad: 0.281424164772
        probability: 0.718575835228
        value: "not_sad"
    rhythm:
        all:
            fast: 0.957802593708
            medium: 0.0145217943937
            slow: 0.02767563425
        probability: 0.957802593708
        value: "fast"
    speech_music:
        all:
            music: 0.99996393919
            speech: 3.60497288057e-05
        probability: 0.99996393919
        value: "music"
    timbre:
        all:
            bright: 0.4041929245
            dark: 0.5958070755
        probability: 0.5958070755
        value: "dark"
    voice_instrumental:
        all:
            instrumental: 0.928657352924
            voice: 0.0713426321745
        probability: 0.928657352924
        value: "instrumental"

lowlevel:
    average_loudness: 0.962674021721
    barkbands_kurtosis:
        dmean: 0.781564354897
        dmean2: 1.295170784
        dvar: 2.55654597282
        dvar2: 5.72228956223
        max: 21.5255889893
        mean: -0.694731473923
        min: -1.8966088295
        var: 3.9753036499
    barkbands_skewness:
        dmean: 0.454519480467
        dmean2: 0.734408855438
        dvar: 0.204230159521
        dvar2: 0.479238301516
        max: 4.28741121292
        mean: 0.386947959661
        min: -1.41408598423
        var: 0.680024981499
    barkbands_spread:
        dmean: 5.87743854523
        dmean2: 9.4494304657
        dvar: 33.1370010376
        dvar2: 78.7728347778
        max: 61.1706771851
        mean: 38.2244720459
        min: 5.39340686798
        var: 94.792388916
    dissonance:
        dmean: 0.0147690959275
        dmean2: 0.0257181413472
        dvar: 0.000191163257114
        dvar2: 0.000500414171256
        max: 0.498739153147
        mean: 0.473145663738
        min: 0.388866275549
        var: 0.00031488071545
    hfc:
        dmean: 1.67520201206
        dmean2: 2.79447293282
        dvar: 7.44313907623
        dvar2: 18.9932537079
        max: 25.4849739075
        mean: 5.19234991074
        min: 0.243961170316
        var: 16.1207199097
    pitch:
        dmean: 689.067260742
        dmean2: 1326.88916016
        dvar: 1691365.25
        dvar2: 3820604.75
        max: 4410
        mean: 907.259033203
        min: 58.4880638123
        var: 1941953.75
    pitch_instantaneous_confidence:
        dmean: 0.083088517189
        dmean2: 0.133533343673
        dvar: 0.00617405120283
        dvar2: 0.0144988903776
        max: 0.795042932034
        mean: 0.412107586861
        min: 0.151503205299
        var: 0.0291974898428
    pitch_salience:
        dmean: 0.0706069245934
        dmean2: 0.115723274648
        dvar: 0.00465503614396
        dvar2: 0.0127671696246
        max: 0.796611011028
        mean: 0.563622117043
        min: 0.327771604061
        var: 0.0111605003476
    silence_rate_20dB:
        dmean: 0
        dmean2: 0
        dvar: 0
        dvar2: 0
        max: 1
        mean: 1
        min: 1
        var: 0
    silence_rate_30dB:
        dmean: 0
        dmean2: 0
        dvar: 0
        dvar2: 0
        max: 1
        mean: 1
        min: 1
        var: 0
    silence_rate_60dB:
        dmean: 0.148837208748
        dmean2: 0.29603728652
        dvar: 0.126684531569
        dvar2: 0.245695158839
        max: 1
        mean: 0.610208809376
        min: 0
        var: 0.237854361534
    spectral_centroid:
        dmean: 309.006652832
        dmean2: 509.034973145
        dvar: 96232.5703125
        dvar2: 239994.25
        max: 2954.40039062
        mean: 1466.70007324
        min: 235.827941895
        var: 293216.75
    spectral_complexity:
        dmean: 2.85981297493
        dmean2: 4.71662759781
        dvar: 15.2794189453
        dvar2: 38.708946228
        max: 38
        mean: 10.8088579178
        min: 1
        var: 39.8235855103
    spectral_crest:
        dmean: 1.9701821804
        dmean2: 3.23897862434
        dvar: 4.25947713852
        dvar2: 11.3960533142
        max: 17.2879943848
        mean: 7.15142631531
        min: 2.95031714439
        var: 9.04775714874
    spectral_decrease:
        dmean: 3.04476083235e-10
        dmean2: 4.75304517966e-10
        dvar: 3.21502098139e-19
        dvar2: 8.26359429e-19
        max: -6.32721444682e-11
        mean: -7.95965682254e-10
        min: -4.5560901718e-09
        var: 4.30767151136e-19
    spectral_energy:
        dmean: 0.0012658869382
        dmean2: 0.00195869454183
        dvar: 5.37901360076e-06
        dvar2: 1.37549859573e-05
        max: 0.0190583821386
        mean: 0.00347511912696
        min: 0.000266202143393
        var: 7.72671319282e-06
    spectral_energyband_high:
        dmean: 0.000141633441672
        dmean2: 0.000236463485635
        dvar: 4.69981173978e-08
        dvar2: 1.17894792595e-07
        max: 0.00171056494582
        mean: 0.000347775727278
        min: 1.90223579466e-06
        var: 1.14423954756e-07
    spectral_energyband_low:
        dmean: 0.000245987961534
        dmean2: 0.000397505587898
        dvar: 1.65573453614e-07
        dvar2: 4.48645096185e-07
        max: 0.00338568398729
        mean: 0.000379368080758
        min: 1.06903371488e-06
        var: 1.71428737872e-07
    spectral_energyband_middle_high:
        dmean: 0.00038349130773
        dmean2: 0.000638267665636
        dvar: 3.43553949733e-07
        dvar2: 9.16222404612e-07
        max: 0.00610926747322
        mean: 0.00124031072482
        min: 3.79414668714e-05
        var: 8.00719988092e-07
    spectral_energyband_middle_low:
        dmean: 0.00081426644465
        dmean2: 0.00131521828007
        dvar: 3.30883290189e-06
        dvar2: 8.6655445557e-06
        max: 0.0149307120591
        mean: 0.00150766235311
        min: 7.90455160313e-05
        var: 3.66411927644e-06
    spectral_flatness_db:
        dmean: 0.0161194670945
        dmean2: 0.0256402995437
        dvar: 0.000233196886256
        dvar2: 0.000591383955907
        max: 0.31211873889
        mean: 0.165474653244
        min: 0.0741189420223
        var: 0.00139645161107
    spectral_flux:
        dmean: 0.00852027814835
        dmean2: 0.0126260435209
        dvar: 0.000132051805849
        dvar2: 0.000264249829343
        max: 0.112599372864
        mean: 0.0311625581235
        min: 0.0078691476956
        var: 0.000320238352288
    spectral_kurtosis:
        dmean: 1.42140948772
        dmean2: 2.42488098145
        dvar: 2.93809390068
        dvar2: 7.62177944183
        max: 16.3186779022
        mean: 3.01087260246
        min: 0.0465250015259
        var: 4.12553119659
    spectral_rms:
        dmean: 0.000282555527519
        dmean2: 0.00042667487287
        dvar: 1.68026645042e-07
        dvar2: 3.99758192771e-07
        max: 0.00431202305481
        mean: 0.00173450540751
        min: 0.000509616918862
        var: 3.81849332598e-07
    spectral_rolloff:
        dmean: 530.531677246
        dmean2: 871.010742188
        dvar: 285757.5
        dvar2: 662424.0625
        max: 4931.10351562
        mean: 3145.55371094
        min: 193.798828125
        var: 900236.375
    spectral_skewness:
        dmean: 0.211044192314
        dmean2: 0.332050353289
        dvar: 0.0503035672009
        dvar2: 0.114590570331
        max: 2.66162443161
        mean: 1.11024713516
        min: 0.232776328921
        var: 0.0984314009547
    spectral_spread:
        dmean: 356207.21875
        dmean2: 496287.6875
        dvar: 139552194560
        dvar2: 243995656192
        max: 8998640
        mean: 4159340
        min: 2001260.625
        var: 1.10067318784e+12
    spectral_strongpeak:
        dmean: 0.261123299599
        dmean2: 0.469219267368
        dvar: 0.263492226601
        dvar2: 0.684214830399
        max: 3.15904974937
        mean: 0.340600311756
        min: 0.0237736776471
        var: 0.278898000717
    zerocrossingrate:
        dmean: 0.00820380914956
        dmean2: 0.00979650020599
        dvar: 5.72974131501e-05
        dvar2: 8.00088964752e-05
        max: 0.140625
        mean: 0.0885769501328
        min: 0.0107421875
        var: 0.000584386172704
    barkbands:
        dmean: [1.11390406232e-07, 3.04040604533e-05, 0.00023264385527, 0.000437286507804, 0.000327034416841, 0.000131311477162, 5.01722024637e-05, 6.79088334437e-05, 3.82245598303e-05, 6.08542723057e-05, 2.46398994932e-05, 1.57015510922e-05, 2.30004516197e-05, 3.12758129439e-05, 4.71032872156e-05, 6.54665491311e-05, 0.000133942128741, 9.81985140243e-05, 0.00013641793339, 0.000106582920125, 8.29592390801e-05, 2.34061899391e-05, 4.24736617788e-06, 1.03508864413e-06, 3.89624034369e-07, 2.2487688156e-08, 3.55778767558e-10]
        dmean2: [1.64995697105e-07, 4.39909745182e-05, 0.000387135834899, 0.000696865899954, 0.000566471426282, 0.000216205153265, 9.00323648239e-05, 0.00011564479064, 6.07155707257e-05, 8.97757563507e-05, 3.73493494408e-05, 2.69925658358e-05, 3.61012098438e-05, 4.80944254377e-05, 7.49199389247e-05, 0.00010904399096, 0.000221375565161, 0.000161241434398, 0.000223562543397, 0.00018495353288, 0.00013700031559, 3.87762192986e-05, 6.64656090521e-06, 1.72196814674e-06, 5.72470014504e-07, 3.63692080896e-08, 4.68846350632e-10]
        dvar: [5.16749966114e-14, 3.59597196464e-09, 1.62347092214e-07, 9.1006194225e-07, 5.86978728734e-07, 1.177424096e-07, 2.87434236412e-08, 2.63636312781e-08, 4.09816802716e-09, 1.3360661022e-08, 1.03842257015e-09, 5.78650016791e-10, 7.81142650563e-10, 2.19797580137e-09, 1.79294701308e-09, 1.34443833844e-08, 3.32076659504e-08, 2.49853151502e-08, 2.9935296908e-08, 2.37306547746e-08, 1.52894941152e-08, 1.600082844e-09, 6.05140104692e-11, 3.72815623859e-12, 5.88887662592e-13, 3.09825064469e-15, 2.02288044504e-17]
        dvar2: [1.060183774e-13, 7.68706343024e-09, 4.55800289956e-07, 2.35580114349e-06, 1.68636904618e-06, 3.18303392532e-07, 8.20967400728e-08, 7.33374676543e-08, 9.64178958895e-09, 2.85719963244e-08, 2.44093079083e-09, 1.58184454424e-09, 1.97747174191e-09, 4.38879022013e-09, 4.30461488676e-09, 3.16382582355e-08, 8.83891075887e-08, 6.79116425317e-08, 8.13104534814e-08, 6.25392146958e-08, 3.90744787637e-08, 3.84178999724e-09, 1.46661113809e-10, 9.9484040797e-12, 1.32794144604e-12, 8.65854527562e-15, 2.0255434703e-17]
        max: [1.70048258497e-06, 0.000598812068347, 0.00320845493115, 0.00787167623639, 0.00584248965606, 0.00366498786025, 0.00129618740175, 0.00128565437626, 0.000685337465256, 0.0015239121858, 0.000323102547554, 0.000197805202333, 0.000244987022597, 0.000564264832065, 0.000322734907968, 0.00125316309277, 0.00154987245332, 0.00175445340574, 0.00190003274474, 0.00121389515698, 0.000956689415034, 0.000370954629034, 6.30691429251e-05, 2.03599975066e-05, 7.88817214925e-06, 7.09114544861e-07, 9.33205441811e-08]
        mean: [1.57430235959e-07, 4.2870939069e-05, 0.000336344819516, 0.000609654409345, 0.000467082980322, 0.000196676308406, 4.28885032306e-05, 8.74976612977e-05, 7.4581374065e-05, 0.000101793928479, 5.97486287006e-05, 3.02115313389e-05, 4.88402583869e-05, 5.80490450375e-05, 8.33157173474e-05, 0.00011975462985, 0.000241237517912, 0.000179844384547, 0.000250288896495, 0.000207320830668, 0.000174870889168, 5.04388408444e-05, 8.72354303283e-06, 2.06155527849e-06, 8.29879979847e-07, 3.71185784331e-08, 3.40015821054e-10]
        min: [1.44015868675e-10, 1.62808106552e-07, 6.11884388491e-07, 2.76626860796e-06, 8.37680454424e-06, 3.76757384402e-07, 2.16097546968e-07, 1.17804222555e-06, 2.21790037358e-06, 6.5666648652e-07, 9.52686249889e-08, 1.04229989972e-07, 1.79562718472e-07, 8.7950508032e-07, 1.03660859168e-05, 6.42917143523e-07, 3.00389774566e-06, 2.59018884208e-06, 3.34950300385e-06, 9.04445187189e-07, 1.22539881886e-06, 1.09942561721e-07, 7.27700610881e-09, 1.45544998276e-09, 1.05102287984e-10, 9.38699552117e-12, 2.49000201968e-13]
        var: [7.60692913824e-14, 5.05092767611e-09, 1.53463304287e-07, 9.9425631106e-07, 4.90594914027e-07, 1.10795781438e-07, 1.84503594625e-08, 2.19063611695e-08, 9.41452960035e-09, 2.54498537799e-08, 4.6739967452e-09, 1.19603782434e-09, 2.38817832177e-09, 4.93838836491e-09, 3.26612470403e-09, 3.09559702316e-08, 6.09676860108e-08, 4.00527042643e-08, 4.45045849062e-08, 4.02576993963e-08, 3.07643972519e-08, 4.25106483348e-09, 1.80335912869e-10, 9.45773927924e-12, 1.80152811072e-12, 4.08618476986e-15, 2.02362490759e-17]
    mfcc:
        mean: [-736.186828613, 113.001335144, -55.2194633484, 72.1545028687, -16.3167152405, 8.92673206329, -4.35854816437, -0.441987723112, 1.11394441128, -3.67891478539, -11.073797226, -13.5955247879, -11.9882850647]
        cov: [[3837.54760742, -1607.50500488, 540.231628418, -669.184875488, -83.1833267212, -276.276855469, 24.1214790344, 7.54283285141, -153.435928345, -617.393493652, -244.365493774, 181.825073242, 95.8326950073], [-1607.50500488, 1019.78051758, -295.509521484, 293.788513184, 27.3377361298, 130.145370483, 23.9886875153, -26.9375133514, 8.17002010345, 234.375442505, 112.083625793, -47.8453407288, -14.069562912], [540.231628418, -295.509521484, 427.916625977, -47.2444801331, 24.0957565308, -117.683547974, -71.1214981079, -39.2918548584, -7.64827728271, -41.1220550537, -18.6189689636, -2.55019569397, 9.29511833191], [-669.184875488, 293.788513184, -47.2444801331, 258.165893555, 40.3840065002, 48.6684112549, 18.2779960632, 17.5279331207, 50.3886756897, 151.854934692, 63.1021957397, -36.3785514832, -9.27718734741], [-83.1833267212, 27.3377361298, 24.0957565308, 40.3840065002, 95.7612457275, 45.8247909546, 39.8982505798, 12.5436153412, 15.2567958832, 13.5634469986, 5.49855089188, 1.31472194195, 12.5104026794], [-276.276855469, 130.145370483, -117.683547974, 48.6684112549, 45.8247909546, 139.168457031, 72.6260147095, 33.0097732544, 11.7054758072, 36.1432342529, 27.191368103, 10.1060686111, 4.22141456604], [24.1214790344, 23.9886875153, -71.1214981079, 18.2779960632, 39.8982505798, 72.6260147095, 139.932495117, 40.7483863831, 3.46360421181, -12.6803922653, 6.37492418289, 33.5909996033, 15.8798351288], [7.54283285141, -26.9375133514, -39.2918548584, 17.5279331207, 12.5436153412, 33.0097732544, 40.7483863831, 93.4083862305, 43.2270774841, 10.1968641281, 0.148107990623, -3.30142521858, -8.52199649811], [-153.435928345, 8.17002010345, -7.64827728271, 50.3886756897, 15.2567958832, 11.7054758072, 3.46360421181, 43.2270774841, 86.8059310913, 62.8518867493, 10.2121210098, -29.2588443756, -25.0721054077], [-617.393493652, 234.375442505, -41.1220550537, 151.854934692, 13.5634469986, 36.1432342529, -12.6803922653, 10.1968641281, 62.8518867493, 175.160812378, 69.695930481, -42.9677963257, -33.1899681091], [-244.365493774, 112.083625793, -18.6189689636, 63.1021957397, 5.49855089188, 27.191368103, 6.37492418289, 0.148107990623, 10.2121210098, 69.695930481, 71.3213653564, 8.45589256287, -5.03863239288], [181.825073242, -47.8453407288, -2.55019569397, -36.3785514832, 1.31472194195, 10.1060686111, 33.5909996033, -3.30142521858, -29.2588443756, -42.9677963257, 8.45589256287, 78.0877227783, 30.661151886], [95.8326950073, -14.069562912, 9.29511833191, -9.27718734741, 12.5104026794, 4.22141456604, 15.8798351288, -8.52199649811, -25.0721054077, -33.1899681091, -5.03863239288, 30.661151886, 64.7710723877]]
        icov: [[0.00156772066839, 0.0013584154658, -0.000750020728447, 0.000671881018206, 0.000617610232439, 0.000863930268679, -0.00102942856029, -0.000518819200806, 0.00020003040845, 0.00250759976916, -0.000244114082307, -0.000694796268363, -0.000139785799547], [0.0013584154658, 0.00356285343878, 0.000713629589882, -0.000841092143673, 0.000103731370473, 0.000406543986173, -0.000730570231099, 0.00045662120101, 0.00223319767974, 0.000105855433503, -0.000571656739339, 5.0927457778e-05, -0.000416047987528], [-0.000750020728447, 0.000713629589882, 0.00489610573277, -0.000776823202614, -0.00375790405087, 0.00300774234347, 0.0015575325815, 0.00113891705405, 0.000602242769673, -0.0016884827055, -0.00124460074585, 0.000561844091862, -0.000246256007813], [0.000671881018206, -0.000841092143673, -0.000776823202614, 0.0103559214622, -0.00185046729166, 0.0015138881281, -0.00203026342206, -0.00161870976444, 0.000224049290409, -0.00593060487881, -0.000565739057492, 0.0012778112432, -0.00263962638564], [0.000617610232439, 0.000103731370473, -0.00375790405087, -0.00185046729166, 0.0174237210304, -0.0063148541376, -0.00346413557418, 0.00127826922107, -0.00357906101272, 0.00272971088998, 0.00153227394912, 0.000803761766292, -0.00280126417056], [0.000863930268679, 0.000406543986173, 0.00300774234347, 0.0015138881281, -0.0063148541376, 0.0163714904338, -0.00465650297701, -0.00281601701863, 0.00219108792953, -0.000889157992788, -0.00297576794401, -0.000378224649467, -0.000140827833093], [-0.00102942856029, -0.000730570231099, 0.0015575325815, -0.00203026342206, -0.00346413557418, -0.00465650297701, 0.0138486493379, -0.00317491241731, -0.000112871144665, 0.000862217508256, 0.000326047942508, -0.00413213903084, 0.000389239547076], [-0.000518819200806, 0.00045662120101, 0.00113891705405, -0.00161870976444, 0.00127826922107, -0.00281601701863, -0.00317491241731, 0.0183900892735, -0.0102152824402, 0.002665290609, -0.000730694097001, 0.000734464789275, 0.000613162177615], [0.00020003040845, 0.00223319767974, 0.000602242769673, 0.000224049290409, -0.00357906101272, 0.00219108792953, -0.000112871144665, -0.0102152824402, 0.0270227529109, -0.012602196075, 0.00502108223736, 0.00195383606479, 0.00283519225195], [0.00250759976916, 0.000105855433503, -0.0016884827055, -0.00593060487881, 0.00272971088998, -0.000889157992788, 0.000862217508256, 0.002665290609, -0.012602196075, 0.0317025482655, -0.0161712225527, 0.00434682331979, 0.00342689361423], [-0.000244114082307, -0.000571656739339, -0.00124460074585, -0.000565739057492, 0.00153227394912, -0.00297576794401, 0.000326047942508, -0.000730694097001, 0.00502108223736, -0.0161712225527, 0.0317135341465, -0.0108696036041, 0.00132611056324], [-0.000694796268363, 5.0927457778e-05, 0.000561844091862, 0.0012778112432, 0.000803761766292, -0.000378224649467, -0.00413213903084, 0.000734464789275, 0.00195383606479, 0.00434682331979, -0.0108696036041, 0.024003027007, -0.00710378587246], [-0.000139785799547, -0.000416047987528, -0.000246256007813, -0.00263962638564, -0.00280126417056, -0.000140827833093, 0.000389239547076, 0.000613162177615, 0.00283519225195, 0.00342689361423, 0.00132611056324, -0.00710378587246, 0.022067591548]]
    spectral_contrast:
        mean: [-2.54604923811e-08, -1.3615979455e-08, 3.13480121861e-08, -1.76139366204e-07, 2.48873703868e-07, -5.33350430487e-08, 1.85295414212e-06, -1.2626736634e-06, 2.2819269816e-06, -2.41933730649e-06, -3.45609691976e-07, -1.19209289551e-07]
        var: [0.000361438840628, 0.000749982544221, 0.00101290631574, 0.00259778113104, 0.00316106178798, 0.00366805726662, 0.0463684126735, 0.0561639629304, 0.177867025137, 0.256541550159, 0.289353489876, 3.78826498985]

rhythm:
    beats_loudness:
        dmean: 0.00360434595495
        dmean2: 0.00666666962206
        dvar: 1.12977677418e-05
        dvar2: 4.11639775848e-05
        max: 0.0137645089999
        mean: 0.0044669220224
        min: 0.000591703690588
        var: 1.12905163405e-05
    beats_loudness_bass:
        dmean: 0.178260996938
        dmean2: 0.315997868776
        dvar: 0.0146787390113
        dvar2: 0.0468936786056
        max: 0.699252724648
        mean: 0.328004211187
        min: 0.0275042895228
        var: 0.0296271145344
    bpm: 100.487960815
    bpm_confidence: 0
    first_peak_bpm: 206
    first_peak_spread: 0
    first_peak_weight: 0.740740716457
    onset_rate: 4.39784622192
    second_peak_bpm: 100
    second_peak_spread: 0
    second_peak_weight: 0.222222223878
    beats_position: [0.0407358966768, 0.332571953535, 0.624408006668, 0.916244029999, 1.20808005333, 1.49991619587, 1.7917522192, 2.08358812332, 2.37542414665, 2.66726016998, 2.95909619331, 3.25093245506, 3.54276847839, 3.83460450172, 4.12644052505, 4.4182767868, 4.71011257172, 5.00194883347, 5.29378461838, 5.58562088013, 5.87745666504, 6.19799804688, 6.79508495331, 7.39217185974, 7.98925876617, 8.58634567261, 9.18343257904, 9.78051948547]
    bpm_estimates: [100.55255127, 100.429412842, 100.481315613, 100.325737, 100.601364136, 100.466682434, 100.447242737, 100.446479797, 100.543640137, 100.585121155]
    bpm_intervals: [0.291836053133, 0.291836053133, 0.291836023331, 0.291836023331, 0.29183614254, 0.291836023331, 0.291835904121, 0.291836023331, 0.291836023331, 0.291836023331, 0.291836261749, 0.291836023331, 0.291836023331, 0.291836023331, 0.291836261749, 0.291835784912, 0.291836261749, 0.291835784912, 0.291836261749, 0.291835784912, 0.320541381836, 0.597086906433, 0.597086906433, 0.597086906433, 0.597086906433, 0.597086906433, 0.597086906433]
    onset_times: [0.0580498874187, 0.208979591727, 0.336689352989, 0.487619042397, 0.777868509293, 0.9287981987, 1.2190476656, 1.38158726692, 1.55573701859, 1.83437645435, 2.13623571396, 2.28716564178, 2.4497051239, 2.5890250206, 2.73995471001, 2.89088439941, 3.03020405769, 3.19274377823, 3.77324271202, 4.12154197693, 4.2492518425, 4.40018129349, 4.72526073456, 4.87619066238, 5.00390005112, 5.60761928558, 5.7701587677, 5.93269824982, 6.19972801208, 6.5015873909, 6.65251684189, 6.96598625183, 7.0936961174, 7.39555549622, 7.69741487503, 7.99927425385, 8.16181373596, 8.31274414062, 8.59138298035, 8.893242836, 9.35764217377, 9.50857162476, 9.79882049561, 9.94975090027]
    rubato_start: [6.79508495331]
    rubato_stop: [9.78051948547]
    perceptual_tempo: "unknown"

sfx:
    inharmonicity:
        dmean: 0.0496031045914
        dmean2: 0.0876452326775
        dvar: 0.00302341836505
        dvar2: 0.00848547648638
        max: 0.356248021126
        mean: 0.052521944046
        min: 0
        var: 0.00325097795576
    oddtoevenharmonicenergyratio:
        dmean: 2.38787102699
        dmean2: 4.51512813568
        dvar: 60.4781036377
        dvar2: 178.415328979
        max: 101.224617004
        mean: 1.79206359386
        min: 0
        var: 37.0581703186
    pitch_after_max_to_before_max_energy_ratio: 1.53077375889
    pitch_centroid: 178.450836182
    pitch_max_to_total: 0.298368304968
    pitch_min_to_total: 0.696969687939
    tristimulus:
        dmean: [0.215057998896, 0.230224534869, 0.140346929431]
        dmean2: [0.380433231592, 0.412379026413, 0.245293140411]
        dvar: [0.0318261682987, 0.0430567190051, 0.0144508220255]
        dvar2: [0.0802188366652, 0.107470966876, 0.0413354486227]
        max: [1, 0.975873947144, 0.60398209095]
        mean: [0.384549677372, 0.418569654226, 0.166987523437]
        min: [0.0120489122346, 0, 0]
        var: [0.0499335154891, 0.0555313900113, 0.0211226195097]

tonal:
    chords_changes_rate: 0.0231481473893
    chords_number_rate: 0.0231481473893
    chords_strength:
        dmean: 0.00959886331111
        dmean2: 0.00922131352127
        dvar: 5.16071595484e-05
        dvar2: 7.26803264115e-05
        max: 0.685498178005
        mean: 0.515715122223
        min: 0.350600242615
        var: 0.00768895680085
    key_strength: 0.755383312702
    tuning_diatonic_strength: 0.568408608437
    tuning_equal_tempered_deviation: 0.0881964936852
    tuning_frequency: 439.491973877
    tuning_nontempered_energy_ratio: 0.701504528522
    hpcp:
        dmean: [0.132453635335, 0.124364092946, 0.0963282808661, 0.109316945076, 0.120943687856, 0.0987427383661, 0.0975379943848, 0.106247931719, 0.151681214571, 0.180639311671, 0.170306637883, 0.154207766056, 0.130319997668, 0.126753643155, 0.157084643841, 0.194569408894, 0.226925551891, 0.214865878224, 0.152463719249, 0.139996692538, 0.153582215309, 0.134780824184, 0.0815112814307, 0.103027053177, 0.137084662914, 0.101597882807, 0.0775028467178, 0.0674701035023, 0.0876955986023, 0.159758254886, 0.200546994805, 0.153167724609, 0.12255833298, 0.11313918978, 0.0904500707984, 0.110664315522]
        dmean2: [0.233048126101, 0.211698517203, 0.168028429151, 0.196250557899, 0.216230452061, 0.175728484988, 0.168834611773, 0.187487840652, 0.260734140873, 0.30329978466, 0.290993332863, 0.280797123909, 0.236686348915, 0.235535591841, 0.271674335003, 0.322666883469, 0.390442430973, 0.3769351542, 0.265521079302, 0.235357403755, 0.280998677015, 0.247949436307, 0.146419018507, 0.180738627911, 0.241035714746, 0.173498496413, 0.138022780418, 0.118083164096, 0.158234164119, 0.281497001648, 0.3391456604, 0.264911204576, 0.222449079156, 0.191329076886, 0.155058845878, 0.195594936609]
        dvar: [0.0302025247365, 0.0219183582813, 0.0108795808628, 0.0210105739534, 0.0392863824964, 0.0299364384264, 0.0333681702614, 0.0265348106623, 0.0391195043921, 0.0448197163641, 0.0346621498466, 0.0481867156923, 0.0419521741569, 0.0554774142802, 0.0408687144518, 0.0450062826276, 0.0602967366576, 0.0691179633141, 0.0490308590233, 0.0452509559691, 0.0571383051574, 0.0581036061049, 0.0176546853036, 0.0289618317038, 0.0438709259033, 0.0190284624696, 0.0171702224761, 0.0107862185687, 0.0193395186216, 0.0292100328952, 0.0520603358746, 0.0244072973728, 0.0299647189677, 0.0298993159086, 0.0214895363897, 0.0323728397489]
        dvar2: [0.0730057358742, 0.0569163747132, 0.0300634950399, 0.0568622425199, 0.110010243952, 0.0747079476714, 0.0905923694372, 0.0674115866423, 0.106221027672, 0.10722412914, 0.100494123995, 0.1355727911, 0.110295511782, 0.156721025705, 0.1110676229, 0.0972372964025, 0.149500995874, 0.175597250462, 0.112575523555, 0.117159858346, 0.153977528214, 0.155938342214, 0.0489472672343, 0.073742762208, 0.119621276855, 0.0481977313757, 0.0490261428058, 0.0281846281141, 0.0537967011333, 0.0784894376993, 0.122421823442, 0.0657074153423, 0.0858193188906, 0.0835383608937, 0.0551773682237, 0.0917063131928]
        max: [1, 1, 0.757715046406, 0.941420078278, 1, 1, 1, 1, 1, 1, 1, 1, 1, 1, 1, 1, 1, 1, 1, 1, 1, 1, 0.688189089298, 1, 1, 1, 0.924932181835, 0.712334930897, 1, 1, 1, 1, 1, 1, 1, 1]
        mean: [0.17247878015, 0.1623159796, 0.133658960462, 0.14495421946, 0.133516952395, 0.118636667728, 0.112772591412, 0.117285497487, 0.256229817867, 0.354433625937, 0.245171293616, 0.162876501679, 0.137777879834, 0.115468755364, 0.222410485148, 0.384467154741, 0.340802818537, 0.277586579323, 0.287399113178, 0.188376888633, 0.14487747848, 0.141442552209, 0.0884046927094, 0.123688027263, 0.182385236025, 0.138932004571, 0.0930483713746, 0.0852169916034, 0.0908758342266, 0.251346319914, 0.386092752218, 0.242356806993, 0.142001464963, 0.154737249017, 0.133024200797, 0.138806596398]
        min: [0.0100382538512, 0.00521889375523, 0.00404951861128, 0.00322243594564, 0.0040423325263, 0.00493833282962, 0.00324590643868, 0.00173754431307, 0.00162414880469, 0.00113810552284, 0.00102557626087, 0.000726116879378, 0.000300028012134, 0.000397716881707, 0.00459308549762, 0.00749032106251, 0.00387926073745, 0.00331081612967, 0.000504395866301, 0.00220934976824, 0.00139448919799, 0.0014913987834, 0.00172247644514, 0.0020425976254, 0.00139774370473, 0.00169023603667, 0.000977238989435, 0.000675256655086, 0.000863521709107, 0.00532617000863, 0.00818161014467, 0.00384163600393, 0.000986188999377, 0.00150661368389, 0.00199781847186, 0.00552767608315]
        var: [0.0447667688131, 0.0323768891394, 0.0115578407422, 0.0209948569536, 0.0324534960091, 0.0295391753316, 0.0303071234375, 0.0282166078687, 0.0854771956801, 0.113467752934, 0.0458240099251, 0.0409269034863, 0.0370407141745, 0.03573923558, 0.0463509038091, 0.100883059204, 0.0842649042606, 0.0951493233442, 0.123569659889, 0.0610712990165, 0.04389250651, 0.0542613901198, 0.0140268243849, 0.0353565886617, 0.0707864761353, 0.0314730629325, 0.0136513551697, 0.0125929843634, 0.0164845902473, 0.0486552976072, 0.114133641124, 0.0426359027624, 0.0376103855669, 0.0564604774117, 0.0319063141942, 0.0307284556329]
    chords_histogram: [45.8333320618, 0, 23.6111106873, 0, 0, 1.38888883591, 0, 0, 0, 0, 6.48148155212, 0, 0, 0, 0, 0, 0, 0, 0, 0, 0, 0, 0, 22.6851844788]
    thpcp: [1, 0.62771654129, 0.367791056633, 0.40077739954, 0.344539493322, 0.359516203403, 0.446728885174, 0.420406699181, 0.346183538437, 0.375438839197, 0.345815747976, 0.307275056839, 0.292086780071, 0.303775459528, 0.663648366928, 0.918001234531, 0.635006189346, 0.421858489513, 0.356851756573, 0.299070000648, 0.576054573059, 0.995789647102, 0.88269674778, 0.718963444233, 0.744378447533, 0.487905800343, 0.375240087509, 0.366343438625, 0.228972688317, 0.320358335972, 0.472387105227, 0.359841018915, 0.241000041366, 0.220716372132, 0.235373064876, 0.650999844074]
    chords_key: "C"
    chords_scale: "minor"
    key_key: "C"
    key_scale: "minor"
    chords_progression: ["F", "F", "F", "Gm", "Gm", "Gm", "Gm", "Gm", "Gm", "Gm", "Gm", "Gm", "Gm", "Gm", "Gm", "Gm", "Gm", "Gm", "Gm", "Gm", "Gm", "Gm", "Gm", "Gm", "Gm", "Gm", "Gm", "Gm", "Gm", "Gm", "Gm", "Gm", "Gm", "Gm", "Gm", "Gm", "Gm", "Gm", "Gm", "Gm", "Gm", "Gm", "Gm", "Gm", "Gm", "Gm", "Gm", "Gm", "Gm", "Gm", "Gm", "Gm", "Gm", "Gm", "Cm", "Cm", "Cm", "Cm", "Cm", "Cm", "Cm", "Cm", "Cm", "Cm", "Cm", "Cm", "Cm", "Cm", "Cm", "Cm", "Cm", "Cm", "Cm", "Cm", "Cm", "Cm", "Cm", "Cm", "Cm", "Cm", "Cm", "Cm", "Cm", "Cm", "Cm", "Cm", "Cm", "Cm", "Cm", "Cm", "Cm", "Cm", "Cm", "Cm", "Cm", "Cm", "Cm", "Cm", "Cm", "Cm", "Cm", "Cm", "Cm", "Cm", "Cm", "Cm", "Cm", "Cm", "Cm", "Cm", "Cm", "Cm", "Cm", "Cm", "Cm", "Cm", "Cm", "Cm", "Cm", "Cm", "Cm", "Cm", "Cm", "Cm", "Cm", "Cm", "Cm", "Cm", "Cm", "Cm", "Cm", "Cm", "Cm", "Cm", "Cm", "Bm", "Bm", "Bm", "Bm", "Bm", "Bm", "Bm", "Bm", "Bm", "Bm", "Bm", "Bm", "Bm", "Bm", "Cm", "Cm", "Cm", "Cm", "Cm", "Cm", "Cm", "Cm", "Cm", "Cm", "Cm", "Cm", "Cm", "Cm", "Cm", "Cm", "Cm", "Cm", "G#", "G#", "G#", "G#", "G#", "G#", "G#", "G#", "G#", "G#", "G#", "G#", "G#", "G#", "G#", "G#", "G#", "G#", "G#", "G#", "G#", "G#", "G#", "G#", "G#", "G#", "G#", "G#", "G#", "G#", "G#", "G#", "G#", "G#", "G#", "G#", "G#", "G#", "G#", "G#", "G#", "G#", "G#", "G#", "G#", "G#", "G#", "G#", "G#"]
