
metadata:
    version:
        essentia: "1.2.2"
    audio_properties:
        analysis_sample_rate: 44100
        bitrate: 128
        channels: 2
        equal_loudness: 1
        length: 10.0310201645
        replay_gain: -14.2163944244
        downmix: "mix"
    tags:
        track: 18
        year: 0
        album: "Splitted by Mp3Splt v. 2.1"
        artist: "From 002.50 To 003.00"
        comment: "http://mp3splt.sf.net"
        genre: ""
        title: "02 God Knows.mp3"

highlevel:
    ballroom:
        all:
            ChaChaCha: 0.0653770267963
            Jive: 0.577516496181
            Quickstep: 0.0547615550458
            Rumba-American: 0.00419491762295
            Rumba-International: 0.0542463958263
            Rumba-Misc: 0.0142916450277
            Samba: 0.100433506072
            Tango: 0.00965433660895
            VienneseWaltz: 0.104890629649
            Waltz: 0.0146334972233
        probability: 0.577516496181
        value: "Jive"
    culture:
        all:
            non_western: 0.019262585789
            western: 0.980737388134
        probability: 0.980737388134
        value: "western"
    gender:
        all:
            female: 0.0154425464571
            male: 0.984557449818
        probability: 0.984557449818
        value: "male"
    genre_dortmund:
        all:
            alternative: 0.132948547602
            blues: 0.0510084964335
            electronic: 0.00987359695137
            folkcountry: 0.0382288694382
            funksoulrnb: 0.0132402572781
            jazz: 0.0399210639298
            pop: 0.0604470334947
            raphiphop: 0.00580130098388
            rock: 0.648530840874
        probability: 0.648530840874
        value: "rock"
    genre_electronica:
        all:
            ambient: 0.110160060227
            dnb: 0.548173129559
            house: 0.0116860410199
            techno: 0.00827219616622
            trance: 0.32170855999
        probability: 0.548173129559
        value: "dnb"
    genre_rosamerica:
        all:
            cla: 0.00270200334489
            dan: 0.00464740302414
            hip: 0.00187827122863
            jaz: 0.00287524075247
            pop: 0.0520842373371
            rhy: 0.00633077928796
            roc: 0.928739309311
            spe: 0.000742761942092
        probability: 0.928739309311
        value: "roc"
    genre_tzanetakis:
        all:
            blu: 0.00432800780982
            cla: 0.00561667792499
            cou: 0.171936571598
            dis: 0.0588627830148
            hip: 0.00459672417492
            jaz: 0.0363295786083
            met: 0.062620818615
            pop: 0.229537397623
            reg: 0.00845914706588
            roc: 0.417712301016
        probability: 0.417712301016
        value: "roc"
    live_studio:
        all:
            live: 0.228817164898
            studio: 0.771182835102
        probability: 0.771182835102
        value: "studio"
    mood:
        all:
            Cluster1: 0.369247794151
            Cluster2: 0.131534591317
            Cluster3: 0.114385575056
            Cluster4: 0.100553527474
            Cluster5: 0.284278541803
        probability: 0.369247794151
        value: "Cluster1"
    mood_acoustic:
        all:
            acoustic: 0.0146347526461
            not_acoustic: 0.985365271568
        probability: 0.985365271568
        value: "not_acoustic"
    mood_aggressive:
        all:
            aggressive: 0.753731250763
            not_aggressive: 0.246268779039
        probability: 0.753731250763
        value: "aggressive"
    mood_electronic:
        all:
            electronic: 0.114057570696
            not_electronic: 0.885942459106
        probability: 0.885942459106
        value: "not_electronic"
    mood_happy:
        all:
            happy: 0.931039988995
            not_happy: 0.0689600259066
        probability: 0.931039988995
        value: "happy"
    mood_party:
        all:
            not_party: 0.695954561234
            party: 0.304045438766
        probability: 0.695954561234
        value: "not_party"
    mood_relaxed:
        all:
            not_relaxed: 0.259623497725
            relaxed: 0.740376472473
        probability: 0.740376472473
        value: "relaxed"
    mood_sad:
        all:
            not_sad: 0.178274735808
            sad: 0.82172524929
        probability: 0.82172524929
        value: "sad"
    rhythm:
        all:
            fast: 0.891080081463
            medium: 0.0957369357347
            slow: 0.0131829949096
        probability: 0.891080081463
        value: "fast"
    speech_music:
        all:
            music: 0.259858697653
            speech: 0.74014133215
        probability: 0.74014133215
        value: "speech"
    timbre:
        all:
            bright: 0.800985455513
            dark: 0.199014529586
        probability: 0.800985455513
        value: "bright"
    voice_instrumental:
        all:
            instrumental: 0.11100359261
            voice: 0.888996422291
        probability: 0.888996422291
        value: "voice"

lowlevel:
    average_loudness: 0.976442217827
    barkbands_kurtosis:
        dmean: 0.624137699604
        dmean2: 1.02514564991
        dvar: 0.919195413589
        dvar2: 2.24428200722
        max: 7.70866012573
        mean: -0.714416861534
        min: -1.82728624344
        var: 1.95191979408
    barkbands_skewness:
        dmean: 0.388372838497
        dmean2: 0.607537686825
        dvar: 0.117633298039
        dvar2: 0.281816124916
        max: 2.88213300705
        mean: 0.476917624474
        min: -0.988814949989
        var: 0.487265586853
    barkbands_spread:
        dmean: 4.81641149521
        dmean2: 7.69906616211
        dvar: 21.123210907
        dvar2: 42.0962104797
        max: 63.945640564
        mean: 33.1699256897
        min: 10.4346179962
        var: 84.258972168
    dissonance:
        dmean: 0.0139248855412
        dmean2: 0.0227765832096
        dvar: 0.000232381586102
        dvar2: 0.000452222739113
        max: 0.497796297073
        mean: 0.466769635677
        min: 0.241938397288
        var: 0.000508026452735
    hfc:
        dmean: 1.96567058563
        dmean2: 2.75064587593
        dvar: 4.38338661194
        dvar2: 8.05770111084
        max: 22.3791770935
        mean: 7.36733722687
        min: 0.0376940518618
        var: 16.1639137268
    pitch:
        dmean: 529.747619629
        dmean2: 1021.39685059
        dvar: 1199406.375
        dvar2: 2993997.5
        max: 4900
        mean: 650.81237793
        min: 61.764705658
        var: 1233350.125
    pitch_instantaneous_confidence:
        dmean: 0.0845520198345
        dmean2: 0.135822966695
        dvar: 0.00544946873561
        dvar2: 0.0127281714231
        max: 0.849978864193
        mean: 0.39469692111
        min: 0.132382273674
        var: 0.0175226721913
    pitch_salience:
        dmean: 0.0593340881169
        dmean2: 0.0996369570494
        dvar: 0.00265503651462
        dvar2: 0.00695648044348
        max: 0.790874481201
        mean: 0.627806425095
        min: 0.366318881512
        var: 0.00579253444448
    silence_rate_20dB:
        dmean: 0
        dmean2: 0
        dvar: 0
        dvar2: 0
        max: 1
        mean: 1
        min: 1
        var: 0
    silence_rate_30dB:
        dmean: 0
        dmean2: 0
        dvar: 0
        dvar2: 0
        max: 1
        mean: 1
        min: 1
        var: 0
    silence_rate_60dB:
        dmean: 0.108796298504
        dmean2: 0.218097448349
        dvar: 0.0969598963857
        dvar2: 0.184452593327
        max: 1
        mean: 0.16397228837
        min: 0
        var: 0.137084886432
    spectral_centroid:
        dmean: 250.985519409
        dmean2: 377.843994141
        dvar: 61195.5117188
        dvar2: 124018.101562
        max: 3355.79248047
        mean: 1354.51159668
        min: 419.445343018
        var: 238318.875
    spectral_complexity:
        dmean: 3.39443159103
        dmean2: 5.20697689056
        dvar: 10.5776052475
        dvar2: 19.7595024109
        max: 40
        mean: 15.1643514633
        min: 0
        var: 46.9660453796
    spectral_crest:
        dmean: 2.10583090782
        dmean2: 3.49485659599
        dvar: 4.42462730408
        dvar2: 11.37774086
        max: 18.5033626556
        mean: 7.12406539917
        min: 2.70326471329
        var: 8.24722099304
    spectral_decrease:
        dmean: 3.26866034239e-10
        dmean2: 4.97478447326e-10
        dvar: 1.49425085327e-19
        dvar2: 3.56849541966e-19
        max: -1.25262144407e-11
        mean: -1.24641108545e-09
        min: -3.42701089728e-09
        var: 3.08882863358e-19
    spectral_energy:
        dmean: 0.00136748200748
        dmean2: 0.00205008871853
        dvar: 2.54133806266e-06
        dvar2: 5.91793332205e-06
        max: 0.0146516747773
        mean: 0.00537248142064
        min: 5.06957403559e-05
        var: 5.68118775846e-06
    spectral_energyband_high:
        dmean: 0.000153619839693
        dmean2: 0.000220138463192
        dvar: 4.99958616729e-08
        dvar2: 8.21839449827e-08
        max: 0.00290671712719
        mean: 0.000333364994731
        min: 6.9454944196e-07
        var: 1.23575489397e-07
    spectral_energyband_low:
        dmean: 0.000157808084623
        dmean2: 0.000264570611762
        dvar: 1.13922496325e-07
        dvar2: 3.04934644646e-07
        max: 0.00329495058395
        mean: 0.000342601415468
        min: 1.10933433461e-06
        var: 1.12847835965e-07
    spectral_energyband_middle_high:
        dmean: 0.000565119902603
        dmean2: 0.000813685241155
        dvar: 3.51944009935e-07
        dvar2: 7.23425159777e-07
        max: 0.00733055500314
        mean: 0.00206660758704
        min: 7.56887902753e-06
        var: 1.83314557489e-06
    spectral_energyband_middle_low:
        dmean: 0.000980390352197
        dmean2: 0.00161105266307
        dvar: 1.5280605794e-06
        dvar2: 3.99635791837e-06
        max: 0.00845837593079
        mean: 0.00262988987379
        min: 4.13229099649e-05
        var: 2.16527064367e-06
    spectral_flatness_db:
        dmean: 0.0147492419928
        dmean2: 0.0237624850124
        dvar: 0.00017778473557
        dvar2: 0.000384099024814
        max: 0.248344883323
        mean: 0.15827447176
        min: 0.0629949197173
        var: 0.0005238361191
    spectral_flux:
        dmean: 0.0101528484374
        dmean2: 0.0155485281721
        dvar: 0.000100310477137
        dvar2: 0.000202201554202
        max: 0.0923262089491
        mean: 0.0424293279648
        min: 0.00712009426206
        var: 0.000227695127251
    spectral_kurtosis:
        dmean: 1.10647821426
        dmean2: 1.75248229504
        dvar: 1.07300162315
        dvar2: 2.97825932503
        max: 10.3382444382
        mean: 3.88679981232
        min: -0.266436815262
        var: 2.73545575142
    spectral_rms:
        dmean: 0.000287238595774
        dmean2: 0.000420927506639
        dvar: 9.70297051595e-08
        dvar2: 1.95328311747e-07
        max: 0.00378078268841
        mean: 0.00223141373135
        min: 0.00022239437385
        var: 2.62245663407e-07
    spectral_rolloff:
        dmean: 440.556304932
        dmean2: 682.752563477
        dvar: 254353.25
        dvar2: 541081.6875
        max: 5555.56640625
        mean: 2766.11889648
        min: 322.998046875
        var: 862465.5
    spectral_skewness:
        dmean: 0.174699127674
        dmean2: 0.267753899097
        dvar: 0.0301399324089
        dvar2: 0.057305239141
        max: 2.68075489998
        mean: 1.40904152393
        min: 0.415292203426
        var: 0.113034278154
    spectral_spread:
        dmean: 420677.125
        dmean2: 579309.1875
        dvar: 347222704128
        dvar2: 457381937152
        max: 12198545
        mean: 4405488.5
        min: 2975405.5
        var: 1.04878564966e+12
    spectral_strongpeak:
        dmean: 0.256607413292
        dmean2: 0.438052803278
        dvar: 0.13586230576
        dvar2: 0.358502984047
        max: 3.46326565742
        mean: 0.471889942884
        min: 0.0286519788206
        var: 0.177724644542
    zerocrossingrate:
        dmean: 0.00857041217387
        dmean2: 0.0094703854993
        dvar: 6.76558411215e-05
        dvar2: 6.47405104246e-05
        max: 0.16845703125
        mean: 0.080897577107
        min: 0.02587890625
        var: 0.000502694863826
    barkbands:
        dmean: [1.96353141746e-07, 5.52499113837e-05, 0.000126220358652, 0.000347924680682, 0.000430789747043, 0.000208984012716, 0.0001752438111, 0.000183181080502, 0.000185588171007, 0.000121869059512, 6.56838674331e-05, 6.91643654136e-05, 3.65679261449e-05, 3.60128688044e-05, 8.778154006e-05, 0.000158936003572, 0.000179603128345, 0.000179952738108, 0.000112918067316, 0.000113716632768, 8.1074591435e-05, 3.34294600179e-05, 3.56998475581e-06, 1.10457312985e-06, 6.72798137202e-07, 2.75935203575e-08, 3.14619086339e-09]
        dmean2: [2.83544750346e-07, 9.77593736025e-05, 0.000213256775169, 0.000595968216658, 0.000725854886696, 0.000328410387738, 0.000273926620139, 0.000282456749119, 0.000300059095025, 0.000177618640009, 0.000107550913526, 0.00010448924877, 5.80070991418e-05, 5.73004363105e-05, 0.000140062780702, 0.000257790030446, 0.000289904070087, 0.000286703463644, 0.000172711181222, 0.000178962873179, 0.000120424643683, 4.81710412714e-05, 5.18972865393e-06, 1.5333993133e-06, 9.09782329472e-07, 3.8772423494e-08, 3.32294525229e-09]
        dvar: [7.97571752566e-13, 1.98578380406e-08, 6.20922051553e-08, 4.82032760374e-07, 4.23484465273e-07, 1.04233514264e-07, 1.31700332417e-07, 1.27629576241e-07, 2.08312712857e-07, 7.42074206528e-08, 3.2908250347e-08, 2.08333865714e-08, 4.18617096543e-09, 4.2181795834e-09, 1.32074733372e-08, 3.35539773744e-08, 5.30231183404e-08, 5.08074506911e-08, 1.93636005008e-08, 1.53409924764e-08, 1.61101301188e-08, 5.01052710433e-09, 5.20661187775e-11, 4.75381626425e-12, 2.6509304734e-12, 5.15107924983e-15, 3.6643051874e-15]
        dvar2: [1.10450743603e-12, 5.56199459822e-08, 1.71443943486e-07, 1.26444342641e-06, 1.18948901218e-06, 2.50597537388e-07, 3.34096057486e-07, 3.03442021732e-07, 4.92769629545e-07, 1.60696998819e-07, 8.32813071838e-08, 4.46455636904e-08, 9.70080016316e-09, 1.13624967213e-08, 3.38008803169e-08, 9.14112447958e-08, 1.39250943221e-07, 1.42187374763e-07, 4.66175613667e-08, 3.45708102145e-08, 2.91196435853e-08, 9.97344606901e-09, 7.91504708997e-11, 7.83665753817e-12, 4.5522943054e-12, 6.95202418514e-15, 3.67207375008e-15]
        max: [1.59177980095e-05, 0.00104585057124, 0.00260668015108, 0.00495737837628, 0.0045600249432, 0.00440216716379, 0.00531825562939, 0.00383388949558, 0.00426687812433, 0.00377763085999, 0.0018257497577, 0.00190124986693, 0.000751261948608, 0.00073525949847, 0.00126908975653, 0.00176373356953, 0.00190769694746, 0.00248182774521, 0.00153062131722, 0.000959019758739, 0.00176118605305, 0.000854120356962, 0.000105934603198, 3.35644108418e-05, 3.16654586641e-05, 1.22260291846e-06, 1.25842097987e-06]
        mean: [1.80914966563e-07, 0.000101787001768, 0.000240655921516, 0.000479537644424, 0.000792085716967, 0.00048285201774, 0.000351949391188, 0.000267149618594, 0.000230419173022, 0.000170689178049, 7.49632527004e-05, 0.000129285297589, 6.09547460044e-05, 6.46903499728e-05, 0.000159528106451, 0.000333852076437, 0.000332187890308, 0.000422045908635, 0.000223340393859, 0.000235896397498, 0.000150990206748, 5.6884415244e-05, 6.82631844029e-06, 2.31629496739e-06, 1.36065773404e-06, 5.41719167302e-08, 3.1365245956e-09]
        min: [5.72684157041e-11, 2.61157531156e-08, 5.11772725531e-07, 3.5961472804e-06, 4.4110406634e-06, 1.41430996337e-06, 2.8293362675e-07, 1.04533251033e-06, 6.45833324597e-07, 1.66840050042e-06, 3.7108475226e-07, 1.66342402963e-07, 3.38752172979e-08, 2.62034916432e-07, 1.56634712312e-07, 1.49784216319e-06, 1.79712003501e-07, 6.20232412984e-07, 5.09722156039e-07, 1.83522644193e-07, 2.91588804657e-07, 1.58777865522e-07, 4.83492321735e-08, 9.25742504876e-09, 6.08010264358e-09, 4.54982385101e-10, 4.93917569604e-13]
        var: [7.93729665327e-13, 1.64332636388e-08, 7.02576627987e-08, 4.46200687065e-07, 5.19022648859e-07, 1.95165497985e-07, 4.2392767341e-07, 1.9716225097e-07, 2.36961199107e-07, 1.54106359673e-07, 3.60417793388e-08, 8.42730329964e-08, 8.38557223659e-09, 6.76678313383e-09, 3.01797946634e-08, 8.09977507288e-08, 9.80836034614e-08, 1.46774652876e-07, 4.01743740497e-08, 3.19531316961e-08, 3.47335387119e-08, 9.523840383e-09, 1.58834931319e-10, 1.61520987557e-11, 8.29222975007e-12, 8.44625594915e-15, 3.65607456826e-15]
    mfcc:
        mean: [-699.123840332, 117.130805969, -45.3656921387, 64.5597229004, -7.72015762329, -6.69970083237, -11.9454030991, -8.4691028595, 2.96852397919, -11.9162969589, -8.28122711182, -4.51077222824, -4.34885406494]
        cov: [[1260.41503906, -269.878051758, -112.839256287, 1.01327776909, -93.3901290894, 80.8179168701, 65.1220779419, 67.4300689697, 35.9023551941, 53.3333511353, 96.3496170044, 33.0940895081, 42.8253517151], [-269.878051758, 578.429992676, -206.265640259, -85.2490768433, -40.5872116089, -72.9983596802, 82.4136581421, 24.3189258575, 6.51332139969, 6.12224149704, -25.1175441742, -14.0219621658, -21.8015079498], [-112.839256287, -206.265640259, 310.066619873, 26.9940071106, 19.1190834045, 36.5143623352, -45.6041412354, -1.56901490688, -8.72097587585, -20.5090351105, -21.0680103302, 14.9409303665, -6.13011455536], [1.01327776909, -85.2490768433, 26.9940071106, 189.904296875, 70.4904785156, -44.1263504028, -77.1110229492, -44.8105049133, -4.56031894684, 22.7562103271, 36.240032196, 38.3048362732, 32.1943092346], [-93.3901290894, -40.5872116089, 19.1190834045, 70.4904785156, 156.144775391, -0.844254136086, -38.5310668945, -28.2217884064, -18.0210189819, -0.00529936002567, -4.0739107132, 28.3566703796, 28.7406654358], [80.8179168701, -72.9983596802, 36.5143623352, -44.1263504028, -0.844254136086, 153.944122314, 70.8468322754, 10.2977991104, -12.6707525253, -26.6634368896, -28.1384620667, -16.1884460449, -8.12616062164], [65.1220779419, 82.4136581421, -45.6041412354, -77.1110229492, -38.5310668945, 70.8468322754, 133.953216553, 49.4627189636, 9.12124633789, -14.5710172653, -23.1777191162, -19.7435569763, -13.483499527], [67.4300689697, 24.3189258575, -1.56901490688, -44.8105049133, -28.2217884064, 10.2977991104, 49.4627189636, 85.0338363647, 35.2643013, 7.9732131958, -9.09377861023, 1.38700127602, 2.92135834694], [35.9023551941, 6.51332139969, -8.72097587585, -4.56031894684, -18.0210189819, -12.6707525253, 9.12124633789, 35.2643013, 71.0938034058, 28.1044540405, 9.39130020142, 1.06500101089, -3.57316184044], [53.3333511353, 6.12224149704, -20.5090351105, 22.7562103271, -0.00529936002567, -26.6634368896, -14.5710172653, 7.9732131958, 28.1044540405, 61.4902267456, 33.7677650452, 13.2508611679, 3.74230718613], [96.3496170044, -25.1175441742, -21.0680103302, 36.240032196, -4.0739107132, -28.1384620667, -23.1777191162, -9.09377861023, 9.39130020142, 33.7677650452, 74.9094467163, 33.7101364136, 16.3835277557], [33.0940895081, -14.0219621658, 14.9409303665, 38.3048362732, 28.3566703796, -16.1884460449, -19.7435569763, 1.38700127602, 1.06500101089, 13.2508611679, 33.7101364136, 82.3410949707, 47.6897392273], [42.8253517151, -21.8015079498, -6.13011455536, 32.1943092346, 28.7406654358, -8.12616062164, -13.483499527, 2.92135834694, -3.57316184044, 3.74230718613, 16.3835277557, 47.6897392273, 68.3741607666]]
        icov: [[0.001418971573, 0.00105546042323, 0.00107032328378, -0.000194167965674, 0.000895039993338, -0.000574599020183, -0.00049373152433, -0.00106301612686, 0.000404786260333, -0.000643848732579, -0.00108833832201, -0.000263509282377, -0.000360322766937], [0.00105546042323, 0.00396861461923, 0.00239727296866, 0.000645839550998, 0.00066571123898, 0.00222918763757, -0.00286877015606, -2.0771225536e-05, 0.000767243851442, -0.00123818218708, 0.00143886113074, -0.00199225521646, 0.00108809454832], [0.00107032328378, 0.00239727296866, 0.00597333814949, -0.000452834647149, 0.000986406812444, -0.00136670120992, 0.0017181847943, -0.00232967198826, 0.000682388257701, 0.000374857423594, 0.00181042950135, -0.00340240844525, 0.00265852292068], [-0.000194167965674, 0.000645839550998, -0.000452834647149, 0.00922353472561, -0.00281652063131, 0.00152977264952, 0.00138705805875, 0.00338277081028, -0.00106140039861, -0.00139216380194, -0.00143240415491, -0.000633248186205, -0.00175564992242], [0.000895039993338, 0.00066571123898, 0.000986406812444, -0.00281652063131, 0.00961661525071, -0.00161589018535, 0.00104698073119, 0.000403567915782, 0.001447891118, -0.00169284117874, 0.00308428518474, -0.00243864487857, -0.00184864457697], [-0.000574599020183, 0.00222918763757, -0.00136670120992, 0.00152977264952, -0.00161589018535, 0.0131160570309, -0.00895981211215, 0.00359593494795, 0.000718126539141, 0.000661049096379, 0.00250807055272, -6.36757758912e-05, -9.84108646662e-06], [-0.00049373152433, -0.00286877015606, 0.0017181847943, 0.00138705805875, 0.00104698073119, -0.00895981211215, 0.0193097442389, -0.00825587287545, 0.000216040702071, 0.00253381324001, -0.000509331235662, 0.000507676973939, 0.00119171931874], [-0.00106301612686, -2.0771225536e-05, -0.00232967198826, 0.00338277081028, 0.000403567915782, 0.00359593494795, -0.00825587287545, 0.0235501080751, -0.00930938031524, -0.00216404348612, 0.00448771659285, -0.00172809918877, -0.00375708309002], [0.000404786260333, 0.000767243851442, 0.000682388257701, -0.00106140039861, 0.001447891118, 0.000718126539141, 0.000216040702071, -0.00930938031524, 0.0224395804107, -0.00887638889253, 0.000495442247484, -6.55286567053e-05, 0.00205463264138], [-0.000643848732579, -0.00123818218708, 0.000374857423594, -0.00139216380194, -0.00169284117874, 0.000661049096379, 0.00253381324001, -0.00216404348612, -0.00887638889253, 0.0283329822123, -0.0105316080153, 0.000590587616898, 0.00217685569078], [-0.00108833832201, 0.00143886113074, 0.00181042950135, -0.00143240415491, 0.00308428518474, 0.00250807055272, -0.000509331235662, 0.00448771659285, 0.000495442247484, -0.0105316080153, 0.0267530307174, -0.0101410988718, 0.00195176294073], [-0.000263509282377, -0.00199225521646, -0.00340240844525, -0.000633248186205, -0.00243864487857, -6.36757758912e-05, 0.000507676973939, -0.00172809918877, -6.55286567053e-05, 0.000590587616898, -0.0101410988718, 0.0269420500845, -0.0156829953194], [-0.000360322766937, 0.00108809454832, 0.00265852292068, -0.00175564992242, -0.00184864457697, -9.84108646662e-06, 0.00119171931874, -0.00375708309002, 0.00205463264138, 0.00217685569078, 0.00195176294073, -0.0156829953194, 0.0278936363757]]
    spectral_contrast:
        mean: [1.69306687781e-07, -3.86990393508e-07, 1.66771414456e-07, -6.97457096521e-08, 1.36352525715e-07, -4.27380058454e-07, 2.88784167424e-06, -2.21261552724e-06, -2.30222940445e-06, 1.35241839416e-06, -1.0939246522e-06, 9.08142965272e-07]
        var: [0.000479464273667, 0.000729223946109, 0.00110932637472, 0.00268512940966, 0.00374739710242, 0.00463190302253, 0.040852997452, 0.108435973525, 0.124316252768, 0.223037928343, 0.355996370316, 0.845987558365]

rhythm:
    beats_loudness:
        dmean: 0.00216029281728
        dmean2: 0.00367820612155
        dvar: 2.27775694839e-06
        dvar2: 7.82963616075e-06
        max: 0.00860480125993
        mean: 0.00592919904739
        min: 0.00261069182307
        var: 2.8800805012e-06
    beats_loudness_bass:
        dmean: 0.0779276937246
        dmean2: 0.121403872967
        dvar: 0.00250226678327
        dvar2: 0.006628846284
        max: 0.275699526072
        mean: 0.129339471459
        min: 0.038945838809
        var: 0.00441947579384
    bpm: 120.632507324
    bpm_confidence: 0
    first_peak_bpm: 121
    first_peak_spread: 0
    first_peak_weight: 0.5
    onset_rate: 4.2867026329
    second_peak_bpm: 160
    second_peak_spread: 0
    second_peak_weight: 0.454545468092
    beats_position: [0.164088755846, 0.661482095718, 1.15887534618, 1.65626871586, 2.15366220474, 2.651055336, 3.14844870567, 3.64584207535, 4.14323568344, 4.6406288147, 5.13802194595, 5.63541555405, 5.99266767502, 6.36658000946, 6.74049186707, 7.11440372467, 7.48831558228, 7.86222791672, 8.23613929749, 8.61005115509, 8.9839630127, 9.35787582397, 9.73178672791]
    bpm_estimates: [119.84172821, 120.592399597, 121.463409424]
    bpm_intervals: [0.497393339872, 0.497393250465, 0.497393369675, 0.497393488884, 0.497393131256, 0.497393369675, 0.497393369675, 0.497393608093, 0.497393131256, 0.497393131256, 0.497393608093, 0.357252120972, 0.373912334442, 0.373911857605, 0.373911857605, 0.373911857605, 0.373912334442, 0.373911380768, 0.373911857605, 0.373911857605, 0.373912811279, 0.373910903931]
    onset_times: [0.0464399084449, 0.174149662256, 0.31346938014, 0.53405892849, 0.661768734455, 0.9287981987, 1.02167797089, 1.30031740665, 1.4164172411, 1.64861679077, 2.04335594177, 2.15945577621, 2.55419492722, 2.77478456497, 2.92571425438, 3.16952371597, 3.30884361267, 3.54104304314, 3.69197273254, 4.07510185242, 4.43501138687, 4.65560102463, 5.05034017563, 5.16644001007, 5.41024923325, 5.54956912994, 5.74693870544, 5.9094786644, 6.13006782532, 6.24616765976, 6.57124710083, 6.68734693527, 6.90793657303, 7.20979595184, 7.39555549622, 7.79029464722, 8.15020370483, 8.52172374725, 8.893242836, 9.21832180023, 9.42730140686, 9.65950107574, 10.0310201645]
    rubato_start: [5.99266767502]
    rubato_stop: [6.36658000946]
    perceptual_tempo: "unknown"

sfx:
    inharmonicity:
        dmean: 0.047147475183
        dmean2: 0.0828772857785
        dvar: 0.00348184118047
        dvar2: 0.009666018188
        max: 0.365151017904
        mean: 0.0516468733549
        min: 0
        var: 0.00306645524688
    oddtoevenharmonicenergyratio:
        dmean: 2.80860447884
        dmean2: 5.10456848145
        dvar: 102.784576416
        dvar2: 287.486785889
        max: 123.922744751
        mean: 2.05592465401
        min: 0
        var: 67.1179656982
    pitch_after_max_to_before_max_energy_ratio: 5.60191059113
    pitch_centroid: 218.108779907
    pitch_max_to_total: 0.275462955236
    pitch_min_to_total: 0.0115740736946
    tristimulus:
        dmean: [0.191427558661, 0.198120370507, 0.114182837307]
        dmean2: [0.331050336361, 0.33044680953, 0.200375333428]
        dvar: [0.0246677901596, 0.0268912501633, 0.0100958598778]
        dvar2: [0.0730524435639, 0.0761126205325, 0.0268755704165]
        max: [1, 0.927436292171, 0.716973125935]
        mean: [0.349797070026, 0.474044263363, 0.149515807629]
        min: [0.00213835574687, 0, 0]
        var: [0.0405924655497, 0.0447237975895, 0.0152919469401]

tonal:
    chords_changes_rate: 0.055299539119
    chords_number_rate: 0.0368663594127
    chords_strength:
        dmean: 0.0101046198979
        dmean2: 0.0111909909174
        dvar: 7.03445039107e-05
        dvar2: 8.00608468126e-05
        max: 0.70211994648
        mean: 0.506288230419
        min: 0.282590985298
        var: 0.00846798345447
    key_strength: 0.611709177494
    tuning_diatonic_strength: 0.42933678627
    tuning_equal_tempered_deviation: 0.0879582613707
    tuning_frequency: 439.491973877
    tuning_nontempered_energy_ratio: 0.7205119133
    hpcp:
        dmean: [0.130499303341, 0.136862188578, 0.126697435975, 0.117233738303, 0.111200600863, 0.157166302204, 0.206813395023, 0.184806749225, 0.14451444149, 0.134966000915, 0.111745975912, 0.109510906041, 0.118879176676, 0.0931361243129, 0.156176581979, 0.175179213285, 0.17734053731, 0.130126491189, 0.125595733523, 0.133686229587, 0.151703238487, 0.157027587295, 0.166776746511, 0.164172336459, 0.128029674292, 0.113350495696, 0.119056068361, 0.124913483858, 0.109622612596, 0.0998388007283, 0.0923739001155, 0.0821315795183, 0.0621320344508, 0.0745620876551, 0.0863629058003, 0.133123233914]
        dmean2: [0.219385877252, 0.234291255474, 0.211495310068, 0.203312933445, 0.186327651143, 0.266379147768, 0.364179611206, 0.320436805487, 0.242403075099, 0.238232344389, 0.195950746536, 0.191283494234, 0.211140111089, 0.155798152089, 0.26209551096, 0.30246219039, 0.308135956526, 0.232998386025, 0.21627061069, 0.226714447141, 0.258912950754, 0.259377211332, 0.276166528463, 0.292405456305, 0.223335534334, 0.194542467594, 0.211004048586, 0.210174709558, 0.189373791218, 0.161508798599, 0.159932598472, 0.142804935575, 0.106376096606, 0.128709346056, 0.150499731302, 0.228367075324]
        dvar: [0.0346488468349, 0.031227517873, 0.0319706872106, 0.039883185178, 0.0278865862638, 0.0415336936712, 0.0623407438397, 0.0448986813426, 0.0344558432698, 0.0342436246574, 0.0291902385652, 0.0273723956198, 0.0300703067333, 0.0116204572842, 0.0318061448634, 0.0557891801, 0.0487679056823, 0.0415543951094, 0.039924453944, 0.0407313294709, 0.0381836891174, 0.0448765493929, 0.0355421602726, 0.0524140559137, 0.0299338437617, 0.0266188271344, 0.0269014332443, 0.0244649741799, 0.0255413968116, 0.0253451857716, 0.0306037310511, 0.0191188678145, 0.0102708227932, 0.0218032673001, 0.0192090477794, 0.0429610349238]
        dvar2: [0.0788434520364, 0.0758996754885, 0.0801508501172, 0.0902704745531, 0.0644275099039, 0.112654000521, 0.145847469568, 0.117814034224, 0.0873096361756, 0.0898715630174, 0.082092396915, 0.0773828178644, 0.0855912491679, 0.0290856901556, 0.084148325026, 0.137768030167, 0.123771026731, 0.112073354423, 0.100910834968, 0.109476849437, 0.105359070003, 0.109804607928, 0.0956996381283, 0.150994032621, 0.0704741925001, 0.0636044442654, 0.0795369148254, 0.0587827712297, 0.0546178370714, 0.0657427608967, 0.0757943987846, 0.0525534488261, 0.0275447983295, 0.0589373782277, 0.0496856197715, 0.120968945324]
        max: [1, 1, 1, 1, 1, 1, 1, 1, 1, 1, 1, 1, 1, 1, 1, 1, 1, 1, 1, 1, 1, 1, 1, 1, 1, 0.940953195095, 1, 1, 1, 1, 1, 1, 0.854710280895, 1, 0.860216140747, 1]
        mean: [0.202944993973, 0.182229831815, 0.149303466082, 0.142164051533, 0.131585747004, 0.197692587972, 0.320386230946, 0.279784977436, 0.177396699786, 0.146033540368, 0.12239190191, 0.140771538019, 0.166310369968, 0.147177487612, 0.249047338963, 0.4135376513, 0.307696074247, 0.14773067832, 0.146759405732, 0.145472869277, 0.20272731781, 0.291081786156, 0.248732715845, 0.176907077432, 0.155466601253, 0.132342562079, 0.154975101352, 0.193876743317, 0.150363698602, 0.148380830884, 0.200413808227, 0.139414682984, 0.0799807161093, 0.0898492336273, 0.0905203223228, 0.142554447055]
        min: [0.00593192363158, 1.54642395955e-06, 0.000634883588646, 0.0015936678974, 0.00175610056613, 0.00571923376992, 0.00498622888699, 0.00819195620716, 0.00811095163226, 0.00691749621183, 0.00610678689554, 0.00659243809059, 0.00815003458411, 0.0078614987433, 0.00701306434348, 0.00482123484835, 0.00504232337698, 0.00624372530729, 0.00387346697971, 0.00229193456471, 0.00685665337369, 0.00314895063639, 0.00406449986622, 0.00720720039681, 0.00817935634404, 0.00697993533686, 0.00979581102729, 0.0106766754761, 0.00439849263057, 0.00350213819183, 0.00307419337332, 0.00318568362854, 0.00078226684127, 0.00248105521314, 0.00402635755017, 0.00487848324701]
        var: [0.073004335165, 0.0479647777975, 0.0435691736639, 0.0463598035276, 0.0333332940936, 0.0442802682519, 0.108265414834, 0.0759061872959, 0.042582783848, 0.0302221085876, 0.0232264436781, 0.0295748598874, 0.0403898656368, 0.0257765799761, 0.0531833134592, 0.146470144391, 0.0874064713717, 0.0341966301203, 0.0363098010421, 0.0375271886587, 0.0479590073228, 0.111399374902, 0.0705316662788, 0.0440249629319, 0.0356283336878, 0.0291495546699, 0.028722923249, 0.0470432601869, 0.0330239385366, 0.043387055397, 0.0952229723334, 0.0433065667748, 0.0105792032555, 0.0178263168782, 0.0173867437989, 0.0452003926039]
    chords_histogram: [16.5898609161, 7.37327194214, 21.6589870453, 0, 6.91244220734, 0, 5.99078321457, 0, 10.1382484436, 0, 0, 0, 0, 0, 0, 0, 0, 0.460829496384, 0, 2.7649769783, 0, 0, 0, 28.1105995178]
    thpcp: [1, 0.744058191776, 0.357236355543, 0.354887664318, 0.351776599884, 0.490226984024, 0.703882157803, 0.601475358009, 0.427789539099, 0.375943034887, 0.320025414228, 0.37475451827, 0.468824893236, 0.363603413105, 0.358808517456, 0.48463255167, 0.337126940489, 0.193406134844, 0.217269778252, 0.21889257431, 0.34471938014, 0.490753352642, 0.44066080451, 0.361039608717, 0.343775361776, 0.318195313215, 0.478052198887, 0.774744987488, 0.676564693451, 0.428973525763, 0.353132396936, 0.295963138342, 0.340408027172, 0.40216499567, 0.3558986485, 0.6022362113]
    chords_key: "E"
    chords_scale: "minor"
    key_key: "G"
    key_scale: "major"
    chords_progression: ["B", "B", "B", "B", "B", "B", "B", "B", "B", "B", "B", "B", "B", "B", "B", "B", "B", "B", "B", "B", "B", "B", "Bm", "Bm", "Bm", "Bm", "Bm", "Bm", "Bm", "Bm", "Bm", "Bm", "Bm", "Bm", "Bm", "Bm", "Bm", "Bm", "D", "D", "D", "D", "D", "D", "D", "D", "D", "D", "D", "D", "D", "D", "D", "D", "D", "D", "D", "D", "D", "D", "D", "D", "D", "D", "D", "D", "D", "D", "D", "D", "D", "D", "D", "D", "D", "D", "D", "D", "D", "D", "D", "D", "D", "D", "Dm", "Dm", "Dm", "Dm", "Dm", "Dm", "D", "A", "A", "A", "A", "A", "A", "A", "A", "A", "A", "A", "A", "A", "A", "A", "E", "E", "E", "E", "E", "E", "E", "E", "E", "E", "E", "E", "E", "Em", "Em", "Em", "Em", "Em", "Em", "Em", "Em", "Em", "Em", "Em", "Em", "Em", "G", "G", "G", "G", "G", "G", "G", "G", "G", "G", "G", "G", "G", "G", "G", "G", "G", "G", "G", "Gm", "G", "G", "G", "G", "G", "G", "G", "G", "G", "G", "G", "Em", "Em", "Em", "Em", "Em", "Em", "Em", "Em", "Em", "Em", "Em", "Em", "Em", "Em", "Em", "Em", "Em", "Em", "Em", "Em", "Em", "Em", "Em", "Em", "Em", "Em", "Em", "Em", "Em", "Em", "Em", "Em", "Em", "Em", "Em", "Em", "Em", "Em", "Em", "Em", "Em", "Em", "Em", "Em", "Em", "Em", "Em", "Em", "G", "G", "G", "G", "G", "G"]
