
metadata:
    version:
        essentia: "1.2.2"
    audio_properties:
        analysis_sample_rate: 44100
        bitrate: 128
        channels: 2
        equal_loudness: 1
        length: 10.0571432114
        replay_gain: -10.4430446625
        downmix: "mix"
    tags:
        track: 11
        year: 0
        album: "Splitted by Mp3Splt v. 2.1"
        artist: "From 001.40 To 001.50"
        comment: "http://mp3splt.sf.net"
        genre: ""
        title: "06 Strange.mp3"

highlevel:
    ballroom:
        all:
            ChaChaCha: 0.0386953726411
            Jive: 0.818182647228
            Quickstep: 0.0544266663492
            Rumba-American: 0.00192298716865
            Rumba-International: 0.00163175282069
            Rumba-Misc: 0.00177683634683
            Samba: 0.0480514355004
            Tango: 0.00221097678877
            VienneseWaltz: 0.0291901510209
            Waltz: 0.00391115481034
        probability: 0.818182647228
        value: "Jive"
    culture:
        all:
            non_western: 0.169156834483
            western: 0.830843150616
        probability: 0.830843150616
        value: "western"
    gender:
        all:
            female: 0.472766846418
            male: 0.527233183384
        probability: 0.527233183384
        value: "male"
    genre_dortmund:
        all:
            alternative: 0.085147023201
            blues: 0.00986941717565
            electronic: 0.0196320973337
            folkcountry: 0.0335355624557
            funksoulrnb: 0.0101739121601
            jazz: 0.00443016085774
            pop: 0.0605229958892
            raphiphop: 0.00622009905055
            rock: 0.770468711853
        probability: 0.770468711853
        value: "rock"
    genre_electronica:
        all:
            ambient: 0.304405510426
            dnb: 0.227474734187
            house: 0.00846455432475
            techno: 0.0146447969601
            trance: 0.445010393858
        probability: 0.445010393858
        value: "trance"
    genre_rosamerica:
        all:
            cla: 0.00699324859306
            dan: 0.00526857143268
            hip: 0.0090629607439
            jaz: 0.00505850883201
            pop: 0.0139641528949
            rhy: 0.00256681325845
            roc: 0.954370558262
            spe: 0.0027152125258
        probability: 0.954370558262
        value: "roc"
    genre_tzanetakis:
        all:
            blu: 0.0045805266127
            cla: 0.0159863401204
            cou: 0.10827884078
            dis: 0.0696782246232
            hip: 0.0120481709018
            jaz: 0.0535426810384
            met: 0.0462031811476
            pop: 0.505523443222
            reg: 0.0162272565067
            roc: 0.167931303382
        probability: 0.505523443222
        value: "pop"
    live_studio:
        all:
            live: 0.671137571335
            studio: 0.328862428665
        probability: 0.671137571335
        value: "live"
    mood:
        all:
            Cluster1: 0.327392458916
            Cluster2: 0.0782599002123
            Cluster3: 0.00802450440824
            Cluster4: 0.113614141941
            Cluster5: 0.472709000111
        probability: 0.472709000111
        value: "Cluster5"
    mood_acoustic:
        all:
            acoustic: 0.0247313063592
            not_acoustic: 0.975268721581
        probability: 0.975268721581
        value: "not_acoustic"
    mood_aggressive:
        all:
            aggressive: 0.922031104565
            not_aggressive: 0.0779689103365
        probability: 0.922031104565
        value: "aggressive"
    mood_electronic:
        all:
            electronic: 0.24649143219
            not_electronic: 0.75350856781
        probability: 0.75350856781
        value: "not_electronic"
    mood_happy:
        all:
            happy: 0.527370154858
            not_happy: 0.472629845142
        probability: 0.527370154858
        value: "happy"
    mood_party:
        all:
            not_party: 0.193114280701
            party: 0.806885719299
        probability: 0.806885719299
        value: "party"
    mood_relaxed:
        all:
            not_relaxed: 0.952531516552
            relaxed: 0.047468483448
        probability: 0.952531516552
        value: "not_relaxed"
    mood_sad:
        all:
            not_sad: 0.958673477173
            sad: 0.0413265042007
        probability: 0.958673477173
        value: "not_sad"
    rhythm:
        all:
            fast: 0.845122218132
            medium: 0.1523065418
            slow: 0.00257121305913
        probability: 0.845122218132
        value: "fast"
    speech_music:
        all:
            music: 0.998711466789
            speech: 0.00128854485229
        probability: 0.998711466789
        value: "music"
    timbre:
        all:
            bright: 0.0150006171316
            dark: 0.984999358654
        probability: 0.984999358654
        value: "dark"
    voice_instrumental:
        all:
            instrumental: 0.048069845885
            voice: 0.951930165291
        probability: 0.951930165291
        value: "voice"

lowlevel:
    average_loudness: 0.957070887089
    barkbands_kurtosis:
        dmean: 0.497946768999
        dmean2: 0.861224591732
        dvar: 0.308958649635
        dvar2: 0.818238437176
        max: 3.33947944641
        mean: -0.600830614567
        min: -1.68558418751
        var: 0.781470060349
    barkbands_skewness:
        dmean: 0.34275880456
        dmean2: 0.581782758236
        dvar: 0.100856795907
        dvar2: 0.259129554033
        max: 1.89494645596
        mean: -0.203228056431
        min: -1.88875961304
        var: 0.437548190355
    barkbands_spread:
        dmean: 4.23187828064
        dmean2: 7.08844852448
        dvar: 14.6710739136
        dvar2: 39.1221427917
        max: 45.810344696
        mean: 25.942029953
        min: 8.5161485672
        var: 52.8551902771
    dissonance:
        dmean: 0.013564334251
        dmean2: 0.0219715517014
        dvar: 0.000367263797671
        dvar2: 0.000470201601274
        max: 0.498057544231
        mean: 0.473350405693
        min: 0.0477706901729
        var: 0.000722299853805
    hfc:
        dmean: 2.38162326813
        dmean2: 3.98705291748
        dvar: 10.114235878
        dvar2: 27.3380489349
        max: 38.6165618896
        mean: 8.61770153046
        min: 0.00173072481994
        var: 26.9827804565
    pitch:
        dmean: 675.508911133
        dmean2: 1303.23913574
        dvar: 1292696
        dvar2: 3382052
        max: 4009.09082031
        mean: 1050.07250977
        min: 88.5542144775
        var: 1631157.5
    pitch_instantaneous_confidence:
        dmean: 0.0760933682323
        dmean2: 0.123072706163
        dvar: 0.00402011163533
        dvar2: 0.0109726525843
        max: 0.735585451126
        mean: 0.357069730759
        min: 0.141679108143
        var: 0.0152777954936
    pitch_salience:
        dmean: 0.053640820086
        dmean2: 0.088681012392
        dvar: 0.00285802106373
        dvar2: 0.0070533468388
        max: 0.969928622246
        mean: 0.66585868597
        min: 0.334423780441
        var: 0.00699064787477
    silence_rate_20dB:
        dmean: 0
        dmean2: 0
        dvar: 0
        dvar2: 0
        max: 1
        mean: 1
        min: 1
        var: 0
    silence_rate_30dB:
        dmean: 0
        dmean2: 0
        dvar: 0
        dvar2: 0
        max: 1
        mean: 1
        min: 1
        var: 0
    silence_rate_60dB:
        dmean: 0.133949190378
        dmean2: 0.266203701496
        dvar: 0.116006299853
        dvar2: 0.237005606294
        max: 1
        mean: 0.297235012054
        min: 0
        var: 0.208886340261
    spectral_centroid:
        dmean: 250.467422485
        dmean2: 415.942687988
        dvar: 59476.6757812
        dvar2: 157074.203125
        max: 3894.76220703
        mean: 1844.96936035
        min: 788.649963379
        var: 212822.390625
    spectral_complexity:
        dmean: 4.36890935898
        dmean2: 7.04418611526
        dvar: 17.1145153046
        dvar2: 43.5026626587
        max: 36
        mean: 16.9305553436
        min: 0
        var: 55.1339874268
    spectral_crest:
        dmean: 1.762378335
        dmean2: 2.95818066597
        dvar: 3.29976344109
        dvar2: 7.62164211273
        max: 18.9574508667
        mean: 6.44687080383
        min: 2.57775974274
        var: 7.64161252975
    spectral_decrease:
        dmean: 2.28142629788e-10
        dmean2: 3.68240854476e-10
        dvar: 5.93793929167e-20
        dvar2: 1.40915723269e-19
        max: -1.52780565976e-13
        mean: -1.02310082628e-09
        min: -3.77998654599e-09
        var: 3.1659164383e-19
    spectral_energy:
        dmean: 0.00105051544961
        dmean2: 0.00170166615862
        dvar: 1.36543872031e-06
        dvar2: 3.35089066539e-06
        max: 0.0177691783756
        mean: 0.00464307283983
        min: 7.33611670967e-07
        var: 6.48358945909e-06
    spectral_energyband_high:
        dmean: 0.000134352754685
        dmean2: 0.000224077142775
        dvar: 3.29928901976e-08
        dvar2: 8.82177317862e-08
        max: 0.00195896369405
        mean: 0.00032723415643
        min: 6.50234923683e-08
        var: 5.11210203058e-08
    spectral_energyband_low:
        dmean: 0.000109647022327
        dmean2: 0.000192760533537
        dvar: 2.06663326452e-08
        dvar2: 5.39695967916e-08
        max: 0.00123818742577
        mean: 0.000119700067444
        min: 2.21210827434e-09
        var: 2.07593622292e-08
    spectral_energyband_middle_high:
        dmean: 0.000720029172953
        dmean2: 0.00116228032857
        dvar: 7.96155859462e-07
        dvar2: 1.98502198145e-06
        max: 0.0152012268081
        mean: 0.00291559728794
        min: 5.89304818277e-07
        var: 5.17247462994e-06
    spectral_energyband_middle_low:
        dmean: 0.000478415342513
        dmean2: 0.000762942130677
        dvar: 2.99932565895e-07
        dvar2: 7.92707794517e-07
        max: 0.00531662395224
        mean: 0.00128053955268
        min: 7.66173116062e-08
        var: 8.06942750842e-07
    spectral_flatness_db:
        dmean: 0.0130558423698
        dmean2: 0.0206807032228
        dvar: 0.000118151154311
        dvar2: 0.000255408609519
        max: 0.216379284859
        mean: 0.148309037089
        min: 0.101832844317
        var: 0.000464822922368
    spectral_flux:
        dmean: 0.00601718574762
        dmean2: 0.00901957880706
        dvar: 4.17081355408e-05
        dvar2: 7.72066923673e-05
        max: 0.119470946491
        mean: 0.0409759692848
        min: 0.0213051009923
        var: 0.000181749288458
    spectral_kurtosis:
        dmean: 0.858312249184
        dmean2: 1.41673862934
        dvar: 0.606227517128
        dvar2: 1.70674526691
        max: 13.8643894196
        mean: 3.64970231056
        min: -0.810784578323
        var: 2.25689029694
    spectral_rms:
        dmean: 0.000238915963564
        dmean2: 0.000382744736271
        dvar: 6.62639294546e-08
        dvar2: 1.4210635868e-07
        max: 0.00416362611577
        mean: 0.0020602827426
        min: 2.67529194389e-05
        var: 2.85062895955e-07
    spectral_rolloff:
        dmean: 312.206390381
        dmean2: 507.132049561
        dvar: 125459.742188
        dvar2: 297900.21875
        max: 7407.421875
        mean: 3236.51049805
        min: 1033.59375
        var: 365000.375
    spectral_skewness:
        dmean: 0.142499998212
        dmean2: 0.240275338292
        dvar: 0.0178809929639
        dvar2: 0.0448804497719
        max: 3.11913895607
        mean: 1.47174465656
        min: 0.511957585812
        var: 0.0567823834717
    spectral_spread:
        dmean: 408260.875
        dmean2: 543042
        dvar: 164548542464
        dvar2: 264135196672
        max: 10668929
        mean: 4665038
        min: 2504673.5
        var: 1.2789972992e+12
    spectral_strongpeak:
        dmean: 0.388932257891
        dmean2: 0.646189332008
        dvar: 0.159653022885
        dvar2: 0.434052795172
        max: 4.5845041275
        mean: 0.829478681087
        min: 0.00150447862688
        var: 0.54861843586
    zerocrossingrate:
        dmean: 0.00732195284218
        dmean2: 0.00949877407402
        dvar: 4.58482827526e-05
        dvar2: 5.89274095546e-05
        max: 0.2060546875
        mean: 0.0996059849858
        min: 0.0068359375
        var: 0.000466185039841
    barkbands:
        dmean: [5.72971847745e-09, 2.45941573667e-05, 9.57706288318e-05, 8.72467717272e-05, 0.00011631790403, 0.000101413796074, 0.000120193959447, 0.000179329013918, 0.000123838486616, 0.000159026923939, 7.49163737055e-05, 6.81756719132e-05, 3.88032203773e-05, 0.000144902660395, 0.000161920354003, 0.000121601515275, 0.000134228801471, 0.000195191212697, 0.000262869580183, 0.000127266466734, 5.42778761883e-05, 2.74510875897e-05, 3.99696455133e-06, 4.34057892562e-06, 2.59019520854e-06, 4.85856865851e-08, 4.65122190763e-10]
        dmean2: [8.96047325227e-09, 4.29249848821e-05, 0.000166948098922, 0.000150584150106, 0.000201130038477, 0.00017297132581, 0.000185786557267, 0.000295107660349, 0.000191193597857, 0.00024578277953, 0.000109231194074, 0.000103122365545, 6.18811609456e-05, 0.00022228724265, 0.000247623567702, 0.000206204116694, 0.000227827506023, 0.000331614748575, 0.000472358748084, 0.000219626963371, 8.96980927791e-05, 4.73077780043e-05, 6.39714926365e-06, 5.85255838814e-06, 3.0926553336e-06, 6.56273115851e-08, 7.61888219181e-10]
        dvar: [3.49289811789e-15, 1.14763465398e-09, 1.79979604553e-08, 1.50889452044e-08, 2.41734916528e-08, 2.49969271948e-08, 3.87825522807e-08, 1.87247309213e-07, 3.69236374809e-08, 8.17864744818e-08, 2.29246861494e-08, 1.25602772627e-08, 2.4369024576e-09, 1.59521491128e-07, 2.27614805226e-07, 2.03283594402e-08, 1.77307750704e-08, 4.73665586753e-08, 2.1149089946e-07, 2.35507346957e-08, 4.39145120268e-09, 1.33984146e-09, 7.08207173461e-11, 4.70264993613e-10, 1.04514785715e-10, 9.18779856612e-15, 1.33481663955e-17]
        dvar2: [8.74869075703e-15, 3.0973579257e-09, 4.73099035503e-08, 4.23246859782e-08, 6.33379073633e-08, 7.07061644789e-08, 8.31859452433e-08, 5.04277068103e-07, 7.62118332887e-08, 1.55428352855e-07, 3.62367522655e-08, 2.65325290627e-08, 6.01181859849e-09, 3.69345144691e-07, 4.77807986954e-07, 5.94022466771e-08, 4.75185082394e-08, 1.30135546783e-07, 6.28280588444e-07, 6.54571792325e-08, 1.11019122784e-08, 3.48688677931e-09, 1.82072440458e-10, 9.67056212886e-10, 1.05157292596e-10, 1.82405190941e-14, 3.34866270065e-17]
        max: [8.72361738402e-07, 0.000284863286652, 0.0011822283268, 0.00107891880907, 0.00197253003716, 0.00155620917212, 0.00289727677591, 0.00501224165782, 0.00293960142881, 0.00365537079051, 0.00252823438495, 0.00190915015992, 0.000660866848193, 0.00708201993257, 0.00870207324624, 0.00121134589426, 0.001235224423, 0.00171989947557, 0.00384378130548, 0.0011433865875, 0.00060303445207, 0.000267462804914, 0.000174553671968, 0.000473003368825, 0.000263594643911, 1.50261723775e-06, 5.38695879015e-08]
        mean: [4.02097866115e-09, 2.63246238319e-05, 9.33727060328e-05, 9.27348810364e-05, 0.000188456717297, 0.000168120139278, 0.000237017869949, 0.000275061611319, 0.000245040806476, 0.000367073371308, 0.0001537004282, 0.000150921783643, 8.07582691777e-05, 0.000319432234392, 0.000352233328158, 0.000265462469542, 0.000331993738655, 0.000397798023187, 0.00043840779108, 0.000266650051344, 0.000127044550027, 4.16939983552e-05, 8.45755675982e-06, 9.18882051337e-06, 6.0311604102e-06, 9.16337867807e-08, 3.27349147788e-10]
        min: [8.20513275379e-12, 1.16149156959e-09, 6.28176399786e-10, 4.89192131248e-10, 7.58276830215e-10, 9.55077572584e-10, 4.06583477996e-09, 1.36992905908e-08, 4.73571972748e-08, 6.84794940753e-08, 5.04666886059e-08, 1.87111428573e-08, 1.6724802876e-08, 4.75237200703e-08, 3.36891829988e-08, 2.2270800315e-08, 7.50008410932e-08, 9.11520174895e-08, 1.46609849594e-07, 7.24426811871e-08, 1.06048458903e-08, 7.19432691199e-09, 1.88193904904e-09, 5.00822439076e-10, 2.13225007095e-10, 7.48397246952e-11, 2.34008342218e-13]
        var: [1.75399728718e-15, 1.16350951096e-09, 1.66256004519e-08, 1.34778872507e-08, 4.78261839021e-08, 4.82290118953e-08, 1.99642542498e-07, 3.74834229433e-07, 1.13715380223e-07, 3.75795707441e-07, 9.36396347129e-08, 6.60433840949e-08, 8.76906458558e-09, 4.35363546103e-07, 6.88477939548e-07, 4.63428904141e-08, 3.63139669446e-08, 7.60051364068e-08, 1.96303275857e-07, 3.37951568952e-08, 7.99150967623e-09, 1.53645707268e-09, 1.47279494156e-10, 1.26022070557e-09, 4.32919450288e-10, 2.73413985273e-14, 6.72320697277e-18]
    mfcc:
        mean: [-689.930053711, 92.7408676147, -61.6529960632, 37.3342056274, -12.7042131424, -12.7820072174, -3.01706385612, -7.52891111374, 3.66077613831, -4.66442918777, -3.17824888229, -6.98664903641, -6.74249362946]
        cov: [[1228.17041016, -258.817077637, 73.3227081299, -55.8569221497, 57.2592010498, -3.92384362221, 50.5327301025, -13.9952068329, -49.2005958557, -41.8069000244, -40.6856002808, -83.6917037964, -0.336087882519], [-258.817077637, 403.589630127, -101.156646729, -1.07763814926, -59.026424408, 64.8830718994, 11.2075719833, -23.7112026215, 57.8929710388, 14.2466430664, 23.5904560089, 17.8553504944, -30.8689956665], [73.3227081299, -101.156646729, 280.082214355, 67.4317550659, 33.3756103516, -57.6204605103, -46.3564071655, -8.21695137024, -34.683216095, -22.5102043152, 12.1530628204, 49.1647949219, 53.5333480835], [-55.8569221497, -1.07763814926, 67.4317550659, 207.540206909, 35.4314994812, -15.3059034348, -45.4853134155, -18.4583683014, -34.831615448, -10.8068819046, 26.9275913239, 33.261631012, 39.2639808655], [57.2592010498, -59.026424408, 33.3756103516, 35.4314994812, 129.098007202, -2.38208198547, 17.9699020386, 22.8448600769, -3.58729171753, 17.3792934418, 5.5592417717, 19.5153160095, 34.423286438], [-3.92384362221, 64.8830718994, -57.6204605103, -15.3059034348, -2.38208198547, 104.086616516, 44.5594444275, 13.4958105087, 44.8246765137, 15.0271968842, -2.14683365822, -38.4477424622, -55.5676765442], [50.5327301025, 11.2075719833, -46.3564071655, -45.4853134155, 17.9699020386, 44.5594444275, 74.3403015137, 36.5352706909, 32.7002182007, 20.7414207458, -7.56365442276, -22.1541595459, -22.9743175507], [-13.9952068329, -23.7112026215, -8.21695137024, -18.4583683014, 22.8448600769, 13.4958105087, 36.5352706909, 58.9748687744, 30.2784805298, 20.9757347107, -4.9985742569, -9.06365013123, -3.83083510399], [-49.2005958557, 57.8929710388, -34.683216095, -34.831615448, -3.58729171753, 44.8246765137, 32.7002182007, 30.2784805298, 74.5119781494, 33.5352134705, 0.496296584606, -21.4633407593, -38.9434890747], [-41.8069000244, 14.2466430664, -22.5102043152, -10.8068819046, 17.3792934418, 15.0271968842, 20.7414207458, 20.9757347107, 33.5352134705, 51.6257972717, 19.8235549927, 6.01365470886, -3.05528306961], [-40.6856002808, 23.5904560089, 12.1530628204, 26.9275913239, 5.5592417717, -2.14683365822, -7.56365442276, -4.9985742569, 0.496296584606, 19.8235549927, 58.5048027039, 46.498046875, 28.4842586517], [-83.6917037964, 17.8553504944, 49.1647949219, 33.261631012, 19.5153160095, -38.4477424622, -22.1541595459, -9.06365013123, -21.4633407593, 6.01365470886, 46.498046875, 102.275848389, 77.3756561279], [-0.336087882519, -30.8689956665, 53.5333480835, 39.2639808655, 34.423286438, -55.5676765442, -22.9743175507, -3.83083510399, -38.9434890747, -3.05528306961, 28.4842586517, 77.3756561279, 109.563095093]]
        icov: [[0.00123882992193, 0.000638949568383, -0.000402953650337, 0.000326649373164, -0.000401288969442, 7.55483051762e-05, -0.00185965327546, 0.00174902169965, -0.000102539292129, 0.000987044651993, -0.00090935168555, 0.00200437824242, -0.0010887949029], [0.000638949568383, 0.00448314333335, 0.00106476037763, -0.000710331776645, 0.00120703596622, -0.00135486747604, -0.00156962650362, 0.00408266531304, -0.00457092933357, 0.0017515841173, -5.31700679858e-05, -0.00198209634982, -0.000415639486164], [-0.000402953650337, 0.00106476037763, 0.00529143447056, -0.00110466300976, -0.000662373960949, 0.000979714212008, 0.00230052135885, -0.000877041951753, -0.00204260437749, 0.00243689655326, 0.000244627619395, -0.00293428753503, 0.000616505276412], [0.000326649373164, -0.000710331776645, -0.00110466300976, 0.0073096640408, -0.00247586052865, -0.00241115363315, 0.00472406391054, -0.00136541971005, 0.00320251705125, 0.000545197748579, -0.00322441919707, 0.00206121150404, -0.00124495045748], [-0.000401288969442, 0.00120703596622, -0.000662373960949, -0.00247586052865, 0.0116360420361, -0.00163969083223, -0.00303552136756, -0.00167469820008, 0.000973015557975, -0.00490024453029, 0.00337595306337, -0.00181767519098, -0.00301761738956], [7.55483051762e-05, -0.00135486747604, 0.000979714212008, -0.00241115363315, -0.00163969083223, 0.021531585604, -0.010906657204, 0.00395213766024, -0.00719729578122, 0.00416034460068, -0.00540724676102, 0.00314589869231, 0.00603237282485], [-0.00185965327546, -0.00156962650362, 0.00230052135885, 0.00472406391054, -0.00303552136756, -0.010906657204, 0.0346907004714, -0.0172089207917, 0.00328711746261, -0.00462022516876, 0.00247109076008, -0.00214395439252, 0.000740998599213], [0.00174902169965, 0.00408266531304, -0.000877041951753, -0.00136541971005, -0.00167469820008, 0.00395213766024, -0.0172089207917, 0.0371985211968, -0.0146458484232, -0.00133374519646, 0.00244723353535, 0.00335226673633, -0.00595045788214], [-0.000102539292129, -0.00457092933357, -0.00204260437749, 0.00320251705125, 0.000973015557975, -0.00719729578122, 0.00328711746261, -0.0146458484232, 0.0381360314786, -0.0175895951688, 0.00174160278402, -0.000369206594769, 0.00765604246408], [0.000987044651993, 0.0017515841173, 0.00243689655326, 0.000545197748579, -0.00490024453029, 0.00416034460068, -0.00462022516876, -0.00133374519646, -0.0175895951688, 0.0409708097577, -0.0160973779857, 0.00242818472907, -0.000894794473425], [-0.00090935168555, -5.31700679858e-05, 0.000244627619395, -0.00322441919707, 0.00337595306337, -0.00540724676102, 0.00247109076008, 0.00244723353535, 0.00174160278402, -0.0160973779857, 0.0373170040548, -0.0182965435088, 0.00120870873798], [0.00200437824242, -0.00198209634982, -0.00293428753503, 0.00206121150404, -0.00181767519098, 0.00314589869231, -0.00214395439252, 0.00335226673633, -0.000369206594769, 0.00242818472907, -0.0182965435088, 0.0363261066377, -0.0189840048552], [-0.0010887949029, -0.000415639486164, 0.000616505276412, -0.00124495045748, -0.00301761738956, 0.00603237282485, 0.000740998599213, -0.00595045788214, 0.00765604246408, -0.000894794473425, 0.00120870873798, -0.0189840048552, 0.0288955122232]]
    spectral_contrast:
        mean: [1.8743729413e-07, 1.78891539804e-07, 1.64826843729e-07, -5.4430628893e-08, -1.95405277736e-07, -5.98461014079e-08, -1.27991313548e-06, -1.63774802786e-06, 2.93470094448e-07, 1.4288557395e-06, -2.04752993227e-07, -2.84556995211e-06]
        var: [0.000330687005771, 0.000445712939836, 0.00108263024595, 0.00313284085132, 0.0044763837941, 0.00485462835059, 0.0368237234652, 0.0757508352399, 0.143608987331, 0.178177177906, 0.252817213535, 0.637725055218]

rhythm:
    beats_loudness:
        dmean: 0.00194729678333
        dmean2: 0.00283596129157
        dvar: 2.21265418077e-06
        dvar2: 3.86239935324e-06
        max: 0.0102869365364
        mean: 0.00431432621554
        min: 0.00190334650688
        var: 4.03117792303e-06
    beats_loudness_bass:
        dmean: 0.0673578903079
        dmean2: 0.118918925524
        dvar: 0.00225978624076
        dvar2: 0.00680492911488
        max: 0.172178655863
        mean: 0.0774910151958
        min: 0.0150313386694
        var: 0.00240449048579
    bpm: 88.4377441406
    bpm_confidence: 0
    first_peak_bpm: 88
    first_peak_spread: 0
    first_peak_weight: 0.5
    onset_rate: 3.57954549789
    second_peak_bpm: 118
    second_peak_spread: 0
    second_peak_weight: 0.5
    beats_position: [0.053645465523, 0.732089221478, 1.41053295135, 2.08897662163, 2.7674202919, 3.44586420059, 4.12430810928, 4.80275201797, 5.48119592667, 5.98770475388, 6.49617004395, 7.00463485718, 7.51310014725, 8.02156448364, 8.53002929688, 9.03849506378, 9.54695987701]
    bpm_estimates: [88.4748916626, 88.4099960327, 88.444152832, 88.5287094116, 88.3309783936]
    bpm_intervals: [0.678443729877, 0.678443729877, 0.678443670273, 0.678443670273, 0.678443908691, 0.678443908691, 0.678443908691, 0.678443908691, 0.506508827209, 0.50846529007, 0.508464813232, 0.50846529007, 0.508464336395, 0.508464813232, 0.508465766907, 0.508464813232]
    onset_times: [0.0580498874187, 0.18575963378, 0.371519267559, 0.53405892849, 0.696598649025, 1.2190476656, 1.39319729805, 1.71827661991, 1.89242625237, 2.24072551727, 2.40326523781, 2.57741498947, 2.91410422325, 3.08825397491, 3.25079369545, 3.66875290871, 3.92417240143, 4.446621418, 4.60916090012, 5.1780500412, 5.29414987564, 5.80498886108, 5.9675283432, 6.31582784653, 6.66412687302, 7.02403640747, 7.16335582733, 7.33750581741, 7.67419481277, 7.95283460617, 8.0224943161, 8.53333377838, 8.6958732605, 9.04417228699, 9.19510173798, 9.38086128235]
    rubato_start: [5.98770475388]
    rubato_stop: [6.49617004395]
    perceptual_tempo: "unknown"

sfx:
    inharmonicity:
        dmean: 0.0563473589718
        dmean2: 0.0992510393262
        dvar: 0.00313896592706
        dvar2: 0.00935757625848
        max: 0.369432359934
        mean: 0.0674893260002
        min: 0
        var: 0.00352899171412
    oddtoevenharmonicenergyratio:
        dmean: 2.58214521408
        dmean2: 4.86756324768
        dvar: 51.0164299011
        dvar2: 149.97668457
        max: 83.7309799194
        mean: 1.76210272312
        min: 0
        var: 28.341545105
    pitch_after_max_to_before_max_energy_ratio: 0.0301296729594
    pitch_centroid: 158.897567749
    pitch_max_to_total: 0.877314805984
    pitch_min_to_total: 0.458333343267
    tristimulus:
        dmean: [0.171596840024, 0.282551020384, 0.137382611632]
        dmean2: [0.305059105158, 0.508349716663, 0.238024756312]
        dvar: [0.0234504975379, 0.0556447394192, 0.0136747984216]
        dvar2: [0.0688493326306, 0.16752320528, 0.0333801545203]
        max: [1, 0.979017078876, 0.621823012829]
        mean: [0.278198629618, 0.484877347946, 0.161664575338]
        min: [0.00319890584797, 0, 0]
        var: [0.0319570228457, 0.0614299438894, 0.0199537742883]

tonal:
    chords_changes_rate: 0.175115212798
    chords_number_rate: 0.0414746552706
    chords_strength:
        dmean: 0.0125616779551
        dmean2: 0.0143218515441
        dvar: 8.3054525021e-05
        dvar2: 0.00013862416381
        max: 0.662261366844
        mean: 0.4809243083
        min: 0.339216053486
        var: 0.00633606826887
    key_strength: 0.651762723923
    tuning_diatonic_strength: 0.624056577682
    tuning_equal_tempered_deviation: 0.306529819965
    tuning_frequency: 431.692352295
    tuning_nontempered_energy_ratio: 0.91043651104
    hpcp:
        dmean: [0.135197147727, 0.122999638319, 0.132771804929, 0.126929029822, 0.145191043615, 0.155738040805, 0.134108126163, 0.102598413825, 0.093084782362, 0.110502049327, 0.156507655978, 0.163230448961, 0.177545800805, 0.170199304819, 0.155112266541, 0.153589427471, 0.128202646971, 0.12611977756, 0.103661119938, 0.112874522805, 0.117424018681, 0.110711686313, 0.119635403156, 0.107188634574, 0.108999334276, 0.150358781219, 0.171948462725, 0.154660955071, 0.142576724291, 0.167614147067, 0.170102477074, 0.189717888832, 0.193879112601, 0.196737825871, 0.174062594771, 0.156445845962]
        dmean2: [0.219083532691, 0.206024095416, 0.226324811578, 0.206503883004, 0.231795266271, 0.25746807456, 0.228942751884, 0.172451615334, 0.157443150878, 0.181706219912, 0.275687754154, 0.279371142387, 0.307974517345, 0.281928211451, 0.266043275595, 0.253649055958, 0.221688553691, 0.215723633766, 0.170289129019, 0.177163630724, 0.180873781443, 0.18170838058, 0.200353845954, 0.184490591288, 0.181273087859, 0.249129325151, 0.282759517431, 0.26383343339, 0.237241581082, 0.278296470642, 0.285447329283, 0.322119176388, 0.322825968266, 0.333978056908, 0.288496673107, 0.267664730549]
        dvar: [0.0271134357899, 0.0226522609591, 0.0293935853988, 0.0192147158086, 0.0258556809276, 0.0307124853134, 0.0250834096223, 0.0141441766173, 0.0148926693946, 0.015211911872, 0.0336197316647, 0.0291008595377, 0.0381591171026, 0.0279749855399, 0.031531020999, 0.0300151500851, 0.0227328874171, 0.0267329737544, 0.0168487690389, 0.0178338196129, 0.0208636429161, 0.0214304439723, 0.0188027694821, 0.0151599859819, 0.0151760810986, 0.0307249408215, 0.0352902524173, 0.0258188154548, 0.0331377722323, 0.042100071907, 0.0391526520252, 0.0401735790074, 0.0351418294013, 0.0339872539043, 0.0363901294768, 0.0375272072852]
        dvar2: [0.0750592797995, 0.0636581927538, 0.0798272490501, 0.0476896800101, 0.0636757835746, 0.0773907154799, 0.0624408647418, 0.0340540856123, 0.0428683198988, 0.041705634445, 0.0927716121078, 0.0720753893256, 0.103904590011, 0.0743893608451, 0.0793562754989, 0.0763437524438, 0.0601668916643, 0.0742538124323, 0.0426313281059, 0.0497089475393, 0.0481746532023, 0.0516162998974, 0.0488950833678, 0.0438923798501, 0.0408959276974, 0.0820589363575, 0.0839634984732, 0.0711239650846, 0.0898512005806, 0.10559951514, 0.0985959544778, 0.1075803563, 0.0857832804322, 0.0805240124464, 0.0803827568889, 0.0915858522058]
        max: [1, 1, 1, 1, 1, 1, 1, 1, 1, 0.94140958786, 1, 1, 1, 1, 1, 1, 0.923988103867, 1, 1, 0.805583119392, 1, 1, 1, 0.817045629025, 1, 1, 1, 1, 1, 1, 1, 1, 1, 1, 1, 1]
        mean: [0.197669282556, 0.185295969248, 0.216400519013, 0.272750884295, 0.309073388577, 0.289410293102, 0.222177445889, 0.171795964241, 0.160800307989, 0.185950383544, 0.285822361708, 0.448120981455, 0.430657595396, 0.298014491796, 0.264386773109, 0.239232614636, 0.206702023745, 0.189835101366, 0.179730221629, 0.183194577694, 0.190098062158, 0.189698204398, 0.18884472549, 0.175989583135, 0.176276832819, 0.27579420805, 0.324370294809, 0.235821947455, 0.217665523291, 0.268156349659, 0.286950170994, 0.344081401825, 0.438857495785, 0.409237205982, 0.298354923725, 0.232457771897]
        min: [0.0103211235255, 0.0066353129223, 0.00927103310823, 0.0083286492154, 0.0133260497823, 0.0144317084923, 0.0125770652667, 0.010438083671, 0.00871794298291, 0.00912808533758, 0.00896988343447, 0.0118012959138, 0.0168331377208, 0.0126420138404, 0.0142973102629, 0.0146006206051, 0.0162166487426, 0.0161903630942, 0.0196652412415, 0.00879840087146, 0.00664098095149, 0.0100844437256, 0.0118672633544, 0.00915498007089, 0.0171113274992, 0.0165521185845, 0.0136461155489, 0.010956033133, 0.00753476470709, 0.00893411505967, 0.0105964839458, 0.0160034056753, 0.0166846867651, 0.0156074156985, 0.0175224263221, 0.0107402186841]
        var: [0.0351220928133, 0.0294745676219, 0.0440576896071, 0.0653734654188, 0.0758138224483, 0.0681582167745, 0.044198602438, 0.0238475836813, 0.0209657922387, 0.028842266649, 0.059902947396, 0.123451128602, 0.118370451033, 0.0645867884159, 0.0583061277866, 0.0506156273186, 0.0360842049122, 0.0368042774498, 0.0272939279675, 0.0306981913745, 0.0420104600489, 0.0372180379927, 0.0298445783556, 0.0221476964653, 0.0229693558067, 0.0605944022536, 0.0903574973345, 0.0444291681051, 0.0508861616254, 0.0666552782059, 0.0637394785881, 0.0609429329634, 0.0915187597275, 0.0887418761849, 0.0616234280169, 0.0486418642104]
    chords_histogram: [6.45161294937, 0, 16.5898609161, 5.99078321457, 0.921658992767, 0, 0, 6.91244220734, 5.99078321457, 5.0691242218, 0, 0, 0, 0, 0, 0, 0, 0, 0, 0, 0, 14.2857141495, 1.84331798553, 35.9447021484]
    thpcp: [1, 0.96102976799, 0.665031313896, 0.589989721775, 0.533857226372, 0.461263895035, 0.423624664545, 0.401075214148, 0.408806085587, 0.424211472273, 0.423319160938, 0.421414613724, 0.392727822065, 0.393368840218, 0.61544585228, 0.723845362663, 0.526246190071, 0.485729366541, 0.598401665688, 0.640340864658, 0.767831504345, 0.979328155518, 0.913229286671, 0.665791034698, 0.518738865852, 0.441106945276, 0.41349542141, 0.482906460762, 0.608654558659, 0.689709722996, 0.645830690861, 0.495797902346, 0.383369594812, 0.358832359314, 0.414955765009, 0.637824118137]
    chords_key: "C#"
    chords_scale: "major"
    key_key: "F"
    key_scale: "minor"
    chords_progression: ["D#", "D#", "D#", "D#", "D#", "D#", "D#", "D#", "D#", "D#", "D#", "D#", "D#", "F#", "F#", "F#", "F#", "A#m", "F#", "A#m", "F#", "F#", "F#", "F#", "F#", "F#", "F#", "A#m", "F#", "F#", "Am", "Am", "Am", "Am", "Am", "Am", "Am", "Am", "Am", "Am", "Am", "Am", "Am", "C", "C", "C", "C", "C", "C", "Cm", "F#", "Cm", "F#", "F#", "F#", "F#", "F#", "Cm", "Cm", "Cm", "Cm", "Cm", "Cm", "Cm", "Cm", "Cm", "Cm", "Cm", "Cm", "Cm", "Cm", "Cm", "Cm", "Cm", "Cm", "F#", "F#", "F#", "F#", "F#", "F#", "F#", "F#", "F#", "Cm", "F#", "F#", "Cm", "Cm", "Cm", "Cm", "Cm", "Cm", "Cm", "Cm", "Cm", "Cm", "Cm", "Cm", "Cm", "Cm", "F", "F", "F", "F", "A#m", "F", "F", "F", "F", "F", "F", "F", "F", "F", "F", "F", "Cm", "Fm", "Fm", "C#", "Fm", "C#", "Fm", "Fm", "C#", "C#", "Fm", "C#", "C#", "C#", "C#", "C#", "Fm", "Fm", "Fm", "Fm", "Fm", "Fm", "Fm", "C#", "C#", "C#", "C#", "Fm", "C#", "C#", "C#", "C#", "C#", "C#", "C#", "C#", "C#", "C#", "C#", "C#", "C#", "C#", "C#", "C#", "C#", "C#", "C#", "C#", "C#", "C#", "C#", "C#", "C#", "C#", "C#", "C#", "C#", "C#", "C#", "C#", "C#", "C#", "C#", "C#", "C#", "C#", "C#", "C#", "C#", "C#", "C#", "C#", "C#", "C#", "C#", "C#", "C#", "C#", "C#", "C#", "C#", "C#", "C#", "C#", "C#", "C#", "C#", "C#", "C#", "C#", "C#", "C", "C", "C", "Gm", "Gm", "C", "C", "C#", "C#"]
