
metadata:
    version:
        essentia: "1.2.2"
    audio_properties:
        analysis_sample_rate: 44100
        bitrate: 128
        channels: 2
        equal_loudness: 1
        length: 10.1093873978
        replay_gain: -5.14961242676
        downmix: "mix"
    tags:
        track: 5
        year: 0
        album: "Splitted by Mp3Splt v. 2.1"
        artist: "From 000.40 To 000.50"
        comment: "http://mp3splt.sf.net"
        genre: ""
        title: "16 Biko.mp3"

highlevel:
    ballroom:
        all:
            ChaChaCha: 0.711126089096
            Jive: 0.0741788744926
            Quickstep: 0.00339462095872
            Rumba-American: 0.0263924784958
            Rumba-International: 0.0258334353566
            Rumba-Misc: 0.0559379793704
            Samba: 0.040595240891
            Tango: 0.0053436444141
            VienneseWaltz: 0.00875493884087
            Waltz: 0.0484427027404
        probability: 0.711126089096
        value: "ChaChaCha"
    culture:
        all:
            non_western: 0.859098136425
            western: 0.140901863575
        probability: 0.859098136425
        value: "non_western"
    gender:
        all:
            female: 0.708054304123
            male: 0.291945666075
        probability: 0.708054304123
        value: "female"
    genre_dortmund:
        all:
            alternative: 0.0332525745034
            blues: 0.0163844563067
            electronic: 0.493250638247
            folkcountry: 0.00457562506199
            funksoulrnb: 0.0717331841588
            jazz: 0.327825784683
            pop: 0.0184255540371
            raphiphop: 0.0156700983644
            rock: 0.0188821032643
        probability: 0.493250638247
        value: "electronic"
    genre_electronica:
        all:
            ambient: 0.871089935303
            dnb: 0.00190866948105
            house: 0.116355754435
            techno: 0.00859467033297
            trance: 0.00205096369609
        probability: 0.871089935303
        value: "ambient"
    genre_rosamerica:
        all:
            cla: 0.251104831696
            dan: 0.0576430000365
            hip: 0.0769549831748
            jaz: 0.324918627739
            pop: 0.0271762590855
            rhy: 0.189226612449
            roc: 0.0465380437672
            spe: 0.026437619701
        probability: 0.324918627739
        value: "jaz"
    genre_tzanetakis:
        all:
            blu: 0.321896344423
            cla: 0.209790125489
            cou: 0.0334965437651
            dis: 0.0257185921073
            hip: 0.0717593953013
            jaz: 0.11524425447
            met: 0.0204342696816
            pop: 0.0634098425508
            reg: 0.0964021831751
            roc: 0.0418484508991
        probability: 0.321896344423
        value: "blu"
    live_studio:
        all:
            live: 0.788185417652
            studio: 0.211814552546
        probability: 0.788185417652
        value: "live"
    mood:
        all:
            Cluster1: 0.322418928146
            Cluster2: 0.0844642817974
            Cluster3: 0.449238330126
            Cluster4: 0.11789521575
            Cluster5: 0.0259832590818
        probability: 0.449238330126
        value: "Cluster3"
    mood_acoustic:
        all:
            acoustic: 0.36913394928
            not_acoustic: 0.63086605072
        probability: 0.63086605072
        value: "not_acoustic"
    mood_aggressive:
        all:
            aggressive: 1.28797100842e-05
            not_aggressive: 0.999987125397
        probability: 0.999987125397
        value: "not_aggressive"
    mood_electronic:
        all:
            electronic: 0.730238258839
            not_electronic: 0.269761770964
        probability: 0.730238258839
        value: "electronic"
    mood_happy:
        all:
            happy: 0.0456694550812
            not_happy: 0.954330563545
        probability: 0.954330563545
        value: "not_happy"
    mood_party:
        all:
            not_party: 0.859769940376
            party: 0.140230074525
        probability: 0.859769940376
        value: "not_party"
    mood_relaxed:
        all:
            not_relaxed: 0.25962343812
            relaxed: 0.740376591682
        probability: 0.740376591682
        value: "relaxed"
    mood_sad:
        all:
            not_sad: 0.0956286936998
            sad: 0.904371321201
        probability: 0.904371321201
        value: "sad"
    rhythm:
        all:
            fast: 0.319971948862
            medium: 0.447950750589
            slow: 0.232077300549
        probability: 0.447950750589
        value: "medium"
    speech_music:
        all:
            music: 3.53151762056e-07
            speech: 0.999999642372
        probability: 0.999999642372
        value: "speech"
    timbre:
        all:
            bright: 0.267623633146
            dark: 0.732376396656
        probability: 0.732376396656
        value: "dark"
    voice_instrumental:
        all:
            instrumental: 0.994143307209
            voice: 0.00585667556152
        probability: 0.994143307209
        value: "instrumental"

lowlevel:
    average_loudness: 0.968753874302
    barkbands_kurtosis:
        dmean: 13.3471536636
        dmean2: 23.6543693542
        dvar: 1384.43566895
        dvar2: 3809.65161133
        max: 299.416778564
        mean: 13.549571991
        min: -1.77368783951
        var: 1103.06359863
    barkbands_skewness:
        dmean: 1.12407898903
        dmean2: 1.86601769924
        dvar: 3.45642757416
        dvar2: 8.93942260742
        max: 15.0152444839
        mean: 1.29925048351
        min: -4.31863117218
        var: 6.56873846054
    barkbands_spread:
        dmean: 2.49260902405
        dmean2: 3.85192322731
        dvar: 8.95616817474
        dvar2: 19.8466110229
        max: 42.8436775208
        mean: 7.94405651093
        min: 0.0688619315624
        var: 54.0937995911
    dissonance:
        dmean: 0.0669327452779
        dmean2: 0.114727146924
        dvar: 0.00373689294793
        dvar2: 0.00962478108704
        max: 0.49930241704
        mean: 0.376691430807
        min: 0.0844656974077
        var: 0.00793134700507
    hfc:
        dmean: 0.768407404423
        dmean2: 1.25162267685
        dvar: 7.25212049484
        dvar2: 16.9215946198
        max: 21.2176094055
        mean: 0.839195370674
        min: 0.00158716004808
        var: 5.96454238892
    pitch:
        dmean: 129.547134399
        dmean2: 244.092636108
        dvar: 68058.0625
        dvar2: 147419.6875
        max: 1297.05883789
        mean: 537.506958008
        min: 53.9779663086
        var: 168348.78125
    pitch_instantaneous_confidence:
        dmean: 0.109061099589
        dmean2: 0.17804376781
        dvar: 0.00950577668846
        dvar2: 0.0231264010072
        max: 0.983110010624
        mean: 0.601206123829
        min: 0.169944643974
        var: 0.0534720942378
    pitch_salience:
        dmean: 0.094955123961
        dmean2: 0.159744516015
        dvar: 0.00864951033145
        dvar2: 0.0212416481227
        max: 0.838518798351
        mean: 0.461190998554
        min: 0.0655348002911
        var: 0.0190323423594
    silence_rate_20dB:
        dmean: 0
        dmean2: 0
        dvar: 0
        dvar2: 0
        max: 1
        mean: 1
        min: 1
        var: 0
    silence_rate_30dB:
        dmean: 0
        dmean2: 0
        dvar: 0
        dvar2: 0
        max: 1
        mean: 1
        min: 1
        var: 0
    silence_rate_60dB:
        dmean: 0.0896551758051
        dmean2: 0.179723501205
        dvar: 0.0816169530153
        dvar2: 0.152031034231
        max: 1
        mean: 0.857798159122
        min: 0
        var: 0.121980652213
    spectral_centroid:
        dmean: 93.7952346802
        dmean2: 145.658187866
        dvar: 18976.0058594
        dvar2: 35587.0585938
        max: 1726.74609375
        mean: 568.95300293
        min: 117.67980957
        var: 163423.359375
    spectral_complexity:
        dmean: 0.722863733768
        dmean2: 1.21064817905
        dvar: 1.16568791866
        dvar2: 2.54590964317
        max: 8
        mean: 1.92396318913
        min: 0
        var: 3.11634373665
    spectral_crest:
        dmean: 2.9924557209
        dmean2: 4.77907133102
        dvar: 7.0434794426
        dvar2: 17.6899833679
        max: 26.8395080566
        mean: 15.0691366196
        min: 4.69131946564
        var: 31.5455131531
    spectral_decrease:
        dmean: 6.98338664673e-10
        dmean2: 1.11975573258e-09
        dvar: 7.13164601179e-18
        dvar2: 1.68719632496e-17
        max: -1.84058085613e-12
        mean: -6.61505794586e-10
        min: -2.05771861772e-08
        var: 5.55992426578e-18
    spectral_energy:
        dmean: 0.0027028543409
        dmean2: 0.004336994607
        dvar: 0.000106490624603
        dvar2: 0.000251767400187
        max: 0.0795874968171
        mean: 0.00257279188372
        min: 7.15138776286e-06
        var: 8.31356228446e-05
    spectral_energyband_high:
        dmean: 3.24019623577e-07
        dmean2: 4.46746554417e-07
        dvar: 1.23684905633e-12
        dvar2: 1.80576679911e-12
        max: 2.93284356303e-05
        mean: 5.55338601771e-07
        min: 1.69118608007e-09
        var: 6.437904463e-12
    spectral_energyband_low:
        dmean: 0.000251051445957
        dmean2: 0.000341928767739
        dvar: 5.27296265318e-07
        dvar2: 1.17793979371e-06
        max: 0.00689346995205
        mean: 0.000434349931311
        min: 1.70729492766e-08
        var: 1.00145075521e-06
    spectral_energyband_middle_high:
        dmean: 0.000129758715048
        dmean2: 0.000221662339754
        dvar: 4.33822542334e-08
        dvar2: 1.23224353388e-07
        max: 0.00184695213102
        mean: 0.000243399495957
        min: 5.7814663279e-08
        var: 1.00077812704e-07
    spectral_energyband_middle_low:
        dmean: 0.00245003052987
        dmean2: 0.00399737618864
        dvar: 0.000105881743366
        dvar2: 0.00025108011323
        max: 0.0787899568677
        mean: 0.00189442897681
        min: 2.68431722361e-06
        var: 8.14352315501e-05
    spectral_flatness_db:
        dmean: 0.0367242619395
        dmean2: 0.0612843297422
        dvar: 0.00225744280033
        dvar2: 0.00544687733054
        max: 0.694729506969
        mean: 0.352681696415
        min: 0.150702804327
        var: 0.0046614324674
    spectral_flux:
        dmean: 0.0137903755531
        dmean2: 0.0235499050468
        dvar: 0.00128012138885
        dvar2: 0.00319819408469
        max: 0.272396087646
        mean: 0.0223015639931
        min: 0.00115524732973
        var: 0.00163858151063
    spectral_kurtosis:
        dmean: 21.6083393097
        dmean2: 35.631061554
        dvar: 1216.0657959
        dvar2: 3383.37084961
        max: 362.031036377
        mean: 55.3718605042
        min: 1.17043399811
        var: 1857.93481445
    spectral_rms:
        dmean: 0.00044592510676
        dmean2: 0.000676527095493
        dvar: 1.37159918268e-06
        dvar2: 2.76672176369e-06
        max: 0.0088117159903
        mean: 0.000976482639089
        min: 8.35282189655e-05
        var: 1.55652287503e-06
    spectral_rolloff:
        dmean: 162.269500732
        dmean2: 287.158752441
        dvar: 108179.484375
        dvar2: 245727.90625
        max: 3596.04492188
        mean: 809.530700684
        min: 129.19921875
        var: 414217.625
    spectral_skewness:
        dmean: 1.16487884521
        dmean2: 1.88616001606
        dvar: 1.59617853165
        dvar2: 4.30348300934
        max: 15.5206327438
        mean: 5.15728998184
        min: 0.697849333286
        var: 5.78854942322
    spectral_spread:
        dmean: 464826.125
        dmean2: 726551.5625
        dvar: 1.03210411622e+12
        dvar2: 1.14816371917e+12
        max: 26814810
        mean: 1602912.625
        min: 232613.453125
        var: 2.17851769651e+12
    spectral_strongpeak:
        dmean: 0.160078436136
        dmean2: 0.258015662432
        dvar: 0.0586200244725
        dvar2: 0.144088625908
        max: 1.63972389698
        mean: 0.279049247503
        min: 0.00258697150275
        var: 0.11043292284
    zerocrossingrate:
        dmean: 0.00391978211701
        dmean2: 0.004803692922
        dvar: 2.36148480326e-05
        dvar2: 2.50354732998e-05
        max: 0.095703125
        mean: 0.0308967269957
        min: 0.00244140625
        var: 0.000395252398448
    barkbands:
        dmean: [4.17042087975e-07, 7.25485951989e-05, 0.000191849903786, 6.51568043395e-05, 0.00222366722301, 0.000110246532131, 5.88144976064e-05, 2.08922247111e-05, 0.000124972240883, 4.07023180742e-05, 8.91770687304e-05, 2.03338859137e-05, 9.71849658526e-06, 1.88445301319e-06, 1.37316897053e-06, 1.39938674693e-06, 1.57499312081e-06, 2.37779227064e-06, 1.90684113477e-06, 5.71850080178e-07, 1.05592803834e-07, 7.22001018971e-08, 5.91791193827e-09, 5.80286174667e-09, 6.20959816899e-09, 3.4263289983e-09, 3.64468477621e-09]
        dmean2: [5.32831222699e-07, 0.000118360294437, 0.000262510264292, 0.000115611306683, 0.00364963733591, 0.000213437524508, 0.000112453351903, 3.86959400203e-05, 0.000238998109126, 7.48967795516e-05, 0.000147003302118, 3.56835735147e-05, 1.74790220626e-05, 3.49446918335e-06, 2.47963862421e-06, 2.41872430706e-06, 2.85858027382e-06, 4.0104632717e-06, 3.33563843924e-06, 9.63790171227e-07, 1.73182996832e-07, 1.25961705066e-07, 9.04818620029e-09, 7.99941091145e-09, 9.3395273737e-09, 5.30120258802e-09, 5.6402167381e-09]
        dvar: [1.15909009821e-11, 5.3408012235e-08, 3.28226605006e-07, 3.39795143134e-08, 9.52747359406e-05, 2.01239942044e-07, 4.54784476744e-08, 4.89047558005e-09, 3.72866139742e-07, 1.6285790494e-08, 3.52413387361e-08, 1.80743364719e-09, 7.16619708019e-10, 4.4466999527e-11, 1.61204816856e-11, 1.23166234156e-11, 1.72953647931e-11, 1.3107567115e-11, 1.96804048752e-11, 2.01205198336e-12, 1.49552123615e-13, 1.73511405981e-13, 2.98103970775e-15, 2.82153281587e-15, 2.77548937541e-15, 2.40517482944e-15, 2.74160784576e-15]
        dvar2: [2.92435554938e-11, 1.33321080398e-07, 7.54438190143e-07, 9.70857030325e-08, 0.000230941572227, 5.92178537318e-07, 1.30460406922e-07, 1.41185703129e-08, 1.08758604256e-06, 4.73200749695e-08, 9.95174289642e-08, 5.42029354733e-09, 2.17935869351e-09, 1.30074492843e-10, 4.60908256006e-11, 3.3028059454e-11, 4.98277565042e-11, 3.48370915448e-11, 6.22237955605e-11, 5.43886680485e-12, 3.27354761137e-13, 4.60668450001e-13, 7.54535763568e-15, 7.09911399753e-15, 7.04889341409e-15, 6.17712329312e-15, 7.04145646481e-15]
        max: [5.1936305681e-05, 0.00229223282076, 0.00539747439325, 0.00173692032695, 0.0735313072801, 0.00302855041809, 0.0013142261887, 0.000684296886902, 0.00394120439887, 0.00082646048395, 0.00179950275924, 0.000488175021019, 0.000230140343774, 4.33120803791e-05, 3.00512620015e-05, 2.28675708058e-05, 4.39368923253e-05, 3.72848007828e-05, 6.40352009214e-05, 1.69026643562e-05, 8.55734015204e-06, 8.70774420036e-06, 8.617330991e-07, 8.22457479899e-07, 7.90095725733e-07, 7.74108684709e-07, 8.26369330298e-07]
        mean: [8.40365373733e-07, 0.000119400217955, 0.000314169359626, 5.63774046896e-05, 0.00161966437008, 7.53825952415e-05, 4.95076965308e-05, 1.65268593264e-05, 7.09611049388e-05, 3.8756243157e-05, 0.000146596503328, 3.53712457581e-05, 1.00532970464e-05, 1.44678142533e-06, 1.14621525427e-06, 1.42043768392e-06, 2.38631946559e-06, 6.52512653687e-06, 4.8951997087e-06, 1.06331947336e-06, 1.65038144928e-07, 1.14442727295e-07, 6.2219820407e-09, 7.41664152315e-09, 5.81723069715e-09, 2.12349027251e-09, 2.22830753849e-09]
        min: [5.45642350747e-12, 1.68647051879e-09, 1.03430126686e-08, 2.00046947896e-08, 2.0994929173e-07, 8.6931457588e-08, 3.09807504095e-08, 3.94473564924e-09, 1.01569508359e-08, 7.90373899662e-09, 1.16392868676e-08, 3.26200261247e-10, 2.40427677767e-10, 1.14120976558e-10, 2.45280767919e-10, 3.42897876759e-10, 5.31623300937e-10, 6.85615619833e-10, 7.23146764692e-10, 8.75799988087e-10, 4.85062712219e-10, 2.27888957705e-10, 7.14379527755e-11, 3.82312757841e-11, 3.96738926434e-11, 2.24168665401e-13, 2.70420520015e-15]
        var: [7.04937020216e-12, 7.6659489423e-08, 5.75668309466e-07, 2.36060540004e-08, 7.02742036083e-05, 1.11577186601e-07, 3.59483216528e-08, 3.15063397593e-09, 2.01049061843e-07, 1.10864908365e-08, 7.9705415601e-08, 4.79445771973e-09, 7.64800556219e-10, 2.50469575636e-11, 1.02453141457e-11, 1.03777333949e-11, 2.3205321345e-11, 6.79116832214e-11, 1.0781533305e-10, 5.58193291936e-12, 6.18330473628e-13, 5.29187587847e-13, 1.99533709088e-15, 2.37785801689e-15, 1.9940790352e-15, 1.40177663551e-15, 1.59751472643e-15]
    mfcc:
        mean: [-1026.53259277, 245.249023438, -34.7969474792, 47.7222366333, -13.5035762787, -11.051363945, 27.670124054, 17.2455387115, -11.9733524323, -20.3637599945, -10.8955574036, -11.5400762558, 3.20477557182]
        cov: [[10458.6650391, 235.92539978, -3013.27685547, 814.608764648, 635.18963623, 66.2643508911, 420.614685059, -23.8933315277, -553.569580078, 75.1325302124, 625.589782715, 290.215362549, 338.536560059], [235.92539978, 1071.34423828, 267.352050781, -55.9819564819, 17.235496521, 44.3204841614, 30.2476997375, 66.8032684326, 110.747917175, 149.219360352, 8.14091682434, -84.6613769531, -38.4133682251], [-3013.27685547, 267.352050781, 3465.515625, -6.49491977692, -411.463165283, -63.4668655396, -980.699645996, -459.47454834, 1057.03845215, 345.169891357, -87.0130996704, 181.330627441, -376.359191895], [814.608764648, -55.9819564819, -6.49491977692, 470.088134766, 150.417037964, 25.8161087036, -103.082138062, -95.7367324829, 56.8009147644, 151.427597046, 246.485351562, 255.859664917, 126.276916504], [635.18963623, 17.235496521, -411.463165283, 150.417037964, 218.604553223, 79.7858963013, 102.445556641, 40.8115653992, -111.219184875, 68.6876831055, 137.14793396, 95.2417831421, 118.527038574], [66.2643508911, 44.3204841614, -63.4668655396, 25.8161087036, 79.7858963013, 104.769050598, 22.9586009979, -18.876449585, -15.622841835, 41.9934883118, 52.755443573, 43.0572242737, 30.2252922058], [420.614685059, 30.2476997375, -980.699645996, -103.082138062, 102.445556641, 22.9586009979, 566.268005371, 371.562744141, -301.475616455, -127.577056885, -50.2371101379, -92.9492111206, 192.698272705], [-23.8933315277, 66.8032684326, -459.47454834, -95.7367324829, 40.8115653992, -18.876449585, 371.562744141, 335.696136475, -103.136253357, -60.8800354004, -49.9690628052, -45.8841781616, 158.306167603], [-553.569580078, 110.747917175, 1057.03845215, 56.8009147644, -111.219184875, -15.622841835, -301.475616455, -103.136253357, 438.08203125, 155.885818481, 13.4958782196, 120.223022461, -75.3937530518], [75.1325302124, 149.219360352, 345.169891357, 151.427597046, 68.6876831055, 41.9934883118, -127.577056885, -60.8800354004, 155.885818481, 193.510955811, 158.358123779, 146.72644043, 41.5596809387], [625.589782715, 8.14091682434, -87.0130996704, 246.485351562, 137.14793396, 52.755443573, -50.2371101379, -49.9690628052, 13.4958782196, 158.358123779, 270.616790771, 220.420532227, 139.625350952], [290.215362549, -84.6613769531, 181.330627441, 255.859664917, 95.2417831421, 43.0572242737, -92.9492111206, -45.8841781616, 120.223022461, 146.72644043, 220.420532227, 283.241333008, 147.322921753], [338.536560059, -38.4133682251, -376.359191895, 126.276916504, 118.527038574, 30.2252922058, 192.698272705, 158.306167603, -75.3937530518, 41.5596809387, 139.625350952, 147.322921753, 244.600952148]]
        icov: [[0.000245002243901, -0.000181937008165, 0.000422479119152, -6.25812463113e-05, -0.000531275290996, 0.000713013112545, -0.000577168771997, 0.000941981154028, -0.00111895252485, 0.000624357315246, -0.000621112762019, 4.07017578254e-05, 0.000208133045817], [-0.000181937008165, 0.00163306330796, -0.000368381151929, -0.000180016679224, 0.000763299176469, -0.00125730445143, 0.000292181270197, -0.00128698919434, 0.000709766813088, -0.00276645715348, 0.00011130348139, 0.00203140010126, -0.000175588487764], [0.000422479119152, -0.000368381151929, 0.00255979946814, 0.000148479768541, 0.000643139937893, 0.000767778314184, 0.000327688350808, 0.0015475701075, -0.0039136740379, -0.00132725574076, 0.00126424513292, -0.00123498647008, 0.000594533164985], [-6.25812463113e-05, -0.000180016679224, 0.000148479768541, 0.00634263688698, -0.00371118704788, 0.00465614069253, -0.00231543392874, 0.00463885860518, -0.00166100240313, -9.05651063476e-07, -0.000778044865001, -0.00350307836197, -0.000900593295228], [-0.000531275290996, 0.000763299176469, 0.000643139937893, -0.00371118704788, 0.0187111832201, -0.0115976175293, 0.00547212688252, -0.00883780885488, 0.00854774285108, -0.0106474524364, 0.00408374378458, -0.00227030576207, 0.00101578270551], [0.000713013112545, -0.00125730445143, 0.000767778314184, 0.00465614069253, -0.0115976175293, 0.0236759092659, -0.0114785572514, 0.016543796286, -0.00729634333402, 0.000975638569798, -0.000518676184583, -0.00258736358956, -0.00193701428361], [-0.000577168771997, 0.000292181270197, 0.000327688350808, -0.00231543392874, 0.00547212688252, -0.0114785572514, 0.0214332006872, -0.0224662534893, 0.00976793747395, -0.00155347865075, 0.00314453104511, -0.000234047503909, 0.000586719659623], [0.000941981154028, -0.00128698919434, 0.0015475701075, 0.00463885860518, -0.00883780885488, 0.016543796286, -0.0224662534893, 0.035914093256, -0.0151480697095, 0.00122894963715, 0.00151921110228, 0.00361177418381, -0.0127463489771], [-0.00111895252485, 0.000709766813088, -0.0039136740379, -0.00166100240313, 0.00854774285108, -0.00729634333402, 0.00976793747395, -0.0151480697095, 0.0224730521441, -0.0121094780043, 0.00996358506382, -0.00869623757899, 0.00389865040779], [0.000624357315246, -0.00276645715348, -0.00132725574076, -9.05651063476e-07, -0.0106474524364, 0.000975638569798, -0.00155347865075, 0.00122894963715, -0.0121094780043, 0.0358928367496, -0.0226282346994, 0.00575151946396, 0.00174875895027], [-0.000621112762019, 0.00011130348139, 0.00126424513292, -0.000778044865001, 0.00408374378458, -0.000518676184583, 0.00314453104511, 0.00151921110228, 0.00996358506382, -0.0226282346994, 0.0321927033365, -0.0144640486687, -0.00490029156208], [4.07017578254e-05, 0.00203140010126, -0.00123498647008, -0.00350307836197, -0.00227030576207, -0.00258736358956, -0.000234047503909, 0.00361177418381, -0.00869623757899, 0.00575151946396, -0.0144640486687, 0.0285185333341, -0.0131402388215], [0.000208133045817, -0.000175588487764, 0.000594533164985, -0.000900593295228, 0.00101578270551, -0.00193701428361, 0.000586719659623, -0.0127463489771, 0.00389865040779, 0.00174875895027, -0.00490029156208, -0.0131402388215, 0.0243028923869]]
    spectral_contrast:
        mean: [-4.87892855006e-08, -2.39240449673e-07, 4.62519693656e-07, 1.55380661226e-07, 8.44765395414e-07, -9.61365209662e-10, -2.87132320409e-06, 1.34371396143e-06, -5.98408678343e-06, -3.34664969159e-06, -6.09505548255e-07, -4.92933168061e-06]
        var: [0.000295329344226, 0.00060418213252, 0.00157163792755, 0.00196954677813, 0.0062831453979, 0.00938416831195, 0.0748558714986, 0.214054882526, 0.361767351627, 0.414541810751, 1.51049268246, 5.80829048157]

rhythm:
    beats_loudness:
        dmean: 0.00580256804824
        dmean2: 0.0114412400872
        dvar: 1.21317316371e-05
        dvar2: 2.33003192989e-05
        max: 0.0098114926368
        mean: 0.00373254390433
        min: 4.39061986981e-05
        var: 1.53036326083e-05
    beats_loudness_bass:
        dmean: 0.538475036621
        dmean2: 1.04578638077
        dvar: 0.0653781294823
        dvar2: 0.188759952784
        max: 0.850519537926
        mean: 0.323454737663
        min: 0.00177769991569
        var: 0.109807163477
    bpm: 90.1661071777
    bpm_confidence: 0
    first_peak_bpm: 120
    first_peak_spread: 0
    first_peak_weight: 0.647058844566
    onset_rate: 2.07727718353
    second_peak_bpm: 90
    second_peak_spread: 0
    second_peak_weight: 0.29411765933
    beats_position: [0.0600818954408, 0.558894395828, 1.0577069521, 1.55651938915, 2.05533194542, 2.55414438248, 3.05295705795, 3.55176925659, 4.05058193207, 4.54939413071, 5.04820632935, 5.54701852798, 6.41008424759, 7.07552480698, 7.7409658432, 8.40640544891, 9.07184696198, 9.73728752136]
    bpm_estimates: [90.026512146, 90.4343185425, 90.1450119019, 90.05859375]
    bpm_intervals: [0.498812496662, 0.498812556267, 0.498812437057, 0.498812556267, 0.498812437057, 0.498812675476, 0.498812198639, 0.498812675476, 0.498812198639, 0.498812198639, 0.498812198639, 0.863065719604, 0.665440559387, 0.665441036224, 0.665439605713, 0.665441513062, 0.665440559387]
    onset_times: [0.0580498874187, 0.383129239082, 1.05650794506, 1.39319729805, 2.0549659729, 2.75156474113, 3.07664394379, 3.36689352989, 3.7151927948, 4.07510185242, 4.73687076569, 5.41024923325, 5.74693870544, 6.40870761871, 6.76861667633, 7.40716552734, 8.08054447174, 8.4172334671, 9.07900238037, 9.4040813446, 10.077460289]
    rubato_start: [7.07552480698]
    rubato_stop: [9.73728752136]
    perceptual_tempo: "unknown"

sfx:
    inharmonicity:
        dmean: 0.0294855143875
        dmean2: 0.054790686816
        dvar: 0.00380573514849
        dvar2: 0.0104690156877
        max: 0.392710000277
        mean: 0.0215082280338
        min: 0
        var: 0.00289466092363
    oddtoevenharmonicenergyratio:
        dmean: 63.6332015991
        dmean2: 123.130821228
        dvar: 41856.6796875
        dvar2: 121784.53125
        max: 1630.07861328
        mean: 35.2998352051
        min: 0
        var: 23048.7070312
    pitch_after_max_to_before_max_energy_ratio: 3.39432764053
    pitch_centroid: 159.703231812
    pitch_max_to_total: 0.152073726058
    pitch_min_to_total: 0.824884772301
    tristimulus:
        dmean: [0.297394961119, 0.299898147583, 0.0143573153764]
        dmean2: [0.552600741386, 0.556183338165, 0.0262858867645]
        dvar: [0.103173643351, 0.103652171791, 0.000518196378835]
        dvar2: [0.259482473135, 0.260722786188, 0.00158550858032]
        max: [1, 0.989289343357, 0.142764657736]
        mean: [0.671707093716, 0.310752213001, 0.0124398972839]
        min: [0.00373820238747, 0, 0]
        var: [0.124407947063, 0.121668092906, 0.000414340582211]

tonal:
    chords_changes_rate: 0.0733944922686
    chords_number_rate: 0.0275229364634
    chords_strength:
        dmean: 0.00882076192647
        dmean2: 0.0100934384391
        dvar: 4.90346392326e-05
        dvar2: 7.44491699152e-05
        max: 0.631438851357
        mean: 0.420968472958
        min: 0.207100912929
        var: 0.0154618015513
    key_strength: 0.403221428394
    tuning_diatonic_strength: 0.409926950932
    tuning_equal_tempered_deviation: 0.133747220039
    tuning_frequency: 447.949737549
    tuning_nontempered_energy_ratio: 0.786755919456
    hpcp:
        dmean: [0.277438938618, 0.320519506931, 0.252454519272, 0.27765339613, 0.231701403856, 0.193155884743, 0.184158653021, 0.160555660725, 0.132656738162, 0.0944668650627, 0.0453780964017, 0.0305361710489, 0.0272828694433, 0.0244615990669, 0.0395489260554, 0.0585600249469, 0.070094153285, 0.0667393803596, 0.0731084346771, 0.0541221946478, 0.0374208129942, 0.0361365526915, 0.0355659686029, 0.0321347303689, 0.0310430526733, 0.0327653177083, 0.0367814414203, 0.0348671749234, 0.0316913351417, 0.0483923181891, 0.0719752386212, 0.0838712081313, 0.0748537704349, 0.106907263398, 0.138104736805, 0.239067301154]
        dmean2: [0.488112807274, 0.572851598263, 0.4622810781, 0.522040843964, 0.407977104187, 0.342249274254, 0.323666542768, 0.277246147394, 0.218222215772, 0.168937191367, 0.082880012691, 0.0535582564771, 0.0429606027901, 0.0373045764863, 0.064734980464, 0.0976410061121, 0.112302057445, 0.101109988987, 0.123509652913, 0.0862322449684, 0.0687841996551, 0.0676415115595, 0.0654514655471, 0.0519627332687, 0.057470176369, 0.0586433336139, 0.066224180162, 0.0604364797473, 0.0569272898138, 0.0876826643944, 0.128912821412, 0.151141256094, 0.126140967011, 0.197683617473, 0.255289614201, 0.421911686659]
        dvar: [0.0889794826508, 0.0907683596015, 0.0635612085462, 0.11939239502, 0.0742613971233, 0.0521539822221, 0.0479619242251, 0.0449644885957, 0.0314852297306, 0.0165433250368, 0.0044472082518, 0.0033092268277, 0.00357891782187, 0.00491658551618, 0.012583556585, 0.0139794601128, 0.0230862908065, 0.0127312280238, 0.0166974831372, 0.00872585736215, 0.0049944720231, 0.0044496813789, 0.00355690368451, 0.00258138705976, 0.00263204192743, 0.00405360898003, 0.00688242260367, 0.0039832717739, 0.00332187698223, 0.01377395913, 0.0212211627513, 0.0279238689691, 0.019038297236, 0.0520445406437, 0.0449562482536, 0.067440494895]
        dvar2: [0.227021709085, 0.233301505446, 0.182578161359, 0.286807596684, 0.198346406221, 0.154639750719, 0.122956141829, 0.111240014434, 0.0791023820639, 0.0457560680807, 0.0125037292019, 0.00874639768153, 0.00848860573024, 0.00823472160846, 0.0297815632075, 0.0371248684824, 0.0580860339105, 0.0265151970088, 0.0349798165262, 0.0192584432662, 0.0138162216172, 0.0128906490281, 0.00889820512384, 0.00662174914032, 0.00830469839275, 0.0109505485743, 0.0185594689101, 0.0108762700111, 0.00931107345968, 0.040232617408, 0.0594458915293, 0.0734920501709, 0.0465097762644, 0.145834073424, 0.142187774181, 0.191681310534]
        max: [1, 1, 1, 1, 1, 1, 1, 1, 1, 0.758554577827, 0.43465551734, 0.359559714794, 0.608580052853, 0.833918750286, 1, 1, 1, 1, 1, 0.704183757305, 0.555707097054, 0.450277596712, 0.314036220312, 0.319332093, 0.467516571283, 0.479798585176, 0.624350965023, 0.450172007084, 0.414456725121, 0.967336118221, 1, 1, 1, 1, 1, 1]
        mean: [0.504990100861, 0.371534436941, 0.221643254161, 0.227186173201, 0.183104768395, 0.193843960762, 0.29844814539, 0.274686396122, 0.166690990329, 0.0818812176585, 0.0370469689369, 0.0296789687127, 0.0269228555262, 0.0274844653904, 0.037974011153, 0.0771393477917, 0.105210602283, 0.0932827964425, 0.0815303996205, 0.0592005066574, 0.0330292768776, 0.0275712851435, 0.0322204604745, 0.0296599380672, 0.0272310320288, 0.0332157164812, 0.036528095603, 0.0320935845375, 0.0290953386575, 0.0388500019908, 0.0564802512527, 0.0617427639663, 0.0685073584318, 0.0848532244563, 0.127151787281, 0.329901009798]
        min: [5.55365913897e-05, 5.64465190109e-05, 7.32946091375e-06, 0.000123713776702, 2.60660108324e-05, 2.65726303041e-05, 0.000167351798154, 0.000257142703049, 1.89410875464e-05, 3.13541968353e-05, 1.23259160318e-05, 1.36060998557e-05, 3.6182786971e-06, 2.55607687905e-07, 3.65896630683e-05, 5.34229329787e-05, 2.14629035327e-05, 1.83538086276e-05, 2.61099812633e-05, 3.13273958454e-05, 2.93680022878e-05, 9.25658241613e-05, 4.70372833661e-05, 0.000140685457154, 0.000108146297862, 0.000181900846655, 8.13229344203e-05, 1.64446737472e-05, 1.15165437364e-06, 1.11289846245e-05, 1.84761629498e-05, 2.11860497075e-05, 3.67406755686e-05, 4.58967333543e-05, 2.79661489913e-05, 0.000119134710985]
        var: [0.157059699297, 0.129434421659, 0.065785035491, 0.11594863981, 0.0702460557222, 0.056502211839, 0.126823574305, 0.106732204556, 0.0738701894879, 0.0203238558024, 0.00360054918565, 0.00290700700134, 0.00456108013168, 0.00775444088504, 0.0144323818386, 0.0324970781803, 0.0514014996588, 0.0326848961413, 0.0235080998391, 0.0122604677454, 0.00425056647509, 0.0031389829237, 0.00334631744772, 0.00256193359382, 0.00198899162933, 0.00340407760814, 0.00499399378896, 0.00306793372147, 0.00244674086571, 0.00905562750995, 0.0177321918309, 0.0229331944138, 0.0228803269565, 0.0427005887032, 0.041749201715, 0.114925689995]
    chords_histogram: [0, 0, 0, 5.04587173462, 0, 7.33944940567, 0.458715587854, 0, 0, 15.5963306427, 25.2293586731, 0, 0, 0, 0, 0, 0, 0, 0, 0, 0, 0, 9.63302707672, 36.6972465515]
    thpcp: [1, 0.735726177692, 0.438906133175, 0.449882417917, 0.362590819597, 0.38385695219, 0.590997993946, 0.543944120407, 0.330087631941, 0.162144199014, 0.0733617693186, 0.0587713867426, 0.0533136315644, 0.0544257499278, 0.075197532773, 0.152754172683, 0.208341911435, 0.184722036123, 0.161449506879, 0.117231026292, 0.065405793488, 0.0545976758003, 0.0638041421771, 0.0587337017059, 0.0539238937199, 0.0657749846578, 0.0723342821002, 0.0635529011488, 0.057615660131, 0.0769322067499, 0.111844271421, 0.122265294194, 0.135660797358, 0.168029487133, 0.251790642738, 0.653282105923]
    chords_key: "F"
    chords_scale: "major"
    key_key: "A"
    key_scale: "minor"
    chords_progression: ["D", "D", "Dm", "Dm", "Dm", "Dm", "Dm", "Dm", "Dm", "D", "D", "D", "D", "D", "D", "D", "D", "D", "D", "D", "D", "D", "D", "Dm", "Dm", "Dm", "Dm", "Dm", "Dm", "Dm", "Dm", "Dm", "G", "G", "G", "G", "G", "G", "G", "G", "G", "G", "G", "G#m", "G#m", "G#m", "G#m", "G#m", "G#m", "G#m", "G#m", "G#m", "G#m", "G#m", "G#m", "G#m", "G#m", "G#m", "G#m", "G#m", "G#m", "G#m", "G#m", "G#m", "G#m", "G#m", "G#m", "G#m", "G#m", "G#m", "G#m", "G#m", "G#m", "G#m", "G#m", "G#m", "G#m", "G#m", "G#m", "G#m", "G#m", "G#m", "G#m", "G#m", "G#m", "E", "E", "E", "E", "E", "E", "E", "E", "E", "E", "E", "E", "E", "E", "E", "E", "E", "F", "F", "F", "F", "F", "F", "F", "G#m", "G#m", "G#m", "G#m", "G#m", "G#m", "G#m", "G#m", "E", "E", "E", "E", "E", "E", "E", "E", "E", "E", "E", "E", "E", "E", "E", "Dm", "Dm", "G#m", "G#m", "G#m", "G#m", "G#m", "E", "E", "F#m", "F", "F", "F", "F", "F", "F", "F", "F", "F", "F", "F", "F", "F", "F", "F", "Dm", "Dm", "Dm", "F", "F", "F", "F", "F", "F", "F", "F", "F", "F", "F", "F", "F", "F", "F", "F", "F", "F", "F", "F", "F", "F", "F", "F", "F", "F", "F", "F", "F", "F", "F", "F", "F", "F", "F", "F", "F", "F", "F", "F", "F", "F", "F", "F", "F", "F", "F", "F", "F", "F", "F", "F", "F", "F", "F", "F", "F", "F"]
