
metadata:
    version:
        essentia: "1.2.2"
    audio_properties:
        analysis_sample_rate: 44100
        bitrate: 128
        channels: 2
        equal_loudness: 1
        length: 10.1355104446
        replay_gain: -15.7194032669
        downmix: "mix"
    tags:
        track: 22
        year: 0
        album: "Splitted by Mp3Splt v. 2.1"
        artist: "From 003.30 To 003.40"
        comment: "http://mp3splt.sf.net"
        genre: ""
        title: "04 Make You Happy.mp3"

highlevel:
    ballroom:
        all:
            ChaChaCha: 0.0375492796302
            Jive: 0.60532861948
            Quickstep: 0.0758844837546
            Rumba-American: 0.00637194095179
            Rumba-International: 0.00577998533845
            Rumba-Misc: 0.00212267017923
            Samba: 0.231901779771
            Tango: 0.00431689526886
            VienneseWaltz: 0.02777178213
            Waltz: 0.00297253788449
        probability: 0.60532861948
        value: "Jive"
    culture:
        all:
            non_western: 0.752739667892
            western: 0.247260332108
        probability: 0.752739667892
        value: "non_western"
    gender:
        all:
            female: 0.997094273567
            male: 0.00290573807433
        probability: 0.997094273567
        value: "female"
    genre_dortmund:
        all:
            alternative: 0.0385767444968
            blues: 0.180756226182
            electronic: 0.0277414806187
            folkcountry: 0.0773690789938
            funksoulrnb: 0.0796484723687
            jazz: 0.00882503390312
            pop: 0.0622986517847
            raphiphop: 0.208466514945
            rock: 0.316317796707
        probability: 0.316317796707
        value: "rock"
    genre_electronica:
        all:
            ambient: 0.269533514977
            dnb: 0.264468789101
            house: 0.0414417162538
            techno: 0.0295701939613
            trance: 0.394985795021
        probability: 0.394985795021
        value: "trance"
    genre_rosamerica:
        all:
            cla: 0.02200393565
            dan: 0.185497447848
            hip: 0.0427451580763
            jaz: 0.0189942009747
            pop: 0.386633843184
            rhy: 0.0627279654145
            roc: 0.275125265121
            spe: 0.006272200495
        probability: 0.386633843184
        value: "pop"
    genre_tzanetakis:
        all:
            blu: 0.00454670470208
            cla: 0.00250922725536
            cou: 0.0204630438238
            dis: 0.163740172982
            hip: 0.0172229446471
            jaz: 0.00251296558417
            met: 0.00453977938741
            pop: 0.650378346443
            reg: 0.0176733061671
            roc: 0.116413503885
        probability: 0.650378346443
        value: "pop"
    live_studio:
        all:
            live: 0.0247672628611
            studio: 0.975232720375
        probability: 0.975232720375
        value: "studio"
    mood:
        all:
            Cluster1: 0.237116247416
            Cluster2: 0.224311619997
            Cluster3: 0.0599913746119
            Cluster4: 0.259447783232
            Cluster5: 0.219132974744
        probability: 0.259447783232
        value: "Cluster4"
    mood_acoustic:
        all:
            acoustic: 0.00595549307764
            not_acoustic: 0.994044482708
        probability: 0.994044482708
        value: "not_acoustic"
    mood_aggressive:
        all:
            aggressive: 0.908170342445
            not_aggressive: 0.0918296575546
        probability: 0.908170342445
        value: "aggressive"
    mood_electronic:
        all:
            electronic: 0.676641881466
            not_electronic: 0.323358088732
        probability: 0.676641881466
        value: "electronic"
    mood_happy:
        all:
            happy: 0.945503175259
            not_happy: 0.0544967986643
        probability: 0.945503175259
        value: "happy"
    mood_party:
        all:
            not_party: 0.154693409801
            party: 0.845306575298
        probability: 0.845306575298
        value: "party"
    mood_relaxed:
        all:
            not_relaxed: 0.804726183414
            relaxed: 0.195273846388
        probability: 0.804726183414
        value: "not_relaxed"
    mood_sad:
        all:
            not_sad: 0.967601001263
            sad: 0.0323990024626
        probability: 0.967601001263
        value: "not_sad"
    rhythm:
        all:
            fast: 0.953742086887
            medium: 0.0455784276128
            slow: 0.000679493590724
        probability: 0.953742086887
        value: "fast"
    speech_music:
        all:
            music: 0.999947369099
            speech: 5.26602525497e-05
        probability: 0.999947369099
        value: "music"
    timbre:
        all:
            bright: 0.359956353903
            dark: 0.640043616295
        probability: 0.640043616295
        value: "dark"
    voice_instrumental:
        all:
            instrumental: 0.000593565870076
            voice: 0.999406456947
        probability: 0.999406456947
        value: "voice"

lowlevel:
    average_loudness: 0.982864737511
    barkbands_kurtosis:
        dmean: 0.946828424931
        dmean2: 1.42708444595
        dvar: 1.74678170681
        dvar2: 3.51405978203
        max: 12.6367282867
        mean: -0.108079597354
        min: -1.79936397076
        var: 4.42912244797
    barkbands_skewness:
        dmean: 0.442886173725
        dmean2: 0.676735162735
        dvar: 0.175723716617
        dvar2: 0.389018595219
        max: 1.69456672668
        mean: -0.335911005735
        min: -3.33588194847
        var: 0.686424612999
    barkbands_spread:
        dmean: 5.91030216217
        dmean2: 8.6013469696
        dvar: 28.1726074219
        dvar2: 62.0650291443
        max: 67.5996017456
        mean: 28.2273826599
        min: 4.83841180801
        var: 140.771331787
    dissonance:
        dmean: 0.0197969563305
        dmean2: 0.0335369892418
        dvar: 0.000435832713265
        dvar2: 0.000927758053876
        max: 0.499242305756
        mean: 0.465704828501
        min: 0.259801030159
        var: 0.000711512519047
    hfc:
        dmean: 2.80903601646
        dmean2: 4.17175531387
        dvar: 11.8534469604
        dvar2: 24.8014678955
        max: 32.7599639893
        mean: 8.8733587265
        min: 0.102016538382
        var: 42.439037323
    pitch:
        dmean: 593.400756836
        dmean2: 1134.85375977
        dvar: 1272722.625
        dvar2: 2981372.5
        max: 4900
        mean: 797.112670898
        min: 87.3267364502
        var: 1342596
    pitch_instantaneous_confidence:
        dmean: 0.0992379784584
        dmean2: 0.156861007214
        dvar: 0.00923985429108
        dvar2: 0.0163823682815
        max: 0.939045488834
        mean: 0.467236071825
        min: 0.135819911957
        var: 0.0383670851588
    pitch_salience:
        dmean: 0.0743764489889
        dmean2: 0.117340236902
        dvar: 0.00372300716117
        dvar2: 0.010918947868
        max: 0.83011007309
        mean: 0.607548594475
        min: 0.268926471472
        var: 0.00993960071355
    silence_rate_20dB:
        dmean: 0
        dmean2: 0
        dvar: 0
        dvar2: 0
        max: 1
        mean: 1
        min: 1
        var: 0
    silence_rate_30dB:
        dmean: 0
        dmean2: 0
        dvar: 0
        dvar2: 0
        max: 1
        mean: 1
        min: 1
        var: 0
    silence_rate_60dB:
        dmean: 0.151029750705
        dmean2: 0.300458729267
        dvar: 0.128220334649
        dvar2: 0.23770673573
        max: 1
        mean: 0.376712322235
        min: 0
        var: 0.234800875187
    spectral_centroid:
        dmean: 299.594818115
        dmean2: 459.697357178
        dvar: 110979.851562
        dvar2: 236153.078125
        max: 4755.21972656
        mean: 1911.59057617
        min: 728.297607422
        var: 328231.28125
    spectral_complexity:
        dmean: 3.9541285038
        dmean2: 6.07816076279
        dvar: 19.1676387787
        dvar2: 45.4237213135
        max: 40
        mean: 12.791762352
        min: 0
        var: 40.8147621155
    spectral_crest:
        dmean: 2.48756170273
        dmean2: 4.07069587708
        dvar: 5.36839962006
        dvar2: 13.1601963043
        max: 22.8196640015
        mean: 7.86254358292
        min: 2.77314019203
        var: 14.2301836014
    spectral_decrease:
        dmean: 3.25860505246e-10
        dmean2: 4.91255480739e-10
        dvar: 1.78368819969e-19
        dvar2: 4.28051801528e-19
        max: -7.91851740428e-12
        mean: -9.97556481863e-10
        min: -3.88254273176e-09
        var: 3.69928921811e-19
    spectral_energy:
        dmean: 0.0014522257261
        dmean2: 0.00219228398055
        dvar: 3.36229390996e-06
        dvar2: 7.80958907853e-06
        max: 0.0167965944856
        mean: 0.00456984713674
        min: 3.9139558794e-05
        var: 7.88067700341e-06
    spectral_energyband_high:
        dmean: 0.000192569583305
        dmean2: 0.000291329779429
        dvar: 1.11524812496e-07
        dvar2: 2.47076627602e-07
        max: 0.00468329200521
        mean: 0.000382696249289
        min: 7.17668672223e-06
        var: 2.49147177556e-07
    spectral_energyband_low:
        dmean: 0.0001817104785
        dmean2: 0.000311246752972
        dvar: 2.18389189399e-07
        dvar2: 5.99096949827e-07
        max: 0.0029978249222
        mean: 0.000186827674042
        min: 2.14913228547e-07
        var: 1.63027920053e-07
    spectral_energyband_middle_high:
        dmean: 0.000902306521311
        dmean2: 0.00133536558133
        dvar: 1.06547349787e-06
        dvar2: 1.93035384655e-06
        max: 0.011886222288
        mean: 0.00297134672292
        min: 2.75339698419e-05
        var: 5.48966454517e-06
    spectral_energyband_middle_low:
        dmean: 0.000635066709947
        dmean2: 0.00103295769077
        dvar: 1.12087514026e-06
        dvar2: 2.98884742733e-06
        max: 0.0101306037977
        mean: 0.00102896662429
        min: 3.80430810765e-06
        var: 1.06898528429e-06
    spectral_flatness_db:
        dmean: 0.0188619084656
        dmean2: 0.0285212565213
        dvar: 0.000263530208031
        dvar2: 0.000527168158442
        max: 0.296093523502
        mean: 0.150065019727
        min: 0.0690803751349
        var: 0.00128048902843
    spectral_flux:
        dmean: 0.0138688087463
        dmean2: 0.0216076597571
        dvar: 0.000172716492671
        dvar2: 0.000402120756917
        max: 0.103443987668
        mean: 0.046176802367
        min: 0.00625616172329
        var: 0.000411969755078
    spectral_kurtosis:
        dmean: 1.18927168846
        dmean2: 1.97705066204
        dvar: 1.4748994112
        dvar2: 4.18966960907
        max: 12.9836139679
        mean: 3.34180450439
        min: -0.984107017517
        var: 3.47715544701
    spectral_rms:
        dmean: 0.000330918381223
        dmean2: 0.000481666036649
        dvar: 1.37648356713e-07
        dvar2: 2.84958787233e-07
        max: 0.00404807599261
        mean: 0.00201197084971
        min: 0.000195409666048
        var: 4.10361820968e-07
    spectral_rolloff:
        dmean: 428.638763428
        dmean2: 686.190917969
        dvar: 235728.921875
        dvar2: 506365.0625
        max: 7062.890625
        mean: 3375.78613281
        min: 1098.19335938
        var: 706787.125
    spectral_skewness:
        dmean: 0.186527475715
        dmean2: 0.290764510632
        dvar: 0.0294329132885
        dvar2: 0.0696113333106
        max: 2.89661312103
        mean: 1.30162489414
        min: -0.0417422130704
        var: 0.11162084341
    spectral_spread:
        dmean: 628147.9375
        dmean2: 834705.3125
        dvar: 440910512128
        dvar2: 711089782784
        max: 13205153
        mean: 4694549
        min: 2725159.25
        var: 2.63863350067e+12
    spectral_strongpeak:
        dmean: 0.746872246265
        dmean2: 1.21055531502
        dvar: 0.873542904854
        dvar2: 2.01976704597
        max: 8.51024055481
        mean: 1.29411876202
        min: 0.0184205211699
        var: 2.27147841454
    zerocrossingrate:
        dmean: 0.00984401907772
        dmean2: 0.0110497483984
        dvar: 0.000103253187262
        dvar2: 0.000117565934488
        max: 0.208984375
        mean: 0.104368165135
        min: 0.02734375
        var: 0.000665677129291
    barkbands:
        dmean: [2.23803780841e-07, 4.01727229473e-05, 0.000157293558004, 0.000143078592373, 0.000275380443782, 0.000140317235491, 9.63505808613e-05, 9.82894707704e-05, 7.28437007638e-05, 8.46542679938e-05, 0.000113456575491, 0.000193762534764, 7.67078308854e-05, 7.21253163647e-05, 0.000197903107619, 0.000249639211688, 0.000316702586133, 0.000198349836865, 0.000247229792876, 0.000143491983181, 0.000100262644992, 3.4422162571e-05, 9.21979881241e-06, 4.18040099248e-06, 1.83463669146e-06, 7.28024858176e-08, 2.20084270253e-10]
        dmean2: [3.47733873696e-07, 6.31437433185e-05, 0.000281802582322, 0.000262187531916, 0.000464730139356, 0.000238243184867, 0.000157985268743, 0.000164761644555, 0.000118245967315, 0.000125615435536, 0.000174153101398, 0.000275657250313, 0.000117978568596, 0.000110886459879, 0.000295196339721, 0.000408293388318, 0.000460992130684, 0.000328026450006, 0.000390149943996, 0.000231450860156, 0.000155541158165, 5.24877104908e-05, 1.36708140417e-05, 5.78368371862e-06, 2.65099447461e-06, 9.70318012605e-08, 4.14672185478e-10]
        dvar: [1.46254780205e-13, 6.90939128134e-09, 2.03987823966e-07, 1.66643388866e-07, 2.95694547958e-07, 7.1989425976e-08, 2.40606148338e-08, 4.15632790407e-08, 3.3178920944e-08, 3.58775587017e-08, 5.51088739087e-08, 1.56024697162e-07, 4.50967299059e-08, 3.90548251517e-08, 2.15467650833e-07, 3.05475850837e-07, 4.43749513579e-07, 1.44174705952e-07, 1.42290062399e-07, 4.25765556145e-08, 3.36240972842e-08, 7.4592616528e-09, 1.15152598568e-09, 2.60741234159e-10, 1.59792214183e-11, 1.24204108709e-14, 2.72765624573e-19]
        dvar2: [3.62762825421e-13, 1.74203229619e-08, 5.58169915621e-07, 4.83997382617e-07, 8.03387024462e-07, 1.9416566488e-07, 5.82416994632e-08, 9.57321830697e-08, 9.40420648021e-08, 6.63515464794e-08, 1.09708715001e-07, 2.95185714094e-07, 9.01587355884e-08, 8.68841780743e-08, 4.24742097493e-07, 7.69936320921e-07, 8.94247818906e-07, 3.45554695969e-07, 3.5007096244e-07, 1.00564584216e-07, 8.04784079378e-08, 1.81728783133e-08, 2.77930567449e-09, 4.76711004005e-10, 2.94214687335e-11, 2.34809374499e-14, 5.90196727478e-19]
        max: [5.00840860695e-06, 0.000764117983636, 0.00289820553735, 0.00302917184308, 0.00621268386021, 0.00231331354007, 0.00171609327663, 0.00219471170567, 0.00204519811086, 0.00252154516056, 0.00342177227139, 0.00499555049464, 0.00284683704376, 0.0022822630126, 0.0063197016716, 0.00488047767431, 0.00810041930526, 0.00362363876775, 0.00467107817531, 0.00231804163195, 0.00215392862447, 0.00157923088409, 0.000541503366549, 0.000330232753186, 7.74884101702e-05, 1.52450274982e-06, 1.00898267519e-08]
        mean: [3.23796825796e-07, 6.38091150904e-05, 0.00012270748266, 0.000115405811812, 0.000329053786118, 0.000211897204281, 0.000133863140945, 0.000117802883324, 9.24490814214e-05, 0.000134198082378, 0.000204776035389, 0.000358768622391, 0.000127217703266, 9.72356501734e-05, 0.000330100592691, 0.000331068586092, 0.000476267799968, 0.000333268311806, 0.000458196242107, 0.000281381246168, 0.000167999081896, 5.5310123571e-05, 1.58563088917e-05, 7.38200969863e-06, 3.40174983648e-06, 1.1078208928e-07, 2.21762261332e-10]
        min: [5.63928015396e-10, 7.20517334685e-08, 1.82968591389e-08, 4.64038336645e-08, 1.17112210773e-06, 1.39152689371e-06, 9.02278429749e-08, 6.14325244896e-07, 1.59155675306e-07, 8.45088763413e-08, 3.3429714108e-08, 2.50847665484e-06, 9.16230987968e-07, 8.82313202055e-07, 6.04081037636e-07, 5.79489187658e-06, 7.78697449277e-06, 3.49251149601e-06, 3.59995669896e-06, 3.11299208988e-06, 3.52656115865e-06, 5.48577475001e-07, 2.55300619756e-07, 7.74959048044e-08, 1.53887356191e-08, 2.78850442736e-10, 8.87077412394e-14]
        var: [2.45965845348e-13, 8.05314925856e-09, 1.3378699748e-07, 9.65894528804e-08, 2.50386648304e-07, 6.71527118357e-08, 3.05320497773e-08, 4.7913811585e-08, 3.09408711985e-08, 9.68747642105e-08, 2.08026051496e-07, 5.75678541281e-07, 1.16805800587e-07, 5.81853960568e-08, 6.58616897908e-07, 3.74003604975e-07, 1.17117428999e-06, 2.47876869253e-07, 2.64563226438e-07, 7.76407560465e-08, 5.66049784823e-08, 1.48111700682e-08, 1.88335236295e-09, 6.4247207554e-10, 8.10019204489e-11, 4.11629314889e-14, 5.03684337054e-19]
    mfcc:
        mean: [-704.585693359, 95.4479675293, -55.6709213257, 49.1684379578, -16.1436672211, -4.96392440796, -3.31379747391, -5.01704311371, -4.73359012604, -9.58227157593, -9.45829963684, -3.93869972229, 1.19166088104]
        cov: [[1306.07702637, -282.186096191, 209.836669922, -27.3071022034, 105.995643616, 35.0826568604, 1.20710670948, 16.2874240875, 59.820526123, 54.3049240112, 34.1408538818, -28.9692554474, -32.2179031372], [-282.186096191, 681.793212891, -257.565917969, 105.068191528, 20.9571800232, 39.0184288025, 98.4044570923, 7.63811302185, 15.3737039566, 16.1227245331, -0.0603264831007, -3.6368534565, 6.6469707489], [209.836669922, -257.565917969, 611.742248535, 41.6284484863, 64.4244308472, 44.2854118347, -4.97301578522, 31.8093185425, 10.7713689804, 56.610458374, 37.9786872864, 23.7794589996, -20.1181221008], [-27.3071022034, 105.068191528, 41.6284484863, 240.369430542, 55.3232345581, 4.19844007492, -14.0987119675, 30.2993068695, 30.5654087067, -4.47301864624, 19.7659702301, 32.974193573, 1.51860392094], [105.995643616, 20.9571800232, 64.4244308472, 55.3232345581, 249.937942505, 39.678943634, 28.5931377411, 29.6475639343, 71.6526641846, 53.4322624207, 22.8207836151, 2.059684515, 8.97470474243], [35.0826568604, 39.0184288025, 44.2854118347, 4.19844007492, 39.678943634, 203.710510254, 86.9921417236, -1.75060212612, -7.34773349762, 59.2226409912, 19.6536197662, -2.89931464195, 8.66201782227], [1.20710670948, 98.4044570923, -4.97301578522, -14.0987119675, 28.5931377411, 86.9921417236, 144.994003296, 31.4028968811, 3.68717741966, 50.5794525146, 20.6197242737, 0.595397412777, 6.9664311409], [16.2874240875, 7.63811302185, 31.8093185425, 30.2993068695, 29.6475639343, -1.75060212612, 31.4028968811, 105.356147766, 35.3727302551, 4.02097034454, -1.75533127785, 12.8337783813, 8.81051063538], [59.820526123, 15.3737039566, 10.7713689804, 30.5654087067, 71.6526641846, -7.34773349762, 3.68717741966, 35.3727302551, 103.619384766, 30.6428623199, -6.8517241478, -8.60584926605, 10.0154733658], [54.3049240112, 16.1227245331, 56.610458374, -4.47301864624, 53.4322624207, 59.2226409912, 50.5794525146, 4.02097034454, 30.6428623199, 105.878479004, 47.1191444397, -3.83888959885, -0.682766318321], [34.1408538818, -0.0603264831007, 37.9786872864, 19.7659702301, 22.8207836151, 19.6536197662, 20.6197242737, -1.75533127785, -6.8517241478, 47.1191444397, 91.00756073, 21.0295543671, -7.41934394836], [-28.9692554474, -3.6368534565, 23.7794589996, 32.974193573, 2.059684515, -2.89931464195, 0.595397412777, 12.8337783813, -8.60584926605, -3.83888959885, 21.0295543671, 67.7764282227, 14.6760492325], [-32.2179031372, 6.6469707489, -20.1181221008, 1.51860392094, 8.97470474243, 8.66201782227, 6.9664311409, 8.81051063538, 10.0154733658, -0.682766318321, -7.41934394836, 14.6760492325, 67.2375183105]]
        icov: [[0.000935735821258, 0.000380155717721, -0.000114512411528, 4.03782105423e-05, -0.000238621796598, -0.00012587873789, -0.000144345787703, 3.74559713237e-05, -0.0005036558141, 9.82253550319e-05, -0.000341461738572, 0.000401232857257, 0.000384494283935], [0.000380155717721, 0.00249692518264, 0.000993779744022, -0.00144405686297, -8.84876280907e-05, 0.000183350013685, -0.001914481516, 0.000469055608846, -0.000143296885653, -0.000421526114224, 0.000336663622875, 0.000363260973245, 0.000365289917681], [-0.000114512411528, 0.000993779744022, 0.00238577951677, -0.000748397142161, -0.000288768060273, -0.000307145935949, 0.000130486645503, -0.000657024269458, 0.000611337425653, -0.00145423668437, 0.000314856995828, -0.000623909116257, 0.000793419603724], [4.03782105423e-05, -0.00144405686297, -0.000748397142161, 0.00609571719542, -0.000792746141087, -0.000988338375464, 0.00211531412788, -0.00116396101657, -0.00167967879679, 0.00201701605693, -0.0017211715458, -0.00226190919057, 0.000541462679394], [-0.000238621796598, -8.84876280907e-05, -0.000288768060273, -0.000792746141087, 0.00570602109656, -0.00064640288474, -0.000248438213021, -1.9775601686e-05, -0.00330266053788, -0.000884249282535, -0.000682572834194, 1.85333719855e-05, -0.000420499331085], [-0.00012587873789, 0.000183350013685, -0.000307145935949, -0.000988338375464, -0.00064640288474, 0.0078514162451, -0.0041826935485, 0.00135093054269, 0.00227932212874, -0.00325413653627, 0.00145761691965, 0.00058425986208, -0.00115612114314], [-0.000144345787703, -0.001914481516, 0.000130486645503, 0.00211531412788, -0.000248438213021, -0.0041826935485, 0.0133448308334, -0.00488374894485, 0.00184828892816, -0.00364953209646, -0.00053728959756, -0.000330811279127, -0.000358789082384], [3.74559713237e-05, 0.000469055608846, -0.000657024269458, -0.00116396101657, -1.9775601686e-05, 0.00135093054269, -0.00488374894485, 0.0132623566315, -0.00473910616711, 0.00238732341677, 0.000451543484814, -0.00209990702569, -0.000363618601114], [-0.0005036558141, -0.000143296885653, 0.000611337425653, -0.00167967879679, -0.00330266053788, 0.00227932212874, 0.00184828892816, -0.00473910616711, 0.0172650422901, -0.00738359196112, 0.00455435318872, 0.00226758397184, -0.00206874636933], [9.82253550319e-05, -0.000421526114224, -0.00145423668437, 0.00201701605693, -0.000884249282535, -0.00325413653627, -0.00364953209646, 0.00238732341677, -0.00738359196112, 0.0209240410477, -0.0100226178765, 0.00239635142498, -0.000106085979496], [-0.000341461738572, 0.000336663622875, 0.000314856995828, -0.0017211715458, -0.000682572834194, 0.00145761691965, -0.00053728959756, 0.000451543484814, 0.00455435318872, -0.0100226178765, 0.0183548685163, -0.00558108463883, 0.00229940121062], [0.000401232857257, 0.000363260973245, -0.000623909116257, -0.00226190919057, 1.85333719855e-05, 0.00058425986208, -0.000330811279127, -0.00209990702569, 0.00226758397184, 0.00239635142498, -0.00558108463883, 0.0199337415397, -0.005027808249], [0.000384494283935, 0.000365289917681, 0.000793419603724, 0.000541462679394, -0.000420499331085, -0.00115612114314, -0.000358789082384, -0.000363618601114, -0.00206874636933, -0.000106085979496, 0.00229940121062, -0.005027808249, 0.017194064334]]
    spectral_contrast:
        mean: [-5.4813767747e-07, 6.69103030759e-08, 1.56104150051e-07, 1.46300763504e-07, 5.31156501893e-07, 2.84520098148e-07, -5.93379945713e-06, 2.30869113693e-06, -2.19077764996e-06, 9.77066065388e-07, -2.52873041973e-06, -2.85829514723e-06]
        var: [0.000843705434818, 0.0014850050211, 0.00237021036446, 0.00249295728281, 0.00423627533019, 0.00595696503296, 0.0548012368381, 0.0951193124056, 0.168274641037, 0.348167359829, 0.535685241222, 1.02737009525]

rhythm:
    beats_loudness:
        dmean: 0.00233456911519
        dmean2: 0.00422825757414
        dvar: 2.29633519666e-06
        dvar2: 5.92710875935e-06
        max: 0.00847502145916
        mean: 0.00538685824722
        min: 0.0016480027698
        var: 4.32925116911e-06
    beats_loudness_bass:
        dmean: 0.201644822955
        dmean2: 0.35188922286
        dvar: 0.0254144966602
        dvar2: 0.0747188106179
        max: 0.52243411541
        mean: 0.155280068517
        min: 0.00142890843563
        var: 0.0268161036074
    bpm: 88.3646087646
    bpm_confidence: 0
    first_peak_bpm: 177
    first_peak_spread: 0
    first_peak_weight: 0.550000011921
    onset_rate: 4.53849840164
    second_peak_bpm: 88
    second_peak_spread: 0
    second_peak_weight: 0.40000000596
    beats_position: [0.306041240692, 0.985046327114, 1.66405153275, 2.34305667877, 3.02206158638, 3.70106673241, 4.38007164001, 5.05907678604, 5.73808193207, 6.11367034912, 6.45295763016, 6.79224538803, 7.13153266907, 7.4708199501, 7.81010770798, 8.14939498901, 8.48868179321, 8.82796859741, 9.16725635529, 9.50654411316, 9.84583187103]
    bpm_estimates: [88.3314819336, 88.4414215088, 88.4772186279, 88.3360671997, 88.3864440918, 88.39012146, 88.3423690796, 88.2898254395, 88.2866287231]
    bpm_intervals: [0.679005086422, 0.679005205631, 0.679005146027, 0.679004907608, 0.679005146027, 0.679004907608, 0.679005146027, 0.679005146027, 0.375588417053, 0.339287281036, 0.339287757874, 0.339287281036, 0.339287281036, 0.339287757874, 0.339287281036, 0.339286804199, 0.339286804199, 0.339287757874, 0.339287757874, 0.339287757874]
    onset_times: [0.0348299331963, 0.220589563251, 0.325079351664, 0.510838985443, 0.859138309956, 0.986848056316, 1.32353746891, 1.64861679077, 1.88081634045, 2.00852608681, 2.20589566231, 2.29877543449, 2.55419492722, 2.69351482391, 3.00698423386, 3.26240372658, 3.39011335373, 3.5758728981, 3.7151927948, 4.051882267, 4.37696123123, 4.59755086899, 4.76009082794, 4.92263031006, 5.0967798233, 5.28253984451, 5.42185926437, 5.65405893326, 5.7701587677, 5.95591831207, 6.1068482399, 6.28099775314, 6.79183673859, 7.12852621078, 7.31428575516, 7.47682523727, 7.8251247406, 8.0224943161, 8.16181373596, 8.35918331146, 8.66104316711, 9.05578231812, 9.18349170685, 9.39247131348, 9.52018165588, 9.85687065125]
    rubato_start: [6.45295763016]
    rubato_stop: [9.84583187103]
    perceptual_tempo: "unknown"

sfx:
    inharmonicity:
        dmean: 0.0622360408306
        dmean2: 0.110478751361
        dvar: 0.00443362956867
        dvar2: 0.0125981234014
        max: 0.448637157679
        mean: 0.0658351108432
        min: 0.000879350700416
        var: 0.00456896563992
    oddtoevenharmonicenergyratio:
        dmean: 4.36877155304
        dmean2: 8.34222888947
        dvar: 272.095245361
        dvar2: 804.88684082
        max: 163.446578979
        mean: 2.76481246948
        min: 0.00105557951611
        var: 145.401901245
    pitch_after_max_to_before_max_energy_ratio: 12.8275928497
    pitch_centroid: 210.973022461
    pitch_max_to_total: 0.0205949656665
    pitch_min_to_total: 0.610983967781
    tristimulus:
        dmean: [0.167955577374, 0.230856880546, 0.149788364768]
        dmean2: [0.278510123491, 0.39883980155, 0.263075947762]
        dvar: [0.0221168268472, 0.0350655913353, 0.0164096467197]
        dvar2: [0.0604215078056, 0.0991644784808, 0.0448937304318]
        max: [0.944958806038, 0.971704363823, 0.723662674427]
        mean: [0.292539000511, 0.514477491379, 0.166034534574]
        min: [0.00644669635221, 0, 0]
        var: [0.0336110331118, 0.0507148317993, 0.0214265957475]

tonal:
    chords_changes_rate: 0.0818181782961
    chords_number_rate: 0.0227272734046
    chords_strength:
        dmean: 0.0101246116683
        dmean2: 0.0107875801623
        dvar: 6.04177221248e-05
        dvar2: 7.12824548827e-05
        max: 0.812474548817
        mean: 0.548226058483
        min: 0.416671931744
        var: 0.0103798964992
    key_strength: 0.637035250664
    tuning_diatonic_strength: 0.630001664162
    tuning_equal_tempered_deviation: 0.313061237335
    tuning_frequency: 448.985931396
    tuning_nontempered_energy_ratio: 0.968645691872
    hpcp:
        dmean: [0.152342393994, 0.19797834754, 0.254018425941, 0.242555260658, 0.16437548399, 0.133056506515, 0.155056342483, 0.178916722536, 0.188028559089, 0.192055910826, 0.18389929831, 0.1669819206, 0.177719533443, 0.213679939508, 0.246095821261, 0.219546869397, 0.179600968957, 0.149939790368, 0.0965077280998, 0.0976978987455, 0.0943420603871, 0.106946744025, 0.153787359595, 0.172964707017, 0.168545275927, 0.112424790859, 0.0729465782642, 0.0947349965572, 0.15910589695, 0.186867788434, 0.179663583636, 0.173431128263, 0.144988819957, 0.117752350867, 0.1408059448, 0.146336227655]
        dmean2: [0.255574226379, 0.329347521067, 0.423858076334, 0.423606604338, 0.275965809822, 0.229709401727, 0.27004852891, 0.295310348272, 0.292488276958, 0.322889059782, 0.303647369146, 0.287694394588, 0.313746839762, 0.360726803541, 0.417705565691, 0.358710765839, 0.294418692589, 0.244005978107, 0.163723483682, 0.169489219785, 0.165198147297, 0.189975738525, 0.255204468966, 0.282749563456, 0.29127690196, 0.203985914588, 0.129444181919, 0.170569449663, 0.274785488844, 0.311783581972, 0.302950084209, 0.287603825331, 0.248496040702, 0.201147645712, 0.235783338547, 0.242635011673]
        dvar: [0.028598845005, 0.0420473925769, 0.056507114321, 0.06151888147, 0.0370422527194, 0.0333660803735, 0.0428996570408, 0.036014739424, 0.0357840098441, 0.0462358854711, 0.0409544929862, 0.0453645698726, 0.0478769242764, 0.0492170266807, 0.0574025288224, 0.0476465560496, 0.0400390401483, 0.0308500733227, 0.0180582236499, 0.0253845006227, 0.0182071477175, 0.0161968655884, 0.0279714222997, 0.0315551571548, 0.0295466482639, 0.0255997553468, 0.00825376063585, 0.0177454184741, 0.0363701954484, 0.0362449549139, 0.0322940461338, 0.0361796692014, 0.0273417998105, 0.0221635382622, 0.0339185483754, 0.0328893475235]
        dvar2: [0.070660404861, 0.11253092438, 0.141140058637, 0.164801716805, 0.099479675293, 0.0829316526651, 0.111726418138, 0.0909631103277, 0.0771992281079, 0.0936230570078, 0.101253919303, 0.120987325907, 0.128491729498, 0.130928978324, 0.126083344221, 0.111029088497, 0.0987411215901, 0.0796742662787, 0.0486318431795, 0.072945818305, 0.052423723042, 0.0459761023521, 0.0748603716493, 0.0637793987989, 0.074519738555, 0.0741900205612, 0.0188979580998, 0.0490321964025, 0.095880895853, 0.0764907225966, 0.0708364620805, 0.0867033973336, 0.0686092078686, 0.0564716905355, 0.0922588706017, 0.0787879899144]
        max: [1, 1, 1, 1, 1, 1, 1, 1, 1, 1, 1, 1, 1, 1, 1, 1, 1, 1, 1, 0.997045397758, 0.848493158817, 0.827757298946, 1, 1, 1, 1, 0.744207799435, 1, 1, 1, 1, 1, 1, 1, 1, 1]
        mean: [0.204532802105, 0.263513147831, 0.394786030054, 0.336212605238, 0.198933854699, 0.152713790536, 0.169525370002, 0.260847479105, 0.343859285116, 0.315401941538, 0.244054272771, 0.197176903486, 0.195489063859, 0.307508647442, 0.416429162025, 0.3404481709, 0.254903435707, 0.206241458654, 0.116787791252, 0.09452919662, 0.110573500395, 0.124375857413, 0.224813356996, 0.320633083582, 0.235497042537, 0.114961244166, 0.0811120718718, 0.0967851057649, 0.216421857476, 0.329886883497, 0.291639775038, 0.233758047223, 0.187775850296, 0.142630979419, 0.185843005776, 0.235352650285]
        min: [0.00308105885051, 0.0102059124038, 0.0127236600965, 0.00872096978128, 0.00450380612165, 0.00470277341083, 0.00335710728541, 0.00885211396962, 0.00132708193269, 0.0053142872639, 0.00486656697467, 0.00327266473323, 0.00118204823229, 0.00755447894335, 0.00998663064092, 0.00494034262374, 0.00841482076794, 0.00303081143647, 0.00121355324518, 0.00137607543729, 0.00155451381579, 0.00135122099891, 0.00120958581101, 0.00282636471093, 0.00153071305249, 0.00099645962473, 0.000954951450694, 0.00101751054171, 0.00191497371998, 0.00529646594077, 0.01340883784, 0.00155065138824, 0.00103937089443, 0.00145226705354, 0.0032207260374, 0.00436558621004]
        var: [0.0434040687978, 0.0580208748579, 0.0996712967753, 0.0825912356377, 0.0458717420697, 0.0360661298037, 0.0518156737089, 0.0688555091619, 0.09265178442, 0.0782359242439, 0.0639155358076, 0.054708968848, 0.0516988150775, 0.0683803781867, 0.105612769723, 0.0848054140806, 0.0659286230803, 0.0628624632955, 0.0240508615971, 0.0224199350923, 0.0205774493515, 0.0188537854701, 0.0440656132996, 0.0782336443663, 0.0457880236208, 0.0199359469116, 0.00976770929992, 0.0162956621498, 0.0517372898757, 0.0863835215569, 0.0579820238054, 0.0577739067376, 0.0409404970706, 0.0261897090822, 0.043563965708, 0.0606011040509]
    chords_histogram: [39.0909080505, 0.909090936184, 13.1818180084, 0, 0, 0, 0, 0, 0, 0, 0, 0, 0, 0, 0, 0, 0, 0, 0, 0, 0, 6.36363649368, 22.2727279663, 18.1818180084]
    thpcp: [1, 0.817541599274, 0.612117171288, 0.495261818171, 0.280450552702, 0.226999461651, 0.265527755022, 0.298672318459, 0.539859771729, 0.769958257675, 0.56551527977, 0.2760643363, 0.194779992104, 0.232416734099, 0.519708693027, 0.79218006134, 0.700334668159, 0.561339259148, 0.450919061899, 0.34250959754, 0.446277588606, 0.565168499947, 0.491158694029, 0.632792234421, 0.948026835918, 0.807370483875, 0.477713555098, 0.366722136736, 0.407092928886, 0.626390993595, 0.825732946396, 0.757396399975, 0.586064338684, 0.473494470119, 0.469441354275, 0.738441646099]
    chords_key: "A"
    chords_scale: "major"
    key_key: "A"
    key_scale: "major"
    chords_progression: ["A", "A", "A", "A", "A", "A", "A", "A", "A", "A", "A", "A", "A", "A", "A", "A", "A", "A", "A", "A", "A", "A", "A", "A", "A", "A", "A", "A", "A", "A", "A", "A", "A", "A", "A", "A", "A", "A", "A", "A", "A", "F#m", "F#m", "F#m", "F#m", "F#m", "F#m", "F#m", "F#m", "F#m", "F#m", "F#m", "F#m", "F#m", "F#m", "F#m", "D", "D", "D", "D", "D", "D", "Bm", "Bm", "Bm", "Bm", "Bm", "Bm", "Bm", "Bm", "Bm", "Bm", "Bm", "Bm", "Bm", "Bm", "D", "D", "D", "D", "D", "D", "D", "D", "D", "D", "D", "D", "D", "D", "D", "D", "D", "D", "D", "D", "D", "D", "D", "D", "D", "D", "D", "D", "D", "D", "D", "D", "D", "D", "D", "D", "D", "D", "D", "D", "D", "D", "D", "A", "A", "A", "A", "A", "A", "A", "A", "A", "A", "A", "A", "A", "A", "A", "A", "A", "A", "A", "A", "A", "A", "E", "E", "E", "E", "E", "E", "E", "E", "E", "E", "E", "E", "E", "E", "E", "E", "E", "A", "E", "A", "A", "A", "A", "A", "A", "A", "A", "A", "A", "A", "A", "F#m", "F#m", "F#m", "F#m", "F#m", "F#m", "F#m", "F#m", "F#m", "F#m", "F#m", "F#m", "F#m", "C#m", "F#m", "F#m", "F#m", "F#m", "F#m", "A", "C#m", "A", "F#m", "F#m", "F#m", "F#m", "F#m", "F#m", "F#m", "A", "A", "A", "A", "A", "A", "A", "A", "E", "E", "E", "E", "E", "E", "E", "E", "E", "E", "E"]
