
metadata:
    version:
        essentia: "1.2.2"
    audio_properties:
        analysis_sample_rate: 44100
        bitrate: 128
        channels: 2
        equal_loudness: 1
        length: 10.0048980713
        replay_gain: -11.7915611267
        downmix: "mix"
    tags:
        track: 10
        year: 0
        album: "Splitted by Mp3Splt v. 2.1"
        artist: "From 001.30 To 001.40"
        comment: "http://mp3splt.sf.net"
        genre: ""
        title: "04 Anywhere.mp3"

highlevel:
    ballroom:
        all:
            ChaChaCha: 0.13938832283
            Jive: 0.355067580938
            Quickstep: 0.112049140036
            Rumba-American: 0.0199337415397
            Rumba-International: 0.0324780978262
            Rumba-Misc: 0.0249776281416
            Samba: 0.250266581774
            Tango: 0.0256042331457
            VienneseWaltz: 0.0308704599738
            Waltz: 0.00936418399215
        probability: 0.355067580938
        value: "Jive"
    culture:
        all:
            non_western: 0.0103219272569
            western: 0.98967808485
        probability: 0.98967808485
        value: "western"
    gender:
        all:
            female: 0.981042981148
            male: 0.0189570207149
        probability: 0.981042981148
        value: "female"
    genre_dortmund:
        all:
            alternative: 0.0501510873437
            blues: 0.0309845041484
            electronic: 0.0216561667621
            folkcountry: 0.0999912247062
            funksoulrnb: 0.0403850525618
            jazz: 0.185511395335
            pop: 0.15710529685
            raphiphop: 0.0157218053937
            rock: 0.398493468761
        probability: 0.398493468761
        value: "rock"
    genre_electronica:
        all:
            ambient: 0.25289824605
            dnb: 0.362031668425
            house: 0.0166554842144
            techno: 0.00949419196695
            trance: 0.358920425177
        probability: 0.362031668425
        value: "dnb"
    genre_rosamerica:
        all:
            cla: 0.00373785966076
            dan: 0.022064641118
            hip: 0.00194481341168
            jaz: 0.0176262371242
            pop: 0.636975765228
            rhy: 0.0241404119879
            roc: 0.292798966169
            spe: 0.000711294007488
        probability: 0.636975765228
        value: "pop"
    genre_tzanetakis:
        all:
            blu: 0.0013590924209
            cla: 0.00193593814038
            cou: 0.138985082507
            dis: 0.0409057475626
            hip: 0.00122264842503
            jaz: 0.0132603477687
            met: 0.00202555884607
            pop: 0.765869379044
            reg: 0.0140876099467
            roc: 0.0203486010432
        probability: 0.765869379044
        value: "pop"
    live_studio:
        all:
            live: 0.315414607525
            studio: 0.684585392475
        probability: 0.684585392475
        value: "studio"
    mood:
        all:
            Cluster1: 0.281030774117
            Cluster2: 0.300053119659
            Cluster3: 0.0884033814073
            Cluster4: 0.218095958233
            Cluster5: 0.112416759133
        probability: 0.300053119659
        value: "Cluster2"
    mood_acoustic:
        all:
            acoustic: 0.0745530799031
            not_acoustic: 0.925446927547
        probability: 0.925446927547
        value: "not_acoustic"
    mood_aggressive:
        all:
            aggressive: 0.12724006176
            not_aggressive: 0.87275993824
        probability: 0.87275993824
        value: "not_aggressive"
    mood_electronic:
        all:
            electronic: 0.0725007429719
            not_electronic: 0.927499234676
        probability: 0.927499234676
        value: "not_electronic"
    mood_happy:
        all:
            happy: 0.941565871239
            not_happy: 0.058434151113
        probability: 0.941565871239
        value: "happy"
    mood_party:
        all:
            not_party: 0.761913359165
            party: 0.238086655736
        probability: 0.761913359165
        value: "not_party"
    mood_relaxed:
        all:
            not_relaxed: 0.255239278078
            relaxed: 0.74476069212
        probability: 0.74476069212
        value: "relaxed"
    mood_sad:
        all:
            not_sad: 0.355528533459
            sad: 0.644471466541
        probability: 0.644471466541
        value: "sad"
    rhythm:
        all:
            fast: 0.943036317825
            medium: 0.0446396321058
            slow: 0.0123240584508
        probability: 0.943036317825
        value: "fast"
    speech_music:
        all:
            music: 0.999506950378
            speech: 0.000493027502671
        probability: 0.999506950378
        value: "music"
    timbre:
        all:
            bright: 0.971638560295
            dark: 0.0283614192158
        probability: 0.971638560295
        value: "bright"
    voice_instrumental:
        all:
            instrumental: 0.454627633095
            voice: 0.545372366905
        probability: 0.545372366905
        value: "voice"

lowlevel:
    average_loudness: 0.977410137653
    barkbands_kurtosis:
        dmean: 0.612722575665
        dmean2: 0.931995928288
        dvar: 0.623245000839
        dvar2: 1.29395318031
        max: 7.70442962646
        mean: -0.376134425402
        min: -1.7440071106
        var: 1.62843513489
    barkbands_skewness:
        dmean: 0.34073856473
        dmean2: 0.471991479397
        dvar: 0.0989756807685
        dvar2: 0.19433824718
        max: 2.55716919899
        mean: 0.26219689846
        min: -2.81480717659
        var: 0.571207940578
    barkbands_spread:
        dmean: 4.68902492523
        dmean2: 6.92910718918
        dvar: 23.0500526428
        dvar2: 43.7046051025
        max: 72.6169891357
        mean: 27.1836071014
        min: 7.99243879318
        var: 107.726699829
    dissonance:
        dmean: 0.0220556296408
        dmean2: 0.0362107530236
        dvar: 0.00033995238482
        dvar2: 0.000843012647238
        max: 0.499433219433
        mean: 0.447171747684
        min: 0.333685725927
        var: 0.000918011006434
    hfc:
        dmean: 2.35527348518
        dmean2: 3.16629362106
        dvar: 12.5094404221
        dvar2: 31.5704841614
        max: 34.4730415344
        mean: 7.32143163681
        min: 0.126528978348
        var: 33.9734992981
    pitch:
        dmean: 238.856842041
        dmean2: 466.148651123
        dvar: 534840.75
        dvar2: 1519827.125
        max: 4410
        mean: 409.251922607
        min: 99.1011199951
        var: 396802.84375
    pitch_instantaneous_confidence:
        dmean: 0.0864870771766
        dmean2: 0.123385831714
        dvar: 0.00863033719361
        dvar2: 0.0161914564669
        max: 0.926655650139
        mean: 0.56446659565
        min: 0.140271186829
        var: 0.0475968942046
    pitch_salience:
        dmean: 0.0591360405087
        dmean2: 0.0932353883982
        dvar: 0.00304162385873
        dvar2: 0.0065759299323
        max: 0.845836043358
        mean: 0.575250864029
        min: 0.3249964118
        var: 0.00819500815123
    silence_rate_20dB:
        dmean: 0
        dmean2: 0
        dvar: 0
        dvar2: 0
        max: 1
        mean: 1
        min: 1
        var: 0
    silence_rate_30dB:
        dmean: 0
        dmean2: 0
        dvar: 0
        dvar2: 0
        max: 1
        mean: 1
        min: 1
        var: 0
    silence_rate_60dB:
        dmean: 0.1252900213
        dmean2: 0.251162797213
        dvar: 0.109592348337
        dvar2: 0.215986847878
        max: 1
        mean: 0.293981492519
        min: 0
        var: 0.207556545734
    spectral_centroid:
        dmean: 211.159515381
        dmean2: 297.355621338
        dvar: 49534.6328125
        dvar2: 87328.4921875
        max: 3688.80664062
        mean: 1393.12402344
        min: 541.920471191
        var: 218682.390625
    spectral_complexity:
        dmean: 3.03488373756
        dmean2: 4.8298368454
        dvar: 12.6801691055
        dvar2: 29.870803833
        max: 34
        mean: 12.7819023132
        min: 0
        var: 26.4396324158
    spectral_crest:
        dmean: 1.92201244831
        dmean2: 2.99434328079
        dvar: 3.14182662964
        dvar2: 6.34168863297
        max: 20.5414867401
        mean: 8.25552368164
        min: 2.85322332382
        var: 12.0439834595
    spectral_decrease:
        dmean: 2.80552081566e-10
        dmean2: 4.13778178388e-10
        dvar: 1.33114453665e-19
        dvar2: 3.35856421802e-19
        max: -1.39343571404e-11
        mean: -1.13110010247e-09
        min: -3.03021985282e-09
        var: 3.49459303578e-19
    spectral_energy:
        dmean: 0.00124804081861
        dmean2: 0.00181468576193
        dvar: 2.7321741527e-06
        dvar2: 6.98699568602e-06
        max: 0.013897546567
        mean: 0.00493311043829
        min: 6.40680591459e-05
        var: 7.22247659724e-06
    spectral_energyband_high:
        dmean: 0.000153695116751
        dmean2: 0.000230518111493
        dvar: 1.50283568701e-07
        dvar2: 3.48828990582e-07
        max: 0.00599079811946
        mean: 0.000249941280345
        min: 6.72837359161e-06
        var: 1.84622876986e-07
    spectral_energyband_low:
        dmean: 0.000208674231544
        dmean2: 0.000311402924126
        dvar: 1.21137716746e-07
        dvar2: 2.87211889827e-07
        max: 0.00325040705502
        mean: 0.000417616422055
        min: 6.70003998948e-08
        var: 2.13976505847e-07
    spectral_energyband_middle_high:
        dmean: 0.000807379197795
        dmean2: 0.00108066143002
        dvar: 9.76634737526e-07
        dvar2: 2.06583104045e-06
        max: 0.0107949115336
        mean: 0.00268549448811
        min: 5.43548085261e-05
        var: 4.79075788462e-06
    spectral_energyband_middle_low:
        dmean: 0.000553945894353
        dmean2: 0.000835751881823
        dvar: 5.66340361274e-07
        dvar2: 1.34820732001e-06
        max: 0.00803430192173
        mean: 0.00157999119256
        min: 2.91352807835e-06
        var: 1.58431907948e-06
    spectral_flatness_db:
        dmean: 0.0182348433882
        dmean2: 0.0250162817538
        dvar: 0.000301758933347
        dvar2: 0.000545001239516
        max: 0.250864505768
        mean: 0.149659961462
        min: 0.0697673112154
        var: 0.00128520978615
    spectral_flux:
        dmean: 0.0107638249174
        dmean2: 0.0166228730232
        dvar: 0.000131198830786
        dvar2: 0.000275530997897
        max: 0.102250412107
        mean: 0.0370864719152
        min: 0.00800425279886
        var: 0.000283357687294
    spectral_kurtosis:
        dmean: 1.34065401554
        dmean2: 2.03076958656
        dvar: 1.70683324337
        dvar2: 4.01640081406
        max: 11.4182357788
        mean: 4.82229328156
        min: -1.02694690228
        var: 5.3288974762
    spectral_rms:
        dmean: 0.000282894499833
        dmean2: 0.00040174080641
        dvar: 1.20120503766e-07
        dvar2: 2.77824710793e-07
        max: 0.00368219800293
        mean: 0.00210675504059
        min: 0.000250010838499
        var: 3.74369932388e-07
    spectral_rolloff:
        dmean: 395.00894165
        dmean2: 622.354675293
        dvar: 206797.796875
        dvar2: 425601.15625
        max: 5512.5
        mean: 2635.24438477
        min: 409.130859375
        var: 596985.5625
    spectral_skewness:
        dmean: 0.195911794901
        dmean2: 0.2937964499
        dvar: 0.037167340517
        dvar2: 0.0742838010192
        max: 2.62978434563
        mean: 1.76656115055
        min: 0.377410233021
        var: 0.141304567456
    spectral_spread:
        dmean: 991967.9375
        dmean2: 1285631
        dvar: 1.65640876851e+12
        dvar2: 2.58836869939e+12
        max: 20472266
        mean: 5373591
        min: 2706834.75
        var: 4.56926534042e+12
    spectral_strongpeak:
        dmean: 0.49767434597
        dmean2: 0.755294620991
        dvar: 0.73616707325
        dvar2: 1.60759687424
        max: 8.31045818329
        mean: 1.15666162968
        min: 0.0239483099431
        var: 2.01054382324
    zerocrossingrate:
        dmean: 0.00846316292882
        dmean2: 0.00938205700368
        dvar: 6.65273764753e-05
        dvar2: 7.45023062336e-05
        max: 0.173828125
        mean: 0.0795728489757
        min: 0.02978515625
        var: 0.000475142645882
    barkbands:
        dmean: [6.86768089508e-07, 0.000109279062599, 0.000129752370412, 5.07913537149e-05, 0.00021749001462, 0.000152913460624, 7.03096593497e-05, 0.000120979078929, 0.000188157442608, 0.000270038231974, 8.38462365209e-05, 6.08674199611e-05, 5.81300118938e-05, 7.5518299127e-05, 0.000146550213685, 0.000130804197397, 0.000191956060007, 0.000199114670977, 0.000108114785689, 0.000117322102597, 5.31967671122e-05, 1.92316638277e-05, 5.66166136196e-06, 4.80635435451e-06, 3.15160878017e-06, 1.52487487526e-07, 2.76681322298e-09]
        dmean2: [1.03288243736e-06, 0.000168112383108, 0.000207778488402, 8.7621192506e-05, 0.000368196429918, 0.000230507212109, 0.000115067901788, 0.000188660182175, 0.000263835390797, 0.000391193170799, 0.000127675637486, 0.000100313896837, 9.35398347792e-05, 0.000111386078061, 0.000213631181396, 0.000180757968337, 0.00028641911922, 0.000295930716675, 0.000183553289389, 0.00017118814867, 8.93922042451e-05, 3.33539101121e-05, 8.87846545083e-06, 7.26728057998e-06, 4.73023783343e-06, 2.41800620415e-07, 3.62571239698e-09]
        dvar: [2.24510666134e-12, 2.73623790292e-08, 5.76997614132e-08, 1.05144861706e-08, 1.51675408233e-07, 4.86949716105e-08, 1.13078684194e-08, 5.54186350143e-08, 1.58897890401e-07, 1.64437693684e-07, 4.48226273875e-08, 1.19405321186e-08, 1.20098038181e-08, 3.9411592212e-08, 8.51889367937e-08, 6.54834337865e-08, 1.44279880487e-07, 9.47571550114e-08, 4.03375892688e-08, 1.23235835758e-07, 1.84555339899e-08, 4.37473168802e-09, 2.01107255848e-10, 1.02455641193e-10, 3.64372941541e-11, 7.00467380496e-14, 8.70157581989e-16]
        dvar2: [5.07738122379e-12, 6.65284360934e-08, 1.44560829085e-07, 2.91504473893e-08, 4.09364076859e-07, 1.1673709821e-07, 2.89837362999e-08, 1.22673938563e-07, 2.83228644093e-07, 3.0610405588e-07, 9.55470085273e-08, 3.1345692264e-08, 2.69609490289e-08, 7.7510811991e-08, 1.42529799518e-07, 1.08537300036e-07, 2.944685491e-07, 1.97410116698e-07, 1.12692852383e-07, 2.69660688446e-07, 4.83276707541e-08, 1.23957377696e-08, 4.40155939474e-10, 1.68720870608e-10, 8.15898737461e-11, 1.58243061124e-13, 8.76822090158e-16]
        max: [1.20538970805e-05, 0.0014521270059, 0.00291461660527, 0.00077835272532, 0.00341916270554, 0.00278322189115, 0.00077221239917, 0.00302098784596, 0.00753004755825, 0.00545595167205, 0.0036339215003, 0.00125393155031, 0.00127179187257, 0.00346136814915, 0.00448026368394, 0.00527313631028, 0.00422798004001, 0.00417983485386, 0.00246472517028, 0.00629579555243, 0.00111725239549, 0.000591895077378, 0.000207308796234, 0.000113250796858, 6.1330065364e-05, 1.36271341944e-06, 6.12488179286e-07]
        mean: [8.3258049699e-07, 0.000187232813914, 0.000229620287428, 6.50034489809e-05, 0.000365497340681, 0.000315291865263, 0.000123027959489, 0.000208451034268, 0.000422237208113, 0.000661680765916, 0.000157942908118, 8.94492259249e-05, 9.47386215557e-05, 0.000115200091386, 0.000302704953356, 0.00025129065034, 0.00037272949703, 0.000465149467345, 0.000182420219062, 0.00021316423954, 7.15947680874e-05, 1.87548048416e-05, 6.72366650178e-06, 7.41691155781e-06, 4.7887265282e-06, 1.64835313399e-07, 2.54127052735e-09]
        min: [9.88222004228e-11, 1.16377645298e-08, 1.55632342569e-08, 5.34819832865e-08, 1.12105158223e-06, 3.76866410079e-07, 1.71420424522e-07, 2.29928389217e-07, 5.95156620875e-07, 2.43858062277e-06, 1.52562699895e-06, 9.93800767901e-07, 1.76181185907e-06, 1.80599968758e-07, 2.29352508541e-06, 2.84238558379e-06, 2.1691926122e-06, 3.71097848983e-06, 3.30647867486e-06, 1.25273800222e-06, 2.59568923866e-06, 8.1002309571e-07, 1.08351954964e-07, 7.75766153538e-08, 8.36386817582e-08, 2.0254036226e-09, 2.02694827069e-12]
        var: [3.08675459325e-12, 4.2974093617e-08, 9.6101643976e-08, 9.80359526892e-09, 1.71522799519e-07, 1.12322723567e-07, 1.8536701063e-08, 1.54737762159e-07, 9.46583497807e-07, 9.47067690049e-07, 1.28630730956e-07, 1.46561802694e-08, 1.79610619711e-08, 7.43751158438e-08, 4.07063794228e-07, 2.67913577545e-07, 4.27523900726e-07, 4.351247469e-07, 3.79264655237e-08, 1.77410782953e-07, 1.57582036309e-08, 2.93383783934e-09, 2.57820487182e-10, 2.07209957526e-10, 6.28943078174e-11, 8.00487199313e-14, 8.70429373686e-16]
    mfcc:
        mean: [-708.112426758, 116.782051086, -48.4552726746, 36.2639770508, -4.53482723236, -17.7801780701, 3.85492610931, -2.04689025879, 3.06070208549, -1.55230212212, -10.6960363388, -3.369754076, -6.71607351303]
        cov: [[1301.86425781, -366.891143799, 123.486320496, -97.8722305298, 22.6827697754, 0.501610219479, -78.400062561, 4.50648498535, 31.0257320404, -16.5877132416, -19.5949611664, 6.19673156738, -18.6285858154], [-366.891143799, 774.625366211, -207.972564697, 48.2038002014, 9.82977867126, 114.922096252, 189.388870239, 39.2885246277, 8.32580757141, 115.19834137, 26.4000320435, 0.351927727461, -0.602666020393], [123.486320496, -207.972564697, 644.907165527, 99.4812316895, 85.0651626587, 138.131942749, 8.02179908752, 35.3747215271, 34.4204063416, -21.0050411224, 94.1274490356, 83.1734085083, 72.2785644531], [-97.8722305298, 48.2038002014, 99.4812316895, 292.094482422, 143.545578003, 47.8597412109, 40.7799949646, 56.8180503845, 70.2527389526, -5.5392537117, 33.3282432556, 72.3508071899, 44.5156745911], [22.6827697754, 9.82977867126, 85.0651626587, 143.545578003, 235.925033569, 36.986656189, 14.7447223663, 52.7972602844, 82.9487533569, 38.9496803284, 15.9584789276, 44.9798316956, 14.5916538239], [0.501610219479, 114.922096252, 138.131942749, 47.8597412109, 36.986656189, 234.613677979, 119.252090454, 55.7538108826, 5.39487409592, 49.93699646, 43.1153755188, 17.4118919373, 50.1759185791], [-78.400062561, 189.388870239, 8.02179908752, 40.7799949646, 14.7447223663, 119.252090454, 216.191818237, 80.9095306396, 1.58142673969, 69.4092254639, -5.14510679245, 39.7556190491, 20.7872848511], [4.50648498535, 39.2885246277, 35.3747215271, 56.8180503845, 52.7972602844, 55.7538108826, 80.9095306396, 120.860832214, 54.1981239319, 25.5939769745, 0.330713272095, 27.421792984, 26.5873432159], [31.0257320404, 8.32580757141, 34.4204063416, 70.2527389526, 82.9487533569, 5.39487409592, 1.58142673969, 54.1981239319, 139.758834839, 35.6952629089, 13.1930875778, 18.2843132019, 9.2011089325], [-16.5877132416, 115.19834137, -21.0050411224, -5.5392537117, 38.9496803284, 49.93699646, 69.4092254639, 25.5939769745, 35.6952629089, 113.926017761, -0.00211786990985, 4.10908555984, -4.19971227646], [-19.5949611664, 26.4000320435, 94.1274490356, 33.3282432556, 15.9584789276, 43.1153755188, -5.14510679245, 0.330713272095, 13.1930875778, -0.00211786990985, 79.6151199341, 27.8603630066, 28.2174663544], [6.19673156738, 0.351927727461, 83.1734085083, 72.3508071899, 44.9798316956, 17.4118919373, 39.7556190491, 27.421792984, 18.2843132019, 4.10908555984, 27.8603630066, 87.818107605, 29.3703155518], [-18.6285858154, -0.602666020393, 72.2785644531, 44.5156745911, 14.5916538239, 50.1759185791, 20.7872848511, 26.5873432159, 9.2011089325, -4.19971227646, 28.2174663544, 29.3703155518, 69.1576461792]]
        icov: [[0.000973342277575, 0.000441091222456, 1.17832651085e-05, 0.000519108201843, -0.00015876890393, -0.000527388590854, 0.000295052712318, -0.000137315495522, -0.000322326319292, -1.04331761008e-07, 0.000293067074381, -0.000599760387558, 0.00047782092588], [0.000441091222456, 0.00250577204861, 0.00101669656578, -0.000367918430129, 7.74396357883e-06, -0.000560503569432, -0.00173859798815, 0.000502111273818, -0.000120867807709, -0.00107128068339, -0.00195350428112, 0.000541720655747, 0.000567500595935], [1.17832651085e-05, 0.00101669656578, 0.00281873252243, 6.84930091666e-06, -0.00039946383913, -0.00171152420808, -1.04509617813e-05, 0.00020214500546, -0.000260668020928, 0.000469336198876, -0.00205215695314, -0.00145494099706, -0.000168447935721], [0.000519108201843, -0.000367918430129, 6.84930091666e-06, 0.00692803878337, -0.0033521107398, -0.000563726294786, -0.000662717968225, 0.000216389220441, -0.00199242657982, 0.00321361562237, 0.000160775598488, -0.00299640209414, -0.00143056118395], [-0.00015876890393, 7.74396357883e-06, -0.00039946383913, -0.0033521107398, 0.00797705631703, -0.000903496751562, 0.00230618170463, -0.00156949320808, -0.00150676688645, -0.00305088120513, 0.00114568427671, -0.00179306813516, 0.00172434537672], [-0.000527388590854, -0.000560503569432, -0.00171152420808, -0.000563726294786, -0.000903496751562, 0.0100111551583, -0.00489145610482, -0.000626786146313, 0.00167977437377, -0.0016971520381, -0.00385443447158, 0.00544455973431, -0.0044229561463], [0.000295052712318, -0.00173859798815, -1.04509617813e-05, -0.000662717968225, 0.00230618170463, -0.00489145610482, 0.01396769844, -0.00653088372201, 0.00298189278692, -0.0045443684794, 0.00521511025727, -0.00665170140564, 0.00190086802468], [-0.000137315495522, 0.000502111273818, 0.00020214500546, 0.000216389220441, -0.00156949320808, -0.000626786146313, -0.00653088372201, 0.0162681974471, -0.00600798148662, 0.00238752318546, 0.00189575215336, 0.000260979722952, -0.00382846966386], [-0.000322326319292, -0.000120867807709, -0.000260668020928, -0.00199242657982, -0.00150676688645, 0.00167977437377, 0.00298189278692, -0.00600798148662, 0.0126663055271, -0.00474626990035, -0.00183806847781, 0.000922552135307, 0.000364433595678], [-1.04331761008e-07, -0.00107128068339, 0.000469336198876, 0.00321361562237, -0.00305088120513, -0.0016971520381, -0.0045443684794, 0.00238752318546, -0.00474626990035, 0.0156633798033, 1.35635755214e-05, -8.31717989058e-05, 0.00136711809319], [0.000293067074381, -0.00195350428112, -0.00205215695314, 0.000160775598488, 0.00114568427671, -0.00385443447158, 0.00521511025727, 0.00189575215336, -0.00183806847781, 1.35635755214e-05, 0.0215741377324, -0.00625595124438, -0.00353880785406], [-0.000599760387558, 0.000541720655747, -0.00145494099706, -0.00299640209414, -0.00179306813516, 0.00544455973431, -0.00665170140564, 0.000260979722952, 0.000922552135307, -8.31717989058e-05, -0.00625595124438, 0.0215468984097, -0.00510627683252], [0.00047782092588, 0.000567500595935, -0.000168447935721, -0.00143056118395, 0.00172434537672, -0.0044229561463, 0.00190086802468, -0.00382846966386, 0.000364433595678, 0.00136711809319, -0.00353880785406, -0.00510627683252, 0.0230828840286]]
    spectral_contrast:
        mean: [-2.37649317114e-07, 5.53175338869e-10, 9.53881738042e-08, -2.95101756365e-07, -4.14777787228e-07, 1.80300588681e-07, -1.42276701354e-06, -3.8621319618e-06, 2.19088565245e-06, -1.47905254266e-07, 1.52385985075e-06, 4.96008169648e-07]
        var: [0.000351412279997, 0.00113564787898, 0.00208013039082, 0.00276109809056, 0.00399879273027, 0.00859510619193, 0.0640331432223, 0.0978096053004, 0.132700204849, 0.396046459675, 0.651105284691, 1.12674868107]

rhythm:
    beats_loudness:
        dmean: 0.00239185546525
        dmean2: 0.00452204467729
        dvar: 3.4021418287e-06
        dvar2: 8.51332242746e-06
        max: 0.0092783048749
        mean: 0.00511495070532
        min: 0.00125102209859
        var: 5.07968979946e-06
    beats_loudness_bass:
        dmean: 0.0909156501293
        dmean2: 0.175986424088
        dvar: 0.0159118883312
        dvar2: 0.040136333555
        max: 0.469234377146
        mean: 0.114273771644
        min: 0.00025835778797
        var: 0.0164426807314
    bpm: 102.701065063
    bpm_confidence: 0
    first_peak_bpm: 103
    first_peak_spread: 0
    first_peak_weight: 0.9375
    onset_rate: 4.39784622192
    second_peak_bpm: 76
    second_peak_spread: 0
    second_peak_weight: 0.0625
    beats_position: [0.0473110415041, 0.629870951176, 1.21243083477, 1.79499077797, 2.37755060196, 2.96011042595, 3.54267024994, 4.12523031235, 4.70778989792, 5.29034996033, 5.87291002274, 6.66305351257, 7.2506403923, 7.8382267952, 8.42581367493, 9.01340103149, 9.60098743439]
    bpm_estimates: [103.298545837, 102.889129639, 103.413589478, 102.524993896, 102.781539917, 102.935317993, 103.732223511, 102.915412903, 102.67905426, 102.779296875, 102.186828613, 102.365493774, 101.633666992, 102.395942688, 101.984817505]
    bpm_intervals: [0.582559883595, 0.582559883595, 0.582559943199, 0.58255982399, 0.58255982399, 0.58255982399, 0.582560062408, 0.582559585571, 0.582560062408, 0.582560062408, 0.790143489838, 0.58758687973, 0.587586402893, 0.58758687973, 0.587587356567, 0.587586402893]
    onset_times: [0.0348299331963, 0.31346938014, 0.46439909935, 0.626938760281, 0.777868509293, 0.917188227177, 1.2190476656, 1.52090704441, 1.764716506, 2.08979582787, 2.38004541397, 2.68190479279, 2.92571425438, 3.25079369545, 3.56426310539, 3.85451245308, 3.97061228752, 4.27247142792, 4.37696123123, 4.60916090012, 4.72526073456, 5.16644001007, 5.42185926437, 5.61922883987, 5.89786863327, 6.025578022, 6.15328788757, 6.5015873909, 6.61768722534, 7.0936961174, 7.26784563065, 7.39555549622, 7.56970500946, 7.69741487503, 7.98766422272, 8.13859367371, 8.28952407837, 8.55655288696, 8.75392246246, 8.87002277374, 9.13705253601, 9.45052146912, 9.74077129364, 9.84526062012]
    rubato_start: []
    rubato_stop: []
    perceptual_tempo: "unknown"

sfx:
    inharmonicity:
        dmean: 0.0523128286004
        dmean2: 0.0946385934949
        dvar: 0.00395248970017
        dvar2: 0.0114898923784
        max: 0.365717589855
        mean: 0.0521196201444
        min: 0
        var: 0.00363682419993
    oddtoevenharmonicenergyratio:
        dmean: 3.44848322868
        dmean2: 6.33511590958
        dvar: 141.823638916
        dvar2: 428.789764404
        max: 147.401916504
        mean: 2.61558437347
        min: 0
        var: 80.6139678955
    pitch_after_max_to_before_max_energy_ratio: 5.4240231514
    pitch_centroid: 220.451278687
    pitch_max_to_total: 0.155452430248
    pitch_min_to_total: 0.278422266245
    tristimulus:
        dmean: [0.17917278409, 0.226128920913, 0.113637916744]
        dmean2: [0.310811400414, 0.399874269962, 0.201824069023]
        dvar: [0.0296674855053, 0.0451146997511, 0.0151403453201]
        dvar2: [0.0812677070498, 0.125100716949, 0.0414650291204]
        max: [1, 0.963621616364, 0.74055480957]
        mean: [0.339846760035, 0.50518143177, 0.117146097124]
        min: [0.000536990759429, 0, 0]
        var: [0.0438412316144, 0.0571544617414, 0.0151926027611]

tonal:
    chords_changes_rate: 0.0645161271095
    chords_number_rate: 0.0322580635548
    chords_strength:
        dmean: 0.0114560415968
        dmean2: 0.00955101381987
        dvar: 6.64493636577e-05
        dvar2: 8.44889436848e-05
        max: 0.716336846352
        mean: 0.509825408459
        min: 0.368696630001
        var: 0.00628174003214
    key_strength: 0.668159782887
    tuning_diatonic_strength: 0.588341534138
    tuning_equal_tempered_deviation: 0.0916239991784
    tuning_frequency: 441.782684326
    tuning_nontempered_energy_ratio: 0.752977252007
    hpcp:
        dmean: [0.210818886757, 0.146124616265, 0.0757084861398, 0.0809475034475, 0.0836472064257, 0.0981822311878, 0.111573457718, 0.0931315347552, 0.126432001591, 0.135009258986, 0.0904023647308, 0.0819624811411, 0.077346406877, 0.128179863095, 0.205000430346, 0.195192620158, 0.153767690063, 0.0815861225128, 0.0819738730788, 0.0694589018822, 0.114046290517, 0.161992162466, 0.143553331494, 0.140650033951, 0.166016697884, 0.143891751766, 0.11075104028, 0.0941890254617, 0.0904842987657, 0.141336083412, 0.150802478194, 0.138093605638, 0.106819927692, 0.10367295146, 0.123707547784, 0.168726980686]
        dmean2: [0.327911585569, 0.23666895926, 0.12611348927, 0.138779953122, 0.142974048853, 0.155905991793, 0.180021867156, 0.158027455211, 0.20537224412, 0.215613126755, 0.145752578974, 0.139499410987, 0.133156016469, 0.220831796527, 0.339257061481, 0.317722946405, 0.267330557108, 0.140486061573, 0.148196309805, 0.121763460338, 0.196319267154, 0.285802811384, 0.251254051924, 0.230345830321, 0.274872601032, 0.233972609043, 0.185718879104, 0.151777654886, 0.152650073171, 0.237963140011, 0.249365255237, 0.239552825689, 0.182938054204, 0.18413977325, 0.20732550323, 0.250255972147]
        dvar: [0.0441374517977, 0.026927229017, 0.0164874028414, 0.0221420954913, 0.0267539527267, 0.0228137727827, 0.0304189585149, 0.0137601578608, 0.0229984838516, 0.0235894881189, 0.0139372879639, 0.0221078544855, 0.0192658826709, 0.0301424171776, 0.0548125915229, 0.0417992807925, 0.041668754071, 0.019476858899, 0.0338263474405, 0.0230560190976, 0.0325963646173, 0.0496024563909, 0.0396001674235, 0.0415069498122, 0.0465070009232, 0.0319656059146, 0.0232901852578, 0.0163106769323, 0.0194095838815, 0.0409941598773, 0.044182986021, 0.039152905345, 0.028409557417, 0.0334954671562, 0.030352242291, 0.0315499007702]
        dvar2: [0.0868463143706, 0.0605769231915, 0.047376267612, 0.0567075423896, 0.0704442560673, 0.0515386834741, 0.0661226063967, 0.0277517177165, 0.0554713010788, 0.0621026158333, 0.0350868701935, 0.0548622012138, 0.0501737818122, 0.0815360993147, 0.145043313503, 0.0845636352897, 0.108011484146, 0.0518682077527, 0.0953783690929, 0.0626976042986, 0.0878634527326, 0.122533373535, 0.103602334857, 0.101626597345, 0.100940749049, 0.0857985913754, 0.0615049488842, 0.0366904959083, 0.049907118082, 0.0853980630636, 0.0982788205147, 0.100889451802, 0.0726474747062, 0.09862075001, 0.0781085193157, 0.0573466308415]
        max: [1, 1, 0.929559230804, 1, 1, 1, 1, 1, 1, 1, 0.866157650948, 1, 1, 1, 1, 1, 1, 0.768844366074, 1, 1, 1, 1, 1, 1, 1, 1, 1, 1, 1, 1, 1, 1, 1, 1, 1, 1]
        mean: [0.423878967762, 0.196679651737, 0.0830285027623, 0.0962603539228, 0.0928578302264, 0.131592929363, 0.153550580144, 0.122285045683, 0.186918929219, 0.21773982048, 0.132356345654, 0.090640515089, 0.0801039412618, 0.133408561349, 0.327396631241, 0.381328225136, 0.196929141879, 0.0781712606549, 0.0611008144915, 0.053761921823, 0.130573183298, 0.209742188454, 0.168285429478, 0.194305852056, 0.249632701278, 0.17758885026, 0.142332747579, 0.125157997012, 0.107732154429, 0.23787471652, 0.314390540123, 0.198061257601, 0.10493516922, 0.0893286243081, 0.148768097162, 0.370843857527]
        min: [0.00769871100783, 0.00389350787736, 0.00124639295973, 0.00107445055619, 0.0010163980769, 0.00149091833737, 0.00119768304285, 0.00188953417819, 0.00792516861111, 0.00505232438445, 0.00299429008737, 0.00262569915503, 0.00192384724505, 0.00346553116105, 0.00717192143202, 0.00704567227513, 0.00167640217114, 0.000553107238375, 0.000267070980044, 0.000216340005863, 0.00101840728894, 0.00155735295266, 0.00211009639315, 0.00150595675223, 0.0011755337473, 0.000804461247753, 0.00118140620179, 0.00115972699132, 0.000889483897481, 0.00320056336932, 0.00202897796407, 0.00317149516195, 0.00140326505061, 0.000485758413561, 0.00113007007167, 0.0106140384451]
        var: [0.116735503078, 0.0407445281744, 0.015465115197, 0.0274281743914, 0.026623012498, 0.0418068654835, 0.0557592995465, 0.0220347922295, 0.0443168990314, 0.0518956370652, 0.0203804075718, 0.0247682929039, 0.0193857140839, 0.0322975181043, 0.0865267366171, 0.0982640981674, 0.0469835214317, 0.0176107771695, 0.0224806107581, 0.0162636600435, 0.0353113040328, 0.0753852054477, 0.04315527156, 0.0642636716366, 0.0898657590151, 0.0419822894037, 0.0277620777488, 0.0284599475563, 0.019655065611, 0.0765990540385, 0.111636430025, 0.0592110864818, 0.02831511572, 0.0277421362698, 0.043984990567, 0.104200355709]
    chords_histogram: [62.2119827271, 17.5115203857, 5.99078321457, 1.38248848915, 0, 0, 0, 2.7649769783, 0, 0, 5.99078321457, 0, 0, 0, 0, 0, 0, 0, 0, 0, 0, 0, 4.14746522903, 0]
    thpcp: [1, 0.463999539614, 0.195877850056, 0.227093964815, 0.21906684339, 0.310449302197, 0.362251013517, 0.288490474224, 0.440972417593, 0.513683974743, 0.312250316143, 0.213835835457, 0.188978329301, 0.314732670784, 0.772382318974, 0.899615824223, 0.464588135481, 0.184418827295, 0.144146844745, 0.126833185554, 0.308043539524, 0.494816213846, 0.397012919188, 0.458399385214, 0.588924467564, 0.41896122694, 0.335786283016, 0.295268237591, 0.254157811403, 0.561185479164, 0.741698861122, 0.467258989811, 0.247559279203, 0.210740879178, 0.350968331099, 0.874881505966]
    chords_key: "D"
    chords_scale: "minor"
    key_key: "D"
    key_scale: "minor"
    chords_progression: ["Dm", "Dm", "Dm", "Dm", "Dm", "Dm", "Dm", "Dm", "Dm", "Dm", "Dm", "Dm", "Dm", "Dm", "Dm", "Dm", "Dm", "Dm", "Dm", "Dm", "Dm", "Dm", "Dm", "Dm", "Dm", "Dm", "Dm", "Dm", "Dm", "Dm", "Dm", "Dm", "Dm", "Dm", "Dm", "Gm", "Gm", "Gm", "Gm", "Gm", "Gm", "Dm", "Dm", "Dm", "Dm", "Dm", "Dm", "Dm", "Dm", "Dm", "Dm", "Dm", "Dm", "Dm", "Dm", "Dm", "Dm", "Dm", "Dm", "Dm", "Dm", "Dm", "Dm", "F", "F", "F", "F", "F", "F", "F", "F", "F", "F", "F", "F", "F", "F", "F", "F", "F", "F", "F", "F", "F", "F", "F", "F", "F", "F", "F", "F", "F", "F", "F", "F", "F", "F", "F", "F", "F", "F", "Dm", "Dm", "Dm", "Dm", "Dm", "Dm", "Dm", "Dm", "Dm", "Dm", "Dm", "Dm", "Dm", "Dm", "Dm", "Dm", "Dm", "Dm", "Dm", "Dm", "Dm", "Dm", "Dm", "Dm", "Dm", "Dm", "Dm", "Dm", "Dm", "Dm", "Dm", "Dm", "Dm", "Dm", "Dm", "Dm", "Dm", "Dm", "Dm", "Dm", "Dm", "Dm", "Dm", "Dm", "Dm", "Dm", "Dm", "Dm", "Dm", "Dm", "Dm", "C#m", "D", "D", "D", "D", "Am", "Am", "Am", "Am", "D", "D", "Am", "Am", "Am", "Am", "Am", "Am", "Am", "Am", "Am", "C", "C", "C", "C#m", "C#m", "C#m", "C#m", "C#m", "C#m", "C#m", "C#m", "C#m", "C#m", "C#m", "C#m", "Dm", "Dm", "Dm", "Dm", "Dm", "Dm", "Dm", "Dm", "Dm", "Dm", "Dm", "Dm", "Dm", "Dm", "Dm", "Dm", "Dm", "Dm", "Dm", "Dm", "Dm", "Dm", "Dm", "Dm", "Gm", "Gm", "Gm", "Dm", "Dm", "Dm"]
