
metadata:
    version:
        essentia: "1.2.2"
    audio_properties:
        analysis_sample_rate: 44100
        bitrate: 128
        channels: 2
        equal_loudness: 1
        length: 10.0832653046
        replay_gain: 2.4919719696
        downmix: "mix"
    tags:
        track: 2
        year: 0
        album: "Splitted by Mp3Splt v. 2.1"
        artist: "From 000.10 To 000.20"
        comment: "http://mp3splt.sf.net"
        genre: ""
        title: "05 Berlin.mp3"

highlevel:
    ballroom:
        all:
            ChaChaCha: 0.0370442271233
            Jive: 0.181630268693
            Quickstep: 0.0463285595179
            Rumba-American: 0.0437232665718
            Rumba-International: 0.0927089080215
            Rumba-Misc: 0.136598989367
            Samba: 0.0820476785302
            Tango: 0.0272630155087
            VienneseWaltz: 0.10731934011
            Waltz: 0.245335742831
        probability: 0.245335742831
        value: "Waltz"
    culture:
        all:
            non_western: 0.970424056053
            western: 0.0295759215951
        probability: 0.970424056053
        value: "non_western"
    gender:
        all:
            female: 0.71230840683
            male: 0.287691622972
        probability: 0.71230840683
        value: "female"
    genre_dortmund:
        all:
            alternative: 0.00285769253969
            blues: 9.50184112298e-05
            electronic: 0.966991901398
            folkcountry: 0.000465517165139
            funksoulrnb: 0.000179960858077
            jazz: 0.0147761115804
            pop: 0.00148167449515
            raphiphop: 0.00577707728371
            rock: 0.00737502425909
        probability: 0.966991901398
        value: "electronic"
    genre_electronica:
        all:
            ambient: 0.252949625254
            dnb: 0.174153015018
            house: 0.0300358254462
            techno: 0.436527788639
            trance: 0.106333747506
        probability: 0.436527788639
        value: "techno"
    genre_rosamerica:
        all:
            cla: 0.0205232705921
            dan: 0.145801275969
            hip: 0.666443765163
            jaz: 0.0556773617864
            pop: 0.031373206526
            rhy: 0.0524602122605
            roc: 0.0220782216638
            spe: 0.00564269721508
        probability: 0.666443765163
        value: "hip"
    genre_tzanetakis:
        all:
            blu: 0.0470071844757
            cla: 0.102682091296
            cou: 0.0292175076902
            dis: 0.060165040195
            hip: 0.0755302384496
            jaz: 0.0940872654319
            met: 0.0426316261292
            pop: 0.111912243068
            reg: 0.393989473581
            roc: 0.0427773185074
        probability: 0.393989473581
        value: "reg"
    live_studio:
        all:
            live: 0.122531123459
            studio: 0.877468883991
        probability: 0.877468883991
        value: "studio"
    mood:
        all:
            Cluster1: 0.000993062043563
            Cluster2: 0.0231213606894
            Cluster3: 0.956538975239
            Cluster4: 0.00263547059149
            Cluster5: 0.0167111400515
        probability: 0.956538975239
        value: "Cluster3"
    mood_acoustic:
        all:
            acoustic: 0.0712393596768
            not_acoustic: 0.928760647774
        probability: 0.928760647774
        value: "not_acoustic"
    mood_aggressive:
        all:
            aggressive: 0.00753842340782
            not_aggressive: 0.992461562157
        probability: 0.992461562157
        value: "not_aggressive"
    mood_electronic:
        all:
            electronic: 0.938504159451
            not_electronic: 0.0614958666265
        probability: 0.938504159451
        value: "electronic"
    mood_happy:
        all:
            happy: 0.082790337503
            not_happy: 0.917209684849
        probability: 0.917209684849
        value: "not_happy"
    mood_party:
        all:
            not_party: 0.801564395428
            party: 0.198435589671
        probability: 0.801564395428
        value: "not_party"
    mood_relaxed:
        all:
            not_relaxed: 0.259908348322
            relaxed: 0.74009168148
        probability: 0.74009168148
        value: "relaxed"
    mood_sad:
        all:
            not_sad: 0.115044333041
            sad: 0.884955644608
        probability: 0.884955644608
        value: "sad"
    rhythm:
        all:
            fast: 0.17728368938
            medium: 0.732985794544
            slow: 0.0897305011749
        probability: 0.732985794544
        value: "medium"
    speech_music:
        all:
            music: 0.994423925877
            speech: 0.0055760727264
        probability: 0.994423925877
        value: "music"
    timbre:
        all:
            bright: 0.267702966928
            dark: 0.732297062874
        probability: 0.732297062874
        value: "dark"
    voice_instrumental:
        all:
            instrumental: 0.868851423264
            voice: 0.131148546934
        probability: 0.868851423264
        value: "instrumental"

lowlevel:
    average_loudness: 0.973593473434
    barkbands_kurtosis:
        dmean: 2.28709816933
        dmean2: 3.99479937553
        dvar: 15.4101285934
        dvar2: 37.3541793823
        max: 31.9634857178
        mean: 1.52132296562
        min: -1.91237390041
        var: 33.5645866394
    barkbands_skewness:
        dmean: 0.717998087406
        dmean2: 1.19054722786
        dvar: 0.590701878071
        dvar2: 1.50931680202
        max: 4.20312643051
        mean: -0.706264078617
        min: -4.29871273041
        var: 1.74343502522
    barkbands_spread:
        dmean: 10.766866684
        dmean2: 18.0200252533
        dvar: 182.047454834
        dvar2: 416.398010254
        max: 86.7028656006
        mean: 52.7377052307
        min: 2.8691573143
        var: 585.123046875
    dissonance:
        dmean: 0.0106278946623
        dmean2: 0.0194682851434
        dvar: 0.00158968637697
        dvar2: 0.00428315578029
        max: 0.5
        mean: 0.490314602852
        min: 0.130761474371
        var: 0.000934215029702
    hfc:
        dmean: 10.6817340851
        dmean2: 20.828163147
        dvar: 3473.23608398
        dvar2: 10354.0878906
        max: 492.427429199
        mean: 7.70627593994
        min: 0.00096382497577
        var: 1840.52368164
    pitch:
        dmean: 522.960266113
        dmean2: 1025.01452637
        dvar: 1081775.75
        dvar2: 2771826
        max: 4900
        mean: 3718.09960938
        min: 143.18182373
        var: 770503.125
    pitch_instantaneous_confidence:
        dmean: 0.0643037110567
        dmean2: 0.113865666091
        dvar: 0.00224417750724
        dvar2: 0.00689473934472
        max: 0.630011796951
        mean: 0.41237616539
        min: 0.244376599789
        var: 0.0038876272738
    pitch_salience:
        dmean: 0.0849026739597
        dmean2: 0.144474461675
        dvar: 0.00679721683264
        dvar2: 0.0184487830848
        max: 0.95972776413
        mean: 0.639379382133
        min: 0.279746860266
        var: 0.0164932180196
    silence_rate_20dB:
        dmean: 0
        dmean2: 0
        dvar: 0
        dvar2: 0
        max: 1
        mean: 1
        min: 1
        var: 0
    silence_rate_30dB:
        dmean: 0
        dmean2: 0
        dvar: 0
        dvar2: 0
        max: 1
        mean: 1
        min: 1
        var: 0
    silence_rate_60dB:
        dmean: 0.0597701147199
        dmean2: 0.119815669954
        dvar: 0.05619764328
        dvar2: 0.114676296711
        max: 1
        mean: 0.912844061852
        min: 0
        var: 0.0795600786805
    spectral_centroid:
        dmean: 537.419677734
        dmean2: 857.804443359
        dvar: 333825.5625
        dvar2: 777999.5
        max: 6059.35791016
        mean: 2759.79125977
        min: 301.988922119
        var: 1260800.125
    spectral_complexity:
        dmean: 1.66359448433
        dmean2: 2.96073913574
        dvar: 16.8131275177
        dvar2: 43.349395752
        max: 38
        mean: 2.16091942787
        min: 0
        var: 26.2178268433
    spectral_crest:
        dmean: 2.11857175827
        dmean2: 3.61520791054
        dvar: 4.47584342957
        dvar2: 12.9309148788
        max: 18.8382511139
        mean: 8.33868694305
        min: 3.38408780098
        var: 8.31226444244
    spectral_decrease:
        dmean: 4.72009209496e-10
        dmean2: 9.23537246678e-10
        dvar: 6.70353909935e-18
        dvar2: 1.99389090785e-17
        max: -1.14304385727e-13
        mean: -3.50533962967e-10
        min: -2.19546230085e-08
        var: 3.50796709872e-18
    spectral_energy:
        dmean: 0.0027430774644
        dmean2: 0.00535911368206
        dvar: 0.000228430013522
        dvar2: 0.000680053257383
        max: 0.127414569259
        mean: 0.0020219781436
        min: 5.18833644492e-07
        var: 0.00012000722927
    spectral_energyband_high:
        dmean: 0.00131057237741
        dmean2: 0.00254141353071
        dvar: 4.96304564876e-05
        dvar2: 0.00014775483578
        max: 0.0601994991302
        mean: 0.000936137745157
        min: 1.02983022998e-07
        var: 2.64623358817e-05
    spectral_energyband_low:
        dmean: 7.45698416722e-05
        dmean2: 0.000132627552375
        dvar: 2.70654076928e-08
        dvar2: 7.73139277044e-08
        max: 0.00167904188856
        mean: 0.000123354795505
        min: 1.67209520896e-07
        var: 2.01008205636e-08
    spectral_energyband_middle_high:
        dmean: 0.00134684192017
        dmean2: 0.00264468393289
        dvar: 6.24755120953e-05
        dvar2: 0.000186156699783
        max: 0.0684037283063
        mean: 0.000904236221686
        min: 1.1096555852e-07
        var: 3.24751199514e-05
    spectral_energyband_middle_low:
        dmean: 7.30982574169e-05
        dmean2: 0.000138187417178
        dvar: 6.35566124174e-08
        dvar2: 1.86409764069e-07
        max: 0.00179935782216
        mean: 5.8177010942e-05
        min: 1.10723355817e-07
        var: 3.57808040974e-08
    spectral_flatness_db:
        dmean: 0.0193463917822
        dmean2: 0.0330050848424
        dvar: 0.000403962796554
        dvar2: 0.00110305496491
        max: 0.26849168539
        mean: 0.148412391543
        min: 0.0626827701926
        var: 0.000736375164706
    spectral_flux:
        dmean: 0.0115674249828
        dmean2: 0.0210167001933
        dvar: 0.00168699165806
        dvar2: 0.0033696370665
        max: 0.34853720665
        mean: 0.023046258837
        min: 0.00611007772386
        var: 0.00184572965372
    spectral_kurtosis:
        dmean: 0.406518548727
        dmean2: 0.685127317905
        dvar: 0.237713798881
        dvar2: 0.581108152866
        max: 5.39785575867
        mean: 0.729645967484
        min: -0.814070701599
        var: 0.491959214211
    spectral_rms:
        dmean: 0.000403398182243
        dmean2: 0.000745225814171
        dvar: 1.78136065188e-06
        dvar2: 5.19859668202e-06
        max: 0.0111493002623
        mean: 0.000879611005075
        min: 2.24984250963e-05
        var: 1.19894457384e-06
    spectral_rolloff:
        dmean: 476.161712646
        dmean2: 800.458190918
        dvar: 560371.1875
        dvar2: 1358525.25
        max: 8268.75
        mean: 4840.51708984
        min: 150.732421875
        var: 1185203.625
    spectral_skewness:
        dmean: 0.101074010134
        dmean2: 0.168285548687
        dvar: 0.013228116557
        dvar2: 0.0331110097468
        max: 1.71036589146
        mean: 0.675478100777
        min: -0.0426438264549
        var: 0.0365155525506
    spectral_spread:
        dmean: 760073.5625
        dmean2: 1289372.625
        dvar: 905881845760
        dvar2: 1.43636076954e+12
        max: 24966164
        mean: 6972099
        min: 2960043.75
        var: 2.01612879462e+12
    spectral_strongpeak:
        dmean: 0.284726440907
        dmean2: 0.509287238121
        dvar: 0.669545173645
        dvar2: 1.89097356796
        max: 8.66250514984
        mean: 0.314898133278
        min: 0
        var: 0.709970355034
    zerocrossingrate:
        dmean: 0.0135166151449
        dmean2: 0.0171315670013
        dvar: 0.00023230331135
        dvar2: 0.000274868507404
        max: 0.275390625
        mean: 0.144710853696
        min: 0.0205078125
        var: 0.00199689064175
    barkbands:
        dmean: [1.3184026102e-06, 3.7492816773e-05, 4.2036146624e-05, 2.20796810027e-05, 1.98545403691e-05, 3.56698160431e-06, 7.79309448262e-06, 1.27937109937e-05, 1.13783144116e-05, 2.41638804255e-06, 1.31850547405e-05, 2.93860521197e-05, 7.725996511e-06, 2.83366935037e-05, 2.8460402973e-05, 7.24649507902e-05, 7.71683844505e-05, 0.000267130933935, 0.000483136886032, 0.000626113265753, 0.000749493890908, 0.000242054738919, 4.45423174824e-05, 3.05308712996e-05, 2.69170459433e-06, 7.03614091435e-08, 8.63855376121e-10]
        dmean2: [2.19084677155e-06, 6.61217200104e-05, 7.53034255467e-05, 4.02739642595e-05, 3.72706126655e-05, 6.81392521074e-06, 1.51446674863e-05, 2.5078521503e-05, 2.22583348659e-05, 4.47838556283e-06, 2.5794344765e-05, 5.77419777983e-05, 1.48295212057e-05, 5.56284248887e-05, 5.49690666958e-05, 0.000142192075145, 0.000150465770275, 0.000520639761817, 0.000947241438553, 0.00122745893896, 0.00145729351789, 0.0004695757234, 8.17468899186e-05, 4.83832409373e-05, 5.02950115333e-06, 1.23252206663e-07, 1.49393719617e-09]
        dvar: [5.70008320058e-12, 5.79333958584e-09, 1.47346117529e-08, 8.95980711846e-09, 7.22480519855e-09, 8.61433493982e-11, 1.56400892237e-09, 5.54307089118e-09, 5.0529078699e-09, 8.39246311335e-11, 6.65665611521e-09, 3.68866892586e-08, 1.95060767538e-09, 3.19161905793e-08, 2.70740674324e-08, 1.70772423758e-07, 1.80738993549e-07, 2.4711050628e-06, 7.6569540397e-06, 1.25430260596e-05, 1.73378357431e-05, 1.63979723311e-06, 2.47217570859e-08, 1.00228261246e-08, 1.30574634438e-10, 4.5916663348e-14, 4.76108947846e-17]
        dvar2: [1.57239568588e-11, 1.64275792969e-08, 4.25023500839e-08, 2.55537742078e-08, 2.18374509586e-08, 2.52892345953e-10, 4.63427785036e-09, 1.65089222293e-08, 1.50947858657e-08, 2.56493382089e-10, 1.98130560847e-08, 1.09717056773e-07, 5.8678062409e-09, 9.52564107592e-08, 8.07534590308e-08, 5.07955007834e-07, 5.36528034445e-07, 7.37860364097e-06, 2.2815012926e-05, 3.7291290937e-05, 5.14368111908e-05, 4.86519957121e-06, 7.17315771226e-08, 2.09614370306e-08, 3.85926846036e-10, 1.30056745538e-13, 1.23582901098e-16]
        max: [1.62200522027e-05, 0.000649076653644, 0.00141124986112, 0.000948933942709, 0.000927810906433, 7.83464784035e-05, 0.000358057179255, 0.000675823830534, 0.000656855932903, 8.13481165096e-05, 0.000742825330235, 0.00168835266959, 0.000402034551371, 0.00163778383285, 0.00149240740575, 0.00364463008009, 0.00390456919558, 0.0139285065234, 0.0239142738283, 0.0301420502365, 0.0356142818928, 0.0110618788749, 0.00116498989519, 0.000997748225927, 0.000129590247525, 2.02606111088e-06, 9.33524191282e-08]
        mean: [2.63541323875e-06, 7.15621499694e-05, 4.92292674608e-05, 1.8049902792e-05, 1.71247211256e-05, 2.92002869173e-06, 4.72441524835e-06, 7.84455551184e-06, 7.1090662459e-06, 2.36765572481e-06, 7.71545001044e-06, 1.62721098604e-05, 5.2902328207e-06, 1.64791945281e-05, 1.85488352145e-05, 4.59689072159e-05, 5.37449814146e-05, 0.000177566049388, 0.000330453302013, 0.000411070155678, 0.000485205760924, 0.000166529149283, 4.68662547064e-05, 5.29124699824e-05, 3.65216510545e-06, 1.35930733336e-07, 5.16320985966e-10]
        min: [8.68792329745e-11, 7.03565063986e-08, 5.40551567951e-08, 1.358711188e-08, 3.1855282856e-08, 3.94019927796e-09, 7.53060547254e-09, 1.16084386548e-08, 1.06502033859e-08, 4.79569095546e-09, 2.84880874446e-09, 2.84207946066e-09, 1.44622525067e-09, 1.81907666708e-09, 2.28151209036e-09, 1.44920364598e-09, 5.03962160892e-09, 1.23137056107e-08, 1.19617435956e-08, 1.00033311412e-07, 2.89763129047e-08, 2.28767085275e-08, 8.06325317626e-09, 2.29039898159e-09, 1.43642187034e-09, 7.92212406786e-11, 6.87469287226e-14]
        var: [8.64737014633e-12, 5.62852697783e-09, 9.86331993857e-09, 5.77813707991e-09, 4.40907754751e-09, 4.9396441798e-11, 8.13319023241e-10, 2.84612444723e-09, 2.60557220244e-09, 6.50629133903e-11, 3.43789174906e-09, 1.88917397281e-08, 1.02884134545e-09, 1.64332440988e-08, 1.4179442509e-08, 8.8347697158e-08, 9.53342080834e-08, 1.28488147766e-06, 4.00093267672e-06, 6.5658477979e-06, 9.12011182663e-06, 8.650450809e-07, 1.98432328347e-08, 2.69074789117e-08, 8.78978279051e-11, 7.21644423905e-14, 2.43100424552e-17]
    mfcc:
        mean: [-813.979858398, 16.2690258026, -7.55639362335, 74.8536682129, 2.51451539993, 12.8634080887, 10.3559150696, 15.7034101486, 7.37003850937, 10.5163593292, 2.53175926208, 4.43156957626, -2.42386770248]
        cov: [[3214.01000977, -779.915527344, -542.038330078, -338.833892822, -298.203063965, -82.875289917, -174.900527954, -100.495574951, -126.616645813, 33.4287071228, -81.9885177612, 56.8677062988, -32.4973144531], [-779.915527344, 768.016296387, 204.575897217, 208.545440674, 63.2218551636, -10.9652090073, 6.21561670303, -26.35039711, -10.9376173019, -64.4954986572, 7.62748622894, -25.7148761749, 33.1310119629], [-542.038330078, 204.575897217, 354.309875488, 74.9103927612, 68.5605621338, -18.2371940613, -2.44294810295, -14.5140953064, -4.41271209717, -23.9223632812, -10.5820646286, -25.4454860687, -29.3406486511], [-338.833892822, 208.545440674, 74.9103927612, 187.022125244, 60.8894805908, 25.326631546, 22.7080287933, -10.4908981323, 16.1906375885, -27.9117794037, 19.8622341156, -30.5353355408, 14.2049589157], [-298.203063965, 63.2218551636, 68.5605621338, 60.8894805908, 102.445259094, 38.491519928, 47.6560783386, 28.9416294098, 25.8630428314, 8.32776355743, 5.29106903076, -6.92053031921, -4.65991926193], [-82.875289917, -10.9652090073, -18.2371940613, 25.326631546, 38.491519928, 63.3148040771, 54.1246833801, 39.5194129944, 33.9290428162, 21.7428207397, 17.7796764374, 10.6701116562, 9.66065216064], [-174.900527954, 6.21561670303, -2.44294810295, 22.7080287933, 47.6560783386, 54.1246833801, 82.5807876587, 61.0762138367, 48.7836761475, 27.9294071198, 20.7905902863, 14.6925573349, 10.3297576904], [-100.495574951, -26.35039711, -14.5140953064, -10.4908981323, 28.9416294098, 39.5194129944, 61.0762138367, 80.9095077515, 52.8462028503, 42.9782676697, 21.0942344666, 27.8780441284, 8.05408096313], [-126.616645813, -10.9376173019, -4.41271209717, 16.1906375885, 25.8630428314, 33.9290428162, 48.7836761475, 52.8462028503, 70.4990921021, 32.5029029846, 31.2174720764, 12.4992303848, 14.2394561768], [33.4287071228, -64.4954986572, -23.9223632812, -27.9117794037, 8.32776355743, 21.7428207397, 27.9294071198, 42.9782676697, 32.5029029846, 66.7506332397, 24.5393047333, 32.2170448303, 3.73011445999], [-81.9885177612, 7.62748622894, -10.5820646286, 19.8622341156, 5.29106903076, 17.7796764374, 20.7905902863, 21.0942344666, 31.2174720764, 24.5393047333, 53.1564559937, 22.8989295959, 21.6248378754], [56.8677062988, -25.7148761749, -25.4454860687, -30.5353355408, -6.92053031921, 10.6701116562, 14.6925573349, 27.8780441284, 12.4992303848, 32.2170448303, 22.8989295959, 54.2145195007, 22.6481227875], [-32.4973144531, 33.1310119629, -29.3406486511, 14.2049589157, -4.65991926193, 9.66065216064, 10.3297576904, 8.05408096313, 14.2394561768, 3.73011445999, 21.6248378754, 22.6481227875, 44.6296310425]]
        icov: [[0.0007139389636, 0.00039805288543, 0.000683494552504, -0.000198013221961, 0.00107822648715, -0.000543767178897, 0.000750504841562, 0.000688315369189, -8.39473705128e-06, -0.000395781127736, 0.00117268005852, -0.0012420611456, 0.000766948796809], [0.00039805288543, 0.00257102842443, -0.000568048038986, -0.00247453269549, 0.000689243024681, 0.00121238618158, -0.00017137490795, -0.000702344463207, 0.00117756635882, 0.000754492764827, 0.00100575445686, -0.00107350386679, -0.00160999968648], [0.000683494552504, -0.000568048038986, 0.00513785192743, -0.000536706415005, -0.00213389517739, 0.00230963085778, 0.000728716666345, 0.00169459532481, -0.00155076000374, 0.000433784007328, 0.000866681803018, -0.00294648203999, 0.00480455905199], [-0.000198013221961, -0.00247453269549, -0.000536706415005, 0.0130215790123, -0.00497352564707, -0.00408129859716, -0.000111539236968, 0.00338556221686, -0.00119510688819, 0.00220112991519, -0.00657979957759, 0.00783023703843, -0.00361371855251], [0.00107822648715, 0.000689243024681, -0.00213389517739, -0.00497352564707, 0.0219312179834, -0.00680070929229, -0.005694902502, 6.61144295009e-05, 0.000588436319958, -0.00273912283592, 0.00525089539587, -0.00120092905127, 0.0036281212233], [-0.000543767178897, 0.00121238618158, 0.00230963085778, -0.00408129859716, -0.00680070929229, 0.0426467508078, -0.0229576770216, 0.000486137054395, 0.000105562452518, -0.0021936504636, -0.00190447282512, -0.000493786879815, -0.00187107687816], [0.000750504841562, -0.00017137490795, 0.000728716666345, -0.000111539236968, -0.005694902502, -0.0229576770216, 0.050688110292, -0.0225952006876, -0.00523184984922, 0.00331826321781, 0.000550253200345, 0.000621174869593, -0.00128116027918], [0.000688315369189, -0.000702344463207, 0.00169459532481, 0.00338556221686, 6.61144295009e-05, 0.000486137054395, -0.0225952006876, 0.0514112338424, -0.0215353686363, -0.0081127313897, 0.00832429062575, -0.0160685647279, 0.00858254171908], [-8.39473705128e-06, 0.00117756635882, -0.00155076000374, -0.00119510688819, 0.000588436319958, 0.000105562452518, -0.00523184984922, -0.0215353686363, 0.0427817367017, -0.00699723931029, -0.0140899531543, 0.0165652893484, -0.011027761735], [-0.000395781127736, 0.000754492764827, 0.000433784007328, 0.00220112991519, -0.00273912283592, -0.0021936504636, 0.00331826321781, -0.0081127313897, -0.00699723931029, 0.0346283055842, -0.00849816016853, -0.0140733709559, 0.0102189835161], [0.00117268005852, 0.00100575445686, 0.000866681803018, -0.00657979957759, 0.00525089539587, -0.00190447282512, 0.000550253200345, 0.00832429062575, -0.0140899531543, -0.00849816016853, 0.0399214327335, -0.013924065046, -0.00496951024979], [-0.0012420611456, -0.00107350386679, -0.00294648203999, 0.00783023703843, -0.00120092905127, -0.000493786879815, 0.000621174869593, -0.0160685647279, 0.0165652893484, -0.0140733709559, -0.013924065046, 0.0512425787747, -0.0251655746251], [0.000766948796809, -0.00160999968648, 0.00480455905199, -0.00361371855251, 0.0036281212233, -0.00187107687816, -0.00128116027918, 0.00858254171908, -0.011027761735, 0.0102189835161, -0.00496951024979, -0.0251655746251, 0.0458437055349]]
    spectral_contrast:
        mean: [1.05743652057e-07, 3.01911228462e-07, 3.18690013046e-07, 7.90318210875e-07, -3.57653561878e-07, 2.34718982028e-07, 7.6588543152e-07, 4.34538424088e-06, -1.05698904918e-06, 4.91909588618e-07, 3.40870064974e-06, -5.17943817613e-06]
        var: [0.000135662456159, 0.00031702380511, 0.00043976251618, 0.00069114449434, 0.000992568908259, 0.00303539773449, 0.0302443057299, 0.0763762965798, 0.141225665808, 0.220264151692, 0.658231317997, 1.59650981426]

rhythm:
    beats_loudness:
        dmean: 0.00211940566078
        dmean2: 0.00349883781746
        dvar: 7.37373648008e-06
        dvar2: 1.11210247269e-05
        max: 0.0112618189305
        mean: 0.00172758870758
        min: 0.000193423853489
        var: 7.68803147366e-06
    beats_loudness_bass:
        dmean: 0.235407158732
        dmean2: 0.453485488892
        dvar: 0.0290265791118
        dvar2: 0.0778167173266
        max: 0.580377221107
        mean: 0.147981032729
        min: 0.00163696636446
        var: 0.0288227777928
    bpm: 92.4716796875
    bpm_confidence: 0
    first_peak_bpm: 92
    first_peak_spread: 0.0714285969734
    first_peak_weight: 0.928571403027
    onset_rate: 2.18183279037
    second_peak_bpm: 0
    second_peak_spread: 0
    second_peak_weight: 0
    beats_position: [0.494330734015, 1.14317882061, 1.79202699661, 2.44087505341, 3.0897231102, 3.73857140541, 4.38741970062, 5.03626775742, 5.68511581421, 6.3579916954, 7.00684213638, 7.6556930542, 8.3045425415, 8.95339298248, 9.60224342346]
    bpm_estimates: [92.3521957397, 92.3438796997, 92.5595474243, 92.3976287842, 92.6001434326, 92.619178772, 92.6803359985, 92.3055038452, 92.6352081299, 92.2247467041, 92.4927825928, 92.3500747681, 92.6051635742, 92.4293899536, 92.6513900757, 92.6475830078, 92.6791992188, 92.3748855591, 92.2151947021, 92.2694702148]
    bpm_intervals: [0.648848056793, 0.648848176003, 0.648848056793, 0.648848056793, 0.648848295212, 0.648848295212, 0.648848056793, 0.648848056793, 0.672875881195, 0.648850440979, 0.648850917816, 0.648849487305, 0.648850440979, 0.648850440979]
    onset_times: [0.0696598663926, 0.452789127827, 0.766258478165, 0.801088452339, 0.835918366909, 1.78793644905, 2.27555561066, 2.38004541397, 2.60063481331, 3.26240372658, 3.49460315704, 4.40018129349, 5.00390005112, 5.20126962662, 5.86303853989, 7.00081634521, 7.31428575516, 7.34911584854, 7.8251247406, 8.47528362274, 9.61306095123, 10.0658502579]
    rubato_start: []
    rubato_stop: []
    perceptual_tempo: "unknown"

sfx:
    inharmonicity:
        dmean: 0.074853785336
        dmean2: 0.131405875087
        dvar: 0.00430476758629
        dvar2: 0.0125293768942
        max: 0.348273783922
        mean: 0.0970393419266
        min: 0
        var: 0.00505684595555
    oddtoevenharmonicenergyratio:
        dmean: 3.81373214722
        dmean2: 6.29660272598
        dvar: 827.683410645
        dvar2: 2084.26147461
        max: 419.999816895
        mean: 2.48627781868
        min: 0
        var: 418.014373779
    pitch_after_max_to_before_max_energy_ratio: 2.60341930389
    pitch_centroid: 218.060348511
    pitch_max_to_total: 0.282758623362
    pitch_min_to_total: 0.354022979736
    tristimulus:
        dmean: [0.170299828053, 0.324039429426, 0.277640283108]
        dmean2: [0.30942183733, 0.56502622366, 0.490594357252]
        dvar: [0.0419581308961, 0.0566721782088, 0.0445890128613]
        dvar2: [0.109803415835, 0.159343495965, 0.129989758134]
        max: [1, 0.964366257191, 0.906217813492]
        mean: [0.168782234192, 0.444202572107, 0.336000680923]
        min: [0.0114348484203, 0, 0]
        var: [0.0377682484686, 0.0782870575786, 0.0630893409252]

tonal:
    chords_changes_rate: 0.127853885293
    chords_number_rate: 0.0273972600698
    chords_strength:
        dmean: 0.0100628975779
        dmean2: 0.0130954571068
        dvar: 6.46913831588e-05
        dvar2: 0.000116978000733
        max: 0.522564768791
        mean: 0.389631778002
        min: 0.301231265068
        var: 0.00273956125602
    key_strength: 0.471366643906
    tuning_diatonic_strength: 0.408539563417
    tuning_equal_tempered_deviation: 0.282984554768
    tuning_frequency: 454.727905273
    tuning_nontempered_energy_ratio: 0.910052001476
    hpcp:
        dmean: [0.185139834881, 0.211488083005, 0.170806318521, 0.174944505095, 0.162297010422, 0.166916102171, 0.177795112133, 0.13259588182, 0.103040330112, 0.117972202599, 0.157813608646, 0.186530098319, 0.171955049038, 0.138903394341, 0.115499980748, 0.084844507277, 0.0976035520434, 0.0749830082059, 0.0670436769724, 0.0734751373529, 0.0906021669507, 0.104629933834, 0.102379664779, 0.0744604617357, 0.0801855176687, 0.0813287422061, 0.081814520061, 0.088814496994, 0.122508235276, 0.133353859186, 0.163993626833, 0.218315586448, 0.266541212797, 0.262156903744, 0.2631547153, 0.2276160568]
        dmean2: [0.320160359144, 0.382743775845, 0.289807349443, 0.286724060774, 0.268244922161, 0.280482202768, 0.300699651241, 0.230387583375, 0.174012213945, 0.196421384811, 0.271323263645, 0.330601096153, 0.301193356514, 0.233848974109, 0.197791442275, 0.14090411365, 0.158981814981, 0.121585600078, 0.121241219342, 0.130061730742, 0.152686476707, 0.177634760737, 0.180563002825, 0.129894867539, 0.13643617928, 0.13033656776, 0.131848335266, 0.150379613042, 0.208702176809, 0.224073931575, 0.277679413557, 0.385834604502, 0.464563399553, 0.463862687349, 0.470897972584, 0.405208438635]
        dvar: [0.0498515926301, 0.0561952143908, 0.040637999773, 0.0373071655631, 0.037627171725, 0.0426302142441, 0.0468362011015, 0.0271831788123, 0.020583929494, 0.0230463929474, 0.0395050309598, 0.0608920566738, 0.0492742173374, 0.0387360714376, 0.0354896560311, 0.015081230551, 0.0151623506099, 0.00822078622878, 0.0137549275532, 0.011672290042, 0.0185693930835, 0.0258563607931, 0.0171505007893, 0.00898567959666, 0.015919784084, 0.0143671520054, 0.0137067092583, 0.0139034148306, 0.0243835244328, 0.0288159362972, 0.0356099829078, 0.0447166003287, 0.0618561431766, 0.0734401196241, 0.0532593503594, 0.058771289885]
        dvar2: [0.129563465714, 0.16655857861, 0.109666764736, 0.0973128154874, 0.0794703364372, 0.0862265452743, 0.116655088961, 0.0643055588007, 0.0474793687463, 0.0536704622209, 0.101685531437, 0.139693707228, 0.112200781703, 0.0926747098565, 0.0914309471846, 0.0326986499131, 0.0330991670489, 0.0214936528355, 0.0394092239439, 0.0313729532063, 0.0460783690214, 0.0639548376203, 0.0455223917961, 0.0233770534396, 0.0424546971917, 0.0353567823768, 0.0305064227432, 0.0339164808393, 0.0610706545413, 0.0645529553294, 0.0908080562949, 0.132087767124, 0.142413929105, 0.160320207477, 0.135076910257, 0.161299914122]
        max: [1, 1, 1, 1, 1, 1, 1, 1, 1, 1, 1, 1, 1, 1, 1, 1, 0.81590873003, 0.703657090664, 1, 0.714162707329, 1, 1, 0.944108128548, 0.543748855591, 1, 0.796669185162, 0.741146147251, 0.761451423168, 1, 1, 1, 1, 1, 1, 1, 1]
        mean: [0.307635098696, 0.250932782888, 0.241832256317, 0.279022485018, 0.307664960623, 0.320916444063, 0.28900411725, 0.218981564045, 0.197003021836, 0.222150996327, 0.28117120266, 0.314900249243, 0.275752305984, 0.222700729966, 0.17397877574, 0.15999981761, 0.176235735416, 0.121960572898, 0.0727993622422, 0.0884986147285, 0.131712839007, 0.170773074031, 0.1441103369, 0.114109307528, 0.120574988425, 0.13144184649, 0.128049582243, 0.132108956575, 0.18336622417, 0.219009995461, 0.250137895346, 0.335266798735, 0.582695841789, 0.612999498844, 0.381244689226, 0.329195022583]
        min: [0, 0.00780409155414, 0.0145867560059, 0.0175993666053, 0.0138797843829, 0.0132988020778, 0.0115153566003, 0.00663059810176, 0, 0, 0, 0, 0, 0, 0, 0, 0, 0, 0, 0, 0, 0, 0, 0, 0, 0, 0, 0, 0, 0.0114229135215, 0.0224341005087, 0.0190061870962, 0.0182328317314, 0, 0, 0]
        var: [0.0838991776109, 0.0600947663188, 0.0547583736479, 0.0621491596103, 0.0819685459137, 0.100927516818, 0.0843070372939, 0.0479641705751, 0.0471770726144, 0.0543179437518, 0.0737924277782, 0.10919007659, 0.085188806057, 0.0502170175314, 0.0366691611707, 0.0274497717619, 0.0300687756389, 0.0138588612899, 0.0109635507688, 0.0119383344427, 0.0267512556165, 0.0478397607803, 0.0254160426557, 0.0129719022661, 0.0185320079327, 0.0201893337071, 0.0204256828874, 0.0205533821136, 0.0341078564525, 0.044838257134, 0.0585762448609, 0.057018365711, 0.105699449778, 0.115924730897, 0.0722340792418, 0.0871730297804]
    chords_histogram: [22.8310508728, 13.2420091629, 17.3515987396, 0, 0, 0, 0, 33.7899551392, 0.45662099123, 0, 0, 0, 0, 0, 4.56621026993, 0, 0, 0, 0, 7.76255702972, 0, 0, 0, 0]
    thpcp: [1, 0.621933102608, 0.537023305893, 0.501852095127, 0.409352332354, 0.394506454468, 0.455175727606, 0.501900851727, 0.523518264294, 0.4714589715, 0.357229590416, 0.321375489235, 0.362399965525, 0.458680957556, 0.513703942299, 0.449840992689, 0.363296747208, 0.283815532923, 0.261011332273, 0.287497341633, 0.198957055807, 0.118759252131, 0.144369795918, 0.214866146445, 0.278586000204, 0.235090464354, 0.18614910543, 0.196696713567, 0.214424073696, 0.20889018476, 0.2155123353, 0.299129486084, 0.357275992632, 0.408055633307, 0.546928346157, 0.950564980507]
    chords_key: "C"
    chords_scale: "major"
    key_key: "C"
    key_scale: "minor"
    chords_progression: ["Em", "C", "C", "C", "C", "C", "C", "C", "C", "C", "C", "C", "C", "C", "C", "C", "C", "C", "C", "C", "C", "C", "C", "C", "C", "C#m", "C#m", "C#m", "C#m", "C#m", "C#m", "C#m", "C#m", "C#m", "C#m", "Cm", "Cm", "C", "Cm", "Cm", "Cm", "Cm", "Cm", "Cm", "Cm", "C", "C", "C", "Cm", "Cm", "Cm", "Cm", "Cm", "Cm", "Cm", "Cm", "Cm", "Cm", "Cm", "Gm", "Cm", "Cm", "Cm", "Cm", "Cm", "Cm", "Cm", "Cm", "Cm", "Cm", "Cm", "Cm", "Cm", "Cm", "Cm", "Cm", "Cm", "Cm", "Cm", "Cm", "Cm", "Cm", "Gm", "Gm", "Gm", "Gm", "Gm", "Gm", "Gm", "Gm", "Gm", "Gm", "Gm", "Gm", "Gm", "Gm", "Gm", "Gm", "Gm", "Gm", "Gm", "D#", "D#", "D#", "D#", "D#", "D#", "D#", "D#", "D#", "D#", "D#", "D#", "D#", "D#", "Gm", "Gm", "Gm", "Gm", "Gm", "Gm", "D#", "D#", "D#", "D#", "D#", "D#", "D#", "D#", "D#", "D#", "Cm", "Cm", "D#", "D#", "D#", "D#", "D#", "Cm", "C", "C", "C", "C", "C", "C", "C", "C", "C", "Gm", "Gm", "C", "C", "C", "C", "Gm", "C", "C", "C", "C", "C", "C", "C", "C", "C", "C", "Gm", "Gm", "Gm", "Gm", "Gm", "C", "F#", "F#", "F#", "F#", "F#", "F#", "F#", "F#", "F#", "F#", "F#", "F#", "F#", "F#", "F#", "F#", "F#", "Cm", "Cm", "Cm", "Cm", "Cm", "C", "C", "C", "C", "C", "Gm", "Gm", "Gm", "Gm", "C", "C", "C", "C", "C", "C", "C", "C", "C", "C", "C", "C", "C", "C", "C", "C", "C"]
