
metadata:
    version:
        essentia: "1.2.2"
    audio_properties:
        analysis_sample_rate: 44100
        bitrate: 128
        channels: 2
        equal_loudness: 1
        length: 9.97877597809
        replay_gain: -13.3709163666
        downmix: "mix"
    tags:
        track: 17
        year: 0
        album: "Splitted by Mp3Splt v. 2.1"
        artist: "From 002.40 To 002.50"
        comment: "http://mp3splt.sf.net"
        genre: ""
        title: "04 Card Tricks.mp3"

highlevel:
    ballroom:
        all:
            ChaChaCha: 0.529813408852
            Jive: 0.157286852598
            Quickstep: 0.0335005559027
            Rumba-American: 0.00663597416133
            Rumba-International: 0.0150967724621
            Rumba-Misc: 0.0264873672277
            Samba: 0.225021928549
            Tango: 0.00246353121474
            VienneseWaltz: 0.0020564571023
            Waltz: 0.00163715123199
        probability: 0.529813408852
        value: "ChaChaCha"
    culture:
        all:
            non_western: 0.262219309807
            western: 0.737780690193
        probability: 0.737780690193
        value: "western"
    gender:
        all:
            female: 0.226520746946
            male: 0.773479282856
        probability: 0.773479282856
        value: "male"
    genre_dortmund:
        all:
            alternative: 0.000437723501818
            blues: 0.00225597340614
            electronic: 0.00377741479315
            folkcountry: 0.0010652274359
            funksoulrnb: 0.00286126881838
            jazz: 0.00468077231199
            pop: 0.00298645254225
            raphiphop: 0.963968038559
            rock: 0.0179671104997
        probability: 0.963968038559
        value: "raphiphop"
    genre_electronica:
        all:
            ambient: 0.178439572453
            dnb: 0.242933541536
            house: 0.463065236807
            techno: 0.0697476267815
            trance: 0.0458140298724
        probability: 0.463065236807
        value: "house"
    genre_rosamerica:
        all:
            cla: 0.00375356082805
            dan: 0.0206660553813
            hip: 0.814667761326
            jaz: 0.00884490460157
            pop: 0.0579145215452
            rhy: 0.0585026778281
            roc: 0.00899551436305
            spe: 0.0266549736261
        probability: 0.814667761326
        value: "hip"
    genre_tzanetakis:
        all:
            blu: 0.00123442185577
            cla: 0.00121610367205
            cou: 0.00280537735671
            dis: 0.00730440113693
            hip: 0.563031852245
            jaz: 0.00120041053742
            met: 0.00155321450438
            pop: 0.273728370667
            reg: 0.138383537531
            roc: 0.00954228732735
        probability: 0.563031852245
        value: "hip"
    live_studio:
        all:
            live: 0.0116498181596
            studio: 0.988350152969
        probability: 0.988350152969
        value: "studio"
    mood:
        all:
            Cluster1: 0.270622462034
            Cluster2: 0.242536231875
            Cluster3: 0.0577936433256
            Cluster4: 0.215044975281
            Cluster5: 0.214002683759
        probability: 0.270622462034
        value: "Cluster1"
    mood_acoustic:
        all:
            acoustic: 0.0945997685194
            not_acoustic: 0.905400216579
        probability: 0.905400216579
        value: "not_acoustic"
    mood_aggressive:
        all:
            aggressive: 0.069660499692
            not_aggressive: 0.930339515209
        probability: 0.930339515209
        value: "not_aggressive"
    mood_electronic:
        all:
            electronic: 0.909779369831
            not_electronic: 0.0902206227183
        probability: 0.909779369831
        value: "electronic"
    mood_happy:
        all:
            happy: 0.547145247459
            not_happy: 0.452854752541
        probability: 0.547145247459
        value: "happy"
    mood_party:
        all:
            not_party: 0.167834341526
            party: 0.832165658474
        probability: 0.832165658474
        value: "party"
    mood_relaxed:
        all:
            not_relaxed: 0.847576022148
            relaxed: 0.152423962951
        probability: 0.847576022148
        value: "not_relaxed"
    mood_sad:
        all:
            not_sad: 0.768417298794
            sad: 0.231582701206
        probability: 0.768417298794
        value: "not_sad"
    rhythm:
        all:
            fast: 0.768485605717
            medium: 0.128243535757
            slow: 0.103270873427
        probability: 0.768485605717
        value: "fast"
    speech_music:
        all:
            music: 0.915654122829
            speech: 0.0843459069729
        probability: 0.915654122829
        value: "music"
    timbre:
        all:
            bright: 0.16400142014
            dark: 0.835998594761
        probability: 0.835998594761
        value: "dark"
    voice_instrumental:
        all:
            instrumental: 0.00295821693726
            voice: 0.997041761875
        probability: 0.997041761875
        value: "voice"

lowlevel:
    average_loudness: 0.978629112244
    barkbands_kurtosis:
        dmean: 4.43959665298
        dmean2: 7.17723989487
        dvar: 40.1494941711
        dvar2: 97.8234634399
        max: 58.4283905029
        mean: 3.79916000366
        min: -1.79758739471
        var: 61.2581520081
    barkbands_skewness:
        dmean: 0.995627462864
        dmean2: 1.53690326214
        dvar: 0.91200453043
        dvar2: 1.95672893524
        max: 7.01000165939
        mean: 1.20921802521
        min: -3.38829350471
        var: 2.18857479095
    barkbands_spread:
        dmean: 9.43651866913
        dmean2: 14.358546257
        dvar: 97.2398910522
        dvar2: 226.282333374
        max: 78.2610626221
        mean: 20.4989070892
        min: 0.983042418957
        var: 193.604888916
    dissonance:
        dmean: 0.0415691696107
        dmean2: 0.0646199584007
        dvar: 0.00170878996141
        dvar2: 0.00373991276138
        max: 0.499841421843
        mean: 0.417874336243
        min: 0.156186923385
        var: 0.0041425190866
    hfc:
        dmean: 3.21793580055
        dmean2: 5.09013462067
        dvar: 28.2801132202
        dvar2: 62.1513442993
        max: 27.0550251007
        mean: 3.85289931297
        min: 0.00252854335122
        var: 35.4705352783
    pitch:
        dmean: 662.970825195
        dmean2: 1243.14685059
        dvar: 1509266.875
        dvar2: 3626091.75
        max: 6300
        mean: 665.36328125
        min: 88.3767547607
        var: 1314522.25
    pitch_instantaneous_confidence:
        dmean: 0.140889927745
        dmean2: 0.218938469887
        dvar: 0.0175982024521
        dvar2: 0.0321339815855
        max: 0.941340208054
        mean: 0.510013759136
        min: 0.121675431728
        var: 0.0446785837412
    pitch_salience:
        dmean: 0.107270248234
        dmean2: 0.179753124714
        dvar: 0.00993992295116
        dvar2: 0.0231906641275
        max: 0.8763859272
        mean: 0.60159766674
        min: 0.14686127007
        var: 0.0178535860032
    silence_rate_20dB:
        dmean: 0
        dmean2: 0
        dvar: 0
        dvar2: 0
        max: 1
        mean: 1
        min: 1
        var: 0
    silence_rate_30dB:
        dmean: 0
        dmean2: 0
        dvar: 0
        dvar2: 0
        max: 1
        mean: 1
        min: 1
        var: 0
    silence_rate_60dB:
        dmean: 0.20560747385
        dmean2: 0.412177979946
        dvar: 0.163332894444
        dvar2: 0.265707015991
        max: 1
        mean: 0.668997645378
        min: 0
        var: 0.221440210938
    spectral_centroid:
        dmean: 502.421386719
        dmean2: 764.925292969
        dvar: 462204.28125
        dvar2: 940917.4375
        max: 7903.52978516
        mean: 1157.00671387
        min: 150.588821411
        var: 875822.8125
    spectral_complexity:
        dmean: 4.87764692307
        dmean2: 7.53301906586
        dvar: 60.9497795105
        dvar2: 103.989334106
        max: 44
        mean: 7.96009397507
        min: 0
        var: 94.174446106
    spectral_crest:
        dmean: 3.70576953888
        dmean2: 5.95529985428
        dvar: 12.1362352371
        dvar2: 24.7610778809
        max: 25.4213466644
        mean: 10.3049049377
        min: 3.22344493866
        var: 27.4185504913
    spectral_decrease:
        dmean: 5.2083831692e-10
        dmean2: 7.93389798304e-10
        dvar: 6.11107853363e-19
        dvar2: 1.44306579585e-18
        max: -4.59200169209e-13
        mean: -7.19101722613e-10
        min: -4.29854951634e-09
        var: 7.59864757701e-19
    spectral_energy:
        dmean: 0.00223279255442
        dmean2: 0.00340381753631
        dvar: 1.10646033136e-05
        dvar2: 2.56198727584e-05
        max: 0.0179220475256
        mean: 0.00306352460757
        min: 2.5511324111e-06
        var: 1.40629072121e-05
    spectral_energyband_high:
        dmean: 0.000177038280526
        dmean2: 0.000292358046863
        dvar: 1.12412777753e-07
        dvar2: 2.90126706659e-07
        max: 0.00221887766384
        mean: 0.000156363894348
        min: 3.16798285382e-08
        var: 1.01961887822e-07
    spectral_energyband_low:
        dmean: 0.00041133252671
        dmean2: 0.000720734824426
        dvar: 9.75420448412e-07
        dvar2: 2.68934445558e-06
        max: 0.00507354922593
        mean: 0.00032227759948
        min: 8.16583156649e-09
        var: 6.93402512297e-07
    spectral_energyband_middle_high:
        dmean: 0.000879206054378
        dmean2: 0.00141770706978
        dvar: 2.24586710829e-06
        dvar2: 4.42168629888e-06
        max: 0.0100507261232
        mean: 0.00105823378544
        min: 1.77326370476e-07
        var: 3.08263543047e-06
    spectral_energyband_middle_low:
        dmean: 0.00105986278504
        dmean2: 0.00170067581348
        dvar: 2.70447139883e-06
        dvar2: 6.88007366989e-06
        max: 0.0120229301974
        mean: 0.00152662745677
        min: 7.2569389431e-07
        var: 3.02430612464e-06
    spectral_flatness_db:
        dmean: 0.0367378778756
        dmean2: 0.0533979460597
        dvar: 0.00115352973808
        dvar2: 0.00236678658985
        max: 0.385064333677
        mean: 0.189374104142
        min: 0.0765046924353
        var: 0.00374202267267
    spectral_flux:
        dmean: 0.0172413364053
        dmean2: 0.0262876395136
        dvar: 0.000388571934309
        dvar2: 0.000783869938459
        max: 0.123156875372
        mean: 0.0379366017878
        min: 0.00176610425115
        var: 0.000684803235345
    spectral_kurtosis:
        dmean: 3.46692276001
        dmean2: 5.33352327347
        dvar: 17.3067188263
        dvar2: 48.06690979
        max: 32.4188995361
        mean: 6.57643938065
        min: -1.14709436893
        var: 29.6427173615
    spectral_rms:
        dmean: 0.000578605511691
        dmean2: 0.000815625477117
        dvar: 4.6685360644e-07
        dvar2: 9.68521590039e-07
        max: 0.00418149773031
        mean: 0.00145317590795
        min: 4.98889748997e-05
        var: 8.77083664363e-07
    spectral_rolloff:
        dmean: 978.062744141
        dmean2: 1580.81152344
        dvar: 1544408
        dvar2: 3072578.5
        max: 10465.1367188
        mean: 2022.20007324
        min: 172.265625
        var: 2828101.75
    spectral_skewness:
        dmean: 0.524105668068
        dmean2: 0.775866806507
        dvar: 0.307059824467
        dvar2: 0.791573405266
        max: 4.6098575592
        mean: 1.92546737194
        min: -0.428748607635
        var: 0.653149366379
    spectral_spread:
        dmean: 1224603.875
        dmean2: 1726790
        dvar: 2.06498116403e+12
        dvar2: 3.89719837901e+12
        max: 14165194
        mean: 4943588
        min: 1841143.5
        var: 5.56289805517e+12
    spectral_strongpeak:
        dmean: 0.203999936581
        dmean2: 0.329439967871
        dvar: 0.0655462816358
        dvar2: 0.167044326663
        max: 2.14903998375
        mean: 0.337682902813
        min: 0
        var: 0.104102149606
    zerocrossingrate:
        dmean: 0.0175482537597
        dmean2: 0.0187896154821
        dvar: 0.000470309372758
        dvar2: 0.000550832308363
        max: 0.3505859375
        mean: 0.0618764683604
        min: 0.00439453125
        var: 0.00181578181218
    barkbands:
        dmean: [6.92816286119e-07, 9.35453281272e-05, 0.000340042432072, 0.000355343217961, 0.000300715211779, 0.000158458744409, 0.000272938224953, 0.000118468218716, 0.000165163335623, 5.65602240385e-05, 4.58933282061e-05, 4.4228429033e-05, 4.50446459581e-05, 5.28446762473e-05, 0.000201572067454, 0.000117147603305, 0.00013715174282, 0.000133952707984, 0.000173545369762, 0.000168680970091, 7.35298599466e-05, 3.06305882987e-05, 1.03707607195e-05, 5.12208998771e-06, 2.85915598397e-06, 1.56728489742e-07, 3.96994076501e-10]
        dmean2: [9.00993711639e-07, 0.000155112633365, 0.000615305849351, 0.00064143538475, 0.000492168474011, 0.000258745218161, 0.000429616949987, 0.000177839378011, 0.000256648781942, 9.39058372751e-05, 7.78429312049e-05, 7.00142409187e-05, 7.23628836568e-05, 8.97289864952e-05, 0.000357514742063, 0.000174832501216, 0.000216811720748, 0.000231452591834, 0.000277465063846, 0.000273517798632, 0.000129160267534, 5.42797242815e-05, 1.86470133485e-05, 8.73831686476e-06, 4.82162340631e-06, 2.75496887525e-07, 6.9036165673e-10]
        dvar: [2.91140657589e-12, 4.08537701446e-08, 7.70373787873e-07, 8.90860860636e-07, 3.17460461474e-07, 8.34934397176e-08, 3.00202799508e-07, 4.99595742554e-08, 9.5769664199e-08, 1.14346940805e-08, 1.01553361276e-08, 5.57411539148e-09, 7.61390683834e-09, 7.75568853584e-09, 1.68322642935e-07, 3.9504318039e-08, 6.55871446043e-08, 6.37401740278e-08, 1.29433004759e-07, 9.63691917377e-08, 2.12866364535e-08, 4.66038452274e-09, 5.23037502198e-10, 1.04067143791e-10, 3.85242740486e-11, 9.64994617959e-14, 4.64072932265e-19]
        dvar2: [5.73537831811e-12, 1.02085486731e-07, 2.16180501411e-06, 2.4628598112e-06, 7.93877745764e-07, 2.19170203763e-07, 6.34300249658e-07, 1.17733591765e-07, 2.05967808142e-07, 3.22274757991e-08, 2.35502586321e-08, 1.24097079279e-08, 1.88915603161e-08, 1.8437907201e-08, 4.65546492023e-07, 8.79684449728e-08, 1.2807664973e-07, 1.66326984186e-07, 3.13852893896e-07, 2.35211345512e-07, 5.85269788189e-08, 1.29046204833e-08, 1.43368261707e-09, 2.61180160832e-10, 9.13911238354e-11, 2.59505768653e-13, 1.22113768359e-18]
        max: [1.91156213987e-05, 0.00111737975385, 0.00458194408566, 0.00789249595255, 0.00412052776664, 0.00322320358828, 0.00452824495733, 0.00218032603152, 0.00470506167039, 0.00139109697193, 0.00123578892089, 0.000661770522129, 0.000712065142579, 0.000659391225781, 0.00311910780147, 0.00128250103444, 0.00168365077116, 0.00199012365192, 0.0020338287577, 0.00166946509853, 0.000853223609738, 0.000446303427452, 0.000150374136865, 6.44937535981e-05, 5.23720191268e-05, 2.25675762522e-06, 4.7838404349e-09]
        mean: [1.01887917481e-06, 8.41731671244e-05, 0.000237108630245, 0.000254415732343, 0.000344784843037, 0.000192602470634, 0.000334042561008, 0.000141762226122, 0.000250261335168, 7.07825602149e-05, 4.45718724222e-05, 5.00274181832e-05, 4.7325163905e-05, 5.41346125829e-05, 0.000166447382071, 0.000122463869047, 0.000155537956744, 0.000121739183669, 0.0001537600765, 0.000136939634103, 6.08341288171e-05, 2.3641896405e-05, 8.20364493848e-06, 4.34956564277e-06, 2.48627611654e-06, 1.11537353575e-07, 3.13198356139e-10]
        min: [4.73282047234e-12, 1.06250147569e-10, 1.24671217794e-09, 1.32422850463e-09, 2.88605797039e-08, 4.40184670936e-08, 1.78733845502e-08, 3.37037153741e-09, 2.75231748503e-09, 7.28768334568e-09, 3.38824968082e-09, 1.99874938822e-09, 3.63287777638e-09, 8.77945538491e-09, 8.42854408489e-09, 1.34286990416e-08, 2.43254181242e-08, 2.22804104055e-08, 1.64357594201e-08, 3.41425909767e-08, 8.13866396498e-09, 2.29311969413e-09, 4.6897019601e-10, 6.54091281138e-10, 4.49873138741e-10, 3.37843225617e-11, 7.78228610027e-13]
        var: [5.93178024061e-12, 3.78081530528e-08, 4.8681960152e-07, 5.84713859553e-07, 3.24969789745e-07, 1.02194448459e-07, 4.27618800813e-07, 7.31673992505e-08, 3.00743636217e-07, 1.34963391574e-08, 1.06469659755e-08, 7.60935936484e-09, 8.67172378349e-09, 9.32069887938e-09, 1.42569220429e-07, 5.28876320516e-08, 8.78308838992e-08, 6.53619807167e-08, 1.21435974165e-07, 8.9124533531e-08, 1.71704073182e-08, 3.30766924961e-09, 4.32990726607e-10, 1.16072894352e-10, 4.471327128e-11, 7.48641193525e-14, 3.77958338168e-19]
    mfcc:
        mean: [-803.218811035, 123.71836853, -38.3695259094, 34.4383583069, -14.2048683167, -14.7638816833, -14.4642486572, -7.2271490097, -5.74700117111, -3.30127763748, -7.48351240158, -7.14801549911, -4.79385042191]
        cov: [[11079.90625, -1287.32373047, -957.25567627, 248.545181274, -37.7526664734, 470.205596924, 167.274673462, 86.3266906738, 323.523895264, 163.534851074, 103.359024048, -32.3672828674, -144.763000488], [-1287.32373047, 2592.65356445, -227.816299438, 92.748260498, 66.5431442261, -189.929962158, 36.5736312866, 171.584793091, -28.4170455933, 85.2214584351, -2.53481221199, 164.902404785, 106.84614563], [-957.25567627, -227.816299438, 1073.7376709, 75.9525680542, -5.47469902039, 25.311340332, 143.713516235, 44.5627632141, -24.8673858643, -43.8722801208, -23.4884700775, -0.593752682209, 1.56239748001], [248.545181274, 92.748260498, 75.9525680542, 683.340087891, 315.257019043, 268.203338623, 65.8212890625, -37.1716384888, 88.2626724243, 36.0513496399, 21.5571575165, -9.05432796478, -12.8179702759], [-37.7526664734, 66.5431442261, -5.47469902039, 315.257019043, 506.504058838, 213.132827759, -28.4250545502, -16.8514823914, 81.1165084839, 93.7997512817, 63.6262550354, 33.1692771912, 2.75268888474], [470.205596924, -189.929962158, 25.311340332, 268.203338623, 213.132827759, 354.004455566, 102.497718811, 24.752910614, 130.849258423, 26.447599411, 60.8156394958, 20.1008701324, -24.8978061676], [167.274673462, 36.5736312866, 143.713516235, 65.8212890625, -28.4250545502, 102.497718811, 320.527130127, 117.420288086, 92.712059021, -10.7845182419, 13.3346176147, 40.3093109131, 3.67053222656], [86.3266906738, 171.584793091, 44.5627632141, -37.1716384888, -16.8514823914, 24.752910614, 117.420288086, 211.026397705, 95.6818389893, 46.7599372864, 2.46992301941, 34.1930847168, 14.7404270172], [323.523895264, -28.4170455933, -24.8673858643, 88.2626724243, 81.1165084839, 130.849258423, 92.712059021, 95.6818389893, 252.798049927, 65.3249664307, 43.9723701477, 14.9673061371, -10.4001960754], [163.534851074, 85.2214584351, -43.8722801208, 36.0513496399, 93.7997512817, 26.447599411, -10.7845182419, 46.7599372864, 65.3249664307, 184.029190063, 62.4370536804, 43.1724395752, 25.9112911224], [103.359024048, -2.53481221199, -23.4884700775, 21.5571575165, 63.6262550354, 60.8156394958, 13.3346176147, 2.46992301941, 43.9723701477, 62.4370536804, 118.394538879, 72.5510253906, 23.857301712], [-32.3672828674, 164.902404785, -0.593752682209, -9.05432796478, 33.1692771912, 20.1008701324, 40.3093109131, 34.1930847168, 14.9673061371, 43.1724395752, 72.5510253906, 138.754928589, 53.4558334351], [-144.763000488, 106.84614563, 1.56239748001, -12.8179702759, 2.75268888474, -24.8978061676, 3.67053222656, 14.7404270172, -10.4001960754, 25.9112911224, 23.857301712, 53.4558334351, 78.0593490601]]
        icov: [[0.000121958168165, 7.18705487088e-05, 0.000135428985232, -6.9910849561e-05, 0.000110073618998, -0.000101818935946, -4.53269312857e-05, -7.11676766514e-05, -5.73833949602e-06, -0.00013332189701, 1.92778279597e-05, -8.15412713564e-05, 0.000186260600458], [7.18705487088e-05, 0.000587998074479, 0.00023996103846, -0.000359969562851, -9.16281715035e-05, 0.000539837987162, -6.23477972113e-05, -0.00058217899641, 0.000126999031636, -6.78769429214e-05, 0.000303147273371, -0.000757342844736, 1.82554522326e-05], [0.000135428985232, 0.00023996103846, 0.00122480362188, -0.000293036864605, 5.65344453207e-06, 0.000137522889418, -0.000566576200072, -0.000407119019656, 0.000353463634383, 2.29311990552e-05, 0.000125221878989, -0.000181979936315, 0.00012308548321], [-6.9910849561e-05, -0.000359969562851, -0.000293036864605, 0.0028693722561, -0.00109631195664, -0.00165959016886, -0.000514997751452, 0.00134142069146, -0.000232861319091, -0.000267632771283, 0.000764655822422, 0.000881576444954, -0.000659268174786], [0.000110073618998, -9.16281715035e-05, 5.65344453207e-06, -0.00109631195664, 0.00380002032034, -0.00176405557431, 0.0010776683921, 0.000170672050444, -0.000132455650601, -0.00131432898343, -0.000132070432301, -0.000525267736521, 0.000188554695342], [-0.000101818935946, 0.000539837987162, 0.000137522889418, -0.00165959016886, -0.00176405557431, 0.00691092060879, -0.00127761275508, -0.000618034508079, -0.00138212635648, 0.00131517532282, -0.00216195546091, -0.000613948737737, 0.00170076859649], [-4.53269312857e-05, -6.23477972113e-05, -0.000566576200072, -0.000514997751452, 0.0010776683921, -0.00127761275508, 0.00528660556301, -0.0022813626565, -0.000803205708507, 0.00112694292329, 6.1738268414e-05, -0.00134908116888, 8.86584602995e-05], [-7.11676766514e-05, -0.00058217899641, -0.000407119019656, 0.00134142069146, 0.000170672050444, -0.000618034508079, -0.0022813626565, 0.00873655639589, -0.00261336727999, -0.00208419584669, 0.0028202959802, -0.000946229789406, -0.000722671218682], [-5.73833949602e-06, 0.000126999031636, 0.000353463634383, -0.000232861319091, -0.000132455650601, -0.00138212635648, -0.000803205708507, -0.00261336727999, 0.00671924836934, -0.00125497940462, -0.00166117574554, 0.00112534873188, 0.000914179661777], [-0.00013332189701, -6.78769429214e-05, 2.29311990552e-05, -0.000267632771283, -0.00131432898343, 0.00131517532282, 0.00112694292329, -0.00208419584669, -0.00125497940462, 0.00860401429236, -0.00391449593008, 0.000430427520769, -0.00151395518333], [1.92778279597e-05, 0.000303147273371, 0.000125221878989, 0.000764655822422, -0.000132070432301, -0.00216195546091, 6.1738268414e-05, 0.0028202959802, -0.00166117574554, -0.00391449593008, 0.0171802975237, -0.00826305057853, 9.33474530029e-06], [-8.15412713564e-05, -0.000757342844736, -0.000181979936315, 0.000881576444954, -0.000525267736521, -0.000613948737737, -0.00134908116888, -0.000946229789406, 0.00112534873188, 0.000430427520769, -0.00826305057853, 0.0158259123564, -0.00720661086962], [0.000186260600458, 1.82554522326e-05, 0.00012308548321, -0.000659268174786, 0.000188554695342, 0.00170076859649, 8.86584602995e-05, -0.000722671218682, 0.000914179661777, -0.00151395518333, 9.33474530029e-06, -0.00720661086962, 0.0192452613264]]
    spectral_contrast:
        mean: [2.96903891694e-07, 1.036260322e-08, -4.52710224863e-07, -7.0570638222e-09, 4.44726197202e-07, 1.04937756262e-08, 1.59386456744e-06, -4.00809767598e-06, 2.54620977103e-06, 6.12892472418e-06, -2.66457936959e-06, 5.04820548031e-07]
        var: [0.000748340564314, 0.000897525926121, 0.00227133813314, 0.00443399418145, 0.00650362297893, 0.0162273608148, 0.0973674431443, 0.190047845244, 0.448351502419, 0.715895533562, 1.61789417267, 6.56733989716]

rhythm:
    beats_loudness:
        dmean: 0.00241992948577
        dmean2: 0.00433438736945
        dvar: 5.39814709555e-06
        dvar2: 1.02883241198e-05
        max: 0.00865271314979
        mean: 0.00568043300882
        min: 0.000693040550686
        var: 5.92981996306e-06
    beats_loudness_bass:
        dmean: 0.152959614992
        dmean2: 0.302599787712
        dvar: 0.0078597869724
        dvar2: 0.022255461663
        max: 0.395573735237
        mean: 0.12393899262
        min: 0.000318086851621
        var: 0.0178080704063
    bpm: 90.3131484985
    bpm_confidence: 0
    first_peak_bpm: 90
    first_peak_spread: 0
    first_peak_weight: 0.928571403027
    onset_rate: 5.81233644485
    second_peak_bpm: 59
    second_peak_spread: 0
    second_peak_weight: 0.0714285746217
    beats_position: [0.168133080006, 0.832529187202, 1.49692523479, 2.16132164001, 2.82571768761, 3.49011397362, 4.15451049805, 4.81890630722, 5.48330259323, 6.49519824982, 7.15949678421, 7.8237953186, 8.48809337616, 9.15239048004, 9.81668949127]
    bpm_estimates: [90.4582138062, 90.3291625977, 90.4207839966, 90.3372344971, 90.1927185059, 90.1904754639, 90.2639541626, 90.2769012451, 90.2714691162, 90.3355102539, 90.4732437134, 90.3348693848, 90.3680953979, 90.2647705078, 90.149559021, 90.3574905396, 90.2989044189]
    bpm_intervals: [0.664396107197, 0.664396047592, 0.66439640522, 0.664396047592, 0.664396286011, 0.664396524429, 0.664395809174, 0.664396286011, 1.01189565659, 0.664298534393, 0.664298534393, 0.664298057556, 0.664297103882, 0.66429901123]
    onset_times: [0.0696598663926, 0.150929704309, 0.325079351664, 0.49922901392, 0.650158703327, 0.824308395386, 1.05650794506, 1.16099774837, 1.40480720997, 1.48607707024, 1.64861679077, 1.83437645435, 1.99691605568, 2.14784574509, 2.31038546562, 2.49614500999, 2.82122445107, 2.9837641716, 3.16952371597, 3.33206343651, 3.45977330208, 3.72680282593, 3.80807256699, 3.99383211136, 4.14476203918, 4.3073015213, 4.49306106567, 4.65560102463, 4.81814050674, 4.99229001999, 5.15482997894, 5.36380958557, 5.49151945114, 5.65405893326, 5.8282084465, 5.99074840546, 6.15328788757, 6.33904743195, 6.46675729752, 6.72217702866, 6.81505680084, 6.98920631409, 7.16335582733, 7.32589578629, 7.4884352684, 7.81351470947, 8.05732440948, 8.16181373596, 8.32435417175, 8.48689365387, 8.66104316711, 8.82358264923, 8.99773216248, 9.16027164459, 9.32281208038, 9.45052146912, 9.64789104462, 9.82204055786]
    rubato_start: []
    rubato_stop: []
    perceptual_tempo: "unknown"

sfx:
    inharmonicity:
        dmean: 0.0395563989878
        dmean2: 0.0714114010334
        dvar: 0.00327671109699
        dvar2: 0.00931901857257
        max: 0.446528106928
        mean: 0.0387612469494
        min: 0
        var: 0.00258986209519
    oddtoevenharmonicenergyratio:
        dmean: 12.247964859
        dmean2: 23.5407505035
        dvar: 8901.66796875
        dvar2: 26664.421875
        max: 1365.75854492
        mean: 7.26488018036
        min: 0
        var: 4505.41308594
    pitch_after_max_to_before_max_energy_ratio: 2.6135764122
    pitch_centroid: 213.205078125
    pitch_max_to_total: 0.309859156609
    pitch_min_to_total: 0.197183102369
    tristimulus:
        dmean: [0.23576426506, 0.264519184828, 0.0928733125329]
        dmean2: [0.411670893431, 0.467495381832, 0.162568122149]
        dvar: [0.0437658876181, 0.0534947440028, 0.013260550797]
        dvar2: [0.114269003272, 0.144081816077, 0.0379794687033]
        max: [1, 0.998598217964, 0.823472619057]
        mean: [0.369820356369, 0.490465372801, 0.0983031690121]
        min: [0.000297079444863, 0, 0]
        var: [0.0619907751679, 0.070600271225, 0.0138151254505]

tonal:
    chords_changes_rate: 0.0651162788272
    chords_number_rate: 0.0279069766402
    chords_strength:
        dmean: 0.0208708420396
        dmean2: 0.025363214314
        dvar: 0.000253690959653
        dvar2: 0.000393039052142
        max: 0.740424931049
        mean: 0.463155776262
        min: 0.2872364223
        var: 0.00938387494534
    key_strength: 0.641329228878
    tuning_diatonic_strength: 0.520377933979
    tuning_equal_tempered_deviation: 0.332470685244
    tuning_frequency: 454.202880859
    tuning_nontempered_energy_ratio: 0.938470900059
    hpcp:
        dmean: [0.244185313582, 0.206086218357, 0.215229570866, 0.176743015647, 0.143447682261, 0.158465921879, 0.178335681558, 0.219121143222, 0.191825017333, 0.129012271762, 0.128278702497, 0.159349113703, 0.167886182666, 0.223737195134, 0.243786975741, 0.217762991786, 0.224504232407, 0.249045491219, 0.234244212508, 0.205431699753, 0.137740150094, 0.129194930196, 0.12416280061, 0.133973613381, 0.120711423457, 0.146497771144, 0.150938749313, 0.152035951614, 0.208156123757, 0.255802005529, 0.23315654695, 0.211107358336, 0.220261886716, 0.240969032049, 0.24414280057, 0.279163241386]
        dmean2: [0.429395794868, 0.362169593573, 0.381113648415, 0.303173571825, 0.250464558601, 0.27510201931, 0.300251424313, 0.349243193865, 0.312598347664, 0.220085114241, 0.22282718122, 0.280346512794, 0.292540997267, 0.368287622929, 0.404657006264, 0.379115015268, 0.394641578197, 0.436667978764, 0.415148645639, 0.348471522331, 0.227321103215, 0.226878419518, 0.214972108603, 0.252658307552, 0.221823558211, 0.254143804312, 0.254214733839, 0.273353874683, 0.367926865816, 0.4362205863, 0.416555315256, 0.370472252369, 0.384132772684, 0.432574570179, 0.414028137922, 0.49379953742]
        dvar: [0.0727279186249, 0.0528842397034, 0.0759432017803, 0.0519195050001, 0.0346187539399, 0.0507288277149, 0.0435547083616, 0.0562439598143, 0.0486271940172, 0.0316844843328, 0.0305955559015, 0.0517340861261, 0.0500177890062, 0.0606528669596, 0.0711633265018, 0.0552283041179, 0.0699135288596, 0.0811706408858, 0.0750245973468, 0.0596421808004, 0.0304808467627, 0.039136800915, 0.0301083307713, 0.0431155413389, 0.0268346052617, 0.043081689626, 0.0383669696748, 0.0409955568612, 0.0589756555855, 0.0668606236577, 0.0560900382698, 0.0641749352217, 0.0620917230844, 0.0725860744715, 0.067067027092, 0.083727709949]
        dvar2: [0.196580305696, 0.127555131912, 0.202603474259, 0.143616825342, 0.0831633210182, 0.121941141784, 0.10951115936, 0.127625405788, 0.109484732151, 0.0897537916899, 0.0844222158194, 0.148080348969, 0.143127635121, 0.155224218965, 0.141682878137, 0.14211319387, 0.193971946836, 0.227399393916, 0.183348491788, 0.156716227531, 0.0684839710593, 0.101690657437, 0.0827617645264, 0.12683275342, 0.0815363079309, 0.119725249708, 0.107974432409, 0.114099495113, 0.167070016265, 0.191673010588, 0.142766878009, 0.163697063923, 0.158517092466, 0.179782092571, 0.182327613235, 0.24037539959]
        max: [1, 1, 1, 1, 1, 1, 1, 1, 1, 1, 1, 1, 1, 1, 1, 1, 1, 1, 1, 1, 1, 1, 1, 1, 0.867940723896, 1, 1, 1, 1, 1, 1, 1, 1, 1, 1, 1]
        mean: [0.228163659573, 0.191424787045, 0.178849861026, 0.149873793125, 0.128416404128, 0.137453779578, 0.167298465967, 0.227232277393, 0.198205366731, 0.114490799606, 0.113390676677, 0.13267557323, 0.151804387569, 0.240855202079, 0.301453530788, 0.237872883677, 0.193671956658, 0.201100856066, 0.202831193805, 0.190486848354, 0.157236307859, 0.126016810536, 0.109615065157, 0.100264959037, 0.10620726645, 0.141615703702, 0.145418152213, 0.124208107591, 0.173501521349, 0.218544214964, 0.21122674644, 0.191719919443, 0.193176016212, 0.210019111633, 0.244078218937, 0.268689036369]
        min: [0.00120790686924, 0.000264628295554, 0.00013574071636, 0.000283096393105, 0.000199503643671, 0.000578269246034, 0.000349530106178, 9.19152225833e-05, 4.18272975367e-05, 8.09121265775e-05, 9.34160198085e-05, 0.000113002948638, 0.000253063393757, 0.00025723860017, 9.65423023445e-05, 7.44076969568e-05, 0.000152795604663, 0.0002555786632, 0.000222629751079, 0.000330857787048, 0.000310844858177, 0.000242920898017, 0.000301154563203, 3.77754586225e-05, 0.000187016121345, 0.000302979227854, 0.0001765765046, 0.000470115308417, 0.000503446382936, 0.000590380514041, 0.000180922535947, 8.85653207661e-05, 0.000183103242307, 0.000134815825731, 0.000515244260896, 0.000364873500075]
        var: [0.0730425491929, 0.0607174448669, 0.068304233253, 0.0489558242261, 0.0356326438487, 0.0479335561395, 0.0444374158978, 0.0785512775183, 0.0669219866395, 0.0267218053341, 0.0259315706789, 0.0426423214376, 0.0496000647545, 0.0836022347212, 0.116525515914, 0.0727308467031, 0.067390345037, 0.0746759474277, 0.0769249349833, 0.0630258098245, 0.0423852093518, 0.0413732342422, 0.0286536365747, 0.0304687526077, 0.021597282961, 0.0388779491186, 0.0385737270117, 0.0335051752627, 0.0525687821209, 0.0710046887398, 0.0637340694666, 0.0686612352729, 0.0679178759456, 0.0762641653419, 0.0794621780515, 0.0885861739516]
    chords_histogram: [26.5116271973, 0, 0, 0, 16.2790699005, 0, 0, 0, 2.79069757462, 24.1860466003, 0, 0, 0, 0, 0, 0, 4.18604660034, 0, 0, 0, 0, 26.0465106964, 0, 0]
    thpcp: [1, 0.789086401463, 0.642460405827, 0.667104005814, 0.67284399271, 0.63189458847, 0.521593868732, 0.418030619621, 0.363621771336, 0.332605034113, 0.352317214012, 0.469776242971, 0.482389956713, 0.412030696869, 0.575549781322, 0.724968194962, 0.700694203377, 0.635984957218, 0.640815258026, 0.696688175201, 0.809671103954, 0.891311645508, 0.756878376007, 0.635005950928, 0.593291640282, 0.497170478106, 0.425990700722, 0.455970048904, 0.554972648621, 0.753788769245, 0.657498896122, 0.379795849323, 0.37614646554, 0.440119475126, 0.503574728966, 0.798979520798]
    chords_key: "F#"
    chords_scale: "minor"
    key_key: "F#"
    key_scale: "minor"
    chords_progression: ["G#m", "G#m", "G#m", "G#m", "G#m", "G#m", "G#m", "G#m", "G#m", "G#m", "G#m", "G#m", "G#m", "G#m", "G#m", "G#m", "G#m", "G#m", "G#m", "G#m", "G#m", "G#m", "G#m", "G#m", "G#m", "G#m", "G#m", "G#m", "G#m", "G#m", "G#m", "G#m", "G", "G", "G", "G", "G", "G", "G", "G", "G", "G", "G", "G", "G", "G", "G", "G", "G", "G", "G", "G", "G", "G", "G", "G", "G", "G", "G", "G", "G", "G", "G", "G", "G", "G", "G", "G", "G", "G", "G", "G", "G", "G", "G", "G", "G", "G", "G", "G", "G", "G", "A#m", "G", "G", "G", "G", "G", "G", "A#m", "A#m", "A#m", "A#m", "A#m", "C#", "C#", "C#", "C#", "C#", "C#", "C#", "C#", "C#", "C#", "C#", "C#", "C#", "C#", "C#", "C#", "C#", "C#", "C#", "C#", "C#", "C#", "C#", "C#", "C#", "C#", "C#", "C#", "C#", "C#", "C#", "C#", "C#", "C#", "C#", "C#", "C#", "C#", "C#", "C#", "F#m", "F#m", "F#m", "F#m", "F#m", "F#m", "F#m", "F#m", "F#m", "F#m", "F#m", "F#m", "G#m", "G#m", "G#m", "F#m", "F#m", "F#m", "F#m", "F#m", "F#m", "F#m", "F#m", "F#m", "F#m", "F#m", "F#m", "F#m", "F#m", "F#m", "F#m", "F#m", "F#m", "F#m", "F#m", "F#m", "F#m", "F#m", "F#m", "F#m", "F#m", "F#m", "F#m", "F#m", "F#m", "F#m", "F#m", "F#m", "C#", "F#m", "F#m", "F#m", "F#m", "F#m", "F#m", "F#m", "F#m", "F#m", "F#m", "F#m", "F#m", "C#", "C#", "C#", "C#", "C#", "C#", "C#", "Dm", "Dm", "Dm", "Dm", "Dm", "Dm", "C#", "C#", "C#", "C#", "Dm", "Dm", "Dm"]
