
metadata:
    version:
        essentia: "1.2.2"
    audio_properties:
        analysis_sample_rate: 44100
        bitrate: 128
        channels: 2
        equal_loudness: 1
        length: 10.0048980713
        replay_gain: -12.4581012726
        downmix: "mix"
    tags:
        track: 15
        year: 0
        album: "Splitted by Mp3Splt v. 2.1"
        artist: "From 002.20 To 002.30"
        comment: "http://mp3splt.sf.net"
        genre: ""
        title: "12 Spottieottiedopaliscious.mp"

highlevel:
    ballroom:
        all:
            ChaChaCha: 0.481539219618
            Jive: 0.144777476788
            Quickstep: 0.0372451990843
            Rumba-American: 0.00153733266052
            Rumba-International: 0.00318550434895
            Rumba-Misc: 0.00146257784218
            Samba: 0.327152609825
            Tango: 0.00113398453686
            VienneseWaltz: 0.00103758706246
            Waltz: 0.000928507535718
        probability: 0.481539219618
        value: "ChaChaCha"
    culture:
        all:
            non_western: 0.505430519581
            western: 0.494569450617
        probability: 0.505430519581
        value: "non_western"
    gender:
        all:
            female: 0.732784450054
            male: 0.267215549946
        probability: 0.732784450054
        value: "female"
    genre_dortmund:
        all:
            alternative: 0.000412164110458
            blues: 0.00128150871024
            electronic: 0.0150427659974
            folkcountry: 0.000559981795959
            funksoulrnb: 0.00972571596503
            jazz: 0.00751455267891
            pop: 0.00699029117823
            raphiphop: 0.953795850277
            rock: 0.00467715831473
        probability: 0.953795850277
        value: "raphiphop"
    genre_electronica:
        all:
            ambient: 0.0830413848162
            dnb: 0.289810240269
            house: 0.470969766378
            techno: 0.130832105875
            trance: 0.0253464914858
        probability: 0.470969766378
        value: "house"
    genre_rosamerica:
        all:
            cla: 0.000588229333516
            dan: 0.0107104349881
            hip: 0.932131230831
            jaz: 0.00170913140755
            pop: 0.00630408572033
            rhy: 0.0427481979132
            roc: 0.00154301419389
            spe: 0.00426566740498
        probability: 0.932131230831
        value: "hip"
    genre_tzanetakis:
        all:
            blu: 0.000154043154907
            cla: 0.000375646690372
            cou: 0.000350310932845
            dis: 0.00549099920318
            hip: 0.574609518051
            jaz: 0.000220905800234
            met: 0.000622995372396
            pop: 0.368761777878
            reg: 0.0488609671593
            roc: 0.000552852754481
        probability: 0.574609518051
        value: "hip"
    live_studio:
        all:
            live: 0.0156449023634
            studio: 0.984355092049
        probability: 0.984355092049
        value: "studio"
    mood:
        all:
            Cluster1: 0.12060816586
            Cluster2: 0.344669133425
            Cluster3: 0.0233731735498
            Cluster4: 0.141218066216
            Cluster5: 0.37013143301
        probability: 0.37013143301
        value: "Cluster5"
    mood_acoustic:
        all:
            acoustic: 0.00903992261738
            not_acoustic: 0.99096006155
        probability: 0.99096006155
        value: "not_acoustic"
    mood_aggressive:
        all:
            aggressive: 0.294632613659
            not_aggressive: 0.705367386341
        probability: 0.705367386341
        value: "not_aggressive"
    mood_electronic:
        all:
            electronic: 0.822342634201
            not_electronic: 0.177657365799
        probability: 0.822342634201
        value: "electronic"
    mood_happy:
        all:
            happy: 0.174600929022
            not_happy: 0.82539910078
        probability: 0.82539910078
        value: "not_happy"
    mood_party:
        all:
            not_party: 0.0315368846059
            party: 0.968463122845
        probability: 0.968463122845
        value: "party"
    mood_relaxed:
        all:
            not_relaxed: 0.803471803665
            relaxed: 0.196528211236
        probability: 0.803471803665
        value: "not_relaxed"
    mood_sad:
        all:
            not_sad: 0.974225819111
            sad: 0.0257741995156
        probability: 0.974225819111
        value: "not_sad"
    rhythm:
        all:
            fast: 0.109296105802
            medium: 0.876194238663
            slow: 0.0145096601918
        probability: 0.876194238663
        value: "medium"
    speech_music:
        all:
            music: 0.039479713887
            speech: 0.960520267487
        probability: 0.960520267487
        value: "speech"
    timbre:
        all:
            bright: 0.0587759315968
            dark: 0.941224038601
        probability: 0.941224038601
        value: "dark"
    voice_instrumental:
        all:
            instrumental: 0.0129035059363
            voice: 0.987096488476
        probability: 0.987096488476
        value: "voice"

lowlevel:
    average_loudness: 0.952356874943
    barkbands_kurtosis:
        dmean: 5.9752573967
        dmean2: 10.4234371185
        dvar: 189.081756592
        dvar2: 557.548461914
        max: 135.239517212
        mean: 4.63730955124
        min: -1.93725550175
        var: 189.704437256
    barkbands_skewness:
        dmean: 1.07615554333
        dmean2: 1.6294260025
        dvar: 1.77681398392
        dvar2: 4.04434967041
        max: 10.1425580978
        mean: 0.702500581741
        min: -4.97295284271
        var: 4.7363986969
    barkbands_spread:
        dmean: 10.2275466919
        dmean2: 15.4692420959
        dvar: 96.6671447754
        dvar2: 232.596572876
        max: 78.8474655151
        mean: 28.7358818054
        min: 1.4542183876
        var: 218.595611572
    dissonance:
        dmean: 0.018466712907
        dmean2: 0.0283465143293
        dvar: 0.00051830773009
        dvar2: 0.00106888276059
        max: 0.499976307154
        mean: 0.458468675613
        min: 0.252725332975
        var: 0.00134990573861
    hfc:
        dmean: 3.81398677826
        dmean2: 6.14648914337
        dvar: 144.218978882
        dvar2: 408.876647949
        max: 93.3816375732
        mean: 4.55060625076
        min: 0.00319192837924
        var: 105.654678345
    pitch:
        dmean: 1066.94042969
        dmean2: 2033.06787109
        dvar: 2388217.75
        dvar2: 5708965.5
        max: 4900
        mean: 2250.47094727
        min: 52.6881713867
        var: 3518458
    pitch_instantaneous_confidence:
        dmean: 0.113714694977
        dmean2: 0.177803114057
        dvar: 0.0100563187152
        dvar2: 0.0212500579655
        max: 0.920458853245
        mean: 0.48125487566
        min: 0.0775340795517
        var: 0.0262959934771
    pitch_salience:
        dmean: 0.0961268991232
        dmean2: 0.158244907856
        dvar: 0.00910785794258
        dvar2: 0.0223247464746
        max: 0.938457071781
        mean: 0.64835858345
        min: 0.1498593539
        var: 0.0212857536972
    silence_rate_20dB:
        dmean: 0
        dmean2: 0
        dvar: 0
        dvar2: 0
        max: 1
        mean: 1
        min: 1
        var: 0
    silence_rate_30dB:
        dmean: 0
        dmean2: 0
        dvar: 0
        dvar2: 0
        max: 1
        mean: 1
        min: 1
        var: 0
    silence_rate_60dB:
        dmean: 0.135831385851
        dmean2: 0.272300481796
        dvar: 0.117381632328
        dvar2: 0.221627503633
        max: 1
        mean: 0.721962630749
        min: 0
        var: 0.200731813908
    spectral_centroid:
        dmean: 520.200622559
        dmean2: 758.337280273
        dvar: 416202.6875
        dvar2: 691027.625
        max: 5419.76220703
        mean: 1751.30810547
        min: 138.590744019
        var: 1489641.875
    spectral_complexity:
        dmean: 3.17535543442
        dmean2: 4.69358682632
        dvar: 36.6090812683
        dvar2: 79.9987716675
        max: 49
        mean: 5.73995256424
        min: 0
        var: 59.8189163208
    spectral_crest:
        dmean: 2.91108560562
        dmean2: 4.64328622818
        dvar: 7.38204574585
        dvar2: 15.1520280838
        max: 22.8115787506
        mean: 9.49258041382
        min: 2.93887996674
        var: 16.6317882538
    spectral_decrease:
        dmean: 4.83821205322e-10
        dmean2: 7.82174602865e-10
        dvar: 1.55606714612e-18
        dvar2: 4.34588079331e-18
        max: -7.34375993176e-13
        mean: -6.12305428582e-10
        min: -9.39914901465e-09
        var: 1.21106355431e-18
    spectral_energy:
        dmean: 0.00215189484879
        dmean2: 0.00347296893597
        dvar: 3.29526119458e-05
        dvar2: 9.25462518353e-05
        max: 0.0438988693058
        mean: 0.00272373529151
        min: 3.31161777467e-06
        var: 2.50768753176e-05
    spectral_energyband_high:
        dmean: 0.000252914149314
        dmean2: 0.000425528705819
        dvar: 7.4439412856e-07
        dvar2: 2.07467587643e-06
        max: 0.0080565046519
        mean: 0.000221387905185
        min: 8.43735250555e-08
        var: 4.99746022342e-07
    spectral_energyband_low:
        dmean: 0.000402144622058
        dmean2: 0.000715385423973
        dvar: 1.37653557886e-06
        dvar2: 3.71011242351e-06
        max: 0.00725246313959
        mean: 0.000368343840819
        min: 9.38592847888e-08
        var: 1.25069425394e-06
    spectral_energyband_middle_high:
        dmean: 0.000932717113756
        dmean2: 0.00151309836656
        dvar: 9.78973366728e-06
        dvar2: 2.81892898784e-05
        max: 0.0257528908551
        mean: 0.00108950177673
        min: 1.8090376841e-07
        var: 7.08046536602e-06
    spectral_energyband_middle_low:
        dmean: 0.00080792827066
        dmean2: 0.00128831632901
        dvar: 3.4165359466e-06
        dvar2: 9.15801774681e-06
        max: 0.0135187786072
        mean: 0.00104448385537
        min: 3.30812696347e-07
        var: 3.19791593029e-06
    spectral_flatness_db:
        dmean: 0.0334967337549
        dmean2: 0.0506377629936
        dvar: 0.00105239474215
        dvar2: 0.0022555901669
        max: 0.353274017572
        mean: 0.170521691442
        min: 0.0750761777163
        var: 0.00278393155895
    spectral_flux:
        dmean: 0.0146645847708
        dmean2: 0.0229944195598
        dvar: 0.000564874673728
        dvar2: 0.00109112088103
        max: 0.199432909489
        mean: 0.031994946301
        min: 0.000997045543045
        var: 0.000907428446226
    spectral_kurtosis:
        dmean: 1.19220626354
        dmean2: 1.83887386322
        dvar: 1.94377040863
        dvar2: 4.57017326355
        max: 13.0201797485
        mean: 2.59853982925
        min: -0.535672903061
        var: 3.88177537918
    spectral_rms:
        dmean: 0.000504146097228
        dmean2: 0.00071883777855
        dvar: 6.53403901651e-07
        dvar2: 1.63622689797e-06
        max: 0.00654432317242
        mean: 0.00125164410565
        min: 5.68405375816e-05
        var: 1.09069185328e-06
    spectral_rolloff:
        dmean: 804.790222168
        dmean2: 1284.26806641
        dvar: 1171055.5
        dvar2: 1978768.75
        max: 8333.34960938
        mean: 2952.39013672
        min: 86.1328125
        var: 3312771.25
    spectral_skewness:
        dmean: 0.246148616076
        dmean2: 0.3835529387
        dvar: 0.0796830356121
        dvar2: 0.177613958716
        max: 2.90983319283
        mean: 1.36846089363
        min: 0.071504086256
        var: 0.205380573869
    spectral_spread:
        dmean: 1253663.375
        dmean2: 1835461
        dvar: 1.8677277655e+12
        dvar2: 3.44706410086e+12
        max: 22596656
        mean: 7120301
        min: 3125569.5
        var: 3.97084563866e+12
    spectral_strongpeak:
        dmean: 0.320977270603
        dmean2: 0.528284549713
        dvar: 0.532713115215
        dvar2: 1.40174746513
        max: 7.78765773773
        mean: 0.483074128628
        min: 0.00249035004526
        var: 0.922309696674
    zerocrossingrate:
        dmean: 0.0192466117442
        dmean2: 0.0198339615017
        dvar: 0.000334230368026
        dvar2: 0.000333197793225
        max: 0.265625
        mean: 0.0963056832552
        min: 0.0107421875
        var: 0.00259302789345
    barkbands:
        dmean: [6.43353473606e-07, 0.000183171781828, 0.000242890426307, 0.000138556890306, 0.000215398715227, 0.000178024201887, 0.000147202372318, 0.00012611009879, 0.000151345055201, 0.000111064837256, 5.71109376324e-05, 5.68950381421e-05, 6.83771722834e-05, 3.72645554307e-05, 4.46389203717e-05, 9.66231818893e-05, 7.38392336643e-05, 0.000106768267869, 0.000258655840298, 0.000241756424657, 0.000130621978315, 4.26672522735e-05, 6.47355273031e-06, 5.49165724806e-06, 4.46250533059e-06, 3.8846667394e-07, 8.22257928412e-10]
        dmean2: [9.80467575573e-07, 0.000332803814672, 0.000435591267888, 0.000220106390771, 0.000350327434717, 0.000307225243887, 0.00024573673727, 0.00020774526638, 0.000239633955061, 0.000195059386897, 0.00010258283146, 8.51857694215e-05, 0.000122526413179, 6.56997362967e-05, 7.7022901678e-05, 0.000173914246261, 0.000128714251332, 0.000189150581718, 0.000394728966057, 0.000396179122617, 0.000225756011787, 7.05264756107e-05, 1.05265917227e-05, 8.38281084725e-06, 6.89833495926e-06, 6.02351747148e-07, 1.31434485517e-09]
        dvar: [3.19316578387e-12, 2.87517167408e-07, 5.77337402774e-07, 2.04186150654e-07, 2.18312450784e-07, 3.60143701528e-07, 1.64663674695e-07, 1.23009272102e-07, 1.70969400415e-07, 2.05208024795e-07, 5.86788964085e-08, 2.85461574379e-08, 8.99566217072e-08, 1.9122774475e-08, 2.48544012038e-08, 2.15696658756e-07, 6.48876365972e-08, 2.29830632748e-07, 4.46749567118e-07, 4.18275931224e-07, 2.15092043732e-07, 1.62977364937e-08, 2.1180977805e-10, 7.60061666383e-11, 5.23501034189e-11, 5.87224442249e-13, 5.74271381036e-18]
        dvar2: [6.99017102881e-12, 8.23940979444e-07, 1.55281998104e-06, 5.07318873133e-07, 5.03474495872e-07, 1.01917510165e-06, 4.41058915612e-07, 3.42517438412e-07, 4.23608213396e-07, 5.84481313126e-07, 1.68528345057e-07, 5.99822627123e-08, 2.60972910837e-07, 5.61277708755e-08, 7.04793094997e-08, 6.34710602299e-07, 1.77953836555e-07, 6.4979411718e-07, 1.21800019315e-06, 1.15080320029e-06, 6.0177950445e-07, 4.50656578721e-08, 5.51118650716e-10, 1.65715885458e-10, 1.23672308505e-10, 1.40750171934e-12, 8.60019021127e-18]
        max: [1.49601191879e-05, 0.00331382174045, 0.00508344173431, 0.00414829701185, 0.0038846663665, 0.00562567031011, 0.00300481216982, 0.00351469963789, 0.00345094455406, 0.00361758680083, 0.00242315465584, 0.00165726605337, 0.00296347192489, 0.00125755206682, 0.00161147490144, 0.00482415268198, 0.00235613668337, 0.00435992516577, 0.00570378312841, 0.00573927396908, 0.00387569959275, 0.00139413948637, 0.000150080915773, 5.94644989178e-05, 4.57873211417e-05, 5.0406729315e-06, 3.86312031253e-08]
        mean: [5.94693972289e-07, 0.000147236190969, 0.000220532732783, 0.000109557520773, 0.000319511309499, 0.000189220736502, 0.000127272694954, 0.000117361625598, 0.000161484611453, 8.06682583061e-05, 4.38564748038e-05, 6.49531139061e-05, 5.05603020429e-05, 3.22686573782e-05, 3.90862223867e-05, 8.76509220689e-05, 8.19991764729e-05, 8.4420593339e-05, 0.00032085418934, 0.000281485292362, 0.000106434898044, 3.79116972908e-05, 6.67366339258e-06, 7.14381121725e-06, 4.65042512587e-06, 3.46949832419e-07, 7.5084943818e-10]
        min: [2.19288372183e-11, 2.56730228188e-08, 2.90537123249e-08, 4.46366144047e-08, 7.14744459174e-08, 4.4001140509e-08, 3.88942300589e-09, 4.10923517435e-09, 3.53893803151e-09, 3.91215371209e-09, 2.23966689639e-09, 1.91803484206e-09, 1.91643900749e-09, 2.74701061898e-09, 3.97273858255e-09, 4.77712847058e-09, 8.3868023637e-09, 1.87523987449e-08, 4.4085105344e-08, 5.41405462684e-08, 3.6438056128e-08, 9.53817824723e-09, 2.60096388871e-09, 1.79211867568e-09, 2.70821676196e-09, 3.25224777664e-11, 5.740701002e-15]
        var: [3.50964353066e-12, 2.30770382359e-07, 4.81665153984e-07, 1.75692193238e-07, 3.25472086615e-07, 2.55837164786e-07, 1.29466002363e-07, 1.04688226088e-07, 2.08809595392e-07, 1.30825370093e-07, 3.53569973299e-08, 4.4951491418e-08, 5.23555669929e-08, 1.19089653694e-08, 1.64674656133e-08, 1.21413009424e-07, 6.75667948258e-08, 1.41014908195e-07, 5.06255787514e-07, 4.04811515864e-07, 1.39990888215e-07, 1.17113065912e-08, 1.95760657684e-10, 1.20472895548e-10, 6.03136013355e-11, 5.81477953895e-13, 5.82465680338e-18]
    mfcc:
        mean: [-819.057312012, 81.5877761841, -10.7199249268, 53.5116462708, -4.80113267899, -14.7011795044, 4.78628826141, -13.2246198654, -5.28014612198, 2.6214299202, -7.8884935379, -7.95667552948, 2.98498654366]
        cov: [[12869.1591797, -441.560760498, -1262.53344727, -1276.89562988, -821.981628418, -713.308410645, -571.928527832, -449.02142334, -423.111755371, -62.6358261108, -212.231750488, -259.383575439, -68.0324935913], [-441.560760498, 2010.82312012, 51.9189071655, -277.748687744, 147.567687988, -191.692245483, 280.569335938, -23.8359851837, -142.567855835, 252.75227356, -148.694473267, -17.4835071564, 228.623962402], [-1262.53344727, 51.9189071655, 694.206237793, 394.422912598, 239.24861145, 283.609588623, 106.327400208, 120.529174805, 121.988830566, -41.2476730347, 89.054725647, 78.4185791016, 1.54776227474], [-1276.89562988, -277.748687744, 394.422912598, 768.812072754, 412.962799072, 126.515830994, -57.5230064392, 132.74369812, 77.9407501221, -98.9727783203, -9.55390453339, 41.2994613647, -12.0528354645], [-821.981628418, 147.567687988, 239.24861145, 412.962799072, 473.744445801, 7.23043584824, -17.1597156525, 25.9319229126, -40.5483551025, 41.4398155212, -82.3810348511, 10.6420974731, 36.4884681702], [-713.308410645, -191.692245483, 283.609588623, 126.515830994, 7.23043584824, 446.761962891, 107.583595276, 88.9353179932, 200.555053711, -68.8149261475, 159.378448486, 41.9294090271, -86.9272155762], [-571.928527832, 280.569335938, 106.327400208, -57.5230064392, -17.1597156525, 107.583595276, 288.722595215, 98.8876876831, 92.221534729, 71.4250335693, 45.8806152344, 17.5796203613, 34.9752578735], [-449.02142334, -23.8359851837, 120.529174805, 132.74369812, 25.9319229126, 88.9353179932, 98.8876876831, 179.118682861, 116.383056641, -20.4303016663, 48.1405220032, 10.4037656784, 2.94218873978], [-423.111755371, -142.567855835, 121.988830566, 77.9407501221, -40.5483551025, 200.555053711, 92.221534729, 116.383056641, 237.686569214, -8.14986610413, 114.71421051, 37.6463394165, -48.1369171143], [-62.6358261108, 252.75227356, -41.2476730347, -98.9727783203, 41.4398155212, -68.8149261475, 71.4250335693, -20.4303016663, -8.14986610413, 238.518249512, 15.1826534271, -5.78291463852, 44.1296386719], [-212.231750488, -148.694473267, 89.054725647, -9.55390453339, -82.3810348511, 159.378448486, 45.8806152344, 48.1405220032, 114.71421051, 15.1826534271, 199.153747559, 44.1631965637, -52.8692550659], [-259.383575439, -17.4835071564, 78.4185791016, 41.2994613647, 10.6420974731, 41.9294090271, 17.5796203613, 10.4037656784, 37.6463394165, -5.78291463852, 44.1631965637, 98.6588058472, 14.0430030823], [-68.0324935913, 228.623962402, 1.54776227474, -12.0528354645, 36.4884681702, -86.9272155762, 34.9752578735, 2.94218873978, -48.1369171143, 44.1296386719, -52.8692550659, 14.0430030823, 126.045402527]]
        icov: [[0.000115557770187, 2.36638970819e-05, 2.77765975625e-05, 0.000167918187799, 3.23785861838e-05, 7.62427589507e-05, 0.000181846742635, 6.97129507898e-06, -1.1895030184e-05, 4.49076687801e-05, 1.53674627654e-05, 0.000147247134009, -2.47330285674e-06], [2.36638970819e-05, 0.000916872755624, -0.000294619589113, 0.000673141621519, -0.000568616378587, 0.000203424948268, -0.000666556938086, 3.71870555682e-05, 0.000145018930198, -0.000225427458645, 0.000281864806311, 0.000194861160708, -0.000862473854795], [2.77765975625e-05, -0.000294619589113, 0.00323548400775, -0.00117007235531, -0.000481134367874, -0.00161292310804, -0.000435408612248, -0.000264882110059, 0.000581467349548, 0.000247113028308, -0.00068674486829, -0.00104929646477, -0.000483906711452], [0.000167918187799, 0.000673141621519, -0.00117007235531, 0.00523061584681, -0.00395486364141, 0.000688903033733, 0.00143450370524, -0.00218827580102, -0.00112570030615, 0.00161071564071, -0.000121544399008, 4.44185097876e-05, -0.000392540445318], [3.23785861838e-05, -0.000568616378587, -0.000481134367874, -0.00395486364141, 0.00687684491277, -0.00108043977525, 0.00033907868783, 0.000344641128322, 0.00191699760035, -0.00294864154421, 0.00262867333367, -0.000547166098841, 0.000766562356148], [7.62427589507e-05, 0.000203424948268, -0.00161292310804, 0.000688903033733, -0.00108043977525, 0.00637705484405, -0.00168154411949, 0.00185667455662, -0.00348300719634, 0.00230002589524, -0.00265273242258, 0.00117632863112, 0.0015126618091], [0.000181846742635, -0.000666556938086, -0.000435408612248, 0.00143450370524, 0.00033907868783, -0.00168154411949, 0.00745307886973, -0.00380036165006, -0.000511243066285, -0.00172848976217, 0.000883191183675, -0.000306738889776, -0.000972991460003], [6.97129507898e-06, 3.71870555682e-05, -0.000264882110059, -0.00218827580102, 0.000344641128322, 0.00185667455662, -0.00380036165006, 0.0125172231346, -0.00522334408015, 0.0020978692919, -0.00181020668242, 0.00291343312711, -0.00213981093839], [-1.1895030184e-05, 0.000145018930198, 0.000581467349548, -0.00112570030615, 0.00191699760035, -0.00348300719634, -0.000511243066285, -0.00522334408015, 0.0113763287663, -0.00219080108218, -0.000498216890264, -0.00262901885435, 0.00211812742054], [4.49076687801e-05, -0.000225427458645, 0.000247113028308, 0.00161071564071, -0.00294864154421, 0.00230002589524, -0.00172848976217, 0.0020978692919, -0.00219080108218, 0.00751776900142, -0.00344600924291, 0.00168848445173, -0.00164767098613], [1.53674627654e-05, 0.000281864806311, -0.00068674486829, -0.000121544399008, 0.00262867333367, -0.00265273242258, 0.000883191183675, -0.00181020668242, -0.000498216890264, -0.00344600924291, 0.0111421030015, -0.00383610045537, 0.00281772436574], [0.000147247134009, 0.000194861160708, -0.00104929646477, 4.44185097876e-05, -0.000547166098841, 0.00117632863112, -0.000306738889776, 0.00291343312711, -0.00262901885435, 0.00168848445173, -0.00383610045537, 0.0140742678195, -0.00404233811423], [-2.47330285674e-06, -0.000862473854795, -0.000483906711452, -0.000392540445318, 0.000766562356148, 0.0015126618091, -0.000972991460003, -0.00213981093839, 0.00211812742054, -0.00164767098613, 0.00281772436574, -0.00404233811423, 0.0136243570596]]
    spectral_contrast:
        mean: [-2.26670266557e-07, 2.81756996401e-07, 2.55464200904e-08, -2.74222770713e-07, -2.76977090152e-07, 1.24458168216e-07, -1.62556523264e-06, -2.48564049343e-07, -9.89113004835e-07, 1.48194339999e-06, -3.29727811277e-07, 2.84636829662e-08]
        var: [0.000622682448011, 0.000974327733275, 0.00167106976733, 0.00232924171723, 0.00615624710917, 0.0154285822064, 0.101373486221, 0.162288203835, 0.194008141756, 0.686209380627, 0.936924636364, 6.11142921448]

rhythm:
    beats_loudness:
        dmean: 0.00316761131398
        dmean2: 0.0052562719211
        dvar: 5.05932666783e-06
        dvar2: 1.37949991768e-05
        max: 0.0102266846225
        mean: 0.00672752037644
        min: 0.000351542053977
        var: 7.1835579547e-06
    beats_loudness_bass:
        dmean: 0.32411634922
        dmean2: 0.526688337326
        dvar: 0.0633766874671
        dvar2: 0.0468571037054
        max: 0.735385417938
        mean: 0.278626561165
        min: 0.000413930014474
        var: 0.0795927718282
    bpm: 126.116127014
    bpm_confidence: 0
    first_peak_bpm: 126
    first_peak_spread: 0
    first_peak_weight: 0.947368443012
    onset_rate: 4.69769906998
    second_peak_bpm: 117
    second_peak_spread: 0
    second_peak_weight: 0.0526315793395
    beats_position: [0.446885079145, 0.92192786932, 1.39697062969, 1.87201344967, 2.34705638885, 2.82209920883, 3.29714202881, 3.77218484879, 4.24722766876, 4.72227048874, 5.19731330872, 5.67235660553, 6.18567752838, 6.66193008423, 7.13818359375, 7.61443662643, 8.09068965912, 8.56694316864, 9.04319572449, 9.51944923401]
    bpm_estimates: [126.549369812, 126.219085693, 126.738716125, 126.021896362, 126.403785706, 126.145820618, 126.055664062, 126.088729858, 126.078353882, 126.042541504, 126.025619507, 126.007011414, 126.066261292, 126.278572083, 126.150932312, 125.252540588, 125.849258423]
    bpm_intervals: [0.475042790174, 0.475042760372, 0.475042819977, 0.475042939186, 0.475042819977, 0.475042819977, 0.475042819977, 0.475042819977, 0.475042819977, 0.475042819977, 0.475043296814, 0.513320922852, 0.476252555847, 0.476253509521, 0.476253032684, 0.476253032684, 0.476253509521, 0.476252555847, 0.476253509521]
    onset_times: [0.0696598663926, 0.208979591727, 0.429569154978, 0.650158703327, 0.905578255653, 1.14938771725, 1.39319729805, 1.63700675964, 1.86920630932, 2.06657600403, 2.32199549675, 2.56580495834, 2.75156474113, 2.83283448219, 3.06503391266, 3.30884361267, 3.45977330208, 3.78485250473, 4.13315200806, 4.2492518425, 4.46984148026, 4.65560102463, 4.73687076569, 4.93424034119, 5.10838985443, 5.21287965775, 5.44507932663, 5.54956912994, 5.68888902664, 5.97913837433, 6.11845827103, 6.19972801208, 6.42031764984, 6.61768722534, 6.87310647964, 7.14013624191, 7.37233543396, 7.60453510284, 7.85995483398, 8.09215450287, 8.32435417175, 8.57977294922, 8.8119726181, 9.06739234924, 9.287981987, 9.50857162476, 9.94975090027]
    rubato_start: []
    rubato_stop: []
    perceptual_tempo: "unknown"

sfx:
    inharmonicity:
        dmean: 0.0640087202191
        dmean2: 0.111444719136
        dvar: 0.00432248646393
        dvar2: 0.0118910856545
        max: 0.406033813953
        mean: 0.0751445889473
        min: 0
        var: 0.00553200114518
    oddtoevenharmonicenergyratio:
        dmean: 42.1680831909
        dmean2: 83.3117218018
        dvar: 223657.78125
        dvar2: 669333.0625
        max: 6794.63037109
        mean: 22.4191093445
        min: 0
        var: 114158.703125
    pitch_after_max_to_before_max_energy_ratio: 3.36727333069
    pitch_centroid: 221.660247803
    pitch_max_to_total: 0.222222223878
    pitch_min_to_total: 0.477541357279
    tristimulus:
        dmean: [0.229447081685, 0.281847327948, 0.183393806219]
        dmean2: [0.409973084927, 0.489317327738, 0.328480303288]
        dvar: [0.0559705719352, 0.0541424937546, 0.0298726409674]
        dvar2: [0.14628110826, 0.14627930522, 0.076657935977]
        max: [1, 0.983665108681, 0.848082244396]
        mean: [0.299187242985, 0.432788789272, 0.200736299157]
        min: [0.00189115270041, 0, 0]
        var: [0.0698234960437, 0.0776971951127, 0.042239151895]

tonal:
    chords_changes_rate: 0.14084507525
    chords_number_rate: 0.0328638479114
    chords_strength:
        dmean: 0.014619092457
        dmean2: 0.0197967402637
        dvar: 0.000172887026565
        dvar2: 0.00028984239907
        max: 0.558941364288
        mean: 0.426454871893
        min: 0.231411725283
        var: 0.00600108923391
    key_strength: 0.360190153122
    tuning_diatonic_strength: 0.426189959049
    tuning_equal_tempered_deviation: 0.24801902473
    tuning_frequency: 449.245300293
    tuning_nontempered_energy_ratio: 0.888707399368
    hpcp:
        dmean: [0.264911860228, 0.253625899553, 0.251802921295, 0.279986262321, 0.261901438236, 0.238317593932, 0.214539855719, 0.241576194763, 0.246635496616, 0.192336589098, 0.194838449359, 0.208099007607, 0.201638147235, 0.211339399219, 0.20089571178, 0.169574841857, 0.17598631978, 0.181767776608, 0.155721589923, 0.181164056063, 0.199814155698, 0.178694084287, 0.188252031803, 0.169476762414, 0.154146358371, 0.157972976565, 0.182158648968, 0.191309332848, 0.145984634757, 0.122334949672, 0.130281075835, 0.136532470584, 0.152852758765, 0.211825013161, 0.245560646057, 0.244184210896]
        dmean2: [0.45738491416, 0.42319047451, 0.419772744179, 0.488081991673, 0.438071638346, 0.404876023531, 0.385838985443, 0.439022123814, 0.456864655018, 0.32429677248, 0.333716154099, 0.350967258215, 0.345350831747, 0.371715426445, 0.349588513374, 0.277105987072, 0.292832791805, 0.314368247986, 0.279578268528, 0.326266139746, 0.362879127264, 0.312951207161, 0.347031503916, 0.303368449211, 0.275223374367, 0.266829490662, 0.32448643446, 0.332558751106, 0.266865730286, 0.21494820714, 0.225809410214, 0.236508265138, 0.261758208275, 0.379217922688, 0.430012375116, 0.420431345701]
        dvar: [0.0585244856775, 0.051743645221, 0.0552894212306, 0.0629654526711, 0.0562102422118, 0.0548334047198, 0.058797005564, 0.0701904669404, 0.0745324417949, 0.0436956807971, 0.0533041059971, 0.0482794716954, 0.048214495182, 0.0574903190136, 0.0583946071565, 0.0411684587598, 0.0395482629538, 0.0574981123209, 0.0440546572208, 0.0635589882731, 0.0645141676068, 0.0500829257071, 0.0611849538982, 0.0527287125587, 0.0344059839845, 0.0364099182189, 0.0541833266616, 0.0633442774415, 0.041775804013, 0.0351332835853, 0.0365186110139, 0.0343434847891, 0.032426789403, 0.0640182048082, 0.0674858689308, 0.0545520931482]
        dvar2: [0.152970030904, 0.130626961589, 0.144745469093, 0.159382730722, 0.147559419274, 0.167672559619, 0.147953525186, 0.193780273199, 0.217876493931, 0.120901368558, 0.139538735151, 0.12222968787, 0.125349745154, 0.153119757771, 0.155757904053, 0.104706779122, 0.0952782258391, 0.150017529726, 0.115208305418, 0.171588420868, 0.187745675445, 0.131492733955, 0.170067429543, 0.151306897402, 0.08813675493, 0.0870619788766, 0.139696598053, 0.170476451516, 0.112388603389, 0.0931817293167, 0.100515253842, 0.0929368808866, 0.0775926113129, 0.168681949377, 0.187193706632, 0.13866648078]
        max: [1, 1, 1, 1, 1, 1, 1, 1, 1, 1, 1, 1, 1, 1, 1, 1, 1, 1, 1, 1, 1, 1, 1, 1, 1, 1, 0.990064203739, 1, 1, 1, 1, 1, 1, 1, 1, 1]
        mean: [0.319978654385, 0.345080882311, 0.374164432287, 0.407518953085, 0.35558834672, 0.259764045477, 0.23065200448, 0.245100364089, 0.22467495501, 0.204246625304, 0.223356217146, 0.23245473206, 0.214977964759, 0.206785216928, 0.192588508129, 0.179541200399, 0.188254594803, 0.173542320728, 0.141778483987, 0.14823718369, 0.166255131364, 0.16531817615, 0.158744871616, 0.147213324904, 0.146209686995, 0.149541601539, 0.152804166079, 0.162068098783, 0.145733609796, 0.121702365577, 0.123802259564, 0.140778779984, 0.165867671371, 0.2004801929, 0.233672901988, 0.269730627537]
        min: [0.000972529291175, 0.00145773193799, 0.000964421837125, 0.000707411905751, 0.00160583585966, 0.00145281525329, 0.00129439728335, 0.000907038920559, 0.00122174620628, 0.00150585419033, 0.00106327142566, 0.000565668335184, 0.000505831558257, 0.000641515478492, 0.00105736614205, 0.00108417798765, 0.000933129398618, 0.000540666107554, 0.000301656749798, 0.000303619890474, 0.000507049902808, 0.000415307265939, 0.000257094012341, 0.000247818126809, 0.000400297722081, 0.000344697735272, 0, 0.000508781871758, 0.000247180578299, 0.000224477655138, 0.000358163903002, 0.000622507184744, 0.000659825454932, 0.000535199185833, 0.00113731378224, 0.00128112407401]
        var: [0.0867601335049, 0.0909077972174, 0.0982589349151, 0.113366901875, 0.0980030894279, 0.0688691884279, 0.06711717695, 0.0817109122872, 0.0722310096025, 0.0561433546245, 0.0716596990824, 0.0785931423306, 0.0672536417842, 0.0658027455211, 0.0596068352461, 0.0480390898883, 0.0543419979513, 0.0546109005809, 0.0383073091507, 0.052096363157, 0.053825750947, 0.048477564007, 0.0509211979806, 0.0447186231613, 0.0349451936781, 0.0427237302065, 0.0490541271865, 0.0584988258779, 0.0425901412964, 0.0365584492683, 0.0340374857187, 0.0334222689271, 0.0379907265306, 0.0589391216636, 0.0670349299908, 0.0673594996333]
    chords_histogram: [0.938967108727, 33.3333320618, 19.7183094025, 0, 0, 0, 0, 0, 0, 19.7183094025, 0, 0, 0, 0, 0, 7.51173686981, 4.22535228729, 0, 5.63380289078, 0, 0, 0, 0, 8.92018795013]
    thpcp: [1, 0.872568845749, 0.637428104877, 0.565990865231, 0.601445317268, 0.551323950291, 0.501195430756, 0.548087894917, 0.570414543152, 0.527528762817, 0.507424771786, 0.47258785367, 0.440571397543, 0.461952984333, 0.42585092783, 0.347906470299, 0.363755315542, 0.407969087362, 0.405669897795, 0.389539837837, 0.361242890358, 0.35878008604, 0.366956174374, 0.374962121248, 0.39769461751, 0.357611864805, 0.298642218113, 0.303795099258, 0.345453321934, 0.407018303871, 0.49195304513, 0.573403775692, 0.661884844303, 0.785187184811, 0.846784889698, 0.918152213097]
    chords_key: "F"
    chords_scale: "major"
    key_key: "D"
    key_scale: "minor"
    chords_progression: ["Fm", "Fm", "Fm", "Fm", "Fm", "Fm", "Fm", "Fm", "Fm", "Fm", "Am", "Fm", "Fm", "Am", "Am", "Am", "Am", "Am", "Am", "Am", "F", "F", "F", "F", "F", "F", "F", "F", "F", "F", "F", "F", "F", "F", "F", "F", "F", "F", "F", "Am", "Am", "Am", "Am", "Am", "Am", "Am", "Am", "Am", "A", "Am", "Am", "Am", "Am", "Am", "Am", "Am", "Am", "F#", "F#", "F#", "F#", "F#", "F#", "F#", "F#", "F#", "F#", "F#", "F#", "F#", "A", "A", "A", "A", "A#m", "A", "A", "A", "A", "A#m", "A#m", "A#m", "A#m", "A#m", "A#m", "A#", "A#", "A#", "A#m", "A#m", "A#", "A#", "F", "F", "F", "A#", "A#", "A#", "A#", "A#", "A", "A", "A", "A", "A", "A", "A", "F", "F", "F", "F", "F", "A#", "A#", "A#", "A#", "A#", "A#", "A#", "A#", "A", "A", "A#", "A", "A", "F", "F", "F", "F", "Dm", "Dm", "F", "F", "F", "F", "F", "F", "F", "F", "F", "F", "F", "F", "F#", "F#", "F#", "F", "F", "F", "F", "F", "F", "F", "F", "F", "F", "F", "F", "F", "F", "F", "F", "F", "F", "F", "F", "F", "F", "F", "F", "F", "F", "F", "F", "Am", "Am", "Am", "Am", "Am", "Am", "Am", "Am", "Am", "Am", "Am", "Am", "Am", "Am", "Am", "Am", "Am", "A", "A", "A", "A", "A", "A", "A", "A", "A", "A", "A", "A", "A", "A", "A", "A", "A", "A", "A", "A", "A", "A"]
