
metadata:
    version:
        essentia: "1.2.2"
    audio_properties:
        analysis_sample_rate: 44100
        bitrate: 128
        channels: 2
        equal_loudness: 1
        length: 10.0310201645
        replay_gain: -6.34865760803
        downmix: "mix"
    tags:
        track: 15
        year: 0
        album: "Splitted by Mp3Splt v. 2.1"
        artist: "From 002.20 To 002.30"
        comment: "http://mp3splt.sf.net"
        genre: ""
        title: "03 Lush 3-1.mp3"

highlevel:
    ballroom:
        all:
            ChaChaCha: 0.256074368954
            Jive: 0.0634104609489
            Quickstep: 0.00903051905334
            Rumba-American: 0.00226846453734
            Rumba-International: 0.00316672213376
            Rumba-Misc: 0.00354594411328
            Samba: 0.64965736866
            Tango: 0.00738481525332
            VienneseWaltz: 0.00219016498886
            Waltz: 0.00327116064727
        probability: 0.64965736866
        value: "Samba"
    culture:
        all:
            non_western: 0.5
            western: 0.5
        probability: 0.5
        value: "non_western"
    gender:
        all:
            female: 0.89485013485
            male: 0.105149887502
        probability: 0.89485013485
        value: "female"
    genre_dortmund:
        all:
            alternative: 0.100779622793
            blues: 0.00443412363529
            electronic: 0.640955507755
            folkcountry: 0.0138423293829
            funksoulrnb: 0.00794633757323
            jazz: 0.0815714597702
            pop: 0.0318224094808
            raphiphop: 0.0540830083191
            rock: 0.0645651742816
        probability: 0.640955507755
        value: "electronic"
    genre_electronica:
        all:
            ambient: 0.138583242893
            dnb: 0.252044171095
            house: 0.0821010097861
            techno: 0.0503036566079
            trance: 0.476967900991
        probability: 0.476967900991
        value: "trance"
    genre_rosamerica:
        all:
            cla: 0.0143758133054
            dan: 0.858802497387
            hip: 0.0200564600527
            jaz: 0.00923216808587
            pop: 0.0327728278935
            rhy: 0.0385975204408
            roc: 0.0248240493238
            spe: 0.00133864628151
        probability: 0.858802497387
        value: "dan"
    genre_tzanetakis:
        all:
            blu: 0.00685601029545
            cla: 0.016951771453
            cou: 0.0417762957513
            dis: 0.224600106478
            hip: 0.05283081159
            jaz: 0.0729335173965
            met: 0.0341620668769
            pop: 0.384122133255
            reg: 0.122307822108
            roc: 0.0434594601393
        probability: 0.384122133255
        value: "pop"
    live_studio:
        all:
            live: 0.00390603533015
            studio: 0.996093988419
        probability: 0.996093988419
        value: "studio"
    mood:
        all:
            Cluster1: 0.530653953552
            Cluster2: 0.146243438125
            Cluster3: 0.0810168683529
            Cluster4: 0.0347383357584
            Cluster5: 0.207347407937
        probability: 0.530653953552
        value: "Cluster1"
    mood_acoustic:
        all:
            acoustic: 0.0237543154508
            not_acoustic: 0.976245701313
        probability: 0.976245701313
        value: "not_acoustic"
    mood_aggressive:
        all:
            aggressive: 0.116773828864
            not_aggressive: 0.883226156235
        probability: 0.883226156235
        value: "not_aggressive"
    mood_electronic:
        all:
            electronic: 0.768329262733
            not_electronic: 0.231670722365
        probability: 0.768329262733
        value: "electronic"
    mood_happy:
        all:
            happy: 0.363685846329
            not_happy: 0.636314153671
        probability: 0.636314153671
        value: "not_happy"
    mood_party:
        all:
            not_party: 0.524715185165
            party: 0.475284814835
        probability: 0.524715185165
        value: "not_party"
    mood_relaxed:
        all:
            not_relaxed: 0.376768767834
            relaxed: 0.623231232166
        probability: 0.623231232166
        value: "relaxed"
    mood_sad:
        all:
            not_sad: 0.412095308304
            sad: 0.587904691696
        probability: 0.587904691696
        value: "sad"
    rhythm:
        all:
            fast: 0.868465185165
            medium: 0.0260970667005
            slow: 0.105437725782
        probability: 0.868465185165
        value: "fast"
    speech_music:
        all:
            music: 0.999977171421
            speech: 2.2851916583e-05
        probability: 0.999977171421
        value: "music"
    timbre:
        all:
            bright: 0.994648039341
            dark: 0.00535196904093
        probability: 0.994648039341
        value: "bright"
    voice_instrumental:
        all:
            instrumental: 0.9886713624
            voice: 0.0113286245614
        probability: 0.9886713624
        value: "instrumental"

lowlevel:
    average_loudness: 0.958741366863
    barkbands_kurtosis:
        dmean: 1.09108912945
        dmean2: 1.73681783676
        dvar: 2.98804306984
        dvar2: 7.15879154205
        max: 14.3929138184
        mean: -0.128768920898
        min: -1.73173308372
        var: 3.37414669991
    barkbands_skewness:
        dmean: 0.4762763381
        dmean2: 0.671702384949
        dvar: 0.215855926275
        dvar2: 0.409037351608
        max: 3.86070227623
        mean: -0.123939082026
        min: -1.82015323639
        var: 0.769930183887
    barkbands_spread:
        dmean: 7.7854013443
        dmean2: 11.9503774643
        dvar: 45.2896728516
        dvar2: 110.739624023
        max: 65.92552948
        mean: 29.2860679626
        min: 5.41987228394
        var: 147.715316772
    dissonance:
        dmean: 0.0256728157401
        dmean2: 0.0435997880995
        dvar: 0.000558116647881
        dvar2: 0.00143671885598
        max: 0.498457849026
        mean: 0.456348955631
        min: 0.294803053141
        var: 0.000786884862464
    hfc:
        dmean: 1.56534957886
        dmean2: 2.42243981361
        dvar: 4.9617805481
        dvar2: 13.1022462845
        max: 27.6116676331
        mean: 3.52948045731
        min: 0.0515548847616
        var: 5.83728742599
    pitch:
        dmean: 329.915771484
        dmean2: 624.826965332
        dvar: 355091.09375
        dvar2: 972492.9375
        max: 4410
        mean: 589.907592773
        min: 105.50239563
        var: 272354.84375
    pitch_instantaneous_confidence:
        dmean: 0.130101412535
        dmean2: 0.202896937728
        dvar: 0.0104830805212
        dvar2: 0.0268969982862
        max: 0.955031454563
        mean: 0.551176667213
        min: 0.169217526913
        var: 0.0246464964002
    pitch_salience:
        dmean: 0.0801464468241
        dmean2: 0.129294335842
        dvar: 0.00530507415533
        dvar2: 0.0128866909072
        max: 0.751670122147
        mean: 0.517453491688
        min: 0.137032136321
        var: 0.0114777637646
    silence_rate_20dB:
        dmean: 0
        dmean2: 0
        dvar: 0
        dvar2: 0
        max: 1
        mean: 1
        min: 1
        var: 0
    silence_rate_30dB:
        dmean: 0
        dmean2: 0
        dvar: 0
        dvar2: 0
        max: 1
        mean: 1
        min: 1
        var: 0
    silence_rate_60dB:
        dmean: 0.101851850748
        dmean2: 0.204176336527
        dvar: 0.0914779528975
        dvar2: 0.190330788493
        max: 1
        mean: 0.847575068474
        min: 0
        var: 0.12919126451
    spectral_centroid:
        dmean: 343.677642822
        dmean2: 495.357513428
        dvar: 97699.09375
        dvar2: 178524.5625
        max: 3456.55224609
        mean: 1795.74450684
        min: 294.915222168
        var: 379433.25
    spectral_complexity:
        dmean: 2.8143851757
        dmean2: 4.73488378525
        dvar: 14.076921463
        dvar2: 35.4320144653
        max: 37
        mean: 6.32407426834
        min: 0
        var: 16.5246009827
    spectral_crest:
        dmean: 2.65347123146
        dmean2: 4.210978508
        dvar: 4.79633522034
        dvar2: 10.8438863754
        max: 20.1487922668
        mean: 8.89410209656
        min: 2.68457722664
        var: 12.5600347519
    spectral_decrease:
        dmean: 3.15100778803e-10
        dmean2: 4.3513492809e-10
        dvar: 3.36318091982e-19
        dvar2: 6.54938603059e-19
        max: -4.44440534722e-12
        mean: -5.83823100975e-10
        min: -4.84414641733e-09
        var: 5.32687098788e-19
    spectral_energy:
        dmean: 0.00130423007067
        dmean2: 0.0018140070606
        dvar: 5.3753328757e-06
        dvar2: 1.0607321201e-05
        max: 0.0207873731852
        mean: 0.00252361758612
        min: 2.14502724702e-05
        var: 8.47102910484e-06
    spectral_energyband_high:
        dmean: 0.000112165667815
        dmean2: 0.000182865682291
        dvar: 2.14077733318e-08
        dvar2: 5.7835595868e-08
        max: 0.00131676741876
        mean: 0.000189606667846
        min: 1.86642591871e-06
        var: 2.60366999072e-08
    spectral_energyband_low:
        dmean: 0.000444780656835
        dmean2: 0.000648036482744
        dvar: 1.09507539037e-06
        dvar2: 2.40706162913e-06
        max: 0.00725279375911
        mean: 0.000527672003955
        min: 1.02617425668e-08
        var: 1.4045209582e-06
    spectral_energyband_middle_high:
        dmean: 0.000448299426353
        dmean2: 0.000705272250343
        dvar: 3.16935143019e-07
        dvar2: 8.03432612884e-07
        max: 0.00795291084796
        mean: 0.00113990879618
        min: 1.71854626387e-05
        var: 5.14118710271e-07
    spectral_energyband_middle_low:
        dmean: 0.000756646099035
        dmean2: 0.00130486651324
        dvar: 4.71209341413e-06
        dvar2: 1.17692297863e-05
        max: 0.0122148925439
        mean: 0.000666417123284
        min: 1.60618583323e-06
        var: 3.69035001313e-06
    spectral_flatness_db:
        dmean: 0.0242493804544
        dmean2: 0.0359819568694
        dvar: 0.000463584437966
        dvar2: 0.00100812222809
        max: 0.312941730022
        mean: 0.14662706852
        min: 0.0677406787872
        var: 0.001473023789
    spectral_flux:
        dmean: 0.0105642899871
        dmean2: 0.0141447698697
        dvar: 0.000200754322577
        dvar2: 0.000279501749901
        max: 0.131979942322
        mean: 0.0323431938887
        min: 0.0046314438805
        var: 0.000549976655748
    spectral_kurtosis:
        dmean: 0.957451224327
        dmean2: 1.62182867527
        dvar: 1.62020659447
        dvar2: 4.46910762787
        max: 17.3130702972
        mean: 2.71995091438
        min: 0.141095161438
        var: 1.76266992092
    spectral_rms:
        dmean: 0.000335495918989
        dmean2: 0.000461916584754
        dvar: 1.94531466491e-07
        dvar2: 3.6452613017e-07
        max: 0.00450337259099
        mean: 0.00142933591269
        min: 0.000144662000821
        var: 4.19065685264e-07
    spectral_rolloff:
        dmean: 651.741638184
        dmean2: 1052.22241211
        dvar: 424325.78125
        dvar2: 872512.5
        max: 6115.4296875
        mean: 3160.24389648
        min: 150.732421875
        var: 944400
    spectral_skewness:
        dmean: 0.200315013528
        dmean2: 0.327396601439
        dvar: 0.04067312181
        dvar2: 0.101999387145
        max: 2.98722720146
        mean: 1.3677355051
        min: 0.657944619656
        var: 0.0624691806734
    spectral_spread:
        dmean: 646860.5
        dmean2: 1034318.4375
        dvar: 515666509824
        dvar2: 1.12026465075e+12
        max: 14600785
        mean: 6036059.5
        min: 2871844.25
        var: 969505570816
    spectral_strongpeak:
        dmean: 0.378240764141
        dmean2: 0.663846254349
        dvar: 0.159861624241
        dvar2: 0.412197619677
        max: 2.82157731056
        mean: 0.676156640053
        min: 0.0218367967755
        var: 0.264433294535
    zerocrossingrate:
        dmean: 0.0134169720113
        dmean2: 0.0143793150783
        dvar: 0.000118029616715
        dvar2: 0.000146836115164
        max: 0.15625
        mean: 0.0974471494555
        min: 0.02197265625
        var: 0.000718579161912
    barkbands:
        dmean: [8.57208078742e-07, 0.000211561753531, 0.000321343512041, 0.000385764724342, 0.000414409703808, 2.18038476305e-05, 1.99624519155e-05, 3.11568110192e-05, 6.31054499536e-05, 7.12986657163e-05, 6.76712152199e-05, 3.48601352016e-05, 5.10722347826e-05, 3.0074528695e-05, 0.000121145363664, 9.17748911888e-05, 9.69814209384e-05, 5.99436280027e-05, 0.000112768590043, 6.16102843196e-05, 6.49711655569e-05, 1.85876924661e-05, 4.64539289169e-06, 3.43423062077e-06, 1.65438632393e-06, 9.73976668206e-08, 1.04874242624e-09]
        dmean2: [1.25710630527e-06, 0.000324098480633, 0.00054858578369, 0.000728639017325, 0.000771029386669, 3.62886530638e-05, 3.29092545144e-05, 5.4705698858e-05, 9.38539524213e-05, 0.000105074665044, 0.000105347317003, 5.05375792272e-05, 8.68049901328e-05, 5.0348957302e-05, 0.000193349216715, 0.000151214728248, 0.000167543999851, 9.89529653452e-05, 0.000187613797607, 0.000105119121145, 0.000107837506221, 2.92572931357e-05, 6.95973403708e-06, 5.49872902411e-06, 2.65590779236e-06, 1.49755976508e-07, 1.39459721549e-09]
        dvar: [2.09780023214e-12, 2.3642354563e-07, 9.85804376796e-07, 1.84573138995e-06, 2.15340037357e-06, 1.71584646491e-09, 2.24397056492e-09, 7.57622053982e-09, 1.20401812964e-08, 1.34294131371e-08, 1.79731607375e-08, 7.90934340245e-09, 5.37116440213e-09, 2.74857403504e-09, 2.87750854255e-08, 1.74537913011e-08, 4.55017712397e-08, 7.25506943411e-09, 1.58635788949e-08, 8.24198931326e-09, 6.54658505184e-09, 4.99321139991e-10, 7.49577067083e-11, 9.06773128806e-11, 2.57473382892e-11, 4.96473488135e-14, 1.29647193779e-16]
        dvar2: [4.57758267056e-12, 5.51157654627e-07, 2.49571917266e-06, 5.26962821823e-06, 6.0751667661e-06, 4.8706731981e-09, 5.38584288279e-09, 2.16943636389e-08, 2.82158314491e-08, 2.22659544136e-08, 3.61622944922e-08, 1.63307731782e-08, 1.42952378823e-08, 6.9665309077e-09, 7.0587020673e-08, 4.7807187542e-08, 1.25599072476e-07, 1.90938411748e-08, 4.43097967207e-08, 2.30993162376e-08, 1.80013195461e-08, 1.2668117666e-09, 1.82334286558e-10, 2.37413227966e-10, 7.24810766961e-11, 1.28368019339e-13, 1.31722781842e-16]
        max: [1.18526622828e-05, 0.00416367594153, 0.0064761955291, 0.00822121556848, 0.00901328399777, 0.000287541013677, 0.000341369450325, 0.000576555612497, 0.000994540168904, 0.0011046185391, 0.0015687411651, 0.00202631461434, 0.000515170628205, 0.000361081183655, 0.00182505964767, 0.00160349346697, 0.00262941489927, 0.000935891119298, 0.00105813937262, 0.000795838655904, 0.000816317857243, 0.000201410817681, 9.48427114054e-05, 8.18502376205e-05, 6.65851475787e-05, 2.51590518019e-06, 2.36644225993e-07]
        mean: [1.28372505515e-06, 0.000275130878435, 0.000251272897003, 0.000229542914894, 0.000257985142525, 2.22178532567e-05, 1.93516716536e-05, 2.5109760827e-05, 0.000107322914118, 0.000152807158884, 0.000102586302091, 6.11795621808e-05, 6.61686644889e-05, 3.32474410243e-05, 0.000181020819582, 0.000133678870043, 0.000131008098833, 8.77713755472e-05, 0.000157022674102, 8.62618762767e-05, 9.61833284236e-05, 3.09713359457e-05, 7.43733244235e-06, 4.60064347862e-06, 2.31606622947e-06, 1.39221555173e-07, 1.17219467466e-09]
        min: [4.47605147391e-11, 3.28961347051e-09, 3.87830967341e-09, 1.98358645065e-08, 9.19016187595e-08, 6.70148381232e-08, 1.24199148743e-08, 3.38203385297e-08, 6.87431267465e-08, 1.14007775665e-07, 5.08434965241e-08, 3.69095509711e-08, 5.82774539737e-08, 3.75624495064e-07, 3.49748141559e-08, 1.13431826776e-06, 3.36196080752e-07, 1.02474336927e-06, 4.03600961363e-06, 6.22410198048e-07, 1.03697868781e-06, 2.40884276081e-07, 1.03093043435e-07, 7.25115256728e-08, 1.42059182195e-08, 1.63212832138e-09, 1.13781579644e-11]
        var: [4.62407933124e-12, 2.9420385772e-07, 7.60410273415e-07, 1.05618221369e-06, 1.26515055854e-06, 1.48383449972e-09, 2.09840900212e-09, 4.97574959013e-09, 2.29569678822e-08, 5.76345939862e-08, 4.37738947312e-08, 4.23565005292e-08, 7.86525156116e-09, 3.1624143304e-09, 5.21659622166e-08, 2.60033470312e-08, 4.24022843504e-08, 9.75920944057e-09, 1.96441991562e-08, 8.86154793989e-09, 7.47515294108e-09, 6.45586917258e-10, 8.70230693062e-11, 7.69845853732e-11, 2.05417505922e-11, 5.03925616242e-14, 1.29527100389e-16]
    mfcc:
        mean: [-749.435180664, 70.8583602905, -47.0699310303, 40.7376289368, -6.00245904922, 7.58014345169, 10.5200891495, 12.3742189407, 18.3653144836, 5.82833528519, -2.56451511383, -7.56189823151, -2.36524224281]
        cov: [[2006.38317871, 280.582519531, 442.068634033, 107.319602966, -0.666258573532, 39.1482200623, 25.4390678406, -149.336593628, -189.20765686, -113.517707825, 19.9745407104, 79.1984558105, 24.9295349121], [280.582519531, 777.021057129, 251.013534546, 159.21257019, 167.246887207, 138.471801758, 65.7925872803, -5.11762523651, -11.3455066681, 6.29315805435, 62.2982788086, 63.2568702698, -31.5122356415], [442.068634033, 251.013534546, 406.292388916, 226.321487427, 134.40196228, 120.35382843, 88.6892700195, 4.54950904846, -48.3644714355, -3.32213759422, 52.9655227661, 83.10572052, 56.6763420105], [107.319602966, 159.21257019, 226.321487427, 259.184265137, 142.533065796, 87.5604858398, 82.1446838379, 39.704284668, 4.79763936996, -0.570711135864, 15.8407678604, 29.2929916382, 28.8452186584], [-0.666258573532, 167.246887207, 134.40196228, 142.533065796, 160.508758545, 99.0865707397, 59.9242362976, 45.9495124817, 31.6918544769, 14.0012769699, 16.595993042, 23.5645160675, 19.0220222473], [39.1482200623, 138.471801758, 120.35382843, 87.5604858398, 99.0865707397, 129.163970947, 87.3950042725, 39.2941551208, 15.0547094345, 17.0461730957, 31.8202266693, 42.4684562683, 28.4399375916], [25.4390678406, 65.7925872803, 88.6892700195, 82.1446838379, 59.9242362976, 87.3950042725, 159.549453735, 118.566085815, 28.2936630249, -35.8282432556, -17.6974601746, 19.6418571472, 55.9151535034], [-149.336593628, -5.11762523651, 4.54950904846, 39.704284668, 45.9495124817, 39.2941551208, 118.566085815, 184.297424316, 93.6036987305, -22.0835781097, -52.554058075, -30.8989925385, 35.5477256775], [-189.20765686, -11.3455066681, -48.3644714355, 4.79763936996, 31.6918544769, 15.0547094345, 28.2936630249, 93.6036987305, 125.500076294, 50.4231719971, -15.5983810425, -34.2045440674, -11.9826774597], [-113.517707825, 6.29315805435, -3.32213759422, -0.570711135864, 14.0012769699, 17.0461730957, -35.8282432556, -22.0835781097, 50.4231719971, 124.62247467, 83.8727035522, 23.949596405, -27.3167762756], [19.9745407104, 62.2982788086, 52.9655227661, 15.8407678604, 16.595993042, 31.8202266693, -17.6974601746, -52.554058075, -15.5983810425, 83.8727035522, 143.189102173, 92.2549514771, -2.80145096779], [79.1984558105, 63.2568702698, 83.10572052, 29.2929916382, 23.5645160675, 42.4684562683, 19.6418571472, -30.8989925385, -34.2045440674, 23.949596405, 92.2549514771, 128.651016235, 47.1441726685], [24.9295349121, -31.5122356415, 56.6763420105, 28.8452186584, 19.0220222473, 28.4399375916, 55.9151535034, 35.5477256775, -11.9826774597, -27.3167762756, -2.80145096779, 47.1441726685, 118.223564148]]
        icov: [[0.000899390608538, -6.54974865029e-05, -0.0015200333437, 0.000631331407931, 0.000416090799263, 0.000392233661842, -0.000650175497867, 0.001171209733, -0.000508212368004, 0.0010564357508, -0.00018095455016, 0.000188927384443, 0.000274559686659], [-6.54974865029e-05, 0.00210885680281, -0.000857815961353, 0.000530200952198, -0.00162778212689, -0.000687847670633, -0.000282349239569, 0.000569104508031, -0.000658483128063, 0.00124407722615, -0.000657539465465, -0.000381410849513, 0.0016048240941], [-0.0015200333437, -0.000857815961353, 0.00951824430376, -0.00605004606768, 0.000242486581556, -0.00324031594209, 0.00174476939719, -0.00305910664611, 0.00460672331974, -0.00333487382159, 0.000932393711992, -0.00154320395086, -0.00182609364856], [0.000631331407931, 0.000530200952198, -0.00605004606768, 0.0130079621449, -0.00960077438504, 0.00625004898757, -0.00652942480519, 0.00339160184376, -0.000637842575088, -0.000282856315607, -8.3125771198e-05, 0.00131051754579, 0.00118982419372], [0.000416090799263, -0.00162778212689, 0.000242486581556, -0.00960077438504, 0.02406976372, -0.0156111437827, 0.00996034964919, -0.00393171189353, -0.00441791070625, 0.00401581870392, -0.000818918924779, 7.12555192877e-05, -0.00150912464596], [0.000392233661842, -0.000687847670633, -0.00324031594209, 0.00625004898757, -0.0156111437827, 0.0309903211892, -0.019884057343, 0.00799346435815, 0.00044863295625, -0.00700415298343, 0.00123040867038, -0.00141541555058, 0.00084073987091], [-0.000650175497867, -0.000282349239569, 0.00174476939719, -0.00652942480519, 0.00996034964919, -0.019884057343, 0.0324483700097, -0.0195003598928, 0.00334063032642, 0.00657645380124, -0.00191974453628, -0.00188960472587, -0.00291800592095], [0.001171209733, 0.000569104508031, -0.00305910664611, 0.00339160184376, -0.00393171189353, 0.00799346435815, -0.0195003598928, 0.0281981490552, -0.0183187443763, 0.00707148853689, -0.00146411103196, 0.00350468163379, -0.00165736593772], [-0.000508212368004, -0.000658483128063, 0.00460672331974, -0.000637842575088, -0.00441791070625, 0.00044863295625, 0.00334063032642, -0.0183187443763, 0.0323912166059, -0.0211832877249, 0.00973154045641, -0.00145544286352, 0.00160927779507], [0.0010564357508, 0.00124407722615, -0.00333487382159, -0.000282856315607, 0.00401581870392, -0.00700415298343, 0.00657645380124, 0.00707148853689, -0.0211832877249, 0.0344035513699, -0.0216593276709, 0.00664253206924, 0.000218839413719], [-0.00018095455016, -0.000657539465465, 0.000932393711992, -8.3125771198e-05, -0.000818918924779, 0.00123040867038, -0.00191974453628, -0.00146411103196, 0.00973154045641, -0.0216593276709, 0.0315192006528, -0.0181229859591, 0.00457570934668], [0.000188927384443, -0.000381410849513, -0.00154320395086, 0.00131051754579, 7.12555192877e-05, -0.00141541555058, -0.00188960472587, 0.00350468163379, -0.00145544286352, 0.00664253206924, -0.0181229859591, 0.0245757196099, -0.00839473214], [0.000274559686659, 0.0016048240941, -0.00182609364856, 0.00118982419372, -0.00150912464596, 0.00084073987091, -0.00291800592095, -0.00165736593772, 0.00160927779507, 0.000218839413719, 0.00457570934668, -0.00839473214, 0.0150022348389]]
    spectral_contrast:
        mean: [-1.01195096747e-08, -2.15286419802e-07, -6.79738263898e-07, -3.24358950365e-07, -1.74255944785e-07, -4.4220576001e-07, -9.20698596474e-07, -9.21410048704e-07, -7.8127618508e-07, -2.72291117653e-06, 3.8871680772e-06, -2.09078461921e-06]
        var: [0.000203993928153, 0.00051471585175, 0.00135789369233, 0.0021262911614, 0.00349995167926, 0.0075244512409, 0.0456298105419, 0.0779746994376, 0.145694002509, 0.237419098616, 0.562663853168, 2.25778865814]

rhythm:
    beats_loudness:
        dmean: 0.00184553198051
        dmean2: 0.00301210582256
        dvar: 6.33194986221e-06
        dvar2: 1.14833646876e-05
        max: 0.0141568798572
        mean: 0.0058764112182
        min: 0.000740136718377
        var: 2.43316080741e-05
    beats_loudness_bass:
        dmean: 0.204552009702
        dmean2: 0.355855077505
        dvar: 0.0546006895602
        dvar2: 0.094016559422
        max: 0.786696493626
        mean: 0.402548462152
        min: 0.000373440445401
        var: 0.0991735681891
    bpm: 130.84677124
    bpm_confidence: 0
    first_peak_bpm: 105
    first_peak_spread: 0
    first_peak_weight: 0.526315808296
    onset_rate: 6.47989940643
    second_peak_bpm: 131
    second_peak_spread: 0
    second_peak_weight: 0.421052634716
    beats_position: [0.150217205286, 0.724092841148, 1.29796850681, 1.87184417248, 2.44571995735, 3.01959562302, 3.5934715271, 4.16734743118, 4.74122285843, 5.31509876251, 5.8889746666, 6.15046072006, 6.60901212692, 7.06756448746, 7.52611589432, 7.98466730118, 8.44322013855, 8.90177154541, 9.36032295227, 9.81887435913]
    bpm_estimates: [130.876815796, 130.800552368, 131.012756348, 130.822067261, 130.90411377, 130.936203003, 130.811721802, 130.734298706, 130.769439697, 130.799667358]
    bpm_intervals: [0.573875665665, 0.573875665665, 0.573875665665, 0.573875784874, 0.573875665665, 0.573875904083, 0.573875904083, 0.573875427246, 0.573875904083, 0.573875904083, 0.261486053467, 0.45855140686, 0.458552360535, 0.45855140686, 0.45855140686, 0.458552837372, 0.45855140686, 0.45855140686, 0.45855140686]
    onset_times: [0.0464399084449, 0.150929704309, 0.394739240408, 0.510838985443, 0.719818592072, 0.847528338432, 1.10294783115, 1.19582772255, 1.42802715302, 1.54412698746, 1.66022670269, 1.79954648018, 1.89242625237, 2.00852608681, 2.24072551727, 2.35682535172, 2.56580495834, 2.68190479279, 2.90249443054, 3.04181408882, 3.16952371597, 3.26240372658, 3.3785033226, 3.63392281532, 3.72680282593, 3.84290242195, 4.08671188354, 4.41179132462, 4.53950119019, 4.88780021667, 5.11999988556, 5.23609972, 5.34058952332, 5.50312948227, 5.58439922333, 5.71210861206, 5.93269824982, 6.06040811539, 6.26938772202, 6.38548755646, 6.48997735977, 6.60607719421, 6.73378705978, 6.82666683197, 6.98920631409, 7.05886602402, 7.18657588959, 7.41877555847, 7.53487539291, 7.75546503067, 7.89478445053, 7.97605419159, 8.2198638916, 8.45206356049, 8.56816291809, 8.68426322937, 8.8119726181, 8.90485286713, 9.16027164459, 9.26476192474, 9.36925125122, 9.61306095123, 9.74077129364, 9.82204055786, 9.98458003998]
    rubato_start: [6.60901212692]
    rubato_stop: [9.81887435913]
    perceptual_tempo: "unknown"

sfx:
    inharmonicity:
        dmean: 0.0622607022524
        dmean2: 0.109941489995
        dvar: 0.00436339946464
        dvar2: 0.012449812144
        max: 0.398102939129
        mean: 0.0693294480443
        min: 0.00031010893872
        var: 0.0047024525702
    oddtoevenharmonicenergyratio:
        dmean: 2.7903380394
        dmean2: 5.03510141373
        dvar: 45.75831604
        dvar2: 122.800483704
        max: 71.5422668457
        mean: 2.06131052971
        min: 0.000532153528184
        var: 31.4736919403
    pitch_after_max_to_before_max_energy_ratio: 1.65334868431
    pitch_centroid: 212.572769165
    pitch_max_to_total: 0.372685194016
    pitch_min_to_total: 0.682870388031
    tristimulus:
        dmean: [0.182773947716, 0.273687511683, 0.151119306684]
        dmean2: [0.312856644392, 0.481420248747, 0.267770975828]
        dvar: [0.0336216874421, 0.0555119924247, 0.0248763505369]
        dvar2: [0.0764327719808, 0.135209187865, 0.0757340416312]
        max: [0.935103714466, 0.991106927395, 0.740905404091]
        mean: [0.257777839899, 0.54464495182, 0.146838486195]
        min: [0.00133291236125, 0, 0]
        var: [0.0529042482376, 0.0808347314596, 0.0271382890642]

tonal:
    chords_changes_rate: 0.0230414755642
    chords_number_rate: 0.0230414755642
    chords_strength:
        dmean: 0.00841702334583
        dmean2: 0.00920686498284
        dvar: 4.45235491497e-05
        dvar2: 5.72696844756e-05
        max: 0.676746308804
        mean: 0.498310595751
        min: 0.390943348408
        var: 0.00477700307965
    key_strength: 0.890691459179
    tuning_diatonic_strength: 0.639917075634
    tuning_equal_tempered_deviation: 0.0765528380871
    tuning_frequency: 441.527557373
    tuning_nontempered_energy_ratio: 0.697175323963
    hpcp:
        dmean: [0.115976668894, 0.132109358907, 0.0882761999965, 0.0855720043182, 0.0745553672314, 0.11974542588, 0.166220024228, 0.12676294148, 0.0827057659626, 0.0705692842603, 0.0572598725557, 0.109679765999, 0.205321714282, 0.195788890123, 0.119529537857, 0.0953910797834, 0.0822108387947, 0.0802825763822, 0.091189801693, 0.0865462645888, 0.120594546199, 0.201131537557, 0.17360407114, 0.0908227264881, 0.0799640491605, 0.112797111273, 0.146902695298, 0.172074437141, 0.12930649519, 0.0769642516971, 0.0896029323339, 0.0798512995243, 0.0589954406023, 0.15762104094, 0.186350554228, 0.129799678922]
        dmean2: [0.216523647308, 0.236521929502, 0.163683980703, 0.157006651163, 0.133233726025, 0.200669720769, 0.281237602234, 0.215205177665, 0.152150288224, 0.13090069592, 0.100855976343, 0.181519940495, 0.348674058914, 0.339668661356, 0.217850953341, 0.167753323913, 0.145746856928, 0.153606697917, 0.168537333608, 0.149554461241, 0.196972206235, 0.330806344748, 0.287266552448, 0.161101609468, 0.144985422492, 0.203765332699, 0.253513634205, 0.290787428617, 0.222521975636, 0.140318989754, 0.16913856566, 0.152443289757, 0.100440882146, 0.273512810469, 0.335564613342, 0.230990216136]
        dvar: [0.046664327383, 0.0461286641657, 0.0332382656634, 0.027979683131, 0.016477920115, 0.0227719713002, 0.0430650636554, 0.0233475100249, 0.0243224538863, 0.0224927831441, 0.0100027779117, 0.0192760359496, 0.0512670427561, 0.0365591719747, 0.0279088951647, 0.0224788635969, 0.0183424539864, 0.0270727891475, 0.0350454002619, 0.0333698652685, 0.0215698052198, 0.0476992465556, 0.0362722612917, 0.0268386863172, 0.0220845472068, 0.0456006452441, 0.0495012439787, 0.0485026687384, 0.033634647727, 0.0249156821519, 0.051447596401, 0.0387930721045, 0.00753461429849, 0.0331489779055, 0.0539642088115, 0.0252524595708]
        dvar2: [0.123388007283, 0.12831428647, 0.0951797291636, 0.0806377604604, 0.0442856661975, 0.0529748350382, 0.0851694867015, 0.0556299723685, 0.0702410787344, 0.0676439255476, 0.0292291864753, 0.0528400950134, 0.133780792356, 0.10326038301, 0.0736220926046, 0.0566164068878, 0.0479530692101, 0.0786507949233, 0.102211371064, 0.0875188186765, 0.0444952324033, 0.106105990708, 0.0825175270438, 0.0750118643045, 0.0616670846939, 0.124301247299, 0.133072093129, 0.101353861392, 0.0899352133274, 0.0704744234681, 0.144207298756, 0.112729042768, 0.0183935500681, 0.0792442560196, 0.128108009696, 0.0680809989572]
        max: [1, 1, 1, 1, 1, 0.999880552292, 1, 1, 1, 1, 0.710750520229, 0.92454636097, 1, 1, 1, 0.785833954811, 1, 1, 1, 1, 1, 1, 1, 1, 1, 1, 1, 1, 1, 1, 1, 1, 0.736958563328, 1, 1, 1]
        mean: [0.408876538277, 0.241495087743, 0.071440808475, 0.074466496706, 0.0740722417831, 0.190604776144, 0.304301947355, 0.190163910389, 0.0758987888694, 0.0604354478419, 0.0578592941165, 0.157616853714, 0.303626984358, 0.249116286635, 0.122819013894, 0.0991403758526, 0.0830401331186, 0.0705218166113, 0.0715691372752, 0.0720696747303, 0.212738439441, 0.384039461613, 0.256978482008, 0.0758185386658, 0.0635902807117, 0.0851572901011, 0.164578080177, 0.23769788444, 0.157013162971, 0.0611738041043, 0.063426785171, 0.060419369489, 0.0807515606284, 0.191589280963, 0.211425811052, 0.282481461763]
        min: [0.00284703285433, 0.00313485180959, 0.00238344701938, 0.00369064346887, 0.00345727428794, 0.00427243392915, 0.00299420952797, 0.00369212310761, 0.00227085920051, 0.00186369847506, 0.0016325059114, 0.0065401904285, 0.0108197471127, 0.0114203104749, 0.0039533530362, 0.00141143100336, 0.00153041118756, 0.00217253901064, 0.00174542609602, 0.000921309343539, 0.0012070608791, 0.00346450693905, 0.00349602522328, 0.00184382323641, 0.00198682025075, 0.00171597895678, 0.00364102725871, 0.0044728233479, 0.00383313279599, 0.00116322445683, 0.00099898991175, 0.00151690503117, 0.00426343549043, 0.00405299616978, 0.00496153626591, 0.00435994705185]
        var: [0.18542675674, 0.0624889619648, 0.0204469971359, 0.0174620244652, 0.012966176495, 0.0503546111286, 0.109505817294, 0.0351036190987, 0.0154818529263, 0.0137492856011, 0.00795447733253, 0.0367123447359, 0.0922363772988, 0.0468828566372, 0.0230038426816, 0.0231013931334, 0.0176483374089, 0.0165544580668, 0.0238977316767, 0.0271455161273, 0.048525352031, 0.112987667322, 0.0626549124718, 0.0213506612927, 0.0165808573365, 0.0333971045911, 0.0539607666433, 0.0859776809812, 0.0418565310538, 0.0166498124599, 0.0308980401605, 0.0217390879989, 0.0123334750533, 0.042282987386, 0.0498476326466, 0.0696640461683]
    chords_histogram: [23.041475296, 0, 0, 0, 10.5990781784, 0, 0, 0, 0, 0, 0, 0, 0, 0, 0, 0, 0, 0, 0, 0, 0, 9.67741966248, 36.4055290222, 20.2764968872]
    thpcp: [1, 0.590630829334, 0.174724653363, 0.182124644518, 0.181160405278, 0.466167062521, 0.744239211082, 0.465088814497, 0.185627639294, 0.147808551788, 0.141507983208, 0.385487645864, 0.742588400841, 0.609270215034, 0.300381660461, 0.24247020483, 0.203093409538, 0.172477036715, 0.17503850162, 0.176262676716, 0.520299971104, 0.939255297184, 0.628498971462, 0.1854313761, 0.155524402857, 0.20827139914, 0.402512907982, 0.581343889236, 0.384011179209, 0.149614363909, 0.155124545097, 0.147769227624, 0.197496190667, 0.468574881554, 0.517089605331, 0.690872251987]
    chords_key: "D"
    chords_scale: "major"
    key_key: "A"
    key_scale: "major"
    chords_progression: ["D", "D", "D", "D", "D", "D", "D", "D", "D", "D", "D", "D", "D", "D", "D", "D", "D", "D", "D", "D", "D", "D", "D", "D", "D", "D", "D", "D", "D", "D", "D", "D", "D", "D", "D", "D", "D", "D", "D", "D", "D", "D", "D", "D", "A", "A", "A", "A", "A", "A", "A", "A", "A", "A", "A", "A", "A", "A", "A", "A", "A", "A", "A", "A", "A", "A", "A", "A", "A", "A", "A", "A", "A", "A", "A", "A", "A", "A", "A", "A", "A", "A", "A", "A", "A", "A", "A", "A", "A", "A", "A", "A", "A", "A", "D", "D", "D", "D", "D", "D", "D", "D", "D", "D", "D", "D", "D", "D", "D", "D", "D", "D", "D", "D", "D", "D", "D", "D", "D", "D", "D", "D", "D", "D", "D", "D", "D", "D", "D", "F#m", "F#m", "F#m", "F#m", "F#m", "F#m", "F#m", "F#m", "F#m", "F#m", "F#m", "F#m", "F#m", "F#m", "F#m", "F#m", "F#m", "F#m", "F#m", "F#m", "F#m", "F#m", "F#m", "F#m", "F#m", "F#m", "F#m", "F#m", "F#m", "F#m", "F#m", "F#m", "F#m", "F#m", "F#m", "F#m", "F#m", "F#m", "F#m", "F#m", "F#m", "F#m", "F#m", "F#m", "Bm", "Bm", "Bm", "Bm", "Bm", "Bm", "Bm", "Bm", "Bm", "Bm", "Bm", "Bm", "Bm", "Bm", "Bm", "Bm", "Bm", "Bm", "Bm", "Bm", "Bm", "B", "B", "B", "B", "B", "B", "B", "B", "B", "B", "B", "B", "B", "B", "B", "B", "B", "B", "B", "B", "B", "B", "B"]
