
metadata:
    version:
        essentia: "1.2.2"
    audio_properties:
        analysis_sample_rate: 44100
        bitrate: 128
        channels: 2
        equal_loudness: 1
        length: 10.0571432114
        replay_gain: -5.33946418762
        downmix: "mix"
    tags:
        track: 7
        year: 0
        album: "Splitted by Mp3Splt v. 2.1"
        artist: "From 001.00 To 001.10"
        comment: "http://mp3splt.sf.net"
        genre: ""
        title: "04 Fake Plastic Trees.mp3"

highlevel:
    ballroom:
        all:
            ChaChaCha: 0.000887778005563
            Jive: 0.000604375614785
            Quickstep: 0.00173581321724
            Rumba-American: 0.0053364560008
            Rumba-International: 0.234020888805
            Rumba-Misc: 0.174409866333
            Samba: 0.000770128739532
            Tango: 0.0100856022909
            VienneseWaltz: 0.0475215613842
            Waltz: 0.524627506733
        probability: 0.524627506733
        value: "Waltz"
    culture:
        all:
            non_western: 0.0673305690289
            western: 0.932669401169
        probability: 0.932669401169
        value: "western"
    gender:
        all:
            female: 0.822040379047
            male: 0.177959606051
        probability: 0.822040379047
        value: "female"
    genre_dortmund:
        all:
            alternative: 0.295906066895
            blues: 0.00662460131571
            electronic: 0.00975076947361
            folkcountry: 0.259853333235
            funksoulrnb: 0.0071534239687
            jazz: 0.302375674248
            pop: 0.087574146688
            raphiphop: 0.00119843950961
            rock: 0.0295635368675
        probability: 0.302375674248
        value: "jazz"
    genre_electronica:
        all:
            ambient: 0.984617769718
            dnb: 0.000996375689283
            house: 0.00796343479306
            techno: 0.00190324138384
            trance: 0.00451918737963
        probability: 0.984617769718
        value: "ambient"
    genre_rosamerica:
        all:
            cla: 0.23620839417
            dan: 0.0253637004644
            hip: 0.0180817302316
            jaz: 0.259909272194
            pop: 0.0965365022421
            rhy: 0.0904704704881
            roc: 0.258543998003
            spe: 0.0148859256878
        probability: 0.259909272194
        value: "jaz"
    genre_tzanetakis:
        all:
            blu: 0.171138927341
            cla: 0.228370204568
            cou: 0.132374718785
            dis: 0.0344786532223
            hip: 0.0143728218973
            jaz: 0.137429609895
            met: 0.0221530683339
            pop: 0.0487743467093
            reg: 0.0322029553354
            roc: 0.178704693913
        probability: 0.228370204568
        value: "cla"
    live_studio:
        all:
            live: 0.393336057663
            studio: 0.606663942337
        probability: 0.606663942337
        value: "studio"
    mood:
        all:
            Cluster1: 0.0769477933645
            Cluster2: 0.0338907577097
            Cluster3: 0.871790528297
            Cluster4: 0.00786120072007
            Cluster5: 0.00950969476253
        probability: 0.871790528297
        value: "Cluster3"
    mood_acoustic:
        all:
            acoustic: 0.855069756508
            not_acoustic: 0.144930228591
        probability: 0.855069756508
        value: "acoustic"
    mood_aggressive:
        all:
            aggressive: 2.62266013351e-07
            not_aggressive: 0.999999761581
        probability: 0.999999761581
        value: "not_aggressive"
    mood_electronic:
        all:
            electronic: 0.0664882585406
            not_electronic: 0.933511734009
        probability: 0.933511734009
        value: "not_electronic"
    mood_happy:
        all:
            happy: 0.0313084796071
            not_happy: 0.968691527843
        probability: 0.968691527843
        value: "not_happy"
    mood_party:
        all:
            not_party: 0.994953930378
            party: 0.0050460845232
        probability: 0.994953930378
        value: "not_party"
    mood_relaxed:
        all:
            not_relaxed: 0.0191123429686
            relaxed: 0.980887651443
        probability: 0.980887651443
        value: "relaxed"
    mood_sad:
        all:
            not_sad: 0.0433781594038
            sad: 0.956621825695
        probability: 0.956621825695
        value: "sad"
    rhythm:
        all:
            fast: 0.0139639936388
            medium: 0.0667075291276
            slow: 0.919328451157
        probability: 0.919328451157
        value: "slow"
    speech_music:
        all:
            music: 0.999469816685
            speech: 0.000530201476067
        probability: 0.999469816685
        value: "music"
    timbre:
        all:
            bright: 0.842173755169
            dark: 0.157826244831
        probability: 0.842173755169
        value: "bright"
    voice_instrumental:
        all:
            instrumental: 0.999994575977
            voice: 5.43763599126e-06
        probability: 0.999994575977
        value: "instrumental"

lowlevel:
    average_loudness: 0.840124845505
    barkbands_kurtosis:
        dmean: 3.13057613373
        dmean2: 4.63129615784
        dvar: 15.5026741028
        dvar2: 28.9041576385
        max: 47.2730979919
        mean: 10.5522356033
        min: -1.51817572117
        var: 90.2380905151
    barkbands_skewness:
        dmean: 0.413930118084
        dmean2: 0.613873720169
        dvar: 0.231935068965
        dvar2: 0.436202585697
        max: 5.38185214996
        mean: 2.21683812141
        min: -0.737440407276
        var: 1.34632217884
    barkbands_spread:
        dmean: 1.59763014317
        dmean2: 2.33325791359
        dvar: 9.94145584106
        dvar2: 18.4450817108
        max: 44.3473167419
        mean: 6.0741815567
        min: 1.14298176765
        var: 22.3525505066
    dissonance:
        dmean: 0.0432786345482
        dmean2: 0.0704437345266
        dvar: 0.00165953068063
        dvar2: 0.00371412956156
        max: 0.499999850988
        mean: 0.349388569593
        min: 0.0579738244414
        var: 0.00449193827808
    hfc:
        dmean: 0.23191164434
        dmean2: 0.334483444691
        dvar: 0.233323648572
        dvar2: 0.521890580654
        max: 8.90196609497
        mean: 1.2841758728
        min: 4.07489897043e-05
        var: 2.07893276215
    pitch:
        dmean: 53.7127494812
        dmean2: 102.895141602
        dvar: 91652.7265625
        dvar2: 302078.96875
        max: 4410
        mean: 222.864379883
        min: 82.5842666626
        var: 57099.7226562
    pitch_instantaneous_confidence:
        dmean: 0.0593544766307
        dmean2: 0.0954003408551
        dvar: 0.00393624091521
        dvar2: 0.0106608681381
        max: 0.927572548389
        mean: 0.572865068913
        min: 0.191747426987
        var: 0.0218313951045
    pitch_salience:
        dmean: 0.0393515489995
        dmean2: 0.0605714581907
        dvar: 0.00141389528289
        dvar2: 0.00349430204369
        max: 0.925586819649
        mean: 0.53606325388
        min: 0.304909825325
        var: 0.00627857446671
    silence_rate_20dB:
        dmean: 0
        dmean2: 0
        dvar: 0
        dvar2: 0
        max: 1
        mean: 1
        min: 1
        var: 0
    silence_rate_30dB:
        dmean: 0
        dmean2: 0
        dvar: 0
        dvar2: 0
        max: 1
        mean: 1
        min: 1
        var: 0
    silence_rate_60dB:
        dmean: 0.0785219371319
        dmean2: 0.157407402992
        dvar: 0.0723562836647
        dvar2: 0.165037736297
        max: 1
        mean: 0.677419364452
        min: 0
        var: 0.218522414565
    spectral_centroid:
        dmean: 48.531211853
        dmean2: 72.1843032837
        dvar: 20422.6992188
        dvar2: 37541.8125
        max: 2837.19897461
        mean: 378.028747559
        min: 238.402923584
        var: 39341.2578125
    spectral_complexity:
        dmean: 0.71925753355
        dmean2: 1.2790697813
        dvar: 0.717008471489
        dvar2: 1.56863152981
        max: 10
        mean: 5.52546310425
        min: 0
        var: 1.43453526497
    spectral_crest:
        dmean: 2.14628767967
        dmean2: 3.53884315491
        dvar: 4.56502819061
        dvar2: 12.6927537918
        max: 23.9016685486
        mean: 11.9710550308
        min: 4.84811162949
        var: 15.2172470093
    spectral_decrease:
        dmean: 1.40530087567e-10
        dmean2: 2.23536036903e-10
        dvar: 3.86606446849e-20
        dvar2: 7.36296792312e-20
        max: -9.35682060261e-15
        mean: -8.11243405785e-10
        min: -3.11557846189e-09
        var: 3.83212098281e-19
    spectral_energy:
        dmean: 0.000545237096958
        dmean2: 0.000866677786689
        dvar: 5.82089910495e-07
        dvar2: 1.11683277737e-06
        max: 0.0125663401559
        mean: 0.00317829637788
        min: 3.90108567672e-08
        var: 6.01469037065e-06
    spectral_energyband_high:
        dmean: 1.05565195554e-05
        dmean2: 1.44450841617e-05
        dvar: 4.03006295002e-09
        dvar2: 8.93093954346e-09
        max: 0.00119560211897
        mean: 1.46945767483e-05
        min: 1.47464351841e-09
        var: 5.08842390445e-09
    spectral_energyband_low:
        dmean: 0.00012413605873
        dmean2: 0.000231044352404
        dvar: 2.56616470296e-08
        dvar2: 9.00136569726e-08
        max: 0.00187487807125
        mean: 0.000378512748284
        min: 4.26346336013e-09
        var: 7.4219578039e-08
    spectral_energyband_middle_high:
        dmean: 6.10698771197e-05
        dmean2: 7.05219354131e-05
        dvar: 7.25881577068e-09
        dvar2: 1.37279529966e-08
        max: 0.0013949534623
        mean: 0.000255605875282
        min: 1.64932689728e-08
        var: 6.66932749027e-08
    spectral_energyband_middle_low:
        dmean: 0.000508052820805
        dmean2: 0.000806083786301
        dvar: 5.8476967979e-07
        dvar2: 1.08592155357e-06
        max: 0.0116869742051
        mean: 0.00252948584966
        min: 1.63459858982e-08
        var: 5.59658838029e-06
    spectral_flatness_db:
        dmean: 0.0210792738944
        dmean2: 0.0307305455208
        dvar: 0.000599128834438
        dvar2: 0.000795369851403
        max: 0.442046105862
        mean: 0.303212016821
        min: 0.0492404289544
        var: 0.00343483383767
    spectral_flux:
        dmean: 0.00489311572164
        dmean2: 0.00784656498581
        dvar: 4.33422064816e-05
        dvar2: 0.000105278988485
        max: 0.0888826400042
        mean: 0.0160978604108
        min: 0.00333668012172
        var: 9.43519262364e-05
    spectral_kurtosis:
        dmean: 9.62622928619
        dmean2: 15.5356349945
        dvar: 129.711547852
        dvar2: 275.846252441
        max: 141.078216553
        mean: 33.3025436401
        min: 0.1907081604
        var: 1011.2878418
    spectral_rms:
        dmean: 0.000151699117851
        dmean2: 0.000242780923145
        dvar: 3.80444120651e-08
        dvar2: 7.18971975289e-08
        max: 0.00350140593946
        mean: 0.00166312139481
        min: 6.16922761765e-06
        var: 3.34804468594e-07
    spectral_rolloff:
        dmean: 87.4317703247
        dmean2: 150.431869507
        dvar: 92813.6796875
        dvar2: 169797.15625
        max: 4909.5703125
        mean: 555.477294922
        min: 258.3984375
        var: 158419.390625
    spectral_skewness:
        dmean: 0.661690354347
        dmean2: 1.02440547943
        dvar: 0.465044140816
        dvar2: 0.855011403561
        max: 9.80394363403
        mean: 4.21539402008
        min: 0.620522856712
        var: 4.09380102158
    spectral_spread:
        dmean: 802188.5
        dmean2: 1097191.375
        dvar: 2.36280348672e+12
        dvar2: 2.49896291533e+12
        max: 32190102
        mean: 3052097
        min: 603725.5
        var: 6.15182552269e+12
    spectral_strongpeak:
        dmean: 0.126164823771
        dmean2: 0.213680893183
        dvar: 0.0343769229949
        dvar2: 0.0837923437357
        max: 2.08704018593
        mean: 0.368306219578
        min: 0
        var: 0.143290787935
    zerocrossingrate:
        dmean: 0.00392097793519
        dmean2: 0.00468636443838
        dvar: 3.30259827024e-05
        dvar2: 3.56204363925e-05
        max: 0.1396484375
        mean: 0.023674858734
        min: 0.001953125
        var: 0.000142670265632
    barkbands:
        dmean: [1.07785211867e-08, 1.35628788485e-05, 0.000116896764666, 9.73710994003e-05, 0.000445426354418, 0.000113961956231, 3.06745023408e-05, 7.81599665061e-05, 1.06888710434e-05, 4.75882407045e-05, 2.04524144465e-06, 1.75372588274e-06, 9.33019236982e-07, 2.08414076042e-06, 1.154512006e-06, 1.45980561683e-06, 5.30862553205e-06, 3.09536380882e-06, 5.55284486836e-06, 1.08379781523e-05, 6.93804668117e-06, 2.02749401979e-06, 2.69152025112e-07, 3.11426390454e-07, 1.64570948868e-07, 3.4254682646e-08, 7.26054716349e-10]
        dmean2: [1.72060055093e-08, 2.32328202401e-05, 0.000218569199205, 0.000176880435902, 0.000695658265613, 0.000157932241564, 4.04615529987e-05, 8.83578468347e-05, 1.23586623886e-05, 4.85473319713e-05, 3.07597679239e-06, 2.35280458583e-06, 1.49424363372e-06, 3.00379520013e-06, 1.74428987521e-06, 2.49285926657e-06, 9.30667465582e-06, 4.46277726951e-06, 8.88501290319e-06, 1.58004768309e-05, 1.17165445772e-05, 3.14534167956e-06, 4.16986239316e-07, 4.98595284171e-07, 2.4634519491e-07, 5.53058896458e-08, 1.14468523549e-09]
        dvar: [3.24418235128e-15, 4.71589545192e-10, 2.2788784193e-08, 1.53459431829e-08, 3.54089848997e-07, 7.92075169898e-08, 4.89964513406e-09, 5.40451026154e-08, 3.9630157489e-10, 3.73097197581e-09, 3.01064902175e-11, 1.51015779742e-11, 4.55463054425e-12, 5.62579531571e-11, 3.49391197398e-12, 2.1930689903e-11, 1.9417518704e-09, 6.61785209966e-11, 1.56341883883e-10, 1.04593445016e-09, 4.08091471726e-09, 1.58290644481e-10, 6.18600982071e-13, 1.4470786765e-12, 3.08445841568e-13, 1.60726161926e-14, 7.09678216876e-17]
        dvar2: [8.13498997576e-15, 1.17337428662e-09, 8.21168413268e-08, 4.26988968627e-08, 7.12076541731e-07, 1.56316204425e-07, 9.12075126536e-09, 4.50995436552e-08, 6.14686246347e-10, 5.01625052607e-09, 6.4769863084e-11, 2.56299703683e-11, 1.01534657418e-11, 1.17637954933e-10, 8.87392243021e-12, 6.38255143182e-11, 3.89322618588e-09, 1.2559310536e-10, 3.93527627152e-10, 2.63661537048e-09, 1.15603722151e-08, 4.07188949225e-10, 1.20019825241e-12, 2.56777758778e-12, 5.92601055033e-13, 4.04583898122e-14, 1.77929090859e-16]
        max: [8.36072615584e-07, 0.000214415355003, 0.00167899159715, 0.001236082986, 0.00946124922484, 0.00530750257894, 0.00159168464597, 0.007861754857, 0.000391421403037, 0.000952688220423, 9.68341191765e-05, 7.36315487302e-05, 4.9291706091e-05, 0.000142635384691, 2.08575893339e-05, 5.86609457969e-05, 0.000697844370734, 0.000135318841785, 0.000157236572704, 0.000571825541556, 0.0010419517057, 0.000220239511691, 1.2054758372e-05, 1.75549121195e-05, 7.58240912546e-06, 1.30912769691e-06, 1.24166206206e-07]
        mean: [2.25471392667e-08, 2.93158700515e-05, 0.000349175767042, 0.000186626813957, 0.00130611239001, 0.000409275031416, 0.000144250851008, 0.000449507235317, 3.19148057315e-05, 0.000193082232727, 4.25406642535e-06, 3.54784970114e-06, 2.38260804508e-06, 5.00516534885e-06, 3.01494378618e-06, 2.37101812672e-06, 7.79480069468e-06, 6.60486784909e-06, 1.16323344628e-05, 2.35776115005e-05, 5.79366223974e-06, 1.93939854398e-06, 4.49690389814e-07, 4.30333301438e-07, 1.83507253837e-07, 3.43158568228e-08, 4.20946277835e-10]
        min: [1.08503039886e-10, 1.83665749276e-09, 2.02839456342e-09, 2.62714117127e-09, 6.99626534484e-09, 3.69944741507e-09, 5.95376470347e-10, 3.99865140999e-10, 1.60745439182e-09, 4.75458206139e-09, 5.75315173279e-09, 1.66217484221e-09, 1.29753152667e-09, 3.94740601317e-10, 6.51996623358e-10, 7.78257847056e-10, 5.33306676598e-10, 3.95228488825e-10, 3.40195177584e-10, 5.19656651043e-10, 3.43524403368e-10, 1.57716867344e-10, 1.80879464184e-10, 1.67783190119e-10, 1.51385029512e-10, 7.9420428567e-11, 2.14230044294e-12]
        var: [2.07450587233e-15, 7.31012306243e-10, 7.0324972512e-08, 3.26146221141e-08, 1.67218342995e-06, 2.45203239047e-07, 4.58188971209e-08, 1.79930452759e-06, 2.17399187541e-09, 4.1753740021e-08, 9.61860868731e-11, 4.23791245152e-11, 2.60229875843e-11, 2.73865874423e-10, 9.62963563056e-12, 2.31543343526e-11, 2.00194461009e-09, 2.21981003024e-10, 4.48501430439e-10, 5.33932409397e-09, 2.64340815903e-09, 1.33541580571e-10, 1.3867921568e-12, 2.19346611187e-12, 4.46727344786e-13, 1.32987747198e-14, 3.55660366438e-17]
    mfcc:
        mean: [-873.107727051, 206.475128174, 0.55919033289, 60.8280296326, -14.2178688049, -24.4803466797, -3.45342373848, -10.0932722092, -2.25859212875, -4.72568702698, -15.1452722549, -17.880947113, -11.2048940659]
        cov: [[4874.80224609, -2674.01635742, 101.773971558, -112.08266449, -322.267730713, -29.4174518585, -63.3104248047, 67.1932983398, -410.487457275, 195.853393555, -41.2099304199, 16.7497196198, 92.8364028931], [-2674.01635742, 2367.14550781, -265.894378662, -50.0014038086, 97.0168457031, -82.3480834961, 48.667049408, 42.6763267517, 222.694519043, -70.362991333, 4.85032749176, -136.495254517, -151.9480896], [101.773971558, -265.894378662, 318.836364746, -100.551399231, 2.53520846367, -22.5779590607, -24.2757472992, 14.1802396774, 8.58790016174, 17.3431510925, 14.9306497574, -1.02398240566, -32.2123527527], [-112.08266449, -50.0014038086, -100.551399231, 313.726226807, 67.0990600586, 73.7582931519, -26.1005249023, -119.950683594, 21.594701767, -78.8420639038, 23.2981624603, 80.6666183472, 89.2385177612], [-322.267730713, 97.0168457031, 2.53520846367, 67.0990600586, 165.919952393, -2.45723152161, -59.109172821, -78.6089935303, -66.2075805664, -30.7310009003, 55.0649986267, 97.0026473999, 70.7539138794], [-29.4174518585, -82.3480834961, -22.5779590607, 73.7582931519, -2.45723152161, 108.314537048, 35.5153388977, -18.6499481201, 57.1175498962, -74.4521026611, -22.5675392151, 10.6913051605, 14.0651521683], [-63.3104248047, 48.667049408, -24.2757472992, -26.1005249023, -59.109172821, 35.5153388977, 114.11530304, 63.9225196838, 91.7486343384, -16.3572292328, -69.8277282715, -79.036277771, -36.742099762], [67.1932983398, 42.6763267517, 14.1802396774, -119.950683594, -78.6089935303, -18.6499481201, 63.9225196838, 134.381713867, 47.4049301147, 31.3420219421, -55.4243202209, -95.5291442871, -55.7015419006], [-410.487457275, 222.694519043, 8.58790016174, 21.594701767, -66.2075805664, 57.1175498962, 91.7486343384, 47.4049301147, 245.294067383, -56.9884986877, -60.0235137939, -80.1511764526, -75.4531021118], [195.853393555, -70.362991333, 17.3431510925, -78.8420639038, -30.7310009003, -74.4521026611, -16.3572292328, 31.3420219421, -56.9884986877, 139.340011597, 16.6464328766, -22.4282531738, -19.6528186798], [-41.2099304199, 4.85032749176, 14.9306497574, 23.2981624603, 55.0649986267, -22.5675392151, -69.8277282715, -55.4243202209, -60.0235137939, 16.6464328766, 99.0867080688, 65.2283554077, 26.6810092926], [16.7497196198, -136.495254517, -1.02398240566, 80.6666183472, 97.0026473999, 10.6913051605, -79.036277771, -95.5291442871, -80.1511764526, -22.4282531738, 65.2283554077, 178.204101562, 92.9597930908], [92.8364028931, -151.9480896, -32.2123527527, 89.2385177612, 70.7539138794, 14.0651521683, -36.742099762, -55.7015419006, -75.4531021118, -19.6528186798, 26.6810092926, 92.9597930908, 102.129669189]]
        icov: [[0.000928384717554, 0.00106317049358, 0.000693851499818, 6.84009137331e-05, 0.00131372641772, 0.000743591052014, 0.000437631562818, -0.000194619307877, 0.000973452115431, 0.000465810706373, 7.2732080298e-05, 0.000231365309446, 0.000514939136337], [0.00106317049358, 0.00213581952266, 0.00193092634436, 0.000316955236485, -0.000150152365677, 0.00229448825121, 0.000555396312848, -0.000305693189148, 0.000154996349011, 0.00137638428714, -0.000357632845407, 0.000616852426901, 0.0022757591214], [0.000693851499818, 0.00193092634436, 0.00573905697092, 0.00206467858516, -0.00147502147593, 0.00191472913139, 0.00204573757946, 0.000181016526767, -0.0014562549768, 0.00127375428565, -0.000499398622196, 0.000484182848595, 0.00270004360937], [6.84009137331e-05, 0.000316955236485, 0.00206467858516, 0.00881284289062, 0.000308838003548, -0.00179777666926, 0.00214948202483, 0.00661238422617, -0.00391094759107, 0.000483320181957, -0.000146001359099, 0.0031459799502, -0.0078482972458], [0.00131372641772, -0.000150152365677, -0.00147502147593, 0.000308838003548, 0.0163302049041, 0.00106269109529, 0.000383857463021, 0.00291262939572, 0.0031738341786, 0.00223997281864, -0.00177424680442, -0.00140677276067, -0.00736586051062], [0.000743591052014, 0.00229448825121, 0.00191472913139, -0.00179777666926, 0.00106269109529, 0.0219597090036, -0.00593295041472, 0.00139323982876, -0.00149678625166, 0.0093111731112, -0.000614141463302, -0.00165664532688, 0.00213180901483], [0.000437631562818, 0.000555396312848, 0.00204573757946, 0.00214948202483, 0.000383857463021, -0.00593295041472, 0.0250862073153, -0.00356314121746, -0.00516503443941, -0.00151470000856, 0.0080611621961, 0.00571388937533, -0.00458581047133], [-0.000194619307877, -0.000305693189148, 0.000181016526767, 0.00661238422617, 0.00291262939572, 0.00139323982876, -0.00356314121746, 0.0209422390908, -0.00247150450014, -0.00120844610501, 0.00291606248356, 0.00552466837689, -0.0059171449393], [0.000973452115431, 0.000154996349011, -0.0014562549768, -0.00391094759107, 0.0031738341786, -0.00149678625166, -0.00516503443941, -0.00247150450014, 0.0120565099642, 0.00218360917643, 0.000663364480715, -0.00242706458084, 0.0084682861343], [0.000465810706373, 0.00137638428714, 0.00127375428565, 0.000483320181957, 0.00223997281864, 0.0093111731112, -0.00151470000856, -0.00120844610501, 0.00218360917643, 0.0145583562553, -0.00306602008641, 0.000356563105015, 0.0024567830842], [7.2732080298e-05, -0.000357632845407, -0.000499398622196, -0.000146001359099, -0.00177424680442, -0.000614141463302, 0.0080611621961, 0.00291606248356, 0.000663364480715, -0.00306602008641, 0.020629638806, -0.00295455101877, 0.00237606023438], [0.000231365309446, 0.000616852426901, 0.000484182848595, 0.0031459799502, -0.00140677276067, -0.00165664532688, 0.00571388937533, 0.00552466837689, -0.00242706458084, 0.000356563105015, -0.00295455101877, 0.0176075380296, -0.0125964544713], [0.000514939136337, 0.0022757591214, 0.00270004360937, -0.0078482972458, -0.00736586051062, 0.00213180901483, -0.00458581047133, -0.0059171449393, 0.0084682861343, 0.0024567830842, 0.00237606023438, -0.0125964544713, 0.037924721837]]
    spectral_contrast:
        mean: [3.48642316794e-07, 2.192747246e-07, 1.22313693396e-07, -4.55934127785e-07, 1.55806816338e-07, 5.85008557152e-08, 4.48138621323e-07, -3.35745244229e-06, 4.15666499975e-06, 1.92362949747e-06, 1.02431681626e-06, 2.23075903705e-06]
        var: [0.000218485831283, 0.000542017223779, 0.00129024847411, 0.00173799588811, 0.00413263076916, 0.00600608810782, 0.0446279123425, 0.0928794965148, 0.143151789904, 0.175256386399, 0.519896090031, 2.64030098915]

rhythm:
    beats_loudness:
        dmean: 0.00139916152693
        dmean2: 0.00231422414072
        dvar: 5.86567330174e-06
        dvar2: 1.49737306856e-05
        max: 0.0122301215306
        mean: 0.00308631150983
        min: 0.00111695914529
        var: 7.3909677667e-06
    beats_loudness_bass:
        dmean: 0.0864891409874
        dmean2: 0.147954344749
        dvar: 0.00539949256927
        dvar2: 0.0169803630561
        max: 0.357133150101
        mean: 0.196361929178
        min: 0.00887696538121
        var: 0.011525134556
    bpm: 73.4275894165
    bpm_confidence: 0
    first_peak_bpm: 162
    first_peak_spread: 0
    first_peak_weight: 0.75
    onset_rate: 4.27556848526
    second_peak_bpm: 73
    second_peak_spread: 0
    second_peak_weight: 0.20000000298
    beats_position: [0.133223235607, 0.503998100758, 0.874772965908, 1.24554777145, 1.6163226366, 1.98709750175, 2.3578722477, 2.72864723206, 3.099421978, 3.47019696236, 3.8409717083, 4.21174669266, 4.5825214386, 4.95329618454, 5.32407140732, 5.69484615326, 6.02712631226, 6.84425878525, 7.66139173508, 8.47852420807, 9.2956571579]
    bpm_estimates: [73.4613571167, 73.3936386108, 73.3703765869, 73.4355545044, 73.4963150024, 73.5542449951, 73.2816314697]
    bpm_intervals: [0.37077486515, 0.37077486515, 0.370774805546, 0.37077486515, 0.37077486515, 0.370774745941, 0.37077498436, 0.370774745941, 0.37077498436, 0.370774745941, 0.37077498436, 0.370774745941, 0.370774745941, 0.370775222778, 0.370774745941, 0.332280158997, 0.817132472992, 0.817132949829, 0.817132472992, 0.817132949829]
    onset_times: [0.0580498874187, 0.197369620204, 0.406349211931, 0.592108845711, 0.975238084793, 1.39319729805, 1.82276642323, 2.02013611794, 2.22911572456, 3.04181408882, 3.69197273254, 3.88934230804, 4.29569149017, 4.41179132462, 4.49306106567, 4.71365070343, 5.02712011337, 5.13160991669, 5.29414987564, 5.51473903656, 5.92108821869, 6.03718805313, 6.15328788757, 6.29260778427, 6.65251684189, 6.7570066452, 6.8382768631, 6.91954660416, 6.98920631409, 7.16335582733, 7.45360565186, 7.54648542404, 7.66258525848, 7.84834480286, 7.94122457504, 8.39401340485, 8.42884349823, 8.59138298035, 8.76553249359, 9.0906124115, 9.26476192474, 9.45052146912, 9.57823085785]
    rubato_start: [6.84425878525]
    rubato_stop: [9.2956571579]
    perceptual_tempo: "unknown"

sfx:
    inharmonicity:
        dmean: 0.0137699581683
        dmean2: 0.0254660025239
        dvar: 0.000714931637049
        dvar2: 0.00204889802262
        max: 0.292115807533
        mean: 0.0109227057546
        min: 0
        var: 0.000479526468553
    oddtoevenharmonicenergyratio:
        dmean: 2.47515773773
        dmean2: 4.77577209473
        dvar: 200.594039917
        dvar2: 628.832641602
        max: 180.060165405
        mean: 1.84450554848
        min: 0
        var: 105.856826782
    pitch_after_max_to_before_max_energy_ratio: 0.825972616673
    pitch_centroid: 204.904022217
    pitch_max_to_total: 0.497685194016
    pitch_min_to_total: 0.655092597008
    tristimulus:
        dmean: [0.194951295853, 0.189371451735, 0.0222543440759]
        dmean2: [0.355457693338, 0.347389042377, 0.0385360233486]
        dvar: [0.0454730689526, 0.044687513262, 0.00105492898729]
        dvar2: [0.128854081035, 0.124981142581, 0.00293625146151]
        max: [1, 0.95753544569, 0.265632599592]
        mean: [0.607702612877, 0.363031536341, 0.0285231433809]
        min: [0.0106407143176, 0, 0]
        var: [0.0629159808159, 0.06187575683, 0.00107129453681]

tonal:
    chords_changes_rate: 0.0230414755642
    chords_number_rate: 0.0184331797063
    chords_strength:
        dmean: 0.00605037901551
        dmean2: 0.00347287976183
        dvar: 4.83314761368e-05
        dvar2: 1.88327267097e-05
        max: 0.67323833704
        mean: 0.473255783319
        min: 0.325749576092
        var: 0.00903700478375
    key_strength: 0.741048872471
    tuning_diatonic_strength: 0.505487203598
    tuning_equal_tempered_deviation: 0.00303558446467
    tuning_frequency: 440.508575439
    tuning_nontempered_energy_ratio: 0.577403664589
    hpcp:
        dmean: [0.0621653497219, 0.0510510355234, 0.0159033313394, 0.00523788621649, 0.014224444516, 0.0900132134557, 0.0767757818103, 0.0859146788716, 0.0534529536963, 0.0192178934813, 0.0196076110005, 0.0519593916833, 0.094035372138, 0.0741546973586, 0.0390246063471, 0.0376647897065, 0.0282635930926, 0.0148947639391, 0.00285392068326, 0.0138975977898, 0.0462785661221, 0.0665439888835, 0.057075932622, 0.00799957755953, 0.00220196624286, 0.00527078472078, 0.0265589877963, 0.0452714301646, 0.0319950692356, 0.0194608233869, 0.0114841517061, 0.00771491648629, 0.0426692552865, 0.0762365683913, 0.055304095149, 0.0672742947936]
        dmean2: [0.0872152522206, 0.0826896131039, 0.0271671470255, 0.00879470910877, 0.0245885346085, 0.137741819024, 0.118306055665, 0.133752718568, 0.0893689468503, 0.0330950766802, 0.0313365831971, 0.0900095775723, 0.134211778641, 0.112429715693, 0.0703052133322, 0.0649574995041, 0.0522436015308, 0.0265809707344, 0.00501990085468, 0.0229981075972, 0.0732044279575, 0.0916334539652, 0.085814923048, 0.0152943963185, 0.00403993250802, 0.00911318790168, 0.0421486608684, 0.0677512064576, 0.0540028698742, 0.0350826829672, 0.0217640548944, 0.0144124738872, 0.0548365302384, 0.0879365280271, 0.0752590820193, 0.111213222146]
        dvar: [0.0134942904115, 0.00608625402674, 0.00185582565609, 0.000463750417111, 0.000769732403569, 0.0158991031349, 0.0288953520358, 0.0192296672612, 0.0288133341819, 0.00814533978701, 0.00453130016103, 0.0138377975672, 0.0222193486989, 0.0120164351538, 0.0141004724428, 0.0175225026906, 0.0145426709205, 0.00761024281383, 0.000142022181535, 0.00398970022798, 0.006552150473, 0.0180224627256, 0.0124359950423, 0.00122073863167, 0.000157968068379, 0.000318713457091, 0.0028564275708, 0.012220104225, 0.00596344517544, 0.00846686121076, 0.00181167409755, 0.00113713741302, 0.00412249099463, 0.0129579305649, 0.00667038140818, 0.0126517778262]
        dvar2: [0.0240457840264, 0.0136929647997, 0.00381384650245, 0.000809943885542, 0.00185444031376, 0.0367924682796, 0.0585629381239, 0.0434203930199, 0.0772511512041, 0.0152898496017, 0.0106520410627, 0.036134339869, 0.0428500659764, 0.0265661999583, 0.036598816514, 0.0443946830928, 0.0494729243219, 0.024101966992, 0.000406240782468, 0.00797397550195, 0.0137788942084, 0.0325751565397, 0.0300171524286, 0.00360273034312, 0.000469200866064, 0.000842666602693, 0.00657181674615, 0.0325356051326, 0.0127752851695, 0.0238292254508, 0.00512887397781, 0.00335002038628, 0.00622889958322, 0.0155209423974, 0.0143222939223, 0.0330196209252]
        max: [1, 0.728668391705, 0.372865498066, 0.251537024975, 0.241989523172, 0.891864776611, 1, 1, 1, 1, 0.716053187847, 1, 1, 1, 1, 1, 1, 0.923203468323, 0.135894149542, 0.674026250839, 1, 1, 1, 0.283136188984, 0.129710122943, 0.179589986801, 0.610928177834, 1, 0.727716803551, 1, 0.355533540249, 0.33786162734, 0.595472276211, 1, 0.603717625141, 1]
        mean: [0.339881300926, 0.159125119448, 0.0126900812611, 0.00435294304043, 0.0142592852935, 0.295374363661, 0.567312777042, 0.31715258956, 0.0437609404325, 0.0143656721339, 0.0348722413182, 0.157288789749, 0.253995150328, 0.143053904176, 0.0427853688598, 0.0514495745301, 0.0334277711809, 0.0120953703299, 0.00287563353777, 0.0126036349684, 0.186493292451, 0.323327600956, 0.152755081654, 0.00535016739741, 0.00189440196846, 0.00505955750123, 0.0747542455792, 0.1239323318, 0.0622618049383, 0.0142425773665, 0.00785200297832, 0.00601711589843, 0.102659337223, 0.183488205075, 0.102374486625, 0.208626195788]
        min: [0.000349668902345, 0.000331873307005, 4.33956010966e-05, 3.59373952961e-05, 1.860453267e-05, 0.000316167162964, 0.000451508240076, 0.000331553630531, 4.30476866313e-05, 3.27048983308e-05, 1.7904325432e-05, 5.76000456931e-05, 7.29547755327e-05, 2.13726434595e-05, 8.03127204563e-06, 8.46420516609e-06, 5.81543863518e-05, 5.19443237863e-05, 1.8391150661e-05, 3.84019513149e-05, 0.000185112818144, 0.000311662006425, 0.000189529630006, 2.03908493859e-05, 3.71483401977e-05, 2.91976284643e-05, 3.95819042751e-05, 7.16489739716e-05, 8.8913970103e-05, 4.70590130135e-05, 3.25196342601e-05, 2.13717194129e-05, 2.02222872758e-05, 2.51587880484e-05, 2.71522567346e-05, 0.00014553598885]
        var: [0.150204405189, 0.0351041518152, 0.00156563834753, 0.000388434506021, 0.000907923502382, 0.0644100010395, 0.190139979124, 0.0764375701547, 0.0233821626753, 0.00658663082868, 0.0146651268005, 0.0630597695708, 0.0811359584332, 0.0354090556502, 0.0156152751297, 0.0194086544216, 0.0113405873999, 0.0044904355891, 0.000124611717183, 0.00313867023215, 0.0537317804992, 0.14971062541, 0.0369639508426, 0.000644630752504, 8.3470629761e-05, 0.000228359509492, 0.0181599780917, 0.0487357228994, 0.0124160153791, 0.00515092769638, 0.00108487019315, 0.000622112769634, 0.0218994338065, 0.0710823908448, 0.0181434843689, 0.0595571957529]
    chords_histogram: [45.1612892151, 0, 0, 0, 0, 0, 0, 0, 0, 0, 0, 0, 0, 0, 0, 0, 0, 0, 0, 0, 0, 9.67741966248, 41.0138244629, 4.14746522903]
    thpcp: [1, 0.559043645859, 0.0771372392774, 0.0253223143518, 0.0614691637456, 0.277252316475, 0.447716265917, 0.252160549164, 0.0754176005721, 0.0906899645925, 0.0589230023324, 0.0213204622269, 0.00506886793301, 0.0222163777798, 0.328731000423, 0.56992828846, 0.269260793924, 0.0094307186082, 0.00333925499581, 0.00891846232116, 0.131769016385, 0.218455031514, 0.109748639166, 0.0251053348184, 0.0138406949118, 0.0106063466519, 0.180957213044, 0.323433935642, 0.180455103517, 0.36774456501, 0.599107444286, 0.280489236116, 0.0223687570542, 0.00767291570082, 0.0251347869635, 0.520655214787]
    chords_key: "E"
    chords_scale: "major"
    key_key: "E"
    key_scale: "major"
    chords_progression: ["F#m", "F#m", "F#m", "F#m", "F#m", "F#m", "F#m", "F#m", "F#m", "F#m", "F#m", "F#m", "F#m", "F#m", "F#m", "F#m", "F#m", "A", "A", "A", "A", "A", "A", "A", "A", "F#m", "F#m", "F#m", "F#m", "A", "A", "A", "A", "A", "A", "A", "A", "A", "A", "A", "A", "A", "A", "A", "A", "A", "A", "A", "A", "A", "A", "A", "A", "A", "A", "A", "A", "A", "A", "A", "A", "A", "A", "A", "A", "A", "A", "A", "A", "A", "A", "A", "A", "A", "A", "A", "A", "A", "A", "A", "A", "A", "A", "A", "A", "A", "A", "A", "A", "A", "A", "A", "A", "A", "A", "A", "A", "A", "A", "A", "A", "A", "A", "A", "A", "A", "A", "A", "A", "A", "C#m", "C#m", "C#m", "C#m", "C#m", "C#m", "C#m", "C#m", "C#m", "E", "E", "E", "E", "E", "E", "E", "E", "E", "E", "E", "E", "E", "E", "E", "E", "E", "E", "E", "E", "E", "E", "E", "E", "E", "E", "E", "E", "E", "E", "E", "E", "E", "E", "E", "E", "E", "E", "E", "E", "E", "E", "E", "E", "E", "E", "E", "E", "E", "E", "E", "E", "E", "E", "E", "E", "E", "E", "E", "E", "E", "E", "E", "E", "E", "E", "E", "E", "E", "E", "E", "E", "E", "E", "E", "E", "E", "E", "E", "E", "E", "E", "E", "E", "E", "E", "E", "E", "E", "E", "E", "E", "E", "E", "E", "E", "E", "E"]
