
metadata:
    version:
        essentia: "1.2.2"
    audio_properties:
        analysis_sample_rate: 44100
        bitrate: 128
        channels: 2
        equal_loudness: 1
        length: 10.2399997711
        replay_gain: -12.9553546906
        downmix: "mix"
    tags:
        track: 9
        year: 0
        album: "Splitted by Mp3Splt v. 2.1"
        artist: "From 001.20 To 001.30"
        comment: "http://mp3splt.sf.net"
        genre: ""
        title: "04 Inner Peace.mp3"

highlevel:
    ballroom:
        all:
            ChaChaCha: 0.199618861079
            Jive: 0.354064494371
            Quickstep: 0.103965491056
            Rumba-American: 0.00214721797965
            Rumba-International: 0.00477527407929
            Rumba-Misc: 0.00242046942003
            Samba: 0.300899654627
            Tango: 0.00455092219636
            VienneseWaltz: 0.0244691092521
            Waltz: 0.00308851106092
        probability: 0.354064494371
        value: "Jive"
    culture:
        all:
            non_western: 0.209140479565
            western: 0.790859520435
        probability: 0.790859520435
        value: "western"
    gender:
        all:
            female: 0.0389185212553
            male: 0.961081504822
        probability: 0.961081504822
        value: "male"
    genre_dortmund:
        all:
            alternative: 0.123353645205
            blues: 0.165606588125
            electronic: 0.0148912919685
            folkcountry: 0.0906742960215
            funksoulrnb: 0.0719735696912
            jazz: 0.0531019978225
            pop: 0.083627410233
            raphiphop: 0.0265772398561
            rock: 0.370193958282
        probability: 0.370193958282
        value: "rock"
    genre_electronica:
        all:
            ambient: 0.193626999855
            dnb: 0.491377234459
            house: 0.0414490401745
            techno: 0.0121869286522
            trance: 0.261359781027
        probability: 0.491377234459
        value: "dnb"
    genre_rosamerica:
        all:
            cla: 0.0193483065814
            dan: 0.0568788275123
            hip: 0.0229203309864
            jaz: 0.00634320406243
            pop: 0.655485272408
            rhy: 0.0484244003892
            roc: 0.188525229692
            spe: 0.00207445654087
        probability: 0.655485272408
        value: "pop"
    genre_tzanetakis:
        all:
            blu: 0.00163472164422
            cla: 0.00215597078204
            cou: 0.0652399510145
            dis: 0.290648907423
            hip: 0.00490871910006
            jaz: 0.00921974051744
            met: 0.0126320356503
            pop: 0.126329660416
            reg: 0.0134618701413
            roc: 0.473768413067
        probability: 0.473768413067
        value: "roc"
    live_studio:
        all:
            live: 0.0249495189637
            studio: 0.975050508976
        probability: 0.975050508976
        value: "studio"
    mood:
        all:
            Cluster1: 0.307605683804
            Cluster2: 0.275216430426
            Cluster3: 0.14694955945
            Cluster4: 0.128067865968
            Cluster5: 0.142160445452
        probability: 0.307605683804
        value: "Cluster1"
    mood_acoustic:
        all:
            acoustic: 0.0125777656212
            not_acoustic: 0.987422227859
        probability: 0.987422227859
        value: "not_acoustic"
    mood_aggressive:
        all:
            aggressive: 0.20458047092
            not_aggressive: 0.795419514179
        probability: 0.795419514179
        value: "not_aggressive"
    mood_electronic:
        all:
            electronic: 0.0610966384411
            not_electronic: 0.938903391361
        probability: 0.938903391361
        value: "not_electronic"
    mood_happy:
        all:
            happy: 0.916763544083
            not_happy: 0.0832364782691
        probability: 0.916763544083
        value: "happy"
    mood_party:
        all:
            not_party: 0.486940562725
            party: 0.513059437275
        probability: 0.513059437275
        value: "party"
    mood_relaxed:
        all:
            not_relaxed: 0.956337690353
            relaxed: 0.0436622910202
        probability: 0.956337690353
        value: "not_relaxed"
    mood_sad:
        all:
            not_sad: 0.81513106823
            sad: 0.184868916869
        probability: 0.81513106823
        value: "not_sad"
    rhythm:
        all:
            fast: 0.981424033642
            medium: 0.0162393637002
            slow: 0.00233659520745
        probability: 0.981424033642
        value: "fast"
    speech_music:
        all:
            music: 0.99991863966
            speech: 8.133843221e-05
        probability: 0.99991863966
        value: "music"
    timbre:
        all:
            bright: 0.764595150948
            dark: 0.235404834151
        probability: 0.764595150948
        value: "bright"
    voice_instrumental:
        all:
            instrumental: 0.014038618654
            voice: 0.985961377621
        probability: 0.985961377621
        value: "voice"

lowlevel:
    average_loudness: 0.973084390163
    barkbands_kurtosis:
        dmean: 0.557870149612
        dmean2: 0.928366720676
        dvar: 0.538132965565
        dvar2: 1.4532251358
        max: 5.89360427856
        mean: -0.895971477032
        min: -1.86746788025
        var: 0.881687402725
    barkbands_skewness:
        dmean: 0.391011565924
        dmean2: 0.620712339878
        dvar: 0.146368771791
        dvar2: 0.372483104467
        max: 2.48307323456
        mean: 0.122061662376
        min: -2.23551058769
        var: 0.451402664185
    barkbands_spread:
        dmean: 5.78244161606
        dmean2: 9.24495220184
        dvar: 27.4984359741
        dvar2: 74.8339920044
        max: 56.1162910461
        mean: 34.0234107971
        min: 10.9673910141
        var: 77.6563720703
    dissonance:
        dmean: 0.0164035465568
        dmean2: 0.0271698255092
        dvar: 0.000268655014224
        dvar2: 0.000680911471136
        max: 0.499927520752
        mean: 0.464612454176
        min: 0.315694689751
        var: 0.000581390107982
    hfc:
        dmean: 2.44865751266
        dmean2: 3.81836819649
        dvar: 13.1034355164
        dvar2: 31.6833667755
        max: 33.9898719788
        mean: 5.95105409622
        min: 0.0444938652217
        var: 31.6628131866
    pitch:
        dmean: 524.661987305
        dmean2: 1008.22216797
        dvar: 1131235.625
        dvar2: 2786951
        max: 4410
        mean: 929.442749023
        min: 82.5842666626
        var: 1876694.375
    pitch_instantaneous_confidence:
        dmean: 0.0949736386538
        dmean2: 0.153830364347
        dvar: 0.00744194537401
        dvar2: 0.0171442292631
        max: 0.892830848694
        mean: 0.437063604593
        min: 0.159717202187
        var: 0.0240696668625
    pitch_salience:
        dmean: 0.0662066191435
        dmean2: 0.111580006778
        dvar: 0.00354519183747
        dvar2: 0.0102687329054
        max: 0.82657879591
        mean: 0.596926391125
        min: 0.343681484461
        var: 0.00710016908124
    silence_rate_20dB:
        dmean: 0
        dmean2: 0
        dvar: 0
        dvar2: 0
        max: 1
        mean: 1
        min: 1
        var: 0
    silence_rate_30dB:
        dmean: 0
        dmean2: 0
        dvar: 0
        dvar2: 0
        max: 1
        mean: 1
        min: 1
        var: 0
    silence_rate_60dB:
        dmean: 0.163265302777
        dmean2: 0.324999988079
        dvar: 0.136610388756
        dvar2: 0.233010470867
        max: 1
        mean: 0.56561088562
        min: 0
        var: 0.245694205165
    spectral_centroid:
        dmean: 289.167114258
        dmean2: 458.351531982
        dvar: 78417.8515625
        dvar2: 200439.78125
        max: 3622.17285156
        mean: 1594.97875977
        min: 389.203582764
        var: 337880.3125
    spectral_complexity:
        dmean: 3.60454535484
        dmean2: 5.71070623398
        dvar: 19.3117790222
        dvar2: 43.7318267822
        max: 38
        mean: 11.7256231308
        min: 0
        var: 42.9837379456
    spectral_crest:
        dmean: 1.97187328339
        dmean2: 3.30186152458
        dvar: 4.58189964294
        dvar2: 13.0317935944
        max: 20.5205249786
        mean: 6.73055934906
        min: 2.81863665581
        var: 7.91307926178
    spectral_decrease:
        dmean: 3.04233305215e-10
        dmean2: 4.6301223966e-10
        dvar: 2.06856118934e-19
        dvar2: 4.42984479536e-19
        max: -4.77585462497e-12
        mean: -7.97540367081e-10
        min: -4.20205203966e-09
        var: 3.71421336582e-19
    spectral_energy:
        dmean: 0.00135125906672
        dmean2: 0.00203803484328
        dvar: 3.94315566155e-06
        dvar2: 8.54024165164e-06
        max: 0.0184235461056
        mean: 0.00354987732135
        min: 2.2060901756e-05
        var: 7.47264721213e-06
    spectral_energyband_high:
        dmean: 0.000175874039996
        dmean2: 0.000272412464255
        dvar: 7.80231133035e-08
        dvar2: 1.95105613443e-07
        max: 0.00420786766335
        mean: 0.000350511807483
        min: 1.67460257217e-06
        var: 3.40197061632e-07
    spectral_energyband_low:
        dmean: 0.000164601864526
        dmean2: 0.000280195294181
        dvar: 1.14962055875e-07
        dvar2: 3.12219441412e-07
        max: 0.0026431393344
        mean: 0.000272024597507
        min: 1.96465791191e-07
        var: 1.19069476057e-07
    spectral_energyband_middle_high:
        dmean: 0.000721358228475
        dmean2: 0.00111914472654
        dvar: 9.46752379605e-07
        dvar2: 2.17161323235e-06
        max: 0.00892470031977
        mean: 0.00167591543868
        min: 1.19840815387e-05
        var: 2.06341792364e-06
    spectral_energyband_middle_low:
        dmean: 0.000639780831989
        dmean2: 0.00102513749152
        dvar: 1.32534023578e-06
        dvar2: 3.24835696119e-06
        max: 0.00832046102732
        mean: 0.00125142303295
        min: 7.79495439929e-06
        var: 1.51520373493e-06
    spectral_flatness_db:
        dmean: 0.0186354704201
        dmean2: 0.0286204013973
        dvar: 0.000238414810156
        dvar2: 0.000504656170961
        max: 0.268619954586
        mean: 0.146038934588
        min: 0.0784490779042
        var: 0.000964896928053
    spectral_flux:
        dmean: 0.00998594425619
        dmean2: 0.0148427393287
        dvar: 0.000144986333908
        dvar2: 0.000282591267023
        max: 0.0994823947549
        mean: 0.0354540869594
        min: 0.00469690328464
        var: 0.000354088551831
    spectral_kurtosis:
        dmean: 1.45268654823
        dmean2: 2.3443915844
        dvar: 2.52727460861
        dvar2: 6.90352964401
        max: 17.2048931122
        mean: 4.20234298706
        min: -1.0425465107
        var: 5.37705850601
    spectral_rms:
        dmean: 0.000329385453369
        dmean2: 0.000480285525555
        dvar: 1.67538559026e-07
        dvar2: 3.24119156403e-07
        max: 0.00423959782347
        mean: 0.00174841831904
        min: 0.00014670661767
        var: 4.06333981573e-07
    spectral_rolloff:
        dmean: 473.975036621
        dmean2: 808.205871582
        dvar: 351280.0625
        dvar2: 960132.9375
        max: 8161.08398438
        mean: 3177.29614258
        min: 301.46484375
        var: 672497.1875
    spectral_skewness:
        dmean: 0.211088210344
        dmean2: 0.339571237564
        dvar: 0.0460066199303
        dvar2: 0.12025116384
        max: 2.84756565094
        mean: 1.47824668884
        min: 0.366164445877
        var: 0.156118676066
    spectral_spread:
        dmean: 751660.625
        dmean2: 1050664.125
        dvar: 637337665536
        dvar2: 1.27881628877e+12
        max: 13399615
        mean: 4619629.5
        min: 2381503.75
        var: 1.85649174938e+12
    spectral_strongpeak:
        dmean: 0.493997633457
        dmean2: 0.855648338795
        dvar: 0.61613214016
        dvar2: 1.67517149448
        max: 9.73009109497
        mean: 0.738602817059
        min: 0.0214068554342
        var: 1.20934522152
    zerocrossingrate:
        dmean: 0.00922629609704
        dmean2: 0.0111381513998
        dvar: 7.44793796912e-05
        dvar2: 0.000119575881399
        max: 0.18212890625
        mean: 0.093945980072
        min: 0.033203125
        var: 0.000658363045659
    barkbands:
        dmean: [7.57893374725e-08, 7.51911356929e-05, 0.000110428249172, 0.000186226403457, 0.000263682188233, 0.000136778195156, 9.72323978203e-05, 9.43472114159e-05, 9.70579203567e-05, 8.38164269226e-05, 7.88566758274e-05, 8.32882433315e-05, 8.5059342382e-05, 0.000141270458698, 7.65798686189e-05, 7.85040319897e-05, 0.000104288112198, 0.000163834643899, 0.000172787156771, 0.00018179565086, 7.50246399548e-05, 1.85311164387e-05, 2.8686947644e-06, 2.18362288251e-06, 1.25124643091e-06, 6.24026625928e-08, 4.54451254406e-10]
        dmean2: [1.0862989086e-07, 0.000128797022626, 0.000188961334061, 0.000314466800774, 0.000454065593658, 0.000219240653678, 0.00014921418915, 0.000153906643391, 0.000150941559696, 0.000123884135974, 0.000126963903313, 0.000136059708893, 0.000136910792207, 0.000217810185859, 0.000125164820929, 0.000128690327983, 0.000178440779564, 0.00026680258452, 0.000281967688352, 0.000309796392685, 0.000116982395411, 2.6924220947e-05, 4.30367435911e-06, 3.03697174786e-06, 1.81548182354e-06, 1.01345918324e-07, 6.4818939105e-10]
        dvar: [1.44919110891e-13, 3.15044630383e-08, 4.76792010318e-08, 2.39564400317e-07, 3.03874571728e-07, 5.39198268257e-08, 4.21440837783e-08, 7.32562952521e-08, 8.88681981337e-08, 5.07773734171e-08, 3.07930534404e-08, 4.41564260711e-08, 2.76213079076e-08, 6.98447664149e-08, 2.80086016602e-08, 1.96628295868e-08, 2.43109372633e-08, 1.02583619821e-07, 6.75402347383e-08, 1.35757090902e-07, 1.52511709928e-08, 8.19971979205e-10, 2.00392914068e-11, 2.05357258976e-11, 7.47416972063e-12, 2.23604043403e-14, 1.23637883793e-17]
        dvar2: [1.55757446329e-13, 8.3681641172e-08, 1.34970832733e-07, 6.46544947358e-07, 7.95415019184e-07, 1.33594838303e-07, 8.2887147812e-08, 1.82900762979e-07, 2.13135308513e-07, 1.05226831693e-07, 7.21327566566e-08, 1.0452947663e-07, 6.80334082404e-08, 1.69224819047e-07, 6.79170355511e-08, 4.36550458005e-08, 6.34085921547e-08, 2.45991742531e-07, 1.70098743979e-07, 3.86674940955e-07, 3.25309237326e-08, 1.56264068352e-09, 4.51847691207e-11, 3.9553579162e-11, 1.55444841027e-11, 5.90749237722e-14, 1.27185595266e-17]
        max: [8.00047109806e-06, 0.00133109977469, 0.00200112699531, 0.00431825453416, 0.00413370318711, 0.00239762105048, 0.00285736937076, 0.00387572450563, 0.00427927216515, 0.00335581181571, 0.00234543089755, 0.00315372599289, 0.00165658211336, 0.00260849390179, 0.00230284640566, 0.00184797553811, 0.00132390367799, 0.0032133765053, 0.00282185152173, 0.00546427862719, 0.00160140998196, 0.000345146720065, 6.56810370856e-05, 5.60263761145e-05, 3.04994973703e-05, 1.32031209432e-06, 7.35657224027e-08]
        mean: [1.26127048361e-07, 8.19415581645e-05, 0.000189964630408, 0.000234799110331, 0.00034230548772, 0.00023372087162, 0.000168604092323, 0.000125311969896, 0.000132140572532, 0.000122505269246, 0.000102747697383, 9.79713440756e-05, 0.000121896540804, 0.000206246928428, 0.000100373763416, 0.000112639172585, 0.000147858110722, 0.000240200359258, 0.000313669705065, 0.000294966215733, 0.0001323960023, 3.53195209755e-05, 5.65095615457e-06, 4.05922901336e-06, 2.38778443418e-06, 7.85739899811e-08, 4.63699217912e-10]
        min: [3.55204147345e-12, 3.19745723232e-08, 1.55227759535e-08, 1.64193245666e-08, 1.1669945934e-06, 6.2789280264e-07, 1.65302844835e-06, 7.65476954712e-07, 6.33331694644e-07, 2.42517529614e-07, 6.67112942665e-08, 6.79161047401e-08, 4.5186210329e-09, 2.24632714207e-07, 1.11961367111e-06, 7.67111487221e-07, 1.39607527672e-06, 3.40651513397e-06, 2.42331248046e-06, 6.51118625683e-07, 7.21434105344e-07, 1.55619702014e-07, 3.05062641814e-08, 8.75891714713e-09, 3.06998448885e-09, 5.55599559415e-11, 3.22201737946e-13]
        var: [1.6091208227e-13, 2.39606858798e-08, 6.59760175381e-08, 1.92595109638e-07, 2.56160973322e-07, 8.23913950398e-08, 6.97267310557e-08, 8.56616111378e-08, 1.11994033603e-07, 8.69730598652e-08, 3.86232201777e-08, 4.98763625956e-08, 4.23574277875e-08, 1.35423107395e-07, 3.78613727037e-08, 2.75136340377e-08, 3.08306411512e-08, 1.72865767922e-07, 1.01993101964e-07, 3.19253871339e-07, 4.10888638669e-08, 2.86234036473e-09, 9.77396982793e-11, 4.92600231439e-11, 1.8799337087e-11, 2.66998473027e-14, 1.24455725537e-17]
    mfcc:
        mean: [-724.622436523, 116.116081238, -49.2492294312, 51.9533805847, -11.1673974991, -4.64978170395, 5.40147733688, -10.8436079025, -4.80466461182, -7.59408950806, -1.4773068428, -5.76701641083, -4.99366855621]
        cov: [[2220.12133789, -567.934020996, 97.6762237549, -18.8909931183, -97.4695510864, 189.920013428, -4.05875778198, 51.1888198853, -32.9392471313, 9.84972000122, -37.2825012207, -0.584672987461, 52.1459960938], [-567.934020996, 1092.65808105, -384.564666748, -33.3877830505, 86.6790008545, 29.8414745331, 111.964248657, 93.726234436, 4.10768556595, -8.46748065948, 128.036743164, -86.0823059082, 50.6743507385], [97.6762237549, -384.564666748, 385.568664551, 40.9291687012, 22.7425231934, 21.0743083954, -7.77453327179, -0.944525778294, 7.98385667801, -12.9016971588, -76.6245269775, 10.5675039291, 11.8564062119], [-18.8909931183, -33.3877830505, 40.9291687012, 331.326873779, -9.40961170197, 1.17953920364, -80.5950927734, 20.8809661865, 30.2537384033, 1.91232955456, -34.7200965881, 11.5171499252, 38.8452949524], [-97.4695510864, 86.6790008545, 22.7425231934, -9.40961170197, 168.570678711, 14.0669908524, 32.8137702942, 3.54713106155, 0.765310645103, -2.58308196068, 29.8931884766, -9.23307132721, -2.65760874748], [189.920013428, 29.8414745331, 21.0743083954, 1.17953920364, 14.0669908524, 232.057571411, 37.4183311462, 66.3070068359, -42.6410522461, 16.3700656891, 26.0397624969, -53.5629692078, 56.9068260193], [-4.05875778198, 111.964248657, -7.77453327179, -80.5950927734, 32.8137702942, 37.4183311462, 161.57749939, 22.756275177, 5.13431835175, -22.7411975861, 44.5235671997, -1.24395549297, 13.7347249985], [51.1888198853, 93.726234436, -0.944525778294, 20.8809661865, 3.54713106155, 66.3070068359, 22.756275177, 118.724395752, -1.67981183529, 8.4610452652, -7.32097911835, -25.5264835358, 45.3443489075], [-32.9392471313, 4.10768556595, 7.98385667801, 30.2537384033, 0.765310645103, -42.6410522461, 5.13431835175, -1.67981183529, 122.809837341, -8.16329860687, 10.4933109283, -1.56351482868, -0.839679896832], [9.84972000122, -8.46748065948, -12.9016971588, 1.91232955456, -2.58308196068, 16.3700656891, -22.7411975861, 8.4610452652, -8.16329860687, 85.3405532837, 8.95085716248, 6.94672250748, -7.01226902008], [-37.2825012207, 128.036743164, -76.6245269775, -34.7200965881, 29.8931884766, 26.0397624969, 44.5235671997, -7.32097911835, 10.4933109283, 8.95085716248, 113.822242737, -5.5316529274, 7.84301042557], [-0.584672987461, -86.0823059082, 10.5675039291, 11.5171499252, -9.23307132721, -53.5629692078, -1.24395549297, -25.5264835358, -1.56351482868, 6.94672250748, -5.5316529274, 95.6240768433, -23.6827983856], [52.1459960938, 50.6743507385, 11.8564062119, 38.8452949524, -2.65760874748, 56.9068260193, 13.7347249985, 45.3443489075, -0.839679896832, -7.01226902008, 7.84301042557, -23.6827983856, 104.8125]]
        icov: [[0.000621239363682, 0.000510845624376, 0.000373898947146, 6.2066654209e-05, 0.00011765139061, -0.000465996650746, -0.000132073895657, -0.000323429645505, -4.74413500342e-05, 9.95763621177e-05, 1.72898999153e-05, 2.10075704672e-05, -0.000198401030502], [0.000510845624376, 0.00250403000973, 0.00226156925783, -0.000280477543129, -0.000893861753866, 0.000332699652063, -0.00117613759357, -0.00156282971147, 0.000205414558877, 0.000200874215807, -0.000614952587057, 0.00151678617112, -0.000585909176152], [0.000373898947146, 0.00226156925783, 0.00540002435446, -0.000381191232009, -0.00175051519182, -0.000561290595215, -0.00141852220986, -0.000522831163835, -0.000543680216651, 0.000292512850137, 0.00234175170772, 0.000683186808601, -0.0010822248878], [6.2066654209e-05, -0.000280477543129, -0.000381191232009, 0.00409549381584, -0.000176855945028, -0.000587274320424, 0.00250372686423, -0.000412852299633, -0.00132622849196, 0.000433631066699, 0.000625823740847, -0.00153534160927, -0.00158048514277], [0.00011765139061, -0.000893861753866, -0.00175051519182, -0.000176855945028, 0.00717164482921, -0.000163752425578, -0.000569246767554, 0.000169493287103, 0.000317085476127, 1.94117274077e-05, -0.00189710850827, 0.000216837783228, 0.00110400316771], [-0.000465996650746, 0.000332699652063, -0.000561290595215, -0.000587274320424, -0.000163752425578, 0.00787455588579, -0.00149887183215, -0.00261907139793, 0.00293380580842, -0.00156072538812, -0.00227646320127, 0.00372252147645, -0.00166738627013], [-0.000132073895657, -0.00117613759357, -0.00141852220986, 0.00250372686423, -0.000569246767554, -0.00149887183215, 0.0100707644597, -0.00145531410817, -0.00107682263479, 0.00311662163585, -0.00271715782583, -0.00282154022716, -0.000258164509432], [-0.000323429645505, -0.00156282971147, -0.000522831163835, -0.000412852299633, 0.000169493287103, -0.00261907139793, -0.00145531410817, 0.0133230192587, -0.00104356452357, -0.00217563123442, 0.00366979814135, 0.00030210611294, -0.00337845692411], [-4.74413500342e-05, 0.000205414558877, -0.000543680216651, -0.00132622849196, 0.000317085476127, 0.00293380580842, -0.00107682263479, -0.00104356452357, 0.00976841989905, 0.000272515288088, -0.00226169452071, 0.00183592760004, 0.00016561843222], [9.95763621177e-05, 0.000200874215807, 0.000292512850137, 0.000433631066699, 1.94117274077e-05, -0.00156072538812, 0.00311662163585, -0.00217563123442, 0.000272515288088, 0.0136629492044, -0.00218354095705, -0.00201802072115, 0.00166392419487], [1.72898999153e-05, -0.000614952587057, 0.00234175170772, 0.000625823740847, -0.00189710850827, -0.00227646320127, -0.00271715782583, 0.00366979814135, -0.00226169452071, -0.00218354095705, 0.0140204103664, -0.000881159910932, -0.00166426948272], [2.10075704672e-05, 0.00151678617112, 0.000683186808601, -0.00153534160927, 0.000216837783228, 0.00372252147645, -0.00282154022716, 0.00030210611294, 0.00183592760004, -0.00201802072115, -0.000881159910932, 0.0145040424541, 0.00119427219033], [-0.000198401030502, -0.000585909176152, -0.0010822248878, -0.00158048514277, 0.00110400316771, -0.00166738627013, -0.000258164509432, -0.00337845692411, 0.00016561843222, 0.00166392419487, -0.00166426948272, 0.00119427219033, 0.0135667510331]]
    spectral_contrast:
        mean: [6.95746535939e-08, -1.02973443106e-08, 1.32518124474e-07, 2.77707300711e-07, 1.03902657145e-07, 3.89643389553e-07, -2.11900601244e-06, 9.97228994493e-07, 1.84314865237e-06, -1.02530805179e-06, 4.76404647998e-06, -5.59107775189e-06]
        var: [0.00059405376669, 0.0010580746457, 0.00155354454182, 0.00238950946368, 0.00293972855434, 0.00554989743978, 0.0683757811785, 0.0925504118204, 0.133923143148, 0.27341234684, 0.715613424778, 1.59004282951]

rhythm:
    beats_loudness:
        dmean: 0.00304710725322
        dmean2: 0.00508023519069
        dvar: 8.46545935929e-06
        dvar2: 1.7737125745e-05
        max: 0.0124174226075
        mean: 0.0067247338593
        min: 0.00162585126236
        var: 1.23040317703e-05
    beats_loudness_bass:
        dmean: 0.0882670283318
        dmean2: 0.152921661735
        dvar: 0.00734721217304
        dvar2: 0.0202792659402
        max: 0.33590400219
        mean: 0.146662563086
        min: 0.026462526992
        var: 0.00652262661606
    bpm: 113.615653992
    bpm_confidence: 0
    first_peak_bpm: 114
    first_peak_spread: 0
    first_peak_weight: 0.944444477558
    onset_rate: 4.19921875
    second_peak_bpm: 71
    second_peak_spread: 0
    second_peak_weight: 0.0555555559695
    beats_position: [0.306270003319, 0.831536769867, 1.35680353642, 1.88207042217, 2.40733718872, 2.93260383606, 3.45787096024, 3.98313760757, 4.50840425491, 5.03367137909, 5.55893802643, 6.40808725357, 6.93985652924, 7.47162675858, 8.00339603424, 8.53516674042, 9.06693553925, 9.59870624542, 10.1304750443]
    bpm_estimates: [112.771873474, 116.05002594, 113.197441101, 114.653656006, 113.200805664, 113.673477173, 112.487327576, 116.148071289, 115.335784912, 114.901779175, 113.342567444, 112.93699646, 113.469352722, 112.874076843, 111.854621887, 112.85256958, 112.836547852, 112.495033264]
    bpm_intervals: [0.525266766548, 0.525266766548, 0.525266885757, 0.525266766548, 0.525266647339, 0.525267124176, 0.525266647339, 0.525266647339, 0.525267124176, 0.525266647339, 0.849149227142, 0.531769275665, 0.53177022934, 0.531769275665, 0.531770706177, 0.531768798828, 0.531770706177, 0.531768798828]
    onset_times: [0.0464399084449, 0.116099774837, 0.18575963378, 0.441179126501, 0.557278931141, 0.801088452339, 1.07972788811, 1.2190476656, 1.33514738083, 1.6137868166, 1.74149656296, 1.86920630932, 2.15945577621, 2.29877543449, 2.41487526894, 2.82122445107, 2.87927436829, 3.3785033226, 3.76163268089, 4.02866220474, 4.29569149017, 4.42340135574, 4.55111122131, 4.79492044449, 5.05034017563, 5.87464857101, 6.15328788757, 6.39709758759, 6.54802703857, 6.8382768631, 6.94276666641, 7.20979595184, 7.46521520615, 7.89478445053, 7.99927425385, 8.27791404724, 8.60299301147, 8.6958732605, 9.07900238037, 9.34603214264, 9.57823085785, 9.7639913559, 10.1122903824]
    rubato_start: []
    rubato_stop: []
    perceptual_tempo: "unknown"

sfx:
    inharmonicity:
        dmean: 0.0518791675568
        dmean2: 0.0930217653513
        dvar: 0.00343546131626
        dvar2: 0.0103747872636
        max: 0.401647508144
        mean: 0.0555024296045
        min: 0
        var: 0.00321917934343
    oddtoevenharmonicenergyratio:
        dmean: 12.4503173828
        dmean2: 14.7721815109
        dvar: 40122.6992188
        dvar2: 40563.390625
        max: 4199.67431641
        mean: 11.752866745
        min: 0
        var: 39972.2539062
    pitch_after_max_to_before_max_energy_ratio: 8.28089427948
    pitch_centroid: 197.172988892
    pitch_max_to_total: 0.297052145004
    pitch_min_to_total: 0.424036294222
    tristimulus:
        dmean: [0.179720178246, 0.212472587824, 0.139273554087]
        dmean2: [0.311940103769, 0.362193495035, 0.247901052237]
        dvar: [0.0255028624088, 0.0313809663057, 0.0160370804369]
        dvar2: [0.0701120197773, 0.0857266634703, 0.0422682762146]
        max: [1, 0.994177341461, 0.793358385563]
        mean: [0.322531849146, 0.49038207531, 0.158179149032]
        min: [0.005822643172, 0, 0]
        var: [0.0388653986156, 0.0476269796491, 0.0237281545997]

tonal:
    chords_changes_rate: 0.0945945978165
    chords_number_rate: 0.0360360369086
    chords_strength:
        dmean: 0.0116817187518
        dmean2: 0.0101044634357
        dvar: 0.000123629535665
        dvar2: 0.00010854514403
        max: 0.731622517109
        mean: 0.508346557617
        min: 0.241771891713
        var: 0.0113303996623
    key_strength: 0.833484709263
    tuning_diatonic_strength: 0.605490326881
    tuning_equal_tempered_deviation: 0.0524756126106
    tuning_frequency: 442.03793335
    tuning_nontempered_energy_ratio: 0.677429795265
    hpcp:
        dmean: [0.160029247403, 0.135156184435, 0.123115830123, 0.112552411854, 0.100404888391, 0.126673489809, 0.158351033926, 0.171194463968, 0.15132831037, 0.155621156096, 0.144226878881, 0.0988063588738, 0.0773300528526, 0.0766165703535, 0.10254188627, 0.114767879248, 0.100710205734, 0.102233760059, 0.106483444571, 0.111537277699, 0.154238805175, 0.19704093039, 0.171683102846, 0.148665577173, 0.137881502509, 0.108034662902, 0.123608119786, 0.130536228418, 0.112505681813, 0.114549845457, 0.140426918864, 0.125964432955, 0.13350725174, 0.141231521964, 0.136844471097, 0.139380082488]
        dmean2: [0.240530461073, 0.219219565392, 0.213838353753, 0.203298687935, 0.176605969667, 0.218625485897, 0.275064706802, 0.301705062389, 0.254583030939, 0.26128757, 0.246341258287, 0.166269630194, 0.12671148777, 0.130004897714, 0.174720793962, 0.18758186698, 0.170529067516, 0.172310635448, 0.182379692793, 0.197457805276, 0.265557587147, 0.324192136526, 0.300326526165, 0.259462922812, 0.243088722229, 0.177931800485, 0.222800061107, 0.224723473191, 0.200063824654, 0.193572044373, 0.231863066554, 0.212503239512, 0.221707999706, 0.224820449948, 0.226935356855, 0.227353081107]
        dvar: [0.0336984992027, 0.0306174587458, 0.0350566916168, 0.033663969487, 0.0235274266452, 0.0356700234115, 0.0443498417735, 0.0455424487591, 0.0339222326875, 0.0343394987285, 0.0322910696268, 0.0185953117907, 0.0122939441353, 0.0115398047492, 0.0232564192265, 0.0274004433304, 0.0294232964516, 0.0207954011858, 0.0253839436918, 0.0277374554425, 0.0328799001873, 0.0485275052488, 0.0402672663331, 0.0414098277688, 0.0488416478038, 0.0230681952089, 0.0359600223601, 0.0408287830651, 0.0251036155969, 0.0236253216863, 0.0300360694528, 0.0282687079161, 0.0259779542685, 0.0226389579475, 0.0329057537019, 0.0265145264566]
        dvar2: [0.0729995667934, 0.0753978714347, 0.101476743817, 0.0978411585093, 0.0605339966714, 0.0840170308948, 0.0947720557451, 0.128784954548, 0.0876444876194, 0.0719264224172, 0.0728194788098, 0.0420955382288, 0.0260938275605, 0.0277673266828, 0.0582891777158, 0.0580974705517, 0.0816596895456, 0.0470268949866, 0.057484831661, 0.0808931291103, 0.0918833911419, 0.129544734955, 0.111431695521, 0.115691043437, 0.124667182565, 0.0563919916749, 0.0894193574786, 0.108089178801, 0.0636353418231, 0.0565881356597, 0.0723857432604, 0.0728648006916, 0.0653216615319, 0.0502747930586, 0.0829312652349, 0.0611396878958]
        max: [1, 1, 1, 1, 1, 1, 1, 1, 1, 1, 1, 0.966361820698, 1, 1, 1, 1, 1, 1, 1, 1, 1, 1, 1, 1, 1, 1, 1, 1, 1, 1, 1, 1, 1, 1, 1, 1]
        mean: [0.342956066132, 0.232077643275, 0.127088502049, 0.113505847752, 0.121361374855, 0.221541956067, 0.319514811039, 0.254544973373, 0.268499314785, 0.349748700857, 0.246984139085, 0.145278602839, 0.128482073545, 0.10735231638, 0.14184294641, 0.173790454865, 0.130754292011, 0.12442124635, 0.134038478136, 0.130813717842, 0.285461544991, 0.424496561289, 0.279458552599, 0.17360752821, 0.195120289922, 0.148161903024, 0.13635237515, 0.148867502809, 0.133320271969, 0.181948244572, 0.224140301347, 0.167365089059, 0.203995093703, 0.250161767006, 0.196507707238, 0.268194168806]
        min: [0.0034404527396, 0.00239561102353, 0.00276547507383, 0.00307590467855, 0.00142518244684, 0.00494631333277, 0.00792284682393, 0.0121439546347, 0.00628857314587, 0.00814973004162, 0.00718796113506, 0.00495212478563, 0.00218490418047, 0.00093793211272, 0.00418131705374, 0.00558784138411, 0.00535426847637, 0.00110156007577, 0.00132012192626, 0.000212781291339, 0.0002626235364, 0.00091115682153, 0.0011796123581, 0.00214194692671, 0.00106687296648, 0.00193136220332, 0.00298575637862, 0.00490905996412, 0.00873623229563, 0.00128043780569, 0.00246390933171, 0.00726894894615, 0.00460318336263, 0.0022758867126, 0.00609910441563, 0.00562223000452]
        var: [0.111392825842, 0.0559989623725, 0.0303733758628, 0.0268784724176, 0.0232989247888, 0.0571798086166, 0.106807865202, 0.0607317946851, 0.0671683996916, 0.105807967484, 0.054625261575, 0.0322339050472, 0.0269459299743, 0.0148023813963, 0.0281758774072, 0.0505935698748, 0.0297459289432, 0.0247497167438, 0.032436799258, 0.0297183021903, 0.0623556561768, 0.113132014871, 0.0558423399925, 0.0536476746202, 0.0907372459769, 0.041285160929, 0.0370573140681, 0.0418266244233, 0.0258683897555, 0.041551142931, 0.0638824775815, 0.0325472056866, 0.0370255373418, 0.0494893230498, 0.0435067117214, 0.0695177689195]
    chords_histogram: [41.8918914795, 3.15315318108, 0.900900900364, 0, 10.8108110428, 0, 0, 4.95495510101, 0, 26.1261253357, 0, 0, 0, 0, 1.35135138035, 0, 6.30630636215, 0, 0, 0, 0, 0, 0, 4.50450468063]
    thpcp: [1, 0.658329367638, 0.408972769976, 0.459651052952, 0.349029690027, 0.321209609509, 0.350691884756, 0.314066797495, 0.42862123251, 0.528014421463, 0.394267231226, 0.480557709932, 0.589313983917, 0.462919443846, 0.631793498993, 0.80791246891, 0.546712636948, 0.299386411905, 0.267389327288, 0.285894840956, 0.521893382072, 0.752691149712, 0.59963965416, 0.632512331009, 0.823914110661, 0.581828355789, 0.34223741293, 0.302669286728, 0.25289323926, 0.334143936634, 0.409403681755, 0.308022022247, 0.293103069067, 0.315758675337, 0.308162033558, 0.672470808029]
    chords_key: "A"
    chords_scale: "minor"
    key_key: "A"
    key_scale: "minor"
    chords_progression: ["A", "A", "A", "A", "A", "A", "A", "A", "A", "A", "A", "Am", "Am", "Am", "Am", "Am", "Am", "Am", "Am", "Am", "Am", "Am", "Am", "Am", "Am", "Bm", "A#m", "A#m", "A#m", "Bm", "Bm", "Bm", "Bm", "Bm", "Bm", "Bm", "Bm", "Bm", "Bm", "Bm", "Bm", "Bm", "Bm", "Bm", "Bm", "Bm", "Bm", "Bm", "Bm", "Bm", "Bm", "Bm", "Em", "Em", "E", "E", "E", "E", "E", "E", "E", "E", "E", "E", "E", "Am", "Am", "Am", "Am", "Am", "Am", "Am", "E", "E", "E", "E", "E", "E", "E", "E", "E", "Am", "Am", "Am", "Am", "Am", "Am", "Am", "Am", "Am", "Am", "Am", "Am", "Am", "Am", "Am", "Am", "Am", "Am", "Am", "Am", "Am", "Am", "Am", "Am", "Am", "Am", "Am", "Am", "Am", "Am", "Am", "Am", "Am", "Am", "Am", "Am", "Am", "Am", "Am", "Am", "Am", "Am", "Am", "Am", "Am", "Am", "Am", "Am", "Am", "Am", "Am", "Am", "Am", "Am", "Am", "Am", "Am", "Am", "Am", "Am", "Am", "Am", "Am", "C", "C", "C", "C", "C", "C", "F", "F", "F", "Fm", "Fm", "C", "F", "F", "F", "F", "F", "F", "F", "Fm", "Fm", "Fm", "Fm", "Fm", "Fm", "Fm", "Fm", "Fm", "Fm", "E", "Fm", "E", "Fm", "E", "E", "E", "E", "E", "E", "E", "E", "E", "E", "E", "E", "E", "E", "E", "E", "E", "E", "E", "E", "E", "E", "E", "E", "E", "E", "E", "E", "E", "E", "E", "E", "E", "E", "E", "E", "Am", "Am", "Am", "Am", "Am", "Am", "Am", "Am", "Am"]
