
metadata:
    version:
        essentia: "1.2.2"
    audio_properties:
        analysis_sample_rate: 44100
        bitrate: 128
        channels: 2
        equal_loudness: 1
        length: 10.2922449112
        replay_gain: -7.92827606201
        downmix: "mix"
    tags:
        track: 36
        year: 0
        album: "Splitted by Mp3Splt v. 2.1"
        artist: "From 005.50 To 006.00"
        comment: "http://mp3splt.sf.net"
        genre: ""
        title: "01 Folkloric Feel.mp3"

highlevel:
    ballroom:
        all:
            ChaChaCha: 0.0332722142339
            Jive: 0.0819742903113
            Quickstep: 0.543948888779
            Rumba-American: 0.00264753145166
            Rumba-International: 0.0178106557578
            Rumba-Misc: 0.0109651517123
            Samba: 0.238496363163
            Tango: 0.0204231031239
            VienneseWaltz: 0.0223675537854
            Waltz: 0.0280942264944
        probability: 0.543948888779
        value: "Quickstep"
    culture:
        all:
            non_western: 0.825840353966
            western: 0.174159631133
        probability: 0.825840353966
        value: "non_western"
    gender:
        all:
            female: 0.549166142941
            male: 0.450833827257
        probability: 0.549166142941
        value: "female"
    genre_dortmund:
        all:
            alternative: 0.0584133118391
            blues: 0.0147225558758
            electronic: 0.123904682696
            folkcountry: 0.174323454499
            funksoulrnb: 0.0310556069016
            jazz: 0.308060795069
            pop: 0.0674856603146
            raphiphop: 0.169049650431
            rock: 0.0529842749238
        probability: 0.308060795069
        value: "jazz"
    genre_electronica:
        all:
            ambient: 0.845927298069
            dnb: 0.0449680425227
            house: 0.0724299550056
            techno: 0.0129138436168
            trance: 0.0237608365715
        probability: 0.845927298069
        value: "ambient"
    genre_rosamerica:
        all:
            cla: 0.165793299675
            dan: 0.126992285252
            hip: 0.0830761343241
            jaz: 0.0888757258654
            pop: 0.097284950316
            rhy: 0.365262895823
            roc: 0.0237343627959
            spe: 0.0489803440869
        probability: 0.365262895823
        value: "rhy"
    genre_tzanetakis:
        all:
            blu: 0.0291383489966
            cla: 0.0198990665376
            cou: 0.0663843825459
            dis: 0.0595602467656
            hip: 0.0780592113733
            jaz: 0.0389989577234
            met: 0.0185337513685
            pop: 0.31716799736
            reg: 0.225538268685
            roc: 0.146719768643
        probability: 0.31716799736
        value: "pop"
    live_studio:
        all:
            live: 0.371132820845
            studio: 0.628867208958
        probability: 0.628867208958
        value: "studio"
    mood:
        all:
            Cluster1: 0.192268803716
            Cluster2: 0.504302978516
            Cluster3: 0.0669659674168
            Cluster4: 0.147141292691
            Cluster5: 0.0893209725618
        probability: 0.504302978516
        value: "Cluster2"
    mood_acoustic:
        all:
            acoustic: 0.224753156304
            not_acoustic: 0.775246858597
        probability: 0.775246858597
        value: "not_acoustic"
    mood_aggressive:
        all:
            aggressive: 0.0616373978555
            not_aggressive: 0.938362598419
        probability: 0.938362598419
        value: "not_aggressive"
    mood_electronic:
        all:
            electronic: 0.752849042416
            not_electronic: 0.247150972486
        probability: 0.752849042416
        value: "electronic"
    mood_happy:
        all:
            happy: 0.387545526028
            not_happy: 0.612454473972
        probability: 0.612454473972
        value: "not_happy"
    mood_party:
        all:
            not_party: 0.56175082922
            party: 0.438249140978
        probability: 0.56175082922
        value: "not_party"
    mood_relaxed:
        all:
            not_relaxed: 0.259623497725
            relaxed: 0.740376472473
        probability: 0.740376472473
        value: "relaxed"
    mood_sad:
        all:
            not_sad: 0.092453353107
            sad: 0.907546639442
        probability: 0.907546639442
        value: "sad"
    rhythm:
        all:
            fast: 0.236921325326
            medium: 0.629480004311
            slow: 0.133598670363
        probability: 0.629480004311
        value: "medium"
    speech_music:
        all:
            music: 2.46436684392e-08
            speech: 1
        probability: 1
        value: "speech"
    timbre:
        all:
            bright: 0.163878664374
            dark: 0.836121320724
        probability: 0.836121320724
        value: "dark"
    voice_instrumental:
        all:
            instrumental: 0.343979746103
            voice: 0.656020283699
        probability: 0.656020283699
        value: "voice"

lowlevel:
    average_loudness: 0.677226364613
    barkbands_kurtosis:
        dmean: 1.43003070354
        dmean2: 2.33626937866
        dvar: 4.52445459366
        dvar2: 10.303319931
        max: 21.040605545
        mean: 1.39449977875
        min: -1.87786209583
        var: 12.3400211334
    barkbands_skewness:
        dmean: 0.455370426178
        dmean2: 0.733866333961
        dvar: 0.307255983353
        dvar2: 0.662560880184
        max: 3.80595111847
        mean: 0.333926200867
        min: -4.17021846771
        var: 2.13597822189
    barkbands_spread:
        dmean: 5.61721134186
        dmean2: 8.80845069885
        dvar: 47.0697898865
        dvar2: 100.001197815
        max: 76.0323257446
        mean: 24.2716064453
        min: 4.35808992386
        var: 164.59022522
    dissonance:
        dmean: 0.0236342232674
        dmean2: 0.0405695512891
        dvar: 0.000526401854586
        dvar2: 0.00133470993023
        max: 0.499495059252
        mean: 0.450990051031
        min: 0.196724534035
        var: 0.00149619078729
    hfc:
        dmean: 1.67598259449
        dmean2: 2.63342165947
        dvar: 19.6226806641
        dvar2: 47.1533660889
        max: 54.5018043518
        mean: 3.47694420815
        min: 0.00745038455352
        var: 23.7726039886
    pitch:
        dmean: 585.37097168
        dmean2: 1142.29992676
        dvar: 1538750.375
        dvar2: 3560920.5
        max: 4410
        mean: 1672.73059082
        min: 99.1011199951
        var: 3219757
    pitch_instantaneous_confidence:
        dmean: 0.106420069933
        dmean2: 0.174630314112
        dvar: 0.00961604341865
        dvar2: 0.023179654032
        max: 0.940148353577
        mean: 0.493334680796
        min: 0.182731628418
        var: 0.0251337364316
    pitch_salience:
        dmean: 0.0614935867488
        dmean2: 0.104343064129
        dvar: 0.00320134754293
        dvar2: 0.00897010788321
        max: 0.958274185658
        mean: 0.630936086178
        min: 0.279383510351
        var: 0.00692463945597
    silence_rate_20dB:
        dmean: 0
        dmean2: 0
        dvar: 0
        dvar2: 0
        max: 1
        mean: 1
        min: 1
        var: 0
    silence_rate_30dB:
        dmean: 0
        dmean2: 0
        dvar: 0
        dvar2: 0
        max: 1
        mean: 1
        min: 1
        var: 0
    silence_rate_60dB:
        dmean: 0.0722347646952
        dmean2: 0.142533943057
        dvar: 0.0670170411468
        dvar2: 0.140317767859
        max: 1
        mean: 0.777027010918
        min: 0
        var: 0.173255890608
    spectral_centroid:
        dmean: 261.607025146
        dmean2: 423.011077881
        dvar: 145968.890625
        dvar2: 312671.40625
        max: 4240.35742188
        mean: 1737.04638672
        min: 525.104125977
        var: 971373.375
    spectral_complexity:
        dmean: 1.74149656296
        dmean2: 2.81363630295
        dvar: 4.52727603912
        dvar2: 9.35164165497
        max: 31
        mean: 5.80090475082
        min: 0
        var: 22.4083042145
    spectral_crest:
        dmean: 2.61313891411
        dmean2: 4.35609054565
        dvar: 5.39371871948
        dvar2: 14.3245229721
        max: 21.209274292
        mean: 8.77826690674
        min: 2.99600958824
        var: 13.2316913605
    spectral_decrease:
        dmean: 1.75037415118e-10
        dmean2: 2.76568962176e-10
        dvar: 9.56335430174e-20
        dvar2: 2.40571703434e-19
        max: -1.32249506485e-12
        mean: -5.58462165401e-10
        min: -3.95536048359e-09
        var: 5.37764798677e-19
    spectral_energy:
        dmean: 0.000798597640824
        dmean2: 0.00125089136418
        dvar: 2.05483684113e-06
        dvar2: 4.97209566674e-06
        max: 0.016610795632
        mean: 0.00242313253693
        min: 5.66718017581e-06
        var: 9.36787637329e-06
    spectral_energyband_high:
        dmean: 0.000270298391115
        dmean2: 0.000428850995377
        dvar: 7.63429511608e-07
        dvar2: 1.87371779248e-06
        max: 0.00802089087665
        mean: 0.00030814789352
        min: 1.76673808028e-07
        var: 6.99651820923e-07
    spectral_energyband_low:
        dmean: 5.7401630329e-05
        dmean2: 9.54288552748e-05
        dvar: 5.88859840889e-08
        dvar2: 1.61763310302e-07
        max: 0.00253420672379
        mean: 4.944466491e-05
        min: 8.84882354057e-08
        var: 4.22822061807e-08
    spectral_energyband_middle_high:
        dmean: 0.000206527503906
        dmean2: 0.000324543972965
        dvar: 2.06935951041e-07
        dvar2: 5.02617751863e-07
        max: 0.00681796437129
        mean: 0.000660540768877
        min: 2.36950586441e-06
        var: 4.93832772008e-07
    spectral_energyband_middle_low:
        dmean: 0.000498859910294
        dmean2: 0.000853782170452
        dvar: 9.78233060778e-07
        dvar2: 2.87619604933e-06
        max: 0.012896114029
        mean: 0.00140499381814
        min: 2.98560826195e-06
        var: 5.49862079424e-06
    spectral_flatness_db:
        dmean: 0.0168263595551
        dmean2: 0.0269758049399
        dvar: 0.000236168620177
        dvar2: 0.000460353592644
        max: 0.30398401618
        mean: 0.181895256042
        min: 0.0566965974867
        var: 0.00146481243428
    spectral_flux:
        dmean: 0.00622560549527
        dmean2: 0.00891201850027
        dvar: 7.65118165873e-05
        dvar2: 0.000128346320707
        max: 0.106155894697
        mean: 0.0231921710074
        min: 0.00606442196295
        var: 0.000226624761126
    spectral_kurtosis:
        dmean: 1.62330234051
        dmean2: 2.69836425781
        dvar: 3.89334821701
        dvar2: 11.0790090561
        max: 17.9257278442
        mean: 4.93579769135
        min: -0.090137720108
        var: 11.3207235336
    spectral_rms:
        dmean: 0.000218279208639
        dmean2: 0.000332873722073
        dvar: 9.15766165122e-08
        dvar2: 1.77028226744e-07
        max: 0.00402562459931
        mean: 0.0013188039884
        min: 7.43569544284e-05
        var: 6.24787617198e-07
    spectral_rolloff:
        dmean: 369.775085449
        dmean2: 606.012573242
        dvar: 331378.96875
        dvar2: 703108
        max: 4909.5703125
        mean: 2933.43505859
        min: 495.263671875
        var: 1969399
    spectral_skewness:
        dmean: 0.234086826444
        dmean2: 0.370332092047
        dvar: 0.0711396485567
        dvar2: 0.159428879619
        max: 3.11520171165
        mean: 1.48703098297
        min: 0.0455166958272
        var: 0.272488772869
    spectral_spread:
        dmean: 372283.25
        dmean2: 509034.375
        dvar: 883786711040
        dvar2: 497151574016
        max: 28816872
        mean: 4355027.5
        min: 1893672.25
        var: 3.13228053709e+12
    spectral_strongpeak:
        dmean: 0.487461149693
        dmean2: 0.849765896797
        dvar: 0.853247404099
        dvar2: 2.35281252861
        max: 8.57166576385
        mean: 0.752048194408
        min: 0.000710488238838
        var: 0.840007841587
    zerocrossingrate:
        dmean: 0.00870048534125
        dmean2: 0.010473633185
        dvar: 0.000104962295154
        dvar2: 0.000132072571432
        max: 0.1884765625
        mean: 0.0966819003224
        min: 0.00830078125
        var: 0.00185151817277
    barkbands:
        dmean: [1.02291714654e-07, 2.8734550142e-05, 3.30040566041e-05, 3.23240237776e-05, 0.000144007892231, 8.57992272358e-05, 0.000334086333169, 6.47425476927e-05, 6.38718629489e-05, 4.51478081231e-05, 3.78226359317e-05, 3.35362929036e-05, 1.02532476376e-05, 1.48878843902e-05, 1.07304695121e-05, 9.43494706007e-06, 2.17182150664e-05, 3.67702705262e-05, 9.87451785477e-05, 9.87729581539e-05, 0.000203234449145, 4.29518831879e-06, 7.4216086432e-07, 5.24123890955e-07, 1.65751089298e-07, 1.40657512304e-08, 5.84489390221e-09]
        dmean2: [1.47324797695e-07, 4.59367438452e-05, 5.99213963142e-05, 5.83382425248e-05, 0.000245361414272, 0.000145960075315, 0.000581738597248, 0.000102378646261, 0.000102183745184, 7.05110578565e-05, 6.3079794927e-05, 5.65505615668e-05, 1.57768536155e-05, 2.37929452851e-05, 1.69368631759e-05, 1.54577537614e-05, 3.48004250554e-05, 5.89659466641e-05, 0.000166407655342, 0.000167426100234, 0.000325587636326, 7.3577070907e-06, 1.26955217183e-06, 9.1688360726e-07, 2.7126421287e-07, 2.33706263231e-08, 8.90748452775e-09]
        dvar: [2.50579640588e-13, 1.31290356364e-08, 2.03280379196e-08, 5.4403463956e-09, 8.03560666895e-08, 3.82502385321e-08, 6.28136660907e-07, 1.23945120833e-08, 2.1189945798e-08, 6.34519636833e-09, 6.33356922464e-09, 5.4833306784e-09, 5.85660409058e-10, 2.15042361695e-09, 4.55424420398e-10, 3.93948151878e-10, 9.45209688297e-09, 4.67717509167e-09, 7.41228092238e-08, 2.30565945003e-07, 4.14816497596e-07, 8.10458089529e-11, 2.21216166045e-12, 1.29785364313e-12, 1.81524229242e-13, 6.02706039509e-15, 6.33593307689e-15]
        dvar2: [6.07189916835e-13, 3.42528672093e-08, 5.73937484205e-08, 1.47719489973e-08, 2.0193236594e-07, 9.51772491931e-08, 2.09019594877e-06, 2.63060346839e-08, 4.9325311835e-08, 1.48458259019e-08, 1.51531072135e-08, 1.36893971714e-08, 1.32772948191e-09, 4.93175500438e-09, 9.84589854092e-10, 9.53393697323e-10, 2.03249914676e-08, 1.04179287419e-08, 2.07918475326e-07, 6.65793663757e-07, 1.01497801097e-06, 2.2295364166e-10, 6.48259787864e-12, 3.49821213663e-12, 4.55441294487e-13, 1.53881424205e-14, 1.59301859085e-14]
        max: [6.50986385153e-06, 0.0010047982214, 0.0015336262295, 0.000541285495274, 0.00303669297136, 0.00225498923101, 0.00890986341983, 0.00123915914446, 0.0018027392216, 0.000977468444034, 0.00105168379378, 0.000850584940054, 0.000244767375989, 0.000527087133378, 0.000303576089209, 0.000247254502028, 0.00168999028392, 0.000889103161171, 0.00354038644582, 0.00728440564126, 0.00617989432067, 0.000114065544039, 1.63706772582e-05, 1.88559588423e-05, 6.07028368904e-06, 1.12312989131e-06, 1.1948051224e-06]
        mean: [7.42264560927e-08, 2.46243416768e-05, 2.47536063398e-05, 3.56026575901e-05, 0.000245549686952, 0.000172533545992, 0.000686712446623, 0.0001332796528, 0.000126032668049, 9.14759220905e-05, 9.90764456219e-05, 6.47239794489e-05, 1.70307266671e-05, 2.5132423616e-05, 1.89474139916e-05, 1.80060687853e-05, 3.4455973946e-05, 8.27785697766e-05, 0.000175596680492, 0.000125804028357, 0.000205084230402, 1.15444445328e-05, 2.21326104111e-06, 1.4864356217e-06, 5.75870672037e-07, 3.62357965855e-08, 3.73663722186e-09]
        min: [1.33858497203e-11, 7.09404712751e-09, 4.06912477047e-08, 5.25293231135e-08, 2.53462786759e-07, 3.02579508116e-07, 3.54594959617e-07, 6.2436083681e-07, 3.39284952133e-07, 4.92828689858e-07, 3.30964496698e-07, 9.40364941471e-08, 1.31049180396e-08, 5.84815822435e-08, 1.86321358342e-07, 3.6899663769e-08, 1.39577537084e-07, 3.6387802993e-07, 2.8008602726e-07, 4.91370286682e-08, 3.71654849118e-08, 1.56295598686e-08, 5.59834045788e-09, 1.11270814784e-08, 6.79062184261e-09, 4.71256422774e-10, 1.54988341605e-10]
        var: [1.61222841718e-13, 1.11790088297e-08, 1.22594290275e-08, 5.57504220566e-09, 1.92324222326e-07, 1.27930803728e-07, 2.20121364691e-06, 4.45145182937e-08, 6.36992041336e-08, 2.66605990618e-08, 2.50723495299e-08, 1.60812128058e-08, 1.18953380479e-09, 4.61918592265e-09, 1.01795938345e-09, 8.55445714265e-10, 9.86618786669e-09, 1.29910011637e-08, 8.40962073312e-08, 1.47399319417e-07, 3.74445477291e-07, 2.81494882959e-10, 1.28378366965e-11, 6.52028257775e-12, 1.10301546542e-12, 5.84557596284e-15, 3.21790527167e-15]
    mfcc:
        mean: [-794.192504883, 115.31350708, -50.3315010071, 50.0076980591, -45.4627838135, -27.7155418396, -2.34677600861, -11.9199962616, -8.42600536346, -11.0006504059, -15.6212177277, -3.09979748726, -5.55815076828]
        cov: [[2340.29272461, -59.9914169312, -67.1792831421, 97.6902084351, -129.123031616, 38.2154998779, -59.3612442017, -128.183059692, -32.0657806396, 52.9902992249, -6.57817649841, 44.5382003784, -52.0896339417], [-59.9914169312, 3261.37817383, -899.064819336, -330.472686768, -147.525100708, 49.3416976929, 72.3113250732, -404.67401123, -70.7800064087, 116.938667297, 233.170440674, 180.49559021, -158.6900177], [-67.1792831421, -899.064819336, 660.503967285, 215.858016968, 57.3844833374, 89.827293396, -36.0120582581, 152.524185181, 127.353042603, 25.0079097748, -64.8353729248, -3.88171243668, 60.7385597229], [97.6902084351, -330.472686768, 215.858016968, 323.812408447, 74.2720565796, 46.0365982056, 58.0479240417, 25.0441112518, 75.5972824097, 27.098613739, -35.8519439697, 46.2922515869, 41.9409637451], [-129.123031616, -147.525100708, 57.3844833374, 74.2720565796, 194.168640137, 22.0619106293, 30.9812011719, 62.00258255, -2.24110937119, 41.6100273132, 23.6128292084, -26.0794143677, 35.423614502], [38.2154998779, 49.3416976929, 89.827293396, 46.0365982056, 22.0619106293, 156.237792969, 28.1158695221, -32.3808288574, 45.8074226379, 44.1928329468, 1.30918002129, 48.4382896423, -5.79086065292], [-59.3612442017, 72.3113250732, -36.0120582581, 58.0479240417, 30.9812011719, 28.1158695221, 151.35736084, 30.237279892, 18.0387496948, 5.18317461014, 23.4786529541, 62.6012420654, 30.743024826], [-128.183059692, -404.67401123, 152.524185181, 25.0441112518, 62.00258255, -32.3808288574, 30.237279892, 180.451431274, 21.7443447113, -13.3392391205, 13.6933021545, -17.5246944427, 57.6773757935], [-32.0657806396, -70.7800064087, 127.353042603, 75.5972824097, -2.24110937119, 45.8074226379, 18.0387496948, 21.7443447113, 128.037948608, 47.4366645813, -18.2143154144, 31.2880401611, -1.11286151409], [52.9902992249, 116.938667297, 25.0079097748, 27.098613739, 41.6100273132, 44.1928329468, 5.18317461014, -13.3392391205, 47.4366645813, 98.2993164062, 36.4547996521, 3.79252004623, -15.6725931168], [-6.57817649841, 233.170440674, -64.8353729248, -35.8519439697, 23.6128292084, 1.30918002129, 23.4786529541, 13.6933021545, -18.2143154144, 36.4547996521, 107.932983398, 34.0568733215, -5.58584928513], [44.5382003784, 180.49559021, -3.88171243668, 46.2922515869, -26.0794143677, 48.4382896423, 62.6012420654, -17.5246944427, 31.2880401611, 3.79252004623, 34.0568733215, 117.608406067, 21.606716156], [-52.0896339417, -158.6900177, 60.7385597229, 41.9409637451, 35.423614502, -5.79086065292, 30.743024826, 57.6773757935, -1.11286151409, -15.6725931168, -5.58584928513, 21.606716156, 87.3432617188]]
        icov: [[0.000544301641639, 0.000126938030007, 0.000264268950559, -0.000408945197705, 0.000615144206677, -0.000143104844028, 0.000375529838493, -9.51838301262e-05, 0.00074857310392, -0.00101884838659, 0.00022467841336, -0.00051976722898, 0.000209206264117], [0.000126938030007, 0.000843769055791, 0.00072508037556, 0.000353052833816, 0.000113740228699, -1.95446027647e-05, -4.02162986575e-05, 0.00123247737065, -0.000319270184264, -0.000649884750601, -0.000996078248136, -0.000846099806949, 0.000112739333417], [0.000264268950559, 0.00072508037556, 0.00486478069797, -0.00216019852087, 0.00119165622164, -0.00310197891667, 0.00316908955574, -0.00329567072913, -0.00135661638342, -0.00091811089078, 0.000354919786332, -0.000449936342193, -0.00054683838971], [-0.000408945197705, 0.000353052833816, -0.00216019852087, 0.00673818960786, -0.00333193317056, 0.00232913321815, -0.00262124137953, 0.00328962411731, -0.00178246130235, -0.000266101997113, 0.00168277183548, -0.00286644906737, -0.000333508622134], [0.000615144206677, 0.000113740228699, 0.00119165622164, -0.00333193317056, 0.0104485247284, -0.00304040429182, -0.000464113167254, -0.00313774868846, 0.0032672828529, -0.00488080456853, -0.00176397804171, 0.00463331211358, -0.00295216171071], [-0.000143104844028, -1.95446027647e-05, -0.00310197891667, 0.00232913321815, -0.00304040429182, 0.0121101215482, -0.00246412423439, 0.0040791016072, 0.000112446403364, -0.00372402183712, 0.00267424038611, -0.0057385112159, 0.00205132109113], [0.000375529838493, -4.02162986575e-05, 0.00316908955574, -0.00262124137953, -0.000464113167254, -0.00246412423439, 0.0123444199562, -0.00516571570188, 0.000399641372496, -0.000827115494758, 0.00140448356979, -0.0057998909615, -0.000321884232108], [-9.51838301262e-05, 0.00123247737065, -0.00329567072913, 0.00328962411731, -0.00313774868846, 0.0040791016072, -0.00516571570188, 0.0177077706903, -0.00668839178979, 0.00612034555525, -0.00918772350997, 0.0051508191973, -0.00628626765683], [0.00074857310392, -0.000319270184264, -0.00135661638342, -0.00178246130235, 0.0032672828529, 0.000112446403364, 0.000399641372496, -0.00668839178979, 0.0201212074608, -0.013985812664, 0.010455885902, -0.008544315584, 0.00515320384875], [-0.00101884838659, -0.000649884750601, -0.00091811089078, -0.000266101997113, -0.00488080456853, -0.00372402183712, -0.000827115494758, 0.00612034555525, -0.013985812664, 0.0276249498129, -0.0138488793746, 0.0104183917865, -0.00172420870513], [0.00022467841336, -0.000996078248136, 0.000354919786332, 0.00168277183548, -0.00176397804171, 0.00267424038611, 0.00140448356979, -0.00918772350997, 0.010455885902, -0.0138488793746, 0.0243988670409, -0.013364863582, 0.00624967506155], [-0.00051976722898, -0.000846099806949, -0.000449936342193, -0.00286644906737, 0.00463331211358, -0.0057385112159, -0.0057998909615, 0.0051508191973, -0.008544315584, 0.0104183917865, -0.013364863582, 0.0258676689118, -0.00927061773837], [0.000209206264117, 0.000112739333417, -0.00054683838971, -0.000333508622134, -0.00295216171071, 0.00205132109113, -0.000321884232108, -0.00628626765683, 0.00515320384875, -0.00172420870513, 0.00624967506155, -0.00927061773837, 0.0203661452979]]
    spectral_contrast:
        mean: [-8.80858408436e-08, 3.88180296795e-07, 3.16677073897e-07, 1.38880849931e-07, 1.56023929776e-07, 1.04967639913e-07, 3.08730477627e-06, 3.13396355978e-07, 1.19040726076e-06, -2.56219050243e-06, 4.44149009127e-06, 2.45430893386e-08]
        var: [0.000596742611378, 0.00116277788766, 0.00158790952992, 0.00173318712041, 0.00349490530789, 0.00683969352394, 0.0757522135973, 0.0988521724939, 0.158556297421, 0.534014940262, 0.860138893127, 1.89712643623]

rhythm:
    beats_loudness:
        dmean: 0.00204732781276
        dmean2: 0.00352521124296
        dvar: 5.24616098119e-06
        dvar2: 1.09045040517e-05
        max: 0.0128730554134
        mean: 0.00371140474454
        min: 0.000744881865103
        var: 1.12605966933e-05
    beats_loudness_bass:
        dmean: 0.225359559059
        dmean2: 0.372500777245
        dvar: 0.0341319143772
        dvar2: 0.0681560337543
        max: 0.616044998169
        mean: 0.166601866484
        min: 0.00141415046528
        var: 0.0406606383622
    bpm: 117.907669067
    bpm_confidence: 0
    first_peak_bpm: 118
    first_peak_spread: 0
    first_peak_weight: 0.947368443012
    onset_rate: 2.91481590271
    second_peak_bpm: 111
    second_peak_spread: 0
    second_peak_weight: 0.0526315793395
    beats_position: [0.333569020033, 0.84187746048, 1.35018575191, 1.85849416256, 2.36680245399, 2.87511086464, 3.38341927528, 3.89172792435, 4.40003633499, 4.90834474564, 5.41665363312, 5.92496204376, 6.46566009521, 6.9750213623, 7.48438215256, 7.99374294281, 8.5031042099, 9.01246547699, 9.52182674408, 10.0311870575]
    bpm_estimates: [118.474517822, 117.913497925, 118.261146545, 117.924415588, 117.997093201, 117.664222717, 118.202278137, 117.8568573, 117.874778748, 117.742897034, 117.647041321, 117.586105347, 117.654823303]
    bpm_intervals: [0.508308410645, 0.508308291435, 0.508308410645, 0.508308291435, 0.508308410645, 0.508308410645, 0.508308649063, 0.508308410645, 0.508308410645, 0.508308887482, 0.508308410645, 0.540698051453, 0.50936126709, 0.509360790253, 0.509360790253, 0.50936126709, 0.50936126709, 0.50936126709, 0.509360313416]
    onset_times: [0.0696598663926, 0.325079351664, 0.835918366909, 1.23065757751, 1.34675741196, 1.8575963974, 2.33360552788, 2.89088439941, 3.39011335373, 4.21442174911, 4.41179132462, 4.93424034119, 5.4334692955, 5.94430828094, 6.45514726639, 6.72217702866, 6.97759628296, 7.47682523727, 7.84834480286, 7.99927425385, 8.18503379822, 8.31274414062, 8.51011371613, 8.6146030426, 8.73070335388, 9.0093421936, 9.53179168701, 9.78721046448, 9.99619007111, 10.2748298645]
    rubato_start: []
    rubato_stop: []
    perceptual_tempo: "unknown"

sfx:
    inharmonicity:
        dmean: 0.0636001080275
        dmean2: 0.115575104952
        dvar: 0.00534787587821
        dvar2: 0.0155796613544
        max: 0.411897301674
        mean: 0.0639862194657
        min: 0
        var: 0.00504894601181
    oddtoevenharmonicenergyratio:
        dmean: 26.9605522156
        dmean2: 53.2674255371
        dvar: 79162.765625
        dvar2: 237438.484375
        max: 4142.25927734
        mean: 14.43430233
        min: 0
        var: 39687.5820312
    pitch_after_max_to_before_max_energy_ratio: 133.569702148
    pitch_centroid: 185.156326294
    pitch_max_to_total: 0.0248868782073
    pitch_min_to_total: 0.796380102634
    tristimulus:
        dmean: [0.187934473157, 0.253332585096, 0.171361908317]
        dmean2: [0.328166723251, 0.435304194689, 0.3033683002]
        dvar: [0.0312086436898, 0.050353448838, 0.0346406586468]
        dvar2: [0.0790150389075, 0.147827327251, 0.0994717776775]
        max: [1, 0.996845781803, 0.939413666725]
        mean: [0.283205866814, 0.488238781691, 0.173836529255]
        min: [0.00315412739292, 0, 0]
        var: [0.0434929504991, 0.0630605518818, 0.0357899256051]

tonal:
    chords_changes_rate: 0.0630630627275
    chords_number_rate: 0.0270270276815
    chords_strength:
        dmean: 0.00784151721746
        dmean2: 0.00769791658968
        dvar: 3.58403631253e-05
        dvar2: 4.23221099481e-05
        max: 0.663169264793
        mean: 0.475665807724
        min: 0.238300248981
        var: 0.0125761311501
    key_strength: 0.557783722878
    tuning_diatonic_strength: 0.489674299955
    tuning_equal_tempered_deviation: 0.189583405852
    tuning_frequency: 443.316436768
    tuning_nontempered_energy_ratio: 0.876904368401
    hpcp:
        dmean: [0.178371340036, 0.153135180473, 0.188235387206, 0.201161280274, 0.147121787071, 0.0653987899423, 0.0610326305032, 0.105531796813, 0.136398673058, 0.115973390639, 0.0995445102453, 0.139075487852, 0.14831879735, 0.112640015781, 0.140705883503, 0.152591243386, 0.115005090833, 0.0754660069942, 0.0454023294151, 0.0284527204931, 0.0266334749758, 0.0331547670066, 0.0712821930647, 0.110546112061, 0.105592869222, 0.0773213729262, 0.0886745601892, 0.0822500288486, 0.0749036669731, 0.0692786946893, 0.069794178009, 0.0754370242357, 0.0737243592739, 0.0639150962234, 0.0879631116986, 0.174112260342]
        dmean2: [0.291125357151, 0.262532532215, 0.313553214073, 0.344148367643, 0.253395318985, 0.113201543689, 0.106635980308, 0.180174127221, 0.236313074827, 0.1935877949, 0.158578127623, 0.241379097104, 0.257396459579, 0.180128931999, 0.207834646106, 0.225304290652, 0.196916803718, 0.125530168414, 0.0772014036775, 0.0517763383687, 0.0463560968637, 0.0586212202907, 0.123478248715, 0.176083788276, 0.173706591129, 0.132716834545, 0.149867668748, 0.142582267523, 0.131710916758, 0.119265019894, 0.11488840729, 0.129023820162, 0.132031649351, 0.108563303947, 0.144106835127, 0.293684870005]
        dvar: [0.0311351493001, 0.0204826723784, 0.0350515171885, 0.0393518209457, 0.0228045005351, 0.00746444612741, 0.0090840626508, 0.0254822317511, 0.0345551706851, 0.0298610273749, 0.0126690194011, 0.038481105119, 0.0565629675984, 0.021080924198, 0.0168510489166, 0.0252063479275, 0.0191145092249, 0.0108600640669, 0.00376309175044, 0.00316501688212, 0.00191080907825, 0.00533484341577, 0.0104113603011, 0.0143023505807, 0.0137266023085, 0.00938964542001, 0.0157462991774, 0.0175426695496, 0.011341823265, 0.00927590578794, 0.0118904970586, 0.012057245709, 0.00982612650841, 0.00714965816587, 0.0103778829798, 0.0368802733719]
        dvar2: [0.0771855413914, 0.0552262179554, 0.0832392573357, 0.104038819671, 0.0616278760135, 0.0211788453162, 0.0255967061967, 0.0680594220757, 0.0897170603275, 0.0748792439699, 0.0296496152878, 0.0901042446494, 0.119251392782, 0.0533704124391, 0.040403790772, 0.0568335950375, 0.0503735244274, 0.0296393614262, 0.0109243970364, 0.00900395493954, 0.00482415407896, 0.0153165813535, 0.0301286000758, 0.0344676077366, 0.0355242453516, 0.0264610722661, 0.0408355630934, 0.0427127927542, 0.0314643010497, 0.0243746861815, 0.0303517337888, 0.0333713628352, 0.0258301608264, 0.020224083215, 0.0254524964839, 0.0947856977582]
        max: [1, 1, 1, 1, 0.959938049316, 0.627148330212, 0.713716685772, 1, 1, 1, 1, 1, 1, 1, 1, 1, 1, 0.731489300728, 0.386771917343, 0.4054441154, 0.315664082766, 0.724899351597, 0.828752398491, 1, 1, 0.716247856617, 0.864313960075, 1, 0.909803271294, 0.658762454987, 0.766538321972, 0.877680659294, 0.694133102894, 0.668278336525, 0.872842073441, 1]
        mean: [0.370625734329, 0.287175506353, 0.577150762081, 0.574792265892, 0.232401952147, 0.0977241769433, 0.0856010988355, 0.149481520057, 0.309877753258, 0.334593147039, 0.208478704095, 0.213750854135, 0.227748766541, 0.192683160305, 0.342186033726, 0.387189030647, 0.201881453395, 0.103050000966, 0.0588890202343, 0.0325240753591, 0.0341515019536, 0.0398999452591, 0.0997413024306, 0.210264757276, 0.19581630826, 0.121032498777, 0.133692666888, 0.132140517235, 0.104713983834, 0.100990459323, 0.110843934119, 0.118378192186, 0.117266088724, 0.102642610669, 0.167700827122, 0.380454748869]
        min: [0.00607877690345, 0.0120049091056, 0.0133177200332, 0.0262494906783, 0.0128071997315, 0.00103954644874, 0.00164062913973, 0.00281006912701, 0.00301524274983, 0.00198894948699, 0.00155484187417, 0.00270465342328, 0.00194736197591, 0.00628767767921, 0.00627448223531, 0.0127155547962, 0.00444422569126, 0.000916683871765, 0.000559573527426, 0.000548610696569, 0.000544712005649, 0.000394689239329, 0.00206982530653, 0.0100506301969, 0.0064912349917, 0.00483859749511, 0.00208651414141, 0.00164859776851, 0.00410807272419, 0.00117846892681, 0.00162478222046, 0.00491166254506, 0.00438684597611, 0.00192137621343, 0.0017771103885, 0.00549349747598]
        var: [0.0852560251951, 0.0319533348083, 0.117178685963, 0.108771599829, 0.0300476104021, 0.0102670351043, 0.00918957218528, 0.0306477658451, 0.0962794721127, 0.108944840729, 0.0370083078742, 0.0626553446054, 0.0864669233561, 0.0339052900672, 0.063849426806, 0.093441285193, 0.0271375086159, 0.0128581644967, 0.00421720556915, 0.00266397395171, 0.00266542704776, 0.00450577773154, 0.0120045924559, 0.0327861122787, 0.0263533592224, 0.0122450934723, 0.0254984870553, 0.0338488034904, 0.0178292505443, 0.0129289766774, 0.0168084893376, 0.0151782361791, 0.0155367227271, 0.0102566955611, 0.0275069847703, 0.113830074668]
    chords_histogram: [31.9819812775, 0, 13.9639635086, 13.0630626678, 0, 0, 0, 0, 4.05405426025, 12.1621618271, 24.7747745514, 0, 0, 0, 0, 0, 0, 0, 0, 0, 0, 0, 0, 0]
    thpcp: [1, 0.995913565159, 0.402671128511, 0.169321745634, 0.148316711187, 0.258999079466, 0.536909520626, 0.579732656479, 0.361220538616, 0.370355308056, 0.394608795643, 0.333852380514, 0.592888474464, 0.670862913132, 0.34978979826, 0.178549543023, 0.102034032345, 0.0563528239727, 0.0591725856066, 0.0691326186061, 0.172816723585, 0.364315122366, 0.339281022549, 0.209706902504, 0.23164254427, 0.2289532125, 0.181432634592, 0.174981072545, 0.192053690553, 0.205107912421, 0.203181028366, 0.177843675017, 0.290566772223, 0.659194767475, 0.64216452837, 0.49757450819]
    chords_key: "A#"
    chords_scale: "major"
    key_key: "A#"
    key_scale: "major"
    chords_progression: ["F", "F", "F", "F", "F", "F", "F", "F", "F", "F", "F", "F", "F", "F", "D", "D", "D", "D", "D", "D", "D", "D", "D", "F#m", "F#m", "F#m", "F#m", "F#m", "F#m", "F#m", "F#m", "F#m", "F#m", "F#m", "F#m", "F#m", "F#m", "F#m", "F#m", "F#m", "F#m", "F#m", "F#m", "F#m", "F#m", "F#m", "F#m", "F#m", "F#m", "F#m", "A", "A", "A", "A", "A", "A", "F", "F", "F", "F", "F", "F", "F", "F", "F", "F", "F", "F", "F", "F", "F", "F", "F", "A", "A", "A", "A", "A", "A", "A", "A", "A", "A", "A", "A", "A", "A", "A", "A", "A", "A", "A", "A", "A", "A", "A", "A", "A", "A", "A", "A", "A", "A", "A", "A", "A", "A", "A", "A", "A", "Am", "A", "Am", "Am", "A", "A", "Am", "Am", "Am", "Am", "Am", "Am", "Am", "Am", "Am", "Am", "Am", "Am", "Am", "Am", "Am", "Am", "Am", "Am", "Am", "Am", "Am", "Am", "Am", "Am", "Am", "Am", "A", "A", "A", "A", "A", "A", "A", "A", "A#", "A#", "A", "A#", "A#", "A#", "A#", "A#", "A#", "A#", "A#", "A#", "A#", "A#", "A#", "A#", "A#", "A#", "A#", "A#", "A#", "A#", "A#", "A#", "A#", "A#", "A#", "A#", "A#", "A#", "A#", "A#", "A#", "A#", "A#", "A#", "A#", "A#", "A#", "A#", "A#", "A#", "A#", "A#", "A#", "A#", "A#", "A#", "A#", "A#", "A#", "A#", "A#", "A#", "A#", "A#", "A#", "A#", "A#", "A#", "A#", "A#", "A#", "A#", "A#", "A#", "A#", "A#", "A#", "A#", "A#", "A#"]
