
metadata:
    version:
        essentia: "1.2.2"
    audio_properties:
        analysis_sample_rate: 44100
        bitrate: 128
        channels: 2
        equal_loudness: 1
        length: 10.0310201645
        replay_gain: -12.0772190094
        downmix: "mix"
    tags:
        track: 3
        year: 0
        album: "Splitted by Mp3Splt v. 2.1"
        artist: "From 000.20 To 000.30"
        comment: "http://mp3splt.sf.net"
        genre: ""
        title: "06 Shoot Out the Lights.mp3"

highlevel:
    ballroom:
        all:
            ChaChaCha: 0.0370564460754
            Jive: 0.15894575417
            Quickstep: 0.0452624410391
            Rumba-American: 0.0448937118053
            Rumba-International: 0.0863343179226
            Rumba-Misc: 0.124051027
            Samba: 0.088150985539
            Tango: 0.0268274843693
            VienneseWaltz: 0.121306486428
            Waltz: 0.267171353102
        probability: 0.267171353102
        value: "Waltz"
    culture:
        all:
            non_western: 0.00515180220827
            western: 0.994848191738
        probability: 0.994848191738
        value: "western"
    gender:
        all:
            female: 0.904327511787
            male: 0.0956725031137
        probability: 0.904327511787
        value: "female"
    genre_dortmund:
        all:
            alternative: 0.0274396128953
            blues: 0.0137678682804
            electronic: 0.224847495556
            folkcountry: 0.170423924923
            funksoulrnb: 0.0208836719394
            jazz: 0.342676311731
            pop: 0.145844966173
            raphiphop: 0.000813351187389
            rock: 0.0533027909696
        probability: 0.342676311731
        value: "jazz"
    genre_electronica:
        all:
            ambient: 0.722624957561
            dnb: 0.0793312266469
            house: 0.0445867292583
            techno: 0.00558669073507
            trance: 0.147870391607
        probability: 0.722624957561
        value: "ambient"
    genre_rosamerica:
        all:
            cla: 0.0254428628832
            dan: 0.0756358578801
            hip: 0.00358387548476
            jaz: 0.0706734955311
            pop: 0.736357092857
            rhy: 0.0444887839258
            roc: 0.0409954302013
            spe: 0.00282262498513
        probability: 0.736357092857
        value: "pop"
    genre_tzanetakis:
        all:
            blu: 0.00194368383382
            cla: 0.00330622307956
            cou: 0.0104568405077
            dis: 0.0116852410138
            hip: 0.000620686623733
            jaz: 0.0101518621668
            met: 0.00190962268971
            pop: 0.920480966568
            reg: 0.00368487066589
            roc: 0.0357599966228
        probability: 0.920480966568
        value: "pop"
    live_studio:
        all:
            live: 0.22363756597
            studio: 0.776362419128
        probability: 0.776362419128
        value: "studio"
    mood:
        all:
            Cluster1: 0.0663509964943
            Cluster2: 0.158881530166
            Cluster3: 0.590502560139
            Cluster4: 0.169213965535
            Cluster5: 0.0150509420782
        probability: 0.590502560139
        value: "Cluster3"
    mood_acoustic:
        all:
            acoustic: 0.91580414772
            not_acoustic: 0.0841958597302
        probability: 0.91580414772
        value: "acoustic"
    mood_aggressive:
        all:
            aggressive: 5.0773401199e-06
            not_aggressive: 0.999994933605
        probability: 0.999994933605
        value: "not_aggressive"
    mood_electronic:
        all:
            electronic: 0.411024540663
            not_electronic: 0.58897548914
        probability: 0.58897548914
        value: "not_electronic"
    mood_happy:
        all:
            happy: 0.248489275575
            not_happy: 0.751510739326
        probability: 0.751510739326
        value: "not_happy"
    mood_party:
        all:
            not_party: 0.939072430134
            party: 0.0609275624156
        probability: 0.939072430134
        value: "not_party"
    mood_relaxed:
        all:
            not_relaxed: 0.259623497725
            relaxed: 0.740376472473
        probability: 0.740376472473
        value: "relaxed"
    mood_sad:
        all:
            not_sad: 3.00000096379e-14
            sad: 1
        probability: 1
        value: "sad"
    rhythm:
        all:
            fast: 0.744116961956
            medium: 0.126403450966
            slow: 0.12947961688
        probability: 0.744116961956
        value: "fast"
    speech_music:
        all:
            music: 3.00000096379e-14
            speech: 1
        probability: 1
        value: "speech"
    timbre:
        all:
            bright: 0.267708957195
            dark: 0.732291042805
        probability: 0.732291042805
        value: "dark"
    voice_instrumental:
        all:
            instrumental: 0.969805300236
            voice: 0.0301947165281
        probability: 0.969805300236
        value: "instrumental"

lowlevel:
    average_loudness: 0.914885282516
    barkbands_kurtosis:
        dmean: 2.43628954887
        dmean2: 3.6871638298
        dvar: 15.2833185196
        dvar2: 30.4796466827
        max: 44.2227516174
        mean: 3.38243317604
        min: -1.6873691082
        var: 29.524930954
    barkbands_skewness:
        dmean: 0.540293753147
        dmean2: 0.781817257404
        dvar: 0.30873349309
        dvar2: 0.690770149231
        max: 5.87498188019
        mean: 1.32867133617
        min: -1.47401309013
        var: 0.949363946915
    barkbands_spread:
        dmean: 5.35244989395
        dmean2: 7.61436605453
        dvar: 40.7702865601
        dvar2: 77.2184371948
        max: 61.0685806274
        mean: 17.0845413208
        min: 0.889644145966
        var: 113.971618652
    dissonance:
        dmean: 0.0326495319605
        dmean2: 0.0538406744599
        dvar: 0.000924047664739
        dvar2: 0.00251878867857
        max: 0.496977508068
        mean: 0.418372780085
        min: 0.206234663725
        var: 0.00219244905747
    hfc:
        dmean: 1.01347696781
        dmean2: 1.41861879826
        dvar: 1.79727864265
        dvar2: 3.56175422668
        max: 12.1772413254
        mean: 3.25432777405
        min: 0.0773264318705
        var: 6.56102848053
    pitch:
        dmean: 199.294036865
        dmean2: 385.759857178
        dvar: 442648.15625
        dvar2: 1102513.625
        max: 4410
        mean: 354.272247314
        min: 65.820892334
        var: 334558.21875
    pitch_instantaneous_confidence:
        dmean: 0.0969534888864
        dmean2: 0.141778036952
        dvar: 0.00918937381357
        dvar2: 0.0186274535954
        max: 0.959560215473
        mean: 0.529796242714
        min: 0.143929004669
        var: 0.0365180149674
    pitch_salience:
        dmean: 0.0710705295205
        dmean2: 0.107969768345
        dvar: 0.00525319948792
        dvar2: 0.0111411456019
        max: 0.902663171291
        mean: 0.545248150826
        min: 0.154042452574
        var: 0.0172521565109
    silence_rate_20dB:
        dmean: 0
        dmean2: 0
        dvar: 0
        dvar2: 0
        max: 1
        mean: 1
        min: 1
        var: 0
    silence_rate_30dB:
        dmean: 0
        dmean2: 0
        dvar: 0
        dvar2: 0
        max: 1
        mean: 1
        min: 1
        var: 0
    silence_rate_60dB:
        dmean: 0.120649650693
        dmean2: 0.241860464215
        dvar: 0.106093682349
        dvar2: 0.19731798768
        max: 1
        mean: 0.493055552244
        min: 0
        var: 0.249952107668
    spectral_centroid:
        dmean: 188.564041138
        dmean2: 269.719940186
        dvar: 56936.2070312
        dvar2: 112953.320312
        max: 2840.79614258
        mean: 831.416442871
        min: 285.80569458
        var: 132456.359375
    spectral_complexity:
        dmean: 1.56643354893
        dmean2: 2.50934576988
        dvar: 2.98218798637
        dvar2: 6.04897880554
        max: 22
        mean: 7.33488368988
        min: 0
        var: 11.7715702057
    spectral_crest:
        dmean: 2.67261314392
        dmean2: 4.23445367813
        dvar: 7.97792434692
        dvar2: 17.1059761047
        max: 24.8860282898
        mean: 10.9673042297
        min: 3.68103098869
        var: 22.8143291473
    spectral_decrease:
        dmean: 3.75887099224e-10
        dmean2: 6.20937579132e-10
        dvar: 3.62369680085e-19
        dvar2: 9.45367351294e-19
        max: -2.25915310764e-11
        mean: -9.95458493414e-10
        min: -4.09120470835e-09
        var: 5.95981098104e-19
    spectral_energy:
        dmean: 0.00149522128049
        dmean2: 0.00245046289638
        dvar: 5.6551130001e-06
        dvar2: 1.46478823808e-05
        max: 0.0162456072867
        mean: 0.00405226554722
        min: 9.31078538997e-05
        var: 9.72817633738e-06
    spectral_energyband_high:
        dmean: 6.34781899862e-05
        dmean2: 8.52044468047e-05
        dvar: 8.24450729908e-09
        dvar2: 1.2934372684e-08
        max: 0.000851697230246
        mean: 0.000110336448415
        min: 2.30298297765e-07
        var: 2.11875406109e-08
    spectral_energyband_low:
        dmean: 0.000126670667669
        dmean2: 0.000218141707592
        dvar: 7.89397631706e-08
        dvar2: 2.25399020337e-07
        max: 0.00210983399302
        mean: 0.000166167301359
        min: 6.20805792551e-07
        var: 5.97079008458e-08
    spectral_energyband_middle_high:
        dmean: 0.000274779187748
        dmean2: 0.000359843950719
        dvar: 1.61816998911e-07
        dvar2: 2.15675029835e-07
        max: 0.00692339614034
        mean: 0.00108631129842
        min: 3.68227156287e-05
        var: 1.60271201821e-06
    spectral_energyband_middle_low:
        dmean: 0.0012834451627
        dmean2: 0.00216126465239
        dvar: 4.88109253638e-06
        dvar2: 1.30355983856e-05
        max: 0.014962897636
        mean: 0.00268941186368
        min: 5.26305157109e-05
        var: 5.53352219868e-06
    spectral_flatness_db:
        dmean: 0.0279830638319
        dmean2: 0.0370748303831
        dvar: 0.000723269477021
        dvar2: 0.00102382875048
        max: 0.396105438471
        mean: 0.189866393805
        min: 0.0775345936418
        var: 0.00292412051931
    spectral_flux:
        dmean: 0.0114714931697
        dmean2: 0.0167924743146
        dvar: 0.00021102844039
        dvar2: 0.000393608468585
        max: 0.0996495187283
        mean: 0.0289655774832
        min: 0.00306369992904
        var: 0.000391677080188
    spectral_kurtosis:
        dmean: 2.91463446617
        dmean2: 4.29361057281
        dvar: 12.5895261765
        dvar2: 29.4256420135
        max: 32.7670211792
        mean: 6.11703634262
        min: -1.34879088402
        var: 27.8936004639
    spectral_rms:
        dmean: 0.000341701757861
        dmean2: 0.000524245435372
        dvar: 2.09919093663e-07
        dvar2: 4.96435689001e-07
        max: 0.00398112693802
        mean: 0.0018475970719
        min: 0.000301391643006
        var: 5.39816142009e-07
    spectral_rolloff:
        dmean: 506.607421875
        dmean2: 826.562866211
        dvar: 703172.375
        dvar2: 1389685.625
        max: 7881.15234375
        mean: 1380.92834473
        min: 236.865234375
        var: 1202454.75
    spectral_skewness:
        dmean: 0.382703334093
        dmean2: 0.518716037273
        dvar: 0.154910504818
        dvar2: 0.340557962656
        max: 4.62210226059
        mean: 1.94766175747
        min: 0.091240927577
        var: 0.492359697819
    spectral_spread:
        dmean: 1019606.625
        dmean2: 1264910.25
        dvar: 1.53976871322e+12
        dvar2: 1.8112848855e+12
        max: 19319042
        mean: 5186725.5
        min: 1644318.875
        var: 4.95771923251e+12
    spectral_strongpeak:
        dmean: 0.243751913309
        dmean2: 0.39048525691
        dvar: 0.107692494988
        dvar2: 0.223997220397
        max: 2.90816640854
        mean: 0.70962536335
        min: 0.0235113929957
        var: 0.432184845209
    zerocrossingrate:
        dmean: 0.00922043435276
        dmean2: 0.00943135749549
        dvar: 9.61011464824e-05
        dvar2: 8.89849106898e-05
        max: 0.17138671875
        mean: 0.0520859844983
        min: 0.01171875
        var: 0.000520605652127
    barkbands:
        dmean: [3.45034322891e-07, 3.05414723698e-05, 0.000101426092442, 0.000140477073728, 0.00031131846481, 0.000690366898198, 0.00018517265562, 6.52246089885e-05, 0.00012090641394, 0.000256049010204, 9.95731315925e-05, 2.11081787711e-05, 2.24575960601e-05, 1.81810046342e-05, 2.18069835682e-05, 1.92011211766e-05, 1.8963308321e-05, 2.24359719141e-05, 3.88347762055e-05, 3.5812943679e-05, 2.89632262138e-05, 1.74036904355e-05, 4.13206316807e-06, 2.05026822186e-06, 1.69264399119e-06, 1.02695864257e-07, 1.25793864214e-08]
        dmean2: [5.2680599083e-07, 5.04853196617e-05, 0.000180108501809, 0.000228445176617, 0.000502463721205, 0.00122944684699, 0.000325805536704, 0.000100816461782, 0.000187574230949, 0.000346560060279, 0.000130983549752, 3.00618721667e-05, 3.4515203879e-05, 2.65197213594e-05, 3.05508474412e-05, 2.89891740977e-05, 2.88630126306e-05, 3.22927880916e-05, 5.73600373173e-05, 5.02656039316e-05, 3.92255351471e-05, 2.58874406427e-05, 5.94662515141e-06, 2.93224707093e-06, 2.38955203713e-06, 1.48755987084e-07, 1.2802424898e-08]
        dvar: [2.10585216799e-12, 3.22363091776e-09, 5.76894088056e-08, 6.18275208808e-08, 3.14309772875e-07, 2.10439088733e-06, 2.3695560003e-07, 2.33869990041e-08, 9.81131051958e-08, 2.47246475737e-07, 8.76831904861e-08, 1.03163988463e-09, 1.21471865899e-09, 1.35726385686e-09, 2.03129579823e-09, 6.4643229658e-10, 7.21751436394e-10, 1.2962274587e-09, 2.75399614225e-09, 2.56962073841e-09, 1.77323478123e-09, 9.08629671503e-10, 4.21064398626e-11, 2.72007277813e-11, 1.65739540148e-11, 9.22115574002e-14, 6.44635711998e-14]
        dvar2: [3.80522132901e-12, 8.03108690661e-09, 1.69411890738e-07, 1.53207707854e-07, 7.94970333118e-07, 5.78018807573e-06, 6.59164300032e-07, 4.87498752477e-08, 2.41125945877e-07, 4.38153307414e-07, 1.12645565764e-07, 1.96407445863e-09, 2.63160693237e-09, 2.66768318546e-09, 2.71230238269e-09, 1.32029709388e-09, 1.56295743015e-09, 2.7413094017e-09, 5.72735681104e-09, 4.90633045303e-09, 2.98740476801e-09, 2.03158401213e-09, 8.19408152442e-11, 5.76366836202e-11, 2.70986739992e-11, 1.44297551338e-13, 6.45919881709e-14]
        max: [1.98700417968e-05, 0.000485863711219, 0.00175910245162, 0.00195622560568, 0.00706847431138, 0.00764254014939, 0.00432946905494, 0.00174546579365, 0.0041148904711, 0.00644382927567, 0.00511396210641, 0.000459779053926, 0.000520641799085, 0.000422859477112, 0.000944707950111, 0.000380688259611, 0.000267421564786, 0.000387743028114, 0.000481256691273, 0.000652424932923, 0.000392288755393, 0.0003542304039, 5.12086116942e-05, 8.98876023712e-05, 6.22261577519e-05, 4.98931740367e-06, 5.26599615114e-06]
        mean: [3.16316430826e-07, 4.69014266855e-05, 0.000118988587928, 0.000155176254339, 0.0007143097464, 0.000875612196978, 0.000207667879295, 0.000123034595163, 0.000242145208176, 0.000747163430788, 0.000329032336595, 3.7872363464e-05, 4.67126046715e-05, 3.62002538168e-05, 4.26687038271e-05, 3.45523731085e-05, 3.4083648643e-05, 3.94013186451e-05, 7.85824595368e-05, 5.83019718761e-05, 4.81504248455e-05, 2.36586020037e-05, 6.32748606222e-06, 2.83763256448e-06, 2.43727777161e-06, 1.19421187605e-07, 1.25639001425e-08]
        min: [1.72108230445e-11, 8.97195739924e-09, 1.62102267609e-07, 3.45191637052e-07, 2.83931717604e-06, 2.54400652011e-06, 5.15776036991e-07, 5.10732547809e-07, 1.06326979221e-06, 6.24773110758e-06, 1.33220601128e-06, 3.68836566622e-07, 2.3624814105e-07, 2.46152751515e-07, 1.70710194425e-07, 1.41046200497e-07, 3.74602564079e-07, 2.10895123587e-07, 2.36708004309e-07, 2.2853181747e-07, 7.53103037709e-08, 1.93748448396e-08, 3.10255310332e-09, 1.01114105977e-09, 6.12130457434e-10, 1.55999657636e-11, 5.31028569912e-14]
        var: [2.00215213332e-12, 4.94523400008e-09, 3.80700519997e-08, 6.07829804267e-08, 1.04803132217e-06, 1.6920902226e-06, 1.61004621191e-07, 6.17857409679e-08, 2.23574346592e-07, 1.43245915751e-06, 6.48517811896e-07, 3.03475355956e-09, 5.32323740643e-09, 5.26922461219e-09, 9.61507762298e-09, 1.45095735427e-09, 1.37283417967e-09, 2.74231370945e-09, 8.82768702581e-09, 5.89212056923e-09, 4.40216041397e-09, 1.33190991569e-09, 8.15754686023e-11, 3.81497299029e-11, 3.43552582216e-11, 1.01309639931e-13, 6.43325521435e-14]
    mfcc:
        mean: [-755.730957031, 137.900131226, -25.3103637695, 33.9499855042, -30.3389377594, -9.03379058838, -5.25075244904, -5.59758853912, -5.33735799789, -12.7106647491, -15.1930685043, -14.774646759, -6.74418830872]
        cov: [[3858.98217773, -1487.88000488, 524.256713867, -51.7829246521, 154.752243042, 12.4055376053, -27.1043605804, -163.014129639, -126.798721313, 34.181060791, 121.51574707, 40.060585022, 40.5478477478], [-1487.88000488, 1552.65307617, -479.691070557, -82.5473403931, -54.333896637, 37.9274291992, 111.8359375, 92.099105835, 43.7182769775, 55.113117218, -59.3190155029, -0.894035279751, 58.6683998108], [524.256713867, -479.691070557, 394.674835205, 68.4786300659, 105.456390381, 37.5993652344, -26.2519187927, -2.0116508007, 28.0174808502, -4.27477788925, 61.2550849915, 48.9228210449, 19.6704788208], [-51.7829246521, -82.5473403931, 68.4786300659, 243.080841064, 80.5599746704, -2.74769830704, -44.0968399048, -14.9873571396, 26.5867366791, -35.155216217, 31.2941818237, 56.6869506836, 22.3804149628], [154.752243042, -54.333896637, 105.456390381, 80.5599746704, 196.501068115, 38.0502586365, 0.942198932171, -38.4267845154, -5.03994607925, 16.8567008972, 40.1957969666, 56.5010108948, 29.425743103], [12.4055376053, 37.9274291992, 37.5993652344, -2.74769830704, 38.0502586365, 118.388023376, 53.7794685364, 24.2254905701, 26.1587047577, 42.334854126, 28.3414421082, 17.9831523895, 19.139213562], [-27.1043605804, 111.8359375, -26.2519187927, -44.0968399048, 0.942198932171, 53.7794685364, 134.620285034, 64.9851989746, 31.7549743652, 47.1696777344, 10.4642572403, -0.611729264259, 11.8405885696], [-163.014129639, 92.099105835, -2.0116508007, -14.9873571396, -38.4267845154, 24.2254905701, 64.9851989746, 138.40536499, 64.2271575928, 19.1952610016, -8.09667873383, -2.13794326782, 6.478079319], [-126.798721313, 43.7182769775, 28.0174808502, 26.5867366791, -5.03994607925, 26.1587047577, 31.7549743652, 64.2271575928, 104.451416016, 18.7078742981, 11.3393154144, 10.9636135101, 2.29886007309], [34.181060791, 55.113117218, -4.27477788925, -35.155216217, 16.8567008972, 42.334854126, 47.1696777344, 19.1952610016, 18.7078742981, 91.7383804321, 20.9685249329, -6.53826856613, 0.433420866728], [121.51574707, -59.3190155029, 61.2550849915, 31.2941818237, 40.1957969666, 28.3414421082, 10.4642572403, -8.09667873383, 11.3393154144, 20.9685249329, 78.8067398071, 42.5455741882, 19.150844574], [40.060585022, -0.894035279751, 48.9228210449, 56.6869506836, 56.5010108948, 17.9831523895, -0.611729264259, -2.13794326782, 10.9636135101, -6.53826856613, 42.5455741882, 84.4791793823, 42.4862480164], [40.5478477478, 58.6683998108, 19.6704788208, 22.3804149628, 29.425743103, 19.139213562, 11.8405885696, 6.478079319, 2.29886007309, 0.433420866728, 19.150844574, 42.4862480164, 84.8916931152]]
        icov: [[0.000502389331814, 0.000478519359604, -0.000103075675725, 0.000301116408082, -0.000141528536915, 0.000140371790621, -0.000317615427775, 0.000300864630844, 0.000320378749166, -0.00032323243795, -0.00018418757827, -1.62998651376e-06, -0.000552073353902], [0.000478519359604, 0.0017755193403, 0.00172357691918, 0.000555158883799, -0.000705087790266, -0.000247856019996, -0.000261557957856, -0.000237483473029, -0.000365678337403, -0.000546710332856, 0.000308512011543, -0.000475651497254, -0.00146531604696], [-0.000103075675725, 0.00172357691918, 0.00605338718742, 0.000554556376301, -0.00257200025953, -0.00131867534947, 0.00163350719959, -0.00171358382795, -0.00177642435301, 0.000845611910336, -0.00170665606856, -0.000129876963911, -0.00110522727482], [0.000301116408082, 0.000555158883799, 0.000554556376301, 0.00659582577646, -0.0025555989705, 0.000193283311091, 0.00180166284554, -0.000168112062966, -0.00237252889201, 0.00224215700291, -0.00126136827748, -0.00181652244646, -0.000544604612514], [-0.000141528536915, -0.000705087790266, -0.00257200025953, -0.0025555989705, 0.00934007111937, -0.00116154877469, -0.00152535829693, 0.00319924694486, 0.00142152491026, -0.00258941459469, 0.00141658040229, -0.00400353875011, 0.00047640336561], [0.000140371790621, -0.000247856019996, -0.00131867534947, 0.000193283311091, -0.00116154877469, 0.0128787811846, -0.00366510660388, 0.000355183350621, -0.00101220747456, -0.00324164424092, -0.00160231883638, -0.000133694571559, -0.00118567061145], [-0.000317615427775, -0.000261557957856, 0.00163350719959, 0.00180166284554, -0.00152535829693, -0.00366510660388, 0.0138968108222, -0.00579392304644, -0.000451251253253, -0.00241304188967, -0.00156940578017, 0.000737805501558, -0.000652817892842], [0.000300864630844, -0.000237483473029, -0.00171358382795, -0.000168112062966, 0.00319924694486, 0.000355183350621, -0.00579392304644, 0.0143623482436, -0.00614278903231, -0.00045465034782, 0.00317708984949, -0.00131728011183, -0.000903875508811], [0.000320378749166, -0.000365678337403, -0.00177642435301, -0.00237252889201, 0.00142152491026, -0.00101220747456, -0.000451251253253, -0.00614278903231, 0.0160236377269, -0.00232132477686, -0.000886339170393, -0.00111748697236, 0.00174111686647], [-0.00032323243795, -0.000546710332856, 0.000845611910336, 0.00224215700291, -0.00258941459469, -0.00324164424092, -0.00241304188967, -0.00045465034782, -0.00232132477686, 0.0177094582468, -0.00584910204634, 0.00485972687602, 0.00060461164685], [-0.00018418757827, 0.000308512011543, -0.00170665606856, -0.00126136827748, 0.00141658040229, -0.00160231883638, -0.00156940578017, 0.00317708984949, -0.000886339170393, -0.00584910204634, 0.0227442681789, -0.0107935415581, 0.00077429797966], [-1.62998651376e-06, -0.000475651497254, -0.000129876963911, -0.00181652244646, -0.00400353875011, -0.000133694571559, 0.000737805501558, -0.00131728011183, -0.00111748697236, 0.00485972687602, -0.0107935415581, 0.0259271729738, -0.00828156154603], [-0.000552073353902, -0.00146531604696, -0.00110522727482, -0.000544604612514, 0.00047640336561, -0.00118567061145, -0.000652817892842, -0.000903875508811, 0.00174111686647, 0.00060461164685, 0.00077429797966, -0.00828156154603, 0.0176377780735]]
    spectral_contrast:
        mean: [1.29137617932e-07, 1.63930096164e-07, -5.56627668402e-08, -2.56334629967e-07, 5.61843080504e-07, 4.74411372409e-08, -2.86769386548e-06, -3.36336529472e-06, -2.20079755309e-06, -3.93806487864e-07, -4.1368393795e-06, 4.35307947555e-06]
        var: [0.000346209155396, 0.000655245501548, 0.00154164049309, 0.00374065269716, 0.00573417684063, 0.00637681921944, 0.0475984811783, 0.0851368159056, 0.113159708679, 0.276441752911, 0.847763121128, 2.79633927345]

rhythm:
    beats_loudness:
        dmean: 0.00215825205669
        dmean2: 0.00366385723464
        dvar: 2.10338794204e-06
        dvar2: 8.32423029351e-06
        max: 0.00972582865506
        mean: 0.00580222252756
        min: 0.0027003295254
        var: 3.56785039912e-06
    beats_loudness_bass:
        dmean: 0.0516200065613
        dmean2: 0.0978256240487
        dvar: 0.00153915595729
        dvar2: 0.00539079820737
        max: 0.174345999956
        mean: 0.0850897580385
        min: 0.0387992970645
        var: 0.00196350459009
    bpm: 131.006546021
    bpm_confidence: 0
    first_peak_bpm: 131
    first_peak_spread: 0
    first_peak_weight: 0.949999988079
    onset_rate: 5.08422851562
    second_peak_bpm: 117
    second_peak_spread: 0
    second_peak_weight: 0.0500000007451
    beats_position: [0.330056220293, 0.789716124535, 1.24937605858, 1.70903587341, 2.16869568825, 2.62835550308, 3.08801555634, 3.54767537117, 4.007335186, 4.46699523926, 4.92665481567, 5.38631486893, 5.84597444534, 6.35971641541, 6.81605863571, 7.27240085602, 7.72874259949, 8.18508529663, 8.6414270401, 9.09776878357, 9.55411148071]
    bpm_estimates: [130.543884277, 130.495071411, 130.627288818, 130.415939331, 130.488754272, 130.825775146, 130.48223877, 130.611618042, 130.320785522, 130.502792358, 131.903945923, 131.498855591, 131.850784302, 132.168487549, 131.299423218, 131.15020752, 131.28692627, 131.814025879, 131.128631592, 130.715301514]
    bpm_intervals: [0.459659904242, 0.459659934044, 0.459659814835, 0.459659814835, 0.459659814835, 0.459660053253, 0.459659814835, 0.459659814835, 0.459660053253, 0.459659576416, 0.459660053253, 0.459659576416, 0.513741970062, 0.456342220306, 0.456342220306, 0.456341743469, 0.456342697144, 0.456341743469, 0.456341743469, 0.456342697144]
    onset_times: [0.0580498874187, 0.232199549675, 0.336689352989, 0.545668959618, 0.719818592072, 0.789478480816, 1.02167797089, 1.24226760864, 1.43963718414, 1.47446715832, 1.70666670799, 1.93886625767, 2.15945577621, 2.3916554451, 2.63546490669, 2.89088439941, 3.09986400604, 3.33206343651, 3.50621318817, 3.56426310539, 3.76163268089, 3.87773251534, 4.051882267, 4.26086187363, 4.48145103455, 4.73687076569, 4.96907043457, 5.1780500412, 5.42185926437, 5.61922883987, 5.65405893326, 5.87464857101, 6.09523820877, 6.29260778427, 6.33904743195, 6.52480745316, 6.65251684189, 6.79183673859, 7.01242637634, 7.25623559952, 7.4884352684, 7.72063493729, 7.94122457504, 8.15020370483, 8.38240337372, 8.53333377838, 8.62621307373, 8.84680271149, 9.05578231812, 9.53179168701, 10.0194101334]
    rubato_start: []
    rubato_stop: []
    perceptual_tempo: "unknown"

sfx:
    inharmonicity:
        dmean: 0.0314275287092
        dmean2: 0.0561572350562
        dvar: 0.00162253098097
        dvar2: 0.00466999458149
        max: 0.240378990769
        mean: 0.0302381981164
        min: 2.89859508484e-05
        var: 0.0014615515247
    oddtoevenharmonicenergyratio:
        dmean: 2.89837217331
        dmean2: 5.38579416275
        dvar: 103.81288147
        dvar2: 295.604614258
        max: 132.279434204
        mean: 1.93309426308
        min: 0.000243621820118
        var: 61.0164604187
    pitch_after_max_to_before_max_energy_ratio: 0.104498371482
    pitch_centroid: 218.984802246
    pitch_max_to_total: 0.976744174957
    pitch_min_to_total: 0.00697674416006
    tristimulus:
        dmean: [0.21866427362, 0.215465396643, 0.0667139291763]
        dmean2: [0.388289749622, 0.375622332096, 0.113499544561]
        dvar: [0.0445309430361, 0.042687844485, 0.00594070274383]
        dvar2: [0.110096625984, 0.103152446449, 0.0167744364589]
        max: [0.97239792347, 0.967509746552, 0.500874638557]
        mean: [0.435020327568, 0.47484639287, 0.0769229456782]
        min: [0.0106321787462, 0, 0]
        var: [0.0635265856981, 0.066569507122, 0.00707435980439]

tonal:
    chords_changes_rate: 0.037037037313
    chords_number_rate: 0.0185185186565
    chords_strength:
        dmean: 0.0086728464812
        dmean2: 0.00741904461756
        dvar: 5.22084410477e-05
        dvar2: 4.68330326839e-05
        max: 0.658533573151
        mean: 0.516950488091
        min: 0.36225771904
        var: 0.00561317475513
    key_strength: 0.750306546688
    tuning_diatonic_strength: 0.590489506721
    tuning_equal_tempered_deviation: 0.0237352978438
    tuning_frequency: 440
    tuning_nontempered_energy_ratio: 0.629015088081
    hpcp:
        dmean: [0.100789681077, 0.0686967298388, 0.0645305067301, 0.0724860802293, 0.0629859566689, 0.0513063706458, 0.0493495985866, 0.0623724721372, 0.14301212132, 0.142259895802, 0.0812822803855, 0.0466346256435, 0.0597328469157, 0.0574888549745, 0.0601241923869, 0.0676472485065, 0.0529885813594, 0.0464200228453, 0.0311449207366, 0.0407842695713, 0.0781310945749, 0.0904338359833, 0.123666211963, 0.135958999395, 0.133738785982, 0.125361636281, 0.0998981446028, 0.0698364451528, 0.0582721196115, 0.126581430435, 0.103868760169, 0.0966566056013, 0.0520323291421, 0.0374756939709, 0.0536261312664, 0.0933631956577]
        dmean2: [0.178556457162, 0.123512148857, 0.11194729805, 0.122242555022, 0.10368283838, 0.0808983668685, 0.0806786194444, 0.11126114428, 0.240588113666, 0.227073475718, 0.129626244307, 0.0825841575861, 0.106916435063, 0.10171417892, 0.095531091094, 0.115712843835, 0.0895522087812, 0.0850037783384, 0.0545238479972, 0.0758045241237, 0.131017103791, 0.151593521237, 0.222208961844, 0.236921936274, 0.229941293597, 0.210991472006, 0.176768362522, 0.124930329621, 0.106089323759, 0.216678455472, 0.180388942361, 0.157378211617, 0.0892156139016, 0.0630905628204, 0.0948276221752, 0.164343863726]
        dvar: [0.0334277786314, 0.0146461110562, 0.0116914659739, 0.0225771330297, 0.0152515796944, 0.0160933490843, 0.0113575477153, 0.00951083190739, 0.0366635136306, 0.0295727867633, 0.00974117219448, 0.0155000276864, 0.0267433226109, 0.0208967402577, 0.0170307718217, 0.0208068117499, 0.0106776552275, 0.0107926335186, 0.0051256949082, 0.0118033792824, 0.021497644484, 0.0245438162237, 0.0413421541452, 0.0442349016666, 0.0533632449806, 0.043686080724, 0.0399175286293, 0.0173419080675, 0.0102095585316, 0.0294825006276, 0.031330011785, 0.0175192393363, 0.0087001118809, 0.0071229711175, 0.0152228744701, 0.028575444594]
        dvar2: [0.0855623707175, 0.0407012254, 0.0284245256335, 0.0507358126342, 0.0332113616168, 0.0353723801672, 0.0261407215148, 0.0262520071119, 0.116232641041, 0.0767138078809, 0.027779398486, 0.0433141812682, 0.0738595724106, 0.0565906278789, 0.0385530740023, 0.0479435510933, 0.0241724438965, 0.029811155051, 0.0141681255773, 0.0330926179886, 0.0549959503114, 0.0567255206406, 0.104552298784, 0.114049687982, 0.140357792377, 0.114724986255, 0.09458373487, 0.0459418147802, 0.0288075748831, 0.0829373151064, 0.0718341395259, 0.04021178931, 0.0220911689103, 0.0181852672249, 0.0409038029611, 0.0776294469833]
        max: [1, 0.671158432961, 0.949867188931, 1, 1, 1, 1, 0.61376529932, 1, 1, 1, 1, 1, 1, 1, 1, 1, 0.680484414101, 0.443213194609, 1, 1, 1, 1, 1, 1, 1, 1, 0.896133005619, 0.687470436096, 1, 1, 1, 0.789462149143, 0.700358331203, 1, 0.975276470184]
        mean: [0.131100207567, 0.086178638041, 0.100873038173, 0.138010904193, 0.0892724320292, 0.0603350326419, 0.0603353045881, 0.0592933893204, 0.217563644052, 0.309883803129, 0.141687631607, 0.0353152342141, 0.0416033789515, 0.045971006155, 0.079050950706, 0.100219406188, 0.0686447545886, 0.0399316251278, 0.0259842704982, 0.0317867808044, 0.0970155224204, 0.153313726187, 0.127815082669, 0.186161935329, 0.245887100697, 0.153852641582, 0.0819405913353, 0.0520640276372, 0.0501762889326, 0.351780384779, 0.584805727005, 0.298467814922, 0.050445292145, 0.0348859541118, 0.0422160476446, 0.0989649221301]
        min: [0.000276007427601, 0.000216092710616, 0.000293948658509, 0.000350031914422, 0.000285176502075, 0.000374117778847, 0.000285980670014, 7.03106270521e-05, 0.00136519025546, 0.00309419468977, 0.00222673476674, 0.000193373096408, 8.85424233275e-05, 0.000294007099001, 0.000325312226778, 0.000549150048755, 0.000366565625882, 0.000130364947836, 8.08079857961e-05, 0.000185769735253, 0.000347905850504, 0.000530139834154, 0.000343137420714, 0.000484551419504, 0.00051572045777, 0.000288145442028, 9.13165640668e-05, 0.000129681327962, 0.000244392373133, 0.000513876613695, 0.00246822251938, 0.00288722338155, 0.000313194555929, 0.00029746137443, 0.000253020494711, 0.000403348967666]
        var: [0.0472849905491, 0.0162310320884, 0.0286138989031, 0.0689273998141, 0.0268601812422, 0.0228960029781, 0.0198776815087, 0.00845622643828, 0.0521687120199, 0.0914220437407, 0.0244529042393, 0.00950960349292, 0.0161682739854, 0.0139639750123, 0.0262069255114, 0.0407476164401, 0.0204624366015, 0.00792784895748, 0.00342892762274, 0.00763104297221, 0.0247809905559, 0.0575657747686, 0.0451749265194, 0.0756730735302, 0.131525114179, 0.058190766722, 0.0358019545674, 0.0131807690486, 0.00710139842704, 0.0782818496227, 0.186697736382, 0.0551850758493, 0.00787089020014, 0.00526694115251, 0.0102382525802, 0.0268638711423]
    chords_histogram: [68.9814834595, 0, 0, 0, 0, 0, 0, 0, 0, 0, 0, 0, 0, 0, 0, 0, 0, 0, 0, 2.77777767181, 14.3518514633, 0, 13.8888893127, 0]
    thpcp: [1, 0.510370910168, 0.0862599164248, 0.0596539191902, 0.072188153863, 0.169227004051, 0.224177360535, 0.147362843156, 0.172489821911, 0.235994443297, 0.15265314281, 0.1031710729, 0.103171534836, 0.101389892399, 0.372027218342, 0.529891848564, 0.242281541228, 0.0603879764676, 0.0711405128241, 0.0786090195179, 0.135174721479, 0.171372130513, 0.117380440235, 0.0682818666101, 0.0444323122501, 0.054354429245, 0.16589358449, 0.262161821127, 0.218559905887, 0.318331241608, 0.420459449291, 0.263083338737, 0.140115916729, 0.0890279039741, 0.0857999250293, 0.601533770561]
    chords_key: "C"
    chords_scale: "major"
    key_key: "C"
    key_scale: "major"
    chords_progression: ["C", "C", "C", "C", "C", "C", "C", "C", "C", "C", "C", "C", "C", "C", "C", "C", "C", "C", "C", "C", "C", "C", "C", "C", "C", "C", "C", "C", "C", "C", "C", "C", "C", "C", "C", "C", "C", "C", "C", "C", "C", "C", "C", "C", "C", "C", "C", "C", "C", "C", "C", "C", "C", "C", "C", "C", "C", "Gm", "C", "Gm", "Gm", "Gm", "Gm", "Gm", "A#", "A#", "A#", "A#", "A#", "A#", "A#", "A#", "A#", "A#", "A#", "A#", "A#", "A#", "A#", "A#", "A#", "A#", "A#", "A#", "A#", "A#", "A#", "A#", "A#", "A#", "A#", "A#", "A#", "A#", "A#", "C", "C", "C", "C", "C", "F", "F", "F", "C", "C", "C", "C", "C", "C", "C", "C", "C", "C", "C", "C", "C", "C", "C", "C", "C", "C", "C", "C", "C", "C", "C", "C", "C", "C", "C", "C", "C", "C", "C", "C", "C", "C", "C", "C", "C", "C", "C", "C", "C", "C", "C", "C", "C", "C", "C", "C", "C", "C", "C", "C", "C", "C", "C", "C", "C", "C", "C", "C", "C", "C", "C", "C", "C", "C", "C", "C", "C", "C", "C", "C", "C", "C", "C", "C", "C", "C", "C", "C", "C", "C", "C", "C", "C", "C", "F", "F", "F", "F", "F", "F", "F", "F", "F", "F", "F", "F", "F", "F", "F", "F", "F", "F", "F", "F", "F", "F", "F", "F", "F", "F", "F"]
