
metadata:
    version:
        essentia: "1.2.2"
    audio_properties:
        analysis_sample_rate: 44100
        bitrate: 128
        channels: 2
        equal_loudness: 1
        length: 10.0310201645
        replay_gain: -10.4746627808
        downmix: "mix"
    tags:
        track: 9
        year: 0
        album: "Splitted by Mp3Splt v. 2.1"
        artist: "From 001.20 To 001.30"
        comment: "http://mp3splt.sf.net"
        genre: ""
        title: "05 Sunday Bloody Sunday.mp3"

highlevel:
    ballroom:
        all:
            ChaChaCha: 0.107622332871
            Jive: 0.630119383335
            Quickstep: 0.0680696815252
            Rumba-American: 0.00210040831007
            Rumba-International: 0.00391243444756
            Rumba-Misc: 0.00333588453941
            Samba: 0.115929782391
            Tango: 0.00606866832823
            VienneseWaltz: 0.0551670379937
            Waltz: 0.00767437461764
        probability: 0.630119383335
        value: "Jive"
    culture:
        all:
            non_western: 0.0133839463815
            western: 0.986616075039
        probability: 0.986616075039
        value: "western"
    gender:
        all:
            female: 0.389413833618
            male: 0.610586166382
        probability: 0.610586166382
        value: "male"
    genre_dortmund:
        all:
            alternative: 0.0911694020033
            blues: 0.0120090451092
            electronic: 0.0506573468447
            folkcountry: 0.0599506683648
            funksoulrnb: 0.0113573521376
            jazz: 0.0467806570232
            pop: 0.0798886567354
            raphiphop: 0.00159972452093
            rock: 0.646587133408
        probability: 0.646587133408
        value: "rock"
    genre_electronica:
        all:
            ambient: 0.150650426745
            dnb: 0.349302083254
            house: 0.00533179054037
            techno: 0.00697806477547
            trance: 0.48773765564
        probability: 0.48773765564
        value: "trance"
    genre_rosamerica:
        all:
            cla: 0.0212972797453
            dan: 0.0081714335829
            hip: 0.00527495052665
            jaz: 0.0126613136381
            pop: 0.0298766456544
            rhy: 0.0062519479543
            roc: 0.914861142635
            spe: 0.00160529883578
        probability: 0.914861142635
        value: "roc"
    genre_tzanetakis:
        all:
            blu: 0.0111462008208
            cla: 0.0185530334711
            cou: 0.205123573542
            dis: 0.052636705339
            hip: 0.0109886936843
            jaz: 0.125072389841
            met: 0.111932992935
            pop: 0.0489555038512
            reg: 0.0067735905759
            roc: 0.408817321062
        probability: 0.408817321062
        value: "roc"
    live_studio:
        all:
            live: 0.361522734165
            studio: 0.638477265835
        probability: 0.638477265835
        value: "studio"
    mood:
        all:
            Cluster1: 0.463061720133
            Cluster2: 0.155143529177
            Cluster3: 0.0203295703977
            Cluster4: 0.0923557206988
            Cluster5: 0.269109457731
        probability: 0.463061720133
        value: "Cluster1"
    mood_acoustic:
        all:
            acoustic: 0.022953690961
            not_acoustic: 0.977046310902
        probability: 0.977046310902
        value: "not_acoustic"
    mood_aggressive:
        all:
            aggressive: 0.705102980137
            not_aggressive: 0.294897049665
        probability: 0.705102980137
        value: "aggressive"
    mood_electronic:
        all:
            electronic: 0.183006480336
            not_electronic: 0.816993534565
        probability: 0.816993534565
        value: "not_electronic"
    mood_happy:
        all:
            happy: 0.684957027435
            not_happy: 0.315042972565
        probability: 0.684957027435
        value: "happy"
    mood_party:
        all:
            not_party: 0.253470689058
            party: 0.746529340744
        probability: 0.746529340744
        value: "party"
    mood_relaxed:
        all:
            not_relaxed: 0.881160914898
            relaxed: 0.118839092553
        probability: 0.881160914898
        value: "not_relaxed"
    mood_sad:
        all:
            not_sad: 0.948363006115
            sad: 0.0516369827092
        probability: 0.948363006115
        value: "not_sad"
    rhythm:
        all:
            fast: 0.506686747074
            medium: 0.457853466272
            slow: 0.0354598015547
        probability: 0.506686747074
        value: "fast"
    speech_music:
        all:
            music: 0.998924791813
            speech: 0.00107520795427
        probability: 0.998924791813
        value: "music"
    timbre:
        all:
            bright: 0.44703540206
            dark: 0.552964568138
        probability: 0.552964568138
        value: "dark"
    voice_instrumental:
        all:
            instrumental: 0.292326509953
            voice: 0.707673490047
        probability: 0.707673490047
        value: "voice"

lowlevel:
    average_loudness: 0.963861644268
    barkbands_kurtosis:
        dmean: 0.450622230768
        dmean2: 0.706852912903
        dvar: 0.239517480135
        dvar2: 0.59173899889
        max: 2.97585964203
        mean: -0.946838855743
        min: -1.84831523895
        var: 0.449740350246
    barkbands_skewness:
        dmean: 0.364791750908
        dmean2: 0.572402715683
        dvar: 0.106621839106
        dvar2: 0.268255531788
        max: 1.2063382864
        mean: -0.30153849721
        min: -1.79061114788
        var: 0.325682729483
    barkbands_spread:
        dmean: 4.30549383163
        dmean2: 6.56784391403
        dvar: 18.4132881165
        dvar2: 42.1536445618
        max: 54.0213890076
        mean: 30.2534313202
        min: 11.2492456436
        var: 61.3669090271
    dissonance:
        dmean: 0.0125181507319
        dmean2: 0.0208687894046
        dvar: 0.000134819973027
        dvar2: 0.000333321746439
        max: 0.498682558537
        mean: 0.471329987049
        min: 0.403665333986
        var: 0.000419536489062
    hfc:
        dmean: 2.00045585632
        dmean2: 2.86322617531
        dvar: 4.50764369965
        dvar2: 8.21591186523
        max: 32.0106124878
        mean: 9.39591217041
        min: 1.89646291733
        var: 21.2643890381
    pitch:
        dmean: 753.135253906
        dmean2: 1461.61547852
        dvar: 1535078.75
        dvar2: 3951242.25
        max: 4009.09082031
        mean: 1077.42858887
        min: 92.0668029785
        var: 1960968.875
    pitch_instantaneous_confidence:
        dmean: 0.0785854458809
        dmean2: 0.127044528723
        dvar: 0.00499426200986
        dvar2: 0.0119649684057
        max: 0.780637979507
        mean: 0.414569884539
        min: 0.183699607849
        var: 0.0157157368958
    pitch_salience:
        dmean: 0.0506419017911
        dmean2: 0.0821035057306
        dvar: 0.00184790487401
        dvar2: 0.00433642230928
        max: 0.797396242619
        mean: 0.610600411892
        min: 0.333143174648
        var: 0.00866932701319
    silence_rate_20dB:
        dmean: 0
        dmean2: 0
        dvar: 0
        dvar2: 0
        max: 1
        mean: 1
        min: 1
        var: 0
    silence_rate_30dB:
        dmean: 0
        dmean2: 0
        dvar: 0
        dvar2: 0
        max: 1
        mean: 1
        min: 1
        var: 0
    silence_rate_60dB:
        dmean: 0.0928074270487
        dmean2: 0.186046510935
        dvar: 0.0841944590211
        dvar2: 0.170038640499
        max: 1
        mean: 0.32175925374
        min: 0
        var: 0.2182315588
    spectral_centroid:
        dmean: 256.52557373
        dmean2: 398.500671387
        dvar: 62428.0703125
        dvar2: 152714.0625
        max: 3075.17602539
        mean: 2046.49853516
        min: 952.046813965
        var: 162267.515625
    spectral_complexity:
        dmean: 3.46620035172
        dmean2: 5.33177566528
        dvar: 9.95513725281
        dvar2: 20.2730693817
        max: 41
        mean: 16.7093029022
        min: 1
        var: 39.2201461792
    spectral_crest:
        dmean: 1.72950935364
        dmean2: 2.78619837761
        dvar: 2.76370120049
        dvar2: 6.19743204117
        max: 18.3107967377
        mean: 6.93659496307
        min: 2.93259859085
        var: 8.87253284454
    spectral_decrease:
        dmean: 2.74535949529e-10
        dmean2: 4.22328783056e-10
        dvar: 1.57615892376e-19
        dvar2: 4.06204901726e-19
        max: -1.61577834445e-10
        mean: -1.05102682113e-09
        min: -4.32880886692e-09
        var: 3.58737633413e-19
    spectral_energy:
        dmean: 0.00118061236572
        dmean2: 0.00180173688568
        dvar: 2.67373479801e-06
        dvar2: 6.65097286401e-06
        max: 0.0191683024168
        mean: 0.00481905043125
        min: 0.00078184553422
        var: 6.90899878464e-06
    spectral_energyband_high:
        dmean: 0.000145757658174
        dmean2: 0.000220769215957
        dvar: 3.61904675117e-08
        dvar2: 7.36309928584e-08
        max: 0.0018133786507
        mean: 0.000444882869488
        min: 6.91747118253e-05
        var: 9.00009879956e-08
    spectral_energyband_low:
        dmean: 7.8122211562e-05
        dmean2: 0.000134254354634
        dvar: 4.14540934912e-08
        dvar2: 1.1238854114e-07
        max: 0.00150294078048
        mean: 9.52747868723e-05
        min: 2.08280738434e-07
        var: 3.01689020432e-08
    spectral_energyband_middle_high:
        dmean: 0.000593265402131
        dmean2: 0.000813991937321
        dvar: 3.69712324755e-07
        dvar2: 6.64748768031e-07
        max: 0.00964141916484
        mean: 0.00275481631979
        min: 0.000465178745799
        var: 2.9799789445e-06
    spectral_energyband_middle_low:
        dmean: 0.000719864794519
        dmean2: 0.00118890427984
        dvar: 1.49001220962e-06
        dvar2: 4.06007029596e-06
        max: 0.0118962405249
        mean: 0.00152407935821
        min: 0.000124463389511
        var: 2.2073738819e-06
    spectral_flatness_db:
        dmean: 0.0121119087562
        dmean2: 0.0184234790504
        dvar: 0.000104271544842
        dvar2: 0.000237710351939
        max: 0.248968049884
        mean: 0.140867397189
        min: 0.0730051696301
        var: 0.0006469617947
    spectral_flux:
        dmean: 0.00748297339305
        dmean2: 0.0109953442588
        dvar: 7.55066939746e-05
        dvar2: 0.00014129797637
        max: 0.103542529047
        mean: 0.0389390029013
        min: 0.0150350024924
        var: 0.000180650604307
    spectral_kurtosis:
        dmean: 0.635500371456
        dmean2: 1.05695343018
        dvar: 0.45674341917
        dvar2: 1.16646182537
        max: 9.92274665833
        mean: 2.94826459885
        min: 1.07476854324
        var: 0.934298157692
    spectral_rms:
        dmean: 0.000250220386079
        dmean2: 0.000370523397578
        dvar: 8.15603016235e-08
        dvar2: 1.87232146232e-07
        max: 0.0043244403787
        mean: 0.00209276727401
        min: 0.000873370561749
        var: 3.21838484751e-07
    spectral_rolloff:
        dmean: 224.668121338
        dmean2: 359.4737854
        dvar: 51377.9570312
        dvar2: 126901.65625
        max: 4844.97070312
        mean: 3628.79370117
        min: 2433.25195312
        var: 154833.4375
    spectral_skewness:
        dmean: 0.10687610507
        dmean2: 0.166353657842
        dvar: 0.0111692491919
        dvar2: 0.0232731290162
        max: 2.61564230919
        mean: 1.23478674889
        min: 0.643049776554
        var: 0.0380415394902
    spectral_spread:
        dmean: 312131.625
        dmean2: 443286.875
        dvar: 108242903040
        dvar2: 177818976256
        max: 9471991
        mean: 4670895
        min: 3223551.75
        var: 362837114880
    spectral_strongpeak:
        dmean: 0.625681638718
        dmean2: 1.0565725565
        dvar: 0.645911574364
        dvar2: 1.62414467335
        max: 6.00044679642
        mean: 1.14124155045
        min: 0.0222174506634
        var: 0.980452597141
    zerocrossingrate:
        dmean: 0.00749380839989
        dmean2: 0.00956369563937
        dvar: 4.86525204906e-05
        dvar2: 6.9709487434e-05
        max: 0.16015625
        mean: 0.111848197877
        min: 0.060546875
        var: 0.000288800161798
    barkbands:
        dmean: [1.10692077726e-07, 2.57939354924e-05, 6.05696332059e-05, 0.000181543990038, 0.0002411641035, 0.000110793487693, 0.000123920937767, 6.36866025161e-05, 0.000241571338847, 0.000140223070048, 6.03391126788e-05, 3.51870112354e-05, 5.82659122301e-05, 8.27072362881e-05, 7.21438918845e-05, 0.000109925247671, 0.000117114344903, 0.000227217402426, 0.000208914338145, 0.000162017749972, 6.96957868058e-05, 2.72046981991e-05, 4.83838539367e-06, 1.70014743617e-06, 6.79048014263e-07, 2.09398134388e-08, 4.90193607927e-10]
        dmean2: [1.85881759762e-07, 4.32923698099e-05, 0.000107143197965, 0.000325511588017, 0.000425197475124, 0.00017758049944, 0.000209071702557, 0.000102106765553, 0.000378520751838, 0.00017945568834, 9.09271839191e-05, 5.53241698071e-05, 9.03391264728e-05, 0.000134962450829, 0.000115110102342, 0.000186924895388, 0.000190748061868, 0.000362248596502, 0.00033828461892, 0.000244268187089, 0.000109026601422, 4.07620136684e-05, 7.06068067302e-06, 2.45199680649e-06, 9.00129862202e-07, 2.90590449481e-08, 6.69929112185e-10]
        dvar: [3.73898198373e-14, 3.74067354869e-09, 2.64082977708e-08, 2.01037934744e-07, 4.13242418063e-07, 3.63881333953e-08, 9.90308848259e-08, 1.10538254106e-08, 1.96839224031e-07, 9.33426491656e-08, 2.69753694937e-08, 4.00173849613e-09, 1.41990872393e-08, 1.21995933355e-08, 1.44903262722e-08, 2.0586185201e-08, 2.17466666896e-08, 9.24929395296e-08, 5.96661777763e-08, 4.59858497948e-08, 8.83957262943e-09, 1.21578269674e-09, 3.07107984876e-11, 5.45589788625e-12, 6.76500251217e-13, 5.58428546274e-16, 2.90216582612e-17]
        dvar2: [9.20792373013e-14, 9.66623403542e-09, 7.47176400751e-08, 5.66989456274e-07, 1.17529157251e-06, 7.96272630055e-08, 2.32161312397e-07, 2.62525876593e-08, 4.75122561738e-07, 1.24712769889e-07, 5.02990999962e-08, 9.55538759229e-09, 2.91212511883e-08, 3.26825748687e-08, 3.35762244674e-08, 5.403819614e-08, 5.32210897575e-08, 2.22915048198e-07, 1.47192935174e-07, 9.29136874106e-08, 1.80300485653e-08, 2.61281973835e-09, 6.26517795976e-11, 1.0403672715e-11, 1.103870142e-12, 1.10744645062e-15, 2.93521268421e-17]
        max: [1.25443511934e-06, 0.000527692725882, 0.00118713604752, 0.00417796568945, 0.00628500198945, 0.0020706942305, 0.00411486206576, 0.00113763636909, 0.00733270682395, 0.0051074125804, 0.00306286313571, 0.000737702008337, 0.00115942431148, 0.000931712449528, 0.00135972246062, 0.00175424397457, 0.00217100512236, 0.0033315741457, 0.00295604788698, 0.00388263887726, 0.000877287704498, 0.000411191402236, 5.59788240935e-05, 3.29489630531e-05, 9.40414975048e-06, 2.4762161388e-07, 1.11987503715e-07]
        mean: [1.09484247446e-07, 2.81999473373e-05, 6.69677610858e-05, 0.000204095689696, 0.000327733374434, 0.000157193877385, 0.000196724766283, 0.000116613853606, 0.000513425853569, 0.000385395804187, 0.000127433231683, 6.25514949206e-05, 8.4241903096e-05, 0.000163563498063, 0.000135275404318, 0.000271817261819, 0.000234239530982, 0.000517964828759, 0.000545875751413, 0.000402581586968, 0.000190881983144, 6.72599999234e-05, 1.26296472445e-05, 4.4941248234e-06, 1.72912928065e-06, 5.60592035015e-08, 5.59307600234e-10]
        min: [3.34413663428e-10, 7.48087174429e-08, 4.20778754062e-08, 1.49417402895e-07, 1.66798736245e-06, 2.31094008996e-06, 6.01317537985e-07, 3.43009514836e-06, 4.88894102091e-06, 2.92202139462e-06, 7.68098402659e-07, 4.448960226e-06, 1.72401917098e-06, 4.61157969767e-06, 2.59374655798e-06, 2.20403635467e-05, 1.88424837688e-05, 4.11746805185e-05, 6.3674080593e-05, 3.46925116901e-05, 1.88307421922e-05, 7.29624980522e-06, 2.07583207157e-06, 5.39453139936e-07, 2.20106130655e-07, 2.90835378003e-09, 3.06349672193e-12]
        var: [3.79575927981e-14, 2.97256441684e-09, 1.76436358856e-08, 1.40444171848e-07, 2.8943506436e-07, 5.23794660978e-08, 1.92726702153e-07, 1.91427567131e-08, 9.61200271377e-07, 6.80745074533e-07, 1.28745384131e-07, 5.95772853274e-09, 2.37165949102e-08, 2.46017179961e-08, 3.04060883138e-08, 5.33743325093e-08, 5.26894723407e-08, 2.42986033072e-07, 1.06594647775e-07, 1.35869214546e-07, 1.89371647252e-08, 3.08826697548e-09, 8.25776183544e-11, 1.43291697952e-11, 1.92331567339e-12, 1.35153593503e-15, 2.90327027767e-17]
    mfcc:
        mean: [-688.711120605, 83.1935043335, -55.0948486328, 49.6903419495, -21.4995040894, -11.2567090988, -7.75835371017, -2.94703745842, -0.863262176514, -2.64633822441, -5.00698852539, -10.78120327, -9.84119606018]
        cov: [[623.48034668, 44.0666427612, 41.1952896118, 23.7136192322, 0.494132369757, 49.5105743408, -15.9119205475, 15.2082357407, 11.8857622147, 4.78905630112, -4.92878961563, -60.7368431091, -107.485916138], [44.0666427612, 223.749938965, 75.8653411865, 64.1680297852, 21.394908905, 35.9773902893, 49.9237747192, 19.010433197, -4.69350004196, -5.37651157379, 9.22500705719, -4.50302886963, -3.87745332718], [41.1952896118, 75.8653411865, 293.835876465, 165.502670288, 82.2021942139, 51.3858795166, 49.7139511108, -33.9321250916, -42.1370391846, -13.3875846863, 4.40609741211, 54.7872238159, 70.9352035522], [23.7136192322, 64.1680297852, 165.502670288, 179.855712891, 86.3524246216, 55.8834953308, 34.6009559631, -34.0945205688, -42.9002113342, -14.1414318085, 0.0860829502344, 46.9082450867, 61.661441803], [0.494132369757, 21.394908905, 82.2021942139, 86.3524246216, 136.195480347, 46.5401077271, 5.45695066452, -23.259475708, -22.9995498657, 2.73751044273, -8.26340198517, 17.5334911346, 21.2805805206], [49.5105743408, 35.9773902893, 51.3858795166, 55.8834953308, 46.5401077271, 112.893135071, 47.1198234558, 7.72590065002, 0.210029691458, -13.8271121979, 0.350654065609, -2.31939148903, -2.76937270164], [-15.9119205475, 49.9237747192, 49.7139511108, 34.6009559631, 5.45695066452, 47.1198234558, 98.1338195801, 30.5630264282, -6.75784158707, -5.5087184906, 13.394985199, 24.1677646637, 24.7363624573], [15.2082357407, 19.010433197, -33.9321250916, -34.0945205688, -23.259475708, 7.72590065002, 30.5630264282, 87.5378570557, 49.302570343, 17.3604717255, 8.83324146271, -26.9060993195, -30.5116214752], [11.8857622147, -4.69350004196, -42.1370391846, -42.9002113342, -22.9995498657, 0.210029691458, -6.75784158707, 49.302570343, 101.260009766, 45.6049766541, 0.0559358298779, -43.022354126, -47.1602478027], [4.78905630112, -5.37651157379, -13.3875846863, -14.1414318085, 2.73751044273, -13.8271121979, -5.5087184906, 17.3604717255, 45.6049766541, 83.366394043, 16.9261550903, -8.53207015991, -18.7484512329], [-4.92878961563, 9.22500705719, 4.40609741211, 0.0860829502344, -8.26340198517, 0.350654065609, 13.394985199, 8.83324146271, 0.0559358298779, 16.9261550903, 55.443572998, 32.0458374023, 13.017999649], [-60.7368431091, -4.50302886963, 54.7872238159, 46.9082450867, 17.5334911346, -2.31939148903, 24.1677646637, -26.9060993195, -43.022354126, -8.53207015991, 32.0458374023, 100.273956299, 83.6316375732], [-107.485916138, -3.87745332718, 70.9352035522, 61.661441803, 21.2805805206, -2.76937270164, 24.7363624573, -30.5116214752, -47.1602478027, -18.7484512329, 13.017999649, 83.6316375732, 122.823326111]]
        icov: [[0.00222318596207, -6.50001093163e-05, -0.000684860278852, -0.000669429311529, 0.000843128771521, -0.00105746125337, 0.0011076083174, -0.000625910295639, 0.000959599448834, -0.000292603304842, -4.45342084276e-05, -0.000514642568305, 0.00280557898805], [-6.50001093163e-05, 0.00596496462822, -0.00059402291663, -0.00220536906272, 9.15064010769e-05, 0.000693943933584, -0.00251021794975, -0.000715569884051, 0.000296633836115, 0.000626903085504, -0.00173673429526, 0.00188085937407, 0.00102222303394], [-0.000684860278852, -0.00059402291663, 0.00770616903901, -0.00561674591154, -0.000933852395974, 0.000993588240817, -0.00228497595526, 0.00154014886357, -0.00108061044011, 0.000274096906651, -0.000170186991454, 0.000127548948512, -0.00166380277369], [-0.000669429311529, -0.00220536906272, -0.00561674591154, 0.0169216226786, -0.0044904644601, -0.00346392439678, 0.000371213449398, 0.00169592350721, 0.00102610443719, -0.000768580415752, 0.00147803802975, -0.000983314705081, -0.00407077092677], [0.000843128771521, 9.15064010769e-05, -0.000933852395974, -0.0044904644601, 0.0129104377702, -0.00505493441597, 0.00373268453404, -0.00093496683985, 0.00299532781355, -0.00387776806019, 0.00322150555439, -0.00189951446373, 0.00170969159808], [-0.00105746125337, 0.000693943933584, 0.000993588240817, -0.00346392439678, -0.00505493441597, 0.0167862698436, -0.00905461143702, 0.00250130961649, -0.0042701009661, 0.00505570089445, -0.00294290226884, 0.0029913734179, 0.00136814452708], [0.0011076083174, -0.00251021794975, -0.00228497595526, 0.000371213449398, 0.00373268453404, -0.00905461143702, 0.0215269774199, -0.0103833638132, 0.00469954730943, -0.00220404053107, 0.00157994171605, -0.00503385486081, -0.0010142668616], [-0.000625910295639, -0.000715569884051, 0.00154014886357, 0.00169592350721, -0.00093496683985, 0.00250130961649, -0.0103833638132, 0.0229956097901, -0.00996739789844, 0.00226013688371, -0.00459254672751, 0.0045518358238, -0.000383916456485], [0.000959599448834, 0.000296633836115, -0.00108061044011, 0.00102610443719, 0.00299532781355, -0.0042701009661, 0.00469954730943, -0.00996739789844, 0.0223228055984, -0.0104257343337, 0.00217372248881, 0.00280122458935, 0.00176229607314], [-0.000292603304842, 0.000626903085504, 0.000274096906651, -0.000768580415752, -0.00387776806019, 0.00505570089445, -0.00220404053107, 0.00226013688371, -0.0104257343337, 0.0198056846857, -0.00718139437959, 0.000454231834738, 0.00125445507001], [-4.45342084276e-05, -0.00173673429526, -0.000170186991454, 0.00147803802975, 0.00322150555439, -0.00294290226884, 0.00157994171605, -0.00459254672751, 0.00217372248881, -0.00718139437959, 0.0294761620462, -0.0158982891589, 0.00461844168603], [-0.000514642568305, 0.00188085937407, 0.000127548948512, -0.000983314705081, -0.00189951446373, 0.0029913734179, -0.00503385486081, 0.0045518358238, 0.00280122458935, 0.000454231834738, -0.0158982891589, 0.0342262834311, -0.0179049242288], [0.00280557898805, 0.00102222303394, -0.00166380277369, -0.00407077092677, 0.00170969159808, 0.00136814452708, -0.0010142668616, -0.000383916456485, 0.00176229607314, 0.00125445507001, 0.00461844168603, -0.0179049242288, 0.0260476693511]]
    spectral_contrast:
        mean: [3.22280939713e-08, 1.984236917e-07, 1.48582770976e-07, 1.29154955175e-07, -1.81924121989e-07, -6.39017230242e-08, 9.61956629908e-07, -3.12231321686e-07, -3.06062929667e-06, 2.64852542387e-06, -3.45803960045e-06, -6.26056703368e-07]
        var: [0.000337273493642, 0.000493227504194, 0.00150751497131, 0.00288902316242, 0.00449872622266, 0.00648441072553, 0.0272201318294, 0.0581951364875, 0.0902032926679, 0.109811350703, 0.282755643129, 0.57269090414]

rhythm:
    beats_loudness:
        dmean: 0.00290463422425
        dmean2: 0.00552246905863
        dvar: 4.25671396442e-06
        dvar2: 9.61246951192e-06
        max: 0.0131975961849
        mean: 0.00644496688619
        min: 0.00233922130428
        var: 5.64013316762e-06
    beats_loudness_bass:
        dmean: 0.0613014772534
        dmean2: 0.11033295095
        dvar: 0.00229303329252
        dvar2: 0.00767517043278
        max: 0.214811533689
        mean: 0.0702048540115
        min: 0.00880512222648
        var: 0.0025361541193
    bpm: 109.443222046
    bpm_confidence: 0
    first_peak_bpm: 110
    first_peak_spread: 0.0588235855103
    first_peak_weight: 0.941176533699
    onset_rate: 2.8910317421
    second_peak_bpm: 0
    second_peak_spread: 0
    second_peak_weight: 0
    beats_position: [0.349942833185, 0.896546900272, 1.44315087795, 1.98975491524, 2.53635907173, 3.08296298981, 3.62956690788, 4.17617082596, 4.72277498245, 5.26937866211, 5.8159828186, 6.35379886627, 6.90508985519, 7.45638179779, 8.00767230988, 8.55896472931, 9.11025524139, 9.66154766083]
    bpm_estimates: [110.014572144, 109.782333374, 109.987136841, 109.843658447, 107.919311523, 109.965171814, 110.996536255, 109.70665741, 109.507667542, 109.657150269, 110.123687744, 108.954040527, 108.940620422, 107.767456055, 108.71824646, 108.889160156, 109.761421204]
    bpm_intervals: [0.546604037285, 0.54660397768, 0.546604037285, 0.546604156494, 0.546603918076, 0.546603918076, 0.546603918076, 0.546604156494, 0.546603679657, 0.546604156494, 0.537816047668, 0.551290988922, 0.551291942596, 0.551290512085, 0.551292419434, 0.551290512085, 0.551292419434]
    onset_times: [0.0580498874187, 0.31346938014, 0.487619042397, 0.870748281479, 1.17260766029, 1.4164172411, 1.86920630932, 1.97369611263, 2.17106580734, 2.51936507225, 2.80961441994, 3.06503391266, 3.47138333321, 3.63392281532, 3.95900225639, 4.1679816246, 4.33052158356, 4.72526073456, 5.01551008224, 5.1780500412, 5.79337882996, 6.09523820877, 6.64090681076, 6.91954660416, 7.26784563065, 7.74385499954, 7.99927425385, 9.12544250488, 9.682721138]
    rubato_start: []
    rubato_stop: []
    perceptual_tempo: "unknown"

sfx:
    inharmonicity:
        dmean: 0.0650805458426
        dmean2: 0.113064058125
        dvar: 0.00465866876766
        dvar2: 0.0125333433971
        max: 0.405860453844
        mean: 0.0764113813639
        min: 0
        var: 0.00548216793686
    oddtoevenharmonicenergyratio:
        dmean: 4.69004869461
        dmean2: 8.60715961456
        dvar: 144.120773315
        dvar2: 423.026733398
        max: 127.708587646
        mean: 3.25337982178
        min: 0
        var: 90.2085571289
    pitch_after_max_to_before_max_energy_ratio: 5.9519944191
    pitch_centroid: 161.061691284
    pitch_max_to_total: 0.0813953503966
    pitch_min_to_total: 0.937209308147
    tristimulus:
        dmean: [0.180360987782, 0.282332897186, 0.184560671449]
        dmean2: [0.315615326166, 0.497975826263, 0.324400961399]
        dvar: [0.0240964330733, 0.0515481047332, 0.0208737365901]
        dvar2: [0.0674103945494, 0.152427226305, 0.0607106164098]
        max: [1, 0.987822830677, 0.740936279297]
        mean: [0.259259909391, 0.468027234077, 0.18931299448]
        min: [0.00341963418759, 0, 0]
        var: [0.0357023403049, 0.0682840123773, 0.0298173483461]

tonal:
    chords_changes_rate: 0.037037037313
    chords_number_rate: 0.0138888889924
    chords_strength:
        dmean: 0.00910038128495
        dmean2: 0.00984148588032
        dvar: 5.37002779311e-05
        dvar2: 6.90897795721e-05
        max: 0.743761777878
        mean: 0.56743234396
        min: 0.42543643713
        var: 0.0067694731988
    key_strength: 0.720836400986
    tuning_diatonic_strength: 0.640267908573
    tuning_equal_tempered_deviation: 0.14250780642
    tuning_frequency: 438.984558105
    tuning_nontempered_energy_ratio: 0.827144086361
    hpcp:
        dmean: [0.170281171799, 0.119254246354, 0.106554046273, 0.137099087238, 0.141829997301, 0.113736003637, 0.0794538110495, 0.0680071040988, 0.0909765586257, 0.104803234339, 0.0954323336482, 0.113488949835, 0.161252781749, 0.159500837326, 0.087497740984, 0.0892310217023, 0.079339466989, 0.0749987512827, 0.120751649141, 0.115795090795, 0.102638989687, 0.091215506196, 0.0942828133702, 0.156171500683, 0.194534182549, 0.214418053627, 0.196581080556, 0.192882567644, 0.151698902249, 0.120056658983, 0.110175259411, 0.0923175364733, 0.123948454857, 0.16533242166, 0.175926297903, 0.147241860628]
        dmean2: [0.281640261412, 0.197244167328, 0.170024424791, 0.226551964879, 0.224683389068, 0.182902321219, 0.127726092935, 0.113051056862, 0.151124328375, 0.181289941072, 0.152620390058, 0.180060192943, 0.256092280149, 0.245550349355, 0.145746618509, 0.149946197867, 0.131942167878, 0.126648053527, 0.200123116374, 0.188962131739, 0.176237270236, 0.158549442887, 0.162310898304, 0.257779359818, 0.32444652915, 0.354140073061, 0.33739823103, 0.336692154408, 0.260025858879, 0.209514811635, 0.18600025773, 0.153480798006, 0.197253555059, 0.257124245167, 0.276847153902, 0.235596582294]
        dvar: [0.04134959355, 0.0173221714795, 0.0121858781204, 0.0277675371617, 0.0261257402599, 0.0181107502431, 0.0106622204185, 0.00711081363261, 0.0120940171182, 0.0167267173529, 0.0156443789601, 0.016951488331, 0.0327371992171, 0.0269216746092, 0.00872375164181, 0.0197178442031, 0.0126824071631, 0.00961286295205, 0.0292129311711, 0.0303917489946, 0.028754837811, 0.0199722331017, 0.0188943333924, 0.0350317955017, 0.0359534434974, 0.041420634836, 0.0398970991373, 0.0490260757506, 0.0352566540241, 0.025759363547, 0.0239969659597, 0.0169917289168, 0.0162525847554, 0.0300469938666, 0.0345043353736, 0.027147417888]
        dvar2: [0.114108122885, 0.0525062605739, 0.031900499016, 0.071278616786, 0.0633926913142, 0.0481295771897, 0.0269473288208, 0.0185428429395, 0.0338822565973, 0.0441567637026, 0.0403349287808, 0.0385887473822, 0.0728003382683, 0.0584079883993, 0.0250903442502, 0.0568523444235, 0.0358560308814, 0.0274091530591, 0.0759287774563, 0.0797790884972, 0.079853028059, 0.0569408014417, 0.0531338267028, 0.0884983763099, 0.0800066888332, 0.110273048282, 0.106693029404, 0.118189573288, 0.0940400063992, 0.0665884763002, 0.0635555833578, 0.046698756516, 0.0381157584488, 0.0699290037155, 0.0868574008346, 0.0687010213733]
        max: [1, 0.937387108803, 1, 1, 1, 1, 1, 0.654241919518, 1, 1, 1, 1, 1, 1, 0.851731836796, 1, 0.878812134266, 0.678384184837, 1, 1, 1, 1, 1, 1, 1, 1, 1, 1, 1, 1, 1, 1, 1, 1, 1, 1]
        mean: [0.302138566971, 0.217067152262, 0.19622194767, 0.301263034344, 0.308249443769, 0.198535695672, 0.131566643715, 0.112779445946, 0.15597563982, 0.194667890668, 0.180599018931, 0.219709426165, 0.377449452877, 0.356087893248, 0.189012512565, 0.159189671278, 0.132165715098, 0.124593563378, 0.199966624379, 0.198330312967, 0.149194940925, 0.126091644168, 0.114667184651, 0.226448923349, 0.410686552525, 0.389003992081, 0.299850463867, 0.316361963749, 0.244631096721, 0.173404082656, 0.159541815519, 0.141173735261, 0.266121774912, 0.482705801725, 0.42601904273, 0.306644201279]
        min: [0.0116875246167, 0.0130073782057, 0.0168756972998, 0.0170352589339, 0.0128347715363, 0.00678422488272, 0.00514341238886, 0.00342985894531, 0.00678453687578, 0.00987626798451, 0.0111439172179, 0.0185027867556, 0.0415079407394, 0.0315667018294, 0.0100212469697, 0.00525679672137, 0.00453316373751, 0.0067098159343, 0.0122025916353, 0.00802217796445, 0.00412042299286, 0.00264562130906, 0.00398124894127, 0.00932706240565, 0.0249659065157, 0.0165127851069, 0.00507551757619, 0.00744662294164, 0.00994819030166, 0.00957480538636, 0.00889074802399, 0.0098515516147, 0.0051430077292, 0.0154394377023, 0.0134426075965, 0.0186738856137]
        var: [0.0750926807523, 0.0280491318554, 0.0270259398967, 0.0741320773959, 0.0828175544739, 0.0383570976555, 0.0202750600874, 0.0135255707428, 0.0213136412203, 0.034272711724, 0.0310174133629, 0.0403913483024, 0.0796593055129, 0.0734140574932, 0.0250229351223, 0.0353972390294, 0.0218341834843, 0.0112477606162, 0.0440298393369, 0.0531565137208, 0.0352593138814, 0.0226950999349, 0.020240066573, 0.0474034100771, 0.0879386588931, 0.0746558755636, 0.0678931102157, 0.091826595366, 0.0621519982815, 0.0368274413049, 0.0346047319472, 0.0206477604806, 0.0438446290791, 0.115457780659, 0.0838181450963, 0.0598913654685]
    chords_histogram: [68.055557251, 0, 0, 0, 0, 0, 0, 0, 0, 0, 0, 0, 0, 0, 0, 0, 0, 0, 0, 0, 0, 0, 13.4259262085, 18.5185184479]
    thpcp: [1, 0.882564604282, 0.635261058807, 0.625926971436, 0.449688315392, 0.40650421381, 0.62411314249, 0.638586580753, 0.411297500134, 0.272560715675, 0.233640134335, 0.323127746582, 0.403284758329, 0.374138891697, 0.455162167549, 0.781945109367, 0.737691342831, 0.391568750143, 0.329786121845, 0.273801803589, 0.258114904165, 0.414261907339, 0.410872042179, 0.309080481529, 0.261218428612, 0.237550869584, 0.469124108553, 0.850800931454, 0.805882155895, 0.62118679285, 0.655392944813, 0.506791293621, 0.359233468771, 0.330515623093, 0.292463302612, 0.551312565804]
    chords_key: "C#"
    chords_scale: "major"
    key_key: "C#"
    key_scale: "major"
    chords_progression: ["F#", "F#", "F#", "F#", "F#", "F#", "F#", "F#", "F#", "F#", "F#", "F#", "F#", "F#", "F#", "F#", "F#", "F#", "F#", "F#", "F#", "F#", "F#", "C#", "C#", "C#", "C#", "C#", "C#", "C#", "C#", "C#", "C#", "C#", "C#", "C#", "C#", "C#", "C#", "C#", "C#", "C#", "C#", "C#", "C#", "C#", "C#", "C#", "C#", "C#", "C#", "C#", "C#", "C#", "C#", "C#", "C#", "C#", "C#", "C#", "C#", "C#", "C#", "C#", "C#", "C#", "C#", "C#", "C#", "C#", "C#", "C#", "C#", "C#", "C#", "A#m", "A#m", "A#m", "A#m", "A#m", "A#m", "A#m", "A#m", "A#m", "A#m", "A#m", "A#m", "F#", "F#", "F#", "A#m", "A#m", "A#m", "A#m", "A#m", "A#m", "A#m", "A#m", "A#m", "A#m", "A#m", "A#m", "A#m", "A#m", "A#m", "A#m", "A#m", "A#m", "A#m", "A#m", "A#m", "A#m", "A#m", "A#m", "A#m", "C#", "C#", "C#", "C#", "C#", "C#", "C#", "C#", "C#", "C#", "C#", "C#", "C#", "C#", "C#", "C#", "C#", "C#", "C#", "C#", "C#", "C#", "C#", "C#", "C#", "C#", "C#", "C#", "C#", "C#", "C#", "C#", "C#", "C#", "C#", "C#", "C#", "C#", "C#", "C#", "C#", "C#", "C#", "C#", "C#", "C#", "C#", "C#", "C#", "C#", "C#", "C#", "C#", "C#", "C#", "C#", "C#", "C#", "C#", "C#", "F#", "F#", "F#", "C#", "C#", "C#", "C#", "C#", "C#", "C#", "C#", "C#", "C#", "C#", "C#", "C#", "C#", "C#", "C#", "C#", "C#", "C#", "C#", "C#", "C#", "C#", "C#", "C#", "C#", "C#", "C#", "C#", "C#", "C#", "C#", "C#", "C#", "C#", "A#m", "A#m", "A#m"]
