
metadata:
    version:
        essentia: "1.2.2"
    audio_properties:
        analysis_sample_rate: 44100
        bitrate: 128
        channels: 2
        equal_loudness: 1
        length: 10.0310201645
        replay_gain: -15.442697525
        downmix: "mix"
    tags:
        track: 8
        year: 0
        album: "Splitted by Mp3Splt v. 2.1"
        artist: "From 001.10 To 001.20"
        comment: "http://mp3splt.sf.net"
        genre: ""
        title: "02 I Get Around [Mono Version]"

highlevel:
    ballroom:
        all:
            ChaChaCha: 0.217190295458
            Jive: 0.206564217806
            Quickstep: 0.143061622977
            Rumba-American: 0.0237833876163
            Rumba-International: 0.0849376022816
            Rumba-Misc: 0.0178224369884
            Samba: 0.102459430695
            Tango: 0.108325339854
            VienneseWaltz: 0.0581341125071
            Waltz: 0.0377215519547
        probability: 0.217190295458
        value: "ChaChaCha"
    culture:
        all:
            non_western: 0.788474142551
            western: 0.211525827646
        probability: 0.788474142551
        value: "non_western"
    gender:
        all:
            female: 0.0967442169785
            male: 0.90325576067
        probability: 0.90325576067
        value: "male"
    genre_dortmund:
        all:
            alternative: 0.0146337300539
            blues: 0.173091828823
            electronic: 0.00433002552018
            folkcountry: 0.0418060049415
            funksoulrnb: 0.192589700222
            jazz: 0.378305137157
            pop: 0.0300921835005
            raphiphop: 0.0468658022583
            rock: 0.11828558892
        probability: 0.378305137157
        value: "jazz"
    genre_electronica:
        all:
            ambient: 0.313957750797
            dnb: 0.292813897133
            house: 0.209585919976
            techno: 0.0322117321193
            trance: 0.151430696249
        probability: 0.313957750797
        value: "ambient"
    genre_rosamerica:
        all:
            cla: 0.0420202203095
            dan: 0.0214924067259
            hip: 0.0507758669555
            jaz: 0.478018701077
            pop: 0.0696570277214
            rhy: 0.270074546337
            roc: 0.0443458519876
            spe: 0.0236153788865
        probability: 0.478018701077
        value: "jaz"
    genre_tzanetakis:
        all:
            blu: 0.0495765209198
            cla: 0.00918963737786
            cou: 0.0788752883673
            dis: 0.0399743206799
            hip: 0.17203950882
            jaz: 0.0312766060233
            met: 0.010178652592
            pop: 0.10443931818
            reg: 0.430544137955
            roc: 0.0739060118794
        probability: 0.430544137955
        value: "reg"
    live_studio:
        all:
            live: 0.71130245924
            studio: 0.28869754076
        probability: 0.71130245924
        value: "live"
    mood:
        all:
            Cluster1: 0.0618714243174
            Cluster2: 0.366930305958
            Cluster3: 0.136526107788
            Cluster4: 0.310175955296
            Cluster5: 0.124496221542
        probability: 0.366930305958
        value: "Cluster2"
    mood_acoustic:
        all:
            acoustic: 0.0235468205065
            not_acoustic: 0.976453185081
        probability: 0.976453185081
        value: "not_acoustic"
    mood_aggressive:
        all:
            aggressive: 0.153187066317
            not_aggressive: 0.846812903881
        probability: 0.846812903881
        value: "not_aggressive"
    mood_electronic:
        all:
            electronic: 0.40881511569
            not_electronic: 0.591184914112
        probability: 0.591184914112
        value: "not_electronic"
    mood_happy:
        all:
            happy: 0.685387074947
            not_happy: 0.314612925053
        probability: 0.685387074947
        value: "happy"
    mood_party:
        all:
            not_party: 0.35389739275
            party: 0.64610260725
        probability: 0.64610260725
        value: "party"
    mood_relaxed:
        all:
            not_relaxed: 0.259377837181
            relaxed: 0.740622162819
        probability: 0.740622162819
        value: "relaxed"
    mood_sad:
        all:
            not_sad: 0.744317412376
            sad: 0.255682617426
        probability: 0.744317412376
        value: "not_sad"
    rhythm:
        all:
            fast: 0.454303950071
            medium: 0.45330953598
            slow: 0.0923865139484
        probability: 0.454303950071
        value: "fast"
    speech_music:
        all:
            music: 0.940583944321
            speech: 0.0594160631299
        probability: 0.940583944321
        value: "music"
    timbre:
        all:
            bright: 0.144338473678
            dark: 0.855661511421
        probability: 0.855661511421
        value: "dark"
    voice_instrumental:
        all:
            instrumental: 0.425143033266
            voice: 0.574856936932
        probability: 0.574856936932
        value: "voice"

lowlevel:
    average_loudness: 0.95521146059
    barkbands_kurtosis:
        dmean: 2.69903349876
        dmean2: 4.29261732101
        dvar: 39.1629486084
        dvar2: 83.3583374023
        max: 77.532989502
        mean: 1.77621757984
        min: -1.87414765358
        var: 56.1190338135
    barkbands_skewness:
        dmean: 0.750420987606
        dmean2: 1.08585643768
        dvar: 0.659856438637
        dvar2: 1.16767907143
        max: 8.56782817841
        mean: 0.721212625504
        min: -2.38865399361
        var: 2.26800322533
    barkbands_spread:
        dmean: 7.18877410889
        dmean2: 10.8917102814
        dvar: 53.1783638
        dvar2: 107.562347412
        max: 61.6360626221
        mean: 26.2905254364
        min: 1.93815207481
        var: 138.729309082
    dissonance:
        dmean: 0.0235177837312
        dmean2: 0.0369408838451
        dvar: 0.000436332920799
        dvar2: 0.00100788252894
        max: 0.499853521585
        mean: 0.454444348812
        min: 0.296245515347
        var: 0.00116349302698
    hfc:
        dmean: 3.73997759819
        dmean2: 5.60366392136
        dvar: 72.646812439
        dvar2: 176.327941895
        max: 130.323287964
        mean: 7.12858581543
        min: 0.136797279119
        var: 97.6057815552
    pitch:
        dmean: 656.874328613
        dmean2: 1245.86560059
        dvar: 1469032.375
        dvar2: 3379816.25
        max: 4410
        mean: 1090.10046387
        min: 65.1403274536
        var: 1884767
    pitch_instantaneous_confidence:
        dmean: 0.114586189389
        dmean2: 0.183367669582
        dvar: 0.0103089502081
        dvar2: 0.0248171109706
        max: 0.946087062359
        mean: 0.522912502289
        min: 0.163648426533
        var: 0.0359032712877
    pitch_salience:
        dmean: 0.0770004317164
        dmean2: 0.117162719369
        dvar: 0.0046581113711
        dvar2: 0.0106889149174
        max: 0.811194419861
        mean: 0.569482564926
        min: 0.0989042073488
        var: 0.0159294102341
    silence_rate_20dB:
        dmean: 0
        dmean2: 0
        dvar: 0
        dvar2: 0
        max: 1
        mean: 1
        min: 1
        var: 0
    silence_rate_30dB:
        dmean: 0
        dmean2: 0
        dvar: 0
        dvar2: 0
        max: 1
        mean: 1
        min: 1
        var: 0
    silence_rate_60dB:
        dmean: 0.19212962687
        dmean2: 0.385150820017
        dvar: 0.155215829611
        dvar2: 0.287852287292
        max: 1
        mean: 0.36258661747
        min: 0
        var: 0.231117933989
    spectral_centroid:
        dmean: 370.139801025
        dmean2: 541.556274414
        dvar: 135399.140625
        dvar2: 251906.40625
        max: 3917.97241211
        mean: 1451.26269531
        min: 221.00958252
        var: 585635.375
    spectral_complexity:
        dmean: 3.89791178703
        dmean2: 5.44651174545
        dvar: 21.4327259064
        dvar2: 43.6658058167
        max: 45
        mean: 10.6875
        min: 0
        var: 55.1037330627
    spectral_crest:
        dmean: 3.0113658905
        dmean2: 4.69626379013
        dvar: 6.97841119766
        dvar2: 16.5293655396
        max: 26.2243709564
        mean: 10.2441101074
        min: 3.36125040054
        var: 20.6183586121
    spectral_decrease:
        dmean: 3.83042875196e-10
        dmean2: 5.74372160944e-10
        dvar: 4.10964447271e-19
        dvar2: 9.57157983745e-19
        max: -1.36366334891e-11
        mean: -1.0378587989e-09
        min: -9.16167852694e-09
        var: 7.29027929754e-19
    spectral_energy:
        dmean: 0.00173772219568
        dmean2: 0.00259561860003
        dvar: 9.88575993688e-06
        dvar2: 2.34358885791e-05
        max: 0.0463989600539
        mean: 0.0045637008734
        min: 6.42880186206e-05
        var: 1.61390507856e-05
    spectral_energyband_high:
        dmean: 0.000191722545424
        dmean2: 0.000287488277536
        dvar: 8.20144521185e-08
        dvar2: 1.98526720396e-07
        max: 0.00188689783681
        mean: 0.000270994438324
        min: 1.05538447315e-06
        var: 1.21540097098e-07
    spectral_energyband_low:
        dmean: 9.38601515372e-05
        dmean2: 0.000138661111123
        dvar: 2.51927101402e-08
        dvar2: 5.19804856935e-08
        max: 0.00252548581921
        mean: 0.000214670872083
        min: 4.36502638479e-08
        var: 1.31770576672e-07
    spectral_energyband_middle_high:
        dmean: 0.00107849540655
        dmean2: 0.00164497469086
        dvar: 7.26373764337e-06
        dvar2: 1.77296751644e-05
        max: 0.0409305840731
        mean: 0.00182874896564
        min: 2.963352199e-05
        var: 9.27676501306e-06
    spectral_energyband_middle_low:
        dmean: 0.00093714724062
        dmean2: 0.00137221033219
        dvar: 1.18917512282e-06
        dvar2: 2.3185846203e-06
        max: 0.0116652213037
        mean: 0.0022492853459
        min: 1.64949215105e-05
        var: 3.40475503435e-06
    spectral_flatness_db:
        dmean: 0.0265367273241
        dmean2: 0.0406247079372
        dvar: 0.000607115391176
        dvar2: 0.00128226145171
        max: 0.404852539301
        mean: 0.218279346824
        min: 0.122106194496
        var: 0.00241939816624
    spectral_flux:
        dmean: 0.0120150707662
        dmean2: 0.0184819791466
        dvar: 0.00022967273253
        dvar2: 0.000580113031901
        max: 0.193929225206
        mean: 0.0388673320413
        min: 0.00535565661266
        var: 0.00035104539711
    spectral_kurtosis:
        dmean: 2.52018666267
        dmean2: 4.09150886536
        dvar: 6.12298727036
        dvar2: 15.4834976196
        max: 22.0312747955
        mean: 4.86508178711
        min: -0.706457853317
        var: 11.2273864746
    spectral_rms:
        dmean: 0.000387365318602
        dmean2: 0.000548262672964
        dvar: 2.21374250486e-07
        dvar2: 4.47126581093e-07
        max: 0.00672809639946
        mean: 0.00196272972971
        min: 0.000250439654337
        var: 6.00087162184e-07
    spectral_rolloff:
        dmean: 582.145629883
        dmean2: 935.09161377
        dvar: 597905.9375
        dvar2: 1142833.875
        max: 6933.69140625
        mean: 2729.13378906
        min: 258.3984375
        var: 1826764.75
    spectral_skewness:
        dmean: 0.364011853933
        dmean2: 0.55491745472
        dvar: 0.113554440439
        dvar2: 0.239225715399
        max: 3.36606144905
        mean: 1.29021728039
        min: 0.161968544126
        var: 0.306355714798
    spectral_spread:
        dmean: 571859.25
        dmean2: 837172
        dvar: 660433993728
        dvar2: 1.12135923302e+12
        max: 10800105
        mean: 3423204.75
        min: 1946773.625
        var: 1.50225616896e+12
    spectral_strongpeak:
        dmean: 0.739294826984
        dmean2: 1.24936211109
        dvar: 2.28050255775
        dvar2: 5.39424228668
        max: 18.684261322
        mean: 0.918640613556
        min: 0.0126514527947
        var: 2.81207942963
    zerocrossingrate:
        dmean: 0.0140706570819
        dmean2: 0.015333166346
        dvar: 0.000147570885019
        dvar2: 0.000163765464094
        max: 0.21728515625
        mean: 0.0807054340839
        min: 0.01318359375
        var: 0.00124646478798
    barkbands:
        dmean: [5.61930733056e-08, 2.80547028524e-05, 7.71571721998e-05, 0.000125603182823, 0.00047645525774, 0.000175558234332, 0.000138210656587, 0.000173654058017, 0.000317512953188, 2.43505928665e-05, 3.73251532437e-05, 4.00196477131e-05, 4.13560410379e-05, 3.92187284888e-05, 7.7033546404e-05, 8.89273142093e-05, 0.000335389340762, 0.000409228727221, 0.000176603134605, 0.000272270670393, 6.52854942018e-05, 1.6786127162e-05, 2.77693902717e-06, 2.22673156713e-06, 9.90035800896e-07, 1.14093641201e-08, 1.53512713652e-09]
        dmean2: [8.07904569911e-08, 4.30645413871e-05, 0.000116907569463, 0.000186344215763, 0.000718249822967, 0.000281752261799, 0.000205143660423, 0.000282311171759, 0.000444153964054, 3.8284691982e-05, 5.97037978878e-05, 6.48753339192e-05, 7.04645135556e-05, 6.27741756034e-05, 0.000126983577502, 0.000142417105963, 0.000539444794413, 0.000673150236253, 0.000275864382274, 0.000406744948123, 0.000101337311207, 2.60079650616e-05, 4.24179415859e-06, 3.07809409605e-06, 1.45928584061e-06, 1.71594631837e-08, 1.67173985766e-09]
        dvar: [4.71691370858e-14, 2.74778044762e-09, 1.57248010169e-08, 5.18640383973e-08, 6.00272642259e-07, 1.30600668058e-07, 8.11704410353e-08, 1.25281630403e-07, 6.05653895036e-07, 1.88857596228e-09, 4.73047379046e-09, 7.91889398499e-09, 7.08458935961e-09, 6.4170411207e-09, 2.56103636076e-08, 6.19936457724e-08, 1.3355199826e-06, 3.95606957682e-06, 1.29178857833e-07, 2.01059037863e-07, 1.86753510434e-08, 2.37048802809e-09, 6.71976640998e-11, 6.69100261308e-11, 1.77557309133e-11, 1.72553465081e-15, 8.0562791215e-16]
        dvar2: [5.33761674183e-14, 5.19731013782e-09, 3.53613280879e-08, 1.06099342645e-07, 1.33754099352e-06, 3.17661061899e-07, 1.55965565796e-07, 2.99501294876e-07, 1.04178388938e-06, 4.00014554813e-09, 1.03687867181e-08, 1.81136226018e-08, 1.88781275057e-08, 1.66662381673e-08, 6.57303473872e-08, 1.61785351338e-07, 3.48990647581e-06, 9.33516639634e-06, 3.4217023881e-07, 4.75874372796e-07, 4.77995847348e-08, 6.04388983305e-09, 1.29886920663e-10, 1.43612594039e-10, 3.82347660477e-11, 3.11697134337e-15, 8.07587469934e-16]
        max: [4.21361573899e-06, 0.000734809786081, 0.00179035274778, 0.00271709170192, 0.00747538730502, 0.00358222331852, 0.00450827600434, 0.00463374098763, 0.0102722961456, 0.000583587272558, 0.000817442545667, 0.00127296836581, 0.0006552914856, 0.000584993744269, 0.00131079484709, 0.00316351093352, 0.0183749068528, 0.0351679362357, 0.00336470105685, 0.00455275457352, 0.00109474058263, 0.000522638496477, 9.64918435784e-05, 9.24028572626e-05, 6.44660103717e-05, 5.43115618257e-07, 5.90138938605e-07]
        mean: [9.30406898192e-08, 5.11528414791e-05, 0.000163431584951, 0.000192785068066, 0.000773279345594, 0.000239328830503, 0.000193529282114, 0.000263649621047, 0.000579657789785, 3.39291800628e-05, 5.43779315194e-05, 5.28781456524e-05, 4.61486451968e-05, 4.120909216e-05, 9.6743737231e-05, 9.84186917776e-05, 0.000409692205722, 0.00051514612278, 0.000234607112361, 0.000417114439188, 8.15784005681e-05, 1.8368162273e-05, 3.3070423342e-06, 2.32828710978e-06, 9.37576032811e-07, 1.17450280612e-08, 1.50730605775e-09]
        min: [1.79841593007e-11, 1.85346031856e-08, 1.84815931448e-08, 3.44015731457e-08, 4.76537735494e-07, 3.46351527014e-07, 3.30471294774e-07, 2.91843804234e-07, 3.46783679106e-07, 9.35961281812e-08, 1.11500035871e-07, 3.87249770029e-07, 1.3480868688e-07, 1.68753700791e-07, 6.87164856572e-07, 5.04655986333e-07, 1.99151986635e-06, 3.19909486279e-06, 1.94893073058e-06, 2.89823969979e-06, 2.7214176157e-07, 2.80765046767e-08, 4.39749259229e-09, 2.14199946669e-09, 1.64076119358e-09, 7.58780052679e-11, 2.28310290595e-13]
        var: [6.31091858459e-14, 1.09698401474e-08, 7.26636883996e-08, 1.24594947692e-07, 1.19516721497e-06, 1.65044738765e-07, 1.53258866931e-07, 3.23959454818e-07, 1.94897643269e-06, 4.30634727877e-09, 8.23695511798e-09, 1.17177698655e-08, 7.37771621573e-09, 6.40843245137e-09, 3.24933751017e-08, 5.75687906235e-08, 1.1703441487e-06, 4.80333437736e-06, 1.46006755131e-07, 2.94232819442e-07, 2.08824300074e-08, 2.19601536955e-09, 9.85146131338e-11, 8.79988998337e-11, 2.03641808277e-11, 2.04261952879e-15, 8.03965345293e-16]
    mfcc:
        mean: [-765.474975586, 130.491577148, -66.0903625488, 68.8083572388, -26.9161167145, -21.9048423767, -10.3366537094, -11.2786417007, -5.08596992493, -5.28040266037, -7.12263727188, -4.251080513, -7.85974788666]
        cov: [[3557.91333008, -1018.24853516, -127.467575073, -142.826187134, -100.997001648, 112.162811279, -120.693283081, 60.6790122986, 53.9522476196, -76.6360092163, 4.59492778778, -2.24833726883, -48.9933242798], [-1018.24853516, 1828.42260742, 200.071487427, 555.720947266, 177.679534912, 177.998046875, 268.185150146, 143.707885742, 9.82555198669, -13.6343784332, 38.6547279358, -32.7834854126, -23.8026256561], [-127.467575073, 200.071487427, 901.611206055, 118.169944763, 232.668136597, 279.316680908, 114.313369751, 25.5016899109, 6.23568677902, -41.4724807739, -57.5130157471, -52.8034744263, -39.3040809631], [-142.826187134, 555.720947266, 118.169944763, 626.269714355, 178.606445312, 84.6481170654, 92.8954849243, 39.4975318909, 14.2345428467, -45.2301063538, -30.1681499481, -8.42291259766, 1.57959783077], [-100.997001648, 177.679534912, 232.668136597, 178.606445312, 210.95451355, 114.650085449, 49.9432640076, 10.9112462997, 22.377904892, -8.8533000946, -14.3082313538, -18.0690784454, -15.7269439697], [112.162811279, 177.998046875, 279.316680908, 84.6481170654, 114.650085449, 345.827301025, 127.09463501, 28.59608078, 40.8043212891, -19.7654724121, 10.2757282257, -15.7136564255, -30.2500476837], [-120.693283081, 268.185150146, 114.313369751, 92.8954849243, 49.9432640076, 127.09463501, 205.990966797, 78.8659667969, -22.9507465363, -16.4421348572, 31.7764434814, 10.3069486618, 1.08088958263], [60.6790122986, 143.707885742, 25.5016899109, 39.4975318909, 10.9112462997, 28.59608078, 78.8659667969, 159.535903931, 45.6877822876, -22.78556633, 35.3278465271, 48.4478607178, -2.23506474495], [53.9522476196, 9.82555198669, 6.23568677902, 14.2345428467, 22.377904892, 40.8043212891, -22.9507465363, 45.6877822876, 142.035339355, 26.0956668854, 16.9314079285, 31.6295814514, -10.1562662125], [-76.6360092163, -13.6343784332, -41.4724807739, -45.2301063538, -8.8533000946, -19.7654724121, -16.4421348572, -22.78556633, 26.0956668854, 137.223648071, 46.93019104, -7.78030347824, 12.5066204071], [4.59492778778, 38.6547279358, -57.5130157471, -30.1681499481, -14.3082313538, 10.2757282257, 31.7764434814, 35.3278465271, 16.9314079285, 46.93019104, 124.013175964, 45.5119743347, 0.642864882946], [-2.24833726883, -32.7834854126, -52.8034744263, -8.42291259766, -18.0690784454, -15.7136564255, 10.3069486618, 48.4478607178, 31.6295814514, -7.78030347824, 45.5119743347, 96.8216094971, 20.9866104126], [-48.9933242798, -23.8026256561, -39.3040809631, 1.57959783077, -15.7269439697, -30.2500476837, 1.08088958263, -2.23506474495, -10.1562662125, 12.5066204071, 0.642864882946, 20.9866104126, 90.6389389038]]
        icov: [[0.000414108828409, 0.000317995145451, 8.71358570294e-05, -0.00022077387257, 0.000235090745264, -0.000433900742792, 0.000356050528353, -0.000595451972913, 7.19835443306e-05, 0.000199050817173, -0.000242053691181, 0.000463467178633, 0.000101036770502], [0.000317995145451, 0.00116404728033, 4.4244563469e-05, -0.000887084461283, 0.000254279962974, -0.000263137568254, -0.000494251435157, -0.000868626520969, -4.24198733526e-05, 2.4318063879e-05, -0.00054058159003, 0.00106668309309, 0.000201741771889], [8.71358570294e-05, 4.4244563469e-05, 0.00196622568183, 0.000331383751472, -0.00174664368387, -0.00114875659347, 3.89074511986e-06, -0.000555099570192, 0.000475832697703, 3.39093276125e-06, 0.000854019657709, 0.000286189984763, 0.000185906348634], [-0.00022077387257, -0.000887084461283, 0.000331383751472, 0.00302066560835, -0.00239795469679, 0.000426405953476, -0.000513080623932, 0.000584723602515, -0.000291920674499, 0.000587849877775, 0.000882905675098, -0.000645531748887, -0.000485080847284], [0.000235090745264, 0.000254279962974, -0.00174664368387, -0.00239795469679, 0.00936510972679, -0.00120680173859, 0.00016487922403, 0.000130014988827, -0.000954406685196, -0.00037493740092, -0.000390102446545, 0.000762212788686, 0.000472750718473], [-0.000433900742792, -0.000263137568254, -0.00114875659347, 0.000426405953476, -0.00120680173859, 0.00625261152163, -0.00416427059099, 0.00256876437925, -0.00314334756695, 0.00118766096421, -0.000937157368753, 0.000711862696335, 0.000506885582581], [0.000356050528353, -0.000494251435157, 3.89074511986e-06, -0.000513080623932, 0.00016487922403, -0.00416427059099, 0.0113507919014, -0.0056466688402, 0.00499751372263, -0.000603212043643, -0.00133405532688, -9.08150323085e-05, -0.000888792565092], [-0.000595451972913, -0.000868626520969, -0.000555099570192, 0.000584723602515, 0.000130014988827, 0.00256876437925, -0.0056466688402, 0.0126786055043, -0.00500052981079, 0.00251899450086, -0.00114753923845, -0.00356992171146, 0.000385797698982], [7.19835443306e-05, -4.24198733526e-05, 0.000475832697703, -0.000291920674499, -0.000954406685196, -0.00314334756695, 0.00499751372263, -0.00500052981079, 0.0119825135916, -0.00388932740316, 0.00170315627474, -0.00387221085839, 0.00160543946549], [0.000199050817173, 2.4318063879e-05, 3.39093276125e-06, 0.000587849877775, -0.00037493740092, 0.00118766096421, -0.000603212043643, 0.00251899450086, -0.00388932740316, 0.0113652441651, -0.00599772855639, 0.00453882152215, -0.00250656716526], [-0.000242053691181, -0.00054058159003, 0.000854019657709, 0.000882905675098, -0.000390102446545, -0.000937157368753, -0.00133405532688, -0.00114753923845, 0.00170315627474, -0.00599772855639, 0.0143013494089, -0.00741938967258, 0.00232418370433], [0.000463467178633, 0.00106668309309, 0.000286189984763, -0.000645531748887, 0.000762212788686, 0.000711862696335, -9.08150323085e-05, -0.00356992171146, -0.00387221085839, 0.00453882152215, -0.00741938967258, 0.0189341381192, -0.00444269506261], [0.000101036770502, 0.000201741771889, 0.000185906348634, -0.000485080847284, 0.000472750718473, 0.000506885582581, -0.000888792565092, 0.000385797698982, 0.00160543946549, -0.00250656716526, 0.00232418370433, -0.00444269506261, 0.0130386939272]]
    spectral_contrast:
        mean: [3.96355375187e-07, 2.18748695602e-07, 2.94780846843e-07, 1.68172718418e-07, 6.5572010044e-08, 2.02855858333e-07, -2.54868496086e-06, 4.0027553041e-06, 1.06124207377e-06, 3.47252239408e-06, 4.1404532567e-06, -6.382112133e-06]
        var: [0.000732625310775, 0.00125084549654, 0.00202794722281, 0.00421561067924, 0.00770378485322, 0.0130344312638, 0.0650324895978, 0.0929694026709, 0.167331114411, 0.501253008842, 1.32379686832, 1.8658541441]

rhythm:
    beats_loudness:
        dmean: 0.00223224400543
        dmean2: 0.00354088260792
        dvar: 2.53015718954e-06
        dvar2: 8.19958131615e-06
        max: 0.00926752388477
        mean: 0.00387623929419
        min: 0.000276394799585
        var: 4.1183175199e-06
    beats_loudness_bass:
        dmean: 0.103917956352
        dmean2: 0.204237625003
        dvar: 0.0237812399864
        dvar2: 0.066367007792
        max: 0.661997675896
        mean: 0.0942077413201
        min: 0.000145257639815
        var: 0.0252489130944
    bpm: 143.557540894
    bpm_confidence: 0
    first_peak_bpm: 144
    first_peak_spread: 0
    first_peak_weight: 0.541666686535
    onset_rate: 4.48608398438
    second_peak_bpm: 157
    second_peak_spread: 0
    second_peak_weight: 0.416666656733
    beats_position: [0.105980724096, 0.523973464966, 0.941966235638, 1.35995900631, 1.77795171738, 2.19594454765, 2.61393737793, 3.03193020821, 3.44992303848, 3.86791586876, 4.28590869904, 4.70390176773, 5.12189435959, 5.53988742828, 6.03950548172, 6.42147445679, 6.80344390869, 7.18541383743, 7.56738233566, 7.9493522644, 8.33132076263, 8.71329021454, 9.09525871277, 9.47722911835, 9.85919761658]
    bpm_estimates: [146.159790039, 144.373703003, 141.779174805, 144.406661987, 143.584472656, 142.391799927, 142.207138062]
    bpm_intervals: [0.41799274087, 0.417992770672, 0.417992770672, 0.417992711067, 0.417992830276, 0.417992830276, 0.417992830276, 0.417992830276, 0.417992830276, 0.417992830276, 0.417993068695, 0.417992591858, 0.417993068695, 0.499618053436, 0.381968975067, 0.381969451904, 0.381969928741, 0.38196849823, 0.381969928741, 0.38196849823, 0.381969451904, 0.38196849823, 0.381970405579, 0.38196849823]
    onset_times: [0.0348299331963, 0.383129239082, 0.615328788757, 0.801088452339, 1.11455786228, 1.20743763447, 1.48607707024, 1.66022670269, 1.89242625237, 2.06657600403, 2.32199549675, 2.53097510338, 2.76317453384, 2.94893431664, 3.14630389214, 3.33206343651, 3.56426310539, 3.73841261864, 3.93578219414, 4.12154197693, 4.55111122131, 4.7833108902, 5.07356023788, 5.16644001007, 5.3754196167, 5.58439922333, 5.7701587677, 6.1068482399, 6.22294807434, 6.39709758759, 6.61768722534, 6.87310647964, 7.0356464386, 7.24462604523, 7.46521520615, 7.85995483398, 8.08054447174, 8.48689365387, 8.73070335388, 8.93968296051, 9.12544250488, 9.36925125122, 9.52018165588, 9.7639913559, 9.93814086914]
    rubato_start: [6.42147445679]
    rubato_stop: [9.85919761658]
    perceptual_tempo: "unknown"

sfx:
    inharmonicity:
        dmean: 0.0480399914086
        dmean2: 0.0860171616077
        dvar: 0.00401736004278
        dvar2: 0.0117959519848
        max: 0.388584166765
        mean: 0.0496081523597
        min: 0.000111620640382
        var: 0.00396548677236
    oddtoevenharmonicenergyratio:
        dmean: 4.78456544876
        dmean2: 8.8933429718
        dvar: 476.291809082
        dvar2: 1394.18066406
        max: 246.170059204
        mean: 3.26305651665
        min: 5.31083642272e-05
        var: 260.404815674
    pitch_after_max_to_before_max_energy_ratio: 1.8540687561
    pitch_centroid: 181.064788818
    pitch_max_to_total: 0.201388895512
    pitch_min_to_total: 0.381944447756
    tristimulus:
        dmean: [0.216455742717, 0.25747948885, 0.127574667335]
        dmean2: [0.37318906188, 0.444181859493, 0.22545029223]
        dvar: [0.0375823564827, 0.0489303395152, 0.0166688784957]
        dvar2: [0.0960568860173, 0.135301396251, 0.0441345199943]
        max: [0.961424231529, 0.989483594894, 0.642165243626]
        mean: [0.358303904533, 0.462948054075, 0.131738081574]
        min: [0.00389897753485, 0, 0]
        var: [0.0692490488291, 0.072783254087, 0.0206661578268]

tonal:
    chords_changes_rate: 0.10599078238
    chords_number_rate: 0.0230414755642
    chords_strength:
        dmean: 0.0111010335386
        dmean2: 0.0114593552426
        dvar: 7.39864844945e-05
        dvar2: 9.07042267499e-05
        max: 0.722974717617
        mean: 0.505887687206
        min: 0.346720665693
        var: 0.00814610347152
    key_strength: 0.824605643749
    tuning_diatonic_strength: 0.699230194092
    tuning_equal_tempered_deviation: 0.112114869058
    tuning_frequency: 445.112548828
    tuning_nontempered_energy_ratio: 0.768364310265
    hpcp:
        dmean: [0.107337810099, 0.149706169963, 0.20125952363, 0.217189878225, 0.178401559591, 0.129550337791, 0.139792427421, 0.153038755059, 0.185675680637, 0.188646480441, 0.147910535336, 0.0904916003346, 0.0855980366468, 0.0820414200425, 0.0960083380342, 0.161033019423, 0.187357842922, 0.185039684176, 0.175321012735, 0.133856207132, 0.0937057882547, 0.109496675432, 0.104687020183, 0.124073781073, 0.124197103083, 0.12212613225, 0.107911773026, 0.116160407662, 0.140090972185, 0.12863753736, 0.131671413779, 0.120930202305, 0.115436263382, 0.107696354389, 0.0998122021556, 0.101249150932]
        dmean2: [0.189761832356, 0.265897482634, 0.352270305157, 0.352973550558, 0.291525661945, 0.221384808421, 0.251781404018, 0.270535707474, 0.317297756672, 0.320124864578, 0.248180687428, 0.153131440282, 0.149578198791, 0.145018532872, 0.163605630398, 0.280048340559, 0.323023676872, 0.303749680519, 0.283777981997, 0.217698857188, 0.165915712714, 0.189769715071, 0.181374281645, 0.208891034126, 0.208450004458, 0.206240430474, 0.179511100054, 0.199588999152, 0.244841769338, 0.208905443549, 0.220134004951, 0.204272970557, 0.196719124913, 0.177471935749, 0.17719642818, 0.178525686264]
        dvar: [0.0237418729812, 0.0451104827225, 0.051207229495, 0.0558416806161, 0.0399540886283, 0.0263490881771, 0.044775635004, 0.0412365198135, 0.0527079626918, 0.0570328719914, 0.03705714643, 0.0182370636612, 0.0215605050325, 0.0168770328164, 0.0219443328679, 0.0470759011805, 0.053537517786, 0.0374798811972, 0.0508485138416, 0.0300443433225, 0.0241230335087, 0.0314170271158, 0.0226945970207, 0.0367566309869, 0.0283032655716, 0.0280855149031, 0.0232817977667, 0.0296728145331, 0.0390656739473, 0.0327032320201, 0.0354553051293, 0.0375188887119, 0.0350285992026, 0.0303099770099, 0.0272798445076, 0.0260122884065]
        dvar2: [0.0667975395918, 0.123376898468, 0.134676277637, 0.119399622083, 0.0898330658674, 0.0773796737194, 0.132677122951, 0.106203436852, 0.124236173928, 0.132814899087, 0.097517542541, 0.0415664948523, 0.0555490963161, 0.0452567823231, 0.0582748539746, 0.109714403749, 0.142531126738, 0.0813355371356, 0.095595985651, 0.0694484114647, 0.0603690817952, 0.0840649977326, 0.0561869367957, 0.0900077074766, 0.0688671767712, 0.0765052512288, 0.060215651989, 0.0683549046516, 0.102733612061, 0.0770704522729, 0.0971405059099, 0.102858714759, 0.0858406350017, 0.0694957599044, 0.080202691257, 0.0727551281452]
        max: [1, 1, 1, 1, 1, 1, 1, 1, 1, 1, 1, 1, 1, 0.89612942934, 1, 1, 1, 1, 1, 1, 1, 1, 1, 1, 1, 1, 1, 1, 1, 1, 1, 1, 1, 1, 1, 1]
        mean: [0.122732266784, 0.151624396443, 0.267998278141, 0.368095725775, 0.270782649517, 0.158643126488, 0.156421527267, 0.177696809173, 0.239984333515, 0.239978119731, 0.150755867362, 0.0995837897062, 0.0850827917457, 0.0761066377163, 0.108573228121, 0.180318593979, 0.211197763681, 0.298967719078, 0.365851968527, 0.226069197059, 0.110467627645, 0.108096510172, 0.114470608532, 0.139088615775, 0.154741466045, 0.134161114693, 0.119396202266, 0.126858234406, 0.149609312415, 0.185590490699, 0.178094610572, 0.139790177345, 0.128119811416, 0.116176910698, 0.0991297587752, 0.106564134359]
        min: [0.00105530000292, 0.00123278703541, 0.00220464519225, 0.00193918705918, 0.00126189680304, 0.000812204962131, 0.000803995120805, 0.000593831588048, 0.0010339806322, 0.00141939276364, 0.000705216662027, 0.000419425457949, 0.000616523786448, 0.000758721143939, 0.000709081999958, 0.000716471753549, 0.00122675625607, 0.00162329874001, 0.000748575606849, 0.000770576007199, 0.000233137325267, 0.000293808523566, 0.000366697873687, 0.000203690142371, 0.000325125351083, 0.000423546560341, 0.000485066586407, 0.000629555375781, 0.000442032236606, 0.00038865066017, 0.000519499764778, 0.000523809285369, 0.000370171619579, 0.00047576520592, 0.000751678424422, 0.00109486514702]
        var: [0.0302838068455, 0.0464407764375, 0.0810400992632, 0.134943813086, 0.082933716476, 0.0425114184618, 0.0526354163885, 0.0508020147681, 0.0839503481984, 0.0870698988438, 0.0449909828603, 0.0288936011493, 0.0251455176622, 0.0179731044918, 0.0293407291174, 0.0632694810629, 0.0646733418107, 0.0773559883237, 0.141063511372, 0.0638322234154, 0.0335975214839, 0.0334899127483, 0.0329496413469, 0.0477273017168, 0.047119949013, 0.0344328097999, 0.0272602792829, 0.0391574800014, 0.0429265983403, 0.063670232892, 0.0503117889166, 0.0421142987907, 0.0478446222842, 0.0417637042701, 0.0262563154101, 0.0292591769248]
    chords_histogram: [19.354839325, 3.22580647469, 0, 0, 0, 0, 0, 0, 0, 13.8248844147, 0, 0, 0, 0, 0, 0, 0, 54.8387107849, 0, 0, 0, 0, 0, 8.75576019287]
    thpcp: [1, 0.735631048679, 0.43098333478, 0.424947947264, 0.482746183872, 0.651961743832, 0.651944875717, 0.409556150436, 0.270537763834, 0.231143116951, 0.206757739186, 0.29495921731, 0.489868760109, 0.573757708073, 0.812201023102, 0.993904411793, 0.614158689976, 0.300105720758, 0.293664127588, 0.310980528593, 0.377859890461, 0.420383751392, 0.364473432302, 0.32436183095, 0.344633817673, 0.40644133091, 0.504190862179, 0.483826905489, 0.379765838385, 0.34806111455, 0.315616041422, 0.269304305315, 0.289501160383, 0.333424866199, 0.411915659904, 0.728066802025]
    chords_key: "D#"
    chords_scale: "minor"
    key_key: "D#"
    key_scale: "major"
    chords_progression: ["D#m", "D#m", "D#m", "D#m", "D#m", "D#m", "D#m", "D#m", "D#m", "D#m", "D#m", "D#m", "D#m", "D#m", "D#m", "D#m", "D#m", "D#m", "D#m", "D#m", "D#m", "D#m", "D#m", "D#m", "D#m", "D#m", "D#m", "D#m", "D#m", "D#m", "D#m", "D#m", "D#m", "D#m", "D#m", "D#m", "D#m", "D#", "D#", "D#", "Gm", "Gm", "Gm", "Gm", "Gm", "Gm", "Gm", "D#", "D#", "D#", "D#", "D#", "D#", "D#", "D#", "D#", "D#", "D#", "D#", "Bm", "Bm", "Bm", "Cm", "Bm", "Bm", "Bm", "Bm", "Bm", "Cm", "Bm", "Bm", "Cm", "Cm", "Cm", "Cm", "Cm", "Cm", "Cm", "Bm", "Bm", "Bm", "Bm", "Bm", "Bm", "Bm", "Bm", "Bm", "Bm", "Bm", "Bm", "Bm", "Bm", "Bm", "Bm", "Bm", "Cm", "Cm", "Bm", "Cm", "Cm", "Bm", "Cm", "Cm", "Cm", "Bm", "Cm", "Cm", "Cm", "D#", "D#", "D#", "D#", "D#", "D#", "D#", "D#", "D#", "D#", "D#", "D#m", "D#m", "D#m", "D#", "D#", "D#", "D#", "D#", "D#m", "D#m", "D#m", "D#m", "D#m", "D#m", "D#m", "D#m", "D#m", "D#m", "D#m", "D#m", "D#m", "D#m", "D#m", "D#m", "D#m", "D#m", "D#m", "D#m", "D#m", "D#m", "D#m", "D#m", "D#m", "D#m", "D#m", "D#m", "D#m", "D#m", "D#m", "D#m", "D#m", "D#m", "D#m", "D#m", "D#m", "D#m", "D#m", "D#m", "D#", "D#", "D#", "D#", "D#", "D#", "D#", "D#", "D#", "D#", "D#", "D#m", "D#m", "D#m", "D#m", "D#m", "D#m", "D#m", "D#m", "D#m", "D#m", "D#m", "D#m", "D#m", "D#m", "D#m", "D#m", "D#m", "D#m", "D#m", "D#m", "D#m", "D#m", "D#m", "D#m", "D#m", "D#m", "D#m", "D#m", "D#m", "D#m", "D#m", "D#m", "D#m", "D#m", "D#m", "D#m", "D#m", "D#m", "D#m"]
