
metadata:
    version:
        essentia: "1.2.2"
    audio_properties:
        analysis_sample_rate: 44100
        bitrate: 128
        channels: 2
        equal_loudness: 1
        length: 9.97877597809
        replay_gain: -13.2319355011
        downmix: "mix"
    tags:
        track: 3
        year: 0
        album: "Splitted by Mp3Splt v. 2.1"
        artist: "From 000.20 To 000.30"
        comment: "http://mp3splt.sf.net"
        genre: ""
        title: "01 So Sensitive.mp3"

highlevel:
    ballroom:
        all:
            ChaChaCha: 0.183239504695
            Jive: 0.209836602211
            Quickstep: 0.0802492126822
            Rumba-American: 0.0224745105952
            Rumba-International: 0.0618925504386
            Rumba-Misc: 0.101664036512
            Samba: 0.30518001318
            Tango: 0.00968814454973
            VienneseWaltz: 0.0177549663931
            Waltz: 0.00802046060562
        probability: 0.30518001318
        value: "Samba"
    culture:
        all:
            non_western: 0.0847672894597
            western: 0.915232717991
        probability: 0.915232717991
        value: "western"
    gender:
        all:
            female: 0.0287470631301
            male: 0.971252918243
        probability: 0.971252918243
        value: "male"
    genre_dortmund:
        all:
            alternative: 0.000207533943467
            blues: 0.0015641663922
            electronic: 0.000906368950382
            folkcountry: 0.000297491264064
            funksoulrnb: 0.0152411386371
            jazz: 0.000741688010748
            pop: 0.0024599658791
            raphiphop: 0.97570002079
            rock: 0.0028816354461
        probability: 0.97570002079
        value: "raphiphop"
    genre_electronica:
        all:
            ambient: 0.130732789636
            dnb: 0.254363447428
            house: 0.422804176807
            techno: 0.0619042143226
            trance: 0.130195379257
        probability: 0.422804176807
        value: "house"
    genre_rosamerica:
        all:
            cla: 0.00242719613016
            dan: 0.0334925949574
            hip: 0.81841814518
            jaz: 0.00314400740899
            pop: 0.0496740490198
            rhy: 0.0787134692073
            roc: 0.00678111799061
            spe: 0.00734941987321
        probability: 0.81841814518
        value: "hip"
    genre_tzanetakis:
        all:
            blu: 0.000115877570352
            cla: 0.000409595348174
            cou: 0.00104917271528
            dis: 0.00350166787393
            hip: 0.525741279125
            jaz: 0.000184552729479
            met: 0.000220169269596
            pop: 0.444067686796
            reg: 0.023156369105
            roc: 0.00155362044461
        probability: 0.525741279125
        value: "hip"
    live_studio:
        all:
            live: 0.0984987169504
            studio: 0.901501297951
        probability: 0.901501297951
        value: "studio"
    mood:
        all:
            Cluster1: 0.0990168079734
            Cluster2: 0.362436920404
            Cluster3: 0.100850500166
            Cluster4: 0.272885143757
            Cluster5: 0.164810612798
        probability: 0.362436920404
        value: "Cluster2"
    mood_acoustic:
        all:
            acoustic: 0.0472012460232
            not_acoustic: 0.952798724174
        probability: 0.952798724174
        value: "not_acoustic"
    mood_aggressive:
        all:
            aggressive: 0.127650231123
            not_aggressive: 0.872349739075
        probability: 0.872349739075
        value: "not_aggressive"
    mood_electronic:
        all:
            electronic: 0.635348379612
            not_electronic: 0.36465165019
        probability: 0.635348379612
        value: "electronic"
    mood_happy:
        all:
            happy: 0.63792091608
            not_happy: 0.36207908392
        probability: 0.63792091608
        value: "happy"
    mood_party:
        all:
            not_party: 0.270036876202
            party: 0.729963123798
        probability: 0.729963123798
        value: "party"
    mood_relaxed:
        all:
            not_relaxed: 0.670489192009
            relaxed: 0.329510778189
        probability: 0.670489192009
        value: "not_relaxed"
    mood_sad:
        all:
            not_sad: 0.859435737133
            sad: 0.140564292669
        probability: 0.859435737133
        value: "not_sad"
    rhythm:
        all:
            fast: 0.929721176624
            medium: 0.0633735433221
            slow: 0.00690527772531
        probability: 0.929721176624
        value: "fast"
    speech_music:
        all:
            music: 0.993496656418
            speech: 0.00650336965919
        probability: 0.993496656418
        value: "music"
    timbre:
        all:
            bright: 0.0486357584596
            dark: 0.951364219189
        probability: 0.951364219189
        value: "dark"
    voice_instrumental:
        all:
            instrumental: 0.00121583568398
            voice: 0.998784184456
        probability: 0.998784184456
        value: "voice"

lowlevel:
    average_loudness: 0.987745881081
    barkbands_kurtosis:
        dmean: 3.18259263039
        dmean2: 5.17120075226
        dvar: 21.7865829468
        dvar2: 56.0733108521
        max: 31.9206008911
        mean: 2.13530230522
        min: -1.83327424526
        var: 26.4339828491
    barkbands_skewness:
        dmean: 0.872733294964
        dmean2: 1.28792142868
        dvar: 0.682678222656
        dvar2: 1.51490139961
        max: 5.25650787354
        mean: 0.675493836403
        min: -3.38312196732
        var: 1.93012487888
    barkbands_spread:
        dmean: 8.24927330017
        dmean2: 12.440410614
        dvar: 63.9338264465
        dvar2: 141.051940918
        max: 84.4440689087
        mean: 21.7956886292
        min: 2.79057240486
        var: 156.381561279
    dissonance:
        dmean: 0.04008840397
        dmean2: 0.0627143159509
        dvar: 0.00171772926114
        dvar2: 0.00348525913432
        max: 0.499886363745
        mean: 0.425869852304
        min: 0.170582607388
        var: 0.00425743684173
    hfc:
        dmean: 3.03087592125
        dmean2: 4.38631296158
        dvar: 15.1228742599
        dvar2: 35.7205314636
        max: 27.7090492249
        mean: 5.50988197327
        min: 0.0141443219036
        var: 23.7295265198
    pitch:
        dmean: 483.541046143
        dmean2: 912.504455566
        dvar: 1138424.5
        dvar2: 2803490
        max: 5512.5
        mean: 690.299865723
        min: 102.797203064
        var: 1322044.375
    pitch_instantaneous_confidence:
        dmean: 0.150747865438
        dmean2: 0.238366886973
        dvar: 0.0175861474127
        dvar2: 0.0356799550354
        max: 0.950807094574
        mean: 0.549524307251
        min: 0.129794001579
        var: 0.0444619245827
    pitch_salience:
        dmean: 0.100428394973
        dmean2: 0.155698627234
        dvar: 0.00798720214516
        dvar2: 0.0190322101116
        max: 0.895576536655
        mean: 0.574301898479
        min: 0.200063914061
        var: 0.0178578384221
    silence_rate_20dB:
        dmean: 0
        dmean2: 0
        dvar: 0
        dvar2: 0
        max: 1
        mean: 1
        min: 1
        var: 0
    silence_rate_30dB:
        dmean: 0
        dmean2: 0
        dvar: 0
        dvar2: 0
        max: 1
        mean: 1
        min: 1
        var: 0
    silence_rate_60dB:
        dmean: 0.2116279006
        dmean2: 0.424242436886
        dvar: 0.166840910912
        dvar2: 0.290881752968
        max: 1
        mean: 0.352668225765
        min: 0
        var: 0.228292763233
    spectral_centroid:
        dmean: 435.088104248
        dmean2: 636.189697266
        dvar: 292359.34375
        dvar2: 571709.5625
        max: 5956.40625
        mean: 1376.53271484
        min: 174.415481567
        var: 865107.1875
    spectral_complexity:
        dmean: 4.22843837738
        dmean2: 6.41822433472
        dvar: 30.4932746887
        dvar2: 75.285446167
        max: 37
        mean: 8.26511669159
        min: 0
        var: 44.0599594116
    spectral_crest:
        dmean: 3.66727018356
        dmean2: 5.9367852211
        dvar: 10.1467418671
        dvar2: 24.6925296783
        max: 23.7445850372
        mean: 10.0309047699
        min: 3.12895131111
        var: 20.9479103088
    spectral_decrease:
        dmean: 4.9620713094e-10
        dmean2: 7.48462847255e-10
        dvar: 3.34920234294e-19
        dvar2: 8.01249275831e-19
        max: -1.95941006476e-12
        mean: -1.03599673285e-09
        min: -4.15570822199e-09
        var: 5.73206075804e-19
    spectral_energy:
        dmean: 0.00209494493902
        dmean2: 0.00314605049789
        dvar: 5.9473559304e-06
        dvar2: 1.42608596434e-05
        max: 0.0165608581156
        mean: 0.00440985010937
        min: 8.67819198902e-06
        var: 9.9320350273e-06
    spectral_energyband_high:
        dmean: 0.000139740426675
        dmean2: 0.000210099213291
        dvar: 4.84835567249e-08
        dvar2: 9.49793843574e-08
        max: 0.00195997580886
        mean: 0.000193093233975
        min: 2.76070551308e-07
        var: 8.19828684939e-08
    spectral_energyband_low:
        dmean: 0.000256191298831
        dmean2: 0.000361255195457
        dvar: 4.27485815635e-07
        dvar2: 9.04318937955e-07
        max: 0.00583632290363
        mean: 0.000359677505912
        min: 6.93663348983e-09
        var: 6.39850782136e-07
    spectral_energyband_middle_high:
        dmean: 0.00108425645158
        dmean2: 0.00159336044453
        dvar: 2.16198031922e-06
        dvar2: 5.47885974811e-06
        max: 0.0106319058686
        mean: 0.00178808963392
        min: 5.98058750256e-06
        var: 3.20102139995e-06
    spectral_energyband_middle_low:
        dmean: 0.00125458848197
        dmean2: 0.00199972465634
        dvar: 2.65047515313e-06
        dvar2: 6.88774616719e-06
        max: 0.0128023177385
        mean: 0.00206897826865
        min: 2.35673337556e-06
        var: 3.89050183003e-06
    spectral_flatness_db:
        dmean: 0.0334455259144
        dmean2: 0.0493150912225
        dvar: 0.000831330078654
        dvar2: 0.00162556557916
        max: 0.339535742998
        mean: 0.198939159513
        min: 0.0806351527572
        var: 0.00269356463104
    spectral_flux:
        dmean: 0.0159173998982
        dmean2: 0.0243517830968
        dvar: 0.000222916729399
        dvar2: 0.00045332396985
        max: 0.114635005593
        mean: 0.0468305200338
        min: 0.00297043845057
        var: 0.000454799010186
    spectral_kurtosis:
        dmean: 2.2046790123
        dmean2: 3.54803419113
        dvar: 6.52062749863
        dvar2: 16.8722705841
        max: 27.9612007141
        mean: 4.82805633545
        min: -1.16283404827
        var: 12.4187707901
    spectral_rms:
        dmean: 0.000516069063451
        dmean2: 0.000729075982235
        dvar: 2.73367021464e-07
        dvar2: 5.78845060772e-07
        max: 0.00401956913993
        mean: 0.001909200917
        min: 9.20137390494e-05
        var: 6.57247881009e-07
    spectral_rolloff:
        dmean: 790.052612305
        dmean2: 1299.63916016
        dvar: 859172.3125
        dvar2: 1534887.375
        max: 8376.41601562
        mean: 2352.32836914
        min: 86.1328125
        var: 2185195.5
    spectral_skewness:
        dmean: 0.357895791531
        dmean2: 0.536672174931
        dvar: 0.11655729264
        dvar2: 0.268190711737
        max: 4.0257935524
        mean: 1.60531783104
        min: 0.0304884295911
        var: 0.370376229286
    spectral_spread:
        dmean: 896976.25
        dmean2: 1283170.125
        dvar: 1.09439850906e+12
        dvar2: 2.08975980134e+12
        max: 15977124
        mean: 4683281.5
        min: 1862035.375
        var: 3.83012359373e+12
    spectral_strongpeak:
        dmean: 0.475116580725
        dmean2: 0.760561704636
        dvar: 0.410539865494
        dvar2: 1.03007209301
        max: 6.02397680283
        mean: 0.677814483643
        min: 0.00936173740774
        var: 0.522617161274
    zerocrossingrate:
        dmean: 0.0165048167109
        dmean2: 0.0170270968229
        dvar: 0.000272226432571
        dvar2: 0.000308278540615
        max: 0.283203125
        mean: 0.0749148353934
        min: 0.01318359375
        var: 0.00176996621303
    barkbands:
        dmean: [1.0691882153e-06, 0.000138227114803, 0.000186135730473, 0.000251042074524, 0.000358584395144, 0.000259859953076, 0.000215772073716, 0.000479185691802, 0.000168485639733, 0.00030680000782, 0.000156845155288, 0.000117922056234, 8.84585169842e-05, 0.000106496969238, 7.91588317952e-05, 0.000126201848616, 0.000184417425771, 0.00018662099319, 0.000161128860782, 0.000119539006846, 4.99410307384e-05, 3.3043565054e-05, 1.03084512375e-05, 4.53242546428e-06, 2.38839265876e-06, 7.68066215073e-08, 3.8315683959e-10]
        dmean2: [1.36988592203e-06, 0.000208318408113, 0.000304886634694, 0.000453841115814, 0.000554649566766, 0.000391596608097, 0.00035897680209, 0.000743041164242, 0.000262654648395, 0.000449222250609, 0.000267500436166, 0.000191042854567, 0.000148005769006, 0.000184284683201, 0.000125425620354, 0.000194538399228, 0.00029096545768, 0.000301842868794, 0.000236392734223, 0.000192695530131, 7.49718601583e-05, 5.17870939802e-05, 1.51769618242e-05, 6.51947175356e-06, 3.26863414557e-06, 1.23369346738e-07, 5.39656597187e-10]
        dvar: [5.01265738986e-12, 1.54718705403e-07, 2.83700131831e-07, 6.83868222495e-07, 3.33655748364e-07, 1.72726117853e-07, 3.04375589621e-07, 8.87194119059e-07, 1.73926579805e-07, 4.0281926772e-07, 1.51902270318e-07, 4.65016398721e-08, 4.22862385108e-08, 4.39040874767e-08, 2.26977121542e-08, 4.46252101938e-08, 9.44205496012e-08, 9.9407607479e-08, 4.93345915231e-08, 2.57411230109e-08, 8.1773094962e-09, 5.68996760819e-09, 7.00268454334e-10, 1.68720259985e-10, 5.87218260129e-11, 9.32077223563e-14, 1.13258082323e-17]
        dvar2: [9.39058032723e-12, 3.52640483925e-07, 7.41567362184e-07, 1.95241068468e-06, 8.35244350128e-07, 3.65182103224e-07, 7.76556305482e-07, 1.92104403141e-06, 4.35878860117e-07, 8.5293788743e-07, 4.06927853192e-07, 1.12415577291e-07, 1.10529235542e-07, 1.15924102317e-07, 5.30714423519e-08, 9.21647753671e-08, 2.3457901932e-07, 2.59364952626e-07, 8.97871359484e-08, 5.25058219125e-08, 1.86130701962e-08, 1.16032472519e-08, 1.1383681775e-09, 2.82482898184e-10, 1.10994269331e-10, 1.95967916373e-13, 1.10985362231e-17]
        max: [1.72351228684e-05, 0.0025690861512, 0.00356743996963, 0.00613764440641, 0.00393672892824, 0.0034850621596, 0.0063051097095, 0.0080811791122, 0.00419543962926, 0.00644044298679, 0.00269466661848, 0.00189087854233, 0.00237538223155, 0.00134983775206, 0.00158120819833, 0.00181855831761, 0.00220109848306, 0.00213633105159, 0.00198528310284, 0.00149207783397, 0.000673403963447, 0.000804466137197, 0.000397832598537, 0.000153895569383, 0.000103471080365, 3.87317277273e-06, 7.0953817044e-08]
        mean: [1.95567622541e-06, 0.000175661611138, 0.000182076386409, 0.000184090502444, 0.000486343749799, 0.000335286051268, 0.00020604407473, 0.000621585466433, 0.000171789855813, 0.000417679664679, 0.000138092640555, 0.000118184027087, 8.04751325632e-05, 9.12334144232e-05, 8.52871744428e-05, 0.000187126352102, 0.00022156588966, 0.000203189221793, 0.000218464541831, 0.000160121693625, 6.02779255132e-05, 3.98141310143e-05, 1.47375340021e-05, 5.93751656197e-06, 2.7531334581e-06, 8.18976744199e-08, 3.71168151769e-10]
        min: [8.49545017667e-11, 8.17787282337e-10, 2.95168578468e-09, 7.68040475663e-09, 7.6971866747e-07, 1.22430677152e-07, 5.09065749554e-08, 8.93072495955e-08, 1.64352638166e-08, 6.81968685967e-08, 2.84452319477e-08, 5.12703799416e-08, 3.23496536225e-08, 2.5226245981e-08, 7.02336109271e-08, 3.47892608943e-07, 5.07809147621e-07, 3.98056414497e-07, 6.88095155965e-07, 3.1480016105e-07, 4.6305022039e-08, 2.55909560209e-09, 1.2695496876e-09, 1.99464805783e-10, 6.38998576274e-11, 5.46283461175e-12, 1.10584632068e-14]
        var: [1.58177169279e-11, 1.83432419476e-07, 2.46091275358e-07, 4.11564656133e-07, 4.04318228675e-07, 3.44479104797e-07, 2.89572767542e-07, 1.55321481543e-06, 1.76114809847e-07, 8.21142293717e-07, 1.24639200294e-07, 5.21469942782e-08, 3.44200792313e-08, 3.74989852503e-08, 3.11326502356e-08, 9.50694953872e-08, 1.12651868278e-07, 1.02213036257e-07, 1.00997738173e-07, 4.39193357238e-08, 1.0232552583e-08, 8.65009663897e-09, 1.62744095977e-09, 3.57715967958e-10, 8.92213386505e-11, 1.021856143e-13, 1.17304029494e-17]
    mfcc:
        mean: [-761.150817871, 107.379859924, -51.4676628113, 38.092540741, -23.2716522217, -13.6149768829, -12.1716794968, -2.68744063377, -6.99450588226, -7.5032749176, -8.63467407227, -10.6529111862, -0.314594984055]
        cov: [[5121.91845703, -460.051452637, -62.3117675781, 137.297592163, 131.453674316, 155.906066895, 12.7694196701, -91.9253768921, 78.9069213867, 72.7182693481, 17.5814170837, -8.61897468567, -119.507194519], [-460.051452637, 2218.18261719, -208.518432617, -48.3336296082, -175.338592529, -88.834564209, 135.803146362, 122.513450623, 84.416595459, 33.2297821045, 47.1995658875, 36.5582008362, 93.3610534668], [-62.3117675781, -208.518432617, 1462.29602051, 112.096153259, 238.047088623, 362.769378662, 163.727478027, 318.804290771, 143.227371216, 157.128631592, 187.867218018, 107.278831482, 162.999160767], [137.297592163, -48.3336296082, 112.096153259, 753.552856445, 384.512268066, -2.24090600014, 29.097574234, -22.08659935, 64.2135162354, 78.3187026978, -49.3477745056, 68.6889801025, 34.868560791], [131.453674316, -175.338592529, 238.047088623, 384.512268066, 592.461303711, 153.869293213, 81.4162826538, -9.6397562027, 56.2192115784, 61.9035644531, -6.81148719788, 58.9531784058, 29.6565704346], [155.906066895, -88.834564209, 362.769378662, -2.24090600014, 153.869293213, 401.5831604, 234.97253418, 101.233917236, 85.2193222046, 75.6068878174, 122.607452393, 117.334754944, 21.422618866], [12.7694196701, 135.803146362, 163.727478027, 29.097574234, 81.4162826538, 234.97253418, 441.554962158, 158.449615479, 128.481246948, 64.7382965088, 105.571899414, 141.778030396, 6.87367582321], [-91.9253768921, 122.513450623, 318.804290771, -22.08659935, -9.6397562027, 101.233917236, 158.449615479, 309.878234863, 109.529541016, 59.1021118164, 80.0985794067, 52.9514541626, 82.5466766357], [78.9069213867, 84.416595459, 143.227371216, 64.2135162354, 56.2192115784, 85.2193222046, 128.481246948, 109.529541016, 233.916702271, 126.635147095, 116.844642639, 79.3153381348, 29.0443248749], [72.7182693481, 33.2297821045, 157.128631592, 78.3187026978, 61.9035644531, 75.6068878174, 64.7382965088, 59.1021118164, 126.635147095, 231.552841187, 119.60836792, 77.4805603027, 20.4755649567], [17.5814170837, 47.1995658875, 187.867218018, -49.3477745056, -6.81148719788, 122.607452393, 105.571899414, 80.0985794067, 116.844642639, 119.60836792, 193.134689331, 110.103149414, 27.1340579987], [-8.61897468567, 36.5582008362, 107.278831482, 68.6889801025, 58.9531784058, 117.334754944, 141.778030396, 52.9514541626, 79.3153381348, 77.4805603027, 110.103149414, 177.00958252, 34.068523407], [-119.507194519, 93.3610534668, 162.999160767, 34.868560791, 29.6565704346, 21.422618866, 6.87367582321, 82.5466766357, 29.0443248749, 20.4755649567, 27.1340579987, 34.068523407, 136.080429077]]
        icov: [[0.00021011386707, 3.33568277711e-05, 3.22812484228e-05, -5.07452132297e-05, 1.38013911055e-05, -0.000147465572809, 4.69959413749e-05, 2.76763948932e-05, -0.00010560767987, -3.60995909432e-05, 3.47035461346e-06, 8.40960638016e-05, 0.000143245604704], [3.33568277711e-05, 0.000531775178388, 0.000140552423545, -4.19726784457e-05, 0.000138064511702, 0.000150360327098, -0.000266857561655, -8.65190959303e-05, -7.58050155127e-05, -5.89277551626e-05, -0.000122742741951, 0.000142900884384, -0.00046719587408], [3.22812484228e-05, 0.000140552423545, 0.00132339063566, -0.00020637497073, -0.000222987306188, -0.000942777201999, 0.000358814751962, -0.00104171270505, 0.000285239948425, -0.000175470951945, -0.000845934788231, 0.00060444988776, -0.000806709111203], [-5.07452132297e-05, -4.19726784457e-05, -0.00020637497073, 0.0025185008999, -0.00145190430339, 0.000871107389685, -2.92709555652e-05, 0.000241026558797, -0.000592243741266, -0.000771660415921, 0.00190714420751, -0.00154670211487, -0.000129880558234], [1.38013911055e-05, 0.000138064511702, -0.000222987306188, -0.00145190430339, 0.00318839680403, -0.00125908968039, -0.000145028549014, 0.000715254049283, -0.000392412650399, -0.00019718259864, 0.000825282360893, 0.000183702155482, -0.000463797332486], [-0.000147465572809, 0.000150360327098, -0.000942777201999, 0.000871107389685, -0.00125908968039, 0.00566195975989, -0.00220276648179, 0.000396414514398, 0.000512029335368, 7.84546573414e-05, -0.00131619500462, -0.000999394687824, 0.000318818696542], [4.69959413749e-05, -0.000266857561655, 0.000358814751962, -2.92709555652e-05, -0.000145028549014, -0.00220276648179, 0.00502960756421, -0.00205648341216, -0.00113884464372, 0.000621761602815, 0.000749543483835, -0.00263456278481, 0.00183349067811], [2.76763948932e-05, -8.65190959303e-05, -0.00104171270505, 0.000241026558797, 0.000715254049283, 0.000396414514398, -0.00205648341216, 0.00638383068144, -0.00165979971644, -1.97540848603e-05, 0.000201157075935, 0.000927389657591, -0.00263222493231], [-0.00010560767987, -7.58050155127e-05, 0.000285239948425, -0.000592243741266, -0.000392412650399, 0.000512029335368, -0.00113884464372, -0.00165979971644, 0.00838252063841, -0.00228683766909, -0.00345986941829, 0.000681206351146, -8.7058673671e-05], [-3.60995909432e-05, -5.89277551626e-05, -0.000175470951945, -0.000771660415921, -0.00019718259864, 7.84546573414e-05, 0.000621761602815, -1.97540848603e-05, -0.00228683766909, 0.00781757757068, -0.00382701982744, -0.000184618183994, 0.000548956159037], [3.47035461346e-06, -0.000122742741951, -0.000845934788231, 0.00190714420751, 0.000825282360893, -0.00131619500462, 0.000749543483835, 0.000201157075935, -0.00345986941829, -0.00382701982744, 0.0149545185268, -0.00642203260213, 0.000419517280534], [8.40960638016e-05, 0.000142900884384, 0.00060444988776, -0.00154670211487, 0.000183702155482, -0.000999394687824, -0.00263456278481, 0.000927389657591, 0.000681206351146, -0.000184618183994, -0.00642203260213, 0.0125718703493, -0.00264858989976], [0.000143245604704, -0.00046719587408, -0.000806709111203, -0.000129880558234, -0.000463797332486, 0.000318818696542, 0.00183349067811, -0.00263222493231, -8.7058673671e-05, 0.000548956159037, 0.000419517280534, -0.00264858989976, 0.0108649013564]]
    spectral_contrast:
        mean: [4.26213290439e-07, 2.51682337193e-07, 3.13617469772e-08, -1.04221491881e-07, 3.80256835797e-07, 2.85547827161e-07, -3.26058193423e-06, -5.09038727614e-07, 1.06973016045e-06, 1.49482900724e-06, -5.27709016751e-06, -1.4138775839e-07]
        var: [0.00097513088258, 0.0013954655733, 0.00359031325206, 0.00498240999877, 0.00756937498227, 0.0223806761205, 0.101492129266, 0.233575955033, 0.2526229918, 1.02198684216, 1.36101710796, 3.76740789413]

rhythm:
    beats_loudness:
        dmean: 0.00235663214698
        dmean2: 0.00438391882926
        dvar: 2.80675180875e-06
        dvar2: 8.13920905784e-06
        max: 0.0093190362677
        mean: 0.00474378140643
        min: 0.00112673267722
        var: 4.03368403568e-06
    beats_loudness_bass:
        dmean: 0.291363626719
        dmean2: 0.508931457996
        dvar: 0.0957861766219
        dvar2: 0.236290290952
        max: 0.901406645775
        mean: 0.190401762724
        min: 6.31727598375e-05
        var: 0.0851588919759
    bpm: 95.6768264771
    bpm_confidence: 0
    first_peak_bpm: 96
    first_peak_spread: 0
    first_peak_weight: 0.5
    onset_rate: 6.0127620697
    second_peak_bpm: 127
    second_peak_spread: 0
    second_peak_weight: 0.444444447756
    beats_position: [0.055689830333, 0.682801127434, 1.30991244316, 1.93702375889, 2.56413507462, 3.19124650955, 3.81835770607, 4.44546890259, 5.07258033752, 5.69969177246, 5.97743749619, 6.45021820068, 6.92299795151, 7.39577770233, 7.86855840683, 8.34133815765, 8.81411838531, 9.28689861298, 9.75967979431]
    bpm_estimates: [95.7247161865, 95.6876754761, 95.7409057617, 95.5421981812, 95.6609649658, 95.7045211792]
    bpm_intervals: [0.627111315727, 0.627111315727, 0.627111315727, 0.627111315727, 0.627111434937, 0.627111196518, 0.627111196518, 0.627111434937, 0.627111434937, 0.277745723724, 0.472780704498, 0.472779750824, 0.472779750824, 0.472780704498, 0.472779750824, 0.472780227661, 0.472780227661, 0.472781181335]
    onset_times: [0.0464399084449, 0.197369620204, 0.406349211931, 0.49922901392, 0.801088452339, 0.986848056316, 1.10294783115, 1.2190476656, 1.43963718414, 1.6137868166, 1.77632653713, 1.91564631462, 2.06657600403, 2.22911572456, 2.38004541397, 2.56580495834, 2.71673464775, 3.01859402657, 3.13469386101, 3.25079369545, 3.63392281532, 3.76163268089, 3.85451245308, 3.97061228752, 4.09832191467, 4.28408145905, 4.446621418, 4.59755086899, 4.77170085907, 4.86458063126, 4.8994102478, 5.0387301445, 5.23609972, 5.54956912994, 5.65405893326, 5.8282084465, 5.97913837433, 6.1648979187, 6.35065746307, 6.48997735977, 6.66412687302, 6.78022670746, 7.11691617966, 7.31428575516, 7.4303855896, 7.61614513397, 7.7670750618, 7.98766422272, 8.08054447174, 8.39401340485, 8.60299301147, 8.71909332275, 8.87002277374, 9.03256225586, 9.18349170685, 9.33442211151, 9.45052146912, 9.61306095123, 9.82204055786, 9.9613609314]
    rubato_start: [6.45021820068]
    rubato_stop: [9.75967979431]
    perceptual_tempo: "unknown"

sfx:
    inharmonicity:
        dmean: 0.0417958498001
        dmean2: 0.0719321295619
        dvar: 0.00281029287726
        dvar2: 0.00680535007268
        max: 0.412719607353
        mean: 0.0469069294631
        min: 0
        var: 0.00335217104293
    oddtoevenharmonicenergyratio:
        dmean: 6.16009426117
        dmean2: 11.2286500931
        dvar: 393.782501221
        dvar2: 1110.71948242
        max: 187.516952515
        mean: 4.09397315979
        min: 0
        var: 247.947158813
    pitch_after_max_to_before_max_energy_ratio: 1.07283961773
    pitch_centroid: 185.667266846
    pitch_max_to_total: 0.325581401587
    pitch_min_to_total: 0.986046493053
    tristimulus:
        dmean: [0.213638931513, 0.247342020273, 0.122000165284]
        dmean2: [0.362245112658, 0.423563152552, 0.207793131471]
        dvar: [0.0364739373326, 0.0406058505177, 0.0185112226754]
        dvar2: [0.0929235890508, 0.116892591119, 0.050512354821]
        max: [1, 0.981485188007, 0.834731280804]
        mean: [0.365392655134, 0.463992536068, 0.132505893707]
        min: [0.00266449479386, 0, 0]
        var: [0.0597937442362, 0.0636414140463, 0.0245377067477]

tonal:
    chords_changes_rate: 0.12962962687
    chords_number_rate: 0.0416666679084
    chords_strength:
        dmean: 0.0178292971104
        dmean2: 0.0255735833198
        dvar: 0.000218688044697
        dvar2: 0.000432568427641
        max: 0.604195654392
        mean: 0.460124790668
        min: 0.32275941968
        var: 0.00458388309926
    key_strength: 0.52201205492
    tuning_diatonic_strength: 0.484421312809
    tuning_equal_tempered_deviation: 0.261972665787
    tuning_frequency: 436.456176758
    tuning_nontempered_energy_ratio: 0.905873537064
    hpcp:
        dmean: [0.178495213389, 0.195802360773, 0.189041480422, 0.171815022826, 0.196086227894, 0.201079472899, 0.20800948143, 0.202963814139, 0.223197668791, 0.215053781867, 0.243394583464, 0.250888139009, 0.237212613225, 0.212819546461, 0.218887522817, 0.216394469142, 0.243815645576, 0.258921861649, 0.207415804267, 0.154426574707, 0.154207080603, 0.146197274327, 0.127972319722, 0.155186802149, 0.176120042801, 0.162092089653, 0.135520175099, 0.132385149598, 0.12291546911, 0.128827661276, 0.172529742122, 0.208983287215, 0.164424449205, 0.130724430084, 0.147461757064, 0.186605527997]
        dmean2: [0.295291215181, 0.330719470978, 0.314330816269, 0.297838628292, 0.343140542507, 0.363303482533, 0.355526953936, 0.355233728886, 0.386588305235, 0.377318352461, 0.41972309351, 0.437852948904, 0.421755075455, 0.370093733072, 0.38344758749, 0.389034509659, 0.412607699633, 0.470024973154, 0.35494980216, 0.275990694761, 0.27023729682, 0.249056562781, 0.21341650188, 0.271829068661, 0.307414531708, 0.284108579159, 0.243031129241, 0.240592166781, 0.222959160805, 0.227337509394, 0.28519114852, 0.347257107496, 0.269869118929, 0.21799172461, 0.260264515877, 0.327223390341]
        dvar: [0.0395662896335, 0.0529686622322, 0.0481925085187, 0.0446138866246, 0.0525906048715, 0.0613619089127, 0.0625065118074, 0.0501898601651, 0.0601404234767, 0.0663480088115, 0.0699352994561, 0.0711006000638, 0.070634432137, 0.0565401352942, 0.0735982060432, 0.0723195821047, 0.0650186613202, 0.0822479873896, 0.0534673072398, 0.0394177995622, 0.0383984856308, 0.0370479673147, 0.0316967591643, 0.0418511815369, 0.042111556977, 0.0448087118566, 0.0363143123686, 0.0409384779632, 0.0448906421661, 0.0303713493049, 0.0464738979936, 0.0618660636246, 0.0310131255537, 0.0335055924952, 0.0447967760265, 0.0560517609119]
        dvar2: [0.10095590353, 0.116207227111, 0.124445289373, 0.128855228424, 0.141224533319, 0.142796218395, 0.162151321769, 0.107850402594, 0.147073641419, 0.177073642612, 0.175796627998, 0.179790139198, 0.189866676927, 0.163978368044, 0.206647351384, 0.186896800995, 0.192202150822, 0.224343091249, 0.146643549204, 0.105673030019, 0.100241839886, 0.0959698781371, 0.0741906613111, 0.111549042165, 0.108769081533, 0.127291083336, 0.104317829013, 0.105084918439, 0.114823788404, 0.0796972438693, 0.103090554476, 0.132202595472, 0.0783883929253, 0.0791916251183, 0.110723771155, 0.145571947098]
        max: [1, 1, 1, 1, 1, 1, 1, 1, 1, 1, 1, 1, 1, 1, 1, 1, 1, 1, 1, 1, 1, 1, 0.917821228504, 1, 1, 1, 1, 1, 1, 1, 1, 1, 1, 1, 1, 1]
        mean: [0.239544942975, 0.30061429739, 0.234541893005, 0.161490738392, 0.174052610993, 0.18576823175, 0.192302510142, 0.223370045424, 0.214716732502, 0.182592660189, 0.205384731293, 0.227870374918, 0.211581736803, 0.187153205276, 0.196338459849, 0.230626583099, 0.247574150562, 0.23823261261, 0.199108064175, 0.145540103316, 0.142752602696, 0.14437893033, 0.129151493311, 0.146690830588, 0.165485113859, 0.1407956779, 0.111913144588, 0.11263448745, 0.104746215045, 0.120763100684, 0.188913032413, 0.220861688256, 0.169356435537, 0.126007527113, 0.149321854115, 0.181394845247]
        min: [0.0014415695332, 0.00115822476801, 0.000350231654011, 0.000131825945573, 0.000150151958223, 0.000110675951873, 0.000610004237387, 0.000409516913351, 0.000315754063195, 0.000269244628726, 0.000211826598388, 0.000239698740188, 0.00016997520288, 0.000404317572247, 0.000150768086314, 0.000580088410061, 0.00109732639976, 0.000231166661251, 6.8375346018e-05, 0.000204165859031, 0.000289194867946, 0.000209375124541, 0.000127524021082, 0.000253787671681, 0.00049262290122, 0.000326452718582, 0.000333782372763, 0.000322179286741, 0.000409470725572, 0.000103747843241, 0.000100619159639, 0.000293042277917, 0.000200511116418, 0.0001374125859, 0.000834895996377, 0.000964587088674]
        var: [0.0772320404649, 0.10673199594, 0.0596855133772, 0.045636896044, 0.0588787347078, 0.06256595999, 0.0639579817653, 0.0701902136207, 0.073359169066, 0.0585350729525, 0.0690353214741, 0.0752372220159, 0.0648114308715, 0.0514855645597, 0.070031888783, 0.0861579701304, 0.0817299410701, 0.0894026681781, 0.0712149888277, 0.0371833406389, 0.0382780134678, 0.0398820117116, 0.0366830192506, 0.0370999351144, 0.0464020781219, 0.0414669960737, 0.0298477802426, 0.0362940132618, 0.0368335209787, 0.0315402895212, 0.0619050562382, 0.0798119008541, 0.043018784374, 0.0338948778808, 0.0463201366365, 0.0561052896082]
    chords_histogram: [5.09259271622, 1.85185182095, 10.1851854324, 2.77777767181, 0, 0, 0, 0, 0, 0, 0, 0, 0, 20.8333339691, 4.62962961197, 15.7407407761, 0, 19.9074077606, 0, 0, 0, 0, 18.9814815521, 0]
    thpcp: [1, 0.780208706856, 0.537202477455, 0.578989803791, 0.617962062359, 0.639698505402, 0.743045330048, 0.7142598629, 0.607398450375, 0.683216750622, 0.758015751839, 0.703831255436, 0.622569203377, 0.653124153614, 0.767184317112, 0.823560774326, 0.792485952377, 0.662337303162, 0.484142333269, 0.474869638681, 0.480279654264, 0.429625242949, 0.487970232964, 0.550489842892, 0.4683598876, 0.372281521559, 0.374681085348, 0.348440557718, 0.401721090078, 0.628423333168, 0.734701216221, 0.563367843628, 0.419166773558, 0.496722400188, 0.603413879871, 0.796851456165]
    chords_key: "C"
    chords_scale: "minor"
    key_key: "D"
    key_scale: "major"
    chords_progression: ["A", "A", "A", "A", "A", "A", "A", "A", "A", "A", "A", "A", "A", "A", "A", "A", "A", "A", "A", "A", "A", "F#m", "F#m", "F#m", "F#m", "A", "C#m", "C#m", "C#m", "C#m", "C#m", "C#m", "G", "G", "G", "G", "G", "G", "G", "G", "G", "G", "G", "G", "G", "G", "G", "G", "G", "G", "G", "G", "G", "G", "G", "G", "G", "G", "Dm", "D", "D", "D", "D", "Dm", "Dm", "Dm", "Dm", "Dm", "Dm", "D", "D", "D", "D", "D", "Dm", "Dm", "Dm", "Dm", "D", "D", "Dm", "Dm", "Dm", "Dm", "Dm", "Dm", "Dm", "Dm", "Dm", "Dm", "Dm", "Dm", "Gm", "Dm", "Dm", "Dm", "Gm", "Gm", "Gm", "Gm", "Gm", "Gm", "Gm", "Gm", "Gm", "Gm", "Dm", "Gm", "Gm", "Gm", "Gm", "Gm", "Dm", "Dm", "Dm", "Dm", "Dm", "Dm", "Dm", "Dm", "Dm", "Dm", "Dm", "Dm", "Dm", "Dm", "Dm", "Dm", "Gm", "Gm", "Gm", "Gm", "Gm", "Gm", "Gm", "Gm", "Gm", "Gm", "Gm", "Gm", "Gm", "Gm", "Gm", "Gm", "Gm", "Gm", "D#", "D#", "D#", "D#", "D#", "D#", "D#", "D#", "Cm", "Cm", "D#", "Cm", "Cm", "Cm", "D#", "Cm", "Cm", "Cm", "Cm", "Cm", "Cm", "Cm", "Cm", "Cm", "Cm", "Cm", "Cm", "Cm", "Cm", "Cm", "Cm", "Cm", "Cm", "G", "G", "G", "G", "G", "G", "G", "G", "G", "G", "G", "G", "G", "G", "Cm", "Cm", "Cm", "Cm", "Cm", "Cm", "Cm", "Cm", "Cm", "Cm", "Cm", "Cm", "Cm", "Cm", "Cm", "Cm", "Cm", "Cm", "Cm", "G", "Cm", "Cm", "Cm"]
