
metadata:
    version:
        essentia: "1.2.2"
    audio_properties:
        analysis_sample_rate: 44100
        bitrate: 128
        channels: 2
        equal_loudness: 1
        length: 10.0310201645
        replay_gain: -5.62884140015
        downmix: "mix"
    tags:
        track: 1
        year: 0
        album: "Splitted by Mp3Splt v. 2.1"
        artist: "From 000.00 To 000.10"
        comment: "http://mp3splt.sf.net"
        genre: ""
        title: "03 Tsunami [Cornelius Remix].m"

highlevel:
    ballroom:
        all:
            ChaChaCha: 0.118928618729
            Jive: 0.401423484087
            Quickstep: 0.063988506794
            Rumba-American: 0.0113514699042
            Rumba-International: 0.0185575559735
            Rumba-Misc: 0.0130491284654
            Samba: 0.18758700788
            Tango: 0.0356490798295
            VienneseWaltz: 0.116681836545
            Waltz: 0.0327833034098
        probability: 0.401423484087
        value: "Jive"
    culture:
        all:
            non_western: 0.690551996231
            western: 0.309448003769
        probability: 0.690551996231
        value: "non_western"
    gender:
        all:
            female: 0.704549670219
            male: 0.295450359583
        probability: 0.704549670219
        value: "female"
    genre_dortmund:
        all:
            alternative: 0.342971503735
            blues: 0.00437086354941
            electronic: 0.214385375381
            folkcountry: 0.125539496541
            funksoulrnb: 0.00502082472667
            jazz: 0.0373394675553
            pop: 0.0414076894522
            raphiphop: 0.00212208088487
            rock: 0.226842701435
        probability: 0.342971503735
        value: "alternative"
    genre_electronica:
        all:
            ambient: 0.683396577835
            dnb: 0.0656272545457
            house: 0.0201368927956
            techno: 0.0314024947584
            trance: 0.199436768889
        probability: 0.683396577835
        value: "ambient"
    genre_rosamerica:
        all:
            cla: 0.310105204582
            dan: 0.0596560016274
            hip: 0.0190901290625
            jaz: 0.040660135448
            pop: 0.0386525914073
            rhy: 0.0451910682023
            roc: 0.480551034212
            spe: 0.00609385129064
        probability: 0.480551034212
        value: "roc"
    genre_tzanetakis:
        all:
            blu: 0.109658375382
            cla: 0.234713926911
            cou: 0.0451931543648
            dis: 0.0432200543582
            hip: 0.0235100761056
            jaz: 0.105140849948
            met: 0.157407030463
            pop: 0.0345324985683
            reg: 0.0886857956648
            roc: 0.157938241959
        probability: 0.234713926911
        value: "cla"
    live_studio:
        all:
            live: 0.195273071527
            studio: 0.804726958275
        probability: 0.804726958275
        value: "studio"
    mood:
        all:
            Cluster1: 0.584696292877
            Cluster2: 0.077108643949
            Cluster3: 0.00568681955338
            Cluster4: 0.0349465943873
            Cluster5: 0.29756167531
        probability: 0.584696292877
        value: "Cluster1"
    mood_acoustic:
        all:
            acoustic: 0.0671778768301
            not_acoustic: 0.932822108269
        probability: 0.932822108269
        value: "not_acoustic"
    mood_aggressive:
        all:
            aggressive: 0.897955358028
            not_aggressive: 0.102044656873
        probability: 0.897955358028
        value: "aggressive"
    mood_electronic:
        all:
            electronic: 0.734709322453
            not_electronic: 0.26529070735
        probability: 0.734709322453
        value: "electronic"
    mood_happy:
        all:
            happy: 0.296936869621
            not_happy: 0.703063130379
        probability: 0.703063130379
        value: "not_happy"
    mood_party:
        all:
            not_party: 0.439809501171
            party: 0.560190498829
        probability: 0.560190498829
        value: "party"
    mood_relaxed:
        all:
            not_relaxed: 0.582274794579
            relaxed: 0.417725205421
        probability: 0.582274794579
        value: "not_relaxed"
    mood_sad:
        all:
            not_sad: 0.933414697647
            sad: 0.0665853321552
        probability: 0.933414697647
        value: "not_sad"
    rhythm:
        all:
            fast: 0.695995151997
            medium: 0.147612646222
            slow: 0.156392171979
        probability: 0.695995151997
        value: "fast"
    speech_music:
        all:
            music: 0.999656975269
            speech: 0.000343046558555
        probability: 0.999656975269
        value: "music"
    timbre:
        all:
            bright: 0.246003493667
            dark: 0.753996491432
        probability: 0.753996491432
        value: "dark"
    voice_instrumental:
        all:
            instrumental: 0.910025715828
            voice: 0.0899742916226
        probability: 0.910025715828
        value: "instrumental"

lowlevel:
    average_loudness: 0.964223265648
    barkbands_kurtosis:
        dmean: 1.31289172173
        dmean2: 2.08602786064
        dvar: 8.9060049057
        dvar2: 24.2842254639
        max: 50.3253364563
        mean: 3.28150320053
        min: -0.000325202941895
        var: 8.02275848389
    barkbands_skewness:
        dmean: 0.262936919928
        dmean2: 0.401912033558
        dvar: 0.0691324323416
        dvar2: 0.173734471202
        max: -0.860575377941
        mean: -1.83734250069
        min: -5.16410827637
        var: 0.138988181949
    barkbands_spread:
        dmean: 2.17093753815
        dmean2: 3.88737392426
        dvar: 3.22291064262
        dvar2: 8.81106948853
        max: 26.4363479614
        mean: 16.3849868774
        min: 1.41870772839
        var: 16.0259494781
    dissonance:
        dmean: 0.00814764481038
        dmean2: 0.0140533614904
        dvar: 0.000150945808855
        dvar2: 0.000396976538468
        max: 0.499780237675
        mean: 0.484572708607
        min: 0.350428193808
        var: 0.000198891837499
    hfc:
        dmean: 4.02897119522
        dmean2: 6.59920692444
        dvar: 92.5649795532
        dvar2: 243.613113403
        max: 127.926902771
        mean: 14.2655858994
        min: 0.531910181046
        var: 98.3640670776
    pitch:
        dmean: 689.454467773
        dmean2: 1363.00878906
        dvar: 1518929.5
        dvar2: 4467221.5
        max: 4009.09082031
        mean: 2561.99047852
        min: 97.566368103
        var: 2410016.5
    pitch_instantaneous_confidence:
        dmean: 0.0766875743866
        dmean2: 0.114861309528
        dvar: 0.00392780685797
        dvar2: 0.00845997128636
        max: 0.932795464993
        mean: 0.565890073776
        min: 0.318549871445
        var: 0.0153347114101
    pitch_salience:
        dmean: 0.0518570952117
        dmean2: 0.0954488515854
        dvar: 0.00159281550441
        dvar2: 0.00456309271976
        max: 0.830767393112
        mean: 0.612812519073
        min: 0.344522893429
        var: 0.00249431678094
    silence_rate_20dB:
        dmean: 0
        dmean2: 0
        dvar: 0
        dvar2: 0
        max: 1
        mean: 1
        min: 1
        var: 0
    silence_rate_30dB:
        dmean: 0
        dmean2: 0
        dvar: 0
        dvar2: 0
        max: 1
        mean: 1
        min: 1
        var: 0
    silence_rate_60dB:
        dmean: 0.0351288057864
        dmean2: 0.0704225376248
        dvar: 0.0338947996497
        dvar2: 0.0701580196619
        max: 1
        mean: 0.161214947701
        min: 0
        var: 0.135224729776
    spectral_centroid:
        dmean: 115.263824463
        dmean2: 177.261688232
        dvar: 12053.59375
        dvar2: 22401.5351562
        max: 4111.43115234
        mean: 3031.0480957
        min: 2547.78417969
        var: 48676.6210938
    spectral_complexity:
        dmean: 2.49643707275
        dmean2: 4.0976190567
        dvar: 5.89844799042
        dvar2: 12.9976062775
        max: 36
        mean: 17.0426540375
        min: 0
        var: 37.0123977661
    spectral_crest:
        dmean: 2.08632111549
        dmean2: 3.38266634941
        dvar: 2.12736988068
        dvar2: 5.50970506668
        max: 18.9564723969
        mean: 8.96159648895
        min: 3.57040214539
        var: 5.00987482071
    spectral_decrease:
        dmean: 2.13568093765e-10
        dmean2: 3.49568124447e-10
        dvar: 2.31386328021e-19
        dvar2: 6.0607042683e-19
        max: -3.62877158877e-11
        mean: -8.87068141164e-10
        min: -6.21679507873e-09
        var: 2.77697456331e-19
    spectral_energy:
        dmean: 0.0011683490593
        dmean2: 0.001915209461
        dvar: 7.21549758964e-06
        dvar2: 1.89245729416e-05
        max: 0.035066973418
        mean: 0.00464192871004
        min: 0.000185204320587
        var: 8.28492011351e-06
    spectral_energyband_high:
        dmean: 0.000181216848432
        dmean2: 0.000304958928609
        dvar: 1.23336050706e-07
        dvar2: 2.69638348982e-07
        max: 0.00385974743403
        mean: 0.00054052734049
        min: 2.01344846573e-05
        var: 2.64891440338e-07
    spectral_energyband_low:
        dmean: 2.26356751227e-05
        dmean2: 3.99828059017e-05
        dvar: 7.3460398875e-10
        dvar2: 1.7338016578e-09
        max: 0.000473408377729
        mean: 7.40224859328e-05
        min: 1.02437824889e-09
        var: 3.37410033246e-09
    spectral_energyband_middle_high:
        dmean: 0.0010358405998
        dmean2: 0.0016581612872
        dvar: 5.97892676524e-06
        dvar2: 1.57636841323e-05
        max: 0.03387728706
        mean: 0.00376868294552
        min: 0.000146913007484
        var: 6.21203207629e-06
    spectral_energyband_middle_low:
        dmean: 6.52124072076e-05
        dmean2: 0.000107591986307
        dvar: 6.66985400244e-09
        dvar2: 1.62158571015e-08
        max: 0.00113071559463
        mean: 0.000258701009443
        min: 8.34197999211e-06
        var: 2.03082581862e-08
    spectral_flatness_db:
        dmean: 0.0119780125096
        dmean2: 0.019729539752
        dvar: 0.000135322945425
        dvar2: 0.000277966726571
        max: 0.329571008682
        mean: 0.183778956532
        min: 0.13938896358
        var: 0.00134795194026
    spectral_flux:
        dmean: 0.00858140643686
        dmean2: 0.0130248442292
        dvar: 0.000181063995115
        dvar2: 0.000425762846135
        max: 0.181736901402
        mean: 0.0347682982683
        min: 0.00422862684354
        var: 0.000278553518001
    spectral_kurtosis:
        dmean: 1.20941257477
        dmean2: 2.18111610413
        dvar: 1.44640386105
        dvar2: 4.2457242012
        max: 11.5165920258
        mean: 3.08555340767
        min: 0.896131515503
        var: 1.55039620399
    spectral_rms:
        dmean: 0.000244144233875
        dmean2: 0.000390054192394
        dvar: 1.82680523153e-07
        dvar2: 4.52878083479e-07
        max: 0.00584907503799
        mean: 0.00204635225236
        min: 0.000425073085353
        var: 3.4115487324e-07
    spectral_rolloff:
        dmean: 97.0783996582
        dmean2: 175.803192139
        dvar: 25729.4570312
        dvar2: 59511.6953125
        max: 5512.5
        mean: 3912.87109375
        min: 3273.046875
        var: 86088.578125
    spectral_skewness:
        dmean: 0.153865784407
        dmean2: 0.266749590635
        dvar: 0.0235075727105
        dvar2: 0.0642176866531
        max: 2.06499648094
        mean: 0.99398213625
        min: 0.493185371161
        var: 0.0287525691092
    spectral_spread:
        dmean: 178771.71875
        dmean2: 296878.375
        dvar: 30872688640
        dvar2: 79314231296
        max: 5413131
        mean: 3621133.25
        min: 2800478.75
        var: 86657015808
    spectral_strongpeak:
        dmean: 1.33464300632
        dmean2: 2.23219561577
        dvar: 1.89465343952
        dvar2: 4.25448131561
        max: 14.9313335419
        mean: 3.43859767914
        min: 0.13845308125
        var: 2.98119544983
    zerocrossingrate:
        dmean: 0.00476799113676
        dmean2: 0.00601050956175
        dvar: 2.78817879007e-05
        dvar2: 3.66959102394e-05
        max: 0.20166015625
        mean: 0.150006473064
        min: 0.07861328125
        var: 0.000101288809674
    barkbands:
        dmean: [8.53224957353e-09, 6.05296145295e-06, 2.04726129596e-05, 4.15517497458e-05, 1.26118302433e-05, 1.12149336928e-05, 1.24911794046e-05, 8.15374551166e-06, 2.34731687669e-05, 2.4157567168e-05, 4.09708663938e-05, 4.25899888796e-05, 1.45321373566e-05, 2.20668716793e-05, 7.02978504705e-05, 6.61469239276e-05, 0.00014413097233, 0.00012775635696, 0.000506219512317, 0.000695243594237, 8.54983081808e-05, 4.43045537395e-05, 1.262535352e-05, 6.75954015605e-06, 3.19714956731e-07, 7.72580133201e-09, 3.0346855584e-10]
        dmean2: [1.40741134302e-08, 1.08615040517e-05, 3.63082435797e-05, 8.0158781202e-05, 1.85490498552e-05, 1.98292254936e-05, 1.76609046321e-05, 1.4242483303e-05, 3.52942151949e-05, 3.65804844478e-05, 6.77295392961e-05, 6.13049560343e-05, 2.32217389566e-05, 3.23632266372e-05, 0.000114886235679, 0.000105001898191, 0.000197910398128, 0.000211219099583, 0.00085350649897, 0.00117493025027, 0.000130106986035, 7.80047121225e-05, 2.1476747861e-05, 1.086076918e-05, 5.15707426985e-07, 1.30592594516e-08, 5.30821886446e-10]
        dvar: [5.63832140021e-16, 8.33761046315e-11, 5.41724332059e-10, 3.41576877894e-09, 3.37420535956e-10, 1.72849984326e-10, 6.86116108373e-10, 2.48387171942e-10, 7.33288818555e-10, 5.94757298966e-10, 1.69499447811e-09, 4.37959579713e-09, 2.0501257636e-10, 1.02802533153e-09, 8.95648444299e-09, 1.35064919249e-08, 2.34387069753e-08, 5.66044988659e-08, 2.34597587223e-06, 1.02612318642e-06, 2.84334813472e-08, 4.76391903703e-09, 5.20409049187e-10, 1.58426285979e-10, 4.86263102267e-13, 5.09318740662e-16, 6.60457552106e-19]
        dvar2: [9.28110835086e-16, 1.57304766435e-10, 1.46002809842e-09, 1.04319894945e-08, 6.68543720383e-10, 5.13637854471e-10, 1.45600642654e-09, 4.99008001587e-10, 1.76494863169e-09, 1.23171739475e-09, 4.18806855862e-09, 1.07169855212e-08, 4.4456655024e-10, 2.47305909085e-09, 1.84821065119e-08, 2.79108185453e-08, 6.5190434384e-08, 1.56787805849e-07, 6.1349301177e-06, 2.64965729002e-06, 5.40872946431e-08, 1.26125021538e-08, 1.46941891987e-09, 4.0330586093e-10, 1.01510694381e-12, 1.32420398177e-15, 8.66820606771e-19]
        max: [3.71063009652e-07, 0.000192674211576, 0.000280734093394, 0.000455014320323, 0.000520768982824, 0.000122306111734, 0.000410573557019, 0.00028725300217, 0.000257548264926, 0.000290552445222, 0.000365334242815, 0.000772709667217, 0.000336587108904, 0.000382787664421, 0.000970428460278, 0.00126388459466, 0.00174981507007, 0.00275127403438, 0.024023829028, 0.0108185606077, 0.00226417463273, 0.000801225483883, 0.000299173261737, 0.000106703133497, 6.82529298501e-06, 3.44478280567e-07, 1.56428825449e-08]
        mean: [6.41109920707e-09, 1.46911906995e-05, 5.9325586335e-05, 5.43869464309e-05, 3.48865396518e-05, 2.85653914034e-05, 3.66701424355e-05, 1.50781697812e-05, 6.5921114583e-05, 6.13758675172e-05, 6.73370232107e-05, 0.000196907436475, 3.42948551406e-05, 7.39291353966e-05, 0.000135499954922, 0.000110097695142, 0.000421502219979, 0.000388764688978, 0.00105782400351, 0.00144313822966, 0.000218046974624, 9.29771558731e-05, 2.23276347242e-05, 7.58335045248e-06, 7.81711719355e-07, 1.402215144e-08, 2.86479368006e-10]
        min: [9.310631896e-15, 1.02867245971e-11, 4.55684379119e-10, 4.93269425306e-09, 5.4464629784e-07, 4.84038125137e-08, 8.37056404634e-07, 9.15105886179e-07, 1.36048001309e-07, 2.83254905753e-07, 5.09683900418e-07, 5.60367368507e-07, 1.05923732008e-07, 9.25186441236e-07, 1.11386793833e-06, 2.02308137887e-06, 1.24719344967e-05, 1.24180278362e-05, 2.63831934717e-05, 5.42732277609e-06, 1.05245471786e-05, 2.84472116618e-06, 2.0141827406e-07, 6.94454769246e-08, 3.97082056125e-09, 2.99059006725e-11, 1.00738400911e-13]
        var: [5.1479194993e-16, 2.54265081212e-10, 2.05415107146e-09, 2.97928015591e-09, 1.54092016924e-09, 3.73054864777e-10, 1.420580098e-09, 9.08284558676e-10, 2.31915109339e-09, 2.03891392658e-09, 2.89818369303e-09, 1.61446997993e-08, 7.75223218952e-10, 2.56140775257e-09, 1.48988430482e-08, 2.88698913664e-08, 6.70796538316e-08, 6.34611225792e-08, 1.86455349649e-06, 1.39449707603e-06, 5.33721937757e-08, 6.20842710575e-09, 7.18947956724e-10, 1.48223849861e-10, 8.18000073059e-13, 5.92318122735e-16, 6.90401541979e-19]
    mfcc:
        mean: [-707.806640625, 53.2042617798, -79.2410583496, 50.4277496338, -28.5422286987, -0.287185192108, 0.55677562952, 7.42709350586, -14.6899137497, -5.7277598381, -11.0779628754, -8.04170322418, -2.04936814308]
        cov: [[2118.33959961, 620.947998047, 517.747558594, 424.361968994, 512.069885254, 568.48046875, 628.30456543, 309.454284668, 120.641098022, 376.331787109, 207.848388672, 201.466491699, 193.100646973], [620.947998047, 632.360107422, 183.774398804, 214.314544678, 275.228302002, 321.66003418, 345.490875244, 232.798950195, 72.8895339966, 144.678253174, 99.7544937134, 124.153121948, 84.2896652222], [517.747558594, 183.774398804, 203.610061646, 131.944046021, 160.536651611, 165.93838501, 204.938171387, 120.069488525, 25.0199928284, 110.648773193, 62.4817733765, 94.8701324463, 44.9913024902], [424.361968994, 214.314544678, 131.944046021, 165.510467529, 157.08505249, 166.364715576, 172.777755737, 64.3850860596, 38.8262939453, 109.745109558, 69.4126739502, 63.348274231, 56.9616012573], [512.069885254, 275.228302002, 160.536651611, 157.08505249, 226.534576416, 204.453262329, 203.818267822, 115.295890808, 31.9710674286, 128.572540283, 66.1475372314, 81.0579452515, 64.2528991699], [568.48046875, 321.66003418, 165.93838501, 166.364715576, 204.453262329, 268.171813965, 257.13848877, 145.032928467, 55.1069717407, 120.918563843, 92.2069778442, 96.7030792236, 75.8321762085], [628.30456543, 345.490875244, 204.938171387, 172.777755737, 203.818267822, 257.13848877, 320.491699219, 177.298217773, 47.0453262329, 128.304748535, 95.0747299194, 110.139213562, 61.7560272217], [309.454284668, 232.798950195, 120.069488525, 64.3850860596, 115.295890808, 145.032928467, 177.298217773, 190.759643555, 29.6333560944, 51.56457901, 31.4200248718, 88.5983734131, 42.8429336548], [120.641098022, 72.8895339966, 25.0199928284, 38.8262939453, 31.9710674286, 55.1069717407, 47.0453262329, 29.6333560944, 64.225944519, 23.3396377563, 35.0331420898, 10.9327478409, 32.4004936218], [376.331787109, 144.678253174, 110.648773193, 109.745109558, 128.572540283, 120.918563843, 128.304748535, 51.56457901, 23.3396377563, 122.026222229, 42.6866493225, 46.1598167419, 44.5038986206], [207.848388672, 99.7544937134, 62.4817733765, 69.4126739502, 66.1475372314, 92.2069778442, 95.0747299194, 31.4200248718, 35.0331420898, 42.6866493225, 78.5468826294, 28.1694602966, 25.7231864929], [201.466491699, 124.153121948, 94.8701324463, 63.348274231, 81.0579452515, 96.7030792236, 110.139213562, 88.5983734131, 10.9327478409, 46.1598167419, 28.1694602966, 81.3498382568, 24.3425388336], [193.100646973, 84.2896652222, 44.9913024902, 56.9616012573, 64.2528991699, 75.8321762085, 61.7560272217, 42.8429336548, 32.4004936218, 44.5038986206, 25.7231864929, 24.3425388336, 52.6476135254]]
        icov: [[0.00218031788245, 0.000245490664383, -0.0037758317776, 0.00075474701589, -0.000176802001079, -0.00167197000701, -0.00142947526183, 0.000419062096626, 6.89752232574e-06, -0.00158348330297, 0.000431216409197, 0.00313410139643, -0.0023455505725], [0.000245490664383, 0.00750859966502, 0.00682841986418, -0.00546871125698, -0.00425656652078, -0.00196572300047, -0.00347266858444, -0.00574012333527, -0.00236869999208, -0.000291507254587, 0.00106439448427, 0.000399118871428, 0.00493002636358], [-0.0037758317776, 0.00682841986418, 0.0368824750185, -0.00911406055093, -0.00821394845843, 0.00858017150313, -0.00904476642609, -0.00759945902973, -0.00144876679406, -0.00445516780019, -0.00299578532577, -0.0177202634513, 0.0100329406559], [0.00075474701589, -0.00546871125698, -0.00911406055093, 0.0406606197357, -0.00750537216663, -0.000193660249352, -0.00866184011102, 0.0193134937435, -0.00224864273332, -0.00517276860774, -0.00283956364729, -0.00718714762479, -0.0158670768142], [-0.000176802001079, -0.00425656652078, -0.00821394845843, -0.00750537216663, 0.027725731954, -0.0106692686677, 0.00839506834745, -0.00377066270448, 0.00717113679275, -0.00844415463507, -3.10963441734e-05, 0.00460186554119, -0.00203346484341], [-0.00167197000701, -0.00196572300047, 0.00858017150313, -0.000193660249352, -0.0106692686677, 0.0338325947523, -0.0144647043198, 0.00197049090639, -0.0015101613244, 0.00284363119863, -0.00717015611008, -0.0103937378153, -0.0113553805277], [-0.00142947526183, -0.00347266858444, -0.00904476642609, -0.00866184011102, 0.00839506834745, -0.0144647043198, 0.0311368480325, -0.0118000945076, 0.00337703176774, -0.00277233473025, -0.00589708145708, 0.00512441154569, 0.0123486826196], [0.000419062096626, -0.00574012333527, -0.00759945902973, 0.0193134937435, -0.00377066270448, 0.00197049090639, -0.0118000945076, 0.0289567559958, -0.00374568020925, 0.00597992446274, 0.00672793388367, -0.0134774036705, -0.0145130958408], [6.89752232574e-06, -0.00236869999208, -0.00144876679406, -0.00224864273332, 0.00717113679275, -0.0015101613244, 0.00337703176774, -0.00374568020925, 0.0301597863436, -0.000321656960296, -0.0109524577856, 0.00580794923007, -0.0156750790775], [-0.00158348330297, -0.000291507254587, -0.00445516780019, -0.00517276860774, -0.00844415463507, 0.00284363119863, -0.00277233473025, 0.00597992446274, -0.000321656960296, 0.0298514906317, 0.00353272096254, -0.000362794235116, -0.00632047886029], [0.000431216409197, 0.00106439448427, -0.00299578532577, -0.00283956364729, -3.10963441734e-05, -0.00717015611008, -0.00589708145708, 0.00672793388367, -0.0109524577856, 0.00353272096254, 0.0298003442585, 0.000429138104664, 0.00315011944622], [0.00313410139643, 0.000399118871428, -0.0177202634513, -0.00718714762479, 0.00460186554119, -0.0103937378153, 0.00512441154569, -0.0134774036705, 0.00580794923007, -0.000362794235116, 0.000429138104664, 0.0446841269732, 0.000958386983257], [-0.0023455505725, 0.00493002636358, 0.0100329406559, -0.0158670768142, -0.00203346484341, -0.0113553805277, 0.0123486826196, -0.0145130958408, -0.0156750790775, -0.00632047886029, 0.00315011944622, 0.000958386983257, 0.0574677325785]]
    spectral_contrast:
        mean: [-4.55787500186e-07, 2.62023860387e-07, -4.46774407692e-07, 5.9908319372e-07, 9.82655663506e-08, -2.70127689106e-08, 3.60311491931e-06, -1.54159931753e-06, 2.88687056127e-06, -5.00735495734e-06, 3.88214084523e-06, 2.55734994425e-06]
        var: [0.000189735321328, 0.000282196939224, 0.000368327222532, 0.000585166388191, 0.000958112126682, 0.00330886966549, 0.0194978620857, 0.0435453876853, 0.084814324975, 0.150853022933, 0.249625906348, 4.68833875656]

rhythm:
    beats_loudness:
        dmean: 0.00157021125779
        dmean2: 0.0026889492292
        dvar: 2.70947202807e-06
        dvar2: 4.58935164716e-06
        max: 0.0130860153586
        mean: 0.00512915849686
        min: 0.000476895889733
        var: 6.16485931459e-06
    beats_loudness_bass:
        dmean: 0.00907256919891
        dmean2: 0.017335511744
        dvar: 7.72110870457e-05
        dvar2: 0.000175488443347
        max: 0.044552963227
        mean: 0.0206553004682
        min: 6.85721943228e-06
        var: 0.000178496935405
    bpm: 140.19241333
    bpm_confidence: 0
    first_peak_bpm: 140
    first_peak_spread: 0.0454545617104
    first_peak_weight: 0.95454543829
    onset_rate: 1.69474279881
    second_peak_bpm: 0
    second_peak_spread: 0
    second_peak_weight: 0
    beats_position: [0.374453693628, 0.802532076836, 1.23061048985, 1.65868890285, 2.08676719666, 2.51484560966, 2.94292402267, 3.37100219727, 3.79908061028, 4.22715854645, 4.65523672104, 5.08331537247, 5.51139354706, 5.93947172165, 6.37771892548, 6.80568742752, 7.2336564064, 7.66162490845, 8.08959293365, 8.51756191254, 8.94552993774, 9.37349796295, 9.80146694183]
    bpm_estimates: [140.423217773, 140.132324219, 139.911697388, 140.09777832, 140.218429565, 140.185058594, 142.727798462, 139.440216064, 142.984649658, 140.218185425, 139.715438843, 139.402755737, 138.257522583, 138.978790283]
    bpm_intervals: [0.428078383207, 0.42807841301, 0.42807841301, 0.4280782938, 0.42807841301, 0.42807841301, 0.428078174591, 0.42807841301, 0.428077936172, 0.428078174591, 0.428078651428, 0.428078174591, 0.428078174591, 0.438247203827, 0.427968502045, 0.427968978882, 0.427968502045, 0.427968025208, 0.427968978882, 0.427968025208, 0.427968025208, 0.427968978882]
    onset_times: [0.243809521198, 0.371519267559, 1.66022670269, 2.51936507225, 2.94893431664, 5.08517026901, 6.37387752533, 6.80344676971, 7.2330160141, 7.66258525848, 7.72063493729, 7.87156438828, 8.3011341095, 8.73070335388, 9.55501174927, 9.77560043335, 9.99619007111]
    rubato_start: []
    rubato_stop: []
    perceptual_tempo: "unknown"

sfx:
    inharmonicity:
        dmean: 0.0884071439505
        dmean2: 0.15707193315
        dvar: 0.00874953344464
        dvar2: 0.0257249195129
        max: 0.419988185167
        mean: 0.0915081351995
        min: 0.00179581600241
        var: 0.0086199240759
    oddtoevenharmonicenergyratio:
        dmean: 4.36221981049
        dmean2: 8.0172290802
        dvar: 63.4249572754
        dvar2: 183.725387573
        max: 59.5860748291
        mean: 2.98808717728
        min: 0.00988470204175
        var: 39.699016571
    pitch_after_max_to_before_max_energy_ratio: 235.611831665
    pitch_centroid: 164.636383057
    pitch_max_to_total: 0
    pitch_min_to_total: 0.270142167807
    tristimulus:
        dmean: [0.117583416402, 0.359697073698, 0.150687128305]
        dmean2: [0.211521461606, 0.684444665909, 0.271840214729]
        dvar: [0.0222565773875, 0.115825772285, 0.0373462028801]
        dvar2: [0.0642378255725, 0.312744736671, 0.0963417887688]
        max: [0.739298939705, 0.988163173199, 0.765493869781]
        mean: [0.130398079753, 0.371631830931, 0.145644947886]
        min: [0.000550505064894, 0, 0]
        var: [0.0176754891872, 0.12606805563, 0.0412415154278]

tonal:
    chords_changes_rate: 0.0424528308213
    chords_number_rate: 0.0188679248095
    chords_strength:
        dmean: 0.00519083812833
        dmean2: 0.00591011717916
        dvar: 1.82200546988e-05
        dvar2: 2.63680703938e-05
        max: 0.681301057339
        mean: 0.586588323116
        min: 0.310347229242
        var: 0.0143340658396
    key_strength: 0.420608222485
    tuning_diatonic_strength: 0.484416246414
    tuning_equal_tempered_deviation: 0.257599771023
    tuning_frequency: 448.726654053
    tuning_nontempered_energy_ratio: 0.872418999672
    hpcp:
        dmean: [0.150786593556, 0.143582671881, 0.190007328987, 0.104102037847, 0.128811940551, 0.085084117949, 0.0540292784572, 0.0456443987787, 0.0520203895867, 0.0483740009367, 0.0635528787971, 0.0931032970548, 0.0582282319665, 0.151594907045, 0.253387212753, 0.124434694648, 0.0531319789588, 0.0689998865128, 0.128837361932, 0.101433388889, 0.0342553630471, 0.0416783206165, 0.0547914877534, 0.062124595046, 0.0679312944412, 0.0711070299149, 0.114553071558, 0.0626276582479, 0.0474297888577, 0.0818018689752, 0.106730952859, 0.10502974689, 0.104537293315, 0.0954091474414, 0.245491698384, 0.261277645826]
        dmean2: [0.281572967768, 0.243550643325, 0.311340212822, 0.196194022894, 0.210639178753, 0.144276797771, 0.0824127197266, 0.07173024863, 0.0891755595803, 0.0860102549195, 0.110216289759, 0.162316352129, 0.097660176456, 0.284503221512, 0.473039060831, 0.227063417435, 0.0906007736921, 0.115984641016, 0.182712972164, 0.153473049402, 0.0564880743623, 0.0707885026932, 0.103279106319, 0.109918966889, 0.1095803231, 0.130457475781, 0.204022437334, 0.111066415906, 0.0812896713614, 0.142121896148, 0.188982322812, 0.178474187851, 0.173388540745, 0.173652008176, 0.455162912607, 0.479615956545]
        dvar: [0.0133893853053, 0.0168651305139, 0.0222372412682, 0.0189242772758, 0.0128784356639, 0.0160495135933, 0.00564587395638, 0.00814544968307, 0.0112770618871, 0.00597899034619, 0.00862420257181, 0.0232754517347, 0.00848334934562, 0.0159624312073, 0.0465271025896, 0.0105701163411, 0.00378901697695, 0.00837502721697, 0.00906293373555, 0.00567705882713, 0.00137266609818, 0.00371115608141, 0.00587386218831, 0.00259376713075, 0.0037860237062, 0.00534985167906, 0.0180578455329, 0.00536142941564, 0.00491321692243, 0.0131642427295, 0.0217684116215, 0.016664583236, 0.0095437169075, 0.00520702823997, 0.0281693041325, 0.0352531410754]
        dvar2: [0.0451979897916, 0.0450438633561, 0.0631021931767, 0.0525485724211, 0.0354804620147, 0.0382764153183, 0.00983879901469, 0.0206608325243, 0.0285445619375, 0.0132894255221, 0.0227353852242, 0.0607682727277, 0.02111826092, 0.0465544573963, 0.137517139316, 0.0314441695809, 0.010577022098, 0.0230707619339, 0.0253138020635, 0.0146899446845, 0.00362911913544, 0.0125454235822, 0.0185805205256, 0.00746790645644, 0.00977374240756, 0.015963986516, 0.0570886023343, 0.0171091854572, 0.0126646645367, 0.0309113133699, 0.0737686827779, 0.0553993545473, 0.0217198561877, 0.0149868270382, 0.0977794006467, 0.119048960507]
        max: [0.722342729568, 1, 1, 1, 0.936637580395, 1, 0.853660047054, 1, 1, 0.948702335358, 0.93938523531, 1, 0.743940770626, 0.609688878059, 1, 0.578457832336, 0.669075012207, 1, 0.578503370285, 0.436068862677, 0.391055285931, 0.443226128817, 0.549192726612, 0.425768584013, 0.450045496225, 0.627967238426, 1, 0.531335949898, 0.690078556538, 1, 1, 1, 1, 0.771650135517, 0.903521597385, 1]
        mean: [0.323546171188, 0.288704991341, 0.615280628204, 0.771608233452, 0.529741823673, 0.305350899696, 0.166712701321, 0.111052215099, 0.0962802842259, 0.0807829424739, 0.124241262674, 0.163954809308, 0.10257076472, 0.28505346179, 0.510158419609, 0.274291396141, 0.088313177228, 0.156516268849, 0.188509076834, 0.127328753471, 0.0595900937915, 0.0904233828187, 0.116743080318, 0.177772983909, 0.179778784513, 0.17642916739, 0.244033500552, 0.136799931526, 0.105355903506, 0.204759806395, 0.265311002731, 0.2652361691, 0.187179967761, 0.159047648311, 0.415745079517, 0.543978154659]
        min: [0.00830406602472, 0.00127611623611, 0.00162609724794, 0.000598249549512, 0.019249971956, 0.0179913695902, 0.00700930505991, 0.00235999561846, 0.00637306272984, 0.00678120134398, 0.0128790084273, 0.0405744947493, 0.0201833602041, 0.00912241917104, 0.0086630191654, 0.00727776065469, 0.00779388379306, 5.25309878867e-05, 0.00116635463201, 2.24957802857e-05, 0.000946202257182, 0.00571590196341, 7.53562198952e-05, 0.000994927133434, 3.76281241188e-05, 0.0039730030112, 0.00299333105795, 0.000307143345708, 0.00174763775431, 0.00421704445034, 0.015737734735, 0.0191503185779, 0.0100400038064, 0.00988252274692, 0.018016975373, 0.00906843971461]
        var: [0.0198202356696, 0.0261988416314, 0.0670875012875, 0.118692040443, 0.0447791218758, 0.0262461472303, 0.0154201164842, 0.0110818305984, 0.014525369741, 0.00886931922287, 0.0120279239491, 0.0452462695539, 0.019836505875, 0.023021556437, 0.0728661045432, 0.0181603394449, 0.00439260387793, 0.00805435236543, 0.0182932764292, 0.00959967821836, 0.00278407381848, 0.00473164068535, 0.00718605844304, 0.00855120364577, 0.0118114296347, 0.00894843973219, 0.027381060645, 0.00700347218663, 0.00585862388834, 0.0206290744245, 0.0239668190479, 0.0187219157815, 0.0259880255908, 0.0133526846766, 0.0398773960769, 0.0691573694348]
    chords_histogram: [0, 0, 0, 0, 0, 0, 0, 0, 0, 64.1509399414, 0, 0, 0, 0, 0, 10.8490562439, 14.1509437561, 0, 0, 0, 0, 0, 0, 10.8490562439]
    thpcp: [1, 0.686542451382, 0.395733088255, 0.216058731079, 0.143923059106, 0.124778717756, 0.104694247246, 0.161015987396, 0.212484523654, 0.132931143045, 0.369427710772, 0.661162495613, 0.355480134487, 0.114453390241, 0.20284421742, 0.244306713343, 0.165017366409, 0.0772284343839, 0.117188200355, 0.151298388839, 0.230392798781, 0.232992306352, 0.228651225567, 0.316266059875, 0.177291959524, 0.136540666223, 0.265367567539, 0.343841582537, 0.34374460578, 0.242584198713, 0.206124871969, 0.538803339005, 0.704992651939, 0.419314056635, 0.374160081148, 0.797400295734]
    chords_key: "F#"
    chords_scale: "minor"
    key_key: "A#"
    key_scale: "major"
    chords_progression: ["Gm", "Gm", "Gm", "Gm", "Gm", "Gm", "Gm", "Gm", "F#m", "F#m", "Gm", "Gm", "Gm", "Gm", "Gm", "Gm", "Gm", "Gm", "F#m", "F#m", "F#m", "F#m", "F#m", "F#m", "F#m", "F#m", "Gm", "Gm", "Gm", "F#m", "F#m", "F#m", "F#m", "F#m", "F#m", "F#m", "Gm", "Gm", "Gm", "Gm", "F#m", "F#m", "F#m", "F#m", "F#m", "F#m", "F#m", "F#m", "F#m", "F#m", "F#m", "F#m", "F#m", "F#m", "F#m", "F#m", "F#m", "F#m", "F#m", "F#m", "F#m", "F#m", "F#m", "F#m", "F#m", "F#m", "F#m", "F#m", "F#m", "F#m", "F#m", "F#m", "F#m", "F#m", "F#m", "F#m", "F#m", "F#m", "F#m", "F#m", "F#m", "F#m", "F#m", "F#m", "F#m", "F#m", "F#m", "F#m", "F#m", "F#m", "F#m", "F#m", "F#m", "F#m", "F#m", "F#m", "F#m", "F#m", "F#m", "F#m", "F#m", "F#m", "F#m", "F#m", "F#m", "F#m", "F#m", "F#m", "F#m", "F#m", "F#m", "F#m", "F#m", "F#m", "F#m", "F#m", "F#m", "F#m", "F#m", "F#m", "F#m", "F#m", "F#m", "F#m", "F#m", "F#m", "F#m", "F#m", "F#m", "F#m", "F#m", "F#m", "F#m", "F#m", "F#m", "F#m", "F#m", "F#m", "F#m", "F#m", "F#m", "F#m", "F#m", "F#m", "F#m", "F#m", "F#m", "F#m", "F#m", "F#m", "F#m", "F#m", "F#m", "F#m", "F#m", "F#m", "F#m", "F#m", "F#m", "F#", "F#", "F#", "F#", "F#", "F#", "F#", "F#", "F#", "F#", "F#", "F#", "F#", "F#", "F#", "F#", "F#", "F#", "F#", "F#", "F#", "F#", "F#", "F#", "F#", "F#", "F#", "F#", "F#", "F#", "D#m", "D#m", "D#m", "D#m", "D#m", "D#m", "D#m", "D#m", "D#m", "D#m", "D#m", "D#m", "D#m", "D#m", "D#m", "D#m", "D#m", "D#m", "D#m", "D#m", "D#m", "D#m", "D#m"]
