
metadata:
    version:
        essentia: "1.2.2"
    audio_properties:
        analysis_sample_rate: 44100
        bitrate: 128
        channels: 2
        equal_loudness: 1
        length: 10.0048980713
        replay_gain: -1.44400596619
        downmix: "mix"
    tags:
        track: 88
        year: 0
        album: "Splitted by Mp3Splt v. 2.1"
        artist: "From 014.30 To 014.40"
        comment: "http://mp3splt.sf.net"
        genre: ""
        title: "10 Postscript.mp3"

highlevel:
    ballroom:
        all:
            ChaChaCha: 0.00319086178206
            Jive: 0.00333637138829
            Quickstep: 0.00324690551497
            Rumba-American: 0.00409623188898
            Rumba-International: 0.689936339855
            Rumba-Misc: 0.104313440621
            Samba: 0.00390182062984
            Tango: 0.00615346059203
            VienneseWaltz: 0.0640185698867
            Waltz: 0.117806024849
        probability: 0.689936339855
        value: "Rumba-International"
    culture:
        all:
            non_western: 0.902279555798
            western: 0.0977204442024
        probability: 0.902279555798
        value: "non_western"
    gender:
        all:
            female: 0.733987689018
            male: 0.266012310982
        probability: 0.733987689018
        value: "female"
    genre_dortmund:
        all:
            alternative: 0.148657783866
            blues: 7.35278517823e-05
            electronic: 0.812731921673
            folkcountry: 0.00230152439326
            funksoulrnb: 0.00142057787161
            jazz: 0.0157780386508
            pop: 0.00521498080343
            raphiphop: 0.00018849656044
            rock: 0.0136331347749
        probability: 0.812731921673
        value: "electronic"
    genre_electronica:
        all:
            ambient: 0.995540678501
            dnb: 0.000298966304399
            house: 0.000200365830096
            techno: 0.000488607620355
            trance: 0.0034714108333
        probability: 0.995540678501
        value: "ambient"
    genre_rosamerica:
        all:
            cla: 0.257701188326
            dan: 0.0576307736337
            hip: 0.0552873313427
            jaz: 0.116031952202
            pop: 0.0229476653039
            rhy: 0.0978388860822
            roc: 0.377987384796
            spe: 0.0145748173818
        probability: 0.377987384796
        value: "roc"
    genre_tzanetakis:
        all:
            blu: 0.144419461489
            cla: 0.4163005054
            cou: 0.0290586519986
            dis: 0.0321306250989
            hip: 0.0358862429857
            jaz: 0.114250212908
            met: 0.0374118871987
            pop: 0.0456465221941
            reg: 0.0870975404978
            roc: 0.0577983595431
        probability: 0.4163005054
        value: "cla"
    live_studio:
        all:
            live: 0.486903399229
            studio: 0.513096570969
        probability: 0.513096570969
        value: "studio"
    mood:
        all:
            Cluster1: 0.127153873444
            Cluster2: 0.0237928293645
            Cluster3: 0.591354191303
            Cluster4: 0.0288300104439
            Cluster5: 0.228869125247
        probability: 0.591354191303
        value: "Cluster3"
    mood_acoustic:
        all:
            acoustic: 0.191672474146
            not_acoustic: 0.808327496052
        probability: 0.808327496052
        value: "not_acoustic"
    mood_aggressive:
        all:
            aggressive: 0.103527806699
            not_aggressive: 0.896472215652
        probability: 0.896472215652
        value: "not_aggressive"
    mood_electronic:
        all:
            electronic: 0.892507195473
            not_electronic: 0.107492789626
        probability: 0.892507195473
        value: "electronic"
    mood_happy:
        all:
            happy: 0.0583905205131
            not_happy: 0.941609501839
        probability: 0.941609501839
        value: "not_happy"
    mood_party:
        all:
            not_party: 0.969298124313
            party: 0.0307018924505
        probability: 0.969298124313
        value: "not_party"
    mood_relaxed:
        all:
            not_relaxed: 0.258293092251
            relaxed: 0.741706907749
        probability: 0.741706907749
        value: "relaxed"
    mood_sad:
        all:
            not_sad: 0.107053339481
            sad: 0.892946660519
        probability: 0.892946660519
        value: "sad"
    rhythm:
        all:
            fast: 0.0245723929256
            medium: 0.35336497426
            slow: 0.622062623501
        probability: 0.622062623501
        value: "slow"
    speech_music:
        all:
            music: 0.970400631428
            speech: 0.0295993499458
        probability: 0.970400631428
        value: "music"
    timbre:
        all:
            bright: 0.157235711813
            dark: 0.842764258385
        probability: 0.842764258385
        value: "dark"
    voice_instrumental:
        all:
            instrumental: 0.999998271465
            voice: 1.72641773588e-06
        probability: 0.999998271465
        value: "instrumental"

lowlevel:
    average_loudness: 0.980541944504
    barkbands_kurtosis:
        dmean: 1.10863602161
        dmean2: 1.97510397434
        dvar: 1.43395256996
        dvar2: 3.89234805107
        max: 12.8388051987
        mean: 0.507392823696
        min: -1.42893671989
        var: 1.80708420277
    barkbands_skewness:
        dmean: 0.274326562881
        dmean2: 0.472621768713
        dvar: 0.0598066821694
        dvar2: 0.165814399719
        max: 1.95788764954
        mean: -0.113251052797
        min: -1.11384367943
        var: 0.166295528412
    barkbands_spread:
        dmean: 1.02552366257
        dmean2: 1.83461415768
        dvar: 0.624299287796
        dvar2: 1.98727679253
        max: 8.98578357697
        mean: 4.15640878677
        min: 1.50731277466
        var: 1.47080147266
    dissonance:
        dmean: 0.0619171857834
        dmean2: 0.106616787612
        dvar: 0.00256668683141
        dvar2: 0.00616457872093
        max: 0.483801603317
        mean: 0.304774701595
        min: 0.119843259454
        var: 0.00502504734322
    hfc:
        dmean: 0.425950914621
        dmean2: 0.713689506054
        dvar: 0.109885677695
        dvar2: 0.288587629795
        max: 4.88680028915
        mean: 2.26390147209
        min: 0.895160675049
        var: 0.541216790676
    pitch:
        dmean: 46.5971221924
        dmean2: 87.5991363525
        dvar: 6265.78173828
        dvar2: 16148.8662109
        max: 495.505615234
        mean: 170.646682739
        min: 81.3653106689
        var: 6560.60205078
    pitch_instantaneous_confidence:
        dmean: 0.0642513036728
        dmean2: 0.107133127749
        dvar: 0.0026471321471
        dvar2: 0.00763337127864
        max: 0.745214045048
        mean: 0.46102809906
        min: 0.264915287495
        var: 0.00876506324857
    pitch_salience:
        dmean: 0.05218873173
        dmean2: 0.088650226593
        dvar: 0.00168325274717
        dvar2: 0.00483885547146
        max: 0.806864261627
        mean: 0.653655588627
        min: 0.474905610085
        var: 0.00324259721674
    silence_rate_20dB:
        dmean: 0
        dmean2: 0
        dvar: 0
        dvar2: 0
        max: 1
        mean: 1
        min: 1
        var: 0
    silence_rate_30dB:
        dmean: 0
        dmean2: 0
        dvar: 0
        dvar2: 0
        max: 1
        mean: 1
        min: 1
        var: 0
    silence_rate_60dB:
        dmean: 0.0139534883201
        dmean2: 0.0256410259753
        dvar: 0.0137587105855
        dvar2: 0.0343073345721
        max: 1
        mean: 0.0116009283811
        min: 0
        var: 0.0114662665874
    spectral_centroid:
        dmean: 36.4130897522
        dmean2: 63.8888092041
        dvar: 755.574279785
        dvar2: 2279.30273438
        max: 457.717468262
        mean: 350.741760254
        min: 230.578399658
        var: 2201.94042969
    spectral_complexity:
        dmean: 0.941588759422
        dmean2: 1.59718966484
        dvar: 0.718553125858
        dvar2: 1.80495560169
        max: 11
        mean: 7.32634019852
        min: 5
        var: 1.46459937096
    spectral_crest:
        dmean: 1.63838875294
        dmean2: 2.66348838806
        dvar: 1.83672297001
        dvar2: 4.86041593552
        max: 17.7458381653
        mean: 8.78901481628
        min: 4.42538166046
        var: 4.93600320816
    spectral_decrease:
        dmean: 3.22733700875e-10
        dmean2: 5.54681800491e-10
        dvar: 6.89195900387e-20
        dvar2: 1.87946938152e-19
        max: -5.21445608914e-10
        mean: -1.65686531162e-09
        min: -3.49504536423e-09
        var: 2.35963764585e-19
    spectral_energy:
        dmean: 0.00125108787324
        dmean2: 0.00214559189044
        dvar: 1.03127831608e-06
        dvar2: 2.81616553366e-06
        max: 0.0136343473569
        mean: 0.00645873323083
        min: 0.00205329898745
        var: 3.58546571988e-06
    spectral_energyband_high:
        dmean: 3.47463959827e-08
        dmean2: 5.06482109586e-08
        dvar: 7.40390008417e-14
        dvar2: 7.53463453738e-14
        max: 5.75321928409e-06
        mean: 1.1272921796e-07
        min: 4.72191992174e-08
        var: 7.48625675882e-14
    spectral_energyband_low:
        dmean: 0.000752681284212
        dmean2: 0.00138779822737
        dvar: 4.0898484599e-07
        dvar2: 1.29194756937e-06
        max: 0.00405910937116
        mean: 0.00121688959189
        min: 9.25416316022e-05
        var: 6.06213575338e-07
    spectral_energyband_middle_high:
        dmean: 2.25971034524e-05
        dmean2: 3.23241110891e-05
        dvar: 4.09843742277e-10
        dvar2: 8.97082075291e-10
        max: 0.000207312390557
        mean: 7.22357217455e-05
        min: 1.91867948161e-05
        var: 1.2571140795e-09
    spectral_energyband_middle_low:
        dmean: 0.000984561047517
        dmean2: 0.00162918656133
        dvar: 6.16453405655e-07
        dvar2: 1.5312149344e-06
        max: 0.0105969710276
        mean: 0.00516903586686
        min: 0.00187490461394
        var: 2.9256302696e-06
    spectral_flatness_db:
        dmean: 0.0181177984923
        dmean2: 0.030516859144
        dvar: 0.000282835273538
        dvar2: 0.000641204649583
        max: 0.441980630159
        mean: 0.387499719858
        min: 0.167597189546
        var: 0.000520702451468
    spectral_flux:
        dmean: 0.00573578104377
        dmean2: 0.00924489740282
        dvar: 2.96446087305e-05
        dvar2: 6.67862259434e-05
        max: 0.0951885432005
        mean: 0.0306042060256
        min: 0.0160632543266
        var: 6.95479102433e-05
    spectral_kurtosis:
        dmean: 45.0465316772
        dmean2: 79.1333236694
        dvar: 1457.12902832
        dvar2: 4093.28295898
        max: 246.651229858
        mean: 160.987579346
        min: 5.74928951263
        var: 2068.54174805
    spectral_rms:
        dmean: 0.000244574679527
        dmean2: 0.000419776508352
        dvar: 3.78270748058e-08
        dvar2: 9.80703589448e-08
        max: 0.00364716351032
        mean: 0.00248295883648
        min: 0.00141535105649
        var: 1.36114437055e-07
    spectral_rolloff:
        dmean: 40.2992897034
        dmean2: 71.4579620361
        dvar: 2144.98583984
        dvar2: 4222.72021484
        max: 667.529296875
        mean: 532.809448242
        min: 344.53125
        var: 4307.98388672
    spectral_skewness:
        dmean: 1.87336456776
        dmean2: 3.27089738846
        dvar: 2.27554440498
        dvar2: 6.50905036926
        max: 12.881811142
        mean: 9.62825489044
        min: 2.53760814667
        var: 3.24739074707
    spectral_spread:
        dmean: 232133.703125
        dmean2: 373375.25
        dvar: 918827106304
        dvar2: 910081720320
        max: 20788654
        mean: 654528.875
        min: 333675.6875
        var: 980845723648
    spectral_strongpeak:
        dmean: 0.203255191445
        dmean2: 0.342118561268
        dvar: 0.0345219001174
        dvar2: 0.0999571979046
        max: 1.38484668732
        mean: 0.498436242342
        min: 0.0417445972562
        var: 0.0730639621615
    zerocrossingrate:
        dmean: 0.00128915382084
        dmean2: 0.00165238033514
        dvar: 1.23921245176e-06
        dvar2: 1.8319785795e-06
        max: 0.0244140625
        mean: 0.0180094968528
        min: 0.0078125
        var: 5.83996188652e-06
    barkbands:
        dmean: [9.28255303734e-06, 0.000564495741855, 0.000386332161725, 0.000168745624251, 0.000288583134534, 0.000463473523268, 0.000380747573217, 0.000301081337966, 0.000193901039893, 1.22080919027e-05, 1.7942260456e-05, 1.52631355377e-06, 6.00652992944e-06, 1.53107498591e-06, 4.50418696119e-07, 1.8651485334e-07, 1.15077718021e-07, 6.87187693416e-08, 4.86869922156e-08, 3.46447919242e-08, 1.42097622557e-08, 4.65967087138e-09, 2.0776684817e-09, 1.76928294238e-09, 1.67555669339e-09, 1.62838520446e-09, 1.73545655624e-09]
        dmean2: [1.69584272953e-05, 0.00108038703911, 0.000662617734633, 0.000256397324847, 0.000467505917186, 0.000659332610667, 0.000662317732349, 0.000569809635635, 0.000243629285251, 1.69782451849e-05, 2.6258339858e-05, 2.50618472819e-06, 9.57819429459e-06, 2.53515440818e-06, 7.63319235375e-07, 3.10363532208e-07, 2.00594755029e-07, 1.17154435486e-07, 8.26417974054e-08, 5.78377807869e-08, 2.28596856999e-08, 6.52815046465e-09, 2.37865371844e-09, 1.93040028407e-09, 1.81769521657e-09, 1.76308179167e-09, 1.87929916073e-09]
        dvar: [4.46110856589e-11, 2.28255188972e-07, 1.50722740955e-07, 2.27583907275e-08, 1.5547549026e-07, 2.05371406992e-07, 9.61054311688e-08, 6.66707578034e-08, 2.71150071285e-08, 1.46984577287e-10, 2.98006647137e-10, 1.87741315549e-12, 3.63218899402e-11, 1.96620736186e-12, 1.42025795421e-13, 2.79008180492e-14, 1.35918066149e-14, 7.88111048454e-15, 3.32591764256e-15, 3.01835955589e-15, 2.34427146647e-15, 1.80517162972e-15, 1.19434864288e-15, 1.04125146107e-15, 9.60049482912e-16, 9.15846009768e-16, 1.03978641171e-15]
        dvar2: [1.38325351173e-10, 8.14613144939e-07, 3.44017138332e-07, 4.5702506668e-08, 4.32880113976e-07, 4.02462546845e-07, 2.555580636e-07, 2.19856701733e-07, 4.00759816443e-08, 3.12314507589e-10, 5.79215675423e-10, 5.24497025672e-12, 9.16531711637e-11, 5.41384992392e-12, 4.23069755227e-13, 7.09859485104e-14, 2.8441391088e-14, 1.61823594753e-14, 5.8004663762e-15, 4.79922726925e-15, 2.52155228596e-15, 1.78037135205e-15, 1.19484066314e-15, 1.0411225003e-15, 9.58944210795e-16, 9.14827876166e-16, 1.03867033992e-15]
        max: [3.47609056917e-05, 0.0029042516835, 0.00274381181225, 0.00184502429329, 0.00379182002507, 0.00638495851308, 0.00403251079842, 0.00199687643908, 0.00172540755011, 0.000130941305542, 0.000189509286429, 1.02254170997e-05, 3.87360705645e-05, 9.01166640688e-06, 2.69112706519e-06, 1.85693590993e-06, 1.91975163943e-06, 1.54242218287e-06, 1.14346380542e-06, 1.10225994376e-06, 1.03122135897e-06, 8.97213283224e-07, 7.18443459391e-07, 6.69813687182e-07, 6.43060559469e-07, 6.27939300557e-07, 6.69067674153e-07]
        mean: [9.6129706435e-06, 0.000662282283884, 0.000545459624846, 0.000360788049875, 0.000701640034094, 0.0016965016257, 0.00138922710903, 0.000468456710223, 0.000547399453353, 2.55652266787e-05, 3.60736521543e-05, 2.90350203613e-06, 8.52417906572e-06, 2.27798932428e-06, 8.91259674063e-07, 4.1105317905e-07, 2.42007246243e-07, 1.67576615695e-07, 1.44990096373e-07, 1.01361223415e-07, 4.38273701775e-08, 1.1781048137e-08, 3.39350703094e-09, 2.12955342249e-09, 1.77756276365e-09, 1.59807955757e-09, 1.70098568564e-09]
        min: [8.12797438243e-08, 2.24090108532e-05, 6.16036913925e-06, 8.88380600372e-06, 3.99633208872e-05, 0.000162198033649, 0.000173581545823, 2.8207203286e-05, 3.8853904698e-05, 7.02623083271e-07, 2.07720040635e-06, 3.93709456148e-07, 7.18339720152e-07, 1.76116913053e-07, 1.34612946567e-07, 8.4908172937e-08, 5.38053299692e-08, 4.65929552718e-08, 4.31591047345e-08, 3.11676124909e-08, 1.76944574548e-08, 4.31522551025e-09, 8.93214058273e-10, 2.30556851388e-10, 7.71498767649e-11, 1.7941874928e-13, 1.12682546331e-14]
        var: [4.89644054469e-11, 2.14219809891e-07, 3.25562211856e-07, 8.67536797955e-08, 3.79589039312e-07, 1.16777709991e-06, 5.66113442346e-07, 9.27530692252e-08, 1.09145027238e-07, 4.4921438791e-10, 9.04430974558e-10, 2.64300191975e-12, 4.66861306558e-11, 2.75288255733e-12, 2.15624867679e-13, 3.62424086781e-14, 1.65664567296e-14, 9.32509667764e-15, 4.5923784354e-15, 3.49007262774e-15, 2.42414836746e-15, 1.83871900487e-15, 1.19479418221e-15, 1.04163982568e-15, 9.60889951354e-16, 9.16632585739e-16, 1.04064456196e-15]
    mfcc:
        mean: [-921.27935791, 316.954681396, 1.93743014336, 38.4297103882, -30.3533973694, -7.86433410645, -10.6684513092, -12.2222394943, -1.23746883869, 5.60396957397, 6.33251857758, 5.09771871567, 2.41416096687]
        cov: [[95.1181640625, -20.6947193146, 10.6663417816, -18.3413791656, 8.58712673187, 1.48728525639, 2.69376778603, -3.83107852936, -0.942658483982, 2.44283461571, 4.88215637207, -0.0409055352211, -1.84659910202], [-20.6947193146, 92.8714599609, -13.9091615677, 13.3813362122, -9.40095043182, 12.1860837936, 3.16945409775, 0.910757482052, 0.118925578892, 3.56117773056, 3.23572349548, 3.76390051842, 6.06618499756], [10.6663417816, -13.9091615677, 52.6769866943, 11.6628551483, 7.68477344513, -8.15983104706, 5.97579908371, 0.462032437325, 1.98577141762, -0.0368738248944, -0.701957464218, -2.39187574387, -0.599611997604], [-18.3413791656, 13.3813362122, 11.6628551483, 52.2332649231, 14.1874828339, 2.71984601021, -4.47587680817, 1.58056712151, 5.39862060547, 5.2314286232, -1.43981134892, -0.588200986385, -0.0470352172852], [8.58712673187, -9.40095043182, 7.68477344513, 14.1874828339, 49.1295509338, 17.077922821, -2.73721694946, -7.27245855331, -2.5133972168, -2.79926729202, -4.53435373306, -5.91815233231, -6.13130092621], [1.48728525639, 12.1860837936, -8.15983104706, 2.71984601021, 17.077922821, 45.1207313538, 20.4826164246, 0.228650853038, -5.74166679382, -2.61382627487, -3.46079897881, -5.68659877777, -6.1061964035], [2.69376778603, 3.16945409775, 5.97579908371, -4.47587680817, -2.73721694946, 20.4826164246, 51.019405365, 27.8440055847, 2.43125748634, -3.86446356773, -2.70312333107, -0.87617623806, -0.752508163452], [-3.83107852936, 0.910757482052, 0.462032437325, 1.58056712151, -7.27245855331, 0.228650853038, 27.8440055847, 45.6071929932, 20.3129062653, 2.08555054665, -3.5316593647, 1.366320014, 2.41220617294], [-0.942658483982, 0.118925578892, 1.98577141762, 5.39862060547, -2.5133972168, -5.74166679382, 2.43125748634, 20.3129062653, 36.6283187866, 18.9548397064, -1.0340436697, -1.90642118454, 0.937354803085], [2.44283461571, 3.56117773056, -0.0368738248944, 5.2314286232, -2.79926729202, -2.61382627487, -3.86446356773, 2.08555054665, 18.9548397064, 34.8746109009, 16.1004257202, 1.71762752533, -2.6930706501], [4.88215637207, 3.23572349548, -0.701957464218, -1.43981134892, -4.53435373306, -3.46079897881, -2.70312333107, -3.5316593647, -1.0340436697, 16.1004257202, 34.7193527222, 16.047170639, -2.95067667961], [-0.0409055352211, 3.76390051842, -2.39187574387, -0.588200986385, -5.91815233231, -5.68659877777, -0.87617623806, 1.366320014, -1.90642118454, 1.71762752533, 16.047170639, 28.7504615784, 11.3902273178], [-1.84659910202, 6.06618499756, -0.599611997604, -0.0470352172852, -6.13130092621, -6.1061964035, -0.752508163452, 2.41220617294, 0.937354803085, -2.6930706501, -2.95067667961, 11.3902273178, 28.6171722412]]
        icov: [[0.012725203298, 0.00149350357242, -0.00309249921702, 0.00573429465294, -0.00309762987308, -0.000745083205402, -0.000349668727722, 0.00072838208871, -0.000373924558517, -0.00136961287353, -0.00171885511372, 0.000191279657884, -0.000814085884485], [0.00149350357242, 0.0136097799987, 0.00273266411386, -0.00458719208837, 0.00470231799409, -0.0054191253148, 0.000205240168725, 0.000825043942314, -0.000431885564467, 4.27557752118e-05, -0.00209497590549, 0.000715850153938, -0.00343460659496], [-0.00309249921702, 0.00273266411386, 0.0263163931668, -0.00840855576098, -0.00421903375536, 0.0119427358732, -0.0129898712039, 0.00811921898276, -0.00348548428155, 0.00251053762622, -0.0021746030543, 0.00356211187318, -0.000914438220207], [0.00573429465294, -0.00458719208837, -0.00840855576098, 0.0279155559838, -0.00865929201245, -0.00197390094399, 0.00640954775736, -0.00558972964063, 0.00135339878034, -0.0060742138885, 0.00343971210532, -0.00288153183647, 0.000460974464659], [-0.00309762987308, 0.00470231799409, -0.00421903375536, -0.00865929201245, 0.0319247245789, -0.0167189463973, 0.00796607974917, 0.00107303063851, -0.00239022541791, 0.00431403284892, 0.000656671181787, 0.000567432725802, 0.00241839862429], [-0.000745083205402, -0.0054191253148, 0.0119427358732, -0.00197390094399, -0.0167189463973, 0.0461399927735, -0.0279827471823, 0.0134232137352, 0.00179695233237, -0.0030028289184, 0.00299658300355, 0.00263432529755, 0.00466241175309], [-0.000349668727722, 0.000205240168725, -0.0129898712039, 0.00640954775736, 0.00796607974917, -0.0279827471823, 0.0526989176869, -0.0369732789695, 0.0139691121876, -0.00202316953801, 2.77022500086e-05, -0.00022091223218, -0.000646635657176], [0.00072838208871, 0.000825043942314, 0.00811921898276, -0.00558972964063, 0.00107303063851, 0.0134232137352, -0.0369732789695, 0.060152426362, -0.0363514870405, 0.0150497192517, -0.00212011346593, -0.00305440439843, 0.00068859057501], [-0.000373924558517, -0.000431885564467, -0.00348548428155, 0.00135339878034, -0.00239022541791, 0.00179695233237, 0.0139691121876, -0.0363514870405, 0.0698908269405, -0.0440791398287, 0.0211637672037, -0.00279675750062, 0.000157318849233], [-0.00136961287353, 4.27557752118e-05, 0.00251053762622, -0.0060742138885, 0.00431403284892, -0.0030028289184, -0.00202316953801, 0.0150497192517, -0.0440791398287, 0.0700046941638, -0.039968509227, 0.0162426941097, -0.00364733161405], [-0.00171885511372, -0.00209497590549, -0.0021746030543, 0.00343971210532, 0.000656671181787, 0.00299658300355, 2.77022500086e-05, -0.00212011346593, 0.0211637672037, -0.039968509227, 0.0702257677913, -0.0427572615445, 0.0210574194789], [0.000191279657884, 0.000715850153938, 0.00356211187318, -0.00288153183647, 0.000567432725802, 0.00263432529755, -0.00022091223218, -0.00305440439843, -0.00279675750062, 0.0162426941097, -0.0427572615445, 0.0702508464456, -0.0298839509487], [-0.000814085884485, -0.00343460659496, -0.000914438220207, 0.000460974464659, 0.00241839862429, 0.00466241175309, -0.000646635657176, 0.00068859057501, 0.000157318849233, -0.00364733161405, 0.0210574194789, -0.0298839509487, 0.0507563650608]]
    spectral_contrast:
        mean: [-3.4570518892e-07, 1.1261839461e-07, -2.76969700508e-07, -5.27619192781e-08, -1.72613795257e-07, 8.14353668943e-08, 2.19522931388e-07, -2.44809740479e-07, -4.23623674806e-07, 6.01187196025e-07, -1.8042562715e-06, 6.79131687775e-07]
        var: [6.85213162797e-05, 0.000111643174023, 0.000637129705865, 0.00104661996011, 0.00162333832122, 0.0016571644228, 0.0195400323719, 0.040438324213, 0.067184381187, 0.0858826562762, 0.115652643144, 0.130904465914]

rhythm:
    beats_loudness:
        dmean: 0.00199613254517
        dmean2: 0.00323185161687
        dvar: 2.44424973062e-06
        dvar2: 7.06943546902e-06
        max: 0.0113462563604
        mean: 0.0072377929464
        min: 0.00383486156352
        var: 2.67654900199e-06
    beats_loudness_bass:
        dmean: 0.124544046819
        dmean2: 0.221358001232
        dvar: 0.0108923465014
        dvar2: 0.026818100363
        max: 0.50579816103
        mean: 0.230122298002
        min: 0.0913371741772
        var: 0.0171387195587
    bpm: 125.199806213
    bpm_confidence: 0
    first_peak_bpm: 124
    first_peak_spread: 0.368421077728
    first_peak_weight: 0.600000023842
    onset_rate: 3.59823775291
    second_peak_bpm: 145
    second_peak_spread: 0
    second_peak_weight: 0.0500000007451
    beats_position: [0.0614482685924, 0.547036349773, 1.03262448311, 1.51821267605, 2.00380086899, 2.48938894272, 2.97497701645, 3.46056509018, 3.94615316391, 4.43174123764, 4.91732931137, 5.40291786194, 5.88850593567, 6.30119228363, 6.77628469467, 7.25137662888, 7.72646951675, 8.2015619278, 8.676653862, 9.1517457962, 9.62683868408]
    bpm_estimates: [123.562896729, 123.560127258, 126.194374084, 126.712097168, 125.969535828]
    bpm_intervals: [0.48558807373, 0.485588133335, 0.48558819294, 0.48558819294, 0.48558807373, 0.48558807373, 0.48558807373, 0.48558807373, 0.48558807373, 0.48558807373, 0.485588550568, 0.48558807373, 0.412686347961, 0.475092411041, 0.475091934204, 0.475092887878, 0.475092411041, 0.475091934204, 0.475091934204, 0.475092887878]
    onset_times: [0.0580498874187, 0.394739240408, 0.510838985443, 0.731428563595, 1.34675741196, 1.47446715832, 1.6137868166, 1.78793644905, 1.86920630932, 1.99691605568, 2.49614500999, 2.87927436829, 2.91410422325, 3.08825397491, 3.41333341599, 3.86612248421, 3.97061228752, 5.3754196167, 5.52634906769, 5.67727899551, 5.79337882996, 6.01396846771, 6.08362817764, 6.82666683197, 7.14013624191, 7.44199562073, 7.60453510284, 7.73224496841, 8.0224943161, 8.57977294922, 8.6146030426, 8.71909332275, 8.98612213135, 9.0906124115, 9.5666217804, 10.0078001022]
    rubato_start: []
    rubato_stop: []
    perceptual_tempo: "unknown"

sfx:
    inharmonicity:
        dmean: 0.0192924980074
        dmean2: 0.0348315946758
        dvar: 0.000481583061628
        dvar2: 0.00119776348583
        max: 0.201226532459
        mean: 0.0143070463091
        min: 0
        var: 0.000468343147077
    oddtoevenharmonicenergyratio:
        dmean: 2.03382825851
        dmean2: 3.88460159302
        dvar: 23.9472236633
        dvar2: 70.0382156372
        max: 42.9572143555
        mean: 1.34458303452
        min: 0
        var: 14.4544506073
    pitch_after_max_to_before_max_energy_ratio: 3.81045007706
    pitch_centroid: 219.022079468
    pitch_max_to_total: 0.221445217729
    pitch_min_to_total: 0.477855473757
    tristimulus:
        dmean: [0.301242351532, 0.300874829292, 0.00506306765601]
        dmean2: [0.548230648041, 0.547269284725, 0.00909460987896]
        dvar: [0.0611544027925, 0.0614685565233, 3.23086424032e-05]
        dvar2: [0.148508399725, 0.14872764051, 9.30133246584e-05]
        max: [1, 0.925999045372, 0.0463156290352]
        mean: [0.656659901142, 0.333135455847, 0.00479152379557]
        min: [0.0707747489214, 0, 0]
        var: [0.0815415754914, 0.0828373581171, 2.96299367619e-05]

tonal:
    chords_changes_rate: 0.00925925932825
    chords_number_rate: 0.0138888889924
    chords_strength:
        dmean: 0.00304997572675
        dmean2: 0.00330493575893
        dvar: 5.55178348804e-06
        dvar2: 7.47260492062e-06
        max: 0.48787137866
        mean: 0.441593050957
        min: 0.404823243618
        var: 0.000430423649959
    key_strength: 0.817157447338
    tuning_diatonic_strength: 0.537077724934
    tuning_equal_tempered_deviation: 0.0840626657009
    tuning_frequency: 440.254241943
    tuning_nontempered_energy_ratio: 0.637579619884
    hpcp:
        dmean: [0.00816504005343, 0.0102349678054, 0.0137230558321, 0.0265832301229, 0.0449027605355, 0.127317905426, 0.138479635119, 0.191154077649, 0.17734798789, 0.102831244469, 0.086892619729, 0.058483812958, 0.0339402630925, 0.0195173993707, 0.0141667686403, 0.0160110723227, 0.0256311725825, 0.097174346447, 0.138956606388, 0.0827462077141, 0.156102895737, 0.159039318562, 0.0959772542119, 0.0432016141713, 0.0482795611024, 0.0502997636795, 0.0743952617049, 0.0724821984768, 0.0293199997395, 0.0115219512954, 0.0141685949638, 0.0299652852118, 0.0969479084015, 0.102012321353, 0.033364739269, 0.00764194317162]
        dmean2: [0.0162271820009, 0.0196953862906, 0.0260261148214, 0.0489719212055, 0.0737422853708, 0.196440279484, 0.227125063539, 0.311924278736, 0.293204754591, 0.17501758039, 0.150976344943, 0.103311963379, 0.0600296482444, 0.0362069904804, 0.0242971424013, 0.0307692997158, 0.0456916540861, 0.141295939684, 0.215190604329, 0.130100160837, 0.24974822998, 0.248052969575, 0.15318916738, 0.0757466703653, 0.0882239863276, 0.0949840694666, 0.117127612233, 0.10282304883, 0.0460643321276, 0.0211297105998, 0.0258220452815, 0.0514852926135, 0.135024979711, 0.136891409755, 0.0543512888253, 0.0151747595519]
        dvar: [0.000930069829337, 0.000818331551272, 0.00106896797661, 0.00274673127569, 0.00597548158839, 0.0151080871001, 0.0333217084408, 0.0362132638693, 0.0441958904266, 0.0157631337643, 0.0139420377091, 0.0116466674954, 0.00431187124923, 0.00407509924844, 0.00158888974693, 0.00224441895261, 0.0045617967844, 0.0103946644813, 0.0226614773273, 0.00624443544075, 0.0167985931039, 0.0229192804545, 0.00768203148618, 0.00769292237237, 0.0103900618851, 0.00762880919501, 0.00508194975555, 0.00589325698093, 0.00153894932009, 0.000830571167171, 0.000615580647718, 0.00113928015344, 0.0100620938465, 0.0107837794349, 0.00113891053479, 0.000445164710982]
        dvar2: [0.0028986891266, 0.00240848655812, 0.00297358026728, 0.00710739428177, 0.0126392338425, 0.0357511080801, 0.075082115829, 0.0976757630706, 0.119612067938, 0.0379187315702, 0.0347146987915, 0.0287140905857, 0.0092921666801, 0.0116882985458, 0.00429525505751, 0.00654420163482, 0.0128613328561, 0.0198244452477, 0.0481505207717, 0.0136198308319, 0.0392305143178, 0.052565317601, 0.0190993603319, 0.014059969224, 0.0235848184675, 0.0255940258503, 0.0119046727195, 0.0108556561172, 0.00407028151676, 0.00239090318792, 0.00175584701356, 0.003416020656, 0.0216345414519, 0.021976524964, 0.00289384485222, 0.00136280956212]
        max: [0.21652007103, 0.161425992846, 0.204786509275, 0.288958102465, 0.552164316177, 0.865595579147, 1, 1, 1, 0.884988665581, 0.833940446377, 0.745975136757, 0.387060970068, 0.608753859997, 0.302087008953, 0.338326364756, 0.5153606534, 0.877482652664, 1, 0.675559282303, 1, 1, 0.699272751808, 1, 0.945653617382, 0.425292670727, 0.837604403496, 1, 0.313419222832, 0.215181112289, 0.155062824488, 0.287780106068, 0.90331363678, 1, 0.263946473598, 0.137651190162]
        mean: [0.00437826709822, 0.00632519414648, 0.0090647470206, 0.0200474690646, 0.0512287206948, 0.433473557234, 0.810496151447, 0.55610871315, 0.279432743788, 0.196473568678, 0.0915185585618, 0.050001386553, 0.0258271191269, 0.0149162653834, 0.0127547150478, 0.0106232725084, 0.0201725009829, 0.165393844247, 0.237147927284, 0.149030223489, 0.502423942089, 0.672846615314, 0.249468430877, 0.0342352278531, 0.0366007909179, 0.0468794330955, 0.204184263945, 0.247525990009, 0.0743002295494, 0.00884228851646, 0.0120307123289, 0.0363775528967, 0.18458327651, 0.209908619523, 0.0581914819777, 0.00479544885457]
        min: [2.75172187685e-05, 2.37994627241e-05, 3.59303121513e-05, 2.11915976251e-05, 1.50499181473e-05, 0.00772657198831, 0.0243509169668, 0.0465361699462, 0.00010268502956, 0.000173477994394, 6.88842046657e-05, 2.11189762922e-05, 1.37291344799e-05, 5.77043974772e-05, 3.22313317156e-05, 3.0446677556e-05, 2.21919108299e-05, 0.00209489371628, 0.00865379348397, 0.00809010211378, 0.0322729535401, 0.012346339412, 0.022798396647, 2.33264127019e-05, 3.82037869713e-05, 0.000262982823187, 0.000760881521273, 0.000432865315815, 0.000133593086503, 1.58279926836e-05, 1.46841830428e-05, 0.000238948123297, 0.00389218563214, 0.0016304187011, 0.000412670720834, 2.82337896351e-05]
        var: [0.000484426360345, 0.000457566580735, 0.00066847942071, 0.00242058187723, 0.00930885598063, 0.0408975072205, 0.0743644610047, 0.0595941133797, 0.0968810468912, 0.0452842265368, 0.0162608381361, 0.0120337782428, 0.00422032549977, 0.00247004814446, 0.00104728492443, 0.00124576780945, 0.0028253570199, 0.0191116835922, 0.0364876240492, 0.0111762369052, 0.058898512274, 0.0801024362445, 0.0171515885741, 0.00757212657481, 0.00965426210314, 0.0055502098985, 0.0168149266392, 0.0274385325611, 0.00295273563825, 0.000551310309675, 0.000480385118863, 0.0013368986547, 0.0282186418772, 0.0359592810273, 0.00277539226227, 0.000269064912573]
    chords_histogram: [85.648147583, 11.1111106873, 3.24074077606, 0, 0, 0, 0, 0, 0, 0, 0, 0, 0, 0, 0, 0, 0, 0, 0, 0, 0, 0, 0, 0]
    thpcp: [1, 0.686133682728, 0.344767510891, 0.242411479354, 0.112916707993, 0.0616923198104, 0.0318658128381, 0.0184038691223, 0.0157369226217, 0.0131071228534, 0.0248890761286, 0.204064935446, 0.292595982552, 0.183875307441, 0.619896769524, 0.830166339874, 0.307797193527, 0.0422398410738, 0.0451585017145, 0.0578404143453, 0.25192502141, 0.305400580168, 0.0916725248098, 0.0109097231179, 0.0148436389863, 0.0448830649257, 0.227741092443, 0.258987814188, 0.0717973560095, 0.00591668300331, 0.00540195917711, 0.00780410133302, 0.0111841950566, 0.0247348118573, 0.0632066205144, 0.534824967384]
    chords_key: "E"
    chords_scale: "major"
    key_key: "E"
    key_scale: "major"
    chords_progression: ["B", "B", "B", "B", "B", "B", "B", "G#m", "G#m", "G#m", "G#m", "G#m", "G#m", "G#m", "G#m", "G#m", "G#m", "G#m", "G#m", "G#m", "G#m", "G#m", "G#m", "G#m", "G#m", "G#m", "G#m", "G#m", "G#m", "G#m", "G#m", "E", "E", "E", "E", "E", "E", "E", "E", "E", "E", "E", "E", "E", "E", "E", "E", "E", "E", "E", "E", "E", "E", "E", "E", "E", "E", "E", "E", "E", "E", "E", "E", "E", "E", "E", "E", "E", "E", "E", "E", "E", "E", "E", "E", "E", "E", "E", "E", "E", "E", "E", "E", "E", "E", "E", "E", "E", "E", "E", "E", "E", "E", "E", "E", "E", "E", "E", "E", "E", "E", "E", "E", "E", "E", "E", "E", "E", "E", "E", "E", "E", "E", "E", "E", "E", "E", "E", "E", "E", "E", "E", "E", "E", "E", "E", "E", "E", "E", "E", "E", "E", "E", "E", "E", "E", "E", "E", "E", "E", "E", "E", "E", "E", "E", "E", "E", "E", "E", "E", "E", "E", "E", "E", "E", "E", "E", "E", "E", "E", "E", "E", "E", "E", "E", "E", "E", "E", "E", "E", "E", "E", "E", "E", "E", "E", "E", "E", "E", "E", "E", "E", "E", "E", "E", "E", "E", "E", "E", "E", "E", "E", "E", "E", "E", "E", "E", "E", "E", "E", "E", "E", "E", "E", "E", "E", "E", "E", "E", "E", "E", "E", "E", "E", "E", "E"]
