
metadata:
    version:
        essentia: "1.2.2"
    audio_properties:
        analysis_sample_rate: 44100
        bitrate: 128
        channels: 2
        equal_loudness: 1
        length: 10.0048980713
        replay_gain: -5.71464347839
        downmix: "mix"
    tags:
        track: 28
        year: 0
        album: "Splitted by Mp3Splt v. 2.1"
        artist: "From 004.30 To 004.40"
        comment: "http://mp3splt.sf.net"
        genre: ""
        title: "03 Wall Flower.mp3"

highlevel:
    ballroom:
        all:
            ChaChaCha: 0.188652917743
            Jive: 0.236523747444
            Quickstep: 0.137055575848
            Rumba-American: 0.00635565817356
            Rumba-International: 0.0623803474009
            Rumba-Misc: 0.0293802246451
            Samba: 0.170825213194
            Tango: 0.016430882737
            VienneseWaltz: 0.138576716185
            Waltz: 0.013818712905
        probability: 0.236523747444
        value: "Jive"
    culture:
        all:
            non_western: 0.0962490960956
            western: 0.903750896454
        probability: 0.903750896454
        value: "western"
    gender:
        all:
            female: 0.766482949257
            male: 0.233517035842
        probability: 0.766482949257
        value: "female"
    genre_dortmund:
        all:
            alternative: 0.0644270777702
            blues: 0.0190294515342
            electronic: 0.290405660868
            folkcountry: 0.159278959036
            funksoulrnb: 0.121634781361
            jazz: 0.015219155699
            pop: 0.154160887003
            raphiphop: 0.107860855758
            rock: 0.0679831728339
        probability: 0.290405660868
        value: "electronic"
    genre_electronica:
        all:
            ambient: 0.367176741362
            dnb: 0.114414572716
            house: 0.135459840298
            techno: 0.0235228650272
            trance: 0.359425991774
        probability: 0.367176741362
        value: "ambient"
    genre_rosamerica:
        all:
            cla: 0.0732660070062
            dan: 0.148103386164
            hip: 0.0186612028629
            jaz: 0.027097383514
            pop: 0.525061249733
            rhy: 0.173851937056
            roc: 0.027251271531
            spe: 0.00670755142346
        probability: 0.525061249733
        value: "pop"
    genre_tzanetakis:
        all:
            blu: 0.0331976301968
            cla: 0.0196870900691
            cou: 0.206260442734
            dis: 0.110562503338
            hip: 0.0104974294081
            jaz: 0.0138811925426
            met: 0.0109573090449
            pop: 0.348510295153
            reg: 0.108118474483
            roc: 0.138327643275
        probability: 0.348510295153
        value: "pop"
    live_studio:
        all:
            live: 0.00360461254604
            studio: 0.996395409107
        probability: 0.996395409107
        value: "studio"
    mood:
        all:
            Cluster1: 0.0905679687858
            Cluster2: 0.531368136406
            Cluster3: 0.147234767675
            Cluster4: 0.176170438528
            Cluster5: 0.0546586960554
        probability: 0.531368136406
        value: "Cluster2"
    mood_acoustic:
        all:
            acoustic: 0.0187866091728
            not_acoustic: 0.981213390827
        probability: 0.981213390827
        value: "not_acoustic"
    mood_aggressive:
        all:
            aggressive: 0.225937232375
            not_aggressive: 0.774062752724
        probability: 0.774062752724
        value: "not_aggressive"
    mood_electronic:
        all:
            electronic: 0.866935610771
            not_electronic: 0.133064359426
        probability: 0.866935610771
        value: "electronic"
    mood_happy:
        all:
            happy: 0.913533627987
            not_happy: 0.0864663422108
        probability: 0.913533627987
        value: "happy"
    mood_party:
        all:
            not_party: 0.351664274931
            party: 0.648335754871
        probability: 0.648335754871
        value: "party"
    mood_relaxed:
        all:
            not_relaxed: 0.607663393021
            relaxed: 0.392336636782
        probability: 0.607663393021
        value: "not_relaxed"
    mood_sad:
        all:
            not_sad: 0.828586995602
            sad: 0.171412989497
        probability: 0.828586995602
        value: "not_sad"
    rhythm:
        all:
            fast: 0.449459642172
            medium: 0.450948357582
            slow: 0.0995920076966
        probability: 0.450948357582
        value: "medium"
    speech_music:
        all:
            music: 0.999374806881
            speech: 0.000625178508926
        probability: 0.999374806881
        value: "music"
    timbre:
        all:
            bright: 0.174969986081
            dark: 0.82503002882
        probability: 0.82503002882
        value: "dark"
    voice_instrumental:
        all:
            instrumental: 0.021500999108
            voice: 0.978498995304
        probability: 0.978498995304
        value: "voice"

lowlevel:
    average_loudness: 0.974573552608
    barkbands_kurtosis:
        dmean: 1.15131521225
        dmean2: 1.8116492033
        dvar: 2.08355665207
        dvar2: 4.50739431381
        max: 11.4457540512
        mean: 0.196295723319
        min: -1.78256189823
        var: 4.88170146942
    barkbands_skewness:
        dmean: 0.466019123793
        dmean2: 0.66359603405
        dvar: 0.192417040467
        dvar2: 0.345833092928
        max: 3.04242801666
        mean: 0.472218096256
        min: -2.26854372025
        var: 1.05785787106
    barkbands_spread:
        dmean: 6.04160499573
        dmean2: 9.4062461853
        dvar: 33.8387832642
        dvar2: 71.0187606812
        max: 51.2740898132
        mean: 25.9210777283
        min: 7.24381065369
        var: 79.3889465332
    dissonance:
        dmean: 0.0224482249469
        dmean2: 0.0380815453827
        dvar: 0.000396658899263
        dvar2: 0.000915654876735
        max: 0.496528297663
        mean: 0.454340547323
        min: 0.29546096921
        var: 0.000740325252991
    hfc:
        dmean: 3.10759592056
        dmean2: 4.0677318573
        dvar: 20.4013671875
        dvar2: 42.6586494446
        max: 64.1158218384
        mean: 8.40143489838
        min: 0.00994496978819
        var: 57.7845191956
    pitch:
        dmean: 354.323669434
        dmean2: 692.812011719
        dvar: 824101.125
        dvar2: 2055508.5
        max: 4900
        mean: 550.482055664
        min: 116.358840942
        var: 662396.5625
    pitch_instantaneous_confidence:
        dmean: 0.0913978815079
        dmean2: 0.141387268901
        dvar: 0.00541385868564
        dvar2: 0.0117445923388
        max: 0.911018013954
        mean: 0.49504584074
        min: 0.17910027504
        var: 0.0209713950753
    pitch_salience:
        dmean: 0.0656154826283
        dmean2: 0.102935269475
        dvar: 0.00257026380859
        dvar2: 0.00676249479875
        max: 0.845223844051
        mean: 0.600038170815
        min: 0.332632273436
        var: 0.00809023994952
    silence_rate_20dB:
        dmean: 0
        dmean2: 0
        dvar: 0
        dvar2: 0
        max: 1
        mean: 1
        min: 1
        var: 0
    silence_rate_30dB:
        dmean: 0
        dmean2: 0
        dvar: 0
        dvar2: 0
        max: 1
        mean: 1
        min: 1
        var: 0
    silence_rate_60dB:
        dmean: 0.1252900213
        dmean2: 0.248837202787
        dvar: 0.109592348337
        dvar2: 0.219475746155
        max: 1
        mean: 0.287037044764
        min: 0
        var: 0.204646468163
    spectral_centroid:
        dmean: 281.838043213
        dmean2: 397.693939209
        dvar: 77491.4609375
        dvar2: 132844.359375
        max: 3377.31591797
        mean: 1559.6784668
        min: 482.190795898
        var: 376221.90625
    spectral_complexity:
        dmean: 3.55813956261
        dmean2: 4.99766921997
        dvar: 16.2977752686
        dvar2: 30.7668819427
        max: 40
        mean: 12.6682138443
        min: 0
        var: 50.2356071472
    spectral_crest:
        dmean: 2.78181409836
        dmean2: 4.40789794922
        dvar: 5.43878984451
        dvar2: 12.8996953964
        max: 21.6888237
        mean: 9.75247764587
        min: 2.93923282623
        var: 16.6150608063
    spectral_decrease:
        dmean: 3.27490340402e-10
        dmean2: 4.68803107445e-10
        dvar: 9.75524792539e-20
        dvar2: 2.21701671559e-19
        max: -3.62596584702e-12
        mean: -1.06558750712e-09
        min: -3.4891243228e-09
        var: 3.09792451839e-19
    spectral_energy:
        dmean: 0.00148583983537
        dmean2: 0.002087848261
        dvar: 2.28432509175e-06
        dvar2: 4.99777706864e-06
        max: 0.0189842637628
        mean: 0.00478380918503
        min: 1.45871772474e-05
        var: 7.33854130885e-06
    spectral_energyband_high:
        dmean: 0.000312797026709
        dmean2: 0.000450110004749
        dvar: 3.86106108863e-07
        dvar2: 9.42578367358e-07
        max: 0.0085927285254
        mean: 0.000614380463958
        min: 8.39620994952e-08
        var: 6.28427073934e-07
    spectral_energyband_low:
        dmean: 5.56257000426e-05
        dmean2: 8.76328340382e-05
        dvar: 8.26748980387e-09
        dvar2: 2.01006216116e-08
        max: 0.000493991537951
        mean: 7.39581009839e-05
        min: 1.21752677273e-07
        var: 8.99371688234e-09
    spectral_energyband_middle_high:
        dmean: 0.000891819479875
        dmean2: 0.00127857434563
        dvar: 1.13334021989e-06
        dvar2: 2.5473034384e-06
        max: 0.0104579972103
        mean: 0.00222983048297
        min: 2.64217305812e-06
        var: 3.90626246372e-06
    spectral_energyband_middle_low:
        dmean: 0.000686185841914
        dmean2: 0.00105992599856
        dvar: 5.60291823604e-07
        dvar2: 1.3742791225e-06
        max: 0.00714258803055
        mean: 0.001865521539
        min: 1.17369372674e-05
        var: 1.2525654256e-06
    spectral_flatness_db:
        dmean: 0.0202484149486
        dmean2: 0.0304748099297
        dvar: 0.000263233494479
        dvar2: 0.000548196549062
        max: 0.241598024964
        mean: 0.159492522478
        min: 0.0937182754278
        var: 0.000890473544132
    spectral_flux:
        dmean: 0.00899272877723
        dmean2: 0.0133169852197
        dvar: 7.73744031903e-05
        dvar2: 0.000132178043714
        max: 0.112991400063
        mean: 0.0420677736402
        min: 0.00381931639276
        var: 0.0003040356969
    spectral_kurtosis:
        dmean: 1.2936425209
        dmean2: 2.10806751251
        dvar: 2.31682443619
        dvar2: 5.0304441452
        max: 19.9804267883
        mean: 3.83057880402
        min: 0.648369550705
        var: 4.65334415436
    spectral_rms:
        dmean: 0.000334047304932
        dmean2: 0.000456157373264
        dvar: 9.10369948315e-08
        dvar2: 1.82121809189e-07
        max: 0.00430362997577
        mean: 0.00207377783954
        min: 0.000119295400509
        var: 3.66578433386e-07
    spectral_rolloff:
        dmean: 632.324584961
        dmean2: 1022.85241699
        dvar: 567333.5
        dvar2: 1116911.75
        max: 5081.8359375
        mean: 2964.38989258
        min: 409.130859375
        var: 1424274.25
    spectral_skewness:
        dmean: 0.212370216846
        dmean2: 0.325457155704
        dvar: 0.0556722655892
        dvar2: 0.106568746269
        max: 3.65592217445
        mean: 1.41272878647
        min: 0.669023156166
        var: 0.151917666197
    spectral_spread:
        dmean: 529206.5625
        dmean2: 747666.5625
        dvar: 375030939648
        dvar2: 666758152192
        max: 11366443
        mean: 4627977
        min: 2629687.5
        var: 1.2086485975e+12
    spectral_strongpeak:
        dmean: 0.650795102119
        dmean2: 1.12146091461
        dvar: 1.08737385273
        dvar2: 2.72779917717
        max: 6.7427854538
        mean: 1.08198988438
        min: 0.0166855044663
        var: 1.56081426144
    zerocrossingrate:
        dmean: 0.0112168425694
        dmean2: 0.0122855659574
        dvar: 0.000107009800558
        dvar2: 0.000115101138363
        max: 0.15478515625
        mean: 0.0891073644161
        min: 0.017578125
        var: 0.000706761027686
    barkbands:
        dmean: [3.22542950926e-06, 3.52032257069e-05, 2.51461333391e-05, 3.10952818836e-05, 0.000126306520542, 0.000518170301802, 0.000164949509781, 0.000122281780932, 8.69424766279e-05, 5.13615232194e-05, 0.000184597098269, 0.000167154619703, 0.000129818567075, 0.000199977162993, 5.88920374867e-05, 3.36484081345e-05, 0.000122895813547, 0.000308081303956, 0.000147894810652, 0.000191868617549, 0.000175907101948, 2.36405940086e-05, 1.0926775758e-05, 8.27036103601e-07, 7.27767087483e-07, 3.35765086845e-08, 7.31545379828e-10]
        dmean2: [4.25136295235e-06, 5.38654931006e-05, 4.57964815723e-05, 5.33928287041e-05, 0.000213622886804, 0.000748646445572, 0.00026179823908, 0.000199899164727, 0.000135751834023, 8.3473882114e-05, 0.000298455532175, 0.000274025136605, 0.000226122574531, 0.000322774023516, 9.14695629035e-05, 5.55102415092e-05, 0.000192434235942, 0.00047656201059, 0.000212791113881, 0.000275953585515, 0.00027808669256, 3.70481429854e-05, 1.8187403839e-05, 1.19312289826e-06, 1.00518229829e-06, 5.70148337431e-08, 9.09981368036e-10]
        dvar: [2.81931995111e-11, 3.90063048528e-09, 1.76416681263e-09, 3.01397107272e-09, 3.07027860913e-08, 3.31797139097e-07, 4.55453914583e-08, 4.55123654319e-08, 1.71459948461e-08, 1.25575230214e-08, 1.03488787317e-07, 1.30021931e-07, 9.33165651418e-08, 2.54870940353e-07, 1.16508145354e-08, 2.25630469863e-09, 7.30063760557e-08, 3.52495845846e-07, 6.32823287106e-08, 1.12306608457e-07, 2.22583281584e-07, 1.66023361725e-09, 4.43083403301e-10, 1.85977817348e-12, 8.24046018054e-13, 4.0490957382e-15, 1.08566661304e-16]
        dvar2: [5.61679522337e-11, 9.20941189975e-09, 5.15977394144e-09, 8.38578273488e-09, 8.06883804216e-08, 8.17525688035e-07, 1.10721664726e-07, 1.28118770704e-07, 3.78986264593e-08, 2.90945383341e-08, 2.53405403328e-07, 3.50510475755e-07, 2.65212293016e-07, 6.32372632481e-07, 2.69425175503e-08, 5.92331428351e-09, 1.43785257478e-07, 8.42597273731e-07, 1.34296897158e-07, 2.50539642366e-07, 6.07107210726e-07, 3.73630193451e-09, 1.14461351508e-09, 4.11306492337e-12, 1.75110718027e-12, 1.09674537518e-14, 1.08491738593e-16]
        max: [3.7243571569e-05, 0.000375336850993, 0.000251412857324, 0.000397228752263, 0.00110665778629, 0.00512743461877, 0.0024725033436, 0.00189983670134, 0.00110568269156, 0.00143178203143, 0.00312811904587, 0.00342240277678, 0.00310678477399, 0.00505357747898, 0.00153486768249, 0.00045309952111, 0.00337556470186, 0.00542204873636, 0.00270116701722, 0.0044990782626, 0.00702924886718, 0.000260248139966, 0.000120668431919, 1.56241876539e-05, 9.25901713345e-06, 4.71441182981e-07, 2.16808658138e-07]
        mean: [4.44146235168e-06, 4.30090440204e-05, 2.6626043109e-05, 4.17331539211e-05, 0.000175626657438, 0.00104898784775, 0.000298599072266, 0.000175089066033, 0.00012120061001, 7.03251280356e-05, 0.000242763315327, 0.000236184248934, 0.000167217076523, 0.000277142651612, 9.18582663871e-05, 5.00557107443e-05, 0.000192511535715, 0.000552245997824, 0.000244772847509, 0.000383544509532, 0.00028643180849, 3.63679937436e-05, 1.3932886759e-05, 1.70251541931e-06, 1.40307406582e-06, 3.78264282119e-08, 7.11764036598e-10]
        min: [4.94443819221e-09, 7.38013881119e-08, 2.46936657788e-08, 6.9037454864e-08, 2.02723731491e-06, 2.82141718344e-06, 2.52827385339e-06, 5.83481607919e-07, 1.10777432383e-06, 3.88999609413e-07, 2.40189734768e-07, 9.45252679685e-07, 2.90407342618e-07, 7.08878147293e-08, 3.02199140378e-07, 3.83950329308e-08, 7.61367502378e-08, 5.33758104382e-08, 2.82159561493e-07, 1.27088526369e-07, 2.15275015591e-08, 9.97685045689e-09, 1.02772510502e-08, 6.2053340244e-10, 2.06721173512e-09, 5.27339075185e-11, 7.53817852323e-14]
        var: [3.84500695172e-11, 4.02082900308e-09, 1.4229725176e-09, 3.4550791117e-09, 3.46017472452e-08, 9.17821296298e-07, 9.6077187095e-08, 7.23704971506e-08, 2.49290117438e-08, 2.27072334269e-08, 1.69555974594e-07, 1.75245986611e-07, 1.12724258372e-07, 4.2021051172e-07, 2.29551631037e-08, 3.42187500557e-09, 1.48603987782e-07, 8.06328785075e-07, 1.1492680585e-07, 2.92188190087e-07, 2.04952570471e-07, 2.59252486146e-09, 4.50903453464e-10, 4.57268988299e-12, 1.85090441238e-12, 3.96747267879e-15, 1.08687892895e-16]
    mfcc:
        mean: [-715.818603516, 112.269691467, -53.598274231, 46.6468849182, -36.4912490845, -6.4565820694, -4.98330926895, -15.0069541931, -16.6753616333, -12.3160276413, -0.63087028265, 4.30489206314, 1.37030649185]
        cov: [[2208.29614258, -743.655090332, -68.3054199219, 39.3941497803, 57.3140945435, 120.323280334, 80.5261688232, 47.8359107971, 32.3420181274, 73.9143829346, 21.534822464, 31.9826259613, -165.596664429], [-743.655090332, 657.164245605, 64.2491836548, 8.22950172424, -6.16059923172, 27.0759220123, 42.0822944641, 4.7835226059, 10.7404594421, -4.62830924988, -4.48342943192, -25.0422782898, 25.0780849457], [-68.3054199219, 64.2491836548, 366.436004639, 37.8315658569, -20.1738796234, 80.1627960205, -93.8130340576, 30.4078121185, 23.15467453, -50.8427810669, -1.99969184399, -91.8590545654, 7.0375418663], [39.3941497803, 8.22950172424, 37.8315658569, 323.032165527, 82.19556427, -40.6553230286, -115.351844788, 70.541595459, 58.1194038391, -29.0040740967, -10.7205200195, 43.2189483643, 16.2354106903], [57.3140945435, -6.16059923172, -20.1738796234, 82.19556427, 128.988449097, -18.3533287048, 25.3006649017, -0.494046151638, 6.08620023727, -2.91729903221, -16.2254924774, 33.021522522, -11.921880722], [120.323280334, 27.0759220123, 80.1627960205, -40.6553230286, -18.3533287048, 222.498825073, 35.5901947021, 17.8785762787, -24.9013786316, -5.52009868622, 40.7919692993, -77.4405822754, 9.23031806946], [80.5261688232, 42.0822944641, -93.8130340576, -115.351844788, 25.3006649017, 35.5901947021, 231.955001831, -20.4563713074, -36.0861701965, 21.203710556, -12.5623683929, 13.1909770966, -45.9137077332], [47.8359107971, 4.7835226059, 30.4078121185, 70.541595459, -0.494046151638, 17.8785762787, -20.4563713074, 114.504524231, 36.4578819275, -7.19978666306, 2.04277610779, -5.92023468018, 5.14035749435], [32.3420181274, 10.7404594421, 23.15467453, 58.1194038391, 6.08620023727, -24.9013786316, -36.0861701965, 36.4578819275, 87.8547134399, 9.98700141907, 0.772267043591, 5.84750795364, -1.28183555603], [73.9143829346, -4.62830924988, -50.8427810669, -29.0040740967, -2.91729903221, -5.52009868622, 21.203710556, -7.19978666306, 9.98700141907, 71.6795501709, 16.8792362213, 7.23005819321, -5.17210483551], [21.534822464, -4.48342943192, -1.99969184399, -10.7205200195, -16.2254924774, 40.7919692993, -12.5623683929, 2.04277610779, 0.772267043591, 16.8792362213, 87.0735626221, -15.3610420227, 19.1303806305], [31.9826259613, -25.0422782898, -91.8590545654, 43.2189483643, 33.021522522, -77.4405822754, 13.1909770966, -5.92023468018, 5.84750795364, 7.23005819321, -15.3610420227, 113.999916077, -4.13288927078], [-165.596664429, 25.0780849457, 7.0375418663, 16.2354106903, -11.921880722, 9.23031806946, -45.9137077332, 5.14035749435, -1.28183555603, -5.17210483551, 19.1303806305, -4.13288927078, 82.5548324585]]
        icov: [[0.00116796337534, 0.00130570947658, -7.59726244723e-05, -0.000411233137129, -1.07921969175e-05, -0.00109772488941, -0.000293199991575, -0.000180013681529, -0.000467932812171, -0.00107673532329, -0.000101011508377, -0.000515652121976, 0.00192571314983], [0.00130570947658, 0.00313668465242, -0.000505246396642, -0.000848484458402, 0.000325791566866, -0.00113503274042, -0.00125675892923, 5.57140083401e-05, -0.000866148504429, -0.00132166000549, 7.59844406275e-05, -0.000297135789879, 0.00121900218073], [-7.59726244723e-05, -0.000505246396642, 0.00458708731458, 0.000210140220588, -0.000349964131601, -0.00114153767936, 0.00192187924404, -0.000163970646099, -0.00115307164378, 0.00249008415267, 0.000685132225044, 0.00264574727044, 0.000836691528093], [-0.000411233137129, -0.000848484458402, 0.000210140220588, 0.00695940712467, -0.0044168564491, 6.33399977232e-05, 0.00366453547031, -0.00299266818911, -0.00145707430784, 0.0021371843759, 1.37945708047e-05, -0.00186909653712, -0.000359723548172], [-1.07921969175e-05, 0.000325791566866, -0.000349964131601, -0.0044168564491, 0.0116256689653, -3.86664687539e-05, -0.00324959796853, 0.00213746121153, 7.07974177203e-05, -0.000445703335572, 0.000946872169152, -0.00127983419225, 0.000210350000998], [-0.00109772488941, -0.00113503274042, -0.00114153767936, 6.33399977232e-05, -3.86664687539e-05, 0.00853556301445, -0.00190703361295, -0.00124039431103, 0.00252783042379, 0.00106528180186, -0.00291511020623, 0.00439205672592, -0.00271420413628], [-0.000293199991575, -0.00125675892923, 0.00192187924404, 0.00366453547031, -0.00324959796853, -0.00190703361295, 0.00875985994935, -0.00140065001324, 0.00132063508499, -2.78376373899e-05, 0.00113134470303, -0.00126869254746, 0.00330525496975], [-0.000180013681529, 5.57140083401e-05, -0.000163970646099, -0.00299266818911, 0.00213746121153, -0.00124039431103, -0.00140065001324, 0.0120892738923, -0.00416089175269, 0.000857874634676, 0.000341618841048, 0.000564961635973, -0.000921606726479], [-0.000467932812171, -0.000866148504429, -0.00115307164378, -0.00145707430784, 7.07974177203e-05, 0.00252783042379, 0.00132063508499, -0.00416089175269, 0.016329696402, -0.00372530333698, -0.000526256044395, 0.000240983383264, 0.000584666850045], [-0.00107673532329, -0.00132166000549, 0.00249008415267, 0.0021371843759, -0.000445703335572, 0.00106528180186, -2.78376373899e-05, 0.000857874634676, -0.00372530333698, 0.0189951658249, -0.00348275853321, 0.000601165462285, -0.000673913571518], [-0.000101011508377, 7.59844406275e-05, 0.000685132225044, 1.37945708047e-05, 0.000946872169152, -0.00291511020623, 0.00113134470303, 0.000341618841048, -0.000526256044395, -0.00348275853321, 0.0145834702998, 0.000335424148943, -0.00280520319939], [-0.000515652121976, -0.000297135789879, 0.00264574727044, -0.00186909653712, -0.00127983419225, 0.00439205672592, -0.00126869254746, 0.000564961635973, 0.000240983383264, 0.000601165462285, 0.000335424148943, 0.0151627035812, -0.00149595248513], [0.00192571314983, 0.00121900218073, 0.000836691528093, -0.000359723548172, 0.000210350000998, -0.00271420413628, 0.00330525496975, -0.000921606726479, 0.000584666850045, -0.000673913571518, -0.00280520319939, -0.00149595248513, 0.0183765608817]]
    spectral_contrast:
        mean: [3.03276237901e-07, -2.59577547013e-07, -9.90961765979e-08, 2.98576395608e-07, -1.97621901066e-07, -8.64855067562e-08, -9.28366546304e-07, -2.28876297115e-06, 2.39725454776e-06, -3.97843723476e-06, 2.73199475487e-06, 5.93660899995e-07]
        var: [0.001598030678, 0.00172503001522, 0.00193847040646, 0.00213980651461, 0.00308633246459, 0.00560120260343, 0.0496560335159, 0.135715842247, 0.142051145434, 0.294494688511, 0.517207443714, 1.50856852531]

rhythm:
    beats_loudness:
        dmean: 0.00319820945151
        dmean2: 0.00591081846505
        dvar: 4.5727019824e-06
        dvar2: 1.37460701808e-05
        max: 0.014907435514
        mean: 0.00713655585423
        min: 0.00349194835871
        var: 6.82252493789e-06
    beats_loudness_bass:
        dmean: 0.0304937399924
        dmean2: 0.0585353858769
        dvar: 0.000685544509906
        dvar2: 0.00216429610737
        max: 0.10024805367
        mean: 0.0280615482479
        min: 0.00109358644113
        var: 0.000711527885869
    bpm: 110.711517334
    bpm_confidence: 0
    first_peak_bpm: 111
    first_peak_spread: 0
    first_peak_weight: 0.941176474094
    onset_rate: 3.69818854332
    second_peak_bpm: 71
    second_peak_spread: 0
    second_peak_weight: 0.0588235296309
    beats_position: [0.337557822466, 0.87996172905, 1.42236566544, 1.96476972103, 2.50717353821, 3.04957771301, 3.5919816494, 4.13438558578, 4.67678976059, 5.21919345856, 6.06827068329, 6.60981845856, 7.15136766434, 7.69291496277, 8.23446369171, 8.77601146698, 9.3175611496, 9.85910797119]
    bpm_estimates: [110.709869385, 110.671195984, 110.702377319, 110.088104248, 110.701423645, 111.0079422, 110.737487793, 110.630653381, 110.605819702, 110.336753845, 111.018157959, 110.486129761, 111.029754639, 110.659057617, 110.994667053, 112.100357056, 110.493202209, 110.668983459, 110.496955872, 110.490760803, 110.312187195]
    bpm_intervals: [0.542403936386, 0.542403936386, 0.542404055595, 0.542403817177, 0.542404174805, 0.542403936386, 0.542403936386, 0.542404174805, 0.542403697968, 0.849077224731, 0.541547775269, 0.54154920578, 0.541547298431, 0.541548728943, 0.541547775269, 0.541549682617, 0.541546821594]
    onset_times: [0.0464399084449, 0.336689352989, 0.615328788757, 0.905578255653, 1.02167797089, 1.14938771725, 1.4164172411, 1.70666670799, 1.96208620071, 2.28716564178, 2.50775504112, 2.7863945961, 3.32045340538, 3.61070299149, 3.88934230804, 4.15637207031, 4.43501138687, 4.7020406723, 4.9806804657, 5.51473903656, 5.78176879883, 6.07201814651, 6.33904743195, 6.60607719421, 6.88471651077, 7.1517457962, 7.31428575516, 7.4884352684, 7.69741487503, 7.9644446373, 8.24308395386, 8.54494285583, 8.78875255585, 9.05578231812, 9.34603214264, 9.75238132477, 9.8800907135]
    rubato_start: []
    rubato_stop: []
    perceptual_tempo: "unknown"

sfx:
    inharmonicity:
        dmean: 0.0691717788577
        dmean2: 0.127197042108
        dvar: 0.00624371273443
        dvar2: 0.0172607917339
        max: 0.381493449211
        mean: 0.061315484345
        min: 0
        var: 0.00565137388185
    oddtoevenharmonicenergyratio:
        dmean: 17.6818294525
        dmean2: 34.3650665283
        dvar: 27041.4511719
        dvar2: 81049.8203125
        max: 2409.5324707
        mean: 9.97061061859
        min: 0
        var: 13585.9082031
    pitch_after_max_to_before_max_energy_ratio: 17.0837249756
    pitch_centroid: 185.583282471
    pitch_max_to_total: 0.00464037107304
    pitch_min_to_total: 0.730858445168
    tristimulus:
        dmean: [0.230039939284, 0.249153986573, 0.13356269896]
        dmean2: [0.393658876419, 0.436493068933, 0.232411667705]
        dvar: [0.0361320115626, 0.0402601845562, 0.015490741469]
        dvar2: [0.0883415266871, 0.109326012433, 0.04273410514]
        max: [1, 0.96290820837, 0.673578679562]
        mean: [0.353223770857, 0.455092310905, 0.141688749194]
        min: [0.0149919176474, 0, 0]
        var: [0.0562149398029, 0.0619461722672, 0.0188274662942]

tonal:
    chords_changes_rate: 0.0184331797063
    chords_number_rate: 0.0138248847798
    chords_strength:
        dmean: 0.00714109186083
        dmean2: 0.00736308749765
        dvar: 2.87689545075e-05
        dvar2: 3.24542961607e-05
        max: 0.836246371269
        mean: 0.699788272381
        min: 0.516686737537
        var: 0.00675475178286
    key_strength: 0.656320810318
    tuning_diatonic_strength: 0.55691498518
    tuning_equal_tempered_deviation: 0.0965079143643
    tuning_frequency: 441.272583008
    tuning_nontempered_energy_ratio: 0.714207291603
    hpcp:
        dmean: [0.0750996395946, 0.100177526474, 0.178908064961, 0.243422865868, 0.173380568624, 0.127018466592, 0.121364369988, 0.0817099958658, 0.0703751295805, 0.0830517113209, 0.100376352668, 0.150364652276, 0.163796067238, 0.1342446208, 0.108664661646, 0.0960278883576, 0.107270047069, 0.205602750182, 0.262404680252, 0.218615651131, 0.105896539986, 0.0650291666389, 0.0690512508154, 0.0942532867193, 0.126177921891, 0.147248759866, 0.254889905453, 0.255384266376, 0.194226831198, 0.175011053681, 0.156310304999, 0.107401557267, 0.0668705105782, 0.0625887811184, 0.0650916472077, 0.0740929171443]
        dmean2: [0.127661287785, 0.164325356483, 0.290511786938, 0.39553797245, 0.284078657627, 0.209200203419, 0.201885610819, 0.134832158685, 0.114097982645, 0.131608560681, 0.161989405751, 0.247412502766, 0.281137377024, 0.22344507277, 0.186916574836, 0.151960045099, 0.189980238676, 0.354085385799, 0.454057306051, 0.371362417936, 0.183073073626, 0.118213459849, 0.120929829776, 0.15361712873, 0.195488885045, 0.251628696918, 0.406218498945, 0.410897403955, 0.325803995132, 0.29909157753, 0.250163942575, 0.174040079117, 0.109660580754, 0.10330170393, 0.114294111729, 0.127912685275]
        dvar: [0.0165244862437, 0.0186523087323, 0.0308336447924, 0.04413177073, 0.0257396604866, 0.0297497883439, 0.0343497693539, 0.0151724945754, 0.0139161907136, 0.0157799962908, 0.015011577867, 0.0298995897174, 0.0437172688544, 0.0223341584206, 0.0274798534811, 0.0160483587533, 0.0171271581203, 0.0410508662462, 0.0592787750065, 0.0358419157565, 0.0221833605319, 0.0135154724121, 0.0163527671248, 0.0147937228903, 0.0240265354514, 0.0315709039569, 0.0449646525085, 0.0582912005484, 0.033864248544, 0.0440046563745, 0.0456940457225, 0.0215982105583, 0.00965836737305, 0.0100095272064, 0.0109932795167, 0.0140388691798]
        dvar2: [0.0431372001767, 0.0491610318422, 0.0657137781382, 0.11183282733, 0.0689941719174, 0.075342439115, 0.0859170407057, 0.034772016108, 0.0330657884479, 0.0337526649237, 0.0319640338421, 0.0700985342264, 0.102763712406, 0.0552373714745, 0.0690568163991, 0.037550508976, 0.0491081103683, 0.113510653377, 0.134041637182, 0.0845539197326, 0.0576854273677, 0.0386296622455, 0.0391820594668, 0.033648096025, 0.048357181251, 0.0719625800848, 0.115365296602, 0.115453779697, 0.0900978818536, 0.108072929084, 0.103974789381, 0.0493300892413, 0.0242390017956, 0.0249631013721, 0.0271225646138, 0.0362916141748]
        max: [1, 1, 1, 1, 1, 1, 1, 1, 1, 1, 0.997165441513, 1, 1, 1, 1, 1, 1, 1, 1, 1, 0.98097628355, 1, 1, 1, 1, 1, 1, 1, 1, 1, 1, 1, 0.640744686127, 1, 0.690597593784, 0.779401481152]
        mean: [0.0802731662989, 0.127070605755, 0.304886579514, 0.408216178417, 0.258048564196, 0.163709506392, 0.155594959855, 0.106625415385, 0.10030412674, 0.129197999835, 0.158031895757, 0.214140072465, 0.231800019741, 0.166495189071, 0.129268705845, 0.114120043814, 0.112892016768, 0.314876049757, 0.530308961868, 0.350324511528, 0.104313485324, 0.0638785287738, 0.071667432785, 0.125716924667, 0.196993634105, 0.221223279834, 0.396519958973, 0.481828212738, 0.301315248013, 0.232347622514, 0.208863377571, 0.119798697531, 0.075275413692, 0.0734655633569, 0.0731356292963, 0.0764590874314]
        min: [0.000793296610937, 0.000657250813674, 0.0150415329263, 0.0246639028192, 0.0171660948545, 0.00307938293554, 0.00232357904315, 0.00291537307203, 0.000606300134677, 0.000383537175367, 0.00178874412086, 0.00832175184041, 0.0146503895521, 0.00576062127948, 0.00207686494105, 0.00182509468868, 0.00288207200356, 0.011447308585, 0.0183203425258, 0.0155694074929, 0.00242274650373, 0.000259036576608, 0.000391250592656, 0.000953838811256, 0.00230515026487, 0.00385026680306, 0.00236340728588, 0.0151709998026, 0.0179773550481, 0.00175675516948, 0.00148329732474, 0.00129271892365, 0.00115340808406, 0.00113229977433, 0.00160166074056, 0.000955797731876]
        var: [0.0160964950919, 0.0222308523953, 0.0758758634329, 0.0998872593045, 0.0431065373123, 0.0415331013501, 0.0522851869464, 0.0217574387789, 0.0229327082634, 0.0386475808918, 0.0370337069035, 0.048482991755, 0.0696918666363, 0.0339784175158, 0.0310791507363, 0.0227017011493, 0.0162708237767, 0.0539900138974, 0.112089216709, 0.0603080838919, 0.0208791922778, 0.0130261257291, 0.0199212916195, 0.0298555605114, 0.0631857514381, 0.0604069791734, 0.0831440612674, 0.120106711984, 0.0520571880043, 0.0674369335175, 0.0717001333833, 0.0279220361263, 0.0114761115983, 0.0128650609404, 0.0111296903342, 0.0144959790632]
    chords_histogram: [85.2534561157, 6.91244220734, 0, 0, 0, 0, 0, 0, 0, 0, 0, 0, 0, 0, 0, 0, 0, 0, 0, 0, 0, 0, 0, 7.8341012001]
    thpcp: [1, 0.660604536533, 0.196703225374, 0.120455309749, 0.135142788291, 0.237063542008, 0.371469557285, 0.417159229517, 0.747714996338, 0.908580183983, 0.568188130856, 0.438136339188, 0.393852263689, 0.225903585553, 0.141946330667, 0.138533517718, 0.137911364436, 0.144178375602, 0.151370570064, 0.239616170526, 0.574922561646, 0.769770443439, 0.48660042882, 0.308705896139, 0.293404370546, 0.201062813401, 0.189142808318, 0.243627786636, 0.297999680042, 0.403802484274, 0.437103718519, 0.313958853483, 0.243761122227, 0.215195387602, 0.212879702449, 0.593759596348]
    chords_key: "D#"
    chords_scale: "minor"
    key_key: "D#"
    key_scale: "minor"
    chords_progression: ["F#", "F#", "F#", "F#", "F#", "F#", "F#", "F#", "F#", "F#", "F#", "F#", "F#", "F#", "F#", "D#m", "D#m", "D#m", "D#m", "D#m", "D#m", "D#m", "D#m", "D#m", "D#m", "D#m", "D#m", "D#m", "D#m", "D#m", "D#m", "D#m", "D#m", "D#m", "D#m", "D#m", "D#m", "D#m", "D#m", "D#m", "D#m", "D#m", "D#m", "D#m", "D#m", "D#m", "D#m", "D#m", "D#m", "D#m", "D#m", "D#m", "D#m", "D#m", "D#m", "D#m", "D#m", "D#m", "D#m", "D#m", "D#m", "D#m", "D#m", "D#m", "D#m", "D#m", "D#m", "D#m", "D#m", "D#m", "D#m", "D#m", "D#m", "D#m", "D#m", "D#m", "D#m", "D#m", "D#m", "D#m", "D#m", "D#m", "D#m", "D#m", "D#m", "D#m", "D#m", "D#m", "D#m", "D#m", "D#m", "D#m", "D#m", "D#m", "D#m", "D#m", "D#m", "D#m", "D#m", "D#m", "D#m", "D#m", "D#m", "D#m", "D#m", "D#m", "B", "D#m", "D#m", "D#m", "D#m", "D#m", "D#m", "D#m", "D#m", "D#m", "D#m", "D#m", "D#m", "D#m", "D#m", "D#m", "D#m", "D#m", "D#m", "D#m", "D#m", "D#m", "D#m", "D#m", "D#m", "D#m", "D#m", "D#m", "D#m", "D#m", "D#m", "D#m", "D#m", "D#m", "D#m", "D#m", "D#m", "D#m", "D#m", "D#m", "D#m", "D#m", "D#m", "D#m", "D#m", "D#m", "D#m", "D#m", "D#m", "D#m", "D#m", "D#m", "D#m", "D#m", "D#m", "D#m", "D#m", "D#m", "D#m", "D#m", "D#m", "D#m", "D#m", "D#m", "D#m", "D#m", "D#m", "D#m", "D#m", "D#m", "D#m", "D#m", "D#m", "D#m", "D#m", "D#m", "D#m", "D#m", "D#m", "D#m", "D#m", "D#m", "D#m", "D#m", "D#m", "D#m", "D#m", "D#m", "D#m", "D#m", "D#m", "D#m", "D#m", "D#m", "D#m", "B", "B", "B", "B", "B", "B", "B", "B", "B", "B", "B", "B", "B", "B", "B", "B"]
