
metadata:
    version:
        essentia: "1.2.2"
    audio_properties:
        analysis_sample_rate: 44100
        bitrate: 128
        channels: 2
        equal_loudness: 1
        length: 10.0310201645
        replay_gain: -0.946384429932
        downmix: "mix"
    tags:
        track: 6
        year: 0
        album: "Splitted by Mp3Splt v. 2.1"
        artist: "From 000.50 To 001.00"
        comment: "http://mp3splt.sf.net"
        genre: ""
        title: "10 In a State of Permanent Aby"

highlevel:
    ballroom:
        all:
            ChaChaCha: 0.196557477117
            Jive: 0.356750965118
            Quickstep: 0.094400331378
            Rumba-American: 0.00507863983512
            Rumba-International: 0.00841463729739
            Rumba-Misc: 0.00601026974618
            Samba: 0.0791915133595
            Tango: 0.134253844619
            VienneseWaltz: 0.0876442790031
            Waltz: 0.0316980443895
        probability: 0.356750965118
        value: "Jive"
    culture:
        all:
            non_western: 0.0180980358273
            western: 0.981901943684
        probability: 0.981901943684
        value: "western"
    gender:
        all:
            female: 0.536181330681
            male: 0.463818669319
        probability: 0.536181330681
        value: "female"
    genre_dortmund:
        all:
            alternative: 0.0809782594442
            blues: 0.0224947910756
            electronic: 0.101209163666
            folkcountry: 0.196953117847
            funksoulrnb: 0.0548040941358
            jazz: 0.338761776686
            pop: 0.109220102429
            raphiphop: 0.00464616622776
            rock: 0.0909325256944
        probability: 0.338761776686
        value: "jazz"
    genre_electronica:
        all:
            ambient: 0.679525434971
            dnb: 0.0855125784874
            house: 0.0418053679168
            techno: 0.00956746377051
            trance: 0.183589160442
        probability: 0.679525434971
        value: "ambient"
    genre_rosamerica:
        all:
            cla: 0.710228741169
            dan: 0.0220532417297
            hip: 0.0102275274694
            jaz: 0.0418119356036
            pop: 0.112882547081
            rhy: 0.0156559552997
            roc: 0.0843871757388
            spe: 0.0027528423816
        probability: 0.710228741169
        value: "cla"
    genre_tzanetakis:
        all:
            blu: 0.0433478876948
            cla: 0.371845573187
            cou: 0.0490853190422
            dis: 0.037377640605
            hip: 0.00596432713792
            jaz: 0.099739074707
            met: 0.0276753343642
            pop: 0.0273408070207
            reg: 0.00986651610583
            roc: 0.327757507563
        probability: 0.371845573187
        value: "cla"
    live_studio:
        all:
            live: 0.207714140415
            studio: 0.792285859585
        probability: 0.792285859585
        value: "studio"
    mood:
        all:
            Cluster1: 0.182240813971
            Cluster2: 0.318562239408
            Cluster3: 0.101928077638
            Cluster4: 0.250938117504
            Cluster5: 0.146330758929
        probability: 0.318562239408
        value: "Cluster2"
    mood_acoustic:
        all:
            acoustic: 0.0906075835228
            not_acoustic: 0.909392416477
        probability: 0.909392416477
        value: "not_acoustic"
    mood_aggressive:
        all:
            aggressive: 0.133905157447
            not_aggressive: 0.866094827652
        probability: 0.866094827652
        value: "not_aggressive"
    mood_electronic:
        all:
            electronic: 0.47660407424
            not_electronic: 0.523395955563
        probability: 0.523395955563
        value: "not_electronic"
    mood_happy:
        all:
            happy: 0.702426731586
            not_happy: 0.297573268414
        probability: 0.702426731586
        value: "happy"
    mood_party:
        all:
            not_party: 0.690089583397
            party: 0.309910446405
        probability: 0.690089583397
        value: "not_party"
    mood_relaxed:
        all:
            not_relaxed: 0.525271236897
            relaxed: 0.474728763103
        probability: 0.525271236897
        value: "not_relaxed"
    mood_sad:
        all:
            not_sad: 0.578202784061
            sad: 0.421797186136
        probability: 0.578202784061
        value: "not_sad"
    rhythm:
        all:
            fast: 0.593422055244
            medium: 0.362679868937
            slow: 0.0438980795443
        probability: 0.593422055244
        value: "fast"
    speech_music:
        all:
            music: 0.994027018547
            speech: 0.00597297074273
        probability: 0.994027018547
        value: "music"
    timbre:
        all:
            bright: 0.999999761581
            dark: 2.6774873163e-07
        probability: 0.999999761581
        value: "bright"
    voice_instrumental:
        all:
            instrumental: 0.886290192604
            voice: 0.113709829748
        probability: 0.886290192604
        value: "instrumental"

lowlevel:
    average_loudness: 0.931434512138
    barkbands_kurtosis:
        dmean: 0.431864976883
        dmean2: 0.695599675179
        dvar: 0.200912475586
        dvar2: 0.526139557362
        max: 2.58183002472
        mean: -0.907745659351
        min: -1.75693976879
        var: 0.434379726648
    barkbands_skewness:
        dmean: 0.276205986738
        dmean2: 0.448569357395
        dvar: 0.0461663417518
        dvar2: 0.111778557301
        max: 0.371188908815
        mean: -0.589801311493
        min: -1.7722338438
        var: 0.131750941277
    barkbands_spread:
        dmean: 3.13323235512
        dmean2: 5.06303262711
        dvar: 7.06643867493
        dvar2: 17.2280826569
        max: 38.8507461548
        mean: 26.8879776001
        min: 13.2103433609
        var: 18.9349822998
    dissonance:
        dmean: 0.0140441693366
        dmean2: 0.0239780824631
        dvar: 0.000158453156473
        dvar2: 0.000404611346312
        max: 0.498809665442
        mean: 0.47150310874
        min: 0.401097714901
        var: 0.000272299279459
    hfc:
        dmean: 3.08092617989
        dmean2: 5.0096282959
        dvar: 26.8788375854
        dvar2: 66.4507598877
        max: 58.2364883423
        mean: 8.19044303894
        min: 0.0473433583975
        var: 58.4146499634
    pitch:
        dmean: 392.439575195
        dmean2: 759.66998291
        dvar: 824286.5
        dvar2: 2273270.5
        max: 4009.09082031
        mean: 526.519165039
        min: 101.847572327
        var: 582375.875
    pitch_instantaneous_confidence:
        dmean: 0.0964101701975
        dmean2: 0.156102523208
        dvar: 0.00690461555496
        dvar2: 0.0162560883909
        max: 0.901614487171
        mean: 0.542630791664
        min: 0.194065928459
        var: 0.0249787401408
    pitch_salience:
        dmean: 0.0562115013599
        dmean2: 0.0923075675964
        dvar: 0.0024630848784
        dvar2: 0.00540810311213
        max: 0.817380905151
        mean: 0.619448721409
        min: 0.414579153061
        var: 0.00669582188129
    silence_rate_20dB:
        dmean: 0
        dmean2: 0
        dvar: 0
        dvar2: 0
        max: 1
        mean: 1
        min: 1
        var: 0
    silence_rate_30dB:
        dmean: 0
        dmean2: 0
        dvar: 0
        dvar2: 0
        max: 1
        mean: 1
        min: 1
        var: 0
    silence_rate_60dB:
        dmean: 0.101851850748
        dmean2: 0.204176336527
        dvar: 0.0914777815342
        dvar2: 0.176409244537
        max: 1
        mean: 0.612009227276
        min: 0
        var: 0.237453594804
    spectral_centroid:
        dmean: 216.782348633
        dmean2: 347.477966309
        dvar: 32825.9882812
        dvar2: 78800.1015625
        max: 3463.70678711
        mean: 2332.89794922
        min: 1563.15893555
        var: 97160.859375
    spectral_complexity:
        dmean: 2.97215771675
        dmean2: 4.89069747925
        dvar: 12.1059675217
        dvar2: 27.3252868652
        max: 37
        mean: 11.2407407761
        min: 0
        var: 35.5299530029
    spectral_crest:
        dmean: 1.66767930984
        dmean2: 2.84596824646
        dvar: 2.17335510254
        dvar2: 5.96412801743
        max: 14.2421579361
        mean: 6.39507436752
        min: 3.36198377609
        var: 4.48693180084
    spectral_decrease:
        dmean: 2.33412483786e-10
        dmean2: 3.81976061892e-10
        dvar: 1.62042769144e-19
        dvar2: 4.11439533286e-19
        max: -4.62041863103e-12
        mean: -7.03413716163e-10
        min: -4.42064429507e-09
        var: 3.54476179843e-19
    spectral_energy:
        dmean: 0.00115030293819
        dmean2: 0.00188327359501
        dvar: 3.87603995478e-06
        dvar2: 9.75924922386e-06
        max: 0.0219667311758
        mean: 0.00339774368331
        min: 2.17325723497e-05
        var: 8.55395774124e-06
    spectral_energyband_high:
        dmean: 0.000242410373176
        dmean2: 0.00040037886356
        dvar: 1.9453261757e-07
        dvar2: 4.92398839924e-07
        max: 0.00505467224866
        mean: 0.000491192156915
        min: 3.3289509247e-06
        var: 3.15059025979e-07
    spectral_energyband_low:
        dmean: 2.98290547107e-06
        dmean2: 4.85366035718e-06
        dvar: 3.3936856797e-11
        dvar2: 9.017068342e-11
        max: 6.24317399343e-05
        mean: 5.35988692718e-06
        min: 2.14573514512e-09
        var: 7.24586918244e-11
    spectral_energyband_middle_high:
        dmean: 0.000763775256928
        dmean2: 0.00125830003526
        dvar: 1.52980442181e-06
        dvar2: 3.8093673993e-06
        max: 0.0140008684248
        mean: 0.00207786890678
        min: 1.15590073619e-05
        var: 3.50080790668e-06
    spectral_energyband_middle_low:
        dmean: 0.000318342674291
        dmean2: 0.000514938437846
        dvar: 3.08497078549e-07
        dvar2: 7.99800318418e-07
        max: 0.00469152489677
        mean: 0.000823324196972
        min: 6.84253427607e-06
        var: 5.94610639837e-07
    spectral_flatness_db:
        dmean: 0.012595471926
        dmean2: 0.020392568782
        dvar: 0.000132728702738
        dvar2: 0.000304563174723
        max: 0.232040211558
        mean: 0.17315711081
        min: 0.109764829278
        var: 0.000449145270977
    spectral_flux:
        dmean: 0.00929034128785
        dmean2: 0.0148167908192
        dvar: 0.000152050692122
        dvar2: 0.000320379505865
        max: 0.125394061208
        mean: 0.0328335091472
        min: 0.00466182082891
        var: 0.00027447915636
    spectral_kurtosis:
        dmean: 0.965038836002
        dmean2: 1.66294169426
        dvar: 0.883328914642
        dvar2: 2.57600021362
        max: 10.5985631943
        mean: 3.0922961235
        min: 1.02776432037
        var: 1.27017116547
    spectral_rms:
        dmean: 0.000281643908238
        dmean2: 0.000450748280855
        dvar: 1.55795845558e-07
        dvar2: 3.64076441883e-07
        max: 0.00462935818359
        mean: 0.00168631330598
        min: 0.000145610814798
        var: 4.71216964115e-07
    spectral_rolloff:
        dmean: 251.503646851
        dmean2: 457.154663086
        dvar: 72497.15625
        dvar2: 193520.65625
        max: 5447.90039062
        mean: 3797.1706543
        min: 2906.98242188
        var: 178845.78125
    spectral_skewness:
        dmean: 0.139987871051
        dmean2: 0.237765803933
        dvar: 0.0174099951982
        dvar2: 0.0423369035125
        max: 2.69094824791
        mean: 1.22621810436
        min: 0.738008499146
        var: 0.0385343953967
    spectral_spread:
        dmean: 442054.71875
        dmean2: 719711.75
        dvar: 345953501184
        dvar2: 666161315840
        max: 8927627
        mean: 4433405.5
        min: 2575764
        var: 1.11287074816e+12
    spectral_strongpeak:
        dmean: 0.993022859097
        dmean2: 1.76645612717
        dvar: 1.58374881744
        dvar2: 3.89387083054
        max: 9.33129692078
        mean: 1.24997925758
        min: 0.00585968140513
        var: 2.04933810234
    zerocrossingrate:
        dmean: 0.00677589373663
        dmean2: 0.00876294542104
        dvar: 4.43361132056e-05
        dvar2: 6.90658926032e-05
        max: 0.15771484375
        mean: 0.116883456707
        min: 0.0546875
        var: 0.00017116003437
    barkbands:
        dmean: [1.83618364957e-09, 1.70457212789e-07, 2.87198281512e-06, 3.94329663322e-06, 7.7399177826e-05, 7.46202276787e-05, 7.7095675806e-05, 0.000115922528494, 8.81200758158e-05, 5.11209473189e-05, 3.43480714946e-05, 4.99047928315e-05, 5.48986790818e-05, 5.08536177222e-05, 7.17138027539e-05, 7.55784712965e-05, 0.000153027052875, 0.000283853529254, 0.000295998179354, 0.000153620974743, 0.000110199973278, 5.06933611177e-05, 8.07475589681e-06, 2.95389668281e-06, 2.50005837188e-06, 1.50694788204e-07, 1.75351322351e-09]
        dmean2: [2.80897261007e-09, 3.03529390067e-07, 4.66291066914e-06, 6.9175630415e-06, 0.000124589176266, 0.000105069404526, 0.000123352205264, 0.000199348927708, 0.000145936137415, 8.28340198495e-05, 5.20634130226e-05, 8.39346175781e-05, 8.52724988363e-05, 8.09633347671e-05, 0.000116568313388, 0.000126250219182, 0.000264168746071, 0.000494910869747, 0.000491000944749, 0.000259947963059, 0.000186070465134, 8.41904620756e-05, 1.31456454255e-05, 4.71181647299e-06, 4.09936956203e-06, 2.54928863797e-07, 3.03805780533e-09]
        dvar: [1.12289940208e-16, 1.9320527437e-13, 3.1380981147e-11, 1.05695847907e-10, 3.61912420033e-08, 2.00940188932e-08, 2.9563945958e-08, 1.07819289497e-07, 4.38410197035e-08, 1.25087851188e-08, 3.46668982409e-09, 1.96183940204e-08, 7.41800487702e-09, 1.05794057959e-08, 2.54586343118e-08, 1.76550916109e-08, 1.04635070386e-07, 2.21247177024e-07, 2.49246568274e-07, 5.7062433001e-08, 6.244950157e-08, 9.78458736256e-09, 3.16349807461e-10, 7.69367000664e-11, 1.93892582545e-10, 1.1563260115e-12, 1.94000376363e-16]
        dvar2: [1.27291701032e-16, 5.37431319066e-13, 8.35845281877e-11, 2.39742753427e-10, 8.50499404237e-08, 3.22504867256e-08, 6.18719084855e-08, 2.96577098879e-07, 1.23014913811e-07, 3.10417043181e-08, 7.61288188045e-09, 5.52783738783e-08, 1.61010120792e-08, 2.44569271501e-08, 6.75256188742e-08, 4.38272884651e-08, 2.81887423625e-07, 5.73031456952e-07, 5.41942540622e-07, 1.39205695859e-07, 1.62206973187e-07, 2.43591617988e-08, 7.20862480819e-10, 2.03982802871e-10, 5.65351487847e-10, 3.37885795731e-12, 5.28962705258e-16]
        max: [2.12486298778e-07, 4.7190337682e-06, 6.19433267275e-05, 0.00014151011419, 0.00272175646387, 0.00260210456327, 0.00234578317031, 0.00306466780603, 0.00254192808643, 0.00149274372961, 0.000599130580667, 0.00182769773528, 0.00131273479201, 0.0011239417363, 0.00228485977277, 0.00154354050756, 0.00307513633743, 0.00502542033792, 0.00586973782629, 0.00212812144309, 0.00305127562024, 0.00100027048029, 0.000178375645191, 0.000114523827506, 0.000202277762583, 1.55681082106e-05, 1.91685401774e-07]
        mean: [1.72994629732e-09, 1.74622712734e-07, 5.18400975125e-06, 8.06582283985e-06, 0.000158367110998, 0.000183934214874, 0.000139608921017, 0.00018601983902, 0.000143801706145, 8.4071609308e-05, 6.35473697912e-05, 7.30457395548e-05, 9.7477590316e-05, 8.884925046e-05, 0.000113365320431, 0.000125372243929, 0.000242894762778, 0.000487607874675, 0.000587233458646, 0.000303460139548, 0.000194251508219, 8.79031940713e-05, 1.51508302224e-05, 4.88283512823e-06, 3.30893612954e-06, 1.64191718e-07, 1.31501376455e-09]
        min: [2.66072493899e-12, 1.75222725218e-10, 1.96703342503e-09, 2.11074482337e-08, 2.65302992375e-06, 2.26917177315e-06, 1.79947235779e-07, 4.276189145e-07, 3.87760536569e-07, 1.42696606531e-07, 1.12284610054e-07, 4.7852785201e-07, 2.50350382203e-07, 1.96762570681e-07, 1.49378035985e-06, 3.72758677258e-07, 2.71746716862e-06, 3.6412911868e-06, 1.84843190709e-06, 9.79609353635e-07, 2.35671859627e-06, 2.32597372474e-07, 6.29441814226e-08, 3.06897707247e-09, 2.59287813442e-10, 6.79553913141e-11, 1.72073455745e-13]
        var: [1.10398846509e-16, 1.45886070151e-13, 6.86572465547e-11, 3.70667579963e-10, 7.89591325656e-08, 9.74003242504e-08, 8.38081035681e-08, 1.49434555397e-07, 4.80892587973e-08, 1.79819306112e-08, 7.2459616085e-09, 1.81761592444e-08, 1.90332070105e-08, 1.59297695035e-08, 3.65530894442e-08, 2.77474789812e-08, 1.28790119902e-07, 3.99491426606e-07, 6.51578034194e-07, 1.07655459658e-07, 8.75396466427e-08, 1.51821328842e-08, 5.73939729076e-10, 8.23194082344e-11, 1.19416004862e-10, 6.86897750051e-13, 1.12491203177e-16]
    mfcc:
        mean: [-726.313232422, 61.9930877686, -79.3169326782, 28.3328170776, -41.6966896057, -23.5636119843, -22.3088378906, -19.3702106476, -18.1802902222, -15.2741203308, -7.74337244034, -14.2444677353, -13.7917613983]
        cov: [[1670.32849121, -388.015197754, 128.278396606, 31.8633003235, -34.4886169434, -67.885887146, -65.7370986938, -14.1825046539, -9.9597902298, -54.0752830505, 97.9671096802, 67.1005096436, 66.7926483154], [-388.015197754, 555.555847168, -156.496627808, 152.30430603, 112.34021759, 142.797531128, 39.548374176, 96.4749069214, 3.78339743614, -34.7645339966, 40.1305656433, -4.84847640991, -14.5347547531], [128.278396606, -156.496627808, 155.719024658, -72.9563446045, -13.5252094269, -47.0320243835, 19.8341293335, -2.09595060349, 42.6493148804, 49.4042167664, -6.6062078476, 1.68663060665, 28.2618598938], [31.8633003235, 152.30430603, -72.9563446045, 151.343688965, 52.6396560669, 54.955997467, -22.1267204285, 11.9223833084, -35.0114898682, -47.232460022, 14.4425926208, 12.0157737732, -2.99429988861], [-34.4886169434, 112.34021759, -13.5252094269, 52.6396560669, 80.3523788452, 51.8097610474, 22.0903625488, 23.0387458801, 17.2283744812, 3.8776717186, 12.9802036285, -4.19861698151, -1.56189084053], [-67.885887146, 142.797531128, -47.0320243835, 54.955997467, 51.8097610474, 91.2101974487, 25.8831214905, 45.2436561584, -0.583631277084, -4.06345796585, 26.0352916718, -8.41959857941, -2.56927728653], [-65.7370986938, 39.548374176, 19.8341293335, -22.1267204285, 22.0903625488, 25.8831214905, 67.5300979614, 32.2028999329, 41.3881645203, 29.6248111725, 4.3872833252, -9.50882053375, -1.55637490749], [-14.1825046539, 96.4749069214, -2.09595060349, 11.9223833084, 23.0387458801, 45.2436561584, 32.2028999329, 105.673797607, 19.3947868347, 25.7633323669, 40.4992027283, -9.783618927, 10.0761594772], [-9.9597902298, 3.78339743614, 42.6493148804, -35.0114898682, 17.2283744812, -0.583631277084, 41.3881645203, 19.3947868347, 118.540237427, 8.95397853851, 12.3629055023, -10.5091428757, 5.29228878021], [-54.0752830505, -34.7645339966, 49.4042167664, -47.232460022, 3.8776717186, -4.06345796585, 29.6248111725, 25.7633323669, 8.95397853851, 129.563690186, 4.33849668503, -21.2547054291, 16.861656189], [97.9671096802, 40.1305656433, -6.6062078476, 14.4425926208, 12.9802036285, 26.0352916718, 4.3872833252, 40.4992027283, 12.3629055023, 4.33849668503, 97.8936233521, 1.5898989439, 21.8791828156], [67.1005096436, -4.84847640991, 1.68663060665, 12.0157737732, -4.19861698151, -8.41959857941, -9.50882053375, -9.783618927, -10.5091428757, -21.2547054291, 1.5898989439, 93.7910919189, -7.94549131393], [66.7926483154, -14.5347547531, 28.2618598938, -2.99429988861, -1.56189084053, -2.56927728653, -1.55637490749, 10.0761594772, 5.29228878021, 16.861656189, 21.8791828156, -7.94549131393, 74.7814178467]]
        icov: [[0.00102392386179, 0.00111123023089, -0.000394806062104, -0.00108810013626, -0.000359833065886, 0.000184226693818, 0.000153467801283, -0.000551134522539, 4.68717826152e-06, 0.000581620784942, -0.00105917314067, -0.000452541338746, -0.000386319326935], [0.00111123023089, 0.00595562718809, 0.00333585264161, -0.00278632203117, -0.00326254358515, -0.00127568317112, -0.0012654386228, -0.0031152528245, -0.000741572526749, 0.000793677289039, -0.000503914663568, -0.000883270229679, -0.000998681527562], [-0.000394806062104, 0.00333585264161, 0.0147553961724, 0.00231833639555, -0.00533067015931, 0.00492007378489, -0.00272552086972, -0.00255118939094, -0.00255714217201, -0.00221438007429, 0.00162148708478, -0.00161027570721, -0.00410312926397], [-0.00108810013626, -0.00278632203117, 0.00231833639555, 0.0168831944466, -0.00801665987819, -0.0029699774459, 0.00602718163282, 0.000138921459438, 0.00283219711855, 0.00259570870548, 0.00122101197485, -0.000783443159889, -0.00115879043005], [-0.000359833065886, -0.00326254358515, -0.00533067015931, -0.00801665987819, 0.0288774780929, -0.0109559800476, -0.00267892470583, 0.00431014411151, -0.00419970462099, -0.00323724164627, 0.000152971508214, 0.000663561979309, 0.00202398467809], [0.000184226693818, -0.00127568317112, 0.00492007378489, -0.0029699774459, -0.0109559800476, 0.030247123912, -0.00926186982542, -0.00576968258247, 0.00370083143935, 0.0014857040951, -0.00312389759347, 0.00153890927322, -0.000515224935953], [0.000153467801283, -0.0012654386228, -0.00272552086972, 0.00602718163282, -0.00267892470583, -0.00926186982542, 0.0300440713763, -0.00335042993538, -0.00695253210142, -0.00341889588162, 0.00274468981661, -0.000585108879022, 0.00198864145204], [-0.000551134522539, -0.0031152528245, -0.00255118939094, 0.000138921459438, 0.00431014411151, -0.00576968258247, -0.00335042993538, 0.0171585157514, -0.00057548325276, -0.00272986455821, -0.00424737855792, 0.000805138552096, 0.000351066817529], [4.68717826152e-06, -0.000741572526749, -0.00255714217201, 0.00283219711855, -0.00419970462099, 0.00370083143935, -0.00695253210142, -0.00057548325276, 0.0134561788291, 0.00310455425642, -0.00202121166512, 0.00126439647283, -2.28385652008e-05], [0.000581620784942, 0.000793677289039, -0.00221438007429, 0.00259570870548, -0.00323724164627, 0.0014857040951, -0.00341889588162, -0.00272986455821, 0.00310455425642, 0.0117107108235, -0.000694102724083, 0.00156422494911, -0.00163527356926], [-0.00105917314067, -0.000503914663568, 0.00162148708478, 0.00122101197485, 0.000152971508214, -0.00312389759347, 0.00274468981661, -0.00424737855792, -0.00202121166512, -0.000694102724083, 0.0149006452411, -0.000811280566268, -0.00333675253205], [-0.000452541338746, -0.000883270229679, -0.00161027570721, -0.000783443159889, 0.000663561979309, 0.00153890927322, -0.000585108879022, 0.000805138552096, 0.00126439647283, 0.00156422494911, -0.000811280566268, 0.0119258621708, 0.0018180826446], [-0.000386319326935, -0.000998681527562, -0.00410312926397, -0.00115879043005, 0.00202398467809, -0.000515224935953, 0.00198864145204, 0.000351066817529, -2.28385652008e-05, -0.00163527356926, -0.00333675253205, 0.0018180826446, 0.0165859442204]]
    spectral_contrast:
        mean: [-9.17827023272e-08, -1.3022993528e-07, -4.10169995746e-08, -1.94767139305e-07, 6.90023796324e-07, -4.76871662158e-08, -1.94094513972e-06, 4.62211957597e-09, 7.86450193857e-09, -7.0573554467e-07, -8.05214597221e-07, -4.4667608563e-06]
        var: [0.00025557691697, 0.000582954264246, 0.000961156678386, 0.00181916309521, 0.00319383642636, 0.00498880865052, 0.0327586308122, 0.0610452480614, 0.0964826196432, 0.146793708205, 0.313066214323, 0.925477325916]

rhythm:
    beats_loudness:
        dmean: 0.00254145404324
        dmean2: 0.00437726825476
        dvar: 4.72927467854e-06
        dvar2: 1.52401462401e-05
        max: 0.0114384228364
        mean: 0.00443072011694
        min: 0.000958762364462
        var: 5.7783131524e-06
    beats_loudness_bass:
        dmean: 0.00647681066766
        dmean2: 0.0121654449031
        dvar: 3.28736678057e-05
        dvar2: 5.90726085647e-05
        max: 0.0191520899534
        mean: 0.00375343789347
        min: 6.80223020026e-05
        var: 3.04200857499e-05
    bpm: 116.702140808
    bpm_confidence: 0
    first_peak_bpm: 117
    first_peak_spread: 0
    first_peak_weight: 0.947368443012
    onset_rate: 4.18701171875
    second_peak_bpm: 109
    second_peak_spread: 0
    second_peak_weight: 0.0526315793395
    beats_position: [0.100861355662, 0.614847838879, 1.12883424759, 1.64282083511, 2.15680718422, 2.67079377174, 3.18478035927, 3.69876694679, 4.21275377274, 4.72674036026, 5.24072694778, 5.75471353531, 6.30647325516, 6.82074689865, 7.33502054214, 7.84929418564, 8.36356735229, 8.87784099579, 9.39211463928, 9.90638828278]
    bpm_estimates: [116.80443573, 116.590087891, 117.044296265, 116.551528931, 116.752761841, 116.665779114, 116.658699036, 116.855667114, 116.637611389, 116.575080872, 116.688941956, 116.600822449]
    bpm_intervals: [0.513986468315, 0.51398640871, 0.513986587524, 0.513986349106, 0.513986587524, 0.513986587524, 0.513986587524, 0.513986825943, 0.513986587524, 0.513986587524, 0.513986587524, 0.551759719849, 0.514273643494, 0.514273643494, 0.514273643494, 0.514273166656, 0.514273643494, 0.514273643494, 0.514273643494]
    onset_times: [0.0464399084449, 0.359909296036, 0.487619042397, 0.731428563595, 0.893968224525, 1.1261677742, 1.64861679077, 1.90403628349, 2.04335594177, 2.28716564178, 2.43809533119, 2.68190479279, 2.94893431664, 3.20435380936, 3.44816327095, 3.59909296036, 3.84290242195, 3.98222231865, 4.22603178024, 4.5046710968, 4.74848079681, 5.01551008224, 5.15482997894, 5.39863967896, 5.52634906769, 5.78176879883, 6.3042178154, 6.6989569664, 6.82666683197, 6.91954660416, 7.10530614853, 7.33750581741, 7.85995483398, 8.103764534, 8.25469398499, 8.498503685, 8.64943313599, 8.88163280487, 9.14866256714, 9.4040813446, 9.65950107574, 9.79882049561]
    rubato_start: []
    rubato_stop: []
    perceptual_tempo: "unknown"

sfx:
    inharmonicity:
        dmean: 0.0607089325786
        dmean2: 0.111163571477
        dvar: 0.00575735606253
        dvar2: 0.0174960643053
        max: 0.456382453442
        mean: 0.0548295006156
        min: 0
        var: 0.00483829062432
    oddtoevenharmonicenergyratio:
        dmean: 1.95587563515
        dmean2: 3.65354466438
        dvar: 26.4486083984
        dvar2: 78.0574874878
        max: 63.1275138855
        mean: 1.52336418629
        min: 0
        var: 15.6679420471
    pitch_after_max_to_before_max_energy_ratio: 2.53029346466
    pitch_centroid: 201.035888672
    pitch_max_to_total: 0.0462962947786
    pitch_min_to_total: 0.925925910473
    tristimulus:
        dmean: [0.167340070009, 0.207219898701, 0.14375731349]
        dmean2: [0.299564570189, 0.364815562963, 0.257429599762]
        dvar: [0.0248016864061, 0.0366267710924, 0.0154999820516]
        dvar2: [0.0726499706507, 0.100830867887, 0.0411156006157]
        max: [1, 0.999530792236, 0.727357625961]
        mean: [0.292080760002, 0.484733760357, 0.18172480166]
        min: [0.00028795079561, 0, 0]
        var: [0.0290053933859, 0.0423751175404, 0.0193865615875]

tonal:
    chords_changes_rate: 0.0506912432611
    chords_number_rate: 0.0230414755642
    chords_strength:
        dmean: 0.00904725398868
        dmean2: 0.00638807751238
        dvar: 4.47281345259e-05
        dvar2: 3.95502502215e-05
        max: 0.557623028755
        mean: 0.465536504984
        min: 0.314696490765
        var: 0.00308855064213
    key_strength: 0.600094079971
    tuning_diatonic_strength: 0.443127989769
    tuning_equal_tempered_deviation: 0.0266375429928
    tuning_frequency: 454.990661621
    tuning_nontempered_energy_ratio: 0.594232738018
    hpcp:
        dmean: [0.20418971777, 0.180303409696, 0.112485259771, 0.123208552599, 0.0962372347713, 0.0856871902943, 0.1110766083, 0.0962694510818, 0.098124653101, 0.134486734867, 0.12227858603, 0.0556026399136, 0.0549994260073, 0.069959320128, 0.135703116655, 0.180354624987, 0.128910988569, 0.042411878705, 0.0326044745743, 0.0893035531044, 0.152306333184, 0.179225817323, 0.14136505127, 0.0887914150953, 0.152685269713, 0.137161374092, 0.104865156114, 0.0922205522656, 0.0722573772073, 0.122011326253, 0.177235722542, 0.160723522305, 0.112511634827, 0.072439648211, 0.0576052255929, 0.125838398933]
        dmean2: [0.343708127737, 0.289031207561, 0.169904023409, 0.19840618968, 0.164469778538, 0.145177066326, 0.185765177011, 0.165886029601, 0.16413192451, 0.213588371873, 0.199798598886, 0.0961307734251, 0.0945745036006, 0.118504367769, 0.215646326542, 0.299557328224, 0.198616951704, 0.0714046061039, 0.0543803647161, 0.158877834678, 0.264700978994, 0.308970540762, 0.23099155724, 0.15592443943, 0.267288446426, 0.224560171366, 0.168874636292, 0.156524166465, 0.125351026654, 0.194802746177, 0.294888585806, 0.269977122545, 0.197685673833, 0.12485589087, 0.09916356951, 0.21091106534]
        dvar: [0.0460399314761, 0.0246164333075, 0.0128328390419, 0.0230675786734, 0.0136329811066, 0.0126526728272, 0.0269740838557, 0.0139176305383, 0.0150199150667, 0.0285189785063, 0.017287267372, 0.00433746213093, 0.00586612522602, 0.0137632843107, 0.0247989017516, 0.0451416112483, 0.0153174148872, 0.00281624146737, 0.00136403669603, 0.0125892646611, 0.0262689869851, 0.0316561982036, 0.020040050149, 0.00979056768119, 0.0370074100792, 0.0215797387064, 0.0132140889764, 0.0130097270012, 0.00691543426365, 0.016885926947, 0.0455083698034, 0.0268636960536, 0.0123780295253, 0.00514372577891, 0.00500770844519, 0.0184604302049]
        dvar2: [0.0991222932935, 0.0642781555653, 0.0292775779963, 0.0463043786585, 0.0330549366772, 0.0352889336646, 0.0651625916362, 0.0328324325383, 0.0372849032283, 0.0529823042452, 0.0373561680317, 0.0116038480774, 0.0137658193707, 0.0344867967069, 0.0628586634994, 0.0918509215117, 0.0345446504653, 0.00718169286847, 0.00315132085234, 0.02996503748, 0.0691904500127, 0.0776786208153, 0.0490876920521, 0.0272350758314, 0.107092097402, 0.0597373992205, 0.0319861061871, 0.0352101400495, 0.0169053096324, 0.045137129724, 0.0923680737615, 0.0602403320372, 0.0347630679607, 0.0141827957705, 0.0136791076511, 0.0487095937133]
        max: [1, 1, 0.88649135828, 1, 0.822711646557, 0.794873416424, 1, 0.769498348236, 1, 1, 0.844404399395, 0.489975750446, 0.641973018646, 1, 1, 1, 0.937665462494, 0.471022158861, 0.270943582058, 0.883634090424, 1, 1, 0.821163952351, 0.719791650772, 1, 0.88179397583, 0.831975400448, 0.9218069911, 0.567143678665, 1, 1, 0.947770237923, 0.785727024078, 0.53027677536, 0.416239649057, 1]
        mean: [0.485646605492, 0.366519272327, 0.204392656684, 0.250853657722, 0.175377488136, 0.15548799932, 0.241957366467, 0.183259993792, 0.211086392403, 0.359932303429, 0.239731326699, 0.102521516383, 0.101396515965, 0.0964816138148, 0.322144657373, 0.534564614296, 0.306011170149, 0.0641561970115, 0.052113648504, 0.123696938157, 0.314303547144, 0.479809105396, 0.302596509457, 0.138966888189, 0.251994490623, 0.232509702444, 0.168201386929, 0.14956535399, 0.127009764314, 0.223804607987, 0.363726943731, 0.308901041746, 0.196384593844, 0.138454169035, 0.0963631570339, 0.250952869654]
        min: [0.0220158323646, 0.0236966945231, 0.0135010611266, 0.0114458203316, 0.0042115515098, 0.00399077683687, 0.00876580178738, 0.0065181250684, 0.0122193256393, 0.00881160516292, 0.0184308588505, 0.00448739854619, 0.00409931037575, 0.00512629048899, 0.0372697338462, 0.0388081967831, 0.0113608827814, 0.00242285453714, 0.0021239661146, 0.00240254448727, 0.0151586933061, 0.0320009738207, 0.0159328151494, 0.000721346063074, 0.00585305597633, 0.0101192314178, 0.00495557440445, 0.00934498663992, 0.007304164581, 0.00924402661622, 0.0108430869877, 0.0170660279691, 0.0113018630072, 0.0131369745359, 0.00626341579482, 0.00860507041216]
        var: [0.126631885767, 0.0624879151583, 0.0239501353353, 0.0671308040619, 0.0306608844548, 0.0221877023578, 0.0834389552474, 0.0338388122618, 0.0360480956733, 0.120538972318, 0.0498471446335, 0.00866428203881, 0.012053146027, 0.0127911120653, 0.0463004522026, 0.12627877295, 0.0475757829845, 0.00514847179875, 0.00276856706478, 0.0180428307503, 0.0429739430547, 0.119881279767, 0.0559424310923, 0.0155866062269, 0.0607773214579, 0.0370229557157, 0.0222340095788, 0.0173847880214, 0.0116910515353, 0.0342320017517, 0.116496294737, 0.0575536563993, 0.0196176953614, 0.0086644589901, 0.00663900421932, 0.0332198403776]
    chords_histogram: [10.1382484436, 0, 42.8571434021, 15.6682024002, 0, 0, 0, 0, 0, 0, 0, 0, 0, 0, 0, 0, 0, 0, 0, 0, 0, 0, 21.6589870453, 9.67741966248]
    thpcp: [1, 0.57244938612, 0.120015792549, 0.0974880233407, 0.231397539377, 0.587961733341, 0.897569894791, 0.566061615944, 0.25996273756, 0.471401363611, 0.434951543808, 0.314651191235, 0.279789090157, 0.237594783306, 0.418667078018, 0.680417180061, 0.577855408192, 0.367372989655, 0.259003609419, 0.180264756083, 0.469452828169, 0.908490002155, 0.685640752316, 0.382353514433, 0.469267219305, 0.328075379133, 0.290868490934, 0.452625095844, 0.342821031809, 0.394875347614, 0.673318624496, 0.448460906744, 0.191785082221, 0.189680561423, 0.180486351252, 0.602629959583]
    chords_key: "A"
    chords_scale: "minor"
    key_key: "D"
    key_scale: "minor"
    chords_progression: ["Am", "Am", "Am", "Am", "Am", "Am", "Am", "Am", "Am", "Am", "Am", "Am", "Am", "Am", "Am", "Am", "Am", "Am", "Am", "Am", "Am", "Am", "Am", "Am", "Am", "Am", "Am", "Am", "Am", "Am", "Am", "Am", "Am", "Am", "Am", "Am", "Am", "Am", "Am", "Am", "Am", "Am", "Am", "Am", "Am", "C", "C", "Gm", "Gm", "Gm", "Gm", "Gm", "Gm", "Gm", "Gm", "C", "C", "C", "C", "C", "C", "C", "C", "C", "C", "C", "Gm", "Gm", "Gm", "Gm", "Gm", "Gm", "Gm", "Gm", "Gm", "Gm", "Gm", "Gm", "Gm", "Gm", "Gm", "Gm", "Gm", "Gm", "Gm", "Gm", "Gm", "Gm", "A#", "A#", "A#", "A#", "A#", "A#", "A#", "A#", "A#", "A#", "A#", "A#", "A#", "A#", "A#", "A#", "A#", "A#", "A#", "A#", "A#", "Dm", "Dm", "Dm", "Dm", "Dm", "Dm", "Dm", "Dm", "Dm", "Dm", "Dm", "Dm", "Dm", "Dm", "Dm", "Dm", "Dm", "Dm", "Dm", "Dm", "Dm", "Dm", "Am", "Am", "Am", "Am", "Am", "Am", "Am", "Am", "Am", "Am", "Am", "Am", "Am", "Am", "Am", "Am", "Am", "Am", "Am", "Am", "Am", "Am", "Am", "Am", "Am", "Am", "Am", "Am", "Am", "Am", "Am", "Am", "Am", "Am", "Am", "Am", "Am", "Am", "Am", "Am", "Am", "Am", "Am", "Am", "Am", "Am", "Am", "Am", "C", "C", "C", "Gm", "Gm", "Gm", "Gm", "C", "C", "C", "C", "C", "C", "C", "C", "C", "C", "C", "C", "C", "C", "C", "C", "C", "C", "Gm", "Gm", "Gm", "Gm", "Gm", "Gm", "Gm", "Gm", "Gm", "Gm", "Gm", "Gm", "Gm"]
