
metadata:
    version:
        essentia: "1.2.2"
    audio_properties:
        analysis_sample_rate: 44100
        bitrate: 128
        channels: 2
        equal_loudness: 1
        length: 10.0832653046
        replay_gain: -12.4971084595
        downmix: "mix"
    tags:
        track: 31
        year: 0
        album: "Splitted by Mp3Splt v. 2.1"
        artist: "From 005.00 To 005.10"
        comment: "http://mp3splt.sf.net"
        genre: ""
        title: "01 For Your Own Good.mp3"

highlevel:
    ballroom:
        all:
            ChaChaCha: 0.321683228016
            Jive: 0.0567854456604
            Quickstep: 0.0270510818809
            Rumba-American: 0.0596080198884
            Rumba-International: 0.029738580808
            Rumba-Misc: 0.143465667963
            Samba: 0.0430012531579
            Tango: 0.0430669113994
            VienneseWaltz: 0.160249635577
            Waltz: 0.115350164473
        probability: 0.321683228016
        value: "ChaChaCha"
    culture:
        all:
            non_western: 0.863757789135
            western: 0.136242240667
        probability: 0.863757789135
        value: "non_western"
    gender:
        all:
            female: 0.728628695011
            male: 0.271371304989
        probability: 0.728628695011
        value: "female"
    genre_dortmund:
        all:
            alternative: 0.00728444568813
            blues: 1.88165483905e-06
            electronic: 0.991322577
            folkcountry: 8.18438566057e-05
            funksoulrnb: 3.23281856254e-05
            jazz: 0.000162234762684
            pop: 0.000160384050105
            raphiphop: 0.000116214629088
            rock: 0.000838063191622
        probability: 0.991322577
        value: "electronic"
    genre_electronica:
        all:
            ambient: 0.986346900463
            dnb: 0.00150372670032
            house: 0.0046537485905
            techno: 0.0044483486563
            trance: 0.00304730469361
        probability: 0.986346900463
        value: "ambient"
    genre_rosamerica:
        all:
            cla: 0.500507175922
            dan: 0.108508244157
            hip: 0.0818846225739
            jaz: 0.0721762776375
            pop: 0.0199021995068
            rhy: 0.0993899554014
            roc: 0.0781518146396
            spe: 0.0394796840847
        probability: 0.500507175922
        value: "cla"
    genre_tzanetakis:
        all:
            blu: 0.148144483566
            cla: 0.354856073856
            cou: 0.0319870561361
            dis: 0.0395375937223
            hip: 0.0499435700476
            jaz: 0.0828520208597
            met: 0.0374335609376
            pop: 0.0567226335406
            reg: 0.146888241172
            roc: 0.0516347810626
        probability: 0.354856073856
        value: "cla"
    live_studio:
        all:
            live: 0.39133232832
            studio: 0.60866767168
        probability: 0.60866767168
        value: "studio"
    mood:
        all:
            Cluster1: 0.149692609906
            Cluster2: 0.158907726407
            Cluster3: 0.25424695015
            Cluster4: 0.419208854437
            Cluster5: 0.0179438591003
        probability: 0.419208854437
        value: "Cluster4"
    mood_acoustic:
        all:
            acoustic: 0.16216263175
            not_acoustic: 0.837837398052
        probability: 0.837837398052
        value: "not_acoustic"
    mood_aggressive:
        all:
            aggressive: 0.0893104597926
            not_aggressive: 0.910689532757
        probability: 0.910689532757
        value: "not_aggressive"
    mood_electronic:
        all:
            electronic: 0.888165175915
            not_electronic: 0.111834853888
        probability: 0.888165175915
        value: "electronic"
    mood_happy:
        all:
            happy: 0.0826334953308
            not_happy: 0.917366504669
        probability: 0.917366504669
        value: "not_happy"
    mood_party:
        all:
            not_party: 0.821188747883
            party: 0.178811252117
        probability: 0.821188747883
        value: "not_party"
    mood_relaxed:
        all:
            not_relaxed: 0.259623497725
            relaxed: 0.740376472473
        probability: 0.740376472473
        value: "relaxed"
    mood_sad:
        all:
            not_sad: 0.999999880791
            sad: 1.00000008274e-07
        probability: 0.999999880791
        value: "not_sad"
    rhythm:
        all:
            fast: 0.024764854461
            medium: 0.378864616156
            slow: 0.596370518208
        probability: 0.596370518208
        value: "slow"
    speech_music:
        all:
            music: 0.999999880791
            speech: 1.00000008274e-07
        probability: 0.999999880791
        value: "music"
    timbre:
        all:
            bright: 0.272985875607
            dark: 0.727014124393
        probability: 0.727014124393
        value: "dark"
    voice_instrumental:
        all:
            instrumental: 0.987848460674
            voice: 0.0121515132487
        probability: 0.987848460674
        value: "instrumental"

lowlevel:
    average_loudness: 0.85979527235
    barkbands_kurtosis:
        dmean: 41.3503570557
        dmean2: 68.7770309448
        dvar: 3777.14892578
        dvar2: 9904.48632812
        max: 597.015136719
        mean: 67.7640914917
        min: -1.55195057392
        var: 5720.55419922
    barkbands_skewness:
        dmean: 1.37862014771
        dmean2: 2.14774179459
        dvar: 1.4452226162
        dvar2: 3.40032863617
        max: 5.86162233353
        mean: -0.898297607899
        min: -5.34772872925
        var: 2.62319397926
    barkbands_spread:
        dmean: 1.51622879505
        dmean2: 2.35520482063
        dvar: 8.08795452118
        dvar2: 20.0718250275
        max: 37.0506248474
        mean: 3.78249168396
        min: 0.012068035081
        var: 38.1524200439
    dissonance:
        dmean: 0.0289122220129
        dmean2: 0.0534108132124
        dvar: 0.00264690932818
        dvar2: 0.00720535917208
        max: 0.499990493059
        mean: 0.476062595844
        min: 0.158831462264
        var: 0.00182797515299
    hfc:
        dmean: 2.28355741501
        dmean2: 3.87607979774
        dvar: 5.11197185516
        dvar2: 12.6788864136
        max: 21.4550895691
        mean: 6.67014360428
        min: 0.000384949089494
        var: 23.2494239807
    pitch:
        dmean: 82.9363174438
        dmean2: 160.215774536
        dvar: 70845.140625
        dvar2: 186571.015625
        max: 1633.33337402
        mean: 1479.57885742
        min: 124.225349426
        var: 92964.40625
    pitch_instantaneous_confidence:
        dmean: 0.0415001176298
        dmean2: 0.0684270709753
        dvar: 0.0032860650681
        dvar2: 0.00875387061387
        max: 0.99150800705
        mean: 0.873586773872
        min: 0.423902571201
        var: 0.017926601693
    pitch_salience:
        dmean: 0.112211540341
        dmean2: 0.196117475629
        dvar: 0.00861174240708
        dvar2: 0.0207720734179
        max: 0.942323327065
        mean: 0.49680891633
        min: 0.187258124352
        var: 0.0125048635527
    silence_rate_20dB:
        dmean: 0
        dmean2: 0
        dvar: 0
        dvar2: 0
        max: 1
        mean: 1
        min: 1
        var: 0
    silence_rate_30dB:
        dmean: 0
        dmean2: 0
        dvar: 0
        dvar2: 0
        max: 1
        mean: 1
        min: 1
        var: 0
    silence_rate_60dB:
        dmean: 0.0689655169845
        dmean2: 0.138248845935
        dvar: 0.0642095059156
        dvar2: 0.142177164555
        max: 1
        mean: 0.41513761878
        min: 0
        var: 0.242798388004
    spectral_centroid:
        dmean: 59.4834747314
        dmean2: 84.2378692627
        dvar: 9743.71777344
        dvar2: 19639.6542969
        max: 2562.40356445
        mean: 1558.03991699
        min: 817.383117676
        var: 21889.8808594
    spectral_complexity:
        dmean: 1.19815671444
        dmean2: 2.03464198112
        dvar: 1.54138195515
        dvar2: 4.01034069061
        max: 20
        mean: 5.54712629318
        min: 0
        var: 15.4017686844
    spectral_crest:
        dmean: 1.69601762295
        dmean2: 2.81539392471
        dvar: 3.36521434784
        dvar2: 8.97084903717
        max: 26.7351951599
        mean: 22.1987514496
        min: 7.93597126007
        var: 18.4549102783
    spectral_decrease:
        dmean: 3.37111144555e-10
        dmean2: 5.84497394929e-10
        dvar: 1.10834563586e-19
        dvar2: 2.8405002249e-19
        max: -4.4267188656e-14
        mean: -9.80332370837e-10
        min: -2.98889424322e-09
        var: 4.94655919162e-19
    spectral_energy:
        dmean: 0.00147309130989
        dmean2: 0.00254976330325
        dvar: 2.114081326e-06
        dvar2: 5.41418739886e-06
        max: 0.0128083815798
        mean: 0.00430499855429
        min: 2.0199055939e-07
        var: 9.48220167629e-06
    spectral_energyband_high:
        dmean: 2.5935623853e-05
        dmean2: 3.30303628289e-05
        dvar: 5.34628874505e-09
        dvar2: 6.51738485402e-09
        max: 0.0014158176491
        mean: 7.12592009222e-05
        min: 1.21478183068e-09
        var: 3.22487068161e-08
    spectral_energyband_low:
        dmean: 4.8125673402e-07
        dmean2: 8.1653666939e-07
        dvar: 2.76457762932e-12
        dvar2: 8.32922186084e-12
        max: 1.87863624888e-05
        mean: 6.66017001549e-07
        min: 1.23759960613e-10
        var: 5.24188244894e-12
    spectral_energyband_middle_high:
        dmean: 0.00149336759932
        dmean2: 0.00258355680853
        dvar: 2.16300850298e-06
        dvar2: 5.5112791415e-06
        max: 0.0119352936745
        mean: 0.0039235423319
        min: 1.91764840451e-07
        var: 7.50621165935e-06
    spectral_energyband_middle_low:
        dmean: 0.000154307752382
        dmean2: 0.000228470744332
        dvar: 1.60879139344e-07
        dvar2: 3.23262383972e-07
        max: 0.00589893804863
        mean: 0.000309538852889
        min: 2.32993890847e-09
        var: 5.18155388818e-07
    spectral_flatness_db:
        dmean: 0.0316744782031
        dmean2: 0.0544768609107
        dvar: 0.000869829382282
        dvar2: 0.00166644609999
        max: 0.726879954338
        mean: 0.435727536678
        min: 0.131563797593
        var: 0.0254670288414
    spectral_flux:
        dmean: 0.00889623258263
        dmean2: 0.0140137206763
        dvar: 6.98746589478e-05
        dvar2: 0.000160873576533
        max: 0.0831335112453
        mean: 0.0391333512962
        min: 0.00458247866482
        var: 0.000316522317007
    spectral_kurtosis:
        dmean: 26.3644943237
        dmean2: 40.7424316406
        dvar: 1467.01599121
        dvar2: 3681.61743164
        max: 432.140228271
        mean: 86.4101028442
        min: -0.888781785965
        var: 11878.7207031
    spectral_rms:
        dmean: 0.000343780440744
        dmean2: 0.000588248367421
        dvar: 8.41183549483e-08
        dvar2: 1.97908931909e-07
        max: 0.00353496568277
        mean: 0.00188956037164
        min: 1.40379470395e-05
        var: 6.29563430721e-07
    spectral_rolloff:
        dmean: 109.898216248
        dmean2: 196.881530762
        dvar: 164916.078125
        dvar2: 433461.75
        max: 5878.56445312
        mean: 1679.6427002
        min: 1528.85742188
        var: 191861.4375
    spectral_skewness:
        dmean: 0.986888468266
        dmean2: 1.55146825314
        dvar: 1.45591700077
        dvar2: 3.18381929398
        max: 18.0244121552
        mean: 6.17854833603
        min: 0.463185161352
        var: 23.7751522064
    spectral_spread:
        dmean: 551629.75
        dmean2: 693673.8125
        dvar: 1.41589282816e+12
        dvar2: 1.67940246733e+12
        max: 29539506
        mean: 2589179.25
        min: 224369.328125
        var: 7.10708297728e+12
    spectral_strongpeak:
        dmean: 0.84766125679
        dmean2: 1.39274704456
        dvar: 0.590951681137
        dvar2: 1.60034441948
        max: 7.64691448212
        mean: 1.86595797539
        min: 0.00176452635787
        var: 1.39556992054
    zerocrossingrate:
        dmean: 0.00241552968509
        dmean2: 0.0028473676648
        dvar: 1.70308649103e-05
        dvar2: 1.53098189912e-05
        max: 0.12353515625
        mean: 0.0725922659039
        min: 0.00927734375
        var: 7.92813807493e-05
    barkbands:
        dmean: [1.80243897585e-09, 1.52807018594e-07, 4.22716709636e-07, 7.18248429621e-06, 0.000143442128319, 4.18273339164e-06, 6.20274886387e-06, 4.023027941e-06, 1.89438887901e-05, 1.05337658169e-05, 0.000127162173158, 3.06567781081e-05, 8.9517023298e-05, 0.00142463867087, 5.49538272026e-05, 8.99972383195e-06, 1.23486943266e-05, 2.61918685283e-05, 9.95814662019e-06, 1.13299802251e-05, 9.06222794583e-06, 7.09744699634e-06, 6.91632749295e-06, 2.45034539148e-06, 1.2462619452e-06, 2.49829916754e-08, 4.18328649499e-10]
        dmean2: [2.90493051835e-09, 2.62506858917e-07, 7.33234173822e-07, 1.15326138257e-05, 0.000217992172111, 6.38896335659e-06, 9.60972101893e-06, 6.13956353845e-06, 2.86541453534e-05, 1.65297333297e-05, 0.000214848405449, 5.19007517141e-05, 0.000124719881569, 0.00249115773477, 9.33486662689e-05, 1.45843368955e-05, 1.924946082e-05, 3.92021938751e-05, 1.56870300998e-05, 1.63540280482e-05, 1.29461286633e-05, 7.83314135333e-06, 9.32228067541e-06, 2.90978800876e-06, 1.25792257677e-06, 2.77026028783e-08, 6.82826239995e-10]
        dvar: [3.48713108083e-17, 3.40599916977e-13, 2.5944654411e-12, 1.54432477917e-09, 1.55521647116e-07, 1.98267013918e-10, 2.9753763342e-10, 9.81431325098e-11, 3.12246983825e-09, 1.02781683164e-09, 1.75873680064e-07, 6.96384550025e-09, 9.21743659177e-09, 2.00098293135e-06, 5.22442533679e-09, 4.13654721587e-10, 1.21961796218e-09, 5.07677500039e-09, 6.5377986358e-10, 8.18161316474e-10, 5.21808374288e-10, 6.35943020466e-10, 8.37406033405e-10, 1.3052443848e-10, 3.68276971419e-11, 1.66512650565e-14, 1.10639559376e-17]
        dvar2: [7.63944309085e-17, 1.07531572622e-12, 7.98283140979e-12, 4.04012290289e-09, 3.13159091547e-07, 3.95544152987e-10, 6.60124455099e-10, 1.97887789488e-10, 6.87145895739e-09, 2.80120193707e-09, 4.827148814e-07, 1.87407103169e-08, 2.16631246275e-08, 5.17333728567e-06, 1.2592904497e-08, 9.12816044973e-10, 2.88215118438e-09, 1.15641487497e-08, 1.25105814597e-09, 1.61261737297e-09, 9.0319041135e-10, 8.10666589413e-10, 1.80798453986e-09, 1.53985574292e-10, 4.53081842877e-11, 2.15700243447e-14, 2.78231364193e-17]
        max: [7.79839552933e-08, 5.85906309425e-06, 1.78410446097e-05, 0.000642165192403, 0.00579029647633, 0.000191288549104, 0.00020473470795, 0.000136748800287, 0.000699110561982, 0.000332390976837, 0.00667766528204, 0.00127133179922, 0.00106400286313, 0.0104898670688, 0.00120907695964, 0.00030106480699, 0.000632319191936, 0.00108003371861, 0.000453200103948, 0.000414809852373, 0.00030152220279, 0.000489721249323, 0.000544242793694, 0.000221692636842, 0.000120958888147, 2.48663809543e-06, 4.95109340193e-08]
        mean: [2.50655318723e-09, 1.7511378303e-07, 4.8859897106e-07, 6.35181868347e-06, 0.000247321877396, 4.73745740237e-06, 1.12103407446e-05, 7.23224411558e-06, 2.6407858968e-05, 1.24093176055e-05, 0.00015705676924, 4.14289243054e-05, 0.000231221827562, 0.00323120015673, 0.000120182819956, 1.52582151713e-05, 2.60238102783e-05, 5.60888802283e-05, 2.77169001492e-05, 2.57664651144e-05, 2.39010551013e-05, 1.44665045809e-05, 1.18214084068e-05, 4.45932801085e-06, 2.02961473406e-06, 4.33469438121e-08, 3.17383369586e-10]
        min: [3.99714441233e-13, 7.91637328607e-12, 7.6933778792e-11, 5.92297322299e-11, 5.57508379739e-11, 3.23541575475e-11, 3.56908919086e-10, 2.37547412296e-11, 1.72800163067e-10, 1.13685012793e-10, 2.54092413776e-09, 9.49534584294e-09, 3.26117657323e-08, 9.58420542929e-08, 2.93621074121e-08, 9.47360501158e-09, 1.17115228626e-09, 8.21369972037e-10, 5.06917952059e-10, 5.32629051975e-10, 4.7720116747e-10, 1.24128998746e-10, 4.71740216335e-11, 2.45004155852e-11, 7.58595443406e-12, 9.1100022491e-13, 8.30508567733e-13]
        var: [7.39801487808e-17, 4.47700877022e-13, 3.24237294999e-12, 1.30052335567e-09, 4.401598801e-07, 2.46562076311e-10, 7.80838838033e-10, 2.90799800906e-10, 5.49712986242e-09, 1.2359007151e-09, 2.19465363216e-07, 1.00188835006e-08, 4.29603481678e-08, 4.99750194649e-06, 1.52770542883e-08, 7.55723039703e-10, 4.04971034484e-09, 1.66335087926e-08, 4.0639154264e-09, 3.16288595315e-09, 2.43504505448e-09, 2.8721738321e-09, 2.59721755214e-09, 3.94224042299e-10, 1.09024213268e-10, 4.90975600562e-14, 5.73797406545e-18]
    mfcc:
        mean: [-933.606689453, 88.1173324585, -126.220024109, -32.2067375183, 1.68791151047, 50.3830680847, -5.26509046555, -36.6091346741, -36.0637779236, -2.23781943321, 0.884461700916, -18.073474884, -34.4174194336]
        cov: [[32591.9980469, -2639.48706055, 5376.07080078, 2825.49902344, -3969.20996094, -5296.90673828, -52.6936683655, 1211.71704102, 190.718353271, -2307.28417969, -2111.59838867, -953.141357422, -895.943603516], [-2639.48706055, 1146.84912109, -639.383728027, 153.691772461, 280.089172363, 326.149597168, 268.373809814, -350.118164062, 87.9331436157, 208.073745728, 201.459518433, 170.329742432, 78.3148345947], [5376.07080078, -639.383728027, 1286.53259277, 411.386077881, -586.119018555, -855.340881348, -62.2951812744, 251.163391113, 57.5666275024, -383.645812988, -345.099090576, -153.697784424, -114.446853638], [2825.49902344, 153.691772461, 411.386077881, 490.930938721, -381.155212402, -509.566772461, 122.988212585, -23.8244915009, 78.0121002197, -192.696533203, -165.404769897, -40.0332603455, -64.3591842651], [-3969.20996094, 280.089172363, -586.119018555, -381.155212402, 626.040100098, 619.25402832, -0.404220372438, -120.927185059, -47.0190048218, 262.470336914, 262.165374756, 139.47593689, 107.459625244], [-5296.90673828, 326.149597168, -855.340881348, -509.566772461, 619.25402832, 1004.95111084, -58.3809432983, -144.120132446, -47.174533844, 405.73526001, 343.136413574, 133.100906372, 145.679824829], [-52.6936683655, 268.373809814, -62.2951812744, 122.988212585, -0.404220372438, -58.3809432983, 179.599472046, -94.9844741821, 56.3739967346, 0.81604462862, 32.2679214478, 40.6916618347, 13.9530515671], [1211.71704102, -350.118164062, 251.163391113, -23.8244915009, -120.927185059, -144.120132446, -94.9844741821, 214.682830811, -16.8990764618, -79.2791900635, -99.7362365723, -56.0154418945, -37.899230957], [190.718353271, 87.9331436157, 57.5666275024, 78.0121002197, -47.0190048218, -47.174533844, 56.3739967346, -16.8990764618, 86.6777420044, 8.05135154724, 3.46853113174, 1.99170148373, 11.7164888382], [-2307.28417969, 208.073745728, -383.645812988, -192.696533203, 262.470336914, 405.73526001, 0.81604462862, -79.2791900635, 8.05135154724, 228.695510864, 179.693008423, 79.3112411499, 85.8399276733], [-2111.59838867, 201.459518433, -345.099090576, -165.404769897, 262.165374756, 343.136413574, 32.2679214478, -99.7362365723, 3.46853113174, 179.693008423, 186.798599243, 87.1597518921, 80.5173416138], [-953.141357422, 170.329742432, -153.697784424, -40.0332603455, 139.47593689, 133.100906372, 40.6916618347, -56.0154418945, 1.99170148373, 79.3112411499, 87.1597518921, 92.664680481, 46.057434082], [-895.943603516, 78.3148345947, -114.446853638, -64.3591842651, 107.459625244, 145.679824829, 13.9530515671, -37.899230957, 11.7164888382, 85.8399276733, 80.5173416138, 46.057434082, 64.6747436523]]
        icov: [[0.000892273208592, 0.000211569524254, -0.000868717732374, -0.0012185703963, 0.00176811707206, 0.00183566706255, -1.80198694579e-05, -0.00124071619939, 0.00105375924613, 0.000110734123155, -1.31176329887e-05, 9.50978865148e-05, 0.00116957677528], [0.000211569524254, 0.00466726114973, 0.00133828923572, -0.00423430465162, -0.00128763972316, -0.000445137528004, -0.00195303908549, 0.00263051898219, -0.00154036178719, -0.00290735415183, 0.00378419156186, -0.00310797966085, 0.0021788214799], [-0.000868717732374, 0.00133828923572, 0.00408913148567, -0.000815415638499, -0.00240600691177, -0.000850430224091, 0.00120119540952, 0.0008571879589, -0.0035247572232, 0.0013740559807, 0.00130896677729, -0.000820964865852, -0.00330406799912], [-0.0012185703963, -0.00423430465162, -0.000815415638499, 0.0138899609447, 0.00213723652996, -0.000210728598177, -0.00109417294152, 0.00309938238934, -0.00248699379154, 0.00137442571577, 0.00137387623545, -0.00208498444408, -0.00199779332615], [0.00176811707206, -0.00128763972316, -0.00240600691177, 0.00213723652996, 0.0108886249363, 0.0021656237077, -0.00029709294904, -0.00257800868712, 0.00348788080737, 0.00283131492324, -0.00410844665021, -0.00339020369574, 0.00264509185217], [0.00183566706255, -0.000445137528004, -0.000850430224091, -0.000210728598177, 0.0021656237077, 0.0105908298865, 0.00213423673995, -0.00238093128428, 0.00252741714939, -0.00483802333474, -0.00179367198143, 0.0024181981571, 0.00141864549369], [-1.80198694579e-05, -0.00195303908549, 0.00120119540952, -0.00109417294152, -0.00029709294904, 0.00213423673995, 0.0144249359146, 0.00103127676994, -0.00609595282003, 0.00606370717287, -0.00690090563148, -0.00149860454258, -0.000954584218562], [-0.00124071619939, 0.00263051898219, 0.0008571879589, 0.00309938238934, -0.00257800868712, -0.00238093128428, 0.00103127676994, 0.0137718236074, -0.00388109846972, -0.00405491143465, 0.00843449309468, -0.0041866931133, 0.00028828647919], [0.00105375924613, -0.00154036178719, -0.0035247572232, -0.00248699379154, 0.00348788080737, 0.00252741714939, -0.00609595282003, -0.00388109846972, 0.0226963497698, -0.00641767028719, -0.00168871041387, 0.00602580606937, -0.0024792002514], [0.000110734123155, -0.00290735415183, 0.0013740559807, 0.00137442571577, 0.00283131492324, -0.00483802333474, 0.00606370717287, -0.00405491143465, -0.00641767028719, 0.033790435642, -0.0187033768743, 0.000357726297807, -0.00929306820035], [-1.31176329887e-05, 0.00378419156186, 0.00130896677729, 0.00137387623545, -0.00410844665021, -0.00179367198143, -0.00690090563148, 0.00843449309468, -0.00168871041387, -0.0187033768743, 0.0461764931679, -0.0105309654027, -0.00864071305841], [9.50978865148e-05, -0.00310797966085, -0.000820964865852, -0.00208498444408, -0.00339020369574, 0.0024181981571, -0.00149860454258, -0.0041866931133, 0.00602580606937, 0.000357726297807, -0.0105309654027, 0.0292595010251, -0.00968348886818], [0.00116957677528, 0.0021788214799, -0.00330406799912, -0.00199779332615, 0.00264509185217, 0.00141864549369, -0.000954584218562, 0.00028828647919, -0.0024792002514, -0.00929306820035, -0.00864071305841, -0.00968348886818, 0.044412214309]]
    spectral_contrast:
        mean: [-2.80163249045e-07, 2.05601764947e-07, 1.49628206714e-07, 2.92268282465e-07, 1.37022171387e-09, -2.2704574576e-07, 1.99627606889e-06, 1.31609795062e-06, 1.01670445929e-06, -1.53875896558e-06, 5.83303403801e-07, 3.06929678118e-07]
        var: [0.000555276637897, 0.000668978958856, 0.00087678921409, 0.00114326982293, 0.00182189163752, 0.0042981817387, 0.0376034043729, 0.0578637085855, 0.10192604363, 0.343506634235, 0.701239109039, 15.0566978455]

rhythm:
    beats_loudness:
        dmean: 0.00103454233613
        dmean2: 0.00184534990694
        dvar: 1.38875236644e-06
        dvar2: 4.9354030125e-06
        max: 0.0111373597756
        mean: 0.00495543098077
        min: 0.000517889682669
        var: 8.99408860278e-06
    beats_loudness_bass:
        dmean: 0.000208097306313
        dmean2: 0.000358404475264
        dvar: 2.4922954367e-07
        dvar2: 6.95495145919e-07
        max: 0.00214414531365
        mean: 0.000173967986484
        min: 2.2871320482e-07
        var: 1.89806911521e-07
    bpm: 176.838745117
    bpm_confidence: 0
    first_peak_bpm: 176
    first_peak_spread: 0
    first_peak_weight: 0.962962985039
    onset_rate: 6.04962778091
    second_peak_bpm: 111
    second_peak_spread: 0
    second_peak_weight: 0.037037037313
    beats_position: [0.353781461716, 0.693955421448, 1.03412950039, 1.37430346012, 1.71447741985, 2.05465126038, 2.39482522011, 2.73499917984, 3.07517313957, 3.4153470993, 3.75552105904, 4.09569501877, 4.43586921692, 4.77604293823, 5.11621713638, 5.4563908577, 5.79656505585, 6.33660697937, 6.67520952225, 7.0138130188, 7.35241603851, 7.69101905823, 8.02962207794, 8.36822509766, 8.70682811737, 9.04543113708, 9.38403511047, 9.72263717651]
    bpm_estimates: [174.92124939, 177.047821045, 175.802230835, 177.777603149, 177.749069214, 177.634185791, 177.068481445, 176.363571167, 177.18460083]
    bpm_intervals: [0.340173959732, 0.340174078941, 0.340173959732, 0.340173959732, 0.340173840523, 0.340173959732, 0.340173959732, 0.340173959732, 0.340173959732, 0.340173959732, 0.340173959732, 0.340174198151, 0.340173721313, 0.340174198151, 0.340173721313, 0.340174198151, 0.540041923523, 0.338602542877, 0.338603496552, 0.338603019714, 0.338603019714, 0.338603019714, 0.338603019714, 0.338603019714, 0.338603019714, 0.338603973389, 0.33860206604]
    onset_times: [0.0464399084449, 0.18575963378, 0.371519267559, 0.510838985443, 0.568888902664, 0.708208620548, 1.03328800201, 1.17260766029, 1.38158726692, 1.52090704441, 1.84598636627, 2.0549659729, 2.20589566231, 2.48453521729, 2.54258513451, 2.89088439941, 3.22757363319, 3.63392281532, 3.73841261864, 3.77324271202, 3.93578219414, 4.09832191467, 4.2492518425, 4.65560102463, 4.76009082794, 4.94585037231, 5.11999988556, 5.27092981339, 5.3754196167, 5.50312948227, 5.66566896439, 5.78176879883, 5.81659841537, 5.97913837433, 6.14167785645, 6.29260778427, 6.46675729752, 6.52480745316, 6.68734693527, 6.80344676971, 6.84988641739, 7.00081634521, 7.1517457962, 7.4884352684, 7.54648542404, 7.70902490616, 7.8251247406, 7.87156438828, 8.03410434723, 8.17342376709, 8.39401340485, 8.51011371613, 8.71909332275, 8.84680271149, 8.88163280487, 9.06739234924, 9.19510173798, 9.41569137573, 9.52018165588, 9.72916126251, 9.90331077576]
    rubato_start: []
    rubato_stop: []
    perceptual_tempo: "unknown"

sfx:
    inharmonicity:
        dmean: 0.0723762363195
        dmean2: 0.132258191705
        dvar: 0.00837227422744
        dvar2: 0.0229330323637
        max: 0.460479676723
        mean: 0.0588320530951
        min: 5.35273603219e-09
        var: 0.00675383489579
    oddtoevenharmonicenergyratio:
        dmean: 67877.71875
        dmean2: 127115.898438
        dvar: 44864417792
        dvar2: 134748774400
        max: 1764470.125
        mean: 47292.640625
        min: 5.62132015602e-07
        var: 33648404480
    pitch_after_max_to_before_max_energy_ratio: 0.474804550409
    pitch_centroid: 225.713729858
    pitch_max_to_total: 0.698850572109
    pitch_min_to_total: 0.110344827175
    tristimulus:
        dmean: [0.325572818518, 0.402449011803, 0.0269483756274]
        dmean2: [0.630315184593, 0.783444046974, 0.049927983433]
        dvar: [0.169311717153, 0.19317150116, 0.00699839182198]
        dvar2: [0.436507642269, 0.451051473618, 0.0206346902996]
        max: [0.998814642429, 0.999492287636, 0.98945748806]
        mean: [0.235164701939, 0.663163125515, 0.0192253310233]
        min: [0.000235217914451, 0, 0]
        var: [0.137965992093, 0.182321310043, 0.00455608218908]

tonal:
    chords_changes_rate: 0.0410958901048
    chords_number_rate: 0.0182648394257
    chords_strength:
        dmean: 0.00683607999235
        dmean2: 0.00977332890034
        dvar: 2.92569839075e-05
        dvar2: 5.29831741005e-05
        max: 0.644628465176
        mean: 0.596298515797
        min: 0.491783291101
        var: 0.00137865752913
    key_strength: 0.581012964249
    tuning_diatonic_strength: 0.701741635799
    tuning_equal_tempered_deviation: 0.201333746314
    tuning_frequency: 443.316436768
    tuning_nontempered_energy_ratio: 0.886622548103
    hpcp:
        dmean: [0.0163768250495, 0.0212591830641, 0.0168228670955, 0.00775482226163, 0.0221795011312, 0.0502827689052, 0.0596605055034, 0.0518594644964, 0.0247904714197, 0.0084201078862, 0.00445095542818, 0.00277240131982, 0.00284301862121, 0.00322687323205, 0.00528740556911, 0.00530225550756, 0.00671485904604, 0.0127124702558, 0.0112845655531, 0.00533980503678, 0.0138845304027, 0.0229425411671, 0.0242926962674, 0.0173103045672, 0.0280852913857, 0.0312721766531, 0.0995954200625, 0.351782590151, 0.385252445936, 0.345325410366, 0.321755021811, 0.354413539171, 0.173320099711, 0.0423859506845, 0.0357933752239, 0.0235990993679]
        dmean2: [0.028166083619, 0.0363511815667, 0.0298634115607, 0.0138212693855, 0.0412019193172, 0.0885957553983, 0.0932393744588, 0.0932545959949, 0.0449464432895, 0.0138038564473, 0.00695819361135, 0.00448762252927, 0.00462649390101, 0.00547133013606, 0.00906570442021, 0.00808058772236, 0.0112532451749, 0.0224102903157, 0.018096877262, 0.00785034522414, 0.0221514925361, 0.0378225706518, 0.0452320240438, 0.0308992192149, 0.0488646030426, 0.0549611970782, 0.173600107431, 0.630784511566, 0.590352892876, 0.660185158253, 0.528224110603, 0.572828352451, 0.279901236296, 0.0697697922587, 0.0639504492283, 0.0406488440931]
        dvar: [0.000683563703205, 0.000994270667434, 0.000813674821984, 0.000281766318949, 0.00552992336452, 0.0160905793309, 0.0151490159333, 0.0172639489174, 0.0118522495031, 0.000632092298474, 0.000113961104944, 4.788152728e-05, 4.10339271184e-05, 5.8680157963e-05, 0.000166546742548, 0.000199224930839, 0.000223428374738, 0.000913719297387, 0.000588673399761, 5.76673664909e-05, 0.000411046203226, 0.000727031845599, 0.000825533468742, 0.00034625918488, 0.00218886183575, 0.00212143245153, 0.00917596556246, 0.0918234959245, 0.040326487273, 0.0490337274969, 0.0519094318151, 0.0576950088143, 0.016285598278, 0.00194574741181, 0.00162168056704, 0.000578982813749]
        dvar2: [0.00185127137229, 0.00272854417562, 0.00243930425495, 0.000892821175512, 0.0170689802617, 0.042229976505, 0.0304434970021, 0.0479985997081, 0.0336851030588, 0.00156324415002, 0.000266301678494, 0.000124228361528, 0.000111319328425, 0.000167245787452, 0.000467186240712, 0.000401632714784, 0.000597468984779, 0.00276839849539, 0.00178532127757, 0.000141704309499, 0.000843534129672, 0.00173963734414, 0.00252490886487, 0.00109051528852, 0.00545244850218, 0.00458028027788, 0.0237965602428, 0.202291995287, 0.15650498867, 0.142391547561, 0.136425882578, 0.132091060281, 0.0479464903474, 0.00468006264418, 0.00387570052408, 0.00153889425565]
        max: [0.241171434522, 0.273367881775, 0.292463600636, 0.160177752376, 0.581661760807, 1, 1, 0.991588890553, 1, 0.242585539818, 0.0911126434803, 0.0602198317647, 0.0630164220929, 0.0790168121457, 0.122393369675, 0.168351724744, 0.116997994483, 0.333939582109, 0.256359487772, 0.0969739928842, 0.199812680483, 0.200148880482, 0.213547095656, 0.162817761302, 0.388610512018, 0.432923287153, 0.54925519228, 1, 1, 1, 1, 1, 0.679875016212, 0.257598638535, 0.270315021276, 0.174015909433]
        mean: [0.0276684742421, 0.0270912293345, 0.0178057849407, 0.00768453953788, 0.0220575835556, 0.0902737900615, 0.109448097646, 0.0537954829633, 0.0237280484289, 0.0124374907464, 0.00564313260838, 0.00398790929466, 0.00426338380203, 0.00477611273527, 0.00748181343079, 0.00847765430808, 0.00899550039321, 0.0137733686715, 0.0128950625658, 0.0111769819632, 0.0212802160531, 0.0315527357161, 0.0334171354771, 0.0260499287397, 0.0242339111865, 0.0315279364586, 0.135307222605, 0.389557212591, 0.596750974655, 0.763809859753, 0.746578991413, 0.453006923199, 0.172827512026, 0.0502118840814, 0.0421581231058, 0.0333496034145]
        min: [0.00493785645813, 0.00379540701397, 0.000951343099587, 0, 0, 0, 0, 0, 0, 0, 0, 0, 0, 0, 0, 0, 0, 0, 0, 0.00010495508468, 8.59634601511e-05, 0.000676674942952, 0.00133256951813, 0, 0, 0, 0, 0, 0.0124455308542, 0.134028106928, 0.120832294226, 0.0105369472876, 0, 0, 0, 0.00775341363624]
        var: [0.000627673696727, 0.00102938176133, 0.000747504411265, 0.00023130174668, 0.00377030600794, 0.0347295738757, 0.0470846742392, 0.0154026988894, 0.00832023192197, 0.000892020470928, 0.000143552926602, 6.77064235788e-05, 6.47361957817e-05, 7.67097735661e-05, 0.000216599888518, 0.000328041467583, 0.000278320221696, 0.000902046391275, 0.00065415824065, 0.000217933309614, 0.000765446864534, 0.00124932161998, 0.00110957177822, 0.000554695317987, 0.00183901051059, 0.00206869514659, 0.0112539893016, 0.102106824517, 0.0968909785151, 0.0589856132865, 0.0710125118494, 0.0892463549972, 0.0217467471957, 0.00216005090624, 0.0014909808524, 0.000655955809634]
    chords_histogram: [21.9178085327, 2.73972606659, 0, 0, 0, 0, 0, 0, 0, 0, 0, 0, 0, 0, 0, 0, 0, 0, 0, 0, 0, 0, 66.2100448608, 9.13242053986]
    thpcp: [1, 0.97744089365, 0.593088626862, 0.226270332932, 0.065738722682, 0.0551945269108, 0.0436621792614, 0.0362242944539, 0.0354685522616, 0.0233118031174, 0.0100608021021, 0.0288783702999, 0.11818882823, 0.143292337656, 0.0704304650426, 0.0310653857887, 0.0162834916264, 0.0073881377466, 0.00522107584402, 0.00558173423633, 0.006253012456, 0.00979538727552, 0.0110991680995, 0.0117771457881, 0.0180324576795, 0.0168825555593, 0.0146331992, 0.0278606191278, 0.0413096733391, 0.0437505953014, 0.0341052524745, 0.0317276753485, 0.0412772037089, 0.177147775888, 0.510018587112, 0.781282126904]
    chords_key: "E"
    chords_scale: "minor"
    key_key: "B"
    key_scale: "minor"
    chords_progression: ["Em", "Em", "Em", "Em", "Em", "Em", "Em", "Em", "Em", "Em", "Em", "Em", "Em", "Em", "Em", "Em", "Em", "Em", "Em", "Em", "Em", "Em", "Em", "Em", "Em", "Em", "Em", "Em", "Em", "Em", "Em", "Em", "Em", "Em", "Em", "Em", "Em", "Em", "Em", "Em", "Em", "Em", "Em", "Em", "Em", "Em", "Em", "Em", "Em", "Em", "Em", "Em", "Em", "Em", "Em", "Em", "Em", "Em", "Em", "Em", "Em", "Em", "Em", "Em", "Em", "Em", "Em", "Em", "Em", "Em", "Em", "Em", "Em", "Em", "Em", "Em", "Em", "Em", "Em", "Em", "Em", "Em", "Em", "Em", "Em", "Em", "Em", "Em", "Em", "Em", "Em", "Em", "Em", "Em", "Em", "Em", "Em", "Em", "Em", "Em", "Em", "Em", "Em", "Em", "Em", "Em", "Em", "Em", "Em", "Em", "Em", "Em", "Em", "Em", "Em", "Em", "Em", "Em", "Em", "Em", "Em", "Em", "Em", "Em", "Em", "Em", "Em", "Em", "Em", "Em", "Em", "Em", "Em", "Em", "Em", "Em", "Em", "Em", "Em", "Em", "Em", "Em", "Em", "Em", "Em", "Bm", "Bm", "Bm", "Bm", "Bm", "Bm", "Bm", "Bm", "Bm", "Bm", "Bm", "Bm", "Bm", "Bm", "Bm", "Bm", "Bm", "Bm", "Bm", "Bm", "Bm", "Bm", "Bm", "Bm", "Bm", "Bm", "Bm", "Bm", "Bm", "Bm", "Bm", "Bm", "Bm", "Bm", "Bm", "Bm", "Bm", "Bm", "Bm", "Bm", "Bm", "Bm", "Bm", "Bm", "Bm", "Bm", "G", "G", "Bm", "G", "G", "G", "Bm", "G", "G", "G", "G", "G", "G", "G", "G", "G", "G", "G", "G", "G", "G", "D", "G", "D", "D", "D", "D", "D"]
