
metadata:
    version:
        essentia: "1.2.2"
    audio_properties:
        analysis_sample_rate: 44100
        bitrate: 128
        channels: 2
        equal_loudness: 1
        length: 9.95265293121
        replay_gain: -8.01801681519
        downmix: "mix"
    tags:
        track: 17
        year: 0
        album: "Splitted by Mp3Splt v. 2.1"
        artist: "From 002.40 To 002.50"
        comment: "http://mp3splt.sf.net"
        genre: ""
        title: "12 Real World.mp3"

highlevel:
    ballroom:
        all:
            ChaChaCha: 0.109753541648
            Jive: 0.381365656853
            Quickstep: 0.0531973466277
            Rumba-American: 0.00914367381483
            Rumba-International: 0.136213243008
            Rumba-Misc: 0.0334214642644
            Samba: 0.181992560625
            Tango: 0.00678116595373
            VienneseWaltz: 0.0735397189856
            Waltz: 0.014591618441
        probability: 0.381365656853
        value: "Jive"
    culture:
        all:
            non_western: 0.300786286592
            western: 0.69921374321
        probability: 0.69921374321
        value: "western"
    gender:
        all:
            female: 0.485778391361
            male: 0.514221608639
        probability: 0.514221608639
        value: "male"
    genre_dortmund:
        all:
            alternative: 0.171268776059
            blues: 0.0187032409012
            electronic: 0.016024088487
            folkcountry: 0.0488922744989
            funksoulrnb: 0.00614799838513
            jazz: 0.0305224955082
            pop: 0.105739213526
            raphiphop: 0.00607546884567
            rock: 0.596626460552
        probability: 0.596626460552
        value: "rock"
    genre_electronica:
        all:
            ambient: 0.107079796493
            dnb: 0.571566224098
            house: 0.0257963016629
            techno: 0.0192576870322
            trance: 0.276299983263
        probability: 0.571566224098
        value: "dnb"
    genre_rosamerica:
        all:
            cla: 0.00891740154475
            dan: 0.0167862549424
            hip: 0.00443479046226
            jaz: 0.00578270526603
            pop: 0.0296475738287
            rhy: 0.0336443521082
            roc: 0.899324178696
            spe: 0.00146275386214
        probability: 0.899324178696
        value: "roc"
    genre_tzanetakis:
        all:
            blu: 0.00426792446524
            cla: 0.00636764802039
            cou: 0.127849400043
            dis: 0.138432309031
            hip: 0.0181530807167
            jaz: 0.0336465537548
            met: 0.0901650637388
            pop: 0.131110444665
            reg: 0.0315007418394
            roc: 0.418506830931
        probability: 0.418506830931
        value: "roc"
    live_studio:
        all:
            live: 0.622848212719
            studio: 0.377151817083
        probability: 0.622848212719
        value: "live"
    mood:
        all:
            Cluster1: 0.249011516571
            Cluster2: 0.0837530642748
            Cluster3: 0.388665288687
            Cluster4: 0.0297894254327
            Cluster5: 0.248780697584
        probability: 0.388665288687
        value: "Cluster3"
    mood_acoustic:
        all:
            acoustic: 0.108179554343
            not_acoustic: 0.891820430756
        probability: 0.891820430756
        value: "not_acoustic"
    mood_aggressive:
        all:
            aggressive: 0.958423614502
            not_aggressive: 0.0415763780475
        probability: 0.958423614502
        value: "aggressive"
    mood_electronic:
        all:
            electronic: 0.5
            not_electronic: 0.5
        probability: 0.5
        value: "electronic"
    mood_happy:
        all:
            happy: 0.605927109718
            not_happy: 0.394072860479
        probability: 0.605927109718
        value: "happy"
    mood_party:
        all:
            not_party: 0.721161842346
            party: 0.278838187456
        probability: 0.721161842346
        value: "not_party"
    mood_relaxed:
        all:
            not_relaxed: 0.855607569218
            relaxed: 0.144392415881
        probability: 0.855607569218
        value: "not_relaxed"
    mood_sad:
        all:
            not_sad: 0.520242094994
            sad: 0.479757934809
        probability: 0.520242094994
        value: "not_sad"
    rhythm:
        all:
            fast: 0.685303628445
            medium: 0.280893236399
            slow: 0.0338031686842
        probability: 0.685303628445
        value: "fast"
    speech_music:
        all:
            music: 0.998490095139
            speech: 0.00150992127601
        probability: 0.998490095139
        value: "music"
    timbre:
        all:
            bright: 0.159749552608
            dark: 0.840250432491
        probability: 0.840250432491
        value: "dark"
    voice_instrumental:
        all:
            instrumental: 0.0128251602873
            voice: 0.987174868584
        probability: 0.987174868584
        value: "voice"

lowlevel:
    average_loudness: 0.987875103951
    barkbands_kurtosis:
        dmean: 1.65324425697
        dmean2: 2.68779015541
        dvar: 6.96864271164
        dvar2: 18.0032444
        max: 27.9147911072
        mean: 0.596530258656
        min: -1.84076786041
        var: 9.35607910156
    barkbands_skewness:
        dmean: 0.563962817192
        dmean2: 0.889735221863
        dvar: 0.287669301033
        dvar2: 0.739928841591
        max: 5.13611364365
        mean: 1.08783638477
        min: -1.45949590206
        var: 0.67703551054
    barkbands_spread:
        dmean: 6.26042366028
        dmean2: 10.0437250137
        dvar: 30.4957141876
        dvar2: 72.0407562256
        max: 69.0364227295
        mean: 29.7764492035
        min: 4.74008226395
        var: 98.3163909912
    dissonance:
        dmean: 0.0157985463738
        dmean2: 0.0257022641599
        dvar: 0.000240029301494
        dvar2: 0.000678012322169
        max: 0.49894323945
        mean: 0.468300312757
        min: 0.342271745205
        var: 0.000504554540385
    hfc:
        dmean: 1.54137289524
        dmean2: 2.3497068882
        dvar: 4.26558065414
        dvar2: 10.533164978
        max: 17.3295059204
        mean: 4.68962049484
        min: 5.44417935089e-06
        var: 8.29301261902
    pitch:
        dmean: 624.491821289
        dmean2: 1221.26477051
        dvar: 1399718.75
        dvar2: 3745679
        max: 4410
        mean: 663.971801758
        min: 74.4932403564
        var: 1287131.125
    pitch_instantaneous_confidence:
        dmean: 0.0805779024959
        dmean2: 0.124144122005
        dvar: 0.00405483739451
        dvar2: 0.0104913897812
        max: 0.743103921413
        mean: 0.331007957458
        min: 0.131291389465
        var: 0.0167177189142
    pitch_salience:
        dmean: 0.0879736095667
        dmean2: 0.145315676928
        dvar: 0.00671068299562
        dvar2: 0.0191524252295
        max: 0.947582006454
        mean: 0.601856291294
        min: 0.289403825998
        var: 0.0119605157524
    silence_rate_20dB:
        dmean: 0
        dmean2: 0
        dvar: 0
        dvar2: 0
        max: 1
        mean: 1
        min: 1
        var: 0
    silence_rate_30dB:
        dmean: 0
        dmean2: 0
        dvar: 0
        dvar2: 0
        max: 1
        mean: 1
        min: 1
        var: 0
    silence_rate_60dB:
        dmean: 0.153846159577
        dmean2: 0.308411210775
        dvar: 0.130178108811
        dvar2: 0.269367337227
        max: 1
        mean: 0.220930233598
        min: 0
        var: 0.172120034695
    spectral_centroid:
        dmean: 259.439056396
        dmean2: 406.613494873
        dvar: 56292.8867188
        dvar2: 133739.203125
        max: 2619.40307617
        mean: 984.69128418
        min: 223.237045288
        var: 161617.515625
    spectral_complexity:
        dmean: 3.52803730965
        dmean2: 5.45433235168
        dvar: 13.328663826
        dvar2: 31.2315158844
        max: 31
        mean: 11.1095571518
        min: 0
        var: 29.5567779541
    spectral_crest:
        dmean: 2.92341375351
        dmean2: 4.93410205841
        dvar: 7.0564661026
        dvar2: 19.1515522003
        max: 19.2411155701
        mean: 8.70643901825
        min: 3.45379281044
        var: 11.2893981934
    spectral_decrease:
        dmean: 4.55432358493e-10
        dmean2: 7.48793749228e-10
        dvar: 2.67303518344e-19
        dvar2: 6.07837026125e-19
        max: -4.19849112133e-16
        mean: -1.18586918063e-09
        min: -4.0459298134e-09
        var: 4.09101222942e-19
    spectral_energy:
        dmean: 0.00181800010614
        dmean2: 0.00296852365136
        dvar: 4.29598685514e-06
        dvar2: 9.73001988314e-06
        max: 0.0160442143679
        mean: 0.00490110693499
        min: 2.07840700206e-09
        var: 6.77618209011e-06
    spectral_energyband_high:
        dmean: 6.3786181272e-05
        dmean2: 9.72797352006e-05
        dvar: 9.75404024217e-09
        dvar2: 2.00182075361e-08
        max: 0.00186623958871
        mean: 0.000147638609633
        min: 1.63299665457e-10
        var: 3.1805253542e-08
    spectral_energyband_low:
        dmean: 0.000321621162584
        dmean2: 0.00053090765141
        dvar: 1.39214733963e-07
        dvar2: 3.69464686401e-07
        max: 0.00295707257465
        mean: 0.000662058359012
        min: 1.35075547969e-10
        var: 3.60770599173e-07
    spectral_energyband_middle_high:
        dmean: 0.000495305925142
        dmean2: 0.000747910176869
        dvar: 4.35197421211e-07
        dvar2: 1.05623507807e-06
        max: 0.00533497240394
        mean: 0.00130978575908
        min: 1.5279522092e-09
        var: 9.87512862594e-07
    spectral_energyband_middle_low:
        dmean: 0.00146540510468
        dmean2: 0.0024421303533
        dvar: 2.75222578239e-06
        dvar2: 6.30957902104e-06
        max: 0.0130563220009
        mean: 0.00278162583709
        min: 2.24716523167e-10
        var: 4.05235005019e-06
    spectral_flatness_db:
        dmean: 0.0212913043797
        dmean2: 0.0338874086738
        dvar: 0.000383248145226
        dvar2: 0.000944886007346
        max: 0.308299928904
        mean: 0.177610084414
        min: 0.0725911781192
        var: 0.00118353869766
    spectral_flux:
        dmean: 0.0108674690127
        dmean2: 0.0165011137724
        dvar: 0.000122601210023
        dvar2: 0.000238087799517
        max: 0.100580140948
        mean: 0.0412979125977
        min: 4.55895496998e-05
        var: 0.000242943293415
    spectral_kurtosis:
        dmean: 1.77685630322
        dmean2: 2.91825127602
        dvar: 3.72899985313
        dvar2: 9.94419384003
        max: 18.797794342
        mean: 4.25134944916
        min: -1.00409567356
        var: 6.63999605179
    spectral_rms:
        dmean: 0.00039189500967
        dmean2: 0.000621591112576
        dvar: 1.49862117382e-07
        dvar2: 3.2981165532e-07
        max: 0.0039563733153
        mean: 0.0021152200643
        min: 1.42397823311e-06
        var: 3.07414268264e-07
    spectral_rolloff:
        dmean: 689.363952637
        dmean2: 1151.29492188
        dvar: 477617.15625
        dvar2: 1108989.625
        max: 5189.50195312
        mean: 2179.16992188
        min: 172.265625
        var: 1054008.125
    spectral_skewness:
        dmean: 0.22058160603
        dmean2: 0.343786597252
        dvar: 0.0421679280698
        dvar2: 0.0986152812839
        max: 3.08792519569
        mean: 1.41912519932
        min: 0.301350414753
        var: 0.114700049162
    spectral_spread:
        dmean: 482723.25
        dmean2: 600382.875
        dvar: 430334574592
        dvar2: 518761807872
        max: 12574040
        mean: 4056797
        min: 2012625.875
        var: 2.93507615949e+12
    spectral_strongpeak:
        dmean: 0.179779499769
        dmean2: 0.299194186926
        dvar: 0.0547954216599
        dvar2: 0.133193627
        max: 2.03696203232
        mean: 0.322857290506
        min: 0.000115525966976
        var: 0.108199857175
    zerocrossingrate:
        dmean: 0.00907769612968
        dmean2: 0.0109697468579
        dvar: 6.36551922071e-05
        dvar2: 9.94603396975e-05
        max: 0.14501953125
        mean: 0.0657051280141
        min: 0.015625
        var: 0.000363217113772
    barkbands:
        dmean: [2.32799894917e-08, 5.08015618834e-05, 0.000301256572129, 0.00089922308689, 0.000408559513744, 0.000436531408923, 0.000124231635709, 0.000174838642124, 0.000137633935083, 0.000123611403978, 4.78299589304e-05, 5.4810923757e-05, 4.22897828685e-05, 3.48319808836e-05, 5.15637184435e-05, 6.59073193674e-05, 0.000110004482849, 0.000115084418212, 0.000106347288238, 7.25695645087e-05, 2.65143225988e-05, 1.10533192128e-05, 3.57960993824e-06, 2.30314185501e-06, 6.38088920368e-07, 1.26617454299e-08, 2.02061187227e-10]
        dmean2: [3.34353202902e-08, 8.53825695231e-05, 0.000496392720379, 0.00153926177882, 0.000708059116732, 0.00072638259735, 0.000215234569623, 0.000294496538118, 0.000223170165555, 0.000188770529348, 7.500142965e-05, 8.51145014167e-05, 6.90393790137e-05, 5.87911235925e-05, 8.5159248556e-05, 0.000109902932309, 0.000184144868399, 0.000182248302735, 0.000179657930858, 0.00011445893324, 4.22824014095e-05, 1.45054791574e-05, 4.55121517007e-06, 3.35202003043e-06, 8.06016942079e-07, 1.6917761414e-08, 3.75983938428e-10]
        dvar: [3.44721614874e-15, 4.36401670356e-09, 1.20460470043e-07, 1.49210836753e-06, 2.52787970112e-07, 5.51544076188e-07, 8.22673626999e-08, 1.06204808503e-07, 9.30105628072e-08, 7.15474754998e-08, 1.36818307794e-08, 1.12491136406e-08, 6.22959728247e-09, 5.08987829662e-09, 6.80227296712e-09, 8.38768432487e-09, 2.30825651926e-08, 3.43431416638e-08, 1.60660000859e-08, 7.46987893763e-09, 2.01899275076e-09, 6.52488230113e-10, 7.98459631746e-11, 8.31228835763e-11, 3.2446408841e-12, 5.30576567721e-16, 8.82578449139e-20]
        dvar2: [3.13743311828e-15, 1.20248309088e-08, 3.14902564469e-07, 3.91142884837e-06, 6.27989152235e-07, 1.39518510878e-06, 2.24784912461e-07, 2.71591943601e-07, 2.46305006613e-07, 1.28961943346e-07, 3.13997752244e-08, 2.31629080361e-08, 1.50428736134e-08, 1.32612472115e-08, 1.63760436322e-08, 2.05189163438e-08, 6.41486650466e-08, 8.80242438939e-08, 4.37792593289e-08, 1.8383820688e-08, 5.05188957334e-09, 7.002359248e-10, 1.46667608614e-10, 1.9783689964e-10, 4.2769611637e-12, 8.6930350808e-16, 2.78142143459e-19]
        max: [1.37790470944e-06, 0.000486039789394, 0.00267991726287, 0.00844018161297, 0.00354600185528, 0.00656169699505, 0.00324551458471, 0.0052928798832, 0.00415785657242, 0.00372443324886, 0.00191558466759, 0.0018229263369, 0.000785765703768, 0.000797606713604, 0.0010893252911, 0.00134434050415, 0.00162545172498, 0.0019991255831, 0.000976369541604, 0.00082516646944, 0.00077704625437, 0.000633355230093, 0.00019165132835, 0.000152388238348, 2.95843565254e-05, 2.52535244272e-07, 2.15310991258e-09]
        mean: [3.25502540477e-08, 9.42279875744e-05, 0.000567800772842, 0.00106118142139, 0.000525160052348, 0.000563699344639, 0.000152214619447, 0.000240898996708, 0.000187176920008, 0.000185433658771, 7.45470606489e-05, 8.01876667538e-05, 5.73352554056e-05, 4.5710363338e-05, 8.14241066109e-05, 0.000114661750558, 0.000199549336685, 0.000223611437832, 0.000212380778976, 0.00015141806216, 4.96722095704e-05, 2.14289066207e-05, 6.12544363321e-06, 3.9333708628e-06, 1.2747693745e-06, 2.39220927511e-08, 1.59303764624e-10]
        min: [5.40688674389e-11, 7.12978148742e-11, 3.69257333044e-11, 2.99283341165e-11, 6.03683977807e-11, 4.77496236995e-11, 3.0962375025e-11, 2.23713270131e-11, 2.9946874841e-11, 1.96434223054e-11, 7.0735886766e-12, 1.06324619248e-11, 3.69287898871e-11, 2.72836232773e-11, 6.05747951798e-11, 1.05769545899e-10, 6.44223216439e-11, 2.01132818733e-10, 9.3935415002e-10, 1.83755774485e-10, 3.01928690383e-11, 4.66887856501e-12, 8.44911217813e-13, 1.06415592484e-12, 5.38144778305e-13, 3.91339277607e-13, 4.75504730127e-15]
        var: [5.95877725756e-15, 6.81093537125e-09, 3.1375336107e-07, 1.59107219133e-06, 3.07284153678e-07, 6.22582035703e-07, 8.53148236502e-08, 1.97939357349e-07, 1.27740079847e-07, 1.6014186599e-07, 3.21841184814e-08, 2.87683548095e-08, 1.09387245928e-08, 8.60527382684e-09, 8.59507220952e-09, 1.75168750616e-08, 2.4232621243e-08, 6.52860805417e-08, 2.24627143552e-08, 1.62891033995e-08, 4.30095159487e-09, 3.21987103646e-09, 2.5280466609e-10, 2.12181078263e-10, 1.18675225896e-11, 1.89211998527e-15, 6.77170632985e-20]
    mfcc:
        mean: [-724.992492676, 141.454055786, -45.6461715698, 66.2238311768, -10.0888824463, -12.541478157, -0.949818313122, -1.45159852505, -0.00199687387794, -4.39370965958, -9.05094623566, -6.65122365952, -6.17399072647]
        cov: [[3103.32983398, -801.702392578, 256.078094482, -360.420928955, -30.7115974426, 129.375061035, -46.1629753113, 77.7302932739, -120.691139221, -82.0932312012, 17.5334262848, -34.2277870178, -24.1400699615], [-801.702392578, 1064.84875488, -507.495483398, 285.286437988, -112.65927887, -134.631011963, 40.4101142883, -97.972984314, 60.5611000061, -11.0056228638, -2.43664002419, 27.8382263184, -22.264169693], [256.078094482, -507.495483398, 514.944335938, -142.92829895, 106.908172607, 75.0948486328, -59.6647453308, 71.256401062, -48.6360855103, 38.2662200928, -3.81726360321, -16.245098114, 13.7073469162], [-360.420928955, 285.286437988, -142.92829895, 282.994934082, 22.1053638458, -45.7806129456, -48.6378135681, -42.2178726196, 49.0057640076, 8.01309585571, -31.5695915222, 18.0291156769, 29.0814704895], [-30.7115974426, -112.65927887, 106.908172607, 22.1053638458, 110.536552429, 16.6254291534, -27.4004154205, 6.19254636765, 1.8456183672, 19.8577156067, -17.8296375275, 0.141043648124, 10.3242168427], [129.375061035, -134.631011963, 75.0948486328, -45.7806129456, 16.6254291534, 138.756164551, 29.1415596008, 22.1865921021, -12.5447883606, -10.2924165726, -1.58255970478, -15.1536884308, -9.07843399048], [-46.1629753113, 40.4101142883, -59.6647453308, -48.6378135681, -27.4004154205, 29.1415596008, 101.601264954, 21.1499328613, 14.3681507111, -22.8037586212, 12.8469552994, -1.83303916454, -14.6036863327], [77.7302932739, -97.972984314, 71.256401062, -42.2178726196, 6.19254636765, 22.1865921021, 21.1499328613, 80.3840255737, 9.83082008362, 24.1583328247, 14.5013542175, 3.33258056641, 5.58724451065], [-120.691139221, 60.5611000061, -48.6360855103, 49.0057640076, 1.8456183672, -12.5447883606, 14.3681507111, 9.83082008362, 82.4973220825, 23.5788040161, -4.51045274734, 5.11380243301, 3.29397726059], [-82.0932312012, -11.0056228638, 38.2662200928, 8.01309585571, 19.8577156067, -10.2924165726, -22.8037586212, 24.1583328247, 23.5788040161, 69.6642913818, 15.5928373337, 8.76986122131, 2.61092352867], [17.5334262848, -2.43664002419, -3.81726360321, -31.5695915222, -17.8296375275, -1.58255970478, 12.8469552994, 14.5013542175, -4.51045274734, 15.5928373337, 59.2000007629, 15.8188591003, -2.67675375938], [-34.2277870178, 27.8382263184, -16.245098114, 18.0291156769, 0.141043648124, -15.1536884308, -1.83303916454, 3.33258056641, 5.11380243301, 8.76986122131, 15.8188591003, 45.209487915, 18.0905208588], [-24.1400699615, -22.264169693, 13.7073469162, 29.0814704895, 10.3242168427, -9.07843399048, -14.6036863327, 5.58724451065, 3.29397726059, 2.61092352867, -2.67675375938, 18.0905208588, 45.1918716431]]
        icov: [[0.000496358494274, 0.000322942069033, 0.000295953766908, 0.000414790527429, 0.000204166572075, -0.000231563783018, 0.00097197399009, -0.000612722127698, 2.23287370318e-05, 0.000878875376657, -6.39762583887e-05, -0.000178256916115, 0.000379398465157], [0.000322942069033, 0.00281033618376, 0.00142631703056, -0.00204364955425, 0.00148643832654, 0.00101873476524, -0.00127701833844, 0.000750637846068, 0.000995316775516, -0.00104910356458, 0.000242622176302, -0.000766396406107, 0.0021083552856], [0.000295953766908, 0.00142631703056, 0.0053115519695, 0.00160520558711, -0.00265138992108, -0.00100288609974, 0.00325151183642, -0.00289919297211, 0.0013861504849, -0.000472298037494, 0.000434684363427, 0.000502232694998, -0.000218897548621], [0.000414790527429, -0.00204364955425, 0.00160520558711, 0.00919267069548, -0.00324393529445, -0.00154183479026, 0.00639548711479, -0.000733478518669, -0.00402191281319, 0.00251237372868, 0.00159668468405, -0.000664331775624, -0.00409048330039], [0.000204166572075, 0.00148643832654, -0.00265138992108, -0.00324393529445, 0.0147518245503, -0.000558228581212, -0.00130541948602, 0.00207212404348, 0.000577491999138, -0.00399996619672, 0.00391571456566, -0.00180468172766, 0.000716167734936], [-0.000231563783018, 0.00101873476524, -0.00100288609974, -0.00154183479026, -0.000558228581212, 0.00999167654663, -0.00478346319869, -0.000283748202492, 0.00148024572991, -3.13423661282e-05, 0.000126187049318, 0.00183832354378, 0.00146410730667], [0.00097197399009, -0.00127701833844, 0.00325151183642, 0.00639548711479, -0.00130541948602, -0.00478346319869, 0.023027619347, -0.008948081173, -0.00673122378066, 0.0117847630754, -0.00314944121055, -0.00143777451012, 0.0028719662223], [-0.000612722127698, 0.000750637846068, -0.00289919297211, -0.000733478518669, 0.00207212404348, -0.000283748202492, -0.008948081173, 0.0218147151172, -0.00108885124791, -0.00932412967086, -0.00103998172563, 0.000257267296547, -0.00427162554115], [2.23287370318e-05, 0.000995316775516, 0.0013861504849, -0.00402191281319, 0.000577491999138, 0.00148024572991, -0.00673122378066, -0.00108885124791, 0.0189584679902, -0.00916013494134, 0.00376534205861, 6.73345202813e-05, 0.000138281393447], [0.000878875376657, -0.00104910356458, -0.000472298037494, 0.00251237372868, -0.00399996619672, -3.13423661282e-05, 0.0117847630754, -0.00932412967086, -0.00916013494134, 0.0284061767161, -0.00800289865583, -0.00181892153341, 0.00362827745266], [-6.39762583887e-05, 0.000242622176302, 0.000434684363427, 0.00159668468405, 0.00391571456566, 0.000126187049318, -0.00314944121055, -0.00103998172563, 0.00376534205861, -0.00800289865583, 0.0249217171222, -0.00931804906577, 0.00256176176481], [-0.000178256916115, -0.000766396406107, 0.000502232694998, -0.000664331775624, -0.00180468172766, 0.00183832354378, -0.00143777451012, 0.000257267296547, 6.73345202813e-05, -0.00181892153341, -0.00931804906577, 0.0323849916458, -0.0133280660957], [0.000379398465157, 0.0021083552856, -0.000218897548621, -0.00409048330039, 0.000716167734936, 0.00146410730667, 0.0028719662223, -0.00427162554115, 0.000138281393447, 0.00362827745266, 0.00256176176481, -0.0133280660957, 0.0329219214618]]
    spectral_contrast:
        mean: [-4.8223404292e-07, -3.37238645898e-07, -2.84989056354e-07, 2.85835710656e-07, 2.60440344846e-07, 4.09521412337e-08, -2.10571806747e-06, -2.17143610826e-06, 1.63843310474e-07, 1.59973865266e-06, -9.30332646476e-07, 1.32269519781e-07]
        var: [0.000403103826102, 0.000588784634601, 0.00105293095112, 0.00253558298573, 0.00354666216299, 0.0049948617816, 0.0446944236755, 0.0711431950331, 0.10528369993, 0.193747058511, 0.689866006374, 1.62346220016]

rhythm:
    beats_loudness:
        dmean: 0.00363323092461
        dmean2: 0.00534653337672
        dvar: 8.05618037703e-06
        dvar2: 2.74379253824e-05
        max: 0.015649408102
        mean: 0.00628773495555
        min: 0.00144260330126
        var: 1.30273474497e-05
    beats_loudness_bass:
        dmean: 0.201225489378
        dmean2: 0.345663577318
        dvar: 0.0127535061911
        dvar2: 0.0514451637864
        max: 0.686517894268
        mean: 0.300652801991
        min: 0.0930553823709
        var: 0.0250653605908
    bpm: 151.295074463
    bpm_confidence: 0
    first_peak_bpm: 153
    first_peak_spread: 0.409090936184
    first_peak_weight: 0.565217375755
    onset_rate: 4.72235870361
    second_peak_bpm: 92
    second_peak_spread: 0
    second_peak_weight: 0.0434782616794
    beats_position: [0.231888324022, 0.6249756217, 1.01806294918, 1.41115021706, 1.80423748493, 2.19732475281, 2.59041190147, 2.98349952698, 3.37658691406, 3.76967430115, 4.16276168823, 4.55584907532, 4.9489364624, 5.34202384949, 5.99277257919, 6.39138936996, 6.7900056839, 7.188621521, 7.58723783493, 7.9858546257, 8.38447093964, 8.78308677673, 9.1817035675, 9.5803194046]
    bpm_estimates: [152.690292358, 152.776077271, 152.563827515, 152.52142334, 151.424743652, 149.864562988, 148.665328979, 150.661499023, 151.72769165, 151.449920654, 149.90057373]
    bpm_intervals: [0.393087297678, 0.39308732748, 0.393087267876, 0.393087267876, 0.393087267876, 0.393087148666, 0.393087625504, 0.393087387085, 0.393087387085, 0.393087387085, 0.393087387085, 0.393087387085, 0.393087387085, 0.650748729706, 0.398616790771, 0.398616313934, 0.398615837097, 0.398616313934, 0.398616790771, 0.398616313934, 0.398615837097, 0.398616790771, 0.398615837097]
    onset_times: [0.0580498874187, 0.290249437094, 0.487619042397, 0.766258478165, 0.940408170223, 1.05650794506, 1.14938771725, 1.24226760864, 1.43963718414, 1.63700675964, 1.83437645435, 2.00852608681, 2.18267583847, 2.61224484444, 2.9837641716, 3.22757363319, 3.30884361267, 3.42494320869, 3.61070299149, 3.83129262924, 4.02866220474, 4.21442174911, 4.40018129349, 4.62077093124, 4.79492044449, 5.01551008224, 5.20126962662, 5.41024923325, 5.80498886108, 6.19972801208, 6.42031764984, 6.5015873909, 6.60607719421, 6.78022670746, 7.00081634521, 7.39555549622, 7.58131504059, 7.9644446373, 8.19664382935, 8.38240337372, 8.57977294922, 8.80036258698, 8.98612213135, 9.19510173798, 9.38086128235, 9.62467098236, 9.82204055786]
    rubato_start: []
    rubato_stop: []
    perceptual_tempo: "unknown"

sfx:
    inharmonicity:
        dmean: 0.0318439379334
        dmean2: 0.0573342442513
        dvar: 0.00197643483989
        dvar2: 0.00571645004675
        max: 0.39235368371
        mean: 0.0302421227098
        min: 0
        var: 0.00157708732877
    oddtoevenharmonicenergyratio:
        dmean: 2.63090467453
        dmean2: 4.97311782837
        dvar: 63.2700424194
        dvar2: 183.420501709
        max: 79.3773651123
        mean: 1.67193377018
        min: 0
        var: 35.7404098511
    pitch_after_max_to_before_max_energy_ratio: 0.543644309044
    pitch_centroid: 182.349822998
    pitch_max_to_total: 0.550116539001
    pitch_min_to_total: 0.743589758873
    tristimulus:
        dmean: [0.236339777708, 0.23937933147, 0.0974677354097]
        dmean2: [0.403197586536, 0.408585250378, 0.17300195992]
        dvar: [0.036761790514, 0.0390772297978, 0.008051706478]
        dvar2: [0.0991000458598, 0.107141919434, 0.0239537861198]
        max: [1, 0.922386586666, 0.567009925842]
        mean: [0.493974298239, 0.35836699605, 0.098714992404]
        min: [0.00970128644258, 0, 0]
        var: [0.0557636991143, 0.0553344190121, 0.00950996670872]

tonal:
    chords_changes_rate: 0.0511627905071
    chords_number_rate: 0.0232558138669
    chords_strength:
        dmean: 0.0137397060171
        dmean2: 0.014091970399
        dvar: 0.000115706126962
        dvar2: 0.000146178907016
        max: 0.669584691525
        mean: 0.510627090931
        min: 0.339585483074
        var: 0.00580446561798
    key_strength: 0.686366379261
    tuning_diatonic_strength: 0.586389482021
    tuning_equal_tempered_deviation: 0.168242990971
    tuning_frequency: 445.627075195
    tuning_nontempered_energy_ratio: 0.82148039341
    hpcp:
        dmean: [0.17303584516, 0.144490346313, 0.100194662809, 0.0690116286278, 0.0623045042157, 0.0950409844518, 0.110469318926, 0.10026498884, 0.112482115626, 0.107419095933, 0.09030623734, 0.124688059092, 0.170840010047, 0.189685806632, 0.203522220254, 0.213675364852, 0.254010379314, 0.233398333192, 0.212321966887, 0.273967057467, 0.249970331788, 0.218887522817, 0.204998284578, 0.141937091947, 0.118536710739, 0.131517261267, 0.144589245319, 0.157563284039, 0.139859169722, 0.134882852435, 0.114763319492, 0.0794187262654, 0.0771781876683, 0.0864693000913, 0.100707381964, 0.142187610269]
        dmean2: [0.299538940191, 0.254560410976, 0.17702229321, 0.116704322398, 0.102665320039, 0.155553802848, 0.18327999115, 0.171239450574, 0.200032800436, 0.192830041051, 0.15772895515, 0.210240617394, 0.27512717247, 0.322175174952, 0.34925827384, 0.372448295355, 0.440159112215, 0.40017876029, 0.376694262028, 0.514483749866, 0.451828569174, 0.375796616077, 0.359757900238, 0.250726431608, 0.21461956203, 0.230617672205, 0.241239413619, 0.272860437632, 0.238750129938, 0.223353073001, 0.199148774147, 0.131003767252, 0.128012955189, 0.141088098288, 0.175574749708, 0.228128090501]
        dvar: [0.0648081749678, 0.0357978232205, 0.0335151106119, 0.0103620178998, 0.0118941459805, 0.0187260042876, 0.0272876340896, 0.0249236505479, 0.0372903756797, 0.0329206325114, 0.0265083909035, 0.028329430148, 0.0463509149849, 0.0555303804576, 0.0549028664827, 0.058696128428, 0.0884072259068, 0.0659506917, 0.0678714960814, 0.0912865772843, 0.0662787035108, 0.0564829818904, 0.0688821300864, 0.0337109491229, 0.0293522141874, 0.028537793085, 0.0331770256162, 0.0490536056459, 0.0360889732838, 0.0321636945009, 0.0309960506856, 0.0134324645624, 0.0144573692232, 0.0179215390235, 0.0247592031956, 0.0272360108793]
        dvar2: [0.12012167275, 0.0880356654525, 0.084230452776, 0.0279760733247, 0.0323660969734, 0.0446790717542, 0.065183006227, 0.0612966381013, 0.102398529649, 0.0911330729723, 0.0743171721697, 0.072055272758, 0.106455601752, 0.13599434495, 0.148795858026, 0.145824223757, 0.211574435234, 0.169211342931, 0.185465604067, 0.256877243519, 0.184417307377, 0.142865300179, 0.172288954258, 0.0882013961673, 0.0830006375909, 0.0773855224252, 0.078095652163, 0.103375218809, 0.0898450389504, 0.0803574994206, 0.0669759586453, 0.0298912115395, 0.0316385030746, 0.0463073775172, 0.0692625418305, 0.0669558718801]
        max: [1, 1, 1, 0.78280133009, 1, 1, 1, 1, 1, 1, 1, 1, 1, 1, 1, 1, 1, 1, 1, 1, 1, 1, 1, 0.887393295765, 1, 0.920268297195, 1, 1, 1, 1, 1, 1, 0.988203346729, 1, 1, 1]
        mean: [0.263440132141, 0.203740343451, 0.108011111617, 0.078535951674, 0.0744469761848, 0.126273259521, 0.165407806635, 0.12572324276, 0.099439881742, 0.0956990793347, 0.090896435082, 0.149625092745, 0.21245251596, 0.211010575294, 0.207999244332, 0.24960309267, 0.273320138454, 0.22908885777, 0.203514531255, 0.222084879875, 0.25296536088, 0.272984534502, 0.221501320601, 0.136199697852, 0.107135124505, 0.120729662478, 0.172394812107, 0.198679000139, 0.161822259426, 0.143465444446, 0.122378885746, 0.0864785164595, 0.0924697071314, 0.108311340213, 0.108830414712, 0.180193856359]
        min: [0.00750568183139, 0.00845173001289, 0.00223335507326, 0.000777037115768, 0.00171776209027, 0.00226867478341, 0.00254287361167, 0.00139093026519, 0.00117630534805, 0.00170996575616, 0.00253271171823, 0.00276571675204, 0.0016519111814, 0.00139785662759, 0.00699131423607, 0.0080131329596, 0.0066180001013, 0.00442302320153, 0.00382237322628, 0.00131622806657, 0.00163562002126, 0.00244795624167, 0.00360247027129, 0.00278810667805, 0.00138617819175, 0.00195767055266, 0.00359395868145, 0.00572843011469, 0.00368200126104, 0.00090889481362, 0.00077507464448, 0.00505359470844, 0.00219163531438, 0.00631796987727, 0.00202270550653, 0.0117433397099]
        var: [0.116805613041, 0.0608283802867, 0.0270992498845, 0.00935786683112, 0.0114090573043, 0.029659781605, 0.05825009197, 0.0333532504737, 0.027483522892, 0.0238323323429, 0.0191989969462, 0.0338025093079, 0.0766569450498, 0.069234482944, 0.0640039071441, 0.0805222690105, 0.106342531741, 0.0711438879371, 0.0642008781433, 0.0783402919769, 0.0701670199633, 0.0807039812207, 0.0748225748539, 0.0323603264987, 0.0228729508817, 0.0254773497581, 0.0477611459792, 0.0775921940804, 0.046457786113, 0.0417172014713, 0.0369057506323, 0.0158050693572, 0.0153411850333, 0.0173649191856, 0.0203731246293, 0.0434602946043]
    chords_histogram: [35.8139533997, 2.32558131218, 40.4651145935, 1.39534878731, 20, 0, 0, 0, 0, 0, 0, 0, 0, 0, 0, 0, 0, 0, 0, 0, 0, 0, 0, 0]
    thpcp: [1, 0.838170409203, 0.744601309299, 0.812544882298, 0.925527691841, 0.998772144318, 0.810409784317, 0.498315632343, 0.391976684332, 0.441715210676, 0.630743145943, 0.726909458637, 0.5920612216, 0.524898886681, 0.447749257088, 0.316400080919, 0.33832013607, 0.396280139685, 0.398179262877, 0.659277617931, 0.963851869106, 0.745427489281, 0.395181685686, 0.287340521812, 0.272380143404, 0.461997628212, 0.605179727077, 0.459985285997, 0.36382201314, 0.350135475397, 0.332563996315, 0.547435283661, 0.777302801609, 0.7720271945, 0.761009573936, 0.913226127625]
    chords_key: "A"
    chords_scale: "major"
    key_key: "D"
    key_scale: "major"
    chords_progression: ["E", "E", "E", "E", "E", "E", "E", "E", "E", "E", "E", "E", "E", "E", "E", "E", "E", "E", "E", "E", "E", "E", "E", "E", "E", "E", "E", "E", "E", "E", "E", "E", "E", "E", "E", "E", "E", "E", "E", "E", "E", "E", "E", "A", "A", "A", "A", "A", "A", "A", "A", "A", "A", "A", "A", "A", "A", "A", "A", "A", "A", "A", "A", "A", "A", "A", "A", "A", "A", "A", "A", "A", "A", "A", "A", "A", "A", "A", "A", "A", "A", "A", "A", "A", "A", "A", "A", "A", "A", "A", "A", "A", "D", "D", "D", "D", "D", "D", "D", "D", "D", "D", "D", "D", "D", "D", "D", "D", "D", "D", "D", "D", "D", "D", "D", "D", "D", "D", "D", "D", "D", "D", "D", "D", "D", "D", "D", "D", "D", "D", "D", "D", "D", "D", "A", "A", "A", "A", "A", "A", "A", "A", "A", "A", "A", "A", "A", "A", "A", "A", "A", "F#m", "F#m", "F#m", "F#m", "F#m", "A", "D", "D", "A", "D", "C#m", "C#m", "C#m", "D", "D", "D", "D", "D", "D", "D", "D", "D", "D", "D", "D", "D", "D", "D", "D", "D", "D", "D", "D", "D", "D", "D", "D", "D", "D", "D", "D", "D", "D", "D", "D", "A", "A", "A", "A", "A", "A", "A", "A", "A", "A", "A", "A", "A", "A", "A", "A", "A", "A", "A"]
