
metadata:
    version:
        essentia: "1.2.2"
    audio_properties:
        analysis_sample_rate: 44100
        bitrate: 128
        channels: 2
        equal_loudness: 1
        length: 9.97877597809
        replay_gain: -12.8173904419
        downmix: "mix"
    tags:
        track: 10
        year: 0
        album: "Splitted by Mp3Splt v. 2.1"
        artist: "From 001.30 To 001.40"
        comment: "http://mp3splt.sf.net"
        genre: ""
        title: "09 Fool.mp3"

highlevel:
    ballroom:
        all:
            ChaChaCha: 0.151463747025
            Jive: 0.773706316948
            Quickstep: 0.0057459641248
            Rumba-American: 0.00114354852121
            Rumba-International: 0.00372242205776
            Rumba-Misc: 0.00422916794196
            Samba: 0.05639449507
            Tango: 0.000385878433008
            VienneseWaltz: 0.00249748700298
            Waltz: 0.000710946449544
        probability: 0.773706316948
        value: "Jive"
    culture:
        all:
            non_western: 0.0145267704502
            western: 0.98547321558
        probability: 0.98547321558
        value: "western"
    gender:
        all:
            female: 0.177859768271
            male: 0.822140216827
        probability: 0.822140216827
        value: "male"
    genre_dortmund:
        all:
            alternative: 0.109894365072
            blues: 0.00469797989354
            electronic: 0.0130601692945
            folkcountry: 0.0234813950956
            funksoulrnb: 0.0163095258176
            jazz: 0.00913136452436
            pop: 0.109881617129
            raphiphop: 0.00232089566998
            rock: 0.711222708225
        probability: 0.711222708225
        value: "rock"
    genre_electronica:
        all:
            ambient: 0.123621270061
            dnb: 0.0892090573907
            house: 0.00471590971574
            techno: 0.00976134929806
            trance: 0.77269244194
        probability: 0.77269244194
        value: "trance"
    genre_rosamerica:
        all:
            cla: 0.00178123265505
            dan: 0.0700702369213
            hip: 0.000746999168769
            jaz: 0.000810712459497
            pop: 0.0259645357728
            rhy: 0.00279563921504
            roc: 0.8974147439
            spe: 0.000415871152654
        probability: 0.8974147439
        value: "roc"
    genre_tzanetakis:
        all:
            blu: 0.00451352447271
            cla: 0.00960639212281
            cou: 0.373061448336
            dis: 0.0729429796338
            hip: 0.0185668431222
            jaz: 0.0463569313288
            met: 0.0489713475108
            pop: 0.265028506517
            reg: 0.00749462423846
            roc: 0.153457388282
        probability: 0.373061448336
        value: "cou"
    live_studio:
        all:
            live: 0.375706255436
            studio: 0.624293744564
        probability: 0.624293744564
        value: "studio"
    mood:
        all:
            Cluster1: 0.283331125975
            Cluster2: 0.122937858105
            Cluster3: 0.21775020659
            Cluster4: 0.169542014599
            Cluster5: 0.206438809633
        probability: 0.283331125975
        value: "Cluster1"
    mood_acoustic:
        all:
            acoustic: 1.84413856914e-05
            not_acoustic: 0.999981582165
        probability: 0.999981582165
        value: "not_acoustic"
    mood_aggressive:
        all:
            aggressive: 0.845066487789
            not_aggressive: 0.154933542013
        probability: 0.845066487789
        value: "aggressive"
    mood_electronic:
        all:
            electronic: 0.314750373363
            not_electronic: 0.685249626637
        probability: 0.685249626637
        value: "not_electronic"
    mood_happy:
        all:
            happy: 0.602771580219
            not_happy: 0.397228449583
        probability: 0.602771580219
        value: "happy"
    mood_party:
        all:
            not_party: 0.357483893633
            party: 0.642516136169
        probability: 0.642516136169
        value: "party"
    mood_relaxed:
        all:
            not_relaxed: 0.886708319187
            relaxed: 0.113291673362
        probability: 0.886708319187
        value: "not_relaxed"
    mood_sad:
        all:
            not_sad: 0.943334043026
            sad: 0.0566659718752
        probability: 0.943334043026
        value: "not_sad"
    rhythm:
        all:
            fast: 0.850818514824
            medium: 0.111590214074
            slow: 0.0375912487507
        probability: 0.850818514824
        value: "fast"
    speech_music:
        all:
            music: 0.999999463558
            speech: 5.37838161563e-07
        probability: 0.999999463558
        value: "music"
    timbre:
        all:
            bright: 0.675478518009
            dark: 0.324521481991
        probability: 0.675478518009
        value: "bright"
    voice_instrumental:
        all:
            instrumental: 0.31522578001
            voice: 0.68477421999
        probability: 0.68477421999
        value: "voice"

lowlevel:
    average_loudness: 0.984654784203
    barkbands_kurtosis:
        dmean: 0.369362711906
        dmean2: 0.601520955563
        dvar: 0.177940532565
        dvar2: 0.479545027018
        max: 1.60664892197
        mean: -1.04687142372
        min: -1.8093546629
        var: 0.304388284683
    barkbands_skewness:
        dmean: 0.309098690748
        dmean2: 0.498977988958
        dvar: 0.0839139297605
        dvar2: 0.220906838775
        max: 1.63394403458
        mean: -0.10889314115
        min: -1.44392216206
        var: 0.308898687363
    barkbands_spread:
        dmean: 4.85450172424
        dmean2: 7.70314502716
        dvar: 24.4763870239
        dvar2: 67.7105484009
        max: 78.226524353
        mean: 34.2861289978
        min: 19.1851806641
        var: 61.7536659241
    dissonance:
        dmean: 0.0143419913948
        dmean2: 0.0237513817847
        dvar: 0.000174397500814
        dvar2: 0.000462570314994
        max: 0.498247742653
        mean: 0.467570930719
        min: 0.384517401457
        var: 0.000354217801942
    hfc:
        dmean: 2.26283621788
        dmean2: 3.39442801476
        dvar: 6.79220438004
        dvar2: 12.775639534
        max: 36.7499389648
        mean: 10.7730007172
        min: 0.305835783482
        var: 25.4635219574
    pitch:
        dmean: 585.201293945
        dmean2: 1134.53735352
        dvar: 1364271.75
        dvar2: 3564571.25
        max: 4009.09082031
        mean: 662.825927734
        min: 83.5227279663
        var: 1203775.875
    pitch_instantaneous_confidence:
        dmean: 0.0770579501987
        dmean2: 0.123033560812
        dvar: 0.00472966954112
        dvar2: 0.0116885500029
        max: 0.77183008194
        mean: 0.423463582993
        min: 0.163268506527
        var: 0.017752526328
    pitch_salience:
        dmean: 0.0475192256272
        dmean2: 0.0784861817956
        dvar: 0.00165598734748
        dvar2: 0.00436542928219
        max: 0.857034564018
        mean: 0.623487174511
        min: 0.415479362011
        var: 0.00444105826318
    silence_rate_20dB:
        dmean: 0
        dmean2: 0
        dvar: 0
        dvar2: 0
        max: 1
        mean: 1
        min: 1
        var: 0
    silence_rate_30dB:
        dmean: 0
        dmean2: 0
        dvar: 0
        dvar2: 0
        max: 1
        mean: 1
        min: 1
        var: 0
    silence_rate_60dB:
        dmean: 0.0651162788272
        dmean2: 0.128205135465
        dvar: 0.060876082629
        dvar2: 0.125754058361
        max: 1
        mean: 0.0997679829597
        min: 0
        var: 0.0898147895932
    spectral_centroid:
        dmean: 264.451568604
        dmean2: 429.801177979
        dvar: 108664.25
        dvar2: 245843.90625
        max: 4163.07128906
        mean: 1824.54736328
        min: 742.635498047
        var: 277968.53125
    spectral_complexity:
        dmean: 3.100233078
        dmean2: 4.7593460083
        dvar: 10.7568264008
        dvar2: 21.6360015869
        max: 41
        mean: 18.9930229187
        min: 0
        var: 36.5790290833
    spectral_crest:
        dmean: 1.34466314316
        dmean2: 2.20721626282
        dvar: 1.64212560654
        dvar2: 4.27911138535
        max: 14.5335044861
        mean: 5.48419523239
        min: 2.49532747269
        var: 3.55316209793
    spectral_decrease:
        dmean: 2.90608426212e-10
        dmean2: 4.78669159865e-10
        dvar: 1.11377362089e-19
        dvar2: 2.79177411694e-19
        max: -2.26291450856e-11
        mean: -1.31122845914e-09
        min: -3.43897932353e-09
        var: 2.45603055359e-19
    spectral_energy:
        dmean: 0.00124678388238
        dmean2: 0.00202969042584
        dvar: 1.99659120881e-06
        dvar2: 4.74482749269e-06
        max: 0.015685999766
        mean: 0.00592602230608
        min: 0.00011314709991
        var: 4.96318853038e-06
    spectral_energyband_high:
        dmean: 0.000149602012243
        dmean2: 0.000227580807405
        dvar: 5.47986509503e-08
        dvar2: 9.74162404077e-08
        max: 0.00222399784252
        mean: 0.000406248669606
        min: 2.95712961815e-05
        var: 1.31040891915e-07
    spectral_energyband_low:
        dmean: 0.00026212297962
        dmean2: 0.00047523889225
        dvar: 3.44624083937e-07
        dvar2: 1.01409204945e-06
        max: 0.00390259874985
        mean: 0.000403406855185
        min: 5.54026371447e-07
        var: 2.26790106694e-07
    spectral_energyband_middle_high:
        dmean: 0.000649474619422
        dmean2: 0.000968048698269
        dvar: 4.1942840312e-07
        dvar2: 7.60671241551e-07
        max: 0.0090491566807
        mean: 0.00315827154554
        min: 5.11499019922e-05
        var: 2.61783043243e-06
    spectral_energyband_middle_low:
        dmean: 0.000727711012587
        dmean2: 0.00123317725956
        dvar: 9.1433543048e-07
        dvar2: 2.40946724261e-06
        max: 0.00748736551031
        mean: 0.00195804494433
        min: 3.16289660987e-05
        var: 1.60656338721e-06
    spectral_flatness_db:
        dmean: 0.0118162585422
        dmean2: 0.0190850850195
        dvar: 8.90972733032e-05
        dvar2: 0.000247659307206
        max: 0.173297047615
        mean: 0.118424847722
        min: 0.052494507283
        var: 0.00042703008512
    spectral_flux:
        dmean: 0.00870591960847
        dmean2: 0.0133976163343
        dvar: 8.9184330136e-05
        dvar2: 0.000177497771801
        max: 0.0941438227892
        mean: 0.0436015799642
        min: 0.0106370626017
        var: 0.000198536188691
    spectral_kurtosis:
        dmean: 0.686530470848
        dmean2: 1.04810643196
        dvar: 0.464566767216
        dvar2: 0.849071025848
        max: 9.89534950256
        mean: 2.9092502594
        min: -1.15366709232
        var: 2.44283509254
    spectral_rms:
        dmean: 0.000249200325925
        dmean2: 0.000401681259973
        dvar: 7.68328050071e-08
        dvar2: 1.65483172054e-07
        max: 0.00391195807606
        mean: 0.0023608955089
        min: 0.000332246010657
        var: 2.07657592455e-07
    spectral_rolloff:
        dmean: 366.716674805
        dmean2: 632.562866211
        dvar: 442819.40625
        dvar2: 997171.125
        max: 9259.27734375
        mean: 3468.04736328
        min: 1658.05664062
        var: 801148.8125
    spectral_skewness:
        dmean: 0.131538882852
        dmean2: 0.201423406601
        dvar: 0.020611518994
        dvar2: 0.0341511107981
        max: 2.72334885597
        mean: 1.40548884869
        min: 0.0453630872071
        var: 0.100022494793
    spectral_spread:
        dmean: 609143.125
        dmean2: 858456.5
        dvar: 713381249024
        dvar2: 1.12276720845e+12
        max: 14155203
        mean: 6044167.5
        min: 3319791.5
        var: 3.59060524237e+12
    spectral_strongpeak:
        dmean: 0.700079917908
        dmean2: 1.24480068684
        dvar: 1.06997716427
        dvar2: 2.81306910515
        max: 6.17353057861
        mean: 0.942983865738
        min: 0.00918320193887
        var: 1.30581963062
    zerocrossingrate:
        dmean: 0.0084441928193
        dmean2: 0.0102265262976
        dvar: 9.99851399683e-05
        dvar2: 0.000117374758702
        max: 0.21240234375
        mean: 0.105958163738
        min: 0.0419921875
        var: 0.000625004584435
    barkbands:
        dmean: [8.48541446885e-07, 6.53688111925e-05, 0.000208266050322, 0.000162650743732, 0.000320574647048, 0.000168513317476, 0.000158319598995, 0.000146823236719, 0.000184020478628, 0.000107603162178, 7.45104916859e-05, 3.7887461076e-05, 3.71432070096e-05, 0.000169682563865, 0.000120350174257, 7.58788155508e-05, 0.000215108142584, 0.000180752089364, 0.000276669190498, 0.000181413182872, 6.54441537336e-05, 3.40699953085e-05, 1.25361175378e-05, 9.11102597456e-06, 1.06853340185e-05, 2.75968147889e-07, 7.20791260012e-10]
        dmean2: [1.29020179429e-06, 0.000120035590953, 0.000376369833248, 0.000294131226838, 0.000544289592654, 0.000281038141111, 0.000244300521445, 0.000236130799749, 0.000297916616546, 0.000153173852596, 0.000115156210086, 6.080685489e-05, 5.85077650612e-05, 0.00026058696676, 0.00018434105732, 0.000122402823763, 0.000348343746737, 0.000280653970549, 0.000434929912444, 0.000297194841551, 0.000102624500869, 5.20381145179e-05, 1.75788336492e-05, 1.36700655275e-05, 1.64479188243e-05, 3.82228535045e-07, 1.04593633754e-09]
        dvar: [2.49701734983e-12, 2.32585879445e-08, 2.03100128715e-07, 6.28801544167e-08, 2.74277454082e-07, 1.08455964209e-07, 4.69850824913e-08, 5.25292591647e-08, 5.50845662417e-08, 2.55895571399e-08, 1.02474189134e-08, 2.07965045185e-09, 2.53688581253e-09, 3.99333686119e-08, 2.57706815887e-08, 6.72896582898e-09, 5.62703128537e-08, 6.48159002026e-08, 1.28816665779e-07, 5.65121425211e-08, 9.74114744423e-09, 4.33454427906e-09, 9.61815849188e-10, 9.01244745499e-10, 1.5686072441e-09, 6.23022683791e-13, 2.35724967882e-17]
        dvar2: [5.21232709771e-12, 6.79169218643e-08, 5.97365215071e-07, 1.85305481182e-07, 7.33139927434e-07, 2.85886301299e-07, 1.19305454405e-07, 1.38344262268e-07, 1.39071104854e-07, 4.25237232093e-08, 2.01696046531e-08, 4.45909220659e-09, 5.76091574445e-09, 1.0132407624e-07, 5.66637297084e-08, 1.7224223825e-08, 1.57475398055e-07, 1.6278445969e-07, 3.14988483296e-07, 1.42649753343e-07, 2.07239487793e-08, 8.34068725197e-09, 1.66333180562e-09, 2.11712625209e-09, 3.2101092895e-09, 1.35833922235e-12, 2.38281650806e-17]
        max: [1.25542701426e-05, 0.00104789098259, 0.00297180167399, 0.00184801896103, 0.00390666583553, 0.00364322122186, 0.00157485064119, 0.00201348518021, 0.00232602213509, 0.00254614674486, 0.00139278545976, 0.000540074426681, 0.00059135624906, 0.00174461642746, 0.00190729822498, 0.000795239582658, 0.00194328301586, 0.00284755718894, 0.00610591517761, 0.00217489944771, 0.00106526096351, 0.000672865950037, 0.000380418234272, 0.000363267114153, 0.000412577937823, 1.07565201688e-05, 1.01408843989e-07]
        mean: [1.0446210581e-06, 9.31517133722e-05, 0.000309263996314, 0.000238789507421, 0.000462881638668, 0.000347830413375, 0.000280617590761, 0.000254751881585, 0.00035469699651, 0.000222952337936, 0.000155541230924, 7.32820044504e-05, 7.20042880857e-05, 0.000348736037267, 0.000282466469798, 0.000159477262059, 0.000418901472585, 0.000461664661998, 0.000732742424589, 0.000366574036889, 0.00015680922661, 7.24582641851e-05, 2.29294237215e-05, 1.60694289661e-05, 1.98839406949e-05, 5.03411854424e-07, 7.22332971215e-10]
        min: [1.02734076801e-09, 2.22032269903e-07, 3.3049551007e-07, 4.01672764383e-07, 2.01852367354e-06, 3.49651554643e-06, 5.248810794e-06, 1.09514814994e-06, 1.18674165606e-06, 3.03578531202e-07, 5.91014440943e-07, 3.15303964271e-07, 7.05108732291e-07, 1.97042822947e-06, 2.83685790237e-06, 2.27079203796e-06, 1.1288031601e-05, 8.10143319541e-06, 1.7173568267e-05, 1.25012984427e-05, 1.06506367956e-05, 4.53504935649e-06, 7.11615598448e-07, 8.85898714387e-08, 1.87017619169e-07, 3.78292819292e-09, 1.56108958226e-13]
        var: [3.1135107513e-12, 1.52317909397e-08, 1.4057556541e-07, 4.78344226451e-08, 3.22860927326e-07, 2.88142132376e-07, 8.48018189004e-08, 8.46655865416e-08, 1.36092339176e-07, 1.11310583861e-07, 4.06811651033e-08, 4.79093609229e-09, 6.60306165301e-09, 9.03819596942e-08, 9.48265892475e-08, 1.44031480076e-08, 1.07288215645e-07, 1.96691971155e-07, 3.90834429709e-07, 1.14961324016e-07, 2.02262260274e-08, 7.64708474321e-09, 1.95167082495e-09, 1.3650273134e-09, 2.84640599979e-09, 1.07980725056e-12, 2.46252545168e-17]
    mfcc:
        mean: [-666.89453125, 93.1394042969, -41.060508728, 43.8691864014, -5.12864398956, -10.7419576645, -2.0795609951, -4.49901533127, 1.53525698185, 1.34313571453, 2.88131690025, -11.9604177475, -6.88625144958]
        cov: [[577.912780762, -163.957366943, -8.05684280396, -52.0477828979, -82.1243515015, -11.6572360992, -33.6811447144, -36.1405830383, -33.2574806213, -10.9587860107, -27.4733505249, -20.9769477844, -11.3342151642], [-163.957366943, 487.38760376, -231.707244873, 40.9293289185, -47.219367981, -27.2521896362, 42.064163208, 43.1611976624, 11.2944612503, -29.4711284637, -15.4456939697, -22.2184944153, -31.820192337], [-8.05684280396, -231.707244873, 329.710784912, -17.1675224304, 46.5225448608, 28.4295482635, -47.2029380798, -42.1892166138, 6.57528066635, 19.7613754272, -12.5409002304, 33.7691459656, 35.5401496887], [-52.0477828979, 40.9293289185, -17.1675224304, 150.816238403, 24.1167430878, -3.04727983475, -25.3897914886, -35.2847518921, -10.685713768, -1.98014914989, -7.2774887085, 3.83664798737, 17.6449680328], [-82.1243515015, -47.219367981, 46.5225448608, 24.1167430878, 171.055435181, 42.272857666, 20.7946395874, 28.0971240997, 22.9463806152, 28.6928882599, 19.4695491791, 5.61653470993, -13.8157281876], [-11.6572360992, -27.2521896362, 28.4295482635, -3.04727983475, 42.272857666, 72.1894683838, 25.7159023285, 10.152844429, 10.2626953125, 7.63035869598, 4.69828891754, -0.995328724384, -10.4875440598], [-33.6811447144, 42.064163208, -47.2029380798, -25.3897914886, 20.7946395874, 25.7159023285, 107.204330444, 57.7521209717, 13.5496644974, -8.55132293701, 12.6253728867, -1.37136638165, -18.3409996033], [-36.1405830383, 43.1611976624, -42.1892166138, -35.2847518921, 28.0971240997, 10.152844429, 57.7521209717, 105.416809082, 31.1769485474, 13.4205904007, 25.5525226593, -11.0652809143, -30.1453285217], [-33.2574806213, 11.2944612503, 6.57528066635, -10.685713768, 22.9463806152, 10.2626953125, 13.5496644974, 31.1769485474, 67.857131958, 30.8284778595, 8.15478801727, -7.4763712883, -19.4531211853], [-10.9587860107, -29.4711284637, 19.7613754272, -1.98014914989, 28.6928882599, 7.63035869598, -8.55132293701, 13.4205904007, 30.8284778595, 68.9079284668, 38.4969940186, 1.35786771774, -22.2674770355], [-27.4733505249, -15.4456939697, -12.5409002304, -7.2774887085, 19.4695491791, 4.69828891754, 12.6253728867, 25.5525226593, 8.15478801727, 38.4969940186, 85.0808029175, 14.2154884338, -30.2893676758], [-20.9769477844, -22.2184944153, 33.7691459656, 3.83664798737, 5.61653470993, -0.995328724384, -1.37136638165, -11.0652809143, -7.4763712883, 1.35786771774, 14.2154884338, 59.9764060974, 20.6973133087], [-11.3342151642, -31.820192337, 35.5401496887, 17.6449680328, -13.8157281876, -10.4875440598, -18.3409996033, -30.1453285217, -19.4531211853, -22.2674770355, -30.2893676758, 20.6973133087, 70.4440231323]]
        icov: [[0.00253007002175, 0.00139591819607, 0.000891435600352, 0.00045464199502, 0.00117197853979, -0.00020809432317, 0.000433762936154, 0.000130657776026, 0.000975593167823, -0.00047118079965, 0.00159309990704, -2.43694248638e-05, 0.00165435252711], [0.00139591819607, 0.00426952168345, 0.00258589908481, -0.000936029362492, 0.00125771865714, 0.000327076384565, 6.37789271423e-05, -0.000850981392432, -0.000529960612766, 0.000668530003168, 0.00222035031766, -0.0010117450729, 0.00234775454737], [0.000891435600352, 0.00258589908481, 0.00592969264835, 0.000929526693653, -0.000461680290755, -0.00170017243363, 0.00196482171305, 0.00065676565282, -0.000986203085631, -0.000745112309232, 0.00214442843571, -0.00244747148827, -0.000330716720782], [0.00045464199502, -0.000936029362492, 0.000929526693653, 0.0087239863351, -0.00229022535495, -0.000148219449329, 0.00134362350218, 0.0031994599849, 0.000437710783444, -0.000481472234242, -0.00041448418051, 0.000451655127108, -0.00209831655957], [0.00117197853979, 0.00125771865714, -0.000461680290755, -0.00229022535495, 0.00895494688302, -0.0036107681226, -0.000438314513303, -0.00245294068009, -3.62278501598e-06, -0.00211505056359, 0.000955993367825, -0.000809218443464, 0.0015974160051], [-0.00020809432317, 0.000327076384565, -0.00170017243363, -0.000148219449329, -0.0036107681226, 0.0188379585743, -0.00555610144511, 0.00208331691101, -0.000617101381067, -0.000453646993265, 0.000611226190813, 0.000944946252275, 0.00222183205187], [0.000433762936154, 6.37789271423e-05, 0.00196482171305, 0.00134362350218, -0.000438314513303, -0.00555610144511, 0.0167141947895, -0.00731738703325, -0.00102623319253, 0.00509816315025, -0.000892210577149, -0.0023097305093, 0.000701160752214], [0.000130657776026, -0.000850981392432, 0.00065676565282, 0.0031994599849, -0.00245294068009, 0.00208331691101, -0.00731738703325, 0.0184937510639, -0.00508867390454, 0.000308352377033, -0.00360191427171, 0.00263159652241, 0.000712158158422], [0.000975593167823, -0.000529960612766, -0.000986203085631, 0.000437710783444, -3.62278501598e-06, -0.000617101381067, -0.00102623319253, -0.00508867390454, 0.0236354973167, -0.0117342397571, 0.00583202531561, 0.00051422935212, 0.00294239609502], [-0.00047118079965, 0.000668530003168, -0.000745112309232, -0.000481472234242, -0.00211505056359, -0.000453646993265, 0.00509816315025, 0.000308352377033, -0.0117342397571, 0.0290206596255, -0.0118359588087, 0.000784555275459, 0.00231302529573], [0.00159309990704, 0.00222035031766, 0.00214442843571, -0.00041448418051, 0.000955993367825, 0.000611226190813, -0.000892210577149, -0.00360191427171, 0.00583202531561, -0.0118359588087, 0.0233298204839, -0.0082433456555, 0.00910846143961], [-2.43694248638e-05, -0.0010117450729, -0.00244747148827, 0.000451655127108, -0.000809218443464, 0.000944946252275, -0.0023097305093, 0.00263159652241, 0.00051422935212, 0.000784555275459, -0.0082433456555, 0.0232014823705, -0.00880385376513], [0.00165435252711, 0.00234775454737, -0.000330716720782, -0.00209831655957, 0.0015974160051, 0.00222183205187, 0.000701160752214, 0.000712158158422, 0.00294239609502, 0.00231302529573, 0.00910846143961, -0.00880385376513, 0.025392986834]]
    spectral_contrast:
        mean: [2.26718569252e-07, -8.25714892017e-08, 1.08852113101e-07, 7.32062872544e-08, 9.22485838828e-08, 3.30355277356e-07, 4.50292282039e-06, 1.08386882403e-06, -2.16454964175e-06, 2.36020537159e-06, -1.67489054093e-06, 1.01743739833e-06]
        var: [0.000356855889549, 0.0007556983619, 0.00139695720281, 0.0032041890081, 0.00359185575508, 0.00420450791717, 0.0405519530177, 0.0597704723477, 0.128003492951, 0.174914225936, 0.296601384878, 0.485254585743]

rhythm:
    beats_loudness:
        dmean: 0.00312630319968
        dmean2: 0.00557883828878
        dvar: 6.06392904956e-06
        dvar2: 1.79057151399e-05
        max: 0.0128677673638
        mean: 0.00646665506065
        min: 0.00312540470622
        var: 6.13321253695e-06
    beats_loudness_bass:
        dmean: 0.100155137479
        dmean2: 0.181591123343
        dvar: 0.00366603862494
        dvar2: 0.0109018851072
        max: 0.284194380045
        mean: 0.109839856625
        min: 0.00890968833119
        var: 0.00529227312654
    bpm: 102.79334259
    bpm_confidence: 0
    first_peak_bpm: 103
    first_peak_spread: 0
    first_peak_weight: 0.9375
    onset_rate: 3.00638103485
    second_peak_bpm: 67
    second_peak_spread: 0
    second_peak_weight: 0.0625
    beats_position: [0.0569809153676, 0.639204502106, 1.22142803669, 1.80365169048, 2.38587522507, 2.96809887886, 3.55032229424, 4.13254594803, 4.71476984024, 5.29699325562, 6.18953084946, 6.77626180649, 7.36299324036, 7.94972467422, 8.53645706177, 9.1231880188, 9.70991897583]
    bpm_estimates: [103.208892822, 102.648262024, 103.101394653, 102.998840332, 104.485870361, 102.386741638, 103.230537415, 102.395393372, 102.529197693, 101.53729248, 101.724479675, 103.273345947]
    bpm_intervals: [0.582223594189, 0.582223534584, 0.582223653793, 0.582223534584, 0.582223653793, 0.582223415375, 0.582223653793, 0.582223892212, 0.582223415375, 0.892537593842, 0.586730957031, 0.586731433868, 0.586731433868, 0.586732387543, 0.586730957031, 0.586730957031]
    onset_times: [0.0348299331963, 0.603718817234, 0.917188227177, 1.03328800201, 1.19582772255, 1.45124721527, 1.59056687355, 2.06657600403, 2.36843538284, 2.69351482391, 2.97215414047, 3.29723358154, 3.52943301201, 3.84290242195, 4.13315200806, 4.26086187363, 4.51628112793, 4.72526073456, 5.11999988556, 5.61922883987, 5.89786863327, 6.81505680084, 7.05886602402, 7.95283460617, 8.37079334259, 8.56816291809, 8.6958732605, 9.14866256714, 9.39247131348, 9.58984088898]
    rubato_start: []
    rubato_stop: []
    perceptual_tempo: "unknown"

sfx:
    inharmonicity:
        dmean: 0.0566621646285
        dmean2: 0.0982281044126
        dvar: 0.00313638942316
        dvar2: 0.00877465028316
        max: 0.352252393961
        mean: 0.0753202810884
        min: 0
        var: 0.00444637052715
    oddtoevenharmonicenergyratio:
        dmean: 2.23736667633
        dmean2: 4.24304676056
        dvar: 58.9420013428
        dvar2: 176.711761475
        max: 90.4373245239
        mean: 1.56383657455
        min: 0
        var: 31.3112869263
    pitch_after_max_to_before_max_energy_ratio: 43.9586105347
    pitch_centroid: 211.209411621
    pitch_max_to_total: 0
    pitch_min_to_total: 0.45581394434
    tristimulus:
        dmean: [0.158838868141, 0.232250019908, 0.149782478809]
        dmean2: [0.267274945974, 0.412844181061, 0.265620678663]
        dvar: [0.017707105726, 0.0408011302352, 0.0176493227482]
        dvar2: [0.0465882457793, 0.120940521359, 0.0475447997451]
        max: [1, 0.978097677231, 0.686519026756]
        mean: [0.320028692484, 0.445535302162, 0.174170926213]
        min: [0.0219023413956, 0, 0]
        var: [0.0321863628924, 0.0494271405041, 0.0233050007373]

tonal:
    chords_changes_rate: 0.0231481473893
    chords_number_rate: 0.0277777779847
    chords_strength:
        dmean: 0.00769344484434
        dmean2: 0.00814207457006
        dvar: 4.42553973699e-05
        dvar2: 4.8160291044e-05
        max: 0.697189450264
        mean: 0.536609351635
        min: 0.345560878515
        var: 0.00871367566288
    key_strength: 0.679545581341
    tuning_diatonic_strength: 0.576985538006
    tuning_equal_tempered_deviation: 0.0665898621082
    tuning_frequency: 442.548919678
    tuning_nontempered_energy_ratio: 0.676818966866
    hpcp:
        dmean: [0.120000749826, 0.123566552997, 0.160001516342, 0.148451596498, 0.106896609068, 0.108383193612, 0.130109474063, 0.116132996976, 0.0958677232265, 0.0632371678948, 0.0573545247316, 0.0805515274405, 0.117252953351, 0.111200779676, 0.0979625806212, 0.142165914178, 0.160407721996, 0.178808048368, 0.165203213692, 0.148192748427, 0.138072565198, 0.145882591605, 0.10984878242, 0.0863973498344, 0.0832773149014, 0.0727897807956, 0.0845336616039, 0.115634649992, 0.117132052779, 0.122076697648, 0.126306220889, 0.136003434658, 0.19044560194, 0.222608044744, 0.211854249239, 0.15400275588]
        dmean2: [0.198618456721, 0.20828102529, 0.269111722708, 0.248590186238, 0.185428783298, 0.188428506255, 0.229167848825, 0.205223664641, 0.168841943145, 0.108419425786, 0.0977610498667, 0.138297915459, 0.185356885195, 0.178206697106, 0.158529952168, 0.245854839683, 0.285697191954, 0.314084678888, 0.287399679422, 0.246891394258, 0.223142370582, 0.244065120816, 0.185319289565, 0.145036950707, 0.139326781034, 0.118820331991, 0.145920068026, 0.195275172591, 0.187037482858, 0.202112987638, 0.215712934732, 0.236074626446, 0.322935074568, 0.383382201195, 0.343360394239, 0.258464872837]
        dvar: [0.0199759621173, 0.0237352475524, 0.0336498618126, 0.031203398481, 0.016843598336, 0.023512436077, 0.0262617133558, 0.0263901539147, 0.0321935638785, 0.0101899877191, 0.00679660635069, 0.011875256896, 0.0236151646823, 0.022996397689, 0.0220629926771, 0.0431034900248, 0.0613718256354, 0.0446785204113, 0.0324141606688, 0.0280572529882, 0.0275636464357, 0.0329377688468, 0.0213910285383, 0.0193194076419, 0.01366667822, 0.0133005157113, 0.0108000524342, 0.0234003067017, 0.022179145366, 0.0262238681316, 0.0232152845711, 0.0316575840116, 0.0269201360643, 0.0451073944569, 0.0326135642827, 0.0272364001721]
        dvar2: [0.0497203543782, 0.0620353706181, 0.0881269052625, 0.0720375850797, 0.0448405854404, 0.0663806274533, 0.0634717568755, 0.0725423544645, 0.0908400714397, 0.0265467297286, 0.0175538789481, 0.0338703654706, 0.062554910779, 0.061297416687, 0.0517310425639, 0.119647212327, 0.159365355968, 0.123500660062, 0.085340641439, 0.0663227438927, 0.0647271871567, 0.0867139697075, 0.0561636574566, 0.0524164438248, 0.0308945421129, 0.0368039868772, 0.031048277393, 0.0628472417593, 0.0578814260662, 0.068133674562, 0.0588461123407, 0.087493956089, 0.0672664567828, 0.103902347386, 0.0838402286172, 0.0746768042445]
        max: [1, 1, 1, 1, 0.851411342621, 1, 1, 1, 1, 0.696175456047, 0.604316294193, 0.808592319489, 1, 1, 1, 1, 1, 1, 1, 1, 1, 1, 1, 1, 1, 0.949502229691, 0.746812462807, 1, 1, 1, 1, 1, 1, 1, 1, 1]
        mean: [0.233507037163, 0.204511418939, 0.26556751132, 0.273221552372, 0.168498769403, 0.203875616193, 0.273331940174, 0.190432071686, 0.109342224896, 0.084031149745, 0.0770464837551, 0.174882158637, 0.293023496866, 0.231545656919, 0.1455155164, 0.159275367856, 0.177536010742, 0.258260965347, 0.336539447308, 0.253969430923, 0.247189715505, 0.303632408381, 0.202222511172, 0.12702254951, 0.123536907136, 0.106399312615, 0.146862000227, 0.220391944051, 0.209737896919, 0.186556041241, 0.182891830802, 0.184404090047, 0.424888879061, 0.680233359337, 0.507208168507, 0.281801015139]
        min: [0.00597412651405, 0.0210145395249, 0.0194803141057, 0.00908849108964, 0.00908731669188, 0.0133939208463, 0.0206318628043, 0.00854492746294, 0.00445558223873, 0.00512407673523, 0.00349459052086, 0.00416634697467, 0.00489601120353, 0.0111023811623, 0.0141397453845, 0.00781055400148, 0.00680013513193, 0.00764018297195, 0.00531843770295, 0.0028269009199, 0.00887672137469, 0.00214499933645, 0.00496070412919, 0.00374607136473, 0.00273573817685, 0.00579434027895, 0.00779898837209, 0.0048571061343, 0.00248620705679, 0.00338490400463, 0.0043113688007, 0.0073626851663, 0.0415019541979, 0.0562083050609, 0.0485652349889, 0.0145408278331]
        var: [0.064045496285, 0.0335191302001, 0.0481017380953, 0.0566013343632, 0.021884970367, 0.0384915992618, 0.0640349909663, 0.0320334210992, 0.0233476292342, 0.0104904659092, 0.00726896198466, 0.0283941980451, 0.0935351476073, 0.052803453058, 0.0292002335191, 0.0409633256495, 0.0612892135978, 0.0560180209577, 0.0744662135839, 0.0466127581894, 0.0470318049192, 0.0918646901846, 0.0480963177979, 0.0265467036515, 0.0302225928754, 0.0156546030194, 0.0175171121955, 0.0544918812811, 0.0524609535933, 0.0366299189627, 0.0369994714856, 0.0405882634223, 0.0510279349983, 0.0832928493619, 0.0654005110264, 0.0594641715288]
    chords_histogram: [19.4444446564, 0, 0, 6.94444465637, 0, 1.38888883591, 0, 0, 0, 0, 0, 0, 0, 0, 0, 0, 0, 0, 0, 0, 1.38888883591, 0, 28.2407398224, 42.5925941467]
    thpcp: [1, 0.745638489723, 0.414271086454, 0.343274891376, 0.300648897886, 0.390406489372, 0.401658564806, 0.247707307339, 0.299714237452, 0.401820838451, 0.279951095581, 0.160742223263, 0.123532824218, 0.113264784217, 0.257091403008, 0.430769085884, 0.340391516685, 0.213919997215, 0.234148129821, 0.260992795229, 0.379665255547, 0.494741171598, 0.373356342316, 0.363389581442, 0.446365058422, 0.297284036875, 0.186733782291, 0.181609600782, 0.156415894628, 0.215899437666, 0.323994606733, 0.308332264423, 0.27425301075, 0.268866300583, 0.271089464426, 0.624622225761]
    chords_key: "E"
    chords_scale: "major"
    key_key: "G#"
    key_scale: "minor"
    chords_progression: ["G#m", "G#m", "G#m", "G#m", "G#m", "G#m", "G#m", "G#m", "G#m", "G#m", "G#m", "G#m", "G#m", "G#m", "G#m", "G#m", "G#m", "G#m", "G#m", "G#m", "G#m", "G#m", "G#m", "G#m", "G#m", "G#m", "G#m", "G#m", "G#m", "G#m", "G#m", "G#m", "G#m", "G#m", "G#m", "G#m", "G#m", "G#m", "G#m", "G#m", "G#m", "G#m", "E", "E", "E", "E", "E", "E", "E", "E", "E", "E", "E", "E", "E", "E", "E", "E", "E", "E", "E", "E", "E", "E", "E", "E", "E", "E", "E", "E", "E", "E", "E", "E", "E", "E", "E", "E", "E", "E", "E", "E", "E", "E", "E", "E", "E", "E", "E", "E", "E", "E", "E", "E", "E", "E", "E", "E", "E", "E", "E", "E", "E", "E", "E", "E", "E", "E", "E", "E", "E", "E", "E", "E", "E", "E", "E", "E", "E", "E", "E", "E", "E", "E", "E", "E", "E", "E", "E", "E", "E", "E", "E", "E", "C#m", "C#m", "C#m", "C#m", "C#m", "C#m", "C#m", "C#m", "C#m", "C#m", "C#m", "C#m", "C#m", "C#m", "C#m", "C#m", "C#m", "C#m", "C#m", "C#m", "C#m", "C#m", "C#m", "C#m", "C#m", "C#m", "C#m", "C#m", "C#m", "C#m", "C#m", "C#m", "C#m", "C#m", "C#m", "C#m", "C#m", "C#m", "C#m", "C#m", "C#m", "C#m", "C#m", "C#m", "C#m", "C#m", "C#m", "C#m", "C#m", "C#m", "C#m", "C#m", "C#m", "C#m", "C#m", "C#m", "C#m", "C#m", "C#m", "C#m", "C#m", "C#", "C#", "C#", "F#", "F#", "F#", "F#", "F#", "F#", "F#", "F#", "F#", "F#", "F#", "F#", "F#", "F#", "F#", "F#m", "F#m", "F#m"]
