
metadata:
    version:
        essentia: "1.2.2"
    audio_properties:
        analysis_sample_rate: 44100
        bitrate: 128
        channels: 2
        equal_loudness: 1
        length: 10.0048980713
        replay_gain: -13.6327552795
        downmix: "mix"
    tags:
        track: 17
        year: 0
        album: "Splitted by Mp3Splt v. 2.1"
        artist: "From 002.40 To 002.50"
        comment: "http://mp3splt.sf.net"
        genre: ""
        title: "10 Track 10.mp3"

highlevel:
    ballroom:
        all:
            ChaChaCha: 0.00328693538904
            Jive: 0.00442763557658
            Quickstep: 0.0401853062212
            Rumba-American: 0.0180605240166
            Rumba-International: 0.0212169308215
            Rumba-Misc: 0.0193699635565
            Samba: 0.0114487353712
            Tango: 0.0782937705517
            VienneseWaltz: 0.522578299046
            Waltz: 0.281131893396
        probability: 0.522578299046
        value: "VienneseWaltz"
    culture:
        all:
            non_western: 0.398366600275
            western: 0.601633429527
        probability: 0.601633429527
        value: "western"
    gender:
        all:
            female: 0.880956470966
            male: 0.119043536484
        probability: 0.880956470966
        value: "female"
    genre_dortmund:
        all:
            alternative: 0.145773410797
            blues: 0.00335305603221
            electronic: 0.557630836964
            folkcountry: 0.0763790309429
            funksoulrnb: 0.011320181191
            jazz: 0.0542911179364
            pop: 0.0750855207443
            raphiphop: 0.00114908162504
            rock: 0.0750177800655
        probability: 0.557630836964
        value: "electronic"
    genre_electronica:
        all:
            ambient: 0.957241654396
            dnb: 0.0117565719411
            house: 0.00283514196053
            techno: 0.00102741667069
            trance: 0.027139198035
        probability: 0.957241654396
        value: "ambient"
    genre_rosamerica:
        all:
            cla: 0.121507644653
            dan: 0.0227141436189
            hip: 0.0108564645052
            jaz: 0.155387699604
            pop: 0.176867693663
            rhy: 0.0741386711597
            roc: 0.427771657705
            spe: 0.0107560558245
        probability: 0.427771657705
        value: "roc"
    genre_tzanetakis:
        all:
            blu: 0.0188307054341
            cla: 0.50940901041
            cou: 0.0364982783794
            dis: 0.0470286719501
            hip: 0.00592489400879
            jaz: 0.112135119736
            met: 0.00793079286814
            pop: 0.161563113332
            reg: 0.0522289052606
            roc: 0.0484505333006
        probability: 0.50940901041
        value: "cla"
    live_studio:
        all:
            live: 0.0679992735386
            studio: 0.932000756264
        probability: 0.932000756264
        value: "studio"
    mood:
        all:
            Cluster1: 0.180757716298
            Cluster2: 0.10582755506
            Cluster3: 0.598402619362
            Cluster4: 0.110665298998
            Cluster5: 0.00434681493789
        probability: 0.598402619362
        value: "Cluster3"
    mood_acoustic:
        all:
            acoustic: 0.612009525299
            not_acoustic: 0.387990474701
        probability: 0.612009525299
        value: "acoustic"
    mood_aggressive:
        all:
            aggressive: 2.40235908677e-06
            not_aggressive: 0.999997615814
        probability: 0.999997615814
        value: "not_aggressive"
    mood_electronic:
        all:
            electronic: 0.807891607285
            not_electronic: 0.192108362913
        probability: 0.807891607285
        value: "electronic"
    mood_happy:
        all:
            happy: 0.31030651927
            not_happy: 0.689693510532
        probability: 0.689693510532
        value: "not_happy"
    mood_party:
        all:
            not_party: 0.940496921539
            party: 0.0595030747354
        probability: 0.940496921539
        value: "not_party"
    mood_relaxed:
        all:
            not_relaxed: 0.259623497725
            relaxed: 0.740376472473
        probability: 0.740376472473
        value: "relaxed"
    mood_sad:
        all:
            not_sad: 0.0128630567342
            sad: 0.98713696003
        probability: 0.98713696003
        value: "sad"
    rhythm:
        all:
            fast: 0.52303892374
            medium: 0.125330463052
            slow: 0.351630628109
        probability: 0.52303892374
        value: "fast"
    speech_music:
        all:
            music: 1.13743502464e-11
            speech: 1
        probability: 1
        value: "speech"
    timbre:
        all:
            bright: 0.69268655777
            dark: 0.30731344223
        probability: 0.69268655777
        value: "bright"
    voice_instrumental:
        all:
            instrumental: 0.988254725933
            voice: 0.011745271273
        probability: 0.988254725933
        value: "instrumental"

lowlevel:
    average_loudness: 0.963311970234
    barkbands_kurtosis:
        dmean: 2.6528236866
        dmean2: 4.2525267601
        dvar: 13.7948408127
        dvar2: 36.5540313721
        max: 34.9343681335
        mean: 3.58626389503
        min: -1.36631643772
        var: 27.7137794495
    barkbands_skewness:
        dmean: 0.523557007313
        dmean2: 0.819504737854
        dvar: 0.237267971039
        dvar2: 0.611787855625
        max: 4.51710367203
        mean: 1.03680121899
        min: -0.746399223804
        var: 0.78842061758
    barkbands_spread:
        dmean: 2.67041254044
        dmean2: 4.13820505142
        dvar: 7.27339553833
        dvar2: 17.7044849396
        max: 32.6550140381
        mean: 9.8523349762
        min: 1.25679802895
        var: 39.7742729187
    dissonance:
        dmean: 0.03827701509
        dmean2: 0.0651930272579
        dvar: 0.00129712163471
        dvar2: 0.00324185239151
        max: 0.497839123011
        mean: 0.410582184792
        min: 0.265709012747
        var: 0.00221324339509
    hfc:
        dmean: 1.36908328533
        dmean2: 2.05487442017
        dvar: 1.88673579693
        dvar2: 4.34698867798
        max: 16.6139850616
        mean: 4.93535900116
        min: 4.44903844254e-06
        var: 7.41019201279
    pitch:
        dmean: 169.728118896
        dmean2: 322.987945557
        dvar: 97901.140625
        dvar2: 252765.171875
        max: 3150
        mean: 436.926239014
        min: 123.184356689
        var: 93516.4296875
    pitch_instantaneous_confidence:
        dmean: 0.0835013315082
        dmean2: 0.131833925843
        dvar: 0.00528033822775
        dvar2: 0.0112596210092
        max: 0.939551055431
        mean: 0.659376084805
        min: 0.133345127106
        var: 0.0249324589968
    pitch_salience:
        dmean: 0.0683534741402
        dmean2: 0.10566367954
        dvar: 0.00344758527353
        dvar2: 0.00705362437293
        max: 0.987277746201
        mean: 0.457891404629
        min: 0.175111353397
        var: 0.0142322843894
    silence_rate_20dB:
        dmean: 0
        dmean2: 0
        dvar: 0
        dvar2: 0
        max: 1
        mean: 1
        min: 1
        var: 0
    silence_rate_30dB:
        dmean: 0
        dmean2: 0
        dvar: 0
        dvar2: 0
        max: 1
        mean: 1
        min: 1
        var: 0
    silence_rate_60dB:
        dmean: 0.1252900213
        dmean2: 0.248837202787
        dvar: 0.109592348337
        dvar2: 0.252033919096
        max: 1
        mean: 0.342592597008
        min: 0
        var: 0.22522328794
    spectral_centroid:
        dmean: 109.4427948
        dmean2: 175.325515747
        dvar: 9884.54296875
        dvar2: 24178.1816406
        max: 2078.85473633
        mean: 1178.20446777
        min: 877.553833008
        var: 47474.1484375
    spectral_complexity:
        dmean: 1.49767446518
        dmean2: 2.60606050491
        dvar: 2.11511111259
        dvar2: 5.48815965652
        max: 15
        mean: 7.37122964859
        min: 0
        var: 6.78561639786
    spectral_crest:
        dmean: 3.27440190315
        dmean2: 5.25029754639
        dvar: 7.6307220459
        dvar2: 17.3600940704
        max: 25.2520618439
        mean: 14.0675077438
        min: 3.74261879921
        var: 31.8368816376
    spectral_decrease:
        dmean: 3.40726447057e-10
        dmean2: 5.08803166266e-10
        dvar: 1.25984686698e-19
        dvar2: 2.8775679976e-19
        max: -1.08108551476e-15
        mean: -1.06079922624e-09
        min: -3.74359476751e-09
        var: 4.31044851177e-19
    spectral_energy:
        dmean: 0.00140665564686
        dmean2: 0.00209853611887
        dvar: 2.13555858863e-06
        dvar2: 4.88997829962e-06
        max: 0.0156361050904
        mean: 0.00445135077462
        min: 4.48381154428e-09
        var: 7.38742937756e-06
    spectral_energyband_high:
        dmean: 9.44585463003e-06
        dmean2: 1.57542581292e-05
        dvar: 7.12800429792e-10
        dvar2: 1.98751348712e-09
        max: 0.000243692047661
        mean: 2.36062096519e-05
        min: 4.28886336168e-11
        var: 5.53563694883e-10
    spectral_energyband_low:
        dmean: 1.34968850034e-05
        dmean2: 2.23981915042e-05
        dvar: 1.47513412596e-09
        dvar2: 3.94895716127e-09
        max: 0.000462016672827
        mean: 2.73590176221e-05
        min: 3.36432791348e-11
        var: 1.75853653861e-09
    spectral_energyband_middle_high:
        dmean: 0.00131102732848
        dmean2: 0.00198042206466
        dvar: 2.08997767004e-06
        dvar2: 4.88998830406e-06
        max: 0.0154468948022
        mean: 0.00366646097973
        min: 2.35152985972e-09
        var: 7.291953807e-06
    spectral_energyband_middle_low:
        dmean: 0.000234867082327
        dmean2: 0.000334596610628
        dvar: 7.3195124628e-08
        dvar2: 1.46190572536e-07
        max: 0.00354066491127
        mean: 0.000733927707188
        min: 2.05328798408e-09
        var: 3.491069549e-07
    spectral_flatness_db:
        dmean: 0.0242546629161
        dmean2: 0.0372334159911
        dvar: 0.00047672126675
        dvar2: 0.00101735873614
        max: 0.3518897295
        mean: 0.212241336703
        min: 0.0926998928189
        var: 0.00212269322947
    spectral_flux:
        dmean: 0.0084508722648
        dmean2: 0.0144380377606
        dvar: 7.21087635611e-05
        dvar2: 0.000208804689464
        max: 0.0665777027607
        mean: 0.0283647105098
        min: 6.69612709316e-05
        var: 0.000111680965347
    spectral_kurtosis:
        dmean: 1.87982535362
        dmean2: 2.9792265892
        dvar: 3.74052214622
        dvar2: 9.52621269226
        max: 21.7798728943
        mean: 8.35091114044
        min: 1.62780284882
        var: 12.2758903503
    spectral_rms:
        dmean: 0.000319899292663
        dmean2: 0.000469478167361
        dvar: 8.56710187236e-08
        dvar2: 1.91042957454e-07
        max: 0.00390573125333
        mean: 0.00198154314421
        min: 2.09151880881e-06
        var: 4.16272229131e-07
    spectral_rolloff:
        dmean: 345.08190918
        dmean2: 605.790161133
        dvar: 141461.5
        dvar2: 321412.28125
        max: 3746.77734375
        mean: 1712.91430664
        min: 796.728515625
        var: 428489.90625
    spectral_skewness:
        dmean: 0.21042355895
        dmean2: 0.32759386301
        dvar: 0.039771143347
        dvar2: 0.0980351865292
        max: 3.51100087166
        mean: 2.29273080826
        min: 1.16081178188
        var: 0.163564160466
    spectral_spread:
        dmean: 509028.53125
        dmean2: 756429.1875
        dvar: 1.2737029079e+12
        dvar2: 1.61104776397e+12
        max: 22183438
        mean: 3958070
        min: 2104614.25
        var: 2.41598752358e+12
    spectral_strongpeak:
        dmean: 0.472610235214
        dmean2: 0.726319074631
        dvar: 0.210917755961
        dvar2: 0.444402694702
        max: 5.10632276535
        mean: 1.48708868027
        min: 1.79383605428e-05
        var: 0.822102963924
    zerocrossingrate:
        dmean: 0.00517918774858
        dmean2: 0.00667773000896
        dvar: 2.2601288947e-05
        dvar2: 3.81725185434e-05
        max: 0.1103515625
        mean: 0.0593811161816
        min: 0.02197265625
        var: 0.000200739712454
    barkbands:
        dmean: [3.65512775602e-08, 6.74059765515e-06, 9.33217961574e-06, 5.2241261983e-06, 8.2781589299e-06, 3.49364745489e-05, 1.99983933271e-05, 7.57635061746e-05, 8.85682893568e-05, 0.000878003367689, 0.000552118639462, 0.000127589024487, 2.55695995293e-05, 0.000189304744708, 5.28796117578e-05, 2.69679603662e-05, 6.16323086433e-05, 2.37949388975e-05, 4.26381811849e-05, 1.00295528682e-05, 6.12255053056e-06, 1.83229929007e-06, 5.87676026953e-07, 3.47634227182e-07, 3.00073338622e-07, 2.42107152104e-08, 2.86915957659e-09]
        dmean2: [5.81348373885e-08, 1.06202596726e-05, 1.62003434525e-05, 8.75712248671e-06, 1.25010665215e-05, 5.14940220455e-05, 3.00773845083e-05, 0.000124090380268, 0.000120389966469, 0.00131088786293, 0.00085726933321, 0.000206892218557, 4.07923362218e-05, 0.000324818509398, 9.09611262614e-05, 4.72168794659e-05, 0.000102097037598, 4.15761714976e-05, 6.98473086231e-05, 1.65089913935e-05, 1.06711913759e-05, 3.01673230751e-06, 9.23530478758e-07, 4.94360563152e-07, 4.37711292989e-07, 3.67096397724e-08, 3.00515812235e-09]
        dvar: [1.77557367274e-14, 3.75120240426e-10, 6.57641829882e-10, 6.60022939081e-11, 1.53928189639e-10, 3.43823058913e-09, 5.65956226328e-10, 1.33962370086e-08, 2.20889404545e-08, 1.45976844124e-06, 1.36458015731e-06, 7.86408307363e-08, 1.23536980645e-09, 7.88684033637e-08, 1.65182072465e-08, 1.25943966367e-09, 5.54480816817e-09, 5.59593038574e-10, 3.54770923749e-09, 2.84507029047e-10, 3.65683233694e-10, 1.1211817065e-11, 9.91879538573e-13, 5.0994543874e-13, 3.99267289153e-13, 6.12266712143e-15, 3.13644886599e-15]
        dvar2: [3.47408191624e-14, 8.38903668754e-10, 2.13596673682e-09, 1.87662177464e-10, 3.82399001353e-10, 7.50823225815e-09, 1.25636601123e-09, 3.18808055511e-08, 4.3868112698e-08, 3.27847055814e-06, 2.98115128317e-06, 1.94457740577e-07, 2.7290056881e-09, 2.2715614989e-07, 4.03450748365e-08, 3.90775678483e-09, 1.33959083826e-08, 1.61008151256e-09, 9.05970853893e-09, 7.32134908255e-10, 1.03496333725e-09, 2.93304026899e-11, 2.43412278181e-12, 1.02353813359e-12, 7.77248111792e-13, 9.83423039454e-15, 3.13972158954e-15]
        max: [1.73804971837e-06, 0.000163481920026, 0.000317394849844, 0.000112864981929, 0.000161772986758, 0.000697670213412, 0.000371280766558, 0.00115308188833, 0.00196225265972, 0.0131525686011, 0.0143902897835, 0.00511187734082, 0.000368091918062, 0.00265866611153, 0.00170996808447, 0.000334886775818, 0.000618505349848, 0.000197671732167, 0.000818581727799, 0.000197700312128, 0.000182844087249, 3.2038311474e-05, 1.09282273115e-05, 1.42621111081e-05, 6.25034499535e-06, 1.12049667678e-06, 1.1642997606e-06]
        mean: [3.53263196473e-08, 1.05955705294e-05, 1.67302423506e-05, 1.4972635654e-05, 1.98809284484e-05, 9.2033034889e-05, 5.0047878176e-05, 0.000164586293977, 0.000152105276356, 0.00182803778443, 0.00105708639603, 0.000208519457374, 4.11094551964e-05, 0.000340415193932, 9.3661750725e-05, 5.19472159795e-05, 0.000126140454086, 5.48509597138e-05, 9.11403476493e-05, 1.92182924366e-05, 1.12040424938e-05, 3.93883647121e-06, 1.59543890277e-06, 8.24745370664e-07, 6.39622214749e-07, 3.55501583726e-08, 2.85584600412e-09]
        min: [4.45401961841e-12, 1.36672001841e-11, 1.76055767187e-11, 2.53228896185e-11, 1.00802227676e-10, 1.86458237739e-10, 3.44498402027e-10, 5.38839861619e-10, 7.76152919713e-10, 4.74384920235e-10, 5.09609965338e-10, 5.33207533682e-10, 3.00454744417e-10, 2.77239203816e-10, 1.9157274378e-10, 4.87419375694e-11, 3.20598998738e-11, 2.20553107028e-11, 2.05891415028e-11, 4.8033532013e-11, 5.33418318197e-12, 5.51815797917e-12, 2.40042794669e-12, 1.69654850064e-12, 8.45900823346e-13, 9.89281464907e-13, 3.93048529108e-14]
        var: [1.58835702972e-14, 4.52949594498e-10, 6.19102602517e-10, 3.76234959854e-10, 4.90848806045e-10, 1.64709259565e-08, 3.37566286035e-09, 4.58493296662e-08, 4.66366394392e-08, 5.0031740102e-06, 4.42871896666e-06, 2.43612362283e-07, 2.26083685106e-09, 1.34059604306e-07, 3.7250739382e-08, 2.45191311699e-09, 1.54514925299e-08, 1.02957975479e-09, 7.82120324061e-09, 4.07049449702e-10, 2.53758764002e-10, 1.35843662707e-11, 2.53400989428e-12, 1.32331071014e-12, 9.86754298063e-13, 7.10906367004e-15, 3.13714385653e-15]
    mfcc:
        mean: [-759.419494629, 127.696365356, -76.0042037964, 3.58084630966, -24.7253932953, -12.7290143967, 3.93481111526, 9.21212005615, 1.44310152531, -1.97219610214, 0.954190015793, -11.0323753357, -9.22173213959]
        cov: [[1706.24304199, -189.587768555, 62.8571662903, -92.0243835449, 59.2434768677, -5.65258741379, 27.9628105164, 37.4375724792, -5.92955064774, -1.1553632021, -40.7184791565, -78.9921951294, 41.3282737732], [-189.587768555, 393.723907471, -180.492538452, 28.2477703094, -59.3953399658, 39.0900878906, 2.32593178749, 61.4694786072, 4.20279502869, 7.39870071411, 16.7250766754, 61.3489761353, -14.5287647247], [62.8571662903, -180.492538452, 230.434585571, 12.0614919662, 39.0214195251, -28.594865799, 8.72594547272, -52.7640571594, 21.7309551239, 25.7226009369, 10.8978481293, -45.1066055298, -23.3215675354], [-92.0243835449, 28.2477703094, 12.0614919662, 206.890029907, 11.581246376, 8.79718971252, -15.7474994659, -11.7379074097, 10.7015657425, 15.1651325226, 33.9847755432, 15.9471092224, -39.9782485962], [59.2434768677, -59.3953399658, 39.0214195251, 11.581246376, 153.829162598, 36.9611167908, 6.98348808289, -3.69266414642, -47.1683998108, -50.042881012, -33.2011909485, 9.91128540039, 26.8759040833], [-5.65258741379, 39.0900878906, -28.594865799, 8.79718971252, 36.9611167908, 98.1559448242, 29.1633224487, 10.5664482117, -21.7219257355, -17.6884937286, -10.41010952, 15.6579227448, 28.5668907166], [27.9628105164, 2.32593178749, 8.72594547272, -15.7474994659, 6.98348808289, 29.1633224487, 70.3289642334, 13.4634504318, 4.44954824448, 0.549496173859, -9.6347951889, -15.5603704453, 7.61343240738], [37.4375724792, 61.4694786072, -52.7640571594, -11.7379074097, -3.69266414642, 10.5664482117, 13.4634504318, 66.5475769043, 8.1340713501, -13.486451149, -11.1633892059, 13.8823432922, 9.89215183258], [-5.92955064774, 4.20279502869, 21.7309551239, 10.7015657425, -47.1683998108, -21.7219257355, 4.44954824448, 8.1340713501, 78.6554489136, 39.451789856, 26.8979721069, -2.16227507591, -25.0877799988], [-1.1553632021, 7.39870071411, 25.7226009369, 15.1651325226, -50.042881012, -17.6884937286, 0.549496173859, -13.486451149, 39.451789856, 88.2743606567, 30.6473903656, -41.0316963196, -31.3568668365], [-40.7184791565, 16.7250766754, 10.8978481293, 33.9847755432, -33.2011909485, -10.41010952, -9.6347951889, -11.1633892059, 26.8979721069, 30.6473903656, 86.212638855, 29.9313774109, -23.843952179], [-78.9921951294, 61.3489761353, -45.1066055298, 15.9471092224, 9.91128540039, 15.6579227448, -15.5603704453, 13.8823432922, -2.16227507591, -41.0316963196, 29.9313774109, 118.894882202, 34.8283348083], [41.3282737732, -14.5287647247, -23.3215675354, -39.9782485962, 26.8759040833, 28.5668907166, 7.61343240738, 9.89215183258, -25.0877799988, -31.3568668365, -23.843952179, 34.8283348083, 84.6403274536]]
        icov: [[0.000682055891957, 0.000321835163049, 9.99968415272e-06, 0.000165532546816, -0.000240935871261, 4.28046259913e-05, 3.08496746584e-05, -0.000778467801865, -1.67532616615e-05, -0.000105717801489, -0.000223435359658, 0.000503180548549, -0.000360712176189], [0.000321835163049, 0.00544850155711, 0.00305359112099, -0.000145596684888, 0.000934125855565, -0.0016537142219, -0.00055483536562, -0.00274846586399, 0.00130328023806, -0.00286957900971, 0.00109431147575, -0.00318954116665, 0.00312730227597], [9.99968415272e-06, 0.00305359112099, 0.00918241403997, -0.000156994035933, -0.00309521751478, 0.00138998753391, -0.00228899205104, 0.00415051355958, -0.00303288619034, -0.00139605742879, -0.000771868450101, 0.000480014568893, 0.00137860316318], [0.000165532546816, -0.000145596684888, -0.000156994035933, 0.00621110573411, -0.00134319718927, -0.00156175426673, 0.00127271038946, 0.000364095496479, -0.000228622011491, -0.00101313355844, -0.000980854849331, -0.00137700431515, 0.00342840095982], [-0.000240935871261, 0.000934125855565, -0.00309521751478, -0.00134319718927, 0.0117016732693, -0.003482026048, 0.000390365952626, -0.00154934625607, 0.00476604048163, 0.0031597383786, 0.00253791129217, -0.00147064751945, 0.000299621315207], [4.28046259913e-05, -0.0016537142219, 0.00138998753391, -0.00156175426673, -0.003482026048, 0.0160354841501, -0.00669062510133, 0.00113090616651, 0.00162617955357, -0.000476577493828, -0.000883931526914, 0.000201878094231, -0.00452289124951], [3.08496746584e-05, -0.00055483536562, -0.00228899205104, 0.00127271038946, 0.000390365952626, -0.00669062510133, 0.0194605402648, -0.00409214477986, -0.0026611443609, 0.0014819635544, -0.000643929291982, 0.00418205233291, -0.00141990068369], [-0.000778467801865, -0.00274846586399, 0.00415051355958, 0.000364095496479, -0.00154934625607, 0.00113090616651, -0.00409214477986, 0.0241204723716, -0.00715046003461, 0.00414891494438, 0.00206371722743, 0.000187364013982, -0.00119484157767], [-1.67532616615e-05, 0.00130328023806, -0.00303288619034, -0.000228622011491, 0.00476604048163, 0.00162617955357, -0.0026611443609, -0.00715046003461, 0.023368217051, -0.00892609357834, 0.000177321329829, -0.0059193125926, 0.00440633203834], [-0.000105717801489, -0.00286957900971, -0.00139605742879, -0.00101313355844, 0.0031597383786, -0.000476577493828, 0.0014819635544, 0.00414891494438, -0.00892609357834, 0.0262374188751, -0.00894439779222, 0.0126729728654, -0.00342479581013], [-0.000223435359658, 0.00109431147575, -0.000771868450101, -0.000980854849331, 0.00253791129217, -0.000883931526914, -0.000643929291982, 0.00206371722743, 0.000177321329829, -0.00894439779222, 0.0219420995563, -0.0118756992742, 0.00673706131056], [0.000503180548549, -0.00318954116665, 0.000480014568893, -0.00137700431515, -0.00147064751945, 0.000201878094231, 0.00418205233291, 0.000187364013982, -0.0059193125926, 0.0126729728654, -0.0118756992742, 0.0217602048069, -0.0106696123257], [-0.000360712176189, 0.00312730227597, 0.00137860316318, 0.00342840095982, 0.000299621315207, -0.00452289124951, -0.00141990068369, -0.00119484157767, 0.00440633203834, -0.00342479581013, 0.00673706131056, -0.0106696123257, 0.0225511360914]]
    spectral_contrast:
        mean: [-9.46362064269e-08, 3.56798111056e-08, -1.94242346652e-07, 4.53452528859e-08, -3.79374569093e-07, -1.07454312115e-07, -1.20301808693e-06, -1.90790183296e-06, 2.0558761662e-06, 3.20509798257e-06, -1.69195595845e-06, 8.70144845067e-07]
        var: [0.000228369506658, 0.000763009826187, 0.00132715969812, 0.00207806145772, 0.00316649721935, 0.00604117894545, 0.0398275181651, 0.0778693333268, 0.106754057109, 0.236014530063, 0.312085807323, 0.718886077404]

rhythm:
    beats_loudness:
        dmean: 0.0029218622949
        dmean2: 0.00491762440652
        dvar: 5.35010167368e-06
        dvar2: 1.55720299517e-05
        max: 0.011481446214
        mean: 0.0051075424999
        min: 0.000737223075703
        var: 9.35912703426e-06
    beats_loudness_bass:
        dmean: 0.0223301779479
        dmean2: 0.044052541256
        dvar: 0.00176770996768
        dvar2: 0.00356676592492
        max: 0.148576334119
        mean: 0.0290874745697
        min: 0.00106008409057
        var: 0.00245148595423
    bpm: 105.606437683
    bpm_confidence: 0
    first_peak_bpm: 106
    first_peak_spread: 0
    first_peak_weight: 0.9375
    onset_rate: 2.99853157997
    second_peak_bpm: 64
    second_peak_spread: 0
    second_peak_weight: 0.0625
    beats_position: [0.105248525739, 0.672681331635, 1.24011409283, 1.80754685402, 2.37497973442, 2.94241261482, 3.50984549522, 4.07727813721, 4.64471101761, 5.21214342117, 6.153881073, 6.72286844254, 7.29185628891, 7.86084365845, 8.42983150482, 8.9988193512, 9.56780719757]
    bpm_estimates: [105.617996216, 105.567276001, 106.248893738, 105.848388672, 105.675346375, 105.599716187, 105.621452332, 105.857849121, 105.331428528, 105.404586792, 105.292404175, 105.348564148, 105.469856262]
    bpm_intervals: [0.567432820797, 0.567432761192, 0.567432761192, 0.567432880402, 0.567432880402, 0.567432880402, 0.567432641983, 0.567432880402, 0.567432403564, 0.941737651825, 0.568987369537, 0.568987846375, 0.568987369537, 0.568987846375, 0.568987846375, 0.568987846375]
    onset_times: [0.0464399084449, 1.01006805897, 1.46285712719, 1.60217690468, 2.14784574509, 2.67029476166, 2.77478456497, 3.28562355042, 3.84290242195, 4.09832191467, 4.43501138687, 5.00390005112, 5.49151945114, 5.52634906769, 5.73532867432, 5.94430828094, 6.08362817764, 6.17650794983, 6.72217702866, 7.2910656929, 7.85995483398, 8.15020370483, 8.3011341095, 8.33596324921, 8.4172334671, 8.92807292938, 8.96290206909, 9.36925125122, 9.55501174927, 9.67111110687]
    rubato_start: []
    rubato_stop: []
    perceptual_tempo: "unknown"

sfx:
    inharmonicity:
        dmean: 0.0783709660172
        dmean2: 0.137604787946
        dvar: 0.00567763624713
        dvar2: 0.0162889771163
        max: 0.461569577456
        mean: 0.0872815474868
        min: 0.000110243541712
        var: 0.00767837977037
    oddtoevenharmonicenergyratio:
        dmean: 13.6155786514
        dmean2: 25.9623470306
        dvar: 1999.58435059
        dvar2: 6179.25927734
        max: 442.682922363
        mean: 8.7514333725
        min: 0.00147669855505
        var: 1094.40795898
    pitch_after_max_to_before_max_energy_ratio: 0.586898982525
    pitch_centroid: 229.374954224
    pitch_max_to_total: 0.777262151241
    pitch_min_to_total: 0.786542952061
    tristimulus:
        dmean: [0.148150578141, 0.256343096495, 0.117686666548]
        dmean2: [0.260144680738, 0.46535924077, 0.212196424603]
        dvar: [0.0317374914885, 0.06107243523, 0.0211360864341]
        dvar2: [0.0811322852969, 0.163279265165, 0.0550459735096]
        max: [0.948715209961, 0.990075588226, 0.883835017681]
        mean: [0.180961057544, 0.663987219334, 0.125012472272]
        min: [0.00686362572014, 0, 0]
        var: [0.0343921482563, 0.0665283277631, 0.0248501822352]

tonal:
    chords_changes_rate: 0.0599078349769
    chords_number_rate: 0.0506912432611
    chords_strength:
        dmean: 0.00640621688217
        dmean2: 0.00562798883766
        dvar: 2.85987989628e-05
        dvar2: 2.42457135755e-05
        max: 0.652734816074
        mean: 0.544609367847
        min: 0.38966178894
        var: 0.00323217199184
    key_strength: 0.729405045509
    tuning_diatonic_strength: 0.645394563675
    tuning_equal_tempered_deviation: 0.148947626352
    tuning_frequency: 446.399932861
    tuning_nontempered_energy_ratio: 0.755556881428
    hpcp:
        dmean: [0.0349687598646, 0.0456249080598, 0.0187708623707, 0.0107520576566, 0.0445796400309, 0.0971119850874, 0.0935513004661, 0.0774852335453, 0.0721009150147, 0.070331685245, 0.0414902046323, 0.0238639079034, 0.012091845274, 0.0459104776382, 0.0959982201457, 0.106622710824, 0.0829334780574, 0.0545421503484, 0.0168986041099, 0.0386616699398, 0.0869114398956, 0.0623256713152, 0.0133875887841, 0.00958165712655, 0.00916138198227, 0.015281137079, 0.03224093467, 0.0318993330002, 0.051469463855, 0.150870457292, 0.115889266133, 0.150566935539, 0.0867284163833, 0.0285922884941, 0.0329126864672, 0.0551730580628]
        dmean2: [0.0576581321657, 0.0706074535847, 0.0329029150307, 0.0189324617386, 0.074665568769, 0.163489371538, 0.164383843541, 0.129646629095, 0.116851955652, 0.115420289338, 0.069193996489, 0.0392256192863, 0.0202606096864, 0.0797672346234, 0.158780783415, 0.181004375219, 0.131056711078, 0.0916838645935, 0.0269652716815, 0.0648825615644, 0.147999331355, 0.104163967073, 0.0219244994223, 0.0163583587855, 0.0157112684101, 0.0270314440131, 0.0567731484771, 0.0563346371055, 0.0884635746479, 0.254194825888, 0.204471364617, 0.259078085423, 0.1484554708, 0.0498282536864, 0.0573175735772, 0.0906467884779]
        dvar: [0.00716032972559, 0.0130349639803, 0.00401163566858, 0.00124140188564, 0.0110315894708, 0.0268931239843, 0.0295303259045, 0.0205142609775, 0.0169154983014, 0.0174080394208, 0.0128232762218, 0.00820071995258, 0.000443487573648, 0.00609809719026, 0.0242183096707, 0.0327512919903, 0.0189919956028, 0.0212493911386, 0.00138331670314, 0.00544340722263, 0.0174496918917, 0.00625476473942, 0.000210577825783, 0.000258909101831, 0.000376587588107, 0.00106297305319, 0.00821574125439, 0.00738464295864, 0.010843382217, 0.0306716412306, 0.0288578793406, 0.0308909732848, 0.0119398422539, 0.00334140076302, 0.00784408301115, 0.0154374074191]
        dvar2: [0.0154440030456, 0.0276535432786, 0.0107928449288, 0.00364559702575, 0.0282421465963, 0.0636065453291, 0.0746456086636, 0.0585190802813, 0.0386555790901, 0.0424598865211, 0.0253867451102, 0.019513534382, 0.00109619728755, 0.0153891015798, 0.0568914487958, 0.0818407461047, 0.0448641739786, 0.0537074767053, 0.00328211393207, 0.0128966188058, 0.0487562455237, 0.0170506685972, 0.000550260592718, 0.000741143769119, 0.00101531436667, 0.00295107369311, 0.0231960695237, 0.0160851739347, 0.0314787365496, 0.0762479901314, 0.0659023672342, 0.0687836036086, 0.0306304842234, 0.00918396562338, 0.0192702151835, 0.0353413820267]
        max: [1, 1, 0.649356424809, 0.374563485384, 1, 1, 1, 1, 1, 1, 1, 0.900852680206, 0.147540077567, 0.531768381596, 1, 1, 1, 1, 0.335423409939, 0.61470925808, 1, 0.513915836811, 0.130509003997, 0.152072444558, 0.200333818793, 0.28154104948, 1, 0.850372076035, 1, 1, 1, 1, 0.776709318161, 0.547254562378, 0.738717734814, 1]
        mean: [0.178769260645, 0.084605820477, 0.0194805953652, 0.0119442101568, 0.0499390363693, 0.148419901729, 0.212768420577, 0.152753084898, 0.12753637135, 0.133191391826, 0.0683383867145, 0.022295827046, 0.0154348341748, 0.0688824430108, 0.139115959406, 0.16255825758, 0.12814386189, 0.0555402114987, 0.0180469565094, 0.0654632225633, 0.133845880628, 0.092129342258, 0.0212226528674, 0.0143069932237, 0.0143867619336, 0.020513035357, 0.038050532341, 0.0409985855222, 0.0495440848172, 0.311520278454, 0.57939606905, 0.38518217206, 0.112040042877, 0.0350985042751, 0.0354414470494, 0.136098101735]
        min: [0, 0, 0, 0, 0, 0, 0, 0, 0, 0, 0, 0, 0, 0, 0, 0, 0, 0, 0, 0, 0, 0, 0, 0, 0, 0, 0, 0, 0, 0, 0, 0, 0, 0, 0, 0]
        var: [0.115230619907, 0.0321751646698, 0.00287991412915, 0.000875394325703, 0.0158036835492, 0.052861046046, 0.106352649629, 0.0686451941729, 0.0556229166687, 0.068628847599, 0.0317069999874, 0.00808693282306, 0.000527485215571, 0.0096854576841, 0.0413669422269, 0.0589338839054, 0.0475506111979, 0.0213458612561, 0.00155386095867, 0.0112535897642, 0.028694357723, 0.0108676739037, 0.000473632768262, 0.000546270690393, 0.000717323215213, 0.00131132884417, 0.00608893763274, 0.00778327416629, 0.0087299272418, 0.0753840431571, 0.181565821171, 0.102579221129, 0.0168046671897, 0.00285839173011, 0.00750610651448, 0.0720788836479]
    chords_histogram: [4.60829496384, 11.520737648, 21.1981563568, 0, 11.9815664291, 8.29493045807, 0, 0, 0, 4.60829496384, 21.1981563568, 7.8341012001, 0, 0, 0, 0, 0, 2.7649769783, 4.14746522903, 1.38248848915, 0, 0, 0, 0.460829496384]
    thpcp: [1, 0.664799451828, 0.193373844028, 0.0605777390301, 0.0611696355045, 0.234896481037, 0.308544129133, 0.146024152637, 0.0336222425103, 0.0206149313599, 0.086191534996, 0.25616312027, 0.367224484682, 0.263641893864, 0.22011949122, 0.229879692197, 0.117947615683, 0.0384811498225, 0.026639521122, 0.118886627257, 0.240105107427, 0.28056499362, 0.221167981625, 0.095858797431, 0.0311478748918, 0.112985275686, 0.231009304523, 0.159009262919, 0.0366289205849, 0.024692941457, 0.0248306170106, 0.0354041680694, 0.0656727477908, 0.0707608982921, 0.0855098739266, 0.537663757801]
    chords_key: "G"
    chords_scale: "major"
    key_key: "C"
    key_scale: "major"
    chords_progression: ["D#m", "D#m", "D#m", "D#m", "D#m", "D#m", "D#m", "D#m", "D#m", "D#m", "D#m", "D#m", "D#m", "D#", "D#m", "D#m", "D#m", "D#m", "D#", "D#", "D#", "D#", "D#", "D#", "D#", "D#", "Cm", "Cm", "Cm", "Cm", "Cm", "Cm", "C", "C", "C", "C", "C", "C", "C", "C", "C", "C", "B", "B", "B", "B", "B", "B", "B", "B", "B", "B", "B", "B", "B", "B", "B", "B", "B", "B", "B", "B", "B", "B", "B", "B", "B", "B", "B", "B", "B", "B", "B", "B", "B", "B", "B", "B", "B", "B", "B", "B", "B", "B", "B", "B", "B", "B", "Em", "Em", "Em", "Em", "Em", "Em", "Em", "Em", "Em", "Em", "Em", "Em", "Em", "Em", "Em", "Em", "Em", "Em", "Em", "Em", "Em", "Em", "Em", "Em", "Em", "G", "G", "G", "G", "G", "G", "G", "G", "G", "G", "G", "G", "G", "G", "G", "G", "G", "G", "G", "G", "G", "G", "G", "G", "G", "G", "G", "G", "G", "G", "G", "G", "G", "G", "G", "G", "G", "G", "G", "G", "G", "G", "G", "G", "G", "G", "Gm", "Gm", "Gm", "F#m", "F#m", "F#m", "F#m", "F#m", "F#m", "F#m", "F#m", "F#m", "F#m", "F#m", "F#m", "F#m", "F#m", "F#m", "F#m", "F#m", "F#m", "D", "D", "D", "D", "D", "D", "D", "D", "D", "D", "D", "D", "D", "D", "D", "D", "D", "D", "D", "D", "D", "D", "D", "D", "D", "D", "Am", "G#m", "G#m", "G#m", "G#m", "G#m", "G#m", "G#m", "G#m", "G#m", "G#m"]
