
metadata:
    version:
        essentia: "1.2.2"
    audio_properties:
        analysis_sample_rate: 44100
        bitrate: 128
        channels: 2
        equal_loudness: 1
        length: 10.0310201645
        replay_gain: -13.1305904388
        downmix: "mix"
    tags:
        track: 31
        year: 0
        album: "Splitted by Mp3Splt v. 2.1"
        artist: "From 005.00 To 005.10"
        comment: "http://mp3splt.sf.net"
        genre: ""
        title: "08 8.mp3"

highlevel:
    ballroom:
        all:
            ChaChaCha: 0.138838917017
            Jive: 0.304880440235
            Quickstep: 0.0124594327062
            Rumba-American: 0.00120797101408
            Rumba-International: 0.00176278641447
            Rumba-Misc: 0.000793255050667
            Samba: 0.537844002247
            Tango: 0.000723900971934
            VienneseWaltz: 0.000971333065536
            Waltz: 0.000517983746249
        probability: 0.537844002247
        value: "Samba"
    culture:
        all:
            non_western: 0.424025416374
            western: 0.575974583626
        probability: 0.575974583626
        value: "western"
    gender:
        all:
            female: 0.60724490881
            male: 0.39275509119
        probability: 0.60724490881
        value: "female"
    genre_dortmund:
        all:
            alternative: 0.0169915258884
            blues: 0.0247310381383
            electronic: 0.0978561416268
            folkcountry: 0.0129997255281
            funksoulrnb: 0.140663474798
            jazz: 0.0858577862382
            pop: 0.0375119224191
            raphiphop: 0.204370364547
            rock: 0.379018008709
        probability: 0.379018008709
        value: "rock"
    genre_electronica:
        all:
            ambient: 0.0817379429936
            dnb: 0.828974604607
            house: 0.00981546286494
            techno: 0.0381192751229
            trance: 0.0413527116179
        probability: 0.828974604607
        value: "dnb"
    genre_rosamerica:
        all:
            cla: 0.004753889516
            dan: 0.23980550468
            hip: 0.396205872297
            jaz: 0.0130687179044
            pop: 0.219814747572
            rhy: 0.0428218580782
            roc: 0.0733356103301
            spe: 0.0101937847212
        probability: 0.396205872297
        value: "hip"
    genre_tzanetakis:
        all:
            blu: 0.000838175881654
            cla: 0.00128232710995
            cou: 0.00371148088016
            dis: 0.0899995267391
            hip: 0.278609156609
            jaz: 0.0112797981128
            met: 0.00802253931761
            pop: 0.483129113913
            reg: 0.112016767263
            roc: 0.0111111076549
        probability: 0.483129113913
        value: "pop"
    live_studio:
        all:
            live: 0.0396354310215
            studio: 0.960364580154
        probability: 0.960364580154
        value: "studio"
    mood:
        all:
            Cluster1: 0.253391355276
            Cluster2: 0.238493576646
            Cluster3: 0.0168905910105
            Cluster4: 0.171301648021
            Cluster5: 0.319922834635
        probability: 0.319922834635
        value: "Cluster5"
    mood_acoustic:
        all:
            acoustic: 1.8339489543e-05
            not_acoustic: 0.999981641769
        probability: 0.999981641769
        value: "not_acoustic"
    mood_aggressive:
        all:
            aggressive: 0.913489162922
            not_aggressive: 0.0865108668804
        probability: 0.913489162922
        value: "aggressive"
    mood_electronic:
        all:
            electronic: 0.910601496696
            not_electronic: 0.0893984958529
        probability: 0.910601496696
        value: "electronic"
    mood_happy:
        all:
            happy: 0.628567099571
            not_happy: 0.371432900429
        probability: 0.628567099571
        value: "happy"
    mood_party:
        all:
            not_party: 0.0482277795672
            party: 0.951772212982
        probability: 0.951772212982
        value: "party"
    mood_relaxed:
        all:
            not_relaxed: 0.259623497725
            relaxed: 0.740376472473
        probability: 0.740376472473
        value: "relaxed"
    mood_sad:
        all:
            not_sad: 0.803510129452
            sad: 0.196489870548
        probability: 0.803510129452
        value: "not_sad"
    rhythm:
        all:
            fast: 0.603721618652
            medium: 0.380694776773
            slow: 0.0155835719779
        probability: 0.603721618652
        value: "fast"
    speech_music:
        all:
            music: 6.54967147184e-09
            speech: 1
        probability: 1
        value: "speech"
    timbre:
        all:
            bright: 0.0342515744269
            dark: 0.965748429298
        probability: 0.965748429298
        value: "dark"
    voice_instrumental:
        all:
            instrumental: 0.118947915733
            voice: 0.881052076817
        probability: 0.881052076817
        value: "voice"

lowlevel:
    average_loudness: 0.974147319794
    barkbands_kurtosis:
        dmean: 2.63666129112
        dmean2: 4.24764299393
        dvar: 56.9831695557
        dvar2: 129.053848267
        max: 93.2931213379
        mean: 1.34137260914
        min: -1.94096827507
        var: 70.3789367676
    barkbands_skewness:
        dmean: 0.750682532787
        dmean2: 1.14807665348
        dvar: 0.655700623989
        dvar2: 1.27999031544
        max: 3.2948217392
        mean: -0.0212497133762
        min: -7.04571676254
        var: 2.08367943764
    barkbands_spread:
        dmean: 10.3169946671
        dmean2: 16.1236381531
        dvar: 95.628944397
        dvar2: 241.692337036
        max: 80.6635513306
        mean: 31.3243484497
        min: 1.42954242229
        var: 253.053009033
    dissonance:
        dmean: 0.019236786291
        dmean2: 0.0327466651797
        dvar: 0.000411752174841
        dvar2: 0.00108610175084
        max: 0.499642819166
        mean: 0.470108419657
        min: 0.362639725208
        var: 0.000707756204065
    hfc:
        dmean: 4.67121887207
        dmean2: 7.33547973633
        dvar: 32.2845001221
        dvar2: 62.5205497742
        max: 40.6600265503
        mean: 8.36105442047
        min: 0.00723264459521
        var: 61.8449211121
    pitch:
        dmean: 968.832519531
        dmean2: 1864.56835938
        dvar: 1968166.25
        dvar2: 4096997
        max: 4009.09082031
        mean: 2226.85595703
        min: 83.2075500488
        var: 2772402.75
    pitch_instantaneous_confidence:
        dmean: 0.11211502552
        dmean2: 0.184498563409
        dvar: 0.00891766883433
        dvar2: 0.0201094597578
        max: 0.871473670006
        mean: 0.478700369596
        min: 0.162697255611
        var: 0.0267161559314
    pitch_salience:
        dmean: 0.0909387841821
        dmean2: 0.142478168011
        dvar: 0.00739819044247
        dvar2: 0.0163972470909
        max: 0.854871213436
        mean: 0.63063877821
        min: 0.161486104131
        var: 0.0189579762518
    silence_rate_20dB:
        dmean: 0
        dmean2: 0
        dvar: 0
        dvar2: 0
        max: 1
        mean: 1
        min: 1
        var: 0
    silence_rate_30dB:
        dmean: 0
        dmean2: 0
        dvar: 0
        dvar2: 0
        max: 1
        mean: 1
        min: 1
        var: 0
    silence_rate_60dB:
        dmean: 0.157407402992
        dmean2: 0.315545231104
        dvar: 0.132629841566
        dvar2: 0.248459115624
        max: 1
        mean: 0.397228628397
        min: 0
        var: 0.23943862319
    spectral_centroid:
        dmean: 502.210968018
        dmean2: 795.452270508
        dvar: 224790.234375
        dvar2: 453832.4375
        max: 3916.89599609
        mean: 1813.06628418
        min: 368.011444092
        var: 645607.625
    spectral_complexity:
        dmean: 5.37587022781
        dmean2: 8.12093067169
        dvar: 31.7009716034
        dvar2: 54.7062644958
        max: 42
        mean: 14.0023145676
        min: 0
        var: 101.34022522
    spectral_crest:
        dmean: 2.62634634972
        dmean2: 4.1592092514
        dvar: 6.70053815842
        dvar2: 16.9949989319
        max: 23.8486537933
        mean: 8.57897377014
        min: 2.78927564621
        var: 13.5437965393
    spectral_decrease:
        dmean: 3.04350544766e-10
        dmean2: 4.46492925965e-10
        dvar: 1.12834233943e-19
        dvar2: 2.10036925658e-19
        max: -4.78114900102e-12
        mean: -9.41879907401e-10
        min: -3.30605143262e-09
        var: 3.63402906218e-19
    spectral_energy:
        dmean: 0.00154092884623
        dmean2: 0.00227391417138
        dvar: 3.0338628676e-06
        dvar2: 5.84330564379e-06
        max: 0.0161657799035
        mean: 0.00431324308738
        min: 1.87011446542e-05
        var: 8.4157090896e-06
    spectral_energyband_high:
        dmean: 0.000323283224134
        dmean2: 0.000537647632882
        dvar: 1.76680373443e-07
        dvar2: 3.73811360532e-07
        max: 0.00283161108382
        mean: 0.000392940681195
        min: 4.01794011395e-07
        var: 2.13166572394e-07
    spectral_energyband_low:
        dmean: 0.000236444917391
        dmean2: 0.000394042144762
        dvar: 1.10369086315e-07
        dvar2: 2.74185708804e-07
        max: 0.00269804196432
        mean: 0.000349573179847
        min: 6.56868792248e-07
        var: 1.56551834607e-07
    spectral_energyband_middle_high:
        dmean: 0.00109474593773
        dmean2: 0.00166987872217
        dvar: 1.90129799194e-06
        dvar2: 3.41931922776e-06
        max: 0.01045387052
        mean: 0.00220918911509
        min: 8.25903043733e-07
        var: 4.50010384156e-06
    spectral_energyband_middle_low:
        dmean: 0.00050144206034
        dmean2: 0.000649660942145
        dvar: 4.72172331456e-07
        dvar2: 7.35468006496e-07
        max: 0.00876953918487
        mean: 0.00136152445339
        min: 2.53645481507e-07
        var: 1.97824601855e-06
    spectral_flatness_db:
        dmean: 0.0243858080357
        dmean2: 0.0371270664036
        dvar: 0.000542215653695
        dvar2: 0.00116484134924
        max: 0.325364887714
        mean: 0.157051250339
        min: 0.0664409324527
        var: 0.00139236846007
    spectral_flux:
        dmean: 0.0116413533688
        dmean2: 0.0181498695165
        dvar: 0.000187666300917
        dvar2: 0.000400039105443
        max: 0.0950305238366
        mean: 0.0413346923888
        min: 0.00432448182255
        var: 0.00033285227255
    spectral_kurtosis:
        dmean: 0.993452966213
        dmean2: 1.51636242867
        dvar: 1.08054244518
        dvar2: 2.78564691544
        max: 9.54041004181
        mean: 3.08111476898
        min: -0.674679756165
        var: 2.53682899475
    spectral_rms:
        dmean: 0.000385627092328
        dmean2: 0.000568717136048
        dvar: 1.72590688408e-07
        dvar2: 3.53530481334e-07
        max: 0.00397133408114
        mean: 0.00192524353042
        min: 0.000135074122227
        var: 5.01479576087e-07
    spectral_rolloff:
        dmean: 769.449462891
        dmean2: 1336.36108398
        dvar: 953623.0625
        dvar2: 2102911.5
        max: 6352.29492188
        mean: 3244.93432617
        min: 107.666015625
        var: 1241709.5
    spectral_skewness:
        dmean: 0.224295899272
        dmean2: 0.340921849012
        dvar: 0.0361183173954
        dvar2: 0.0834975838661
        max: 2.41309833527
        mean: 1.38802659512
        min: 0.295232206583
        var: 0.116211749613
    spectral_spread:
        dmean: 732714.8125
        dmean2: 1009656.6875
        dvar: 899424780288
        dvar2: 1.42710341632e+12
        max: 18191120
        mean: 5688796
        min: 2640444.75
        var: 2.67110842368e+12
    spectral_strongpeak:
        dmean: 0.524376451969
        dmean2: 0.864670217037
        dvar: 0.593149960041
        dvar2: 1.5984890461
        max: 5.50322628021
        mean: 0.690745294094
        min: 0.00508587574586
        var: 0.622997641563
    zerocrossingrate:
        dmean: 0.0161064844579
        dmean2: 0.0199979562312
        dvar: 0.000153584667714
        dvar2: 0.000229062730796
        max: 0.1796875
        mean: 0.100318059325
        min: 0.02978515625
        var: 0.000932042952627
    barkbands:
        dmean: [4.09093928511e-07, 0.000144513192936, 0.000136090500746, 5.32051162736e-05, 9.52495465754e-05, 0.000139031661092, 9.42944170674e-05, 0.00010366733477, 0.000273496290902, 0.000111796929559, 9.5259914815e-05, 8.85508343345e-05, 9.61035184446e-05, 8.48304771353e-05, 4.77932189824e-05, 3.26971166942e-05, 8.50178403198e-05, 0.000192361228983, 0.000442708755145, 0.000485173572088, 0.000104173013824, 2.9646573239e-05, 1.0093961464e-05, 4.14569876739e-06, 3.13163718602e-06, 6.63062920125e-08, 3.49618489714e-09]
        dmean2: [5.69106248349e-07, 0.000238667067606, 0.000226780757657, 8.78634891706e-05, 0.000162340089446, 0.000209941252251, 0.000126544022351, 0.000162267751875, 0.000346464395989, 0.000172976593603, 0.000159363728017, 0.000136758724693, 0.000157378352014, 0.000143197088619, 7.60931143304e-05, 5.20101493748e-05, 0.00014222212485, 0.000315597397275, 0.000717982999049, 0.000809720018879, 0.000181562820217, 4.59052680526e-05, 1.71515275724e-05, 6.26835389994e-06, 5.13456552653e-06, 1.03402669538e-07, 3.73176201052e-09]
        dvar: [1.08844736609e-12, 4.16731076314e-08, 6.8190090019e-08, 1.23894245974e-08, 4.5341963073e-08, 6.70555735383e-08, 2.90792865343e-08, 3.61276626393e-08, 2.98629089457e-07, 8.42171701265e-08, 2.67705644319e-08, 1.46658827305e-08, 1.75893983823e-08, 1.60818292017e-08, 5.08485831219e-09, 3.03359759535e-09, 1.17862057891e-08, 1.35057206307e-07, 3.22837422573e-07, 3.55174222477e-07, 2.38798651964e-08, 9.61001278554e-10, 1.43972195277e-10, 2.15142001436e-11, 2.00489728985e-11, 9.80625289629e-15, 4.25200332775e-15]
        dvar2: [1.38475613354e-12, 1.10378579166e-07, 1.84535750236e-07, 3.01772189459e-08, 1.26911416487e-07, 1.14021055708e-07, 4.40863949791e-08, 6.97496176372e-08, 4.69622676746e-07, 2.06430300409e-07, 7.57758655823e-08, 3.10983203633e-08, 4.22168824343e-08, 4.12451655052e-08, 1.31666455516e-08, 7.43533634662e-09, 3.12317851581e-08, 2.66607116828e-07, 6.30827059922e-07, 8.39062010982e-07, 6.316368939e-08, 2.11249218118e-09, 3.31066368764e-10, 4.26542724752e-11, 4.76904835067e-11, 1.83324441917e-14, 4.25915059176e-15]
        max: [1.968066681e-05, 0.00152891816106, 0.00232880376279, 0.00107679807115, 0.00144264055416, 0.00484580546618, 0.00180350267328, 0.00189352466259, 0.00616482645273, 0.00417185761034, 0.00212051696144, 0.00128977838904, 0.00159939518198, 0.00108721968718, 0.000835592800286, 0.000583994260523, 0.000999196665362, 0.00266944104806, 0.00400148238987, 0.00497170677409, 0.000966078194324, 0.000220017711399, 8.54448007885e-05, 2.97630940622e-05, 2.81859483948e-05, 1.24385940126e-06, 1.35595428219e-06]
        mean: [6.08808136349e-07, 0.000224758143304, 0.000124223399325, 5.80701271247e-05, 9.76896189968e-05, 0.000370031455532, 0.000166362035088, 0.000150813590153, 0.000453494867543, 0.00016218564997, 0.000138964343932, 0.000144323334098, 0.000165695295436, 0.000135166090331, 8.30467397464e-05, 5.06243668497e-05, 0.00012664742826, 0.000286032125587, 0.000604020664468, 0.000602646905463, 9.81555422186e-05, 4.07064035244e-05, 1.78337595571e-05, 6.58129465592e-06, 4.45740897703e-06, 1.0312770371e-07, 3.5287892608e-09]
        min: [1.91253346493e-10, 1.06013871459e-07, 2.35111741631e-07, 1.50586743075e-09, 6.66535555638e-08, 5.48353407126e-09, 1.75094083676e-09, 1.86346582609e-09, 9.55765799837e-10, 1.24831744941e-09, 1.58607682543e-09, 7.6483939182e-09, 9.00674201887e-09, 5.52655166075e-09, 1.03686126351e-08, 1.99587679717e-09, 1.17514007414e-08, 5.34828394905e-08, 3.03711090055e-07, 7.51680033773e-07, 1.43689362631e-08, 2.99742310972e-08, 1.21786944973e-08, 4.25248281033e-09, 8.69638849821e-09, 2.25526153308e-10, 1.204514136e-12]
        var: [1.53968992504e-12, 7.01877027609e-08, 5.45618057401e-08, 1.28511556952e-08, 3.71161092971e-08, 5.32549336185e-07, 8.64051870053e-08, 8.00667123713e-08, 8.15463749859e-07, 1.36965155662e-07, 4.42154401981e-08, 2.8606601532e-08, 3.36986687444e-08, 3.02271168096e-08, 1.2200387367e-08, 4.48541515041e-09, 2.1388215643e-08, 2.07436940514e-07, 5.34680907549e-07, 5.03633316384e-07, 1.84804775927e-08, 1.40444689212e-09, 2.96035779224e-10, 3.60732797799e-11, 2.29394264001e-11, 1.23362750882e-14, 4.24399759585e-15]
    mfcc:
        mean: [-721.326843262, 78.3022460938, -37.2932701111, 40.7052879333, -16.1205387115, -2.97739005089, 20.6106777191, 3.19687008858, -8.67160415649, 7.3400592804, 6.32678413391, -4.14322948456, 6.53517150879]
        cov: [[4836.046875, 627.276977539, -1077.92602539, -1018.13885498, -434.563262939, -439.022888184, -445.844940186, -125.482254028, -133.38079834, -43.9783630371, -130.248138428, 6.63969612122, -171.819122314], [627.276977539, 1218.21850586, -104.819778442, -338.689025879, -207.198043823, -298.847595215, -304.463317871, -58.0621185303, 124.734863281, 13.9801425934, 23.1645298004, 84.1595306396, 24.7696323395], [-1077.92602539, -104.819778442, 1061.58764648, 542.967224121, 114.205383301, 117.629875183, 90.4951629639, 61.2716064453, 47.7359733582, 15.531121254, 44.5186462402, -39.5939216614, 137.477508545], [-1018.13885498, -338.689025879, 542.967224121, 699.889160156, 288.391326904, 204.113494873, 253.312683105, -5.8748254776, -1.72516000271, -77.116065979, -33.0352249146, -55.9451675415, 48.9535369873], [-434.563262939, -207.198043823, 114.205383301, 288.391326904, 377.905517578, 245.990386963, 214.601333618, 77.6340332031, -38.8142623901, -27.3585910797, -9.77627182007, -7.15902662277, 15.0129137039], [-439.022888184, -298.847595215, 117.629875183, 204.113494873, 245.990386963, 281.664611816, 212.35458374, 92.7889862061, -26.8917751312, 2.63491010666, 10.013384819, -4.90075588226, 22.5911064148], [-445.844940186, -304.463317871, 90.4951629639, 253.312683105, 214.601333618, 212.35458374, 305.505981445, 103.193786621, 8.82586193085, -21.9635848999, 1.68937242031, -22.5873699188, -4.69335508347], [-125.482254028, -58.0621185303, 61.2716064453, -5.8748254776, 77.6340332031, 92.7889862061, 103.193786621, 201.654510498, 72.8644104004, 55.3835639954, 24.8821048737, 9.0470123291, -11.5861949921], [-133.38079834, 124.734863281, 47.7359733582, -1.72516000271, -38.8142623901, -26.8917751312, 8.82586193085, 72.8644104004, 145.697906494, 63.5267982483, 41.4274787903, 23.0657176971, 5.46629905701], [-43.9783630371, 13.9801425934, 15.531121254, -77.116065979, -27.3585910797, 2.63491010666, -21.9635848999, 55.3835639954, 63.5267982483, 130.719192505, 82.8357086182, 39.1941642761, 9.70967769623], [-130.248138428, 23.1645298004, 44.5186462402, -33.0352249146, -9.77627182007, 10.013384819, 1.68937242031, 24.8821048737, 41.4274787903, 82.8357086182, 101.919891357, 52.0286216736, 20.7757606506], [6.63969612122, 84.1595306396, -39.5939216614, -55.9451675415, -7.15902662277, -4.90075588226, -22.5873699188, 9.0470123291, 23.0657176971, 39.1941642761, 52.0286216736, 68.3791503906, 30.0326690674], [-171.819122314, 24.7696323395, 137.477508545, 48.9535369873, 15.0129137039, 22.5911064148, -4.69335508347, -11.5861949921, 5.46629905701, 9.70967769623, 20.7757606506, 30.0326690674, 87.499130249]]
        icov: [[0.000356186821591, -7.25874779164e-05, 6.79150980432e-05, 0.000370400492102, -3.87215768569e-05, 0.000253797072219, -6.62661186652e-05, 2.06002255254e-06, 0.000345620675944, -0.000194295527763, 0.000590125680901, -0.000182060102816, 0.00026621753932], [-7.25874779164e-05, 0.00180872296914, -0.000721384712961, 0.00130503845867, -0.001479097642, 0.00129161425866, 0.00070248747943, 0.000883358065039, -0.00250060041435, 0.00155860686209, 0.000483682641061, -0.00211815489456, 0.000419128627982], [6.79150980432e-05, -0.000721384712961, 0.00413814280182, -0.00434983987361, 0.00197482062504, -0.000602805463132, 0.00262911082245, -0.00421626493335, 0.00209561013617, 0.000347654538928, -0.00520976400003, 0.00682912627235, -0.00560755003244], [0.000370400492102, 0.00130503845867, -0.00434983987361, 0.00882763136178, -0.00469066854566, 0.0014213367831, -0.00417595403269, 0.00662535242736, -0.00476955808699, 0.00125934649259, 0.0051116948016, -0.00422900309786, 0.00374066899531], [-3.87215768569e-05, -0.001479097642, 0.00197482062504, -0.00469066854566, 0.00970841664821, -0.0058917584829, 6.64928520564e-05, -0.00356488069519, 0.00438659917563, -0.000839068205096, -0.000712349719834, 0.000112005676783, -0.000799118948635], [0.000253797072219, 0.00129161425866, -0.000602805463132, 0.0014213367831, -0.0058917584829, 0.0144247245044, -0.00508459750563, -0.00151605159044, 0.00243302527815, -0.00230784388259, 0.0012309915619, -0.00110651226714, -0.00271059270017], [-6.62661186652e-05, 0.00070248747943, 0.00262911082245, -0.00417595403269, 6.64928520564e-05, -0.00508459750563, 0.0127407955006, -0.00530047249049, -0.00178834842518, 0.0058217193, -0.0077099907212, 0.00557262357324, -0.00145692948718], [2.06002255254e-06, 0.000883358065039, -0.00421626493335, 0.00662535242736, -0.00356488069519, -0.00151605159044, -0.00530047249049, 0.0148559231311, -0.00758802238852, -0.00347693427466, 0.00810665637255, -0.00683848792687, 0.00663995463401], [0.000345620675944, -0.00250060041435, 0.00209561013617, -0.00476955808699, 0.00438659917563, 0.00243302527815, -0.00178834842518, -0.00758802238852, 0.017258733511, -0.00684156920761, -0.00103533477522, 0.00126801035367, -0.00222748704255], [-0.000194295527763, 0.00155860686209, 0.000347654538928, 0.00125934649259, -0.000839068205096, -0.00230784388259, 0.0058217193, -0.00347693427466, -0.00684156920761, 0.0241409819573, -0.0182561893016, 0.0041910270229, -0.000837105384562], [0.000590125680901, 0.000483682641061, -0.00520976400003, 0.0051116948016, -0.000712349719834, 0.0012309915619, -0.0077099907212, 0.00810665637255, -0.00103533477522, -0.0182561893016, 0.0389763489366, -0.0256475042552, 0.00845093559474], [-0.000182060102816, -0.00211815489456, 0.00682912627235, -0.00422900309786, 0.000112005676783, -0.00110651226714, 0.00557262357324, -0.00683848792687, 0.00126801035367, 0.0041910270229, -0.0256475042552, 0.045201100409, -0.0184309519827], [0.00026621753932, 0.000419128627982, -0.00560755003244, 0.00374066899531, -0.000799118948635, -0.00271059270017, -0.00145692948718, 0.00663995463401, -0.00222748704255, -0.000837105384562, 0.00845093559474, -0.0184309519827, 0.0247401222587]]
    spectral_contrast:
        mean: [1.58954335916e-07, 5.82594026355e-08, -2.31442285781e-07, 1.5227124095e-07, -1.4951176297e-07, -6.46579323416e-08, -1.60918739311e-06, -1.52781740326e-06, 1.94335981973e-07, 1.57890224273e-06, 3.31964770339e-07, -8.58196500531e-08]
        var: [0.000432623521192, 0.000776620698161, 0.00103609566577, 0.0023877590429, 0.00512005295604, 0.0117695592344, 0.0544889196754, 0.10115801543, 0.219867005944, 0.469847142696, 0.670999467373, 3.33404421806]

rhythm:
    beats_loudness:
        dmean: 0.00344747630879
        dmean2: 0.00653709145263
        dvar: 5.4909296523e-06
        dvar2: 1.50040204971e-05
        max: 0.0120709715411
        mean: 0.00786175671965
        min: 0.00217163725756
        var: 7.49312175685e-06
    beats_loudness_bass:
        dmean: 0.0791716054082
        dmean2: 0.143529847264
        dvar: 0.00997903011739
        dvar2: 0.0249024312943
        max: 0.418764263391
        mean: 0.0609280951321
        min: 0.00284374970943
        var: 0.0100888600573
    bpm: 86.476234436
    bpm_confidence: 0
    first_peak_bpm: 86
    first_peak_spread: 0.111111104488
    first_peak_weight: 0.533333361149
    onset_rate: 5.78206348419
    second_peak_bpm: 115
    second_peak_spread: 0
    second_peak_weight: 0.40000000596
    beats_position: [0.0954869315028, 0.789319694042, 1.48315250874, 2.17698526382, 2.87081813812, 3.56465101242, 4.25848388672, 4.95231676102, 5.64614963531, 6.35979175568, 6.88056945801, 7.40134763718, 7.92212581635, 8.44290351868, 8.96368217468, 9.48445987701]
    bpm_estimates: [86.5918502808, 86.4363937378, 86.5817489624, 86.4983673096, 86.3191833496, 86.4929428101, 86.4627609253, 86.4437637329, 86.4590835571]
    bpm_intervals: [0.693832755089, 0.693832814693, 0.693832755089, 0.693832874298, 0.693832874298, 0.693832874298, 0.693832874298, 0.693832874298, 0.713642120361, 0.520777702332, 0.520778179169, 0.520778179169, 0.520777702332, 0.520778656006, 0.520777702332]
    onset_times: [0.0464399084449, 0.441179126501, 0.615328788757, 0.777868509293, 1.06811785698, 1.24226760864, 1.32353746891, 1.48607707024, 1.67183673382, 1.83437645435, 2.00852608681, 2.18267583847, 2.47292518616, 2.53097510338, 2.63546490669, 2.71673464775, 2.87927436829, 3.07664394379, 3.1811337471, 3.41333341599, 3.50621318817, 3.55265307426, 3.76163268089, 3.85451245308, 4.02866220474, 4.1099319458, 4.27247142792, 4.446621418, 4.62077093124, 4.79492044449, 4.96907043457, 5.31736946106, 5.4334692955, 5.66566896439, 6.01396846771, 6.18811798096, 6.3622674942, 6.71056699753, 6.81505680084, 6.91954660416, 7.05886602402, 7.24462604523, 7.33750581741, 7.41877555847, 7.58131504059, 7.75546503067, 8.03410434723, 8.11537456512, 8.2198638916, 8.27791404724, 8.45206356049, 8.80036258698, 8.98612213135, 9.14866256714, 9.42730140686, 9.50857162476, 9.84526062012, 10.0310201645]
    rubato_start: [6.88056945801]
    rubato_stop: [7.40134763718]
    perceptual_tempo: "unknown"

sfx:
    inharmonicity:
        dmean: 0.0680177286267
        dmean2: 0.121134266257
        dvar: 0.00434214621782
        dvar2: 0.0117666078731
        max: 0.469575077295
        mean: 0.0724839344621
        min: 0.000138451810926
        var: 0.00537506351247
    oddtoevenharmonicenergyratio:
        dmean: 6.92598295212
        dmean2: 13.1327390671
        dvar: 698.658203125
        dvar2: 2020.63952637
        max: 261.874694824
        mean: 4.25071811676
        min: 4.29036153946e-05
        var: 392.840118408
    pitch_after_max_to_before_max_energy_ratio: 207.799026489
    pitch_centroid: 202.543930054
    pitch_max_to_total: 0
    pitch_min_to_total: 0.488425940275
    tristimulus:
        dmean: [0.207966580987, 0.331309109926, 0.188961476088]
        dmean2: [0.371867626905, 0.589806675911, 0.345469564199]
        dvar: [0.0416844934225, 0.0650027170777, 0.0346318185329]
        dvar2: [0.121553309262, 0.178754478693, 0.0911232382059]
        max: [0.907860934734, 0.987853169441, 0.900004923344]
        mean: [0.254733711481, 0.484692573547, 0.162603363395]
        min: [0.0046506030485, 0, 0]
        var: [0.0552762784064, 0.0911369621754, 0.0396186895669]

tonal:
    chords_changes_rate: 0.0967741906643
    chords_number_rate: 0.0368663594127
    chords_strength:
        dmean: 0.0123740034178
        dmean2: 0.0147657226771
        dvar: 0.000102354832052
        dvar2: 0.000160322568263
        max: 0.598135471344
        mean: 0.454258710146
        min: 0.331604838371
        var: 0.00476684560999
    key_strength: 0.473797053099
    tuning_diatonic_strength: 0.444633990526
    tuning_equal_tempered_deviation: 0.220019727945
    tuning_frequency: 447.949737549
    tuning_nontempered_energy_ratio: 0.860886931419
    hpcp:
        dmean: [0.232144802809, 0.242373809218, 0.223702222109, 0.206175163388, 0.232525885105, 0.253200918436, 0.203398019075, 0.182070761919, 0.217944324017, 0.221924692392, 0.17322999239, 0.145399197936, 0.135612949729, 0.164966955781, 0.184298068285, 0.141104519367, 0.170073330402, 0.210444316268, 0.154601082206, 0.128874719143, 0.129228115082, 0.168438151479, 0.181462302804, 0.150221854448, 0.167319595814, 0.128632485867, 0.158179655671, 0.212360695004, 0.177396416664, 0.190401464701, 0.19127124548, 0.165887802839, 0.132518455386, 0.150756165385, 0.176669701934, 0.198829159141]
        dmean2: [0.364696711302, 0.395273596048, 0.377856165171, 0.32057544589, 0.393105179071, 0.439526110888, 0.348370403051, 0.290808826685, 0.376443117857, 0.390487313271, 0.2928814888, 0.256792783737, 0.229915782809, 0.281157553196, 0.317514926195, 0.237288191915, 0.29627802968, 0.379986047745, 0.265475094318, 0.205184161663, 0.218180313706, 0.28346902132, 0.314911603928, 0.255368560553, 0.277193665504, 0.215546488762, 0.267679005861, 0.36592143774, 0.305055201054, 0.332699507475, 0.32311809063, 0.275844097137, 0.209781929851, 0.237312406301, 0.275055557489, 0.30843052268]
        dvar: [0.0477392971516, 0.0574531815946, 0.0456257089972, 0.0342541821301, 0.0448739938438, 0.0599827803671, 0.0475568026304, 0.039087112993, 0.0496023371816, 0.0564923472703, 0.0320465303957, 0.0230932850391, 0.0312975309789, 0.0518859885633, 0.0562447570264, 0.0355162918568, 0.0413016043603, 0.0743115991354, 0.0325025245547, 0.0242234449834, 0.0226349495351, 0.0420581251383, 0.0450694710016, 0.0328818038106, 0.0380110107362, 0.0196614582092, 0.0338703207672, 0.0674439817667, 0.0436260551214, 0.0538975931704, 0.0380675941706, 0.0246981810778, 0.0193503480405, 0.0325023382902, 0.0358825959265, 0.0339301787317]
        dvar2: [0.115389831364, 0.133474230766, 0.107979565859, 0.0715617239475, 0.0869600251317, 0.1668689996, 0.120964929461, 0.0897998958826, 0.125878766179, 0.151139572263, 0.0766451284289, 0.0647114366293, 0.0815399959683, 0.13306632638, 0.135291814804, 0.074636772275, 0.104524806142, 0.212766885757, 0.0871390551329, 0.0518377535045, 0.0512439124286, 0.108069494367, 0.113938987255, 0.0841485336423, 0.083357706666, 0.0482023358345, 0.096165522933, 0.162224829197, 0.11467513442, 0.124859824777, 0.0825705453753, 0.0523539036512, 0.0398469828069, 0.0667847916484, 0.0764138177037, 0.0762058272958]
        max: [1, 1, 1, 1, 1, 1, 1, 1, 1, 1, 1, 1, 1, 1, 1, 1, 1, 1, 1, 1, 1, 1, 1, 1, 1, 0.895201444626, 1, 1, 1, 1, 1, 0.975307047367, 0.752053022385, 1, 1, 1]
        mean: [0.290223658085, 0.325602591038, 0.320685684681, 0.349449574947, 0.371790111065, 0.334835797548, 0.28154695034, 0.245747998357, 0.274524390697, 0.299256742001, 0.242190733552, 0.165007576346, 0.140527442098, 0.168153747916, 0.192000105977, 0.172342523932, 0.183590397239, 0.191563203931, 0.164590060711, 0.171354964375, 0.195617705584, 0.199249982834, 0.218789964914, 0.308063417673, 0.307659178972, 0.179542481899, 0.218769669533, 0.306322664022, 0.252384781837, 0.230746671557, 0.242225140333, 0.208043411374, 0.187355294824, 0.211042448878, 0.240179434419, 0.258324980736]
        min: [0.00512975780293, 0.00350299524143, 0.00669579021633, 0.00660792924464, 0.00390920136124, 0.00135878671426, 0.00386271742173, 0.011460964568, 0.00984574016184, 0.00857032556087, 0.00777781568468, 0.000873382610735, 0, 0, 0, 0, 0, 0, 0, 0, 0, 1.9582907953e-06, 0.000905564345885, 0.00134772679303, 0.000790372607298, 0, 0.000727267412003, 0.0011669753585, 0.000922118488234, 1.00023285654e-07, 0, 0.000630237860605, 0.00309610599652, 0.00361566618085, 0.00428138347343, 0.00556187564507]
        var: [0.0740507692099, 0.09647487849, 0.0794519782066, 0.0719836130738, 0.0813177227974, 0.0885287225246, 0.0744489654899, 0.0598027259111, 0.065724901855, 0.0743314176798, 0.0519101060927, 0.0286868978292, 0.0308555215597, 0.0460851043463, 0.0595425926149, 0.0502353124321, 0.0424638241529, 0.0578212216496, 0.0354518257082, 0.0421914532781, 0.0645977929235, 0.0600468479097, 0.0621933974326, 0.104505293071, 0.109023071826, 0.0379498898983, 0.054515529424, 0.115155890584, 0.0669953599572, 0.0684343874454, 0.0566084124148, 0.0388657562435, 0.0327055677772, 0.0504081398249, 0.0617876313627, 0.0583700202405]
    chords_histogram: [0, 0.460829496384, 16.5898609161, 16.5898609161, 0, 0.921658992767, 0, 0, 11.9815664291, 1.38248848915, 0.921658992767, 0, 7.37327194214, 0, 4.14746522903, 29.0322589874, 10.5990781784, 0, 0, 0, 0, 0, 0, 0]
    thpcp: [1, 0.900604367256, 0.75727391243, 0.660985827446, 0.738385379314, 0.804907739162, 0.651417911053, 0.44381916523, 0.377975195646, 0.45228138566, 0.516420662403, 0.463547885418, 0.493801176548, 0.515245556831, 0.44269618392, 0.460891664028, 0.526150882244, 0.535920619965, 0.5884770751, 0.828594982624, 0.827507674694, 0.482913553715, 0.58842253685, 0.823912858963, 0.6788367033, 0.620636940002, 0.651510417461, 0.559572219849, 0.503927588463, 0.56763869524, 0.646008133888, 0.694814026356, 0.78061157465, 0.875769913197, 0.862544953823, 0.939910888672]
    chords_key: "D#"
    chords_scale: "minor"
    key_key: "A#"
    key_scale: "major"
    chords_progression: ["F", "F", "F", "F", "Dm", "A", "A", "D", "D", "D", "D", "D", "D", "D", "D", "D", "D", "D", "D", "D", "D", "D", "D", "D", "D", "D", "D", "D", "F#m", "D", "F#m", "F#m", "F#", "F#", "F#", "F", "F#", "F#", "F#", "F#", "F#", "F#", "F#", "F#", "F#", "D", "D", "D", "D", "D#m", "F#", "D#m", "D#m", "F#", "D#m", "D#m", "D#m", "D#m", "D#m", "D#m", "D#m", "D#m", "D#m", "D#m", "D#m", "D#m", "D#m", "D#m", "D#m", "D#m", "D#m", "D#m", "D#m", "D#m", "D#m", "D#m", "D#m", "D#m", "D#m", "D#m", "D#m", "D#m", "D#m", "D#m", "D#m", "D#m", "D#m", "D#m", "D#m", "D#m", "D#m", "D#m", "D#m", "D#m", "D#m", "D#m", "D#m", "D#m", "D#m", "D#m", "D#m", "D#m", "D#m", "D#m", "D#m", "D#m", "D#m", "D#m", "D#m", "D#m", "D#m", "D#m", "D#m", "D#m", "B", "B", "B", "B", "B", "B", "B", "B", "B", "Em", "Em", "E", "E", "E", "E", "E", "E", "E", "E", "E", "E", "E", "E", "E", "E", "E", "E", "Am", "Am", "Am", "Am", "Am", "Am", "Am", "Am", "Am", "Am", "Am", "Am", "Am", "Am", "Am", "Am", "Am", "Am", "Am", "Am", "Am", "Am", "Am", "Am", "Am", "Am", "Am", "Am", "Am", "Am", "Am", "Am", "Am", "Am", "Am", "Am", "F#", "F#", "F#", "F#", "F#", "F#", "F#", "F#", "F#", "F", "F", "F", "F", "F", "F", "F", "F", "F", "F", "F", "F", "F", "F", "F", "F", "F", "F", "F", "F", "F", "F", "F", "F", "F", "F", "F", "F", "F", "F", "F"]
