
metadata:
    version:
        essentia: "1.2.2"
    audio_properties:
        analysis_sample_rate: 44100
        bitrate: 128
        channels: 2
        equal_loudness: 1
        length: 10.0048980713
        replay_gain: -13.8577404022
        downmix: "mix"
    tags:
        track: 7
        year: 0
        album: "Splitted by Mp3Splt v. 2.1"
        artist: "From 001.00 To 001.10"
        comment: "http://mp3splt.sf.net"
        genre: ""
        title: "11 100,000 Indi.mp3"

highlevel:
    ballroom:
        all:
            ChaChaCha: 0.553261637688
            Jive: 0.15605416894
            Quickstep: 0.0294378325343
            Rumba-American: 0.0039549190551
            Rumba-International: 0.00305346073583
            Rumba-Misc: 0.00598853221163
            Samba: 0.245773479342
            Tango: 0.000890613591764
            VienneseWaltz: 0.000939627643675
            Waltz: 0.000645703694317
        probability: 0.553261637688
        value: "ChaChaCha"
    culture:
        all:
            non_western: 0.0401126556098
            western: 0.959887325764
        probability: 0.959887325764
        value: "western"
    gender:
        all:
            female: 0.666764914989
            male: 0.333235085011
        probability: 0.666764914989
        value: "female"
    genre_dortmund:
        all:
            alternative: 0.000269294803729
            blues: 0.00210876343772
            electronic: 0.00310528511181
            folkcountry: 0.000516699336004
            funksoulrnb: 0.0173335988075
            jazz: 0.00162853731308
            pop: 0.00670996448025
            raphiphop: 0.962050437927
            rock: 0.006277394481
        probability: 0.962050437927
        value: "raphiphop"
    genre_electronica:
        all:
            ambient: 0.266391724348
            dnb: 0.499386578798
            house: 0.116466991603
            techno: 0.052524138242
            trance: 0.0652305558324
        probability: 0.499386578798
        value: "dnb"
    genre_rosamerica:
        all:
            cla: 0.00473733432591
            dan: 0.095734141767
            hip: 0.594941675663
            jaz: 0.00574235804379
            pop: 0.19604870677
            rhy: 0.0865952819586
            roc: 0.00864043273032
            spe: 0.00756003847346
        probability: 0.594941675663
        value: "hip"
    genre_tzanetakis:
        all:
            blu: 0.000184558608453
            cla: 0.000229243727517
            cou: 0.000359087163815
            dis: 0.0137346768752
            hip: 0.106896527112
            jaz: 0.000214333223994
            met: 0.000339033926139
            pop: 0.799129068851
            reg: 0.0779698118567
            roc: 0.000943660852499
        probability: 0.799129068851
        value: "pop"
    live_studio:
        all:
            live: 0.125174358487
            studio: 0.874825656414
        probability: 0.874825656414
        value: "studio"
    mood:
        all:
            Cluster1: 0.212172061205
            Cluster2: 0.328910827637
            Cluster3: 0.0468208268285
            Cluster4: 0.276840418577
            Cluster5: 0.135255873203
        probability: 0.328910827637
        value: "Cluster2"
    mood_acoustic:
        all:
            acoustic: 0.0263059698045
            not_acoustic: 0.97369402647
        probability: 0.97369402647
        value: "not_acoustic"
    mood_aggressive:
        all:
            aggressive: 0.0247331857681
            not_aggressive: 0.975266814232
        probability: 0.975266814232
        value: "not_aggressive"
    mood_electronic:
        all:
            electronic: 0.641110420227
            not_electronic: 0.358889549971
        probability: 0.641110420227
        value: "electronic"
    mood_happy:
        all:
            happy: 0.876514434814
            not_happy: 0.123485572636
        probability: 0.876514434814
        value: "happy"
    mood_party:
        all:
            not_party: 0.078899718821
            party: 0.921100258827
        probability: 0.921100258827
        value: "party"
    mood_relaxed:
        all:
            not_relaxed: 0.987723529339
            relaxed: 0.012276458554
        probability: 0.987723529339
        value: "not_relaxed"
    mood_sad:
        all:
            not_sad: 0.932780504227
            sad: 0.0672195032239
        probability: 0.932780504227
        value: "not_sad"
    rhythm:
        all:
            fast: 0.675721764565
            medium: 0.307282686234
            slow: 0.0169955566525
        probability: 0.675721764565
        value: "fast"
    speech_music:
        all:
            music: 0.999666273594
            speech: 0.000333700067131
        probability: 0.999666273594
        value: "music"
    timbre:
        all:
            bright: 0.726647555828
            dark: 0.273352444172
        probability: 0.726647555828
        value: "bright"
    voice_instrumental:
        all:
            instrumental: 0.0108804842457
            voice: 0.989119529724
        probability: 0.989119529724
        value: "voice"

lowlevel:
    average_loudness: 0.976165652275
    barkbands_kurtosis:
        dmean: 1.87851858139
        dmean2: 3.12184715271
        dvar: 9.06805801392
        dvar2: 20.7114887238
        max: 38.2774085999
        mean: 1.03559994698
        min: -1.8201135397
        var: 19.7288608551
    barkbands_skewness:
        dmean: 0.722686111927
        dmean2: 1.10597252846
        dvar: 0.449299246073
        dvar2: 1.06412816048
        max: 4.61678791046
        mean: 0.468650966883
        min: -2.13131046295
        var: 1.52412390709
    barkbands_spread:
        dmean: 7.09095144272
        dmean2: 11.7075147629
        dvar: 50.3933143616
        dvar2: 120.224098206
        max: 69.3308868408
        mean: 25.0115375519
        min: 0.908968746662
        var: 113.084190369
    dissonance:
        dmean: 0.0299321487546
        dmean2: 0.0496518462896
        dvar: 0.000794993247837
        dvar2: 0.0018262101803
        max: 0.499257087708
        mean: 0.449397474527
        min: 0.21656024456
        var: 0.00168819271494
    hfc:
        dmean: 2.93603992462
        dmean2: 4.18279647827
        dvar: 27.2761535645
        dvar2: 46.5275878906
        max: 43.7026252747
        mean: 5.27338504791
        min: 6.16389615971e-06
        var: 50.7952842712
    pitch:
        dmean: 575.107910156
        dmean2: 1105.78369141
        dvar: 1216093.25
        dvar2: 2996337.5
        max: 4900
        mean: 707.231506348
        min: 73.0132446289
        var: 1046102.9375
    pitch_instantaneous_confidence:
        dmean: 0.130545184016
        dmean2: 0.20817258954
        dvar: 0.0132523914799
        dvar2: 0.0265879146755
        max: 0.978267729282
        mean: 0.478726476431
        min: 0.119932889938
        var: 0.0371162481606
    pitch_salience:
        dmean: 0.0903196409345
        dmean2: 0.145548686385
        dvar: 0.00741617614403
        dvar2: 0.0179326198995
        max: 0.975340723991
        mean: 0.56676197052
        min: 0.117058984935
        var: 0.0164466295391
    silence_rate_20dB:
        dmean: 0
        dmean2: 0
        dvar: 0
        dvar2: 0
        max: 1
        mean: 1
        min: 1
        var: 0
    silence_rate_30dB:
        dmean: 0
        dmean2: 0
        dvar: 0
        dvar2: 0
        max: 1
        mean: 1
        min: 1
        var: 0
    silence_rate_60dB:
        dmean: 0.204176336527
        dmean2: 0.409302324057
        dvar: 0.16248819232
        dvar2: 0.288284987211
        max: 1
        mean: 0.553240716457
        min: 0
        var: 0.247165188193
    spectral_centroid:
        dmean: 428.547698975
        dmean2: 660.122253418
        dvar: 225981.25
        dvar2: 497223.53125
        max: 5630.33349609
        mean: 1554.02807617
        min: 225.650344849
        var: 769012.25
    spectral_complexity:
        dmean: 4.07441854477
        dmean2: 5.76223754883
        dvar: 44.1385993958
        dvar2: 74.3350524902
        max: 54
        mean: 9.45243644714
        min: 0
        var: 98.9484024048
    spectral_crest:
        dmean: 2.97142910957
        dmean2: 4.95649003983
        dvar: 7.12115240097
        dvar2: 16.3410072327
        max: 24.0695896149
        mean: 8.92893218994
        min: 3.05188417435
        var: 16.8368282318
    spectral_decrease:
        dmean: 4.88344864547e-10
        dmean2: 7.44579675693e-10
        dvar: 4.59858550442e-19
        dvar2: 1.09284641668e-18
        max: -7.92957093352e-16
        mean: -8.1022621945e-10
        min: -4.89588725117e-09
        var: 6.86638438878e-19
    spectral_energy:
        dmean: 0.00206501805224
        dmean2: 0.00312562985346
        dvar: 8.58896510181e-06
        dvar2: 1.92348088603e-05
        max: 0.0216012243181
        mean: 0.00353629188612
        min: 3.55189033741e-09
        var: 1.35533937282e-05
    spectral_energyband_high:
        dmean: 0.000189846701687
        dmean2: 0.000255095539615
        dvar: 1.92916445485e-07
        dvar2: 3.58426490266e-07
        max: 0.00454472424462
        mean: 0.000251553981798
        min: 7.58679993829e-11
        var: 3.23867254792e-07
    spectral_energyband_low:
        dmean: 0.000296561600408
        dmean2: 0.000537399610039
        dvar: 5.92871742811e-07
        dvar2: 1.67277414675e-06
        max: 0.00588836194947
        mean: 0.000266109214863
        min: 7.31653626573e-11
        var: 4.59038488998e-07
    spectral_energyband_middle_high:
        dmean: 0.000937451259233
        dmean2: 0.0013461613562
        dvar: 2.84322823063e-06
        dvar2: 5.96938480157e-06
        max: 0.0133186625317
        mean: 0.00160006445367
        min: 3.11506442863e-09
        var: 4.70032773592e-06
    spectral_energyband_middle_low:
        dmean: 0.00100962771103
        dmean2: 0.001590694068
        dvar: 1.85057615454e-06
        dvar2: 4.76335844724e-06
        max: 0.00923850573599
        mean: 0.00141853292007
        min: 2.74300637759e-10
        var: 2.54147471423e-06
    spectral_flatness_db:
        dmean: 0.0265882667154
        dmean2: 0.0405997782946
        dvar: 0.00066578341648
        dvar2: 0.00145017320756
        max: 0.372459083796
        mean: 0.1601626724
        min: 0.0617702677846
        var: 0.00191836617887
    spectral_flux:
        dmean: 0.0137547012419
        dmean2: 0.020510032773
        dvar: 0.000248599855695
        dvar2: 0.00052032188978
        max: 0.12880268693
        mean: 0.0411488078535
        min: 5.95977362536e-05
        var: 0.000602553773206
    spectral_kurtosis:
        dmean: 1.44580698013
        dmean2: 2.15522575378
        dvar: 3.40137934685
        dvar2: 7.29891729355
        max: 20.4008274078
        mean: 3.51554608345
        min: -0.652321338654
        var: 7.51234149933
    spectral_rms:
        dmean: 0.000500427966472
        dmean2: 0.000712238135748
        dvar: 3.21156989003e-07
        dvar2: 6.99093561707e-07
        max: 0.00459068268538
        mean: 0.0016265277518
        min: 1.86152055903e-06
        var: 8.04444823643e-07
    spectral_rolloff:
        dmean: 663.823242188
        dmean2: 1099.44714355
        dvar: 765844.3125
        dvar2: 1614857.875
        max: 7924.21875
        mean: 2758.14916992
        min: 64.599609375
        var: 2203953.5
    spectral_skewness:
        dmean: 0.248072490096
        dmean2: 0.366638123989
        dvar: 0.0612471066415
        dvar2: 0.121990159154
        max: 3.72591567039
        mean: 1.5520131588
        min: 0.234160408378
        var: 0.234594777226
    spectral_spread:
        dmean: 1126091.5
        dmean2: 1562776.5
        dvar: 2.42760600781e+12
        dvar2: 3.3851071529e+12
        max: 26030286
        mean: 6531537.5
        min: 2332130
        var: 6.34517664563e+12
    spectral_strongpeak:
        dmean: 0.406008988619
        dmean2: 0.666668772697
        dvar: 0.282780826092
        dvar2: 0.698836743832
        max: 4.97153997421
        mean: 0.553770124912
        min: 3.34486030624e-05
        var: 0.398361742496
    zerocrossingrate:
        dmean: 0.0143736377358
        dmean2: 0.0159459672868
        dvar: 0.000185177006642
        dvar2: 0.000230090474361
        max: 0.2666015625
        mean: 0.0903546884656
        min: 0.01953125
        var: 0.0015205728123
    barkbands:
        dmean: [6.14527493781e-07, 0.000120140844956, 0.000216292639379, 0.000146174730617, 0.000346171989804, 0.000206257856917, 0.00033248445834, 0.000128309009597, 0.000160893847351, 0.00011288580572, 0.000149668630911, 0.000127949082525, 0.000120559292554, 0.00010042743088, 0.000133409310365, 0.000144557503518, 0.000113851470815, 9.57817901508e-05, 0.000157244576258, 0.000146078498801, 8.80981679074e-05, 3.58233992301e-05, 1.052130483e-05, 4.3308750719e-06, 3.08305675389e-06, 2.80055189705e-07, 3.58421209379e-10]
        dmean2: [7.75900616645e-07, 0.000209986174013, 0.000413196481531, 0.000247503834544, 0.000544840586372, 0.000349643727532, 0.0005392258754, 0.000218592205783, 0.000253975071246, 0.0001640116825, 0.000264418020379, 0.000204208772629, 0.000189333688468, 0.000151773390826, 0.000216043757973, 0.000219177498366, 0.000176427536644, 0.000142379270983, 0.000222021815716, 0.000225139068789, 0.000125697057229, 4.58685717604e-05, 1.55018151418e-05, 6.1102696236e-06, 4.48324772151e-06, 4.09970880355e-07, 5.71591607379e-10]
        dvar: [1.12422256834e-12, 8.45566106022e-08, 3.77034552912e-07, 1.0160073316e-07, 3.52804192971e-07, 1.32873822167e-07, 5.02219108967e-07, 1.25100740433e-07, 1.97696664372e-07, 6.62282033659e-08, 2.46556169259e-07, 1.0808187767e-07, 5.13602707031e-08, 4.72664005713e-08, 9.86734320918e-08, 1.02293810755e-07, 3.67929580136e-08, 5.11695184002e-08, 7.10511613988e-08, 1.04863822514e-07, 4.55968667268e-08, 7.48155315478e-09, 1.26851218418e-09, 9.91347837154e-11, 4.97718082026e-11, 2.55749631542e-13, 1.42907899887e-18]
        dvar2: [2.33380545792e-12, 2.35664771253e-07, 1.13005978619e-06, 2.81602240193e-07, 8.5430889385e-07, 3.20901079931e-07, 1.19835829082e-06, 3.42011588828e-07, 4.4152292844e-07, 1.1100962638e-07, 6.86791281623e-07, 2.53116837712e-07, 1.30495081407e-07, 1.15082826824e-07, 2.3065251753e-07, 2.50237860655e-07, 8.57889688177e-08, 1.01962648102e-07, 1.3459836623e-07, 2.15943657622e-07, 9.93380382397e-08, 1.33450477335e-08, 2.93317636846e-09, 2.29559732334e-10, 1.00460001429e-10, 5.91004458914e-13, 1.89739536768e-18]
        max: [1.33447638291e-05, 0.00213932711631, 0.00405347906053, 0.0028308709152, 0.00562764052302, 0.0027310163714, 0.00725937169045, 0.00334694632329, 0.00412458879873, 0.00545915635303, 0.00427569169551, 0.00399508187547, 0.00197294028476, 0.00195388542488, 0.00500708026811, 0.00300791487098, 0.00195884122513, 0.00248267641291, 0.00246513751335, 0.00316796870902, 0.001699599321, 0.0010617665248, 0.000617906101979, 0.000118524199934, 8.97626523511e-05, 7.19267291061e-06, 2.2442014469e-08]
        mean: [1.29941076921e-06, 0.000127514213091, 0.000137328257551, 0.000132724468131, 0.000407227285905, 0.000189194688573, 0.000357055861969, 0.000113650945423, 0.000181856084964, 0.000140247357194, 0.000114267109893, 0.000130965345306, 0.000149290834088, 0.000110322660476, 0.00019672633789, 0.000174647007952, 0.000152982131112, 0.000129110529087, 0.000246660143603, 0.000168492915691, 0.000105815277493, 4.51817504654e-05, 1.24681282614e-05, 6.53771439829e-06, 4.31738681073e-06, 4.09964059145e-07, 4.0523584488e-10]
        min: [2.07620136361e-11, 3.56619213326e-11, 2.70204483788e-11, 2.78703067569e-11, 7.05214497909e-11, 6.9572396455e-11, 5.37866140515e-11, 3.37361180658e-11, 1.83519050651e-11, 4.67070913196e-12, 3.45734066376e-11, 2.70937411395e-10, 8.27877877363e-10, 5.69280789176e-10, 6.37395691783e-10, 6.24706064656e-10, 5.86002704694e-11, 2.92299864868e-11, 4.18201827335e-11, 2.93183428923e-11, 5.02019216128e-12, 7.23169050684e-12, 1.63825567695e-11, 8.75710268189e-12, 1.00839796582e-11, 7.79333368672e-12, 4.74063418864e-15]
        var: [4.55500307611e-12, 8.71689209703e-08, 2.17274589431e-07, 8.03201061217e-08, 4.44694023827e-07, 1.45734290413e-07, 5.85731072533e-07, 9.21653935393e-08, 2.40237682192e-07, 1.80155609542e-07, 1.66752343489e-07, 1.23499518168e-07, 5.99971841098e-08, 6.10628134723e-08, 1.60985393904e-07, 1.11702910033e-07, 5.58220989433e-08, 7.47544035562e-08, 1.29433956886e-07, 1.34434458232e-07, 6.31000744988e-08, 1.30459163472e-08, 1.39760791829e-09, 1.40289654893e-10, 7.98814694947e-11, 4.00246757395e-13, 1.46630564195e-18]
    mfcc:
        mean: [-760.644348145, 88.9140625, -37.9555206299, 34.3356933594, -11.3124113083, -8.24414825439, -5.82189083099, -9.5080280304, -3.63888859749, -0.0324068665504, -3.31642866135, -6.18436527252, -4.35933637619]
        cov: [[8636.04296875, -14.2359237671, -590.719665527, -108.989646912, -124.555801392, -67.8907852173, -422.629119873, -663.546081543, -449.725463867, -531.163696289, -345.742706299, -80.2327270508, 83.5223999023], [-14.2359237671, 1439.82653809, -25.5143852234, 259.629852295, 109.970588684, -5.14581441879, 11.9475688934, -75.290184021, -21.3411216736, 7.80550003052, 19.597700119, 77.1283721924, 165.263214111], [-590.719665527, -25.5143852234, 1356.82312012, 479.493774414, 116.931343079, 167.146697998, 135.990859985, 198.604171753, 103.1587677, 21.0578346252, 28.9948196411, 26.8966770172, 6.72473096848], [-108.989646912, 259.629852295, 479.493774414, 588.753234863, 252.245620728, 140.491577148, -1.89509272575, -24.1060409546, -16.7705993652, 7.4399895668, 28.1138057709, -34.4845581055, 45.7193222046], [-124.555801392, 109.970588684, 116.931343079, 252.245620728, 403.052032471, 131.601348877, -17.7475452423, -50.1663818359, -38.4989128113, 60.7375488281, 27.762922287, -24.5806503296, 25.0823688507], [-67.8907852173, -5.14581441879, 167.146697998, 140.491577148, 131.601348877, 180.114532471, 50.4856414795, 32.8842086792, 19.8599338531, 21.151556015, 11.7546606064, -7.01075744629, -9.46721363068], [-422.629119873, 11.9475688934, 135.990859985, -1.89509272575, -17.7475452423, 50.4856414795, 278.542694092, 230.419891357, 119.601150513, 101.417427063, 85.6805114746, 40.8905143738, -13.8395795822], [-663.546081543, -75.290184021, 198.604171753, -24.1060409546, -50.1663818359, 32.8842086792, 230.419891357, 342.881225586, 169.314559937, 110.81287384, 90.7131576538, 51.6918296814, -32.0973777771], [-449.725463867, -21.3411216736, 103.1587677, -16.7705993652, -38.4989128113, 19.8599338531, 119.601150513, 169.314559937, 195.820251465, 113.676971436, 55.3679924011, 39.2525634766, -21.6971035004], [-531.163696289, 7.80550003052, 21.0578346252, 7.4399895668, 60.7375488281, 21.151556015, 101.417427063, 110.81287384, 113.676971436, 224.680648804, 116.584350586, 37.7698478699, 19.6752376556], [-345.742706299, 19.597700119, 28.9948196411, 28.1138057709, 27.762922287, 11.7546606064, 85.6805114746, 90.7131576538, 55.3679924011, 116.584350586, 161.550994873, 62.2544517517, 40.220615387], [-80.2327270508, 77.1283721924, 26.8966770172, -34.4845581055, -24.5806503296, -7.01075744629, 40.8905143738, 51.6918296814, 39.2525634766, 37.7698478699, 62.2544517517, 129.520874023, 56.6754722595], [83.5223999023, 165.263214111, 6.72473096848, 45.7193222046, 25.0823688507, -9.46721363068, -13.8395795822, -32.0973777771, -21.6971035004, 19.6752376556, 40.220615387, 56.6754722595, 147.537612915]]
        icov: [[0.000152917535161, 3.07255322696e-05, 4.9263209803e-05, -2.69343290711e-05, 5.33378224645e-05, -6.74267139402e-05, -9.68945169006e-05, 0.000224839241127, 5.40414075658e-05, 0.000210597732803, 0.00013038389443, -8.53848832776e-05, -0.000111334484245], [3.07255322696e-05, 0.000965379178524, 0.000256877130596, -0.000691173831001, -6.29512942396e-05, 0.000385254010325, -0.000537845073268, 0.00033619540045, -0.0001973680628, 8.72673335834e-05, 0.000546196999494, -0.000633636198472, -0.00078432704322], [4.9263209803e-05, 0.000256877130596, 0.0013850008836, -0.00137866346631, 0.000298988859868, -0.000337743142154, -0.000100680190371, -0.000686445040628, -0.000146250400576, 0.000207203804166, 0.000690851884428, -0.000717834511306, -0.000144541321788], [-2.69343290711e-05, -0.000691173831001, -0.00137866346631, 0.00430864049122, -0.0015627599787, -0.00107320072129, 0.000455129775219, 0.000492658815347, -0.000453676184407, 0.00087645475287, -0.00179495592602, 0.00216832803562, -0.000663404236548], [5.33378224645e-05, -6.29512942396e-05, 0.000298988859868, -0.0015627599787, 0.00483840284869, -0.00270083500072, 0.000540743872989, 0.000167393052834, 0.00184000853915, -0.00236092228442, 0.000359179510269, 5.50610529899e-05, 6.86091370881e-05], [-6.74267139402e-05, 0.000385254010325, -0.000337743142154, -0.00107320072129, -0.00270083500072, 0.00916278455406, -0.00204106536694, 0.000439232884673, -0.00101201562211, 0.000726171769202, 0.000530320510734, -0.00050470122369, 0.000709443702362], [-9.68945169006e-05, -0.000537845073268, -0.000100680190371, 0.000455129775219, 0.000540743872989, -0.00204106536694, 0.00919486396015, -0.00556859048083, 0.000302787462715, -0.00105171953328, -0.00152603792958, 0.000507122604176, 0.000355004158337], [0.000224839241127, 0.00033619540045, -0.000686445040628, 0.000492658815347, 0.000167393052834, 0.000439232884673, -0.00556859048083, 0.00985837355256, -0.00411660876125, 0.000997071154416, -0.0014479320962, -0.000650510773994, 0.00090310262749], [5.40414075658e-05, -0.0001973680628, -0.000146250400576, -0.000453676184407, 0.00184000853915, -0.00101201562211, 0.000302787462715, -0.00411660876125, 0.0122895482928, -0.00557308178395, 0.00232292106375, -0.00211013457738, 0.00182067137212], [0.000210597732803, 8.72673335834e-05, 0.000207203804166, 0.00087645475287, -0.00236092228442, 0.000726171769202, -0.00105171953328, 0.000997071154416, -0.00557308178395, 0.0111339585856, -0.00582110788673, 0.0015847585164, -0.00125803216361], [0.00013038389443, 0.000546196999494, 0.000690851884428, -0.00179495592602, 0.000359179510269, 0.000530320510734, -0.00152603792958, -0.0014479320962, 0.00232292106375, -0.00582110788673, 0.0136740496382, -0.00464421836659, -0.00147185462993], [-8.53848832776e-05, -0.000633636198472, -0.000717834511306, 0.00216832803562, 5.50610529899e-05, -0.00050470122369, 0.000507122604176, -0.000650510773994, -0.00211013457738, 0.0015847585164, -0.00464421836659, 0.013157049194, -0.00432657403871], [-0.000111334484245, -0.00078432704322, -0.000144541321788, -0.000663404236548, 6.86091370881e-05, 0.000709443702362, 0.000355004158337, 0.00090310262749, 0.00182067137212, -0.00125803216361, -0.00147185462993, -0.00432657403871, 0.0106941042468]]
    spectral_contrast:
        mean: [-1.7855894896e-07, -2.34937459709e-07, -4.19155668396e-07, -2.33353560475e-07, 4.33637609376e-07, 3.11230280658e-07, 2.13378757508e-06, -2.53907501246e-07, 4.39566974819e-06, 3.8860568452e-07, -3.15918441629e-06, -3.76767729904e-06]
        var: [0.000693478796165, 0.00102611409966, 0.00377119658515, 0.00474050827324, 0.00856369640678, 0.0131620429456, 0.0840838551521, 0.24322706461, 0.278594434261, 0.501463234425, 1.44947946072, 4.8314499855]

rhythm:
    beats_loudness:
        dmean: 0.00550935091451
        dmean2: 0.0113520938903
        dvar: 2.77335566352e-05
        dvar2: 8.16271858639e-05
        max: 0.0175656359643
        mean: 0.0055473507382
        min: 0.00136185274459
        var: 2.38618122239e-05
    beats_loudness_bass:
        dmean: 0.164678290486
        dmean2: 0.335731267929
        dvar: 0.0288129877299
        dvar2: 0.106758832932
        max: 0.493232280016
        mean: 0.0943652838469
        min: 0.00023458978103
        var: 0.0203122776002
    bpm: 94.5487442017
    bpm_confidence: 0
    first_peak_bpm: 94
    first_peak_spread: 0
    first_peak_weight: 0.933333396912
    onset_rate: 5.29740524292
    second_peak_bpm: 67
    second_peak_spread: 0
    second_peak_weight: 0.0666666701436
    beats_position: [0.119140654802, 0.754098296165, 1.38905596733, 2.02401351929, 2.65897130966, 3.29392886162, 3.92888641357, 4.56384372711, 5.19880151749, 6.09804487228, 6.73207378387, 7.36610412598, 8.0001335144, 8.63416194916, 9.26819229126, 9.90222167969]
    bpm_estimates: [94.5309448242, 94.4846343994, 94.4242324829, 94.4900741577, 94.4832687378, 94.5050964355, 94.5814285278, 94.5303344727, 94.3538589478, 94.5558013916, 94.5002670288, 94.9614028931, 94.5747146606, 94.7955093384, 94.2057876587, 95.0134506226, 94.7452011108, 94.1413650513]
    bpm_intervals: [0.634957671165, 0.634957671165, 0.634957551956, 0.634957790375, 0.634957551956, 0.634957551956, 0.634957313538, 0.634957790375, 0.899243354797, 0.634028911591, 0.634030342102, 0.634029388428, 0.634028434753, 0.634030342102, 0.634029388428]
    onset_times: [0.0580498874187, 0.232199549675, 0.406349211931, 0.545668959618, 0.743038535118, 1.05650794506, 1.2190476656, 1.35836732388, 1.71827661991, 1.78793644905, 1.95047616959, 2.00852608681, 2.64707493782, 2.97215414047, 3.13469386101, 3.30884361267, 3.50621318817, 3.61070299149, 3.80807256699, 3.93578219414, 4.2492518425, 4.42340135574, 4.57433128357, 4.87619066238, 5.21287965775, 5.52634906769, 5.67727899551, 5.86303853989, 6.07201814651, 6.19972801208, 6.42031764984, 6.5015873909, 6.72217702866, 6.81505680084, 6.90793657303, 7.02403640747, 7.12852621078, 7.45360565186, 7.6858048439, 7.7670750618, 7.85995483398, 7.97605419159, 8.09215450287, 8.24308395386, 8.4172334671, 8.60299301147, 8.73070335388, 8.92807292938, 9.02095222473, 9.16027164459, 9.36925125122, 9.58984088898, 9.83365058899]
    rubato_start: []
    rubato_stop: []
    perceptual_tempo: "unknown"

sfx:
    inharmonicity:
        dmean: 0.0538895279169
        dmean2: 0.0955136865377
        dvar: 0.00414981879294
        dvar2: 0.0115645444021
        max: 0.414748370647
        mean: 0.0519738048315
        min: 0
        var: 0.00415571359918
    oddtoevenharmonicenergyratio:
        dmean: 11.1838560104
        dmean2: 20.2363643646
        dvar: 4230.13769531
        dvar2: 9415.36132812
        max: 923.424499512
        mean: 8.31879901886
        min: 0
        var: 3997.27661133
    pitch_after_max_to_before_max_energy_ratio: 2.26387023926
    pitch_centroid: 219.793930054
    pitch_max_to_total: 0.373549878597
    pitch_min_to_total: 0.366589337587
    tristimulus:
        dmean: [0.255613058805, 0.291568875313, 0.107067346573]
        dmean2: [0.442620009184, 0.495919585228, 0.190974891186]
        dvar: [0.0510078109801, 0.0566904470325, 0.0133400885388]
        dvar2: [0.130662992597, 0.157125711441, 0.0334741845727]
        max: [1, 0.981445074081, 0.69370162487]
        mean: [0.37332868576, 0.479020148516, 0.106001600623]
        min: [0.00240270700306, 0, 0]
        var: [0.0751544013619, 0.0826031118631, 0.016673495993]

tonal:
    chords_changes_rate: 0.0787037014961
    chords_number_rate: 0.0324074067175
    chords_strength:
        dmean: 0.0154245952144
        dmean2: 0.0198984406888
        dvar: 0.000138116942253
        dvar2: 0.000289483868983
        max: 0.79641777277
        mean: 0.544979333878
        min: 0.310379773378
        var: 0.0152705665678
    key_strength: 0.36642318964
    tuning_diatonic_strength: 0.358691632748
    tuning_equal_tempered_deviation: 0.157423883677
    tuning_frequency: 436.204162598
    tuning_nontempered_energy_ratio: 0.825075566769
    hpcp:
        dmean: [0.190095484257, 0.185687720776, 0.206778004766, 0.222215235233, 0.211007550359, 0.202654123306, 0.230981513858, 0.211681097746, 0.170853346586, 0.159679800272, 0.192145451903, 0.214122220874, 0.201483935118, 0.17709068954, 0.171843260527, 0.179614618421, 0.185243621469, 0.145216152072, 0.175608277321, 0.174563810229, 0.18391533196, 0.183482900262, 0.190676957369, 0.201631575823, 0.167009145021, 0.150322854519, 0.200414791703, 0.183106094599, 0.197143524885, 0.238356024027, 0.274195581675, 0.224174484611, 0.17630879581, 0.219990253448, 0.211314767599, 0.210408687592]
        dmean2: [0.336432993412, 0.329021155834, 0.370278269053, 0.388884723186, 0.371639370918, 0.34707030654, 0.392118483782, 0.356620460749, 0.294341623783, 0.277113318443, 0.322739392519, 0.375647068024, 0.345665633678, 0.295407861471, 0.285325169563, 0.292853176594, 0.313673317432, 0.251555711031, 0.312561333179, 0.314210146666, 0.321039646864, 0.322129577398, 0.342094123363, 0.353969216347, 0.292381703854, 0.260448038578, 0.358132451773, 0.313189476728, 0.353302299976, 0.421835392714, 0.488355606794, 0.391224443913, 0.30061212182, 0.377906262875, 0.358673125505, 0.367658495903]
        dvar: [0.0606680326164, 0.0520824082196, 0.0574385076761, 0.0599180608988, 0.0559831261635, 0.0446395725012, 0.0522022098303, 0.046414848417, 0.0429313965142, 0.0422100126743, 0.0514105446637, 0.0778881758451, 0.0551300533116, 0.0430554002523, 0.0425476282835, 0.0433934442699, 0.0456799454987, 0.0247134882957, 0.0543542504311, 0.0479059703648, 0.0560463629663, 0.0490711964667, 0.0484464503825, 0.0650102198124, 0.0455314740539, 0.0357176214457, 0.059897556901, 0.0420638620853, 0.0492660962045, 0.0674956813455, 0.0787339061499, 0.0476570352912, 0.0349979028106, 0.0629469454288, 0.0513323768973, 0.0751779675484]
        dvar2: [0.16015599668, 0.136816099286, 0.156201601028, 0.166682705283, 0.160183250904, 0.116717219353, 0.139576658607, 0.118525788188, 0.107598267496, 0.117439545691, 0.138620629907, 0.206906810403, 0.141859576106, 0.110145576298, 0.116730749607, 0.115094728768, 0.11806704849, 0.0622362941504, 0.151054471731, 0.132836580276, 0.145686343312, 0.132955238223, 0.133173331618, 0.164773702621, 0.117871828377, 0.0885393545032, 0.150220140815, 0.103322930634, 0.121728792787, 0.176244542003, 0.193376526237, 0.137994363904, 0.0871993377805, 0.159609362483, 0.131729424, 0.214100673795]
        max: [1, 1, 1, 1, 1, 1, 1, 1, 1, 1, 1, 1, 1, 1, 1, 1, 1, 0.748942911625, 1, 1, 1, 1, 1, 1, 1, 1, 1, 1, 1, 1, 1, 1, 1, 1, 1, 1]
        mean: [0.197742626071, 0.196861580014, 0.223068147898, 0.253665298223, 0.233643591404, 0.246820062399, 0.309837907553, 0.279870390892, 0.194560140371, 0.163731962442, 0.179990202188, 0.202012121677, 0.195510193706, 0.182088285685, 0.189459964633, 0.223604395986, 0.215340733528, 0.177275910974, 0.172479912639, 0.163697302341, 0.188723430037, 0.204302117229, 0.185225233436, 0.184136196971, 0.149259969592, 0.144913002849, 0.191266164184, 0.195219412446, 0.180172950029, 0.246505007148, 0.310672014952, 0.245773762465, 0.236891612411, 0.288538396358, 0.248209938407, 0.203039705753]
        min: [0.00056102295639, 0.000626932131127, 0.000601420877501, 0.00105325318873, 0.00220383796841, 0.00190672604367, 0.00154496647883, 0.00186265434604, 0.00165130617097, 0.00105597614311, 0.00137098983396, 0.0019194354536, 0.00210508867167, 0.000622327032033, 0.000779169786256, 0.00258617778309, 0.00245921849273, 0.000699935364537, 0.000384080107324, 0.000726476137061, 0.000523011549376, 0.000705645652488, 0.000583061191719, 0.000768439203966, 0.000326158275129, 0.00074321241118, 0.00132516096346, 0.00100161798764, 0.00114531035069, 0.000417473114794, 0.000551059376448, 0.00064159638714, 0.000827121024486, 0.00129014952108, 0.00109446875285, 0.000748809310608]
        var: [0.0692725107074, 0.0621279403567, 0.0701799243689, 0.0863841623068, 0.0718548968434, 0.0597450993955, 0.0843817666173, 0.0732377395034, 0.0498324148357, 0.0444276742637, 0.0527682341635, 0.0720482617617, 0.0642648339272, 0.0553069412708, 0.0495898909867, 0.0647871270776, 0.0623267106712, 0.035589762032, 0.0505569167435, 0.0418344549835, 0.0569220967591, 0.0579278245568, 0.0459548048675, 0.0602997802198, 0.0427281670272, 0.0394333079457, 0.0623712465167, 0.0551612712443, 0.0509376190603, 0.0813112184405, 0.114447243512, 0.0610684379935, 0.0560042187572, 0.0866429135203, 0.0672956332564, 0.0749712660909]
    chords_histogram: [0, 0.925925910473, 0, 0, 0, 0, 0, 0, 0.462962955236, 12.9629631042, 16.2037029266, 0, 4.62962961197, 0.925925910473, 0, 0, 9.25925922394, 14.3518514633, 13.8888893127, 0, 0, 0, 0, 26.3888893127]
    thpcp: [1, 0.79110366106, 0.762513518333, 0.928755700588, 0.798945248127, 0.653550028801, 0.636499643326, 0.633663713932, 0.718018174171, 0.816505134106, 0.752058684826, 0.794471502304, 0.997315168381, 0.900854825974, 0.626255750656, 0.527025163174, 0.579357624054, 0.650242388248, 0.629313826561, 0.586111009121, 0.609839200974, 0.719744265079, 0.693144917488, 0.570620775223, 0.555183291435, 0.526913583279, 0.607468366623, 0.657613515854, 0.596208274364, 0.592702865601, 0.480442285538, 0.466450124979, 0.615653038025, 0.628377854824, 0.579945862293, 0.793457388878]
    chords_key: "E"
    chords_scale: "major"
    key_key: "G#"
    key_scale: "minor"
    chords_progression: ["E", "E", "E", "E", "E", "E", "E", "E", "E", "E", "E", "E", "E", "E", "E", "E", "E", "E", "E", "E", "E", "E", "E", "E", "E", "E", "E", "E", "E", "E", "E", "E", "E", "E", "E", "E", "E", "E", "E", "E", "E", "E", "E", "E", "E", "E", "E", "E", "E", "E", "E", "E", "E", "E", "E", "E", "E", "Em", "Em", "Em", "Em", "Em", "Em", "Em", "Em", "Em", "Em", "Em", "Em", "Em", "Em", "Em", "Em", "Em", "Em", "Em", "Em", "G", "G", "G", "G", "G", "G", "G", "G", "G", "G", "G", "G", "G", "G", "G", "G", "Cm", "G", "G", "G", "G", "G", "G", "G", "G", "G", "G", "G", "G", "G", "Bm", "G", "Bm", "Bm", "Bm", "Bm", "Bm", "Bm", "Bm", "Bm", "Bm", "Bm", "Bm", "Bm", "Bm", "Bm", "Bm", "Bm", "Bm", "B", "B", "F", "F", "Dm", "Dm", "Dm", "Dm", "Dm", "Dm", "Dm", "Dm", "Dm", "D#", "D#", "Dm", "D#", "D#", "D#", "D#", "D#", "D#", "D#", "D#", "D#", "D#", "D#", "D#", "D#", "D#", "D#", "D#", "D#", "D#", "D#", "D#", "D#", "D#", "D#", "D#", "D#", "D#", "Bm", "Bm", "Bm", "Bm", "Bm", "Bm", "Bm", "Bm", "Bm", "Bm", "Bm", "Bm", "Gm", "Gm", "G", "Gm", "Gm", "Gm", "Gm", "Gm", "Gm", "Gm", "Gm", "Gm", "Gm", "Gm", "Gm", "Gm", "Gm", "Gm", "Gm", "Gm", "Gm", "Gm", "Gm", "Gm", "Gm", "Gm", "Gm", "Gm", "Gm", "Gm", "Gm", "Gm", "Gm", "Gm", "Gm", "Gm"]
