
metadata:
    version:
        essentia: "1.2.2"
    audio_properties:
        analysis_sample_rate: 44100
        bitrate: 128
        channels: 2
        equal_loudness: 1
        length: 10.0832653046
        replay_gain: -6.85194206238
        downmix: "mix"
    tags:
        track: 11
        year: 0
        album: "Splitted by Mp3Splt v. 2.1"
        artist: "From 001.40 To 001.50"
        comment: "http://mp3splt.sf.net"
        genre: ""
        title: "17 Disorder.mp3"

highlevel:
    ballroom:
        all:
            ChaChaCha: 0.0941087454557
            Jive: 0.0874486714602
            Quickstep: 0.0107028689235
            Rumba-American: 0.00410594651476
            Rumba-International: 0.0586424283683
            Rumba-Misc: 0.00950256828219
            Samba: 0.711836338043
            Tango: 0.00327907130122
            VienneseWaltz: 0.0130103351548
            Waltz: 0.00736304465681
        probability: 0.711836338043
        value: "Samba"
    culture:
        all:
            non_western: 0.904308795929
            western: 0.0956911891699
        probability: 0.904308795929
        value: "non_western"
    gender:
        all:
            female: 0.826214849949
            male: 0.173785164952
        probability: 0.826214849949
        value: "female"
    genre_dortmund:
        all:
            alternative: 0.0619464628398
            blues: 0.0786139219999
            electronic: 0.0476804487407
            folkcountry: 0.0458233505487
            funksoulrnb: 0.0120353922248
            jazz: 0.222862154245
            pop: 0.0818402469158
            raphiphop: 0.0594817884266
            rock: 0.389716237783
        probability: 0.389716237783
        value: "rock"
    genre_electronica:
        all:
            ambient: 0.20101621747
            dnb: 0.588871836662
            house: 0.0435471348464
            techno: 0.0554405972362
            trance: 0.111124187708
        probability: 0.588871836662
        value: "dnb"
    genre_rosamerica:
        all:
            cla: 0.0754420161247
            dan: 0.300313949585
            hip: 0.265414535999
            jaz: 0.0511949881911
            pop: 0.0615692548454
            rhy: 0.131177768111
            roc: 0.100588187575
            spe: 0.0142993098125
        probability: 0.300313949585
        value: "dan"
    genre_tzanetakis:
        all:
            blu: 0.00777224591002
            cla: 0.0141611192375
            cou: 0.0352730117738
            dis: 0.153912752867
            hip: 0.360266298056
            jaz: 0.049497872591
            met: 0.128982111812
            pop: 0.152796790004
            reg: 0.0611702427268
            roc: 0.0361675620079
        probability: 0.360266298056
        value: "hip"
    live_studio:
        all:
            live: 0.272195070982
            studio: 0.72780495882
        probability: 0.72780495882
        value: "studio"
    mood:
        all:
            Cluster1: 0.284647166729
            Cluster2: 0.0616639629006
            Cluster3: 0.049087498337
            Cluster4: 0.0432694144547
            Cluster5: 0.561331987381
        probability: 0.561331987381
        value: "Cluster5"
    mood_acoustic:
        all:
            acoustic: 0.18398141861
            not_acoustic: 0.81601858139
        probability: 0.81601858139
        value: "not_acoustic"
    mood_aggressive:
        all:
            aggressive: 0.722267150879
            not_aggressive: 0.277732878923
        probability: 0.722267150879
        value: "aggressive"
    mood_electronic:
        all:
            electronic: 0.835177958012
            not_electronic: 0.164822012186
        probability: 0.835177958012
        value: "electronic"
    mood_happy:
        all:
            happy: 0.216523230076
            not_happy: 0.783476769924
        probability: 0.783476769924
        value: "not_happy"
    mood_party:
        all:
            not_party: 0.535886645317
            party: 0.464113354683
        probability: 0.535886645317
        value: "not_party"
    mood_relaxed:
        all:
            not_relaxed: 0.814297378063
            relaxed: 0.185702636838
        probability: 0.814297378063
        value: "not_relaxed"
    mood_sad:
        all:
            not_sad: 0.655821621418
            sad: 0.344178378582
        probability: 0.655821621418
        value: "not_sad"
    rhythm:
        all:
            fast: 0.902501285076
            medium: 0.0891370326281
            slow: 0.00836168322712
        probability: 0.902501285076
        value: "fast"
    speech_music:
        all:
            music: 0.997212290764
            speech: 0.00278770574369
        probability: 0.997212290764
        value: "music"
    timbre:
        all:
            bright: 0.42783048749
            dark: 0.572169542313
        probability: 0.572169542313
        value: "dark"
    voice_instrumental:
        all:
            instrumental: 0.892295837402
            voice: 0.107704170048
        probability: 0.892295837402
        value: "instrumental"

lowlevel:
    average_loudness: 0.961744606495
    barkbands_kurtosis:
        dmean: 1.7561455965
        dmean2: 3.12211370468
        dvar: 6.95174646378
        dvar2: 18.8755874634
        max: 16.5650367737
        mean: -0.0353880599141
        min: -1.86352097988
        var: 6.5392665863
    barkbands_skewness:
        dmean: 0.72455394268
        dmean2: 1.19252586365
        dvar: 0.46735933423
        dvar2: 1.17467212677
        max: 4.04733848572
        mean: 0.798808097839
        min: -2.50780153275
        var: 0.912904143333
    barkbands_spread:
        dmean: 7.5888171196
        dmean2: 12.976808548
        dvar: 53.5245666504
        dvar2: 146.94909668
        max: 62.3006134033
        mean: 35.2431144714
        min: 8.029961586
        var: 100.723838806
    dissonance:
        dmean: 0.0138718318194
        dmean2: 0.0215640924871
        dvar: 0.000430905842222
        dvar2: 0.000601889041718
        max: 0.498631834984
        mean: 0.465634286404
        min: 0.112028107047
        var: 0.000730524596293
    hfc:
        dmean: 1.17144477367
        dmean2: 1.82584488392
        dvar: 2.26026177406
        dvar2: 5.366938591
        max: 14.7028970718
        mean: 3.479190588
        min: 0.00319483084604
        var: 4.01825761795
    pitch:
        dmean: 1055.56201172
        dmean2: 2077.84375
        dvar: 2085304.625
        dvar2: 4910431
        max: 4009.09082031
        mean: 1774.94116211
        min: 78.60962677
        var: 2492266.5
    pitch_instantaneous_confidence:
        dmean: 0.0839576870203
        dmean2: 0.136822193861
        dvar: 0.00462414557114
        dvar2: 0.0111370282248
        max: 0.810815691948
        mean: 0.459818989038
        min: 0.215885400772
        var: 0.0133818499744
    pitch_salience:
        dmean: 0.0902820676565
        dmean2: 0.157132148743
        dvar: 0.0057246289216
        dvar2: 0.0148889524862
        max: 0.887532532215
        mean: 0.555925726891
        min: 0.265821874142
        var: 0.0099284844473
    silence_rate_20dB:
        dmean: 0
        dmean2: 0
        dvar: 0
        dvar2: 0
        max: 1
        mean: 1
        min: 1
        var: 0
    silence_rate_30dB:
        dmean: 0
        dmean2: 0
        dvar: 0
        dvar2: 0
        max: 1
        mean: 1
        min: 1
        var: 0
    silence_rate_60dB:
        dmean: 0.221198156476
        dmean2: 0.44341802597
        dvar: 0.172269016504
        dvar2: 0.297606498003
        max: 1
        mean: 0.613793075085
        min: 0
        var: 0.237050369382
    spectral_centroid:
        dmean: 378.797607422
        dmean2: 615.627624512
        dvar: 113946.84375
        dvar2: 277268.875
        max: 3045.82885742
        mean: 1201.37890625
        min: 278.323547363
        var: 280848.59375
    spectral_complexity:
        dmean: 2.22453713417
        dmean2: 3.72389793396
        dvar: 4.07227230072
        dvar2: 10.1673774719
        max: 20
        mean: 7.75750589371
        min: 0
        var: 9.32917308807
    spectral_crest:
        dmean: 2.81696605682
        dmean2: 4.77295446396
        dvar: 5.75499343872
        dvar2: 14.4180660248
        max: 21.5898914337
        mean: 8.99343967438
        min: 3.69957494736
        var: 10.8096084595
    spectral_decrease:
        dmean: 5.51047707464e-10
        dmean2: 9.45387323981e-10
        dvar: 7.7915740132e-19
        dvar2: 2.11017517255e-18
        max: -3.44953449485e-13
        mean: -8.6051327175e-10
        min: -6.72271482927e-09
        var: 6.6972864411e-19
    spectral_energy:
        dmean: 0.00215381546877
        dmean2: 0.00366709451191
        dvar: 1.16438350233e-05
        dvar2: 3.15460638376e-05
        max: 0.0261308439076
        mean: 0.00356334703974
        min: 1.59171622727e-06
        var: 1.022340075e-05
    spectral_energyband_high:
        dmean: 7.21261749277e-05
        dmean2: 0.000117070012493
        dvar: 2.65474948691e-08
        dvar2: 7.16957160307e-08
        max: 0.0017855813494
        mean: 0.000115702277981
        min: 1.28765066165e-07
        var: 2.69748650084e-08
    spectral_energyband_low:
        dmean: 0.000880560430232
        dmean2: 0.00160919688642
        dvar: 3.28349324263e-06
        dvar2: 9.02556894289e-06
        max: 0.0105753932148
        mean: 0.000660828140099
        min: 2.97820861306e-07
        var: 2.18359582504e-06
    spectral_energyband_middle_high:
        dmean: 0.000271983473795
        dmean2: 0.000408869032981
        dvar: 7.12356751364e-08
        dvar2: 1.49812564132e-07
        max: 0.00328033929691
        mean: 0.000894953031093
        min: 8.70862891134e-07
        var: 2.06195949204e-07
    spectral_energyband_middle_low:
        dmean: 0.00136428431142
        dmean2: 0.0023729687091
        dvar: 4.56264069726e-06
        dvar2: 1.23944819279e-05
        max: 0.0149780502543
        mean: 0.0018918600399
        min: 2.59847894313e-07
        var: 4.33723289461e-06
    spectral_flatness_db:
        dmean: 0.0257803462446
        dmean2: 0.0422626957297
        dvar: 0.000472368847113
        dvar2: 0.00138827145565
        max: 0.261228322983
        mean: 0.171750456095
        min: 0.0650316998363
        var: 0.000925601751078
    spectral_flux:
        dmean: 0.0133831631392
        dmean2: 0.0210434291512
        dvar: 0.000284484383883
        dvar2: 0.000536852923688
        max: 0.123974747956
        mean: 0.0374801196158
        min: 0.0129439318553
        var: 0.000420899130404
    spectral_kurtosis:
        dmean: 1.22979867458
        dmean2: 1.90783143044
        dvar: 1.2904907465
        dvar2: 3.02542543411
        max: 11.783449173
        mean: 4.77909469604
        min: -0.164107084274
        var: 3.77874326706
    spectral_rms:
        dmean: 0.000480469694594
        dmean2: 0.000781378766987
        dvar: 3.54477407427e-07
        dvar2: 9.19266540222e-07
        max: 0.00504910945892
        mean: 0.00174504111055
        min: 3.94067756133e-05
        var: 4.31268318835e-07
    spectral_rolloff:
        dmean: 714.034362793
        dmean2: 1246.87792969
        dvar: 753490.6875
        dvar2: 1945663.75
        max: 4500.43945312
        mean: 2625.11206055
        min: 172.265625
        var: 1051640
    spectral_skewness:
        dmean: 0.171703249216
        dmean2: 0.27877047658
        dvar: 0.0237045958638
        dvar2: 0.059807151556
        max: 2.44254422188
        mean: 1.69435465336
        min: 0.709589064121
        var: 0.0813746377826
    spectral_spread:
        dmean: 794771.4375
        dmean2: 1040092.3125
        dvar: 715310366720
        dvar2: 1.02273371341e+12
        max: 19386278
        mean: 5320295.5
        min: 2865458.75
        var: 2.36573058662e+12
    spectral_strongpeak:
        dmean: 0.190015777946
        dmean2: 0.338103443384
        dvar: 0.151357427239
        dvar2: 0.41080018878
        max: 3.15961647034
        mean: 0.254374176264
        min: 0
        var: 0.109871782362
    zerocrossingrate:
        dmean: 0.0113084577024
        dmean2: 0.0145917925984
        dvar: 0.000102273828816
        dvar2: 0.000131396896904
        max: 0.14208984375
        mean: 0.0777833163738
        min: 0.015625
        var: 0.000503473391291
    barkbands:
        dmean: [7.78567752491e-08, 0.000139753959957, 0.000756801629905, 0.000935453630518, 0.00046353135258, 8.67547933012e-05, 7.15525457053e-05, 2.40571753238e-05, 4.14286914747e-05, 2.28205444728e-05, 1.99198730115e-05, 2.05356755032e-05, 1.3391981156e-05, 1.83466709132e-05, 1.69860231836e-05, 3.65344203601e-05, 9.6994699561e-05, 7.94660663814e-05, 0.0001331341482, 6.23941014055e-05, 3.62472856068e-05, 3.99447662858e-06, 1.04770924736e-06, 1.79742175987e-06, 2.00029921871e-06, 8.13666858335e-08, 7.5697420554e-10]
        dmean2: [1.19076453586e-07, 0.000258522923104, 0.00137956999242, 0.00165652506985, 0.000828110903967, 0.000131706081447, 9.93157809717e-05, 3.62785576726e-05, 5.68889154238e-05, 3.53956347681e-05, 3.07456830342e-05, 3.26540975948e-05, 1.99340847757e-05, 2.9488126529e-05, 2.7892376238e-05, 6.21337094344e-05, 0.00016500359925, 0.000126690269099, 0.000218060071347, 0.000107772466436, 6.02616310061e-05, 6.48658124192e-06, 1.55281350089e-06, 2.41291490966e-06, 2.60733395407e-06, 1.15492092334e-07, 1.17832976709e-09]
        dvar: [5.9884436548e-14, 9.59186152727e-08, 2.40435656451e-06, 2.26068232223e-06, 5.08572611579e-07, 2.72070206364e-08, 1.16595746391e-08, 2.91943136332e-09, 2.3107835645e-08, 3.01729596863e-09, 4.79760342564e-10, 6.19333473395e-10, 5.21839127465e-10, 9.74578306945e-10, 4.16991302599e-10, 1.47531264982e-09, 1.67959086639e-08, 5.62810376081e-09, 2.37447306262e-08, 1.69515583792e-08, 6.20713969113e-09, 3.65609764685e-11, 3.17805916132e-12, 2.22629293473e-11, 9.19986135883e-12, 1.49249949693e-14, 7.97113656078e-17]
        dvar2: [1.46014642976e-13, 2.68838363127e-07, 6.62710272081e-06, 6.11948553342e-06, 1.40080555866e-06, 5.67826212716e-08, 2.69718398727e-08, 5.81079495632e-09, 2.73639475523e-08, 6.32259755662e-09, 1.18049237052e-09, 1.46688183822e-09, 9.51654199888e-10, 2.09615014235e-09, 1.00052743868e-09, 3.61444851826e-09, 4.73063543893e-08, 1.32399007313e-08, 5.52805481391e-08, 4.64968579195e-08, 1.66963669557e-08, 8.86627785079e-11, 7.58603162926e-12, 2.4928451664e-11, 1.46465357204e-11, 3.16161451132e-14, 2.00433446013e-16]
        max: [3.27565203406e-06, 0.00156695744954, 0.0100710447878, 0.00980675593019, 0.00501711200923, 0.00267812237144, 0.00150546198711, 0.000775326334406, 0.00309557444416, 0.000794706691522, 0.000198407287826, 0.000234669001657, 0.000300329586025, 0.000479082227685, 0.000281894084765, 0.000397383177187, 0.00178421183955, 0.000782625807915, 0.00196561031044, 0.00129768718034, 0.000842112349346, 5.75522535655e-05, 1.9993432943e-05, 9.89742402453e-05, 5.07883196406e-05, 1.23506663385e-06, 1.32694665922e-07]
        mean: [7.78204523044e-08, 9.96309099719e-05, 0.000561124295928, 0.000896879646461, 0.000576785882004, 0.000167596881511, 0.000143054567161, 3.50793234247e-05, 6.79792428855e-05, 3.39318285114e-05, 3.46033957612e-05, 3.44546278939e-05, 2.00586218853e-05, 2.71835215244e-05, 2.82424443867e-05, 5.84212211834e-05, 0.000173195439856, 0.000166497382452, 0.000274176039966, 9.7452000773e-05, 5.37683554285e-05, 5.63725097891e-06, 1.48533558786e-06, 2.82288829112e-06, 3.09098709295e-06, 1.1929473942e-07, 4.57903548412e-10]
        min: [3.45715955863e-11, 1.43633172911e-07, 1.18570383734e-07, 1.04615160978e-07, 1.12414369369e-07, 2.6394534558e-08, 8.41339264923e-09, 2.62718913291e-09, 4.70608796377e-09, 3.99270794205e-09, 3.89354770647e-09, 1.15268665724e-08, 4.14339176302e-08, 8.93442546612e-08, 3.11592316393e-08, 1.39358576234e-07, 6.52629097431e-08, 1.11796467195e-07, 3.47477453033e-07, 6.22158609076e-08, 3.75009605591e-08, 6.29805929631e-11, 8.74884886759e-11, 4.46187886638e-09, 6.44681286133e-09, 2.18382134598e-09, 1.20197146507e-13]
        var: [4.01137930923e-14, 6.01593228566e-08, 1.59951878231e-06, 1.89164813946e-06, 4.4907380925e-07, 7.00742646131e-08, 3.91961982871e-08, 5.17396037125e-09, 7.18026385016e-08, 5.72017855305e-09, 9.74236802342e-10, 1.02284714032e-09, 1.03661290662e-09, 1.59005997258e-09, 8.32074631418e-10, 2.5796573766e-09, 2.09654373862e-08, 1.28366375307e-08, 4.75605936856e-08, 1.55621648901e-08, 6.31570618026e-09, 6.24077872713e-11, 5.17389733487e-12, 6.24759480261e-11, 2.37622491128e-11, 2.62470709229e-14, 4.05229793302e-17]
    mfcc:
        mean: [-753.903442383, 126.07837677, -43.500831604, 63.9950408936, 14.7060756683, -30.8019676208, 23.0860023499, -15.9270420074, -0.202937781811, -14.024518013, -14.4812402725, 3.21870350838, -16.5463829041]
        cov: [[1248.11938477, -347.91986084, 217.527236938, -50.9328536987, -5.73736047745, 56.3533859253, -10.0113592148, 32.9776306152, 14.3420057297, 89.4099731445, -8.23073768616, 2.00820064545, -5.15581846237], [-347.91986084, 664.26751709, -180.102127075, 40.9430236816, 80.4819030762, -163.630966187, 101.255805969, -67.1593704224, 55.4273147583, -26.8085861206, -25.2717857361, 72.3319091797, -43.3860206604], [217.527236938, -180.102127075, 315.12387085, -62.2081604004, 49.0856437683, 62.7293281555, -44.3018074036, 93.7938919067, -89.6412963867, 109.997772217, -61.9602394104, -22.9864959717, 40.0862808228], [-50.9328536987, 40.9430236816, -62.2081604004, 227.557250977, -13.7604379654, 74.139831543, 6.38920497894, -51.5821609497, 109.826026917, -105.550674438, 92.1052703857, -12.3620061874, 2.52610659599], [-5.73736047745, 80.4819030762, 49.0856437683, -13.7604379654, 173.431167603, -45.6455039978, 79.4086837769, 6.34975242615, -17.9042453766, 80.9877319336, -75.6576461792, 54.2344398499, -8.20444202423], [56.3533859253, -163.630966187, 62.7293281555, 74.139831543, -45.6455039978, 278.959381104, -45.2049865723, 112.231018066, 8.35817432404, -15.6450376511, 87.5953216553, -94.6117630005, 41.0528106689], [-10.0113592148, 101.255805969, -44.3018074036, 6.38920497894, 79.4086837769, -45.2049865723, 260.296600342, -42.0179481506, 100.908004761, -25.4284324646, -30.259349823, 71.4940795898, -61.0356178284], [32.9776306152, -67.1593704224, 93.7938919067, -51.5821609497, 6.34975242615, 112.231018066, -42.0179481506, 224.367660522, -86.7102584839, 114.962303162, -20.1544876099, -52.7694244385, 64.8684463501], [14.3420057297, 55.4273147583, -89.6412963867, 109.826026917, -17.9042453766, 8.35817432404, 100.908004761, -86.7102584839, 208.529266357, -98.2462692261, 94.1910629272, 14.1481056213, -62.330909729], [89.4099731445, -26.8085861206, 109.997772217, -105.550674438, 80.9877319336, -15.6450376511, -25.4284324646, 114.962303162, -98.2462692261, 217.492980957, -67.3358078003, 18.4042835236, 26.813167572], [-8.23073768616, -25.2717857361, -61.9602394104, 92.1052703857, -75.6576461792, 87.5953216553, -30.259349823, -20.1544876099, 94.1910629272, -67.3358078003, 182.830184937, -14.6164989471, 12.4403676987], [2.00820064545, 72.3319091797, -22.9864959717, -12.3620061874, 54.2344398499, -94.6117630005, 71.4940795898, -52.7694244385, 14.1481056213, 18.4042835236, -14.6164989471, 117.661933899, -4.79455947876], [-5.15581846237, -43.3860206604, 40.0862808228, 2.52610659599, -8.20444202423, 41.0528106689, -61.0356178284, 64.8684463501, -62.330909729, 26.813167572, 12.4403676987, -4.79455947876, 96.1762313843]]
        icov: [[0.00107358337846, 0.000453247310361, -0.000572469667532, 6.23361556791e-05, 0.000305323803332, -4.31260850746e-05, 4.85731106892e-05, 0.000126817030832, -0.000639544508886, -0.000468706944957, 0.000170522500412, -0.000372200505808, 0.000164307333762], [0.000453247310361, 0.00251019396819, 0.000922869192436, -0.000670044333674, -0.00107056531124, 0.00148748699576, -0.000224710311159, -0.00083872792311, -4.64418590127e-05, 0.000104018850834, -0.000237542393734, -1.25906508401e-05, 0.000457452319097], [-0.000572469667532, 0.000922869192436, 0.00555205484852, 0.000281863118289, -0.00150154239964, -0.0010064644739, 0.00043456061394, -0.000106752217107, 0.000251280551311, -0.00112200458534, 0.00131685566157, 0.000397293042624, -0.0009614439914], [6.23361556791e-05, -0.000670044333674, 0.000281863118289, 0.00925125181675, -0.0028205991257, -0.00272063282318, 0.00200345157646, 0.00109459622763, -0.00442037731409, 0.00296423397958, -0.00052699551452, -0.000289549905574, -0.00284302281216], [0.000305323803332, -0.00107056531124, -0.00150154239964, -0.0028205991257, 0.0125946132466, -0.00130645395257, -0.00298433145508, 0.00208073365502, 0.000192899940885, -0.00547414179891, 0.00404741847888, -0.0027281595394, -0.000440286239609], [-4.31260850746e-05, 0.00148748699576, -0.0010064644739, -0.00272063282318, -0.00130645395257, 0.00998982973397, -0.00170359504409, -0.00443461630493, 0.00164868950378, 0.00154683634173, -0.00473729753867, 0.00526486430317, 0.000206437165616], [4.85731106892e-05, -0.000224710311159, 0.00043456061394, 0.00200345157646, -0.00298433145508, -0.00170359504409, 0.00888207834214, -0.00227261218242, -0.00523457396775, 0.00262538669631, 0.00297839194536, -0.00528564397246, 0.00253650522791], [0.000126817030832, -0.00083872792311, -0.000106752217107, 0.00109459622763, 0.00208073365502, -0.00443461630493, -0.00227261218242, 0.0125414812937, 0.000520565197803, -0.00649673957378, 0.0013597268844, 0.00396553846076, -0.006016143132], [-0.000639544508886, -4.64418590127e-05, 0.000251280551311, -0.00442037731409, 0.000192899940885, 0.00164868950378, -0.00523457396775, 0.000520565197803, 0.0154776992276, 0.00100161519367, -0.00714932801202, 0.00162804464344, 0.0063533927314], [-0.000468706944957, 0.000104018850834, -0.00112200458534, 0.00296423397958, -0.00547414179891, 0.00154683634173, 0.00262538669631, -0.00649673957378, 0.00100161519367, 0.01264666114, -0.00142669747584, -0.00287968269549, 0.00249669817276], [0.000170522500412, -0.000237542393734, 0.00131685566157, -0.00052699551452, 0.00404741847888, -0.00473729753867, 0.00297839194536, 0.0013597268844, -0.00714932801202, -0.00142669747584, 0.0138306207955, -0.00387187604792, -0.00351026863791], [-0.000372200505808, -1.25906508401e-05, 0.000397293042624, -0.000289549905574, -0.0027281595394, 0.00526486430317, -0.00528564397246, 0.00396553846076, 0.00162804464344, -0.00287968269549, -0.00387187604792, 0.0185947008431, -0.00540694221854], [0.000164307333762, 0.000457452319097, -0.0009614439914, -0.00284302281216, -0.000440286239609, 0.000206437165616, 0.00253650522791, -0.006016143132, 0.0063533927314, 0.00249669817276, -0.00351026863791, -0.00540694221854, 0.0202359557152]]
    spectral_contrast:
        mean: [-2.68152064109e-07, -3.69087644003e-07, 2.45026026136e-08, -7.04862770817e-07, 1.51042030438e-07, -1.37310934178e-07, 2.22849780585e-06, 1.19987043945e-06, -2.55212489719e-06, 6.92955609338e-07, -4.69679116577e-06, 8.30335352475e-07]
        var: [0.000509782868903, 0.000740404590033, 0.0011518165702, 0.00275172432885, 0.00381243694574, 0.0054776398465, 0.0457850135863, 0.0803112387657, 0.12198985368, 0.336755722761, 0.500738024712, 0.915291666985]

rhythm:
    beats_loudness:
        dmean: 0.00329096522182
        dmean2: 0.00612691836432
        dvar: 6.66246160108e-06
        dvar2: 2.04954885703e-05
        max: 0.0121777802706
        mean: 0.0043971054256
        min: 0.00126793747768
        var: 7.69305006543e-06
    beats_loudness_bass:
        dmean: 0.216939389706
        dmean2: 0.361883729696
        dvar: 0.0325459204614
        dvar2: 0.0780207589269
        max: 0.718093633652
        mean: 0.354903072119
        min: 0.0668902769685
        var: 0.0363550297916
    bpm: 118.072746277
    bpm_confidence: 0
    first_peak_bpm: 117
    first_peak_spread: 0.411764681339
    first_peak_weight: 0.555555582047
    onset_rate: 4.95871114731
    second_peak_bpm: 71
    second_peak_spread: 0
    second_peak_weight: 0.0555555559695
    beats_position: [0.170759856701, 0.682305335999, 1.19385075569, 1.70539629459, 2.2169418335, 2.72848725319, 3.24003243446, 3.75157809258, 4.26312351227, 4.77466917038, 5.28621435165, 6.12916278839, 6.63181877136, 7.1344742775, 7.63712978363, 8.13978481293, 8.6424407959, 9.1450958252, 9.64775180817]
    bpm_estimates: [117.412284851, 118.13973999, 116.894294739, 116.608695984, 117.414810181, 118.360427856, 119.608474731, 120.143241882]
    bpm_intervals: [0.511545479298, 0.511545419693, 0.511545538902, 0.511545538902, 0.511545419693, 0.511545181274, 0.511545658112, 0.511545419693, 0.511545658112, 0.511545181274, 0.842948436737, 0.502655982971, 0.502655506134, 0.502655506134, 0.502655029297, 0.502655982971, 0.502655029297, 0.502655982971]
    onset_times: [0.0580498874187, 0.139319732785, 0.336689352989, 0.522448956966, 0.812698423862, 1.20743763447, 1.39319729805, 1.55573701859, 1.70666670799, 2.04335594177, 2.20589566231, 2.3916554451, 2.54258513451, 2.73995471001, 2.90249443054, 3.09986400604, 3.26240372658, 3.45977330208, 3.59909296036, 3.79646253586, 3.94739222527, 4.12154197693, 4.29569149017, 4.446621418, 4.79492044449, 4.95746040344, 5.15482997894, 5.30575942993, 5.64244890213, 6.00235843658, 6.18811798096, 6.32743787766, 6.67573690414, 6.86149644852, 7.02403640747, 7.18657588959, 7.33750581741, 7.59292507172, 7.73224496841, 8.01088428497, 8.12698459625, 8.37079334259, 8.71909332275, 8.893242836, 9.05578231812, 9.24154186249, 9.38086128235, 9.57823085785, 9.74077129364, 9.91492080688]
    rubato_start: []
    rubato_stop: []
    perceptual_tempo: "unknown"

sfx:
    inharmonicity:
        dmean: 0.0531752295792
        dmean2: 0.0949183031917
        dvar: 0.00454131141305
        dvar2: 0.0122566167265
        max: 0.436913877726
        mean: 0.0517468601465
        min: 0
        var: 0.00413191644475
    oddtoevenharmonicenergyratio:
        dmean: 3.40243220329
        dmean2: 6.34277534485
        dvar: 90.3472518921
        dvar2: 253.547134399
        max: 110.264541626
        mean: 2.15832710266
        min: 0
        var: 55.9640617371
    pitch_after_max_to_before_max_energy_ratio: 66.392906189
    pitch_centroid: 225.32131958
    pitch_max_to_total: 0.025404157117
    pitch_min_to_total: 0.249422639608
    tristimulus:
        dmean: [0.234803125262, 0.287018507719, 0.134946137667]
        dmean2: [0.409064024687, 0.49472796917, 0.240567684174]
        dvar: [0.0430540069938, 0.0579409860075, 0.0211279746145]
        dvar2: [0.110726580024, 0.155495479703, 0.0568429604173]
        max: [1, 0.969715476036, 0.738674640656]
        mean: [0.382233887911, 0.374234557152, 0.118250004947]
        min: [0.00332169816829, 0, 0]
        var: [0.0652528628707, 0.0801494121552, 0.0222465246916]

tonal:
    chords_changes_rate: 0.0366972461343
    chords_number_rate: 0.0183486230671
    chords_strength:
        dmean: 0.00878587458283
        dmean2: 0.0109993573278
        dvar: 4.99181951454e-05
        dvar2: 7.68347308622e-05
        max: 0.768758416176
        mean: 0.469515532255
        min: 0.292867153883
        var: 0.0180779080838
    key_strength: 0.640052616596
    tuning_diatonic_strength: 0.526728510857
    tuning_equal_tempered_deviation: 0.176453396678
    tuning_frequency: 445.112548828
    tuning_nontempered_energy_ratio: 0.790556669235
    hpcp:
        dmean: [0.0998702123761, 0.0989969298244, 0.203216180205, 0.245087638497, 0.202553108335, 0.162839710712, 0.147469505668, 0.142940059304, 0.172021716833, 0.170462653041, 0.139113038778, 0.103300765157, 0.111168824136, 0.106615208089, 0.101154483855, 0.110881820321, 0.136499792337, 0.150249898434, 0.180885672569, 0.24785271287, 0.24234752357, 0.214906916022, 0.280557274818, 0.267963588238, 0.219489395618, 0.195458218455, 0.113923437893, 0.069355532527, 0.092147782445, 0.128197610378, 0.144482329488, 0.155950412154, 0.18341177702, 0.166523054242, 0.139715611935, 0.124864690006]
        dmean2: [0.17772129178, 0.167637467384, 0.359122306108, 0.422274857759, 0.358238995075, 0.300916671753, 0.273301541805, 0.271658658981, 0.318546742201, 0.302747994661, 0.240382358432, 0.187969312072, 0.210081040859, 0.200014486909, 0.1779653579, 0.181180968881, 0.24364335835, 0.262873291969, 0.313864916563, 0.4477237463, 0.436627268791, 0.383027821779, 0.5090893507, 0.484967023134, 0.37985214591, 0.347919970751, 0.20953156054, 0.125638112426, 0.163253977895, 0.224880412221, 0.248396322131, 0.262557625771, 0.3257124722, 0.302429705858, 0.254620045424, 0.228307500482]
        dvar: [0.0203222744167, 0.022434219718, 0.0498614832759, 0.0707084834576, 0.0506487153471, 0.0531918480992, 0.063296765089, 0.0489794127643, 0.0706261172891, 0.0423176623881, 0.0387558415532, 0.0259658079594, 0.039277266711, 0.032380823046, 0.0293485336006, 0.0257913246751, 0.0495321527123, 0.0453603677452, 0.0612806864083, 0.0860379710793, 0.0662718713284, 0.0672790035605, 0.0885539725423, 0.0742566660047, 0.0572571419179, 0.0531859919429, 0.0326697006822, 0.0158410966396, 0.0197924301028, 0.0292513780296, 0.024789409712, 0.0348724499345, 0.0486603826284, 0.0417965874076, 0.0359808653593, 0.0449820943177]
        dvar2: [0.0543068349361, 0.0630441755056, 0.130562886596, 0.16636878252, 0.14569747448, 0.141797795892, 0.173061937094, 0.13980589807, 0.22842925787, 0.121302425861, 0.0941570177674, 0.0705509111285, 0.120708331466, 0.0947314724326, 0.0794709250331, 0.0669195502996, 0.137270316482, 0.11561576277, 0.162745654583, 0.2269923985, 0.166994586587, 0.171529024839, 0.224448785186, 0.192399993539, 0.144792541862, 0.132493376732, 0.0870115160942, 0.0463277623057, 0.0537911839783, 0.0782456025481, 0.0597161315382, 0.0869273245335, 0.134988427162, 0.127803385258, 0.105333410203, 0.127088695765]
        max: [0.786242961884, 1, 1, 1, 1, 1, 1, 1, 1, 1, 1, 1, 1, 0.972104609013, 1, 1, 1, 1, 1, 1, 1, 1, 1, 1, 1, 1, 1, 1, 0.827693879604, 0.958804011345, 1, 1, 1, 1, 1, 1]
        mean: [0.104626514018, 0.108734741807, 0.284038096666, 0.42723813653, 0.283040046692, 0.142758697271, 0.113795138896, 0.107357889414, 0.14021293819, 0.204873263836, 0.180475577712, 0.103720001876, 0.0885816439986, 0.0859850496054, 0.0993486046791, 0.1227677688, 0.12662974, 0.157239183784, 0.194898784161, 0.216449573636, 0.224486097693, 0.225960865617, 0.250042498112, 0.280941963196, 0.304931908846, 0.219237044454, 0.100119240582, 0.0650818869472, 0.0842574983835, 0.125435039401, 0.16827429831, 0.2019764781, 0.200772702694, 0.169173464179, 0.133275657892, 0.116876065731]
        min: [0.00272184191272, 0.00386470556259, 0.0025792196393, 0.0029803942889, 0, 0.00150563335046, 0.00181495340075, 0.00155493430793, 0.00294407713227, 0.00843671429902, 0.00599184632301, 0.003322891891, 0.00237620389089, 0.00230086315423, 2.40615850089e-06, 0, 0, 0, 0, 0, 0.00511608785018, 0.0077262474224, 0.00921687483788, 0.000757446570788, 0, 0, 0, 0.00199835258536, 0.00147840718273, 0.0017769386759, 0.00699056079611, 0.00714516825974, 0.00450330227613, 0.00635834690183, 0.00424794014543, 0.00271614012308]
        var: [0.0168031249195, 0.0183299258351, 0.072357468307, 0.146090343595, 0.0705661401153, 0.0495222434402, 0.04364066571, 0.0345998108387, 0.0490934327245, 0.0587947666645, 0.0657266974449, 0.0218095313758, 0.0248674415052, 0.0211982354522, 0.0232187435031, 0.0268343016505, 0.0393098033965, 0.0519503057003, 0.0773443430662, 0.0809516832232, 0.0714412033558, 0.0732609927654, 0.087551407516, 0.0843239426613, 0.0919493064284, 0.0647004693747, 0.0262698922306, 0.0113537870347, 0.0166671071202, 0.0294181834906, 0.0365977361798, 0.0518666282296, 0.0506622381508, 0.0387441962957, 0.0316854864359, 0.0322367623448]
    chords_histogram: [30.2752285004, 0, 0.458715587854, 0, 0, 0, 22.9357795715, 0, 0, 0, 0, 0, 0, 0, 0, 0, 0, 0, 0, 14.6788988113, 0, 31.6513767242, 0, 0]
    thpcp: [1, 0.66248780489, 0.334143161774, 0.266350597143, 0.251283496618, 0.328184515238, 0.479529440403, 0.422423839569, 0.242768600583, 0.207335531712, 0.201257899404, 0.232536837459, 0.287352085114, 0.296391457319, 0.368036389351, 0.4561830163, 0.506625115871, 0.525435507298, 0.52888739109, 0.585253238678, 0.657576978207, 0.713728189468, 0.513149499893, 0.234340593219, 0.152331635356, 0.197214365005, 0.293595135212, 0.393865346909, 0.472749173641, 0.469931602478, 0.395969957113, 0.311947017908, 0.273561865091, 0.244890391827, 0.25450617075, 0.664823830128]
    chords_key: "F"
    chords_scale: "minor"
    key_key: "D#"
    key_scale: "major"
    chords_progression: ["Fm", "Fm", "Fm", "Fm", "Fm", "Fm", "Fm", "Fm", "Fm", "Fm", "Fm", "Fm", "Fm", "Fm", "Fm", "Fm", "Fm", "Fm", "Fm", "Fm", "Fm", "Fm", "Fm", "Fm", "Fm", "Fm", "Fm", "Fm", "Fm", "Fm", "Fm", "Fm", "Fm", "Fm", "Fm", "Fm", "Fm", "Fm", "Fm", "Fm", "Fm", "Fm", "Fm", "Fm", "Fm", "Fm", "Fm", "Fm", "Fm", "Fm", "Fm", "Fm", "Fm", "Fm", "Fm", "A#m", "Fm", "A#m", "A#m", "A#m", "A#m", "A#m", "A#m", "A#m", "A#m", "A#m", "A#m", "A#m", "A#m", "A#m", "A#m", "A#m", "A#m", "A#m", "A#m", "A#m", "A#m", "A#m", "A#m", "A#m", "A#m", "A#m", "A#m", "A#m", "A#m", "A#m", "A#m", "A#m", "Fm", "Fm", "Fm", "Fm", "A#", "Fm", "Fm", "Fm", "Fm", "Fm", "Fm", "Fm", "Fm", "Fm", "D#", "D#", "D#", "D#", "D#", "D#", "D#", "D#", "D#", "D#", "D#", "D#", "D#", "D#", "D#", "D#", "D#", "D#", "D#", "D#", "D#", "D#", "D#", "D#", "D#", "D#", "D#", "D#", "D#", "D#", "D#", "D#", "D#", "D#", "D#", "D#", "D#", "D#", "D#", "D#", "D#", "D#", "D#", "D#", "D#", "D#", "D#", "D#", "D#", "D#", "D#", "D#", "D#", "D#", "D#", "D#", "D#", "D#", "D#", "D#", "D#", "D#", "D#", "D#", "D#", "D#", "C", "C", "C", "C", "C", "C", "C", "C", "C", "C", "C", "C", "C", "C", "C", "C", "C", "C", "C", "C", "C", "C", "C", "C", "C", "C", "C", "C", "C", "C", "C", "C", "C", "C", "C", "C", "C", "C", "C", "C", "C", "C", "C", "C", "C", "C", "C", "C", "C", "C"]
