
metadata:
    version:
        essentia: "1.2.2"
    audio_properties:
        analysis_sample_rate: 44100
        bitrate: 128
        channels: 2
        equal_loudness: 1
        length: 10.0048980713
        replay_gain: -13.8362922668
        downmix: "mix"
    tags:
        track: 4
        year: 0
        album: "Splitted by Mp3Splt v. 2.1"
        artist: "From 000.30 To 000.40"
        comment: "http://mp3splt.sf.net"
        genre: ""
        title: "09 Epistrophy [Incomplete Take"

highlevel:
    ballroom:
        all:
            ChaChaCha: 0.0343327783048
            Jive: 0.182332128286
            Quickstep: 0.244759723544
            Rumba-American: 0.0160446502268
            Rumba-International: 0.056534525007
            Rumba-Misc: 0.00517630111426
            Samba: 0.0778159871697
            Tango: 0.213827550411
            VienneseWaltz: 0.110457211733
            Waltz: 0.0587191469967
        probability: 0.244759723544
        value: "Quickstep"
    culture:
        all:
            non_western: 0.0633944496512
            western: 0.936605572701
        probability: 0.936605572701
        value: "western"
    gender:
        all:
            female: 0.571589827538
            male: 0.42841014266
        probability: 0.571589827538
        value: "female"
    genre_dortmund:
        all:
            alternative: 0.00262503954582
            blues: 0.0545129515231
            electronic: 0.00104457186535
            folkcountry: 0.016274727881
            funksoulrnb: 0.016516212374
            jazz: 0.8992446661
            pop: 0.00496992655098
            raphiphop: 0.000674329407047
            rock: 0.00413758400828
        probability: 0.8992446661
        value: "jazz"
    genre_electronica:
        all:
            ambient: 0.57520622015
            dnb: 0.165150761604
            house: 0.153521984816
            techno: 0.0459765456617
            trance: 0.0601445175707
        probability: 0.57520622015
        value: "ambient"
    genre_rosamerica:
        all:
            cla: 0.0509705282748
            dan: 0.0138288643211
            hip: 0.0611430816352
            jaz: 0.731417000294
            pop: 0.0294640194625
            rhy: 0.0644587874413
            roc: 0.0301562268287
            spe: 0.0185614805669
        probability: 0.731417000294
        value: "jaz"
    genre_tzanetakis:
        all:
            blu: 0.09712549299
            cla: 0.0148278875276
            cou: 0.155647695065
            dis: 0.0487537607551
            hip: 0.0628234669566
            jaz: 0.414645314217
            met: 0.025098240003
            pop: 0.0499679371715
            reg: 0.0643185824156
            roc: 0.0667916312814
        probability: 0.414645314217
        value: "jaz"
    live_studio:
        all:
            live: 0.715383172035
            studio: 0.284616827965
        probability: 0.715383172035
        value: "live"
    mood:
        all:
            Cluster1: 0.0468354038894
            Cluster2: 0.504766821861
            Cluster3: 0.12570053339
            Cluster4: 0.220843479037
            Cluster5: 0.101853772998
        probability: 0.504766821861
        value: "Cluster2"
    mood_acoustic:
        all:
            acoustic: 0.0363421551883
            not_acoustic: 0.963657855988
        probability: 0.963657855988
        value: "not_acoustic"
    mood_aggressive:
        all:
            aggressive: 0.0343969650567
            not_aggressive: 0.96560305357
        probability: 0.96560305357
        value: "not_aggressive"
    mood_electronic:
        all:
            electronic: 0.405406028032
            not_electronic: 0.594593942165
        probability: 0.594593942165
        value: "not_electronic"
    mood_happy:
        all:
            happy: 0.402098089457
            not_happy: 0.597901880741
        probability: 0.597901880741
        value: "not_happy"
    mood_party:
        all:
            not_party: 0.5
            party: 0.5
        probability: 0.5
        value: "not_party"
    mood_relaxed:
        all:
            not_relaxed: 0.393780916929
            relaxed: 0.606219112873
        probability: 0.606219112873
        value: "relaxed"
    mood_sad:
        all:
            not_sad: 0.812073528767
            sad: 0.187926501036
        probability: 0.812073528767
        value: "not_sad"
    rhythm:
        all:
            fast: 0.19156140089
            medium: 0.284416884184
            slow: 0.524021744728
        probability: 0.524021744728
        value: "slow"
    speech_music:
        all:
            music: 0.999502718449
            speech: 0.000497270841151
        probability: 0.999502718449
        value: "music"
    timbre:
        all:
            bright: 0.549887299538
            dark: 0.450112700462
        probability: 0.549887299538
        value: "bright"
    voice_instrumental:
        all:
            instrumental: 0.999999165535
            voice: 8.08480422165e-07
        probability: 0.999999165535
        value: "instrumental"

lowlevel:
    average_loudness: 0.972157895565
    barkbands_kurtosis:
        dmean: 1.85183858871
        dmean2: 2.98406744003
        dvar: 20.5208377838
        dvar2: 36.5694198608
        max: 86.5802459717
        mean: 1.5475217104
        min: -1.94283771515
        var: 57.443572998
    barkbands_skewness:
        dmean: 0.59408646822
        dmean2: 0.917211353779
        dvar: 0.532397568226
        dvar2: 1.13797056675
        max: 4.39339256287
        mean: -0.365771979094
        min: -7.73944139481
        var: 2.32530593872
    barkbands_spread:
        dmean: 6.65136194229
        dmean2: 10.7283554077
        dvar: 54.1862220764
        dvar2: 131.676177979
        max: 71.334777832
        mean: 30.0209159851
        min: 0.758139550686
        var: 183.099304199
    dissonance:
        dmean: 0.0141360424459
        dmean2: 0.0237664040178
        dvar: 0.000250860117376
        dvar2: 0.000571096665226
        max: 0.498360425234
        mean: 0.463681995869
        min: 0.308386594057
        var: 0.000498751411214
    hfc:
        dmean: 2.75842785835
        dmean2: 3.90316176414
        dvar: 20.4685344696
        dvar2: 37.9697761536
        max: 60.5891227722
        mean: 9.17227172852
        min: 0.0632408037782
        var: 75.8195495605
    pitch:
        dmean: 522.996643066
        dmean2: 1024.59326172
        dvar: 1251925.875
        dvar2: 2689021.25
        max: 4900
        mean: 1535.13085938
        min: 106.779663086
        var: 2530746
    pitch_instantaneous_confidence:
        dmean: 0.0890069007874
        dmean2: 0.138486579061
        dvar: 0.00965930800885
        dvar2: 0.0195309258997
        max: 0.967829704285
        mean: 0.692025363445
        min: 0.246168255806
        var: 0.0344387963414
    pitch_salience:
        dmean: 0.0677711516619
        dmean2: 0.10626809299
        dvar: 0.00406165095046
        dvar2: 0.00887712929398
        max: 0.85940515995
        mean: 0.585607588291
        min: 0.267884671688
        var: 0.0166331324726
    silence_rate_20dB:
        dmean: 0
        dmean2: 0
        dvar: 0
        dvar2: 0
        max: 1
        mean: 1
        min: 1
        var: 0
    silence_rate_30dB:
        dmean: 0
        dmean2: 0
        dvar: 0
        dvar2: 0
        max: 1
        mean: 1
        min: 1
        var: 0
    silence_rate_60dB:
        dmean: 0.120649650693
        dmean2: 0.241860464215
        dvar: 0.106093548238
        dvar2: 0.206620201468
        max: 1
        mean: 0.462962955236
        min: 0
        var: 0.248627737164
    spectral_centroid:
        dmean: 336.759094238
        dmean2: 524.730895996
        dvar: 163977.9375
        dvar2: 310208.40625
        max: 4208.99804688
        mean: 1989.21826172
        min: 272.851379395
        var: 628919
    spectral_complexity:
        dmean: 1.82325577736
        dmean2: 2.91142201424
        dvar: 3.9873611927
        dvar2: 7.82433223724
        max: 22
        mean: 8.12993049622
        min: 0
        var: 17.1617794037
    spectral_crest:
        dmean: 2.2172369957
        dmean2: 3.4921438694
        dvar: 4.43544149399
        dvar2: 11.4116106033
        max: 23.0995807648
        mean: 9.67405700684
        min: 4.18581914902
        var: 11.5804662704
    spectral_decrease:
        dmean: 2.41654141142e-10
        dmean2: 3.28490040724e-10
        dvar: 9.23855924928e-20
        dvar2: 1.69891007097e-19
        max: -1.35914023092e-11
        mean: -8.96839769116e-10
        min: -3.02260283469e-09
        var: 4.10494039997e-19
    spectral_energy:
        dmean: 0.00113556836732
        dmean2: 0.00154516438488
        dvar: 2.21980485549e-06
        dvar2: 4.04455977332e-06
        max: 0.0169036239386
        mean: 0.00421683164313
        min: 5.7033248595e-05
        var: 9.78010757535e-06
    spectral_energyband_high:
        dmean: 9.89684413071e-05
        dmean2: 0.000145102094393
        dvar: 2.76281610923e-08
        dvar2: 6.45848814429e-08
        max: 0.00206087250262
        mean: 0.000236865264014
        min: 4.62256457467e-06
        var: 6.95037698506e-08
    spectral_energyband_low:
        dmean: 0.000144872858073
        dmean2: 0.000195397253265
        dvar: 7.42772954254e-08
        dvar2: 1.26280014001e-07
        max: 0.00290180463344
        mean: 0.000195301036001
        min: 2.42532394168e-07
        var: 1.49851075548e-07
    spectral_energyband_middle_high:
        dmean: 0.000805907184258
        dmean2: 0.00113890203647
        dvar: 1.84927512237e-06
        dvar2: 3.26408098772e-06
        max: 0.0161489825696
        mean: 0.00260962871835
        min: 9.34510626394e-06
        var: 7.67765868659e-06
    spectral_energyband_middle_low:
        dmean: 0.000435172958532
        dmean2: 0.000642447150312
        dvar: 4.54981403664e-07
        dvar2: 9.88922579381e-07
        max: 0.00665857642889
        mean: 0.00117503257934
        min: 7.16623435437e-06
        var: 1.32160505473e-06
    spectral_flatness_db:
        dmean: 0.0205652844161
        dmean2: 0.0310228150338
        dvar: 0.00040217343485
        dvar2: 0.000845357135404
        max: 0.379309117794
        mean: 0.212125837803
        min: 0.132612273097
        var: 0.00146484351717
    spectral_flux:
        dmean: 0.0119652748108
        dmean2: 0.0187075380236
        dvar: 0.000181729526957
        dvar2: 0.000403233541874
        max: 0.0931431055069
        mean: 0.0285095665604
        min: 0.00666121765971
        var: 0.000295312638627
    spectral_kurtosis:
        dmean: 1.49417281151
        dmean2: 2.67176675797
        dvar: 2.52003026009
        dvar2: 8.10861587524
        max: 12.9783725739
        mean: 3.34889411926
        min: -0.230281591415
        var: 4.61917591095
    spectral_rms:
        dmean: 0.000291925505735
        dmean2: 0.000391067878809
        dvar: 1.15956410696e-07
        dvar2: 1.92648528241e-07
        max: 0.00406095292419
        mean: 0.0018661771901
        min: 0.000235885978327
        var: 6.31367242931e-07
    spectral_rolloff:
        dmean: 406.776947021
        dmean2: 702.56439209
        dvar: 588616.3125
        dvar2: 1590543.375
        max: 5555.56640625
        mean: 3357.57739258
        min: 258.3984375
        var: 842184.3125
    spectral_skewness:
        dmean: 0.211324647069
        dmean2: 0.362471461296
        dvar: 0.0404022522271
        dvar2: 0.118971310556
        max: 2.19332408905
        mean: 1.1467859745
        min: 0.332120209932
        var: 0.114331133664
    spectral_spread:
        dmean: 478393.4375
        dmean2: 715737.875
        dvar: 509461790720
        dvar2: 696806539264
        max: 16913704
        mean: 4554619
        min: 2558414.25
        var: 1.52831184077e+12
    spectral_strongpeak:
        dmean: 0.886414408684
        dmean2: 1.38634169102
        dvar: 1.78431212902
        dvar2: 3.59169721603
        max: 10.6305360794
        mean: 1.98643648624
        min: 0.0167569927871
        var: 5.05608606339
    zerocrossingrate:
        dmean: 0.0113735469058
        dmean2: 0.0128375859931
        dvar: 0.00011529315816
        dvar2: 0.000145271158544
        max: 0.1748046875
        mean: 0.10355527699
        min: 0.02197265625
        var: 0.00088690960547
    barkbands:
        dmean: [2.03794243703e-08, 3.40802907886e-05, 0.000116951399832, 6.12069998169e-05, 0.000143560333527, 0.000180719565833, 0.000118420175568, 3.76790922019e-05, 5.34712562512e-05, 9.38826906349e-06, 1.62098240253e-05, 9.44657949731e-06, 1.15357479444e-05, 1.00162969829e-05, 2.68405947281e-05, 0.000133751585963, 0.000208460274735, 0.000194109947188, 0.000333702046191, 0.000134676112793, 5.82149368711e-05, 2.45635164902e-05, 6.46146554573e-06, 1.1900114032e-06, 4.74353043955e-07, 6.91122226115e-09, 8.57407367327e-10]
        dmean2: [2.20553673103e-08, 5.12199549121e-05, 0.000159121234901, 0.000110075518023, 0.000235908009927, 0.000256210973021, 0.000172704108991, 5.41594890819e-05, 6.28150810371e-05, 1.33898738568e-05, 2.13053353946e-05, 1.44536288644e-05, 1.7083100829e-05, 1.3431984371e-05, 3.90410677937e-05, 0.000178747184691, 0.000287903036224, 0.000289117509965, 0.000498339766636, 0.00021812452178, 8.37321495055e-05, 3.98463853344e-05, 1.08967733468e-05, 1.79479241069e-06, 7.29960959234e-07, 9.77574909911e-09, 1.06530750887e-09]
        dvar: [1.34211909707e-13, 1.05835127329e-08, 4.48772148331e-08, 9.12168900413e-08, 7.81670053129e-08, 1.31276436832e-07, 7.66803012198e-08, 5.50149836798e-09, 2.14016928624e-08, 8.95061635919e-10, 2.27414886922e-09, 6.25510587771e-10, 1.03126807094e-09, 3.70047825715e-10, 4.16958467753e-09, 8.62487539166e-08, 1.56032569976e-07, 2.26228976885e-07, 5.8671230363e-07, 9.42478592947e-08, 1.14184910416e-08, 3.470183918e-09, 2.26841490036e-10, 7.69470511613e-12, 9.87693433985e-13, 2.52983833282e-16, 1.64091470942e-16]
        dvar2: [1.34219892145e-13, 2.30015686498e-08, 8.26188539804e-08, 2.71338848279e-07, 2.09470613299e-07, 2.42678169116e-07, 1.49305620312e-07, 1.07750999234e-08, 2.6635978756e-08, 1.55851864747e-09, 3.60217100592e-09, 1.34672994978e-09, 1.60632196433e-09, 6.5191912979e-10, 8.41242986382e-09, 1.40144138072e-07, 2.66457533371e-07, 3.96235634526e-07, 1.18304399166e-06, 2.3863370302e-07, 2.61508770194e-08, 8.73665761958e-09, 6.01559468905e-10, 1.70415886264e-11, 2.17532133799e-12, 3.50087531537e-16, 1.64324735874e-16]
        max: [7.62337049309e-06, 0.00118904793635, 0.00189241324551, 0.00334301777184, 0.00256243906915, 0.00435897801071, 0.00341106299311, 0.000898846541531, 0.00274994643405, 0.00036506089964, 0.000812592857983, 0.000274285004707, 0.000339551392244, 0.000293479650281, 0.000884582637809, 0.0032710172236, 0.00368636008352, 0.00806172564626, 0.0136592891067, 0.00423858454451, 0.00142938818317, 0.000786063086707, 0.000129139749333, 4.91613500344e-05, 1.16684095701e-05, 2.73289742836e-07, 2.66495391088e-07]
        mean: [2.16376854212e-08, 4.16491602664e-05, 0.000153639077325, 5.66454946238e-05, 0.00023154943483, 0.000413325265981, 0.000287667906377, 8.07368851383e-05, 0.000104318023659, 2.03811796382e-05, 3.56742275471e-05, 1.7977976313e-05, 2.50677276199e-05, 2.54392471106e-05, 6.41605583951e-05, 0.00035057333298, 0.000552253273781, 0.000415105139837, 0.000888445181772, 0.00027774067712, 0.000127728650114, 3.53420546162e-05, 8.59393730934e-06, 2.03149807021e-06, 7.57199018153e-07, 1.00107051537e-08, 8.09393163603e-10]
        min: [8.20322716005e-12, 3.40465149407e-08, 1.55568784521e-07, 3.38935208788e-08, 1.4751043409e-06, 7.11205188964e-07, 2.37378003476e-07, 1.26512318843e-07, 7.42834984635e-08, 3.03366469723e-08, 2.13640003466e-08, 8.1090716364e-09, 3.61881440369e-08, 1.08659776288e-07, 1.24120361988e-07, 1.22752737752e-07, 1.10655651042e-06, 2.29142824537e-06, 1.40622410072e-06, 2.53141865869e-06, 2.82202108792e-07, 1.0038301923e-07, 3.95603585446e-08, 2.15907594026e-08, 4.9051092077e-09, 6.78519185282e-11, 5.00309666471e-15]
        var: [1.34446598819e-13, 1.34728050938e-08, 8.6982268499e-08, 5.23947782938e-08, 1.01667446017e-07, 4.3497627189e-07, 2.84235937897e-07, 1.61416426891e-08, 8.33267392863e-08, 2.65125432719e-09, 8.4197608885e-09, 1.34547373243e-09, 4.00679400769e-09, 1.90655535803e-09, 2.12050252912e-08, 3.66486204939e-07, 7.34919638035e-07, 4.64516830334e-07, 1.14655131256e-06, 1.43725671364e-07, 3.03577678551e-08, 4.35147429201e-09, 2.41425573977e-10, 1.14588625047e-11, 1.50000563186e-12, 2.96838646489e-16, 1.64277381439e-16]
    mfcc:
        mean: [-755.654663086, 80.4521408081, -36.06300354, 83.6440963745, -13.6207513809, -21.8066482544, -11.1780366898, -5.03877878189, -12.0555486679, -4.93113327026, -2.49657416344, -6.17695426941, 0.788651704788]
        cov: [[2568.15673828, 140.221130371, -846.030639648, -332.678619385, 17.210641861, -157.918792725, -178.644317627, 22.0631084442, 69.9739532471, 32.3279914856, -162.644836426, 216.716079712, 212.543151855], [140.221130371, 954.284362793, -48.1335296631, -226.653045654, 22.253276825, -56.4925918579, -15.581278801, -47.7579803467, -50.4107589722, -32.6664924622, -76.6684494019, 2.27435350418, 7.98952960968], [-846.030639648, -48.1335296631, 1022.48815918, 120.429862976, -100.802627563, 199.350692749, 130.607574463, -10.6914243698, 31.7063179016, -26.1502513885, 144.817871094, -165.458572388, -118.879051208], [-332.678619385, -226.653045654, 120.429862976, 315.321594238, 86.3725509644, 77.4720993042, 73.7053375244, 47.5653839111, 19.1326847076, 38.9176177979, 71.2352371216, -15.6976919174, -56.9926490784], [17.210641861, 22.253276825, -100.802627563, 86.3725509644, 216.924713135, 50.798160553, 8.88070964813, 39.7682876587, 14.7619333267, 4.0916762352, -13.8661689758, 12.5714120865, 4.32879114151], [-157.918792725, -56.4925918579, 199.350692749, 77.4720993042, 50.798160553, 154.707778931, 65.6845703125, 18.7709598541, 35.6441307068, -4.81363105774, 23.995595932, -16.265329361, -26.1670246124], [-178.644317627, -15.581278801, 130.607574463, 73.7053375244, 8.88070964813, 65.6845703125, 131.227050781, 30.597869873, -11.3791341782, -6.64265346527, 19.5280723572, -27.3759765625, -22.7257843018], [22.0631084442, -47.7579803467, -10.6914243698, 47.5653839111, 39.7682876587, 18.7709598541, 30.597869873, 70.7889633179, 28.4495296478, 17.3736286163, 9.54275226593, 5.7635679245, 6.06422710419], [69.9739532471, -50.4107589722, 31.7063179016, 19.1326847076, 14.7619333267, 35.6441307068, -11.3791341782, 28.4495296478, 92.9170303345, 28.9191684723, 10.8052759171, 26.6814002991, 15.3555088043], [32.3279914856, -32.6664924622, -26.1502513885, 38.9176177979, 4.0916762352, -4.81363105774, -6.64265346527, 17.3736286163, 28.9191684723, 75.3928375244, 31.5250320435, 37.1319656372, 13.2383623123], [-162.644836426, -76.6684494019, 144.817871094, 71.2352371216, -13.8661689758, 23.995595932, 19.5280723572, 9.54275226593, 10.8052759171, 31.5250320435, 103.123382568, 4.86010074615, -17.1599712372], [216.716079712, 2.27435350418, -165.458572388, -15.6976919174, 12.5714120865, -16.265329361, -27.3759765625, 5.7635679245, 26.6814002991, 37.1319656372, 4.86010074615, 141.679382324, 79.7947463989], [212.543151855, 7.98952960968, -118.879051208, -56.9926490784, 4.32879114151, -26.1670246124, -22.7257843018, 6.06422710419, 15.3555088043, 13.2383623123, -17.1599712372, 79.7947463989, 121.159233093]]
        icov: [[0.000665587256663, 1.3926619431e-06, 0.000442887132522, 0.000491433020215, 0.000124894548208, -0.000220702582737, 0.000222065005801, -0.0003630159772, -0.000452744832728, -7.18493829481e-05, 0.000176008892595, -0.000158222901518, -0.000299918319797], [1.3926619431e-06, 0.00152854993939, -0.000446607969934, 0.00144637620542, -0.00116669852287, 0.000889977265615, -0.000836151477415, 0.00063742545899, 0.000408505875384, -0.000597336795181, 0.000817236024886, -0.000786320539191, 0.000831185374409], [0.000442887132522, -0.000446607969934, 0.00311369425617, -6.99117736076e-05, 0.00181499356404, -0.00314819975756, -0.000343654712196, 0.000744055490941, -0.0015850039199, 0.000929264817387, -0.0034080890473, 0.00305603374727, -0.000967776984908], [0.000491433020215, 0.00144637620542, -6.99117736076e-05, 0.00745566608384, -0.00302825937979, 8.26792020234e-05, -0.00252409023233, -0.000765703676734, 0.000135399997816, -0.00260196416639, -0.00175246188883, -0.00115448737051, 0.0029512452893], [0.000124894548208, -0.00116669852287, 0.00181499356404, -0.00302825937979, 0.00837139971554, -0.00489308778197, 0.00280665559694, -0.00374301616102, 0.000776795845013, 0.00117643002886, 0.000182993899216, 0.00142296974082, -0.00156611262355], [-0.000220702582737, 0.000889977265615, -0.00314819975756, 8.26792020234e-05, -0.00489308778197, 0.0155049171299, -0.00614421488717, 0.00293420790695, -0.00535771623254, 0.00189203722402, 0.0018546229694, -0.00337128108367, 0.00245781592093], [0.000222065005801, -0.000836151477415, -0.000343654712196, -0.00252409023233, 0.00280665559694, -0.00614421488717, 0.0146422274411, -0.00781781226397, 0.00586509564891, 0.000681494653691, 0.000651470851153, 0.000591900548898, -0.00126379774883], [-0.0003630159772, 0.00063742545899, 0.000744055490941, -0.000765703676734, -0.00374301616102, 0.00293420790695, -0.00781781226397, 0.0237952265888, -0.00791225302964, -0.00198653945699, -0.00145220104605, 0.00243211211637, -0.00151289068162], [-0.000452744832728, 0.000408505875384, -0.0015850039199, 0.000135399997816, 0.000776795845013, -0.00535771623254, 0.00586509564891, -0.00791225302964, 0.0190509557724, -0.00532327825204, 0.0024025128223, -0.00251274858601, -0.000250619224971], [-7.18493829481e-05, -0.000597336795181, 0.000929264817387, -0.00260196416639, 0.00117643002886, 0.00189203722402, 0.000681494653691, -0.00198653945699, -0.00532327825204, 0.021444529295, -0.00614307168871, -0.0031592620071, -1.07263040263e-05], [0.000176008892595, 0.000817236024886, -0.0034080890473, -0.00175246188883, 0.000182993899216, 0.0018546229694, 0.000651470851153, -0.00145220104605, 0.0024025128223, -0.00614307168871, 0.0183957219124, -0.00477238325402, 0.00217314367183], [-0.000158222901518, -0.000786320539191, 0.00305603374727, -0.00115448737051, 0.00142296974082, -0.00337128108367, 0.000591900548898, 0.00243211211637, -0.00251274858601, -0.0031592620071, -0.00477238325402, 0.0168566443026, -0.00911873206496], [-0.000299918319797, 0.000831185374409, -0.000967776984908, 0.0029512452893, -0.00156611262355, 0.00245781592093, -0.00126379774883, -0.00151289068162, -0.000250619224971, -1.07263040263e-05, 0.00217314367183, -0.00911873206496, 0.0159353185445]]
    spectral_contrast:
        mean: [2.12644067688e-07, 3.21005927617e-07, -2.97409542327e-07, -7.75007293896e-08, 3.35600248036e-07, 1.93438509655e-07, 3.46627462022e-06, 2.12557620216e-06, -1.17826353119e-07, -9.28089946228e-07, 2.90417062843e-07, 2.76518539977e-06]
        var: [0.000505845819134, 0.00161293917336, 0.00212438497692, 0.00438009481877, 0.0063143777661, 0.0174485296011, 0.0384385921061, 0.0929702818394, 0.114642947912, 0.275842428207, 0.480079799891, 1.28511464596]

rhythm:
    beats_loudness:
        dmean: 0.00335198664106
        dmean2: 0.00610097683966
        dvar: 6.51394202578e-06
        dvar2: 1.77247329702e-05
        max: 0.00956646353006
        mean: 0.00443838816136
        min: 0.00108200241812
        var: 8.21327375888e-06
    beats_loudness_bass:
        dmean: 0.130858689547
        dmean2: 0.225256949663
        dvar: 0.022470081225
        dvar2: 0.0582505650818
        max: 0.593246161938
        mean: 0.0997940972447
        min: 0.00251345103607
        var: 0.0203572288156
    bpm: 95.5551300049
    bpm_confidence: 0
    first_peak_bpm: 115
    first_peak_spread: 0
    first_peak_weight: 0.625
    onset_rate: 4.09799289703
    second_peak_bpm: 96
    second_peak_spread: 0
    second_peak_weight: 0.3125
    beats_position: [0.556087613106, 1.07705640793, 1.59802520275, 2.11899399757, 2.63996291161, 3.16093182564, 3.68190050125, 4.20286893845, 4.72383785248, 5.24480628967, 5.7657752037, 6.57867145538, 7.20658493042, 7.83449888229, 8.46241188049, 9.09032535553, 9.71823978424]
    bpm_estimates: [95.5572052002, 95.1708831787, 95.7748413086, 95.7176055908]
    bpm_intervals: [0.520968794823, 0.520968794823, 0.520968794823, 0.520968914032, 0.520968914032, 0.520968675613, 0.520968437195, 0.520968914032, 0.520968437195, 0.520968914032, 0.812896251678, 0.627913475037, 0.627913951874, 0.627912998199, 0.627913475037, 0.627914428711]
    onset_times: [0.0348299331963, 0.220589563251, 0.394739240408, 0.53405892849, 0.870748281479, 1.09133791924, 1.40480720997, 1.53251695633, 2.03174614906, 2.73995471001, 2.99537420273, 3.20435380936, 3.30884361267, 3.59909296036, 4.2492518425, 4.38857126236, 4.53950119019, 4.81814050674, 5.25931978226, 5.51473903656, 5.58439922333, 5.73532867432, 5.88625860214, 6.3622674942, 6.76861667633, 6.84988641739, 6.96598625183, 7.33750581741, 7.58131504059, 7.73224496841, 7.9644446373, 8.09215450287, 8.20825386047, 8.38240337372, 8.84680271149, 9.03256225586, 9.22993183136, 9.34603214264, 9.58984088898, 9.62467098236, 9.85687065125]
    rubato_start: [7.20658493042]
    rubato_stop: [9.71823978424]
    perceptual_tempo: "unknown"

sfx:
    inharmonicity:
        dmean: 0.0595078654587
        dmean2: 0.10448551923
        dvar: 0.00508123729378
        dvar2: 0.0133392848074
        max: 0.435442060232
        mean: 0.0623886883259
        min: 0
        var: 0.00607434101403
    oddtoevenharmonicenergyratio:
        dmean: 994.417297363
        dmean2: 1992.67224121
        dvar: 206967360
        dvar2: 621353600
        max: 211448.03125
        mean: 496.886505127
        min: 0
        var: 103489880
    pitch_after_max_to_before_max_energy_ratio: 1.89227998257
    pitch_centroid: 234.666488647
    pitch_max_to_total: 0.515081226826
    pitch_min_to_total: 0.696055710316
    tristimulus:
        dmean: [0.179215431213, 0.251999676228, 0.151998370886]
        dmean2: [0.315654724836, 0.452644407749, 0.272072225809]
        dvar: [0.0373486168683, 0.0646835565567, 0.0317258574069]
        dvar2: [0.100521601737, 0.169262602925, 0.0863868370652]
        max: [1, 0.989254057407, 0.867647469044]
        mean: [0.296452045441, 0.470965862274, 0.161365374923]
        min: [0.0021699750796, 0, 0]
        var: [0.0521693974733, 0.0777095109224, 0.0392338559031]

tonal:
    chords_changes_rate: 0.129032254219
    chords_number_rate: 0.0599078349769
    chords_strength:
        dmean: 0.0112600568682
        dmean2: 0.0115654049441
        dvar: 6.80672965245e-05
        dvar2: 0.000101440280559
        max: 0.549260497093
        mean: 0.391160607338
        min: 0.243082121015
        var: 0.00573524739593
    key_strength: 0.449962466955
    tuning_diatonic_strength: 0.382575064898
    tuning_equal_tempered_deviation: 0.203422412276
    tuning_frequency: 440
    tuning_nontempered_energy_ratio: 0.853905797005
    hpcp:
        dmean: [0.137282982469, 0.197520986199, 0.185157999396, 0.173940345645, 0.123792916536, 0.0860716924071, 0.108921915293, 0.106739982963, 0.0861594974995, 0.0960858389735, 0.0874088779092, 0.0684445202351, 0.0924439951777, 0.0919810906053, 0.0716918855906, 0.0819570571184, 0.0713748633862, 0.0653289705515, 0.0970216915011, 0.0920037329197, 0.0940020158887, 0.147192999721, 0.120226867497, 0.05126613006, 0.0750837028027, 0.0879715308547, 0.102406404912, 0.155882611871, 0.152978256345, 0.0910124629736, 0.0916378498077, 0.102583117783, 0.114957295358, 0.139521926641, 0.133494749665, 0.107205450535]
        dmean2: [0.224570125341, 0.33009493351, 0.30572733283, 0.295949429274, 0.203682497144, 0.15499587357, 0.185669586062, 0.184801355004, 0.148958086967, 0.163967713714, 0.136658146977, 0.113297052681, 0.148221880198, 0.152170225978, 0.126396819949, 0.147510588169, 0.124770201743, 0.109604269266, 0.154874742031, 0.153784126043, 0.162585303187, 0.236310422421, 0.193777710199, 0.0872913897038, 0.124821685255, 0.14793933928, 0.161993324757, 0.260721385479, 0.261420577765, 0.157895311713, 0.15485727787, 0.172003760934, 0.204605266452, 0.240518629551, 0.229665443301, 0.183059841394]
        dvar: [0.0346442870796, 0.0546697713435, 0.0441694706678, 0.0488395392895, 0.0322908610106, 0.020256459713, 0.0329667776823, 0.028945967555, 0.0215977467597, 0.0308910869062, 0.0266701467335, 0.0115351872519, 0.022363493219, 0.0287561155856, 0.0189835075289, 0.0321516431868, 0.015968054533, 0.00913260690868, 0.0294885374606, 0.0282589439303, 0.0278573464602, 0.0579680688679, 0.0446162968874, 0.0119993388653, 0.0252630934119, 0.0292956009507, 0.0210784897208, 0.0462787151337, 0.0407338701189, 0.0193753521889, 0.0232254303992, 0.028728865087, 0.0317045226693, 0.0391810499132, 0.0430610179901, 0.0252485871315]
        dvar2: [0.0663478150964, 0.108521915972, 0.0984859913588, 0.134194552898, 0.0809079110622, 0.066162340343, 0.0831387341022, 0.0694976821542, 0.0600123368204, 0.0711609050632, 0.0579661354423, 0.0306739471853, 0.0451158992946, 0.0677357837558, 0.0567217059433, 0.0880298167467, 0.0430703796446, 0.0214451439679, 0.061674810946, 0.0664017945528, 0.0727355480194, 0.102385692298, 0.0782488659024, 0.0330721735954, 0.0587213076651, 0.0597664229572, 0.0489101707935, 0.0978610664606, 0.0948322489858, 0.0543852522969, 0.0587501525879, 0.0783939436078, 0.0844941437244, 0.0960415825248, 0.109975412488, 0.0625378042459]
        max: [1, 1, 1, 1, 1, 1, 1, 1, 1, 1, 1, 0.802835226059, 1, 1, 0.968737363815, 1, 0.753658950329, 0.60988676548, 1, 1, 1, 1, 1, 0.856744527817, 1, 1, 1, 1, 1, 0.865904867649, 1, 1, 1, 1, 1, 1]
        mean: [0.271789908409, 0.326105237007, 0.295521885157, 0.27162244916, 0.186178162694, 0.114534527063, 0.21207934618, 0.190485954285, 0.0917943641543, 0.129425764084, 0.129526183009, 0.0942858159542, 0.153194725513, 0.143873915076, 0.0839450657368, 0.0931998044252, 0.0792550891638, 0.0985128432512, 0.181218013167, 0.145171076059, 0.125116810203, 0.267029315233, 0.218729481101, 0.0666901692748, 0.0889281108975, 0.120066143572, 0.13320851326, 0.259660243988, 0.250809758902, 0.110718369484, 0.113005109131, 0.130628794432, 0.15132714808, 0.210925146937, 0.174566105008, 0.16725820303]
        min: [0.00181138480548, 0.0032439189963, 0.00161415792536, 0.000443029304733, 0.000325535540469, 0.000908366229851, 0.00114902015775, 0.00146037142258, 0.000842743902467, 0.000324201886542, 0.000508205965161, 0.00354437762871, 0.00197934545577, 0.00170097080991, 0.000723580364138, 0, 0.000310891715344, 0.000679377699271, 0.000683590886183, 0.000570027623326, 0.000682834186591, 0.000640164071228, 0.000594818673562, 0.000281592248939, 0.000255373539403, 0.000652446353342, 0.000197563887923, 0, 0.000745231693145, 0.000839109299704, 0.000608040194493, 0.000653118710034, 0.00173411052674, 0.00156439142302, 0.000790402584244, 0.00109331530984]
        var: [0.102182745934, 0.0993117243052, 0.0861725062132, 0.0923974439502, 0.061751678586, 0.0215676799417, 0.0914143621922, 0.0701682940125, 0.0191037319601, 0.0611267797649, 0.0619515739381, 0.0140423551202, 0.0517662204802, 0.0529206693172, 0.0179607886821, 0.0365407727659, 0.0188905857503, 0.0164408180863, 0.0899936631322, 0.0549955703318, 0.0291736591607, 0.12825524807, 0.101840682328, 0.0120063126087, 0.0355188623071, 0.0501994378865, 0.0394982509315, 0.0871484056115, 0.085595689714, 0.0178562309593, 0.0298492852598, 0.0372563637793, 0.0389729104936, 0.0724539533257, 0.0559455938637, 0.0534344427288]
    chords_histogram: [7.8341012001, 5.0691242218, 7.37327194214, 5.5299539566, 15.6682024002, 3.68663597107, 8.75576019287, 7.8341012001, 0, 0, 0, 0, 0, 0, 0, 1.38248848915, 3.22580647469, 10.5990781784, 0, 0, 0, 0, 6.45161294937, 16.5898609161]
    thpcp: [1, 0.906216323376, 0.832928836346, 0.570914387703, 0.351219534874, 0.650340199471, 0.584124207497, 0.281486928463, 0.396883428097, 0.397191375494, 0.289126962423, 0.469770818949, 0.44118860364, 0.257417112589, 0.285796701908, 0.243035316467, 0.302089124918, 0.555704116821, 0.445166349411, 0.383670032024, 0.818844020367, 0.670732796192, 0.204505056143, 0.272697597742, 0.368182212114, 0.408483207226, 0.796246767044, 0.769106805325, 0.339517295361, 0.346529573202, 0.400572508574, 0.464043915272, 0.646800875664, 0.535306036472, 0.512896418571, 0.83344233036]
    chords_key: "F#"
    chords_scale: "minor"
    key_key: "A"
    key_scale: "major"
    chords_progression: ["Dm", "F#m", "F#m", "F#m", "F#m", "F#m", "F#m", "F#m", "F#m", "F#m", "F#m", "F#m", "F#m", "F#m", "F#m", "D#m", "D#m", "D#m", "D#m", "D#m", "D#m", "D#m", "F#m", "F#m", "F#m", "F#m", "F#m", "F#m", "F#m", "F#m", "F#m", "F#m", "F#m", "F#m", "F#m", "F#m", "F#m", "F#m", "F#m", "F#m", "F#m", "B", "B", "B", "B", "B", "B", "B", "B", "B", "B", "B", "B", "B", "B", "B", "B", "B", "B", "B", "B", "B", "B", "B", "B", "B", "B", "B", "B", "B", "B", "B", "B", "B", "B", "G#m", "G#m", "G#m", "G#m", "G#m", "G#m", "G#m", "G#m", "G#m", "G#m", "G#m", "G#m", "E", "E", "E", "E", "Am", "Am", "Am", "Am", "Am", "F#m", "A", "F#m", "F#m", "A", "A", "A", "A", "A", "A", "A", "A", "A", "Am", "Am", "Am", "Am", "Am", "Am", "Am", "A", "A", "A", "C#m", "C#m", "C#m", "C#m", "C#m", "C#m", "C#m", "C#m", "C#m", "C#m", "C#m", "A", "A", "A", "A", "A#m", "A#m", "A#m", "A#m", "A#m", "A#m", "A#m", "A#m", "A#m", "A#m", "A#m", "A#m", "A#m", "A#m", "A#m", "A#m", "A#m", "F#", "F#", "F#", "F#", "F#", "F#", "F#", "F#", "F#", "F", "F", "F", "F", "F", "F", "F", "F#", "F#", "F#", "F#", "F#", "F#", "F#", "F#", "F#", "E", "E", "E", "Dm", "Dm", "E", "E", "E", "E", "E", "E", "E", "E", "E", "Am", "Am", "Am", "Am", "Am", "Am", "Am", "Am", "Am", "Am", "D", "D", "Am", "D#m", "D", "D", "D", "D", "D", "D", "D", "D", "D", "D", "D", "D", "F#"]
