
metadata:
    version:
        essentia: "1.2.2"
    audio_properties:
        analysis_sample_rate: 44100
        bitrate: 128
        channels: 2
        equal_loudness: 1
        length: 10.0310201645
        replay_gain: -9.88489723206
        downmix: "mix"
    tags:
        track: 5
        year: 0
        album: "Splitted by Mp3Splt v. 2.1"
        artist: "From 000.40 To 000.50"
        comment: "http://mp3splt.sf.net"
        genre: ""
        title: "01 Track 1.mp3"

highlevel:
    ballroom:
        all:
            ChaChaCha: 0.0812629759312
            Jive: 0.0329693667591
            Quickstep: 0.484360873699
            Rumba-American: 0.0148706333712
            Rumba-International: 0.0256224628538
            Rumba-Misc: 0.152260109782
            Samba: 0.174741819501
            Tango: 0.00829073321074
            VienneseWaltz: 0.00586691498756
            Waltz: 0.0197541080415
        probability: 0.484360873699
        value: "Quickstep"
    culture:
        all:
            non_western: 0.13821823895
            western: 0.861781775951
        probability: 0.861781775951
        value: "western"
    gender:
        all:
            female: 0.608157336712
            male: 0.391842633486
        probability: 0.608157336712
        value: "female"
    genre_dortmund:
        all:
            alternative: 0.00375429983251
            blues: 0.0151343876496
            electronic: 0.114701233804
            folkcountry: 0.0065820501186
            funksoulrnb: 0.0350065268576
            jazz: 0.0461859963834
            pop: 0.0106393070891
            raphiphop: 0.756743431091
            rock: 0.0112527385354
        probability: 0.756743431091
        value: "raphiphop"
    genre_electronica:
        all:
            ambient: 0.784620344639
            dnb: 0.0360374823213
            house: 0.132364809513
            techno: 0.0405487194657
            trance: 0.00642865942791
        probability: 0.784620344639
        value: "ambient"
    genre_rosamerica:
        all:
            cla: 0.0203678533435
            dan: 0.0239935871214
            hip: 0.71825003624
            jaz: 0.0897398591042
            pop: 0.0168837755919
            rhy: 0.0960773006082
            roc: 0.0086077246815
            spe: 0.0260798558593
        probability: 0.71825003624
        value: "hip"
    genre_tzanetakis:
        all:
            blu: 0.00857529044151
            cla: 0.0133900623769
            cou: 0.00765711581334
            dis: 0.0135678630322
            hip: 0.264421492815
            jaz: 0.0108705135062
            met: 0.00314318086021
            pop: 0.0638328939676
            reg: 0.603999197483
            roc: 0.0105424113572
        probability: 0.603999197483
        value: "reg"
    live_studio:
        all:
            live: 0.939523100853
            studio: 0.0604769140482
        probability: 0.939523100853
        value: "live"
    mood:
        all:
            Cluster1: 0.114342756569
            Cluster2: 0.516093790531
            Cluster3: 0.0612131804228
            Cluster4: 0.282780796289
            Cluster5: 0.0255694855005
        probability: 0.516093790531
        value: "Cluster2"
    mood_acoustic:
        all:
            acoustic: 0.371594011784
            not_acoustic: 0.628405988216
        probability: 0.628405988216
        value: "not_acoustic"
    mood_aggressive:
        all:
            aggressive: 2.18067697233e-08
            not_aggressive: 1
        probability: 1
        value: "not_aggressive"
    mood_electronic:
        all:
            electronic: 0.716728448868
            not_electronic: 0.283271580935
        probability: 0.716728448868
        value: "electronic"
    mood_happy:
        all:
            happy: 0.123371332884
            not_happy: 0.876628696918
        probability: 0.876628696918
        value: "not_happy"
    mood_party:
        all:
            not_party: 0.306424796581
            party: 0.693575203419
        probability: 0.693575203419
        value: "party"
    mood_relaxed:
        all:
            not_relaxed: 0.296772629023
            relaxed: 0.70322740078
        probability: 0.70322740078
        value: "relaxed"
    mood_sad:
        all:
            not_sad: 0.566814482212
            sad: 0.433185517788
        probability: 0.566814482212
        value: "not_sad"
    rhythm:
        all:
            fast: 0.0689853727818
            medium: 0.770356237888
            slow: 0.16065838933
        probability: 0.770356237888
        value: "medium"
    speech_music:
        all:
            music: 0.316920548677
            speech: 0.683079481125
        probability: 0.683079481125
        value: "speech"
    timbre:
        all:
            bright: 0.0594781897962
            dark: 0.940521836281
        probability: 0.940521836281
        value: "dark"
    voice_instrumental:
        all:
            instrumental: 0.638895869255
            voice: 0.361104130745
        probability: 0.638895869255
        value: "instrumental"

lowlevel:
    average_loudness: 0.748375415802
    barkbands_kurtosis:
        dmean: 12.1601781845
        dmean2: 19.7247009277
        dvar: 1185.39660645
        dvar2: 3235.27856445
        max: 464.376647949
        mean: 12.8960447311
        min: -1.85617005825
        var: 1319.30566406
    barkbands_skewness:
        dmean: 1.33257651329
        dmean2: 1.95893037319
        dvar: 2.37802267075
        dvar2: 5.64809083939
        max: 18.2819786072
        mean: 1.06547498703
        min: -5.26699924469
        var: 7.83016967773
    barkbands_spread:
        dmean: 8.83245182037
        dmean2: 14.0424518585
        dvar: 101.959526062
        dvar2: 258.121490479
        max: 72.6175460815
        mean: 19.6796970367
        min: 0.19590935111
        var: 241.386047363
    dissonance:
        dmean: 0.0367480814457
        dmean2: 0.0589820556343
        dvar: 0.00158248236403
        dvar2: 0.00378348282538
        max: 0.499653249979
        mean: 0.43137550354
        min: 0.0539283975959
        var: 0.0054287193343
    hfc:
        dmean: 1.3773727417
        dmean2: 2.03077912331
        dvar: 8.97487926483
        dvar2: 17.9187107086
        max: 38.8821144104
        mean: 2.24459314346
        min: 0.00313042243943
        var: 19.341545105
    pitch:
        dmean: 665.46484375
        dmean2: 1263.92138672
        dvar: 1523624.375
        dvar2: 3710995.25
        max: 5512.5
        mean: 1022.11602783
        min: 63.0901298523
        var: 1679591.625
    pitch_instantaneous_confidence:
        dmean: 0.124468818307
        dmean2: 0.200380563736
        dvar: 0.0142343435436
        dvar2: 0.0356176607311
        max: 0.994192957878
        mean: 0.584771811962
        min: 0.167099118233
        var: 0.0418351404369
    pitch_salience:
        dmean: 0.0908881351352
        dmean2: 0.148180648685
        dvar: 0.00730026978999
        dvar2: 0.0172317195684
        max: 0.912087261677
        mean: 0.509875893593
        min: 0.0749709233642
        var: 0.0226846057922
    silence_rate_20dB:
        dmean: 0
        dmean2: 0
        dvar: 0
        dvar2: 0
        max: 1
        mean: 1
        min: 1
        var: 0
    silence_rate_30dB:
        dmean: 0
        dmean2: 0
        dvar: 0
        dvar2: 0
        max: 1
        mean: 1
        min: 1
        var: 0
    silence_rate_60dB:
        dmean: 0.0749414488673
        dmean2: 0.150234743953
        dvar: 0.0693257749081
        dvar2: 0.14174887538
        max: 1
        mean: 0.848130822182
        min: 0
        var: 0.128804504871
    spectral_centroid:
        dmean: 526.755371094
        dmean2: 849.094116211
        dvar: 754233.375
        dvar2: 1624182.875
        max: 6050.83447266
        mean: 1643.9005127
        min: 99.9114532471
        var: 1961777.25
    spectral_complexity:
        dmean: 0.98812353611
        dmean2: 1.58571434021
        dvar: 2.81933736801
        dvar2: 5.99502801895
        max: 19
        mean: 2.13270139694
        min: 0
        var: 8.35678005219
    spectral_crest:
        dmean: 3.20031642914
        dmean2: 5.13814544678
        dvar: 7.09069442749
        dvar2: 18.0135593414
        max: 26.7446327209
        mean: 12.2599229813
        min: 3.98459815979
        var: 24.7670249939
    spectral_decrease:
        dmean: 2.92586094242e-10
        dmean2: 4.06688543952e-10
        dvar: 4.749427059e-19
        dvar2: 9.26148326749e-19
        max: -5.21262449437e-13
        mean: -4.7855852614e-10
        min: -9.35277189029e-09
        var: 1.12215063405e-18
    spectral_energy:
        dmean: 0.00122137169819
        dmean2: 0.00169571838342
        dvar: 7.96943913883e-06
        dvar2: 1.55536799866e-05
        max: 0.0380961224437
        mean: 0.00200978084467
        min: 2.8530059808e-06
        var: 1.87909427041e-05
    spectral_energyband_high:
        dmean: 8.37643528939e-05
        dmean2: 0.000136678107083
        dvar: 2.63035069281e-08
        dvar2: 5.34499378091e-08
        max: 0.00233402545564
        mean: 9.51966139837e-05
        min: 9.58124459771e-08
        var: 4.40170317972e-08
    spectral_energyband_low:
        dmean: 0.000147861268488
        dmean2: 0.000277776882285
        dvar: 2.18396607465e-07
        dvar2: 6.22654226845e-07
        max: 0.00276831863448
        mean: 0.00011775924213
        min: 4.20752099828e-09
        var: 1.50476850536e-07
    spectral_energyband_middle_high:
        dmean: 0.000569546420593
        dmean2: 0.00080325716408
        dvar: 4.90438105771e-06
        dvar2: 9.98309951683e-06
        max: 0.0343357846141
        mean: 0.000765992153902
        min: 2.88112119051e-07
        var: 7.42798101783e-06
    spectral_energyband_middle_low:
        dmean: 0.000559526262805
        dmean2: 0.000750021194108
        dvar: 1.94107656171e-06
        dvar2: 2.65268772637e-06
        max: 0.0272353831679
        mean: 0.0010307575576
        min: 9.98951321662e-08
        var: 8.97199515748e-06
    spectral_flatness_db:
        dmean: 0.0393440909684
        dmean2: 0.0606835223734
        dvar: 0.00146817520726
        dvar2: 0.00327445007861
        max: 0.561359405518
        mean: 0.229884162545
        min: 0.0962524786592
        var: 0.00703521678224
    spectral_flux:
        dmean: 0.0111938323826
        dmean2: 0.0184017345309
        dvar: 0.000233800295973
        dvar2: 0.000523564813193
        max: 0.128594964743
        mean: 0.0235539227724
        min: 0.000844720110763
        var: 0.000521526904777
    spectral_kurtosis:
        dmean: 3.59033823013
        dmean2: 5.55264997482
        dvar: 105.733848572
        dvar2: 222.594070435
        max: 182.427215576
        mean: 6.64443063736
        min: -0.639379501343
        var: 258.005584717
    spectral_rms:
        dmean: 0.000353879615432
        dmean2: 0.000503279385157
        dvar: 2.62186460986e-07
        dvar2: 5.50938636934e-07
        max: 0.00609647016972
        mean: 0.000985222170129
        min: 5.27581323695e-05
        var: 9.90099124465e-07
    spectral_rolloff:
        dmean: 910.480163574
        dmean2: 1553.05725098
        dvar: 1812394
        dvar2: 3784169.5
        max: 7256.68945312
        mean: 2552.39916992
        min: 107.666015625
        var: 4270063
    spectral_skewness:
        dmean: 0.459833711386
        dmean2: 0.681934297085
        dvar: 0.406227499247
        dvar2: 0.732658743858
        max: 10.8041028976
        mean: 1.60073924065
        min: -0.109297893941
        var: 1.74694478512
    spectral_spread:
        dmean: 1217104.625
        dmean2: 1803316.25
        dvar: 2.15797163622e+12
        dvar2: 3.99658372301e+12
        max: 11443175
        mean: 5213850
        min: 591492.375
        var: 5.53854015898e+12
    spectral_strongpeak:
        dmean: 0.373284101486
        dmean2: 0.588265776634
        dvar: 0.562723517418
        dvar2: 1.53775203228
        max: 7.95486783981
        mean: 0.592989981174
        min: 0.00386476982385
        var: 0.861386477947
    zerocrossingrate:
        dmean: 0.0187646131963
        dmean2: 0.0224144347012
        dvar: 0.000492401246447
        dvar2: 0.000605425506365
        max: 0.279296875
        mean: 0.0885108113289
        min: 0.0078125
        var: 0.00361258233897
    barkbands:
        dmean: [5.08537084443e-07, 3.72685535694e-05, 0.000112304238428, 9.15008640732e-05, 7.83831637818e-05, 4.19858042733e-05, 0.000163943652296, 0.000242117472226, 8.1546138972e-05, 0.000324425112922, 3.48811445292e-05, 8.93753076525e-06, 1.22130659292e-05, 0.000110856090032, 5.10028403369e-05, 4.20499127358e-05, 8.91565650818e-05, 3.19220889651e-05, 4.91820974275e-05, 2.38830325543e-05, 2.88653391181e-05, 2.91478590952e-05, 1.15719240057e-05, 3.24088182424e-06, 1.23685754261e-06, 6.85606948991e-08, 2.1241446102e-10]
        dmean2: [4.73017280456e-07, 6.73805843689e-05, 0.000212874772842, 0.000172725849552, 0.000134527508635, 6.3108978793e-05, 0.000191858169273, 0.000286270165816, 0.000126891449327, 0.000442681775894, 6.23935629847e-05, 1.40609190566e-05, 1.76757257577e-05, 0.000182361705811, 7.55367509555e-05, 6.11933355685e-05, 0.000137376395287, 4.83522599097e-05, 7.99715417088e-05, 4.05451428378e-05, 4.57051210105e-05, 4.92477520311e-05, 1.9230923499e-05, 5.37095775144e-06, 2.09636118598e-06, 1.19441750712e-07, 3.72232078494e-10]
        dvar: [8.52112759693e-13, 1.20302070528e-08, 1.29186361164e-07, 1.08479859762e-07, 4.25173851681e-08, 1.99817602464e-08, 5.46602109353e-07, 1.15389491384e-06, 8.53978292525e-08, 4.23033179686e-06, 2.28186163298e-08, 1.30265920273e-09, 2.99973756945e-09, 1.18108971492e-06, 8.9769322642e-08, 3.74489736998e-08, 2.91028101174e-07, 1.13558629167e-08, 2.87583930003e-08, 2.66551825057e-09, 5.69746161361e-09, 3.37503691661e-09, 5.75642478129e-10, 5.42765103695e-11, 7.38452094612e-12, 1.96014164372e-14, 1.45060053235e-19]
        dvar2: [7.7933330362e-13, 3.45316877315e-08, 3.67902089238e-07, 3.13744067171e-07, 1.08817118871e-07, 4.6422812261e-08, 6.61685703562e-07, 1.50958351242e-06, 1.81928015763e-07, 8.76307603903e-06, 6.43309832071e-08, 3.13710946109e-09, 6.40618313952e-09, 3.11828648591e-06, 2.02725473741e-07, 7.60905294328e-08, 7.27734914108e-07, 3.06521066307e-08, 7.7138047061e-08, 6.62327570566e-09, 9.47112788197e-09, 8.36596658615e-09, 1.35623601238e-09, 1.26374993803e-10, 1.79804678091e-11, 4.95635162686e-14, 3.31236799027e-19]
        max: [7.72203748056e-06, 0.000716006034054, 0.00207382277586, 0.00194520526566, 0.00218177563511, 0.00170499004889, 0.0151200797409, 0.0177545081824, 0.00465264031664, 0.0374455116689, 0.00133185868617, 0.000497268280014, 0.000832153600641, 0.0182551555336, 0.00512650748715, 0.00305926823057, 0.0093659479171, 0.00134254945442, 0.00200352515094, 0.000593212433159, 0.00119265320245, 0.000610861345194, 0.000180145725608, 6.16860706941e-05, 3.14849057759e-05, 6.50819345083e-07, 3.63452645757e-09]
        mean: [1.52628138039e-06, 3.20782564813e-05, 8.42308145366e-05, 5.50041622773e-05, 6.28534544376e-05, 5.49696960661e-05, 0.000312623713398, 0.000411083194194, 0.000112256697321, 0.000372703332687, 2.85504283966e-05, 7.69124471844e-06, 1.25184878925e-05, 9.26906141103e-05, 4.70606864837e-05, 4.51160231023e-05, 8.54221143527e-05, 3.38350364473e-05, 5.41147928743e-05, 2.01813745662e-05, 3.50266491296e-05, 2.94589608529e-05, 1.3919247067e-05, 3.56890882358e-06, 1.23026177334e-06, 6.79280276472e-08, 1.84317727747e-10]
        min: [4.66329557434e-13, 9.2390428641e-10, 1.83571757795e-09, 9.16805964479e-10, 3.57069418477e-09, 3.55297569143e-10, 6.44805209227e-10, 2.33293739882e-09, 1.51882417754e-08, 2.53697685082e-08, 3.49801720922e-09, 1.60504376456e-09, 6.48382847412e-10, 1.62013691352e-09, 4.85919082749e-09, 4.06096756222e-09, 2.6292514832e-08, 8.68100080709e-09, 2.792953957e-08, 3.70458401733e-08, 2.91448749579e-08, 2.10166692938e-08, 5.97792881862e-09, 5.85750947746e-10, 8.60556417792e-11, 3.90515771847e-13, 1.20860780727e-15]
        var: [6.27486604343e-12, 8.9544673898e-09, 8.66210854156e-08, 6.11686985508e-08, 3.78318709693e-08, 2.92193984563e-08, 2.07182461054e-06, 3.54008216163e-06, 2.38290141397e-07, 5.38518179383e-06, 1.47358587554e-08, 1.25119148375e-09, 3.82575970903e-09, 8.5606365019e-07, 8.81862263213e-08, 4.50384334272e-08, 2.60066599367e-07, 1.220389656e-08, 2.76740035332e-08, 2.58962318256e-09, 1.08657980391e-08, 4.20700096981e-09, 9.44156974825e-10, 7.49565340352e-11, 9.24139410829e-12, 2.26446381042e-14, 1.47502303993e-19]
    mfcc:
        mean: [-892.792297363, 84.3315582275, -29.2034397125, 39.1198005676, -28.4981765747, -8.52764606476, -20.853143692, 8.13683795929, 6.76208257675, 4.34099388123, -3.31766986847, -8.74573802948, -4.3747959137]
        cov: [[10011.9345703, -1092.45581055, -444.377471924, -304.798034668, 90.2733535767, -581.565185547, -643.725891113, -817.473571777, -451.768096924, -356.451293945, 123.394317627, 279.897460938, 57.8033218384], [-1092.45581055, 4098.6953125, -997.802246094, -18.3090171814, 167.098968506, -39.1934013367, -77.5102386475, -143.064285278, -58.6573638916, 83.1897659302, 124.712257385, 124.025772095, -17.2482833862], [-444.377471924, -997.802246094, 1832.95324707, 771.390014648, 352.118591309, 433.160491943, 255.215072632, 112.527374268, -42.5463676453, -9.55642700195, 12.3697948456, 54.449180603, 142.630340576], [-304.798034668, -18.3090171814, 771.390014648, 1336.93566895, 840.13470459, 493.91506958, 153.440231323, -22.3967094421, 9.76234531403, -128.983291626, 89.7262039185, 137.704055786, 55.7658119202], [90.2733535767, 167.098968506, 352.118591309, 840.13470459, 875.914428711, 402.363220215, 56.8087043762, 61.1059112549, -41.1549797058, -92.893699646, 75.8877410889, 64.7855377197, -38.2021255493], [-581.565185547, -39.1934013367, 433.160491943, 493.91506958, 402.363220215, 456.518310547, 324.865661621, 217.919876099, 102.614295959, 64.4124908447, 19.9522476196, 2.98898601532, -14.3041830063], [-643.725891113, -77.5102386475, 255.215072632, 153.440231323, 56.8087043762, 324.865661621, 507.688568115, 270.459686279, 175.12638855, 140.720993042, 10.0082616806, -25.9736042023, 6.43152713776], [-817.473571777, -143.064285278, 112.527374268, -22.3967094421, 61.1059112549, 217.919876099, 270.459686279, 411.214416504, 226.378433228, 149.815841675, -22.4173336029, -87.0850753784, -50.1213989258], [-451.768096924, -58.6573638916, -42.5463676453, 9.76234531403, -41.1549797058, 102.614295959, 175.12638855, 226.378433228, 319.363525391, 131.738128662, -1.96006762981, -4.29112195969, 3.60848546028], [-356.451293945, 83.1897659302, -9.55642700195, -128.983291626, -92.893699646, 64.4124908447, 140.720993042, 149.815841675, 131.738128662, 243.82862854, 69.0767669678, -38.549118042, -31.6850814819], [123.394317627, 124.712257385, 12.3697948456, 89.7262039185, 75.8877410889, 19.9522476196, 10.0082616806, -22.4173336029, -1.96006762981, 69.0767669678, 135.822219849, 73.8646011353, 31.9029998779], [279.897460938, 124.025772095, 54.449180603, 137.704055786, 64.7855377197, 2.98898601532, -25.9736042023, -87.0850753784, -4.29112195969, -38.549118042, 73.8646011353, 233.222122192, 157.793670654], [57.8033218384, -17.2482833862, 142.630340576, 55.7658119202, -38.2021255493, -14.3041830063, 6.43152713776, -50.1213989258, 3.60848546028, -31.6850814819, 31.9029998779, 157.793670654, 189.991271973]]
        icov: [[0.00015315564815, 7.03720506863e-05, -1.41011241794e-05, 0.00021202674543, -0.000297896680422, 0.000184715099749, -0.000134328423883, 0.000387432635762, -0.000107112893602, 5.86795613344e-05, -8.37113402667e-05, -0.000217466964386, 0.000175398294232], [7.03720506863e-05, 0.000356461823685, 0.000253084523138, 1.3124274119e-05, -0.000223926675972, 3.1106806091e-06, -7.79289111961e-05, 0.000263955938863, 0.000172520813067, -0.000366612046491, 8.66272530402e-05, -0.000262718269369, -1.61838743225e-05], [-1.41011241794e-05, 0.000253084523138, 0.00127550854813, -0.000925775209907, 0.000615141354501, -0.000941403908655, 0.000335289805662, -0.000547344912775, 0.00114648137242, -0.000751693034545, 0.00039476325037, 0.000540408422239, -0.00142373563722], [0.00021202674543, 1.3124274119e-05, -0.000925775209907, 0.00409890012816, -0.00278045423329, -0.00164456118364, -0.000430470448919, 0.00311256572604, -0.00262623652816, 0.00211304612458, -0.00175335549284, 0.000251962715993, 6.88189320499e-05], [-0.000297896680422, -0.000223926675972, 0.000615141354501, -0.00278045423329, 0.00655777798966, -0.00494622532278, 0.00303002027795, -0.00313152885064, 0.00182102143299, 0.00202363519929, -0.00250370800495, -0.000554704805836, 0.00162613380235], [0.000184715099749, 3.1106806091e-06, -0.000941403908655, -0.00164456118364, -0.00494622532278, 0.0150712821633, -0.00654814159498, -0.00164284463972, 0.000951166613959, -0.0036590914242, 0.00450021447614, -0.00225782836787, 0.00155316747259], [-0.000134328423883, -7.79289111961e-05, 0.000335289805662, -0.000430470448919, 0.00303002027795, -0.00654814159498, 0.0066151432693, -0.00179334415589, -9.31313916226e-05, 0.000251111079706, -0.00146486784797, 0.00102842785418, -0.0012368602911], [0.000387432635762, 0.000263955938863, -0.000547344912775, 0.00311256572604, -0.00313152885064, -0.00164284463972, -0.00179334415589, 0.00937862414867, -0.00479181157425, -0.000697967363521, 0.000470005325042, 0.00181325851008, -0.000425361853559], [-0.000107112893602, 0.000172520813067, 0.00114648137242, -0.00262623652816, 0.00182102143299, 0.000951166613959, -9.31313916226e-05, -0.00479181157425, 0.0081505086273, -0.00372498901561, 0.00288798031397, -0.0021458431147, -0.00034356728429], [5.86795613344e-05, -0.000366612046491, -0.000751693034545, 0.00211304612458, 0.00202363519929, -0.0036590914242, 0.000251111079706, -0.000697967363521, -0.00372498901561, 0.0128937195987, -0.010078061372, 0.00234015658498, 0.00180150649976], [-8.37113402667e-05, 8.66272530402e-05, 0.00039476325037, -0.00175335549284, -0.00250370800495, 0.00450021447614, -0.00146486784797, 0.000470005325042, 0.00288798031397, -0.010078061372, 0.0176450349391, -0.00582270743325, 0.000398018601118], [-0.000217466964386, -0.000262718269369, 0.000540408422239, 0.000251962715993, -0.000554704805836, -0.00225782836787, 0.00102842785418, 0.00181325851008, -0.0021458431147, 0.00234015658498, -0.00582270743325, 0.0155514171347, -0.0117824953049], [0.000175398294232, -1.61838743225e-05, -0.00142373563722, 6.88189320499e-05, 0.00162613380235, 0.00155316747259, -0.0012368602911, -0.000425361853559, -0.00034356728429, 0.00180150649976, 0.000398018601118, -0.0117824953049, 0.0166566185653]]
    spectral_contrast:
        mean: [-3.95781199813e-07, 7.59844454024e-08, -3.73288202127e-07, 9.66103712585e-08, 1.74117602114e-07, -2.61997371354e-07, 3.65791720469e-06, 3.40120777764e-06, -4.30989621236e-06, -4.08475443692e-07, 1.93135997506e-06, -2.83701160697e-06]
        var: [0.00051440752577, 0.00097859557718, 0.00452420767397, 0.00728652998805, 0.0100310202688, 0.0114047331735, 0.0599748454988, 0.19842377305, 0.423686861992, 1.68867278099, 2.23045086861, 4.72437810898]

rhythm:
    beats_loudness:
        dmean: 0.00440866639838
        dmean2: 0.00692413141951
        dvar: 6.69329965604e-05
        dvar2: 0.000167227393831
        max: 0.0273731220514
        mean: 0.00377292186022
        min: 2.91591932182e-05
        var: 5.57437087991e-05
    beats_loudness_bass:
        dmean: 0.277591407299
        dmean2: 0.531998932362
        dvar: 0.10925796628
        dvar2: 0.270077526569
        max: 0.903631448746
        mean: 0.151513427496
        min: 1.10511646199e-05
        var: 0.0815751999617
    bpm: 166.558944702
    bpm_confidence: 0
    first_peak_bpm: 167
    first_peak_spread: 0
    first_peak_weight: 0.959999978542
    onset_rate: 4.78515625
    second_peak_bpm: 65
    second_peak_spread: 0
    second_peak_weight: 0.0399999991059
    beats_position: [0.301274478436, 0.661457896233, 1.02164137363, 1.38182461262, 1.74200797081, 2.10219144821, 2.46237468719, 2.8225581646, 3.182741642, 3.5429251194, 3.9031085968, 4.26329231262, 4.62347555161, 4.98365926743, 5.34384250641, 5.70402622223, 6.63207483292, 6.99234771729, 7.35262012482, 7.71289300919, 8.07316589355, 8.43343830109, 8.79371166229, 9.15398406982, 9.51425743103, 9.87452983856]
    bpm_estimates: [166.873001099, 166.559768677, 166.367706299, 166.527526855, 166.725341797, 166.55329895, 166.464675903, 166.481369019, 166.477920532]
    bpm_intervals: [0.360183417797, 0.360183477402, 0.360183238983, 0.360183358192, 0.360183477402, 0.360183238983, 0.360183477402, 0.360183477402, 0.360183477402, 0.360183477402, 0.36018371582, 0.360183238983, 0.36018371582, 0.360183238983, 0.36018371582, 0.928048610687, 0.360272884369, 0.360272407532, 0.360272884369, 0.360272884369, 0.360272407532, 0.360273361206, 0.360272407532, 0.360273361206, 0.360272407532]
    onset_times: [0.0580498874187, 0.290249437094, 0.487619042397, 0.568888902664, 0.801088452339, 1.02167797089, 1.369977355, 1.54412698746, 1.75310659409, 1.93886625767, 2.10140585899, 2.26394557953, 2.4497051239, 2.63546490669, 2.86766433716, 2.9837641716, 3.21596360207, 3.35528349876, 3.54104304314, 3.7151927948, 3.94739222527, 4.08671188354, 4.446621418, 4.63238096237, 4.80653047562, 4.99229001999, 5.16644001007, 5.35219955444, 5.52634906769, 5.71210861206, 5.89786863327, 6.07201814651, 6.44353723526, 6.61768722534, 6.98920631409, 7.34911584854, 7.70902490616, 7.89478445053, 8.06893444061, 8.19664382935, 8.44045352936, 8.80036258698, 9.16027164459, 9.32281208038, 9.46213150024, 9.53179168701, 9.70594120026, 9.8800907135]
    rubato_start: []
    rubato_stop: []
    perceptual_tempo: "unknown"

sfx:
    inharmonicity:
        dmean: 0.053070846945
        dmean2: 0.095972314477
        dvar: 0.00414707744494
        dvar2: 0.0117901582271
        max: 0.395571678877
        mean: 0.0476215444505
        min: 0
        var: 0.00378759833984
    oddtoevenharmonicenergyratio:
        dmean: 20.724653244
        dmean2: 40.2073097229
        dvar: 11765.7089844
        dvar2: 34932.1875
        max: 1493.92883301
        mean: 12.1267528534
        min: 0
        var: 6091.39794922
    pitch_after_max_to_before_max_energy_ratio: 0.222488313913
    pitch_centroid: 180.243392944
    pitch_max_to_total: 0.559241712093
    pitch_min_to_total: 0.793838858604
    tristimulus:
        dmean: [0.282075613737, 0.304651081562, 0.119070068002]
        dmean2: [0.508953690529, 0.542646586895, 0.207454606891]
        dvar: [0.0775262564421, 0.0817649737, 0.0254595633596]
        dvar2: [0.172578290105, 0.209154710174, 0.0652398690581]
        max: [1, 0.995250165462, 0.734821796417]
        mean: [0.418308407068, 0.388116329908, 0.103850595653]
        min: [0.000902070954908, 0, 0]
        var: [0.115170069039, 0.109590195119, 0.0289848297834]

tonal:
    chords_changes_rate: 0.0981308445334
    chords_number_rate: 0.0280373822898
    chords_strength:
        dmean: 0.0116675179452
        dmean2: 0.0136212287471
        dvar: 9.46670770645e-05
        dvar2: 0.000148925741087
        max: 0.727352619171
        mean: 0.536032259464
        min: 0.311833292246
        var: 0.0125293917954
    key_strength: 0.607283771038
    tuning_diatonic_strength: 0.515781879425
    tuning_equal_tempered_deviation: 0.191370606422
    tuning_frequency: 455.779724121
    tuning_nontempered_energy_ratio: 0.887327671051
    hpcp:
        dmean: [0.197072923183, 0.210301682353, 0.243785381317, 0.155910506845, 0.123184919357, 0.160649821162, 0.172268390656, 0.121793173254, 0.0664886385202, 0.121073976159, 0.146294370294, 0.102849677205, 0.0964902341366, 0.0981773883104, 0.141609668732, 0.182900384068, 0.151040822268, 0.144898757339, 0.15114825964, 0.11971757561, 0.0842820480466, 0.0943289473653, 0.103309586644, 0.132461026311, 0.147173509002, 0.127479016781, 0.156991347671, 0.18357886374, 0.197373732924, 0.221560716629, 0.243700683117, 0.237503960729, 0.196893855929, 0.14862203598, 0.135633587837, 0.167680174112]
        dmean2: [0.350115478039, 0.366253882647, 0.446301162243, 0.28607031703, 0.213810905814, 0.274023860693, 0.314103066921, 0.218085363507, 0.117525584996, 0.219205155969, 0.268540233374, 0.184952840209, 0.171099916101, 0.1606220752, 0.236850574613, 0.318571656942, 0.258148670197, 0.25061661005, 0.271008521318, 0.218386486173, 0.153748974204, 0.174488767982, 0.188517555594, 0.250080853701, 0.26833999157, 0.224265292287, 0.265160262585, 0.325480759144, 0.334536790848, 0.386849105358, 0.422141641378, 0.398984760046, 0.343025714159, 0.270890980959, 0.250112116337, 0.296701937914]
        dvar: [0.0668478086591, 0.0631846785545, 0.0783039852977, 0.0560287423432, 0.034745298326, 0.0342027619481, 0.0605325438082, 0.0259319674224, 0.0115747181699, 0.0411857292056, 0.0632182434201, 0.0268139187247, 0.0310442056507, 0.0199789199978, 0.0383181683719, 0.0538601763546, 0.0338841639459, 0.0387028977275, 0.0498092621565, 0.0391832329333, 0.0247062295675, 0.0334312096238, 0.0393503010273, 0.0472885146737, 0.0460263006389, 0.0375644154847, 0.0518928132951, 0.0695294812322, 0.0607882142067, 0.0703191831708, 0.0798896849155, 0.072465069592, 0.0632662400603, 0.04532462731, 0.0518201366067, 0.0432799309492]
        dvar2: [0.183271229267, 0.174940139055, 0.220067828894, 0.15372595191, 0.0928426608443, 0.084226988256, 0.152354165912, 0.0685363337398, 0.0299224443734, 0.103849932551, 0.164427340031, 0.0714830830693, 0.0737646892667, 0.0460749901831, 0.0922017619014, 0.13301666081, 0.0845127254725, 0.0959111452103, 0.126427412033, 0.108004361391, 0.0706521645188, 0.0933127999306, 0.112707965076, 0.143702879548, 0.133680909872, 0.109340749681, 0.133176714182, 0.17968980968, 0.16299456358, 0.186009436846, 0.19129781425, 0.170095875859, 0.168349936604, 0.114819578826, 0.145565837622, 0.108321450651]
        max: [1, 1, 1, 1, 1, 1, 1, 1, 0.797393023968, 1, 1, 1, 1, 0.925201356411, 1, 1, 1, 1, 1, 1, 1, 0.998127996922, 1, 1, 0.946258187294, 1, 1, 1, 1, 1, 1, 1, 1, 1, 1, 1]
        mean: [0.189863696694, 0.217179819942, 0.230074122548, 0.158253952861, 0.116579413414, 0.207378312945, 0.265165358782, 0.15003156662, 0.0710462778807, 0.121716335416, 0.143583670259, 0.102003149688, 0.0941262766719, 0.103212229908, 0.147894755006, 0.191057443619, 0.187861323357, 0.15984043479, 0.121321372688, 0.0921518057585, 0.0652136877179, 0.0721217691898, 0.082065589726, 0.0973218232393, 0.119453266263, 0.122647754848, 0.146352976561, 0.17242705822, 0.186358124018, 0.220602154732, 0.355384647846, 0.358456939459, 0.189165696502, 0.122137151659, 0.120793193579, 0.16376401484]
        min: [7.53430140321e-05, 3.88421467505e-05, 0.000208893339732, 0.000191599610844, 0.000188781021279, 8.30226781545e-05, 4.67813115392e-05, 2.90733132715e-05, 2.55425020441e-05, 4.40516450908e-05, 6.00332714384e-05, 3.60540361726e-05, 1.77562833414e-05, 2.25064627557e-06, 2.11338328882e-06, 0.000101686608105, 4.86117132823e-05, 5.16955187777e-05, 0.000127019753563, 3.44926083926e-05, 1.01051964521e-05, 1.21487382785e-05, 1.20510512716e-05, 2.7990565286e-05, 4.09300737374e-05, 4.8181067541e-05, 3.30430593749e-05, 2.56909897871e-05, 2.52490517596e-05, 0.000130974236527, 0.000408021645853, 0.000740989053156, 0.000143905199366, 5.56163831789e-05, 5.08432385686e-05, 0.000124674523249]
        var: [0.0660014674067, 0.0705971196294, 0.0757935270667, 0.0502769239247, 0.0345280840993, 0.0673361197114, 0.118183545768, 0.0357925146818, 0.0111652519554, 0.0421093218029, 0.0618602409959, 0.0236444603652, 0.0292723104358, 0.0261511486024, 0.0452375896275, 0.0593067593873, 0.0606228560209, 0.0559665188193, 0.0426930971444, 0.0296041965485, 0.0176366865635, 0.0226976834238, 0.0264097079635, 0.030477385968, 0.036228902638, 0.0338514745235, 0.0558615252376, 0.0716313794255, 0.0688916668296, 0.0690553858876, 0.138895153999, 0.138594612479, 0.0613009110093, 0.038568161428, 0.0363491289318, 0.0537104234099]
    chords_histogram: [23.3644866943, 0, 0, 0, 0, 0, 0, 0.934579432011, 18.6915893555, 27.102804184, 7.0093460083, 0, 0, 0, 3.27102804184, 0, 0, 0, 0, 0, 0, 0, 0, 19.6261672974]
    thpcp: [1, 0.527722239494, 0.340730339289, 0.336981058121, 0.456858277321, 0.529669463634, 0.605874240398, 0.641845941544, 0.441486656666, 0.325225710869, 0.578530609608, 0.739741206169, 0.418548375368, 0.198200315237, 0.339556366205, 0.400560438633, 0.284561783075, 0.262587398291, 0.287934809923, 0.412587225437, 0.532999694347, 0.524083375931, 0.445912510157, 0.338454514742, 0.257079154253, 0.181928932667, 0.201200649142, 0.22894127667, 0.271502137184, 0.333243012428, 0.34215477109, 0.408286064863, 0.481025874615, 0.519889831543, 0.615421652794, 0.9914290905]
    chords_key: "D"
    chords_scale: "major"
    key_key: "G"
    key_scale: "minor"
    chords_progression: ["G#m", "G#m", "G#m", "G#m", "G#m", "G#m", "G#m", "Bm", "Bm", "Bm", "Bm", "Bm", "Bm", "Bm", "Bm", "Bm", "Bm", "Bm", "Bm", "Bm", "Bm", "Bm", "Bm", "Bm", "Bm", "Bm", "Bm", "Bm", "Bm", "Bm", "Bm", "Bm", "Bm", "Bm", "Bm", "Bm", "Bm", "Bm", "Bm", "Bm", "Bm", "Bm", "Bm", "Bm", "Bm", "Bm", "Bm", "G", "G", "F#m", "F#m", "F#m", "F#m", "F#m", "F#m", "F#m", "F#m", "F#m", "D", "D", "D", "D", "D", "D", "F#m", "D", "D", "D", "D", "D", "D", "D", "D", "D", "D", "D", "D", "F#m", "F#m", "D", "D", "F#m", "F#m", "F#m", "D", "D", "D", "D", "D", "D", "D", "D", "D", "D", "D", "D", "D", "D", "D", "D", "Gm", "Gm", "Gm", "Gm", "Gm", "Gm", "Gm", "Gm", "Gm", "Gm", "Gm", "Gm", "Gm", "Gm", "Gm", "Gm", "Gm", "Gm", "Gm", "Gm", "Gm", "Gm", "Gm", "Gm", "Gm", "Gm", "Gm", "Gm", "Gm", "Gm", "Gm", "Gm", "Gm", "D", "D", "D", "D", "D", "D", "D", "D", "D", "D", "D", "D", "D", "D", "Gm", "Gm", "Gm", "Gm", "Gm", "Gm", "Gm", "Gm", "Gm", "Gm", "Gm", "D#", "D#", "D", "D", "D", "D", "D", "D", "D", "D", "Gm", "Gm", "D#", "D#", "Gm", "Gm", "D#", "D#", "Gm", "Gm", "D#", "D#", "D#", "D#", "D#", "D#", "D#", "D#", "D#", "D#", "D#", "D#", "D#", "D#", "D#", "D#", "D#", "D#", "D#", "D#", "D#", "D#", "D#", "D#", "D#", "D#", "D#", "D#", "D#", "D#", "D#", "D#", "D#", "D#", "D#", "D#"]
