
metadata:
    version:
        essentia: "1.2.2"
    audio_properties:
        analysis_sample_rate: 44100
        bitrate: 128
        channels: 2
        equal_loudness: 1
        length: 10.0310201645
        replay_gain: -9.31987380981
        downmix: "mix"
    tags:
        track: 6
        year: 0
        album: "Splitted by Mp3Splt v. 2.1"
        artist: "From 000.50 To 001.00"
        comment: "http://mp3splt.sf.net"
        genre: ""
        title: "17 My Little Town.mp3"

highlevel:
    ballroom:
        all:
            ChaChaCha: 0.0186710841954
            Jive: 0.016854505986
            Quickstep: 0.0421921461821
            Rumba-American: 0.0299446061254
            Rumba-International: 0.363464921713
            Rumba-Misc: 0.305369496346
            Samba: 0.0137992780656
            Tango: 0.0101698320359
            VienneseWaltz: 0.0639664009213
            Waltz: 0.135567709804
        probability: 0.363464921713
        value: "Rumba-International"
    culture:
        all:
            non_western: 0.10013127327
            western: 0.89986872673
        probability: 0.89986872673
        value: "western"
    gender:
        all:
            female: 0.00734772905707
            male: 0.99265229702
        probability: 0.99265229702
        value: "male"
    genre_dortmund:
        all:
            alternative: 0.087765596807
            blues: 0.0359280630946
            electronic: 0.00793553702533
            folkcountry: 0.567907333374
            funksoulrnb: 0.0238787829876
            jazz: 0.100709781051
            pop: 0.107755616307
            raphiphop: 0.00302014779299
            rock: 0.0650991201401
        probability: 0.567907333374
        value: "folkcountry"
    genre_electronica:
        all:
            ambient: 0.61668998003
            dnb: 0.0441974513233
            house: 0.2587646842
            techno: 0.0151884332299
            trance: 0.0651594251394
        probability: 0.61668998003
        value: "ambient"
    genre_rosamerica:
        all:
            cla: 0.0697351694107
            dan: 0.0299131087959
            hip: 0.0475794449449
            jaz: 0.113684423268
            pop: 0.107575491071
            rhy: 0.53167372942
            roc: 0.0808292478323
            spe: 0.0190094001591
        probability: 0.53167372942
        value: "rhy"
    genre_tzanetakis:
        all:
            blu: 0.0181381329894
            cla: 0.00486595882103
            cou: 0.31074270606
            dis: 0.0242441240698
            hip: 0.010653629899
            jaz: 0.0119813820347
            met: 0.00309966690838
            pop: 0.104326114058
            reg: 0.0802984088659
            roc: 0.43164986372
        probability: 0.43164986372
        value: "roc"
    live_studio:
        all:
            live: 0.518221855164
            studio: 0.481778174639
        probability: 0.518221855164
        value: "live"
    mood:
        all:
            Cluster1: 0.0816611349583
            Cluster2: 0.144303366542
            Cluster3: 0.703262448311
            Cluster4: 0.0472954027355
            Cluster5: 0.0234776586294
        probability: 0.703262448311
        value: "Cluster3"
    mood_acoustic:
        all:
            acoustic: 0.997828423977
            not_acoustic: 0.00217157998122
        probability: 0.997828423977
        value: "acoustic"
    mood_aggressive:
        all:
            aggressive: 1.53652454173e-05
            not_aggressive: 0.999984622002
        probability: 0.999984622002
        value: "not_aggressive"
    mood_electronic:
        all:
            electronic: 0.0100187240168
            not_electronic: 0.989981293678
        probability: 0.989981293678
        value: "not_electronic"
    mood_happy:
        all:
            happy: 0.251728415489
            not_happy: 0.748271584511
        probability: 0.748271584511
        value: "not_happy"
    mood_party:
        all:
            not_party: 0.94768434763
            party: 0.0523156784475
        probability: 0.94768434763
        value: "not_party"
    mood_relaxed:
        all:
            not_relaxed: 0.033332079649
            relaxed: 0.966667950153
        probability: 0.966667950153
        value: "relaxed"
    mood_sad:
        all:
            not_sad: 0.107636094093
            sad: 0.892363905907
        probability: 0.892363905907
        value: "sad"
    rhythm:
        all:
            fast: 0.175528854132
            medium: 0.205569341779
            slow: 0.618901789188
        probability: 0.618901789188
        value: "slow"
    speech_music:
        all:
            music: 0.999034285545
            speech: 0.000965699902736
        probability: 0.999034285545
        value: "music"
    timbre:
        all:
            bright: 0.9504327178
            dark: 0.0495672598481
        probability: 0.9504327178
        value: "bright"
    voice_instrumental:
        all:
            instrumental: 0.0535415448248
            voice: 0.9464584589
        probability: 0.9464584589
        value: "voice"

lowlevel:
    average_loudness: 0.915195584297
    barkbands_kurtosis:
        dmean: 5.68011426926
        dmean2: 8.52405738831
        dvar: 78.3601913452
        dvar2: 135.952865601
        max: 158.607467651
        mean: 10.2530813217
        min: -1.93006873131
        var: 221.343719482
    barkbands_skewness:
        dmean: 0.724587082863
        dmean2: 1.06652462482
        dvar: 0.546033620834
        dvar2: 1.07880175114
        max: 10.5020656586
        mean: 2.5621380806
        min: -1.81304633617
        var: 2.24413514137
    barkbands_spread:
        dmean: 4.61766529083
        dmean2: 7.03676748276
        dvar: 34.1226539612
        dvar2: 63.0545272827
        max: 69.5186843872
        mean: 13.665564537
        min: 0.571544408798
        var: 103.299125671
    dissonance:
        dmean: 0.0271944683045
        dmean2: 0.0440540164709
        dvar: 0.000529243377969
        dvar2: 0.00128110777587
        max: 0.495606720448
        mean: 0.425758391619
        min: 0.299662441015
        var: 0.00155615457334
    hfc:
        dmean: 0.667884469032
        dmean2: 0.904063522816
        dvar: 0.993956744671
        dvar2: 1.75236225128
        max: 14.4402494431
        mean: 2.18801617622
        min: 1.15419356916e-06
        var: 4.94368362427
    pitch:
        dmean: 175.563110352
        dmean2: 335.878234863
        dvar: 525388.5625
        dvar2: 1067648.625
        max: 4900
        mean: 456.847137451
        min: 54.8507461548
        var: 979861.5
    pitch_instantaneous_confidence:
        dmean: 0.0932228341699
        dmean2: 0.142213851213
        dvar: 0.00705300690606
        dvar2: 0.0166177712381
        max: 0.911848545074
        mean: 0.532210767269
        min: 0.0142154693604
        var: 0.0310585238039
    pitch_salience:
        dmean: 0.0713378414512
        dmean2: 0.111231006682
        dvar: 0.00381813314743
        dvar2: 0.00924156326801
        max: 0.867736101151
        mean: 0.537919104099
        min: 0.183991998434
        var: 0.0112560819834
    silence_rate_20dB:
        dmean: 0
        dmean2: 0
        dvar: 0
        dvar2: 0
        max: 1
        mean: 1
        min: 1
        var: 0
    silence_rate_30dB:
        dmean: 0
        dmean2: 0
        dvar: 0
        dvar2: 0
        max: 1
        mean: 1
        min: 1
        var: 0
    silence_rate_60dB:
        dmean: 0.12962962687
        dmean2: 0.259860783815
        dvar: 0.112825781107
        dvar2: 0.238736927509
        max: 1
        mean: 0.515011548996
        min: 0
        var: 0.249774605036
    spectral_centroid:
        dmean: 145.720611572
        dmean2: 214.896713257
        dvar: 53552.8164062
        dvar2: 82619.1640625
        max: 3788.01074219
        mean: 595.041748047
        min: 217.949493408
        var: 197640.515625
    spectral_complexity:
        dmean: 1.45011603832
        dmean2: 2.19069766998
        dvar: 2.4888074398
        dvar2: 4.88921737671
        max: 21
        mean: 6.10185194016
        min: 0
        var: 15.0266685486
    spectral_crest:
        dmean: 3.1172451973
        dmean2: 4.97324180603
        dvar: 7.42793941498
        dvar2: 17.7687129974
        max: 26.0462303162
        mean: 13.1107492447
        min: 3.95029187202
        var: 22.9963912964
    spectral_decrease:
        dmean: 3.42846362411e-10
        dmean2: 4.90813334419e-10
        dvar: 2.44200234589e-19
        dvar2: 5.30164508112e-19
        max: -5.30281906134e-16
        mean: -9.24052168116e-10
        min: -5.25155741116e-09
        var: 6.40564168566e-19
    spectral_energy:
        dmean: 0.00134294340387
        dmean2: 0.00191558816005
        dvar: 3.71020701095e-06
        dvar2: 8.01814348961e-06
        max: 0.0204686224461
        mean: 0.00368604226969
        min: 2.10609329976e-09
        var: 1.0064093658e-05
    spectral_energyband_high:
        dmean: 3.53644863935e-05
        dmean2: 4.69274891657e-05
        dvar: 9.18412013107e-09
        dvar2: 1.28899868557e-08
        max: 0.00186133279931
        mean: 7.0881578722e-05
        min: 1.82943937777e-11
        var: 3.02115985562e-08
    spectral_energyband_low:
        dmean: 0.000137043389259
        dmean2: 0.00024265362299
        dvar: 1.53167775352e-07
        dvar2: 4.3695862928e-07
        max: 0.00403655134141
        mean: 0.000206171884201
        min: 6.30094809662e-10
        var: 1.14759693304e-07
    spectral_energyband_middle_high:
        dmean: 0.000182687246706
        dmean2: 0.000256927043665
        dvar: 9.2934627105e-08
        dvar2: 1.87772585036e-07
        max: 0.00516290357336
        mean: 0.000493665109389
        min: 5.31009458626e-10
        var: 5.11640735112e-07
    spectral_energyband_middle_low:
        dmean: 0.00123621127568
        dmean2: 0.00175789440982
        dvar: 3.23614813169e-06
        dvar2: 6.97601035426e-06
        max: 0.0194213557988
        mean: 0.00291531975381
        min: 7.95134569298e-10
        var: 7.8087196016e-06
    spectral_flatness_db:
        dmean: 0.0263618510216
        dmean2: 0.0406456664205
        dvar: 0.000601001083851
        dvar2: 0.00146160693839
        max: 0.396971702576
        mean: 0.221712768078
        min: 0.0936588421464
        var: 0.00235559954308
    spectral_flux:
        dmean: 0.00877714063972
        dmean2: 0.0141433160752
        dvar: 9.41921534832e-05
        dvar2: 0.000216047323192
        max: 0.10106433183
        mean: 0.0282412897795
        min: 4.58921931568e-05
        var: 0.00029859301867
    spectral_kurtosis:
        dmean: 2.81974172592
        dmean2: 4.44667720795
        dvar: 9.69267368317
        dvar2: 21.9423866272
        max: 36.2882652283
        mean: 6.82614803314
        min: -0.89851808548
        var: 30.0934047699
    spectral_rms:
        dmean: 0.000322471460095
        dmean2: 0.00045339341159
        dvar: 1.2233421387e-07
        dvar2: 2.50964575343e-07
        max: 0.00446871202439
        mean: 0.00174219999462
        min: 1.43343117998e-06
        var: 5.60878220313e-07
    spectral_rolloff:
        dmean: 350.626098633
        dmean2: 590.610351562
        dvar: 450540.3125
        dvar2: 956234.5
        max: 5404.83398438
        mean: 890.737548828
        min: 150.732421875
        var: 938174.8125
    spectral_skewness:
        dmean: 0.332258194685
        dmean2: 0.494071900845
        dvar: 0.0977535322309
        dvar2: 0.193939864635
        max: 4.61745738983
        mean: 2.00654315948
        min: -0.126686155796
        var: 0.484214097261
    spectral_spread:
        dmean: 689500.0625
        dmean2: 958120.9375
        dvar: 812251742208
        dvar2: 1.15178799104e+12
        max: 16695890
        mean: 4213443.5
        min: 1574003.125
        var: 2.82630815744e+12
    spectral_strongpeak:
        dmean: 0.181102082133
        dmean2: 0.295336037874
        dvar: 0.0576563626528
        dvar2: 0.14424328506
        max: 2.05008673668
        mean: 0.37989294529
        min: 0
        var: 0.12129252404
    zerocrossingrate:
        dmean: 0.00781476590782
        dmean2: 0.00901503488421
        dvar: 9.1234134743e-05
        dvar2: 9.52559275902e-05
        max: 0.18798828125
        mean: 0.0405589900911
        min: 0.0107421875
        var: 0.000597785052378
    barkbands:
        dmean: [1.08664444554e-07, 3.38086756528e-05, 0.000110116328869, 0.000260097614955, 0.000869426468853, 9.36260039452e-05, 0.000190901148017, 0.000210470709135, 0.000130708911456, 6.59052311676e-05, 4.78089641547e-05, 3.07976697513e-05, 2.87511629722e-05, 3.46756060026e-05, 2.04458046937e-05, 9.40264362725e-06, 1.64463817782e-05, 2.83850713458e-05, 2.34974322666e-05, 2.62479716184e-05, 1.78867849172e-05, 6.69020164423e-06, 2.04239222512e-06, 6.19471109076e-07, 2.54119441934e-07, 6.49875708802e-09, 1.86974699612e-10]
        dmean2: [1.60537979355e-07, 5.98412188992e-05, 0.000195493703359, 0.000415807153331, 0.00129266188014, 0.000145297395648, 0.000300249725115, 0.000298024562653, 0.000205171993002, 9.88923347904e-05, 7.90347257862e-05, 5.10415702593e-05, 4.63097239845e-05, 5.43134410691e-05, 3.23281165038e-05, 1.39253843372e-05, 2.6666544727e-05, 4.39229152107e-05, 3.71272035409e-05, 3.60166595783e-05, 2.54186124948e-05, 9.04495573195e-06, 2.85157875624e-06, 8.49531716085e-07, 3.50129909066e-07, 9.77836744909e-09, 3.03274128033e-10]
        dvar: [7.76084993254e-14, 7.33079197346e-09, 9.88133592728e-08, 3.62291245892e-07, 1.74939907538e-06, 4.66139802313e-08, 2.00990228905e-07, 4.06152253163e-07, 9.03744918901e-08, 3.1736711037e-08, 2.00776533177e-08, 7.47279660374e-09, 4.36150537908e-09, 8.62049809314e-09, 1.90965843139e-09, 5.02044905648e-10, 1.0044507448e-09, 2.75009304218e-09, 2.41730813144e-09, 3.96340693598e-09, 2.34080888006e-09, 5.28634525043e-10, 4.84427255254e-11, 3.2602529617e-12, 4.62875994044e-13, 3.09509491756e-16, 9.58576495098e-19]
        dvar2: [1.13562242563e-13, 2.08639718835e-08, 2.81714733319e-07, 8.17097884465e-07, 4.25294592787e-06, 1.2760926893e-07, 5.09781045821e-07, 8.17549619114e-07, 2.2010969758e-07, 7.23296125216e-08, 5.55157981807e-08, 1.91265172589e-08, 1.12109264094e-08, 2.22164864283e-08, 4.51672699242e-09, 1.22517518353e-09, 2.23547136358e-09, 5.70928326837e-09, 5.96593929814e-09, 6.5726100118e-09, 3.87912191258e-09, 9.32194876846e-10, 1.08514190689e-10, 4.68758625666e-12, 9.75378415188e-13, 7.36257131379e-16, 1.0731425609e-18]
        max: [4.49980188932e-06, 0.000807445147075, 0.00322860758752, 0.00543959531933, 0.011980433017, 0.00307545112446, 0.00502046663314, 0.0082337744534, 0.00326658599079, 0.00217912415974, 0.00167093391065, 0.0011591227958, 0.000650187546853, 0.00114814925473, 0.00058415386593, 0.000281978660496, 0.000316231220495, 0.00053253758233, 0.000590888492297, 0.00123812188394, 0.000831004872452, 0.000464842829388, 0.000140349889989, 3.82915241062e-05, 1.28579667944e-05, 2.18095195237e-07, 1.99323757499e-08]
        mean: [2.22751040724e-07, 4.66696292278e-05, 0.000159288843861, 0.000379061355488, 0.00159428908955, 0.000189368976862, 0.000246274488745, 0.000304870714899, 0.000189267491805, 9.95478767436e-05, 6.44057290629e-05, 4.32106971857e-05, 4.43596472905e-05, 5.25334653503e-05, 3.80089913961e-05, 1.57594859047e-05, 2.89808394882e-05, 4.99960515299e-05, 4.17448900407e-05, 5.09632554895e-05, 3.13337295665e-05, 1.15710408863e-05, 2.9266598176e-06, 1.01135287878e-06, 3.71596399873e-07, 7.9421553778e-09, 1.62348245958e-10]
        min: [1.73447964325e-10, 3.35856342737e-10, 1.65087082893e-10, 1.2551124029e-10, 2.31156038755e-10, 1.72371533713e-10, 1.21485668747e-10, 8.27809487625e-11, 5.15555584335e-11, 8.95856652749e-11, 1.04856949512e-10, 1.25953775187e-10, 8.85254647365e-11, 4.07382634571e-11, 3.00492512817e-11, 2.18474422581e-11, 2.36057944025e-11, 1.40411363092e-11, 1.18375426648e-12, 3.60656578387e-12, 2.35799682731e-12, 5.83401382759e-12, 5.33358860549e-12, 4.90402857212e-13, 5.96869613196e-13, 5.20759216999e-13, 6.54470577667e-14]
        var: [1.16943184737e-13, 6.4527365673e-09, 7.43293711025e-08, 4.29630176768e-07, 3.60703393198e-06, 9.11435051876e-08, 2.40377204364e-07, 7.86930797858e-07, 1.43003916264e-07, 6.57817906813e-08, 3.46573791887e-08, 1.20017471517e-08, 8.68093685824e-09, 1.39827740497e-08, 5.62398527748e-09, 9.46131950563e-10, 2.15969131467e-09, 6.66545130201e-09, 5.19903275986e-09, 1.3729114734e-08, 6.25673690635e-09, 1.30558308609e-09, 9.0499392702e-11, 1.2134264947e-11, 1.05994238993e-12, 3.48243196704e-16, 9.46403188216e-19]
    mfcc:
        mean: [-793.061401367, 151.430969238, -20.7858009338, 52.8992424011, -20.832201004, -1.36587679386, -7.80945968628, -9.3732252121, -8.74082756042, -7.16669797897, -6.97736406326, -11.2916755676, -11.3814811707]
        cov: [[4948.45458984, -825.757080078, -452.505462646, -282.47277832, -355.557525635, -189.05607605, -7.25831270218, -54.5107955933, -170.895812988, 122.128242493, 34.4358711243, -159.768814087, -146.549224854], [-825.757080078, 1131.4888916, -399.580047607, -101.856124878, -9.02436828613, -42.4886436462, 50.2611732483, 69.0205154419, -77.6187896729, -57.252155304, 26.8423786163, -53.6608505249, 12.5941104889], [-452.505462646, -399.580047607, 749.709533691, 164.465454102, 126.13494873, 113.429931641, 39.9121131897, -10.3189401627, 84.7662582397, -1.58122050762, -13.8643188477, 81.1244506836, 53.1001358032], [-282.47277832, -101.856124878, 164.465454102, 312.51852417, 144.53074646, 33.6325912476, -40.1679153442, -30.500497818, 66.5084457397, -6.88324451447, -28.5315322876, 59.294506073, 48.0797157288], [-355.557525635, -9.02436828613, 126.13494873, 144.53074646, 305.869018555, 43.2126922607, 0.374090850353, 16.0186843872, 80.1451416016, 22.7521495819, 4.19470071793, 30.0889720917, -8.05415344238], [-189.05607605, -42.4886436462, 113.429931641, 33.6325912476, 43.2126922607, 150.521057129, 67.3595046997, 18.3564376831, 37.981967926, 26.4230937958, 14.119146347, 18.5278644562, 8.95020484924], [-7.25831270218, 50.2611732483, 39.9121131897, -40.1679153442, 0.374090850353, 67.3595046997, 169.806427002, 51.2557449341, 10.5585536957, 33.8913040161, 43.6144447327, -1.90293931961, 12.3118715286], [-54.5107955933, 69.0205154419, -10.3189401627, -30.500497818, 16.0186843872, 18.3564376831, 51.2557449341, 107.119842529, 33.5756149292, 10.8233976364, 10.8902740479, -8.54616737366, -8.45370101929], [-170.895812988, -77.6187896729, 84.7662582397, 66.5084457397, 80.1451416016, 37.981967926, 10.5585536957, 33.5756149292, 125.812782288, 49.5520591736, 0.691291451454, 20.3075714111, 10.04292202], [122.128242493, -57.252155304, -1.58122050762, -6.88324451447, 22.7521495819, 26.4230937958, 33.8913040161, 10.8233976364, 49.5520591736, 121.170913696, 52.1663284302, -3.02672719955, -1.9872045517], [34.4358711243, 26.8423786163, -13.8643188477, -28.5315322876, 4.19470071793, 14.119146347, 43.6144447327, 10.8902740479, 0.691291451454, 52.1663284302, 94.2148590088, 26.2432918549, -4.06542301178], [-159.768814087, -53.6608505249, 81.1244506836, 59.294506073, 30.0889720917, 18.5278644562, -1.90293931961, -8.54616737366, 20.3075714111, -3.02672719955, 26.2432918549, 89.2291259766, 41.8908843994], [-146.549224854, 12.5941104889, 53.1001358032, 48.0797157288, -8.05415344238, 8.95020484924, 12.3118715286, -8.45370101929, 10.04292202, -1.9872045517, -4.06542301178, 41.8908843994, 107.312202454]]
        icov: [[0.000360551959602, 0.000423266377766, 0.000278076709947, -4.4997457735e-05, 0.000158816706971, 0.000332219729898, -0.000229014825891, -0.000124220998259, 0.000510493002366, -0.000359425990609, -6.38964193058e-05, 0.000369723828044, 0.000124792466522], [0.000423266377766, 0.00185780844186, 0.00105626985896, -1.36213866426e-05, -0.000334404263413, 0.000280643318547, -0.000476780318422, -0.000871591968462, 0.000947042834014, 0.000798019813374, -0.00113079696894, 0.00145264493767, -0.000902781961486], [0.000278076709947, 0.00105626985896, 0.00243661692366, -0.000353059498593, -0.00040232372703, -0.000671265064739, -0.000803721311968, 4.81105635117e-05, -9.44304338191e-05, 0.000690895947628, 1.0747813576e-05, -0.000292753713438, -0.000533603946678], [-4.4997457735e-05, -1.36213866426e-05, -0.000353059498593, 0.00574436038733, -0.00211715721525, -0.000553619523998, 0.00090707174968, 0.0015837631654, -0.00157575961202, 0.000388578308048, 0.00154574681073, -0.00192283815704, -0.00158702884801], [0.000158816706971, -0.000334404263413, -0.00040232372703, -0.00211715721525, 0.00522688124329, -7.79970505391e-05, -4.50827137684e-05, -0.000344658532413, -0.00170403788798, -0.000508635304868, -0.000315679732012, -0.000442938675405, 0.00209159660153], [0.000332219729898, 0.000280643318547, -0.000671265064739, -0.000553619523998, -7.79970505391e-05, 0.0100093204528, -0.00415073987097, 0.0002889247844, -0.000648422806989, -0.00151207286399, 0.00114329729695, -0.00117083720397, 0.00119230686687], [-0.000229014825891, -0.000476780318422, -0.000803721311968, 0.00090707174968, -4.50827137684e-05, -0.00415073987097, 0.0104500101879, -0.00372297782451, 0.000749715487473, -0.0001445159578, -0.00412073964253, 0.00242759753019, -0.00259150285274], [-0.000124220998259, -0.000871591968462, 4.81105635117e-05, 0.0015837631654, -0.000344658532413, 0.0002889247844, -0.00372297782451, 0.0138473222032, -0.00585529906675, 0.00220323330723, -0.000392944377381, 0.000490418984555, 0.00104972196277], [0.000510493002366, 0.000947042834014, -9.44304338191e-05, -0.00157575961202, -0.00170403788798, -0.000648422806989, 0.000749715487473, -0.00585529906675, 0.0165881291032, -0.00831872411072, 0.00484519219026, -0.00284476112574, 0.000305222900352], [-0.000359425990609, 0.000798019813374, 0.000690895947628, 0.000388578308048, -0.000508635304868, -0.00151207286399, -0.0001445159578, 0.00220323330723, -0.00831872411072, 0.0178532116115, -0.0116910338402, 0.00692275166512, -0.00285856402479], [-6.38964193058e-05, -0.00113079696894, 1.0747813576e-05, 0.00154574681073, -0.000315679732012, 0.00114329729695, -0.00412073964253, -0.000392944377381, 0.00484519219026, -0.0116910338402, 0.0234283637255, -0.0127643868327, 0.00487074023113], [0.000369723828044, 0.00145264493767, -0.000292753713438, -0.00192283815704, -0.000442938675405, -0.00117083720397, 0.00242759753019, 0.000490418984555, -0.00284476112574, 0.00692275166512, -0.0127643868327, 0.0231520254165, -0.00796156190336], [0.000124792466522, -0.000902781961486, -0.000533603946678, -0.00158702884801, 0.00209159660153, 0.00119230686687, -0.00259150285274, 0.00104972196277, 0.000305222900352, -0.00285856402479, 0.00487074023113, -0.00796156190336, 0.0142185492441]]
    spectral_contrast:
        mean: [-6.39169684291e-07, -1.96017538201e-07, -3.1780521681e-07, -1.60515170933e-07, 2.17187874796e-07, -1.91438530805e-07, -4.41750444224e-06, -1.90555499557e-06, -4.89123704028e-06, -1.81987331871e-06, -5.5244674968e-07, 4.13921156905e-07]
        var: [0.00041510144365, 0.000921045022551, 0.00149443442933, 0.0037881503813, 0.00536465272307, 0.00742187257856, 0.0625719055533, 0.0959880426526, 0.166237726808, 0.472340375185, 0.576496779919, 2.22912240028]

rhythm:
    beats_loudness:
        dmean: 0.00441124523059
        dmean2: 0.00822800304741
        dvar: 3.54194708052e-05
        dvar2: 0.000109916072688
        max: 0.0236838590354
        mean: 0.00557589437813
        min: 0.00103008886799
        var: 2.22611743084e-05
    beats_loudness_bass:
        dmean: 0.148980602622
        dmean2: 0.216149479151
        dvar: 0.015276633203
        dvar2: 0.0326307080686
        max: 0.566718697548
        mean: 0.168429076672
        min: 0.0135920438915
        var: 0.0281707271934
    bpm: 123.641235352
    bpm_confidence: 0
    first_peak_bpm: 124
    first_peak_spread: 0
    first_peak_weight: 0.950000047684
    onset_rate: 3.98763012886
    second_peak_bpm: 111
    second_peak_spread: 0
    second_peak_weight: 0.0500000007451
    beats_position: [0.0565101057291, 0.540094792843, 1.02367949486, 1.50726413727, 1.99084889889, 2.47443366051, 2.95801830292, 3.44160294533, 3.92518782616, 4.40877246857, 4.8923573494, 5.37594223022, 5.85952711105, 6.39790153503, 6.88536119461, 7.37282037735, 7.86027908325, 8.34773826599, 8.83519649506, 9.32265663147, 9.81011486053]
    bpm_estimates: [123.655075073, 122.550102234, 125.975524902, 125.657432556, 123.496765137, 123.183677673, 123.696708679, 122.876602173, 124.376831055, 124.372489929, 120.212409973]
    bpm_intervals: [0.483584702015, 0.483584702015, 0.48358464241, 0.48358476162, 0.48358476162, 0.48358464241, 0.48358464241, 0.483584880829, 0.48358464241, 0.483584880829, 0.483584880829, 0.483584880829, 0.538374423981, 0.487459659576, 0.487459182739, 0.487458705902, 0.487459182739, 0.487458229065, 0.487460136414, 0.487458229065]
    onset_times: [0.0580498874187, 0.348299324512, 0.53405892849, 0.777868509293, 1.01006805897, 1.27709746361, 1.50929701328, 1.764716506, 1.92725622654, 2.11301589012, 2.19428563118, 2.51936507225, 2.69351482391, 2.82122445107, 3.00698423386, 3.48299312592, 3.95900225639, 4.22603178024, 4.43501138687, 4.46984148026, 4.71365070343, 5.15482997894, 5.34058952332, 5.89786863327, 6.25777769089, 6.39709758759, 6.8963265419, 7.16335582733, 7.26784563065, 7.37233543396, 7.77868461609, 7.91800451279, 8.12698459625, 8.59138298035, 8.8119726181, 9.07900238037, 9.14866256714, 9.35764217377, 9.49696159363, 9.8800907135]
    rubato_start: []
    rubato_stop: []
    perceptual_tempo: "unknown"

sfx:
    inharmonicity:
        dmean: 0.0170331932604
        dmean2: 0.0305306892842
        dvar: 0.000599902414251
        dvar2: 0.00169819430448
        max: 0.141625702381
        mean: 0.0166926365346
        min: 9.33675619308e-06
        var: 0.000592704047449
    oddtoevenharmonicenergyratio:
        dmean: 1.93019473553
        dmean2: 3.40784096718
        dvar: 52.4264526367
        dvar2: 126.384239197
        max: 102.649688721
        mean: 1.84771287441
        min: 4.47747261205e-05
        var: 44.7846679688
    pitch_after_max_to_before_max_energy_ratio: 0.791912853718
    pitch_centroid: 255.550048828
    pitch_max_to_total: 0.875
    pitch_min_to_total: 0.675925910473
    tristimulus:
        dmean: [0.194218426943, 0.182777255774, 0.0581934452057]
        dmean2: [0.334754735231, 0.310929119587, 0.103066898882]
        dvar: [0.0401314236224, 0.0368403457105, 0.00660593248904]
        dvar2: [0.0979707315564, 0.0901673436165, 0.0191929396242]
        max: [0.98660326004, 0.954790234566, 0.602321982384]
        mean: [0.56008797884, 0.365369915962, 0.061033912003]
        min: [0.00539609557018, 0, 0]
        var: [0.0725797712803, 0.066510759294, 0.00631813611835]

tonal:
    chords_changes_rate: 0.0462962947786
    chords_number_rate: 0.0324074067175
    chords_strength:
        dmean: 0.0100800404325
        dmean2: 0.00999851059169
        dvar: 6.7827240855e-05
        dvar2: 7.86819582572e-05
        max: 0.697607457638
        mean: 0.553484678268
        min: 0.317652970552
        var: 0.00614984659478
    key_strength: 0.769687533379
    tuning_diatonic_strength: 0.58168387413
    tuning_equal_tempered_deviation: 0.104968167841
    tuning_frequency: 438.731048584
    tuning_nontempered_energy_ratio: 0.692289471626
    hpcp:
        dmean: [0.169148415327, 0.195339456201, 0.114634588361, 0.077938400209, 0.10790258646, 0.121304146945, 0.142207950354, 0.126979261637, 0.090001553297, 0.0915905088186, 0.0971154049039, 0.10552816093, 0.0979013964534, 0.0888616815209, 0.0640294328332, 0.0867691412568, 0.0721218660474, 0.04159681499, 0.041579797864, 0.0709031522274, 0.113574698567, 0.121245145798, 0.0971766337752, 0.0524864271283, 0.0428001619875, 0.0828073099256, 0.119658961892, 0.119268737733, 0.0874176323414, 0.0484490469098, 0.0409350655973, 0.0571479015052, 0.0887496322393, 0.101472012699, 0.144541457295, 0.21083047986]
        dmean2: [0.29274597764, 0.345387637615, 0.202660486102, 0.141630113125, 0.194653570652, 0.191639140248, 0.242448225617, 0.207635313272, 0.160611614585, 0.155041411519, 0.168657764792, 0.18851968646, 0.159575343132, 0.146967068315, 0.10775206238, 0.138673722744, 0.113878875971, 0.0699995979667, 0.0644366964698, 0.124014355242, 0.199698314071, 0.204729199409, 0.152227595448, 0.0951739177108, 0.0761315748096, 0.146424457431, 0.198876902461, 0.198091119528, 0.150701418519, 0.0915677249432, 0.0718659833074, 0.0983863174915, 0.151149019599, 0.181229829788, 0.27270847559, 0.36401373148]
        dvar: [0.0607589222491, 0.0663300529122, 0.0367963090539, 0.0335075370967, 0.0541784316301, 0.0436388812959, 0.0645956248045, 0.033791102469, 0.0370756015182, 0.0429394729435, 0.0298112649471, 0.0393956787884, 0.0338708683848, 0.0255542527884, 0.0142465606332, 0.0294845607132, 0.0222303085029, 0.00829488784075, 0.00884198956192, 0.0289872828871, 0.0383775271475, 0.0391817465425, 0.0186306517571, 0.0131835276261, 0.0074704606086, 0.0277991760522, 0.0440305657685, 0.0400297753513, 0.0235859230161, 0.0162051320076, 0.0158631503582, 0.0180665701628, 0.033056974411, 0.0330453813076, 0.0528360716999, 0.0664282515645]
        dvar2: [0.155641213059, 0.200925856829, 0.107086539268, 0.0791867151856, 0.140266090631, 0.094636797905, 0.146292060614, 0.0840233564377, 0.0978894531727, 0.0958371087909, 0.0776907429099, 0.114326566458, 0.0620910637081, 0.0638087615371, 0.0385750122368, 0.0653490647674, 0.0534364245832, 0.0224133655429, 0.0161979421973, 0.0727643445134, 0.105979457498, 0.0889249891043, 0.0450338125229, 0.038238350302, 0.0194791033864, 0.0739498957992, 0.112214751542, 0.0867410898209, 0.060357298702, 0.0512436777353, 0.0407601483166, 0.0418411940336, 0.0857769921422, 0.0919787064195, 0.157982870936, 0.194476634264]
        max: [1, 1, 1, 1, 1, 1, 1, 1, 1, 1, 0.832775354385, 1, 1, 1, 1, 1, 1, 0.745192587376, 1, 1, 1, 1, 0.988565504551, 1, 0.41585239768, 0.994415223598, 1, 1, 1, 1, 1, 1, 0.959740996361, 1, 1, 1]
        mean: [0.430979013443, 0.296131193638, 0.0955032333732, 0.0658939257264, 0.0907291546464, 0.153442785144, 0.206587284803, 0.146692618728, 0.0942450836301, 0.10009110719, 0.0844910740852, 0.115388736129, 0.168838754296, 0.116270244122, 0.0681151598692, 0.115921638906, 0.0963611081243, 0.0474715493619, 0.0527828782797, 0.0604097172618, 0.134857773781, 0.217919230461, 0.145732671022, 0.0478145219386, 0.0380647368729, 0.0661287903786, 0.133360043168, 0.158889696002, 0.0932757407427, 0.03976361081, 0.038016743958, 0.053818654269, 0.0904337540269, 0.118479117751, 0.122492849827, 0.264339983463]
        min: [0.00106852618046, 0.000530221150257, 0.000229622106417, 0.000169180726516, 0.000238670356339, 0.000577239494305, 0.000575879297685, 0.00104868528433, 0.000388873304473, 0.000418745505158, 5.32594967808e-05, 8.08411787148e-05, 0.000385356135666, 0.000314749748213, 0.000199223402888, 0.000106787338154, 0.000317408994306, 0.00037163705565, 0.000248536060099, 0.000142524062539, 0.000278599851299, 0.000364426960004, 0.000503462739289, 0.000235199942836, 0.000150152191054, 0.000106046150904, 5.68172727071e-05, 8.75034238561e-05, 0.000258258514805, 0.00030842985143, 0.000122850149637, 8.55142570799e-05, 0.000116279785288, 0.000223968032515, 0.000193909392692, 0.00113302655518]
        var: [0.181166931987, 0.0958398208022, 0.0343342125416, 0.0308743007481, 0.0497820451856, 0.0690654069185, 0.111808568239, 0.0576528757811, 0.0437506251037, 0.0504690408707, 0.0280531123281, 0.04438021034, 0.083322159946, 0.0418254882097, 0.0138576840982, 0.0559178031981, 0.0385902710259, 0.00855177734047, 0.018359111622, 0.0237313508987, 0.0433508194983, 0.0901392400265, 0.0388971529901, 0.0093291439116, 0.00589758856222, 0.022010229528, 0.057469535619, 0.0660254284739, 0.0246331673115, 0.0105992620811, 0.0132578313351, 0.0183004699647, 0.0408587232232, 0.0496905371547, 0.0520226210356, 0.084051400423]
    chords_histogram: [33.3333320618, 0.462962955236, 2.77777767181, 0, 0, 0, 0, 0, 0, 0, 0, 0, 0, 0, 0, 10.1851854324, 0, 20.8333339691, 0, 0, 0, 17.5925922394, 3.70370364189, 11.1111106873]
    thpcp: [1, 0.687112808228, 0.22159601748, 0.152893587947, 0.210518732667, 0.356033086777, 0.479344189167, 0.340370684862, 0.21867673099, 0.232241258025, 0.196044519544, 0.267736315727, 0.39175632596, 0.269781678915, 0.158047512174, 0.268972814083, 0.223586544394, 0.1101481691, 0.122472040355, 0.140168577433, 0.312910288572, 0.505637705326, 0.338143318892, 0.110943965614, 0.0883215591311, 0.153438538313, 0.309435129166, 0.368671536446, 0.216427564621, 0.0922634527087, 0.088210195303, 0.124875344336, 0.209833309054, 0.274906933308, 0.28421998024, 0.613347709179]
    chords_key: "A"
    chords_scale: "major"
    key_key: "A"
    key_scale: "major"
    chords_progression: ["Bm", "Bm", "Bm", "Bm", "Bm", "Bm", "Bm", "Bm", "Bm", "Bm", "Bm", "Bm", "Bm", "Bm", "Bm", "Bm", "Bm", "Bm", "Bm", "Bm", "Bm", "Bm", "Bm", "Bm", "Bm", "Bm", "Bm", "Bm", "Bm", "Bm", "Bm", "Bm", "Bm", "Bm", "Bm", "Bm", "Bm", "Bm", "E", "E", "E", "E", "E", "E", "C#m", "A", "A", "A", "A", "A", "A", "A", "A", "A", "A", "A", "A", "A", "A", "A", "A", "A", "A", "A", "A", "A", "A", "A", "A", "A", "A", "A", "A", "A", "A", "A", "A", "A", "A", "A", "A", "A", "A", "A", "A", "A", "A", "A", "A", "A", "A", "A", "A", "F#m", "A", "A", "F#m", "F#m", "F#m", "F#m", "F#m", "F#m", "F#m", "F#m", "F#m", "F#m", "F#m", "F#m", "F#m", "F#m", "F#m", "F#m", "F#m", "F#m", "F#m", "F#m", "F#m", "F#m", "F#m", "A", "A", "A", "A", "A", "A", "A", "A", "A", "A", "A", "A", "A", "A", "A", "A", "A", "A", "A", "A", "A", "A", "Am", "Am", "Am", "Am", "Am", "Am", "Am", "Am", "Am", "Am", "Am", "Am", "Am", "Am", "Am", "Am", "Am", "Am", "Am", "Am", "Am", "Am", "Am", "Am", "Am", "Am", "Am", "Am", "Am", "Am", "Am", "Am", "Am", "Am", "Am", "Am", "Am", "Am", "Am", "Am", "Am", "Am", "Am", "Am", "Am", "D", "D", "D", "D", "D", "D", "D", "D", "Dm", "Dm", "Dm", "Dm", "Dm", "Dm", "Dm", "Dm", "Dm", "Dm", "Dm", "Dm", "Dm", "Dm", "Dm", "Dm", "Dm", "Dm", "Dm", "Dm", "Dm", "Dm"]
