
metadata:
    version:
        essentia: "1.2.2"
    audio_properties:
        analysis_sample_rate: 44100
        bitrate: 128
        channels: 2
        equal_loudness: 1
        length: 10.0048980713
        replay_gain: -9.38617324829
        downmix: "mix"
    tags:
        track: 27
        year: 0
        album: "Splitted by Mp3Splt v. 2.1"
        artist: "From 004.20 To 004.30"
        comment: "http://mp3splt.sf.net"
        genre: ""
        title: "12 Nova.mp3"

highlevel:
    ballroom:
        all:
            ChaChaCha: 0.0710870102048
            Jive: 0.00704839872196
            Quickstep: 0.012827180326
            Rumba-American: 0.00876186601818
            Rumba-International: 0.12144459784
            Rumba-Misc: 0.242930725217
            Samba: 0.0212161466479
            Tango: 0.175279557705
            VienneseWaltz: 0.221897095442
            Waltz: 0.117507405579
        probability: 0.242930725217
        value: "Rumba-Misc"
    culture:
        all:
            non_western: 0.437013655901
            western: 0.562986314297
        probability: 0.562986314297
        value: "western"
    gender:
        all:
            female: 0.699444234371
            male: 0.300555765629
        probability: 0.699444234371
        value: "female"
    genre_dortmund:
        all:
            alternative: 0.021294536069
            blues: 0.00170202436857
            electronic: 0.495421946049
            folkcountry: 0.029945332557
            funksoulrnb: 0.00907968077809
            jazz: 0.328234136105
            pop: 0.018586916849
            raphiphop: 0.055541548878
            rock: 0.0401938930154
        probability: 0.495421946049
        value: "electronic"
    genre_electronica:
        all:
            ambient: 0.379517376423
            dnb: 0.0163434185088
            house: 0.382198005915
            techno: 0.209501951933
            trance: 0.0124392369762
        probability: 0.382198005915
        value: "house"
    genre_rosamerica:
        all:
            cla: 0.0880041643977
            dan: 0.119443953037
            hip: 0.0877401083708
            jaz: 0.236776396632
            pop: 0.0660045519471
            rhy: 0.300229281187
            roc: 0.0579342879355
            spe: 0.0438672490418
        probability: 0.300229281187
        value: "rhy"
    genre_tzanetakis:
        all:
            blu: 0.178022280335
            cla: 0.0554118007421
            cou: 0.0548439957201
            dis: 0.0302866790444
            hip: 0.0971666350961
            jaz: 0.0495547242463
            met: 0.0147246653214
            pop: 0.0527702942491
            reg: 0.395395874977
            roc: 0.0718230679631
        probability: 0.395395874977
        value: "reg"
    live_studio:
        all:
            live: 0.0789174959064
            studio: 0.921082496643
        probability: 0.921082496643
        value: "studio"
    mood:
        all:
            Cluster1: 0.136838659644
            Cluster2: 0.160842940211
            Cluster3: 0.573194086552
            Cluster4: 0.0356153771281
            Cluster5: 0.0935089513659
        probability: 0.573194086552
        value: "Cluster3"
    mood_acoustic:
        all:
            acoustic: 0.59852451086
            not_acoustic: 0.401475518942
        probability: 0.59852451086
        value: "acoustic"
    mood_aggressive:
        all:
            aggressive: 0.0609169378877
            not_aggressive: 0.939083039761
        probability: 0.939083039761
        value: "not_aggressive"
    mood_electronic:
        all:
            electronic: 0.855247080326
            not_electronic: 0.144752889872
        probability: 0.855247080326
        value: "electronic"
    mood_happy:
        all:
            happy: 0.0329255275428
            not_happy: 0.967074453831
        probability: 0.967074453831
        value: "not_happy"
    mood_party:
        all:
            not_party: 0.929824650288
            party: 0.0701753422618
        probability: 0.929824650288
        value: "not_party"
    mood_relaxed:
        all:
            not_relaxed: 0.0580385290086
            relaxed: 0.941961467266
        probability: 0.941961467266
        value: "relaxed"
    mood_sad:
        all:
            not_sad: 0.247757017612
            sad: 0.752242982388
        probability: 0.752242982388
        value: "sad"
    rhythm:
        all:
            fast: 0.00600748881698
            medium: 0.404259383678
            slow: 0.589733123779
        probability: 0.589733123779
        value: "slow"
    speech_music:
        all:
            music: 0.999715209007
            speech: 0.000284815236228
        probability: 0.999715209007
        value: "music"
    timbre:
        all:
            bright: 0.0661476477981
            dark: 0.933852374554
        probability: 0.933852374554
        value: "dark"
    voice_instrumental:
        all:
            instrumental: 0.994533360004
            voice: 0.00546661764383
        probability: 0.994533360004
        value: "instrumental"

lowlevel:
    average_loudness: 0.883505880833
    barkbands_kurtosis:
        dmean: 6.63650989532
        dmean2: 10.353304863
        dvar: 121.7108078
        dvar2: 277.0050354
        max: 119.930213928
        mean: 11.4640522003
        min: -1.82071721554
        var: 225.795837402
    barkbands_skewness:
        dmean: 0.721477150917
        dmean2: 1.07673335075
        dvar: 0.648429572582
        dvar2: 1.44228422642
        max: 8.76165294647
        mean: 1.72715342045
        min: -1.25789427757
        var: 2.07789444923
    barkbands_spread:
        dmean: 3.22042632103
        dmean2: 4.79808759689
        dvar: 41.0601234436
        dvar2: 90.1906585693
        max: 75.9211196899
        mean: 8.09269046783
        min: 0.38686683774
        var: 112.203575134
    dissonance:
        dmean: 0.0511796325445
        dmean2: 0.0880986228585
        dvar: 0.00215195911005
        dvar2: 0.00579098518938
        max: 0.499999880791
        mean: 0.402637273073
        min: 0.154129415751
        var: 0.00443793041632
    hfc:
        dmean: 0.579740583897
        dmean2: 0.813790500164
        dvar: 1.20553433895
        dvar2: 2.08216691017
        max: 12.7010574341
        mean: 1.54992449284
        min: 0.0275929924101
        var: 3.47928762436
    pitch:
        dmean: 360.081970215
        dmean2: 693.308105469
        dvar: 1026766.4375
        dvar2: 2695896.25
        max: 4900
        mean: 531.906311035
        min: 68.7987518311
        var: 1015663.375
    pitch_instantaneous_confidence:
        dmean: 0.0926601067185
        dmean2: 0.152847632766
        dvar: 0.00632488634437
        dvar2: 0.0138313891366
        max: 0.949138224125
        mean: 0.486931145191
        min: 0.160022199154
        var: 0.0243374276906
    pitch_salience:
        dmean: 0.0743333846331
        dmean2: 0.11775355041
        dvar: 0.00485004205257
        dvar2: 0.0106087410823
        max: 0.8082280159
        mean: 0.574251234531
        min: 0.163360953331
        var: 0.0147888055071
    silence_rate_20dB:
        dmean: 0
        dmean2: 0
        dvar: 0
        dvar2: 0
        max: 1
        mean: 1
        min: 1
        var: 0
    silence_rate_30dB:
        dmean: 0
        dmean2: 0
        dvar: 0
        dvar2: 0
        max: 1
        mean: 1
        min: 1
        var: 0
    silence_rate_60dB:
        dmean: 0.0510440841317
        dmean2: 0.102325581014
        dvar: 0.0484385304153
        dvar2: 0.0918554291129
        max: 1
        mean: 0.495370358229
        min: 0
        var: 0.249979525805
    spectral_centroid:
        dmean: 81.78881073
        dmean2: 116.23890686
        dvar: 26170.921875
        dvar2: 55101.8867188
        max: 2404.77783203
        mean: 406.437835693
        min: 121.886154175
        var: 67935.765625
    spectral_complexity:
        dmean: 1.26046514511
        dmean2: 2.04662013054
        dvar: 2.91820335388
        dvar2: 6.10507106781
        max: 27
        mean: 5.06032466888
        min: 0
        var: 7.92211675644
    spectral_crest:
        dmean: 2.71087503433
        dmean2: 4.35960054398
        dvar: 6.09917545319
        dvar2: 14.3436946869
        max: 25.9420127869
        mean: 11.7302265167
        min: 3.90856981277
        var: 19.915271759
    spectral_decrease:
        dmean: 2.31820659891e-10
        dmean2: 3.53072682202e-10
        dvar: 9.10700392768e-20
        dvar2: 1.78584675335e-19
        max: -4.90553301105e-12
        mean: -8.93134566304e-10
        min: -3.71922515008e-09
        var: 5.60460049746e-19
    spectral_energy:
        dmean: 0.000918342440855
        dmean2: 0.00139669317286
        dvar: 1.44755836118e-06
        dvar2: 2.80128983832e-06
        max: 0.0144004393369
        mean: 0.00351147633046
        min: 2.36794166995e-05
        var: 8.72500822879e-06
    spectral_energyband_high:
        dmean: 3.51126145688e-05
        dmean2: 4.77504072478e-05
        dvar: 1.09914362056e-08
        dvar2: 2.1786039639e-08
        max: 0.00103531160858
        mean: 4.7271616495e-05
        min: 1.47156486996e-09
        var: 1.86481212694e-08
    spectral_energyband_low:
        dmean: 0.000348274421412
        dmean2: 0.000495082931593
        dvar: 3.93408498667e-07
        dvar2: 6.66964979246e-07
        max: 0.0080552212894
        mean: 0.000898597412743
        min: 7.03663602053e-07
        var: 1.56614953539e-06
    spectral_energyband_middle_high:
        dmean: 7.75811786298e-05
        dmean2: 0.000108320484287
        dvar: 4.03460944653e-08
        dvar2: 7.03983005224e-08
        max: 0.00277473917231
        mean: 0.000120822471217
        min: 2.03045487979e-07
        var: 8.63063434053e-08
    spectral_energyband_middle_low:
        dmean: 0.000757588073611
        dmean2: 0.00116793636698
        dvar: 9.72106704467e-07
        dvar2: 2.17129877456e-06
        max: 0.0098337046802
        mean: 0.00244477298111
        min: 8.46334660309e-06
        var: 5.03008777741e-06
    spectral_flatness_db:
        dmean: 0.0327149741352
        dmean2: 0.0492437928915
        dvar: 0.00119475903921
        dvar2: 0.00238130800426
        max: 0.485901176929
        mean: 0.32385841012
        min: 0.0972460582852
        var: 0.00635267468169
    spectral_flux:
        dmean: 0.00691228639334
        dmean2: 0.0107106762007
        dvar: 4.98408880958e-05
        dvar2: 0.000111210189061
        max: 0.070698954165
        mean: 0.0232826080173
        min: 0.00252360617742
        var: 0.000190502061741
    spectral_kurtosis:
        dmean: 25.9710845947
        dmean2: 41.5071487427
        dvar: 1460.56738281
        dvar2: 3281.79907227
        max: 383.663482666
        mean: 59.3789367676
        min: -0.755706787109
        var: 5256.41357422
    spectral_rms:
        dmean: 0.000232522477745
        dmean2: 0.000346020620782
        dvar: 6.20525284489e-08
        dvar2: 1.05818884322e-07
        max: 0.00374822737649
        mean: 0.00166369508952
        min: 0.000151992993779
        var: 6.57949556171e-07
    spectral_rolloff:
        dmean: 168.10899353
        dmean2: 297.750091553
        dvar: 318710.03125
        dvar2: 657262.5625
        max: 5318.70117188
        mean: 593.437011719
        min: 129.19921875
        var: 512273.90625
    spectral_skewness:
        dmean: 1.35198795795
        dmean2: 2.10243535042
        dvar: 2.49800038338
        dvar2: 5.50439453125
        max: 16.9326553345
        mean: 4.92513895035
        min: 0.139858186245
        var: 12.4668884277
    spectral_spread:
        dmean: 534304.5
        dmean2: 810572.6875
        dvar: 585863593984
        dvar2: 916852375552
        max: 7946094.5
        mean: 2390235.5
        min: 305005.0625
        var: 3.31970038989e+12
    spectral_strongpeak:
        dmean: 0.146400138736
        dmean2: 0.237642690539
        dvar: 0.0321415178478
        dvar2: 0.0781542435288
        max: 1.39115154743
        mean: 0.338989853859
        min: 0.00151875906158
        var: 0.0863508060575
    zerocrossingrate:
        dmean: 0.00550281628966
        dmean2: 0.00633627455682
        dvar: 5.81490930927e-05
        dvar2: 7.45829602238e-05
        max: 0.12158203125
        mean: 0.0256840474904
        min: 0.00537109375
        var: 0.000325157452608
    barkbands:
        dmean: [5.83327960157e-07, 0.00017656997079, 0.000219209265197, 0.000156471622176, 0.000199998714379, 0.000480145215988, 0.00024645664962, 0.000133613226353, 2.72705747193e-05, 4.32830938735e-06, 4.38143615611e-06, 4.01356828661e-06, 3.13305804411e-06, 6.61045078232e-06, 5.52647361474e-06, 5.45334523849e-06, 7.29564635549e-06, 1.53241289809e-05, 2.66611768893e-05, 2.34685012401e-05, 1.52835837071e-05, 7.72470684751e-06, 2.42488567892e-06, 1.32732429847e-06, 4.23306296682e-08, 6.39729769158e-10, 1.60509924796e-10]
        dmean2: [9.58982127486e-07, 0.000267351744696, 0.000308253860567, 0.000256609433563, 0.000327183428453, 0.000751447456423, 0.000359290686902, 0.000198840440135, 4.26212573075e-05, 6.75767432767e-06, 7.31746649762e-06, 6.24908125246e-06, 5.10470727022e-06, 1.21380544442e-05, 8.86273301148e-06, 8.83217671799e-06, 1.14987124107e-05, 2.40538756771e-05, 3.81858881155e-05, 3.59081677743e-05, 2.20818692469e-05, 1.1534958503e-05, 3.48825460605e-06, 2.12498298424e-06, 6.85193981553e-08, 9.8998642617e-10, 2.90582835571e-10]
        dvar: [8.22036666168e-13, 7.70143770978e-08, 1.63485566418e-07, 4.61608529179e-08, 9.24232352872e-08, 6.77004095451e-07, 2.12989007764e-07, 8.3921676719e-08, 5.41135758425e-09, 7.76912700839e-11, 2.35796604464e-10, 1.25433122222e-10, 9.53629189504e-11, 2.21623563945e-09, 3.15528103645e-10, 2.84917228699e-10, 5.8784194179e-10, 2.8072160152e-09, 9.85275683263e-09, 4.42872538642e-09, 2.05937511488e-09, 7.03689162496e-10, 7.27765625541e-11, 3.24122811923e-11, 2.13311864645e-14, 3.21402764087e-18, 6.20537259982e-20]
        dvar2: [1.81192452535e-12, 1.36955051744e-07, 2.93660860962e-07, 1.13881093e-07, 2.44358659529e-07, 1.5950128045e-06, 4.04664945108e-07, 1.50394569687e-07, 1.39321940651e-08, 1.87980242483e-10, 6.39526598345e-10, 2.93096019677e-10, 2.32782418341e-10, 6.53378906534e-09, 7.81563203045e-10, 6.94249435718e-10, 1.51503176671e-09, 6.55723297882e-09, 1.86477446817e-08, 9.71715508058e-09, 4.21450074839e-09, 1.53423651561e-09, 1.45922010586e-10, 8.19229614701e-11, 5.44277384935e-14, 7.68111810447e-18, 1.87059877418e-19]
        max: [6.72102896715e-06, 0.00365105457604, 0.00540267629549, 0.00217944942415, 0.0032235016115, 0.00837212614715, 0.00529920589179, 0.00431540003046, 0.000886400346644, 7.89273617556e-05, 0.000211835766095, 0.000155213376274, 0.000170766681549, 0.000730910454877, 0.000228117642109, 0.000235000232351, 0.000340094586136, 0.00068063440267, 0.0018891232321, 0.000677323318087, 0.000427032529842, 0.000265079201199, 8.74814068084e-05, 5.08189841639e-05, 1.56872499701e-06, 2.69003308517e-08, 1.72767899986e-09]
        mean: [9.77039690042e-07, 0.000476126384456, 0.000421509583248, 0.000221025184146, 0.000354314252036, 0.000970303197391, 0.000520919158589, 0.000327040266711, 5.03798983118e-05, 6.07241372563e-06, 4.80765720567e-06, 4.91650371259e-06, 4.55356484963e-06, 6.59160741634e-06, 6.28731640973e-06, 6.44106421532e-06, 9.17176839721e-06, 1.89867914742e-05, 3.86459250876e-05, 2.93676821457e-05, 1.9732682631e-05, 9.14101019589e-06, 2.9839261515e-06, 1.13835051252e-06, 4.54848816389e-08, 7.50635165137e-10, 1.25791863037e-10]
        min: [6.28328500341e-11, 1.85750366199e-07, 2.19093251985e-07, 8.279167929e-08, 4.17504878669e-07, 2.67346763394e-07, 1.10086645577e-07, 1.05060189526e-06, 5.21238945339e-08, 2.10535446854e-08, 6.29072349767e-09, 1.17418954559e-08, 8.12446110388e-09, 7.76481723364e-09, 5.17027443081e-09, 5.12298026223e-09, 2.07546446696e-09, 9.38330857458e-10, 1.19244514263e-09, 7.78565989457e-10, 6.18691209375e-10, 1.00210624521e-10, 3.15031820075e-11, 1.37333833541e-11, 5.17816854933e-13, 1.99845412977e-14, 1.50836514401e-15]
        var: [1.94612143241e-12, 4.65590744625e-07, 4.26340449167e-07, 7.65561125604e-08, 1.48769814245e-07, 1.701174142e-06, 7.92109119629e-07, 3.75910673256e-07, 1.25776482562e-08, 1.09646527968e-10, 1.84811263515e-10, 1.46495843234e-10, 1.16524220828e-10, 1.35015409963e-09, 3.56944890312e-10, 3.37206901291e-10, 7.04242997251e-10, 3.93360588546e-09, 2.15752802291e-08, 6.88811807592e-09, 3.39003514149e-09, 9.46019818038e-10, 1.06479450257e-10, 2.69073218567e-11, 2.34850929936e-14, 6.13041088192e-18, 5.15892094716e-20]
    mfcc:
        mean: [-906.487915039, 226.089691162, -4.07302570343, 71.2969284058, -13.3230714798, -4.74411725998, -18.6944046021, -11.5294246674, -12.9132432938, 3.24687004089, 2.77752399445, 8.70053863525, 0.686616241932]
        cov: [[14698.9150391, -6752.64111328, 385.87588501, 1589.63244629, -1171.4777832, 274.93258667, -212.916915894, 965.491638184, -112.765258789, 712.724243164, -233.774658203, 33.4442062378, -243.5105896], [-6752.64111328, 4923.21728516, -654.217102051, -942.456237793, 811.082336426, -342.301300049, 114.732521057, -493.175994873, 150.041625977, -402.52532959, 120.18397522, -62.95079422, 118.382507324], [385.87588501, -654.217102051, 888.874084473, -70.6128921509, -174.252456665, 216.371704102, 16.9245662689, 108.414123535, 15.3275489807, 78.1800994873, -22.4669475555, 58.1903190613, -33.9264678955], [1589.63244629, -942.456237793, -70.6128921509, 693.444091797, -182.859024048, 27.7499771118, -3.8959069252, 190.357055664, -34.7401199341, 111.710113525, -43.7696723938, -12.933008194, -45.5831336975], [-1171.4777832, 811.082336426, -174.252456665, -182.859024048, 413.00189209, -28.610956192, 81.3880157471, -108.090957642, 50.8396492004, -104.813278198, 30.1250572205, -42.6302871704, 21.0006275177], [274.93258667, -342.301300049, 216.371704102, 27.7499771118, -28.610956192, 302.720062256, 32.315158844, 60.6312255859, -12.6895284653, 51.2782936096, -47.5421791077, 36.2897987366, -11.9435300827], [-212.916915894, 114.732521057, 16.9245662689, -3.8959069252, 81.3880157471, 32.315158844, 133.750457764, 39.3450164795, 48.160369873, -29.3487129211, 0.382244735956, -25.2782917023, 11.1035823822], [965.491638184, -493.175994873, 108.414123535, 190.357055664, -108.090957642, 60.6312255859, 39.3450164795, 203.509109497, 44.3063278198, 82.9109115601, -31.0262622833, 1.32421517372, -37.948387146], [-112.765258789, 150.041625977, 15.3275489807, -34.7401199341, 50.8396492004, -12.6895284653, 48.160369873, 44.3063278198, 145.57208252, 36.791557312, 16.9803924561, -23.7566680908, 14.7819061279], [712.724243164, -402.52532959, 78.1800994873, 111.710113525, -104.813278198, 51.2782936096, -29.3487129211, 82.9109115601, 36.791557312, 137.168029785, 7.93648767471, 10.9797124863, -13.483092308], [-233.774658203, 120.18397522, -22.4669475555, -43.7696723938, 30.1250572205, -47.5421791077, 0.382244735956, -31.0262622833, 16.9803924561, 7.93648767471, 71.3272247314, 5.30941963196, 18.7439823151], [33.4442062378, -62.95079422, 58.1903190613, -12.933008194, -42.6302871704, 36.2897987366, -25.2782917023, 1.32421517372, -23.7566680908, 10.9797124863, 5.30941963196, 60.9185409546, 10.7991571426], [-243.5105896, 118.382507324, -33.9264678955, -45.5831336975, 21.0006275177, -11.9435300827, 11.1035823822, -37.948387146, 14.7819061279, -13.483092308, 18.7439823151, 10.7991571426, 73.6674118042]]
        icov: [[0.000244837749051, 0.000297791702906, 0.000154646884766, 6.0326019593e-05, -8.04369774414e-05, 0.000194327018107, 0.000165642690263, -0.000529371842276, 8.1003185187e-05, -0.000352738745278, 0.000330235168803, 7.62665013099e-06, 3.01381278405e-05], [0.000297791702906, 0.000826588599011, 0.000378642696887, 0.00037393157254, -0.000479856011225, 0.000425329024438, 8.59553692862e-05, -0.000193230385776, -0.000519194290973, 0.000143254117575, 0.000409777479945, -0.00044871555292, 0.000246973184403], [0.000154646884766, 0.000378642696887, 0.00188972521573, 0.000708895211574, 0.000604253495112, -0.000829952128697, -0.000343893509125, -0.00060773716541, -0.000511912803631, 3.60515005013e-05, -0.000234685343457, -0.000913932337426, 0.000946608022787], [6.0326019593e-05, 0.00037393157254, 0.000708895211574, 0.00276797031984, 7.01667522662e-05, 0.000336011289619, -0.00038018199848, -0.00206234864891, 0.00138484349009, -0.00125319033395, 0.000568211835343, 0.000732515240088, -9.20932652662e-05], [-8.04369774414e-05, -0.000479856011225, 0.000604253495112, 7.01667522662e-05, 0.00512831332162, -0.0014515731018, -0.00180358218495, 0.00175812665839, -0.00168540433515, 0.00218646368012, -0.00187827181071, 0.00153503695037, 0.00129840953741], [0.000194327018107, 0.000425329024438, -0.000829952128697, 0.000336011289619, -0.0014515731018, 0.00640130741522, -0.00305902422406, 0.000418584706495, 0.00168739003129, -0.00442095613107, 0.00532943056896, -0.00391731085256, -1.66277932294e-05], [0.000165642690263, 8.59553692862e-05, -0.000343893509125, -0.00038018199848, -0.00180358218495, -0.00305902422406, 0.0155546432361, -0.00676106428728, -0.00272156856954, 0.00716481916606, -0.00383453234099, 0.00607126951218, -0.00385022466071], [-0.000529371842276, -0.000193230385776, -0.00060773716541, -0.00206234864891, 0.00175812665839, 0.000418584706495, -0.00676106428728, 0.0153022808954, -0.00445785932243, -0.00343773979694, 0.0037012367975, -0.00432776054367, 0.00543105602264], [8.1003185187e-05, -0.000519194290973, -0.000511912803631, 0.00138484349009, -0.00168540433515, 0.00168739003129, -0.00272156856954, -0.00445785932243, 0.0137411300093, -0.00702141644433, 2.37354174715e-06, 0.0043334835209, -0.00408712169155], [-0.000352738745278, 0.000143254117575, 3.60515005013e-05, -0.00125319033395, 0.00218646368012, -0.00442095613107, 0.00716481916606, -0.00343773979694, -0.00702141644433, 0.0197754278779, -0.00835707597435, 0.00157619768288, 0.000577741244342], [0.000330235168803, 0.000409777479945, -0.000234685343457, 0.000568211835343, -0.00187827181071, 0.00532943056896, -0.00383453234099, 0.0037012367975, 2.37354174715e-06, -0.00835707597435, 0.0225049331784, -0.00569835538045, -0.00186018133536], [7.62665013099e-06, -0.00044871555292, -0.000913932337426, 0.000732515240088, 0.00153503695037, -0.00391731085256, 0.00607126951218, -0.00432776054367, 0.0043334835209, 0.00157619768288, -0.00569835538045, 0.0260316785425, -0.00638575432822], [3.01381278405e-05, 0.000246973184403, 0.000946608022787, -9.20932652662e-05, 0.00129840953741, -1.66277932294e-05, -0.00385022466071, 0.00543105602264, -0.00408712169155, 0.000577741244342, -0.00186018133536, -0.00638575432822, 0.0189966913313]]
    spectral_contrast:
        mean: [-2.44421386242e-07, -3.69140821022e-07, -5.64593221952e-07, -1.63342306791e-07, -7.67530821122e-08, -2.06368980571e-07, 1.4895975653e-07, -2.58284489973e-06, 3.66755273262e-07, 1.5134877458e-06, 3.68967971554e-06, 3.22003370457e-06]
        var: [0.000640039914288, 0.000902043480892, 0.00126372324303, 0.00209968374111, 0.00324093713425, 0.00558642623946, 0.100674413145, 0.186664819717, 0.289695620537, 0.463639229536, 0.964965224266, 6.31806898117]

rhythm:
    beats_loudness:
        dmean: 0.00199375138618
        dmean2: 0.00369149493054
        dvar: 5.71041482544e-06
        dvar2: 1.8818598619e-05
        max: 0.0120235234499
        mean: 0.00470413034782
        min: 0.00189908558968
        var: 5.57238399779e-06
    beats_loudness_bass:
        dmean: 0.216888651252
        dmean2: 0.379673600197
        dvar: 0.0317061431706
        dvar2: 0.101913131773
        max: 0.668388366699
        mean: 0.284601330757
        min: 0.0180230531842
        var: 0.0321772620082
    bpm: 81.2931442261
    bpm_confidence: 0
    first_peak_bpm: 165
    first_peak_spread: 0
    first_peak_weight: 0.727272748947
    onset_rate: 4.19794368744
    second_peak_bpm: 81
    second_peak_spread: 0
    second_peak_weight: 0.227272734046
    beats_position: [0.0629421770573, 0.427584141493, 0.792226076126, 1.15686810017, 1.521510005, 1.88615202904, 2.25079393387, 2.6154358387, 2.98007798195, 3.3447201252, 3.70936226845, 4.07400417328, 4.43864631653, 4.80328845978, 5.16793060303, 5.53257274628, 5.89721488953, 6.14254522324, 6.88062000275, 7.61869382858, 8.35676765442, 9.09484291077, 9.83291625977]
    bpm_estimates: [81.6908950806, 81.0816040039, 81.0933837891, 81.3023071289, 81.3219299316, 81.268737793]
    bpm_intervals: [0.364641964436, 0.364641934633, 0.36464202404, 0.364641904831, 0.36464202404, 0.364641904831, 0.364641904831, 0.36464214325, 0.36464214325, 0.36464214325, 0.364641904831, 0.36464214325, 0.36464214325, 0.36464214325, 0.36464214325, 0.36464214325, 0.24533033371, 0.73807477951, 0.738073825836, 0.738073825836, 0.738075256348, 0.738073348999]
    onset_times: [0.0348299331963, 0.197369620204, 0.592108845711, 0.719818592072, 0.824308395386, 0.940408170223, 1.30031740665, 1.48607707024, 1.59056687355, 1.62539684772, 1.69505667686, 2.04335594177, 2.34521532059, 2.4497051239, 2.60063481331, 2.9837641716, 3.11147403717, 3.19274377823, 3.23918366432, 3.52943301201, 3.7151927948, 4.06349229813, 4.41179132462, 4.81814050674, 5.01551008224, 5.22448968887, 5.38702964783, 5.56117916107, 5.74693870544, 5.87464857101, 5.92108821869, 6.13006782532, 6.45514726639, 6.84988641739, 7.19818592072, 7.44199562073, 7.58131504059, 8.17342376709, 8.34757328033, 8.63782310486, 9.0906124115, 9.84526062012]
    rubato_start: [6.88062000275]
    rubato_stop: [9.83291625977]
    perceptual_tempo: "unknown"

sfx:
    inharmonicity:
        dmean: 0.0199646744877
        dmean2: 0.0365170650184
        dvar: 0.000725077465177
        dvar2: 0.00200583343394
        max: 0.160951286554
        mean: 0.0155137730762
        min: 0
        var: 0.000638626865111
    oddtoevenharmonicenergyratio:
        dmean: 9.59844970703
        dmean2: 18.2618942261
        dvar: 1720.36633301
        dvar2: 5340.7421875
        max: 425.169952393
        mean: 5.81319284439
        min: 0
        var: 1031.95544434
    pitch_after_max_to_before_max_energy_ratio: 1.68734693527
    pitch_centroid: 179.765319824
    pitch_max_to_total: 0.352668225765
    pitch_min_to_total: 0.626450121403
    tristimulus:
        dmean: [0.277392536402, 0.272311210632, 0.0415563881397]
        dmean2: [0.505035638809, 0.498735040426, 0.0728216916323]
        dvar: [0.0674695894122, 0.066104568541, 0.00843330007046]
        dvar2: [0.162078857422, 0.162028521299, 0.0228862501681]
        max: [1, 0.948559820652, 0.744643747807]
        mean: [0.650954902172, 0.299130290747, 0.035626899451]
        min: [0.0139496158808, 0, 0]
        var: [0.086515262723, 0.0780802890658, 0.00687478855252]

tonal:
    chords_changes_rate: 0.0276497695595
    chords_number_rate: 0.0138248847798
    chords_strength:
        dmean: 0.00791887845844
        dmean2: 0.00698769371957
        dvar: 3.92277324863e-05
        dvar2: 3.01402542391e-05
        max: 0.634110033512
        mean: 0.520526587963
        min: 0.42172524333
        var: 0.00219038780779
    key_strength: 0.870131969452
    tuning_diatonic_strength: 0.590363442898
    tuning_equal_tempered_deviation: 0.0455347634852
    tuning_frequency: 437.971466064
    tuning_nontempered_energy_ratio: 0.686668038368
    hpcp:
        dmean: [0.0294160246849, 0.040950268507, 0.128333166242, 0.176564976573, 0.106528900564, 0.0216763745993, 0.011777382344, 0.0221673827618, 0.0737381651998, 0.113733761013, 0.125987395644, 0.182989701629, 0.204846695065, 0.222031995654, 0.13196618855, 0.0437991805375, 0.0173304881901, 0.0295897517353, 0.069469101727, 0.0667499229312, 0.0346454307437, 0.0160687230527, 0.03252665326, 0.104673139751, 0.211433902383, 0.235744073987, 0.17484216392, 0.139435917139, 0.146438851953, 0.0650058686733, 0.0504196099937, 0.0565453991294, 0.0925568416715, 0.101117148995, 0.0708117410541, 0.0428933799267]
        dmean2: [0.0540356226265, 0.0713266059756, 0.2232850492, 0.27917727828, 0.174714848399, 0.0359932780266, 0.019836332649, 0.04080395028, 0.138464868069, 0.209493145347, 0.220497697592, 0.317619562149, 0.314135074615, 0.389619171619, 0.235904812813, 0.0795925408602, 0.0331966727972, 0.0500731803477, 0.107717365026, 0.10388161242, 0.0569677725434, 0.0273378398269, 0.0568844787776, 0.159831911325, 0.352419525385, 0.411112099886, 0.278408557177, 0.255898326635, 0.257395744324, 0.117894761264, 0.0883566588163, 0.0951074659824, 0.152162596583, 0.164844021201, 0.11210256815, 0.0771342664957]
        dvar: [0.00702157616615, 0.0089151924476, 0.0261699296534, 0.0454123951495, 0.0178229566664, 0.00220778910443, 0.00173107488081, 0.00328869372606, 0.0169333778322, 0.0257897991687, 0.0354622490704, 0.0469200573862, 0.0490762405097, 0.0565673187375, 0.0393390655518, 0.0108937090263, 0.00180539709982, 0.0022649182938, 0.0140552362427, 0.0130546009168, 0.00464737974107, 0.00277170678601, 0.00362780736759, 0.0157422106713, 0.0706609115005, 0.0718388557434, 0.0345713943243, 0.068553507328, 0.050287630409, 0.0219015553594, 0.0172466244549, 0.0116736665368, 0.0219240672886, 0.0247221793979, 0.00831957906485, 0.00944345630705]
        dvar2: [0.0187740530819, 0.017160858959, 0.0593696422875, 0.100103706121, 0.0348418802023, 0.00366694922559, 0.00447978032753, 0.00918260589242, 0.0504370704293, 0.0764034092426, 0.108690530062, 0.133667945862, 0.10651910305, 0.158452600241, 0.111349701881, 0.0317074395716, 0.00544897140935, 0.00604293681681, 0.0328746587038, 0.0256930571049, 0.0115509722382, 0.00417736638337, 0.00768489111215, 0.0306784436107, 0.126962140203, 0.159366458654, 0.0824724063277, 0.142525225878, 0.125998556614, 0.0624917969108, 0.0469638258219, 0.0303203444928, 0.0490816868842, 0.0515022985637, 0.0161323323846, 0.0250432733446]
        max: [0.653291881084, 1, 1, 1, 1, 0.553253173828, 0.435680538416, 0.469477206469, 1, 0.861515522003, 1, 1, 1, 1, 1, 0.679353833199, 0.2323487252, 0.359136283398, 1, 1, 0.609073162079, 0.655752539635, 0.532647907734, 0.831634223461, 1, 1, 1, 1, 1, 1, 1, 0.814615190029, 1, 1, 1, 0.952292025089]
        mean: [0.0204865615815, 0.0298610907048, 0.154187917709, 0.253618121147, 0.139957979321, 0.0238460991532, 0.00977239198983, 0.0153745086864, 0.0578332543373, 0.0978570729494, 0.131734877825, 0.258209496737, 0.404061615467, 0.311432808638, 0.106824867427, 0.0288392137736, 0.0111759686843, 0.032923143357, 0.12704244256, 0.143070578575, 0.0505703873932, 0.0143608693033, 0.0243712943047, 0.128976508975, 0.333939909935, 0.299247860909, 0.255653351545, 0.335304915905, 0.183945074677, 0.0450979396701, 0.0372911691666, 0.0518025122583, 0.110344357789, 0.16036619246, 0.104956619442, 0.0339609831572]
        min: [0, 6.90715605742e-05, 0.000776813423727, 0.00173182331491, 0.000461767398519, 4.17562441726e-05, 3.12533484248e-05, 3.08493581542e-05, 0.000179506198037, 0.000141462733154, 0.000238100270508, 0.000350269052433, 0.000726667465642, 0.000454824126791, 5.85197849432e-05, 6.94129857948e-06, 1.33330331664e-05, 0.000124195503304, 9.85853912425e-05, 3.27821544488e-05, 2.85629648715e-05, 1.05759927465e-05, 8.27133135317e-06, 5.58026731596e-05, 0.000303714186884, 0.000681815785356, 0.000107958599983, 6.2283477746e-05, 0.000193122643395, 0.000115932598419, 0.000102002137282, 8.97901409189e-05, 0.000202960844035, 0.0012727965368, 0.000185681303265, 0]
        var: [0.00454287556931, 0.00765274418518, 0.0389415286481, 0.0921128019691, 0.0288916602731, 0.00261326041073, 0.00111396890134, 0.00203447067179, 0.0122828781605, 0.0215187650174, 0.0376628637314, 0.082473360002, 0.138850808144, 0.0954939648509, 0.0362254232168, 0.00719104707241, 0.00103632896207, 0.00314650475048, 0.0443159714341, 0.0676080957055, 0.0127639686689, 0.00274681276642, 0.00316947209649, 0.029336610809, 0.133997052908, 0.106542766094, 0.08505962044, 0.189232051373, 0.0722356066108, 0.0137650826946, 0.0114504918456, 0.00972342584282, 0.0317421071231, 0.0592477284372, 0.0280071645975, 0.00827257055789]
    chords_histogram: [35.0230407715, 60.3686637878, 0.460829496384, 0, 0, 0, 0, 0, 0, 0, 0, 0, 0, 0, 0, 0, 0, 0, 0, 0, 0, 0, 0, 4.14746522903]
    thpcp: [1, 0.770755767822, 0.264377653599, 0.0713733062148, 0.0276590697467, 0.0814805030823, 0.314413547516, 0.354081094265, 0.125155135989, 0.0355412848294, 0.0603157877922, 0.319200098515, 0.82645791769, 0.740599572659, 0.632708847523, 0.829836130142, 0.455240160227, 0.111611537635, 0.0922907963395, 0.128204494715, 0.273087948561, 0.396885484457, 0.259754002094, 0.0840490236878, 0.0507015772164, 0.0739023163915, 0.38159507513, 0.627671897411, 0.346377819777, 0.0590159967542, 0.0241854004562, 0.0380499102175, 0.14312979579, 0.242183536291, 0.326026707888, 0.639034926891]
    chords_key: "A#"
    chords_scale: "minor"
    key_key: "F#"
    key_scale: "major"
    chords_progression: ["A#m", "A#m", "A#m", "A#m", "A#m", "A#m", "A#m", "A#m", "A#m", "A#m", "A#m", "A#m", "A#m", "A#m", "A#m", "A#m", "A#m", "A#m", "A#m", "A#m", "A#m", "A#m", "A#m", "A#m", "A#m", "A#m", "A#m", "A#m", "A#m", "A#m", "A#m", "A#m", "A#m", "A#m", "A#m", "A#m", "A#m", "A#m", "A#m", "A#m", "A#m", "A#m", "A#m", "A#m", "A#m", "A#m", "A#m", "A#m", "A#m", "A#m", "A#m", "A#m", "A#m", "F#", "F#", "F#", "F#", "F#", "F#", "F#", "F#", "F#", "F#", "F#", "F#", "F#", "F#", "F#", "F#", "F#", "F#", "F#", "F#", "F#", "F#", "F#", "F#", "F#", "F#", "F#", "F#", "F#", "F#", "F#", "F#", "F#", "F#", "F#", "F#", "F#", "F#", "F#", "F#", "F#", "D#m", "D#m", "D#m", "D#m", "D#m", "D#m", "D#m", "D#m", "D#m", "F#", "F#", "F#", "F#", "F#", "F#", "F#", "F#", "F#", "F#", "F#", "F#", "F#", "F#", "F#", "F#", "F#", "F#", "F#", "F#", "F#", "F#", "F#", "F#", "F#", "F#", "F#", "F#", "F#", "F#", "F#", "F#", "F#", "F#", "F#", "A#m", "A#m", "A#m", "A#m", "A#m", "A#m", "A#m", "A#m", "A#m", "A#m", "A#m", "A#m", "A#m", "A#m", "A#m", "A#m", "A#m", "A#m", "A#m", "A#m", "A#m", "A#m", "A#m", "A#m", "A#m", "A#m", "A#m", "A#m", "A#m", "A#m", "A#m", "C#", "A#m", "A#m", "A#m", "A#m", "A#m", "A#m", "A#m", "A#m", "A#m", "A#m", "A#m", "A#m", "A#m", "A#m", "A#m", "A#m", "A#m", "A#m", "A#m", "A#m", "A#m", "A#m", "A#m", "A#m", "A#m", "A#m", "A#m", "A#m", "A#m", "A#m", "A#m", "A#m", "A#m", "A#m", "A#m", "A#m", "A#m", "A#m", "A#m", "A#m", "A#m", "A#m", "A#m", "A#m", "A#m", "A#m", "A#m"]
