
metadata:
    version:
        essentia: "1.2.2"
    audio_properties:
        analysis_sample_rate: 44100
        bitrate: 128
        channels: 2
        equal_loudness: 1
        length: 10.0310201645
        replay_gain: -14.2634124756
        downmix: "mix"
    tags:
        track: 15
        year: 0
        album: "Splitted by Mp3Splt v. 2.1"
        artist: "From 002.20 To 002.30"
        comment: "http://mp3splt.sf.net"
        genre: ""
        title: "07 Will You Still Love Me.mp3"

highlevel:
    ballroom:
        all:
            ChaChaCha: 0.199987545609
            Jive: 0.362098246813
            Quickstep: 0.0844728574157
            Rumba-American: 0.00495185842738
            Rumba-International: 0.0967811644077
            Rumba-Misc: 0.0227889884263
            Samba: 0.1043407619
            Tango: 0.0335961692035
            VienneseWaltz: 0.0748688429594
            Waltz: 0.0161135625094
        probability: 0.362098246813
        value: "Jive"
    culture:
        all:
            non_western: 0.0117446277291
            western: 0.988255381584
        probability: 0.988255381584
        value: "western"
    gender:
        all:
            female: 0.811624407768
            male: 0.188375592232
        probability: 0.811624407768
        value: "female"
    genre_dortmund:
        all:
            alternative: 0.204027354717
            blues: 0.00805435143411
            electronic: 0.0517989993095
            folkcountry: 0.138169631362
            funksoulrnb: 0.00493454560637
            jazz: 0.0193511042744
            pop: 0.133592963219
            raphiphop: 0.00220746849664
            rock: 0.437863588333
        probability: 0.437863588333
        value: "rock"
    genre_electronica:
        all:
            ambient: 0.159908369184
            dnb: 0.262329816818
            house: 0.0388699285686
            techno: 0.0132197951898
            trance: 0.525672078133
        probability: 0.525672078133
        value: "trance"
    genre_rosamerica:
        all:
            cla: 0.00770795997232
            dan: 0.026223147288
            hip: 0.000899769598618
            jaz: 0.00648475764319
            pop: 0.019404290244
            rhy: 0.00288711930625
            roc: 0.935858905315
            spe: 0.000534059654456
        probability: 0.935858905315
        value: "roc"
    genre_tzanetakis:
        all:
            blu: 0.00803530775011
            cla: 0.020071906969
            cou: 0.0838523283601
            dis: 0.0463593155146
            hip: 0.0032031070441
            jaz: 0.105011291802
            met: 0.0298346169293
            pop: 0.24590267241
            reg: 0.0170077327639
            roc: 0.440721720457
        probability: 0.440721720457
        value: "roc"
    live_studio:
        all:
            live: 0.46928408742
            studio: 0.530715882778
        probability: 0.530715882778
        value: "studio"
    mood:
        all:
            Cluster1: 0.624127566814
            Cluster2: 0.086682267487
            Cluster3: 0.0940090492368
            Cluster4: 0.0754252225161
            Cluster5: 0.119755864143
        probability: 0.624127566814
        value: "Cluster1"
    mood_acoustic:
        all:
            acoustic: 0.0433011911809
            not_acoustic: 0.956698834896
        probability: 0.956698834896
        value: "not_acoustic"
    mood_aggressive:
        all:
            aggressive: 0.263894200325
            not_aggressive: 0.736105799675
        probability: 0.736105799675
        value: "not_aggressive"
    mood_electronic:
        all:
            electronic: 0.572040617466
            not_electronic: 0.427959352732
        probability: 0.572040617466
        value: "electronic"
    mood_happy:
        all:
            happy: 0.622206866741
            not_happy: 0.377793133259
        probability: 0.622206866741
        value: "happy"
    mood_party:
        all:
            not_party: 0.802728176117
            party: 0.197271794081
        probability: 0.802728176117
        value: "not_party"
    mood_relaxed:
        all:
            not_relaxed: 0.354479193687
            relaxed: 0.645520806313
        probability: 0.645520806313
        value: "relaxed"
    mood_sad:
        all:
            not_sad: 0.299808084965
            sad: 0.700191915035
        probability: 0.700191915035
        value: "sad"
    rhythm:
        all:
            fast: 0.706876456738
            medium: 0.208888977766
            slow: 0.0842345356941
        probability: 0.706876456738
        value: "fast"
    speech_music:
        all:
            music: 0.999928414822
            speech: 7.16004142305e-05
        probability: 0.999928414822
        value: "music"
    timbre:
        all:
            bright: 0.868393838406
            dark: 0.131606146693
        probability: 0.868393838406
        value: "bright"
    voice_instrumental:
        all:
            instrumental: 0.198388502002
            voice: 0.801611483097
        probability: 0.801611483097
        value: "voice"

lowlevel:
    average_loudness: 0.984058558941
    barkbands_kurtosis:
        dmean: 0.788315594196
        dmean2: 1.24240243435
        dvar: 2.48288083076
        dvar2: 5.42752313614
        max: 22.0357761383
        mean: -0.27111235261
        min: -1.71719479561
        var: 5.62632846832
    barkbands_skewness:
        dmean: 0.322537720203
        dmean2: 0.4968521595
        dvar: 0.103394620121
        dvar2: 0.206231713295
        max: 4.5376906395
        mean: 0.805433809757
        min: -0.51287817955
        var: 0.467416405678
    barkbands_spread:
        dmean: 4.62214279175
        dmean2: 7.25004148483
        dvar: 20.170507431
        dvar2: 45.5482559204
        max: 53.2436256409
        mean: 31.3026657104
        min: 5.98324966431
        var: 58.1098518372
    dissonance:
        dmean: 0.0137332994491
        dmean2: 0.022404987365
        dvar: 0.000146375823533
        dvar2: 0.000385272869607
        max: 0.498787105083
        mean: 0.463158786297
        min: 0.401088625193
        var: 0.000351196038537
    hfc:
        dmean: 2.17602562904
        dmean2: 3.20094966888
        dvar: 18.18009758
        dvar2: 41.6457328796
        max: 38.7185096741
        mean: 5.30080699921
        min: 0.712291955948
        var: 25.3697681427
    pitch:
        dmean: 152.525619507
        dmean2: 296.463989258
        dvar: 342021.375
        dvar2: 1003691.125
        max: 4009.09082031
        mean: 222.560302734
        min: 78.1914901733
        var: 182206.453125
    pitch_instantaneous_confidence:
        dmean: 0.069623477757
        dmean2: 0.106498867273
        dvar: 0.00425094226375
        dvar2: 0.00851814355701
        max: 0.795869410038
        mean: 0.41374450922
        min: 0.164307594299
        var: 0.0156922582537
    pitch_salience:
        dmean: 0.0530843138695
        dmean2: 0.0849996879697
        dvar: 0.00217414507642
        dvar2: 0.00520961452276
        max: 0.815432846546
        mean: 0.596075713634
        min: 0.360679239035
        var: 0.00546945026144
    silence_rate_20dB:
        dmean: 0
        dmean2: 0
        dvar: 0
        dvar2: 0
        max: 1
        mean: 1
        min: 1
        var: 0
    silence_rate_30dB:
        dmean: 0
        dmean2: 0
        dvar: 0
        dvar2: 0
        max: 1
        mean: 1
        min: 1
        var: 0
    silence_rate_60dB:
        dmean: 0.0974477976561
        dmean2: 0.193023249507
        dvar: 0.0879517197609
        dvar2: 0.183671966195
        max: 1
        mean: 0.305555552244
        min: 0
        var: 0.212190762162
    spectral_centroid:
        dmean: 192.996414185
        dmean2: 285.046478271
        dvar: 32348.2128906
        dvar2: 60733.7109375
        max: 2325.75
        mean: 1058.18066406
        min: 344.537628174
        var: 130151.398438
    spectral_complexity:
        dmean: 3.81585073471
        dmean2: 5.80373811722
        dvar: 31.6606941223
        dvar2: 65.9476089478
        max: 49
        mean: 13.7325582504
        min: 2
        var: 59.7401123047
    spectral_crest:
        dmean: 1.79833257198
        dmean2: 2.98029875755
        dvar: 2.98108458519
        dvar2: 7.26211643219
        max: 17.9387817383
        mean: 7.039249897
        min: 2.75655269623
        var: 7.61794185638
    spectral_decrease:
        dmean: 3.40018957434e-10
        dmean2: 5.32520527674e-10
        dvar: 2.90882792843e-19
        dvar2: 6.99118888262e-19
        max: -2.09679509866e-10
        mean: -1.09160080974e-09
        min: -4.35910330054e-09
        var: 3.95795376554e-19
    spectral_energy:
        dmean: 0.00145458651241
        dmean2: 0.00225473893806
        dvar: 5.72857288716e-06
        dvar2: 1.36892840601e-05
        max: 0.0196792874485
        mean: 0.00460075214505
        min: 0.000855985621456
        var: 7.75760236138e-06
    spectral_energyband_high:
        dmean: 0.000164570097695
        dmean2: 0.000240998357185
        dvar: 1.10613761706e-07
        dvar2: 2.49066971492e-07
        max: 0.00327761191875
        mean: 0.000239607397816
        min: 6.09653352512e-06
        var: 1.59303212399e-07
    spectral_energyband_low:
        dmean: 0.0003519494785
        dmean2: 0.000605008506682
        dvar: 2.02561579954e-07
        dvar2: 5.62589377751e-07
        max: 0.00288431718946
        mean: 0.000586803245824
        min: 5.11765506417e-07
        var: 2.35715774011e-07
    spectral_energyband_middle_high:
        dmean: 0.000548158364836
        dmean2: 0.000836662016809
        dvar: 1.18640423352e-06
        dvar2: 2.89425997835e-06
        max: 0.00975577253848
        mean: 0.00150745699648
        min: 0.000102058700577
        var: 1.58724196808e-06
    spectral_energyband_middle_low:
        dmean: 0.00082398095401
        dmean2: 0.00132647599094
        dvar: 1.52996233282e-06
        dvar2: 3.6942853967e-06
        max: 0.0111010475084
        mean: 0.00226682657376
        min: 0.000502417213283
        var: 2.16629609895e-06
    spectral_flatness_db:
        dmean: 0.0172375328839
        dmean2: 0.0241249427199
        dvar: 0.000201715913136
        dvar2: 0.0003957838926
        max: 0.253060758114
        mean: 0.151271238923
        min: 0.085533067584
        var: 0.000773041043431
    spectral_flux:
        dmean: 0.00970930047333
        dmean2: 0.015125554055
        dvar: 0.000177590351086
        dvar2: 0.000317778554745
        max: 0.108481064439
        mean: 0.0330750867724
        min: 0.00937725324184
        var: 0.000330054725055
    spectral_kurtosis:
        dmean: 1.58951294422
        dmean2: 2.52337884903
        dvar: 2.06634616852
        dvar2: 4.94047498703
        max: 14.9636249542
        mean: 4.91061115265
        min: 0.979188680649
        var: 4.93602323532
    spectral_rms:
        dmean: 0.000297073973343
        dmean2: 0.000448590348242
        dvar: 1.62354282907e-07
        dvar2: 3.66031258636e-07
        max: 0.00438170088455
        mean: 0.00204521301202
        min: 0.00091384240659
        var: 3.05640554643e-07
    spectral_rolloff:
        dmean: 462.787872314
        dmean2: 750.190185547
        dvar: 237463.5
        dvar2: 464721
        max: 4651.171875
        mean: 2389.53442383
        min: 387.59765625
        var: 661635.1875
    spectral_skewness:
        dmean: 0.214788228273
        dmean2: 0.329458147287
        dvar: 0.0341268889606
        dvar2: 0.0817294418812
        max: 2.91411375999
        mean: 1.61310529709
        min: 0.856373786926
        var: 0.101345770061
    spectral_spread:
        dmean: 637018.75
        dmean2: 786571.5625
        dvar: 560557457408
        dvar2: 1.00864222822e+12
        max: 13445094
        mean: 4083788.5
        min: 2249639
        var: 1.23809077658e+12
    spectral_strongpeak:
        dmean: 0.228647708893
        dmean2: 0.417232394218
        dvar: 0.23357963562
        dvar2: 0.630902171135
        max: 3.0721385479
        mean: 0.340811312199
        min: 0.0243802834302
        var: 0.260820120573
    zerocrossingrate:
        dmean: 0.00813005398959
        dmean2: 0.00946900527924
        dvar: 4.62051575596e-05
        dvar2: 5.45254697499e-05
        max: 0.130859375
        mean: 0.068973697722
        min: 0.01904296875
        var: 0.000320888386341
    barkbands:
        dmean: [1.20567358408e-06, 0.000112526890007, 0.000279857020359, 0.000221173002501, 0.000510130019393, 0.000174404820427, 6.85075865476e-05, 7.73625215515e-05, 0.000111586174171, 8.77502025105e-05, 5.17431217304e-05, 3.54600888386e-05, 3.93166992581e-05, 5.27015181433e-05, 8.47582632559e-05, 8.21129287942e-05, 0.000151069019921, 9.88952961052e-05, 0.000147806204041, 0.000120606899145, 8.66158588906e-05, 1.69818831637e-05, 2.9461914437e-06, 2.45719820668e-06, 8.01479473012e-07, 5.14191675904e-08, 1.03629205217e-09]
        dmean2: [1.83350448424e-06, 0.000199649803108, 0.000469312013593, 0.000349929527147, 0.000828273477964, 0.000277952232864, 0.000105266684841, 0.000122362136608, 0.000200063397642, 0.000141436903505, 8.53232340887e-05, 5.53504833078e-05, 6.31747388979e-05, 8.93928809091e-05, 0.000133122681291, 0.000135385067551, 0.000231695230468, 0.000164911238244, 0.000240088163991, 0.000185377895832, 0.000132092027343, 2.42840997089e-05, 4.15040312873e-06, 3.49437664227e-06, 1.16328101285e-06, 7.74536204062e-08, 1.21900023409e-09]
        dvar: [8.92104619343e-12, 3.65936116964e-08, 1.16520709526e-07, 2.15163140638e-07, 5.76683362397e-07, 4.52080222146e-08, 1.22712648931e-08, 1.90676026079e-08, 1.74684856802e-07, 5.07232229552e-08, 1.18105401015e-08, 3.26601079514e-09, 5.21759835337e-09, 5.26396393141e-09, 1.24624426334e-08, 2.5530766834e-08, 4.1956216279e-08, 4.10018152763e-08, 4.70349235115e-08, 5.81163419611e-08, 3.32719274354e-08, 1.17874709993e-09, 3.27882027085e-11, 6.3364181957e-11, 2.89776080735e-12, 1.27445644505e-14, 2.67270658594e-16]
        dvar2: [1.86356520493e-11, 1.06315027892e-07, 3.21590903241e-07, 4.72989711398e-07, 1.42678595694e-06, 1.01899772176e-07, 2.76925451459e-08, 4.58192666031e-08, 4.90562683808e-07, 1.48605110439e-07, 2.93842070676e-08, 8.89561668771e-09, 1.34130173635e-08, 1.36825883956e-08, 3.04408089846e-08, 6.16409678855e-08, 1.00456688301e-07, 1.11725221075e-07, 1.1275481171e-07, 1.30143206434e-07, 8.04049165026e-08, 2.42232589542e-09, 7.14021550219e-11, 1.56453142108e-10, 6.42656631036e-12, 2.56204393367e-14, 2.6862588484e-16]
        max: [2.28277476708e-05, 0.00131846230943, 0.00281390384771, 0.00697214063257, 0.00641743978485, 0.00269909156486, 0.00138398248237, 0.00120539427735, 0.00415902398527, 0.00284444936551, 0.00106258015148, 0.000529097800609, 0.000864780507982, 0.000690374348778, 0.000956177420449, 0.00178564107046, 0.00226074992679, 0.00189685763326, 0.00200473912992, 0.00185236881953, 0.00195666518994, 0.000297804974252, 4.60784249299e-05, 0.000101209348941, 1.97653953364e-05, 1.10682890408e-06, 3.39200170174e-07]
        mean: [1.46994341321e-06, 0.000150582127389, 0.000434812245658, 0.000377706455765, 0.000968927401118, 0.00045644826605, 0.000134985413752, 0.000180944873136, 9.78004973149e-05, 0.000168827507878, 7.41766198189e-05, 7.43185592e-05, 7.74811705924e-05, 9.26645079744e-05, 0.000166275363881, 0.000134045636514, 0.000306342059048, 0.000159529838129, 0.000223843628191, 0.000157489979756, 0.000132983448566, 2.1467827537e-05, 3.79542143492e-06, 2.86436352326e-06, 9.12485347726e-07, 5.81992551929e-08, 1.00805797043e-09]
        min: [5.59729707028e-10, 1.94280360688e-07, 3.16644218401e-07, 2.77998378806e-06, 2.06134191103e-05, 3.77658143407e-05, 7.89209843788e-06, 4.23392793891e-06, 1.90901482711e-06, 4.27456279795e-06, 1.03799254703e-06, 1.04688876945e-06, 1.63378592788e-06, 1.43553927501e-06, 3.01727754959e-06, 4.60818228021e-06, 8.15837847767e-06, 7.22407185094e-06, 6.81348274156e-06, 3.32002127834e-06, 1.62941387316e-06, 2.76168634628e-07, 3.01503639832e-08, 1.42623832744e-08, 3.10398395875e-09, 1.14604360724e-10, 1.72119412364e-13]
        var: [1.24234667692e-11, 3.05565741598e-08, 1.61515899322e-07, 2.79097037037e-07, 8.07479409559e-07, 1.3227165141e-07, 2.03940100363e-08, 3.36670140655e-08, 1.1382282139e-07, 4.31665334588e-08, 1.16011475981e-08, 5.15727283101e-09, 6.72038735772e-09, 7.59213403256e-09, 2.95895716818e-08, 3.10660475122e-08, 8.94328806567e-08, 3.70015200701e-08, 6.22212468215e-08, 7.07473901684e-08, 4.79737245485e-08, 1.90225835084e-09, 4.78368941681e-11, 6.98341939831e-11, 3.50616020592e-12, 1.83173670052e-14, 2.66748674541e-16]
    mfcc:
        mean: [-715.383666992, 140.87449646, -50.4165382385, 59.6407928467, -4.41267347336, -0.793580591679, -1.25744485855, -7.98721027374, 0.203664764762, -6.93940019608, -11.7399435043, -3.19695043564, -6.84288072586]
        cov: [[1870.22546387, -926.715087891, 188.389801025, -127.909797668, -188.806503296, 46.7426872253, -15.9893579483, -14.9178199768, 14.8524494171, -20.1638259888, -15.6078577042, -54.6928749084, -84.1217346191], [-926.715087891, 715.690063477, -269.018676758, 91.2622528076, 100.415046692, 16.0912590027, 27.8103542328, 28.314157486, 11.0498123169, 56.6988105774, 7.70005989075, 50.9317855835, 43.2845153809], [188.389801025, -269.018676758, 286.831451416, -33.6600418091, -16.3805084229, -37.4067344666, 3.24027252197, -13.1207342148, -11.565700531, -47.7547454834, 13.3066978455, -24.4672298431, -6.855448246], [-127.909797668, 91.2622528076, -33.6600418091, 111.45174408, 32.9671516418, 21.452501297, 14.4305267334, 0.161422297359, -4.92164897919, 9.89937877655, -1.58406794071, 1.81644845009, 0.0132676055655], [-188.806503296, 100.415046692, -16.3805084229, 32.9671516418, 109.811569214, 23.1949157715, 22.0992183685, 10.8761129379, 8.0857591629, -2.74736785889, -1.80912077427, 11.8970298767, 25.8892288208], [46.7426872253, 16.0912590027, -37.4067344666, 21.452501297, 23.1949157715, 95.4734268188, 37.4369125366, 17.447511673, 10.8288154602, 10.48828125, -5.14170694351, 1.91228938103, -7.97773504257], [-15.9893579483, 27.8103542328, 3.24027252197, 14.4305267334, 22.0992183685, 37.4369125366, 63.7757492065, 24.765832901, 6.95280647278, 9.23871803284, 4.90760946274, -3.48045992851, 1.44272828102], [-14.9178199768, 28.314157486, -13.1207342148, 0.161422297359, 10.8761129379, 17.447511673, 24.765832901, 62.5349769592, 23.3343296051, -2.20017647743, -0.232324197888, 5.65034294128, 7.28127145767], [14.8524494171, 11.0498123169, -11.565700531, -4.92164897919, 8.0857591629, 10.8288154602, 6.95280647278, 23.3343296051, 47.9070281982, 17.491891861, 0.704435527325, 4.53481149673, 1.63312160969], [-20.1638259888, 56.6988105774, -47.7547454834, 9.89937877655, -2.74736785889, 10.48828125, 9.23871803284, -2.20017647743, 17.491891861, 66.0665817261, 18.7905502319, 5.81787157059, 0.625191450119], [-15.6078577042, 7.70005989075, 13.3066978455, -1.58406794071, -1.80912077427, -5.14170694351, 4.90760946274, -0.232324197888, 0.704435527325, 18.7905502319, 44.0240287781, 12.3273181915, 12.9132499695], [-54.6928749084, 50.9317855835, -24.4672298431, 1.81644845009, 11.8970298767, 1.91228938103, -3.48045992851, 5.65034294128, 4.53481149673, 5.81787157059, 12.3273181915, 57.9467506409, 9.85077953339], [-84.1217346191, 43.2845153809, -6.855448246, 0.0132676055655, 25.8892288208, -7.97773504257, 1.44272828102, 7.28127145767, 1.63312160969, 0.625191450119, 12.9132499695, 9.85077953339, 66.1351547241]]
        icov: [[0.00217134039849, 0.00329812755808, 0.00147063832264, 0.000173070133314, 0.00125753390603, -0.000889216433279, -0.000750982086174, -0.00011681720207, -0.000629336631391, -0.000670628680382, 0.000135387512273, -0.000450850086054, 0.000248009630013], [0.00329812755808, 0.00797640345991, 0.00485043320805, -0.000907758134417, 1.67505750142e-05, 0.00050339178415, -0.0025179295335, -0.00068811053643, -0.00044639132102, -0.0016197693767, -0.000213661289308, -0.00167926645372, -1.93319210666e-05], [0.00147063832264, 0.00485043320805, 0.0084348609671, -7.63068383094e-05, -0.000643728009891, 0.00290695065632, -0.00430045463145, 0.00156251189765, -0.0017993269721, 0.00418029073626, -0.0043013417162, 0.000811247038655, 0.000818800530396], [0.000173070133314, -0.000907758134417, -7.63068383094e-05, 0.0112380879, -0.00241913786158, -0.00180037401151, -0.000394341885112, 0.000310324277962, 0.00243952870369, -0.00149364524987, 0.000402224541176, 0.000735749665182, 0.001274098875], [0.00125753390603, 1.67505750142e-05, -0.000643728009891, -0.00241913786158, 0.0147086903453, -0.00307743973099, -0.00328008155338, 0.00195189053193, -0.00364425312728, 0.00246518501081, 0.00212842319161, -0.00192646414507, -0.00481204129755], [-0.000889216433279, 0.00050339178415, 0.00290695065632, -0.00180037401151, -0.00307743973099, 0.0171512961388, -0.0092336954549, -6.16169709247e-05, -0.00139334844425, 0.000231392928981, 0.00109482940752, -0.0010175597854, 0.00229301676154], [-0.000750982086174, -0.0025179295335, -0.00430045463145, -0.000394341885112, -0.00328008155338, -0.0092336954549, 0.0280207619071, -0.010305525735, 0.00482239108533, -0.0050652064383, -0.00212850840762, 0.00382939330302, 0.000714560097549], [-0.00011681720207, -0.00068811053643, 0.00156251189765, 0.000310324277962, 0.00195189053193, -6.16169709247e-05, -0.010305525735, 0.0261537581682, -0.0136968009174, 0.00816551130265, -0.00120208400767, -0.00153508980293, -0.00223807734437], [-0.000629336631391, -0.00044639132102, -0.0017993269721, 0.00243952870369, -0.00364425312728, -0.00139334844425, 0.00482239108533, -0.0136968009174, 0.0323784761131, -0.0122777707875, 0.00438594818115, -0.000949166307691, 0.000567450129893], [-0.000670628680382, -0.0016197693767, 0.00418029073626, -0.00149364524987, 0.00246518501081, 0.000231392928981, -0.0050652064383, 0.00816551130265, -0.0122777707875, 0.0273563172668, -0.0128559069708, 0.00173152447678, 0.00121196603868], [0.000135387512273, -0.000213661289308, -0.0043013417162, 0.000402224541176, 0.00212842319161, 0.00109482940752, -0.00212850840762, -0.00120208400767, 0.00438594818115, -0.0128559069708, 0.0338021367788, -0.00719114858657, -0.00617195991799], [-0.000450850086054, -0.00167926645372, 0.000811247038655, 0.000735749665182, -0.00192646414507, -0.0010175597854, 0.00382939330302, -0.00153508980293, -0.000949166307691, 0.00173152447678, -0.00719114858657, 0.0209307856858, -0.000380051555112], [0.000248009630013, -1.93319210666e-05, 0.000818800530396, 0.001274098875, -0.00481204129755, 0.00229301676154, 0.000714560097549, -0.00223807734437, 0.000567450129893, 0.00121196603868, -0.00617195991799, -0.000380051555112, 0.019160669297]]
    spectral_contrast:
        mean: [-4.31674521906e-07, -4.78942354221e-07, -1.46066028606e-07, 4.73042547355e-07, -5.28142209077e-07, 7.44299999411e-09, -3.84075701731e-06, -7.56840350391e-08, -2.33213563661e-06, 9.98308451017e-07, -2.98681641198e-07, -1.66893002529e-07]
        var: [0.000421900709625, 0.000553127378225, 0.000983316567726, 0.00179000745993, 0.00245317700319, 0.00250158202834, 0.0302659291774, 0.0539290346205, 0.103388480842, 0.232909753919, 0.315387636423, 1.56470835209]

rhythm:
    beats_loudness:
        dmean: 0.00452416948974
        dmean2: 0.00876602716744
        dvar: 8.28035263112e-06
        dvar2: 2.95630379696e-05
        max: 0.0124668590724
        mean: 0.00677440082654
        min: 0.00243017193861
        var: 1.05334456748e-05
    beats_loudness_bass:
        dmean: 0.126582831144
        dmean2: 0.24423353374
        dvar: 0.00452642655
        dvar2: 0.0166215132922
        max: 0.37953093648
        mean: 0.197106197476
        min: 0.0485073141754
        var: 0.00863085966557
    bpm: 89.1436080933
    bpm_confidence: 0
    first_peak_bpm: 89
    first_peak_spread: 0
    first_peak_weight: 0.5
    onset_rate: 3.98763012886
    second_peak_bpm: 120
    second_peak_spread: 0
    second_peak_weight: 0.4375
    beats_position: [0.501816809177, 1.17489492893, 1.84797298908, 2.52105093002, 3.19412899017, 3.86720728874, 4.54028558731, 5.21336364746, 5.88644170761, 6.26563358307, 6.76636171341, 7.26709032059, 7.76781892776, 8.26854801178, 8.76927661896, 9.27000522614, 9.77073287964]
    bpm_estimates: [89.3159103394, 89.1478652954, 89.33568573, 89.2342834473, 89.163772583, 89.1321868896, 89.3869171143, 88.432258606]
    bpm_intervals: [0.673078119755, 0.67307806015, 0.673077940941, 0.67307806015, 0.673078298569, 0.673078298569, 0.67307806015, 0.67307806015, 0.379191875458, 0.500728130341, 0.500728607178, 0.500728607178, 0.500729084015, 0.500728607178, 0.500728607178, 0.500727653503]
    onset_times: [0.0580498874187, 0.18575963378, 0.510838985443, 0.835918366909, 1.16099774837, 1.50929701328, 1.68344676495, 2.04335594177, 2.18267583847, 2.51936507225, 3.03020405769, 3.54104304314, 3.72680282593, 3.87773251534, 4.21442174911, 4.38857126236, 4.73687076569, 4.88780021667, 5.22448968887, 5.59600925446, 5.74693870544, 5.92108821869, 6.23455762863, 6.59446716309, 6.91954660416, 7.10530614853, 7.44199562073, 7.59292507172, 7.92961454391, 8.13859367371, 8.28952407837, 8.44045352936, 8.6146030426, 8.8119726181, 8.93968296051, 9.13705253601, 9.27637195587, 9.62467098236, 9.79882049561, 9.97297096252]
    rubato_start: [6.76636171341]
    rubato_stop: [9.77073287964]
    perceptual_tempo: "unknown"

sfx:
    inharmonicity:
        dmean: 0.039326351136
        dmean2: 0.0707355588675
        dvar: 0.00187262345571
        dvar2: 0.00535929575562
        max: 0.266468763351
        mean: 0.0386077985168
        min: 0.000287483533612
        var: 0.00180672062561
    oddtoevenharmonicenergyratio:
        dmean: 1.25300145149
        dmean2: 2.31184577942
        dvar: 6.5287566185
        dvar2: 19.0504875183
        max: 19.1652393341
        mean: 0.915059268475
        min: 0.000438999704784
        var: 4.2368888855
    pitch_after_max_to_before_max_energy_ratio: 1.47852826118
    pitch_centroid: 212.06161499
    pitch_max_to_total: 0.297674417496
    pitch_min_to_total: 0.451162785292
    tristimulus:
        dmean: [0.209048047662, 0.212776631117, 0.091591835022]
        dmean2: [0.372107237577, 0.379179388285, 0.156097993255]
        dvar: [0.0309365559369, 0.0319037586451, 0.00740153342485]
        dvar2: [0.0865389183164, 0.0864546969533, 0.0224148407578]
        max: [0.946316063404, 0.929498851299, 0.4908875525]
        mean: [0.458704471588, 0.416591405869, 0.106331154704]
        min: [0.00637494353577, 0, 0]
        var: [0.0390463359654, 0.0394638814032, 0.00970333535224]

tonal:
    chords_changes_rate: 0.0694444477558
    chords_number_rate: 0.0138888889924
    chords_strength:
        dmean: 0.00400152523071
        dmean2: 0.00442067859694
        dvar: 1.10130476969e-05
        dvar2: 1.40512483995e-05
        max: 0.600850343704
        mean: 0.517309427261
        min: 0.411779463291
        var: 0.00328616681509
    key_strength: 0.871345877647
    tuning_diatonic_strength: 0.639708161354
    tuning_equal_tempered_deviation: 0.0520693846047
    tuning_frequency: 440
    tuning_nontempered_energy_ratio: 0.626170754433
    hpcp:
        dmean: [0.147407710552, 0.149700790644, 0.132129132748, 0.11241915822, 0.0959749743342, 0.122304528952, 0.135675236583, 0.111408606172, 0.11117939651, 0.105875916779, 0.0834923908114, 0.0633121356368, 0.0662662386894, 0.0746435672045, 0.134847506881, 0.180304452777, 0.16955332458, 0.105559960008, 0.0934763327241, 0.104315817356, 0.0969559922814, 0.0825518518686, 0.0612115487456, 0.0561740659177, 0.0460858382285, 0.0351284481585, 0.0639119297266, 0.103774465621, 0.143985182047, 0.243263721466, 0.207442805171, 0.165294453502, 0.114139594138, 0.0945859625936, 0.103484518826, 0.150366038084]
        dmean2: [0.251043021679, 0.264967948198, 0.234997689724, 0.200875610113, 0.17341530323, 0.209411948919, 0.230085551739, 0.195053353906, 0.192450910807, 0.177882418036, 0.151994690299, 0.113295331597, 0.119770951569, 0.132359787822, 0.227360770106, 0.283892720938, 0.288758128881, 0.181129097939, 0.170512735844, 0.195991173387, 0.172314718366, 0.130832880735, 0.104145593941, 0.100502304733, 0.0809609219432, 0.0622259825468, 0.10658095777, 0.172767162323, 0.252850264311, 0.417266100645, 0.348267585039, 0.291050702333, 0.206911832094, 0.175295263529, 0.191320002079, 0.259746342897]
        dvar: [0.0312466304749, 0.04630061239, 0.0445296913385, 0.0364941321313, 0.0280001368374, 0.0213790312409, 0.0262390803546, 0.027511132881, 0.0256362538785, 0.0320431366563, 0.0164384935051, 0.0110014239326, 0.0146758593619, 0.0121099781245, 0.0195798296481, 0.0366834290326, 0.0281845610589, 0.0265767443925, 0.0327695012093, 0.0411752462387, 0.0258989781141, 0.011252740398, 0.00706472247839, 0.0150678912178, 0.00745475757867, 0.00285693514161, 0.00910625420511, 0.0275193154812, 0.0301720798016, 0.0475530698895, 0.0485831014812, 0.0313570648432, 0.0425794944167, 0.0320793278515, 0.0286238212138, 0.0439225919545]
        dvar2: [0.0853776857257, 0.132033497095, 0.115935273468, 0.0983504280448, 0.0791649743915, 0.0601119846106, 0.0655814930797, 0.0798301175237, 0.0675673037767, 0.0749990791082, 0.0476768426597, 0.0307881142944, 0.0398123338819, 0.032283667475, 0.0508623085916, 0.0723307654262, 0.0759742259979, 0.0681495815516, 0.0898781716824, 0.116020321846, 0.0750476196408, 0.0245932806283, 0.0189769528806, 0.0434698760509, 0.0209902543575, 0.00759364524856, 0.0247031524777, 0.0754383355379, 0.0814508646727, 0.15104457736, 0.131343454123, 0.0790519714355, 0.117368213832, 0.0907746180892, 0.087550804019, 0.12671585381]
        max: [1, 1, 1, 1, 1, 0.911679029465, 1, 1, 1, 1, 0.811476290226, 0.853214144707, 0.912471830845, 0.574995160103, 1, 1, 1, 1, 1, 1, 1, 1, 0.672861158848, 0.901090860367, 0.617160201073, 0.405126541853, 0.65528100729, 1, 1, 1, 1, 1, 1, 1, 1, 1]
        mean: [0.311694294214, 0.200159102678, 0.0999424755573, 0.0856688395143, 0.0858299285173, 0.170531824231, 0.203210860491, 0.131916582584, 0.169622138143, 0.191883072257, 0.116602830589, 0.0920279994607, 0.0803591087461, 0.0647959262133, 0.312474280596, 0.598596930504, 0.377590209246, 0.101374000311, 0.0835628062487, 0.0790031254292, 0.115031056106, 0.15440928936, 0.10928080976, 0.0640499591827, 0.0526090785861, 0.039364580065, 0.0938498005271, 0.13846808672, 0.163862243295, 0.510110914707, 0.654933810234, 0.292700886726, 0.0875068679452, 0.0723913088441, 0.101923286915, 0.232433602214]
        min: [0.00149063940626, 0.00134531909134, 0.000854420242831, 0.00120308890473, 0.00105955230538, 0.00148874125443, 0.00274986214936, 0.00266333157197, 0.00245534232818, 0.00213465141132, 0.00332265882753, 0.00270649883896, 0.00116657488979, 0.00135203055106, 0.00420392118394, 0.0064006857574, 0.00642786733806, 0.00207208655775, 0.000982318888418, 0.00154727930203, 0.00142540852539, 0.00115763198119, 0.00109851977322, 0.00264283665456, 0.00199176045135, 0.000953329785261, 0.0030943735037, 0.00389207224362, 0.00652975821868, 0.00513150170445, 0.00517939031124, 0.00478593632579, 0.00148809701204, 0.000705946877133, 0.000755112501793, 0.00087742053438]
        var: [0.0894095748663, 0.0459135919809, 0.0345821492374, 0.0272323582321, 0.0203874465078, 0.0257571674883, 0.0352698937058, 0.0245870836079, 0.0537278316915, 0.0764214992523, 0.0227845292538, 0.0111176706851, 0.0123330932111, 0.00972372759134, 0.0364897549152, 0.10909076035, 0.0513394400477, 0.0241085384041, 0.022942468524, 0.0255512800068, 0.0231028031558, 0.0370968431234, 0.0151433413848, 0.0104833552614, 0.00578998960555, 0.00261546950787, 0.00923583656549, 0.022952100262, 0.032866563648, 0.0888046324253, 0.10557346046, 0.0382888093591, 0.0300747510046, 0.0204541645944, 0.0256652757525, 0.082126006484]
    chords_histogram: [68.055557251, 0, 14.3518514633, 0, 0, 0, 0, 0, 0, 0, 0, 0, 0, 0, 0, 0, 0, 17.5925922394, 0, 0, 0, 0, 0, 0]
    thpcp: [1, 0.446916759014, 0.133611768484, 0.110532253981, 0.155623793602, 0.354896336794, 0.475917249918, 0.305617302656, 0.152599349618, 0.13080534339, 0.131051301956, 0.260380238295, 0.310276955366, 0.201419711113, 0.258991271257, 0.292980849743, 0.178037583828, 0.140514954925, 0.122698061168, 0.0989350751042, 0.477108180523, 0.913980782032, 0.576531887054, 0.154785111547, 0.127589702606, 0.120627649128, 0.175637677312, 0.235763192177, 0.166857793927, 0.0977960824966, 0.0803273245692, 0.0601046681404, 0.143296614289, 0.211423024535, 0.250196635723, 0.778873980045]
    chords_key: "G"
    chords_scale: "major"
    key_key: "G"
    key_scale: "major"
    chords_progression: ["G", "G", "G", "G", "G", "Gm", "Gm", "Gm", "G", "G", "G", "G", "Gm", "Gm", "Gm", "Gm", "Gm", "Gm", "Gm", "Gm", "Gm", "Gm", "Gm", "Gm", "Gm", "Gm", "G", "G", "G", "G", "G", "Gm", "Gm", "Gm", "Gm", "Gm", "Gm", "Gm", "Gm", "Gm", "Gm", "Gm", "Gm", "Gm", "Gm", "Gm", "Gm", "G", "G", "G", "G", "G", "G", "G", "G", "G", "G", "G", "G", "G", "G", "G", "G", "G", "G", "G", "G", "G", "D", "D", "Gm", "G", "G", "D", "D", "D", "D", "D", "D", "D", "D", "D", "D", "D", "D", "D", "D", "D", "D", "D", "D", "D", "D", "D", "D", "D", "D", "D", "D", "D", "D", "D", "G", "G", "Gm", "G", "G", "G", "G", "G", "G", "G", "G", "G", "G", "G", "G", "G", "G", "G", "G", "G", "G", "G", "G", "G", "G", "G", "G", "G", "G", "G", "G", "G", "G", "G", "G", "G", "G", "G", "G", "G", "G", "G", "G", "G", "G", "G", "G", "G", "G", "G", "G", "G", "G", "G", "G", "G", "G", "G", "G", "G", "G", "G", "G", "G", "G", "G", "G", "G", "G", "G", "G", "G", "G", "G", "G", "G", "G", "G", "G", "G", "G", "G", "G", "G", "G", "G", "G", "G", "G", "G", "G", "G", "G", "G", "G", "G", "G", "G", "G", "G", "G", "Gm", "Gm", "Gm", "G", "G", "G", "G", "G", "G", "G", "G", "G", "G"]
