
metadata:
    version:
        essentia: "1.2.2"
    audio_properties:
        analysis_sample_rate: 44100
        bitrate: 128
        channels: 2
        equal_loudness: 1
        length: 10.0310201645
        replay_gain: -11.7068958282
        downmix: "mix"
    tags:
        track: 27
        year: 0
        album: "Splitted by Mp3Splt v. 2.1"
        artist: "From 004.20 To 004.30"
        comment: "http://mp3splt.sf.net"
        genre: ""
        title: "11 How Do You Sleep.mp3"

highlevel:
    ballroom:
        all:
            ChaChaCha: 0.170618653297
            Jive: 0.30133447051
            Quickstep: 0.163772776723
            Rumba-American: 0.00565434945747
            Rumba-International: 0.109115377069
            Rumba-Misc: 0.0288336761296
            Samba: 0.134503573179
            Tango: 0.0160690024495
            VienneseWaltz: 0.0493808165193
            Waltz: 0.0207172818482
        probability: 0.30133447051
        value: "Jive"
    culture:
        all:
            non_western: 0.373600065708
            western: 0.626399934292
        probability: 0.626399934292
        value: "western"
    gender:
        all:
            female: 0.289457887411
            male: 0.710542142391
        probability: 0.710542142391
        value: "male"
    genre_dortmund:
        all:
            alternative: 0.310417741537
            blues: 0.0111558772624
            electronic: 0.0165098123252
            folkcountry: 0.101819485426
            funksoulrnb: 0.0138717424124
            jazz: 0.0181640125811
            pop: 0.058174084872
            raphiphop: 0.00154751341324
            rock: 0.46833974123
        probability: 0.46833974123
        value: "rock"
    genre_electronica:
        all:
            ambient: 0.337477862835
            dnb: 0.218137487769
            house: 0.115891344845
            techno: 0.0337155200541
            trance: 0.294777780771
        probability: 0.337477862835
        value: "ambient"
    genre_rosamerica:
        all:
            cla: 0.0029228546191
            dan: 0.00751346535981
            hip: 0.000985297025181
            jaz: 0.000706982624251
            pop: 0.00679945107549
            rhy: 0.00588576123118
            roc: 0.97337013483
            spe: 0.00181607471313
        probability: 0.97337013483
        value: "roc"
    genre_tzanetakis:
        all:
            blu: 0.00473070517182
            cla: 0.0052418964915
            cou: 0.157573089004
            dis: 0.0566492564976
            hip: 0.00417499942705
            jaz: 0.00517621776089
            met: 0.0118574658409
            pop: 0.0688362494111
            reg: 0.0122497854754
            roc: 0.673510372639
        probability: 0.673510372639
        value: "roc"
    live_studio:
        all:
            live: 0.217350766063
            studio: 0.782649219036
        probability: 0.782649219036
        value: "studio"
    mood:
        all:
            Cluster1: 0.237103521824
            Cluster2: 0.0971413701773
            Cluster3: 0.477476775646
            Cluster4: 0.0278448723257
            Cluster5: 0.160433456302
        probability: 0.477476775646
        value: "Cluster3"
    mood_acoustic:
        all:
            acoustic: 0.322171479464
            not_acoustic: 0.677828490734
        probability: 0.677828490734
        value: "not_acoustic"
    mood_aggressive:
        all:
            aggressive: 0.0367030017078
            not_aggressive: 0.963297009468
        probability: 0.963297009468
        value: "not_aggressive"
    mood_electronic:
        all:
            electronic: 0.0855340659618
            not_electronic: 0.91446596384
        probability: 0.91446596384
        value: "not_electronic"
    mood_happy:
        all:
            happy: 0.677137851715
            not_happy: 0.322862178087
        probability: 0.677137851715
        value: "happy"
    mood_party:
        all:
            not_party: 0.762725353241
            party: 0.237274616957
        probability: 0.762725353241
        value: "not_party"
    mood_relaxed:
        all:
            not_relaxed: 0.275721728802
            relaxed: 0.724278271198
        probability: 0.724278271198
        value: "relaxed"
    mood_sad:
        all:
            not_sad: 0.356703937054
            sad: 0.643296062946
        probability: 0.643296062946
        value: "sad"
    rhythm:
        all:
            fast: 0.414407908916
            medium: 0.272879689932
            slow: 0.312712401152
        probability: 0.414407908916
        value: "fast"
    speech_music:
        all:
            music: 0.999266386032
            speech: 0.000733586784918
        probability: 0.999266386032
        value: "music"
    timbre:
        all:
            bright: 0.981786191463
            dark: 0.0182138048112
        probability: 0.981786191463
        value: "bright"
    voice_instrumental:
        all:
            instrumental: 0.0106321703643
            voice: 0.989367842674
        probability: 0.989367842674
        value: "voice"

lowlevel:
    average_loudness: 0.921890556812
    barkbands_kurtosis:
        dmean: 0.881648182869
        dmean2: 1.35921871662
        dvar: 1.8617682457
        dvar2: 4.13615703583
        max: 29.3001213074
        mean: 1.80541813374
        min: -1.76909065247
        var: 19.0510463715
    barkbands_skewness:
        dmean: 0.29142215848
        dmean2: 0.459511786699
        dvar: 0.0913203135133
        dvar2: 0.232939004898
        max: 4.3195939064
        mean: 1.073579669
        min: -1.65310776234
        var: 0.630239903927
    barkbands_spread:
        dmean: 3.06937026978
        dmean2: 4.76305198669
        dvar: 13.1553621292
        dvar2: 28.3744411469
        max: 64.4217376709
        mean: 24.6699199677
        min: 2.39305782318
        var: 186.080459595
    dissonance:
        dmean: 0.0206150002778
        dmean2: 0.0353737920523
        dvar: 0.000394422502723
        dvar2: 0.00110713939648
        max: 0.498417526484
        mean: 0.441576361656
        min: 0.302070379257
        var: 0.00202391040511
    hfc:
        dmean: 1.15461719036
        dmean2: 1.78600358963
        dvar: 2.94384288788
        dvar2: 6.69466114044
        max: 22.5398139954
        mean: 5.30619287491
        min: 1.40843922054e-05
        var: 18.874376297
    pitch:
        dmean: 422.18963623
        dmean2: 822.617248535
        dvar: 1083990.25
        dvar2: 2932860.25
        max: 4009.09082031
        mean: 490.856109619
        min: 61.764705658
        var: 975395.4375
    pitch_instantaneous_confidence:
        dmean: 0.0665347278118
        dmean2: 0.105536356568
        dvar: 0.00439144577831
        dvar2: 0.0112528912723
        max: 0.820082902908
        mean: 0.384125888348
        min: 0.114055454731
        var: 0.0139659577981
    pitch_salience:
        dmean: 0.044961925596
        dmean2: 0.0723406895995
        dvar: 0.0018571484834
        dvar2: 0.0044252211228
        max: 0.913837075233
        mean: 0.616423785686
        min: 0.41671526432
        var: 0.0048097264953
    silence_rate_20dB:
        dmean: 0
        dmean2: 0
        dvar: 0
        dvar2: 0
        max: 1
        mean: 1
        min: 1
        var: 0
    silence_rate_30dB:
        dmean: 0
        dmean2: 0
        dvar: 0
        dvar2: 0
        max: 1
        mean: 1
        min: 1
        var: 0
    silence_rate_60dB:
        dmean: 0.0324074067175
        dmean2: 0.0649651959538
        dvar: 0.0313570462167
        dvar2: 0.0700257197022
        max: 1
        mean: 0.339491903782
        min: 0
        var: 0.224237367511
    spectral_centroid:
        dmean: 135.940795898
        dmean2: 205.106216431
        dvar: 26459.0898438
        dvar2: 63237.3242188
        max: 2548.26733398
        mean: 959.129455566
        min: 210.765594482
        var: 233639.484375
    spectral_complexity:
        dmean: 2.38747096062
        dmean2: 3.77441859245
        dvar: 7.54591226578
        dvar2: 17.0955429077
        max: 37
        mean: 13.4097223282
        min: 0
        var: 54.987159729
    spectral_crest:
        dmean: 1.52668738365
        dmean2: 2.4290304184
        dvar: 2.22245883942
        dvar2: 5.55677938461
        max: 18.7859630585
        mean: 7.64705467224
        min: 3.30705022812
        var: 7.54106521606
    spectral_decrease:
        dmean: 2.55783338954e-10
        dmean2: 4.21853274535e-10
        dvar: 1.3306584388e-19
        dvar2: 3.629663358e-19
        max: -1.17453844807e-15
        mean: -1.10900510997e-09
        min: -4.0766701126e-09
        var: 4.64708517169e-19
    spectral_energy:
        dmean: 0.00104807969183
        dmean2: 0.00172046432272
        dvar: 2.23995311899e-06
        dvar2: 6.07176434642e-06
        max: 0.0169609375298
        mean: 0.00466692820191
        min: 5.71048097697e-09
        var: 8.5647789092e-06
    spectral_energyband_high:
        dmean: 7.99856716185e-05
        dmean2: 0.000122819037642
        dvar: 1.9233958426e-08
        dvar2: 4.47705552631e-08
        max: 0.00190573162399
        mean: 0.000225828334806
        min: 8.04951938438e-10
        var: 6.84760266267e-08
    spectral_energyband_low:
        dmean: 0.000176467830897
        dmean2: 0.000296011858154
        dvar: 1.62085257216e-07
        dvar2: 4.73883289942e-07
        max: 0.00463528605178
        mean: 0.000506290467456
        min: 1.06274633538e-09
        var: 1.67500857629e-07
    spectral_energyband_middle_high:
        dmean: 0.000338165351423
        dmean2: 0.000532779493369
        dvar: 2.03617531724e-07
        dvar2: 4.77097614748e-07
        max: 0.00520996563137
        mean: 0.00135847751517
        min: 2.30913910215e-09
        var: 1.4328254565e-06
    spectral_energyband_middle_low:
        dmean: 0.000775484135374
        dmean2: 0.00125755823683
        dvar: 1.12207135317e-06
        dvar2: 3.07316031467e-06
        max: 0.0111210970208
        mean: 0.0025763080921
        min: 1.29032695639e-09
        var: 2.96281382361e-06
    spectral_flatness_db:
        dmean: 0.0111283827573
        dmean2: 0.0179361738265
        dvar: 0.000137461247505
        dvar2: 0.000280700653093
        max: 0.363961786032
        mean: 0.182882115245
        min: 0.0566344037652
        var: 0.00386405712925
    spectral_flux:
        dmean: 0.00600773701444
        dmean2: 0.00871991366148
        dvar: 5.66141061427e-05
        dvar2: 0.000100292461866
        max: 0.10776527226
        mean: 0.0310871023685
        min: 7.55677247071e-05
        var: 0.00033531524241
    spectral_kurtosis:
        dmean: 1.63465476036
        dmean2: 2.7722966671
        dvar: 3.97706460953
        dvar2: 11.1356983185
        max: 38.7158660889
        mean: 7.5769610405
        min: 0.031845331192
        var: 50.1278381348
    spectral_rms:
        dmean: 0.000216440719669
        dmean2: 0.000342207727954
        dvar: 7.29139344458e-08
        dvar2: 1.81744141514e-07
        max: 0.00406783167273
        mean: 0.00201595411636
        min: 2.36033929468e-06
        var: 4.89025012484e-07
    spectral_rolloff:
        dmean: 309.7081604
        dmean2: 500.471282959
        dvar: 151776.71875
        dvar2: 359018.96875
        max: 4543.50585938
        mean: 2062.75170898
        min: 322.998046875
        var: 1576481.75
    spectral_skewness:
        dmean: 0.177081376314
        dmean2: 0.29034101963
        dvar: 0.0250814091414
        dvar2: 0.0643512755632
        max: 5.22397279739
        mean: 2.01748585701
        min: 0.586921095848
        var: 0.940387785435
    spectral_spread:
        dmean: 377366.34375
        dmean2: 543680.9375
        dvar: 2.26486019686e+12
        dvar2: 2.5976438784e+12
        max: 33619812
        mean: 4206357.5
        min: 2042251.125
        var: 3.29592288051e+12
    spectral_strongpeak:
        dmean: 0.215892374516
        dmean2: 0.385929346085
        dvar: 0.159295320511
        dvar2: 0.515761971474
        max: 3.76543402672
        mean: 0.3771276474
        min: 0
        var: 0.141532018781
    zerocrossingrate:
        dmean: 0.00593074783683
        dmean2: 0.00734579376876
        dvar: 3.54938565579e-05
        dvar2: 5.48297030036e-05
        max: 0.130859375
        mean: 0.061537001282
        min: 0.00732421875
        var: 0.000865756825078
    barkbands:
        dmean: [1.55865407692e-07, 6.68634165777e-05, 0.000133268506033, 0.000177721361979, 0.000398255564505, 0.000171761785168, 0.000284080131678, 0.000118578594993, 0.000170003593666, 5.26688163518e-05, 3.21621228068e-05, 5.35967192263e-05, 3.37140591e-05, 4.61975178041e-05, 5.16936052009e-05, 8.10715573607e-05, 7.3461982538e-05, 9.36736105359e-05, 9.5073482953e-05, 8.67020862643e-05, 3.59764817404e-05, 1.35319269248e-05, 3.10468794851e-06, 8.57577902025e-07, 3.84228911798e-07, 1.83091284356e-08, 4.10285139196e-10]
        dmean2: [1.99767242748e-07, 0.000109570173663, 0.000225760435569, 0.00030259884079, 0.000660702819005, 0.000270720047411, 0.000469351711217, 0.000180651608389, 0.000263871770585, 8.61942826305e-05, 5.0971237215e-05, 8.85466070031e-05, 5.42522029718e-05, 7.40573159419e-05, 8.57690247358e-05, 0.00013868122187, 0.000117737741675, 0.000157575326739, 0.000153449553181, 0.00013598856458, 5.90047311562e-05, 2.0757150196e-05, 4.73086902275e-06, 1.20621257338e-06, 5.82405505156e-07, 2.809466082e-08, 6.31133090234e-10]
        dvar: [1.05901236131e-12, 2.52240752729e-08, 8.30858510881e-08, 1.11997522367e-07, 4.39290460008e-07, 8.34237354752e-08, 1.18410063976e-07, 4.2668567346e-08, 7.41127834658e-08, 1.32176545264e-08, 4.59621896098e-09, 1.59052984117e-08, 3.64907126738e-09, 8.64992788507e-09, 9.37944388824e-09, 2.97120266168e-08, 1.85584418944e-08, 1.79566921332e-08, 2.30446062233e-08, 1.83670625375e-08, 4.45445458297e-09, 1.13839837557e-09, 5.3196360511e-11, 2.63406831069e-12, 8.27801043858e-13, 2.10354004418e-15, 3.86104914319e-18]
        dvar2: [1.15735069098e-12, 6.78309035607e-08, 2.4855435754e-07, 3.34172312932e-07, 1.19418473332e-06, 2.36088439465e-07, 3.29393941456e-07, 1.03301594834e-07, 2.040943059e-07, 3.09600309834e-08, 1.35660727096e-08, 4.95887420016e-08, 9.64139346138e-09, 1.87663093953e-08, 2.51604319601e-08, 7.50868309751e-08, 4.18455314843e-08, 4.90203859727e-08, 5.99669220946e-08, 4.08582678801e-08, 1.08922266762e-08, 2.67112643115e-09, 1.29232929913e-10, 5.01320642984e-12, 1.79196609808e-12, 4.15754263699e-15, 4.18839263572e-18]
        max: [2.0505325665e-05, 0.00129111134447, 0.00339278997853, 0.00304518663324, 0.00653399107978, 0.00375453848392, 0.00349652813748, 0.00209578033537, 0.00322728720494, 0.00238943682052, 0.000945318199228, 0.00162691844162, 0.00088752125157, 0.00116455834359, 0.00109181506559, 0.00210694689304, 0.00155192113016, 0.00134534784593, 0.00216064765118, 0.00142776966095, 0.000772629922722, 0.000596188532654, 8.6759813712e-05, 2.02520441235e-05, 1.25857868625e-05, 6.33233355529e-07, 3.97277553077e-08]
        mean: [1.50653647779e-07, 0.000136407266837, 0.000369758578017, 0.000272749515716, 0.000727217644453, 0.000380389217753, 0.000634709256701, 0.000213533363421, 0.000329936883645, 0.000128726213006, 5.42240595678e-05, 9.37830045586e-05, 6.77475545672e-05, 8.15055755083e-05, 0.000110174725705, 0.000145967220305, 0.000151107466081, 0.000199910820811, 0.000210472921026, 0.000231930927839, 8.55288599269e-05, 3.061868847e-05, 7.17666989658e-06, 2.1627897695e-06, 9.97288680082e-07, 4.31760334152e-08, 4.45794540171e-10]
        min: [7.59289922603e-11, 5.65162305843e-10, 2.82728063183e-10, 2.14785619845e-10, 3.75783737461e-10, 2.68261080016e-10, 1.90435417435e-10, 1.28905219832e-10, 1.03550112929e-10, 2.84756645347e-11, 7.07022222886e-13, 3.50455298462e-12, 2.33606189948e-11, 8.47676356192e-12, 1.38524938048e-11, 1.53953155779e-10, 3.12430442628e-10, 1.03647312955e-09, 5.75706593509e-10, 2.39743502828e-10, 2.08671704915e-10, 1.3049802905e-10, 1.10905368222e-10, 8.20154222314e-11, 6.98098592822e-11, 6.37313882224e-11, 6.90751329833e-13]
        var: [1.07893132362e-12, 3.80396905086e-08, 1.08668984922e-07, 1.21733890524e-07, 6.80779692175e-07, 1.56986317279e-07, 4.12696380181e-07, 9.13891469168e-08, 1.73431672579e-07, 7.46995567624e-08, 9.27587873178e-09, 3.25801927659e-08, 1.34673712182e-08, 2.36866100067e-08, 3.01453972895e-08, 5.45486287251e-08, 4.57314861535e-08, 4.99777534912e-08, 5.38162581165e-08, 6.21269364842e-08, 1.17508953679e-08, 2.37710451323e-09, 1.06320237336e-10, 9.13558464988e-12, 2.30456994633e-12, 5.43997127144e-15, 3.93994728437e-18]
    mfcc:
        mean: [-740.83581543, 143.244110107, -29.583114624, 52.3508529663, -17.7841014862, -12.7157392502, -9.69594287872, -8.71161460876, -7.01104164124, -2.95893120766, -4.99228143692, -8.21998977661, -3.2601852417]
        cov: [[9651.4375, -2929.65869141, -1318.24914551, 237.770584106, -260.315643311, 467.185211182, 61.566696167, 151.84715271, 377.056182861, 155.059127808, 205.954849243, 524.33392334, 126.505706787], [-2929.65869141, 1353.09790039, 337.672821045, -184.236404419, 39.9530792236, -179.393844604, -12.9937973022, -67.1674804688, -146.615829468, -44.8659362793, -90.7317733765, -210.393478394, -80.3811416626], [-1318.24914551, 337.672821045, 496.182647705, 62.1646270752, 64.3027267456, 27.169002533, 67.0171966553, 20.7957038879, -23.3002471924, 2.04629802704, 11.1550827026, -15.3820009232, 42.6896438599], [237.770584106, -184.236404419, 62.1646270752, 248.719070435, 103.204391479, 33.8338546753, -17.7418174744, 41.518661499, 34.4168777466, 16.7008876801, 25.922914505, 63.3907661438, 82.4652633667], [-260.315643311, 39.9530792236, 64.3027267456, 103.204391479, 136.165649414, 13.7996883392, -16.9930324554, 9.38749980927, 10.2824802399, 11.2613229752, 0.237476304173, 10.2467155457, 40.9122772217], [467.185211182, -179.393844604, 27.169002533, 33.8338546753, 13.7996883392, 114.980751038, 56.3691711426, 28.8518848419, 36.314781189, 26.2391300201, 30.6413860321, 48.678237915, 28.9254722595], [61.566696167, -12.9937973022, 67.0171966553, -17.7418174744, -16.9930324554, 56.3691711426, 114.711738586, 38.4073143005, 7.70238876343, 25.783082962, 43.1882896423, 38.071308136, 32.0905952454], [151.84715271, -67.1674804688, 20.7957038879, 41.518661499, 9.38749980927, 28.8518848419, 38.4073143005, 74.7604980469, 28.2788581848, 29.7944831848, 36.7397346497, 39.9875984192, 33.8490142822], [377.056182861, -146.615829468, -23.3002471924, 34.4168777466, 10.2824802399, 36.314781189, 7.70238876343, 28.2788581848, 70.9707641602, 34.1889419556, 13.3291988373, 28.8415908813, 18.0156879425], [155.059127808, -44.8659362793, 2.04629802704, 16.7008876801, 11.2613229752, 26.2391300201, 25.783082962, 29.7944831848, 34.1889419556, 75.1952056885, 44.9141311646, 27.7519741058, 27.0508136749], [205.954849243, -90.7317733765, 11.1550827026, 25.922914505, 0.237476304173, 30.6413860321, 43.1882896423, 36.7397346497, 13.3291988373, 44.9141311646, 91.3813705444, 65.1687698364, 33.393245697], [524.33392334, -210.393478394, -15.3820009232, 63.3907661438, 10.2467155457, 48.678237915, 38.071308136, 39.9875984192, 28.8415908813, 27.7519741058, 65.1687698364, 119.271842957, 66.2247924805], [126.505706787, -80.3811416626, 42.6896438599, 82.4652633667, 40.9122772217, 28.9254722595, 32.0905952454, 33.8490142822, 18.0156879425, 27.0508136749, 33.393245697, 66.2247924805, 99.0779724121]]
        icov: [[0.000594239099883, 0.000586532580201, 0.00109814107418, -0.000451757019619, 0.000968182343058, -0.00129723513965, -5.25273753738e-05, 0.000178804257303, -0.000498841807712, -0.000325956905726, 0.000471886800369, -0.000983606907539, 0.000232928898185], [0.000586532580201, 0.00273634889163, -0.000219761102926, 0.00118196185213, -0.000786851160228, 0.00132142705843, -0.000804177310783, -0.000382954633096, 0.00174815335777, -0.00151366065256, 0.00106354802847, 0.000784025643952, 0.000125298320199], [0.00109814107418, -0.000219761102926, 0.00555186485872, -0.0025585333351, 0.00185839831829, -0.00412743259221, -0.00180845370051, 0.00062132277526, -0.00127779250033, 0.000607319874689, -2.68463936663e-05, -0.000846330251079, -0.000390667933971], [-0.000451757019619, 0.00118196185213, -0.0025585333351, 0.0106283156201, -0.00619644671679, 0.00146212638356, 0.00422517722473, -0.00358882104047, 0.000230763544096, 0.00184725050349, -0.00126630149316, 0.000790935184341, -0.00486687012017], [0.000968182343058, -0.000786851160228, 0.00185839831829, -0.00619644671679, 0.0152451274917, -0.00584921753034, 0.00310434075072, 0.00139847933315, -0.00168604694773, -0.00160151079763, 0.0010380751919, -0.000805529358331, -0.0026562041603], [-0.00129723513965, 0.00132142705843, -0.00412743259221, 0.00146212638356, -0.00584921753034, 0.0215441957116, -0.00889760348946, 0.000894992146641, -0.00220728153363, -0.00115631031804, 0.00108083849773, -0.000183275958989, 0.00246677012183], [-5.25273753738e-05, -0.000804177310783, -0.00180845370051, 0.00422517722473, 0.00310434075072, -0.00889760348946, 0.0201825387776, -0.00626907125115, 0.00236158003099, 0.000395104318159, -0.00430342042819, 0.00014939752873, -0.00558905117214], [0.000178804257303, -0.000382954633096, 0.00062132277526, -0.00358882104047, 0.00139847933315, 0.000894992146641, -0.00626907125115, 0.0231972057372, -0.00699904607609, -0.00123672839254, -0.00364937935956, -0.00128871097695, -0.000851289543789], [-0.000498841807712, 0.00174815335777, -0.00127779250033, 0.000230763544096, -0.00168604694773, -0.00220728153363, 0.00236158003099, -0.00699904607609, 0.0286874007434, -0.0129799675196, 0.0082128001377, -0.00206486438401, 0.00232024327852], [-0.000325956905726, -0.00151366065256, 0.000607319874689, 0.00184725050349, -0.00160151079763, -0.00115631031804, 0.000395104318159, -0.00123672839254, -0.0129799675196, 0.028496703133, -0.0157217718661, 0.00740172713995, -0.00638624513522], [0.000471886800369, 0.00106354802847, -2.68463936663e-05, -0.00126630149316, 0.0010380751919, 0.00108083849773, -0.00430342042819, -0.00364937935956, 0.0082128001377, -0.0157217718661, 0.0297495797276, -0.0156164159998, 0.00643275817856], [-0.000983606907539, 0.000784025643952, -0.000846330251079, 0.000790935184341, -0.000805529358331, -0.000183275958989, 0.00014939752873, -0.00128871097695, -0.00206486438401, 0.00740172713995, -0.0156164159998, 0.0287365820259, -0.0132135506719], [0.000232928898185, 0.000125298320199, -0.000390667933971, -0.00486687012017, -0.0026562041603, 0.00246677012183, -0.00558905117214, -0.000851289543789, 0.00232024327852, -0.00638624513522, 0.00643275817856, -0.0132135506719, 0.0245798975229]]
    spectral_contrast:
        mean: [-1.39732875937e-07, 2.40893474057e-08, 6.77364724311e-08, -2.48844230555e-07, 2.2510411668e-07, -2.04097617029e-07, -2.42102487391e-06, -1.89086074442e-06, -2.43440831582e-06, 9.80855134003e-07, 3.75840386369e-07, -7.19670879334e-07]
        var: [0.00032501592068, 0.000580640509725, 0.00101050408557, 0.00165895349346, 0.00263570714742, 0.00376165681519, 0.0355842113495, 0.0665261149406, 0.12048701942, 0.184947669506, 0.583490550518, 5.59441041946]

rhythm:
    beats_loudness:
        dmean: 0.00185464927927
        dmean2: 0.00320065999404
        dvar: 3.06858692056e-06
        dvar2: 9.10532617127e-06
        max: 0.0110635636374
        mean: 0.00577915413305
        min: 0.00116143608466
        var: 1.05125836853e-05
    beats_loudness_bass:
        dmean: 0.0914498269558
        dmean2: 0.143553465605
        dvar: 0.0036387424916
        dvar2: 0.0131362359971
        max: 0.473675757647
        mean: 0.151654392481
        min: 0.0286317374557
        var: 0.0158887580037
    bpm: 134.740585327
    bpm_confidence: 0
    first_peak_bpm: 135
    first_peak_spread: 0.350000023842
    first_peak_weight: 0.619047641754
    onset_rate: 2.99072289467
    second_peak_bpm: 99
    second_peak_spread: 0
    second_peak_weight: 0.047619048506
    beats_position: [0.0585751309991, 0.502029180527, 0.945483267307, 1.38893735409, 1.83239138126, 2.27584528923, 2.71929955482, 3.162753582, 3.6062078476, 4.04966211319, 4.49311590195, 4.93657016754, 5.38002443314, 5.82347869873, 6.42723464966, 6.87724351883, 7.32725191116, 7.7772603035, 8.22726917267, 8.677277565, 9.12728595734, 9.57729434967]
    bpm_estimates: [136.152832031, 135.719390869, 134.799453735, 134.784698486, 135.062042236, 133.851852417, 132.813781738]
    bpm_intervals: [0.443454056978, 0.443454086781, 0.443454086781, 0.443454027176, 0.443453907967, 0.443454265594, 0.443454027176, 0.443454265594, 0.443454265594, 0.443453788757, 0.443454265594, 0.443454265594, 0.443454265594, 0.603755950928, 0.450008869171, 0.450008392334, 0.450008392334, 0.450008869171, 0.450008392334, 0.450008392334, 0.450008392334]
    onset_times: [0.0464399084449, 0.267029464245, 0.754648506641, 0.96362811327, 1.39319729805, 1.83437645435, 2.06657600403, 2.50775504112, 2.71673464775, 3.15791392326, 3.47138333321, 3.80807256699, 4.48145103455, 4.91102027893, 5.14321994781, 5.36380958557, 5.39863967896, 5.4334692955, 5.70049905777, 6.06040811539, 6.9543762207, 7.12852621078, 7.79029464722, 7.95283460617, 8.2198638916, 8.42884349823, 8.52172374725, 9.03256225586, 9.57823085785, 9.81043052673]
    rubato_start: []
    rubato_stop: []
    perceptual_tempo: "unknown"

sfx:
    inharmonicity:
        dmean: 0.0346967987716
        dmean2: 0.0606242343783
        dvar: 0.00205226358958
        dvar2: 0.00599536672235
        max: 0.329096406698
        mean: 0.0386305265129
        min: 2.45187711698e-05
        var: 0.00201805774122
    oddtoevenharmonicenergyratio:
        dmean: 12.4223585129
        dmean2: 24.755563736
        dvar: 26060.4199219
        dvar2: 78217.9375
        max: 2375.9621582
        mean: 6.44891929626
        min: 6.38327401248e-05
        var: 13037.3574219
    pitch_after_max_to_before_max_energy_ratio: 6.17779111862
    pitch_centroid: 150.290771484
    pitch_max_to_total: 0.025462962687
    pitch_min_to_total: 0.527777791023
    tristimulus:
        dmean: [0.181742280722, 0.199182108045, 0.087987318635]
        dmean2: [0.314516186714, 0.348684698343, 0.153202071786]
        dvar: [0.0249403808266, 0.029231864959, 0.00907998718321]
        dvar2: [0.0676454156637, 0.0769986361265, 0.0258474033326]
        max: [0.979748487473, 0.997715294361, 0.573727369308]
        mean: [0.471897661686, 0.403055548668, 0.102638632059]
        min: [0.00156692042947, 0, 0]
        var: [0.0522346645594, 0.0466781891882, 0.0114072691649]

tonal:
    chords_changes_rate: 0.0322580635548
    chords_number_rate: 0.0276497695595
    chords_strength:
        dmean: 0.00860445667058
        dmean2: 0.00663382885978
        dvar: 5.93726108491e-05
        dvar2: 3.85287785321e-05
        max: 0.648454129696
        mean: 0.525204479694
        min: 0.326546519995
        var: 0.00574579369277
    key_strength: 0.860981047153
    tuning_diatonic_strength: 0.6812286973
    tuning_equal_tempered_deviation: 0.0306045822799
    tuning_frequency: 441.527557373
    tuning_nontempered_energy_ratio: 0.653703808784
    hpcp:
        dmean: [0.11373937875, 0.0974780842662, 0.0827704593539, 0.0768270790577, 0.0848825052381, 0.145551547408, 0.131123796105, 0.13479334116, 0.0702860504389, 0.0463362373412, 0.0424435548484, 0.0637724474072, 0.0893323123455, 0.0807710662484, 0.0595856867731, 0.037038821727, 0.0229086633772, 0.0428066663444, 0.0595140047371, 0.0777668133378, 0.118959702551, 0.140817061067, 0.1244802773, 0.0857500135899, 0.0571623332798, 0.0512647777796, 0.101413391531, 0.140840649605, 0.151172608137, 0.111525468528, 0.0587617903948, 0.0555599927902, 0.11448122561, 0.133847936988, 0.125373467803, 0.122710667551]
        dmean2: [0.200875818729, 0.165682718158, 0.13775524497, 0.133226841688, 0.150356948376, 0.241521850228, 0.206965476274, 0.22606433928, 0.124662198126, 0.0832422226667, 0.0764493271708, 0.109862819314, 0.148475840688, 0.125772893429, 0.0984398052096, 0.0635924562812, 0.0365144535899, 0.0687974393368, 0.0960206761956, 0.125135600567, 0.180991947651, 0.217602625489, 0.19842633605, 0.14928996563, 0.100508660078, 0.0819000527263, 0.16743555665, 0.244258627295, 0.257978379726, 0.203350141644, 0.104240402579, 0.0945712327957, 0.18149214983, 0.220287770033, 0.199504315853, 0.21432492137]
        dvar: [0.0335851162672, 0.0200946591794, 0.0166405774653, 0.0190151073039, 0.0193866100162, 0.0295641403645, 0.0339014083147, 0.0235620103776, 0.0147969182581, 0.0101977009326, 0.00782102532685, 0.0115640927106, 0.0242560058832, 0.0171668343246, 0.0121194021776, 0.0049996227026, 0.000829339260235, 0.00375072169118, 0.00796674378216, 0.0131422812119, 0.0179987028241, 0.0236193612218, 0.0257035382092, 0.0220934376121, 0.00859504751861, 0.00845873448998, 0.0209397096187, 0.0361827239394, 0.050052292645, 0.0508594997227, 0.0154600953683, 0.0118551664054, 0.0212998352945, 0.0316613055766, 0.0277354884893, 0.0296645648777]
        dvar2: [0.0945924147964, 0.0537590309978, 0.0446280762553, 0.049356367439, 0.052392102778, 0.0797262862325, 0.0756979808211, 0.0659543648362, 0.0484115108848, 0.0299612153322, 0.0222146715969, 0.0285314843059, 0.0644995942712, 0.0434076562524, 0.0278607364744, 0.0135358311236, 0.00199283892289, 0.00956677179784, 0.0186632182449, 0.033545807004, 0.040616016835, 0.0521021410823, 0.0684808567166, 0.0606416128576, 0.0228086430579, 0.0209051929414, 0.0537866316736, 0.0995526835322, 0.142077073455, 0.143057644367, 0.043891299516, 0.0314639993012, 0.0553826205432, 0.0729837417603, 0.0662308484316, 0.0882898196578]
        max: [1, 1, 1, 1, 1, 1, 1, 1, 1, 0.713212490082, 0.671994388103, 0.882884740829, 1, 1, 1, 0.524187386036, 0.196957305074, 0.562387466431, 0.718687593937, 1, 1, 1, 1, 0.94985306263, 0.540371894836, 0.668382167816, 0.978253006935, 1, 1, 1, 0.742303609848, 1, 0.943762362003, 1, 1, 1]
        mean: [0.294488430023, 0.195491358638, 0.107356011868, 0.105032339692, 0.104584828019, 0.339830696583, 0.583302378654, 0.358816087246, 0.0937453731894, 0.0596158392727, 0.0554789304733, 0.113414376974, 0.165641754866, 0.138968393207, 0.0914862826467, 0.050241522491, 0.0361279658973, 0.0804146453738, 0.107897490263, 0.108167782426, 0.266372919083, 0.43122318387, 0.287696480751, 0.09848190099, 0.0598221756518, 0.062333215028, 0.159120053053, 0.276286810637, 0.230665162206, 0.109165467322, 0.0531681552529, 0.0600588880479, 0.210901111364, 0.327000677586, 0.228213220835, 0.221525713801]
        min: [0, 0, 0, 0, 0, 0, 0, 0, 0, 0, 0, 0, 0, 0, 0, 0, 0, 0, 0, 0, 0, 0, 0, 0, 0, 0, 0, 0, 0, 0, 0, 0, 0, 0, 0, 0]
        var: [0.130249932408, 0.0604756884277, 0.0213566590101, 0.0220609568059, 0.0193607918918, 0.0530905351043, 0.138215065002, 0.0578609071672, 0.0135983629152, 0.00815309397876, 0.00700231082737, 0.0272686257958, 0.0498197451234, 0.0378516353667, 0.0263094361871, 0.0060591106303, 0.00160713214427, 0.00887499377131, 0.0166161879897, 0.0167070608586, 0.0581342950463, 0.117543831468, 0.0535957701504, 0.0180629771203, 0.00747386878356, 0.00943729840219, 0.0436891876161, 0.100703597069, 0.0811858996749, 0.0428763404489, 0.0123017486185, 0.0106388004497, 0.0462875850499, 0.113808616996, 0.0708657950163, 0.0707350447774]
    chords_histogram: [48.387096405, 2.7649769783, 15.2073736191, 0, 0, 0, 0, 0, 0, 0, 0, 0, 0, 0, 0, 0, 0, 0, 0, 0, 0, 15.2073736191, 7.37327194214, 11.0599079132]
    thpcp: [1, 0.615145921707, 0.160714879632, 0.10220400244, 0.0951117873192, 0.194434970617, 0.283972352743, 0.238244175911, 0.156841948628, 0.0861328914762, 0.0619369409978, 0.137860998511, 0.184976935387, 0.185440331697, 0.456663519144, 0.739278972149, 0.493220150471, 0.168835073709, 0.102557741106, 0.106862612069, 0.272791713476, 0.473659664392, 0.39544698596, 0.187150731683, 0.0911502465606, 0.10296355933, 0.361563950777, 0.560602366924, 0.391243427992, 0.379778534174, 0.504864096642, 0.335145831108, 0.184048637748, 0.180064991117, 0.179297789931, 0.582597851753]
    chords_key: "E"
    chords_scale: "major"
    key_key: "E"
    key_scale: "major"
    chords_progression: ["E", "E", "E", "E", "E", "E", "E", "E", "E", "E", "E", "E", "E", "E", "E", "E", "E", "E", "E", "E", "E", "E", "E", "E", "E", "E", "E", "E", "A", "F#m", "F#m", "F#m", "F#m", "F#m", "F#m", "F#m", "F#m", "F#m", "F#m", "F#m", "F#m", "F#m", "F#m", "F#m", "F#m", "F#m", "F#m", "F#m", "F#m", "F#m", "F#m", "F#m", "F#m", "F#m", "F#m", "F#m", "F#m", "F#m", "F#m", "F#m", "F#m", "F#m", "A", "A", "A", "A", "A", "A", "A", "A", "A", "A", "A", "A", "A", "A", "A", "C#m", "C#m", "C#m", "C#m", "C#m", "C#m", "C#m", "C#m", "C#m", "C#m", "C#m", "C#m", "C#m", "C#m", "C#m", "C#m", "C#m", "C#m", "C#m", "C#m", "C#m", "C#m", "C#m", "C#m", "G#m", "G#m", "G#m", "G#m", "G#m", "G#m", "B", "B", "B", "B", "B", "B", "B", "B", "B", "B", "B", "B", "B", "B", "B", "B", "B", "B", "B", "B", "B", "B", "B", "B", "B", "B", "B", "B", "B", "B", "B", "B", "B", "E", "E", "E", "E", "E", "E", "E", "E", "E", "E", "E", "E", "E", "E", "E", "E", "E", "E", "E", "E", "E", "E", "E", "E", "E", "E", "E", "E", "E", "E", "E", "E", "E", "E", "E", "E", "E", "E", "E", "E", "E", "E", "E", "E", "E", "E", "E", "E", "E", "E", "E", "E", "E", "E", "E", "E", "E", "E", "E", "E", "E", "E", "E", "E", "E", "E", "E", "E", "E", "E", "E", "E", "E", "E", "E", "E", "E"]
