
metadata:
    version:
        essentia: "1.2.2"
    audio_properties:
        analysis_sample_rate: 44100
        bitrate: 128
        channels: 2
        equal_loudness: 1
        length: 10.0310201645
        replay_gain: -8.55719947815
        downmix: "mix"
    tags:
        track: 3
        year: 0
        album: "Splitted by Mp3Splt v. 2.1"
        artist: "From 000.20 To 000.30"
        comment: "http://mp3splt.sf.net"
        genre: ""
        title: "02 Cute.mp3"

highlevel:
    ballroom:
        all:
            ChaChaCha: 0.124955706298
            Jive: 0.173552080989
            Quickstep: 0.187627702951
            Rumba-American: 0.0129704531282
            Rumba-International: 0.0939972177148
            Rumba-Misc: 0.0221525505185
            Samba: 0.0852421149611
            Tango: 0.213696762919
            VienneseWaltz: 0.0547783449292
            Waltz: 0.0310270581394
        probability: 0.213696762919
        value: "Tango"
    culture:
        all:
            non_western: 0.162380501628
            western: 0.837619483471
        probability: 0.837619483471
        value: "western"
    gender:
        all:
            female: 0.176382124424
            male: 0.823617875576
        probability: 0.823617875576
        value: "male"
    genre_dortmund:
        all:
            alternative: 0.0188942626119
            blues: 0.0325798913836
            electronic: 0.0263778977096
            folkcountry: 0.0632509440184
            funksoulrnb: 0.0119420560077
            jazz: 0.771491587162
            pop: 0.0269054882228
            raphiphop: 0.000969053944573
            rock: 0.04758881405
        probability: 0.771491587162
        value: "jazz"
    genre_electronica:
        all:
            ambient: 0.555843472481
            dnb: 0.201459899545
            house: 0.113615110517
            techno: 0.0437537357211
            trance: 0.0853277891874
        probability: 0.555843472481
        value: "ambient"
    genre_rosamerica:
        all:
            cla: 0.218332245946
            dan: 0.0403848588467
            hip: 0.019204184413
            jaz: 0.350682020187
            pop: 0.171338915825
            rhy: 0.0691710039973
            roc: 0.117352671921
            spe: 0.0135341119021
        probability: 0.350682020187
        value: "jaz"
    genre_tzanetakis:
        all:
            blu: 0.00930369272828
            cla: 0.0287951063365
            cou: 0.0698854029179
            dis: 0.138657227159
            hip: 0.00776878278702
            jaz: 0.333449691534
            met: 0.00523731904104
            pop: 0.230131745338
            reg: 0.0466018915176
            roc: 0.130169138312
        probability: 0.333449691534
        value: "jaz"
    live_studio:
        all:
            live: 0.722999811172
            studio: 0.277000159025
        probability: 0.722999811172
        value: "live"
    mood:
        all:
            Cluster1: 0.263386070728
            Cluster2: 0.151827841997
            Cluster3: 0.0584669932723
            Cluster4: 0.285617351532
            Cluster5: 0.240701720119
        probability: 0.285617351532
        value: "Cluster4"
    mood_acoustic:
        all:
            acoustic: 0.724197685719
            not_acoustic: 0.275802314281
        probability: 0.724197685719
        value: "acoustic"
    mood_aggressive:
        all:
            aggressive: 0.0728145539761
            not_aggressive: 0.927185416222
        probability: 0.927185416222
        value: "not_aggressive"
    mood_electronic:
        all:
            electronic: 0.141773879528
            not_electronic: 0.858226120472
        probability: 0.858226120472
        value: "not_electronic"
    mood_happy:
        all:
            happy: 0.510019004345
            not_happy: 0.489980995655
        probability: 0.510019004345
        value: "happy"
    mood_party:
        all:
            not_party: 0.666821718216
            party: 0.333178281784
        probability: 0.666821718216
        value: "not_party"
    mood_relaxed:
        all:
            not_relaxed: 0.260258674622
            relaxed: 0.739741325378
        probability: 0.739741325378
        value: "relaxed"
    mood_sad:
        all:
            not_sad: 0.352697998285
            sad: 0.647301971912
        probability: 0.647301971912
        value: "sad"
    rhythm:
        all:
            fast: 0.94549202919
            medium: 0.045651756227
            slow: 0.00885624345392
        probability: 0.94549202919
        value: "fast"
    speech_music:
        all:
            music: 0.990822315216
            speech: 0.00917768478394
        probability: 0.990822315216
        value: "music"
    timbre:
        all:
            bright: 0.726490318775
            dark: 0.273509681225
        probability: 0.726490318775
        value: "bright"
    voice_instrumental:
        all:
            instrumental: 0.987429320812
            voice: 0.0125706829131
        probability: 0.987429320812
        value: "instrumental"

lowlevel:
    average_loudness: 0.973669290543
    barkbands_kurtosis:
        dmean: 2.32051634789
        dmean2: 3.81207895279
        dvar: 7.63782215118
        dvar2: 17.8566169739
        max: 22.0973320007
        mean: 2.57623100281
        min: -1.67814481258
        var: 22.5388908386
    barkbands_skewness:
        dmean: 0.596591293812
        dmean2: 0.913745939732
        dvar: 0.296249270439
        dvar2: 0.656948804855
        max: 4.05252552032
        mean: 1.28221225739
        min: -1.20059037209
        var: 1.37367379665
    barkbands_spread:
        dmean: 5.38584423065
        dmean2: 8.34678554535
        dvar: 28.7661533356
        dvar2: 64.391494751
        max: 47.7630119324
        mean: 21.18009758
        min: 3.37240076065
        var: 86.1311035156
    dissonance:
        dmean: 0.024026338011
        dmean2: 0.0405081324279
        dvar: 0.000559813168366
        dvar2: 0.0015215020394
        max: 0.499430447817
        mean: 0.457072108984
        min: 0.291836112738
        var: 0.000756247958634
    hfc:
        dmean: 1.65112173557
        dmean2: 2.36310768127
        dvar: 6.2769575119
        dvar2: 10.8453359604
        max: 35.337638855
        mean: 3.59694480896
        min: 0.0111032761633
        var: 19.9257926941
    pitch:
        dmean: 79.1148147583
        dmean2: 149.340774536
        dvar: 61794.6171875
        dvar2: 183456.453125
        max: 3675
        mean: 234.854003906
        min: 64.0058059692
        var: 36129.5585938
    pitch_instantaneous_confidence:
        dmean: 0.114352181554
        dmean2: 0.177923366427
        dvar: 0.0114150913432
        dvar2: 0.0219319462776
        max: 0.903857469559
        mean: 0.449287235737
        min: 0.150927186012
        var: 0.0442023985088
    pitch_salience:
        dmean: 0.0777548626065
        dmean2: 0.128466457129
        dvar: 0.00426361756399
        dvar2: 0.0129100866616
        max: 0.842745304108
        mean: 0.647794246674
        min: 0.336771607399
        var: 0.00663153454661
    silence_rate_20dB:
        dmean: 0
        dmean2: 0
        dvar: 0
        dvar2: 0
        max: 1
        mean: 1
        min: 1
        var: 0
    silence_rate_30dB:
        dmean: 0
        dmean2: 0
        dvar: 0
        dvar2: 0
        max: 1
        mean: 1
        min: 1
        var: 0
    silence_rate_60dB:
        dmean: 0.17824074626
        dmean2: 0.357308596373
        dvar: 0.146470963955
        dvar2: 0.294605225325
        max: 1
        mean: 0.586605072021
        min: 0
        var: 0.24250048399
    spectral_centroid:
        dmean: 229.451583862
        dmean2: 351.951049805
        dvar: 58908.96875
        dvar2: 111238.25
        max: 2432.99951172
        mean: 941.146179199
        min: 252.568389893
        var: 233766.53125
    spectral_complexity:
        dmean: 2.80046415329
        dmean2: 4.02558135986
        dvar: 9.55183029175
        dvar2: 19.2853851318
        max: 27
        mean: 8.70370388031
        min: 0
        var: 43.8427772522
    spectral_crest:
        dmean: 2.33349704742
        dmean2: 3.73264765739
        dvar: 4.37858295441
        dvar2: 11.8096456528
        max: 19.2666683197
        mean: 7.7758769989
        min: 2.64634823799
        var: 10.6725273132
    spectral_decrease:
        dmean: 4.16395057323e-10
        dmean2: 6.4057753546e-10
        dvar: 3.27524412438e-19
        dvar2: 7.85976936784e-19
        max: -6.86420625201e-12
        mean: -7.85733755837e-10
        min: -4.34754765521e-09
        var: 5.61252954062e-19
    spectral_energy:
        dmean: 0.00170465849806
        dmean2: 0.00260546267964
        dvar: 5.26433041159e-06
        dvar2: 1.23796417029e-05
        max: 0.0176643654704
        mean: 0.00329179107212
        min: 2.69142037723e-05
        var: 9.90164153336e-06
    spectral_energyband_high:
        dmean: 6.60480945953e-05
        dmean2: 9.28412409849e-05
        dvar: 1.26157004843e-08
        dvar2: 2.33375114789e-08
        max: 0.00156679621432
        mean: 0.000104779290268
        min: 7.35639176241e-08
        var: 3.04010576713e-08
    spectral_energyband_low:
        dmean: 0.000100305274827
        dmean2: 0.000120481963677
        dvar: 3.12544656822e-08
        dvar2: 4.13093630414e-08
        max: 0.00197659013793
        mean: 0.000191382787307
        min: 4.83842796939e-08
        var: 1.08180692848e-07
    spectral_energyband_middle_high:
        dmean: 0.000494816631544
        dmean2: 0.000694893824402
        dvar: 6.95324558819e-07
        dvar2: 1.20986317143e-06
        max: 0.0105495601892
        mean: 0.00111990049481
        min: 2.30432306125e-06
        var: 2.26515817303e-06
    spectral_energyband_middle_low:
        dmean: 0.00130301248282
        dmean2: 0.00208268710412
        dvar: 4.06615936299e-06
        dvar2: 9.9645303635e-06
        max: 0.015276693739
        mean: 0.00187572895084
        min: 1.94317344722e-05
        var: 4.81505730932e-06
    spectral_flatness_db:
        dmean: 0.0213839728385
        dmean2: 0.0342816449702
        dvar: 0.00037027549115
        dvar2: 0.000945637642872
        max: 0.299056142569
        mean: 0.181365743279
        min: 0.109077878296
        var: 0.00105367577635
    spectral_flux:
        dmean: 0.0120574412867
        dmean2: 0.0193975474685
        dvar: 0.00021708944405
        dvar2: 0.000547406263649
        max: 0.121494546533
        mean: 0.0320400297642
        min: 0.0022643331904
        var: 0.00038127717562
    spectral_kurtosis:
        dmean: 1.95647990704
        dmean2: 3.21423316002
        dvar: 5.05645275116
        dvar2: 13.2510595322
        max: 29.9162750244
        mean: 5.86570119858
        min: 0.833954334259
        var: 10.5504217148
    spectral_rms:
        dmean: 0.000455161556602
        dmean2: 0.000676141877193
        dvar: 2.73146213203e-07
        dvar2: 6.3807448214e-07
        max: 0.00415132846683
        mean: 0.00158664048649
        min: 0.000162042459124
        var: 6.94076391028e-07
    spectral_rolloff:
        dmean: 581.896057129
        dmean2: 965.939086914
        dvar: 450374.75
        dvar2: 917144.3125
        max: 3897.50976562
        mean: 1732.92443848
        min: 301.46484375
        var: 1138388.625
    spectral_skewness:
        dmean: 0.273168832064
        dmean2: 0.432312786579
        dvar: 0.0778559371829
        dvar2: 0.180503442883
        max: 4.00581741333
        mean: 1.81159865856
        min: 0.490567833185
        var: 0.240867912769
    spectral_spread:
        dmean: 548538.3125
        dmean2: 815009.5625
        dvar: 310085484544
        dvar2: 622938816512
        max: 7518066
        mean: 4018956.5
        min: 2133455.25
        var: 1.25203120128e+12
    spectral_strongpeak:
        dmean: 0.294520676136
        dmean2: 0.514811754227
        dvar: 0.297756016254
        dvar2: 0.730045258999
        max: 3.99583315849
        mean: 0.425009846687
        min: 0.0115732233971
        var: 0.468012988567
    zerocrossingrate:
        dmean: 0.00897485855967
        dmean2: 0.0110953394324
        dvar: 5.33701349923e-05
        dvar2: 7.95530868345e-05
        max: 0.1005859375
        mean: 0.055493388325
        min: 0.01513671875
        var: 0.000340217899065
    barkbands:
        dmean: [1.76142052055e-08, 3.54882904503e-05, 6.94240006851e-05, 0.000352614675649, 0.000454644788988, 0.000383925682399, 0.0001825489162, 0.000117264789878, 8.72367818374e-05, 5.91664866079e-05, 2.98324139294e-05, 2.93759712804e-05, 4.68270773126e-05, 6.74453767715e-05, 8.65678448463e-05, 7.85612646723e-05, 8.82105814526e-05, 9.1132002126e-05, 8.44323440106e-05, 8.28418560559e-05, 1.90776809177e-05, 6.36909089735e-06, 1.3531073364e-06, 4.73745700447e-07, 2.78855594615e-07, 1.44556793202e-08, 2.78422729316e-10]
        dmean2: [2.27691909771e-08, 4.17076953454e-05, 8.99709266378e-05, 0.000571942015085, 0.000767593970522, 0.000645118125249, 0.000313764292514, 0.000189748199773, 0.000138513365528, 9.33866249397e-05, 4.58493086626e-05, 4.21888435085e-05, 7.23718549125e-05, 9.86419909168e-05, 0.00012904893083, 0.0001175679281, 0.000130983826239, 0.000132856337586, 0.000131854598294, 0.000120178279758, 2.75447164313e-05, 8.8883925855e-06, 1.92402922039e-06, 6.31230420822e-07, 3.73510204099e-07, 1.97512566302e-08, 3.69120206622e-10]
        dvar: [2.11401686765e-14, 4.87009543804e-09, 1.46132252965e-08, 3.66461648582e-07, 5.66482640352e-07, 4.87192551191e-07, 1.61004521715e-07, 3.28229496915e-08, 1.94230338479e-08, 8.39782199336e-09, 2.84098233827e-09, 3.30016347583e-09, 6.3103007264e-09, 2.72062212758e-08, 3.51182798397e-08, 4.34004157057e-08, 2.60438888233e-08, 2.87535257826e-08, 2.33354828794e-08, 2.52353924424e-08, 1.27734700595e-09, 9.98500587768e-11, 4.35243811478e-12, 5.66199973191e-13, 2.36011947832e-13, 5.89212635253e-16, 9.03146646622e-18]
        dvar2: [2.23206937417e-14, 6.58150867139e-09, 2.10654427235e-08, 8.83042787336e-07, 1.36693802233e-06, 1.27657483517e-06, 4.43118040039e-07, 7.74253834379e-08, 4.35834230927e-08, 1.93745890442e-08, 7.01499613953e-09, 5.57600676743e-09, 1.50993191284e-08, 5.22836280936e-08, 7.03213842712e-08, 8.91000624392e-08, 6.14044424196e-08, 5.70306717407e-08, 5.34867226065e-08, 4.79120778607e-08, 3.16108250686e-09, 1.84469925446e-10, 9.49217874441e-12, 1.09979657759e-12, 4.78597792907e-13, 1.15488040155e-15, 9.16682133858e-18]
        max: [2.96159305435e-06, 0.000767790304963, 0.00163778278511, 0.00380458170548, 0.00603670300916, 0.00508897425607, 0.00343212508596, 0.00184425502084, 0.00163633329794, 0.000683881575242, 0.000699897762388, 0.000968667853158, 0.000678079493809, 0.00171939888969, 0.00264553516172, 0.00305958581157, 0.0017000597436, 0.00224524224177, 0.00174111220986, 0.00179402087815, 0.000439986382844, 0.000152091801283, 1.79128419404e-05, 6.07867968938e-06, 4.3441523303e-06, 1.99144764679e-07, 6.25819893685e-08]
        mean: [2.15047375463e-08, 6.33628442301e-05, 0.000128002633573, 0.000344377389411, 0.000530278775841, 0.000449751911219, 0.000225982978009, 0.000180324554094, 0.00012531374523, 9.29578163777e-05, 4.8186044296e-05, 6.09031158092e-05, 6.90386805218e-05, 9.71630288404e-05, 0.00015286685084, 0.000140553835081, 0.000130977219669, 0.000153626868268, 0.000124977857922, 0.00013166370627, 2.92933236778e-05, 9.36640935834e-06, 1.82346275324e-06, 6.11736936662e-07, 3.51145843069e-07, 1.79247106047e-08, 2.94746865803e-10]
        min: [2.70583078513e-12, 3.646983604e-09, 2.7085425458e-08, 3.58301235792e-07, 1.47988293975e-06, 2.47276966547e-06, 4.74370693837e-07, 7.32383227842e-07, 9.26855989292e-07, 2.40782242145e-07, 1.16713920306e-07, 1.02815178593e-07, 5.60699362495e-08, 7.44023722632e-08, 7.83786688885e-08, 6.98051252357e-08, 7.34190521712e-08, 1.3327007764e-07, 9.63368265161e-08, 5.25830863296e-08, 2.95989277532e-08, 6.72020128434e-09, 1.32833510857e-09, 7.25825843872e-10, 5.98849692057e-10, 4.6542106974e-11, 9.56413225527e-14]
        var: [2.16324150975e-14, 1.63075366544e-08, 5.00853047924e-08, 3.55811806685e-07, 6.45163879653e-07, 4.90938191433e-07, 1.30958966338e-07, 7.33278895382e-08, 3.679081928e-08, 1.53544448267e-08, 6.71231159544e-09, 2.13702744389e-08, 1.12348326198e-08, 5.23787520024e-08, 7.36120071565e-08, 8.95336569329e-08, 4.87282996176e-08, 6.73870204082e-08, 4.37720082402e-08, 5.38860547294e-08, 1.95490801325e-09, 2.21271015399e-10, 7.02036258987e-12, 9.69941683394e-13, 3.62060506359e-13, 9.03746567633e-16, 9.072597195e-18]
    mfcc:
        mean: [-774.017883301, 143.049636841, -49.5967521667, 49.0141563416, -21.4218006134, -11.4008569717, -12.8466558456, -14.935418129, -9.1636724472, -7.00365829468, -7.59620332718, -11.0153617859, -7.02339553833]
        cov: [[7070.82421875, -927.933654785, -999.164489746, 204.899078369, 273.71572876, 289.751831055, 0.971792817116, 19.432062149, 60.6627044678, 196.77130127, 89.1715774536, 83.3683929443, 213.484985352], [-927.933654785, 732.015563965, -117.311553955, 160.386978149, 85.8292999268, 143.976348877, 84.2575759888, 87.8526611328, 120.424751282, 93.5557098389, 102.309898376, 110.61529541, 102.335792542], [-999.164489746, -117.311553955, 832.141540527, -217.0519104, -52.6971054077, -194.670639038, -30.0671043396, -76.1711654663, -130.679443359, -140.238418579, -102.298149109, -95.7861404419, -147.793136597], [204.899078369, 160.386978149, -217.0519104, 207.336639404, 85.4774475098, 143.185333252, 69.4935836792, 89.2316818237, 93.6066436768, 99.2646484375, 90.9406814575, 80.7512207031, 97.149772644], [273.71572876, 85.8292999268, -52.6971054077, 85.4774475098, 129.727371216, 96.6326675415, 63.3736076355, 52.1355285645, 66.1598587036, 77.0348052979, 64.6896896362, 55.8159179688, 56.8419151306], [289.751831055, 143.976348877, -194.670639038, 143.185333252, 96.6326675415, 171.643798828, 86.36328125, 79.9408340454, 96.2017822266, 101.279792786, 91.1943283081, 79.1600494385, 90.5645751953], [0.971792817116, 84.2575759888, -30.0671043396, 69.4935836792, 63.3736076355, 86.36328125, 93.7978744507, 72.0545730591, 62.8194503784, 56.5151824951, 51.7117805481, 39.7094612122, 37.417514801], [19.432062149, 87.8526611328, -76.1711654663, 89.2316818237, 52.1355285645, 79.9408340454, 72.0545730591, 100.905181885, 75.1569137573, 56.1645278931, 54.8985862732, 49.0023460388, 50.7823905945], [60.6627044678, 120.424751282, -130.679443359, 93.6066436768, 66.1598587036, 96.2017822266, 62.8194503784, 75.1569137573, 119.32635498, 97.8913574219, 72.1123504639, 71.3050079346, 74.3759918213], [196.77130127, 93.5557098389, -140.238418579, 99.2646484375, 77.0348052979, 101.279792786, 56.5151824951, 56.1645278931, 97.8913574219, 129.989318848, 92.0300369263, 72.3895797729, 75.5847167969], [89.1715774536, 102.309898376, -102.298149109, 90.9406814575, 64.6896896362, 91.1943283081, 51.7117805481, 54.8985862732, 72.1123504639, 92.0300369263, 107.018699646, 83.8880996704, 69.3878097534], [83.3683929443, 110.61529541, -95.7861404419, 80.7512207031, 55.8159179688, 79.1600494385, 39.7094612122, 49.0023460388, 71.3050079346, 72.3895797729, 83.8880996704, 100.905174255, 83.8115005493], [213.484985352, 102.335792542, -147.793136597, 97.149772644, 56.8419151306, 90.5645751953, 37.417514801, 50.7823905945, 74.3759918213, 75.5847167969, 69.3878097534, 83.8115005493, 107.328186035]]
        icov: [[0.000332740746671, 0.000572592194658, 0.000356229400495, 0.00019366084598, -0.000930232985411, -0.000568267714698, 0.000413660076447, -9.43178165471e-05, 0.000610878982116, -0.000284258130705, 0.000457287213067, -0.000103799822682, -0.000457705289591], [0.000572592194658, 0.00284921843559, 0.000371854373952, -0.000671590503771, -0.0013486999087, -0.00157594890334, 0.00039122151793, 0.000613128067926, -0.000605430454016, 0.000694183632731, 0.000475124252262, -0.00113596115261, -0.000607507769018], [0.000356229400495, 0.000371854373952, 0.00276758079417, 0.00133375579026, -0.00257535441779, 0.00245047919452, -0.00248566013761, 0.00010578691581, 0.00178071972914, 0.000411675224314, 0.000382037484087, -0.00138533208519, 0.000964212696999], [0.00019366084598, -0.000671590503771, 0.00133375579026, 0.0156731586903, -0.0019950363785, -0.00715111754835, 0.00409791385755, -0.00812022667378, 0.0037947637029, -0.00234294706024, -0.00157612911426, 0.00219926517457, -0.0042689377442], [-0.000930232985411, -0.0013486999087, -0.00257535441779, -0.0019950363785, 0.0190404672176, -0.00413521379232, -0.0046652960591, 0.00169846741483, -0.00140033464413, -0.00401831557974, -0.000331434188411, -0.00122386496514, 0.000594190903939], [-0.000568267714698, -0.00157594890334, 0.00245047919452, -0.00715111754835, -0.00413521379232, 0.0302048660815, -0.0165975950658, 0.00525613781065, -0.00260550389066, 0.00157901027706, -0.00590445986018, 0.00265042833053, -0.00507630687207], [0.000413660076447, 0.00039122151793, -0.00248566013761, 0.00409791385755, -0.0046652960591, -0.0165975950658, 0.0398067682981, -0.0199255980551, -0.000526284740772, -0.00291205546819, -0.000559251231607, 0.00213614897802, 0.00480710528791], [-9.43178165471e-05, 0.000613128067926, 0.00010578691581, -0.00812022667378, 0.00169846741483, 0.00525613781065, -0.0199255980551, 0.0352344028652, -0.016227055341, 0.011214973405, -0.00668423110619, 0.00254153483547, -0.00227679801174], [0.000610878982116, -0.000605430454016, 0.00178071972914, 0.0037947637029, -0.00140033464413, -0.00260550389066, -0.000526284740772, -0.016227055341, 0.0406412705779, -0.0244740135968, 0.0142971584573, -0.0119542041793, -0.00165525684133], [-0.000284258130705, 0.000694183632731, 0.000411675224314, -0.00234294706024, -0.00401831557974, 0.00157901027706, -0.00291205546819, 0.011214973405, -0.0244740135968, 0.0404355451465, -0.0263660699129, 0.013624092564, -0.00601381761953], [0.000457287213067, 0.000475124252262, 0.000382037484087, -0.00157612911426, -0.000331434188411, -0.00590445986018, -0.000559251231607, -0.00668423110619, 0.0142971584573, -0.0263660699129, 0.0523842386901, -0.0351686663926, 0.0113623095676], [-0.000103799822682, -0.00113596115261, -0.00138533208519, 0.00219926517457, -0.00122386496514, 0.00265042833053, 0.00213614897802, 0.00254153483547, -0.0119542041793, 0.013624092564, -0.0351686663926, 0.056652430445, -0.028957631439], [-0.000457705289591, -0.000607507769018, 0.000964212696999, -0.0042689377442, 0.000594190903939, -0.00507630687207, 0.00480710528791, -0.00227679801174, -0.00165525684133, -0.00601381761953, 0.0113623095676, -0.028957631439, 0.0400180444121]]
    spectral_contrast:
        mean: [-4.88737384785e-07, -1.78382762783e-07, 4.77000980936e-07, -2.97980108144e-07, -2.14626737716e-07, -8.10250639915e-08, 3.08105654767e-06, -4.45057048637e-06, 1.35731639261e-07, 1.77972299298e-06, 6.63791524858e-07, -1.35710945415e-06]
        var: [0.000173921493115, 0.000550538126845, 0.00111798779108, 0.00210244394839, 0.00450581405312, 0.00646827183664, 0.0383650399745, 0.0742557421327, 0.141546621919, 0.222105637193, 1.26548743248, 2.79901218414]

rhythm:
    beats_loudness:
        dmean: 0.00442760577425
        dmean2: 0.00734592229128
        dvar: 1.38378491101e-05
        dvar2: 3.31669580191e-05
        max: 0.0174409653991
        mean: 0.00495777931064
        min: 4.39564100816e-05
        var: 1.77912716026e-05
    beats_loudness_bass:
        dmean: 0.113591141999
        dmean2: 0.216963231564
        dvar: 0.0104376347736
        dvar2: 0.0335500091314
        max: 0.406116485596
        mean: 0.105318970978
        min: 0.00692962110043
        var: 0.00813025608659
    bpm: 123.805961609
    bpm_confidence: 0
    first_peak_bpm: 158
    first_peak_spread: 0
    first_peak_weight: 0.652173936367
    onset_rate: 4.98453760147
    second_peak_bpm: 124
    second_peak_spread: 0
    second_peak_weight: 0.304347813129
    beats_position: [0.225047275424, 0.605902314186, 0.986757338047, 1.36761236191, 1.74846744537, 2.12932252884, 2.51017737389, 2.89103245735, 3.2718873024, 3.65274238586, 4.03359699249, 4.41445207596, 4.79530715942, 5.17616224289, 5.55701684952, 5.93787193298, 6.27321004868, 6.75784635544, 7.2424826622, 7.72711992264, 8.21175670624, 8.696393013, 9.18103027344, 9.6656665802]
    bpm_estimates: [124.443496704, 123.777877808, 123.910270691, 123.092201233]
    bpm_intervals: [0.380855023861, 0.380855023861, 0.380855023861, 0.380855083466, 0.380855083466, 0.380854845047, 0.380855083466, 0.380854845047, 0.380855083466, 0.380854606628, 0.380855083466, 0.380855083466, 0.380855083466, 0.380854606628, 0.380855083466, 0.335338115692, 0.484636306763, 0.484636306763, 0.484637260437, 0.4846367836, 0.484636306763, 0.484637260437, 0.484636306763]
    onset_times: [0.0348299331963, 0.208979591727, 0.476009070873, 0.545668959618, 0.615328788757, 0.777868509293, 0.975238084793, 1.38158726692, 1.75310659409, 2.14784574509, 2.4497051239, 2.50775504112, 2.70512461662, 2.89088439941, 2.97215414047, 3.04181408882, 3.23918366432, 3.41333341599, 3.73841261864, 3.83129262924, 3.87773251534, 4.051882267, 4.21442174911, 4.40018129349, 4.72526073456, 4.81814050674, 5.30575942993, 5.41024923325, 5.630838871, 5.75854873657, 5.9094786644, 6.19972801208, 6.24616765976, 6.3042178154, 6.78022670746, 6.86149644852, 7.04725646973, 7.1517457962, 7.24462604523, 7.32589578629, 7.41877555847, 7.79029464722, 8.19664382935, 8.40562343597, 8.498503685, 8.84680271149, 8.91646289825, 9.18349170685, 9.75238132477, 10.0194101334]
    rubato_start: [6.75784635544]
    rubato_stop: [9.6656665802]
    perceptual_tempo: "unknown"

sfx:
    inharmonicity:
        dmean: 0.0409394390881
        dmean2: 0.0726538002491
        dvar: 0.003273377195
        dvar2: 0.00891932100058
        max: 0.393223106861
        mean: 0.0380910970271
        min: 1.87872428796e-05
        var: 0.00318386568688
    oddtoevenharmonicenergyratio:
        dmean: 4.02797555923
        dmean2: 7.82638931274
        dvar: 373.336975098
        dvar2: 1105.73486328
        max: 194.407226562
        mean: 2.30766654015
        min: 0.000742371834349
        var: 193.925582886
    pitch_after_max_to_before_max_energy_ratio: 1.35621058941
    pitch_centroid: 208.529373169
    pitch_max_to_total: 0.342592597008
    pitch_min_to_total: 0.650462985039
    tristimulus:
        dmean: [0.230717718601, 0.218801885843, 0.0872973874211]
        dmean2: [0.398081541061, 0.381803870201, 0.153061643243]
        dvar: [0.0369551815093, 0.0334825143218, 0.00762355094776]
        dvar2: [0.10665396601, 0.0975202769041, 0.0196147803217]
        max: [0.973476171494, 0.99824488163, 0.573333442211]
        mean: [0.476052284241, 0.400311082602, 0.106203489006]
        min: [0.000931520247832, 0, 0]
        var: [0.0678202584386, 0.0515479035676, 0.0120991710573]

tonal:
    chords_changes_rate: 0.152073726058
    chords_number_rate: 0.0506912432611
    chords_strength:
        dmean: 0.0166695564985
        dmean2: 0.0166343972087
        dvar: 0.000139090087032
        dvar2: 0.000186674296856
        max: 0.649888932705
        mean: 0.498263269663
        min: 0.309575170279
        var: 0.00691307848319
    key_strength: 0.469088494778
    tuning_diatonic_strength: 0.392255604267
    tuning_equal_tempered_deviation: 0.166733011603
    tuning_frequency: 439.238189697
    tuning_nontempered_energy_ratio: 0.820850551128
    hpcp:
        dmean: [0.10135551542, 0.100948236883, 0.143854916096, 0.158996045589, 0.168798282743, 0.154358938336, 0.140280038118, 0.1067481637, 0.121505886316, 0.116834707558, 0.0832652598619, 0.070631146431, 0.09258980304, 0.126123771071, 0.177447378635, 0.15155620873, 0.0943641364574, 0.088658362627, 0.098909266293, 0.085406601429, 0.0921706482768, 0.110595323145, 0.12159511447, 0.1906042099, 0.234912782907, 0.289672255516, 0.268298894167, 0.286048680544, 0.19580668211, 0.212083220482, 0.203910410404, 0.180859282613, 0.169054821134, 0.141186386347, 0.125659003854, 0.113781496882]
        dmean2: [0.168201416731, 0.171061635017, 0.245637476444, 0.272418528795, 0.296325713396, 0.280871361494, 0.246614351869, 0.183136343956, 0.202794611454, 0.195806801319, 0.13940487802, 0.121276430786, 0.15338717401, 0.223033607006, 0.306488335133, 0.24993288517, 0.162869274616, 0.157463595271, 0.175923794508, 0.143298327923, 0.158846318722, 0.203729212284, 0.220717668533, 0.323445260525, 0.398965835571, 0.517794907093, 0.466425687075, 0.513908863068, 0.338459074497, 0.372543543577, 0.365888893604, 0.322326511145, 0.288436800241, 0.243179097772, 0.221786886454, 0.194013819098]
        dvar: [0.0194222908467, 0.0201377607882, 0.0366487465799, 0.0415758416057, 0.0517174042761, 0.0458739958704, 0.0473051927984, 0.0246336571872, 0.0250082835555, 0.0321175120771, 0.0182836093009, 0.0124267116189, 0.0234493389726, 0.0357204824686, 0.0407427102327, 0.0279471762478, 0.0166613440961, 0.0191119182855, 0.0316174924374, 0.0141636142507, 0.011517916806, 0.026917250827, 0.0255484059453, 0.0570827461779, 0.0737301632762, 0.0901426300406, 0.0690932050347, 0.08896125108, 0.0445124357939, 0.0511741898954, 0.0617138445377, 0.0532798245549, 0.0453192181885, 0.030374173075, 0.0294888950884, 0.0222249403596]
        dvar2: [0.0395593717694, 0.0506749264896, 0.10391817987, 0.0941680669785, 0.146117657423, 0.127599492669, 0.123324379325, 0.0579688064754, 0.0532929524779, 0.0650978460908, 0.0486841127276, 0.0347242541611, 0.0674094706774, 0.0909149944782, 0.112011961639, 0.0662376433611, 0.0437871217728, 0.0561140663922, 0.0784532949328, 0.0345833785832, 0.0324408635497, 0.0741731524467, 0.0694484636188, 0.146088495851, 0.171100705862, 0.241493999958, 0.166930764914, 0.241546139121, 0.136123925447, 0.153505131602, 0.152222439647, 0.153252795339, 0.111772440374, 0.0765510573983, 0.0840856507421, 0.0601085759699]
        max: [1, 1, 1, 1, 1, 1, 1, 1, 1, 1, 1, 0.796117782593, 1, 1, 1, 1, 0.93702340126, 0.989838123322, 1, 0.757578253746, 0.521377205849, 1, 0.813322901726, 1, 1, 1, 1, 1, 1, 1, 1, 1, 1, 1, 1, 0.889448463917]
        mean: [0.151307597756, 0.135716974735, 0.186435207725, 0.224836885929, 0.183316349983, 0.148819983006, 0.150384575129, 0.133389264345, 0.162761166692, 0.175885096192, 0.100623629987, 0.0770255178213, 0.12091884017, 0.170157626271, 0.233708709478, 0.226223781705, 0.126789331436, 0.095677241683, 0.113225340843, 0.0986777245998, 0.109182655811, 0.116408109665, 0.113272726536, 0.218821689487, 0.303145557642, 0.293698757887, 0.335349708796, 0.318891227245, 0.225375816226, 0.241787523031, 0.250439554453, 0.196330562234, 0.182309299707, 0.166020289063, 0.129357710481, 0.139535799623]
        min: [0.00349566037767, 0.00268628215417, 0.00377547903918, 0.00541277229786, 0.00224450114183, 0.00165300944354, 0.00101835827809, 0.00152432615869, 0.00190509459935, 0.00176490016747, 0.00197037798353, 0.00264501105994, 0.00498894043267, 0.00877749826759, 0.00906724482775, 0.00195388169959, 0.00285296398215, 0.000985158607364, 0.00109206803609, 0.000854031008203, 0.0022316572722, 0.00170368899126, 0.00147481169552, 0.000632198934909, 0.000269697367912, 0.00311910943128, 0.00206379499286, 0.00420837197453, 0.00356119172648, 0.000656673219055, 0.000436821661424, 0.00105054012965, 0.00220881728455, 0.000583244662266, 0.00140724843368, 0.00574252521619]
        var: [0.0526128336787, 0.0262268222868, 0.0511215627193, 0.0798395946622, 0.0524551384151, 0.0413542687893, 0.0511287339032, 0.0329426527023, 0.0416476018727, 0.0639961287379, 0.0186871830374, 0.0114762857556, 0.0357324369252, 0.0621800534427, 0.0600863546133, 0.079692453146, 0.0264691449702, 0.0183662008494, 0.0403807908297, 0.0177564397454, 0.0136980665848, 0.025396367535, 0.0210391227156, 0.0730347335339, 0.118732079864, 0.100162744522, 0.098574206233, 0.111334048212, 0.0608704909682, 0.0703551843762, 0.0882776528597, 0.0606286972761, 0.0550676956773, 0.0406464077532, 0.0318530984223, 0.0315410383046]
    chords_histogram: [9.21658992767, 16.129032135, 0, 0, 0, 0.460829496384, 6.45161294937, 23.041475296, 3.22580647469, 0, 0, 0, 0, 0, 16.129032135, 12.9032258987, 6.45161294937, 0, 2.7649769783, 0, 0, 0, 1.38248848915, 1.84331798553]
    thpcp: [1, 0.950921416283, 0.672062039375, 0.721001148224, 0.746801197529, 0.585450232029, 0.543639361858, 0.495066136122, 0.38573974371, 0.416090428829, 0.451193481684, 0.404702812433, 0.55594265461, 0.670454978943, 0.546642363071, 0.443775504827, 0.448441058397, 0.397761672735, 0.485347568989, 0.524482607841, 0.300055801868, 0.229687154293, 0.360575348139, 0.507403552532, 0.696910440922, 0.674590647221, 0.378080934286, 0.285305887461, 0.337633639574, 0.294253200293, 0.325578510761, 0.347124516964, 0.337774932384, 0.652517914772, 0.903968453407, 0.875798463821]
    chords_key: "A#"
    chords_scale: "major"
    key_key: "A#"
    key_scale: "minor"
    chords_progression: ["A#m", "A#m", "A#m", "A#m", "A#m", "A#m", "A#m", "A#m", "C#", "C#", "C#", "A#m", "A#m", "A#m", "A#m", "A#m", "A#m", "A#m", "A#m", "A#m", "A#m", "A#m", "A#", "A#", "A#", "A#", "A#", "A#", "A#", "A#", "A#", "A#", "A#", "A#", "A#", "A#", "A#", "A#", "A#", "A#", "Gm", "Gm", "Gm", "Gm", "Gm", "Gm", "Gm", "Gm", "Gm", "Gm", "Gm", "Gm", "Gm", "F#", "F#", "F#", "F#", "Bm", "Bm", "Bm", "Bm", "Bm", "Bm", "Bm", "Bm", "Bm", "Bm", "Bm", "Bm", "Bm", "Bm", "Bm", "Bm", "Bm", "Bm", "Bm", "Bm", "Bm", "Bm", "Bm", "Bm", "Bm", "Bm", "Bm", "Bm", "Bm", "Bm", "Bm", "Bm", "Bm", "Bm", "Bm", "A#m", "A#", "A#", "A#", "A#", "A#", "A#", "A#", "A#", "A#", "A#", "A#", "A#", "A#", "A#", "A#", "A#", "A#", "A#", "A#", "A#", "A#", "A#", "A#", "A#", "A#", "A#", "A#", "A#", "A#", "A#", "A#", "A#", "Gm", "F#m", "F#m", "D#m", "F#m", "F#m", "F#m", "D#m", "F#m", "F#m", "F#m", "D#", "F#m", "D#m", "F#m", "F#m", "F#m", "F#m", "F#m", "C#", "D", "D", "D", "C#", "D", "D", "D", "D", "D", "D", "D", "D", "D", "D", "Dm", "Dm", "Dm", "Dm", "D", "Dm", "Dm", "D", "D", "D", "D", "D", "D", "C#", "C#", "Dm", "D", "D", "D", "D", "D", "D", "D", "D", "C#", "C#", "C#", "C#", "C#", "C#", "C#", "C#", "C#", "C#", "C#", "C#", "C#", "C#", "C#", "C#", "C#", "C#", "C#", "C#", "C#", "C#", "C#", "C#", "C#", "C#", "C#", "C#m", "C#", "C#m", "C#m", "C#m", "C#m", "C#m"]
