
metadata:
    version:
        essentia: "1.2.2"
    audio_properties:
        analysis_sample_rate: 44100
        bitrate: 128
        channels: 2
        equal_loudness: 1
        length: 10.0310201645
        replay_gain: -9.09309005737
        downmix: "mix"
    tags:
        track: 12
        year: 0
        album: "Splitted by Mp3Splt v. 2.1"
        artist: "From 001.50 To 002.00"
        comment: "http://mp3splt.sf.net"
        genre: ""
        title: "05 As Long As It Matters.mp3"

highlevel:
    ballroom:
        all:
            ChaChaCha: 0.221485778689
            Jive: 0.292979121208
            Quickstep: 0.0422116518021
            Rumba-American: 0.011219679378
            Rumba-International: 0.154183417559
            Rumba-Misc: 0.049997061491
            Samba: 0.0677395910025
            Tango: 0.00722851231694
            VienneseWaltz: 0.122264817357
            Waltz: 0.0306903850287
        probability: 0.292979121208
        value: "Jive"
    culture:
        all:
            non_western: 0.5
            western: 0.5
        probability: 0.5
        value: "non_western"
    gender:
        all:
            female: 0.798054099083
            male: 0.201945886016
        probability: 0.798054099083
        value: "female"
    genre_dortmund:
        all:
            alternative: 0.100794225931
            blues: 0.0589705444872
            electronic: 0.0207925941795
            folkcountry: 0.209198951721
            funksoulrnb: 0.014087697491
            jazz: 0.0451447255909
            pop: 0.122122392058
            raphiphop: 0.00164944457356
            rock: 0.42723941803
        probability: 0.42723941803
        value: "rock"
    genre_electronica:
        all:
            ambient: 0.337034076452
            dnb: 0.196665674448
            house: 0.0559442378581
            techno: 0.0198567844927
            trance: 0.3904992342
        probability: 0.3904992342
        value: "trance"
    genre_rosamerica:
        all:
            cla: 0.0232472158968
            dan: 0.0193862263113
            hip: 0.00437951972708
            jaz: 0.00508476840332
            pop: 0.221766918898
            rhy: 0.057654209435
            roc: 0.666095972061
            spe: 0.0023851597216
        probability: 0.666095972061
        value: "roc"
    genre_tzanetakis:
        all:
            blu: 0.0033735584002
            cla: 0.0159280318767
            cou: 0.177231237292
            dis: 0.0659492760897
            hip: 0.00246784347109
            jaz: 0.0197415333241
            met: 0.0207822937518
            pop: 0.0572717934847
            reg: 0.0154763218015
            roc: 0.621778130531
        probability: 0.621778130531
        value: "roc"
    live_studio:
        all:
            live: 0.102452032268
            studio: 0.897547960281
        probability: 0.897547960281
        value: "studio"
    mood:
        all:
            Cluster1: 0.28031539917
            Cluster2: 0.217317163944
            Cluster3: 0.294633388519
            Cluster4: 0.109170489013
            Cluster5: 0.0985635817051
        probability: 0.294633388519
        value: "Cluster3"
    mood_acoustic:
        all:
            acoustic: 0.302936911583
            not_acoustic: 0.697063088417
        probability: 0.697063088417
        value: "not_acoustic"
    mood_aggressive:
        all:
            aggressive: 0.0837810710073
            not_aggressive: 0.916218936443
        probability: 0.916218936443
        value: "not_aggressive"
    mood_electronic:
        all:
            electronic: 0.241038277745
            not_electronic: 0.758961737156
        probability: 0.758961737156
        value: "not_electronic"
    mood_happy:
        all:
            happy: 0.748265206814
            not_happy: 0.251734793186
        probability: 0.748265206814
        value: "happy"
    mood_party:
        all:
            not_party: 0.890547633171
            party: 0.109452374279
        probability: 0.890547633171
        value: "not_party"
    mood_relaxed:
        all:
            not_relaxed: 0.220934480429
            relaxed: 0.779065549374
        probability: 0.779065549374
        value: "relaxed"
    mood_sad:
        all:
            not_sad: 0.301927775145
            sad: 0.698072254658
        probability: 0.698072254658
        value: "sad"
    rhythm:
        all:
            fast: 0.687625467777
            medium: 0.252226740122
            slow: 0.0601478032768
        probability: 0.687625467777
        value: "fast"
    speech_music:
        all:
            music: 0.999830901623
            speech: 0.000169120699866
        probability: 0.999830901623
        value: "music"
    timbre:
        all:
            bright: 0.995273351669
            dark: 0.0047266362235
        probability: 0.995273351669
        value: "bright"
    voice_instrumental:
        all:
            instrumental: 0.744278907776
            voice: 0.255721092224
        probability: 0.744278907776
        value: "instrumental"

lowlevel:
    average_loudness: 0.952171325684
    barkbands_kurtosis:
        dmean: 1.13529574871
        dmean2: 1.86716783047
        dvar: 3.18629002571
        dvar2: 8.10170269012
        max: 19.9189491272
        mean: 0.676366448402
        min: -1.82597541809
        var: 6.94201612473
    barkbands_skewness:
        dmean: 0.386119008064
        dmean2: 0.627375721931
        dvar: 0.154658228159
        dvar2: 0.406959056854
        max: 4.11438131332
        mean: 1.06991589069
        min: -1.02605962753
        var: 0.708982825279
    barkbands_spread:
        dmean: 4.5117559433
        dmean2: 7.34495592117
        dvar: 26.7091236115
        dvar2: 73.6765594482
        max: 54.2490997314
        mean: 26.4529342651
        min: 5.10547685623
        var: 94.6073226929
    dissonance:
        dmean: 0.0191809441894
        dmean2: 0.0324424281716
        dvar: 0.00031393620884
        dvar2: 0.000902121537365
        max: 0.493871599436
        mean: 0.454883724451
        min: 0.33460482955
        var: 0.000704976497218
    hfc:
        dmean: 1.59181201458
        dmean2: 2.46185922623
        dvar: 9.13436985016
        dvar2: 22.8370304108
        max: 30.1705322266
        mean: 5.21431303024
        min: 0.569168150425
        var: 15.0567541122
    pitch:
        dmean: 434.335266113
        dmean2: 851.183654785
        dvar: 1109216.625
        dvar2: 2796410.25
        max: 4900
        mean: 733.386169434
        min: 73.6227035522
        var: 1466287.625
    pitch_instantaneous_confidence:
        dmean: 0.0687563866377
        dmean2: 0.107871688902
        dvar: 0.00344909494743
        dvar2: 0.00880455970764
        max: 0.768431782722
        mean: 0.438262879848
        min: 0.178054332733
        var: 0.0165239106864
    pitch_salience:
        dmean: 0.0569943040609
        dmean2: 0.0923565402627
        dvar: 0.00287470943294
        dvar2: 0.00848337635398
        max: 0.784151852131
        mean: 0.588625967503
        min: 0.345161676407
        var: 0.00542302010581
    silence_rate_20dB:
        dmean: 0
        dmean2: 0
        dvar: 0
        dvar2: 0
        max: 1
        mean: 1
        min: 1
        var: 0
    silence_rate_30dB:
        dmean: 0
        dmean2: 0
        dvar: 0
        dvar2: 0
        max: 1
        mean: 1
        min: 1
        var: 0
    silence_rate_60dB:
        dmean: 0.111368909478
        dmean2: 0.223255813122
        dvar: 0.0989658609033
        dvar2: 0.210621803999
        max: 1
        mean: 0.231481477618
        min: 0
        var: 0.177898153663
    spectral_centroid:
        dmean: 173.618240356
        dmean2: 280.445556641
        dvar: 37684.0898438
        dvar2: 96060.2578125
        max: 2917.03295898
        mean: 982.765991211
        min: 266.554290771
        var: 178357.25
    spectral_complexity:
        dmean: 2.80652689934
        dmean2: 4.49299049377
        dvar: 10.8972730637
        dvar2: 25.0817451477
        max: 37
        mean: 13.1883716583
        min: 2
        var: 32.799407959
    spectral_crest:
        dmean: 2.0702457428
        dmean2: 3.43664932251
        dvar: 5.53676509857
        dvar2: 13.8826713562
        max: 19.5124511719
        mean: 8.68925571442
        min: 3.16948008537
        var: 11.3570146561
    spectral_decrease:
        dmean: 4.47811315807e-10
        dmean2: 7.516614553e-10
        dvar: 1.05992824722e-18
        dvar2: 2.7425564052e-18
        max: -1.58597676658e-10
        mean: -1.30338073667e-09
        min: -8.2604918461e-09
        var: 1.03364572063e-18
    spectral_energy:
        dmean: 0.00180430279579
        dmean2: 0.00301200291142
        dvar: 1.69333707163e-05
        dvar2: 4.36088339484e-05
        max: 0.0335690639913
        mean: 0.00539220916107
        min: 0.000706137274392
        var: 1.69613904291e-05
    spectral_energyband_high:
        dmean: 8.21227658889e-05
        dmean2: 0.000129461186589
        dvar: 6.31279064578e-08
        dvar2: 1.55308512717e-07
        max: 0.00369476363994
        mean: 0.000135218011565
        min: 3.16093451147e-06
        var: 7.01416240645e-08
    spectral_energyband_low:
        dmean: 0.000235658808379
        dmean2: 0.000407459156122
        dvar: 3.74583493112e-07
        dvar2: 1.04857247152e-06
        max: 0.00565206911415
        mean: 0.000374994939193
        min: 8.43940483719e-07
        var: 2.69987339152e-07
    spectral_energyband_middle_high:
        dmean: 0.000438312039478
        dmean2: 0.000695837894455
        dvar: 4.32019362506e-07
        dvar2: 1.0261354646e-06
        max: 0.0061239101924
        mean: 0.00168369116727
        min: 0.000105985600385
        var: 1.84236625955e-06
    spectral_energyband_middle_low:
        dmean: 0.00142763962504
        dmean2: 0.00241917511448
        dvar: 1.21458651847e-05
        dvar2: 3.18701240758e-05
        max: 0.0286219418049
        mean: 0.00319829024374
        min: 0.000342984480085
        var: 1.07851419671e-05
    spectral_flatness_db:
        dmean: 0.0170818325132
        dmean2: 0.025036752224
        dvar: 0.000259407010162
        dvar2: 0.000556717801373
        max: 0.291569977999
        mean: 0.176591739058
        min: 0.109797216952
        var: 0.000814774131868
    spectral_flux:
        dmean: 0.0107392976061
        dmean2: 0.0167336724699
        dvar: 0.000266364833806
        dvar2: 0.000521276379004
        max: 0.149810388684
        mean: 0.0348701179028
        min: 0.00906198192388
        var: 0.000474652013509
    spectral_kurtosis:
        dmean: 1.82584857941
        dmean2: 3.10437583923
        dvar: 3.88917803764
        dvar2: 10.4861631393
        max: 20.5121974945
        mean: 6.92826414108
        min: 1.30875015259
        var: 8.78474998474
    spectral_rms:
        dmean: 0.000322650652379
        dmean2: 0.000519132299814
        dvar: 3.07139146116e-07
        dvar2: 7.4345689427e-07
        max: 0.00572278862819
        mean: 0.00218642456457
        min: 0.000830008706544
        var: 4.80237133615e-07
    spectral_rolloff:
        dmean: 445.220214844
        dmean2: 764.126525879
        dvar: 312130.4375
        dvar2: 785261.625
        max: 4888.03710938
        mean: 2029.72949219
        min: 193.798828125
        var: 1049772
    spectral_skewness:
        dmean: 0.217097699642
        dmean2: 0.352053880692
        dvar: 0.0411245077848
        dvar2: 0.10619187355
        max: 3.33368182182
        mean: 1.8984375
        min: 0.844162762165
        var: 0.173716723919
    spectral_spread:
        dmean: 527069.9375
        dmean2: 624258.0625
        dvar: 598464069632
        dvar2: 697041747968
        max: 16278033
        mean: 4039194.75
        min: 2059872.5
        var: 1.34108715418e+12
    spectral_strongpeak:
        dmean: 0.259005606174
        dmean2: 0.453936487436
        dvar: 0.312536925077
        dvar2: 0.816352128983
        max: 4.85783863068
        mean: 0.576446533203
        min: 0.0254445187747
        var: 0.559883594513
    zerocrossingrate:
        dmean: 0.00625773984939
        dmean2: 0.00769955664873
        dvar: 2.91884807666e-05
        dvar2: 3.85804087273e-05
        max: 0.1357421875
        mean: 0.0637876987457
        min: 0.01708984375
        var: 0.000418185838498
    barkbands:
        dmean: [4.14257385728e-07, 4.99401721754e-05, 0.000200226568268, 0.000343551451806, 0.00103334337473, 0.000139826486702, 0.000167955906363, 0.000150100764586, 7.58461173973e-05, 8.80280567799e-05, 4.21728836955e-05, 5.3749208746e-05, 3.72518479708e-05, 9.99383046292e-05, 4.01071556553e-05, 3.3354950574e-05, 7.08612715243e-05, 0.000112997171527, 0.000134926274768, 8.39706408442e-05, 4.22295343014e-05, 7.15212172508e-06, 1.35642710575e-06, 5.58891201763e-07, 4.09708462712e-07, 4.08619769132e-08, 1.03881370173e-09]
        dmean2: [7.09518587882e-07, 8.81093510543e-05, 0.000343506544596, 0.000576796068344, 0.00179013668094, 0.000222371410928, 0.000240796376602, 0.000209962294321, 0.000120724937005, 0.000134875182994, 6.56636984786e-05, 7.84053409006e-05, 5.9880738263e-05, 0.000151330750668, 6.80615921738e-05, 5.59704494663e-05, 0.000118708769151, 0.000191500817891, 0.00022515981982, 0.000139884970849, 7.07582294126e-05, 1.15160191854e-05, 1.92984953173e-06, 7.48293700781e-07, 5.55215592613e-07, 5.56900019433e-08, 1.32741140302e-09]
        dvar: [1.41349735736e-12, 2.03732533066e-08, 2.46986559205e-07, 3.45840874161e-07, 9.65126582742e-06, 6.232546923e-08, 9.65272661801e-08, 9.20562115425e-08, 1.18269136706e-08, 3.45975372795e-08, 1.22196039953e-08, 1.07740776301e-08, 7.76798270152e-09, 3.49305899761e-08, 4.86831996938e-09, 2.31933361405e-09, 1.21103171935e-08, 3.49325226523e-08, 3.10754195709e-08, 3.28258913385e-08, 4.28113793305e-08, 5.42451694674e-10, 1.08791959816e-11, 1.26651163515e-12, 3.86958396098e-13, 4.17326949772e-15, 1.70848358641e-16]
        dvar2: [3.40080025772e-12, 5.80443249021e-08, 6.98249266406e-07, 9.97618144538e-07, 2.61204677372e-05, 1.71526366444e-07, 2.34230824958e-07, 1.99598645167e-07, 2.80899925542e-08, 6.68551862759e-08, 2.39865656226e-08, 2.39055726325e-08, 1.93963476391e-08, 7.3273518808e-08, 1.25991865829e-08, 5.69599922784e-09, 3.27952136558e-08, 9.51355971779e-08, 7.77442679123e-08, 8.4492029373e-08, 1.14951596686e-07, 1.45416545472e-09, 2.50443190492e-11, 2.90485626005e-12, 7.57602314216e-13, 8.01521104669e-15, 1.71265694421e-16]
        max: [7.52869755161e-06, 0.00134206423536, 0.00476942118257, 0.00569122191519, 0.0230488982052, 0.00284512271173, 0.00434964243323, 0.00394981820136, 0.00133679166902, 0.00360734411515, 0.00174501584843, 0.00137911748607, 0.00113176763989, 0.00257726549171, 0.000853028264828, 0.000482512114104, 0.00108449126128, 0.00121477164794, 0.0018173980061, 0.00236572464928, 0.00341608212329, 0.000284036621451, 3.72305003111e-05, 1.55291163537e-05, 6.57447662888e-06, 5.33417733095e-07, 2.71337825097e-07]
        mean: [3.13550827968e-07, 8.16780157038e-05, 0.000293025397696, 0.00081429653801, 0.00121877680067, 0.00029846970574, 0.000363869650755, 0.000321803672705, 0.000154540830408, 0.000360926467692, 7.11698958185e-05, 0.000112893270853, 6.43376988592e-05, 0.000186477496754, 7.28664381313e-05, 7.09126106813e-05, 0.000162189942785, 0.000202171198907, 0.000314785225783, 0.000163014337886, 4.96127504448e-05, 1.01235382317e-05, 2.19276876123e-06, 9.46409841163e-07, 7.55875703362e-07, 6.49019256116e-08, 1.05699060615e-09]
        min: [6.41888694974e-11, 1.06664446164e-08, 2.15395985492e-07, 3.67463417206e-06, 4.51842897746e-05, 1.34367210194e-05, 7.10333870302e-06, 3.78543086299e-06, 1.92739071281e-06, 1.49266270455e-06, 9.8712075669e-07, 1.03354170733e-06, 5.91919899762e-07, 8.89483601441e-07, 1.51088931943e-06, 1.46738193507e-06, 8.23523532745e-06, 8.91171384865e-06, 1.52437569341e-05, 3.26678105012e-06, 1.24583743855e-06, 4.3018527407e-08, 4.30878621671e-09, 2.88762680434e-09, 2.01309768855e-09, 2.29232133275e-10, 7.49956412076e-13]
        var: [1.11721070763e-12, 1.51281032146e-08, 1.828410916e-07, 5.60585135645e-07, 6.91183504387e-06, 9.46068041685e-08, 3.0484292779e-07, 2.27189346447e-07, 4.1566501352e-08, 5.77753951347e-07, 2.50129748025e-08, 4.24168327129e-08, 1.15117897437e-08, 1.29181898956e-07, 7.53613615956e-09, 4.1837107112e-09, 2.12918891407e-08, 5.02370411937e-08, 9.24002279135e-08, 3.913032387e-08, 3.38384005261e-08, 5.63837476708e-10, 1.64462731628e-11, 1.87770502272e-12, 8.32604276323e-13, 7.71957113711e-15, 1.7066712006e-16]
    mfcc:
        mean: [-728.262329102, 150.333938599, -51.5154190063, 55.9680366516, -8.7632894516, -18.4333572388, 5.80524635315, -9.41220378876, -9.8356628418, -3.30704593658, -6.03977394104, -9.73756885529, -9.39660549164]
        cov: [[2084.47216797, -808.726196289, 198.184799194, -279.402069092, -98.1105804443, 151.113021851, -197.302520752, 81.9883117676, 23.1783390045, -28.6743545532, 53.6510925293, -36.1109619141, 15.2562665939], [-808.726196289, 644.458984375, -180.05696106, 69.2116088867, 61.3506546021, -29.4421634674, 101.164787292, -16.3399467468, -16.034954071, 53.5105361938, -1.49678301811, 10.7312393188, -10.1797628403], [198.184799194, -180.05696106, 431.824737549, 27.4180870056, 20.3334445953, 81.8426971436, 25.1241970062, 39.8055763245, 37.0929832458, -15.3060216904, 30.4405441284, 10.4437904358, 22.1091480255], [-279.402069092, 69.2116088867, 27.4180870056, 323.503051758, 99.8991622925, 13.4852514267, 59.9675102234, 5.94477701187, 54.0873031616, -14.9390230179, 2.67850494385, 67.9342956543, 23.1416339874], [-98.1105804443, 61.3506546021, 20.3334445953, 99.8991622925, 137.576522827, 42.0396957397, 52.1951026917, 19.2978954315, 28.6504058838, 5.2425904274, 4.25473833084, 34.1976394653, 2.39070487022], [151.113021851, -29.4421634674, 81.8426971436, 13.4852514267, 42.0396957397, 105.704574585, 16.8026638031, 20.6251773834, 20.2916202545, 0.168544754386, 11.5832185745, 17.3070487976, -6.45728778839], [-197.302520752, 101.164787292, 25.1241970062, 59.9675102234, 52.1951026917, 16.8026638031, 108.396598816, 31.3199672699, 10.8193950653, 13.593960762, 0.835956633091, 20.7178668976, 10.6842365265], [81.9883117676, -16.3399467468, 39.8055763245, 5.94477701187, 19.2978954315, 20.6251773834, 31.3199672699, 84.7400588989, 33.0922584534, 3.84774756432, 4.3375878334, -10.0545740128, 7.82006788254], [23.1783390045, -16.034954071, 37.0929832458, 54.0873031616, 28.6504058838, 20.2916202545, 10.8193950653, 33.0922584534, 80.7880249023, 5.70791006088, 1.18194055557, -10.5517539978, -14.4615268707], [-28.6743545532, 53.5105361938, -15.3060216904, -14.9390230179, 5.2425904274, 0.168544754386, 13.593960762, 3.84774756432, 5.70791006088, 66.1501083374, 16.3046073914, -10.9171466827, -8.29151916504], [53.6510925293, -1.49678301811, 30.4405441284, 2.67850494385, 4.25473833084, 11.5832185745, 0.835956633091, 4.3375878334, 1.18194055557, 16.3046073914, 50.7236022949, 14.9827728271, 7.43179893494], [-36.1109619141, 10.7312393188, 10.4437904358, 67.9342956543, 34.1976394653, 17.3070487976, 20.7178668976, -10.0545740128, -10.5517539978, -10.9171466827, 14.9827728271, 88.0868453979, 27.506608963], [15.2562665939, -10.1797628403, 22.1091480255, 23.1416339874, 2.39070487022, -6.45728778839, 10.6842365265, 7.82006788254, -14.4615268707, -8.29151916504, 7.43179893494, 27.506608963, 57.0383758545]]
        icov: [[0.00160587346181, 0.00166617229115, 0.000484872260131, 0.000874294142704, 3.70423258573e-05, -0.00224846112542, 0.0016701790737, -0.00134629860986, -0.000193682077224, -0.000440745905507, -0.00110096530989, 4.14579371864e-05, -0.00104891962837], [0.00166617229115, 0.00414517195895, 0.00148161430843, 0.000607765163295, -0.00042830145685, -0.00209698290564, -0.000681742676534, -0.000526852090843, 0.000313599361107, -0.00159389141481, -0.00153624848463, 0.000552251760382, -0.000764602853451], [0.000484872260131, 0.00148161430843, 0.00365505646914, 0.000125996215502, 0.00041322837933, -0.0029416854959, -0.00112603022717, -8.27950061648e-05, -0.00103638414294, 0.000687848718371, -0.00225203717127, 0.00108349823859, -0.00185308291111], [0.000874294142704, 0.000607765163295, 0.000125996215502, 0.00615904340521, -0.00242184195668, 0.000166344820173, -0.000489879981615, 0.00112597132102, -0.00475159939378, 0.00125582201872, -0.000317975674989, -0.00302066258155, -0.0021393680945], [3.70423258573e-05, -0.00042830145685, 0.00041322837933, -0.00242184195668, 0.0124271595851, -0.00387321296148, -0.00289910915308, -0.000723522272892, -0.00149588065688, -0.000683644728269, 0.000555183039978, -0.0022312591318, 0.000943995255511], [-0.00224846112542, -0.00209698290564, -0.0029416854959, 0.000166344820173, -0.00387321296148, 0.0172548852861, -0.00222335709259, -6.06928988418e-05, -0.000730525352992, 0.00082843657583, 0.000512668688316, -0.00358660565689, 0.00543850939721], [0.0016701790737, -0.000681742676534, -0.00112603022717, -0.000489879981615, -0.00289910915308, -0.00222335709259, 0.0181652195752, -0.00761706382036, 0.00214173970744, -0.0033928535413, 0.00196698331274, -0.00232900842093, -0.00150502449833], [-0.00134629860986, -0.000526852090843, -8.27950061648e-05, 0.00112597132102, -0.000723522272892, -6.06928988418e-05, -0.00761706382036, 0.0198931246996, -0.00775779038668, 0.00144273752812, -0.000822651258204, 0.00395776331425, -0.00499441241845], [-0.000193682077224, 0.000313599361107, -0.00103638414294, -0.00475159939378, -0.00149588065688, -0.000730525352992, 0.00214173970744, -0.00775779038668, 0.0215102359653, -0.00207428541034, 0.000251665653195, 0.00320375547744, 0.00665412144735], [-0.000440745905507, -0.00159389141481, 0.000687848718371, 0.00125582201872, -0.000683644728269, 0.00082843657583, -0.0033928535413, 0.00144273752812, -0.00207428541034, 0.020142218098, -0.00783459283412, 0.00313134794123, 0.0015302922111], [-0.00110096530989, -0.00153624848463, -0.00225203717127, -0.000317975674989, 0.000555183039978, 0.000512668688316, 0.00196698331274, -0.000822651258204, 0.000251665653195, -0.00783459283412, 0.0264300368726, -0.00576902087778, -0.000935335177928], [4.14579371864e-05, 0.000552251760382, 0.00108349823859, -0.00302066258155, -0.0022312591318, -0.00358660565689, -0.00232900842093, 0.00395776331425, 0.00320375547744, 0.00313134794123, -0.00576902087778, 0.020070720464, -0.00718574225903], [-0.00104891962837, -0.000764602853451, -0.00185308291111, -0.0021393680945, 0.000943995255511, 0.00543850939721, -0.00150502449833, -0.00499441241845, 0.00665412144735, 0.0015302922111, -0.000935335177928, -0.00718574225903, 0.0263019297272]]
    spectral_contrast:
        mean: [-8.35851210468e-08, -1.69284120943e-07, -9.40029352137e-08, 3.11382279961e-07, -1.12278515374e-08, -2.05220175076e-07, 7.58226548214e-08, 9.24565100036e-08, 2.25929329645e-06, 1.81863470061e-06, -1.44742250541e-06, 2.06952876169e-07]
        var: [0.000463933421997, 0.0006489167572, 0.00105725612957, 0.00207171589136, 0.00281233852729, 0.00579446740448, 0.0387971401215, 0.0891882330179, 0.124871499836, 0.267595559359, 0.510602355003, 1.31702387333]

rhythm:
    beats_loudness:
        dmean: 0.00719286827371
        dmean2: 0.013661429286
        dvar: 9.81950597634e-06
        dvar2: 3.16256337101e-05
        max: 0.0173853486776
        mean: 0.00951410271227
        min: 0.00284414296038
        var: 2.01938255486e-05
    beats_loudness_bass:
        dmean: 0.147055506706
        dmean2: 0.258483856916
        dvar: 0.0152036994696
        dvar2: 0.0193063709885
        max: 0.593217968941
        mean: 0.178222954273
        min: 0.0195758696645
        var: 0.0198455695063
    bpm: 90.6887435913
    bpm_confidence: 0
    first_peak_bpm: 91
    first_peak_spread: 0
    first_peak_weight: 0.928571403027
    onset_rate: 3.38948559761
    second_peak_bpm: 84
    second_peak_spread: 0
    second_peak_weight: 0.0714285746217
    beats_position: [0.200824692845, 0.862945973873, 1.52506732941, 2.18718862534, 2.84930968285, 3.51143097878, 4.17355203629, 4.83567333221, 5.49779462814, 6.20907020569, 6.8700466156, 7.53102254868, 8.19199848175, 8.85297489166, 9.51395130157]
    bpm_estimates: [90.6855010986, 90.5495147705, 90.5298233032, 90.8273620605, 90.4770584106, 90.6181945801, 90.5330429077, 90.4517364502, 90.5234298706, 90.5306243896, 91.0737762451, 90.8556365967, 90.7672576904, 90.6484985352, 90.700920105, 90.8692092896, 90.9230117798, 90.6067199707, 90.9939346313, 90.6099014282]
    bpm_intervals: [0.662121295929, 0.662121355534, 0.662121295929, 0.66212105751, 0.662121295929, 0.66212105751, 0.662121295929, 0.662121295929, 0.711275577545, 0.660976409912, 0.660975933075, 0.660975933075, 0.660976409912, 0.660976409912]
    onset_times: [0.0580498874187, 0.220589563251, 0.568888902664, 0.708208620548, 0.859138309956, 1.03328800201, 1.52090704441, 1.8575963974, 2.18267583847, 2.85605430603, 3.14630389214, 3.52943301201, 3.87773251534, 4.20281171799, 4.52789115906, 4.86458063126, 5.20126962662, 5.34058952332, 5.51473903656, 5.86303853989, 6.06040811539, 6.19972801208, 6.51319742203, 6.86149644852, 7.18657588959, 7.4303855896, 7.52326536179, 7.87156438828, 8.17342376709, 8.51011371613, 8.8119726181, 9.17188167572, 9.50857162476, 9.84526062012]
    rubato_start: []
    rubato_stop: []
    perceptual_tempo: "unknown"

sfx:
    inharmonicity:
        dmean: 0.0331408716738
        dmean2: 0.0583552718163
        dvar: 0.00130727305077
        dvar2: 0.00363204116002
        max: 0.398124426603
        mean: 0.0362942256033
        min: 0
        var: 0.00145978445653
    oddtoevenharmonicenergyratio:
        dmean: 5.85465955734
        dmean2: 11.1668043137
        dvar: 407.695922852
        dvar2: 1198.07458496
        max: 211.781158447
        mean: 4.36398458481
        min: 0
        var: 223.45463562
    pitch_after_max_to_before_max_energy_ratio: 0.34746825695
    pitch_centroid: 164.966369629
    pitch_max_to_total: 0.532558143139
    pitch_min_to_total: 0.630232572556
    tristimulus:
        dmean: [0.215714484453, 0.232525289059, 0.0932193249464]
        dmean2: [0.380625963211, 0.414695411921, 0.162712559104]
        dvar: [0.0427756048739, 0.0465093925595, 0.00931754335761]
        dvar2: [0.119525827467, 0.13082832098, 0.025041796267]
        max: [1, 0.967302680016, 0.580022931099]
        mean: [0.364329785109, 0.488359361887, 0.107699841261]
        min: [0.0165514759719, 0, 0]
        var: [0.0564227476716, 0.0649961531162, 0.0102994022891]

tonal:
    chords_changes_rate: 0.0324074067175
    chords_number_rate: 0.0231481473893
    chords_strength:
        dmean: 0.0093096094206
        dmean2: 0.00616076076403
        dvar: 4.23732199124e-05
        dvar2: 3.12645461236e-05
        max: 0.731177151203
        mean: 0.514467954636
        min: 0.27765288949
        var: 0.011356911622
    key_strength: 0.757664859295
    tuning_diatonic_strength: 0.595480144024
    tuning_equal_tempered_deviation: 0.0321652926505
    tuning_frequency: 441.782684326
    tuning_nontempered_energy_ratio: 0.619772076607
    hpcp:
        dmean: [0.179832920432, 0.14873316884, 0.0742793083191, 0.0469263605773, 0.0613300427794, 0.103068731725, 0.137040480971, 0.136344105005, 0.0907286033034, 0.066039711237, 0.05053916201, 0.0564477257431, 0.0624066703022, 0.0674333274364, 0.137523174286, 0.168119907379, 0.13762357831, 0.0896373316646, 0.0515108369291, 0.0621875375509, 0.114590860903, 0.117880426347, 0.109671249986, 0.080815449357, 0.0601640641689, 0.041409958154, 0.059544172138, 0.078270368278, 0.0712646469474, 0.104729413986, 0.124497532845, 0.095306687057, 0.0734876617789, 0.0895278677344, 0.13852083683, 0.171531841159]
        dmean2: [0.306507498026, 0.253336578608, 0.135648429394, 0.085582241416, 0.106662489474, 0.17973421514, 0.246573746204, 0.239133447409, 0.164537787437, 0.112386457622, 0.084852732718, 0.102243952453, 0.113923564553, 0.120066270232, 0.235647931695, 0.278156429529, 0.226526409388, 0.15649522841, 0.0894925370812, 0.108559988439, 0.184080034494, 0.199136838317, 0.189054518938, 0.14028441906, 0.105101853609, 0.0728290453553, 0.104816988111, 0.133733794093, 0.121885284781, 0.176352262497, 0.195862084627, 0.156238213181, 0.133659675717, 0.165035441518, 0.246499165893, 0.301846653223]
        dvar: [0.0575166009367, 0.0375264845788, 0.0199406296015, 0.0173378773034, 0.0222533736378, 0.0248594935983, 0.0373764075339, 0.0479171797633, 0.0335442982614, 0.0181867014617, 0.00699449703097, 0.0121622923762, 0.0193386115134, 0.0181732755154, 0.0262579713017, 0.0487590618432, 0.0275960713625, 0.0252489019185, 0.0104140341282, 0.0105647034943, 0.0281217247248, 0.0385328792036, 0.0250700060278, 0.0238217841834, 0.0177946072072, 0.00845412909985, 0.00815765373409, 0.0116566745564, 0.00865002442151, 0.017036492005, 0.0307422354817, 0.0215710401535, 0.0176855493337, 0.0317049212754, 0.0554964952171, 0.0513273179531]
        dvar2: [0.147372856736, 0.0972295999527, 0.0561752393842, 0.05045940727, 0.060375623405, 0.0585069954395, 0.0932837575674, 0.131125882268, 0.0911537930369, 0.0414562635124, 0.0178188234568, 0.0365473404527, 0.0528064593673, 0.0510858520865, 0.0710416212678, 0.109409786761, 0.0651828795671, 0.064208202064, 0.0202490296215, 0.0290855821222, 0.0684029087424, 0.0844397321343, 0.0674171969295, 0.0587514303625, 0.0427805148065, 0.0231443624943, 0.0232309736311, 0.0270900540054, 0.0218730773777, 0.0464207343757, 0.068252697587, 0.0483269058168, 0.0502153672278, 0.0928592085838, 0.151384368539, 0.138296678662]
        max: [1, 1, 1, 0.968585371971, 1, 1, 1, 1, 1, 1, 0.557266712189, 0.913348793983, 1, 0.995082676411, 0.94416821003, 1, 1, 1, 1, 0.76174390316, 1, 1, 1, 1, 1, 0.699916005135, 0.701384067535, 1, 0.86960452795, 0.922218084335, 1, 1, 0.702769458294, 1, 1, 1]
        mean: [0.37776684761, 0.256805896759, 0.0757188275456, 0.0491789728403, 0.062392167747, 0.177189409733, 0.2680785954, 0.172707259655, 0.0858869627118, 0.0745882317424, 0.0617978982627, 0.0626134201884, 0.0672454461455, 0.0636130273342, 0.230440557003, 0.438084632158, 0.284122735262, 0.0886105149984, 0.0722248405218, 0.0700240060687, 0.206193044782, 0.309074252844, 0.195993989706, 0.107231415808, 0.076667457819, 0.0439907833934, 0.0878605693579, 0.126861095428, 0.0959867611527, 0.196672409773, 0.292844325304, 0.177449449897, 0.0812283828855, 0.0860067009926, 0.126480847597, 0.248228475451]
        min: [0.00169092614669, 0.00170205614995, 0.000816977524664, 0.000712988141458, 0.00190450553782, 0.00674016587436, 0.0035438972991, 0.00463341828436, 0.00176080723759, 0.000570429139771, 0.000445925164968, 0.00051860633539, 0.000535785977263, 0.000305282446789, 0.00448376499116, 0.00771020725369, 0.0032841230277, 0.000679932360072, 0.000738385191653, 0.00111199368257, 0.00227297609672, 0.00139148591552, 0.00319872726686, 0.000618278223556, 0.000589654722717, 0.000480484042782, 0.000331418268615, 0.000821411260404, 0.00195119169075, 0.000994615023956, 0.00309403683059, 0.00289259525016, 0.00338333030231, 0.00280114333145, 0.00184427411295, 0.00184596516192]
        var: [0.13962213695, 0.08122741431, 0.0153604513034, 0.0101451743394, 0.0167236104608, 0.0474208332598, 0.0816101580858, 0.0497194826603, 0.0291324816644, 0.0232772342861, 0.00980996340513, 0.0102364057675, 0.0178622044623, 0.0147271091118, 0.0408421605825, 0.129002928734, 0.0666540414095, 0.0247894246131, 0.0298889316618, 0.0149170802906, 0.0686460733414, 0.148309007287, 0.0528508350253, 0.0308217741549, 0.0197977870703, 0.00719678029418, 0.00886995904148, 0.0166418422014, 0.0109389461577, 0.0471590608358, 0.112732060254, 0.0440170019865, 0.0137490043417, 0.0206657294184, 0.0439315363765, 0.0706995427608]
    chords_histogram: [34.2592582703, 0, 8.79629611969, 0, 0, 0, 0, 0, 0, 0, 0, 0, 0, 0, 0, 0, 0, 8.33333301544, 0, 0, 0, 19.9074077606, 28.7037029266, 0]
    thpcp: [1, 0.64855670929, 0.20226803422, 0.16486504674, 0.159841269255, 0.470669418573, 0.70551264286, 0.447388410568, 0.244773283601, 0.175006046891, 0.100416176021, 0.200556159019, 0.289581239223, 0.219105526805, 0.448937028646, 0.668465197086, 0.40505746007, 0.185417100787, 0.196324393153, 0.288713276386, 0.566622197628, 0.862314760685, 0.586201548576, 0.172840639949, 0.112259067595, 0.142420351505, 0.404463887215, 0.611933350563, 0.39423263073, 0.196051076055, 0.170259863138, 0.141063839197, 0.142925396562, 0.153498753905, 0.145207166672, 0.526018381119]
    chords_key: "D"
    chords_scale: "major"
    key_key: "D"
    key_scale: "major"
    chords_progression: ["D", "D", "D", "D", "D", "D", "D", "D", "D", "D", "D", "D", "D", "Dm", "Dm", "Dm", "Dm", "Dm", "Dm", "Dm", "Dm", "Dm", "Dm", "Dm", "Dm", "Dm", "Dm", "Dm", "Dm", "Dm", "Dm", "G", "G", "G", "G", "G", "G", "G", "G", "G", "G", "G", "G", "G", "G", "G", "G", "G", "G", "G", "G", "G", "G", "G", "G", "G", "G", "G", "G", "G", "G", "G", "G", "G", "G", "G", "G", "G", "G", "G", "G", "G", "G", "G", "G", "G", "G", "G", "G", "G", "G", "G", "G", "G", "G", "G", "G", "G", "G", "G", "G", "G", "G", "D", "D", "D", "D", "D", "D", "D", "D", "D", "D", "D", "D", "D", "D", "D", "D", "D", "D", "D", "D", "D", "D", "D", "D", "D", "D", "D", "D", "D", "D", "D", "D", "D", "D", "D", "D", "D", "D", "D", "D", "D", "D", "D", "D", "D", "D", "D", "D", "D", "D", "D", "A", "A", "A", "A", "Em", "Em", "Em", "Em", "Em", "Em", "Em", "Em", "Em", "Em", "Em", "Em", "Em", "Em", "Em", "Em", "Em", "Em", "Em", "Em", "Em", "Em", "Em", "Em", "Em", "Em", "Em", "Em", "Em", "Em", "Em", "Em", "Em", "Em", "Em", "Em", "Em", "Em", "Em", "Em", "Em", "Em", "Em", "A", "A", "A", "A", "A", "A", "A", "A", "A", "A", "A", "A", "A", "A", "A", "D", "D", "D", "D", "D", "D", "D", "D", "D", "D"]
