
metadata:
    version:
        essentia: "1.2.2"
    audio_properties:
        analysis_sample_rate: 44100
        bitrate: 128
        channels: 2
        equal_loudness: 1
        length: 10.0310201645
        replay_gain: -7.34068107605
        downmix: "mix"
    tags:
        track: 22
        year: 0
        album: "Splitted by Mp3Splt v. 2.1"
        artist: "From 003.30 To 003.40"
        comment: "http://mp3splt.sf.net"
        genre: ""
        title: "03 Joking Aside.mp3"

highlevel:
    ballroom:
        all:
            ChaChaCha: 0.032538112253
            Jive: 0.0740083605051
            Quickstep: 0.162117540836
            Rumba-American: 0.0262879431248
            Rumba-International: 0.11097650975
            Rumba-Misc: 0.0649078041315
            Samba: 0.0353166051209
            Tango: 0.0449365824461
            VienneseWaltz: 0.373059213161
            Waltz: 0.0758513361216
        probability: 0.373059213161
        value: "VienneseWaltz"
    culture:
        all:
            non_western: 0.0647078976035
            western: 0.935292124748
        probability: 0.935292124748
        value: "western"
    gender:
        all:
            female: 0.0174652673304
            male: 0.982534706593
        probability: 0.982534706593
        value: "male"
    genre_dortmund:
        all:
            alternative: 0.121949717402
            blues: 0.0656968429685
            electronic: 0.015289911069
            folkcountry: 0.195099949837
            funksoulrnb: 0.0255663078278
            jazz: 0.0308409426361
            pop: 0.0707526057959
            raphiphop: 0.0114691862836
            rock: 0.463334530592
        probability: 0.463334530592
        value: "rock"
    genre_electronica:
        all:
            ambient: 0.581816136837
            dnb: 0.170637533069
            house: 0.0151843801141
            techno: 0.00920681934804
            trance: 0.223155140877
        probability: 0.581816136837
        value: "ambient"
    genre_rosamerica:
        all:
            cla: 0.05953758955
            dan: 0.0277915541083
            hip: 0.0154855549335
            jaz: 0.0804643407464
            pop: 0.447225362062
            rhy: 0.134403422475
            roc: 0.230197146535
            spe: 0.00489502726123
        probability: 0.447225362062
        value: "pop"
    genre_tzanetakis:
        all:
            blu: 0.0117524936795
            cla: 0.0384680889547
            cou: 0.366816282272
            dis: 0.0382310114801
            hip: 0.00736580090597
            jaz: 0.162762492895
            met: 0.00793723855168
            pop: 0.166837453842
            reg: 0.0759829878807
            roc: 0.123846158385
        probability: 0.366816282272
        value: "cou"
    live_studio:
        all:
            live: 0.642632842064
            studio: 0.357367157936
        probability: 0.642632842064
        value: "live"
    mood:
        all:
            Cluster1: 0.11132273078
            Cluster2: 0.175200358033
            Cluster3: 0.555530369282
            Cluster4: 0.0962273925543
            Cluster5: 0.0617191791534
        probability: 0.555530369282
        value: "Cluster3"
    mood_acoustic:
        all:
            acoustic: 0.520910263062
            not_acoustic: 0.479089707136
        probability: 0.520910263062
        value: "acoustic"
    mood_aggressive:
        all:
            aggressive: 0.319748401642
            not_aggressive: 0.680251598358
        probability: 0.680251598358
        value: "not_aggressive"
    mood_electronic:
        all:
            electronic: 0.250325620174
            not_electronic: 0.749674379826
        probability: 0.749674379826
        value: "not_electronic"
    mood_happy:
        all:
            happy: 0.831264555454
            not_happy: 0.168735474348
        probability: 0.831264555454
        value: "happy"
    mood_party:
        all:
            not_party: 0.733040452003
            party: 0.266959577799
        probability: 0.733040452003
        value: "not_party"
    mood_relaxed:
        all:
            not_relaxed: 0.259623497725
            relaxed: 0.740376472473
        probability: 0.740376472473
        value: "relaxed"
    mood_sad:
        all:
            not_sad: 0.154006361961
            sad: 0.845993638039
        probability: 0.845993638039
        value: "sad"
    rhythm:
        all:
            fast: 0.91002446413
            medium: 0.0628747865558
            slow: 0.0271007716656
        probability: 0.91002446413
        value: "fast"
    speech_music:
        all:
            music: 0.967222869396
            speech: 0.0327771417797
        probability: 0.967222869396
        value: "music"
    timbre:
        all:
            bright: 0.251657247543
            dark: 0.748342752457
        probability: 0.748342752457
        value: "dark"
    voice_instrumental:
        all:
            instrumental: 0.0380719937384
            voice: 0.961928009987
        probability: 0.961928009987
        value: "voice"

lowlevel:
    average_loudness: 0.976943910122
    barkbands_kurtosis:
        dmean: 1.02713632584
        dmean2: 1.62727594376
        dvar: 1.76209461689
        dvar2: 4.60318183899
        max: 12.0877075195
        mean: 0.420317262411
        min: -1.81871044636
        var: 3.24952411652
    barkbands_skewness:
        dmean: 0.383887946606
        dmean2: 0.608870267868
        dvar: 0.120125800371
        dvar2: 0.300089746714
        max: 3.57340598106
        mean: 0.872986674309
        min: -1.4084508419
        var: 0.426667749882
    barkbands_spread:
        dmean: 4.30953931808
        dmean2: 6.53629875183
        dvar: 16.1383075714
        dvar2: 36.6691398621
        max: 55.6110229492
        mean: 21.7170658112
        min: 5.59029245377
        var: 75.9729156494
    dissonance:
        dmean: 0.0273707918823
        dmean2: 0.0475425198674
        dvar: 0.000548616750166
        dvar2: 0.00160673051141
        max: 0.497720390558
        mean: 0.439570397139
        min: 0.310346633196
        var: 0.000912585179321
    hfc:
        dmean: 1.26974999905
        dmean2: 1.95794558525
        dvar: 2.77355098724
        dvar2: 5.65558195114
        max: 25.3573131561
        mean: 5.07252073288
        min: 3.72786257685e-06
        var: 11.0781745911
    pitch:
        dmean: 113.229248047
        dmean2: 220.352355957
        dvar: 247095.03125
        dvar2: 670682.25
        max: 4009.09082031
        mean: 269.147247314
        min: 83.5227279663
        var: 194849.171875
    pitch_instantaneous_confidence:
        dmean: 0.088561154902
        dmean2: 0.137039452791
        dvar: 0.00668767327443
        dvar2: 0.0149445282295
        max: 0.823260307312
        mean: 0.506938815117
        min: 0.113033354282
        var: 0.0220907796174
    pitch_salience:
        dmean: 0.0665783509612
        dmean2: 0.105041846633
        dvar: 0.0037733532954
        dvar2: 0.00974607560784
        max: 0.974596977234
        mean: 0.572791755199
        min: 0.238310500979
        var: 0.00859589129686
    silence_rate_20dB:
        dmean: 0
        dmean2: 0
        dvar: 0
        dvar2: 0
        max: 1
        mean: 1
        min: 1
        var: 0
    silence_rate_30dB:
        dmean: 0
        dmean2: 0
        dvar: 0
        dvar2: 0
        max: 1
        mean: 1
        min: 1
        var: 0
    silence_rate_60dB:
        dmean: 0.0949074104428
        dmean2: 0.190255224705
        dvar: 0.0858994051814
        dvar2: 0.181899964809
        max: 1
        mean: 0.288683593273
        min: 0
        var: 0.205344855785
    spectral_centroid:
        dmean: 163.690811157
        dmean2: 260.565979004
        dvar: 28585.5449219
        dvar2: 63891.953125
        max: 2902.97875977
        mean: 991.283691406
        min: 342.574462891
        var: 131167.53125
    spectral_complexity:
        dmean: 2.30858469009
        dmean2: 3.74186038971
        dvar: 3.93957781792
        dvar2: 8.98685932159
        max: 24
        mean: 11.9004631042
        min: 0
        var: 18.5572109222
    spectral_crest:
        dmean: 2.58261656761
        dmean2: 4.17924499512
        dvar: 4.98130559921
        dvar2: 11.3543872833
        max: 20.6376399994
        mean: 8.45320796967
        min: 3.02721095085
        var: 12.885591507
    spectral_decrease:
        dmean: 3.53495815952e-10
        dmean2: 5.30789523445e-10
        dvar: 1.31479311465e-19
        dvar2: 3.12402956304e-19
        max: -1.08370898755e-15
        mean: -1.25313104338e-09
        min: -3.52995455088e-09
        var: 4.12558217517e-19
    spectral_energy:
        dmean: 0.00143207528163
        dmean2: 0.00214489130303
        dvar: 2.17112460632e-06
        dvar2: 5.11456892127e-06
        max: 0.0142749901861
        mean: 0.0051896981895
        min: 4.42830172531e-09
        var: 7.02937859387e-06
    spectral_energyband_high:
        dmean: 2.79714313365e-05
        dmean2: 3.8863865484e-05
        dvar: 1.96938332309e-09
        dvar2: 3.10543835091e-09
        max: 0.000878773280419
        mean: 7.66351513448e-05
        min: 1.9246442981e-11
        var: 9.28556165292e-09
    spectral_energyband_low:
        dmean: 0.000143848534208
        dmean2: 0.000233478960581
        dvar: 6.68057182907e-08
        dvar2: 1.76189416834e-07
        max: 0.00214441935532
        mean: 0.000238633234403
        min: 2.01546473955e-10
        var: 7.34151015536e-08
    spectral_energyband_middle_high:
        dmean: 0.00053792266408
        dmean2: 0.000827048905194
        dvar: 4.49251984946e-07
        dvar2: 1.02387298284e-06
        max: 0.00864969193935
        mean: 0.0017398573691
        min: 1.15697718073e-09
        var: 1.81324810455e-06
    spectral_energyband_middle_low:
        dmean: 0.00115980801638
        dmean2: 0.00176631775685
        dvar: 1.5045869759e-06
        dvar2: 3.67241386812e-06
        max: 0.012269936502
        mean: 0.0031345540192
        min: 3.0386719807e-09
        var: 4.06887875215e-06
    spectral_flatness_db:
        dmean: 0.017318809405
        dmean2: 0.0256926286966
        dvar: 0.000240278808633
        dvar2: 0.00052174605662
        max: 0.265757471323
        mean: 0.170129418373
        min: 0.0887480601668
        var: 0.000959047698416
    spectral_flux:
        dmean: 0.00866833794862
        dmean2: 0.0139628285542
        dvar: 7.19668096281e-05
        dvar2: 0.000169348801137
        max: 0.0855543389916
        mean: 0.0370087958872
        min: 6.65454863338e-05
        var: 0.000198915819055
    spectral_kurtosis:
        dmean: 2.12940621376
        dmean2: 3.54325604439
        dvar: 3.96388316154
        dvar2: 11.9457149506
        max: 18.4093437195
        mean: 6.69322156906
        min: -0.175280570984
        var: 9.94818878174
    spectral_rms:
        dmean: 0.000305322813801
        dmean2: 0.000443715573056
        dvar: 8.18239982436e-08
        dvar2: 1.80518640036e-07
        max: 0.00373186543584
        mean: 0.00217172363773
        min: 2.07853190659e-06
        var: 3.46736669599e-07
    spectral_rolloff:
        dmean: 418.173614502
        dmean2: 672.987548828
        dvar: 237454.1875
        dvar2: 545383.125
        max: 4780.37109375
        mean: 1872.49084473
        min: 193.798828125
        var: 727766.875
    spectral_skewness:
        dmean: 0.227705657482
        dmean2: 0.367462307215
        dvar: 0.0395883657038
        dvar2: 0.100681565702
        max: 3.20339083672
        mean: 1.88257753849
        min: 0.628583550453
        var: 0.158585101366
    spectral_spread:
        dmean: 489681.34375
        dmean2: 616590.5625
        dvar: 709037522944
        dvar2: 754697306112
        max: 13998456
        mean: 3744235.75
        min: 2178775.75
        var: 2.55816997274e+12
    spectral_strongpeak:
        dmean: 0.368152081966
        dmean2: 0.593539774418
        dvar: 0.284041583538
        dvar2: 0.712633550167
        max: 7.15860748291
        mean: 0.715915739536
        min: 1.14579279398e-05
        var: 0.555990457535
    zerocrossingrate:
        dmean: 0.0071928021498
        dmean2: 0.00825876649469
        dvar: 4.05172286264e-05
        dvar2: 4.84477350255e-05
        max: 0.1533203125
        mean: 0.0606723353267
        min: 0.02392578125
        var: 0.000387211912312
    barkbands:
        dmean: [2.06508275369e-07, 4.32482011092e-05, 0.000115827016998, 0.000395090668462, 0.000247326592216, 0.000157051166752, 0.000323124695569, 0.000479608948808, 0.000259184860624, 0.000110363107524, 8.72772070579e-05, 0.00016823761689, 0.000108427731902, 0.000103426194983, 5.7846566051e-05, 6.48330387776e-05, 0.000129698091769, 8.32290388644e-05, 8.40377761051e-05, 3.0821072869e-05, 1.23636400531e-05, 4.80870221509e-06, 1.57703368586e-06, 8.40177790451e-07, 3.73050625058e-07, 1.71365144297e-08, 2.37966735206e-09]
        dmean2: [2.78954217947e-07, 6.8918132456e-05, 0.000196270164452, 0.000649293127935, 0.000393267691834, 0.000234078906942, 0.000511852675118, 0.000742416770663, 0.000360647420166, 0.000169749037013, 0.000134263216751, 0.000250986166066, 0.000173693813849, 0.000169742212165, 9.43954146351e-05, 0.000104265440314, 0.000214218947804, 0.000128215368022, 0.000128968138597, 4.736997289e-05, 1.94223302969e-05, 7.28393797544e-06, 2.12080726669e-06, 1.1670421145e-06, 5.06325079641e-07, 2.22784581894e-08, 2.59227639354e-09]
        dvar: [5.20150058008e-13, 6.2800009637e-09, 4.7998074848e-08, 4.80415906168e-07, 6.80489620208e-08, 5.20562117856e-08, 3.16154967095e-07, 1.16817545859e-06, 2.13373866131e-07, 1.10718261226e-07, 2.23191207738e-08, 8.72663221685e-08, 4.22059720506e-08, 4.74695767139e-08, 1.51880801269e-08, 1.43216460913e-08, 5.67496023507e-08, 1.36411495433e-08, 4.07614102471e-08, 1.81371617725e-09, 6.3695099195e-10, 4.1834175013e-11, 2.09295168002e-11, 6.38622531593e-12, 1.46928226964e-12, 4.00384639112e-15, 1.94713435168e-15]
        dvar2: [6.49129784213e-13, 1.5606822501e-08, 1.30534516529e-07, 1.29762759116e-06, 1.82624319223e-07, 1.10469173364e-07, 7.90237436377e-07, 2.87301349999e-06, 3.89445204974e-07, 2.85600094685e-07, 5.23255820895e-08, 1.81400380939e-07, 1.03191851508e-07, 1.16566305053e-07, 3.96867534391e-08, 3.60426852808e-08, 1.40866120546e-07, 2.48774885137e-08, 8.04806177257e-08, 4.08605638214e-09, 1.55176349548e-09, 8.83268597152e-11, 3.59707715003e-11, 1.25162909551e-11, 2.3255032882e-12, 5.17398471479e-15, 1.94472581349e-15]
        max: [1.36832331918e-05, 0.000597090343945, 0.00184262846597, 0.00650075171143, 0.00217562937178, 0.00396842928603, 0.00707407109439, 0.0109112011269, 0.0063135814853, 0.00471680890769, 0.00209659291431, 0.0031402586028, 0.00203925301321, 0.00222893827595, 0.00145260000136, 0.00196038628928, 0.00272425985895, 0.00190681184176, 0.00401186570525, 0.000660367601085, 0.000358117191354, 8.91803210834e-05, 9.06780260266e-05, 4.54166001873e-05, 1.84609161806e-05, 8.91107561074e-07, 9.18886541967e-07]
        mean: [5.52889730443e-07, 8.19909400889e-05, 0.000156113950652, 0.000537213869393, 0.000496043125167, 0.000315907993354, 0.000625205808319, 0.00063859007787, 0.000493262603413, 0.000166449986864, 0.000148661274579, 0.000314310775138, 0.000158255381393, 0.00014863650722, 9.20037855394e-05, 0.000110609449621, 0.000231184094446, 0.000181874012924, 0.000180581671884, 6.84384576743e-05, 2.58416621364e-05, 1.21762432173e-05, 3.34651804224e-06, 1.63782942764e-06, 7.81542951245e-07, 3.05144176593e-08, 2.35468444743e-09]
        min: [2.52023367453e-11, 8.5285611906e-11, 1.02597506879e-10, 1.30999822101e-10, 4.02432392965e-10, 4.83564910336e-10, 5.13433462412e-10, 5.81699188817e-10, 8.40623570753e-10, 3.58500840125e-10, 1.06226659413e-10, 7.44949379961e-11, 3.6240802026e-11, 6.8791625174e-11, 4.29155391779e-11, 1.7665259533e-10, 2.13652914804e-10, 8.40460964713e-11, 7.65215252274e-11, 9.87505997113e-12, 3.98755204203e-12, 2.06146644893e-12, 3.9219261519e-12, 1.20535916318e-12, 1.39047703473e-12, 8.71232339744e-13, 3.07509578782e-13]
        var: [8.02573068767e-13, 9.77328262763e-09, 4.60038549477e-08, 6.10836650594e-07, 1.5671864162e-07, 1.45302863075e-07, 1.14271097118e-06, 1.81992993475e-06, 7.58581848004e-07, 1.07128499849e-07, 4.56693456385e-08, 2.91479892667e-07, 7.36666976309e-08, 6.62308039523e-08, 2.65043329506e-08, 2.1203520717e-08, 9.06760249109e-08, 5.10103426166e-08, 1.34309985356e-07, 4.19315338007e-09, 1.30626309769e-09, 1.46578138516e-10, 9.03018909648e-11, 2.52981229715e-11, 6.10999011802e-12, 8.99927698415e-15, 1.94912064394e-15]
    mfcc:
        mean: [-723.194458008, 150.426635742, -54.9639892578, 42.0313034058, -18.02094841, -6.80099439621, -7.51166582108, 0.72407501936, -5.91398048401, -8.2915725708, -0.981553733349, -3.24610686302, -5.12424945831]
        cov: [[1904.9362793, -271.670532227, -1.97567510605, -1.52375006676, -34.8962402344, 18.186416626, 32.7366294861, -10.5179758072, -43.8621940613, 8.74323177338, 82.001625061, 12.3215970993, -25.9998779297], [-271.670532227, 739.383117676, -292.079772949, 36.7962112427, -96.5058670044, -30.6005496979, -4.2240524292, 81.9090118408, -9.72345066071, 24.2426567078, 117.323287964, 39.2566452026, 55.648349762], [-1.97567510605, -292.079772949, 441.605895996, 22.7713909149, 69.2618713379, 68.4825668335, 39.4964752197, -11.6863584518, 41.0117340088, -17.5355319977, -74.4697418213, 47.2416801453, 16.6526126862], [-1.52375006676, 36.7962112427, 22.7713909149, 177.918579102, 114.241889954, 40.2177352905, -24.6821880341, -22.1973953247, 42.4757041931, 21.7864074707, -27.8842506409, -23.8036842346, 8.11215305328], [-34.8962402344, -96.5058670044, 69.2618713379, 114.241889954, 203.119155884, 66.113899231, -27.6989898682, -39.9724617004, 58.7840156555, 29.3455200195, -38.7508506775, -25.4472789764, -17.8227672577], [18.186416626, -30.6005496979, 68.4825668335, 40.2177352905, 66.113899231, 95.4306716919, 31.8164710999, -2.86479091644, 39.3741569519, 8.72330284119, -30.0409889221, 2.65444350243, 3.76294493675], [32.7366294861, -4.2240524292, 39.4964752197, -24.6821880341, -27.6989898682, 31.8164710999, 113.967056274, 53.4921607971, 3.01785826683, -0.663665115833, -2.77419233322, 7.7400765419, 6.62395000458], [-10.5179758072, 81.9090118408, -11.6863584518, -22.1973953247, -39.9724617004, -2.86479091644, 53.4921607971, 105.558303833, 18.2852058411, -2.86955809593, 15.3768386841, 7.1657371521, 5.1014008522], [-43.8621940613, -9.72345066071, 41.0117340088, 42.4757041931, 58.7840156555, 39.3741569519, 3.01785826683, 18.2852058411, 106.094795227, 30.1499767303, -31.1313076019, -1.96122670174, 4.29371547699], [8.74323177338, 24.2426567078, -17.5355319977, 21.7864074707, 29.3455200195, 8.72330284119, -0.663665115833, -2.86955809593, 30.1499767303, 69.2749481201, 38.978302002, 6.52574872971, 8.5929479599], [82.001625061, 117.323287964, -74.4697418213, -27.8842506409, -38.7508506775, -30.0409889221, -2.77419233322, 15.3768386841, -31.1313076019, 38.978302002, 132.740982056, 44.3630905151, 13.3787899017], [12.3215970993, 39.2566452026, 47.2416801453, -23.8036842346, -25.4472789764, 2.65444350243, 7.7400765419, 7.1657371521, -1.96122670174, 6.52574872971, 44.3630905151, 87.3678207397, 48.2709922791], [-25.9998779297, 55.648349762, 16.6526126862, 8.11215305328, -17.8227672577, 3.76294493675, 6.62395000458, 5.1014008522, 4.29371547699, 8.5929479599, 13.3787899017, 48.2709922791, 76.5541152954]]
        icov: [[0.000665670493618, 0.000578369537834, 0.000290444499115, -0.000629391986877, 0.000584304449148, -0.0005906552542, -6.91026507411e-05, -0.0001117782449, 3.60907069989e-05, 0.000275479251286, -0.000880283827428, -0.000171300984221, 0.000216571614146], [0.000578369537834, 0.00331245199777, 0.00203450676054, -0.00247560441494, 0.00195290322881, -0.0016578581417, 0.000672661873978, -0.00198342208751, -0.000207564429729, 0.000795509200543, -0.00200925627723, -0.00127817108296, -0.000702114426531], [0.000290444499115, 0.00203450676054, 0.00473751220852, -0.00150017952546, 0.00013264635345, -0.0014013472246, -0.000849392265081, -0.000778645800892, -0.000158526992891, 0.000581230618991, 0.00152990198694, -0.00495749386027, 0.000775519758463], [-0.000629391986877, -0.00247560441494, -0.00150017952546, 0.0119936382398, -0.0065073822625, 0.00024359402596, 0.00102941098157, 0.0010102664819, -0.0005709019606, -0.00077198719373, 0.00115758401807, 0.00503702508286, -0.00430187443271], [0.000584304449148, 0.00195290322881, 0.00013264635345, -0.0065073822625, 0.0131180854514, -0.00626646634191, 0.00283573800698, 0.000840052729473, -0.0019726997707, -0.00231638876721, -0.00103619683068, -0.000222259957809, 0.00319217680953], [-0.0005906552542, -0.0016578581417, -0.0014013472246, 0.00024359402596, -0.00626646634191, 0.0206793397665, -0.00814546830952, 0.00384875875898, -0.00395067548379, 0.000602446089033, 0.00292034191079, -0.00215471535921, 0.000258720974671], [-6.91026507411e-05, 0.000672661873978, -0.000849392265081, 0.00102941098157, 0.00283573800698, -0.00814546830952, 0.016312347725, -0.00878503825516, 0.00385293830186, -0.00349288340658, 0.00120975705795, 0.00101360748522, -0.00087679194985], [-0.0001117782449, -0.00198342208751, -0.000778645800892, 0.0010102664819, 0.000840052729473, 0.00384875875898, -0.00878503825516, 0.0177804362029, -0.00744701456279, 0.00498956441879, -0.00349561660551, 0.0022226171568, 0.000114878188469], [3.60907069989e-05, -0.000207564429729, -0.000158526992891, -0.0005709019606, -0.0019726997707, -0.00395067548379, 0.00385293830186, -0.00744701456279, 0.0191207956523, -0.0116429319605, 0.00851262826473, -0.00396564602852, 0.0014031996252], [0.000275479251286, 0.000795509200543, 0.000581230618991, -0.00077198719373, -0.00231638876721, 0.000602446089033, -0.00349288340658, 0.00498956441879, -0.0116429319605, 0.0289505645633, -0.0146538373083, 0.0060565569438, -0.00498309032992], [-0.000880283827428, -0.00200925627723, 0.00152990198694, 0.00115758401807, -0.00103619683068, 0.00292034191079, 0.00120975705795, -0.00349561660551, 0.00851262826473, -0.0146538373083, 0.0216742623597, -0.0126093411818, 0.00577994063497], [-0.000171300984221, -0.00127817108296, -0.00495749386027, 0.00503702508286, -0.000222259957809, -0.00215471535921, 0.00101360748522, 0.0022226171568, -0.00396564602852, 0.0060565569438, -0.0126093411818, 0.0307551529258, -0.0164124127477], [0.000216571614146, -0.000702114426531, 0.000775519758463, -0.00430187443271, 0.00319217680953, 0.000258720974671, -0.00087679194985, 0.000114878188469, 0.0014031996252, -0.00498309032992, 0.00577994063497, -0.0164124127477, 0.0245517343283]]
    spectral_contrast:
        mean: [5.85525938845e-09, -1.85660873342e-08, -2.45420750389e-07, -1.64205971487e-07, -8.17666716557e-08, -2.44351440415e-07, 4.09367999055e-07, -3.79082780455e-06, -1.89092975234e-06, -7.10357653588e-07, 2.26338988796e-06, -1.76137245944e-06]
        var: [0.000301301537547, 0.000645054969937, 0.00194806442596, 0.00331790023483, 0.003759783227, 0.00577163090929, 0.0343010872602, 0.0942652076483, 0.108066506684, 0.291984468699, 0.599443912506, 0.907099246979]

rhythm:
    beats_loudness:
        dmean: 0.00226212409325
        dmean2: 0.00395920965821
        dvar: 2.19579510485e-06
        dvar2: 5.98645965511e-06
        max: 0.00961413048208
        mean: 0.00543296802789
        min: 0.00256804330274
        var: 4.06927938457e-06
    beats_loudness_bass:
        dmean: 0.0980472415686
        dmean2: 0.169693574309
        dvar: 0.00363745447248
        dvar2: 0.0100944563746
        max: 0.30212983489
        mean: 0.125409528613
        min: 0.00772917363793
        var: 0.0064934482798
    bpm: 109.324913025
    bpm_confidence: 0
    first_peak_bpm: 109
    first_peak_spread: 0
    first_peak_weight: 0.5
    onset_rate: 3.88793945312
    second_peak_bpm: 145
    second_peak_spread: 0
    second_peak_weight: 0.444444447756
    beats_position: [0.581963896751, 1.13078820705, 1.67961251736, 2.22843670845, 2.77726125717, 3.32608556747, 3.87490987778, 4.42373418808, 4.97255849838, 5.52138328552, 6.37194919586, 6.78661632538, 7.20128297806, 7.61595010757, 8.03061676025, 8.44528388977, 8.85995101929, 9.2746181488, 9.68928527832]
    bpm_estimates: [109.142173767, 109.507652283]
    bpm_intervals: [0.548824310303, 0.548824310303, 0.548824191093, 0.548824548721, 0.548824310303, 0.548824310303, 0.548824310303, 0.548824310303, 0.54882478714, 0.850565910339, 0.414667129517, 0.414666652679, 0.414667129517, 0.414666652679, 0.414667129517, 0.414667129517, 0.414667129517, 0.414667129517]
    onset_times: [0.0580498874187, 0.174149662256, 0.359909296036, 0.46439909935, 0.696598649025, 0.812698423862, 0.952018141747, 1.16099774837, 1.46285712719, 1.764716506, 1.83437645435, 2.13623571396, 2.47292518616, 2.77478456497, 3.00698423386, 3.12308382988, 3.36689352989, 3.76163268089, 3.86612248421, 3.95900225639, 4.051882267, 4.40018129349, 5.39863967896, 5.72371864319, 6.03718805313, 6.23455762863, 6.68734693527, 7.0356464386, 7.37233543396, 7.58131504059, 7.7670750618, 7.98766422272, 8.17342376709, 8.57977294922, 8.82358264923, 9.33442211151, 9.63628101349, 9.75238132477, 9.91492080688]
    rubato_start: [6.78661632538]
    rubato_stop: [9.68928527832]
    perceptual_tempo: "unknown"

sfx:
    inharmonicity:
        dmean: 0.0335166528821
        dmean2: 0.0578450448811
        dvar: 0.00153869122732
        dvar2: 0.00453162845224
        max: 0.292664110661
        mean: 0.0372366122901
        min: 0
        var: 0.00173368735705
    oddtoevenharmonicenergyratio:
        dmean: 3.67773103714
        dmean2: 6.93419218063
        dvar: 122.025848389
        dvar2: 357.970031738
        max: 121.378997803
        mean: 2.55113625526
        min: 0
        var: 68.0662307739
    pitch_after_max_to_before_max_energy_ratio: 2.38568544388
    pitch_centroid: 188.163253784
    pitch_max_to_total: 0.226851850748
    pitch_min_to_total: 0.421296298504
    tristimulus:
        dmean: [0.226587623358, 0.245661064982, 0.0905695483088]
        dmean2: [0.388325423002, 0.426513791084, 0.161262229085]
        dvar: [0.0335711576045, 0.0446208976209, 0.00849543791264]
        dvar2: [0.0866005271673, 0.122636638582, 0.0267456024885]
        max: [1, 0.952241420746, 0.66519844532]
        mean: [0.416550844908, 0.463251918554, 0.0869709998369]
        min: [0.00726735778153, 0, 0]
        var: [0.056896455586, 0.0627890527248, 0.00852248910815]

tonal:
    chords_changes_rate: 0.0829493105412
    chords_number_rate: 0.0460829511285
    chords_strength:
        dmean: 0.0139795364812
        dmean2: 0.0098920352757
        dvar: 0.000113534399134
        dvar2: 9.02602550923e-05
        max: 0.72816067934
        mean: 0.581925451756
        min: 0.362462252378
        var: 0.008853119798
    key_strength: 0.574493944645
    tuning_diatonic_strength: 0.428390145302
    tuning_equal_tempered_deviation: 0.106110848486
    tuning_frequency: 439.491973877
    tuning_nontempered_energy_ratio: 0.809723675251
    hpcp:
        dmean: [0.0529140792787, 0.0791696235538, 0.0838174968958, 0.103936254978, 0.0844447463751, 0.0898761078715, 0.107706055045, 0.116046920419, 0.0821368843317, 0.0461028628051, 0.0387600958347, 0.0780473202467, 0.12096619606, 0.121631197631, 0.116680637002, 0.102698773146, 0.129223898053, 0.148644149303, 0.16217161715, 0.142974287271, 0.158481866121, 0.135213881731, 0.103653676808, 0.0922134593129, 0.104900710285, 0.101337723434, 0.137620434165, 0.157325550914, 0.159921258688, 0.127363368869, 0.0925216972828, 0.0975408628583, 0.0777249261737, 0.105445757508, 0.103244155645, 0.0696376934648]
        dmean2: [0.0877421423793, 0.135487034917, 0.145563200116, 0.180424124002, 0.142755493522, 0.155565023422, 0.179823920131, 0.208519503474, 0.14873175323, 0.0750176161528, 0.069392606616, 0.132234141231, 0.194152161479, 0.196513384581, 0.184934973717, 0.17315518856, 0.223453238606, 0.264199018478, 0.286698430777, 0.239034041762, 0.285683006048, 0.228115350008, 0.179594263434, 0.151207521558, 0.183171376586, 0.173878476024, 0.243724629283, 0.262802928686, 0.268145829439, 0.221706360579, 0.16688606143, 0.180997401476, 0.138302639127, 0.180323734879, 0.182483017445, 0.11763548851]
        dvar: [0.00594050670043, 0.0207251422107, 0.0189358368516, 0.0353733971715, 0.0204453598708, 0.0256923232228, 0.0256827194244, 0.0392144992948, 0.0286235250533, 0.00459640705958, 0.00387741625309, 0.0195703729987, 0.029323277995, 0.03462087363, 0.0264993198216, 0.0252583455294, 0.0368374921381, 0.0410471186042, 0.0508317016065, 0.0329209417105, 0.0512691289186, 0.0320440344512, 0.0240790806711, 0.0204883459955, 0.0327274985611, 0.0263526663184, 0.0319500230253, 0.03858397156, 0.0362978689373, 0.036929897964, 0.0310964006931, 0.0266583692282, 0.0121419141069, 0.0282705649734, 0.0329132117331, 0.0162856951356]
        dvar2: [0.0145802479237, 0.0549687594175, 0.0451358482242, 0.0934225767851, 0.0539814308286, 0.0795961692929, 0.0687567219138, 0.110124185681, 0.0749120414257, 0.0113710323349, 0.00970919895917, 0.0472716912627, 0.0699966922402, 0.0763304084539, 0.0624638609588, 0.06626906991, 0.111014343798, 0.109071038663, 0.133342310786, 0.0870721414685, 0.142910540104, 0.0872207432985, 0.0654299259186, 0.0487515702844, 0.0801852047443, 0.0686978921294, 0.0859074443579, 0.0848681852221, 0.103277951479, 0.11774571985, 0.0911971405149, 0.085753172636, 0.0356492698193, 0.0759108960629, 0.0833519920707, 0.0429118797183]
        max: [0.555601477623, 0.936732172966, 1, 1, 1, 1, 1, 1, 1, 0.667367637157, 0.430313378572, 1, 1, 1, 1, 1, 1, 1, 1, 1, 1, 1, 1, 1, 1, 0.974267721176, 1, 1, 1, 1, 1, 1, 0.767453253269, 1, 1, 1]
        mean: [0.072086147964, 0.0928204804659, 0.132292166352, 0.151770338416, 0.102890357375, 0.115946568549, 0.172183394432, 0.146914318204, 0.0920949280262, 0.0557871498168, 0.0456245839596, 0.0959237292409, 0.229772478342, 0.271243304014, 0.173730567098, 0.140771329403, 0.149259060621, 0.195105373859, 0.268285095692, 0.226738363504, 0.197059601545, 0.202967241406, 0.13802306354, 0.113611705601, 0.118355467916, 0.0998393893242, 0.177638933063, 0.284391522408, 0.228533625603, 0.171682611108, 0.17156162858, 0.110147126019, 0.0901158973575, 0.169445499778, 0.173506334424, 0.0879072472453]
        min: [0, 0, 0, 0, 0, 0, 0, 0, 0, 0, 0, 0, 0, 0, 0, 0, 0, 0, 0, 0, 0, 0, 0, 0, 0, 0, 0, 0, 0, 0, 0, 0, 0, 0, 0, 0]
        var: [0.0101940548047, 0.0222025159746, 0.0492112152278, 0.0653822049499, 0.0272283926606, 0.0262433700264, 0.0494234710932, 0.0443022027612, 0.0311785396188, 0.00677678314969, 0.00399224320427, 0.0245588459074, 0.0883247256279, 0.114995382726, 0.0458193458617, 0.0451739169657, 0.053756006062, 0.0636890679598, 0.111859560013, 0.0670671761036, 0.0668782293797, 0.066145054996, 0.0295592378825, 0.0298867803067, 0.0369059965014, 0.0256134048104, 0.0532998219132, 0.107525736094, 0.0604151114821, 0.064272813499, 0.0865687653422, 0.0329759828746, 0.0137888723984, 0.0584409274161, 0.0715570822358, 0.0190098173916]
    chords_histogram: [11.9815664291, 0, 5.5299539566, 0, 0.460829496384, 0, 0, 5.5299539566, 0, 0, 0, 0, 0, 0, 14.2857141495, 0, 0, 5.5299539566, 1.38248848915, 13.8248844147, 17.0506916046, 0, 7.8341012001, 16.5898609161]
    thpcp: [1, 0.803588032722, 0.603684008121, 0.603258609772, 0.387308061123, 0.316872656345, 0.595817685127, 0.610096693039, 0.309106439352, 0.253475010395, 0.326382726431, 0.465176194906, 0.533666908741, 0.361791223288, 0.407700508833, 0.605444908142, 0.516591787338, 0.323831468821, 0.196163192391, 0.160428777337, 0.337294608355, 0.807944178581, 0.953767180443, 0.610885202885, 0.49499130249, 0.524836540222, 0.686044991016, 0.943365335464, 0.797275424004, 0.692916572094, 0.713689506054, 0.485327631235, 0.399490475655, 0.416170865297, 0.351063162088, 0.624628067017]
    chords_key: "E"
    chords_scale: "major"
    key_key: "F#"
    key_scale: "major"
    chords_progression: ["A", "A", "A", "G#", "D#m", "D#m", "D#m", "D#m", "D#m", "D#m", "D#m", "D#m", "D#m", "D#m", "D#m", "D#m", "D#m", "D#m", "D#m", "D#m", "D#m", "D#m", "D#m", "D#m", "D#m", "B", "D#m", "D#m", "D#m", "D#m", "D#m", "D#m", "D#m", "D#m", "D#m", "D#m", "B", "B", "D#m", "B", "B", "B", "B", "B", "B", "B", "B", "D#m", "D#m", "D#m", "C#", "C#", "C#", "C#", "C#", "C#", "C#", "C#", "C#", "C#", "C#", "C#", "C#m", "C#m", "C#m", "C#m", "C#m", "C#m", "C#m", "C#m", "C#m", "C#m", "C#m", "C#m", "C#m", "C#m", "C#m", "C#m", "C#m", "C#m", "C#m", "C#m", "C#m", "C#m", "C#m", "C#m", "C#m", "C#m", "C#m", "C#m", "C#m", "C#m", "F#m", "G", "G", "G", "G", "G", "G", "G", "G", "G", "G", "G", "G", "G", "G", "G", "G", "G", "G", "G", "G", "G", "G", "G", "G", "G", "G", "G", "G", "G", "G", "G", "Gm", "Gm", "Gm", "Gm", "Gm", "Gm", "Gm", "Gm", "Gm", "Gm", "Gm", "Gm", "F#m", "F#m", "F#m", "F#m", "F#m", "F#m", "F#m", "F#m", "F#m", "F#m", "F#m", "F#", "F#", "F#", "F#", "F#", "F#", "F#", "F#", "F#", "F#", "F#", "F#", "F#", "F#", "F#", "F#", "F#", "F#", "F#", "F#", "F#", "F#", "F#", "F#", "F#", "F#", "D#m", "B", "B", "B", "B", "B", "B", "E", "E", "E", "E", "E", "E", "E", "E", "E", "E", "E", "E", "E", "E", "E", "E", "E", "E", "E", "E", "E", "E", "E", "E", "E", "E", "E", "E", "E", "E", "E", "E", "E", "E", "E", "E", "E"]
