
metadata:
    version:
        essentia: "1.2.2"
    audio_properties:
        analysis_sample_rate: 44100
        bitrate: 128
        channels: 2
        equal_loudness: 1
        length: 10.0310201645
        replay_gain: -11.1072177887
        downmix: "mix"
    tags:
        track: 5
        year: 0
        album: "Splitted by Mp3Splt v. 2.1"
        artist: "From 000.40 To 000.50"
        comment: "http://mp3splt.sf.net"
        genre: ""
        title: "08 Forever.mp3"

highlevel:
    ballroom:
        all:
            ChaChaCha: 0.261404812336
            Jive: 0.317200422287
            Quickstep: 0.0441586449742
            Rumba-American: 0.00326155475341
            Rumba-International: 0.0351901762187
            Rumba-Misc: 0.00720043759793
            Samba: 0.318934082985
            Tango: 0.00208628596738
            VienneseWaltz: 0.00700678164139
            Waltz: 0.00355680217035
        probability: 0.318934082985
        value: "Samba"
    culture:
        all:
            non_western: 0.526248157024
            western: 0.473751813173
        probability: 0.526248157024
        value: "non_western"
    gender:
        all:
            female: 0.897309780121
            male: 0.102690219879
        probability: 0.897309780121
        value: "female"
    genre_dortmund:
        all:
            alternative: 0.0499730296433
            blues: 0.0121818045154
            electronic: 0.415153026581
            folkcountry: 0.0704520195723
            funksoulrnb: 0.00561839528382
            jazz: 0.0795207843184
            pop: 0.197910219431
            raphiphop: 0.0503374710679
            rock: 0.118853271008
        probability: 0.415153026581
        value: "electronic"
    genre_electronica:
        all:
            ambient: 0.098342448473
            dnb: 0.340868681669
            house: 0.0867659971118
            techno: 0.0578682459891
            trance: 0.416154623032
        probability: 0.416154623032
        value: "trance"
    genre_rosamerica:
        all:
            cla: 0.0499061942101
            dan: 0.642291665077
            hip: 0.0193545501679
            jaz: 0.02689159289
            pop: 0.0642208606005
            rhy: 0.0907532274723
            roc: 0.101852364838
            spe: 0.00472956057638
        probability: 0.642291665077
        value: "dan"
    genre_tzanetakis:
        all:
            blu: 0.00998748000711
            cla: 0.0166011806577
            cou: 0.1016266644
            dis: 0.243589237332
            hip: 0.0413305126131
            jaz: 0.0619556233287
            met: 0.0537680275738
            pop: 0.174484118819
            reg: 0.114235825837
            roc: 0.182421341538
        probability: 0.243589237332
        value: "dis"
    live_studio:
        all:
            live: 0.0157061778009
            studio: 0.984293818474
        probability: 0.984293818474
        value: "studio"
    mood:
        all:
            Cluster1: 0.474308431149
            Cluster2: 0.161472499371
            Cluster3: 0.134348481894
            Cluster4: 0.0550259612501
            Cluster5: 0.174844607711
        probability: 0.474308431149
        value: "Cluster1"
    mood_acoustic:
        all:
            acoustic: 0.0577635467052
            not_acoustic: 0.942236483097
        probability: 0.942236483097
        value: "not_acoustic"
    mood_aggressive:
        all:
            aggressive: 0.312436759472
            not_aggressive: 0.687563240528
        probability: 0.687563240528
        value: "not_aggressive"
    mood_electronic:
        all:
            electronic: 0.909798026085
            not_electronic: 0.0902020037174
        probability: 0.909798026085
        value: "electronic"
    mood_happy:
        all:
            happy: 0.134091630578
            not_happy: 0.865908384323
        probability: 0.865908384323
        value: "not_happy"
    mood_party:
        all:
            not_party: 0.793346703053
            party: 0.206653311849
        probability: 0.793346703053
        value: "not_party"
    mood_relaxed:
        all:
            not_relaxed: 0.108591996133
            relaxed: 0.891408026218
        probability: 0.891408026218
        value: "relaxed"
    mood_sad:
        all:
            not_sad: 0.318414211273
            sad: 0.681585788727
        probability: 0.681585788727
        value: "sad"
    rhythm:
        all:
            fast: 0.899353027344
            medium: 0.048220641911
            slow: 0.0524263121188
        probability: 0.899353027344
        value: "fast"
    speech_music:
        all:
            music: 0.999959111214
            speech: 4.09013955505e-05
        probability: 0.999959111214
        value: "music"
    timbre:
        all:
            bright: 0.412718594074
            dark: 0.587281405926
        probability: 0.587281405926
        value: "dark"
    voice_instrumental:
        all:
            instrumental: 0.793961167336
            voice: 0.206038802862
        probability: 0.793961167336
        value: "instrumental"

lowlevel:
    average_loudness: 0.97784525156
    barkbands_kurtosis:
        dmean: 1.95844769478
        dmean2: 3.35532164574
        dvar: 8.69707679749
        dvar2: 23.3232898712
        max: 22.6112556458
        mean: 1.22135591507
        min: -1.83281159401
        var: 10.9267597198
    barkbands_skewness:
        dmean: 0.634897828102
        dmean2: 1.01957678795
        dvar: 0.43590015173
        dvar2: 1.12681126595
        max: 4.50752067566
        mean: 1.22382819653
        min: -1.63368117809
        var: 0.925552904606
    barkbands_spread:
        dmean: 7.5799164772
        dmean2: 12.546916008
        dvar: 64.8306655884
        dvar2: 181.669006348
        max: 75.349899292
        mean: 29.4809207916
        min: 7.00723171234
        var: 124.05532074
    dissonance:
        dmean: 0.0148661183193
        dmean2: 0.0244994498789
        dvar: 0.000337590783602
        dvar2: 0.000695542257745
        max: 0.499999970198
        mean: 0.469761997461
        min: 0.215228050947
        var: 0.000533986720257
    hfc:
        dmean: 2.67418956757
        dmean2: 4.32659721375
        dvar: 41.1494178772
        dvar2: 107.586120605
        max: 46.824962616
        mean: 3.27928113937
        min: 0.0418226830661
        var: 35.3562545776
    pitch:
        dmean: 474.895812988
        dmean2: 925.223937988
        dvar: 1217217.875
        dvar2: 2735856.25
        max: 4009.09082031
        mean: 596.010253906
        min: 56.393863678
        var: 1221898.625
    pitch_instantaneous_confidence:
        dmean: 0.0725364536047
        dmean2: 0.113835766912
        dvar: 0.00480756536126
        dvar2: 0.0111242970452
        max: 0.758861541748
        mean: 0.378096431494
        min: 0.163215398788
        var: 0.0121858948842
    pitch_salience:
        dmean: 0.0705039799213
        dmean2: 0.119503431022
        dvar: 0.00660945987329
        dvar2: 0.0195970665663
        max: 0.880291283131
        mean: 0.634111702442
        min: 0.328418552876
        var: 0.00813384354115
    silence_rate_20dB:
        dmean: 0
        dmean2: 0
        dvar: 0
        dvar2: 0
        max: 1
        mean: 1
        min: 1
        var: 0
    silence_rate_30dB:
        dmean: 0
        dmean2: 0
        dvar: 0
        dvar2: 0
        max: 1
        mean: 1
        min: 1
        var: 0
    silence_rate_60dB:
        dmean: 0.143518522382
        dmean2: 0.28770300746
        dvar: 0.122921273112
        dvar2: 0.228131219745
        max: 1
        mean: 0.762124717236
        min: 0
        var: 0.18129041791
    spectral_centroid:
        dmean: 303.550415039
        dmean2: 485.260925293
        dvar: 124895.507812
        dvar2: 319564.75
        max: 3062.45947266
        mean: 940.334533691
        min: 194.578018188
        var: 224822.203125
    spectral_complexity:
        dmean: 3.22273778915
        dmean2: 5.14883708954
        dvar: 36.6927909851
        dvar2: 79.0940933228
        max: 42
        mean: 7.47685194016
        min: 0
        var: 44.7170410156
    spectral_crest:
        dmean: 2.41317152977
        dmean2: 4.08184337616
        dvar: 5.15097951889
        dvar2: 15.5984077454
        max: 17.5435180664
        mean: 8.23005485535
        min: 2.7231771946
        var: 9.46799564362
    spectral_decrease:
        dmean: 3.81572107244e-10
        dmean2: 5.95032190187e-10
        dvar: 5.095702441e-19
        dvar2: 1.24103034335e-18
        max: -8.73718979111e-12
        mean: -7.01496249977e-10
        min: -5.29850652242e-09
        var: 5.59105696589e-19
    spectral_energy:
        dmean: 0.00165603833739
        dmean2: 0.00257764081471
        dvar: 1.01663554233e-05
        dvar2: 2.49802160397e-05
        max: 0.0226235128939
        mean: 0.00294505036436
        min: 3.67700085917e-05
        var: 1.08776866909e-05
    spectral_energyband_high:
        dmean: 0.000177208712557
        dmean2: 0.000301515188767
        dvar: 1.82660883752e-07
        dvar2: 4.97549933698e-07
        max: 0.00276483013295
        mean: 0.000179860304343
        min: 3.50722274334e-07
        var: 1.44438516259e-07
    spectral_energyband_low:
        dmean: 0.000367321481463
        dmean2: 0.000625274551567
        dvar: 1.19658398035e-06
        dvar2: 3.22036544276e-06
        max: 0.00832775421441
        mean: 0.000442734803073
        min: 6.3388944227e-07
        var: 8.29443877137e-07
    spectral_energyband_middle_high:
        dmean: 0.000615042634308
        dmean2: 0.000968798412941
        dvar: 2.11553833651e-06
        dvar2: 5.34369019078e-06
        max: 0.0111311273649
        mean: 0.000808128388599
        min: 1.96759319806e-05
        var: 1.92695529222e-06
    spectral_energyband_middle_low:
        dmean: 0.000869895913638
        dmean2: 0.00149473268539
        dvar: 2.62551020569e-06
        dvar2: 7.06797254679e-06
        max: 0.0133516360074
        mean: 0.00151431025006
        min: 1.61088355526e-05
        var: 2.57716146734e-06
    spectral_flatness_db:
        dmean: 0.021886780858
        dmean2: 0.0340298004448
        dvar: 0.000439526163973
        dvar2: 0.00118452648167
        max: 0.250744223595
        mean: 0.148649603128
        min: 0.0718568861485
        var: 0.0011683399789
    spectral_flux:
        dmean: 0.0115620605648
        dmean2: 0.016488770023
        dvar: 0.000273996702163
        dvar2: 0.000491445243824
        max: 0.119821079075
        mean: 0.0285455659032
        min: 0.00606382777914
        var: 0.000548888812773
    spectral_kurtosis:
        dmean: 1.40103638172
        dmean2: 2.1661605835
        dvar: 2.51595377922
        dvar2: 5.97378063202
        max: 20.2333602905
        mean: 3.61764860153
        min: -1.21988141537
        var: 5.92364215851
    spectral_rms:
        dmean: 0.000381121993996
        dmean2: 0.000569026975427
        dvar: 3.19883810107e-07
        dvar2: 7.24125641227e-07
        max: 0.004698054865
        mean: 0.00154992833268
        min: 0.000189402155229
        var: 4.70940960895e-07
    spectral_rolloff:
        dmean: 735.676330566
        dmean2: 1284.63049316
        dvar: 789804.375
        dvar2: 1953877.25
        max: 6373.828125
        mean: 1939.78283691
        min: 129.19921875
        var: 1300301.875
    spectral_skewness:
        dmean: 0.230241030455
        dmean2: 0.35561439395
        dvar: 0.0676676481962
        dvar2: 0.149892091751
        max: 3.83331370354
        mean: 1.56984877586
        min: 0.196108177304
        var: 0.176106348634
    spectral_spread:
        dmean: 887394.25
        dmean2: 1215161.375
        dvar: 974705459200
        dvar2: 1.87742919066e+12
        max: 12329489
        mean: 5774129
        min: 2904462
        var: 3.19003426816e+12
    spectral_strongpeak:
        dmean: 0.116164177656
        dmean2: 0.205312877893
        dvar: 0.0429064109921
        dvar2: 0.123970359564
        max: 1.51081931591
        mean: 0.174943655729
        min: 0.01301946491
        var: 0.0342631861567
    zerocrossingrate:
        dmean: 0.00947900023311
        dmean2: 0.0107376454398
        dvar: 6.26982655376e-05
        dvar2: 8.4566505393e-05
        max: 0.17041015625
        mean: 0.0676167830825
        min: 0.02294921875
        var: 0.000528357340954
    barkbands:
        dmean: [3.44826332821e-07, 0.000226611431572, 0.000174391054315, 0.000383588980185, 0.000427577935625, 0.000146450169268, 5.4205316701e-05, 3.88983862649e-05, 2.09547888517e-05, 1.64948178281e-05, 1.51998756337e-05, 2.85952064587e-05, 2.87990078505e-05, 4.37580638391e-05, 6.76440176903e-05, 5.9525747929e-05, 6.81785313645e-05, 0.000150697218487, 0.000161230782396, 0.000123219972011, 7.02192846802e-05, 3.67261454812e-05, 1.70116381923e-05, 4.23872506872e-06, 1.58425211794e-06, 7.9211794457e-08, 4.40389308354e-10]
        dmean2: [5.09033725393e-07, 0.000401453464292, 0.000300397456158, 0.000648195680697, 0.000755562912673, 0.000256542989518, 9.53211783781e-05, 6.61176381982e-05, 3.40955812135e-05, 2.61379100266e-05, 2.48487122008e-05, 4.75150518469e-05, 4.50021507277e-05, 6.67317362968e-05, 0.000108077751065, 9.7097865364e-05, 0.000103552767541, 0.00024934229441, 0.000254850398051, 0.000213656996493, 0.000119188363897, 6.33712261333e-05, 3.11038165819e-05, 7.29039948055e-06, 2.29105194194e-06, 1.24409112345e-07, 6.67611355087e-10]
        dvar: [6.82297046552e-13, 5.79638651743e-07, 1.95156175664e-07, 4.73379799359e-07, 8.15879445781e-07, 9.29554246909e-08, 1.81860446702e-08, 8.17329848246e-09, 1.28680588407e-09, 6.08803452096e-10, 4.62295757231e-10, 2.42130338002e-09, 2.08386685685e-09, 5.91332627309e-09, 1.50916648067e-08, 1.62416462501e-08, 2.52099052744e-08, 1.91786057258e-07, 1.60348989198e-07, 9.20353286915e-08, 3.19106625568e-08, 7.51088791162e-09, 2.45734277371e-09, 1.20028431638e-10, 7.6511314645e-12, 2.06439801641e-14, 8.98223184898e-18]
        dvar2: [1.08845289552e-12, 1.57846409365e-06, 5.52650192276e-07, 1.30359319428e-06, 2.28092517318e-06, 2.64603869482e-07, 5.12041431477e-08, 2.34618351413e-08, 3.17337356392e-09, 1.43529887975e-09, 1.0975199638e-09, 6.71673783259e-09, 4.55815518663e-09, 1.51520591629e-08, 3.68704498044e-08, 4.12708125452e-08, 5.54239640849e-08, 4.95678023071e-07, 3.97935139063e-07, 2.51785905903e-07, 8.74145698049e-08, 2.04275600879e-08, 7.07822556123e-09, 3.42425782174e-10, 1.28573974384e-11, 5.07198449906e-14, 9.74822839317e-18]
        max: [1.26950690174e-05, 0.00480164494365, 0.00416372902691, 0.00575597397983, 0.00811375677586, 0.00201977114193, 0.00102875148878, 0.000715470465366, 0.000321917177644, 0.000235137180425, 0.000199953559786, 0.000328847265337, 0.000500817259308, 0.000736787682399, 0.00114039541222, 0.000819182547275, 0.00116455776151, 0.00318270619027, 0.00286308070645, 0.0018359759124, 0.00134301395155, 0.000607818656135, 0.000285190093564, 6.76797571941e-05, 4.71682105854e-05, 9.72674456534e-07, 6.11372570347e-08]
        mean: [6.19413697223e-07, 0.000208716286579, 0.000233417478739, 0.000558597326744, 0.000591877207626, 0.000210409212741, 6.68985667289e-05, 4.98771660205e-05, 3.4910026443e-05, 3.28161258949e-05, 2.5799847208e-05, 4.09797394241e-05, 4.88673940708e-05, 7.29034509277e-05, 9.00142695173e-05, 6.64191466058e-05, 8.2197257143e-05, 0.000135979775223, 0.000159060873557, 0.000109515567601, 6.62565144012e-05, 3.82582657039e-05, 1.37856350193e-05, 4.38273673353e-06, 2.39352539211e-06, 9.80590755262e-08, 3.89726168004e-10]
        min: [9.98966395716e-11, 6.15884729882e-08, 5.72202623061e-07, 1.50147286604e-06, 1.46401112033e-06, 6.06810147019e-07, 5.28626401319e-07, 6.88068610089e-07, 7.49250489207e-07, 8.80895754563e-07, 1.10932546704e-06, 1.56008979957e-06, 6.83570647197e-07, 7.24785820694e-07, 1.71330941612e-06, 4.04255928288e-07, 2.57063078379e-07, 9.22306568896e-08, 9.81403829314e-08, 2.07871352131e-07, 1.75242291789e-07, 3.60202285776e-08, 4.18209040731e-08, 2.95214541701e-09, 2.14030637657e-09, 3.92873011901e-10, 1.14401218533e-13]
        var: [1.10185775434e-12, 3.81916777314e-07, 1.33754426201e-07, 5.08330003868e-07, 6.45035527214e-07, 8.69858993724e-08, 1.66191895801e-08, 6.93838719812e-09, 1.92066296201e-09, 1.46129508494e-09, 8.29622703868e-10, 2.2716000192e-09, 4.87146278871e-09, 1.27596244681e-08, 1.74492722493e-08, 1.49379726366e-08, 2.96225106666e-08, 1.53011484372e-07, 1.49847835473e-07, 6.64719550514e-08, 2.4653045827e-08, 6.51838361065e-09, 1.5375543061e-09, 8.14137784966e-11, 1.98387209438e-11, 2.2585632095e-14, 8.88203380702e-18]
    mfcc:
        mean: [-746.251831055, 114.905044556, -23.4589271545, 51.8831062317, 3.85017371178, 14.2626209259, 4.04956483841, -6.7453494072, -3.7223803997, -6.58824110031, -5.35487127304, -10.0478878021, -6.92493247986]
        cov: [[2557.60522461, -924.531005859, 82.6408462524, -29.5166721344, 16.5182495117, -142.672027588, -101.637283325, 0.357420444489, -60.3506393433, 1.43420267105, 64.4279098511, 25.2284317017, 2.02657103539], [-924.531005859, 870.059448242, -263.587127686, -35.0974082947, -56.282989502, 59.0647468567, -35.6404838562, -32.2764091492, -32.8768997192, 64.9490127563, -15.9491167068, 4.64990282059, 32.272983551], [82.6408462524, -263.587127686, 378.719329834, 37.1944046021, 21.7346439362, 10.0657310486, -0.497039407492, -25.6519260406, -5.49729394913, -48.0391311646, -25.1632080078, -1.79626452923, -3.22700595856], [-29.5166721344, -35.0974082947, 37.1944046021, 272.72833252, -2.19475603104, -18.0203666687, -16.7030487061, 19.223608017, -34.4740524292, -57.8109359741, -22.6784534454, -17.7930717468, 13.796298027], [16.5182495117, -56.282989502, 21.7346439362, -2.19475603104, 114.422096252, 9.10763072968, 15.3182754517, -3.701420784, 28.4224281311, -5.04541921616, -9.22975826263, -6.26695346832, -8.18439102173], [-142.672027588, 59.0647468567, 10.0657310486, -18.0203666687, 9.10763072968, 121.282752991, 23.7170467377, 17.4070072174, -2.02264475822, 21.9533920288, 0.785586595535, -13.9549283981, -8.39713478088], [-101.637283325, -35.6404838562, -0.497039407492, -16.7030487061, 15.3182754517, 23.7170467377, 107.024009705, 41.6281814575, 29.9770069122, 4.24400281906, 13.7304668427, 0.897102236748, -22.4994411469], [0.357420444489, -32.2764091492, -25.6519260406, 19.223608017, -3.701420784, 17.4070072174, 41.6281814575, 79.7603530884, 22.0447292328, 8.03460407257, 14.037689209, -3.0974342823, -6.62425279617], [-60.3506393433, -32.8768997192, -5.49729394913, -34.4740524292, 28.4224281311, -2.02264475822, 29.9770069122, 22.0447292328, 83.0084075928, 21.538684845, 6.41514873505, 4.19300556183, -12.2146730423], [1.43420267105, 64.9490127563, -48.0391311646, -57.8109359741, -5.04541921616, 21.9533920288, 4.24400281906, 8.03460407257, 21.538684845, 79.3549575806, 27.8098640442, 3.23132371902, -1.15872704983], [64.4279098511, -15.9491167068, -25.1632080078, -22.6784534454, -9.22975826263, 0.785586595535, 13.7304668427, 14.037689209, 6.41514873505, 27.8098640442, 57.2327690125, 15.193022728, -5.46950292587], [25.2284317017, 4.64990282059, -1.79626452923, -17.7930717468, -6.26695346832, -13.9549283981, 0.897102236748, -3.0974342823, 4.19300556183, 3.23132371902, 15.193022728, 39.9794807434, 7.24859666824], [2.02657103539, 32.272983551, -3.22700595856, 13.796298027, -8.18439102173, -8.39713478088, -22.4994411469, -6.62425279617, -12.2146730423, -1.15872704983, -5.46950292587, 7.24859666824, 39.3983955383]]
        icov: [[0.000978273805231, 0.00134108634666, 0.000543063506484, 0.000229036726523, -0.000242075693677, 0.000501933856867, 0.00111107539851, -0.000350498128682, 0.00149134499952, -0.00115177140106, -7.76472152211e-05, -0.000590918061789, -2.58919208136e-05], [0.00134108634666, 0.00373337813653, 0.00210369704291, 9.4776005426e-05, 0.000386718835216, -0.000528028875124, 0.00136686756741, 0.00081052724272, 0.00233970745467, -0.00282726669684, 0.0014941591071, -0.00164769298863, -0.000950583082158], [0.000543063506484, 0.00210369704291, 0.00429679267108, -0.000298170052702, 0.000158104419825, -0.00137188704684, 0.000299311446724, 0.00195715506561, 0.000501550734043, 0.0002595144324, 0.00137078331318, -0.00134857802186, -0.000452831562143], [0.000229036726523, 9.4776005426e-05, -0.000298170052702, 0.00509472284466, -0.000476089917356, 0.000866487796884, 0.0011416382622, -0.002868933836, 0.00178744702134, 0.00292448489927, -0.000296603131574, 0.00202400540002, -0.00141589250416], [-0.000242075693677, 0.000386718835216, 0.000158104419825, -0.000476089917356, 0.0107042063028, -0.00165695557371, -0.00138675805647, 0.00288773700595, -0.00462771672755, 0.00110788515303, 0.00130904489197, 0.00115456141066, 6.56388510833e-06], [0.000501933856867, -0.000528028875124, -0.00137188704684, 0.000866487796884, -0.00165695557371, 0.0113744698465, -0.00126506097149, -0.00322522432543, 0.00359094981104, -0.00388856162317, 0.000496554654092, 0.00306929182261, 0.0013094622409], [0.00111107539851, 0.00136686756741, 0.000299311446724, 0.0011416382622, -0.00138675805647, -0.00126506097149, 0.0158081036061, -0.00683733867481, -0.000777131645009, 0.00102967780549, -0.00189276318997, -0.00219769543037, 0.0056991642341], [-0.000350498128682, 0.00081052724272, 0.00195715506561, -0.002868933836, 0.00288773700595, -0.00322522432543, -0.00683733867481, 0.0204031690955, -0.00528347725049, 8.59392312123e-05, -0.00272889016196, 0.00202374137007, -0.00242932606488], [0.00149134499952, 0.00233970745467, 0.000501550734043, 0.00178744702134, -0.00462771672755, 0.00359094981104, -0.000777131645009, -0.00528347725049, 0.0205471199006, -0.00755798444152, 0.00321347871795, -0.00359532469884, 0.00314929382876], [-0.00115177140106, -0.00282726669684, 0.0002595144324, 0.00292448489927, 0.00110788515303, -0.00388856162317, 0.00102967780549, 8.59392312123e-05, -0.00755798444152, 0.0237785801291, -0.0103824073449, 0.00444313930348, -0.0025264644064], [-7.76472152211e-05, 0.0014941591071, 0.00137078331318, -0.000296603131574, 0.00130904489197, 0.000496554654092, -0.00189276318997, -0.00272889016196, 0.00321347871795, -0.0103824073449, 0.0277660116553, -0.0108278170228, 0.00437191175297], [-0.000590918061789, -0.00164769298863, -0.00134857802186, 0.00202400540002, 0.00115456141066, 0.00306929182261, -0.00219769543037, 0.00202374137007, -0.00359532469884, 0.00444313930348, -0.0108278170228, 0.0334785170853, -0.00810649804771], [-2.58919208136e-05, -0.000950583082158, -0.000452831562143, -0.00141589250416, 6.56388510833e-06, 0.0013094622409, 0.0056991642341, -0.00242932606488, 0.00314929382876, -0.0025264644064, 0.00437191175297, -0.00810649804771, 0.0327475629747]]
    spectral_contrast:
        mean: [3.78392925882e-08, 2.62814069174e-07, -5.69909047954e-07, 1.37594284411e-07, 1.63688568477e-07, 3.8679206682e-07, 3.91569415115e-07, -1.08671542876e-06, -3.33020261678e-06, -1.23486472603e-07, -4.80124390378e-06, 1.52516145135e-06]
        var: [0.000375210860511, 0.000872437376529, 0.000949105597101, 0.00208225380629, 0.00332448491827, 0.00506130279973, 0.0495049394667, 0.0742079168558, 0.10589645803, 0.154454037547, 0.284662514925, 1.69503724575]

rhythm:
    beats_loudness:
        dmean: 0.00340547971427
        dmean2: 0.00702959159389
        dvar: 3.48849357579e-06
        dvar2: 8.24387188914e-06
        max: 0.0133121889085
        mean: 0.00872990023345
        min: 0.00582625949755
        var: 4.77759112982e-06
    beats_loudness_bass:
        dmean: 0.603027939796
        dmean2: 1.21674561501
        dvar: 0.00392168480903
        dvar2: 0.00963466707617
        max: 0.868764638901
        mean: 0.482102811337
        min: 0.110902927816
        var: 0.0920626819134
    bpm: 127.140663147
    bpm_confidence: 0
    first_peak_bpm: 127
    first_peak_spread: 0
    first_peak_weight: 0.949999988079
    onset_rate: 4.78515625
    second_peak_bpm: 116
    second_peak_spread: 0
    second_peak_weight: 0.0500000007451
    beats_position: [0.403316617012, 0.87514436245, 1.34697210789, 1.81879997253, 2.29062771797, 2.76245570183, 3.23428344727, 3.70611143112, 4.17793941498, 4.649766922, 5.12159490585, 5.59342288971, 6.10937643051, 6.58138608932, 7.05339574814, 7.52540540695, 7.99741458893, 8.46942424774, 8.94143390656, 9.41344356537, 9.88545322418]
    bpm_estimates: [127.130493164, 127.042228699, 127.177505493, 127.257026672, 127.322616577, 127.128051758, 126.971191406, 127.252868652, 127.17326355, 127.195976257, 127.159118652, 126.972900391, 127.201004028, 127.228157043, 127.11580658, 127.079597473, 126.817642212, 127.236846924, 127.215011597, 127.135681152]
    bpm_intervals: [0.471827745438, 0.471827745438, 0.471827864647, 0.471827745438, 0.471827983856, 0.471827745438, 0.471827983856, 0.471827983856, 0.471827507019, 0.471827983856, 0.471827983856, 0.515953540802, 0.472009658813, 0.472009658813, 0.472009658813, 0.472009181976, 0.472009658813, 0.472009658813, 0.472009658813, 0.472009658813]
    onset_times: [0.0464399084449, 0.162539675832, 0.27863946557, 0.394739240408, 0.580498874187, 0.859138309956, 1.11455786228, 1.34675741196, 1.59056687355, 1.81115651131, 2.0549659729, 2.18267583847, 2.29877543449, 2.53097510338, 2.76317453384, 3.01859402657, 3.15791392326, 3.23918366432, 3.49460315704, 3.7151927948, 3.97061228752, 4.19120168686, 4.43501138687, 4.66721105576, 4.91102027893, 5.07356023788, 5.14321994781, 5.38702964783, 5.61922883987, 5.86303853989, 6.09523820877, 6.33904743195, 6.57124710083, 6.80344676971, 7.04725646973, 7.2910656929, 7.52326536179, 7.7670750618, 7.99927425385, 8.23147392273, 8.47528362274, 8.71909332275, 8.95129299164, 9.19510173798, 9.42730140686, 9.682721138, 9.78721046448, 9.90331077576]
    rubato_start: []
    rubato_stop: []
    perceptual_tempo: "unknown"

sfx:
    inharmonicity:
        dmean: 0.0307164229453
        dmean2: 0.0552872158587
        dvar: 0.00156911020167
        dvar2: 0.00446250569075
        max: 0.315018922091
        mean: 0.0289240460843
        min: 1.36494909384e-05
        var: 0.00130968645681
    oddtoevenharmonicenergyratio:
        dmean: 1.20594608784
        dmean2: 2.18811297417
        dvar: 4.05836582184
        dvar2: 10.7820968628
        max: 15.9054336548
        mean: 1.05916535854
        min: 0.000230150195421
        var: 3.28494215012
    pitch_after_max_to_before_max_energy_ratio: 12.0730209351
    pitch_centroid: 229.769012451
    pitch_max_to_total: 0.0833333358169
    pitch_min_to_total: 0.0578703694046
    tristimulus:
        dmean: [0.220365986228, 0.23689262569, 0.0962792262435]
        dmean2: [0.384972214699, 0.415890693665, 0.174545288086]
        dvar: [0.0393013879657, 0.042718924582, 0.0121296765283]
        dvar2: [0.100350484252, 0.119678094983, 0.0351765155792]
        max: [0.985056042671, 0.91247266531, 0.644479572773]
        mean: [0.448466926813, 0.397705346346, 0.113370843232]
        min: [0.0149645302445, 0, 0]
        var: [0.0666158124804, 0.0612548924983, 0.0120905777439]

tonal:
    chords_changes_rate: 0.0138248847798
    chords_number_rate: 0.0184331797063
    chords_strength:
        dmean: 0.00688744848594
        dmean2: 0.00552814267576
        dvar: 3.6990193621e-05
        dvar2: 2.26025549637e-05
        max: 0.655348241329
        mean: 0.547549426556
        min: 0.346145004034
        var: 0.00508903944865
    key_strength: 0.802089512348
    tuning_diatonic_strength: 0.561390221119
    tuning_equal_tempered_deviation: 0.0563791170716
    tuning_frequency: 452.37008667
    tuning_nontempered_energy_ratio: 0.639611124992
    hpcp:
        dmean: [0.219074308872, 0.156928882003, 0.0990311130881, 0.0710181370378, 0.0569341890514, 0.0634097233415, 0.0602160356939, 0.0607783272862, 0.0650746524334, 0.0778791755438, 0.0722130164504, 0.0654536932707, 0.0651469007134, 0.108572140336, 0.182346835732, 0.193519458175, 0.180162340403, 0.118455067277, 0.111265800893, 0.111331708729, 0.119356215, 0.136866271496, 0.16831715405, 0.145984023809, 0.143023014069, 0.114427261055, 0.0744412913918, 0.0740501284599, 0.0843494534492, 0.100755155087, 0.12508751452, 0.117404922843, 0.110978208482, 0.130942761898, 0.119564205408, 0.166651055217]
        dmean2: [0.347042709589, 0.256593048573, 0.178282648325, 0.131803825498, 0.105312719941, 0.113545700908, 0.106997475028, 0.108812004328, 0.116696983576, 0.135767817497, 0.131238237023, 0.123792171478, 0.121359601617, 0.198502779007, 0.309344619513, 0.319476783276, 0.310069084167, 0.215527907014, 0.210940793157, 0.208658531308, 0.211028560996, 0.229851081967, 0.283651381731, 0.245133131742, 0.237901613116, 0.203589424491, 0.13056948781, 0.128141626716, 0.153335675597, 0.173020735383, 0.212983131409, 0.188066706061, 0.190651804209, 0.239453047514, 0.217212691903, 0.294649511576]
        dvar: [0.0524464547634, 0.0284643676132, 0.0255866255611, 0.0195582751185, 0.0116434879601, 0.0118157966062, 0.00829516723752, 0.0111383618787, 0.00983961950988, 0.0162144768983, 0.0129703478888, 0.0175808295608, 0.00992906745523, 0.0286320652813, 0.0481145121157, 0.056578669697, 0.0326458737254, 0.0405820608139, 0.0491422004998, 0.0437361784279, 0.0394331365824, 0.0436181463301, 0.0587426163256, 0.0483470112085, 0.0499890744686, 0.047235250473, 0.0186182893813, 0.0169992055744, 0.026325173676, 0.0201789382845, 0.0409274622798, 0.0310323219746, 0.0299495328218, 0.0439709834754, 0.0301349367946, 0.0372708961368]
        dvar2: [0.132085382938, 0.075412131846, 0.0718804970384, 0.0564226619899, 0.0333773903549, 0.0336112529039, 0.0227076038718, 0.0329357087612, 0.0279290955514, 0.0439753718674, 0.0361346118152, 0.050130084157, 0.0282581038773, 0.0777829885483, 0.128446266055, 0.14842505753, 0.0921963304281, 0.119196973741, 0.137717455626, 0.117920897901, 0.105355814099, 0.106898196042, 0.156765550375, 0.128603562713, 0.126562088728, 0.129003599286, 0.0488370135427, 0.0472846515477, 0.0737690925598, 0.0538700520992, 0.0974242463708, 0.0762837454677, 0.0821627080441, 0.119407169521, 0.0823934748769, 0.121673427522]
        max: [1, 1, 1, 0.79700499773, 0.636946022511, 0.650134027004, 0.588962435722, 0.805255830288, 0.718377709389, 1, 0.667527794838, 0.929532647133, 0.592758715153, 0.893510520458, 1, 1, 1, 1, 1, 1, 1, 1, 1, 1, 1, 1, 0.764015853405, 1, 1, 0.815546452999, 1, 1, 1, 1, 0.813508927822, 1]
        mean: [0.516262590885, 0.340931802988, 0.0926927998662, 0.0579520687461, 0.0486520640552, 0.0625797584653, 0.0741259679198, 0.0711801350117, 0.0811075940728, 0.0900889709592, 0.0683350861073, 0.0545399896801, 0.0567878820002, 0.0889229252934, 0.337229400873, 0.60413056612, 0.393565684557, 0.10269420594, 0.0738657340407, 0.0757789462805, 0.120924673975, 0.207763254642, 0.206669703126, 0.153187155724, 0.135513111949, 0.102708287537, 0.0785942077637, 0.0787828415632, 0.0760467648506, 0.124250419438, 0.219229757786, 0.188456609845, 0.105435743928, 0.104687027633, 0.102202631533, 0.278606504202]
        min: [0.0103587154299, 0.00877617299557, 0.00147898693103, 0.00139138579834, 0.00145904079545, 0.00120029679965, 0.00103239843156, 0.00389218376949, 0.00507470080629, 0.0031267858576, 0.00145192153286, 0.00149552256335, 0.0012573505519, 0.0013121671509, 0.00616174098104, 0.00887480657548, 0.00646865786985, 0.00121122016571, 0.00095778767718, 0.000840212916955, 0.00109692721162, 0.000930116686504, 0.00168352911714, 0.00163832621183, 0.00185571482871, 0.0025177472271, 0.00162396335509, 0.00269486568868, 0.00391708593816, 0.0013022624189, 0.000629617483355, 0.00148222525604, 0.0017898309743, 0.00111675355583, 0.000723247765563, 0.00791316851974]
        var: [0.107956364751, 0.0599397495389, 0.0198265705258, 0.0124948695302, 0.0073127890937, 0.00911378022283, 0.0101494221017, 0.0104003865272, 0.0098566012457, 0.0157568231225, 0.00985110271722, 0.0105618918315, 0.00725838169456, 0.0227992553264, 0.07571683079, 0.150758177042, 0.0717501714826, 0.0297222137451, 0.0301162526011, 0.0282577127218, 0.0439845435321, 0.094380363822, 0.0902250111103, 0.0499156415462, 0.0458557382226, 0.0350596010685, 0.0149060683325, 0.0132613861933, 0.0198145676404, 0.0284259784967, 0.108959041536, 0.0865408629179, 0.0300379488617, 0.0355684235692, 0.0254137180746, 0.0430198982358]
    chords_histogram: [63.5944709778, 0, 18.4331798553, 2.30414748192, 0, 15.6682024002, 0, 0, 0, 0, 0, 0, 0, 0, 0, 0, 0, 0, 0, 0, 0, 0, 0, 0]
    thpcp: [1, 0.651457965374, 0.169986769557, 0.122267834842, 0.125434711576, 0.200163140893, 0.343904554844, 0.342094421387, 0.253566294909, 0.224310964346, 0.170010089874, 0.130094736814, 0.130406975746, 0.125878036022, 0.205668151379, 0.362884730101, 0.311946809292, 0.174524769187, 0.17328543961, 0.16917309165, 0.461169362068, 0.854554653168, 0.564334630966, 0.153431728482, 0.0959263965487, 0.0805323645473, 0.103586480021, 0.122698590159, 0.117822438478, 0.134255081415, 0.149121686816, 0.113113105297, 0.0902784839272, 0.0939993560314, 0.147191569209, 0.558206140995]
    chords_key: "D"
    chords_scale: "minor"
    key_key: "D"
    key_scale: "minor"
    chords_progression: ["Am", "Am", "Am", "Am", "Am", "Am", "Am", "Am", "Am", "Am", "Am", "Am", "Am", "Am", "Am", "Am", "Am", "Am", "Am", "Am", "Am", "Am", "Am", "Am", "Am", "Am", "Am", "Am", "Am", "Am", "Am", "Am", "Am", "Am", "Am", "Am", "Am", "Am", "Am", "Am", "C", "C", "C", "C", "C", "G", "G", "G", "G", "G", "G", "G", "G", "G", "G", "G", "G", "G", "G", "G", "G", "G", "G", "G", "G", "G", "G", "G", "G", "G", "G", "G", "G", "G", "G", "G", "G", "G", "G", "Dm", "Dm", "Dm", "Dm", "Dm", "Dm", "Dm", "Dm", "Dm", "Dm", "Dm", "Dm", "Dm", "Dm", "Dm", "Dm", "Dm", "Dm", "Dm", "Dm", "Dm", "Dm", "Dm", "Dm", "Dm", "Dm", "Dm", "Dm", "Dm", "Dm", "Dm", "Dm", "Dm", "Dm", "Dm", "Dm", "Dm", "Dm", "Dm", "Dm", "Dm", "Dm", "Dm", "Dm", "Dm", "Dm", "Dm", "Dm", "Dm", "Dm", "Dm", "Dm", "Dm", "Dm", "Dm", "Dm", "Dm", "Dm", "Dm", "Dm", "Dm", "Dm", "Dm", "Dm", "Dm", "Dm", "Dm", "Dm", "Dm", "Dm", "Dm", "Dm", "Dm", "Dm", "Dm", "Dm", "Dm", "Dm", "Dm", "Dm", "Dm", "Dm", "Dm", "Dm", "Dm", "Dm", "Dm", "Dm", "Dm", "Dm", "Dm", "Dm", "Dm", "Dm", "Dm", "Dm", "Dm", "Dm", "Dm", "Dm", "Dm", "Dm", "Dm", "Dm", "Dm", "Dm", "Dm", "Dm", "Dm", "Dm", "Dm", "Dm", "Dm", "Dm", "Dm", "Dm", "Dm", "Dm", "Dm", "Dm", "Dm", "Dm", "Dm", "Dm", "Dm", "Dm", "Dm", "Dm", "Dm", "Dm", "Dm", "Dm", "Dm", "Dm", "Dm", "Dm", "Dm", "Dm"]
