
metadata:
    version:
        essentia: "1.2.2"
    audio_properties:
        analysis_sample_rate: 44100
        bitrate: 128
        channels: 2
        equal_loudness: 1
        length: 10.0571432114
        replay_gain: -8.27007293701
        downmix: "mix"
    tags:
        track: 3
        year: 0
        album: "Splitted by Mp3Splt v. 2.1"
        artist: "From 000.20 To 000.30"
        comment: "http://mp3splt.sf.net"
        genre: ""
        title: "07 Burnt out Car.mp3"

highlevel:
    ballroom:
        all:
            ChaChaCha: 0.231707811356
            Jive: 0.390671670437
            Quickstep: 0.0288127809763
            Rumba-American: 0.000370250898413
            Rumba-International: 0.000973850663286
            Rumba-Misc: 0.00105437228922
            Samba: 0.344660878181
            Tango: 0.000238166045165
            VienneseWaltz: 0.000966794497799
            Waltz: 0.000543423171621
        probability: 0.390671670437
        value: "Jive"
    culture:
        all:
            non_western: 0.325842946768
            western: 0.674157083035
        probability: 0.674157083035
        value: "western"
    gender:
        all:
            female: 0.711341917515
            male: 0.288658082485
        probability: 0.711341917515
        value: "female"
    genre_dortmund:
        all:
            alternative: 0.0605236887932
            blues: 0.00307573145255
            electronic: 0.655763804913
            folkcountry: 0.0243239719421
            funksoulrnb: 0.0329171493649
            jazz: 0.0651349648833
            pop: 0.0694655328989
            raphiphop: 0.00505871931091
            rock: 0.0837364345789
        probability: 0.655763804913
        value: "electronic"
    genre_electronica:
        all:
            ambient: 0.139848977327
            dnb: 0.0881285369396
            house: 0.209830850363
            techno: 0.0213563404977
            trance: 0.54083532095
        probability: 0.54083532095
        value: "trance"
    genre_rosamerica:
        all:
            cla: 0.0294685382396
            dan: 0.812828779221
            hip: 0.00542195467278
            jaz: 0.0153913646936
            pop: 0.0490967221558
            rhy: 0.0294195190072
            roc: 0.0548799037933
            spe: 0.00349321239628
        probability: 0.812828779221
        value: "dan"
    genre_tzanetakis:
        all:
            blu: 0.0201587397605
            cla: 0.0309342816472
            cou: 0.0489795058966
            dis: 0.0963966920972
            hip: 0.0176066122949
            jaz: 0.108733542264
            met: 0.0779505670071
            pop: 0.216819852591
            reg: 0.0356683544815
            roc: 0.346751838923
        probability: 0.346751838923
        value: "roc"
    live_studio:
        all:
            live: 0.205771058798
            studio: 0.7942289114
        probability: 0.7942289114
        value: "studio"
    mood:
        all:
            Cluster1: 0.191709190607
            Cluster2: 0.533115327358
            Cluster3: 0.0474162511528
            Cluster4: 0.150090292096
            Cluster5: 0.0776689499617
        probability: 0.533115327358
        value: "Cluster2"
    mood_acoustic:
        all:
            acoustic: 0.0220931563526
            not_acoustic: 0.977906823158
        probability: 0.977906823158
        value: "not_acoustic"
    mood_aggressive:
        all:
            aggressive: 0.0331662110984
            not_aggressive: 0.966833770275
        probability: 0.966833770275
        value: "not_aggressive"
    mood_electronic:
        all:
            electronic: 0.930652856827
            not_electronic: 0.0693471282721
        probability: 0.930652856827
        value: "electronic"
    mood_happy:
        all:
            happy: 0.81291949749
            not_happy: 0.187080517411
        probability: 0.81291949749
        value: "happy"
    mood_party:
        all:
            not_party: 0.289199322462
            party: 0.71080070734
        probability: 0.71080070734
        value: "party"
    mood_relaxed:
        all:
            not_relaxed: 0.89443987608
            relaxed: 0.105560101569
        probability: 0.89443987608
        value: "not_relaxed"
    mood_sad:
        all:
            not_sad: 0.794753193855
            sad: 0.205246821046
        probability: 0.794753193855
        value: "not_sad"
    rhythm:
        all:
            fast: 0.796151340008
            medium: 0.141174390912
            slow: 0.0626742690802
        probability: 0.796151340008
        value: "fast"
    speech_music:
        all:
            music: 0.999654054642
            speech: 0.00034597053309
        probability: 0.999654054642
        value: "music"
    timbre:
        all:
            bright: 0.720492005348
            dark: 0.279507964849
        probability: 0.720492005348
        value: "bright"
    voice_instrumental:
        all:
            instrumental: 0.5
            voice: 0.5
        probability: 0.5
        value: "voice"

lowlevel:
    average_loudness: 0.969406187534
    barkbands_kurtosis:
        dmean: 0.493934839964
        dmean2: 0.795175075531
        dvar: 0.407097160816
        dvar2: 0.887511491776
        max: 6.38100624084
        mean: -1.0697208643
        min: -1.81801843643
        var: 0.997630953789
    barkbands_skewness:
        dmean: 0.407038241625
        dmean2: 0.623065829277
        dvar: 0.140484824777
        dvar2: 0.264438569546
        max: 2.6730287075
        mean: -0.0164811238647
        min: -1.82314288616
        var: 0.506340742111
    barkbands_spread:
        dmean: 4.64800930023
        dmean2: 7.3984208107
        dvar: 16.2345733643
        dvar2: 39.0603866577
        max: 56.3124694824
        mean: 36.9963722229
        min: 14.0110769272
        var: 44.1852378845
    dissonance:
        dmean: 0.0156218372285
        dmean2: 0.0254588797688
        dvar: 0.000583864341024
        dvar2: 0.000781075621489
        max: 0.498294383287
        mean: 0.466575652361
        min: 0.0103767644614
        var: 0.000777643697802
    hfc:
        dmean: 4.39989757538
        dmean2: 5.95421409607
        dvar: 41.4860954285
        dvar2: 83.2982406616
        max: 43.608757019
        mean: 7.89136648178
        min: 8.51069708006e-05
        var: 72.9699783325
    pitch:
        dmean: 929.613098145
        dmean2: 1819.58068848
        dvar: 2265145.5
        dvar2: 5243741
        max: 4410
        mean: 1363.02478027
        min: 92.6470565796
        var: 2888160
    pitch_instantaneous_confidence:
        dmean: 0.082108207047
        dmean2: 0.134707689285
        dvar: 0.00444464990869
        dvar2: 0.0105253756046
        max: 0.735316991806
        mean: 0.428431630135
        min: 0.167243659496
        var: 0.0109943365678
    pitch_salience:
        dmean: 0.06146774441
        dmean2: 0.102302052081
        dvar: 0.00290826801211
        dvar2: 0.00769426766783
        max: 0.849871695042
        mean: 0.614077031612
        min: 0.399483412504
        var: 0.00567686371505
    silence_rate_20dB:
        dmean: 0
        dmean2: 0
        dvar: 0
        dvar2: 0
        max: 1
        mean: 1
        min: 1
        var: 0
    silence_rate_30dB:
        dmean: 0
        dmean2: 0
        dvar: 0
        dvar2: 0
        max: 1
        mean: 1
        min: 1
        var: 0
    silence_rate_60dB:
        dmean: 0.18013857305
        dmean2: 0.361111104488
        dvar: 0.147689267993
        dvar2: 0.272377043962
        max: 1
        mean: 0.592165887356
        min: 0
        var: 0.241505771875
    spectral_centroid:
        dmean: 368.597106934
        dmean2: 556.110961914
        dvar: 143820.09375
        dvar2: 268808.8125
        max: 3697.49633789
        mean: 2064.64746094
        min: 477.312530518
        var: 457121.375
    spectral_complexity:
        dmean: 4.82366609573
        dmean2: 6.94418621063
        dvar: 30.233379364
        dvar2: 63.0062217712
        max: 52
        mean: 11.8472223282
        min: 0
        var: 64.5553817749
    spectral_crest:
        dmean: 1.68275463581
        dmean2: 2.77818179131
        dvar: 2.20561099052
        dvar2: 5.24479150772
        max: 16.3716144562
        mean: 6.90378904343
        min: 3.21635603905
        var: 5.45675992966
    spectral_decrease:
        dmean: 3.51143725208e-10
        dmean2: 4.60484733678e-10
        dvar: 2.62369799581e-19
        dvar2: 5.15478795216e-19
        max: -3.15771070587e-14
        mean: -7.61299523422e-10
        min: -6.14425932355e-09
        var: 5.61518892628e-19
    spectral_energy:
        dmean: 0.00171328312717
        dmean2: 0.00224883155897
        dvar: 5.8436216932e-06
        dvar2: 1.18331799968e-05
        max: 0.0271452981979
        mean: 0.0035890918225
        min: 1.26898740405e-07
        var: 1.17948875413e-05
    spectral_energyband_high:
        dmean: 0.000385541585274
        dmean2: 0.000547696370631
        dvar: 4.11575712178e-07
        dvar2: 8.98753569345e-07
        max: 0.00440392270684
        mean: 0.000613413110841
        min: 6.20997564482e-09
        var: 6.09068877111e-07
    spectral_energyband_low:
        dmean: 9.6328316431e-05
        dmean2: 0.000152059743414
        dvar: 3.54746532594e-07
        dvar2: 9.08430763502e-07
        max: 0.00851343199611
        mean: 0.000113893154776
        min: 4.4139888189e-08
        var: 3.49677037548e-07
    spectral_energyband_middle_high:
        dmean: 0.000770097307395
        dmean2: 0.00107453123201
        dvar: 9.41477196648e-07
        dvar2: 1.82300584584e-06
        max: 0.00705687701702
        mean: 0.00144119793549
        min: 1.38836258046e-08
        var: 1.8471362182e-06
    spectral_energyband_middle_low:
        dmean: 0.000675293849781
        dmean2: 0.000990596949123
        dvar: 1.96172072719e-06
        dvar2: 4.63457399746e-06
        max: 0.0166034922004
        mean: 0.00142057414632
        min: 5.50720749004e-08
        var: 3.11204212267e-06
    spectral_flatness_db:
        dmean: 0.0144392773509
        dmean2: 0.0225951001048
        dvar: 0.000117406016216
        dvar2: 0.000287756294711
        max: 0.208475336432
        mean: 0.144641235471
        min: 0.0860388576984
        var: 0.00046554103028
    spectral_flux:
        dmean: 0.00952763855457
        dmean2: 0.0151566397399
        dvar: 0.000161069328897
        dvar2: 0.000338320271112
        max: 0.130452722311
        mean: 0.035130161792
        min: 0.0118549019098
        var: 0.000309933646349
    spectral_kurtosis:
        dmean: 0.623303771019
        dmean2: 1.02831923962
        dvar: 0.460098028183
        dvar2: 1.06756043434
        max: 7.16347408295
        mean: 1.68303668499
        min: 0.304473876953
        var: 0.848072111607
    spectral_rms:
        dmean: 0.000425262929639
        dmean2: 0.000554809637833
        dvar: 2.11060822153e-07
        dvar2: 3.88197946677e-07
        max: 0.00514618493617
        mean: 0.00171216996387
        min: 1.11267090688e-05
        var: 5.70027111735e-07
    spectral_rolloff:
        dmean: 451.447845459
        dmean2: 705.287414551
        dvar: 233193.484375
        dvar2: 471166.8125
        max: 5512.5
        mean: 3878.02050781
        min: 366.064453125
        var: 688744.5
    spectral_skewness:
        dmean: 0.134835913777
        dmean2: 0.214863225818
        dvar: 0.0237257797271
        dvar2: 0.0500639267266
        max: 2.11369776726
        mean: 1.02349710464
        min: 0.586081087589
        var: 0.0570433400571
    spectral_spread:
        dmean: 655436.3125
        dmean2: 970864.8125
        dvar: 414537613312
        dvar2: 756323516416
        max: 16131275
        mean: 5940260
        min: 3405568.5
        var: 891930476544
    spectral_strongpeak:
        dmean: 0.43969681859
        dmean2: 0.7727009058
        dvar: 0.521501481533
        dvar2: 1.28590929508
        max: 6.5201792717
        mean: 0.51393198967
        min: 0
        var: 0.494038075209
    zerocrossingrate:
        dmean: 0.0131382774562
        dmean2: 0.0147290602326
        dvar: 0.00012202396465
        dvar2: 0.000154242035933
        max: 0.18017578125
        mean: 0.115984879434
        min: 0.00341796875
        var: 0.000779416412115
    barkbands:
        dmean: [2.33072469769e-07, 2.43568247242e-05, 8.73126482475e-05, 3.8581660192e-05, 0.000338175974321, 0.000278826046269, 8.96400670172e-05, 3.88045555155e-05, 0.00010483256483, 2.22680391744e-05, 2.63516903942e-05, 5.68486866541e-05, 2.18607929128e-05, 4.7021669161e-05, 5.61895576539e-05, 7.72804924054e-05, 9.8545140645e-05, 0.000143411583849, 0.000189077836694, 0.000378088414436, 0.000171448249603, 0.000106046005385, 3.23024250974e-05, 1.69847644429e-05, 5.18800425198e-06, 2.98240451002e-07, 1.93288801631e-10]
        dmean2: [4.27616498655e-07, 3.55755619239e-05, 0.00014493278286, 6.9825538958e-05, 0.000543223752175, 0.000402281380957, 0.000134760994115, 6.10579591012e-05, 0.000149817147758, 3.43442989106e-05, 4.25340185757e-05, 8.64150933921e-05, 3.43115243595e-05, 7.29677267373e-05, 8.80806692294e-05, 0.000125565071357, 0.000156273395987, 0.000226293996093, 0.000293860968668, 0.000553776859306, 0.000263973197434, 0.000145683035953, 4.76892528241e-05, 2.44152706728e-05, 6.80687162458e-06, 4.86022997848e-07, 3.36281003044e-10]
        dvar: [1.4313974268e-12, 1.5028360778e-08, 3.0622092595e-07, 3.1918688137e-08, 8.6457305315e-07, 1.66000162949e-07, 2.08840731375e-08, 7.36661531775e-09, 2.09576285215e-08, 2.17167261951e-09, 5.52596679526e-09, 1.19765868334e-08, 1.46267720158e-09, 5.85427173405e-09, 8.40843927818e-09, 9.43823597055e-09, 1.81703789792e-08, 3.17232142777e-08, 6.93116888328e-08, 3.58359272923e-07, 9.21298664025e-08, 2.37127313341e-08, 4.03702982155e-09, 5.565705119e-10, 1.1094183211e-10, 1.16787046071e-13, 8.60717228772e-20]
        dvar2: [4.75794100299e-12, 2.92895894205e-08, 8.04355579476e-07, 8.548806818e-08, 2.1426803869e-06, 3.25748715113e-07, 5.25999652723e-08, 2.07274037933e-08, 4.38049845286e-08, 5.3494515484e-09, 1.52870125447e-08, 2.45975293467e-08, 3.33740457492e-09, 1.18036362906e-08, 1.96703595634e-08, 2.35129995474e-08, 4.45497398971e-08, 7.96638346401e-08, 1.462006054e-07, 7.07289927959e-07, 2.24214630862e-07, 4.91717067064e-08, 8.0441999728e-09, 1.18611720445e-09, 2.42347891755e-10, 2.85218219485e-13, 2.35309438871e-19]
        max: [1.34635083668e-05, 0.00179101177491, 0.0074429474771, 0.00198795530014, 0.0109095303342, 0.00456028897315, 0.00157017004676, 0.00101163401268, 0.00125408440363, 0.000433866487583, 0.000934647629037, 0.00139730155934, 0.000338169775205, 0.000937924662139, 0.00112870195881, 0.000786887598224, 0.00126938160975, 0.00171623704955, 0.00249999272637, 0.00492904614657, 0.0024166314397, 0.001155845006, 0.000319086830132, 0.000142906996189, 9.86709565041e-05, 1.8157741124e-06, 2.6597364311e-09]
        mean: [2.45432659085e-07, 3.65691412298e-05, 7.70923506934e-05, 4.68540056318e-05, 0.00053227879107, 0.000469876191346, 0.000139041512739, 6.35105243418e-05, 0.000158742259373, 2.86125141429e-05, 3.0921317375e-05, 7.77112945798e-05, 2.87068269245e-05, 5.77782084292e-05, 7.91929196566e-05, 9.57224983722e-05, 0.00013424520148, 0.000205415897653, 0.000297681835946, 0.000561822846066, 0.000252992118476, 0.000151161264512, 3.7445101043e-05, 1.89795555343e-05, 6.23938876743e-06, 2.53315192822e-07, 2.04278871596e-10]
        min: [1.80060532456e-11, 4.05530364844e-09, 1.42238825163e-08, 1.3207193561e-08, 2.55304044572e-08, 1.19746950134e-08, 2.36894193151e-09, 3.60482421691e-10, 1.50724588366e-09, 2.87127460696e-10, 9.4057261979e-10, 1.20342635856e-09, 6.31723340305e-10, 2.02279482053e-09, 8.17524936636e-10, 1.27594534938e-09, 3.45881490116e-10, 6.64507671111e-10, 4.96904739578e-09, 3.59625063062e-09, 1.1914553788e-09, 1.48708945158e-09, 2.35547553684e-10, 1.53164855798e-10, 3.29536786747e-10, 3.38006948819e-11, 1.87603540558e-13]
        var: [1.12555808857e-12, 2.86465784427e-08, 2.29194370149e-07, 3.19541122451e-08, 1.27280407014e-06, 3.36953405622e-07, 3.15402211015e-08, 7.25486293263e-09, 3.65364094534e-08, 2.28324381624e-09, 4.61254545669e-09, 1.65901283822e-08, 1.80380654857e-09, 8.20037548976e-09, 1.27820083407e-08, 1.19759464567e-08, 2.38265123187e-08, 4.1598614331e-08, 1.11230662014e-07, 5.97003122493e-07, 1.09783520941e-07, 4.12004439454e-08, 5.18339327016e-09, 8.08034250621e-10, 1.47957923691e-10, 1.19005648977e-13, 7.90687148761e-20]
    mfcc:
        mean: [-712.016662598, 69.241355896, -36.1773033142, 45.6302986145, -30.407377243, -13.6133508682, -18.3780479431, -15.681306839, -16.2940883636, -11.3949337006, -9.85556411743, -6.94626522064, -6.35032749176]
        cov: [[2923.03198242, -813.601623535, 107.875564575, -114.206748962, -136.572845459, -114.537132263, -37.6374435425, -31.5938301086, -46.3523292542, -45.0799751282, -58.1024131775, -59.3445472717, 68.8493728638], [-813.601623535, 768.738952637, -8.30959224701, 141.204345703, 133.074035645, 95.3612747192, 59.6087646484, 72.6806411743, 58.4525871277, 29.4383468628, 28.4677143097, 45.89012146, -45.6875228882], [107.875564575, -8.30959224701, 278.651306152, 68.7315673828, 47.9614486694, 64.4387741089, 90.3934020996, 55.4595146179, 61.26304245, 46.9666671753, 37.7550735474, 11.6402435303, 34.1733665466], [-114.206748962, 141.204345703, 68.7315673828, 122.955070496, 58.7435150146, 25.3823204041, 38.9375305176, 26.2890224457, 28.7568149567, 22.1196746826, 13.0139369965, 13.7880802155, -3.99146914482], [-136.572845459, 133.074035645, 47.9614486694, 58.7435150146, 120.333007812, 61.4809341431, 13.124007225, 19.7002086639, 26.0824279785, 13.1646633148, 8.70281219482, 6.15188646317, 2.2064769268], [-114.537132263, 95.3612747192, 64.4387741089, 25.3823204041, 61.4809341431, 105.839294434, 54.0596580505, 13.8550329208, 15.0558204651, 20.4623565674, 14.6797304153, 19.049785614, 15.6390047073], [-37.6374435425, 59.6087646484, 90.3934020996, 38.9375305176, 13.124007225, 54.0596580505, 111.211509705, 38.7745857239, 30.4345359802, 26.1556949615, 22.2895488739, 16.7690868378, 15.7749500275], [-31.5938301086, 72.6806411743, 55.4595146179, 26.2890224457, 19.7002086639, 13.8550329208, 38.7745857239, 84.4024810791, 46.603515625, 19.8355560303, 9.98949813843, 11.4521408081, 4.40695762634], [-46.3523292542, 58.4525871277, 61.26304245, 28.7568149567, 26.0824279785, 15.0558204651, 30.4345359802, 46.603515625, 83.386390686, 43.5204277039, 11.5248556137, 2.14721441269, 10.0857877731], [-45.0799751282, 29.4383468628, 46.9666671753, 22.1196746826, 13.1646633148, 20.4623565674, 26.1556949615, 19.8355560303, 43.5204277039, 67.0093383789, 31.2328510284, 8.08540534973, 3.60802912712], [-58.1024131775, 28.4677143097, 37.7550735474, 13.0139369965, 8.70281219482, 14.6797304153, 22.2895488739, 9.98949813843, 11.5248556137, 31.2328510284, 50.8655052185, 23.3022918701, 0.748609006405], [-59.3445472717, 45.89012146, 11.6402435303, 13.7880802155, 6.15188646317, 19.049785614, 16.7690868378, 11.4521408081, 2.14721441269, 8.08540534973, 23.3022918701, 50.9513893127, 21.0233879089], [68.8493728638, -45.6875228882, 34.1733665466, -3.99146914482, 2.2064769268, 15.6390047073, 15.7749500275, 4.40695762634, 10.0857877731, 3.60802912712, 0.748609006405, 21.0233879089, 58.616268158]]
        icov: [[0.000511554651894, 0.000498270906974, -0.000253767968388, -4.58921131212e-05, -4.71782595923e-06, 0.000248097698204, -3.29952490574e-05, -0.000240945402766, 0.000199994072318, 3.62830604672e-07, 0.000428592873504, 5.42911075172e-05, -0.000166070269188], [0.000498270906974, 0.00307727325708, 0.00123932247516, -0.00215727183968, -0.000975169532467, -0.00159444555175, -0.000305505585857, -0.00132700218819, -0.00136615487281, 0.000982550205663, 4.34209687228e-05, -0.00190505560022, 0.00244524865411], [-0.000253767968388, 0.00123932247516, 0.00781730283052, -0.0038375784643, 5.42479792784e-05, -0.00333626382053, -0.00205767038278, -0.00225765933283, -0.0026127723977, 0.00154930376448, -0.00560762966052, 0.0038981072139, -0.0029154731892], [-4.58921131212e-05, -0.00215727183968, -0.0038375784643, 0.0167714469135, -0.00813297647983, 0.00777372345328, -0.00536856381223, 0.00230897753499, 0.00165827176534, -0.00453700590879, 0.00576825113967, -0.00577672990039, 0.00324727338739], [-4.71782595923e-06, -0.000975169532467, 5.42479792784e-05, -0.00813297647983, 0.0200115200132, -0.0133393257856, 0.00859826337546, -0.00205345451832, -0.00414527440444, 0.00498124537989, -0.00519196037203, 0.00600229762495, -0.00237373495474], [0.000248097698204, -0.00159444555175, -0.00333626382053, 0.00777372345328, -0.0133393257856, 0.0252719223499, -0.0113429781049, 0.00417253468186, 0.00555822905153, -0.0073482436128, 0.00712241744623, -0.00666938489303, -0.000764310767408], [-3.29952490574e-05, -0.000305505585857, -0.00205767038278, -0.00536856381223, 0.00859826337546, -0.0113429781049, 0.0199118368328, -0.00537062389776, -0.00146841479, 0.00203642109409, -0.0051695285365, 0.00317695247941, -0.00256368773989], [-0.000240945402766, -0.00132700218819, -0.00225765933283, 0.00230897753499, -0.00205345451832, 0.00417253468186, -0.00537062389776, 0.0213470682502, -0.0100815426558, 0.00204198923893, 0.00256704119965, -0.00594519497827, 0.00323512591422], [0.000199994072318, -0.00136615487281, -0.0026127723977, 0.00165827176534, -0.00414527440444, 0.00555822905153, -0.00146841479, -0.0100815426558, 0.0299213528633, -0.0182371344417, 0.00726460758597, 0.00319965765812, -0.00510355643928], [3.62830604672e-07, 0.000982550205663, 0.00154930376448, -0.00453700590879, 0.00498124537989, -0.0073482436128, 0.00203642109409, 0.00204198923893, -0.0182371344417, 0.0357309952378, -0.0210405960679, 0.00583486026153, -0.000260748289293], [0.000428592873504, 4.34209687228e-05, -0.00560762966052, 0.00576825113967, -0.00519196037203, 0.00712241744623, -0.0051695285365, 0.00256704119965, 0.00726460758597, -0.0210405960679, 0.0447831638157, -0.0223833248019, 0.0101870950311], [5.42911075172e-05, -0.00190505560022, 0.0038981072139, -0.00577672990039, 0.00600229762495, -0.00666938489303, 0.00317695247941, -0.00594519497827, 0.00319965765812, 0.00583486026153, -0.0223833248019, 0.0408888347447, -0.0183582250029], [-0.000166070269188, 0.00244524865411, -0.0029154731892, 0.00324727338739, -0.00237373495474, -0.000764310767408, -0.00256368773989, 0.00323512591422, -0.00510355643928, -0.000260748289293, 0.0101870950311, -0.0183582250029, 0.0291703976691]]
    spectral_contrast:
        mean: [2.31826021491e-07, 9.43826421462e-08, 1.05506778425e-07, 4.97850123793e-07, 1.6937136138e-07, 8.84687437974e-07, 5.28204782313e-06, -1.37352827778e-07, -1.5522043384e-07, -2.13583302866e-06, 1.14352610581e-06, -4.29153442383e-06]
        var: [0.000214285202674, 0.000648180372082, 0.00116291339509, 0.00174288242124, 0.00286378222518, 0.00571954855695, 0.0301210284233, 0.0600571930408, 0.088747754693, 0.220017135143, 0.891404032707, 1.61114358902]

rhythm:
    beats_loudness:
        dmean: 0.00199793395586
        dmean2: 0.0035311456304
        dvar: 3.82694224754e-06
        dvar2: 1.1113374967e-05
        max: 0.0145651772618
        mean: 0.00874085072428
        min: 0.00529129942879
        var: 4.1362036427e-06
    beats_loudness_bass:
        dmean: 0.0380048304796
        dmean2: 0.0753799900413
        dvar: 0.010415898636
        dvar2: 0.0312660261989
        max: 0.3548566401
        mean: 0.0219363998622
        min: 0.000281401153188
        var: 0.00549809960648
    bpm: 132.717468262
    bpm_confidence: 0
    first_peak_bpm: 133
    first_peak_spread: 0
    first_peak_weight: 0.952380955219
    onset_rate: 4.47443199158
    second_peak_bpm: 126
    second_peak_spread: 0
    second_peak_weight: 0.047619048506
    beats_position: [0.117171108723, 0.569317042828, 1.02146291733, 1.47360873222, 1.92575466633, 2.37790060043, 2.83004641533, 3.28219246864, 3.73433852196, 4.18648433685, 4.63863039017, 5.09077644348, 5.5429224968, 6.0200843811, 6.47211503983, 6.92414665222, 7.37617778778, 7.82820940018, 8.28024101257, 8.73227119446, 9.18430233002, 9.63633441925]
    bpm_estimates: [132.837814331, 132.666564941, 132.867034912, 132.589233398, 132.651641846, 132.697967529, 132.653076172, 132.752090454, 132.589859009, 132.83694458, 132.631118774, 132.926696777, 133.066238403, 132.646774292, 132.636688232, 132.580856323, 132.729278564, 132.554779053]
    bpm_intervals: [0.452145934105, 0.4521458745, 0.452145814896, 0.452145934105, 0.452145934105, 0.452145814896, 0.452146053314, 0.452146053314, 0.452145814896, 0.452146053314, 0.452146053314, 0.452146053314, 0.477161884308, 0.452030658722, 0.452031612396, 0.452031135559, 0.452031612396, 0.452031612396, 0.452030181885, 0.452031135559, 0.452032089233]
    onset_times: [0.0696598663926, 0.452789127827, 0.568888902664, 0.789478480816, 1.01006805897, 1.35836732388, 1.47446715832, 1.70666670799, 1.91564631462, 2.27555561066, 2.38004541397, 2.61224484444, 2.83283448219, 3.1811337471, 3.28562355042, 3.52943301201, 3.73841261864, 4.09832191467, 4.20281171799, 4.43501138687, 4.57433128357, 4.65560102463, 5.00390005112, 5.10838985443, 5.34058952332, 5.56117916107, 5.9094786644, 6.01396846771, 6.24616765976, 6.46675729752, 6.81505680084, 6.93115663528, 7.16335582733, 7.37233543396, 7.72063493729, 7.83673477173, 8.06893444061, 8.28952407837, 8.63782310486, 8.74231338501, 8.97451210022, 9.19510173798, 9.54340171814, 9.64789104462, 9.8800907135]
    rubato_start: []
    rubato_stop: []
    perceptual_tempo: "unknown"

sfx:
    inharmonicity:
        dmean: 0.0667371451855
        dmean2: 0.11732263118
        dvar: 0.00434389756992
        dvar2: 0.0112438946962
        max: 0.437714487314
        mean: 0.0767601579428
        min: 0
        var: 0.00523100234568
    oddtoevenharmonicenergyratio:
        dmean: 11.5835103989
        dmean2: 22.6524887085
        dvar: 10946.9443359
        dvar2: 32721.7832031
        max: 1535.09399414
        mean: 6.9687795639
        min: 0
        var: 5538.64160156
    pitch_after_max_to_before_max_energy_ratio: 0.479711949825
    pitch_centroid: 215.838806152
    pitch_max_to_total: 0.701388895512
    pitch_min_to_total: 0.759259283543
    tristimulus:
        dmean: [0.177423760295, 0.244731783867, 0.171602547169]
        dmean2: [0.307850122452, 0.425306171179, 0.298015356064]
        dvar: [0.0291776098311, 0.0464683733881, 0.0192576888949]
        dvar2: [0.0766820758581, 0.139242365956, 0.0485983900726]
        max: [1, 0.987666666508, 0.719862043858]
        mean: [0.26316267252, 0.492323547602, 0.202719777822]
        min: [0.00124358350877, 0, 0]
        var: [0.0452626906335, 0.0584433488548, 0.0293764229864]

tonal:
    chords_changes_rate: 0.0230414755642
    chords_number_rate: 0.0138248847798
    chords_strength:
        dmean: 0.00482957111672
        dmean2: 0.0053971153684
        dvar: 1.38469858939e-05
        dvar2: 1.67655180121e-05
        max: 0.642766058445
        mean: 0.499769419432
        min: 0.392523407936
        var: 0.00557915167883
    key_strength: 0.81798517704
    tuning_diatonic_strength: 0.64948540926
    tuning_equal_tempered_deviation: 0.110905975103
    tuning_frequency: 442.804626465
    tuning_nontempered_energy_ratio: 0.674901247025
    hpcp:
        dmean: [0.128502815962, 0.112107612193, 0.148165792227, 0.14633589983, 0.174882531166, 0.241038203239, 0.235955521464, 0.166127309203, 0.0777427628636, 0.0575718730688, 0.0747582614422, 0.17800244689, 0.225733086467, 0.111685149372, 0.0858715251088, 0.0994207412004, 0.0751767233014, 0.0834064036608, 0.0752132460475, 0.06771735847, 0.144963726401, 0.144791677594, 0.0862797871232, 0.0704882442951, 0.0453015714884, 0.0624243766069, 0.169769972563, 0.206585243344, 0.173176407814, 0.0865259170532, 0.0755406990647, 0.0621932111681, 0.0639309063554, 0.0775196403265, 0.0631112903357, 0.109215818346]
        dmean2: [0.215776413679, 0.181424841285, 0.250200420618, 0.244988575578, 0.28321775794, 0.422946423292, 0.389966756105, 0.276086956263, 0.138432770967, 0.0969550907612, 0.125577628613, 0.295370012522, 0.369429737329, 0.18793772161, 0.146905839443, 0.168280750513, 0.122440867126, 0.140095070004, 0.129967823625, 0.116216987371, 0.248112082481, 0.251581251621, 0.144188329577, 0.120074518025, 0.08025829494, 0.109223917127, 0.264795511961, 0.347695440054, 0.295069754124, 0.149799779058, 0.122770525515, 0.102344326675, 0.109523773193, 0.133823543787, 0.111128009856, 0.178769156337]
        dvar: [0.0265217758715, 0.0156853552908, 0.0245942976326, 0.026220722124, 0.0350664183497, 0.0386239551008, 0.0460381694138, 0.0201752409339, 0.00831845961511, 0.00567069137469, 0.009869992733, 0.0300851073116, 0.041888255626, 0.0129792103544, 0.0133226355538, 0.0178311616182, 0.00547830853611, 0.0104418145493, 0.0139317791909, 0.0070639741607, 0.0242151021957, 0.0364262089133, 0.0108928252012, 0.0114887468517, 0.00956451334059, 0.00602004816756, 0.016992693767, 0.0395677164197, 0.0247911345214, 0.0176752768457, 0.0177878290415, 0.00619413657114, 0.00918897241354, 0.00871187821031, 0.0050308178179, 0.0149879110977]
        dvar2: [0.0646705254912, 0.0416299253702, 0.0608702935278, 0.069709315896, 0.0836411491036, 0.0926172062755, 0.0942816659808, 0.0547531731427, 0.0216085128486, 0.0122276181355, 0.0242517050356, 0.070279084146, 0.0965883359313, 0.0277444645762, 0.0320500582457, 0.0432860404253, 0.0151229333133, 0.029479233548, 0.0387358106673, 0.020770650357, 0.0640483647585, 0.0882590413094, 0.0248591247946, 0.029357271269, 0.0211897809058, 0.016904020682, 0.0354615114629, 0.078384116292, 0.0699708908796, 0.0452448241413, 0.0356351770461, 0.0145157212391, 0.0235275905579, 0.0223373118788, 0.0138158425689, 0.0374931953847]
        max: [1, 0.948371291161, 0.937920451164, 1, 1, 1, 1, 1, 0.596310019493, 0.743158817291, 0.635191202164, 1, 1, 0.976659476757, 0.908235132694, 1, 0.445867270231, 0.755479574203, 1, 0.729341208935, 0.908458828926, 1, 0.833427250385, 1, 1, 0.57230681181, 1, 1, 1, 1, 1, 0.72901725769, 0.918167591095, 0.788022994995, 0.570836246014, 0.855258047581]
        mean: [0.179945081472, 0.154351249337, 0.236622557044, 0.244251132011, 0.274635732174, 0.595466017723, 0.672066450119, 0.315635949373, 0.103986285627, 0.085136897862, 0.0971995666623, 0.29631537199, 0.394632965326, 0.191764429212, 0.117755435407, 0.142362535, 0.114044599235, 0.13156594336, 0.107481658459, 0.0863201618195, 0.203711807728, 0.238028436899, 0.137927547097, 0.0865429490805, 0.052861481905, 0.070298217237, 0.433968991041, 0.649975478649, 0.328023046255, 0.105489298701, 0.107600577176, 0.0944729223847, 0.109032735229, 0.124706059694, 0.110353127122, 0.169166460633]
        min: [0.00444577168673, 0.0102062793449, 0.0109577123076, 0.012253635563, 0.0104891825467, 0.0468532219529, 0.0536055527627, 0.0217911712825, 0.0049650692381, 0.00382428173907, 0.00530360033736, 0.0146920178086, 0.013050172478, 0.00937748793513, 0.00405945396051, 0.00214375532232, 0.00324227334931, 0.00938630662858, 0.00779567519203, 0.00604266161099, 0.00291425734758, 0.00275178696029, 0.00212142034434, 0.0014142076252, 0.000314718636218, 0.00193734117784, 0.0149441622198, 0.0188788995147, 0.00677888654172, 0.00148142513353, 0.00152663013432, 0.00446376902983, 0.0104002170265, 0.0142239453271, 0.0106100952253, 0.00800634734333]
        var: [0.0379312224686, 0.0190748404711, 0.035039037466, 0.0394134707749, 0.0563885569572, 0.0714346393943, 0.0905018225312, 0.0313709378242, 0.00926627404988, 0.00670034997165, 0.00962981022894, 0.0504797436297, 0.0807932391763, 0.0184229593724, 0.0197540912777, 0.027614492923, 0.00863638706505, 0.0105794593692, 0.0118966093287, 0.00642719352618, 0.0359018035233, 0.0718247145414, 0.0217862483114, 0.0120410481468, 0.00969722960144, 0.00602746289223, 0.0623093284667, 0.104916580021, 0.0378974117339, 0.0222271941602, 0.031334258616, 0.00967076979578, 0.00941997393966, 0.011217054911, 0.00606770347804, 0.0235642846674]
    chords_histogram: [47.9262657166, 0, 0, 0, 0, 0, 0, 0, 0, 0, 0, 0, 0, 0, 0, 0, 0, 50.2304153442, 0, 0, 0, 0, 1.84331798553, 0]
    thpcp: [1, 0.469649910927, 0.154726192355, 0.126679286361, 0.144627913833, 0.440901905298, 0.587193369865, 0.285335510969, 0.175213977695, 0.211828067899, 0.169692441821, 0.195763289928, 0.159927129745, 0.12843991816, 0.303112596273, 0.354173958302, 0.205229029059, 0.128771424294, 0.0786551386118, 0.104600101709, 0.645723342896, 0.967129766941, 0.488081276417, 0.156962603331, 0.160104081035, 0.140570804477, 0.162235051394, 0.185556143522, 0.164199724793, 0.251710921526, 0.267748951912, 0.229666650295, 0.352082073689, 0.363433003426, 0.408643722534, 0.886022508144]
    chords_key: "B"
    chords_scale: "minor"
    key_key: "B"
    key_scale: "major"
    chords_progression: ["Bm", "Bm", "Bm", "Bm", "Bm", "Bm", "Bm", "Bm", "Bm", "Bm", "Bm", "Bm", "Bm", "Bm", "Bm", "Bm", "Bm", "Bm", "Bm", "B", "B", "B", "B", "B", "B", "B", "B", "B", "B", "B", "B", "B", "B", "B", "B", "B", "B", "B", "B", "B", "B", "B", "B", "B", "B", "B", "B", "B", "B", "B", "B", "B", "B", "B", "B", "B", "B", "B", "B", "B", "B", "B", "B", "B", "B", "Bm", "Bm", "Bm", "Bm", "Bm", "Bm", "Bm", "Bm", "Bm", "Bm", "Bm", "Bm", "Bm", "Bm", "Bm", "Bm", "Bm", "Bm", "Bm", "Bm", "Bm", "Bm", "Bm", "Bm", "Bm", "Bm", "Bm", "Bm", "Bm", "Bm", "Bm", "Bm", "Bm", "Bm", "Bm", "Bm", "Bm", "Bm", "Bm", "Bm", "Bm", "Bm", "Bm", "Bm", "Bm", "Bm", "Bm", "Bm", "Bm", "Bm", "Bm", "Bm", "Bm", "Bm", "Bm", "Bm", "Bm", "Bm", "Bm", "Bm", "Bm", "Bm", "Bm", "Bm", "Bm", "Bm", "Bm", "Bm", "Bm", "Bm", "Bm", "Bm", "Bm", "Bm", "Bm", "Bm", "Bm", "Bm", "Bm", "Bm", "Bm", "Bm", "Bm", "Bm", "Bm", "Bm", "Bm", "Bm", "Bm", "Bm", "B", "B", "B", "B", "B", "B", "B", "B", "B", "B", "B", "B", "B", "B", "B", "B", "B", "B", "B", "B", "B", "B", "B", "B", "B", "B", "B", "B", "B", "B", "B", "B", "B", "B", "B", "B", "B", "B", "B", "B", "B", "B", "B", "B", "B", "B", "B", "B", "B", "B", "B", "B", "B", "B", "B", "B", "E", "E", "E", "E", "B", "B"]
