
metadata:
    version:
        essentia: "1.2.2"
    audio_properties:
        analysis_sample_rate: 44100
        bitrate: 128
        channels: 2
        equal_loudness: 1
        length: 10.0310201645
        replay_gain: -15.3368968964
        downmix: "mix"
    tags:
        track: 22
        year: 0
        album: "Splitted by Mp3Splt v. 2.1"
        artist: "From 003.30 To 003.40"
        comment: "http://mp3splt.sf.net"
        genre: ""
        title: "09 Believe Me Natalie.mp3"

highlevel:
    ballroom:
        all:
            ChaChaCha: 0.0281278844923
            Jive: 0.660417020321
            Quickstep: 0.042303070426
            Rumba-American: 0.00216992315836
            Rumba-International: 0.0085214227438
            Rumba-Misc: 0.00441865855828
            Samba: 0.054902151227
            Tango: 0.00796545017511
            VienneseWaltz: 0.178224384785
            Waltz: 0.0129500236362
        probability: 0.660417020321
        value: "Jive"
    culture:
        all:
            non_western: 0.00257719820365
            western: 0.997422814369
        probability: 0.997422814369
        value: "western"
    gender:
        all:
            female: 0.192462772131
            male: 0.807537198067
        probability: 0.807537198067
        value: "male"
    genre_dortmund:
        all:
            alternative: 0.0766970589757
            blues: 0.0111083788797
            electronic: 0.0333401784301
            folkcountry: 0.0207618027925
            funksoulrnb: 0.00709956185892
            jazz: 0.00808462779969
            pop: 0.0327087789774
            raphiphop: 0.00446762051433
            rock: 0.805732011795
        probability: 0.805732011795
        value: "rock"
    genre_electronica:
        all:
            ambient: 0.191720858216
            dnb: 0.480003446341
            house: 0.00554122030735
            techno: 0.0166946202517
            trance: 0.306039869785
        probability: 0.480003446341
        value: "dnb"
    genre_rosamerica:
        all:
            cla: 0.0245053563267
            dan: 0.00505187688395
            hip: 0.00342647335492
            jaz: 0.00356025458314
            pop: 0.01209848281
            rhy: 0.00532358186319
            roc: 0.945510625839
            spe: 0.000523342809174
        probability: 0.945510625839
        value: "roc"
    genre_tzanetakis:
        all:
            blu: 0.0320888720453
            cla: 0.0571366176009
            cou: 0.327181994915
            dis: 0.0346041172743
            hip: 0.0118869310245
            jaz: 0.0516208931804
            met: 0.152207478881
            pop: 0.0131945628673
            reg: 0.0143903158605
            roc: 0.305688232183
        probability: 0.327181994915
        value: "cou"
    live_studio:
        all:
            live: 0.0571322031319
            studio: 0.942867815495
        probability: 0.942867815495
        value: "studio"
    mood:
        all:
            Cluster1: 0.278230458498
            Cluster2: 0.075383938849
            Cluster3: 0.0593773573637
            Cluster4: 0.0457857325673
            Cluster5: 0.541222512722
        probability: 0.541222512722
        value: "Cluster5"
    mood_acoustic:
        all:
            acoustic: 0.00701213534921
            not_acoustic: 0.99298787117
        probability: 0.99298787117
        value: "not_acoustic"
    mood_aggressive:
        all:
            aggressive: 0.989436805248
            not_aggressive: 0.0105631658807
        probability: 0.989436805248
        value: "aggressive"
    mood_electronic:
        all:
            electronic: 0.149042487144
            not_electronic: 0.850957512856
        probability: 0.850957512856
        value: "not_electronic"
    mood_happy:
        all:
            happy: 0.562000691891
            not_happy: 0.437999278307
        probability: 0.562000691891
        value: "happy"
    mood_party:
        all:
            not_party: 0.618141949177
            party: 0.381858080626
        probability: 0.618141949177
        value: "not_party"
    mood_relaxed:
        all:
            not_relaxed: 0.638962626457
            relaxed: 0.361037373543
        probability: 0.638962626457
        value: "not_relaxed"
    mood_sad:
        all:
            not_sad: 0.954030096531
            sad: 0.0459698811173
        probability: 0.954030096531
        value: "not_sad"
    rhythm:
        all:
            fast: 0.908537685871
            medium: 0.0295275244862
            slow: 0.0619348064065
        probability: 0.908537685871
        value: "fast"
    speech_music:
        all:
            music: 0.999997437
            speech: 2.56390762843e-06
        probability: 0.999997437
        value: "music"
    timbre:
        all:
            bright: 0.875873267651
            dark: 0.124126732349
        probability: 0.875873267651
        value: "bright"
    voice_instrumental:
        all:
            instrumental: 0.979614377022
            voice: 0.0203856527805
        probability: 0.979614377022
        value: "instrumental"

lowlevel:
    average_loudness: 0.971707284451
    barkbands_kurtosis:
        dmean: 0.858415901661
        dmean2: 1.42478907108
        dvar: 1.2117651701
        dvar2: 3.02014923096
        max: 7.47778701782
        mean: -0.388422757387
        min: -1.80587923527
        var: 1.82844161987
    barkbands_skewness:
        dmean: 0.38897433877
        dmean2: 0.635336399078
        dvar: 0.121516607702
        dvar2: 0.297968387604
        max: 0.619765520096
        mean: -0.799173355103
        min: -2.60898828506
        var: 0.292114078999
    barkbands_spread:
        dmean: 5.96530103683
        dmean2: 9.92063713074
        dvar: 38.7983131409
        dvar2: 95.6396560669
        max: 54.7732505798
        mean: 31.1129550934
        min: 8.21103668213
        var: 74.5668563843
    dissonance:
        dmean: 0.0121106151491
        dmean2: 0.0205341558903
        dvar: 0.000113554939162
        dvar2: 0.000295968027785
        max: 0.499539941549
        mean: 0.477620303631
        min: 0.399332433939
        var: 0.000264432484983
    hfc:
        dmean: 3.07181549072
        dmean2: 4.84656572342
        dvar: 8.79849720001
        dvar2: 20.4558525085
        max: 35.652469635
        mean: 12.2862043381
        min: 4.68520920549e-06
        var: 26.6603546143
    pitch:
        dmean: 822.716491699
        dmean2: 1589.50756836
        dvar: 1221955.625
        dvar2: 3090146
        max: 3675
        mean: 1304.26611328
        min: 93.829788208
        var: 1562406.25
    pitch_instantaneous_confidence:
        dmean: 0.0949355661869
        dmean2: 0.156009659171
        dvar: 0.00512118078768
        dvar2: 0.0140383671969
        max: 0.765662610531
        mean: 0.458095312119
        min: 0.185946047306
        var: 0.0112539175898
    pitch_salience:
        dmean: 0.0566556677222
        dmean2: 0.0937038436532
        dvar: 0.00179617921822
        dvar2: 0.00463355192915
        max: 0.975011706352
        mean: 0.601557910442
        min: 0.425729244947
        var: 0.00403244327754
    silence_rate_20dB:
        dmean: 0
        dmean2: 0
        dvar: 0
        dvar2: 0
        max: 1
        mean: 1
        min: 1
        var: 0
    silence_rate_30dB:
        dmean: 0
        dmean2: 0
        dvar: 0
        dvar2: 0
        max: 1
        mean: 1
        min: 1
        var: 0
    silence_rate_60dB:
        dmean: 0.037037037313
        dmean2: 0.0719257518649
        dvar: 0.0356652848423
        dvar2: 0.0853137895465
        max: 1
        mean: 0.0438799075782
        min: 0
        var: 0.0419544018805
    spectral_centroid:
        dmean: 216.202911377
        dmean2: 348.158691406
        dvar: 40746.5390625
        dvar2: 98801.0546875
        max: 3281.45825195
        mean: 2089.50976562
        min: 1193.30334473
        var: 112093.617188
    spectral_complexity:
        dmean: 3.02320194244
        dmean2: 4.9697675705
        dvar: 8.01800251007
        dvar2: 19.2479248047
        max: 35
        mean: 18.7962970734
        min: 0
        var: 27.4631328583
    spectral_crest:
        dmean: 2.24466013908
        dmean2: 3.79220461845
        dvar: 3.77295732498
        dvar2: 10.8604726791
        max: 17.7955741882
        mean: 7.08186292648
        min: 3.11149907112
        var: 6.10080575943
    spectral_decrease:
        dmean: 2.53573828601e-10
        dmean2: 4.00959127012e-10
        dvar: 5.57910123336e-20
        dvar2: 1.36389184162e-19
        max: -4.99696711079e-16
        mean: -1.25467025658e-09
        min: -2.99369573575e-09
        var: 1.95732801517e-19
    spectral_energy:
        dmean: 0.00119875406381
        dmean2: 0.00189565680921
        dvar: 1.23347444969e-06
        dvar2: 2.96327129945e-06
        max: 0.0136175807565
        mean: 0.00584980798885
        min: 2.31093078007e-09
        var: 4.32186561738e-06
    spectral_energyband_high:
        dmean: 0.000145932193846
        dmean2: 0.000227838187129
        dvar: 3.69216728302e-08
        dvar2: 8.02183635074e-08
        max: 0.00216320459731
        mean: 0.000376814481569
        min: 7.75395303521e-11
        var: 1.03285010766e-07
    spectral_energyband_low:
        dmean: 0.000233684506384
        dmean2: 0.000405007245718
        dvar: 1.88700852277e-07
        dvar2: 5.27183374288e-07
        max: 0.00318402447738
        mean: 0.000351531052729
        min: 5.43856140678e-11
        var: 1.54624189008e-07
    spectral_energyband_middle_high:
        dmean: 0.0010285153985
        dmean2: 0.00163803144824
        dvar: 8.52887751535e-07
        dvar2: 2.16175430978e-06
        max: 0.0103871468455
        mean: 0.00388873158954
        min: 1.55644186428e-09
        var: 2.7756259442e-06
    spectral_energyband_middle_low:
        dmean: 0.000417636911152
        dmean2: 0.000677188683767
        dvar: 3.17006310979e-07
        dvar2: 7.50263154714e-07
        max: 0.00478871259838
        mean: 0.0012326890137
        min: 6.1706212362e-10
        var: 6.20092976078e-07
    spectral_flatness_db:
        dmean: 0.0133109446615
        dmean2: 0.0213353652507
        dvar: 0.000113964255434
        dvar2: 0.000265750073595
        max: 0.186837270856
        mean: 0.139209061861
        min: 0.0688121989369
        var: 0.000266400718829
    spectral_flux:
        dmean: 0.00777789298445
        dmean2: 0.0116391936317
        dvar: 4.53597713204e-05
        dvar2: 8.08631375548e-05
        max: 0.0824404731393
        mean: 0.0438670143485
        min: 4.80721428175e-05
        var: 0.000157689879416
    spectral_kurtosis:
        dmean: 0.82531028986
        dmean2: 1.31649243832
        dvar: 0.663027822971
        dvar2: 1.54352498055
        max: 11.3838281631
        mean: 3.48897457123
        min: 0.221108913422
        var: 1.77697014809
    spectral_rms:
        dmean: 0.000242064634222
        dmean2: 0.000378534634365
        dvar: 4.41112035787e-08
        dvar2: 9.85133539189e-08
        max: 0.0036449204199
        mean: 0.00235069077462
        min: 1.50152141032e-06
        var: 1.81382105779e-07
    spectral_rolloff:
        dmean: 261.645721436
        dmean2: 455.301940918
        dvar: 61378.9609375
        dvar2: 137114.3125
        max: 5167.96875
        mean: 3330.32373047
        min: 2648.58398438
        var: 168309.671875
    spectral_skewness:
        dmean: 0.125481873751
        dmean2: 0.198802739382
        dvar: 0.0166964456439
        dvar2: 0.0334227234125
        max: 2.86583304405
        mean: 1.3695486784
        min: 0.599018633366
        var: 0.0478568486869
    spectral_spread:
        dmean: 387341.6875
        dmean2: 536415.125
        dvar: 306807406592
        dvar2: 389353701376
        max: 13402467
        mean: 4547666
        min: 3086875.75
        var: 771566862336
    spectral_strongpeak:
        dmean: 1.33065891266
        dmean2: 2.29649329185
        dvar: 1.54267084599
        dvar2: 3.78854703903
        max: 8.7392911911
        mean: 1.92698574066
        min: 8.64885223564e-05
        var: 2.34078907967
    zerocrossingrate:
        dmean: 0.00621737260371
        dmean2: 0.00793854426593
        dvar: 4.06098879466e-05
        dvar2: 6.03367625445e-05
        max: 0.166015625
        mean: 0.111258044839
        min: 0.056640625
        var: 0.000179089445737
    barkbands:
        dmean: [2.51394965289e-07, 0.000113834939839, 0.000147445782204, 0.000119268996059, 0.000171170016984, 9.37361546676e-05, 0.000105626524601, 0.000122256329632, 9.76727969828e-05, 7.63143543736e-05, 5.39302491234e-05, 6.60263176542e-05, 5.40919281775e-05, 4.9660444347e-05, 0.000133383146022, 0.00012701684318, 0.000676001305692, 0.000311338779284, 0.000298485858366, 0.000136152099003, 7.33603010303e-05, 2.40929475694e-05, 7.75690932642e-06, 2.29820898312e-06, 7.12647761247e-07, 6.18502298266e-08, 9.98736648938e-10]
        dmean2: [3.27134699774e-07, 0.000203432224225, 0.00025332000223, 0.000201384376851, 0.000295101024676, 0.000155375339091, 0.000179604598088, 0.000195197659195, 0.000150029823999, 0.000119337688375, 8.56277838466e-05, 0.00010833471606, 8.70165677043e-05, 8.31810903037e-05, 0.000215640000533, 0.000206728844205, 0.00114789931104, 0.000517127860803, 0.000481429829961, 0.000212437429582, 0.000115663890028, 4.09420317737e-05, 1.26276872834e-05, 3.42444627677e-06, 1.06876677819e-06, 9.68260138734e-08, 1.204523703e-09]
        dvar: [4.36033631077e-12, 5.35797255452e-08, 7.20525505926e-08, 2.33020696072e-08, 4.58432474204e-08, 1.92136280219e-08, 5.6229200851e-08, 5.7388493957e-08, 2.48623042154e-08, 1.10896554162e-08, 1.20577592355e-08, 1.79218524465e-08, 8.03595501253e-09, 1.1197369254e-08, 3.69449502102e-08, 2.26516956303e-08, 4.06749563808e-07, 9.93431044094e-08, 1.59169260883e-07, 3.78819322577e-08, 5.59194690553e-09, 2.58440358003e-09, 8.82494841092e-11, 2.42486968005e-11, 6.18701650242e-13, 5.70148676467e-15, 2.41044612723e-16]
        dvar2: [4.38917435383e-12, 1.50292237322e-07, 2.0078697105e-07, 6.12521731114e-08, 1.32645965323e-07, 4.92637148852e-08, 1.63434606293e-07, 1.31767166067e-07, 5.76107694883e-08, 2.56129677467e-08, 3.18527924037e-08, 4.55933175658e-08, 2.12567794478e-08, 3.43710198081e-08, 8.8101060669e-08, 5.77619054809e-08, 1.13325711482e-06, 2.77722904229e-07, 3.90925009697e-07, 9.18570464137e-08, 1.29282300421e-08, 6.92553969728e-09, 2.14740503157e-10, 4.19873372182e-11, 1.37214480229e-12, 1.32448195681e-14, 2.41306928239e-16]
        max: [4.34027861047e-05, 0.00132115837187, 0.00211561494507, 0.00121070758905, 0.00176898913924, 0.00121378048789, 0.00176343857311, 0.0031315642409, 0.00174321979284, 0.00154196249787, 0.00182575336657, 0.00149437983055, 0.000868174654897, 0.00144732592162, 0.00310938875191, 0.00153004506137, 0.00524484319612, 0.00305742817, 0.00523828435689, 0.00206860713661, 0.000998922623694, 0.000728006009012, 8.87308633537e-05, 9.5983967185e-05, 1.49696888911e-05, 5.32866579306e-07, 3.2300397379e-07]
        mean: [4.18423155679e-07, 0.000147489728988, 0.000203674077056, 0.000221414302359, 0.000304250366753, 0.000146015823702, 0.000132844957989, 0.000197110595764, 0.000196000837605, 0.000140100557473, 0.000127473889734, 0.000103381076769, 9.57563897828e-05, 8.26083414722e-05, 0.000260118627921, 0.000280004343949, 0.00132624804974, 0.000708523322828, 0.000652936461847, 0.000281217769952, 0.000169298597029, 4.72862520837e-05, 1.69419599843e-05, 6.47263323117e-06, 2.12348459172e-06, 1.04303097714e-07, 9.70748148532e-10]
        min: [1.05806335915e-11, 2.449856637e-11, 2.43998675431e-11, 2.86984463971e-11, 8.30772117766e-11, 9.4568505804e-11, 9.668608969e-11, 1.20418439109e-10, 1.78342007828e-10, 5.59831452029e-11, 1.20370258899e-11, 1.85620581405e-11, 1.41899322154e-11, 1.27376081904e-10, 2.62520033489e-10, 3.19150650352e-10, 1.03908513738e-10, 1.29173449714e-10, 4.51589238226e-10, 1.00115103707e-10, 1.90224763025e-11, 1.90999716043e-11, 6.76763766555e-12, 5.95323269847e-12, 1.578896844e-12, 1.18694225455e-12, 2.99080557412e-14]
        var: [4.40533720614e-12, 4.14761878176e-08, 6.79297897932e-08, 4.55604372007e-08, 5.63015056798e-08, 2.47792328878e-08, 4.21228101288e-08, 9.308800486e-08, 7.85894656019e-08, 2.9668862922e-08, 7.60732774552e-08, 3.20461666092e-08, 2.06250749812e-08, 2.63301647152e-08, 1.18894568857e-07, 4.22448245274e-08, 6.00228361236e-07, 2.12568224356e-07, 2.88935211756e-07, 7.42581391933e-08, 1.850921727e-08, 3.69881592022e-09, 1.78711295762e-10, 9.83793671527e-11, 2.67116732379e-12, 9.70144527457e-15, 2.40692167608e-16]
    mfcc:
        mean: [-676.793457031, 91.2807540894, -52.7050056458, 56.2352256775, -0.477140069008, -9.38236141205, -5.72640562057, 9.20663928986, 1.98485553265, -4.29094171524, -4.99257183075, 0.841256797314, -5.5849275589]
        cov: [[1864.06542969, -71.2204055786, -22.1736106873, -30.0864524841, -100.316596985, 42.968788147, 51.4479980469, -13.6222915649, -13.2824411392, 16.9365615845, 19.7224559784, 43.8820152283, -6.98987817764], [-71.2204055786, 313.5597229, -82.1854705811, -28.0576686859, -37.6396942139, -69.1139678955, 34.3754615784, 38.7820549011, -18.6598529816, 1.57947230339, 37.0047340393, 4.8766617775, 28.6821250916], [-22.1736106873, -82.1854705811, 183.137664795, 41.7539329529, 32.1266593933, 34.8584899902, -45.5743217468, -5.80950307846, 17.3977069855, -31.3398780823, -27.0312976837, -2.02789497375, -15.1084356308], [-30.0864524841, -28.0576686859, 41.7539329529, 110.02041626, 59.19581604, 10.4285840988, -21.5952548981, -19.5108890533, 5.9351978302, -11.1349744797, -14.9749670029, -1.26927852631, 9.77391242981], [-100.316596985, -37.6396942139, 32.1266593933, 59.19581604, 116.84803009, 46.1846733093, -21.6225299835, -15.9139862061, 16.1548461914, -11.2879114151, -10.3816013336, -11.2926931381, -11.5771160126], [42.968788147, -69.1139678955, 34.8584899902, 10.4285840988, 46.1846733093, 91.4200897217, 10.8504638672, -8.11623287201, 13.5308866501, 7.35856771469, -5.34011411667, -4.57643318176, -18.3451824188], [51.4479980469, 34.3754615784, -45.5743217468, -21.5952548981, -21.6225299835, 10.8504638672, 101.023246765, 46.0131835938, -2.86312699318, 8.69136238098, 16.0771331787, 14.2533655167, 7.17989969254], [-13.6222915649, 38.7820549011, -5.80950307846, -19.5108890533, -15.9139862061, -8.11623287201, 46.0131835938, 75.9289321899, 19.8947963715, -4.85723495483, 6.27681541443, 10.101849556, 5.6238117218], [-13.2824411392, -18.6598529816, 17.3977069855, 5.9351978302, 16.1548461914, 13.5308866501, -2.86312699318, 19.8947963715, 60.4272270203, 16.0071220398, -4.78103399277, -12.578792572, -6.60026979446], [16.9365615845, 1.57947230339, -31.3398780823, -11.1349744797, -11.2879114151, 7.35856771469, 8.69136238098, -4.85723495483, 16.0071220398, 67.8416595459, 20.9196472168, -3.11837363243, 0.493266284466], [19.7224559784, 37.0047340393, -27.0312976837, -14.9749670029, -10.3816013336, -5.34011411667, 16.0771331787, 6.27681541443, -4.78103399277, 20.9196472168, 43.3305587769, 15.1969385147, 1.20880484581], [43.8820152283, 4.8766617775, -2.02789497375, -1.26927852631, -11.2926931381, -4.57643318176, 14.2533655167, 10.101849556, -12.578792572, -3.11837363243, 15.1969385147, 50.6490592957, 14.1219110489], [-6.98987817764, 28.6821250916, -15.1084356308, 9.77391242981, -11.5771160126, -18.3451824188, 7.17989969254, 5.6238117218, -6.60026979446, 0.493266284466, 1.20880484581, 14.1219110489, 45.2570495605]]
        icov: [[0.000622311781626, 9.30476307985e-05, 0.000157679751283, -0.00030972334207, 0.000971945817582, -0.000650131725706, -0.000191432118299, 0.000389979453757, -0.000253511680057, 0.000244520953856, -0.000191194820218, -0.000471980310977, 0.000236425956246], [9.30476307985e-05, 0.00499638961628, 0.000963471888099, 0.00019620078092, -0.000469272345072, 0.00263563869521, -0.000259385386016, -0.0021205174271, 0.00115342834033, 0.000965997751337, -0.00409934157506, 0.00226104166359, -0.00205824384466], [0.000157679751283, 0.000963471888099, 0.00923955067992, -0.00329294987023, 0.00248668016866, -0.00431893300265, 0.00496053788811, -0.00292078009807, -0.00153010536451, 0.00370031991042, 0.00090861634817, -0.00153518712614, 0.00186206796207], [-0.00030972334207, 0.00019620078092, -0.00329294987023, 0.0159789845347, -0.00927848182619, 0.00422613508999, -0.00205680704676, 0.00389145733789, -0.00078454380855, -0.00097000063397, 0.00280506978743, -0.000950543675572, -0.00542222522199], [0.000971945817582, -0.000469272345072, 0.00248668016866, -0.00927848182619, 0.0190078113228, -0.0101855415851, 0.00352557492442, 0.000120367010823, -0.00346407247707, 0.00495540583506, -0.00290407822467, 0.000944913015701, 0.00266430480406], [-0.000650131725706, 0.00263563869521, -0.00431893300265, 0.00422613508999, -0.0101855415851, 0.0220052991062, -0.00807382911444, 0.00408965488896, -0.000951693917159, -0.00421441858634, 0.00145072373562, -0.000332949915901, 0.00293411221355], [-0.000191432118299, -0.000259385386016, 0.00496053788811, -0.00205680704676, 0.00352557492442, -0.00807382911444, 0.0202574394643, -0.013402746059, 0.00466846209019, -0.000614473421592, -0.00194562529214, -0.000727698032279, -0.000717601389624], [0.000389979453757, -0.0021205174271, -0.00292078009807, 0.00389145733789, 0.000120367010823, 0.00408965488896, -0.013402746059, 0.028201892972, -0.0134423309937, 0.00553450360894, -1.68149290403e-05, -0.00439326232299, -0.000750392093323], [-0.000253511680057, 0.00115342834033, -0.00153010536451, -0.00078454380855, -0.00346407247707, -0.000951693917159, 0.00466846209019, -0.0134423309937, 0.0272735469043, -0.00994545780122, 0.00300783407874, 0.00556813692674, 0.000814475817606], [0.000244520953856, 0.000965997751337, 0.00370031991042, -0.00097000063397, 0.00495540583506, -0.00421441858634, -0.000614473421592, 0.00553450360894, -0.00994545780122, 0.024424944073, -0.0128084095195, 0.00319503759965, -0.00253213453107], [-0.000191194820218, -0.00409934157506, 0.00090861634817, 0.00280506978743, -0.00290407822467, 0.00145072373562, -0.00194562529214, -1.68149290403e-05, 0.00300783407874, -0.0128084095195, 0.0392381176353, -0.0127684287727, 0.005936388392], [-0.000471980310977, 0.00226104166359, -0.00153518712614, -0.000950543675572, 0.000944913015701, -0.000332949915901, -0.000727698032279, -0.00439326232299, 0.00556813692674, 0.00319503759965, -0.0127684287727, 0.029026851058, -0.008984150365], [0.000236425956246, -0.00205824384466, 0.00186206796207, -0.00542222522199, 0.00266430480406, 0.00293411221355, -0.000717601389624, -0.000750392093323, 0.000814475817606, -0.00253213453107, 0.005936388392, -0.008984150365, 0.0300988033414]]
    spectral_contrast:
        mean: [1.28272441557e-08, -3.05085762875e-07, 1.96974724531e-07, -5.90827141878e-07, 2.64599094635e-07, -4.82278494474e-07, -1.73770990841e-06, 4.70697330002e-07, 2.18177842726e-06, -1.46528080336e-07, 4.41791826233e-07, -2.28705221161e-06]
        var: [0.000276282167761, 0.000734359025955, 0.00136591994669, 0.00177878444083, 0.00265675946139, 0.00358989834785, 0.0338290333748, 0.0615209564567, 0.0923089459538, 0.153824105859, 0.182434752584, 0.831627428532]

rhythm:
    beats_loudness:
        dmean: 0.00219466886483
        dmean2: 0.00365513446741
        dvar: 3.49958531842e-06
        dvar2: 9.52069240157e-06
        max: 0.0105190481991
        mean: 0.00620490079746
        min: 0.003234870499
        var: 5.81610311201e-06
    beats_loudness_bass:
        dmean: 0.0574334077537
        dmean2: 0.121919684112
        dvar: 0.00311713037081
        dvar2: 0.0105274422094
        max: 0.174645900726
        mean: 0.0593328773975
        min: 0.0187477767467
        var: 0.0024177422747
    bpm: 96.269241333
    bpm_confidence: 0
    first_peak_bpm: 96
    first_peak_spread: 0
    first_peak_weight: 0.933333396912
    onset_rate: 3.38948559761
    second_peak_bpm: 68
    second_peak_spread: 0
    second_peak_weight: 0.0666666701436
    beats_position: [0.238305956125, 0.863994300365, 1.48968267441, 2.11537098885, 2.7410595417, 3.36674785614, 3.99243617058, 4.61812448502, 5.24381303787, 6.11987352371, 6.74027061462, 7.36066818237, 7.98106575012, 8.60146331787, 9.22186088562, 9.84225749969]
    bpm_estimates: [95.9620056152, 96.3484802246, 94.8886795044, 96.4593429565, 96.1012802124, 95.623878479, 96.4451599121, 96.2430953979, 96.092414856, 97.4836425781, 97.3136291504]
    bpm_intervals: [0.625688314438, 0.625688374043, 0.625688314438, 0.625688552856, 0.625688314438, 0.625688314438, 0.625688314438, 0.625688552856, 0.87606048584, 0.620397090912, 0.620397567749, 0.620397567749, 0.620397567749, 0.620397567749, 0.620396614075]
    onset_times: [0.0464399084449, 0.150929704309, 0.777868509293, 1.16099774837, 1.27709746361, 1.5673469305, 1.764716506, 2.06657600403, 2.22911572456, 2.50775504112, 2.63546490669, 3.30884361267, 3.76163268089, 4.55111122131, 4.72526073456, 5.02712011337, 5.1780500412, 5.47990942001, 5.64244890213, 5.79337882996, 6.11845827103, 6.25777769089, 6.42031764984, 6.73378705978, 7.04725646973, 7.20979595184, 7.51165533066, 7.67419481277, 8.3011341095, 8.75392246246, 8.90485286713, 9.21832180023, 9.55501174927, 9.71755123138]
    rubato_start: []
    rubato_stop: []
    perceptual_tempo: "unknown"

sfx:
    inharmonicity:
        dmean: 0.0711326003075
        dmean2: 0.128031268716
        dvar: 0.00471423659474
        dvar2: 0.0133297219872
        max: 0.426025211811
        mean: 0.0795999914408
        min: 0
        var: 0.00490849837661
    oddtoevenharmonicenergyratio:
        dmean: 5.04525089264
        dmean2: 9.49798679352
        dvar: 144.555099487
        dvar2: 413.215454102
        max: 94.9077987671
        mean: 3.16224551201
        min: 0
        var: 84.7717208862
    pitch_after_max_to_before_max_energy_ratio: 12.8272390366
    pitch_centroid: 260.089202881
    pitch_max_to_total: 0.125
    pitch_min_to_total: 0.421296298504
    tristimulus:
        dmean: [0.15052703023, 0.30218103528, 0.174688383937]
        dmean2: [0.256094396114, 0.536582291126, 0.315163195133]
        dvar: [0.0168599467725, 0.0639065504074, 0.0280275214463]
        dvar2: [0.04751586169, 0.18139514327, 0.0730424970388]
        max: [1, 0.963903903961, 0.679419338703]
        mean: [0.253764629364, 0.413565576077, 0.165525883436]
        min: [0.00518104247749, 0, 0]
        var: [0.0235567949712, 0.0814396366477, 0.0335980914533]

tonal:
    chords_changes_rate: 0.0277777779847
    chords_number_rate: 0.0138888889924
    chords_strength:
        dmean: 0.00864431913942
        dmean2: 0.00726836640388
        dvar: 4.35380388808e-05
        dvar2: 3.79022494599e-05
        max: 0.657990157604
        mean: 0.522438049316
        min: 0.319688439369
        var: 0.00482747517526
    key_strength: 0.650057315826
    tuning_diatonic_strength: 0.580804109573
    tuning_equal_tempered_deviation: 0.0257893186063
    tuning_frequency: 440.254241943
    tuning_nontempered_energy_ratio: 0.663370728493
    hpcp:
        dmean: [0.217381626368, 0.165539458394, 0.117147631943, 0.101164467633, 0.0697681307793, 0.0567184463143, 0.0768841505051, 0.0940822809935, 0.127253547311, 0.132244735956, 0.0896492898464, 0.0669072419405, 0.0732775703073, 0.0780643746257, 0.151545241475, 0.16337902844, 0.146043553948, 0.157404139638, 0.130309686065, 0.068795375526, 0.136925503612, 0.211069792509, 0.202017679811, 0.138513714075, 0.158603653312, 0.120419792831, 0.111734285951, 0.135034412146, 0.106650270522, 0.148611590266, 0.167308688164, 0.11274407804, 0.0773251280189, 0.0651260018349, 0.0872047841549, 0.175401389599]
        dmean2: [0.353146314621, 0.264573633671, 0.201328516006, 0.184914901853, 0.121190302074, 0.0890525504947, 0.123239532113, 0.152232661843, 0.217756718397, 0.222059369087, 0.148547634482, 0.113506413996, 0.122832745314, 0.133256927133, 0.257073432207, 0.274849712849, 0.24099624157, 0.263921409845, 0.224082142115, 0.116494633257, 0.23405277729, 0.350710868835, 0.340991556644, 0.227101713419, 0.257131010294, 0.206048250198, 0.185534015298, 0.219420477748, 0.175386071205, 0.260058134794, 0.283390939236, 0.187663316727, 0.135049462318, 0.111658170819, 0.148963198066, 0.290470004082]
        dvar: [0.0324663370848, 0.0169137939811, 0.0262521840632, 0.0286203902215, 0.0107951695099, 0.00476419040933, 0.00956074241549, 0.0183108225465, 0.0255191624165, 0.0176043082029, 0.00982555001974, 0.00837558507919, 0.0100976489484, 0.00846399087459, 0.0256150066853, 0.033132404089, 0.0222508870065, 0.0294534787536, 0.0225700009614, 0.00993040855974, 0.0186480395496, 0.0384775102139, 0.0267498586327, 0.0237200353295, 0.030479086563, 0.0185635183007, 0.0158386509866, 0.0224329773337, 0.0152083076537, 0.0339494310319, 0.0353634059429, 0.0208251997828, 0.01409297809, 0.0111240120605, 0.0162995588034, 0.0327907502651]
        dvar2: [0.0776664316654, 0.0455447994173, 0.0681110993028, 0.0808655694127, 0.0301792044193, 0.0111605906859, 0.0215977691114, 0.0475879684091, 0.0721226632595, 0.0451237522066, 0.0262347757816, 0.0231884997338, 0.0267000887543, 0.0224507320672, 0.0629259645939, 0.0724321231246, 0.0560615696013, 0.0640175119042, 0.0529710240662, 0.0292528010905, 0.0536088943481, 0.0991358160973, 0.0762467905879, 0.0652600228786, 0.0771938562393, 0.0473437570035, 0.0381081290543, 0.0591254867613, 0.0406793877482, 0.0972816646099, 0.0934313237667, 0.0572143308818, 0.0363202765584, 0.0281069017947, 0.0406644307077, 0.0863187462091]
        max: [1, 1, 1, 0.944871246815, 0.835973083973, 0.710489094257, 0.757679879665, 1, 1, 1, 0.975202262402, 0.626770436764, 0.82668453455, 0.775828361511, 1, 1, 1, 1, 1, 0.809707939625, 1, 1, 1, 0.964914560318, 1, 1, 1, 1, 0.847517907619, 1, 1, 0.926862776279, 0.98431545496, 1, 0.800754964352, 1]
        mean: [0.538015961647, 0.377951562405, 0.16258585453, 0.108735710382, 0.0866524502635, 0.105627253652, 0.137943968177, 0.138755828142, 0.209625720978, 0.261837542057, 0.158609136939, 0.113968960941, 0.128078788519, 0.121857106686, 0.299228072166, 0.48638471961, 0.3892801404, 0.311503559351, 0.224711596966, 0.0982018783689, 0.359033435583, 0.690132200718, 0.478864639997, 0.256371766329, 0.307768106461, 0.218996793032, 0.189554318786, 0.219144627452, 0.152286827564, 0.189549610019, 0.255758374929, 0.168793842196, 0.0954053252935, 0.0787325799465, 0.0983375906944, 0.325194984674]
        min: [0.052566293627, 0.0667968690395, 0.0165883116424, 0.00918366573751, 0.00768386386335, 0.0116023737937, 0.0170904509723, 0.0162828490138, 0.00989047531039, 0.0102960374206, 0.021143425256, 0.0150809986517, 0.0116925304756, 0.00839105527848, 0.0207651555538, 0.0227472465485, 0.0240433644503, 0.0195652861148, 0.0137011995539, 0.0128304390237, 0.0525528937578, 0.124817721546, 0.0429304912686, 0.0132504310459, 0.00815445464104, 0.0123286927119, 0.0232792049646, 0.0274524800479, 0.0170516520739, 0.0108061237261, 0.0155621748418, 0.010950489901, 0.00622077239677, 0.00579220848158, 0.00757103972137, 0.03909515962]
        var: [0.0847932994366, 0.0403789952397, 0.0255494546145, 0.0189996752888, 0.00965312123299, 0.00869170669466, 0.0148341944441, 0.0214084479958, 0.034408301115, 0.0473063625395, 0.0154120819643, 0.009296618402, 0.0128273405135, 0.0118531212211, 0.058587744832, 0.121235437691, 0.083959646523, 0.0715785473585, 0.0412667058408, 0.00928656570613, 0.0354079529643, 0.0835158154368, 0.0489923283458, 0.0486127361655, 0.0876768529415, 0.0399002805352, 0.0271549336612, 0.0328647196293, 0.0168809145689, 0.0317976213992, 0.0493105724454, 0.0242073368281, 0.016449816525, 0.0120869157836, 0.0146608604118, 0.0501970350742]
    chords_histogram: [67.592590332, 0, 30.0925922394, 0, 0, 0, 0, 2.31481480598, 0, 0, 0, 0, 0, 0, 0, 0, 0, 0, 0, 0, 0, 0, 0, 0]
    thpcp: [1, 0.693873763084, 0.371482104063, 0.445955276489, 0.317325860262, 0.274663776159, 0.317540079355, 0.220663264394, 0.274656951427, 0.370593309402, 0.244581893086, 0.138242095709, 0.114083327353, 0.142490953207, 0.471206784248, 0.779583930969, 0.547650933266, 0.235586538911, 0.157557800412, 0.125559210777, 0.15305365622, 0.199880495667, 0.201056882739, 0.303747206926, 0.379402011633, 0.229824274778, 0.165140762925, 0.185585871339, 0.176570668817, 0.43358078599, 0.704770386219, 0.564066052437, 0.451367944479, 0.325606584549, 0.142294302583, 0.520238637924]
    chords_key: "D"
    chords_scale: "minor"
    key_key: "D"
    key_scale: "minor"
    chords_progression: ["Dm", "Dm", "Dm", "Dm", "Dm", "Dm", "D", "D", "D", "D", "Dm", "Dm", "Dm", "Dm", "Dm", "Dm", "Dm", "D", "Dm", "Dm", "Dm", "Dm", "Dm", "Dm", "Dm", "Dm", "Dm", "Dm", "Dm", "Dm", "Dm", "Dm", "Dm", "Dm", "Dm", "Dm", "Dm", "Dm", "Dm", "Dm", "Dm", "Dm", "Dm", "Dm", "Dm", "Dm", "Dm", "Dm", "Dm", "Dm", "Dm", "Dm", "Dm", "Dm", "Dm", "Dm", "Dm", "Dm", "Dm", "Dm", "Dm", "Dm", "Dm", "Dm", "Dm", "Dm", "Dm", "Dm", "Dm", "Dm", "Dm", "Dm", "Am", "Am", "Am", "Am", "Am", "Am", "Am", "Am", "Am", "Am", "Am", "Am", "Am", "Am", "Am", "Am", "Am", "Am", "Am", "Am", "Am", "Am", "Am", "Am", "Am", "Am", "Am", "Am", "Am", "Am", "Am", "Am", "Am", "Am", "Am", "Am", "Am", "Am", "Am", "Am", "Am", "Am", "Am", "Am", "Am", "Am", "Am", "Am", "Am", "Am", "Am", "Am", "Am", "Am", "Am", "Am", "Am", "Am", "Am", "Am", "Am", "Am", "Am", "Am", "Am", "Dm", "Dm", "Dm", "Dm", "Dm", "Dm", "Dm", "Dm", "Dm", "Dm", "Dm", "Dm", "Dm", "Dm", "Dm", "Dm", "Dm", "Dm", "Dm", "Dm", "Dm", "Dm", "Dm", "Dm", "Dm", "Dm", "Dm", "Dm", "Dm", "Dm", "Dm", "Dm", "Dm", "Dm", "Dm", "Dm", "Dm", "Dm", "Dm", "Dm", "Dm", "Dm", "Dm", "Dm", "Dm", "Dm", "Dm", "Dm", "Dm", "Dm", "Dm", "Dm", "Dm", "Dm", "Dm", "Dm", "Dm", "Dm", "Dm", "Dm", "Dm", "Dm", "Dm", "Dm", "Dm", "Dm", "Dm", "Dm", "Dm", "Dm", "Dm", "Dm", "Dm", "Dm", "Dm", "Dm", "Dm", "Dm", "Dm"]
