
metadata:
    version:
        essentia: "1.2.2"
    audio_properties:
        analysis_sample_rate: 44100
        bitrate: 128
        channels: 2
        equal_loudness: 1
        length: 10.0048980713
        replay_gain: -12.1984500885
        downmix: "mix"
    tags:
        track: 19
        year: 0
        album: "Splitted by Mp3Splt v. 2.1"
        artist: "From 003.00 To 003.10"
        comment: "http://mp3splt.sf.net"
        genre: ""
        title: "07 Intervention.mp3"

highlevel:
    ballroom:
        all:
            ChaChaCha: 0.0368556976318
            Jive: 0.198258116841
            Quickstep: 0.0402355194092
            Rumba-American: 0.0474190339446
            Rumba-International: 0.102533452213
            Rumba-Misc: 0.153780534863
            Samba: 0.0810395404696
            Tango: 0.0204852558672
            VienneseWaltz: 0.109633035958
            Waltz: 0.209759816527
        probability: 0.209759816527
        value: "Waltz"
    culture:
        all:
            non_western: 0.168540805578
            western: 0.831459164619
        probability: 0.831459164619
        value: "western"
    gender:
        all:
            female: 0.458466470242
            male: 0.541533529758
        probability: 0.541533529758
        value: "male"
    genre_dortmund:
        all:
            alternative: 0.0608641095459
            blues: 0.0147545151412
            electronic: 0.242311641574
            folkcountry: 0.094919167459
            funksoulrnb: 0.0249610058963
            jazz: 0.0328921303153
            pop: 0.296223461628
            raphiphop: 0.0751762315631
            rock: 0.157897725701
        probability: 0.296223461628
        value: "pop"
    genre_electronica:
        all:
            ambient: 0.0801471248269
            dnb: 0.0902690514922
            house: 0.0711725354195
            techno: 0.0664579570293
            trance: 0.691953361034
        probability: 0.691953361034
        value: "trance"
    genre_rosamerica:
        all:
            cla: 0.00184795737732
            dan: 0.80399620533
            hip: 0.0064235040918
            jaz: 0.00479949684814
            pop: 0.0432353951037
            rhy: 0.132415875793
            roc: 0.00366156105883
            spe: 0.0036199723836
        probability: 0.80399620533
        value: "dan"
    genre_tzanetakis:
        all:
            blu: 0.00275908410549
            cla: 0.00244608498178
            cou: 0.0130613148212
            dis: 0.064205929637
            hip: 0.0372812375426
            jaz: 0.0108880847692
            met: 0.00957851856947
            pop: 0.737403094769
            reg: 0.0497024394572
            roc: 0.0726742148399
        probability: 0.737403094769
        value: "pop"
    live_studio:
        all:
            live: 0.943763911724
            studio: 0.0562360621989
        probability: 0.943763911724
        value: "live"
    mood:
        all:
            Cluster1: 3.53369318873e-06
            Cluster2: 4.22869788963e-06
            Cluster3: 0.997563898563
            Cluster4: 0.00242583546788
            Cluster5: 2.51549454333e-06
        probability: 0.997563898563
        value: "Cluster3"
    mood_acoustic:
        all:
            acoustic: 0.0520513765514
            not_acoustic: 0.947948634624
        probability: 0.947948634624
        value: "not_acoustic"
    mood_aggressive:
        all:
            aggressive: 0.0166625995189
            not_aggressive: 0.983337402344
        probability: 0.983337402344
        value: "not_aggressive"
    mood_electronic:
        all:
            electronic: 0.809636175632
            not_electronic: 0.190363824368
        probability: 0.809636175632
        value: "electronic"
    mood_happy:
        all:
            happy: 0.491782993078
            not_happy: 0.508217036724
        probability: 0.508217036724
        value: "not_happy"
    mood_party:
        all:
            not_party: 0.311715215445
            party: 0.688284754753
        probability: 0.688284754753
        value: "party"
    mood_relaxed:
        all:
            not_relaxed: 0.259623497725
            relaxed: 0.740376472473
        probability: 0.740376472473
        value: "relaxed"
    mood_sad:
        all:
            not_sad: 0.432170271873
            sad: 0.567829728127
        probability: 0.567829728127
        value: "sad"
    rhythm:
        all:
            fast: 0.642715930939
            medium: 0.310824424028
            slow: 0.0464596748352
        probability: 0.642715930939
        value: "fast"
    speech_music:
        all:
            music: 0.999999880791
            speech: 1.00000008274e-07
        probability: 0.999999880791
        value: "music"
    timbre:
        all:
            bright: 0.198520466685
            dark: 0.801479518414
        probability: 0.801479518414
        value: "dark"
    voice_instrumental:
        all:
            instrumental: 0.00232235807925
            voice: 0.997677624226
        probability: 0.997677624226
        value: "voice"

lowlevel:
    average_loudness: 0.956916928291
    barkbands_kurtosis:
        dmean: 1.88067936897
        dmean2: 2.82011389732
        dvar: 6.66519165039
        dvar2: 13.5269393921
        max: 29.4939155579
        mean: 1.22421550751
        min: -1.86320531368
        var: 17.2263813019
    barkbands_skewness:
        dmean: 0.620604872704
        dmean2: 0.891043841839
        dvar: 0.398451268673
        dvar2: 0.717413783073
        max: 5.00328159332
        mean: 0.882405161858
        min: -4.04709434509
        var: 1.69338774681
    barkbands_spread:
        dmean: 9.02185058594
        dmean2: 13.1586856842
        dvar: 64.8476409912
        dvar2: 142.288650513
        max: 90.5186767578
        mean: 36.1687316895
        min: 3.71660041809
        var: 235.632507324
    dissonance:
        dmean: 0.0194921474904
        dmean2: 0.0307890158147
        dvar: 0.000285392452497
        dvar2: 0.000669188506436
        max: 0.499136328697
        mean: 0.453181117773
        min: 0.367818802595
        var: 0.000714845838957
    hfc:
        dmean: 3.76149153709
        dmean2: 5.74733829498
        dvar: 65.7381591797
        dvar2: 125.241996765
        max: 88.0118484497
        mean: 7.97422409058
        min: 0.0546612069011
        var: 102.372047424
    pitch:
        dmean: 697.382568359
        dmean2: 1352.28076172
        dvar: 2243376
        dvar2: 4968911.5
        max: 6300
        mean: 1312.01342773
        min: 87.6739578247
        var: 3562993.25
    pitch_instantaneous_confidence:
        dmean: 0.0970897600055
        dmean2: 0.144540384412
        dvar: 0.00642836559564
        dvar2: 0.014025718905
        max: 0.832990288734
        mean: 0.471475601196
        min: 0.166696310043
        var: 0.0222132615745
    pitch_salience:
        dmean: 0.0698219314218
        dmean2: 0.108235470951
        dvar: 0.0044658863917
        dvar2: 0.00898750964552
        max: 0.812143743038
        mean: 0.551585197449
        min: 0.215956330299
        var: 0.0139491753653
    silence_rate_20dB:
        dmean: 0
        dmean2: 0
        dvar: 0
        dvar2: 0
        max: 1
        mean: 1
        min: 1
        var: 0
    silence_rate_30dB:
        dmean: 0
        dmean2: 0
        dvar: 0
        dvar2: 0
        max: 1
        mean: 1
        min: 1
        var: 0
    silence_rate_60dB:
        dmean: 0.162412986159
        dmean2: 0.325581401587
        dvar: 0.136035487056
        dvar2: 0.261438548565
        max: 1
        mean: 0.328703701496
        min: 0
        var: 0.22065795958
    spectral_centroid:
        dmean: 481.103057861
        dmean2: 701.090515137
        dvar: 451913.21875
        dvar2: 699287.5625
        max: 7473.63134766
        mean: 1610.35803223
        min: 299.384094238
        var: 1530642.125
    spectral_complexity:
        dmean: 3.01395344734
        dmean2: 4.73659658432
        dvar: 14.771905899
        dvar2: 31.6065940857
        max: 38
        mean: 9.51044082642
        min: 0
        var: 31.6373691559
    spectral_crest:
        dmean: 2.38343334198
        dmean2: 3.6835873127
        dvar: 4.58474636078
        dvar2: 9.54470920563
        max: 22.9555835724
        mean: 9.89451885223
        min: 3.05276799202
        var: 16.3749141693
    spectral_decrease:
        dmean: 3.10561631967e-10
        dmean2: 4.6828163569e-10
        dvar: 1.37774737538e-19
        dvar2: 2.68807901384e-19
        max: -1.13107752331e-11
        mean: -9.92885329509e-10
        min: -3.52724827124e-09
        var: 3.52937055217e-19
    spectral_energy:
        dmean: 0.00144091784023
        dmean2: 0.0021900983993
        dvar: 3.68364658243e-06
        dvar2: 7.01344242771e-06
        max: 0.0193229261786
        mean: 0.00447066267952
        min: 4.76473687741e-05
        var: 7.47733656681e-06
    spectral_energyband_high:
        dmean: 0.00053592142649
        dmean2: 0.000834622362163
        dvar: 1.72146542354e-06
        dvar2: 3.41628901879e-06
        max: 0.0166860166937
        mean: 0.000905022956431
        min: 1.80879726486e-06
        var: 2.46514878199e-06
    spectral_energyband_low:
        dmean: 0.000108942251245
        dmean2: 0.000171217121533
        dvar: 3.48263640149e-08
        dvar2: 8.33589695048e-08
        max: 0.00188223272562
        mean: 0.00027611333644
        min: 3.48074013345e-06
        var: 7.87850922279e-08
    spectral_energyband_middle_high:
        dmean: 0.000342071987689
        dmean2: 0.000508239492774
        dvar: 4.17559505195e-07
        dvar2: 7.78946457558e-07
        max: 0.00840774271637
        mean: 0.000882513471879
        min: 1.02090880318e-05
        var: 7.76233605393e-07
    spectral_energyband_middle_low:
        dmean: 0.000887921196409
        dmean2: 0.00135430716909
        dvar: 1.16469084332e-06
        dvar2: 2.38528969021e-06
        max: 0.0118538597599
        mean: 0.00240696896799
        min: 2.04993866646e-05
        var: 3.99516147809e-06
    spectral_flatness_db:
        dmean: 0.0209312681109
        dmean2: 0.0300276055932
        dvar: 0.000345211097738
        dvar2: 0.00076952931704
        max: 0.265761435032
        mean: 0.141077369452
        min: 0.0541983172297
        var: 0.00136272679083
    spectral_flux:
        dmean: 0.00968314241618
        dmean2: 0.0151885328814
        dvar: 0.000131851324113
        dvar2: 0.000294435274554
        max: 0.121237874031
        mean: 0.0366513617337
        min: 0.00633337441832
        var: 0.000284166279016
    spectral_kurtosis:
        dmean: 0.953035414219
        dmean2: 1.44047021866
        dvar: 1.97445654869
        dvar2: 4.64150714874
        max: 13.6983127594
        mean: 1.35012125969
        min: -1.17358648777
        var: 2.68087816238
    spectral_rms:
        dmean: 0.000329321715981
        dmean2: 0.000488366582431
        dvar: 1.47420962548e-07
        dvar2: 2.60849247979e-07
        max: 0.00434184679762
        mean: 0.00199579563923
        min: 0.000215604348341
        var: 3.78426165071e-07
    spectral_rolloff:
        dmean: 1013.41223145
        dmean2: 1608.06188965
        dvar: 1466282.625
        dvar2: 2464501.5
        max: 10056.0058594
        mean: 3227.38305664
        min: 236.865234375
        var: 4368566
    spectral_skewness:
        dmean: 0.263875305653
        dmean2: 0.353203833103
        dvar: 0.0826772898436
        dvar2: 0.156613156199
        max: 3.0989587307
        mean: 1.08263528347
        min: -0.563501417637
        var: 0.243672385812
    spectral_spread:
        dmean: 911580.75
        dmean2: 1324861.125
        dvar: 1.16100143514e+12
        dvar2: 2.67311644672e+12
        max: 14788069
        mean: 7950918
        min: 2955127.75
        var: 2.95155610419e+12
    spectral_strongpeak:
        dmean: 0.349255084991
        dmean2: 0.594173848629
        dvar: 0.586202502251
        dvar2: 1.61471390724
        max: 6.40601062775
        mean: 0.505460619926
        min: 0.00327634811401
        var: 0.634259641171
    zerocrossingrate:
        dmean: 0.0210710391402
        dmean2: 0.0222105365247
        dvar: 0.000500216614455
        dvar2: 0.000500229245517
        max: 0.3466796875
        mean: 0.0991528183222
        min: 0.0146484375
        var: 0.00311831897125
    barkbands:
        dmean: [1.56968258125e-06, 7.48411330278e-05, 5.63241846976e-05, 0.000250607787166, 0.000572945398744, 0.000182839707122, 0.000106445178972, 6.6441585659e-05, 2.16150201595e-05, 1.97425979422e-05, 2.44311468123e-05, 2.30014647968e-05, 4.29164538218e-05, 1.64270804817e-05, 2.58591117017e-05, 2.01691982511e-05, 3.71751702914e-05, 7.49992977944e-05, 0.000127846069518, 0.000214076193515, 0.000273736193776, 0.000127958701341, 3.37435740221e-05, 3.88464104617e-05, 3.66323874914e-05, 8.67040398589e-07, 1.5555852162e-09]
        dmean2: [2.04829075301e-06, 0.000110325607238, 9.49296809267e-05, 0.000396585644921, 0.000867989147082, 0.000262849003775, 0.000155697023729, 0.000101841433207, 3.55695810867e-05, 2.97989427054e-05, 3.78212607757e-05, 3.72094473278e-05, 7.20876269042e-05, 2.66593287961e-05, 4.07605184591e-05, 3.28342248395e-05, 5.90278978052e-05, 0.000121609096823, 0.000191279657884, 0.000320192950312, 0.000427221879363, 0.000204644224141, 5.21248075529e-05, 5.77050413995e-05, 5.59628097108e-05, 1.27675184558e-06, 2.31390151484e-09]
        dvar: [7.55524549173e-12, 1.09699334061e-08, 1.4920168212e-08, 1.34462467827e-07, 6.11786163063e-07, 1.43675265463e-07, 3.27661844324e-08, 2.31553443086e-08, 2.68510724766e-09, 1.27985089193e-09, 1.25463728295e-09, 5.9287104115e-09, 3.13456238743e-09, 9.14545772446e-10, 1.84334292275e-09, 1.3633103535e-09, 2.72623590369e-09, 1.53231756173e-08, 1.10060433656e-07, 2.51263600148e-07, 5.63356252314e-07, 1.02103285826e-07, 1.00299875072e-08, 1.16691243335e-08, 1.52236303563e-08, 5.69757522412e-12, 9.52632081567e-17]
        dvar2: [1.5295086378e-11, 2.25135305953e-08, 4.1626879721e-08, 3.45796252077e-07, 1.26957650082e-06, 2.48966415484e-07, 5.5221697437e-08, 5.16685112473e-08, 4.92694418597e-09, 2.60103960592e-09, 2.70307909389e-09, 1.27087798063e-08, 8.49175130213e-09, 2.45149411882e-09, 4.40287939441e-09, 3.03124170209e-09, 7.0824577314e-09, 3.60901672991e-08, 2.07999562463e-07, 4.93730340168e-07, 1.25460553591e-06, 2.41697478032e-07, 2.34550885381e-08, 1.90272686496e-08, 3.49622624185e-08, 1.11729653307e-11, 1.11350686548e-16]
        max: [2.34704330069e-05, 0.00113284110557, 0.00126067537349, 0.00334391416982, 0.00897275283933, 0.00491050165147, 0.00334967230447, 0.0032279053703, 0.000655595853459, 0.0005787324626, 0.000546661904082, 0.00123111449648, 0.000526857213117, 0.000330962328007, 0.000648905290291, 0.00052985874936, 0.000489551981445, 0.00120407156646, 0.00367912673391, 0.00526838889346, 0.0100614819676, 0.00270642200485, 0.00151779747102, 0.0011267575901, 0.00151205342263, 2.58650543401e-05, 1.93783506575e-07]
        mean: [4.0124368752e-06, 0.000173552092747, 9.85968945315e-05, 0.000342880724929, 0.00130808632821, 0.000362725724699, 0.000227821656154, 0.000123805206385, 3.42830098816e-05, 4.2251929699e-05, 7.01700992067e-05, 4.0688108129e-05, 9.17057841434e-05, 2.79799514828e-05, 4.71926687169e-05, 3.21158368024e-05, 6.66533305775e-05, 0.000123305842862, 0.000187975645531, 0.00034754088847, 0.000376074807718, 0.000172516665771, 5.21402507729e-05, 6.61757803755e-05, 4.90973761771e-05, 1.31484216581e-06, 1.72994574221e-09]
        min: [2.82628954962e-11, 8.44376231157e-08, 1.07370215119e-06, 4.30805403084e-06, 4.48877335657e-06, 4.97751102557e-07, 1.89808758932e-06, 1.62923026892e-06, 3.00126458797e-07, 8.40102316602e-08, 1.68238091192e-06, 5.74668547415e-07, 2.35791716818e-07, 2.54012860523e-07, 4.19527424356e-07, 4.31576125948e-07, 1.52381460339e-06, 7.44071485315e-07, 3.30483402422e-07, 1.30994237679e-06, 3.14840661986e-07, 6.11177386478e-10, 3.07377696629e-08, 3.07062073546e-08, 7.26884774593e-09, 2.89473528481e-10, 1.03895868688e-13]
        var: [2.2747801906e-11, 3.98934929535e-08, 1.35779476551e-08, 1.62910339441e-07, 1.86969032256e-06, 4.90172908485e-07, 1.97275994651e-07, 6.0891174769e-08, 5.43331868386e-09, 4.18823109527e-09, 4.64912419673e-09, 1.26778969545e-08, 6.44798969773e-09, 1.15132159362e-09, 3.55214657688e-09, 2.68392819081e-09, 4.67980321162e-09, 2.49554137355e-08, 1.7964249821e-07, 3.67921273892e-07, 6.44567819563e-07, 1.65720408063e-07, 1.63452220647e-08, 2.87672943244e-08, 2.47708324963e-08, 1.29506136717e-11, 9.66409800373e-17]
    mfcc:
        mean: [-707.143432617, 81.6682052612, -0.693111121655, 43.1638946533, -8.08932781219, 3.11189365387, 6.92454481125, -14.3162879944, -10.3879613876, -12.0456352234, -6.20331764221, 0.209596395493, -7.42837429047]
        cov: [[1942.94494629, -974.551208496, 224.920928955, 175.991317749, -168.491790771, 159.539093018, -12.7180280685, 30.0437469482, 151.210021973, 90.1885452271, 74.340461731, -50.2248153687, 42.601688385], [-974.551208496, 1259.86657715, -326.459289551, 42.9426651001, 49.0757598877, -218.085876465, 49.5079612732, -26.3209991455, -108.394996643, 6.35513877869, -44.6835975647, 46.8899536133, 25.0394802094], [224.920928955, -326.459289551, 343.044006348, -63.0600509644, 14.8267869949, 152.507980347, -14.8656921387, 82.0339584351, 52.3376235962, -8.99650096893, 39.2846298218, 18.8930892944, -4.38123369217], [175.991317749, 42.9426651001, -63.0600509644, 224.233795166, 3.81162810326, -40.0927314758, 17.8366394043, 2.21666193008, -12.518954277, 0.82418191433, 4.90247488022, 18.435503006, 21.5630226135], [-168.491790771, 49.0757598877, 14.8267869949, 3.81162810326, 235.10824585, -39.7565765381, 18.9882049561, -6.93266296387, -2.4108684063, -13.703417778, -7.05629634857, 32.4461860657, -11.4805002213], [159.539093018, -218.085876465, 152.507980347, -40.0927314758, -39.7565765381, 371.199554443, -26.372964859, 133.271499634, 127.752616882, 56.3645858765, 67.2947692871, 11.1092319489, 30.2321567535], [-12.7180280685, 49.5079612732, -14.8656921387, 17.8366394043, 18.9882049561, -26.372964859, 139.930450439, 17.0973358154, 7.92467689514, 28.017742157, -7.15673017502, 9.56800937653, 16.7740116119], [30.0437469482, -26.3209991455, 82.0339584351, 2.21666193008, -6.93266296387, 133.271499634, 17.0973358154, 129.654937744, 59.4098625183, 27.8796463013, 41.7797775269, 15.7118005753, 13.3338890076], [151.210021973, -108.394996643, 52.3376235962, -12.518954277, -2.4108684063, 127.752616882, 7.92467689514, 59.4098625183, 137.251983643, 61.8633956909, 41.1400947571, 4.68321180344, 19.2405986786], [90.1885452271, 6.35513877869, -8.99650096893, 0.82418191433, -13.703417778, 56.3645858765, 28.017742157, 27.8796463013, 61.8633956909, 121.130470276, 38.6758346558, 12.0481414795, 32.2747116089], [74.340461731, -44.6835975647, 39.2846298218, 4.90247488022, -7.05629634857, 67.2947692871, -7.15673017502, 41.7797775269, 41.1400947571, 38.6758346558, 88.7940216064, 3.74663877487, 7.43212556839], [-50.2248153687, 46.8899536133, 18.8930892944, 18.435503006, 32.4461860657, 11.1092319489, 9.56800937653, 15.7118005753, 4.68321180344, 12.0481414795, 3.74663877487, 91.5742111206, 26.6078147888], [42.601688385, 25.0394802094, -4.38123369217, 21.5630226135, -11.4805002213, 30.2321567535, 16.7740116119, 13.3338890076, 19.2405986786, 32.2747116089, 7.43212556839, 26.6078147888, 82.4943237305]]
        icov: [[0.00125781830866, 0.000875326804817, -0.00042547180783, -0.00126726424787, 0.000694195099641, 0.000364514155081, 5.68370887777e-05, 0.000324499415001, -0.000732166285161, -0.000735604553483, -5.08604243805e-05, 0.000485602009576, -0.000401065015467], [0.000875326804817, 0.00189737055916, 0.000995642738417, -0.000528529810254, 0.00024868483888, 0.000761037226766, 4.74380067317e-05, -0.00109417189378, 0.000286935450276, -0.000719336094335, 1.64652774401e-05, -0.000336716650054, -0.000592370226514], [-0.00042547180783, 0.000995642738417, 0.00562804425135, 0.00181460403837, -0.000784004980233, -0.000730677740648, -3.39233010891e-05, -0.00277393544093, 0.000725444464479, 0.00161004427355, -0.000920581573155, -0.00168859085534, 0.000184501579497], [-0.00126726424787, -0.000528529810254, 0.00181460403837, 0.00648071989417, -0.000745057011954, 0.000395688344724, -0.000356564501999, -0.00169175979681, 0.00107306963764, 0.00140752922744, -0.000927552755456, -0.00149453035556, -0.000920834369026], [0.000694195099641, 0.00024868483888, -0.000784004980233, -0.000745057011954, 0.00524471560493, 0.000804078066722, -0.000639328733087, 0.000664439343382, -0.00142658594996, 0.00031039636815, -0.000106915635115, -0.00167387130205, 0.000937767850701], [0.000364514155081, 0.000761037226766, -0.000730677740648, 0.000395688344724, 0.000804078066722, 0.0065095461905, 0.00175012438558, -0.00454349024221, -0.0030755691696, -0.000568867952097, -0.000416235241573, 9.09122536541e-05, -0.00150857213885], [5.68370887777e-05, 4.74380067317e-05, -3.39233010891e-05, -0.000356564501999, -0.000639328733087, 0.00175012438558, 0.00867911428213, -0.00284120580181, -0.000265372829745, -0.00247838231735, 0.00196300959215, 0.000297066348139, -0.00122938025743], [0.000324499415001, -0.00109417189378, -0.00277393544093, -0.00169175979681, 0.000664439343382, -0.00454349024221, -0.00284120580181, 0.016230199486, -0.00247464235872, 0.000814135884866, -0.00312905642204, -0.000640332407784, 0.000918424455449], [-0.000732166285161, 0.000286935450276, 0.000725444464479, 0.00107306963764, -0.00142658594996, -0.0030755691696, -0.000265372829745, -0.00247464235872, 0.0144244199619, -0.00457478966564, -0.000953672279138, 0.000371272355551, -0.000176711939275], [-0.000735604553483, -0.000719336094335, 0.00161004427355, 0.00140752922744, 0.00031039636815, -0.000568867952097, -0.00247838231735, 0.000814135884866, -0.00457478966564, 0.0142621612176, -0.00447176489979, -0.00122561189346, -0.00277483649552], [-5.08604243805e-05, 1.64652774401e-05, -0.000920581573155, -0.000927552755456, -0.000106915635115, -0.000416235241573, 0.00196300959215, -0.00312905642204, -0.000953672279138, -0.00447176489979, 0.0160080716014, 0.000502404174767, 0.000826790055726], [0.000485602009576, -0.000336716650054, -0.00168859085534, -0.00149453035556, -0.00167387130205, 9.09122536541e-05, 0.000297066348139, -0.000640332407784, 0.000371272355551, -0.00122561189346, 0.000502404174767, 0.014024592936, -0.00424663070589], [-0.000401065015467, -0.000592370226514, 0.000184501579497, -0.000920834369026, 0.000937767850701, -0.00150857213885, -0.00122938025743, 0.000918424455449, -0.000176711939275, -0.00277483649552, 0.000826790055726, -0.00424663070589, 0.0159664042294]]
    spectral_contrast:
        mean: [1.95910516254e-07, 8.88831777957e-07, -4.30266702267e-08, -3.36745500817e-07, -1.24140331348e-09, -2.59992418705e-07, 1.14057843348e-06, -2.68406733994e-06, 1.42648366364e-06, -3.73497073269e-07, -9.59759276498e-08, 6.54613870665e-07]
        var: [0.000727749837097, 0.000976035371423, 0.001610575011, 0.00205788505264, 0.00332673545927, 0.00539812538773, 0.0944115445018, 0.127817988396, 0.152311176062, 0.501332640648, 0.679755806923, 1.44162786007]

rhythm:
    beats_loudness:
        dmean: 0.00265939952806
        dmean2: 0.00482707843184
        dvar: 1.28364144985e-05
        dvar2: 3.86509636883e-05
        max: 0.0174637399614
        mean: 0.00611277157441
        min: 0.00362883228809
        var: 8.71475185704e-06
    beats_loudness_bass:
        dmean: 0.117828845978
        dmean2: 0.222741767764
        dvar: 0.00949783064425
        dvar2: 0.0311836320907
        max: 0.439170598984
        mean: 0.162482649088
        min: 0.0276616178453
        var: 0.0108144013211
    bpm: 110.512985229
    bpm_confidence: 0
    first_peak_bpm: 111
    first_peak_spread: 0
    first_peak_weight: 1
    onset_rate: 4.59774827957
    second_peak_bpm: 0
    second_peak_spread: 0
    second_peak_weight: 0
    beats_position: [0.0415139608085, 0.584022223949, 1.12653052807, 1.66903877258, 2.21154713631, 2.75405526161, 3.29656338692, 3.83907175064, 4.38157987595, 4.92408800125, 5.46659612656, 6.01440382004, 6.55783939362, 7.10127401352, 7.64470911026, 8.18814468384, 8.73157978058, 9.27501583099, 9.81845092773]
    bpm_estimates: [110.447677612, 110.571075439, 111.162826538, 110.706184387, 110.110054016, 110.591827393, 110.620353699, 109.835494995, 110.275115967, 110.147186279, 111.175018311]
    bpm_intervals: [0.542508244514, 0.542508304119, 0.542508244514, 0.542508363724, 0.542508125305, 0.542508125305, 0.542508363724, 0.542508125305, 0.542508125305, 0.542508125305, 0.547807693481, 0.543435573578, 0.543434619904, 0.543435096741, 0.543435573578, 0.543435096741, 0.543436050415, 0.543435096741]
    onset_times: [0.0464399084449, 0.27863946557, 0.406349211931, 0.557278931141, 0.777868509293, 0.859138309956, 1.11455786228, 1.40480720997, 1.47446715832, 1.64861679077, 1.93886625767, 2.19428563118, 2.47292518616, 2.73995471001, 2.99537420273, 3.28562355042, 3.56426310539, 3.84290242195, 4.13315200806, 4.38857126236, 4.66721105576, 4.91102027893, 5.0387301445, 5.18966007233, 5.3754196167, 5.65405893326, 5.74693870544, 5.9675283432, 6.17650794983, 6.29260778427, 6.5596370697, 6.8382768631, 7.11691617966, 7.38394546509, 7.50004529953, 7.67419481277, 7.83673477173, 7.9644446373, 8.16181373596, 8.74231338501, 9.0093421936, 9.19510173798, 9.31120204926, 9.55501174927, 9.6014509201, 9.85687065125]
    rubato_start: []
    rubato_stop: []
    perceptual_tempo: "unknown"

sfx:
    inharmonicity:
        dmean: 0.043200019747
        dmean2: 0.0782206058502
        dvar: 0.00338089023717
        dvar2: 0.0100370841101
        max: 0.365183025599
        mean: 0.0389552228153
        min: 2.20680908569e-06
        var: 0.00290879607201
    oddtoevenharmonicenergyratio:
        dmean: 3.50540971756
        dmean2: 6.51105737686
        dvar: 82.0306625366
        dvar2: 233.105697632
        max: 68.7735519409
        mean: 2.40159273148
        min: 0.000208750541788
        var: 56.3086853027
    pitch_after_max_to_before_max_energy_ratio: 0.291246443987
    pitch_centroid: 218.039199829
    pitch_max_to_total: 0.825986087322
    pitch_min_to_total: 0.777262151241
    tristimulus:
        dmean: [0.210716277361, 0.211502015591, 0.125429689884]
        dmean2: [0.363071829081, 0.369184970856, 0.217961773276]
        dvar: [0.0435698069632, 0.0452962443233, 0.024404220283]
        dvar2: [0.106505997479, 0.117873072624, 0.0653761327267]
        max: [0.980663657188, 0.987417161465, 0.821699380875]
        mean: [0.446707814932, 0.385949194431, 0.130918100476]
        min: [0.0121764075011, 0, 0]
        var: [0.0730290561914, 0.0630921199918, 0.0275892689824]

tonal:
    chords_changes_rate: 0.0184331797063
    chords_number_rate: 0.0184331797063
    chords_strength:
        dmean: 0.0117536978796
        dmean2: 0.0101160174236
        dvar: 7.28913728381e-05
        dvar2: 7.96407475718e-05
        max: 0.773468315601
        mean: 0.612254142761
        min: 0.395197719336
        var: 0.00548206409439
    key_strength: 0.663130521774
    tuning_diatonic_strength: 0.556056261063
    tuning_equal_tempered_deviation: 0.235411807895
    tuning_frequency: 434.193115234
    tuning_nontempered_energy_ratio: 0.951168298721
    hpcp:
        dmean: [0.143720626831, 0.166071474552, 0.176706239581, 0.194577202201, 0.170368507504, 0.165172442794, 0.118457600474, 0.0835336968303, 0.0679990425706, 0.112678609788, 0.132901117206, 0.113385923207, 0.0982319489121, 0.105709731579, 0.122149437666, 0.184605568647, 0.184307485819, 0.145240366459, 0.0999090075493, 0.0591176785529, 0.0595277026296, 0.101993836462, 0.11900537461, 0.15076521039, 0.158507049084, 0.119728423655, 0.0988381281495, 0.0998703837395, 0.131352543831, 0.165263548493, 0.217420458794, 0.21685923636, 0.197935372591, 0.178928822279, 0.134173855186, 0.103306569159]
        dmean2: [0.262843966484, 0.296646267176, 0.315521031618, 0.337534248829, 0.277792572975, 0.288590759039, 0.205150693655, 0.148724764585, 0.117056116462, 0.187017604709, 0.224823534489, 0.197626814246, 0.168550997972, 0.17604213953, 0.203771352768, 0.313460767269, 0.304991602898, 0.238634303212, 0.16748675704, 0.104204192758, 0.108600877225, 0.181365028024, 0.207447364926, 0.26562589407, 0.260792195797, 0.196805849671, 0.172763839364, 0.184876963496, 0.235738679767, 0.286660075188, 0.389049679041, 0.375413775444, 0.35384067893, 0.33417224884, 0.239348560572, 0.176644667983]
        dvar: [0.0529998578131, 0.0517431795597, 0.0539563968778, 0.055114261806, 0.0466418489814, 0.0632865652442, 0.0353953801095, 0.0300116855651, 0.00960196275264, 0.023164678365, 0.0409714207053, 0.0297920238227, 0.0202368758619, 0.028903754428, 0.0305862985551, 0.0549106411636, 0.0410657078028, 0.0324959605932, 0.0194081515074, 0.0175616107881, 0.0234812237322, 0.0306768976152, 0.033711977303, 0.0527033954859, 0.0446342155337, 0.0338044948876, 0.0305575653911, 0.0363153517246, 0.0613619349897, 0.0657999366522, 0.0810873061419, 0.0775444209576, 0.0745071768761, 0.0773475766182, 0.0486127696931, 0.0316925980151]
        dvar2: [0.151386171579, 0.14090526104, 0.150517627597, 0.150450274348, 0.116976618767, 0.176254555583, 0.101170808077, 0.0912026017904, 0.0255965497345, 0.0524604097009, 0.0986039638519, 0.0839735716581, 0.0522952415049, 0.0769326388836, 0.0743714720011, 0.139375254512, 0.100990518928, 0.0850375294685, 0.0502120628953, 0.0488802976906, 0.0667217597365, 0.0765018388629, 0.0857417434454, 0.134600505233, 0.120918467641, 0.073869921267, 0.0847300440073, 0.100718833506, 0.167679697275, 0.178571686149, 0.246458008885, 0.198042958975, 0.197997152805, 0.214216932654, 0.13063018024, 0.0714163035154]
        max: [1, 1, 1, 1, 1, 1, 1, 1, 0.643322944641, 1, 1, 1, 1, 1, 1, 1, 1, 1, 1, 0.881244778633, 1, 1, 1, 1, 1, 1, 1, 1, 1, 1, 1, 1, 1, 1, 1, 1]
        mean: [0.135949477553, 0.161370560527, 0.172630578279, 0.251356303692, 0.260965764523, 0.171100154519, 0.115825556219, 0.0865454152226, 0.081527620554, 0.173196911812, 0.21497695148, 0.135371267796, 0.10493618995, 0.103840686381, 0.13097217679, 0.259754002094, 0.299518764019, 0.19725549221, 0.111302778125, 0.0581252090633, 0.0491903685033, 0.0943980067968, 0.126465201378, 0.145002871752, 0.225144296885, 0.211793720722, 0.0992751941085, 0.0775416791439, 0.112457305193, 0.151704445481, 0.256442278624, 0.286312252283, 0.191082954407, 0.127529472113, 0.102131575346, 0.0985963642597]
        min: [0.00161782302894, 0.00196038256399, 0.00161127455067, 0.000831445620861, 0.00153578526806, 0.00172571919393, 0.00108193093911, 0.000928833207581, 0.00100801337976, 0.00294486712664, 0.00183968048077, 0.00150856736582, 0.000356490345439, 0.000819543667603, 0.00147292471956, 0.00826465245336, 0.00958263594657, 0.00245708506554, 0.000684007361997, 0.000807338743471, 0.000622087740339, 0.000958340417128, 0.000821428897325, 0.000698567775544, 0.00286290212534, 0.00363006209955, 0.0017938221572, 5.48098159925e-06, 0.00103426352143, 0.00100538937841, 0.000899085251149, 0.000947846972849, 0.00138609053101, 0.000314265838824, 0.000511995982379, 0.000242564768996]
        var: [0.0466586612165, 0.0491698309779, 0.0522379353642, 0.0781656727195, 0.0865781679749, 0.0582085549831, 0.0301693696529, 0.0220226347446, 0.00994104519486, 0.0478568300605, 0.0833283886313, 0.034297183156, 0.0239685159177, 0.0279451925308, 0.0409978739917, 0.0785068422556, 0.0757140666246, 0.0411522909999, 0.0246840883046, 0.0136250946671, 0.0144636444747, 0.0273301173002, 0.0432973280549, 0.052582398057, 0.0795049071312, 0.083665587008, 0.028084885329, 0.0244343485683, 0.0514022894204, 0.0663000717759, 0.102909274399, 0.118476331234, 0.0697900876403, 0.0591354370117, 0.0425754971802, 0.0375272594392]
    chords_histogram: [48.8479270935, 22.5806446075, 8.29493045807, 20.2764968872, 0, 0, 0, 0, 0, 0, 0, 0, 0, 0, 0, 0, 0, 0, 0, 0, 0, 0, 0, 0]
    thpcp: [1, 0.65857475996, 0.371605366468, 0.194061994553, 0.164231345057, 0.315165579319, 0.422227978706, 0.48411950469, 0.751686811447, 0.707113385201, 0.331449002028, 0.258887559175, 0.375459969044, 0.506493985653, 0.856181025505, 0.955907583237, 0.637966573238, 0.42578125, 0.340985566378, 0.329182595015, 0.45389303565, 0.538766086102, 0.576359808445, 0.839200496674, 0.871283531189, 0.571250200272, 0.386705517769, 0.288948237896, 0.272195369005, 0.578250646591, 0.717741191387, 0.451962560415, 0.35034930706, 0.346691757441, 0.437275350094, 0.86723780632]
    chords_key: "G"
    chords_scale: "minor"
    key_key: "G"
    key_scale: "minor"
    chords_progression: ["Gm", "Gm", "Gm", "Gm", "Gm", "Gm", "Gm", "Gm", "Gm", "Gm", "Gm", "Gm", "Gm", "Gm", "Gm", "Gm", "Gm", "Gm", "Gm", "Gm", "Gm", "Gm", "Gm", "Gm", "Gm", "Gm", "Gm", "Gm", "Gm", "Gm", "Gm", "Gm", "Gm", "Gm", "Gm", "Gm", "Gm", "Gm", "Gm", "Gm", "Gm", "Gm", "Gm", "Gm", "Gm", "Gm", "Gm", "Gm", "Gm", "Gm", "Gm", "Gm", "Gm", "Gm", "Gm", "Gm", "Gm", "Gm", "Gm", "Gm", "Gm", "Gm", "Gm", "Gm", "Gm", "Gm", "Gm", "Gm", "Gm", "Gm", "Gm", "Gm", "Gm", "Gm", "Gm", "Gm", "Gm", "Gm", "Gm", "Gm", "Gm", "Gm", "Gm", "Gm", "Gm", "Gm", "Gm", "Gm", "Gm", "Gm", "A#", "A#", "A#", "A#", "A#", "A#", "A#", "A#", "A#", "A#", "A#", "A#", "A#", "A#", "A#", "A#", "A#", "A#", "A#", "A#", "A#", "A#", "A#", "A#", "A#", "A#", "A#", "A#", "A#", "A#", "A#", "A#", "A#", "A#", "A#", "A#", "A#", "A#", "A#", "A#", "A#", "A#", "A#", "A#", "A#", "A#", "A#", "A#", "A#", "F", "F", "F", "F", "F", "F", "F", "F", "F", "F", "F", "F", "F", "F", "F", "F", "F", "F", "F", "F", "F", "F", "F", "F", "F", "F", "F", "F", "F", "F", "F", "F", "F", "F", "F", "F", "F", "F", "F", "F", "F", "F", "F", "F", "Dm", "Dm", "Dm", "Dm", "Dm", "Dm", "Dm", "Dm", "Dm", "Dm", "Dm", "Dm", "Dm", "Dm", "Dm", "Dm", "Dm", "Dm", "Gm", "Gm", "Gm", "Gm", "Gm", "Gm", "Gm", "Gm", "Gm", "Gm", "Gm", "Gm", "Gm", "Gm", "Gm", "Gm"]
