
metadata:
    version:
        essentia: "1.2.2"
    audio_properties:
        analysis_sample_rate: 44100
        bitrate: 128
        channels: 2
        equal_loudness: 1
        length: 10.0048980713
        replay_gain: -12.1634426117
        downmix: "mix"
    tags:
        track: 2
        year: 0
        album: "Splitted by Mp3Splt v. 2.1"
        artist: "From 000.10 To 000.20"
        comment: "http://mp3splt.sf.net"
        genre: ""
        title: "01 She Drives Me Crazy.mp3"

highlevel:
    ballroom:
        all:
            ChaChaCha: 0.336358070374
            Jive: 0.210449501872
            Quickstep: 0.202870249748
            Rumba-American: 0.00154680758715
            Rumba-International: 0.00219873548485
            Rumba-Misc: 0.00311145093292
            Samba: 0.239572808146
            Tango: 0.0015156987356
            VienneseWaltz: 0.00104701973032
            Waltz: 0.00132965424564
        probability: 0.336358070374
        value: "ChaChaCha"
    culture:
        all:
            non_western: 0.0640688687563
            western: 0.935931146145
        probability: 0.935931146145
        value: "western"
    gender:
        all:
            female: 0.129285216331
            male: 0.870714783669
        probability: 0.870714783669
        value: "male"
    genre_dortmund:
        all:
            alternative: 0.0175656415522
            blues: 0.00310018938035
            electronic: 0.070549428463
            folkcountry: 0.0149890780449
            funksoulrnb: 0.0105094760656
            jazz: 0.0664893463254
            pop: 0.0335644967854
            raphiphop: 0.630633234978
            rock: 0.152599096298
        probability: 0.630633234978
        value: "raphiphop"
    genre_electronica:
        all:
            ambient: 0.171320572495
            dnb: 0.623834073544
            house: 0.143908947706
            techno: 0.0231742933393
            trance: 0.0377621017396
        probability: 0.623834073544
        value: "dnb"
    genre_rosamerica:
        all:
            cla: 0.0183086898178
            dan: 0.0928179249167
            hip: 0.478790730238
            jaz: 0.0167057961226
            pop: 0.205343782902
            rhy: 0.0653518438339
            roc: 0.112906061113
            spe: 0.00977516919374
        probability: 0.478790730238
        value: "hip"
    genre_tzanetakis:
        all:
            blu: 0.00202713836916
            cla: 0.00398909999058
            cou: 0.0153171904385
            dis: 0.0755637064576
            hip: 0.0533689782023
            jaz: 0.0127098876983
            met: 0.0183136314154
            pop: 0.384314090014
            reg: 0.412971794605
            roc: 0.0214244797826
        probability: 0.412971794605
        value: "reg"
    live_studio:
        all:
            live: 0.0166573207825
            studio: 0.983342707157
        probability: 0.983342707157
        value: "studio"
    mood:
        all:
            Cluster1: 0.318988025188
            Cluster2: 0.283334434032
            Cluster3: 0.0635808110237
            Cluster4: 0.0970711782575
            Cluster5: 0.23702557385
        probability: 0.318988025188
        value: "Cluster1"
    mood_acoustic:
        all:
            acoustic: 0.0824333876371
            not_acoustic: 0.917566597462
        probability: 0.917566597462
        value: "not_acoustic"
    mood_aggressive:
        all:
            aggressive: 0.589852571487
            not_aggressive: 0.410147428513
        probability: 0.589852571487
        value: "aggressive"
    mood_electronic:
        all:
            electronic: 0.882675945759
            not_electronic: 0.117324054241
        probability: 0.882675945759
        value: "electronic"
    mood_happy:
        all:
            happy: 0.240010395646
            not_happy: 0.759989619255
        probability: 0.759989619255
        value: "not_happy"
    mood_party:
        all:
            not_party: 0.142508178949
            party: 0.857491850853
        probability: 0.857491850853
        value: "party"
    mood_relaxed:
        all:
            not_relaxed: 0.787274301052
            relaxed: 0.212725684047
        probability: 0.787274301052
        value: "not_relaxed"
    mood_sad:
        all:
            not_sad: 0.8152384758
            sad: 0.184761494398
        probability: 0.8152384758
        value: "not_sad"
    rhythm:
        all:
            fast: 0.262041002512
            medium: 0.681793689728
            slow: 0.0561653040349
        probability: 0.681793689728
        value: "medium"
    speech_music:
        all:
            music: 0.721883535385
            speech: 0.278116464615
        probability: 0.721883535385
        value: "music"
    timbre:
        all:
            bright: 0.342643499374
            dark: 0.657356500626
        probability: 0.657356500626
        value: "dark"
    voice_instrumental:
        all:
            instrumental: 0.025563750416
            voice: 0.974436223507
        probability: 0.974436223507
        value: "voice"

lowlevel:
    average_loudness: 0.96781462431
    barkbands_kurtosis:
        dmean: 1.78915417194
        dmean2: 3.11901569366
        dvar: 8.81423377991
        dvar2: 23.6461639404
        max: 26.9843330383
        mean: 0.674407958984
        min: -1.87697935104
        var: 13.6730852127
    barkbands_skewness:
        dmean: 0.653950154781
        dmean2: 1.07199013233
        dvar: 0.669693768024
        dvar2: 1.73364126682
        max: 4.9845328331
        mean: 0.696230113506
        min: -3.04801440239
        var: 1.39376783371
    barkbands_spread:
        dmean: 7.40320920944
        dmean2: 12.4265384674
        dvar: 92.6526641846
        dvar2: 269.064025879
        max: 90.3903961182
        mean: 30.1241264343
        min: 6.43109083176
        var: 163.398834229
    dissonance:
        dmean: 0.0197745878249
        dmean2: 0.0338421054184
        dvar: 0.000533526588697
        dvar2: 0.00149533047806
        max: 0.499658554792
        mean: 0.468262821436
        min: 0.305295228958
        var: 0.000763594754972
    hfc:
        dmean: 2.16524267197
        dmean2: 3.5369374752
        dvar: 28.0830192566
        dvar2: 67.6789855957
        max: 40.3277397156
        mean: 3.7169713974
        min: 0.0116123072803
        var: 30.917886734
    pitch:
        dmean: 920.378662109
        dmean2: 1748.6763916
        dvar: 1671898.75
        dvar2: 3991334.25
        max: 4410
        mean: 1191.59265137
        min: 70.9003219604
        var: 1876445.125
    pitch_instantaneous_confidence:
        dmean: 0.0829401761293
        dmean2: 0.136572733521
        dvar: 0.00517104426399
        dvar2: 0.0131618110463
        max: 0.868505477905
        mean: 0.333321005106
        min: 0.139501929283
        var: 0.0155877918005
    pitch_salience:
        dmean: 0.0844092518091
        dmean2: 0.137961924076
        dvar: 0.0088947173208
        dvar2: 0.0232981946319
        max: 0.885812819004
        mean: 0.653468191624
        min: 0.167201593518
        var: 0.0169224068522
    silence_rate_20dB:
        dmean: 0
        dmean2: 0
        dvar: 0
        dvar2: 0
        max: 1
        mean: 1
        min: 1
        var: 0
    silence_rate_30dB:
        dmean: 0
        dmean2: 0
        dvar: 0
        dvar2: 0
        max: 1
        mean: 1
        min: 1
        var: 0
    silence_rate_60dB:
        dmean: 0.111627906561
        dmean2: 0.223776221275
        dvar: 0.0991674736142
        dvar2: 0.210997372866
        max: 1
        mean: 0.788863122463
        min: 0
        var: 0.166558146477
    spectral_centroid:
        dmean: 432.59954834
        dmean2: 701.64666748
        dvar: 383851.0625
        dvar2: 810173.625
        max: 6645.58154297
        mean: 1624.0657959
        min: 247.386276245
        var: 1062191.875
    spectral_complexity:
        dmean: 3.15420556068
        dmean2: 4.92271661758
        dvar: 29.8967876434
        dvar2: 67.2002410889
        max: 45
        mean: 6.68764591217
        min: 0
        var: 52.5971221924
    spectral_crest:
        dmean: 2.25883245468
        dmean2: 3.89874243736
        dvar: 4.74822378159
        dvar2: 13.3067092896
        max: 19.4276752472
        mean: 7.8216381073
        min: 2.94132494926
        var: 10.7093238831
    spectral_decrease:
        dmean: 3.38328670635e-10
        dmean2: 5.17275333678e-10
        dvar: 5.73778381391e-19
        dvar2: 1.28462513977e-18
        max: -7.30774056719e-13
        mean: -6.0214461195e-10
        min: -6.25405816024e-09
        var: 7.82244801258e-19
    spectral_energy:
        dmean: 0.00144984992221
        dmean2: 0.00222566886805
        dvar: 1.09262691694e-05
        dvar2: 2.45418523264e-05
        max: 0.0272621009499
        mean: 0.00260977470316
        min: 5.67674305785e-06
        var: 1.45749518197e-05
    spectral_energyband_high:
        dmean: 0.000117303148727
        dmean2: 0.000189782585949
        dvar: 6.64478605472e-08
        dvar2: 1.68920081478e-07
        max: 0.00222924724221
        mean: 0.000177050678758
        min: 2.15297873751e-07
        var: 6.87783199282e-08
    spectral_energyband_low:
        dmean: 0.000171678155311
        dmean2: 0.000289133837214
        dvar: 2.28598835861e-07
        dvar2: 5.88760258324e-07
        max: 0.0027753948234
        mean: 0.000143575147376
        min: 1.1736593919e-09
        var: 1.78795758643e-07
    spectral_energyband_middle_high:
        dmean: 0.000510893645696
        dmean2: 0.000849625037517
        dvar: 1.58032571562e-06
        dvar2: 3.96022960558e-06
        max: 0.00979568995535
        mean: 0.000889549497515
        min: 4.39749186398e-07
        var: 1.80415190698e-06
    spectral_energyband_middle_low:
        dmean: 0.000833495287225
        dmean2: 0.00132408435456
        dvar: 3.94715470975e-06
        dvar2: 8.53643359733e-06
        max: 0.0157488211989
        mean: 0.00139959482476
        min: 7.37354355351e-07
        var: 5.62443437957e-06
    spectral_flatness_db:
        dmean: 0.02157843858
        dmean2: 0.0355232208967
        dvar: 0.000366668624338
        dvar2: 0.000974704453256
        max: 0.262709200382
        mean: 0.15568369627
        min: 0.0812337994576
        var: 0.000901533581782
    spectral_flux:
        dmean: 0.0104238623753
        dmean2: 0.0161673389375
        dvar: 0.000292643439025
        dvar2: 0.000672083348036
        max: 0.139306873083
        mean: 0.0293513741344
        min: 0.00166935566813
        var: 0.00050693313824
    spectral_kurtosis:
        dmean: 0.953328132629
        dmean2: 1.46412777901
        dvar: 0.964427053928
        dvar2: 2.14380502701
        max: 16.9861507416
        mean: 2.53997778893
        min: -1.09151685238
        var: 3.2802696228
    spectral_rms:
        dmean: 0.000360532023478
        dmean2: 0.000525429379195
        dvar: 3.34296942128e-07
        dvar2: 6.6411428179e-07
        max: 0.00515724439174
        mean: 0.00133016612381
        min: 7.44196586311e-05
        var: 7.76775607392e-07
    spectral_rolloff:
        dmean: 866.912536621
        dmean2: 1465.3671875
        dvar: 1342808.625
        dvar2: 3227088.25
        max: 10292.8710938
        mean: 3095.51171875
        min: 107.666015625
        var: 3008779.25
    spectral_skewness:
        dmean: 0.20140093565
        dmean2: 0.313256323338
        dvar: 0.043994680047
        dvar2: 0.092730499804
        max: 3.18856167793
        mean: 1.28429818153
        min: -0.278832823038
        var: 0.176070332527
    spectral_spread:
        dmean: 1203071.25
        dmean2: 1863458.375
        dvar: 2.21713976525e+12
        dvar2: 4.70909190144e+12
        max: 16125650
        mean: 6817269.5
        min: 2918325.5
        var: 8.21419730534e+12
    spectral_strongpeak:
        dmean: 0.173508539796
        dmean2: 0.300528973341
        dvar: 0.0769971385598
        dvar2: 0.224931523204
        max: 2.17449116707
        mean: 0.282630443573
        min: 0.00333721120842
        var: 0.104484699667
    zerocrossingrate:
        dmean: 0.0140586206689
        dmean2: 0.01611328125
        dvar: 0.000328807363985
        dvar2: 0.000311936368234
        max: 0.3154296875
        mean: 0.0970541536808
        min: 0.0205078125
        var: 0.00225167605095
    barkbands:
        dmean: [2.33016770324e-08, 4.1097860958e-05, 0.000144481586176, 9.4611721579e-05, 7.51283150748e-05, 5.72058415855e-05, 8.39876593091e-05, 0.000329356844304, 0.000350023910869, 0.000173307969817, 1.7709489839e-05, 2.0697752916e-05, 1.44931600516e-05, 1.52400862135e-05, 3.6139623262e-05, 6.02086947765e-05, 9.30853930186e-05, 0.000131938693812, 0.000122114783153, 8.16445535747e-05, 4.95022723044e-05, 1.98434318008e-05, 6.70608415021e-06, 3.88423677578e-06, 2.44907050728e-06, 2.71399841267e-07, 2.9556837533e-10]
        dmean2: [3.04453173783e-08, 6.95198177709e-05, 0.000265392707661, 0.000177741603693, 0.000120915196021, 9.19575322769e-05, 0.00013252129429, 0.00052320031682, 0.000553354329895, 0.000287509610644, 2.92420245387e-05, 3.19802165905e-05, 2.38883021666e-05, 2.61706009042e-05, 6.33932140772e-05, 0.000102295183751, 0.000163136151969, 0.000217168810195, 0.000213780556805, 0.000143821496749, 8.24853850645e-05, 3.09619645122e-05, 1.08435469883e-05, 5.61995557291e-06, 3.90504737879e-06, 4.37578620449e-07, 4.26619101157e-10]
        dvar: [2.41343623824e-14, 1.41692932942e-08, 1.89116406091e-07, 7.62516734198e-08, 1.20666783232e-08, 6.62459154199e-09, 3.94759602784e-08, 6.73504928272e-07, 9.9754436178e-07, 2.25972868861e-07, 2.59253374324e-09, 1.34190081269e-09, 9.8114116831e-10, 1.04494479736e-09, 9.59592494354e-09, 2.14499706885e-08, 2.67932591669e-08, 1.08346313255e-07, 7.05605884832e-08, 4.4319619974e-08, 9.40652444825e-09, 1.96250993234e-09, 2.56442367341e-10, 3.65197871943e-11, 1.65561470783e-11, 3.45265455766e-13, 8.70390790674e-18]
        dvar2: [2.53561125411e-14, 3.72784114688e-08, 5.16197417255e-07, 2.22331124178e-07, 3.06521776849e-08, 1.77640977483e-08, 1.11045629581e-07, 1.44203102082e-06, 2.34008734878e-06, 5.06553647028e-07, 6.58144605481e-09, 3.00166536071e-09, 2.41254083377e-09, 2.8583020395e-09, 2.63327244454e-08, 5.39200257776e-08, 7.16275323498e-08, 2.80116012163e-07, 1.85992817592e-07, 1.23912286654e-07, 2.35042971752e-08, 4.66653782283e-09, 6.58512910867e-10, 7.35223687487e-11, 4.15340505044e-11, 9.17272768158e-13, 8.81033544589e-18]
        max: [3.14863223139e-06, 0.000740018323995, 0.00247912551276, 0.00167749915272, 0.00137158366852, 0.00100005674176, 0.00218412559479, 0.0057893563062, 0.00822243187577, 0.00458898255602, 0.000525348645169, 0.0003921254538, 0.000268203002634, 0.000270692835329, 0.00075991183985, 0.00118093355559, 0.00141308363527, 0.00272680982016, 0.00182330829557, 0.00198200391605, 0.000803390459623, 0.000373104790924, 0.00014146885951, 4.80395610793e-05, 2.533035331e-05, 3.77904848392e-06, 6.11118622373e-08]
        mean: [2.4586041647e-08, 3.54576841346e-05, 0.000108096704935, 7.81330090831e-05, 0.00015712188906, 0.000111315493996, 0.000158047303557, 0.000396093033487, 0.000405518658226, 0.000245911680395, 2.0336237867e-05, 3.2690459193e-05, 2.23363731493e-05, 1.90584851225e-05, 4.20715477958e-05, 7.66633020248e-05, 0.000142978897202, 0.000165687612025, 0.000158926690347, 0.000118919218949, 7.55574656068e-05, 2.37294607359e-05, 7.32525359126e-06, 4.98009785588e-06, 2.53542702922e-06, 2.57746137322e-07, 2.56223514628e-10]
        min: [8.90944382072e-13, 8.03573388386e-11, 6.21094453646e-10, 8.84553985614e-10, 3.0336799739e-09, 7.29255722476e-09, 1.53841239747e-09, 1.62561109018e-09, 4.00165989234e-09, 2.93865065615e-09, 4.23095247726e-09, 5.26467447415e-09, 3.75623726567e-10, 8.62819149461e-10, 6.05693317723e-09, 1.18265708338e-08, 2.630135576e-08, 2.69121596119e-08, 1.0690804686e-08, 2.38160247079e-08, 6.95445621091e-08, 2.28265069069e-08, 1.15837650583e-08, 1.55488155684e-08, 9.41314226566e-09, 5.44442102512e-10, 1.16354264751e-14]
        var: [2.450903216e-14, 1.1590459259e-08, 1.22990584828e-07, 4.69912961876e-08, 4.10724823041e-08, 1.68315814619e-08, 7.90390899397e-08, 8.51069898999e-07, 1.14787201255e-06, 3.92040050201e-07, 2.31102581516e-09, 2.69969002709e-09, 1.4164498463e-09, 9.3801266754e-10, 7.77873143676e-09, 2.20440821153e-08, 3.22539328579e-08, 9.28633951958e-08, 6.20342959223e-08, 3.66374131033e-08, 1.01676818076e-08, 2.13863793341e-09, 2.32183355875e-10, 4.98613858535e-11, 1.56415158603e-11, 2.92335545962e-13, 8.7024843289e-18]
    mfcc:
        mean: [-777.736022949, 83.3370132446, -29.6181316376, 43.3984565735, -18.9506072998, -22.2288799286, -11.1708507538, -4.54309558868, -0.645587146282, -4.50998544693, -5.59305858612, -1.0393434763, -8.6670923233]
        cov: [[10195.9091797, 1431.10461426, -2249.15454102, -274.635467529, -1322.10986328, -749.690490723, -563.057678223, -668.143920898, 122.072929382, -157.131607056, 25.9581356049, -99.9089126587, -113.299285889], [1431.10461426, 1330.51806641, -449.462677002, 322.848022461, -157.408889771, -88.1431808472, 76.8813781738, -52.8460731506, 101.024726868, -36.0257530212, 64.6748886108, 104.124908447, 15.7613153458], [-2249.15454102, -449.462677002, 1025.66015625, 28.6422386169, 461.144378662, 234.337158203, 190.836715698, 249.728256226, -40.1566734314, 82.2321929932, -14.9184560776, -3.479855299, 55.5887031555], [-274.635467529, 322.848022461, 28.6422386169, 637.484069824, 365.448974609, 257.679473877, 254.204528809, 12.6193828583, 16.9480018616, -56.2775344849, 28.8822517395, 82.5954742432, 22.2694168091], [-1322.10986328, -157.408889771, 461.144378662, 365.448974609, 561.82623291, 326.593536377, 248.222091675, 148.29347229, -2.94020748138, 24.3109989166, 12.8153896332, 33.1644630432, 26.5577220917], [-749.690490723, -88.1431808472, 234.337158203, 257.679473877, 326.593536377, 268.883575439, 175.39239502, 66.8854675293, -1.39244687557, -0.140566334128, 13.0989694595, 19.4790840149, 17.9380187988], [-563.057678223, 76.8813781738, 190.836715698, 254.204528809, 248.222091675, 175.39239502, 231.414657593, 131.012435913, 40.4834938049, 19.8181858063, 29.2830410004, 36.8630065918, 25.2967624664], [-668.143920898, -52.8460731506, 249.728256226, 12.6193828583, 148.29347229, 66.8854675293, 131.012435913, 228.09526062, 73.6072311401, 69.2050933838, 24.3798809052, 4.88826990128, 15.4834671021], [122.072929382, 101.024726868, -40.1566734314, 16.9480018616, -2.94020748138, -1.39244687557, 40.4834938049, 73.6072311401, 88.9210968018, 42.9568481445, 32.7152633667, 7.18410301208, 1.56164860725], [-157.131607056, -36.0257530212, 82.2321929932, -56.2775344849, 24.3109989166, -0.140566334128, 19.8181858063, 69.2050933838, 42.9568481445, 86.2228469849, 29.7001876831, -4.26904201508, 5.02115011215], [25.9581356049, 64.6748886108, -14.9184560776, 28.8822517395, 12.8153896332, 13.0989694595, 29.2830410004, 24.3798809052, 32.7152633667, 29.7001876831, 56.4627342224, 31.8700389862, 18.9138088226], [-99.9089126587, 104.124908447, -3.479855299, 82.5954742432, 33.1644630432, 19.4790840149, 36.8630065918, 4.88826990128, 7.18410301208, -4.26904201508, 31.8700389862, 74.7139816284, 29.2558097839], [-113.299285889, 15.7613153458, 55.5887031555, 22.2694168091, 26.5577220917, 17.9380187988, 25.2967624664, 15.4834671021, 1.56164860725, 5.02115011215, 18.9138088226, 29.2558097839, 47.8453292847]]
        icov: [[0.000235305633396, -0.000123659003293, 0.000312185991788, 1.92684692593e-05, 1.77602578333e-05, 0.000240533423494, -8.90228475328e-05, 0.000400907214498, -0.000342909275787, 7.44897333789e-05, -0.000200059308554, 0.00065812736284, -0.00027640350163], [-0.000123659003293, 0.00149607495405, -7.80529808253e-05, -0.00118323334027, 0.000770467740949, 0.000858543324284, -0.000604368862696, 6.71245506965e-05, -0.000997317489237, -2.05033356906e-05, 5.69215662836e-05, -0.00120823620819, 0.000155015106429], [0.000312185991788, -7.80529808253e-05, 0.00342702423222, 0.00112078117672, -0.00215372536331, 0.000265128561296, -0.000588559079915, -0.00165425054729, 0.00280545768328, -0.00159671332221, 0.00138194090687, 0.000879857630935, -0.00280404556543], [1.92684692593e-05, -0.00118323334027, 0.00112078117672, 0.0079975342378, -0.00508404430002, 0.000172571031726, -0.00616940436885, 0.00452168285847, -0.00267916498706, 0.00400321837515, 0.000274471851299, -0.00210283161141, 0.000811380858067], [1.77602578333e-05, 0.000770467740949, -0.00215372536331, -0.00508404430002, 0.0119765261188, -0.00810552015901, 0.00233460916206, -0.00392622547224, 0.00300672021694, -0.00375630892813, 0.00118618295528, -0.00130756420549, 0.00171083689202], [0.000240533423494, 0.000858543324284, 0.000265128561296, 0.000172571031726, -0.00810552015901, 0.0178647395223, -0.00784837827086, 0.00536497635767, -0.00258851470426, 0.003285669256, -0.00370992789976, 0.00382714602165, -0.00102073315065], [-8.90228475328e-05, -0.000604368862696, -0.000588559079915, -0.00616940436885, 0.00233460916206, -0.00784837827086, 0.0213377997279, -0.0109178368002, 0.0020451489836, -0.00128583621699, -0.000983322854154, -0.000414705544244, -0.00184782175347], [0.000400907214498, 6.71245506965e-05, -0.00165425054729, 0.00452168285847, -0.00392622547224, 0.00536497635767, -0.0109178368002, 0.0184134654701, -0.0132846077904, 0.000189464975847, 0.0016442022752, 0.000378564582206, 0.00025842312607], [-0.000342909275787, -0.000997317489237, 0.00280545768328, -0.00267916498706, 0.00300672021694, -0.00258851470426, 0.0020451489836, -0.0132846077904, 0.0317440405488, -0.00949826743454, -0.00705425674096, 0.00204120483249, 0.00152452965267], [7.44897333789e-05, -2.05033356906e-05, -0.00159671332221, 0.00400321837515, -0.00375630892813, 0.003285669256, -0.00128583621699, 0.000189464975847, -0.00949826743454, 0.0265401042998, -0.013391200453, 0.00454208999872, 0.00168782169931], [-0.000200059308554, 5.69215662836e-05, 0.00138194090687, 0.000274471851299, 0.00118618295528, -0.00370992789976, -0.000983322854154, 0.0016442022752, -0.00705425674096, -0.013391200453, 0.039774812758, -0.0140880653635, -0.0069790086709], [0.00065812736284, -0.00120823620819, 0.000879857630935, -0.00210283161141, -0.00130756420549, 0.00382714602165, -0.000414705544244, 0.000378564582206, 0.00204120483249, 0.00454208999872, -0.0140880653635, 0.0284941904247, -0.0110966870561], [-0.00027640350163, 0.000155015106429, -0.00280404556543, 0.000811380858067, 0.00171083689202, -0.00102073315065, -0.00184782175347, 0.00025842312607, 0.00152452965267, 0.00168782169931, -0.0069790086709, -0.0110966870561, 0.0327189303935]]
    spectral_contrast:
        mean: [-1.0799217165e-07, 3.98647301836e-07, -3.50646196523e-08, -4.66613244043e-07, 1.87176297572e-07, -1.86525028312e-07, 9.865333368e-07, 3.99253849537e-06, 5.29355936862e-08, -3.78941035706e-06, -4.3376618919e-07, -3.56023133463e-06]
        var: [0.000392265297705, 0.000567940063775, 0.00128311535809, 0.00195275293663, 0.00498523004353, 0.00541795557365, 0.0942008793354, 0.101174645126, 0.26119685173, 0.455873936415, 1.0485304594, 6.84693002701]

rhythm:
    beats_loudness:
        dmean: 0.00560276350006
        dmean2: 0.0107153765857
        dvar: 2.32436068472e-05
        dvar2: 8.74472607393e-05
        max: 0.0152392825112
        mean: 0.00482687912881
        min: 5.87343311054e-05
        var: 2.53048237937e-05
    beats_loudness_bass:
        dmean: 0.430311083794
        dmean2: 0.840132176876
        dvar: 0.11764138937
        dvar2: 0.259102463722
        max: 0.921774983406
        mean: 0.265890449286
        min: 0.000953698414378
        var: 0.122469477355
    bpm: 109.399154663
    bpm_confidence: 0
    first_peak_bpm: 109
    first_peak_spread: 0
    first_peak_weight: 0.941176474094
    onset_rate: 4.89760112762
    second_peak_bpm: 70
    second_peak_spread: 0
    second_peak_weight: 0.0588235296309
    beats_position: [0.0239393766969, 0.572049200535, 1.12015902996, 1.66826879978, 2.21637868881, 2.76448822021, 3.31259799004, 3.86070775986, 4.4088177681, 4.9569272995, 5.50503730774, 6.35656881332, 6.90536117554, 7.45415353775, 8.00294685364, 8.55174064636, 9.10053253174, 9.64932537079]
    bpm_estimates: [109.511192322, 109.432853699, 109.516891479, 109.337936401, 109.418388367, 109.43069458, 109.465751648, 109.236564636, 109.551841736, 109.770675659, 109.499076843, 109.302902222, 109.544403076, 109.158935547, 109.463737488, 109.280578613, 109.405647278, 109.297019958, 109.258659363, 109.099578857]
    bpm_intervals: [0.548109829426, 0.548109829426, 0.548109769821, 0.54810988903, 0.548109531403, 0.548109769821, 0.548109769821, 0.54811000824, 0.548109531403, 0.54811000824, 0.851531505585, 0.548792362213, 0.548792362213, 0.548793315887, 0.548793792725, 0.548791885376, 0.54879283905]
    onset_times: [0.0348299331963, 0.27863946557, 0.429569154978, 0.545668959618, 0.684988677502, 0.824308395386, 1.10294783115, 1.24226760864, 1.369977355, 1.52090704441, 1.64861679077, 1.92725622654, 2.20589566231, 2.34521532059, 2.47292518616, 2.63546490669, 2.76317453384, 2.90249443054, 3.03020405769, 3.32045340538, 3.44816327095, 3.58748292923, 3.86612248421, 4.13315200806, 4.42340135574, 4.69043064117, 4.82975053787, 4.96907043457, 5.23609972, 5.51473903656, 5.79337882996, 6.07201814651, 6.33904743195, 6.61768722534, 6.74539661407, 6.8963265419, 7.1517457962, 7.44199562073, 7.72063493729, 7.85995483398, 7.99927425385, 8.26630401611, 8.54494285583, 8.83519268036, 9.10222244263, 9.21832180023, 9.36925125122, 9.64789104462, 9.92653083801]
    rubato_start: []
    rubato_stop: []
    perceptual_tempo: "unknown"

sfx:
    inharmonicity:
        dmean: 0.0518893301487
        dmean2: 0.092649653554
        dvar: 0.00311550637707
        dvar2: 0.00865717045963
        max: 0.36954459548
        mean: 0.0500572361052
        min: 2.7508031053e-05
        var: 0.00302057038061
    oddtoevenharmonicenergyratio:
        dmean: 8.64002132416
        dmean2: 14.8432664871
        dvar: 4582.97363281
        dvar2: 10534.7685547
        max: 835.272277832
        mean: 5.95707941055
        min: 0.000198316804017
        var: 3116.38916016
    pitch_after_max_to_before_max_energy_ratio: 14.7947797775
    pitch_centroid: 202.700866699
    pitch_max_to_total: 0.0536130517721
    pitch_min_to_total: 0.459207445383
    tristimulus:
        dmean: [0.232531681657, 0.281088262796, 0.144623875618]
        dmean2: [0.416502833366, 0.495289236307, 0.257708758116]
        dvar: [0.0448394790292, 0.0544375777245, 0.0175995156169]
        dvar2: [0.116538055241, 0.151403412223, 0.0483788251877]
        max: [0.972936749458, 0.979257047176, 0.858412504196]
        mean: [0.348407387733, 0.42624732852, 0.135965198278]
        min: [0.00138882687315, 0, 0]
        var: [0.0593451745808, 0.0730710029602, 0.0199767630547]

tonal:
    chords_changes_rate: 0.0276497695595
    chords_number_rate: 0.0138248847798
    chords_strength:
        dmean: 0.0112678669393
        dmean2: 0.011224353686
        dvar: 7.60464463383e-05
        dvar2: 8.96703277249e-05
        max: 0.741758167744
        mean: 0.570020139217
        min: 0.352295041084
        var: 0.00691092060879
    key_strength: 0.772228479385
    tuning_diatonic_strength: 0.738242149353
    tuning_equal_tempered_deviation: 0.110145621002
    tuning_frequency: 438.984558105
    tuning_nontempered_energy_ratio: 0.763046741486
    hpcp:
        dmean: [0.171134099364, 0.169745132327, 0.121206916869, 0.107612065971, 0.0849910825491, 0.111668460071, 0.117106154561, 0.120490081608, 0.123749300838, 0.0995352268219, 0.0990871712565, 0.154186934233, 0.22230052948, 0.23608186841, 0.269938498735, 0.274149417877, 0.249340176582, 0.198477134109, 0.181733116508, 0.164575502276, 0.12821149826, 0.134215548635, 0.136845842004, 0.161436662078, 0.123854495585, 0.0936474278569, 0.146029978991, 0.158568173647, 0.154023587704, 0.220574766397, 0.240998208523, 0.180268228054, 0.128280192614, 0.0968459770083, 0.124424226582, 0.153818190098]
        dmean2: [0.288396269083, 0.283081769943, 0.214259386063, 0.189725726843, 0.146501466632, 0.187076851726, 0.196515798569, 0.199543625116, 0.212734103203, 0.160415366292, 0.15838880837, 0.250717550516, 0.391631543636, 0.432481974363, 0.471275269985, 0.480954557657, 0.435012042522, 0.33343744278, 0.31253361702, 0.275689899921, 0.212493047118, 0.225596725941, 0.2356646806, 0.285292387009, 0.211794793606, 0.158878415823, 0.252819061279, 0.269010484219, 0.259677916765, 0.380969882011, 0.426556497812, 0.302823841572, 0.216874063015, 0.152865871787, 0.206137433648, 0.262729883194]
        dvar: [0.0424537174404, 0.0409300327301, 0.0314700119197, 0.0314697735012, 0.017491010949, 0.0315448157489, 0.0320317000151, 0.0300592351705, 0.0361254476011, 0.0173658933491, 0.0142721636221, 0.0260666329414, 0.0516222082078, 0.0639677792788, 0.0651851668954, 0.0687280148268, 0.0421438030899, 0.0336791910231, 0.0475227795541, 0.042884785682, 0.0251943264157, 0.0279088132083, 0.0247834958136, 0.0492419488728, 0.0203403364867, 0.00940299779177, 0.0302574262023, 0.0441535934806, 0.0283627286553, 0.0577321089804, 0.0671809241176, 0.0444102287292, 0.0307057779282, 0.0124684767798, 0.0283729918301, 0.029446888715]
        dvar2: [0.114303849638, 0.112874411047, 0.0876098796725, 0.0955383405089, 0.0455932915211, 0.0859418585896, 0.0790247991681, 0.0672510117292, 0.0896470621228, 0.0474216677248, 0.0329682454467, 0.0670299902558, 0.145723372698, 0.18158853054, 0.186936378479, 0.1970936656, 0.12221173197, 0.0935425236821, 0.124303594232, 0.102586783469, 0.0631323456764, 0.0621933788061, 0.0626933500171, 0.138908624649, 0.0567282736301, 0.0256258845329, 0.0835798457265, 0.106486305594, 0.0693397223949, 0.161366075277, 0.191738471389, 0.113155402243, 0.0816079601645, 0.033301346004, 0.0771079957485, 0.0813348740339]
        max: [1, 1, 1, 1, 0.923358976841, 1, 1, 1, 1, 0.903972148895, 1, 1, 1, 1, 1, 1, 1, 1, 1, 1, 1, 1, 1, 1, 0.720706939697, 0.546275734901, 1, 1, 0.90556871891, 1, 1, 1, 1, 0.716417014599, 1, 1]
        mean: [0.354607492685, 0.261426061392, 0.145488217473, 0.125114157796, 0.114488370717, 0.15905252099, 0.207010015845, 0.180188462138, 0.152824521065, 0.134981527925, 0.131766214967, 0.207740962505, 0.268800497055, 0.280698210001, 0.410961776972, 0.486037433147, 0.377506524324, 0.271394938231, 0.233171150088, 0.242357760668, 0.221166297793, 0.205261409283, 0.19766882062, 0.193461880088, 0.176711171865, 0.139311090112, 0.199073076248, 0.247625112534, 0.226957440376, 0.284387797117, 0.326913356781, 0.23897279799, 0.152439013124, 0.142340794206, 0.168635115027, 0.265836119652]
        min: [0.00291674467735, 0.00444688368589, 0.00273103429936, 0.00154060742352, 0.00145582831465, 0.0010285070166, 0.000874578603543, 0.0014977469109, 0.00202684849501, 0.00162070977967, 0.000739643524867, 0.000265138281975, 0.000539877742995, 0.00151547032874, 0.00955720059574, 0.0122694922611, 0.00616359198466, 0.0024668474216, 0.00235813600011, 0.00207273755223, 0.00161318667233, 0.00056442519417, 0.00112963281572, 0.00132763385773, 0.000683346064761, 0.000370356632629, 0.00138312461786, 0.00191510329023, 0.000856850121636, 0.000226095697144, 0.000263061956502, 0.000703558325768, 0.00101695978083, 0.00089879980078, 0.000596158206463, 0.00132496666629]
        var: [0.107201464474, 0.0520632117987, 0.027854476124, 0.0256490204483, 0.0181894954294, 0.0411500781775, 0.0681001022458, 0.0376878492534, 0.0349146164954, 0.0198518726975, 0.0180993936956, 0.0405393727124, 0.0648425742984, 0.0633447021246, 0.0983522161841, 0.127954855561, 0.079414524138, 0.0547586642206, 0.0581841990352, 0.063505679369, 0.0375395528972, 0.0572972632945, 0.0452379100025, 0.0511983893812, 0.0295853111893, 0.0143281994388, 0.047022420913, 0.0827093347907, 0.0483101382852, 0.0838844403625, 0.105435632169, 0.0643164142966, 0.0310194287449, 0.0178159810603, 0.0292605105788, 0.0508266836405]
    chords_histogram: [62.2119827271, 0, 9.67741966248, 0, 0, 0, 0, 0, 0, 0, 0, 0, 0, 0, 0, 0, 0, 0, 0, 0, 0, 0, 28.1105995178, 0]
    thpcp: [1, 0.776702582836, 0.558382809162, 0.479739069939, 0.498640120029, 0.455039650202, 0.422316044569, 0.40669465065, 0.39803904295, 0.363575220108, 0.286626249552, 0.409583836794, 0.509477436543, 0.466954648495, 0.585115015507, 0.672609448433, 0.491675704718, 0.313636362553, 0.292859733105, 0.346959114075, 0.546945750713, 0.729588866234, 0.537872254848, 0.299335420132, 0.257416725159, 0.235554635525, 0.327243357897, 0.425913721323, 0.370729595423, 0.314429521561, 0.277718365192, 0.271103024483, 0.427417606115, 0.553044855595, 0.577523827553, 0.845535218716]
    chords_key: "D"
    chords_scale: "major"
    key_key: "D"
    key_scale: "major"
    chords_progression: ["G", "G", "G", "G", "G", "G", "D", "D", "D", "D", "D", "D", "D", "D", "D", "D", "D", "D", "D", "D", "D", "D", "D", "D", "D", "D", "D", "D", "D", "D", "D", "D", "D", "D", "D", "D", "D", "D", "D", "D", "D", "D", "D", "D", "D", "D", "D", "D", "D", "D", "D", "D", "D", "D", "D", "D", "D", "D", "D", "D", "D", "D", "D", "D", "D", "D", "D", "D", "D", "D", "D", "D", "D", "D", "D", "D", "D", "D", "D", "D", "D", "D", "D", "D", "D", "D", "D", "D", "D", "D", "D", "D", "D", "D", "D", "D", "D", "D", "D", "D", "D", "D", "D", "G", "G", "G", "G", "G", "G", "G", "G", "G", "G", "G", "G", "G", "G", "G", "G", "G", "G", "G", "G", "G", "G", "G", "G", "G", "G", "G", "G", "G", "G", "G", "G", "G", "G", "G", "G", "G", "D", "D", "D", "D", "D", "A", "A", "A", "A", "A", "A", "A", "A", "A", "A", "A", "A", "A", "A", "A", "A", "A", "A", "A", "A", "A", "D", "D", "D", "D", "D", "D", "D", "D", "D", "D", "D", "D", "D", "D", "D", "D", "D", "D", "D", "D", "D", "D", "D", "D", "D", "D", "D", "D", "D", "D", "D", "D", "D", "G", "G", "G", "G", "G", "G", "G", "G", "G", "G", "G", "G", "G", "G", "G", "G", "G", "G"]
