
metadata:
    version:
        essentia: "1.2.2"
    audio_properties:
        analysis_sample_rate: 44100
        bitrate: 128
        channels: 2
        equal_loudness: 1
        length: 10.0571432114
        replay_gain: -11.6864738464
        downmix: "mix"
    tags:
        track: 21
        year: 0
        album: "Splitted by Mp3Splt v. 2.1"
        artist: "From 003.20 To 003.30"
        comment: "http://mp3splt.sf.net"
        genre: ""
        title: "06 Fanta.mp3"

highlevel:
    ballroom:
        all:
            ChaChaCha: 0.141621649265
            Jive: 0.20644582808
            Quickstep: 0.254061490297
            Rumba-American: 0.00854252278805
            Rumba-International: 0.0532066076994
            Rumba-Misc: 0.0188338160515
            Samba: 0.0831001624465
            Tango: 0.039210896939
            VienneseWaltz: 0.153563261032
            Waltz: 0.0414137467742
        probability: 0.254061490297
        value: "Quickstep"
    culture:
        all:
            non_western: 0.129532039165
            western: 0.870467960835
        probability: 0.870467960835
        value: "western"
    gender:
        all:
            female: 0.21393109858
            male: 0.786068916321
        probability: 0.786068916321
        value: "male"
    genre_dortmund:
        all:
            alternative: 0.0227450300008
            blues: 0.125898942351
            electronic: 0.0187609661371
            folkcountry: 0.294694155455
            funksoulrnb: 0.0901282802224
            jazz: 0.295729517937
            pop: 0.0804225876927
            raphiphop: 0.00762384012341
            rock: 0.0639966726303
        probability: 0.295729517937
        value: "jazz"
    genre_electronica:
        all:
            ambient: 0.420777082443
            dnb: 0.309797078371
            house: 0.118783295155
            techno: 0.0204701237381
            trance: 0.130172416568
        probability: 0.420777082443
        value: "ambient"
    genre_rosamerica:
        all:
            cla: 0.0335420668125
            dan: 0.0164213441312
            hip: 0.0131362825632
            jaz: 0.0228508338332
            pop: 0.391106039286
            rhy: 0.0270010009408
            roc: 0.489611595869
            spe: 0.00633085193112
        probability: 0.489611595869
        value: "roc"
    genre_tzanetakis:
        all:
            blu: 0.0099322181195
            cla: 0.00675667030737
            cou: 0.213895514607
            dis: 0.123215168715
            hip: 0.00706711085513
            jaz: 0.0181839317083
            met: 0.0131390411407
            pop: 0.253073036671
            reg: 0.0413185842335
            roc: 0.313418745995
        probability: 0.313418745995
        value: "roc"
    live_studio:
        all:
            live: 0.124872237444
            studio: 0.875127792358
        probability: 0.875127792358
        value: "studio"
    mood:
        all:
            Cluster1: 0.164398223162
            Cluster2: 0.348713099957
            Cluster3: 0.231188490987
            Cluster4: 0.180723339319
            Cluster5: 0.0749768614769
        probability: 0.348713099957
        value: "Cluster2"
    mood_acoustic:
        all:
            acoustic: 0.520088195801
            not_acoustic: 0.479911804199
        probability: 0.520088195801
        value: "acoustic"
    mood_aggressive:
        all:
            aggressive: 0.0447755306959
            not_aggressive: 0.955224454403
        probability: 0.955224454403
        value: "not_aggressive"
    mood_electronic:
        all:
            electronic: 0.164356216788
            not_electronic: 0.835643768311
        probability: 0.835643768311
        value: "not_electronic"
    mood_happy:
        all:
            happy: 0.895767092705
            not_happy: 0.104232899845
        probability: 0.895767092705
        value: "happy"
    mood_party:
        all:
            not_party: 0.78821593523
            party: 0.211784034967
        probability: 0.78821593523
        value: "not_party"
    mood_relaxed:
        all:
            not_relaxed: 0.259623497725
            relaxed: 0.740376472473
        probability: 0.740376472473
        value: "relaxed"
    mood_sad:
        all:
            not_sad: 0.145030736923
            sad: 0.854969263077
        probability: 0.854969263077
        value: "sad"
    rhythm:
        all:
            fast: 0.907451689243
            medium: 0.083257727325
            slow: 0.00929056853056
        probability: 0.907451689243
        value: "fast"
    speech_music:
        all:
            music: 0.116680122912
            speech: 0.883319854736
        probability: 0.883319854736
        value: "speech"
    timbre:
        all:
            bright: 0.941949009895
            dark: 0.0580510124564
        probability: 0.941949009895
        value: "bright"
    voice_instrumental:
        all:
            instrumental: 0.188762024045
            voice: 0.811237990856
        probability: 0.811237990856
        value: "voice"

lowlevel:
    average_loudness: 0.98185133934
    barkbands_kurtosis:
        dmean: 1.31670367718
        dmean2: 1.99315929413
        dvar: 2.55576348305
        dvar2: 5.29820013046
        max: 18.0116691589
        mean: 0.885801136494
        min: -1.8339048624
        var: 8.65650177002
    barkbands_skewness:
        dmean: 0.429898589849
        dmean2: 0.62316185236
        dvar: 0.14894682169
        dvar2: 0.284359484911
        max: 3.58113741875
        mean: 0.937822341919
        min: -0.88512557745
        var: 0.664884507656
    barkbands_spread:
        dmean: 4.86444377899
        dmean2: 7.3921380043
        dvar: 19.9393177032
        dvar2: 39.8413085938
        max: 46.8231201172
        mean: 24.8032894135
        min: 3.74556493759
        var: 122.899093628
    dissonance:
        dmean: 0.0266139190644
        dmean2: 0.0444777570665
        dvar: 0.000838228268549
        dvar2: 0.00146830023732
        max: 0.498529046774
        mean: 0.441970646381
        min: 0
        var: 0.00149440427776
    hfc:
        dmean: 1.96351575851
        dmean2: 2.70698642731
        dvar: 6.6914806366
        dvar2: 10.7104549408
        max: 22.5345096588
        mean: 5.31700181961
        min: 0.000705655722413
        var: 20.305147171
    pitch:
        dmean: 388.741027832
        dmean2: 754.536987305
        dvar: 1042908.6875
        dvar2: 2559744
        max: 4009.09082031
        mean: 549.750244141
        min: 82.2761230469
        var: 1045659.25
    pitch_instantaneous_confidence:
        dmean: 0.102772817016
        dmean2: 0.161328390241
        dvar: 0.00808058679104
        dvar2: 0.0197225138545
        max: 0.840314924717
        mean: 0.498827069998
        min: 0.19133245945
        var: 0.0197771508247
    pitch_salience:
        dmean: 0.0616724267602
        dmean2: 0.0995814278722
        dvar: 0.0024528792128
        dvar2: 0.00659375498071
        max: 0.953843414783
        mean: 0.637915670872
        min: 0.365395337343
        var: 0.00569910369813
    silence_rate_20dB:
        dmean: 0
        dmean2: 0
        dvar: 0
        dvar2: 0
        max: 1
        mean: 1
        min: 1
        var: 0
    silence_rate_30dB:
        dmean: 0
        dmean2: 0
        dvar: 0
        dvar2: 0
        max: 1
        mean: 1
        min: 1
        var: 0
    silence_rate_60dB:
        dmean: 0.161290317774
        dmean2: 0.321016162634
        dvar: 0.135276317596
        dvar2: 0.231821238995
        max: 1
        mean: 0.409195393324
        min: 0
        var: 0.24175529182
    spectral_centroid:
        dmean: 238.398025513
        dmean2: 352.438842773
        dvar: 63201.15625
        dvar2: 113452.351562
        max: 2439.58349609
        mean: 1120.70776367
        min: 368.45803833
        var: 245900.125
    spectral_complexity:
        dmean: 2.92840647697
        dmean2: 4.16898155212
        dvar: 8.01566791534
        dvar2: 11.0061702728
        max: 25
        mean: 11.8110599518
        min: 0
        var: 38.7385368347
    spectral_crest:
        dmean: 1.93741047382
        dmean2: 3.19385433197
        dvar: 2.92488646507
        dvar2: 7.55245447159
        max: 17.081111908
        mean: 7.58242845535
        min: 3.21027398109
        var: 6.19362163544
    spectral_decrease:
        dmean: 3.97346183734e-10
        dmean2: 5.6625720779e-10
        dvar: 2.31681941692e-19
        dvar2: 4.63199584635e-19
        max: -7.07655708663e-14
        mean: -1.01018959864e-09
        min: -4.38403535696e-09
        var: 5.22448774153e-19
    spectral_energy:
        dmean: 0.00165602064226
        dmean2: 0.00233602779917
        dvar: 3.95173310608e-06
        dvar2: 7.72531166149e-06
        max: 0.0184043385088
        mean: 0.00429495563731
        min: 3.31090717509e-07
        var: 9.43952727539e-06
    spectral_energyband_high:
        dmean: 6.72530950396e-05
        dmean2: 9.83554418781e-05
        dvar: 7.2179049404e-09
        dvar2: 1.46880854146e-08
        max: 0.000829297001474
        mean: 0.000155464600539
        min: 3.5889318184e-08
        var: 2.29000409746e-08
    spectral_energyband_low:
        dmean: 0.000134019792313
        dmean2: 0.000228050077567
        dvar: 8.94686280617e-08
        dvar2: 2.3722644471e-07
        max: 0.00427489448339
        mean: 0.000219589026528
        min: 1.14981180133e-08
        var: 1.6046242024e-07
    spectral_energyband_middle_high:
        dmean: 0.000574836099986
        dmean2: 0.00080332782818
        dvar: 5.26734424966e-07
        dvar2: 8.23780339942e-07
        max: 0.00601932639256
        mean: 0.00149014568888
        min: 1.69616939161e-07
        var: 1.76528146767e-06
    spectral_energyband_middle_low:
        dmean: 0.00114746310282
        dmean2: 0.00172082241625
        dvar: 2.27037412515e-06
        dvar2: 5.00672604176e-06
        max: 0.0120540587232
        mean: 0.00242974655703
        min: 1.13560759019e-07
        var: 3.62477453564e-06
    spectral_flatness_db:
        dmean: 0.0198582429439
        dmean2: 0.0298929363489
        dvar: 0.000282210530713
        dvar2: 0.000653193565086
        max: 0.282366424799
        mean: 0.185225725174
        min: 0.0489591807127
        var: 0.000927347631659
    spectral_flux:
        dmean: 0.0119148492813
        dmean2: 0.0170233938843
        dvar: 0.000127072184114
        dvar2: 0.000236964755459
        max: 0.0947388708591
        mean: 0.0382323972881
        min: 0.00585987186059
        var: 0.000370834633941
    spectral_kurtosis:
        dmean: 2.27245593071
        dmean2: 3.66887378693
        dvar: 4.99798107147
        dvar2: 11.3611106873
        max: 26.631439209
        mean: 5.50908708572
        min: 0.297019004822
        var: 13.0158452988
    spectral_rms:
        dmean: 0.000384144252166
        dmean2: 0.000524289847817
        dvar: 1.71585867292e-07
        dvar2: 2.71079812819e-07
        max: 0.00423738732934
        mean: 0.00190689763986
        min: 1.79726266651e-05
        var: 5.539421295e-07
    spectral_rolloff:
        dmean: 488.40057373
        dmean2: 795.780883789
        dvar: 459738
        dvar2: 845125.9375
        max: 4198.97460938
        mean: 2213.45458984
        min: 387.59765625
        var: 1439997.5
    spectral_skewness:
        dmean: 0.322007328272
        dmean2: 0.477426797152
        dvar: 0.0734067857265
        dvar2: 0.150940924883
        max: 4.08884906769
        mean: 1.64798259735
        min: 0.427574664354
        var: 0.379709035158
    spectral_spread:
        dmean: 534624.5
        dmean2: 719614.25
        dvar: 798635786240
        dvar2: 688308748288
        max: 26061460
        mean: 3649254.75
        min: 1857303
        var: 1.87958073754e+12
    spectral_strongpeak:
        dmean: 0.376853197813
        dmean2: 0.64232724905
        dvar: 0.51781052351
        dvar2: 1.33945000172
        max: 5.20490932465
        mean: 0.509803533554
        min: 0.000124136044178
        var: 0.471687287092
    zerocrossingrate:
        dmean: 0.00878680683672
        dmean2: 0.00961981900036
        dvar: 5.35500112164e-05
        dvar2: 5.94084376644e-05
        max: 0.125
        mean: 0.063713952899
        min: 0.0048828125
        var: 0.000495119486004
    barkbands:
        dmean: [1.27668073446e-07, 3.70129237126e-05, 0.000118522337289, 0.000212171667954, 0.000546388328075, 0.00025644825655, 0.000248268537689, 0.00024583862978, 0.000186990844668, 0.000115901741083, 6.32230512565e-05, 6.45138279651e-05, 3.70400375687e-05, 4.89655685669e-05, 7.76462111389e-05, 5.30517318111e-05, 7.89174155216e-05, 6.90530359861e-05, 0.000207784847589, 0.000127192441141, 3.03954202536e-05, 5.59925365451e-06, 1.12526890916e-06, 6.0290511783e-07, 2.39142877945e-07, 1.37277966772e-08, 4.92312013378e-09]
        dmean2: [1.99805256784e-07, 6.21474682703e-05, 0.00020229544316, 0.000363461265806, 0.000908718968276, 0.000375621195417, 0.000389812252251, 0.000408341613365, 0.00029119613464, 0.000181610594154, 0.000101048994111, 9.77528106887e-05, 5.8874305978e-05, 7.91095662862e-05, 0.000112035217171, 7.62701383792e-05, 0.000110498542199, 0.000109642554889, 0.000306698522763, 0.000188701727893, 4.45549412689e-05, 8.88072190719e-06, 1.86501574717e-06, 9.18176226605e-07, 3.92134865024e-07, 2.21396110334e-08, 7.4526393945e-09]
        dvar: [2.65202302393e-13, 5.12565101474e-09, 8.17965144506e-08, 1.69667160321e-07, 9.52958430389e-07, 1.10332443626e-07, 1.71677058347e-07, 1.99765764819e-07, 1.45066394452e-07, 5.15565652393e-08, 1.62077746779e-08, 1.05558468633e-08, 3.81740505873e-09, 1.03045554312e-08, 1.4492410827e-08, 9.35410771064e-09, 1.62135229687e-08, 1.04074047158e-08, 1.25265529505e-07, 5.06309412174e-08, 1.60591517862e-09, 7.525981921e-11, 5.4633255385e-12, 8.41623862616e-13, 2.55038449127e-13, 4.74473298108e-15, 4.87781795072e-15]
        dvar2: [6.57628031892e-13, 1.48846490688e-08, 2.18295340915e-07, 4.5682571681e-07, 2.56426824308e-06, 2.49301024269e-07, 3.7616612758e-07, 5.46719491012e-07, 3.48283322182e-07, 1.24123914702e-07, 4.32697575548e-08, 2.37435155981e-08, 9.94031701396e-09, 2.42308040299e-08, 2.72042690597e-08, 1.8667408952e-08, 3.57806264617e-08, 2.42235245196e-08, 2.34163039181e-07, 9.16143463314e-08, 3.00390579078e-09, 1.77197756468e-10, 1.46026489511e-11, 2.042597428e-12, 6.87503493805e-13, 1.17980788238e-14, 1.22313946216e-14]
        max: [6.87069041305e-06, 0.000652829301544, 0.00419086962938, 0.00353064504452, 0.00822800025344, 0.00321439490654, 0.00365985743701, 0.00376767665148, 0.00339543027803, 0.00223678047769, 0.00142608757596, 0.00119060813449, 0.000525691604707, 0.00119396450464, 0.00100934447255, 0.00113108509686, 0.00147146789823, 0.00113937386777, 0.00365040521137, 0.00273840734735, 0.000358454795787, 8.65949477884e-05, 2.22062608373e-05, 7.66464836488e-06, 5.90717991145e-06, 1.00491433841e-06, 1.03088177639e-06]
        mean: [1.76083688075e-07, 5.27217489434e-05, 0.000166706071468, 0.000263350171736, 0.000661586062051, 0.000501854985487, 0.000385551160434, 0.000304752553347, 0.000257575244177, 0.000182277784916, 0.000105294195237, 0.000101809018815, 5.18788401678e-05, 7.439271576e-05, 0.000123308651382, 7.06514038029e-05, 0.000127411942231, 0.000134250964038, 0.000397772178985, 0.000253515667282, 6.70457302476e-05, 8.92056414159e-06, 1.13499515919e-06, 7.7267833376e-07, 2.35247256342e-07, 1.08028910262e-08, 2.52291765257e-09]
        min: [8.61474364067e-11, 4.07083255993e-09, 7.25398763279e-09, 1.08112256925e-08, 3.13813934838e-08, 1.59373989561e-08, 2.67453525993e-09, 1.23399024332e-08, 3.57298759468e-08, 2.38647075435e-08, 9.05653063654e-09, 6.45201581051e-09, 7.07435710012e-09, 7.82524889331e-09, 6.13063733113e-09, 2.31033325804e-09, 4.04999545012e-09, 3.9732839241e-08, 6.02636802682e-08, 2.03623145012e-08, 1.1991165394e-08, 2.96695490398e-09, 2.65250399423e-09, 1.62958169181e-09, 1.06176822889e-09, 4.73356978614e-11, 5.29850990828e-14]
        var: [2.5382980765e-13, 7.64500374117e-09, 1.29128963522e-07, 1.75720558104e-07, 8.24460641979e-07, 2.51124049555e-07, 2.97664144e-07, 1.88922797406e-07, 1.98303681032e-07, 6.45421209811e-08, 3.50065789689e-08, 2.27516601115e-08, 5.57476997898e-09, 1.62548268179e-08, 3.27884208673e-08, 1.76631225202e-08, 4.07533704561e-08, 3.38549099865e-08, 3.01026517491e-07, 1.26673313616e-07, 4.38889147247e-09, 1.1178289544e-10, 4.43291453892e-12, 1.0202979954e-12, 1.8959822861e-13, 2.53856854259e-15, 2.44237609297e-15]
    mfcc:
        mean: [-748.793334961, 150.995559692, -49.6728553772, 53.867389679, -31.7924556732, -17.4713115692, -0.341049820185, -13.7731313705, -6.15590333939, -3.33991217613, -10.3189334869, -3.62683606148, -7.96867609024]
        cov: [[4181.77978516, -847.977539062, -578.103088379, 406.324920654, 92.0563278198, 180.360534668, 164.611618042, -239.594467163, -64.6883163452, 76.043762207, 49.2370643616, -96.1207809448, -72.1873092651], [-847.977539062, 578.365112305, 101.6668396, -77.5866470337, -44.8976974487, 21.0704803467, 48.1669616699, 40.8886184692, 5.82417917252, 35.6156806946, 47.9097175598, -5.78819131851, -10.6168470383], [-578.103088379, 101.6668396, 437.976287842, -177.323287964, 15.8813791275, -23.0528945923, -50.9153251648, 78.8781509399, 0.384786427021, -34.513885498, 4.79385566711, 32.0341110229, 47.8035507202], [406.324920654, -77.5866470337, -177.323287964, 341.21383667, 13.0322628021, 14.6098117828, 7.33106040955, -11.3779258728, 10.189250946, 31.5164051056, -45.0324287415, 23.7131137848, -8.70193576813], [92.0563278198, -44.8976974487, 15.8813791275, 13.0322628021, 116.268165588, 1.76485168934, -12.3775758743, -0.094052426517, -0.136009588838, -4.44022989273, -2.4097006321, -15.3369579315, 2.30861711502], [180.360534668, 21.0704803467, -23.0528945923, 14.6098117828, 1.76485168934, 167.038650513, 125.499389648, -2.43684625626, -27.8604888916, 29.0283355713, 63.955581665, -38.9435424805, -31.4313926697], [164.611618042, 48.1669616699, -50.9153251648, 7.33106040955, -12.3775758743, 125.499389648, 224.548431396, -1.6533010006, -31.1676101685, 56.6678848267, 89.8964614868, -63.1491889954, -32.1698379517], [-239.594467163, 40.8886184692, 78.8781509399, -11.3779258728, -0.094052426517, -2.43684625626, -1.6533010006, 99.5027084351, 20.5657215118, -20.5891609192, -9.80055618286, 32.298500061, 11.6179533005], [-64.6883163452, 5.82417917252, 0.384786427021, 10.189250946, -0.136009588838, -27.8604888916, -31.1676101685, 20.5657215118, 82.3887405396, 5.34759092331, -21.7853317261, 20.0434417725, 23.8114395142], [76.043762207, 35.6156806946, -34.513885498, 31.5164051056, -4.44022989273, 29.0283355713, 56.6678848267, -20.5891609192, 5.34759092331, 118.081031799, 39.2831001282, -36.5834693909, 2.01091551781], [49.2370643616, 47.9097175598, 4.79385566711, -45.0324287415, -2.4097006321, 63.955581665, 89.8964614868, -9.80055618286, -21.7853317261, 39.2831001282, 121.489189148, -29.3548851013, -18.5099334717], [-96.1207809448, -5.78819131851, 32.0341110229, 23.7131137848, -15.3369579315, -38.9435424805, -63.1491889954, 32.298500061, 20.0434417725, -36.5834693909, -29.3548851013, 96.4883499146, 31.1164302826], [-72.1873092651, -10.6168470383, 47.8035507202, -8.70193576813, 2.30861711502, -31.4313926697, -32.1698379517, 11.6179533005, 23.8114395142, 2.01091551781, -18.5099334717, 31.1164302826, 100.000801086]]
        icov: [[0.000494261679705, 0.000627825327683, 0.000229157318245, -0.000297184946248, -0.000175460590981, -0.000337720965035, -0.000177041889401, 0.000701995973941, -2.50780612987e-05, -2.81933262158e-05, -0.000211836770177, -6.97403520462e-05, 3.6459932744e-05], [0.000627825327683, 0.00283203786239, -0.000106894636701, -0.000143171360833, 0.000518782821018, -0.000308752758428, -0.000428010011092, 0.000219234178076, -0.000259565043962, -0.000720865500625, -0.000677706906572, -0.000119152849948, 0.000508272554725], [0.000229157318245, -0.000106894636701, 0.00401012646034, 0.00170540658291, -0.000892352487426, -0.000640157086309, 0.000991685665213, -0.0024049601052, 0.00118378759362, -0.000269744341495, -0.000201705028303, -0.000441498326836, -0.00137308286503], [-0.000297184946248, -0.000143171360833, 0.00170540658291, 0.00492768222466, -0.00102442468051, -0.000723291421309, -0.000340323953424, -0.000916795514058, 0.000383901206078, -0.00218923925422, 0.00266955327243, -0.00269973208196, 0.000463969918201], [-0.000175460590981, 0.000518782821018, -0.000892352487426, -0.00102442468051, 0.00984289962798, -0.000379054748919, 0.00158539658878, -0.000916963384952, -0.000294160563499, 0.000937088683713, -0.00094155583065, 0.00350938853808, -0.00067904824391], [-0.000337720965035, -0.000308752758428, -0.000640157086309, -0.000723291421309, -0.000379054748919, 0.0113262971863, -0.00509670143947, -0.00061571795959, 0.000875016849022, 0.000593345437665, -0.00196710159071, 0.000462093797978, 0.00123901106417], [-0.000177041889401, -0.000428010011092, 0.000991685665213, -0.000340323953424, 0.00158539658878, -0.00509670143947, 0.0110853398219, -0.00329071842134, 0.00140192557592, -0.00131169962697, -0.00407577911392, 0.00432520452887, -0.000774742220528], [0.000701995973941, 0.000219234178076, -0.0024049601052, -0.000916795514058, -0.000916963384952, -0.00061571795959, -0.00329071842134, 0.0160543806851, -0.00376920728013, 0.00182749284431, 0.0011795188766, -0.00468681752682, 0.0010411797557], [-2.50780612987e-05, -0.000259565043962, 0.00118378759362, 0.000383901206078, -0.000294160563499, 0.000875016849022, 0.00140192557592, -0.00376920728013, 0.0153421703726, -0.00265283929184, 0.00139042839874, -0.00102850771509, -0.00242984713987], [-2.81933262158e-05, -0.000720865500625, -0.000269744341495, -0.00218923925422, 0.000937088683713, 0.000593345437665, -0.00131169962697, 0.00182749284431, -0.00265283929184, 0.0127969738096, -0.00354998931289, 0.00454747630283, -0.00232562143356], [-0.000211836770177, -0.000677706906572, -0.000201705028303, 0.00266955327243, -0.00094155583065, -0.00196710159071, -0.00407577911392, 0.0011795188766, 0.00139042839874, -0.00354998931289, 0.0147176040336, -0.00241516856477, 0.00127512554172], [-6.97403520462e-05, -0.000119152849948, -0.000441498326836, -0.00269973208196, 0.00350938853808, 0.000462093797978, 0.00432520452887, -0.00468681752682, -0.00102850771509, 0.00454747630283, -0.00241516856477, 0.0188095066696, -0.00423312559724], [3.6459932744e-05, 0.000508272554725, -0.00137308286503, 0.000463969918201, -0.00067904824391, 0.00123901106417, -0.000774742220528, 0.0010411797557, -0.00242984713987, -0.00232562143356, 0.00127512554172, -0.00423312559724, 0.0129904225469]]
    spectral_contrast:
        mean: [-1.75689493176e-07, -2.83452521899e-07, -4.69335077469e-07, -4.14451420738e-07, -4.59738593861e-08, 1.19209289551e-07, 2.52481981988e-06, 1.42453728813e-07, -2.52701717329e-08, -3.59550608664e-06, 1.63075014825e-06, 8.44902729114e-07]
        var: [0.000567919923924, 0.000870514835697, 0.00209084548987, 0.0026451353915, 0.00343606923707, 0.00599040323868, 0.0595325268805, 0.0943590253592, 0.182074025273, 0.23712477088, 0.456744998693, 1.92758357525]

rhythm:
    beats_loudness:
        dmean: 0.0038843229413
        dmean2: 0.00719595234841
        dvar: 5.11991220264e-06
        dvar2: 1.46627771755e-05
        max: 0.00837190821767
        mean: 0.00490711722523
        min: 0.000867893977556
        var: 6.53191591482e-06
    beats_loudness_bass:
        dmean: 0.125487148762
        dmean2: 0.226238965988
        dvar: 0.00881518796086
        dvar2: 0.0320469513535
        max: 0.375172764063
        mean: 0.0961108580232
        min: 0.0046666841954
        var: 0.00935572106391
    bpm: 79.6490402222
    bpm_confidence: 0
    first_peak_bpm: 159
    first_peak_spread: 0
    first_peak_weight: 0.555555582047
    onset_rate: 4.87215900421
    second_peak_bpm: 80
    second_peak_spread: 0
    second_peak_weight: 0.388888895512
    beats_position: [0.18829844892, 0.941603958607, 1.69490945339, 2.44821500778, 3.20152068138, 3.95482635498, 4.70813179016, 5.46143770218, 6.11867332458, 6.49486970901, 6.87106561661, 7.24726200104, 7.62345790863, 7.99965381622, 8.37584972382, 8.75204658508, 9.12824249268, 9.50443840027, 9.88063430786]
    bpm_estimates: [79.6386871338, 79.7089309692, 79.655128479, 79.6097183228, 79.4890289307, 79.6095962524, 79.7231750488, 79.75806427]
    bpm_intervals: [0.753305494785, 0.753305494785, 0.75330555439, 0.753305673599, 0.753305673599, 0.753305435181, 0.753305912018, 0.657235622406, 0.37619638443, 0.376195907593, 0.37619638443, 0.376195907593, 0.376195907593, 0.376195907593, 0.376196861267, 0.376195907593, 0.376195907593, 0.376195907593]
    onset_times: [0.0348299331963, 0.18575963378, 0.429569154978, 0.568888902664, 0.777868509293, 0.952018141747, 1.54412698746, 1.69505667686, 1.89242625237, 2.0549659729, 2.27555561066, 2.43809533119, 2.65868473053, 2.80961441994, 3.06503391266, 3.20435380936, 3.44816327095, 3.58748292923, 3.78485250473, 3.98222231865, 4.34213161469, 4.57433128357, 4.74848079681, 4.93424034119, 5.10838985443, 5.32897949219, 5.47990942001, 5.71210861206, 5.86303853989, 6.08362817764, 6.24616765976, 6.48997735977, 6.62929725647, 6.82666683197, 7.01242637634, 7.24462604523, 7.6277551651, 7.7670750618, 7.95283460617, 8.13859367371, 8.35918331146, 8.51011371613, 8.70748329163, 8.88163280487, 9.13705253601, 9.27637195587, 9.64789104462, 9.86848068237, 10.0310201645]
    rubato_start: [6.49486970901]
    rubato_stop: [9.88063430786]
    perceptual_tempo: "unknown"

sfx:
    inharmonicity:
        dmean: 0.0402269288898
        dmean2: 0.0694834068418
        dvar: 0.00209180405363
        dvar2: 0.00567400548607
        max: 0.330511808395
        mean: 0.0396065600216
        min: 0
        var: 0.00217826967128
    oddtoevenharmonicenergyratio:
        dmean: 2.21201014519
        dmean2: 4.12787818909
        dvar: 60.283618927
        dvar2: 175.828536987
        max: 90.5495147705
        mean: 1.5272039175
        min: 0
        var: 33.6518173218
    pitch_after_max_to_before_max_energy_ratio: 9.46663284302
    pitch_centroid: 217.697662354
    pitch_max_to_total: 0.152073726058
    pitch_min_to_total: 0.654377877712
    tristimulus:
        dmean: [0.229546502233, 0.249562740326, 0.0845351442695]
        dmean2: [0.392056435347, 0.418210268021, 0.14988681674]
        dvar: [0.0372630171478, 0.0424406267703, 0.00727173732594]
        dvar2: [0.096154153347, 0.108306854963, 0.020687898621]
        max: [1, 0.966351568699, 0.461436927319]
        mean: [0.442071259022, 0.431335091591, 0.0824225321412]
        min: [0.0257820934057, 0, 0]
        var: [0.0545685328543, 0.0659623667598, 0.00822664331645]

tonal:
    chords_changes_rate: 0.0596330277622
    chords_number_rate: 0.0183486230671
    chords_strength:
        dmean: 0.00973590742797
        dmean2: 0.00936718098819
        dvar: 6.04882225161e-05
        dvar2: 5.38423882972e-05
        max: 0.667018890381
        mean: 0.534388542175
        min: 0.324609875679
        var: 0.00758038088679
    key_strength: 0.762740254402
    tuning_diatonic_strength: 0.618994057178
    tuning_equal_tempered_deviation: 0.0618505142629
    tuning_frequency: 438.984558105
    tuning_nontempered_energy_ratio: 0.680681109428
    hpcp:
        dmean: [0.157285019755, 0.14322078228, 0.106510467827, 0.110745958984, 0.1112485677, 0.121405236423, 0.153326839209, 0.124415174127, 0.132462009788, 0.126930251718, 0.140860125422, 0.185996845365, 0.153520718217, 0.112542942166, 0.152441158891, 0.21990455687, 0.193441838026, 0.115515030921, 0.108151227236, 0.101815603673, 0.122392624617, 0.151811242104, 0.137462213635, 0.117677055299, 0.0915423482656, 0.0683338493109, 0.0775269418955, 0.0958200544119, 0.115968123078, 0.197555154562, 0.231885075569, 0.205246254802, 0.131077945232, 0.111539341509, 0.129314407706, 0.156997591257]
        dmean2: [0.261731952429, 0.232661217451, 0.181381642818, 0.191254302859, 0.19166430831, 0.20235607028, 0.257365822792, 0.202296480536, 0.229942813516, 0.211819633842, 0.236504480243, 0.327412396669, 0.271005034447, 0.190668314695, 0.248259320855, 0.353414088488, 0.32090306282, 0.210402861238, 0.194960772991, 0.173266977072, 0.198943257332, 0.243502244353, 0.232276901603, 0.203602969646, 0.1577039361, 0.119659721851, 0.133473470807, 0.156100690365, 0.206604585052, 0.334759920835, 0.383821636438, 0.336454749107, 0.221942603588, 0.181361168623, 0.20311576128, 0.267458438873]
        dvar: [0.0398705750704, 0.033265940845, 0.0191091950983, 0.0310050528497, 0.0291933659464, 0.0191370248795, 0.0342932641506, 0.0199180357158, 0.0314311273396, 0.0297871660441, 0.0305558983237, 0.0628625005484, 0.0450442284346, 0.0240807496011, 0.033253762871, 0.0515305697918, 0.0452763736248, 0.0340406671166, 0.0412745922804, 0.0261445064098, 0.0221556276083, 0.0340233780444, 0.0226879809052, 0.035968631506, 0.0181219186634, 0.0148729411885, 0.0145383430645, 0.0244183260947, 0.0297224801034, 0.0409962981939, 0.0697869807482, 0.0447691828012, 0.0348193235695, 0.0205966420472, 0.0248959362507, 0.0357962436974]
        dvar2: [0.078899346292, 0.0815531238914, 0.0460455976427, 0.0876553729177, 0.0820139572024, 0.0502664074302, 0.0741215124726, 0.045344941318, 0.0824720486999, 0.0774448290467, 0.0815440788865, 0.164585962892, 0.124688990414, 0.0660809800029, 0.0821122452617, 0.12547647953, 0.118816979229, 0.100857362151, 0.110788956285, 0.0638845860958, 0.0492123030126, 0.0687444731593, 0.0567158311605, 0.0906703770161, 0.0429565161467, 0.0437323786318, 0.0398757867515, 0.0577343702316, 0.0798896700144, 0.104332834482, 0.147757828236, 0.125439092517, 0.0969084873796, 0.0505916774273, 0.0559391900897, 0.0814105942845]
        max: [1, 1, 0.77650308609, 1, 1, 1, 1, 1, 1, 1, 1, 1, 0.995047390461, 1, 1, 1, 1, 1, 1, 1, 1, 1, 1, 1, 0.914339840412, 1, 0.774892985821, 1, 1, 1, 1, 1, 1, 0.83946955204, 1, 1]
        mean: [0.254375725985, 0.20105291903, 0.119150966406, 0.108424507082, 0.112086459994, 0.196469575167, 0.295971333981, 0.227143019438, 0.18013510108, 0.217952340841, 0.175605550408, 0.151289224625, 0.140767231584, 0.110491409898, 0.195692837238, 0.331617385149, 0.254756212234, 0.107964426279, 0.0844196379185, 0.0883466377854, 0.219292700291, 0.352672308683, 0.258309155703, 0.156936109066, 0.11400077492, 0.0660885125399, 0.0960735455155, 0.131191879511, 0.122385188937, 0.29858481884, 0.515796780586, 0.350541174412, 0.141327783465, 0.131673410535, 0.149262353778, 0.200970038772]
        min: [0.00164070155006, 0.00171880074777, 0.000957674172241, 0.000703434285242, 0.000593952427153, 0.0080870045349, 0.0211580097675, 0.0103278225288, 0.00216540321708, 0.000903130334336, 0.000781980517786, 0.000806455675047, 0.000858829589561, 0.00107365392614, 0.00487152161077, 0.00696797389537, 0.00145805405919, 0.00119944592007, 0.000627342844382, 0.000417730130721, 0.00062878918834, 0.000674023176543, 0.00421589240432, 0.00446399440989, 0.00201711687259, 0.000963164144196, 0.000344046391547, 0.000768309575506, 0.00101837492548, 0.00369684537873, 0.00572768319398, 0.00364310317673, 0.00184666831046, 0.000803662114777, 0.00127183343284, 0.00137365597766]
        var: [0.0863799229264, 0.0497955866158, 0.0215180143714, 0.0257049351931, 0.0266335289925, 0.0312310792506, 0.0773418843746, 0.0492753647268, 0.0552343018353, 0.0858709439635, 0.046938419342, 0.0523634254932, 0.0412232279778, 0.0234584063292, 0.0422336272895, 0.0936258882284, 0.0640635788441, 0.0266183633357, 0.0299920681864, 0.0227616839111, 0.0506863892078, 0.122218690813, 0.0566123835742, 0.0485321804881, 0.0270831156522, 0.0105678867549, 0.0201825462282, 0.0483104474843, 0.0312786139548, 0.066019192338, 0.150024712086, 0.0716844424605, 0.0361744426191, 0.0284309256822, 0.0353945121169, 0.0535065047443]
    chords_histogram: [46.3302764893, 11.9266052246, 40.366973877, 0, 0, 0, 0, 0, 0, 0, 0, 0, 0, 0, 0, 0, 0, 0, 0, 1.37614679337, 0, 0, 0, 0]
    thpcp: [1, 0.679611027241, 0.273998975754, 0.255281567574, 0.289382100105, 0.389630258083, 0.493170440197, 0.389790952206, 0.231003701687, 0.210207805037, 0.217307403684, 0.380905002356, 0.573813855648, 0.44037309289, 0.349236577749, 0.422554671764, 0.340454906225, 0.293311685324, 0.272912204266, 0.214215010405, 0.379399091005, 0.642922580242, 0.493908107281, 0.209315821528, 0.16366840899, 0.17128187418, 0.425153285265, 0.683742761612, 0.500796377659, 0.304259568453, 0.221018776298, 0.12812897563, 0.186262398958, 0.254348009825, 0.237274050713, 0.578880727291]
    chords_key: "C"
    chords_scale: "major"
    key_key: "C"
    key_scale: "major"
    chords_progression: ["Em", "Em", "Em", "C", "C", "C", "C", "C", "C", "C", "C", "C", "C", "C", "C", "C", "C", "C", "C", "C", "C", "C", "C", "C", "C", "C", "C", "C", "C", "C", "C", "C", "C", "C", "C", "C", "C", "C", "C", "C", "C", "C", "C", "C", "C", "C", "C", "C", "C", "C", "C", "C", "C", "C", "C", "C", "Em", "G", "G", "G", "G", "G", "G", "G", "G", "G", "G", "G", "G", "G", "G", "G", "G", "G", "G", "G", "G", "G", "G", "G", "G", "G", "G", "G", "G", "G", "G", "G", "G", "G", "G", "G", "G", "G", "G", "G", "G", "G", "G", "G", "G", "G", "G", "G", "G", "G", "G", "G", "Gm", "Gm", "G", "G", "G", "Gm", "G", "G", "G", "G", "G", "G", "G", "G", "G", "G", "G", "G", "G", "G", "G", "G", "G", "G", "Em", "Em", "Em", "Em", "Em", "Em", "Em", "C", "C", "C", "C", "C", "C", "C", "C", "C", "C", "C", "C", "C", "C", "C", "C", "C", "C", "C", "C", "C", "C", "C", "C", "C", "C", "C", "C", "C", "C", "C", "C", "C", "C", "C", "C", "C", "C", "C", "C", "C", "C", "C", "C", "C", "C", "C", "C", "Em", "Em", "Em", "Em", "Em", "Em", "Em", "Em", "Em", "G", "G", "G", "G", "Em", "Em", "Em", "Em", "Em", "Em", "G", "G", "G", "G", "G", "G", "G", "G", "G", "G", "G", "G"]
