
metadata:
    version:
        essentia: "1.2.2"
    audio_properties:
        analysis_sample_rate: 44100
        bitrate: 128
        channels: 2
        equal_loudness: 1
        length: 10.0310201645
        replay_gain: -7.73717498779
        downmix: "mix"
    tags:
        track: 47
        year: 0
        album: "Splitted by Mp3Splt v. 2.1"
        artist: "From 007.40 To 007.50"
        comment: "http://mp3splt.sf.net"
        genre: ""
        title: "03 Fill 25.mp3"

highlevel:
    ballroom:
        all:
            ChaChaCha: 0.261737018824
            Jive: 0.183883622289
            Quickstep: 0.0936018079519
            Rumba-American: 0.0219453740865
            Rumba-International: 0.0768796727061
            Rumba-Misc: 0.0443040169775
            Samba: 0.279922753572
            Tango: 0.00894674938172
            VienneseWaltz: 0.016867145896
            Waltz: 0.0119118373841
        probability: 0.279922753572
        value: "Samba"
    culture:
        all:
            non_western: 0.305276989937
            western: 0.694723010063
        probability: 0.694723010063
        value: "western"
    gender:
        all:
            female: 0.787810921669
            male: 0.212189093232
        probability: 0.787810921669
        value: "female"
    genre_dortmund:
        all:
            alternative: 0.0266647972167
            blues: 0.0442669168115
            electronic: 0.247131079435
            folkcountry: 0.0622129812837
            funksoulrnb: 0.059748660773
            jazz: 0.139834091067
            pop: 0.107981994748
            raphiphop: 0.193400815129
            rock: 0.118758656085
        probability: 0.247131079435
        value: "electronic"
    genre_electronica:
        all:
            ambient: 0.40565508604
            dnb: 0.0428573042154
            house: 0.0675837993622
            techno: 0.0577607527375
            trance: 0.426143050194
        probability: 0.426143050194
        value: "trance"
    genre_rosamerica:
        all:
            cla: 0.0235311780125
            dan: 0.127434238791
            hip: 0.0710647702217
            jaz: 0.0900310128927
            pop: 0.150552093983
            rhy: 0.416987836361
            roc: 0.0862962380052
            spe: 0.0341026186943
        probability: 0.416987836361
        value: "rhy"
    genre_tzanetakis:
        all:
            blu: 0.0167598985136
            cla: 0.016382034868
            cou: 0.0766434744
            dis: 0.0303323529661
            hip: 0.069333538413
            jaz: 0.02277626656
            met: 0.00490906974301
            pop: 0.184254601598
            reg: 0.510685563087
            roc: 0.0679231882095
        probability: 0.510685563087
        value: "reg"
    live_studio:
        all:
            live: 0.014805316925
            studio: 0.985194683075
        probability: 0.985194683075
        value: "studio"
    mood:
        all:
            Cluster1: 0.216758742929
            Cluster2: 0.3450281322
            Cluster3: 0.107207208872
            Cluster4: 0.14343214035
            Cluster5: 0.187573775649
        probability: 0.3450281322
        value: "Cluster2"
    mood_acoustic:
        all:
            acoustic: 0.285605072975
            not_acoustic: 0.714394927025
        probability: 0.714394927025
        value: "not_acoustic"
    mood_aggressive:
        all:
            aggressive: 0.0635962560773
            not_aggressive: 0.936403751373
        probability: 0.936403751373
        value: "not_aggressive"
    mood_electronic:
        all:
            electronic: 0.895804584026
            not_electronic: 0.104195445776
        probability: 0.895804584026
        value: "electronic"
    mood_happy:
        all:
            happy: 0.324370831251
            not_happy: 0.675629198551
        probability: 0.675629198551
        value: "not_happy"
    mood_party:
        all:
            not_party: 0.437722563744
            party: 0.562277436256
        probability: 0.562277436256
        value: "party"
    mood_relaxed:
        all:
            not_relaxed: 0.40758356452
            relaxed: 0.592416405678
        probability: 0.592416405678
        value: "relaxed"
    mood_sad:
        all:
            not_sad: 0.50636780262
            sad: 0.493632167578
        probability: 0.50636780262
        value: "not_sad"
    rhythm:
        all:
            fast: 0.443820923567
            medium: 0.32986587286
            slow: 0.226313203573
        probability: 0.443820923567
        value: "fast"
    speech_music:
        all:
            music: 0.696304738522
            speech: 0.303695291281
        probability: 0.696304738522
        value: "music"
    timbre:
        all:
            bright: 0.641657233238
            dark: 0.358342766762
        probability: 0.641657233238
        value: "bright"
    voice_instrumental:
        all:
            instrumental: 0.261768698692
            voice: 0.738231301308
        probability: 0.738231301308
        value: "voice"

lowlevel:
    average_loudness: 0.972107589245
    barkbands_kurtosis:
        dmean: 9.59418010712
        dmean2: 15.1982727051
        dvar: 701.421386719
        dvar2: 1618.66235352
        max: 286.848754883
        mean: 8.71555614471
        min: -1.80341148376
        var: 841.694213867
    barkbands_skewness:
        dmean: 1.08061087132
        dmean2: 1.70685422421
        dvar: 1.6266644001
        dvar2: 4.20093107224
        max: 15.2909021378
        mean: 1.45700764656
        min: -2.14831423759
        var: 3.80474352837
    barkbands_spread:
        dmean: 9.14214038849
        dmean2: 14.7050046921
        dvar: 66.0168914795
        dvar2: 154.028945923
        max: 49.333114624
        mean: 21.9494361877
        min: 0.224948361516
        var: 161.324676514
    dissonance:
        dmean: 0.040267072618
        dmean2: 0.0650909990072
        dvar: 0.00177194725256
        dvar2: 0.00446297600865
        max: 0.499786704779
        mean: 0.427899211645
        min: 0.0742233246565
        var: 0.00373774324544
    hfc:
        dmean: 4.13947439194
        dmean2: 6.43141555786
        dvar: 27.8159332275
        dvar2: 70.1199874878
        max: 35.4069023132
        mean: 4.53139352798
        min: 0.0471969358623
        var: 28.8161373138
    pitch:
        dmean: 745.49822998
        dmean2: 1417.86181641
        dvar: 1679300.875
        dvar2: 4410017
        max: 4900
        mean: 734.507873535
        min: 95.2483825684
        var: 1269552.125
    pitch_instantaneous_confidence:
        dmean: 0.138463228941
        dmean2: 0.22953954339
        dvar: 0.0135343754664
        dvar2: 0.0321449935436
        max: 0.979213297367
        mean: 0.494472712278
        min: 0.17208647728
        var: 0.0340977162123
    pitch_salience:
        dmean: 0.105711728334
        dmean2: 0.172960489988
        dvar: 0.00868588499725
        dvar2: 0.0205368157476
        max: 0.823497593403
        mean: 0.568588137627
        min: 0.0708625614643
        var: 0.0182446092367
    silence_rate_20dB:
        dmean: 0
        dmean2: 0
        dvar: 0
        dvar2: 0
        max: 1
        mean: 1
        min: 1
        var: 0
    silence_rate_30dB:
        dmean: 0
        dmean2: 0
        dvar: 0
        dvar2: 0
        max: 1
        mean: 1
        min: 1
        var: 0
    silence_rate_60dB:
        dmean: 0.314814805984
        dmean2: 0.628770291805
        dvar: 0.215706333518
        dvar2: 0.289102703333
        max: 1
        mean: 0.487297922373
        min: 0
        var: 0.249838322401
    spectral_centroid:
        dmean: 348.365234375
        dmean2: 568.550109863
        dvar: 115434.8125
        dvar2: 257432.90625
        max: 3112.22338867
        mean: 1139.29052734
        min: 315.350860596
        var: 319908.4375
    spectral_complexity:
        dmean: 4.79814386368
        dmean2: 6.99534893036
        dvar: 29.3815746307
        dvar2: 66.7161483765
        max: 42
        mean: 7.16666650772
        min: 0
        var: 42.2129364014
    spectral_crest:
        dmean: 3.42692756653
        dmean2: 5.54925441742
        dvar: 7.83335494995
        dvar2: 16.7743873596
        max: 26.5994758606
        mean: 10.6599206924
        min: 2.81570887566
        var: 29.3313846588
    spectral_decrease:
        dmean: 6.72327027385e-10
        dmean2: 1.02516550804e-09
        dvar: 5.43856570298e-19
        dvar2: 1.32047401015e-18
        max: -2.62207165702e-11
        mean: -9.09026465212e-10
        min: -4.72314809485e-09
        var: 6.89593283123e-19
    spectral_energy:
        dmean: 0.00290213897824
        dmean2: 0.00442115729675
        dvar: 1.03831953311e-05
        dvar2: 2.54919341387e-05
        max: 0.0210377741605
        mean: 0.0038418835029
        min: 0.000106720057374
        var: 1.26114009618e-05
    spectral_energyband_high:
        dmean: 0.000246495881584
        dmean2: 0.000398335279897
        dvar: 8.67090079737e-08
        dvar2: 2.07392943707e-07
        max: 0.00184686935972
        mean: 0.00023470405722
        min: 2.47973360956e-07
        var: 9.64192139463e-08
    spectral_energyband_low:
        dmean: 0.000110284570837
        dmean2: 0.0001843500213
        dvar: 5.79683643309e-08
        dvar2: 1.49806098193e-07
        max: 0.00181224849075
        mean: 0.000110327535367
        min: 7.08491256773e-07
        var: 4.70362842009e-08
    spectral_energyband_middle_high:
        dmean: 0.00113651447464
        dmean2: 0.00188282248564
        dvar: 5.06092692376e-06
        dvar2: 1.34890724439e-05
        max: 0.0152717214078
        mean: 0.00107801461127
        min: 4.37048328195e-07
        var: 4.03251806347e-06
    spectral_energyband_middle_low:
        dmean: 0.00158045976423
        dmean2: 0.00247773109004
        dvar: 2.70050759354e-06
        dvar2: 5.64633592148e-06
        max: 0.011322719045
        mean: 0.00241876393557
        min: 6.14212840446e-05
        var: 5.40114660907e-06
    spectral_flatness_db:
        dmean: 0.0348358228803
        dmean2: 0.0532470867038
        dvar: 0.00132768158801
        dvar2: 0.00284857396036
        max: 0.476674497128
        mean: 0.177051603794
        min: 0.0799571350217
        var: 0.00525544583797
    spectral_flux:
        dmean: 0.0213162340224
        dmean2: 0.0345662236214
        dvar: 0.000396713934606
        dvar2: 0.00089612568263
        max: 0.125084996223
        mean: 0.0414742045105
        min: 0.00524133304134
        var: 0.000524956732988
    spectral_kurtosis:
        dmean: 2.71975326538
        dmean2: 4.43610477448
        dvar: 16.8364582062
        dvar2: 41.9124908447
        max: 38.4174499512
        mean: 3.99270176888
        min: 0.3312458992
        var: 17.570848465
    spectral_rms:
        dmean: 0.000728691695258
        dmean2: 0.00104233063757
        dvar: 4.1854670485e-07
        dvar2: 9.10802100407e-07
        max: 0.00453041493893
        mean: 0.00174024701118
        min: 0.000322671869071
        var: 7.19719082554e-07
    spectral_rolloff:
        dmean: 895.400695801
        dmean2: 1584.14282227
        dvar: 1171360
        dvar2: 2651195.5
        max: 5167.96875
        mean: 2096.546875
        min: 322.998046875
        var: 2021899.5
    spectral_skewness:
        dmean: 0.468085885048
        dmean2: 0.717827916145
        dvar: 0.293618857861
        dvar2: 0.717692375183
        max: 5.27549219131
        mean: 1.57836282253
        min: 0.605476915836
        var: 0.445314764977
    spectral_spread:
        dmean: 898757.9375
        dmean2: 1428024.375
        dvar: 827636514816
        dvar2: 1.89627577139e+12
        max: 8695275
        mean: 5606963
        min: 1938221.125
        var: 1.89253484544e+12
    spectral_strongpeak:
        dmean: 0.331608742476
        dmean2: 0.558338522911
        dvar: 0.206602156162
        dvar2: 0.541243433952
        max: 3.65411567688
        mean: 0.562920987606
        min: 0.0193649362773
        var: 0.261200636625
    zerocrossingrate:
        dmean: 0.0134350983426
        dmean2: 0.0159009359777
        dvar: 0.00010869873222
        dvar2: 0.000164652738022
        max: 0.15380859375
        mean: 0.068576388061
        min: 0.013671875
        var: 0.000878635270055
    barkbands:
        dmean: [1.16103819892e-06, 4.63642973045e-05, 8.27157564345e-05, 0.000130073283799, 0.000293439486995, 0.00050546269631, 0.000597933481913, 0.000182949283044, 0.000133925015689, 4.25310354331e-05, 3.74409355572e-05, 6.82057579979e-05, 4.81952374685e-05, 0.000256013299804, 0.000359811208909, 0.00010268753249, 6.30938666291e-05, 6.02780892223e-05, 9.02123138076e-05, 0.000200731345103, 0.000142817822052, 3.26686422341e-05, 1.5701754819e-05, 2.48766559707e-06, 1.64155869697e-06, 5.21553680244e-08, 2.01280617174e-10]
        dmean2: [1.89136233075e-06, 7.32855623937e-05, 0.000152073451318, 0.000245330476901, 0.000529087439645, 0.000773791864049, 0.000930305744987, 0.000316284043947, 0.000223871233175, 7.20923781046e-05, 6.17965779384e-05, 0.000120874443382, 8.39651766e-05, 0.000472369487397, 0.000650192785542, 0.000172923595528, 0.000101377132523, 9.21148021007e-05, 0.000140705087688, 0.000333398143994, 0.000234366991208, 5.05312600581e-05, 2.51578076131e-05, 3.79717516807e-06, 2.50429411608e-06, 7.71028751956e-08, 3.56238594179e-10]
        dvar: [2.29258734392e-12, 9.54597823011e-09, 4.33877502815e-08, 1.16716549314e-07, 2.74586426485e-07, 4.30398216622e-07, 7.65032041272e-07, 8.79339410176e-08, 9.23413736587e-08, 5.95423754746e-09, 1.65238613903e-08, 1.30328459136e-08, 1.17728307103e-08, 7.72526561832e-07, 9.78078332992e-07, 6.45674020916e-08, 1.25929497941e-08, 2.69178883627e-08, 2.91762081162e-08, 5.52174519441e-08, 3.23924034262e-08, 1.59753665852e-09, 4.1428460662e-10, 7.4942959824e-12, 2.97755179887e-12, 5.49632098528e-15, 8.72678066559e-20]
        dvar2: [5.99602962767e-12, 2.41740938378e-08, 1.23570302435e-07, 3.32408717441e-07, 7.58901194331e-07, 8.9511246415e-07, 1.49230618263e-06, 2.23019924306e-07, 1.76150223297e-07, 1.59434669911e-08, 2.84975740783e-08, 3.67755603747e-08, 3.19994022391e-08, 2.21771301767e-06, 2.68825988314e-06, 1.68917765109e-07, 2.69663154029e-08, 6.55422525142e-08, 7.17409989193e-08, 1.25889286551e-07, 7.96330752451e-08, 3.88266307993e-09, 1.01621910886e-09, 1.72969728818e-11, 6.75708490896e-12, 1.23652503913e-14, 1.90737677518e-19]
        max: [8.77806087374e-06, 0.000626949302386, 0.0013860098552, 0.00191197544336, 0.0037463826593, 0.00772158661857, 0.00907112844288, 0.0025367976632, 0.00438231928274, 0.00069251988316, 0.00239024148323, 0.000880273582879, 0.000885403831489, 0.00616472074762, 0.00794686656445, 0.0026492793113, 0.00110786315054, 0.002058012411, 0.00197526882403, 0.00125111290254, 0.000881859159563, 0.000330255395966, 0.000177269248525, 1.68643910001e-05, 9.52347181737e-06, 5.2374872439e-07, 3.762165246e-09]
        mean: [1.78270056495e-06, 5.05382486153e-05, 5.80835076107e-05, 8.92553653102e-05, 0.000241669433308, 0.000680325494613, 0.000963448488619, 0.000223108538194, 0.000214144514757, 5.19893037563e-05, 6.01857354923e-05, 8.36875333334e-05, 3.84823106288e-05, 0.000155477988301, 0.000241303947405, 8.53985111462e-05, 7.10291860742e-05, 6.61036901874e-05, 0.000103776284959, 0.00018568559608, 0.000123178222566, 3.38257850672e-05, 1.51177819134e-05, 2.5731644655e-06, 1.65651385942e-06, 5.89533151185e-08, 1.89711565901e-10]
        min: [3.79753011259e-08, 3.54726495289e-07, 2.03770991192e-08, 5.48812817414e-09, 2.47986963586e-06, 3.55467773261e-06, 1.63728850566e-06, 2.26845315865e-07, 1.12546345576e-07, 1.60680748706e-08, 8.64265814471e-09, 1.68857585692e-08, 3.51036733015e-09, 5.60336665956e-09, 7.01810964898e-09, 6.68421229477e-09, 1.32111148687e-08, 1.56665223017e-08, 5.18096285873e-08, 7.03882534481e-08, 1.5426175537e-07, 2.0499458131e-08, 2.1600314426e-08, 2.98546054545e-09, 2.2461608129e-09, 6.02820085516e-11, 1.7656440749e-14]
        var: [2.1833108238e-12, 8.9325018493e-09, 2.53469192302e-08, 6.68075088583e-08, 1.85447490253e-07, 1.05985043319e-06, 2.16973739953e-06, 1.09183893926e-07, 3.18908917052e-07, 6.31782670624e-09, 6.72018742875e-08, 1.54655452889e-08, 8.00343880059e-09, 4.36550607219e-07, 6.14312398284e-07, 4.88321276748e-08, 1.89068938283e-08, 2.94865589723e-08, 4.33777387343e-08, 6.29995753343e-08, 3.15696162545e-08, 1.92958338197e-09, 4.74826511443e-10, 1.08255028206e-11, 4.17958940027e-12, 7.46790409595e-15, 8.44962087666e-20]
    mfcc:
        mean: [-765.089416504, 109.673492432, -11.7102212906, 49.7082672119, -32.0372200012, -6.83822822571, -19.8636112213, -16.4158477783, -4.6617193222, -0.936816632748, 1.73044681549, 2.30266022682, 7.23592615128]
        cov: [[7042.34863281, -1650.51086426, -1632.00671387, -494.320922852, 511.15020752, 377.070068359, 225.385299683, -189.063964844, -221.140411377, -114.429679871, -357.150909424, -381.047607422, -141.754745483], [-1650.51086426, 1097.94665527, 8.3237953186, -152.960617065, 9.32889652252, 104.323822021, -49.9680671692, 119.895027161, 102.806938171, -37.6158370972, 22.3428382874, 35.5535583496, -19.0747127533], [-1632.00671387, 8.3237953186, 1270.18811035, 486.575775146, -370.408416748, -308.411071777, -181.210739136, -153.849304199, -13.245016098, 125.038078308, 221.072998047, 139.986679077, 52.6111984253], [-494.320922852, -152.960617065, 486.575775146, 471.072540283, -56.7265129089, -183.812866211, -89.3467254639, -59.6187973022, -43.46434021, 24.0204524994, 113.157989502, 81.0224914551, 28.2381134033], [511.15020752, 9.32889652252, -370.408416748, -56.7265129089, 241.325653076, 152.939926147, 42.5782279968, 23.3108730316, -23.6129455566, -54.5777702332, -60.9170684814, -34.8199424744, -15.7288885117], [377.070068359, 104.323822021, -308.411071777, -183.812866211, 152.939926147, 283.204711914, 73.266960144, 28.2735443115, 10.6240282059, -36.5417747498, -48.3350715637, -41.2376747131, -23.7326545715], [225.385299683, -49.9680671692, -181.210739136, -89.3467254639, 42.5782279968, 73.266960144, 141.006759644, 91.4923477173, 12.2553281784, -36.6518516541, -64.1935958862, -36.9649200439, -15.7169694901], [-189.063964844, 119.895027161, -153.849304199, -59.6187973022, 23.3108730316, 28.2735443115, 91.4923477173, 235.628677368, 103.074333191, -55.0321578979, -58.4527664185, 13.1961688995, 17.8137760162], [-221.140411377, 102.806938171, -13.245016098, -43.46434021, -23.6129455566, 10.6240282059, 12.2553281784, 103.074333191, 121.564559937, 26.8330287933, 8.13108921051, 16.892665863, -1.29630017281], [-114.429679871, -37.6158370972, 125.038078308, 24.0204524994, -54.5777702332, -36.5417747498, -36.6518516541, -55.0321578979, 26.8330287933, 106.114265442, 77.9246749878, 18.3531131744, -8.81155586243], [-357.150909424, 22.3428382874, 221.072998047, 113.157989502, -60.9170684814, -48.3350715637, -64.1935958862, -58.4527664185, 8.13108921051, 77.9246749878, 137.071075439, 74.8240509033, 5.38483190536], [-381.047607422, 35.5535583496, 139.986679077, 81.0224914551, -34.8199424744, -41.2376747131, -36.9649200439, 13.1961688995, 16.892665863, 18.3531131744, 74.8240509033, 97.8312072754, 46.6085586548], [-141.754745483, -19.0747127533, 52.6111984253, 28.2381134033, -15.7288885117, -23.7326545715, -15.7169694901, 17.8137760162, -1.29630017281, -8.81155586243, 5.38483190536, 46.6085586548, 76.3771209717]]
        icov: [[0.000519803317729, 0.000840593478642, 0.000475336739328, 0.000205967080547, -0.000124933503685, -0.000269915384706, 0.000517130480148, 0.000173777996679, -6.58737117192e-05, 0.000518424669281, -0.000404473248636, 0.00101157475729, 0.000197289904463], [0.000840593478642, 0.00282485364005, 0.000104894257674, 0.00160598068032, -0.000920747115742, -0.000689439417329, 0.00244095548987, -0.00104762299452, -0.000420812109951, 0.00253331358545, -0.00226280000061, 0.00197871215641, 0.00117956404574], [0.000475336739328, 0.000104894257674, 0.00418015196919, -0.00359267625026, 0.00527482992038, -0.00164888682775, 0.000557996390853, 0.00185111584142, -0.000297397142276, -0.000948508910369, 0.00114900036715, -0.000594638404436, -0.000218340719584], [0.000205967080547, 0.00160598068032, -0.00359267625026, 0.0082993498072, -0.00684113334864, 0.00407759333029, 0.000915332173463, -0.00221349601634, 0.000674929935485, 0.00494319573045, -0.00740449829027, 0.00303013157099, 7.1641438808e-06], [-0.000124933503685, -0.000920747115742, 0.00527482992038, -0.00684113334864, 0.0157242156565, -0.00711531052366, 0.0018833023496, 0.000519152672496, 0.00261340942234, -0.00311700161546, 0.00652614701539, -0.00444671092555, 0.00166592223104], [-0.000269915384706, -0.000689439417329, -0.00164888682775, 0.00407759333029, -0.00711531052366, 0.00973244383931, -0.00456582615152, 0.0025007778313, -0.00355684547685, 0.00454056402668, -0.0060210255906, 0.00298064318486, -0.0019398125587], [0.000517130480148, 0.00244095548987, 0.000557996390853, 0.000915332173463, 0.0018833023496, -0.00456582615152, 0.0177263282239, -0.0105646345764, 0.00755210174248, -0.00313244666904, 0.00263886107132, 0.00152305955999, 0.00457880552858], [0.000173777996679, -0.00104762299452, 0.00185111584142, -0.00221349601634, 0.000519152672496, 0.0025007778313, -0.0105646345764, 0.0198449660093, -0.0167240835726, 0.0085692871362, 0.00292391702533, -0.00475572003052, -0.00291362102143], [-6.58737117192e-05, -0.000420812109951, -0.000297397142276, 0.000674929935485, 0.00261340942234, -0.00355684547685, 0.00755210174248, -0.0167240835726, 0.0265775509179, -0.0154558327049, 0.00531547190621, -0.00400092732161, 0.0053503960371], [0.000518424669281, 0.00253331358545, -0.000948508910369, 0.00494319573045, -0.00311700161546, 0.00454056402668, -0.00313244666904, 0.0085692871362, -0.0154558327049, 0.0339395031333, -0.0258012320846, 0.0154351247475, -0.00540048349649], [-0.000404473248636, -0.00226280000061, 0.00114900036715, -0.00740449829027, 0.00652614701539, -0.0060210255906, 0.00263886107132, 0.00292391702533, 0.00531547190621, -0.0258012320846, 0.0471581369638, -0.0353133417666, 0.0153028843924], [0.00101157475729, 0.00197871215641, -0.000594638404436, 0.00303013157099, -0.00444671092555, 0.00298064318486, 0.00152305955999, -0.00475572003052, -0.00400092732161, 0.0154351247475, -0.0353133417666, 0.0479399263859, -0.0219584479928], [0.000197289904463, 0.00117956404574, -0.000218340719584, 7.1641438808e-06, 0.00166592223104, -0.0019398125587, 0.00457880552858, -0.00291362102143, 0.0053503960371, -0.00540048349649, 0.0153028843924, -0.0219584479928, 0.0270523745567]]
    spectral_contrast:
        mean: [3.42735319236e-07, -1.20545905702e-07, 1.54401206487e-07, -4.01882942924e-07, -4.68248288144e-07, 1.28281058664e-07, -3.00058331959e-06, -2.96374446407e-06, 2.43164868152e-06, -1.80897336577e-06, -2.48221613219e-06, 1.05135973172e-06]
        var: [0.0005845654523, 0.000708679435775, 0.00218191719614, 0.0026898002252, 0.00373484147713, 0.00728641962633, 0.0811634585261, 0.100822508335, 0.214787736535, 0.314800858498, 0.647925853729, 3.93438243866]

rhythm:
    beats_loudness:
        dmean: 0.00389638543129
        dmean2: 0.00773482583463
        dvar: 6.11197310718e-06
        dvar2: 2.0892754037e-05
        max: 0.0104951718822
        mean: 0.00601151585579
        min: 0.00237147253938
        var: 6.77197476762e-06
    beats_loudness_bass:
        dmean: 0.095414608717
        dmean2: 0.177326366305
        dvar: 0.0109216989949
        dvar2: 0.0378566086292
        max: 0.441407829523
        mean: 0.121772751212
        min: 0.00731729669496
        var: 0.0163108762354
    bpm: 124.422325134
    bpm_confidence: 0
    first_peak_bpm: 124
    first_peak_spread: 0
    first_peak_weight: 0.947368443012
    onset_rate: 8.27433300018
    second_peak_bpm: 69
    second_peak_spread: 0
    second_peak_weight: 0.0526315793395
    beats_position: [0.172622740269, 0.654752612114, 1.13688242435, 1.61901211739, 2.10114192963, 2.58327174187, 3.06540131569, 3.54753112793, 4.02966070175, 4.51179075241, 4.99392032623, 5.47604990005, 6.34797048569, 6.83029842377, 7.31262588501, 7.79495429993, 8.27728271484, 8.75961017609, 9.241938591, 9.72426605225]
    bpm_estimates: [124.528381348, 124.410522461, 124.577590942, 124.424263, 124.518310547, 124.300216675, 124.424430847, 124.435653687, 124.436500549, 124.422691345, 124.457725525, 124.319252014, 124.457717896, 124.335716248, 124.621856689, 124.595458984, 124.281021118, 124.327285767, 124.267196655, 124.304718018]
    bpm_intervals: [0.482129871845, 0.482129812241, 0.482129693031, 0.482129812241, 0.482129812241, 0.482129573822, 0.482129812241, 0.482129573822, 0.482130050659, 0.482129573822, 0.482129573822, 0.871920585632, 0.48232793808, 0.482327461243, 0.482328414917, 0.482328414917, 0.482327461243, 0.482328414917, 0.482327461243]
    onset_times: [0.0348299331963, 0.162539675832, 0.290249437094, 0.406349211931, 0.53405892849, 0.638548731804, 0.789478480816, 0.893968224525, 1.02167797089, 1.1261677742, 1.25387752056, 1.369977355, 1.50929701328, 1.6137868166, 1.75310659409, 1.8575963974, 1.99691605568, 2.10140585899, 2.22911572456, 2.34521532059, 2.47292518616, 2.5890250206, 2.72834467888, 2.83283448219, 2.96054410934, 3.07664394379, 3.20435380936, 3.32045340538, 3.44816327095, 3.55265307426, 3.69197273254, 3.80807256699, 3.93578219414, 4.051882267, 4.1679816246, 4.29569149017, 4.42340135574, 4.52789115906, 4.66721105576, 4.7833108902, 4.8994102478, 5.01551008224, 5.13160991669, 5.25931978226, 5.38702964783, 5.49151945114, 5.630838871, 5.73532867432, 5.87464857101, 5.97913837433, 6.1068482399, 6.22294807434, 6.35065746307, 6.46675729752, 6.60607719421, 6.71056699753, 6.8382768631, 6.9543762207, 7.07047605515, 7.19818592072, 7.34911584854, 7.44199562073, 7.56970500946, 7.67419481277, 7.81351470947, 7.91800451279, 8.04571437836, 8.16181373596, 8.28952407837, 8.40562343597, 8.54494285583, 8.64943313599, 8.77714252472, 8.893242836, 9.02095222473, 9.13705253601, 9.26476192474, 9.38086128235, 9.50857162476, 9.62467098236, 9.75238132477, 9.86848068237, 9.98458003998]
    rubato_start: []
    rubato_stop: []
    perceptual_tempo: "unknown"

sfx:
    inharmonicity:
        dmean: 0.0472956448793
        dmean2: 0.0848395600915
        dvar: 0.00296814925969
        dvar2: 0.00822568032891
        max: 0.322849869728
        mean: 0.0436796359718
        min: 0
        var: 0.00278170825914
    oddtoevenharmonicenergyratio:
        dmean: 25.2268638611
        dmean2: 48.1888389587
        dvar: 19610.4863281
        dvar2: 58170.8007812
        max: 1946.375
        mean: 14.2977437973
        min: 0
        var: 10137.0800781
    pitch_after_max_to_before_max_energy_ratio: 0.380657851696
    pitch_centroid: 226.166122437
    pitch_max_to_total: 0.692129611969
    pitch_min_to_total: 0.606481492519
    tristimulus:
        dmean: [0.301812618971, 0.305310726166, 0.117857679725]
        dmean2: [0.545470476151, 0.541422307491, 0.204162672162]
        dvar: [0.0621983967721, 0.0611547008157, 0.0143319945782]
        dvar2: [0.158234193921, 0.148816421628, 0.0375098474324]
        max: [1, 0.98072552681, 0.755392313004]
        mean: [0.44407120347, 0.410619974136, 0.107210241258]
        min: [0.0158411767334, 0, 0]
        var: [0.0866886600852, 0.0849834159017, 0.0160205531865]

tonal:
    chords_changes_rate: 0.0414746552706
    chords_number_rate: 0.0230414755642
    chords_strength:
        dmean: 0.00893099233508
        dmean2: 0.00969108566642
        dvar: 4.06502949772e-05
        dvar2: 6.35991891613e-05
        max: 0.679311156273
        mean: 0.554384171963
        min: 0.430438548326
        var: 0.00311510730535
    key_strength: 0.895178496838
    tuning_diatonic_strength: 0.712842822075
    tuning_equal_tempered_deviation: 0.167587891221
    tuning_frequency: 440.508575439
    tuning_nontempered_energy_ratio: 0.76215416193
    hpcp:
        dmean: [0.130561158061, 0.0934549346566, 0.147283390164, 0.174100786448, 0.151723355055, 0.13871742785, 0.123044624925, 0.0770601555705, 0.0611371472478, 0.0963535830379, 0.104649305344, 0.108203954995, 0.133708372712, 0.113633155823, 0.106130205095, 0.125648334622, 0.145900860429, 0.211617276073, 0.252786755562, 0.204054459929, 0.146464586258, 0.136464238167, 0.121157236397, 0.0601289905608, 0.0504230335355, 0.0529334321618, 0.0546418987215, 0.072298489511, 0.166011914611, 0.210349574685, 0.149719253182, 0.161915689707, 0.246962741017, 0.275285035372, 0.167561262846, 0.178066030145]
        dmean2: [0.234007358551, 0.165856122971, 0.24473516643, 0.295364230871, 0.26669511199, 0.247653409839, 0.218190267682, 0.135202094913, 0.108743824065, 0.175556346774, 0.183494582772, 0.184824422002, 0.23996950686, 0.198750182986, 0.187447264791, 0.218540549278, 0.2563598454, 0.368161529303, 0.439877063036, 0.336223095655, 0.25116661191, 0.248999238014, 0.226498782635, 0.110097885132, 0.0904012173414, 0.0959679037333, 0.0991979837418, 0.121717005968, 0.271224021912, 0.362376719713, 0.259857863188, 0.284649193287, 0.428266882896, 0.48015588522, 0.289118558168, 0.325666546822]
        dvar: [0.0321274548769, 0.0144346710294, 0.0284355990589, 0.0428316257894, 0.0238313525915, 0.0308942645788, 0.0282516870648, 0.00762214651331, 0.00734303798527, 0.025252385065, 0.0265098959208, 0.0186365693808, 0.0330334454775, 0.0253508016467, 0.0189169440418, 0.0313416086137, 0.0371496900916, 0.0381793230772, 0.0646615922451, 0.0353139862418, 0.0387493595481, 0.0483525060117, 0.0448660366237, 0.0131532866508, 0.00837877392769, 0.0124271139503, 0.00860047712922, 0.0101563585922, 0.0550406761467, 0.0736625343561, 0.0377382710576, 0.032471947372, 0.0616858266294, 0.0782215595245, 0.0295194853097, 0.0626424029469]
        dvar2: [0.0942237302661, 0.0414037182927, 0.0743899196386, 0.0969489961863, 0.065713211894, 0.0864482223988, 0.0603073574603, 0.0189304500818, 0.0222507435828, 0.0779591649771, 0.0791774094105, 0.0520928353071, 0.0938693806529, 0.0730260461569, 0.0482656359673, 0.0757013112307, 0.0982207730412, 0.108849458396, 0.147650018334, 0.0909983664751, 0.0995147824287, 0.122826971114, 0.128593370318, 0.0372720099986, 0.0234674979001, 0.03588899225, 0.0248852148652, 0.0256555788219, 0.11236359179, 0.154173463583, 0.0976556316018, 0.0936003476381, 0.1286765486, 0.183317899704, 0.0819314643741, 0.181245878339]
        max: [0.962521374226, 0.766256928444, 0.981450438499, 1, 0.759989082813, 1, 1, 0.650730907917, 0.559986114502, 0.983652353287, 1, 1, 1, 1, 0.865924417973, 1, 1, 1, 1, 1, 1, 1, 1, 1, 0.593171477318, 0.739286243916, 0.67497843504, 0.733719825745, 1, 1, 1, 1, 1, 1, 1, 1]
        mean: [0.12235532701, 0.095425285399, 0.202585816383, 0.277123123407, 0.193555697799, 0.190794661641, 0.211806625128, 0.112870141864, 0.061374489218, 0.0871051102877, 0.107936680317, 0.140673846006, 0.161980435252, 0.129972368479, 0.116688735783, 0.127943858504, 0.145408719778, 0.32744884491, 0.472688496113, 0.309202224016, 0.141716510057, 0.116735585034, 0.0853112712502, 0.0507369451225, 0.0436255149543, 0.0446581915021, 0.0454189069569, 0.0667074844241, 0.167147785425, 0.219817847013, 0.162179395556, 0.180433943868, 0.378484457731, 0.397158741951, 0.218623101711, 0.164079710841]
        min: [5.48173484276e-05, 0.000145016267197, 0.000227832235396, 0.000173040651134, 0.00043150849524, 0.000191344224731, 0.000139055278851, 0.000112934198114, 4.0675746277e-05, 6.50443325867e-05, 0.000152242166223, 0.00016573072935, 0.000162735494087, 0.000196891196538, 0.000196553737624, 0.000117194926133, 0.000320692081004, 0.00050616794033, 0.000520859844983, 0.000507828546688, 0.000159724571859, 6.8218272645e-05, 2.83026802208e-05, 6.66625055601e-05, 4.2687432142e-05, 4.20779178967e-05, 2.9110822652e-05, 2.23964416364e-05, 2.71983244602e-05, 5.7343953813e-05, 6.84377664584e-05, 0.000319503917126, 0.000442021788331, 0.000492043851409, 6.94644695614e-05, 5.4683387134e-05]
        var: [0.0347582027316, 0.0156105849892, 0.0486260615289, 0.0938080325723, 0.0298759229481, 0.0432423502207, 0.0830104202032, 0.0173175688833, 0.00690158084035, 0.0191769953817, 0.0229172874242, 0.0298694353551, 0.0499980673194, 0.0268191676587, 0.0243356004357, 0.037580344826, 0.0364415682852, 0.0657925084233, 0.141892835498, 0.0607288070023, 0.044711034745, 0.0448387600482, 0.0304072536528, 0.00921903923154, 0.00639243097976, 0.0087616359815, 0.00694819353521, 0.0105314301327, 0.0688767284155, 0.0958998948336, 0.0465731695294, 0.0421605296433, 0.124810606241, 0.13680793345, 0.0534453168511, 0.0718695297837]
    chords_histogram: [39.1705055237, 0, 0, 0, 0, 0, 0, 21.1981563568, 8.75576019287, 17.5115203857, 0, 0, 0, 0, 0, 0, 0, 0, 0, 0, 0, 0, 13.3640556335, 0]
    thpcp: [1, 0.654135286808, 0.299809515476, 0.246960923076, 0.180480957031, 0.107336960733, 0.092292316258, 0.0944769978523, 0.0960863381624, 0.141123563051, 0.353610873222, 0.465037435293, 0.343099951744, 0.381718486547, 0.800705850124, 0.840212404728, 0.462509870529, 0.347120165825, 0.258849799633, 0.201877743006, 0.428582072258, 0.586270093918, 0.409478336573, 0.403637200594, 0.448089241982, 0.238783344626, 0.129841297865, 0.184275925159, 0.228346318007, 0.297603696585, 0.342679023743, 0.274964094162, 0.246861800551, 0.270672678947, 0.307620614767, 0.692737042904]
    chords_key: "G#"
    chords_scale: "minor"
    key_key: "G#"
    key_scale: "minor"
    chords_progression: ["C#m", "C#m", "C#m", "C#m", "C#m", "C#m", "C#m", "C#m", "C#m", "C#m", "C#m", "C#m", "C#m", "C#m", "C#m", "C#m", "C#m", "C#m", "C#m", "C#m", "C#m", "C#m", "C#m", "C#m", "C#m", "C#m", "C#m", "C#m", "C#m", "Cm", "Cm", "Cm", "Cm", "Cm", "Cm", "Cm", "Cm", "Cm", "Cm", "Cm", "Cm", "Cm", "Cm", "Cm", "Cm", "Cm", "Cm", "Cm", "D#", "D#", "D#", "D#", "D#", "D#", "D#", "D#", "D#", "D#", "D#", "D#", "D#", "D#", "D#", "D#", "D#", "D#", "D#", "G#", "G#", "G#", "G#", "G#", "G#", "G#", "G#", "G#", "G#", "G#", "G#", "G#", "G#", "G#", "G#", "G#", "G#", "G#", "G#", "G#", "G#", "G#", "G#", "G#", "G#", "G#", "G#", "G#", "G#", "G#", "G#", "G#", "G#", "G#", "G#", "G#", "G#", "G#", "G#", "G#", "G#", "G#m", "G#", "G#", "G#m", "G#m", "G#m", "G#m", "G#m", "G#m", "G#m", "G#m", "G#", "G#", "G#m", "G#m", "G#m", "G#m", "G#m", "G#m", "G#m", "G#m", "G#m", "G#m", "G#m", "G#m", "G#m", "G#m", "G#m", "G#m", "G#m", "G#m", "G#m", "G#m", "G#m", "G#m", "G#m", "G#m", "G#m", "G#m", "G#m", "G#m", "G#m", "G#m", "G#m", "G#m", "G#m", "G#m", "G#m", "G#m", "G#m", "G#m", "G#m", "G#m", "G#m", "G#m", "G#m", "G#m", "G#m", "G#m", "G#m", "G#m", "G#m", "G#m", "G#m", "G#m", "G#m", "G#m", "G#m", "G#m", "G#m", "G#m", "G#m", "G#m", "G#m", "G#m", "G#m", "G#m", "G#m", "G#m", "G#m", "G#m", "G#m", "G#m", "G#m", "G#m", "G#m", "G#m", "G#m", "G#m", "D#", "D#", "D#", "D#", "D#", "D#", "D#", "D#", "D#", "D#", "D#", "D#", "D#", "D#", "D#", "D#", "D#", "D#", "D#"]
