
metadata:
    version:
        essentia: "1.2.2"
    audio_properties:
        analysis_sample_rate: 44100
        bitrate: 128
        channels: 2
        equal_loudness: 1
        length: 10.0571432114
        replay_gain: -9.67235374451
        downmix: "mix"
    tags:
        track: 21
        year: 0
        album: "Splitted by Mp3Splt v. 2.1"
        artist: "From 003.20 To 003.30"
        comment: "http://mp3splt.sf.net"
        genre: ""
        title: "07 Wide, Wide Sea.mp3"

highlevel:
    ballroom:
        all:
            ChaChaCha: 0.176522865891
            Jive: 0.431384921074
            Quickstep: 0.0167684964836
            Rumba-American: 0.000250033073826
            Rumba-International: 0.000530882447492
            Rumba-Misc: 0.000158475886565
            Samba: 0.373626768589
            Tango: 0.000134511952638
            VienneseWaltz: 0.00045413832413
            Waltz: 0.000168899394339
        probability: 0.431384921074
        value: "Jive"
    culture:
        all:
            non_western: 0.595432460308
            western: 0.40456750989
        probability: 0.595432460308
        value: "non_western"
    gender:
        all:
            female: 0.218763589859
            male: 0.781236410141
        probability: 0.781236410141
        value: "male"
    genre_dortmund:
        all:
            alternative: 0.03044783324
            blues: 0.0276230480522
            electronic: 0.0636220797896
            folkcountry: 0.0567862167954
            funksoulrnb: 0.0618782378733
            jazz: 0.0669984892011
            pop: 0.0395680330694
            raphiphop: 0.382612854242
            rock: 0.270463198423
        probability: 0.382612854242
        value: "raphiphop"
    genre_electronica:
        all:
            ambient: 0.110882028937
            dnb: 0.366347700357
            house: 0.119419507682
            techno: 0.0357479564846
            trance: 0.367602825165
        probability: 0.367602825165
        value: "trance"
    genre_rosamerica:
        all:
            cla: 0.0120625216514
            dan: 0.548402547836
            hip: 0.27458524704
            jaz: 0.0120549108833
            pop: 0.073800958693
            rhy: 0.0289870016277
            roc: 0.0467353872955
            spe: 0.0033714522142
        probability: 0.548402547836
        value: "dan"
    genre_tzanetakis:
        all:
            blu: 0.00558989029378
            cla: 0.00332858366892
            cou: 0.0226384159178
            dis: 0.41402810812
            hip: 0.144545704126
            jaz: 0.0152102643624
            met: 0.0215969197452
            pop: 0.234740540385
            reg: 0.0875320807099
            roc: 0.0507894903421
        probability: 0.41402810812
        value: "dis"
    live_studio:
        all:
            live: 0.0180579517037
            studio: 0.98194205761
        probability: 0.98194205761
        value: "studio"
    mood:
        all:
            Cluster1: 0.338449805975
            Cluster2: 0.208051085472
            Cluster3: 0.0341851860285
            Cluster4: 0.0990016236901
            Cluster5: 0.320312291384
        probability: 0.338449805975
        value: "Cluster1"
    mood_acoustic:
        all:
            acoustic: 1.08493804873e-05
            not_acoustic: 0.999989151955
        probability: 0.999989151955
        value: "not_acoustic"
    mood_aggressive:
        all:
            aggressive: 0.764292299747
            not_aggressive: 0.235707715154
        probability: 0.764292299747
        value: "aggressive"
    mood_electronic:
        all:
            electronic: 0.951237976551
            not_electronic: 0.0487620271742
        probability: 0.951237976551
        value: "electronic"
    mood_happy:
        all:
            happy: 0.520396769047
            not_happy: 0.479603230953
        probability: 0.520396769047
        value: "happy"
    mood_party:
        all:
            not_party: 0.115933060646
            party: 0.884066939354
        probability: 0.884066939354
        value: "party"
    mood_relaxed:
        all:
            not_relaxed: 0.895347058773
            relaxed: 0.104652933776
        probability: 0.895347058773
        value: "not_relaxed"
    mood_sad:
        all:
            not_sad: 0.975055456161
            sad: 0.0249445717782
        probability: 0.975055456161
        value: "not_sad"
    rhythm:
        all:
            fast: 0.964693725109
            medium: 0.0346313565969
            slow: 0.000674921320751
        probability: 0.964693725109
        value: "fast"
    speech_music:
        all:
            music: 0.996516287327
            speech: 0.00348371965811
        probability: 0.996516287327
        value: "music"
    timbre:
        all:
            bright: 0.099842838943
            dark: 0.900157153606
        probability: 0.900157153606
        value: "dark"
    voice_instrumental:
        all:
            instrumental: 0.0398921817541
            voice: 0.960107803345
        probability: 0.960107803345
        value: "voice"

lowlevel:
    average_loudness: 0.945491492748
    barkbands_kurtosis:
        dmean: 0.849142253399
        dmean2: 1.44565689564
        dvar: 1.29240810871
        dvar2: 3.37826538086
        max: 7.30268573761
        mean: -0.79375320673
        min: -1.90391027927
        var: 1.3947031498
    barkbands_skewness:
        dmean: 0.525636672974
        dmean2: 0.805895090103
        dvar: 0.224273517728
        dvar2: 0.561741888523
        max: 2.76921987534
        mean: -0.120161689818
        min: -2.50246453285
        var: 0.746487438679
    barkbands_spread:
        dmean: 7.57882022858
        dmean2: 12.0571336746
        dvar: 50.1476211548
        dvar2: 127.26133728
        max: 81.135559082
        mean: 37.8925857544
        min: 14.2635602951
        var: 104.758499146
    dissonance:
        dmean: 0.0145855024457
        dmean2: 0.023697860539
        dvar: 0.000513736275025
        dvar2: 0.000725411926396
        max: 0.499884337187
        mean: 0.473463982344
        min: 0.04287237674
        var: 0.000766666373238
    hfc:
        dmean: 4.61745166779
        dmean2: 7.31730699539
        dvar: 77.8648300171
        dvar2: 205.411407471
        max: 82.226600647
        mean: 8.38112831116
        min: 0.000126816928969
        var: 90.4019317627
    pitch:
        dmean: 897.834960938
        dmean2: 1744.68908691
        dvar: 1894395.625
        dvar2: 4145399
        max: 4900
        mean: 2453.11206055
        min: 104.750595093
        var: 2696206.5
    pitch_instantaneous_confidence:
        dmean: 0.0967680960894
        dmean2: 0.16068802774
        dvar: 0.00616230769083
        dvar2: 0.0155482208356
        max: 0.838239312172
        mean: 0.442047715187
        min: 0.157268464565
        var: 0.021669074893
    pitch_salience:
        dmean: 0.0721125379205
        dmean2: 0.122081145644
        dvar: 0.00365977361798
        dvar2: 0.00972373597324
        max: 0.903605520725
        mean: 0.631020188332
        min: 0.283079862595
        var: 0.00961535517126
    silence_rate_20dB:
        dmean: 0
        dmean2: 0
        dvar: 0
        dvar2: 0
        max: 1
        mean: 1
        min: 1
        var: 0
    silence_rate_30dB:
        dmean: 0
        dmean2: 0
        dvar: 0
        dvar2: 0
        max: 1
        mean: 1
        min: 1
        var: 0
    silence_rate_60dB:
        dmean: 0.142857149243
        dmean2: 0.286374121904
        dvar: 0.122449330986
        dvar2: 0.232076898217
        max: 1
        mean: 0.508045971394
        min: 0
        var: 0.249935418367
    spectral_centroid:
        dmean: 400.440979004
        dmean2: 634.228942871
        dvar: 138978.953125
        dvar2: 337597.03125
        max: 4424.53320312
        mean: 1979.41833496
        min: 399.223754883
        var: 469803.875
    spectral_complexity:
        dmean: 4.74364900589
        dmean2: 7.23842573166
        dvar: 33.8118019104
        dvar2: 68.2788467407
        max: 46
        mean: 12.0760364532
        min: 0
        var: 90.1807785034
    spectral_crest:
        dmean: 2.25474143028
        dmean2: 3.7804980278
        dvar: 4.21324491501
        dvar2: 11.3653564453
        max: 17.8520507812
        mean: 7.60383701324
        min: 2.70187711716
        var: 9.2111158371
    spectral_decrease:
        dmean: 3.8180719697e-10
        dmean2: 5.88272430768e-10
        dvar: 3.39093774075e-19
        dvar2: 8.26876985569e-19
        max: -3.6172863885e-14
        mean: -8.11929412592e-10
        min: -5.16999998368e-09
        var: 4.87179912484e-19
    spectral_energy:
        dmean: 0.00182928401046
        dmean2: 0.00282657938078
        dvar: 8.64824869495e-06
        dvar2: 2.14985720959e-05
        max: 0.0269709583372
        mean: 0.00382460211404
        min: 1.48027652358e-07
        var: 1.18006828416e-05
    spectral_energyband_high:
        dmean: 0.000335588818416
        dmean2: 0.0005609607324
        dvar: 5.20000071447e-07
        dvar2: 1.39416704314e-06
        max: 0.0058705159463
        mean: 0.000448520324426
        min: 7.68469732293e-09
        var: 5.35892070275e-07
    spectral_energyband_low:
        dmean: 0.000320645514876
        dmean2: 0.000535686791409
        dvar: 3.62528680853e-07
        dvar2: 9.61950831879e-07
        max: 0.00440591527149
        mean: 0.000376234704163
        min: 3.18110444653e-08
        var: 3.1058687e-07
    spectral_energyband_middle_high:
        dmean: 0.00101839459967
        dmean2: 0.00163451756816
        dvar: 3.36408766088e-06
        dvar2: 8.72447890288e-06
        max: 0.0169484987855
        mean: 0.0019682336133
        min: 2.3939385585e-08
        var: 4.40343683294e-06
    spectral_energyband_middle_low:
        dmean: 0.000486717617605
        dmean2: 0.000764203839935
        dvar: 4.30196649859e-07
        dvar2: 9.40529503168e-07
        max: 0.00797023437917
        mean: 0.00103160424624
        min: 7.94760097733e-08
        var: 9.57525571721e-07
    spectral_flatness_db:
        dmean: 0.0164009556174
        dmean2: 0.0254194382578
        dvar: 0.000216860760702
        dvar2: 0.00046802291763
        max: 0.241343975067
        mean: 0.136884003878
        min: 0.0801743641496
        var: 0.000765713397413
    spectral_flux:
        dmean: 0.0111769661307
        dmean2: 0.0160767417401
        dvar: 0.000207784658414
        dvar2: 0.000394646864152
        max: 0.132493034005
        mean: 0.0391182489693
        min: 0.00499597284943
        var: 0.000437697977759
    spectral_kurtosis:
        dmean: 0.71631783247
        dmean2: 1.13101935387
        dvar: 0.592648804188
        dvar2: 1.49043548107
        max: 9.64746665955
        mean: 2.48245501518
        min: -0.434618234634
        var: 1.48040425777
    spectral_rms:
        dmean: 0.000416547292843
        dmean2: 0.000611208903138
        dvar: 2.73622021041e-07
        dvar2: 6.26511109658e-07
        max: 0.00512963254005
        mean: 0.00176822161302
        min: 1.20173717733e-05
        var: 6.04712056429e-07
    spectral_rolloff:
        dmean: 440.610107422
        dmean2: 716.078613281
        dvar: 358094.4375
        dvar2: 813589.0625
        max: 7192.08984375
        mean: 3605.86914062
        min: 279.931640625
        var: 709712.4375
    spectral_skewness:
        dmean: 0.133051112294
        dmean2: 0.205545544624
        dvar: 0.0197319686413
        dvar2: 0.043744802475
        max: 2.62969207764
        mean: 1.21417033672
        min: -0.00399789819494
        var: 0.0708908736706
    spectral_spread:
        dmean: 685815.875
        dmean2: 974477.5
        dvar: 660880162816
        dvar2: 986156105728
        max: 19496636
        mean: 5899126
        min: 3114049.25
        var: 2.29720457216e+12
    spectral_strongpeak:
        dmean: 0.644844889641
        dmean2: 1.13412225246
        dvar: 1.18106067181
        dvar2: 3.27686977386
        max: 7.32325363159
        mean: 0.747607409954
        min: 0
        var: 1.52254331112
    zerocrossingrate:
        dmean: 0.0105662709102
        dmean2: 0.0118916826323
        dvar: 7.90403282735e-05
        dvar2: 0.000100621859019
        max: 0.2041015625
        mean: 0.111225746572
        min: 0.0048828125
        var: 0.000757097441237
    barkbands:
        dmean: [3.12655771495e-07, 0.000126629864099, 0.000216155851376, 9.13949334063e-05, 0.000203860123293, 0.000110813292849, 0.00010521121294, 0.000162844546139, 4.04257698392e-05, 3.86433712265e-05, 5.88223047089e-05, 4.45287878392e-05, 3.06304318656e-05, 3.02934695355e-05, 4.781525422e-05, 7.29242383386e-05, 0.000146678983583, 0.000177494075615, 0.000560989137739, 0.000261030509137, 0.000181870302185, 4.09305830544e-05, 9.34631589189e-06, 3.80140181733e-06, 2.57735086961e-06, 1.26289691593e-07, 7.91444243475e-10]
        dmean2: [4.56060121223e-07, 0.000209225094295, 0.000378556200303, 0.00015477197303, 0.000341610604664, 0.000176906760316, 0.000164020209922, 0.000260274333414, 6.79072400089e-05, 6.34875541436e-05, 9.47353328229e-05, 7.15329588274e-05, 4.94742125738e-05, 5.06697761011e-05, 8.27658077469e-05, 0.000115357092, 0.000235614104895, 0.000295951584121, 0.00095761747798, 0.000416051363572, 0.00033228303073, 6.27868503216e-05, 1.32442428367e-05, 5.57367548026e-06, 3.92546780859e-06, 1.98056227418e-07, 1.2700156482e-09]
        dvar: [6.30726699168e-13, 6.75672851003e-08, 1.84331355513e-07, 2.61086920972e-08, 9.21599792036e-08, 3.79626108327e-08, 9.06856030269e-08, 1.69435779185e-07, 7.16414927382e-09, 3.84505982609e-09, 1.34642901273e-08, 1.42956624316e-08, 2.51473597501e-09, 2.83057910444e-09, 5.49537482186e-09, 1.27621921919e-08, 5.151098037e-08, 9.72722205006e-08, 1.17032664093e-06, 1.95647345436e-07, 1.94116822172e-07, 4.6341610549e-09, 3.03808700419e-10, 5.03314542821e-11, 1.10628069205e-11, 2.80884121301e-14, 2.80290415261e-17]
        dvar2: [1.4427037039e-12, 1.76556312681e-07, 5.01496003835e-07, 7.19615371736e-08, 2.50157114579e-07, 8.45203160793e-08, 1.59995465765e-07, 4.09137413726e-07, 1.78217831603e-08, 1.01526875795e-08, 3.49238788999e-08, 3.53871421055e-08, 6.09857142564e-09, 7.16898984621e-09, 1.3794421605e-08, 3.06653653581e-08, 1.1739408734e-07, 2.43972806402e-07, 3.2944767554e-06, 4.64438869585e-07, 5.49071160094e-07, 9.39070954331e-09, 5.78260661577e-10, 9.06106786824e-11, 2.38615082554e-11, 6.05847227312e-14, 7.00291238936e-17]
        max: [8.10443634691e-06, 0.00175756332465, 0.00354894506745, 0.00116228754632, 0.00264233839698, 0.00221638777293, 0.00563659379259, 0.00624045962468, 0.000951087800786, 0.000581972883083, 0.00150793639477, 0.00158177677076, 0.000425464269938, 0.000477069581393, 0.000468988233479, 0.00106439227238, 0.00185448513366, 0.00254013435915, 0.010052062571, 0.00483953719959, 0.00363793736324, 0.000590067007579, 0.000256091734627, 0.000138113668072, 3.91447647416e-05, 2.3109371341e-06, 7.8402187853e-08]
        mean: [2.98858225278e-07, 0.000122514844406, 0.000253434031038, 0.000111000677862, 0.000297692778986, 0.000160075971507, 0.000144007281051, 0.000243588918238, 6.3342100475e-05, 5.98736769462e-05, 7.98177643446e-05, 5.47453309991e-05, 3.93955633626e-05, 3.41954109899e-05, 6.56923293718e-05, 9.75657676463e-05, 0.000222735499847, 0.000252537574852, 0.000824295042548, 0.000391291279811, 0.000204670970561, 7.29516832507e-05, 1.70284274645e-05, 7.58879332352e-06, 4.05416585636e-06, 2.08822768855e-07, 5.75626935007e-10]
        min: [1.65448540285e-11, 1.1827064661e-08, 1.10270796938e-08, 1.14968834453e-08, 2.90564976524e-08, 2.34804318211e-08, 1.21546941401e-08, 2.92300272875e-09, 2.74547690138e-10, 6.10303141357e-10, 1.44288370141e-09, 3.59122975802e-09, 6.45588971171e-10, 2.79091721955e-10, 4.47588743846e-10, 2.96971047753e-09, 2.98082580841e-09, 2.29778218674e-09, 6.39491037902e-09, 5.73779512791e-09, 2.51013987373e-09, 8.3692891506e-10, 3.80687981139e-10, 2.00510996695e-10, 1.68996538985e-10, 1.13522719003e-10, 9.94979042191e-14]
        var: [5.69451820767e-13, 5.78240246796e-08, 1.59200851613e-07, 2.37380994861e-08, 1.27008078721e-07, 6.73534330531e-08, 1.62356897704e-07, 3.24765238702e-07, 1.2213215328e-08, 5.89077320257e-09, 1.9905250781e-08, 1.60317537024e-08, 3.39082606438e-09, 2.88913004631e-09, 6.44496145341e-09, 1.78562800102e-08, 6.98081805695e-08, 1.03420696007e-07, 1.29147804273e-06, 2.69286402954e-07, 1.5937837361e-07, 1.05874686795e-08, 6.40690112075e-10, 1.33318273088e-10, 2.08055222356e-11, 7.85265204099e-14, 1.43531999387e-17]
    mfcc:
        mean: [-715.71697998, 80.5817718506, -31.7007045746, 55.454574585, -11.905878067, -12.6946620941, -1.77234101295, -1.49927175045, -6.34160804749, -5.41963338852, -3.74765610695, -7.48996925354, 0.0979683324695]
        cov: [[3524.36230469, -512.455383301, -159.805450439, 114.268341064, -143.577072144, 122.19317627, 174.462036133, 136.605529785, 72.877243042, 54.6533622742, 82.458404541, 33.216594696, 90.9011001587], [-512.455383301, 547.436462402, -12.3718070984, 40.8341178894, 50.1651420593, -43.6145172119, 75.4240951538, 49.7445869446, -6.37349081039, 41.3383598328, 48.1989021301, 22.319311142, 44.1852989197], [-159.805450439, -12.3718070984, 333.440032959, 76.8222808838, 143.381958008, 135.527313232, 43.017364502, 53.1492805481, 72.5319595337, 1.40177488327, -6.7706861496, 9.33850383759, -14.9086799622], [114.268341064, 40.8341178894, 76.8222808838, 221.06578064, 81.4734115601, 105.540412903, 23.5312366486, 3.87194490433, 47.3892059326, 9.83084487915, -14.0225086212, 5.10528326035, -14.6733207703], [-143.577072144, 50.1651420593, 143.381958008, 81.4734115601, 223.243347168, 107.403495789, 15.5212364197, 12.801076889, 47.298412323, 29.2281932831, 1.38716518879, 6.10957670212, -30.8566207886], [122.19317627, -43.6145172119, 135.527313232, 105.540412903, 107.403495789, 209.459854126, 63.1097259521, 20.5408802032, 75.3753738403, 8.96562385559, -2.72092366219, 26.5070114136, -41.2643356323], [174.462036133, 75.4240951538, 43.017364502, 23.5312366486, 15.5212364197, 63.1097259521, 154.873092651, 65.4414138794, 46.1649093628, 35.6589050293, 8.51965618134, 16.6964378357, 20.2871208191], [136.605529785, 49.7445869446, 53.1492805481, 3.87194490433, 12.801076889, 20.5408802032, 65.4414138794, 104.613128662, 24.0478515625, 26.7007522583, 31.6268672943, 19.1826210022, 41.2545204163], [72.877243042, -6.37349081039, 72.5319595337, 47.3892059326, 47.298412323, 75.3753738403, 46.1649093628, 24.0478515625, 102.992835999, 41.9367179871, -3.48027086258, 14.1075229645, -21.0861682892], [54.6533622742, 41.3383598328, 1.40177488327, 9.83084487915, 29.2281932831, 8.96562385559, 35.6589050293, 26.7007522583, 41.9367179871, 104.597000122, 32.5311813354, 21.3316059113, 25.6679039001], [82.458404541, 48.1989021301, -6.7706861496, -14.0225086212, 1.38716518879, -2.72092366219, 8.51965618134, 31.6268672943, -3.48027086258, 32.5311813354, 116.535095215, 48.4959945679, 39.1156044006], [33.216594696, 22.319311142, 9.33850383759, 5.10528326035, 6.10957670212, 26.5070114136, 16.6964378357, 19.1826210022, 14.1075229645, 21.3316059113, 48.4959945679, 67.5926589966, 27.0869503021], [90.9011001587, 44.1852989197, -14.9086799622, -14.6733207703, -30.8566207886, -41.2643356323, 20.2871208191, 41.2545204163, -21.0861682892, 25.6679039001, 39.1156044006, 27.0869503021, 94.5005950928]]
        icov: [[0.000518611748703, 0.000715852773283, 0.000601719133556, -0.000527552387211, 8.93580727279e-05, -0.000137286464451, -0.000633963907603, -0.000610836374108, -0.000235962041188, 0.000134117042762, -0.00056024180958, 0.000420950527769, -0.000426404119935], [0.000715852773283, 0.00351288542151, 0.00103145476896, -0.0017118161777, -0.00110293563921, 0.00184620625805, -0.00268469960429, -0.00114725122694, 0.000230974997976, 0.000192596096895, -0.00144429563079, -0.000121420052892, -0.000279110710835], [0.000601719133556, 0.00103145476896, 0.00633350852877, -0.000389179214835, -0.00265905656852, -0.00202900939621, -9.81699631666e-05, -0.00299386819825, -0.00278731551953, 0.00240390794352, -0.000339169142535, 0.00132058351301, -0.00206149253063], [-0.000527552387211, -0.0017118161777, -0.000389179214835, 0.00735323270783, -0.000811169797089, -0.00371887697838, 0.00182354578283, 0.0014899658272, -0.00141677411739, 0.000176296962309, 0.00146383268293, 0.000878014252521, -0.00176405033562], [8.93580727279e-05, -0.00110293563921, -0.00265905656852, -0.000811169797089, 0.00859866663814, -0.0031530414708, 0.00179173517972, -0.000116880692076, 0.00134995894041, -0.00337139423937, -0.000217458626139, 0.000926341454033, 0.00202297023498], [-0.000137286464451, 0.00184620625805, -0.00202900939621, -0.00371887697838, -0.0031530414708, 0.0140045285225, -0.00498419534415, 0.000425451929914, -0.00225892337039, 0.00199008383788, -0.000513760896865, -0.00595589540899, 0.00521641690284], [-0.000633963907603, -0.00268469960429, -9.81699631666e-05, 0.00182354578283, 0.00179173517972, -0.00498419534415, 0.0130778634921, -0.00479220226407, -0.00188159407116, -0.00195837859064, 0.00265442952514, 0.000641146791168, -0.00134446902666], [-0.000610836374108, -0.00114725122694, -0.00299386819825, 0.0014899658272, -0.000116880692076, 0.000425451929914, -0.00479220226407, 0.0186316017061, -0.00238781003281, 0.000509031640831, -0.00248698377982, 0.00127960625105, -0.00608270429075], [-0.000235962041188, 0.000230974997976, -0.00278731551953, -0.00141677411739, 0.00134995894041, -0.00225892337039, -0.00188159407116, -0.00238781003281, 0.02072093077, -0.00889021717012, 0.00273929582909, -0.00401834351942, 0.00741620222107], [0.000134117042762, 0.000192596096895, 0.00240390794352, 0.000176296962309, -0.00337139423937, 0.00199008383788, -0.00195837859064, 0.000509031640831, -0.00889021717012, 0.0164042506367, -0.00324323377572, 0.00042358553037, -0.00506442971528], [-0.00056024180958, -0.00144429563079, -0.000339169142535, 0.00146383268293, -0.000217458626139, -0.000513760896865, 0.00265442952514, -0.00248698377982, 0.00273929582909, -0.00324323377572, 0.0152461174875, -0.00931015610695, -0.00054142071167], [0.000420950527769, -0.000121420052892, 0.00132058351301, 0.000878014252521, 0.000926341454033, -0.00595589540899, 0.000641146791168, 0.00127960625105, -0.00401834351942, 0.00042358553037, -0.00931015610695, 0.0266136359423, -0.00778430094942], [-0.000426404119935, -0.000279110710835, -0.00206149253063, -0.00176405033562, 0.00202297023498, 0.00521641690284, -0.00134446902666, -0.00608270429075, 0.00741620222107, -0.00506442971528, -0.00054142071167, -0.00778430094942, 0.0218915715814]]
    spectral_contrast:
        mean: [3.60820962442e-07, 2.21457341354e-09, 1.65131652352e-07, -3.12203354724e-07, -4.11944995449e-07, -3.77679214125e-07, -2.30452982919e-07, 1.53131750835e-07, -3.42781640938e-06, 2.10415373658e-06, 5.45506111393e-07, -3.6345099943e-06]
        var: [0.000555109174456, 0.000805779069196, 0.00135352986399, 0.00203796639107, 0.00363099970855, 0.00710058724508, 0.0605307035148, 0.105284020305, 0.12848366797, 0.226509556174, 0.626434803009, 2.08313369751]

rhythm:
    beats_loudness:
        dmean: 0.00422596186399
        dmean2: 0.00855642557144
        dvar: 4.55500094176e-06
        dvar2: 1.7671040041e-05
        max: 0.0103661427274
        mean: 0.00665593286976
        min: 0.00175878463779
        var: 6.83616963215e-06
    beats_loudness_bass:
        dmean: 0.223579913378
        dmean2: 0.460594981909
        dvar: 0.0278175510466
        dvar2: 0.097120039165
        max: 0.559946775436
        mean: 0.245073586702
        min: 0.0737468376756
        var: 0.024340428412
    bpm: 126.330116272
    bpm_confidence: 0
    first_peak_bpm: 126
    first_peak_spread: 0
    first_peak_weight: 0.949999988079
    onset_rate: 5.36931800842
    second_peak_bpm: 120
    second_peak_spread: 0
    second_peak_weight: 0.0500000007451
    beats_position: [0.244544282556, 0.719604849815, 1.19466531277, 1.66972589493, 2.1447865963, 2.61984705925, 3.0949075222, 3.56996798515, 4.04502868652, 4.52008914948, 4.99514961243, 5.47021055222, 5.96930885315, 6.44413042068, 6.91895198822, 7.39377307892, 7.86859464645, 8.34341526031, 8.81823635101, 9.29305839539, 9.76787948608]
    bpm_estimates: [126.451469421, 126.296325684, 126.486076355, 126.366912842, 125.972290039, 126.349342346, 126.33216095, 126.182563782, 126.217735291, 126.34979248, 126.293571472, 126.524711609, 126.292381287, 126.593597412, 126.458061218, 126.299064636, 126.265708923, 126.232376099, 126.283477783, 126.383888245, 126.301048279]
    bpm_intervals: [0.475060582161, 0.475060462952, 0.475060582161, 0.47506070137, 0.475060462952, 0.475060462952, 0.475060462952, 0.47506070137, 0.475060462952, 0.475060462952, 0.475060939789, 0.499098300934, 0.474821567535, 0.474821567535, 0.474821090698, 0.474821567535, 0.474820613861, 0.474821090698, 0.474822044373, 0.474821090698]
    onset_times: [0.0348299331963, 0.116099774837, 0.243809521198, 0.487619042397, 0.592108845711, 0.708208620548, 0.952018141747, 1.17260766029, 1.32353746891, 1.43963718414, 1.66022670269, 2.13623571396, 2.50775504112, 2.62385487556, 2.86766433716, 2.99537420273, 3.09986400604, 3.34367346764, 3.5758728981, 3.81968259811, 4.051882267, 4.29569149017, 4.38857126236, 4.52789115906, 4.77170085907, 4.91102027893, 5.00390005112, 5.14321994781, 5.24770975113, 5.47990942001, 5.72371864319, 5.95591831207, 6.19972801208, 6.31582784653, 6.43192720413, 6.68734693527, 6.90793657303, 7.1517457962, 7.39555549622, 7.52326536179, 7.87156438828, 8.103764534, 8.23147392273, 8.34757328033, 8.56816291809, 8.70748329163, 8.82358264923, 8.93968296051, 9.06739234924, 9.17188167572, 9.29959201813, 9.77560043335, 9.91492080688, 10.0194101334]
    rubato_start: []
    rubato_stop: []
    perceptual_tempo: "unknown"

sfx:
    inharmonicity:
        dmean: 0.0613000877202
        dmean2: 0.109038546681
        dvar: 0.00395576981828
        dvar2: 0.0117214201018
        max: 0.382947087288
        mean: 0.0659098103642
        min: 0
        var: 0.0041436823085
    oddtoevenharmonicenergyratio:
        dmean: 5.09303951263
        dmean2: 9.75239181519
        dvar: 276.760131836
        dvar2: 809.555419922
        max: 161.640518188
        mean: 3.2564368248
        min: 0
        var: 170.691619873
    pitch_after_max_to_before_max_energy_ratio: 0.907069206238
    pitch_centroid: 191.265151978
    pitch_max_to_total: 0.437788009644
    pitch_min_to_total: 0.0529953911901
    tristimulus:
        dmean: [0.168743923306, 0.317139685154, 0.184092655778]
        dmean2: [0.287246853113, 0.562928557396, 0.332480847836]
        dvar: [0.0247099325061, 0.0592381358147, 0.0294058080763]
        dvar2: [0.0629912316799, 0.167076602578, 0.084576241672]
        max: [1, 0.967941820621, 0.792079508305]
        mean: [0.275655806065, 0.441629230976, 0.164454266429]
        min: [0.00991206988692, 0, 0]
        var: [0.0412575602531, 0.0825048983097, 0.0343214608729]

tonal:
    chords_changes_rate: 0.0183486230671
    chords_number_rate: 0.00917431153357
    chords_strength:
        dmean: 0.00956003926694
        dmean2: 0.0096106370911
        dvar: 7.0292961027e-05
        dvar2: 5.25542600371e-05
        max: 0.724015653133
        mean: 0.560589373112
        min: 0.319701403379
        var: 0.00899953488261
    key_strength: 0.594618618488
    tuning_diatonic_strength: 0.575652301311
    tuning_equal_tempered_deviation: 0.0919709429145
    tuning_frequency: 440
    tuning_nontempered_energy_ratio: 0.762071490288
    hpcp:
        dmean: [0.2350949049, 0.234163925052, 0.248829081655, 0.229856267571, 0.171110659838, 0.152804151177, 0.143600046635, 0.167557254434, 0.199254184961, 0.22714279592, 0.218057617545, 0.166104823351, 0.120175473392, 0.108567193151, 0.112500324845, 0.117006838322, 0.0961815342307, 0.0928633213043, 0.0863326787949, 0.0899286568165, 0.126288548112, 0.128307759762, 0.115622527897, 0.125697612762, 0.146645441651, 0.126049563289, 0.107108153403, 0.117072023451, 0.123729214072, 0.14160309732, 0.162860348821, 0.158761128783, 0.152138754725, 0.157339513302, 0.176052451134, 0.229329064488]
        dmean2: [0.389033377171, 0.388890445232, 0.428288787603, 0.385560870171, 0.282777965069, 0.255426436663, 0.246328100562, 0.302862614393, 0.336178034544, 0.393202573061, 0.382101804018, 0.282421022654, 0.205261766911, 0.185997962952, 0.184825539589, 0.191148072481, 0.1614934057, 0.155073359609, 0.141021311283, 0.148374959826, 0.205570340157, 0.212231740355, 0.200739115477, 0.197697430849, 0.233349323273, 0.207339018583, 0.188185304403, 0.204106166959, 0.210466504097, 0.245918810368, 0.277866184711, 0.26571059227, 0.26015162468, 0.263550192118, 0.308452099562, 0.393316268921]
        dvar: [0.0507443323731, 0.0448568724096, 0.0514226742089, 0.0504004098475, 0.0321048982441, 0.0320066995919, 0.0276440083981, 0.0396170727909, 0.0326475277543, 0.0507222488523, 0.0471697747707, 0.0333355665207, 0.0294070951641, 0.0256258081645, 0.0150658581406, 0.015917353332, 0.0115580335259, 0.0120234144852, 0.00977108534425, 0.0132494037971, 0.0209240037948, 0.0183177795261, 0.0251627936959, 0.0254546441138, 0.0342019759119, 0.0220667924732, 0.0175102390349, 0.0262025110424, 0.0282156206667, 0.0319580845535, 0.0377573557198, 0.0300755016506, 0.0286496859044, 0.0267333332449, 0.0294576585293, 0.0435897298157]
        dvar2: [0.122803717852, 0.12460552156, 0.149339422584, 0.144448012114, 0.081019744277, 0.0907666310668, 0.0744949504733, 0.103610165417, 0.0796773582697, 0.133592754602, 0.128449425101, 0.0995023548603, 0.080108076334, 0.0692252591252, 0.0376031212509, 0.0414266511798, 0.0287753921002, 0.0311965253204, 0.0237960740924, 0.0326866470277, 0.0512796714902, 0.0443250015378, 0.0661908015609, 0.0587400682271, 0.0628914684057, 0.0564633607864, 0.0477308221161, 0.0718114078045, 0.0740325078368, 0.0877772048116, 0.100636593997, 0.0766270533204, 0.0664634108543, 0.0716454535723, 0.0851251557469, 0.113835863769]
        max: [1, 1, 1, 1, 1, 1, 1, 1, 1, 1, 1, 1, 1, 1, 0.850131690502, 1, 0.874679505825, 0.761410474777, 0.678777098656, 0.944669544697, 1, 1, 1, 1, 1, 1, 0.796495079994, 1, 1, 1, 1, 1, 1, 1, 1, 1]
        mean: [0.447418957949, 0.407485216856, 0.430054634809, 0.408613681793, 0.279468238354, 0.207352295518, 0.196767821908, 0.201626986265, 0.385134965181, 0.550972044468, 0.38478115201, 0.190469026566, 0.137030139565, 0.127419710159, 0.166440278292, 0.184524565935, 0.147005409002, 0.118735477328, 0.106304332614, 0.115453355014, 0.198182359338, 0.22822406888, 0.167797267437, 0.205451145768, 0.251697301865, 0.182033956051, 0.122813396156, 0.130031138659, 0.145329266787, 0.19397598505, 0.252306729555, 0.227469518781, 0.197282731533, 0.19730219245, 0.247703313828, 0.386377900839]
        min: [0.00310025713407, 0.0132932038978, 0.00657189870253, 0.00403357855976, 0.00620122300461, 0.00500692706555, 0.00546754989773, 0.00300473743118, 0.0184037294239, 0.0345706529915, 0.016836008057, 0.00189099938143, 0.000727317819837, 0.000750445760787, 0.00178123405203, 0.00337514979765, 0.00286719715223, 0.00150386430323, 0.00182119430974, 0.00205723755062, 0.00925592891872, 0.0173291210085, 0.00809413008392, 0.00347553449683, 0.00323815597221, 0.00127940124366, 0.00278407032602, 0.00222756504081, 0.00103067001328, 0.0102528743446, 0.0320727676153, 0.00869691930711, 0.0043608029373, 0.00599812390283, 0.00556942401454, 0.00488714314997]
        var: [0.107814833522, 0.0839451551437, 0.104827187955, 0.104963704944, 0.0708898454905, 0.0414045937359, 0.0368889905512, 0.0455041527748, 0.0670261085033, 0.113078720868, 0.0704129859805, 0.0406139865518, 0.030300013721, 0.0244322307408, 0.0233006998897, 0.0279059335589, 0.0191798247397, 0.0180450398475, 0.015113494359, 0.0174621175975, 0.0343163497746, 0.0407772101462, 0.0294830650091, 0.0474455170333, 0.0777589306235, 0.0375431142747, 0.0168783813715, 0.024472841993, 0.0324192196131, 0.0330455899239, 0.0439352653921, 0.0422345437109, 0.0413610115647, 0.0338508673012, 0.0424456037581, 0.0796064734459]
    chords_histogram: [55.5045852661, 44.0366973877, 0.458715587854, 0, 0, 0, 0, 0, 0, 0, 0, 0, 0, 0, 0, 0, 0, 0, 0, 0, 0, 0, 0, 0]
    thpcp: [1, 0.698367834091, 0.345696359873, 0.248706161976, 0.23126347363, 0.302084803581, 0.334907323122, 0.266811013222, 0.215501815081, 0.192939609289, 0.209544852376, 0.359695851803, 0.414220780134, 0.304547697306, 0.372888505459, 0.456824094057, 0.330386906862, 0.222903132439, 0.236003145576, 0.263768851757, 0.352061390877, 0.45793017745, 0.412851303816, 0.358063042164, 0.358098357916, 0.449575096369, 0.701265871525, 0.812053799629, 0.739575147629, 0.780538022518, 0.741623282433, 0.507227599621, 0.376339048147, 0.357128500938, 0.365947753191, 0.699010014534]
    chords_key: "F"
    chords_scale: "major"
    key_key: "F"
    key_scale: "major"
    chords_progression: ["F", "F", "F", "F", "F", "F", "F", "F", "F", "F", "F", "F", "F", "F", "F", "F", "F", "F", "F", "F", "F", "F", "F", "F", "F", "F", "F", "F", "F", "F", "F", "F", "F", "F", "F", "F", "F", "F", "F", "F", "F", "F", "F", "F", "F", "F", "F", "F", "F", "F", "F", "F", "F", "F", "Am", "Am", "Am", "Am", "Am", "Am", "Am", "Am", "Am", "Am", "Am", "Am", "Am", "Am", "Am", "Am", "Am", "Am", "Am", "Am", "Am", "Am", "Am", "Am", "Am", "Am", "Am", "Am", "Am", "Am", "Am", "Am", "Am", "Am", "Am", "Am", "Am", "Am", "Am", "Am", "Am", "Am", "Am", "Am", "Am", "Am", "Am", "Am", "Am", "Am", "Am", "Am", "Am", "C", "Am", "Am", "Am", "Am", "Am", "Am", "Am", "Am", "Am", "Am", "Am", "Am", "Am", "Am", "Am", "Am", "Am", "Am", "Am", "Am", "Am", "Am", "Am", "Am", "Am", "Am", "Am", "Am", "Am", "Am", "Am", "Am", "Am", "Am", "Am", "Am", "Am", "Am", "Am", "Am", "Am", "Am", "Am", "F", "F", "F", "F", "F", "F", "F", "F", "F", "F", "F", "F", "F", "F", "F", "F", "F", "F", "F", "F", "F", "F", "F", "F", "F", "F", "F", "F", "F", "F", "F", "F", "F", "F", "F", "F", "F", "F", "F", "F", "F", "F", "F", "F", "F", "F", "F", "F", "F", "F", "F", "F", "F", "F", "F", "F", "F", "F", "F", "F", "F", "F", "F", "F", "F", "F", "F"]
