
metadata:
    version:
        essentia: "1.2.2"
    audio_properties:
        analysis_sample_rate: 44100
        bitrate: 128
        channels: 2
        equal_loudness: 1
        length: 10.0310201645
        replay_gain: 2.98348045349
        downmix: "mix"
    tags:
        track: 26
        year: 0
        album: "Splitted by Mp3Splt v. 2.1"
        artist: "From 004.10 To 004.20"
        comment: "http://mp3splt.sf.net"
        genre: ""
        title: "01 Static Beef.mp3"

highlevel:
    ballroom:
        all:
            ChaChaCha: 0.000581861997489
            Jive: 0.000458912661998
            Quickstep: 0.000593018019572
            Rumba-American: 0.00193692569155
            Rumba-International: 0.0319808535278
            Rumba-Misc: 0.0623769722879
            Samba: 0.000367614004062
            Tango: 0.000954631774221
            VienneseWaltz: 0.00691297044978
            Waltz: 0.893836259842
        probability: 0.893836259842
        value: "Waltz"
    culture:
        all:
            non_western: 0.842194497585
            western: 0.157805472612
        probability: 0.842194497585
        value: "non_western"
    gender:
        all:
            female: 0.696933150291
            male: 0.303066819906
        probability: 0.696933150291
        value: "female"
    genre_dortmund:
        all:
            alternative: 0.02931233868
            blues: 0.000398260104703
            electronic: 0.599761545658
            folkcountry: 0.0068628853187
            funksoulrnb: 0.00387743161991
            jazz: 0.341892629862
            pop: 0.0111501086503
            raphiphop: 0.000104448612547
            rock: 0.00664034532383
        probability: 0.599761545658
        value: "electronic"
    genre_electronica:
        all:
            ambient: 0.999591827393
            dnb: 3.17193844239e-05
            house: 0.000132014392875
            techno: 0.00013803919137
            trance: 0.000106424697151
        probability: 0.999591827393
        value: "ambient"
    genre_rosamerica:
        all:
            cla: 0.739825248718
            dan: 0.00886702444404
            hip: 0.00866957288235
            jaz: 0.197892561555
            pop: 0.00649494538084
            rhy: 0.00823559705168
            roc: 0.0127750691026
            spe: 0.0172399748117
        probability: 0.739825248718
        value: "cla"
    genre_tzanetakis:
        all:
            blu: 0.0689497664571
            cla: 0.73781311512
            cou: 0.0147474613041
            dis: 0.0150276264176
            hip: 0.0153461862355
            jaz: 0.0611730627716
            met: 0.0133381560445
            pop: 0.0197779964656
            reg: 0.0347100906074
            roc: 0.0191165208817
        probability: 0.73781311512
        value: "cla"
    live_studio:
        all:
            live: 0.449212819338
            studio: 0.55078715086
        probability: 0.55078715086
        value: "studio"
    mood:
        all:
            Cluster1: 0.0492898970842
            Cluster2: 0.0593035817146
            Cluster3: 0.736268341541
            Cluster4: 0.134892642498
            Cluster5: 0.0202455166727
        probability: 0.736268341541
        value: "Cluster3"
    mood_acoustic:
        all:
            acoustic: 0.465838164091
            not_acoustic: 0.534161806107
        probability: 0.534161806107
        value: "not_acoustic"
    mood_aggressive:
        all:
            aggressive: 9.30585713377e-07
            not_aggressive: 0.999999046326
        probability: 0.999999046326
        value: "not_aggressive"
    mood_electronic:
        all:
            electronic: 0.565060675144
            not_electronic: 0.434939295053
        probability: 0.565060675144
        value: "electronic"
    mood_happy:
        all:
            happy: 0.0635280832648
            not_happy: 0.936471939087
        probability: 0.936471939087
        value: "not_happy"
    mood_party:
        all:
            not_party: 0.958341479301
            party: 0.0416585020721
        probability: 0.958341479301
        value: "not_party"
    mood_relaxed:
        all:
            not_relaxed: 0.227962315083
            relaxed: 0.772037684917
        probability: 0.772037684917
        value: "relaxed"
    mood_sad:
        all:
            not_sad: 0.0518342740834
            sad: 0.948165714741
        probability: 0.948165714741
        value: "sad"
    rhythm:
        all:
            fast: 0.0897255241871
            medium: 0.816340923309
            slow: 0.0939335525036
        probability: 0.816340923309
        value: "medium"
    speech_music:
        all:
            music: 0.999995708466
            speech: 4.28919111073e-06
        probability: 0.999995708466
        value: "music"
    timbre:
        all:
            bright: 0.190182462335
            dark: 0.809817552567
        probability: 0.809817552567
        value: "dark"
    voice_instrumental:
        all:
            instrumental: 0.995405852795
            voice: 0.0045941718854
        probability: 0.995405852795
        value: "instrumental"

lowlevel:
    average_loudness: 0.958877682686
    barkbands_kurtosis:
        dmean: 8.77915000916
        dmean2: 16.638792038
        dvar: 423.112426758
        dvar2: 1546.05627441
        max: 221.046295166
        mean: 17.417924881
        min: -0.533222436905
        var: 757.071289062
    barkbands_skewness:
        dmean: 0.713810682297
        dmean2: 1.29900825024
        dvar: 1.02717888355
        dvar2: 3.7477273941
        max: 12.9867620468
        mean: 2.17064595222
        min: -0.754512369633
        var: 5.73559522629
    barkbands_spread:
        dmean: 0.219295158982
        dmean2: 0.402259349823
        dvar: 0.150386214256
        dvar2: 0.358090788126
        max: 6.28352117538
        mean: 0.691203474998
        min: 0.0745184570551
        var: 0.234142035246
    dissonance:
        dmean: 0.0669411867857
        dmean2: 0.120079822838
        dvar: 0.00451701134443
        dvar2: 0.0138695053756
        max: 0.490864932537
        mean: 0.288287490606
        min: 0.0716989561915
        var: 0.00714839063585
    hfc:
        dmean: 0.501302421093
        dmean2: 0.939270377159
        dvar: 0.629958510399
        dvar2: 2.22759151459
        max: 9.58861732483
        mean: 1.36579871178
        min: 0.0820393264294
        var: 1.10596203804
    pitch:
        dmean: 45.957660675
        dmean2: 88.5848236084
        dvar: 6313.36767578
        dvar2: 18935.4863281
        max: 428.155334473
        mean: 227.857833862
        min: 70.111289978
        var: 9135.51757812
    pitch_instantaneous_confidence:
        dmean: 0.0888082161546
        dmean2: 0.161677226424
        dvar: 0.0071971360594
        dvar2: 0.0255825817585
        max: 0.881577134132
        mean: 0.635453820229
        min: 0.245696008205
        var: 0.0180889423937
    pitch_salience:
        dmean: 0.0647115260363
        dmean2: 0.117217257619
        dvar: 0.0037651732564
        dvar2: 0.0133327338845
        max: 0.797455310822
        mean: 0.497107684612
        min: 0.0707729905844
        var: 0.0300738178194
    silence_rate_20dB:
        dmean: 0
        dmean2: 0
        dvar: 0
        dvar2: 0
        max: 1
        mean: 1
        min: 1
        var: 0
    silence_rate_30dB:
        dmean: 0
        dmean2: 0
        dvar: 0
        dvar2: 0
        max: 1
        mean: 1
        min: 1
        var: 0
    silence_rate_60dB:
        dmean: 0.0510440841317
        dmean2: 0.102325581014
        dvar: 0.0484385453165
        dvar2: 0.129064932466
        max: 1
        mean: 0.307870358229
        min: 0
        var: 0.213086992502
    spectral_centroid:
        dmean: 16.5135135651
        dmean2: 29.6642398834
        dvar: 266.289611816
        dvar2: 881.165222168
        max: 474.08996582
        mean: 314.33493042
        min: 222.566864014
        var: 2742.16479492
    spectral_complexity:
        dmean: 0.529137551785
        dmean2: 0.97663551569
        dvar: 0.463602155447
        dvar2: 1.20506215096
        max: 7
        mean: 3.36279058456
        min: 1
        var: 1.44977748394
    spectral_crest:
        dmean: 2.31475806236
        dmean2: 4.24353790283
        dvar: 5.80308675766
        dvar2: 20.1713562012
        max: 26.6220474243
        mean: 18.1319122314
        min: 8.46818637848
        var: 24.588104248
    spectral_decrease:
        dmean: 4.47979181528e-10
        dmean2: 8.48825065791e-10
        dvar: 3.60730776797e-19
        dvar2: 1.27406524868e-18
        max: -4.38779498846e-11
        mean: -1.15472320594e-09
        min: -6.45085673767e-09
        var: 6.70882974655e-19
    spectral_energy:
        dmean: 0.00173591414932
        dmean2: 0.00328848743811
        dvar: 5.45594912182e-06
        dvar2: 1.92675470316e-05
        max: 0.0252167414874
        mean: 0.00448206905276
        min: 0.000173046719283
        var: 1.01351761259e-05
    spectral_energyband_high:
        dmean: 1.28276154143e-08
        dmean2: 1.47438825593e-08
        dvar: 4.37407170217e-14
        dvar2: 4.39431646724e-14
        max: 4.34409503214e-06
        mean: 1.92492564111e-08
        min: 2.75367373348e-09
        var: 4.36824377668e-14
    spectral_energyband_low:
        dmean: 5.15123520017e-06
        dmean2: 8.55672715261e-06
        dvar: 1.21704479827e-10
        dvar2: 3.31262267617e-10
        max: 0.000140168674989
        mean: 9.14805241337e-06
        min: 2.28860610463e-08
        var: 3.15271253548e-10
    spectral_energyband_middle_high:
        dmean: 1.08647066099e-06
        dmean2: 1.32725642743e-06
        dvar: 2.32918155249e-12
        dvar2: 4.22145174719e-12
        max: 2.6379881092e-05
        mean: 6.87558895152e-06
        min: 9.85844621937e-07
        var: 1.90223895663e-11
    spectral_energyband_middle_low:
        dmean: 0.00173713127151
        dmean2: 0.003290892113
        dvar: 5.47300396647e-06
        dvar2: 1.93225350813e-05
        max: 0.0251968279481
        mean: 0.00446601491421
        min: 0.000166735277162
        var: 1.0107433809e-05
    spectral_flatness_db:
        dmean: 0.0347835086286
        dmean2: 0.0644932389259
        dvar: 0.00116030359641
        dvar2: 0.00346743594855
        max: 0.663255274296
        mean: 0.529745995998
        min: 0.133677497506
        var: 0.00323093961924
    spectral_flux:
        dmean: 0.00644533662125
        dmean2: 0.00903870817274
        dvar: 5.27283227711e-05
        dvar2: 0.00010744559404
        max: 0.0949596092105
        mean: 0.0235634278506
        min: 0.00223524007015
        var: 0.000286042748485
    spectral_kurtosis:
        dmean: 72.3595275879
        dmean2: 132.086166382
        dvar: 3380.55444336
        dvar2: 10833.3867188
        max: 498.922729492
        mean: 259.20010376
        min: 2.62025547028
        var: 6148.95166016
    spectral_rms:
        dmean: 0.000370621477487
        dmean2: 0.000698452116922
        dvar: 1.50682652134e-07
        dvar2: 5.21207880411e-07
        max: 0.00496000982821
        mean: 0.00197184761055
        min: 0.000410884502344
        var: 4.84567976855e-07
    spectral_rolloff:
        dmean: 23.2397975922
        dmean2: 44.37449646
        dvar: 1782.62182617
        dvar2: 5971.94287109
        max: 710.595703125
        mean: 375.077728271
        min: 236.865234375
        var: 6459.82324219
    spectral_skewness:
        dmean: 1.72749626637
        dmean2: 3.11135196686
        dvar: 1.90456521511
        dvar2: 5.65613460541
        max: 19.1262931824
        mean: 13.785525322
        min: 1.89817857742
        var: 4.44343805313
    spectral_spread:
        dmean: 432259.78125
        dmean2: 736361.625
        dvar: 1.81564735488e+12
        dvar2: 2.12739555328e+12
        max: 27927638
        mean: 734768.4375
        min: 199317
        var: 1.82146354381e+12
    spectral_strongpeak:
        dmean: 0.142154157162
        dmean2: 0.258964300156
        dvar: 0.026125870645
        dvar2: 0.0819127634168
        max: 1.30570495129
        mean: 0.487932682037
        min: 0.0587786883116
        var: 0.0546043924987
    zerocrossingrate:
        dmean: 0.000647627108265
        dmean2: 0.000986830098554
        dvar: 5.19248203545e-07
        dvar2: 8.72795567375e-07
        max: 0.02392578125
        mean: 0.0146200489253
        min: 0.00830078125
        var: 6.90613251209e-06
    barkbands:
        dmean: [8.04004685051e-08, 3.24875304614e-06, 3.11156713906e-06, 4.01189972763e-05, 0.00112634128891, 0.000633801682852, 0.000276794948149, 3.07260015688e-05, 2.7433534342e-06, 8.5384635895e-07, 3.44011311881e-07, 2.23297632829e-07, 1.32056484858e-07, 7.65207062159e-08, 1.41796299147e-08, 8.02155319946e-09, 8.49581027751e-09, 8.57268211973e-09, 4.90410956289e-09, 4.3075192302e-09, 2.50814791158e-09, 2.5018338512e-09, 1.93774729595e-09, 1.37150746315e-09, 1.33547028991e-09, 1.28136490307e-09, 1.36545497131e-09]
        dmean2: [1.22048106732e-07, 5.59418822377e-06, 4.93831066706e-06, 7.21873075236e-05, 0.00212824251503, 0.00115698948503, 0.000490605598316, 5.38593012607e-05, 3.96855375584e-06, 1.05354808966e-06, 4.04931284947e-07, 2.48872566999e-07, 2.03220679396e-07, 1.07178827591e-07, 2.21088765073e-08, 1.05335065115e-08, 1.22958692117e-08, 1.23947527797e-08, 6.69203403802e-09, 5.94365268114e-09, 2.96175040049e-09, 3.12486725385e-09, 2.50065146368e-09, 1.51799239845e-09, 1.48157019986e-09, 1.4117087499e-09, 1.50497025952e-09]
        dvar: [2.0743358474e-13, 5.06619329821e-11, 6.68437041829e-11, 4.84052797844e-09, 2.45889759753e-06, 1.82585984021e-06, 5.80447249376e-07, 7.35270422325e-09, 8.91960810767e-12, 1.26030360193e-12, 1.97020107477e-13, 6.06305641544e-14, 2.30351304573e-14, 2.32400921017e-14, 6.63812097467e-15, 4.2743328103e-15, 2.74590780852e-15, 2.91879760921e-15, 2.01708635587e-15, 1.68883652485e-15, 1.39320243862e-15, 9.6252620725e-16, 6.81331174036e-16, 6.0562336921e-16, 5.71749674616e-16, 5.4318227086e-16, 6.16777469636e-16]
        dvar2: [2.38152190026e-13, 1.6484476284e-10, 1.62860003261e-10, 1.67394027528e-08, 9.04283024283e-06, 6.37743823972e-06, 2.05744663617e-06, 2.61790322753e-08, 2.43373030062e-11, 3.00125831305e-12, 2.22276380244e-13, 1.05322055331e-13, 3.69759222698e-14, 3.90084218724e-14, 6.96819319707e-15, 4.10836051594e-15, 3.1629343157e-15, 3.48584593333e-15, 2.03464746645e-15, 1.72552003949e-15, 1.3997140044e-15, 9.70443847724e-16, 7.02358131676e-16, 6.0810459341e-16, 5.73820828991e-16, 5.45437972538e-16, 6.19296069165e-16]
        max: [9.29527232074e-06, 5.64907022635e-05, 9.16566641536e-05, 0.00106411916204, 0.0123733989894, 0.0152386622503, 0.00672610383481, 0.000973368005361, 4.62450479972e-05, 2.54892329394e-05, 1.07457171907e-05, 4.28844987255e-06, 2.67122209152e-06, 2.60836122834e-06, 1.68594840488e-06, 1.39469216265e-06, 1.04217690478e-06, 1.10919631879e-06, 9.41360326578e-07, 8.51215986586e-07, 7.75928754138e-07, 6.44111025849e-07, 5.39636289432e-07, 5.11017390181e-07, 4.96442851272e-07, 4.83430824261e-07, 5.15134502166e-07]
        mean: [1.26295248037e-07, 5.01405156683e-06, 4.02639079766e-06, 9.20111124287e-05, 0.00238342350349, 0.00131103664171, 0.000582389009651, 8.11313584563e-05, 1.58391630976e-05, 4.19286743636e-06, 1.04984599147e-06, 1.11222050236e-06, 3.66263037677e-07, 2.52548659319e-07, 2.58387355956e-08, 1.83960953137e-08, 1.40764484513e-08, 1.37369697839e-08, 9.20270881721e-09, 7.99560684328e-09, 4.19542978136e-09, 3.80920717191e-09, 2.57747245769e-09, 1.59146118506e-09, 1.56042478938e-09, 1.24807930657e-09, 1.31809607673e-09]
        min: [1.30059657488e-10, 1.10329052561e-08, 1.75018710635e-09, 9.43095130879e-08, 2.21927803068e-06, 5.8332448134e-06, 8.47936917125e-06, 1.16100056857e-06, 8.01388466698e-07, 1.77134936052e-07, 2.86544832306e-08, 7.22261930264e-08, 4.89327902642e-08, 8.72146355135e-09, 3.77256537121e-09, 1.96816385412e-09, 1.21392074171e-09, 4.44051351245e-10, 1.12658737894e-09, 1.25018229102e-09, 6.85774659281e-10, 3.08414321859e-10, 1.44684333958e-10, 1.34037572708e-10, 8.58762783107e-11, 3.11991860298e-13, 1.93579503691e-14]
        var: [2.30716135216e-13, 9.54814491361e-11, 1.02782685141e-10, 2.61032226945e-08, 4.63873357148e-06, 2.31415901908e-06, 9.55567315941e-07, 1.45059892986e-08, 9.49603659595e-11, 1.50789259551e-11, 2.60318979914e-12, 6.96412545687e-13, 5.16939294918e-14, 6.31426402592e-14, 6.81934113263e-15, 4.592278062e-15, 2.9807464226e-15, 3.20555510779e-15, 2.07130429955e-15, 1.70885868966e-15, 1.39097537725e-15, 9.68891024574e-16, 6.86435076938e-16, 6.04981794692e-16, 5.70931652548e-16, 5.41997695284e-16, 6.15444769173e-16]
    mfcc:
        mean: [-1052.65478516, 294.335296631, 40.3637313843, 5.06328344345, -35.9600524902, -27.4155464172, -25.0992736816, -34.1418457031, -31.829120636, -21.2819328308, -11.8131303787, -15.2695350647, -9.89447307587]
        cov: [[817.762939453, -18.1663017273, 92.8563690186, 356.152282715, 137.909698486, 108.135978699, -84.9334640503, 122.54889679, -101.981826782, 84.9142379761, 202.151580811, 130.658203125, 238.946289062], [-18.1663017273, 131.714126587, 15.5296945572, 38.2739295959, -1.4043828249, -1.15048789978, -17.2675514221, -26.1685028076, -44.3110084534, -22.240152359, 7.24708509445, 9.56338214874, 11.7049846649], [92.8563690186, 15.5296945572, 178.587463379, 155.536834717, 64.5647277832, 58.1255187988, 19.8042259216, 62.8114356995, -20.984003067, -20.9963283539, -22.5175304413, -41.1461410522, -13.3742017746], [356.152282715, 38.2739295959, 155.536834717, 319.280639648, 116.840530396, 83.8101501465, -32.6395454407, 92.7317047119, -64.5398406982, 10.9088754654, 72.4822998047, 27.3212184906, 104.186286926], [137.909698486, -1.4043828249, 64.5647277832, 116.840530396, 82.575012207, 53.4701919556, 5.86570262909, 47.6788673401, -7.97918653488, 7.27090263367, 24.6788368225, 8.60356998444, 25.3599872589], [108.135978699, -1.15048789978, 58.1255187988, 83.8101501465, 53.4701919556, 78.0927505493, 28.9882659912, 53.9585227966, 13.9094524384, 11.3778848648, 11.5714540482, -14.8827371597, 6.93464851379], [-84.9334640503, -17.2675514221, 19.8042259216, -32.6395454407, 5.86570262909, 28.9882659912, 73.2004318237, 34.1936912537, 49.8398628235, -3.36867451668, -40.4040145874, -40.6069259644, -56.5011100769], [122.54889679, -26.1685028076, 62.8114356995, 92.7317047119, 47.6788673401, 53.9585227966, 34.1936912537, 118.839797974, 43.16381073, 38.3222885132, 25.7718067169, -12.3544816971, 24.6669769287], [-101.981826782, -44.3110084534, -20.984003067, -64.5398406982, -7.97918653488, 13.9094524384, 49.8398628235, 43.16381073, 109.879646301, 34.2932739258, -25.3292045593, -25.9375305176, -44.4179649353], [84.9142379761, -22.240152359, -20.9963283539, 10.9088754654, 7.27090263367, 11.3778848648, -3.36867451668, 38.3222885132, 34.2932739258, 77.4134902954, 60.7534103394, 29.0061626434, 41.0320510864], [202.151580811, 7.24708509445, -22.5175304413, 72.4822998047, 24.6788368225, 11.5714540482, -40.4040145874, 25.7718067169, -25.3292045593, 60.7534103394, 125.76084137, 85.3141174316, 107.4949646], [130.658203125, 9.56338214874, -41.1461410522, 27.3212184906, 8.60356998444, -14.8827371597, -40.6069259644, -12.3544816971, -25.9375305176, 29.0061626434, 85.3141174316, 107.97039032, 93.057762146], [238.946289062, 11.7049846649, -13.3742017746, 104.186286926, 25.3599872589, 6.93464851379, -56.5011100769, 24.6669769287, -44.4179649353, 41.0320510864, 107.4949646, 93.057762146, 164.786087036]]
        icov: [[0.00560077931732, 0.00280911126174, 0.00168085435871, -0.00312779354863, 0.000753280648496, -0.00624125078321, 0.00341203599237, -0.0034381498117, 0.00549055542797, -0.0030112976674, 0.000531612546183, -0.00344588630833, -0.000546664407011], [0.00280911126174, 0.011063634418, 0.000824757909868, -0.00426929956302, 0.00394789734855, -0.00432688463479, 0.000231571088079, 0.000987581443042, 0.00437347684056, 0.000358295917977, -0.0014306914527, -0.00219123042189, 0.000673474161886], [0.00168085435871, 0.000824757909868, 0.017351783812, -0.00958219915628, 0.000302389758872, -0.00318893161602, -0.00128046807367, -0.00553334830329, 0.00612137885764, -0.00170694699045, 0.00607641413808, -0.00114525284152, 0.00420563714579], [-0.00312779354863, -0.00426929956302, -0.00958219915628, 0.0202888492495, -0.0115504190326, -0.00089556875173, 0.00727824261412, -0.00503675220534, 0.000695044407621, 0.00336947874166, -0.00196036370471, 0.00349976494908, -0.00505117513239], [0.000753280648496, 0.00394789734855, 0.000302389758872, -0.0115504190326, 0.0372793786228, -0.0156861115247, -0.000235637373407, -0.00195464584976, 0.00116830295883, 0.00105445773806, 0.000703750818502, -0.00938155222684, 0.00598056521267], [-0.00624125078321, -0.00432688463479, -0.00318893161602, -0.00089556875173, -0.0156861115247, 0.0437382683158, -0.0191682502627, 0.00638794805855, -0.010524420999, 0.00417717499658, -0.00920456554741, 0.0140307610855, -0.00308630778454], [0.00341203599237, 0.000231571088079, -0.00128046807367, 0.00727824261412, -0.000235637373407, -0.0191682502627, 0.0418789237738, -0.0151350423694, -0.00147999462206, 0.00215100310743, 0.00556168146431, -0.00623580859974, 0.00675699813291], [-0.0034381498117, 0.000987581443042, -0.00553334830329, -0.00503675220534, -0.00195464584976, 0.00638794805855, -0.0151350423694, 0.0316525623202, -0.0151015277952, -0.000962016754784, -0.00874014105648, 0.0118149621412, -0.00704656913877], [0.00549055542797, 0.00437347684056, 0.00612137885764, 0.000695044407621, 0.00116830295883, -0.010524420999, -0.00147999462206, -0.0151015277952, 0.0342409275472, -0.019469819963, 0.0149649363011, -0.010615542531, 0.00411175657064], [-0.0030112976674, 0.000358295917977, -0.00170694699045, 0.00336947874166, 0.00105445773806, 0.00417717499658, 0.00215100310743, -0.000962016754784, -0.019469819963, 0.0419842228293, -0.0270685181022, 0.00933699402958, -0.000701765995473], [0.000531612546183, -0.0014306914527, 0.00607641413808, -0.00196036370471, 0.000703750818502, -0.00920456554741, 0.00556168146431, -0.00874014105648, 0.0149649363011, -0.0270685181022, 0.0471946485341, -0.0215132664889, -0.00330595206469], [-0.00344588630833, -0.00219123042189, -0.00114525284152, 0.00349976494908, -0.00938155222684, 0.0140307610855, -0.00623580859974, 0.0118149621412, -0.010615542531, 0.00933699402958, -0.0215132664889, 0.0360140576959, -0.0116971209645], [-0.000546664407011, 0.000673474161886, 0.00420563714579, -0.00505117513239, 0.00598056521267, -0.00308630778454, 0.00675699813291, -0.00704656913877, 0.00411175657064, -0.000701765995473, -0.00330595206469, -0.0116971209645, 0.0229745935649]]
    spectral_contrast:
        mean: [-8.55972075442e-08, 1.93351226585e-07, 3.68102007542e-07, -2.72024152537e-07, 6.8313158863e-07, -1.49462110244e-07, 2.06620188692e-06, -6.3070032752e-08, 1.98497332349e-07, 2.28909561883e-06, 7.50741321554e-07, -1.37395636557e-06]
        var: [6.65743355057e-05, 0.000148754901602, 0.000479101610836, 0.00079741969239, 0.00475819781423, 0.0094959307462, 0.0276431143284, 0.0361103788018, 0.11479165405, 0.165902659297, 0.199224054813, 1.26972639561]

rhythm:
    beats_loudness:
        dmean: 0.00210494943894
        dmean2: 0.0040419283323
        dvar: 3.00200599668e-06
        dvar2: 5.67305323784e-06
        max: 0.00898305978626
        mean: 0.00428112735972
        min: 0.00033321682713
        var: 6.05254535913e-06
    beats_loudness_bass:
        dmean: 0.00760441832244
        dmean2: 0.0109148845077
        dvar: 6.72359892633e-05
        dvar2: 5.24680253875e-05
        max: 0.0485006831586
        mean: 0.00860430579633
        min: 8.7627544417e-05
        var: 0.000133554800414
    bpm: 125.517356873
    bpm_confidence: 0
    first_peak_bpm: 113
    first_peak_spread: 0
    first_peak_weight: 0.555555582047
    onset_rate: 2.49226880074
    second_peak_bpm: 126
    second_peak_spread: 0
    second_peak_weight: 0.388888895512
    beats_position: [0.347943842411, 0.879591286182, 1.41123867035, 1.94288611412, 2.47453379631, 3.00618124008, 3.53782868385, 4.06947612762, 4.60112380981, 5.132771492, 5.66441869736, 6.1180768013, 6.59616327286, 7.07424926758, 7.55233621597, 8.03042316437, 8.50850868225, 8.98659610748, 9.46468257904]
    bpm_estimates: [123.523139954, 126.055747986, 126.973167419]
    bpm_intervals: [0.531647443771, 0.531647384167, 0.531647443771, 0.53164768219, 0.531647443771, 0.531647443771, 0.531647443771, 0.53164768219, 0.53164768219, 0.531647205353, 0.453658103943, 0.478086471558, 0.47808599472, 0.478086948395, 0.478086948395, 0.478085517883, 0.478087425232, 0.478086471558]
    onset_times: [0.0696598663926, 0.18575963378, 1.45124721527, 1.53251695633, 1.6137868166, 2.06657600403, 2.86766433716, 3.05342411995, 3.15791392326, 3.47138333321, 5.72371864319, 5.8282084465, 5.87464857101, 6.11845827103, 6.65251684189, 6.8963265419, 7.70902490616, 7.89478445053, 8.38240337372, 8.56816291809, 8.75392246246, 9.02095222473, 9.25315189362, 9.90331077576, 10.0310201645]
    rubato_start: [6.1180768013]
    rubato_stop: [6.59616327286]
    perceptual_tempo: "unknown"

sfx:
    inharmonicity:
        dmean: 0.0234180334955
        dmean2: 0.0442070737481
        dvar: 0.00171928550117
        dvar2: 0.00519319064915
        max: 0.222106873989
        mean: 0.0182872992009
        min: 1.57981805415e-08
        var: 0.00130534055643
    oddtoevenharmonicenergyratio:
        dmean: 120.301025391
        dmean2: 239.918365479
        dvar: 770520.75
        dvar2: 2305562.25
        max: 12375.8447266
        mean: 63.4195671082
        min: 3.68541925866e-08
        var: 387887.0625
    pitch_after_max_to_before_max_energy_ratio: 0.13796299696
    pitch_centroid: 220.602096558
    pitch_max_to_total: 0.944186031818
    pitch_min_to_total: 0.811627924442
    tristimulus:
        dmean: [0.255790948868, 0.259662717581, 0.00811653584242]
        dmean2: [0.486140966415, 0.492443829775, 0.0152301341295]
        dvar: [0.109850101173, 0.113337412477, 0.000302933854982]
        dvar2: [0.319933027029, 0.328707665205, 0.000926715321839]
        max: [0.999286234379, 0.994601845741, 0.120897397399]
        mean: [0.680094540119, 0.30991768837, 0.00718881422654]
        min: [0.00324898213148, 0, 0]
        var: [0.130690664053, 0.131650671363, 0.000298346712952]

tonal:
    chords_changes_rate: 0.037037037313
    chords_number_rate: 0.0277777779847
    chords_strength:
        dmean: 0.00637348974124
        dmean2: 0.00307130254805
        dvar: 1.70787625393e-05
        dvar2: 1.25776368805e-05
        max: 0.651412963867
        mean: 0.457985699177
        min: 0.297151833773
        var: 0.0107916230336
    key_strength: 0.820242404938
    tuning_diatonic_strength: 0.56528198719
    tuning_equal_tempered_deviation: 0.0962363481522
    tuning_frequency: 442.03793335
    tuning_nontempered_energy_ratio: 0.633319973946
    hpcp:
        dmean: [0.0230556931347, 0.0350213758647, 0.0721685290337, 0.0478920787573, 0.0548696294427, 0.0154237803072, 0.031829982996, 0.0350976623595, 0.0313230678439, 0.01830855757, 0.00975930225104, 0.0319642610848, 0.070424720645, 0.0619072318077, 0.02550137043, 0.00963817443699, 0.00675539160147, 0.0278189834207, 0.0644310936332, 0.0533265545964, 0.0164997652173, 0.0168547593057, 0.0207335166633, 0.0384564772248, 0.0522384494543, 0.0506091527641, 0.0770042538643, 0.0967801138759, 0.0730008482933, 0.0348637551069, 0.0155503191054, 0.0274851564318, 0.080173753202, 0.0585858263075, 0.0557044185698, 0.0202196259052]
        dmean2: [0.0399193391204, 0.059830263257, 0.115975119174, 0.0656933039427, 0.076599881053, 0.026382278651, 0.055176243186, 0.0529221259058, 0.0497473441064, 0.0290633458644, 0.0176168959588, 0.0482478886843, 0.104819878936, 0.105016164482, 0.0424589477479, 0.0162579752505, 0.00998346600682, 0.0406369902194, 0.106486730278, 0.0887808054686, 0.0275190100074, 0.0291804373264, 0.0328719243407, 0.0498139448464, 0.0733840167522, 0.0690992102027, 0.113284215331, 0.152710899711, 0.114707961679, 0.0480647459626, 0.0258421879262, 0.0415124371648, 0.116291582584, 0.0864428281784, 0.0845205783844, 0.032067656517]
        dvar: [0.00687624141574, 0.00757943885401, 0.0145935565233, 0.00687250448391, 0.00713339401409, 0.00226554297842, 0.0123119195923, 0.0136618092656, 0.00991453044116, 0.00299570779316, 0.000699746247847, 0.00185170711484, 0.0236412677914, 0.0194242075086, 0.00775226717815, 0.00179686641786, 0.00131642876659, 0.00694943685085, 0.0343788713217, 0.0240967515856, 0.00490542268381, 0.00896134134382, 0.0066920556128, 0.00451481807977, 0.0100875375792, 0.00723505020142, 0.0223244465888, 0.02799465321, 0.0172075685114, 0.00915910117328, 0.00208101258613, 0.00174134084955, 0.0147455167025, 0.0107671841979, 0.00699737388641, 0.0040308823809]
        dvar2: [0.0139054004103, 0.0205972436816, 0.037267010659, 0.0114346286282, 0.0173856448382, 0.00616697361693, 0.0334428399801, 0.0272945147008, 0.0209388379008, 0.00784232653677, 0.00207519344985, 0.00386153883301, 0.0668599382043, 0.0609816424549, 0.0204049423337, 0.00489364704117, 0.00211463379674, 0.0164377149194, 0.105116449296, 0.0738812536001, 0.0108385486528, 0.0204688981175, 0.013294284232, 0.00755692552775, 0.0222121402621, 0.012932183221, 0.055143468082, 0.0710011050105, 0.041704069823, 0.0142734171823, 0.00451225694269, 0.00398334208876, 0.0321999676526, 0.0227990150452, 0.0152197685093, 0.00976887810975]
        max: [1, 0.778215408325, 1, 1, 0.944611489773, 0.502398729324, 1, 1, 1, 0.468475908041, 0.222294315696, 0.651971936226, 1, 1, 1, 0.345644891262, 0.432962715626, 0.929469406605, 1, 1, 0.896711230278, 0.979048192501, 1, 1, 1, 1, 1, 1, 1, 1, 0.402961969376, 0.286481440067, 1, 1, 0.841934621334, 0.849340379238]
        mean: [0.0352128222585, 0.043231472373, 0.18116928637, 0.301000535488, 0.152566969395, 0.0201311707497, 0.0352233797312, 0.0604717247188, 0.0538266152143, 0.0291223730892, 0.0135937193409, 0.183824956417, 0.337898701429, 0.182970434427, 0.0309255812317, 0.00749726546928, 0.00617378018796, 0.0395781770349, 0.0774374604225, 0.0567008405924, 0.0196875929832, 0.0143426414579, 0.0297906324267, 0.132647916675, 0.183881744742, 0.114759266376, 0.232230499387, 0.332052409649, 0.194126114249, 0.0650085508823, 0.0150556880981, 0.0293129757047, 0.242001712322, 0.32903534174, 0.121809720993, 0.0209241434932]
        min: [3.9674679897e-07, 7.43332111597e-06, 3.05199973809e-05, 2.75403981504e-05, 1.19113456094e-05, 1.55690895554e-06, 1.07849893993e-06, 1.0191254205e-06, 1.4661474097e-06, 1.1305779708e-06, 8.44076294015e-06, 0.000294195924653, 0.000150324209244, 3.46928136423e-05, 4.31131098821e-07, 5.7736377812e-07, 9.1362880994e-07, 7.2669427027e-05, 9.01991297724e-05, 2.48218639172e-05, 2.42015926233e-06, 1.34460015033e-06, 1.79328912964e-06, 1.74277629412e-05, 2.09018708119e-05, 0.000121951226902, 0.000262702989858, 0.000365598476492, 0.000237513289903, 1.19665656939e-07, 1.36228010206e-07, 1.02860599327e-06, 0.000105017206806, 0.000147763465066, 5.20973735547e-05, 1.14867340528e-07]
        var: [0.0140486666933, 0.0131244473159, 0.0544407442212, 0.14563369751, 0.0413993149996, 0.00347139057703, 0.0130336210132, 0.0387705750763, 0.0278304331005, 0.00593180768192, 0.000976686365902, 0.0472474321723, 0.148729100823, 0.0537111759186, 0.0171177033335, 0.0015036764089, 0.00126178015489, 0.0142394341528, 0.0448152609169, 0.0259774345905, 0.00803834106773, 0.00935337692499, 0.00958357658237, 0.0520877167583, 0.0809940248728, 0.0376470349729, 0.0925267860293, 0.146370276809, 0.0633302330971, 0.0370918959379, 0.00300355791114, 0.00245290668681, 0.0860065072775, 0.153908118606, 0.0257091876119, 0.00560943735763]
    chords_histogram: [39.351852417, 13.4259262085, 34.7222213745, 1.38888883591, 9.72222232819, 0, 0, 0, 0, 0, 0, 0, 0, 0, 0, 0, 0, 0, 0, 0, 0, 1.38888883591, 0, 0]
    thpcp: [1, 0.541494905949, 0.0915232300758, 0.0221879091114, 0.0182710979134, 0.117130301893, 0.229173600674, 0.167804256082, 0.0582647770643, 0.0424465723336, 0.0881643891335, 0.392567098141, 0.544191896915, 0.339626252651, 0.687278449535, 0.982698082924, 0.57450979948, 0.192390650511, 0.0445568077266, 0.0867507830262, 0.716196060181, 0.973769187927, 0.360491842031, 0.0619243085384, 0.104211181402, 0.127942115068, 0.536164522171, 0.890801072121, 0.451516896486, 0.0595775321126, 0.104242421687, 0.178964063525, 0.159298077226, 0.0861866995692, 0.0402301624417, 0.544023871422]
    chords_key: "F#"
    chords_scale: "major"
    key_key: "F#"
    key_scale: "major"
    chords_progression: ["C#", "C#", "C#", "C#", "C#", "C#", "A#m", "A#m", "A#m", "A#m", "A#m", "A#m", "A#m", "A#m", "A#m", "A#m", "A#m", "A#m", "A#m", "A#m", "A#m", "A#m", "A#m", "A#m", "A#m", "A#m", "A#m", "A#m", "A#m", "A#m", "A#m", "A#m", "A#m", "A#m", "A#m", "F#", "F#", "F#", "F#", "Fm", "Fm", "Fm", "G#", "G#", "G#", "G#", "G#", "G#", "G#", "G#", "G#", "G#", "G#", "G#", "G#", "G#", "G#", "G#", "G#", "G#", "G#", "G#", "G#", "F#", "F#", "F#", "F#", "F#", "F#", "F#", "F#", "F#", "F#", "F#", "F#", "F#", "F#", "F#", "F#", "F#", "F#", "F#", "F#", "F#", "F#", "F#", "F#", "F#", "F#", "F#", "F#", "F#", "F#", "F#", "F#", "F#", "F#", "F#", "F#", "F#", "F#", "F#", "F#", "F#", "F#", "F#", "F#", "F#", "F#", "F#", "F#", "F#", "F#", "F#", "F#", "F#", "F#", "F#", "F#", "F#", "F#", "F#", "F#", "F#", "F#", "F#", "F#", "F#", "F#", "F#", "F#", "F#", "F#", "F#", "F#", "F#", "F#", "F#", "F#", "F#", "F#", "F#", "F#", "F#", "C#", "C#", "C#", "C#", "C#", "C#", "C#", "C#", "C#", "C#", "C#", "C#", "C#", "C#", "C#", "C#", "C#", "C#", "C#", "C#", "C#", "C#", "C#", "C#", "C#", "C#", "C#", "C#", "C#", "C#", "C#", "C#", "C#", "C#", "C#", "C#", "C#", "C#", "C#", "C#", "C#", "C#", "C#", "C#", "C#", "C#", "C#", "C#", "C#", "C#", "C#", "C#", "C#", "C#", "C#", "C#", "C#", "C#", "C#", "C#", "C#", "C#", "C#", "G#m", "G#m", "G#m", "C#", "C#", "C#", "C#", "C#", "C#"]
