
metadata:
    version:
        essentia: "1.2.2"
    audio_properties:
        analysis_sample_rate: 44100
        bitrate: 128
        channels: 2
        equal_loudness: 1
        length: 10.0048980713
        replay_gain: -15.6391792297
        downmix: "mix"
    tags:
        track: 17
        year: 0
        album: "Splitted by Mp3Splt v. 2.1"
        artist: "From 002.40 To 002.50"
        comment: "http://mp3splt.sf.net"
        genre: ""
        title: "02 Bad Dreams (3).mp3"

highlevel:
    ballroom:
        all:
            ChaChaCha: 0.0441874079406
            Jive: 0.432535618544
            Quickstep: 0.197014212608
            Rumba-American: 0.0159063767642
            Rumba-International: 0.0100713437423
            Rumba-Misc: 0.012914635241
            Samba: 0.103128179908
            Tango: 0.024341577664
            VienneseWaltz: 0.145434558392
            Waltz: 0.0144660910591
        probability: 0.432535618544
        value: "Jive"
    culture:
        all:
            non_western: 0.61714464426
            western: 0.382855325937
        probability: 0.61714464426
        value: "non_western"
    gender:
        all:
            female: 0.325858205557
            male: 0.674141824245
        probability: 0.674141824245
        value: "male"
    genre_dortmund:
        all:
            alternative: 0.0520103089511
            blues: 0.0827049985528
            electronic: 0.0354016572237
            folkcountry: 0.0214829724282
            funksoulrnb: 0.180805385113
            jazz: 0.0240909103304
            pop: 0.042305778712
            raphiphop: 0.210702896118
            rock: 0.350495100021
        probability: 0.350495100021
        value: "rock"
    genre_electronica:
        all:
            ambient: 0.248590290546
            dnb: 0.552662968636
            house: 0.0292924139649
            techno: 0.016262024641
            trance: 0.153192296624
        probability: 0.552662968636
        value: "dnb"
    genre_rosamerica:
        all:
            cla: 0.0206238608807
            dan: 0.0442420132458
            hip: 0.075341001153
            jaz: 0.019025111571
            pop: 0.331482887268
            rhy: 0.0354252308607
            roc: 0.470532238483
            spe: 0.00332767399959
        probability: 0.470532238483
        value: "roc"
    genre_tzanetakis:
        all:
            blu: 0.0025142733939
            cla: 0.00369876762852
            cou: 0.0318857654929
            dis: 0.26501712203
            hip: 0.018608527258
            jaz: 0.00464335037395
            met: 0.00344631588086
            pop: 0.624321818352
            reg: 0.013826505281
            roc: 0.0320375561714
        probability: 0.624321818352
        value: "pop"
    live_studio:
        all:
            live: 0.196668103337
            studio: 0.803331911564
        probability: 0.803331911564
        value: "studio"
    mood:
        all:
            Cluster1: 0.25790181756
            Cluster2: 0.23596483469
            Cluster3: 0.035981528461
            Cluster4: 0.264020621777
            Cluster5: 0.206131219864
        probability: 0.264020621777
        value: "Cluster4"
    mood_acoustic:
        all:
            acoustic: 8.18507214717e-06
            not_acoustic: 0.999991834164
        probability: 0.999991834164
        value: "not_acoustic"
    mood_aggressive:
        all:
            aggressive: 0.8032091856
            not_aggressive: 0.1967908144
        probability: 0.8032091856
        value: "aggressive"
    mood_electronic:
        all:
            electronic: 0.230072945356
            not_electronic: 0.769927024841
        probability: 0.769927024841
        value: "not_electronic"
    mood_happy:
        all:
            happy: 0.918957173824
            not_happy: 0.0810428112745
        probability: 0.918957173824
        value: "happy"
    mood_party:
        all:
            not_party: 0.284997403622
            party: 0.715002596378
        probability: 0.715002596378
        value: "party"
    mood_relaxed:
        all:
            not_relaxed: 0.931640625
            relaxed: 0.0683593675494
        probability: 0.931640625
        value: "not_relaxed"
    mood_sad:
        all:
            not_sad: 0.928296148777
            sad: 0.0717038586736
        probability: 0.928296148777
        value: "not_sad"
    rhythm:
        all:
            fast: 0.791416823864
            medium: 0.188172772527
            slow: 0.0204104203731
        probability: 0.791416823864
        value: "fast"
    speech_music:
        all:
            music: 0.997676193714
            speech: 0.00232379813679
        probability: 0.997676193714
        value: "music"
    timbre:
        all:
            bright: 0.120254330337
            dark: 0.879745662212
        probability: 0.879745662212
        value: "dark"
    voice_instrumental:
        all:
            instrumental: 0.00297813187353
            voice: 0.997021853924
        probability: 0.997021853924
        value: "voice"

lowlevel:
    average_loudness: 0.983463227749
    barkbands_kurtosis:
        dmean: 0.63745445013
        dmean2: 1.02310788631
        dvar: 0.700323343277
        dvar2: 1.5359082222
        max: 6.11970424652
        mean: -0.262148469687
        min: -1.74932301044
        var: 1.27463936806
    barkbands_skewness:
        dmean: 0.343201547861
        dmean2: 0.518415987492
        dvar: 0.12582026422
        dvar2: 0.233175873756
        max: 2.32279896736
        mean: 0.125356420875
        min: -2.45082640648
        var: 0.461607009172
    barkbands_spread:
        dmean: 4.15318202972
        dmean2: 6.25175714493
        dvar: 19.1335201263
        dvar2: 43.3592643738
        max: 54.0597076416
        mean: 21.1017913818
        min: 7.78495502472
        var: 55.0099525452
    dissonance:
        dmean: 0.0227099899203
        dmean2: 0.0367572009563
        dvar: 0.000432071654359
        dvar2: 0.000938297889661
        max: 0.499811649323
        mean: 0.454556465149
        min: 0.29384970665
        var: 0.00101198710036
    hfc:
        dmean: 2.24902009964
        dmean2: 2.86797308922
        dvar: 6.82895946503
        dvar2: 10.5432634354
        max: 27.503610611
        mean: 7.87852859497
        min: 0.159318983555
        var: 24.9672355652
    pitch:
        dmean: 251.292236328
        dmean2: 467.537445068
        dvar: 465395.34375
        dvar2: 1222099.875
        max: 4410
        mean: 430.233642578
        min: 80.1818161011
        var: 498073.03125
    pitch_instantaneous_confidence:
        dmean: 0.0938113555312
        dmean2: 0.145781517029
        dvar: 0.00759127922356
        dvar2: 0.0146873472258
        max: 0.933497309685
        mean: 0.472854822874
        min: 0.160921096802
        var: 0.0328226499259
    pitch_salience:
        dmean: 0.0577400811017
        dmean2: 0.0923767536879
        dvar: 0.00278423121199
        dvar2: 0.0076589519158
        max: 0.815642535686
        mean: 0.614574790001
        min: 0.393003821373
        var: 0.00628889957443
    silence_rate_20dB:
        dmean: 0
        dmean2: 0
        dvar: 0
        dvar2: 0
        max: 1
        mean: 1
        min: 1
        var: 0
    silence_rate_30dB:
        dmean: 0
        dmean2: 0
        dvar: 0
        dvar2: 0
        max: 1
        mean: 1
        min: 1
        var: 0
    silence_rate_60dB:
        dmean: 0.134570762515
        dmean2: 0.267441868782
        dvar: 0.116460829973
        dvar2: 0.219172939658
        max: 1
        mean: 0.233796298504
        min: 0
        var: 0.179134860635
    spectral_centroid:
        dmean: 213.087677002
        dmean2: 318.018859863
        dvar: 71628.3515625
        dvar2: 128720.148438
        max: 4103.68261719
        mean: 1508.07336426
        min: 396.321655273
        var: 255393.9375
    spectral_complexity:
        dmean: 3.9906976223
        dmean2: 5.41724920273
        dvar: 18.7720127106
        dvar2: 32.061340332
        max: 44
        mean: 15.3433876038
        min: 0
        var: 61.8774528503
    spectral_crest:
        dmean: 2.28182005882
        dmean2: 3.68406820297
        dvar: 4.0242767334
        dvar2: 9.79039955139
        max: 19.3817119598
        mean: 7.74984693527
        min: 2.50190162659
        var: 10.398475647
    spectral_decrease:
        dmean: 2.94374774557e-10
        dmean2: 4.13118345088e-10
        dvar: 1.02537244109e-19
        dvar2: 1.75190481863e-19
        max: -2.07775480848e-11
        mean: -1.15665754752e-09
        min: -2.78820388999e-09
        var: 3.21680872548e-19
    spectral_energy:
        dmean: 0.00128093303647
        dmean2: 0.00177039089613
        dvar: 1.9402111775e-06
        dvar2: 3.14143221658e-06
        max: 0.013017992489
        mean: 0.00508009688929
        min: 9.55150244408e-05
        var: 6.36038203083e-06
    spectral_energyband_high:
        dmean: 0.000136298316647
        dmean2: 0.000176254266989
        dvar: 5.02451094064e-08
        dvar2: 8.87972291252e-08
        max: 0.00246484950185
        mean: 0.000244655035203
        min: 1.32374589157e-06
        var: 1.13310818506e-07
    spectral_energyband_low:
        dmean: 0.000145029363921
        dmean2: 0.000234009756241
        dvar: 1.47072924506e-07
        dvar2: 3.88555122299e-07
        max: 0.00306212482974
        mean: 0.000206429016544
        min: 5.39607043493e-08
        var: 1.32369507355e-07
    spectral_energyband_middle_high:
        dmean: 0.000911903392989
        dmean2: 0.00123024906497
        dvar: 8.93520905265e-07
        dvar2: 1.28272347411e-06
        max: 0.0090692890808
        mean: 0.0030810572207
        min: 5.33926067874e-05
        var: 4.16901184508e-06
    spectral_energyband_middle_low:
        dmean: 0.000594732700847
        dmean2: 0.000939081364777
        dvar: 6.0586478412e-07
        dvar2: 1.45591798173e-06
        max: 0.00638462556526
        mean: 0.00154794531409
        min: 5.59177169634e-06
        var: 1.02671276636e-06
    spectral_flatness_db:
        dmean: 0.0164400301874
        dmean2: 0.023992922157
        dvar: 0.000240859648329
        dvar2: 0.000474607513752
        max: 0.280962824821
        mean: 0.163805916905
        min: 0.0817388668656
        var: 0.00120129599236
    spectral_flux:
        dmean: 0.011268818751
        dmean2: 0.0181036144495
        dvar: 0.000115952781925
        dvar2: 0.000242573660216
        max: 0.0863959640265
        mean: 0.0426510982215
        min: 0.00710275163874
        var: 0.000247706222581
    spectral_kurtosis:
        dmean: 1.54249024391
        dmean2: 2.49755835533
        dvar: 2.168820858
        dvar2: 5.63130044937
        max: 15.4369659424
        mean: 4.91285467148
        min: 0.185631990433
        var: 5.02121973038
    spectral_rms:
        dmean: 0.000298062717775
        dmean2: 0.000406199600548
        dvar: 1.15796609634e-07
        dvar2: 1.70655823695e-07
        max: 0.00356377335265
        mean: 0.00213963841088
        min: 0.000305262830807
        var: 3.78139560553e-07
    spectral_rolloff:
        dmean: 441.48059082
        dmean2: 708.738586426
        dvar: 244890.8125
        dvar2: 513913.96875
        max: 5749.36523438
        mean: 2622.75463867
        min: 473.73046875
        var: 670428.875
    spectral_skewness:
        dmean: 0.21384999156
        dmean2: 0.326443612576
        dvar: 0.0363147631288
        dvar2: 0.0786426365376
        max: 3.20031905174
        mean: 1.63975548744
        min: 0.274466842413
        var: 0.128373891115
    spectral_spread:
        dmean: 487720.46875
        dmean2: 661954.25
        dvar: 490215079936
        dvar2: 997896683520
        max: 9418235
        mean: 3962010.75
        min: 2171192
        var: 1.44709989171e+12
    spectral_strongpeak:
        dmean: 0.506453573704
        dmean2: 0.828715384007
        dvar: 0.339935153723
        dvar2: 0.688021481037
        max: 5.46103048325
        mean: 1.09206151962
        min: 0.0347379669547
        var: 1.05001616478
    zerocrossingrate:
        dmean: 0.0081951757893
        dmean2: 0.00906677916646
        dvar: 7.48573074816e-05
        dvar2: 7.62045820011e-05
        max: 0.19677734375
        mean: 0.081214427948
        min: 0.02880859375
        var: 0.000491588143632
    barkbands:
        dmean: [4.22136650968e-07, 3.17057383654e-05, 0.000125085221953, 0.000109432541649, 0.000146544130985, 0.000145994781633, 8.67985800141e-05, 0.000107476123958, 0.000301412277622, 0.000140773205203, 0.000287723232759, 0.00020003526879, 0.000168743965332, 8.69580399012e-05, 0.00014856942289, 0.000191334358533, 0.000172920073965, 0.000119924690807, 0.000147074897541, 0.000102768521174, 6.44879473839e-05, 2.44138009293e-05, 6.08469918006e-06, 1.83454505986e-06, 1.05505114334e-06, 5.23817256237e-08, 2.68480598864e-10]
        dmean2: [5.11716393703e-07, 4.90765341965e-05, 0.000204992378713, 0.000193524407223, 0.000245132949203, 0.000237006373936, 0.000137958864798, 0.00016444157518, 0.000476089655422, 0.000212232509512, 0.000444915436674, 0.000291562027996, 0.000263653055299, 0.000128223371576, 0.000225700525334, 0.00026361719938, 0.000265304610366, 0.000188033649465, 0.000221131340368, 0.000149356244947, 8.74985489645e-05, 3.11768562824e-05, 8.33610647533e-06, 2.30978844229e-06, 1.46936451983e-06, 7.04143801045e-08, 4.38706737604e-10]
        dvar: [9.9423355833e-13, 2.99684277394e-09, 1.26392734501e-07, 9.58487476055e-08, 1.22122330026e-07, 5.18919947012e-08, 2.0175567883e-08, 3.42555672717e-08, 1.73857515051e-07, 6.51450520195e-08, 1.805464791e-07, 1.09964965134e-07, 6.8654166796e-08, 2.36674573273e-08, 7.11611889415e-08, 1.2726245302e-07, 4.83715183464e-08, 2.24700897888e-08, 2.81876744168e-08, 3.15341956991e-08, 1.04257411593e-08, 2.15139195348e-09, 1.75682135506e-10, 1.78089869241e-11, 7.8829356237e-12, 1.36718063357e-14, 1.50662500995e-18]
        dvar2: [1.29952515762e-12, 7.07841563141e-09, 3.3350056583e-07, 2.52870137274e-07, 3.34979830541e-07, 1.18675046679e-07, 3.65563579408e-08, 7.41876959864e-08, 3.82808991617e-07, 1.17052309179e-07, 4.07640158073e-07, 2.24784926672e-07, 1.73102861822e-07, 4.55512925157e-08, 1.31861185082e-07, 1.96578426426e-07, 1.06514221443e-07, 5.14720248646e-08, 6.11570669662e-08, 6.90941206472e-08, 1.90202662509e-08, 3.17282666806e-09, 2.8998461965e-10, 2.51278841484e-11, 1.47893156055e-11, 2.66853596512e-14, 1.59853976865e-18]
        max: [1.3569820112e-05, 0.000551500357687, 0.00269546499476, 0.00212899502367, 0.00286761531606, 0.00242321984842, 0.00177257659379, 0.00192568358034, 0.00392005592585, 0.00426136096939, 0.00390410330147, 0.00461418554187, 0.00215166551061, 0.00176297395956, 0.00302929058671, 0.0047845817171, 0.00252090347931, 0.00145632098429, 0.00148419337347, 0.00162852392532, 0.000994229572825, 0.000711756641977, 0.000209284538869, 6.66462292429e-05, 2.79796404357e-05, 1.25751103042e-06, 2.52374494636e-08]
        mean: [8.31019519865e-07, 6.85669947416e-05, 0.000137043505674, 0.000114914997539, 0.000213997846004, 0.000246614363277, 0.000156756883371, 0.000170240731677, 0.000617836078163, 0.000265481416136, 0.000460209994344, 0.000323854241287, 0.000277228769846, 0.000140696967719, 0.000253736943705, 0.00039425547584, 0.000376152893296, 0.000251265853876, 0.000291453499813, 0.000152397129568, 0.000109656968561, 4.21811855631e-05, 1.03491229311e-05, 2.79980872619e-06, 1.49267816596e-06, 8.64395914846e-08, 2.54816751033e-10]
        min: [4.61421872933e-11, 2.97589846099e-08, 1.38648692527e-08, 4.55098003727e-08, 3.36201765094e-07, 2.03806436616e-07, 2.70751634446e-08, 4.54475923561e-07, 1.53365999722e-06, 2.15122867075e-07, 5.7103426343e-07, 3.00383419471e-07, 7.38654478027e-07, 5.95044696183e-07, 1.48759511376e-06, 1.28276747091e-06, 3.40356996276e-06, 4.13662792198e-06, 3.32906847689e-06, 1.24653695366e-06, 3.85148894111e-07, 1.22254704138e-07, 3.22948920939e-08, 1.14226130776e-08, 6.90119517088e-09, 3.53240797724e-10, 9.09045787863e-13]
        var: [3.13172816672e-12, 7.35114458195e-09, 1.03888979197e-07, 6.94673403245e-08, 1.15339666706e-07, 1.25009322005e-07, 5.41317994873e-08, 8.16457799147e-08, 4.98263204918e-07, 2.58905714645e-07, 3.91766150187e-07, 2.5619269195e-07, 1.2061786947e-07, 5.31347552624e-08, 1.75238028532e-07, 6.11288442087e-07, 1.39375316621e-07, 6.12826056567e-08, 7.39829388863e-08, 5.55081491882e-08, 2.19247660027e-08, 4.87847939823e-09, 3.6649289159e-10, 4.0675480345e-11, 1.26444939588e-11, 3.50133028853e-14, 1.51539953509e-18]
    mfcc:
        mean: [-709.757385254, 118.209442139, -70.3511047363, 31.3886070251, -25.1955318451, -3.70653748512, -7.79761552811, 5.51400899887, -1.39973783493, -7.86503839493, -3.02520227432, -5.219643116, -2.82975077629]
        cov: [[2419.21557617, -412.182403564, 95.35962677, -63.0263671875, 34.691860199, 238.158843994, 189.741699219, 47.4377593994, 83.7445983887, 68.2412643433, 17.2827129364, 21.8322963715, 24.551071167], [-412.182403564, 874.741577148, -80.9676361084, 52.8074111938, 116.731628418, 57.238861084, 46.172203064, 71.5913009644, 25.0214500427, 8.31985855103, 47.3426055908, -36.9048423767, -19.2264442444], [95.35962677, -80.9676361084, 669.250732422, 119.309371948, 197.463912964, 37.7115058899, 176.135391235, 10.7596654892, 44.2797012329, 36.4797897339, -28.5502548218, -7.08620786667, 63.8961257935], [-63.0263671875, 52.8074111938, 119.309371948, 226.500823975, 82.6131210327, 30.6684684753, -15.8288469315, -29.2086906433, 25.9756145477, -19.4186954498, -28.4708805084, 23.631111145, 49.0539054871], [34.691860199, 116.731628418, 197.463912964, 82.6131210327, 251.834411621, 49.7997322083, 86.4982223511, -15.2045564651, 28.7243404388, 29.5570011139, -52.7890548706, -19.9629364014, 55.3126487732], [238.158843994, 57.238861084, 37.7115058899, 30.6684684753, 49.7997322083, 181.651275635, 103.682945251, 24.5454673767, 21.238740921, 18.1699790955, 35.6306724548, 1.82029736042, -20.7502040863], [189.741699219, 46.172203064, 176.135391235, -15.8288469315, 86.4982223511, 103.682945251, 265.569976807, 73.209526062, 30.6119880676, 50.4843711853, 12.0892114639, -20.7323875427, -11.1174039841], [47.4377593994, 71.5913009644, 10.7596654892, -29.2086906433, -15.2045564651, 24.5454673767, 73.209526062, 123.428489685, 32.2381744385, 25.8561401367, 27.4004611969, -5.69057607651, -14.9022722244], [83.7445983887, 25.0214500427, 44.2797012329, 25.9756145477, 28.7243404388, 21.238740921, 30.6119880676, 32.2381744385, 105.189216614, 35.781993866, 0.567651927471, -1.88215994835, 0.618061482906], [68.2412643433, 8.31985855103, 36.4797897339, -19.4186954498, 29.5570011139, 18.1699790955, 50.4843711853, 25.8561401367, 35.781993866, 123.26348877, 13.1659202576, -25.5400371552, -7.2845454216], [17.2827129364, 47.3426055908, -28.5502548218, -28.4708805084, -52.7890548706, 35.6306724548, 12.0892114639, 27.4004611969, 0.567651927471, 13.1659202576, 131.068374634, 33.8400268555, -33.4179229736], [21.8322963715, -36.9048423767, -7.08620786667, 23.631111145, -19.9629364014, 1.82029736042, -20.7323875427, -5.69057607651, -1.88215994835, -25.5400371552, 33.8400268555, 103.457023621, 18.8855075836], [24.551071167, -19.2264442444, 63.8961257935, 49.0539054871, 55.3126487732, -20.7502040863, -11.1174039841, -14.9022722244, 0.618061482906, -7.2845454216, -33.4179229736, 18.8855075836, 115.830558777]]
        icov: [[0.000590108975302, 0.000337951118127, 5.44683316548e-05, 0.000305727793602, -4.9072321417e-05, -0.000867364753503, -8.86514753802e-05, -8.02018548711e-05, -0.000392225163523, -4.90214442834e-05, 4.97355322295e-05, -5.68645118619e-05, -0.000356648670277], [0.000337951118127, 0.00181278330274, 0.000681397854351, -0.000462703086669, -0.00150734675117, -0.000263872003416, -5.66529015487e-05, -0.00119097414427, -0.000154534296598, 0.000436208938481, -0.00115760054905, 0.000825706403702, 0.000122864948935], [5.44683316548e-05, 0.000681397854351, 0.00272398861125, -0.0012637944892, -0.00169977464247, 0.00101869995706, -0.00180453481153, -7.86392774899e-05, -0.000276671751635, 0.000173042790266, -0.000930238631554, 0.000405772967497, -0.000377183459932], [0.000305727793602, -0.000462703086669, -0.0012637944892, 0.00704547110945, -0.000601521751378, -0.00248743593693, 0.00180397124495, 0.00101087789517, -0.00183413201012, 0.00087831215933, 0.00135807797778, -0.00155421276577, -0.00157310487702], [-4.9072321417e-05, -0.00150734675117, -0.00169977464247, -0.000601521751378, 0.00858537480235, -0.00157010054681, -0.00138203206006, 0.00261634751223, -0.000645272666588, -0.00152770313434, 0.00301065132953, 0.000121788420074, -0.00246839062311], [-0.000867364753503, -0.000263872003416, 0.00101869995706, -0.00248743593693, -0.00157010054681, 0.0100809577852, -0.00359412981197, 0.000512764847372, 5.15543433721e-05, 0.000518864311744, -0.00283799739555, 0.000231349898968, 0.00208407780156], [-8.86514753802e-05, -5.66529015487e-05, -0.00180453481153, 0.00180397124495, -0.00138203206006, -0.00359412981197, 0.00812846515328, -0.00363738369197, 0.000592352589592, -0.00102378055453, 0.00071759725688, 8.47317351145e-05, 0.000694823509548], [-8.02018548711e-05, -0.00119097414427, -7.86392774899e-05, 0.00101087789517, 0.00261634751223, 0.000512764847372, -0.00363738369197, 0.0125155681744, -0.00327635393478, -0.000525476702023, -0.000850543612614, 3.2918411307e-05, -0.000728174578398], [-0.000392225163523, -0.000154534296598, -0.000276671751635, -0.00183413201012, -0.000645272666588, 5.15543433721e-05, 0.000592352589592, -0.00327635393478, 0.0124816009775, -0.00318024028093, 0.000714635010809, -0.000733368215151, 0.00099870399572], [-4.90214442834e-05, 0.000436208938481, 0.000173042790266, 0.00087831215933, -0.00152770313434, 0.000518864311744, -0.00102378055453, -0.000525476702023, -0.00318024028093, 0.0107627222314, -0.00231246650219, 0.00282422732562, -0.000161818563356], [4.97355322295e-05, -0.00115760054905, -0.000930238631554, 0.00135807797778, 0.00301065132953, -0.00283799739555, 0.00071759725688, -0.000850543612614, 0.000714635010809, -0.00231246650219, 0.0122415563092, -0.00498636299744, 0.00194421154447], [-5.68645118619e-05, 0.000825706403702, 0.000405772967497, -0.00155421276577, 0.000121788420074, 0.000231349898968, 8.47317351145e-05, 3.2918411307e-05, -0.000733368215151, 0.00282422732562, -0.00498636299744, 0.013225665316, -0.0028343105223], [-0.000356648670277, 0.000122864948935, -0.000377183459932, -0.00157310487702, -0.00246839062311, 0.00208407780156, 0.000694823509548, -0.000728174578398, 0.00099870399572, -0.000161818563356, 0.00194421154447, -0.0028343105223, 0.0121361771598]]
    spectral_contrast:
        mean: [-4.22461738481e-07, -5.74438026035e-08, 3.49723507043e-07, -1.02337438079e-07, 3.20115674413e-07, -8.81968986732e-08, -1.98634893422e-06, -1.20315641894e-08, -1.03589002265e-06, -3.88605698731e-08, -3.25709652316e-06, 4.03472284916e-07]
        var: [0.000602220068686, 0.0012909907382, 0.00216395547614, 0.00375504791737, 0.00424391077831, 0.00749398674816, 0.0594567731023, 0.103560477495, 0.167347446084, 0.467147648335, 0.752100110054, 1.8163548708]

rhythm:
    beats_loudness:
        dmean: 0.00379121024162
        dmean2: 0.00773936556652
        dvar: 4.18467334384e-06
        dvar2: 6.67995527692e-06
        max: 0.0124023891985
        mean: 0.00763418525457
        min: 0.00317567889579
        var: 6.63999435346e-06
    beats_loudness_bass:
        dmean: 0.098199531436
        dmean2: 0.186260282993
        dvar: 0.0030246055685
        dvar2: 0.00974120851606
        max: 0.264735907316
        mean: 0.151981800795
        min: 0.042446102947
        var: 0.00417924486101
    bpm: 85.5980834961
    bpm_confidence: 0
    first_peak_bpm: 86
    first_peak_spread: 0.0769230723381
    first_peak_weight: 0.923076927662
    onset_rate: 3.69818854332
    second_peak_bpm: 0
    second_peak_spread: 0
    second_peak_weight: 0
    beats_position: [0.663129985332, 1.36475169659, 2.06637334824, 2.76799511909, 3.46961688995, 4.17123842239, 4.87286043167, 5.57448196411, 6.30850744247, 7.00861167908, 7.70871496201, 8.40881824493, 9.10892295837, 9.80902576447]
    bpm_estimates: [85.4599227905, 85.7026367188, 85.4404983521, 85.5584259033, 85.8110809326, 85.6186141968, 85.322479248, 85.2968444824, 85.43775177, 85.5358581543, 85.4145584106, 86.394821167, 85.9998855591, 85.3556289673, 85.470161438, 85.7501754761]
    bpm_intervals: [0.701621711254, 0.701621651649, 0.701621770859, 0.701621770859, 0.70162153244, 0.701622009277, 0.70162153244, 0.734025478363, 0.700104236603, 0.700103282928, 0.700103282928, 0.70010471344, 0.700102806091]
    onset_times: [0.0348299331963, 0.290249437094, 0.49922901392, 0.650158703327, 1.05650794506, 1.35836732388, 1.72988665104, 2.06657600403, 2.28716564178, 2.43809533119, 2.77478456497, 3.12308382988, 3.35528349876, 3.49460315704, 3.84290242195, 4.19120168686, 4.49306106567, 4.56272125244, 4.77170085907, 4.91102027893, 5.01551008224, 5.05034017563, 5.23609972, 5.5727891922, 5.9675283432, 6.3042178154, 6.65251684189, 7.00081634521, 7.37233543396, 7.63936519623, 7.70902490616, 8.08054447174, 8.42884349823, 8.76553249359, 9.12544250488, 9.47374153137, 9.83365058899]
    rubato_start: []
    rubato_stop: []
    perceptual_tempo: "unknown"

sfx:
    inharmonicity:
        dmean: 0.0532713159919
        dmean2: 0.0935809090734
        dvar: 0.00270535633899
        dvar2: 0.00761937210336
        max: 0.355028867722
        mean: 0.0637078583241
        min: 0.000132410626975
        var: 0.00333550549112
    oddtoevenharmonicenergyratio:
        dmean: 3.80336403847
        dmean2: 7.13318347931
        dvar: 176.447677612
        dvar2: 528.549194336
        max: 160.665267944
        mean: 2.78588557243
        min: 0.00158376910258
        var: 96.2410430908
    pitch_after_max_to_before_max_energy_ratio: 12.606590271
    pitch_centroid: 193.914230347
    pitch_max_to_total: 0.0278422273695
    pitch_min_to_total: 0.80510443449
    tristimulus:
        dmean: [0.164942264557, 0.204464882612, 0.124729573727]
        dmean2: [0.282914936543, 0.351982235909, 0.220750406384]
        dvar: [0.0242756642401, 0.0367394462228, 0.0128178661689]
        dvar2: [0.0619668588042, 0.0875502973795, 0.0374058783054]
        max: [0.922904074192, 0.946911454201, 0.606616079807]
        mean: [0.275357425213, 0.556496024132, 0.133464708924]
        min: [0.000869881536346, 0, 0]
        var: [0.0391636639833, 0.0519350804389, 0.0153321223333]

tonal:
    chords_changes_rate: 0.110599078238
    chords_number_rate: 0.0368663594127
    chords_strength:
        dmean: 0.0109350420535
        dmean2: 0.0113731147721
        dvar: 7.70403421484e-05
        dvar2: 8.02578942967e-05
        max: 0.650479435921
        mean: 0.464848786592
        min: 0.288643151522
        var: 0.00646396866068
    key_strength: 0.627527415752
    tuning_diatonic_strength: 0.655288934708
    tuning_equal_tempered_deviation: 0.101541049778
    tuning_frequency: 452.108886719
    tuning_nontempered_energy_ratio: 0.763204216957
    hpcp:
        dmean: [0.124713465571, 0.118899479508, 0.165247067809, 0.19715090096, 0.191159799695, 0.182375773787, 0.151364132762, 0.165617197752, 0.176773831248, 0.18878249824, 0.177130162716, 0.14210703969, 0.100925214589, 0.0752225071192, 0.088890902698, 0.111449971795, 0.126663222909, 0.155122861266, 0.185074016452, 0.167590409517, 0.132009729743, 0.115566760302, 0.168500036001, 0.226593241096, 0.257746338844, 0.198872059584, 0.139550477266, 0.102128654718, 0.101148478687, 0.135960847139, 0.13663995266, 0.106670193374, 0.0972466617823, 0.128463715315, 0.140417516232, 0.147337198257]
        dmean2: [0.220437064767, 0.21183347702, 0.279605418444, 0.332723259926, 0.323242723942, 0.311250418425, 0.248522788286, 0.278697282076, 0.269850075245, 0.301313251257, 0.284999907017, 0.241368547082, 0.17630200088, 0.124741129577, 0.143656790257, 0.176968634129, 0.209075152874, 0.244236275554, 0.303770661354, 0.286728769541, 0.220348283648, 0.198398783803, 0.296904832125, 0.366288930178, 0.433117896318, 0.327817708254, 0.23164254427, 0.172297537327, 0.173893168569, 0.219646736979, 0.222434923053, 0.183753699064, 0.151413336396, 0.216116577387, 0.228945791721, 0.247166827321]
        dvar: [0.0264927484095, 0.0258046537638, 0.0520889684558, 0.046010453254, 0.0436578840017, 0.0431476831436, 0.0392612554133, 0.0457731075585, 0.0327065140009, 0.0338444523513, 0.0370944179595, 0.036672424525, 0.025624750182, 0.00988399330527, 0.0085107171908, 0.0184742063284, 0.0296371411532, 0.0251173246652, 0.0379552319646, 0.0334676094353, 0.0370686352253, 0.0290331840515, 0.0371442697942, 0.0492976941168, 0.0583490207791, 0.0379770062864, 0.0311823636293, 0.0226486194879, 0.0155118331313, 0.0296850055456, 0.0293682143092, 0.022397339344, 0.0203984417021, 0.0359371565282, 0.0325807183981, 0.0311144962907]
        dvar2: [0.0688343793154, 0.063680306077, 0.134043961763, 0.112709976733, 0.12070313096, 0.116170026362, 0.102650403976, 0.118145085871, 0.0662448406219, 0.0633883178234, 0.0879349187016, 0.0966302901506, 0.0691366642714, 0.0242810994387, 0.020869705826, 0.0455915816128, 0.0787895172834, 0.0597556009889, 0.0844769328833, 0.08488637954, 0.0793983489275, 0.0796685889363, 0.105414800346, 0.121001601219, 0.144466161728, 0.0893515199423, 0.0766290351748, 0.0592943318188, 0.0358127914369, 0.0742296725512, 0.0787980630994, 0.0607969239354, 0.0550298392773, 0.105413407087, 0.0747025758028, 0.0777665749192]
        max: [1, 0.79194265604, 1, 1, 1, 1, 1, 1, 1, 1, 1, 0.977699875832, 1, 0.527730703354, 0.684166967869, 1, 1, 1, 1, 1, 1, 1, 1, 1, 1, 1, 1, 0.899373233318, 1, 1, 1, 0.995369791985, 1, 1, 1, 1]
        mean: [0.159043744206, 0.126309499145, 0.192812383175, 0.282229155302, 0.272428572178, 0.226579591632, 0.212337866426, 0.211689189076, 0.300945043564, 0.376739561558, 0.27284553647, 0.146567106247, 0.0980274006724, 0.0856436267495, 0.128754645586, 0.171971917152, 0.174828290939, 0.232392802835, 0.29085958004, 0.254399955273, 0.198851183057, 0.152164623141, 0.167190983891, 0.322574973106, 0.437967538834, 0.340945541859, 0.197330310941, 0.130509510636, 0.135071367025, 0.183351010084, 0.175234124064, 0.12021138519, 0.132229417562, 0.187598496675, 0.19420029223, 0.18908034265]
        min: [0.00423534400761, 0.00147316523362, 0.000615979952272, 0.00128820142709, 0.00131798128132, 0.00120368774515, 0.000522389891557, 0.00210908032022, 0.0037361017894, 0.00595665164292, 0.00399167882279, 0.000873981567565, 0.000595495512243, 0.000869022274856, 0.00123156025074, 0.0027819396928, 0.00324321445078, 0.00153928855434, 0.000758946698625, 0.000959496654104, 0.000484421791043, 0.000683848571498, 0.00110328139272, 0.00838688760996, 0.0134665332735, 0.00424807332456, 0.00160458218306, 0.001478102291, 0.00260951463133, 0.00227309111506, 0.00196720845997, 0.00040317766252, 0.0010331341764, 0.00157960643992, 0.00181894865818, 0.00408212235197]
        var: [0.0327504500747, 0.0271940622479, 0.0610348731279, 0.0909413844347, 0.0754803419113, 0.0664715245366, 0.0768554806709, 0.0666276887059, 0.0727244466543, 0.0879709869623, 0.0603776499629, 0.0337227582932, 0.0208035763353, 0.0107550229877, 0.018656598404, 0.0453829988837, 0.0368030928075, 0.0424975119531, 0.0716213285923, 0.0571765452623, 0.0728265345097, 0.0420409888029, 0.0366702415049, 0.0812657251954, 0.105972863734, 0.0744411423802, 0.0500263348222, 0.0251514725387, 0.0280516464263, 0.0534747093916, 0.0409645140171, 0.0205204095691, 0.0275636166334, 0.0581950396299, 0.0528948418796, 0.0440723262727]
    chords_histogram: [23.5023040771, 0, 22.5806446075, 0, 0, 7.8341012001, 0, 0, 0, 0, 0, 0, 1.38248848915, 0, 3.22580647469, 2.30414748192, 0, 0, 0, 36.4055290222, 0, 2.7649769783, 0, 0]
    thpcp: [1, 0.778472185135, 0.450559228659, 0.297989010811, 0.30840498209, 0.418640643358, 0.400107562542, 0.274475544691, 0.30191603303, 0.428338825703, 0.443412512541, 0.431722283363, 0.363140493631, 0.288399219513, 0.440243542194, 0.644406557083, 0.62202912569, 0.517343342304, 0.484825581312, 0.483344465494, 0.68714004755, 0.86019974947, 0.622981190681, 0.334652900696, 0.223823443055, 0.195547893643, 0.293982177973, 0.392659038305, 0.399180918932, 0.530616521835, 0.664112210274, 0.580864846706, 0.454031795263, 0.347433567047, 0.381742864847, 0.736527144909]
    chords_key: "F"
    chords_scale: "minor"
    key_key: "A#"
    key_scale: "major"
    chords_progression: ["A#", "A#", "Fm", "Fm", "Fm", "Fm", "Fm", "Fm", "Fm", "Fm", "Fm", "Fm", "Fm", "A#", "A#", "A#", "A#", "A#", "A#", "A#", "A#", "A#", "A#", "A#", "A#", "A#", "A#", "A#", "A#", "A#", "A#", "Fm", "Fm", "Fm", "A#", "A#", "Fm", "A#", "A#", "A#", "A#", "A#", "A#", "A#", "A#", "A#", "A#", "A#", "A#", "A#", "A#", "A#", "A#", "A#", "A#", "F", "F", "F", "F", "F", "F", "F", "F", "F", "F", "F", "F", "F", "F", "F", "F", "F", "F", "F", "Fm", "Fm", "Fm", "Fm", "Fm", "Fm", "Fm", "Fm", "Fm", "Fm", "Fm", "Fm", "Fm", "Fm", "Fm", "Fm", "Fm", "Fm", "Fm", "Fm", "Fm", "Fm", "Fm", "Fm", "F", "F", "F", "F", "F", "F", "F", "F", "F", "F", "F", "Fm", "Fm", "Fm", "A#", "A#", "A#", "A#", "A#", "A#", "Fm", "Fm", "Fm", "Fm", "Fm", "Fm", "Fm", "Fm", "Fm", "Fm", "Fm", "Fm", "Fm", "Fm", "Fm", "Fm", "Fm", "Fm", "Fm", "Fm", "Fm", "Fm", "A#", "A#", "A#", "A#", "A#", "Fm", "Fm", "Fm", "Fm", "Fm", "Fm", "Fm", "Fm", "Fm", "Fm", "Fm", "Fm", "Fm", "Fm", "Fm", "F", "F", "F", "F", "F", "F", "F", "F", "F", "F", "F", "Cm", "Cm", "Cm", "Cm", "Cm", "D#m", "D#m", "D#m", "D#m", "D#m", "Cm", "F", "F", "F", "F", "F", "F", "F", "F", "Em", "Em", "B", "B", "B", "B", "B", "B", "B", "Em", "Em", "Em", "Em", "Em", "Em", "Em", "Em", "Em", "Em", "Em", "Em", "Em", "E", "E", "E", "Em", "Em"]
