
metadata:
    version:
        essentia: "1.2.2"
    audio_properties:
        analysis_sample_rate: 44100
        bitrate: 128
        channels: 2
        equal_loudness: 1
        length: 10.0310201645
        replay_gain: -8.48989105225
        downmix: "mix"
    tags:
        track: 26
        year: 0
        album: "Splitted by Mp3Splt v. 2.1"
        artist: "From 004.10 To 004.20"
        comment: "http://mp3splt.sf.net"
        genre: ""
        title: "05 Love Is.mp3"

highlevel:
    ballroom:
        all:
            ChaChaCha: 0.641674518585
            Jive: 0.0613018162549
            Quickstep: 0.024780344218
            Rumba-American: 0.00466596754268
            Rumba-International: 0.0451441965997
            Rumba-Misc: 0.0471165627241
            Samba: 0.163334488869
            Tango: 0.00256575993262
            VienneseWaltz: 0.00509479129687
            Waltz: 0.00432156678289
        probability: 0.641674518585
        value: "ChaChaCha"
    culture:
        all:
            non_western: 0.982658624649
            western: 0.0173413846642
        probability: 0.982658624649
        value: "non_western"
    gender:
        all:
            female: 0.446277737617
            male: 0.553722262383
        probability: 0.553722262383
        value: "male"
    genre_dortmund:
        all:
            alternative: 0.021826852113
            blues: 0.00962858460844
            electronic: 0.384991705418
            folkcountry: 0.013792832382
            funksoulrnb: 0.05578860268
            jazz: 0.197343528271
            pop: 0.0502913482487
            raphiphop: 0.226707905531
            rock: 0.0396286398172
        probability: 0.384991705418
        value: "electronic"
    genre_electronica:
        all:
            ambient: 0.302233815193
            dnb: 0.0723247677088
            house: 0.54349219799
            techno: 0.0406090281904
            trance: 0.0413401573896
        probability: 0.54349219799
        value: "house"
    genre_rosamerica:
        all:
            cla: 0.0230958294123
            dan: 0.0271057952195
            hip: 0.0794852077961
            jaz: 0.0122351199389
            pop: 0.0268752928823
            rhy: 0.781319081783
            roc: 0.044569786638
            spe: 0.005313903559
        probability: 0.781319081783
        value: "rhy"
    genre_tzanetakis:
        all:
            blu: 0.00503768445924
            cla: 0.00340722082183
            cou: 0.0314103774726
            dis: 0.0712954550982
            hip: 0.0317203290761
            jaz: 0.00295666209422
            met: 0.00574301090091
            pop: 0.509205639362
            reg: 0.206200316548
            roc: 0.133023306727
        probability: 0.509205639362
        value: "pop"
    live_studio:
        all:
            live: 0.256143063307
            studio: 0.743856966496
        probability: 0.743856966496
        value: "studio"
    mood:
        all:
            Cluster1: 0.182947382331
            Cluster2: 0.353443652391
            Cluster3: 0.352564811707
            Cluster4: 0.0768009871244
            Cluster5: 0.0342431664467
        probability: 0.353443652391
        value: "Cluster2"
    mood_acoustic:
        all:
            acoustic: 0.194057732821
            not_acoustic: 0.805942237377
        probability: 0.805942237377
        value: "not_acoustic"
    mood_aggressive:
        all:
            aggressive: 0.0114252837375
            not_aggressive: 0.988574743271
        probability: 0.988574743271
        value: "not_aggressive"
    mood_electronic:
        all:
            electronic: 0.578744590282
            not_electronic: 0.421255409718
        probability: 0.578744590282
        value: "electronic"
    mood_happy:
        all:
            happy: 0.113228850067
            not_happy: 0.886771142483
        probability: 0.886771142483
        value: "not_happy"
    mood_party:
        all:
            not_party: 0.750627219677
            party: 0.249372795224
        probability: 0.750627219677
        value: "not_party"
    mood_relaxed:
        all:
            not_relaxed: 0.199083134532
            relaxed: 0.800916850567
        probability: 0.800916850567
        value: "relaxed"
    mood_sad:
        all:
            not_sad: 0.240588605404
            sad: 0.759411394596
        probability: 0.759411394596
        value: "sad"
    rhythm:
        all:
            fast: 0.294883549213
            medium: 0.414174556732
            slow: 0.290941923857
        probability: 0.414174556732
        value: "medium"
    speech_music:
        all:
            music: 0.697166085243
            speech: 0.302833884954
        probability: 0.697166085243
        value: "music"
    timbre:
        all:
            bright: 0.489309608936
            dark: 0.510690391064
        probability: 0.510690391064
        value: "dark"
    voice_instrumental:
        all:
            instrumental: 0.982192754745
            voice: 0.0178072191775
        probability: 0.982192754745
        value: "instrumental"

lowlevel:
    average_loudness: 0.87382543087
    barkbands_kurtosis:
        dmean: 3.20514345169
        dmean2: 5.3405547142
        dvar: 25.0501041412
        dvar2: 65.385055542
        max: 37.4335670471
        mean: 4.42231798172
        min: -1.83002853394
        var: 60.5799064636
    barkbands_skewness:
        dmean: 0.590724647045
        dmean2: 0.946251392365
        dvar: 0.357058852911
        dvar2: 0.880227684975
        max: 5.6799659729
        mean: 1.64944005013
        min: -0.867991745472
        var: 1.34159553051
    barkbands_spread:
        dmean: 5.94974517822
        dmean2: 9.20585918427
        dvar: 47.7032546997
        dvar2: 97.9067764282
        max: 52.9984817505
        mean: 20.6348400116
        min: 1.71605408192
        var: 162.652145386
    dissonance:
        dmean: 0.0249579884112
        dmean2: 0.0414514839649
        dvar: 0.000717623974197
        dvar2: 0.00168035214301
        max: 0.499876946211
        mean: 0.445023775101
        min: 0.182562813163
        var: 0.00159796699882
    hfc:
        dmean: 2.20463776588
        dmean2: 3.6474146843
        dvar: 57.7420272827
        dvar2: 159.28175354
        max: 79.0060195923
        mean: 2.95389080048
        min: 0.0111266141757
        var: 48.3394813538
    pitch:
        dmean: 550.892211914
        dmean2: 1085.29101562
        dvar: 1410446.375
        dvar2: 3590664.25
        max: 4410
        mean: 645.297607422
        min: 73.9932861328
        var: 1311463.875
    pitch_instantaneous_confidence:
        dmean: 0.0892334729433
        dmean2: 0.144803196192
        dvar: 0.00609835796058
        dvar2: 0.0154146431014
        max: 0.908487796783
        mean: 0.426409006119
        min: 0.163991630077
        var: 0.0224303081632
    pitch_salience:
        dmean: 0.0754599943757
        dmean2: 0.128616601229
        dvar: 0.00500956177711
        dvar2: 0.0140218539163
        max: 0.844790160656
        mean: 0.598443865776
        min: 0.242418393493
        var: 0.0132007254288
    silence_rate_20dB:
        dmean: 0
        dmean2: 0
        dvar: 0
        dvar2: 0
        max: 1
        mean: 1
        min: 1
        var: 0
    silence_rate_30dB:
        dmean: 0
        dmean2: 0
        dvar: 0
        dvar2: 0
        max: 1
        mean: 1
        min: 1
        var: 0
    silence_rate_60dB:
        dmean: 0.0972222238779
        dmean2: 0.194895595312
        dvar: 0.087770499289
        dvar2: 0.170832768083
        max: 1
        mean: 0.757505774498
        min: 0
        var: 0.183689445257
    spectral_centroid:
        dmean: 204.72845459
        dmean2: 316.743560791
        dvar: 67931.8046875
        dvar2: 141157.890625
        max: 2648.80761719
        mean: 783.293395996
        min: 246.590835571
        var: 209240.296875
    spectral_complexity:
        dmean: 2.46867752075
        dmean2: 3.88837218285
        dvar: 21.4416828156
        dvar2: 41.9131011963
        max: 42
        mean: 6.97453689575
        min: 0
        var: 44.6637001038
    spectral_crest:
        dmean: 2.75210118294
        dmean2: 4.65623998642
        dvar: 7.60978078842
        dvar2: 19.4343776703
        max: 23.7873210907
        mean: 11.12865448
        min: 3.43590283394
        var: 23.4879608154
    spectral_decrease:
        dmean: 4.50375819971e-10
        dmean2: 7.86014475729e-10
        dvar: 1.89623276532e-18
        dvar2: 5.31526864241e-18
        max: -1.01087454379e-11
        mean: -6.90844270679e-10
        min: -1.23222756443e-08
        var: 1.43114581303e-18
    spectral_energy:
        dmean: 0.00188903405797
        dmean2: 0.00327165867202
        dvar: 3.42482890119e-05
        dvar2: 9.58959863055e-05
        max: 0.0530941858888
        mean: 0.00287533458322
        min: 3.9161695895e-05
        var: 2.61319328274e-05
    spectral_energyband_high:
        dmean: 0.000180212955456
        dmean2: 0.000295105710393
        dvar: 5.66405049085e-07
        dvar2: 1.60062256782e-06
        max: 0.00925017613918
        mean: 0.000195150627405
        min: 1.17299450153e-08
        var: 4.30555559205e-07
    spectral_energyband_low:
        dmean: 0.000348641216988
        dmean2: 0.000650009489618
        dvar: 1.65313133493e-06
        dvar2: 4.76478544442e-06
        max: 0.0105455340818
        mean: 0.000308776681777
        min: 3.40995143233e-08
        var: 9.67437358668e-07
    spectral_energyband_middle_high:
        dmean: 0.000384615006624
        dmean2: 0.000643909210339
        dvar: 1.03230865989e-06
        dvar2: 2.74072363027e-06
        max: 0.0109221832827
        mean: 0.000582054606639
        min: 8.29266923574e-07
        var: 1.10818450594e-06
    spectral_energyband_middle_low:
        dmean: 0.00113933160901
        dmean2: 0.00200583832338
        dvar: 1.65721539815e-05
        dvar2: 4.62568168587e-05
        max: 0.0384341850877
        mean: 0.00178931152914
        min: 2.06020667974e-05
        var: 1.18962525448e-05
    spectral_flatness_db:
        dmean: 0.0326424725354
        dmean2: 0.0443609468639
        dvar: 0.000866500253323
        dvar2: 0.00170899019577
        max: 0.389969259501
        mean: 0.194341167808
        min: 0.0645849406719
        var: 0.00326022924855
    spectral_flux:
        dmean: 0.0120124351233
        dmean2: 0.0184412263334
        dvar: 0.000529794895556
        dvar2: 0.00111015106086
        max: 0.220994010568
        mean: 0.0275821760297
        min: 0.00174390012398
        var: 0.000789599085692
    spectral_kurtosis:
        dmean: 4.74296379089
        dmean2: 6.91459846497
        dvar: 46.1594161987
        dvar2: 88.0190658569
        max: 67.2581634521
        mean: 8.81721401215
        min: -0.00693082809448
        var: 111.905548096
    spectral_rms:
        dmean: 0.000371293019271
        dmean2: 0.000604968168773
        dvar: 5.4954494999e-07
        dvar2: 1.47027128605e-06
        max: 0.00719716632739
        mean: 0.00143744098023
        min: 0.00019546491967
        var: 7.38967003144e-07
    spectral_rolloff:
        dmean: 563.41003418
        dmean2: 968.943664551
        dvar: 706559.3125
        dvar2: 1480622.375
        max: 4952.63671875
        mean: 1583.53625488
        min: 236.865234375
        var: 1706983.5
    spectral_skewness:
        dmean: 0.51255351305
        dmean2: 0.693923532963
        dvar: 0.322344511747
        dvar2: 0.64471578598
        max: 6.2561955452
        mean: 2.10600733757
        min: 0.60493928194
        var: 1.21359658241
    spectral_spread:
        dmean: 1489570.625
        dmean2: 2139084.25
        dvar: 3.16700465562e+12
        dvar2: 6.38647323853e+12
        max: 12384209
        mean: 4859657.5
        min: 977698.6875
        var: 5.48584869069e+12
    spectral_strongpeak:
        dmean: 0.102580778301
        dmean2: 0.171870931983
        dvar: 0.0183284133673
        dvar2: 0.0439753383398
        max: 1.19179046154
        mean: 0.234854251146
        min: 0.00738803483546
        var: 0.0308924112469
    zerocrossingrate:
        dmean: 0.00986192189157
        dmean2: 0.010938635096
        dvar: 0.000102565463749
        dvar2: 0.000118851945444
        max: 0.13671875
        mean: 0.0510604307055
        min: 0.009765625
        var: 0.000742909905966
    barkbands:
        dmean: [1.07014125206e-06, 0.000123876277939, 0.000229774304898, 9.62683843682e-05, 0.000329800706822, 0.000501035712659, 0.000250397570198, 9.22615436139e-05, 7.52991181798e-05, 6.40439902782e-05, 3.82356010959e-05, 2.38935208472e-05, 2.63331239694e-05, 2.0506007786e-05, 2.97500209854e-05, 3.17706617352e-05, 3.87434556615e-05, 6.70141525916e-05, 0.000112345231173, 0.00013882976782, 8.76987469383e-05, 2.05574997381e-05, 4.60735645902e-06, 1.78550624241e-06, 1.66957488545e-06, 1.6644094103e-07, 2.39644171174e-09]
        dmean2: [1.67502764725e-06, 0.000222222122829, 0.000439997354988, 0.000164975877851, 0.000583458924666, 0.000891047238838, 0.000430936081102, 0.000145519312355, 0.000129060805193, 0.000111854067654, 6.21603030595e-05, 4.08885753131e-05, 4.6437347919e-05, 3.30581788148e-05, 5.18194865435e-05, 5.00146816194e-05, 6.79514268995e-05, 0.000112421519589, 0.000194946929696, 0.000235657586018, 0.000149262457853, 3.15663237416e-05, 7.1496988312e-06, 2.91023548016e-06, 2.68971803052e-06, 2.73280306828e-07, 4.1909831161e-09]
        dvar: [1.12102592834e-11, 1.66557185821e-07, 8.04129172138e-07, 3.35653993488e-08, 2.44696764184e-07, 5.63473713555e-06, 1.22737515085e-06, 8.69871996656e-08, 5.48130856259e-08, 5.1623050723e-08, 4.76257566717e-09, 2.23097473828e-09, 3.68777808291e-09, 1.96029770194e-09, 5.12042497292e-09, 5.02099917199e-09, 1.10890914229e-08, 3.28597486998e-08, 9.95714870555e-08, 4.31485858599e-07, 9.65367945582e-08, 4.73477967944e-09, 2.47215165006e-10, 2.06189596647e-11, 1.57087485381e-11, 1.97281888091e-13, 7.66336846288e-17]
        dvar2: [2.57418981964e-11, 4.76129116578e-07, 2.33050468523e-06, 9.5420809032e-08, 6.87207034389e-07, 1.57240137924e-05, 3.41531654158e-06, 1.9598975598e-07, 1.65586840239e-07, 1.55713479444e-07, 1.17729408444e-08, 5.91131188443e-09, 1.09604991749e-08, 5.44137712666e-09, 1.31157404937e-08, 1.10206599402e-08, 3.08292271711e-08, 8.70089280625e-08, 2.69693032351e-07, 1.23943823382e-06, 2.63603794792e-07, 1.15089742181e-08, 6.16100281903e-10, 5.04719009642e-11, 3.19014016592e-11, 4.69501716151e-13, 2.07338127727e-16]
        max: [2.64877508016e-05, 0.0032058658544, 0.00759398331866, 0.0016853925772, 0.00581091269851, 0.0207927748561, 0.0111588742584, 0.00323971337639, 0.00236963201314, 0.00240320549347, 0.000771824852563, 0.000413729110733, 0.000596042140387, 0.000402885343647, 0.000730040075723, 0.000803055067081, 0.000999480253085, 0.00203820737079, 0.00306745734997, 0.00749243795872, 0.00320859346539, 0.000902769214008, 0.000214901971049, 4.16051771026e-05, 6.06381690886e-05, 6.64137724016e-06, 1.2409944361e-07]
        mean: [8.98281371065e-07, 0.000139421099448, 0.00016849891108, 0.000141262004036, 0.000718922936358, 0.000434756773757, 0.000232993654208, 0.000126552520669, 0.000114321555884, 7.77427994763e-05, 5.76111197006e-05, 3.20252511301e-05, 3.94337039324e-05, 2.39911623794e-05, 3.26207773469e-05, 3.83187943953e-05, 4.1273127863e-05, 7.36877918825e-05, 0.000112021538371, 0.000139614785439, 9.11019669729e-05, 2.87599177682e-05, 5.83299743084e-06, 1.9580506887e-06, 1.57639135523e-06, 1.35727489692e-07, 1.68594127548e-09]
        min: [9.53841589046e-11, 2.08074801833e-08, 3.63240881818e-09, 5.80023229446e-09, 2.62060802925e-06, 1.11701808692e-07, 3.50045098685e-07, 2.9025711612e-08, 4.48943211495e-07, 6.17121997948e-08, 3.0389855965e-07, 1.62099489387e-08, 2.82400103302e-09, 3.01251601442e-09, 1.65398617025e-09, 1.20993650654e-08, 4.63481963919e-09, 5.83643622321e-09, 5.29264720939e-09, 1.78739352208e-08, 4.45390968551e-09, 2.200756688e-09, 7.96447741092e-10, 1.77982753535e-10, 2.48477072251e-10, 2.0292042352e-11, 5.92880887614e-13]
        var: [1.066914352e-11, 1.10112495122e-07, 4.55074967931e-07, 3.74912438872e-08, 5.42025020422e-07, 3.54291569238e-06, 8.21626827019e-07, 1.07014827222e-07, 4.81661643903e-08, 3.65878953801e-08, 9.92782211995e-09, 2.83548651225e-09, 6.16419315591e-09, 2.139208366e-09, 5.59249313525e-09, 6.56622800577e-09, 9.422199021e-09, 3.0191078082e-08, 8.40431297888e-08, 2.95333961731e-07, 7.95073376025e-08, 5.97712546124e-09, 2.92424362502e-10, 2.44796977827e-11, 2.27969657041e-11, 2.16518114744e-13, 5.98959827188e-17]
    mfcc:
        mean: [-800.339050293, 146.770980835, -22.578540802, 47.3071136475, -22.4564857483, -3.00216960907, -1.33830153942, -6.83764266968, -4.61243772507, -10.0362548828, -7.30585813522, -11.6644849777, -7.21791887283]
        cov: [[7637.16894531, -2963.63574219, -39.6955032349, 492.187744141, -271.549530029, -226.163619995, -80.9797286987, -57.4723892212, -107.245872498, -58.6618881226, -19.2779006958, 5.92986249924, 24.098613739], [-2963.63574219, 2341.13867188, -274.698547363, -209.597640991, 334.83392334, 236.070373535, 127.512481689, 98.7520599365, 76.5891113281, 55.9917221069, 19.7294559479, -3.31919336319, 35.1200180054], [-39.6955032349, -274.698547363, 731.940185547, 29.7201290131, -79.0841598511, -29.711605072, 57.1190032959, 68.5120162964, 66.6776428223, 35.4898147583, 42.3432159424, 21.2036781311, -25.7564544678], [492.187744141, -209.597640991, 29.7201290131, 629.087890625, 38.3934898376, -102.392204285, -19.9960079193, 29.2210979462, -24.1175022125, 10.2837352753, 6.11434841156, -14.2703428268, 14.1902103424], [-271.549530029, 334.83392334, -79.0841598511, 38.3934898376, 539.663269043, 267.723022461, 153.30090332, 36.7127532959, 63.3335800171, 31.2546787262, 45.3825950623, 2.96083855629, 13.2785291672], [-226.163619995, 236.070373535, -29.711605072, -102.392204285, 267.723022461, 343.049743652, 167.143508911, 40.2621841431, 41.3542060852, 46.5064964294, 42.2742118835, 9.15703678131, 9.97605037689], [-80.9797286987, 127.512481689, 57.1190032959, -19.9960079193, 153.30090332, 167.143508911, 247.788101196, 88.9418716431, 44.4510917664, 33.6242599487, 43.8055305481, 25.2177696228, 0.102630935609], [-57.4723892212, 98.7520599365, 68.5120162964, 29.2210979462, 36.7127532959, 40.2621841431, 88.9418716431, 119.715179443, 54.5445747375, 20.3779888153, 13.6197290421, 6.20469760895, -1.12399828434], [-107.245872498, 76.5891113281, 66.6776428223, -24.1175022125, 63.3335800171, 41.3542060852, 44.4510917664, 54.5445747375, 103.083030701, 47.4781951904, 31.6736392975, 18.4693622589, 17.9225616455], [-58.6618881226, 55.9917221069, 35.4898147583, 10.2837352753, 31.2546787262, 46.5064964294, 33.6242599487, 20.3779888153, 47.4781951904, 80.1317901611, 47.6696166992, 19.6008663177, 21.6389579773], [-19.2779006958, 19.7294559479, 42.3432159424, 6.11434841156, 45.3825950623, 42.2742118835, 43.8055305481, 13.6197290421, 31.6736392975, 47.6696166992, 76.2623748779, 36.8646087646, 20.1229400635], [5.92986249924, -3.31919336319, 21.2036781311, -14.2703428268, 2.96083855629, 9.15703678131, 25.2177696228, 6.20469760895, 18.4693622589, 19.6008663177, 36.8646087646, 57.8973426819, 29.6236495972], [24.098613739, 35.1200180054, -25.7564544678, 14.1902103424, 13.2785291672, 9.97605037689, 0.102630935609, -1.12399828434, 17.9225616455, 21.6389579773, 20.1229400635, 29.6236495972, 64.7957992554]]
        icov: [[0.000292678625556, 0.000407274375902, 0.000174740780494, -7.34151326469e-05, -4.24077370553e-05, -2.57035685536e-06, -5.8368423197e-05, -0.000278606807115, 0.000125737351482, -3.42271086993e-05, -1.38766945383e-05, 0.000106835657789, -0.000307598354993], [0.000407274375902, 0.00111262395512, 0.000437539216364, 0.000148905019159, -0.000382536760299, 1.74095966941e-05, 8.30571843835e-06, -0.00102234969381, 0.000354864314431, -0.00047800631728, 0.000122863202705, 0.000344414147548, -0.000689388427418], [0.000174740780494, 0.000437539216364, 0.00185061455704, -0.000125141465105, 0.000346874323441, 9.00094382814e-05, -0.000308142974973, -0.000626221881248, -0.00104358198587, -2.37156054936e-05, -0.000765437784139, -0.00021430097695, 0.000997835770249], [-7.34151326469e-05, 0.000148905019159, -0.000125141465105, 0.00224260194227, -0.00106244301423, 0.00145591842011, 0.000134404515848, -0.00161554245278, 0.00204570358619, -0.00145366357174, -0.000350662448909, 0.00120526482351, -0.00115145277232], [-4.24077370553e-05, -0.000382536760299, 0.000346874323441, -0.00106244301423, 0.0040598846972, -0.00284206308424, -0.000839755695779, 0.00179824465886, -0.00314171682112, 0.0027011889033, -0.00163625262212, 0.00101341761183, 0.000243529153522], [-2.57035685536e-06, 1.74095966941e-05, 9.00094382814e-05, 0.00145591842011, -0.00284206308424, 0.00729026226327, -0.00310571119189, -7.94748775661e-05, 0.00185022072401, -0.00327425217256, -1.13530868475e-05, 0.00173666037153, -0.00103676761501], [-5.8368423197e-05, 8.30571843835e-06, -0.000308142974973, 0.000134404515848, -0.000839755695779, -0.00310571119189, 0.00904749054462, -0.00577629823238, 0.00180190440733, -3.68804503523e-05, -0.00146003125701, -0.00320629542693, 0.00183420779649], [-0.000278606807115, -0.00102234969381, -0.000626221881248, -0.00161554245278, 0.00179824465886, -7.94748775661e-05, -0.00577629823238, 0.017141006887, -0.00907797552645, 0.00229649851099, 0.00143237330485, 0.000753931468353, 0.00166735611856], [0.000125737351482, 0.000354864314431, -0.00104358198587, 0.00204570358619, -0.00314171682112, 0.00185022072401, 0.00180190440733, -0.00907797552645, 0.0211006868631, -0.0100586395711, 0.000733382068574, -0.00130094995257, -0.00301360199228], [-3.42271086993e-05, -0.00047800631728, -2.37156054936e-05, -0.00145366357174, 0.0027011889033, -0.00327425217256, -3.68804503523e-05, 0.00229649851099, -0.0100586395711, 0.0275210794061, -0.0142200179398, 0.00450239283964, -0.00347968423739], [-1.38766945383e-05, 0.000122863202705, -0.000765437784139, -0.000350662448909, -0.00163625262212, -1.13530868475e-05, -0.00146003125701, 0.00143237330485, 0.000733382068574, -0.0142200179398, 0.0304194428027, -0.015075802803, 0.00206671631895], [0.000106835657789, 0.000344414147548, -0.00021430097695, 0.00120526482351, 0.00101341761183, 0.00173666037153, -0.00320629542693, 0.000753931468353, -0.00130094995257, 0.00450239283964, -0.015075802803, 0.0337476655841, -0.0129231922328], [-0.000307598354993, -0.000689388427418, 0.000997835770249, -0.00115145277232, 0.000243529153522, -0.00103676761501, 0.00183420779649, 0.00166735611856, -0.00301360199228, -0.00347968423739, 0.00206671631895, -0.0129231922328, 0.0239677727222]]
    spectral_contrast:
        mean: [-2.62339767687e-07, -3.07888342377e-07, 3.31973382117e-07, 1.28165723368e-07, 2.58071196413e-07, 3.59076608447e-08, -1.48447645643e-06, 8.41915607452e-07, -5.67278902963e-07, -1.82870360277e-06, -1.59056094162e-06, 1.51771089918e-07]
        var: [0.00059531070292, 0.00126426364295, 0.00137644761708, 0.00228166254237, 0.00377360871062, 0.00451483484358, 0.0972153991461, 0.238887727261, 0.380315631628, 0.560604274273, 0.929144263268, 3.89819598198]

rhythm:
    beats_loudness:
        dmean: 0.00796071346849
        dmean2: 0.0159004591405
        dvar: 1.03790025605e-05
        dvar2: 3.42253370036e-05
        max: 0.0166604388505
        mean: 0.00656127557158
        min: 0.000399592041504
        var: 2.6400142815e-05
    beats_loudness_bass:
        dmean: 0.271454304457
        dmean2: 0.517019450665
        dvar: 0.010039743036
        dvar2: 0.0200970992446
        max: 0.496146976948
        mean: 0.151540905237
        min: 0.000231561891269
        var: 0.0268133115023
    bpm: 88.7743453979
    bpm_confidence: 0
    first_peak_bpm: 89
    first_peak_spread: 0
    first_peak_weight: 0.923076927662
    onset_rate: 4.38639307022
    second_peak_bpm: 82
    second_peak_spread: 0
    second_peak_weight: 0.0769230797887
    beats_position: [0.600896835327, 1.27469646931, 1.94849598408, 2.62229561806, 3.29609513283, 3.9698946476, 4.64369440079, 5.31749391556, 6.04863214493, 6.72590970993, 7.40318775177, 8.08046627045, 8.75774383545, 9.43502235413]
    bpm_estimates: [88.5478897095, 88.4784164429, 89.7952957153, 89.0483474731, 89.863861084, 88.5723648071, 88.6458816528, 88.6011047363, 88.5526580811, 88.5418777466, 88.6118240356, 88.5593185425, 88.5818557739, 88.6055221558, 88.6091537476]
    bpm_intervals: [0.67379963398, 0.673799514771, 0.67379963398, 0.673799514771, 0.673799514771, 0.673799753189, 0.673799514771, 0.73113822937, 0.677277565002, 0.67727804184, 0.677278518677, 0.677277565002, 0.677278518677]
    onset_times: [0.0812698379159, 0.267029464245, 0.429569154978, 0.603718817234, 0.940408170223, 1.10294783115, 1.26548755169, 1.45124721527, 1.6137868166, 1.77632653713, 1.93886625767, 2.11301589012, 2.27555561066, 2.61224484444, 2.71673464775, 2.99537420273, 3.33206343651, 3.68036270142, 3.85451245308, 4.19120168686, 4.35374164581, 4.69043064117, 5.0387301445, 5.20126962662, 5.29414987564, 5.3754196167, 5.70049905777, 5.86303853989, 6.04879808426, 6.38548755646, 6.5596370697, 6.90793657303, 7.0356464386, 7.40716552734, 7.74385499954, 7.91800451279, 7.99927425385, 8.08054447174, 8.4172334671, 8.6146030426, 8.76553249359, 9.11383247375, 9.45052146912, 9.79882049561]
    rubato_start: []
    rubato_stop: []
    perceptual_tempo: "unknown"

sfx:
    inharmonicity:
        dmean: 0.0321219116449
        dmean2: 0.0565104447305
        dvar: 0.00217167218216
        dvar2: 0.00625839363784
        max: 0.286682516336
        mean: 0.0285676959902
        min: 2.99066596199e-06
        var: 0.0018783522537
    oddtoevenharmonicenergyratio:
        dmean: 1.66810870171
        dmean2: 3.07796263695
        dvar: 18.5317745209
        dvar2: 56.7503433228
        max: 40.0991516113
        mean: 1.36037039757
        min: 0.000166324389284
        var: 14.9753475189
    pitch_after_max_to_before_max_energy_ratio: 38.1023597717
    pitch_centroid: 201.05291748
    pitch_max_to_total: 0.00694444449618
    pitch_min_to_total: 0.0462962947786
    tristimulus:
        dmean: [0.211548805237, 0.210610210896, 0.0815671160817]
        dmean2: [0.364386796951, 0.364906162024, 0.142585843801]
        dvar: [0.0373003445566, 0.039082672447, 0.00922401528805]
        dvar2: [0.101531885564, 0.11419416219, 0.0262270923704]
        max: [0.979637801647, 0.93930876255, 0.575993537903]
        mean: [0.525215983391, 0.364129960537, 0.0861739739776]
        min: [0.0048959068954, 0, 0]
        var: [0.064555965364, 0.0557709150016, 0.0102481944486]

tonal:
    chords_changes_rate: 0.0322580635548
    chords_number_rate: 0.0230414755642
    chords_strength:
        dmean: 0.0109492661431
        dmean2: 0.0104468557984
        dvar: 6.87320789439e-05
        dvar2: 8.43440793687e-05
        max: 0.583383321762
        mean: 0.455652862787
        min: 0.329807043076
        var: 0.00387491728179
    key_strength: 0.734483420849
    tuning_diatonic_strength: 0.526885330677
    tuning_equal_tempered_deviation: 0.0792935937643
    tuning_frequency: 442.293365479
    tuning_nontempered_energy_ratio: 0.719868063927
    hpcp:
        dmean: [0.179164201021, 0.156143084168, 0.0808512195945, 0.0693314597011, 0.0800042077899, 0.150436908007, 0.188751161098, 0.19503466785, 0.146711423993, 0.14591935277, 0.0954284742475, 0.0430234409869, 0.0553064271808, 0.0532829090953, 0.0723477751017, 0.107303865254, 0.108742080629, 0.107885204256, 0.113887481391, 0.137190029025, 0.170293226838, 0.174355119467, 0.12524561584, 0.0727234184742, 0.0573677755892, 0.0440342389047, 0.0681631490588, 0.0990827977657, 0.0799957290292, 0.0856468379498, 0.0975364148617, 0.0832034125924, 0.0780778452754, 0.0867490172386, 0.109398081899, 0.175472527742]
        dmean2: [0.319985061884, 0.275140732527, 0.138845533133, 0.119711793959, 0.136744588614, 0.264020144939, 0.303176909685, 0.328279048204, 0.255442500114, 0.243899658322, 0.151887625456, 0.0766380503774, 0.0963451936841, 0.0944073200226, 0.117923952639, 0.170509397984, 0.187519669533, 0.172546938062, 0.192531526089, 0.237875118852, 0.281636744738, 0.277071356773, 0.212419018149, 0.123762078583, 0.098057076335, 0.0751529335976, 0.108312875032, 0.159798562527, 0.130436420441, 0.140666440129, 0.15956915915, 0.150278106332, 0.142699792981, 0.16022247076, 0.197534233332, 0.299877375364]
        dvar: [0.064377784729, 0.0441702529788, 0.0217286013067, 0.0183312818408, 0.0190810188651, 0.0441527329385, 0.0666795819998, 0.0496099404991, 0.0353546328843, 0.0630272477865, 0.0233762972057, 0.00511968508363, 0.0149602545425, 0.0125991469249, 0.00961261149496, 0.0323222056031, 0.0305562242866, 0.0246690399945, 0.032173845917, 0.0370815321803, 0.0487952753901, 0.0544571653008, 0.0298070181161, 0.013195890002, 0.010480709374, 0.0082508251071, 0.0091551085934, 0.0269409641623, 0.0154548073187, 0.0186009332538, 0.0261277910322, 0.0228886138648, 0.0225251466036, 0.027332354337, 0.0358164943755, 0.0448360368609]
        dvar2: [0.149614810944, 0.122116014361, 0.0572425089777, 0.0509814321995, 0.0510985851288, 0.112288996577, 0.125471562147, 0.121135495603, 0.0787730515003, 0.102015063167, 0.0462658405304, 0.0151259312406, 0.0433158874512, 0.0351570807397, 0.0230114422739, 0.068193487823, 0.0773644894361, 0.0623558647931, 0.0803778767586, 0.0977966487408, 0.119305230677, 0.110034517944, 0.0703391283751, 0.0356570482254, 0.0254326891154, 0.0210125353187, 0.019083917141, 0.0576625876129, 0.0423717312515, 0.0504979342222, 0.0655701905489, 0.06623005867, 0.0673620924354, 0.0742479786277, 0.096276499331, 0.11968845129]
        max: [1, 1, 1, 1, 0.9707711339, 1, 1, 1, 1, 1, 1, 0.497795462608, 1, 0.922689735889, 0.697249770164, 1, 1, 0.968224942684, 1, 1, 1, 1, 1, 0.754988968372, 0.848826169968, 1, 0.725539922714, 1, 1, 0.991825699806, 1, 0.843954801559, 0.879428744316, 0.940523922443, 1, 1]
        mean: [0.467104047537, 0.242261454463, 0.0769821554422, 0.0677280500531, 0.0784203410149, 0.19238434732, 0.307366162539, 0.237361297011, 0.202782228589, 0.22311873734, 0.117058940232, 0.0502918362617, 0.0593863800168, 0.0550591498613, 0.0993243530393, 0.170715764165, 0.147075682878, 0.113350659609, 0.11941113323, 0.132014662027, 0.217112913728, 0.268765240908, 0.166512414813, 0.0698323026299, 0.0533771924675, 0.044372215867, 0.0959811136127, 0.151415243745, 0.10968824476, 0.0974655523896, 0.115663520992, 0.0858598649502, 0.07148244977, 0.0815053135157, 0.119440041482, 0.340667694807]
        min: [0.00117222941481, 0.000855840917211, 0.000131148131914, 0.000233827522607, 0.000373675720766, 0, 0, 9.05901629267e-08, 0.00050865765661, 0.000630096299574, 0.000356575037586, 0.000429190491559, 0, 0, 0.000324859371176, 6.39954014332e-05, 0.000403183337767, 0.000423240009695, 0, 0.000326277076965, 0.000184886856005, 0.000311337120365, 0.00164202740416, 6.74380426062e-05, 5.98847400397e-05, 0, 0, 0, 0, 0, 0, 0, 0, 0.00012553029228, 0.000409605534514, 0.00164763303474]
        var: [0.165190204978, 0.06151945889, 0.0171444136649, 0.0131394667551, 0.0177900344133, 0.0682369321585, 0.132516115904, 0.0702950209379, 0.0585295818746, 0.111968033016, 0.0342328771949, 0.00445923162624, 0.0118998019025, 0.009615608491, 0.0189716760069, 0.0703096836805, 0.0494173653424, 0.030173830688, 0.0406648665667, 0.0369273424149, 0.0654591321945, 0.108880423009, 0.0561701059341, 0.0119135677814, 0.0100311003625, 0.00769930426031, 0.0171629209071, 0.04757732898, 0.020335406065, 0.0221643224359, 0.0367820374668, 0.0183129832149, 0.0144868446514, 0.0204648021609, 0.0383900441229, 0.0944193899632]
    chords_histogram: [35.0230407715, 0, 17.5115203857, 0, 0, 21.6589870453, 0, 0, 0, 0, 5.0691242218, 20.7373275757, 0, 0, 0, 0, 0, 0, 0, 0, 0, 0, 0, 0]
    thpcp: [1, 0.518645584583, 0.164807289839, 0.144995644689, 0.16788624227, 0.411866158247, 0.658025026321, 0.508155107498, 0.434126466513, 0.477663904428, 0.2506057024, 0.107667312026, 0.127137362957, 0.117873415351, 0.212638601661, 0.365476965904, 0.314867079258, 0.242666825652, 0.255641400814, 0.282623678446, 0.464806318283, 0.575386226177, 0.356478214264, 0.149500533938, 0.114272594452, 0.0949942842126, 0.205481231213, 0.324157416821, 0.234826147556, 0.208659186959, 0.247618317604, 0.183813139796, 0.15303324163, 0.174490705132, 0.255703300238, 0.729318678379]
    chords_key: "A"
    chords_scale: "minor"
    key_key: "A"
    key_scale: "minor"
    chords_progression: ["D", "D", "D", "D", "D", "D", "D", "D", "D", "D", "D", "D", "D", "D", "D", "D", "D", "D", "D", "D", "D", "D", "D", "D", "D", "Am", "Am", "Am", "Am", "Am", "Em", "Em", "Em", "Em", "Em", "Em", "Em", "Em", "Em", "Em", "Em", "Em", "Em", "Em", "Em", "Em", "Em", "Em", "Em", "Em", "Em", "Em", "Em", "Em", "Em", "Em", "Em", "Em", "Em", "Em", "Em", "Em", "Em", "Em", "Em", "Em", "Em", "Em", "B", "B", "B", "B", "B", "B", "B", "B", "B", "B", "B", "B", "B", "B", "B", "B", "B", "B", "B", "B", "B", "B", "B", "B", "B", "B", "B", "B", "B", "B", "B", "B", "B", "B", "B", "B", "B", "B", "B", "B", "B", "B", "B", "B", "B", "D", "D", "D", "D", "D", "D", "D", "D", "D", "D", "D", "D", "D", "D", "D", "D", "D", "D", "D", "D", "D", "D", "Am", "Am", "Am", "Am", "Am", "Am", "Am", "Am", "Am", "Am", "Am", "Am", "Am", "Am", "Am", "Am", "Am", "Am", "Am", "Am", "Am", "Am", "Am", "Am", "Am", "Am", "Am", "Am", "Am", "Am", "Am", "Am", "Am", "Am", "Am", "Am", "Am", "Am", "Am", "Am", "G#m", "G#m", "G#m", "G#m", "G#m", "G#m", "G#m", "G#m", "G#m", "G#m", "G#m", "Am", "Am", "Am", "Am", "Am", "Am", "Am", "Am", "Am", "Am", "Am", "Am", "Am", "Am", "Am", "Am", "Am", "Am", "Am", "Am", "Am", "Am", "Am", "Am", "Am", "Am", "Am", "Am", "Am", "Am", "Am"]
