
metadata:
    version:
        essentia: "1.2.2"
    audio_properties:
        analysis_sample_rate: 44100
        bitrate: 128
        channels: 2
        equal_loudness: 1
        length: 9.97877597809
        replay_gain: -5.46064567566
        downmix: "mix"
    tags:
        track: 7
        year: 0
        album: "Splitted by Mp3Splt v. 2.1"
        artist: "From 001.00 To 001.10"
        comment: "http://mp3splt.sf.net"
        genre: ""
        title: "15 Zaar.mp3"

highlevel:
    ballroom:
        all:
            ChaChaCha: 0.0138234896585
            Jive: 0.0186659228057
            Quickstep: 0.0186971593648
            Rumba-American: 0.0151967322454
            Rumba-International: 0.398185431957
            Rumba-Misc: 0.153835520148
            Samba: 0.0152201093733
            Tango: 0.0184302479029
            VienneseWaltz: 0.221085563302
            Waltz: 0.126859813929
        probability: 0.398185431957
        value: "Rumba-International"
    culture:
        all:
            non_western: 0.712445378304
            western: 0.287554621696
        probability: 0.712445378304
        value: "non_western"
    gender:
        all:
            female: 0.64266449213
            male: 0.35733550787
        probability: 0.64266449213
        value: "female"
    genre_dortmund:
        all:
            alternative: 0.0891488566995
            blues: 0.010298342444
            electronic: 0.25554856658
            folkcountry: 0.0503613725305
            funksoulrnb: 0.0512220785022
            jazz: 0.363714545965
            pop: 0.0513209141791
            raphiphop: 0.00917015969753
            rock: 0.11921518296
        probability: 0.363714545965
        value: "jazz"
    genre_electronica:
        all:
            ambient: 0.535792589188
            dnb: 0.111243523657
            house: 0.161506161094
            techno: 0.0316180624068
            trance: 0.159839689732
        probability: 0.535792589188
        value: "ambient"
    genre_rosamerica:
        all:
            cla: 0.0996849909425
            dan: 0.0450854673982
            hip: 0.0454370081425
            jaz: 0.0667298585176
            pop: 0.0593699216843
            rhy: 0.107964247465
            roc: 0.566700160503
            spe: 0.00902832020074
        probability: 0.566700160503
        value: "roc"
    genre_tzanetakis:
        all:
            blu: 0.0304452497512
            cla: 0.0383438915014
            cou: 0.206033065915
            dis: 0.0681368336082
            hip: 0.0179223548621
            jaz: 0.0811507552862
            met: 0.0314576774836
            pop: 0.0402049422264
            reg: 0.0630243197083
            roc: 0.423280894756
        probability: 0.423280894756
        value: "roc"
    live_studio:
        all:
            live: 0.524682641029
            studio: 0.475317358971
        probability: 0.524682641029
        value: "live"
    mood:
        all:
            Cluster1: 0.184022814035
            Cluster2: 0.0862260907888
            Cluster3: 0.441448062658
            Cluster4: 0.0443801805377
            Cluster5: 0.243922844529
        probability: 0.441448062658
        value: "Cluster3"
    mood_acoustic:
        all:
            acoustic: 0.283036440611
            not_acoustic: 0.716963589191
        probability: 0.716963589191
        value: "not_acoustic"
    mood_aggressive:
        all:
            aggressive: 0.229352533817
            not_aggressive: 0.770647466183
        probability: 0.770647466183
        value: "not_aggressive"
    mood_electronic:
        all:
            electronic: 0.841660857201
            not_electronic: 0.158339142799
        probability: 0.841660857201
        value: "electronic"
    mood_happy:
        all:
            happy: 0.163624599576
            not_happy: 0.836375415325
        probability: 0.836375415325
        value: "not_happy"
    mood_party:
        all:
            not_party: 0.973082721233
            party: 0.0269172936678
        probability: 0.973082721233
        value: "not_party"
    mood_relaxed:
        all:
            not_relaxed: 0.0553899481893
            relaxed: 0.944610059261
        probability: 0.944610059261
        value: "relaxed"
    mood_sad:
        all:
            not_sad: 0.186332195997
            sad: 0.8136677742
        probability: 0.8136677742
        value: "sad"
    rhythm:
        all:
            fast: 0.0147903896868
            medium: 0.138759359717
            slow: 0.846450269222
        probability: 0.846450269222
        value: "slow"
    speech_music:
        all:
            music: 0.989122509956
            speech: 0.0108774742112
        probability: 0.989122509956
        value: "music"
    timbre:
        all:
            bright: 0.00379840075038
            dark: 0.996201574802
        probability: 0.996201574802
        value: "dark"
    voice_instrumental:
        all:
            instrumental: 0.979067564011
            voice: 0.0209324080497
        probability: 0.979067564011
        value: "instrumental"

lowlevel:
    average_loudness: 0.983850538731
    barkbands_kurtosis:
        dmean: 2.63360261917
        dmean2: 4.36240291595
        dvar: 13.3498392105
        dvar2: 35.3035354614
        max: 42.0635375977
        mean: 4.47867488861
        min: -1.37374484539
        var: 30.811794281
    barkbands_skewness:
        dmean: 0.464165776968
        dmean2: 0.750317811966
        dvar: 0.190907299519
        dvar2: 0.50560593605
        max: 5.00769090652
        mean: 1.73536098003
        min: 0.0659117922187
        var: 0.617500066757
    barkbands_spread:
        dmean: 3.29848361015
        dmean2: 5.35095024109
        dvar: 13.537437439
        dvar2: 34.0164833069
        max: 48.8462982178
        mean: 13.808470726
        min: 1.92913079262
        var: 57.5057868958
    dissonance:
        dmean: 0.0414944589138
        dmean2: 0.0708916783333
        dvar: 0.00137976731639
        dvar2: 0.00428461795673
        max: 0.496891438961
        mean: 0.4096583426
        min: 0.208304777741
        var: 0.00266338721849
    hfc:
        dmean: 0.664915144444
        dmean2: 1.07067883015
        dvar: 0.521497607231
        dvar2: 1.30807352066
        max: 8.38503074646
        mean: 2.5452606678
        min: 0.0272213649005
        var: 2.27322983742
    pitch:
        dmean: 182.170852661
        dmean2: 340.73324585
        dvar: 382813.25
        dvar2: 888194.9375
        max: 4410
        mean: 356.141357422
        min: 43.3202362061
        var: 477290.90625
    pitch_instantaneous_confidence:
        dmean: 0.0858723074198
        dmean2: 0.144157662988
        dvar: 0.00440265750512
        dvar2: 0.0111139444634
        max: 0.805958271027
        mean: 0.429752826691
        min: 0.192346274853
        var: 0.0129455337301
    pitch_salience:
        dmean: 0.0641057938337
        dmean2: 0.104042157531
        dvar: 0.00334154255688
        dvar2: 0.00950240902603
        max: 0.774870038033
        mean: 0.578646302223
        min: 0.304114252329
        var: 0.00799099542201
    silence_rate_20dB:
        dmean: 0
        dmean2: 0
        dvar: 0
        dvar2: 0
        max: 1
        mean: 1
        min: 1
        var: 0
    silence_rate_30dB:
        dmean: 0
        dmean2: 0
        dvar: 0
        dvar2: 0
        max: 1
        mean: 1
        min: 1
        var: 0
    silence_rate_60dB:
        dmean: 0.037296038121
        dmean2: 0.0747663527727
        dvar: 0.0359052605927
        dvar2: 0.0831949263811
        max: 1
        mean: 0.225581392646
        min: 0
        var: 0.174694448709
    spectral_centroid:
        dmean: 88.9772338867
        dmean2: 141.486587524
        dvar: 8797.07519531
        dvar2: 22265.0488281
        max: 1240.85827637
        mean: 522.176208496
        min: 171.260116577
        var: 36980.0898438
    spectral_complexity:
        dmean: 1.32786881924
        dmean2: 2.23943662643
        dvar: 1.34449017048
        dvar2: 3.40747308731
        max: 17
        mean: 8.27336406708
        min: 0
        var: 9.99769973755
    spectral_crest:
        dmean: 1.90531420708
        dmean2: 3.19535517693
        dvar: 2.9635155201
        dvar2: 8.76975345612
        max: 16.7884731293
        mean: 8.3941192627
        min: 3.47174811363
        var: 6.93117856979
    spectral_decrease:
        dmean: 3.30714372554e-10
        dmean2: 5.47542899909e-10
        dvar: 2.11716102301e-19
        dvar2: 5.37205055896e-19
        max: -1.07951486292e-11
        mean: -1.25187082922e-09
        min: -5.06901809416e-09
        var: 4.88858003453e-19
    spectral_energy:
        dmean: 0.00129692989867
        dmean2: 0.0021450582426
        dvar: 3.14942531077e-06
        dvar2: 7.98655219114e-06
        max: 0.0194977410138
        mean: 0.00495570898056
        min: 4.321236338e-05
        var: 7.46541354602e-06
    spectral_energyband_high:
        dmean: 6.90446995577e-06
        dmean2: 1.14515578389e-05
        dvar: 1.03988720412e-10
        dvar2: 2.90640789213e-10
        max: 0.00013587482681
        mean: 2.07019475056e-05
        min: 5.15116539646e-07
        var: 2.94618524022e-10
    spectral_energyband_low:
        dmean: 0.000505111238454
        dmean2: 0.000849129166454
        dvar: 9.72924794951e-07
        dvar2: 2.70947634817e-06
        max: 0.0106610320508
        mean: 0.000867703347467
        min: 1.4981813365e-05
        var: 1.09183497443e-06
    spectral_energyband_middle_high:
        dmean: 0.00027170064277
        dmean2: 0.000428977044066
        dvar: 1.0952206253e-07
        dvar2: 2.85544047074e-07
        max: 0.00387067697011
        mean: 0.000762268900871
        min: 4.44168108515e-06
        var: 4.91342177611e-07
    spectral_energyband_middle_low:
        dmean: 0.000952072616201
        dmean2: 0.0015894951066
        dvar: 1.27837768105e-06
        dvar2: 3.31207684212e-06
        max: 0.0128283714876
        mean: 0.00330502795987
        min: 2.18281184061e-05
        var: 3.66279732589e-06
    spectral_flatness_db:
        dmean: 0.0166715756059
        dmean2: 0.02813956514
        dvar: 0.000215916632442
        dvar2: 0.000589372124523
        max: 0.364007413387
        mean: 0.226680502295
        min: 0.0975457802415
        var: 0.0017742367927
    spectral_flux:
        dmean: 0.00682424381375
        dmean2: 0.0107746832073
        dvar: 6.46028056508e-05
        dvar2: 0.000149703482748
        max: 0.096062913537
        mean: 0.0308970231563
        min: 0.00454594520852
        var: 0.000179114736966
    spectral_kurtosis:
        dmean: 4.41020011902
        dmean2: 7.53368902206
        dvar: 28.7771282196
        dvar2: 83.8334884644
        max: 70.6493835449
        mean: 11.7707738876
        min: 1.56178760529
        var: 100.306396484
    spectral_rms:
        dmean: 0.000267494586296
        dmean2: 0.000437703129137
        dvar: 8.79074022464e-08
        dvar2: 2.23119940301e-07
        max: 0.00436144322157
        mean: 0.00210457411595
        min: 0.000205325122806
        var: 4.05609796417e-07
    spectral_rolloff:
        dmean: 286.941070557
        dmean2: 490.158111572
        dvar: 190911.5625
        dvar2: 453899.1875
        max: 3337.64648438
        mean: 886.936401367
        min: 172.265625
        var: 367634.15625
    spectral_skewness:
        dmean: 0.365863919258
        dmean2: 0.612919509411
        dvar: 0.118105642498
        dvar2: 0.325150758028
        max: 6.75397872925
        mean: 2.5380487442
        min: 0.65956389904
        var: 0.800048530102
    spectral_spread:
        dmean: 307839.78125
        dmean2: 491688.40625
        dvar: 792203231232
        dvar2: 801428865024
        max: 24265924
        mean: 2884856.25
        min: 895026.625
        var: 1.69288715469e+12
    spectral_strongpeak:
        dmean: 0.189315453172
        dmean2: 0.326613366604
        dvar: 0.0695064589381
        dvar2: 0.171743497252
        max: 2.79391932487
        mean: 0.30563172698
        min: 0.00434809457511
        var: 0.0864366069436
    zerocrossingrate:
        dmean: 0.00494913663715
        dmean2: 0.00671214796603
        dvar: 2.24895738938e-05
        dvar2: 3.18835009239e-05
        max: 0.0859375
        mean: 0.0374675989151
        min: 0.0107421875
        var: 0.00018570672546
    barkbands:
        dmean: [2.34700422652e-07, 0.000151572356117, 0.000428202940384, 0.000404081045417, 0.000290664174827, 0.000396846560761, 0.000186411882169, 3.64744191756e-05, 0.000232886028243, 0.0001357015135, 4.64533841296e-05, 6.72601454426e-05, 5.33244383405e-05, 6.54962059343e-05, 1.14122449304e-05, 3.87842374039e-05, 1.01588757389e-05, 1.75160494109e-05, 6.61214216962e-05, 9.06621517061e-06, 3.46263254869e-06, 1.40773386192e-06, 1.47711972431e-07, 3.59426444163e-08, 8.62245830291e-09, 4.72079597635e-10, 2.48812859205e-10]
        dmean2: [3.36387103061e-07, 0.000263516791165, 0.000710420717951, 0.000675825576764, 0.00045721308561, 0.000692113942932, 0.000298932689475, 5.73966281081e-05, 0.000340352708008, 0.000222698479774, 6.47569904686e-05, 0.000109092128696, 8.73811368365e-05, 0.000111195207865, 1.9264909497e-05, 6.7313623731e-05, 1.73122189153e-05, 2.95322806778e-05, 0.000112345034722, 1.47134041981e-05, 5.77721357331e-06, 2.44027751251e-06, 2.50479217812e-07, 6.10671406776e-08, 1.51238772617e-08, 7.59434459763e-10, 3.73763298089e-10]
        dvar: [1.14375563599e-13, 8.16506258161e-08, 7.46227613035e-07, 3.18249362863e-07, 3.05670454281e-07, 2.90602713449e-07, 4.81123123564e-08, 2.15680628912e-09, 3.73769523776e-07, 8.79450468005e-08, 7.01680580306e-09, 1.0262689365e-08, 1.31127046998e-08, 1.08856781367e-08, 3.744082544e-10, 1.02945421077e-08, 5.92327353832e-10, 8.64016358459e-10, 1.64186300111e-08, 4.36069486076e-10, 4.00024111058e-11, 3.04192370078e-12, 3.40553221745e-14, 2.91010154545e-15, 2.77889645956e-16, 3.35526893726e-18, 3.57048706378e-18]
        dvar2: [2.3048620304e-13, 2.50384516676e-07, 2.10613438867e-06, 8.89496277523e-07, 8.17451564217e-07, 9.99570829663e-07, 1.29674845084e-07, 4.44221548435e-09, 8.02316719728e-07, 2.50396794854e-07, 1.24040440141e-08, 2.41541258106e-08, 3.5458793235e-08, 2.93025479436e-08, 9.99576088567e-10, 3.05896321606e-08, 1.46348289043e-09, 2.47323428404e-09, 4.61341045366e-08, 1.17244403075e-09, 1.1765698138e-10, 8.66605572025e-12, 9.91293229143e-14, 8.34656017126e-15, 7.99839183109e-16, 3.8444046149e-18, 3.51836765415e-18]
        max: [4.2202223085e-06, 0.00212665321305, 0.00898781139404, 0.00489430921152, 0.00626608496532, 0.00436934176832, 0.0020259374287, 0.000689814041834, 0.00881086476147, 0.00371772702783, 0.00143991666846, 0.000861697306391, 0.00133691448718, 0.000957984128036, 0.000208919256693, 0.000866385526024, 0.000304155633785, 0.000326185021549, 0.00112462078687, 0.000319696089718, 6.86122803017e-05, 1.71485899045e-05, 1.87236139482e-06, 6.06023888849e-07, 2.13442746144e-07, 3.7660282004e-08, 3.967724993e-08]
        mean: [5.41679355592e-07, 0.000202510331292, 0.000664665247314, 0.000870660063811, 0.000737616966944, 0.000755457440391, 0.000472007959615, 7.4994051829e-05, 0.000370014779037, 0.00020208756905, 8.46497787279e-05, 9.19586309465e-05, 8.62563902047e-05, 8.99900551303e-05, 1.92347615666e-05, 5.01993454236e-05, 1.62175583682e-05, 3.04948698613e-05, 0.000105194289063, 1.88901558431e-05, 7.541461855e-06, 3.92689707951e-06, 4.64870311134e-07, 1.15174337623e-07, 2.38055619661e-08, 1.14360587666e-09, 2.21188720118e-10]
        min: [6.30975618976e-11, 3.49159586222e-06, 3.82730240744e-06, 2.51935148299e-06, 6.6120592237e-06, 1.21146661058e-06, 2.7074264608e-07, 1.84829787031e-07, 2.43577147785e-07, 1.30903956119e-07, 5.58838877396e-08, 3.03698300286e-07, 7.02740692304e-08, 1.38063086297e-07, 1.26520333765e-07, 7.82391751386e-08, 1.25420356767e-07, 1.40023118433e-07, 1.96557593313e-07, 5.77887988129e-07, 8.3421504371e-08, 4.34686278084e-08, 6.59367671574e-09, 1.74601433311e-09, 9.75674874226e-10, 1.00813898896e-10, 1.34575739156e-14]
        var: [5.88787915992e-13, 8.54097663705e-08, 7.44257818042e-07, 6.27235010597e-07, 6.63281070956e-07, 4.46174311719e-07, 1.88979157656e-07, 8.51846060357e-09, 6.14286534528e-07, 1.60044322683e-07, 2.42377442561e-08, 1.7720214629e-08, 2.61586770023e-08, 1.80659558424e-08, 5.82269454874e-10, 1.3367919216e-08, 1.12607434488e-09, 1.49179046893e-09, 2.83072996154e-08, 7.65932872682e-10, 6.35436842034e-11, 9.20763292001e-12, 1.53753650979e-13, 1.55201237062e-14, 3.85822157516e-16, 3.65153504738e-18, 3.68103768469e-18]
    mfcc:
        mean: [-782.174926758, 191.498535156, -27.8053188324, 55.6672935486, -25.4757003784, 9.17787456512, -2.89458537102, -4.54745721817, -10.3667821884, -2.90066385269, 1.97648489475, -15.9066371918, -8.03479290009]
        cov: [[2728.53393555, -93.8779449463, -767.963928223, -216.239318848, -39.5023803711, -108.576408386, -229.346588135, 6.94261026382, -228.10017395, 177.77520752, 70.9980773926, -22.4909076691, -64.7024917603], [-93.8779449463, 732.551086426, 78.7675018311, -190.972076416, -191.826217651, 46.9055213928, 94.5345458984, 29.944694519, -10.6647529602, -68.1224136353, 74.3735198975, -43.5792045593, -39.8024902344], [-767.963928223, 78.7675018311, 419.698394775, 14.540512085, -18.6428585052, 54.1581840515, 61.2116279602, -42.7212181091, 58.7944412231, -43.7930183411, -40.4071426392, 23.2328567505, 36.2872085571], [-216.239318848, -190.972076416, 14.540512085, 235.561386108, 108.056121826, -10.9168195724, -29.3084888458, 9.8713684082, 43.2549362183, 3.33408808708, -23.4825458527, 6.23120594025, -2.84021139145], [-39.5023803711, -191.826217651, -18.6428585052, 108.056121826, 168.266296387, -28.607925415, -10.6456184387, 6.53321361542, 33.3403205872, 17.7216587067, -33.5068969727, 21.9441051483, 30.7770633698], [-108.576408386, 46.9055213928, 54.1581840515, -10.9168195724, -28.607925415, 135.971313477, 31.1750659943, -42.131526947, 21.6084423065, 2.90187573433, 5.7366437912, 9.5153055191, -15.1603689194], [-229.346588135, 94.5345458984, 61.2116279602, -29.3084888458, -10.6456184387, 31.1750659943, 203.75189209, 1.54682612419, 16.6106185913, -40.1346511841, 28.011095047, 9.00110816956, 15.7074985504], [6.94261026382, 29.944694519, -42.7212181091, 9.8713684082, 6.53321361542, -42.131526947, 1.54682612419, 116.921218872, 9.40871334076, -28.5380516052, 12.8263168335, -31.7590084076, -16.416185379], [-228.10017395, -10.6647529602, 58.7944412231, 43.2549362183, 33.3403205872, 21.6084423065, 16.6106185913, 9.40871334076, 98.6114425659, 8.00063323975, -27.0968437195, -3.7471818924, 19.4550819397], [177.77520752, -68.1224136353, -43.7930183411, 3.33408808708, 17.7216587067, 2.90187573433, -40.1346511841, -28.5380516052, 8.00063323975, 90.8073883057, -3.94828772545, 7.20584154129, -2.25642967224], [70.9980773926, 74.3735198975, -40.4071426392, -23.4825458527, -33.5068969727, 5.7366437912, 28.011095047, 12.8263168335, -27.0968437195, -3.94828772545, 87.7160491943, 1.59283387661, -24.497385025], [-22.4909076691, -43.5792045593, 23.2328567505, 6.23120594025, 21.9441051483, 9.5153055191, 9.00110816956, -31.7590084076, -3.7471818924, 7.20584154129, 1.59283387661, 70.7537765503, 26.0692253113], [-64.7024917603, -39.8024902344, 36.2872085571, -2.84021139145, 30.7770633698, -15.1603689194, 15.7074985504, -16.416185379, 19.4550819397, -2.25642967224, -24.497385025, 26.0692253113, 72.0473709106]]
        icov: [[0.00114722119179, -8.57741542859e-05, 0.00170031632297, 0.000786615128163, -0.000177318564965, -9.5894705737e-05, 0.000529982324224, -5.67753777432e-05, 0.00151681608986, -0.00139329291414, 0.000244293856667, -2.17193792196e-05, -0.000277700659353], [-8.57741542859e-05, 0.002531317994, -0.000482983072288, 0.0012889271602, 0.00160581502132, -3.0501094443e-05, -0.00040024984628, -0.000210871250601, -0.00122126576025, 0.00124604906887, -0.00133240805008, 0.000639387406409, 0.000646699918434], [0.00170031632297, -0.000482983072288, 0.00594831211492, 0.000571086478885, 0.000634438067209, -0.000594043231104, 0.000312148040393, 0.00114322255831, 0.000545280985534, -0.000371743139112, 0.00179876049515, -0.000967171625234, -0.00111415004358], [0.000786615128163, 0.0012889271602, 0.000571086478885, 0.00825390499085, -0.003960352391, 0.000330113660311, 0.00129051832482, 0.000428950006608, -0.00198949081823, 0.00109210889786, -0.000900478975382, -8.0901729234e-05, 0.00332838483155], [-0.000177318564965, 0.00160581502132, 0.000634438067209, -0.003960352391, 0.0121966414154, 0.001254110015, -0.00122805847786, -0.00137567531783, -0.00189340568613, -0.00102978968062, 0.00181520439219, -0.00234611495398, -0.00279459916055], [-9.5894705737e-05, -3.0501094443e-05, -0.000594043231104, 0.000330113660311, 0.001254110015, 0.0107849361375, -0.00124003691599, 0.00438885157928, -0.00420657778159, 0.000710446387529, -0.000445422221674, -0.00165556045249, 0.00481900805607], [0.000529982324224, -0.00040024984628, 0.000312148040393, 0.00129051832482, -0.00122805847786, -0.00124003691599, 0.00688762171194, 0.000207028439036, -0.000663701328449, 0.00205300142989, -0.00281198159792, -7.40805699024e-05, -0.00172808009665], [-5.67753777432e-05, -0.000210871250601, 0.00114322255831, 0.000428950006608, -0.00137567531783, 0.00438885157928, 0.000207028439036, 0.0139616709203, -0.00444504152983, 0.00517339259386, -0.00237915408798, 0.00364453718066, 0.00315552554093], [0.00151681608986, -0.00122126576025, 0.000545280985534, -0.00198949081823, -0.00189340568613, -0.00420657778159, -0.000663701328449, -0.00444504152983, 0.018963355571, -0.00658120634034, 0.003904792713, 0.00259977020323, -0.00554983085021], [-0.00139329291414, 0.00124604906887, -0.000371743139112, 0.00109210889786, -0.00102978968062, 0.000710446387529, 0.00205300142989, 0.00517339259386, -0.00658120634034, 0.0177642609924, -0.00210546329618, -0.000501983915456, 0.00278721842915], [0.000244293856667, -0.00133240805008, 0.00179876049515, -0.000900478975382, 0.00181520439219, -0.000445422221674, -0.00281198159792, -0.00237915408798, 0.003904792713, -0.00210546329618, 0.0171436183155, -0.00384908751585, 0.00384517153725], [-2.17193792196e-05, 0.000639387406409, -0.000967171625234, -8.0901729234e-05, -0.00234611495398, -0.00165556045249, -7.40805699024e-05, 0.00364453718066, 0.00259977020323, -0.000501983915456, -0.00384908751585, 0.0203174836934, -0.00705999881029], [-0.000277700659353, 0.000646699918434, -0.00111415004358, 0.00332838483155, -0.00279459916055, 0.00481900805607, -0.00172808009665, 0.00315552554093, -0.00554983085021, 0.00278721842915, 0.00384517153725, -0.00705999881029, 0.0234314594418]]
    spectral_contrast:
        mean: [1.83078867622e-07, 2.8050217793e-07, 9.19137033151e-09, -1.15466590955e-07, 2.16641300455e-08, -1.76516099515e-08, 3.58184934157e-07, -1.21870959902e-06, 1.73236446699e-06, -8.84042719917e-07, -8.54518930282e-07, 1.33859782636e-06]
        var: [0.000546884024516, 0.000655353069305, 0.0018395826919, 0.00225241412409, 0.00313117681071, 0.00699764303863, 0.0443589165807, 0.0901551619172, 0.175013780594, 0.215245053172, 0.47615391016, 0.913307309151]

rhythm:
    beats_loudness:
        dmean: 0.00229501188733
        dmean2: 0.00421840138733
        dvar: 3.56798477696e-06
        dvar2: 1.04444679891e-05
        max: 0.0110178003088
        mean: 0.00534805841744
        min: 0.000267611234449
        var: 6.21367371423e-06
    beats_loudness_bass:
        dmean: 0.143097922206
        dmean2: 0.214428305626
        dvar: 0.00861121434718
        dvar2: 0.0350193418562
        max: 0.563862681389
        mean: 0.325303196907
        min: 0.0727041363716
        var: 0.0174373891205
    bpm: 114.817848206
    bpm_confidence: 0
    first_peak_bpm: 115
    first_peak_spread: 0
    first_peak_weight: 0.526315808296
    onset_rate: 1.90404129028
    second_peak_bpm: 133
    second_peak_spread: 0
    second_peak_weight: 0.473684221506
    beats_position: [0.326624333858, 0.84919410944, 1.37176394463, 1.89433372021, 2.41690349579, 2.93947315216, 3.46204280853, 3.98461270332, 4.50718259811, 5.02975225449, 5.55232191086, 6.00581359863, 6.45635414124, 6.90689468384, 7.3574347496, 7.80797529221, 8.25851631165, 8.70905685425, 9.15959739685, 9.61013698578]
    bpm_estimates: [115.115776062, 114.884536743, 114.453262329]
    bpm_intervals: [0.522569775581, 0.522569835186, 0.522569775581, 0.522569775581, 0.522569656372, 0.522569656372, 0.522569894791, 0.522569894791, 0.522569656372, 0.522569656372, 0.453491687775, 0.450540542603, 0.450540542603, 0.450540065765, 0.450540542603, 0.45054101944, 0.450540542603, 0.450540542603, 0.450539588928]
    onset_times: [0.0580498874187, 0.139319732785, 0.870748281479, 1.13777780533, 1.5673469305, 2.02013611794, 2.43809533119, 4.5046710968, 4.71365070343, 5.65405893326, 7.18657588959, 7.33750581741, 8.06893444061, 8.32435417175, 8.97451210022, 9.11383247375, 9.2067117691, 9.63628101349, 9.85687065125]
    rubato_start: [6.00581359863]
    rubato_stop: [6.45635414124]
    perceptual_tempo: "unknown"

sfx:
    inharmonicity:
        dmean: 0.0182955730706
        dmean2: 0.0323562435806
        dvar: 0.00075557641685
        dvar2: 0.00210852432065
        max: 0.202422142029
        mean: 0.0151865491644
        min: 0
        var: 0.000628853042144
    oddtoevenharmonicenergyratio:
        dmean: 0.832542002201
        dmean2: 1.56697142124
        dvar: 7.36900234222
        dvar2: 21.7672481537
        max: 34.3421287537
        mean: 0.568586647511
        min: 0
        var: 4.05776071548
    pitch_after_max_to_before_max_energy_ratio: 0.0753293409944
    pitch_centroid: 283.487365723
    pitch_max_to_total: 0.995327115059
    pitch_min_to_total: 0.95327103138
    tristimulus:
        dmean: [0.208355441689, 0.211443632841, 0.0561190694571]
        dmean2: [0.363987982273, 0.373558729887, 0.100646525621]
        dvar: [0.0338617675006, 0.0343475043774, 0.00694217346609]
        dvar2: [0.0872183591127, 0.0957143008709, 0.0221758745611]
        max: [1, 0.944652676582, 0.640207588673]
        mean: [0.627138316631, 0.311370998621, 0.0486438907683]
        min: [0.0391294434667, 0, 0]
        var: [0.0595958791673, 0.0507843531668, 0.00530310999602]

tonal:
    chords_changes_rate: 0.0418604649603
    chords_number_rate: 0.0325581394136
    chords_strength:
        dmean: 0.00937450304627
        dmean2: 0.00674256170169
        dvar: 4.93250772706e-05
        dvar2: 4.89732519782e-05
        max: 0.738993227482
        mean: 0.516013860703
        min: 0.271044582129
        var: 0.0127858025953
    key_strength: 0.785221397877
    tuning_diatonic_strength: 0.475801885128
    tuning_equal_tempered_deviation: 0.12057749182
    tuning_frequency: 454.465301514
    tuning_nontempered_energy_ratio: 0.717034339905
    hpcp:
        dmean: [0.163232237101, 0.169930934906, 0.107367634773, 0.0740498825908, 0.0621861480176, 0.059113483876, 0.0771607607603, 0.0700157657266, 0.0692641735077, 0.0563850440085, 0.0627871379256, 0.0629370883107, 0.0642759129405, 0.105082832277, 0.167655363679, 0.186704486609, 0.198623716831, 0.114145919681, 0.102748245001, 0.102017447352, 0.101607374847, 0.152232736349, 0.147023826838, 0.106220833957, 0.138902381063, 0.106445804238, 0.0555628612638, 0.0461661480367, 0.046762894839, 0.0700342878699, 0.128447875381, 0.134488195181, 0.0914281085134, 0.0830284580588, 0.0764112845063, 0.143207073212]
        dmean2: [0.261715680361, 0.256380975246, 0.184845000505, 0.133881032467, 0.110470719635, 0.101429991424, 0.134117186069, 0.125458285213, 0.123844318092, 0.0933312699199, 0.109327442944, 0.112815983593, 0.116754606366, 0.191124379635, 0.282108008862, 0.305387824774, 0.313560068607, 0.185142874718, 0.182640582323, 0.179931983352, 0.172729700804, 0.246670544147, 0.218129366636, 0.178479194641, 0.241337731481, 0.192688778043, 0.0964655354619, 0.0790217071772, 0.0863891988993, 0.114919796586, 0.216450035572, 0.224715933204, 0.151464760303, 0.144456475973, 0.134969636798, 0.234742432833]
        dvar: [0.0312373563647, 0.0243074763566, 0.0156924519688, 0.0197252389044, 0.0212265681475, 0.0156031893566, 0.0258808545768, 0.0219945069402, 0.0319811142981, 0.0178120993078, 0.0237454324961, 0.0220437776297, 0.015497026965, 0.0350022763014, 0.0348671711981, 0.0432237349451, 0.0350256487727, 0.0244423914701, 0.0398268662393, 0.0369508117437, 0.0350375361741, 0.0424465052783, 0.0311103183776, 0.0296853613108, 0.0409425571561, 0.0231124367565, 0.00775057263672, 0.0123003991321, 0.0130554893985, 0.0112361898646, 0.0272588022053, 0.0379964448512, 0.0293829198927, 0.0299901813269, 0.0177917461842, 0.0159749817103]
        dvar2: [0.0653183683753, 0.0561205670238, 0.0384510755539, 0.0517031177878, 0.0546179227531, 0.0422061868012, 0.0752796828747, 0.0606601126492, 0.0909676998854, 0.0475079789758, 0.0538864545524, 0.0655152276158, 0.045280855149, 0.0947118774056, 0.0934268310666, 0.0994328334928, 0.0900788679719, 0.0637196078897, 0.102146275342, 0.0947286337614, 0.0943397283554, 0.101419322193, 0.0725478455424, 0.0719956606627, 0.117885239422, 0.0655570477247, 0.0207713935524, 0.0364234894514, 0.037863612175, 0.0291445851326, 0.0681831464171, 0.105277553201, 0.0721483081579, 0.0791626125574, 0.051633797586, 0.0416093580425]
        max: [1, 1, 0.809381842613, 1, 1, 1, 1, 0.96008759737, 1, 0.880373954773, 1, 1, 0.854938924313, 1, 1, 1, 1, 1, 1, 1, 1, 1, 1, 1, 1, 1, 0.70581972599, 1, 1, 0.886167764664, 1, 1, 1, 1, 0.69166880846, 1]
        mean: [0.585892140865, 0.440838009119, 0.120594255626, 0.100221075118, 0.0774948298931, 0.0592304393649, 0.0805281326175, 0.0713656246662, 0.0518265850842, 0.050778683275, 0.0584157109261, 0.0541988909245, 0.0540485829115, 0.0735658407211, 0.267511546612, 0.555255115032, 0.400553405285, 0.135953187943, 0.163544178009, 0.137541115284, 0.119925074279, 0.232215687633, 0.210844948888, 0.119393914938, 0.165906861424, 0.143032640219, 0.0624259002507, 0.0468428693712, 0.0429062210023, 0.103359028697, 0.275862365961, 0.261413365602, 0.109252005816, 0.0739538148046, 0.0618141666055, 0.250187009573]
        min: [0.00214487267658, 0.00242522032931, 0.000662504637148, 0.000333504576702, 0.000288789859042, 0.00056443689391, 0.000455635454273, 0.000235264218645, 0.000626972876489, 0.000270896649454, 0.000646878615953, 0.00172594981268, 0.000300020095892, 0.000624075822998, 0.00132374290843, 0.000841570959892, 0.000728008279111, 0.00102449895348, 0.00012564570352, 2.31840003835e-05, 0.00212833448313, 0.000962147605605, 0.000129776264657, 0.000312943302561, 0.0011433523614, 0.000941144942772, 0.00318127940409, 9.76203955361e-05, 0.000139352487167, 0.000546465802472, 0.000773267704062, 0.000542128749657, 0.000435908033978, 0.000288879266009, 0.000133030378493, 0.00461188191548]
        var: [0.121641032398, 0.0839935094118, 0.0198305882514, 0.0455562025309, 0.0302139483392, 0.0142452530563, 0.0247769746929, 0.0242940541357, 0.0235127732158, 0.0163293592632, 0.0237052645534, 0.0171749461442, 0.0117489844561, 0.0256334561855, 0.0454471819103, 0.133322283626, 0.073209233582, 0.0300705507398, 0.0892675891519, 0.0686436295509, 0.0360567308962, 0.0615166686475, 0.0528837516904, 0.0334364250302, 0.0543446689844, 0.0411861017346, 0.00767224282026, 0.0092242108658, 0.00964617170393, 0.0169183574617, 0.0901050418615, 0.0928183421493, 0.0337832421064, 0.0300180613995, 0.0153125422075, 0.0349469557405]
    chords_histogram: [46.5116271973, 5.11627912521, 0, 0, 0, 10.2325582504, 0, 0.465116292238, 0, 0, 0, 0, 0, 0, 0, 0, 0, 1.39534878731, 3.72093033791, 0, 0, 13.9534883499, 18.6046504974, 0]
    thpcp: [1, 0.752421796322, 0.205830127001, 0.171057209373, 0.132268086076, 0.101094439626, 0.137445315719, 0.121806763113, 0.0884575545788, 0.086668998003, 0.0997038632631, 0.0925066024065, 0.0922500565648, 0.125562086701, 0.456588387489, 0.947708785534, 0.683664083481, 0.232044741511, 0.279137015343, 0.234755009413, 0.204687967896, 0.396345466375, 0.359869897366, 0.203781396151, 0.28316962719, 0.244127944112, 0.106548450887, 0.0799513533711, 0.0732322856784, 0.176413059235, 0.470841556787, 0.446180015802, 0.186471194029, 0.126224279404, 0.105504341424, 0.427018880844]
    chords_key: "D"
    chords_scale: "minor"
    key_key: "D"
    key_scale: "minor"
    chords_progression: ["Dm", "Dm", "Dm", "Dm", "Dm", "Dm", "Dm", "Dm", "Dm", "Dm", "Dm", "Dm", "Dm", "Dm", "Dm", "Dm", "Dm", "Dm", "Dm", "Dm", "Dm", "Dm", "Dm", "Dm", "Dm", "Dm", "Dm", "Dm", "Dm", "Dm", "Dm", "D#", "D#", "D#", "D#", "D#", "D#", "D#", "D#", "D#", "D#", "D#", "D#", "D#", "D#", "D#", "D#", "D#", "D#", "D#", "D#", "D#", "D#", "D#", "D#", "D#", "D#", "D#", "D#", "D#", "D#", "Gm", "Gm", "Gm", "Gm", "G", "G", "G", "G", "G", "G", "G", "G", "G", "G", "G", "G", "G", "G", "G", "G", "G", "G", "G", "G", "G", "G", "Gm", "Gm", "Gm", "Gm", "Gm", "Gm", "Gm", "Gm", "Gm", "Gm", "Gm", "Gm", "Gm", "Gm", "Gm", "Gm", "Gm", "Gm", "Gm", "Gm", "Gm", "Gm", "Gm", "Gm", "Gm", "Gm", "Gm", "Gm", "Gm", "Gm", "Gm", "Gm", "Gm", "Gm", "Gm", "Gm", "D", "Dm", "Dm", "Dm", "Dm", "Dm", "Dm", "Dm", "Dm", "Dm", "Dm", "Dm", "Dm", "Dm", "Dm", "Dm", "Dm", "Dm", "Dm", "Dm", "Dm", "Dm", "Dm", "Dm", "Dm", "Dm", "Dm", "Dm", "Dm", "Dm", "Dm", "Dm", "Dm", "Dm", "Dm", "Dm", "Dm", "Dm", "Dm", "Dm", "Dm", "Dm", "Dm", "Dm", "Dm", "Dm", "Dm", "Dm", "Dm", "Dm", "Dm", "Dm", "Dm", "Dm", "Dm", "Dm", "Dm", "Dm", "Dm", "Dm", "Dm", "Dm", "Dm", "Dm", "Dm", "Dm", "Dm", "Dm", "Dm", "Dm", "F", "F", "F", "F", "F", "F", "F", "F", "F", "F", "F", "Fm", "Fm", "Fm", "Fm", "Fm", "Fm", "Fm", "Fm", "C#", "C#", "C#"]
