
metadata:
    version:
        essentia: "1.2.2"
    audio_properties:
        analysis_sample_rate: 44100
        bitrate: 128
        channels: 2
        equal_loudness: 1
        length: 10.0048980713
        replay_gain: -16.5697097778
        downmix: "mix"
    tags:
        track: 3
        year: 0
        album: "Splitted by Mp3Splt v. 2.1"
        artist: "From 000.20 To 000.30"
        comment: "http://mp3splt.sf.net"
        genre: ""
        title: "02 Ghetto Musick.mp3"

highlevel:
    ballroom:
        all:
            ChaChaCha: 0.137829050422
            Jive: 0.441215217113
            Quickstep: 0.0438552051783
            Rumba-American: 0.00063163402956
            Rumba-International: 0.000532456673682
            Rumba-Misc: 0.000527547323145
            Samba: 0.372493982315
            Tango: 0.000497543253005
            VienneseWaltz: 0.00199346570298
            Waltz: 0.000423897261498
        probability: 0.441215217113
        value: "Jive"
    culture:
        all:
            non_western: 0.554783701897
            western: 0.445216298103
        probability: 0.554783701897
        value: "non_western"
    gender:
        all:
            female: 0.0191146265715
            male: 0.980885386467
        probability: 0.980885386467
        value: "male"
    genre_dortmund:
        all:
            alternative: 0.0308676678687
            blues: 0.0682032778859
            electronic: 0.0908130854368
            folkcountry: 0.0212170574814
            funksoulrnb: 0.0312620103359
            jazz: 0.0629005804658
            pop: 0.026021104306
            raphiphop: 0.25990870595
            rock: 0.408806502819
        probability: 0.408806502819
        value: "rock"
    genre_electronica:
        all:
            ambient: 0.0228097829968
            dnb: 0.950538158417
            house: 0.00155355781317
            techno: 0.00647263461724
            trance: 0.0186258796602
        probability: 0.950538158417
        value: "dnb"
    genre_rosamerica:
        all:
            cla: 0.00555869145319
            dan: 0.0118329245597
            hip: 0.256432145834
            jaz: 0.00744386250153
            pop: 0.0517976395786
            rhy: 0.0341812670231
            roc: 0.630246341228
            spe: 0.00250715063885
        probability: 0.630246341228
        value: "roc"
    genre_tzanetakis:
        all:
            blu: 0.00607423810288
            cla: 0.00353213399649
            cou: 0.0730430707335
            dis: 0.151607096195
            hip: 0.20523506403
            jaz: 0.0288468878716
            met: 0.135542020202
            pop: 0.244716316462
            reg: 0.050790309906
            roc: 0.100612871349
        probability: 0.244716316462
        value: "pop"
    live_studio:
        all:
            live: 0.0332644023001
            studio: 0.966735601425
        probability: 0.966735601425
        value: "studio"
    mood:
        all:
            Cluster1: 0.184237763286
            Cluster2: 0.14473618567
            Cluster3: 0.0176185090095
            Cluster4: 0.0680095478892
            Cluster5: 0.58539801836
        probability: 0.58539801836
        value: "Cluster5"
    mood_acoustic:
        all:
            acoustic: 0.00505515607074
            not_acoustic: 0.994944870472
        probability: 0.994944870472
        value: "not_acoustic"
    mood_aggressive:
        all:
            aggressive: 0.996472716331
            not_aggressive: 0.00352731114253
        probability: 0.996472716331
        value: "aggressive"
    mood_electronic:
        all:
            electronic: 0.272410571575
            not_electronic: 0.727589428425
        probability: 0.727589428425
        value: "not_electronic"
    mood_happy:
        all:
            happy: 0.627442061901
            not_happy: 0.372557967901
        probability: 0.627442061901
        value: "happy"
    mood_party:
        all:
            not_party: 0.0896982774138
            party: 0.910301744938
        probability: 0.910301744938
        value: "party"
    mood_relaxed:
        all:
            not_relaxed: 0.994522452354
            relaxed: 0.0054775592871
        probability: 0.994522452354
        value: "not_relaxed"
    mood_sad:
        all:
            not_sad: 0.992478013039
            sad: 0.00752196507528
        probability: 0.992478013039
        value: "not_sad"
    rhythm:
        all:
            fast: 0.73451167345
            medium: 0.257940351963
            slow: 0.0075479792431
        probability: 0.73451167345
        value: "fast"
    speech_music:
        all:
            music: 0.999993383884
            speech: 6.5905505835e-06
        probability: 0.999993383884
        value: "music"
    timbre:
        all:
            bright: 0.0079103037715
            dark: 0.992089688778
        probability: 0.992089688778
        value: "dark"
    voice_instrumental:
        all:
            instrumental: 0.0243190638721
            voice: 0.975680947304
        probability: 0.975680947304
        value: "voice"

lowlevel:
    average_loudness: 0.975864470005
    barkbands_kurtosis:
        dmean: 1.18412208557
        dmean2: 2.06142520905
        dvar: 24.7446727753
        dvar2: 68.3435134888
        max: 75.5392608643
        mean: -0.512804865837
        min: -1.91077828407
        var: 15.9001846313
    barkbands_skewness:
        dmean: 0.568521857262
        dmean2: 0.890404999256
        dvar: 0.517570197582
        dvar2: 1.20479106903
        max: 8.27979564667
        mean: 0.0931507349014
        min: -1.75720632076
        var: 0.746650636196
    barkbands_spread:
        dmean: 8.23587703705
        dmean2: 12.8998708725
        dvar: 67.6874313354
        dvar2: 162.124969482
        max: 76.2390289307
        mean: 39.1105499268
        min: 3.1880030632
        var: 188.467422485
    dissonance:
        dmean: 0.0192409828305
        dmean2: 0.0315439887345
        dvar: 0.000249696429819
        dvar2: 0.000674432551023
        max: 0.498698979616
        mean: 0.465480715036
        min: 0.356537014246
        var: 0.000557147723157
    hfc:
        dmean: 3.11146473885
        dmean2: 4.25157546997
        dvar: 24.53657341
        dvar2: 49.5881462097
        max: 40.8573722839
        mean: 7.58921480179
        min: 0.0396499335766
        var: 42.6591682434
    pitch:
        dmean: 926.323120117
        dmean2: 1805.22888184
        dvar: 2139068.75
        dvar2: 4929579
        max: 4410
        mean: 1120.17700195
        min: 82.8947372437
        var: 2138611
    pitch_instantaneous_confidence:
        dmean: 0.0968934074044
        dmean2: 0.156612172723
        dvar: 0.00575532065704
        dvar2: 0.0156502239406
        max: 0.767578721046
        mean: 0.412698090076
        min: 0.183205962181
        var: 0.0184979643673
    pitch_salience:
        dmean: 0.0697521194816
        dmean2: 0.11552002281
        dvar: 0.00538266077638
        dvar2: 0.0137705244124
        max: 0.833902716637
        mean: 0.617066323757
        min: 0.200075089931
        var: 0.00773343537003
    silence_rate_20dB:
        dmean: 0
        dmean2: 0
        dvar: 0
        dvar2: 0
        max: 1
        mean: 1
        min: 1
        var: 0
    silence_rate_30dB:
        dmean: 0
        dmean2: 0
        dvar: 0
        dvar2: 0
        max: 1
        mean: 1
        min: 1
        var: 0
    silence_rate_60dB:
        dmean: 0.148491874337
        dmean2: 0.295348823071
        dvar: 0.12644149363
        dvar2: 0.236026138067
        max: 1
        mean: 0.405092597008
        min: 0
        var: 0.240992754698
    spectral_centroid:
        dmean: 396.094207764
        dmean2: 631.426818848
        dvar: 177167.71875
        dvar2: 409327.09375
        max: 3335.90429688
        mean: 1754.54077148
        min: 120.091957092
        var: 302609.84375
    spectral_complexity:
        dmean: 4.5186047554
        dmean2: 6.32167816162
        dvar: 33.2078399658
        dvar2: 48.4653167725
        max: 51
        mean: 13.9234342575
        min: 0
        var: 91.1565093994
    spectral_crest:
        dmean: 2.47382640839
        dmean2: 4.18325042725
        dvar: 7.31168603897
        dvar2: 17.5424346924
        max: 23.6924266815
        mean: 6.57845592499
        min: 2.64517426491
        var: 9.63659095764
    spectral_decrease:
        dmean: 3.43274686454e-10
        dmean2: 5.23267762453e-10
        dvar: 1.58634332656e-19
        dvar2: 3.50777700227e-19
        max: -1.03559235839e-11
        mean: -9.26802412593e-10
        min: -3.20042747859e-09
        var: 3.61262343739e-19
    spectral_energy:
        dmean: 0.00154942029621
        dmean2: 0.00231675896794
        dvar: 3.5156267586e-06
        dvar2: 7.48415868657e-06
        max: 0.0157850440592
        mean: 0.00418632756919
        min: 4.61131312477e-05
        var: 7.81893049862e-06
    spectral_energyband_high:
        dmean: 0.000294206285616
        dmean2: 0.000451550411526
        dvar: 2.77129430515e-07
        dvar2: 6.52822734537e-07
        max: 0.00388833717443
        mean: 0.000542290217709
        min: 1.43256329466e-06
        var: 3.11777796469e-07
    spectral_energyband_low:
        dmean: 0.000176149740582
        dmean2: 0.000304507237161
        dvar: 4.21469081857e-08
        dvar2: 1.19268619869e-07
        max: 0.00137079285923
        mean: 0.000407807383453
        min: 3.23513017975e-06
        var: 5.98684266606e-08
    spectral_energyband_middle_high:
        dmean: 0.000799807487056
        dmean2: 0.00105712725781
        dvar: 1.16979879294e-06
        dvar2: 2.15766704059e-06
        max: 0.00916441623122
        mean: 0.0018635088345
        min: 2.42642340709e-06
        var: 3.18301908919e-06
    spectral_energyband_middle_low:
        dmean: 0.000756967812777
        dmean2: 0.00127937051002
        dvar: 8.53509845911e-07
        dvar2: 2.19893991016e-06
        max: 0.00939084403217
        mean: 0.00137271755375
        min: 1.37669630931e-05
        var: 1.4237416508e-06
    spectral_flatness_db:
        dmean: 0.0174277517945
        dmean2: 0.0273327566683
        dvar: 0.000290068623144
        dvar2: 0.000689216481987
        max: 0.313039153814
        mean: 0.138560399413
        min: 0.0843179896474
        var: 0.000698805961292
    spectral_flux:
        dmean: 0.00939034856856
        dmean2: 0.014188199304
        dvar: 0.000135084992507
        dvar2: 0.000281596439891
        max: 0.113548405468
        mean: 0.0430061370134
        min: 0.00453644897789
        var: 0.000282082415652
    spectral_kurtosis:
        dmean: 0.917419373989
        dmean2: 1.5247977972
        dvar: 1.22834134102
        dvar2: 2.74551677704
        max: 14.0178604126
        mean: 2.44394731522
        min: -0.0797319412231
        var: 1.77586817741
    spectral_rms:
        dmean: 0.000375822011847
        dmean2: 0.000552145706024
        dvar: 1.63815940368e-07
        dvar2: 3.41551896099e-07
        max: 0.00392428878695
        mean: 0.00190811371431
        min: 0.000212104743696
        var: 4.43325319566e-07
    spectral_rolloff:
        dmean: 610.691650391
        dmean2: 1017.02911377
        dvar: 646395.625
        dvar2: 1587802.5
        max: 5017.23632812
        mean: 3521.40380859
        min: 86.1328125
        var: 779138.6875
    spectral_skewness:
        dmean: 0.206834226847
        dmean2: 0.31195551157
        dvar: 0.0415538884699
        dvar2: 0.0922711268067
        max: 3.09496879578
        mean: 1.07809126377
        min: 0.339867681265
        var: 0.102208457887
    spectral_spread:
        dmean: 644078
        dmean2: 999523.375
        dvar: 471806050304
        dvar2: 1.05800715469e+12
        max: 12188007
        mean: 4933400
        min: 3227646.75
        var: 948200210432
    spectral_strongpeak:
        dmean: 0.392587453127
        dmean2: 0.684812366962
        dvar: 0.359405487776
        dvar2: 0.96579605341
        max: 4.50802612305
        mean: 0.496966004372
        min: 0.00532557396218
        var: 0.409947931767
    zerocrossingrate:
        dmean: 0.0130848018453
        dmean2: 0.0156989824027
        dvar: 0.00015884405002
        dvar2: 0.000218977846089
        max: 0.16455078125
        mean: 0.0977638736367
        min: 0.013671875
        var: 0.000533357204404
    barkbands:
        dmean: [3.41869935028e-07, 0.000110884815513, 0.000146068807226, 0.000185940749361, 0.00018777573132, 0.000123523845105, 0.000137903538416, 0.000181470182724, 0.000310148985591, 0.000101382938738, 9.49795430643e-05, 7.29467647034e-05, 6.82600730215e-05, 6.22504812782e-05, 0.000134919813718, 0.000113036447146, 0.000165173289133, 0.000172163621755, 0.000182671603397, 0.000211540405871, 0.000137820796226, 4.06004219258e-05, 9.41462712944e-06, 3.12990027851e-06, 5.91368632286e-07, 6.13853288201e-08, 3.57842977472e-10]
        dmean2: [5.36737104539e-07, 0.000169141916558, 0.000273259967798, 0.000333135423716, 0.000347705325112, 0.000208822704735, 0.000228426011745, 0.000284546520561, 0.000500531576108, 0.00015556839935, 0.000155737056048, 0.000110943685286, 0.000104015125544, 0.000100230630778, 0.000225853116717, 0.000175437089638, 0.000255320366705, 0.000258541549556, 0.000280077336356, 0.000335214717779, 0.000212976854527, 5.96887257416e-05, 1.47031714732e-05, 4.77969024359e-06, 7.74887780608e-07, 9.7985484615e-08, 5.41606037796e-10]
        dvar: [2.02908558553e-13, 1.2814879824e-08, 5.61596635862e-08, 7.26832070086e-08, 1.21540224995e-07, 3.35815855124e-08, 6.06224688227e-08, 1.16190470578e-07, 4.38841965433e-07, 5.97635008148e-08, 1.20131915082e-07, 4.62786147182e-08, 2.76950142819e-08, 2.24357030731e-08, 5.37077227136e-08, 4.1150816088e-08, 1.1040351211e-07, 8.39041334189e-08, 7.16572259307e-08, 1.15492589714e-07, 4.74003591933e-08, 4.34652891457e-09, 2.236094504e-10, 1.54730655372e-11, 1.17666293376e-12, 5.75280806743e-15, 2.385862063e-18]
        dvar2: [4.42150900311e-13, 2.66131738869e-08, 1.59913696507e-07, 2.06365257327e-07, 3.45367567434e-07, 9.23979044387e-08, 1.47189609834e-07, 2.89568419021e-07, 1.11258771085e-06, 1.53423940219e-07, 3.37675942319e-07, 1.04357454234e-07, 6.48375646506e-08, 5.75960470428e-08, 1.4301016904e-07, 9.04512944544e-08, 2.61226489329e-07, 1.79860066396e-07, 1.50046147951e-07, 2.66328640919e-07, 1.10169430911e-07, 9.53469392329e-09, 5.68162683567e-10, 3.2299513758e-11, 2.04302677206e-12, 1.24624321754e-14, 2.56301292414e-18]
        max: [3.55851466338e-06, 0.000967186060734, 0.00130985211581, 0.00186491885688, 0.00200161593966, 0.00161866564304, 0.0024309437722, 0.0030850074254, 0.00902326032519, 0.00370708620176, 0.00570122106001, 0.00399615243077, 0.00244596158154, 0.00200615031645, 0.00197849888355, 0.0021651124116, 0.00311904354021, 0.00238482095301, 0.0022906481754, 0.00279835332185, 0.00223091850057, 0.000558254192583, 0.000122223849758, 3.23717176798e-05, 1.42571570905e-05, 6.07583103829e-07, 3.17269979178e-08]
        mean: [4.6655199526e-07, 0.000284638081212, 0.000122710378491, 0.000171687570401, 0.000153197805048, 0.000170981598785, 0.000213288571103, 0.000246242212597, 0.000388815067708, 0.000149122890434, 0.000111599758384, 0.000113853857329, 0.000102964164398, 8.74502075021e-05, 0.000190700215171, 0.000171622086782, 0.000234888299019, 0.000278382620309, 0.000312787946314, 0.000353414594429, 0.000239987959503, 6.89658700139e-05, 1.32628683787e-05, 4.29575811722e-06, 9.41486177908e-07, 6.385933915e-08, 3.96859295426e-10]
        min: [1.48258488819e-10, 2.54789910059e-07, 1.68521012256e-06, 7.44837791444e-07, 1.27326177335e-06, 1.00242630197e-07, 7.50772414904e-07, 2.89510154516e-07, 3.17478622947e-07, 2.17953243009e-07, 1.27238863001e-07, 8.67113101322e-08, 8.04952833278e-08, 6.47764508699e-08, 1.58698426844e-07, 2.76769867469e-07, 1.01748682368e-07, 2.33316370668e-07, 2.82906455595e-07, 8.3159670794e-07, 3.7467972902e-07, 1.55217307451e-07, 3.8787760559e-08, 1.36113085247e-08, 3.64321306456e-09, 4.05777772494e-10, 1.79915186482e-12]
        var: [4.09345869918e-13, 3.02564480137e-08, 3.65849572859e-08, 5.58356560987e-08, 7.42593400105e-08, 5.52627987815e-08, 1.05619960777e-07, 1.63702367217e-07, 5.13530608259e-07, 7.0192776036e-08, 1.00246154489e-07, 8.00635220344e-08, 4.58459794572e-08, 2.7650511214e-08, 1.10400115716e-07, 6.2318086691e-08, 1.56867031365e-07, 1.32863547719e-07, 1.09098763801e-07, 1.49166936581e-07, 5.59143238377e-08, 6.23409146527e-09, 2.62030258602e-10, 2.78092496947e-11, 2.25351811864e-12, 7.55367380516e-15, 2.43236843178e-18]
    mfcc:
        mean: [-707.513122559, 97.5076370239, -36.6937065125, 65.0075302124, -22.0364685059, 2.95954632759, -1.46334588528, 4.28352832794, 7.33988618851, 8.63749408722, 1.46522140503, 4.39566278458, -1.39444184303]
        cov: [[3314.64599609, -196.1875, -491.980895996, -747.036682129, -197.34854126, -107.475532532, -226.843017578, 3.38649439812, 1.18811905384, -27.9233913422, -7.38551235199, -71.1691131592, -79.023109436], [-196.1875, 381.685546875, -60.7491035461, -143.725250244, -70.4484176636, -14.3438177109, 12.712439537, -6.16758966446, 3.48155403137, 10.6430463791, 45.1235466003, -21.8154201508, -7.56141424179], [-491.980895996, -60.7491035461, 395.858581543, 226.363937378, 49.8308601379, -48.9904670715, -54.7668838501, -23.4645690918, -45.3754043579, -18.5431747437, -26.7281036377, 5.38743591309, -8.99452018738], [-747.036682129, -143.725250244, 226.363937378, 510.130401611, 79.5783233643, -12.6143045425, 6.44455528259, -31.3760452271, 17.4170188904, -27.0791606903, -49.0151290894, 43.0962257385, 30.2620391846], [-197.34854126, -70.4484176636, 49.8308601379, 79.5783233643, 195.656921387, -20.6690216064, -28.1555480957, 20.9517707825, -9.87731742859, 0.364270150661, -36.9842643738, -9.13245296478, -9.02298736572], [-107.475532532, -14.3438177109, -48.9904670715, -12.6143045425, -20.6690216064, 195.288391113, 125.476608276, -22.1984481812, -42.3961791992, -6.40023374557, -7.27388048172, -4.59309673309, -16.9615287781], [-226.843017578, 12.712439537, -54.7668838501, 6.44455528259, -28.1555480957, 125.476608276, 174.491348267, 4.11466741562, -24.0795173645, -11.43998909, 1.9133733511, 8.93941497803, 6.644343853], [3.38649439812, -6.16758966446, -23.4645690918, -31.3760452271, 20.9517707825, -22.1984481812, 4.11466741562, 95.5882873535, 31.3552055359, -10.0995512009, -14.6739969254, -5.90714693069, 2.90944314003], [1.18811905384, 3.48155403137, -45.3754043579, 17.4170188904, -9.87731742859, -42.3961791992, -24.0795173645, 31.3552055359, 110.573883057, 21.4621772766, 21.6412601471, -1.62923383713, 14.2061319351], [-27.9233913422, 10.6430463791, -18.5431747437, -27.0791606903, 0.364270150661, -6.40023374557, -11.43998909, -10.0995512009, 21.4621772766, 67.3386535645, 17.9890060425, 8.67039680481, -0.729137837887], [-7.38551235199, 45.1235466003, -26.7281036377, -49.0151290894, -36.9842643738, -7.27388048172, 1.9133733511, -14.6739969254, 21.6412601471, 17.9890060425, 81.2475814819, 18.9216995239, 13.4227466583], [-71.1691131592, -21.8154201508, 5.38743591309, 43.0962257385, -9.13245296478, -4.59309673309, 8.93941497803, -5.90714693069, -1.62923383713, 8.67039680481, 18.9216995239, 63.4154968262, 31.3893756866], [-79.023109436, -7.56141424179, -8.99452018738, 30.2620391846, -9.02298736572, -16.9615287781, 6.644343853, 2.90944314003, 14.2061319351, -0.729137837887, 13.4227466583, 31.3893756866, 65.7149963379]]
        icov: [[0.00106374383904, 0.00130331236869, 0.000954688061029, 0.00152961933054, 0.00101651600562, 0.000459314498585, 0.00138363416772, 0.00089384499006, -0.000162113807164, 0.00138743442949, 0.0009004601161, -0.000352801347617, 0.00096909009153], [0.00130331236869, 0.00489908270538, 0.00118446210399, 0.00245359097607, 0.00197031279095, 0.00160417531151, 0.000764659140259, 0.00137409439776, 0.000124125988805, 0.00146633014083, -0.000274044607067, 0.00106846552808, 0.00124466919806], [0.000954688061029, 0.00118446210399, 0.00525708543137, -0.00109324522782, 0.00120419729501, 0.00118779146578, 0.0025700815022, -0.000154705936438, 0.00318942964077, 0.000736523594242, -0.000444711971795, 0.000936060154345, 0.00168862089049], [0.00152961933054, 0.00245359097607, -0.00109324522782, 0.0067163258791, 9.03051550267e-05, 0.000833232945297, 0.000329031900037, 0.00445159897208, -0.00428150035441, 0.00414990680292, 0.00436589913443, -0.00384049280547, 0.000790573714767], [0.00101651600562, 0.00197031279095, 0.00120419729501, 9.03051550267e-05, 0.00764247123152, 0.000686739163939, 0.00243125925772, -0.00159986817744, 0.00197337428108, -0.000576147576794, 0.00173662300222, 0.0013304942986, 0.00120069843251], [0.000459314498585, 0.00160417531151, 0.00118779146578, 0.000833232945297, 0.000686739163939, 0.0119078848511, -0.00763740204275, 0.00310651259497, 0.00178183079697, 4.4650359996e-06, 0.000941128935665, 0.000838444626424, 0.00334039144218], [0.00138363416772, 0.000764659140259, 0.0025700815022, 0.000329031900037, 0.00243125925772, -0.00763740204275, 0.014715757221, -0.0026832758449, 0.0019703314174, 0.0022029329557, -0.000320961757097, -0.000812081038021, -0.00100250635296], [0.00089384499006, 0.00137409439776, -0.000154705936438, 0.00445159897208, -0.00159986817744, 0.00310651259497, -0.0026832758449, 0.0168772581965, -0.00754233682528, 0.00549028301612, 0.0058853966184, -0.00284409406595, 0.00111581978854], [-0.000162113807164, 0.000124125988805, 0.00318942964077, -0.00428150035441, 0.00197337428108, 0.00178183079697, 0.0019703314174, -0.00754233682528, 0.0172977037728, -0.00624903524294, -0.00625686394051, 0.00631207413971, -0.00245263241231], [0.00138743442949, 0.00146633014083, 0.000736523594242, 0.00414990680292, -0.000576147576794, 4.4650359996e-06, 0.0022029329557, 0.00549028301612, -0.00624903524294, 0.0209004245698, 0.000489035388455, -0.00569073436782, 0.00368426879868], [0.0009004601161, -0.000274044607067, -0.000444711971795, 0.00436589913443, 0.00173662300222, 0.000941128935665, -0.000320961757097, 0.0058853966184, -0.00625686394051, 0.000489035388455, 0.0202515963465, -0.00735564809293, -3.18731290463e-05], [-0.000352801347617, 0.00106846552808, 0.000936060154345, -0.00384049280547, 0.0013304942986, 0.000838444626424, -0.000812081038021, -0.00284409406595, 0.00631207413971, -0.00569073436782, -0.00735564809293, 0.0266914069653, -0.0104721309617], [0.00096909009153, 0.00124466919806, 0.00168862089049, 0.000790573714767, 0.00120069843251, 0.00334039144218, -0.00100250635296, 0.00111581978854, -0.00245263241231, 0.00368426879868, -3.18731290463e-05, -0.0104721309617, 0.0230515543371]]
    spectral_contrast:
        mean: [-4.60518485568e-08, -1.198402515e-07, 3.79919100624e-07, -1.49288197804e-07, 2.68108550472e-07, 2.7727483598e-07, 1.69700365404e-06, 7.73892338657e-07, 8.19529304863e-07, -3.25032010551e-06, -2.28257431445e-06, -2.27270356845e-06]
        var: [0.000690171786118, 0.00113613682333, 0.00167598971166, 0.00220920983702, 0.00354106584564, 0.00619477313012, 0.0459801033139, 0.0688100382686, 0.144022926688, 0.213697627187, 0.255302965641, 1.80214166641]

rhythm:
    beats_loudness:
        dmean: 0.0036872017663
        dmean2: 0.00667486619204
        dvar: 6.04647857472e-06
        dvar2: 2.55357645074e-05
        max: 0.0110604288056
        mean: 0.00542557891458
        min: 0.00156815163791
        var: 7.9849460235e-06
    beats_loudness_bass:
        dmean: 0.112074032426
        dmean2: 0.213575556874
        dvar: 0.00691042235121
        dvar2: 0.020852426067
        max: 0.310424387455
        mean: 0.127530306578
        min: 0.0278926324099
        var: 0.00761787826195
    bpm: 131.960159302
    bpm_confidence: 0
    first_peak_bpm: 132
    first_peak_spread: 0
    first_peak_weight: 0.949999988079
    onset_rate: 4.49779701233
    second_peak_bpm: 71
    second_peak_spread: 0
    second_peak_weight: 0.0500000007451
    beats_position: [0.0701842159033, 0.524567127228, 0.978949964046, 1.43333292007, 1.88771593571, 2.34209895134, 2.79648184776, 3.25086474419, 3.70524764061, 4.15963029861, 4.61401319504, 5.06839609146, 5.52277851105, 6.37155056, 6.82646894455, 7.2813873291, 7.73630571365, 8.19122409821, 8.64614295959, 9.10106086731, 9.5559797287]
    bpm_estimates: [131.862075806, 131.869140625, 131.770401001, 133.550979614, 131.749832153, 131.501785278, 132.150634766, 131.883377075, 132.031982422, 132.079818726, 132.00668335, 132.043777466, 131.540084839, 131.401763916]
    bpm_intervals: [0.454382896423, 0.454382836819, 0.454382956028, 0.454383015633, 0.454383015633, 0.454382896423, 0.454382896423, 0.454382896423, 0.454382658005, 0.454382896423, 0.454382896423, 0.454382419586, 0.84877204895, 0.454918384552, 0.454918384552, 0.454918384552, 0.454918384552, 0.454918861389, 0.454917907715, 0.454918861389]
    onset_times: [0.0464399084449, 0.325079351664, 0.673378705978, 0.870748281479, 1.2190476656, 1.45124721527, 1.55573701859, 1.78793644905, 1.93886625767, 2.14784574509, 2.49614500999, 2.70512461662, 3.06503391266, 3.30884361267, 3.42494320869, 3.62231302261, 3.95900225639, 4.07510185242, 4.33052158356, 4.43501138687, 4.53950119019, 4.69043064117, 5.01551008224, 5.13160991669, 5.36380958557, 5.45668935776, 5.60761928558, 5.92108821869, 6.04879808426, 6.37387752533, 6.52480745316, 6.58285713196, 6.84988641739, 7.27945566177, 7.65097522736, 7.98766422272, 8.19664382935, 8.42884349823, 8.55655288696, 8.64943313599, 8.78875255585, 8.893242836, 9.11383247375, 9.4853515625, 9.82204055786]
    rubato_start: []
    rubato_stop: []
    perceptual_tempo: "unknown"

sfx:
    inharmonicity:
        dmean: 0.0486735552549
        dmean2: 0.0830588191748
        dvar: 0.00210904423147
        dvar2: 0.00574302999303
        max: 0.318847417831
        mean: 0.0602812618017
        min: 0
        var: 0.00267415400594
    oddtoevenharmonicenergyratio:
        dmean: 4.67959308624
        dmean2: 9.14263439178
        dvar: 477.700012207
        dvar2: 1426.61767578
        max: 278.652282715
        mean: 2.75843238831
        min: 0
        var: 244.741867065
    pitch_after_max_to_before_max_energy_ratio: 17.999250412
    pitch_centroid: 203.157119751
    pitch_max_to_total: 0.0580046400428
    pitch_min_to_total: 0.139211133122
    tristimulus:
        dmean: [0.198302298784, 0.269057631493, 0.169378548861]
        dmean2: [0.348296940327, 0.475208759308, 0.295701444149]
        dvar: [0.0280899684876, 0.0433441624045, 0.0215349458158]
        dvar2: [0.0831313952804, 0.13381908834, 0.0589005351067]
        max: [1, 0.957675635815, 0.820721447468]
        mean: [0.320429801941, 0.448112815619, 0.175072446465]
        min: [0.0305456761271, 0, 0]
        var: [0.0394068211317, 0.0557001940906, 0.0286616366357]

tonal:
    chords_changes_rate: 0.10599078238
    chords_number_rate: 0.0506912432611
    chords_strength:
        dmean: 0.015451326035
        dmean2: 0.0188702587038
        dvar: 0.000131208755192
        dvar2: 0.000242704118136
        max: 0.616256773472
        mean: 0.446867108345
        min: 0.277085155249
        var: 0.00545083126053
    key_strength: 0.502032518387
    tuning_diatonic_strength: 0.455854296684
    tuning_equal_tempered_deviation: 0.224679976702
    tuning_frequency: 445.112548828
    tuning_nontempered_energy_ratio: 0.878737390041
    hpcp:
        dmean: [0.168199986219, 0.151324003935, 0.131981179118, 0.139187142253, 0.168152734637, 0.201065942645, 0.242506682873, 0.216105237603, 0.190419569612, 0.193881094456, 0.195268526673, 0.187010273337, 0.202724590898, 0.213507428765, 0.219005033374, 0.200843751431, 0.18713581562, 0.226772680879, 0.254125833511, 0.255197554827, 0.315661609173, 0.265041857958, 0.214884787798, 0.186862528324, 0.175418764353, 0.174440398812, 0.182209670544, 0.172566279769, 0.16699950397, 0.159790232778, 0.161577403545, 0.14735853672, 0.126130506396, 0.119413763285, 0.134527131915, 0.162411153316]
        dmean2: [0.279175966978, 0.242395475507, 0.229817166924, 0.239461675286, 0.287931621075, 0.33113437891, 0.407369881868, 0.370044082403, 0.322849810123, 0.331844031811, 0.327144682407, 0.322603940964, 0.344907879829, 0.364372968674, 0.375878363848, 0.345316648483, 0.323978483677, 0.394551873207, 0.465377509594, 0.45163834095, 0.549147129059, 0.462837547064, 0.37422311306, 0.312918275595, 0.303585678339, 0.293509155512, 0.308974415064, 0.297907948494, 0.287362992764, 0.275589287281, 0.28804987669, 0.25839266181, 0.218832835555, 0.20801615715, 0.241488650441, 0.272482782602]
        dvar: [0.0354239605367, 0.0238700602204, 0.0299058407545, 0.0323486849666, 0.0353726372123, 0.0404741689563, 0.053573872894, 0.0426681675017, 0.0470915473998, 0.0491431206465, 0.044335398823, 0.0388249717653, 0.0426537655294, 0.0552051775157, 0.0506045483053, 0.0408988893032, 0.0409447848797, 0.0545620024204, 0.0733565464616, 0.0630774572492, 0.090284653008, 0.0592949576676, 0.0501883998513, 0.0443290881813, 0.0410698577762, 0.040140029043, 0.0461251959205, 0.0338296629488, 0.035100068897, 0.0303909387439, 0.033066637814, 0.0270141027868, 0.0197481513023, 0.0159674435854, 0.0256834793836, 0.0344040095806]
        dvar2: [0.0905344039202, 0.0571467094123, 0.0804591700435, 0.0754817575216, 0.0895840153098, 0.0940159633756, 0.139349415898, 0.113407537341, 0.131704136729, 0.124368406832, 0.127293854952, 0.112515546381, 0.112430565059, 0.154059022665, 0.122466407716, 0.100514382124, 0.0945372581482, 0.145318761468, 0.191039070487, 0.161837875843, 0.25877815485, 0.168864071369, 0.135443285108, 0.101976104081, 0.0945391654968, 0.0982431620359, 0.129833102226, 0.0898129940033, 0.0958961769938, 0.0889593437314, 0.0963615253568, 0.0774156674743, 0.0517473295331, 0.0407487414777, 0.0693544149399, 0.0866184309125]
        max: [1, 1, 1, 1, 1, 1, 1, 1, 1, 1, 1, 1, 1, 1, 1, 1, 1, 1, 1, 1, 1, 1, 1, 1, 1, 1, 1, 1, 1, 1, 1, 0.979407548904, 1, 0.742572128773, 0.795474350452, 1]
        mean: [0.301109373569, 0.247943520546, 0.169299721718, 0.161279991269, 0.206657275558, 0.283129155636, 0.325844049454, 0.281495094299, 0.24066875875, 0.258658379316, 0.270271807909, 0.257322102785, 0.257495939732, 0.278436839581, 0.29564639926, 0.285599857569, 0.266071945429, 0.256339281797, 0.266953110695, 0.332412064075, 0.389475077391, 0.332101941109, 0.261981993914, 0.238673657179, 0.216549575329, 0.205906733871, 0.214704066515, 0.226179853082, 0.211971744895, 0.195794016123, 0.191130280495, 0.178259834647, 0.158068925142, 0.143570005894, 0.159363597631, 0.240161135793]
        min: [0.0175436511636, 0.00718257157132, 0.00542104570195, 0.00519628217444, 0.0132435187697, 0.0141731454059, 0.0194264706224, 0.0192214772105, 0.01288754493, 0.00687927007675, 0.0151824699715, 0.0216571725905, 0.0113663161173, 0.00750029971823, 0.00292486138642, 0.00406047143042, 0.0127724288031, 0.0102325370535, 0.00325903040357, 0.001873976551, 0.00178494455758, 0.00736478483304, 0.00506400084123, 0.00188036030158, 0.0011743750656, 0.000573249941226, 0.00050432048738, 0.0026471321471, 0.0069196075201, 0.00887349061668, 0.00610968656838, 0.00361612509005, 0.00275137647986, 0.0039913803339, 0.00585504528135, 0.0112033793703]
        var: [0.0778390914202, 0.0511719584465, 0.0322222411633, 0.0406872183084, 0.0465917997062, 0.0616748556495, 0.0720375701785, 0.0530562475324, 0.0510774999857, 0.0648529529572, 0.0708771422505, 0.0530516766012, 0.0516472272575, 0.0642197281122, 0.0726403594017, 0.064630754292, 0.0635791048408, 0.0628162696958, 0.081917360425, 0.0992197319865, 0.117331728339, 0.0792564377189, 0.0585799776018, 0.0692424029112, 0.0668181180954, 0.058056268841, 0.0569372363389, 0.0541738905013, 0.0441450364888, 0.0346001647413, 0.0339909382164, 0.028337161988, 0.0207787975669, 0.0170778054744, 0.0262843258679, 0.0598352923989]
    chords_histogram: [5.99078321457, 11.9815664291, 0.460829496384, 0, 0, 17.5115203857, 0, 0, 6.45161294937, 7.37327194214, 9.21658992767, 0, 0, 0, 0, 3.68663597107, 0, 8.29493045807, 0, 0, 3.68663597107, 8.29493045807, 17.0506916046, 0]
    thpcp: [1, 0.852691113949, 0.672654092312, 0.612808525562, 0.556003689766, 0.528677582741, 0.551265239716, 0.580729961395, 0.54424983263, 0.502712547779, 0.490738153458, 0.457692533731, 0.405851185322, 0.368624359369, 0.409175336361, 0.616627752781, 0.773115873337, 0.636609435081, 0.434686928988, 0.414095789194, 0.530604600906, 0.726950645447, 0.836623609066, 0.722755074501, 0.617931067944, 0.664120495319, 0.693938672543, 0.660689532757, 0.661135852337, 0.714902818203, 0.759089410305, 0.733294308186, 0.683155238628, 0.658166050911, 0.685417711735, 0.853487372398]
    chords_key: "A"
    chords_scale: "major"
    key_key: "E"
    key_scale: "minor"
    chords_progression: ["D#", "D#", "D#", "D#", "D#", "D#", "D#", "D#", "D#", "D#", "D#", "D#", "D#", "D#", "D#", "D#", "D#", "D#", "G#", "G#", "G#", "A", "A", "A", "A", "A", "A", "A", "A", "A", "A", "A", "A", "A", "A", "A", "A", "A", "A", "A", "A", "A", "A", "A", "A", "A", "A", "A", "A", "A", "A", "A", "A", "A", "A", "A", "A", "Am", "A", "A", "Am", "Am", "Am", "Am", "Am", "Am", "Am", "Am", "Am", "Am", "Am", "Am", "Am", "Am", "G#", "G#", "G#", "G#", "G#", "G#m", "G#m", "G#m", "G#m", "G#m", "G#m", "B", "B", "B", "B", "B", "B", "B", "B", "B", "B", "B", "B", "B", "B", "B", "B", "D#m", "D#m", "D#m", "D#m", "D#m", "D#m", "D#m", "D#m", "D#m", "D#m", "D#m", "D#m", "D#m", "D#m", "D#m", "D#m", "D#m", "D#m", "D#m", "D#m", "G#m", "G#m", "G#m", "Am", "Am", "Am", "Am", "Am", "Am", "Am", "Am", "Am", "Am", "Am", "Am", "Am", "Am", "Am", "Am", "Am", "Am", "F", "F", "F", "F", "F", "F", "F", "F", "F", "F", "F", "F", "F", "F", "F", "F", "F", "F", "Am", "Am", "Am", "G#m", "Am", "G#m", "G#m", "G#m", "G#m", "Em", "Em", "Em", "Em", "Em", "Em", "Em", "Em", "Em", "Em", "Em", "Em", "Em", "G", "G", "G", "G", "G", "G", "G", "G", "G", "G", "G", "G", "G", "Bm", "G", "G", "G", "G", "G", "G", "G", "G", "G", "G", "G", "G", "Dm", "G", "Dm", "Dm", "Dm", "Dm", "Dm", "Dm", "Dm"]
