
metadata:
    version:
        essentia: "1.2.2"
    audio_properties:
        analysis_sample_rate: 44100
        bitrate: 128
        channels: 2
        equal_loudness: 1
        length: 10.0048980713
        replay_gain: -8.12970924377
        downmix: "mix"
    tags:
        track: 20
        year: 0
        album: "Splitted by Mp3Splt v. 2.1"
        artist: "From 003.10 To 003.20"
        comment: "http://mp3splt.sf.net"
        genre: ""
        title: "02 Babyface.mp3"

highlevel:
    ballroom:
        all:
            ChaChaCha: 0.0769054964185
            Jive: 0.458559036255
            Quickstep: 0.0766538903117
            Rumba-American: 0.00334334978834
            Rumba-International: 0.0252653006464
            Rumba-Misc: 0.0206487253308
            Samba: 0.217810124159
            Tango: 0.0117452610284
            VienneseWaltz: 0.0972672402859
            Waltz: 0.0118015874177
        probability: 0.458559036255
        value: "Jive"
    culture:
        all:
            non_western: 0.425103574991
            western: 0.574896395206
        probability: 0.574896395206
        value: "western"
    gender:
        all:
            female: 0.596555709839
            male: 0.403444260359
        probability: 0.596555709839
        value: "female"
    genre_dortmund:
        all:
            alternative: 0.182444319129
            blues: 0.00851484388113
            electronic: 0.00947359483689
            folkcountry: 0.0405481755733
            funksoulrnb: 0.00569496257231
            jazz: 0.0575500279665
            pop: 0.0682235956192
            raphiphop: 0.0106319729239
            rock: 0.616918504238
        probability: 0.616918504238
        value: "rock"
    genre_electronica:
        all:
            ambient: 0.142687469721
            dnb: 0.72810035944
            house: 0.0219963863492
            techno: 0.0250947363675
            trance: 0.0821210369468
        probability: 0.72810035944
        value: "dnb"
    genre_rosamerica:
        all:
            cla: 0.0067996494472
            dan: 0.039493650198
            hip: 0.00838424824178
            jaz: 0.00796233955771
            pop: 0.0216604303569
            rhy: 0.0160047262907
            roc: 0.897137105465
            spe: 0.00255786324851
        probability: 0.897137105465
        value: "roc"
    genre_tzanetakis:
        all:
            blu: 0.0169439427555
            cla: 0.0131093570963
            cou: 0.112210668623
            dis: 0.0652324259281
            hip: 0.0509532615542
            jaz: 0.106809705496
            met: 0.140518292785
            pop: 0.189010545611
            reg: 0.0328104160726
            roc: 0.272401362658
        probability: 0.272401362658
        value: "roc"
    live_studio:
        all:
            live: 0.873170793056
            studio: 0.126829192042
        probability: 0.873170793056
        value: "live"
    mood:
        all:
            Cluster1: 0.40561273694
            Cluster2: 0.0670953691006
            Cluster3: 0.0620131716132
            Cluster4: 0.0544788055122
            Cluster5: 0.410799920559
        probability: 0.410799920559
        value: "Cluster5"
    mood_acoustic:
        all:
            acoustic: 0.0558962449431
            not_acoustic: 0.944103777409
        probability: 0.944103777409
        value: "not_acoustic"
    mood_aggressive:
        all:
            aggressive: 0.945378184319
            not_aggressive: 0.054621797055
        probability: 0.945378184319
        value: "aggressive"
    mood_electronic:
        all:
            electronic: 0.722028255463
            not_electronic: 0.277971744537
        probability: 0.722028255463
        value: "electronic"
    mood_happy:
        all:
            happy: 0.832995057106
            not_happy: 0.167004957795
        probability: 0.832995057106
        value: "happy"
    mood_party:
        all:
            not_party: 0.47650668025
            party: 0.523493289948
        probability: 0.523493289948
        value: "party"
    mood_relaxed:
        all:
            not_relaxed: 0.744284391403
            relaxed: 0.255715638399
        probability: 0.744284391403
        value: "not_relaxed"
    mood_sad:
        all:
            not_sad: 0.666091620922
            sad: 0.333908349276
        probability: 0.666091620922
        value: "not_sad"
    rhythm:
        all:
            fast: 0.13919134438
            medium: 0.610783338547
            slow: 0.250025302172
        probability: 0.610783338547
        value: "medium"
    speech_music:
        all:
            music: 0.999318122864
            speech: 0.000681882316712
        probability: 0.999318122864
        value: "music"
    timbre:
        all:
            bright: 0.0316744819283
            dark: 0.96832549572
        probability: 0.96832549572
        value: "dark"
    voice_instrumental:
        all:
            instrumental: 0.109683729708
            voice: 0.89031624794
        probability: 0.89031624794
        value: "voice"

lowlevel:
    average_loudness: 0.979564726353
    barkbands_kurtosis:
        dmean: 0.691697061062
        dmean2: 1.17390871048
        dvar: 0.917444884777
        dvar2: 2.67732310295
        max: 9.05683517456
        mean: -0.544266283512
        min: -1.72966194153
        var: 1.38240242004
    barkbands_skewness:
        dmean: 0.325036585331
        dmean2: 0.544188439846
        dvar: 0.0974553376436
        dvar2: 0.286326497793
        max: 2.64092183113
        mean: 0.777126610279
        min: -0.466920465231
        var: 0.230596289039
    barkbands_spread:
        dmean: 4.59944629669
        dmean2: 7.46345949173
        dvar: 15.9479637146
        dvar2: 41.6500320435
        max: 51.6885261536
        mean: 33.7723083496
        min: 7.64962244034
        var: 55.0146102905
    dissonance:
        dmean: 0.0163843482733
        dmean2: 0.0283323694021
        dvar: 0.000183348354767
        dvar2: 0.000493569532409
        max: 0.494668632746
        mean: 0.463379263878
        min: 0.386175304651
        var: 0.000324482942233
    hfc:
        dmean: 1.08462715149
        dmean2: 1.47875666618
        dvar: 1.68847203255
        dvar2: 3.519333601
        max: 15.4938402176
        mean: 5.46427345276
        min: 7.09971027391e-06
        var: 5.06618404388
    pitch:
        dmean: 588.806213379
        dmean2: 1144.52722168
        dvar: 1419229
        dvar2: 3735105
        max: 4410
        mean: 647.447998047
        min: 70.7865142822
        var: 1298195.25
    pitch_instantaneous_confidence:
        dmean: 0.0703804939985
        dmean2: 0.112683676183
        dvar: 0.00261708139442
        dvar2: 0.00710712606087
        max: 0.621762037277
        mean: 0.330858081579
        min: 0.154423594475
        var: 0.00777209317312
    pitch_salience:
        dmean: 0.0563708357513
        dmean2: 0.0933856740594
        dvar: 0.00236641475931
        dvar2: 0.00603100471199
        max: 0.973568499088
        mean: 0.629822790623
        min: 0.430572241545
        var: 0.00405374076217
    silence_rate_20dB:
        dmean: 0
        dmean2: 0
        dvar: 0
        dvar2: 0
        max: 1
        mean: 1
        min: 1
        var: 0
    silence_rate_30dB:
        dmean: 0
        dmean2: 0
        dvar: 0
        dvar2: 0
        max: 1
        mean: 1
        min: 1
        var: 0
    silence_rate_60dB:
        dmean: 0.0928074270487
        dmean2: 0.186046510935
        dvar: 0.0841944515705
        dvar2: 0.170038282871
        max: 1
        mean: 0.185185179114
        min: 0
        var: 0.150891900063
    spectral_centroid:
        dmean: 199.031921387
        dmean2: 334.102294922
        dvar: 36149.9960938
        dvar2: 103699.9375
        max: 2074.92919922
        mean: 1125.20422363
        min: 477.881347656
        var: 77347.109375
    spectral_complexity:
        dmean: 2.79302334785
        dmean2: 4.14452219009
        dvar: 6.82925653458
        dvar2: 15.1260137558
        max: 32
        mean: 13.7563800812
        min: 0
        var: 23.641368866
    spectral_crest:
        dmean: 1.7133462429
        dmean2: 2.99064874649
        dvar: 2.69106030464
        dvar2: 7.52013397217
        max: 14.2622213364
        mean: 6.68469190598
        min: 3.05366110802
        var: 4.0783495903
    spectral_decrease:
        dmean: 3.22317283974e-10
        dmean2: 5.08703967839e-10
        dvar: 1.37962934052e-19
        dvar2: 3.31689163424e-19
        max: -8.74270562223e-16
        mean: -1.21085141913e-09
        min: -3.77758757608e-09
        var: 3.19720144304e-19
    spectral_energy:
        dmean: 0.00128025538288
        dmean2: 0.00200635846704
        dvar: 2.19655794353e-06
        dvar2: 5.16343106938e-06
        max: 0.0151219405234
        mean: 0.00506565719843
        min: 3.94366228562e-09
        var: 5.27215206603e-06
    spectral_energyband_high:
        dmean: 8.36800900288e-05
        dmean2: 0.000129350781208
        dvar: 1.31148540916e-08
        dvar2: 2.99799722825e-08
        max: 0.00141893932596
        mean: 0.000221760070417
        min: 6.17398576708e-10
        var: 2.84745063084e-08
    spectral_energyband_low:
        dmean: 0.000436359492596
        dmean2: 0.000763284508139
        dvar: 4.16112669654e-07
        dvar2: 1.16053604415e-06
        max: 0.00670098979026
        mean: 0.000789026729763
        min: 1.64537702907e-10
        var: 4.90705076572e-07
    spectral_energyband_middle_high:
        dmean: 0.000307533860905
        dmean2: 0.00043780906708
        dvar: 8.1464207824e-08
        dvar2: 1.77935277179e-07
        max: 0.00326391914859
        mean: 0.00140284711961
        min: 1.63896929362e-09
        var: 3.39797395554e-07
    spectral_energyband_middle_low:
        dmean: 0.00095144205261
        dmean2: 0.00154957757331
        dvar: 1.22925484902e-06
        dvar2: 3.04812397189e-06
        max: 0.011741344817
        mean: 0.00265199202113
        min: 1.50193235626e-09
        var: 2.67447012448e-06
    spectral_flatness_db:
        dmean: 0.0141449393705
        dmean2: 0.0225144606084
        dvar: 0.000166209196323
        dvar2: 0.000436525908299
        max: 0.224551036954
        mean: 0.152537629008
        min: 0.0458064638078
        var: 0.000533845915925
    spectral_flux:
        dmean: 0.00725495349616
        dmean2: 0.0108337495476
        dvar: 6.95453563822e-05
        dvar2: 0.000127669569338
        max: 0.0893172845244
        mean: 0.038464885205
        min: 6.27985864412e-05
        var: 0.000158013470354
    spectral_kurtosis:
        dmean: 1.15128469467
        dmean2: 1.96442592144
        dvar: 1.14521872997
        dvar2: 3.22713780403
        max: 9.70294475555
        mean: 3.71045732498
        min: 0.885503292084
        var: 2.31234812737
    spectral_rms:
        dmean: 0.000277378392639
        dmean2: 0.000427202932769
        dvar: 8.87232616265e-08
        dvar2: 1.97174031769e-07
        max: 0.00384097802453
        mean: 0.00216665840708
        min: 1.96149812837e-06
        var: 2.47697641953e-07
    spectral_rolloff:
        dmean: 487.151062012
        dmean2: 831.111083984
        dvar: 274578.75
        dvar2: 719708.6875
        max: 4069.77539062
        mean: 2697.34448242
        min: 387.59765625
        var: 526099.875
    spectral_skewness:
        dmean: 0.160748243332
        dmean2: 0.269538134336
        dvar: 0.0200935099274
        dvar2: 0.0497380234301
        max: 2.28560566902
        mean: 1.40143728256
        min: 0.870012760162
        var: 0.0496864765882
    spectral_spread:
        dmean: 454403.34375
        dmean2: 585504.1875
        dvar: 445041147904
        dvar2: 620183224320
        max: 15340297
        mean: 4366918.5
        min: 2431654
        var: 1.69160736768e+12
    spectral_strongpeak:
        dmean: 0.205367326736
        dmean2: 0.366073817015
        dvar: 0.1046262905
        dvar2: 0.304363965988
        max: 2.69442772865
        mean: 0.320234119892
        min: 0
        var: 0.0921379774809
    zerocrossingrate:
        dmean: 0.00702670775354
        dmean2: 0.00923067796975
        dvar: 3.64948427887e-05
        dvar2: 6.47937631584e-05
        max: 0.12548828125
        mean: 0.0766907483339
        min: 0.037109375
        var: 0.000173695443664
    barkbands:
        dmean: [2.88518151592e-07, 0.000117288858746, 0.00037534191506, 0.00030361636891, 0.000346633139998, 0.000277557905065, 0.000203944160603, 0.000182799980394, 0.000255108461715, 9.54953284236e-05, 4.7704881581e-05, 2.93920493277e-05, 4.4310309022e-05, 2.82367000182e-05, 2.35699953919e-05, 5.02954389958e-05, 0.000107450352516, 8.94683762453e-05, 9.450615471e-05, 9.58959790296e-05, 3.08346461679e-05, 1.13404303193e-05, 2.98936947729e-06, 8.50966785038e-07, 4.29000749591e-07, 4.68686316424e-08, 2.51014625752e-10]
        dmean2: [4.36997510178e-07, 0.000201998249395, 0.000666237086989, 0.000527041323949, 0.000597288424615, 0.000458221853478, 0.000325001339661, 0.000297502876492, 0.000404811115004, 0.000145445548696, 7.68957324908e-05, 4.58312824776e-05, 6.69678120175e-05, 4.54325381725e-05, 3.94784510718e-05, 8.49010612001e-05, 0.000176312794792, 0.000147916172864, 0.000153679793584, 0.00014586134057, 5.13452323503e-05, 1.56915393745e-05, 4.58343129139e-06, 1.25384485727e-06, 5.88078307828e-07, 7.33912770556e-08, 4.119045105e-10]
        dvar: [2.68608833093e-12, 2.58802703712e-08, 3.35772455173e-07, 1.55565018645e-07, 1.92684126432e-07, 1.75208541009e-07, 1.94792860952e-07, 7.75176047796e-08, 1.61731705361e-07, 1.75781131873e-08, 3.22301807465e-09, 1.0658188776e-09, 2.78914602525e-09, 1.64127333946e-09, 6.32236374365e-10, 3.44411721365e-09, 1.72978822377e-08, 6.64693144969e-09, 7.47405959345e-09, 1.04543458335e-08, 2.16964757271e-09, 2.83737866535e-10, 2.93783504468e-11, 1.37191408407e-12, 3.82844336745e-13, 1.08779757324e-14, 1.90240208513e-18]
        dvar2: [3.09542344014e-12, 6.64903723191e-08, 9.79241121968e-07, 4.42178560434e-07, 5.53409108761e-07, 4.42596501671e-07, 5.15737212936e-07, 1.93670018689e-07, 4.12350544821e-07, 3.82721090375e-08, 8.21492829317e-09, 2.94452484617e-09, 6.72012756553e-09, 3.85128373637e-09, 1.62438473783e-09, 9.50856104964e-09, 4.43562271357e-08, 1.8052318751e-08, 1.99540419743e-08, 2.21515232823e-08, 5.80292214281e-09, 5.90516802124e-10, 6.62473756408e-11, 2.96728809059e-12, 7.4978857758e-13, 2.80846428334e-14, 2.06698476404e-18]
        max: [3.26117842633e-05, 0.00139633915387, 0.00621384568512, 0.00297617213801, 0.00326819787733, 0.00397734949365, 0.00613509211689, 0.00235299021006, 0.00401874026284, 0.00146920862608, 0.00079094292596, 0.000325038388837, 0.000504459312651, 0.000405835453421, 0.000220290428842, 0.000520702684298, 0.00178908067755, 0.000848654250149, 0.000841348839458, 0.00118428049609, 0.000451450323453, 0.00019110107678, 4.92946164741e-05, 1.18734224088e-05, 7.20802745491e-06, 9.29138025185e-07, 2.82792775863e-08]
        mean: [2.65714220404e-07, 0.000166586309206, 0.000622213236056, 0.000433130888268, 0.000664707098622, 0.000512802274898, 0.000338848767569, 0.000297788734315, 0.000388469226891, 0.000160463212524, 8.14639643067e-05, 5.72641947656e-05, 8.06634488981e-05, 4.82181385451e-05, 4.7330831876e-05, 0.00010717810801, 0.000242137612076, 0.000217273453018, 0.000244118433329, 0.000249842792982, 7.28972081561e-05, 2.39371074713e-05, 5.27442716702e-06, 1.84836937933e-06, 8.78400612692e-07, 6.16769568751e-08, 2.13703721386e-10]
        min: [4.04237407436e-11, 7.74343505983e-11, 6.65274016431e-11, 7.38258620903e-11, 2.1000105821e-10, 2.43092684871e-10, 2.28333726926e-10, 2.39595288054e-10, 4.45939035698e-10, 3.37223221569e-10, 1.54741053304e-10, 7.19067722033e-11, 5.02206540243e-11, 4.05213015919e-11, 2.21242552056e-10, 3.27874921657e-10, 7.75292330335e-11, 1.34627420323e-10, 2.51062226564e-10, 2.71255712336e-10, 2.11725692534e-10, 1.35439701121e-10, 9.51590022058e-12, 1.16651150545e-11, 5.62936936649e-12, 2.89233957965e-12, 1.36535891981e-14]
        var: [2.63615735144e-12, 3.04100638004e-08, 4.1528559791e-07, 1.67806575746e-07, 2.54620942997e-07, 4.23382516601e-07, 2.71578301181e-07, 1.5927712127e-07, 2.47514691409e-07, 3.78772746501e-08, 7.20524218067e-09, 1.97019001114e-09, 5.59530599631e-09, 3.11342085446e-09, 1.20836307627e-09, 6.59176979667e-09, 3.9741227198e-08, 1.7611245795e-08, 1.67640674675e-08, 2.64032529174e-08, 5.30275823252e-09, 6.49483633541e-10, 4.12485462453e-11, 4.74846594337e-12, 1.29069129516e-12, 1.05342734793e-14, 1.89472067916e-18]
    mfcc:
        mean: [-703.563781738, 133.326034546, -40.672870636, 63.2439422607, -15.8274297714, -10.3924074173, 0.999950170517, 2.3968808651, -1.58600306511, -1.11340379715, -6.90430879593, -1.75238156319, -5.41418075562]
        cov: [[2157.48730469, -274.231628418, 206.321868896, -115.953704834, -73.6804656982, 60.2292137146, -67.8151016235, 49.5215072632, -3.08133411407, 35.2675209045, 37.995300293, -9.32383918762, -52.5927085876], [-274.231628418, 509.068481445, -245.958877563, 129.261749268, -58.4757537842, -107.945220947, -16.4772567749, -4.27176046371, -41.6245689392, 34.0552749634, -6.03852415085, 11.5565881729, 49.4337692261], [206.321868896, -245.958877563, 308.534759521, -67.6178894043, 46.7751846313, 41.2724876404, -31.9092121124, -30.035112381, -1.87043845654, -10.7894248962, 28.9575157166, 9.23484611511, -11.1104001999], [-115.953704834, 129.261749268, -67.6178894043, 108.55355835, 16.5140037537, -13.6886138916, 2.72713303566, 5.84301805496, -3.77893185616, -4.02102470398, -14.2108402252, -1.79406416416, 19.0981464386], [-73.6804656982, -58.4757537842, 46.7751846313, 16.5140037537, 112.323181152, 14.2349176407, 17.1031303406, -13.7131214142, 1.54913115501, -19.410118103, -5.13531351089, -4.1601934433, 1.76372241974], [60.2292137146, -107.945220947, 41.2724876404, -13.6886138916, 14.2349176407, 94.4479751587, 35.7576065063, 11.6631755829, 6.40784978867, -19.0583705902, 3.81554937363, -7.68040990829, -23.9708385468], [-67.8151016235, -16.4772567749, -31.9092121124, 2.72713303566, 17.1031303406, 35.7576065063, 95.7133331299, 27.9791984558, 19.7628135681, -23.6083660126, -17.3406028748, -9.81894397736, -17.6238708496], [49.5215072632, -4.27176046371, -30.035112381, 5.84301805496, -13.7131214142, 11.6631755829, 27.9791984558, 71.1704177856, 31.0615673065, -5.68314743042, -23.7924842834, -14.5661382675, -12.0026741028], [-3.08133411407, -41.6245689392, -1.87043845654, -3.77893185616, 1.54913115501, 6.40784978867, 19.7628135681, 31.0615673065, 70.5719985962, 4.68902301788, -7.01640415192, -9.92171955109, -14.5596189499], [35.2675209045, 34.0552749634, -10.7894248962, -4.02102470398, -19.410118103, -19.0583705902, -23.6083660126, -5.68314743042, 4.68902301788, 59.8761444092, 19.7857208252, 4.95971775055, -3.95522499084], [37.995300293, -6.03852415085, 28.9575157166, -14.2108402252, -5.13531351089, 3.81554937363, -17.3406028748, -23.7924842834, -7.01640415192, 19.7857208252, 57.9415893555, 19.2104167938, -0.0627308264375], [-9.32383918762, 11.5565881729, 9.23484611511, -1.79406416416, -4.1601934433, -7.68040990829, -9.81894397736, -14.5661382675, -9.92171955109, 4.95971775055, 19.2104167938, 47.6027488708, 15.7629117966], [-52.5927085876, 49.4337692261, -11.1104001999, 19.0981464386, 1.76372241974, -23.9708385468, -17.6238708496, -12.0026741028, -14.5596189499, -3.95522499084, -0.0627308264375, 15.7629117966, 51.2298202515]]
        icov: [[0.000585979956668, 0.000222122325795, -0.000243916627369, 9.88437313936e-05, 0.000366867810953, -0.000116699957289, 0.000439461349742, -0.000837654632051, 0.000463641685201, -0.000270553835435, -0.000274205463938, 0.00010802167526, 0.000262484973064], [0.000222122325795, 0.00653521995991, 0.00276811257936, -0.00553068239242, 0.00237107393332, 0.00478212209418, -0.00141321658157, -0.000320675171679, 0.00343617191538, -0.00173554720823, -0.00197411794215, 0.000355432508513, -0.00109048339073], [-0.000243916627369, 0.00276811257936, 0.00649597775191, 0.000491808867082, -0.00167030817829, -7.20647076378e-05, 0.0021302527748, 0.000975197996013, 0.000463116361061, 0.00071842642501, -0.00180347380228, -0.000509509409312, -0.000369254878024], [9.88437313936e-05, -0.00553068239242, 0.000491808867082, 0.0172403808683, -0.00510835507885, -0.00455592758954, 0.0025279505644, -0.00129449029919, -0.00232284073718, 0.00119806511793, 0.00267997896299, 0.000121201010188, -0.00287337251939], [0.000366867810953, 0.00237107393332, -0.00167030817829, -0.00510835507885, 0.0128293847665, 0.00151438394096, -0.00326737901196, 0.00339097995311, 7.83034702181e-05, 0.00124160188716, 0.000149809609866, 0.00143331568688, -0.000754572916776], [-0.000116699957289, 0.00478212209418, -7.20647076378e-05, -0.00455592758954, 0.00151438394096, 0.0195975545794, -0.00631438288838, -0.00189464876894, 0.00372929032892, 0.00270129065029, -0.00520519400015, 0.00123215955682, 0.00433301692829], [0.000439461349742, -0.00141321658157, 0.0021302527748, 0.0025279505644, -0.00326737901196, -0.00631438288838, 0.0178030095994, -0.00382412830368, -0.002895450918, 0.00477910647169, 0.00158446864225, -0.00168623263016, 0.00378777179867], [-0.000837654632051, -0.000320675171679, 0.000975197996013, -0.00129449029919, 0.00339097995311, -0.00189464876894, -0.00382412830368, 0.0242847390473, -0.00875475537032, 0.000235761268414, 0.00741048855707, 0.00124696909916, 0.000669907545671], [0.000463641685201, 0.00343617191538, 0.000463116361061, -0.00232284073718, 7.83034702181e-05, 0.00372929032892, -0.002895450918, -0.00875475537032, 0.0211238190532, -0.00404225755483, -0.00194570922758, 0.00132434430998, 0.00210315617733], [-0.000270553835435, -0.00173554720823, 0.00071842642501, 0.00119806511793, 0.00124160188716, 0.00270129065029, 0.00477910647169, 0.000235761268414, -0.00404225755483, 0.0242981165648, -0.0073535903357, -0.000112802255899, 0.00477949623019], [-0.000274205463938, -0.00197411794215, -0.00180347380228, 0.00267997896299, 0.000149809609866, -0.00520519400015, 0.00158446864225, 0.00741048855707, -0.00194570922758, -0.0073535903357, 0.0278593394905, -0.00879926979542, 0.00169463537168], [0.00010802167526, 0.000355432508513, -0.000509509409312, 0.000121201010188, 0.00143331568688, 0.00123215955682, -0.00168623263016, 0.00124696909916, 0.00132434430998, -0.000112802255899, -0.00879926979542, 0.0280288346112, -0.00841580331326], [0.000262484973064, -0.00109048339073, -0.000369254878024, -0.00287337251939, -0.000754572916776, 0.00433301692829, 0.00378777179867, 0.000669907545671, 0.00210315617733, 0.00477949623019, 0.00169463537168, -0.00841580331326, 0.0289043914527]]
    spectral_contrast:
        mean: [2.0217478891e-07, 2.00651399496e-07, -5.01228747396e-08, 6.61390302525e-08, -1.97086009734e-07, -1.0079892121e-07, -2.25909911933e-06, -4.7888388508e-06, 1.29904594814e-06, 3.96834184357e-06, -9.40398081184e-07, 2.06887580134e-06]
        var: [0.000345100153936, 0.000483623414766, 0.000787395809311, 0.00179755478166, 0.00230263639241, 0.00454615661874, 0.0374025031924, 0.0612331628799, 0.126664251089, 0.264130860567, 0.367774128914, 1.06666469574]

rhythm:
    beats_loudness:
        dmean: 0.00276202009991
        dmean2: 0.00502312416211
        dvar: 3.19804485116e-06
        dvar2: 1.10728160507e-05
        max: 0.0123026026413
        mean: 0.00824916735291
        min: 0.00446147006005
        var: 4.79463687952e-06
    beats_loudness_bass:
        dmean: 0.237920343876
        dmean2: 0.454479157925
        dvar: 0.0171690043062
        dvar2: 0.0525248125196
        max: 0.651886463165
        mean: 0.297981232405
        min: 0.0690566822886
        var: 0.0296214073896
    bpm: 99.7025146484
    bpm_confidence: 0
    first_peak_bpm: 100
    first_peak_spread: 0
    first_peak_weight: 0.9375
    onset_rate: 3.39833545685
    second_peak_bpm: 93
    second_peak_spread: 0
    second_peak_weight: 0.0625
    beats_position: [0.0441718548536, 0.644550442696, 1.24492895603, 1.84530746937, 2.44568610191, 3.04606461525, 3.646443367, 4.24682188034, 4.84720039368, 5.44757843018, 6.09620380402, 6.69974184036, 7.30328083038, 7.90681886673, 8.51035690308, 9.11389541626, 9.71743488312]
    bpm_estimates: [100.337280273, 100.419067383, 100.203468323, 99.871307373, 99.4638137817, 99.9017791748, 100.355644226, 99.4453811646, 100.23072052, 99.1677093506, 99.9281387329, 99.409362793, 99.5066833496, 99.4205627441, 99.0755004883, 99.5050888062, 99.4065322876, 99.6510467529, 99.1888275146, 99.562538147]
    bpm_intervals: [0.600378572941, 0.600378513336, 0.600378513336, 0.600378632545, 0.600378513336, 0.600378751755, 0.600378513336, 0.600378513336, 0.600378036499, 0.64862537384, 0.603538036346, 0.603538990021, 0.603538036346, 0.603538036346, 0.603538513184, 0.603539466858]
    onset_times: [0.0464399084449, 0.336689352989, 0.638548731804, 0.940408170223, 1.24226760864, 1.55573701859, 1.81115651131, 2.14784574509, 2.43809533119, 2.75156474113, 3.06503391266, 3.3785033226, 3.64553284645, 3.9125623703, 4.26086187363, 4.56272125244, 4.59755086899, 4.86458063126, 5.18966007233, 5.49151945114, 5.79337882996, 6.07201814651, 6.39709758759, 6.66412687302, 7.00081634521, 7.30267572403, 7.50004529953, 7.60453510284, 7.91800451279, 8.19664382935, 8.51011371613, 8.82358264923, 9.10222244263, 9.72916126251]
    rubato_start: []
    rubato_stop: []
    perceptual_tempo: "unknown"

sfx:
    inharmonicity:
        dmean: 0.0277658943087
        dmean2: 0.0479342192411
        dvar: 0.00136581878178
        dvar2: 0.00401230948046
        max: 0.292264550924
        mean: 0.0322991907597
        min: 2.62583234871e-05
        var: 0.00114003720228
    oddtoevenharmonicenergyratio:
        dmean: 1.4044264555
        dmean2: 2.63190555573
        dvar: 8.11684036255
        dvar2: 23.204624176
        max: 30.6386260986
        mean: 0.995241463184
        min: 0.000815456500277
        var: 5.13621759415
    pitch_after_max_to_before_max_energy_ratio: 9.26927566528
    pitch_centroid: 222.563720703
    pitch_max_to_total: 0.0974477976561
    pitch_min_to_total: 0.127610206604
    tristimulus:
        dmean: [0.209370478988, 0.220980763435, 0.10228344053]
        dmean2: [0.372329741716, 0.390755474567, 0.181205019355]
        dvar: [0.0281796250492, 0.0363587476313, 0.00782624073327]
        dvar2: [0.07330583781, 0.0912357345223, 0.021466113627]
        max: [0.97172576189, 0.938907146454, 0.49451944232]
        mean: [0.459399431944, 0.398501515388, 0.110685311258]
        min: [0.061092838645, 0, 0]
        var: [0.0414868369699, 0.0485406778753, 0.0093797435984]

tonal:
    chords_changes_rate: 0.055299539119
    chords_number_rate: 0.0368663594127
    chords_strength:
        dmean: 0.0121130216867
        dmean2: 0.0121568189934
        dvar: 0.000111446315714
        dvar2: 0.000108399559394
        max: 0.675710380077
        mean: 0.513327896595
        min: 0.282492518425
        var: 0.00841391645372
    key_strength: 0.756750226021
    tuning_diatonic_strength: 0.615995764732
    tuning_equal_tempered_deviation: 0.190921649337
    tuning_frequency: 447.949737549
    tuning_nontempered_energy_ratio: 0.870498001575
    hpcp:
        dmean: [0.1013116166, 0.0892618298531, 0.128205657005, 0.176494762301, 0.141080513597, 0.144421637058, 0.133870258927, 0.114871233702, 0.0988013595343, 0.0837137177587, 0.0902166515589, 0.146478846669, 0.192388445139, 0.167594894767, 0.172617703676, 0.160423770547, 0.141220390797, 0.139894530177, 0.132322892547, 0.146139040589, 0.132839500904, 0.112423285842, 0.115060724318, 0.127324879169, 0.133842095733, 0.111550718546, 0.0925106927752, 0.116726636887, 0.152873635292, 0.13301692903, 0.0889048725367, 0.0526532940567, 0.0768063440919, 0.140302404761, 0.146669343114, 0.120811074972]
        dmean2: [0.178729489446, 0.149769753218, 0.219188585877, 0.318116217852, 0.249210178852, 0.252629458904, 0.238436684012, 0.196253553033, 0.169915735722, 0.148014873266, 0.154055207968, 0.240643069148, 0.328485310078, 0.298934489489, 0.293883562088, 0.275903642178, 0.25019878149, 0.246872112155, 0.21903604269, 0.24379375577, 0.216260969639, 0.179246410728, 0.205131098628, 0.222990989685, 0.231121629477, 0.187773272395, 0.15644659102, 0.201299309731, 0.263346731663, 0.235146775842, 0.157576039433, 0.0913727730513, 0.124623693526, 0.229815527797, 0.250117838383, 0.214728012681]
        dvar: [0.0337005220354, 0.0240909345448, 0.0299862846732, 0.0459271147847, 0.0367400236428, 0.0335611067712, 0.0413350500166, 0.0352865979075, 0.0265954304487, 0.0151857035235, 0.0196109842509, 0.0336148664355, 0.0523529313505, 0.0480007790029, 0.0460427440703, 0.0483840852976, 0.0349810384214, 0.0429811440408, 0.0309703666717, 0.0386054851115, 0.0311363693327, 0.0274068973958, 0.0286671277136, 0.0284862127155, 0.0275961775333, 0.023962199688, 0.0191453956068, 0.0227773953229, 0.0433670207858, 0.0340899191797, 0.0204789713025, 0.00785121135414, 0.0115279490128, 0.0322016999125, 0.0290590897202, 0.0286923069507]
        dvar2: [0.0922885239124, 0.0570740811527, 0.0741319954395, 0.122063882649, 0.0971625372767, 0.0916846618056, 0.123079754412, 0.0924249365926, 0.0821229368448, 0.0445199608803, 0.04990856722, 0.0812101736665, 0.140873506665, 0.128473758698, 0.12165363133, 0.102335676551, 0.0868671238422, 0.123060494661, 0.078430518508, 0.0838368535042, 0.0712925046682, 0.0619899071753, 0.0748594477773, 0.0767158791423, 0.0745324268937, 0.0572393648326, 0.0455053672194, 0.0513566732407, 0.11841198802, 0.0981726795435, 0.0573207959533, 0.021944468841, 0.028774227947, 0.0791757106781, 0.071733251214, 0.0686092525721]
        max: [1, 1, 1, 1, 1, 1, 1, 1, 1, 0.977997362614, 1, 1, 1, 1, 1, 1, 0.880002379417, 1, 1, 1, 1, 1, 1, 1, 1, 1, 1, 1, 1, 1, 0.900937318802, 1, 0.774320065975, 1, 1, 1]
        mean: [0.11514031142, 0.109283782542, 0.152418911457, 0.28442966938, 0.303880780935, 0.191082656384, 0.17639502883, 0.196946978569, 0.149068459868, 0.106296040118, 0.113352999091, 0.18063955009, 0.308674007654, 0.307138711214, 0.220658227801, 0.177926614881, 0.13967962563, 0.141093254089, 0.187183663249, 0.200528666377, 0.186080619693, 0.182330533862, 0.161748722196, 0.157263055444, 0.181722760201, 0.163093730807, 0.125509679317, 0.22600248456, 0.313675761223, 0.209201410413, 0.0986460670829, 0.0688624605536, 0.100116424263, 0.195741996169, 0.21845048666, 0.154540598392]
        min: [0, 0, 0, 0, 0, 0, 0, 0, 0, 0, 0, 0, 0, 0, 0, 0, 0, 0, 0, 0, 0, 0, 0, 0, 0, 0, 0, 0, 0, 0, 0, 0, 0, 0, 0, 0]
        var: [0.0271896794438, 0.024038573727, 0.0307599715889, 0.0979288518429, 0.116481602192, 0.0422568209469, 0.0536124221981, 0.0882619917393, 0.0453543588519, 0.014050536789, 0.0185410697013, 0.0467539988458, 0.100355252624, 0.102397076786, 0.0653267204762, 0.0575852803886, 0.0309316031635, 0.036836180836, 0.0459350720048, 0.0544673092663, 0.0593500547111, 0.0662849247456, 0.0550640597939, 0.0431278757751, 0.0428455732763, 0.044403899461, 0.0252666082233, 0.0609653443098, 0.128818258643, 0.0574935562909, 0.0176710858941, 0.00675291195512, 0.01448852662, 0.045703638345, 0.0478228703141, 0.0323711149395]
    chords_histogram: [0, 13.8248844147, 18.4331798553, 0, 0, 0, 0, 0, 0, 0, 0, 0, 0, 0, 0, 1.38248848915, 0, 1.84331798553, 3.22580647469, 7.8341012001, 0, 0, 11.9815664291, 41.4746551514]
    thpcp: [1, 0.66693520546, 0.31448417902, 0.219533890486, 0.319171696901, 0.624026536942, 0.696421325207, 0.492676258087, 0.367067933083, 0.348397284746, 0.485912293196, 0.906763315201, 0.968773543835, 0.609172523022, 0.562348306179, 0.627867996693, 0.475231051445, 0.338872343302, 0.361369967461, 0.575879871845, 0.984054386616, 0.979159832001, 0.703459620476, 0.56723099947, 0.445299386978, 0.449806034565, 0.596742510796, 0.639286458492, 0.593226015568, 0.581270694733, 0.515655815601, 0.501355469227, 0.579333126545, 0.519943654537, 0.400125533342, 0.720497131348]
    chords_key: "D#"
    chords_scale: "minor"
    key_key: "F#"
    key_scale: "major"
    chords_progression: ["A#m", "A#m", "A#m", "A#m", "A#m", "A#m", "A#m", "A#m", "A#m", "A#m", "A#m", "A#m", "A#m", "A#m", "A#m", "A#m", "A#m", "A#m", "A#m", "A#m", "A#m", "A#m", "A#m", "A", "A", "A", "A", "A", "A", "A", "A#m", "A#m", "C#m", "A#m", "A#m", "A#m", "A#m", "A#m", "C#m", "C#m", "C#m", "C#m", "C#m", "C#m", "C#m", "C#m", "C#m", "C#m", "C#m", "C#m", "C#m", "F#m", "F#m", "F#m", "F#m", "B", "B", "B", "B", "B", "B", "B", "B", "B", "B", "B", "Bm", "Bm", "Bm", "B", "B", "B", "B", "B", "B", "B", "B", "B", "B", "B", "B", "B", "B", "B", "D#m", "D#m", "D#m", "D#m", "D#m", "D#m", "D#m", "D#m", "D#m", "D#m", "D#m", "D#m", "D#m", "D#m", "D#m", "D#m", "D#m", "D#m", "D#m", "D#m", "D#m", "D#m", "D#m", "D#m", "D#m", "D#m", "D#m", "D#m", "D#m", "D#m", "D#m", "D#m", "D#m", "D#m", "D#m", "D#m", "D#m", "D#m", "D#m", "D#m", "D#m", "D#m", "D#m", "D#m", "D#m", "D#m", "D#m", "D#m", "D#m", "D#m", "D#m", "D#m", "D#m", "D#m", "D#m", "D#m", "D#m", "D#m", "D#m", "D#m", "D#m", "D#m", "D#m", "D#m", "D#m", "D#m", "D#m", "D#m", "D#m", "D#m", "D#m", "D#m", "D#m", "D#m", "D#m", "D#m", "D#m", "D#m", "D#m", "D#m", "D#m", "D#m", "D#m", "D#m", "D#m", "D#m", "D#m", "D#m", "D#m", "D#m", "C#", "C#", "C#", "C#", "C#", "C#", "C#", "C#", "C#", "C#", "C#", "C#", "C#", "C#", "C#", "C#", "C#", "C#", "C#", "C#", "C#", "C#", "C#", "C#", "C#", "C#", "C#", "C#", "C#", "C#", "C#", "C#", "C#", "C#", "C#", "C#", "C#", "C#", "C#", "C#", "C#m", "C#m", "C#m"]
