
metadata:
    version:
        essentia: "1.2.2"
    audio_properties:
        analysis_sample_rate: 44100
        bitrate: 128
        channels: 2
        equal_loudness: 1
        length: 10.0048980713
        replay_gain: -12.0368919373
        downmix: "mix"
    tags:
        track: 15
        year: 0
        album: "Splitted by Mp3Splt v. 2.1"
        artist: "From 002.20 To 002.30"
        comment: "http://mp3splt.sf.net"
        genre: ""
        title: "17 Sound and Vision.mp3"

highlevel:
    ballroom:
        all:
            ChaChaCha: 0.185117453337
            Jive: 0.346383392811
            Quickstep: 0.231773629785
            Rumba-American: 0.00461196061224
            Rumba-International: 0.0963760688901
            Rumba-Misc: 0.0162643138319
            Samba: 0.10179027915
            Tango: 0.00420028297231
            VienneseWaltz: 0.00835903175175
            Waltz: 0.00512359011918
        probability: 0.346383392811
        value: "Jive"
    culture:
        all:
            non_western: 0.0520956814289
            western: 0.947904348373
        probability: 0.947904348373
        value: "western"
    gender:
        all:
            female: 0.00268000736833
            male: 0.997319996357
        probability: 0.997319996357
        value: "male"
    genre_dortmund:
        all:
            alternative: 0.0579579807818
            blues: 0.0563975982368
            electronic: 0.037460282445
            folkcountry: 0.113716818392
            funksoulrnb: 0.0169399790466
            jazz: 0.210013881326
            pop: 0.112010613084
            raphiphop: 0.0361398085952
            rock: 0.359363019466
        probability: 0.359363019466
        value: "rock"
    genre_electronica:
        all:
            ambient: 0.0639835745096
            dnb: 0.48625087738
            house: 0.0989594534039
            techno: 0.0577136091888
            trance: 0.293092489243
        probability: 0.48625087738
        value: "dnb"
    genre_rosamerica:
        all:
            cla: 0.0147036416456
            dan: 0.114147342741
            hip: 0.0240354482085
            jaz: 0.0134379304945
            pop: 0.342284113169
            rhy: 0.25613284111
            roc: 0.224269255996
            spe: 0.0109894052148
        probability: 0.342284113169
        value: "pop"
    genre_tzanetakis:
        all:
            blu: 0.00512156588957
            cla: 0.00126693793572
            cou: 0.0178384352475
            dis: 0.0959314033389
            hip: 0.0395966619253
            jaz: 0.00374418520369
            met: 0.0416335687041
            pop: 0.27188745141
            reg: 0.121584810317
            roc: 0.401394993067
        probability: 0.401394993067
        value: "roc"
    live_studio:
        all:
            live: 0.864881694317
            studio: 0.135118290782
        probability: 0.864881694317
        value: "live"
    mood:
        all:
            Cluster1: 0.0787095054984
            Cluster2: 0.261385530233
            Cluster3: 0.400523602962
            Cluster4: 0.0802039727569
            Cluster5: 0.179177388549
        probability: 0.400523602962
        value: "Cluster3"
    mood_acoustic:
        all:
            acoustic: 0.314970672131
            not_acoustic: 0.685029327869
        probability: 0.685029327869
        value: "not_acoustic"
    mood_aggressive:
        all:
            aggressive: 0.249196171761
            not_aggressive: 0.750803828239
        probability: 0.750803828239
        value: "not_aggressive"
    mood_electronic:
        all:
            electronic: 0.547235608101
            not_electronic: 0.452764362097
        probability: 0.547235608101
        value: "electronic"
    mood_happy:
        all:
            happy: 0.91217815876
            not_happy: 0.0878218188882
        probability: 0.91217815876
        value: "happy"
    mood_party:
        all:
            not_party: 0.321578711271
            party: 0.678421258926
        probability: 0.678421258926
        value: "party"
    mood_relaxed:
        all:
            not_relaxed: 0.956649720669
            relaxed: 0.0433502867818
        probability: 0.956649720669
        value: "not_relaxed"
    mood_sad:
        all:
            not_sad: 0.857117235661
            sad: 0.142882749438
        probability: 0.857117235661
        value: "not_sad"
    rhythm:
        all:
            fast: 0.781639993191
            medium: 0.194199249148
            slow: 0.0241607893258
        probability: 0.781639993191
        value: "fast"
    speech_music:
        all:
            music: 0.999841332436
            speech: 0.000158673676196
        probability: 0.999841332436
        value: "music"
    timbre:
        all:
            bright: 0.16085664928
            dark: 0.839143335819
        probability: 0.839143335819
        value: "dark"
    voice_instrumental:
        all:
            instrumental: 0.0150255169719
            voice: 0.984974503517
        probability: 0.984974503517
        value: "voice"

lowlevel:
    average_loudness: 0.925882995129
    barkbands_kurtosis:
        dmean: 2.9780459404
        dmean2: 4.59637784958
        dvar: 39.568447113
        dvar2: 84.0968780518
        max: 84.3527984619
        mean: 2.40326976776
        min: -1.82445335388
        var: 80.4207458496
    barkbands_skewness:
        dmean: 0.754298388958
        dmean2: 1.08117258549
        dvar: 0.58948892355
        dvar2: 1.09693467617
        max: 8.95161342621
        mean: 0.662493348122
        min: -5.59547758102
        var: 3.04170155525
    barkbands_spread:
        dmean: 7.59609079361
        dmean2: 11.5484104156
        dvar: 50.7329559326
        dvar2: 108.733314514
        max: 64.1162490845
        mean: 32.0776519775
        min: 1.73733246326
        var: 173.611175537
    dissonance:
        dmean: 0.013783740811
        dmean2: 0.0226900856942
        dvar: 0.00016884591605
        dvar2: 0.000438590621343
        max: 0.500000119209
        mean: 0.471236795187
        min: 0.380018979311
        var: 0.00039613887202
    hfc:
        dmean: 2.33053898811
        dmean2: 2.74554133415
        dvar: 19.7869930267
        dvar2: 23.5646705627
        max: 71.8493423462
        mean: 6.6704082489
        min: 0.0399673096836
        var: 104.556152344
    pitch:
        dmean: 763.519714355
        dmean2: 1457.41625977
        dvar: 1735732.125
        dvar2: 3791010.5
        max: 4900
        mean: 1137.95922852
        min: 65.2366867065
        var: 2394560.25
    pitch_instantaneous_confidence:
        dmean: 0.0943376719952
        dmean2: 0.151130333543
        dvar: 0.0061534983106
        dvar2: 0.0153871951625
        max: 0.803099751472
        mean: 0.402758181095
        min: 0.0847960114479
        var: 0.016733366996
    pitch_salience:
        dmean: 0.0770795494318
        dmean2: 0.122843973339
        dvar: 0.00472572259605
        dvar2: 0.0109366495162
        max: 0.827257156372
        mean: 0.586572706699
        min: 0.191427439451
        var: 0.0121724503115
    silence_rate_20dB:
        dmean: 0
        dmean2: 0
        dvar: 0
        dvar2: 0
        max: 1
        mean: 1
        min: 1
        var: 0
    silence_rate_30dB:
        dmean: 0
        dmean2: 0
        dvar: 0
        dvar2: 0
        max: 1
        mean: 1
        min: 1
        var: 0
    silence_rate_60dB:
        dmean: 0.130232557654
        dmean2: 0.258741259575
        dvar: 0.113271802664
        dvar2: 0.238414645195
        max: 1
        mean: 0.470997691154
        min: 0
        var: 0.249159574509
    spectral_centroid:
        dmean: 364.05871582
        dmean2: 537.600585938
        dvar: 146615.21875
        dvar2: 258224.90625
        max: 4563.47851562
        mean: 1468.40466309
        min: 206.648788452
        var: 762219.3125
    spectral_complexity:
        dmean: 3.03504681587
        dmean2: 4.49414539337
        dvar: 10.2347421646
        dvar2: 18.0579090118
        max: 38
        mean: 10.0885782242
        min: 0
        var: 55.2928771973
    spectral_crest:
        dmean: 2.90496301651
        dmean2: 4.79521656036
        dvar: 8.2463722229
        dvar2: 18.1316318512
        max: 24.896156311
        mean: 9.60249328613
        min: 3.07992291451
        var: 24.5322399139
    spectral_decrease:
        dmean: 2.98304464463e-10
        dmean2: 4.43305808728e-10
        dvar: 8.74366484361e-20
        dvar2: 2.08967070933e-19
        max: -4.56830189996e-12
        mean: -9.07296182628e-10
        min: -2.99463764897e-09
        var: 3.88061367073e-19
    spectral_energy:
        dmean: 0.00129609543364
        dmean2: 0.00185273098759
        dvar: 1.73379567059e-06
        dvar2: 3.6977887703e-06
        max: 0.0178193990141
        mean: 0.0040293703787
        min: 2.30353871302e-05
        var: 9.06242803467e-06
    spectral_energyband_high:
        dmean: 0.000270207965514
        dmean2: 0.000321429484757
        dvar: 6.48955619909e-07
        dvar2: 8.53759217989e-07
        max: 0.0123890992254
        mean: 0.000570016738493
        min: 1.38177017561e-06
        var: 2.64078903456e-06
    spectral_energyband_low:
        dmean: 0.000198193607503
        dmean2: 0.000342056911904
        dvar: 1.04143040858e-07
        dvar2: 2.87199128479e-07
        max: 0.00196178117767
        mean: 0.000272841134574
        min: 1.13757650411e-07
        var: 1.26073558704e-07
    spectral_energyband_middle_high:
        dmean: 0.000443369208369
        dmean2: 0.000592169351876
        dvar: 3.08743238975e-07
        dvar2: 5.50534480226e-07
        max: 0.0107602532953
        mean: 0.00124925153796
        min: 2.86222257273e-06
        var: 1.61309026225e-06
    spectral_energyband_middle_low:
        dmean: 0.000881304265931
        dmean2: 0.00141035474371
        dvar: 1.05614049062e-06
        dvar2: 2.63101765086e-06
        max: 0.00908479094505
        mean: 0.00193726283032
        min: 5.88564444115e-06
        var: 3.27274051415e-06
    spectral_flatness_db:
        dmean: 0.0238646287471
        dmean2: 0.0354538932443
        dvar: 0.000479313370306
        dvar2: 0.000986798550002
        max: 0.398946911097
        mean: 0.175899356604
        min: 0.0914097726345
        var: 0.00207627005875
    spectral_flux:
        dmean: 0.00919301901013
        dmean2: 0.0141897909343
        dvar: 7.11616594344e-05
        dvar2: 0.000166560959769
        max: 0.0927851721644
        mean: 0.0362114198506
        min: 0.00327619514428
        var: 0.00028876477154
    spectral_kurtosis:
        dmean: 1.1593542099
        dmean2: 1.89737129211
        dvar: 1.72077775002
        dvar2: 4.75381040573
        max: 13.4932880402
        mean: 2.97437095642
        min: -0.223308801651
        var: 3.59114360809
    spectral_rms:
        dmean: 0.000323644926539
        dmean2: 0.000467478181235
        dvar: 8.66002238809e-08
        dvar2: 1.83002541121e-07
        max: 0.00416950602084
        mean: 0.00184579228517
        min: 0.000149911807966
        var: 5.24140546077e-07
    spectral_rolloff:
        dmean: 619.985351562
        dmean2: 984.122497559
        dvar: 508040.8125
        dvar2: 970080.6875
        max: 5663.23242188
        mean: 2819.79541016
        min: 193.798828125
        var: 1869652.5
    spectral_skewness:
        dmean: 0.188693746924
        dmean2: 0.283642649651
        dvar: 0.0365582369268
        dvar2: 0.0795737206936
        max: 2.58832120895
        mean: 1.24913346767
        min: 0.220076799393
        var: 0.142084047198
    spectral_spread:
        dmean: 575620.125
        dmean2: 721865.1875
        dvar: 348766601216
        dvar2: 533440430080
        max: 11303408
        mean: 5143590
        min: 2165052.5
        var: 2.40838141542e+12
    spectral_strongpeak:
        dmean: 0.411395996809
        dmean2: 0.688629508018
        dvar: 0.547136008739
        dvar2: 1.26229202747
        max: 6.92514276505
        mean: 0.567510843277
        min: 0.0138070397079
        var: 0.748809933662
    zerocrossingrate:
        dmean: 0.0126588055864
        dmean2: 0.0139440316707
        dvar: 0.000158332011779
        dvar2: 0.000152386535774
        max: 0.21142578125
        mean: 0.0874649435282
        min: 0.01025390625
        var: 0.00140772329178
    barkbands:
        dmean: [5.20725826902e-08, 8.31891447888e-05, 0.000136004207889, 0.000188785677892, 0.000657172116917, 0.000194404987269, 0.000102514859464, 4.62064017483e-05, 2.21575282922e-05, 1.97446061065e-05, 9.62384820014e-06, 1.62628566613e-05, 1.14278373076e-05, 4.83736184833e-05, 5.94977282162e-05, 7.64297365095e-05, 0.000105913182779, 9.88648243947e-05, 0.000153652785229, 0.000218107816181, 0.000118832715089, 4.76885579701e-05, 8.88028716872e-06, 3.14611475005e-06, 9.62645799518e-07, 2.99840934304e-08, 2.9152810721e-10]
        dmean2: [7.6597572729e-08, 0.000147720478708, 0.000235636078287, 0.000314339529723, 0.001058005495, 0.0002958625264, 0.000167363352375, 7.31232648832e-05, 3.54762705683e-05, 3.26760164171e-05, 1.58158054546e-05, 2.61630393652e-05, 1.7969559849e-05, 7.77264431235e-05, 9.05635897652e-05, 0.000123215606436, 0.000156773734489, 0.000158772119903, 0.000212190439925, 0.000310128962155, 0.000163066899404, 6.34443495073e-05, 1.1629713299e-05, 3.97960684495e-06, 1.25308133647e-06, 3.95255561614e-08, 4.92731744295e-10]
        dvar: [1.26273638898e-14, 3.14760910669e-08, 4.4589000936e-08, 7.58061275974e-08, 7.81893731983e-07, 1.10729033054e-07, 6.57634515733e-08, 2.03362660045e-08, 1.7059426094e-09, 1.47616852075e-09, 3.84504261763e-10, 8.47083736488e-10, 6.47272624388e-10, 6.42840491949e-09, 1.28075150485e-08, 1.7293393384e-08, 1.77231580523e-08, 2.62919801486e-08, 9.86355530586e-08, 3.05344173057e-07, 1.43403326547e-07, 4.08454106093e-08, 1.29422905726e-09, 1.48740880723e-10, 5.18066882796e-12, 2.7280705652e-15, 1.16066540414e-18]
        dvar2: [2.61669178892e-14, 8.40175360395e-08, 1.36686850283e-07, 1.87453480294e-07, 1.91166122931e-06, 2.47315199431e-07, 1.58879174705e-07, 3.30447136321e-08, 4.09499678611e-09, 3.61704866059e-09, 9.35212240982e-10, 2.01653405085e-09, 1.40651534863e-09, 1.56966439846e-08, 3.1259741462e-08, 3.94594081854e-08, 3.78406852519e-08, 6.91430486199e-08, 2.06819436244e-07, 6.80405548792e-07, 2.45518009478e-07, 7.90557450614e-08, 1.94664129261e-09, 2.76181327807e-10, 1.11173232079e-11, 5.46788735979e-15, 1.53180190625e-18]
        max: [8.8966930889e-07, 0.00102323526517, 0.00171784427948, 0.0031046802178, 0.0083586666733, 0.00343345478177, 0.00345813343301, 0.00208287779242, 0.000645328662358, 0.000441153446445, 0.000212691360503, 0.000352790637407, 0.000372979993699, 0.00109279691242, 0.00186782365199, 0.00162868970074, 0.00143555866089, 0.00209673587233, 0.00615222658962, 0.0090636042878, 0.00581958098337, 0.00304117216729, 0.000571780197788, 0.000222171962378, 3.77867436328e-05, 5.27773522663e-07, 2.10131485545e-08]
        mean: [5.74069538573e-08, 8.48569397931e-05, 0.000187927304069, 0.000264107598923, 0.00110131595284, 0.000322389329085, 0.000137794660986, 6.97438736097e-05, 3.53826799255e-05, 3.08846611006e-05, 1.2717528989e-05, 2.32951297221e-05, 1.65383462445e-05, 7.55531073082e-05, 9.37543882173e-05, 0.000150722378748, 0.000231830592384, 0.000173300984898, 0.000294384808512, 0.000386534113204, 0.000232453734498, 8.0212856119e-05, 1.62092910614e-05, 5.50087315787e-06, 1.84575651474e-06, 5.85336330516e-08, 2.9916474853e-10]
        min: [5.32623389837e-11, 9.23183929302e-09, 9.5768101005e-08, 9.87371038264e-08, 1.77005915702e-06, 1.53693042648e-06, 1.20543177218e-06, 1.42856251273e-07, 6.2006307644e-08, 1.10686507071e-07, 4.20899546327e-08, 1.58733790556e-08, 2.42054802868e-08, 1.39570133229e-07, 1.09459236342e-07, 1.02366705335e-07, 4.7079390697e-07, 1.71478930611e-07, 8.5287820184e-07, 3.66342476354e-07, 4.72248558481e-07, 1.5950074328e-07, 1.51494781164e-08, 3.84802101294e-09, 1.11043341189e-09, 4.67454235042e-11, 7.11970846862e-13]
        var: [1.59452546246e-14, 2.82319430056e-08, 6.0782703315e-08, 1.16454216936e-07, 1.88512683508e-06, 2.50621837949e-07, 1.38349008694e-07, 4.17222452143e-08, 4.37648672857e-09, 2.22161156138e-09, 5.8464016961e-10, 1.49403200922e-09, 1.08833841939e-09, 8.91798368485e-09, 1.94141200893e-08, 5.28227808161e-08, 6.20391489292e-08, 4.2493823571e-08, 2.41571370907e-07, 8.69277300808e-07, 4.62958297476e-07, 8.89739197873e-08, 3.52131124259e-09, 2.50025972148e-10, 9.10648813301e-12, 8.62946070531e-15, 1.14479491011e-18]
    mfcc:
        mean: [-737.827026367, 96.6506881714, -34.1517944336, 71.7212677002, 0.123820833862, -2.86187767982, -9.79398155212, -14.2464752197, -6.13696050644, -5.65841436386, -11.3007144928, -9.0116519928, -9.88956165314]
        cov: [[3427.93725586, -767.622375488, -328.771331787, -59.3219833374, -124.381919861, -44.7550697327, -10.2103719711, 7.9209446907, 45.0017051697, 6.75225019455, 84.3698043823, 76.2010269165, 30.6975440979], [-767.622375488, 1386.26733398, -318.813934326, 129.807510376, 75.2008590698, 18.6598205566, 48.3624916077, 17.5356082916, -15.9711437225, -18.5897388458, 5.63095760345, 15.6435861588, -2.39943289757], [-328.771331787, -318.813934326, 734.940124512, 2.92339611053, 62.8941497803, 21.3617458344, -47.8265762329, 2.91204309464, -53.8879241943, -103.409698486, -62.8736457825, -64.0780105591, 12.0559329987], [-59.3219833374, 129.807510376, 2.92339611053, 193.581069946, 33.6257743835, 48.355682373, 16.3752098083, 16.0258235931, 11.7523651123, -3.15776515007, -11.5458106995, 6.68745326996, 13.1334915161], [-124.381919861, 75.2008590698, 62.8941497803, 33.6257743835, 243.235671997, 31.448141098, 23.1590538025, 21.1780109406, 34.0136032104, 9.26948547363, -10.630364418, -0.851028740406, 12.2608547211], [-44.7550697327, 18.6598205566, 21.3617458344, 48.355682373, 31.448141098, 108.787445068, 47.151676178, 23.6025180817, 25.466545105, 23.7941093445, 3.38709998131, 15.4681472778, -3.99090027809], [-10.2103719711, 48.3624916077, -47.8265762329, 16.3752098083, 23.1590538025, 47.151676178, 139.148239136, 62.9486656189, 55.7450447083, 59.9156265259, 47.6613044739, 37.9855117798, -1.58774137497], [7.9209446907, 17.5356082916, 2.91204309464, 16.0258235931, 21.1780109406, 23.6025180817, 62.9486656189, 93.4649658203, 52.3099479675, 41.4244613647, 30.228105545, 33.126865387, 15.2308712006], [45.0017051697, -15.9711437225, -53.8879241943, 11.7523651123, 34.0136032104, 25.466545105, 55.7450447083, 52.3099479675, 98.4714508057, 66.0076446533, 35.4866905212, 35.4451408386, 12.5281829834], [6.75225019455, -18.5897388458, -103.409698486, -3.15776515007, 9.26948547363, 23.7941093445, 59.9156265259, 41.4244613647, 66.0076446533, 111.889007568, 53.3047981262, 40.2009925842, 4.26270961761], [84.3698043823, 5.63095760345, -62.8736457825, -11.5458106995, -10.630364418, 3.38709998131, 47.6613044739, 30.228105545, 35.4866905212, 53.3047981262, 86.8611907959, 40.7210502625, -2.48773360252], [76.2010269165, 15.6435861588, -64.0780105591, 6.68745326996, -0.851028740406, 15.4681472778, 37.9855117798, 33.126865387, 35.4451408386, 40.2009925842, 40.7210502625, 86.044303894, 30.0977058411], [30.6975440979, -2.39943289757, 12.0559329987, 13.1334915161, 12.2608547211, -3.99090027809, -1.58774137497, 15.2308712006, 12.5281829834, 4.26270961761, -2.48773360252, 30.0977058411, 59.1009788513]]
        icov: [[0.0004242650175, 0.000347614055499, 0.000403166661272, -8.08238619356e-05, 8.7178996182e-06, -4.75006927445e-05, 5.42101661267e-05, -0.000175191627932, -0.000133042922243, 0.000817567517515, -0.000545117771253, -6.15472818026e-05, -0.000251313555054], [0.000347614055499, 0.0012496735435, 0.000909404538106, -0.000628767418675, -0.000422143028118, -2.06298773264e-05, -0.000299222418107, -0.000585078378208, 0.000553863123059, 0.00139392237179, -0.0006355237565, 4.4088686991e-05, -0.000213825507672], [0.000403166661272, 0.000909404538106, 0.00255191395991, -5.27499469172e-05, -0.000651502865367, -0.00100696180016, 0.000217070672079, -0.0016530957073, 0.000717054470442, 0.00280694733374, -0.000877374142874, 0.00134622259066, -0.00125927734189], [-8.08238619356e-05, -0.000628767418675, -5.27499469172e-05, 0.00651408592239, -0.000177578564035, -0.00290635786951, 0.000243682050495, -0.00044545752462, -0.000573392317165, 0.00063934008358, 0.00067727843998, 0.000384160346584, -0.00155012076721], [8.7178996182e-06, -0.000422143028118, -0.000651502865367, -0.000177578564035, 0.00493338843808, -0.000652652059216, -0.000321617175359, 0.000361960817827, -0.00227694353089, -0.000214472820517, 0.000941361126024, 0.000641607388388, -0.000807745091151], [-4.75006927445e-05, -2.06298773264e-05, -0.00100696180016, -0.00290635786951, -0.000652652059216, 0.0134745296091, -0.00375876063481, 0.000596270605456, -0.00070254446473, -0.00229397322983, 0.00338448234834, -0.00299340649508, 0.00364700495265], [5.42101661267e-05, -0.000299222418107, 0.000217070672079, 0.000243682050495, -0.000321617175359, -0.00375876063481, 0.0140250399709, -0.00588884204626, -0.00129044929054, -0.00177238020115, -0.00320467259735, -0.00105651980266, 0.00237308931537], [-0.000175191627932, -0.000585078378208, -0.0016530957073, -0.00044545752462, 0.000361960817827, 0.000596270605456, -0.00588884204626, 0.0200968012214, -0.00649323919788, -0.00120758707635, -0.000654660863802, -0.00173562718555, -0.0025488587562], [-0.000133042922243, 0.000553863123059, 0.000717054470442, -0.000573392317165, -0.00227694353089, -0.00070254446473, -0.00129044929054, -0.00649323919788, 0.0221219453961, -0.00839077122509, -0.000358468299964, -0.000690322194714, -0.00161137420218], [0.000817567517515, 0.00139392237179, 0.00280694733374, 0.00063934008358, -0.000214472820517, -0.00229397322983, -0.00177238020115, -0.00120758707635, -0.00839077122509, 0.0222925953567, -0.00737498141825, -0.00045482290443, -0.000837554689497], [-0.000545117771253, -0.0006355237565, -0.000877374142874, 0.00067727843998, 0.000941361126024, 0.00338448234834, -0.00320467259735, -0.000654660863802, -0.000358468299964, -0.00737498141825, 0.0221115257591, -0.00801815837622, 0.00602365052328], [-6.15472818026e-05, 4.4088686991e-05, 0.00134622259066, 0.000384160346584, 0.000641607388388, -0.00299340649508, -0.00105651980266, -0.00173562718555, -0.000690322194714, -0.00045482290443, -0.00801815837622, 0.0228163562715, -0.012020365335], [-0.000251313555054, -0.000213825507672, -0.00125927734189, -0.00155012076721, -0.000807745091151, 0.00364700495265, 0.00237308931537, -0.0025488587562, -0.00161137420218, -0.000837554689497, 0.00602365052328, -0.012020365335, 0.0255548749119]]
    spectral_contrast:
        mean: [-2.18528654727e-07, -2.87533367782e-07, -3.09789584207e-07, 4.84895622321e-07, -4.22043257231e-07, 2.71225445658e-07, -2.09866698242e-06, 2.99454291053e-06, 3.3600902043e-06, -1.94441054191e-06, -5.72704777824e-07, 1.98307020582e-06]
        var: [0.000460794894025, 0.000976003124379, 0.00160726008471, 0.00257232389413, 0.00383345060982, 0.00785346329212, 0.0600455328822, 0.0903832390904, 0.137453436852, 0.447347283363, 0.802530169487, 1.94318699837]

rhythm:
    beats_loudness:
        dmean: 0.0024439196568
        dmean2: 0.00401113089174
        dvar: 2.93776793114e-06
        dvar2: 1.07585156002e-05
        max: 0.0108782602474
        mean: 0.00514677725732
        min: 0.00161239691079
        var: 6.40514826955e-06
    beats_loudness_bass:
        dmean: 0.109303198755
        dmean2: 0.193611055613
        dvar: 0.00889311172068
        dvar2: 0.0295878872275
        max: 0.358781993389
        mean: 0.106819160283
        min: 0.00304582295939
        var: 0.0111880414188
    bpm: 107.73500824
    bpm_confidence: 0
    first_peak_bpm: 108
    first_peak_spread: 0
    first_peak_weight: 0.529411792755
    onset_rate: 4.49779701233
    second_peak_bpm: 114
    second_peak_spread: 0
    second_peak_weight: 0.411764711142
    beats_position: [0.402234256268, 0.95916223526, 1.51609015465, 2.07301807404, 2.62994599342, 3.18687415123, 3.74380230904, 4.30073070526, 4.85765886307, 5.41458654404, 6.0860748291, 6.61142635345, 7.13677835464, 7.66213083267, 8.18748283386, 8.71283435822, 9.23818683624, 9.7635383606]
    bpm_estimates: [107.401306152, 107.665000916, 107.542198181, 107.679023743, 107.661209106, 108.022888184, 107.377281189, 108.531211853]
    bpm_intervals: [0.556927978992, 0.556927919388, 0.556927919388, 0.556927919388, 0.556928157806, 0.556928157806, 0.556928396225, 0.556928157806, 0.556927680969, 0.671488285065, 0.525351524353, 0.52535200119, 0.525352478027, 0.52535200119, 0.525351524353, 0.525352478027, 0.525351524353]
    onset_times: [0.0696598663926, 0.325079351664, 0.394739240408, 0.673378705978, 0.952018141747, 1.38158726692, 1.49768710136, 1.83437645435, 1.96208620071, 2.07818603516, 2.36843538284, 2.65868473053, 2.84444451332, 2.91410422325, 3.19274377823, 3.48299312592, 3.56426310539, 3.73841261864, 4.19120168686, 4.3073015213, 4.58594083786, 4.67882108688, 5.4334692955, 5.61922883987, 5.9675283432, 6.04879808426, 6.22294807434, 6.57124710083, 6.86149644852, 7.02403640747, 7.2910656929, 7.34911584854, 7.54648542404, 7.91800451279, 7.95283460617, 8.23147392273, 8.56816291809, 8.64943313599, 8.77714252472, 9.0906124115, 9.32281208038, 9.41569137573, 9.63628101349, 9.85687065125, 9.91492080688]
    rubato_start: []
    rubato_stop: []
    perceptual_tempo: "unknown"

sfx:
    inharmonicity:
        dmean: 0.0487539879978
        dmean2: 0.0874655246735
        dvar: 0.00275697396137
        dvar2: 0.0084180328995
        max: 0.289814352989
        mean: 0.0482438877225
        min: 0
        var: 0.00289380154572
    oddtoevenharmonicenergyratio:
        dmean: 5.06603240967
        dmean2: 9.84962081909
        dvar: 802.996276855
        dvar2: 2390.82324219
        max: 367.86618042
        mean: 2.84366059303
        min: 0
        var: 412.080200195
    pitch_after_max_to_before_max_energy_ratio: 0.298902392387
    pitch_centroid: 221.456588745
    pitch_max_to_total: 0.759906768799
    pitch_min_to_total: 0.284382283688
    tristimulus:
        dmean: [0.236053392291, 0.26395213604, 0.158092156053]
        dmean2: [0.405105292797, 0.462116003036, 0.281791865826]
        dvar: [0.0404879488051, 0.0451134815812, 0.0201152581722]
        dvar2: [0.110536299646, 0.135516449809, 0.060321226716]
        max: [1, 0.982432723045, 0.732514083385]
        mean: [0.432859748602, 0.358346551657, 0.156416103244]
        min: [0.00433913618326, 0, 0]
        var: [0.0732296779752, 0.0628774315119, 0.0236099567264]

tonal:
    chords_changes_rate: 0.0324074067175
    chords_number_rate: 0.0138888889924
    chords_strength:
        dmean: 0.0126762222499
        dmean2: 0.0123742809519
        dvar: 0.000137543102028
        dvar2: 0.000124807877
        max: 0.707238614559
        mean: 0.574111402035
        min: 0.334780871868
        var: 0.00791194941849
    key_strength: 0.726425647736
    tuning_diatonic_strength: 0.663209140301
    tuning_equal_tempered_deviation: 0.150316491723
    tuning_frequency: 440.763122559
    tuning_nontempered_energy_ratio: 0.765620648861
    hpcp:
        dmean: [0.176253825426, 0.192019209266, 0.170164510608, 0.160455226898, 0.180224090815, 0.217262983322, 0.259515404701, 0.231937617064, 0.207356527448, 0.170553341508, 0.149600952864, 0.181086629629, 0.203101739287, 0.168246686459, 0.193425327539, 0.194905653596, 0.173112660646, 0.152666449547, 0.130889728665, 0.111830793321, 0.120160833001, 0.161727070808, 0.163184031844, 0.135771766305, 0.111357390881, 0.111461728811, 0.111589185894, 0.112771652639, 0.145073875785, 0.175567135215, 0.227248519659, 0.199879124761, 0.182135686278, 0.153143689036, 0.16601356864, 0.173565477133]
        dmean2: [0.305319219828, 0.330780506134, 0.295362055302, 0.27950245142, 0.325752288103, 0.384247541428, 0.447346121073, 0.397885710001, 0.358687609434, 0.290477991104, 0.257344216108, 0.309176266193, 0.340794086456, 0.291817843914, 0.343754351139, 0.336267024279, 0.293928414583, 0.269544273615, 0.23368512094, 0.195887252688, 0.204542413354, 0.275613874197, 0.288534730673, 0.233708620071, 0.192804709077, 0.206886619329, 0.194455817342, 0.191118061543, 0.242725476623, 0.289703428745, 0.38293081522, 0.328153520823, 0.333959460258, 0.280787616968, 0.298865437508, 0.301020622253]
        dvar: [0.0415660850704, 0.0570873953402, 0.0466834232211, 0.0540304966271, 0.060996465385, 0.0655221864581, 0.0652621015906, 0.0620371177793, 0.0654504299164, 0.0467482507229, 0.0417490452528, 0.0492807552218, 0.0593580082059, 0.0399027615786, 0.0491307191551, 0.0459759831429, 0.0482236593962, 0.036889526993, 0.0391737706959, 0.0373408384621, 0.0317780189216, 0.0510204769671, 0.0519931279123, 0.0365046933293, 0.0339535064995, 0.039551705122, 0.0331508517265, 0.0253695826977, 0.0423020012677, 0.0391253270209, 0.0505799762905, 0.0405628569424, 0.0584652088583, 0.0466470420361, 0.0507865585387, 0.0505287051201]
        dvar2: [0.110465370119, 0.139207258821, 0.123599857092, 0.164592802525, 0.190201610327, 0.202525183558, 0.189667627215, 0.173830658197, 0.159580811858, 0.11463174969, 0.0972323045135, 0.119734436274, 0.146377637982, 0.0994142815471, 0.149961799383, 0.124955207109, 0.139101684093, 0.100055508316, 0.11007232964, 0.0956607237458, 0.0761423259974, 0.119376778603, 0.137368351221, 0.103867769241, 0.0867577567697, 0.103974796832, 0.0959061384201, 0.0524631142616, 0.111322648823, 0.0918700695038, 0.132400408387, 0.104428462684, 0.159254819155, 0.12316185981, 0.134242027998, 0.139839425683]
        max: [1, 1, 1, 1, 1, 1, 1, 1, 1, 1, 1, 1, 1, 1, 1, 1, 1, 1, 1, 1, 1, 1, 1, 1, 1, 1, 1, 1, 1, 1, 1, 1, 1, 1, 1, 1]
        mean: [0.215912804008, 0.207266747952, 0.162173241377, 0.146352544427, 0.157332286239, 0.219592124224, 0.301811188459, 0.276028633118, 0.218789294362, 0.197949394584, 0.187979117036, 0.230273351073, 0.245358169079, 0.197641968727, 0.219605222344, 0.320870786905, 0.289374411106, 0.169938966632, 0.130055785179, 0.106987006962, 0.149568423629, 0.214164122939, 0.17877009511, 0.132359579206, 0.114153377712, 0.0892007350922, 0.110116675496, 0.151346862316, 0.165953144431, 0.228567674756, 0.309151053429, 0.262243300676, 0.171561896801, 0.141171485186, 0.164324626327, 0.200035378337]
        min: [0.00156536104623, 0.00219440995716, 0.00119722099043, 0.000443737313617, 0.000674441631418, 0.00115340366028, 0.00182234321255, 0.00123233592603, 0.00042598330765, 0.000356001808541, 0.000333327538101, 0.000417945208028, 0.00112612114754, 0.00105832074769, 0.00221688253805, 0.00185882824007, 0.00122183631174, 0.00135614944156, 0.000379946664907, 0.000299683131743, 0.000416955997935, 0.000282293156488, 0.000228985809372, 0.000427911785664, 0.000306959380396, 0.000455483299447, 0.000508888566401, 0.00101424241439, 0.000970664899796, 0.00184032937977, 0.00243069953285, 0.00164792733267, 0.000173087944859, 0.00024036654213, 0.000267727096798, 0.000496704771649]
        var: [0.0492351688445, 0.061463445425, 0.0416511930525, 0.0440331287682, 0.0515697002411, 0.0601726137102, 0.0859879106283, 0.0739786028862, 0.0682678744197, 0.0555059611797, 0.0566649883986, 0.0782025530934, 0.0804543793201, 0.0505147390068, 0.054953545332, 0.107768006623, 0.0992536470294, 0.0440160930157, 0.0394422113895, 0.0393007285893, 0.0456764511764, 0.0922812521458, 0.0545224100351, 0.0339754968882, 0.033361338079, 0.0321954004467, 0.0287067983299, 0.0429028011858, 0.0508943162858, 0.0587552562356, 0.0783245489001, 0.0626461207867, 0.0540963001549, 0.0428316295147, 0.0485588647425, 0.0538263767958]
    chords_histogram: [69.444442749, 0, 0, 0, 0, 0, 0, 0, 0, 0, 0, 0, 0, 0, 0, 0, 0, 0, 0, 0, 0, 0, 26.851852417, 3.70370364189]
    thpcp: [1, 0.901840925217, 0.529618084431, 0.405321359634, 0.333427071571, 0.466132879257, 0.667446613312, 0.557140469551, 0.412501186132, 0.35576120019, 0.277995824814, 0.34318074584, 0.471675425768, 0.517196178436, 0.712335586548, 0.963475227356, 0.81728631258, 0.534675955772, 0.439963668585, 0.512120842934, 0.623414099216, 0.672896444798, 0.64595079422, 0.505416035652, 0.456110537052, 0.490329116583, 0.68436306715, 0.940600395203, 0.860248565674, 0.681861042976, 0.616913080215, 0.585840523243, 0.717651367188, 0.76466345787, 0.615954995155, 0.684403896332]
    chords_key: "G"
    chords_scale: "major"
    key_key: "G"
    key_scale: "major"
    chords_progression: ["G", "G", "G", "G", "G", "G", "G", "G", "G", "G", "G", "G", "G", "G", "G", "G", "G", "G", "G", "G", "G", "G", "G", "G", "G", "G", "G", "G", "G", "G", "G", "G", "G", "G", "G", "G", "G", "G", "G", "G", "G", "G", "G", "G", "G", "G", "G", "G", "G", "G", "G", "G", "G", "G", "G", "G", "G", "G", "G", "G", "G", "G", "G", "G", "G", "G", "G", "G", "G", "G", "G", "C", "C", "C", "C", "C", "C", "C", "C", "C", "C", "C", "C", "C", "C", "C", "C", "C", "C", "C", "C", "C", "C", "C", "C", "C", "C", "C", "C", "C", "C", "C", "C", "C", "C", "G", "G", "G", "G", "G", "G", "G", "G", "G", "G", "G", "G", "G", "G", "C", "G", "G", "G", "G", "G", "G", "G", "G", "G", "G", "G", "G", "G", "C", "C", "C", "C", "C", "C", "C", "C", "C", "C", "C", "C", "C", "C", "C", "C", "C", "C", "C", "C", "C", "C", "C", "Em", "Em", "Em", "Em", "Em", "Em", "Em", "Em", "G", "G", "G", "G", "G", "G", "G", "G", "G", "G", "G", "G", "G", "G", "G", "G", "G", "G", "G", "G", "G", "G", "G", "G", "G", "G", "G", "G", "G", "G", "G", "G", "G", "G", "G", "G", "G", "G", "G", "G", "G", "G", "G", "G", "G", "G", "G", "G", "G", "G", "G", "G"]
