
metadata:
    version:
        essentia: "1.2.2"
    audio_properties:
        analysis_sample_rate: 44100
        bitrate: 128
        channels: 2
        equal_loudness: 1
        length: 9.97877597809
        replay_gain: -11.4353961945
        downmix: "mix"
    tags:
        track: 6
        year: 0
        album: "Splitted by Mp3Splt v. 2.1"
        artist: "From 000.50 To 001.00"
        comment: "http://mp3splt.sf.net"
        genre: ""
        title: "15 Little Red Rooster.mp3"

highlevel:
    ballroom:
        all:
            ChaChaCha: 0.0923596993089
            Jive: 0.79818302393
            Quickstep: 0.0346945002675
            Rumba-American: 0.000316414312692
            Rumba-International: 0.000928805733565
            Rumba-Misc: 0.000134201676701
            Samba: 0.0701771080494
            Tango: 0.000336841330864
            VienneseWaltz: 0.00182107440196
            Waltz: 0.00104835652746
        probability: 0.79818302393
        value: "Jive"
    culture:
        all:
            non_western: 0.0238055810332
            western: 0.976194441319
        probability: 0.976194441319
        value: "western"
    gender:
        all:
            female: 0.237119108438
            male: 0.762880861759
        probability: 0.762880861759
        value: "male"
    genre_dortmund:
        all:
            alternative: 0.143012166023
            blues: 0.00973359216005
            electronic: 0.0295252837241
            folkcountry: 0.12175399065
            funksoulrnb: 0.00599235668778
            jazz: 0.0466803684831
            pop: 0.115404374897
            raphiphop: 0.00117467239033
            rock: 0.526723206043
        probability: 0.526723206043
        value: "rock"
    genre_electronica:
        all:
            ambient: 0.148143917322
            dnb: 0.642679691315
            house: 0.0145285082981
            techno: 0.0539690032601
            trance: 0.140678912401
        probability: 0.642679691315
        value: "dnb"
    genre_rosamerica:
        all:
            cla: 0.0974579155445
            dan: 0.0261935312301
            hip: 0.0132738109678
            jaz: 0.061365980655
            pop: 0.0627401322126
            rhy: 0.0159499365836
            roc: 0.718740105629
            spe: 0.0042786160484
        probability: 0.718740105629
        value: "roc"
    genre_tzanetakis:
        all:
            blu: 0.0083550773561
            cla: 0.0211198963225
            cou: 0.055538199842
            dis: 0.0858429670334
            hip: 0.00868553575128
            jaz: 0.119623422623
            met: 0.17384198308
            pop: 0.021032191813
            reg: 0.0270831603557
            roc: 0.478877574205
        probability: 0.478877574205
        value: "roc"
    live_studio:
        all:
            live: 0.0170328505337
            studio: 0.98296713829
        probability: 0.98296713829
        value: "studio"
    mood:
        all:
            Cluster1: 0.298634886742
            Cluster2: 0.244376391172
            Cluster3: 0.0409274958074
            Cluster4: 0.121525205672
            Cluster5: 0.294536024332
        probability: 0.298634886742
        value: "Cluster1"
    mood_acoustic:
        all:
            acoustic: 0.0337087064981
            not_acoustic: 0.966291308403
        probability: 0.966291308403
        value: "not_acoustic"
    mood_aggressive:
        all:
            aggressive: 0.979822814465
            not_aggressive: 0.0201771818101
        probability: 0.979822814465
        value: "aggressive"
    mood_electronic:
        all:
            electronic: 0.44362488389
            not_electronic: 0.556375086308
        probability: 0.556375086308
        value: "not_electronic"
    mood_happy:
        all:
            happy: 0.462919026613
            not_happy: 0.537081003189
        probability: 0.537081003189
        value: "not_happy"
    mood_party:
        all:
            not_party: 0.286576926708
            party: 0.713423073292
        probability: 0.713423073292
        value: "party"
    mood_relaxed:
        all:
            not_relaxed: 0.382788330317
            relaxed: 0.617211639881
        probability: 0.617211639881
        value: "relaxed"
    mood_sad:
        all:
            not_sad: 0.975531935692
            sad: 0.0244680531323
        probability: 0.975531935692
        value: "not_sad"
    rhythm:
        all:
            fast: 0.900095283985
            medium: 0.0518312416971
            slow: 0.0480735003948
        probability: 0.900095283985
        value: "fast"
    speech_music:
        all:
            music: 0.998390555382
            speech: 0.00160942284856
        probability: 0.998390555382
        value: "music"
    timbre:
        all:
            bright: 0.73287653923
            dark: 0.26712346077
        probability: 0.73287653923
        value: "bright"
    voice_instrumental:
        all:
            instrumental: 0.734327077866
            voice: 0.265672892332
        probability: 0.734327077866
        value: "instrumental"

lowlevel:
    average_loudness: 0.903005599976
    barkbands_kurtosis:
        dmean: 1.0146600008
        dmean2: 1.71574676037
        dvar: 1.50689446926
        dvar2: 4.35322570801
        max: 12.7423944473
        mean: 0.63130325079
        min: -1.82241046429
        var: 5.96753931046
    barkbands_skewness:
        dmean: 0.357821971178
        dmean2: 0.579601168633
        dvar: 0.0781738907099
        dvar2: 0.209015250206
        max: 1.72116529942
        mean: -0.754103958607
        min: -3.30106639862
        var: 1.21933627129
    barkbands_spread:
        dmean: 4.96307325363
        dmean2: 7.92593431473
        dvar: 13.0681257248
        dvar2: 33.7456321716
        max: 56.6257476807
        mean: 28.6935787201
        min: 9.03558063507
        var: 107.839759827
    dissonance:
        dmean: 0.00929726101458
        dmean2: 0.015546428971
        dvar: 0.000103796875919
        dvar2: 0.000256108905887
        max: 0.499137401581
        mean: 0.482642412186
        min: 0.420175671577
        var: 0.000202701427042
    hfc:
        dmean: 2.286911726
        dmean2: 3.75446844101
        dvar: 8.75222206116
        dvar2: 20.3529376984
        max: 44.0170173645
        mean: 10.7630653381
        min: 2.10323069041e-05
        var: 89.1764602661
    pitch:
        dmean: 760.694335938
        dmean2: 1461.06481934
        dvar: 1379993.375
        dvar2: 3172554.25
        max: 4410
        mean: 2135.57421875
        min: 73.6227035522
        var: 1932105.25
    pitch_instantaneous_confidence:
        dmean: 0.0873284861445
        dmean2: 0.138411611319
        dvar: 0.00442575477064
        dvar2: 0.0114545123652
        max: 0.736094117165
        mean: 0.419000804424
        min: 0.144606590271
        var: 0.0178488008678
    pitch_salience:
        dmean: 0.0516896396875
        dmean2: 0.0807069689035
        dvar: 0.00151210010517
        dvar2: 0.00373933184892
        max: 0.971194028854
        mean: 0.66369920969
        min: 0.458343118429
        var: 0.00725045381114
    silence_rate_20dB:
        dmean: 0
        dmean2: 0
        dvar: 0
        dvar2: 0
        max: 1
        mean: 1
        min: 1
        var: 0
    silence_rate_30dB:
        dmean: 0
        dmean2: 0
        dvar: 0
        dvar2: 0
        max: 1
        mean: 1
        min: 1
        var: 0
    silence_rate_60dB:
        dmean: 0.0279069766402
        dmean2: 0.0536130517721
        dvar: 0.0271283257753
        dvar2: 0.0554007180035
        max: 1
        mean: 0.512760996819
        min: 0
        var: 0.249836862087
    spectral_centroid:
        dmean: 205.525756836
        dmean2: 322.960571289
        dvar: 33953.1015625
        dvar2: 84568.3046875
        max: 3871.66748047
        mean: 2075.69921875
        min: 608.65246582
        var: 511602.90625
    spectral_complexity:
        dmean: 3.06759905815
        dmean2: 5.01635503769
        dvar: 10.3427286148
        dvar2: 23.6143112183
        max: 38
        mean: 14.5697669983
        min: 0
        var: 103.63117981
    spectral_crest:
        dmean: 1.80901241302
        dmean2: 2.98623609543
        dvar: 2.39009451866
        dvar2: 6.51055717468
        max: 16.4774417877
        mean: 7.80198383331
        min: 2.81322407722
        var: 6.72041368484
    spectral_decrease:
        dmean: 1.7614595893e-10
        dmean2: 2.8119356843e-10
        dvar: 3.16693981581e-20
        dvar2: 7.87590843707e-20
        max: -1.10399267378e-15
        mean: -8.8742041493e-10
        min: -2.68117372748e-09
        var: 3.35336564637e-19
    spectral_energy:
        dmean: 0.000860225933138
        dmean2: 0.00138418166898
        dvar: 8.53694984926e-07
        dvar2: 2.08204392038e-06
        max: 0.0141118261963
        mean: 0.00432557053864
        min: 6.07442052214e-09
        var: 9.16110730032e-06
    spectral_energyband_high:
        dmean: 0.000141417913255
        dmean2: 0.000218198925722
        dvar: 6.6461474546e-08
        dvar2: 1.42564104522e-07
        max: 0.00421381741762
        mean: 0.000457046844531
        min: 3.41102635026e-09
        var: 3.76024530624e-07
    spectral_energyband_low:
        dmean: 6.70479712426e-05
        dmean2: 0.000115378818009
        dvar: 9.72915881192e-09
        dvar2: 2.85440009407e-08
        max: 0.000903456937522
        mean: 0.000111605353595
        min: 1.19353277261e-11
        var: 1.08603446236e-08
    spectral_energyband_middle_high:
        dmean: 0.000711214088369
        dmean2: 0.00117627147119
        dvar: 6.91318803092e-07
        dvar2: 1.91036656361e-06
        max: 0.0118550388142
        mean: 0.00302595086396
        min: 2.00594674205e-09
        var: 6.98781559549e-06
    spectral_energyband_middle_low:
        dmean: 0.000231626094319
        dmean2: 0.00035804338404
        dvar: 3.97532708973e-08
        dvar2: 9.22915859292e-08
        max: 0.00217514322139
        mean: 0.000730968022253
        min: 6.43274600254e-10
        var: 9.65920463614e-08
    spectral_flatness_db:
        dmean: 0.0144994640723
        dmean2: 0.0220914725214
        dvar: 0.000131667751702
        dvar2: 0.000304479151964
        max: 0.223615840077
        mean: 0.152292743325
        min: 0.096801251173
        var: 0.000525931653101
    spectral_flux:
        dmean: 0.00498941075057
        dmean2: 0.00797348469496
        dvar: 1.98625984922e-05
        dvar2: 3.78932272724e-05
        max: 0.0749314725399
        mean: 0.0370770171285
        min: 7.79385663918e-05
        var: 0.000263843219727
    spectral_kurtosis:
        dmean: 0.817286849022
        dmean2: 1.35765743256
        dvar: 0.54345780611
        dvar2: 1.38787961006
        max: 9.26748752594
        mean: 3.98279309273
        min: 0.29733300209
        var: 1.91305184364
    spectral_rms:
        dmean: 0.000211563252378
        dmean2: 0.000327173911501
        dvar: 3.71930077847e-08
        dvar2: 7.31916784957e-08
        max: 0.00371047644876
        mean: 0.00191545241978
        min: 2.43439194492e-06
        var: 5.51112236735e-07
    spectral_rolloff:
        dmean: 245.699325562
        dmean2: 406.967468262
        dvar: 62969.3671875
        dvar2: 167065.9375
        max: 5297.16796875
        mean: 3350.66601562
        min: 1335.05859375
        var: 287958.28125
    spectral_skewness:
        dmean: 0.11992931366
        dmean2: 0.197528779507
        dvar: 0.0131859686226
        dvar2: 0.0263914503157
        max: 2.76852369308
        mean: 1.45592951775
        min: 0.488190472126
        var: 0.0494371019304
    spectral_spread:
        dmean: 473420.71875
        dmean2: 682232.125
        dvar: 408102502400
        dvar2: 509404250112
        max: 13271090
        mean: 4697147
        min: 2511351.5
        var: 1.16761113395e+12
    spectral_strongpeak:
        dmean: 0.672345519066
        dmean2: 1.145596385
        dvar: 0.878643989563
        dvar2: 2.49969005585
        max: 6.73233938217
        mean: 1.0810136795
        min: 0.000280878302874
        var: 1.78200280666
    zerocrossingrate:
        dmean: 0.00656846398488
        dmean2: 0.00820951350033
        dvar: 4.8972076911e-05
        dvar2: 4.9415644753e-05
        max: 0.19140625
        mean: 0.104215115309
        min: 0.044921875
        var: 0.00105287262704
    barkbands:
        dmean: [3.77074229618e-08, 1.45733820318e-05, 6.00236926402e-05, 7.78413595981e-05, 0.000121903976833, 3.32845083904e-05, 4.99400593981e-05, 1.70976509253e-05, 8.40852007968e-05, 3.50716836692e-05, 1.46979482452e-05, 3.26146291627e-05, 2.36205087276e-05, 4.68314101454e-05, 3.34343421855e-05, 0.000166319921846, 0.000261178443907, 0.000436196016381, 0.000203535353648, 0.000145845770021, 7.68373138271e-05, 2.12320010178e-05, 8.8291189968e-06, 3.19441869578e-06, 2.07562334253e-06, 1.23954407627e-07, 1.58887436541e-09]
        dmean2: [6.01893717089e-08, 2.48540090979e-05, 0.000104216247564, 0.000129419582663, 0.000204493102501, 5.42691850569e-05, 7.57413872634e-05, 2.68212734227e-05, 0.000129611726152, 5.52045094082e-05, 2.55700797425e-05, 5.53714526177e-05, 3.92076217395e-05, 7.96692474978e-05, 5.59316795261e-05, 0.000277696322883, 0.000439173163613, 0.000757064553909, 0.000350321701262, 0.000220773450565, 0.000121339238831, 3.45697189914e-05, 1.31502602017e-05, 4.3866307351e-06, 3.02181615552e-06, 1.95320581042e-07, 1.98404359608e-09]
        dvar: [8.47789601786e-15, 5.18575737907e-10, 7.10302305862e-09, 5.78332715051e-09, 2.15047801788e-08, 2.07733297231e-09, 4.37966596323e-09, 1.43437117739e-09, 1.59520574528e-08, 2.25429186429e-09, 3.79938192019e-10, 1.60695579066e-09, 8.2242657129e-10, 3.45841622007e-09, 1.73142711279e-09, 4.4072734795e-08, 1.15757543995e-07, 4.51549198033e-07, 9.35378778877e-08, 8.25702457519e-08, 1.87795983209e-08, 1.16542042683e-09, 5.47446921129e-10, 6.93509832894e-11, 4.42920110311e-11, 1.96009509079e-13, 4.02545023114e-16]
        dvar2: [1.47188423965e-14, 1.44748502073e-09, 2.07239558847e-08, 1.23198855562e-08, 5.63727482472e-08, 4.83718709532e-09, 9.20397358328e-09, 3.33039529288e-09, 2.95964017738e-08, 5.14278575281e-09, 9.89235804383e-10, 4.10793221661e-09, 2.43699882496e-09, 9.96676607912e-09, 4.42878844709e-09, 1.22068883002e-07, 3.26072324697e-07, 1.26617169371e-06, 2.64824706164e-07, 1.6011591697e-07, 4.03252684578e-08, 2.87852897074e-09, 1.12396436602e-09, 9.98536878183e-11, 9.38015221053e-11, 3.87734630644e-13, 3.93652633006e-16]
        max: [1.3008705082e-06, 0.000205520642339, 0.00069767027162, 0.00110203144141, 0.00131851283368, 0.000534450868145, 0.000584433262702, 0.000436594418716, 0.000791237514932, 0.000374828814529, 0.000146449267049, 0.000319363549352, 0.000296524114674, 0.000524448521901, 0.000463402830064, 0.00184850033838, 0.00348921632394, 0.0060770441778, 0.00267410837114, 0.00502069899812, 0.00264449580573, 0.000456223875517, 0.000427970691817, 0.00018611609994, 0.000110806446173, 7.7400372902e-06, 4.22743624995e-07]
        mean: [3.38610135486e-08, 1.7627793568e-05, 9.39458986977e-05, 0.000201547256438, 0.000261049688561, 4.99688867421e-05, 7.76559172664e-05, 2.26141437452e-05, 0.000114393988042, 4.72748179163e-05, 2.21808440983e-05, 5.56238264835e-05, 4.03518934036e-05, 9.00528975762e-05, 6.30792346783e-05, 0.00033342759707, 0.000574521021917, 0.00110790960025, 0.00049456092529, 0.000373854854843, 0.000195674452698, 5.31252444489e-05, 2.23456445383e-05, 7.9302380982e-06, 4.57711439594e-06, 2.44583105768e-07, 1.9264767559e-09]
        min: [2.38719244025e-12, 5.39093509416e-12, 5.31361152994e-12, 6.55242960584e-12, 2.2724929577e-11, 3.9503674637e-11, 6.64481664137e-11, 1.35028710435e-10, 3.31087907091e-10, 1.95994886987e-10, 7.16740417017e-11, 4.75534056577e-11, 7.74044925378e-11, 9.09991873521e-11, 5.78401770923e-11, 5.265912012e-11, 4.59273036268e-11, 5.2318127608e-10, 5.13327158558e-10, 3.01485481025e-09, 5.91482973711e-10, 4.95372250164e-11, 9.02150298909e-11, 1.88683148966e-11, 9.64648499968e-12, 4.76148417569e-12, 9.57923085472e-13]
        var: [8.56561136175e-15, 4.96435892394e-10, 9.03890651216e-09, 3.46532829099e-08, 3.59186707044e-08, 3.56574325622e-09, 1.11158255933e-08, 1.96288785226e-09, 2.5485904942e-08, 3.25748295005e-09, 5.7386279062e-10, 2.73947664553e-09, 2.09751505054e-09, 9.59696144776e-09, 3.39065175936e-09, 1.27961143903e-07, 3.36103141763e-07, 1.65556616594e-06, 2.76248727005e-07, 4.13587656567e-07, 8.33444957493e-08, 4.53048398796e-09, 2.95780266946e-09, 3.38243766329e-10, 1.11156209237e-10, 3.89437424366e-13, 4.16134078566e-16]
    mfcc:
        mean: [-714.334228516, 80.7572021484, -55.4065208435, 57.9601097107, -2.23525667191, -7.72056388855, -3.42973184586, 1.69482767582, -3.54609537125, -12.6271486282, -6.95154953003, -5.73724222183, -10.7350978851]
        cov: [[3467.41259766, -1199.8984375, -201.913208008, -28.745092392, 122.851791382, -44.596988678, -69.1058502197, -43.791431427, -135.113082886, -91.3371047974, -27.9098777771, -30.1061553955, -10.1101913452], [-1199.8984375, 939.918151855, 48.265460968, 43.6297531128, -40.7408905029, -10.4151229858, 11.7767324448, 39.706867218, 101.296257019, 11.0771760941, 48.2447509766, 20.352142334, -2.59356355667], [-201.913208008, 48.265460968, 217.826690674, -4.849421978, -25.7993717194, 41.2435760498, 11.0493440628, 11.710814476, 37.9033889771, 33.6095542908, -9.13436508179, 9.51554965973, 26.82213974], [-28.745092392, 43.6297531128, -4.849421978, 77.7609024048, 28.2398452759, 7.45468425751, 11.0163764954, 9.52572154999, 7.31356191635, 6.37571811676, 5.5159239769, 1.21319580078, -4.4052605629], [122.851791382, -40.7408905029, -25.7993717194, 28.2398452759, 94.2389221191, 20.0851612091, 13.1313781738, 17.1721248627, -3.27042007446, -12.8127174377, 13.846698761, 6.00382995605, -3.7963309288], [-44.596988678, -10.4151229858, 41.2435760498, 7.45468425751, 20.0851612091, 97.7029800415, 35.1036376953, 0.0250478349626, 10.1967105865, 15.493229866, -8.12639808655, -0.21560588479, 15.6010370255], [-69.1058502197, 11.7767324448, 11.0493440628, 11.0163764954, 13.1313781738, 35.1036376953, 53.190284729, 16.736207962, 11.2270116806, 12.5501060486, 6.70255231857, 6.70854949951, 3.92564702034], [-43.791431427, 39.706867218, 11.710814476, 9.52572154999, 17.1721248627, 0.0250478349626, 16.736207962, 58.0481185913, 24.4886837006, 2.89044833183, 15.368303299, 12.302444458, -5.87700891495], [-135.113082886, 101.296257019, 37.9033889771, 7.31356191635, -3.27042007446, 10.1967105865, 11.2270116806, 24.4886837006, 63.5904769897, 25.5956478119, 13.0433769226, 7.66233491898, 0.110845640302], [-91.3371047974, 11.0771760941, 33.6095542908, 6.37571811676, -12.8127174377, 15.493229866, 12.5501060486, 2.89044833183, 25.5956478119, 55.4597854614, 17.8698425293, 6.17821645737, -0.804338335991], [-27.9098777771, 48.2447509766, -9.13436508179, 5.5159239769, 13.846698761, -8.12639808655, 6.70255231857, 15.368303299, 13.0433769226, 17.8698425293, 52.2734680176, 15.9687337875, -15.2738981247], [-30.1061553955, 20.352142334, 9.51554965973, 1.21319580078, 6.00382995605, -0.21560588479, 6.70854949951, 12.302444458, 7.66233491898, 6.17821645737, 15.9687337875, 29.5959377289, 8.19129943848], [-10.1101913452, -2.59356355667, 26.82213974, -4.4052605629, -3.7963309288, 15.6010370255, 3.92564702034, -5.87700891495, 0.110845640302, -0.804338335991, -15.2738981247, 8.19129943848, 50.4028282166]]
        icov: [[0.000614631222561, 0.000854587473441, 0.00025955363526, -0.000263899157289, -0.000159612303833, -2.87785260298e-05, 0.00061751838075, 6.77791394992e-05, -0.000606724177487, 0.00105672061909, -0.000850648444612, 0.000315196928568, -0.000328037654981], [0.000854587473441, 0.00273159658536, 0.000288041686872, -0.00157915125601, 0.00125015573576, -0.000183863623533, 0.00076899380656, 0.000361927959602, -0.00357255479321, 0.00361094414257, -0.0031344445888, 0.000468884943984, -0.000806515687145], [0.00025955363526, 0.000288041686872, 0.00655447132885, 0.00016769170179, 0.00148826849181, -0.00251730228774, 0.00181054277346, -0.00157489115372, -0.00233412836678, -0.00220754416659, 0.00153011607472, -0.00127615826204, -0.0021988528315], [-0.000263899157289, -0.00157915125601, 0.00016769170179, 0.0162748899311, -0.00616552960128, 0.00119546835776, -0.00216346443631, -0.000611275376286, 0.00136694661342, -0.00514638703316, 0.0035665165633, 0.000516275234986, 0.00137357099447], [-0.000159612303833, 0.00125015573576, 0.00148826849181, -0.00616552960128, 0.0174697302282, -0.00540433032438, 0.000245099712629, -0.00345264119096, -0.00104495871346, 0.00783944129944, -0.00719565758482, -0.000751550076529, -0.000662625185214], [-2.87785260298e-05, -0.000183863623533, -0.00251730228774, 0.00119546835776, -0.00540433032438, 0.0175368562341, -0.0107334973291, 0.00372191984206, -0.000593705452047, -0.00387838669121, 0.00409401068464, 0.0023698580917, -0.00234146718867], [0.00061751838075, 0.00076899380656, 0.00181054277346, -0.00216346443631, 0.000245099712629, -0.0107334973291, 0.0302165020257, -0.00808440893888, 0.000537834595889, -0.00273892888799, -0.00195610895753, -0.00218304176815, -0.00122733181342], [6.77791394992e-05, 0.000361927959602, -0.00157489115372, -0.000611275376286, -0.00345264119096, 0.00372191984206, -0.00808440893888, 0.027325026691, -0.0104227541015, 0.00599068403244, -0.00228393892758, -0.00680551631376, 0.00375298527069], [-0.000606724177487, -0.00357255479321, -0.00233412836678, 0.00136694661342, -0.00104495871346, -0.000593705452047, 0.000537834595889, -0.0104227541015, 0.03015755862, -0.0135022066534, 0.00266820657998, 0.00042330272845, 0.000361906480975], [0.00105672061909, 0.00361094414257, -0.00220754416659, -0.00514638703316, 0.00783944129944, -0.00387838669121, -0.00273892888799, 0.00599068403244, -0.0135022066534, 0.0354182235897, -0.0158371720463, 0.000813166610897, -0.000510988291353], [-0.000850648444612, -0.0031344445888, 0.00153011607472, 0.0035665165633, -0.00719565758482, 0.00409401068464, -0.00195610895753, -0.00228393892758, 0.00266820657998, -0.0158371720463, 0.0384856425226, -0.0178098417819, 0.0115407519042], [0.000315196928568, 0.000468884943984, -0.00127615826204, 0.000516275234986, -0.000751550076529, 0.0023698580917, -0.00218304176815, -0.00680551631376, 0.00042330272845, 0.000813166610897, -0.0178098417819, 0.0509480126202, -0.0142669416964], [-0.000328037654981, -0.000806515687145, -0.0021988528315, 0.00137357099447, -0.000662625185214, -0.00234146718867, -0.00122733181342, 0.00375298527069, 0.000361906480975, -0.000510988291353, 0.0115407519042, -0.0142669416964, 0.0280380044132]]
    spectral_contrast:
        mean: [-1.82370285984e-07, 1.51675632054e-08, 1.46603170492e-07, 4.26415773802e-08, -3.52429793793e-07, 1.53100771172e-07, -2.82221066072e-07, -7.68899894865e-07, -1.90863079297e-06, 3.06194601762e-06, 1.24462815165e-06, 1.6356624144e-07]
        var: [0.000350032147253, 0.000639299687464, 0.000859066029079, 0.0010666771559, 0.00187429471407, 0.00419791089371, 0.0357195846736, 0.0537855736911, 0.103248283267, 0.177790403366, 0.418908596039, 1.5127311945]

rhythm:
    beats_loudness:
        dmean: 0.0021143888589
        dmean2: 0.00358629389666
        dvar: 6.12964140601e-06
        dvar2: 8.67075505084e-06
        max: 0.0105162113905
        mean: 0.00488350400701
        min: 0.000857218285091
        var: 1.22990904856e-05
    beats_loudness_bass:
        dmean: 0.116301164031
        dmean2: 0.214330524206
        dvar: 0.0240184813738
        dvar2: 0.0700825974345
        max: 0.575203478336
        mean: 0.135862469673
        min: 0.00530654750764
        var: 0.019679017365
    bpm: 104.292755127
    bpm_confidence: 0
    first_peak_bpm: 103
    first_peak_spread: 0.4375
    first_peak_weight: 0.5625
    onset_rate: 2.90616822243
    second_peak_bpm: 0
    second_peak_spread: 0
    second_peak_weight: 0
    beats_position: [0.243917733431, 0.82434540987, 1.4047729969, 1.98520064354, 2.56562829018, 3.14605569839, 3.72648334503, 4.30691099167, 4.88733863831, 5.46776628494, 6.06089067459, 6.63117551804, 7.20146083832, 7.77174568176, 8.34203052521, 8.91231536865, 9.4826002121]
    bpm_estimates: [102.921890259, 103.688140869, 103.509262085, 105.602424622, 104.590942383, 105.443893433]
    bpm_intervals: [0.580427646637, 0.580427587032, 0.580427646637, 0.580427646637, 0.580427408218, 0.580427646637, 0.580427646637, 0.580427646637, 0.580427646637, 0.593124389648, 0.570284843445, 0.570285320282, 0.570284843445, 0.570284843445, 0.570284843445, 0.570284843445]
    onset_times: [0.0464399084449, 0.824308395386, 0.9287981987, 1.11455786228, 1.20743763447, 1.67183673382, 1.96208620071, 2.27555561066, 2.76317453384, 2.94893431664, 3.34367346764, 3.49460315704, 3.54104304314, 3.95900225639, 4.06349229813, 4.26086187363, 4.34213161469, 4.55111122131, 4.82975053787, 5.0967798233, 5.73532867432, 5.86303853989, 6.09523820877, 6.67573690414, 6.96598625183, 8.66104316711, 8.84680271149, 9.64789104462, 9.83365058899]
    rubato_start: []
    rubato_stop: []
    perceptual_tempo: "unknown"

sfx:
    inharmonicity:
        dmean: 0.058664098382
        dmean2: 0.10430765897
        dvar: 0.00441341008991
        dvar2: 0.0124006140977
        max: 0.405659735203
        mean: 0.0645650029182
        min: 0
        var: 0.0041333520785
    oddtoevenharmonicenergyratio:
        dmean: 4.76238965988
        dmean2: 9.11680793762
        dvar: 189.311355591
        dvar2: 555.288696289
        max: 127.734359741
        mean: 2.9301879406
        min: 0
        var: 102.784042358
    pitch_after_max_to_before_max_energy_ratio: 27.1663742065
    pitch_centroid: 246.065002441
    pitch_max_to_total: 0.0116279069334
    pitch_min_to_total: 0.304651170969
    tristimulus:
        dmean: [0.179921165109, 0.35999661684, 0.142752289772]
        dmean2: [0.323474675417, 0.648450255394, 0.260390281677]
        dvar: [0.0356878079474, 0.0892156884074, 0.0235125608742]
        dvar2: [0.0941965803504, 0.260100275278, 0.0620205923915]
        max: [1, 0.992250323296, 0.844574391842]
        mean: [0.26151445508, 0.417531430721, 0.127157181501]
        min: [0.00238812994212, 0, 0]
        var: [0.0480827689171, 0.103089012206, 0.0270471442491]

tonal:
    chords_changes_rate: 0.0648148134351
    chords_number_rate: 0.0324074067175
    chords_strength:
        dmean: 0.00773066887632
        dmean2: 0.00670582009479
        dvar: 3.24667271343e-05
        dvar2: 3.72347167286e-05
        max: 0.641727507114
        mean: 0.485175251961
        min: 0.298224449158
        var: 0.00955108273774
    key_strength: 0.603036284447
    tuning_diatonic_strength: 0.546604275703
    tuning_equal_tempered_deviation: 0.160171374679
    tuning_frequency: 441.017791748
    tuning_nontempered_energy_ratio: 0.761477589607
    hpcp:
        dmean: [0.165888369083, 0.144960016012, 0.0811649784446, 0.0704137757421, 0.0672732293606, 0.063400156796, 0.0640696510673, 0.0746494010091, 0.09379132092, 0.0916257277131, 0.0779927894473, 0.118183664978, 0.143677353859, 0.133298248053, 0.174275264144, 0.190952271223, 0.201780170202, 0.153390496969, 0.11815816164, 0.122441954911, 0.130291134119, 0.191529735923, 0.155184388161, 0.11377517134, 0.147117599845, 0.151031672955, 0.109177783132, 0.0943251848221, 0.114662744105, 0.115522094071, 0.110076844692, 0.102487035096, 0.105105765164, 0.0987245887518, 0.103975206614, 0.159794822335]
        dmean2: [0.282625049353, 0.257985472679, 0.139362484217, 0.117369756103, 0.109336525202, 0.0972691103816, 0.0940693467855, 0.110399663448, 0.148578464985, 0.145752325654, 0.123674534261, 0.191651120782, 0.231474369764, 0.223947808146, 0.291741907597, 0.326827436686, 0.333334952593, 0.258850872517, 0.204053670168, 0.210719972849, 0.227360844612, 0.352156817913, 0.282421797514, 0.194032967091, 0.248898282647, 0.246962308884, 0.183844685555, 0.154062613845, 0.188317731023, 0.197297781706, 0.184905648232, 0.1735714674, 0.184625342488, 0.170696780086, 0.177562341094, 0.274090021849]
        dvar: [0.0332788974047, 0.0214995183051, 0.0115398485214, 0.0123633872718, 0.00919149536639, 0.00995282363147, 0.0104425316676, 0.00922631565481, 0.0199269913137, 0.0181160718203, 0.00884039886296, 0.021410336718, 0.0275210198015, 0.0214162729681, 0.0276230406016, 0.0422487482429, 0.0394139364362, 0.0239379256964, 0.0229860376567, 0.0271658506244, 0.0192248020321, 0.0436549298465, 0.033181194216, 0.0171103719622, 0.0319223962724, 0.0250834599137, 0.015149272047, 0.0117466626689, 0.0181445591152, 0.0196265522391, 0.0175488162786, 0.0169779192656, 0.021949050948, 0.0187620073557, 0.0220769420266, 0.0255542881787]
        dvar2: [0.0858454033732, 0.0548989512026, 0.0319515578449, 0.0341358929873, 0.02266147919, 0.0194546040148, 0.0151658635587, 0.0190757270902, 0.0503491647542, 0.0437704958022, 0.0218908376992, 0.0572904571891, 0.0687520131469, 0.0563735552132, 0.0752150937915, 0.0954173281789, 0.0970815941691, 0.0675509348512, 0.0653468966484, 0.0804774314165, 0.0571807958186, 0.159190371633, 0.121284544468, 0.0404697917402, 0.083243958652, 0.0746387839317, 0.039601944387, 0.0304490681738, 0.0454127155244, 0.048189535737, 0.0387486107647, 0.0463690720499, 0.0669767335057, 0.0519588366151, 0.0582679361105, 0.0723828822374]
        max: [1, 1, 0.611995875835, 0.957032263279, 1, 0.861639857292, 1, 0.926758766174, 1, 1, 0.833986103535, 1, 1, 0.943306684494, 1, 1, 1, 1, 1, 1, 0.899987816811, 1, 1, 0.914986133575, 1, 1, 0.968100130558, 0.831854939461, 1, 1, 1, 1, 1, 1, 1, 1]
        mean: [0.41567838192, 0.286692410707, 0.129353642464, 0.12082272023, 0.12022485584, 0.117193832994, 0.124333769083, 0.129768386483, 0.157520934939, 0.165794566274, 0.146886482835, 0.221017226577, 0.280209451914, 0.246663630009, 0.304878950119, 0.475622951984, 0.440705895424, 0.255708485842, 0.194858446717, 0.178756773472, 0.215060293674, 0.31503868103, 0.258894562721, 0.237993210554, 0.348399221897, 0.326122075319, 0.241147503257, 0.233064830303, 0.349840402603, 0.429251670837, 0.350514829159, 0.22925363481, 0.184673532844, 0.174342080951, 0.167941987514, 0.288015991449]
        min: [0, 0, 0, 0, 0, 0, 0, 0, 0, 0, 0, 0, 0, 0, 0, 0, 0, 0, 0, 0, 0, 0, 0, 0, 0, 0, 0, 0, 0, 0, 0, 0, 0, 0, 0, 0]
        var: [0.0904876664281, 0.0382994636893, 0.0124337598681, 0.0164984930307, 0.014840843156, 0.0211809109896, 0.0236255638301, 0.0169410966337, 0.0246577169746, 0.0281682815403, 0.0152297681198, 0.0408314317465, 0.0671608969569, 0.0386207327247, 0.0401896983385, 0.117247454822, 0.093200288713, 0.0310638174415, 0.0310237295926, 0.0320467203856, 0.0245927106589, 0.0779331028461, 0.0530865266919, 0.0475556105375, 0.107095807791, 0.0794703140855, 0.0401389934123, 0.0383572243154, 0.107755549252, 0.13670989871, 0.105176687241, 0.0481910705566, 0.0296054817736, 0.0279120448977, 0.0252593383193, 0.041434340179]
    chords_histogram: [9.25925922394, 21.7592601776, 17.1296291351, 0, 0, 0, 0, 0, 0, 0, 0, 0, 0, 0, 0, 10.6481485367, 0, 27.7777786255, 0, 0, 0, 0, 4.62962961197, 8.79629611969]
    thpcp: [1, 0.926586687565, 0.537628591061, 0.409691005945, 0.375837147236, 0.452165514231, 0.662370622158, 0.544327318668, 0.500382125378, 0.732511401176, 0.68567353487, 0.507014036179, 0.490020155907, 0.735541462898, 0.902504086494, 0.736959457397, 0.482007086277, 0.388277173042, 0.366555243731, 0.353098988533, 0.605555295944, 0.873966217041, 0.602772474289, 0.271966785192, 0.25403046608, 0.252773463726, 0.246400713921, 0.261412471533, 0.272838771343, 0.331188678741, 0.348584026098, 0.308829665184, 0.464689999819, 0.589141964912, 0.518611729145, 0.641009747982]
    chords_key: "D"
    chords_scale: "minor"
    key_key: "D"
    key_scale: "major"
    chords_progression: ["G", "G", "G", "G", "G", "G", "G", "G", "G", "G", "Dm", "Dm", "Dm", "Dm", "Dm", "Dm", "A", "A", "A", "A", "A", "A", "A", "A", "A", "A", "A", "A", "A", "A", "A", "A", "A", "A", "A", "A", "A", "A", "A", "A", "A", "A", "A", "A", "A", "A", "A", "A", "A", "A", "A", "A", "A", "Dm", "Dm", "Dm", "Dm", "Dm", "Dm", "Dm", "Dm", "Dm", "Dm", "Dm", "Dm", "Dm", "Dm", "Dm", "Dm", "Dm", "Dm", "Dm", "Dm", "Dm", "Dm", "Dm", "Dm", "Dm", "Dm", "Dm", "D", "D", "D", "D", "D", "D", "D", "D", "D", "D", "D", "D", "D", "Dm", "Dm", "Dm", "Dm", "Dm", "Dm", "Dm", "Dm", "Dm", "Dm", "Dm", "Dm", "Dm", "Dm", "Dm", "Dm", "Dm", "Dm", "Dm", "Dm", "Dm", "D", "Dm", "Dm", "Dm", "Dm", "Dm", "Dm", "D", "D", "D", "D", "D", "F#m", "F#m", "F#m", "F#m", "F#m", "F#m", "F#m", "F#m", "F#m", "F#m", "F#m", "F#m", "F#m", "F#m", "F#m", "F#m", "F#m", "F#m", "F#m", "F#m", "F#m", "F#m", "F#m", "F#m", "F#m", "F#m", "F#m", "F#m", "F#m", "F#m", "F#m", "F#m", "F#m", "F#m", "F#m", "F#m", "F#m", "F#m", "F#m", "F#m", "F#m", "F#m", "F#m", "F#m", "F#m", "F#m", "Bm", "Bm", "Bm", "Bm", "Bm", "Bm", "Bm", "Bm", "Bm", "Bm", "Bm", "Bm", "Bm", "Bm", "Bm", "Bm", "Bm", "Bm", "F#m", "Bm", "D", "Gm", "Gm", "Gm", "Gm", "Gm", "Gm", "Gm", "Gm", "Gm", "Gm", "Gm", "Gm", "Gm", "Gm", "Gm", "Gm", "Gm", "Gm", "Gm", "Gm", "Gm", "Gm", "Gm"]
