
metadata:
    version:
        essentia: "1.2.2"
    audio_properties:
        analysis_sample_rate: 44100
        bitrate: 128
        channels: 2
        equal_loudness: 1
        length: 9.87428569794
        replay_gain: -9.18008232117
        downmix: "mix"
    tags:
        track: 37
        year: 0
        album: "Splitted by Mp3Splt v. 2.1"
        artist: "From 006.00 To 006.10"
        comment: "http://mp3splt.sf.net"
        genre: ""
        title: "09 [Untitled].mp3"

highlevel:
    ballroom:
        all:
            ChaChaCha: 0.298579275608
            Jive: 0.0539298802614
            Quickstep: 0.0397502668202
            Rumba-American: 0.0271430332214
            Rumba-International: 0.061189699918
            Rumba-Misc: 0.0860146805644
            Samba: 0.407752394676
            Tango: 0.00950689334422
            VienneseWaltz: 0.00867535546422
            Waltz: 0.00745850801468
        probability: 0.407752394676
        value: "Samba"
    culture:
        all:
            non_western: 0.845859587193
            western: 0.154140397906
        probability: 0.845859587193
        value: "non_western"
    gender:
        all:
            female: 0.0411396212876
            male: 0.958860397339
        probability: 0.958860397339
        value: "male"
    genre_dortmund:
        all:
            alternative: 0.000207422461244
            blues: 0.00215084315278
            electronic: 0.00294180982746
            folkcountry: 0.000230997611652
            funksoulrnb: 0.0020589758642
            jazz: 0.000876115285791
            pop: 0.00156613893341
            raphiphop: 0.986292004585
            rock: 0.00367567013018
        probability: 0.986292004585
        value: "raphiphop"
    genre_electronica:
        all:
            ambient: 0.567721188068
            dnb: 0.129800722003
            house: 0.176439464092
            techno: 0.0863962844014
            trance: 0.0396423153579
        probability: 0.567721188068
        value: "ambient"
    genre_rosamerica:
        all:
            cla: 0.00175521080382
            dan: 0.00174092687666
            hip: 0.945088744164
            jaz: 0.00494365440682
            pop: 0.00735476007685
            rhy: 0.0322149284184
            roc: 0.00132972141728
            spe: 0.00557207595557
        probability: 0.945088744164
        value: "hip"
    genre_tzanetakis:
        all:
            blu: 0.000563022564165
            cla: 0.00175801361911
            cou: 0.00153383612633
            dis: 0.00203798455186
            hip: 0.505329847336
            jaz: 0.00114141847007
            met: 0.000454766151961
            pop: 0.0638482868671
            reg: 0.42189925909
            roc: 0.00143359962385
        probability: 0.505329847336
        value: "hip"
    live_studio:
        all:
            live: 0.03498641029
            studio: 0.965013563633
        probability: 0.965013563633
        value: "studio"
    mood:
        all:
            Cluster1: 0.22978374362
            Cluster2: 0.316595256329
            Cluster3: 0.0871231481433
            Cluster4: 0.259738117456
            Cluster5: 0.106759741902
        probability: 0.316595256329
        value: "Cluster2"
    mood_acoustic:
        all:
            acoustic: 0.14497974515
            not_acoustic: 0.855020225048
        probability: 0.855020225048
        value: "not_acoustic"
    mood_aggressive:
        all:
            aggressive: 9.07328285393e-06
            not_aggressive: 0.999990940094
        probability: 0.999990940094
        value: "not_aggressive"
    mood_electronic:
        all:
            electronic: 0.47263354063
            not_electronic: 0.52736645937
        probability: 0.52736645937
        value: "not_electronic"
    mood_happy:
        all:
            happy: 0.711005091667
            not_happy: 0.288994908333
        probability: 0.711005091667
        value: "happy"
    mood_party:
        all:
            not_party: 0.314703792334
            party: 0.685296177864
        probability: 0.685296177864
        value: "party"
    mood_relaxed:
        all:
            not_relaxed: 0.744412899017
            relaxed: 0.25558707118
        probability: 0.744412899017
        value: "not_relaxed"
    mood_sad:
        all:
            not_sad: 0.703156352043
            sad: 0.296843677759
        probability: 0.703156352043
        value: "not_sad"
    rhythm:
        all:
            fast: 0.459248483181
            medium: 0.446747839451
            slow: 0.0940036773682
        probability: 0.459248483181
        value: "fast"
    speech_music:
        all:
            music: 0.993068039417
            speech: 0.00693195592612
        probability: 0.993068039417
        value: "music"
    timbre:
        all:
            bright: 0.174232915044
            dark: 0.825767099857
        probability: 0.825767099857
        value: "dark"
    voice_instrumental:
        all:
            instrumental: 0.000168181955814
            voice: 0.999831795692
        probability: 0.999831795692
        value: "voice"

lowlevel:
    average_loudness: 0.984884560108
    barkbands_kurtosis:
        dmean: 4.4903087616
        dmean2: 6.99554395676
        dvar: 78.1050033569
        dvar2: 184.311019897
        max: 107.285186768
        mean: 4.54067468643
        min: -1.87960290909
        var: 127.61075592
    barkbands_skewness:
        dmean: 0.887178182602
        dmean2: 1.28932309151
        dvar: 0.915455877781
        dvar2: 2.00257062912
        max: 9.97981834412
        mean: 1.2250636816
        min: -3.33041095734
        var: 2.75793337822
    barkbands_spread:
        dmean: 8.30501937866
        dmean2: 12.4731454849
        dvar: 81.8921356201
        dvar2: 193.537017822
        max: 80.6930847168
        mean: 20.6873340607
        min: 1.05295848846
        var: 192.402740479
    dissonance:
        dmean: 0.0443198233843
        dmean2: 0.0709138214588
        dvar: 0.00190463289618
        dvar2: 0.00434309849516
        max: 0.499197721481
        mean: 0.417302548885
        min: 0.144676089287
        var: 0.00479542464018
    hfc:
        dmean: 2.0106856823
        dmean2: 2.7329556942
        dvar: 10.6830978394
        dvar2: 21.8539962769
        max: 30.9234733582
        mean: 3.68393301964
        min: 0.00157393631525
        var: 25.1948890686
    pitch:
        dmean: 473.323394775
        dmean2: 896.607849121
        dvar: 1164245.625
        dvar2: 2622485.25
        max: 4900
        mean: 703.150695801
        min: 55.7522125244
        var: 1349433.875
    pitch_instantaneous_confidence:
        dmean: 0.124954678118
        dmean2: 0.192167297006
        dvar: 0.0137312766165
        dvar2: 0.0250131990761
        max: 0.975282788277
        mean: 0.571707904339
        min: 0.157282412052
        var: 0.0440983437002
    pitch_salience:
        dmean: 0.0975740924478
        dmean2: 0.153029412031
        dvar: 0.00700622377917
        dvar2: 0.0160745512694
        max: 0.927840173244
        mean: 0.543432414532
        min: 0.0818159207702
        var: 0.0191407799721
    silence_rate_20dB:
        dmean: 0
        dmean2: 0
        dvar: 0
        dvar2: 0
        max: 1
        mean: 1
        min: 1
        var: 0
    silence_rate_30dB:
        dmean: 0
        dmean2: 0
        dvar: 0
        dvar2: 0
        max: 1
        mean: 1
        min: 1
        var: 0
    silence_rate_60dB:
        dmean: 0.17370891571
        dmean2: 0.348235279322
        dvar: 0.143533945084
        dvar2: 0.264615148306
        max: 1
        mean: 0.634660422802
        min: 0
        var: 0.231867089868
    spectral_centroid:
        dmean: 360.868835449
        dmean2: 510.114746094
        dvar: 224264.0625
        dvar2: 450903.59375
        max: 5218.74365234
        mean: 1142.28735352
        min: 112.804840088
        var: 547110.8125
    spectral_complexity:
        dmean: 2.57882356644
        dmean2: 3.68632078171
        dvar: 18.0226154327
        dvar2: 37.2577781677
        max: 40
        mean: 5.76056337357
        min: 0
        var: 39.8535079956
    spectral_crest:
        dmean: 3.43945145607
        dmean2: 5.43687677383
        dvar: 9.53041362762
        dvar2: 22.7687511444
        max: 25.8954734802
        mean: 11.1504592896
        min: 3.40451788902
        var: 27.2686309814
    spectral_decrease:
        dmean: 4.50387865891e-10
        dmean2: 7.13521519646e-10
        dvar: 4.91753807682e-19
        dvar2: 1.37721167253e-18
        max: -6.6764817416e-13
        mean: -7.08171743469e-10
        min: -4.57771642814e-09
        var: 6.19114961693e-19
    spectral_energy:
        dmean: 0.0018585032085
        dmean2: 0.002905636793
        dvar: 8.02723843663e-06
        dvar2: 2.2080130293e-05
        max: 0.018198788166
        mean: 0.0030069462955
        min: 2.83586723526e-06
        var: 1.10673490781e-05
    spectral_energyband_high:
        dmean: 0.000107145162474
        dmean2: 0.000165077202837
        dvar: 1.1836547742e-07
        dvar2: 2.99211023957e-07
        max: 0.00335440342315
        mean: 0.000111478679173
        min: 7.84637492757e-08
        var: 1.05036640718e-07
    spectral_energyband_low:
        dmean: 0.000245978881139
        dmean2: 0.000410916924011
        dvar: 6.05208413162e-07
        dvar2: 1.65250332884e-06
        max: 0.00723821669817
        mean: 0.000284175650449
        min: 1.2549854489e-08
        var: 4.74790653016e-07
    spectral_energyband_middle_high:
        dmean: 0.000611456925981
        dmean2: 0.000823106907774
        dvar: 8.36195283682e-07
        dvar2: 1.74483636783e-06
        max: 0.00997851509601
        mean: 0.00125807302538
        min: 1.67635349158e-07
        var: 3.0407804843e-06
    spectral_energyband_middle_low:
        dmean: 0.00121791427955
        dmean2: 0.00204367469996
        dvar: 4.44109991804e-06
        dvar2: 1.23688632812e-05
        max: 0.0179368089885
        mean: 0.00135319062974
        min: 1.29676243432e-06
        var: 4.36467780673e-06
    spectral_flatness_db:
        dmean: 0.032667465508
        dmean2: 0.0478015318513
        dvar: 0.00105827930383
        dvar2: 0.00232051080093
        max: 0.461094945669
        mean: 0.197103694081
        min: 0.061402156949
        var: 0.00495471898466
    spectral_flux:
        dmean: 0.014125446789
        dmean2: 0.0210260059685
        dvar: 0.000284163746983
        dvar2: 0.000574665493332
        max: 0.117323823273
        mean: 0.0369399115443
        min: 0.00182213413063
        var: 0.000618039106485
    spectral_kurtosis:
        dmean: 2.50129103661
        dmean2: 3.78059363365
        dvar: 6.01625299454
        dvar2: 13.6649875641
        max: 21.2744636536
        mean: 5.77150678635
        min: -1.01249206066
        var: 17.0469894409
    spectral_rms:
        dmean: 0.000493714236654
        dmean2: 0.000714806374162
        dvar: 3.56690208037e-07
        dvar2: 8.80613356458e-07
        max: 0.00421365816146
        mean: 0.00147057429422
        min: 5.2599425544e-05
        var: 7.71019301737e-07
    spectral_rolloff:
        dmean: 712.368591309
        dmean2: 1106.5213623
        dvar: 862887.75
        dvar2: 1769322
        max: 7924.21875
        mean: 1928.23327637
        min: 64.599609375
        var: 1876749.375
    spectral_skewness:
        dmean: 0.378363132477
        dmean2: 0.553399264812
        dvar: 0.116431415081
        dvar2: 0.253793746233
        max: 3.98842406273
        mean: 1.88209331036
        min: 0.0521804913878
        var: 0.420823603868
    spectral_spread:
        dmean: 1353930.25
        dmean2: 1943697
        dvar: 2.62456711578e+12
        dvar2: 5.51719587021e+12
        max: 19340472
        mean: 5461598.5
        min: 2007433.625
        var: 6.23822032077e+12
    spectral_strongpeak:
        dmean: 0.328388541937
        dmean2: 0.510051429272
        dvar: 0.247822880745
        dvar2: 0.532019197941
        max: 4.16068840027
        mean: 0.547858059406
        min: 0.00158537761308
        var: 0.421985119581
    zerocrossingrate:
        dmean: 0.01513671875
        dmean2: 0.0157839208841
        dvar: 0.000245517294388
        dvar2: 0.000309283466777
        max: 0.23193359375
        mean: 0.0661838874221
        min: 0.00634765625
        var: 0.00131928292103
    barkbands:
        dmean: [1.72180580194e-06, 0.000110102795588, 0.000175815803232, 0.000225782379857, 0.000224862102186, 8.32174191601e-05, 0.000361081620213, 0.000473341555335, 9.06237401068e-05, 0.000114177710202, 6.44795509288e-05, 9.79671822279e-05, 0.000136961956741, 5.30185207026e-05, 5.71985910938e-05, 7.49550235923e-05, 0.000119905926113, 9.00279701455e-05, 9.58874297794e-05, 6.2024257204e-05, 5.37134801561e-05, 1.605520265e-05, 4.30135742135e-06, 1.99430996872e-06, 2.59892908616e-06, 9.37851609706e-08, 1.09806197468e-09]
        dmean2: [2.094683623e-06, 0.000177099005668, 0.000313746364554, 0.000416397029767, 0.000399255979573, 0.000149858286022, 0.000576808466576, 0.000750822364353, 0.000139158102684, 0.000176520363311, 0.000102341073216, 0.000167726786458, 0.000202047580387, 8.24943927e-05, 8.40908032842e-05, 0.000110689928988, 0.000183803989785, 0.000135734400828, 0.000131417211378, 9.83071367955e-05, 8.61536536831e-05, 2.22022972594e-05, 6.31547027297e-06, 2.99385442304e-06, 4.03848662245e-06, 1.46972880088e-07, 1.69818248352e-09]
        dvar: [1.22122858701e-11, 8.886489411e-08, 3.62456319181e-07, 4.73752351127e-07, 3.38715352655e-07, 5.28052126469e-08, 7.42599013392e-07, 1.92726429304e-06, 5.94014828437e-08, 7.55162403721e-08, 4.0599001494e-08, 1.12519252582e-07, 1.2278628958e-07, 1.64984257367e-08, 2.22655636151e-08, 2.9550321301e-08, 5.27533252637e-08, 3.24349223035e-08, 4.03513951142e-08, 2.78044858248e-08, 3.61480410049e-08, 1.43944478559e-09, 9.30589147408e-11, 2.38390088919e-11, 3.46098670556e-11, 5.12131840841e-14, 1.44213434084e-16]
        dvar2: [1.62812818782e-11, 2.37111905221e-07, 1.03876607227e-06, 1.34482650083e-06, 9.84427856565e-07, 1.45979669242e-07, 1.61053696957e-06, 5.08270159116e-06, 1.3036094515e-07, 1.58592555977e-07, 1.0197374678e-07, 3.34291087256e-07, 2.69975600986e-07, 3.7393867558e-08, 4.39001475172e-08, 5.62717374919e-08, 1.1714435999e-07, 6.67229755891e-08, 7.22801019037e-08, 6.61775914068e-08, 9.52742809091e-08, 2.63659960531e-09, 1.95991264884e-10, 5.39219155438e-11, 7.01586219676e-11, 9.76416958897e-14, 3.62536295353e-16]
        max: [3.49080401065e-05, 0.00245334301144, 0.00565201602876, 0.00415780767798, 0.00579924508929, 0.00181769276969, 0.00900913774967, 0.0174543485045, 0.00271760672331, 0.00339709199034, 0.00269630621187, 0.00484084291384, 0.00415415968746, 0.00132433336694, 0.00141985132359, 0.00151930062566, 0.00221938826144, 0.00147934642155, 0.00182653823867, 0.00149288133252, 0.00180171488319, 0.000393164285924, 7.32678454369e-05, 3.80523924832e-05, 4.63216711069e-05, 2.04064031095e-06, 1.76937859919e-07]
        mean: [3.23565063809e-06, 0.000125990904053, 0.000154980327352, 0.000148036851897, 0.000200362337637, 6.10031383985e-05, 0.000337312347256, 0.000485319178551, 9.80871845968e-05, 0.000200084483367, 7.1559981734e-05, 0.000113743655675, 0.000171673018485, 6.08394002484e-05, 7.05284546711e-05, 0.00010273346561, 0.000180642688065, 0.000123349847854, 0.000149362051161, 6.58146236674e-05, 5.2779152611e-05, 2.02662849915e-05, 4.22425409852e-06, 2.20060042011e-06, 2.70793589152e-06, 1.11045743267e-07, 6.71144750886e-10]
        min: [1.99496009989e-11, 2.03938466115e-09, 3.11138315112e-09, 5.14660591922e-10, 4.70184744472e-08, 2.43380853249e-08, 8.11467799622e-08, 1.01191153234e-08, 1.17356071527e-08, 2.49860576673e-09, 1.47106771209e-09, 5.33344080011e-09, 8.73118555234e-09, 5.85755843829e-09, 3.87207554908e-09, 9.07984620824e-09, 1.51065258081e-08, 1.53838897177e-08, 2.87605832483e-08, 4.62260523193e-08, 2.140040678e-08, 9.81801839828e-09, 1.44423584203e-09, 1.29083777001e-09, 1.50784318365e-09, 2.08717418348e-10, 1.88746435338e-14]
        var: [4.19524102957e-11, 8.38360065814e-08, 2.31397791595e-07, 2.74718047422e-07, 2.03007658683e-07, 3.4518478742e-08, 8.82080939846e-07, 1.8838699134e-06, 7.96570276407e-08, 1.90680154333e-07, 4.92325753498e-08, 1.23827533116e-07, 2.39549137859e-07, 2.29971561794e-08, 3.52856943664e-08, 6.19886861841e-08, 1.07808411087e-07, 6.51865690315e-08, 8.58495781131e-08, 2.8094834903e-08, 2.94066175854e-08, 2.18336326796e-09, 1.15087092634e-10, 2.73279402579e-11, 4.29634140764e-11, 7.44347278584e-14, 7.35604704252e-17]
    mfcc:
        mean: [-806.965209961, 113.472702026, -39.3036880493, 38.4703559875, -14.7073440552, -14.3528213501, -4.50399065018, -1.71552240849, 0.873131215572, -8.5953578949, 6.41730165482, 0.166035577655, -1.0854061842]
        cov: [[8239.62304688, -788.803649902, -955.538330078, -133.558822632, 75.9407806396, -23.0296363831, -21.1535205841, -98.7837219238, 205.054656982, 93.1716690063, 220.481796265, -31.7718925476, -20.3606433868], [-788.803649902, 1488.43164062, -60.3475837708, -100.032730103, -42.2407531738, 33.6475791931, 134.760742188, 75.4375305176, -2.99978137016, 1.58055615425, 104.116455078, 43.974571228, -9.79664707184], [-955.538330078, -60.3475837708, 2031.08093262, 799.38458252, 573.020019531, 217.534484863, 23.322927475, 81.3746032715, 99.2667312622, 176.727218628, -33.2289772034, 104.242858887, 78.0368347168], [-133.558822632, -100.032730103, 799.38458252, 825.569213867, 542.078552246, 139.639312744, -32.0453453064, -0.962976098061, 171.447097778, 188.593383789, -42.8046150208, 20.8142204285, 65.8651733398], [75.9407806396, -42.2407531738, 573.020019531, 542.078552246, 762.23828125, 238.191116333, 18.9746780396, -48.1194152832, 195.015075684, 229.149795532, -15.468706131, 7.29355764389, 57.5229454041], [-23.0296363831, 33.6475791931, 217.534484863, 139.639312744, 238.191116333, 284.048736572, 181.637313843, 14.3555173874, 91.568611145, 97.1793899536, 50.3010292053, 18.8899211884, -2.46073365211], [-21.1535205841, 134.760742188, 23.322927475, -32.0453453064, 18.9746780396, 181.637313843, 401.506408691, 105.938964844, 51.2584571838, 3.61297106743, 85.3884429932, 30.4028644562, -19.4291419983], [-98.7837219238, 75.4375305176, 81.3746032715, -0.962976098061, -48.1194152832, 14.3555173874, 105.938964844, 209.956253052, 24.9002094269, 10.1181688309, 33.3278388977, -0.0370659306645, 2.80354762077], [205.054656982, -2.99978137016, 99.2667312622, 171.447097778, 195.015075684, 91.568611145, 51.2584571838, 24.9002094269, 238.821594238, 129.761917114, 49.3839836121, 10.6724853516, 7.10022974014], [93.1716690063, 1.58055615425, 176.727218628, 188.593383789, 229.149795532, 97.1793899536, 3.61297106743, 10.1181688309, 129.761917114, 204.140380859, 71.4464187622, 25.1396846771, 27.4038677216], [220.481796265, 104.116455078, -33.2289772034, -42.8046150208, -15.468706131, 50.3010292053, 85.3884429932, 33.3278388977, 49.3839836121, 71.4464187622, 188.101928711, 76.1471557617, 4.24521589279], [-31.7718925476, 43.974571228, 104.242858887, 20.8142204285, 7.29355764389, 18.8899211884, 30.4028644562, -0.0370659306645, 10.6724853516, 25.1396846771, 76.1471557617, 139.360916138, 52.8992271423], [-20.3606433868, -9.79664707184, 78.0368347168, 65.8651733398, 57.5229454041, -2.46073365211, -19.4291419983, 2.80354762077, 7.10022974014, 27.4038677216, 4.24521589279, 52.8992271423, 111.046333313]]
        icov: [[0.000151110565639, 9.39272867981e-05, 8.4071274614e-05, -1.58305811055e-05, -8.72407181305e-05, 5.44521681149e-05, 9.48494471231e-06, 3.2133582863e-05, -0.000106249179225, 0.000106553743535, -0.00030332323513, 0.000102948994027, -2.33992486756e-05], [9.39272867981e-05, 0.00077970669372, 6.09806411376e-05, 6.4308209403e-05, -0.000162161974004, 0.00011372975132, -0.000147157858009, -0.000158906492288, 2.72243651125e-05, 0.000134177316795, -0.000514488550834, -2.51548135566e-05, 6.65963088977e-05], [8.4071274614e-05, 6.09806411376e-05, 0.000986381666735, -0.000806586176623, -0.00023208220955, -0.00037946854718, 0.000188016798347, -0.000572537712287, 0.000414348265622, 6.00210041739e-05, 0.000161225063493, -0.000847728340887, 0.000321562838508], [-1.58305811055e-05, 6.4308209403e-05, -0.000806586176623, 0.00321860634722, -0.00139022036456, 0.00049053953262, 7.31679610908e-05, -8.10384080978e-05, -0.000827648211271, -0.000627547909971, 0.000773189938627, 9.58280111263e-07, -0.000415833783336], [-8.72407181305e-05, -0.000162161974004, -0.00023208220955, -0.00139022036456, 0.00403905240819, -0.00200121453963, 0.00013411018881, 0.00109403079841, -0.000621905957814, -0.00207448424771, 0.00118549074978, 0.000579232815653, -0.000952936359681], [5.44521681149e-05, 0.00011372975132, -0.00037946854718, 0.00049053953262, -0.00200121453963, 0.00834762956947, -0.0038455191534, 0.00117803900503, -6.19706406724e-05, -0.00186540884897, -0.000302126602037, 0.00015857355902, 0.000915102020372], [9.48494471231e-06, -0.000147157858009, 0.000188016798347, 7.31679610908e-05, 0.00013411018881, -0.0038455191534, 0.0052625797689, -0.0021998512093, -0.000675897113979, 0.00238181324676, -0.00136674009264, -0.000515905965585, 0.000388296088204], [3.2133582863e-05, -0.000158906492288, -0.000572537712287, -8.10384080978e-05, 0.00109403079841, 0.00117803900503, -0.0021998512093, 0.00658064195886, -0.000716809008736, -0.000902595755178, -0.000623150437605, 0.00177772378083, -0.00120382115711], [-0.000106249179225, 2.72243651125e-05, 0.000414348265622, -0.000827648211271, -0.000621905957814, -6.19706406724e-05, -0.000675897113979, -0.000716809008736, 0.00736404629424, -0.00349746691063, -0.000136368587846, -0.000236077481532, 0.00091318617342], [0.000106553743535, 0.000134177316795, 6.00210041739e-05, -0.000627547909971, -0.00207448424771, -0.00186540884897, 0.00238181324676, -0.000902595755178, -0.00349746691063, 0.0127305509523, -0.00535172550008, 0.00134479533881, -0.00151983404066], [-0.00030332323513, -0.000514488550834, 0.000161225063493, 0.000773189938627, 0.00118549074978, -0.000302126602037, -0.00136674009264, -0.000623150437605, -0.000136368587846, -0.00535172550008, 0.0115364911035, -0.00604879902676, 0.00225275591947], [0.000102948994027, -2.51548135566e-05, -0.000847728340887, 9.58280111263e-07, 0.000579232815653, 0.00015857355902, -0.000515905965585, 0.00177772378083, -0.000236077481532, 0.00134479533881, -0.00604879902676, 0.0133632300422, -0.00627124169841], [-2.33992486756e-05, 6.65963088977e-05, 0.000321562838508, -0.000415833783336, -0.000952936359681, 0.000915102020372, 0.000388296088204, -0.00120382115711, 0.00091318617342, -0.00151983404066, 0.00225275591947, -0.00627124169841, 0.0128577314317]]
    spectral_contrast:
        mean: [2.91101713401e-07, -3.4994991438e-07, -4.95655996247e-08, -2.3548032857e-07, 3.30658878056e-07, 4.3038471631e-07, 4.71555313197e-06, -2.11274681305e-07, -1.34320330858e-07, -2.49779850492e-06, -1.5167003653e-07, -3.01549130199e-06]
        var: [0.000930819485802, 0.00123670999892, 0.00295927096158, 0.00517104426399, 0.00859642960131, 0.0156213175505, 0.114007934928, 0.167027309537, 0.358546078205, 0.669080078602, 1.30209517479, 4.70440578461]

rhythm:
    beats_loudness:
        dmean: 0.00339630246162
        dmean2: 0.00606968160719
        dvar: 7.63886328059e-06
        dvar2: 1.67415455508e-05
        max: 0.00793563853949
        mean: 0.0045227445662
        min: 2.60001434071e-05
        var: 9.32569491852e-06
    beats_loudness_bass:
        dmean: 0.113258369267
        dmean2: 0.221104070544
        dvar: 0.0310743357986
        dvar2: 0.0869731679559
        max: 0.592728376389
        mean: 0.0709171146154
        min: 3.21406114381e-05
        var: 0.019137756899
    bpm: 101.484832764
    bpm_confidence: 0
    first_peak_bpm: 101
    first_peak_spread: 0
    first_peak_weight: 0.933333396912
    onset_rate: 5.16493082047
    second_peak_bpm: 82
    second_peak_spread: 0
    second_peak_weight: 0.0666666701436
    beats_position: [0.208078995347, 0.799474358559, 1.39086973667, 1.98226511478, 2.57366037369, 3.16505551338, 3.75645089149, 4.34784603119, 4.9392414093, 5.53063678741, 6.25987577438, 6.85090255737, 7.44192886353, 8.03295516968, 8.62398147583, 9.21500873566]
    bpm_estimates: [101.490127563, 101.432998657, 101.208740234, 101.437606812, 101.586578369, 101.764022827, 101.344589233, 101.377029419, 101.498153687, 101.395736694, 101.986038208, 101.457572937, 101.515274048, 101.341156006, 101.436950684]
    bpm_intervals: [0.591395378113, 0.591395378113, 0.591395378113, 0.591395258904, 0.591395139694, 0.591395378113, 0.591395139694, 0.591395378113, 0.591395378113, 0.729238986969, 0.59102678299, 0.591026306152, 0.591026306152, 0.591026306152, 0.591027259827]
    onset_times: [0.0464399084449, 0.174149662256, 0.406349211931, 0.510838985443, 0.650158703327, 0.801088452339, 1.04489791393, 1.09133791924, 1.27709746361, 1.39319729805, 1.57895696163, 1.69505667686, 1.97369611263, 2.32199549675, 2.63546490669, 2.87927436829, 3.1811337471, 3.76163268089, 4.051882267, 4.21442174911, 4.26086187363, 4.37696123123, 4.46984148026, 4.69043064117, 4.81814050674, 4.95746040344, 5.15482997894, 5.27092981339, 5.4334692955, 5.49151945114, 5.73532867432, 5.85142850876, 6.025578022, 6.14167785645, 6.35065746307, 6.45514726639, 6.74539661407, 6.84988641739, 7.01242637634, 7.19818592072, 7.33750581741, 7.59292507172, 7.81351470947, 8.2198638916, 8.51011371613, 8.70748329163, 8.97451210022, 9.12544250488, 9.21832180023, 9.41569137573, 9.71755123138]
    rubato_start: []
    rubato_stop: []
    perceptual_tempo: "unknown"

sfx:
    inharmonicity:
        dmean: 0.0484556742013
        dmean2: 0.0852866917849
        dvar: 0.00394315551966
        dvar2: 0.0110406335443
        max: 0.465116411448
        mean: 0.0480255261064
        min: 5.26097664988e-06
        var: 0.0038359714672
    oddtoevenharmonicenergyratio:
        dmean: 10.8234672546
        dmean2: 21.075553894
        dvar: 1492.76428223
        dvar2: 4435.44287109
        max: 336.212615967
        mean: 6.42723560333
        min: 1.76328048838e-05
        var: 803.193603516
    pitch_after_max_to_before_max_energy_ratio: 3.82531929016
    pitch_centroid: 197.451019287
    pitch_max_to_total: 0.103286385536
    pitch_min_to_total: 0.683098614216
    tristimulus:
        dmean: [0.231354877353, 0.25037997961, 0.107286311686]
        dmean2: [0.390656918287, 0.430863440037, 0.19051502645]
        dvar: [0.0426376834512, 0.0479998998344, 0.0163022261113]
        dvar2: [0.104785323143, 0.124361209571, 0.044046215713]
        max: [0.985154747963, 0.977405428886, 0.951978087425]
        mean: [0.370006352663, 0.482771873474, 0.108725212514]
        min: [0.000701568787917, 0, 0]
        var: [0.0764765962958, 0.0813990905881, 0.0199348628521]

tonal:
    chords_changes_rate: 0.112149529159
    chords_number_rate: 0.0327102802694
    chords_strength:
        dmean: 0.0159491859376
        dmean2: 0.0225620027632
        dvar: 0.000185127370059
        dvar2: 0.000361943792086
        max: 0.712143242359
        mean: 0.504312336445
        min: 0.362393349409
        var: 0.00808559823781
    key_strength: 0.568737030029
    tuning_diatonic_strength: 0.576103806496
    tuning_equal_tempered_deviation: 0.308424770832
    tuning_frequency: 432.690917969
    tuning_nontempered_energy_ratio: 0.939467132092
    hpcp:
        dmean: [0.166319847107, 0.178669005632, 0.159564003348, 0.188757061958, 0.248001635075, 0.229918509722, 0.216625764966, 0.181924715638, 0.180458933115, 0.202302888036, 0.232219219208, 0.225933805108, 0.213515877724, 0.203801184893, 0.152019023895, 0.129902258515, 0.128552600741, 0.125217929482, 0.131986245513, 0.148737594485, 0.127079665661, 0.11384755373, 0.122063361108, 0.140436857939, 0.17632509768, 0.186616823077, 0.196692079306, 0.188716247678, 0.147096708417, 0.147245913744, 0.137369856238, 0.140775039792, 0.177762404084, 0.209598973393, 0.182311803102, 0.1412999928]
        dmean2: [0.290374606848, 0.324163734913, 0.287547379732, 0.320928633213, 0.418565541506, 0.379593968391, 0.381894260645, 0.326856374741, 0.325407385826, 0.360916644335, 0.413275927305, 0.400605112314, 0.389289021492, 0.364617019892, 0.273915678263, 0.220671162009, 0.222261488438, 0.217145651579, 0.23940692842, 0.27114289999, 0.229538485408, 0.19988681376, 0.227768972516, 0.25444662571, 0.318170070648, 0.321941554546, 0.342006891966, 0.328245222569, 0.2580037117, 0.247972220182, 0.243098467588, 0.248702377081, 0.31290346384, 0.362004697323, 0.314405977726, 0.243578314781]
        dvar: [0.0526550784707, 0.0624827295542, 0.0429085716605, 0.0499958284199, 0.0738022848964, 0.0627054721117, 0.0597513057292, 0.0596072562039, 0.0599999986589, 0.0779469236732, 0.0718192756176, 0.0811920464039, 0.0700169876218, 0.0761708170176, 0.055681142956, 0.0426249206066, 0.0479611940682, 0.0378516241908, 0.0419443920255, 0.0504969209433, 0.0428188443184, 0.0344787053764, 0.0373229905963, 0.0402923487127, 0.063329026103, 0.0582634545863, 0.064185269177, 0.0656949356198, 0.0446353070438, 0.0515579469502, 0.0360513664782, 0.0387928299606, 0.0575122348964, 0.0743014067411, 0.0513495691121, 0.0355491004884]
        dvar2: [0.140190809965, 0.166424259543, 0.127539291978, 0.137665957212, 0.168820396066, 0.149260252714, 0.16749766469, 0.160586893559, 0.152634307742, 0.209250643849, 0.179844975471, 0.183035567403, 0.191405415535, 0.220188513398, 0.141453891993, 0.0987511202693, 0.119611382484, 0.103861674666, 0.111027620733, 0.138162747025, 0.112189561129, 0.0912681594491, 0.10199521482, 0.104825511575, 0.177228525281, 0.148415908217, 0.166346132755, 0.181860029697, 0.109201334417, 0.120716132224, 0.0875258743763, 0.09865116328, 0.153038546443, 0.189422622323, 0.125913262367, 0.088753759861]
        max: [1, 1, 0.944173395634, 1, 1, 1, 1, 1, 1, 1, 1, 1, 1, 1, 1, 1, 1, 0.991267025471, 1, 1, 1, 1, 1, 1, 1, 1, 1, 1, 1, 1, 1, 1, 1, 1, 1, 1]
        mean: [0.136430665851, 0.149012774229, 0.134276226163, 0.17357352376, 0.285499989986, 0.291461080313, 0.187761664391, 0.147227212787, 0.149599716067, 0.150625899434, 0.185997724533, 0.200648605824, 0.169576108456, 0.167174622416, 0.151448875666, 0.117694914341, 0.112679675221, 0.112649284303, 0.121016636491, 0.126489013433, 0.108793184161, 0.100964583457, 0.105836622417, 0.120676591992, 0.141021892428, 0.17034676671, 0.188422039151, 0.166700750589, 0.151372790337, 0.141355276108, 0.112375386059, 0.112411677837, 0.156119540334, 0.218662962317, 0.200629547238, 0.131182774901]
        min: [4.27889535786e-05, 4.32968699897e-05, 0.000100374680187, 6.70517329127e-05, 6.00915118412e-05, 5.80014238949e-05, 0, 2.79400337604e-05, 0.000224399584113, 0.000198421883397, 0.000223796392675, 2.54197639151e-05, 3.07850132231e-05, 0.000121139113617, 0.00022732312209, 0.000220289133722, 0.000105138780782, 0.000190489256056, 0.000310214294586, 0.000268070551101, 0.00017762852076, 0.0001353162952, 9.78245880106e-05, 5.56836057513e-05, 4.78864640172e-05, 8.50722281029e-05, 0.000165767763974, 0.000200453549041, 0.000131225810037, 0.0002230869286, 0.000114396651043, 0.000102572710603, 0.000177041074494, 0.00084241834702, 0.000888557580765, 0.00050049345009]
        var: [0.0434640645981, 0.0505249351263, 0.0346694402397, 0.0508992709219, 0.10918161273, 0.109482429922, 0.0570659264922, 0.0537694096565, 0.057620909065, 0.0610836371779, 0.0727179348469, 0.0906911641359, 0.062087032944, 0.0679087564349, 0.0575386285782, 0.0423514284194, 0.0402175448835, 0.0310861710459, 0.0385402217507, 0.0449811406434, 0.0367328859866, 0.0291976127774, 0.029967809096, 0.0384262800217, 0.0545969754457, 0.0602635405958, 0.0652837529778, 0.0608491972089, 0.0530481562018, 0.0590115748346, 0.033679254353, 0.0346353389323, 0.0581843331456, 0.0940864533186, 0.078865557909, 0.0359781496227]
    chords_histogram: [36.91588974, 13.0841121674, 1.86915886402, 0, 0, 12.1495323181, 0.467289716005, 7.94392538071, 0, 4.20560741425, 0, 0, 0, 0, 0, 0, 0, 0, 0.467289716005, 0, 0, 0, 0, 22.897195816]
    thpcp: [1, 0.644208371639, 0.505135059357, 0.51327508688, 0.516795933247, 0.638156294823, 0.688423335552, 0.581813931465, 0.57357442379, 0.519619524479, 0.403810054064, 0.386602818966, 0.38649854064, 0.415206849575, 0.433982521296, 0.373268306255, 0.346408456564, 0.363124370575, 0.414040148258, 0.483844667673, 0.584457993507, 0.646474123001, 0.571948587894, 0.519358515739, 0.484988510609, 0.38555881381, 0.385683327913, 0.53564453125, 0.750230371952, 0.688357949257, 0.450086772442, 0.468092232943, 0.511261284351, 0.460700362921, 0.595529019833, 0.979547560215]
    chords_key: "A#"
    chords_scale: "minor"
    key_key: "A#"
    key_scale: "minor"
    chords_progression: ["F#", "F#", "F#", "F#", "F#", "F#", "F#", "F#", "F#", "F#", "F#", "F#", "F#", "F#", "F#", "F#", "F#", "F#", "F#", "F#", "F#", "F#", "F#", "F#", "F#", "F#", "F#", "F#", "F#", "F#", "F#", "F#", "F#", "F#", "F#", "F#", "F#", "F#", "F#", "A#m", "A#m", "F#", "F#", "F#", "F#", "F#", "F#", "F#", "A#m", "A#m", "F#", "A#m", "F#", "F#", "C#", "C#", "C#", "C#", "C#", "C#", "C#", "C#", "C#", "C#", "C#", "C#", "C#", "C#", "C#", "C#", "C#m", "C#", "C#", "C#", "C#", "C#", "C#", "C#", "C#", "C#", "C#", "C#", "C#", "Gm", "D#", "D#", "D#", "D#", "D#", "D#", "D#", "D#", "D#", "D#", "D#", "D#", "D#", "D#", "D#", "D#", "D#", "D#", "D#", "D#", "D#", "D#", "D#", "A#m", "A#m", "A#m", "A#m", "A#m", "A#m", "A#", "A#m", "A#m", "D#", "D#", "A#m", "D#", "A#", "A#", "A#", "A#", "A#", "A#", "A#", "A#", "A#", "A#", "A#", "A#", "A#", "A#", "A#", "A#", "A#m", "A#m", "A#m", "A#m", "A#m", "A#m", "A#m", "A#m", "A#m", "A#m", "A#m", "A#m", "A#m", "A#m", "A#m", "A#m", "A#m", "A#m", "A#m", "A#m", "A#m", "A#m", "A#m", "A#m", "A#m", "A#m", "A#m", "A#m", "A#m", "A#m", "A#m", "A#m", "A#m", "A#m", "A#m", "A#m", "A#m", "A#m", "A#m", "A#m", "A#m", "A#m", "A#m", "A#m", "A#m", "A#m", "A#m", "A#m", "A#m", "A#m", "A#m", "A#m", "A#m", "A#m", "A#m", "A#m", "A#m", "A#m", "A#m", "F", "F", "F", "F", "F", "F", "F", "F", "F", "Fm", "Fm", "Fm", "A#m", "A#m", "A#m", "A#m", "Fm", "A#m", "A#m"]
