
metadata:
    version:
        essentia: "1.2.2"
    audio_properties:
        analysis_sample_rate: 44100
        bitrate: 128
        channels: 2
        equal_loudness: 1
        length: 10.0310201645
        replay_gain: -10.8399028778
        downmix: "mix"
    tags:
        track: 44
        year: 0
        album: "Splitted by Mp3Splt v. 2.1"
        artist: "From 007.10 To 007.20"
        comment: "http://mp3splt.sf.net"
        genre: ""
        title: "15 Liberation.mp3"

highlevel:
    ballroom:
        all:
            ChaChaCha: 0.662393033504
            Jive: 0.0221213847399
            Quickstep: 0.00206806487404
            Rumba-American: 0.000817861640826
            Rumba-International: 0.00289044785313
            Rumba-Misc: 0.00323888729326
            Samba: 0.306113511324
            Tango: 0.000142499804497
            VienneseWaltz: 0.000110590379336
            Waltz: 0.00010369031952
        probability: 0.662393033504
        value: "ChaChaCha"
    culture:
        all:
            non_western: 0.5
            western: 0.5
        probability: 0.5
        value: "non_western"
    gender:
        all:
            female: 0.82586145401
            male: 0.174138531089
        probability: 0.82586145401
        value: "female"
    genre_dortmund:
        all:
            alternative: 0.00756745506078
            blues: 0.00266243354417
            electronic: 0.496075689793
            folkcountry: 0.00387100619264
            funksoulrnb: 0.0248184762895
            jazz: 0.0411858707666
            pop: 0.0254281181842
            raphiphop: 0.343604564667
            rock: 0.054786387831
        probability: 0.496075689793
        value: "electronic"
    genre_electronica:
        all:
            ambient: 0.159285724163
            dnb: 0.354741841555
            house: 0.365993738174
            techno: 0.0551221370697
            trance: 0.0648565664887
        probability: 0.365993738174
        value: "house"
    genre_rosamerica:
        all:
            cla: 0.00118081958499
            dan: 0.0253796372563
            hip: 0.203314647079
            jaz: 0.00232605542988
            pop: 0.00248756748624
            rhy: 0.758995473385
            roc: 0.0053100483492
            spe: 0.00100576551631
        probability: 0.758995473385
        value: "rhy"
    genre_tzanetakis:
        all:
            blu: 0.00385439768434
            cla: 0.00345495878719
            cou: 0.00572139769793
            dis: 0.0179959218949
            hip: 0.15790066123
            jaz: 0.00356689398177
            met: 0.00308901816607
            pop: 0.244215607643
            reg: 0.550025999546
            roc: 0.0101751750335
        probability: 0.550025999546
        value: "reg"
    live_studio:
        all:
            live: 0.0825279653072
            studio: 0.91747200489
        probability: 0.91747200489
        value: "studio"
    mood:
        all:
            Cluster1: 0.229480266571
            Cluster2: 0.265749573708
            Cluster3: 0.130084067583
            Cluster4: 0.0960216149688
            Cluster5: 0.278664469719
        probability: 0.278664469719
        value: "Cluster5"
    mood_acoustic:
        all:
            acoustic: 0.0622195154428
            not_acoustic: 0.937780499458
        probability: 0.937780499458
        value: "not_acoustic"
    mood_aggressive:
        all:
            aggressive: 0.120110116899
            not_aggressive: 0.879889905453
        probability: 0.879889905453
        value: "not_aggressive"
    mood_electronic:
        all:
            electronic: 0.791773200035
            not_electronic: 0.208226814866
        probability: 0.791773200035
        value: "electronic"
    mood_happy:
        all:
            happy: 0.0866141915321
            not_happy: 0.913385808468
        probability: 0.913385808468
        value: "not_happy"
    mood_party:
        all:
            not_party: 0.198236137629
            party: 0.801763832569
        probability: 0.801763832569
        value: "party"
    mood_relaxed:
        all:
            not_relaxed: 0.60161113739
            relaxed: 0.398388832808
        probability: 0.60161113739
        value: "not_relaxed"
    mood_sad:
        all:
            not_sad: 0.544537067413
            sad: 0.455462962389
        probability: 0.544537067413
        value: "not_sad"
    rhythm:
        all:
            fast: 0.277910411358
            medium: 0.572818219662
            slow: 0.149271339178
        probability: 0.572818219662
        value: "medium"
    speech_music:
        all:
            music: 0.998235166073
            speech: 0.00176481343806
        probability: 0.998235166073
        value: "music"
    timbre:
        all:
            bright: 0.0782403945923
            dark: 0.921759605408
        probability: 0.921759605408
        value: "dark"
    voice_instrumental:
        all:
            instrumental: 0.0341790989041
            voice: 0.965820908546
        probability: 0.965820908546
        value: "voice"

lowlevel:
    average_loudness: 0.933044493198
    barkbands_kurtosis:
        dmean: 3.15630173683
        dmean2: 4.93950796127
        dvar: 23.7832984924
        dvar2: 52.7003097534
        max: 49.956161499
        mean: 5.13257074356
        min: -1.87093794346
        var: 69.3630065918
    barkbands_skewness:
        dmean: 0.590412318707
        dmean2: 0.911928772926
        dvar: 0.395382583141
        dvar2: 0.853827178478
        max: 5.67948770523
        mean: 1.7408041954
        min: -1.37971770763
        var: 1.69365489483
    barkbands_spread:
        dmean: 7.97955131531
        dmean2: 12.2347602844
        dvar: 93.3951034546
        dvar2: 190.758956909
        max: 69.8957977295
        mean: 24.2979240417
        min: 1.87923717499
        var: 312.236541748
    dissonance:
        dmean: 0.0265721082687
        dmean2: 0.0460515357554
        dvar: 0.000782703515142
        dvar2: 0.00199601589702
        max: 0.496731728315
        mean: 0.449981838465
        min: 0.16740258038
        var: 0.00139801658224
    hfc:
        dmean: 3.07094049454
        dmean2: 5.06721925735
        dvar: 103.86971283
        dvar2: 272.067779541
        max: 77.795425415
        mean: 3.70831918716
        min: 0.00630818260834
        var: 87.622428894
    pitch:
        dmean: 523.966674805
        dmean2: 1017.62811279
        dvar: 1581831.125
        dvar2: 3382178
        max: 4900
        mean: 980.699890137
        min: 62.3762359619
        var: 2529913.25
    pitch_instantaneous_confidence:
        dmean: 0.0883877426386
        dmean2: 0.14450982213
        dvar: 0.0074133919552
        dvar2: 0.0188047457486
        max: 0.821324765682
        mean: 0.419724792242
        min: 0.12826603651
        var: 0.0238978061825
    pitch_salience:
        dmean: 0.0680392310023
        dmean2: 0.109606772661
        dvar: 0.00413733394817
        dvar2: 0.00994823500514
        max: 0.867701053619
        mean: 0.575539112091
        min: 0.2896232903
        var: 0.0107041420415
    silence_rate_20dB:
        dmean: 0
        dmean2: 0
        dvar: 0
        dvar2: 0
        max: 1
        mean: 1
        min: 1
        var: 0
    silence_rate_30dB:
        dmean: 0
        dmean2: 0
        dvar: 0
        dvar2: 0
        max: 1
        mean: 1
        min: 1
        var: 0
    silence_rate_60dB:
        dmean: 0.12962962687
        dmean2: 0.257540613413
        dvar: 0.112825781107
        dvar2: 0.200494468212
        max: 1
        mean: 0.757505774498
        min: 0
        var: 0.183690398932
    spectral_centroid:
        dmean: 278.706817627
        dmean2: 436.588592529
        dvar: 153625
        dvar2: 295195.6875
        max: 3608.17236328
        mean: 920.842285156
        min: 131.24508667
        var: 539301.9375
    spectral_complexity:
        dmean: 2.78422284126
        dmean2: 4.11627912521
        dvar: 29.3757743835
        dvar2: 53.2515678406
        max: 55
        mean: 6.21527767181
        min: 0
        var: 54.7707824707
    spectral_crest:
        dmean: 2.25012087822
        dmean2: 3.70362710953
        dvar: 4.62160110474
        dvar2: 11.0936775208
        max: 20.3611297607
        mean: 10.316236496
        min: 2.66091871262
        var: 14.4833364487
    spectral_decrease:
        dmean: 5.88516457789e-10
        dmean2: 9.90180382132e-10
        dvar: 2.92657803531e-18
        dvar2: 7.77261668792e-18
        max: -2.00365462069e-12
        mean: -7.37704730636e-10
        min: -1.39675195854e-08
        var: 2.23064100067e-18
    spectral_energy:
        dmean: 0.00248682242818
        dmean2: 0.00416259048507
        dvar: 5.39630564163e-05
        dvar2: 0.000143123441376
        max: 0.0597729571164
        mean: 0.00312062469311
        min: 8.1344105638e-06
        var: 4.15293543483e-05
    spectral_energyband_high:
        dmean: 0.000183075200766
        dmean2: 0.000298908154946
        dvar: 2.08980168281e-07
        dvar2: 5.30916054231e-07
        max: 0.0042701982893
        mean: 0.0002866423456
        min: 1.66870179896e-08
        var: 3.23580024997e-07
    spectral_energyband_low:
        dmean: 0.000400358665502
        dmean2: 0.000639594858512
        dvar: 9.94387050923e-07
        dvar2: 2.58816021415e-06
        max: 0.0082841636613
        mean: 0.000623416679446
        min: 7.63242180568e-09
        var: 1.05587650978e-06
    spectral_energyband_middle_high:
        dmean: 0.00106463255361
        dmean2: 0.00184002693277
        dvar: 2.03148010769e-05
        dvar2: 5.5206604884e-05
        max: 0.0376414954662
        mean: 0.000909829162993
        min: 1.71040608166e-06
        var: 1.3869454051e-05
    spectral_energyband_middle_low:
        dmean: 0.00101661449298
        dmean2: 0.00171503890306
        dvar: 8.83717984834e-06
        dvar2: 2.31084413826e-05
        max: 0.0372404232621
        mean: 0.00130065355916
        min: 6.39968220639e-06
        var: 6.89912621965e-06
    spectral_flatness_db:
        dmean: 0.0299728140235
        dmean2: 0.0415177233517
        dvar: 0.000755724322516
        dvar2: 0.00151841610204
        max: 0.36108237505
        mean: 0.165836110711
        min: 0.0478333756328
        var: 0.00328714493662
    spectral_flux:
        dmean: 0.0143949417397
        dmean2: 0.0221018660814
        dvar: 0.0007678627735
        dvar2: 0.00165281351656
        max: 0.221985727549
        mean: 0.0286376457661
        min: 0.00239818287082
        var: 0.00111359334551
    spectral_kurtosis:
        dmean: 3.16986870766
        dmean2: 4.52875232697
        dvar: 19.7778644562
        dvar2: 44.038066864
        max: 39.9427223206
        mean: 5.78726482391
        min: -0.298438549042
        var: 47.6977615356
    spectral_rms:
        dmean: 0.000460743904114
        dmean2: 0.000715442874935
        dvar: 8.42468011797e-07
        dvar2: 2.0315897018e-06
        max: 0.00763643113896
        mean: 0.00141933327541
        min: 8.90842857189e-05
        var: 1.03000218132e-06
    spectral_rolloff:
        dmean: 671.126281738
        dmean2: 1157.3840332
        dvar: 1082036.5
        dvar2: 2329591
        max: 5447.90039062
        mean: 1719.61645508
        min: 129.19921875
        var: 2603626.25
    spectral_skewness:
        dmean: 0.443361699581
        dmean2: 0.595309078693
        dvar: 0.258690983057
        dvar2: 0.523229718208
        max: 4.9016919136
        mean: 1.87876069546
        min: 0.646676003933
        var: 0.909973025322
    spectral_spread:
        dmean: 1747379.375
        dmean2: 2219182.25
        dvar: 3.76092596634e+12
        dvar2: 6.48183336141e+12
        max: 15173887
        mean: 7055490
        min: 1390360.75
        var: 1.06894972682e+13
    spectral_strongpeak:
        dmean: 0.151581645012
        dmean2: 0.274271637201
        dvar: 0.164585918188
        dvar2: 0.451015084982
        max: 2.85843968391
        mean: 0.214412465692
        min: 0.00702086184174
        var: 0.111979864538
    zerocrossingrate:
        dmean: 0.0127225024626
        dmean2: 0.0144417695701
        dvar: 0.000180935050594
        dvar2: 0.000214487416088
        max: 0.16943359375
        mean: 0.0622185617685
        min: 0.00537109375
        var: 0.00157843029592
    barkbands:
        dmean: [2.4088524242e-06, 0.00018143770285, 0.000256461295066, 0.00012426453759, 0.000292536627967, 0.000142961187521, 0.000230154473684, 0.000100575161923, 0.000237706422922, 0.000381087971618, 8.58286002767e-05, 0.000132135974127, 5.87550748605e-05, 4.60261144326e-05, 5.41670742678e-05, 4.88225450681e-05, 7.73943320382e-05, 8.4414241428e-05, 0.00010278190166, 0.000141757103847, 8.30985809444e-05, 2.7301695809e-05, 7.62570607549e-06, 4.23549181505e-06, 4.49005301562e-06, 5.22342702425e-07, 3.5098877138e-09]
        dmean2: [3.58983243132e-06, 0.000284855632344, 0.000446493446361, 0.000210613492527, 0.00049768720055, 0.000239797212998, 0.000390423287172, 0.000182550706086, 0.000428889004979, 0.000693180889357, 0.000156580470502, 0.000235627056099, 0.000102557729406, 8.20785644464e-05, 9.45327992667e-05, 8.56240149005e-05, 0.00013221608242, 0.000136665490572, 0.000178390648216, 0.000233792510699, 0.000136838119943, 4.37073795183e-05, 1.20938757391e-05, 6.55771782476e-06, 6.77712978359e-06, 7.92147716311e-07, 5.32737143288e-09]
        dvar: [2.47377795332e-11, 2.24715734021e-07, 4.60307433059e-07, 6.01133436362e-08, 4.2847034365e-07, 9.6562978058e-08, 7.32306602913e-07, 7.08428657958e-08, 2.53190114563e-06, 3.28525720761e-06, 1.50624117623e-07, 4.10683185237e-07, 7.02565117194e-08, 7.4139855144e-08, 6.1737459589e-08, 4.71663774704e-08, 1.02693626047e-07, 1.08198335624e-07, 1.31525894176e-07, 1.59815115808e-07, 4.26532622555e-08, 3.56634632936e-09, 1.85026619026e-10, 6.24087032053e-11, 1.04605560325e-10, 1.24251900002e-12, 7.98456600346e-17]
        dvar2: [5.38139012518e-11, 5.0872773727e-07, 1.27770101699e-06, 1.58625994118e-07, 1.12754639758e-06, 2.22424844765e-07, 1.68524331912e-06, 1.95161064198e-07, 7.18537330613e-06, 9.09499613044e-06, 4.25533499993e-07, 1.14033866794e-06, 1.9324822631e-07, 2.10033306303e-07, 1.71473018895e-07, 1.29640682189e-07, 2.73310575949e-07, 2.62922100092e-07, 3.56716782335e-07, 4.20759249664e-07, 1.01568772948e-07, 8.90627749328e-09, 4.5517523084e-10, 1.38990416398e-10, 2.30550745162e-10, 2.85130361162e-12, 1.41148551244e-16]
        max: [3.30570364895e-05, 0.00338730588555, 0.00555867189541, 0.00253536878154, 0.00530899502337, 0.00312270852737, 0.00720130139962, 0.00216778251342, 0.0240200515836, 0.0157926473767, 0.00363226165064, 0.00590976979584, 0.00279113417491, 0.00337694166228, 0.00271713547409, 0.00220176228322, 0.00328912492841, 0.0041861734353, 0.00313098658808, 0.00389628252015, 0.00181073974818, 0.000508921453729, 0.000113490321382, 8.75625555636e-05, 0.000166107871337, 9.25728636503e-06, 1.22810007497e-07]
        mean: [2.6272884952e-06, 0.000235189596424, 0.000385682506021, 0.000220732035814, 0.000340180064086, 0.000225305571803, 0.000224107905524, 9.06965069589e-05, 0.000186854129424, 0.000256644067122, 6.17418263573e-05, 0.000101275931229, 4.85265481984e-05, 3.76953466912e-05, 4.55045592389e-05, 4.19772295572e-05, 7.15083951945e-05, 8.0054756836e-05, 9.96951930574e-05, 0.000187696874491, 0.000113837231766, 3.73890688934e-05, 1.21756247609e-05, 6.23967753199e-06, 6.65307652525e-06, 6.31404930118e-07, 3.33877525627e-09]
        min: [6.08965933235e-11, 4.0728957984e-09, 3.51810314214e-09, 1.84941910675e-08, 2.38970415012e-07, 4.62239313492e-07, 2.18511502226e-07, 3.81580235853e-07, 1.35390496325e-06, 1.04583968152e-07, 9.00459511399e-08, 1.78743789547e-07, 7.08485927703e-08, 1.64060963925e-07, 1.3143734634e-07, 3.99982447163e-08, 1.54087146598e-07, 4.56608688637e-08, 1.16152499174e-07, 2.57946926041e-08, 1.08359907713e-08, 1.50531331844e-09, 3.41728145781e-10, 6.59707344308e-10, 1.33374561395e-10, 5.09881590074e-12, 4.27752078821e-14]
        var: [3.12498325827e-11, 2.62922611682e-07, 4.07824046533e-07, 1.10036033618e-07, 4.00716686499e-07, 1.47111009596e-07, 6.69815221954e-07, 4.87300582108e-08, 1.49810341554e-06, 2.04565253625e-06, 9.03212722392e-08, 2.64208921408e-07, 4.69355505572e-08, 4.44618599715e-08, 3.98652879596e-08, 3.32584058071e-08, 7.63172280926e-08, 9.55821093385e-08, 1.03393524853e-07, 2.05995263514e-07, 5.26103853815e-08, 5.12150188925e-09, 3.72189501441e-10, 1.13011829062e-10, 1.96443278311e-10, 1.65199809127e-12, 8.43981643411e-17]
    mfcc:
        mean: [-789.053588867, 121.738594055, -3.95161342621, 40.5395355225, -12.8196325302, -0.9249740839, -0.186807096004, -7.66033601761, -1.33415985107, -5.46369218826, -3.36810469627, -1.45165574551, -4.7592010498]
        cov: [[9326.19824219, -3647.05249023, 347.570556641, 328.830688477, -491.604156494, 14.3513917923, 165.298904419, 151.06036377, 169.832397461, -21.1132240295, -305.584075928, 2.61427497864, 116.536857605], [-3647.05249023, 2452.63061523, -427.123718262, -204.917724609, 217.110534668, 18.260433197, -88.3517913818, 18.8591041565, -84.3770141602, 42.790512085, 196.764663696, -14.7406005859, -30.6826553345], [347.570556641, -427.123718262, 640.124633789, 206.209365845, 198.723114014, 195.83921814, 163.418792725, 59.8039398193, 145.923782349, 61.8263320923, 34.2853279114, 77.9492797852, 39.7697219849], [328.830688477, -204.917724609, 206.209365845, 402.436523438, 165.470657349, 200.826812744, 160.915023804, 60.3620681763, 74.2375564575, 81.5626754761, 11.1054019928, 50.305606842, 17.9961547852], [-491.604156494, 217.110534668, 198.723114014, 165.470657349, 271.651794434, 181.673553467, 101.872749329, 45.9395942688, 46.67527771, 48.6556892395, 82.668006897, 58.5665931702, 1.13013625145], [14.3513917923, 18.260433197, 195.83921814, 200.826812744, 181.673553467, 238.736953735, 131.65057373, 55.7751235962, 59.1792793274, 51.9418563843, 36.9700241089, 44.7440605164, 8.62759685516], [165.298904419, -88.3517913818, 163.418792725, 160.915023804, 101.872749329, 131.65057373, 156.090820312, 75.0048522949, 66.6396713257, 44.6788902283, 14.9425535202, 37.0443611145, 23.0676021576], [151.06036377, 18.8591041565, 59.8039398193, 60.3620681763, 45.9395942688, 55.7751235962, 75.0048522949, 116.640655518, 52.5953140259, 19.6632537842, 25.8267059326, 19.4961032867, 26.0974788666], [169.832397461, -84.3770141602, 145.923782349, 74.2375564575, 46.67527771, 59.1792793274, 66.6396713257, 52.5953140259, 104.572357178, 42.5129508972, 17.3030471802, 33.8721580505, 32.8574066162], [-21.1132240295, 42.790512085, 61.8263320923, 81.5626754761, 48.6556892395, 51.9418563843, 44.6788902283, 19.6632537842, 42.5129508972, 78.9044723511, 31.2904567719, 25.8634357452, 21.7327671051], [-305.584075928, 196.764663696, 34.2853279114, 11.1054019928, 82.668006897, 36.9700241089, 14.9425535202, 25.8267059326, 17.3030471802, 31.2904567719, 106.331123352, 41.5090637207, 17.7600059509], [2.61427497864, -14.7406005859, 77.9492797852, 50.305606842, 58.5665931702, 44.7440605164, 37.0443611145, 19.4961032867, 33.8721580505, 25.8634357452, 41.5090637207, 72.182258606, 26.8484725952], [116.536857605, -30.6826553345, 39.7697219849, 17.9961547852, 1.13013625145, 8.62759685516, 23.0676021576, 26.0974788666, 32.8574066162, 21.7327671051, 17.7600059509, 26.8484725952, 58.5294799805]]
        icov: [[0.000326495821355, 0.000505462347064, 0.000213552542846, -8.86897311148e-08, 0.00039469928015, -0.000473222025903, 0.000247824849794, -0.000604842964094, -4.74895059597e-05, -0.000202768394956, -1.34401871037e-05, 5.23941125721e-05, -0.000214033163502], [0.000505462347064, 0.00159612973221, 0.00114134885371, 0.000716963550076, -0.000786519085523, -0.000876084144693, 0.00053967355052, -0.00112710823305, -0.000124141035485, -0.0011310542468, -0.000728427316062, 0.00081296445569, -0.000393685593735], [0.000213552542846, 0.00114134885371, 0.00404907949269, 0.000752757594455, -0.00250943284482, -0.000893368734978, -0.00106913573109, 0.00095109664835, -0.00366870220751, 0.000132903238409, -0.000107779356767, 0.000198847104912, -0.000680490105879], [-8.86897311148e-08, 0.000716963550076, 0.000752757594455, 0.0063225608319, -0.00241571152583, -0.00216507841833, -0.0026342633646, -1.78248301381e-05, 0.000413869449403, -0.00404805550352, 0.00202041072771, -0.000380941375624, 0.000164920726093], [0.00039469928015, -0.000786519085523, -0.00250943284482, -0.00241571152583, 0.0140884127468, -0.00584890320897, -0.000128206680529, -0.000552663055714, 0.00127594964579, 0.00171636336017, -0.00531298015267, -0.00291916611604, 0.0037343937438], [-0.000473222025903, -0.000876084144693, -0.000893368734978, -0.00216507841833, -0.00584890320897, 0.0139219770208, -0.00553494924679, 0.00105798442382, 7.37505251891e-05, -0.000123592821183, 0.000789937388618, 6.95286289556e-05, 0.00125902704895], [0.000247824849794, 0.00053967355052, -0.00106913573109, -0.0026342633646, -0.000128206680529, -0.00553494924679, 0.0203188098967, -0.0082554705441, -0.000919192854781, -0.00231239525601, 0.00319761433639, -0.00179499515798, -0.000955023861025], [-0.000604842964094, -0.00112710823305, 0.00095109664835, -1.78248301381e-05, -0.000552663055714, 0.00105798442382, -0.0082554705441, 0.0171075053513, -0.00609929487109, 0.00447453605011, -0.00378517177887, 0.0026885275729, -0.00286911125295], [-4.74895059597e-05, -0.000124141035485, -0.00366870220751, 0.000413869449403, 0.00127594964579, 7.37505251891e-05, -0.000919192854781, -0.00609929487109, 0.0220024902374, -0.0070069944486, 0.00207054056227, -0.00299103325233, -0.00356486206874], [-0.000202768394956, -0.0011310542468, 0.000132903238409, -0.00404805550352, 0.00171636336017, -0.000123592821183, -0.00231239525601, 0.00447453605011, -0.0070069944486, 0.0232572071254, -0.00549185974523, 0.00049197365297, -0.00339488871396], [-1.34401871037e-05, -0.000728427316062, -0.000107779356767, 0.00202041072771, -0.00531298015267, 0.000789937388618, 0.00319761433639, -0.00378517177887, 0.00207054056227, -0.00549185974523, 0.0194830577821, -0.00770504819229, -0.00199003168382], [5.23941125721e-05, 0.00081296445569, 0.000198847104912, -0.000380941375624, -0.00291916611604, 6.95286289556e-05, -0.00179499515798, 0.0026885275729, -0.00299103325233, 0.00049197365297, -0.00770504819229, 0.0251678321511, -0.00785182788968], [-0.000214033163502, -0.000393685593735, -0.000680490105879, 0.000164920726093, 0.0037343937438, 0.00125902704895, -0.000955023861025, -0.00286911125295, -0.00356486206874, -0.00339488871396, -0.00199003168382, -0.00785182788968, 0.0265822857618]]
    spectral_contrast:
        mean: [1.99445310045e-07, -1.34666663598e-07, 6.32866033357e-07, -7.13065375635e-08, 2.56286174505e-08, 3.24005412722e-07, 2.0556014988e-06, -8.87791884452e-07, 4.73939707035e-07, 2.67434461421e-06, 1.21782500173e-06, -1.16229057312e-06]
        var: [0.000321390136378, 0.000841787201352, 0.00174595101271, 0.00221666530706, 0.00458882329985, 0.00496668834239, 0.086385242641, 0.138391792774, 0.319566726685, 0.714656352997, 0.941644728184, 5.34483766556]

rhythm:
    beats_loudness:
        dmean: 0.00653687352315
        dmean2: 0.0119818653911
        dvar: 2.48056221608e-05
        dvar2: 6.77818825352e-05
        max: 0.0202045217156
        mean: 0.00538349198177
        min: 0.000474033149658
        var: 3.06239380734e-05
    beats_loudness_bass:
        dmean: 0.271871566772
        dmean2: 0.481554120779
        dvar: 0.0334387794137
        dvar2: 0.0577726662159
        max: 0.766035795212
        mean: 0.31197822094
        min: 0.00601470377296
        var: 0.0541444420815
    bpm: 105.80480957
    bpm_confidence: 0
    first_peak_bpm: 161
    first_peak_spread: 0
    first_peak_weight: 0.666666686535
    onset_rate: 4.78515625
    second_peak_bpm: 106
    second_peak_spread: 0
    second_peak_weight: 0.285714298487
    beats_position: [0.397758990526, 0.770088553429, 1.14241814613, 1.51474773884, 1.88707733154, 2.25940680504, 2.63173651695, 3.00406599045, 3.37639546394, 3.74872517586, 4.12105464935, 4.49338436127, 4.86571407318, 5.23804330826, 5.61037302017, 6.36395692825, 6.93104743958, 7.49813699722, 8.06522655487, 8.63231658936, 9.19940757751, 9.76649665833]
    bpm_estimates: [105.595649719, 105.809936523, 106.579627991, 105.514450073, 105.524406433]
    bpm_intervals: [0.372329562902, 0.372329592705, 0.372329592705, 0.372329592705, 0.372329473495, 0.372329711914, 0.372329473495, 0.372329473495, 0.372329711914, 0.372329473495, 0.372329711914, 0.372329711914, 0.372329235077, 0.372329711914, 0.753583908081, 0.567090511322, 0.567089557648, 0.567089557648, 0.567090034485, 0.567090988159, 0.567089080811]
    onset_times: [0.139319732785, 0.336689352989, 0.53405892849, 0.719818592072, 0.905578255653, 1.02167797089, 1.09133791924, 1.28870749474, 1.46285712719, 2.10140585899, 2.24072551727, 2.41487526894, 2.61224484444, 2.80961441994, 2.9837641716, 3.1811337471, 3.36689352989, 3.55265307426, 3.75002264977, 3.93578219414, 4.1099319458, 4.3073015213, 4.48145103455, 4.67882108688, 4.85297060013, 5.0387301445, 5.23609972, 5.42185926437, 5.60761928558, 5.79337882996, 5.97913837433, 6.17650794983, 6.3622674942, 6.5596370697, 6.74539661407, 6.93115663528, 7.11691617966, 7.30267572403, 7.4884352684, 7.77868461609, 7.87156438828, 8.03410434723, 8.24308395386, 8.82358264923, 9.0093421936, 9.39247131348, 9.77560043335, 9.9613609314]
    rubato_start: [6.93104743958]
    rubato_stop: [9.76649665833]
    perceptual_tempo: "unknown"

sfx:
    inharmonicity:
        dmean: 0.03747542575
        dmean2: 0.0656035766006
        dvar: 0.00267319381237
        dvar2: 0.00719869462773
        max: 0.373957484961
        mean: 0.0331377796829
        min: 0
        var: 0.00263397139497
    oddtoevenharmonicenergyratio:
        dmean: 19.8118495941
        dmean2: 38.2268714905
        dvar: 37535.6054688
        dvar2: 110146.492188
        max: 2905.70263672
        mean: 11.3781070709
        min: 0
        var: 20017.1113281
    pitch_after_max_to_before_max_energy_ratio: 3.42914056778
    pitch_centroid: 285.551239014
    pitch_max_to_total: 0.52314811945
    pitch_min_to_total: 0.203703701496
    tristimulus:
        dmean: [0.25429725647, 0.270135700703, 0.094549253583]
        dmean2: [0.450196266174, 0.487251460552, 0.166214764118]
        dvar: [0.0598939098418, 0.0627706795931, 0.0182747337967]
        dvar2: [0.14443641901, 0.147321805358, 0.0447592996061]
        max: [1, 0.994820773602, 0.730383574963]
        mean: [0.483794540167, 0.391096502542, 0.0892118364573]
        min: [0.00434839166701, 0, 0]
        var: [0.0855929553509, 0.0774727761745, 0.0204630661756]

tonal:
    chords_changes_rate: 0.0967741906643
    chords_number_rate: 0.0276497695595
    chords_strength:
        dmean: 0.0103679001331
        dmean2: 0.0102007929236
        dvar: 7.08250227035e-05
        dvar2: 8.75789046404e-05
        max: 0.584501266479
        mean: 0.422483146191
        min: 0.3088298738
        var: 0.00499015813693
    key_strength: 0.74786400795
    tuning_diatonic_strength: 0.477363735437
    tuning_equal_tempered_deviation: 0.27551394701
    tuning_frequency: 447.691040039
    tuning_nontempered_energy_ratio: 0.976682782173
    hpcp:
        dmean: [0.110240511596, 0.155419483781, 0.175392836332, 0.193708539009, 0.182405591011, 0.167011916637, 0.154060736299, 0.110868394375, 0.0944803655148, 0.0767953917384, 0.0847623944283, 0.0883950740099, 0.0685994997621, 0.0589124970138, 0.0698281377554, 0.0742091760039, 0.105737991631, 0.147669315338, 0.137227773666, 0.104382544756, 0.103164568543, 0.11283685267, 0.0816783979535, 0.0647025331855, 0.0586615167558, 0.0978409424424, 0.124566838145, 0.104243032634, 0.0674694254994, 0.052991874516, 0.057896528393, 0.0699715539813, 0.105310864747, 0.117436461151, 0.0897682011127, 0.0773813426495]
        dmean2: [0.189783081412, 0.266969203949, 0.295665204525, 0.333357959986, 0.315812826157, 0.294610023499, 0.25069051981, 0.188316240907, 0.173644348979, 0.134705275297, 0.141291692853, 0.142264276743, 0.110417760909, 0.0976657941937, 0.120143570006, 0.131467446685, 0.171771451831, 0.237573474646, 0.221196249127, 0.182743147016, 0.173722326756, 0.205805897713, 0.145588234067, 0.111896902323, 0.099227629602, 0.174214929342, 0.194933697581, 0.168237045407, 0.117371670902, 0.0851793438196, 0.0983928442001, 0.125688403845, 0.186476007104, 0.199320197105, 0.15883384645, 0.139977693558]
        dvar: [0.0385814979672, 0.0495888255537, 0.0520101264119, 0.0459842272103, 0.0500999651849, 0.0555534809828, 0.0467404611409, 0.0273452233523, 0.0305723566562, 0.0197576917708, 0.0206134747714, 0.0206150840968, 0.0144448578358, 0.0110342660919, 0.0178296007216, 0.0149692101404, 0.0155988866463, 0.0521082542837, 0.0302059631795, 0.0326289720833, 0.0410962738097, 0.0515514090657, 0.0254447944462, 0.0132243875414, 0.0103494636714, 0.0329384543002, 0.0369171984494, 0.0360773764551, 0.0246074590832, 0.0109386444092, 0.0142620448023, 0.0230261851102, 0.0361043848097, 0.0449827350676, 0.0304478425533, 0.0225209947675]
        dvar2: [0.0980086773634, 0.126605659723, 0.118022330105, 0.116342298687, 0.130873009562, 0.125574231148, 0.10489371419, 0.0682124048471, 0.083258420229, 0.0559059493244, 0.0469036474824, 0.0504878871143, 0.0366314984858, 0.0301557388157, 0.0506328009069, 0.0407591722906, 0.0396205559373, 0.0937285497785, 0.0636876448989, 0.0834417641163, 0.0903594791889, 0.139921084046, 0.0724917799234, 0.0372899882495, 0.0262150168419, 0.092598631978, 0.0806643739343, 0.0770019888878, 0.0632542967796, 0.0257525444031, 0.0387492254376, 0.0643051117659, 0.0800357609987, 0.107377387583, 0.0837303698063, 0.0629723593593]
        max: [1, 1, 1, 1, 1, 1, 1, 1, 1, 1, 1, 1, 0.913564741611, 0.881520092487, 1, 0.81026250124, 0.956728994846, 1, 1, 1, 1, 1, 1, 0.931193828583, 0.797406375408, 1, 1, 1, 1, 1, 1, 1, 1, 1, 1, 1]
        mean: [0.0866450965405, 0.18427836895, 0.365520656109, 0.336452633142, 0.211863785982, 0.256153076887, 0.211147665977, 0.121343202889, 0.0913614183664, 0.0882429927588, 0.116463638842, 0.125832363963, 0.0947071611881, 0.0765924602747, 0.0801122486591, 0.0746060758829, 0.178266704082, 0.385882794857, 0.292847245932, 0.118128053844, 0.166219189763, 0.132996857166, 0.0696351602674, 0.0673551931977, 0.0643220022321, 0.11830098927, 0.218300953507, 0.178339704871, 0.0778034925461, 0.0622432604432, 0.0592372119427, 0.0707328617573, 0.11687681824, 0.115428693593, 0.0728059485555, 0.0612264499068]
        min: [0.000184268137673, 0.000742202566471, 0.0010286194738, 0.0039504468441, 0.00581770064309, 5.58000974706e-05, 7.09522937541e-05, 7.96373569756e-05, 0.000153673041495, 0.000260658853222, 0.000564988993574, 0.000859413878061, 0.000300405168673, 0.000974660040811, 0.00122702156659, 0.000682007579599, 0.000174094413524, 0.000427095015766, 0.000353192910552, 0.000116625968076, 4.34087742178e-05, 5.53738645976e-05, 0.000358214572771, 0.000505846575834, 0, 0.000162211319548, 0.000148986902786, 0.000197435845621, 0.000365880870959, 0.000573800876737, 0.000521336740348, 0.000650780915748, 0.000873816490639, 0.000272563542239, 1.93486885109e-05, 8.05629242677e-05]
        var: [0.032271515578, 0.0516104400158, 0.117688477039, 0.0882311761379, 0.0532867908478, 0.112864278257, 0.0840734317899, 0.0342452526093, 0.0309028364718, 0.0249951928854, 0.0357013829052, 0.0305525679141, 0.0224569309503, 0.0161135774106, 0.0177165400237, 0.0129260877147, 0.028182759881, 0.156357318163, 0.0904713496566, 0.0330757535994, 0.0989806950092, 0.0664367675781, 0.0175187457353, 0.0109666334465, 0.0111025497317, 0.0345637574792, 0.0941136628389, 0.0782405212522, 0.0247964020818, 0.0119831254706, 0.0111720142886, 0.0165273174644, 0.0432519167662, 0.0426986068487, 0.020345825702, 0.0156453326344]
    chords_histogram: [1.84331798553, 0.921658992767, 0, 0, 0, 0, 0, 0, 27.1889400482, 22.5806446075, 23.041475296, 4.60829496384, 0, 0, 0, 0, 0, 19.8156681061, 0, 0, 0, 0, 0, 0]
    thpcp: [1, 0.758902072906, 0.306124180555, 0.430750459433, 0.344656080008, 0.180456757545, 0.174548313022, 0.16668792069, 0.306572347879, 0.56571829319, 0.462160289288, 0.201624676585, 0.161300942302, 0.153510898352, 0.18330141902, 0.302881658077, 0.299128890038, 0.188673734665, 0.158665925264, 0.224537342787, 0.477550119162, 0.947232306004, 0.871903717518, 0.549036622047, 0.663810551167, 0.547180831432, 0.314456105232, 0.236759498715, 0.228678226471, 0.301810920238, 0.326089590788, 0.245429858565, 0.198486328125, 0.207607716322, 0.193338692188, 0.461971104145]
    chords_key: "G"
    chords_scale: "minor"
    key_key: "D#"
    key_scale: "minor"
    chords_progression: ["D", "D", "D", "D", "D", "D", "D", "D", "D", "D", "D", "D", "D", "D", "D", "D", "D", "D", "Dm", "Dm", "Dm", "Dm", "Dm", "Dm", "Dm", "Dm", "Dm", "Dm", "Dm", "Dm", "Dm", "Dm", "Dm", "Dm", "Dm", "Dm", "Dm", "Dm", "Dm", "Dm", "Dm", "Dm", "Dm", "Dm", "Dm", "Dm", "Dm", "Dm", "Dm", "Dm", "Dm", "Dm", "Dm", "Dm", "Dm", "Dm", "A#", "A#", "A#", "A#", "A#", "A#", "A#", "A#", "A#", "Gm", "Gm", "Gm", "Gm", "Gm", "Gm", "Gm", "Gm", "Gm", "Gm", "Gm", "Gm", "Gm", "Gm", "Gm", "Gm", "Gm", "Gm", "Gm", "Gm", "Gm", "Gm", "Gm", "A#", "A#", "A#", "A#", "A#", "A#", "A#", "A#", "A#", "A#", "A#", "Gm", "Gm", "Gm", "Gm", "D#m", "D#m", "D#m", "D#m", "Gm", "Gm", "Gm", "Gm", "Gm", "Gm", "A#", "A#", "A#", "A#", "A#", "A#", "A#", "A#", "A#", "A#", "Gm", "Gm", "Gm", "Gm", "Gm", "Gm", "Gm", "Gm", "Gm", "Gm", "Gm", "Gm", "Gm", "Gm", "Gm", "Gm", "Gm", "Gm", "Gm", "Gm", "Gm", "Gm", "Gm", "Gm", "A#", "A#", "A#", "A#", "F", "F", "F", "F", "F", "F", "F", "F#", "F#", "F", "F", "F", "Gm", "Gm", "A#", "A#", "A#", "A#", "A#", "A#", "A#", "A#", "A#", "A#", "A#", "A#", "Dm", "A#", "A#", "A#", "Dm", "Dm", "Dm", "Dm", "Dm", "Dm", "Dm", "Dm", "D", "D", "D", "Dm", "Dm", "Dm", "D", "D", "D", "D", "D", "D", "D", "D", "D", "D", "D", "D", "D", "D", "D", "D", "D", "D", "D", "D", "D", "D"]
