
metadata:
    version:
        essentia: "1.2.2"
    audio_properties:
        analysis_sample_rate: 44100
        bitrate: 128
        channels: 2
        equal_loudness: 1
        length: 10.0048980713
        replay_gain: -12.3253059387
        downmix: "mix"
    tags:
        track: 13
        year: 0
        album: "Splitted by Mp3Splt v. 2.1"
        artist: "From 002.00 To 002.10"
        comment: "http://mp3splt.sf.net"
        genre: ""
        title: "02 Superman.mp3"

highlevel:
    ballroom:
        all:
            ChaChaCha: 0.0442556366324
            Jive: 0.430965870619
            Quickstep: 0.105359271169
            Rumba-American: 0.00714649027213
            Rumba-International: 0.0230326708406
            Rumba-Misc: 0.0179833304137
            Samba: 0.0644043684006
            Tango: 0.0150439394638
            VienneseWaltz: 0.264003902674
            Waltz: 0.0278045237064
        probability: 0.430965870619
        value: "Jive"
    culture:
        all:
            non_western: 0.00536990212277
            western: 0.994630098343
        probability: 0.994630098343
        value: "western"
    gender:
        all:
            female: 0.0610031448305
            male: 0.938996851444
        probability: 0.938996851444
        value: "male"
    genre_dortmund:
        all:
            alternative: 0.127831190825
            blues: 0.0527130141854
            electronic: 0.0122690265998
            folkcountry: 0.0736339017749
            funksoulrnb: 0.0553559102118
            jazz: 0.022806443274
            pop: 0.0631466880441
            raphiphop: 0.00209450768307
            rock: 0.590149283409
        probability: 0.590149283409
        value: "rock"
    genre_electronica:
        all:
            ambient: 0.228213906288
            dnb: 0.227914258838
            house: 0.0107019683346
            techno: 0.00497498270124
            trance: 0.528194904327
        probability: 0.528194904327
        value: "trance"
    genre_rosamerica:
        all:
            cla: 0.00618096487597
            dan: 0.00179980276152
            hip: 0.00147553510033
            jaz: 0.00160475005396
            pop: 0.00950909685344
            rhy: 0.00167076673824
            roc: 0.97689473629
            spe: 0.000864370260388
        probability: 0.97689473629
        value: "roc"
    genre_tzanetakis:
        all:
            blu: 0.0044053834863
            cla: 0.00984526984394
            cou: 0.147902578115
            dis: 0.053636778146
            hip: 0.00219175312668
            jaz: 0.0169638525695
            met: 0.0301802586764
            pop: 0.110789299011
            reg: 0.00284862262197
            roc: 0.621236205101
        probability: 0.621236205101
        value: "roc"
    live_studio:
        all:
            live: 0.763623297215
            studio: 0.236376702785
        probability: 0.763623297215
        value: "live"
    mood:
        all:
            Cluster1: 0.40795108676
            Cluster2: 0.151265367866
            Cluster3: 0.111025966704
            Cluster4: 0.140006199479
            Cluster5: 0.189751371741
        probability: 0.40795108676
        value: "Cluster1"
    mood_acoustic:
        all:
            acoustic: 0.042254704982
            not_acoustic: 0.957745313644
        probability: 0.957745313644
        value: "not_acoustic"
    mood_aggressive:
        all:
            aggressive: 0.561588823795
            not_aggressive: 0.438411146402
        probability: 0.561588823795
        value: "aggressive"
    mood_electronic:
        all:
            electronic: 0.0466329343617
            not_electronic: 0.953367054462
        probability: 0.953367054462
        value: "not_electronic"
    mood_happy:
        all:
            happy: 0.907335758209
            not_happy: 0.0926642417908
        probability: 0.907335758209
        value: "happy"
    mood_party:
        all:
            not_party: 0.636330485344
            party: 0.363669484854
        probability: 0.636330485344
        value: "not_party"
    mood_relaxed:
        all:
            not_relaxed: 0.961629331112
            relaxed: 0.0383706837893
        probability: 0.961629331112
        value: "not_relaxed"
    mood_sad:
        all:
            not_sad: 0.764573276043
            sad: 0.235426709056
        probability: 0.764573276043
        value: "not_sad"
    rhythm:
        all:
            fast: 0.969626009464
            medium: 0.0201016291976
            slow: 0.0102723566815
        probability: 0.969626009464
        value: "fast"
    speech_music:
        all:
            music: 0.992061138153
            speech: 0.00793888233602
        probability: 0.992061138153
        value: "music"
    timbre:
        all:
            bright: 0.979868471622
            dark: 0.0201315060258
        probability: 0.979868471622
        value: "bright"
    voice_instrumental:
        all:
            instrumental: 0.0035956511274
            voice: 0.996404349804
        probability: 0.996404349804
        value: "voice"

lowlevel:
    average_loudness: 0.976639389992
    barkbands_kurtosis:
        dmean: 0.439555853605
        dmean2: 0.7145357728
        dvar: 0.376870304346
        dvar2: 0.818823993206
        max: 5.41967201233
        mean: -0.760571658611
        min: -1.79187464714
        var: 1.19434416294
    barkbands_skewness:
        dmean: 0.279455751181
        dmean2: 0.444008499384
        dvar: 0.0726796537638
        dvar2: 0.187310263515
        max: 1.80822384357
        mean: 0.33966717124
        min: -1.66658866405
        var: 0.3104185462
    barkbands_spread:
        dmean: 3.69348311424
        dmean2: 5.5843462944
        dvar: 15.1086187363
        dvar2: 32.4930534363
        max: 56.8527183533
        mean: 29.4486522675
        min: 8.08094978333
        var: 73.5137481689
    dissonance:
        dmean: 0.0182151887566
        dmean2: 0.029734229669
        dvar: 0.000371909758542
        dvar2: 0.00105087412521
        max: 0.499408245087
        mean: 0.464701503515
        min: 0.315478980541
        var: 0.000777130771894
    hfc:
        dmean: 2.02629709244
        dmean2: 3.12021994591
        dvar: 6.83544969559
        dvar2: 14.2653236389
        max: 32.2688064575
        mean: 8.42270755768
        min: 6.10870210949e-06
        var: 18.8577270508
    pitch:
        dmean: 482.050170898
        dmean2: 936.572814941
        dvar: 1156874.375
        dvar2: 2767134.75
        max: 4009.09082031
        mean: 782.502258301
        min: 74.1176452637
        var: 1467586.625
    pitch_instantaneous_confidence:
        dmean: 0.081036016345
        dmean2: 0.125000447035
        dvar: 0.00458839349449
        dvar2: 0.00895799603313
        max: 0.770756185055
        mean: 0.426972180605
        min: 0.157287120819
        var: 0.020915729925
    pitch_salience:
        dmean: 0.0566974580288
        dmean2: 0.0926818400621
        dvar: 0.00257122330368
        dvar2: 0.00534293986857
        max: 0.961895942688
        mean: 0.633881866932
        min: 0.301658391953
        var: 0.00744164967909
    silence_rate_20dB:
        dmean: 0
        dmean2: 0
        dvar: 0
        dvar2: 0
        max: 1
        mean: 1
        min: 1
        var: 0
    silence_rate_30dB:
        dmean: 0
        dmean2: 0
        dvar: 0
        dvar2: 0
        max: 1
        mean: 1
        min: 1
        var: 0
    silence_rate_60dB:
        dmean: 0.0835266858339
        dmean2: 0.165116280317
        dvar: 0.0765502825379
        dvar2: 0.189015030861
        max: 1
        mean: 0.101851850748
        min: 0
        var: 0.0914777591825
    spectral_centroid:
        dmean: 188.849502563
        dmean2: 302.358093262
        dvar: 43763.8984375
        dvar2: 114893.390625
        max: 2494.89160156
        mean: 1424.04699707
        min: 687.964050293
        var: 142618.09375
    spectral_complexity:
        dmean: 3.6930232048
        dmean2: 6.07459211349
        dvar: 13.5429563522
        dvar2: 31.1972637177
        max: 40
        mean: 16.4501152039
        min: 0
        var: 40.9992332458
    spectral_crest:
        dmean: 1.94567322731
        dmean2: 3.10421442986
        dvar: 3.81594896317
        dvar2: 8.68067741394
        max: 20.765581131
        mean: 7.27932691574
        min: 2.53629302979
        var: 11.1161870956
    spectral_decrease:
        dmean: 3.24758386849e-10
        dmean2: 4.95524066224e-10
        dvar: 1.48250114041e-19
        dvar2: 3.36475101202e-19
        max: -1.89908429016e-15
        mean: -1.3527863274e-09
        min: -3.83981868524e-09
        var: 3.02494469939e-19
    spectral_energy:
        dmean: 0.00138039607555
        dmean2: 0.00209654332139
        dvar: 2.72909164778e-06
        dvar2: 6.13375686953e-06
        max: 0.0174192041159
        mean: 0.00586969219148
        min: 7.721694395e-09
        var: 5.73676516069e-06
    spectral_energyband_high:
        dmean: 0.000125440899865
        dmean2: 0.000202644310775
        dvar: 3.80329332472e-08
        dvar2: 9.48327141259e-08
        max: 0.00155854737386
        mean: 0.000286061986117
        min: 6.47708484069e-11
        var: 6.2490286723e-08
    spectral_energyband_low:
        dmean: 0.000102545600384
        dmean2: 0.000165300705703
        dvar: 3.43547696957e-08
        dvar2: 9.17548206303e-08
        max: 0.00197085808031
        mean: 0.000179631460924
        min: 1.44811218572e-10
        var: 4.38356444477e-08
    spectral_energyband_middle_high:
        dmean: 0.000714011723176
        dmean2: 0.00105108064599
        dvar: 7.34822322102e-07
        dvar2: 1.43249417306e-06
        max: 0.0106725683436
        mean: 0.00280754547566
        min: 1.42537914805e-09
        var: 2.73892214864e-06
    spectral_energyband_middle_low:
        dmean: 0.000910251168534
        dmean2: 0.00141860567965
        dvar: 1.16782950954e-06
        dvar2: 2.86478621092e-06
        max: 0.00814245641232
        mean: 0.00259644631296
        min: 6.06383565582e-09
        var: 1.94409585674e-06
    spectral_flatness_db:
        dmean: 0.0146548394114
        dmean2: 0.0221719071269
        dvar: 0.000182256262633
        dvar2: 0.000389030552469
        max: 0.245836660266
        mean: 0.156544268131
        min: 0.0824867710471
        var: 0.000700559758116
    spectral_flux:
        dmean: 0.00910815037787
        dmean2: 0.0136747751385
        dvar: 8.19126289571e-05
        dvar2: 0.000145338955917
        max: 0.102536797523
        mean: 0.0422865152359
        min: 8.78731734701e-05
        var: 0.000214402301935
    spectral_kurtosis:
        dmean: 1.24750173092
        dmean2: 2.06918096542
        dvar: 1.46604907513
        dvar2: 3.36503767967
        max: 17.703125
        mean: 3.79254698753
        min: 0.201335430145
        var: 2.43566536903
    spectral_rms:
        dmean: 0.000277418410406
        dmean2: 0.000409460248193
        dvar: 9.45992368884e-08
        dvar2: 1.90256542965e-07
        max: 0.00412241974846
        mean: 0.00234091328457
        min: 2.74469675787e-06
        var: 2.46653712566e-07
    spectral_rolloff:
        dmean: 358.20199585
        dmean2: 581.898010254
        dvar: 177349.34375
        dvar2: 413646.84375
        max: 4844.97070312
        mean: 2830.04199219
        min: 796.728515625
        var: 596079.4375
    spectral_skewness:
        dmean: 0.177855536342
        dmean2: 0.287008196115
        dvar: 0.0316041857004
        dvar2: 0.0615801475942
        max: 3.29895186424
        mean: 1.39587914944
        min: 0.703181684017
        var: 0.0655274912715
    spectral_spread:
        dmean: 446850.90625
        dmean2: 666180.25
        dvar: 386841018368
        dvar2: 722597642240
        max: 10411611
        mean: 4160312.25
        min: 2338725
        var: 761979011072
    spectral_strongpeak:
        dmean: 0.435242831707
        dmean2: 0.731076419353
        dvar: 0.371278196573
        dvar2: 0.853418588638
        max: 3.85637903214
        mean: 0.86830508709
        min: 5.48193820578e-05
        var: 0.784381151199
    zerocrossingrate:
        dmean: 0.00653161341324
        dmean2: 0.00797184556723
        dvar: 3.48817084159e-05
        dvar2: 5.36048719368e-05
        max: 0.1298828125
        mean: 0.0832287296653
        min: 0.0341796875
        var: 0.000294941302855
    barkbands:
        dmean: [1.59909632202e-07, 2.45166211243e-05, 8.68628849275e-05, 0.000143977624248, 0.000446596095571, 0.000206234981306, 0.000195956701646, 0.000223450479098, 0.000217323889956, 0.000285070273094, 0.000124234371469, 0.000101046593045, 5.63168287044e-05, 5.31014011358e-05, 7.87206445239e-05, 0.000121160475828, 0.00017832092999, 0.000146658305312, 0.000175593944732, 0.000122504745377, 5.57316343475e-05, 2.27199507208e-05, 4.83307348986e-06, 1.85497867733e-06, 7.78834817083e-07, 4.04643465401e-08, 6.4601468619e-10]
        dmean2: [2.67277897592e-07, 3.7662241084e-05, 0.000144922116306, 0.000247499556281, 0.000758026842959, 0.000357404031092, 0.000307880371111, 0.000365196581697, 0.000335836928571, 0.000394178729039, 0.000183416239452, 0.000156679394422, 8.57941413415e-05, 8.70012299856e-05, 0.000121901568491, 0.000196401219, 0.000288347859168, 0.000219505673158, 0.00028856730205, 0.000200868584216, 9.38888406381e-05, 3.56525270035e-05, 8.16737610876e-06, 3.1481363294e-06, 1.19664878184e-06, 6.08745835962e-08, 1.06181419213e-09]
        dvar: [2.61141558681e-13, 4.02453448345e-09, 2.10071231521e-08, 3.07790806175e-08, 2.89995881531e-07, 2.87745024252e-07, 1.06773427433e-07, 1.32243798134e-07, 1.72199207782e-07, 3.68172180742e-07, 7.56155671411e-08, 3.18305986013e-08, 1.06087139073e-08, 6.58380194807e-09, 2.09888124658e-08, 5.00674097736e-08, 1.00020521643e-07, 4.42058407657e-08, 4.02857338599e-08, 2.86106800473e-08, 6.41652375677e-09, 1.3020676759e-09, 1.65661442897e-10, 6.33558899787e-11, 3.22977517127e-12, 5.58719322096e-15, 2.99868977995e-18]
        dvar2: [4.57545297223e-13, 9.34507049521e-09, 5.9377629924e-08, 8.19815610953e-08, 7.95940934495e-07, 8.2740967855e-07, 2.56408469568e-07, 3.1091590813e-07, 3.60630536989e-07, 6.83246867084e-07, 1.43669311115e-07, 6.56351772932e-08, 1.61539439603e-08, 1.63793547614e-08, 4.56695268269e-08, 1.27869682842e-07, 2.70308987638e-07, 8.95159288916e-08, 1.02569650551e-07, 6.72333797525e-08, 1.76221206516e-08, 3.34165495275e-09, 4.60372323596e-10, 1.81961321011e-10, 8.74587034738e-12, 1.33272604378e-14, 4.97183690056e-18]
        max: [8.5736537585e-06, 0.000528646400198, 0.00151316483971, 0.00160344794858, 0.00441962387413, 0.00656552007422, 0.00337778218091, 0.00346396444365, 0.00541285797954, 0.00770414294675, 0.00453418400139, 0.00216587772593, 0.00180759152863, 0.00103379460052, 0.00194790470414, 0.00246912660077, 0.00385984429158, 0.00280123134144, 0.00206958968192, 0.00167123507708, 0.00063549913466, 0.000319505779771, 0.000137006485602, 0.000112128393084, 1.70144958247e-05, 5.43782618934e-07, 2.82781034144e-08]
        mean: [1.59605647809e-07, 2.48067299253e-05, 0.000154677240062, 0.000266092683887, 0.000842628302053, 0.000327631860273, 0.000324536580592, 0.000321916188113, 0.000358156510629, 0.000545698276255, 0.000259954395005, 0.000211160149775, 0.000106722705823, 9.78429889074e-05, 0.000143907673191, 0.000277672690572, 0.00041522961692, 0.000337841891451, 0.00042938743718, 0.000254612590652, 0.000113061949378, 4.45345795015e-05, 7.86688633525e-06, 2.47507000495e-06, 1.07086043499e-06, 5.1056879613e-08, 6.06618311139e-10]
        min: [2.37432122574e-11, 6.95504626114e-11, 5.26021344538e-11, 6.38554209509e-11, 2.42839803821e-10, 4.66367111596e-10, 8.67525717929e-10, 1.54035717514e-09, 2.6388411456e-09, 9.11310915619e-10, 2.00732777622e-10, 9.38747274359e-11, 3.30462116005e-11, 1.2298597904e-11, 1.13799924345e-11, 1.26313915924e-11, 5.91811842587e-12, 8.76508796099e-11, 2.89270801757e-10, 3.0018754843e-11, 2.65997814053e-11, 1.46475956364e-11, 1.88745004868e-12, 9.44483532182e-13, 7.65226586524e-13, 6.39997169843e-13, 3.89788326399e-13]
        var: [2.63025441271e-13, 4.08237488259e-09, 2.86375883007e-08, 6.17137558834e-08, 3.54302841288e-07, 2.07553455311e-07, 1.59581773573e-07, 2.48648177603e-07, 3.884300952e-07, 1.1924479395e-06, 3.26482989976e-07, 1.13871884366e-07, 3.97214598991e-08, 1.30567494594e-08, 3.60752743234e-08, 1.43412250964e-07, 1.92398474042e-07, 1.2052009879e-07, 7.30763858314e-08, 5.81547467959e-08, 8.66883098638e-09, 1.85973181299e-09, 1.36286579244e-10, 3.80949959078e-11, 2.76154359796e-12, 6.84972971017e-15, 2.92196939852e-18]
    mfcc:
        mean: [-692.019287109, 117.391967773, -56.7930259705, 51.1316108704, -25.6352748871, -11.7015419006, -9.6639919281, -3.85530114174, -7.86733913422, -13.1310091019, -9.17483329773, -12.2014503479, -8.08415985107]
        cov: [[2204.07885742, -377.394042969, -8.66324710846, -88.1923446655, 33.3459510803, 7.54499101639, -104.371711731, -40.7626037598, 2.37194108963, -2.82806158066, -16.2640457153, 0.119903847575, 18.7048473358], [-377.394042969, 414.070617676, -112.201820374, -9.63134765625, -64.5642929077, 62.8654212952, 102.727043152, 53.5776023865, 6.08576822281, -16.8766136169, 15.1737642288, -8.3164396286, -4.33403396606], [-8.66324710846, -112.201820374, 315.897918701, 29.6367549896, 13.2922258377, -25.6406364441, 46.2217483521, 17.5383033752, 48.8918685913, 56.4475593567, 52.3865280151, -1.34082448483, -31.7074146271], [-88.1923446655, -9.63134765625, 29.6367549896, 221.104690552, 127.582176208, -2.29976773262, -77.0659484863, -21.8838005066, 7.09677600861, 48.6899719238, -3.33702158928, 29.2982234955, 10.4133872986], [33.3459510803, -64.5642929077, 13.2922258377, 127.582176208, 171.607833862, 10.1618852615, -76.5914916992, -36.4166908264, -4.94905614853, 17.3436393738, -12.9943609238, 23.3332099915, 24.8291454315], [7.54499101639, 62.8654212952, -25.6406364441, -2.29976773262, 10.1618852615, 86.4186935425, 53.8302955627, 12.8535461426, -12.8733491898, -14.1253499985, 15.9405488968, 5.90276908875, 13.0542898178], [-104.371711731, 102.727043152, 46.2217483521, -77.0659484863, -76.5914916992, 53.8302955627, 206.864059448, 58.5505447388, 9.64553833008, -46.3603477478, 20.5652961731, -6.66678953171, -9.29069328308], [-40.7626037598, 53.5776023865, 17.5383033752, -21.8838005066, -36.4166908264, 12.8535461426, 58.5505447388, 104.052734375, 46.6125984192, 7.87194442749, 7.87702941895, -9.81243991852, -8.25152778625], [2.37194108963, 6.08576822281, 48.8918685913, 7.09677600861, -4.94905614853, -12.8733491898, 9.64553833008, 46.6125984192, 71.5954742432, 40.1418228149, 11.6503534317, -12.5124816895, -12.4576864243], [-2.82806158066, -16.8766136169, 56.4475593567, 48.6899719238, 17.3436393738, -14.1253499985, -46.3603477478, 7.87194442749, 40.1418228149, 110.160598755, 24.2468910217, 2.67359280586, -18.0871562958], [-16.2640457153, 15.1737642288, 52.3865280151, -3.33702158928, -12.9943609238, 15.9405488968, 20.5652961731, 7.87702941895, 11.6503534317, 24.2468910217, 66.8391876221, 19.9907608032, 5.50247621536], [0.119903847575, -8.3164396286, -1.34082448483, 29.2982234955, 23.3332099915, 5.90276908875, -6.66678953171, -9.81243991852, -12.5124816895, 2.67359280586, 19.9907608032, 63.8658370972, 24.1290397644], [18.7048473358, -4.33403396606, -31.7074146271, 10.4133872986, 24.8291454315, 13.0542898178, -9.29069328308, -8.25152778625, -12.4576864243, -18.0871562958, 5.50247621536, 24.1290397644, 55.8855361938]]
        icov: [[0.000593978096731, 0.000633182527963, 0.000160706156748, 0.000329673814122, 5.00764253957e-05, -0.000731338339392, 0.000282337539829, 0.000114287802717, -0.000524216738995, 7.91241691331e-05, 6.83057151036e-05, -0.000114120717626, 4.37466478616e-05], [0.000633182527963, 0.00470139598474, 0.00243314402178, -0.00144220457878, 0.00141877890565, -0.0018639358459, -0.00172756658867, -0.00047011586139, -0.000993304885924, -0.000193642757949, -0.00163060252089, 0.000744736928027, 0.000805235758889], [0.000160706156748, 0.00243314402178, 0.00667813513428, -0.00121782813221, -0.00148688745685, 0.0028209334705, -0.00402194308117, 0.000372670125216, -0.001535581192, -0.00147932616528, -0.00540513684973, 0.00138663069811, 0.00265123602003], [0.000329673814122, -0.00144220457878, -0.00121782813221, 0.0100746257231, -0.00661833258346, 7.90825724835e-05, 0.00172478356399, -0.000379799428629, 0.000249015662121, -0.00253027118742, 0.00177898013499, -0.00297259516083, 0.000707111088559], [5.00764253957e-05, 0.00141877890565, -0.00148688745685, -0.00661833258346, 0.014593526721, -0.00622340384871, 0.00336970458739, 0.00277232425287, -0.00338342832401, 0.00180950795766, 0.00415460113436, -0.00150372670032, -0.00350594404154], [-0.000731338339392, -0.0018639358459, 0.0028209334705, 7.90825724835e-05, -0.00622340384871, 0.0216495748609, -0.00736276200041, -0.00293352757581, 0.00735944136977, -0.00252289278433, -0.00692195165902, 0.00338816107251, -0.00222065718845], [0.000282337539829, -0.00172756658867, -0.00402194308117, 0.00172478356399, 0.00336970458739, -0.00736276200041, 0.0125103304163, -0.0027181932237, -0.00188006251119, 0.00567276356742, 0.00143676472362, -0.00232926150784, 0.00135051913094], [0.000114287802717, -0.00047011586139, 0.000372670125216, -0.000379799428629, 0.00277232425287, -0.00293352757581, -0.0027181932237, 0.018098032102, -0.0130806388333, 0.000921391882002, 0.00211352622136, -0.00123112462461, -0.000412871624576], [-0.000524216738995, -0.000993304885924, -0.001535581192, 0.000249015662121, -0.00338342832401, 0.00735944136977, -0.00188006251119, -0.0130806388333, 0.0312699116766, -0.00904599763453, -0.00283111422323, 0.00606114324182, -0.00157439755276], [7.91241691331e-05, -0.000193642757949, -0.00147932616528, -0.00253027118742, 0.00180950795766, -0.00252289278433, 0.00567276356742, 0.000921391882002, -0.00904599763453, 0.0178921818733, -0.00465521635488, -0.00170286523644, 0.00542299309745], [6.83057151036e-05, -0.00163060252089, -0.00540513684973, 0.00177898013499, 0.00415460113436, -0.00692195165902, 0.00143676472362, 0.00211352622136, -0.00283111422323, -0.00465521635488, 0.0265472885221, -0.00860465224832, -0.00426194583997], [-0.000114120717626, 0.000744736928027, 0.00138663069811, -0.00297259516083, -0.00150372670032, 0.00338816107251, -0.00232926150784, -0.00123112462461, 0.00606114324182, -0.00170286523644, -0.00860465224832, 0.0238987784833, -0.00792708154768], [4.37466478616e-05, 0.000805235758889, 0.00265123602003, 0.000707111088559, -0.00350594404154, -0.00222065718845, 0.00135051913094, -0.000412871624576, -0.00157439755276, 0.00542299309745, -0.00426194583997, -0.00792708154768, 0.0268002878875]]
    spectral_contrast:
        mean: [-1.52274481025e-07, -1.97073049435e-07, -1.97241590172e-07, 3.74776305989e-07, 6.39505287836e-07, -5.55941248592e-08, -2.87872467197e-06, 2.25647136176e-06, 2.21602044803e-06, -1.58761324087e-07, 3.26318149746e-06, -1.94375456886e-06]
        var: [0.000344570784364, 0.00063284940552, 0.00137922191061, 0.00252948817797, 0.00358339562081, 0.00511601800099, 0.0331904180348, 0.0875447168946, 0.111336737871, 0.240465134382, 0.537003815174, 1.04739665985]

rhythm:
    beats_loudness:
        dmean: 0.00229792622849
        dmean2: 0.00390125857666
        dvar: 5.60123953619e-06
        dvar2: 1.65526071214e-05
        max: 0.0142438849434
        mean: 0.00731247384101
        min: 0.00331044360064
        var: 5.70928250454e-06
    beats_loudness_bass:
        dmean: 0.0326082482934
        dmean2: 0.0515472926199
        dvar: 0.00121192331426
        dvar2: 0.00351529684849
        max: 0.147389009595
        mean: 0.0542737171054
        min: 0.0108438394964
        var: 0.00143919989932
    bpm: 125.659332275
    bpm_confidence: 0
    first_peak_bpm: 126
    first_peak_spread: 0
    first_peak_weight: 0.950000047684
    onset_rate: 3.79813981056
    second_peak_bpm: 119
    second_peak_spread: 0
    second_peak_weight: 0.0500000007451
    beats_position: [0.233877941966, 0.708832204342, 1.18378651142, 1.6587407589, 2.13369512558, 2.60864925385, 3.08360362053, 3.55855798721, 4.03351211548, 4.50846624374, 4.98342084885, 5.45837497711, 5.93332910538, 6.43767213821, 6.91746282578, 7.3972530365, 7.87704372406, 8.35683441162, 8.83662509918, 9.31641578674, 9.79620552063]
    bpm_estimates: [125.855567932, 126.200897217, 126.361351013, 127.384742737, 126.30178833, 125.523208618, 126.971466064, 126.081718445, 126.290405273, 125.454414368, 125.190513611, 125.215438843, 125.229484558, 125.454917908, 124.242507935, 125.247642517, 124.786911011, 124.760955811, 124.973083496]
    bpm_intervals: [0.474954247475, 0.474954307079, 0.474954247475, 0.474954366684, 0.474954128265, 0.474954366684, 0.474954366684, 0.474954128265, 0.474954128265, 0.474954605103, 0.474954128265, 0.474954128265, 0.504343032837, 0.479790687561, 0.479790210724, 0.479790687561, 0.479790687561, 0.479790687561, 0.479790687561, 0.479789733887]
    onset_times: [0.0464399084449, 0.232199549675, 0.452789127827, 0.684988677502, 0.893968224525, 1.02167797089, 1.17260766029, 1.39319729805, 1.63700675964, 1.89242625237, 2.13623571396, 2.35682535172, 2.60063481331, 2.72834467888, 2.86766433716, 3.09986400604, 3.27401351929, 3.56426310539, 3.80807256699, 4.02866220474, 4.29569149017, 4.52789115906, 4.74848079681, 5.46829938889, 5.72371864319, 5.9675283432, 6.43192720413, 6.91954660416, 7.38394546509, 7.63936519623, 7.87156438828, 8.11537456512, 8.34757328033, 8.84680271149, 9.10222244263, 9.2067117691, 9.34603214264, 9.81043052673]
    rubato_start: []
    rubato_stop: []
    perceptual_tempo: "unknown"

sfx:
    inharmonicity:
        dmean: 0.0425316654146
        dmean2: 0.0738773196936
        dvar: 0.00255452189595
        dvar2: 0.00704944785684
        max: 0.404367297888
        mean: 0.0508502013981
        min: 0.000177153007826
        var: 0.00284609384835
    oddtoevenharmonicenergyratio:
        dmean: 5.39872550964
        dmean2: 10.5331935883
        dvar: 1117.84118652
        dvar2: 3501.33642578
        max: 473.751708984
        mean: 3.1683216095
        min: 0.0014637518907
        var: 567.422119141
    pitch_after_max_to_before_max_energy_ratio: 5.46234464645
    pitch_centroid: 220.427703857
    pitch_max_to_total: 0.0881670564413
    pitch_min_to_total: 0.378190249205
    tristimulus:
        dmean: [0.204349115491, 0.240507721901, 0.123152665794]
        dmean2: [0.358263075352, 0.420842945576, 0.217715501785]
        dvar: [0.027214480564, 0.0381008908153, 0.0107816522941]
        dvar2: [0.0822014510632, 0.109881982207, 0.0295244567096]
        max: [0.919975817204, 0.942835092545, 0.551123738289]
        mean: [0.351771146059, 0.445964336395, 0.156727910042]
        min: [0.00988462101668, 0, 0]
        var: [0.0390764810145, 0.0498667098582, 0.0147594930604]

tonal:
    chords_changes_rate: 0.0414746552706
    chords_number_rate: 0.0322580635548
    chords_strength:
        dmean: 0.0101686120033
        dmean2: 0.00965306349099
        dvar: 6.40777216177e-05
        dvar2: 7.64066935517e-05
        max: 0.743793606758
        mean: 0.552052259445
        min: 0.360216736794
        var: 0.00890085473657
    key_strength: 0.789543390274
    tuning_diatonic_strength: 0.672125637531
    tuning_equal_tempered_deviation: 0.0680015310645
    tuning_frequency: 442.804626465
    tuning_nontempered_energy_ratio: 0.747800827026
    hpcp:
        dmean: [0.158592626452, 0.146245419979, 0.0848106518388, 0.0767957642674, 0.0910262167454, 0.133007720113, 0.167210578918, 0.164349749684, 0.144845217466, 0.131346940994, 0.126280203462, 0.10317286849, 0.116993509233, 0.103938885033, 0.168876618147, 0.190410345793, 0.146994456649, 0.110293343663, 0.0782129839063, 0.100357942283, 0.146740496159, 0.149427071214, 0.136537507176, 0.101938292384, 0.0774074494839, 0.0674797147512, 0.077159255743, 0.104435861111, 0.108764134347, 0.145314767957, 0.194600895047, 0.177336603403, 0.182556435466, 0.150166705251, 0.132087513804, 0.161220490932]
        dmean2: [0.254268109798, 0.239822089672, 0.1414539814, 0.126707330346, 0.155979067087, 0.218063235283, 0.281115233898, 0.280075967312, 0.236693993211, 0.216988459229, 0.206134811044, 0.163600698113, 0.199532493949, 0.169859156013, 0.278980344534, 0.307951003313, 0.237477108836, 0.186194419861, 0.130118876696, 0.168483838439, 0.240083307028, 0.231531441212, 0.233191311359, 0.169818505645, 0.132703244686, 0.114514149725, 0.123903125525, 0.165593832731, 0.179699540138, 0.240021660924, 0.323883652687, 0.28536310792, 0.301715910435, 0.259881258011, 0.235082834959, 0.270427584648]
        dvar: [0.033296123147, 0.0250018574297, 0.00797683279961, 0.0128575675189, 0.016339559108, 0.0268750414252, 0.0363665260375, 0.0309231299907, 0.0306685492396, 0.0319962240756, 0.0283239558339, 0.0191690288484, 0.0249381288886, 0.019057771191, 0.0358468517661, 0.0348334014416, 0.0283004622906, 0.0278152953833, 0.014467571862, 0.0214916113764, 0.037465788424, 0.0338633619249, 0.0295234248042, 0.0278322473168, 0.0196033008397, 0.0126956868917, 0.00941413640976, 0.0177058577538, 0.0214005690068, 0.0310840848833, 0.0443953238428, 0.0336041934788, 0.0453442148864, 0.0413652993739, 0.0303243864328, 0.0374357514083]
        dvar2: [0.068813174963, 0.0663408115506, 0.019771059975, 0.0344470515847, 0.0450444296002, 0.0629046559334, 0.0818029567599, 0.0811084359884, 0.0671579241753, 0.0666557475924, 0.0670047327876, 0.0403255522251, 0.0569609031081, 0.0444041006267, 0.0950497239828, 0.0913105532527, 0.0628876760602, 0.074580155313, 0.0277702659369, 0.0567982457578, 0.101207599044, 0.0743408054113, 0.0758849456906, 0.0685610845685, 0.0508131198585, 0.0317867919803, 0.0236006509513, 0.0427100323141, 0.0492938682437, 0.0701436623931, 0.116700343788, 0.0800428241491, 0.114184580743, 0.118559874594, 0.0777354761958, 0.096106544137]
        max: [1, 1, 0.758086025715, 1, 0.884672999382, 1, 1, 1, 1, 1, 1, 1, 1, 0.852937042713, 1, 1, 1, 1, 1, 1, 1, 1, 1, 1, 1, 0.934950649738, 0.80563390255, 1, 1, 1, 1, 1, 1, 1, 1, 1]
        mean: [0.345987945795, 0.248294249177, 0.121529065073, 0.107055388391, 0.119114153087, 0.219977453351, 0.326471894979, 0.289047420025, 0.233533531427, 0.211110264063, 0.170543849468, 0.164568379521, 0.16732686758, 0.155060693622, 0.269551664591, 0.403944671154, 0.294372916222, 0.149687901139, 0.119540169835, 0.127644896507, 0.225528597832, 0.285307109356, 0.213460594416, 0.135470241308, 0.0954794883728, 0.0837348997593, 0.129617765546, 0.167216673493, 0.166554734111, 0.244642630219, 0.324462682009, 0.301517367363, 0.26246201992, 0.201879560947, 0.160371825099, 0.249749913812]
        min: [0, 0, 0, 0, 0, 0, 0, 0, 0, 0, 0, 0, 0, 0, 0, 0, 0, 0, 0, 0, 0, 0, 0, 0, 0, 0, 0, 0, 0, 0, 0, 0, 0, 0, 0, 0]
        var: [0.0968422591686, 0.0531236045063, 0.0124987503514, 0.0143278185278, 0.0178508348763, 0.0525730662048, 0.106738731265, 0.0679388493299, 0.0623080730438, 0.0737988352776, 0.0508824884892, 0.0392201840878, 0.0433566048741, 0.0268452838063, 0.0567646548152, 0.109598197043, 0.0736708715558, 0.0321819521487, 0.0276323109865, 0.0268873646855, 0.0632014200091, 0.0824062600732, 0.0491667315364, 0.0390931218863, 0.0177985876799, 0.0126220164821, 0.0175918396562, 0.0309216398746, 0.039799913764, 0.0665300115943, 0.0979406908154, 0.0707823857665, 0.0673295930028, 0.0472660586238, 0.0321785509586, 0.0525851286948]
    chords_histogram: [21.6589870453, 5.0691242218, 28.571428299, 0, 1.38248848915, 0, 20.7373275757, 0, 0, 0, 0, 0, 0, 0, 0, 0, 0, 0, 0, 1.38248848915, 0, 20.2764968872, 0, 0.921658992767]
    thpcp: [1, 0.728745639324, 0.370565354824, 0.295932024717, 0.31599599123, 0.558315575123, 0.706302464008, 0.528440177441, 0.335368305445, 0.236367732286, 0.207292988896, 0.320879995823, 0.413959354162, 0.412320673466, 0.60563403368, 0.803235471249, 0.746432363987, 0.649747431278, 0.499770313501, 0.397014349699, 0.618277549744, 0.856523096561, 0.614673912525, 0.300855726004, 0.265024870634, 0.294877409935, 0.544573247433, 0.80820941925, 0.715561926365, 0.578132450581, 0.522621750832, 0.422196060419, 0.407403260469, 0.414232134819, 0.383866161108, 0.66729849577]
    chords_key: "D"
    chords_scale: "major"
    key_key: "G"
    key_scale: "major"
    chords_progression: ["A", "A", "A", "Am", "Am", "Am", "Am", "Am", "Am", "Am", "Am", "Am", "Am", "Am", "Am", "Am", "Am", "Am", "Am", "Am", "Am", "Am", "Am", "Am", "Am", "Am", "Am", "Am", "Am", "Am", "Am", "Am", "Am", "Am", "Am", "Am", "Am", "Am", "Am", "Am", "Am", "Am", "Am", "Am", "Am", "Am", "Am", "D", "D", "D", "D", "D", "D", "D", "D", "D", "D", "D", "D", "Dm", "Dm", "Dm", "D", "D", "D", "D", "D", "D", "D", "D", "D", "D", "D", "D", "D", "D", "D", "D", "D", "D", "D", "D", "D", "D", "D", "D", "D", "D", "D", "D", "D", "D", "D", "D", "D", "D", "D", "D", "D", "D", "D", "D", "D", "D", "D", "D", "D", "D", "D", "D", "D", "D", "G", "G", "G", "G", "G", "G", "G", "G", "G", "G", "Bm", "Bm", "Bm", "Bm", "Bm", "Bm", "Bm", "Bm", "Bm", "Bm", "Bm", "E", "E", "E", "E", "E", "E", "E", "E", "E", "E", "E", "E", "E", "E", "E", "E", "E", "E", "E", "E", "E", "E", "E", "E", "E", "E", "E", "E", "E", "E", "E", "E", "E", "E", "E", "E", "E", "E", "E", "E", "E", "E", "E", "E", "E", "Em", "Em", "G", "G", "G", "G", "G", "G", "G", "G", "G", "G", "G", "G", "G", "G", "G", "G", "G", "G", "G", "G", "G", "G", "G", "G", "G", "G", "G", "G", "G", "G", "G", "G", "G", "G", "G", "G", "G"]
