
metadata:
    version:
        essentia: "1.2.2"
    audio_properties:
        analysis_sample_rate: 44100
        bitrate: 128
        channels: 2
        equal_loudness: 1
        length: 9.84816360474
        replay_gain: -11.1068611145
        downmix: "mix"
    tags:
        track: 5
        year: 0
        album: "Splitted by Mp3Splt v. 2.1"
        artist: "From 000.40 To 000.50"
        comment: "http://mp3splt.sf.net"
        genre: ""
        title: "01 Breezy.mp3"

highlevel:
    ballroom:
        all:
            ChaChaCha: 0.674131512642
            Jive: 0.0659730806947
            Quickstep: 0.00190902361646
            Rumba-American: 0.00221232534386
            Rumba-International: 0.00516629684716
            Rumba-Misc: 0.00795425381511
            Samba: 0.239249542356
            Tango: 0.000985607388429
            VienneseWaltz: 0.00155503908172
            Waltz: 0.000863339693751
        probability: 0.674131512642
        value: "ChaChaCha"
    culture:
        all:
            non_western: 0.882655084133
            western: 0.117344908416
        probability: 0.882655084133
        value: "non_western"
    gender:
        all:
            female: 0.89523857832
            male: 0.104761399329
        probability: 0.89523857832
        value: "female"
    genre_dortmund:
        all:
            alternative: 0.000527995696757
            blues: 0.0139991240576
            electronic: 0.0111378608271
            folkcountry: 0.000979123986326
            funksoulrnb: 0.143570035696
            jazz: 0.0134087139741
            pop: 0.0139682376757
            raphiphop: 0.80054962635
            rock: 0.00185928726569
        probability: 0.80054962635
        value: "raphiphop"
    genre_electronica:
        all:
            ambient: 0.194429710507
            dnb: 0.132233262062
            house: 0.404469430447
            techno: 0.0927858427167
            trance: 0.176081761718
        probability: 0.404469430447
        value: "house"
    genre_rosamerica:
        all:
            cla: 0.00849832501262
            dan: 0.0690851435065
            hip: 0.242517158389
            jaz: 0.0130770727992
            pop: 0.0985878407955
            rhy: 0.548101246357
            roc: 0.00754558574408
            spe: 0.012587624602
        probability: 0.548101246357
        value: "rhy"
    genre_tzanetakis:
        all:
            blu: 0.000601435371209
            cla: 0.000909124559257
            cou: 0.00102210650221
            dis: 0.00601117918268
            hip: 0.165313839912
            jaz: 0.000695865717717
            met: 0.000691192923114
            pop: 0.810971856117
            reg: 0.0116549469531
            roc: 0.002128432272
        probability: 0.810971856117
        value: "pop"
    live_studio:
        all:
            live: 0.0195258762687
            studio: 0.980474114418
        probability: 0.980474114418
        value: "studio"
    mood:
        all:
            Cluster1: 0.0386068671942
            Cluster2: 0.560814678669
            Cluster3: 0.00924855191261
            Cluster4: 0.376544356346
            Cluster5: 0.014785528183
        probability: 0.560814678669
        value: "Cluster2"
    mood_acoustic:
        all:
            acoustic: 0.0222972482443
            not_acoustic: 0.977702736855
        probability: 0.977702736855
        value: "not_acoustic"
    mood_aggressive:
        all:
            aggressive: 0.0264141988009
            not_aggressive: 0.973585784435
        probability: 0.973585784435
        value: "not_aggressive"
    mood_electronic:
        all:
            electronic: 0.783394873142
            not_electronic: 0.216605141759
        probability: 0.783394873142
        value: "electronic"
    mood_happy:
        all:
            happy: 0.739226639271
            not_happy: 0.260773360729
        probability: 0.739226639271
        value: "happy"
    mood_party:
        all:
            not_party: 0.211793646216
            party: 0.788206338882
        probability: 0.788206338882
        value: "party"
    mood_relaxed:
        all:
            not_relaxed: 0.78427118063
            relaxed: 0.21572881937
        probability: 0.78427118063
        value: "not_relaxed"
    mood_sad:
        all:
            not_sad: 0.854350805283
            sad: 0.145649194717
        probability: 0.854350805283
        value: "not_sad"
    rhythm:
        all:
            fast: 0.603392004967
            medium: 0.386426061392
            slow: 0.0101818973199
        probability: 0.603392004967
        value: "fast"
    speech_music:
        all:
            music: 0.997037112713
            speech: 0.00296288751997
        probability: 0.997037112713
        value: "music"
    timbre:
        all:
            bright: 0.978290498257
            dark: 0.0217095222324
        probability: 0.978290498257
        value: "bright"
    voice_instrumental:
        all:
            instrumental: 0.791489183903
            voice: 0.208510830998
        probability: 0.791489183903
        value: "instrumental"

lowlevel:
    average_loudness: 0.985875487328
    barkbands_kurtosis:
        dmean: 1.62318587303
        dmean2: 2.60341238976
        dvar: 8.0988702774
        dvar2: 17.7354412079
        max: 28.6422195435
        mean: 0.523942828178
        min: -1.86014652252
        var: 12.6498060226
    barkbands_skewness:
        dmean: 0.708976864815
        dmean2: 1.04510438442
        dvar: 0.528318524361
        dvar2: 1.14461874962
        max: 4.20458555222
        mean: 0.182015657425
        min: -2.4785554409
        var: 1.40714454651
    barkbands_spread:
        dmean: 6.05427408218
        dmean2: 9.32142448425
        dvar: 38.006023407
        dvar2: 93.1675262451
        max: 48.8313903809
        mean: 21.8743934631
        min: 3.10614347458
        var: 72.1750335693
    dissonance:
        dmean: 0.0315820351243
        dmean2: 0.053573101759
        dvar: 0.00107512506656
        dvar2: 0.00236623035744
        max: 0.499962180853
        mean: 0.443688780069
        min: 0.0341464914382
        var: 0.00190249586012
    hfc:
        dmean: 4.1896853447
        dmean2: 6.2867641449
        dvar: 50.8023834229
        dvar2: 130.409408569
        max: 66.396270752
        mean: 7.99660396576
        min: 3.71160567738e-05
        var: 60.9015731812
    pitch:
        dmean: 467.451751709
        dmean2: 910.972290039
        dvar: 1222727.625
        dvar2: 3495256.25
        max: 5512.5
        mean: 624.445739746
        min: 134.862380981
        var: 803994.125
    pitch_instantaneous_confidence:
        dmean: 0.126265436411
        dmean2: 0.187305182219
        dvar: 0.0147455763072
        dvar2: 0.0277814846486
        max: 0.958005309105
        mean: 0.628279387951
        min: 0.181140840054
        var: 0.0477464608848
    pitch_salience:
        dmean: 0.0939480736852
        dmean2: 0.144038140774
        dvar: 0.0073942807503
        dvar2: 0.0186963714659
        max: 0.945309996605
        mean: 0.598529994488
        min: 0.173213794827
        var: 0.015249652788
    silence_rate_20dB:
        dmean: 0
        dmean2: 0
        dvar: 0
        dvar2: 0
        max: 1
        mean: 1
        min: 1
        var: 0
    silence_rate_30dB:
        dmean: 0
        dmean2: 0
        dvar: 0
        dvar2: 0
        max: 1
        mean: 1
        min: 1
        var: 0
    silence_rate_60dB:
        dmean: 0.197647064924
        dmean2: 0.396226406097
        dvar: 0.158581793308
        dvar2: 0.295834898949
        max: 1
        mean: 0.340375572443
        min: 0
        var: 0.224519506097
    spectral_centroid:
        dmean: 424.812255859
        dmean2: 631.446960449
        dvar: 192591.5625
        dvar2: 408666.78125
        max: 4503.57177734
        mean: 1771.1607666
        min: 336.081298828
        var: 552357.9375
    spectral_complexity:
        dmean: 3.54716992378
        dmean2: 5.25295495987
        dvar: 23.4600524902
        dvar2: 48.9502487183
        max: 46
        mean: 9.51058864594
        min: 0
        var: 54.5416259766
    spectral_crest:
        dmean: 3.21428465843
        dmean2: 5.34548282623
        dvar: 8.93032932281
        dvar2: 23.2620925903
        max: 23.2065410614
        mean: 9.53533363342
        min: 3.40420556068
        var: 16.0886898041
    spectral_decrease:
        dmean: 6.48069486964e-10
        dmean2: 1.04823572045e-09
        dvar: 2.11924913707e-18
        dvar2: 5.72111116148e-18
        max: -4.31581286076e-15
        mean: -1.05978614773e-09
        min: -1.41046987423e-08
        var: 1.62366279482e-18
    spectral_energy:
        dmean: 0.00278414785862
        dmean2: 0.00444961711764
        dvar: 3.6263387301e-05
        dvar2: 9.73986461759e-05
        max: 0.058552801609
        mean: 0.00472519360483
        min: 1.96554097442e-08
        var: 2.89739600703e-05
    spectral_energyband_high:
        dmean: 0.000246878829785
        dmean2: 0.000374586030375
        dvar: 2.2635791197e-07
        dvar2: 6.06898595379e-07
        max: 0.00476848660037
        mean: 0.000358998804586
        min: 6.83083367647e-10
        var: 2.60517651895e-07
    spectral_energyband_low:
        dmean: 0.000278228952084
        dmean2: 0.000455503584817
        dvar: 6.28672864877e-07
        dvar2: 1.5671306528e-06
        max: 0.00471944315359
        mean: 0.000249694974627
        min: 1.76887532399e-11
        var: 5.86625390042e-07
    spectral_energyband_middle_high:
        dmean: 0.00117505632807
        dmean2: 0.00172432372347
        dvar: 2.27190025726e-06
        dvar2: 5.34526770934e-06
        max: 0.0116723235697
        mean: 0.00243867561221
        min: 1.67645435312e-08
        var: 4.09510130339e-06
    spectral_energyband_middle_low:
        dmean: 0.0016954013845
        dmean2: 0.00293409940787
        dvar: 2.3290516765e-05
        dvar2: 6.36795302853e-05
        max: 0.0453971102834
        mean: 0.00167772488203
        min: 2.16900897243e-09
        var: 1.59660157806e-05
    spectral_flatness_db:
        dmean: 0.0324156805873
        dmean2: 0.0464659929276
        dvar: 0.000943139486481
        dvar2: 0.00179542053957
        max: 0.379785448313
        mean: 0.210532903671
        min: 0.0982125923038
        var: 0.00412959419191
    spectral_flux:
        dmean: 0.0198074914515
        dmean2: 0.0315302014351
        dvar: 0.000458645547042
        dvar2: 0.00102442863863
        max: 0.227030456066
        mean: 0.0512359030545
        min: 0.00153324299026
        var: 0.000802586902864
    spectral_kurtosis:
        dmean: 1.91117310524
        dmean2: 3.09066700935
        dvar: 4.05222845078
        dvar2: 11.5678281784
        max: 17.9361743927
        mean: 4.97379207611
        min: -0.328190565109
        var: 6.31193256378
    spectral_rms:
        dmean: 0.000580767984502
        dmean2: 0.000878829974681
        dvar: 6.16801344222e-07
        dvar2: 1.44917271427e-06
        max: 0.00755808735266
        mean: 0.00193638156634
        min: 4.37904191131e-06
        var: 8.60371471845e-07
    spectral_rolloff:
        dmean: 628.170166016
        dmean2: 1044.02905273
        dvar: 593409.5
        dvar2: 1260008.25
        max: 6675.29296875
        mean: 3060.55151367
        min: 150.732421875
        var: 1308119
    spectral_skewness:
        dmean: 0.258292466402
        dmean2: 0.408721387386
        dvar: 0.0629173070192
        dvar2: 0.152587488294
        max: 3.21135830879
        mean: 1.58972728252
        min: 0.201114937663
        var: 0.157984226942
    spectral_spread:
        dmean: 892319.5625
        dmean2: 1216929.25
        dvar: 1.07383573709e+12
        dvar2: 1.93457238835e+12
        max: 12097822
        mean: 4606529
        min: 2056625.875
        var: 2.6900210647e+12
    spectral_strongpeak:
        dmean: 0.713612258434
        dmean2: 1.16996002197
        dvar: 0.912757635117
        dvar2: 2.00690984726
        max: 7.54868268967
        mean: 1.07670295238
        min: 9.50063986238e-05
        var: 1.32260966301
    zerocrossingrate:
        dmean: 0.0147152310237
        dmean2: 0.0171360168606
        dvar: 0.000169347971678
        dvar2: 0.000256766390521
        max: 0.208984375
        mean: 0.092316173017
        min: 0.005859375
        var: 0.000867787864991
    barkbands:
        dmean: [2.25387452701e-06, 0.000210884594708, 0.000121189274068, 5.58838546567e-05, 0.000831826939248, 0.000338874087902, 0.000331290095346, 0.000137014503707, 0.000197384666535, 0.000235475803493, 0.000112472276669, 7.36203801353e-05, 0.000125429651234, 5.06919313921e-05, 0.000100347941043, 0.000194971129531, 0.000137067036121, 0.000270193908364, 0.000349027657649, 0.000263867899776, 0.000122454744997, 2.03855252039e-05, 5.33548700332e-06, 4.50903826277e-06, 1.18457376175e-06, 6.05065793025e-08, 1.09000519721e-09]
        dmean2: [2.99329917652e-06, 0.000364483421436, 0.000226140575251, 9.9936281913e-05, 0.00149169063661, 0.000584668538067, 0.000577079772484, 0.000240194916842, 0.000328140129568, 0.000359299010597, 0.000163647724548, 0.000114769463835, 0.000197726025362, 8.16486426629e-05, 0.000160021343618, 0.000295833306154, 0.000211942140595, 0.000437628565123, 0.000528228410985, 0.000403703248594, 0.000201443443075, 3.20392027788e-05, 7.72262592363e-06, 7.40746736483e-06, 1.81031589364e-06, 8.40515923528e-08, 1.808030059e-09]
        dvar: [1.82343549981e-11, 3.96009539827e-07, 1.58243139481e-07, 2.93032975662e-08, 1.19089863801e-05, 1.0606622709e-06, 4.43711826392e-07, 1.1953997614e-07, 2.5947176141e-07, 1.87091103498e-07, 4.09074409902e-08, 2.11947259743e-08, 9.90617152752e-08, 8.77933459265e-09, 4.04020745748e-08, 1.76045290345e-07, 6.47258247e-08, 2.74073357787e-07, 2.85659666588e-07, 1.95776024725e-07, 1.09394640901e-07, 4.64949634349e-09, 2.2817059353e-10, 8.85892192937e-11, 2.01348356391e-12, 1.00070369742e-14, 5.5146377816e-18]
        dvar2: [3.52357483469e-11, 1.06783431875e-06, 4.51720893579e-07, 7.69579600046e-08, 3.2801006455e-05, 2.9742238894e-06, 1.16852288556e-06, 2.99985885022e-07, 6.23086918949e-07, 4.33740865446e-07, 7.61082574741e-08, 4.06519369278e-08, 2.4366369189e-07, 2.01008845124e-08, 1.00676764703e-07, 3.98507921773e-07, 1.37546166457e-07, 7.20925129372e-07, 6.75747173773e-07, 5.05133414208e-07, 3.06646199988e-07, 1.15945653079e-08, 4.80350648147e-10, 2.22027729535e-10, 4.54610828149e-12, 1.78213919452e-14, 1.26367770066e-17]
        max: [3.6410492612e-05, 0.00352603406645, 0.00279709044844, 0.0011031748727, 0.0309981815517, 0.00911355484277, 0.00639022141695, 0.00292418967001, 0.00493071880192, 0.00392963178456, 0.00228482019156, 0.0018690865254, 0.00328753027134, 0.00100438587833, 0.00192072428763, 0.00469758361578, 0.00296237459406, 0.00506221177056, 0.00449312152341, 0.00423101754859, 0.00317401532084, 0.000710301566869, 0.000138788513141, 7.68798126956e-05, 1.5690937289e-05, 9.44281907778e-07, 2.24055671794e-08]
        mean: [3.79492689717e-06, 0.000161553412909, 8.4450286522e-05, 3.99791933887e-05, 0.00058477150742, 0.00028556183679, 0.000370786612621, 0.000136320639285, 0.000216903034016, 0.000339934253134, 0.000183760275831, 0.000116491421068, 0.000183994241524, 6.1725913838e-05, 0.000124884507386, 0.000213992214412, 0.000170304876519, 0.000353543699021, 0.000523422611877, 0.000391374866012, 0.000140845921123, 2.37358781305e-05, 5.83236396778e-06, 5.2826371757e-06, 1.87562000065e-06, 7.46216457514e-08, 1.18352194711e-09]
        min: [9.33058426529e-13, 8.08775268979e-12, 9.09884580874e-12, 3.69028765879e-11, 2.03046968128e-10, 3.11684761334e-10, 1.80291032104e-10, 3.5029361356e-11, 1.05843023235e-09, 3.2120437421e-09, 3.23033111371e-09, 1.83991447078e-10, 1.78720108157e-10, 5.3223730978e-11, 1.3570420343e-09, 7.36450400662e-10, 1.08049080794e-09, 3.65252583734e-09, 9.54572754175e-10, 1.32617972159e-09, 2.42441927645e-10, 6.24617718659e-11, 4.52213613777e-11, 1.3798441556e-11, 9.50199120775e-12, 3.90895909391e-12, 5.46110398114e-14]
        var: [4.87079369893e-11, 3.00414399135e-07, 1.01528080165e-07, 2.08061639029e-08, 7.61219098422e-06, 7.17721434285e-07, 4.8554602472e-07, 1.12813047792e-07, 2.91116435847e-07, 2.66741778887e-07, 1.44215988485e-07, 6.87224499529e-08, 1.60392076509e-07, 1.12301128397e-08, 4.32275228945e-08, 2.09048096167e-07, 1.00909758771e-07, 2.9263713941e-07, 4.08524613249e-07, 2.61520057165e-07, 8.99576946267e-08, 4.97779550912e-09, 2.8935076557e-10, 8.51991463491e-11, 5.36744043309e-12, 1.71031808507e-14, 5.89624266795e-18]
    mfcc:
        mean: [-762.983032227, 80.9802474976, -80.6027450562, 22.9167098999, -32.468334198, -39.0827026367, 1.39402329922, -18.6999835968, -8.40434074402, -2.29052710533, -10.2535324097, -4.41540670395, -3.15853691101]
        cov: [[5688.32324219, 297.051055908, 718.660766602, 534.074645996, 384.359344482, 392.512359619, 137.897964478, 179.379455566, 81.1328887939, 55.2139053345, 100.653282166, 167.873214722, 74.8607406616], [297.051055908, 1096.41625977, 479.831542969, 319.198822021, 251.880645752, 408.67477417, 243.470901489, 204.60609436, 137.049743652, 49.7471084595, 83.6918640137, -21.0448417664, -24.4256591797], [718.660766602, 479.831542969, 1985.48706055, 670.945251465, 561.224914551, 796.964904785, -14.7991333008, 518.444030762, 189.453063965, 114.826210022, 205.333740234, 18.0589466095, -47.5957298279], [534.074645996, 319.198822021, 670.945251465, 712.979675293, 363.93069458, 428.0128479, 41.6124420166, 338.80871582, 158.680557251, 160.486709595, 126.379890442, 106.78086853, 26.3002967834], [384.359344482, 251.880645752, 561.224914551, 363.93069458, 617.467041016, 241.594085693, 299.334655762, 265.140838623, 232.5078125, 188.83833313, 94.1776885986, 106.355407715, 120.78338623], [392.512359619, 408.67477417, 796.964904785, 428.0128479, 241.594085693, 861.215576172, 107.260612488, 440.508178711, 156.591186523, 112.815681458, 198.407836914, -35.0441207886, -13.2484693527], [137.897964478, 243.470901489, -14.7991333008, 41.6124420166, 299.334655762, 107.260612488, 660.145690918, 117.161186218, 161.452087402, 167.418289185, 61.1352996826, 45.4096450806, 130.414901733], [179.379455566, 204.60609436, 518.444030762, 338.80871582, 265.140838623, 440.508178711, 117.161186218, 417.016204834, 153.754562378, 142.563018799, 114.556510925, 41.2637748718, 38.468120575], [81.1328887939, 137.049743652, 189.453063965, 158.680557251, 232.5078125, 156.591186523, 161.452087402, 153.754562378, 266.782745361, 92.4039077759, 51.8410110474, 20.63697052, 60.0149383545], [55.2139053345, 49.7471084595, 114.826210022, 160.486709595, 188.83833313, 112.815681458, 167.418289185, 142.563018799, 92.4039077759, 238.344665527, 45.7945365906, 85.7521896362, 80.4940872192], [100.653282166, 83.6918640137, 205.333740234, 126.379890442, 94.1776885986, 198.407836914, 61.1352996826, 114.556510925, 51.8410110474, 45.7945365906, 237.503890991, 38.9512443542, 48.1180305481], [167.873214722, -21.0448417664, 18.0589466095, 106.78086853, 106.355407715, -35.0441207886, 45.4096450806, 41.2637748718, 20.63697052, 85.7521896362, 38.9512443542, 191.358322144, 55.3545379639], [74.8607406616, -24.4256591797, -47.5957298279, 26.3002967834, 120.78338623, -13.2484693527, 130.414901733, 38.468120575, 60.0149383545, 80.4940872192, 48.1180305481, 55.3545379639, 181.132797241]]
        icov: [[0.00020253706316, 1.05488734334e-05, -3.68661203538e-05, -0.000131486609462, -4.47193342552e-05, -0.000116135335702, -5.52874735149e-05, 0.000162684518727, 5.33812490175e-05, 0.000151243322762, 7.05706988811e-05, -0.000178331538336, -9.54448478296e-05], [1.05488734334e-05, 0.00133127963636, -5.91006828472e-05, -0.000456120440504, -0.00010812432447, -0.000467310572276, -0.000572207209188, 0.000339455262292, -0.000110838693217, 0.000406435632613, 8.04951923783e-05, 0.000132705608848, 0.000397844269173], [-3.68661203538e-05, -5.91006828472e-05, 0.00123871385586, -0.000170106432051, -0.00114987813868, -0.000600971863605, 0.000501584494486, -0.000348144560121, 0.000332524970872, 0.000227712531341, -0.000216689237277, 0.000230614212342, 0.000568783376366], [-0.000131486609462, -0.000456120440504, -0.000170106432051, 0.00351053639315, -0.00103634572588, -0.000501023663674, 0.000962344463915, -0.000968633568846, -0.000213384337258, -0.000825564144179, -0.000153316592332, -0.00111129996367, 0.000423571706051], [-4.47193342552e-05, -0.00010812432447, -0.00114987813868, -0.00103634572588, 0.00507912645116, 0.000952864240389, -0.00140291522257, -0.000527924858034, -0.00185107172001, -0.000508274300955, 0.000305827154079, -0.000728333019651, -0.00136221270077], [-0.000116135335702, -0.000467310572276, -0.000600971863605, -0.000501023663674, 0.000952864240389, 0.00400930084288, -0.000297511083772, -0.0029556825757, -0.000128438303364, -0.000338926445693, -0.00149837217759, 0.00162735499907, 0.000493485305924], [-5.52874735149e-05, -0.000572207209188, 0.000501584494486, 0.000962344463915, -0.00140291522257, -0.000297511083772, 0.00289818947203, -6.82537793182e-05, -0.000358822959242, -0.00120978255291, -0.000241570276557, 0.000250213459367, -0.000576483260375], [0.000162684518727, 0.000339455262292, -0.000348144560121, -0.000968633568846, -0.000527924858034, -0.0029556825757, -6.82537793182e-05, 0.00773614645004, -0.0010868437821, -0.00131940143183, 0.000265540205874, -0.000676946889143, -0.00034750107443], [5.33812490175e-05, -0.000110838693217, 0.000332524970872, -0.000213384337258, -0.00185107172001, -0.000128438303364, -0.000358822959242, -0.0010868437821, 0.00632922817022, -0.000177484587766, -9.98179311864e-05, 0.000907760462724, -0.000473631633213], [0.000151243322762, 0.000406435632613, 0.000227712531341, -0.000825564144179, -0.000508274300955, -0.000338926445693, -0.00120978255291, -0.00131940143183, -0.000177484587766, 0.0078829722479, 0.000600168830715, -0.00211006472819, -0.00132153229788], [7.05706988811e-05, 8.04951923783e-05, -0.000216689237277, -0.000153316592332, 0.000305827154079, -0.00149837217759, -0.000241570276557, 0.000265540205874, -9.98179311864e-05, 0.000600168830715, 0.00595136359334, -0.00138659786899, -0.00163985416293], [-0.000178331538336, 0.000132705608848, 0.000230614212342, -0.00111129996367, -0.000728333019651, 0.00162735499907, 0.000250213459367, -0.000676946889143, 0.000907760462724, -0.00211006472819, -0.00138659786899, 0.00808321032673, -0.000583099608775], [-9.54448478296e-05, 0.000397844269173, 0.000568783376366, 0.000423571706051, -0.00136221270077, 0.000493485305924, -0.000576483260375, -0.00034750107443, -0.000473631633213, -0.00132153229788, -0.00163985416293, -0.000583099608775, 0.00849321018904]]
    spectral_contrast:
        mean: [-1.53569615691e-07, 1.3981671998e-07, 3.51483322447e-07, 1.43489415905e-07, 1.59442421932e-07, 3.70530528926e-07, 1.85770147709e-06, -4.3953164095e-06, -2.84671773443e-06, 1.26796612676e-06, -1.48997582983e-06, -3.28288365381e-06]
        var: [0.00116877630353, 0.0018231975846, 0.00338188256137, 0.00597557332367, 0.00729498593137, 0.0113546932116, 0.0836699903011, 0.20342476666, 0.238065108657, 0.710342526436, 2.09403538704, 4.65430355072]

rhythm:
    beats_loudness:
        dmean: 0.00660838093609
        dmean2: 0.0126569317654
        dvar: 8.77559978107e-06
        dvar2: 3.38602767442e-05
        max: 0.0146212140098
        mean: 0.00925454962999
        min: 0.00222182250582
        var: 1.52452430484e-05
    beats_loudness_bass:
        dmean: 0.326896220446
        dmean2: 0.633016526699
        dvar: 0.0812034979463
        dvar2: 0.230212166905
        max: 0.837736904621
        mean: 0.169800594449
        min: 6.42956802039e-05
        var: 0.0627484470606
    bpm: 97.5910644531
    bpm_confidence: 0
    first_peak_bpm: 98
    first_peak_spread: 0
    first_peak_weight: 0.933333337307
    onset_rate: 5.28017234802
    second_peak_bpm: 90
    second_peak_spread: 0
    second_peak_weight: 0.0666666701436
    beats_position: [0.307717531919, 0.921913862228, 1.53611016273, 2.15030646324, 2.76450276375, 3.37869930267, 3.99289560318, 4.60709190369, 5.22128868103, 5.83548498154, 6.49914169312, 7.11443567276, 7.72973060608, 8.34502506256, 8.96031951904, 9.57561302185]
    bpm_estimates: [97.5912475586, 97.5003585815, 97.6110458374, 97.643409729, 97.5011138916, 98.4868469238, 97.4941940308, 97.5023727417, 97.4727401733, 97.470199585, 97.519241333, 97.5740737915, 97.5525512695, 97.5411911011, 97.4546585083, 97.5417480469]
    bpm_intervals: [0.614196300507, 0.614196300507, 0.614196300507, 0.614196300507, 0.614196538925, 0.614196300507, 0.614196300507, 0.614196777344, 0.614196300507, 0.663656711578, 0.615293979645, 0.615294933319, 0.615294456482, 0.615294456482, 0.615293502808]
    onset_times: [0.0580498874187, 0.197369620204, 0.301859408617, 0.522448956966, 0.638548731804, 0.824308395386, 0.9287981987, 1.23065757751, 1.54412698746, 1.72988665104, 1.90403628349, 2.17106580734, 2.3916554451, 2.53097510338, 2.68190479279, 2.79800462723, 3.12308382988, 3.35528349876, 3.58748292923, 3.72680282593, 4.02866220474, 4.34213161469, 4.53950119019, 4.65560102463, 4.86458063126, 5.02712011337, 5.11999988556, 5.15482997894, 5.25931978226, 5.44507932663, 5.64244890213, 5.87464857101, 6.18811798096, 6.32743787766, 6.48997735977, 6.73378705978, 6.84988641739, 7.04725646973, 7.12852621078, 7.2910656929, 7.50004529953, 7.59292507172, 7.73224496841, 7.94122457504, 8.05732440948, 8.25469398499, 8.35918331146, 8.67265319824, 8.83519268036, 8.96290206909, 9.29959201813, 9.6014509201]
    rubato_start: []
    rubato_stop: []
    perceptual_tempo: "unknown"

sfx:
    inharmonicity:
        dmean: 0.0671234056354
        dmean2: 0.12046135962
        dvar: 0.00672147143632
        dvar2: 0.0183902084827
        max: 0.397249996662
        mean: 0.0607893280685
        min: 0
        var: 0.0069015789777
    oddtoevenharmonicenergyratio:
        dmean: 5.23226881027
        dmean2: 9.8491191864
        dvar: 271.050384521
        dvar2: 805.171264648
        max: 152.683135986
        mean: 3.46508383751
        min: 0
        var: 151.717086792
    pitch_after_max_to_before_max_energy_ratio: 1.41451299191
    pitch_centroid: 205.316207886
    pitch_max_to_total: 0.341176480055
    pitch_min_to_total: 0.157647058368
    tristimulus:
        dmean: [0.229452624917, 0.256313145161, 0.143570020795]
        dmean2: [0.395707756281, 0.46016690135, 0.259190946817]
        dvar: [0.0492245443165, 0.0545152574778, 0.0205023605376]
        dvar2: [0.135919839144, 0.146564856172, 0.0566915310919]
        max: [1, 0.998392820358, 0.846847057343]
        mean: [0.294954389334, 0.533243358135, 0.137097314]
        min: [0.000199326663278, 0, 0]
        var: [0.0642149597406, 0.0689775049686, 0.0218706782907]

tonal:
    chords_changes_rate: 0.200934574008
    chords_number_rate: 0.0514018684626
    chords_strength:
        dmean: 0.0201776605099
        dmean2: 0.0237314812839
        dvar: 0.000242359135882
        dvar2: 0.00042392819887
        max: 0.573563039303
        mean: 0.402621626854
        min: 0.236606672406
        var: 0.00384266581386
    key_strength: 0.446222215891
    tuning_diatonic_strength: 0.411661356688
    tuning_equal_tempered_deviation: 0.174328252673
    tuning_frequency: 443.316436768
    tuning_nontempered_energy_ratio: 0.83230137825
    hpcp:
        dmean: [0.237328693271, 0.203126683831, 0.174736261368, 0.190335795283, 0.181770071387, 0.115583270788, 0.109704211354, 0.130229577422, 0.137845084071, 0.12210726738, 0.16121417284, 0.171846732497, 0.125799223781, 0.112693697214, 0.141534566879, 0.141342878342, 0.110717013478, 0.0871728137136, 0.0811591520905, 0.0853090658784, 0.0831544697285, 0.128081023693, 0.167781114578, 0.222042679787, 0.199446424842, 0.159151941538, 0.132636725903, 0.119284711778, 0.133311629295, 0.213231787086, 0.281059384346, 0.253881007433, 0.184822976589, 0.183702781796, 0.199829652905, 0.218548282981]
        dmean2: [0.413246393204, 0.354751288891, 0.2904266119, 0.327194720507, 0.329792141914, 0.203711315989, 0.194079741836, 0.21757568419, 0.232625961304, 0.206415355206, 0.284422844648, 0.288502275944, 0.220367953181, 0.194051295519, 0.251284837723, 0.241938233376, 0.190648332238, 0.147793576121, 0.137577161193, 0.145885154605, 0.144194409251, 0.221541926265, 0.305850565434, 0.387336581945, 0.351176410913, 0.28418675065, 0.245167657733, 0.21408483386, 0.240152001381, 0.371302127838, 0.483890503645, 0.430042117834, 0.320279717445, 0.334282785654, 0.358601182699, 0.385760337114]
        dvar: [0.0736465230584, 0.0543315857649, 0.0407727882266, 0.0549602136016, 0.0624709911644, 0.0278083644807, 0.0168951172382, 0.029626192525, 0.0365489087999, 0.0236806049943, 0.0552205443382, 0.0585220493376, 0.0301202852279, 0.0283395946026, 0.0390531122684, 0.0485929511487, 0.0366461612284, 0.0262462105602, 0.0178616307676, 0.0191898476332, 0.0139234494418, 0.0339017957449, 0.054065220058, 0.0760387629271, 0.0589321479201, 0.0478898137808, 0.0324694775045, 0.0303243342787, 0.0336886420846, 0.0524768568575, 0.085002861917, 0.066895365715, 0.0734011307359, 0.0602130703628, 0.0495096184313, 0.0623672641814]
        dvar2: [0.174120053649, 0.141987651587, 0.0834796056151, 0.12401856482, 0.17127686739, 0.0772018134594, 0.047793418169, 0.0742853656411, 0.0958495438099, 0.0574628785253, 0.124141708016, 0.14222741127, 0.0783255919814, 0.0636813342571, 0.102874413133, 0.128704190254, 0.0930477008224, 0.0683221518993, 0.041169449687, 0.0474285371602, 0.0311169605702, 0.0910113677382, 0.137713700533, 0.200219839811, 0.149394109845, 0.136824905872, 0.0899668484926, 0.0882787257433, 0.0989502593875, 0.146226897836, 0.221112459898, 0.164899975061, 0.172847807407, 0.1682228297, 0.142584264278, 0.14661476016]
        max: [1, 1, 1, 1, 1, 1, 0.821325182915, 1, 1, 1, 1, 1, 1, 1, 1, 1, 1, 1, 1, 0.99554681778, 1, 1, 1, 1, 1, 1, 1, 0.968706786633, 1, 1, 1, 1, 1, 1, 1, 1]
        mean: [0.263305276632, 0.207110613585, 0.189912155271, 0.205365851521, 0.165118917823, 0.114638656378, 0.115619428456, 0.154071182013, 0.169385120273, 0.155812039971, 0.172730013728, 0.169203802943, 0.128015428782, 0.111744686961, 0.131258711219, 0.134149029851, 0.101343750954, 0.0781712383032, 0.0735947415233, 0.0760383456945, 0.0938372313976, 0.117519542575, 0.154202148318, 0.205164834857, 0.201729059219, 0.140437677503, 0.103103920817, 0.097478851676, 0.113054916263, 0.211322680116, 0.305941313505, 0.262441128492, 0.185419097543, 0.169911578298, 0.192506849766, 0.249496370554]
        min: [0, 0, 0, 0, 0, 0, 0, 0, 0, 0, 0, 0, 0, 0, 0, 0, 0, 0, 0, 0, 0, 0, 0, 0, 0, 0, 0, 0, 0, 0, 0, 0, 0, 0, 0, 0]
        var: [0.098976559937, 0.0625666901469, 0.0573653057218, 0.0748121961951, 0.0550407841802, 0.0231444053352, 0.0167701561004, 0.0470873750746, 0.0579310581088, 0.0471977256238, 0.0687508881092, 0.0658573806286, 0.0356682725251, 0.0356323756278, 0.0393359586596, 0.0440150760114, 0.0327285937965, 0.0247899219394, 0.0198286417872, 0.0195608064532, 0.0239105224609, 0.0343288518488, 0.0516630597413, 0.0771004930139, 0.0687850192189, 0.0431037172675, 0.0245613269508, 0.0220665577799, 0.025195337832, 0.0588546469808, 0.1003235057, 0.0784084126353, 0.0754868686199, 0.0557518601418, 0.0584231540561, 0.0868345350027]
    chords_histogram: [7.47663545609, 4.67289733887, 13.0841121674, 6.54205608368, 0, 0, 0, 1.86915886402, 2.33644866943, 7.47663545609, 11.2149534225, 0, 0, 0, 0, 3.27102804184, 0, 0, 0, 0, 0.467289716005, 37.3831787109, 4.20560741425, 0]
    thpcp: [1, 0.857815265656, 0.60606098175, 0.555373132229, 0.629228055477, 0.815504014492, 0.860639810562, 0.676961898804, 0.620747029781, 0.671258985996, 0.539707839489, 0.374707996845, 0.377913743258, 0.503597199917, 0.553652346134, 0.50928735733, 0.564585447311, 0.553059697151, 0.418431311846, 0.365248769522, 0.429032325745, 0.438479602337, 0.331252247095, 0.255510568619, 0.240551829338, 0.248538985848, 0.306716442108, 0.384124457836, 0.504025280476, 0.670601904392, 0.659371733665, 0.45903468132, 0.33700555563, 0.318619459867, 0.369531393051, 0.690729439259]
    chords_key: "G"
    chords_scale: "minor"
    key_key: "F"
    key_scale: "major"
    chords_progression: ["A#", "A#", "A#", "A#", "A#", "A#", "A#", "Em", "Em", "Em", "Em", "Em", "A#", "A#", "Gm", "Gm", "Gm", "Gm", "Gm", "Gm", "Gm", "Gm", "Gm", "Gm", "Gm", "Gm", "Gm", "Gm", "Gm", "Gm", "Gm", "Gm", "Gm", "Gm", "Gm", "Gm", "Gm", "Gm", "Gm", "Gm", "Gm", "Gm", "Gm", "Gm", "Gm", "Gm", "Gm", "Gm", "Gm", "Gm", "Gm", "Gm", "Gm", "Gm", "Gm", "Gm", "Gm", "Gm", "Gm", "Gm", "Gm", "Gm", "C", "C", "C", "C", "C", "C", "C", "C#m", "C#m", "C#m", "Am", "A#m", "A#m", "A", "A#m", "A#m", "A#m", "A#m", "A#m", "C", "C", "C", "Am", "Am", "Am", "Am", "Am", "Am", "Am", "F#m", "F#m", "Am", "Am", "F#m", "Gm", "Gm", "Gm", "Gm", "F#m", "Gm", "Gm", "Gm", "Gm", "Gm", "Gm", "Gm", "Gm", "Gm", "Gm", "Gm", "Em", "Gm", "Gm", "Gm", "Gm", "Gm", "Gm", "Gm", "Gm", "C", "C", "C", "C", "Gm", "Gm", "Gm", "C", "C", "C", "C", "Gm", "C", "C", "C", "Em", "Em", "Em", "E", "E", "Gm", "Em", "Em", "Em", "Em", "Em", "C", "C", "C", "Gm", "Gm", "Gm", "Gm", "C", "C", "C", "D#", "F", "F", "F", "A", "F", "F", "A", "A", "A", "E", "E", "E", "E", "E", "E", "E", "E", "E", "E", "E", "E", "E", "E", "E", "E", "E", "E", "E", "F", "F", "F", "C#m", "C#m", "C#m", "C#m", "C#m", "C#m", "C#m", "C#m", "C#m", "C#m", "C#m", "C#m", "C#m", "E", "E", "E", "F", "F", "C", "F", "F", "F", "F", "F", "F"]
