
metadata:
    version:
        essentia: "1.2.2"
    audio_properties:
        analysis_sample_rate: 44100
        bitrate: 128
        channels: 2
        equal_loudness: 1
        length: 10.0048980713
        replay_gain: -11.2805366516
        downmix: "mix"
    tags:
        track: 9
        year: 0
        album: "Splitted by Mp3Splt v. 2.1"
        artist: "From 001.20 To 001.30"
        comment: "http://mp3splt.sf.net"
        genre: ""
        title: "02 Goodbye.mp3"

highlevel:
    ballroom:
        all:
            ChaChaCha: 0.0133571494371
            Jive: 0.0643140971661
            Quickstep: 0.119133114815
            Rumba-American: 0.00405743857846
            Rumba-International: 0.0062245875597
            Rumba-Misc: 0.00502162566409
            Samba: 0.0141928037629
            Tango: 0.454014986753
            VienneseWaltz: 0.242268174887
            Waltz: 0.0774160176516
        probability: 0.454014986753
        value: "Tango"
    culture:
        all:
            non_western: 0.0417904518545
            western: 0.958209574223
        probability: 0.958209574223
        value: "western"
    gender:
        all:
            female: 0.460106015205
            male: 0.539893984795
        probability: 0.539893984795
        value: "male"
    genre_dortmund:
        all:
            alternative: 0.316363722086
            blues: 0.0189795549959
            electronic: 0.0312917754054
            folkcountry: 0.225297838449
            funksoulrnb: 0.0249309223145
            jazz: 0.0154300238937
            pop: 0.0969225615263
            raphiphop: 0.00163634412456
            rock: 0.269147247076
        probability: 0.316363722086
        value: "alternative"
    genre_electronica:
        all:
            ambient: 0.801061630249
            dnb: 0.0508561804891
            house: 0.0196627955884
            techno: 0.00616278452799
            trance: 0.122256584466
        probability: 0.801061630249
        value: "ambient"
    genre_rosamerica:
        all:
            cla: 0.279037475586
            dan: 0.0322863720357
            hip: 0.0192270968109
            jaz: 0.0302182678133
            pop: 0.0834627151489
            rhy: 0.0592127293348
            roc: 0.490344494581
            spe: 0.0062108640559
        probability: 0.490344494581
        value: "roc"
    genre_tzanetakis:
        all:
            blu: 0.00823078490794
            cla: 0.134657070041
            cou: 0.437019556761
            dis: 0.0945422798395
            hip: 0.00418420415372
            jaz: 0.0201250072569
            met: 0.0172466244549
            pop: 0.103492461145
            reg: 0.0251808445901
            roc: 0.155321165919
        probability: 0.437019556761
        value: "cou"
    live_studio:
        all:
            live: 0.0424562171102
            studio: 0.95754379034
        probability: 0.95754379034
        value: "studio"
    mood:
        all:
            Cluster1: 0.317572265863
            Cluster2: 0.0928751006722
            Cluster3: 0.440022408962
            Cluster4: 0.0748787224293
            Cluster5: 0.0746515244246
        probability: 0.440022408962
        value: "Cluster3"
    mood_acoustic:
        all:
            acoustic: 0.10243062675
            not_acoustic: 0.897569358349
        probability: 0.897569358349
        value: "not_acoustic"
    mood_aggressive:
        all:
            aggressive: 0.0481484644115
            not_aggressive: 0.951851546764
        probability: 0.951851546764
        value: "not_aggressive"
    mood_electronic:
        all:
            electronic: 0.142033994198
            not_electronic: 0.857966005802
        probability: 0.857966005802
        value: "not_electronic"
    mood_happy:
        all:
            happy: 0.780166387558
            not_happy: 0.219833597541
        probability: 0.780166387558
        value: "happy"
    mood_party:
        all:
            not_party: 0.645671606064
            party: 0.354328423738
        probability: 0.645671606064
        value: "not_party"
    mood_relaxed:
        all:
            not_relaxed: 0.869432091713
            relaxed: 0.130567923188
        probability: 0.869432091713
        value: "not_relaxed"
    mood_sad:
        all:
            not_sad: 0.467735826969
            sad: 0.532264173031
        probability: 0.532264173031
        value: "sad"
    rhythm:
        all:
            fast: 0.95864033699
            medium: 0.0330332666636
            slow: 0.00832638889551
        probability: 0.95864033699
        value: "fast"
    speech_music:
        all:
            music: 0.99315071106
            speech: 0.00684931548312
        probability: 0.99315071106
        value: "music"
    timbre:
        all:
            bright: 0.604094684124
            dark: 0.395905315876
        probability: 0.604094684124
        value: "bright"
    voice_instrumental:
        all:
            instrumental: 0.0460970401764
            voice: 0.953902959824
        probability: 0.953902959824
        value: "voice"

lowlevel:
    average_loudness: 0.868668138981
    barkbands_kurtosis:
        dmean: 0.428763478994
        dmean2: 0.691397726536
        dvar: 0.168977171183
        dvar2: 0.391753673553
        max: 2.32892131805
        mean: -0.666379272938
        min: -1.71469414234
        var: 0.452655822039
    barkbands_skewness:
        dmean: 0.298009365797
        dmean2: 0.45943403244
        dvar: 0.0583629757166
        dvar2: 0.151432707906
        max: 1.1942076683
        mean: -0.187530517578
        min: -1.7030570507
        var: 0.277715116739
    barkbands_spread:
        dmean: 3.68643546104
        dmean2: 5.59877872467
        dvar: 12.2815589905
        dvar2: 26.0027809143
        max: 52.7855186462
        mean: 20.8350944519
        min: 9.05979347229
        var: 41.5404205322
    dissonance:
        dmean: 0.0238567143679
        dmean2: 0.0399523377419
        dvar: 0.000580597843509
        dvar2: 0.00152917997912
        max: 0.4990003407
        mean: 0.453849673271
        min: 0.277288496494
        var: 0.00121299817692
    hfc:
        dmean: 1.44251823425
        dmean2: 2.1849668026
        dvar: 4.37189531326
        dvar2: 9.67636871338
        max: 34.605594635
        mean: 5.47798156738
        min: 0.0187103655189
        var: 32.1152648926
    pitch:
        dmean: 168.710372925
        dmean2: 326.261352539
        dvar: 307815.96875
        dvar2: 865152.5
        max: 3392.30761719
        mean: 357.876342773
        min: 73.8693466187
        var: 190256.453125
    pitch_instantaneous_confidence:
        dmean: 0.0829683542252
        dmean2: 0.13426092267
        dvar: 0.00573473703116
        dvar2: 0.0132492873818
        max: 0.918091475964
        mean: 0.572822093964
        min: 0.20834416151
        var: 0.0286454223096
    pitch_salience:
        dmean: 0.0588174499571
        dmean2: 0.0989372804761
        dvar: 0.00238900654949
        dvar2: 0.00607013655826
        max: 0.81288421154
        mean: 0.633003473282
        min: 0.327727586031
        var: 0.00672775413841
    silence_rate_20dB:
        dmean: 0
        dmean2: 0
        dvar: 0
        dvar2: 0
        max: 1
        mean: 1
        min: 1
        var: 0
    silence_rate_30dB:
        dmean: 0
        dmean2: 0
        dvar: 0
        dvar2: 0
        max: 1
        mean: 1
        min: 1
        var: 0
    silence_rate_60dB:
        dmean: 0.0881670564413
        dmean2: 0.176744192839
        dvar: 0.0803940966725
        dvar2: 0.187365651131
        max: 1
        mean: 0.657407402992
        min: 0
        var: 0.225223198533
    spectral_centroid:
        dmean: 187.468688965
        dmean2: 289.897827148
        dvar: 26248.8007812
        dvar2: 61287.828125
        max: 2900.02661133
        mean: 1698.19677734
        min: 787.258117676
        var: 150310.71875
    spectral_complexity:
        dmean: 1.9906976223
        dmean2: 3.1748251915
        dvar: 3.35340237617
        dvar2: 7.48692560196
        max: 27
        mean: 9.54292297363
        min: 0
        var: 30.2574195862
    spectral_crest:
        dmean: 2.09933018684
        dmean2: 3.41069746017
        dvar: 2.98521184921
        dvar2: 7.58899927139
        max: 19.2696228027
        mean: 7.41674423218
        min: 2.68013739586
        var: 9.91138839722
    spectral_decrease:
        dmean: 1.51775536583e-10
        dmean2: 2.28585775308e-10
        dvar: 4.03585653703e-20
        dvar2: 7.96782888264e-20
        max: -3.09839068464e-12
        mean: -6.4992089488e-10
        min: -3.67649599653e-09
        var: 3.0484019906e-19
    spectral_energy:
        dmean: 0.000691010092851
        dmean2: 0.00104888901114
        dvar: 8.78097750956e-07
        dvar2: 1.76128094154e-06
        max: 0.0170147698373
        mean: 0.00294981873594
        min: 1.3391036191e-05
        var: 6.66539426675e-06
    spectral_energyband_high:
        dmean: 5.5771888583e-05
        dmean2: 8.58904095367e-05
        dvar: 1.44906779909e-08
        dvar2: 3.35263159457e-08
        max: 0.00151108659338
        mean: 0.000128563915496
        min: 2.57845584883e-07
        var: 5.31012602778e-08
    spectral_energyband_low:
        dmean: 3.14998833346e-05
        dmean2: 5.69519688725e-05
        dvar: 7.40378958142e-09
        dvar2: 2.08681179004e-08
        max: 0.00048598961439
        mean: 3.61508282367e-05
        min: 5.8373052525e-07
        var: 4.65318539256e-09
    spectral_energyband_middle_high:
        dmean: 0.000598735176027
        dmean2: 0.000888353504706
        dvar: 7.15505336757e-07
        dvar2: 1.59498733865e-06
        max: 0.0138538163155
        mean: 0.00226546335034
        min: 7.91432103142e-06
        var: 4.85576629217e-06
    spectral_energyband_middle_low:
        dmean: 0.000165525707416
        dmean2: 0.000255482416833
        dvar: 4.97891754492e-08
        dvar2: 1.19562557188e-07
        max: 0.00293223350309
        mean: 0.000519644003361
        min: 4.63470041723e-06
        var: 1.38316480047e-07
    spectral_flatness_db:
        dmean: 0.0155226318166
        dmean2: 0.0239032618701
        dvar: 0.000204106021556
        dvar2: 0.000429844134487
        max: 0.24804314971
        mean: 0.163996860385
        min: 0.0736226588488
        var: 0.000930243928451
    spectral_flux:
        dmean: 0.00666178530082
        dmean2: 0.00975738093257
        dvar: 4.73495347251e-05
        dvar2: 9.33138362598e-05
        max: 0.108913064003
        mean: 0.0276623088866
        min: 0.0036593764089
        var: 0.000203325340408
    spectral_kurtosis:
        dmean: 2.26606822014
        dmean2: 3.80310058594
        dvar: 5.86059617996
        dvar2: 17.2789897919
        max: 25.8813743591
        mean: 8.020362854
        min: -1.09073698521
        var: 16.4971389771
    spectral_rms:
        dmean: 0.000191561863176
        dmean2: 0.000284180947347
        dvar: 4.00306809922e-08
        dvar2: 7.32833100869e-08
        max: 0.00407428201288
        mean: 0.00156270992011
        min: 0.000114299720735
        var: 4.35812268051e-07
    spectral_rolloff:
        dmean: 288.9453125
        dmean2: 485.726501465
        dvar: 159318.5625
        dvar2: 365417.71875
        max: 7967.28515625
        mean: 2873.70800781
        min: 1701.12304688
        var: 338013.28125
    spectral_skewness:
        dmean: 0.261174499989
        dmean2: 0.414690285921
        dvar: 0.0667392387986
        dvar2: 0.14742295444
        max: 3.50980520248
        mean: 1.97622656822
        min: 0.328013926744
        var: 0.253242850304
    spectral_spread:
        dmean: 532968.875
        dmean2: 748593.375
        dvar: 481123368960
        dvar2: 809146122240
        max: 14230027
        mean: 3755042.25
        min: 1573985.375
        var: 2.16876135219e+12
    spectral_strongpeak:
        dmean: 0.603731989861
        dmean2: 1.03800714016
        dvar: 0.475638955832
        dvar2: 1.36472535133
        max: 4.79177808762
        mean: 1.16140758991
        min: 0.00394348427653
        var: 0.962385118008
    zerocrossingrate:
        dmean: 0.00704714749008
        dmean2: 0.00821655523032
        dvar: 4.78309302707e-05
        dvar2: 5.67832103116e-05
        max: 0.171875
        mean: 0.089734993875
        min: 0.0322265625
        var: 0.000356659060344
    barkbands:
        dmean: [3.8088536769e-08, 8.83039501787e-06, 2.44068614847e-05, 2.38062930293e-05, 5.85265370319e-05, 3.07357040583e-05, 5.91737007198e-05, 2.10414928006e-05, 6.56897755107e-05, 0.000141283395351, 0.000145466692629, 2.50633347605e-05, 5.6783643231e-05, 9.59054086707e-05, 0.0001048754566, 0.000121469820442, 0.000162497366546, 0.000141265220009, 0.000148698120029, 5.53714562557e-05, 3.33014686476e-05, 1.06805509859e-05, 3.02407261188e-06, 1.33823652959e-06, 6.02089698987e-07, 2.23876579497e-08, 2.17488180243e-10]
        dmean2: [5.96756919435e-08, 1.55772304424e-05, 4.50094194093e-05, 4.12757144659e-05, 9.71969930106e-05, 4.79074624309e-05, 9.36873402679e-05, 3.23212261719e-05, 9.56628209678e-05, 0.000199618123588, 0.0002136551484, 4.00437893404e-05, 8.8280714408e-05, 0.000147013081005, 0.000146293517901, 0.000198644484044, 0.000273782148724, 0.000224278424866, 0.00025309654302, 9.33403207455e-05, 5.40499277122e-05, 1.60697545653e-05, 4.47328193331e-06, 2.10502912523e-06, 7.93633660123e-07, 3.16567749792e-08, 3.55723145384e-10]
        dvar: [5.53620099051e-15, 5.35433586357e-10, 4.51497106368e-09, 1.90695326197e-09, 7.75304176415e-09, 2.2135173694e-09, 7.51033102375e-09, 8.41526182072e-10, 1.23440102584e-08, 8.20112546762e-08, 1.14028267717e-07, 5.46146639024e-09, 1.37566109615e-08, 8.26841741741e-08, 5.68497462439e-08, 4.11754115248e-08, 1.18387688985e-07, 6.56389715914e-08, 1.01090819271e-07, 1.479691214e-08, 5.6897286882e-09, 1.08336850602e-09, 9.63133739429e-11, 2.75652486947e-11, 3.90388502775e-12, 4.11278118089e-15, 1.82431388301e-19]
        dvar2: [1.2726092356e-14, 1.47130785333e-09, 1.28669386257e-08, 5.11689934868e-09, 2.11735002864e-08, 5.82040282637e-09, 1.65672542352e-08, 2.20239360083e-09, 2.41097772857e-08, 1.57283153612e-07, 2.02708449137e-07, 1.3290216927e-08, 3.01561087213e-08, 1.71433427454e-07, 9.75356471145e-08, 9.27576948584e-08, 3.28982054043e-07, 1.72518625163e-07, 3.20400317833e-07, 4.05635134371e-08, 1.25309620458e-08, 2.56174015334e-09, 2.18394982654e-10, 4.94111696003e-11, 6.67436852314e-12, 8.41516983998e-15, 2.85514804258e-19]
        max: [6.70808447012e-07, 0.000165891397046, 0.000365928543033, 0.00038317713188, 0.000682351121213, 0.000574989360757, 0.00111267587636, 0.000380242738174, 0.0015364009887, 0.00410064309835, 0.00448578316718, 0.00127195881214, 0.00146622781176, 0.00467703165486, 0.00376008450985, 0.00325461965986, 0.00514844432473, 0.00291491881944, 0.00428907759488, 0.00130176742096, 0.00129945785739, 0.000475234439364, 0.000102762249298, 6.99157244526e-05, 3.18574348057e-05, 1.1864450471e-06, 6.83291023762e-09]
        mean: [6.11752284385e-08, 1.17240888358e-05, 2.43665326707e-05, 2.84052348434e-05, 9.10336748348e-05, 6.30541326245e-05, 0.000120558484923, 4.31940716226e-05, 0.000161525123985, 0.000316540972563, 0.000356987438863, 4.19693533331e-05, 9.68779495452e-05, 0.000163405551575, 0.000182848118129, 0.000228389064432, 0.000241518966504, 0.000255481922068, 0.000330199982272, 8.84058899828e-05, 8.14598242869e-05, 1.50445730469e-05, 3.67447773897e-06, 2.01528177968e-06, 1.04693606318e-06, 3.313458663e-08, 2.73895156555e-10]
        min: [7.28024793228e-11, 1.99704572879e-07, 9.2285731057e-08, 1.37643013431e-07, 3.44696275079e-07, 1.49986291831e-07, 1.28306396618e-06, 2.25200824389e-06, 3.16238754294e-07, 4.2592301952e-07, 4.08324694945e-07, 1.22023678273e-07, 1.13259943646e-06, 1.64522532486e-06, 1.45615263136e-06, 1.15492821351e-06, 5.88618775055e-07, 4.09233763321e-07, 4.80483038245e-07, 2.0336788964e-07, 6.96621640373e-08, 2.71373004068e-08, 7.03184666051e-09, 1.40034628338e-09, 7.11488645777e-10, 6.64987162557e-11, 5.56987724172e-13]
        var: [7.89306974273e-15, 3.75981329404e-10, 2.73035194454e-09, 1.76280634534e-09, 1.07020357021e-08, 5.65392754837e-09, 1.97611633723e-08, 1.60262425553e-09, 3.53011735399e-08, 3.67230825304e-07, 5.3708060932e-07, 6.20469897683e-09, 3.17857775656e-08, 1.16643889214e-07, 1.35062123263e-07, 1.17707294578e-07, 1.4320053765e-07, 1.34044228162e-07, 2.66804192961e-07, 2.12830961743e-08, 3.07094296659e-08, 1.29528632264e-09, 1.13244254252e-10, 4.79027789657e-11, 9.33071502007e-12, 5.69582731403e-15, 2.24579303664e-19]
    mfcc:
        mean: [-755.546813965, 130.33303833, -83.3050384521, 34.2471847534, -12.3904495239, -17.0568084717, -1.43107700348, -4.20710992813, 4.33198261261, -5.31719350815, -3.81327772141, -10.0243816376, -4.77688074112]
        cov: [[2536.21655273, -1306.34863281, 236.674575806, 16.8939266205, -424.976196289, 124.612716675, 49.1620864868, -40.2879676819, -39.7896766663, -113.396408081, -118.309700012, -159.057937622, -86.5447616577], [-1306.34863281, 1104.98376465, -457.700897217, 108.447990417, 184.414321899, -105.517814636, 54.1558837891, 14.8665857315, 77.8324508667, 54.2133750916, 86.5606002808, 78.425239563, 54.0637130737], [236.674575806, -457.700897217, 592.473449707, -173.945800781, 49.0169143677, 90.0483551025, -115.310897827, 23.2075233459, -79.6997909546, -7.39466238022, -21.6014080048, -7.41442871094, -30.9455051422], [16.8939266205, 108.447990417, -173.945800781, 234.916122437, -41.6496429443, -7.09133577347, 39.3871994019, -9.42060184479, 14.2604103088, -25.5556507111, -5.23906707764, 6.51969718933, 20.5662670135], [-424.976196289, 184.414321899, 49.0169143677, -41.6496429443, 182.676193237, -49.2397346497, -0.916715681553, 14.1277227402, 2.64463114738, 22.3858985901, 20.5519618988, 34.5985145569, 9.570728302], [124.612716675, -105.517814636, 90.0483551025, -7.09133577347, -49.2397346497, 220.601547241, -11.5625038147, -18.431186676, -3.2279946804, -8.31777095795, -7.02918577194, -8.26744365692, -7.69289016724], [49.1620864868, 54.1558837891, -115.310897827, 39.3871994019, -0.916715681553, -11.5625038147, 128.386016846, -18.5658283234, 15.6936407089, -4.581615448, 5.53904724121, -14.2647275925, 6.34813070297], [-40.2879676819, 14.8665857315, 23.2075233459, -9.42060184479, 14.1277227402, -18.431186676, -18.5658283234, 95.4537277222, 6.37800168991, 21.9699077606, 1.61302137375, -0.136390045285, -4.28533935547], [-39.7896766663, 77.8324508667, -79.6997909546, 14.2604103088, 2.64463114738, -3.2279946804, 15.6936407089, 6.37800168991, 123.109870911, 15.1588745117, -9.00601100922, -12.9109706879, -5.02975845337], [-113.396408081, 54.2133750916, -7.39466238022, -25.5556507111, 22.3858985901, -8.31777095795, -4.581615448, 21.9699077606, 15.1588745117, 83.9530944824, 15.5679922104, 3.91696214676, 4.37651205063], [-118.309700012, 86.5606002808, -21.6014080048, -5.23906707764, 20.5519618988, -7.02918577194, 5.53904724121, 1.61302137375, -9.00601100922, 15.5679922104, 72.0453262329, 12.0661401749, 4.84778118134], [-159.057937622, 78.425239563, -7.41442871094, 6.51969718933, 34.5985145569, -8.26744365692, -14.2647275925, -0.136390045285, -12.9109706879, 3.91696214676, 12.0661401749, 75.5239715576, 15.3647584915], [-86.5447616577, 54.0637130737, -30.9455051422, 20.5662670135, 9.570728302, -7.69289016724, 6.34813070297, -4.28533935547, -5.02975845337, 4.37651205063, 4.84778118134, 15.3647584915, 55.5833320618]]
        icov: [[0.0017379130004, 0.0019214526983, 0.000364817562513, -0.000256541417912, 0.00180932634976, 0.000177112699021, -0.00098890485242, -0.000188414371223, -0.000281034648651, 0.000594545272179, -8.13226361061e-05, 0.000509714183863, 0.000740423449315], [0.0019214526983, 0.00455999281257, 0.00261244666763, -0.000437397189671, -0.000852171331644, -0.00025903826463, -0.000146119302372, -0.000556637416594, -0.00061873276718, 0.000466583122034, -0.00152743526269, -7.78907542553e-06, 0.000300022715237], [0.000364817562513, 0.00261244666763, 0.0053117130883, 0.00148128066212, -0.00343588925898, -0.00171333248727, 0.00265840510838, -0.000915923563298, 0.00144691974856, 0.000600807077717, -0.000271622091532, 0.000518227461725, 0.000380487879738], [-0.000256541417912, -0.000437397189671, 0.00148128066212, 0.00607703765854, 0.000700541655533, -0.000372641137801, -0.000353278621333, -0.000547683041077, 0.00018556638679, 0.00177577498835, 0.000662030477542, -0.000746248697396, -0.00154642621055], [0.00180932634976, -0.000852171331644, -0.00343588925898, 0.000700541655533, 0.0127185592428, 0.00255836662836, -0.0034799023997, -0.000140241696499, -0.00112230482046, -0.000132507135277, 0.000132286339067, -0.00222152564675, 0.000536106352229], [0.000177112699021, -0.00025903826463, -0.00171333248727, -0.000372641137801, 0.00255836662836, 0.00560750672594, -0.000649067107588, 0.00117452431004, -0.00074218044756, -0.000169859078596, -0.000116913681268, -0.000324589054799, 0.000258119718637], [-0.00098890485242, -0.000146119302372, 0.00265840510838, -0.000353278621333, -0.0034799023997, -0.000649067107588, 0.0111807938665, 0.00143379496876, 0.00022489472758, 6.16024844931e-05, -0.000957282900345, 0.00239085964859, -0.00100582384039], [-0.000188414371223, -0.000556637416594, -0.000915923563298, -0.000547683041077, -0.000140241696499, 0.00117452431004, 0.00143379496876, 0.0119568873197, -0.000522693619132, -0.00306674046442, 0.00027943495661, 0.000460009061499, 0.000928206776734], [-0.000281034648651, -0.00061873276718, 0.00144691974856, 0.00018556638679, -0.00112230482046, -0.00074218044756, 0.00022489472758, -0.000522693619132, 0.00996696576476, -0.00178250099998, 0.00220958888531, 0.00183651247062, 0.00126756960526], [0.000594545272179, 0.000466583122034, 0.000600807077717, 0.00177577498835, -0.000132507135277, -0.000169859078596, 6.16024844931e-05, -0.00306674046442, -0.00178250099998, 0.0146777909249, -0.00255245459266, 0.000323487154674, -0.00127862894442], [-8.13226361061e-05, -0.00152743526269, -0.000271622091532, 0.000662030477542, 0.000132286339067, -0.000116913681268, -0.000957282900345, 0.00027943495661, 0.00220958888531, -0.00255245459266, 0.0165610127151, -0.00112395803444, 0.000322011474054], [0.000509714183863, -7.78907542553e-06, 0.000518227461725, -0.000746248697396, -0.00222152564675, -0.000324589054799, 0.00239085964859, 0.000460009061499, 0.00183651247062, 0.000323487154674, -0.00112395803444, 0.0169557929039, -0.00298245064914], [0.000740423449315, 0.000300022715237, 0.000380487879738, -0.00154642621055, 0.000536106352229, 0.000258119718637, -0.00100582384039, 0.000928206776734, 0.00126756960526, -0.00127862894442, 0.000322011474054, -0.00298245064914, 0.0207776445895]]
    spectral_contrast:
        mean: [3.11874202907e-07, -1.02093267174e-07, -1.93563835182e-07, 7.91861864968e-08, -5.27642839643e-07, 1.03720383393e-08, -1.41028601774e-06, 1.41650923524e-06, 6.84969393205e-07, 2.14317424252e-06, 3.18905591712e-07, 1.27036719277e-06]
        var: [0.00066577072721, 0.000944299681578, 0.0011714824941, 0.00185817759484, 0.00223669037223, 0.0065690567717, 0.0584953352809, 0.0879239812493, 0.129424408078, 0.194631680846, 0.394735813141, 1.3538326025]

rhythm:
    beats_loudness:
        dmean: 0.00288604828529
        dmean2: 0.00472865905613
        dvar: 5.21388847119e-06
        dvar2: 1.706353396e-05
        max: 0.0110261775553
        mean: 0.00373773952015
        min: 0.00059739878634
        var: 7.02078295944e-06
    beats_loudness_bass:
        dmean: 0.0190408304334
        dmean2: 0.0351882390678
        dvar: 0.000754358596168
        dvar2: 0.00139858876355
        max: 0.100266583264
        mean: 0.0235173404217
        min: 0.00125177029986
        var: 0.000756028690375
    bpm: 102.426124573
    bpm_confidence: 0
    first_peak_bpm: 103
    first_peak_spread: 0
    first_peak_weight: 0.933333396912
    onset_rate: 2.89858031273
    second_peak_bpm: 63
    second_peak_spread: 0
    second_peak_weight: 0.0666666701436
    beats_position: [0.520468175411, 1.10552918911, 1.69059026241, 2.27565121651, 2.86071205139, 3.44577312469, 4.030834198, 4.61589479446, 5.20095586777, 6.15767002106, 6.7440700531, 7.33047056198, 7.91687059402, 8.50327014923, 9.08967018127, 9.67607021332]
    bpm_estimates: [102.511054993, 102.584877014, 102.579948425, 102.505882263, 102.585350037, 102.528190613, 102.423751831, 102.284996033, 102.526939392, 101.69972229, 102.456634521]
    bpm_intervals: [0.585061013699, 0.585061073303, 0.585060954094, 0.585060834885, 0.585061073303, 0.585061073303, 0.585060596466, 0.585061073303, 0.95671415329, 0.586400032043, 0.586400508881, 0.586400032043, 0.586399555206, 0.586400032043, 0.586400032043]
    onset_times: [0.0464399084449, 0.232199549675, 0.673378705978, 1.10294783115, 1.69505667686, 1.99691605568, 2.27555561066, 2.75156474113, 3.01859402657, 3.13469386101, 3.32045340538, 3.45977330208, 3.64553284645, 4.07510185242, 4.63238096237, 5.38702964783, 5.51473903656, 5.81659841537, 5.9675283432, 6.11845827103, 6.6989569664, 6.96598625183, 7.27945566177, 8.12698459625, 8.33596324921, 8.64943313599, 9.05578231812, 9.35764217377, 9.86848068237]
    rubato_start: []
    rubato_stop: []
    perceptual_tempo: "unknown"

sfx:
    inharmonicity:
        dmean: 0.0721658691764
        dmean2: 0.125387385488
        dvar: 0.00524542713538
        dvar2: 0.0158165451139
        max: 0.421447783709
        mean: 0.0860321521759
        min: 0.000779219612014
        var: 0.0068634566851
    oddtoevenharmonicenergyratio:
        dmean: 2.92695856094
        dmean2: 5.51258182526
        dvar: 53.9560699463
        dvar2: 158.931884766
        max: 57.1407051086
        mean: 2.04348349571
        min: 0.00240204110742
        var: 30.9102210999
    pitch_after_max_to_before_max_energy_ratio: 1.83996379375
    pitch_centroid: 215.962417603
    pitch_max_to_total: 0.227378189564
    pitch_min_to_total: 0.185614854097
    tristimulus:
        dmean: [0.137071833014, 0.220410868526, 0.132979303598]
        dmean2: [0.236473843455, 0.382279604673, 0.240764766932]
        dvar: [0.0187517292798, 0.0396215468645, 0.0155349802226]
        dvar2: [0.0500543378294, 0.100114487112, 0.0452066995203]
        max: [0.854146301746, 0.935922682285, 0.79850935936]
        mean: [0.256203740835, 0.558682978153, 0.138304814696]
        min: [0.00886615458876, 0, 0]
        var: [0.0303142331541, 0.0537996441126, 0.0232694894075]

tonal:
    chords_changes_rate: 0.0230414755642
    chords_number_rate: 0.0184331797063
    chords_strength:
        dmean: 0.00879188906401
        dmean2: 0.00745712872595
        dvar: 3.32050694851e-05
        dvar2: 4.72896099382e-05
        max: 0.748288393021
        mean: 0.569969058037
        min: 0.30850237608
        var: 0.0119479307905
    key_strength: 0.59996509552
    tuning_diatonic_strength: 0.483390599489
    tuning_equal_tempered_deviation: 0.12141687423
    tuning_frequency: 442.293365479
    tuning_nontempered_energy_ratio: 0.750451683998
    hpcp:
        dmean: [0.10950255394, 0.080271422863, 0.0761913582683, 0.109967976809, 0.112953908741, 0.143720567226, 0.121753446758, 0.131075650454, 0.146627619863, 0.119165830314, 0.0451498068869, 0.0590218529105, 0.0742835402489, 0.0836771428585, 0.0910021588206, 0.0627722889185, 0.0643510520458, 0.128301560879, 0.16402721405, 0.093567468226, 0.103768266737, 0.111607775092, 0.0815884023905, 0.0495145469904, 0.0260932072997, 0.0578934252262, 0.165136530995, 0.185899659991, 0.141971409321, 0.0965355932713, 0.0849864110351, 0.102182894945, 0.157327547669, 0.167058214545, 0.16524797678, 0.135724365711]
        dmean2: [0.179592162371, 0.135226070881, 0.119498170912, 0.176042720675, 0.193097442389, 0.238461732864, 0.205720171332, 0.215768098831, 0.234328314662, 0.182549193501, 0.073525711894, 0.0990841835737, 0.120924316347, 0.131436988711, 0.1383472085, 0.101078391075, 0.106163486838, 0.192444622517, 0.246024817228, 0.14793497324, 0.152490004897, 0.162225425243, 0.124790996313, 0.0807293504477, 0.0417949073017, 0.0999878197908, 0.283830672503, 0.321728289127, 0.241833761334, 0.177598282695, 0.151619255543, 0.174094259739, 0.262606203556, 0.281168192625, 0.282814532518, 0.233007013798]
        dvar: [0.0280763022602, 0.0140083478764, 0.0124256890267, 0.0266373045743, 0.0218581799418, 0.0328501574695, 0.023445315659, 0.0263380091637, 0.0304375719279, 0.0202602315694, 0.0066386135295, 0.00683457218111, 0.012568145059, 0.0107947997749, 0.0110061159357, 0.00699699763209, 0.00884089525789, 0.0202276911587, 0.0309611298144, 0.0126171950251, 0.0164131429046, 0.0230703223497, 0.0116111412644, 0.00490009272471, 0.00107473274693, 0.00470502581447, 0.0325062535703, 0.0405357144773, 0.0363148525357, 0.0337508432567, 0.0264275092632, 0.0207982826978, 0.0376841686666, 0.0363202504814, 0.0329207740724, 0.0269903987646]
        dvar2: [0.0753898993134, 0.0350124388933, 0.0305788181722, 0.0682721138, 0.0554583631456, 0.0762447118759, 0.0584479160607, 0.0670453235507, 0.0719955787063, 0.0452355928719, 0.0166514366865, 0.0174811594188, 0.032521635294, 0.0274220947176, 0.0293133854866, 0.0188394431025, 0.0201918240637, 0.0428097099066, 0.071798466146, 0.0328078977764, 0.0372404418886, 0.0519631020725, 0.0298544149846, 0.0132593214512, 0.00225417758338, 0.0117590734735, 0.0902902856469, 0.0893003046513, 0.0803119018674, 0.0843030363321, 0.0742858201265, 0.0561191737652, 0.0992602035403, 0.0884001627564, 0.088416300714, 0.067024461925]
        max: [1, 1, 0.964915513992, 1, 0.832879126072, 1, 1, 1, 1, 1, 0.97614133358, 0.626959741116, 0.931468009949, 0.780505776405, 1, 0.916950047016, 1, 1, 1, 1, 1, 1, 0.910585045815, 0.611876726151, 0.321688175201, 0.45492297411, 1, 1, 1, 1, 1, 0.808591663837, 1, 1, 1, 1]
        mean: [0.279551297426, 0.162003815174, 0.133457392454, 0.163167417049, 0.141597151756, 0.30034673214, 0.396060228348, 0.235051631927, 0.244223251939, 0.213116437197, 0.0673705413938, 0.077735170722, 0.110241726041, 0.14176376164, 0.177177026868, 0.12884926796, 0.116857104003, 0.302631676197, 0.371851474047, 0.183950901031, 0.203435137868, 0.268136322498, 0.16067814827, 0.0765608474612, 0.04083834216, 0.0815205350518, 0.259861856699, 0.340728700161, 0.195493131876, 0.112285107374, 0.0978681147099, 0.150746002793, 0.390459418297, 0.433557569981, 0.235360190272, 0.250229507685]
        min: [0.000625578861218, 0.00263969157822, 0.00546046067029, 0.00635103974491, 0.00750363757834, 0.00378376781009, 0.00460021616891, 0.00625371700153, 0.00566404219717, 0.00237019918859, 0.00215073814616, 0.000688901811372, 0.00200109998696, 0.0113696837798, 0.0073385364376, 0.00286783580668, 0.00136936688796, 0.012681260705, 0.0185160264373, 0.00825506541878, 0.00280362507328, 0.00295960786752, 0.0032680046279, 0.00137742271181, 0.000341842649505, 0.000970367284026, 0.00399111490697, 0.00300946016796, 0.00176685524639, 0.00175571150612, 0, 0.00280964211561, 0.00455863168463, 0.00620399834588, 0.0116455424577, 0.000696161121596]
        var: [0.110173724592, 0.03322776407, 0.0208069980145, 0.0428175069392, 0.0241276994348, 0.0864273309708, 0.131882414222, 0.0393488705158, 0.058664124459, 0.0467482693493, 0.00690469937399, 0.00979795586318, 0.0171608198434, 0.0202000904828, 0.03754549101, 0.0293872319162, 0.0276830345392, 0.0743844732642, 0.0960760191083, 0.0279669966549, 0.0489091798663, 0.0760564506054, 0.0254836007953, 0.00854804459959, 0.00227262685075, 0.00661683501676, 0.0458528622985, 0.0736290514469, 0.0460921004415, 0.0380476973951, 0.0255841836333, 0.0276785138994, 0.100189305842, 0.10512816906, 0.0458357073367, 0.0768789201975]
    chords_histogram: [41.0138244629, 24.8847923279, 3.68663597107, 0, 0, 0, 0, 0, 0, 0, 0, 0, 0, 0, 0, 0, 0, 0, 0, 0, 30.4147472382, 0, 0, 0]
    thpcp: [1, 0.54285800457, 0.577154040337, 0.644784748554, 0.373661607504, 0.30781930685, 0.376345455647, 0.326593667269, 0.692749381065, 0.913512408733, 0.542146325111, 0.563300609589, 0.49155279994, 0.155390068889, 0.179296076298, 0.254272401333, 0.326977938414, 0.408658593893, 0.297190666199, 0.269530773163, 0.698019564152, 0.857674956322, 0.424282521009, 0.469222903252, 0.618456125259, 0.370603948832, 0.176587507129, 0.094193585217, 0.188027009368, 0.59937107563, 0.785890340805, 0.450904667377, 0.258985459805, 0.225732684135, 0.347695469856, 0.900594174862]
    chords_key: "E"
    chords_scale: "major"
    key_key: "E"
    key_scale: "major"
    chords_progression: ["D", "D", "D", "D", "D", "D", "D", "D", "D", "D", "D", "D", "D", "D", "D", "D", "D", "D", "D", "D", "D", "D", "D", "D", "D", "D", "D", "D", "D", "D", "D", "D", "D", "D", "D", "D", "D", "D", "D", "D", "D", "D", "D", "D", "D", "D", "D", "D", "D", "D", "D", "D", "D", "D", "D", "D", "D", "D", "D", "D", "D", "D", "D", "D", "D", "D", "E", "E", "E", "E", "E", "E", "E", "E", "E", "E", "E", "E", "E", "E", "E", "E", "E", "E", "E", "E", "E", "E", "E", "E", "E", "E", "E", "E", "E", "E", "E", "E", "E", "E", "E", "E", "E", "E", "E", "E", "E", "E", "E", "E", "E", "E", "E", "E", "E", "E", "E", "E", "E", "E", "E", "E", "E", "E", "E", "E", "E", "E", "E", "E", "E", "E", "E", "E", "E", "E", "E", "G#m", "G#m", "G#m", "G#m", "G#m", "G#m", "G#m", "G#m", "G#m", "G#m", "B", "B", "B", "B", "B", "B", "B", "B", "G#m", "G#m", "G#m", "G#m", "G#m", "G#m", "G#m", "G#m", "G#m", "G#m", "G#m", "G#m", "G#m", "G#m", "G#m", "G#m", "G#m", "G#m", "G#m", "G#m", "G#m", "G#m", "G#m", "G#m", "G#m", "G#m", "G#m", "G#m", "G#m", "G#m", "G#m", "G#m", "G#m", "G#m", "G#m", "G#m", "G#m", "G#m", "G#m", "G#m", "G#m", "G#m", "G#m", "G#m", "E", "E", "E", "E", "E", "E", "E", "E", "E", "E", "E", "E", "E", "E", "E", "E", "E", "E"]
