
metadata:
    version:
        essentia: "1.2.2"
    audio_properties:
        analysis_sample_rate: 44100
        bitrate: 128
        channels: 2
        equal_loudness: 1
        length: 10.0310201645
        replay_gain: -17.8845081329
        downmix: "mix"
    tags:
        track: 6
        year: 0
        album: "Splitted by Mp3Splt v. 2.1"
        artist: "From 000.50 To 001.00"
        comment: "http://mp3splt.sf.net"
        genre: ""
        title: "01 Upside Down.mp3"

highlevel:
    ballroom:
        all:
            ChaChaCha: 0.0356170609593
            Jive: 0.881528973579
            Quickstep: 0.0102884070948
            Rumba-American: 0.00145504542161
            Rumba-International: 0.00346395699307
            Rumba-Misc: 0.00289168069139
            Samba: 0.0195388291031
            Tango: 0.00451769446954
            VienneseWaltz: 0.0359414704144
            Waltz: 0.00475686835125
        probability: 0.881528973579
        value: "Jive"
    culture:
        all:
            non_western: 0.128841266036
            western: 0.871158719063
        probability: 0.871158719063
        value: "western"
    gender:
        all:
            female: 0.590655982494
            male: 0.409344017506
        probability: 0.590655982494
        value: "female"
    genre_dortmund:
        all:
            alternative: 0.316439568996
            blues: 0.00308136362582
            electronic: 0.0771966651082
            folkcountry: 0.0523963496089
            funksoulrnb: 0.00408567348495
            jazz: 0.00696344394237
            pop: 0.0262442044914
            raphiphop: 0.00164454698097
            rock: 0.511948168278
        probability: 0.511948168278
        value: "rock"
    genre_electronica:
        all:
            ambient: 0.54326236248
            dnb: 0.14718735218
            house: 0.022987511009
            techno: 0.101489551365
            trance: 0.185073241591
        probability: 0.54326236248
        value: "ambient"
    genre_rosamerica:
        all:
            cla: 0.112205512822
            dan: 0.048297598958
            hip: 0.0855860263109
            jaz: 0.0250513460487
            pop: 0.0197810083628
            rhy: 0.0409800969064
            roc: 0.660209357738
            spe: 0.00788904540241
        probability: 0.660209357738
        value: "roc"
    genre_tzanetakis:
        all:
            blu: 0.0637366548181
            cla: 0.081379070878
            cou: 0.0539767555892
            dis: 0.0352706499398
            hip: 0.0368740595877
            jaz: 0.0496745221317
            met: 0.456721574068
            pop: 0.0186528265476
            reg: 0.085105381906
            roc: 0.118608519435
        probability: 0.456721574068
        value: "met"
    live_studio:
        all:
            live: 0.168659225106
            studio: 0.831340789795
        probability: 0.831340789795
        value: "studio"
    mood:
        all:
            Cluster1: 0.297693610191
            Cluster2: 0.0366394817829
            Cluster3: 0.00359708233736
            Cluster4: 0.0252174809575
            Cluster5: 0.636852324009
        probability: 0.636852324009
        value: "Cluster5"
    mood_acoustic:
        all:
            acoustic: 0.05320430547
            not_acoustic: 0.946795701981
        probability: 0.946795701981
        value: "not_acoustic"
    mood_aggressive:
        all:
            aggressive: 0.999397516251
            not_aggressive: 0.00060249818489
        probability: 0.999397516251
        value: "aggressive"
    mood_electronic:
        all:
            electronic: 0.422988533974
            not_electronic: 0.577011466026
        probability: 0.577011466026
        value: "not_electronic"
    mood_happy:
        all:
            happy: 0.135065168142
            not_happy: 0.86493486166
        probability: 0.86493486166
        value: "not_happy"
    mood_party:
        all:
            not_party: 0.38969245553
            party: 0.610307514668
        probability: 0.610307514668
        value: "party"
    mood_relaxed:
        all:
            not_relaxed: 0.606148898602
            relaxed: 0.393851101398
        probability: 0.606148898602
        value: "not_relaxed"
    mood_sad:
        all:
            not_sad: 0.999869227409
            sad: 0.000130785323563
        probability: 0.999869227409
        value: "not_sad"
    rhythm:
        all:
            fast: 0.61707764864
            medium: 0.0418026596308
            slow: 0.341119676828
        probability: 0.61707764864
        value: "fast"
    speech_music:
        all:
            music: 0.999642491341
            speech: 0.000357505836291
        probability: 0.999642491341
        value: "music"
    timbre:
        all:
            bright: 0.299968719482
            dark: 0.700031280518
        probability: 0.700031280518
        value: "dark"
    voice_instrumental:
        all:
            instrumental: 0.995449066162
            voice: 0.00455093663186
        probability: 0.995449066162
        value: "instrumental"

lowlevel:
    average_loudness: 0.968631327152
    barkbands_kurtosis:
        dmean: 2.68808293343
        dmean2: 4.36270856857
        dvar: 5.82954072952
        dvar2: 14.7599344254
        max: 20.3545532227
        mean: 4.1174788475
        min: -1.6460057497
        var: 20.6351337433
    barkbands_skewness:
        dmean: 0.457625478506
        dmean2: 0.730916380882
        dvar: 0.114562578499
        dvar2: 0.30561953783
        max: -0.247951537371
        mean: -1.96679079533
        min: -4.0832529068
        var: 0.54945987463
    barkbands_spread:
        dmean: 7.04525470734
        dmean2: 11.7547941208
        dvar: 27.2619304657
        dvar2: 76.5267105103
        max: 48.1922187805
        mean: 21.9274921417
        min: 4.69575071335
        var: 86.4078140259
    dissonance:
        dmean: 0.00398840196431
        dmean2: 0.00662124482915
        dvar: 1.54753033712e-05
        dvar2: 4.11739274568e-05
        max: 0.499429404736
        mean: 0.491534739733
        min: 0.451070129871
        var: 3.25918372255e-05
    hfc:
        dmean: 3.6482155323
        dmean2: 5.83943796158
        dvar: 8.89772987366
        dvar2: 21.2266921997
        max: 42.6618728638
        mean: 18.574716568
        min: 5.77159261703
        var: 39.8149757385
    pitch:
        dmean: 504.307220459
        dmean2: 959.0625
        dvar: 778257.4375
        dvar2: 1939359.875
        max: 4410
        mean: 2691.17675781
        min: 163.94052124
        var: 861886.875
    pitch_instantaneous_confidence:
        dmean: 0.0776160433888
        dmean2: 0.128557920456
        dvar: 0.00404928717762
        dvar2: 0.0110354945064
        max: 0.852409422398
        mean: 0.44610068202
        min: 0.188914239407
        var: 0.0126695772633
    pitch_salience:
        dmean: 0.0446318872273
        dmean2: 0.073373503983
        dvar: 0.00120355491526
        dvar2: 0.00323818367906
        max: 0.817804574966
        mean: 0.717120885849
        min: 0.406489819288
        var: 0.00297681125812
    silence_rate_20dB:
        dmean: 0
        dmean2: 0
        dvar: 0
        dvar2: 0
        max: 1
        mean: 1
        min: 1
        var: 0
    silence_rate_30dB:
        dmean: 0
        dmean2: 0
        dvar: 0
        dvar2: 0
        max: 1
        mean: 1
        min: 1
        var: 0
    silence_rate_60dB:
        dmean: 0.0162412989885
        dmean2: 0.0325581394136
        dvar: 0.0159774329513
        dvar2: 0.0314985178411
        max: 1
        mean: 0.0208333339542
        min: 0
        var: 0.0203992091119
    spectral_centroid:
        dmean: 218.192123413
        dmean2: 339.670318604
        dvar: 35043.6601562
        dvar2: 85736.4375
        max: 4237.25976562
        mean: 2965.85717773
        min: 2042.56176758
        var: 123793.226562
    spectral_complexity:
        dmean: 3.55710959435
        dmean2: 5.96728992462
        dvar: 7.47750902176
        dvar2: 18.0549507141
        max: 37
        mean: 22.4209308624
        min: 8
        var: 20.894903183
    spectral_crest:
        dmean: 1.98962783813
        dmean2: 3.33262324333
        dvar: 2.4835319519
        dvar2: 6.23052787781
        max: 20.6396274567
        mean: 8.54522800446
        min: 3.55595064163
        var: 7.77960157394
    spectral_decrease:
        dmean: 1.97661234602e-10
        dmean2: 3.09505754359e-10
        dvar: 2.46540987701e-20
        dvar2: 5.87396204116e-20
        max: -4.25325358266e-10
        mean: -1.20049636898e-09
        min: -2.61913268851e-09
        var: 1.26354552754e-19
    spectral_energy:
        dmean: 0.00105096865445
        dmean2: 0.0016524422681
        dvar: 6.78465028159e-07
        dvar2: 1.63180482105e-06
        max: 0.0137547701597
        mean: 0.00621573114768
        min: 0.0021287733689
        var: 3.4922636587e-06
    spectral_energyband_high:
        dmean: 0.000413134461269
        dmean2: 0.000666362582706
        dvar: 2.35426355744e-07
        dvar2: 5.39688358003e-07
        max: 0.00470640510321
        mean: 0.00130126834847
        min: 0.00029604617157
        var: 5.59800923838e-07
    spectral_energyband_low:
        dmean: 0.00011428756261
        dmean2: 0.000198652895051
        dvar: 1.21834355937e-08
        dvar2: 3.32706129313e-08
        max: 0.000776052300353
        mean: 0.000151053856825
        min: 1.2449134374e-05
        var: 1.41089131489e-08
    spectral_energyband_middle_high:
        dmean: 0.000888343434781
        dmean2: 0.00142660958227
        dvar: 6.63783566779e-07
        dvar2: 1.48631590946e-06
        max: 0.0115679493174
        mean: 0.00422473996878
        min: 0.00129718333483
        var: 3.48458411281e-06
    spectral_energyband_middle_low:
        dmean: 0.000243924368988
        dmean2: 0.000402094388846
        dvar: 5.1677510271e-08
        dvar2: 1.36007656693e-07
        max: 0.00187728391029
        mean: 0.000538659980521
        min: 7.84436997492e-05
        var: 1.0778318682e-07
    spectral_flatness_db:
        dmean: 0.0127671528608
        dmean2: 0.020537449047
        dvar: 0.00010217687668
        dvar2: 0.000241095403908
        max: 0.228435352445
        mean: 0.171665638685
        min: 0.120485879481
        var: 0.000512431608513
    spectral_flux:
        dmean: 0.0051450766623
        dmean2: 0.00815963838249
        dvar: 1.84151758731e-05
        dvar2: 4.65577286377e-05
        max: 0.082747168839
        mean: 0.0483455583453
        min: 0.0304487776011
        var: 5.47683703189e-05
    spectral_kurtosis:
        dmean: 0.759694218636
        dmean2: 1.25327134132
        dvar: 0.625599086285
        dvar2: 1.47602176666
        max: 14.0371074677
        mean: 3.56183576584
        min: 0.571977376938
        var: 1.61838245392
    spectral_rms:
        dmean: 0.000207375516766
        dmean2: 0.000326708250213
        dvar: 2.30441514759e-08
        dvar2: 5.66607489816e-08
        max: 0.0036632346455
        mean: 0.00243538757786
        min: 0.00144112878479
        var: 1.3301718127e-07
    spectral_rolloff:
        dmean: 323.700683594
        dmean2: 536.418151855
        dvar: 94025.7890625
        dvar2: 236788.859375
        max: 5749.36523438
        mean: 4355.11425781
        min: 2820.84960938
        var: 321606.46875
    spectral_skewness:
        dmean: 0.127589121461
        dmean2: 0.210370317101
        dvar: 0.0182984191924
        dvar2: 0.0364631824195
        max: 3.02901101112
        mean: 1.10986483097
        min: 0.520950078964
        var: 0.0467960126698
    spectral_spread:
        dmean: 333591.53125
        dmean2: 520089.1875
        dvar: 110168031232
        dvar2: 199445233664
        max: 7387214.5
        mean: 4000711.25
        min: 2771184
        var: 357379670016
    spectral_strongpeak:
        dmean: 1.19698238373
        dmean2: 1.955473423
        dvar: 0.963460981846
        dvar2: 2.46028494835
        max: 9.64144134521
        mean: 2.27035260201
        min: 0.0245044194162
        var: 2.63754582405
    zerocrossingrate:
        dmean: 0.00642732903361
        dmean2: 0.00772579573095
        dvar: 3.81650861527e-05
        dvar2: 4.57732676296e-05
        max: 0.20166015625
        mean: 0.146537750959
        min: 0.06982421875
        var: 0.000224182993406
    barkbands:
        dmean: [5.21725631586e-08, 3.97794428864e-05, 9.08287838683e-05, 0.000110391207272, 0.000105533123133, 3.70004054275e-05, 0.000111424553324, 1.17030622278e-05, 1.16332403195e-05, 5.50540380573e-06, 4.86906628794e-06, 8.57185114e-06, 2.09506706597e-05, 4.8304151278e-05, 8.28485572129e-05, 0.000113078989671, 0.000269652024144, 0.000678076874465, 0.000325572211295, 0.000201530769118, 0.000329460308421, 7.21821706975e-05, 7.17434068065e-06, 2.49201707447e-06, 9.44851421991e-07, 4.60412685754e-08, 1.02399155821e-09]
        dmean2: [7.2432470688e-08, 6.93499750923e-05, 0.000158392169396, 0.000187764570001, 0.000183052674402, 6.0839120124e-05, 0.000181877374416, 1.91691688087e-05, 1.89950787899e-05, 9.3909975476e-06, 7.82159258961e-06, 1.38483510455e-05, 3.36973207595e-05, 8.12641883385e-05, 0.000138006202178, 0.000194383581402, 0.000422458280809, 0.00106564175803, 0.000535630853847, 0.000313767173793, 0.000528713630047, 0.000116173054266, 1.09599641291e-05, 3.45795956491e-06, 1.42242913626e-06, 7.26817432906e-08, 1.2636786062e-09]
        dvar: [2.16648476502e-13, 2.44591946696e-09, 7.19226678214e-09, 1.59660622501e-08, 1.16276943629e-08, 1.66533165036e-09, 2.79667986547e-08, 1.19057347314e-10, 1.88412216384e-10, 3.07613240436e-11, 3.16311005166e-11, 2.31668351169e-10, 6.37166097661e-10, 2.52324094951e-09, 4.78674389015e-09, 1.14485478875e-08, 1.04498184328e-07, 4.69467380526e-07, 1.15469326545e-07, 4.93942131641e-08, 1.45395205209e-07, 1.18356560108e-08, 2.10688577695e-10, 3.20682785881e-11, 1.79621118326e-12, 3.14827492824e-15, 2.18396910477e-16]
        dvar2: [2.18079528502e-13, 6.86900847313e-09, 1.92774791685e-08, 4.18052401585e-08, 2.98420452793e-08, 4.21538048911e-09, 6.9777563283e-08, 3.10341946586e-10, 4.77493156126e-10, 8.92226431626e-11, 7.55948151299e-11, 5.49706447028e-10, 1.39344014105e-09, 6.87306966896e-09, 1.29983090957e-08, 3.31983862623e-08, 2.10126444244e-07, 1.04371372345e-06, 2.9579766192e-07, 1.17980206937e-07, 3.56398459189e-07, 2.80276903908e-08, 4.46202075288e-10, 6.52002826729e-11, 3.50174967148e-12, 6.72961747363e-15, 2.20141361597e-16]
        max: [9.66144398262e-06, 0.000342905230355, 0.000618177407887, 0.00106308155227, 0.000821420340799, 0.000438026239863, 0.00146545341704, 0.000105085855466, 0.000139319905429, 5.61784036108e-05, 9.57858865149e-05, 0.000191887680558, 0.000382019323297, 0.000633401388768, 0.00061198824551, 0.00148493121378, 0.00566505175084, 0.00962647888809, 0.0049134963192, 0.00242568156682, 0.00348227354698, 0.00160154816695, 0.000167162084836, 6.33082236163e-05, 1.54323242896e-05, 5.09804351623e-07, 3.06722569121e-07]
        mean: [5.38287707741e-08, 4.53208085673e-05, 0.000105691309727, 0.000127944746055, 0.000160076102475, 5.85344350839e-05, 0.000149371597217, 1.97427052626e-05, 2.15591753658e-05, 9.27697874431e-06, 7.7139120549e-06, 1.34834253913e-05, 3.71594323951e-05, 9.13921103347e-05, 0.00016595692432, 0.000241689936956, 0.000692809349857, 0.00185699516442, 0.000853678677231, 0.000539499218576, 0.000818285159767, 0.00017449252482, 1.62958895089e-05, 6.06391222391e-06, 2.53784605775e-06, 1.0941548112e-07, 1.06716646631e-09]
        min: [1.08267093207e-11, 1.60018907991e-06, 3.04316040456e-06, 4.66861456516e-06, 2.9822435863e-06, 7.17849331977e-07, 1.8355009388e-06, 5.04700267356e-07, 2.07222728932e-06, 1.00022737115e-06, 6.66875223487e-07, 1.0289184047e-06, 4.03996000387e-06, 1.17272602438e-05, 2.82612127194e-05, 5.81699241593e-05, 0.000125956430566, 0.000323305372149, 0.000172616782947, 0.000119060678117, 9.34747367864e-05, 2.22562212002e-05, 3.39570374308e-06, 1.29428315176e-06, 8.37828565636e-07, 1.42464253727e-08, 7.21555519327e-14]
        var: [2.16553961178e-13, 2.29906538252e-09, 8.6556104506e-09, 1.80400636651e-08, 1.67698317455e-08, 2.74926104105e-09, 4.33163904745e-08, 2.29865765311e-10, 3.61063123844e-10, 4.34092310708e-11, 6.05161476486e-11, 3.52565532324e-10, 1.31394195524e-09, 3.90824927976e-09, 8.60213322795e-09, 2.25268106391e-08, 3.85048139151e-07, 1.61964533163e-06, 3.53319848045e-07, 9.875586926e-08, 3.66265140883e-07, 2.78018763566e-08, 4.59422166976e-10, 6.60606222502e-11, 3.6372452359e-12, 5.29104127997e-15, 2.17885064349e-16]
    mfcc:
        mean: [-687.856079102, 51.416595459, -57.0909309387, 84.7901229858, 2.29972815514, 0.0973675251007, -12.5197343826, -10.2579889297, 2.01550197601, -8.61370563507, 6.95594120026, 0.801739871502, -13.7797269821]
        cov: [[116.020843506, 7.80315971375, 17.5813293457, -25.6683139801, -23.1348628998, -13.4471111298, -14.319434166, -12.1796674728, -26.5029907227, -3.74121856689, -16.2381267548, 7.60413122177, 16.3613433838], [7.80315971375, 253.542602539, -22.9631290436, -22.4969367981, -16.5581665039, -50.7207336426, -0.656396985054, -36.7296028137, -28.8834266663, 0.330915033817, 5.69111728668, 26.3465251923, 53.2475967407], [17.5813293457, -22.9631290436, 118.270576477, -12.0245103836, 1.00021636486, 33.7826194763, -20.7178344727, -10.7598724365, 0.627324581146, 8.9568901062, -9.13243961334, 0.0614883750677, 9.08815670013], [-25.6683139801, -22.4969367981, -12.0245103836, 74.2003479004, 23.9167556763, 11.4824676514, 10.6161413193, 6.90529441833, 19.361869812, -3.78880310059, 7.74179267883, -0.753945946693, -11.6275835037], [-23.1348628998, -16.5581665039, 1.00021636486, 23.9167556763, 60.2302360535, 24.9548053741, 9.24280929565, 19.0662555695, 5.36084222794, 5.02088117599, -3.02761054039, -13.0645580292, -14.7230033875], [-13.4471111298, -50.7207336426, 33.7826194763, 11.4824676514, 24.9548053741, 78.0956497192, 12.3717288971, 8.38217830658, 23.2667655945, -4.3653588295, -0.874725937843, -6.63755130768, -19.5323791504], [-14.319434166, -0.656396985054, -20.7178344727, 10.6161413193, 9.24280929565, 12.3717288971, 69.2839050293, 31.6394577026, 8.8142747879, 4.76206970215, 4.94380474091, -5.51297283173, -4.00264024734], [-12.1796674728, -36.7296028137, -10.7598724365, 6.90529441833, 19.0662555695, 8.38217830658, 31.6394577026, 72.852104187, 17.7658233643, 4.9385676384, 11.4523420334, -9.00900554657, -11.0034608841], [-26.5029907227, -28.8834266663, 0.627324581146, 19.361869812, 5.36084222794, 23.2667655945, 8.8142747879, 17.7658233643, 53.4862785339, 8.46733570099, 10.8362045288, 1.20814013481, -18.190032959], [-3.74121856689, 0.330915033817, 8.9568901062, -3.78880310059, 5.02088117599, -4.3653588295, 4.76206970215, 4.9385676384, 8.46733570099, 53.1368789673, 7.69249200821, -4.06888771057, 13.3213367462], [-16.2381267548, 5.69111728668, -9.13243961334, 7.74179267883, -3.02761054039, -0.874725937843, 4.94380474091, 11.4523420334, 10.8362045288, 7.69249200821, 47.4319953918, 21.8975467682, -0.541418433189], [7.60413122177, 26.3465251923, 0.0614883750677, -0.753945946693, -13.0645580292, -6.63755130768, -5.51297283173, -9.00900554657, 1.20814013481, -4.06888771057, 21.8975467682, 51.4507293701, 20.2979316711], [16.3613433838, 53.2475967407, 9.08815670013, -11.6275835037, -14.7230033875, -19.5323791504, -4.00264024734, -11.0034608841, -18.190032959, 13.3213367462, -0.541418433189, 20.2979316711, 63.2128181458]]
        icov: [[0.011697887443, 0.000201627903152, -0.00102460151538, 0.000701652374119, 0.00429940642789, -0.00068587315036, 0.00132958625909, -0.00218341592699, 0.00557014206424, -0.00140286143869, 0.00499000167474, -0.00369947869331, 0.000701496610418], [0.000201627903152, 0.00620918208733, 0.000369135988876, 0.00221924018115, -0.00290924776345, 0.003727710573, -0.00242651021108, 0.00411573238671, -0.00117774994578, 0.00209898478352, -0.0018797388766, -0.000150473701069, -0.00463937968016], [-0.00102460151538, 0.000369135988876, 0.0121832061559, 0.000875313882716, 0.0013105343096, -0.00751063134521, 0.00443361187354, -0.000416040682467, 0.00110452470835, -0.00303590623662, 0.00177320837975, -0.000365559273632, -0.00235332432203], [0.000701652374119, 0.00221924018115, 0.000875313882716, 0.0195093341172, -0.00979164522141, 0.00345754344016, -0.00330231012776, 0.00505897728726, -0.00817496236414, 0.00495517347008, -0.00385631853715, 0.000882752006873, -0.00284208380617], [0.00429940642789, -0.00290924776345, 0.0013105343096, -0.00979164522141, 0.0302214957774, -0.0116540528834, 0.00459159677848, -0.0104888025671, 0.0110254557803, -0.00825537182391, 0.00669234106317, -0.000777570472565, 0.00647053075954], [-0.00068587315036, 0.003727710573, -0.00751063134521, 0.00345754344016, -0.0116540528834, 0.0257674474269, -0.00770759955049, 0.0065269828774, -0.0111624402925, 0.00714983697981, -0.00289323064499, 0.00117980479263, -0.000473451393191], [0.00132958625909, -0.00242651021108, 0.00443361187354, -0.00330231012776, 0.00459159677848, -0.00770759955049, 0.0218603760004, -0.0107769686729, 0.0037041278556, -0.00399995362386, 0.00245311949402, -6.56162737869e-05, 0.000601987936534], [-0.00218341592699, 0.00411573238671, -0.000416040682467, 0.00505897728726, -0.0104888025671, 0.0065269828774, -0.0107769686729, 0.0250514540821, -0.0095826452598, 0.00478455098346, -0.00895534269512, 0.00584202585742, -0.00437762821093], [0.00557014206424, -0.00117774994578, 0.00110452470835, -0.00817496236414, 0.0110254557803, -0.0111624402925, 0.0037041278556, -0.0095826452598, 0.0348201915622, -0.0109778270125, 0.00341824186035, -0.00748181762174, 0.0103381397203], [-0.00140286143869, 0.00209898478352, -0.00303590623662, 0.00495517347008, -0.00825537182391, 0.00714983697981, -0.00399995362386, 0.00478455098346, -0.0109778270125, 0.0275644976646, -0.00972243770957, 0.00947102159262, -0.011283298023], [0.00499000167474, -0.0018797388766, 0.00177320837975, -0.00385631853715, 0.00669234106317, -0.00289323064499, 0.00245311949402, -0.00895534269512, 0.00341824186035, -0.00972243770957, 0.0360101088881, -0.0191786624491, 0.00808807462454], [-0.00369947869331, -0.000150473701069, -0.000365559273632, 0.000882752006873, -0.000777570472565, 0.00117980479263, -6.56162737869e-05, 0.00584202585742, -0.00748181762174, 0.00947102159262, -0.0191786624491, 0.0353228822351, -0.0131600350142], [0.000701496610418, -0.00463937968016, -0.00235332432203, -0.00284208380617, 0.00647053075954, -0.000473451393191, 0.000601987936534, -0.00437762821093, 0.0103381397203, -0.011283298023, 0.00808807462454, -0.0131600350142, 0.0296461693943]]
    spectral_contrast:
        mean: [1.13322464301e-07, -3.2201236877e-07, -4.44609071337e-07, -5.64294850847e-08, 5.31157070327e-07, -2.43885239115e-07, 1.12838176847e-06, -3.72740419152e-06, 2.65864429139e-07, 2.15325235331e-06, -2.90416710413e-06, 4.74896552305e-07]
        var: [0.000572286196984, 0.000619836733676, 0.000728824234102, 0.00104239454959, 0.00187108549289, 0.00355448480695, 0.0330976434052, 0.0393873080611, 0.0792166516185, 0.0952565297484, 0.127257063985, 0.160558596253]

rhythm:
    beats_loudness:
        dmean: 0.00173009128775
        dmean2: 0.00312574673444
        dvar: 1.34787262596e-06
        dvar2: 3.81695599572e-06
        max: 0.0108290249482
        mean: 0.00624025473371
        min: 0.00345656601712
        var: 2.97154042528e-06
    beats_loudness_bass:
        dmean: 0.0313740819693
        dmean2: 0.0582031458616
        dvar: 0.000434270856204
        dvar2: 0.00164308666717
        max: 0.0850413292646
        mean: 0.0342558138072
        min: 0.00446443399414
        var: 0.000444011704531
    bpm: 103.93321991
    bpm_confidence: 0
    first_peak_bpm: 104
    first_peak_spread: 0.0909091234207
    first_peak_weight: 0.555555582047
    onset_rate: 1.89412438869
    second_peak_bpm: 129
    second_peak_spread: 0
    second_peak_weight: 0.388888895512
    beats_position: [0.0893937349319, 0.666720569134, 1.24404740334, 1.82137429714, 2.39870095253, 2.97602772713, 3.55335450172, 4.1306810379, 4.7080078125, 5.2853345871, 5.86266136169, 6.46081495285, 6.92567396164, 7.39053201675, 7.85539102554, 8.3202495575, 8.78510761261, 9.2499666214, 9.71482563019]
    bpm_estimates: [105.296806335, 103.477226257, 103.381011963, 103.577842712]
    bpm_intervals: [0.577326834202, 0.577326834202, 0.577326893806, 0.577326655388, 0.577326774597, 0.577326774597, 0.577326536179, 0.577326774597, 0.577326774597, 0.577326774597, 0.598153591156, 0.464859008789, 0.464858055115, 0.464859008789, 0.464858531952, 0.464858055115, 0.464859008789, 0.464859008789]
    onset_times: [0.0464399084449, 0.27863946557, 0.859138309956, 1.52090704441, 1.68344676495, 2.41487526894, 2.69351482391, 2.79800462723, 3.15791392326, 3.33206343651, 3.9125623703, 4.7020406723, 4.95746040344, 6.74539661407, 7.41877555847, 7.83673477173, 8.96290206909, 9.24154186249, 9.83365058899]
    rubato_start: [6.92567396164]
    rubato_stop: [7.39053201675]
    perceptual_tempo: "unknown"

sfx:
    inharmonicity:
        dmean: 0.0834755674005
        dmean2: 0.145119056106
        dvar: 0.00644792616367
        dvar2: 0.0186097621918
        max: 0.435334593058
        mean: 0.0976148992777
        min: 0
        var: 0.00698086898774
    oddtoevenharmonicenergyratio:
        dmean: 15.8596029282
        dmean2: 30.8437156677
        dvar: 9860.83203125
        dvar2: 29226.5429688
        max: 1345.17895508
        mean: 8.80035495758
        min: 0
        var: 5110.71630859
    pitch_after_max_to_before_max_energy_ratio: 8.63677120209
    pitch_centroid: 210.648101807
    pitch_max_to_total: 0.0813953503966
    pitch_min_to_total: 0.369767427444
    tristimulus:
        dmean: [0.151770204306, 0.359659016132, 0.217221736908]
        dmean2: [0.267584711313, 0.651316642761, 0.394900232553]
        dvar: [0.0275444127619, 0.0863292589784, 0.0444112382829]
        dvar2: [0.0785299837589, 0.227633699775, 0.107771776617]
        max: [1, 0.997190535069, 0.796541392803]
        mean: [0.178395181894, 0.431591689587, 0.179235950112]
        min: [0.00280949752778, 0, 0]
        var: [0.0277940165251, 0.117351025343, 0.0494859181345]

tonal:
    chords_changes_rate: 0.0648148134351
    chords_number_rate: 0.0277777779847
    chords_strength:
        dmean: 0.0086693931371
        dmean2: 0.0101073989645
        dvar: 4.88922814839e-05
        dvar2: 6.25313259661e-05
        max: 0.771164238453
        mean: 0.60180747509
        min: 0.375796735287
        var: 0.0147865973413
    key_strength: 0.577711760998
    tuning_diatonic_strength: 0.770321846008
    tuning_equal_tempered_deviation: 0.192715167999
    tuning_frequency: 441.272583008
    tuning_nontempered_energy_ratio: 0.874343037605
    hpcp:
        dmean: [0.145324602723, 0.180450960994, 0.179579868913, 0.173589721322, 0.139839574695, 0.113809712231, 0.115327492356, 0.110470719635, 0.118816263974, 0.125993579626, 0.0967208221555, 0.0960308611393, 0.11225053668, 0.11289472878, 0.110789403319, 0.119598127902, 0.159699320793, 0.206991359591, 0.175834774971, 0.123158961535, 0.135811984539, 0.14972025156, 0.193194434047, 0.220372572541, 0.207763969898, 0.202170178294, 0.223615586758, 0.211546510458, 0.17936770618, 0.16573099792, 0.14617626369, 0.144559815526, 0.144364699721, 0.146635904908, 0.13324162364, 0.133245408535]
        dmean2: [0.237230032682, 0.295791983604, 0.293090075254, 0.294399142265, 0.239591687918, 0.195673257113, 0.187012702227, 0.185091480613, 0.193296447396, 0.218314602971, 0.162075981498, 0.154559388757, 0.18218305707, 0.174065515399, 0.175370842218, 0.189569860697, 0.26083701849, 0.345418304205, 0.288665831089, 0.199396699667, 0.230388879776, 0.254412442446, 0.320996910334, 0.368957310915, 0.354623556137, 0.331529051065, 0.367483466864, 0.364037305117, 0.299568891525, 0.269972294569, 0.24815839529, 0.242860585451, 0.233329206705, 0.233031973243, 0.214547693729, 0.211937785149]
        dvar: [0.0205396991223, 0.0377724803984, 0.02943976596, 0.0279928930104, 0.021918149665, 0.0124036194757, 0.016539528966, 0.0166975967586, 0.0145996892825, 0.01841121912, 0.0105205159634, 0.00950078386813, 0.0180731657892, 0.0157324057072, 0.0145358582959, 0.0184873528779, 0.0238513350487, 0.0325553528965, 0.0276747234166, 0.0140698468313, 0.0177935734391, 0.023945806548, 0.0300231985748, 0.0346421860158, 0.0305480994284, 0.0308924559504, 0.0298951845616, 0.0314356386662, 0.0259349178523, 0.0224520359188, 0.0150487590581, 0.0177738647908, 0.0187994241714, 0.018184684217, 0.017240146175, 0.0173959434032]
        dvar2: [0.050863455981, 0.097890265286, 0.0757019296288, 0.0703271105886, 0.0518171451986, 0.0304493773729, 0.0412804447114, 0.0414951778948, 0.0384487658739, 0.0523238219321, 0.0288315247744, 0.0227531604469, 0.0440006293356, 0.039425779134, 0.0353740490973, 0.0489041917026, 0.0599157251418, 0.0740338414907, 0.0673211365938, 0.0379731096327, 0.0408515073359, 0.0653926506639, 0.0863615944982, 0.0787347704172, 0.0698562711477, 0.0768965482712, 0.080063059926, 0.0799845904112, 0.0694341287017, 0.0626290738583, 0.0378960706294, 0.0511840730906, 0.0528231747448, 0.0468760691583, 0.0450059100986, 0.0419121086597]
        max: [1, 1, 1, 1, 0.938258826733, 0.873031079769, 1, 1, 1, 1, 0.736934661865, 0.90494543314, 1, 1, 1, 1, 1, 1, 1, 1, 1, 1, 1, 1, 1, 1, 1, 1, 1, 1, 1, 0.897142887115, 1, 1, 1, 1]
        mean: [0.282635003328, 0.318614155054, 0.345871090889, 0.326332271099, 0.2597617805, 0.21386243403, 0.213966429234, 0.208629161119, 0.225469410419, 0.233414679766, 0.197730049491, 0.194151043892, 0.211019620299, 0.215104997158, 0.222406670451, 0.232335627079, 0.294641047716, 0.403048843145, 0.360840916634, 0.237955629826, 0.227729722857, 0.261132985353, 0.369873076677, 0.582940340042, 0.698466539383, 0.609675824642, 0.512270510197, 0.450026780367, 0.372388273478, 0.315440624952, 0.273919343948, 0.263297140598, 0.278991043568, 0.271334707737, 0.243125334382, 0.253808379173]
        min: [0.0210497491062, 0.0108386250213, 0.0113471383229, 0.0218476466835, 0.0128873493522, 0.0125073464587, 0.0139206796885, 0.00949531700462, 0.0084583600983, 0.0120689431205, 0.0151938870549, 0.0144850760698, 0.0143691059202, 0.0128602841869, 0.0105977822095, 0.00853109266609, 0.0322034545243, 0.056420661509, 0.0394016429782, 0.0156392101198, 0.0185422003269, 0.0191435441375, 0.0262534637004, 0.0625595450401, 0.176194727421, 0.13215008378, 0.0321507826447, 0.0177563242614, 0.0137473298237, 0.0219671670347, 0.0237625706941, 0.017101187259, 0.0150440288708, 0.0150373941287, 0.0254414081573, 0.0318734943867]
        var: [0.0350791066885, 0.0585001446307, 0.0624670535326, 0.0530310794711, 0.0353799574077, 0.0221687704325, 0.0280398260802, 0.0268229860812, 0.0319746471941, 0.0261384416372, 0.0161627680063, 0.0174695011228, 0.0262526609004, 0.0281749144197, 0.0289614796638, 0.0295797418803, 0.0366802588105, 0.0649911314249, 0.0507552176714, 0.0227668527514, 0.03090425767, 0.0411958917975, 0.0551200136542, 0.0757678598166, 0.0619797520339, 0.0696721896529, 0.0729417130351, 0.0663149952888, 0.0498602390289, 0.0457834638655, 0.0334124863148, 0.0269554592669, 0.0328180678189, 0.0325880907476, 0.0275684315711, 0.0306034293026]
    chords_histogram: [12.5, 5.55555534363, 4.62962961197, 0, 0, 0, 0, 45.3703689575, 28.7037029266, 3.24074077606, 0, 0, 0, 0, 0, 0, 0, 0, 0, 0, 0, 0, 0, 0]
    thpcp: [1, 0.872877657413, 0.733421683311, 0.644306838512, 0.533151209354, 0.451618820429, 0.392172455788, 0.376964569092, 0.399433642626, 0.388472020626, 0.348084449768, 0.363379448652, 0.404650747776, 0.456162363291, 0.495186328888, 0.467212468386, 0.37190297246, 0.306188523769, 0.306337416172, 0.298696011305, 0.322806328535, 0.33418160677, 0.283091664314, 0.277967572212, 0.302118450403, 0.3079675138, 0.318421363831, 0.332636743784, 0.421839892864, 0.577048182487, 0.516618788242, 0.340682923794, 0.326042413712, 0.373866140842, 0.52955019474, 0.83460021019]
    chords_key: "A#"
    chords_scale: "major"
    key_key: "A#"
    key_scale: "minor"
    chords_progression: ["Dm", "Dm", "Dm", "Dm", "Dm", "A#", "A#", "Dm", "Dm", "Dm", "Dm", "Dm", "Dm", "Dm", "Dm", "Dm", "Dm", "Dm", "A#", "A#", "A#", "A#", "A#", "A#", "A#", "A#", "A#", "A#", "A#", "A#", "A#", "A#", "A#", "A#", "A#", "A#", "A#", "A#", "A#", "A#", "A#", "A#", "A#", "A#", "A#", "A#", "A#", "A#", "A#", "A#", "A#", "A#", "A#", "A#", "A#", "A#", "A#", "A#", "A#", "A#", "A#", "A#", "A#", "A#", "A#", "A#", "A#", "A#", "A#", "A#", "A#", "A#", "A#", "A#", "A#", "A#", "A#", "A#", "A#", "A#", "A#", "A#", "A#", "A#", "A#", "A#", "A#", "A#", "A#", "A#", "A#", "A#", "A#", "A#", "A#", "A#", "A#", "A#", "A#", "A#", "A#", "A#", "A#", "A#", "A#", "A#", "A#", "A#", "A#", "A#", "A#", "A#", "A#m", "A#m", "A#m", "A#m", "A#m", "A#m", "A#m", "A#m", "A#m", "A#m", "A#m", "A#m", "A#m", "A#m", "A#m", "A#m", "A#m", "A#m", "A#m", "A#m", "A#m", "A#m", "A#m", "A#m", "A#m", "A#m", "A#m", "F", "F", "F", "F", "F", "F", "F", "Fm", "C#", "C#", "C#", "C#", "C#", "C#", "C#", "Fm", "C#", "C#", "C#", "Fm", "Fm", "Fm", "C#", "C#", "Fm", "Fm", "Fm", "Fm", "Fm", "Dm", "Dm", "Dm", "Dm", "Dm", "Dm", "Dm", "Dm", "Dm", "Dm", "Dm", "Dm", "Dm", "Dm", "Dm", "Dm", "Dm", "Dm", "Dm", "Dm", "Dm", "Dm", "Dm", "Dm", "Dm", "Dm", "Dm", "Dm", "Dm", "Dm", "Dm", "Dm", "Dm", "Dm", "Dm", "Dm", "Dm", "Dm", "Dm", "Dm", "Dm", "Dm", "Dm", "Dm", "Dm", "Dm", "A#", "A#"]
