
metadata:
    version:
        essentia: "1.2.2"
    audio_properties:
        analysis_sample_rate: 44100
        bitrate: 128
        channels: 2
        equal_loudness: 1
        length: 10.0048980713
        replay_gain: -3.66020011902
        downmix: "mix"
    tags:
        track: 14
        year: 0
        album: "Splitted by Mp3Splt v. 2.1"
        artist: "From 002.10 To 002.20"
        comment: "http://mp3splt.sf.net"
        genre: ""
        title: "10 1000 Years from Today.mp3"

highlevel:
    ballroom:
        all:
            ChaChaCha: 0.153497189283
            Jive: 0.0659144669771
            Quickstep: 0.0162356514484
            Rumba-American: 0.0131104085594
            Rumba-International: 0.389586418867
            Rumba-Misc: 0.0707169100642
            Samba: 0.259963750839
            Tango: 0.00606992794201
            VienneseWaltz: 0.0163529086858
            Waltz: 0.00855235569179
        probability: 0.389586418867
        value: "Rumba-International"
    culture:
        all:
            non_western: 0.594762444496
            western: 0.405237585306
        probability: 0.594762444496
        value: "non_western"
    gender:
        all:
            female: 0.741923511028
            male: 0.258076488972
        probability: 0.741923511028
        value: "female"
    genre_dortmund:
        all:
            alternative: 0.0524464994669
            blues: 0.0253115501255
            electronic: 0.203861102462
            folkcountry: 0.0916411578655
            funksoulrnb: 0.0209456421435
            jazz: 0.265628486872
            pop: 0.0787193700671
            raphiphop: 0.126722678542
            rock: 0.134723499417
        probability: 0.265628486872
        value: "jazz"
    genre_electronica:
        all:
            ambient: 0.0849066898227
            dnb: 0.502174913883
            house: 0.0559312701225
            techno: 0.158373355865
            trance: 0.198613747954
        probability: 0.502174913883
        value: "dnb"
    genre_rosamerica:
        all:
            cla: 0.0242599826306
            dan: 0.275833904743
            hip: 0.155372142792
            jaz: 0.0666800811887
            pop: 0.0392806194723
            rhy: 0.383879214525
            roc: 0.0447079055011
            spe: 0.00998615473509
        probability: 0.383879214525
        value: "rhy"
    genre_tzanetakis:
        all:
            blu: 0.00409150775522
            cla: 0.00569619843736
            cou: 0.0131890857592
            dis: 0.0379505455494
            hip: 0.104585684836
            jaz: 0.0119490539655
            met: 0.016418967396
            pop: 0.287392050028
            reg: 0.490520656109
            roc: 0.0282062422484
        probability: 0.490520656109
        value: "reg"
    live_studio:
        all:
            live: 0.110306583345
            studio: 0.889693439007
        probability: 0.889693439007
        value: "studio"
    mood:
        all:
            Cluster1: 0.183339998126
            Cluster2: 0.0750572532415
            Cluster3: 0.518221259117
            Cluster4: 0.0518882200122
            Cluster5: 0.17149323225
        probability: 0.518221259117
        value: "Cluster3"
    mood_acoustic:
        all:
            acoustic: 0.317635089159
            not_acoustic: 0.682364940643
        probability: 0.682364940643
        value: "not_acoustic"
    mood_aggressive:
        all:
            aggressive: 0.574421644211
            not_aggressive: 0.425578355789
        probability: 0.574421644211
        value: "aggressive"
    mood_electronic:
        all:
            electronic: 0.984385788441
            not_electronic: 0.0156141826883
        probability: 0.984385788441
        value: "electronic"
    mood_happy:
        all:
            happy: 0.0761361792684
            not_happy: 0.923863828182
        probability: 0.923863828182
        value: "not_happy"
    mood_party:
        all:
            not_party: 0.663484215736
            party: 0.336515814066
        probability: 0.663484215736
        value: "not_party"
    mood_relaxed:
        all:
            not_relaxed: 0.614949166775
            relaxed: 0.385050863028
        probability: 0.614949166775
        value: "not_relaxed"
    mood_sad:
        all:
            not_sad: 0.406056314707
            sad: 0.593943715096
        probability: 0.593943715096
        value: "sad"
    rhythm:
        all:
            fast: 0.749354243279
            medium: 0.140765935183
            slow: 0.10987982899
        probability: 0.749354243279
        value: "fast"
    speech_music:
        all:
            music: 0.999776721001
            speech: 0.000223280294449
        probability: 0.999776721001
        value: "music"
    timbre:
        all:
            bright: 0.00651938049123
            dark: 0.993480622768
        probability: 0.993480622768
        value: "dark"
    voice_instrumental:
        all:
            instrumental: 0.906632661819
            voice: 0.0933673381805
        probability: 0.906632661819
        value: "instrumental"

lowlevel:
    average_loudness: 0.950053155422
    barkbands_kurtosis:
        dmean: 4.11317491531
        dmean2: 6.71956825256
        dvar: 29.4892578125
        dvar2: 75.9776916504
        max: 49.1898536682
        mean: 5.4389295578
        min: -1.8539763689
        var: 44.5129241943
    barkbands_skewness:
        dmean: 0.696382284164
        dmean2: 1.12603962421
        dvar: 0.446973770857
        dvar2: 1.11391878128
        max: 6.08419370651
        mean: 1.99921405315
        min: -2.22280788422
        var: 1.20045101643
    barkbands_spread:
        dmean: 6.89149093628
        dmean2: 10.9933824539
        dvar: 51.52759552
        dvar2: 115.115531921
        max: 75.076789856
        mean: 20.0856628418
        min: 2.68970322609
        var: 151.809829712
    dissonance:
        dmean: 0.0260701049119
        dmean2: 0.0430388003588
        dvar: 0.000445576297352
        dvar2: 0.00126469845418
        max: 0.495213836432
        mean: 0.445324063301
        min: 0.355697125196
        var: 0.000914930657018
    hfc:
        dmean: 1.03474533558
        dmean2: 1.52605068684
        dvar: 3.70136499405
        dvar2: 8.09220600128
        max: 34.0867881775
        mean: 1.99401605129
        min: 0.146374925971
        var: 6.82474803925
    pitch:
        dmean: 277.454803467
        dmean2: 533.869445801
        dvar: 750290.8125
        dvar2: 1809661.75
        max: 5512.5
        mean: 541.625610352
        min: 65.5274887085
        var: 1328985.75
    pitch_instantaneous_confidence:
        dmean: 0.0952092260122
        dmean2: 0.148571178317
        dvar: 0.00558831915259
        dvar2: 0.012923319824
        max: 0.819823980331
        mean: 0.418190956116
        min: 0.129848778248
        var: 0.0223369952291
    pitch_salience:
        dmean: 0.0866910368204
        dmean2: 0.145525351167
        dvar: 0.00476759718731
        dvar2: 0.0142829893157
        max: 0.842119812965
        mean: 0.55798625946
        min: 0.240802466869
        var: 0.0106771476567
    silence_rate_20dB:
        dmean: 0
        dmean2: 0
        dvar: 0
        dvar2: 0
        max: 1
        mean: 1
        min: 1
        var: 0
    silence_rate_30dB:
        dmean: 0
        dmean2: 0
        dvar: 0
        dvar2: 0
        max: 1
        mean: 1
        min: 1
        var: 0
    silence_rate_60dB:
        dmean: 0.148837208748
        dmean2: 0.298368304968
        dvar: 0.126684486866
        dvar2: 0.255965858698
        max: 1
        mean: 0.605568468571
        min: 0
        var: 0.238855943084
    spectral_centroid:
        dmean: 205.737503052
        dmean2: 325.559356689
        dvar: 77226.46875
        dvar2: 156321.453125
        max: 3570.86450195
        mean: 644.610717773
        min: 154.269271851
        var: 311220.125
    spectral_complexity:
        dmean: 1.88084113598
        dmean2: 2.96487116814
        dvar: 4.20776605606
        dvar2: 9.82314109802
        max: 22
        mean: 5.69930076599
        min: 0
        var: 9.9025850296
    spectral_crest:
        dmean: 2.74434280396
        dmean2: 4.69059514999
        dvar: 5.66818857193
        dvar2: 16.2791290283
        max: 19.0851726532
        mean: 10.17491436
        min: 3.26034259796
        var: 10.9055242538
    spectral_decrease:
        dmean: 5.24848664529e-10
        dmean2: 8.52523274197e-10
        dvar: 7.93632389956e-19
        dvar2: 2.1197299358e-18
        max: -5.90841750525e-11
        mean: -8.90750806448e-10
        min: -6.99378421842e-09
        var: 9.43498026507e-19
    spectral_energy:
        dmean: 0.00205866084434
        dmean2: 0.00332907424308
        dvar: 1.19726355479e-05
        dvar2: 3.18873862852e-05
        max: 0.0274907480925
        mean: 0.00354276085272
        min: 0.000238885302679
        var: 1.43806255437e-05
    spectral_energyband_high:
        dmean: 6.40088546788e-05
        dmean2: 9.56386065809e-05
        dvar: 4.89481877253e-08
        dvar2: 1.00579065077e-07
        max: 0.00453404104337
        mean: 0.000102906618849
        min: 2.58018076238e-06
        var: 1.03791457207e-07
    spectral_energyband_low:
        dmean: 0.000608801958151
        dmean2: 0.00106330122799
        dvar: 1.13153350867e-06
        dvar2: 3.04285731545e-06
        max: 0.00759072741494
        mean: 0.000778994057328
        min: 4.79450754938e-05
        var: 9.75132365966e-07
    spectral_energyband_middle_high:
        dmean: 0.000215547086555
        dmean2: 0.000311295414576
        dvar: 1.30100303863e-07
        dvar2: 3.11094908056e-07
        max: 0.00389930722304
        mean: 0.000367708795238
        min: 1.70795883605e-05
        var: 1.99618540364e-07
    spectral_energyband_middle_low:
        dmean: 0.00154365005437
        dmean2: 0.00262654665858
        dvar: 8.73497810971e-06
        dvar2: 2.47800853685e-05
        max: 0.0226289927959
        mean: 0.0022931303829
        min: 9.6710959042e-05
        var: 8.9899294835e-06
    spectral_flatness_db:
        dmean: 0.0274986084551
        dmean2: 0.043649982661
        dvar: 0.000604753673542
        dvar2: 0.00139684509486
        max: 0.295194625854
        mean: 0.172083467245
        min: 0.0412946380675
        var: 0.0015043473104
    spectral_flux:
        dmean: 0.0129975872114
        dmean2: 0.01996245794
        dvar: 0.000288112001726
        dvar2: 0.000467892066808
        max: 0.123280376196
        mean: 0.0328039005399
        min: 0.00627535162494
        var: 0.0005344338133
    spectral_kurtosis:
        dmean: 1.44726419449
        dmean2: 2.38781642914
        dvar: 3.44560599327
        dvar2: 8.37426948547
        max: 16.0077857971
        mean: 4.50869464874
        min: -0.499334573746
        var: 7.72463035583
    spectral_rms:
        dmean: 0.000460162351374
        dmean2: 0.000702400808223
        dvar: 3.282996488e-07
        dvar2: 8.16343060706e-07
        max: 0.00517882639542
        mean: 0.00166907720268
        min: 0.00048276167945
        var: 6.70534461733e-07
    spectral_rolloff:
        dmean: 487.867614746
        dmean2: 822.094421387
        dvar: 541729.4375
        dvar2: 1166081.125
        max: 6136.96289062
        mean: 1064.46374512
        min: 150.732421875
        var: 1339366.625
    spectral_skewness:
        dmean: 0.233497813344
        dmean2: 0.36083766818
        dvar: 0.0623874813318
        dvar2: 0.13265684247
        max: 3.25273084641
        mean: 1.78731071949
        min: 0.100529976189
        var: 0.243630453944
    spectral_spread:
        dmean: 699597.0625
        dmean2: 1008858.375
        dvar: 952879677440
        dvar2: 1.37946293862e+12
        max: 17437908
        mean: 5452960.5
        min: 2451790.25
        var: 2.87804175155e+12
    spectral_strongpeak:
        dmean: 0.139702364802
        dmean2: 0.237954229116
        dvar: 0.127349838614
        dvar2: 0.331429183483
        max: 4.07642126083
        mean: 0.241835057735
        min: 0.00766502739862
        var: 0.147541254759
    zerocrossingrate:
        dmean: 0.00935492105782
        dmean2: 0.0117587726563
        dvar: 9.47509979596e-05
        dvar2: 0.000109202475869
        max: 0.19384765625
        mean: 0.0476353056729
        min: 0.009765625
        var: 0.000837106606923
    barkbands:
        dmean: [9.35045420647e-07, 0.000201767645194, 0.000481857772684, 0.000824022979941, 0.000648943416309, 0.000186686374946, 6.78409414832e-05, 9.108530503e-05, 6.55448166071e-05, 4.07742481912e-05, 2.28690478252e-05, 2.87610910163e-05, 1.42443559525e-05, 1.93761006813e-05, 2.222277908e-05, 2.14398223761e-05, 2.29942397709e-05, 2.03779163712e-05, 4.15861613874e-05, 6.30179783911e-05, 2.57599731412e-05, 8.96546316653e-06, 1.76822061349e-06, 1.12146165065e-06, 3.87591938988e-07, 1.56094532855e-08, 7.45666972612e-10]
        dmean2: [1.32020181809e-06, 0.000349906593328, 0.000871161057148, 0.00146511639468, 0.00117680418771, 0.000307210953906, 0.000111431552796, 0.000138612042065, 0.000101120451291, 6.53561291983e-05, 3.45334447047e-05, 4.4645552407e-05, 2.2791675292e-05, 3.12952834065e-05, 3.55425763701e-05, 3.41087688867e-05, 3.68593791791e-05, 3.25777618855e-05, 6.43224993837e-05, 9.6752497484e-05, 3.58044635504e-05, 1.34170704769e-05, 2.52205722973e-06, 1.66456459283e-06, 6.08024947724e-07, 2.30345040819e-08, 8.94580964861e-10]
        dvar: [3.11742168538e-12, 1.15201736151e-07, 8.58147359395e-07, 2.11491192204e-06, 3.01571776617e-06, 6.83631498077e-08, 1.02843298322e-08, 3.63325654007e-08, 2.42020643526e-08, 4.89496976286e-09, 1.18031151519e-09, 5.84163206696e-09, 8.3224011016e-10, 1.3190900594e-09, 2.28183449913e-09, 2.1919490667e-09, 1.8996875184e-09, 1.44684031422e-09, 7.97877763858e-09, 7.93409071775e-08, 4.17891898863e-09, 4.00141669799e-10, 1.48080783746e-11, 5.9952784924e-12, 1.00305397668e-12, 6.31928242085e-16, 1.39459541077e-16]
        dvar2: [7.12605235237e-12, 2.89838197887e-07, 2.36487971961e-06, 5.91282514506e-06, 8.77076945471e-06, 1.72556241296e-07, 2.39799629043e-08, 7.41253245451e-08, 5.57069164131e-08, 1.22243184464e-08, 2.49860820922e-09, 1.51440904261e-08, 2.08136996527e-09, 3.33145155906e-09, 5.86933612823e-09, 5.45745715286e-09, 5.19453857706e-09, 3.73399311471e-09, 1.66703326698e-08, 1.79615810225e-07, 7.05168323734e-09, 7.18636927743e-10, 2.70638008532e-11, 1.38309919073e-11, 2.56366932891e-12, 1.24404459529e-15, 1.39423449533e-16]
        max: [1.42733242683e-05, 0.00310640619136, 0.00585660059005, 0.0112667996436, 0.014813403599, 0.00188188476022, 0.000952212198172, 0.00308542978019, 0.00199824757874, 0.000611500057857, 0.000367429922335, 0.000998850446194, 0.000260081258602, 0.00031314289663, 0.00040954106953, 0.000689626496751, 0.000392224697862, 0.000366283289623, 0.00128339289222, 0.00565075594932, 0.00112725759391, 0.000319119222695, 6.02283835178e-05, 3.24831853504e-05, 1.26854229165e-05, 3.02747082515e-07, 2.45084692096e-07]
        mean: [1.94261178876e-06, 0.000301357620629, 0.000475720240502, 0.00106619379949, 0.000571212556679, 0.00026342831552, 0.000110095083073, 0.000156700974912, 0.000113419191621, 5.00567075505e-05, 3.18535239785e-05, 4.43317840109e-05, 1.69073828147e-05, 2.35326933762e-05, 3.14290628012e-05, 2.73573386949e-05, 2.83268018393e-05, 2.80622407445e-05, 5.81630338274e-05, 7.76544766268e-05, 4.1107465222e-05, 1.74910892383e-05, 3.72156341655e-06, 1.9182939468e-06, 7.55043743084e-07, 2.56824321809e-08, 7.52766460277e-10]
        min: [7.42358285954e-10, 1.26799750433e-05, 7.89920886746e-06, 2.50551738645e-06, 6.48690729577e-06, 3.63727940567e-06, 3.45843159266e-06, 1.17025251711e-06, 9.38117182159e-07, 2.65378929498e-07, 2.95368067782e-07, 4.65795210403e-07, 1.87874285018e-08, 1.05606353884e-07, 2.7581370432e-07, 1.05855491483e-07, 9.07739320155e-07, 1.22634639865e-06, 6.29617375125e-07, 1.50832238432e-06, 7.08609945832e-07, 3.05489550101e-07, 2.64682338269e-08, 1.74382499551e-08, 3.13495851501e-09, 6.47115694363e-11, 5.21003249224e-12]
        var: [5.0554534517e-12, 1.31265835535e-07, 6.51788809591e-07, 2.86667977889e-06, 1.87777516203e-06, 1.16347948165e-07, 2.00709919795e-08, 7.68421841713e-08, 4.58022348937e-08, 6.10713035698e-09, 2.25277685395e-09, 1.11249898183e-08, 9.10102937457e-10, 1.53050172536e-09, 3.27091087549e-09, 2.76389977572e-09, 1.9851478239e-09, 1.5815829757e-09, 1.33875461827e-08, 1.08045526304e-07, 1.34774467142e-08, 1.78913728277e-09, 5.60450574838e-11, 1.52389923597e-11, 1.63482964145e-12, 1.50282110161e-15, 1.39537534283e-16]
    mfcc:
        mean: [-770.151367188, 136.918045044, -3.31104445457, 54.5017356873, -9.51443195343, 1.74211549759, 1.83758819103, -0.929713308811, 1.10803246498, 0.811648488045, 0.359831690788, -1.86223042011, -1.77800285816]
        cov: [[2517.57739258, -489.398223877, -201.305679321, -56.0801315308, -58.4552459717, 88.0919723511, -46.2332878113, -104.120666504, -41.2082481384, -48.7513580322, -195.647338867, -221.403488159, -19.0222511292], [-489.398223877, 847.725097656, -278.399597168, 33.4687309265, 70.0990066528, -26.0030460358, 61.7233581543, -4.96328401566, -37.2559432983, -15.9209337234, 39.0546684265, -4.57247591019, -15.1246957779], [-201.305679321, -278.399597168, 410.779022217, -29.7353096008, -21.2850589752, -15.7371492386, -57.9594497681, 31.0560283661, -29.9774456024, -7.8593788147, -10.6581335068, 7.63650274277, 1.02428734303], [-56.0801315308, 33.4687309265, -29.7353096008, 208.098236084, 5.70980453491, 4.88025760651, -13.5735292435, -21.6345252991, 9.01714324951, -15.8204240799, 1.36057710648, -11.5156021118, -3.56993556023], [-58.4552459717, 70.0990066528, -21.2850589752, 5.70980453491, 140.613830566, 20.8766536713, -29.5057811737, 10.988694191, -9.22046470642, -3.84858369827, -2.00254607201, 5.63800144196, 1.11128878593], [88.0919723511, -26.0030460358, -15.7371492386, 4.88025760651, 20.8766536713, 88.1558914185, 15.1232423782, -4.74919271469, 12.9837770462, -12.0498390198, -1.94632804394, 5.34266614914, -5.57312107086], [-46.2332878113, 61.7233581543, -57.9594497681, -13.5735292435, -29.5057811737, 15.1232423782, 135.282806396, 30.0325241089, -7.78930568695, -6.52028512955, 3.10539317131, 7.98953390121, -0.868040919304], [-104.120666504, -4.96328401566, 31.0560283661, -21.6345252991, 10.988694191, -4.74919271469, 30.0325241089, 65.9574203491, 12.4135894775, -2.33208060265, 1.17429995537, 10.8857498169, -2.30272912979], [-41.2082481384, -37.2559432983, -29.9774456024, 9.01714324951, -9.22046470642, 12.9837770462, -7.78930568695, 12.4135894775, 102.14642334, 38.175819397, 18.1801719666, 24.4555931091, -5.03796005249], [-48.7513580322, -15.9209337234, -7.8593788147, -15.8204240799, -3.84858369827, -12.0498390198, -6.52028512955, -2.33208060265, 38.175819397, 75.8052444458, 37.3935585022, 10.6112241745, -1.66677105427], [-195.647338867, 39.0546684265, -10.6581335068, 1.36057710648, -2.00254607201, -1.94632804394, 3.10539317131, 1.17429995537, 18.1801719666, 37.3935585022, 95.7255783081, 40.5895385742, -3.40077137947], [-221.403488159, -4.57247591019, 7.63650274277, -11.5156021118, 5.63800144196, 5.34266614914, 7.98953390121, 10.8857498169, 24.4555931091, 10.6112241745, 40.5895385742, 81.0503540039, 16.8225288391], [-19.0222511292, -15.1246957779, 1.02428734303, -3.56993556023, 1.11128878593, -5.57312107086, -0.868040919304, -2.30272912979, -5.03796005249, -1.66677105427, -3.40077137947, 16.8225288391, 62.9947013855]]
        icov: [[0.000958399730735, 0.000807349395473, 0.00105219136458, 0.000472134735901, 0.000243574235355, -0.000804142036941, 0.000365706131561, 0.000543401925825, 0.00037082133349, 9.24828127609e-05, 0.000718445749953, 0.00208373996429, -4.32115884905e-05], [0.000807349395473, 0.00250431336462, 0.00205749832094, 0.000283081957605, -0.000762852781918, 0.00040246694698, -0.000266655202722, 0.000417273811763, 0.000965995481238, 0.000808909011539, -0.000450573104899, 0.00192500837147, 0.000448560749646], [0.00105219136458, 0.00205749832094, 0.00526388408616, 0.000467317324365, 0.00133991299663, -0.00104980182368, 0.00286378944293, -0.0029260488227, 0.003260234138, -0.000437675917055, 0.00092919904273, 0.00113866198808, 0.000563843874261], [0.000472134735901, 0.000283081957605, 0.000467317324365, 0.0056623024866, -0.000472654821351, 9.69394022832e-05, 2.32901311392e-05, 0.00253201392479, -0.00188685732428, 0.00275535252877, -0.000999916926958, 0.00249372818507, -0.000164306198712], [0.000243574235355, -0.000762852781918, 0.00133991299663, -0.000472654821351, 0.0102277565747, -0.00454824836925, 0.00502579519525, -0.00536719383672, 0.00373858213425, -0.00250517483801, 0.00187463604379, -0.00146660895552, -0.000142366930959], [-0.000804142036941, 0.00040246694698, -0.00104980182368, 9.69394022832e-05, -0.00454824836925, 0.0157931838185, -0.00460161082447, 0.00473333382979, -0.00504059717059, 0.00529807852581, -0.00207260553725, -0.00140674749855, 0.00146427960135], [0.000365706131561, -0.000266655202722, 0.00286378944293, 2.32901311392e-05, 0.00502579519525, -0.00460161082447, 0.0125766182318, -0.0084525924176, 0.00475322827697, -0.00203855033033, 0.00132553710137, -0.00128757022321, 0.000111321016448], [0.000543401925825, 0.000417273811763, -0.0029260488227, 0.00253201392479, -0.00536719383672, 0.00473333382979, -0.0084525924176, 0.0247452557087, -0.00754824886099, 0.00509290304035, -0.000606003333814, 0.00144845899194, 0.000868418777827], [0.00037082133349, 0.000965995481238, 0.003260234138, -0.00188685732428, 0.00373858213425, -0.00504059717059, 0.00475322827697, -0.00754824886099, 0.0182226076722, -0.0101612005383, 0.00349213043228, -0.00527361035347, 0.00224695983343], [9.24828127609e-05, 0.000808909011539, -0.000437675917055, 0.00275535252877, -0.00250517483801, 0.00529807852581, -0.00203855033033, 0.00509290304035, -0.0101612005383, 0.0238391794264, -0.00975793227553, 0.00511595932767, -0.00101846386679], [0.000718445749953, -0.000450573104899, 0.00092919904273, -0.000999916926958, 0.00187463604379, -0.00207260553725, 0.00132553710137, -0.000606003333814, 0.00349213043228, -0.00975793227553, 0.0189209394157, -0.00822120718658, 0.00305466237478], [0.00208373996429, 0.00192500837147, 0.00113866198808, 0.00249372818507, -0.00146660895552, -0.00140674749855, -0.00128757022321, 0.00144845899194, -0.00527361035347, 0.00511595932767, -0.00822120718658, 0.0248410068452, -0.00621309038252], [-4.32115884905e-05, 0.000448560749646, 0.000563843874261, -0.000164306198712, -0.000142366930959, 0.00146427960135, 0.000111321016448, 0.000868418777827, 0.00224695983343, -0.00101846386679, 0.00305466237478, -0.00621309038252, 0.0180926974863]]
    spectral_contrast:
        mean: [1.45692283127e-07, -3.99404967766e-07, -1.13929621293e-08, -4.82789808132e-08, 7.69719648019e-08, 3.09833012579e-08, 1.62099627232e-06, -1.21967218547e-06, -4.21539607487e-06, 2.77682624983e-06, 1.11949748316e-06, -2.29276429309e-06]
        var: [0.000574993900955, 0.000899485195987, 0.00124550354667, 0.00247696042061, 0.00317702908069, 0.0057888571173, 0.0806362256408, 0.12540923059, 0.137081384659, 0.169644266367, 0.496120810509, 1.71384871006]

rhythm:
    beats_loudness:
        dmean: 0.00276666809805
        dmean2: 0.00467927660793
        dvar: 9.69553366303e-06
        dvar2: 2.45174232987e-05
        max: 0.0154614178464
        mean: 0.00595172867179
        min: 0.00276995752938
        var: 9.40630070545e-06
    beats_loudness_bass:
        dmean: 0.230081439018
        dmean2: 0.40434896946
        dvar: 0.0119209839031
        dvar2: 0.0459345020354
        max: 0.868246018887
        mean: 0.595365047455
        min: 0.371421307325
        var: 0.0244561880827
    bpm: 123.139091492
    bpm_confidence: 0
    first_peak_bpm: 123
    first_peak_spread: 0
    first_peak_weight: 0.947368443012
    onset_rate: 5.09750318527
    second_peak_bpm: 114
    second_peak_spread: 0
    second_peak_weight: 0.0526315793395
    beats_position: [0.440846711397, 0.928628444672, 1.41641032696, 1.90419209003, 2.39197397232, 2.8797557354, 3.36753749847, 3.85531926155, 4.34310102463, 4.83088254929, 5.31866407394, 5.8064455986, 6.33182811737, 6.8185005188, 7.30517339706, 7.79184579849, 8.27851772308, 8.76519107819, 9.25186347961, 9.73853588104]
    bpm_estimates: [122.921829224, 123.030448914, 123.091072083, 122.56035614, 123.089157104, 123.577987671, 123.002861023, 122.831756592, 122.951629639, 123.32535553, 123.016967773, 123.109909058, 123.012878418, 124.657661438, 123.092247009, 123.056602478, 123.035667419]
    bpm_intervals: [0.487781733274, 0.487781882286, 0.487781763077, 0.487781882286, 0.487781763077, 0.487781763077, 0.487781763077, 0.487781763077, 0.487781524658, 0.487781524658, 0.487781524658, 0.525382518768, 0.486672401428, 0.486672878265, 0.486672401428, 0.486671924591, 0.486673355103, 0.486672401428, 0.486672401428]
    onset_times: [0.0580498874187, 0.197369620204, 0.441179126501, 0.522448956966, 0.9287981987, 1.18421769142, 1.4164172411, 1.54412698746, 1.67183673382, 1.91564631462, 2.15945577621, 2.40326523781, 2.53097510338, 2.65868473053, 2.89088439941, 3.11147403717, 3.29723358154, 3.39011335373, 3.64553284645, 3.88934230804, 4.12154197693, 4.2492518425, 4.36535167694, 4.62077093124, 4.74848079681, 4.85297060013, 5.0967798233, 5.34058952332, 5.58439922333, 5.8282084465, 6.01396846771, 6.08362817764, 6.32743787766, 6.57124710083, 7.07047605515, 7.19818592072, 7.30267572403, 7.51165533066, 7.80190467834, 8.04571437836, 8.28952407837, 8.53333377838, 8.67265319824, 8.77714252472, 8.95129299164, 9.02095222473, 9.26476192474, 9.52018165588, 9.64789104462, 9.75238132477, 10.0078001022]
    rubato_start: []
    rubato_stop: []
    perceptual_tempo: "unknown"

sfx:
    inharmonicity:
        dmean: 0.0238896012306
        dmean2: 0.0427247695625
        dvar: 0.00139357557055
        dvar2: 0.00371685111895
        max: 0.31222641468
        mean: 0.0222280640155
        min: 1.41023065225e-05
        var: 0.00158061587717
    oddtoevenharmonicenergyratio:
        dmean: 1.48204505444
        dmean2: 2.88734912872
        dvar: 40.3319473267
        dvar2: 120.467353821
        max: 76.6926574707
        mean: 0.911615252495
        min: 9.74658323685e-05
        var: 21.2061481476
    pitch_after_max_to_before_max_energy_ratio: 0.092665925622
    pitch_centroid: 181.886169434
    pitch_max_to_total: 0.748251736164
    pitch_min_to_total: 0.815850794315
    tristimulus:
        dmean: [0.209677383304, 0.210231885314, 0.0727578401566]
        dmean2: [0.366691112518, 0.36699616909, 0.124831020832]
        dvar: [0.0307430811226, 0.0290388055146, 0.0098687345162]
        dvar2: [0.0840488746762, 0.0766152217984, 0.0279349200428]
        max: [0.975347042084, 0.968370854855, 0.894176363945]
        mean: [0.583795070648, 0.315073639154, 0.080571167171]
        min: [0.0124738262966, 0, 0]
        var: [0.0543481148779, 0.0449226014316, 0.0134923066944]

tonal:
    chords_changes_rate: 0
    chords_number_rate: 0.00462962966412
    chords_strength:
        dmean: 0.00950642861426
        dmean2: 0.010932139121
        dvar: 5.82721550018e-05
        dvar2: 7.20152893336e-05
        max: 0.697301983833
        mean: 0.549171745777
        min: 0.353651195765
        var: 0.0078056785278
    key_strength: 0.622439622879
    tuning_diatonic_strength: 0.544102370739
    tuning_equal_tempered_deviation: 0.226670727134
    tuning_frequency: 434.946166992
    tuning_nontempered_energy_ratio: 0.943854093552
    hpcp:
        dmean: [0.0713631510735, 0.0677196085453, 0.0767846629024, 0.0789450854063, 0.0859965384007, 0.0950654670596, 0.0926566272974, 0.0931480675936, 0.150941863656, 0.21536642313, 0.194790527225, 0.142165929079, 0.124480888247, 0.145466908813, 0.161565750837, 0.239029467106, 0.249221742153, 0.248516261578, 0.227374970913, 0.228847190738, 0.190738901496, 0.153085261583, 0.124177515507, 0.128843918443, 0.177305653691, 0.146043643355, 0.0946644991636, 0.0884118378162, 0.0814664289355, 0.122955493629, 0.162631347775, 0.145679816604, 0.0976900979877, 0.070093460381, 0.0849741101265, 0.0852905213833]
        dmean2: [0.124490402639, 0.112246885896, 0.130956083536, 0.140573993325, 0.147669002414, 0.165950775146, 0.16623942554, 0.171081900597, 0.274720311165, 0.362052768469, 0.319883286953, 0.252903163433, 0.237699747086, 0.277177065611, 0.308188080788, 0.422753602266, 0.441955536604, 0.436416059732, 0.402869641781, 0.397275239229, 0.345656096935, 0.27894988656, 0.231987282634, 0.231461316347, 0.316847771406, 0.257070064545, 0.168618604541, 0.16658590734, 0.151843011379, 0.21732853353, 0.278235405684, 0.256627827883, 0.180365875363, 0.124436043203, 0.14942792058, 0.151725918055]
        dvar: [0.016749471426, 0.00870846398175, 0.0174988806248, 0.0194269586354, 0.0271372906864, 0.0358072407544, 0.0301000475883, 0.0313140265644, 0.0456317588687, 0.0550545677543, 0.0443183593452, 0.0388746634126, 0.0566683597863, 0.0681511312723, 0.0711616873741, 0.0756819248199, 0.0905619487166, 0.0701364949346, 0.0792656764388, 0.0782226100564, 0.067266702652, 0.0545167028904, 0.0525925569236, 0.047602172941, 0.0674275830388, 0.0409778207541, 0.0328767448664, 0.0510086193681, 0.0317842178047, 0.0465264581144, 0.0491692088544, 0.0344567783177, 0.0308499522507, 0.0177981965244, 0.0241649355739, 0.033769633621]
        dvar2: [0.046250090003, 0.0213732291013, 0.0450603030622, 0.0506034344435, 0.0688424184918, 0.0883184596896, 0.078897215426, 0.088425591588, 0.128875151277, 0.135357961059, 0.103128559887, 0.0988132208586, 0.157763972878, 0.197719290853, 0.205062866211, 0.219005778432, 0.208153784275, 0.187899127603, 0.203285709023, 0.194553360343, 0.170917615294, 0.140044540167, 0.146609425545, 0.132429301739, 0.176333621144, 0.0989233031869, 0.087537035346, 0.142317742109, 0.0934328809381, 0.125068619847, 0.128076791763, 0.0846105664968, 0.0904974192381, 0.0537028349936, 0.0691155344248, 0.0958480462432]
        max: [0.991948723793, 0.603567898273, 1, 0.771771490574, 1, 1, 1, 1, 1, 1, 1, 1, 1, 1, 1, 1, 1, 1, 1, 1, 1, 1, 1, 1, 1, 1, 1, 1, 1, 1, 1, 1, 1, 0.876331627369, 1, 1]
        mean: [0.0668371096253, 0.0723326280713, 0.071249499917, 0.0751532390714, 0.085325486958, 0.0835088342428, 0.0727713555098, 0.0701873004436, 0.133461177349, 0.269353598356, 0.271371811628, 0.142122611403, 0.0923604294658, 0.099118694663, 0.12039192766, 0.227950066328, 0.300037175417, 0.261296033859, 0.311350405216, 0.305071890354, 0.178851395845, 0.109965331852, 0.0826627314091, 0.103940360248, 0.177057668567, 0.157771766186, 0.0790232792497, 0.0600144900382, 0.05698659271, 0.111632116139, 0.218735635281, 0.204659074545, 0.0924758836627, 0.0589127875865, 0.0697197318077, 0.0676781982183]
        min: [0.00023252684332, 0.000630157068372, 0.000638438097667, 0.00197712518275, 0.00126927322708, 0.000824737071525, 0.000742191274185, 0.000582606939133, 0.000511650112458, 0.00249190675095, 0.00533348694444, 0.00171730690636, 0.00019409385277, 0.000225209150813, 0.000309174356516, 0.000916889985092, 0.00145187031012, 0.00105851353146, 0.00148326030467, 0.00365941831842, 0.000552328419872, 0.000223638009629, 0.000291120901238, 0.00053127243882, 0.00148578057997, 0.00138567527756, 0.000626688823104, 0.000155892790644, 0.000143219105667, 0.000668721389957, 0.000864582136273, 0.000601042353082, 0.00105034816079, 0.000252532481682, 0.000236683932599, 0.000509697012603]
        var: [0.0136114116758, 0.0106397848576, 0.015742931515, 0.0158325601369, 0.0226068645716, 0.030633283779, 0.0238358397037, 0.0238552782685, 0.0436220690608, 0.0860267132521, 0.0776224806905, 0.0436214245856, 0.0430607460439, 0.0490078143775, 0.0564393363893, 0.0840211585164, 0.120824016631, 0.082805223763, 0.128043666482, 0.117971532047, 0.0660653114319, 0.0423398911953, 0.0350855886936, 0.0400503724813, 0.0768931508064, 0.0558421574533, 0.0256640464067, 0.0333412215114, 0.0201395191252, 0.0433670803905, 0.0755998715758, 0.0609425976872, 0.0225488580763, 0.0127835487947, 0.0177909377962, 0.0233632493764]
    chords_histogram: [100, 0, 0, 0, 0, 0, 0, 0, 0, 0, 0, 0, 0, 0, 0, 0, 0, 0, 0, 0, 0, 0, 0, 0]
    thpcp: [1, 0.97983455658, 0.57443767786, 0.353188335896, 0.265497416258, 0.333837240934, 0.568676531315, 0.506733775139, 0.253808170557, 0.192755460739, 0.183030411601, 0.358541727066, 0.702538490295, 0.65732717514, 0.297015458345, 0.189216986299, 0.223926901817, 0.217369869351, 0.21466845274, 0.232319042087, 0.228840231895, 0.241378322244, 0.274049699306, 0.268214941025, 0.233728155494, 0.225428640842, 0.428652644157, 0.865114033222, 0.871596157551, 0.456471592188, 0.296644628048, 0.318350940943, 0.386676639318, 0.732133507729, 0.963663995266, 0.83923459053]
    chords_key: "C"
    chords_scale: "minor"
    key_key: "C"
    key_scale: "minor"
    chords_progression: ["Cm", "Cm", "Cm", "Cm", "Cm", "Cm", "Cm", "Cm", "Cm", "Cm", "Cm", "Cm", "Cm", "Cm", "Cm", "Cm", "Cm", "Cm", "Cm", "Cm", "Cm", "Cm", "Cm", "Cm", "Cm", "Cm", "Cm", "Cm", "Cm", "Cm", "Cm", "Cm", "Cm", "Cm", "Cm", "Cm", "Cm", "Cm", "Cm", "Cm", "Cm", "Cm", "Cm", "Cm", "Cm", "Cm", "Cm", "Cm", "Cm", "Cm", "Cm", "Cm", "Cm", "Cm", "Cm", "Cm", "Cm", "Cm", "Cm", "Cm", "Cm", "Cm", "Cm", "Cm", "Cm", "Cm", "Cm", "Cm", "Cm", "Cm", "Cm", "Cm", "Cm", "Cm", "Cm", "Cm", "Cm", "Cm", "Cm", "Cm", "Cm", "Cm", "Cm", "Cm", "Cm", "Cm", "Cm", "Cm", "Cm", "Cm", "Cm", "Cm", "Cm", "Cm", "Cm", "Cm", "Cm", "Cm", "Cm", "Cm", "Cm", "Cm", "Cm", "Cm", "Cm", "Cm", "Cm", "Cm", "Cm", "Cm", "Cm", "Cm", "Cm", "Cm", "Cm", "Cm", "Cm", "Cm", "Cm", "Cm", "Cm", "Cm", "Cm", "Cm", "Cm", "Cm", "Cm", "Cm", "Cm", "Cm", "Cm", "Cm", "Cm", "Cm", "Cm", "Cm", "Cm", "Cm", "Cm", "Cm", "Cm", "Cm", "Cm", "Cm", "Cm", "Cm", "Cm", "Cm", "Cm", "Cm", "Cm", "Cm", "Cm", "Cm", "Cm", "Cm", "Cm", "Cm", "Cm", "Cm", "Cm", "Cm", "Cm", "Cm", "Cm", "Cm", "Cm", "Cm", "Cm", "Cm", "Cm", "Cm", "Cm", "Cm", "Cm", "Cm", "Cm", "Cm", "Cm", "Cm", "Cm", "Cm", "Cm", "Cm", "Cm", "Cm", "Cm", "Cm", "Cm", "Cm", "Cm", "Cm", "Cm", "Cm", "Cm", "Cm", "Cm", "Cm", "Cm", "Cm", "Cm", "Cm", "Cm", "Cm", "Cm", "Cm", "Cm", "Cm", "Cm", "Cm", "Cm", "Cm", "Cm", "Cm", "Cm", "Cm"]
