
metadata:
    version:
        essentia: "1.2.2"
    audio_properties:
        analysis_sample_rate: 44100
        bitrate: 128
        channels: 2
        equal_loudness: 1
        length: 10.0310201645
        replay_gain: -9.98125648499
        downmix: "mix"
    tags:
        track: 29
        year: 0
        album: "Splitted by Mp3Splt v. 2.1"
        artist: "From 004.40 To 004.50"
        comment: "http://mp3splt.sf.net"
        genre: ""
        title: "08 In Answer.mp3"

highlevel:
    ballroom:
        all:
            ChaChaCha: 0.0157001595944
            Jive: 0.0643881186843
            Quickstep: 0.0373696610332
            Rumba-American: 0.00392493559048
            Rumba-International: 0.00728004099801
            Rumba-Misc: 0.00921322032809
            Samba: 0.0172143466771
            Tango: 0.183680310845
            VienneseWaltz: 0.557404220104
            Waltz: 0.103824980557
        probability: 0.557404220104
        value: "VienneseWaltz"
    culture:
        all:
            non_western: 0.0680561289191
            western: 0.931943893433
        probability: 0.931943893433
        value: "western"
    gender:
        all:
            female: 0.761196494102
            male: 0.238803490996
        probability: 0.761196494102
        value: "female"
    genre_dortmund:
        all:
            alternative: 0.0843522325158
            blues: 0.000878518214449
            electronic: 0.718326449394
            folkcountry: 0.0171635653824
            funksoulrnb: 0.00280752265826
            jazz: 0.00605706265196
            pop: 0.0353920832276
            raphiphop: 0.00103484385181
            rock: 0.13398770988
        probability: 0.718326449394
        value: "electronic"
    genre_electronica:
        all:
            ambient: 0.626314818859
            dnb: 0.0355736352503
            house: 0.00385627662763
            techno: 0.00146347621921
            trance: 0.332791775465
        probability: 0.626314818859
        value: "ambient"
    genre_rosamerica:
        all:
            cla: 0.293310701847
            dan: 0.0235651955009
            hip: 0.0063877152279
            jaz: 0.00760478526354
            pop: 0.0238123014569
            rhy: 0.0134718324989
            roc: 0.628134787083
            spe: 0.00371265527792
        probability: 0.628134787083
        value: "roc"
    genre_tzanetakis:
        all:
            blu: 0.00984487775713
            cla: 0.314907997847
            cou: 0.0359509475529
            dis: 0.0264171045274
            hip: 0.00471607642248
            jaz: 0.0305955000222
            met: 0.0230828933418
            pop: 0.0457094162703
            reg: 0.0179378371686
            roc: 0.490837335587
        probability: 0.490837335587
        value: "roc"
    live_studio:
        all:
            live: 0.717517137527
            studio: 0.282482862473
        probability: 0.717517137527
        value: "live"
    mood:
        all:
            Cluster1: 0.390314519405
            Cluster2: 0.158719465137
            Cluster3: 0.157968908548
            Cluster4: 0.0504490323365
            Cluster5: 0.2425480932
        probability: 0.390314519405
        value: "Cluster1"
    mood_acoustic:
        all:
            acoustic: 0.283334493637
            not_acoustic: 0.716665506363
        probability: 0.716665506363
        value: "not_acoustic"
    mood_aggressive:
        all:
            aggressive: 0.378651052713
            not_aggressive: 0.621348917484
        probability: 0.621348917484
        value: "not_aggressive"
    mood_electronic:
        all:
            electronic: 0.703886628151
            not_electronic: 0.296113401651
        probability: 0.703886628151
        value: "electronic"
    mood_happy:
        all:
            happy: 0.720131456852
            not_happy: 0.279868543148
        probability: 0.720131456852
        value: "happy"
    mood_party:
        all:
            not_party: 0.833440482616
            party: 0.166559532285
        probability: 0.833440482616
        value: "not_party"
    mood_relaxed:
        all:
            not_relaxed: 0.405726015568
            relaxed: 0.594273984432
        probability: 0.594273984432
        value: "relaxed"
    mood_sad:
        all:
            not_sad: 0.453393667936
            sad: 0.546606361866
        probability: 0.546606361866
        value: "sad"
    rhythm:
        all:
            fast: 0.337523639202
            medium: 0.625771462917
            slow: 0.036704916507
        probability: 0.625771462917
        value: "medium"
    speech_music:
        all:
            music: 0.926542341709
            speech: 0.0734576657414
        probability: 0.926542341709
        value: "music"
    timbre:
        all:
            bright: 0.286995947361
            dark: 0.713004052639
        probability: 0.713004052639
        value: "dark"
    voice_instrumental:
        all:
            instrumental: 0.369387120008
            voice: 0.630612909794
        probability: 0.630612909794
        value: "voice"

lowlevel:
    average_loudness: 0.925879001617
    barkbands_kurtosis:
        dmean: 0.299167603254
        dmean2: 0.509544670582
        dvar: 0.101449564099
        dvar2: 0.2763646245
        max: 1.58970403671
        mean: -0.837337970734
        min: -1.52142524719
        var: 0.15928837657
    barkbands_skewness:
        dmean: 0.214494973421
        dmean2: 0.353231161833
        dvar: 0.0314968749881
        dvar2: 0.0823940038681
        max: 1.66414237022
        mean: 0.201528355479
        min: -0.762538135052
        var: 0.131617486477
    barkbands_spread:
        dmean: 3.07169127464
        dmean2: 5.11943483353
        dvar: 8.16745090485
        dvar2: 22.7387619019
        max: 41.4376907349
        mean: 22.4587020874
        min: 10.9446582794
        var: 21.7756576538
    dissonance:
        dmean: 0.019701609388
        dmean2: 0.0331899560988
        dvar: 0.000395757058868
        dvar2: 0.000853421166539
        max: 0.498777598143
        mean: 0.461330085993
        min: 0.263769567013
        var: 0.000562298984732
    hfc:
        dmean: 1.15875029564
        dmean2: 1.88608837128
        dvar: 1.93509089947
        dvar2: 4.71498250961
        max: 18.6084079742
        mean: 6.6897983551
        min: 0.0970490798354
        var: 14.3673353195
    pitch:
        dmean: 95.6446914673
        dmean2: 184.185440063
        dvar: 151039.3125
        dvar2: 444022.4375
        max: 4410
        mean: 240.231155396
        min: 70
        var: 84192.1796875
    pitch_instantaneous_confidence:
        dmean: 0.0618896186352
        dmean2: 0.103447064757
        dvar: 0.00240758038126
        dvar2: 0.00678409868851
        max: 0.63017809391
        mean: 0.374825835228
        min: 0.191954731941
        var: 0.00524658337235
    pitch_salience:
        dmean: 0.0433365553617
        dmean2: 0.0693971291184
        dvar: 0.00106672709808
        dvar2: 0.00289315264672
        max: 0.764250934124
        mean: 0.62528181076
        min: 0.463330745697
        var: 0.00374691886827
    silence_rate_20dB:
        dmean: 0
        dmean2: 0
        dvar: 0
        dvar2: 0
        max: 1
        mean: 1
        min: 1
        var: 0
    silence_rate_30dB:
        dmean: 0
        dmean2: 0
        dvar: 0
        dvar2: 0
        max: 1
        mean: 1
        min: 1
        var: 0
    silence_rate_60dB:
        dmean: 0.0138888889924
        dmean2: 0.0278422273695
        dvar: 0.0136960307136
        dvar2: 0.0270670633763
        max: 1
        mean: 0.242494225502
        min: 0
        var: 0.183690711856
    spectral_centroid:
        dmean: 115.349456787
        dmean2: 185.447113037
        dvar: 11656.8408203
        dvar2: 32692.6679688
        max: 2094.66455078
        mean: 1297.14953613
        min: 757.929443359
        var: 51670.2695312
    spectral_complexity:
        dmean: 2.69373559952
        dmean2: 4.43720912933
        dvar: 6.82959699631
        dvar2: 15.906504631
        max: 37
        mean: 16.6504631042
        min: 0
        var: 67.7737197876
    spectral_crest:
        dmean: 1.52830886841
        dmean2: 2.62660765648
        dvar: 1.82566225529
        dvar2: 5.3185210228
        max: 12.6115407944
        mean: 5.85256719589
        min: 2.78793859482
        var: 3.56611633301
    spectral_decrease:
        dmean: 2.12138973055e-10
        dmean2: 3.30540733673e-10
        dvar: 8.90802757003e-20
        dvar2: 2.32657523676e-19
        max: -1.60263972232e-11
        mean: -1.22660237523e-09
        min: -5.1939070822e-09
        var: 4.55066382961e-19
    spectral_energy:
        dmean: 0.000885862566065
        dmean2: 0.00138323672581
        dvar: 1.4638239918e-06
        dvar2: 3.77052310796e-06
        max: 0.0210501346737
        mean: 0.00523626804352
        min: 6.92897956469e-05
        var: 8.14850955067e-06
    spectral_energyband_high:
        dmean: 6.24873428023e-05
        dmean2: 0.000106077568489
        dvar: 2.77624678802e-08
        dvar2: 7.6695052087e-08
        max: 0.00196722289547
        mean: 0.000174824497662
        min: 1.7776869754e-06
        var: 5.86721320417e-08
    spectral_energyband_low:
        dmean: 8.33055310068e-05
        dmean2: 0.000140560368891
        dvar: 5.40812230554e-08
        dvar2: 1.52706888912e-07
        max: 0.00266543775797
        mean: 0.000152605774929
        min: 1.00773540623e-07
        var: 7.28494455871e-08
    spectral_energyband_middle_high:
        dmean: 0.000623118714429
        dmean2: 0.00101395882666
        dvar: 3.84033114642e-07
        dvar2: 8.54426275509e-07
        max: 0.00779920164496
        mean: 0.00283407070674
        min: 5.16009713465e-05
        var: 2.08595565709e-06
    spectral_energyband_middle_low:
        dmean: 0.000529964861926
        dmean2: 0.000810692319646
        dvar: 9.72116254161e-07
        dvar2: 2.68760823019e-06
        max: 0.0157471857965
        mean: 0.00207476876676
        min: 1.52474440256e-05
        var: 2.44817192652e-06
    spectral_flatness_db:
        dmean: 0.0123185738921
        dmean2: 0.0189840868115
        dvar: 0.000133236884722
        dvar2: 0.000253371574217
        max: 0.287860900164
        mean: 0.200699061155
        min: 0.112570151687
        var: 0.00147327338345
    spectral_flux:
        dmean: 0.0048111169599
        dmean2: 0.00804522633553
        dvar: 3.96839241148e-05
        dvar2: 8.0847836216e-05
        max: 0.0972876921296
        mean: 0.0360681973398
        min: 0.0083240494132
        var: 0.000158455193741
    spectral_kurtosis:
        dmean: 3.46492862701
        dmean2: 6.11317443848
        dvar: 11.6271514893
        dvar2: 36.4110488892
        max: 23.5981483459
        mean: 7.02794218063
        min: 0.750305175781
        var: 18.7714748383
    spectral_rms:
        dmean: 0.000181378854904
        dmean2: 0.000281819695374
        dvar: 4.328809311e-08
        dvar2: 9.4162189157e-08
        max: 0.00453174533322
        mean: 0.00215314817615
        min: 0.000259999622358
        var: 4.72507906579e-07
    spectral_rolloff:
        dmean: 328.443817139
        dmean2: 578.692138672
        dvar: 104960.890625
        dvar2: 282545.90625
        max: 4263.57421875
        mean: 2444.66723633
        min: 1270.45898438
        var: 308979.03125
    spectral_skewness:
        dmean: 0.320300936699
        dmean2: 0.557904601097
        dvar: 0.0950537249446
        dvar2: 0.27326387167
        max: 3.9626891613
        mean: 1.50676453114
        min: 0.749519705772
        var: 0.163186579943
    spectral_spread:
        dmean: 221993.96875
        dmean2: 320606.3125
        dvar: 143576760320
        dvar2: 191431229440
        max: 8011764.5
        mean: 2469386
        min: 1512044.875
        var: 585132408832
    spectral_strongpeak:
        dmean: 0.318359673023
        dmean2: 0.562488377094
        dvar: 0.175714731216
        dvar2: 0.467609792948
        max: 3.66957783699
        mean: 0.567048728466
        min: 0.035776372999
        var: 0.207993373275
    zerocrossingrate:
        dmean: 0.00458485912532
        dmean2: 0.00595362484455
        dvar: 1.84741402336e-05
        dvar2: 2.50777557085e-05
        max: 0.119140625
        mean: 0.0741328522563
        min: 0.03271484375
        var: 0.000130349071696
    barkbands:
        dmean: [7.54870796982e-08, 2.0844359824e-05, 7.0436130045e-05, 7.00812379364e-05, 0.000262660178123, 0.00020830896392, 9.79286851361e-05, 0.000108828600787, 0.000131956359837, 0.00025556285982, 8.27433250379e-05, 0.000255419145105, 0.000270955788437, 0.00013501184003, 0.000132762565045, 0.000137844894198, 5.83965447731e-05, 7.92566934251e-05, 9.33522678679e-05, 8.76805570442e-05, 2.75838065136e-05, 6.10143297308e-06, 3.95193012537e-07, 1.22812096492e-07, 6.96475837003e-08, 5.81302250779e-09, 2.55946680516e-10]
        dmean2: [1.00036920969e-07, 3.839454439e-05, 0.000119692187582, 0.000117065188533, 0.000382525642635, 0.000339721271303, 0.000114559952635, 0.000163655015058, 0.000192511244677, 0.000375559407985, 0.000135110516567, 0.000439894269221, 0.000446237594588, 0.000226658055908, 0.000229731420404, 0.000243106071139, 0.00010065913375, 0.000136600749101, 0.000160191280884, 0.000151060783537, 4.53188658867e-05, 1.011704353e-05, 6.14710074842e-07, 1.76243375449e-07, 9.83587895576e-08, 8.21146528551e-09, 4.17097384409e-10]
        dvar: [8.14179317498e-14, 5.72744252025e-09, 3.07466621052e-08, 2.24876490762e-08, 2.21477435502e-07, 3.09557663059e-07, 1.76437335853e-08, 1.88139654966e-08, 3.06933500838e-08, 9.84629764389e-08, 1.078787637e-08, 7.85214169241e-08, 1.13543286773e-07, 3.37768746306e-08, 3.15079802249e-08, 2.28179271033e-08, 4.55513005093e-09, 7.7608799387e-09, 1.11504396827e-08, 2.98499465146e-08, 5.0435362553e-09, 2.1576636311e-10, 1.0609933071e-12, 9.11264472084e-14, 2.44557249885e-14, 2.17985689216e-16, 1.52860433619e-18]
        dvar2: [1.4088738314e-13, 1.69552922813e-08, 8.73975167792e-08, 6.0279887748e-08, 5.62210061616e-07, 9.28967381242e-07, 2.08755643882e-08, 4.00573547665e-08, 7.10615708499e-08, 1.95600719621e-07, 2.58457859559e-08, 2.19466045337e-07, 2.91834965083e-07, 8.40965057591e-08, 8.73115055811e-08, 6.59023697835e-08, 1.38887275014e-08, 2.40577087141e-08, 3.01057383467e-08, 8.32206339396e-08, 1.35897071374e-08, 5.61019231071e-10, 2.32504944117e-12, 2.03209234921e-13, 4.89784706119e-14, 4.38521212302e-16, 1.7194779169e-18]
        max: [2.78186962532e-06, 0.000837975996546, 0.00182706105988, 0.00212741247378, 0.00611883820966, 0.00729369884357, 0.00236620940268, 0.0017864779802, 0.00172060239129, 0.00316488649696, 0.000925829110201, 0.00253387866542, 0.00256371800788, 0.00181073404383, 0.00292173377238, 0.00129604293033, 0.000599123421125, 0.00103072205093, 0.000938648707233, 0.00198329705745, 0.000873225508258, 0.000228402132052, 1.1965829799e-05, 4.81187362311e-06, 2.02529463422e-06, 1.35487667308e-07, 2.509893271e-08]
        mean: [8.77517365439e-08, 3.09582028422e-05, 0.000121561984997, 0.000136671049404, 0.000715036992915, 0.000385226099752, 0.000331045710482, 0.000254257465713, 0.000242812093347, 0.000472447340144, 0.000134215588332, 0.000426400947617, 0.000405531696742, 0.00022444294882, 0.000255982915405, 0.000269745301921, 0.000122837867821, 0.000164581520949, 0.000251622957876, 0.000205904259929, 6.92165413057e-05, 1.44476607602e-05, 8.41561643483e-07, 2.49570746291e-07, 1.37606164685e-07, 7.72534392013e-09, 2.37459607533e-10]
        min: [5.60515132572e-12, 1.03235979765e-08, 1.04400230683e-08, 2.5318488639e-08, 5.5884925132e-06, 3.40797441822e-06, 5.4664047866e-07, 9.55382233769e-07, 9.49297202624e-07, 1.10716177915e-06, 1.89707452591e-06, 6.44335659672e-06, 2.33848140851e-06, 1.3559179024e-05, 1.5549960608e-06, 2.24398286264e-06, 1.82603207577e-06, 4.62617265384e-07, 2.94354390462e-06, 3.81932613891e-06, 4.99073053106e-07, 7.74408359661e-09, 1.65201441416e-09, 1.08780129349e-09, 5.30697041867e-10, 3.06823247365e-11, 1.04887214365e-12]
        var: [1.27180479147e-13, 5.50402612376e-09, 4.22293844338e-08, 5.0376691263e-08, 4.75108265618e-07, 2.7744874842e-07, 1.81271062161e-07, 7.97731800617e-08, 8.14287304252e-08, 2.47731577474e-07, 1.67589320199e-08, 1.12711390443e-07, 1.59417666623e-07, 4.84783093668e-08, 4.87715432484e-08, 5.02351902298e-08, 8.00488120234e-09, 1.34499531512e-08, 3.91021117707e-08, 4.48262724717e-08, 1.50531356269e-08, 6.68039512597e-10, 3.3140940079e-12, 2.80852408387e-13, 8.18758580899e-14, 3.33357651447e-16, 1.51093275978e-18]
    mfcc:
        mean: [-741.695800781, 171.852920532, -111.054588318, 46.5643806458, -32.8083190918, -5.12905788422, 1.18406689167, -21.9957122803, -10.9007339478, -13.0270462036, -13.0843896866, -12.6635570526, -6.66435337067]
        cov: [[4509.98828125, -885.522033691, 1726.22119141, 222.897918701, -224.698135376, 301.267913818, -240.481079102, 279.268249512, 721.391296387, 220.2525177, 302.105865479, 73.518737793, 131.099761963], [-885.522033691, 607.467163086, -529.581298828, 53.4971504211, -0.41374656558, -51.2257194519, 63.5816612244, -69.7190093994, -75.5909347534, -64.530921936, -41.9108886719, -17.7078132629, -10.1471557617], [1726.22119141, -529.581298828, 945.366882324, 52.4633483887, 13.093503952, 118.426391602, -85.7099227905, 135.688415527, 277.160766602, 110.188049316, 108.414222717, 38.0925598145, 61.1872253418], [222.897918701, 53.4971504211, 52.4633483887, 106.096450806, -15.4551200867, 35.3209342957, -3.62087059021, 2.68342351913, 68.1568374634, 1.02212405205, 35.4718170166, 9.62320518494, 15.519865036], [-224.698135376, -0.41374656558, 13.093503952, -15.4551200867, 132.620895386, 4.00761651993, 36.4381752014, 1.52622413635, -41.122592926, 4.05110454559, -7.54571247101, 15.7363901138, 7.81579446793], [301.267913818, -51.2257194519, 118.426391602, 35.3209342957, 4.00761651993, 72.0127792358, 7.18753433228, 27.944524765, 65.5432739258, 22.3771381378, 35.910358429, 13.8723726273, 14.7457180023], [-240.481079102, 63.5816612244, -85.7099227905, -3.62087059021, 36.4381752014, 7.18753433228, 75.3516235352, -1.78275239468, -16.6479625702, -12.0931959152, -10.7726707458, 4.38548374176, -2.61119413376], [279.268249512, -69.7190093994, 135.688415527, 2.68342351913, 1.52622413635, 27.944524765, -1.78275239468, 82.8082199097, 62.3569068909, 37.3011436462, 18.4212589264, 14.0470561981, 17.807094574], [721.391296387, -75.5909347534, 277.160766602, 68.1568374634, -41.122592926, 65.5432739258, -16.6479625702, 62.3569068909, 199.377410889, 47.7779426575, 64.6924057007, 16.0590324402, 32.998966217], [220.2525177, -64.530921936, 110.188049316, 1.02212405205, 4.05110454559, 22.3771381378, -12.0931959152, 37.3011436462, 47.7779426575, 60.691532135, 31.2569084167, 17.0381393433, 10.0500707626], [302.105865479, -41.9108886719, 108.414222717, 35.4718170166, -7.54571247101, 35.910358429, -10.7726707458, 18.4212589264, 64.6924057007, 31.2569084167, 70.6359176636, 28.0503425598, 19.9350891113], [73.518737793, -17.7078132629, 38.0925598145, 9.62320518494, 15.7363901138, 13.8723726273, 4.38548374176, 14.0470561981, 16.0590324402, 17.0381393433, 28.0503425598, 46.5241851807, 23.3890609741], [131.099761963, -10.1471557617, 61.1872253418, 15.519865036, 7.81579446793, 14.7457180023, -2.61119413376, 17.807094574, 32.998966217, 10.0500707626, 19.9350891113, 23.3890609741, 43.3641433716]]
        icov: [[0.00168580049649, 4.15983486164e-05, -0.00211998773739, -0.000122805708088, 0.00204980815761, -0.00174315762706, 0.00170627457555, -0.000484480260639, -0.0016161177773, 0.000860116677359, -0.00126494758297, -0.000154338616994, 0.000168679369381], [4.15983486164e-05, 0.00487570883706, 0.00344286812469, -0.00321767642163, -0.00152168318164, 0.00180293305311, -0.000317723635817, 4.71681960335e-05, -0.00298471213318, 0.000198646914214, 0.00060474476777, 0.00107850541826, -0.00170296023134], [-0.00211998773739, 0.00344286812469, 0.00791738275439, -0.000835460319649, -0.00579894240946, 0.00180026411545, 0.00114115118049, -0.000641829799861, -0.00341724534519, -0.000907023728359, 0.00169475597795, 0.00107611238491, -0.00144124531653], [-0.000122805708088, -0.00321767642163, -0.000835460319649, 0.0178180076182, -0.00010293223022, -0.00568169169128, 0.00219937902875, 0.0023877855856, -0.00409366842359, 0.00518490327522, -0.00464882329106, -0.000960201665293, 9.12198447622e-05], [0.00204980815761, -0.00152168318164, -0.00579894240946, -0.00010293223022, 0.0150306336582, -0.00330486451276, -0.0049438639544, 0.000211341714021, 0.0049646566622, -0.00216342811473, -0.000258791580563, -0.00242941104807, -0.00215092906728], [-0.00174315762706, 0.00180293305311, 0.00180026411545, -0.00568169169128, -0.00330486451276, 0.0284013859928, -0.00799620430917, -0.00202556094155, -0.00151790713426, -0.00212321942672, -0.00510801514611, 0.0017866367707, -0.000494925654493], [0.00170627457555, -0.000317723635817, 0.00114115118049, 0.00219937902875, -0.0049438639544, -0.00799620430917, 0.0236000940204, -0.00307326065376, -0.00619584880769, 0.00603518635035, 0.00118794210721, -0.00405431073159, 0.00361989159137], [-0.000484480260639, 4.71681960335e-05, -0.000641829799861, 0.0023877855856, 0.000211341714021, -0.00202556094155, -0.00307326065376, 0.0221708659083, -0.00344622321427, -0.00977887958288, 0.00606332020834, -0.00195205607451, -0.00395754026249], [-0.0016161177773, -0.00298471213318, -0.00341724534519, -0.00409366842359, 0.0049646566622, -0.00151790713426, -0.00619584880769, -0.00344622321427, 0.020634835586, -0.0048431744799, -0.00362953473814, 0.00437880074605, -0.00413556164131], [0.000860116677359, 0.000198646914214, -0.000907023728359, 0.00518490327522, -0.00216342811473, -0.00212321942672, 0.00603518635035, -0.00977887958288, -0.0048431744799, 0.032753739506, -0.0101771447808, -0.00497770495713, 0.00581914326176], [-0.00126494758297, 0.00060474476777, 0.00169475597795, -0.00464882329106, -0.000258791580563, -0.00510801514611, 0.00118794210721, 0.00606332020834, -0.00362953473814, -0.0101771447808, 0.0343651436269, -0.0140077443793, -0.000518723332789], [-0.000154338616994, 0.00107850541826, 0.00107611238491, -0.000960201665293, -0.00242941104807, 0.0017866367707, -0.00405431073159, -0.00195205607451, 0.00437880074605, -0.00497770495713, -0.0140077443793, 0.0403044223785, -0.0175457131118], [0.000168679369381, -0.00170296023134, -0.00144124531653, 9.12198447622e-05, -0.00215092906728, -0.000494925654493, 0.00361989159137, -0.00395754026249, -0.00413556164131, 0.00581914326176, -0.000518723332789, -0.0175457131118, 0.0380525179207]]
    spectral_contrast:
        mean: [2.36517124108e-07, -1.02721429585e-07, 5.65800029051e-08, 3.91349516349e-07, -2.93840884957e-09, -1.87971934906e-07, -2.65699441115e-06, 7.34020147775e-07, 2.98992495118e-06, 1.16091086966e-06, -1.6827274294e-06, 1.03728643808e-06]
        var: [0.000235516839894, 0.000768081692513, 0.000874369521625, 0.0012919647852, 0.00147363904398, 0.00293153105304, 0.0308789815754, 0.0674234777689, 0.109534732997, 0.141009628773, 0.445582807064, 2.75091528893]

rhythm:
    beats_loudness:
        dmean: 0.00151120533701
        dmean2: 0.00263296370395
        dvar: 1.50856863002e-06
        dvar2: 4.81295728605e-06
        max: 0.0101244766265
        mean: 0.00561145413667
        min: 0.000689282780513
        var: 8.8085880634e-06
    beats_loudness_bass:
        dmean: 0.0449600815773
        dmean2: 0.0926450192928
        dvar: 0.00264940364286
        dvar2: 0.00794148165733
        max: 0.202999740839
        mean: 0.0440246760845
        min: 0.000830594915897
        var: 0.0033820644021
    bpm: 133.453613281
    bpm_confidence: 0
    first_peak_bpm: 132
    first_peak_spread: 0.421052634716
    first_peak_weight: 0.550000011921
    onset_rate: 1.09659826756
    second_peak_bpm: 81
    second_peak_spread: 0
    second_peak_weight: 0.0500000007451
    beats_position: [0.267403185368, 0.720450699329, 1.1734982729, 1.62654578686, 2.07959342003, 2.53264093399, 2.98568844795, 3.4387357235, 3.89178323746, 4.344830513, 4.79787778854, 5.25092554092, 5.98891353607, 6.43184280396, 6.87477254868, 7.31770181656, 7.76063108444, 8.20356082916, 8.64649009705, 9.08941936493, 9.53234863281]
    bpm_estimates: [131.509796143, 134.146331787, 131.541717529, 131.294708252, 131.956542969, 134.239822388, 135.793716431, 134.609100342, 135.990814209]
    bpm_intervals: [0.453047513962, 0.453047573566, 0.453047513962, 0.453047633171, 0.453047513962, 0.453047513962, 0.453047275543, 0.453047513962, 0.453047275543, 0.453047275543, 0.45304775238, 0.737987995148, 0.442929267883, 0.44292974472, 0.442929267883, 0.442929267883, 0.44292974472, 0.442929267883, 0.442929267883, 0.442929267883]
    onset_times: [0.0348299331963, 0.255419492722, 0.696598649025, 0.731428563595, 0.9287981987, 1.6137868166, 2.0549659729, 2.49614500999, 2.9837641716, 3.39011335373, 4.33052158356]
    rubato_start: []
    rubato_stop: []
    perceptual_tempo: "unknown"

sfx:
    inharmonicity:
        dmean: 0.058482915163
        dmean2: 0.102662049234
        dvar: 0.00327431433834
        dvar2: 0.00939013715833
        max: 0.354540526867
        mean: 0.0768060982227
        min: 0.000926086271647
        var: 0.00376368034631
    oddtoevenharmonicenergyratio:
        dmean: 4.82681465149
        dmean2: 8.782538414
        dvar: 169.413040161
        dvar2: 441.800567627
        max: 156.60723877
        mean: 3.78922128677
        min: 0.00646977499127
        var: 159.183532715
    pitch_after_max_to_before_max_energy_ratio: 2.59131360054
    pitch_centroid: 240.342163086
    pitch_max_to_total: 0.24537037313
    pitch_min_to_total: 0.502314805984
    tristimulus:
        dmean: [0.146667405963, 0.192814305425, 0.119862705469]
        dmean2: [0.256731837988, 0.345122605562, 0.208786293864]
        dvar: [0.020388096571, 0.0304859802127, 0.0102203339338]
        dvar2: [0.0564449056983, 0.0856073126197, 0.0286633372307]
        max: [0.864774763584, 0.953310728073, 0.555344879627]
        mean: [0.221971869469, 0.596911489964, 0.159849286079]
        min: [0.00556171219796, 0, 0]
        var: [0.0296707041562, 0.0426501482725, 0.0143321910873]

tonal:
    chords_changes_rate: 0.00921658985317
    chords_number_rate: 0.0138248847798
    chords_strength:
        dmean: 0.00505073741078
        dmean2: 0.00427638413385
        dvar: 1.64319444593e-05
        dvar2: 1.40976617331e-05
        max: 0.691137909889
        mean: 0.601553022861
        min: 0.468969613314
        var: 0.00301645649597
    key_strength: 0.864286899567
    tuning_diatonic_strength: 0.703457176685
    tuning_equal_tempered_deviation: 0.0298577919602
    tuning_frequency: 444.598632812
    tuning_nontempered_energy_ratio: 0.648768782616
    hpcp:
        dmean: [0.0648116692901, 0.0574520044029, 0.07565433532, 0.08080111444, 0.054287943989, 0.0358986593783, 0.0290993917733, 0.0250953547657, 0.0593731738627, 0.102098889649, 0.112301304936, 0.16481924057, 0.162064939737, 0.147222697735, 0.138384252787, 0.0633436888456, 0.043812841177, 0.0754374489188, 0.0938359722495, 0.0612207390368, 0.0381684601307, 0.0248464215547, 0.0323710180819, 0.106107205153, 0.127521410584, 0.0843945667148, 0.0709770768881, 0.050631467253, 0.02584220469, 0.0314158499241, 0.0448658876121, 0.0465626753867, 0.112233668566, 0.142393738031, 0.115281015635, 0.0656365826726]
        dmean2: [0.10942953825, 0.0945357233286, 0.122257515788, 0.127823069692, 0.0879023075104, 0.0596105791628, 0.050142839551, 0.0440925210714, 0.0980302393436, 0.166541665792, 0.196052253246, 0.262818545103, 0.272469729185, 0.248290553689, 0.235391035676, 0.106408044696, 0.0727529004216, 0.1221537292, 0.15322779119, 0.104328811169, 0.0664045512676, 0.0435569286346, 0.0559601485729, 0.166386380792, 0.199642747641, 0.129631862044, 0.112047553062, 0.0809799283743, 0.0430509448051, 0.0521081760526, 0.0757210850716, 0.0765111669898, 0.183579728007, 0.234623134136, 0.188816428185, 0.11024723202]
        dvar: [0.00460958527401, 0.00294298049994, 0.00762842223048, 0.011826114729, 0.00410131365061, 0.0023709225934, 0.00256144441664, 0.00135234440677, 0.00533422827721, 0.0113042602316, 0.0153024913743, 0.0211033858359, 0.0330168269575, 0.0202014613897, 0.0400159880519, 0.00975639745593, 0.00777702825144, 0.0184538327157, 0.0239440631121, 0.0130283534527, 0.00547774741426, 0.00186866498552, 0.00114654924255, 0.015106392093, 0.0229668170214, 0.008375255391, 0.00820564758033, 0.00434452714399, 0.00114987802226, 0.00189147086348, 0.00567286880687, 0.00328403501771, 0.0137341208756, 0.0307285711169, 0.0126745067537, 0.00745234452188]
        dvar2: [0.0117215970531, 0.00752989482135, 0.0193545073271, 0.0255380570889, 0.00942289177328, 0.00693448400125, 0.00762865692377, 0.00379652227275, 0.0142710562795, 0.0281424075365, 0.0381997190416, 0.0567977204919, 0.0646289810538, 0.0488629378378, 0.0891903266311, 0.0295858830214, 0.0219201669097, 0.0454034768045, 0.0574733614922, 0.0368224531412, 0.015252568759, 0.00530966045335, 0.0031858717557, 0.0363670177758, 0.0506237745285, 0.0183101836592, 0.0178635716438, 0.0107106836513, 0.00308979372494, 0.00529890879989, 0.0161011163145, 0.00908600259572, 0.0308607965708, 0.0527884922922, 0.0332398563623, 0.0218299683183]
        max: [0.548904180527, 0.432325810194, 0.795477449894, 1, 0.682478010654, 0.376112818718, 0.483996361494, 0.316019028425, 0.617285549641, 1, 0.867107450962, 1, 1, 1, 1, 0.802242279053, 1, 1, 1, 0.976064741611, 0.578622996807, 0.381207406521, 0.286736100912, 0.978476703167, 1, 0.724768698215, 0.851704001427, 0.497869670391, 0.326779097319, 0.357098519802, 0.593741476536, 0.398388892412, 0.917231738567, 1, 1, 0.710704088211]
        mean: [0.11540337652, 0.122964754701, 0.169633895159, 0.188735216856, 0.125399112701, 0.0736528933048, 0.0566993355751, 0.0447351522744, 0.124317079782, 0.206238955259, 0.201454877853, 0.389268279076, 0.640238821507, 0.483174234629, 0.194508761168, 0.089185424149, 0.0638199523091, 0.141326963902, 0.188647955656, 0.107252202928, 0.0487979725003, 0.0351252146065, 0.0615294240415, 0.250246763229, 0.330366432667, 0.191609203815, 0.127310305834, 0.0942114964128, 0.0528325475752, 0.0536426119506, 0.0650373473763, 0.0748189240694, 0.348930358887, 0.602627158165, 0.344483524561, 0.110595703125]
        min: [0.00621087988839, 0.0177197381854, 0.0135114202276, 0.0129233188927, 0.015183554031, 0.00868213176727, 0.00824770424515, 0.00621150666848, 0.0159828942269, 0.015028109774, 0.03264028579, 0.030001970008, 0.0399600639939, 0.027302108705, 0.00321549084038, 0.00459044845775, 0.00528918066993, 0.00444676121697, 0.00639411248267, 0.00427064532414, 0.00136683066376, 0.00140159938019, 0.00346251367591, 0.00493918079883, 0.0248195417225, 0.0233630221337, 0.00679097138345, 0.00341852009296, 0.00262773944996, 0.00290868291631, 0.00297995260917, 0.00629327772185, 0.0512570776045, 0.0719766095281, 0.0395679958165, 0.0162006504834]
        var: [0.00635103741661, 0.005893683061, 0.0145220328122, 0.0421814210713, 0.0151915382594, 0.00340393814258, 0.00283505022526, 0.00147666002158, 0.0118041103706, 0.0288633648306, 0.0247252807021, 0.0478886663914, 0.110165290534, 0.0900331661105, 0.0600744374096, 0.010678303428, 0.0073249284178, 0.0388897955418, 0.0625295937061, 0.0170931983739, 0.00471644941717, 0.00179801229388, 0.00175125699025, 0.0504129193723, 0.0838686823845, 0.0201405063272, 0.0152898365632, 0.00814985856414, 0.00240010465495, 0.0027667558752, 0.00744564970955, 0.00504436017945, 0.043750397861, 0.124602675438, 0.0446517802775, 0.0080096879974]
    chords_histogram: [85.7142868042, 0, 2.30414748192, 0, 0, 0, 0, 0, 0, 0, 0, 0, 0, 0, 0, 0, 0, 0, 0, 0, 0, 0, 11.9815664291, 0]
    thpcp: [1, 0.75467813015, 0.303806573153, 0.139300242066, 0.099681481719, 0.220741003752, 0.294652491808, 0.167519062757, 0.0762183889747, 0.0548626743257, 0.096103861928, 0.390864700079, 0.51600497961, 0.299277693033, 0.198848158121, 0.147150546312, 0.0825200602412, 0.0837853178382, 0.101582951844, 0.116860963404, 0.545000314713, 0.941253721714, 0.538054704666, 0.172741323709, 0.180250510573, 0.192060753703, 0.264954090118, 0.294788777828, 0.1958630234, 0.115039721131, 0.0885596647859, 0.0698726028204, 0.194172978401, 0.322128176689, 0.314655840397, 0.608004808426]
    chords_key: "C#"
    chords_scale: "major"
    key_key: "C#"
    key_scale: "major"
    chords_progression: ["G#", "G#", "G#", "G#", "G#", "C#", "C#", "C#", "C#", "C#", "C#", "C#", "C#", "C#", "C#", "C#", "C#", "C#", "C#", "C#", "C#", "C#", "C#", "C#", "C#", "C#", "C#", "C#", "C#", "C#", "C#", "C#", "C#", "C#", "C#", "C#", "C#", "C#", "C#", "C#", "C#", "C#", "C#", "C#", "C#", "C#", "C#", "C#", "C#", "C#", "C#", "C#", "C#", "C#", "C#", "C#", "C#", "C#", "C#", "C#", "C#", "C#", "C#", "C#", "C#", "C#", "C#", "C#", "C#", "C#", "C#", "C#", "C#", "C#", "C#", "C#", "C#", "C#", "C#", "C#", "C#", "C#", "C#", "C#", "C#", "C#", "C#", "C#", "C#", "C#", "C#", "C#", "C#", "C#", "C#", "C#", "C#", "C#", "C#", "C#", "C#", "C#", "C#", "C#", "C#", "C#", "C#", "C#", "C#", "C#", "C#", "C#", "C#", "C#", "C#", "C#", "C#", "C#", "C#", "C#", "C#", "C#", "C#", "C#", "C#", "C#", "C#", "C#", "C#", "C#", "C#", "C#", "C#", "C#", "C#", "C#", "C#", "C#", "C#", "C#", "C#", "C#", "C#", "C#", "C#", "C#", "C#", "C#", "C#", "C#", "C#", "C#", "C#", "C#", "C#", "C#", "C#", "C#", "C#", "C#", "C#", "C#", "C#", "C#", "C#", "C#", "C#", "C#", "C#", "C#", "C#", "C#", "C#", "C#", "C#", "C#", "C#", "C#", "C#", "C#", "C#", "C#", "C#", "C#", "C#", "C#", "C#", "C#", "C#", "C#", "C#", "F#", "F#", "F#", "F#", "F#", "F#", "F#", "F#", "F#", "F#", "F#", "F#", "F#", "F#", "F#", "F#", "F#", "F#", "F#", "F#", "F#", "F#", "F#", "F#", "F#", "F#"]
