
metadata:
    version:
        essentia: "1.2.2"
    audio_properties:
        analysis_sample_rate: 44100
        bitrate: 128
        channels: 2
        equal_loudness: 1
        length: 10.0048980713
        replay_gain: -10.7799034119
        downmix: "mix"
    tags:
        track: 3
        year: 0
        album: "Splitted by Mp3Splt v. 2.1"
        artist: "From 000.20 To 000.30"
        comment: "http://mp3splt.sf.net"
        genre: ""
        title: "20 track 20.mp3"

highlevel:
    ballroom:
        all:
            ChaChaCha: 0.175331547856
            Jive: 0.313338190317
            Quickstep: 0.169798523188
            Rumba-American: 0.0190046634525
            Rumba-International: 0.0110998079181
            Rumba-Misc: 0.016923783347
            Samba: 0.282783478498
            Tango: 0.00442233635113
            VienneseWaltz: 0.00336817954667
            Waltz: 0.00392949767411
        probability: 0.313338190317
        value: "Jive"
    culture:
        all:
            non_western: 0.781010746956
            western: 0.218989282846
        probability: 0.781010746956
        value: "non_western"
    gender:
        all:
            female: 0.0121199078858
            male: 0.987880110741
        probability: 0.987880110741
        value: "male"
    genre_dortmund:
        all:
            alternative: 0.0137333543971
            blues: 0.23481297493
            electronic: 0.0097494320944
            folkcountry: 0.0357926860452
            funksoulrnb: 0.0302880629897
            jazz: 0.0911015942693
            pop: 0.0720997825265
            raphiphop: 0.344078153372
            rock: 0.168343946338
        probability: 0.344078153372
        value: "raphiphop"
    genre_electronica:
        all:
            ambient: 0.306646615267
            dnb: 0.238234803081
            house: 0.287638664246
            techno: 0.0559908859432
            trance: 0.111489012837
        probability: 0.306646615267
        value: "ambient"
    genre_rosamerica:
        all:
            cla: 0.00864529982209
            dan: 0.0146296434104
            hip: 0.594865262508
            jaz: 0.0239296052605
            pop: 0.0867756009102
            rhy: 0.209736779332
            roc: 0.0511561259627
            spe: 0.0102616893128
        probability: 0.594865262508
        value: "hip"
    genre_tzanetakis:
        all:
            blu: 0.00199062936008
            cla: 0.00101978122257
            cou: 0.0145917907357
            dis: 0.0151496939361
            hip: 0.0871117189527
            jaz: 0.00305703165941
            met: 0.000728853628971
            pop: 0.208568841219
            reg: 0.6602409482
            roc: 0.0075407307595
        probability: 0.6602409482
        value: "reg"
    live_studio:
        all:
            live: 0.00953818298876
            studio: 0.990461826324
        probability: 0.990461826324
        value: "studio"
    mood:
        all:
            Cluster1: 0.222752451897
            Cluster2: 0.334655076265
            Cluster3: 0.134524330497
            Cluster4: 0.159645169973
            Cluster5: 0.148422971368
        probability: 0.334655076265
        value: "Cluster2"
    mood_acoustic:
        all:
            acoustic: 0.364838004112
            not_acoustic: 0.635161995888
        probability: 0.635161995888
        value: "not_acoustic"
    mood_aggressive:
        all:
            aggressive: 0.102280341089
            not_aggressive: 0.897719681263
        probability: 0.897719681263
        value: "not_aggressive"
    mood_electronic:
        all:
            electronic: 0.13207218051
            not_electronic: 0.867927789688
        probability: 0.867927789688
        value: "not_electronic"
    mood_happy:
        all:
            happy: 0.663945794106
            not_happy: 0.336054235697
        probability: 0.663945794106
        value: "happy"
    mood_party:
        all:
            not_party: 0.423628777266
            party: 0.576371252537
        probability: 0.576371252537
        value: "party"
    mood_relaxed:
        all:
            not_relaxed: 0.727195739746
            relaxed: 0.272804290056
        probability: 0.727195739746
        value: "not_relaxed"
    mood_sad:
        all:
            not_sad: 0.515292882919
            sad: 0.484707087278
        probability: 0.515292882919
        value: "not_sad"
    rhythm:
        all:
            fast: 0.827208459377
            medium: 0.131397947669
            slow: 0.0413935706019
        probability: 0.827208459377
        value: "fast"
    speech_music:
        all:
            music: 0.999202728271
            speech: 0.000797281740233
        probability: 0.999202728271
        value: "music"
    timbre:
        all:
            bright: 0.068304553628
            dark: 0.931695461273
        probability: 0.931695461273
        value: "dark"
    voice_instrumental:
        all:
            instrumental: 2.37813674175e-05
            voice: 0.999976217747
        probability: 0.999976217747
        value: "voice"

lowlevel:
    average_loudness: 0.913787007332
    barkbands_kurtosis:
        dmean: 3.79154419899
        dmean2: 5.90235137939
        dvar: 51.1453895569
        dvar2: 105.288352966
        max: 96.1096572876
        mean: 3.97832679749
        min: -1.86568105221
        var: 120.602142334
    barkbands_skewness:
        dmean: 0.812170922756
        dmean2: 1.21897888184
        dvar: 0.6855058074
        dvar2: 1.44926595688
        max: 9.043176651
        mean: 1.21964609623
        min: -2.70375418663
        var: 2.58838176727
    barkbands_spread:
        dmean: 9.08709621429
        dmean2: 14.467666626
        dvar: 86.467376709
        dvar2: 206.661727905
        max: 65.9034729004
        mean: 24.9845790863
        min: 2.55031633377
        var: 176.101364136
    dissonance:
        dmean: 0.031792987138
        dmean2: 0.0524011030793
        dvar: 0.000983336591162
        dvar2: 0.00229295878671
        max: 0.499777317047
        mean: 0.444145798683
        min: 0.245182052255
        var: 0.00185802252963
    hfc:
        dmean: 2.74512600899
        dmean2: 3.98764538765
        dvar: 13.5241661072
        dvar2: 26.0211830139
        max: 45.1634368896
        mean: 4.665122509
        min: 0.00132322160061
        var: 33.8716011047
    pitch:
        dmean: 490.709625244
        dmean2: 963.827941895
        dvar: 1233914.875
        dvar2: 2890012.25
        max: 4900
        mean: 624.687805176
        min: 62.5531921387
        var: 1134592.5
    pitch_instantaneous_confidence:
        dmean: 0.135967105627
        dmean2: 0.223412916064
        dvar: 0.0130040403455
        dvar2: 0.0279363114387
        max: 0.935309171677
        mean: 0.532129883766
        min: 0.146435976028
        var: 0.0382926799357
    pitch_salience:
        dmean: 0.0839593783021
        dmean2: 0.140775591135
        dvar: 0.00541488174349
        dvar2: 0.0137899285182
        max: 0.804934978485
        mean: 0.567991733551
        min: 0.181081190705
        var: 0.0101593080908
    silence_rate_20dB:
        dmean: 0
        dmean2: 0
        dvar: 0
        dvar2: 0
        max: 1
        mean: 1
        min: 1
        var: 0
    silence_rate_30dB:
        dmean: 0
        dmean2: 0
        dvar: 0
        dvar2: 0
        max: 1
        mean: 1
        min: 1
        var: 0
    silence_rate_60dB:
        dmean: 0.167053371668
        dmean2: 0.334883719683
        dvar: 0.139147013426
        dvar2: 0.283201515675
        max: 1
        mean: 0.592592597008
        min: 0
        var: 0.241425767541
    spectral_centroid:
        dmean: 370.712799072
        dmean2: 576.671142578
        dvar: 202399.515625
        dvar2: 460930.5
        max: 4339.29443359
        mean: 1088.07312012
        min: 142.397903442
        var: 417639.75
    spectral_complexity:
        dmean: 2.90000009537
        dmean2: 4.349650383
        dvar: 10.6202421188
        dvar2: 20.9500160217
        max: 35
        mean: 7.38979101181
        min: 0
        var: 33.7598724365
    spectral_crest:
        dmean: 3.15404486656
        dmean2: 5.23474836349
        dvar: 7.3981719017
        dvar2: 18.1193599701
        max: 22.9163513184
        mean: 9.48552322388
        min: 2.76068806648
        var: 15.2348680496
    spectral_decrease:
        dmean: 4.00751543062e-10
        dmean2: 5.74379876994e-10
        dvar: 2.34598528833e-19
        dvar2: 4.45402328467e-19
        max: -7.67313079394e-13
        mean: -7.87413301229e-10
        min: -5.09884534594e-09
        var: 6.3667119811e-19
    spectral_energy:
        dmean: 0.00174243480433
        dmean2: 0.00249028508551
        dvar: 4.39734003521e-06
        dvar2: 8.29422970128e-06
        max: 0.0214572120458
        mean: 0.00339501816779
        min: 3.01601494357e-06
        var: 1.21342836792e-05
    spectral_energyband_high:
        dmean: 0.000114170645247
        dmean2: 0.000199932532269
        dvar: 6.99161901707e-08
        dvar2: 2.00157899144e-07
        max: 0.00191012548748
        mean: 0.000110502674943
        min: 6.98915272324e-08
        var: 4.9479805142e-08
    spectral_energyband_low:
        dmean: 0.000171772306203
        dmean2: 0.000303414330119
        dvar: 1.09237333845e-07
        dvar2: 3.05081442775e-07
        max: 0.00182314717676
        mean: 0.000237521555391
        min: 5.78400488394e-07
        var: 9.06755275309e-08
    spectral_energyband_middle_high:
        dmean: 0.000874558114447
        dmean2: 0.00120866671205
        dvar: 1.44549335346e-06
        dvar2: 2.49829372478e-06
        max: 0.0148125933483
        mean: 0.00143587449566
        min: 9.45137941244e-08
        var: 3.9434817154e-06
    spectral_energyband_middle_low:
        dmean: 0.000959058641456
        dmean2: 0.00141251878813
        dvar: 1.99295186576e-06
        dvar2: 4.0470267777e-06
        max: 0.0167962815613
        mean: 0.00161110016052
        min: 2.27181658374e-06
        var: 4.10279699281e-06
    spectral_flatness_db:
        dmean: 0.0273800957948
        dmean2: 0.0425145924091
        dvar: 0.000531042402145
        dvar2: 0.00119783403352
        max: 0.297071129084
        mean: 0.169695153832
        min: 0.0590699613094
        var: 0.00165776722133
    spectral_flux:
        dmean: 0.0114204287529
        dmean2: 0.017455464229
        dvar: 0.00014258705778
        dvar2: 0.000279265688732
        max: 0.1038223207
        mean: 0.0386310480535
        min: 0.00173666782212
        var: 0.000558336498216
    spectral_kurtosis:
        dmean: 1.56934046745
        dmean2: 2.49382734299
        dvar: 2.43264341354
        dvar2: 5.90580892563
        max: 16.8087863922
        mean: 3.92026543617
        min: -0.767306089401
        var: 5.35082387924
    spectral_rms:
        dmean: 0.000441663869424
        dmean2: 0.0006138595636
        dvar: 1.84998583563e-07
        dvar2: 3.42340115367e-07
        max: 0.00457535404712
        mean: 0.0015801358968
        min: 5.42443885934e-05
        var: 8.15385192254e-07
    spectral_rolloff:
        dmean: 796.427490234
        dmean2: 1334.10437012
        dvar: 1007127
        dvar2: 2283432
        max: 5792.43164062
        mean: 2044.7052002
        min: 129.19921875
        var: 1821355.375
    spectral_skewness:
        dmean: 0.298785567284
        dmean2: 0.452608466148
        dvar: 0.0859345719218
        dvar2: 0.19128254056
        max: 3.58123278618
        mean: 1.65729427338
        min: 0.363432228565
        var: 0.205211594701
    spectral_spread:
        dmean: 974280.25
        dmean2: 1503372.625
        dvar: 1.59981568e+12
        dvar2: 3.60805066342e+12
        max: 13359725
        mean: 5645087
        min: 2881790.5
        var: 3.28765197517e+12
    spectral_strongpeak:
        dmean: 0.40747988224
        dmean2: 0.648649394512
        dvar: 0.3978536129
        dvar2: 1.00061893463
        max: 4.25109481812
        mean: 0.522595465183
        min: 0.00222916156054
        var: 0.582218647003
    zerocrossingrate:
        dmean: 0.0126805501059
        dmean2: 0.0147907109931
        dvar: 0.000139601630508
        dvar2: 0.000205100266612
        max: 0.18505859375
        mean: 0.0634584352374
        min: 0.01171875
        var: 0.000722402648535
    barkbands:
        dmean: [5.80705602715e-07, 8.4309365775e-05, 0.000119509983051, 0.000126869112137, 0.000231609636103, 0.000108028740215, 0.000177701425855, 0.000395596551243, 0.000344117579516, 9.14290867513e-05, 7.19271047274e-05, 9.61532787187e-05, 8.81297091837e-05, 9.69351094682e-05, 9.61084588198e-05, 0.000129792402731, 0.000132057524752, 0.000110888715426, 0.000233539685723, 7.93687504483e-05, 5.64352667425e-05, 2.90142907033e-05, 6.72213536745e-06, 5.31503883394e-06, 2.06214895115e-06, 8.8735724546e-08, 2.19856133299e-10]
        dmean2: [9.06409695745e-07, 0.000151788990479, 0.000213085440919, 0.000213665305637, 0.000387655250961, 0.000174843022251, 0.00028002235922, 0.000624025706202, 0.000518647371791, 0.00013403162302, 0.000111306297185, 0.000157016649609, 0.000141070981044, 0.000154096822371, 0.00014570626081, 0.000181311843335, 0.000209228674066, 0.000165085759363, 0.000339993275702, 0.000134805944981, 9.980564937e-05, 4.88621226395e-05, 1.19212145364e-05, 8.82763742993e-06, 3.43428655469e-06, 1.45627879533e-07, 3.94179272556e-10]
        dvar: [7.2525015507e-13, 2.17343210096e-08, 6.73468321111e-08, 5.5084612427e-08, 1.26990215676e-07, 9.51683105654e-08, 1.78292850705e-07, 7.12557664428e-07, 1.00791976365e-06, 4.64141542977e-08, 1.27609169454e-07, 5.27869374878e-08, 4.2224133523e-08, 4.95703886827e-08, 5.8702912753e-08, 7.45975725636e-08, 7.31034859314e-08, 7.46019281905e-08, 1.32696598598e-07, 2.66945718863e-08, 2.05730454894e-08, 3.01848479545e-09, 2.52062648531e-10, 1.592086879e-10, 4.24784929454e-11, 7.4058008261e-14, 2.18169972235e-19]
        dvar2: [1.63487582847e-12, 6.46249063152e-08, 1.92588004211e-07, 1.31543487214e-07, 3.27011917989e-07, 2.38961717969e-07, 3.93785825281e-07, 1.60020863404e-06, 2.02247019843e-06, 9.15048090633e-08, 2.94462381589e-07, 1.3414562261e-07, 1.07355823786e-07, 1.17713362613e-07, 1.25021756503e-07, 1.37370548714e-07, 1.50477688976e-07, 1.61489808193e-07, 2.27124473895e-07, 6.69956889965e-08, 5.94300395562e-08, 8.05855382424e-09, 7.19999393439e-10, 4.28163005051e-10, 9.19064199745e-11, 1.62095204338e-13, 6.64995878536e-19]
        max: [5.79604920858e-06, 0.000871935742907, 0.00165888015181, 0.00134122627787, 0.00320220948197, 0.00415590824559, 0.00483000278473, 0.00995802506804, 0.0145732108504, 0.0023716671858, 0.00669902050868, 0.00189431861509, 0.00229039648548, 0.00215831492096, 0.0024580960162, 0.0041092922911, 0.00303981988691, 0.00376401399262, 0.00525580113754, 0.00146869034506, 0.00102274585515, 0.000344222877175, 0.000174204877112, 0.000165103861946, 8.07974429335e-05, 3.06997185362e-06, 4.1348986457e-09]
        mean: [7.55012308673e-07, 0.000122577461298, 0.000114212445624, 0.000143068959005, 0.000352119794115, 0.000116301278467, 0.000197087749257, 0.000410909298807, 0.000384505401598, 0.000102587640868, 7.50124308979e-05, 8.82410458871e-05, 9.62662816164e-05, 9.82643687166e-05, 0.000105052618892, 0.000187478028238, 0.000166869489476, 0.000134535235702, 0.000328570196871, 7.9756930063e-05, 4.56171364931e-05, 3.0448922189e-05, 6.43286693958e-06, 5.84989265917e-06, 2.39511609834e-06, 1.06306998759e-07, 2.19298773585e-10]
        min: [3.65828034532e-09, 3.87881335939e-08, 2.53263380046e-07, 2.55266400018e-07, 1.40399535553e-07, 3.06485432588e-08, 6.47610391979e-08, 2.92095929666e-08, 7.18695547519e-09, 4.60523263968e-09, 1.39630884632e-09, 2.27612861892e-09, 5.77030379034e-09, 6.50890008558e-09, 1.91402937944e-09, 2.51358089898e-09, 5.96318194823e-09, 1.84788540025e-08, 3.74160968875e-08, 3.27892450969e-08, 2.29149232922e-08, 1.16983507326e-08, 4.41474323765e-09, 2.25506613383e-09, 1.32135002939e-09, 8.72697539234e-11, 1.25147965992e-13]
        var: [1.27892141322e-12, 1.82315655906e-08, 4.57156694722e-08, 5.9035823341e-08, 2.26348120691e-07, 9.43284774735e-08, 2.31363557646e-07, 9.65160666055e-07, 1.72231307261e-06, 7.21911135315e-08, 1.3510346264e-07, 4.73435051163e-08, 5.33179296269e-08, 5.89497197723e-08, 7.59185709853e-08, 1.8443007832e-07, 1.17082940676e-07, 1.02048460349e-07, 3.23923302403e-07, 2.65287631862e-08, 1.29974324636e-08, 2.90847035345e-09, 2.15216622301e-10, 1.65303978839e-10, 5.96499238892e-11, 1.05149660409e-13, 2.23618791876e-19]
    mfcc:
        mean: [-778.007629395, 114.827293396, -22.0432624817, 48.0138664246, -0.0824854299426, -4.30916309357, -2.30812096596, 6.47237873077, -3.05910181999, 1.75506746769, 3.26735544205, -2.64571452141, -5.72523450851]
        cov: [[9996.28613281, -953.589782715, -2166.97973633, -1032.52783203, -672.019775391, -623.008117676, -405.540405273, -260.488220215, -120.196708679, -21.3295230865, 194.02784729, -174.601776123, -156.255203247], [-953.589782715, 847.204650879, 11.7771692276, -67.0620269775, -30.6626720428, 7.10249757767, 35.5600738525, 61.7342262268, -26.1373062134, -42.7915687561, 44.4371032715, 33.3910179138, 36.9638023376], [-2166.97973633, 11.7771692276, 1031.44482422, 346.967956543, 82.7362518311, 211.243118286, 163.590118408, 86.7556381226, 52.2083587646, -48.7047843933, -132.940231323, 70.7816848755, 53.1409873962], [-1032.52783203, -67.0620269775, 346.967956543, 413.517913818, 208.754730225, 111.64730072, -22.4413318634, 36.8629455566, 21.6234645844, 46.1184234619, -77.4111022949, 4.69630050659, 13.791852951], [-672.019775391, -30.6626720428, 82.7362518311, 208.754730225, 475.098876953, 48.9602203369, -79.6656723022, -87.9855957031, 1.85606861115, 131.772277832, -51.456817627, -37.2876853943, 22.5093955994], [-623.008117676, 7.10249757767, 211.243118286, 111.64730072, 48.9602203369, 226.521560669, 62.2721710205, 10.3315286636, 52.6942253113, 11.8329982758, -5.19411611557, 21.1326541901, 4.22353029251], [-405.540405273, 35.5600738525, 163.590118408, -22.4413318634, -79.6656723022, 62.2721710205, 263.963317871, 51.0036888123, 17.332862854, -30.7756290436, 2.55384325981, 34.2328300476, 15.4481592178], [-260.488220215, 61.7342262268, 86.7556381226, 36.8629455566, -87.9855957031, 10.3315286636, 51.0036888123, 213.822235107, 26.1783256531, -34.3425865173, -12.6604385376, 35.4636192322, 8.61800575256], [-120.196708679, -26.1373062134, 52.2083587646, 21.6234645844, 1.85606861115, 52.6942253113, 17.332862854, 26.1783256531, 110.303726196, 22.5111579895, 6.96092319489, -6.93187570572, 1.31736004353], [-21.3295230865, -42.7915687561, -48.7047843933, 46.1184234619, 131.772277832, 11.8329982758, -30.7756290436, -34.3425865173, 22.5111579895, 119.460990906, 10.7115411758, -10.826010704, -12.1745243073], [194.02784729, 44.4371032715, -132.940231323, -77.4111022949, -51.456817627, -5.19411611557, 2.55384325981, -12.6604385376, 6.96092319489, 10.7115411758, 143.062957764, 17.315158844, -1.92306828499], [-174.601776123, 33.3910179138, 70.7816848755, 4.69630050659, -37.2876853943, 21.1326541901, 34.2328300476, 35.4636192322, -6.93187570572, -10.826010704, 17.315158844, 88.1831970215, 19.526517868], [-156.255203247, 36.9638023376, 53.1409873962, 13.791852951, 22.5093955994, 4.22353029251, 15.4481592178, 8.61800575256, 1.31736004353, -12.1745243073, -1.92306828499, 19.526517868, 76.5329818726]]
        icov: [[0.000291517440928, 0.000325149885612, 0.000463846896309, 0.000233571772696, 0.000333987671183, 0.000119572752737, 0.000176384390215, 0.000119094227557, 1.45087342389e-05, -5.87183021707e-05, 0.000190066552022, 4.33412606071e-05, -9.5738498203e-05], [0.000325149885612, 0.00168396357913, 0.000436946080299, 0.00064760731766, 8.14229279058e-05, -6.53477327432e-05, 0.000215701758862, -0.000391314155422, 0.000464801676571, 0.000329664995661, -0.000273556244792, -2.56738962889e-06, -0.000551162986085], [0.000463846896309, 0.000436946080299, 0.00284663424827, -0.00110136170406, 0.000499735120684, -0.000544341048226, -0.000670311157592, 0.000428598606959, -0.000656682939734, 0.00110047007911, 0.00157527229749, -0.00114695669618, -0.000553433375899], [0.000233571772696, 0.00064760731766, -0.00110136170406, 0.00545557634905, -0.0014470377937, -0.00117810175288, 0.00134634273127, -0.00150043400936, 0.000735137145966, -0.000807235366665, 0.000672928348649, 0.000362633698387, 0.000116820359835], [0.000333987671183, 8.14229279058e-05, 0.000499735120684, -0.0014470377937, 0.00522046536207, -0.000296077138046, 0.000754898821469, 0.00146200123709, 0.00101453159004, -0.0046772621572, 0.00127460528165, 0.00148801680189, -0.00238885777071], [0.000119572752737, -6.53477327432e-05, -0.000544341048226, -0.00117810175288, -0.000296077138046, 0.00687932688743, -0.00112115975935, 0.000938406330533, -0.00286096567288, 0.000468107085908, -0.000772606523242, -0.00121597351972, 0.00110857281834], [0.000176384390215, 0.000215701758862, -0.000670311157592, 0.00134634273127, 0.000754898821469, -0.00112115975935, 0.00520213320851, -0.000710293010343, 0.000247748714173, -0.000401019322453, -8.21582507342e-05, -0.000281805463601, -0.000649690977298], [0.000119094227557, -0.000391314155422, 0.000428598606959, -0.00150043400936, 0.00146200123709, 0.000938406330533, -0.000710293010343, 0.0065369089134, -0.00213508587331, 0.000751067127567, 0.00100300949998, -0.00212446856312, 5.39048887731e-05], [1.45087342389e-05, 0.000464801676571, -0.000656682939734, 0.000735137145966, 0.00101453159004, -0.00286096567288, 0.000247748714173, -0.00213508587331, 0.0122467279434, -0.00384225929156, -0.00102955591865, 0.00324227404781, -0.00149657507427], [-5.87183021707e-05, 0.000329664995661, 0.00110047007911, -0.000807235366665, -0.0046772621572, 0.000468107085908, -0.000401019322453, 0.000751067127567, -0.00384225929156, 0.0155003601685, -0.00169437064324, -0.00215644249693, 0.00348791666329], [0.000190066552022, -0.000273556244792, 0.00157527229749, 0.000672928348649, 0.00127460528165, -0.000772606523242, -8.21582507342e-05, 0.00100300949998, -0.00102955591865, -0.00169437064324, 0.00964392349124, -0.00254307501018, -0.000484139483888], [4.33412606071e-05, -2.56738962889e-06, -0.00114695669618, 0.000362633698387, 0.00148801680189, -0.00121597351972, -0.000281805463601, -0.00212446856312, 0.00324227404781, -0.00215644249693, -0.00254307501018, 0.0155157446861, -0.00367507245392], [-9.5738498203e-05, -0.000551162986085, -0.000553433375899, 0.000116820359835, -0.00238885777071, 0.00110857281834, -0.000649690977298, 5.39048887731e-05, -0.00149657507427, 0.00348791666329, -0.000484139483888, -0.00367507245392, 0.0157728008926]]
    spectral_contrast:
        mean: [-2.68086921551e-07, -1.85728623592e-07, -1.72210405935e-07, -6.58624443872e-08, 3.05780645249e-07, -1.27861298438e-07, 3.66865901924e-06, -6.80440280121e-07, -6.48044931495e-07, -1.90568911762e-07, -1.89628508451e-06, 3.58319334737e-06]
        var: [0.000917734985705, 0.00114114151802, 0.00247272709385, 0.00327561167069, 0.00441915448755, 0.0146477771923, 0.0698883086443, 0.148901686072, 0.221007615328, 0.344334244728, 0.450644105673, 3.94215869904]

rhythm:
    beats_loudness:
        dmean: 0.00324295577593
        dmean2: 0.00560160167515
        dvar: 5.12350197823e-06
        dvar2: 1.42251710713e-05
        max: 0.0107900900766
        mean: 0.00477746734396
        min: 0.000389677123167
        var: 6.93470201441e-06
    beats_loudness_bass:
        dmean: 0.277432829142
        dmean2: 0.410463184118
        dvar: 0.0605262219906
        dvar2: 0.133238866925
        max: 0.946438312531
        mean: 0.361487925053
        min: 0.0182099435478
        var: 0.0962855070829
    bpm: 123.759315491
    bpm_confidence: 0
    first_peak_bpm: 123
    first_peak_spread: 0
    first_peak_weight: 0.947368383408
    onset_rate: 5.19745445251
    second_peak_bpm: 98
    second_peak_spread: 0
    second_peak_weight: 0.0526315793395
    beats_position: [0.473832368851, 0.959964215755, 1.44609606266, 1.93222784996, 2.41835975647, 2.90449142456, 3.39062309265, 3.87675476074, 4.36288642883, 4.84901809692, 5.33514976501, 5.82128143311, 6.4332652092, 6.9170050621, 7.40074586868, 7.88448667526, 8.368227005, 8.85196685791, 9.33570766449, 9.81944847107]
    bpm_estimates: [124.148933411, 123.876571655, 120.856033325, 123.407409668, 123.853050232, 124.468658447, 123.787033081, 124.076278687, 123.495079041, 123.108314514, 124.160865784, 125.464103699, 124.16884613]
    bpm_intervals: [0.486131846905, 0.486131846905, 0.4861317873, 0.486131906509, 0.486131668091, 0.486131668091, 0.486131668091, 0.486131668091, 0.486131668091, 0.486131668091, 0.486131668091, 0.611983776093, 0.483739852905, 0.48374080658, 0.48374080658, 0.483740329742, 0.483739852905, 0.48374080658, 0.48374080658]
    onset_times: [0.0696598663926, 0.255419492722, 0.452789127827, 0.743038535118, 0.859138309956, 1.11455786228, 1.23065757751, 1.43963718414, 1.63700675964, 1.91564631462, 2.40326523781, 2.75156474113, 2.97215414047, 3.15791392326, 3.20435380936, 3.39011335373, 3.61070299149, 3.73841261864, 3.85451245308, 3.98222231865, 4.12154197693, 4.28408145905, 4.35374164581, 4.40018129349, 4.43501138687, 4.65560102463, 4.841360569, 5.1780500412, 5.3754196167, 5.67727899551, 5.83981847763, 6.32743787766, 6.57124710083, 6.65251684189, 6.78022670746, 7.31428575516, 7.40716552734, 7.52326536179, 7.59292507172, 7.73224496841, 7.8251247406, 7.91800451279, 8.01088428497, 8.12698459625, 8.27791404724, 8.498503685, 8.71909332275, 8.97451210022, 9.22993183136, 9.287981987, 9.46213150024, 9.682721138]
    rubato_start: []
    rubato_stop: []
    perceptual_tempo: "unknown"

sfx:
    inharmonicity:
        dmean: 0.0333688631654
        dmean2: 0.0591968372464
        dvar: 0.0020913919434
        dvar2: 0.00573709886521
        max: 0.349515378475
        mean: 0.0333599373698
        min: 0
        var: 0.00193513918202
    oddtoevenharmonicenergyratio:
        dmean: 15.1176624298
        dmean2: 29.7009735107
        dvar: 20872.3417969
        dvar2: 62559.3242188
        max: 2079.35009766
        mean: 8.08048343658
        min: 0
        var: 10496.9199219
    pitch_after_max_to_before_max_energy_ratio: 0.31688067317
    pitch_centroid: 182.736984253
    pitch_max_to_total: 0.654292345047
    pitch_min_to_total: 0.607888638973
    tristimulus:
        dmean: [0.210524216294, 0.230728045106, 0.086576230824]
        dmean2: [0.361420214176, 0.390949606895, 0.154938235879]
        dvar: [0.0383461900055, 0.0441481135786, 0.0111204581335]
        dvar2: [0.0900264382362, 0.120039589703, 0.0308216027915]
        max: [1, 0.988414168358, 0.642370522022]
        mean: [0.447403967381, 0.438564866781, 0.0878130421042]
        min: [0.0114648621529, 0, 0]
        var: [0.0678328722715, 0.0677094534039, 0.0104748532176]

tonal:
    chords_changes_rate: 0.115207374096
    chords_number_rate: 0.0368663594127
    chords_strength:
        dmean: 0.0139671918005
        dmean2: 0.0174116995186
        dvar: 0.000111129651486
        dvar2: 0.000191617917153
        max: 0.606925487518
        mean: 0.43980178237
        min: 0.293036818504
        var: 0.0043696356006
    key_strength: 0.396227329969
    tuning_diatonic_strength: 0.348464667797
    tuning_equal_tempered_deviation: 0.19713152945
    tuning_frequency: 453.416503906
    tuning_nontempered_energy_ratio: 0.861017942429
    hpcp:
        dmean: [0.16163854301, 0.148603364825, 0.151502206922, 0.188291341066, 0.228178396821, 0.254785329103, 0.258205741644, 0.22566768527, 0.157945811749, 0.141959220171, 0.132341682911, 0.182762816548, 0.200966253877, 0.179720625281, 0.201119109988, 0.236209988594, 0.181291460991, 0.129088833928, 0.106736235321, 0.120108701289, 0.174145594239, 0.167450159788, 0.120806865394, 0.103923425078, 0.10415533185, 0.0835684761405, 0.0902491882443, 0.121746569872, 0.123498335481, 0.118360906839, 0.122190341353, 0.122085176408, 0.156352519989, 0.176118463278, 0.155198633671, 0.156647607684]
        dmean2: [0.279026150703, 0.266062259674, 0.267779350281, 0.340484976768, 0.393938541412, 0.445650756359, 0.460453927517, 0.395895451307, 0.269433438778, 0.25628426671, 0.234771668911, 0.319707244635, 0.355419099331, 0.316684663296, 0.348664790392, 0.40780544281, 0.3015845716, 0.236402988434, 0.191293269396, 0.204913154244, 0.301688164473, 0.28558537364, 0.211285084486, 0.183646008372, 0.192004263401, 0.150568068027, 0.161309674382, 0.215031340718, 0.221973478794, 0.203924164176, 0.218846842647, 0.221488684416, 0.270376592875, 0.293159097433, 0.261150747538, 0.270112961531]
        dvar: [0.0487626791, 0.0455491840839, 0.0495682395995, 0.0715872868896, 0.0681982785463, 0.0823477804661, 0.0765990316868, 0.0645656883717, 0.0435789898038, 0.0432371124625, 0.0319909974933, 0.0617171674967, 0.0760402083397, 0.0621503666043, 0.0644545629621, 0.0859595239162, 0.0493254624307, 0.0380773246288, 0.0344054922462, 0.0368952788413, 0.0594969838858, 0.059801928699, 0.0354768410325, 0.026377459988, 0.0317800976336, 0.0200668815523, 0.0166337862611, 0.0457858145237, 0.0305639412254, 0.0338105335832, 0.0303432494402, 0.0244994629174, 0.0413383543491, 0.0420902296901, 0.036466114223, 0.0417424663901]
        dvar2: [0.124624013901, 0.122453786433, 0.132124349475, 0.183016315103, 0.155246555805, 0.211143240333, 0.182484686375, 0.148879423738, 0.110908403993, 0.121453739703, 0.0821297243237, 0.149730786681, 0.18991535902, 0.165767580271, 0.174538195133, 0.215630993247, 0.126618474722, 0.100348033011, 0.0894056782126, 0.0885635092854, 0.142771169543, 0.15396399796, 0.0967657119036, 0.0618876740336, 0.0877100676298, 0.0518522486091, 0.0412435233593, 0.124716348946, 0.0839991047978, 0.0900029838085, 0.0823981314898, 0.0662270337343, 0.110851958394, 0.123372249305, 0.0959314107895, 0.110652655363]
        max: [1, 1, 1, 1, 1, 1, 1, 1, 1, 1, 1, 1, 1, 1, 1, 1, 1, 1, 1, 1, 1, 1, 1, 1, 1, 1, 0.707911550999, 1, 1, 1, 1, 1, 1, 1, 1, 1]
        mean: [0.160913720727, 0.148691534996, 0.150118246675, 0.182668209076, 0.230049356818, 0.284623235464, 0.286629736423, 0.258655399084, 0.209484532475, 0.137646272779, 0.116325326264, 0.158796072006, 0.200122639537, 0.176647737622, 0.19100818038, 0.231843054295, 0.186413422227, 0.115040786564, 0.0868619307876, 0.114046297967, 0.180500626564, 0.173100948334, 0.116050280631, 0.0996984168887, 0.0907694026828, 0.0838288068771, 0.0921282246709, 0.108533762395, 0.109705410898, 0.111830703914, 0.110006056726, 0.110683403909, 0.151184469461, 0.186086520553, 0.165087550879, 0.150938019156]
        min: [0.000308714690618, 0.000434867601143, 0.000249932083534, 0, 0.000971278699581, 0.00135989987757, 0.00107251410373, 0.000817399006337, 0, 0, 0.000319173646858, 0.00096423656214, 0.000992830842733, 0.000399417098379, 0.000358714372851, 0.00123408436775, 0.00150183611549, 0.000815981533378, 0, 0, 0.000219566325541, 0.000497207627632, 0.000530870398507, 0.000398825650336, 0, 0, 0, 0.000954811926931, 0.000376536918338, 0.000429893669207, 0.000237667118199, 0, 0.000945704057813, 0.00140806054696, 0.00109047465958, 0.000387250387575]
        var: [0.0572302155197, 0.0500067770481, 0.0522374324501, 0.0790359154344, 0.0847541987896, 0.113473407924, 0.0993968620896, 0.097919203341, 0.0883536860347, 0.0428359173238, 0.0289782825857, 0.0567652843893, 0.0852750465274, 0.0677426084876, 0.0715630427003, 0.103682793677, 0.0601884014904, 0.0313659608364, 0.0268788002431, 0.0357623100281, 0.0733473002911, 0.0712803676724, 0.0382817648351, 0.0320458672941, 0.0279029086232, 0.0201049111784, 0.016002651304, 0.0325647182763, 0.0239770002663, 0.0280371587723, 0.0266656670719, 0.0251071155071, 0.0430024676025, 0.0611355602741, 0.0443007312715, 0.0427247472107]
    chords_histogram: [26.7281112671, 23.9631328583, 0, 0, 0, 0, 8.75576019287, 0, 0, 0, 0, 6.91244220734, 0, 0, 0, 3.68663597107, 0, 0, 5.99078321457, 0, 0, 0, 5.0691242218, 18.8940086365]
    thpcp: [1, 0.90240252018, 0.730854153633, 0.48022326827, 0.405838310719, 0.554011166096, 0.698192179203, 0.616292417049, 0.666393458843, 0.808859050274, 0.650363147259, 0.401356786489, 0.303045779467, 0.397887170315, 0.629734456539, 0.60391831398, 0.40487870574, 0.34782999754, 0.316678255796, 0.292463749647, 0.321418941021, 0.378654927015, 0.382742613554, 0.390157371759, 0.38379150629, 0.386154651642, 0.527455627918, 0.649222671986, 0.575960993767, 0.526595830917, 0.561399281025, 0.518758237362, 0.523735761642, 0.637296795845, 0.802601158619, 0.99299967289]
    chords_key: "E"
    chords_scale: "major"
    key_key: "E"
    key_scale: "major"
    chords_progression: ["Gm", "Gm", "Gm", "Gm", "Gm", "Gm", "Gm", "Gm", "Gm", "Gm", "Gm", "Gm", "Gm", "Gm", "G", "G", "G", "G", "G", "G", "G", "G", "G", "G", "G", "G", "E", "E", "G#m", "G#m", "G#m", "G#m", "Gm", "G", "G#m", "G#m", "G#m", "G#m", "G#m", "G#m", "G#m", "G#m", "G#m", "G#m", "G#m", "E", "E", "E", "E", "E", "E", "E", "E", "E", "E", "E", "E", "E", "E", "E", "E", "E", "E", "E", "E", "E", "E", "E", "C#m", "C#m", "C#m", "C#m", "C#m", "C#m", "C#m", "C#m", "C#m", "A", "C#m", "A", "C#m", "C#m", "C#m", "A", "C#m", "C#m", "C#m", "C#m", "C#m", "C#m", "C#m", "C#m", "C#m", "C#m", "C#m", "C#m", "C#m", "C#m", "C#m", "C#m", "C#m", "C#m", "C#m", "C#m", "C#m", "C#", "C#", "C#m", "C#m", "C#m", "C#m", "C#m", "C#m", "C#m", "C#", "C#", "C#", "C#", "C#", "C#", "C#", "C#", "C#", "C#", "C#", "C#", "C#", "C#", "C#", "C#", "C#", "G#m", "G#m", "G#m", "G#m", "G#m", "G#m", "G#m", "G#m", "G#m", "G#m", "G#m", "G#m", "E", "E", "E", "E", "E", "E", "E", "E", "E", "E", "E", "E", "E", "E", "E", "E", "E", "E", "E", "E", "A", "A", "A", "A", "A", "A", "A", "A", "E", "E", "E", "E", "E", "E", "E", "E", "E", "E", "E", "E", "E", "Am", "G#m", "G#m", "Am", "Am", "Am", "Am", "Am", "Am", "Am", "G#m", "G#m", "G#m", "G#m", "G#m", "G#m", "G#m", "G#m", "G#m", "G#m", "G#m", "G#m", "G#m", "G#m", "G#m", "G#m", "G#m", "G#m", "G#m", "G#m", "G#m", "G#m", "G#m"]
