
metadata:
    version:
        essentia: "1.2.2"
    audio_properties:
        analysis_sample_rate: 44100
        bitrate: 128
        channels: 2
        equal_loudness: 1
        length: 10.0048980713
        replay_gain: -14.2272701263
        downmix: "mix"
    tags:
        track: 36
        year: 0
        album: "Splitted by Mp3Splt v. 2.1"
        artist: "From 005.50 To 006.00"
        comment: "http://mp3splt.sf.net"
        genre: ""
        title: "11 Cominagetcha.mp3"

highlevel:
    ballroom:
        all:
            ChaChaCha: 0.285196304321
            Jive: 0.179629400373
            Quickstep: 0.0348961055279
            Rumba-American: 0.00225498247892
            Rumba-International: 0.00598286837339
            Rumba-Misc: 0.00234475685284
            Samba: 0.475821048021
            Tango: 0.00591983553022
            VienneseWaltz: 0.00215336936526
            Waltz: 0.00580132380128
        probability: 0.475821048021
        value: "Samba"
    culture:
        all:
            non_western: 0.07033829391
            western: 0.929661691189
        probability: 0.929661691189
        value: "western"
    gender:
        all:
            female: 0.75156879425
            male: 0.248431235552
        probability: 0.75156879425
        value: "female"
    genre_dortmund:
        all:
            alternative: 0.160454273224
            blues: 0.139849916101
            electronic: 0.0883966758847
            folkcountry: 0.0604545623064
            funksoulrnb: 0.00818401854485
            jazz: 0.13454644382
            pop: 0.0659131854773
            raphiphop: 0.0125076649711
            rock: 0.329693257809
        probability: 0.329693257809
        value: "rock"
    genre_electronica:
        all:
            ambient: 0.275746613741
            dnb: 0.460621714592
            house: 0.135905593634
            techno: 0.055592931807
            trance: 0.0721331387758
        probability: 0.460621714592
        value: "dnb"
    genre_rosamerica:
        all:
            cla: 0.0615117624402
            dan: 0.574324309826
            hip: 0.0490455925465
            jaz: 0.0405050478876
            pop: 0.0814963951707
            rhy: 0.0429852679372
            roc: 0.142068013549
            spe: 0.00806359760463
        probability: 0.574324309826
        value: "dan"
    genre_tzanetakis:
        all:
            blu: 0.0110841346905
            cla: 0.00993986148387
            cou: 0.0159198492765
            dis: 0.206382200122
            hip: 0.0562694221735
            jaz: 0.0307164005935
            met: 0.0767668262124
            pop: 0.362257987261
            reg: 0.150222942233
            roc: 0.0804403573275
        probability: 0.362257987261
        value: "pop"
    live_studio:
        all:
            live: 0.0779799073935
            studio: 0.922020077705
        probability: 0.922020077705
        value: "studio"
    mood:
        all:
            Cluster1: 0.542460024357
            Cluster2: 0.0978329703212
            Cluster3: 0.13188290596
            Cluster4: 0.0582031235099
            Cluster5: 0.169621005654
        probability: 0.542460024357
        value: "Cluster1"
    mood_acoustic:
        all:
            acoustic: 0.113968938589
            not_acoustic: 0.886031091213
        probability: 0.886031091213
        value: "not_acoustic"
    mood_aggressive:
        all:
            aggressive: 0.289898961782
            not_aggressive: 0.710101008415
        probability: 0.710101008415
        value: "not_aggressive"
    mood_electronic:
        all:
            electronic: 0.785669207573
            not_electronic: 0.214330807328
        probability: 0.785669207573
        value: "electronic"
    mood_happy:
        all:
            happy: 0.164731606841
            not_happy: 0.835268378258
        probability: 0.835268378258
        value: "not_happy"
    mood_party:
        all:
            not_party: 0.587019145489
            party: 0.412980854511
        probability: 0.587019145489
        value: "not_party"
    mood_relaxed:
        all:
            not_relaxed: 0.259201735258
            relaxed: 0.74079823494
        probability: 0.74079823494
        value: "relaxed"
    mood_sad:
        all:
            not_sad: 0.35839048028
            sad: 0.641609549522
        probability: 0.641609549522
        value: "sad"
    rhythm:
        all:
            fast: 0.489706516266
            medium: 0.161599159241
            slow: 0.348694324493
        probability: 0.489706516266
        value: "fast"
    speech_music:
        all:
            music: 0.89995020628
            speech: 0.10004979372
        probability: 0.89995020628
        value: "music"
    timbre:
        all:
            bright: 0.746734797955
            dark: 0.253265202045
        probability: 0.746734797955
        value: "bright"
    voice_instrumental:
        all:
            instrumental: 0.749327778816
            voice: 0.250672221184
        probability: 0.749327778816
        value: "instrumental"

lowlevel:
    average_loudness: 0.434136629105
    barkbands_kurtosis:
        dmean: 0.93622148037
        dmean2: 1.51182079315
        dvar: 1.86324250698
        dvar2: 4.24204349518
        max: 11.7014417648
        mean: -0.338134467602
        min: -1.87640404701
        var: 3.81116867065
    barkbands_skewness:
        dmean: 0.457665920258
        dmean2: 0.72592663765
        dvar: 0.242003127933
        dvar2: 0.517314136028
        max: 3.31808805466
        mean: 0.719045460224
        min: -1.40904033184
        var: 0.722314655781
    barkbands_spread:
        dmean: 5.82118225098
        dmean2: 9.22826576233
        dvar: 31.0659294128
        dvar2: 66.5622634888
        max: 58.1797561646
        mean: 38.0626792908
        min: 9.0759267807
        var: 103.712226868
    dissonance:
        dmean: 0.0107575813308
        dmean2: 0.017335806042
        dvar: 0.000284758454654
        dvar2: 0.00064049125649
        max: 0.500000178814
        mean: 0.480354368687
        min: 0.349464118481
        var: 0.000338791083777
    hfc:
        dmean: 1.31561553478
        dmean2: 1.92313325405
        dvar: 9.83494281769
        dvar2: 20.4201049805
        max: 26.3661499023
        mean: 2.49273753166
        min: 0.00423956196755
        var: 18.03490448
    pitch:
        dmean: 739.086303711
        dmean2: 1420.68981934
        dvar: 1421375
        dvar2: 3528208.25
        max: 4009.09082031
        mean: 1113.0892334
        min: 43.5770759583
        var: 1794359.25
    pitch_instantaneous_confidence:
        dmean: 0.0800275653601
        dmean2: 0.12292098999
        dvar: 0.00608070287853
        dvar2: 0.0128956167027
        max: 0.731434047222
        mean: 0.43346336484
        min: 0.130106627941
        var: 0.0286785513163
    pitch_salience:
        dmean: 0.0678015351295
        dmean2: 0.110331378877
        dvar: 0.00362597196363
        dvar2: 0.0101765897125
        max: 0.856859147549
        mean: 0.640369057655
        min: 0.407854795456
        var: 0.00855880044401
    silence_rate_20dB:
        dmean: 0
        dmean2: 0
        dvar: 0
        dvar2: 0
        max: 1
        mean: 1
        min: 1
        var: 0
    silence_rate_30dB:
        dmean: 0
        dmean2: 0
        dvar: 0
        dvar2: 0
        max: 1
        mean: 1
        min: 1
        var: 0
    silence_rate_60dB:
        dmean: 0.0746268630028
        dmean2: 0.149625942111
        dvar: 0.0690577551723
        dvar2: 0.147188320756
        max: 1
        mean: 0.779156327248
        min: 0
        var: 0.172071903944
    spectral_centroid:
        dmean: 266.696777344
        dmean2: 428.023498535
        dvar: 86793.765625
        dvar2: 181489.546875
        max: 2800.28735352
        mean: 1154.03588867
        min: 354.088409424
        var: 267356
    spectral_complexity:
        dmean: 2.16666674614
        dmean2: 3.46900272369
        dvar: 22.9668521881
        dvar2: 45.1870574951
        max: 43
        mean: 5.13672924042
        min: 0
        var: 51.5872192383
    spectral_crest:
        dmean: 2.03593206406
        dmean2: 3.39274263382
        dvar: 3.87964057922
        dvar2: 11.3693714142
        max: 16.7510700226
        mean: 7.80730772018
        min: 3.1039788723
        var: 7.35434484482
    spectral_decrease:
        dmean: 2.5881011223e-10
        dmean2: 3.95943861031e-10
        dvar: 2.87789602642e-19
        dvar2: 6.42050767224e-19
        max: -8.00330504994e-13
        mean: -5.10616549043e-10
        min: -4.13321199488e-09
        var: 6.02227707596e-19
    spectral_energy:
        dmean: 0.00107857317198
        dmean2: 0.00162578606978
        dvar: 4.89678541271e-06
        dvar2: 1.0675982594e-05
        max: 0.0162815805525
        mean: 0.00215328345075
        min: 3.40517408404e-06
        var: 1.0569553524e-05
    spectral_energyband_high:
        dmean: 9.59636163316e-05
        dmean2: 0.000140650896356
        dvar: 4.58819719995e-08
        dvar2: 8.4458825711e-08
        max: 0.00199846201576
        mean: 0.000144235935295
        min: 2.09955230979e-09
        var: 8.92944242992e-08
    spectral_energyband_low:
        dmean: 0.00021879459382
        dmean2: 0.000377582124202
        dvar: 2.58967219224e-07
        dvar2: 6.96088932273e-07
        max: 0.00412482535467
        mean: 0.00036445207661
        min: 4.85227815261e-07
        var: 2.72292140835e-07
    spectral_energyband_middle_high:
        dmean: 0.000289005547529
        dmean2: 0.000441489944933
        dvar: 5.60390958526e-07
        dvar2: 1.2928292108e-06
        max: 0.00710891373456
        mean: 0.000551957054995
        min: 1.48896094743e-06
        var: 8.33901538044e-07
    spectral_energyband_middle_low:
        dmean: 0.000668853463139
        dmean2: 0.00109346199315
        dvar: 2.3608306492e-06
        dvar2: 5.65073969483e-06
        max: 0.0106495711952
        mean: 0.00109263323247
        min: 9.46767386267e-07
        var: 4.11893188357e-06
    spectral_flatness_db:
        dmean: 0.0179344248027
        dmean2: 0.0293694101274
        dvar: 0.000274581485428
        dvar2: 0.000677167030517
        max: 0.258642345667
        mean: 0.180519223213
        min: 0.0829988270998
        var: 0.00157327612396
    spectral_flux:
        dmean: 0.00794729124755
        dmean2: 0.0120536275208
        dvar: 0.000157114263857
        dvar2: 0.000343452207744
        max: 0.102309845388
        mean: 0.0205640941858
        min: 0.00029256081325
        var: 0.000482379458845
    spectral_kurtosis:
        dmean: 2.26697587967
        dmean2: 3.90508961678
        dvar: 7.88580274582
        dvar2: 19.4341087341
        max: 28.1302928925
        mean: 4.31229066849
        min: 0.881629943848
        var: 11.0088729858
    spectral_rms:
        dmean: 0.000268332689302
        dmean2: 0.000383259437513
        dvar: 1.79068237571e-07
        dvar2: 3.58166801107e-07
        max: 0.00398553255945
        mean: 0.0011185813928
        min: 5.76378442929e-05
        var: 8.49539389947e-07
    spectral_rolloff:
        dmean: 496.768615723
        dmean2: 828.186462402
        dvar: 485225.125
        dvar2: 1120977.75
        max: 4177.44140625
        mean: 2587.10131836
        min: 279.931640625
        var: 919141.125
    spectral_skewness:
        dmean: 0.2641941607
        dmean2: 0.439004033804
        dvar: 0.0852010548115
        dvar2: 0.203490361571
        max: 3.65410733223
        mean: 1.26998364925
        min: 0.338753193617
        var: 0.166057109833
    spectral_spread:
        dmean: 544820.5
        dmean2: 714137.0625
        dvar: 1.21955916186e+12
        dvar2: 1.55233615872e+12
        max: 24001674
        mean: 4074300.75
        min: 1745909.5
        var: 3.20473582797e+12
    spectral_strongpeak:
        dmean: 0.087870426476
        dmean2: 0.153331845999
        dvar: 0.0629410520196
        dvar2: 0.181609138846
        max: 2.51464939117
        mean: 0.146762743592
        min: 0.00212973216549
        var: 0.0958141312003
    zerocrossingrate:
        dmean: 0.00886650476605
        dmean2: 0.01095934771
        dvar: 7.37275040592e-05
        dvar2: 9.81421399047e-05
        max: 0.1474609375
        mean: 0.0610417015851
        min: 0.02197265625
        var: 0.000466050638352
    barkbands:
        dmean: [1.56171893195e-07, 6.28934576525e-05, 0.000174205022631, 0.000304995221086, 0.000341292878147, 0.000104393802758, 4.15060494561e-05, 3.42004641425e-05, 2.6863966923e-05, 1.6021909687e-05, 1.46020774991e-05, 9.3701055448e-06, 8.99501537788e-06, 1.43657580338e-05, 1.39336325446e-05, 3.91395333281e-05, 4.16312468587e-05, 7.85797019489e-05, 7.15358764865e-05, 7.8259712609e-05, 3.52275055775e-05, 2.6042560421e-05, 3.62712785318e-06, 1.57877798301e-06, 8.52838866194e-07, 9.07338630896e-08, 1.99937844059e-09]
        dmean2: [2.58657252061e-07, 0.000107385822048, 0.000304151995806, 0.000494281761348, 0.000574479228817, 0.000175034481799, 7.23258199287e-05, 5.88719121879e-05, 4.64477161586e-05, 2.82600922219e-05, 2.31407575484e-05, 1.5348819943e-05, 1.42946501001e-05, 2.43357208092e-05, 2.2827722205e-05, 6.31390139461e-05, 6.6589738708e-05, 0.000126947415993, 0.000109883505502, 0.0001243987208, 4.83552103105e-05, 3.79746234103e-05, 5.15315150551e-06, 2.19461639972e-06, 1.20740719467e-06, 1.40426763551e-07, 2.16693574195e-09]
        dvar: [1.84848826783e-13, 2.18766942339e-08, 1.91297502283e-07, 8.22162007807e-07, 8.03165505658e-07, 6.44013411488e-08, 1.14639142623e-08, 9.52439904722e-09, 4.55734783245e-09, 2.01545757861e-09, 1.22840737582e-09, 7.14316383821e-10, 4.39229819182e-10, 1.07388520298e-09, 1.70384328868e-09, 5.69805136408e-09, 1.39225866391e-08, 4.0601769058e-08, 3.55670763952e-08, 3.6071369891e-08, 6.19119466805e-09, 4.57437865364e-09, 7.94462828857e-11, 1.49752380635e-11, 5.2860220541e-12, 5.78980765241e-14, 1.12889692474e-15]
        dvar2: [5.22985084059e-13, 5.76849252809e-08, 5.2278505791e-07, 2.19494381781e-06, 2.14540341403e-06, 1.74695941269e-07, 3.08773877578e-08, 2.54971048719e-08, 1.17156746526e-08, 5.71095615243e-09, 3.37716743459e-09, 1.62214319754e-09, 1.13616860364e-09, 2.97656188586e-09, 4.5149457506e-09, 1.39533318233e-08, 3.14073780316e-08, 9.88016708448e-08, 7.85524392199e-08, 8.74349268543e-08, 1.11092992583e-08, 8.5296250063e-09, 1.45518833095e-10, 2.74928049077e-11, 1.2210175579e-11, 1.34988889641e-13, 1.12965967791e-15]
        max: [3.2315383578e-06, 0.00115656596608, 0.00388141814619, 0.00819100718945, 0.00758678698912, 0.00214664032683, 0.000961215584539, 0.000896511483006, 0.000504221592564, 0.000376581330784, 0.000393963069655, 0.000290974334348, 0.000250411918387, 0.000252901721979, 0.000355953088729, 0.000772341561969, 0.00150690751616, 0.00194115994964, 0.00185400794726, 0.00158493220806, 0.000804868235718, 0.000782527087722, 7.6612806879e-05, 3.99380332965e-05, 2.47904063144e-05, 1.75540174041e-06, 6.4987142423e-07]
        mean: [2.32179672821e-07, 0.000123902995256, 0.000240321853198, 0.000330358772771, 0.00046098625171, 0.000163570031873, 5.45337970834e-05, 4.37438975496e-05, 3.64981679013e-05, 2.0349973056e-05, 2.77839390037e-05, 1.48855360749e-05, 1.53064956976e-05, 2.11622500501e-05, 1.74996876012e-05, 7.57543457439e-05, 5.93842596572e-05, 0.000129059990286, 0.000109877844807, 0.000113270420115, 5.50916447537e-05, 3.15360084642e-05, 4.99243378727e-06, 2.08994060813e-06, 9.98263317342e-07, 9.09665516247e-08, 1.98449079392e-09]
        min: [9.87033718647e-12, 1.32278742626e-07, 3.03867579987e-07, 1.03496134329e-07, 4.77966011658e-07, 1.88007120983e-08, 2.5404967019e-09, 7.14890868725e-10, 3.0781397431e-09, 1.53579744477e-08, 2.32603252215e-08, 1.84301907069e-08, 1.39534046539e-08, 4.16542214055e-08, 2.32716743653e-08, 1.26010903045e-07, 6.823757559e-08, 4.46454926362e-08, 3.97210841996e-09, 3.74650488411e-09, 8.18670575775e-10, 3.22486704007e-10, 7.32281388305e-11, 4.04351066519e-11, 3.932794021e-11, 2.01804154984e-12, 2.26516871124e-14]
        var: [2.65225124849e-13, 4.0368185239e-08, 1.76198184931e-07, 7.57620057357e-07, 1.13096268706e-06, 1.0286534291e-07, 1.4366198009e-08, 1.08665476617e-08, 6.7514820401e-09, 1.83778914309e-09, 2.23772245178e-09, 1.03394248718e-09, 7.17375381321e-10, 1.20880672139e-09, 1.64573710215e-09, 1.33150130921e-08, 1.60428310636e-08, 5.76170222644e-08, 4.57112143692e-08, 5.87954396281e-08, 1.31759341215e-08, 7.02548152987e-09, 1.38287437057e-10, 2.47037043599e-11, 6.61750081815e-12, 6.16579202517e-14, 1.12888612507e-15]
    mfcc:
        mean: [-840.318359375, 131.438720703, -50.6004257202, 81.7713623047, 3.2840321064, 9.53750228882, 7.6431927681, 5.98456859589, -2.13723278046, -10.2740287781, -13.1802349091, -10.253285408, -4.18047332764]
        cov: [[16716.0585938, -2865.43017578, 2562.40893555, -1267.47961426, -1090.25585938, -660.899108887, -876.939025879, -535.801391602, -148.162612915, 42.5578956604, 573.164489746, 339.508178711, -79.0799713135], [-2865.43017578, 915.144836426, -467.275817871, 196.959747314, 245.109100342, 128.295913696, 189.552062988, 142.727935791, 64.2119064331, -25.2631435394, -136.850616455, -59.158706665, 29.2360477448], [2562.40893555, -467.275817871, 674.565673828, -243.022598267, -157.451766968, -139.080276489, -198.666351318, -88.0184707642, -11.1343393326, -8.75210475922, 87.2316360474, 71.492729187, 4.40804243088], [-1267.47961426, 196.959747314, -243.022598267, 328.033813477, 128.540557861, 62.906463623, 86.5666885376, 70.6812438965, 24.5137271881, 13.5664138794, -66.020866394, -64.9511489868, 0.438904374838], [-1090.25585938, 245.109100342, -157.451766968, 128.540557861, 169.170394897, 62.0145072937, 72.1482543945, 46.9783058167, 28.1692295074, -4.82596874237, -62.7373695374, -31.0729656219, 16.037317276], [-660.899108887, 128.295913696, -139.080276489, 62.906463623, 62.0145072937, 150.871810913, 100.264671326, 25.3303546906, -5.59488010406, 23.6496238708, -12.739235878, -46.9098815918, -12.6567659378], [-876.939025879, 189.552062988, -198.666351318, 86.5666885376, 72.1482543945, 100.264671326, 179.665756226, 70.3677215576, -3.69864320755, 5.21431589127, -25.8283615112, -26.5545806885, -31.4050979614], [-535.801391602, 142.727935791, -88.0184707642, 70.6812438965, 46.9783058167, 25.3303546906, 70.3677215576, 77.8324127197, 14.7891454697, -6.37158584595, -24.7000370026, -11.3907995224, -9.50604152679], [-148.162612915, 64.2119064331, -11.1343393326, 24.5137271881, 28.1692295074, -5.59488010406, -3.69864320755, 14.7891454697, 42.6014404297, 10.0223379135, -15.8192901611, -6.15178537369, 9.39113044739], [42.5578956604, -25.2631435394, -8.75210475922, 13.5664138794, -4.82596874237, 23.6496238708, 5.21431589127, -6.37158584595, 10.0223379135, 63.4867935181, 17.1189117432, -26.1540756226, -1.08538734913], [573.164489746, -136.850616455, 87.2316360474, -66.020866394, -62.7373695374, -12.739235878, -25.8283615112, -24.7000370026, -15.8192901611, 17.1189117432, 85.1783218384, 29.5857849121, -30.8425769806], [339.508178711, -59.158706665, 71.492729187, -64.9511489868, -31.0729656219, -46.9098815918, -26.5545806885, -11.3907995224, -6.15178537369, -26.1540756226, 29.5857849121, 93.9362258911, 7.3161740303], [-79.0799713135, 29.2360477448, 4.40804243088, 0.438904374838, 16.037317276, -12.6567659378, -31.4050979614, -9.50604152679, 9.39113044739, -1.08538734913, -30.8425769806, 7.3161740303, 68.4007415771]]
        icov: [[0.000237275540712, 0.000314767472446, -0.000508306373376, 0.000151509972056, 0.000450064922916, 0.000111956469482, -0.000139240684803, 0.000169729522895, -0.000275751313893, -7.92018181528e-06, -0.00016205709835, 4.8605936172e-05, 5.88058901485e-06], [0.000314767472446, 0.00335511541925, 0.000635262927972, 0.00123279716354, -0.00142831774428, -0.000494806561619, -0.000139048657729, -0.00248047104105, -0.00261977524497, 0.00112575932872, 0.000649946101476, 0.00027180701727, -0.000642689818051], [-0.000508306373376, 0.000635262927972, 0.00448108417913, 0.00129622849636, -0.00149726297241, -0.000100998870039, 0.00259374640882, -0.00210392847657, -0.000610149814747, 0.000508958473802, -0.000200810391107, -0.000187064099009, 9.58604723564e-05], [0.000151509972056, 0.00123279716354, 0.00129622849636, 0.00622834824026, -0.00309512577951, 0.000321731873555, 0.00104704429395, -0.00393181340769, -0.000182458665222, -0.00118233531248, 0.00123734027147, 0.00172538787592, 0.000623935949989], [0.000450064922916, -0.00142831774428, -0.00149726297241, -0.00309512577951, 0.0150921782479, -0.0028758989647, -0.00178471952677, 0.00217558932491, -0.00526702590287, 0.00167086569127, 0.00327137135901, -0.00104312575422, -0.00100425316487], [0.000111956469482, -0.000494806561619, -0.000100998870039, 0.000321731873555, -0.0028758989647, 0.0144882481545, -0.00756107131019, 0.00362687534653, 0.00313741457649, -0.00240817479789, -0.00379718630575, 0.00505509786308, -0.0019888067618], [-0.000139240684803, -0.000139048657729, 0.00259374640882, 0.00104704429395, -0.00178471952677, -0.00756107131019, 0.0183285325766, -0.0114700812846, 0.00584032712504, -0.00336975022219, 0.00432667508721, -0.00387977971695, 0.00707572884858], [0.000169729522895, -0.00248047104105, -0.00210392847657, -0.00393181340769, 0.00217558932491, 0.00362687534653, -0.0114700812846, 0.0293151009828, -0.00737053109333, 0.00353113701567, -0.000542892434169, 0.000128582396428, 0.00119548453949], [-0.000275751313893, -0.00261977524497, -0.000610149814747, -0.000182458665222, -0.00526702590287, 0.00313741457649, 0.00584032712504, -0.00737053109333, 0.0373578704894, -0.0118538765237, 0.00500946957618, -0.0022817470599, 0.00149976473767], [-7.92018181528e-06, 0.00112575932872, 0.000508958473802, -0.00118233531248, 0.00167086569127, -0.00240817479789, -0.00336975022219, 0.00353113701567, -0.0118538765237, 0.0271097514778, -0.0121183525771, 0.00947882793844, -0.00682980706915], [-0.00016205709835, 0.000649946101476, -0.000200810391107, 0.00123734027147, 0.00327137135901, -0.00379718630575, 0.00432667508721, -0.000542892434169, 0.00500946957618, -0.0121183525771, 0.0304395630956, -0.0113803371787, 0.0140439551324], [4.8605936172e-05, 0.00027180701727, -0.000187064099009, 0.00172538787592, -0.00104312575422, 0.00505509786308, -0.00387977971695, 0.000128582396428, -0.0022817470599, 0.00947882793844, -0.0113803371787, 0.0197265166789, -0.00742028653622], [5.88058901485e-06, -0.000642689818051, 9.58604723564e-05, 0.000623935949989, -0.00100425316487, -0.0019888067618, 0.00707572884858, 0.00119548453949, 0.00149976473767, -0.00682980706915, 0.0140439551324, -0.00742028653622, 0.0249852947891]]
    spectral_contrast:
        mean: [7.75619426463e-08, 4.53137118939e-07, -1.73360831468e-07, 4.57606461168e-07, 4.0933250034e-07, 2.67581697244e-07, 2.70825603366e-06, -1.23459915358e-06, -2.46088873723e-08, -4.58460408481e-06, -2.61269690327e-07, -2.57274746218e-06]
        var: [0.000402452074923, 0.000920954102185, 0.000949886627495, 0.00119483587332, 0.00193738634698, 0.00635142577812, 0.0576455369592, 0.0887776389718, 0.166241556406, 0.193637937307, 0.399622231722, 10.0522146225]

rhythm:
    beats_loudness:
        dmean: 0.00205262028612
        dmean2: 0.0038812677376
        dvar: 6.09710059507e-06
        dvar2: 1.55947891471e-05
        max: 0.0106912096962
        mean: 0.00372681906447
        min: 1.83593945602e-10
        var: 1.53158798639e-05
    beats_loudness_bass:
        dmean: 0.290561854839
        dmean2: 0.538020253181
        dvar: 0.0307422056794
        dvar2: 0.103416375816
        max: 0.718488335609
        mean: 0.444462031126
        min: 0.0845128297806
        var: 0.0383587442338
    bpm: 120.688201904
    bpm_confidence: 0
    first_peak_bpm: 90
    first_peak_spread: 0
    first_peak_weight: 0.5
    onset_rate: 4.19794368744
    second_peak_bpm: 121
    second_peak_spread: 0
    second_peak_weight: 0.4375
    beats_position: [0.0466212108731, 0.711905479431, 1.37718963623, 2.04247403145, 2.70775818825, 3.37304234505, 4.03832674026, 4.70361089706, 5.36889457703, 6.41753959656, 6.91468954086, 7.41183948517, 7.90898942947, 8.40613937378, 8.90328884125, 9.40043926239, 9.89758872986]
    bpm_estimates: [120.830032349, 120.506370544, 120.938217163, 120.680900574, 120.653076172, 120.461654663, 120.642379761, 120.609313965, 120.561180115, 120.587211609, 121.099884033]
    bpm_intervals: [0.665284276009, 0.665284156799, 0.665284395218, 0.665284156799, 0.665284156799, 0.665284395218, 0.665284156799, 0.665283679962, 1.04864501953, 0.497149944305, 0.497149944305, 0.497149944305, 0.497149944305, 0.497149467468, 0.497150421143, 0.497149467468]
    onset_times: [0.0580498874187, 0.290249437094, 0.394739240408, 0.603718817234, 1.38158726692, 1.764716506, 2.00852608681, 2.28716564178, 2.42648530006, 2.48453521729, 2.60063481331, 2.69351482391, 3.39011335373, 3.50621318817, 3.78485250473, 4.02866220474, 4.29569149017, 4.49306106567, 4.62077093124, 4.65560102463, 6.8963265419, 7.27945566177, 7.40716552734, 7.54648542404, 7.65097522736, 7.77868461609, 7.91800451279, 8.03410434723, 8.16181373596, 8.27791404724, 8.40562343597, 8.55655288696, 8.64943313599, 8.77714252472, 8.91646289825, 9.14866256714, 9.27637195587, 9.4040813446, 9.55501174927, 9.64789104462, 9.77560043335, 9.91492080688]
    rubato_start: [6.91468954086]
    rubato_stop: [9.89758872986]
    perceptual_tempo: "unknown"

sfx:
    inharmonicity:
        dmean: 0.035283524543
        dmean2: 0.0611459985375
        dvar: 0.00187110260595
        dvar2: 0.00553065678105
        max: 0.339578419924
        mean: 0.0436307005584
        min: 0
        var: 0.00232704007067
    oddtoevenharmonicenergyratio:
        dmean: 1.62473058701
        dmean2: 3.07680368423
        dvar: 47.7302474976
        dvar2: 141.712692261
        max: 93.9320373535
        mean: 1.13505113125
        min: 0
        var: 26.8891353607
    pitch_after_max_to_before_max_energy_ratio: 0.350379914045
    pitch_centroid: 168.172393799
    pitch_max_to_total: 0.702412843704
    pitch_min_to_total: 0.268096506596
    tristimulus:
        dmean: [0.18798212707, 0.223292663693, 0.119051150978]
        dmean2: [0.336096614599, 0.392460256815, 0.208936214447]
        dvar: [0.0309658125043, 0.0475538633764, 0.0151661979035]
        dvar2: [0.082834854722, 0.126032069325, 0.0379284843802]
        max: [1, 0.969128072262, 0.82568860054]
        mean: [0.396234303713, 0.383219212294, 0.17750325799]
        min: [0.0240560136735, 0, 0]
        var: [0.0487365685403, 0.0538500770926, 0.023968571797]

tonal:
    chords_changes_rate: 0.0423280410469
    chords_number_rate: 0.0158730167896
    chords_strength:
        dmean: 0.00949536822736
        dmean2: 0.0111606409773
        dvar: 6.13439406152e-05
        dvar2: 8.95494231372e-05
        max: 0.741602659225
        mean: 0.580540895462
        min: 0.377494245768
        var: 0.0122254472226
    key_strength: 0.623533546925
    tuning_diatonic_strength: 0.720911443233
    tuning_equal_tempered_deviation: 0.134472176433
    tuning_frequency: 440
    tuning_nontempered_energy_ratio: 0.812979102135
    hpcp:
        dmean: [0.102638714015, 0.0925408750772, 0.156220734119, 0.155294060707, 0.143545389175, 0.126856178045, 0.127515971661, 0.120693802834, 0.150470465422, 0.159702345729, 0.143501549959, 0.129175454378, 0.107703216374, 0.0874535664916, 0.0882369950414, 0.108830921352, 0.15506888926, 0.163531929255, 0.132336601615, 0.107321120799, 0.104332953691, 0.100704550743, 0.154605790973, 0.193529710174, 0.157192885876, 0.134501561522, 0.147826015949, 0.1345051229, 0.117130987346, 0.159557327628, 0.147426873446, 0.155277609825, 0.191573545337, 0.176733911037, 0.148111760616, 0.122339166701]
        dmean2: [0.185614868999, 0.166927710176, 0.265901446342, 0.267579138279, 0.251872986555, 0.223518252373, 0.212131768465, 0.203096657991, 0.253137141466, 0.259021729231, 0.240097209811, 0.207500219345, 0.182673946023, 0.151293173432, 0.157245948911, 0.191334545612, 0.280045360327, 0.293124079704, 0.222847431898, 0.186957716942, 0.187270626426, 0.173217594624, 0.251828044653, 0.333754986525, 0.270634531975, 0.229531347752, 0.268600434065, 0.247746631503, 0.209854066372, 0.281086504459, 0.255840629339, 0.255245655775, 0.323408693075, 0.304382801056, 0.252232164145, 0.21717260778]
        dvar: [0.0308030843735, 0.0215403381735, 0.0504121519625, 0.0669481903315, 0.0384285226464, 0.0391526520252, 0.039967585355, 0.0310317985713, 0.0350547991693, 0.0384306535125, 0.0339051149786, 0.0303119141608, 0.0312620773911, 0.0192612018436, 0.0209640078247, 0.026278167963, 0.0435582846403, 0.0564320646226, 0.0378502868116, 0.0331314988434, 0.031751062721, 0.0211495254189, 0.0352979451418, 0.0512002035975, 0.0399051643908, 0.0300100483, 0.0473227500916, 0.0438773743808, 0.0387701392174, 0.0447696782649, 0.0563396438956, 0.0328249596059, 0.0494447164237, 0.0518595054746, 0.0467123277485, 0.0411425456405]
        dvar2: [0.086887255311, 0.0640749111772, 0.133627951145, 0.143929392099, 0.102917991579, 0.105740390718, 0.0946882292628, 0.085887208581, 0.0895049646497, 0.092528834939, 0.0771900266409, 0.0687740966678, 0.0804980099201, 0.0513049177825, 0.0554493926466, 0.0755957067013, 0.132744848728, 0.15377523005, 0.0907292813063, 0.079594142735, 0.0861432924867, 0.0481824874878, 0.0932663083076, 0.144077301025, 0.0956022888422, 0.0832817032933, 0.14698342979, 0.128151834011, 0.110807359219, 0.119296260178, 0.116854175925, 0.0755524113774, 0.144265502691, 0.0982824489474, 0.108678460121, 0.110004924238]
        max: [1, 1, 1, 1, 0.988231241703, 1, 1, 1, 1, 1, 1, 1, 1, 0.815879464149, 0.949229240417, 1, 1, 1, 1, 1, 1, 1, 1, 1, 1, 1, 1, 1, 1, 1, 1, 1, 1, 1, 1, 1]
        mean: [0.0974221229553, 0.094711586833, 0.185369387269, 0.265635848045, 0.191131487489, 0.140831202269, 0.163593173027, 0.150442972779, 0.193181067705, 0.224858924747, 0.18352304399, 0.145248487592, 0.108151562512, 0.0840962007642, 0.108214735985, 0.135926708579, 0.142950028181, 0.171038672328, 0.172356233001, 0.127923041582, 0.102753162384, 0.134810641408, 0.187442317605, 0.235040992498, 0.234974890947, 0.167823627591, 0.127907812595, 0.119947969913, 0.112436331809, 0.202003926039, 0.286935597658, 0.238364756107, 0.22828873992, 0.253630965948, 0.187249541283, 0.12154468894]
        min: [0.0026597129181, 0.00300022913143, 0.00353931332938, 0.0017807087861, 0.00181104789954, 0.00357157806866, 0.00463251583278, 0.00593290058896, 0.0119098462164, 0.0123818870634, 0.0107851093635, 0.00455778464675, 0.00415636273101, 0.00260553858243, 0.00304312352091, 0.00209613516927, 0.00127310154494, 0.000207163728192, 0.000530538556632, 0.00028139812639, 0.00112251588143, 0.00288901291788, 0.00676074391231, 0.00698636844754, 0.0052542234771, 0.00293093686923, 0.00321295997128, 0.00219534756616, 0.00224359473214, 0.00482889451087, 0.00568529870361, 0.00448800856248, 0.00696501741186, 0.00759511021897, 0.00520834699273, 0.00348053057678]
        var: [0.0227456111461, 0.0170426499099, 0.063915759325, 0.126878857613, 0.0587514936924, 0.0370551533997, 0.0608908906579, 0.0351946353912, 0.0412572994828, 0.0564958937466, 0.0438988208771, 0.0367769040167, 0.0268651880324, 0.0152484765276, 0.0189797915518, 0.0263863038272, 0.0327125899494, 0.0561016239226, 0.0619441606104, 0.0364092327654, 0.0265094637871, 0.0327392667532, 0.0441060326993, 0.0661408677697, 0.0778939649463, 0.0431832522154, 0.0359521508217, 0.0366189181805, 0.0301139093935, 0.0614582337439, 0.135705679655, 0.0681889504194, 0.0655439347029, 0.0897225663066, 0.062646985054, 0.0355042256415]
    chords_histogram: [42.3280410767, 0, 0, 0, 0, 2.1164021492, 0, 0, 0, 0, 55.555557251, 0, 0, 0, 0, 0, 0, 0, 0, 0, 0, 0, 0, 0]
    thpcp: [1, 0.830725610256, 0.795609712601, 0.88392996788, 0.652583837509, 0.42359572649, 0.339526087046, 0.330079585314, 0.646031320095, 0.925768196583, 0.666112840176, 0.49081119895, 0.570138990879, 0.52430921793, 0.673255860806, 0.783656418324, 0.639596641064, 0.5062058568, 0.376919299364, 0.293083876371, 0.37713944912, 0.473718523979, 0.498195528984, 0.59608733654, 0.600679159164, 0.445824921131, 0.358105301857, 0.469828903675, 0.653255701065, 0.819141983986, 0.818911612034, 0.584882557392, 0.445771843195, 0.418030977249, 0.391852140427, 0.704004406929]
    chords_key: "E"
    chords_scale: "minor"
    key_key: "F"
    key_scale: "minor"
    chords_progression: ["Fm", "Fm", "Fm", "Fm", "Fm", "Fm", "Fm", "Em", "Em", "Em", "Em", "Em", "Em", "Em", "Em", "Em", "Em", "Em", "Em", "Em", "Em", "Em", "Em", "Em", "Em", "Em", "Em", "Em", "Em", "Em", "Em", "Em", "Em", "Em", "Em", "Em", "Em", "Em", "Em", "Fm", "Fm", "Fm", "Fm", "Fm", "Fm", "Fm", "Fm", "Fm", "Fm", "Fm", "Fm", "Fm", "Fm", "Fm", "Fm", "Fm", "Fm", "Fm", "Fm", "Em", "Em", "Em", "Em", "Fm", "Fm", "Em", "Em", "Em", "Em", "Em", "Em", "Em", "Em", "Em", "Em", "Em", "Em", "Em", "Em", "Em", "Em", "Em", "Em", "Em", "Em", "Em", "Em", "Em", "Em", "Em", "Em", "Em", "Em", "Em", "Em", "Em", "Em", "Em", "Em", "Em", "Em", "Em", "Em", "Em", "Em", "Em", "Em", "Em", "Em", "Em", "Em", "Em", "Em", "Em", "Em", "Em", "Em", "Em", "Em", "Em", "Em", "Em", "Em", "Em", "Em", "Em", "Em", "Em", "Em", "Em", "Em", "Em", "Em", "Em", "Fm", "Fm", "Fm", "Fm", "Fm", "Fm", "Fm", "Fm", "Fm", "Fm", "Fm", "Fm", "Fm", "Fm", "Fm", "A#", "A#", "A#", "A#", "Fm", "Fm", "Fm", "Fm", "Fm", "Fm", "Fm", "Fm", "Fm", "Fm", "Fm", "Fm", "Fm", "Fm", "Fm", "Fm", "Fm", "Fm", "Fm", "Fm", "Fm", "Fm", "Fm", "Fm", "Fm", "Fm", "Fm", "Fm", "Fm", "Fm", "Fm", "Fm", "Fm", "Fm", "Fm", "Fm"]
