
metadata:
    version:
        essentia: "1.2.2"
    audio_properties:
        analysis_sample_rate: 44100
        bitrate: 128
        channels: 2
        equal_loudness: 1
        length: 9.92653083801
        replay_gain: -6.52105903625
        downmix: "mix"
    tags:
        track: 3
        year: 0
        album: "Splitted by Mp3Splt v. 2.1"
        artist: "From 000.20 To 000.30"
        comment: "http://mp3splt.sf.net"
        genre: ""
        title: "01 The Sweet Hereafter.mp3"

highlevel:
    ballroom:
        all:
            ChaChaCha: 0.012516646646
            Jive: 0.0245195105672
            Quickstep: 0.0191444903612
            Rumba-American: 0.010033916682
            Rumba-International: 0.736111402512
            Rumba-Misc: 0.112178735435
            Samba: 0.0155680803582
            Tango: 0.00324388896115
            VienneseWaltz: 0.0485201999545
            Waltz: 0.0181631091982
        probability: 0.736111402512
        value: "Rumba-International"
    culture:
        all:
            non_western: 0.919737040997
            western: 0.0802629366517
        probability: 0.919737040997
        value: "non_western"
    gender:
        all:
            female: 0.918970882893
            male: 0.0810291320086
        probability: 0.918970882893
        value: "female"
    genre_dortmund:
        all:
            alternative: 0.312558203936
            blues: 0.00814233813435
            electronic: 0.0459872372448
            folkcountry: 0.186535432935
            funksoulrnb: 0.00633619399741
            jazz: 0.134083539248
            pop: 0.119032301009
            raphiphop: 0.00334553560242
            rock: 0.183979213238
        probability: 0.312558203936
        value: "alternative"
    genre_electronica:
        all:
            ambient: 0.448663204908
            dnb: 0.119257383049
            house: 0.099018573761
            techno: 0.0243120491505
            trance: 0.308748781681
        probability: 0.448663204908
        value: "ambient"
    genre_rosamerica:
        all:
            cla: 0.00743289105594
            dan: 0.0496807917953
            hip: 0.00798187498003
            jaz: 0.0133833643049
            pop: 0.0384770072997
            rhy: 0.0305640529841
            roc: 0.849226117134
            spe: 0.00325392605737
        probability: 0.849226117134
        value: "roc"
    genre_tzanetakis:
        all:
            blu: 0.0119922943413
            cla: 0.010912402533
            cou: 0.166449725628
            dis: 0.0702966377139
            hip: 0.00732105085626
            jaz: 0.0184279289097
            met: 0.0228133648634
            pop: 0.225565761328
            reg: 0.0204643923789
            roc: 0.445756435394
        probability: 0.445756435394
        value: "roc"
    live_studio:
        all:
            live: 0.44621348381
            studio: 0.55378651619
        probability: 0.55378651619
        value: "studio"
    mood:
        all:
            Cluster1: 0.245906189084
            Cluster2: 0.145609006286
            Cluster3: 0.328415542841
            Cluster4: 0.0504559241235
            Cluster5: 0.229613333941
        probability: 0.328415542841
        value: "Cluster3"
    mood_acoustic:
        all:
            acoustic: 0.057666644454
            not_acoustic: 0.942333340645
        probability: 0.942333340645
        value: "not_acoustic"
    mood_aggressive:
        all:
            aggressive: 0.0362788401544
            not_aggressive: 0.96372115612
        probability: 0.96372115612
        value: "not_aggressive"
    mood_electronic:
        all:
            electronic: 0.164122000337
            not_electronic: 0.835878014565
        probability: 0.835878014565
        value: "not_electronic"
    mood_happy:
        all:
            happy: 0.176907122135
            not_happy: 0.823092877865
        probability: 0.823092877865
        value: "not_happy"
    mood_party:
        all:
            not_party: 0.976402401924
            party: 0.0235975831747
        probability: 0.976402401924
        value: "not_party"
    mood_relaxed:
        all:
            not_relaxed: 0.0498560220003
            relaxed: 0.950143992901
        probability: 0.950143992901
        value: "relaxed"
    mood_sad:
        all:
            not_sad: 0.107329048216
            sad: 0.892670929432
        probability: 0.892670929432
        value: "sad"
    rhythm:
        all:
            fast: 0.034068044275
            medium: 0.0843306034803
            slow: 0.881601333618
        probability: 0.881601333618
        value: "slow"
    speech_music:
        all:
            music: 0.99989759922
            speech: 0.000102393591078
        probability: 0.99989759922
        value: "music"
    timbre:
        all:
            bright: 0.567435920238
            dark: 0.432564109564
        probability: 0.567435920238
        value: "bright"
    voice_instrumental:
        all:
            instrumental: 0.505007207394
            voice: 0.494992792606
        probability: 0.505007207394
        value: "instrumental"

lowlevel:
    average_loudness: 0.983178317547
    barkbands_kurtosis:
        dmean: 1.62207746506
        dmean2: 2.40777468681
        dvar: 3.36378860474
        dvar2: 7.1350312233
        max: 18.4786758423
        mean: 3.86036133766
        min: -1.87693989277
        var: 15.3508348465
    barkbands_skewness:
        dmean: 0.348795682192
        dmean2: 0.494545191526
        dvar: 0.140199616551
        dvar2: 0.279347091913
        max: 4.02072048187
        mean: 1.68397641182
        min: -0.879848062992
        var: 0.588464975357
    barkbands_spread:
        dmean: 4.12990093231
        dmean2: 5.78261327744
        dvar: 40.8194618225
        dvar2: 62.5518836975
        max: 69.046913147
        mean: 17.508058548
        min: 3.83733272552
        var: 129.390335083
    dissonance:
        dmean: 0.0248531028628
        dmean2: 0.040261991322
        dvar: 0.000545524526387
        dvar2: 0.00125795893837
        max: 0.495076090097
        mean: 0.433449089527
        min: 0.234197765589
        var: 0.00115492253099
    hfc:
        dmean: 1.21344959736
        dmean2: 1.81007122993
        dvar: 9.20134067535
        dvar2: 21.4488716125
        max: 31.07579422
        mean: 3.70182585716
        min: 0.0620027408004
        var: 11.8704786301
    pitch:
        dmean: 226.563583374
        dmean2: 437.49697876
        dvar: 770987.125
        dvar2: 1778776
        max: 5512.5
        mean: 412.946228027
        min: 66.315788269
        var: 935182.125
    pitch_instantaneous_confidence:
        dmean: 0.067965939641
        dmean2: 0.108135014772
        dvar: 0.0046215467155
        dvar2: 0.0104993414134
        max: 0.796176016331
        mean: 0.494689166546
        min: 0.164612710476
        var: 0.0229110233486
    pitch_salience:
        dmean: 0.0483970791101
        dmean2: 0.0768395662308
        dvar: 0.00202250247821
        dvar2: 0.00471618305892
        max: 0.858834207058
        mean: 0.586899578571
        min: 0.387034296989
        var: 0.0058494140394
    silence_rate_20dB:
        dmean: 0
        dmean2: 0
        dvar: 0
        dvar2: 0
        max: 1
        mean: 1
        min: 1
        var: 0
    silence_rate_30dB:
        dmean: 0
        dmean2: 0
        dvar: 0
        dvar2: 0
        max: 1
        mean: 1
        min: 1
        var: 0
    silence_rate_60dB:
        dmean: 0.0843091309071
        dmean2: 0.169014081359
        dvar: 0.0772012621164
        dvar2: 0.159226953983
        max: 1
        mean: 0.219626173377
        min: 0
        var: 0.171390324831
    spectral_centroid:
        dmean: 149.558029175
        dmean2: 208.837631226
        dvar: 79684.4140625
        dvar2: 138775.578125
        max: 2809.88037109
        mean: 682.626220703
        min: 208.055007935
        var: 179313.96875
    spectral_complexity:
        dmean: 1.924705863
        dmean2: 3.01415085793
        dvar: 9.50961589813
        dvar2: 21.9337406158
        max: 39
        mean: 10.0258216858
        min: 0
        var: 15.8561296463
    spectral_crest:
        dmean: 1.45654881001
        dmean2: 2.25940895081
        dvar: 1.78708577156
        dvar2: 4.72283792496
        max: 17.676202774
        mean: 8.81179237366
        min: 3.66456913948
        var: 6.00249242783
    spectral_decrease:
        dmean: 2.40140796137e-10
        dmean2: 3.69608871287e-10
        dvar: 1.20611631631e-19
        dvar2: 2.87400026422e-19
        max: -1.30651236357e-11
        mean: -1.27735877431e-09
        min: -4.64867433436e-09
        var: 3.21691729294e-19
    spectral_energy:
        dmean: 0.000989575288258
        dmean2: 0.00152751652058
        dvar: 2.23038705371e-06
        dvar2: 5.3740200201e-06
        max: 0.0185292605311
        mean: 0.00515681412071
        min: 5.49346405023e-05
        var: 5.47169656784e-06
    spectral_energyband_high:
        dmean: 0.000108165644633
        dmean2: 0.000159188435646
        dvar: 9.26304934978e-08
        dvar2: 2.01418757229e-07
        max: 0.00256282137707
        mean: 0.000156796406372
        min: 1.1461243048e-06
        var: 1.07426963325e-07
    spectral_energyband_low:
        dmean: 0.000214594983845
        dmean2: 0.000355244672392
        dvar: 4.29709729133e-07
        dvar2: 9.70455175775e-07
        max: 0.00746647221968
        mean: 0.000702603487298
        min: 9.01541261555e-06
        var: 5.96876361669e-07
    spectral_energyband_middle_high:
        dmean: 0.00028425687924
        dmean2: 0.000415211601648
        dvar: 3.46654019268e-07
        dvar2: 8.35570062918e-07
        max: 0.00622392725199
        mean: 0.000817624735646
        min: 2.04431980819e-05
        var: 6.56089980566e-07
    spectral_energyband_middle_low:
        dmean: 0.000712528300937
        dmean2: 0.00108422921039
        dvar: 7.20868229109e-07
        dvar2: 1.78951631824e-06
        max: 0.0118262413889
        mean: 0.0034797291737
        min: 2.27048694796e-05
        var: 2.93846483146e-06
    spectral_flatness_db:
        dmean: 0.016449958086
        dmean2: 0.0225221123546
        dvar: 0.000239130691625
        dvar2: 0.000404052436352
        max: 0.302237927914
        mean: 0.193325012922
        min: 0.0944945886731
        var: 0.00166704889853
    spectral_flux:
        dmean: 0.0068943281658
        dmean2: 0.0103562679142
        dvar: 8.63534005475e-05
        dvar2: 0.000175702443812
        max: 0.114802442491
        mean: 0.0261524002999
        min: 0.00686497427523
        var: 0.000215880412725
    spectral_kurtosis:
        dmean: 2.64721107483
        dmean2: 4.08223152161
        dvar: 14.3963794708
        dvar2: 37.1727104187
        max: 37.4109954834
        mean: 7.4809513092
        min: -0.533285140991
        var: 34.757850647
    spectral_rms:
        dmean: 0.000205857111723
        dmean2: 0.000312739372021
        dvar: 7.30222566858e-08
        dvar2: 1.59818867473e-07
        max: 0.00425174413249
        mean: 0.00218831188977
        min: 0.00023150544439
        var: 2.4233341378e-07
    spectral_rolloff:
        dmean: 369.053375244
        dmean2: 622.786254883
        dvar: 568559.4375
        dvar2: 995122.8125
        max: 6093.89648438
        mean: 1185.33813477
        min: 258.3984375
        var: 1209721.625
    spectral_skewness:
        dmean: 0.296090990305
        dmean2: 0.43351662159
        dvar: 0.124826155603
        dvar2: 0.258499950171
        max: 4.44212341309
        mean: 2.10732412338
        min: 0.197687283158
        var: 0.461766213179
    spectral_spread:
        dmean: 672938.3125
        dmean2: 905383.75
        dvar: 770990473216
        dvar2: 1.32238789837e+12
        max: 11004526
        mean: 4565640
        min: 1464887.75
        var: 3.27454084301e+12
    spectral_strongpeak:
        dmean: 0.181055724621
        dmean2: 0.307152539492
        dvar: 0.0945391729474
        dvar2: 0.250680953264
        max: 3.34696650505
        mean: 0.484402030706
        min: 0
        var: 0.214725196362
    zerocrossingrate:
        dmean: 0.00790900737047
        dmean2: 0.00862668640912
        dvar: 0.000124494588817
        dvar2: 0.000131402470288
        max: 0.16552734375
        mean: 0.0458273738623
        min: 0.01220703125
        var: 0.00054532114882
    barkbands:
        dmean: [1.04255866518e-06, 8.39919230202e-05, 0.000156199908815, 0.000147786558955, 0.000391309818951, 0.000156371417688, 0.000192202569451, 5.52450946998e-05, 0.000195008164155, 0.000136998292874, 2.92813747365e-05, 2.64786849584e-05, 9.90645548882e-06, 1.60136496561e-05, 3.09625975206e-05, 2.39220244111e-05, 2.30308087339e-05, 3.66182212019e-05, 9.00578816072e-05, 7.89330879343e-05, 4.79928712593e-05, 2.12779177673e-05, 4.66534311272e-06, 1.08588437797e-06, 1.23823633658e-06, 1.14415925623e-07, 3.61825208683e-10]
        dmean2: [1.67161272202e-06, 0.000133725669002, 0.000259158579865, 0.000230862235185, 0.000622259743977, 0.000242908688961, 0.000266960356385, 7.91132988525e-05, 0.000271180499112, 0.000194707652554, 4.25461730629e-05, 3.93291593355e-05, 1.48127874127e-05, 2.52369136433e-05, 5.03953924635e-05, 3.77751239284e-05, 3.70687303075e-05, 6.15220124018e-05, 0.0001401125337, 0.000121461074741, 7.34573841328e-05, 3.01359359582e-05, 7.2944085332e-06, 1.54915176154e-06, 1.83159056633e-06, 1.85462582181e-07, 6.14458706139e-10]
        dvar: [2.44242612246e-11, 1.24754933495e-07, 1.41809863408e-07, 4.01502866509e-08, 2.30228579312e-07, 6.55043521647e-08, 1.43186355217e-07, 6.36475672167e-09, 9.11187001407e-08, 4.35647500296e-08, 3.11795833596e-09, 2.06073824671e-09, 6.17369932954e-10, 1.98036187449e-09, 4.9627288945e-09, 1.58634783087e-09, 4.28858726309e-09, 8.86313156201e-09, 5.26629619912e-08, 8.40071052721e-08, 2.10108304088e-08, 4.14117007352e-09, 2.74624656349e-10, 1.12844100383e-11, 8.23092462243e-12, 9.90057780767e-14, 6.95749729928e-19]
        dvar2: [6.16507261908e-11, 2.52552695201e-07, 3.68273475715e-07, 9.16779328008e-08, 6.00017472152e-07, 1.80893437118e-07, 3.23772979982e-07, 1.49014347528e-08, 1.7600379465e-07, 9.18313958209e-08, 5.81012260525e-09, 3.9734238122e-09, 1.39094469276e-09, 4.26621360461e-09, 1.25070300783e-08, 4.21882750956e-09, 1.10474669412e-08, 2.28345395925e-08, 1.31525538904e-07, 1.88013615343e-07, 4.7099067757e-08, 8.51158521442e-09, 7.1453909456e-10, 2.69102240491e-11, 1.90102083381e-11, 2.3911493445e-13, 1.88414744978e-18]
        max: [5.50430959265e-05, 0.00493307877332, 0.00368225947022, 0.00265845749527, 0.00451562879607, 0.00315818749368, 0.00602479884401, 0.000948032829911, 0.00392082706094, 0.0029857812915, 0.00081601733109, 0.00100062228739, 0.000311696174322, 0.000816248706542, 0.000978097668849, 0.000431824038969, 0.00062118814094, 0.00103223929182, 0.00265117734671, 0.00373742962256, 0.00190273975022, 0.000937995500863, 0.000221981783397, 4.45735640824e-05, 2.41590296355e-05, 2.65442690761e-06, 1.03053912071e-08]
        mean: [1.42537510328e-06, 0.000160273950314, 0.000540967390407, 0.000691510154866, 0.000985721941106, 0.000430028856499, 0.00047413201537, 0.00013849021343, 0.000710194930434, 0.000310156290652, 5.86179485254e-05, 5.44544891454e-05, 1.67288180819e-05, 2.74302346952e-05, 5.89652954659e-05, 4.93332881888e-05, 3.3584979974e-05, 5.84342960792e-05, 0.000156691021402, 9.7238298622e-05, 6.52400340186e-05, 2.87954153464e-05, 5.1382789934e-06, 1.47591003952e-06, 1.67274561136e-06, 1.14347429303e-07, 3.22679050146e-10]
        min: [8.650562211e-11, 4.58347767562e-06, 3.0014357435e-06, 2.76647756436e-06, 1.75475599917e-06, 1.66680854363e-06, 3.53852124135e-06, 2.75612592304e-06, 7.52207324695e-06, 1.62630203704e-06, 3.82263635856e-07, 1.16712911336e-07, 2.49958873155e-07, 1.47495498481e-07, 4.85680800466e-07, 7.03113528289e-07, 8.85012866547e-07, 2.3159147986e-06, 1.1621681324e-06, 4.03164563068e-07, 1.88104948506e-07, 9.17487028573e-08, 8.31077517915e-09, 1.36237365833e-09, 4.79021600164e-10, 4.28117576112e-11, 4.96987671015e-14]
        var: [2.26273600551e-11, 1.12115543516e-07, 2.86293811769e-07, 1.54269017116e-07, 6.93395804774e-07, 1.03475429114e-07, 3.19186511888e-07, 1.42389176006e-08, 7.78714706939e-07, 1.77294296577e-07, 8.49048209517e-09, 9.33929467095e-09, 9.7836327928e-10, 2.83271339718e-09, 9.75160308059e-09, 3.52294104999e-09, 3.73360986572e-09, 9.83699433021e-09, 6.10261352563e-08, 8.50918482342e-08, 2.2141595224e-08, 6.80215395121e-09, 3.0043534327e-10, 1.52996608438e-11, 1.01937997973e-11, 9.18574298656e-14, 5.36681243773e-19]
    mfcc:
        mean: [-748.110534668, 164.543533325, -23.6031856537, 59.4156951904, -25.5767669678, -10.2099790573, -0.352402210236, -6.66747522354, 9.70819568634, -5.09888458252, -1.55169975758, -18.4342041016, -4.75756931305]
        cov: [[2454.02124023, -1498.30175781, 215.048141479, -192.959289551, -89.2606887817, -67.0566635132, 116.346908569, -116.190292358, 7.85502004623, -65.9264297485, 33.5724601746, -83.0261001587, -35.799331665], [-1498.30175781, 1632.38671875, -570.602661133, 95.9450454712, -23.1607379913, 35.0961685181, -2.61713266373, -14.1105651855, 52.5642051697, 21.386838913, 120.801185608, -73.3144760132, 30.5776233673], [215.048141479, -570.602661133, 558.422363281, -59.5861091614, 98.1098861694, 33.5066986084, -59.7370223999, 89.1612167358, -119.301139832, 48.4720039368, -120.95362854, 163.735809326, -37.5535125732], [-192.959289551, 95.9450454712, -59.5861091614, 197.066635132, -2.83506298065, -44.2811813354, -22.8663711548, -19.1745758057, 48.2680435181, -39.606426239, 4.84553003311, -7.65382575989, 42.9417572021], [-89.2606887817, -23.1607379913, 98.1098861694, -2.83506298065, 155.389450073, -2.64418172836, -6.71796321869, 64.8105621338, -26.4119205475, 36.8272743225, -54.6588249207, 61.5922088623, -20.1681976318], [-67.0566635132, 35.0961685181, 33.5066986084, -44.2811813354, -2.64418172836, 156.547027588, -32.1704330444, 33.7537918091, -16.0003738403, 43.2026443481, 10.481877327, -9.48077774048, -7.15459537506], [116.346908569, -2.61713266373, -59.7370223999, -22.8663711548, -6.71796321869, -32.1704330444, 127.274162292, -35.0209846497, -2.89303803444, -28.8409080505, 2.95792508125, -22.1541385651, -13.8894081116], [-116.190292358, -14.1105651855, 89.1612167358, -19.1745758057, 64.8105621338, 33.7537918091, -35.0209846497, 142.311553955, -21.3415641785, 41.230632782, -57.0713729858, 64.4325256348, -14.081612587], [7.85502004623, 52.5642051697, -119.301139832, 48.2680435181, -26.4119205475, -16.0003738403, -2.89303803444, -21.3415641785, 130.917327881, -40.0042953491, 42.7547569275, -67.4797821045, 23.8620357513], [-65.9264297485, 21.386838913, 48.4720039368, -39.606426239, 36.8272743225, 43.2026443481, -28.8409080505, 41.230632782, -40.0042953491, 115.602378845, -15.5022344589, 35.1630935669, -24.187253952], [33.5724601746, 120.801185608, -120.95362854, 4.84553003311, -54.6588249207, 10.481877327, 2.95792508125, -57.0713729858, 42.7547569275, -15.5022344589, 122.965278625, -54.0083656311, 22.6078014374], [-83.0261001587, -73.3144760132, 163.735809326, -7.65382575989, 61.5922088623, -9.48077774048, -22.1541385651, 64.4325256348, -67.4797821045, 35.1630935669, -54.0083656311, 161.234466553, -20.3594532013], [-35.799331665, 30.5776233673, -37.5535125732, 42.9417572021, -20.1681976318, -7.15459537506, -13.8894081116, -14.081612587, 23.8620357513, -24.187253952, 22.6078014374, -20.3594532013, 63.1079330444]]
        icov: [[0.00157548731659, 0.00181106792297, 0.000952149333898, 0.00086574582383, 9.1237734523e-06, 0.000292362237815, -0.000514530809596, 0.000205238640774, 0.000304244691506, 7.81736598583e-05, -0.0012572951382, 0.000313218391966, 0.000428709841799], [0.00181106792297, 0.00327252480201, 0.00273406784981, 0.000565895868931, -0.000468706741231, -0.000173818829353, -0.000188856487512, -2.13373332372e-05, 0.00108916242607, -1.0569636288e-05, -0.00185151188634, -0.000259916530922, 0.000631358125247], [0.000952149333898, 0.00273406784981, 0.00619341712445, 0.000758137786761, -0.00138721382245, -0.00124079966918, 0.00170856411569, 0.000362635066267, 0.00231421343051, 0.000777748529799, 0.0006638354389, -0.00288729579188, 0.000511732127052], [0.00086574582383, 0.000565895868931, 0.000758137786761, 0.00795852858573, -0.000658941455185, 0.00145009008702, 0.00140331336297, 0.00146412779577, -0.00198201881722, 0.00128801411483, 0.000942493381444, -0.000990010797977, -0.0035718921572], [9.1237734523e-06, -0.000468706741231, -0.00138721382245, -0.000658941455185, 0.00966722331941, 0.00101254531182, -0.00133541470859, -0.00260630599223, -0.00102911272552, -0.00208447035402, 0.00168854580261, -0.000906072556973, 0.000876962381881], [0.000292362237815, -0.000173818829353, -0.00124079966918, 0.00145009008702, 0.00101254531182, 0.00897493027151, 0.00112808297854, -0.00242971209809, 0.000725253019482, -0.00215890235268, -0.00196866132319, 0.00279188272543, 7.64920914662e-05], [-0.000514530809596, -0.000188856487512, 0.00170856411569, 0.00140331336297, -0.00133541470859, 0.00112808297854, 0.011038034223, 0.00185126438737, 0.00163130334113, 0.00280961045064, 0.00124821392819, 0.000132871675305, 0.00246073259041], [0.000205238640774, -2.13373332372e-05, 0.000362635066267, 0.00146412779577, -0.00260630599223, -0.00242971209809, 0.00185126438737, 0.0126521065831, -0.00240779179148, -0.00117667310406, 0.00442924629897, -0.00351941632107, -0.000794223509729], [0.000304244691506, 0.00108916242607, 0.00231421343051, -0.00198201881722, -0.00102911272552, 0.000725253019482, 0.00163130334113, -0.00240779179148, 0.0133079532534, 0.00274221668951, -0.00315127172507, 0.00378563674167, 0.000315022392897], [7.81736598583e-05, -1.0569636288e-05, 0.000777748529799, 0.00128801411483, -0.00208447035402, -0.00215890235268, 0.00280961045064, -0.00117667310406, 0.00274221668951, 0.013128827326, -0.00086977344472, -0.000778508547228, 0.00313616194762], [-0.0012572951382, -0.00185151188634, 0.0006638354389, 0.000942493381444, 0.00168854580261, -0.00196866132319, 0.00124821392819, 0.00442924629897, -0.00315127172507, -0.00086977344472, 0.0150135336444, -0.0009980276227, -0.00332516967319], [0.000313218391966, -0.000259916530922, -0.00288729579188, -0.000990010797977, -0.000906072556973, 0.00279188272543, 0.000132871675305, -0.00351941632107, 0.00378563674167, -0.000778508547228, -0.0009980276227, 0.0126412296668, 0.00123600137886], [0.000428709841799, 0.000631358125247, 0.000511732127052, -0.0035718921572, 0.000876962381881, 7.64920914662e-05, 0.00246073259041, -0.000794223509729, 0.000315022392897, 0.00313616194762, -0.00332516967319, 0.00123600137886, 0.0218442920595]]
    spectral_contrast:
        mean: [-4.06555102472e-07, -2.19634713972e-07, 6.11961979757e-07, 1.92700696289e-07, -1.76715175826e-07, -1.05287547569e-07, 3.56207715413e-06, -8.10119445305e-07, 4.47955244454e-06, -1.7866352664e-06, -3.54353801413e-06, 4.57976329926e-06]
        var: [0.000681360717863, 0.000977013260126, 0.00113249663264, 0.00135565747041, 0.00234628096223, 0.0059901541099, 0.053645119071, 0.0889782607555, 0.136983171105, 0.199364796281, 0.3323610425, 1.96139979362]

rhythm:
    beats_loudness:
        dmean: 0.00350349978544
        dmean2: 0.00650602811947
        dvar: 3.04679224428e-06
        dvar2: 1.0046071111e-05
        max: 0.0098723275587
        mean: 0.00651219766587
        min: 0.00232695089653
        var: 4.94319874633e-06
    beats_loudness_bass:
        dmean: 0.178012549877
        dmean2: 0.32070967555
        dvar: 0.0109965130687
        dvar2: 0.0293928608298
        max: 0.54235547781
        mean: 0.264202296734
        min: 0.043052829802
        var: 0.0212541855872
    bpm: 120.756065369
    bpm_confidence: 0
    first_peak_bpm: 120
    first_peak_spread: 0
    first_peak_weight: 0.947368383408
    onset_rate: 3.42516446114
    second_peak_bpm: 115
    second_peak_spread: 0
    second_peak_weight: 0.0526315793395
    beats_position: [0.0740029811859, 0.572872877121, 1.07174277306, 1.5706127882, 2.06948256493, 2.56835269928, 3.06722259521, 3.56609272957, 4.06496238708, 4.56383228302, 5.06270170212, 5.56157159805, 6.0837392807, 6.57867383957, 7.07360887527, 7.56854343414, 8.06347846985, 8.55841350555, 9.05334758759, 9.54828166962]
    bpm_estimates: [120.731140137, 120.768821716, 120.653488159, 117.62449646, 121.051719666, 120.873924255, 121.349563599, 121.167015076, 121.104766846, 121.168586731, 121.138206482, 121.441192627]
    bpm_intervals: [0.498869895935, 0.498869895935, 0.498870015144, 0.498869776726, 0.498870134354, 0.498869895935, 0.498870134354, 0.498869657516, 0.498869895935, 0.498869419098, 0.498869895935, 0.522167682648, 0.494934558868, 0.494935035706, 0.494934558868, 0.494935035706, 0.494935035706, 0.494934082031, 0.494934082031]
    onset_times: [0.0580498874187, 0.882358253002, 0.975238084793, 1.06811785698, 1.32353746891, 1.57895696163, 1.95047616959, 2.27555561066, 2.70512461662, 2.87927436829, 3.06503391266, 3.56426310539, 4.07510185242, 4.31891155243, 4.57433128357, 5.06195020676, 5.27092981339, 5.38702964783, 5.56117916107, 5.7701587677, 5.89786863327, 6.08362817764, 6.38548755646, 6.5596370697, 6.84988641739, 7.07047605515, 7.56970500946, 7.79029464722, 7.8831744194, 8.08054447174, 9.06739234924, 9.46213150024, 9.67111110687, 9.78721046448]
    rubato_start: []
    rubato_stop: []
    perceptual_tempo: "unknown"

sfx:
    inharmonicity:
        dmean: 0.0263432469219
        dmean2: 0.0463157370687
        dvar: 0.00174109288491
        dvar2: 0.00487025035545
        max: 0.326902151108
        mean: 0.0280135534704
        min: 8.9983241196e-06
        var: 0.00154132267926
    oddtoevenharmonicenergyratio:
        dmean: 1.07720828056
        dmean2: 1.99517261982
        dvar: 7.23609542847
        dvar2: 19.7986049652
        max: 18.3694572449
        mean: 1.07947742939
        min: 0.000142991819303
        var: 5.66471481323
    pitch_after_max_to_before_max_energy_ratio: 1.76233899593
    pitch_centroid: 211.981338501
    pitch_max_to_total: 0.267605632544
    pitch_min_to_total: 0.375586867332
    tristimulus:
        dmean: [0.168490454555, 0.185429826379, 0.0612437725067]
        dmean2: [0.295948833227, 0.325893610716, 0.102714851499]
        dvar: [0.0312689170241, 0.0384523831308, 0.00524156028405]
        dvar2: [0.0827720537782, 0.108768105507, 0.0129021247849]
        max: [0.980238735676, 0.901404559612, 0.56082957983]
        mean: [0.455367445946, 0.442021399736, 0.0832605063915]
        min: [0.0152896651998, 0, 0]
        var: [0.0607530213892, 0.0593726187944, 0.00672191148624]

tonal:
    chords_changes_rate: 0.0560747645795
    chords_number_rate: 0.0280373822898
    chords_strength:
        dmean: 0.00574439344928
        dmean2: 0.00503757223487
        dvar: 2.8294749427e-05
        dvar2: 2.39683104155e-05
        max: 0.581424355507
        mean: 0.46390658617
        min: 0.374407291412
        var: 0.00351522187702
    key_strength: 0.806406259537
    tuning_diatonic_strength: 0.614211559296
    tuning_equal_tempered_deviation: 0.0465148277581
    tuning_frequency: 446.399932861
    tuning_nontempered_energy_ratio: 0.662459015846
    hpcp:
        dmean: [0.136550173163, 0.131972074509, 0.0769774317741, 0.049885712564, 0.0394611358643, 0.0438784696162, 0.0655620843172, 0.0559112690389, 0.0370573662221, 0.029560636729, 0.030282933265, 0.0281121470034, 0.0288131479174, 0.0332772955298, 0.0879639908671, 0.113451234996, 0.0868679434061, 0.0222793053836, 0.00778386509046, 0.0129780489951, 0.0641976520419, 0.110964946449, 0.106430672109, 0.0475712716579, 0.0159058272839, 0.0166605599225, 0.0327686555684, 0.0596691817045, 0.0654841288924, 0.0744445100427, 0.0871369615197, 0.089425906539, 0.0560762472451, 0.0477713942528, 0.0605024434626, 0.0935328751802]
        dmean2: [0.211239486933, 0.208519130945, 0.127157256007, 0.0910265818238, 0.0686749443412, 0.0680227801204, 0.100251972675, 0.0923114642501, 0.0644063279033, 0.0512501522899, 0.05195691064, 0.0482515357435, 0.0501083247364, 0.0591020844877, 0.139463841915, 0.177302330732, 0.135762557387, 0.0382402129471, 0.0128250503913, 0.0230357684195, 0.100839607418, 0.17419077456, 0.173230752349, 0.0826794579625, 0.0292280055583, 0.0301910936832, 0.0524567328393, 0.0923150926828, 0.111147239804, 0.12066475302, 0.140316799283, 0.147558659315, 0.088602527976, 0.0826750770211, 0.105741269886, 0.145275011659]
        dvar: [0.0299758091569, 0.0358892865479, 0.0164073370397, 0.0211992729455, 0.0151841370389, 0.00943050999194, 0.0179794039577, 0.0156139824539, 0.00867440644652, 0.00729297101498, 0.00958643853664, 0.00739539321512, 0.00806729588658, 0.00879442226142, 0.0136822480708, 0.0281901955605, 0.00934350304306, 0.00148261175491, 0.000323040090734, 0.00106990733184, 0.012271954678, 0.0249622408301, 0.02560034208, 0.0114074097946, 0.00317861069925, 0.00473686726764, 0.00756809301674, 0.00876459758729, 0.009526129812, 0.0140719171613, 0.0243508648127, 0.0278030205518, 0.0146004008129, 0.0190815795213, 0.024251319468, 0.019333396107]
        dvar2: [0.0634123757482, 0.0738794207573, 0.0382592640817, 0.06419660151, 0.0476381517947, 0.0194262135774, 0.0424995347857, 0.046608645469, 0.0208842717111, 0.0169045999646, 0.0298852529377, 0.0201041121036, 0.0227025076747, 0.0250777155161, 0.0330578163266, 0.0523808598518, 0.0215966515243, 0.00357528286986, 0.000708386069164, 0.00279497099109, 0.028955148533, 0.0541198663414, 0.0594584345818, 0.0320729985833, 0.00914302282035, 0.0138638252392, 0.0146156372502, 0.01569586806, 0.0280720386654, 0.0323329232633, 0.0558040812612, 0.0639616847038, 0.0279439650476, 0.0471696667373, 0.0680271461606, 0.0422248765826]
        max: [1, 1, 0.860645413399, 1, 1, 1, 1, 1, 1, 1, 0.934669792652, 0.767838835716, 1, 0.77289545536, 1, 1, 0.759680390358, 0.430803894997, 0.2090280056, 0.336566030979, 0.884322583675, 1, 1, 0.647795796394, 0.551707565784, 0.801298439503, 1, 1, 0.755026757717, 1, 1, 1, 1, 1, 1, 1]
        mean: [0.464859962463, 0.304732710123, 0.0818304941058, 0.0369332693517, 0.0341194756329, 0.0715942084789, 0.104284919798, 0.0725056231022, 0.0608182325959, 0.0594642534852, 0.0345617495477, 0.0337587073445, 0.0385750085115, 0.0351845398545, 0.284477382898, 0.578008651733, 0.334801793098, 0.030573207885, 0.00889216177166, 0.0115682221949, 0.142678126693, 0.303385168314, 0.199451908469, 0.0375128537416, 0.0117038367316, 0.0159091278911, 0.0636077448726, 0.109664417803, 0.0919281020761, 0.155173808336, 0.258918642998, 0.180759012699, 0.0680863186717, 0.0462740398943, 0.0744177550077, 0.275011777878]
        min: [0.00333922030404, 0.00361979217269, 0.000755187065806, 0.000647025881335, 0.0005897860392, 0.000411305634771, 0.000573617289774, 0.000866065907758, 0.00065820600139, 0.000651009671856, 0.000532603648026, 0.00100052100606, 0.000534444581717, 0.00143983541057, 0.000963297614362, 0.00130330433603, 0.000867508933879, 0.000534449878614, 0.000254168204265, 0.000195548665943, 0.000413417845266, 0.000327516434481, 0.000743751763366, 0.000363116123481, 0.000155102956342, 8.058793901e-05, 0.000758645765018, 0.00230697588995, 0.00217858119868, 0.00203675683588, 0.00192326400429, 0.000569727504626, 0.000677971635014, 0.000522198912222, 0.000435342837591, 0.00361033482477]
        var: [0.142046555877, 0.0934405401349, 0.0204964894801, 0.013141089119, 0.0109463157132, 0.022874802351, 0.0310829617083, 0.0157368518412, 0.0321024805307, 0.0318563133478, 0.00723565276712, 0.00531035382301, 0.00595087837428, 0.00557440612465, 0.0431837067008, 0.145372956991, 0.0479065403342, 0.00218932935968, 0.000436652801, 0.000828486168757, 0.036277808249, 0.12327992171, 0.0551520064473, 0.00797219574451, 0.00196062680334, 0.00414999667555, 0.0221525784582, 0.0223102681339, 0.0111336642876, 0.0467291511595, 0.125617668033, 0.0768016129732, 0.0217859316617, 0.0142307262868, 0.0199104491621, 0.104443088174]
    chords_histogram: [41.1214942932, 0, 7.47663545609, 0, 0, 0, 0, 0, 0, 0, 0, 0, 0, 0, 0, 4.20560741425, 0, 6.07476615906, 0, 13.0841121674, 0, 0.934579432011, 27.102804184, 0]
    thpcp: [1, 0.579233169556, 0.0528940297663, 0.0153841329738, 0.0200139265507, 0.246844276786, 0.524879992008, 0.345067352057, 0.0649001598358, 0.020248549059, 0.0275240298361, 0.110046356916, 0.189727991819, 0.159042775631, 0.268462777138, 0.447949439287, 0.312727183104, 0.117794632912, 0.080057695508, 0.128748521209, 0.475791811943, 0.804243981838, 0.527211308479, 0.141573131084, 0.0638974308968, 0.0590293519199, 0.123863555491, 0.180421039462, 0.125440374017, 0.105220280588, 0.102877788246, 0.0597945190966, 0.0584051944315, 0.0667377710342, 0.0608719959855, 0.492168039083]
    chords_key: "D"
    chords_scale: "major"
    key_key: "D"
    key_scale: "major"
    chords_progression: ["A", "A", "Dm", "Dm", "Dm", "Dm", "Dm", "Dm", "D", "D", "D", "D", "D", "D", "D", "D", "D", "D", "D", "D", "D", "D", "D", "D", "D", "D", "D", "D", "D", "D", "D", "D", "D", "D", "D", "D", "D", "D", "D", "D", "G", "G", "G", "G", "G", "G", "G", "G", "G", "G", "G", "G", "G", "G", "G", "G", "G", "G", "G", "G", "G", "G", "G", "G", "G", "G", "G", "G", "G", "G", "G", "G", "G", "G", "G", "G", "G", "G", "G", "G", "G", "G", "G", "G", "G", "G", "G", "G", "G", "G", "G", "G", "G", "G", "G", "G", "G", "G", "Gm", "Gm", "Gm", "Gm", "Gm", "Gm", "Gm", "Gm", "Gm", "D", "D", "D", "D", "D", "D", "D", "D", "D", "D", "D", "D", "D", "D", "D", "D", "D", "D", "D", "A", "A", "A", "A", "A", "A", "A", "A", "A", "A", "A", "A", "A", "A", "Am", "Am", "Am", "Am", "Am", "Am", "Am", "Am", "Am", "Em", "Em", "Am", "Am", "Am", "Am", "Am", "Am", "Am", "Am", "Am", "Am", "Am", "Am", "Am", "Am", "Am", "Am", "Am", "Am", "Am", "D", "D", "D", "D", "D", "D", "D", "D", "D", "D", "D", "D", "D", "D", "D", "D", "D", "Dm", "Dm", "Dm", "Dm", "Dm", "Dm", "Dm", "D", "D", "D", "D", "D", "D", "D", "D", "D", "D", "D", "D", "D", "D", "D", "D", "D", "D", "D", "D"]
