
metadata:
    version:
        essentia: "1.2.2"
    audio_properties:
        analysis_sample_rate: 44100
        bitrate: 128
        channels: 2
        equal_loudness: 1
        length: 9.97877597809
        replay_gain: -12.7591876984
        downmix: "mix"
    tags:
        track: 23
        year: 0
        album: "Splitted by Mp3Splt v. 2.1"
        artist: "From 003.40 To 003.50"
        comment: "http://mp3splt.sf.net"
        genre: ""
        title: "01 Folkloric Feel.mp3"

highlevel:
    ballroom:
        all:
            ChaChaCha: 0.0175302922726
            Jive: 0.0693194270134
            Quickstep: 0.0926020368934
            Rumba-American: 0.00766786839813
            Rumba-International: 0.4991119802
            Rumba-Misc: 0.0749165043235
            Samba: 0.0365162342787
            Tango: 0.00445338571444
            VienneseWaltz: 0.134664669633
            Waltz: 0.0632176101208
        probability: 0.4991119802
        value: "Rumba-International"
    culture:
        all:
            non_western: 0.653676152229
            western: 0.346323847771
        probability: 0.653676152229
        value: "non_western"
    gender:
        all:
            female: 0.287284940481
            male: 0.712715089321
        probability: 0.712715089321
        value: "male"
    genre_dortmund:
        all:
            alternative: 0.278303980827
            blues: 0.0192407313734
            electronic: 0.0183995887637
            folkcountry: 0.195777729154
            funksoulrnb: 0.0338182225823
            jazz: 0.208239719272
            pop: 0.0735215321183
            raphiphop: 0.00220438092947
            rock: 0.170494109392
        probability: 0.278303980827
        value: "alternative"
    genre_electronica:
        all:
            ambient: 0.449811458588
            dnb: 0.196576073766
            house: 0.199471354485
            techno: 0.0328837893903
            trance: 0.121257312596
        probability: 0.449811458588
        value: "ambient"
    genre_rosamerica:
        all:
            cla: 0.0222973115742
            dan: 0.0522894710302
            hip: 0.00561508350074
            jaz: 0.0172812920064
            pop: 0.0313721522689
            rhy: 0.0301618482918
            roc: 0.833542823792
            spe: 0.00743999239057
        probability: 0.833542823792
        value: "roc"
    genre_tzanetakis:
        all:
            blu: 0.0233482066542
            cla: 0.005904879421
            cou: 0.0864411070943
            dis: 0.045406986028
            hip: 0.00914738513529
            jaz: 0.0102724237368
            met: 0.171847626567
            pop: 0.0487889535725
            reg: 0.0142335966229
            roc: 0.584608852863
        probability: 0.584608852863
        value: "roc"
    live_studio:
        all:
            live: 0.754417955875
            studio: 0.245582059026
        probability: 0.754417955875
        value: "live"
    mood:
        all:
            Cluster1: 0.24406683445
            Cluster2: 0.115505881608
            Cluster3: 0.523639917374
            Cluster4: 0.0391027592123
            Cluster5: 0.0776846110821
        probability: 0.523639917374
        value: "Cluster3"
    mood_acoustic:
        all:
            acoustic: 0.441113889217
            not_acoustic: 0.558886110783
        probability: 0.558886110783
        value: "not_acoustic"
    mood_aggressive:
        all:
            aggressive: 0.024664664641
            not_aggressive: 0.975335359573
        probability: 0.975335359573
        value: "not_aggressive"
    mood_electronic:
        all:
            electronic: 0.228354841471
            not_electronic: 0.771645188332
        probability: 0.771645188332
        value: "not_electronic"
    mood_happy:
        all:
            happy: 0.530438423157
            not_happy: 0.469561547041
        probability: 0.530438423157
        value: "happy"
    mood_party:
        all:
            not_party: 0.887854158878
            party: 0.112145826221
        probability: 0.887854158878
        value: "not_party"
    mood_relaxed:
        all:
            not_relaxed: 0.259622067213
            relaxed: 0.740377902985
        probability: 0.740377902985
        value: "relaxed"
    mood_sad:
        all:
            not_sad: 0.118407264352
            sad: 0.881592750549
        probability: 0.881592750549
        value: "sad"
    rhythm:
        all:
            fast: 0.178263038397
            medium: 0.246034324169
            slow: 0.575702667236
        probability: 0.575702667236
        value: "slow"
    speech_music:
        all:
            music: 0.699968338013
            speech: 0.30003169179
        probability: 0.699968338013
        value: "music"
    timbre:
        all:
            bright: 0.233108088374
            dark: 0.766891896725
        probability: 0.766891896725
        value: "dark"
    voice_instrumental:
        all:
            instrumental: 0.312573730946
            voice: 0.687426269054
        probability: 0.687426269054
        value: "voice"

lowlevel:
    average_loudness: 0.973886728287
    barkbands_kurtosis:
        dmean: 2.81249260902
        dmean2: 4.07495307922
        dvar: 13.0414943695
        dvar2: 25.1080341339
        max: 36.3992614746
        mean: 4.63093185425
        min: -1.84575581551
        var: 42.173538208
    barkbands_skewness:
        dmean: 0.522558391094
        dmean2: 0.778626918793
        dvar: 0.234784066677
        dvar2: 0.497674793005
        max: 5.00621795654
        mean: 1.96141016483
        min: -0.710641980171
        var: 1.01384663582
    barkbands_spread:
        dmean: 6.17332744598
        dmean2: 8.94081497192
        dvar: 40.0338363647
        dvar2: 88.2588500977
        max: 49.291973114
        mean: 21.6793804169
        min: 2.74799251556
        var: 126.798622131
    dissonance:
        dmean: 0.0226663015783
        dmean2: 0.0374583564699
        dvar: 0.00049405003665
        dvar2: 0.00131453725044
        max: 0.498001396656
        mean: 0.449843227863
        min: 0.290632426739
        var: 0.000849594478495
    hfc:
        dmean: 1.03293132782
        dmean2: 1.46796894073
        dvar: 1.30011284351
        dvar2: 2.26570820808
        max: 10.4934215546
        mean: 3.40190863609
        min: 0.0721440017223
        var: 3.78908133507
    pitch:
        dmean: 820.533935547
        dmean2: 1611.31787109
        dvar: 1997287.375
        dvar2: 4639490
        max: 4009.09082031
        mean: 1031.9440918
        min: 66.0179672241
        var: 2115037.25
    pitch_instantaneous_confidence:
        dmean: 0.084515042603
        dmean2: 0.13806514442
        dvar: 0.00469191418961
        dvar2: 0.0107491817325
        max: 0.78681409359
        mean: 0.402835726738
        min: 0.140559792519
        var: 0.0116136949509
    pitch_salience:
        dmean: 0.0639145821333
        dmean2: 0.105888806283
        dvar: 0.00285337213427
        dvar2: 0.0072856717743
        max: 0.816403090954
        mean: 0.644458353519
        min: 0.266355097294
        var: 0.00749053247273
    silence_rate_20dB:
        dmean: 0
        dmean2: 0
        dvar: 0
        dvar2: 0
        max: 1
        mean: 1
        min: 1
        var: 0
    silence_rate_30dB:
        dmean: 0
        dmean2: 0
        dvar: 0
        dvar2: 0
        max: 1
        mean: 1
        min: 1
        var: 0
    silence_rate_60dB:
        dmean: 0.153488367796
        dmean2: 0.305361300707
        dvar: 0.1299302876
        dvar2: 0.244750142097
        max: 1
        mean: 0.276102095842
        min: 0
        var: 0.199869945645
    spectral_centroid:
        dmean: 196.187225342
        dmean2: 311.215362549
        dvar: 49381.8007812
        dvar2: 124427.875
        max: 2181.61450195
        mean: 763.925048828
        min: 264.94934082
        var: 124897.882812
    spectral_complexity:
        dmean: 1.96270394325
        dmean2: 2.91822433472
        dvar: 3.82611393929
        dvar2: 7.63115501404
        max: 21
        mean: 8.57907009125
        min: 0
        var: 11.011182785
    spectral_crest:
        dmean: 2.41744756699
        dmean2: 3.96349430084
        dvar: 4.16695737839
        dvar2: 10.2134180069
        max: 23.0671539307
        mean: 10.2184476852
        min: 3.72632026672
        var: 13.7500429153
    spectral_decrease:
        dmean: 3.44062556223e-10
        dmean2: 5.36949096297e-10
        dvar: 1.20434136766e-19
        dvar2: 2.7079075671e-19
        max: -9.47264922752e-12
        mean: -1.1653630283e-09
        min: -3.88709908705e-09
        var: 3.91739865107e-19
    spectral_energy:
        dmean: 0.0013605436543
        dmean2: 0.00209978478961
        dvar: 1.87841794741e-06
        dvar2: 4.1614816837e-06
        max: 0.015316833742
        mean: 0.00470691220835
        min: 4.22956254624e-05
        var: 6.15921271674e-06
    spectral_energyband_high:
        dmean: 8.43523812364e-05
        dmean2: 0.000122650715639
        dvar: 1.18586385156e-08
        dvar2: 2.57757690747e-08
        max: 0.000726257858332
        mean: 0.000132811328513
        min: 1.9797485038e-06
        var: 1.96729121882e-08
    spectral_energyband_low:
        dmean: 0.000370651483536
        dmean2: 0.000661991245579
        dvar: 2.27221335081e-07
        dvar2: 6.43348585072e-07
        max: 0.0027701286599
        mean: 0.000395847600885
        min: 1.25212898183e-06
        var: 2.25475204729e-07
    spectral_energyband_middle_high:
        dmean: 0.000207431105082
        dmean2: 0.000291291711619
        dvar: 4.99070438309e-08
        dvar2: 9.79142669166e-08
        max: 0.00231986888684
        mean: 0.00061984237982
        min: 1.61902898981e-05
        var: 1.66427824411e-07
    spectral_energyband_middle_low:
        dmean: 0.00111282547005
        dmean2: 0.00171128904913
        dvar: 1.35141840474e-06
        dvar2: 3.05588650917e-06
        max: 0.0141974603757
        mean: 0.00355840614066
        min: 2.1031470169e-05
        var: 4.923900633e-06
    spectral_flatness_db:
        dmean: 0.0263837780803
        dmean2: 0.0354511141777
        dvar: 0.00054994400125
        dvar2: 0.000993508379906
        max: 0.327867865562
        mean: 0.202502027154
        min: 0.0896718800068
        var: 0.00185395451263
    spectral_flux:
        dmean: 0.00927020609379
        dmean2: 0.014217749238
        dvar: 9.1245812655e-05
        dvar2: 0.000191613318748
        max: 0.0808278471231
        mean: 0.033638574183
        min: 0.00650350889191
        var: 0.000163988457643
    spectral_kurtosis:
        dmean: 3.16089510918
        dmean2: 5.13893270493
        dvar: 18.0711345673
        dvar2: 46.9623413086
        max: 38.2502670288
        mean: 5.59030914307
        min: 0.311137676239
        var: 29.4350700378
    spectral_rms:
        dmean: 0.000312958698487
        dmean2: 0.000479631504277
        dvar: 8.9685308069e-08
        dvar2: 1.88023321357e-07
        max: 0.00386565038934
        mean: 0.002071097726
        min: 0.00020313548157
        var: 3.0266286899e-07
    spectral_rolloff:
        dmean: 636.208068848
        dmean2: 1098.14245605
        dvar: 762479.375
        dvar2: 1746718.25
        max: 4285.10742188
        mean: 1478.12805176
        min: 279.931640625
        var: 1403977.125
    spectral_skewness:
        dmean: 0.37416061759
        dmean2: 0.585389852524
        dvar: 0.172635108232
        dvar2: 0.399530142546
        max: 4.58605766296
        mean: 1.65505635738
        min: 0.66836386919
        var: 0.438708752394
    spectral_spread:
        dmean: 805649.875
        dmean2: 1091703
        dvar: 1.13049993216e+12
        dvar2: 1.60452876698e+12
        max: 18964746
        mean: 4050069.75
        min: 1514709
        var: 2.03048078541e+12
    spectral_strongpeak:
        dmean: 0.184157237411
        dmean2: 0.313657790422
        dvar: 0.0779631212354
        dvar2: 0.235573068261
        max: 2.23988699913
        mean: 0.354166686535
        min: 0.00427781231701
        var: 0.0911862626672
    zerocrossingrate:
        dmean: 0.00918515119702
        dmean2: 0.0111882574856
        dvar: 6.1345177528e-05
        dvar2: 8.08583281469e-05
        max: 0.11962890625
        mean: 0.0546386726201
        min: 0.0126953125
        var: 0.000439942785306
    barkbands:
        dmean: [1.20888728361e-07, 0.000126256214571, 0.00026279152371, 0.000343503925251, 0.000685241131578, 0.000394641072489, 0.000124617901747, 0.000106015897472, 6.5108644776e-05, 3.53543182428e-05, 2.21904701903e-05, 1.96210112335e-05, 1.04377395473e-05, 9.61792920862e-06, 1.08613639895e-05, 2.11656515603e-05, 2.90775969916e-05, 7.4258823588e-05, 7.81955604907e-05, 7.28720187908e-05, 3.4071799746e-05, 1.69839313457e-05, 4.64531831312e-06, 1.32797833885e-06, 4.3254448201e-07, 2.68682018856e-08, 2.15565498785e-09]
        dmean2: [1.99447427462e-07, 0.000235324623645, 0.0004694199597, 0.000578174367547, 0.00107263331302, 0.00064112682594, 0.00020841784135, 0.000172695930814, 0.000102467885881, 5.72010176256e-05, 3.67999236914e-05, 3.18680577038e-05, 1.67831676663e-05, 1.4807491425e-05, 1.74880315171e-05, 3.38846111845e-05, 4.46242556791e-05, 0.000118762342026, 0.00012118480663, 0.000106858780782, 4.89551021019e-05, 2.7564330594e-05, 7.04298872733e-06, 2.09847007682e-06, 6.96923450505e-07, 4.1016981811e-08, 2.30452412708e-09]
        dvar: [4.83776464255e-14, 3.88236109927e-08, 1.10672715437e-07, 2.03021471634e-07, 6.09310859545e-07, 2.70884100928e-07, 1.77254513289e-08, 3.45013013714e-08, 1.04996766837e-08, 2.53504617298e-09, 1.2548659889e-09, 7.57646778649e-10, 2.40155451081e-10, 1.73907846457e-10, 1.81294243506e-10, 8.49193770858e-10, 1.86247439693e-09, 9.1326395335e-09, 9.37767907772e-09, 6.90007695425e-09, 1.94877425308e-09, 7.24476201253e-10, 5.04244528077e-11, 5.66527857612e-12, 6.72809518602e-13, 4.01516910405e-15, 1.55143655762e-15]
        dvar2: [9.62582335888e-14, 1.14909042281e-07, 3.04645055849e-07, 5.0833170917e-07, 1.33887192533e-06, 6.13528470694e-07, 4.81080384418e-08, 9.84057777487e-08, 1.88453466166e-08, 6.63995747274e-09, 3.66783470263e-09, 1.89131821315e-09, 5.95920923718e-10, 3.79387465888e-10, 4.37599290137e-10, 1.79941317402e-09, 4.23756674195e-09, 2.28594743135e-08, 2.55918344294e-08, 1.46424730119e-08, 4.03274924565e-09, 1.82633241863e-09, 1.20600654463e-10, 1.4638006085e-11, 1.73445264227e-12, 7.78347638485e-15, 1.50434819614e-15]
        max: [2.73232262771e-06, 0.000978393945843, 0.00189237273298, 0.00442814873531, 0.0118948053569, 0.00769474124536, 0.00149666890502, 0.00263516651466, 0.00212688534521, 0.000485758733703, 0.000307539477944, 0.000269663112704, 0.00010545837722, 0.000192198407603, 0.00013443781063, 0.000325782835716, 0.00050995341735, 0.000788776145782, 0.000788430217654, 0.000572502263822, 0.000354863703251, 0.000173187858309, 4.7205703595e-05, 2.10472953768e-05, 8.31634315546e-06, 7.65530671742e-07, 8.301990988e-07]
        mean: [1.18499379198e-07, 9.97552269837e-05, 0.000295980629744, 0.000444384291768, 0.00151131732855, 0.000922538049053, 0.000233449798543, 0.000217234410229, 0.000207208839129, 7.83437790233e-05, 3.42662824551e-05, 2.84915531665e-05, 1.45910980791e-05, 1.85012140719e-05, 1.92917723325e-05, 3.98651754949e-05, 4.52121603303e-05, 0.00013994803885, 0.000151075815666, 0.000131092165248, 4.98095469084e-05, 1.76637822733e-05, 4.74543276141e-06, 1.54698011556e-06, 4.540309817e-07, 2.70493334398e-08, 2.16088702487e-09]
        min: [2.81674072955e-10, 3.15241749149e-07, 5.94237519635e-07, 3.34651849698e-06, 5.63131652598e-06, 3.73305465473e-06, 2.47441812462e-06, 2.61232253251e-06, 8.47705450724e-07, 6.79449030372e-08, 3.34127918222e-07, 7.71372413055e-07, 2.22532491989e-07, 2.3244668057e-07, 5.74328602454e-08, 9.12470568437e-07, 7.11598772796e-07, 1.06801564925e-06, 1.6042487232e-06, 2.44782563641e-06, 2.66629371026e-07, 4.57508058105e-08, 1.38400189087e-08, 2.82963164011e-09, 3.16215559596e-13, 5.1903203957e-11, 1.53018724536e-13]
        var: [5.0230205737e-14, 2.71959006426e-08, 1.20556876482e-07, 3.2527813687e-07, 2.65418498202e-06, 7.43889927435e-07, 4.99842407464e-08, 1.41365859463e-07, 1.26803769263e-07, 6.53616361035e-09, 1.86584947492e-09, 1.09502962253e-09, 3.39040601149e-10, 5.95589133567e-10, 3.63346075449e-10, 1.84295745331e-09, 3.29626126394e-09, 1.94581026847e-08, 1.78431207587e-08, 1.32884014903e-08, 3.64273011755e-09, 7.36789573796e-10, 5.46299568083e-11, 5.72220959852e-12, 6.54925929027e-13, 4.26510353931e-15, 1.5987145486e-15]
    mfcc:
        mean: [-751.093322754, 148.471359253, -26.8443889618, 73.0212554932, -25.7598457336, -16.3882579803, -7.08521175385, -6.3264875412, -17.1525287628, -1.96264100075, -16.6595134735, -5.40734052658, -9.1252155304]
        cov: [[2604.68334961, -1378.6529541, 236.094665527, -288.819396973, 81.3455886841, 221.569671631, -37.7721443176, 66.2690353394, 193.291885376, -240.455444336, 322.859680176, -126.078742981, 76.0362167358], [-1378.6529541, 1364.73095703, -316.209655762, 193.103530884, -158.045776367, -143.968139648, 105.086456299, -18.4614219666, -112.687835693, 228.143096924, -199.008453369, 108.645111084, -32.0654220581], [236.094665527, -316.209655762, 489.379272461, -146.392669678, 80.6863174438, 69.7062149048, 28.6422138214, 19.5862007141, 45.0708999634, -30.6903495789, 6.25040626526, -13.9255123138, 33.052532196], [-288.819396973, 193.103530884, -146.392669678, 267.736999512, 47.4043884277, 30.1898517609, -15.6510858536, 36.1087799072, -63.5355072021, 66.2646560669, -46.8830070496, 56.8278007507, -17.7025127411], [81.3455886841, -158.045776367, 80.6863174438, 47.4043884277, 175.558273315, 37.6144142151, 11.4044694901, -3.55051159859, 8.22853374481, -35.9224662781, 28.841381073, -10.3503684998, 4.52649450302], [221.569671631, -143.968139648, 69.7062149048, 30.1898517609, 37.6144142151, 152.951919556, -6.87890100479, 55.0827522278, -25.5939731598, 27.7771244049, 6.31339168549, 39.1870002747, 3.35869503021], [-37.7721443176, 105.086456299, 28.6422138214, -15.6510858536, 11.4044694901, -6.87890100479, 106.214950562, 7.65911722183, 28.087677002, -0.342851758003, 14.6474885941, -6.63400173187, 32.7807617188], [66.2690353394, -18.4614219666, 19.5862007141, 36.1087799072, -3.55051159859, 55.0827522278, 7.65911722183, 134.758651733, 1.95602023602, 57.8051872253, 3.11329460144, 67.1116638184, 14.9544248581], [193.291885376, -112.687835693, 45.0708999634, -63.5355072021, 8.22853374481, -25.5939731598, 28.087677002, 1.95602023602, 122.533638, -57.3912811279, 77.3087463379, -42.5239524841, 45.2056922913], [-240.455444336, 228.143096924, -30.6903495789, 66.2646560669, -35.9224662781, 27.7771244049, -0.342851758003, 57.8051872253, -57.3912811279, 171.529312134, -57.2322311401, 102.189147949, -22.6916103363], [322.859680176, -199.008453369, 6.25040626526, -46.8830070496, 28.841381073, 6.31339168549, 14.6474885941, 3.11329460144, 77.3087463379, -57.2322311401, 147.681396484, -34.90051651, 34.607925415], [-126.078742981, 108.645111084, -13.9255123138, 56.8278007507, -10.3503684998, 39.1870002747, -6.63400173187, 67.1116638184, -42.5239524841, 102.189147949, -34.90051651, 131.1224823, -9.96768665314], [76.0362167358, -32.0654220581, 33.052532196, -17.7025127411, 4.52649450302, 3.35869503021, 32.7807617188, 14.9544248581, 45.2056922913, -22.6916103363, 34.607925415, -9.96768665314, 94.820350647]]
        icov: [[0.0011392129818, 0.000971163797658, 0.000419690186391, 0.000534350867383, 0.000450722320238, -0.00119188101962, -0.000501761154737, -0.000218231900362, -0.000408328138292, 9.35416755965e-06, -0.000759611546528, 0.000247269810643, 9.70865949057e-05], [0.000971163797658, 0.00296314689331, 0.00102776801214, -0.000524256902281, 0.00143494631629, 0.000516288506333, -0.00317290890962, 0.000803763978183, -0.000329740549205, -0.00195768545382, 0.00105882249773, -0.000101783283753, -5.7940465922e-05], [0.000419690186391, 0.00102776801214, 0.00398325407878, 0.0026117041707, -0.00186161044985, -0.00161959172692, -0.00117924285587, -0.000256192754023, -0.00130381307099, -0.00100250658579, 0.00217135483399, 0.000135421418236, -0.000692148110829], [0.000534350867383, -0.000524256902281, 0.0026117041707, 0.00781069183722, -0.00398401217535, -0.00205781520344, 0.00151198136155, -0.00187073764391, 0.000844666908961, -0.000549023796339, 0.000799068366177, 2.51463716268e-05, -0.000845635484438], [0.000450722320238, 0.00143494631629, -0.00186161044985, -0.00398401217535, 0.00962014123797, -0.000754578621127, -0.00275067589246, 0.00165277288761, 0.000212086859392, 0.00160257169046, -0.00179153762292, -0.000797257700469, 0.00113919319119], [-0.00119188101962, 0.000516288506333, -0.00161959172692, -0.00205781520344, -0.000754578621127, 0.0121419522911, -0.000645168125629, -0.0023205569014, 0.0041068373248, -0.00134025327861, -0.00029929948505, -0.00115010479931, -0.000784644449595], [-0.000501761154737, -0.00317290890962, -0.00117924285587, 0.00151198136155, -0.00275067589246, -0.000645168125629, 0.0149369770661, -0.00160532293376, -0.00134686240926, 0.000646134431008, -0.00149980781134, 0.00133247708436, -0.00324964174069], [-0.000218231900362, 0.000803763978183, -0.000256192754023, -0.00187073764391, 0.00165277288761, -0.0023205569014, -0.00160532293376, 0.0129572106525, -0.00284817744978, -0.00230058073066, 0.000295629550237, -0.00511981686577, -0.00113717606291], [-0.000408328138292, -0.000329740549205, -0.00130381307099, 0.000844666908961, 0.000212086859392, 0.0041068373248, -0.00134686240926, -0.00284817744978, 0.0175497047603, 0.00174069637433, -0.00642213923857, 0.00189018063247, -0.00382025307044], [9.35416755965e-06, -0.00195768545382, -0.00100250658579, -0.000549023796339, 0.00160257169046, -0.00134025327861, 0.000646134431008, -0.00230058073066, 0.00174069637433, 0.0150498347357, -0.000361937069101, -0.00762489484623, 0.00179012713488], [-0.000759611546528, 0.00105882249773, 0.00217135483399, 0.000799068366177, -0.00179153762292, -0.00029929948505, -0.00149980781134, 0.000295629550237, -0.00642213923857, -0.000361937069101, 0.0139933833852, -0.000171624094946, -0.00122277019545], [0.000247269810643, -0.000101783283753, 0.000135421418236, 2.51463716268e-05, -0.000797257700469, -0.00115010479931, 0.00133247708436, -0.00511981686577, 0.00189018063247, -0.00762489484623, -0.000171624094946, 0.017378244549, -0.000686010229401], [9.70865949057e-05, -5.7940465922e-05, -0.000692148110829, -0.000845635484438, 0.00113919319119, -0.000784644449595, -0.00324964174069, -0.00113717606291, -0.00382025307044, 0.00179012713488, -0.00122277019545, -0.000686010229401, 0.0144322961569]]
    spectral_contrast:
        mean: [-2.07321065204e-07, -3.09372353513e-07, -1.34898826332e-07, -1.44428639715e-07, -4.90698717215e-08, -6.11987189814e-08, -4.48102173323e-06, 1.06813604361e-06, -5.72759063289e-07, 1.1471814787e-06, 2.60368346972e-06, 6.14620944361e-07]
        var: [0.000490465783514, 0.00070822564885, 0.000970729568508, 0.00146646623034, 0.00303087383509, 0.00437609432265, 0.040671993047, 0.0971028506756, 0.155794963241, 0.282819271088, 0.472026884556, 2.67479991913]

rhythm:
    beats_loudness:
        dmean: 0.00335048581474
        dmean2: 0.00611412664875
        dvar: 7.02439319866e-06
        dvar2: 2.00905669772e-05
        max: 0.0125303156674
        mean: 0.00593318836764
        min: 0.00223152944818
        var: 8.91462968866e-06
    beats_loudness_bass:
        dmean: 0.135948061943
        dmean2: 0.252756029367
        dvar: 0.0143738761544
        dvar2: 0.0512965470552
        max: 0.393490970135
        mean: 0.157306700945
        min: 0.00616911007091
        var: 0.0133748622611
    bpm: 102.268386841
    bpm_confidence: 0
    first_peak_bpm: 102
    first_peak_spread: 0
    first_peak_weight: 0.526315808296
    onset_rate: 5.01063489914
    second_peak_bpm: 153
    second_peak_spread: 0
    second_peak_weight: 0.473684221506
    beats_position: [0.211084917188, 0.797782897949, 1.38448095322, 1.97117888927, 2.55787682533, 3.1445748806, 3.73127269745, 4.31797027588, 4.90466833115, 5.49136590958, 6.07446908951, 6.46766710281, 6.86086559296, 7.25406455994, 7.64726257324, 8.04046058655, 8.43365955353, 8.82685756683, 9.22005558014, 9.61325359344]
    bpm_estimates: [102.441390991, 102.292427063, 102.789375305, 101.587882996, 102.307167053, 102.351097107, 102.109367371]
    bpm_intervals: [0.586697995663, 0.586698055267, 0.586697936058, 0.586697936058, 0.586698055267, 0.586697816849, 0.58669757843, 0.586698055267, 0.58669757843, 0.583103179932, 0.393198013306, 0.393198490143, 0.39319896698, 0.393198013306, 0.393198013306, 0.39319896698, 0.393198013306, 0.393198013306, 0.393198013306]
    onset_times: [0.0348299331963, 0.208979591727, 0.394739240408, 0.603718817234, 0.789478480816, 0.99845802784, 1.18421769142, 1.35836732388, 1.59056687355, 1.78793644905, 1.99691605568, 2.18267583847, 2.38004541397, 2.55419492722, 2.76317453384, 2.96054410934, 3.15791392326, 3.35528349876, 3.54104304314, 3.75002264977, 3.94739222527, 4.14476203918, 4.33052158356, 4.53950119019, 4.73687076569, 4.92263031006, 5.13160991669, 5.32897949219, 5.51473903656, 5.70049905777, 5.89786863327, 6.09523820877, 6.3042178154, 6.48997735977, 6.67573690414, 6.81505680084, 6.90793657303, 7.08208608627, 7.26784563065, 7.47682523727, 7.70902490616, 7.85995483398, 8.26630401611, 8.47528362274, 8.85841274261, 9.07900238037, 9.26476192474, 9.47374153137, 9.67111110687, 9.85687065125]
    rubato_start: [6.46766710281]
    rubato_stop: [6.86086559296]
    perceptual_tempo: "unknown"

sfx:
    inharmonicity:
        dmean: 0.0347604006529
        dmean2: 0.0622054077685
        dvar: 0.00216670311056
        dvar2: 0.00629833107814
        max: 0.388833284378
        mean: 0.0315148644149
        min: 0
        var: 0.00189014989883
    oddtoevenharmonicenergyratio:
        dmean: 3.0453915596
        dmean2: 5.83486509323
        dvar: 166.943786621
        dvar2: 495.177856445
        max: 152.410232544
        mean: 1.81522631645
        min: 0
        var: 93.2670440674
    pitch_after_max_to_before_max_energy_ratio: 45.7721862793
    pitch_centroid: 197.405029297
    pitch_max_to_total: 0.00232558138669
    pitch_min_to_total: 0.939534902573
    tristimulus:
        dmean: [0.241448387504, 0.228210806847, 0.103685230017]
        dmean2: [0.420161873102, 0.4003251791, 0.185250088573]
        dvar: [0.0369757339358, 0.0389242656529, 0.0130365025252]
        dvar2: [0.105602413416, 0.111559592187, 0.0388415120542]
        max: [1, 0.982384800911, 0.663206100464]
        mean: [0.518365502357, 0.343395113945, 0.0961097627878]
        min: [0.0036589729134, 0, 0]
        var: [0.0652723237872, 0.0555506274104, 0.0137388426811]

tonal:
    chords_changes_rate: 0.0555555559695
    chords_number_rate: 0.0324074067175
    chords_strength:
        dmean: 0.00924800150096
        dmean2: 0.00726722227409
        dvar: 6.00268358539e-05
        dvar2: 4.60285955342e-05
        max: 0.726132035255
        mean: 0.557627797127
        min: 0.340155124664
        var: 0.0130793107674
    key_strength: 0.714796185493
    tuning_diatonic_strength: 0.51600331068
    tuning_equal_tempered_deviation: 0.10961279273
    tuning_frequency: 442.293365479
    tuning_nontempered_energy_ratio: 0.719290018082
    hpcp:
        dmean: [0.172788977623, 0.13099206984, 0.0818579420447, 0.0472077801824, 0.0649202764034, 0.153977587819, 0.154737427831, 0.105048201978, 0.0685722008348, 0.0575902201235, 0.0582881271839, 0.0711475163698, 0.0741479843855, 0.0806730017066, 0.121085010469, 0.114802867174, 0.0541641004384, 0.0439691133797, 0.0642877966166, 0.126254230738, 0.225157797337, 0.208461850882, 0.150842025876, 0.089791610837, 0.0672141835093, 0.0464974157512, 0.0764216557145, 0.117829889059, 0.170098394156, 0.186032399535, 0.187313765287, 0.147392123938, 0.12158062309, 0.143396571279, 0.17544695735, 0.201039940119]
        dmean2: [0.310723036528, 0.237201228738, 0.148876339197, 0.0809514224529, 0.10874594003, 0.242035880685, 0.236362636089, 0.173824831843, 0.114374294877, 0.0902032256126, 0.100080415606, 0.116149894893, 0.120315589011, 0.136370018125, 0.205332517624, 0.184376344085, 0.0900392457843, 0.077568590641, 0.118175424635, 0.224738791585, 0.353338718414, 0.340992927551, 0.262624591589, 0.160429537296, 0.117998681962, 0.0827261582017, 0.130428642035, 0.192393496633, 0.285707771778, 0.300498753786, 0.29901099205, 0.250325798988, 0.216788679361, 0.259748250246, 0.317990034819, 0.345093309879]
        dvar: [0.0476528555155, 0.0446106269956, 0.0236005447805, 0.00487421825528, 0.00889133755118, 0.0319063961506, 0.0316956005991, 0.0187199171633, 0.0102878147736, 0.010128909722, 0.0115777393803, 0.0162052921951, 0.021970352158, 0.0188047830015, 0.0313260927796, 0.0260499157012, 0.00482574524358, 0.00504717649892, 0.0176924634725, 0.026954177767, 0.0432504713535, 0.0483327209949, 0.0241673048586, 0.0246001072228, 0.0265929624438, 0.00887291878462, 0.0138274012133, 0.0242682639509, 0.0530017577112, 0.0466627031565, 0.0484074912965, 0.0378023721278, 0.0348968207836, 0.0398261323571, 0.0591149739921, 0.0605915039778]
        dvar2: [0.121091097593, 0.124770283699, 0.0694679021835, 0.0134071260691, 0.0221288986504, 0.0741529986262, 0.0668076127768, 0.0497403778136, 0.0248417556286, 0.0221700780094, 0.0315320305526, 0.034632012248, 0.0385733991861, 0.0520277842879, 0.0765825882554, 0.0626084133983, 0.0124307917431, 0.0126549964771, 0.0494015477598, 0.0750627666712, 0.0965038985014, 0.0999877899885, 0.0647283419967, 0.0721990913153, 0.0736885890365, 0.0242224559188, 0.0345919206738, 0.0596721991897, 0.134942799807, 0.0987491756678, 0.111250460148, 0.0856148302555, 0.0970594361424, 0.103598356247, 0.149176031351, 0.165531545877]
        max: [1, 1, 1, 0.48837813735, 0.840373814106, 1, 1, 1, 1, 1, 1, 0.87211728096, 1, 1, 1, 1, 0.485829234123, 0.438624858856, 1, 1, 1, 1, 1, 1, 1, 0.683032751083, 0.864436089993, 1, 1, 1, 1, 1, 1, 1, 1, 1]
        mean: [0.221796050668, 0.149748414755, 0.0763799846172, 0.0447016060352, 0.0738863348961, 0.272393703461, 0.363128900528, 0.17605304718, 0.107253648341, 0.136556640267, 0.093166321516, 0.0843692496419, 0.0952108725905, 0.0947262346745, 0.163121342659, 0.163396716118, 0.0719213634729, 0.0421016067266, 0.0477988980711, 0.111726373434, 0.420785844326, 0.538277983665, 0.243491232395, 0.0751461461186, 0.0549211315811, 0.0492241159081, 0.124839738011, 0.188892826438, 0.20078791678, 0.306933134794, 0.339415490627, 0.190754771233, 0.10543871671, 0.117354564369, 0.14772747457, 0.208714038134]
        min: [0.00188230141066, 0.00195223384071, 0.000693132984452, 0.000766684068367, 0.00124821183272, 0.00269322679378, 0.00254305661656, 0.00510590104386, 0.000315265147947, 0.000724955811165, 0.00152658647858, 0.00140770396683, 0.00223115039989, 0.00235730805434, 0.00155083148275, 0.00223712832667, 0.000767845951486, 0.00058025441831, 0.000491690763738, 0.00069533433998, 0.00609725667164, 0.00786844268441, 0.00474589178339, 0.000469989288831, 0.000545293965843, 0.000583897111937, 0.000936746771913, 0.00109380367212, 0.00165170198306, 0.00211394648068, 0.00259891804308, 0.0013058881741, 0.000543749600183, 0.00118966202717, 0.000668925582431, 0.0018459642306]
        var: [0.0860446542501, 0.0505453757942, 0.0168679375201, 0.00392343616113, 0.0100087467581, 0.0793067291379, 0.122039735317, 0.032046418637, 0.0339443534613, 0.0697498992085, 0.0214117038995, 0.0197593104094, 0.0350525304675, 0.0195112805814, 0.0404945090413, 0.0427429042757, 0.00784370675683, 0.0041375271976, 0.0108075141907, 0.0228836815804, 0.09509319067, 0.131849080324, 0.0418725796044, 0.0184189286083, 0.0185353085399, 0.00621260376647, 0.0346005298197, 0.0706695094705, 0.0680778101087, 0.0897365957499, 0.116320170462, 0.046178188175, 0.0273748487234, 0.0328512191772, 0.051004935056, 0.0748476609588]
    chords_histogram: [49.0740737915, 2.77777767181, 6.01851844788, 0, 0, 5.55555534363, 0, 0, 0, 0, 0, 0, 0, 0, 0, 4.16666650772, 0, 0, 0, 0, 0, 0, 12.9629631042, 19.4444446564]
    thpcp: [1, 0.452352195978, 0.139604717493, 0.102031171322, 0.0914473906159, 0.231924280524, 0.350920587778, 0.373019009829, 0.570213079453, 0.630558013916, 0.354379653931, 0.195881530643, 0.218018516898, 0.274444580078, 0.38774394989, 0.412047415972, 0.27819904685, 0.141896918416, 0.083045579493, 0.13726426661, 0.506046533585, 0.674612224102, 0.327067166567, 0.19925327599, 0.253691673279, 0.173082172871, 0.15673917532, 0.17688049376, 0.175980135798, 0.303042948246, 0.303554534912, 0.133613795042, 0.0782153606415, 0.0887996554375, 0.207562595606, 0.781725883484]
    chords_key: "E"
    chords_scale: "minor"
    key_key: "E"
    key_scale: "minor"
    chords_progression: ["C", "C", "G", "G", "G", "G", "G", "G", "C", "C", "C", "C", "C", "C", "C", "C", "C", "G#", "G#", "C", "G#", "G#", "G#", "G#", "G#", "G#", "G#", "C", "C", "C", "C", "C", "C", "C", "C", "Em", "Em", "Em", "Em", "Em", "Em", "Em", "Em", "Em", "Em", "Em", "Em", "Em", "Em", "Em", "Em", "Em", "Em", "Em", "Em", "Em", "Em", "Em", "Em", "Em", "Em", "Em", "Em", "Em", "Em", "Em", "Em", "Em", "Em", "Em", "Em", "Em", "Em", "Em", "Em", "Em", "Em", "Em", "Em", "Em", "Em", "Em", "Em", "Em", "Em", "Em", "Em", "Bm", "Bm", "Bm", "Bm", "Bm", "Bm", "Bm", "Bm", "Bm", "Bm", "Bm", "Bm", "Bm", "Em", "Em", "Em", "Em", "Em", "Em", "Em", "Em", "Em", "Em", "Em", "Em", "Em", "Em", "Em", "Em", "Em", "Em", "Em", "Em", "Em", "Em", "Em", "Em", "Em", "Em", "Em", "Em", "Em", "Em", "Em", "Em", "Em", "Em", "Em", "Em", "Em", "Em", "Em", "Em", "Em", "Em", "Em", "Em", "Em", "Em", "Em", "Em", "Em", "Em", "Em", "Em", "Em", "Em", "A", "A", "A", "A", "A", "A", "A", "A", "A", "A", "A", "A", "Am", "Am", "Am", "Am", "Am", "Am", "Am", "Am", "Am", "Am", "Am", "Am", "Am", "Am", "Am", "Am", "Am", "Am", "Am", "Am", "Am", "Am", "Am", "Am", "Am", "Am", "Am", "Am", "C", "C", "C", "C", "C", "C", "C", "C", "C", "C", "C", "C", "C", "C", "C", "C", "C", "C", "C", "C", "C", "C"]
