
metadata:
    version:
        essentia: "1.2.2"
    audio_properties:
        analysis_sample_rate: 44100
        bitrate: 128
        channels: 2
        equal_loudness: 1
        length: 10.0310201645
        replay_gain: -8.32191467285
        downmix: "mix"
    tags:
        track: 13
        year: 0
        album: "Splitted by Mp3Splt v. 2.1"
        artist: "From 002.00 To 002.10"
        comment: "http://mp3splt.sf.net"
        genre: ""
        title: "10 Marine.mp3"

highlevel:
    ballroom:
        all:
            ChaChaCha: 0.275209128857
            Jive: 0.0373575277627
            Quickstep: 0.0026495710481
            Rumba-American: 0.000807231059298
            Rumba-International: 0.0301938541234
            Rumba-Misc: 0.00417523179203
            Samba: 0.646924495697
            Tango: 0.000827131269034
            VienneseWaltz: 0.00128541293088
            Waltz: 0.000570404634345
        probability: 0.646924495697
        value: "Samba"
    culture:
        all:
            non_western: 0.774715602398
            western: 0.2252843678
        probability: 0.774715602398
        value: "non_western"
    gender:
        all:
            female: 0.830833613873
            male: 0.169166401029
        probability: 0.830833613873
        value: "female"
    genre_dortmund:
        all:
            alternative: 0.0237128287554
            blues: 0.00145039288327
            electronic: 0.781121313572
            folkcountry: 0.0130164353177
            funksoulrnb: 0.00305429287255
            jazz: 0.0744666457176
            pop: 0.027545902878
            raphiphop: 0.0187940299511
            rock: 0.0568381808698
        probability: 0.781121313572
        value: "electronic"
    genre_electronica:
        all:
            ambient: 0.0336942374706
            dnb: 0.537109553814
            house: 0.00735175050795
            techno: 0.0622676238418
            trance: 0.35957685113
        probability: 0.537109553814
        value: "dnb"
    genre_rosamerica:
        all:
            cla: 0.00888860970736
            dan: 0.939757764339
            hip: 0.0132167274132
            jaz: 0.00844124704599
            pop: 0.0118828043342
            rhy: 0.00463710259646
            roc: 0.0122649269179
            spe: 0.000910825678147
        probability: 0.939757764339
        value: "dan"
    genre_tzanetakis:
        all:
            blu: 0.00489146821201
            cla: 0.00673743104562
            cou: 0.0191388018429
            dis: 0.185373619199
            hip: 0.0549539253116
            jaz: 0.0532460398972
            met: 0.0274343769997
            pop: 0.467697501183
            reg: 0.122854545712
            roc: 0.0576722845435
        probability: 0.467697501183
        value: "pop"
    live_studio:
        all:
            live: 0.0163159668446
            studio: 0.983684062958
        probability: 0.983684062958
        value: "studio"
    mood:
        all:
            Cluster1: 0.321241140366
            Cluster2: 0.0889314338565
            Cluster3: 0.272189110518
            Cluster4: 0.05813934654
            Cluster5: 0.259498983622
        probability: 0.321241140366
        value: "Cluster1"
    mood_acoustic:
        all:
            acoustic: 0.0092336256057
            not_acoustic: 0.990766346455
        probability: 0.990766346455
        value: "not_acoustic"
    mood_aggressive:
        all:
            aggressive: 0.0436435900629
            not_aggressive: 0.956356406212
        probability: 0.956356406212
        value: "not_aggressive"
    mood_electronic:
        all:
            electronic: 0.958456754684
            not_electronic: 0.0415432304144
        probability: 0.958456754684
        value: "electronic"
    mood_happy:
        all:
            happy: 0.218313291669
            not_happy: 0.781686723232
        probability: 0.781686723232
        value: "not_happy"
    mood_party:
        all:
            not_party: 0.653364777565
            party: 0.346635192633
        probability: 0.653364777565
        value: "not_party"
    mood_relaxed:
        all:
            not_relaxed: 0.919564783573
            relaxed: 0.0804352462292
        probability: 0.919564783573
        value: "not_relaxed"
    mood_sad:
        all:
            not_sad: 0.55038869381
            sad: 0.449611335993
        probability: 0.55038869381
        value: "not_sad"
    rhythm:
        all:
            fast: 0.826060116291
            medium: 0.148598819971
            slow: 0.0253410860896
        probability: 0.826060116291
        value: "fast"
    speech_music:
        all:
            music: 0.999998807907
            speech: 1.19466596971e-06
        probability: 0.999998807907
        value: "music"
    timbre:
        all:
            bright: 0.389567553997
            dark: 0.610432446003
        probability: 0.610432446003
        value: "dark"
    voice_instrumental:
        all:
            instrumental: 0.969745635986
            voice: 0.0302543919533
        probability: 0.969745635986
        value: "instrumental"

lowlevel:
    average_loudness: 0.970685064793
    barkbands_kurtosis:
        dmean: 1.34578931332
        dmean2: 2.13320589066
        dvar: 2.94090652466
        dvar2: 7.09191703796
        max: 11.4155836105
        mean: 0.563665688038
        min: -1.82289934158
        var: 6.35957622528
    barkbands_skewness:
        dmean: 0.532679140568
        dmean2: 0.815399944782
        dvar: 0.250010699034
        dvar2: 0.553609311581
        max: 3.31162047386
        mean: 0.986216008663
        min: -1.5650383234
        var: 0.812641859055
    barkbands_spread:
        dmean: 8.11054801941
        dmean2: 12.5284013748
        dvar: 59.1057434082
        dvar2: 128.345657349
        max: 63.9092712402
        mean: 31.9907341003
        min: 9.23323059082
        var: 119.369522095
    dissonance:
        dmean: 0.0180918984115
        dmean2: 0.0298032891005
        dvar: 0.000254103448242
        dvar2: 0.000686586892698
        max: 0.499757319689
        mean: 0.465249240398
        min: 0.379844814539
        var: 0.000457859103335
    hfc:
        dmean: 3.10281610489
        dmean2: 4.85381221771
        dvar: 32.0304832458
        dvar2: 77.9401550293
        max: 42.7341537476
        mean: 4.13728189468
        min: 0.407005220652
        var: 30.9058361053
    pitch:
        dmean: 767.031982422
        dmean2: 1505.54785156
        dvar: 1950104
        dvar2: 4604619.5
        max: 4410
        mean: 746.243408203
        min: 86.8110198975
        var: 1631156.75
    pitch_instantaneous_confidence:
        dmean: 0.0796300172806
        dmean2: 0.130029827356
        dvar: 0.00426879525185
        dvar2: 0.0101726716384
        max: 0.705496907234
        mean: 0.34106451273
        min: 0.1455732584
        var: 0.0113731790334
    pitch_salience:
        dmean: 0.071697846055
        dmean2: 0.118010155857
        dvar: 0.00477691739798
        dvar2: 0.0122869545594
        max: 0.77659869194
        mean: 0.543480932713
        min: 0.205098226666
        var: 0.0152280330658
    silence_rate_20dB:
        dmean: 0
        dmean2: 0
        dvar: 0
        dvar2: 0
        max: 1
        mean: 1
        min: 1
        var: 0
    silence_rate_30dB:
        dmean: 0
        dmean2: 0
        dvar: 0
        dvar2: 0
        max: 1
        mean: 1
        min: 1
        var: 0
    silence_rate_60dB:
        dmean: 0.176334112883
        dmean2: 0.353488385677
        dvar: 0.145240217447
        dvar2: 0.247138857841
        max: 1
        mean: 0.555555582047
        min: 0
        var: 0.246914163232
    spectral_centroid:
        dmean: 352.654815674
        dmean2: 548.550537109
        dvar: 138871.828125
        dvar2: 305798.40625
        max: 3053.51831055
        mean: 1067.07971191
        min: 225.675704956
        var: 345793.03125
    spectral_complexity:
        dmean: 4.5198135376
        dmean2: 6.86214971542
        dvar: 43.7507514954
        dvar2: 94.1703262329
        max: 47
        mean: 9.26744174957
        min: 0
        var: 57.6609992981
    spectral_crest:
        dmean: 2.18310594559
        dmean2: 3.6231033802
        dvar: 4.31687688828
        dvar2: 12.0846767426
        max: 19.8563499451
        mean: 8.04237747192
        min: 2.6072177887
        var: 10.9562129974
    spectral_decrease:
        dmean: 3.86699644528e-10
        dmean2: 6.18759210536e-10
        dvar: 3.78567634237e-19
        dvar2: 9.41867963713e-19
        max: -8.59204582482e-11
        mean: -8.60246429646e-10
        min: -4.08828215726e-09
        var: 4.36556820888e-19
    spectral_energy:
        dmean: 0.00171194691211
        dmean2: 0.00273037655279
        dvar: 7.50524850446e-06
        dvar2: 1.84529944818e-05
        max: 0.0193062163889
        mean: 0.003622029908
        min: 0.000383102713386
        var: 8.3463928604e-06
    spectral_energyband_high:
        dmean: 0.000205010714126
        dmean2: 0.000326047156705
        dvar: 1.12801970431e-07
        dvar2: 2.82028082665e-07
        max: 0.00263900938444
        mean: 0.000213266845094
        min: 9.06653804122e-06
        var: 1.10577218493e-07
    spectral_energyband_low:
        dmean: 0.000508623197675
        dmean2: 0.000835942337289
        dvar: 7.94617676547e-07
        dvar2: 2.05643618756e-06
        max: 0.00810214970261
        mean: 0.00120139482897
        min: 2.35498032453e-06
        var: 1.52593031544e-06
    spectral_energyband_middle_high:
        dmean: 0.00070906378096
        dmean2: 0.00111821456812
        dvar: 1.90292462321e-06
        dvar2: 4.61413537778e-06
        max: 0.0098886732012
        mean: 0.00101075554267
        min: 9.1351896117e-05
        var: 1.83588099389e-06
    spectral_energyband_middle_low:
        dmean: 0.000688974803779
        dmean2: 0.00120509264525
        dvar: 2.09192899092e-06
        dvar2: 5.89242472415e-06
        max: 0.0107741421089
        mean: 0.00119655672461
        min: 0.000141895696288
        var: 1.45657270423e-06
    spectral_flatness_db:
        dmean: 0.0215866025537
        dmean2: 0.0340784229338
        dvar: 0.000310113740852
        dvar2: 0.000851552758832
        max: 0.242455244064
        mean: 0.137272745371
        min: 0.0789805427194
        var: 0.000954993709456
    spectral_flux:
        dmean: 0.0118427174166
        dmean2: 0.0173496659845
        dvar: 0.000245378119871
        dvar2: 0.000447441852884
        max: 0.115704074502
        mean: 0.0329044535756
        min: 0.0111291212961
        var: 0.000422459706897
    spectral_kurtosis:
        dmean: 1.71730732918
        dmean2: 2.75615429878
        dvar: 2.16423416138
        dvar2: 5.43683195114
        max: 12.3646764755
        mean: 3.89698314667
        min: 0.528640508652
        var: 3.76811981201
    spectral_rms:
        dmean: 0.00038513058098
        dmean2: 0.000583539658692
        dvar: 2.56995662085e-07
        dvar2: 5.89147816754e-07
        max: 0.0043399692513
        mean: 0.00177090102807
        min: 0.00061135814758
        var: 3.97599166035e-07
    spectral_rolloff:
        dmean: 750.901123047
        dmean2: 1230.61206055
        dvar: 617466.375
        dvar2: 1234579.25
        max: 4629.63867188
        mean: 2254.72729492
        min: 150.732421875
        var: 1516159.5
    spectral_skewness:
        dmean: 0.304245203733
        dmean2: 0.458456516266
        dvar: 0.0581517592072
        dvar2: 0.138294026256
        max: 2.95444202423
        mean: 1.61322796345
        min: 0.806219696999
        var: 0.135140404105
    spectral_spread:
        dmean: 1423050
        dmean2: 2202765.75
        dvar: 1.42269690675e+12
        dvar2: 4.09322153574e+12
        max: 11347651
        mean: 5783059
        min: 2722752.25
        var: 2.3030857728e+12
    spectral_strongpeak:
        dmean: 0.100541114807
        dmean2: 0.18029615283
        dvar: 0.0524783581495
        dvar2: 0.153981640935
        max: 2.04703521729
        mean: 0.191607043147
        min: 0.02487770468
        var: 0.0367489941418
    zerocrossingrate:
        dmean: 0.0126327127218
        dmean2: 0.0155131975189
        dvar: 0.000103802667581
        dvar2: 0.000164629964274
        max: 0.14013671875
        mean: 0.0686580240726
        min: 0.01904296875
        var: 0.000649028865155
    barkbands:
        dmean: [1.76944922714e-06, 0.000232666279771, 0.000377285672585, 0.000323767540976, 0.000252644764259, 0.000126593222376, 6.02429026912e-05, 5.06850883539e-05, 7.8816228779e-05, 5.88550501561e-05, 2.00200811378e-05, 1.91633098439e-05, 4.18515010097e-05, 4.55408517155e-05, 6.9398614869e-05, 6.19203492533e-05, 8.68839488248e-05, 0.000144910620293, 0.000216510889004, 0.000194226202439, 9.44624916883e-05, 2.80840413325e-05, 7.44842827771e-06, 2.68683106697e-06, 2.79115079138e-06, 4.6269167342e-07, 4.37455127678e-10]
        dmean2: [2.18841796595e-06, 0.00037083242205, 0.000624938751571, 0.000566125614569, 0.000461832882138, 0.000201918272069, 9.26479988266e-05, 8.31484649098e-05, 0.000121325087093, 8.68048809934e-05, 3.1936699088e-05, 3.22604973917e-05, 7.24949713913e-05, 7.97557659098e-05, 0.000116561910545, 0.000103617501736, 0.000145461279317, 0.000228392862482, 0.000340009573847, 0.000318182865158, 0.000158912866027, 4.35329129687e-05, 1.17743102237e-05, 4.1805183173e-06, 4.79709933643e-06, 8.0277447978e-07, 7.26739390888e-10]
        dvar: [8.56751822265e-12, 1.90181367543e-07, 5.60693706575e-07, 7.72317605424e-07, 2.84414170437e-07, 2.70096549571e-08, 6.03761396434e-09, 6.30493612874e-09, 9.82168657515e-09, 4.45060877041e-09, 4.05000005754e-10, 1.38570854791e-09, 5.68918867572e-09, 7.0453629597e-09, 1.36855842214e-08, 1.96461265034e-08, 1.86798470025e-08, 7.2257876127e-08, 1.81047624892e-07, 1.37302293979e-07, 3.41408394888e-08, 1.89853399668e-09, 1.5740385384e-10, 9.63742800841e-12, 8.61807240154e-12, 4.73935994616e-13, 1.13998588883e-18]
        dvar2: [1.91232047558e-11, 5.4724750953e-07, 1.45670833263e-06, 2.16965190702e-06, 8.07010110293e-07, 7.19461468179e-08, 1.41271989662e-08, 1.72709171409e-08, 2.28516103817e-08, 8.50886205939e-09, 1.03527031392e-09, 3.31517968633e-09, 1.56846162724e-08, 1.8945058855e-08, 3.53787257268e-08, 4.98556147477e-08, 4.97774834685e-08, 1.70073107597e-07, 4.31626745012e-07, 3.46339561474e-07, 9.05600927581e-08, 4.44051062587e-09, 3.96260191327e-10, 2.07791665818e-11, 2.41055925221e-11, 1.22761176224e-12, 1.52319757352e-18]
        max: [2.80780514004e-05, 0.00402718735859, 0.00703802751377, 0.00628746626899, 0.00394730269909, 0.00172164198011, 0.000601392064709, 0.000842389883474, 0.000738104921766, 0.000534973922186, 0.000143954428495, 0.000295844831271, 0.000640544691123, 0.000812876678538, 0.000797199434601, 0.00100827706046, 0.000975315109827, 0.0022467484232, 0.00320285046473, 0.00282206851989, 0.00156396592502, 0.000336973927915, 9.96927701635e-05, 2.38968314079e-05, 1.47899381773e-05, 3.66445851796e-06, 2.01679153378e-08]
        mean: [4.34404364569e-06, 0.000530815392267, 0.000666293839458, 0.000337978883181, 0.000257616164163, 0.000243164031417, 0.000112275178253, 7.95051382738e-05, 0.000136983333505, 9.8594573501e-05, 3.21909719787e-05, 2.31941794482e-05, 5.15645770065e-05, 5.34933060408e-05, 8.7137465016e-05, 6.94350164849e-05, 0.000125545775518, 0.000168121550814, 0.000224720963161, 0.00018305714184, 9.37642034842e-05, 2.88453338726e-05, 7.4940153354e-06, 3.17319472742e-06, 2.39501241595e-06, 3.30194126263e-07, 4.05719513541e-10]
        min: [3.20105122964e-11, 2.62307167986e-07, 9.6777807812e-07, 6.15961653239e-07, 7.22893219063e-06, 4.57177793578e-06, 3.52633560396e-06, 1.32230104555e-06, 1.59733747296e-06, 1.72271234078e-06, 1.53074495302e-06, 6.43245812171e-07, 1.55206851105e-06, 2.01220336749e-06, 2.73157775155e-06, 3.36897210218e-06, 4.46733201898e-06, 8.15162457002e-06, 1.0172749171e-05, 6.13491374679e-06, 2.56733551396e-06, 5.91376476677e-07, 1.22127602253e-07, 4.65384779602e-08, 4.65585507925e-08, 2.47595277614e-09, 1.54836592766e-12]
        var: [3.72581548946e-11, 4.03229989843e-07, 7.22025163213e-07, 5.14822943387e-07, 1.83105655083e-07, 4.20509991272e-08, 1.04145616575e-08, 7.07331793137e-09, 1.60336579569e-08, 1.08908899676e-08, 6.54421961066e-10, 1.49764090018e-09, 4.45123360393e-09, 5.47742828871e-09, 1.32952191478e-08, 1.64181521711e-08, 2.1069761047e-08, 7.11284044996e-08, 1.70803971855e-07, 1.18333510102e-07, 2.76587677206e-08, 2.15287543348e-09, 1.5646071938e-10, 1.83567935158e-11, 8.44733571287e-12, 3.78208749041e-13, 1.13986418988e-18]
    mfcc:
        mean: [-725.475952148, 119.198638916, -31.4643516541, 54.9110336304, -7.49085092545, -2.50674962997, 0.01197434403, -1.61812674999, 2.30763268471, 2.78586506844, 1.10256934166, -2.34378123283, -4.61486148834]
        cov: [[1754.60083008, -782.836242676, 14.7669038773, 96.7570037842, -58.626449585, 47.2211914062, 7.5122423172, -11.7691659927, -38.1377944946, -4.81152105331, 18.2892971039, -40.2348136902, -58.5820121765], [-782.836242676, 778.643432617, -14.4703464508, 56.4985466003, 122.838897705, 34.7061767578, 62.5870170593, 70.2437667847, 81.7534179688, 52.9774513245, 27.777677536, 43.9208679199, 64.1207580566], [14.7669038773, -14.4703464508, 268.202178955, 57.6450462341, 75.8149185181, 74.8263626099, 71.6056976318, 42.4631233215, 30.8319091797, 29.5434989929, 38.0549354553, 18.8191108704, 13.1179513931], [96.7570037842, 56.4985466003, 57.6450462341, 139.884353638, 55.2654914856, 54.6602363586, 64.579284668, 41.1397285461, 22.7521266937, 30.1678276062, 46.61951828, 32.5295944214, 20.8021945953], [-58.626449585, 122.838897705, 75.8149185181, 55.2654914856, 110.561714172, 53.5210990906, 54.5832099915, 41.7308006287, 38.1750259399, 35.3677902222, 28.5617828369, 18.1064395905, 20.2520008087], [47.2211914062, 34.7061767578, 74.8263626099, 54.6602363586, 53.5210990906, 88.3345336914, 55.1906280518, 36.4379043579, 22.3584880829, 28.6023044586, 32.9784507751, 21.8496074677, 12.869764328], [7.5122423172, 62.5870170593, 71.6056976318, 64.579284668, 54.5832099915, 55.1906280518, 96.2130508423, 52.7656440735, 31.1943016052, 26.2921333313, 34.127571106, 25.4217643738, 22.1093616486], [-11.7691659927, 70.2437667847, 42.4631233215, 41.1397285461, 41.7308006287, 36.4379043579, 52.7656440735, 77.0447463989, 49.9088439941, 29.7002887726, 13.0465908051, 9.3823299408, 17.0615577698], [-38.1377944946, 81.7534179688, 30.8319091797, 22.7521266937, 38.1750259399, 22.3584880829, 31.1943016052, 49.9088439941, 68.2259368896, 35.2809715271, 6.35955381393, 6.3105430603, 14.2263917923], [-4.81152105331, 52.9774513245, 29.5434989929, 30.1678276062, 35.3677902222, 28.6023044586, 26.2921333313, 29.7002887726, 35.2809715271, 62.3726196289, 34.6299514771, 15.5435295105, 10.2150144577], [18.2892971039, 27.777677536, 38.0549354553, 46.61951828, 28.5617828369, 32.9784507751, 34.127571106, 13.0465908051, 6.35955381393, 34.6299514771, 81.487159729, 51.7999649048, 15.5951156616], [-40.2348136902, 43.9208679199, 18.8191108704, 32.5295944214, 18.1064395905, 21.8496074677, 25.4217643738, 9.3823299408, 6.3105430603, 15.5435295105, 51.7999649048, 80.3126525879, 36.744392395], [-58.5820121765, 64.1207580566, 13.1179513931, 20.8021945953, 20.2520008087, 12.869764328, 22.1093616486, 17.0615577698, 14.2263917923, 10.2150144577, 15.5951156616, 36.744392395, 51.6544570923]]
        icov: [[0.00139378767926, 0.00162817595992, 0.000686965708155, -0.00145173387136, -0.000229559998843, -0.000843875051942, 5.6656284869e-05, 2.15623440454e-05, -0.000662782171275, 4.43987755716e-06, -0.000452622305602, 0.000865907466505, -5.89924675296e-05], [0.00162817595992, 0.00377083360218, 0.00162362051196, -0.00160659523681, -0.00238655810244, -0.000510450510774, -0.000129818552523, -5.01958638779e-05, -0.00194881460629, -1.53802216118e-06, -0.000520797737408, 0.0008738602628, -0.00139200827107], [0.000686965708155, 0.00162362051196, 0.0060923951678, -0.000368125911336, -0.00281539279968, -0.00284076388925, -0.00189353455789, 0.000423220248194, -0.0014699078165, 0.000819662469439, -0.00135671836324, 0.00109515013173, -0.000279711501207], [-0.00145173387136, -0.00160659523681, -0.000368125911336, 0.013616037555, -0.00179455801845, -0.00134883727878, -0.00400887709111, -0.00198377412744, 0.00195353687741, 1.43697525345e-05, -0.00301755359396, -0.000946164887864, -0.00058803067077], [-0.000229559998843, -0.00238655810244, -0.00281539279968, -0.00179455801845, 0.0192811526358, -0.00461540045217, -0.00232787826099, 0.00096631445922, -0.00290206586942, -0.00238982308656, -0.000460604380351, 0.0017494764179, -0.0014260384487], [-0.000843875051942, -0.000510450510774, -0.00284076388925, -0.00134883727878, -0.00461540045217, 0.0234191250056, -0.00560206547379, -0.00287863682024, 0.00300495279953, -0.00330544402823, -0.000198164969333, -0.002505781129, 0.00193288805895], [5.6656284869e-05, -0.000129818552523, -0.00189353455789, -0.00400887709111, -0.00232787826099, -0.00560206547379, 0.0260195285082, -0.0113579491153, 0.00122838385869, 0.00313693634234, -0.00396421318874, 0.000462177296868, -0.00284685869701], [2.15623440454e-05, -5.01958638779e-05, 0.000423220248194, -0.00198377412744, 0.00096631445922, -0.00287863682024, -0.0113579491153, 0.0350142493844, -0.019000986591, -0.000627634406555, 0.00149065535516, 0.00263402052224, -0.00255373679101], [-0.000662782171275, -0.00194881460629, -0.0014699078165, 0.00195353687741, -0.00290206586942, 0.00300495279953, 0.00122838385869, -0.019000986591, 0.0379977449775, -0.015110803768, 0.00838365126401, -0.00343588227406, -0.00017044795095], [4.43987755716e-06, -1.53802216118e-06, 0.000819662469439, 1.43697525345e-05, -0.00238982308656, -0.00330544402823, 0.00313693634234, -0.000627634406555, -0.015110803768, 0.0337561368942, -0.0162036977708, 0.00615147734061, -0.00157937430777], [-0.000452622305602, -0.000520797737408, -0.00135671836324, -0.00301755359396, -0.000460604380351, -0.000198164969333, -0.00396421318874, 0.00149065535516, 0.00838365126401, -0.0162036977708, 0.0343359410763, -0.0206504967064, 0.00834600161761], [0.000865907466505, 0.0008738602628, 0.00109515013173, -0.000946164887864, 0.0017494764179, -0.002505781129, 0.000462177296868, 0.00263402052224, -0.00343588227406, 0.00615147734061, -0.0206504967064, 0.0334351509809, -0.0189488977194], [-5.89924675296e-05, -0.00139200827107, -0.000279711501207, -0.00058803067077, -0.0014260384487, 0.00193288805895, -0.00284685869701, -0.00255373679101, -0.00017044795095, -0.00157937430777, 0.00834600161761, -0.0189488977194, 0.0347866714001]]
    spectral_contrast:
        mean: [6.53355300528e-07, 2.34706277524e-07, 8.05702313755e-08, -2.04977595786e-07, 2.45349358607e-08, 4.34732712051e-08, 2.56154430645e-06, -3.79598418476e-06, -1.58077057222e-06, 2.42272085416e-06, -5.56541067454e-07, 1.7920206119e-06]
        var: [0.000310648727464, 0.000531765283085, 0.000612355361227, 0.00132514548022, 0.00233609927818, 0.00652657076716, 0.0297216922045, 0.0603460781276, 0.105832442641, 0.215877220035, 0.462334275246, 0.985665977001]

rhythm:
    beats_loudness:
        dmean: 0.00316222244874
        dmean2: 0.0050794663839
        dvar: 3.74917499357e-06
        dvar2: 9.46066120378e-06
        max: 0.0119927627966
        mean: 0.00641782302409
        min: 0.00113839458209
        var: 8.14837039798e-06
    beats_loudness_bass:
        dmean: 0.204809501767
        dmean2: 0.30828461051
        dvar: 0.0214733052999
        dvar2: 0.0269275475293
        max: 0.853372275829
        mean: 0.328705787659
        min: 0.0208565071225
        var: 0.0692641586065
    bpm: 82.7429275513
    bpm_confidence: 0
    first_peak_bpm: 83
    first_peak_spread: 0
    first_peak_weight: 0.923076927662
    onset_rate: 5.38330078125
    second_peak_bpm: 104
    second_peak_spread: 0
    second_peak_weight: 0.0769230797887
    beats_position: [0.458047121763, 1.18299531937, 1.90794360638, 2.63289189339, 3.35784006119, 4.08278846741, 4.80773639679, 5.53268480301, 6.10795783997, 6.83331632614, 7.55867528915, 8.284034729, 9.00939369202, 9.73475265503]
    bpm_estimates: [82.7486038208, 82.9294052124, 82.6890029907, 82.7459411621, 82.7552642822, 82.7214355469, 82.7625350952, 82.7638168335, 82.7097854614, 82.7227249146, 82.7125549316, 82.7140426636, 82.6830596924]
    bpm_intervals: [0.724948167801, 0.72494828701, 0.72494828701, 0.724948167801, 0.724948406219, 0.724947929382, 0.724948406219, 0.575273036957, 0.725358486176, 0.725358963013, 0.72535943985, 0.725358963013, 0.725358963013]
    onset_times: [0.0696598663926, 0.394739240408, 0.452789127827, 0.638548731804, 0.789478480816, 0.952018141747, 1.01006805897, 1.18421769142, 1.39319729805, 1.59056687355, 1.72988665104, 1.91564631462, 2.12462592125, 2.20589566231, 2.31038546562, 2.46131515503, 2.63546490669, 2.83283448219, 2.99537420273, 3.35528349876, 3.54104304314, 3.83129262924, 3.9125623703, 4.08671188354, 4.27247142792, 4.46984148026, 4.6439909935, 4.81814050674, 5.01551008224, 5.36380958557, 5.54956912994, 5.74693870544, 5.9094786644, 6.26938772202, 6.45514726639, 6.73378705978, 6.82666683197, 7.00081634521, 7.18657588959, 7.40716552734, 7.54648542404, 7.73224496841, 7.91800451279, 8.12698459625, 8.27791404724, 8.45206356049, 8.66104316711, 8.8119726181, 9.17188167572, 9.36925125122, 9.57823085785, 9.64789104462, 9.74077129364, 9.90331077576]
    rubato_start: []
    rubato_stop: []
    perceptual_tempo: "unknown"

sfx:
    inharmonicity:
        dmean: 0.0347447618842
        dmean2: 0.0605046860874
        dvar: 0.00207962095737
        dvar2: 0.00579041289166
        max: 0.27779841423
        mean: 0.0350935794413
        min: 0.000207616598345
        var: 0.00211121770553
    oddtoevenharmonicenergyratio:
        dmean: 2.12064027786
        dmean2: 4.02757310867
        dvar: 233.184127808
        dvar2: 696.821350098
        max: 219.429962158
        mean: 1.34024882317
        min: 0.000138052666443
        var: 118.980934143
    pitch_after_max_to_before_max_energy_ratio: 1.4048525095
    pitch_centroid: 232.081619263
    pitch_max_to_total: 0.462790697813
    pitch_min_to_total: 0.760465145111
    tristimulus:
        dmean: [0.195932015777, 0.208484396338, 0.108403503895]
        dmean2: [0.334511697292, 0.362498670816, 0.195911422372]
        dvar: [0.0315547473729, 0.0394490770996, 0.0123976990581]
        dvar2: [0.0805351510644, 0.106096625328, 0.0360422283411]
        max: [0.947816491127, 0.970528244972, 0.714477419853]
        mean: [0.469996929169, 0.376555353403, 0.109864458442]
        min: [0.0226141102612, 0, 0]
        var: [0.0606858730316, 0.0546483136714, 0.0127589302137]

tonal:
    chords_changes_rate: 0.0138888889924
    chords_number_rate: 0.0138888889924
    chords_strength:
        dmean: 0.00698322383687
        dmean2: 0.00777221517637
        dvar: 3.30225157086e-05
        dvar2: 4.54788532807e-05
        max: 0.723968982697
        mean: 0.629187047482
        min: 0.445052802563
        var: 0.00616194214672
    key_strength: 0.800481379032
    tuning_diatonic_strength: 0.602119684219
    tuning_equal_tempered_deviation: 0.111140966415
    tuning_frequency: 437.718536377
    tuning_nontempered_energy_ratio: 0.721184074879
    hpcp:
        dmean: [0.068371899426, 0.063181489706, 0.082291983068, 0.0777549371123, 0.0653441548347, 0.0854017958045, 0.111616782844, 0.122732751071, 0.140504568815, 0.157554790378, 0.174919649959, 0.140437021852, 0.130532875657, 0.102253086865, 0.0856363251805, 0.091888718307, 0.083063274622, 0.0876993834972, 0.0832127705216, 0.0583821646869, 0.0882907956839, 0.143198549747, 0.129651680589, 0.103860728443, 0.137896925211, 0.12630738318, 0.121689848602, 0.142220407724, 0.133861705661, 0.163168773055, 0.202116534114, 0.227755278349, 0.1993124336, 0.138572573662, 0.0868870988488, 0.0685457438231]
        dmean2: [0.110931113362, 0.100156962872, 0.140610069036, 0.135573625565, 0.112363569438, 0.151343658566, 0.193925648928, 0.216756075621, 0.243995934725, 0.265107035637, 0.289765834808, 0.24323618412, 0.243466228247, 0.187717929482, 0.147553429008, 0.150762021542, 0.145013511181, 0.154695361853, 0.148558199406, 0.101229652762, 0.153528288007, 0.24123467505, 0.21089579165, 0.181841745973, 0.231151968241, 0.208364740014, 0.210283353925, 0.246388211846, 0.230082556605, 0.273835152388, 0.345046013594, 0.394730120897, 0.362231463194, 0.250940740108, 0.163396984339, 0.12128726393]
        dvar: [0.00614399556071, 0.00525699369609, 0.0145769743249, 0.0148228444159, 0.00883473455906, 0.015733782202, 0.0296342074871, 0.042515527457, 0.0368541181087, 0.0500268749893, 0.0460238270462, 0.0491514652967, 0.0496417544782, 0.035957749933, 0.0202135853469, 0.0282472837716, 0.0277592744678, 0.0263271220028, 0.0257566068321, 0.0115996729583, 0.0123886037618, 0.0372106581926, 0.0305204391479, 0.0253342781216, 0.0461278259754, 0.0348216630518, 0.0357330106199, 0.0477571077645, 0.0367660820484, 0.0333212465048, 0.0605629980564, 0.0559700578451, 0.068855278194, 0.0469824336469, 0.0353455543518, 0.0185244120657]
        dvar2: [0.0147961070761, 0.0119255958125, 0.0390228629112, 0.0408744663, 0.0233422555029, 0.0419366396964, 0.0848255455494, 0.116989806294, 0.105323806405, 0.0978590920568, 0.0984739512205, 0.128659084439, 0.141076087952, 0.0998140126467, 0.0534809492528, 0.078283585608, 0.0732534378767, 0.0715807452798, 0.0719743296504, 0.0331135056913, 0.0334459766746, 0.089466534555, 0.0767930224538, 0.0735386610031, 0.110766716301, 0.0883233770728, 0.092559106648, 0.110455557704, 0.0889188274741, 0.0902192220092, 0.125739589334, 0.14954803884, 0.198607638478, 0.142504408956, 0.1067353338, 0.0531777590513]
        max: [0.634177684784, 0.603781163692, 0.878930032253, 1, 0.581240773201, 0.719563364983, 1, 1, 1, 1, 1, 1, 1, 1, 0.877607882023, 1, 1, 0.935490489006, 1, 1, 0.662227034569, 1, 1, 1, 1, 1, 1, 1, 1, 1, 1, 1, 1, 1, 1, 1]
        mean: [0.10770855844, 0.107455141842, 0.0974954217672, 0.0872282832861, 0.0695665255189, 0.0987848266959, 0.147000923753, 0.147572681308, 0.214771151543, 0.387500613928, 0.321689486504, 0.140024080873, 0.0966856479645, 0.0751769691706, 0.0778954327106, 0.109485022724, 0.106208957732, 0.0868063569069, 0.0809663385153, 0.0603015832603, 0.122003346682, 0.259312093258, 0.215436711907, 0.137914597988, 0.188448414207, 0.157420948148, 0.12011295557, 0.146329149604, 0.136486932635, 0.260633111, 0.500384688377, 0.394182622433, 0.171254977584, 0.115378707647, 0.0701009482145, 0.072710826993]
        min: [0.00348303606734, 0.00511779123917, 0.00261785718612, 0.00224246503785, 0.00110629666597, 0.0016684634611, 0.00258744880557, 0.00251376791857, 0.00415462208912, 0.0107071539387, 0.0139731578529, 0.00457579083741, 0.00170392857399, 0.00127911136951, 0.00153759657405, 0.00294205918908, 0.00285107712261, 0.0024660716299, 0.001667253091, 0.000961808778811, 0.00472998572513, 0.00624138349667, 0.00864316523075, 0.00573986116797, 0.00160991773009, 0.00130452495068, 0.000853323028423, 0.00172059796751, 0.00173443218227, 0.0047732423991, 0.00652079796419, 0.00789432879537, 0.00400537718087, 0.00213638157584, 0.00118670018855, 0.0019476742018]
        var: [0.00920088309795, 0.00832231529057, 0.0145830651745, 0.0137906484306, 0.00907584186643, 0.0167967807502, 0.0377946458757, 0.0510485582054, 0.0507218874991, 0.137425884604, 0.0902593955398, 0.0440552681684, 0.0325387232006, 0.0237533114851, 0.0152420159429, 0.0281757023185, 0.0340447574854, 0.0224011261016, 0.0180659815669, 0.00856867618859, 0.019286621362, 0.0880741402507, 0.0632232576609, 0.0273467861116, 0.0705401524901, 0.0430210344493, 0.0297696329653, 0.0550728589296, 0.0467895530164, 0.0536908060312, 0.146342724562, 0.0945159718394, 0.0567764304578, 0.0353347398341, 0.0212553013116, 0.0124272573739]
    chords_histogram: [93.5185165405, 0, 0, 0, 0, 0, 0, 0, 0, 0, 0, 0, 0, 0, 0, 1.85185182095, 0, 0, 0, 0, 0, 0, 4.62962961197, 0]
    thpcp: [1, 0.787759184837, 0.342246651649, 0.230580016971, 0.14009411633, 0.145309850574, 0.215251505375, 0.214745059609, 0.194840937853, 0.17432244122, 0.139026090503, 0.197417765856, 0.293775826693, 0.294918447733, 0.429212063551, 0.774405419827, 0.642884373665, 0.279832869768, 0.193222641945, 0.150238350034, 0.155671089888, 0.218801707029, 0.212254613638, 0.173479244113, 0.16180819273, 0.120510451496, 0.243819102645, 0.518225491047, 0.430542171001, 0.275617152452, 0.376607090235, 0.314599841833, 0.240041226149, 0.292433321476, 0.272763997316, 0.520865499973]
    chords_key: "C"
    chords_scale: "major"
    key_key: "C"
    key_scale: "major"
    chords_progression: ["F", "F", "F", "F", "F", "F", "F", "F", "F", "F", "C", "C", "C", "C", "C", "C", "C", "C", "C", "C", "C", "C", "Fm", "Fm", "Fm", "Fm", "C", "C", "C", "C", "C", "C", "C", "C", "C", "C", "C", "C", "C", "C", "C", "C", "C", "C", "C", "C", "C", "C", "C", "C", "C", "C", "C", "C", "C", "C", "C", "C", "C", "C", "C", "C", "C", "C", "C", "C", "C", "C", "C", "C", "C", "C", "C", "C", "C", "C", "C", "C", "C", "C", "C", "C", "C", "C", "C", "C", "C", "C", "C", "C", "C", "C", "C", "C", "C", "C", "C", "C", "C", "C", "C", "C", "C", "C", "C", "C", "C", "C", "C", "C", "C", "C", "C", "C", "C", "C", "C", "C", "C", "C", "C", "C", "C", "C", "C", "C", "C", "C", "C", "C", "C", "C", "C", "C", "C", "C", "C", "C", "C", "C", "C", "C", "C", "C", "C", "C", "C", "C", "C", "C", "C", "C", "C", "C", "C", "C", "C", "C", "C", "C", "C", "C", "C", "C", "C", "C", "C", "C", "C", "C", "C", "C", "C", "C", "C", "C", "C", "C", "C", "C", "C", "C", "C", "C", "C", "C", "C", "C", "C", "C", "C", "C", "C", "C", "C", "C", "C", "C", "C", "C", "C", "C", "C", "C", "C", "C", "C", "C", "C", "C", "C", "C", "C", "C", "C", "C"]
