
metadata:
    version:
        essentia: "1.2.2"
    audio_properties:
        analysis_sample_rate: 44100
        bitrate: 128
        channels: 2
        equal_loudness: 1
        length: 10.0048980713
        replay_gain: -6.81004524231
        downmix: "mix"
    tags:
        track: 10
        year: 0
        album: "Splitted by Mp3Splt v. 2.1"
        artist: "From 001.30 To 001.40"
        comment: "http://mp3splt.sf.net"
        genre: ""
        title: "11 Shimmer.mp3"

highlevel:
    ballroom:
        all:
            ChaChaCha: 0.0167411677539
            Jive: 0.123776294291
            Quickstep: 0.0611622110009
            Rumba-American: 0.00589001225308
            Rumba-International: 0.0204332116991
            Rumba-Misc: 0.0122393565252
            Samba: 0.0224353559315
            Tango: 0.133282393217
            VienneseWaltz: 0.469853967428
            Waltz: 0.134186014533
        probability: 0.469853967428
        value: "VienneseWaltz"
    culture:
        all:
            non_western: 0.0703645646572
            western: 0.92963540554
        probability: 0.92963540554
        value: "western"
    gender:
        all:
            female: 0.0565783418715
            male: 0.943421661854
        probability: 0.943421661854
        value: "male"
    genre_dortmund:
        all:
            alternative: 0.15853087604
            blues: 0.0622794814408
            electronic: 0.11887024343
            folkcountry: 0.112363569438
            funksoulrnb: 0.0253252722323
            jazz: 0.0628669112921
            pop: 0.0532365515828
            raphiphop: 0.00259743165225
            rock: 0.403929650784
        probability: 0.403929650784
        value: "rock"
    genre_electronica:
        all:
            ambient: 0.368529260159
            dnb: 0.264293968678
            house: 0.0387476272881
            techno: 0.0139699960127
            trance: 0.314459145069
        probability: 0.368529260159
        value: "ambient"
    genre_rosamerica:
        all:
            cla: 0.26581671834
            dan: 0.017329191789
            hip: 0.0182648040354
            jaz: 0.0226328670979
            pop: 0.0364378914237
            rhy: 0.0407945588231
            roc: 0.593108892441
            spe: 0.00561503507197
        probability: 0.593108892441
        value: "roc"
    genre_tzanetakis:
        all:
            blu: 0.00669269775972
            cla: 0.0459539182484
            cou: 0.209035947919
            dis: 0.00680938269943
            hip: 0.00187749275938
            jaz: 0.00671129114926
            met: 0.0482853539288
            pop: 0.0122308535501
            reg: 0.0031084169168
            roc: 0.65929466486
        probability: 0.65929466486
        value: "roc"
    live_studio:
        all:
            live: 0.389166712761
            studio: 0.610833287239
        probability: 0.610833287239
        value: "studio"
    mood:
        all:
            Cluster1: 0.283889651299
            Cluster2: 0.256058216095
            Cluster3: 0.0689208135009
            Cluster4: 0.114047989249
            Cluster5: 0.277083337307
        probability: 0.283889651299
        value: "Cluster1"
    mood_acoustic:
        all:
            acoustic: 0.0700352936983
            not_acoustic: 0.929964721203
        probability: 0.929964721203
        value: "not_acoustic"
    mood_aggressive:
        all:
            aggressive: 0.861962020397
            not_aggressive: 0.138038009405
        probability: 0.861962020397
        value: "aggressive"
    mood_electronic:
        all:
            electronic: 0.115091264248
            not_electronic: 0.884908735752
        probability: 0.884908735752
        value: "not_electronic"
    mood_happy:
        all:
            happy: 0.894247889519
            not_happy: 0.105752110481
        probability: 0.894247889519
        value: "happy"
    mood_party:
        all:
            not_party: 0.521303117275
            party: 0.478696882725
        probability: 0.521303117275
        value: "not_party"
    mood_relaxed:
        all:
            not_relaxed: 0.259458750486
            relaxed: 0.740541279316
        probability: 0.740541279316
        value: "relaxed"
    mood_sad:
        all:
            not_sad: 0.812086701393
            sad: 0.187913313508
        probability: 0.812086701393
        value: "not_sad"
    rhythm:
        all:
            fast: 0.59450083971
            medium: 0.361508011818
            slow: 0.0439911261201
        probability: 0.59450083971
        value: "fast"
    speech_music:
        all:
            music: 0.988733768463
            speech: 0.0112662212923
        probability: 0.988733768463
        value: "music"
    timbre:
        all:
            bright: 0.29412779212
            dark: 0.705872237682
        probability: 0.705872237682
        value: "dark"
    voice_instrumental:
        all:
            instrumental: 0.5
            voice: 0.5
        probability: 0.5
        value: "voice"

lowlevel:
    average_loudness: 0.974281787872
    barkbands_kurtosis:
        dmean: 0.433849751949
        dmean2: 0.714093029499
        dvar: 0.558279693127
        dvar2: 1.53105330467
        max: 6.27623462677
        mean: -1.01159179211
        min: -1.74824845791
        var: 0.696868538857
    barkbands_skewness:
        dmean: 0.305158764124
        dmean2: 0.478352665901
        dvar: 0.0871104598045
        dvar2: 0.202339500189
        max: 1.96949708462
        mean: 0.033633556217
        min: -2.71218776703
        var: 0.416072130203
    barkbands_spread:
        dmean: 3.2403242588
        dmean2: 5.36600160599
        dvar: 9.9706659317
        dvar2: 28.473323822
        max: 40.5858573914
        mean: 26.9261608124
        min: 10.933889389
        var: 24.4077949524
    dissonance:
        dmean: 0.0148409456015
        dmean2: 0.0245691612363
        dvar: 0.000144564197399
        dvar2: 0.000402344099712
        max: 0.49905988574
        mean: 0.470807790756
        min: 0.4028840065
        var: 0.000277303217445
    hfc:
        dmean: 2.19286131859
        dmean2: 3.19771671295
        dvar: 19.1436157227
        dvar2: 47.2878913879
        max: 55.2276306152
        mean: 8.34016227722
        min: 0.918542385101
        var: 44.6957206726
    pitch:
        dmean: 433.126190186
        dmean2: 822.359313965
        dvar: 844401.25
        dvar2: 2012315.125
        max: 4410
        mean: 621.143920898
        min: 92.6470565796
        var: 994476.3125
    pitch_instantaneous_confidence:
        dmean: 0.0708821862936
        dmean2: 0.113245464861
        dvar: 0.00359943555668
        dvar2: 0.00864596944302
        max: 0.776525139809
        mean: 0.396039485931
        min: 0.177976131439
        var: 0.012594807893
    pitch_salience:
        dmean: 0.0453064031899
        dmean2: 0.0742622166872
        dvar: 0.00139043945819
        dvar2: 0.00322432001121
        max: 0.810566961765
        mean: 0.64799451828
        min: 0.388758689165
        var: 0.0042479862459
    silence_rate_20dB:
        dmean: 0
        dmean2: 0
        dvar: 0
        dvar2: 0
        max: 1
        mean: 1
        min: 1
        var: 0
    silence_rate_30dB:
        dmean: 0
        dmean2: 0
        dvar: 0
        dvar2: 0
        max: 1
        mean: 1
        min: 1
        var: 0
    silence_rate_60dB:
        dmean: 0.0604651160538
        dmean2: 0.121212124825
        dvar: 0.0568092651665
        dvar2: 0.120506420732
        max: 1
        mean: 0.213457077742
        min: 0
        var: 0.167892619967
    spectral_centroid:
        dmean: 190.215179443
        dmean2: 289.766387939
        dvar: 39121.2929688
        dvar2: 74664.296875
        max: 3752.15209961
        mean: 1525.80419922
        min: 679.516845703
        var: 201677.328125
    spectral_complexity:
        dmean: 2.91355133057
        dmean2: 4.45901632309
        dvar: 6.06027173996
        dvar2: 12.7776031494
        max: 38
        mean: 17.0512828827
        min: 1
        var: 39.9927787781
    spectral_crest:
        dmean: 1.76497030258
        dmean2: 2.97353100777
        dvar: 2.81745862961
        dvar2: 7.28039646149
        max: 18.1410942078
        mean: 6.50575399399
        min: 2.79172062874
        var: 5.66156339645
    spectral_decrease:
        dmean: 2.48184361951e-10
        dmean2: 3.93632432205e-10
        dvar: 8.44289615677e-20
        dvar2: 2.01099639805e-19
        max: -1.29122532111e-10
        mean: -1.15622678099e-09
        min: -4.63218796654e-09
        var: 3.22876019287e-19
    spectral_energy:
        dmean: 0.00110965012573
        dmean2: 0.00173372682184
        dvar: 2.02928345061e-06
        dvar2: 4.90352294946e-06
        max: 0.0224897284061
        mean: 0.00512034166604
        min: 0.000570652948227
        var: 7.14267162039e-06
    spectral_energyband_high:
        dmean: 0.000133706445922
        dmean2: 0.000196725100977
        dvar: 3.56581921324e-07
        dvar2: 8.49209470744e-07
        max: 0.00816893205047
        mean: 0.00021274430037
        min: 1.98792258743e-05
        var: 4.26352698923e-07
    spectral_energyband_low:
        dmean: 5.59702748433e-05
        dmean2: 8.97002610145e-05
        dvar: 4.15205780868e-09
        dvar2: 1.03080006753e-08
        max: 0.00056441151537
        mean: 0.000104483005998
        min: 1.9276965304e-06
        var: 8.74553496288e-09
    spectral_energyband_middle_high:
        dmean: 0.000676383788232
        dmean2: 0.00100283464417
        dvar: 1.1832552218e-06
        dvar2: 2.80266044683e-06
        max: 0.0198544282466
        mean: 0.00277838087641
        min: 0.000291187752737
        var: 4.45220030088e-06
    spectral_energyband_middle_low:
        dmean: 0.000603037246037
        dmean2: 0.00102465320379
        dvar: 4.00558803904e-07
        dvar2: 1.07600965293e-06
        max: 0.00803296919912
        mean: 0.00202473555692
        min: 0.000221024994971
        var: 1.0588925079e-06
    spectral_flatness_db:
        dmean: 0.0149546591565
        dmean2: 0.0244491454214
        dvar: 0.000159008937771
        dvar2: 0.000402674020734
        max: 0.238277152181
        mean: 0.180843248963
        min: 0.0774345248938
        var: 0.000454354885733
    spectral_flux:
        dmean: 0.00628017261624
        dmean2: 0.00960500445217
        dvar: 4.68759535579e-05
        dvar2: 0.000101093726698
        max: 0.106955930591
        mean: 0.0373805686831
        min: 0.0120418872684
        var: 0.000183900629054
    spectral_kurtosis:
        dmean: 2.70860123634
        dmean2: 4.68033885956
        dvar: 5.35016965866
        dvar2: 18.1531238556
        max: 17.1344795227
        mean: 5.70867443085
        min: 0.452707767487
        var: 7.66475296021
    spectral_rms:
        dmean: 0.000230636811466
        dmean2: 0.000354901858373
        dvar: 5.31286517003e-08
        dvar2: 1.19832563428e-07
        max: 0.00468414323404
        mean: 0.00216776365414
        min: 0.000746146484744
        var: 2.9625704201e-07
    spectral_rolloff:
        dmean: 244.059463501
        dmean2: 387.799133301
        dvar: 96478.9453125
        dvar2: 223534.375
        max: 5211.03515625
        mean: 2855.43579102
        min: 753.662109375
        var: 267295.65625
    spectral_skewness:
        dmean: 0.269856631756
        dmean2: 0.44767677784
        dvar: 0.0456816889346
        dvar2: 0.144844695926
        max: 2.32166838646
        mean: 1.35132873058
        min: 0.12646125257
        var: 0.0995676144958
    spectral_spread:
        dmean: 289370.625
        dmean2: 440139.90625
        dvar: 659255656448
        dvar2: 706950201344
        max: 19053376
        mean: 2689254.25
        min: 1962986.25
        var: 830846992384
    spectral_strongpeak:
        dmean: 0.694434523582
        dmean2: 1.22054326534
        dvar: 0.783194422722
        dvar2: 2.0647816658
        max: 7.53082752228
        mean: 1.05716776848
        min: 0.0287223756313
        var: 1.48950922489
    zerocrossingrate:
        dmean: 0.00632141670212
        dmean2: 0.00730477878824
        dvar: 3.45204498444e-05
        dvar2: 3.76959942514e-05
        max: 0.173828125
        mean: 0.0857132747769
        min: 0.033203125
        var: 0.000340923288604
    barkbands:
        dmean: [2.36976465118e-08, 3.5552893678e-05, 3.37429264619e-05, 6.74078910379e-05, 0.000345773092704, 0.000154163179104, 0.000237993343035, 0.00010479651246, 0.000152789973072, 4.51536216133e-05, 5.8012567024e-05, 5.88418188272e-05, 7.34486748115e-05, 6.8988680141e-05, 7.57766683819e-05, 0.000190702907275, 0.000208985438803, 0.000281829794403, 0.000121666300402, 0.000129774431116, 5.82358297834e-05, 1.23924846775e-05, 1.32049763124e-06, 3.38980953529e-07, 7.44047170542e-08, 5.81206860417e-09, 1.74202063885e-09]
        dmean2: [3.94881425336e-08, 5.86335991102e-05, 5.69883050048e-05, 0.00011838341743, 0.000603596272413, 0.00023925275309, 0.000384617771488, 0.000169950348209, 0.000252510886639, 7.15113419574e-05, 8.63139284775e-05, 8.67389535415e-05, 0.000120772332593, 0.000110317596409, 0.000116080867883, 0.000293092918582, 0.000330145150656, 0.00046730475151, 0.000186714358279, 0.0002014474303, 8.99949081941e-05, 1.8494838514e-05, 2.11754650081e-06, 4.82552081849e-07, 1.06832509061e-07, 8.2292084258e-09, 1.91709559338e-09]
        dvar: [8.42608470654e-16, 2.47050979674e-09, 1.66469260598e-09, 9.2609626634e-09, 1.60685473816e-07, 2.80462177926e-08, 1.17272065836e-07, 4.96212386736e-08, 4.80797872626e-08, 3.44986328393e-09, 1.50244741093e-08, 5.98069194169e-09, 1.15952234481e-08, 1.09022142425e-08, 1.15236620246e-08, 1.22455617202e-07, 7.90364325098e-08, 5.60624016543e-07, 2.62731276734e-08, 2.73175970733e-07, 6.16539210796e-08, 4.32948565887e-09, 2.43056651195e-11, 1.15331897678e-12, 2.76813094609e-14, 9.25035999609e-16, 9.99982215936e-16]
        dvar2: [1.87859244558e-15, 5.92264193244e-09, 4.42100800413e-09, 2.5926301106e-08, 4.69748187015e-07, 7.9340814807e-08, 3.09582588898e-07, 1.35097110388e-07, 1.27640731762e-07, 8.06053446212e-09, 2.55533088023e-08, 1.06633724073e-08, 2.53391281291e-08, 2.67923265795e-08, 3.12522239199e-08, 2.47196652481e-07, 1.8316430328e-07, 1.51054962316e-06, 6.1792775341e-08, 7.02636270944e-07, 1.46176191151e-07, 9.88120874013e-09, 4.84018311542e-11, 1.68476539143e-12, 5.39686432479e-14, 9.73068802828e-16, 9.99499618914e-16]
        max: [3.83740257348e-07, 0.000365830725059, 0.000391638313886, 0.000657141383272, 0.00353656150401, 0.00157795916311, 0.00380240706727, 0.00261536217295, 0.00227357726544, 0.000905045249965, 0.00254988949746, 0.00112877273932, 0.00140273501165, 0.0014091138728, 0.0016218945384, 0.00670990161598, 0.00455382047221, 0.0134088685736, 0.00200883299112, 0.00734892999753, 0.00315642543137, 0.00120943516959, 7.40641407901e-05, 1.93482665054e-05, 1.93805044546e-06, 6.19927618573e-07, 6.55983910747e-07]
        mean: [9.82427863505e-08, 4.4130403694e-05, 6.0256501456e-05, 8.4998748207e-05, 0.000571304291952, 0.000352622766513, 0.000490847567562, 0.000197384651983, 0.000323065643897, 0.000106544430309, 0.000134146524942, 0.000133175970404, 0.000164533674251, 0.000132292072522, 0.000169606661075, 0.000399594922783, 0.000467219098937, 0.000668794498779, 0.000303841021378, 0.000209568577702, 8.69917639648e-05, 1.69707836903e-05, 1.70726855231e-06, 5.41806400634e-07, 1.02093771659e-07, 5.90727111671e-09, 1.69802549799e-09]
        min: [4.57713672519e-10, 1.6164406702e-07, 1.06825461899e-06, 6.10878828411e-07, 2.11750993913e-05, 7.14852285455e-06, 9.22771141632e-06, 4.14964233642e-06, 8.28421525512e-06, 5.87440308664e-06, 2.69515703621e-06, 6.39041536488e-06, 6.4703967837e-06, 1.03717384263e-05, 1.3342893908e-05, 1.13083897304e-05, 2.02093142434e-05, 4.32055385318e-05, 2.5073202778e-05, 1.70025814441e-05, 6.63003220325e-06, 2.95996130717e-07, 2.02441463593e-09, 3.44237527372e-09, 1.48305689951e-09, 1.18676762861e-10, 3.66820289421e-14]
        var: [7.50087061826e-15, 3.38878103356e-09, 3.69673758271e-09, 8.72209682257e-09, 2.05317817858e-07, 7.4065418687e-08, 2.87082514205e-07, 1.04515414989e-07, 1.44573959915e-07, 1.67271405616e-08, 5.97159584004e-08, 2.34728574355e-08, 5.58530182104e-08, 2.06312389395e-08, 3.04536982298e-08, 5.71812336148e-07, 1.83266237741e-07, 7.55974042477e-07, 9.15357887266e-08, 2.68050627028e-07, 8.02446820103e-08, 4.98203389654e-09, 3.91833197833e-11, 2.70104555042e-12, 5.04296921605e-14, 9.31286361606e-16, 1.0002871478e-15]
    mfcc:
        mean: [-722.942993164, 158.364822388, -91.0978622437, 62.2325592041, -21.1118469238, -15.2867174149, -8.09206581116, -8.8913269043, -5.59257125854, -13.2733211517, -5.5291466713, 0.83263027668, -9.12793540955]
        cov: [[1277.56567383, -806.024658203, 276.249389648, -161.057815552, 71.889465332, 66.4370880127, -70.9113769531, 201.449462891, -13.342508316, 52.2413368225, -58.6283760071, -30.5506458282, 107.146781921], [-806.024658203, 879.747314453, -273.686279297, 103.572189331, -22.1692790985, -77.9359207153, 59.3248901367, -145.328674316, 30.7295017242, 0.495083600283, 57.0616188049, 4.02540922165, -84.7198181152], [276.249389648, -273.686279297, 270.797058105, 1.33938741684, 29.9698390961, 64.0275344849, -14.1714277267, 66.9644088745, -7.21501779556, 13.0527076721, -17.7117195129, 9.76344108582, 52.0607414246], [-161.057815552, 103.572189331, 1.33938741684, 122.381278992, 3.06280684471, 2.25043654442, -3.29951930046, -27.9883842468, 6.61341142654, -6.61382246017, -2.04638147354, 22.0549068451, -0.558157384396], [71.889465332, -22.1692790985, 29.9698390961, 3.06280684471, 103.963035583, 13.6737918854, -3.9898416996, 23.6604347229, -1.7318328619, 3.29499983788, -13.746295929, 0.667306542397, 22.2551612854], [66.4370880127, -77.9359207153, 64.0275344849, 2.25043654442, 13.6737918854, 134.173019409, 37.7284889221, 28.1992683411, -5.7855629921, -8.88392734528, -14.2488107681, 0.0220617670566, 25.5370883942], [-70.9113769531, 59.3248901367, -14.1714277267, -3.29951930046, -3.9898416996, 37.7284889221, 92.2668533325, -0.712196707726, 23.7963428497, -17.4292507172, 5.70242071152, -3.47591400146, -8.56633472443], [201.449462891, -145.328674316, 66.9644088745, -27.9883842468, 23.6604347229, 28.1992683411, -0.712196707726, 104.305282593, 3.67302393913, 4.9703168869, -11.9887390137, -0.505255162716, 35.5906219482], [-13.342508316, 30.7295017242, -7.21501779556, 6.61341142654, -1.7318328619, -5.7855629921, 23.7963428497, 3.67302393913, 50.7979240417, 6.63723993301, 5.55977916718, -0.161856785417, -2.38846802711], [52.2413368225, 0.495083600283, 13.0527076721, -6.61382246017, 3.29499983788, -8.88392734528, -17.4292507172, 4.9703168869, 6.63723993301, 70.7232437134, 21.642621994, -6.08548212051, -2.05152058601], [-58.6283760071, 57.0616188049, -17.7117195129, -2.04638147354, -13.746295929, -14.2488107681, 5.70242071152, -11.9887390137, 5.55977916718, 21.642621994, 51.4325790405, 9.08935642242, -5.96117305756], [-30.5506458282, 4.02540922165, 9.76344108582, 22.0549068451, 0.667306542397, 0.0220617670566, -3.47591400146, -0.505255162716, -0.161856785417, -6.08548212051, 9.08935642242, 51.4518051147, 19.1645240784], [107.146781921, -84.7198181152, 52.0607414246, -0.558157384396, 22.2551612854, 25.5370883942, -8.56633472443, 35.5906219482, -2.38846802711, -2.05152058601, -5.96117305756, 19.1645240784, 71.7010269165]]
        icov: [[0.00259646843188, 0.00173416663893, -0.000205695134355, 0.00147143320646, -0.000717494578566, 0.000161837582709, 0.000531160447281, -0.00139980751555, -0.000675735296682, -0.00167530449107, 0.00101387919858, 0.000821095949505, -0.000952464761212], [0.00173416663893, 0.00358202378266, 0.00167234533001, -0.000871758093126, -0.00116809818428, 0.000576450256631, -0.00109492579941, 0.000479006383102, -0.000572488235775, -0.00150245137047, -0.000831579905935, 0.00076629553223, -0.000127430976136], [-0.000205695134355, 0.00167234533001, 0.0066060940735, -0.00198518228717, -0.000627016008366, -0.00162210944109, -8.26353134471e-05, -0.00101865606848, 0.000188492078451, -0.00138930883259, -0.000260513857938, -0.000322067731759, -0.00122957106214], [0.00147143320646, -0.000871758093126, -0.00198518228717, 0.0122869927436, -0.000633335614111, -0.00126022426412, 0.00264052744024, 0.00153050594963, -0.002816735534, -0.000213570834603, 0.00312009686604, -0.00425961567089, -0.000192658830201], [-0.000717494578566, -0.00116809818428, -0.000627016008366, -0.000633335614111, 0.0113412672654, -7.13552217348e-05, -0.000185938450159, -0.00135102914646, 0.000756296969485, -0.000918224977795, 0.00293294340372, 0.000194735272089, -0.00251333066262], [0.000161837582709, 0.000576450256631, -0.00162210944109, -0.00126022426412, -7.13552217348e-05, 0.0114820282906, -0.006866466254, -0.000784525647759, 0.00398480705917, -0.00119491887745, 0.00224627507851, 0.000964372302406, -0.00286344788037], [0.000531160447281, -0.00109492579941, -8.26353134471e-05, 0.00264052744024, -0.000185938450159, -0.006866466254, 0.0188524294645, -0.00100869394373, -0.00934222526848, 0.00591241987422, -0.00372814247385, 0.0009333913913, 0.00254793395288], [-0.00139980751555, 0.000479006383102, -0.00101865606848, 0.00153050594963, -0.00135102914646, -0.000784525647759, -0.00100869394373, 0.0160727649927, -0.00206706579775, -0.000166025813087, 0.000662447011564, 0.000140228497912, -0.00404655840248], [-0.000675735296682, -0.000572488235775, 0.000188492078451, -0.002816735534, 0.000756296969485, 0.00398480705917, -0.00934222526848, -0.00206706579775, 0.02569238469, -0.00409189239144, 0.000543796399143, -6.03936896368e-05, -0.000769387639593], [-0.00167530449107, -0.00150245137047, -0.00138930883259, -0.000213570834603, -0.000918224977795, -0.00119491887745, 0.00591241987422, -0.000166025813087, -0.00409189239144, 0.0210485644639, -0.0108373090625, 0.00359439011663, 0.0018389193574], [0.00101387919858, -0.000831579905935, -0.000260513857938, 0.00312009686604, 0.00293294340372, 0.00224627507851, -0.00372814247385, 0.000662447011564, 0.000543796399143, -0.0108373090625, 0.0291932951659, -0.00706495670602, -0.000745349389035], [0.000821095949505, 0.00076629553223, -0.000322067731759, -0.00425961567089, 0.000194735272089, 0.000964372302406, 0.0009333913913, 0.000140228497912, -6.03936896368e-05, 0.00359439011663, -0.00706495670602, 0.0264823604375, -0.00804774463177], [-0.000952464761212, -0.000127430976136, -0.00122957106214, -0.000192658830201, -0.00251333066262, -0.00286344788037, 0.00254793395288, -0.00404655840248, -0.000769387639593, 0.0018389193574, -0.000745349389035, -0.00804774463177, 0.0223398488015]]
    spectral_contrast:
        mean: [1.10473528991e-07, -4.94291327868e-07, 1.98178497612e-07, -2.59302794348e-07, 4.11258156419e-08, 5.27966541597e-08, 2.37432118411e-06, 2.0007153978e-07, 2.19106118493e-06, 1.41564510159e-06, -3.72244198843e-06, -2.92326745921e-07]
        var: [0.000586349633522, 0.000905858876649, 0.0012173227733, 0.00216283835471, 0.00242226105183, 0.00309648714028, 0.0384342670441, 0.046253092587, 0.129822492599, 0.181324064732, 0.242110937834, 0.982549369335]

rhythm:
    beats_loudness:
        dmean: 0.00339642330073
        dmean2: 0.00622261548415
        dvar: 9.17909255804e-06
        dvar2: 2.76564969681e-05
        max: 0.0164100769907
        mean: 0.00628473144025
        min: 0.00157966266852
        var: 1.13751939352e-05
    beats_loudness_bass:
        dmean: 0.0224495586008
        dmean2: 0.0385516546667
        dvar: 0.000442338263383
        dvar2: 0.00100528134499
        max: 0.0973020493984
        mean: 0.0291511304677
        min: 0.00327959773131
        var: 0.000505616888404
    bpm: 128.779556274
    bpm_confidence: 0
    first_peak_bpm: 157
    first_peak_spread: 0
    first_peak_weight: 0.590909063816
    onset_rate: 2.69867801666
    second_peak_bpm: 129
    second_peak_spread: 0
    second_peak_weight: 0.363636374474
    beats_position: [0.417318046093, 0.800095975399, 1.18287396431, 1.56565189362, 1.94842982292, 2.33120775223, 2.71398568153, 3.09676361084, 3.47954154015, 3.86231923103, 4.24509716034, 4.62787485123, 5.01065254211, 5.393430233, 6.02744960785, 6.4934797287, 6.95950937271, 7.42553901672, 7.89156866074, 8.35759925842, 8.8236284256, 9.28965854645, 9.7556886673]
    bpm_estimates: [126.898605347, 132.233856201, 127.635421753, 128.350357056]
    bpm_intervals: [0.382777929306, 0.382777988911, 0.382777929306, 0.382777929306, 0.382777929306, 0.382777929306, 0.382777929306, 0.382777929306, 0.382777690887, 0.382777929306, 0.382777690887, 0.382777690887, 0.382777690887, 0.634019374847, 0.46603012085, 0.466029644012, 0.466029644012, 0.466029644012, 0.466030597687, 0.466029167175, 0.46603012085, 0.46603012085]
    onset_times: [0.0580498874187, 0.46439909935, 0.824308395386, 0.870748281479, 1.05650794506, 1.47446715832, 1.83437645435, 1.92725622654, 2.24072551727, 2.96054410934, 3.30884361267, 4.02866220474, 4.58594083786, 4.72526073456, 5.41024923325, 5.78176879883, 6.11845827103, 6.48997735977, 6.74539661407, 7.05886602402, 7.40716552734, 7.90639448166, 8.55655288696, 8.66104316711, 8.97451210022, 9.35764217377, 9.682721138]
    rubato_start: [6.4934797287]
    rubato_stop: [9.7556886673]
    perceptual_tempo: "unknown"

sfx:
    inharmonicity:
        dmean: 0.0607583187521
        dmean2: 0.106955558062
        dvar: 0.00419040583074
        dvar2: 0.0119523946196
        max: 0.397806376219
        mean: 0.0723903030157
        min: 0
        var: 0.00509308511391
    oddtoevenharmonicenergyratio:
        dmean: 3.88613271713
        dmean2: 7.55165815353
        dvar: 483.248931885
        dvar2: 1441.87133789
        max: 294.330230713
        mean: 2.33578920364
        min: 0
        var: 245.672912598
    pitch_after_max_to_before_max_energy_ratio: 11.1994161606
    pitch_centroid: 199.8072052
    pitch_max_to_total: 0.100233100355
    pitch_min_to_total: 0.0885780900717
    tristimulus:
        dmean: [0.170980617404, 0.210234805942, 0.136677667499]
        dmean2: [0.300594449043, 0.360451728106, 0.239565938711]
        dvar: [0.0217750538141, 0.0343429669738, 0.0148035623133]
        dvar2: [0.0567521266639, 0.0957069993019, 0.0418843515217]
        max: [1, 0.987623393536, 0.695317327976]
        mean: [0.325155645609, 0.474475324154, 0.15620239079]
        min: [0.0112274559215, 0, 0]
        var: [0.0354484543204, 0.0456687472761, 0.018518012017]

tonal:
    chords_changes_rate: 0.0324074067175
    chords_number_rate: 0.0138888889924
    chords_strength:
        dmean: 0.0093146013096
        dmean2: 0.00637895101681
        dvar: 4.65721095679e-05
        dvar2: 2.73504738288e-05
        max: 0.654656410217
        mean: 0.490078240633
        min: 0.311764270067
        var: 0.00884104520082
    key_strength: 0.686736941338
    tuning_diatonic_strength: 0.497864603996
    tuning_equal_tempered_deviation: 0.0558926425874
    tuning_frequency: 438.984558105
    tuning_nontempered_energy_ratio: 0.639958500862
    hpcp:
        dmean: [0.15148165822, 0.108770959079, 0.0900936499238, 0.118934266269, 0.102375261486, 0.130146294832, 0.150577917695, 0.10892880708, 0.0552697442472, 0.0569054670632, 0.0564797967672, 0.111435383558, 0.174024909735, 0.153512835503, 0.10406883806, 0.113443881273, 0.0944661349058, 0.116437785327, 0.148634642363, 0.112840943038, 0.104822419584, 0.122359953821, 0.110294796526, 0.104131504893, 0.155774220824, 0.145194485784, 0.143786042929, 0.184783250093, 0.142660334706, 0.103463903069, 0.107995986938, 0.0736029371619, 0.0735466778278, 0.135083138943, 0.158504545689, 0.153780683875]
        dmean2: [0.244532257318, 0.17536726594, 0.147488310933, 0.187158480287, 0.164909601212, 0.206494107842, 0.234979212284, 0.168786212802, 0.0882556140423, 0.0902860239148, 0.0917539224029, 0.180905014277, 0.28097859025, 0.253382921219, 0.16648837924, 0.190852195024, 0.146918103099, 0.181580290198, 0.230729267001, 0.170186921954, 0.170144915581, 0.210707649589, 0.188504099846, 0.170217141509, 0.252361565828, 0.236451253295, 0.231077626348, 0.285704731941, 0.233210101724, 0.161524400115, 0.164962887764, 0.119863912463, 0.12211984396, 0.220509201288, 0.264229148626, 0.263628512621]
        dvar: [0.0312041528523, 0.0197122115642, 0.0163141880184, 0.0262915343046, 0.0207541435957, 0.0243991203606, 0.0329365245998, 0.0177637096494, 0.00656499853358, 0.0090055372566, 0.00885508861393, 0.0121309710667, 0.0296256374568, 0.0194908045232, 0.0163327921182, 0.0278246030211, 0.0167194008827, 0.0216064825654, 0.0233907140791, 0.0109055396169, 0.0126098059118, 0.0298723131418, 0.0190312024206, 0.0150161031634, 0.0324591211975, 0.0270126704127, 0.0177030079067, 0.0305204316974, 0.0190778784454, 0.0105892047286, 0.0175934322178, 0.0080743804574, 0.00694951275364, 0.0212022066116, 0.0310602579266, 0.0265305303037]
        dvar2: [0.0779401063919, 0.0518686361611, 0.038063313812, 0.0664348527789, 0.055927734822, 0.0566727072001, 0.0676060989499, 0.0439524911344, 0.0154818873852, 0.0183379929513, 0.0181912183762, 0.031197309494, 0.0770279169083, 0.0428996682167, 0.039616137743, 0.0719738155603, 0.0424429215491, 0.0546055734158, 0.053104814142, 0.0239929817617, 0.0300945304334, 0.0611438974738, 0.0498579703271, 0.0367143787444, 0.0708230510354, 0.0691788494587, 0.0410316623747, 0.0657182857394, 0.0452341884375, 0.0242058653384, 0.0397818870842, 0.0208039321005, 0.0163808297366, 0.0544358342886, 0.0758725628257, 0.077127866447]
        max: [1, 1, 1, 1, 1, 1, 1, 1, 0.71802175045, 0.765639543533, 0.740356326103, 0.853425204754, 1, 1, 1, 1, 1, 1, 1, 1, 0.819080770016, 1, 0.791355013847, 0.782128453255, 1, 1, 1, 1, 1, 0.772948682308, 1, 0.588574707508, 0.734490275383, 1, 1, 1]
        mean: [0.287064760923, 0.204551324248, 0.190065458417, 0.244495749474, 0.188206315041, 0.286527991295, 0.426002293825, 0.251561850309, 0.0894167944789, 0.0912795513868, 0.0908875316381, 0.236191108823, 0.467580616474, 0.365936458111, 0.180836975574, 0.162174642086, 0.138847604394, 0.200694426894, 0.278504133224, 0.215405374765, 0.208477571607, 0.268570125103, 0.185645475984, 0.17475746572, 0.296100378036, 0.281180918217, 0.366618186235, 0.502782583237, 0.325609356165, 0.180168345571, 0.166028186679, 0.116554796696, 0.140883132815, 0.242585450411, 0.262983977795, 0.264340728521]
        min: [0.0124375000596, 0.00291595165618, 0.00998994987458, 0.00366940908134, 0.00730087189004, 0.0080563146621, 0.0094601623714, 0.0091643370688, 0.00921950582415, 0.00405523274094, 0.00667656073347, 0.00988958775997, 0.0130913555622, 0.00771639961749, 0.00290755368769, 0.00430314661935, 0.00568168330938, 0.00492974603549, 0.00697372388095, 0.0162243358791, 0.0101624010131, 0.00706570129842, 0.00577603653073, 0.00573396775872, 0.00663267122582, 0.00946002546698, 0.03306998685, 0.0107472455129, 0.0123299341649, 0.0100532211363, 0.0076712006703, 0.00929226540029, 0.00950180832297, 0.00598453078419, 0.0108033493161, 0.0164808500558]
        var: [0.0822970941663, 0.0469622462988, 0.0444340631366, 0.0706210806966, 0.0430897250772, 0.0517872236669, 0.129090607166, 0.0444646552205, 0.0106613794342, 0.0138074969873, 0.0122732678428, 0.0301238093525, 0.10550236702, 0.0736676752567, 0.0400517396629, 0.0333366021514, 0.0241083670408, 0.0394042432308, 0.0639237016439, 0.0322027802467, 0.0308029614389, 0.0851524695754, 0.0363909862936, 0.0271907821298, 0.0783937647939, 0.0599601231515, 0.0527950190008, 0.0972012877464, 0.041720893234, 0.018484134227, 0.0246946811676, 0.0108773568645, 0.0109959244728, 0.0366753675044, 0.0548541285098, 0.0530220344663]
    chords_histogram: [36.5740737915, 0, 41.203704834, 0, 0, 0, 0, 0, 0, 0, 0, 0, 0, 0, 0, 0, 0, 0, 0, 22.2222213745, 0, 0, 0, 0]
    thpcp: [1, 0.647614657879, 0.358342468739, 0.33021864295, 0.231819480658, 0.280206859112, 0.482485800982, 0.523057043552, 0.525755524635, 0.570952057838, 0.406838536263, 0.378027141094, 0.486285239458, 0.374329417944, 0.569884479046, 0.847289264202, 0.500339210033, 0.177843853831, 0.181548759341, 0.180769056082, 0.469767868519, 0.929985702038, 0.727822482586, 0.359672307968, 0.32255423069, 0.276158332825, 0.39916741848, 0.553925573826, 0.428426474333, 0.414647549391, 0.534167528152, 0.369236081839, 0.347580581903, 0.588923275471, 0.559249520302, 0.729178369045]
    chords_key: "F#"
    chords_scale: "major"
    key_key: "B"
    key_scale: "major"
    chords_progression: ["F#m", "F#m", "F#m", "F#m", "F#m", "F#", "F#", "F#", "F#", "F#", "F#", "F#", "F#", "F#", "F#", "F#", "F#", "F#", "F#", "F#", "F#", "F#", "F#", "F#", "F#", "F#", "F#", "F#", "F#", "F#", "F#", "F#", "F#", "F#", "F#", "F#", "F#", "F#", "F#", "F#", "F#", "F#", "F#", "F#", "F#", "F#", "F#", "F#", "F#", "F#", "F#", "F#", "F#", "F#", "F#", "F#", "F#", "F#", "F#", "F#m", "F#m", "F#m", "F#m", "F#m", "F#m", "F#m", "F#m", "F#m", "F#m", "F#m", "F#m", "F#m", "F#m", "F#m", "F#m", "F#m", "F#m", "B", "B", "B", "B", "B", "B", "B", "B", "B", "B", "B", "B", "B", "B", "B", "B", "B", "B", "B", "B", "B", "B", "B", "B", "B", "B", "B", "B", "B", "B", "B", "B", "B", "B", "B", "B", "B", "B", "B", "B", "B", "B", "B", "B", "B", "B", "B", "F#m", "F#m", "F#m", "F#m", "F#m", "F#m", "F#m", "F#m", "F#m", "F#m", "F#m", "F#m", "F#m", "F#m", "F#m", "F#m", "F#m", "F#m", "F#", "F#", "F#", "F#", "F#", "F#", "F#", "F#", "F#", "F#", "F#", "F#", "F#", "F#", "F#", "F#", "F#", "F#", "F#", "F#", "F#", "F#", "F#", "F#", "F#", "F#", "F#", "F#", "F#", "F#", "F#", "F#", "F#", "F#", "F#", "F#m", "F#m", "F#m", "F#m", "F#m", "F#m", "F#m", "B", "B", "B", "B", "B", "B", "B", "B", "B", "B", "B", "B", "B", "B", "B", "B", "B", "B", "B", "B", "B", "B", "B", "B", "B", "B", "B", "B", "B", "B", "B", "B"]
