
metadata:
    version:
        essentia: "1.2.2"
    audio_properties:
        analysis_sample_rate: 44100
        bitrate: 128
        channels: 2
        equal_loudness: 1
        length: 10.0571432114
        replay_gain: -8.40072822571
        downmix: "mix"
    tags:
        track: 3
        year: 0
        album: "Splitted by Mp3Splt v. 2.1"
        artist: "From 000.20 To 000.30"
        comment: "http://mp3splt.sf.net"
        genre: ""
        title: "12 Track 12.mp3"

highlevel:
    ballroom:
        all:
            ChaChaCha: 0.107467360795
            Jive: 0.0696770846844
            Quickstep: 0.00279434560798
            Rumba-American: 0.000545349379536
            Rumba-International: 0.00246086786501
            Rumba-Misc: 0.00154530291911
            Samba: 0.81525850296
            Tango: 7.213504432e-05
            VienneseWaltz: 9.52732152655e-05
            Waltz: 8.37541301735e-05
        probability: 0.81525850296
        value: "Samba"
    culture:
        all:
            non_western: 0.0069329822436
            western: 0.993067026138
        probability: 0.993067026138
        value: "western"
    gender:
        all:
            female: 0.486267447472
            male: 0.513732552528
        probability: 0.513732552528
        value: "male"
    genre_dortmund:
        all:
            alternative: 0.0600136034191
            blues: 0.0047581163235
            electronic: 0.329025149345
            folkcountry: 0.0131281567737
            funksoulrnb: 0.014796144329
            jazz: 0.0601346679032
            pop: 0.109055109322
            raphiphop: 0.228192090988
            rock: 0.180896982551
        probability: 0.329025149345
        value: "electronic"
    genre_electronica:
        all:
            ambient: 0.0235106442124
            dnb: 0.291694998741
            house: 0.0709177851677
            techno: 0.133762180805
            trance: 0.480114400387
        probability: 0.480114400387
        value: "trance"
    genre_rosamerica:
        all:
            cla: 0.00252861343324
            dan: 0.589210450649
            hip: 0.135733902454
            jaz: 0.00550682796165
            pop: 0.0697088688612
            rhy: 0.144366115332
            roc: 0.0497351549566
            spe: 0.00321006821468
        probability: 0.589210450649
        value: "dan"
    genre_tzanetakis:
        all:
            blu: 0.00262547796592
            cla: 0.00106152927037
            cou: 0.00251054251567
            dis: 0.0430472046137
            hip: 0.0651136487722
            jaz: 0.0111098382622
            met: 0.00930285919458
            pop: 0.702960968018
            reg: 0.144228070974
            roc: 0.0180398393422
        probability: 0.702960968018
        value: "pop"
    live_studio:
        all:
            live: 0.09525898844
            studio: 0.904740989208
        probability: 0.904740989208
        value: "studio"
    mood:
        all:
            Cluster1: 0.247358977795
            Cluster2: 0.254931896925
            Cluster3: 0.269305706024
            Cluster4: 0.0408624149859
            Cluster5: 0.187540993094
        probability: 0.269305706024
        value: "Cluster3"
    mood_acoustic:
        all:
            acoustic: 0.00798672158271
            not_acoustic: 0.992013275623
        probability: 0.992013275623
        value: "not_acoustic"
    mood_aggressive:
        all:
            aggressive: 0.292722761631
            not_aggressive: 0.707277238369
        probability: 0.707277238369
        value: "not_aggressive"
    mood_electronic:
        all:
            electronic: 0.951138675213
            not_electronic: 0.0488613210618
        probability: 0.951138675213
        value: "electronic"
    mood_happy:
        all:
            happy: 0.794282793999
            not_happy: 0.2057171911
        probability: 0.794282793999
        value: "happy"
    mood_party:
        all:
            not_party: 0.0685869753361
            party: 0.931412994862
        probability: 0.931412994862
        value: "party"
    mood_relaxed:
        all:
            not_relaxed: 0.961297929287
            relaxed: 0.0387020781636
        probability: 0.961297929287
        value: "not_relaxed"
    mood_sad:
        all:
            not_sad: 0.967756271362
            sad: 0.0322437025607
        probability: 0.967756271362
        value: "not_sad"
    rhythm:
        all:
            fast: 0.772429943085
            medium: 0.127375245094
            slow: 0.10019479692
        probability: 0.772429943085
        value: "fast"
    speech_music:
        all:
            music: 0.999999761581
            speech: 2.15449574625e-07
        probability: 0.999999761581
        value: "music"
    timbre:
        all:
            bright: 0.1326751858
            dark: 0.867324829102
        probability: 0.867324829102
        value: "dark"
    voice_instrumental:
        all:
            instrumental: 0.0190878976136
            voice: 0.980912089348
        probability: 0.980912089348
        value: "voice"

lowlevel:
    average_loudness: 0.983780920506
    barkbands_kurtosis:
        dmean: 2.03025436401
        dmean2: 2.95456027985
        dvar: 20.1296634674
        dvar2: 44.1585998535
        max: 70.0031433105
        mean: 0.782442927361
        min: -1.943572402
        var: 27.9721240997
    barkbands_skewness:
        dmean: 0.696217596531
        dmean2: 1.0006005764
        dvar: 0.491770237684
        dvar2: 1.01458525658
        max: 7.38888263702
        mean: 0.752766132355
        min: -2.44619607925
        var: 1.53030240536
    barkbands_spread:
        dmean: 10.7949905396
        dmean2: 15.8415546417
        dvar: 102.568756104
        dvar2: 214.796508789
        max: 82.4192657471
        mean: 43.2934646606
        min: 2.78909873962
        var: 318.436859131
    dissonance:
        dmean: 0.0186294484884
        dmean2: 0.0280867926776
        dvar: 0.000710324326064
        dvar2: 0.00117758451961
        max: 0.498873323202
        mean: 0.463717699051
        min: 0.0549121797085
        var: 0.00149838102516
    hfc:
        dmean: 4.61757802963
        dmean2: 6.66189575195
        dvar: 42.2493286133
        dvar2: 85.2828826904
        max: 59.3657493591
        mean: 8.13966178894
        min: 0.000642084050924
        var: 88.0710830688
    pitch:
        dmean: 1047.89196777
        dmean2: 1980.22607422
        dvar: 2533913.75
        dvar2: 5936321
        max: 5512.5
        mean: 1960.328125
        min: 64.2857131958
        var: 3970002.75
    pitch_instantaneous_confidence:
        dmean: 0.0999591425061
        dmean2: 0.15828256309
        dvar: 0.00775563856587
        dvar2: 0.0176025088876
        max: 0.809456050396
        mean: 0.401015877724
        min: 0.140522181988
        var: 0.0182710625231
    pitch_salience:
        dmean: 0.0836813822389
        dmean2: 0.131762504578
        dvar: 0.00575840333477
        dvar2: 0.0141565641388
        max: 0.98061311245
        mean: 0.545226037502
        min: 0.23464256525
        var: 0.0125319492072
    silence_rate_20dB:
        dmean: 0
        dmean2: 0
        dvar: 0
        dvar2: 0
        max: 1
        mean: 1
        min: 1
        var: 0
    silence_rate_30dB:
        dmean: 0
        dmean2: 0
        dvar: 0
        dvar2: 0
        max: 1
        mean: 1
        min: 1
        var: 0
    silence_rate_60dB:
        dmean: 0.21247112751
        dmean2: 0.425925940275
        dvar: 0.167326539755
        dvar2: 0.276919513941
        max: 1
        mean: 0.407834112644
        min: 0
        var: 0.241505816579
    spectral_centroid:
        dmean: 488.618255615
        dmean2: 747.961914062
        dvar: 229818.75
        dvar2: 446814.625
        max: 4625.51513672
        mean: 1588.3046875
        min: 181.148712158
        var: 829109.3125
    spectral_complexity:
        dmean: 5.00928068161
        dmean2: 7.73023271561
        dvar: 49.5451545715
        dvar2: 110.927322388
        max: 48
        mean: 9.64814853668
        min: 0
        var: 89.3299484253
    spectral_crest:
        dmean: 2.20232200623
        dmean2: 3.65774798393
        dvar: 4.03435182571
        dvar2: 10.5805244446
        max: 17.0526390076
        mean: 7.69086313248
        min: 3.01859974861
        var: 7.86691236496
    spectral_decrease:
        dmean: 3.83799519943e-10
        dmean2: 5.64669699887e-10
        dvar: 2.41257177668e-19
        dvar2: 4.74591102441e-19
        max: -6.41509415034e-14
        mean: -9.86354664612e-10
        min: -4.03369915247e-09
        var: 4.31764963599e-19
    spectral_energy:
        dmean: 0.00181651930325
        dmean2: 0.00263520819135
        dvar: 5.67789902561e-06
        dvar2: 1.11894305519e-05
        max: 0.0202352572232
        mean: 0.00446102302521
        min: 3.00359374705e-07
        var: 1.03627289718e-05
    spectral_energyband_high:
        dmean: 0.000517008418683
        dmean2: 0.00073190627154
        dvar: 5.31071862042e-07
        dvar2: 1.08129734144e-06
        max: 0.0063885175623
        mean: 0.000861987879034
        min: 5.42468683307e-08
        var: 1.30701721446e-06
    spectral_energyband_low:
        dmean: 0.000474516302347
        dmean2: 0.000744578952435
        dvar: 4.97208361594e-07
        dvar2: 1.32489537918e-06
        max: 0.00566534698009
        mean: 0.00100880058017
        min: 4.46788633868e-10
        var: 5.31241937551e-07
    spectral_energyband_middle_high:
        dmean: 0.000831332115922
        dmean2: 0.00126477249432
        dvar: 1.66763607012e-06
        dvar2: 3.84243048757e-06
        max: 0.00975594483316
        mean: 0.00127571134362
        min: 1.49053718701e-07
        var: 2.80300264421e-06
    spectral_energyband_middle_low:
        dmean: 0.000628607929684
        dmean2: 0.00100615969859
        dvar: 6.60023147248e-07
        dvar2: 1.27657938265e-06
        max: 0.00630016671494
        mean: 0.00131448754109
        min: 9.65044222312e-08
        var: 1.07519463199e-06
    spectral_flatness_db:
        dmean: 0.0218613483012
        dmean2: 0.03357494995
        dvar: 0.000384158862289
        dvar2: 0.000865015201271
        max: 0.310002714396
        mean: 0.152540192008
        min: 0.0653012692928
        var: 0.00124829728156
    spectral_flux:
        dmean: 0.0117744477466
        dmean2: 0.0161391217262
        dvar: 0.000150690262672
        dvar2: 0.000269243697403
        max: 0.11348285526
        mean: 0.0400126688182
        min: 0.00761483469978
        var: 0.000389346532756
    spectral_kurtosis:
        dmean: 0.759247124195
        dmean2: 1.09894311428
        dvar: 0.601920127869
        dvar2: 1.15913438797
        max: 5.43225288391
        mean: 1.01859939098
        min: -1.11564445496
        var: 1.66197252274
    spectral_rms:
        dmean: 0.00040284259012
        dmean2: 0.000570296077058
        dvar: 1.94609611981e-07
        dvar2: 3.71329065274e-07
        max: 0.00444316491485
        mean: 0.00197849236429
        min: 1.71182218764e-05
        var: 4.37786070506e-07
    spectral_rolloff:
        dmean: 954.154968262
        dmean2: 1511.63134766
        dvar: 1361810.375
        dvar2: 2430056
        max: 6826.02539062
        mean: 3237.50610352
        min: 129.19921875
        var: 3525785.75
    spectral_skewness:
        dmean: 0.225520312786
        dmean2: 0.30386275053
        dvar: 0.0460559204221
        dvar2: 0.0739364102483
        max: 2.04092741013
        mean: 0.893060147762
        min: 0.0951780676842
        var: 0.1984487921
    spectral_spread:
        dmean: 1055315.125
        dmean2: 1421935
        dvar: 1.2454756352e+12
        dvar2: 2.2819373056e+12
        max: 16115581
        mean: 7570067
        min: 4028256.25
        var: 4.47103159501e+12
    spectral_strongpeak:
        dmean: 0.293859094381
        dmean2: 0.538354516029
        dvar: 0.605588197708
        dvar2: 1.89490520954
        max: 6.17333936691
        mean: 0.329600483179
        min: 0.000121480486996
        var: 0.412801355124
    zerocrossingrate:
        dmean: 0.0173220895231
        dmean2: 0.0195153523237
        dvar: 0.000233747123275
        dvar2: 0.000272444623988
        max: 0.20849609375
        mean: 0.100103311241
        min: 0.00927734375
        var: 0.00184323568828
    barkbands:
        dmean: [6.3073508727e-07, 0.000185232871445, 0.000370637513697, 0.000225862240768, 0.000322084320942, 6.0553469666e-05, 0.000102507212432, 4.75105298392e-05, 0.00013907632092, 0.000110465771286, 9.15412238101e-05, 5.24492497789e-05, 5.38986241736e-05, 4.65411321784e-05, 4.5695949666e-05, 6.43384992145e-05, 8.56945844134e-05, 0.000162433672813, 0.000217088774662, 0.000306996458676, 0.000197828267119, 0.00015536097635, 4.52763597423e-05, 9.29818725126e-06, 6.85944269208e-06, 2.49174888722e-07, 7.7099049367e-10]
        dmean2: [7.79180993504e-07, 0.00028620910598, 0.000611332827248, 0.000384365441278, 0.000490878766868, 0.000102372236142, 0.000163682881976, 7.57519082981e-05, 0.00022125869873, 0.000177343346877, 0.000130689048092, 8.4630359197e-05, 8.21998619358e-05, 7.24232522771e-05, 7.13572080713e-05, 0.000105302722659, 0.000139519805089, 0.000273993238807, 0.000358623656211, 0.000468049693154, 0.000302820495563, 0.000224816933041, 6.8388042564e-05, 1.22621468108e-05, 1.01016430563e-05, 4.04669719956e-07, 1.23414556352e-09]
        dvar: [7.48737877254e-12, 8.48254870789e-08, 3.26098330561e-07, 6.19850197836e-08, 3.35245630367e-07, 1.8881728181e-08, 5.48942793444e-08, 8.6002502897e-09, 5.44243832223e-08, 1.20525001535e-07, 8.16143099769e-08, 1.55838684179e-08, 1.26899610819e-08, 7.42188044356e-09, 6.45024211821e-09, 1.22971579586e-08, 2.12912603104e-08, 6.73319533462e-08, 1.8809470248e-07, 2.58309370338e-07, 9.78893908155e-08, 5.10882678384e-08, 4.29022994908e-09, 1.44664363821e-10, 1.17308079917e-10, 1.2848337845e-13, 5.06881720994e-17]
        dvar2: [1.79813924167e-11, 2.04135176318e-07, 9.21213313632e-07, 1.73592070496e-07, 7.30648366698e-07, 5.03327939327e-08, 1.44070114061e-07, 1.99498000342e-08, 1.32345505222e-07, 3.01423654037e-07, 1.87202076063e-07, 3.76553259684e-08, 2.88022317108e-08, 1.43592151503e-08, 1.40052067721e-08, 2.7773761957e-08, 5.11909981071e-08, 1.72766633e-07, 4.81434767607e-07, 5.60413923267e-07, 2.06206138387e-07, 1.17722692039e-07, 9.40654842907e-09, 2.74212152984e-10, 2.39997882678e-10, 3.0555232281e-13, 1.27216765086e-16]
        max: [4.147276195e-05, 0.00206920248456, 0.00423492956907, 0.00229480699636, 0.00442551355809, 0.00118435570039, 0.00168942764867, 0.000970449880697, 0.00177518220153, 0.00462923943996, 0.00373599119484, 0.00203065131791, 0.00134617416188, 0.000974314287305, 0.000781056121923, 0.00117992807645, 0.000990347121842, 0.00201311823912, 0.00366491428576, 0.00437352014706, 0.00301573378965, 0.00231209513731, 0.000557855179068, 0.00011973738583, 0.000102383164631, 3.30610464516e-06, 1.04974510862e-07]
        mean: [9.71536564975e-07, 0.000292458018521, 0.000715407251846, 0.000464090902824, 0.000423236691859, 5.57558632863e-05, 0.000118460447993, 4.80288435938e-05, 0.00017783648218, 0.000129259948153, 0.000119301737868, 6.78960204823e-05, 7.59525864851e-05, 5.96874706389e-05, 5.61629567528e-05, 7.60955808801e-05, 0.000103399761429, 0.000192235107534, 0.000254415208474, 0.000401354744099, 0.000288963899948, 0.000240668392507, 7.13362533133e-05, 1.65433011716e-05, 1.11371491585e-05, 3.66666057516e-07, 5.03124042428e-10]
        min: [1.06794198484e-10, 1.71230890578e-10, 2.22490470492e-10, 5.1197568407e-10, 4.23360635438e-09, 1.0587764443e-08, 1.64085118826e-08, 2.10563388947e-08, 3.78112972044e-08, 3.86055987178e-08, 2.42792630445e-08, 1.61825681744e-08, 1.24926184952e-08, 7.32617477794e-09, 3.30000826665e-09, 4.56508886248e-10, 4.2274481693e-09, 1.17836025382e-08, 1.77938908053e-08, 3.49944819789e-08, 1.15808100887e-08, 1.22086589727e-08, 1.13079918762e-08, 1.02107167166e-09, 1.26193044903e-09, 2.33956770623e-10, 4.89728124318e-14]
        var: [4.98532552046e-12, 1.00639240941e-07, 3.45870518004e-07, 1.41245052987e-07, 3.98992227701e-07, 1.55186370421e-08, 6.28289029692e-08, 9.86827330962e-09, 9.72198890281e-08, 1.30158895217e-07, 1.07471308297e-07, 2.33198864663e-08, 2.78475997817e-08, 1.34014497277e-08, 1.08791482489e-08, 1.90490982988e-08, 3.02214608894e-08, 7.3378863874e-08, 2.06370103228e-07, 4.08419566611e-07, 1.83582400837e-07, 1.25198710066e-07, 7.46094652726e-09, 4.50235626559e-10, 2.64403859918e-10, 2.19945426889e-13, 2.5504822132e-17]
    mfcc:
        mean: [-715.656921387, 65.8019866943, -0.632750451565, 60.1436347961, -5.01055669785, 20.2451858521, 8.76407241821, 12.8639326096, 1.56985747814, 0.119291782379, -1.15986967087, -8.33330249786, -7.50829219818]
        cov: [[3450.02270508, -144.42036438, -712.517211914, -322.047454834, -450.315582275, -199.242126465, -165.185241699, -74.5556411743, -19.7394485474, -24.2813835144, 23.6875858307, 33.0868110657, 15.4209766388], [-144.42036438, 1361.30065918, -505.908691406, -478.362213135, -225.651138306, -152.935501099, 83.80078125, 127.586181641, -82.2121505737, 61.1174621582, 59.6847763062, -8.32789802551, -36.1251144409], [-712.517211914, -505.908691406, 784.506652832, 274.784759521, 180.089141846, 126.357528687, -1.9325248003, -43.753276825, 19.7158336639, -61.2741928101, -48.2301254272, 11.2609491348, 39.1899604797], [-322.047454834, -478.362213135, 274.784759521, 546.674926758, 305.660369873, 43.4426307678, -141.444244385, -133.013809204, 23.0315189362, -24.6372718811, -53.9038124084, 11.654460907, 45.3794364929], [-450.315582275, -225.651138306, 180.089141846, 305.660369873, 414.848999023, 71.8395690918, -74.3385467529, -81.838722229, 34.5041885376, 17.4099559784, -32.5274467468, -12.1715335846, 5.02935838699], [-199.242126465, -152.935501099, 126.357528687, 43.4426307678, 71.8395690918, 202.855438232, 91.1202087402, 50.7183570862, 34.5345611572, 9.95134449005, 11.188205719, -9.94943523407, -20.4158992767], [-165.185241699, 83.80078125, -1.9325248003, -141.444244385, -74.3385467529, 91.1202087402, 214.416183472, 127.616348267, 9.6544380188, -1.82504940033, 19.7972164154, -21.4342689514, -40.0639877319], [-74.5556411743, 127.586181641, -43.753276825, -133.013809204, -81.838722229, 50.7183570862, 127.616348267, 155.202484131, 32.111541748, 18.8086795807, 22.1960525513, -14.6784095764, -24.3038311005], [-19.7394485474, -82.2121505737, 19.7158336639, 23.0315189362, 34.5041885376, 34.5345611572, 9.6544380188, 32.111541748, 82.8256988525, 40.1225547791, 13.8608207703, -0.127349466085, -8.14381217957], [-24.2813835144, 61.1174621582, -61.2741928101, -24.6372718811, 17.4099559784, 9.95134449005, -1.82504940033, 18.8086795807, 40.1225547791, 84.466758728, 43.7692680359, -1.8744430542, -20.8938331604], [23.6875858307, 59.6847763062, -48.2301254272, -53.9038124084, -32.5274467468, 11.188205719, 19.7972164154, 22.1960525513, 13.8608207703, 43.7692680359, 70.8880844116, 19.2451324463, -10.0241613388], [33.0868110657, -8.32789802551, 11.2609491348, 11.654460907, -12.1715335846, -9.94943523407, -21.4342689514, -14.6784095764, -0.127349466085, -1.8744430542, 19.2451324463, 56.9317398071, 32.656703949], [15.4209766388, -36.1251144409, 39.1899604797, 45.3794364929, 5.02935838699, -20.4158992767, -40.0639877319, -24.3038311005, -8.14381217957, -20.8938331604, -10.0241613388, 32.656703949, 66.6602783203]]
        icov: [[0.000543085334357, 0.000371424393961, 0.000570807489567, 0.000332281197188, 0.000441131764092, -5.95422498009e-05, 0.000592702708673, 0.000162926589837, -0.000216792395804, 0.00042531528743, -5.99906925345e-05, -6.32372539258e-05, 6.75752244206e-06], [0.000371424393961, 0.00178058934398, 0.00083018647274, 0.00118700414896, -0.000259974738583, 0.000774708692916, 0.000477725639939, -0.00119744066615, 0.00200854893774, -0.00112173845991, 0.000234788094531, -0.000424427678809, -0.000172657804796], [0.000570807489567, 0.00083018647274, 0.00258269486949, 1.20471486298e-06, 0.000123532692669, -0.000738625356462, 0.000269118638244, 0.000138207833515, -0.00022048818937, 0.0013421473559, 0.000127487641294, -0.000307141104713, -0.000661369762383], [0.000332281197188, 0.00118700414896, 1.20471486298e-06, 0.00518276495859, -0.00226286868565, -0.000263378140517, 0.00186515541282, 0.00062545464607, -7.38427988836e-05, 0.000512139056809, 0.000765498203691, -0.000372983224224, -0.00107407814357], [0.000441131764092, -0.000259974738583, 0.000123532692669, -0.00226286868565, 0.00544477812946, -0.00165976514108, 0.000422852986958, 0.00199337303638, -0.00136890099384, -0.00165749364533, 0.00156567792874, 0.000869907962624, 0.000409200467402], [-5.95422498009e-05, 0.000774708692916, -0.000738625356462, -0.000263378140517, -0.00165976514108, 0.00886228960007, -0.00387917738408, -0.00120397889987, -0.000505217816681, -0.000534625840373, -0.00144326232839, -0.000200433030841, 0.000768059282564], [0.000592702708673, 0.000477725639939, 0.000269118638244, 0.00186515541282, 0.000422852986958, -0.00387917738408, 0.0137059483677, -0.00816621165723, 0.00171016913373, 0.00419441377744, -0.00196527154185, 0.000404869526392, 0.00376379024237], [0.000162926589837, -0.00119744066615, 0.000138207833515, 0.00062545464607, 0.00199337303638, -0.00120397889987, -0.00816621165723, 0.0177780091763, -0.00788656249642, 0.000157378832228, -0.00033214839641, 0.00282657635398, -0.00248794164509], [-0.000216792395804, 0.00200854893774, -0.00022048818937, -7.38427988836e-05, -0.00136890099384, -0.000505217816681, 0.00171016913373, -0.00788656249642, 0.0231769755483, -0.0124417142943, 0.00368975917809, -0.00315661495551, 0.000452623760793], [0.00042531528743, -0.00112173845991, 0.0013421473559, 0.000512139056809, -0.00165749364533, -0.000534625840373, 0.00419441377744, 0.000157378832228, -0.0124417142943, 0.0298908725381, -0.016617031768, 0.00486234296113, 0.00366368307732], [-5.99906925345e-05, 0.000234788094531, 0.000127487641294, 0.000765498203691, 0.00156567792874, -0.00144326232839, -0.00196527154185, -0.00033214839641, 0.00368975917809, -0.016617031768, 0.0301844254136, -0.0141079397872, 0.00437549035996], [-6.32372539258e-05, -0.000424427678809, -0.000307141104713, -0.000372983224224, 0.000869907962624, -0.000200433030841, 0.000404869526392, 0.00282657635398, -0.00315661495551, 0.00486234296113, -0.0141079397872, 0.0325613468885, -0.0155688663945], [6.75752244206e-06, -0.000172657804796, -0.000661369762383, -0.00107407814357, 0.000409200467402, 0.000768059282564, 0.00376379024237, -0.00248794164509, 0.000452623760793, 0.00366368307732, 0.00437549035996, -0.0155688663945, 0.027074445039]]
    spectral_contrast:
        mean: [-6.43121381927e-07, -2.67729376446e-07, -2.60692701204e-07, -2.56631107476e-08, 1.26970306269e-07, -1.59152676815e-07, -1.63522997809e-06, 3.83290966965e-07, 2.42944111051e-06, -3.16677278533e-06, -6.17570321992e-07, -1.865404613e-07]
        var: [0.000448015140137, 0.00109317386523, 0.00143967091572, 0.00321647780947, 0.00392420915887, 0.0107262050733, 0.0604971684515, 0.142952263355, 0.164575025439, 0.324322164059, 0.537794172764, 2.0578854084]

rhythm:
    beats_loudness:
        dmean: 0.00832212716341
        dmean2: 0.0162065252662
        dvar: 6.54290397506e-06
        dvar2: 1.517218152e-05
        max: 0.0177833251655
        mean: 0.00956203043461
        min: 0.00380418030545
        var: 2.10723610508e-05
    beats_loudness_bass:
        dmean: 0.420020550489
        dmean2: 0.857653021812
        dvar: 0.0222449954599
        dvar2: 0.051747739315
        max: 0.703792572021
        mean: 0.296096473932
        min: 0.0239840503782
        var: 0.0520160570741
    bpm: 104.716941833
    bpm_confidence: 0
    first_peak_bpm: 105
    first_peak_spread: 0
    first_peak_weight: 0.9375
    onset_rate: 5.36931800842
    second_peak_bpm: 96
    second_peak_spread: 0
    second_peak_weight: 0.0625
    beats_position: [0.421533256769, 0.994533240795, 1.56753325462, 2.14053320885, 2.71353316307, 3.28653311729, 3.8595328331, 4.43253278732, 5.00553274155, 5.57853269577, 6.20299816132, 6.77595806122, 7.34891843796, 7.92187929153, 8.4948387146, 9.0677986145, 9.64075946808]
    bpm_estimates: [104.647071838, 104.522834778, 104.673919678, 106.100357056, 104.423683167, 104.410522461, 104.631858826, 104.612014771, 104.555335999, 104.563591003, 104.743278503, 104.61894989, 104.681922913, 105.306007385, 104.445701599, 104.948776245, 104.948867798, 104.49987793, 104.287612915]
    bpm_intervals: [0.572999954224, 0.573000013828, 0.572999954224, 0.572999954224, 0.572999954224, 0.572999715805, 0.572999954224, 0.572999954224, 0.572999954224, 0.624465465546, 0.572959899902, 0.57296037674, 0.572960853577, 0.572959423065, 0.572959899902, 0.572960853577]
    onset_times: [0.0580498874187, 0.127709746361, 0.417959183455, 0.568888902664, 0.708208620548, 0.986848056316, 1.26548755169, 1.42802715302, 1.57895696163, 1.8575963974, 1.99691605568, 2.14784574509, 2.43809533119, 2.5890250206, 2.72834467888, 2.87927436829, 2.99537420273, 3.29723358154, 3.58748292923, 3.88934230804, 4.13315200806, 4.3073015213, 4.446621418, 4.62077093124, 4.74848079681, 4.8994102478, 5.05034017563, 5.1780500412, 5.31736946106, 5.60761928558, 5.9094786644, 6.04879808426, 6.19972801208, 6.3622674942, 6.47836732864, 6.60607719421, 6.7570066452, 6.94276666641, 7.05886602402, 7.34911584854, 7.4884352684, 7.6277551651, 7.91800451279, 8.20825386047, 8.35918331146, 8.498503685, 8.73070335388, 8.80036258698, 8.93968296051, 9.07900238037, 9.35764217377, 9.65950107574, 9.79882049561, 9.93814086914]
    rubato_start: []
    rubato_stop: []
    perceptual_tempo: "unknown"

sfx:
    inharmonicity:
        dmean: 0.0467163063586
        dmean2: 0.0811858773232
        dvar: 0.00214737420902
        dvar2: 0.00560662103817
        max: 0.272020101547
        mean: 0.0514634437859
        min: 0
        var: 0.0028246329166
    oddtoevenharmonicenergyratio:
        dmean: 1.56227087975
        dmean2: 2.86482810974
        dvar: 18.5895500183
        dvar2: 53.0666465759
        max: 43.8658332825
        mean: 1.19551801682
        min: 0
        var: 12.4894733429
    pitch_after_max_to_before_max_energy_ratio: 3.69092297554
    pitch_centroid: 225.228012085
    pitch_max_to_total: 0.298611104488
    pitch_min_to_total: 0.233796298504
    tristimulus:
        dmean: [0.217539742589, 0.256943136454, 0.172167152166]
        dmean2: [0.378567248583, 0.449487119913, 0.306023895741]
        dvar: [0.0418933182955, 0.0423563010991, 0.0282565541565]
        dvar2: [0.111027553678, 0.122900560498, 0.0799576193094]
        max: [1, 0.970031559467, 0.900388836861]
        mean: [0.391196459532, 0.380411893129, 0.184975519776]
        min: [0.00435528671369, 0, 0]
        var: [0.0780194401741, 0.0635351091623, 0.035072080791]

tonal:
    chords_changes_rate: 0.110599078238
    chords_number_rate: 0.0184331797063
    chords_strength:
        dmean: 0.0130931790918
        dmean2: 0.0141504993662
        dvar: 9.46013169596e-05
        dvar2: 0.000128852203488
        max: 0.663402855396
        mean: 0.468893647194
        min: 0.302024096251
        var: 0.0053355274722
    key_strength: 0.521587193012
    tuning_diatonic_strength: 0.430871278048
    tuning_equal_tempered_deviation: 0.105740405619
    tuning_frequency: 438.984558105
    tuning_nontempered_energy_ratio: 0.829024195671
    hpcp:
        dmean: [0.118853665888, 0.137145131826, 0.200234979391, 0.181594729424, 0.143160283566, 0.155322059989, 0.182015284896, 0.185540661216, 0.145097464323, 0.13281352818, 0.111097715795, 0.149195089936, 0.179433092475, 0.190595552325, 0.0984097421169, 0.0697670727968, 0.123754680157, 0.195195481181, 0.156368836761, 0.125734627247, 0.0728742778301, 0.0611407980323, 0.0528281480074, 0.0575753673911, 0.0711136981845, 0.084410764277, 0.12655287981, 0.145901888609, 0.161738499999, 0.170971021056, 0.153613388538, 0.14618653059, 0.203640237451, 0.20148549974, 0.178077682853, 0.149316966534]
        dmean2: [0.196931958199, 0.231900319457, 0.338535547256, 0.319267451763, 0.236898630857, 0.2546839118, 0.30222633481, 0.301630884409, 0.250424474478, 0.230977445841, 0.195056661963, 0.253737002611, 0.294856637716, 0.31788623333, 0.174147084355, 0.119374379516, 0.215279683471, 0.317863851786, 0.246389403939, 0.216475784779, 0.128334268928, 0.106198146939, 0.090598680079, 0.0980588123202, 0.119784735143, 0.143708005548, 0.209508761764, 0.23255173862, 0.283297151327, 0.308508753777, 0.275941669941, 0.257543385029, 0.348268896341, 0.344820350409, 0.30216768384, 0.271122276783]
        dvar: [0.034950632602, 0.0388340167701, 0.0615632273257, 0.0684683844447, 0.038174983114, 0.0349623598158, 0.0517548881471, 0.0463936179876, 0.0366866327822, 0.0401910468936, 0.0288547705859, 0.0328611284494, 0.0554609932005, 0.0511061623693, 0.0196915715933, 0.0128312753513, 0.0223709326237, 0.0456297062337, 0.0411752276123, 0.0322488993406, 0.0137836197391, 0.0142271472141, 0.00647168187425, 0.00808485969901, 0.0137575911358, 0.0138219157234, 0.0289187058806, 0.0350790396333, 0.0447410829365, 0.0675516724586, 0.0563460364938, 0.038875322789, 0.0545885078609, 0.058048710227, 0.0462786518037, 0.0461018010974]
        dvar2: [0.0878077149391, 0.0898891910911, 0.17758333683, 0.171670228243, 0.0946356654167, 0.0879135876894, 0.114437133074, 0.112371876836, 0.0898748412728, 0.0981331914663, 0.0774189606309, 0.0911372452974, 0.132687047124, 0.139210894704, 0.0544188693166, 0.0349851511419, 0.0599642880261, 0.122702844441, 0.0868733376265, 0.0968776717782, 0.0379900746047, 0.0378576777875, 0.0163063053042, 0.0181968435645, 0.0332247838378, 0.0356405600905, 0.0713269636035, 0.0781225860119, 0.114022448659, 0.188055977225, 0.159620329738, 0.101080924273, 0.150942623615, 0.157134830952, 0.13429710269, 0.12482111156]
        max: [1, 1, 1, 1, 1, 1, 1, 1, 1, 1, 1, 1, 1, 1, 1, 0.857121944427, 1, 1, 1, 1, 0.634185433388, 1, 0.615895330906, 0.586700201035, 1, 0.829823315144, 1, 1, 1, 1, 1, 1, 1, 1, 1, 1]
        mean: [0.120406448841, 0.133475780487, 0.189117506146, 0.213292837143, 0.171892523766, 0.198202386498, 0.267416089773, 0.238259807229, 0.217830881476, 0.205521523952, 0.132907778025, 0.186169043183, 0.317815124989, 0.250071257353, 0.107045933604, 0.0780969411135, 0.129678234458, 0.269847512245, 0.27894821763, 0.13476151228, 0.0643883049488, 0.0546864531934, 0.0512851253152, 0.0782868489623, 0.0994090586901, 0.101904824376, 0.162454009056, 0.207630857825, 0.176444008946, 0.143765598536, 0.123954437673, 0.135657757521, 0.221487790346, 0.246616452932, 0.175385326147, 0.131619781256]
        min: [0.000635690521449, 0.000646627682727, 0.000636272598058, 0.00051071337657, 0.000600990373641, 0.00124756211881, 0.00217059697025, 0.00210520694964, 0.00146749825217, 0.00162019452546, 0.00348016596399, 0.00324517162517, 0.00441640848294, 0.00337821175344, 0.000700758537278, 0.000633461168036, 0.00136667839251, 0.00086408352945, 0.00110112084076, 0.000316078076139, 0.00018303192337, 0.000153164684889, 0.000431777094491, 0.00107919168659, 0.000995705137029, 0.000669849745464, 0.000449537677923, 0.000539000378922, 0.000622780062258, 0.000602601852734, 0.000654005270917, 0.0007485235692, 0.00219634152018, 0.00198872457258, 0.00292388955131, 0.000698705029208]
        var: [0.0369013361633, 0.0446380451322, 0.0730140209198, 0.100884944201, 0.055867806077, 0.0620837807655, 0.0932156592607, 0.0647538080812, 0.0704768449068, 0.0893855392933, 0.0289460960776, 0.0485999695957, 0.138885825872, 0.0760985687375, 0.0172813814133, 0.012000195682, 0.0253376867622, 0.0936819836497, 0.111989349127, 0.0356699116528, 0.0118134552613, 0.011226114817, 0.00601939018816, 0.0153803899884, 0.0259947571903, 0.0189591515809, 0.0519024133682, 0.0750267952681, 0.0568033829331, 0.0544767789543, 0.0440326072276, 0.0364639721811, 0.0714680477977, 0.0806720629334, 0.0461832731962, 0.0372187122703]
    chords_histogram: [0, 0, 0, 0, 0.460829496384, 0, 0, 0, 0, 0, 0, 0, 0, 0, 31.3364048004, 16.129032135, 0, 0, 0, 0, 0, 25.8064517975, 26.2672805786, 0]
    thpcp: [1, 0.7868450284, 0.336818248034, 0.245730727911, 0.408030420542, 0.849070727825, 0.877705931664, 0.42402485013, 0.202596724033, 0.172070011497, 0.161367788911, 0.246328264475, 0.312788933516, 0.320641845465, 0.511158823967, 0.653307020664, 0.555178165436, 0.45235607028, 0.3900205791, 0.426844865084, 0.696907639503, 0.775974571705, 0.551846981049, 0.414139449596, 0.378856897354, 0.419979333878, 0.595055103302, 0.67112237215, 0.540856957436, 0.623640537262, 0.841420292854, 0.749680519104, 0.685401260853, 0.646670043468, 0.418192118406, 0.585777819157]
    chords_key: "G"
    chords_scale: "major"
    key_key: "F#"
    key_scale: "major"
    chords_progression: ["B", "B", "B", "B", "Bm", "G#m", "Bm", "Bm", "Bm", "Bm", "Bm", "G", "Bm", "G", "G", "G", "G", "G", "G", "G", "G", "G", "G", "G", "G", "G", "G", "G", "G", "G", "G", "G", "G", "G", "G", "G", "G", "G", "G", "G", "G", "G", "G", "G", "G", "G", "G", "G", "G", "G#m", "G#m", "G#m", "G#m", "G#m", "G#m", "G#m", "G#m", "G#m", "G#m", "G#m", "G#m", "G#m", "G#m", "G", "G", "G#", "G#m", "G#m", "G#m", "G", "G", "G", "G", "G", "G", "G", "G", "G", "G", "G", "G", "G", "G", "G", "G", "G", "G", "B", "G", "G", "G", "G", "B", "B", "B", "B", "B", "B", "B", "G#m", "G#m", "G#m", "G#m", "G#m", "G#m", "G#m", "G#m", "G", "B", "B", "B", "Bm", "Bm", "Bm", "Bm", "Bm", "Bm", "Bm", "Bm", "Bm", "Bm", "Bm", "G", "G", "G", "G", "G", "Bm", "Bm", "Bm", "Bm", "Bm", "Bm", "Bm", "Bm", "Bm", "Bm", "Bm", "Bm", "Bm", "Bm", "Bm", "Bm", "Bm", "B", "B", "B", "B", "B", "B", "B", "B", "B", "B", "B", "B", "B", "B", "B", "B", "B", "B", "B", "B", "B", "B", "B", "B", "B", "B", "B", "B", "B", "B", "B", "B", "B", "B", "B", "B", "B", "B", "B", "B", "B", "B", "G#m", "G#m", "G", "G#m", "G#m", "G#m", "G#m", "G#m", "G#m", "G#m", "G#m", "G#m", "G#m", "G#m", "G#m", "G#m", "G#m", "G#m", "G#m", "G#m", "G#m", "G#m", "G#m", "G#m", "G#m", "G#m", "G#m", "G#m", "G#m", "G#m", "G#m"]
