
metadata:
    version:
        essentia: "1.2.2"
    audio_properties:
        analysis_sample_rate: 44100
        bitrate: 128
        channels: 2
        equal_loudness: 1
        length: 10.0571432114
        replay_gain: -12.1940326691
        downmix: "mix"
    tags:
        track: 15
        year: 0
        album: "Splitted by Mp3Splt v. 2.1"
        artist: "From 002.20 To 002.30"
        comment: "http://mp3splt.sf.net"
        genre: ""
        title: "06 Song for Lorca.mp3"

highlevel:
    ballroom:
        all:
            ChaChaCha: 0.039777033031
            Jive: 0.864183068275
            Quickstep: 0.00616994919255
            Rumba-American: 0.000128781626699
            Rumba-International: 0.000908140558749
            Rumba-Misc: 0.000471927633043
            Samba: 0.0868732854724
            Tango: 9.28954468691e-05
            VienneseWaltz: 0.00125714018941
            Waltz: 0.000137779599754
        probability: 0.864183068275
        value: "Jive"
    culture:
        all:
            non_western: 0.111030966043
            western: 0.888969004154
        probability: 0.888969004154
        value: "western"
    gender:
        all:
            female: 0.755919516087
            male: 0.244080483913
        probability: 0.755919516087
        value: "female"
    genre_dortmund:
        all:
            alternative: 0.109859824181
            blues: 0.00203323177993
            electronic: 0.0417644903064
            folkcountry: 0.0330669507384
            funksoulrnb: 0.00302661769092
            jazz: 0.0171895362437
            pop: 0.0631363168359
            raphiphop: 0.0119186528027
            rock: 0.718004405499
        probability: 0.718004405499
        value: "rock"
    genre_electronica:
        all:
            ambient: 0.0373841226101
            dnb: 0.141181915998
            house: 0.00364070339128
            techno: 0.00838913582265
            trance: 0.80940413475
        probability: 0.80940413475
        value: "trance"
    genre_rosamerica:
        all:
            cla: 0.00328967208043
            dan: 0.0510997250676
            hip: 0.00491137104109
            jaz: 0.0031197310891
            pop: 0.0117668118328
            rhy: 0.00335954851471
            roc: 0.921258926392
            spe: 0.00119423505384
        probability: 0.921258926392
        value: "roc"
    genre_tzanetakis:
        all:
            blu: 0.0103070186451
            cla: 0.0105834435672
            cou: 0.0668226405978
            dis: 0.145571485162
            hip: 0.0645336285233
            jaz: 0.0996505841613
            met: 0.209632918239
            pop: 0.0889206677675
            reg: 0.0150254061446
            roc: 0.288952201605
        probability: 0.288952201605
        value: "roc"
    live_studio:
        all:
            live: 0.882989525795
            studio: 0.117010444403
        probability: 0.882989525795
        value: "live"
    mood:
        all:
            Cluster1: 0.325637161732
            Cluster2: 0.0297627430409
            Cluster3: 0.00213533942588
            Cluster4: 0.0342893712223
            Cluster5: 0.608175396919
        probability: 0.608175396919
        value: "Cluster5"
    mood_acoustic:
        all:
            acoustic: 0.00639621540904
            not_acoustic: 0.993603765965
        probability: 0.993603765965
        value: "not_acoustic"
    mood_aggressive:
        all:
            aggressive: 0.983968198299
            not_aggressive: 0.0160318128765
        probability: 0.983968198299
        value: "aggressive"
    mood_electronic:
        all:
            electronic: 0.850596666336
            not_electronic: 0.149403333664
        probability: 0.850596666336
        value: "electronic"
    mood_happy:
        all:
            happy: 0.612201452255
            not_happy: 0.387798547745
        probability: 0.612201452255
        value: "happy"
    mood_party:
        all:
            not_party: 0.248030081391
            party: 0.75196993351
        probability: 0.75196993351
        value: "party"
    mood_relaxed:
        all:
            not_relaxed: 0.942857086658
            relaxed: 0.0571429356933
        probability: 0.942857086658
        value: "not_relaxed"
    mood_sad:
        all:
            not_sad: 0.97475707531
            sad: 0.0252429135144
        probability: 0.97475707531
        value: "not_sad"
    rhythm:
        all:
            fast: 0.631469607353
            medium: 0.353344738483
            slow: 0.0151856467128
        probability: 0.631469607353
        value: "fast"
    speech_music:
        all:
            music: 0.999653398991
            speech: 0.000346609420376
        probability: 0.999653398991
        value: "music"
    timbre:
        all:
            bright: 0.0132410442457
            dark: 0.986758947372
        probability: 0.986758947372
        value: "dark"
    voice_instrumental:
        all:
            instrumental: 0.0947585105896
            voice: 0.90524148941
        probability: 0.90524148941
        value: "voice"

lowlevel:
    average_loudness: 0.983558952808
    barkbands_kurtosis:
        dmean: 0.625865161419
        dmean2: 1.08690416813
        dvar: 0.652660310268
        dvar2: 1.85465908051
        max: 4.92579746246
        mean: -0.984432339668
        min: -1.85272228718
        var: 0.731907904148
    barkbands_skewness:
        dmean: 0.471025824547
        dmean2: 0.747246623039
        dvar: 0.152480438352
        dvar2: 0.373886436224
        max: 2.24517178535
        mean: 0.416664391756
        min: -1.4566450119
        var: 0.385989636183
    barkbands_spread:
        dmean: 6.20566940308
        dmean2: 9.84003257751
        dvar: 28.7213153839
        dvar2: 68.6813659668
        max: 64.5517196655
        mean: 39.9129104614
        min: 15.1730222702
        var: 73.332824707
    dissonance:
        dmean: 0.0141665013507
        dmean2: 0.0232515372336
        dvar: 0.00050069502322
        dvar2: 0.000692807429004
        max: 0.498445659876
        mean: 0.473658382893
        min: 0.035454262048
        var: 0.000647157081403
    hfc:
        dmean: 4.20442867279
        dmean2: 6.39844942093
        dvar: 32.024936676
        dvar2: 72.7382278442
        max: 37.211643219
        mean: 9.34082603455
        min: 0.000407452054787
        var: 44.6107902527
    pitch:
        dmean: 1120.57568359
        dmean2: 2151.79663086
        dvar: 2518543.5
        dvar2: 4992739.5
        max: 4410
        mean: 1697.57946777
        min: 84.4827575684
        var: 3354771
    pitch_instantaneous_confidence:
        dmean: 0.0800480917096
        dmean2: 0.134690210223
        dvar: 0.00579838408157
        dvar2: 0.0151970721781
        max: 0.718899846077
        mean: 0.295330256224
        min: 0.148530304432
        var: 0.00884763989598
    pitch_salience:
        dmean: 0.0603969208896
        dmean2: 0.100418791175
        dvar: 0.00223393389024
        dvar2: 0.00602856697515
        max: 0.902828752995
        mean: 0.675435006618
        min: 0.412603467703
        var: 0.00432449765503
    silence_rate_20dB:
        dmean: 0
        dmean2: 0
        dvar: 0
        dvar2: 0
        max: 1
        mean: 1
        min: 1
        var: 0
    silence_rate_30dB:
        dmean: 0
        dmean2: 0
        dvar: 0
        dvar2: 0
        max: 1
        mean: 1
        min: 1
        var: 0
    silence_rate_60dB:
        dmean: 0.0692840665579
        dmean2: 0.138888895512
        dvar: 0.0644838660955
        dvar2: 0.152006447315
        max: 1
        mean: 0.0737327188253
        min: 0
        var: 0.0682959109545
    spectral_centroid:
        dmean: 391.494903564
        dmean2: 602.719848633
        dvar: 108787.796875
        dvar2: 235214.25
        max: 3130.91748047
        mean: 1570.0333252
        min: 572.328979492
        var: 260605.1875
    spectral_complexity:
        dmean: 5.35498857498
        dmean2: 7.91395330429
        dvar: 29.7231388092
        dvar2: 62.7669334412
        max: 44
        mean: 17.8078708649
        min: 0
        var: 74.9283370972
    spectral_crest:
        dmean: 2.16933107376
        dmean2: 3.6783657074
        dvar: 3.58205246925
        dvar2: 9.55318927765
        max: 19.1786003113
        mean: 6.37482404709
        min: 2.44032669067
        var: 5.96408939362
    spectral_decrease:
        dmean: 4.0033656945e-10
        dmean2: 6.42750574986e-10
        dvar: 1.32624543023e-19
        dvar2: 3.35875136764e-19
        max: -5.58726919982e-14
        mean: -1.25522203742e-09
        min: -3.21227155986e-09
        var: 2.37173645478e-19
    spectral_energy:
        dmean: 0.00183707091492
        dmean2: 0.00289115076885
        dvar: 3.09558640765e-06
        dvar2: 7.51861534809e-06
        max: 0.0145371686667
        mean: 0.00558473495767
        min: 2.47833611411e-07
        var: 5.50486993234e-06
    spectral_energyband_high:
        dmean: 0.000535073981155
        dmean2: 0.000811757112388
        dvar: 6.11535767803e-07
        dvar2: 1.41817565691e-06
        max: 0.00564421294257
        mean: 0.000788360193837
        min: 1.96160954147e-08
        var: 7.4191530075e-07
    spectral_energyband_low:
        dmean: 0.000346074724803
        dmean2: 0.000598302984145
        dvar: 1.54330606961e-07
        dvar2: 4.24932323995e-07
        max: 0.00295903417282
        mean: 0.00046531422413
        min: 4.02395095023e-08
        var: 1.88101950016e-07
    spectral_energyband_middle_high:
        dmean: 0.000684170576278
        dmean2: 0.00108558358625
        dvar: 8.3996678768e-07
        dvar2: 2.09299491871e-06
        max: 0.00673206988722
        mean: 0.00184176187031
        min: 1.25211514046e-07
        var: 1.53479106757e-06
    spectral_energyband_middle_low:
        dmean: 0.00102423713543
        dmean2: 0.00177186122164
        dvar: 9.95586333374e-07
        dvar2: 2.83789700006e-06
        max: 0.00862740725279
        mean: 0.00248929392546
        min: 5.5425811496e-08
        var: 1.33738853947e-06
    spectral_flatness_db:
        dmean: 0.0150816775858
        dmean2: 0.024292005226
        dvar: 0.000135886235512
        dvar2: 0.000364774110494
        max: 0.187398970127
        mean: 0.124170318246
        min: 0.0452109463513
        var: 0.000298609957099
    spectral_flux:
        dmean: 0.00866572000086
        dmean2: 0.0124802682549
        dvar: 7.14705820428e-05
        dvar2: 0.000125075966935
        max: 0.105771109462
        mean: 0.0461885370314
        min: 0.0250040963292
        var: 0.000156598063768
    spectral_kurtosis:
        dmean: 0.641579449177
        dmean2: 1.09167051315
        dvar: 0.413720071316
        dvar2: 1.17060005665
        max: 10.1305208206
        mean: 2.086414814
        min: 0.21959233284
        var: 1.00207388401
    spectral_rms:
        dmean: 0.00037533781142
        dmean2: 0.000581163156312
        dvar: 1.07006506767e-07
        dvar2: 2.4704749535e-07
        max: 0.00376597978175
        mean: 0.00228541623801
        min: 1.55495617946e-05
        var: 2.25399972464e-07
    spectral_rolloff:
        dmean: 584.643798828
        dmean2: 910.854370117
        dvar: 326205.28125
        dvar2: 867696.5
        max: 5060.30273438
        mean: 3484.89086914
        min: 495.263671875
        var: 642503.0625
    spectral_skewness:
        dmean: 0.139851763844
        dmean2: 0.222736880183
        dvar: 0.0156658515334
        dvar2: 0.0376301668584
        max: 2.41688609123
        mean: 1.12015759945
        min: 0.517627596855
        var: 0.0491378121078
    spectral_spread:
        dmean: 602389.6875
        dmean2: 834147.5625
        dvar: 383323406336
        dvar2: 681119842304
        max: 12269504
        mean: 5456686
        min: 3036257.25
        var: 1.08375513498e+12
    spectral_strongpeak:
        dmean: 0.246389165521
        dmean2: 0.436940461397
        dvar: 0.276041150093
        dvar2: 0.787751436234
        max: 4.8310174942
        mean: 0.312405377626
        min: 0
        var: 0.188638523221
    zerocrossingrate:
        dmean: 0.012267075479
        dmean2: 0.0141453938559
        dvar: 9.9165867141e-05
        dvar2: 0.000146583435708
        max: 0.15283203125
        mean: 0.0975816547871
        min: 0.0068359375
        var: 0.000415492802858
    barkbands:
        dmean: [2.28727657259e-07, 8.79360159161e-05, 0.000294373196084, 0.000321913597872, 0.00058440072462, 0.000241324494709, 0.000234725957853, 0.000159175455337, 7.26699145162e-05, 5.87410468142e-05, 5.09898491146e-05, 3.66748754459e-05, 4.76319546578e-05, 5.88072289247e-05, 9.80981276371e-05, 9.18643709156e-05, 0.00010024310177, 0.000112860114314, 0.000259125634329, 0.000330886163283, 0.000279384024907, 6.11018695054e-05, 1.4936671505e-05, 5.28531791133e-06, 2.81092184196e-06, 2.04516922508e-07, 1.06622943807e-09]
        dmean2: [3.75814693143e-07, 0.000156398324179, 0.000514378305525, 0.000567156414036, 0.00102439767215, 0.000397580472054, 0.000389137421735, 0.000259243097389, 0.000122241865029, 9.95825248538e-05, 8.22072252049e-05, 6.38428828097e-05, 7.92678256403e-05, 0.0001008709296, 0.000166137338965, 0.000154287408805, 0.000166927769897, 0.000182479838259, 0.000426069396781, 0.000530806137249, 0.000425652891863, 9.79473043117e-05, 2.28997450904e-05, 7.55758901505e-06, 3.94097924072e-06, 2.91339631531e-07, 1.74125858177e-09]
        dvar: [1.58051889176e-13, 9.31667898385e-09, 1.2857243803e-07, 1.06893381258e-07, 4.64458679517e-07, 5.97192553187e-08, 2.60910383076e-07, 7.48536734818e-08, 7.31620231065e-09, 4.00345134821e-09, 6.44630304691e-09, 2.07299932775e-09, 7.08791292325e-09, 6.52952625302e-09, 1.78318781963e-08, 1.48434944336e-08, 9.72834701685e-09, 1.64957771887e-08, 1.34439360977e-07, 2.67314845814e-07, 1.78078195745e-07, 1.00861319297e-08, 6.98233082463e-10, 7.48809764195e-11, 2.83893967362e-11, 1.26973911528e-13, 9.46888205568e-18]
        dvar2: [3.6394739761e-13, 2.64951918183e-08, 3.49570967728e-07, 3.08139846084e-07, 1.34978017741e-06, 1.76920764261e-07, 6.33738011402e-07, 1.62524457892e-07, 2.06034016514e-08, 1.11658851054e-08, 1.51003547444e-08, 6.05154104605e-09, 1.84970119221e-08, 1.84202111342e-08, 4.79289461452e-08, 3.95045276491e-08, 2.47150335753e-08, 4.03347151234e-08, 3.47010541191e-07, 6.44608235234e-07, 4.17924610474e-07, 2.35087789235e-08, 1.77690751002e-09, 1.63135852049e-10, 5.86360612842e-11, 2.73625685911e-13, 2.31933420108e-17]
        max: [3.56801979251e-06, 0.000661532802042, 0.00260308128782, 0.00186659034807, 0.00596860004589, 0.00209526740946, 0.00643348461017, 0.00358301727101, 0.000778705638368, 0.000503464718349, 0.00113995594438, 0.000485182972625, 0.00100902991835, 0.000648297951557, 0.00105979631189, 0.000918675970752, 0.000893338059541, 0.000932450522669, 0.00310665555298, 0.00473307678476, 0.00302151497453, 0.000833586324006, 0.000288912589895, 9.23001935007e-05, 6.64655381115e-05, 3.27173097503e-06, 4.16817869109e-08]
        mean: [4.94580945087e-07, 0.000117802621389, 0.000347027438693, 0.000442711781943, 0.000881493207999, 0.000434740097262, 0.000330266339006, 0.000253756501479, 0.000134887581225, 0.000105702965811, 9.75787770585e-05, 6.49620924378e-05, 8.71262673172e-05, 9.19317826629e-05, 0.000156886890181, 0.000142087315908, 0.000196044828044, 0.000229128083447, 0.000462971802335, 0.000484657357447, 0.000379296921892, 0.000108254600491, 2.29517900152e-05, 8.18835451355e-06, 3.54943017555e-06, 2.40055896938e-07, 8.50099268757e-10]
        min: [6.09174877209e-10, 2.07696917442e-08, 1.21996297509e-08, 1.02307140537e-08, 1.50817047739e-08, 3.12675707548e-09, 2.15187556662e-09, 8.239110727e-09, 1.47841703324e-08, 1.22277876713e-08, 1.30290489508e-08, 1.00837160844e-08, 1.00908108536e-08, 3.93775989593e-09, 8.61348770087e-09, 7.28453475318e-09, 1.10801643416e-08, 2.74061502381e-08, 1.84490485111e-08, 8.84923245792e-09, 9.03123975604e-09, 4.42540581957e-09, 8.04983246727e-10, 9.42633748835e-10, 2.13987633169e-10, 9.22916326695e-11, 5.39147611105e-13]
        var: [4.1825765941e-13, 1.19986305336e-08, 1.49955766915e-07, 1.51578660734e-07, 5.14597047641e-07, 9.94432483026e-08, 3.88211617519e-07, 1.39414567002e-07, 1.2169020458e-08, 6.06635586209e-09, 2.11745465606e-08, 3.61130614301e-09, 1.66911586774e-08, 8.75141381584e-09, 2.91034432109e-08, 1.85144966025e-08, 2.59684576065e-08, 2.79718701535e-08, 1.62685125815e-07, 2.84599082079e-07, 2.07817848263e-07, 1.28813084643e-08, 7.72620967204e-10, 1.08316793035e-10, 3.69201266781e-11, 1.65153399853e-13, 5.90548765207e-18]
    mfcc:
        mean: [-671.837585449, 97.335144043, -29.2428302765, 59.2140083313, -18.090877533, 1.39333581924, -6.13735342026, -7.59934282303, -4.35680580139, -3.39437747002, -7.23578739166, -7.49456071854, -6.55206823349]
        cov: [[1250.44055176, -298.286376953, -27.5456962585, 31.0003662109, 14.5087327957, 36.8881149292, 20.9205112457, -61.5988235474, -12.216381073, -11.4949836731, -27.577173233, -13.2973337173, -5.34994888306], [-298.286376953, 349.075469971, -105.545722961, -19.9390239716, -18.6242980957, -8.83662986755, -27.336730957, 24.3082332611, -0.328582257032, 10.0821638107, 15.336359024, 13.2146062851, 8.9613494873], [-27.5456962585, -105.545722961, 269.774963379, 56.9049453735, 4.43507575989, -27.7598285675, 1.81701266766, -13.0879392624, 19.4536266327, 3.01806688309, 9.60709476471, 6.09305667877, 7.84910011292], [31.0003662109, -19.9390239716, 56.9049453735, 102.708946228, 5.6586561203, 12.0543441772, -3.87563920021, -8.85081005096, 5.57298278809, 8.66236114502, 3.59081983566, 0.80700969696, 3.76099514961], [14.5087327957, -18.6242980957, 4.43507575989, 5.6586561203, 78.1089096069, 13.9263563156, 17.4901161194, -0.729285061359, 1.75736403465, -1.89200007915, -11.2262144089, -9.34955120087, -3.85335898399], [36.8881149292, -8.83662986755, -27.7598285675, 12.0543441772, 13.9263563156, 61.2523651123, 25.1151695251, 9.05888271332, -4.95616531372, -6.36231088638, -8.36016273499, -7.66799497604, -3.20690274239], [20.9205112457, -27.336730957, 1.81701266766, -3.87563920021, 17.4901161194, 25.1151695251, 53.5632019043, 12.2577829361, 1.60730266571, -7.25737524033, -11.7787675858, 1.18265807629, 2.85350847244], [-61.5988235474, 24.3082332611, -13.0879392624, -8.85081005096, -0.729285061359, 9.05888271332, 12.2577829361, 46.6762123108, 6.67552185059, -3.79792094231, 1.97900152206, 1.60101926327, -0.629711151123], [-12.216381073, -0.328582257032, 19.4536266327, 5.57298278809, 1.75736403465, -4.95616531372, 1.60730266571, 6.67552185059, 45.5441055298, 22.2280483246, 3.94841957092, 7.98906421661, -0.935514032841], [-11.4949836731, 10.0821638107, 3.01806688309, 8.66236114502, -1.89200007915, -6.36231088638, -7.25737524033, -3.79792094231, 22.2280483246, 40.3782234192, 16.8644638062, 6.30243587494, 0.101769730449], [-27.577173233, 15.336359024, 9.60709476471, 3.59081983566, -11.2262144089, -8.36016273499, -11.7787675858, 1.97900152206, 3.94841957092, 16.8644638062, 45.6976966858, 20.9956111908, 4.83860254288], [-13.2973337173, 13.2146062851, 6.09305667877, 0.80700969696, -9.34955120087, -7.66799497604, 1.18265807629, 1.60101926327, 7.98906421661, 6.30243587494, 20.9956111908, 49.0882720947, 22.2570056915], [-5.34994888306, 8.9613494873, 7.84910011292, 3.76099514961, -3.85335898399, -3.20690274239, 2.85350847244, -0.629711151123, -0.935514032841, 0.101769730449, 4.83860254288, 22.2570056915, 40.9029312134]]
        icov: [[0.00114554271568, 0.00105903623626, 0.00064378726529, -0.000363317376468, 0.000121234428661, -0.000369643763406, -1.75545283128e-05, 0.00120377214625, -0.000255162565736, 0.00025378819555, 0.000126132334117, -0.000106704006612, -0.000133451932925], [0.00105903623626, 0.00467286119238, 0.00205630599521, -0.000521381385624, 0.000211853461224, 0.000197786124772, 0.00193393649533, -0.00110867794137, -9.85365113593e-05, -0.000411816145061, -0.000162960277521, -0.00055105559295, -0.00103052600753], [0.00064378726529, 0.00205630599521, 0.00604267325252, -0.00347141572274, -0.00011497046944, 0.00363754713908, -0.00159990938846, 0.00124986004084, -0.00312653766014, 0.00287327147089, -0.0023242502939, 0.00116874859668, -0.0012411341304], [-0.000363317376468, -0.000521381385624, -0.00347141572274, 0.0128385294229, -0.000587525311857, -0.00562038691714, 0.00326377758756, 0.00111835508142, 0.000476523768157, -0.00318743055686, 0.00069877813803, -0.000342726707458, -0.00103145232424], [0.000121234428661, 0.000211853461224, -0.00011497046944, -0.000587525311857, 0.0145671796054, -0.00144728319719, -0.00414970051497, 0.00144958402961, -0.000841322296765, -0.000546763825696, 0.00158361357171, 0.00197923812084, 0.000334002572345], [-0.000369643763406, 0.000197786124772, 0.00363754713908, -0.00562038691714, -0.00144728319719, 0.0252229962498, -0.0112781273201, -0.00267029134557, 0.00128200661857, 0.001822456019, -0.00158256024588, 0.00345111940987, 0.000648069602903], [-1.75545283128e-05, 0.00193393649533, -0.00159990938846, 0.00326377758756, -0.00414970051497, -0.0112781273201, 0.0299171786755, -0.00668136542663, -0.00042282717186, -0.000187099300092, 0.00723084202036, -0.00568465376273, -0.00165554194245], [0.00120377214625, -0.00110867794137, 0.00124986004084, 0.00111835508142, 0.00144958402961, -0.00267029134557, -0.00668136542663, 0.0284846015275, -0.00849150773138, 0.00808942038566, -0.00563365546986, 0.00223900424317, 0.000123269477626], [-0.000255162565736, -9.85365113593e-05, -0.00312653766014, 0.000476523768157, -0.000841322296765, 0.00128200661857, -0.00042282717186, -0.00849150773138, 0.0369704775512, -0.0237406808883, 0.00985847879201, -0.00877836346626, 0.00497950194404], [0.00025378819555, -0.000411816145061, 0.00287327147089, -0.00318743055686, -0.000546763825696, 0.001822456019, -0.000187099300092, 0.00808942038566, -0.0237406808883, 0.0459488928318, -0.0178313199431, 0.00622158544138, -0.00183928594925], [0.000126132334117, -0.000162960277521, -0.0023242502939, 0.00069877813803, 0.00158361357171, -0.00158256024588, 0.00723084202036, -0.00563365546986, 0.00985847879201, -0.0178313199431, 0.0378376618028, -0.0174074359238, 0.00513386214152], [-0.000106704006612, -0.00055105559295, 0.00116874859668, -0.000342726707458, 0.00197923812084, 0.00345111940987, -0.00568465376273, 0.00223900424317, -0.00877836346626, 0.00622158544138, -0.0174074359238, 0.0374460443854, -0.0177309215069], [-0.000133451932925, -0.00103052600753, -0.0012411341304, -0.00103145232424, 0.000334002572345, 0.000648069602903, -0.00165554194245, 0.000123269477626, 0.00497950194404, -0.00183928594925, 0.00513386214152, -0.0177309215069, 0.0343484207988]]
    spectral_contrast:
        mean: [-4.24370483643e-07, 4.0607173446e-07, -3.77681494967e-08, 5.42236691103e-08, -1.34800316687e-07, -1.56186246159e-07, -1.54889289661e-06, 1.95184520635e-06, -3.03818126213e-07, -7.41194810416e-07, -4.4192979658e-06, -1.65568451393e-07]
        var: [0.000325664674165, 0.00056863197824, 0.000638073252048, 0.00138026871718, 0.00264561874792, 0.00288598635234, 0.0340551771224, 0.0590345859528, 0.150738149881, 0.181901738048, 0.246933937073, 0.613779008389]

rhythm:
    beats_loudness:
        dmean: 0.00328229321167
        dmean2: 0.00643617240712
        dvar: 4.47961201644e-06
        dvar2: 1.22472092698e-05
        max: 0.0114965019748
        mean: 0.00795269943774
        min: 0.0038395288866
        var: 5.16965383213e-06
    beats_loudness_bass:
        dmean: 0.100931465626
        dmean2: 0.192954406142
        dvar: 0.00533367600292
        dvar2: 0.0118021629751
        max: 0.328475594521
        mean: 0.118960686028
        min: 0.0187468845397
        var: 0.00791612174362
    bpm: 104.505119324
    bpm_confidence: 0
    first_peak_bpm: 105
    first_peak_spread: 0
    first_peak_weight: 0.9375
    onset_rate: 4.67329549789
    second_peak_bpm: 66
    second_peak_spread: 0
    second_peak_weight: 0.0625
    beats_position: [0.082096926868, 0.655192136765, 1.22828745842, 1.80138266087, 2.37447786331, 2.94757318497, 3.5206682682, 4.09376335144, 4.6668586731, 5.23995399475, 6.15378808975, 6.72909975052, 7.30441331863, 7.8797249794, 8.45503807068, 9.03034973145, 9.60566329956]
    bpm_estimates: [104.542015076, 104.603889465, 104.585296631, 105.082771301, 105.089645386, 104.662620544, 104.412704468, 104.406265259, 104.871864319, 104.196022034, 104.186470032, 104.228118896, 104.502037048, 104.337776184, 104.254394531, 104.309944153, 104.315116882]
    bpm_intervals: [0.573095202446, 0.573095321655, 0.573095202446, 0.573095202446, 0.573095321655, 0.573095083237, 0.573095083237, 0.573095321655, 0.573095321655, 0.913834095001, 0.575311660767, 0.575313568115, 0.575311660767, 0.575313091278, 0.575311660767, 0.575313568115]
    onset_times: [0.0464399084449, 0.359909296036, 0.476009070873, 0.638548731804, 0.9287981987, 1.06811785698, 1.20743763447, 1.35836732388, 1.49768710136, 1.62539684772, 1.77632653713, 2.10140585899, 2.20589566231, 2.35682535172, 2.64707493782, 2.93732428551, 3.22757363319, 3.50621318817, 3.81968259811, 3.97061228752, 4.1099319458, 4.38857126236, 4.52789115906, 4.67882108688, 4.95746040344, 5.23609972, 5.53795909882, 5.70049905777, 5.8282084465, 6.1068482399, 6.40870761871, 6.58285713196, 6.71056699753, 6.94276666641, 6.97759628296, 7.25623559952, 7.44199562073, 7.55809545517, 7.85995483398, 8.13859367371, 8.40562343597, 8.73070335388, 9.02095222473, 9.31120204926, 9.6014509201, 9.75238132477, 9.89170074463]
    rubato_start: []
    rubato_stop: []
    perceptual_tempo: "unknown"

sfx:
    inharmonicity:
        dmean: 0.0500051639974
        dmean2: 0.0887209624052
        dvar: 0.00286729051732
        dvar2: 0.00765712978318
        max: 0.301199376583
        mean: 0.0556602552533
        min: 0
        var: 0.00302422954701
    oddtoevenharmonicenergyratio:
        dmean: 1.25573849678
        dmean2: 2.28010773659
        dvar: 6.40362167358
        dvar2: 17.42237854
        max: 24.9867210388
        mean: 0.955609202385
        min: 0
        var: 4.46651315689
    pitch_after_max_to_before_max_energy_ratio: 13.7158498764
    pitch_centroid: 184.686584473
    pitch_max_to_total: 0.0601851865649
    pitch_min_to_total: 0.645833313465
    tristimulus:
        dmean: [0.20542371273, 0.240159764886, 0.168851181865]
        dmean2: [0.349865406752, 0.428131073713, 0.299512386322]
        dvar: [0.0247718095779, 0.0389309301972, 0.0223912652582]
        dvar2: [0.0639336183667, 0.106123700738, 0.0641398876905]
        max: [1, 0.958323001862, 0.680978238583]
        mean: [0.367911070585, 0.418084740639, 0.171630725265]
        min: [0.00486639887094, 0, 0]
        var: [0.0425992533565, 0.0476368404925, 0.0255212411284]

tonal:
    chords_changes_rate: 0.0460829511285
    chords_number_rate: 0.0138248847798
    chords_strength:
        dmean: 0.00817517284304
        dmean2: 0.00957223027945
        dvar: 4.2099149141e-05
        dvar2: 5.2934516134e-05
        max: 0.649844110012
        mean: 0.550135195255
        min: 0.461607068777
        var: 0.00135721615516
    key_strength: 0.771415770054
    tuning_diatonic_strength: 0.591524660587
    tuning_equal_tempered_deviation: 0.0936292856932
    tuning_frequency: 440.763122559
    tuning_nontempered_energy_ratio: 0.767566919327
    hpcp:
        dmean: [0.151286378503, 0.181398689747, 0.228315100074, 0.29133450985, 0.276730746031, 0.199309438467, 0.129699334502, 0.126231938601, 0.156636357307, 0.18638817966, 0.156510099769, 0.148975968361, 0.175550445914, 0.169513002038, 0.193278864026, 0.192575752735, 0.160810649395, 0.110819250345, 0.106186330318, 0.0848368778825, 0.0834321826696, 0.0839319229126, 0.125688433647, 0.214559733868, 0.231705397367, 0.207364186645, 0.156418681145, 0.149555757642, 0.174932867289, 0.193741232157, 0.191059708595, 0.163277313113, 0.17453879118, 0.174155026674, 0.146444842219, 0.147751510143]
        dmean2: [0.268126904964, 0.330080926418, 0.390192359686, 0.509498655796, 0.479554772377, 0.35281136632, 0.225455090404, 0.21657563746, 0.256197959185, 0.320507824421, 0.261192947626, 0.258700698614, 0.308404922485, 0.281419575214, 0.317324966192, 0.318465262651, 0.283301174641, 0.19173142314, 0.170758903027, 0.145638734102, 0.143307223916, 0.148569151759, 0.218924626708, 0.358816802502, 0.406049251556, 0.356505900621, 0.269266784191, 0.267307251692, 0.323037087917, 0.346072494984, 0.336342483759, 0.28467848897, 0.310239613056, 0.304102689028, 0.257930368185, 0.2618227005]
        dvar: [0.0271956175566, 0.0461794883013, 0.0428143441677, 0.0568146966398, 0.0566053949296, 0.0431031137705, 0.0208867415786, 0.0196811128408, 0.0236802101135, 0.0388093441725, 0.0235523506999, 0.0265357028693, 0.042095310986, 0.032697353512, 0.0306863747537, 0.0355599932373, 0.0290249325335, 0.0144814485684, 0.017064422369, 0.0144958235323, 0.0116767240688, 0.0155836306512, 0.0239819735289, 0.0388419479132, 0.049641314894, 0.0449810177088, 0.0387930721045, 0.0403661802411, 0.0527072027326, 0.0593220554292, 0.0444670915604, 0.0330862142146, 0.0285240914673, 0.03234872967, 0.0282270815223, 0.0258163679391]
        dvar2: [0.0741046145558, 0.126609578729, 0.112605333328, 0.157395064831, 0.157781288028, 0.122360490263, 0.0574877820909, 0.0542793236673, 0.0591542087495, 0.0943709984422, 0.0564031526446, 0.0744811743498, 0.100505776703, 0.0909386798739, 0.0784092396498, 0.0845539420843, 0.0852135270834, 0.038340434432, 0.0430637747049, 0.037081874907, 0.0307691507041, 0.0417889803648, 0.0719910785556, 0.107198759913, 0.113322421908, 0.125819087029, 0.115499794483, 0.113095760345, 0.14297530055, 0.16367867589, 0.119707405567, 0.090625539422, 0.0764632970095, 0.0911783352494, 0.0766307115555, 0.0695800706744]
        max: [1, 1, 1, 1, 1, 1, 0.902376234531, 1, 1, 1, 1, 1, 1, 1, 1, 1, 1, 0.769447207451, 1, 1, 0.742002725601, 1, 1, 1, 1, 1, 1, 1, 1, 1, 1, 1, 1, 1, 1, 0.999066531658]
        mean: [0.205950185657, 0.222045689821, 0.347361683846, 0.490634024143, 0.433811843395, 0.246112436056, 0.165668815374, 0.169960990548, 0.256591796875, 0.312881439924, 0.231558576226, 0.168257907033, 0.187621355057, 0.215378463268, 0.349489182234, 0.415071696043, 0.26465690136, 0.178827360272, 0.167107984424, 0.12501385808, 0.113873295486, 0.112171970308, 0.135821819305, 0.338449388742, 0.481372356415, 0.339030474424, 0.186429530382, 0.151520237327, 0.160093262792, 0.210048213601, 0.23986749351, 0.225747540593, 0.249136149883, 0.246836930513, 0.209534540772, 0.217957735062]
        min: [0.0157802645117, 0.018141714856, 0.040876865387, 0.0470936819911, 0.032545927912, 0.0158978756517, 0.0180614609271, 0.0227578766644, 0.0333971120417, 0.0306252427399, 0.0190762709826, 0.0118178045377, 0.0113911712542, 0.0179861914366, 0.0227272268385, 0.0230032932013, 0.0294659417123, 0.0221950542182, 0.0127614475787, 0.00837620254606, 0.00692211184651, 0.0039655440487, 0.00918191950768, 0.0270426664501, 0.0466550178826, 0.0269898883998, 0.00975761283189, 0.00619611144066, 0.00917565077543, 0.00848902016878, 0.0175774041563, 0.00998818408698, 0.0200534481555, 0.019769558683, 0.0198787264526, 0.0226226001978]
        var: [0.0269763208926, 0.0446629412472, 0.0598173961043, 0.0969624966383, 0.0912626609206, 0.0447469390929, 0.0210668761283, 0.0210935249925, 0.0425722263753, 0.0651888027787, 0.040287848562, 0.0267739444971, 0.042539909482, 0.0416516959667, 0.0685038641095, 0.102318301797, 0.0471916496754, 0.0206308253109, 0.0286084935069, 0.02257428132, 0.0186780821532, 0.0213234629482, 0.0221916250885, 0.0651744902134, 0.109817191958, 0.0755218788981, 0.0414357744157, 0.0403936877847, 0.045646302402, 0.0570177696645, 0.0523724257946, 0.0403304062784, 0.0395162291825, 0.039503082633, 0.0321436934173, 0.0294384434819]
    chords_histogram: [85.2534561157, 0, 0, 0, 0, 0, 0, 0, 0, 0, 0, 0, 0, 0, 0, 0, 0, 7.8341012001, 0, 0, 0, 0, 0, 6.91244220734]
    thpcp: [1, 0.884186208248, 0.501621186733, 0.337662726641, 0.346410930157, 0.522980034351, 0.637708425522, 0.471957832575, 0.342939734459, 0.382405906916, 0.43897986412, 0.712321519852, 0.845990419388, 0.539418160915, 0.364482194185, 0.340595990419, 0.254800617695, 0.232094168663, 0.228626564145, 0.276829183102, 0.689820468426, 0.98112308979, 0.691004812717, 0.379976779222, 0.30882537365, 0.326298743486, 0.428115874529, 0.488892912865, 0.460113912821, 0.507784068584, 0.503097891808, 0.427068918943, 0.444236904383, 0.419763356447, 0.452568888664, 0.707985341549]
    chords_key: "A#"
    chords_scale: "major"
    key_key: "A#"
    key_scale: "major"
    chords_progression: ["A#", "A#", "A#", "A#", "A#", "A#", "A#", "A#", "A#", "A#", "A#", "A#", "A#", "A#", "A#", "A#", "A#", "A#", "A#", "A#", "A#", "A#", "A#", "A#", "A#", "A#", "A#", "A#", "A#", "A#", "A#", "A#", "A#", "A#", "A#", "A#", "A#", "A#", "A#", "A#", "A#", "A#", "A#", "A#", "A#", "A#", "A#", "A#", "A#", "A#", "A#m", "A#m", "A#m", "A#m", "A#m", "A#m", "A#m", "A#m", "A#m", "A#m", "A#m", "A#m", "A#m", "A#m", "A#m", "A#m", "A#m", "A#", "A#", "A#", "A#", "A#", "A#", "A#", "A#", "A#", "A#", "A#", "A#", "A#", "A#", "A#", "A#", "A#", "A#", "A#", "A#", "A#", "A#", "A#", "A#", "A#", "A#", "Gm", "Gm", "Gm", "Gm", "Gm", "Gm", "Gm", "Gm", "A#", "Gm", "A#", "Gm", "A#", "A#", "A#", "A#", "A#", "A#", "A#", "A#", "A#", "A#", "A#", "A#", "A#", "A#", "A#", "A#", "Gm", "Gm", "Gm", "Gm", "Gm", "A#", "A#", "A#", "A#", "A#", "A#", "A#", "A#", "A#", "A#", "A#", "A#", "A#", "A#", "A#", "A#", "A#", "A#", "A#", "A#", "A#", "A#", "A#", "A#", "A#", "A#", "A#", "A#", "A#", "A#", "A#", "A#", "A#", "A#", "A#", "A#", "A#", "A#", "A#", "A#", "A#", "A#", "A#", "A#", "A#", "A#", "A#", "A#", "A#", "A#", "A#", "A#", "A#", "A#", "A#", "A#", "A#", "A#", "A#", "A#", "A#", "A#", "A#", "A#", "A#", "A#", "A#", "A#", "A#", "A#", "A#", "A#", "A#", "A#", "A#", "A#", "A#", "A#", "A#", "A#", "A#", "A#", "A#", "A#", "A#", "A#", "A#", "A#", "A#", "A#", "A#"]
