
metadata:
    version:
        essentia: "1.2.2"
    audio_properties:
        analysis_sample_rate: 44100
        bitrate: 128
        channels: 2
        equal_loudness: 1
        length: 10.0310201645
        replay_gain: -9.24452018738
        downmix: "mix"
    tags:
        track: 17
        year: 0
        album: "Splitted by Mp3Splt v. 2.1"
        artist: "From 002.40 To 002.50"
        comment: "http://mp3splt.sf.net"
        genre: ""
        title: "06 Cover My Face.mp3"

highlevel:
    ballroom:
        all:
            ChaChaCha: 0.0563756525517
            Jive: 0.208595871925
            Quickstep: 0.0901765376329
            Rumba-American: 0.0120225083083
            Rumba-International: 0.111265033484
            Rumba-Misc: 0.0381245985627
            Samba: 0.131748780608
            Tango: 0.0212701037526
            VienneseWaltz: 0.283340603113
            Waltz: 0.0470803193748
        probability: 0.283340603113
        value: "VienneseWaltz"
    culture:
        all:
            non_western: 0.0620051063597
            western: 0.937994897366
        probability: 0.937994897366
        value: "western"
    gender:
        all:
            female: 0.456434935331
            male: 0.543565034866
        probability: 0.543565034866
        value: "male"
    genre_dortmund:
        all:
            alternative: 0.131558731198
            blues: 0.0962225347757
            electronic: 0.0312682874501
            folkcountry: 0.181330889463
            funksoulrnb: 0.00378179689869
            jazz: 0.0350336916745
            pop: 0.103299312294
            raphiphop: 0.00126908766106
            rock: 0.416235685349
        probability: 0.416235685349
        value: "rock"
    genre_electronica:
        all:
            ambient: 0.383574008942
            dnb: 0.0791673585773
            house: 0.0150390630588
            techno: 0.0180802308023
            trance: 0.504139363766
        probability: 0.504139363766
        value: "trance"
    genre_rosamerica:
        all:
            cla: 0.018820501864
            dan: 0.0409963689744
            hip: 0.00886054802686
            jaz: 0.020550262183
            pop: 0.309614866972
            rhy: 0.064268425107
            roc: 0.534490168095
            spe: 0.00239883107133
        probability: 0.534490168095
        value: "roc"
    genre_tzanetakis:
        all:
            blu: 0.00828603841364
            cla: 0.0477133318782
            cou: 0.219340667129
            dis: 0.0271828472614
            hip: 0.00376072479412
            jaz: 0.0699914395809
            met: 0.0227204114199
            pop: 0.0319682396948
            reg: 0.0192606896162
            roc: 0.549775600433
        probability: 0.549775600433
        value: "roc"
    live_studio:
        all:
            live: 0.00675084069371
            studio: 0.993249177933
        probability: 0.993249177933
        value: "studio"
    mood:
        all:
            Cluster1: 0.279130250216
            Cluster2: 0.201393038034
            Cluster3: 0.282105624676
            Cluster4: 0.120887212455
            Cluster5: 0.116483874619
        probability: 0.282105624676
        value: "Cluster3"
    mood_acoustic:
        all:
            acoustic: 0.0460391491652
            not_acoustic: 0.953960835934
        probability: 0.953960835934
        value: "not_acoustic"
    mood_aggressive:
        all:
            aggressive: 0.253589451313
            not_aggressive: 0.746410548687
        probability: 0.746410548687
        value: "not_aggressive"
    mood_electronic:
        all:
            electronic: 0.253040343523
            not_electronic: 0.746959626675
        probability: 0.746959626675
        value: "not_electronic"
    mood_happy:
        all:
            happy: 0.792625188828
            not_happy: 0.207374811172
        probability: 0.792625188828
        value: "happy"
    mood_party:
        all:
            not_party: 0.891438364983
            party: 0.108561605215
        probability: 0.891438364983
        value: "not_party"
    mood_relaxed:
        all:
            not_relaxed: 0.259623497725
            relaxed: 0.740376472473
        probability: 0.740376472473
        value: "relaxed"
    mood_sad:
        all:
            not_sad: 0.222765669227
            sad: 0.777234315872
        probability: 0.777234315872
        value: "sad"
    rhythm:
        all:
            fast: 0.557035446167
            medium: 0.155197560787
            slow: 0.287766993046
        probability: 0.557035446167
        value: "fast"
    speech_music:
        all:
            music: 0.949387550354
            speech: 0.0506124347448
        probability: 0.949387550354
        value: "music"
    timbre:
        all:
            bright: 0.361490577459
            dark: 0.638509392738
        probability: 0.638509392738
        value: "dark"
    voice_instrumental:
        all:
            instrumental: 0.991647362709
            voice: 0.00835261959583
        probability: 0.991647362709
        value: "instrumental"

lowlevel:
    average_loudness: 0.96319848299
    barkbands_kurtosis:
        dmean: 0.499108761549
        dmean2: 0.806294202805
        dvar: 0.335704684258
        dvar2: 0.8143876791
        max: 5.59319114685
        mean: -0.633607208729
        min: -1.83906543255
        var: 1.30632770061
    barkbands_skewness:
        dmean: 0.262816667557
        dmean2: 0.412645101547
        dvar: 0.0531612597406
        dvar2: 0.125652626157
        max: 2.51201558113
        mean: 0.282778978348
        min: -1.89912068844
        var: 0.491343289614
    barkbands_spread:
        dmean: 4.07514715195
        dmean2: 6.37104654312
        dvar: 11.6151657104
        dvar2: 28.8132972717
        max: 56.1720924377
        mean: 31.1144752502
        min: 8.82564926147
        var: 101.350494385
    dissonance:
        dmean: 0.0200676731765
        dmean2: 0.034445438534
        dvar: 0.000448093662271
        dvar2: 0.00129336642567
        max: 0.499696224928
        mean: 0.460078686476
        min: 0.347180396318
        var: 0.000786483928096
    hfc:
        dmean: 1.652764678
        dmean2: 2.52349710464
        dvar: 3.62194776535
        dvar2: 8.12874412537
        max: 36.8350524902
        mean: 8.65061569214
        min: 0.0547522418201
        var: 22.4236354828
    pitch:
        dmean: 301.280029297
        dmean2: 586.690246582
        dvar: 619002.4375
        dvar2: 1705834.125
        max: 4410
        mean: 952.72857666
        min: 82.4299087524
        var: 1726160.125
    pitch_instantaneous_confidence:
        dmean: 0.0740233585238
        dmean2: 0.114809080958
        dvar: 0.00469028111547
        dvar2: 0.0094700017944
        max: 0.821677088737
        mean: 0.545107722282
        min: 0.161434352398
        var: 0.0324016176164
    pitch_salience:
        dmean: 0.0480642691255
        dmean2: 0.0789372324944
        dvar: 0.00177966570482
        dvar2: 0.00431234855205
        max: 0.779289364815
        mean: 0.540778696537
        min: 0.31652918458
        var: 0.00992163270712
    silence_rate_20dB:
        dmean: 0
        dmean2: 0
        dvar: 0
        dvar2: 0
        max: 1
        mean: 1
        min: 1
        var: 0
    silence_rate_30dB:
        dmean: 0
        dmean2: 0
        dvar: 0
        dvar2: 0
        max: 1
        mean: 1
        min: 1
        var: 0
    silence_rate_60dB:
        dmean: 0.0462962947786
        dmean2: 0.090487241745
        dvar: 0.0441528856754
        dvar2: 0.0915801748633
        max: 1
        mean: 0.11547344178
        min: 0
        var: 0.102139346302
    spectral_centroid:
        dmean: 180.642974854
        dmean2: 284.552185059
        dvar: 30061.3066406
        dvar2: 67303.0859375
        max: 3457.12109375
        mean: 1423.49780273
        min: 601.899780273
        var: 317578.46875
    spectral_complexity:
        dmean: 2.7540602684
        dmean2: 4.32325601578
        dvar: 6.92327451706
        dvar2: 15.5257282257
        max: 34
        mean: 13.3472223282
        min: 0
        var: 31.5784893036
    spectral_crest:
        dmean: 1.67319583893
        dmean2: 2.60004425049
        dvar: 2.30526447296
        dvar2: 5.1782169342
        max: 20.965845108
        mean: 8.97784519196
        min: 2.86054992676
        var: 17.1150226593
    spectral_decrease:
        dmean: 2.41989678296e-10
        dmean2: 3.88637344528e-10
        dvar: 6.49987797846e-20
        dvar2: 1.34083301883e-19
        max: -5.35155470285e-12
        mean: -1.40899114598e-09
        min: -3.13884918057e-09
        var: 2.92505126669e-19
    spectral_energy:
        dmean: 0.0010257079266
        dmean2: 0.00163285515737
        dvar: 1.12984423595e-06
        dvar2: 2.31447143051e-06
        max: 0.0126356026158
        mean: 0.00610249303281
        min: 2.51641977229e-05
        var: 5.10986183144e-06
    spectral_energyband_high:
        dmean: 0.000168804210261
        dmean2: 0.000265650887741
        dvar: 9.61394590604e-08
        dvar2: 2.32111901255e-07
        max: 0.00532057601959
        mean: 0.00047411993728
        min: 3.29343265548e-06
        var: 4.60502775468e-07
    spectral_energyband_low:
        dmean: 0.00024933257373
        dmean2: 0.00043352652574
        dvar: 7.95810493059e-08
        dvar2: 2.13950158923e-07
        max: 0.00245479657315
        mean: 0.000445741490694
        min: 4.93817992719e-07
        var: 1.11494721011e-07
    spectral_energyband_middle_high:
        dmean: 0.000500678783283
        dmean2: 0.000776197470259
        dvar: 2.14849833924e-07
        dvar2: 4.74712720688e-07
        max: 0.00649741617963
        mean: 0.00249814242125
        min: 1.49390070874e-05
        var: 1.46664899603e-06
    spectral_energyband_middle_low:
        dmean: 0.000635809323285
        dmean2: 0.000989511376247
        dvar: 5.38208837497e-07
        dvar2: 1.03916295302e-06
        max: 0.00979414675385
        mean: 0.0026844444219
        min: 6.43353450869e-06
        var: 3.88941361962e-06
    spectral_flatness_db:
        dmean: 0.0130106257275
        dmean2: 0.0197685472667
        dvar: 0.00012365708244
        dvar2: 0.00025447018561
        max: 0.248689055443
        mean: 0.167430907488
        min: 0.0885665267706
        var: 0.000914409873076
    spectral_flux:
        dmean: 0.00679799169302
        dmean2: 0.0108547015116
        dvar: 4.52001258964e-05
        dvar2: 0.000104259604996
        max: 0.0678291767836
        mean: 0.0359156057239
        min: 0.0050163930282
        var: 0.000109697117296
    spectral_kurtosis:
        dmean: 1.63964366913
        dmean2: 2.85105443001
        dvar: 2.22224712372
        dvar2: 6.59914731979
        max: 12.9114217758
        mean: 5.02599143982
        min: 0.771381139755
        var: 5.9546957016
    spectral_rms:
        dmean: 0.000208082332392
        dmean2: 0.000328043388436
        dvar: 4.78347672583e-08
        dvar2: 8.85894380076e-08
        max: 0.00351104233414
        mean: 0.00239284336567
        min: 0.000156685782713
        var: 2.27947822395e-07
    spectral_rolloff:
        dmean: 370.810455322
        dmean2: 606.584899902
        dvar: 196909.75
        dvar2: 493103.1875
        max: 4672.70507812
        mean: 2820.29980469
        min: 452.197265625
        var: 1051295.625
    spectral_skewness:
        dmean: 0.193046137691
        dmean2: 0.325956255198
        dvar: 0.028601931408
        dvar2: 0.0794445574284
        max: 2.60111618042
        mean: 1.46892488003
        min: 0.658098161221
        var: 0.135376185179
    spectral_spread:
        dmean: 345652.34375
        dmean2: 495928
        dvar: 709119311872
        dvar2: 1.15598347469e+12
        max: 15911911
        mean: 3710677
        min: 2191116.25
        var: 1.5475254231e+12
    spectral_strongpeak:
        dmean: 0.466680496931
        dmean2: 0.813096642494
        dvar: 0.753555059433
        dvar2: 2.0268201828
        max: 5.68372392654
        mean: 1.11973655224
        min: 0.00320837530307
        var: 1.11824262142
    zerocrossingrate:
        dmean: 0.00616525905207
        dmean2: 0.00691315392032
        dvar: 2.94957862934e-05
        dvar2: 4.11029359384e-05
        max: 0.171875
        mean: 0.0832903832197
        min: 0.033203125
        var: 0.000784044677857
    barkbands:
        dmean: [6.57530506487e-07, 6.03000007686e-05, 0.000212316430407, 0.000359290163033, 0.000148934894241, 9.13032417884e-05, 0.000243735688855, 0.000177444526344, 5.26402109244e-05, 3.8224439777e-05, 7.65229488024e-05, 0.000153582237544, 2.50996217801e-05, 6.63232349325e-05, 7.55581932026e-05, 6.0785554524e-05, 7.19004819985e-05, 0.000163778124261, 0.000149957413669, 0.000178428992513, 5.23281123606e-05, 9.70547989709e-06, 1.81838220215e-06, 9.72351472228e-07, 5.23523169704e-07, 1.7818809539e-08, 2.56075671778e-09]
        dmean2: [9.29849306885e-07, 0.000104599217593, 0.00037012816756, 0.000607652647886, 0.000239329732722, 0.000137865354191, 0.00034306710586, 0.000268493080512, 7.96427266323e-05, 6.38602796244e-05, 0.000113728099677, 0.000223350725719, 4.19181305915e-05, 9.95379814412e-05, 0.000120575343317, 0.000102702899312, 0.00011766624084, 0.000274138728855, 0.000242180656642, 0.00028214926715, 7.7103068179e-05, 1.44336763697e-05, 2.65153880719e-06, 1.50581138314e-06, 8.50802848618e-07, 2.53051499755e-08, 2.75470846134e-09]
        dvar: [2.35773661879e-12, 1.28270496447e-08, 5.28417629653e-08, 1.53982412598e-07, 2.57098236034e-08, 8.6029254831e-09, 1.33967205329e-07, 1.70183923842e-07, 8.04027422419e-09, 2.07166284127e-09, 2.0492558761e-08, 1.11638030376e-07, 6.20305584675e-10, 2.469337268e-08, 9.72528368948e-09, 3.68491637204e-09, 6.9413017556e-09, 3.35204894952e-08, 3.71869539606e-08, 1.10748537452e-07, 1.2290837681e-08, 4.27435448147e-10, 1.49874123528e-11, 5.92617751746e-12, 2.58492316094e-12, 4.33740542465e-15, 2.32347574882e-15]
        dvar2: [3.50379252521e-12, 3.403789961e-08, 1.45835301169e-07, 4.01155148211e-07, 6.11444903598e-08, 2.00495158253e-08, 2.12474830619e-07, 3.22514097206e-07, 1.39070657212e-08, 5.23428900223e-09, 3.92088992385e-08, 2.47828978672e-07, 1.51683032801e-09, 4.53017108271e-08, 2.34594725868e-08, 9.25499765714e-09, 1.9135717011e-08, 8.87914310965e-08, 9.26322840655e-08, 2.64360323854e-07, 2.36152111199e-08, 1.00281971616e-09, 3.37183510279e-11, 1.49880507311e-11, 7.13679419381e-12, 7.0243959507e-15, 2.32768211444e-15]
        max: [2.164840771e-05, 0.000801330432296, 0.00202007219195, 0.00434703286737, 0.0016357061686, 0.000834132486489, 0.00885778479278, 0.00621666805819, 0.00168712320738, 0.000534568331204, 0.00250954297371, 0.00550566520542, 0.000262859859504, 0.0022919184994, 0.00163642130792, 0.000670109817293, 0.000866234593559, 0.00236967927776, 0.00200408138335, 0.00588280707598, 0.0016211704351, 0.000346518645529, 6.2279519625e-05, 3.22711020999e-05, 1.50531914187e-05, 9.51528477344e-07, 1.00220700006e-06]
        mean: [8.59151896293e-07, 7.57722009439e-05, 0.000369159155525, 0.000664265069645, 0.000288604031084, 0.000172276122612, 0.0010707040783, 0.000392107089283, 9.3151225883e-05, 7.34321365599e-05, 0.000236142674112, 0.000542293942999, 4.81890783703e-05, 0.00014454027405, 0.000178578280611, 0.000144089673995, 0.000157259404659, 0.000445771845989, 0.000370272406144, 0.000461169780465, 0.000137367314892, 2.75714646705e-05, 5.21388164998e-06, 2.5585786716e-06, 1.11212659704e-06, 3.42878436754e-08, 2.54082244133e-09]
        min: [9.01446250978e-10, 1.03455050748e-07, 3.81014473305e-07, 6.19573484073e-07, 1.83785732588e-06, 1.25490635128e-06, 3.83268229598e-07, 8.63984269017e-07, 8.45666420446e-07, 7.5221386453e-08, 7.80678021783e-07, 5.90753984397e-07, 1.01997420643e-06, 7.33907370432e-07, 1.49159097873e-06, 2.38637312577e-06, 9.04947739855e-07, 2.59041280515e-06, 3.9256119635e-06, 1.05124365746e-06, 1.92027641788e-06, 4.75642195852e-07, 6.39426573912e-08, 7.86461917812e-09, 5.02633534794e-09, 7.68095517745e-11, 4.33058807998e-14]
        var: [3.15380035455e-12, 1.10164197764e-08, 8.32982820498e-08, 4.23712464226e-07, 5.2692868735e-08, 1.63386122409e-08, 3.15425404551e-06, 4.41482313818e-07, 1.39402072108e-08, 7.14328018958e-09, 2.21415220381e-07, 1.21087055049e-06, 1.11256515112e-09, 6.69483526394e-08, 3.98903168275e-08, 1.01313037959e-08, 1.77061263429e-08, 1.34498591819e-07, 1.17584072257e-07, 3.60673226396e-07, 4.31481268492e-08, 3.39662964421e-09, 1.23440785371e-10, 2.76991225096e-11, 5.07078103465e-12, 8.86265904009e-15, 2.31870949443e-15]
    mfcc:
        mean: [-706.407165527, 133.280960083, -60.1171722412, 60.9347953796, -9.38016986847, -10.0971260071, 8.40598964691, -12.3880119324, -4.44264316559, -1.32052326202, -3.66849470139, -0.490012526512, -2.8929002285]
        cov: [[904.107727051, -666.332946777, 275.56842041, 100.690818787, -33.0398979187, 9.58744621277, -94.5127868652, 7.02030229568, -7.89854288101, 42.1940116882, -71.3284072876, -59.513885498, -3.45724725723], [-666.332946777, 1030.92541504, -405.399108887, -107.122840881, 16.0608100891, -116.715438843, 145.926483154, -42.0500640869, 6.20537757874, -10.1921348572, 72.6194458008, 132.886749268, 44.8588867188], [275.56842041, -405.399108887, 286.759155273, 31.4289894104, 34.8489608765, 23.4717502594, -95.073890686, 7.81795072556, -8.64054012299, 4.12038469315, 0.48648878932, -49.2055282593, -19.9646663666], [100.690818787, -107.122840881, 31.4289894104, 137.261993408, 0.461889445782, -20.4200210571, -49.6883964539, 4.64509010315, 12.9643726349, -1.25666868687, -17.8921813965, -38.1415367126, -3.04982686043], [-33.0398979187, 16.0608100891, 34.8489608765, 0.461889445782, 86.7396240234, -44.6441726685, -0.0108773568645, -10.009554863, 5.8296790123, -2.82424926758, 15.8155097961, -0.873353838921, -0.297955036163], [9.58744621277, -116.715438843, 23.4717502594, -20.4200210571, -44.6441726685, 208.028717041, 23.3786563873, 63.3788299561, -4.32016897202, -8.54557132721, -3.44174432755, -19.1581439972, -13.5706424713], [-94.5127868652, 145.926483154, -95.073890686, -49.6883964539, -0.0108773568645, 23.3786563873, 131.703781128, 5.76550960541, 0.801651895046, 13.2730588913, -19.0688495636, 25.3523750305, -2.79286265373], [7.02030229568, -42.0500640869, 7.81795072556, 4.64509010315, -10.009554863, 63.3788299561, 5.76550960541, 71.9463348389, 18.1972084045, -15.1889038086, 1.34639787674, -16.0188846588, -0.255481272936], [-7.89854288101, 6.20537757874, -8.64054012299, 12.9643726349, 5.8296790123, -4.32016897202, 0.801651895046, 18.1972084045, 48.3658676147, 3.39424991608, -1.19793355465, -14.9594764709, -0.215647399426], [42.1940116882, -10.1921348572, 4.12038469315, -1.25666868687, -2.82424926758, -8.54557132721, 13.2730588913, -15.1889038086, 3.39424991608, 65.4401016235, -1.01816487312, 19.443529129, -14.3779697418], [-71.3284072876, 72.6194458008, 0.48648878932, -17.8921813965, 15.8155097961, -3.44174432755, -19.0688495636, 1.34639787674, -1.19793355465, -1.01816487312, 84.1215286255, 31.6553821564, 15.1918001175], [-59.513885498, 132.886749268, -49.2055282593, -38.1415367126, -0.873353838921, -19.1581439972, 25.3523750305, -16.0188846588, -14.9594764709, 19.443529129, 31.6553821564, 85.9336700439, 20.9909286499], [-3.45724725723, 44.8588867188, -19.9646663666, -3.04982686043, -0.297955036163, -13.5706424713, -2.79286265373, -0.255481272936, -0.215647399426, -14.3779697418, 15.1918001175, 20.9909286499, 47.0662956238]]
        icov: [[0.00268859881908, 0.00145726429764, -0.00103964854497, -0.000697800714988, 0.00135772081558, 0.00101797806565, -0.000490391510539, -0.000478117959574, 0.000343547202647, -0.00157118821517, 0.00109961908311, -0.000496794469655, -0.00201899302192], [0.00145726429764, 0.00402126135305, 0.00352501031011, 0.000508915400133, -0.000520467408933, 0.00156521226745, -0.000849427364301, 0.000154147841386, -0.000248778553214, 0.000301759399008, -0.00141508807428, -0.00182545033749, -0.000437039969256], [-0.00103964854497, 0.00352501031011, 0.0118356412277, 0.00218388112262, -0.00593188917264, -0.000604812637903, 0.00449896743521, -0.000334274431225, 0.0018718597712, -0.000760370690841, -0.00202495255508, 0.000779792841058, 0.00186125468463], [-0.000697800714988, 0.000508915400133, 0.00218388112262, 0.0104863420129, -0.00111217412632, 0.00101662205998, 0.00401342753321, -0.001331541338, -0.000754757551476, -0.00157094630413, 0.00120647076983, 0.00339252408594, -0.000799228611868], [0.00135772081558, -0.000520467408933, -0.00593188917264, -0.00111217412632, 0.017678309232, 0.00451003666967, -0.0047371648252, 0.000291463453323, -0.0021624059882, 0.0016484153457, -0.00320278014988, 0.000852071272675, 0.000287718954496], [0.00101797806565, 0.00156521226745, -0.000604812637903, 0.00101662205998, 0.00451003666967, 0.00947097316384, -0.00284965429455, -0.00721110682935, 0.00295138731599, -0.000295525067486, -0.0017906287685, 0.00104446732439, 0.000978774391115], [-0.000490391510539, -0.000849427364301, 0.00449896743521, 0.00401342753321, -0.0047371648252, -0.00284965429455, 0.0150337964296, -0.0018212829018, 0.000383691571187, -0.00333431432955, 0.00579012092203, -0.00163826078642, 0.000817503256258], [-0.000478117959574, 0.000154147841386, -0.000334274431225, -0.001331541338, 0.000291463453323, -0.00721110682935, -0.0018212829018, 0.0245426595211, -0.0102572776377, 0.00608775857836, -0.00194965663832, -0.000318902864819, 0.000121936122014], [0.000343547202647, -0.000248778553214, 0.0018718597712, -0.000754757551476, -0.0021624059882, 0.00295138731599, 0.000383691571187, -0.0102572776377, 0.0285079926252, -0.00706656975672, -0.000843117944896, 0.0076636467129, -0.00336202420294], [-0.00157118821517, 0.000301759399008, -0.000760370690841, -0.00157094630413, 0.0016484153457, -0.000295525067486, -0.00333431432955, 0.00608775857836, -0.00706656975672, 0.0240288972855, -0.00131333153695, -0.00945985689759, 0.0108839962631], [0.00109961908311, -0.00141508807428, -0.00202495255508, 0.00120647076983, -0.00320278014988, -0.0017906287685, 0.00579012092203, -0.00194965663832, -0.000843117944896, -0.00131333153695, 0.0191100426018, -0.00625081080943, -0.00334037095308], [-0.000496794469655, -0.00182545033749, 0.000779792841058, 0.00339252408594, 0.000852071272675, 0.00104446732439, -0.00163826078642, -0.000318902864819, 0.0076636467129, -0.00945985689759, -0.00625081080943, 0.0248172730207, -0.00944372825325], [-0.00201899302192, -0.000437039969256, 0.00186125468463, -0.000799228611868, 0.000287718954496, 0.000978774391115, 0.000817503256258, 0.000121936122014, -0.00336202420294, 0.0108839962631, -0.00334037095308, -0.00944372825325, 0.0311852265149]]
    spectral_contrast:
        mean: [-4.34617192013e-07, 1.10555752997e-07, 1.80331639399e-07, -2.33253189208e-07, 1.48856386772e-07, -9.76853868906e-08, 1.85326291557e-06, -2.0480817966e-06, 2.26145812121e-06, 1.68948815826e-06, 2.97881797451e-06, 2.95236145575e-06]
        var: [0.000451597792562, 0.000893957854714, 0.00108588126022, 0.00262157781981, 0.00377128971741, 0.00615656748414, 0.0345749184489, 0.0541174411774, 0.0764867886901, 0.128960981965, 0.214152336121, 0.901264429092]

rhythm:
    beats_loudness:
        dmean: 0.00237668352202
        dmean2: 0.00397749757394
        dvar: 3.73063744519e-06
        dvar2: 1.28651290652e-05
        max: 0.0121145807207
        mean: 0.00664811953902
        min: 0.00247363350354
        var: 6.03825401413e-06
    beats_loudness_bass:
        dmean: 0.0991549491882
        dmean2: 0.164781197906
        dvar: 0.00678265094757
        dvar2: 0.0218188185245
        max: 0.443960487843
        mean: 0.185821458697
        min: 0.0241219121963
        var: 0.0113092381507
    bpm: 128.67817688
    bpm_confidence: 0
    first_peak_bpm: 128
    first_peak_spread: 0
    first_peak_weight: 0.950000047684
    onset_rate: 3.68855810165
    second_peak_bpm: 77
    second_peak_spread: 0
    second_peak_weight: 0.0500000007451
    beats_position: [0.141132190824, 0.609923779964, 1.0787153244, 1.54750692844, 2.01629853249, 2.48509001732, 2.95388174057, 3.4226732254, 3.89146471024, 4.36025619507, 4.8290476799, 5.29783916473, 6.08182668686, 6.5471200943, 7.01241397858, 7.47770738602, 7.94300079346, 8.40829467773, 8.87358856201, 9.33888149261, 9.80417537689]
    bpm_estimates: [128.005828857, 127.747169495, 128.213806152, 127.782478333, 127.763511658, 127.939224243, 128.161087036, 132.424438477, 127.960365295, 130.783996582]
    bpm_intervals: [0.468791604042, 0.468791544437, 0.468791604042, 0.468791604042, 0.468791484833, 0.468791723251, 0.468791484833, 0.468791484833, 0.468791484833, 0.468791484833, 0.468791484833, 0.783987522125, 0.46529340744, 0.465293884277, 0.46529340744, 0.46529340744, 0.465293884277, 0.465293884277, 0.465292930603, 0.465293884277]
    onset_times: [0.0348299331963, 0.452789127827, 0.638548731804, 0.824308395386, 1.53251695633, 1.6137868166, 1.86920630932, 2.32199549675, 2.46131515503, 2.71673464775, 2.79800462723, 3.73841261864, 4.21442174911, 4.46984148026, 4.63238096237, 4.76009082794, 4.86458063126, 5.0967798233, 5.18966007233, 5.32897949219, 5.42185926437, 5.54956912994, 5.64244890213, 5.74693870544, 6.1068482399, 6.3042178154, 6.58285713196, 7.47682523727, 7.52326536179, 7.95283460617, 8.2198638916, 8.45206356049, 8.70748329163, 9.19510173798, 9.34603214264, 9.41569137573, 9.8800907135]
    rubato_start: []
    rubato_stop: []
    perceptual_tempo: "unknown"

sfx:
    inharmonicity:
        dmean: 0.0451343916357
        dmean2: 0.0826014876366
        dvar: 0.00304234609939
        dvar2: 0.00856326520443
        max: 0.310506850481
        mean: 0.0420353077352
        min: 5.51100019948e-05
        var: 0.00307278125547
    oddtoevenharmonicenergyratio:
        dmean: 2.31276321411
        dmean2: 4.47019672394
        dvar: 29.0917758942
        dvar2: 86.4625701904
        max: 51.4733009338
        mean: 1.56499457359
        min: 0.00124754174612
        var: 16.3048286438
    pitch_after_max_to_before_max_energy_ratio: 6.0281867981
    pitch_centroid: 257.998565674
    pitch_max_to_total: 0.578703701496
    pitch_min_to_total: 0.738425910473
    tristimulus:
        dmean: [0.179463982582, 0.2047406286, 0.111382707953]
        dmean2: [0.314009666443, 0.354341804981, 0.199088320136]
        dvar: [0.0314357988536, 0.0363432392478, 0.0118476562202]
        dvar2: [0.0954303443432, 0.106297433376, 0.0349321365356]
        max: [0.965884447098, 0.949829936028, 0.720308542252]
        mean: [0.398023039103, 0.44527772069, 0.123768277466]
        min: [0.0105474088341, 0, 0]
        var: [0.0509475655854, 0.0526002123952, 0.0152514651418]

tonal:
    chords_changes_rate: 0.0276497695595
    chords_number_rate: 0.0184331797063
    chords_strength:
        dmean: 0.00832472834736
        dmean2: 0.00709196506068
        dvar: 4.24192112405e-05
        dvar2: 4.1195526137e-05
        max: 0.650121808052
        mean: 0.509589791298
        min: 0.333700299263
        var: 0.00678418017924
    key_strength: 0.725154280663
    tuning_diatonic_strength: 0.617826282978
    tuning_equal_tempered_deviation: 0.0939008519053
    tuning_frequency: 440.763122559
    tuning_nontempered_energy_ratio: 0.728814721107
    hpcp:
        dmean: [0.0615017823875, 0.0633840486407, 0.0485308468342, 0.0472963191569, 0.0855658501387, 0.129138946533, 0.156984522939, 0.154041543603, 0.142741844058, 0.105625234544, 0.0797848105431, 0.0617551282048, 0.0516368374228, 0.0486249625683, 0.0949977338314, 0.0902677699924, 0.10255870223, 0.0847077444196, 0.0383121520281, 0.0680628567934, 0.163517639041, 0.171823993325, 0.155588880181, 0.0994767248631, 0.0533844009042, 0.0382086448371, 0.0383239127696, 0.0443330965936, 0.0476682670414, 0.0632421001792, 0.0733814015985, 0.0633779242635, 0.0572706200182, 0.0585819147527, 0.0559441037476, 0.0691893622279]
        dmean2: [0.0951513871551, 0.0974168553948, 0.0755379199982, 0.0742123350501, 0.146583274007, 0.206531539559, 0.264067471027, 0.250278055668, 0.235166326165, 0.172535091639, 0.130803897977, 0.0991947427392, 0.0856171697378, 0.0789336711168, 0.152517855167, 0.155904129148, 0.171872079372, 0.149394243956, 0.0681745931506, 0.119694717228, 0.282680332661, 0.282632082701, 0.259387999773, 0.177869036794, 0.0913635864854, 0.0593467652798, 0.0615672692657, 0.0707627162337, 0.0777869224548, 0.100745774806, 0.118242405355, 0.100232519209, 0.0917796716094, 0.0946273431182, 0.0990229025483, 0.116356737912]
        dvar: [0.0134128257632, 0.00957320723683, 0.00817796494812, 0.00944945588708, 0.0197688806802, 0.0323440693319, 0.0407774373889, 0.0240432899445, 0.0325896702707, 0.0210185013711, 0.0196167007089, 0.0127977607772, 0.00816046539694, 0.0078252023086, 0.0320476591587, 0.0305439382792, 0.0335714071989, 0.0266278013587, 0.00584905501455, 0.00964344665408, 0.0340671241283, 0.0417922250926, 0.0274372342974, 0.0194181930274, 0.00636675162241, 0.00629661977291, 0.00476878602058, 0.00316164037213, 0.00432068156078, 0.00865912530571, 0.012878161855, 0.0113136339933, 0.00858306698501, 0.0048134685494, 0.00596205238253, 0.0106984237209]
        dvar2: [0.029873020947, 0.0204388108104, 0.0179229415953, 0.0193768832833, 0.052186217159, 0.0761458575726, 0.100903816521, 0.0537585839629, 0.0820891335607, 0.0555224232376, 0.0471115335822, 0.028937086463, 0.0192856676877, 0.0169108472764, 0.0742467865348, 0.0846382081509, 0.0848306715488, 0.0684118717909, 0.0157557148486, 0.0282291825861, 0.0932981297374, 0.0934818685055, 0.0758265852928, 0.0490632206202, 0.0169023089111, 0.0115837743506, 0.00943820271641, 0.00838873069733, 0.0117352753878, 0.0207675229758, 0.032527089119, 0.0303992331028, 0.0216756016016, 0.0124072656035, 0.017058653757, 0.0315186530352]
        max: [1, 1, 1, 1, 1, 1, 1, 1, 1, 1, 1, 1, 0.858837723732, 0.817058563232, 1, 1, 1, 1, 0.585655927658, 0.516500353813, 1, 1, 1, 0.916883587837, 0.55732858181, 0.927742540836, 0.69010925293, 0.716251373291, 0.902363717556, 0.923172354698, 0.94310849905, 1, 0.899523377419, 0.617374360561, 0.717332065105, 0.969576656818]
        mean: [0.328963309526, 0.245922341943, 0.0918530523777, 0.0725942328572, 0.122059695423, 0.280553638935, 0.369377911091, 0.274449139833, 0.218836963177, 0.194248110056, 0.132318645716, 0.0996305048466, 0.083049044013, 0.0714486092329, 0.138996168971, 0.280909121037, 0.243384718895, 0.0917835608125, 0.044829595834, 0.065622381866, 0.237521827221, 0.380755960941, 0.259210050106, 0.105774499476, 0.0657133758068, 0.0577084794641, 0.0711719766259, 0.0889976099133, 0.0888795778155, 0.130115315318, 0.147569686174, 0.107572719455, 0.106311790645, 0.109022438526, 0.0909752175212, 0.183914214373]
        min: [0.00532581377774, 0.00536799104884, 0.00251637934707, 0.00244512781501, 0.00240355241112, 0.0104914298281, 0.0246622543782, 0.0124218463898, 0.00732012931257, 0.00414802739397, 0.00438971724361, 0.00388175924309, 0.00282958894968, 0.00303957262076, 0.00291411555372, 0.0027112737298, 0.00240980042145, 0.00140837836079, 0.00130316615105, 0.00164392753504, 0.00794439855963, 0.0180977880955, 0.0107656782493, 0.00303852651268, 0.0028987491969, 0.00354850105941, 0.00494386116043, 0.00536718312651, 0.00838248524815, 0.00555271562189, 0.00609945505857, 0.00578792300075, 0.00396209489554, 0.00581993442029, 0.00554766412824, 0.00268877181225]
        var: [0.158360868692, 0.08406124264, 0.02128152363, 0.0178825389594, 0.0315483063459, 0.0856179520488, 0.10887234658, 0.0614736527205, 0.0686094388366, 0.0723852589726, 0.0504577495158, 0.025879399851, 0.0130367008969, 0.0106026586145, 0.0367982648313, 0.132929444313, 0.109795577824, 0.0248196553439, 0.00503933336586, 0.00847657863051, 0.0613128989935, 0.110894672573, 0.054549895227, 0.0192812550813, 0.0082892505452, 0.00991553533822, 0.00902247428894, 0.00983585976064, 0.0089211370796, 0.0266669765115, 0.036401707679, 0.0204318705946, 0.0147061077878, 0.0134980427101, 0.0142380585894, 0.0480895265937]
    chords_histogram: [30.4147472382, 0, 27.1889400482, 14.2857141495, 0, 0, 0, 0, 0, 28.1105995178, 0, 0, 0, 0, 0, 0, 0, 0, 0, 0, 0, 0, 0, 0]
    thpcp: [1, 0.68077737093, 0.277801305056, 0.172586604953, 0.151562899351, 0.186922818422, 0.233739241958, 0.233429253101, 0.341728895903, 0.387570261955, 0.282524049282, 0.279212415218, 0.286331534386, 0.238933146, 0.48302385211, 0.863974153996, 0.645879149437, 0.241238638759, 0.190658167005, 0.320571988821, 0.73683321476, 0.970117211342, 0.720800638199, 0.574743390083, 0.510164320469, 0.347515612841, 0.26166498661, 0.218116208911, 0.187649354339, 0.36505317688, 0.737766861916, 0.639214456081, 0.241056129336, 0.117738395929, 0.17234762013, 0.623816430569]
    chords_key: "A"
    chords_scale: "minor"
    key_key: "A"
    key_scale: "minor"
    chords_progression: ["Em", "Em", "Em", "Em", "Em", "Em", "Em", "Em", "Em", "Em", "Em", "Em", "Em", "Em", "Em", "Em", "Em", "Em", "Em", "Em", "Em", "Em", "Em", "Em", "Em", "Em", "Em", "Em", "Em", "Em", "G", "G", "G", "G", "G", "G", "G", "G", "G", "G", "G", "G", "G", "G", "G", "G", "G", "G", "G", "G", "G", "G", "G", "G", "G", "G", "G", "G", "G", "G", "G", "Em", "Em", "Em", "Em", "Em", "Em", "Em", "Em", "Em", "Em", "Em", "Em", "Em", "Em", "Em", "Em", "Em", "Em", "Em", "Em", "Em", "Em", "Am", "Am", "Am", "Am", "Am", "Am", "Am", "Am", "Am", "Am", "Am", "Am", "Am", "Am", "Am", "Am", "Am", "Am", "Am", "Am", "Am", "Am", "Am", "Am", "Am", "Am", "Am", "Am", "Am", "Am", "Am", "Am", "Am", "Am", "Am", "Am", "Am", "Am", "Am", "Am", "Am", "Am", "Am", "Am", "Am", "Am", "Am", "Am", "Am", "Am", "Am", "Am", "Am", "Am", "Am", "Am", "Am", "Am", "Am", "Am", "Am", "Am", "Am", "Am", "Am", "Am", "E", "E", "E", "E", "E", "E", "E", "E", "E", "E", "E", "E", "E", "E", "E", "E", "E", "E", "E", "E", "E", "E", "E", "E", "E", "E", "E", "E", "E", "E", "E", "E", "Em", "Em", "Em", "Em", "Em", "Em", "Em", "E", "E", "E", "E", "E", "E", "E", "E", "E", "E", "E", "E", "E", "E", "E", "E", "E", "E", "E", "E", "E", "E", "E", "E", "E", "E", "E", "E", "E"]
