
metadata:
    version:
        essentia: "1.2.2"
    audio_properties:
        analysis_sample_rate: 44100
        bitrate: 128
        channels: 2
        equal_loudness: 1
        length: 10.0310201645
        replay_gain: -10.9389247894
        downmix: "mix"
    tags:
        track: 2
        year: 0
        album: "Splitted by Mp3Splt v. 2.1"
        artist: "From 000.10 To 000.20"
        comment: "http://mp3splt.sf.net"
        genre: ""
        title: "11 Picture This.mp3"

highlevel:
    ballroom:
        all:
            ChaChaCha: 0.160154491663
            Jive: 0.320111334324
            Quickstep: 0.0650474876165
            Rumba-American: 0.00205085100606
            Rumba-International: 0.0106944115832
            Rumba-Misc: 0.00484880199656
            Samba: 0.403939157724
            Tango: 0.00444602221251
            VienneseWaltz: 0.0227329935879
            Waltz: 0.00597446784377
        probability: 0.403939157724
        value: "Samba"
    culture:
        all:
            non_western: 0.00818092189729
            western: 0.991819083691
        probability: 0.991819083691
        value: "western"
    gender:
        all:
            female: 0.894837021828
            male: 0.105162970722
        probability: 0.894837021828
        value: "female"
    genre_dortmund:
        all:
            alternative: 0.217158675194
            blues: 0.0291556809098
            electronic: 0.0606962703168
            folkcountry: 0.168982505798
            funksoulrnb: 0.0231367330998
            jazz: 0.1841943115
            pop: 0.0950674414635
            raphiphop: 0.0121876997873
            rock: 0.209420681
        probability: 0.217158675194
        value: "alternative"
    genre_electronica:
        all:
            ambient: 0.182356461883
            dnb: 0.530707836151
            house: 0.025788186118
            techno: 0.0102513907477
            trance: 0.250896126032
        probability: 0.530707836151
        value: "dnb"
    genre_rosamerica:
        all:
            cla: 0.062953427434
            dan: 0.480772197247
            hip: 0.0299502573907
            jaz: 0.0220612026751
            pop: 0.110829539597
            rhy: 0.0170823801309
            roc: 0.273074299097
            spe: 0.0032767073717
        probability: 0.480772197247
        value: "dan"
    genre_tzanetakis:
        all:
            blu: 0.00303597119637
            cla: 0.0128823034465
            cou: 0.0456816069782
            dis: 0.399235278368
            hip: 0.0207839775831
            jaz: 0.101386643946
            met: 0.0402536951005
            pop: 0.144151955843
            reg: 0.0256926584989
            roc: 0.206895917654
        probability: 0.399235278368
        value: "dis"
    live_studio:
        all:
            live: 0.00601985678077
            studio: 0.993980169296
        probability: 0.993980169296
        value: "studio"
    mood:
        all:
            Cluster1: 0.301640868187
            Cluster2: 0.110629580915
            Cluster3: 0.425405323505
            Cluster4: 0.0606428831816
            Cluster5: 0.101681359112
        probability: 0.425405323505
        value: "Cluster3"
    mood_acoustic:
        all:
            acoustic: 0.0379226878285
            not_acoustic: 0.962077319622
        probability: 0.962077319622
        value: "not_acoustic"
    mood_aggressive:
        all:
            aggressive: 0.157494321465
            not_aggressive: 0.842505693436
        probability: 0.842505693436
        value: "not_aggressive"
    mood_electronic:
        all:
            electronic: 0.882363259792
            not_electronic: 0.117636725307
        probability: 0.882363259792
        value: "electronic"
    mood_happy:
        all:
            happy: 0.507998883724
            not_happy: 0.492001116276
        probability: 0.507998883724
        value: "happy"
    mood_party:
        all:
            not_party: 0.621243953705
            party: 0.378756046295
        probability: 0.621243953705
        value: "not_party"
    mood_relaxed:
        all:
            not_relaxed: 0.322542339563
            relaxed: 0.677457690239
        probability: 0.677457690239
        value: "relaxed"
    mood_sad:
        all:
            not_sad: 0.537836790085
            sad: 0.462163209915
        probability: 0.537836790085
        value: "not_sad"
    rhythm:
        all:
            fast: 0.59722584486
            medium: 0.382834970951
            slow: 0.0199392046779
        probability: 0.59722584486
        value: "fast"
    speech_music:
        all:
            music: 0.999322831631
            speech: 0.000677142932545
        probability: 0.999322831631
        value: "music"
    timbre:
        all:
            bright: 0.888579308987
            dark: 0.111420676112
        probability: 0.888579308987
        value: "bright"
    voice_instrumental:
        all:
            instrumental: 0.709297716618
            voice: 0.290702283382
        probability: 0.709297716618
        value: "instrumental"

lowlevel:
    average_loudness: 0.961860001087
    barkbands_kurtosis:
        dmean: 0.739796459675
        dmean2: 1.23308360577
        dvar: 2.11717534065
        dvar2: 5.81312417984
        max: 19.4522209167
        mean: -0.663427233696
        min: -1.80649781227
        var: 1.99674904346
    barkbands_skewness:
        dmean: 0.350516974926
        dmean2: 0.553049743176
        dvar: 0.142042905092
        dvar2: 0.337820500135
        max: 4.01661968231
        mean: 0.602809667587
        min: -1.44251155853
        var: 0.334902614355
    barkbands_spread:
        dmean: 4.79840993881
        dmean2: 7.6121544838
        dvar: 20.3367404938
        dvar2: 50.4232673645
        max: 55.7405929565
        mean: 34.6839904785
        min: 5.35370063782
        var: 65.9948425293
    dissonance:
        dmean: 0.0173250474036
        dmean2: 0.0287738405168
        dvar: 0.000281923945295
        dvar2: 0.000769282283727
        max: 0.499371826649
        mean: 0.457584559917
        min: 0.323281854391
        var: 0.000721572840121
    hfc:
        dmean: 1.07126891613
        dmean2: 1.60902345181
        dvar: 2.98361682892
        dvar2: 6.65930557251
        max: 18.7500343323
        mean: 3.94844579697
        min: 0.00312188756652
        var: 7.74294519424
    pitch:
        dmean: 625.714599609
        dmean2: 1222.02075195
        dvar: 1628382.875
        dvar2: 4392093.5
        max: 4410
        mean: 716.652282715
        min: 65.3333358765
        var: 1679355.625
    pitch_instantaneous_confidence:
        dmean: 0.0596506223083
        dmean2: 0.0945872813463
        dvar: 0.00243892683648
        dvar2: 0.00602436624467
        max: 0.741825461388
        mean: 0.346466243267
        min: 0.159414470196
        var: 0.0091542173177
    pitch_salience:
        dmean: 0.052424620837
        dmean2: 0.0856822282076
        dvar: 0.00234835315496
        dvar2: 0.00634078122675
        max: 0.83218896389
        mean: 0.629223167896
        min: 0.397464990616
        var: 0.00523918587714
    silence_rate_20dB:
        dmean: 0
        dmean2: 0
        dvar: 0
        dvar2: 0
        max: 1
        mean: 1
        min: 1
        var: 0
    silence_rate_30dB:
        dmean: 0
        dmean2: 0
        dvar: 0
        dvar2: 0
        max: 1
        mean: 1
        min: 1
        var: 0
    silence_rate_60dB:
        dmean: 0.168224304914
        dmean2: 0.337236523628
        dvar: 0.139925912023
        dvar2: 0.260979652405
        max: 1
        mean: 0.652680635452
        min: 0
        var: 0.226688161492
    spectral_centroid:
        dmean: 226.113830566
        dmean2: 347.966674805
        dvar: 46073.2070312
        dvar2: 96163.9375
        max: 3112.06030273
        mean: 1325.1739502
        min: 218.130569458
        var: 173041.078125
    spectral_complexity:
        dmean: 2.63120555878
        dmean2: 4.12085294724
        dvar: 7.56613683701
        dvar2: 16.3527202606
        max: 30
        mean: 10.2004718781
        min: 0
        var: 27.2970867157
    spectral_crest:
        dmean: 1.89010155201
        dmean2: 2.99393987656
        dvar: 3.67825698853
        dvar2: 9.29585647583
        max: 16.2176971436
        mean: 6.52599859238
        min: 2.36052250862
        var: 7.56948757172
    spectral_decrease:
        dmean: 3.44881762038e-10
        dmean2: 5.29307375707e-10
        dvar: 4.69574562218e-19
        dvar2: 1.11915148394e-18
        max: -6.69369670369e-13
        mean: -7.75168096379e-10
        min: -5.58121104888e-09
        var: 5.57876557897e-19
    spectral_energy:
        dmean: 0.00138198886998
        dmean2: 0.00210577808321
        dvar: 7.35040157451e-06
        dvar2: 1.7451151507e-05
        max: 0.0223180148751
        mean: 0.00328380009159
        min: 2.92927848022e-06
        var: 9.12897939997e-06
    spectral_energyband_high:
        dmean: 7.15058922651e-05
        dmean2: 0.000116859839181
        dvar: 1.33483535336e-08
        dvar2: 3.30948708438e-08
        max: 0.00147611380089
        mean: 0.000223082402954
        min: 2.7614843745e-08
        var: 4.09662845868e-08
    spectral_energyband_low:
        dmean: 0.000187404715689
        dmean2: 0.000326265377225
        dvar: 1.07712139652e-07
        dvar2: 2.85430616032e-07
        max: 0.00252556148916
        mean: 0.000309788418235
        min: 7.50353095214e-08
        var: 1.28682103195e-07
    spectral_energyband_middle_high:
        dmean: 0.000293970864732
        dmean2: 0.000463057425804
        dvar: 1.41902418704e-07
        dvar2: 3.05848118387e-07
        max: 0.00408787839115
        mean: 0.00100205047056
        min: 9.40812697081e-07
        var: 3.91607386518e-07
    spectral_energyband_middle_low:
        dmean: 0.00105869001709
        dmean2: 0.0016382423928
        dvar: 5.20211187904e-06
        dvar2: 1.26113509396e-05
        max: 0.0178019329906
        mean: 0.00174886954483
        min: 1.0961928183e-06
        var: 5.4631036619e-06
    spectral_flatness_db:
        dmean: 0.0135029321536
        dmean2: 0.0216151382774
        dvar: 0.000201821443625
        dvar2: 0.00047559585073
        max: 0.281373381615
        mean: 0.14100497961
        min: 0.0902252197266
        var: 0.000827565032523
    spectral_flux:
        dmean: 0.00863449834287
        dmean2: 0.0132940812036
        dvar: 0.000208091529203
        dvar2: 0.000458180380519
        max: 0.128874897957
        mean: 0.0300196725875
        min: 0.000911689770874
        var: 0.000344149651937
    spectral_kurtosis:
        dmean: 0.90758228302
        dmean2: 1.4570941925
        dvar: 3.20636844635
        dvar2: 6.62542533875
        max: 34.3291358948
        mean: 2.97269940376
        min: 1.00243330002
        var: 8.47111225128
    spectral_rms:
        dmean: 0.000307511363644
        dmean2: 0.000449940504041
        dvar: 2.27013060794e-07
        dvar2: 5.05132845774e-07
        max: 0.00466622691602
        mean: 0.00165506836493
        min: 5.34587015864e-05
        var: 4.64454700477e-07
    spectral_rolloff:
        dmean: 547.034729004
        dmean2: 929.141906738
        dvar: 414177.59375
        dvar2: 1051673.375
        max: 4801.90429688
        mean: 3068.17724609
        min: 215.33203125
        var: 733201.3125
    spectral_skewness:
        dmean: 0.14025311172
        dmean2: 0.223489880562
        dvar: 0.032804556191
        dvar2: 0.0656709969044
        max: 3.52242684364
        mean: 1.2738134861
        min: 0.808201551437
        var: 0.0967613235116
    spectral_spread:
        dmean: 315739.21875
        dmean2: 456432.3125
        dvar: 567373201408
        dvar2: 637719216128
        max: 16471220
        mean: 4990322.5
        min: 1390775.625
        var: 1.17951548621e+12
    spectral_strongpeak:
        dmean: 0.147317022085
        dmean2: 0.251331955194
        dvar: 0.0719707086682
        dvar2: 0.188708767295
        max: 2.84289073944
        mean: 0.263819992542
        min: 0.00423119775951
        var: 0.0863817483187
    zerocrossingrate:
        dmean: 0.00851779524237
        dmean2: 0.0107734277844
        dvar: 5.00986025145e-05
        dvar2: 7.34573695809e-05
        max: 0.1533203125
        mean: 0.0861183032393
        min: 0.02978515625
        var: 0.000358241231879
    barkbands:
        dmean: [1.84622294341e-07, 5.82162283536e-05, 0.000148911596625, 0.000532123725861, 0.000431475637015, 0.000112352172437, 0.000116523769975, 7.11431202944e-05, 5.21892470715e-05, 5.56861268706e-05, 4.65486482426e-05, 3.99733726226e-05, 7.05020647729e-05, 4.13745619881e-05, 2.80367985397e-05, 3.80137025786e-05, 3.97450530727e-05, 4.86053068016e-05, 9.46998407017e-05, 8.31411161926e-05, 4.3139745685e-05, 1.42568278534e-05, 2.84662246486e-06, 8.43727661959e-07, 3.15928190275e-07, 1.73590368746e-08, 5.88557702574e-10]
        dmean2: [2.52665103062e-07, 0.000101281693787, 0.00025967147667, 0.0008690112154, 0.000737002585083, 0.000177197580342, 0.000186565492186, 0.000104688777355, 8.05072922958e-05, 8.79398139659e-05, 7.19394811313e-05, 6.5028652898e-05, 0.000106165352918, 6.83936814312e-05, 4.61549134343e-05, 6.20245555183e-05, 6.65680563543e-05, 8.07242759038e-05, 0.000152065753355, 0.000133512658067, 7.05249549355e-05, 2.27683940466e-05, 4.43928774985e-06, 1.21899540773e-06, 4.48942529374e-07, 2.58497721006e-08, 7.12712222573e-10]
        dvar: [2.42677216213e-13, 2.27500738248e-08, 6.4998282312e-08, 1.76389107764e-06, 8.84405494617e-07, 3.43990365081e-08, 9.22706391293e-08, 6.18901285776e-09, 5.90948845414e-09, 5.02750863163e-09, 3.69839847636e-09, 3.91807963851e-09, 1.06544648659e-08, 5.4199822408e-09, 1.25778665261e-09, 2.03068117877e-09, 3.19972071061e-09, 5.59404877976e-09, 1.20277281468e-08, 1.7533961838e-08, 4.15985690339e-09, 4.5217432576e-10, 1.5394838182e-11, 1.79106111452e-12, 3.31114042434e-13, 8.8592896489e-16, 7.95304578991e-17]
        dvar2: [4.68725102135e-13, 6.27143847964e-08, 1.85220514481e-07, 4.3088257371e-06, 2.40571716859e-06, 7.81400615324e-08, 2.43632996444e-07, 1.29813120253e-08, 1.56367683246e-08, 1.21356444893e-08, 8.47662118275e-09, 1.00085628674e-08, 2.06776427092e-08, 1.47809817719e-08, 3.23831450544e-09, 4.84311390991e-09, 7.95692578492e-09, 1.45839642585e-08, 2.89650117224e-08, 4.24617816464e-08, 1.10252997843e-08, 1.01808350639e-09, 3.28202395816e-11, 3.04464461455e-12, 6.47448403484e-13, 1.71429547651e-15, 7.97019886884e-17]
        max: [3.86857027479e-06, 0.00154718232807, 0.00185105903074, 0.0110332574695, 0.00712964264676, 0.00166684179567, 0.00412135245278, 0.00131822144613, 0.000749996397644, 0.000655334268231, 0.000577857950702, 0.000562884612009, 0.00181051460095, 0.000777039502282, 0.000352182541974, 0.000389506487409, 0.000555079313926, 0.000791144615505, 0.00108124897815, 0.00234102620743, 0.000747529265936, 0.000229405748541, 3.9750317228e-05, 1.54992740136e-05, 7.30410556571e-06, 4.03186419362e-07, 1.83750728411e-07]
        mean: [2.16657241481e-07, 8.16509491415e-05, 0.000227930635447, 0.000545673305169, 0.000561978144106, 0.000205166157684, 0.000181070427061, 0.000141844619066, 9.54580682446e-05, 0.00010219583055, 7.96926324256e-05, 6.17445621174e-05, 0.000118389092677, 5.86686837778e-05, 4.42653545178e-05, 6.41459118924e-05, 7.29432867956e-05, 9.34662893997e-05, 0.000210987549508, 0.000180969684152, 0.000106018174847, 3.84426639357e-05, 7.50102890379e-06, 2.43664840127e-06, 8.95690845937e-07, 4.87742148891e-08, 5.89619131297e-10]
        min: [7.06445362278e-12, 1.21405052678e-09, 2.83832939374e-08, 1.17288401214e-07, 7.73957964384e-08, 5.73655221103e-08, 1.91247053749e-08, 1.19947713983e-08, 3.31778764462e-08, 1.32817463694e-08, 5.20395069259e-08, 4.90510991824e-08, 9.65354658433e-08, 1.42154632954e-07, 2.1722993182e-08, 1.06873592642e-07, 5.82672470273e-08, 4.30244142535e-08, 7.42731387504e-08, 8.4346531537e-08, 1.23608430158e-08, 4.17928885943e-11, 1.88235663168e-10, 1.78416906249e-10, 1.76426609433e-10, 3.07570496849e-11, 2.00203325055e-13]
        var: [3.91024316876e-13, 1.98446770128e-08, 7.94785464109e-08, 1.67428993336e-06, 7.36929621326e-07, 5.14684259656e-08, 8.9481268617e-08, 2.70682534165e-08, 1.00869712583e-08, 1.05939585993e-08, 6.72406441637e-09, 5.5462185955e-09, 2.71770890237e-08, 5.24459764506e-09, 1.86505255684e-09, 3.74287312255e-09, 5.05512831595e-09, 7.76186137585e-09, 2.69452158363e-08, 4.22760670915e-08, 1.03734763002e-08, 1.2791926407e-09, 4.84206598428e-11, 6.91802171104e-12, 1.26577112507e-12, 3.22827719011e-15, 7.93564654203e-17]
    mfcc:
        mean: [-728.102050781, 113.909584045, -37.7247619629, 49.9939842224, -23.4294090271, 2.27904272079, 1.38288199902, -7.39985275269, -10.3441390991, -6.67277669907, -4.6319103241, -6.05072641373, -5.44622516632]
        cov: [[5857.80810547, -1257.34606934, 888.381896973, 111.993728638, -125.526695251, 206.472381592, -70.7689666748, 192.883239746, 107.948295593, 15.6564407349, 18.5358390808, -49.9803848267, -107.70136261], [-1257.34606934, 935.916809082, -390.714477539, -29.4623680115, 114.090049744, -141.811584473, 63.9699745178, -38.9504623413, -51.5170097351, 33.3490867615, -4.88924264908, 38.9479217529, 68.5207290649], [888.381896973, -390.714477539, 426.022399902, 120.902046204, -19.2509021759, 97.0361099243, -10.2029504776, 47.9569625854, 60.7351074219, 9.38650131226, 16.0425338745, -14.3593244553, -19.0845012665], [111.993728638, -29.4623680115, 120.902046204, 134.033203125, 42.6276054382, 35.2832946777, 10.3469495773, 11.3252897263, 17.4487171173, 1.34258615971, -1.95993292332, -10.0439577103, 3.13227534294], [-125.526695251, 114.090049744, -19.2509021759, 42.6276054382, 99.8322601318, 19.9528141022, 24.9958496094, -5.24073648453, -4.25175046921, 5.00250148773, -2.26860570908, -2.15519428253, 6.60254192352], [206.472381592, -141.811584473, 97.0361099243, 35.2832946777, 19.9528141022, 148.132278442, 25.6060504913, 31.8164710999, 26.3101005554, 8.76905250549, 29.3772907257, -11.4354000092, -5.5333533287], [-70.7689666748, 63.9699745178, -10.2029504776, 10.3469495773, 24.9958496094, 25.6060504913, 86.950012207, 32.284236908, 7.02913141251, 8.78901290894, 9.01620483398, 8.31535243988, 7.09749984741], [192.883239746, -38.9504623413, 47.9569625854, 11.3252897263, -5.24073648453, 31.8164710999, 32.284236908, 74.7124023438, 40.4455986023, 11.7120027542, 9.51267528534, -2.04870033264, 3.68283581734], [107.948295593, -51.5170097351, 60.7351074219, 17.4487171173, -4.25175046921, 26.3101005554, 7.02913141251, 40.4455986023, 71.6574401855, 35.233253479, 9.66334724426, -7.6157245636, 1.83558440208], [15.6564407349, 33.3490867615, 9.38650131226, 1.34258615971, 5.00250148773, 8.76905250549, 8.78901290894, 11.7120027542, 35.233253479, 70.4715957642, 30.7562999725, 2.60822868347, 8.39040470123], [18.5358390808, -4.88924264908, 16.0425338745, -1.95993292332, -2.26860570908, 29.3772907257, 9.01620483398, 9.51267528534, 9.66334724426, 30.7562999725, 57.4027404785, 18.3902263641, 3.83493161201], [-49.9803848267, 38.9479217529, -14.3593244553, -10.0439577103, -2.15519428253, -11.4354000092, 8.31535243988, -2.04870033264, -7.6157245636, 2.60822868347, 18.3902263641, 47.3064155579, 19.2055091858], [-107.70136261, 68.5207290649, -19.0845012665, 3.13227534294, 6.60254192352, -5.5333533287, 7.09749984741, 3.68283581734, 1.83558440208, 8.39040470123, 3.83493161201, 19.2055091858, 47.4425773621]]
        icov: [[0.00031464084168, 0.00022487512615, -0.000523702939972, 0.000246132811299, -0.000174773318577, 6.72401729389e-05, 0.000336591096129, -0.000961498531979, 0.000739521405194, -0.000536247505806, 0.000331107177772, -0.000163912118296, 0.000324840977555], [0.00022487512615, 0.00304637523368, 0.00186667882372, -0.000953723851126, -0.00240708282217, 0.00220957957208, -0.00107253203169, -0.000854343699757, 0.0010410976829, -0.00166677811649, -0.000392210204154, -0.000142106233397, -0.00191227672622], [-0.000523702939972, 0.00186667882372, 0.00722589669749, -0.00563124241307, 0.00102954765316, -0.000553170626517, -0.000142100558151, 0.000386282481486, -0.00259239086881, 3.74738410756e-05, -0.000797869986854, -0.00116903299931, -0.000191500235815], [0.000246132811299, -0.000953723851126, -0.00563124241307, 0.0142473662272, -0.00562050566077, -0.000145716025145, -0.000135939219035, 0.000297979975585, -0.00070121337194, 0.00160390685778, 0.000294451514492, 0.00252545368858, -0.00180995243136], [-0.000174773318577, -0.00240708282217, 0.00102954765316, -0.00562050566077, 0.016889648512, -0.00440446659923, -0.00259193545207, 0.00320386257954, 0.000240633264184, -0.00116935360711, 0.00275272643194, -0.000244201626629, 0.00121365988161], [6.72401729389e-05, 0.00220957957208, -0.000553170626517, -0.000145716025145, -0.00440446659923, 0.0127005977556, -0.00324250152335, -0.00119138590526, -0.00162820308469, 0.00298664229922, -0.00852315034717, 0.00535139720887, -0.00252226716839], [0.000336591096129, -0.00107253203169, -0.000142100558151, -0.000135939219035, -0.00259193545207, -0.00324250152335, 0.0180765148252, -0.0105336187407, 0.00470328051597, -0.00291648879647, 0.00227921688929, -0.00424120714888, 0.00222740881145], [-0.000961498531979, -0.000854343699757, 0.000386282481486, 0.000297979975585, 0.00320386257954, -0.00119138590526, -0.0105336187407, 0.0293714888394, -0.017344051972, 0.00773783633485, -0.00419140327722, 0.00270350975916, -0.00355514930561], [0.000739521405194, 0.0010410976829, -0.00259239086881, -0.00070121337194, 0.000240633264184, -0.00162820308469, 0.00470328051597, -0.017344051972, 0.0337746702135, -0.0180126298219, 0.00734995258972, 0.000290438125376, 0.000765147677157], [-0.000536247505806, -0.00166677811649, 3.74738410756e-05, 0.00160390685778, -0.00116935360711, 0.00298664229922, -0.00291648879647, 0.00773783633485, -0.0180126298219, 0.0308972559869, -0.0177310965955, 0.00685723824427, -0.00466418545693], [0.000331107177772, -0.000392210204154, -0.000797869986854, 0.000294451514492, 0.00275272643194, -0.00852315034717, 0.00227921688929, -0.00419140327722, 0.00734995258972, -0.0177310965955, 0.0353242456913, -0.0160655621439, 0.00608461350203], [-0.000163912118296, -0.000142106233397, -0.00116903299931, 0.00252545368858, -0.000244201626629, 0.00535139720887, -0.00424120714888, 0.00270350975916, 0.000290438125376, 0.00685723824427, -0.0160655621439, 0.0349183343351, -0.0137819340453], [0.000324840977555, -0.00191227672622, -0.000191500235815, -0.00180995243136, 0.00121365988161, -0.00252226716839, 0.00222740881145, -0.00355514930561, 0.000765147677157, -0.00466418545693, 0.00608461350203, -0.0137819340453, 0.0299821402878]]
    spectral_contrast:
        mean: [2.09211506785e-07, 2.01587411652e-07, 4.34097358948e-07, 4.41534751872e-07, -1.19139002663e-07, 2.40105492821e-07, 4.09922506606e-07, -2.06289701055e-06, -2.4324037895e-06, 2.63313881987e-06, -1.59976616487e-06, 6.80673792886e-07]
        var: [0.000437177659478, 0.00056738400599, 0.00111676438246, 0.00167011597659, 0.00359682179987, 0.00429682480171, 0.0309779234231, 0.070356965065, 0.111187621951, 0.336481243372, 0.532937824726, 3.13368391991]

rhythm:
    beats_loudness:
        dmean: 0.00487265177071
        dmean2: 0.00936549436301
        dvar: 9.50738649408e-06
        dvar2: 2.99979528791e-05
        max: 0.0160458330065
        mean: 0.00710345292464
        min: 2.94579399451e-06
        var: 1.3774274521e-05
    beats_loudness_bass:
        dmean: 0.157549574971
        dmean2: 0.306345999241
        dvar: 0.00992759130895
        dvar2: 0.0339824333787
        max: 0.487749576569
        mean: 0.272139579058
        min: 0.090667180717
        var: 0.0121193723753
    bpm: 128.755355835
    bpm_confidence: 0
    first_peak_bpm: 128
    first_peak_spread: 0
    first_peak_weight: 0.950000047684
    onset_rate: 3.0904135704
    second_peak_bpm: 123
    second_peak_spread: 0
    second_peak_weight: 0.0500000007451
    beats_position: [0.171204671264, 0.638718008995, 1.10623133183, 1.57374465466, 2.04125809669, 2.50877165794, 2.97628498077, 3.44379854202, 3.91131186485, 4.37882518768, 4.84633874893, 5.31385231018, 5.78136587143, 6.26825761795, 6.73277139664, 7.19728422165, 7.6617975235, 8.12631034851, 8.59082508087, 9.05533695221, 9.5198507309]
    bpm_estimates: [127.883766174, 128.09588623, 129.03868103, 128.323577881, 128.77142334, 128.991165161, 128.059295654, 127.994895935, 128.085952759, 128.153930664, 129.52331543, 129.276168823, 128.915222168, 128.391891479, 129.543792725, 130.184707642, 128.736450195, 130.233047485, 128.265213013, 128.638580322]
    bpm_intervals: [0.46751332283, 0.46751332283, 0.46751332283, 0.467513442039, 0.467513561249, 0.46751332283, 0.467513561249, 0.46751332283, 0.46751332283, 0.467513561249, 0.467513561249, 0.467513561249, 0.486891746521, 0.464513778687, 0.464512825012, 0.464513301849, 0.464512825012, 0.464514732361, 0.464511871338, 0.464513778687]
    onset_times: [0.0580498874187, 0.18575963378, 0.406349211931, 0.650158703327, 0.870748281479, 0.986848056316, 1.10294783115, 1.43963718414, 1.55573701859, 2.04335594177, 2.26394557953, 2.50775504112, 2.9837641716, 3.43655323982, 3.92417240143, 4.15637207031, 4.38857126236, 4.85297060013, 5.34058952332, 5.80498886108, 6.03718805313, 6.26938772202, 6.73378705978, 7.20979595184, 7.66258525848, 7.89478445053, 8.13859367371, 8.6146030426, 9.07900238037, 9.77560043335, 10.0194101334]
    rubato_start: []
    rubato_stop: []
    perceptual_tempo: "unknown"

sfx:
    inharmonicity:
        dmean: 0.0428862832487
        dmean2: 0.0757077410817
        dvar: 0.00252747163177
        dvar2: 0.00757767725736
        max: 0.340572834015
        mean: 0.0464130230248
        min: 0.000508624536451
        var: 0.00239742384292
    oddtoevenharmonicenergyratio:
        dmean: 1.82567620277
        dmean2: 3.41836667061
        dvar: 19.5146789551
        dvar2: 58.05493927
        max: 33.9153289795
        mean: 1.47472858429
        min: 0.00247968942858
        var: 11.3656015396
    pitch_after_max_to_before_max_energy_ratio: 16.4702739716
    pitch_centroid: 201.106491089
    pitch_max_to_total: 0.0872641503811
    pitch_min_to_total: 0.926886796951
    tristimulus:
        dmean: [0.183824852109, 0.214833140373, 0.111944183707]
        dmean2: [0.318039804697, 0.367819100618, 0.201233282685]
        dvar: [0.0318053849041, 0.043681435287, 0.0122167747468]
        dvar2: [0.0910129994154, 0.131758794188, 0.0354175940156]
        max: [0.914785444736, 0.976583719254, 0.550280809402]
        mean: [0.346451163292, 0.495693087578, 0.124269858003]
        min: [0.00226200465113, 0, 0]
        var: [0.0472447574139, 0.05227021873, 0.0122360140085]

tonal:
    chords_changes_rate: 0.0186915881932
    chords_number_rate: 0.0233644861728
    chords_strength:
        dmean: 0.00563025381416
        dmean2: 0.00573185132816
        dvar: 2.35894585785e-05
        dvar2: 2.7175872674e-05
        max: 0.714171290398
        mean: 0.5973559618
        min: 0.472859531641
        var: 0.00237573171034
    key_strength: 0.550313472748
    tuning_diatonic_strength: 0.388396412134
    tuning_equal_tempered_deviation: 0.0339986458421
    tuning_frequency: 439.238189697
    tuning_nontempered_energy_ratio: 0.644008278847
    hpcp:
        dmean: [0.13808362186, 0.103264912963, 0.0776806697249, 0.0793184414506, 0.0701081976295, 0.0654336288571, 0.0658157542348, 0.0766135528684, 0.164163082838, 0.216964840889, 0.152758434415, 0.0809290632606, 0.0640374943614, 0.0552349127829, 0.0595337040722, 0.0669726207852, 0.063234820962, 0.103922478855, 0.104114666581, 0.135484650731, 0.190720662475, 0.204089865088, 0.152578860521, 0.131099760532, 0.108877062798, 0.0807844251394, 0.0918757990003, 0.0864974111319, 0.0890792459249, 0.131462201476, 0.145479232073, 0.107077218592, 0.0933316573501, 0.0997930243611, 0.125318109989, 0.131316289306]
        dmean2: [0.240519329906, 0.177623331547, 0.127232924104, 0.124717593193, 0.112936973572, 0.115598514676, 0.10424939543, 0.129861548543, 0.268473207951, 0.359504729509, 0.256724178791, 0.147341042757, 0.109268024564, 0.0922778397799, 0.1059082672, 0.115297369659, 0.111411690712, 0.17483599484, 0.173472329974, 0.237727805972, 0.324964672327, 0.343200802803, 0.269022881985, 0.229062274098, 0.199892625213, 0.142253652215, 0.170932307839, 0.158743515611, 0.160155981779, 0.224863812327, 0.243401363492, 0.177906215191, 0.157036781311, 0.163629844785, 0.216928452253, 0.237283155322]
        dvar: [0.0356737449765, 0.0149510297924, 0.00941855460405, 0.0127806402743, 0.0108246691525, 0.0158185195178, 0.0150361210108, 0.0150925219059, 0.0313533395529, 0.0537694171071, 0.0285419411957, 0.0195784475654, 0.0122275687754, 0.00827393587679, 0.0151347685605, 0.0151470061392, 0.00789190642536, 0.0260957144201, 0.0356670767069, 0.0342725291848, 0.0614678934216, 0.0563813634217, 0.0447840541601, 0.047418165952, 0.0418770350516, 0.0213601607829, 0.0361479632556, 0.0345582254231, 0.0268150698394, 0.0312677510083, 0.0368132330477, 0.0186176653951, 0.014824513346, 0.0236182846129, 0.0303553063422, 0.0361499339342]
        dvar2: [0.100929960608, 0.0450215041637, 0.0237564239651, 0.0289471168071, 0.0261172708124, 0.0368817187846, 0.0321264564991, 0.0351803898811, 0.0804658085108, 0.117180652916, 0.0718653947115, 0.0568365231156, 0.0321236997843, 0.021557925269, 0.0434195920825, 0.0426276251674, 0.021558618173, 0.0789892598987, 0.0822906419635, 0.0927031338215, 0.175092816353, 0.138443753123, 0.116013802588, 0.133022934198, 0.100216127932, 0.0589550696313, 0.102518953383, 0.0958223864436, 0.0704066231847, 0.0721321254969, 0.0664449483156, 0.0460217483342, 0.0386025756598, 0.0545924939215, 0.0933401286602, 0.102293781936]
        max: [1, 0.781610548496, 0.826710402966, 0.958747923374, 0.701339542866, 1, 1, 0.846985697746, 1, 1, 1, 0.919635534286, 0.926784157753, 0.660523056984, 1, 0.965445697308, 0.601313710213, 1, 1, 1, 1, 1, 1, 1, 1, 1, 1, 1, 0.919303953648, 1, 1, 1, 1, 1, 1, 1]
        mean: [0.224231243134, 0.164430812001, 0.130961492658, 0.141633361578, 0.112744599581, 0.0873071402311, 0.0897736251354, 0.0962874442339, 0.283097594976, 0.447694092989, 0.265477627516, 0.0903522744775, 0.0779798924923, 0.0660337209702, 0.0749030485749, 0.0914229080081, 0.0835982784629, 0.172170877457, 0.258983403444, 0.192068979144, 0.232228577137, 0.279365867376, 0.168606713414, 0.173362791538, 0.202281832695, 0.124321863055, 0.0846803635359, 0.0771032422781, 0.0847319215536, 0.190056473017, 0.257328540087, 0.162596911192, 0.193981230259, 0.291785627604, 0.201421171427, 0.17901673913]
        min: [0.00837033335119, 0.00619829259813, 0.00270696799271, 0.00222385604866, 0.00290987291373, 0.00439943186939, 0.00473837926984, 0.00329779367894, 0.00539972865954, 0.00985442381352, 0.0153628746048, 0.00380157446489, 0.00224703131244, 0.00330443284474, 0.0043988651596, 0.00608667777851, 0.00788935553282, 0.000534067687113, 0.000830389093608, 0.00217373669147, 0.00397718045861, 0.00135221995879, 0.00190411473159, 0.0018858818803, 0.00121624523308, 0.000783888390288, 0.000886505877133, 0.00179374916479, 0.0039448030293, 0.00883209239691, 0.00689515052363, 0.00753206387162, 0.00550633436069, 0.00470273103565, 0.00542671047151, 0.00468043843284]
        var: [0.0778442919254, 0.0233653709292, 0.0136926928535, 0.0222576074302, 0.0152108790353, 0.0156735219061, 0.0197730641812, 0.0165156386793, 0.0552235804498, 0.130685389042, 0.0527944862843, 0.0134522300214, 0.011061526835, 0.00793450884521, 0.0125810252503, 0.016689883545, 0.00814037304372, 0.0482042618096, 0.116956815124, 0.0506728254259, 0.073429018259, 0.0919869914651, 0.0467551834881, 0.0668291300535, 0.101099573076, 0.0316932350397, 0.0234062764794, 0.0217220932245, 0.019958499819, 0.0527262724936, 0.0821650773287, 0.0246770530939, 0.045276068151, 0.129503697157, 0.0488528348505, 0.0518502295017]
    chords_histogram: [2.80373835564, 37.3831787109, 3.27102804184, 0, 0, 0, 0, 29.4392528534, 0, 27.102804184, 0, 0, 0, 0, 0, 0, 0, 0, 0, 0, 0, 0, 0, 0]
    thpcp: [1, 0.592988908291, 0.201816990972, 0.174181193113, 0.147497415543, 0.167308554053, 0.204208433628, 0.186730802059, 0.384572595358, 0.578482985497, 0.429018348455, 0.518721580505, 0.624010622501, 0.376611441374, 0.387234926224, 0.451830476522, 0.277693778276, 0.189147830009, 0.172223046422, 0.189262986183, 0.424523085356, 0.574786543846, 0.363187521696, 0.433289676905, 0.651752233505, 0.449908047915, 0.399863988161, 0.500858187675, 0.367283850908, 0.292524516582, 0.316361904144, 0.251834005117, 0.195015177131, 0.200524479151, 0.215074196458, 0.63234603405]
    chords_key: "G#"
    chords_scale: "major"
    key_key: "F"
    key_scale: "minor"
    chords_progression: ["F", "F", "F", "F", "F", "F", "F", "F", "F", "F", "F", "F", "F", "F", "F", "F", "F", "F", "F", "F", "F", "F", "F", "F", "F", "F", "F", "F", "F", "F", "F", "F", "F", "F", "F", "F", "F", "F", "F", "F", "F", "F", "F", "F", "F", "F", "F", "F", "F", "F", "F", "F", "F", "F", "F", "F", "F", "F", "F", "F", "F", "F", "F", "Fm", "Fm", "Fm", "Fm", "Fm", "Fm", "G#", "G#", "G#", "G#", "G#", "G#", "G#", "G#", "G#", "G#", "G#", "G#", "G#", "G#", "G#", "G#", "G#", "G#", "G#", "G#", "G#", "G#", "G#", "G#", "G#", "G#", "G#", "G#", "G#", "G#", "G#", "G#", "G#", "G#", "G#", "G#", "G#", "G#", "G#", "G#", "G#", "G#", "G#", "G#", "G#", "G#", "G#", "G#", "G#", "G#", "G#", "G#", "G#", "G#", "G#", "G#", "G#", "G#", "G#", "G#", "G#", "G#", "G#", "G#", "G#", "G#", "G#", "G#", "G#", "G#", "G#", "G#", "G#", "G#", "G#", "G#", "G#", "G#", "G#", "G#", "Cm", "Cm", "Cm", "Cm", "Cm", "Cm", "Cm", "C", "C", "C", "C", "C", "C", "C", "C", "C", "C", "C", "C", "C", "C", "C", "C", "C", "C", "C", "C", "C", "C", "C", "C", "C", "C", "C", "C", "C", "C", "C", "C", "C", "C", "C", "C", "C", "C", "C", "C", "C", "C", "C", "C", "C", "C", "C", "C", "C", "C", "C", "C", "C", "C", "C", "C", "C", "C"]
