
metadata:
    version:
        essentia: "1.2.2"
    audio_properties:
        analysis_sample_rate: 44100
        bitrate: 128
        channels: 2
        equal_loudness: 1
        length: 10.0832653046
        replay_gain: -6.17920875549
        downmix: "mix"
    tags:
        track: 6
        year: 0
        album: "Splitted by Mp3Splt v. 2.1"
        artist: "From 000.50 To 001.00"
        comment: "http://mp3splt.sf.net"
        genre: ""
        title: "11 Expander [Remix].mp3"

highlevel:
    ballroom:
        all:
            ChaChaCha: 0.118828594685
            Jive: 0.596607267857
            Quickstep: 0.0465123392642
            Rumba-American: 0.000800763140433
            Rumba-International: 0.00239342194982
            Rumba-Misc: 0.00113953393884
            Samba: 0.225254565477
            Tango: 0.000945774489082
            VienneseWaltz: 0.00600291509181
            Waltz: 0.00151481374633
        probability: 0.596607267857
        value: "Jive"
    culture:
        all:
            non_western: 0.017610758543
            western: 0.982389211655
        probability: 0.982389211655
        value: "western"
    gender:
        all:
            female: 0.105228155851
            male: 0.894771814346
        probability: 0.894771814346
        value: "male"
    genre_dortmund:
        all:
            alternative: 0.0656043514609
            blues: 0.00631448114291
            electronic: 0.118599146605
            folkcountry: 0.0205151699483
            funksoulrnb: 0.0194179788232
            jazz: 0.00650100875646
            pop: 0.0239515565336
            raphiphop: 0.0560634285212
            rock: 0.683032870293
        probability: 0.683032870293
        value: "rock"
    genre_electronica:
        all:
            ambient: 0.0826453641057
            dnb: 0.736539721489
            house: 0.00880070403218
            techno: 0.0203998740762
            trance: 0.151614353061
        probability: 0.736539721489
        value: "dnb"
    genre_rosamerica:
        all:
            cla: 0.0183873437345
            dan: 0.0353508852422
            hip: 0.0423926599324
            jaz: 0.0041700466536
            pop: 0.0236447528005
            rhy: 0.00363999931142
            roc: 0.871178150177
            spe: 0.0012361400295
        probability: 0.871178150177
        value: "roc"
    genre_tzanetakis:
        all:
            blu: 0.00241898954846
            cla: 0.00595456361771
            cou: 0.0231749843806
            dis: 0.590052068233
            hip: 0.0300464145839
            jaz: 0.0125555694103
            met: 0.0436156727374
            pop: 0.0758928954601
            reg: 0.0368980616331
            roc: 0.179390773177
        probability: 0.590052068233
        value: "dis"
    live_studio:
        all:
            live: 0.12652143836
            studio: 0.873478591442
        probability: 0.873478591442
        value: "studio"
    mood:
        all:
            Cluster1: 0.318596810102
            Cluster2: 0.174077346921
            Cluster3: 0.0955882743001
            Cluster4: 0.047193787992
            Cluster5: 0.364543795586
        probability: 0.364543795586
        value: "Cluster5"
    mood_acoustic:
        all:
            acoustic: 0.00378389237449
            not_acoustic: 0.996216118336
        probability: 0.996216118336
        value: "not_acoustic"
    mood_aggressive:
        all:
            aggressive: 0.952168941498
            not_aggressive: 0.0478310547769
        probability: 0.952168941498
        value: "aggressive"
    mood_electronic:
        all:
            electronic: 0.936221718788
            not_electronic: 0.063778296113
        probability: 0.936221718788
        value: "electronic"
    mood_happy:
        all:
            happy: 0.70159471035
            not_happy: 0.29840528965
        probability: 0.70159471035
        value: "happy"
    mood_party:
        all:
            not_party: 0.376102238894
            party: 0.623897790909
        probability: 0.623897790909
        value: "party"
    mood_relaxed:
        all:
            not_relaxed: 0.967942118645
            relaxed: 0.0320579074323
        probability: 0.967942118645
        value: "not_relaxed"
    mood_sad:
        all:
            not_sad: 0.966931641102
            sad: 0.0330683812499
        probability: 0.966931641102
        value: "not_sad"
    rhythm:
        all:
            fast: 0.87790954113
            medium: 0.107809402049
            slow: 0.01428105589
        probability: 0.87790954113
        value: "fast"
    speech_music:
        all:
            music: 0.999914288521
            speech: 8.57154445839e-05
        probability: 0.999914288521
        value: "music"
    timbre:
        all:
            bright: 0.139225199819
            dark: 0.860774815083
        probability: 0.860774815083
        value: "dark"
    voice_instrumental:
        all:
            instrumental: 0.0319853164256
            voice: 0.968014657497
        probability: 0.968014657497
        value: "voice"

lowlevel:
    average_loudness: 0.943367183208
    barkbands_kurtosis:
        dmean: 0.480550557375
        dmean2: 0.815119922161
        dvar: 0.362276643515
        dvar2: 0.900797486305
        max: 2.40282058716
        mean: -0.894551336765
        min: -1.75902092457
        var: 0.711794435978
    barkbands_skewness:
        dmean: 0.374696433544
        dmean2: 0.552936732769
        dvar: 0.0937877222896
        dvar2: 0.21818447113
        max: 1.66509890556
        mean: -0.14852014184
        min: -1.34629571438
        var: 0.233494669199
    barkbands_spread:
        dmean: 5.06667566299
        dmean2: 8.32577514648
        dvar: 19.3255825043
        dvar2: 46.3509101868
        max: 56.9672889709
        mean: 32.0360412598
        min: 8.04157543182
        var: 116.578865051
    dissonance:
        dmean: 0.0166548751295
        dmean2: 0.0286362208426
        dvar: 0.000536168343388
        dvar2: 0.00107660167851
        max: 0.498557180166
        mean: 0.475507080555
        min: 0.154392585158
        var: 0.000568046525586
    hfc:
        dmean: 2.81212449074
        dmean2: 4.14428377151
        dvar: 15.5762481689
        dvar2: 34.1851539612
        max: 37.9261398315
        mean: 7.05010652542
        min: 0.00483566801995
        var: 39.9088897705
    pitch:
        dmean: 662.205810547
        dmean2: 1230.80395508
        dvar: 969652.625
        dvar2: 2326775.75
        max: 4900
        mean: 967.60760498
        min: 84.6449127197
        var: 1291384
    pitch_instantaneous_confidence:
        dmean: 0.0882116779685
        dmean2: 0.151683151722
        dvar: 0.00625479640439
        dvar2: 0.0165508221835
        max: 0.638469994068
        mean: 0.370663285255
        min: 0.150281727314
        var: 0.0127529064193
    pitch_salience:
        dmean: 0.0597637072206
        dmean2: 0.101240195334
        dvar: 0.00252559361979
        dvar2: 0.00791545771062
        max: 0.908878862858
        mean: 0.665134429932
        min: 0.454506963491
        var: 0.00450641429052
    silence_rate_20dB:
        dmean: 0
        dmean2: 0
        dvar: 0
        dvar2: 0
        max: 1
        mean: 1
        min: 1
        var: 0
    silence_rate_30dB:
        dmean: 0
        dmean2: 0
        dvar: 0
        dvar2: 0
        max: 1
        mean: 1
        min: 1
        var: 0
    silence_rate_60dB:
        dmean: 0.188505753875
        dmean2: 0.377880185843
        dvar: 0.1529712677
        dvar2: 0.308818340302
        max: 1
        mean: 0.483944952488
        min: 0
        var: 0.249741509557
    spectral_centroid:
        dmean: 232.208694458
        dmean2: 355.96472168
        dvar: 51041.1054688
        dvar2: 104683.257812
        max: 3980.55981445
        mean: 1597.35852051
        min: 790.913635254
        var: 284034.5625
    spectral_complexity:
        dmean: 4.08755779266
        dmean2: 6.03464221954
        dvar: 18.1905002594
        dvar2: 36.924823761
        max: 42
        mean: 13.9218387604
        min: 0
        var: 69.4008331299
    spectral_crest:
        dmean: 1.6104234457
        dmean2: 2.6451151371
        dvar: 1.72837460041
        dvar2: 4.23772096634
        max: 14.0202512741
        mean: 6.06562614441
        min: 2.52268528938
        var: 4.26967811584
    spectral_decrease:
        dmean: 3.22800869368e-10
        dmean2: 4.83252049488e-10
        dvar: 1.45387978649e-19
        dvar2: 3.2309046586e-19
        max: -3.75861885019e-13
        mean: -8.77684647183e-10
        min: -3.53379103757e-09
        var: 3.38623134156e-19
    spectral_energy:
        dmean: 0.00145137798972
        dmean2: 0.00216082995757
        dvar: 3.01383875012e-06
        dvar2: 6.55081703371e-06
        max: 0.0160453151911
        mean: 0.00395205011591
        min: 1.85719977708e-06
        var: 7.46164550947e-06
    spectral_energyband_high:
        dmean: 0.000162514392287
        dmean2: 0.000233237005887
        dvar: 1.11885135823e-07
        dvar2: 2.74023932434e-07
        max: 0.00416632089764
        mean: 0.000366913998732
        min: 1.95989940721e-07
        var: 2.57925961478e-07
    spectral_energyband_low:
        dmean: 0.000256354134763
        dmean2: 0.000444104458438
        dvar: 2.55006028738e-07
        dvar2: 6.97536961525e-07
        max: 0.00462169852108
        mean: 0.000323298881995
        min: 4.37574421142e-09
        var: 2.28073801622e-07
    spectral_energyband_middle_high:
        dmean: 0.000871857861057
        dmean2: 0.0013123054523
        dvar: 1.0531002772e-06
        dvar2: 2.36390769714e-06
        max: 0.00878020748496
        mean: 0.0020259951707
        min: 1.43076772474e-06
        var: 2.19683147407e-06
    spectral_energyband_middle_low:
        dmean: 0.000565516296774
        dmean2: 0.00091702589998
        dvar: 3.73735929315e-07
        dvar2: 9.45193278312e-07
        max: 0.00627984199673
        mean: 0.00123582407832
        min: 2.24560722017e-07
        var: 7.72972100549e-07
    spectral_flatness_db:
        dmean: 0.016085838899
        dmean2: 0.0249377656728
        dvar: 0.000161194751854
        dvar2: 0.000403627898777
        max: 0.263358414173
        mean: 0.158022373915
        min: 0.0837257429957
        var: 0.00227420940064
    spectral_flux:
        dmean: 0.00929665658623
        dmean2: 0.0137581136078
        dvar: 8.70346775628e-05
        dvar2: 0.000153373228386
        max: 0.0880241319537
        mean: 0.0386505909264
        min: 0.00885295215994
        var: 0.00025178285432
    spectral_kurtosis:
        dmean: 2.97685861588
        dmean2: 5.14358568192
        dvar: 22.6914520264
        dvar2: 66.154083252
        max: 34.4052658081
        mean: 5.3990650177
        min: -0.589573383331
        var: 37.3274612427
    spectral_rms:
        dmean: 0.000347989611328
        dmean2: 0.000500723312143
        dvar: 1.14716257826e-07
        dvar2: 2.35029943951e-07
        max: 0.0039565092884
        mean: 0.00186038180254
        min: 4.25664438808e-05
        var: 3.94640267132e-07
    spectral_rolloff:
        dmean: 332.921051025
        dmean2: 536.092224121
        dvar: 176747.15625
        dvar2: 401226.65625
        max: 6309.22851562
        mean: 2953.36694336
        min: 1033.59375
        var: 1091928.375
    spectral_skewness:
        dmean: 0.282722353935
        dmean2: 0.464848041534
        dvar: 0.118148423731
        dvar2: 0.333894699812
        max: 3.7067232132
        mean: 1.41446387768
        min: 0.310120046139
        var: 0.318250387907
    spectral_spread:
        dmean: 480341.0625
        dmean2: 704823.25
        dvar: 272673816576
        dvar2: 386377449472
        max: 16138350
        mean: 4022014
        min: 1248035.5
        var: 4.09952898253e+12
    spectral_strongpeak:
        dmean: 0.533888161182
        dmean2: 0.967009842396
        dvar: 0.583682835102
        dvar2: 1.58074724674
        max: 3.90177083015
        mean: 0.500915944576
        min: 0.0051838606596
        var: 0.490486800671
    zerocrossingrate:
        dmean: 0.00663004955277
        dmean2: 0.00804592762142
        dvar: 4.43820390501e-05
        dvar2: 5.52118362975e-05
        max: 0.20166015625
        mean: 0.0912502259016
        min: 0.015625
        var: 0.000875360332429
    barkbands:
        dmean: [7.25928202883e-07, 7.64514552429e-05, 0.000206171898753, 0.000215765030589, 0.000223158873268, 0.000176649162313, 8.13231235952e-05, 7.70173719502e-05, 0.000127937630168, 8.8513144874e-05, 6.23537343927e-05, 5.56711929676e-05, 0.000126164013636, 8.39100248413e-05, 6.83470570948e-05, 0.000111535853648, 0.000220204485231, 0.000257000268903, 0.000170603219885, 0.00010573380132, 6.93176698405e-05, 4.25744510721e-05, 1.04601849671e-05, 3.33354364557e-06, 1.41973532664e-06, 2.88436936557e-08, 4.51340159691e-10]
        dmean2: [9.08867320959e-07, 0.000128912797663, 0.000377107266104, 0.000353880430339, 0.00036250957055, 0.000307035719743, 0.000142954057083, 0.000124090671306, 0.000206044525839, 0.000152422086103, 8.54319296195e-05, 9.592132119e-05, 0.00019322996377, 0.000151051062858, 9.19785961742e-05, 0.000159919523867, 0.000348201894667, 0.000415562215494, 0.000252948928392, 0.000158882889082, 0.000109278000309, 6.6017419158e-05, 1.61217521963e-05, 4.62560547021e-06, 2.13881162381e-06, 4.38251639423e-08, 7.33129279507e-10]
        dvar: [3.55304652887e-12, 1.52626622452e-08, 2.30730066164e-07, 1.30677264565e-07, 7.4097556535e-08, 7.26535347439e-08, 1.32310802314e-08, 1.24423849002e-08, 2.39503563648e-08, 3.55014968534e-08, 9.43611322413e-09, 6.32764596276e-09, 1.86147257608e-08, 2.73439137999e-08, 1.04161479442e-08, 1.88104856136e-08, 1.06300078073e-07, 1.49170503505e-07, 9.9077723803e-08, 4.09732052731e-08, 2.67122839404e-08, 6.50353060294e-09, 4.33330427096e-10, 4.01443218945e-11, 7.99653138844e-12, 3.14159162653e-15, 1.82053999037e-17]
        dvar2: [3.95247159654e-12, 3.33130074637e-08, 6.70963061111e-07, 3.53573398115e-07, 1.87242079619e-07, 1.97597969986e-07, 3.86958625143e-08, 3.11508436823e-08, 5.48071632522e-08, 9.46579348238e-08, 1.81325354731e-08, 1.67450533439e-08, 3.80976707959e-08, 7.90146827967e-08, 1.85867108371e-08, 3.50013955597e-08, 2.40815438701e-07, 3.56030341209e-07, 2.277979263e-07, 9.81707657388e-08, 7.02239972838e-08, 1.4325129527e-08, 1.09587861008e-09, 8.14922712644e-11, 1.58681817686e-11, 6.97177487589e-15, 4.56348165494e-17]
        max: [2.74636604445e-05, 0.00144828739576, 0.00444244965911, 0.00383776263334, 0.00387583207339, 0.00245304545388, 0.000979325268418, 0.000957895768806, 0.00136946886778, 0.00189681339543, 0.000750065140892, 0.000556449173018, 0.000991049455479, 0.0015152238775, 0.000907244917471, 0.00125095352996, 0.00310155469924, 0.00345987384208, 0.0032971999608, 0.00229289568961, 0.00200647255406, 0.00087532721227, 0.000240333014517, 5.26053299836e-05, 2.01631755772e-05, 4.43773899406e-07, 6.37792041402e-08]
        mean: [1.21436630707e-06, 0.00011460964015, 0.000207495686482, 0.000244611903327, 0.00036954897223, 0.000193080923054, 0.000111291177745, 0.000121925018902, 0.000175379376742, 0.00010105772526, 0.000109422820969, 9.42839469644e-05, 0.00018899103452, 0.000107115381979, 0.00011721446208, 0.000195647298824, 0.000378469296265, 0.000405356346164, 0.000259796273895, 0.000198904701392, 0.000126655184431, 9.74808281171e-05, 2.31388912653e-05, 6.63980381432e-06, 2.66708116214e-06, 5.49249605797e-08, 2.84264944916e-10]
        min: [1.87286713915e-10, 2.57544852111e-09, 6.91244783635e-10, 2.2169293068e-09, 2.52042315907e-08, 1.23292132059e-08, 7.54650599788e-08, 8.00092010422e-08, 2.74320122173e-08, 6.49067377623e-09, 4.57096760442e-09, 9.3744940699e-09, 1.06471901518e-07, 1.57414888236e-07, 2.99244220514e-08, 7.61336806931e-08, 4.0110592181e-07, 5.981617619e-07, 3.52868738673e-08, 6.78788794062e-08, 4.48626416016e-08, 1.57140469526e-08, 3.29435079216e-09, 1.37561337321e-10, 1.16517517856e-10, 2.63816572754e-12, 2.07024220493e-14]
        var: [1.31768346234e-11, 2.5411871718e-08, 1.55846407779e-07, 1.22911700373e-07, 1.73428958306e-07, 6.39650181711e-08, 1.93740223864e-08, 2.34479884398e-08, 3.70400279337e-08, 2.94307334059e-08, 2.518302189e-08, 1.26383969956e-08, 3.59902472269e-08, 2.44700775198e-08, 2.45393856346e-08, 4.62925768829e-08, 2.33026526075e-07, 2.41953387103e-07, 1.62545859439e-07, 7.37543786045e-08, 3.98140116431e-08, 2.33190977639e-08, 1.5791093988e-09, 1.07107961389e-10, 1.99577073617e-11, 7.26852863379e-15, 9.34146563567e-18]
    mfcc:
        mean: [-727.556762695, 134.51965332, -65.2730560303, 57.8092193604, -14.215628624, 7.3250951767, -4.26799488068, -0.561806738377, -1.39766252041, -9.57348823547, 1.69910395145, -2.0121383667, -6.17341279984]
        cov: [[5823.97460938, -4150.11962891, 2415.29785156, -255.91885376, 553.289489746, -540.865661621, -423.021118164, -36.3079719543, -301.544799805, 199.22795105, 34.7921714783, 212.288726807, -13.8030462265], [-4150.11962891, 3780.92285156, -2146.46264648, 278.978149414, -553.412475586, 476.532226562, 409.8230896, 76.5909500122, 246.023651123, -225.771820068, -31.4683418274, -206.195648193, -3.73289513588], [2415.29785156, -2146.46264648, 1462.29968262, -228.554519653, 250.99760437, -226.517868042, -177.578216553, 32.8028411865, -138.918960571, 110.054954529, 48.739818573, 168.823059082, 53.6561203003], [-255.91885376, 278.978149414, -228.554519653, 215.384017944, 67.8593521118, 15.698217392, -35.1556549072, -26.7351665497, 35.7346343994, 3.78634119034, -3.53396940231, -35.132396698, -29.7853088379], [553.289489746, -553.412475586, 250.99760437, 67.8593521118, 408.000946045, -22.9760665894, -82.2555236816, -103.494903564, -51.0356521606, 101.388511658, 6.68164491653, 57.3156967163, -44.4693222046], [-540.865661621, 476.532226562, -226.517868042, 15.698217392, -22.9760665894, 192.450134277, 89.0516891479, -5.41009044647, -8.46465778351, -30.2713069916, 19.6256656647, 4.81664514542, 41.3703727722], [-423.021118164, 409.8230896, -177.578216553, -35.1556549072, -82.2555236816, 89.0516891479, 151.574737549, 49.4621429443, 32.2296333313, -19.8780784607, 8.09999084473, 3.13120555878, 14.0779762268], [-36.3079719543, 76.5909500122, 32.8028411865, -26.7351665497, -103.494903564, -5.41009044647, 49.4621429443, 128.275512695, 55.6701126099, -4.85530996323, 20.6448116302, -5.49765968323, 22.0669498444], [-301.544799805, 246.023651123, -138.918960571, 35.7346343994, -51.0356521606, -8.46465778351, 32.2296333313, 55.6701126099, 92.346206665, 11.1688508987, 4.60275697708, -23.1520137787, -15.0296239853], [199.22795105, -225.771820068, 110.054954529, 3.78634119034, 101.388511658, -30.2713069916, -19.8780784607, -4.85530996323, 11.1688508987, 86.0102233887, 14.0179452896, 6.96228075027, -22.0961589813], [34.7921714783, -31.4683418274, 48.739818573, -3.53396940231, 6.68164491653, 19.6256656647, 8.09999084473, 20.6448116302, 4.60275697708, 14.0179452896, 44.5090560913, 19.9906978607, 11.3192501068], [212.288726807, -206.195648193, 168.823059082, -35.132396698, 57.3156967163, 4.81664514542, 3.13120555878, -5.49765968323, -23.1520137787, 6.96228075027, 19.9906978607, 83.0186843872, 26.2192974091], [-13.8030462265, -3.73289513588, 53.6561203003, -29.7853088379, -44.4693222046, 41.3703727722, 14.0779762268, 22.0669498444, -15.0296239853, -22.0961589813, 11.3192501068, 26.2192974091, 67.1811447144]]
        icov: [[0.000937144737691, 0.000958055607043, -0.000256325147348, -0.000698842573911, 0.000118306590593, 0.000225512863835, -0.000536435458343, -0.00069325423101, 0.00119176623411, 0.000541714543942, -9.35572752496e-05, 0.000136312170071, 0.000827582436614], [0.000958055607043, 0.00437928829342, 0.00365293654613, -0.00138445105404, 0.00134201697074, -0.00265525141731, -0.00205707061104, -0.00180302176159, -0.000510971876793, 0.00212931912392, -5.1930463087e-05, -0.0011882847175, 0.00151412398554], [-0.000256325147348, 0.00365293654613, 0.00714288977906, 0.00114675273653, 0.000155392379384, -0.00118482962716, 0.000206514203455, -0.00416789995506, 0.00102869933471, 0.000274748890661, -0.000762248120736, -0.00389680103399, -0.000918137491681], [-0.000698842573911, -0.00138445105404, 0.00114675273653, 0.00945540703833, -0.0034974522423, -0.000148136095959, 0.00473746098578, -8.02495196695e-05, -0.00388841587119, 0.00173146580346, -0.00189232546836, 0.00173346570227, -0.000792623788584], [0.000118306590593, 0.00134201697074, 0.000155392379384, -0.0034974522423, 0.00796078611165, -0.0037753675133, 0.000308276794385, 0.00245425896719, 0.000951774534769, -0.00614744378254, 0.00264583481476, -0.00531668122858, 0.00496797217056], [0.000225512863835, -0.00265525141731, -0.00118482962716, -0.000148136095959, -0.0037753675133, 0.0168193671852, -0.00626751268283, 0.00276653072797, 0.00563886249438, 0.000624706910457, -0.00762805435807, 0.00387751753442, -0.0104334754869], [-0.000536435458343, -0.00205707061104, 0.000206514203455, 0.00473746098578, 0.000308276794385, -0.00626751268283, 0.017191618681, -0.00577442580834, -0.00124042446259, -0.00235688895918, 0.00355336209759, -0.0054747806862, 0.00455401418731], [-0.00069325423101, -0.00180302176159, -0.00416789995506, -8.02495196695e-05, 0.00245425896719, 0.00276653072797, -0.00577442580834, 0.0221626479179, -0.0128760691732, 0.000764024211094, -0.0067208185792, 0.00568176154047, -0.00681258225814], [0.00119176623411, -0.000510971876793, 0.00102869933471, -0.00388841587119, 0.000951774534769, 0.00563886249438, -0.00124042446259, -0.0128760691732, 0.0294060781598, -0.00802220031619, 0.000335352437105, -0.00235256180167, 0.00411959597841], [0.000541714543942, 0.00212931912392, 0.000274748890661, 0.00173146580346, -0.00614744378254, 0.000624706910457, -0.00235688895918, 0.000764024211094, -0.00802220031619, 0.0250832252204, -0.00844080280513, 0.00537553429604, 0.00234638364054], [-9.35572752496e-05, -5.1930463087e-05, -0.000762248120736, -0.00189232546836, 0.00264583481476, -0.00762805435807, 0.00355336209759, -0.0067208185792, 0.000335352437105, -0.00844080280513, 0.03483376652, -0.00958376377821, 0.00282946368679], [0.000136312170071, -0.0011882847175, -0.00389680103399, 0.00173346570227, -0.00531668122858, 0.00387751753442, -0.0054747806862, 0.00568176154047, -0.00235256180167, 0.00537553429604, -0.00958376377821, 0.0257882457227, -0.00999137759209], [0.000827582436614, 0.00151412398554, -0.000918137491681, -0.000792623788584, 0.00496797217056, -0.0104334754869, 0.00455401418731, -0.00681258225814, 0.00411959597841, 0.00234638364054, 0.00282946368679, -0.00999137759209, 0.0316340625286]]
    spectral_contrast:
        mean: [3.91947651224e-07, -7.24290671883e-08, -2.3499516999e-07, -4.29530246038e-07, 6.44004174433e-08, 5.39319273685e-07, -3.60984904546e-06, 1.16934722882e-06, 3.31675869347e-06, -2.82251971839e-06, 3.09122015096e-06, 5.6803910411e-06]
        var: [0.000513748964295, 0.00066257402068, 0.00126787263434, 0.00162827479653, 0.00195574900135, 0.00337516423315, 0.0449406690896, 0.0955695584416, 0.16139113903, 0.298250705004, 0.45116430521, 4.60590648651]

rhythm:
    beats_loudness:
        dmean: 0.00374105852097
        dmean2: 0.00645903218538
        dvar: 6.0930788095e-06
        dvar2: 3.08051749016e-05
        max: 0.0141715109348
        mean: 0.00552327930927
        min: 0.001737536164
        var: 9.63694583334e-06
    beats_loudness_bass:
        dmean: 0.101688288152
        dmean2: 0.166923329234
        dvar: 0.00293613225222
        dvar2: 0.00869408249855
        max: 0.25091329217
        mean: 0.135630711913
        min: 0.00186187180225
        var: 0.0063197389245
    bpm: 126.595375061
    bpm_confidence: 0
    first_peak_bpm: 126
    first_peak_spread: 0
    first_peak_weight: 0.947368383408
    onset_rate: 5.85127878189
    second_peak_bpm: 116
    second_peak_spread: 0
    second_peak_weight: 0.0526315793395
    beats_position: [0.479958057404, 0.954341769218, 1.42872548103, 1.90310919285, 2.37749290466, 2.85187649727, 3.32626032829, 3.80064415932, 4.27502775192, 4.74941158295, 5.22379541397, 5.698179245, 6.21492671967, 6.68826580048, 7.16160488129, 7.63494300842, 8.10828208923, 8.58162117004, 9.05496025085, 9.52829933167]
    bpm_estimates: [126.511550903, 126.428611755, 126.476394653, 126.863838196, 126.420669556, 126.631080627, 126.346618652, 126.210502625, 126.482498169, 126.429283142, 126.799324036, 126.519348145, 127.032341003, 126.20274353, 126.766235352, 126.643615723, 127.356407166]
    bpm_intervals: [0.474383711815, 0.474383711815, 0.474383711815, 0.474383711815, 0.474383592606, 0.474383831024, 0.474383831024, 0.474383592606, 0.474383831024, 0.474383831024, 0.474383831024, 0.51674747467, 0.473339080811, 0.473339080811, 0.473338127136, 0.473339080811, 0.473339080811, 0.473339080811, 0.473339080811]
    onset_times: [0.0348299331963, 0.348299324512, 0.603718817234, 0.696598649025, 0.940408170223, 1.20743763447, 1.4164172411, 1.5673469305, 1.66022670269, 1.89242625237, 2.14784574509, 2.26394557953, 2.50775504112, 2.62385487556, 2.75156474113, 2.85605430603, 3.11147403717, 3.23918366432, 3.35528349876, 3.47138333321, 3.5758728981, 3.79646253586, 4.06349229813, 4.1679816246, 4.66721105576, 4.79492044449, 5.01551008224, 5.22448968887, 5.4334692955, 5.47990942001, 5.64244890213, 5.86303853989, 5.99074840546, 6.08362817764, 6.25777769089, 6.54802703857, 6.71056699753, 6.90793657303, 7.12852621078, 7.34911584854, 7.38394546509, 7.54648542404, 7.63936519623, 7.7670750618, 7.89478445053, 7.98766422272, 8.11537456512, 8.48689365387, 8.60299301147, 8.83519268036, 9.03256225586, 9.25315189362, 9.287981987, 9.43891143799, 9.54340171814, 9.682721138, 9.77560043335, 9.90331077576, 10.0542402267]
    rubato_start: []
    rubato_stop: []
    perceptual_tempo: "unknown"

sfx:
    inharmonicity:
        dmean: 0.0701197013259
        dmean2: 0.123156905174
        dvar: 0.00591906625777
        dvar2: 0.0167665965855
        max: 0.409445226192
        mean: 0.0719282925129
        min: 0
        var: 0.00555888097733
    oddtoevenharmonicenergyratio:
        dmean: 4.77764034271
        dmean2: 9.19453430176
        dvar: 235.785140991
        dvar2: 691.540893555
        max: 98.3582839966
        mean: 2.93297815323
        min: 0
        var: 127.383773804
    pitch_after_max_to_before_max_energy_ratio: 0.874680221081
    pitch_centroid: 175.441345215
    pitch_max_to_total: 0.310344815254
    pitch_min_to_total: 0.259770125151
    tristimulus:
        dmean: [0.178542137146, 0.26343691349, 0.132963359356]
        dmean2: [0.306563287973, 0.457376658916, 0.234416753054]
        dvar: [0.0202990323305, 0.0459128469229, 0.014857343398]
        dvar2: [0.0541834235191, 0.140462249517, 0.0400384142995]
        max: [1, 0.997094213963, 0.620979309082]
        mean: [0.305626362562, 0.471232235432, 0.144459009171]
        min: [0.00290576042607, 0, 0]
        var: [0.0297703817487, 0.0594625025988, 0.0202287100255]

tonal:
    chords_changes_rate: 0.00913241971284
    chords_number_rate: 0.00913241971284
    chords_strength:
        dmean: 0.00706056132913
        dmean2: 0.00943562760949
        dvar: 3.70848210878e-05
        dvar2: 5.5708365835e-05
        max: 0.670183956623
        mean: 0.51788520813
        min: 0.382862627506
        var: 0.00454037776217
    key_strength: 0.672875285149
    tuning_diatonic_strength: 0.570926308632
    tuning_equal_tempered_deviation: 0.0112530458719
    tuning_frequency: 433.441375732
    tuning_nontempered_energy_ratio: 0.7174269557
    hpcp:
        dmean: [0.130747407675, 0.11378274858, 0.121887952089, 0.132741346955, 0.0956918224692, 0.116065680981, 0.164351612329, 0.133655160666, 0.209885254502, 0.227773159742, 0.212391674519, 0.179387480021, 0.13600680232, 0.0801884010434, 0.0767459794879, 0.116495445371, 0.151089087129, 0.208862289786, 0.219579771161, 0.15550903976, 0.146331608295, 0.190588802099, 0.202120393515, 0.234839573503, 0.181528717279, 0.237200975418, 0.158142820001, 0.123264804482, 0.103652171791, 0.0961876511574, 0.115165621042, 0.11827942729, 0.113039605319, 0.112012669444, 0.0917026922107, 0.0997510030866]
        dmean2: [0.224434554577, 0.198090583086, 0.208367928863, 0.230631440878, 0.162832051516, 0.193994447589, 0.279147922993, 0.229876413941, 0.369573235512, 0.399111419916, 0.360505759716, 0.318396270275, 0.237358495593, 0.135669827461, 0.124859571457, 0.205291375518, 0.262700170279, 0.335501968861, 0.369982331991, 0.26508384943, 0.257497757673, 0.334785580635, 0.361210823059, 0.409507364035, 0.310521572828, 0.39219725132, 0.256214767694, 0.208112254739, 0.172586038709, 0.157040983438, 0.181394442916, 0.189356774092, 0.184537217021, 0.192321613431, 0.149043485522, 0.173453211784]
        dvar: [0.017438782379, 0.0141421938315, 0.0244762636721, 0.0326803438365, 0.00767320301384, 0.0127472300082, 0.0311493836343, 0.0175968129188, 0.0348543711007, 0.0404297783971, 0.0381037667394, 0.0393516197801, 0.0286223385483, 0.00797210820019, 0.00710633955896, 0.0141188576818, 0.0307563468814, 0.0330312140286, 0.042098429054, 0.0243470557034, 0.022413784638, 0.0349562466145, 0.039943754673, 0.0406812652946, 0.0397269055247, 0.0419978275895, 0.0308090187609, 0.0287725310773, 0.0117092709988, 0.00866053439677, 0.0154502252117, 0.0190696418285, 0.0227820277214, 0.0249896589667, 0.00995730701834, 0.0109405787662]
        dvar2: [0.0537402294576, 0.0381957255304, 0.0729906111956, 0.0916415974498, 0.020772555843, 0.0333169102669, 0.0784305334091, 0.0416267439723, 0.0988839864731, 0.0959649980068, 0.0997920483351, 0.106505669653, 0.0761267393827, 0.0208653137088, 0.0187235269696, 0.0353115126491, 0.0802484825253, 0.0814699530602, 0.103774100542, 0.0660297498107, 0.0653424263, 0.102310605347, 0.10953246057, 0.0966518297791, 0.0892663449049, 0.112594224513, 0.0718637406826, 0.0650443434715, 0.029416013509, 0.0252390913665, 0.0442089661956, 0.0492337346077, 0.0473728738725, 0.0471424683928, 0.0218091011047, 0.0310798287392]
        max: [0.859140455723, 0.81634002924, 0.999369084835, 1, 0.626760184765, 0.74756872654, 1, 0.775120258331, 1, 1, 1, 1, 1, 0.568652153015, 0.514131724834, 0.73991984129, 1, 1, 1, 1, 0.856264531612, 1, 1, 1, 1, 1, 1, 1, 0.680498421192, 0.626179039478, 1, 1, 1, 1, 1, 0.743186175823]
        mean: [0.196176543832, 0.17548134923, 0.16635325551, 0.182219401002, 0.135960772634, 0.144318044186, 0.193470209837, 0.178498029709, 0.354754626751, 0.516671180725, 0.354112654924, 0.202053889632, 0.153368487954, 0.110173709691, 0.121997416019, 0.165527001023, 0.210674986243, 0.316208660603, 0.343575268984, 0.224351108074, 0.176862791181, 0.234692215919, 0.271461635828, 0.452573865652, 0.634365200996, 0.442431718111, 0.218075111508, 0.176533326507, 0.137234419584, 0.144277349114, 0.200784251094, 0.190584108233, 0.192952230573, 0.215601697564, 0.170524165034, 0.16050760448]
        min: [0.0151207810268, 0.00520614162087, 0, 0.000437556504039, 0.00914883799851, 0.0113194650039, 0.00934890285134, 0.00953497644514, 0.0201927684247, 0.0132970865816, 0.0195236895233, 0.00516550987959, 0.0100494818762, 0.00294149527326, 0.00590046448633, 0.0115720070899, 0.0136148976162, 0.0158451870084, 0.0112079763785, 0.00847524404526, 0, 0.0109318876639, 0.00807271990925, 0.0143145369366, 0.0122331827879, 0, 0.00647622486576, 0.00587550457567, 0.0100394356996, 0.0190037302673, 0.0118652917445, 0.00944645516574, 0.0141756292433, 0.0115540623665, 0.00960654579103, 0.0147724077106]
        var: [0.0215847510844, 0.0185391493142, 0.0243243612349, 0.0385414026678, 0.0140105327591, 0.0163333658129, 0.0366483144462, 0.0230028145015, 0.0566490069032, 0.0916577205062, 0.069396995008, 0.0469715073705, 0.031000783667, 0.00974881555885, 0.0111060077325, 0.0218356847763, 0.0340167619288, 0.0606281682849, 0.0840230584145, 0.0422378219664, 0.0260007437319, 0.0479859784245, 0.0507538579404, 0.0979500114918, 0.132274195552, 0.0740253776312, 0.0500373542309, 0.0599864460528, 0.0207631550729, 0.0131326820701, 0.0312337782234, 0.0293800346553, 0.0521907657385, 0.0701888650656, 0.0263863690197, 0.0172013901174]
    chords_histogram: [94.5205459595, 0, 0, 0, 0, 0, 0, 5.47945213318, 0, 0, 0, 0, 0, 0, 0, 0, 0, 0, 0, 0, 0, 0, 0, 0]
    thpcp: [1, 0.697440087795, 0.343769043684, 0.278283447027, 0.216333463788, 0.227435782552, 0.316512078047, 0.300432801247, 0.304165840149, 0.339870005846, 0.268810719252, 0.253020823002, 0.30924859643, 0.2766251266, 0.262235790491, 0.287246853113, 0.214325711131, 0.227499932051, 0.30498239398, 0.281380563974, 0.559227764606, 0.814469635487, 0.558215737343, 0.318513512611, 0.241766870022, 0.173675522208, 0.19231416285, 0.260933279991, 0.332103639841, 0.49846470356, 0.541604876518, 0.353662371635, 0.278802782297, 0.369963884354, 0.427926421165, 0.713427960873]
    chords_key: "F"
    chords_scale: "minor"
    key_key: "F"
    key_scale: "minor"
    chords_progression: ["Fm", "Fm", "Fm", "Fm", "Fm", "Fm", "Fm", "Fm", "Fm", "Fm", "Fm", "Fm", "Fm", "Fm", "Fm", "Fm", "Fm", "Fm", "Fm", "Fm", "Fm", "Fm", "Fm", "Fm", "Fm", "Fm", "Fm", "Fm", "Fm", "Fm", "Fm", "Fm", "Fm", "Fm", "Fm", "Fm", "Fm", "Fm", "Fm", "Fm", "Fm", "Fm", "Fm", "Fm", "Fm", "Fm", "Fm", "Fm", "Fm", "Fm", "Fm", "Fm", "Fm", "Fm", "Fm", "Fm", "Fm", "Fm", "Fm", "Fm", "Fm", "Fm", "Fm", "Fm", "Fm", "Fm", "Fm", "Fm", "Fm", "Fm", "Fm", "Fm", "Fm", "Fm", "Fm", "Fm", "Fm", "Fm", "Fm", "Fm", "Fm", "Fm", "Fm", "Fm", "Fm", "Fm", "Fm", "Fm", "Fm", "Fm", "Fm", "F", "F", "F", "F", "F", "F", "F", "F", "F", "F", "F", "F", "Fm", "Fm", "Fm", "Fm", "Fm", "Fm", "Fm", "Fm", "Fm", "Fm", "Fm", "Fm", "Fm", "Fm", "Fm", "Fm", "Fm", "Fm", "Fm", "Fm", "Fm", "Fm", "Fm", "Fm", "Fm", "Fm", "Fm", "Fm", "Fm", "Fm", "Fm", "Fm", "Fm", "Fm", "Fm", "Fm", "Fm", "Fm", "Fm", "Fm", "Fm", "Fm", "Fm", "Fm", "Fm", "Fm", "Fm", "Fm", "Fm", "Fm", "Fm", "Fm", "Fm", "Fm", "Fm", "Fm", "Fm", "Fm", "Fm", "Fm", "Fm", "Fm", "Fm", "Fm", "Fm", "Fm", "Fm", "Fm", "Fm", "Fm", "Fm", "Fm", "Fm", "Fm", "Fm", "Fm", "Fm", "Fm", "Fm", "Fm", "Fm", "Fm", "Fm", "Fm", "Fm", "Fm", "Fm", "Fm", "Fm", "Fm", "Fm", "Fm", "Fm", "Fm", "Fm", "Fm", "Fm", "Fm", "Fm", "Fm", "Fm", "Fm", "Fm", "Fm", "Fm", "Fm", "Fm", "Fm", "Fm", "Fm", "Fm", "Fm", "Fm", "Fm", "Fm", "Fm"]
