
metadata:
    version:
        essentia: "1.2.2"
    audio_properties:
        analysis_sample_rate: 44100
        bitrate: 128
        channels: 2
        equal_loudness: 1
        length: 9.92653083801
        replay_gain: -10.7060012817
        downmix: "mix"
    tags:
        track: 19
        year: 0
        album: "Splitted by Mp3Splt v. 2.1"
        artist: "From 003.00 To 003.10"
        comment: "http://mp3splt.sf.net"
        genre: ""
        title: "11 Schoorille-While Dandy Was"

highlevel:
    ballroom:
        all:
            ChaChaCha: 0.306600004435
            Jive: 0.0576260685921
            Quickstep: 0.0262519754469
            Rumba-American: 0.0142066879198
            Rumba-International: 0.178820610046
            Rumba-Misc: 0.0822089016438
            Samba: 0.290807783604
            Tango: 0.0141500849277
            VienneseWaltz: 0.0117022851482
            Waltz: 0.017625587061
        probability: 0.306600004435
        value: "ChaChaCha"
    culture:
        all:
            non_western: 0.666568100452
            western: 0.333431899548
        probability: 0.666568100452
        value: "non_western"
    gender:
        all:
            female: 0.758272409439
            male: 0.24172757566
        probability: 0.758272409439
        value: "female"
    genre_dortmund:
        all:
            alternative: 0.00358939520083
            blues: 0.00651069870219
            electronic: 0.164455786347
            folkcountry: 0.00501543516293
            funksoulrnb: 0.00239564059302
            jazz: 0.038149189204
            pop: 0.00599916977808
            raphiphop: 0.767396688461
            rock: 0.00648798514158
        probability: 0.767396688461
        value: "raphiphop"
    genre_electronica:
        all:
            ambient: 0.073741056025
            dnb: 0.0575977228582
            house: 0.233421266079
            techno: 0.629597365856
            trance: 0.00564258126542
        probability: 0.629597365856
        value: "techno"
    genre_rosamerica:
        all:
            cla: 0.0347946360707
            dan: 0.0900354906917
            hip: 0.475262850523
            jaz: 0.0257075838745
            pop: 0.0118707446381
            rhy: 0.329523682594
            roc: 0.00746477441862
            spe: 0.0253402534872
        probability: 0.475262850523
        value: "hip"
    genre_tzanetakis:
        all:
            blu: 0.0103905433789
            cla: 0.00715417973697
            cou: 0.00654409639537
            dis: 0.0187703371048
            hip: 0.667615413666
            jaz: 0.0028809113428
            met: 0.010589462705
            pop: 0.0578252077103
            reg: 0.198749408126
            roc: 0.01948046498
        probability: 0.667615413666
        value: "hip"
    live_studio:
        all:
            live: 0.787621617317
            studio: 0.212378397584
        probability: 0.787621617317
        value: "live"
    mood:
        all:
            Cluster1: 0.356099486351
            Cluster2: 0.0768918246031
            Cluster3: 0.156147480011
            Cluster4: 0.0725981816649
            Cluster5: 0.338263034821
        probability: 0.356099486351
        value: "Cluster1"
    mood_acoustic:
        all:
            acoustic: 0.358118385077
            not_acoustic: 0.641881585121
        probability: 0.641881585121
        value: "not_acoustic"
    mood_aggressive:
        all:
            aggressive: 0.279803425074
            not_aggressive: 0.720196604729
        probability: 0.720196604729
        value: "not_aggressive"
    mood_electronic:
        all:
            electronic: 0.967859983444
            not_electronic: 0.0321400463581
        probability: 0.967859983444
        value: "electronic"
    mood_happy:
        all:
            happy: 0.020840389654
            not_happy: 0.979159593582
        probability: 0.979159593582
        value: "not_happy"
    mood_party:
        all:
            not_party: 0.381830096245
            party: 0.618169903755
        probability: 0.618169903755
        value: "party"
    mood_relaxed:
        all:
            not_relaxed: 0.10543782264
            relaxed: 0.894562184811
        probability: 0.894562184811
        value: "relaxed"
    mood_sad:
        all:
            not_sad: 0.592042684555
            sad: 0.407957315445
        probability: 0.592042684555
        value: "not_sad"
    rhythm:
        all:
            fast: 0.111562132835
            medium: 0.519736111164
            slow: 0.368701726198
        probability: 0.519736111164
        value: "medium"
    speech_music:
        all:
            music: 0.800875067711
            speech: 0.199124902487
        probability: 0.800875067711
        value: "music"
    timbre:
        all:
            bright: 0.0403077565134
            dark: 0.959692239761
        probability: 0.959692239761
        value: "dark"
    voice_instrumental:
        all:
            instrumental: 0.953070878983
            voice: 0.0469291396439
        probability: 0.953070878983
        value: "instrumental"

lowlevel:
    average_loudness: 0.882853627205
    barkbands_kurtosis:
        dmean: 8.60872650146
        dmean2: 13.3889846802
        dvar: 136.200195312
        dvar2: 315.697601318
        max: 106.313713074
        mean: 9.89619159698
        min: -1.88148641586
        var: 222.659805298
    barkbands_skewness:
        dmean: 1.23300027847
        dmean2: 1.86948370934
        dvar: 1.37026405334
        dvar2: 2.93333792686
        max: 8.95874118805
        mean: 1.96388816833
        min: -2.71596908569
        var: 3.13085818291
    barkbands_spread:
        dmean: 9.86168670654
        dmean2: 15.7432222366
        dvar: 117.344512939
        dvar2: 259.045837402
        max: 57.9032478333
        mean: 18.6716346741
        min: 0.665719747543
        var: 226.581802368
    dissonance:
        dmean: 0.0400756075978
        dmean2: 0.0713083595037
        dvar: 0.00240472075529
        dvar2: 0.00659971637651
        max: 0.499950528145
        mean: 0.447219908237
        min: 0.162749812007
        var: 0.00251760333776
    hfc:
        dmean: 1.33050525188
        dmean2: 2.01206183434
        dvar: 10.8728475571
        dvar2: 21.6542930603
        max: 54.8269195557
        mean: 1.41144549847
        min: 0.00101500621531
        var: 19.3739814758
    pitch:
        dmean: 758.84387207
        dmean2: 1452.02770996
        dvar: 1635246.75
        dvar2: 3791335
        max: 4900
        mean: 842.584350586
        min: 43.06640625
        var: 1623280.5
    pitch_instantaneous_confidence:
        dmean: 0.120660334826
        dmean2: 0.198745906353
        dvar: 0.0121044814587
        dvar2: 0.0263984743506
        max: 0.841422557831
        mean: 0.411854654551
        min: 0.0945912003517
        var: 0.0287590455264
    pitch_salience:
        dmean: 0.116588257253
        dmean2: 0.181351989508
        dvar: 0.0119459107518
        dvar2: 0.0261812712997
        max: 0.960209190845
        mean: 0.592220842838
        min: 0.0732508376241
        var: 0.0277649611235
    silence_rate_20dB:
        dmean: 0
        dmean2: 0
        dvar: 0
        dvar2: 0
        max: 1
        mean: 1
        min: 1
        var: 0
    silence_rate_30dB:
        dmean: 0
        dmean2: 0
        dvar: 0
        dvar2: 0
        max: 1
        mean: 1
        min: 1
        var: 0
    silence_rate_60dB:
        dmean: 0.0872641503811
        dmean2: 0.174940899014
        dvar: 0.0796487182379
        dvar2: 0.163249120116
        max: 1
        mean: 0.863529384136
        min: 0
        var: 0.117845773697
    spectral_centroid:
        dmean: 378.052398682
        dmean2: 583.981140137
        dvar: 212689.8125
        dvar2: 391132.625
        max: 2886.82861328
        mean: 756.248352051
        min: 73.9217224121
        var: 466148.875
    spectral_complexity:
        dmean: 1.55131268501
        dmean2: 2.49282288551
        dvar: 5.66503572464
        dvar2: 10.5322380066
        max: 33
        mean: 2.55238103867
        min: 0
        var: 16.8043937683
    spectral_crest:
        dmean: 3.07081127167
        dmean2: 4.98630142212
        dvar: 8.55058288574
        dvar2: 19.3912467957
        max: 24.1315574646
        mean: 10.2610521317
        min: 2.73798394203
        var: 19.0405445099
    spectral_decrease:
        dmean: 4.093214101e-10
        dmean2: 6.86470047473e-10
        dvar: 8.07947112348e-19
        dvar2: 2.00250624209e-18
        max: -3.88548351479e-13
        mean: -4.49560139115e-10
        min: -9.20015619243e-09
        var: 1.02130615044e-18
    spectral_energy:
        dmean: 0.00164074718487
        dmean2: 0.00275172037072
        dvar: 1.22908204503e-05
        dvar2: 3.03291926684e-05
        max: 0.0363110005856
        mean: 0.00182476383634
        min: 1.58405430284e-06
        var: 1.64679677255e-05
    spectral_energyband_high:
        dmean: 6.59632642055e-05
        dmean2: 0.000107591964479
        dvar: 5.14581728339e-08
        dvar2: 1.12629592763e-07
        max: 0.00307663832791
        mean: 5.93091353949e-05
        min: 3.31802745279e-08
        var: 6.58036256596e-08
    spectral_energyband_low:
        dmean: 0.000349706271663
        dmean2: 0.000619106576778
        dvar: 1.22488575016e-06
        dvar2: 3.30995430886e-06
        max: 0.0102999471128
        mean: 0.000265374226728
        min: 1.83340915783e-08
        var: 7.10738220278e-07
    spectral_energyband_middle_high:
        dmean: 0.000303917011479
        dmean2: 0.000472175132018
        dvar: 8.41557493914e-07
        dvar2: 1.72908016793e-06
        max: 0.0146146565676
        mean: 0.000298550759908
        min: 1.75310930217e-07
        var: 1.24173698168e-06
    spectral_energyband_middle_low:
        dmean: 0.00111293140799
        dmean2: 0.00181550637353
        dvar: 7.18538103683e-06
        dvar2: 1.69975464814e-05
        max: 0.0336372368038
        mean: 0.0012012377847
        min: 5.76978152367e-07
        var: 9.79698688752e-06
    spectral_flatness_db:
        dmean: 0.0500197336078
        dmean2: 0.0745399594307
        dvar: 0.0020867343992
        dvar2: 0.00450122030452
        max: 0.422885686159
        mean: 0.213712751865
        min: 0.0864328220487
        var: 0.00574704259634
    spectral_flux:
        dmean: 0.0143487984315
        dmean2: 0.023628834635
        dvar: 0.000397418625653
        dvar2: 0.000665866886266
        max: 0.166586905718
        mean: 0.0253599453717
        min: 0.000696041970514
        var: 0.00072446995182
    spectral_kurtosis:
        dmean: 5.9063744545
        dmean2: 8.96472072601
        dvar: 64.9110870361
        dvar2: 145.516799927
        max: 70.6193466187
        mean: 9.97728252411
        min: -0.258486747742
        var: 122.759750366
    spectral_rms:
        dmean: 0.000494390435051
        dmean2: 0.000800436886493
        dvar: 5.02062675878e-07
        dvar2: 1.23714573874e-06
        max: 0.00595192145556
        mean: 0.000938749639317
        min: 3.93118134525e-05
        var: 8.99007432054e-07
    spectral_rolloff:
        dmean: 844.213989258
        dmean2: 1481.51550293
        dvar: 1258296.5
        dvar2: 2462090.5
        max: 4758.83789062
        mean: 1403.91442871
        min: 64.599609375
        var: 2084043.25
    spectral_skewness:
        dmean: 0.655834257603
        dmean2: 0.93228662014
        dvar: 0.471691638231
        dvar2: 0.959104895592
        max: 6.46527194977
        mean: 2.25306940079
        min: 0.519984126091
        var: 1.43658161163
    spectral_spread:
        dmean: 874470.125
        dmean2: 1359869.5
        dvar: 1.33730494054e+12
        dvar2: 2.7724194775e+12
        max: 15690229
        mean: 4018411
        min: 792628
        var: 2.49301250867e+12
    spectral_strongpeak:
        dmean: 0.110148355365
        dmean2: 0.178962931037
        dvar: 0.106141731143
        dvar2: 0.265211105347
        max: 4.96482038498
        mean: 0.143307745457
        min: 0.0019855198916
        var: 0.113339290023
    zerocrossingrate:
        dmean: 0.0132185546681
        dmean2: 0.013570247218
        dvar: 0.000166120138601
        dvar2: 0.000163191711181
        max: 0.1572265625
        mean: 0.0464448481798
        min: 0.00244140625
        var: 0.00112324440852
    barkbands:
        dmean: [4.27704844697e-06, 0.000130605723825, 0.000231632628129, 0.00034138202318, 0.000419561867602, 0.000198149384232, 0.000175792956725, 5.69860603719e-05, 2.6329933462e-05, 1.75201876118e-05, 1.12246743811e-05, 1.1965223166e-05, 8.11679092294e-06, 8.8752440206e-06, 1.67919533851e-05, 4.48442078778e-05, 5.75222329644e-05, 6.6964646976e-05, 8.12817233964e-05, 5.61286542506e-05, 2.65798735199e-05, 7.75176977186e-06, 1.57234001108e-06, 5.24391964518e-07, 2.4767265927e-07, 1.40578180208e-08, 1.63402624764e-10]
        dmean2: [5.90980471316e-06, 0.000230805133469, 0.000418495968916, 0.000561467721127, 0.000705811486114, 0.00034029703238, 0.000264160131337, 9.70960172708e-05, 4.39565592387e-05, 2.99077528325e-05, 1.7766307792e-05, 2.09433146665e-05, 1.35309092002e-05, 1.48080180224e-05, 2.8819173167e-05, 7.68536192481e-05, 9.81558405329e-05, 0.000119242009532, 0.000133035035105, 9.98111063382e-05, 4.44783981948e-05, 1.39029716593e-05, 2.87005764221e-06, 9.18244097647e-07, 4.38641052369e-07, 2.5691154093e-08, 3.10739212139e-10]
        dvar: [6.17064455088e-11, 1.5437515799e-07, 6.51548646147e-07, 1.34266804253e-06, 1.35623247388e-06, 3.96876060904e-07, 6.79965637573e-07, 4.89324776254e-08, 3.39599370847e-09, 2.10295203473e-09, 5.92491555818e-10, 1.4339754939e-09, 3.45665107648e-10, 5.02218155951e-10, 2.42899389491e-09, 5.87452184675e-08, 6.48161844197e-08, 8.51118358014e-08, 9.19632583418e-08, 3.72012358696e-08, 1.01397032992e-08, 1.07786479742e-09, 4.16572366879e-11, 2.74840198343e-12, 7.40429039695e-13, 1.47830923867e-15, 1.92944675526e-18]
        dvar2: [1.31718413954e-10, 4.33914607356e-07, 1.74807883013e-06, 3.23712447425e-06, 3.73557463718e-06, 8.84805388068e-07, 1.26001646095e-06, 1.30347586946e-07, 8.03960453766e-09, 4.37567360123e-09, 1.19469623083e-09, 3.37085337421e-09, 7.13227699123e-10, 1.27586019527e-09, 6.03466165927e-09, 1.46707009208e-07, 1.48697921531e-07, 2.23455131731e-07, 2.02155362672e-07, 9.85559722722e-08, 2.23243610264e-08, 2.99672597848e-09, 1.15407836065e-10, 7.19655758596e-12, 1.91247235062e-12, 3.75960698188e-15, 3.86888667949e-18]
        max: [4.98525150761e-05, 0.00356970680878, 0.00849090050906, 0.0138011835515, 0.0129833361134, 0.0110115036368, 0.0166999679059, 0.00329522322863, 0.000851269986015, 0.000710124033503, 0.000363468541764, 0.000587827060372, 0.000267078750767, 0.000285828515189, 0.000569680240005, 0.00412518065423, 0.00363109470345, 0.00358254858293, 0.00444896239787, 0.00244420045055, 0.00140697113238, 0.000335312390234, 7.93231811258e-05, 1.66414411069e-05, 9.4797451311e-06, 3.3090617535e-07, 2.8547681552e-08]
        mean: [4.87934812554e-06, 0.000106426021375, 0.000154364053742, 0.000335273885867, 0.000418502546381, 0.000188251622603, 0.000182850766578, 4.86910903419e-05, 2.55576615018e-05, 1.78091377165e-05, 1.18579928312e-05, 1.14063013825e-05, 7.40205314287e-06, 7.57484394853e-06, 1.46434995258e-05, 3.35369732056e-05, 4.90392994834e-05, 5.29333628947e-05, 7.53166677896e-05, 4.684846499e-05, 2.43732083618e-05, 5.45295870324e-06, 1.15364412068e-06, 4.25810725346e-07, 1.8552808001e-07, 1.02552908388e-08, 2.01955702162e-10]
        min: [9.56971307753e-12, 6.78514577857e-10, 6.04853500619e-09, 3.97790822504e-09, 2.34083916695e-08, 5.38915934101e-09, 2.24056435627e-08, 1.30923094588e-08, 1.44442626748e-08, 1.16074012624e-08, 1.12576419298e-08, 9.44007272352e-09, 6.56897514162e-09, 4.27677449011e-09, 2.92320478934e-09, 2.22443352627e-09, 1.19023657597e-09, 4.12160217067e-09, 8.73704397719e-09, 1.05191455546e-08, 1.74902368144e-08, 4.22449186743e-09, 6.56161791568e-10, 5.1776966048e-10, 2.7725455265e-10, 7.14595136536e-12, 1.36979821949e-14]
        var: [8.34164404218e-11, 9.70410809487e-08, 3.55852904477e-07, 1.3492922335e-06, 1.32643344841e-06, 7.30379326797e-07, 1.139952019e-06, 4.59728646263e-08, 4.88855844694e-09, 3.67483288244e-09, 1.03121922113e-09, 1.95232430222e-09, 5.17294818092e-10, 4.94338237012e-10, 2.42793296579e-09, 4.73277701474e-08, 7.06600502554e-08, 7.03486335851e-08, 1.17897926089e-07, 4.01769248981e-08, 1.19292815626e-08, 7.06134317685e-10, 2.89655278929e-11, 2.28581064667e-12, 5.92760758013e-13, 1.18838404862e-15, 3.84502086446e-18]
    mfcc:
        mean: [-905.841003418, 150.271179199, -16.2550182343, 61.7380065918, -13.293182373, 1.97011947632, 8.22951793671, -5.04063653946, -0.446146637201, -4.60054588318, -4.70217180252, -3.38012480736, -5.43929624557]
        cov: [[11927.4140625, -974.884643555, -1733.22180176, 254.936981201, 226.669708252, -772.984130859, -930.668395996, -377.150817871, -333.211730957, -375.533203125, -265.351837158, -214.755783081, 52.9052581787], [-974.884643555, 2078.296875, 463.294647217, 62.5546607971, 140.203094482, 30.6143398285, 12.4158964157, -43.11901474, 77.1662216187, 17.3310337067, 63.7094535828, 102.394042969, 42.5966644287], [-1733.22180176, 463.294647217, 926.674682617, 164.487472534, 42.3483352661, 256.081542969, 140.822265625, 52.2226791382, 42.9683799744, 26.5572490692, 39.2529754639, 30.743024826, -26.4367656708], [254.936981201, 62.5546607971, 164.487472534, 560.637817383, 204.448471069, -14.1352863312, -12.1705265045, 39.7898406982, -23.697221756, -53.6492347717, -31.3228931427, -32.3120193481, -9.76930332184], [226.669708252, 140.203094482, 42.3483352661, 204.448471069, 350.330871582, 35.3344078064, -26.8253192902, 21.9566745758, 43.6438407898, -39.988193512, -23.6348381042, -1.41463327408, 1.79910326004], [-772.984130859, 30.6143398285, 256.081542969, -14.1352863312, 35.3344078064, 289.448303223, 142.652023315, 42.0960350037, 37.6512145996, 30.9078292847, 23.207075119, 16.947221756, -13.2337722778], [-930.668395996, 12.4158964157, 140.822265625, -12.1705265045, -26.8253192902, 142.652023315, 269.409179688, 64.0442199707, 48.4452133179, 50.2031936646, 31.4619216919, 7.87925195694, -24.7056884766], [-377.150817871, -43.11901474, 52.2226791382, 39.7898406982, 21.9566745758, 42.0960350037, 64.0442199707, 160.396530151, 31.3543148041, 41.1073226929, 22.708946228, 4.50747156143, 7.4872803688], [-333.211730957, 77.1662216187, 42.9683799744, -23.697221756, 43.6438407898, 37.6512145996, 48.4452133179, 31.3543148041, 146.249435425, 46.3447113037, 46.8493728638, 47.6896820068, 15.9460706711], [-375.533203125, 17.3310337067, 26.5572490692, -53.6492347717, -39.988193512, 30.9078292847, 50.2031936646, 41.1073226929, 46.3447113037, 105.168151855, 57.4089393616, 41.4066848755, 33.6825675964], [-265.351837158, 63.7094535828, 39.2529754639, -31.3228931427, -23.6348381042, 23.207075119, 31.4619216919, 22.708946228, 46.8493728638, 57.4089393616, 97.9574203491, 70.3383255005, 37.5601463318], [-214.755783081, 102.394042969, 30.743024826, -32.3120193481, -1.41463327408, 16.947221756, 7.87925195694, 4.50747156143, 47.6896820068, 41.4066848755, 70.3383255005, 100.177703857, 46.9784545898], [52.9052581787, 42.5966644287, -26.4367656708, -9.76930332184, 1.79910326004, -13.2337722778, -24.7056884766, 7.4872803688, 15.9460706711, 33.6825675964, 37.5601463318, 46.9784545898, 85.4320373535]]
        icov: [[0.000167393693118, 2.32610891544e-05, 0.000249107921263, -0.000108664367872, -5.57309977012e-05, -9.14531210583e-06, 0.000345428357832, 0.000165916921105, 5.91368116147e-05, 0.000224418196012, -0.000121166885947, 0.000214749743463, -0.000129826556076], [2.32610891544e-05, 0.000621957471594, -0.000374987022951, 0.000115078888484, -0.000337182049407, 0.000375928444555, -5.61316664971e-05, 0.000303089414956, -4.54132314189e-05, 5.66957169212e-05, -2.35586630879e-05, -0.000410983338952, -0.00018237803306], [0.000249107921263, -0.000374987022951, 0.00226924405433, -0.000927055953071, 0.000475483568152, -0.00169973017182, 0.000630442635156, 6.86563726049e-05, -2.50446482823e-05, 0.000284701498458, -0.000424601137638, 9.34094350669e-05, 0.000559635285754], [-0.000108664367872, 0.000115078888484, -0.000927055953071, 0.00287634436972, -0.00169541325886, 0.00107590178959, -0.000612011179328, -0.000713412009645, 0.00079079210991, 0.00068796123378, -0.000396326504415, 0.000542417226825, -0.000403009122238], [-5.57309977012e-05, -0.000337182049407, 0.000475483568152, -0.00169541325886, 0.00477242982015, -0.00149159599096, 0.000859132152982, -0.000686191604473, -0.00226190313697, 0.00152235093992, 0.00149527273607, -0.000616443168838, -0.000363507366274], [-9.14531210583e-06, 0.000375928444555, -0.00169973017182, 0.00107590178959, -0.00149159599096, 0.00646495306864, -0.00268736272119, -5.85137167946e-05, 0.000374535040464, -0.000294594588922, 0.000179995273356, -0.000608455447946, -2.21909740503e-05], [0.000345428357832, -5.61316664971e-05, 0.000630442635156, -0.000612011179328, 0.000859132152982, -0.00268736272119, 0.00696620950475, -0.000933986564633, -0.00101698224898, -0.00113262957893, -0.00110858643893, 0.00110584544018, 0.00211685104296], [0.000165916921105, 0.000303089414956, 6.86563726049e-05, -0.000713412009645, -0.000686191604473, -5.85137167946e-05, -0.000933986564633, 0.00823760405183, -0.000548226933461, -0.00251542823389, -0.00113915291149, 0.00196782196872, -0.00078805530211], [5.91368116147e-05, -4.54132314189e-05, -2.50446482823e-05, 0.00079079210991, -0.00226190313697, 0.000374535040464, -0.00101698224898, -0.000548226933461, 0.0102905351669, -0.00261623528786, -0.00152556062676, -0.0029171241913, 0.00131384853739], [0.000224418196012, 5.66957169212e-05, 0.000284701498458, 0.00068796123378, 0.00152235093992, -0.000294594588922, -0.00113262957893, -0.00251542823389, -0.00261623528786, 0.0185967031866, -0.00672174757347, 0.00137449847534, -0.00482950732112], [-0.000121166885947, -2.35586630879e-05, -0.000424601137638, -0.000396326504415, 0.00149527273607, 0.000179995273356, -0.00110858643893, -0.00113915291149, -0.00152556062676, -0.00672174757347, 0.0265143867582, -0.0147933773696, -0.00090167846065], [0.000214749743463, -0.000410983338952, 9.34094350669e-05, 0.000542417226825, -0.000616443168838, -0.000608455447946, 0.00110584544018, 0.00196782196872, -0.0029171241913, 0.00137449847534, -0.0147933773696, 0.0255706328899, -0.00732570420951], [-0.000129826556076, -0.00018237803306, 0.000559635285754, -0.000403009122238, -0.000363507366274, -2.21909740503e-05, 0.00211685104296, -0.00078805530211, 0.00131384853739, -0.00482950732112, -0.00090167846065, -0.00732570420951, 0.0187727101147]]
    spectral_contrast:
        mean: [1.23859251744e-07, -1.76773895078e-07, 1.60329392429e-07, 2.29737324275e-07, 1.63895037986e-07, -2.51900580395e-08, -3.09566303258e-06, -1.62812924032e-07, -5.29913677383e-07, 3.11263966069e-06, -2.1764919893e-06, 5.41905535556e-07]
        var: [0.000720911368262, 0.00102210778277, 0.00137089856435, 0.00258820992894, 0.00450184382498, 0.00982341915369, 0.0852629616857, 0.158774003386, 0.199757218361, 0.526082158089, 1.40209984779, 6.35586690903]

rhythm:
    beats_loudness:
        dmean: 0.00356835871935
        dmean2: 0.00681339111179
        dvar: 2.77651233773e-05
        dvar2: 8.15649109427e-05
        max: 0.0152365239337
        mean: 0.00255986792035
        min: 0.00039219314931
        var: 1.74956494448e-05
    beats_loudness_bass:
        dmean: 0.276990562677
        dmean2: 0.475251704454
        dvar: 0.0447181798518
        dvar2: 0.143131747842
        max: 0.887581586838
        mean: 0.619012832642
        min: 0.045925874263
        var: 0.0641602426767
    bpm: 130.935089111
    bpm_confidence: 0
    first_peak_bpm: 131
    first_peak_spread: 0
    first_peak_weight: 0.949999988079
    onset_rate: 6.34662818909
    second_peak_bpm: 123
    second_peak_spread: 0
    second_peak_weight: 0.0500000007451
    beats_position: [0.240779787302, 0.699330031872, 1.15788030624, 1.61643064022, 2.07498073578, 2.53353095055, 2.99208116531, 3.45063138008, 3.90918159485, 4.3677315712, 4.82628202438, 5.28483200073, 5.74338197708, 6.231300354, 6.68932294846, 7.14734554291, 7.60536813736, 8.06339168549, 8.5214138031, 8.97943687439, 9.43745994568]
    bpm_estimates: [130.776641846, 130.900375366, 130.817398071, 130.895889282, 130.845550537, 131.081283569, 131.011352539, 130.981872559, 130.863449097, 130.930007935, 130.986282349, 131.130996704]
    bpm_intervals: [0.45855024457, 0.458550274372, 0.458550333977, 0.458550095558, 0.458550214767, 0.458550214767, 0.458550214767, 0.458550214767, 0.458549976349, 0.458550453186, 0.458549976349, 0.458549976349, 0.487918376923, 0.458022594452, 0.458022594452, 0.458022594452, 0.458023548126, 0.458022117615, 0.458023071289, 0.458023071289]
    onset_times: [0.0580498874187, 0.255419492722, 0.348299324512, 0.46439909935, 0.801088452339, 0.917188227177, 1.03328800201, 1.14938771725, 1.49768710136, 1.74149656296, 1.8575963974, 1.96208620071, 2.24072551727, 2.28716564178, 2.40326523781, 2.53097510338, 2.92571425438, 3.11147403717, 3.23918366432, 3.44816327095, 3.55265307426, 3.92417240143, 4.02866220474, 4.14476203918, 4.26086187363, 4.37696123123, 4.49306106567, 4.72526073456, 4.841360569, 4.94585037231, 5.0967798233, 5.18966007233, 5.30575942993, 5.64244890213, 5.7701587677, 5.87464857101, 5.99074840546, 6.23455762863, 6.33904743195, 6.67573690414, 6.79183673859, 7.14013624191, 7.25623559952, 7.4884352684, 7.60453510284, 7.72063493729, 7.83673477173, 7.92961454391, 8.06893444061, 8.18503379822, 8.28952407837, 8.40562343597, 8.52172374725, 8.63782310486, 8.71909332275, 8.98612213135, 9.0906124115, 9.21832180023, 9.33442211151, 9.45052146912, 9.67111110687, 9.77560043335, 9.90331077576]
    rubato_start: []
    rubato_stop: []
    perceptual_tempo: "unknown"

sfx:
    inharmonicity:
        dmean: 0.031114494428
        dmean2: 0.0569905079901
        dvar: 0.00204042554833
        dvar2: 0.00576462363824
        max: 0.301797538996
        mean: 0.0268576983362
        min: 0
        var: 0.00172813842073
    oddtoevenharmonicenergyratio:
        dmean: 18.8511447906
        dmean2: 36.538734436
        dvar: 15843.0175781
        dvar2: 47956.6171875
        max: 1489.38708496
        mean: 10.3998708725
        min: 0
        var: 8182.00292969
    pitch_after_max_to_before_max_energy_ratio: 0.317532747984
    pitch_centroid: 215.251586914
    pitch_max_to_total: 0.780952394009
    pitch_min_to_total: 0.942857146263
    tristimulus:
        dmean: [0.270229935646, 0.251564651728, 0.107997767627]
        dmean2: [0.467202395201, 0.432600736618, 0.195209205151]
        dvar: [0.0562943294644, 0.0516514778137, 0.0233647506684]
        dvar2: [0.150259628892, 0.125532254577, 0.071389041841]
        max: [1, 0.977392196655, 0.731338620186]
        mean: [0.556649148464, 0.31288766861, 0.0823510587215]
        min: [0.00841646175832, 0, 0]
        var: [0.0918403416872, 0.0767672583461, 0.0190671924502]

tonal:
    chords_changes_rate: 0.070093460381
    chords_number_rate: 0.0280373822898
    chords_strength:
        dmean: 0.0146370474249
        dmean2: 0.0185471158475
        dvar: 0.000131405628053
        dvar2: 0.000218225890421
        max: 0.668616771698
        mean: 0.530614316463
        min: 0.346327126026
        var: 0.00609215488657
    key_strength: 0.585935175419
    tuning_diatonic_strength: 0.48727107048
    tuning_equal_tempered_deviation: 0.21155102551
    tuning_frequency: 431.193908691
    tuning_nontempered_energy_ratio: 0.872781455517
    hpcp:
        dmean: [0.221159398556, 0.218718767166, 0.209360450506, 0.197051972151, 0.172748997808, 0.152654081583, 0.117681719363, 0.113368593156, 0.157568395138, 0.202061399817, 0.208302289248, 0.208807483315, 0.209952414036, 0.244238272309, 0.205430552363, 0.162000373006, 0.156764596701, 0.162947744131, 0.174943879247, 0.135714784265, 0.136162862182, 0.131229743361, 0.102512776852, 0.142046838999, 0.220208540559, 0.274722129107, 0.28200879693, 0.324239999056, 0.281372219324, 0.209986582398, 0.173071593046, 0.177600204945, 0.196870416403, 0.193689420819, 0.177900895476, 0.190127104521]
        dmean2: [0.401769518852, 0.400493234396, 0.379104226828, 0.340644717216, 0.30905470252, 0.277822762728, 0.218241423368, 0.205066248775, 0.278800666332, 0.360226899385, 0.363060712814, 0.378283530474, 0.369786977768, 0.432970613241, 0.369382500648, 0.29219597578, 0.285807937384, 0.289237856865, 0.303692877293, 0.231502994895, 0.245684638619, 0.23918518424, 0.185116410255, 0.25851520896, 0.395786136389, 0.496721208096, 0.493708193302, 0.58201533556, 0.493544667959, 0.366920083761, 0.315491765738, 0.323201298714, 0.365881592035, 0.341991811991, 0.314496070147, 0.339253515005]
        dvar: [0.0554560273886, 0.0662814676762, 0.063013933599, 0.0565592981875, 0.0453259311616, 0.0436801239848, 0.0326455757022, 0.0233427248895, 0.035090085119, 0.0522108487785, 0.0496809333563, 0.0632002726197, 0.051362298429, 0.0693857520819, 0.0647946000099, 0.0472838692367, 0.049855645746, 0.0453524850309, 0.0544087849557, 0.027400104329, 0.0407476387918, 0.0356633253396, 0.0195351894945, 0.0307684540749, 0.0654190555215, 0.0868933498859, 0.0703983381391, 0.0871122553945, 0.0807837545872, 0.0584033764899, 0.0444468781352, 0.0474909357727, 0.0603487081826, 0.0601290762424, 0.0442402549088, 0.0509692952037]
        dvar2: [0.141807049513, 0.16209602356, 0.157142922282, 0.143130362034, 0.118590652943, 0.12303750217, 0.0879415124655, 0.0647219419479, 0.10354693234, 0.143185004592, 0.140474915504, 0.185949340463, 0.155393242836, 0.190550029278, 0.179817453027, 0.124338813126, 0.117894560099, 0.104394666851, 0.136584326625, 0.0620265156031, 0.109274893999, 0.100741073489, 0.0558544322848, 0.0834079682827, 0.178158819675, 0.21302229166, 0.168320119381, 0.234336614609, 0.182475298643, 0.166920378804, 0.123893938959, 0.131298333406, 0.174325108528, 0.168208956718, 0.115238413215, 0.1480050385]
        max: [1, 1, 1, 1, 1, 1, 1, 0.851750135422, 1, 1, 1, 1, 1, 1, 1, 1, 1, 1, 1, 1, 1, 0.854605913162, 0.862674951553, 0.918515861034, 1, 1, 1, 1, 1, 1, 1, 1, 1, 1, 1, 1]
        mean: [0.212200775743, 0.215676024556, 0.203015223145, 0.211348831654, 0.172542721033, 0.118676126003, 0.0873552858829, 0.0893642455339, 0.133393123746, 0.182617545128, 0.18505088985, 0.164348676801, 0.188869804144, 0.223361074924, 0.18222476542, 0.139548674226, 0.141983941197, 0.157066643238, 0.165413931012, 0.143399760127, 0.126354068518, 0.108766525984, 0.087334856391, 0.106764338911, 0.18069075048, 0.262202978134, 0.320955067873, 0.37929931283, 0.321311414242, 0.187120318413, 0.138477355242, 0.14071033895, 0.164084419608, 0.171683907509, 0.151776731014, 0.161079525948]
        min: [0.000148119055666, 0.000192278865143, 0.000163337710546, 0.000287163042231, 0.000263427122263, 0.000233651007875, 9.02375468286e-05, 0.000263248279225, 0.000515337917022, 0.00043904321501, 0.00021954238764, 0.000218101646169, 0.000285840855213, 0.00075035111513, 0.000588112976402, 0.000163589866133, 0.000112706686195, 0.000122685247334, 0.000181876297574, 0.000260975706624, 0.000262802990619, 0.000175015855348, 0.000332442315994, 0.000218764966121, 0.000174227345269, 0.000544722599443, 0.00318521563895, 0.000340389233315, 0.00013697585382, 0.000204031122848, 0.000196341658011, 0.000180673334398, 0.000195113316295, 0.000120886928926, 0.000314741308102, 0.000509385252371]
        var: [0.0789803266525, 0.0855178013444, 0.072501167655, 0.080202832818, 0.0587263703346, 0.0349413901567, 0.0236199554056, 0.0191500801593, 0.0334463641047, 0.0562837272882, 0.0548696257174, 0.0525265112519, 0.0520026162267, 0.0800432786345, 0.0654135122895, 0.0475637204945, 0.053546525538, 0.0510080941021, 0.0616076365113, 0.0426126271486, 0.0427700616419, 0.0296776406467, 0.0156936571002, 0.0253582894802, 0.0615058243275, 0.102300807834, 0.1027315557, 0.120956145227, 0.116881839931, 0.0548727214336, 0.03917780146, 0.0419145748019, 0.0539141111076, 0.0672126486897, 0.0472147129476, 0.0507748834789]
    chords_histogram: [0, 0, 16.355140686, 4.20560741425, 16.822429657, 0, 0, 0, 0, 0, 13.551402092, 0, 0, 0, 0, 0, 0, 42.9906539917, 0, 0, 0, 0, 0, 6.07476615906]
    thpcp: [1, 0.847118377686, 0.493331551552, 0.365087270737, 0.370974421501, 0.432598769665, 0.452634364367, 0.400150299072, 0.424676567316, 0.559454679489, 0.568616986275, 0.535237491131, 0.55720859766, 0.45489859581, 0.312882512808, 0.230306997895, 0.235603496432, 0.351683020592, 0.481460243464, 0.487875640392, 0.433295488358, 0.497943967581, 0.588878154755, 0.48042473197, 0.367911756039, 0.37433218956, 0.414096832275, 0.436103969812, 0.378064900637, 0.333124965429, 0.286756455898, 0.230253130198, 0.281477808952, 0.476380378008, 0.691282510757, 0.846178889275]
    chords_key: "F#"
    chords_scale: "minor"
    key_key: "F#"
    key_scale: "major"
    chords_progression: ["D#m", "D#m", "D#m", "D#m", "D#m", "D#m", "D#m", "D#m", "D#m", "D#m", "D#m", "G#", "D#m", "G#", "G#", "D#m", "G#", "G#", "G#", "G#", "G#", "G#", "G#", "G#", "G#", "G#", "G#", "G#", "G#", "G#", "G#", "G#", "G#", "G#", "G#", "G#", "G#", "G#", "G#", "G#", "G#", "G#", "G#", "G#", "G#", "G#", "G#", "G#", "G#", "F", "F", "F", "F", "F", "F", "F", "F", "F", "F", "F", "F", "F", "F", "F", "F", "F", "F", "F", "F", "F", "F", "F", "F", "F", "F", "Fm", "Fm", "Fm", "F", "Fm", "Fm", "Fm", "Fm", "Fm", "Fm", "F#m", "F#m", "F#m", "F#m", "F#m", "F#m", "F#m", "F#m", "F#m", "F#m", "F#m", "F#m", "F#m", "F#m", "F#m", "F#m", "F#m", "F#m", "F#m", "F#m", "F#m", "F#m", "F#m", "F#m", "F#m", "F#m", "F#m", "F#m", "F#m", "F#m", "F#m", "F#m", "F#m", "F#m", "F#m", "F#m", "F#m", "F#m", "F#m", "F#m", "F#m", "F#m", "F#m", "F#m", "F#m", "F#m", "F#m", "F#m", "F#m", "F#m", "F#m", "F#m", "F#m", "F#m", "F#m", "F#m", "F#m", "F#m", "F#m", "F#m", "F#m", "F#m", "F#m", "F#m", "F#m", "F#m", "F#m", "F#m", "F#m", "F#m", "F#m", "F#m", "F#m", "F#m", "F#m", "F#m", "F#m", "F#m", "F#m", "F#m", "F#m", "F#m", "F#m", "F#m", "F#m", "F", "F", "F#m", "F#m", "F#m", "F#m", "F#m", "F#m", "C#", "C#", "C#", "C#", "C#", "C#", "C#", "C#", "C#", "C#", "F#m", "C#", "C#", "C#", "C#", "C#", "C#", "C#", "C#", "C#", "C#", "C#", "C#", "C#", "C#", "C#", "C#", "C#", "C#", "C#", "C#", "C#", "C#", "C#", "C#", "C#"]
