
metadata:
    version:
        essentia: "1.2.2"
    audio_properties:
        analysis_sample_rate: 44100
        bitrate: 128
        channels: 2
        equal_loudness: 1
        length: 10.0310201645
        replay_gain: -12.7266635895
        downmix: "mix"
    tags:
        track: 16
        year: 0
        album: "Splitted by Mp3Splt v. 2.1"
        artist: "From 002.30 To 002.40"
        comment: "http://mp3splt.sf.net"
        genre: ""
        title: "02 Disappointed [12' Remix].mp"

highlevel:
    ballroom:
        all:
            ChaChaCha: 0.116869546473
            Jive: 0.256470829248
            Quickstep: 0.0245478134602
            Rumba-American: 0.000733030436095
            Rumba-International: 0.0065655335784
            Rumba-Misc: 0.00165999785531
            Samba: 0.592130303383
            Tango: 0.000156519337907
            VienneseWaltz: 0.000541013258044
            Waltz: 0.000325411441736
        probability: 0.592130303383
        value: "Samba"
    culture:
        all:
            non_western: 0.362282574177
            western: 0.637717425823
        probability: 0.637717425823
        value: "western"
    gender:
        all:
            female: 0.924173653126
            male: 0.075826369226
        probability: 0.924173653126
        value: "female"
    genre_dortmund:
        all:
            alternative: 0.0271633397788
            blues: 0.0209097750485
            electronic: 0.221875682473
            folkcountry: 0.0635412558913
            funksoulrnb: 0.0258006900549
            jazz: 0.104110054672
            pop: 0.154410019517
            raphiphop: 0.181844085455
            rock: 0.200345084071
        probability: 0.221875682473
        value: "electronic"
    genre_electronica:
        all:
            ambient: 0.0488781519234
            dnb: 0.602087557316
            house: 0.049057148397
            techno: 0.0492338240147
            trance: 0.250743329525
        probability: 0.602087557316
        value: "dnb"
    genre_rosamerica:
        all:
            cla: 0.00752986688167
            dan: 0.777357339859
            hip: 0.0745883584023
            jaz: 0.00956709031016
            pop: 0.0859762877226
            rhy: 0.0244213864207
            roc: 0.0166887883097
            spe: 0.00387087487616
        probability: 0.777357339859
        value: "dan"
    genre_tzanetakis:
        all:
            blu: 0.00291638728231
            cla: 0.00329578365199
            cou: 0.0122070647776
            dis: 0.226195409894
            hip: 0.0711523517966
            jaz: 0.0171427521855
            met: 0.017463574186
            pop: 0.558426976204
            reg: 0.0697368308902
            roc: 0.0214628875256
        probability: 0.558426976204
        value: "pop"
    live_studio:
        all:
            live: 0.117937214673
            studio: 0.882062792778
        probability: 0.882062792778
        value: "studio"
    mood:
        all:
            Cluster1: 0.286890119314
            Cluster2: 0.237368404865
            Cluster3: 0.0279210042208
            Cluster4: 0.176575183868
            Cluster5: 0.271245270967
        probability: 0.286890119314
        value: "Cluster1"
    mood_acoustic:
        all:
            acoustic: 0.0151446452364
            not_acoustic: 0.984855353832
        probability: 0.984855353832
        value: "not_acoustic"
    mood_aggressive:
        all:
            aggressive: 0.572848558426
            not_aggressive: 0.427151411772
        probability: 0.572848558426
        value: "aggressive"
    mood_electronic:
        all:
            electronic: 0.915114998817
            not_electronic: 0.084884993732
        probability: 0.915114998817
        value: "electronic"
    mood_happy:
        all:
            happy: 0.170361205935
            not_happy: 0.829638779163
        probability: 0.829638779163
        value: "not_happy"
    mood_party:
        all:
            not_party: 0.270727872849
            party: 0.729272127151
        probability: 0.729272127151
        value: "party"
    mood_relaxed:
        all:
            not_relaxed: 0.955724537373
            relaxed: 0.0442754589021
        probability: 0.955724537373
        value: "not_relaxed"
    mood_sad:
        all:
            not_sad: 0.837668776512
            sad: 0.162331223488
        probability: 0.837668776512
        value: "not_sad"
    rhythm:
        all:
            fast: 0.795432329178
            medium: 0.106713995337
            slow: 0.0978536456823
        probability: 0.795432329178
        value: "fast"
    speech_music:
        all:
            music: 0.998827755451
            speech: 0.00117226806469
        probability: 0.998827755451
        value: "music"
    timbre:
        all:
            bright: 0.68171954155
            dark: 0.318280488253
        probability: 0.68171954155
        value: "bright"
    voice_instrumental:
        all:
            instrumental: 0.206852138042
            voice: 0.793147861958
        probability: 0.793147861958
        value: "voice"

lowlevel:
    average_loudness: 0.978034555912
    barkbands_kurtosis:
        dmean: 2.02834057808
        dmean2: 3.23987793922
        dvar: 7.94380426407
        dvar2: 17.8571529388
        max: 23.6038703918
        mean: 0.89809191227
        min: -1.83257198334
        var: 11.8000497818
    barkbands_skewness:
        dmean: 0.683129131794
        dmean2: 1.08254122734
        dvar: 0.422199249268
        dvar2: 1.02404284477
        max: 4.76474571228
        mean: 1.03956472874
        min: -2.10080051422
        var: 0.864697575569
    barkbands_spread:
        dmean: 9.47856140137
        dmean2: 14.6590213776
        dvar: 63.4457130432
        dvar2: 141.440414429
        max: 72.6463546753
        mean: 33.3894538879
        min: 4.50820970535
        var: 172.600784302
    dissonance:
        dmean: 0.0230865254998
        dmean2: 0.0378466248512
        dvar: 0.000414498121245
        dvar2: 0.0010721256258
        max: 0.499986618757
        mean: 0.461686342955
        min: 0.334847182035
        var: 0.000718499359209
    hfc:
        dmean: 3.34824991226
        dmean2: 5.37412691116
        dvar: 31.7398948669
        dvar2: 76.6199798584
        max: 31.4223423004
        mean: 4.30740833282
        min: 0.244333088398
        var: 32.0496177673
    pitch:
        dmean: 1024.77807617
        dmean2: 1994.9621582
        dvar: 2336776.75
        dvar2: 4972762.5
        max: 4900
        mean: 1246.31005859
        min: 96.4989089966
        var: 2602306
    pitch_instantaneous_confidence:
        dmean: 0.108386062086
        dmean2: 0.171829864383
        dvar: 0.00833848398179
        dvar2: 0.0179574359208
        max: 0.817351162434
        mean: 0.401112139225
        min: 0.118852615356
        var: 0.0195412375033
    pitch_salience:
        dmean: 0.0864825546741
        dmean2: 0.143096312881
        dvar: 0.00589147163555
        dvar2: 0.0162028577179
        max: 0.846724152565
        mean: 0.626471817493
        min: 0.359939068556
        var: 0.00981269963086
    silence_rate_20dB:
        dmean: 0
        dmean2: 0
        dvar: 0
        dvar2: 0
        max: 1
        mean: 1
        min: 1
        var: 0
    silence_rate_30dB:
        dmean: 0
        dmean2: 0
        dvar: 0
        dvar2: 0
        max: 1
        mean: 1
        min: 1
        var: 0
    silence_rate_60dB:
        dmean: 0.204176336527
        dmean2: 0.409302324057
        dvar: 0.162488058209
        dvar2: 0.288284778595
        max: 1
        mean: 0.696759283543
        min: 0
        var: 0.211286142468
    spectral_centroid:
        dmean: 427.703460693
        dmean2: 664.149475098
        dvar: 203225.90625
        dvar2: 447747.3125
        max: 6132.49609375
        mean: 1236.34423828
        min: 281.8777771
        var: 484265.21875
    spectral_complexity:
        dmean: 4.5897436142
        dmean2: 7.22429895401
        dvar: 40.8247642517
        dvar2: 89.7300033569
        max: 46
        mean: 9.16976737976
        min: 0
        var: 54.8804626465
    spectral_crest:
        dmean: 2.35539603233
        dmean2: 4.04384326935
        dvar: 5.46235513687
        dvar2: 15.6691589355
        max: 21.1926345825
        mean: 7.61657953262
        min: 3.14590740204
        var: 8.24964809418
    spectral_decrease:
        dmean: 4.44124070853e-10
        dmean2: 6.90673240822e-10
        dvar: 4.44283256496e-19
        dvar2: 1.01397174675e-18
        max: -3.93967358736e-11
        mean: -7.65802865565e-10
        min: -4.79176565094e-09
        var: 5.2592960187e-19
    spectral_energy:
        dmean: 0.00193896947894
        dmean2: 0.0030052268412
        dvar: 8.56380393088e-06
        dvar2: 1.93789801415e-05
        max: 0.020625801757
        mean: 0.00328101147898
        min: 0.000184658507351
        var: 1.0137569916e-05
    spectral_energyband_high:
        dmean: 0.000229330558795
        dmean2: 0.000361082027666
        dvar: 1.21323793678e-07
        dvar2: 2.89401526743e-07
        max: 0.00257083564065
        mean: 0.000286387774395
        min: 2.86713179776e-06
        var: 1.40236949164e-07
    spectral_energyband_low:
        dmean: 0.000360405887477
        dmean2: 0.000590056413785
        dvar: 5.76482818815e-07
        dvar2: 1.49548259287e-06
        max: 0.00731458514929
        mean: 0.000407476909459
        min: 2.38572624767e-06
        var: 4.7693254146e-07
    spectral_energyband_middle_high:
        dmean: 0.000732525542844
        dmean2: 0.00120381859597
        dvar: 1.66544464264e-06
        dvar2: 4.12651479564e-06
        max: 0.0067428862676
        mean: 0.000844302761834
        min: 1.89051588677e-05
        var: 1.54259544161e-06
    spectral_energyband_middle_low:
        dmean: 0.00104909518268
        dmean2: 0.00175994785968
        dvar: 2.78760103356e-06
        dvar2: 7.20821981304e-06
        max: 0.0118333427235
        mean: 0.00174283306114
        min: 5.01883841935e-05
        var: 2.73750310953e-06
    spectral_flatness_db:
        dmean: 0.0261458363384
        dmean2: 0.0382981672883
        dvar: 0.000585658417549
        dvar2: 0.0012816474773
        max: 0.27255526185
        mean: 0.13581943512
        min: 0.0622046999633
        var: 0.00138992955908
    spectral_flux:
        dmean: 0.0135900788009
        dmean2: 0.0202553141862
        dvar: 0.00025254584034
        dvar2: 0.000437925948063
        max: 0.107364110649
        mean: 0.035969696939
        min: 0.00758180813864
        var: 0.000468261598144
    spectral_kurtosis:
        dmean: 1.30890643597
        dmean2: 1.95935630798
        dvar: 2.43981766701
        dvar2: 5.33761405945
        max: 14.8579349518
        mean: 2.95223975182
        min: -1.33316719532
        var: 4.68026828766
    spectral_rms:
        dmean: 0.000453634216683
        dmean2: 0.000674193957821
        dvar: 2.87636339635e-07
        dvar2: 5.97183145601e-07
        max: 0.00448583718389
        mean: 0.00165145250503
        min: 0.000424446276156
        var: 4.73689794944e-07
    spectral_rolloff:
        dmean: 1006.68927002
        dmean2: 1690.55712891
        dvar: 1099440
        dvar2: 2073476.125
        max: 8828.61328125
        mean: 2685.64086914
        min: 236.865234375
        var: 2429234.25
    spectral_skewness:
        dmean: 0.254839718342
        dmean2: 0.37727072835
        dvar: 0.0748241767287
        dvar2: 0.141623795033
        max: 3.18953633308
        mean: 1.44046926498
        min: -0.206830203533
        var: 0.209012851119
    spectral_spread:
        dmean: 1324656.875
        dmean2: 1979748.75
        dvar: 2.04522664755e+12
        dvar2: 4.70709331558e+12
        max: 15148547
        mean: 6683077
        min: 2751369.25
        var: 4.66941326131e+12
    spectral_strongpeak:
        dmean: 0.28029602766
        dmean2: 0.50853228569
        dvar: 0.350619018078
        dvar2: 0.979774415493
        max: 4.12752485275
        mean: 0.323114097118
        min: 0.00986299198121
        var: 0.296911627054
    zerocrossingrate:
        dmean: 0.0145915281028
        dmean2: 0.0169769003987
        dvar: 0.000186489953194
        dvar2: 0.000199384696316
        max: 0.2900390625
        mean: 0.082603558898
        min: 0.021484375
        var: 0.00113347149454
    barkbands:
        dmean: [4.58373335732e-07, 0.000106249914097, 0.000298402883345, 0.000306136033032, 0.000420274474891, 0.000351491529727, 0.000113035843242, 8.59908832354e-05, 8.38060295791e-05, 4.42024393124e-05, 3.90056229662e-05, 3.19052487612e-05, 2.44912062044e-05, 1.85541666724e-05, 2.22832713916e-05, 4.26234728366e-05, 9.964840865e-05, 0.000164296012372, 0.000287303439109, 0.000177414927748, 9.25229760469e-05, 3.32833405992e-05, 9.50355570239e-06, 7.58658370614e-06, 5.57677412871e-06, 2.83854774352e-07, 1.28948207667e-09]
        dmean2: [6.30677618574e-07, 0.000174478700501, 0.000508401659317, 0.00053678342374, 0.000747539452277, 0.000589355884586, 0.000191982413526, 0.000132640532684, 0.000135745372972, 7.34886998544e-05, 6.4610831032e-05, 5.27699594386e-05, 3.97328331019e-05, 3.15334291372e-05, 3.67399916286e-05, 6.75324481563e-05, 0.000161892312462, 0.000281759304926, 0.00048325091484, 0.000285505462671, 0.000149657746078, 5.20237081219e-05, 1.46230340761e-05, 1.02438398244e-05, 8.21001503937e-06, 4.6032141654e-07, 2.10914707921e-09]
        dvar: [4.30298076901e-13, 2.4450923064e-08, 4.71352620934e-07, 2.14480309069e-07, 6.12344024375e-07, 4.12528748939e-07, 2.14930047093e-08, 2.06938981506e-08, 1.69312492915e-08, 6.81915590661e-09, 3.60473451089e-09, 2.07008410413e-09, 1.31739497089e-09, 1.14003995133e-09, 1.50170520463e-09, 3.95238508588e-09, 2.6363222716e-08, 8.57633040141e-08, 3.87447187222e-07, 5.90318691707e-08, 2.74712448345e-08, 3.17475956635e-09, 1.75604975006e-10, 1.86097193211e-10, 1.14063133938e-10, 1.2444833033e-13, 7.30787684129e-18]
        dvar2: [7.15267255147e-13, 6.59512124912e-08, 1.24803852941e-06, 5.81194740334e-07, 1.71027750184e-06, 1.1494832961e-06, 5.5170005453e-08, 5.04871309204e-08, 3.85620388954e-08, 1.78343313451e-08, 8.77810002464e-09, 5.09981212815e-09, 3.48632545055e-09, 2.70959565896e-09, 3.73887898419e-09, 9.50650846931e-09, 6.4428178348e-08, 2.18295724608e-07, 1.01239982087e-06, 1.41832984468e-07, 6.61822809889e-08, 6.84884859936e-09, 3.60763668938e-10, 2.8630933735e-10, 1.81320791715e-10, 3.04974090686e-13, 1.33253155311e-17]
        max: [6.94933487466e-06, 0.00099654647056, 0.00646064663306, 0.00351856951602, 0.00528848730028, 0.0052216774784, 0.00111225317232, 0.00133153970819, 0.00105065770913, 0.000924217747524, 0.000555443810299, 0.000382203841582, 0.000297096237773, 0.000219109002501, 0.000281610729871, 0.000456263311207, 0.00106652488466, 0.00169816613197, 0.00339706917293, 0.00145768246148, 0.00111025711522, 0.000446608901257, 8.85729896254e-05, 0.000217092281673, 0.000186462537386, 2.31250714933e-06, 4.17490468863e-08]
        mean: [7.98922542344e-07, 0.000134521687869, 0.000272168195806, 0.000329560658429, 0.000504550233018, 0.000497404718772, 0.00015954990522, 0.000117290946946, 0.000122331926832, 5.43530914001e-05, 4.80113449157e-05, 3.44209038303e-05, 2.74592439382e-05, 1.75901059265e-05, 2.24778832489e-05, 4.70853992738e-05, 0.000111998953798, 0.000149114566739, 0.000243239526753, 0.000221454989514, 9.87900566543e-05, 3.81731806556e-05, 1.12384304884e-05, 1.04716209535e-05, 6.70392864777e-06, 2.50482742103e-07, 1.23757670778e-09]
        min: [1.01030928068e-09, 3.45682565239e-07, 1.31017839067e-06, 1.907509386e-06, 7.62186027714e-06, 7.13120471119e-06, 2.26810766435e-06, 8.70586973178e-07, 7.35037474442e-07, 7.1007536917e-07, 6.59761667521e-07, 3.54715524509e-07, 3.74907131118e-07, 8.15856893155e-08, 4.58525903468e-07, 9.45640977079e-07, 1.06300717562e-06, 1.35915558985e-06, 1.75057982688e-06, 3.43384908774e-06, 1.21998357372e-06, 3.18573768254e-07, 4.71892320775e-08, 3.65256482837e-08, 5.85884096793e-09, 3.79013986862e-10, 4.95771479425e-12]
        var: [1.23803907664e-12, 2.85920389587e-08, 3.43156585814e-07, 2.03468090376e-07, 4.82700841076e-07, 3.79063237688e-07, 3.01602263164e-08, 2.99799012282e-08, 2.20176659127e-08, 7.1067525198e-09, 3.99269728391e-09, 2.32733032846e-09, 1.23750576453e-09, 1.10359132943e-09, 1.37927946842e-09, 4.86085349749e-09, 3.07337906236e-08, 7.34386915724e-08, 3.01343476394e-07, 7.12592154173e-08, 2.82960108677e-08, 4.32425251162e-09, 3.15782011651e-10, 6.01820482338e-10, 2.62163513121e-10, 1.30381423431e-13, 7.04481272698e-18]
    mfcc:
        mean: [-733.220275879, 109.07093811, -9.50401878357, 55.8065834045, -15.868686676, -13.402586937, 1.70762658119, -5.56926631927, -3.21281433105, -7.72603607178, -9.50357723236, 0.0101826824248, -0.673803269863]
        cov: [[2760.47485352, -919.684570312, -63.7944793701, -71.3993225098, 53.874710083, 23.6598548889, -24.1094245911, 36.3802108765, -31.65832901, 13.098897934, 137.57913208, -91.9930877686, -93.7193756104], [-919.684570312, 985.604797363, -187.625244141, 186.117965698, -49.0785522461, -42.7279777527, 63.3497772217, -27.7111167908, 26.7759132385, 18.4074821472, -87.3289337158, 49.0678024292, 22.4842739105], [-63.7944793701, -187.625244141, 400.776580811, -138.417388916, 21.4800548553, 78.134803772, -33.6950950623, 11.6451473236, 5.809715271, -9.30986404419, 48.1705970764, -8.62503623962, 2.94345974922], [-71.3993225098, 186.117965698, -138.417388916, 315.162628174, 61.8648033142, -16.172832489, 41.3705062866, 9.51055908203, 31.3713531494, 36.9658050537, -15.5312604904, 36.0773925781, 33.3759078979], [53.874710083, -49.0785522461, 21.4800548553, 61.8648033142, 123.353530884, 21.1871128082, 15.9682378769, 3.49412631989, 5.28636693954, 5.10438728333, 2.32270336151, 10.8712368011, 4.74735784531], [23.6598548889, -42.7279777527, 78.134803772, -16.172832489, 21.1871128082, 87.8854522705, 23.5022335052, 4.71838474274, -0.661605298519, 5.47344732285, 25.8266639709, 1.57138216496, -3.64542841911], [-24.1094245911, 63.3497772217, -33.6950950623, 41.3705062866, 15.9682378769, 23.5022335052, 94.7947387695, 23.8449687958, 9.38849449158, 5.36967372894, -15.5813617706, 12.6084041595, 18.6421985626], [36.3802108765, -27.7111167908, 11.6451473236, 9.51055908203, 3.49412631989, 4.71838474274, 23.8449687958, 64.3516235352, 24.0289993286, -4.43875265121, -0.760209739208, -1.35289144516, 1.39908361435], [-31.65832901, 26.7759132385, 5.809715271, 31.3713531494, 5.28636693954, -0.661605298519, 9.38849449158, 24.0289993286, 56.4150238037, 21.5112743378, -3.81291079521, 8.32212924957, 4.68733167648], [13.098897934, 18.4074821472, -9.30986404419, 36.9658050537, 5.10438728333, 5.47344732285, 5.36967372894, -4.43875265121, 21.5112743378, 57.9038696289, 21.2677593231, 6.2979683876, 2.98701334], [137.57913208, -87.3289337158, 48.1705970764, -15.5312604904, 2.32270336151, 25.8266639709, -15.5813617706, -0.760209739208, -3.81291079521, 21.2677593231, 80.038734436, 10.2632875443, -4.82218313217], [-91.9930877686, 49.0678024292, -8.62503623962, 36.0773925781, 10.8712368011, 1.57138216496, 12.6084041595, -1.35289144516, 8.32212924957, 6.2979683876, 10.2632875443, 59.9750862122, 27.7682647705], [-93.7193756104, 22.4842739105, 2.94345974922, 33.3759078979, 4.74735784531, -3.64542841911, 18.6421985626, 1.39908361435, 4.68733167648, 2.98701334, -4.82218313217, 27.7682647705, 63.5779190063]]
        icov: [[0.00065776403062, 0.000622911145911, 0.000407879153499, -0.000152872802573, -6.69843211654e-05, 0.000141335869557, -0.000418416719185, 1.20273325592e-05, -5.8385405282e-05, 0.00011204877228, -0.000927151239011, 0.000622331514023, 0.00060311582638], [0.000622911145911, 0.0021058912389, 0.000429335690569, -0.000966813357081, 0.00109117745887, 0.00017111125635, -0.00118929718155, 0.00111892272253, -0.000460964656668, -9.79277538136e-05, 0.000644235580694, -0.000690176850185, 0.00130246474873], [0.000407879153499, 0.000429335690569, 0.00460727047175, 0.00175916636363, -0.00127460446674, -0.00355995935388, 0.00207961653359, -0.000817852735054, -0.0017711854307, 0.000822196016088, -0.001633226173, 0.00105767627247, -0.00188198196702], [-0.000152872802573, -0.000966813357081, 0.00175916636363, 0.00580694479868, -0.00323333381675, -0.000119732845633, 0.000354352378054, -0.00114645564463, -0.00114408135414, -0.00227007246576, -3.80214733013e-05, -0.00069598981645, -0.00236530601978], [-6.69843211654e-05, 0.00109117745887, -0.00127460446674, -0.00323333381675, 0.0108934529126, -0.00165556778666, -0.00132842629682, 0.00113002373837, 0.000200376685825, 0.000370005553123, 0.0016857892042, -0.00200152024627, 0.00169794855174], [0.000141335869557, 0.00017111125635, -0.00355995935388, -0.000119732845633, -0.00165556778666, 0.0185880362988, -0.0077210846357, 0.00195745471865, 0.00048464932479, 0.000217867287574, -0.00527941761538, 0.000481905590277, 0.00312893511727], [-0.000418416719185, -0.00118929718155, 0.00207961653359, 0.000354352378054, -0.00132842629682, -0.0077210846357, 0.017824748531, -0.00767327519134, 0.00244499160908, -0.00314294942655, 0.00505041331053, -0.00172175781336, -0.00477723497897], [1.20273325592e-05, 0.00111892272253, -0.000817852735054, -0.00114645564463, 0.00113002373837, 0.00195745471865, -0.00767327519134, 0.0243132654577, -0.0128213288262, 0.00824891682714, -0.00351537251845, 0.00254718121141, 0.00118307641242], [-5.8385405282e-05, -0.000460964656668, -0.0017711854307, -0.00114408135414, 0.000200376685825, 0.00048464932479, 0.00244499160908, -0.0128213288262, 0.0299959573895, -0.0137198101729, 0.00635935924947, -0.00450637377799, 0.00122125411872], [0.00011204877228, -9.79277538136e-05, 0.000822196016088, -0.00227007246576, 0.000370005553123, 0.000217867287574, -0.00314294942655, 0.00824891682714, -0.0137198101729, 0.028335429728, -0.0105152027681, 0.00350035307929, -0.000567762064748], [-0.000927151239011, 0.000644235580694, -0.001633226173, -3.80214733013e-05, 0.0016857892042, -0.00527941761538, 0.00505041331053, -0.00351537251845, 0.00635935924947, -0.0105152027681, 0.022607550025, -0.00799682643265, 0.00190151226707], [0.000622331514023, -0.000690176850185, 0.00105767627247, -0.00069598981645, -0.00200152024627, 0.000481905590277, -0.00172175781336, 0.00254718121141, -0.00450637377799, 0.00350035307929, -0.00799682643265, 0.0255564786494, -0.00949705392122], [0.00060311582638, 0.00130246474873, -0.00188198196702, -0.00236530601978, 0.00169794855174, 0.00312893511727, -0.00477723497897, 0.00118307641242, 0.00122125411872, -0.000567762064748, 0.00190151226707, -0.00949705392122, 0.0231421310455]]
    spectral_contrast:
        mean: [2.92987579087e-07, 1.86171376981e-07, -4.27522678592e-07, -7.87855611861e-08, 3.99489721303e-07, 1.93923014535e-07, 2.25094163397e-06, 1.69076201928e-06, 2.17643582801e-06, -7.09711116542e-08, 9.75766170086e-07, 1.28413353195e-06]
        var: [0.000408279884141, 0.000829923897982, 0.00146905332804, 0.00245487084612, 0.00265849521384, 0.00472386553884, 0.0403502881527, 0.117167405784, 0.14724470675, 0.244730681181, 0.409402728081, 1.89983892441]

rhythm:
    beats_loudness:
        dmean: 0.0031880910974
        dmean2: 0.00638745957986
        dvar: 3.79610355594e-06
        dvar2: 1.2310956663e-05
        max: 0.0120765641332
        mean: 0.00850747991353
        min: 0.00493180891499
        var: 4.30130967288e-06
    beats_loudness_bass:
        dmean: 0.258339554071
        dmean2: 0.495048910379
        dvar: 0.0211102776229
        dvar2: 0.0725962892175
        max: 0.713602125645
        mean: 0.381652921438
        min: 0.182109639049
        var: 0.0265444349498
    bpm: 126.664772034
    bpm_confidence: 0
    first_peak_bpm: 127
    first_peak_spread: 0
    first_peak_weight: 0.949999988079
    onset_rate: 6.6792807579
    second_peak_bpm: 118
    second_peak_spread: 0
    second_peak_weight: 0.0500000007451
    beats_position: [0.337754786015, 0.811398983002, 1.28504323959, 1.75868737698, 2.23233175278, 2.70597600937, 3.17962002754, 3.65326452255, 4.12690877914, 4.60055351257, 5.07419776917, 5.54784202576, 6.05503177643, 6.52876853943, 7.00250434875, 7.47624063492, 7.94997739792, 8.42371273041, 8.89744853973, 9.37118530273, 9.84492206573]
    bpm_estimates: [126.897407532, 126.533546448, 126.857185364, 126.909660339, 126.802124023, 126.444511414, 126.378662109, 126.609352112, 126.538047791, 126.805755615, 126.959136963, 126.637969971, 126.885421753, 126.572906494, 126.727668762, 127.022117615, 126.641082764, 126.505409241, 126.494804382, 126.330345154, 126.407272339]
    bpm_intervals: [0.473644196987, 0.473644256592, 0.473644137383, 0.473644375801, 0.473644256592, 0.473644018173, 0.47364449501, 0.473644256592, 0.473644733429, 0.473644256592, 0.473644256592, 0.507189750671, 0.473736763, 0.473735809326, 0.473736286163, 0.473736763, 0.473735332489, 0.473735809326, 0.473736763, 0.473736763]
    onset_times: [0.0580498874187, 0.220589563251, 0.336689352989, 0.487619042397, 0.580498874187, 0.801088452339, 0.952018141747, 1.05650794506, 1.18421769142, 1.27709746361, 1.53251695633, 1.66022670269, 1.764716506, 1.93886625767, 2.12462592125, 2.21750569344, 2.48453521729, 2.63546490669, 2.71673464775, 2.96054410934, 3.08825397491, 3.1811337471, 3.43655323982, 3.56426310539, 3.66875290871, 3.79646253586, 3.9125623703, 4.02866220474, 4.14476203918, 4.28408145905, 4.38857126236, 4.62077093124, 4.86458063126, 4.99229001999, 5.08517026901, 5.34058952332, 5.46829938889, 5.5727891922, 5.71210861206, 5.93269824982, 6.03718805313, 6.3042178154, 6.52480745316, 6.67573690414, 6.76861667633, 6.90793657303, 7.00081634521, 7.24462604523, 7.38394546509, 7.47682523727, 7.72063493729, 7.84834480286, 7.95283460617, 8.09215450287, 8.19664382935, 8.42884349823, 8.57977294922, 8.67265319824, 8.8119726181, 8.90485286713, 9.14866256714, 9.287981987, 9.38086128235, 9.52018165588, 9.62467098236, 9.75238132477, 9.85687065125]
    rubato_start: []
    rubato_stop: []
    perceptual_tempo: "unknown"

sfx:
    inharmonicity:
        dmean: 0.0392433926463
        dmean2: 0.070546336472
        dvar: 0.0029444436077
        dvar2: 0.00798860564828
        max: 0.446192532778
        mean: 0.0371454656124
        min: 0
        var: 0.00268643791787
    oddtoevenharmonicenergyratio:
        dmean: 3.56455302238
        dmean2: 6.92643117905
        dvar: 135.581314087
        dvar2: 407.872039795
        max: 115.866104126
        mean: 2.11121630669
        min: 0
        var: 72.7362518311
    pitch_after_max_to_before_max_energy_ratio: 1.90833222866
    pitch_centroid: 211.354446411
    pitch_max_to_total: 0.262790709734
    pitch_min_to_total: 0.341860473156
    tristimulus:
        dmean: [0.223992407322, 0.257540792227, 0.122782096267]
        dmean2: [0.390717089176, 0.45006108284, 0.215188682079]
        dvar: [0.0348491258919, 0.0399579741061, 0.0155031755567]
        dvar2: [0.089671805501, 0.111812822521, 0.0431595593691]
        max: [1, 0.941613554955, 0.721539318562]
        mean: [0.450667828321, 0.379762589931, 0.108930438757]
        min: [0.0137770101428, 0, 0]
        var: [0.0567035488784, 0.0593973062932, 0.0160767342895]

tonal:
    chords_changes_rate: 0.0462962947786
    chords_number_rate: 0.0185185186565
    chords_strength:
        dmean: 0.00865929201245
        dmean2: 0.00982869789004
        dvar: 5.658709415e-05
        dvar2: 5.74401383346e-05
        max: 0.651272833347
        mean: 0.511733591557
        min: 0.293536514044
        var: 0.00723658921197
    key_strength: 0.760069608688
    tuning_diatonic_strength: 0.644082307816
    tuning_equal_tempered_deviation: 0.266965866089
    tuning_frequency: 432.940917969
    tuning_nontempered_energy_ratio: 0.974861621857
    hpcp:
        dmean: [0.144931897521, 0.117054119706, 0.145252034068, 0.198375150561, 0.198237657547, 0.147327616811, 0.119775846601, 0.0877834409475, 0.107596553862, 0.178263112903, 0.199016079307, 0.164025738835, 0.154983788729, 0.174132272601, 0.202537193894, 0.244271233678, 0.225776940584, 0.168180331588, 0.12717436254, 0.0997737944126, 0.105539128184, 0.167407363653, 0.174180820584, 0.162106126547, 0.238136470318, 0.23393240571, 0.188674926758, 0.133092999458, 0.101642176509, 0.15022097528, 0.208670347929, 0.195307821035, 0.156475633383, 0.117374375463, 0.123651638627, 0.131835982203]
        dmean2: [0.254303485155, 0.20777669549, 0.25699493289, 0.345705807209, 0.344016969204, 0.262924969196, 0.212904125452, 0.154220119119, 0.180220231414, 0.290680855513, 0.325258344412, 0.264103531837, 0.272055059671, 0.305186986923, 0.341784954071, 0.417417556047, 0.381212800741, 0.293603301048, 0.222796142101, 0.173724398017, 0.192538544536, 0.287544459105, 0.288679808378, 0.279339551926, 0.406130969524, 0.388110876083, 0.314130932093, 0.236498698592, 0.181156516075, 0.271639794111, 0.354164808989, 0.318947046995, 0.255231589079, 0.200314059854, 0.215317800641, 0.237156003714]
        dvar: [0.0349758937955, 0.0195822827518, 0.0287434291095, 0.0455561242998, 0.0496319942176, 0.0302599724382, 0.0315228551626, 0.0165339298546, 0.0152244092897, 0.0373729169369, 0.0374922864139, 0.0292415730655, 0.0474014282227, 0.0527794621885, 0.0571020245552, 0.0437060780823, 0.0448028370738, 0.0376295298338, 0.0247682575136, 0.0180873330683, 0.0242413152009, 0.0418191216886, 0.0467557832599, 0.0444072000682, 0.0478784479201, 0.0502931326628, 0.0405093021691, 0.0409247614443, 0.0275235883892, 0.0395786650479, 0.0454013422132, 0.0535988248885, 0.0300676487386, 0.0254774484783, 0.033287294209, 0.0293159671128]
        dvar2: [0.0913106799126, 0.0474597848952, 0.0767948180437, 0.121521264315, 0.116732686758, 0.0832102969289, 0.0927488654852, 0.0484876446426, 0.0399332232773, 0.0955717265606, 0.0837824642658, 0.0762670487165, 0.137502804399, 0.146232023835, 0.14258363843, 0.121074676514, 0.124183759093, 0.0916892290115, 0.0641866996884, 0.0437533706427, 0.0717420950532, 0.120064862072, 0.116609327495, 0.123264797032, 0.124096557498, 0.135945826769, 0.102678857744, 0.116942360997, 0.0784220919013, 0.10746666044, 0.119310393929, 0.119081899524, 0.0819334834814, 0.0684160664678, 0.0817868635058, 0.06735753268]
        max: [1, 0.865713536739, 1, 1, 1, 1, 1, 0.910516381264, 0.875947296619, 1, 1, 1, 1, 1, 1, 1, 1, 1, 0.874264478683, 1, 1, 1, 1, 1, 1, 1, 1, 1, 1, 1, 1, 1, 1, 0.913431823254, 1, 1]
        mean: [0.134392142296, 0.125456795096, 0.152264252305, 0.250619113445, 0.270597696304, 0.178165078163, 0.11083124578, 0.0864792689681, 0.104440651834, 0.25584807992, 0.366930186749, 0.255604028702, 0.146341830492, 0.155381202698, 0.204892575741, 0.315505862236, 0.324573725462, 0.197588980198, 0.128599822521, 0.0987899973989, 0.101115323603, 0.179698348045, 0.206576481462, 0.177219077945, 0.329093486071, 0.465818434954, 0.302163153887, 0.115462578833, 0.0815374702215, 0.12708465755, 0.27908462286, 0.336245119572, 0.20574323833, 0.12281550467, 0.115730941296, 0.12112659961]
        min: [0.00121248723008, 0.00159817363601, 0.00142489769496, 0.00236430834047, 0.00257851392962, 0.0014776563039, 0.00112232309766, 0.000419825111749, 0.000540500041097, 0.00739201856777, 0.0103341024369, 0.00414899084717, 0.00114424398635, 0.000981482095085, 0.00137173768599, 0.0061256326735, 0.00558248255402, 0.00243066367693, 0.000698067538906, 0.000905817840248, 0.000851908582263, 0.000498545006849, 0.000375531177269, 0.000949004781432, 0.00736733200029, 0.00993229448795, 0.00912570767105, 0.000854126119521, 0.000859192747157, 0.000575608399231, 0.000500697118696, 0.00060783373192, 0.00263468013145, 0.00215299171396, 0.00160483643413, 0.000886241788976]
        var: [0.0339660011232, 0.0220553148538, 0.0289910063148, 0.0624548867345, 0.0694323927164, 0.0332017354667, 0.0249536037445, 0.0137991271913, 0.0147942947224, 0.053381934762, 0.0858722627163, 0.0480902008712, 0.0419593043625, 0.053363904357, 0.0678175911307, 0.0685054585338, 0.0757005736232, 0.046968717128, 0.0300599690527, 0.0221270453185, 0.0201192069799, 0.0487419217825, 0.067559927702, 0.0524418540299, 0.0793525725603, 0.122844405472, 0.080705344677, 0.0371292307973, 0.021750845015, 0.031405646354, 0.0798165649176, 0.121692799032, 0.050136718899, 0.0292448233813, 0.0321629419923, 0.030937531963]
    chords_histogram: [25, 0, 18.5185184479, 0, 0, 0, 0, 0, 0, 0, 0, 0, 0, 0, 0, 0, 0, 3.70370364189, 0, 0.462962955236, 0, 0, 52.3148155212, 0]
    thpcp: [1, 0.648671507835, 0.247870355844, 0.17504131794, 0.272820144892, 0.599127471447, 0.721837282181, 0.441681176424, 0.263655304909, 0.248446464539, 0.260029643774, 0.288507550955, 0.269325524569, 0.326874673367, 0.538018882275, 0.580908060074, 0.382477521896, 0.237927988172, 0.185650169849, 0.224208921194, 0.549244225025, 0.787710726261, 0.548720300198, 0.31416067481, 0.333566009998, 0.439855009317, 0.677315115929, 0.696781635284, 0.424175947905, 0.276072859764, 0.212078332901, 0.217070251703, 0.385769069195, 0.443469971418, 0.38044667244, 0.706484436989]
    chords_key: "A#"
    chords_scale: "major"
    key_key: "F"
    key_scale: "major"
    chords_progression: ["F", "F", "F", "F", "F", "F", "F", "F", "F", "F", "F", "F", "F", "F", "F", "F", "F", "F", "F", "F", "F", "F", "F", "F", "F", "F", "F", "F", "F", "Fm", "Fm", "Fm", "Fm", "A#", "A#", "A#", "A#", "A#", "A#", "A#", "A#", "A#", "A#", "A#", "A#", "A#", "A#", "A#", "A#", "A#", "A#", "A#", "A#", "A#", "A#", "A#", "A#", "A#", "A#", "A#", "A#", "A#", "A#", "A#", "A#", "A#", "A#", "A#", "A#", "A#", "A#", "A#", "A#", "A#", "A#", "A#", "A#", "A#", "A#", "A#", "A#", "A#", "A#", "A#", "A#", "A#", "A#", "A#", "A#", "A#", "A#", "A#", "A#", "A#", "A#", "A#", "A#", "A#", "A#", "A#", "A#", "A#", "A#", "A#", "A#", "A#", "A#", "A#", "A#", "A#", "A#", "A#", "A#", "A#", "A#", "A#", "A#", "A#", "A#", "A#", "A#", "A#", "A#", "A#", "A#", "A#", "A#", "A#", "A#", "A#", "A#", "A#", "A#", "A#", "A#", "A#", "A#", "A#", "A#", "A#", "A#", "A#", "A#", "A#", "A#", "F", "A#", "F", "Fm", "Fm", "Fm", "Fm", "F", "F", "F", "F", "F", "F", "F", "F", "F", "F", "F", "F", "F", "F", "F", "F", "F", "F", "F", "F", "F", "F", "F", "C", "Cm", "C", "C", "C", "C", "C", "C", "C", "C", "C", "C", "C", "C", "C", "C", "C", "C", "C", "C", "C", "C", "C", "C", "C", "C", "C", "C", "C", "C", "C", "C", "C", "C", "C", "C", "C", "C", "C", "C", "C"]
