
metadata:
    version:
        essentia: "1.2.2"
    audio_properties:
        analysis_sample_rate: 44100
        bitrate: 128
        channels: 2
        equal_loudness: 1
        length: 10.0571432114
        replay_gain: -10.0609397888
        downmix: "mix"
    tags:
        track: 8
        year: 0
        album: "Splitted by Mp3Splt v. 2.1"
        artist: "From 001.10 To 001.20"
        comment: "http://mp3splt.sf.net"
        genre: ""
        title: "07 The Screen Behind the Mirro"

highlevel:
    ballroom:
        all:
            ChaChaCha: 0.274167388678
            Jive: 0.1446903795
            Quickstep: 0.0232056174427
            Rumba-American: 0.00110687036067
            Rumba-International: 0.00208192807622
            Rumba-Misc: 0.00143062113784
            Samba: 0.545981824398
            Tango: 0.00231400877237
            VienneseWaltz: 0.00394573016092
            Waltz: 0.00107566209044
        probability: 0.545981824398
        value: "Samba"
    culture:
        all:
            non_western: 0.0822086110711
            western: 0.917791366577
        probability: 0.917791366577
        value: "western"
    gender:
        all:
            female: 0.988007366657
            male: 0.0119926296175
        probability: 0.988007366657
        value: "female"
    genre_dortmund:
        all:
            alternative: 0.0614298246801
            blues: 0.0252123791724
            electronic: 0.300876945257
            folkcountry: 0.0377995669842
            funksoulrnb: 0.0845338180661
            jazz: 0.0747344344854
            pop: 0.134844914079
            raphiphop: 0.0784791633487
            rock: 0.202088952065
        probability: 0.300876945257
        value: "electronic"
    genre_electronica:
        all:
            ambient: 0.034768525511
            dnb: 0.407821208239
            house: 0.0209003798664
            techno: 0.0234759245068
            trance: 0.513033986092
        probability: 0.513033986092
        value: "trance"
    genre_rosamerica:
        all:
            cla: 0.0108909783885
            dan: 0.431726098061
            hip: 0.0806193128228
            jaz: 0.00670832116157
            pop: 0.12818877399
            rhy: 0.0352605544031
            roc: 0.303110748529
            spe: 0.00349522358738
        probability: 0.431726098061
        value: "dan"
    genre_tzanetakis:
        all:
            blu: 0.00238776858896
            cla: 0.00314216921106
            cou: 0.00860534701496
            dis: 0.0971912890673
            hip: 0.0250862687826
            jaz: 0.0130028622225
            met: 0.030166907236
            pop: 0.744974732399
            reg: 0.0551673173904
            roc: 0.0202753376216
        probability: 0.744974732399
        value: "pop"
    live_studio:
        all:
            live: 0.0637154132128
            studio: 0.936284601688
        probability: 0.936284601688
        value: "studio"
    mood:
        all:
            Cluster1: 0.419675588608
            Cluster2: 0.13759355247
            Cluster3: 0.0473093315959
            Cluster4: 0.0675343647599
            Cluster5: 0.327887177467
        probability: 0.419675588608
        value: "Cluster1"
    mood_acoustic:
        all:
            acoustic: 1.58607035701e-05
            not_acoustic: 0.999984145164
        probability: 0.999984145164
        value: "not_acoustic"
    mood_aggressive:
        all:
            aggressive: 0.882485449314
            not_aggressive: 0.117514520884
        probability: 0.882485449314
        value: "aggressive"
    mood_electronic:
        all:
            electronic: 0.90296792984
            not_electronic: 0.0970320552588
        probability: 0.90296792984
        value: "electronic"
    mood_happy:
        all:
            happy: 0.779026806355
            not_happy: 0.220973208547
        probability: 0.779026806355
        value: "happy"
    mood_party:
        all:
            not_party: 0.120179615915
            party: 0.879820406437
        probability: 0.879820406437
        value: "party"
    mood_relaxed:
        all:
            not_relaxed: 0.947954177856
            relaxed: 0.0520458295941
        probability: 0.947954177856
        value: "not_relaxed"
    mood_sad:
        all:
            not_sad: 0.939106822014
            sad: 0.0608931593597
        probability: 0.939106822014
        value: "not_sad"
    rhythm:
        all:
            fast: 0.347821801901
            medium: 0.636346459389
            slow: 0.0158317536116
        probability: 0.636346459389
        value: "medium"
    speech_music:
        all:
            music: 0.999974131584
            speech: 2.58533764281e-05
        probability: 0.999974131584
        value: "music"
    timbre:
        all:
            bright: 0.111726202071
            dark: 0.888273775578
        probability: 0.888273775578
        value: "dark"
    voice_instrumental:
        all:
            instrumental: 0.273045182228
            voice: 0.726954817772
        probability: 0.726954817772
        value: "voice"

lowlevel:
    average_loudness: 0.927108764648
    barkbands_kurtosis:
        dmean: 0.563032269478
        dmean2: 0.890244185925
        dvar: 0.41950276494
        dvar2: 1.10181379318
        max: 5.32393169403
        mean: -0.769989132881
        min: -1.79622530937
        var: 0.753936707973
    barkbands_skewness:
        dmean: 0.365079730749
        dmean2: 0.544369101524
        dvar: 0.116498500109
        dvar2: 0.240085124969
        max: 2.38260769844
        mean: 0.25491002202
        min: -1.29081356525
        var: 0.446257889271
    barkbands_spread:
        dmean: 5.54507255554
        dmean2: 8.32991123199
        dvar: 19.4982414246
        dvar2: 46.4350738525
        max: 62.5760688782
        mean: 34.4048728943
        min: 12.7806606293
        var: 85.7994918823
    dissonance:
        dmean: 0.0230596363544
        dmean2: 0.0383377335966
        dvar: 0.000676422030665
        dvar2: 0.00109604501631
        max: 0.497694671154
        mean: 0.462780028582
        min: 0
        var: 0.00108762260061
    hfc:
        dmean: 3.12721848488
        dmean2: 4.99179935455
        dvar: 38.0933036804
        dvar2: 92.334602356
        max: 52.1788139343
        mean: 6.58073854446
        min: 0.000293960038107
        var: 51.5313186646
    pitch:
        dmean: 497.191772461
        dmean2: 962.006347656
        dvar: 1063796
        dvar2: 2877710.25
        max: 4009.09082031
        mean: 750.72479248
        min: 83.2075500488
        var: 1061108.625
    pitch_instantaneous_confidence:
        dmean: 0.0996945202351
        dmean2: 0.162111148238
        dvar: 0.00700430525467
        dvar2: 0.017129804939
        max: 0.822432816029
        mean: 0.408880889416
        min: 0.120604932308
        var: 0.0187933184206
    pitch_salience:
        dmean: 0.069626480341
        dmean2: 0.10790707171
        dvar: 0.00487870862707
        dvar2: 0.0115436799824
        max: 0.87069529295
        mean: 0.562090218067
        min: 0.272550731897
        var: 0.0123599078506
    silence_rate_20dB:
        dmean: 0
        dmean2: 0
        dvar: 0
        dvar2: 0
        max: 1
        mean: 1
        min: 1
        var: 0
    silence_rate_30dB:
        dmean: 0
        dmean2: 0
        dvar: 0
        dvar2: 0
        max: 1
        mean: 1
        min: 1
        var: 0
    silence_rate_60dB:
        dmean: 0.133640557528
        dmean2: 0.267898380756
        dvar: 0.115781083703
        dvar2: 0.246937230229
        max: 1
        mean: 0.535632193089
        min: 0
        var: 0.248730584979
    spectral_centroid:
        dmean: 261.347503662
        dmean2: 389.564117432
        dvar: 64166.953125
        dvar2: 117877.1875
        max: 2875.11035156
        mean: 1521.82714844
        min: 463.468109131
        var: 284236.0625
    spectral_complexity:
        dmean: 4.58660507202
        dmean2: 7.09490728378
        dvar: 43.0415420532
        dvar2: 99.8914871216
        max: 49
        mean: 12.4032258987
        min: 0
        var: 82.3374404907
    spectral_crest:
        dmean: 2.00484800339
        dmean2: 3.3575322628
        dvar: 4.29212903976
        dvar2: 10.6280317307
        max: 18.3439006805
        mean: 6.6921377182
        min: 2.38864183426
        var: 6.42958641052
    spectral_decrease:
        dmean: 3.64719948687e-10
        dmean2: 5.76351799619e-10
        dvar: 3.31789795116e-19
        dvar2: 8.6048822899e-19
        max: -1.20881278078e-13
        mean: -9.31931642967e-10
        min: -4.31446256499e-09
        var: 4.91979524591e-19
    spectral_energy:
        dmean: 0.00162499630824
        dmean2: 0.00257000885904
        dvar: 7.19408853911e-06
        dvar2: 1.84368709597e-05
        max: 0.0210165530443
        mean: 0.0041142157279
        min: 4.8289859933e-07
        var: 1.0420457329e-05
    spectral_energyband_high:
        dmean: 0.000197266635951
        dmean2: 0.000313366443152
        dvar: 1.41143161159e-07
        dvar2: 3.27406439737e-07
        max: 0.00349640008062
        mean: 0.000347737950506
        min: 7.49093231889e-09
        var: 2.00234069325e-07
    spectral_energyband_low:
        dmean: 0.000359169091098
        dmean2: 0.000579658022616
        dvar: 3.23458493767e-07
        dvar2: 9.06231093722e-07
        max: 0.00449111685157
        mean: 0.000709652143996
        min: 2.97150881678e-09
        var: 4.93479603847e-07
    spectral_energyband_middle_high:
        dmean: 0.0010176859796
        dmean2: 0.00167778215837
        dvar: 2.93079347102e-06
        dvar2: 7.56652252676e-06
        max: 0.014065423049
        mean: 0.00207080319524
        min: 1.22334270714e-07
        var: 4.29275951319e-06
    spectral_energyband_middle_low:
        dmean: 0.000517445849255
        dmean2: 0.000863663794007
        dvar: 8.93281765002e-07
        dvar2: 2.51030996878e-06
        max: 0.00890443753451
        mean: 0.000985959311947
        min: 1.37530903999e-07
        var: 1.08498363716e-06
    spectral_flatness_db:
        dmean: 0.021541884169
        dmean2: 0.0309125427157
        dvar: 0.000332164374413
        dvar2: 0.000726008089259
        max: 0.257175832987
        mean: 0.142685577273
        min: 0.0854893475771
        var: 0.000790387624875
    spectral_flux:
        dmean: 0.00887469016016
        dmean2: 0.0129371741787
        dvar: 0.000142849312397
        dvar2: 0.000241401430685
        max: 0.111883558333
        mean: 0.0381507314742
        min: 0.00409115105867
        var: 0.000391565059545
    spectral_kurtosis:
        dmean: 0.87624591589
        dmean2: 1.48758876324
        dvar: 0.563663244247
        dvar2: 1.78146266937
        max: 7.24259376526
        mean: 2.69547629356
        min: -0.353543043137
        var: 1.03252208233
    spectral_rms:
        dmean: 0.000343486026395
        dmean2: 0.000518500746693
        dvar: 2.03307365609e-07
        dvar2: 4.88742045945e-07
        max: 0.00452812900767
        mean: 0.00188539375085
        min: 2.17053129745e-05
        var: 4.59155700128e-07
    spectral_rolloff:
        dmean: 475.918670654
        dmean2: 775.793457031
        dvar: 249897.78125
        dvar2: 557979.4375
        max: 4435.83984375
        mean: 3078.50219727
        min: 409.130859375
        var: 711565.25
    spectral_skewness:
        dmean: 0.154844716191
        dmean2: 0.246058538556
        dvar: 0.0167877282947
        dvar2: 0.0383888185024
        max: 2.41352415085
        mean: 1.25607633591
        min: 0.613262832165
        var: 0.0436029098928
    spectral_spread:
        dmean: 889094.5
        dmean2: 1302505.125
        dvar: 912415064064
        dvar2: 1.73747064013e+12
        max: 11313635
        mean: 5034752.5
        min: 2960506.5
        var: 2.18265314918e+12
    spectral_strongpeak:
        dmean: 0.38566583395
        dmean2: 0.670747995377
        dvar: 0.255916118622
        dvar2: 0.700125932693
        max: 2.65868091583
        mean: 0.452997654676
        min: 0
        var: 0.319185107946
    zerocrossingrate:
        dmean: 0.00935628078878
        dmean2: 0.0110202366486
        dvar: 6.6689302912e-05
        dvar2: 8.05413510534e-05
        max: 0.138671875
        mean: 0.0919521376491
        min: 0.00048828125
        var: 0.000465721590444
    barkbands:
        dmean: [7.83794860126e-07, 0.000158909882884, 0.000258237065282, 0.000106440893433, 0.00022951173014, 0.000140338190249, 0.000117558884085, 6.79707227391e-05, 0.000104851766082, 0.000116277689813, 0.000310701783746, 0.000102729638456, 8.13050646684e-05, 5.87705471844e-05, 7.42207339499e-05, 0.000123561359942, 0.000155359142809, 0.000161741409102, 0.000223265116801, 0.000194763008039, 9.70167384367e-05, 2.66013084911e-05, 9.92732475424e-06, 3.06594915855e-06, 2.11236306313e-06, 1.93721092501e-07, 4.33790836585e-10]
        dmean2: [1.20958191019e-06, 0.000249084056122, 0.000417756324168, 0.000174109460204, 0.000407397426898, 0.000220571062528, 0.000199758447707, 0.000121372439025, 0.000185072640306, 0.000194734893739, 0.000522794143762, 0.000179065100383, 0.00013603689149, 0.000100892408227, 0.000135192138259, 0.000203743969905, 0.000271855504252, 0.000263299356448, 0.000365284300642, 0.00032019324135, 0.000153560584295, 4.1358260205e-05, 1.58122802532e-05, 4.45199611931e-06, 3.36545667778e-06, 3.23733218011e-07, 7.34022398419e-10]
        dvar: [1.22621192714e-11, 6.04832735007e-08, 2.58560390876e-07, 5.02623791476e-08, 2.93322784728e-07, 5.50466516813e-08, 3.56782585698e-08, 1.82118018444e-08, 4.99136696419e-08, 3.60900713758e-08, 3.94793772784e-07, 3.35642909022e-08, 2.68320743402e-08, 7.79893571945e-09, 3.3953387657e-08, 6.32546743873e-08, 1.01751645332e-07, 9.36189792355e-08, 1.32916753159e-07, 1.49998470533e-07, 3.35515757399e-08, 1.72759972994e-09, 2.22288257246e-10, 1.91945348504e-11, 9.02489107751e-12, 8.67627028707e-14, 3.61117483734e-19]
        dvar2: [3.13268820606e-11, 1.5579306023e-07, 7.3464821071e-07, 1.19937894283e-07, 9.0327637281e-07, 1.46289551139e-07, 9.78000898044e-08, 5.11131226233e-08, 1.3753508199e-07, 9.63204342952e-08, 1.09109487312e-06, 8.52999662015e-08, 7.66959473708e-08, 2.11620996282e-08, 9.4567241149e-08, 1.55058728524e-07, 2.81542014591e-07, 2.24779356017e-07, 3.28570195052e-07, 3.83132629622e-07, 7.73120518716e-08, 3.93141963428e-09, 5.38842637177e-10, 4.54491617952e-11, 2.16161099437e-11, 2.17657828067e-13, 9.42877330855e-19]
        max: [5.08807170263e-05, 0.00183869688772, 0.00380241079256, 0.00174400606193, 0.00525418762118, 0.00158366048709, 0.00171569315717, 0.00116436393, 0.00278918538243, 0.00199953303672, 0.00652507320046, 0.00211106636561, 0.00189026107546, 0.000764177530073, 0.00149050471373, 0.00315423542634, 0.00246240827255, 0.00319418567233, 0.00341179315001, 0.00350794591941, 0.00163949467242, 0.000374329421902, 0.000127459948999, 4.36429872934e-05, 1.87010537047e-05, 1.6805404357e-06, 3.91009713496e-09]
        mean: [7.81598146204e-07, 0.000336908997269, 0.000372029026039, 0.000138441449963, 0.000238413733314, 0.00024464915623, 0.000153863686137, 7.12764231139e-05, 0.000122613055282, 0.000146857477375, 0.000417503761128, 0.000151777669089, 0.000106011044409, 8.04607770988e-05, 6.23856540187e-05, 0.000170445011463, 0.000179674490937, 0.000233526254306, 0.000358763587428, 0.000317739497405, 0.000149344778038, 4.29677857028e-05, 1.1722408999e-05, 3.89729439121e-06, 2.02031310437e-06, 1.44369437294e-07, 3.81302212027e-10]
        min: [3.00431929334e-10, 3.3526437182e-10, 2.48860199115e-09, 2.74497491404e-08, 6.6841970181e-08, 1.74939476238e-08, 8.84290307646e-10, 2.65633359753e-09, 4.09294420578e-09, 1.37529472255e-08, 3.40647154928e-08, 2.55446366282e-08, 2.25763141515e-09, 5.63977398116e-09, 1.0851157306e-08, 9.04001495883e-09, 2.08047712391e-09, 1.2855495557e-09, 8.58043414098e-09, 1.23358647741e-08, 1.75130476787e-09, 1.08698461343e-09, 7.46290917952e-10, 8.16833711781e-10, 6.66708410701e-10, 1.99504111148e-11, 8.70341599897e-14]
        var: [7.02336496253e-12, 1.05927220773e-07, 2.36849402313e-07, 7.3457023575e-08, 2.25215529781e-07, 6.69007178544e-08, 3.37885239787e-08, 1.42802685232e-08, 5.31765422807e-08, 4.07713827144e-08, 5.92341393713e-07, 6.65918875598e-08, 3.90117342874e-08, 9.49457046318e-09, 2.24812701788e-08, 7.54289857241e-08, 8.570687271e-08, 1.12602961622e-07, 2.42613026558e-07, 2.00088678071e-07, 4.13282990053e-08, 2.82872281154e-09, 2.77562001161e-10, 3.19711965235e-11, 9.8104449911e-12, 7.32425933596e-14, 3.37175516385e-19]
    mfcc:
        mean: [-711.879394531, 101.85344696, -45.1793708801, 50.2625541687, -21.9189109802, 1.43519449234, 6.56551408768, 4.66136217117, -2.14752984047, -6.30256128311, -7.81295967102, -1.08171379566, 4.11681127548]
        cov: [[2463.26293945, -247.005050659, 113.061599731, 26.6953392029, 46.2053947449, 38.6846046448, 140.797973633, 91.0776290894, 63.4143295288, 92.7532043457, 99.9062042236, 0.375193953514, -48.5938911438], [-247.005050659, 543.461791992, -0.173946812749, 237.028778076, 43.6950378418, 150.340393066, 60.581703186, 41.6696395874, 74.9889831543, 35.9587173462, 2.02238988876, -2.2640337944, 4.41053247452], [113.061599731, -0.173946812749, 507.788787842, 106.258781433, 256.837341309, 115.456253052, 98.7511901855, 117.905059814, 98.195022583, 77.8055114746, 65.9111633301, 69.0292663574, 43.8775787354], [26.6953392029, 237.028778076, 106.258781433, 322.857421875, 158.021499634, 124.92855835, 49.8482208252, 66.1475448608, 119.604194641, 56.7691650391, 9.7026052475, 17.499584198, 10.2952365875], [46.2053947449, 43.6950378418, 256.837341309, 158.021499634, 302.245697021, 119.619995117, 26.7218933105, 53.2468566895, 110.980422974, 65.5512695312, 1.14489686489, 29.8051776886, 23.4541358948], [38.6846046448, 150.340393066, 115.456253052, 124.92855835, 119.619995117, 190.02281189, 108.67364502, 72.5354232788, 68.5774841309, 50.5842514038, 32.2245635986, 40.2776870728, 41.1673774719], [140.797973633, 60.581703186, 98.7511901855, 49.8482208252, 26.7218933105, 108.67364502, 180.126419067, 100.589630127, 34.7831001282, 51.9811553955, 52.0455360413, 32.0630989075, 29.2870311737], [91.0776290894, 41.6696395874, 117.905059814, 66.1475448608, 53.2468566895, 72.5354232788, 100.589630127, 117.879005432, 69.9429016113, 44.7698097229, 44.7744903564, 44.3892593384, 28.2003898621], [63.4143295288, 74.9889831543, 98.195022583, 119.604194641, 110.980422974, 68.5774841309, 34.7831001282, 69.9429016113, 141.21282959, 76.3717041016, 15.9560003281, 24.9664020538, 17.4083499908], [92.7532043457, 35.9587173462, 77.8055114746, 56.7691650391, 65.5512695312, 50.5842514038, 51.9811553955, 44.7698097229, 76.3717041016, 111.140762329, 29.4991188049, 10.5227966309, 11.5183839798], [99.9062042236, 2.02238988876, 65.9111633301, 9.7026052475, 1.14489686489, 32.2245635986, 52.0455360413, 44.7744903564, 15.9560003281, 29.4991188049, 101.955490112, 63.8377952576, 20.2999973297], [0.375193953514, -2.2640337944, 69.0292663574, 17.499584198, 29.8051776886, 40.2776870728, 32.0630989075, 44.3892593384, 24.9664020538, 10.5227966309, 63.8377952576, 93.9446411133, 48.6285057068], [-48.5938911438, 4.41053247452, 43.8775787354, 10.2952365875, 23.4541358948, 41.1673774719, 29.2870311737, 28.2003898621, 17.4083499908, 11.5183839798, 20.2999973297, 48.6285057068, 69.8959197998]]
        icov: [[0.000514319166541, 0.000445239682449, 3.727807416e-05, -0.000215843640035, 5.85232919548e-05, -0.000183934826055, -0.000343318475643, 1.56398127729e-05, -0.000215748004848, -7.6646800153e-05, -0.000570824660826, 0.000364468840417, 0.000542686553672], [0.000445239682449, 0.00392071064562, -6.59563665977e-05, -0.00264764390886, 0.00201918161474, -0.00319943879731, 0.00035365234362, 0.000465821474791, -0.00054132589139, -8.42519948492e-05, -0.000202288429136, 0.000784318079241, 0.00102604669519], [3.727807416e-05, -6.59563665977e-05, 0.00488991988823, 0.000665721890982, -0.00480400025845, 0.0012556592701, -0.000658403907437, -0.00321756233461, 0.00133198057301, -0.000213663166505, -0.00220584846102, 0.000563441193663, -0.000739036768209], [-0.000215843640035, -0.00264764390886, 0.000665721890982, 0.00751454522833, -0.00301168905571, -0.000250038719969, 1.10132862119e-06, -0.000940680096392, -0.00305654481053, 0.00115223042667, -0.000510783458594, 0.000308777409373, 0.000534093123861], [5.85232919548e-05, 0.00201918161474, -0.00480400025845, -0.00301168905571, 0.0118720717728, -0.00605953345075, 0.0029521426186, 0.00282509066164, -0.00326145556755, -0.00145113794133, 0.00429592654109, -0.00228290096857, 0.00197304808535], [-0.000183934826055, -0.00319943879731, 0.0012556592701, -0.000250038719969, -0.00605953345075, 0.0165233220905, -0.00841621495783, 0.00167041958775, -0.000519671768416, 0.000863897672389, -0.000641749356873, -0.0012256174814, -0.00449734181166], [-0.000343318475643, 0.00035365234362, -0.000658403907437, 1.10132862119e-06, 0.0029521426186, -0.00841621495783, 0.0185643490404, -0.0138652967289, 0.00665555987507, -0.00466316752136, -0.00207893317565, 0.00420950585976, -0.00128003594], [1.56398127729e-05, 0.000465821474791, -0.00321756233461, -0.000940680096392, 0.00282509066164, 0.00167041958775, -0.0138652967289, 0.0296583585441, -0.0127058662474, 0.00391811458394, -0.00010637647938, -0.00558565603569, 0.000487545883516], [-0.000215748004848, -0.00054132589139, 0.00133198057301, -0.00305654481053, -0.00326145556755, -0.000519671768416, 0.00665555987507, -0.0127058662474, 0.0226155817509, -0.0110306655988, 0.00321364100091, -0.00251265615225, 0.00023620101274], [-7.6646800153e-05, -8.42519948492e-05, -0.000213663166505, 0.00115223042667, -0.00145113794133, 0.000863897672389, -0.00466316752136, 0.00391811458394, -0.0110306655988, 0.0187536235899, -0.00680039776489, 0.00662555126473, -0.0027100299485], [-0.000570824660826, -0.000202288429136, -0.00220584846102, -0.000510783458594, 0.00429592654109, -0.000641749356873, -0.00207893317565, -0.00010637647938, 0.00321364100091, -0.00680039776489, 0.0256659183651, -0.0202140174806, 0.00785585027188], [0.000364468840417, 0.000784318079241, 0.000563441193663, 0.000308777409373, -0.00228290096857, -0.0012256174814, 0.00420950585976, -0.00558565603569, -0.00251265615225, 0.00662555126473, -0.0202140174806, 0.0352947190404, -0.0173683445901], [0.000542686553672, 0.00102604669519, -0.000739036768209, 0.000534093123861, 0.00197304808535, -0.00449734181166, -0.00128003594, 0.000487545883516, 0.00023620101274, -0.0027100299485, 0.00785585027188, -0.0173683445901, 0.0275210291147]]
    spectral_contrast:
        mean: [-5.86964972626e-07, 1.5465963088e-07, 1.88719425864e-07, -9.61365209662e-09, 4.16408482806e-07, 2.11363015978e-07, 7.62225283779e-07, -4.15817930843e-06, -8.31958629988e-07, -1.50618461703e-06, 7.77332445523e-07, -1.00641204881e-06]
        var: [0.000338847981766, 0.00061291269958, 0.00118000828661, 0.00283974246122, 0.00325289950706, 0.00599283771589, 0.0460956208408, 0.0846891999245, 0.129730090499, 0.323374778032, 0.627564489841, 1.75447511673]

rhythm:
    beats_loudness:
        dmean: 0.00355760520324
        dmean2: 0.00646623689681
        dvar: 5.10572954227e-06
        dvar2: 1.61325824592e-05
        max: 0.0113584436476
        mean: 0.00636923499405
        min: 0.00237800367177
        var: 8.22046240501e-06
    beats_loudness_bass:
        dmean: 0.256821900606
        dmean2: 0.458234965801
        dvar: 0.0209556221962
        dvar2: 0.0954537466168
        max: 0.557048618793
        mean: 0.223888158798
        min: 0.00324416416697
        var: 0.028916772455
    bpm: 94.4493026733
    bpm_confidence: 0
    first_peak_bpm: 94
    first_peak_spread: 0
    first_peak_weight: 0.928571403027
    onset_rate: 4.57386350632
    second_peak_bpm: 61
    second_peak_spread: 0
    second_peak_weight: 0.0714285746217
    beats_position: [0.179398193955, 0.814623594284, 1.44984900951, 2.08507442474, 2.72029995918, 3.35552549362, 3.99075078964, 4.62597608566, 5.26120138168, 6.24531507492, 6.88062047958, 7.51592588425, 8.15123176575, 8.78653717041, 9.42184257507]
    bpm_estimates: [94.731590271, 94.4622192383, 94.6674728394, 94.4540634155, 94.1407546997, 94.2672348022, 94.4779663086, 94.3045806885, 94.5308151245, 94.4911117554, 94.4764328003, 94.7426071167, 94.4051437378, 94.6405181885, 94.5596542358, 94.094909668, 94.3038101196, 94.2311859131, 94.5268096924, 94.402015686, 94.5245132446]
    bpm_intervals: [0.63522541523, 0.63522541523, 0.63522541523, 0.635225534439, 0.635225534439, 0.635225296021, 0.635225296021, 0.635225296021, 0.984113693237, 0.635305404663, 0.635305404663, 0.6353058815, 0.635305404663, 0.635305404663]
    onset_times: [0.0464399084449, 0.139319732785, 0.359909296036, 0.487619042397, 0.696598649025, 0.789478480816, 1.1261677742, 1.33514738083, 1.66022670269, 1.764716506, 1.93886625767, 2.07818603516, 2.40326523781, 2.71673464775, 3.36689352989, 3.68036270142, 3.99383211136, 4.28408145905, 4.5046710968, 4.63238096237, 4.82975053787, 4.95746040344, 5.27092981339, 5.46829938889, 5.59600925446, 5.79337882996, 5.92108821869, 6.23455762863, 6.54802703857, 6.87310647964, 7.18657588959, 7.38394546509, 7.51165533066, 7.70902490616, 7.8251247406, 8.0224943161, 8.15020370483, 8.34757328033, 8.46367359161, 8.77714252472, 9.10222244263, 9.21832180023, 9.42730140686, 9.63628101349, 9.74077129364, 9.93814086914]
    rubato_start: []
    rubato_stop: []
    perceptual_tempo: "unknown"

sfx:
    inharmonicity:
        dmean: 0.050015501678
        dmean2: 0.0887866392732
        dvar: 0.00443236948922
        dvar2: 0.0124198980629
        max: 0.412038743496
        mean: 0.0519225522876
        min: 0
        var: 0.00405537988991
    oddtoevenharmonicenergyratio:
        dmean: 3.77872610092
        dmean2: 7.21816015244
        dvar: 162.683944702
        dvar2: 480.982421875
        max: 112.057723999
        mean: 2.3460419178
        min: 0
        var: 87.7846374512
    pitch_after_max_to_before_max_energy_ratio: 38.5544319153
    pitch_centroid: 174.903213501
    pitch_max_to_total: 0.0483870953321
    pitch_min_to_total: 0.829493105412
    tristimulus:
        dmean: [0.194697067142, 0.234783530235, 0.139465913177]
        dmean2: [0.328817784786, 0.399794816971, 0.241770341992]
        dvar: [0.0245173946023, 0.0319060944021, 0.0117277456447]
        dvar2: [0.0647329986095, 0.0971237272024, 0.033039458096]
        max: [1, 0.980466902256, 0.576847434044]
        mean: [0.348576307297, 0.475737780333, 0.144172593951]
        min: [0.00654079951346, 0, 0]
        var: [0.0466235652566, 0.0495175272226, 0.0163705479354]

tonal:
    chords_changes_rate: 0.091743119061
    chords_number_rate: 0.0321100912988
    chords_strength:
        dmean: 0.00924426689744
        dmean2: 0.00891125760972
        dvar: 5.14956409461e-05
        dvar2: 6.0718950408e-05
        max: 0.648357391357
        mean: 0.545242488384
        min: 0.39163646102
        var: 0.00317679066211
    key_strength: 0.702617943287
    tuning_diatonic_strength: 0.580476164818
    tuning_equal_tempered_deviation: 0.0993841141462
    tuning_frequency: 441.527557373
    tuning_nontempered_energy_ratio: 0.765088796616
    hpcp:
        dmean: [0.124916866422, 0.136647507548, 0.154811635613, 0.264913260937, 0.300766587257, 0.22993093729, 0.196715891361, 0.182537928224, 0.172310128808, 0.132996857166, 0.136294797063, 0.155490189791, 0.169171959162, 0.135784104466, 0.105855830014, 0.110122039914, 0.168952569366, 0.207944348454, 0.225500673056, 0.15259540081, 0.126347929239, 0.193436682224, 0.182201936841, 0.11580979079, 0.0993934720755, 0.102286934853, 0.139632180333, 0.13855214417, 0.100718185306, 0.100274063647, 0.14939185977, 0.155737817287, 0.161968201399, 0.221166819334, 0.18331220746, 0.133233979344]
        dmean2: [0.211578652263, 0.237758845091, 0.259795159101, 0.454902112484, 0.497827678919, 0.39315751195, 0.334537833929, 0.31753668189, 0.30324664712, 0.229013517499, 0.232910633087, 0.268019556999, 0.281663656235, 0.229125872254, 0.186971962452, 0.18156324327, 0.28039085865, 0.335660547018, 0.366001307964, 0.254818052053, 0.215835392475, 0.320994049311, 0.320772409439, 0.198364958167, 0.173770487309, 0.177237868309, 0.227134644985, 0.228138148785, 0.170179352164, 0.174086079001, 0.270019888878, 0.277104765177, 0.256087720394, 0.344013601542, 0.299236744642, 0.224653273821]
        dvar: [0.0188183393329, 0.023620205, 0.0312908217311, 0.0574482828379, 0.0720368102193, 0.0529539585114, 0.0390433631837, 0.0443421415985, 0.0426300279796, 0.0276258159429, 0.0353429578245, 0.0352576002479, 0.037926774472, 0.0308922026306, 0.0238267406821, 0.0236392840743, 0.0312793701887, 0.0353622958064, 0.0471560619771, 0.0265945140272, 0.023759489879, 0.0515258535743, 0.0531592555344, 0.0289043243974, 0.0181960295886, 0.0226007867604, 0.0244145859033, 0.0285323467106, 0.0150016192347, 0.0224619135261, 0.0526368021965, 0.052761644125, 0.0221462398767, 0.0374756008387, 0.0364635698497, 0.0295699760318]
        dvar2: [0.0486905872822, 0.0624457299709, 0.0832037255168, 0.167427718639, 0.147725656629, 0.12633022666, 0.11599740386, 0.128137379885, 0.118778422475, 0.0750427767634, 0.103651218116, 0.0962179750204, 0.0982843264937, 0.083145968616, 0.0664595961571, 0.0539708323777, 0.08496953547, 0.0899061560631, 0.126728370786, 0.0760421156883, 0.0647193863988, 0.13207231462, 0.124316751957, 0.0723669603467, 0.0485927537084, 0.0579805187881, 0.0623074434698, 0.0761300474405, 0.0399428121746, 0.061530970037, 0.148842141032, 0.14777058363, 0.0539365485311, 0.0977684855461, 0.102323189378, 0.0838582664728]
        max: [1, 1, 1, 1, 1, 1, 1, 1, 1, 1, 1, 1, 1, 1, 0.978317797184, 1, 1, 1, 1, 1, 1, 1, 1, 0.800677359104, 0.745850324631, 1, 1, 1, 0.952661395073, 0.770301938057, 1, 1, 1, 1, 1, 1]
        mean: [0.185582190752, 0.158207371831, 0.194098040462, 0.351787537336, 0.442575275898, 0.383003652096, 0.31188416481, 0.243401736021, 0.214210778475, 0.191169068217, 0.168009832501, 0.262453138828, 0.323999136686, 0.213656812906, 0.133691519499, 0.145597487688, 0.19856826961, 0.408122867346, 0.448506236076, 0.235775619745, 0.208823055029, 0.292772233486, 0.217164993286, 0.117027685046, 0.10097695142, 0.114160552621, 0.205549836159, 0.25071144104, 0.165540292859, 0.107195302844, 0.126296177506, 0.145839869976, 0.271764427423, 0.405859291553, 0.301620423794, 0.192120298743]
        min: [0.003903004108, 0.00459565967321, 0.00774388946593, 0.012463116087, 0.00833721272647, 0.00629804143682, 0.00688208034262, 0.00512971542776, 0.00523186987266, 0.00693094683811, 0.00512815685943, 0.00950902979821, 0.00552368396893, 0.00696941465139, 0.00641480321065, 0.00424221949652, 0.00325170089491, 0.00842482689768, 0.013625334017, 0.00753115210682, 0.00102800829336, 0.00286065461114, 0.00337096932344, 0.00231816992164, 0.0012652646983, 0.00171226088423, 0.00459804059938, 0.00304579595104, 0.00165220955387, 0.00110070104711, 0.00168318965007, 0.00466737058014, 0.0123759824783, 0.0257313568145, 0.026137502864, 0.00348289613612]
        var: [0.0406112410128, 0.0298211742193, 0.0370575860143, 0.0790631994605, 0.122143395245, 0.104903675616, 0.0774388238788, 0.0563544742763, 0.0517005212605, 0.0362287908792, 0.0352009795606, 0.0785304680467, 0.0958020910621, 0.0398642867804, 0.026389637962, 0.038309507072, 0.039632037282, 0.0898565873504, 0.107361488044, 0.0376492850482, 0.0489350892603, 0.102105073631, 0.064315199852, 0.0261725801975, 0.016573715955, 0.0208340566605, 0.0408572480083, 0.0636257603765, 0.0327104181051, 0.0219868719578, 0.0403864569962, 0.0424705781043, 0.0454716905951, 0.0888523906469, 0.0596586130559, 0.0441362783313]
    chords_histogram: [20.1834869385, 14.6788988113, 0, 0, 0, 0, 0, 11.4678897858, 0, 15.1376142502, 11.0091743469, 0, 0, 0, 0, 0, 0, 0, 0, 0, 0, 0, 20.6422023773, 6.88073396683]
    thpcp: [1, 0.525690853596, 0.46559676528, 0.652771830559, 0.484196156263, 0.260927677155, 0.225140571594, 0.2545350492, 0.458298712969, 0.558992087841, 0.369092524052, 0.239005148411, 0.281592905521, 0.32516798377, 0.605932354927, 0.904913365841, 0.6724999547, 0.428355902433, 0.413778394461, 0.35274285078, 0.432765543461, 0.784353733063, 0.986776173115, 0.853953897953, 0.695384204388, 0.542694211006, 0.477609366179, 0.426235020161, 0.374598652124, 0.585171639919, 0.722396075726, 0.476374238729, 0.298081725836, 0.324627578259, 0.442732453346, 0.909960269928]
    chords_key: "C#"
    chords_scale: "minor"
    key_key: "G#"
    key_scale: "minor"
    chords_progression: ["G#", "G#", "G#", "G#", "G#", "G#", "G#m", "G#", "G#", "G#", "G#m", "G#m", "G#m", "G#m", "G#m", "G#", "G#", "G#", "G#", "G#m", "G#m", "G#m", "G#m", "G#m", "Gm", "Gm", "Gm", "Gm", "Gm", "Gm", "Gm", "Gm", "Gm", "Gm", "Gm", "Gm", "Gm", "Gm", "Gm", "Gm", "Gm", "Gm", "Gm", "D#", "D#", "D#", "D#", "D#", "Gm", "Gm", "Gm", "Gm", "Gm", "D#", "D#", "D#", "D#", "D#", "D#", "D#", "D#", "D#", "D#", "D#", "D#", "D#", "D#", "D#", "D#", "D#", "D#", "C#m", "C#m", "C#m", "C#m", "C#m", "E", "D#", "D#", "D#", "D#", "D#", "D#", "D#", "D#", "D#", "D#", "E", "E", "E", "E", "E", "E", "E", "E", "E", "E", "E", "E", "E", "E", "B", "B", "B", "B", "B", "B", "B", "B", "B", "B", "B", "B", "B", "B", "B", "B", "B", "B", "B", "B", "B", "B", "B", "B", "B", "B", "B", "B", "B", "B", "B", "B", "G#m", "G#m", "G#m", "G#m", "G#m", "G#m", "G#m", "G#m", "G#m", "G#m", "G#m", "G#m", "G#", "G#", "G#", "G#", "G#", "G#", "G#", "G#", "G#", "G#", "G#", "G#m", "G#m", "G#m", "G#m", "G#m", "G#m", "G#", "G#m", "G#m", "G#m", "G#m", "G#m", "G#m", "G#m", "G#m", "G#m", "G#m", "G#m", "G#m", "G#m", "G#m", "G#m", "C#m", "C#m", "C#m", "C#m", "C#m", "C#m", "C#m", "C#m", "C#m", "C#m", "C#m", "C#m", "C#m", "C#m", "C#m", "C#m", "C#m", "C#m", "C#m", "C#m", "C#m", "C#m", "C#m", "C#m", "C#m", "C#m", "C#m", "C#m", "C#m", "C#m", "C#m", "C#m", "C#m", "C#m", "C#m", "C#m", "C#m", "C#m", "C#m", "C#m"]
