
metadata:
    version:
        essentia: "1.2.2"
    audio_properties:
        analysis_sample_rate: 44100
        bitrate: 128
        channels: 2
        equal_loudness: 1
        length: 10.0048980713
        replay_gain: 5.98943901062
        downmix: "mix"
    tags:
        track: 64
        year: 0
        album: "Splitted by Mp3Splt v. 2.1"
        artist: "From 010.30 To 010.40"
        comment: "http://mp3splt.sf.net"
        genre: ""
        title: "04 Second Peng.mp3"

highlevel:
    ballroom:
        all:
            ChaChaCha: 0.0182191152126
            Jive: 0.0781110078096
            Quickstep: 0.0688046887517
            Rumba-American: 0.00264513446018
            Rumba-International: 0.00197193911299
            Rumba-Misc: 0.00247500021942
            Samba: 0.0103104468435
            Tango: 0.758813738823
            VienneseWaltz: 0.0258269291371
            Waltz: 0.0328219719231
        probability: 0.758813738823
        value: "Tango"
    culture:
        all:
            non_western: 0.957106888294
            western: 0.042893089354
        probability: 0.957106888294
        value: "non_western"
    gender:
        all:
            female: 0.699406683445
            male: 0.300593316555
        probability: 0.699406683445
        value: "female"
    genre_dortmund:
        all:
            alternative: 0.118107296526
            blues: 0.00793422944844
            electronic: 0.704300165176
            folkcountry: 0.0156246814877
            funksoulrnb: 0.0128762628883
            jazz: 0.0176125019789
            pop: 0.0165867153555
            raphiphop: 0.00554976938292
            rock: 0.101408354938
        probability: 0.704300165176
        value: "electronic"
    genre_electronica:
        all:
            ambient: 0.642394959927
            dnb: 0.0817785337567
            house: 0.0639467760921
            techno: 0.199701875448
            trance: 0.0121778771281
        probability: 0.642394959927
        value: "ambient"
    genre_rosamerica:
        all:
            cla: 0.582920014858
            dan: 0.0192945916206
            hip: 0.16165818274
            jaz: 0.0404529720545
            pop: 0.0171818155795
            rhy: 0.0236110147089
            roc: 0.108541719615
            spe: 0.0463396757841
        probability: 0.582920014858
        value: "cla"
    genre_tzanetakis:
        all:
            blu: 0.110634125769
            cla: 0.351901203394
            cou: 0.0290310159326
            dis: 0.072067193687
            hip: 0.0394246950746
            jaz: 0.0574225559831
            met: 0.0617479458451
            pop: 0.0317044705153
            reg: 0.161813691258
            roc: 0.0842530950904
        probability: 0.351901203394
        value: "cla"
    live_studio:
        all:
            live: 0.594798386097
            studio: 0.405201613903
        probability: 0.594798386097
        value: "live"
    mood:
        all:
            Cluster1: 0.0673401728272
            Cluster2: 0.0239898134023
            Cluster3: 0.00493651069701
            Cluster4: 0.0268210750073
            Cluster5: 0.876912415028
        probability: 0.876912415028
        value: "Cluster5"
    mood_acoustic:
        all:
            acoustic: 0.125110626221
            not_acoustic: 0.874889373779
        probability: 0.874889373779
        value: "not_acoustic"
    mood_aggressive:
        all:
            aggressive: 0.989180445671
            not_aggressive: 0.0108195571229
        probability: 0.989180445671
        value: "aggressive"
    mood_electronic:
        all:
            electronic: 0.780696332455
            not_electronic: 0.219303652644
        probability: 0.780696332455
        value: "electronic"
    mood_happy:
        all:
            happy: 0.0947894379497
            not_happy: 0.9052105546
        probability: 0.9052105546
        value: "not_happy"
    mood_party:
        all:
            not_party: 0.416674911976
            party: 0.583325088024
        probability: 0.583325088024
        value: "party"
    mood_relaxed:
        all:
            not_relaxed: 0.352574497461
            relaxed: 0.647425532341
        probability: 0.647425532341
        value: "relaxed"
    mood_sad:
        all:
            not_sad: 0.985712766647
            sad: 0.0142872165889
        probability: 0.985712766647
        value: "not_sad"
    rhythm:
        all:
            fast: 0.22730743885
            medium: 0.645322024822
            slow: 0.127370551229
        probability: 0.645322024822
        value: "medium"
    speech_music:
        all:
            music: 0.0172260180116
            speech: 0.982773959637
        probability: 0.982773959637
        value: "speech"
    timbre:
        all:
            bright: 0.316213190556
            dark: 0.683786809444
        probability: 0.683786809444
        value: "dark"
    voice_instrumental:
        all:
            instrumental: 0.962843418121
            voice: 0.0371565818787
        probability: 0.962843418121
        value: "instrumental"

lowlevel:
    average_loudness: 0.445119947195
    barkbands_kurtosis:
        dmean: 5.5269036293
        dmean2: 7.89941120148
        dvar: 49.856262207
        dvar2: 104.155860901
        max: 70.4844818115
        mean: 10.1455059052
        min: -0.956619739532
        var: 157.824035645
    barkbands_skewness:
        dmean: 0.624767482281
        dmean2: 0.933366656303
        dvar: 0.364861130714
        dvar2: 0.744434535503
        max: 1.02758169174
        mean: -1.78483355045
        min: -6.38150024414
        var: 0.9825258255
    barkbands_spread:
        dmean: 2.48311257362
        dmean2: 3.85484457016
        dvar: 7.13499450684
        dvar2: 13.9576721191
        max: 25.6746063232
        mean: 6.21614551544
        min: 0.576733350754
        var: 20.2742061615
    dissonance:
        dmean: 0.00693222647533
        dmean2: 0.0121260657907
        dvar: 8.14933446236e-05
        dvar2: 0.00019606105343
        max: 0.499894738197
        mean: 0.492001891136
        min: 0.40542563796
        var: 7.73667270551e-05
    hfc:
        dmean: 2.96510481834
        dmean2: 4.65634584427
        dvar: 51.6500244141
        dvar2: 132.885818481
        max: 78.1184310913
        mean: 4.86335372925
        min: 0.0124185970053
        var: 75.1695785522
    pitch:
        dmean: 587.22668457
        dmean2: 1097.27319336
        dvar: 812280.125
        dvar2: 1992619.875
        max: 3675
        mean: 2214.47167969
        min: 108.088233948
        var: 710382.9375
    pitch_instantaneous_confidence:
        dmean: 0.119260564446
        dmean2: 0.192828625441
        dvar: 0.00738691119477
        dvar2: 0.0195699948817
        max: 0.889599561691
        mean: 0.502036273479
        min: 0.166877269745
        var: 0.0356083922088
    pitch_salience:
        dmean: 0.0557985492051
        dmean2: 0.101961575449
        dvar: 0.00177518918645
        dvar2: 0.00572031131014
        max: 0.885863721371
        mean: 0.759357869625
        min: 0.593867778778
        var: 0.00216121110134
    silence_rate_20dB:
        dmean: 0
        dmean2: 0
        dvar: 0
        dvar2: 0
        max: 1
        mean: 1
        min: 1
        var: 0
    silence_rate_30dB:
        dmean: 0
        dmean2: 0
        dvar: 0
        dvar2: 0
        max: 1
        mean: 1
        min: 1
        var: 0
    silence_rate_60dB:
        dmean: 0.078886307776
        dmean2: 0.158139541745
        dvar: 0.0726637020707
        dvar2: 0.147085562348
        max: 1
        mean: 0.810185194016
        min: 0
        var: 0.153784587979
    spectral_centroid:
        dmean: 165.281936646
        dmean2: 250.817199707
        dvar: 24770.8007812
        dvar2: 50596.2382812
        max: 3493.2253418
        mean: 2242.79174805
        min: 1726.70092773
        var: 86785.53125
    spectral_complexity:
        dmean: 3.0093023777
        dmean2: 4.57342672348
        dvar: 20.6184062958
        dvar2: 33.7550048828
        max: 43
        mean: 5.95823669434
        min: 0
        var: 64.1140670776
    spectral_crest:
        dmean: 2.26610898972
        dmean2: 3.82573962212
        dvar: 3.03101015091
        dvar2: 8.39080142975
        max: 19.6901111603
        mean: 8.99415493011
        min: 4.05856513977
        var: 10.5734586716
    spectral_decrease:
        dmean: 2.17531478941e-10
        dmean2: 3.24665933027e-10
        dvar: 1.76340792827e-19
        dvar2: 4.13712754857e-19
        max: -1.3843252716e-12
        mean: -4.18480528008e-10
        min: -4.04778033314e-09
        var: 4.2474809386e-19
    spectral_energy:
        dmean: 0.00108715356328
        dmean2: 0.00164452870376
        dvar: 4.92726076118e-06
        dvar2: 1.19141423056e-05
        max: 0.0223628412932
        mean: 0.00202056276612
        min: 6.35117748971e-06
        var: 1.03415313788e-05
    spectral_energyband_high:
        dmean: 9.75202274276e-05
        dmean2: 0.000165875666426
        dvar: 2.72086936093e-07
        dvar2: 7.64559274558e-07
        max: 0.00626712106168
        mean: 9.37938239076e-05
        min: 8.3366282766e-09
        var: 1.99419389446e-07
    spectral_energyband_low:
        dmean: 3.40846497693e-07
        dmean2: 5.82729057896e-07
        dvar: 4.09054382164e-13
        dvar2: 1.0771330659e-12
        max: 6.95640210324e-06
        mean: 4.34913800973e-07
        min: 7.5800271615e-10
        var: 6.21174715398e-13
    spectral_energyband_middle_high:
        dmean: 0.00098073319532
        dmean2: 0.00148573855404
        dvar: 3.27240604747e-06
        dvar2: 7.49718492443e-06
        max: 0.0159866735339
        mean: 0.00186422339175
        min: 6.240878065e-06
        var: 8.2784508777e-06
    spectral_energyband_middle_low:
        dmean: 3.35993354383e-05
        dmean2: 5.01776594319e-05
        dvar: 6.61314070172e-09
        dvar2: 1.26552066604e-08
        max: 0.000893903430551
        mean: 6.21108265477e-05
        min: 6.82621958958e-08
        var: 1.68787543942e-08
    spectral_flatness_db:
        dmean: 0.026759667322
        dmean2: 0.0399399697781
        dvar: 0.000457582296804
        dvar2: 0.000893772463314
        max: 0.456265598536
        mean: 0.286132872105
        min: 0.184554457664
        var: 0.00272771762684
    spectral_flux:
        dmean: 0.00864926911891
        dmean2: 0.0140529312193
        dvar: 0.000152614127728
        dvar2: 0.000306971749524
        max: 0.12946601212
        mean: 0.0270993430167
        min: 0.00235184538178
        var: 0.00043218297651
    spectral_kurtosis:
        dmean: 10.1628303528
        dmean2: 17.383058548
        dvar: 136.214630127
        dvar2: 397.688201904
        max: 120.927146912
        mean: 21.7413768768
        min: 1.01295948029
        var: 459.964141846
    spectral_rms:
        dmean: 0.000338309560902
        dmean2: 0.00048459667596
        dvar: 1.91521280613e-07
        dvar2: 3.83855081054e-07
        max: 0.00467091053724
        mean: 0.00110965431668
        min: 7.87163953646e-05
        var: 7.39948347928e-07
    spectral_rolloff:
        dmean: 197.504455566
        dmean2: 322.646575928
        dvar: 58379.7265625
        dvar2: 111262.164062
        max: 4349.70703125
        mean: 2820.30200195
        min: 1894.921875
        var: 281231.3125
    spectral_skewness:
        dmean: 0.729202866554
        dmean2: 1.23050415516
        dvar: 0.514041781425
        dvar2: 1.48914325237
        max: 8.10992050171
        mean: 2.56533193588
        min: 0.737680196762
        var: 1.95341002941
    spectral_spread:
        dmean: 355498.125
        dmean2: 513943.28125
        dvar: 328223260672
        dvar2: 446487789568
        max: 11413461
        mean: 1721588
        min: 453524.96875
        var: 692329840640
    spectral_strongpeak:
        dmean: 0.455767810345
        dmean2: 0.757069647312
        dvar: 0.309717208147
        dvar2: 0.831094503403
        max: 4.94562530518
        mean: 0.751077115536
        min: 0.0155924605206
        var: 0.633115410805
    zerocrossingrate:
        dmean: 0.00526321772486
        dmean2: 0.00671187555417
        dvar: 3.32710296789e-05
        dvar2: 4.33506938862e-05
        max: 0.15771484375
        mean: 0.103597193956
        min: 0.0380859375
        var: 0.000177980837179
    barkbands:
        dmean: [2.34399583077e-10, 8.18631136212e-08, 2.96323605653e-07, 4.03306358976e-07, 1.58999341693e-06, 2.40827903326e-05, 6.88395357429e-06, 1.03434740595e-05, 5.87146905673e-06, 5.18278238815e-06, 6.78442756907e-06, 1.09470420284e-05, 2.70310374617e-05, 0.000150878084241, 0.000215381005546, 0.000318437610986, 0.000156293128384, 0.000241275716689, 0.000159960298333, 0.000135239664814, 3.18713900924e-05, 5.70987094761e-06, 4.4656621867e-06, 2.70487544185e-06, 1.72011827004e-08, 8.60824744819e-11, 8.42911920818e-11]
        dmean2: [3.8920763834e-10, 1.40232941703e-07, 5.1291061709e-07, 6.80157654642e-07, 2.58528712038e-06, 4.06263352488e-05, 1.18754178402e-05, 1.62561264005e-05, 1.0017495697e-05, 8.83643042471e-06, 1.12067918963e-05, 1.77622459887e-05, 4.59378352389e-05, 0.000245396920945, 0.000356609729351, 0.000518864777405, 0.000256572442595, 0.000413280591602, 0.000237811691477, 0.000235818210058, 5.53066529392e-05, 9.35979824135e-06, 7.5211019066e-06, 4.81876122649e-06, 3.12831076599e-08, 1.54230059279e-10, 1.54297172261e-10]
        dvar: [2.90547965641e-19, 2.24645385708e-14, 3.22967482836e-13, 4.76540302444e-13, 9.6159902957e-12, 4.11367073738e-09, 2.6240748463e-10, 6.52097653653e-10, 1.84543089143e-10, 1.18231202606e-10, 1.78121697947e-10, 5.07112518644e-10, 2.20714269084e-09, 1.70215102457e-07, 2.7556762916e-07, 5.70829172375e-07, 8.12431153463e-08, 3.39544698136e-07, 1.98940810492e-07, 3.75776295414e-07, 2.41864235306e-08, 1.09258213588e-09, 6.03572136715e-10, 2.09965711484e-10, 1.24341488982e-14, 4.22991633991e-20, 3.39195782247e-20]
        dvar2: [6.93201186461e-19, 5.46493121481e-14, 8.73359490196e-13, 1.1863794452e-12, 2.12010756173e-11, 1.04939479328e-08, 7.41625483247e-10, 1.70885283701e-09, 5.27208943168e-10, 3.03569502869e-10, 4.61965243836e-10, 1.23002996677e-09, 5.94242921537e-09, 4.42016698798e-07, 7.7947487398e-07, 1.65519963957e-06, 2.02542551619e-07, 8.68558458933e-07, 4.34842576169e-07, 1.06780544229e-06, 6.7263698611e-08, 3.00547076115e-09, 1.63064384218e-09, 6.02006611228e-10, 3.50466319377e-14, 1.24184832158e-19, 1.03913524014e-19]
        max: [7.24124449292e-09, 1.67359917214e-06, 5.89908131587e-06, 6.17428440819e-06, 2.90097868856e-05, 0.000719944771845, 0.00019917775353, 0.000331518414896, 0.000149057173985, 0.000127176448586, 0.000129414896946, 0.000273182697129, 0.000521154142916, 0.00545452348888, 0.00687533104792, 0.00776657368988, 0.00253655598499, 0.005226559937, 0.00473911780864, 0.00619916943833, 0.00179449759889, 0.000451167055871, 0.000302757514874, 0.000188675243407, 1.29249588099e-06, 1.94107263596e-09, 2.1521049387e-09]
        mean: [2.35950231575e-10, 1.14661986572e-07, 3.20046410707e-07, 4.04151393241e-07, 1.8956278609e-06, 3.2955667848e-05, 8.18763146526e-06, 1.10612090793e-05, 6.49035519018e-06, 7.05209504304e-06, 7.42524161979e-06, 1.47623095472e-05, 3.26680456055e-05, 0.000231822457863, 0.000333252450218, 0.000451333733508, 0.000200738810236, 0.000294919504086, 0.000224156989134, 0.000118495700008, 3.1026211218e-05, 5.66593598705e-06, 3.82446705771e-06, 1.97793633561e-06, 1.16969429698e-08, 8.04534494581e-11, 1.13201434337e-10]
        min: [1.33331865514e-12, 3.22474436043e-10, 1.0707263548e-10, 8.52470455337e-11, 4.92868856838e-09, 2.90330626207e-09, 1.03941708574e-08, 1.37916158494e-08, 1.39149687328e-08, 2.35964705553e-08, 2.58365435712e-08, 4.18524663814e-08, 4.58558062633e-08, 9.74763793238e-07, 4.94016148878e-07, 1.75103627953e-06, 3.78548008939e-07, 2.04819485816e-07, 5.74468508319e-08, 2.10342872009e-08, 1.05801478689e-09, 9.48371728371e-11, 3.71123187737e-10, 4.29656032974e-10, 6.82865049229e-12, 6.23204667125e-13, 3.6358557224e-14]
        var: [2.79306891309e-19, 5.04811544942e-14, 3.74811347324e-13, 5.85622045648e-13, 1.12202261371e-11, 6.83219836262e-09, 3.01354552423e-10, 7.85410902981e-10, 1.95752858367e-10, 1.76874626057e-10, 1.90921167764e-10, 6.86469769917e-10, 2.93327606649e-09, 4.22047975235e-07, 5.11045357143e-07, 8.84754740582e-07, 1.33172008532e-07, 4.21021269403e-07, 3.57103402848e-07, 2.74620504115e-07, 1.97569764993e-08, 8.884701308e-10, 4.2739001227e-10, 1.2587289544e-10, 7.51865407498e-15, 3.06834020991e-20, 2.686016523e-20]
    mfcc:
        mean: [-890.637451172, 108.903465271, -148.534347534, 28.1937522888, 4.51837873459, -14.5457935333, -34.6776542664, -5.27892112732, -30.4643154144, 17.557012558, -24.6774463654, 7.38774442673, -13.8644666672]
        cov: [[10243.9023438, -2596.28662109, 830.419433594, 1056.10534668, -1913.3157959, 377.691619873, -457.136169434, 222.391998291, -666.68572998, 54.176940918, -453.729980469, 505.701934814, -315.093811035], [-2596.28662109, 1464.7154541, -482.639099121, -215.707977295, 680.822753906, -233.871826172, 129.886520386, 17.7431602478, 24.7015457153, 19.1396255493, 34.8137435913, -87.5232009888, 30.7947025299], [830.419433594, -482.639099121, 298.920227051, 47.7001190186, -179.392593384, 113.132392883, -30.7054214478, -28.4273872375, 39.1969871521, -51.2540779114, 12.6216945648, -27.9085216522, 18.4061012268], [1056.10534668, -215.707977295, 47.7001190186, 246.329193115, -190.349807739, 117.981658936, -78.8532180786, 39.7333755493, -69.149230957, 39.7024917603, -82.5853500366, 67.5921936035, -63.2772941589], [-1913.3157959, 680.822753906, -179.392593384, -190.349807739, 856.321899414, 204.661132812, 84.3985824585, -139.877563477, 316.088256836, 55.656627655, 131.381622314, -219.539825439, 131.395126343], [377.691619873, -233.871826172, 113.132392883, 117.981658936, 204.661132812, 571.960388184, -107.64515686, -121.499046326, 248.466217041, 105.485832214, 40.3529472351, -120.555252075, 47.7073631287], [-457.136169434, 129.886520386, -30.7054214478, -78.8532180786, 84.3985824585, -107.64515686, 113.520401001, 16.1347351074, 3.5471765995, -31.4094982147, 27.4275817871, 8.41694164276, 11.8625411987], [222.391998291, 17.7431602478, -28.4273872375, 39.7333755493, -139.877563477, -121.499046326, 16.1347351074, 122.430404663, -126.738105774, -1.67953264713, -63.6357803345, 98.6118927002, -53.5470428467], [-666.68572998, 24.7015457153, 39.1969871521, -69.149230957, 316.088256836, 248.466217041, 3.5471765995, -126.738105774, 278.099822998, 17.9638614655, 117.343658447, -154.161941528, 100.389625549], [54.176940918, 19.1396255493, -51.2540779114, 39.7024917603, 55.656627655, 105.485832214, -31.4094982147, -1.67953264713, 17.9638614655, 118.653327942, -32.7335624695, 30.8721046448, -14.2391996384], [-453.729980469, 34.8137435913, 12.6216945648, -82.5853500366, 131.381622314, 40.3529472351, 27.4275817871, -63.6357803345, 117.343658447, -32.7335624695, 120.794815063, -79.9822006226, 59.4323043823], [505.701934814, -87.5232009888, -27.9085216522, 67.5921936035, -219.539825439, -120.555252075, 8.41694164276, 98.6118927002, -154.161941528, 30.8721046448, -79.9822006226, 156.866241455, -65.7474060059], [-315.093811035, 30.7947025299, 18.4061012268, -63.2772941589, 131.395126343, 47.7073631287, 11.8625411987, -53.5470428467, 100.389625549, -14.2391996384, 59.4323043823, -65.7474060059, 71.1081237793]]
        icov: [[0.00040428826469, 0.000368744222214, -0.000345692911651, -0.000971196976025, 1.84422733582e-05, -0.000310132250888, 0.000146632315591, 0.000312795338687, 0.00134118460119, -1.8903741875e-05, -4.40213225374e-05, -0.000191828323295, -0.000795723637566], [0.000368744222214, 0.00330135505646, 0.00280251936056, -0.000875965924934, -0.00214178091846, 0.000465623103082, -7.35085923225e-05, -0.00121155474335, 0.00264585646801, 0.000425134523539, 0.000273863464827, 0.00210782303475, -0.00048574063112], [-0.000345692911651, 0.00280251936056, 0.0104132434353, 0.000979261705652, 0.000826829113066, -0.00137698254548, -0.00240551214665, -0.00175768241752, -0.000857710081618, 0.00346351903863, 0.00228327605873, 0.00412231730297, -0.00228818738833], [-0.000971196976025, -0.000875965924934, 0.000979261705652, 0.011884666048, 0.000567618641071, -0.00257473951206, 0.00256155012175, -0.00108917593025, -0.00346653931774, 0.00249551306479, 0.00283133680932, -0.0027494051028, 0.00631439406425], [1.84422733582e-05, -0.00214178091846, 0.000826829113066, 0.000567618641071, 0.00651101861149, -0.00154314935207, -0.00422380585223, -0.000104306047433, -0.002728540916, -0.00293788476847, 0.00154340767767, 0.00420655170456, -0.00320618622936], [-0.000310132250888, 0.000465623103082, -0.00137698254548, -0.00257473951206, -0.00154314935207, 0.00770703563467, 0.00314744538628, -0.000112890513265, -0.00667678471655, -0.00389335700311, 0.000131479551783, 0.00153448816855, 0.00351545307785], [0.000146632315591, -7.35085923225e-05, -0.00240551214665, 0.00256155012175, -0.00422380585223, 0.00314744538628, 0.0194361954927, -0.000934218231123, -0.00421447306871, 0.00562587752938, -0.00246529700235, -0.0105076227337, 0.00475249858573], [0.000312795338687, -0.00121155474335, -0.00175768241752, -0.00108917593025, -0.000104306047433, -0.000112890513265, -0.000934218231123, 0.0217970255762, 0.00243326905183, 0.0034528307151, 0.00246958597563, -0.0111258588731, 0.00313975103199], [0.00134118460119, 0.00264585646801, -0.000857710081618, -0.00346653931774, -0.002728540916, -0.00667678471655, -0.00421447306871, 0.00243326905183, 0.029108485207, -0.00442548189312, -0.00794255640358, 0.00770497554913, -0.014227441512], [-1.8903741875e-05, 0.000425134523539, 0.00346351903863, 0.00249551306479, -0.00293788476847, -0.00389335700311, 0.00562587752938, 0.0034528307151, -0.00442548189312, 0.0216081570834, 0.00498715788126, -0.0140443379059, 0.00417964253575], [-4.40213225374e-05, 0.000273863464827, 0.00228327605873, 0.00283133680932, 0.00154340767767, 0.000131479551783, -0.00246529700235, 0.00246958597563, -0.00794255640358, 0.00498715788126, 0.0214377585799, 0.000767649500631, -0.00405041500926], [-0.000191828323295, 0.00210782303475, 0.00412231730297, -0.0027494051028, 0.00420655170456, 0.00153448816855, -0.0105076227337, -0.0111258588731, 0.00770497554913, -0.0140443379059, 0.000767649500631, 0.033887155354, -0.00370353343897], [-0.000795723637566, -0.00048574063112, -0.00228818738833, 0.00631439406425, -0.00320618622936, 0.00351545307785, 0.00475249858573, 0.00313975103199, -0.014227441512, 0.00417964253575, -0.00405041500926, -0.00370353343897, 0.0429802797735]]
    spectral_contrast:
        mean: [-4.0139788382e-08, -8.27170012485e-08, -2.61427203441e-07, 9.48782172827e-08, 1.52080001925e-08, 1.62668129633e-07, 1.48575122694e-06, 7.68360564507e-07, -1.55132840973e-06, 1.6221175656e-06, -1.35749235142e-06, -3.56189616468e-06]
        var: [0.000285079382593, 0.000374745810404, 0.000990023603663, 0.00107174389996, 0.00208809180185, 0.00240929354914, 0.0663230270147, 0.0881314054132, 0.106857538223, 0.440783143044, 0.548871576786, 4.77362394333]

rhythm:
    beats_loudness:
        dmean: 0.000552297045942
        dmean2: 0.000820850138552
        dvar: 1.8141254543e-07
        dvar2: 2.28687184745e-07
        max: 0.00548678264022
        mean: 0.00141969218384
        min: 0.000237292799284
        var: 1.64081723142e-06
    beats_loudness_bass:
        dmean: 0.000247549411142
        dmean2: 0.000414519803599
        dvar: 3.5515498098e-08
        dvar2: 1.23851734202e-07
        max: 0.000846258713864
        mean: 0.000381523946999
        min: 0.000112469788291
        var: 5.18746325895e-08
    bpm: 100.597229004
    bpm_confidence: 0
    first_peak_bpm: 101
    first_peak_spread: 0
    first_peak_weight: 0.473684221506
    onset_rate: 5.79716062546
    second_peak_bpm: 151
    second_peak_spread: 0
    second_peak_weight: 0.473684221506
    beats_position: [0.423618137836, 1.02005648613, 1.61649477482, 2.21293306351, 2.80937147141, 3.4058098793, 4.0022482872, 4.5986866951, 5.195125103, 5.79156398773, 6.03888940811, 6.43595170975, 6.83301353455, 7.23007583618, 7.62713718414, 8.02419948578, 8.42126083374, 8.81832313538, 9.21538543701, 9.61244773865]
    bpm_estimates: [100.763183594, 100.584999084, 100.659111023, 100.547096252, 100.495979309, 100.652809143, 100.527145386, 100.547470093]
    bpm_intervals: [0.596438348293, 0.596438288689, 0.596438288689, 0.596438407898, 0.596438407898, 0.596438407898, 0.596438407898, 0.596438407898, 0.596438884735, 0.24732542038, 0.397062301636, 0.397061824799, 0.397062301636, 0.397061347961, 0.397062301636, 0.397061347961, 0.397062301636, 0.397062301636, 0.397062301636]
    onset_times: [0.0464399084449, 0.150929704309, 0.336689352989, 0.429569154978, 0.615328788757, 0.812698423862, 1.02167797089, 1.2190476656, 1.34675741196, 1.53251695633, 1.63700675964, 1.81115651131, 2.02013611794, 2.21750569344, 2.41487526894, 2.54258513451, 2.73995471001, 2.83283448219, 3.00698423386, 3.21596360207, 3.41333341599, 3.61070299149, 3.73841261864, 3.93578219414, 4.04027223587, 4.21442174911, 4.41179132462, 4.62077093124, 4.80653047562, 4.94585037231, 5.13160991669, 5.23609972, 5.41024923325, 5.60761928558, 5.81659841537, 6.01396846771, 6.14167785645, 6.32743787766, 6.43192720413, 6.60607719421, 6.81505680084, 7.01242637634, 7.22140598297, 7.33750581741, 7.52326536179, 7.63936519623, 7.81351470947, 8.0224943161, 8.20825386047, 8.42884349823, 8.53333377838, 8.62621307373, 8.84680271149, 9.03256225586, 9.22993183136, 9.43891143799, 9.64789104462, 9.74077129364]
    rubato_start: [6.43595170975]
    rubato_stop: [9.61244773865]
    perceptual_tempo: "unknown"

sfx:
    inharmonicity:
        dmean: 0.0889371261001
        dmean2: 0.154348179698
        dvar: 0.00644942559302
        dvar2: 0.0178737472743
        max: 0.409794479609
        mean: 0.0894177258015
        min: 0
        var: 0.00777211878449
    oddtoevenharmonicenergyratio:
        dmean: 81.4761886597
        dmean2: 159.741226196
        dvar: 71040.828125
        dvar2: 207245.296875
        max: 2037.34692383
        mean: 45.3301353455
        min: 0
        var: 39629.6523438
    pitch_after_max_to_before_max_energy_ratio: 18.8009185791
    pitch_centroid: 215.151626587
    pitch_max_to_total: 0.0603248253465
    pitch_min_to_total: 0.433874696493
    tristimulus:
        dmean: [0.190496966243, 0.372863560915, 0.148566544056]
        dmean2: [0.353883832693, 0.681781172752, 0.280864268541]
        dvar: [0.063606671989, 0.112267047167, 0.0354882478714]
        dvar2: [0.177533492446, 0.293605327606, 0.0973584353924]
        max: [1, 0.998842835426, 0.878999948502]
        mean: [0.16594222188, 0.589078128338, 0.0987837165594]
        min: [0.00115716061555, 0, 0]
        var: [0.0481700412929, 0.13912768662, 0.0285666082054]

tonal:
    chords_changes_rate: 0.115207374096
    chords_number_rate: 0.0230414755642
    chords_strength:
        dmean: 0.0149504300207
        dmean2: 0.0174362137914
        dvar: 0.00014366096002
        dvar2: 0.000213205537875
        max: 0.631777405739
        mean: 0.511859357357
        min: 0.372716754675
        var: 0.00324078463018
    key_strength: 0.517172276974
    tuning_diatonic_strength: 0.455355525017
    tuning_equal_tempered_deviation: 0.234089136124
    tuning_frequency: 434.193115234
    tuning_nontempered_energy_ratio: 0.847524046898
    hpcp:
        dmean: [0.122044473886, 0.14585351944, 0.200490027666, 0.259680241346, 0.191012501717, 0.189604341984, 0.213063821197, 0.244860589504, 0.216964736581, 0.21692495048, 0.216108739376, 0.194219574332, 0.187905520201, 0.188146710396, 0.232888668776, 0.242465317249, 0.234851628542, 0.144043445587, 0.0984086170793, 0.0929424241185, 0.113618761301, 0.171042263508, 0.237186536193, 0.244804978371, 0.197299093008, 0.214956358075, 0.248437538743, 0.196535781026, 0.126120001078, 0.117317929864, 0.102861337364, 0.103089772165, 0.164503738284, 0.273837447166, 0.213083148003, 0.131564423442]
        dmean2: [0.210692554712, 0.252894759178, 0.350125223398, 0.438919693232, 0.306686848402, 0.323395073414, 0.372096031904, 0.409949213266, 0.357711285353, 0.361376732588, 0.361622840166, 0.335418462753, 0.310430794954, 0.326579421759, 0.386562824249, 0.377327173948, 0.381265521049, 0.225987628102, 0.161546811461, 0.163016915321, 0.188515603542, 0.267420589924, 0.377406060696, 0.424116402864, 0.337013989687, 0.363750070333, 0.418318510056, 0.315139651299, 0.195563092828, 0.18650020659, 0.171743616462, 0.168104708195, 0.275730937719, 0.487218976021, 0.378070741892, 0.215432494879]
        dvar: [0.014636057429, 0.0186074599624, 0.0231702346355, 0.0401554331183, 0.022424666211, 0.0309092681855, 0.032509252429, 0.0421928875148, 0.0309707876295, 0.0302860364318, 0.0304137933999, 0.0274663642049, 0.0219087712467, 0.0412240698934, 0.0445335544646, 0.0489231608808, 0.0501830652356, 0.0221245866269, 0.0122036654502, 0.00822069589049, 0.0130739286542, 0.0321976691484, 0.0500372573733, 0.0585357137024, 0.0373572520912, 0.0411579534411, 0.0542796514928, 0.0351557247341, 0.0132711371407, 0.0124464202672, 0.0123685048893, 0.0112821059301, 0.015645744279, 0.0513484030962, 0.0278050024062, 0.0136067913845]
        dvar2: [0.0412170626223, 0.0484156906605, 0.0626206248999, 0.105631671846, 0.0570116601884, 0.0778122991323, 0.0749787315726, 0.105268649757, 0.0743584558368, 0.0842867419124, 0.0794430524111, 0.0598189234734, 0.063267506659, 0.112362645566, 0.108628980815, 0.101344689727, 0.113842271268, 0.0666603073478, 0.0326537564397, 0.0213491395116, 0.0323918424547, 0.0761029347777, 0.116405852139, 0.132300943136, 0.0952094420791, 0.10063328594, 0.15425889194, 0.1046256423, 0.0372831709683, 0.0327555388212, 0.0317683704197, 0.0269497279078, 0.0394463427365, 0.117575481534, 0.0794286578894, 0.0370676517487]
        max: [0.814782440662, 1, 0.937168478966, 1, 0.996648311615, 1, 1, 1, 1, 1, 1, 1, 1, 1, 1, 1, 1, 0.855088829994, 0.760092258453, 0.555913984776, 0.688453257084, 1, 1, 1, 1, 1, 1, 1, 0.701627492905, 0.70120549202, 0.738548696041, 0.682850420475, 0.891285181046, 1, 1, 0.879576683044]
        mean: [0.265362709761, 0.255922198296, 0.317470788956, 0.389767438173, 0.362854748964, 0.367709547281, 0.420146197081, 0.437767535448, 0.423871189356, 0.427184343338, 0.426605403423, 0.390740185976, 0.359569698572, 0.331847757101, 0.384049206972, 0.439434707165, 0.363373756409, 0.226374015212, 0.16211424768, 0.156966865063, 0.192479148507, 0.254457503557, 0.352559864521, 0.433961361647, 0.412187486887, 0.43076172471, 0.447437614202, 0.323520123959, 0.222112029791, 0.209908828139, 0.188155949116, 0.2133615762, 0.387108653784, 0.538419008255, 0.418292284012, 0.277646243572]
        min: [0.0375526882708, 0.0343744680285, 0.0220523718745, 0.0374779514968, 0.0608476288617, 0.0579688213766, 0.110100626945, 0.0668228268623, 0.0648665428162, 0.0403124131262, 0.0674340426922, 0.0755297839642, 0.0634666755795, 0.0532762408257, 0.0470532998443, 0.0234545376152, 0.0151471989229, 0.0148378545418, 0.0060902107507, 0.00415824074298, 0.0024606033694, 0.00357915391214, 0.00376140396111, 0.00237402366474, 0.00216677132994, 0.00383099215105, 0.00433520041406, 0.0082620466128, 0.00738286226988, 0.0116087989882, 0.0201722644269, 0.0144641408697, 0.0203761737794, 0.0435902141035, 0.0753133520484, 0.0616175159812]
        var: [0.0183461271226, 0.0213833171874, 0.0335168913007, 0.0637912452221, 0.0362105295062, 0.0374234095216, 0.052219979465, 0.0674253106117, 0.0521850995719, 0.0614873357117, 0.0593687295914, 0.0394818931818, 0.0304001420736, 0.0372706092894, 0.0622030310333, 0.0932152196765, 0.0923047214746, 0.0341118499637, 0.0176294129342, 0.0145398713648, 0.0235818885267, 0.051761969924, 0.0921364873648, 0.120242789388, 0.100653037429, 0.123150467873, 0.128068029881, 0.0661675184965, 0.0275528468192, 0.0229314565659, 0.0166273396462, 0.0188364498317, 0.0321920402348, 0.0773252025247, 0.0377641357481, 0.021034181118]
    chords_histogram: [6.91244220734, 0, 0, 0, 0, 73.2718887329, 0, 0, 0, 1.84331798553, 4.60829496384, 0, 0, 0, 0, 0, 0, 0, 0, 0, 0, 0, 13.3640556335, 0]
    thpcp: [1, 0.77688986063, 0.515669465065, 0.492855399847, 0.475321620703, 0.589635193348, 0.723910987377, 0.673926353455, 0.682943105698, 0.780333161354, 0.813061058521, 0.787251532078, 0.793404996395, 0.792329788208, 0.725717663765, 0.667825043201, 0.616337358952, 0.713290572166, 0.816157519817, 0.67489027977, 0.42044210434, 0.301093101501, 0.291532933712, 0.357489526272, 0.472601264715, 0.654805779457, 0.805991888046, 0.765551507473, 0.800049245358, 0.83102118969, 0.600870549679, 0.412526339293, 0.3898614645, 0.349460065365, 0.396274238825, 0.718972861767]
    chords_key: "A#"
    chords_scale: "major"
    key_key: "F"
    key_scale: "minor"
    chords_progression: ["A#", "A#", "A#", "A#", "A#", "A#", "A#", "A#", "A#", "A#", "A#", "A#m", "A#m", "A#m", "A#m", "A#", "A#", "A#m", "A#m", "A#", "A#", "A#", "A#", "A#", "A#", "A#", "A#", "A#", "A#", "A#", "A#", "A#", "A#", "A#", "A#", "A#", "A#", "A#", "A#", "A#", "A#m", "A#", "A#", "A#", "A#", "A#", "A#", "A#", "A#", "A#", "A#", "A#", "A#", "A#", "A#", "A#", "A#", "A#", "A#", "A#", "A#", "A#", "A#", "A#", "A#", "A#", "Fm", "Fm", "A#", "A#", "Fm", "A#", "A#", "A#", "A#", "A#", "A#", "A#", "A#", "A#", "A#", "A#", "A#", "A#", "A#", "A#", "A#", "A#", "A#", "A#", "A#", "A#", "A#", "A#", "A#", "A#", "A#", "A#", "A#", "A#", "A#", "A#", "A#", "A#", "A#", "A#", "A#", "A#", "A#", "A#", "A#", "A#", "A#", "A#", "A#", "A#", "A#", "A#", "A#", "A#", "A#", "Fm", "Fm", "A#", "A#", "A#", "A#", "A#", "A#", "A#", "A#", "A#", "A#", "A#", "A#", "A#", "A#", "A#", "A#", "A#", "A#", "A#m", "A#m", "A#m", "A#m", "A#m", "A#m", "A#m", "A#m", "A#m", "A#m", "A#m", "A#m", "A#m", "A#m", "A#", "A#", "A#", "A#", "A#", "A#", "A#", "A#", "A#", "A#", "A#", "A#m", "A#m", "A#m", "A#m", "A#m", "A#m", "A#m", "A#m", "A#", "A#", "A#", "Em", "Em", "A#", "A#", "A#", "A#", "A#", "A#", "A#", "A#", "A#", "A#", "A#", "A#", "A#", "A#", "A#", "A#", "C", "C", "Em", "Em", "Em", "Em", "Em", "C", "Fm", "Fm", "Fm", "Fm", "Fm", "Fm", "Em", "Em", "Em", "Fm", "Fm", "Fm", "Fm", "C"]
