
metadata:
    version:
        essentia: "1.2.2"
    audio_properties:
        analysis_sample_rate: 44100
        bitrate: 128
        channels: 2
        equal_loudness: 1
        length: 10.0048980713
        replay_gain: -16.7684421539
        downmix: "mix"
    tags:
        track: 4
        year: 0
        album: "Splitted by Mp3Splt v. 2.1"
        artist: "From 000.30 To 000.40"
        comment: "http://mp3splt.sf.net"
        genre: ""
        title: "11 The Good Old Days.mp3"

highlevel:
    ballroom:
        all:
            ChaChaCha: 0.0331186875701
            Jive: 0.769640207291
            Quickstep: 0.0576433427632
            Rumba-American: 0.00224201520905
            Rumba-International: 0.0125013496727
            Rumba-Misc: 0.00484677264467
            Samba: 0.053496081382
            Tango: 0.00619901623577
            VienneseWaltz: 0.0520813278854
            Waltz: 0.00823119096458
        probability: 0.769640207291
        value: "Jive"
    culture:
        all:
            non_western: 6.11519567428e-07
            western: 0.999999403954
        probability: 0.999999403954
        value: "western"
    gender:
        all:
            female: 0.250221192837
            male: 0.749778807163
        probability: 0.749778807163
        value: "male"
    genre_dortmund:
        all:
            alternative: 0.059705786407
            blues: 0.0379779934883
            electronic: 0.00830016378313
            folkcountry: 0.145070374012
            funksoulrnb: 0.010687796399
            jazz: 0.0209227968007
            pop: 0.0666968822479
            raphiphop: 0.00825976859778
            rock: 0.64237844944
        probability: 0.64237844944
        value: "rock"
    genre_electronica:
        all:
            ambient: 0.132983610034
            dnb: 0.238536536694
            house: 0.00760013656691
            techno: 0.00816123187542
            trance: 0.612718462944
        probability: 0.612718462944
        value: "trance"
    genre_rosamerica:
        all:
            cla: 0.0354165546596
            dan: 0.0136662432924
            hip: 0.00472699245438
            jaz: 0.00881180725992
            pop: 0.172710731626
            rhy: 0.0127990702167
            roc: 0.750349223614
            spe: 0.00151938316412
        probability: 0.750349223614
        value: "roc"
    genre_tzanetakis:
        all:
            blu: 0.00872470252216
            cla: 0.00837220344692
            cou: 0.524959564209
            dis: 0.0188128072768
            hip: 0.00335846282542
            jaz: 0.0111416419968
            met: 0.0181725919247
            pop: 0.0432698838413
            reg: 0.0043453485705
            roc: 0.358842819929
        probability: 0.524959564209
        value: "cou"
    live_studio:
        all:
            live: 0.116590589285
            studio: 0.883409440517
        probability: 0.883409440517
        value: "studio"
    mood:
        all:
            Cluster1: 0.234211340547
            Cluster2: 0.181783303618
            Cluster3: 0.086602717638
            Cluster4: 0.0875501185656
            Cluster5: 0.40985250473
        probability: 0.40985250473
        value: "Cluster5"
    mood_acoustic:
        all:
            acoustic: 0.00354161974974
            not_acoustic: 0.996458351612
        probability: 0.996458351612
        value: "not_acoustic"
    mood_aggressive:
        all:
            aggressive: 0.938653290272
            not_aggressive: 0.0613467246294
        probability: 0.938653290272
        value: "aggressive"
    mood_electronic:
        all:
            electronic: 0.178618699312
            not_electronic: 0.82138133049
        probability: 0.82138133049
        value: "not_electronic"
    mood_happy:
        all:
            happy: 0.937050819397
            not_happy: 0.0629491582513
        probability: 0.937050819397
        value: "happy"
    mood_party:
        all:
            not_party: 0.49471527338
            party: 0.50528472662
        probability: 0.50528472662
        value: "party"
    mood_relaxed:
        all:
            not_relaxed: 0.946583747864
            relaxed: 0.0534162409604
        probability: 0.946583747864
        value: "not_relaxed"
    mood_sad:
        all:
            not_sad: 0.913786411285
            sad: 0.0862135738134
        probability: 0.913786411285
        value: "not_sad"
    rhythm:
        all:
            fast: 0.47466608882
            medium: 0.513095259666
            slow: 0.0122386394069
        probability: 0.513095259666
        value: "medium"
    speech_music:
        all:
            music: 0.999966919422
            speech: 3.30714719894e-05
        probability: 0.999966919422
        value: "music"
    timbre:
        all:
            bright: 0.190715834498
            dark: 0.8092841506
        probability: 0.8092841506
        value: "dark"
    voice_instrumental:
        all:
            instrumental: 0.0796375200152
            voice: 0.920362472534
        probability: 0.920362472534
        value: "voice"

lowlevel:
    average_loudness: 0.960320591927
    barkbands_kurtosis:
        dmean: 0.512230157852
        dmean2: 0.86381393671
        dvar: 0.876503229141
        dvar2: 2.24959206581
        max: 9.43039512634
        mean: -0.957616448402
        min: -1.79031205177
        var: 1.0967220068
    barkbands_skewness:
        dmean: 0.363380581141
        dmean2: 0.544503390789
        dvar: 0.131181657314
        dvar2: 0.295641064644
        max: 3.08080410957
        mean: 0.168667465448
        min: -2.32746982574
        var: 0.457119107246
    barkbands_spread:
        dmean: 4.30198287964
        dmean2: 6.67923688889
        dvar: 15.4984254837
        dvar2: 38.169303894
        max: 59.5457992554
        mean: 33.0719451904
        min: 8.73925971985
        var: 59.5884284973
    dissonance:
        dmean: 0.015866946429
        dmean2: 0.0265564266592
        dvar: 0.000193715182832
        dvar2: 0.000504407566041
        max: 0.497874647379
        mean: 0.467500805855
        min: 0.367098927498
        var: 0.000417661445681
    hfc:
        dmean: 2.45569849014
        dmean2: 3.66509842873
        dvar: 16.6453323364
        dvar2: 42.5220985413
        max: 53.5852470398
        mean: 8.9639415741
        min: 1.00278890133
        var: 39.2071990967
    pitch:
        dmean: 476.936401367
        dmean2: 918.354919434
        dvar: 1140925.625
        dvar2: 2888824.5
        max: 4900
        mean: 730.435241699
        min: 73.8693466187
        var: 1375737
    pitch_instantaneous_confidence:
        dmean: 0.0814475044608
        dmean2: 0.127631783485
        dvar: 0.00501695461571
        dvar2: 0.0101480158046
        max: 0.844445586205
        mean: 0.428033679724
        min: 0.154203474522
        var: 0.0242273714393
    pitch_salience:
        dmean: 0.0572133287787
        dmean2: 0.0919003486633
        dvar: 0.00219704792835
        dvar2: 0.00560651207343
        max: 0.814383208752
        mean: 0.637241959572
        min: 0.358433634043
        var: 0.00688629318029
    silence_rate_20dB:
        dmean: 0
        dmean2: 0
        dvar: 0
        dvar2: 0
        max: 1
        mean: 1
        min: 1
        var: 0
    silence_rate_30dB:
        dmean: 0
        dmean2: 0
        dvar: 0
        dvar2: 0
        max: 1
        mean: 1
        min: 1
        var: 0
    silence_rate_60dB:
        dmean: 0.0976744219661
        dmean2: 0.193473190069
        dvar: 0.088134303689
        dvar2: 0.179351061583
        max: 1
        mean: 0.22505800426
        min: 0
        var: 0.174407213926
    spectral_centroid:
        dmean: 257.55859375
        dmean2: 379.81817627
        dvar: 61808.5039062
        dvar2: 118014.117188
        max: 3428.38842773
        mean: 1615.66772461
        min: 360.415802002
        var: 253822.875
    spectral_complexity:
        dmean: 3.26401877403
        dmean2: 5.15456676483
        dvar: 11.413936615
        dvar2: 24.0416736603
        max: 50
        mean: 15.0932397842
        min: 2
        var: 39.4132194519
    spectral_crest:
        dmean: 1.93290913105
        dmean2: 3.22610187531
        dvar: 3.03046441078
        dvar2: 8.84491443634
        max: 16.8313999176
        mean: 6.57048273087
        min: 3.25171065331
        var: 5.31383180618
    spectral_decrease:
        dmean: 2.71349748227e-10
        dmean2: 4.29205559982e-10
        dvar: 1.10533792961e-19
        dvar2: 2.8533254018e-19
        max: -2.861487991e-10
        mean: -1.18417387007e-09
        min: -3.86220744275e-09
        var: 3.1314211973e-19
    spectral_energy:
        dmean: 0.00118854641914
        dmean2: 0.00187582662329
        dvar: 2.4707871944e-06
        dvar2: 6.36915683572e-06
        max: 0.0194372031838
        mean: 0.00528239924461
        min: 0.00117094814777
        var: 6.78715923641e-06
    spectral_energyband_high:
        dmean: 0.000156992071425
        dmean2: 0.000235885832808
        dvar: 5.25108880822e-08
        dvar2: 1.19682241007e-07
        max: 0.0024590305984
        mean: 0.000417313334765
        min: 1.74423403223e-05
        var: 1.51681604166e-07
    spectral_energyband_low:
        dmean: 9.31549075176e-05
        dmean2: 0.000160047144163
        dvar: 1.38584903553e-08
        dvar2: 3.54501636934e-08
        max: 0.0011797855841
        mean: 0.000169590857695
        min: 2.02864862331e-06
        var: 2.5990637198e-08
    spectral_energyband_middle_high:
        dmean: 0.000753696542233
        dmean2: 0.00113265705295
        dvar: 1.55277598424e-06
        dvar2: 3.75519221052e-06
        max: 0.0162664800882
        mean: 0.00247077574022
        min: 0.000221982860239
        var: 3.73577745449e-06
    spectral_energyband_middle_low:
        dmean: 0.000743092794437
        dmean2: 0.00119283283129
        dvar: 6.75511728332e-07
        dvar2: 1.6939550278e-06
        max: 0.00758613832295
        mean: 0.00222470494919
        min: 0.000462712370791
        var: 1.49087702539e-06
    spectral_flatness_db:
        dmean: 0.0119529208168
        dmean2: 0.019483210519
        dvar: 0.000115489892778
        dvar2: 0.00026368413819
        max: 0.207109794021
        mean: 0.143405005336
        min: 0.0944013148546
        var: 0.000370665715309
    spectral_flux:
        dmean: 0.00804584380239
        dmean2: 0.0122922202572
        dvar: 7.75589141995e-05
        dvar2: 0.000170067229192
        max: 0.101730100811
        mean: 0.0416347719729
        min: 0.0151680344716
        var: 0.000230673584156
    spectral_kurtosis:
        dmean: 0.748485267162
        dmean2: 1.15986156464
        dvar: 0.543638586998
        dvar2: 1.08461356163
        max: 11.7571029663
        mean: 2.93547463417
        min: -0.467119216919
        var: 2.01793813705
    spectral_rms:
        dmean: 0.00024701107759
        dmean2: 0.000381616875529
        dvar: 7.7094718165e-08
        dvar2: 1.86687870496e-07
        max: 0.00435466691852
        mean: 0.00220641912892
        min: 0.00106882571708
        var: 2.85271653411e-07
    spectral_rolloff:
        dmean: 430.563110352
        dmean2: 685.179077148
        dvar: 210841.625
        dvar2: 482868.3125
        max: 5641.69921875
        mean: 3125.47705078
        min: 236.865234375
        var: 608938.875
    spectral_skewness:
        dmean: 0.135511592031
        dmean2: 0.20548465848
        dvar: 0.0191053189337
        dvar2: 0.0328024178743
        max: 2.95121502876
        mean: 1.31063854694
        min: 0.385939747095
        var: 0.0886987894773
    spectral_spread:
        dmean: 409241.9375
        dmean2: 602974.5
        dvar: 224945651712
        dvar2: 455860060160
        max: 9506662
        mean: 5061920
        min: 3028890
        var: 774259343360
    spectral_strongpeak:
        dmean: 0.545212447643
        dmean2: 0.962741136551
        dvar: 0.60485035181
        dvar2: 1.49171364307
        max: 4.50364685059
        mean: 0.90225559473
        min: 0.0263138879091
        var: 1.02919125557
    zerocrossingrate:
        dmean: 0.00826199259609
        dmean2: 0.00981937069446
        dvar: 6.77372081554e-05
        dvar2: 7.7407239587e-05
        max: 0.1806640625
        mean: 0.0956018269062
        min: 0.03369140625
        var: 0.000459584669443
    barkbands:
        dmean: [1.38576865538e-07, 2.38695101871e-05, 8.2628284872e-05, 0.000162456839462, 0.000357224897016, 0.000298219441902, 0.00020712960395, 0.000183935801033, 0.000139230047353, 0.000102241967397, 2.35190036619e-05, 3.50847367372e-05, 4.34620560554e-05, 4.3426258344e-05, 0.00016174648772, 0.000179292037501, 0.000216172717046, 0.000225552692427, 0.000229210374528, 0.000158090741024, 6.82358077029e-05, 4.29600004281e-05, 7.48515640225e-06, 5.0699750318e-06, 1.49204174704e-06, 2.622032369e-08, 4.42796882494e-10]
        dmean2: [1.67417809394e-07, 4.06087165175e-05, 0.000143448793096, 0.000273246929282, 0.000578499922995, 0.000486574252136, 0.000346725253621, 0.00029726541834, 0.0002261458867, 0.000141428958159, 3.59637488145e-05, 4.87681936647e-05, 6.6100328695e-05, 7.16880313121e-05, 0.000244367111009, 0.000260324974079, 0.000336570112268, 0.000378073717002, 0.000385042629205, 0.000242719106609, 0.000106456689537, 6.48848217679e-05, 1.14757003757e-05, 7.59636259318e-06, 2.29866395784e-06, 4.186187752e-08, 6.31551866359e-10]
        dvar: [5.24909380285e-13, 1.23154864085e-09, 1.14814726615e-08, 5.62874227228e-08, 2.09174046972e-07, 2.2515682474e-07, 1.44387882983e-07, 1.53733978436e-07, 7.30910656443e-08, 5.39659019694e-08, 3.73099240392e-09, 5.12594988678e-09, 7.31294358403e-09, 1.03499671056e-08, 7.54047775331e-08, 1.64558429105e-07, 9.23298699718e-08, 2.03892525974e-07, 1.5274027021e-07, 5.5586273362e-08, 1.20674616966e-08, 4.0854777339e-09, 1.92448446068e-10, 2.89589074942e-10, 1.64261677177e-11, 1.00313783718e-15, 1.77227731035e-17]
        dvar2: [5.47877335947e-13, 3.17305759445e-09, 3.13729913159e-08, 1.48287185198e-07, 5.24423001025e-07, 5.72063186155e-07, 3.65567586869e-07, 3.65522083712e-07, 1.75456435159e-07, 9.84307249041e-08, 5.22991649987e-09, 7.79745690238e-09, 1.59106239295e-08, 2.90915149748e-08, 1.48950917378e-07, 3.5400444176e-07, 2.14530189169e-07, 5.45737407265e-07, 4.11662767874e-07, 1.32023870947e-07, 3.04622176373e-08, 9.83926007336e-09, 3.86783299833e-10, 4.67140603977e-10, 3.70770185387e-11, 2.18385613175e-15, 1.80330750211e-17]
        max: [1.44424338941e-05, 0.000283554341877, 0.000934063689783, 0.00204124092124, 0.00469228252769, 0.00424381624907, 0.00455075316131, 0.00486045051366, 0.00282101565972, 0.00339115038514, 0.0011827100534, 0.00118520646356, 0.00098048732616, 0.00135632057209, 0.00322739197873, 0.00496352510527, 0.00255654240027, 0.00434579700232, 0.00392975145951, 0.00211698352359, 0.00121168955229, 0.000681576260831, 0.000174953049282, 0.000301965686958, 7.64696014812e-05, 3.31910968043e-07, 8.74951027185e-08]
        mean: [2.28461686902e-07, 3.61560742022e-05, 0.000133224049932, 0.00021975141135, 0.000653882627375, 0.000528503500391, 0.000300404033624, 0.000290773401503, 0.000221605369006, 0.000169717561221, 4.16750772274e-05, 6.28637644695e-05, 7.27258884581e-05, 6.5121872467e-05, 0.000287530157948, 0.000347650231561, 0.000487057608552, 0.000369509012671, 0.000409229862271, 0.000311607203912, 0.000154933484737, 9.0589033789e-05, 1.54655026563e-05, 9.50409048528e-06, 2.62674893747e-06, 6.74763711572e-08, 4.72951844355e-10]
        min: [1.08545492039e-10, 1.47408968587e-07, 9.38794471494e-07, 1.94904123418e-06, 4.93366242154e-05, 1.85622047866e-05, 9.23827792576e-06, 3.21892730426e-06, 9.84529197012e-06, 2.7801190754e-06, 1.79258233857e-06, 5.29710519004e-07, 3.12330689667e-06, 2.06874619835e-06, 3.29306408275e-06, 7.38812468626e-06, 1.35424425025e-05, 1.49336383402e-05, 1.5680810975e-05, 1.08734457172e-05, 5.50192362425e-06, 2.28473163588e-06, 2.54654565879e-07, 1.19572803214e-07, 1.04884961161e-07, 9.24529341972e-09, 8.97107854583e-13]
        var: [6.29896146093e-13, 1.72612912852e-09, 1.90253466315e-08, 5.67969493659e-08, 3.38949348588e-07, 4.08526375395e-07, 1.64335830277e-07, 2.26747246757e-07, 1.1857273563e-07, 1.3909347274e-07, 1.0617891455e-08, 1.66258669054e-08, 1.70180900483e-08, 1.03840891441e-08, 1.73445101836e-07, 3.94157041228e-07, 2.27646921758e-07, 2.57814662064e-07, 2.10890277685e-07, 1.06889146423e-07, 2.43909283881e-08, 9.83498082974e-09, 5.16456821753e-10, 7.78451691996e-10, 2.34984063457e-11, 2.05739792438e-15, 1.77568843776e-17]
    mfcc:
        mean: [-686.312988281, 98.5735549927, -40.8451080322, 54.6367683411, -13.4483299255, -11.8136816025, -18.2330608368, -9.93296432495, -2.45611906052, -6.50926065445, -6.21176624298, -9.16693782806, -6.23704099655]
        cov: [[820.503662109, -471.682312012, -42.1581382751, -46.6246795654, -8.86123275757, 10.9532060623, -50.7206420898, -51.1851577759, -87.6213607788, -16.5442485809, -22.3748989105, -20.7855968475, -23.8329277039], [-471.682312012, 541.038085938, -91.2993087769, -23.193605423, -16.1517696381, -12.3089294434, 48.2429046631, 42.4673614502, 74.0901107788, 22.1263923645, 46.9111862183, 3.52454519272, 24.0718078613], [-42.1581382751, -91.2993087769, 285.16003418, 42.2544136047, -2.91189265251, 26.7641220093, 18.7523555756, 20.704240799, -24.1106624603, 5.17474937439, 9.04446983337, 37.2803840637, -10.6714200974], [-46.6246795654, -23.193605423, 42.2544136047, 183.984069824, 97.5198745728, 1.2345083952, -40.6638336182, 0.58029127121, 31.4265136719, 1.36654400826, -21.9140930176, 15.0607089996, 31.3303356171], [-8.86123275757, -16.1517696381, -2.91189265251, 97.5198745728, 160.624191284, 20.0853805542, -51.358253479, -7.12660217285, 28.6989746094, 6.53630161285, -23.888917923, 10.5073757172, 24.6216316223], [10.9532060623, -12.3089294434, 26.7641220093, 1.2345083952, 20.0853805542, 92.424987793, 27.0912036896, 3.56884431839, -17.2928848267, 1.44998991489, 13.2309007645, 9.04305076599, -7.65358114243], [-50.7206420898, 48.2429046631, 18.7523555756, -40.6638336182, -51.358253479, 27.0912036896, 135.139709473, 39.708152771, -9.59522438049, 0.800180315971, 21.8688850403, 19.1770610809, -5.43944835663], [-51.1851577759, 42.4673614502, 20.704240799, 0.58029127121, -7.12660217285, 3.56884431839, 39.708152771, 87.1211242676, 17.3596305847, 6.34729242325, 13.5950021744, 16.0863571167, -1.7076073885], [-87.6213607788, 74.0901107788, -24.1106624603, 31.4265136719, 28.6989746094, -17.2928848267, -9.59522438049, 17.3596305847, 83.4755096436, 27.6353702545, -0.667713284492, 3.70098304749, 19.7022075653], [-16.5442485809, 22.1263923645, 5.17474937439, 1.36654400826, 6.53630161285, 1.44998991489, 0.800180315971, 6.34729242325, 27.6353702545, 81.2379226685, 30.2854804993, 0.631307721138, -0.675802230835], [-22.3748989105, 46.9111862183, 9.04446983337, -21.9140930176, -23.888917923, 13.2309007645, 21.8688850403, 13.5950021744, -0.667713284492, 30.2854804993, 78.4957809448, 15.0512075424, -15.645945549], [-20.7855968475, 3.52454519272, 37.2803840637, 15.0607089996, 10.5073757172, 9.04305076599, 19.1770610809, 16.0863571167, 3.70098304749, 0.631307721138, 15.0512075424, 58.6441764832, 16.863161087], [-23.8329277039, 24.0718078613, -10.6714200974, 31.3303356171, 24.6216316223, -7.65358114243, -5.43944835663, -1.7076073885, 19.7022075653, -0.675802230835, -15.645945549, 16.863161087, 54.8020095825]]
        icov: [[0.0030791957397, 0.00289727072231, 0.00133832753636, 0.000787244702224, -4.59456387034e-05, -0.000236853535171, 0.00043221807573, -0.000228408302064, 0.00108085887041, -0.000262299523456, -0.000947726832237, 0.000249398086453, -0.000838762964122], [0.00289727072231, 0.00528156943619, 0.00182724988554, 0.00104415684473, -1.96516230062e-05, -0.000138559946208, -0.00035677885171, -0.000737306370866, -0.00117052323185, 0.000504263094626, -0.0028118037153, 0.00100448413286, -0.00205479096621], [0.00133832753636, 0.00182724988554, 0.00525726703927, -0.00141542905476, 0.0011143166339, -0.000970538938418, 0.000174638204044, -0.00100197398569, 0.00168062443845, -0.00114595948253, 0.000204732219572, -0.00297115952708, 0.00131662888452], [0.000787244702224, 0.00104415684473, -0.00141542905476, 0.00960291549563, -0.00480479933321, 0.000527012860402, 0.00095227768179, -0.000406001810916, -0.00174634507857, 0.00089924223721, -0.000347553897882, 0.000318056205288, -0.00312587385997], [-4.59456387034e-05, -1.96516230062e-05, 0.0011143166339, -0.00480479933321, 0.0118723297492, -0.00438729440793, 0.0036376293283, -0.00029970696778, -0.00172789371572, -0.00132610357832, 0.00280592730269, -0.00251093972474, -0.000463915115688], [-0.000236853535171, -0.000138559946208, -0.000970538938418, 0.000527012860402, -0.00438729440793, 0.0141233578324, -0.00386013835669, 0.000762212905101, 0.00289608095773, -3.22574778693e-05, -0.00220005447045, 5.7340006606e-05, 0.00136442529038], [0.00043221807573, -0.00035677885171, 0.000174638204044, 0.00095227768179, 0.0036376293283, -0.00386013835669, 0.0117545602843, -0.00424562208354, 0.00104732392356, -0.000316171877785, 0.000339248537784, -0.00286306557246, -0.000707310740836], [-0.000228408302064, -0.000737306370866, -0.00100197398569, -0.000406001810916, -0.00029970696778, 0.000762212905101, -0.00424562208354, 0.0151288025081, -0.00379861262627, 0.000646741653327, -0.000588125898503, -0.00246041337959, 0.00251545850188], [0.00108085887041, -0.00117052323185, 0.00168062443845, -0.00174634507857, -0.00172789371572, 0.00289608095773, 0.00104732392356, -0.00379861262627, 0.0204900540411, -0.00687282672152, 0.00191203784198, -0.000359562574886, -0.003318506293], [-0.000262299523456, 0.000504263094626, -0.00114595948253, 0.00089924223721, -0.00132610357832, -3.22574778693e-05, -0.000316171877785, 0.000646741653327, -0.00687282672152, 0.0175486728549, -0.00806829705834, 0.0031702585984, -0.00108447414823], [-0.000947726832237, -0.0028118037153, 0.000204732219572, -0.000347553897882, 0.00280592730269, -0.00220005447045, 0.000339248537784, -0.000588125898503, 0.00191203784198, -0.00806829705834, 0.0213561113924, -0.00792260095477, 0.00725704757497], [0.000249398086453, 0.00100448413286, -0.00297115952708, 0.000318056205288, -0.00251093972474, 5.7340006606e-05, -0.00286306557246, -0.00246041337959, -0.000359562574886, 0.0031702585984, -0.00792260095477, 0.0259508211166, -0.0103967469186], [-0.000838762964122, -0.00205479096621, 0.00131662888452, -0.00312587385997, -0.000463915115688, 0.00136442529038, -0.000707310740836, 0.00251545850188, -0.003318506293, -0.00108447414823, 0.00725704757497, -0.0103967469186, 0.0276866648346]]
    spectral_contrast:
        mean: [1.2328192156e-07, 2.7192012908e-07, 4.0601321416e-07, 2.08142992619e-07, -1.0458600741e-07, 1.04203923268e-10, -1.24218024666e-06, 2.4399000722e-06, 3.26922446447e-07, 9.84101916401e-07, 1.11845546158e-08, 1.48497542796e-06]
        var: [0.000496246328112, 0.000572010350879, 0.00164005206898, 0.00223441096023, 0.00328967371024, 0.00470599532127, 0.0341917090118, 0.0634664669633, 0.0992980077863, 0.164167687297, 0.370856791735, 0.47324860096]

rhythm:
    beats_loudness:
        dmean: 0.00201577576809
        dmean2: 0.00349726737477
        dvar: 3.44305476574e-06
        dvar2: 5.97057351115e-06
        max: 0.00940709188581
        mean: 0.0061822491698
        min: 0.0030953977257
        var: 4.9343129831e-06
    beats_loudness_bass:
        dmean: 0.0618054382503
        dmean2: 0.110606260598
        dvar: 0.00353271444328
        dvar2: 0.0110666491091
        max: 0.217667266726
        mean: 0.0613441057503
        min: 0.0106673883274
        var: 0.00323625165038
    bpm: 107.51210022
    bpm_confidence: 0
    first_peak_bpm: 108
    first_peak_spread: 0
    first_peak_weight: 0.526315808296
    onset_rate: 3.59823775291
    second_peak_bpm: 140
    second_peak_spread: 0
    second_peak_weight: 0.421052634716
    beats_position: [0.172398403287, 0.730506718159, 1.28861510754, 1.8467233181, 2.40483164787, 2.96293997765, 3.52104830742, 4.07915687561, 4.63726520538, 5.19537353516, 5.75348186493, 6.37694835663, 6.80526208878, 7.23357534409, 7.66188907623, 8.09020137787, 8.51851463318, 8.94682788849, 9.3751411438, 9.80345439911]
    bpm_estimates: [107.506660461, 107.491249084, 107.421867371, 105.714683533, 107.621429443, 108.330970764, 107.368225098, 108.641700745]
    bpm_intervals: [0.558108329773, 0.558108389378, 0.558108210564, 0.558108329773, 0.558108329773, 0.558108329773, 0.558108568192, 0.558108329773, 0.558108329773, 0.558108329773, 0.623466491699, 0.428313732147, 0.42831325531, 0.428313732147, 0.428312301636, 0.42831325531, 0.42831325531, 0.42831325531, 0.42831325531]
    onset_times: [0.0580498874187, 0.174149662256, 0.487619042397, 0.731428563595, 1.01006805897, 1.14938771725, 1.4164172411, 1.79954648018, 2.3916554451, 2.94893431664, 3.25079369545, 3.39011335373, 3.52943301201, 3.66875290871, 4.08671188354, 4.65560102463, 5.21287965775, 5.49151945114, 5.64244890213, 5.78176879883, 5.9094786644, 6.25777769089, 6.45514726639, 6.81505680084, 6.97759628296, 7.24462604523, 7.37233543396, 7.73224496841, 7.85995483398, 8.13859367371, 8.17342376709, 8.46367359161, 8.78875255585, 9.07900238037, 9.67111110687, 9.84526062012]
    rubato_start: [6.80526208878]
    rubato_stop: [9.80345439911]
    perceptual_tempo: "unknown"

sfx:
    inharmonicity:
        dmean: 0.0484212860465
        dmean2: 0.0864021256566
        dvar: 0.00291354116052
        dvar2: 0.00850243400782
        max: 0.36358371377
        mean: 0.0537449978292
        min: 5.93343975197e-06
        var: 0.00304651586339
    oddtoevenharmonicenergyratio:
        dmean: 1.46913385391
        dmean2: 2.67474102974
        dvar: 7.1950044632
        dvar2: 21.0540523529
        max: 20.3102321625
        mean: 1.11290860176
        min: 0.000396111252485
        var: 4.79463720322
    pitch_after_max_to_before_max_energy_ratio: 1.08624374866
    pitch_centroid: 235.976531982
    pitch_max_to_total: 0.675990700722
    pitch_min_to_total: 0.312354326248
    tristimulus:
        dmean: [0.209535241127, 0.225934445858, 0.132565259933]
        dmean2: [0.363353461027, 0.388642460108, 0.231317564845]
        dvar: [0.0272994861007, 0.0349190607667, 0.0149393389001]
        dvar2: [0.0815353244543, 0.100305981934, 0.0395611338317]
        max: [0.980485796928, 0.967100679874, 0.800294876099]
        mean: [0.37639349699, 0.426423102617, 0.158179208636]
        min: [0.00675429916009, 0, 0]
        var: [0.0423366092145, 0.045617070049, 0.0197875592858]

tonal:
    chords_changes_rate: 0.0462962947786
    chords_number_rate: 0.0231481473893
    chords_strength:
        dmean: 0.00913112796843
        dmean2: 0.00920298136771
        dvar: 4.45175792265e-05
        dvar2: 5.58148967684e-05
        max: 0.731789708138
        mean: 0.619417071342
        min: 0.468145608902
        var: 0.00420205201954
    key_strength: 0.790752232075
    tuning_diatonic_strength: 0.667812883854
    tuning_equal_tempered_deviation: 0.0835188254714
    tuning_frequency: 440.254241943
    tuning_nontempered_energy_ratio: 0.764638185501
    hpcp:
        dmean: [0.214045882225, 0.215619653463, 0.177761644125, 0.148898437619, 0.139697924256, 0.096253618598, 0.0970692038536, 0.106250092387, 0.144313752651, 0.17660959065, 0.149014532566, 0.140648186207, 0.125897780061, 0.133128121495, 0.196329653263, 0.189682587981, 0.175319954753, 0.160794109106, 0.127706304193, 0.0980594158173, 0.119683846831, 0.16652995348, 0.150960206985, 0.143127158284, 0.162837862968, 0.135453656316, 0.103046573699, 0.0958843678236, 0.089971318841, 0.105947069824, 0.099647320807, 0.0770313441753, 0.0870489552617, 0.0873360186815, 0.112813986838, 0.175600498915]
        dmean2: [0.342941612005, 0.349681854248, 0.304072350264, 0.24897569418, 0.228536337614, 0.162149637938, 0.157610312104, 0.170678272843, 0.232354536653, 0.290472865105, 0.245865345001, 0.230328813195, 0.218277975917, 0.224965497851, 0.334104031324, 0.325922250748, 0.281622052193, 0.264534652233, 0.218169972301, 0.16905747354, 0.193578347564, 0.268071442842, 0.249277099967, 0.239463865757, 0.275918960571, 0.231343880296, 0.180412843823, 0.163583770394, 0.142030239105, 0.174707084894, 0.165659368038, 0.126880198717, 0.144548416138, 0.15057271719, 0.193439692259, 0.292157351971]
        dvar: [0.037952631712, 0.0408926941454, 0.0378701761365, 0.0339142642915, 0.0312101431191, 0.0205837935209, 0.0216727461666, 0.0182531755418, 0.0270954426378, 0.0361570641398, 0.0271602850407, 0.0314833298326, 0.0301534403116, 0.0270355511457, 0.050799716264, 0.0429924353957, 0.043697565794, 0.0445948839188, 0.0390142351389, 0.0244390666485, 0.0241209622473, 0.0366150923073, 0.0299373678863, 0.0306895077229, 0.0391655601561, 0.026138804853, 0.0186413414776, 0.0141760855913, 0.0145358536392, 0.0280345492065, 0.0189924221486, 0.0112625397742, 0.0209987480193, 0.0161423422396, 0.0241126157343, 0.0290336050093]
        dvar2: [0.0928476005793, 0.0950596183538, 0.100106246769, 0.087771654129, 0.0833112075925, 0.0521729998291, 0.052513603121, 0.0475996769965, 0.0631524547935, 0.0872308462858, 0.0658931210637, 0.0836524516344, 0.0746186003089, 0.0671205595136, 0.135836526752, 0.115187481046, 0.107336729765, 0.100541628897, 0.0971190705895, 0.0646114349365, 0.0653055161238, 0.085521094501, 0.0747953653336, 0.0738843083382, 0.102257095277, 0.0692037567496, 0.0530871972442, 0.0333407372236, 0.0300939213485, 0.0624583289027, 0.0527220256627, 0.0302237458527, 0.0577700920403, 0.0421618781984, 0.063009865582, 0.0783028006554]
        max: [1, 1, 1, 1, 1, 1, 1, 0.987614452839, 1, 1, 1, 1, 1, 1, 1, 1, 1, 1, 1, 1, 1, 1, 1, 1, 1, 1, 0.819505572319, 0.796297311783, 1, 1, 0.845302641392, 0.849973499775, 1, 1, 1, 1]
        mean: [0.503082633018, 0.376654952765, 0.228282660246, 0.23282507062, 0.193391725421, 0.141594007611, 0.135153740644, 0.131835922599, 0.199650898576, 0.296575576067, 0.275434941053, 0.220651939511, 0.188883498311, 0.17719887197, 0.283647656441, 0.374985933304, 0.330081671476, 0.264151453972, 0.178991690278, 0.113936901093, 0.189914166927, 0.288113892078, 0.248068913817, 0.220071777701, 0.266268014908, 0.206815183163, 0.124201186001, 0.118654794991, 0.124265491962, 0.134036168456, 0.126952931285, 0.113027088344, 0.119454368949, 0.123002938926, 0.159008800983, 0.340602606535]
        min: [0.0418829135597, 0.0108486488461, 0.00827450491488, 0.00683454750106, 0.00508469622582, 0.00479405140504, 0.00370633788407, 0.00427641579881, 0.00553743448108, 0.00415921304375, 0.00586856342852, 0.00609884317964, 0.00775375775993, 0.0101600056514, 0.00729991961271, 0.00966469477862, 0.00589889893308, 0.0070509170182, 0.00550247449428, 0.00444687064737, 0.00135997496545, 0.00958537869155, 0.0134392436594, 0.00566237280145, 0.00570366717875, 0.00875706877559, 0.00496166571975, 0.0033767465502, 0.00561922090128, 0.00457390164956, 0.00424462230876, 0.00233922176994, 0.0060863615945, 0.0041741640307, 0.00488270260394, 0.0291182920337]
        var: [0.0954015702009, 0.0690570026636, 0.0508060380816, 0.06887114048, 0.0520075336099, 0.0233749113977, 0.0277069117874, 0.0207628123462, 0.0436946488917, 0.0815197527409, 0.0807723030448, 0.0609586164355, 0.0500435866416, 0.0350573956966, 0.0766047611833, 0.113323941827, 0.0996691584587, 0.0924159213901, 0.0535922907293, 0.0259676445276, 0.0413561984897, 0.0824301689863, 0.0493303388357, 0.0505847781897, 0.0679606050253, 0.0400635041296, 0.0178934112191, 0.018226236105, 0.0228067357093, 0.036829393357, 0.0230519995093, 0.0180768743157, 0.0289861429483, 0.0211068596691, 0.032041542232, 0.0610401406884]
    chords_histogram: [47.2222213745, 8.33333301544, 21.2962970734, 0, 0, 0, 0, 0, 0, 15.2777776718, 0, 0, 0, 0, 0, 0, 0, 0, 0, 0, 0, 0, 0, 7.87037038803]
    thpcp: [1, 0.748694002628, 0.453767716885, 0.462796866894, 0.384413450956, 0.281452775002, 0.26865118742, 0.262056201696, 0.396855086088, 0.589516639709, 0.547494411469, 0.438599795103, 0.37545222044, 0.352226167917, 0.563819229603, 0.7453764081, 0.65611821413, 0.525065720081, 0.355789840221, 0.226477503777, 0.37750095129, 0.572696983814, 0.493097752333, 0.437446594238, 0.529272913933, 0.41109585762, 0.246880292892, 0.235855475068, 0.247008115053, 0.266429722309, 0.252350062132, 0.224669039249, 0.237444832921, 0.244498476386, 0.316068947315, 0.677031159401]
    chords_key: "D"
    chords_scale: "minor"
    key_key: "D"
    key_scale: "minor"
    chords_progression: ["Am", "Am", "Am", "Am", "Am", "Am", "Am", "Am", "Am", "Am", "Am", "Am", "Am", "Am", "Am", "Am", "Am", "Am", "Am", "Am", "Am", "Am", "Am", "Am", "Am", "Am", "Am", "Am", "Am", "Am", "Am", "Am", "A", "A", "A", "A", "A", "A", "A", "A", "A", "A", "A", "A", "A", "A", "Dm", "Dm", "Dm", "Dm", "Dm", "Dm", "Dm", "Dm", "Dm", "Dm", "Dm", "Dm", "Dm", "Dm", "Dm", "Dm", "Dm", "Dm", "Dm", "Dm", "Dm", "Dm", "Dm", "Dm", "Dm", "Dm", "Dm", "Dm", "Dm", "Dm", "Dm", "Dm", "Dm", "Dm", "Dm", "Dm", "Dm", "Dm", "Dm", "Dm", "Dm", "A#", "A#", "A#", "A#", "A#", "A#", "A#", "A#", "A#", "A#", "F", "F", "F", "F", "F", "F", "F", "F", "F", "F", "F", "F", "F", "F", "Am", "Am", "Am", "Am", "Am", "Am", "Am", "Am", "Am", "Am", "Am", "Am", "Am", "Am", "A", "A", "A", "A", "A", "A", "A", "A", "A", "A", "A", "A", "A", "A", "A", "A", "A", "A", "A", "Dm", "Dm", "Dm", "Dm", "Dm", "Dm", "Dm", "Dm", "Dm", "Dm", "Dm", "Dm", "Dm", "Dm", "Dm", "Dm", "Dm", "Dm", "Dm", "Dm", "Dm", "Dm", "Dm", "Dm", "Dm", "Dm", "Dm", "Dm", "Dm", "Dm", "Dm", "Dm", "Dm", "Dm", "Dm", "Dm", "Dm", "Dm", "Dm", "Dm", "Dm", "A#", "A#", "A#", "A#", "A#", "A#", "A#", "Dm", "Dm", "Dm", "Dm", "Dm", "Dm", "Dm", "Dm", "Dm", "Dm", "Dm", "Dm", "Dm", "Dm", "Dm", "Dm", "Dm", "Dm", "Dm", "Dm", "F", "F", "F", "F"]
