
metadata:
    version:
        essentia: "1.2.2"
    audio_properties:
        analysis_sample_rate: 44100
        bitrate: 128
        channels: 2
        equal_loudness: 1
        length: 10.0310201645
        replay_gain: -10.0506649017
        downmix: "mix"
    tags:
        track: 21
        year: 0
        album: "Splitted by Mp3Splt v. 2.1"
        artist: "From 003.20 To 003.30"
        comment: "http://mp3splt.sf.net"
        genre: ""
        title: "02 Cannonball.mp3"

highlevel:
    ballroom:
        all:
            ChaChaCha: 0.00879320129752
            Jive: 0.0231892839074
            Quickstep: 0.0123137449846
            Rumba-American: 0.0129581466317
            Rumba-International: 0.745269358158
            Rumba-Misc: 0.0824320018291
            Samba: 0.00685866130516
            Tango: 0.00242083333433
            VienneseWaltz: 0.0713110044599
            Waltz: 0.0344537496567
        probability: 0.745269358158
        value: "Rumba-International"
    culture:
        all:
            non_western: 0.113467767835
            western: 0.886532247066
        probability: 0.886532247066
        value: "western"
    gender:
        all:
            female: 0.752237796783
            male: 0.247762203217
        probability: 0.752237796783
        value: "female"
    genre_dortmund:
        all:
            alternative: 0.322601377964
            blues: 0.00188350153621
            electronic: 0.0866833925247
            folkcountry: 0.0587322674692
            funksoulrnb: 0.00708032771945
            jazz: 0.0240456424654
            pop: 0.0710304155946
            raphiphop: 0.00109827052802
            rock: 0.426844805479
        probability: 0.426844805479
        value: "rock"
    genre_electronica:
        all:
            ambient: 0.692615628242
            dnb: 0.0385251380503
            house: 0.00479063997045
            techno: 0.0030346668791
            trance: 0.261033922434
        probability: 0.692615628242
        value: "ambient"
    genre_rosamerica:
        all:
            cla: 0.156144112349
            dan: 0.0461167693138
            hip: 0.00746701471508
            jaz: 0.0535698570311
            pop: 0.0556886456907
            rhy: 0.0613002404571
            roc: 0.613969564438
            spe: 0.00574381835759
        probability: 0.613969564438
        value: "roc"
    genre_tzanetakis:
        all:
            blu: 0.0668170303106
            cla: 0.142400115728
            cou: 0.136367946863
            dis: 0.0320475362241
            hip: 0.0187091808766
            jaz: 0.164567261934
            met: 0.05786504969
            pop: 0.116309970617
            reg: 0.0534804649651
            roc: 0.211435437202
        probability: 0.211435437202
        value: "roc"
    live_studio:
        all:
            live: 0.761398494244
            studio: 0.238601490855
        probability: 0.761398494244
        value: "live"
    mood:
        all:
            Cluster1: 0.448479771614
            Cluster2: 0.0877753794193
            Cluster3: 0.20109193027
            Cluster4: 0.0476430281997
            Cluster5: 0.215009897947
        probability: 0.448479771614
        value: "Cluster1"
    mood_acoustic:
        all:
            acoustic: 0.302093446255
            not_acoustic: 0.697906553745
        probability: 0.697906553745
        value: "not_acoustic"
    mood_aggressive:
        all:
            aggressive: 0.729256153107
            not_aggressive: 0.270743876696
        probability: 0.729256153107
        value: "aggressive"
    mood_electronic:
        all:
            electronic: 0.623229622841
            not_electronic: 0.376770377159
        probability: 0.623229622841
        value: "electronic"
    mood_happy:
        all:
            happy: 0.394830435514
            not_happy: 0.605169534683
        probability: 0.605169534683
        value: "not_happy"
    mood_party:
        all:
            not_party: 0.872303128242
            party: 0.127696856856
        probability: 0.872303128242
        value: "not_party"
    mood_relaxed:
        all:
            not_relaxed: 0.184981197119
            relaxed: 0.815018773079
        probability: 0.815018773079
        value: "relaxed"
    mood_sad:
        all:
            not_sad: 0.135333031416
            sad: 0.864666998386
        probability: 0.864666998386
        value: "sad"
    rhythm:
        all:
            fast: 0.114769160748
            medium: 0.562210559845
            slow: 0.323020279408
        probability: 0.562210559845
        value: "medium"
    speech_music:
        all:
            music: 0.997691273689
            speech: 0.00230873562396
        probability: 0.997691273689
        value: "music"
    timbre:
        all:
            bright: 0.307309448719
            dark: 0.692690551281
        probability: 0.692690551281
        value: "dark"
    voice_instrumental:
        all:
            instrumental: 0.248821154237
            voice: 0.751178860664
        probability: 0.751178860664
        value: "voice"

lowlevel:
    average_loudness: 0.980277180672
    barkbands_kurtosis:
        dmean: 2.32189202309
        dmean2: 3.63918209076
        dvar: 6.66026115417
        dvar2: 16.5741214752
        max: 23.1165618896
        mean: 3.98193335533
        min: -1.5117559433
        var: 15.7471141815
    barkbands_skewness:
        dmean: 0.460566103458
        dmean2: 0.71058934927
        dvar: 0.169285267591
        dvar2: 0.410167127848
        max: 4.47338485718
        mean: 1.94343459606
        min: 0.261013269424
        var: 0.532489180565
    barkbands_spread:
        dmean: 3.65642476082
        dmean2: 5.27619075775
        dvar: 10.5674133301
        dvar2: 22.0681972504
        max: 36.4949836731
        mean: 15.2799854279
        min: 4.28668260574
        var: 42.8129692078
    dissonance:
        dmean: 0.0190375242382
        dmean2: 0.0329167842865
        dvar: 0.000303279433865
        dvar2: 0.000850195938256
        max: 0.497502774
        mean: 0.455557823181
        min: 0.343518346548
        var: 0.000495976419188
    hfc:
        dmean: 0.898910820484
        dmean2: 1.37452864647
        dvar: 1.85632264614
        dvar2: 4.02780914307
        max: 18.0167751312
        mean: 3.12845396996
        min: 0.56370651722
        var: 3.47919154167
    pitch:
        dmean: 87.7696151733
        dmean2: 169.9737854
        dvar: 96284.8828125
        dvar2: 288224.46875
        max: 2940
        mean: 212.090057373
        min: 58.7217025757
        var: 54768.7773438
    pitch_instantaneous_confidence:
        dmean: 0.0792942792177
        dmean2: 0.128194659948
        dvar: 0.00498675089329
        dvar2: 0.0126091167331
        max: 0.772711396217
        mean: 0.378423780203
        min: 0.132904589176
        var: 0.014906511642
    pitch_salience:
        dmean: 0.0698591396213
        dmean2: 0.112426884472
        dvar: 0.00355059257708
        dvar2: 0.0100450897589
        max: 0.814712047577
        mean: 0.625887155533
        min: 0.273504644632
        var: 0.00730471825227
    silence_rate_20dB:
        dmean: 0
        dmean2: 0
        dvar: 0
        dvar2: 0
        max: 1
        mean: 1
        min: 1
        var: 0
    silence_rate_30dB:
        dmean: 0
        dmean2: 0
        dvar: 0
        dvar2: 0
        max: 1
        mean: 1
        min: 1
        var: 0
    silence_rate_60dB:
        dmean: 0.0696055665612
        dmean2: 0.137209296227
        dvar: 0.064760401845
        dvar2: 0.136986866593
        max: 1
        mean: 0.136574074626
        min: 0
        var: 0.117922417819
    spectral_centroid:
        dmean: 107.801925659
        dmean2: 166.957977295
        dvar: 11704.6347656
        dvar2: 24862.5605469
        max: 1335.36791992
        mean: 574.319091797
        min: 255.511367798
        var: 40445.765625
    spectral_complexity:
        dmean: 2.25174832344
        dmean2: 3.46962618828
        dvar: 4.92963123322
        dvar2: 9.45936489105
        max: 26
        mean: 9.98837184906
        min: 3
        var: 14.1138277054
    spectral_crest:
        dmean: 2.55912637711
        dmean2: 4.11884021759
        dvar: 5.32066297531
        dvar2: 14.1780424118
        max: 22.9374542236
        mean: 10.7555799484
        min: 3.96657371521
        var: 12.619389534
    spectral_decrease:
        dmean: 4.18802603708e-10
        dmean2: 6.78042955116e-10
        dvar: 2.47743824634e-19
        dvar2: 6.44584628235e-19
        max: -1.91115581694e-10
        mean: -1.3894714268e-09
        min: -6.00834004771e-09
        var: 4.36616171097e-19
    spectral_energy:
        dmean: 0.00164657610003
        dmean2: 0.00266105937771
        dvar: 3.93295931644e-06
        dvar2: 1.01377909232e-05
        max: 0.0243110191077
        mean: 0.00552794476971
        min: 0.000772444473114
        var: 6.90456499797e-06
    spectral_energyband_high:
        dmean: 2.27427171922e-05
        dmean2: 3.29672948283e-05
        dvar: 1.46292555847e-09
        dvar2: 2.65612554173e-09
        max: 0.000370583991753
        mean: 4.86823846586e-05
        min: 3.53951350007e-06
        var: 3.33022032173e-09
    spectral_energyband_low:
        dmean: 0.000299674982671
        dmean2: 0.000516176980454
        dvar: 2.14575962332e-07
        dvar2: 6.01106023623e-07
        max: 0.00352955888957
        mean: 0.000453299871879
        min: 4.44050419901e-06
        var: 3.04181639876e-07
    spectral_energyband_middle_high:
        dmean: 0.000296543585137
        dmean2: 0.000456516630948
        dvar: 2.24675076765e-07
        dvar2: 4.90702802836e-07
        max: 0.00527823669836
        mean: 0.000896130746696
        min: 0.000107744570414
        var: 4.05725529617e-07
    spectral_energyband_middle_low:
        dmean: 0.00137029564939
        dmean2: 0.00219475617632
        dvar: 2.59474518316e-06
        dvar2: 7.01254111846e-06
        max: 0.0181196816266
        mean: 0.0041298288852
        min: 0.000547046191059
        var: 4.54489145341e-06
    spectral_flatness_db:
        dmean: 0.0205427315086
        dmean2: 0.0301255360246
        dvar: 0.00034419138683
        dvar2: 0.000710343068931
        max: 0.281456172466
        mean: 0.181979969144
        min: 0.0920889750123
        var: 0.00108729396015
    spectral_flux:
        dmean: 0.0102360267192
        dmean2: 0.0154383238405
        dvar: 0.000113839625556
        dvar2: 0.000232677019085
        max: 0.10910692811
        mean: 0.0346972160041
        min: 0.00618330622092
        var: 0.000227485972573
    spectral_kurtosis:
        dmean: 1.81032025814
        dmean2: 2.65601921082
        dvar: 3.85937404633
        dvar2: 8.30140399933
        max: 19.745300293
        mean: 7.88317537308
        min: 2.29726076126
        var: 9.67620182037
    spectral_rms:
        dmean: 0.000334511860274
        dmean2: 0.000529115495738
        dvar: 1.17906317598e-07
        dvar2: 2.99882742638e-07
        max: 0.00487011997029
        mean: 0.00226075598039
        min: 0.000868103874382
        var: 2.82106555005e-07
    spectral_rolloff:
        dmean: 306.333587646
        dmean2: 498.936584473
        dvar: 127604.65625
        dvar2: 261935.734375
        max: 2863.91601562
        mean: 990.426818848
        min: 172.265625
        var: 352115.5
    spectral_skewness:
        dmean: 0.219595089555
        dmean2: 0.315384447575
        dvar: 0.052844747901
        dvar2: 0.108165591955
        max: 3.6428771019
        mean: 2.40041899681
        min: 1.46705639362
        var: 0.155910953879
    spectral_spread:
        dmean: 600802.75
        dmean2: 848271.375
        dvar: 482293612544
        dvar2: 795733786624
        max: 12939377
        mean: 4808720
        min: 2510885.5
        var: 1.31594452992e+12
    spectral_strongpeak:
        dmean: 0.124389201403
        dmean2: 0.204564794898
        dvar: 0.0123456018046
        dvar2: 0.0312286801636
        max: 0.857372760773
        mean: 0.311075091362
        min: 0.0276027843356
        var: 0.0284808482975
    zerocrossingrate:
        dmean: 0.00598457548767
        dmean2: 0.0065244869329
        dvar: 2.55390150414e-05
        dvar2: 2.55413633568e-05
        max: 0.08935546875
        mean: 0.0400436036289
        min: 0.0107421875
        var: 0.000178823946044
    barkbands:
        dmean: [6.44606714673e-08, 4.16532857344e-05, 0.000268263771432, 0.000405018654419, 0.000992374494672, 0.000251449848292, 0.000228662247537, 7.52409177949e-05, 0.000112974485091, 6.96898641763e-05, 7.41175390431e-05, 4.44083525508e-05, 3.70389170712e-05, 3.30710863636e-05, 4.68220787297e-05, 5.50625045435e-05, 5.56417253392e-05, 4.92076724186e-05, 3.92080073652e-05, 1.48023227666e-05, 1.09452976176e-05, 4.48953278465e-06, 1.04414175439e-06, 1.23480697312e-06, 8.89307386842e-07, 7.49125064203e-08, 8.35355395967e-10]
        dmean2: [9.04360888399e-08, 7.45836732676e-05, 0.000461709423689, 0.000673509202898, 0.00159237952903, 0.000390153407352, 0.000379411212634, 0.000124199097627, 0.000186867764569, 0.000114598260552, 0.000111478984763, 7.21939431969e-05, 6.11658833805e-05, 5.13573177159e-05, 7.82699498814e-05, 9.13822877919e-05, 9.0019471827e-05, 7.75799271651e-05, 6.07091242273e-05, 2.12059294427e-05, 1.69738232216e-05, 7.1427984949e-06, 1.50729681536e-06, 1.61208424743e-06, 1.18707589536e-06, 1.01779512818e-07, 1.072894662e-09]
        dvar: [6.31498366511e-14, 6.43623465635e-09, 1.64727296692e-07, 2.35877280375e-07, 1.30780358631e-06, 7.77807187546e-08, 1.86522555623e-07, 1.58997508493e-08, 2.62985899724e-08, 1.21173231449e-08, 1.28643868891e-08, 6.33284180651e-09, 4.50454473722e-09, 3.33502025995e-09, 5.66805358204e-09, 5.76106629069e-09, 7.16950188107e-09, 4.32489022373e-09, 3.61373464486e-09, 5.03499353322e-10, 3.78028053305e-10, 5.86533807634e-11, 5.04212036706e-12, 3.68521055685e-12, 2.00892102432e-12, 1.61337923002e-14, 1.1357713912e-16]
        dvar2: [7.10300213287e-14, 1.78041865695e-08, 4.57444627955e-07, 5.98482586156e-07, 3.64926586371e-06, 1.82648975056e-07, 4.66569986202e-07, 4.27228705746e-08, 6.31203533885e-08, 2.85402670386e-08, 2.52173215642e-08, 1.5121260688e-08, 1.0592279942e-08, 7.94226640011e-09, 1.43397329566e-08, 1.43120555407e-08, 1.87305975174e-08, 9.31300547791e-09, 8.07820210724e-09, 9.86795867242e-10, 7.59951435114e-10, 1.29829771933e-10, 1.19485411149e-11, 6.6597435032e-12, 3.28179063785e-12, 3.17262289031e-14, 1.14074188641e-16]
        max: [4.82130599266e-06, 0.000520995701663, 0.00300848530605, 0.00498315412551, 0.00951894093305, 0.00352404150181, 0.00575844245031, 0.00138887681533, 0.00126151193399, 0.00110245577525, 0.00139749818482, 0.000943876744714, 0.000684205326252, 0.000611973402556, 0.000686555402353, 0.000766725221183, 0.000944024184719, 0.000764346099459, 0.000713206885848, 0.000265552022029, 0.000194946289412, 5.92373289692e-05, 2.24383220484e-05, 1.75902496267e-05, 1.25286651382e-05, 1.11623171506e-06, 2.21275470835e-07]
        mean: [6.3956072438e-08, 4.01205506932e-05, 0.000413122412283, 0.000724830897525, 0.00206249346957, 0.000625412212685, 0.000368764420273, 0.00013001068146, 0.000204642303288, 0.000126620521769, 0.000146901074913, 7.4202696851e-05, 5.40967303095e-05, 5.81204549235e-05, 7.9901983554e-05, 0.000101003919553, 0.000102216501546, 8.79263170646e-05, 6.5026601078e-05, 2.79739342659e-05, 2.04447715078e-05, 8.10159326647e-06, 1.70114969933e-06, 2.42538294515e-06, 1.71061662968e-06, 1.14595749778e-07, 9.00068852783e-10]
        min: [6.58238602513e-11, 1.69669092998e-07, 1.98987913791e-06, 1.255800953e-06, 9.34248055273e-06, 2.98219019896e-05, 1.24582984427e-05, 1.98512884708e-06, 7.07181425241e-06, 1.07879977804e-05, 7.1292370194e-06, 5.82100346946e-06, 1.37745257689e-06, 1.88750846064e-06, 2.40394024331e-06, 3.82001962862e-06, 7.03765408616e-06, 3.93716027247e-06, 3.72979638996e-06, 9.35034734084e-07, 8.56982126152e-07, 4.10291903563e-07, 7.46271737739e-08, 1.24202983898e-07, 1.05485440827e-07, 3.71093666907e-09, 1.21642114784e-11]
        var: [6.61648131574e-14, 4.83546980234e-09, 2.53787732163e-07, 5.38800179584e-07, 2.35747279476e-06, 3.67728461015e-07, 2.17744187125e-07, 2.89065340553e-08, 3.84911089668e-08, 1.70340701544e-08, 3.5652409025e-08, 7.89488119324e-09, 5.2968243125e-09, 5.8879483511e-09, 1.00891845989e-08, 9.44507050349e-09, 1.04725206285e-08, 7.48528705685e-09, 5.68242120025e-09, 1.13562592663e-09, 6.95681234841e-10, 1.05553413232e-10, 7.23747364123e-12, 9.46205266916e-12, 4.8325037548e-12, 2.7626218438e-14, 1.13386874344e-16]
    mfcc:
        mean: [-727.929443359, 150.36680603, -27.4110298157, 31.2853565216, -1.35482990742, -16.9041099548, -6.80383634567, -9.85353183746, -3.31144142151, -18.7307987213, -14.945567131, -11.7503156662, -13.7055768967]
        cov: [[1305.57580566, -464.326660156, -28.1162319183, 20.7539787292, 18.1594524384, 55.9847831726, -0.919822573662, -1.26209592819, 3.65481162071, 104.850227356, 65.0692367554, 52.0791702271, 27.5845756531], [-464.326660156, 413.301757812, -18.0729846954, -10.8515586853, 28.6539344788, 13.1885566711, 21.2483787537, -0.277120947838, 1.17752957344, -25.9996910095, -10.2747306824, 5.28509807587, 12.3269548416], [-28.1162319183, -18.0729846954, 139.602706909, 24.4514846802, -7.80086326599, 16.2701778412, 11.1470899582, 22.4253559113, 5.15065813065, 5.5012087822, 11.0033960342, 13.1259317398, 7.34172153473], [20.7539787292, -10.8515586853, 24.4514846802, 62.7872314453, 17.4624729156, 2.81820607185, 11.7782621384, 11.4513759613, 9.23322963715, 7.03004217148, 7.70371389389, 12.5123653412, 9.5507440567], [18.1594524384, 28.6539344788, -7.80086326599, 17.4624729156, 62.6233711243, 20.8662242889, 11.6470432281, 6.6575088501, 10.5818662643, 13.4561958313, 6.3916592598, 10.9219093323, 9.74652862549], [55.9847831726, 13.1885566711, 16.2701778412, 2.81820607185, 20.8662242889, 58.7819061279, 26.435333252, 15.7055463791, 3.27299237251, 14.2458286285, 17.3762054443, 11.5982923508, 8.01750946045], [-0.919822573662, 21.2483787537, 11.1470899582, 11.7782621384, 11.6470432281, 26.435333252, 68.8034820557, 32.7945556641, 0.636271715164, 2.54577660561, 21.4760284424, 21.2730026245, -0.0602114647627], [-1.26209592819, -0.277120947838, 22.4253559113, 11.4513759613, 6.6575088501, 15.7055463791, 32.7945556641, 47.4690551758, 15.9320220947, 6.57185792923, 13.9483823776, 11.8959493637, 5.34471702576], [3.65481162071, 1.17752957344, 5.15065813065, 9.23322963715, 10.5818662643, 3.27299237251, 0.636271715164, 15.9320220947, 41.52602005, 22.1198329926, 4.33391571045, 5.15204429626, 12.7074899673], [104.850227356, -25.9996910095, 5.5012087822, 7.03004217148, 13.4561958313, 14.2458286285, 2.54577660561, 6.57185792923, 22.1198329926, 51.0931777954, 22.4646663666, 16.2901935577, 13.2077827454], [65.0692367554, -10.2747306824, 11.0033960342, 7.70371389389, 6.3916592598, 17.3762054443, 21.4760284424, 13.9483823776, 4.33391571045, 22.4646663666, 50.6241264343, 29.5539073944, 10.140086174], [52.0791702271, 5.28509807587, 13.1259317398, 12.5123653412, 10.9219093323, 11.5982923508, 21.2730026245, 11.8959493637, 5.15204429626, 16.2901935577, 29.5539073944, 49.5645561218, 24.158908844], [27.5845756531, 12.3269548416, 7.34172153473, 9.5507440567, 9.74652862549, 8.01750946045, -0.0602114647627, 5.34471702576, 12.7074899673, 13.2077827454, 10.140086174, 24.158908844, 47.2337799072]]
        icov: [[0.00184537784662, 0.00204149214551, 0.000991866458207, -0.00023919683008, -0.000182852862054, -0.00183485529851, 0.000314318283927, 0.000284254347207, 0.00136706919875, -0.00242527411319, 9.83928912319e-05, -0.00127249991056, -0.000458761904156], [0.00204149214551, 0.00509037496522, 0.00116356485523, 0.000746770121623, -0.00167470297311, -0.00235025654547, -0.00100177305285, 0.00149870326277, 0.000149288360262, -0.000205798729439, 0.000423317193054, -0.0016636934597, -0.00150147639215], [0.000991866458207, 0.00116356485523, 0.00954022537917, -0.00391488429159, 0.00325613422319, -0.00427359342575, 0.00253934110515, -0.00419475603849, 0.00157040345948, -0.00131132279057, 0.000586473906878, -0.00265104277059, 0.000131439723191], [-0.00023919683008, 0.000746770121623, -0.00391488429159, 0.0207720641047, -0.00672803446651, 0.00447009271011, -0.00319387484342, -0.000183273776202, -0.00255127530545, 0.00131878256798, -0.000452104082797, -0.00109529006295, -0.00202573742718], [-0.000182852862054, -0.00167470297311, 0.00325613422319, -0.00672803446651, 0.0228501595557, -0.00777385290712, 0.000104391845525, 0.000447542784968, -0.00257791695185, -0.00323234638199, 0.00306082959287, -0.00281918235123, 0.000334374723025], [-0.00183485529851, -0.00235025654547, -0.00427359342575, 0.00447009271011, -0.00777385290712, 0.0286167245358, -0.00874929316342, -0.001949879108, 0.00297619053163, -0.00331077747978, -0.004400013946, 0.00676942197606, -0.00399123691022], [0.000314318283927, -0.00100177305285, 0.00253934110515, -0.00319387484342, 0.000104391845525, -0.00874929316342, 0.0312638953328, -0.0188676826656, 0.00581573788077, 0.00231163878925, -0.00271092029288, -0.0104474574327, 0.00768194394186], [0.000284254347207, 0.00149870326277, -0.00419475603849, -0.000183273776202, 0.000447542784968, -0.001949879108, -0.0188676826656, 0.0429349280894, -0.0182243958116, 0.00601536920294, -0.00435943203047, 0.00205042236485, -0.00140371092129], [0.00136706919875, 0.000149288360262, 0.00157040345948, -0.00255127530545, -0.00257791695185, 0.00297619053163, 0.00581573788077, -0.0182243958116, 0.0442770309746, -0.0213618800044, 0.00542987883091, 0.00322752213106, -0.00722437119111], [-0.00242527411319, -0.000205798729439, -0.00131132279057, 0.00131878256798, -0.00323234638199, -0.00331077747978, 0.00231163878925, 0.00601536920294, -0.0213618800044, 0.0409179106355, -0.0132934292778, -0.00164589402266, -4.0507678932e-05], [9.83928912319e-05, 0.000423317193054, 0.000586473906878, -0.000452104082797, 0.00306082959287, -0.004400013946, -0.00271092029288, -0.00435943203047, 0.00542987883091, -0.0132934292778, 0.038803961128, -0.0189295485616, 0.00404540076852], [-0.00127249991056, -0.0016636934597, -0.00265104277059, -0.00109529006295, -0.00281918235123, 0.00676942197606, -0.0104474574327, 0.00205042236485, 0.00322752213106, -0.00164589402266, -0.0189295485616, 0.0465195216238, -0.0191396847367], [-0.000458761904156, -0.00150147639215, 0.000131439723191, -0.00202573742718, 0.000334374723025, -0.00399123691022, 0.00768194394186, -0.00140371092129, -0.00722437119111, -4.0507678932e-05, 0.00404540076852, -0.0191396847367, 0.0338732860982]]
    spectral_contrast:
        mean: [3.09985296099e-07, -3.87876355035e-07, -2.79055655028e-07, 3.18798214494e-07, -2.59106940348e-07, 1.16090443925e-08, -4.97262999488e-06, -1.07825496798e-06, 2.72656592415e-07, -8.87693374807e-07, 2.36311620938e-06, -1.06869049432e-06]
        var: [0.000142970500747, 0.000398946052883, 0.000764335680287, 0.0013336398406, 0.00207577389665, 0.00319220963866, 0.0296546500176, 0.0641101002693, 0.0934971049428, 0.14670394361, 0.343359589577, 0.877513349056]

rhythm:
    beats_loudness:
        dmean: 0.00323396595195
        dmean2: 0.00598814478144
        dvar: 3.48413550455e-06
        dvar2: 8.54378777149e-06
        max: 0.0120539749041
        mean: 0.00780783919618
        min: 0.00447164010257
        var: 5.2510772548e-06
    beats_loudness_bass:
        dmean: 0.118772059679
        dmean2: 0.230123490095
        dvar: 0.0238496810198
        dvar2: 0.0664432048798
        max: 0.54016405344
        mean: 0.133385106921
        min: 0.0261608101428
        var: 0.0146086672321
    bpm: 115.171516418
    bpm_confidence: 0
    first_peak_bpm: 115
    first_peak_spread: 0
    first_peak_weight: 0.944444417953
    onset_rate: 4.08732128143
    second_peak_bpm: 109
    second_peak_spread: 0
    second_peak_weight: 0.0555555559695
    beats_position: [0.395651698112, 0.915181219578, 1.43471062183, 1.9542402029, 2.47376966476, 2.99329924583, 3.5128288269, 4.03235816956, 4.55188751221, 5.0714173317, 5.59094667435, 6.14272785187, 6.66530323029, 7.18787813187, 7.71045351028, 8.23302841187, 8.75560379028, 9.27817821503, 9.80075359344]
    bpm_estimates: [115.302558899, 115.562767029, 115.515800476, 115.136642456, 115.653045654, 115.866508484, 115.943626404, 115.621803284, 115.046943665, 115.459030151, 115.278388977, 114.105384827, 114.240203857, 114.692192078, 115.395233154, 116.482055664, 115.835845947, 114.561950684, 114.631607056, 114.477333069, 113.792915344]
    bpm_intervals: [0.519529521465, 0.519529402256, 0.51952958107, 0.519529461861, 0.51952958107, 0.51952958107, 0.519529342651, 0.519529342651, 0.519529819489, 0.519529342651, 0.551781177521, 0.522575378418, 0.522574901581, 0.522575378418, 0.522574901581, 0.522575378418, 0.522574424744, 0.522575378418]
    onset_times: [0.0580498874187, 0.371519267559, 0.650158703327, 0.801088452339, 0.905578255653, 1.18421769142, 1.31192743778, 1.42802715302, 1.71827661991, 1.96208620071, 2.20589566231, 2.47292518616, 2.76317453384, 2.99537420273, 3.40172338486, 3.5178232193, 4.02866220474, 4.3073015213, 4.56272125244, 4.841360569, 4.96907043457, 5.08517026901, 5.51473903656, 5.61922883987, 6.14167785645, 6.39709758759, 6.66412687302, 6.96598625183, 7.07047605515, 7.19818592072, 7.61614513397, 7.74385499954, 8.03410434723, 8.2198638916, 8.52172374725, 8.77714252472, 9.06739234924, 9.2067117691, 9.32281208038, 9.61306095123, 9.84526062012]
    rubato_start: []
    rubato_stop: []
    perceptual_tempo: "unknown"

sfx:
    inharmonicity:
        dmean: 0.0355623476207
        dmean2: 0.0657801926136
        dvar: 0.00394835835323
        dvar2: 0.0112406490371
        max: 0.341259717941
        mean: 0.0288061518222
        min: 0
        var: 0.00295789935626
    oddtoevenharmonicenergyratio:
        dmean: 2.89312076569
        dmean2: 5.50706958771
        dvar: 402.015197754
        dvar2: 1202.74951172
        max: 289.399169922
        mean: 1.80912053585
        min: 0
        var: 203.888900757
    pitch_after_max_to_before_max_energy_ratio: 3.32997560501
    pitch_centroid: 236.927185059
    pitch_max_to_total: 0.269767433405
    pitch_min_to_total: 0.341860473156
    tristimulus:
        dmean: [0.217145472765, 0.210257351398, 0.0629080161452]
        dmean2: [0.379793852568, 0.36919760704, 0.113176479936]
        dvar: [0.0340651609004, 0.0334604755044, 0.00425475742668]
        dvar2: [0.0994728282094, 0.0957067534328, 0.0122436843812]
        max: [1, 0.99328070879, 0.572093904018]
        mean: [0.516475915909, 0.398495972157, 0.068867251277]
        min: [0.00171526987106, 0, 0]
        var: [0.0516687184572, 0.0479782409966, 0.00431510573253]

tonal:
    chords_changes_rate: 0.0138888889924
    chords_number_rate: 0.0138888889924
    chords_strength:
        dmean: 0.00611175829545
        dmean2: 0.0072289952077
        dvar: 2.22766084335e-05
        dvar2: 3.41540689988e-05
        max: 0.620858430862
        mean: 0.504953861237
        min: 0.426131814718
        var: 0.000830688804854
    key_strength: 0.793219745159
    tuning_diatonic_strength: 0.66063272953
    tuning_equal_tempered_deviation: 0.074324183166
    tuning_frequency: 444.341888428
    tuning_nontempered_energy_ratio: 0.669921040535
    hpcp:
        dmean: [0.141176059842, 0.217542544007, 0.25532156229, 0.257190167904, 0.256242752075, 0.0966798439622, 0.0507174767554, 0.0372284986079, 0.0426706410944, 0.0477866716683, 0.057542167604, 0.0862985104322, 0.105366036296, 0.07605022192, 0.0752939432859, 0.141417443752, 0.181019350886, 0.21244674921, 0.21565811336, 0.186038866639, 0.0910943374038, 0.0480002909899, 0.0635171607137, 0.0903315544128, 0.100298523903, 0.0777807608247, 0.0636568814516, 0.084435544908, 0.102962128818, 0.0963714793324, 0.0820713788271, 0.0657435357571, 0.0989601835608, 0.113100759685, 0.129455506802, 0.118644699454]
        dmean2: [0.257048338652, 0.393069148064, 0.428389161825, 0.450094163418, 0.448245435953, 0.179129287601, 0.0950731709599, 0.0688983500004, 0.0747025385499, 0.0818306133151, 0.102466009557, 0.145316317677, 0.191350102425, 0.133765280247, 0.140196144581, 0.266943156719, 0.328100830317, 0.340909898281, 0.351684719324, 0.322283118963, 0.164384052157, 0.0856568589807, 0.110306754708, 0.147475466132, 0.154489815235, 0.131091222167, 0.11513043195, 0.15767967701, 0.193198427558, 0.175707682967, 0.150630325079, 0.118020422757, 0.169627472758, 0.198221638799, 0.237107679248, 0.218929365277]
        dvar: [0.049250267446, 0.0693650022149, 0.045081410557, 0.0748331919312, 0.0472613275051, 0.0208499766886, 0.0131735466421, 0.00468677375466, 0.0051756631583, 0.00549645908177, 0.012122746557, 0.0262239985168, 0.0503899678588, 0.0206229928881, 0.0208173915744, 0.0660837069154, 0.0683212503791, 0.0490764118731, 0.0596540719271, 0.0606450475752, 0.035228613764, 0.00803131517023, 0.00847794767469, 0.0133070573211, 0.0156018193811, 0.0102844685316, 0.0149822346866, 0.0350031964481, 0.0425995215774, 0.0305475052446, 0.0279843639582, 0.0122573561966, 0.0284954365343, 0.03725970909, 0.0474507473409, 0.0409878231585]
        dvar2: [0.133044615388, 0.189835682511, 0.129495605826, 0.169010102749, 0.13813598454, 0.0602910220623, 0.0406946837902, 0.0138415088877, 0.0152128404006, 0.0164537727833, 0.0354847088456, 0.0623717345297, 0.113795943558, 0.0533206947148, 0.058429710567, 0.18315051496, 0.190644234419, 0.128696158528, 0.140511080623, 0.161590367556, 0.0962913185358, 0.0224384125322, 0.0228057466447, 0.0326967872679, 0.0330831184983, 0.0286136493087, 0.0404136031866, 0.0995481088758, 0.118659205735, 0.0843465402722, 0.0794711336493, 0.0348906256258, 0.0749173536897, 0.0864758640528, 0.130884408951, 0.116741217673]
        max: [1, 1, 1, 1, 1, 0.832642197609, 0.692973077297, 0.461422920227, 0.606469392776, 0.523709833622, 0.772354245186, 1, 1, 0.745051383972, 1, 1, 1, 1, 1, 1, 1, 0.784931004047, 0.856153190136, 1, 1, 0.648829221725, 0.731397211552, 1, 1, 1, 1, 0.670546352863, 1, 1, 1, 1]
        mean: [0.109428100288, 0.173970803618, 0.486801862717, 0.692917227745, 0.362705796957, 0.068925075233, 0.0396754033864, 0.0356711037457, 0.0478884279728, 0.0561403669417, 0.0573549494147, 0.0926065817475, 0.119076311588, 0.0788537934422, 0.062187936157, 0.0991057083011, 0.150214701891, 0.340057790279, 0.409017562866, 0.21104696393, 0.0707985237241, 0.0431199222803, 0.0637536048889, 0.136560440063, 0.164880588651, 0.0957202613354, 0.0514841564, 0.0582503415644, 0.0693647041917, 0.0819411277771, 0.0726083964109, 0.0583724044263, 0.0969202890992, 0.131083071232, 0.117122836411, 0.0969408452511]
        min: [0.000869855983183, 0.000573905766942, 0.0069161397405, 0.0192849244922, 0.01174974069, 0.000317888945574, 0.00108407717198, 0.000804355484433, 0.00123594293837, 0.000494881591294, 0.000999334966764, 0.00137119495776, 0.00194296159316, 0.00252917967737, 0.00260859052651, 0.00201837485656, 0.00355519144796, 0.00259153568186, 0.00260343076661, 0.00166204455309, 0.00142271595541, 0.00106700847391, 0.000996316899545, 0.00242231111042, 0.00252764276229, 0.00144545221701, 0.000589245755691, 0.000288005219772, 0.000727472710423, 0.00145403807983, 0.002053784905, 0.0024909125641, 0.00213469821028, 0.00202355301008, 0.0010966375703, 0.00110282655805]
        var: [0.0385763198137, 0.0593612231314, 0.0786024406552, 0.116172887385, 0.0655676499009, 0.0146819828078, 0.00749084120616, 0.00298039219342, 0.00397547474131, 0.00453043123707, 0.00884357187897, 0.0297704450786, 0.0639684349298, 0.0228434186429, 0.0129636945203, 0.041400000453, 0.0519076175988, 0.0914172157645, 0.131210714579, 0.0652413889766, 0.0245344359428, 0.00568722421303, 0.00865245889872, 0.0264428295195, 0.0342807844281, 0.0113870482892, 0.0111812772229, 0.020882865414, 0.0274974349886, 0.0219479575753, 0.0178782958537, 0.00819651037455, 0.0266952421516, 0.0562155507505, 0.050172239542, 0.0285938233137]
    chords_histogram: [96.296295166, 0, 0, 0, 0, 0, 0, 0, 0, 0, 0, 0, 0, 0, 0, 0, 0, 1.38888883591, 0, 2.31481480598, 0, 0, 0, 0]
    thpcp: [1, 0.52344751358, 0.0994708612561, 0.0572585016489, 0.0514796040952, 0.0691113248467, 0.0810203105211, 0.0827731639147, 0.133647397161, 0.171847820282, 0.113799728453, 0.0897480025887, 0.143026769161, 0.216785922647, 0.490762501955, 0.590283453465, 0.304577440023, 0.102174572647, 0.0622295439243, 0.0920075327158, 0.19708044827, 0.237951353192, 0.138140976429, 0.0743005871773, 0.0840653702617, 0.100105322897, 0.118255287409, 0.104786537588, 0.0842415243387, 0.139872819185, 0.189175650477, 0.169028609991, 0.139902487397, 0.157923772931, 0.25107011199, 0.702539682388]
    chords_key: "D#"
    chords_scale: "major"
    key_key: "D#"
    key_scale: "major"
    chords_progression: ["D#", "D#", "D#", "D#", "D#", "D#", "D#", "D#", "D#", "D#", "D#", "D#", "D#", "D#", "D#", "D#", "D#", "D#", "D#", "D#", "D#", "D#", "D#", "D#", "D#", "D#", "D#", "D#", "D#", "D#", "D#", "D#", "D#", "D#", "D#", "D#", "D#", "D#", "D#", "D#", "D#", "D#", "D#", "D#", "D#", "D#", "D#", "D#", "D#", "D#", "D#", "D#", "D#", "D#", "D#", "D#", "D#", "D#", "D#", "D#", "D#", "D#", "D#", "D#", "D#", "D#", "D#", "D#", "D#", "D#", "D#", "D#", "D#", "D#", "D#", "D#", "D#", "D#", "D#", "D#", "D#", "D#", "D#", "D#", "D#", "D#", "D#", "D#", "D#", "D#", "D#", "D#", "D#", "D#", "D#", "D#", "D#", "D#", "D#", "D#", "D#", "D#", "D#", "D#", "D#", "D#", "D#", "D#", "D#", "D#", "D#", "D#", "D#", "D#", "D#", "D#", "D#", "D#", "D#", "D#", "D#", "D#", "D#", "D#", "D#", "D#", "D#", "D#", "D#", "D#", "D#", "D#", "D#", "D#", "D#", "D#", "D#", "D#", "D#", "D#", "D#", "D#", "D#", "D#", "D#", "D#", "D#", "D#", "D#", "D#", "D#", "D#", "D#m", "D#m", "D#m", "D#", "D#", "D#", "D#", "D#", "D#", "D#", "D#", "D#", "D#", "D#", "D#", "D#", "D#", "D#", "D#", "D#", "D#", "D#", "D#", "D#", "D#", "D#", "D#", "D#", "D#", "D#", "D#", "D#", "D#", "D#", "D#", "D#", "D#", "D#", "D#", "D#", "D#", "D#", "D#", "D#", "D#", "D#", "D#", "D#", "D#", "D#", "D#", "D#", "D#", "D#", "D#", "D#", "D#", "D#", "D#", "A#m", "A#m", "A#m", "A#m", "A#m"]
