
metadata:
    version:
        essentia: "1.2.2"
    audio_properties:
        analysis_sample_rate: 44100
        bitrate: 128
        channels: 2
        equal_loudness: 1
        length: 10.0310201645
        replay_gain: -10.1981220245
        downmix: "mix"
    tags:
        track: 3
        year: 0
        album: "Splitted by Mp3Splt v. 2.1"
        artist: "From 000.20 To 000.30"
        comment: "http://mp3splt.sf.net"
        genre: ""
        title: "09 On the Bridge.mp3"

highlevel:
    ballroom:
        all:
            ChaChaCha: 2.43218128162e-05
            Jive: 1.14940776257e-05
            Quickstep: 4.28872699558e-05
            Rumba-American: 0.000404537684517
            Rumba-International: 0.00575673300773
            Rumba-Misc: 0.0148484287784
            Samba: 1.6365227566e-05
            Tango: 0.00160259986296
            VienneseWaltz: 0.0252542868257
            Waltz: 0.952038347721
        probability: 0.952038347721
        value: "Waltz"
    culture:
        all:
            non_western: 0.0275552459061
            western: 0.97244477272
        probability: 0.97244477272
        value: "western"
    gender:
        all:
            female: 0.817050814629
            male: 0.18294917047
        probability: 0.817050814629
        value: "female"
    genre_dortmund:
        all:
            alternative: 0.0809006392956
            blues: 0.000871793366969
            electronic: 0.537225902081
            folkcountry: 0.106253117323
            funksoulrnb: 0.00458766892552
            jazz: 0.218867510557
            pop: 0.0417955853045
            raphiphop: 0.000101400139101
            rock: 0.00939637050033
        probability: 0.537225902081
        value: "electronic"
    genre_electronica:
        all:
            ambient: 0.984109640121
            dnb: 0.000633593357634
            house: 0.00949353538454
            techno: 0.00114086898975
            trance: 0.0046223802492
        probability: 0.984109640121
        value: "ambient"
    genre_rosamerica:
        all:
            cla: 0.932039499283
            dan: 0.00286570354365
            hip: 0.00129452883266
            jaz: 0.0476204492152
            pop: 0.00368013139814
            rhy: 0.00605418486521
            roc: 0.00438343267888
            spe: 0.00206207972951
        probability: 0.932039499283
        value: "cla"
    genre_tzanetakis:
        all:
            blu: 0.00803219061345
            cla: 0.87619549036
            cou: 0.00442291237414
            dis: 0.00502885319293
            hip: 0.00269609573297
            jaz: 0.0755642279983
            met: 0.00445521483198
            pop: 0.00731510017067
            reg: 0.00904177408665
            roc: 0.00724813807756
        probability: 0.87619549036
        value: "cla"
    live_studio:
        all:
            live: 0.0945819318295
            studio: 0.905418097973
        probability: 0.905418097973
        value: "studio"
    mood:
        all:
            Cluster1: 0.0168949924409
            Cluster2: 0.113666951656
            Cluster3: 0.822818100452
            Cluster4: 0.041794333607
            Cluster5: 0.00482562324032
        probability: 0.822818100452
        value: "Cluster3"
    mood_acoustic:
        all:
            acoustic: 0.654039621353
            not_acoustic: 0.345960378647
        probability: 0.654039621353
        value: "acoustic"
    mood_aggressive:
        all:
            aggressive: 1.54139343067e-07
            not_aggressive: 0.999999821186
        probability: 0.999999821186
        value: "not_aggressive"
    mood_electronic:
        all:
            electronic: 0.290789812803
            not_electronic: 0.709210216999
        probability: 0.709210216999
        value: "not_electronic"
    mood_happy:
        all:
            happy: 0.0281191449612
            not_happy: 0.971880853176
        probability: 0.971880853176
        value: "not_happy"
    mood_party:
        all:
            not_party: 0.99316161871
            party: 0.00683839386329
        probability: 0.99316161871
        value: "not_party"
    mood_relaxed:
        all:
            not_relaxed: 0.0149012664333
            relaxed: 0.985098719597
        probability: 0.985098719597
        value: "relaxed"
    mood_sad:
        all:
            not_sad: 0.0409429594874
            sad: 0.959057033062
        probability: 0.959057033062
        value: "sad"
    rhythm:
        all:
            fast: 0.0230826698244
            medium: 0.574685811996
            slow: 0.402231544256
        probability: 0.574685811996
        value: "medium"
    speech_music:
        all:
            music: 0.994405448437
            speech: 0.00559453619644
        probability: 0.994405448437
        value: "music"
    timbre:
        all:
            bright: 0.421770960093
            dark: 0.578229010105
        probability: 0.578229010105
        value: "dark"
    voice_instrumental:
        all:
            instrumental: 0.999995589256
            voice: 4.43191538579e-06
        probability: 0.999995589256
        value: "instrumental"

lowlevel:
    average_loudness: 0.960470318794
    barkbands_kurtosis:
        dmean: 2.08717131615
        dmean2: 2.98903942108
        dvar: 5.70168399811
        dvar2: 11.9972686768
        max: 31.9970703125
        mean: 8.29141235352
        min: -1.29419410229
        var: 38.6980895996
    barkbands_skewness:
        dmean: 0.303550332785
        dmean2: 0.417441278696
        dvar: 0.101438894868
        dvar2: 0.209461972117
        max: 4.95275211334
        mean: 2.65708494186
        min: -0.0758327692747
        var: 1.10056269169
    barkbands_spread:
        dmean: 1.28213214874
        dmean2: 1.7963244915
        dvar: 1.9605383873
        dvar2: 3.79073667526
        max: 22.5687427521
        mean: 8.17954349518
        min: 1.6704158783
        var: 13.1360244751
    dissonance:
        dmean: 0.0276387315243
        dmean2: 0.0448462367058
        dvar: 0.000591314281337
        dvar2: 0.00146467622835
        max: 0.45803669095
        mean: 0.366567850113
        min: 0.196205064654
        var: 0.00161942478735
    hfc:
        dmean: 0.223119556904
        dmean2: 0.252682000399
        dvar: 0.0989497900009
        dvar2: 0.114384382963
        max: 6.55312395096
        mean: 1.55314254761
        min: 0.0804286375642
        var: 1.24566578865
    pitch:
        dmean: 19.9222126007
        dmean2: 39.289226532
        dvar: 3535.05834961
        dvar2: 7829
        max: 373.728820801
        mean: 255.26940918
        min: 73.6227035522
        var: 6452.71972656
    pitch_instantaneous_confidence:
        dmean: 0.0343149900436
        dmean2: 0.0456937626004
        dvar: 0.0032818573527
        dvar2: 0.00672295596451
        max: 0.954948365688
        mean: 0.757106840611
        min: 0.2599568367
        var: 0.0245893616229
    pitch_salience:
        dmean: 0.0401306822896
        dmean2: 0.0531144365668
        dvar: 0.00232212035917
        dvar2: 0.00444639148191
        max: 0.762419164181
        mean: 0.422165066004
        min: 0.150925353169
        var: 0.0184240341187
    silence_rate_20dB:
        dmean: 0
        dmean2: 0
        dvar: 0
        dvar2: 0
        max: 1
        mean: 1
        min: 1
        var: 0
    silence_rate_30dB:
        dmean: 0
        dmean2: 0
        dvar: 0
        dvar2: 0
        max: 1
        mean: 1
        min: 1
        var: 0
    silence_rate_60dB:
        dmean: 0.0696055665612
        dmean2: 0.139534890652
        dvar: 0.064760453999
        dvar2: 0.129367306828
        max: 1
        mean: 0.631944417953
        min: 0
        var: 0.232591167092
    spectral_centroid:
        dmean: 36.0402412415
        dmean2: 49.450088501
        dvar: 2252.93212891
        dvar2: 4142.96923828
        max: 1106.25476074
        mean: 511.264801025
        min: 317.223754883
        var: 19836.5332031
    spectral_complexity:
        dmean: 0.755244731903
        dmean2: 1.24299061298
        dvar: 0.720980703831
        dvar2: 1.60917937756
        max: 10
        mean: 4.55348825455
        min: 0
        var: 3.23783779144
    spectral_crest:
        dmean: 1.19165503979
        dmean2: 1.55940485001
        dvar: 1.80764377117
        dvar2: 3.64410424232
        max: 21.4497661591
        mean: 14.9496231079
        min: 5.03125858307
        var: 16.6502971649
    spectral_decrease:
        dmean: 1.36489056168e-10
        dmean2: 1.32817756793e-10
        dvar: 4.671647266e-20
        dvar2: 3.9367984275e-20
        max: -3.15235511306e-11
        mean: -8.45915615333e-10
        min: -4.87936446802e-09
        var: 5.7059001372e-19
    spectral_energy:
        dmean: 0.000533401151188
        dmean2: 0.000519624911249
        dvar: 7.08534400928e-07
        dvar2: 6.02471857292e-07
        max: 0.0189745016396
        mean: 0.00333355274051
        min: 0.000126272178022
        var: 8.68098777573e-06
    spectral_energyband_high:
        dmean: 1.24737402984e-06
        dmean2: 1.77365723175e-06
        dvar: 5.27980610621e-12
        dvar2: 9.16678712104e-12
        max: 3.6286222894e-05
        mean: 3.9178521547e-06
        min: 6.09720274269e-08
        var: 1.85393297936e-11
    spectral_energyband_low:
        dmean: 1.30222963435e-06
        dmean2: 1.97355439013e-06
        dvar: 3.10867200037e-11
        dvar2: 6.25713578173e-11
        max: 0.000135347989271
        mean: 4.32637489212e-06
        min: 2.71097233551e-09
        var: 1.98001309792e-10
    spectral_energyband_middle_high:
        dmean: 6.87345309416e-05
        dmean2: 9.31995309656e-05
        dvar: 6.59040155782e-09
        dvar2: 1.11067715025e-08
        max: 0.0015710007865
        mean: 0.000354210002115
        min: 1.77035235538e-05
        var: 9.09220574385e-08
    spectral_energyband_middle_low:
        dmean: 0.000505156174768
        dmean2: 0.000486667471705
        dvar: 6.75904118452e-07
        dvar2: 5.53216068511e-07
        max: 0.0185926835984
        mean: 0.00297109852545
        min: 0.00010462958744
        var: 8.16891861177e-06
    spectral_flatness_db:
        dmean: 0.0146640073508
        dmean2: 0.0207813214511
        dvar: 0.000233090177062
        dvar2: 0.000441543816123
        max: 0.474491119385
        mean: 0.328244715929
        min: 0.147941470146
        var: 0.00195699837059
    spectral_flux:
        dmean: 0.00377196446061
        dmean2: 0.00574385328218
        dvar: 3.66771673725e-05
        dvar2: 7.13382978574e-05
        max: 0.0728646367788
        mean: 0.0107809528708
        min: 0.00291512929834
        var: 6.26929686405e-05
    spectral_kurtosis:
        dmean: 7.36103487015
        dmean2: 12.6160697937
        dvar: 45.9934883118
        dvar2: 135.089355469
        max: 54.0754928589
        mean: 19.0719013214
        min: 4.13619422913
        var: 82.540145874
    spectral_rms:
        dmean: 0.000133777575684
        dmean2: 0.000134738977067
        dvar: 2.74576752446e-08
        dvar2: 3.14897690146e-08
        max: 0.00430252356455
        mean: 0.00167222018354
        min: 0.000350987713318
        var: 4.55926425502e-07
    spectral_rolloff:
        dmean: 86.132774353
        dmean2: 136.645172119
        dvar: 29805.1796875
        dvar2: 55165.6835938
        max: 2196.38671875
        mean: 669.682128906
        min: 301.46484375
        var: 164578.671875
    spectral_skewness:
        dmean: 0.515278220177
        dmean2: 0.870832502842
        dvar: 0.202466145158
        dvar2: 0.581613540649
        max: 5.57532501221
        mean: 3.02400755882
        min: 1.56336534023
        var: 0.422362565994
    spectral_spread:
        dmean: 210952.296875
        dmean2: 336866.6875
        dvar: 139961909248
        dvar2: 183691345920
        max: 9277438
        mean: 2003484.125
        min: 1012869.4375
        var: 270811070464
    spectral_strongpeak:
        dmean: 0.0845059156418
        dmean2: 0.125796079636
        dvar: 0.0138551332057
        dvar2: 0.0290665477514
        max: 1.81101632118
        mean: 0.503306984901
        min: 0.0412468723953
        var: 0.0781015008688
    zerocrossingrate:
        dmean: 0.00351699092425
        dmean2: 0.00407281331718
        dvar: 1.12781099233e-05
        dvar2: 1.40534411912e-05
        max: 0.0673828125
        mean: 0.0285928416997
        min: 0.01220703125
        var: 0.00010227826715
    barkbands:
        dmean: [7.22895077132e-09, 1.27890785961e-07, 1.22109577205e-06, 9.62785406955e-07, 0.000311935757054, 0.000199205605895, 1.06627749119e-05, 8.40455686557e-05, 1.27694738694e-05, 2.63709007413e-05, 1.33005710268e-06, 9.28969348024e-06, 2.67865307251e-05, 1.62009673659e-05, 1.69233753695e-05, 9.14478368941e-06, 5.76680758968e-06, 9.26187931327e-06, 6.18838294031e-06, 2.04506591217e-06, 5.93497190948e-07, 1.24656963862e-07, 2.78703602419e-08, 6.16972339884e-09, 1.15908060927e-09, 1.50132128951e-10, 1.49229961721e-10]
        dmean2: [7.74395303438e-09, 2.13428180018e-07, 1.82832002338e-06, 1.53660232627e-06, 0.000262555578956, 0.000239563654759, 1.68366586877e-05, 9.75488655968e-05, 1.62877440744e-05, 3.54554322257e-05, 2.04046773433e-06, 1.1215513041e-05, 3.64651496056e-05, 2.45100363827e-05, 2.42389578489e-05, 1.39186431625e-05, 8.84200471774e-06, 1.44186988109e-05, 8.79769595485e-06, 3.04622290059e-06, 8.57593249748e-07, 1.74543643539e-07, 4.10713525412e-08, 9.00003893634e-09, 1.70362102203e-09, 2.02920846792e-10, 1.99425642666e-10]
        dvar: [1.84064782594e-14, 1.48919979538e-13, 2.87278933281e-11, 5.33709274692e-12, 3.7805770603e-07, 1.15633319808e-07, 7.6536382787e-10, 1.7149638154e-08, 1.21998178226e-09, 1.89065318956e-09, 1.7784251502e-11, 3.13314374445e-10, 1.30380284347e-09, 8.89732398868e-10, 4.14726336606e-10, 1.97538471691e-10, 5.71227648516e-11, 1.81821863121e-10, 6.61421820092e-11, 9.63495429274e-12, 1.41996104545e-12, 3.70413369302e-14, 2.16609575667e-15, 8.94748761628e-17, 5.32956604571e-18, 2.64315700613e-18, 3.05022457968e-18]
        dvar2: [1.84352434983e-14, 3.38659005353e-13, 5.59004613432e-11, 1.19857613418e-11, 2.25114462182e-07, 1.92171398794e-07, 1.61502233809e-09, 2.46571083551e-08, 1.88467175199e-09, 3.37585714938e-09, 3.38465470928e-11, 4.00384614352e-10, 2.1831001451e-09, 1.81340598093e-09, 7.86011311593e-10, 3.80385639653e-10, 1.43405273767e-10, 4.02872180061e-10, 1.22136301073e-10, 2.02964017121e-11, 2.78770019221e-12, 8.02934243616e-14, 4.39076426517e-15, 1.79755227719e-16, 8.60070389043e-18, 2.65914640737e-18, 3.0685360837e-18]
        max: [2.81520601675e-06, 5.42576071894e-06, 0.000131673936266, 3.26379449689e-05, 0.0145238507539, 0.00593596696854, 0.000345329055563, 0.00213224766776, 0.00103528343607, 0.000859322433826, 7.36539950594e-05, 0.00037741457345, 0.000526494695805, 0.000604501517955, 0.000280918640783, 0.000145754500409, 6.91380046192e-05, 0.0001848374377, 0.000116789349704, 4.25423058914e-05, 2.33040118474e-05, 2.1446583105e-06, 7.61109617997e-07, 1.5805873943e-07, 3.67483572461e-08, 3.37807648521e-08, 3.625885725e-08]
        mean: [7.18187287418e-09, 1.75209265763e-07, 4.14747819377e-06, 1.93163486983e-06, 0.00167421763763, 0.0010260946583, 3.0400857213e-05, 0.000201659320737, 3.64958978025e-05, 7.46352889109e-05, 4.22902576247e-06, 3.02115677187e-05, 8.54584868648e-05, 4.13672678405e-05, 4.31310982094e-05, 1.73315220309e-05, 1.14707308967e-05, 2.79906016658e-05, 1.57214763021e-05, 4.84397878608e-06, 1.56366422743e-06, 3.73446823687e-07, 7.63781571322e-08, 1.94969445033e-08, 2.99178548602e-09, 2.13489392831e-10, 1.40617795186e-10]
        min: [1.92791008852e-12, 8.59886384319e-10, 1.73442071816e-09, 4.92318275036e-09, 3.15470933856e-05, 1.44783671203e-05, 1.28126615095e-07, 4.48020500698e-07, 2.46945148774e-07, 7.94788434177e-07, 2.06003463177e-08, 1.04498958819e-07, 5.00546320836e-07, 3.38119747312e-07, 2.8947678743e-07, 4.31109327792e-07, 4.75280415912e-07, 5.63248136132e-07, 4.31839481507e-07, 1.35961130354e-07, 1.67794755868e-08, 2.35517472191e-09, 6.29535701346e-10, 1.92506760532e-10, 4.64962270075e-11, 2.5014838291e-12, 4.42280159233e-15]
        var: [1.83808317959e-14, 1.56979044021e-13, 1.9158014064e-10, 1.52665224212e-11, 5.17049738846e-06, 9.79737251328e-07, 1.97096694521e-09, 7.75737234449e-08, 9.86065096242e-09, 1.89926900873e-08, 5.39258256105e-11, 2.02045513653e-09, 7.64602070547e-09, 7.2964367881e-09, 1.95374760814e-09, 4.29288299353e-10, 1.44980777383e-10, 1.03341424307e-09, 2.72532996171e-10, 2.93045414324e-11, 4.62882119787e-12, 1.31877541114e-13, 9.71177145323e-15, 3.33387377009e-16, 1.16849543378e-17, 2.64193836229e-18, 3.04817958241e-18]
    mfcc:
        mean: [-861.808349609, 180.521591187, -87.3439407349, 25.575460434, -33.4775352478, -29.844247818, -34.4740867615, -34.7390136719, -43.5035324097, -15.554558754, -18.4262619019, -17.904214859, -12.6915769577]
        cov: [[1042.58447266, -446.993591309, -128.898193359, -32.9692840576, 19.4172782898, 8.70876502991, -32.7428398132, -23.4156665802, -118.859741211, -78.1443405151, 91.8645706177, -43.9894523621, -32.8415184021], [-446.993591309, 731.360961914, 119.927833557, -30.0718288422, 13.7979574203, 82.2673034668, 193.991027832, 96.1428375244, 131.967269897, 173.028594971, 38.1518859863, 19.60871315, 31.8897399902], [-128.898193359, 119.927833557, 166.455444336, 134.870452881, 46.1506958008, 0.519506633282, 7.365858078, 64.3016967773, 66.6551818848, -1.36029648781, -0.562593817711, 28.3085575104, 0.510552942753], [-32.9692840576, -30.0718288422, 134.870452881, 242.692428589, 90.1955337524, -12.6531553268, -51.3208732605, 43.0023155212, 47.3401565552, -69.7748031616, -13.9945430756, 31.8561077118, -17.187789917], [19.4172782898, 13.7979574203, 46.1506958008, 90.1955337524, 120.200553894, 30.8547611237, -17.7662296295, 37.5500106812, 15.9585189819, -33.4938011169, 3.84497666359, 14.6735229492, -0.252813667059], [8.70876502991, 82.2673034668, 0.519506633282, -12.6531553268, 30.8547611237, 136.071517944, 106.71559906, 18.2577648163, 35.5158462524, 61.4218711853, 34.6458244324, -15.2802095413, -1.47373604774], [-32.7428398132, 193.991027832, 7.365858078, -51.3208732605, -17.7662296295, 106.71559906, 234.159713745, 37.5229263306, 42.6777801514, 122.772537231, 53.98462677, -9.07653713226, -23.5360298157], [-23.4156665802, 96.1428375244, 64.3016967773, 43.0023155212, 37.5500106812, 18.2577648163, 37.5229263306, 131.203140259, 53.2692947388, 0.200293153524, 31.2786178589, 10.7140102386, -8.7921962738], [-118.859741211, 131.967269897, 66.6551818848, 47.3401565552, 15.9585189819, 35.5158462524, 42.6777801514, 53.2692947388, 156.899658203, 46.6503257751, -0.51541686058, 12.1285238266, -12.3560991287], [-78.1443405151, 173.028594971, -1.36029648781, -69.7748031616, -33.4938011169, 61.4218711853, 122.772537231, 0.200293153524, 46.6503257751, 196.47479248, 40.3915176392, -16.5194740295, -14.3445949554], [91.8645706177, 38.1518859863, -0.562593817711, -13.9945430756, 3.84497666359, 34.6458244324, 53.98462677, 31.2786178589, -0.51541686058, 40.3915176392, 100.292831421, -12.7134065628, -22.1588726044], [-43.9894523621, 19.60871315, 28.3085575104, 31.8561077118, 14.6735229492, -15.2802095413, -9.07653713226, 10.7140102386, 12.1285238266, -16.5194740295, -12.7134065628, 63.9383888245, 10.8244848251], [-32.8415184021, 31.8897399902, 0.510552942753, -17.187789917, -0.252813667059, -1.47373604774, -23.5360298157, -8.7921962738, -12.3560991287, -14.3445949554, -22.1588726044, 10.8244848251, 84.25340271]]
        icov: [[0.0017106605228, 0.00113556510769, 0.000612788251601, 6.68136271997e-05, -0.000725069723558, 0.000206027048989, -0.000578819541261, -0.000222608025069, 0.000189032376511, 0.00020720619068, -0.00176338024903, 0.000428323459346, -0.000392382760765], [0.00113556510769, 0.00351990107447, -0.00186715344898, 0.00162746699061, -0.00161834899336, 0.000986179569736, -0.00199570693076, -0.000566441216506, -0.000954105402343, -0.00107956759166, -0.00114115898032, 0.000114333037345, -0.00178907474037], [0.000612788251601, -0.00186715344898, 0.0177481491119, -0.0101053128019, 0.00169285864104, 0.00122157484293, -9.10497910809e-05, -0.00403992878273, -0.00112503906712, -0.00152081681881, -0.000323147978634, -0.0011661258759, -0.00200312910601], [6.68136271997e-05, 0.00162746699061, -0.0101053128019, 0.0131975077093, -0.00592371588573, 0.000528735225089, 0.000109210006485, 0.00198862794787, -0.00169514294248, 0.00250191474333, -6.93186520948e-05, -0.000883481290657, 0.0026657350827], [-0.000725069723558, -0.00161834899336, 0.00169285864104, -0.00592371588573, 0.0160594154149, -0.00708334567025, 0.00388596090488, -0.00328046060167, 0.00188418233301, 0.000831860641483, 0.000773782143369, -0.00218149274588, 0.000680431607179], [0.000206027048989, 0.000986179569736, 0.00122157484293, 0.000528735225089, -0.00708334567025, 0.0163040179759, -0.00762178422883, 0.00177005468868, -0.00316798943095, -0.00086142757209, -0.00227936124429, 0.00370625080541, -0.00355988740921], [-0.000578819541261, -0.00199570693076, -9.10497910809e-05, 0.000109210006485, 0.00388596090488, -0.00762178422883, 0.0114689962938, -0.00211746897548, 0.00143992376979, -0.00280452985317, -0.000107951171231, -0.00212408369407, 0.00339198438451], [-0.000222608025069, -0.000566441216506, -0.00403992878273, 0.00198862794787, -0.00328046060167, 0.00177005468868, -0.00211746897548, 0.0128657631576, -0.00328306178562, 0.00287353363819, -0.00377250905149, 9.64828577708e-05, 0.000333176547429], [0.000189032376511, -0.000954105402343, -0.00112503906712, -0.00169514294248, 0.00188418233301, -0.00316798943095, 0.00143992376979, -0.00328306178562, 0.0104696787894, -0.00221614050679, 0.00248111924157, -0.00108283699956, 0.00205546547659], [0.00020720619068, -0.00107956759166, -0.00152081681881, 0.00250191474333, 0.000831860641483, -0.00086142757209, -0.00280452985317, 0.00287353363819, -0.00221614050679, 0.0103442901745, -0.00233894633129, 0.00104895106051, 0.00119909620844], [-0.00176338024903, -0.00114115898032, -0.000323147978634, -6.93186520948e-05, 0.000773782143369, -0.00227936124429, -0.000107951171231, -0.00377250905149, 0.00248111924157, -0.00233894633129, 0.0157737769186, 0.000712786626536, 0.00329362461343], [0.000428323459346, 0.000114333037345, -0.0011661258759, -0.000883481290657, -0.00218149274588, 0.00370625080541, -0.00212408369407, 9.64828577708e-05, -0.00108283699956, 0.00104895106051, 0.000712786626536, 0.0190188139677, -0.00281068566255], [-0.000392382760765, -0.00178907474037, -0.00200312910601, 0.0026657350827, 0.000680431607179, -0.00355988740921, 0.00339198438451, 0.000333176547429, 0.00205546547659, 0.00119909620844, 0.00329362461343, -0.00281068566255, 0.015604137443]]
    spectral_contrast:
        mean: [-3.75794087404e-07, 7.55800755314e-08, 5.5506824026e-08, 4.12138405181e-07, -4.09816578895e-07, -1.56704771825e-07, 2.26705583373e-06, 3.77879587177e-06, -3.49234710484e-06, 1.85079352377e-06, -3.97161011279e-06, -2.21452046389e-06]
        var: [0.000161130315973, 0.000658700766508, 0.000834573933389, 0.00142579560634, 0.00499321660027, 0.00588741526008, 0.0408197492361, 0.0729430168867, 0.121667012572, 0.227194055915, 0.265882611275, 0.808144152164]

rhythm:
    beats_loudness:
        dmean: 0.00356708141044
        dmean2: 0.00622948817909
        dvar: 1.38109880936e-05
        dvar2: 2.90417738142e-05
        max: 0.0151647971943
        mean: 0.00413480959833
        min: 0.000469443708425
        var: 1.24581411001e-05
    beats_loudness_bass:
        dmean: 0.00224572257139
        dmean2: 0.00414511794224
        dvar: 1.98566085601e-05
        dvar2: 4.95526001032e-05
        max: 0.0198831874877
        mean: 0.00223057763651
        min: 9.45614647208e-06
        var: 2.44450493483e-05
    bpm: 105.550491333
    bpm_confidence: 0
    first_peak_bpm: 106
    first_peak_spread: 0
    first_peak_weight: 0.5
    onset_rate: 1.99381506443
    second_peak_bpm: 141
    second_peak_spread: 0
    second_peak_weight: 0.444444447756
    beats_position: [0.377308279276, 0.945766329765, 1.51422441006, 2.08268237114, 2.65114045143, 3.21959853172, 3.78805661201, 4.35651445389, 4.92497253418, 5.49343061447, 6.23145961761, 6.65694093704, 7.08242177963, 7.50790214539, 7.93338441849, 8.35886478424, 8.78434658051, 9.20982646942, 9.63530921936]
    bpm_estimates: [105.989707947, 105.111274719]
    bpm_intervals: [0.568458080292, 0.568458080292, 0.568457961082, 0.568458080292, 0.568458080292, 0.568458080292, 0.568457841873, 0.568458080292, 0.568458080292, 0.738029003143, 0.425481319427, 0.42548084259, 0.425480365753, 0.425482273102, 0.425480365753, 0.425481796265, 0.425479888916, 0.425482749939]
    onset_times: [0.0464399084449, 0.325079351664, 1.6137868166, 1.764716506, 2.43809533119, 2.67029476166, 2.71673464775, 3.29723358154, 3.92417240143, 4.96907043457, 5.42185926437, 6.71056699753, 6.87310647964, 6.94276666641, 7.37233543396, 7.53487539291, 9.05578231812, 9.18349170685, 9.61306095123, 10.0310201645]
    rubato_start: [6.65694093704]
    rubato_stop: [9.63530921936]
    perceptual_tempo: "unknown"

sfx:
    inharmonicity:
        dmean: 0.0310225877911
        dmean2: 0.0559584535658
        dvar: 0.00486593600363
        dvar2: 0.0137726813555
        max: 0.435517698526
        mean: 0.0274484939873
        min: 3.66365238733e-05
        var: 0.00489435531199
    oddtoevenharmonicenergyratio:
        dmean: 20.9874210358
        dmean2: 41.3120307922
        dvar: 7166.31835938
        dvar2: 20786.1582031
        max: 769.792541504
        mean: 12.7370529175
        min: 3.14398494083e-05
        var: 4395.91210938
    pitch_after_max_to_before_max_energy_ratio: 0.874351799488
    pitch_centroid: 216.647735596
    pitch_max_to_total: 0.534883737564
    pitch_min_to_total: 0.793023228645
    tristimulus:
        dmean: [0.136318445206, 0.159423172474, 0.0233821142465]
        dmean2: [0.237498998642, 0.280272096395, 0.0426709279418]
        dvar: [0.050322137773, 0.0618989989161, 0.00386255141348]
        dvar2: [0.138158321381, 0.177286848426, 0.0111938100308]
        max: [0.953726708889, 0.994899332523, 0.732533216476]
        mean: [0.546478390694, 0.412178069353, 0.0240209382027]
        min: [0.000440681469627, 0, 0]
        var: [0.0725409910083, 0.0669708624482, 0.00246919179335]

tonal:
    chords_changes_rate: 0.0462962947786
    chords_number_rate: 0.0231481473893
    chords_strength:
        dmean: 0.0046965405345
        dmean2: 0.00337151577696
        dvar: 2.10126381717e-05
        dvar2: 1.56249006977e-05
        max: 0.666278421879
        mean: 0.514130234718
        min: 0.41942307353
        var: 0.00697412760928
    key_strength: 0.760833859444
    tuning_diatonic_strength: 0.529626429081
    tuning_equal_tempered_deviation: 0.0349568650126
    tuning_frequency: 441.782684326
    tuning_nontempered_energy_ratio: 0.626434445381
    hpcp:
        dmean: [0.0398987866938, 0.0171661004424, 0.00284334807657, 0.00222299504094, 0.00478927884251, 0.0282126031816, 0.0403663404286, 0.0174707993865, 0.00635125115514, 0.0046300208196, 0.00429023709148, 0.0657325983047, 0.0365672148764, 0.101324185729, 0.0806135237217, 0.03500649333, 0.0375014431775, 0.011499999091, 0.00730138877407, 0.0123614976183, 0.0234968923032, 0.0275243092328, 0.012943922542, 0.00716503756121, 0.0130901532248, 0.021660046652, 0.0616729557514, 0.0788315609097, 0.0296616982669, 0.00279550999403, 0.0011524243746, 0.00157500861678, 0.00393266789615, 0.00565771618858, 0.00672364141792, 0.0286916960031]
        dmean2: [0.0533138550818, 0.0217267926782, 0.00380595191382, 0.00300441030413, 0.00801431760192, 0.0445736050606, 0.0637591928244, 0.027718603611, 0.0116134155542, 0.0083164870739, 0.00673121772707, 0.0894002094865, 0.0646966993809, 0.155141860247, 0.133596822619, 0.0573412999511, 0.0591447651386, 0.0201044119895, 0.0127034969628, 0.0186123177409, 0.0358582958579, 0.0440591871738, 0.0199663508683, 0.0110351247713, 0.0218433085829, 0.0344753749669, 0.0841237157583, 0.107475988567, 0.0428513661027, 0.00421853829175, 0.00185676652472, 0.00266050733626, 0.00580292707309, 0.0080791907385, 0.0100049423054, 0.0392112582922]
        dvar: [0.00605000182986, 0.000855837424751, 3.07018854073e-05, 2.3671427698e-05, 4.84890551888e-05, 0.00680279964581, 0.0178412850946, 0.0035786642693, 0.000795635627583, 0.000470279541332, 5.68329523958e-05, 0.00676767900586, 0.0159471761435, 0.017241017893, 0.0192607939243, 0.0101124811918, 0.00666165910661, 0.00293648196384, 0.000331840012223, 0.00290810922161, 0.00697640376166, 0.0106536075473, 0.00167285755742, 0.000126921455376, 0.000789754558355, 0.0059108636342, 0.0124804517254, 0.0239566750824, 0.00229531852528, 2.3378748665e-05, 7.82964343671e-06, 9.91301112663e-06, 2.85411624645e-05, 6.30228460068e-05, 0.000131666369271, 0.00328021240421]
        dvar2: [0.00906273722649, 0.0011709688697, 4.38404058514e-05, 4.07815132348e-05, 0.000110589237011, 0.0170102845877, 0.0448902025819, 0.0093359965831, 0.00236688158475, 0.00139676453546, 0.000123868434457, 0.0132716996595, 0.0322354622185, 0.0326360613108, 0.0547611191869, 0.0256176181138, 0.0186558347195, 0.00854104291648, 0.000751778366975, 0.00681230658665, 0.0150817725807, 0.0246869623661, 0.00326038803905, 0.000291379372356, 0.00222064065747, 0.0144790234044, 0.0197364352643, 0.0399787127972, 0.00387633987702, 6.02412874287e-05, 1.90729242604e-05, 2.64837472059e-05, 6.41345686745e-05, 0.000140643824125, 0.000284923269646, 0.00569126708433]
        max: [1, 0.478090703487, 0.0825693160295, 0.0532802268863, 0.0838535577059, 0.761957466602, 0.996353209019, 0.568260669708, 0.286849111319, 0.219964683056, 0.0667830705643, 0.755798101425, 1, 1, 1, 1, 0.801906645298, 0.544131577015, 0.227799922228, 0.704980015755, 1, 1, 0.440303832293, 0.133228346705, 0.228805780411, 1, 1, 1, 0.423206120729, 0.0529117025435, 0.0352553203702, 0.0250688288361, 0.0469634383917, 0.0938814207911, 0.112069360912, 0.563477218151]
        mean: [0.106059834361, 0.0478983670473, 0.00509965699166, 0.00390234030783, 0.00819991715252, 0.0655003637075, 0.0910754799843, 0.0348758026958, 0.00551360938698, 0.00395208224654, 0.00459210155532, 0.279999613762, 0.602033495903, 0.358574926853, 0.188087999821, 0.257238745689, 0.107113584876, 0.0128938471898, 0.0106839872897, 0.0145200248808, 0.066200107336, 0.0804768428206, 0.029078412801, 0.0177186429501, 0.0206679273397, 0.0380506590009, 0.253246545792, 0.306927472353, 0.0894097238779, 0.00527762947604, 0.00163783563767, 0.00196686224081, 0.00760006019846, 0.0105863399804, 0.0094884885475, 0.0654280856252]
        min: [8.27417316032e-05, 0.000317301281029, 4.4209195039e-05, 2.16337302845e-05, 6.04986598773e-05, 0.000174436689122, 0.000131234657601, 1.74248398253e-05, 2.84730303974e-05, 2.5339799322e-05, 2.0560248231e-05, 0.000140892836498, 0.000208757453947, 8.61432199599e-05, 1.9681187041e-05, 5.98821543463e-06, 7.10974700269e-06, 5.64939218748e-05, 2.12247323361e-05, 1.77327547135e-05, 3.57949829777e-05, 3.37123128702e-05, 8.15647581476e-05, 2.30381938309e-05, 2.12360992009e-05, 0.000386216735933, 1.1371115761e-05, 6.81467063259e-05, 0.000568043789826, 5.51146467842e-06, 1.53954115376e-05, 1.00748093246e-06, 0.000279845698969, 7.82732240623e-05, 9.9250319181e-06, 5.66684821024e-06]
        var: [0.0316377319396, 0.00613981392235, 0.00011289568647, 7.02679899405e-05, 0.000103329315607, 0.0205543208867, 0.0473713539541, 0.00728895049542, 0.000452335138107, 0.000263620633632, 7.71760387579e-05, 0.0559436120093, 0.21825902164, 0.0790371075273, 0.0731528177857, 0.161781668663, 0.0327337794006, 0.00201079645194, 0.000573794706725, 0.00319555122405, 0.0317416079342, 0.0494048893452, 0.00630810437724, 0.000329802714987, 0.000695650291163, 0.00692828651518, 0.0970629602671, 0.143326058984, 0.0119485305622, 4.47387537861e-05, 8.80810057424e-06, 1.08942313091e-05, 7.61644550948e-05, 0.000172931104316, 0.000210764366784, 0.0116438791156]
    chords_histogram: [18.9814815521, 37.9629631042, 0, 0, 0, 0, 0, 9.72222232819, 0, 0, 0, 0, 0, 0, 0, 0, 0, 0, 0, 0, 0, 0, 6.94444465637, 26.3888893127]
    thpcp: [1, 0.595606267452, 0.312421143055, 0.427283108234, 0.177919641137, 0.0214171595871, 0.0177465006709, 0.0241183005273, 0.109960839152, 0.133675023913, 0.0483003221452, 0.0294313244522, 0.0343301966786, 0.0632035583258, 0.420651912689, 0.509817957878, 0.148512870073, 0.00876633822918, 0.00272050593048, 0.00326703116298, 0.012623982504, 0.017584303394, 0.0157607328147, 0.108678482473, 0.176169320941, 0.0795609652996, 0.00847071968019, 0.0064819320105, 0.0136203672737, 0.108798533678, 0.151279762387, 0.0579300038517, 0.00915830954909, 0.00656455522403, 0.00762765109539, 0.465089768171]
    chords_key: "A"
    chords_scale: "major"
    key_key: "F#"
    key_scale: "minor"
    chords_progression: ["A", "A", "A", "A", "A", "A", "A", "A", "A", "A", "A", "A", "A", "A", "A", "A", "A", "A", "A", "A", "A", "A", "A", "A", "A", "A", "A", "A", "A", "A", "A", "A", "A", "A", "A", "A", "A", "A", "A", "A", "A", "A", "A", "F#m", "F#m", "F#m", "F#m", "F#m", "F#m", "F#m", "F#m", "F#m", "F#m", "F#m", "F#m", "F#", "F#", "F#", "F#", "F#m", "F#m", "F#m", "F#m", "F#m", "A", "A", "A", "A", "A", "A", "A", "A", "A", "A", "A", "A", "A", "A", "A", "A", "A", "A", "A", "A", "A", "A", "A", "A", "A", "A", "A", "A", "A", "A", "A", "A", "A", "A", "A", "A", "A", "A", "A", "F#", "F#", "F#", "F#", "F#", "F#", "F#", "F#", "F#", "F#", "F#", "F#", "F#", "F#", "F#", "F#", "F#m", "F#m", "F#m", "F#", "F#m", "F#m", "F#m", "F#m", "F#m", "F#m", "F#m", "F#m", "F#m", "F#m", "F#m", "F#m", "F#m", "F#m", "F#m", "F#m", "F#m", "F#m", "F#m", "F#m", "F#m", "D", "D", "D", "D", "D", "D", "D", "D", "D", "D", "D", "D", "D", "D", "D", "D", "D", "D", "D", "D", "D", "D", "D", "D", "D", "D", "D", "D", "D", "D", "D", "D", "D", "D", "D", "D", "D", "D", "D", "D", "D", "D", "D", "D", "D", "D", "D", "D", "D", "D", "D", "D", "D", "D", "D", "D", "D", "Bm", "Bm", "Bm", "Bm", "Bm", "Bm", "Bm", "Bm", "Bm", "Bm", "Bm", "Bm", "Bm", "Bm", "Bm"]
