
metadata:
    version:
        essentia: "1.2.2"
    audio_properties:
        analysis_sample_rate: 44100
        bitrate: 128
        channels: 2
        equal_loudness: 1
        length: 9.97877597809
        replay_gain: -10.3917770386
        downmix: "mix"
    tags:
        track: 5
        year: 0
        album: "Splitted by Mp3Splt v. 2.1"
        artist: "From 000.40 To 000.50"
        comment: "http://mp3splt.sf.net"
        genre: ""
        title: "11 One More Chance.mp3"

highlevel:
    ballroom:
        all:
            ChaChaCha: 0.00364089896902
            Jive: 0.0031995489262
            Quickstep: 0.0311497338116
            Rumba-American: 0.0299664884806
            Rumba-International: 0.272697776556
            Rumba-Misc: 0.159554407001
            Samba: 0.00487959943712
            Tango: 0.0323853455484
            VienneseWaltz: 0.230452358723
            Waltz: 0.232073843479
        probability: 0.272697776556
        value: "Rumba-International"
    culture:
        all:
            non_western: 0.0332904830575
            western: 0.966709494591
        probability: 0.966709494591
        value: "western"
    gender:
        all:
            female: 0.991125464439
            male: 0.00887453276664
        probability: 0.991125464439
        value: "female"
    genre_dortmund:
        all:
            alternative: 0.018058469519
            blues: 0.0437987297773
            electronic: 0.00677924370393
            folkcountry: 0.245405778289
            funksoulrnb: 0.0181745234877
            jazz: 0.557742774487
            pop: 0.0918131992221
            raphiphop: 0.000832739751786
            rock: 0.0173945575953
        probability: 0.557742774487
        value: "jazz"
    genre_electronica:
        all:
            ambient: 0.876351714134
            dnb: 0.0346685685217
            house: 0.0423427671194
            techno: 0.00518598407507
            trance: 0.041450958699
        probability: 0.876351714134
        value: "ambient"
    genre_rosamerica:
        all:
            cla: 0.0333695858717
            dan: 0.00236394256353
            hip: 0.000944386760239
            jaz: 0.550658941269
            pop: 0.085681527853
            rhy: 0.320215374231
            roc: 0.00483449688181
            spe: 0.00193177955225
        probability: 0.550658941269
        value: "jaz"
    genre_tzanetakis:
        all:
            blu: 0.0127680990845
            cla: 0.0209137890488
            cou: 0.187318310142
            dis: 0.0151489423588
            hip: 0.00326625164598
            jaz: 0.2481687814
            met: 0.00347992172465
            pop: 0.415708810091
            reg: 0.0174779780209
            roc: 0.0757491216063
        probability: 0.415708810091
        value: "pop"
    live_studio:
        all:
            live: 0.00316624157131
            studio: 0.996833741665
        probability: 0.996833741665
        value: "studio"
    mood:
        all:
            Cluster1: 0.0525766052306
            Cluster2: 0.242630437016
            Cluster3: 0.496510922909
            Cluster4: 0.153606712818
            Cluster5: 0.0546753332019
        probability: 0.496510922909
        value: "Cluster3"
    mood_acoustic:
        all:
            acoustic: 0.989412605762
            not_acoustic: 0.0105874184519
        probability: 0.989412605762
        value: "acoustic"
    mood_aggressive:
        all:
            aggressive: 0.00313033582643
            not_aggressive: 0.996869683266
        probability: 0.996869683266
        value: "not_aggressive"
    mood_electronic:
        all:
            electronic: 0.0207532290369
            not_electronic: 0.979246795177
        probability: 0.979246795177
        value: "not_electronic"
    mood_happy:
        all:
            happy: 0.0366461053491
            not_happy: 0.963353872299
        probability: 0.963353872299
        value: "not_happy"
    mood_party:
        all:
            not_party: 0.990311384201
            party: 0.00968860834837
        probability: 0.990311384201
        value: "not_party"
    mood_relaxed:
        all:
            not_relaxed: 0.00333679863252
            relaxed: 0.996663212776
        probability: 0.996663212776
        value: "relaxed"
    mood_sad:
        all:
            not_sad: 0.0878140926361
            sad: 0.912185907364
        probability: 0.912185907364
        value: "sad"
    rhythm:
        all:
            fast: 0.541907310486
            medium: 0.286076635122
            slow: 0.172016069293
        probability: 0.541907310486
        value: "fast"
    speech_music:
        all:
            music: 0.996761083603
            speech: 0.00323892338201
        probability: 0.996761083603
        value: "music"
    timbre:
        all:
            bright: 0.957014262676
            dark: 0.0429857373238
        probability: 0.957014262676
        value: "bright"
    voice_instrumental:
        all:
            instrumental: 0.019872289151
            voice: 0.980127692223
        probability: 0.980127692223
        value: "voice"

lowlevel:
    average_loudness: 0.967677533627
    barkbands_kurtosis:
        dmean: 3.95840239525
        dmean2: 6.14334583282
        dvar: 34.5117111206
        dvar2: 83.8262786865
        max: 53.1455879211
        mean: 8.80474472046
        min: -1.76622414589
        var: 121.004425049
    barkbands_skewness:
        dmean: 0.527163922787
        dmean2: 0.774789333344
        dvar: 0.346197426319
        dvar2: 0.700019061565
        max: 5.97009515762
        mean: 2.17493057251
        min: -0.668427586555
        var: 2.04102921486
    barkbands_spread:
        dmean: 3.08056926727
        dmean2: 4.50965261459
        dvar: 19.0531158447
        dvar2: 35.1315422058
        max: 58.432636261
        mean: 12.7801065445
        min: 1.62251543999
        var: 78.9692306519
    dissonance:
        dmean: 0.0415116772056
        dmean2: 0.0696475207806
        dvar: 0.00144029618241
        dvar2: 0.00369288260117
        max: 0.497436732054
        mean: 0.389210909605
        min: 0.129369527102
        var: 0.0035490533337
    hfc:
        dmean: 0.762641370296
        dmean2: 0.910801589489
        dvar: 1.42649030685
        dvar2: 2.02210474014
        max: 18.5608711243
        mean: 2.91631531715
        min: 0.00154152337927
        var: 11.2354984283
    pitch:
        dmean: 71.5453720093
        dmean2: 140.472549438
        dvar: 203931.96875
        dvar2: 504643.4375
        max: 4900
        mean: 290.909759521
        min: 65.5274887085
        var: 157275.9375
    pitch_instantaneous_confidence:
        dmean: 0.0702748075128
        dmean2: 0.11012840271
        dvar: 0.00717138499022
        dvar2: 0.0166438408196
        max: 0.956112623215
        mean: 0.660550296307
        min: 0.234670579433
        var: 0.0319006629288
    pitch_salience:
        dmean: 0.0618361271918
        dmean2: 0.0948712751269
        dvar: 0.00343299005181
        dvar2: 0.00756361428648
        max: 0.802398264408
        mean: 0.502539157867
        min: 0.194053858519
        var: 0.0146991778165
    silence_rate_20dB:
        dmean: 0
        dmean2: 0
        dvar: 0
        dvar2: 0
        max: 1
        mean: 1
        min: 1
        var: 0
    silence_rate_30dB:
        dmean: 0
        dmean2: 0
        dvar: 0
        dvar2: 0
        max: 1
        mean: 1
        min: 1
        var: 0
    silence_rate_60dB:
        dmean: 0.0837209299207
        dmean2: 0.16550116241
        dvar: 0.0767118707299
        dvar2: 0.152096047997
        max: 1
        mean: 0.508120656013
        min: 0
        var: 0.249933868647
    spectral_centroid:
        dmean: 110.208709717
        dmean2: 155.401351929
        dvar: 26539.3925781
        dvar2: 44344.1992188
        max: 2178.0065918
        mean: 648.775878906
        min: 184.252929688
        var: 153595.625
    spectral_complexity:
        dmean: 1.00233101845
        dmean2: 1.54672896862
        dvar: 1.36362910271
        dvar2: 2.50482439995
        max: 14
        mean: 5.77441883087
        min: 0
        var: 8.83980560303
    spectral_crest:
        dmean: 2.17241072655
        dmean2: 3.59399294853
        dvar: 4.58415985107
        dvar2: 11.0415754318
        max: 22.7382888794
        mean: 11.6736564636
        min: 4.61852693558
        var: 14.3504800797
    spectral_decrease:
        dmean: 2.32098895658e-10
        dmean2: 3.16600357042e-10
        dvar: 1.0309142927e-19
        dvar2: 1.87075025163e-19
        max: -5.25174521926e-13
        mean: -9.13395803437e-10
        min: -4.19065671053e-09
        var: 5.02151674776e-19
    spectral_energy:
        dmean: 0.000935047632083
        dmean2: 0.00125746219419
        dvar: 1.65407163877e-06
        dvar2: 2.96365533359e-06
        max: 0.0163219608366
        mean: 0.00371188065037
        min: 2.12194072446e-06
        var: 8.52245648275e-06
    spectral_energyband_high:
        dmean: 3.02649350488e-05
        dmean2: 4.3394327804e-05
        dvar: 3.49776274611e-09
        dvar2: 7.77701991694e-09
        max: 0.000591785646975
        mean: 6.44032479613e-05
        min: 4.77306993929e-09
        var: 1.00732790997e-08
    spectral_energyband_low:
        dmean: 4.05099963245e-05
        dmean2: 5.85275665799e-05
        dvar: 6.06849059892e-09
        dvar2: 1.01852899448e-08
        max: 0.00153920438606
        mean: 0.000154158769874
        min: 1.12961998866e-07
        var: 3.8072691666e-08
    spectral_energyband_middle_high:
        dmean: 0.00028499061591
        dmean2: 0.000332655588863
        dvar: 2.91059222945e-07
        dvar2: 3.76444035055e-07
        max: 0.00733339739963
        mean: 0.00096452323487
        min: 6.3178072196e-07
        var: 2.21427876568e-06
    spectral_energyband_middle_low:
        dmean: 0.000762398238294
        dmean2: 0.00109104288276
        dvar: 1.20901529499e-06
        dvar2: 2.38585607804e-06
        max: 0.0149843869731
        mean: 0.00252879783511
        min: 1.360031888e-06
        var: 4.29311148764e-06
    spectral_flatness_db:
        dmean: 0.0188935473561
        dmean2: 0.0281244236976
        dvar: 0.000403688754886
        dvar2: 0.00091004546266
        max: 0.3662584126
        mean: 0.247999444604
        min: 0.119119569659
        var: 0.0016722807195
    spectral_flux:
        dmean: 0.00980400573462
        dmean2: 0.0152426110581
        dvar: 0.000111171000754
        dvar2: 0.000279329746263
        max: 0.0870567858219
        mean: 0.0238541141152
        min: 0.00145668827463
        var: 0.000291572534479
    spectral_kurtosis:
        dmean: 3.22830271721
        dmean2: 5.14402151108
        dvar: 17.7134895325
        dvar2: 46.0556373596
        max: 51.3062782288
        mean: 9.99995994568
        min: -0.9527323246
        var: 50.3695030212
    spectral_rms:
        dmean: 0.000231736470596
        dmean2: 0.00031966980896
        dvar: 7.83675844218e-08
        dvar2: 1.35367614007e-07
        max: 0.00399047182873
        mean: 0.00174557277933
        min: 4.54992987216e-05
        var: 5.74323678393e-07
    spectral_rolloff:
        dmean: 269.992980957
        dmean2: 463.31552124
        dvar: 323575.375
        dvar2: 670341.1875
        max: 5060.30273438
        mean: 1052.52319336
        min: 150.732421875
        var: 948507.5625
    spectral_skewness:
        dmean: 0.335739135742
        dmean2: 0.519680678844
        dvar: 0.130496457219
        dvar2: 0.278553456068
        max: 5.62490177155
        mean: 2.49318742752
        min: 0.236746445298
        var: 0.60231924057
    spectral_spread:
        dmean: 533535.125
        dmean2: 763563.5625
        dvar: 686788116480
        dvar2: 1.12716886835e+12
        max: 12037714
        mean: 3935377.25
        min: 1516775.375
        var: 2.12176941875e+12
    spectral_strongpeak:
        dmean: 0.257006943226
        dmean2: 0.419498920441
        dvar: 0.319254875183
        dvar2: 0.734550952911
        max: 7.17319011688
        mean: 0.613542020321
        min: 0.00461261020973
        var: 0.598055660725
    zerocrossingrate:
        dmean: 0.00616327021271
        dmean2: 0.00710631767288
        dvar: 5.33807397005e-05
        dvar2: 5.60048538318e-05
        max: 0.12646484375
        mean: 0.0407374165952
        min: 0.00830078125
        var: 0.000496194057632
    barkbands:
        dmean: [2.28778151978e-08, 5.44934482605e-06, 3.93317968701e-05, 0.000185061740922, 0.000327787769493, 0.000264887028607, 4.39234463556e-05, 4.55549161416e-05, 0.000199685644475, 5.01851718582e-05, 7.37395093893e-05, 5.63983812754e-05, 8.68669376359e-05, 2.06662753044e-05, 2.37660387938e-05, 1.60266463354e-05, 3.1527840747e-06, 1.06687548396e-05, 5.34142382094e-05, 4.87587458338e-05, 8.63189598022e-06, 1.64997948104e-06, 3.75244411543e-07, 8.71322811236e-07, 2.56362426398e-07, 5.36165689624e-09, 2.31050831245e-10]
        dmean2: [3.65211043629e-08, 8.44866190164e-06, 5.6334756664e-05, 0.000299041857943, 0.000518218614161, 0.000381467951229, 6.99639786035e-05, 6.72655442031e-05, 0.000253654376138, 7.40577015677e-05, 8.74307952472e-05, 7.68445606809e-05, 0.000109539374535, 3.00260053336e-05, 2.88649262075e-05, 2.37591830228e-05, 4.6048967306e-06, 1.7798067347e-05, 6.66788037051e-05, 6.75970150041e-05, 1.31323249661e-05, 2.45357432505e-06, 5.51308289687e-07, 1.28839076297e-06, 4.12179332443e-07, 8.06137290255e-09, 3.32433830463e-10]
        dvar: [3.88006904302e-15, 8.50067308211e-11, 5.76571190791e-09, 8.09831703918e-08, 4.70219248427e-07, 2.79563323602e-07, 4.08180653722e-08, 2.77601692744e-08, 2.56281083466e-07, 3.0008070695e-08, 4.87656777182e-08, 4.131540976e-08, 8.30048350053e-08, 9.36228872206e-09, 8.26192270154e-09, 3.22731441571e-09, 4.69743619003e-11, 2.68069677567e-09, 1.73556706784e-08, 8.72147687403e-09, 4.4786524489e-10, 5.85570480993e-11, 1.1885840619e-12, 2.45671972349e-11, 2.67253905638e-12, 2.31111642639e-16, 3.37089520621e-18]
        dvar2: [6.58334250693e-15, 2.19996951212e-10, 9.66279056769e-09, 1.93911375845e-07, 1.04593732431e-06, 6.2289706193e-07, 9.93135245153e-08, 5.06258608368e-08, 4.23456754106e-07, 6.27498195627e-08, 8.79850858837e-08, 5.44063034624e-08, 1.45124289475e-07, 2.37968560413e-08, 1.20752980948e-08, 7.43884021048e-09, 9.64044954976e-11, 7.48896678004e-09, 2.50541329905e-08, 1.6425623528e-08, 9.15986952954e-10, 1.13076228936e-10, 2.47324534984e-12, 5.89989029853e-11, 6.7493766652e-12, 5.17368941793e-16, 3.18339962433e-18]
        max: [9.97080633169e-07, 0.000208784491406, 0.00152784434613, 0.00242639705539, 0.0101067228243, 0.00836169160903, 0.00366583443247, 0.00327689968981, 0.00719561474398, 0.00309542240575, 0.00405849888921, 0.00431263679639, 0.00469477614388, 0.00161175965331, 0.00179124984425, 0.000642403960228, 8.76560225151e-05, 0.000766244716942, 0.00263932277448, 0.00111310731154, 0.00025201542303, 0.000100296747405, 1.130288274e-05, 9.02132087504e-05, 2.91919932351e-05, 1.49637472191e-07, 3.94861885411e-08]
        mean: [7.32623277599e-08, 1.5238531887e-05, 0.000138850038638, 0.000376770563889, 0.000757101399358, 0.000671211106237, 8.07026372058e-05, 0.000113949550723, 0.000515207939316, 0.000139178519021, 0.000208638579352, 0.000131923356093, 0.000163457298186, 3.08476337523e-05, 5.05450952915e-05, 3.29876274918e-05, 6.57807868265e-06, 1.38369541673e-05, 0.00012284037075, 0.000124376674648, 1.31684882945e-05, 2.20588708544e-06, 5.90454988014e-07, 1.29087959522e-06, 3.07162537183e-07, 8.2284881131e-09, 2.24970375662e-10]
        min: [6.64343233203e-11, 1.55850070627e-08, 3.60234402308e-08, 1.0884519952e-07, 4.56035991192e-07, 1.04714374061e-07, 6.00292082709e-08, 3.62063047987e-07, 9.19793095022e-08, 3.27906342079e-08, 1.3233750451e-07, 7.5517668563e-08, 9.24305680883e-08, 1.03648119421e-07, 4.53318538263e-09, 1.35911877308e-08, 8.52121129213e-09, 1.99383975996e-08, 3.33368781469e-08, 7.54719486906e-09, 1.87655246897e-09, 1.33706545835e-09, 3.80733194971e-10, 1.15786172317e-10, 9.30741247962e-11, 8.69643159568e-12, 1.67520484247e-13]
        var: [2.30115151787e-14, 8.53278392388e-10, 3.56058222906e-08, 1.90466110439e-07, 1.03628713077e-06, 6.30160343462e-07, 4.92558065446e-08, 1.31787800228e-07, 1.08456640646e-06, 1.68497081177e-07, 2.17773504119e-07, 1.91123774584e-07, 2.48754304266e-07, 1.35270141755e-08, 3.77164717236e-08, 8.04371413921e-09, 1.47199724632e-10, 1.96455429702e-09, 9.21176308566e-08, 4.21163974806e-08, 6.79758638267e-10, 7.18682266476e-11, 1.61789440352e-12, 2.31150203145e-11, 2.28870438226e-12, 3.03642518047e-16, 3.6493496362e-18]
    mfcc:
        mean: [-816.529418945, 159.920455933, -16.6566963196, 43.0504493713, -18.612039566, -13.0967636108, 12.9140701294, -22.1469478607, -14.6095256805, -3.93941926956, -24.4755592346, -8.48752975464, -8.57516098022]
        cov: [[4513.91992188, -1089.85791016, -412.441619873, -233.015563965, -401.619842529, -30.0665569305, 737.262023926, -219.908615112, -221.655105591, 469.353027344, -304.81741333, -121.479919434, -65.8828887939], [-1089.85791016, 796.221801758, 13.0924863815, 16.9893131256, -47.0744972229, -66.1189575195, -52.5501480103, 65.9240951538, -4.95419025421, -105.298812866, 76.4705276489, 6.7693939209, 42.1256446838], [-412.441619873, 13.0924863815, 466.0440979, 56.4018249512, 25.6535320282, 34.0856590271, -159.739837646, 69.270652771, 128.177764893, -87.6458129883, 65.0176467896, 25.1874923706, -44.4679336548], [-233.015563965, 16.9893131256, 56.4018249512, 294.945007324, 182.741210938, -59.4644165039, -123.073371887, -6.21451473236, 66.5705871582, -2.84248185158, -72.5761871338, 48.166973114, -20.0728645325], [-401.619842529, -47.0744972229, 25.6535320282, 182.741210938, 386.53994751, 18.6180114746, -214.926559448, -1.24893689156, 95.5991592407, -29.7229499817, -36.0158500671, 76.5054397583, -4.80803871155], [-30.0665569305, -66.1189575195, 34.0856590271, -59.4644165039, 18.6180114746, 208.675445557, 34.2980957031, -15.7045326233, 12.0488567352, 9.63433170319, 54.5618438721, -6.38892745972, 3.22099328041], [737.262023926, -52.5501480103, -159.739837646, -123.073371887, -214.926559448, 34.2980957031, 440.68536377, -122.258430481, -138.002914429, 160.351760864, 2.81889438629, -54.31873703, -6.8450512886], [-219.908615112, 65.9240951538, 69.270652771, -6.21451473236, -1.24893689156, -15.7045326233, -122.258430481, 208.073410034, 64.6585464478, -60.8524093628, 23.7773323059, 24.1824970245, 46.5392913818], [-221.655105591, -4.95419025421, 128.177764893, 66.5705871582, 95.5991592407, 12.0488567352, -138.002914429, 64.6585464478, 187.455764771, -11.6547870636, -9.9847869873, 40.7220191956, -4.44212293625], [469.353027344, -105.298812866, -87.6458129883, -2.84248185158, -29.7229499817, 9.63433170319, 160.351760864, -60.8524093628, -11.6547870636, 200.373138428, -46.9299087524, -15.3906545639, -36.0870399475], [-304.81741333, 76.4705276489, 65.0176467896, -72.5761871338, -36.0158500671, 54.5618438721, 2.81889438629, 23.7773323059, -9.9847869873, -46.9299087524, 142.626541138, 3.80345416069, 2.35764956474], [-121.479919434, 6.7693939209, 25.1874923706, 48.166973114, 76.5054397583, -6.38892745972, -54.31873703, 24.1824970245, 40.7220191956, -15.3906545639, 3.80345416069, 83.5675430298, 16.1736698151], [-65.8828887939, 42.1256446838, -44.4679336548, -20.0728645325, -4.80803871155, 3.22099328041, -6.8450512886, 46.5392913818, -4.44212293625, -36.0870399475, 2.35764956474, 16.1736698151, 123.378723145]]
        icov: [[0.000681288423948, 0.000777494744398, 7.19127929187e-05, 0.000285644055111, 0.000328103604261, 0.000199193018489, -0.000733958615456, -0.000219994282816, 0.000104931314127, -0.000312094547553, 0.00111585971899, -0.000142114469782, 0.000130378030008], [0.000777494744398, 0.00242648646235, 0.000335718708811, -0.0001950822043, 0.000669537868816, 0.000785577401984, -0.000925634987652, -0.000426809390774, -8.65292968228e-05, 0.000279104482615, 0.00015366578009, 2.69163774647e-05, -0.0001367705554], [7.19127929187e-05, 0.000335718708811, 0.00365301338024, -0.00106335768942, 0.00115816516336, -0.000541229615919, 0.000398974108975, -0.000220482135774, -0.00214606546797, 0.00119835126679, -0.00148174201604, -0.000156169087859, 0.00155397760682], [0.000285644055111, -0.0001950822043, -0.00106335768942, 0.00657453294843, -0.00244100904092, 0.00145806872752, -0.000219663706957, 0.000380792014766, 1.48370590978e-05, -0.000540859648027, 0.00316043919884, -0.00130561809056, 0.000569599273149], [0.000328103604261, 0.000669537868816, 0.00115816516336, -0.00244100904092, 0.00631169974804, -0.00160573003814, 0.00257679517381, 0.001378379995, -0.000590616604313, -0.000770237646066, 0.000284811394522, -0.00301552936435, 2.11120404856e-05], [0.000199193018489, 0.000785577401984, -0.000541229615919, 0.00145806872752, -0.00160573003814, 0.00665997574106, -0.00123885832727, 0.000463710573968, -0.00101084331982, -0.000328631082084, -0.00221192114986, 0.00128734775353, -0.000858803396113], [-0.000733958615456, -0.000925634987652, 0.000398974108975, -0.000219663706957, 0.00257679517381, -0.00123885832727, 0.00759353209287, 0.00249525136314, 0.00216516200453, -0.00410318560898, -0.00196535210125, -0.000685710168909, -0.00134974112734], [-0.000219994282816, -0.000426809390774, -0.000220482135774, 0.000380792014766, 0.001378379995, 0.000463710573968, 0.00249525136314, 0.00761035131291, -0.00173085299321, -0.00024029710039, -0.00122718070634, -0.00087235646788, -0.0026746862568], [0.000104931314127, -8.65292968228e-05, -0.00214606546797, 1.48370590978e-05, -0.000590616604313, -0.00101084331982, 0.00216516200453, -0.00173085299321, 0.0098624303937, -0.0027718199417, 0.00157859490719, -0.00219811452553, -0.000106763189251], [-0.000312094547553, 0.000279104482615, 0.00119835126679, -0.000540859648027, -0.000770237646066, -0.000328631082084, -0.00410318560898, -0.00024029710039, -0.0027718199417, 0.0102038923651, 0.00152723351493, 0.000184001444723, 0.00275495811366], [0.00111585971899, 0.00015366578009, -0.00148174201604, 0.00316043919884, 0.000284811394522, -0.00221192114986, -0.00196535210125, -0.00122718070634, 0.00157859490719, 0.00152723351493, 0.0134137207642, -0.0025107387919, 0.00152257748414], [-0.000142114469782, 2.69163774647e-05, -0.000156169087859, -0.00130561809056, -0.00301552936435, 0.00128734775353, -0.000685710168909, -0.00087235646788, -0.00219811452553, 0.000184001444723, -0.0025107387919, 0.0169083345681, -0.00240773754194], [0.000130378030008, -0.0001367705554, 0.00155397760682, 0.000569599273149, 2.11120404856e-05, -0.000858803396113, -0.00134974112734, -0.0026746862568, -0.000106763189251, 0.00275495811366, 0.00152257748414, -0.00240773754194, 0.0109199527651]]
    spectral_contrast:
        mean: [3.84042778023e-07, 2.64131756467e-07, 3.54976862127e-07, 2.22512454684e-07, -3.67677479574e-08, 8.37272011722e-07, 3.93390649833e-07, -2.57907913692e-06, 5.16869295097e-06, 4.99514635521e-06, -3.5133473375e-06, 1.98386442207e-06]
        var: [0.000594420998823, 0.00132957461756, 0.00248762778938, 0.00326585001312, 0.0050028078258, 0.0188630931079, 0.0528554059565, 0.0997878089547, 0.163014560938, 0.267650842667, 0.367378294468, 1.53235530853]

rhythm:
    beats_loudness:
        dmean: 0.00196987320669
        dmean2: 0.00327203306369
        dvar: 2.73637238024e-06
        dvar2: 6.13793235971e-06
        max: 0.00817874073982
        mean: 0.00289808749221
        min: 0.000152027947479
        var: 4.26746464655e-06
    beats_loudness_bass:
        dmean: 0.182893961668
        dmean2: 0.350484609604
        dvar: 0.0548624172807
        dvar2: 0.170891925693
        max: 0.850763738155
        mean: 0.162911370397
        min: 0.0121131157503
        var: 0.0402925163507
    bpm: 106.579467773
    bpm_confidence: 0
    first_peak_bpm: 110
    first_peak_spread: 0.0909090638161
    first_peak_weight: 0.588235318661
    onset_rate: 3.30701875687
    second_peak_bpm: 105
    second_peak_spread: 0
    second_peak_weight: 0.352941185236
    beats_position: [0.10386878252, 0.650614976883, 1.19736123085, 1.74410748482, 2.29085373878, 2.83759975433, 3.38434576988, 3.93109202385, 4.4778380394, 5.02458381653, 5.5713300705, 6.12514877319, 6.69439888, 7.26364850998, 7.83289813995, 8.40214729309, 8.9713973999, 9.54064750671]
    bpm_estimates: [108.828956604, 109.016174316, 106.633674622, 105.453292847, 105.121459961, 104.423309326]
    bpm_intervals: [0.546746194363, 0.546746253967, 0.546746253967, 0.546746253967, 0.546746015549, 0.546746015549, 0.546746253967, 0.546746015549, 0.54674577713, 0.546746253967, 0.553818702698, 0.569250106812, 0.569249629974, 0.569249629974, 0.569249153137, 0.569250106812, 0.569250106812]
    onset_times: [0.0696598663926, 0.754648506641, 1.2190476656, 1.42802715302, 1.71827661991, 1.93886625767, 1.97369611263, 2.00852608681, 2.36843538284, 2.54258513451, 2.83283448219, 3.00698423386, 3.12308382988, 3.48299312592, 3.88934230804, 4.08671188354, 4.23764181137, 4.43501138687, 4.58594083786, 5.11999988556, 5.81659841537, 5.9675283432, 6.1068482399, 6.42031764984, 6.76861667633, 7.14013624191, 7.45360565186, 7.84834480286, 8.52172374725, 9.13705253601, 9.36925125122, 9.50857162476, 9.75238132477]
    rubato_start: []
    rubato_stop: []
    perceptual_tempo: "unknown"

sfx:
    inharmonicity:
        dmean: 0.0209173969924
        dmean2: 0.0374188423157
        dvar: 0.00126829871442
        dvar2: 0.00330132199451
        max: 0.301350206137
        mean: 0.0184247344732
        min: 0
        var: 0.00113751075696
    oddtoevenharmonicenergyratio:
        dmean: 4.66694545746
        dmean2: 9.11470603943
        dvar: 331.785430908
        dvar2: 983.504943848
        max: 163.785446167
        mean: 3.03975772858
        min: 0
        var: 174.206832886
    pitch_after_max_to_before_max_energy_ratio: 3.13207983971
    pitch_centroid: 199.987182617
    pitch_max_to_total: 0.202325582504
    pitch_min_to_total: 0.132558137178
    tristimulus:
        dmean: [0.206234127283, 0.212646737695, 0.030227670446]
        dmean2: [0.369009226561, 0.381049185991, 0.0536538399756]
        dvar: [0.0591837316751, 0.0597994551063, 0.0020961468108]
        dvar2: [0.151002719998, 0.154372513294, 0.00479994574562]
        max: [1, 0.978101313114, 0.40863224864]
        mean: [0.526807427406, 0.431597441435, 0.0328444205225]
        min: [0.00145921099465, 0, 0]
        var: [0.0836770609021, 0.0828807651997, 0.00261439522728]

tonal:
    chords_changes_rate: 0.0648148134351
    chords_number_rate: 0.0462962947786
    chords_strength:
        dmean: 0.0101546412334
        dmean2: 0.00783821009099
        dvar: 7.00580567354e-05
        dvar2: 6.55121039017e-05
        max: 0.615440189838
        mean: 0.470524787903
        min: 0.248577103019
        var: 0.00944291707128
    key_strength: 0.672945320606
    tuning_diatonic_strength: 0.595113813877
    tuning_equal_tempered_deviation: 0.072869181633
    tuning_frequency: 438.984558105
    tuning_nontempered_energy_ratio: 0.66984808445
    hpcp:
        dmean: [0.0803683996201, 0.0825789347291, 0.0673789530993, 0.0470368489623, 0.050849724561, 0.0456087589264, 0.0443869270384, 0.0500127933919, 0.0537627190351, 0.0541437864304, 0.0523552931845, 0.0334689356387, 0.0341838933527, 0.0671523362398, 0.103895820677, 0.0922687202692, 0.131150186062, 0.0804945230484, 0.0210051052272, 0.0448071099818, 0.0900418236852, 0.0862457454205, 0.0961633473635, 0.147407114506, 0.103308513761, 0.131808683276, 0.0815442800522, 0.0304108876735, 0.0355203039944, 0.0734845250845, 0.0914347395301, 0.0751775503159, 0.0423578880727, 0.0281676333398, 0.0329487659037, 0.068096794188]
        dmean2: [0.113924220204, 0.14343008399, 0.130196496844, 0.0838711485267, 0.08395280689, 0.0764870494604, 0.0676104947925, 0.0866430774331, 0.0911513790488, 0.0871881619096, 0.0838346406817, 0.0587280057371, 0.0583598725498, 0.118425056338, 0.176956534386, 0.145230650902, 0.230030849576, 0.153610944748, 0.0391002893448, 0.0804911106825, 0.160222128034, 0.142852440476, 0.168172553182, 0.24812579155, 0.173120483756, 0.2192196697, 0.149211496115, 0.0584486275911, 0.0667087063193, 0.122491113842, 0.158229395747, 0.127885967493, 0.0741013064981, 0.0475187711418, 0.0527560859919, 0.112618625164]
        dvar: [0.0174497943372, 0.0197046454996, 0.0213805977255, 0.0189480874687, 0.0136417066678, 0.0105610284954, 0.00971873663366, 0.0198210384697, 0.0142039675266, 0.017677757889, 0.0136734992266, 0.00461940234527, 0.0119894174859, 0.0250889938325, 0.0308871492743, 0.0303734876215, 0.0567216873169, 0.0372876003385, 0.0024682818912, 0.0161450766027, 0.0453543923795, 0.0349216945469, 0.0286146327853, 0.0471586845815, 0.0327214151621, 0.0430271364748, 0.0310175679624, 0.0144533142447, 0.0151723725721, 0.0277527142316, 0.0402496121824, 0.0252019241452, 0.0157204102725, 0.0137777095661, 0.0055602430366, 0.0173805374652]
        dvar2: [0.0367644764483, 0.0563399754465, 0.0682033225894, 0.0428864695132, 0.0309152361006, 0.0264728851616, 0.0210648961365, 0.0521230660379, 0.0376110374928, 0.0458698906004, 0.0342617221177, 0.0135896941647, 0.0248163621873, 0.0639091730118, 0.0841247439384, 0.0509167537093, 0.150299593806, 0.105937242508, 0.00702337035909, 0.0445267371833, 0.116721428931, 0.0780111625791, 0.0742757841945, 0.12684045732, 0.069576010108, 0.111455403268, 0.0860499069095, 0.0437605790794, 0.0446374304593, 0.0698280036449, 0.0914317667484, 0.0672563388944, 0.0345204621553, 0.0306715946645, 0.0146339125931, 0.046530239284]
        max: [1, 0.794595718384, 1, 1, 1, 0.998872041702, 0.737598776817, 1, 1, 1, 1, 0.475539088249, 1, 0.858433067799, 1, 1, 1, 1, 0.247548818588, 0.885603666306, 1, 1, 1, 1, 1, 1, 1, 0.986400961876, 1, 1, 1, 1, 1, 1, 0.603104948997, 1]
        mean: [0.178297057748, 0.113686122, 0.0668210312724, 0.122891694307, 0.0957599058747, 0.0489150770009, 0.0608646571636, 0.0575162619352, 0.0893978998065, 0.139430344105, 0.0884091854095, 0.0403911545873, 0.0836568921804, 0.0818393602967, 0.142256066203, 0.273953408003, 0.197660669684, 0.0504689179361, 0.0136399585754, 0.0349976606667, 0.110614091158, 0.141514137387, 0.108757428825, 0.249527961016, 0.407306075096, 0.246369495988, 0.0531894527376, 0.0180770661682, 0.0215415675193, 0.0905055105686, 0.172766193748, 0.119229331613, 0.0383412577212, 0.0299315620214, 0.0308703333139, 0.10090495646]
        min: [0, 0, 0, 0, 0, 0, 0.000173293563421, 3.56856726285e-05, 0.000127941602841, 0.000168798535015, 0.000179788417881, 0.000260926375631, 6.01055799052e-05, 6.33439558442e-05, 0.000282900204184, 0.000179284979822, 0, 0, 0, 0, 2.47169755312e-05, 3.77270589524e-05, 5.75642980039e-06, 5.97872058279e-05, 0, 2.4914254027e-05, 2.72482211585e-05, 2.76821774605e-05, 5.18886881764e-05, 6.12161456957e-05, 0.00023859909561, 0.000136537244543, 4.80775343021e-05, 7.02586621628e-05, 1.8873171939e-05, 0]
        var: [0.0724208280444, 0.0321599021554, 0.0184879638255, 0.0707136839628, 0.0380112938583, 0.0112402625382, 0.0174900852144, 0.0279562566429, 0.0297416895628, 0.0652910843492, 0.0281038153917, 0.00707067782059, 0.0485165789723, 0.0377845354378, 0.0434480123222, 0.135084599257, 0.0783373266459, 0.0220313034952, 0.00160600640811, 0.0129273347557, 0.064815826714, 0.0771819278598, 0.0437547974288, 0.0906590893865, 0.178629338741, 0.0854950100183, 0.02110279724, 0.00787817314267, 0.00865785125643, 0.0362757742405, 0.0947017669678, 0.0487980358303, 0.0157106891274, 0.0131011316553, 0.00528643513098, 0.0283379796892]
    chords_histogram: [22.6851844788, 17.5925922394, 20.8333339691, 2.31481480598, 6.01851844788, 14.3518514633, 0, 0, 0, 0, 6.94444465637, 0, 0, 0, 0, 0, 0, 4.62962961197, 2.77777767181, 0, 0, 0, 0, 1.85185182095]
    thpcp: [1, 0.604875564575, 0.130588412285, 0.0443820208311, 0.0528879128397, 0.222205162048, 0.424167990685, 0.292726635933, 0.094133771956, 0.0734866559505, 0.0757914856076, 0.247737422585, 0.437747120857, 0.279117166996, 0.164056062698, 0.301718294621, 0.235105514526, 0.120094150305, 0.149432241917, 0.141211405396, 0.219485804439, 0.34232327342, 0.217058345675, 0.0991665869951, 0.205390736461, 0.200928404927, 0.34926083684, 0.672598361969, 0.485287815332, 0.123909071088, 0.0334882289171, 0.0859247222543, 0.271574854851, 0.347439289093, 0.267016470432, 0.612630069256]
    chords_key: "A#"
    chords_scale: "major"
    key_key: "A#"
    key_scale: "major"
    chords_progression: ["Gm", "Gm", "Gm", "Gm", "A#", "A#", "A#", "C", "C", "C", "C", "C", "C", "C", "C", "C", "C", "C", "C", "C", "A#", "A#", "A#", "A#", "A#", "A#", "F", "F", "F", "F", "F", "F", "F", "F", "F", "F", "F", "F", "F", "F", "F", "F", "F", "F", "F", "F", "F", "F", "F", "F", "F", "F", "F", "F", "F", "F", "F", "F", "F", "F", "F", "F", "F", "F", "F", "F", "F", "F", "Dm", "Dm", "Dm", "Dm", "Dm", "Dm", "Dm", "Dm", "Dm", "Dm", "Dm", "Dm", "Dm", "Dm", "Dm", "Dm", "Dm", "Dm", "Dm", "Dm", "Dm", "Dm", "Dm", "Dm", "Dm", "Dm", "Dm", "Dm", "Dm", "Dm", "Dm", "A#", "A#", "A#", "A#", "A#", "A#", "A#", "A#", "A#", "A#", "A#", "A#", "A#", "A#", "A#", "A#", "A#", "A#", "A#", "A#", "A#", "A#", "A#", "A#", "A#", "A#", "A#", "A#", "A#", "A#", "A#", "A#", "A#", "A#", "A#", "A#", "A#", "A#", "A#", "A#", "A#m", "A#m", "A#m", "A#m", "A#m", "A#m", "A#m", "A#m", "A#m", "A#m", "C#", "C#", "C#", "C#", "C#", "C#", "A", "A", "A", "A", "A", "A", "A", "A", "A", "A", "A", "A", "A", "A", "A", "Em", "Em", "Em", "Em", "Em", "Em", "Em", "Em", "Em", "Em", "Em", "Em", "Em", "Em", "Em", "Em", "Em", "Em", "Dm", "Dm", "Dm", "Dm", "Dm", "Dm", "Dm", "Em", "Em", "Em", "Em", "Em", "Em", "Em", "Em", "Em", "Em", "Em", "Em", "Em", "Am", "Am", "Am", "Am", "Am", "F", "F", "F"]
