
metadata:
    version:
        essentia: "1.2.2"
    audio_properties:
        analysis_sample_rate: 44100
        bitrate: 128
        channels: 2
        equal_loudness: 1
        length: 10.0310201645
        replay_gain: -2.05975341797
        downmix: "mix"
    tags:
        track: 1
        year: 0
        album: "Splitted by Mp3Splt v. 2.1"
        artist: "From 000.00 To 000.10"
        comment: "http://mp3splt.sf.net"
        genre: ""
        title: "06 Fanta.mp3"

highlevel:
    ballroom:
        all:
            ChaChaCha: 0.00259479228407
            Jive: 0.00112753419671
            Quickstep: 0.00778679084033
            Rumba-American: 0.0160343181342
            Rumba-International: 0.00572724966332
            Rumba-Misc: 0.00538426171988
            Samba: 0.00132038083393
            Tango: 0.916415691376
            VienneseWaltz: 0.00839748606086
            Waltz: 0.0352114960551
        probability: 0.916415691376
        value: "Tango"
    culture:
        all:
            non_western: 0.994465470314
            western: 0.00553450919688
        probability: 0.994465470314
        value: "non_western"
    gender:
        all:
            female: 0.633613586426
            male: 0.366386383772
        probability: 0.633613586426
        value: "female"
    genre_dortmund:
        all:
            alternative: 0.0922898054123
            blues: 0.0827561616898
            electronic: 0.0652450919151
            folkcountry: 0.317841112614
            funksoulrnb: 0.0314979627728
            jazz: 0.294131934643
            pop: 0.0727035328746
            raphiphop: 0.0106175253168
            rock: 0.032916881144
        probability: 0.317841112614
        value: "folkcountry"
    genre_electronica:
        all:
            ambient: 0.965548872948
            dnb: 0.00637847231701
            house: 0.0173269156367
            techno: 0.00444783270359
            trance: 0.0062979045324
        probability: 0.965548872948
        value: "ambient"
    genre_rosamerica:
        all:
            cla: 0.278593599796
            dan: 0.00271329679526
            hip: 0.00319025223143
            jaz: 0.379865765572
            pop: 0.0131465923041
            rhy: 0.317743390799
            roc: 0.00131867977325
            spe: 0.00342841609381
        probability: 0.379865765572
        value: "jaz"
    genre_tzanetakis:
        all:
            blu: 0.103098392487
            cla: 0.439189523458
            cou: 0.0668512284756
            dis: 0.0201725289226
            hip: 0.00745667424053
            jaz: 0.119714982808
            met: 0.00689624203369
            pop: 0.081073641777
            reg: 0.13256123662
            roc: 0.0229855552316
        probability: 0.439189523458
        value: "cla"
    live_studio:
        all:
            live: 0.125180512667
            studio: 0.874819457531
        probability: 0.874819457531
        value: "studio"
    mood:
        all:
            Cluster1: 0.0283002480865
            Cluster2: 0.359860211611
            Cluster3: 0.165391802788
            Cluster4: 0.402756512165
            Cluster5: 0.0436912253499
        probability: 0.402756512165
        value: "Cluster4"
    mood_acoustic:
        all:
            acoustic: 0.736398339272
            not_acoustic: 0.263601660728
        probability: 0.736398339272
        value: "acoustic"
    mood_aggressive:
        all:
            aggressive: 1.35691791137e-10
            not_aggressive: 1
        probability: 1
        value: "not_aggressive"
    mood_electronic:
        all:
            electronic: 0.4062949121
            not_electronic: 0.593705117702
        probability: 0.593705117702
        value: "not_electronic"
    mood_happy:
        all:
            happy: 0.11852324754
            not_happy: 0.881476759911
        probability: 0.881476759911
        value: "not_happy"
    mood_party:
        all:
            not_party: 0.891405105591
            party: 0.108594916761
        probability: 0.891405105591
        value: "not_party"
    mood_relaxed:
        all:
            not_relaxed: 0.420881867409
            relaxed: 0.579118132591
        probability: 0.579118132591
        value: "relaxed"
    mood_sad:
        all:
            not_sad: 0.121578104794
            sad: 0.878421902657
        probability: 0.878421902657
        value: "sad"
    rhythm:
        all:
            fast: 0.0104321371764
            medium: 0.837683916092
            slow: 0.151883974671
        probability: 0.837683916092
        value: "medium"
    speech_music:
        all:
            music: 0.547872424126
            speech: 0.452127575874
        probability: 0.547872424126
        value: "music"
    timbre:
        all:
            bright: 0.999999403954
            dark: 6.22166794528e-07
        probability: 0.999999403954
        value: "bright"
    voice_instrumental:
        all:
            instrumental: 0.996882736683
            voice: 0.00311726657674
        probability: 0.996882736683
        value: "instrumental"

lowlevel:
    average_loudness: 0.828300118446
    barkbands_kurtosis:
        dmean: 2.32188725471
        dmean2: 3.74645280838
        dvar: 13.6092739105
        dvar2: 32.7901878357
        max: 38.3460121155
        mean: 2.81995892525
        min: -1.78878641129
        var: 34.1722145081
    barkbands_skewness:
        dmean: 0.532958865166
        dmean2: 0.811729848385
        dvar: 0.267336368561
        dvar2: 0.612538933754
        max: 5.54769468307
        mean: 0.976879477501
        min: -2.32427620888
        var: 1.91675579548
    barkbands_spread:
        dmean: 4.49622678757
        dmean2: 6.9973654747
        dvar: 28.1843147278
        dvar2: 68.7813339233
        max: 50.8116035461
        mean: 14.4693317413
        min: 1.59123909473
        var: 60.574131012
    dissonance:
        dmean: 0.0399182625115
        dmean2: 0.0663442760706
        dvar: 0.00121429027058
        dvar2: 0.00308457412757
        max: 0.499427944422
        mean: 0.40470713377
        min: 0.207063108683
        var: 0.00329538458027
    hfc:
        dmean: 3.30763554573
        dmean2: 4.53247070312
        dvar: 198.569564819
        dvar2: 377.419799805
        max: 279.506835938
        mean: 4.93119192123
        min: 0.00963760633022
        var: 295.42300415
    pitch:
        dmean: 173.420471191
        dmean2: 339.895996094
        dvar: 364559.375
        dvar2: 1066406.25
        max: 4410
        mean: 483.398254395
        min: 131.25
        var: 216038.390625
    pitch_instantaneous_confidence:
        dmean: 0.0800820142031
        dmean2: 0.13669782877
        dvar: 0.0114237386733
        dvar2: 0.0303243082017
        max: 0.984215497971
        mean: 0.785263836384
        min: 0.263200640678
        var: 0.0259822495282
    pitch_salience:
        dmean: 0.0652556940913
        dmean2: 0.103608734906
        dvar: 0.00392517447472
        dvar2: 0.00992764532566
        max: 0.796242713928
        mean: 0.508799254894
        min: 0.147069260478
        var: 0.0119056869298
    silence_rate_20dB:
        dmean: 0
        dmean2: 0
        dvar: 0
        dvar2: 0
        max: 1
        mean: 1
        min: 1
        var: 0
    silence_rate_30dB:
        dmean: 0
        dmean2: 0
        dvar: 0
        dvar2: 0
        max: 1
        mean: 1
        min: 1
        var: 0
    silence_rate_60dB:
        dmean: 0.103529408574
        dmean2: 0.207547172904
        dvar: 0.0928111821413
        dvar2: 0.178622275591
        max: 1
        mean: 0.762910783291
        min: 0
        var: 0.180877953768
    spectral_centroid:
        dmean: 248.604248047
        dmean2: 374.381622314
        dvar: 94800.7578125
        dvar2: 201882.75
        max: 4107.22216797
        mean: 1336.38879395
        min: 346.356872559
        var: 571536
    spectral_complexity:
        dmean: 1.28297364712
        dmean2: 2.08894228935
        dvar: 3.62256288528
        dvar2: 8.37911128998
        max: 22
        mean: 4.15311002731
        min: 0
        var: 9.96697998047
    spectral_crest:
        dmean: 2.62744116783
        dmean2: 4.09268283844
        dvar: 5.76146602631
        dvar2: 13.9979076385
        max: 24.6515331268
        mean: 12.4415931702
        min: 4.87251567841
        var: 19.4076194763
    spectral_decrease:
        dmean: 2.65916094699e-10
        dmean2: 3.54680312897e-10
        dvar: 6.63169050154e-19
        dvar2: 1.25181636495e-18
        max: -3.26722633323e-12
        mean: -5.7406623899e-10
        min: -1.66966938053e-08
        var: 1.28359106061e-18
    spectral_energy:
        dmean: 0.00129392452072
        dmean2: 0.00173963373527
        dvar: 1.8679204004e-05
        dvar2: 3.52938659489e-05
        max: 0.0883693248034
        mean: 0.00261393026449
        min: 1.32054083224e-05
        var: 3.31169358105e-05
    spectral_energyband_high:
        dmean: 0.000282416585833
        dmean2: 0.000426092912676
        dvar: 1.56612907176e-06
        dvar2: 3.40165684065e-06
        max: 0.0189893096685
        mean: 0.000289448187687
        min: 6.15501818402e-08
        var: 1.84403256753e-06
    spectral_energyband_low:
        dmean: 8.23245557058e-07
        dmean2: 1.44517048284e-06
        dvar: 9.53412045493e-13
        dvar2: 2.62355957271e-12
        max: 1.02128497019e-05
        mean: 1.11573569939e-06
        min: 6.12486985574e-08
        var: 1.14874852252e-12
    spectral_energyband_middle_high:
        dmean: 0.000767485646065
        dmean2: 0.00104098778684
        dvar: 1.046989928e-05
        dvar2: 2.02829178306e-05
        max: 0.0658712238073
        mean: 0.00126263312995
        min: 1.6760905055e-06
        var: 1.67960042745e-05
    spectral_energyband_middle_low:
        dmean: 0.000369489862351
        dmean2: 0.000491803279147
        dvar: 4.28108194228e-07
        dvar2: 7.84479709637e-07
        max: 0.00991909392178
        mean: 0.00106073496863
        min: 3.71381975128e-06
        var: 2.64414734374e-06
    spectral_flatness_db:
        dmean: 0.0290361884981
        dmean2: 0.0434885062277
        dvar: 0.000810130673926
        dvar2: 0.00188259140123
        max: 0.394957244396
        mean: 0.255112081766
        min: 0.1211296767
        var: 0.00319974776357
    spectral_flux:
        dmean: 0.00931101478636
        dmean2: 0.0142920855433
        dvar: 0.00024849086185
        dvar2: 0.000537299027201
        max: 0.193176150322
        mean: 0.0200722198933
        min: 0.000910422531888
        var: 0.000518150161952
    spectral_kurtosis:
        dmean: 4.10832643509
        dmean2: 6.88714647293
        dvar: 18.3054695129
        dvar2: 48.471408844
        max: 43.9245147705
        mean: 9.51520252228
        min: 0.70370554924
        var: 54.8705596924
    spectral_rms:
        dmean: 0.000284942390863
        dmean2: 0.000385184277548
        dvar: 2.64337387534e-07
        dvar2: 4.47598324627e-07
        max: 0.00928514823318
        mean: 0.00125311384909
        min: 0.000113504735054
        var: 9.79881860985e-07
    spectral_rolloff:
        dmean: 536.264221191
        dmean2: 918.887634277
        dvar: 663734.6875
        dvar2: 1510932.5
        max: 5211.03515625
        mean: 2127.66381836
        min: 344.53125
        var: 1811475.25
    spectral_skewness:
        dmean: 0.447916179895
        dmean2: 0.721156477928
        dvar: 0.194355607033
        dvar2: 0.461054474115
        max: 5.2635550499
        mean: 2.14364695549
        min: 0.598635971546
        var: 0.784351706505
    spectral_spread:
        dmean: 808005.75
        dmean2: 1265529.375
        dvar: 978996363264
        dvar2: 2.09555344589e+12
        max: 10878857
        mean: 3746023
        min: 1792236.25
        var: 1.71399302349e+12
    spectral_strongpeak:
        dmean: 0.54703348875
        dmean2: 0.850185275078
        dvar: 2.08945226669
        dvar2: 3.67261981964
        max: 17.2538223267
        mean: 1.14438557625
        min: 0.0229270607233
        var: 3.77907299995
    zerocrossingrate:
        dmean: 0.010616896674
        dmean2: 0.0123420124874
        dvar: 0.000105913619336
        dvar2: 0.000133716865093
        max: 0.17822265625
        mean: 0.0710507631302
        min: 0.015625
        var: 0.0012820425909
    barkbands:
        dmean: [5.74196823422e-09, 4.3312624598e-07, 5.28801194832e-07, 4.22385113552e-07, 2.89875115413e-05, 7.78996181907e-05, 4.1057519411e-05, 0.000164240511367, 0.000162579293828, 8.22713118396e-05, 2.73938458122e-05, 3.87443142245e-05, 9.16439385037e-05, 5.46312112419e-05, 9.1715646704e-06, 2.8916505471e-05, 0.000112702902697, 0.000107946296339, 0.000347331166267, 0.000114357659186, 0.000205107397051, 1.87860277947e-05, 3.68642326976e-06, 2.00798695005e-06, 1.25593703615e-06, 8.99344030358e-08, 3.82162523849e-10]
        dmean2: [9.10402953025e-09, 7.69549046709e-07, 9.4876992307e-07, 7.58128521738e-07, 4.99061497976e-05, 8.45442991704e-05, 6.66685082251e-05, 0.000231705213082, 0.000198715992155, 9.01037637959e-05, 4.05399696319e-05, 4.86573881062e-05, 0.000112208144856, 6.86732309987e-05, 1.4374388229e-05, 4.41045667685e-05, 0.000160038398462, 0.000166802637978, 0.000473728432553, 0.000171488456544, 0.000339400430676, 2.98216964438e-05, 5.62525065106e-06, 3.22984260492e-06, 2.25867779591e-06, 1.63156158806e-07, 7.13792580598e-10]
        dvar: [1.70251769514e-16, 2.94518695456e-13, 4.50475187751e-13, 6.02813317926e-13, 5.83082737649e-09, 9.67259410345e-08, 8.82214123976e-09, 1.93160815343e-07, 2.03018444722e-07, 1.47238822024e-07, 1.22420438231e-08, 2.52143994572e-08, 1.7851904488e-07, 1.67977958654e-07, 2.97204760802e-10, 1.96768414895e-08, 8.12442308984e-08, 1.42479294141e-07, 4.47024103778e-06, 2.86212838319e-07, 1.05189792521e-06, 1.05285371532e-08, 5.72985325853e-10, 7.99027510823e-11, 2.9344034147e-11, 1.3789898314e-13, 7.78692194944e-18]
        dvar2: [2.36556211605e-16, 8.097507582e-13, 1.29204958364e-12, 1.74323901668e-12, 1.50684229538e-08, 7.92673162664e-08, 2.24664447046e-08, 3.43865849572e-07, 3.53810008846e-07, 1.25937958728e-07, 2.46638069967e-08, 4.02213480299e-08, 2.85032399461e-07, 3.14948294999e-07, 7.03345715003e-10, 3.87756777798e-08, 1.73524568936e-07, 3.25756019492e-07, 8.63702825882e-06, 6.52557105241e-07, 2.41447673943e-06, 2.01870307137e-08, 1.22133214653e-09, 1.72611730465e-10, 6.36962843581e-11, 3.53433103097e-13, 2.27544565214e-17]
        max: [2.31257345717e-07, 6.65731840854e-06, 5.12143242304e-06, 6.11308314546e-06, 0.0010452142451, 0.00888875778764, 0.00110697117634, 0.00601487141103, 0.0053702541627, 0.00856024771929, 0.00161617412232, 0.00296596833505, 0.00652023032308, 0.00844783522189, 0.000189293597941, 0.00258141499944, 0.00279329554178, 0.0055083874613, 0.0416955277324, 0.00957127194852, 0.012602484785, 0.00184781069402, 0.000425494683441, 0.000142517819768, 7.09827290848e-05, 3.51707876689e-06, 3.94689898542e-08]
        mean: [7.10008718485e-09, 5.07429945173e-07, 6.01859767357e-07, 4.26573961931e-07, 5.26442490809e-05, 0.000224981195061, 6.34087482467e-05, 0.000276220176602, 0.000400376302423, 0.00016651340411, 5.16328327649e-05, 5.81839958613e-05, 0.00015875713143, 7.5111114711e-05, 1.27567554955e-05, 3.74896408175e-05, 0.000154711466166, 0.000150488005602, 0.000375495175831, 0.000122482844745, 0.000206268930924, 1.91162052943e-05, 3.06792776428e-06, 1.61757418482e-06, 1.00705790373e-06, 5.9624241544e-08, 2.41926367828e-10]
        min: [5.98836475199e-12, 1.54605039882e-08, 1.21349152948e-09, 2.61188048967e-09, 1.74360206273e-08, 2.67860968961e-08, 1.5696949518e-08, 7.77114372852e-09, 3.83388879754e-07, 1.91898799073e-08, 3.11556247468e-09, 5.84587178665e-09, 6.27371088413e-09, 1.4857231001e-08, 9.72415126199e-09, 5.92428062163e-09, 2.90371566791e-08, 4.51366730658e-08, 3.9983532929e-08, 2.3385107184e-08, 2.70929962909e-08, 6.91969237465e-09, 3.01790437085e-09, 1.19165766144e-09, 1.18512755165e-09, 1.00304820005e-10, 3.32206674279e-13]
        var: [1.84015922558e-16, 3.17078530316e-13, 4.44848910312e-13, 5.26041233143e-13, 1.20115366542e-08, 7.51828679313e-07, 1.25727241951e-08, 4.37438359313e-07, 9.65823119259e-07, 6.48349157473e-07, 3.08810932381e-08, 5.56730199719e-08, 3.90479726775e-07, 2.35518001546e-07, 5.02925201484e-10, 3.771620527e-08, 1.32467334879e-07, 2.87167239321e-07, 5.94296034251e-06, 3.21033837736e-07, 1.14554779884e-06, 1.30903465845e-08, 5.77369541066e-10, 7.88799719986e-11, 2.92611837538e-11, 9.5209938837e-14, 4.09767077485e-18]
    mfcc:
        mean: [-864.109375, 118.181556702, -70.6515960693, 32.4780693054, -44.5391616821, -25.4765071869, -10.1041173935, -13.5053033829, -5.58377218246, -5.39136838913, 2.61941218376, 5.16488265991, -6.09962177277]
        cov: [[8771.85351562, -2977.76049805, -582.675476074, 210.205123901, -683.637451172, -285.284973145, -283.783050537, -331.1043396, -176.168884277, -206.173904419, -139.056152344, 150.723846436, -8.43668174744], [-2977.76049805, 2220.8371582, 265.142822266, -366.588195801, 118.996063232, -34.7840995789, -106.874435425, -161.530517578, -114.975631714, -120.037582397, -240.117004395, -75.7776031494, 176.468322754], [-582.675476074, 265.142822266, 812.523010254, -146.287765503, 30.4076194763, -55.5469703674, -52.3917503357, -99.2576522827, -75.7908859253, -58.2973251343, -217.110580444, -135.501541138, 44.3587646484], [210.205123901, -366.588195801, -146.287765503, 384.907867432, -24.1793689728, 12.5530033112, 21.0793304443, 53.2412796021, 77.2455444336, 41.6572570801, 58.1684455872, -7.99363851547, -67.3153457642], [-683.637451172, 118.996063232, 30.4076194763, -24.1793689728, 228.269668579, 79.6491928101, 44.543384552, 34.0518989563, 18.2020931244, 31.4395561218, 27.7950000763, -16.8213996887, -14.7692060471], [-285.284973145, -34.7840995789, -55.5469703674, 12.5530033112, 79.6491928101, 187.892654419, 63.1071929932, 50.6436653137, 53.9823951721, 44.0086326599, 29.6348896027, -34.3001251221, -52.8587036133], [-283.783050537, -106.874435425, -52.3917503357, 21.0793304443, 44.543384552, 63.1071929932, 183.882064819, 111.235229492, 25.5736961365, 58.9283943176, 78.8776473999, -3.54369854927, -59.5494918823], [-331.1043396, -161.530517578, -99.2576522827, 53.2412796021, 34.0518989563, 50.6436653137, 111.235229492, 245.724914551, 76.8287734985, 34.9546470642, 144.05430603, 17.7385368347, -80.4014129639], [-176.168884277, -114.975631714, -75.7908859253, 77.2455444336, 18.2020931244, 53.9823951721, 25.5736961365, 76.8287734985, 245.016540527, 134.643188477, 17.6481781006, -89.4062652588, -144.614349365], [-206.173904419, -120.037582397, -58.2973251343, 41.6572570801, 31.4395561218, 44.0086326599, 58.9283943176, 34.9546470642, 134.643188477, 253.654281616, 85.4893798828, -42.3533706665, -125.393760681], [-139.056152344, -240.117004395, -217.110580444, 58.1684455872, 27.7950000763, 29.6348896027, 78.8776473999, 144.05430603, 17.6481781006, 85.4893798828, 345.87197876, 148.838363647, -66.7930679321], [150.723846436, -75.7776031494, -135.501541138, -7.99363851547, -16.8213996887, -34.3001251221, -3.54369854927, 17.7385368347, -89.4062652588, -42.3533706665, 148.838363647, 306.776641846, 144.873901367], [-8.43668174744, 176.468322754, 44.3587646484, -67.3153457642, -14.7692060471, -52.8587036133, -59.5494918823, -80.4014129639, -144.614349365, -125.393760681, -66.7930679321, 144.873901367, 317.436828613]]
        icov: [[0.000611917523202, 0.00095737882657, 0.000535023107659, 0.000541776185855, 0.000870307441801, 0.000270923977951, 0.000549934571609, 0.000680721073877, 0.000472231331514, 0.000316282297717, 0.000684515456669, -0.000119835822261, 0.000424145255238], [0.00095737882657, 0.00210379133932, 0.000858551939018, 0.00132021121681, 0.000985219841823, 0.000530113698915, 0.00101753696799, 0.00113229115959, 0.000743331271224, 0.000554632279091, 0.00124538422097, 1.97751745645e-07, 0.000447372760391], [0.000535023107659, 0.000858551939018, 0.00216423068196, 0.000895394885447, 0.000311837764457, 0.000752726744395, 0.000617554935161, 0.000399438344175, 0.00105705927126, 3.92562469642e-05, 0.00143465260044, 0.000455348461401, 0.000372380338376], [0.000541776185855, 0.00132021121681, 0.000895394885447, 0.0038407528773, 0.000817343418021, 0.000439956405899, 0.00055938627338, 0.000520526256878, -0.000307948532281, 0.000478505768115, 0.000501548347529, 0.000173209264176, 0.000393092050217], [0.000870307441801, 0.000985219841823, 0.000311837764457, 0.000817343418021, 0.0069269137457, -0.00185770040844, 0.000228658638662, 0.000786305579823, 0.000622072315309, 0.000109373781015, 0.000265305570792, 7.29162566131e-05, 0.000209325691685], [0.000270923977951, 0.000530113698915, 0.000752726744395, 0.000439956405899, -0.00185770040844, 0.00748676294461, -0.00148435146548, 0.000343963853084, -0.00076265714597, 0.000312047632178, 0.000342758197803, 0.000573770375922, 0.000255600491073], [0.000549934571609, 0.00101753696799, 0.000617554935161, 0.00055938627338, 0.000228658638662, -0.00148435146548, 0.00961846671999, -0.00350029231049, 0.00283280201256, -0.00197221199051, 0.00109720905311, 2.83192330244e-05, 0.000891970936209], [0.000680721073877, 0.00113229115959, 0.000399438344175, 0.000520526256878, 0.000786305579823, 0.000343963853084, -0.00350029231049, 0.0092947576195, -0.00284998584539, 0.00315531413071, -0.00258265435696, 0.000248700118391, 0.000525743118487], [0.000472231331514, 0.000743331271224, 0.00105705927126, -0.000307948532281, 0.000622072315309, -0.00076265714597, 0.00283280201256, -0.00284998584539, 0.00928046926856, -0.00387886632234, 0.00273497006856, 0.00035735979327, 0.00220586243086], [0.000316282297717, 0.000554632279091, 3.92562469642e-05, 0.000478505768115, 0.000109373781015, 0.000312047632178, -0.00197221199051, 0.00315531413071, -0.00387886632234, 0.00763380946591, -0.00210712663829, 0.00035609738552, 0.000924850872252], [0.000684515456669, 0.00124538422097, 0.00143465260044, 0.000501548347529, 0.000265305570792, 0.000342758197803, 0.00109720905311, -0.00258265435696, 0.00273497006856, -0.00210712663829, 0.0082849720493, -0.00402479432523, 0.00284659350291], [-0.000119835822261, 1.97751745645e-07, 0.000455348461401, 0.000173209264176, 7.29162566131e-05, 0.000573770375922, 2.83192330244e-05, 0.000248700118391, 0.00035735979327, 0.00035609738552, -0.00402479432523, 0.00749072805047, -0.00382502772845], [0.000424145255238, 0.000447372760391, 0.000372380338376, 0.000393092050217, 0.000209325691685, 0.000255600491073, 0.000891970936209, 0.000525743118487, 0.00220586243086, 0.000924850872252, 0.00284659350291, -0.00382502772845, 0.00701182847843]]
    spectral_contrast:
        mean: [4.91996772212e-08, -1.27626847757e-07, -3.00999886349e-07, 1.98661354034e-07, -1.49038351083e-06, -4.46696162726e-07, 4.83068561152e-06, -2.37522021962e-06, 5.03046112499e-06, 1.14004581064e-06, -4.41060092271e-06, -2.8959498195e-06]
        var: [0.000755811110139, 0.00196803058498, 0.00288067618385, 0.00600428180769, 0.00848458241671, 0.0128221474588, 0.0639758631587, 0.133836358786, 0.153166413307, 0.174162596464, 0.482200026512, 4.41053199768]

rhythm:
    beats_loudness:
        dmean: 0.0052281212993
        dmean2: 0.00871120207012
        dvar: 1.45450785567e-05
        dvar2: 5.22208101756e-05
        max: 0.0137412464246
        mean: 0.00476210284978
        min: 0.000142086340929
        var: 2.17148663069e-05
    beats_loudness_bass:
        dmean: 0.00212752213702
        dmean2: 0.00439044414088
        dvar: 9.73044370767e-06
        dvar2: 2.71358458122e-05
        max: 0.009052968584
        mean: 0.00153802603018
        min: 8.71016382007e-05
        var: 6.02076488576e-06
    bpm: 47.3662490845
    bpm_confidence: 0
    first_peak_bpm: 95
    first_peak_spread: 0
    first_peak_weight: 0.5
    onset_rate: 3.98763012886
    second_peak_bpm: 47
    second_peak_spread: 0
    second_peak_weight: 0.40000000596
    beats_position: [0.72083312273, 1.98755788803, 3.25428271294, 4.52100753784, 5.78773212433, 6.37670326233, 7.00679349899, 7.63688325882, 8.26697349548, 8.89706325531, 9.52715301514]
    bpm_estimates: [47.3966598511, 47.360786438, 47.3545379639, 47.353012085]
    bpm_intervals: [1.26672482491, 1.26672482491, 1.26672482491, 1.26672458649, 0.588971138, 0.630090236664, 0.630089759827, 0.630090236664, 0.630089759827, 0.630089759827]
    onset_times: [0.348299324512, 0.708208620548, 1.09133791924, 1.48607707024, 1.83437645435, 2.21750569344, 2.61224484444, 2.96054410934, 3.13469386101, 3.5178232193, 5.4334692955, 5.67727899551, 5.78176879883, 5.97913837433, 6.07201814651, 6.1648979187, 6.24616765976, 6.37387752533, 6.53641700745, 6.67573690414, 6.82666683197, 7.00081634521, 7.24462604523, 7.31428575516, 7.45360565186, 7.60453510284, 7.77868461609, 7.92961454391, 8.17342376709, 8.32435417175, 8.47528362274, 8.57977294922, 8.73070335388, 8.87002277374, 8.97451210022, 9.2067117691, 9.35764217377, 9.50857162476, 9.64789104462, 9.7639913559]
    rubato_start: [6.37670326233]
    rubato_stop: [7.00679349899]
    perceptual_tempo: "unknown"

sfx:
    inharmonicity:
        dmean: 0.0568219162524
        dmean2: 0.101984620094
        dvar: 0.00673205405474
        dvar2: 0.0190644878894
        max: 0.405713915825
        mean: 0.0484255924821
        min: 8.60403597471e-05
        var: 0.00638929381967
    oddtoevenharmonicenergyratio:
        dmean: 18.698179245
        dmean2: 32.5830154419
        dvar: 7172.12109375
        dvar2: 17114.0292969
        max: 1354.02209473
        mean: 12.6694345474
        min: 0.000581817468628
        var: 6247.86621094
    pitch_after_max_to_before_max_energy_ratio: 2.58680272102
    pitch_centroid: 202.455566406
    pitch_max_to_total: 0.291866034269
    pitch_min_to_total: 0.590909063816
    tristimulus:
        dmean: [0.202534779906, 0.27559441328, 0.0910611078143]
        dmean2: [0.369262993336, 0.505742132664, 0.169339284301]
        dvar: [0.0463049821556, 0.078100413084, 0.0183676332235]
        dvar2: [0.130090132356, 0.214162692428, 0.0517023950815]
        max: [0.924862384796, 0.997811257839, 0.895376861095]
        mean: [0.346908211708, 0.510243952274, 0.0745044946671]
        min: [0.00173997273669, 0, 0]
        var: [0.066042996943, 0.0945498794317, 0.0149120055139]

tonal:
    chords_changes_rate: 0.0333333350718
    chords_number_rate: 0.0285714287311
    chords_strength:
        dmean: 0.00903426017612
        dmean2: 0.00639114296064
        dvar: 5.69302683289e-05
        dvar2: 3.61250786227e-05
        max: 0.726271033287
        mean: 0.527284681797
        min: 0.28601026535
        var: 0.0151836853474
    key_strength: 0.628429591656
    tuning_diatonic_strength: 0.577915489674
    tuning_equal_tempered_deviation: 0.0913611650467
    tuning_frequency: 442.293365479
    tuning_nontempered_energy_ratio: 0.679301857948
    hpcp:
        dmean: [0.0534636117518, 0.0397251360118, 0.0320650041103, 0.0253421012312, 0.0268417727202, 0.0670474469662, 0.10092304647, 0.0599289350212, 0.125130608678, 0.139187604189, 0.0929548293352, 0.0446275770664, 0.0375014208257, 0.0348423160613, 0.0845699608326, 0.111604310572, 0.0696198642254, 0.0293327663094, 0.0236454196274, 0.0213988106698, 0.116111956537, 0.150291234255, 0.0789283663034, 0.0107014393434, 0.0079853516072, 0.011400571093, 0.0528287403286, 0.0723456814885, 0.0496306307614, 0.0858144462109, 0.110533483326, 0.0636401847005, 0.0255384165794, 0.0246554017067, 0.0312135666609, 0.0519286431372]
        dmean2: [0.0883458703756, 0.0639113560319, 0.0559063516557, 0.0462923571467, 0.0492048636079, 0.1102437675, 0.162950649858, 0.0908578932285, 0.214705973864, 0.237464293838, 0.151739761233, 0.0744335129857, 0.0628731846809, 0.0580011196434, 0.135418266058, 0.179406136274, 0.113540448248, 0.0494896546006, 0.0402173064649, 0.0331453941762, 0.183715641499, 0.254112422466, 0.134028285742, 0.0186305604875, 0.014293178916, 0.0198937393725, 0.0902317091823, 0.123890928924, 0.0822261050344, 0.137248367071, 0.173027694225, 0.101356215775, 0.0439537987113, 0.0440193451941, 0.0547631643713, 0.0896460488439]
        dvar: [0.0177618321031, 0.00811722129583, 0.00672416202724, 0.0036328334827, 0.0115678431466, 0.0156169757247, 0.0320761501789, 0.0109088020399, 0.042394194752, 0.0660217925906, 0.022319752723, 0.0115827266127, 0.0100410180166, 0.00441880244762, 0.0175803620368, 0.0443633459508, 0.0125142494217, 0.0121242385358, 0.0133387986571, 0.00134623376653, 0.029020069167, 0.0632224455476, 0.0138090969995, 0.000419771997258, 0.000323054962792, 0.000648289278615, 0.019498558715, 0.0330641642213, 0.00681416271254, 0.0220297221094, 0.0335210487247, 0.0129644405097, 0.00296436343342, 0.00410059373826, 0.00922497175634, 0.0188521593809]
        dvar2: [0.0405745655298, 0.0206257738173, 0.0190377347171, 0.0102314408869, 0.0329503789544, 0.0342217758298, 0.0686722099781, 0.0214068759233, 0.0964303910732, 0.130117475986, 0.0517425276339, 0.0230961740017, 0.0197150036693, 0.0101997898892, 0.032569527626, 0.0896888151765, 0.0298293270171, 0.0293706096709, 0.0301381386817, 0.00312042608857, 0.0532167591155, 0.120433300734, 0.031765639782, 0.00117160321679, 0.000914169067983, 0.00156833860092, 0.0369137004018, 0.0609932988882, 0.0152334850281, 0.0462623238564, 0.0621015690267, 0.0254072565585, 0.00732860667631, 0.0112412022427, 0.0255709383637, 0.0509666055441]
        max: [1, 0.794136166573, 0.836371421814, 0.519699752331, 1, 1, 1, 0.970164239407, 1, 1, 1, 1, 1, 0.70618480444, 1, 1, 0.715924859047, 0.954577445984, 1, 0.245017051697, 1, 1, 0.700915873051, 0.156495243311, 0.131724849343, 0.186858087778, 0.99690759182, 1, 0.551486372948, 1, 1, 1, 0.367015987635, 0.537933647633, 0.802676320076, 1]
        mean: [0.0802501663566, 0.0529109537601, 0.030986616388, 0.0222461614758, 0.0215945206583, 0.106406800449, 0.164572894573, 0.0966422557831, 0.180088534951, 0.275673449039, 0.140451446176, 0.0563161708415, 0.0673501640558, 0.0603271126747, 0.204311311245, 0.291245788336, 0.12822625041, 0.0344194471836, 0.0283949784935, 0.0254457239062, 0.246203139424, 0.378423750401, 0.156459212303, 0.00961636286229, 0.00696551101282, 0.0146695729345, 0.12167583406, 0.169542700052, 0.086078196764, 0.138544350863, 0.230083227158, 0.134594455361, 0.028867950663, 0.0200601350516, 0.0252165291458, 0.0606912449002]
        min: [2.39568125835e-05, 2.83063436655e-05, 1.36251137519e-05, 1.95015618374e-05, 7.3157978477e-05, 0.00019423973572, 0.000115223490866, 0.000471176259452, 6.53797542327e-05, 2.74099438684e-05, 1.85737917491e-05, 3.70852430933e-05, 4.65382981929e-05, 6.29352798569e-05, 0.000194638618268, 7.92117934907e-05, 5.35819599463e-05, 5.3835719882e-05, 2.79800569842e-05, 2.41607031057e-05, 4.69468868687e-05, 8.10612473288e-05, 0.000137208771775, 4.98510307807e-05, 2.38987431658e-05, 3.32893177983e-05, 6.26803885098e-05, 0.000105228464236, 0.000176569898031, 0.000118679527077, 0.000135317139211, 0.000113032459922, 8.01459464128e-05, 4.09948224842e-05, 9.19226949918e-05, 4.4485397666e-05]
        var: [0.0363490879536, 0.0113985035568, 0.00582753308117, 0.00284503446892, 0.00701539311558, 0.0379577614367, 0.0856122970581, 0.0271078199148, 0.0679536983371, 0.150397285819, 0.0457205362618, 0.0202049296349, 0.0372514240444, 0.0121263368055, 0.0868920981884, 0.145214661956, 0.0244443528354, 0.0146703198552, 0.0169407054782, 0.00208350666799, 0.0844209566712, 0.181748464704, 0.0362451896071, 0.000337862788001, 0.000215109466808, 0.00105105317198, 0.0596000030637, 0.1043484658, 0.0163553245366, 0.0451993308961, 0.105453751981, 0.0577957928181, 0.00367072131485, 0.00283540575765, 0.00693593313918, 0.0233664885163]
    chords_histogram: [24.2857151031, 14.2857141495, 7.14285707474, 0, 0, 0, 0, 0, 0, 0, 0, 0, 0, 0, 0, 0, 0, 0, 0, 0, 0, 14.2857141495, 22.8571434021, 17.1428565979]
    thpcp: [1, 0.413449764252, 0.0254116263241, 0.0184066426009, 0.0387649387121, 0.321533292532, 0.448023408651, 0.227465108037, 0.366109013557, 0.608004212379, 0.355671256781, 0.0762847214937, 0.0530097149312, 0.0666356906295, 0.160379052162, 0.212064296007, 0.139819324017, 0.0818833783269, 0.0587863773108, 0.0570643916726, 0.281184256077, 0.434890508652, 0.255381047726, 0.475891202688, 0.728478193283, 0.371148616076, 0.148817747831, 0.177975520492, 0.159416824579, 0.539900839329, 0.769628703594, 0.338843017817, 0.090954773128, 0.0750348716974, 0.0672413483262, 0.650601685047]
    chords_key: "G"
    chords_scale: "major"
    key_key: "G"
    key_scale: "major"
    chords_progression: ["Em", "Em", "Em", "Em", "Em", "Em", "Em", "Em", "Em", "Em", "Em", "Em", "Em", "Em", "Em", "Em", "Em", "Em", "Em", "Em", "Em", "Em", "Em", "Em", "Em", "Em", "Em", "Em", "Em", "Em", "Em", "Em", "D", "D", "D", "D", "D", "D", "D", "D", "D", "D", "D", "D", "D", "D", "D", "G", "G", "G", "G", "G", "G", "G", "G", "G", "G", "G", "G", "G", "G", "G", "G", "G", "G", "G", "G", "G", "G", "G", "G", "G", "Bm", "Bm", "Bm", "Bm", "Bm", "Bm", "Bm", "Bm", "Bm", "Bm", "Bm", "Bm", "Bm", "Bm", "Bm", "Bm", "Bm", "Bm", "Bm", "Bm", "Bm", "Bm", "Bm", "Bm", "Bm", "Bm", "Bm", "Bm", "Bm", "Bm", "G", "G", "G", "G", "G", "G", "G", "G", "G", "G", "G", "G", "G", "G", "G", "G", "G", "G", "G", "G", "G", "G", "G", "G", "G", "G", "Em", "Em", "Em", "Em", "Am", "Am", "Am", "Am", "Am", "Am", "Am", "Am", "Am", "Am", "Am", "Am", "Am", "Am", "Am", "Am", "Am", "Am", "Am", "Am", "Am", "Am", "Am", "Am", "Am", "Am", "Am", "Am", "Am", "Am", "C", "C", "C", "C", "C", "C", "C", "C", "C", "C", "C", "C", "C", "C", "C", "C", "C", "C", "C", "C", "C", "C", "C", "C", "C", "C", "C", "C", "C", "C", "C", "C", "C", "C", "C", "C", "C", "C", "C", "C", "C", "C", "C", "C", "C", "C", "C", "C"]
