
metadata:
    version:
        essentia: "1.2.2"
    audio_properties:
        analysis_sample_rate: 44100
        bitrate: 128
        channels: 2
        equal_loudness: 1
        length: 10.0310201645
        replay_gain: -3.97060203552
        downmix: "mix"
    tags:
        track: 1
        year: 0
        album: "Splitted by Mp3Splt v. 2.1"
        artist: "From 000.00 To 000.10"
        comment: "http://mp3splt.sf.net"
        genre: ""
        title: "08 Verbal [Kid 606 Dancehall D"

highlevel:
    ballroom:
        all:
            ChaChaCha: 0.00841700099409
            Jive: 0.000498554785736
            Quickstep: 0.00068962527439
            Rumba-American: 0.00777984783053
            Rumba-International: 0.133659362793
            Rumba-Misc: 0.515397369862
            Samba: 0.000995429232717
            Tango: 0.00556052057073
            VienneseWaltz: 0.0438087433577
            Waltz: 0.283193558455
        probability: 0.515397369862
        value: "Rumba-Misc"
    culture:
        all:
            non_western: 0.93126308918
            western: 0.0687369331717
        probability: 0.93126308918
        value: "non_western"
    gender:
        all:
            female: 0.761824250221
            male: 0.23817576468
        probability: 0.761824250221
        value: "female"
    genre_dortmund:
        all:
            alternative: 0.00217002700083
            blues: 0.0133480792865
            electronic: 0.891413807869
            folkcountry: 0.0110824331641
            funksoulrnb: 0.0089146271348
            jazz: 0.0449666082859
            pop: 0.0150834340602
            raphiphop: 0.00749970879406
            rock: 0.00552129931748
        probability: 0.891413807869
        value: "electronic"
    genre_electronica:
        all:
            ambient: 0.868128418922
            dnb: 0.00267952564172
            house: 0.11002022773
            techno: 0.0139069976285
            trance: 0.00526480190456
        probability: 0.868128418922
        value: "ambient"
    genre_rosamerica:
        all:
            cla: 0.352811336517
            dan: 0.050686288625
            hip: 0.0207654125988
            jaz: 0.205889806151
            pop: 0.0554119162261
            rhy: 0.228921875358
            roc: 0.0586100816727
            spe: 0.026903282851
        probability: 0.352811336517
        value: "cla"
    genre_tzanetakis:
        all:
            blu: 0.0886046439409
            cla: 0.501101970673
            cou: 0.0246666632593
            dis: 0.0154502913356
            hip: 0.0207909140736
            jaz: 0.164952948689
            met: 0.0100068515167
            pop: 0.0313730761409
            reg: 0.0975858420134
            roc: 0.0454667843878
        probability: 0.501101970673
        value: "cla"
    live_studio:
        all:
            live: 0.0162879191339
            studio: 0.983712077141
        probability: 0.983712077141
        value: "studio"
    mood:
        all:
            Cluster1: 0.10130109638
            Cluster2: 0.119041480124
            Cluster3: 0.48643130064
            Cluster4: 0.271597296
            Cluster5: 0.021628824994
        probability: 0.48643130064
        value: "Cluster3"
    mood_acoustic:
        all:
            acoustic: 0.398832648993
            not_acoustic: 0.601167321205
        probability: 0.601167321205
        value: "not_acoustic"
    mood_aggressive:
        all:
            aggressive: 1.37620654641e-05
            not_aggressive: 0.999986231327
        probability: 0.999986231327
        value: "not_aggressive"
    mood_electronic:
        all:
            electronic: 0.873992323875
            not_electronic: 0.126007661223
        probability: 0.873992323875
        value: "electronic"
    mood_happy:
        all:
            happy: 0.0587456189096
            not_happy: 0.941254377365
        probability: 0.941254377365
        value: "not_happy"
    mood_party:
        all:
            not_party: 0.969125509262
            party: 0.0308744963259
        probability: 0.969125509262
        value: "not_party"
    mood_relaxed:
        all:
            not_relaxed: 0.2223559618
            relaxed: 0.7776440382
        probability: 0.7776440382
        value: "relaxed"
    mood_sad:
        all:
            not_sad: 0.181282281876
            sad: 0.818717718124
        probability: 0.818717718124
        value: "sad"
    rhythm:
        all:
            fast: 0.0474171005189
            medium: 0.772976636887
            slow: 0.179606243968
        probability: 0.772976636887
        value: "medium"
    speech_music:
        all:
            music: 0.999749600887
            speech: 0.000250413315371
        probability: 0.999749600887
        value: "music"
    timbre:
        all:
            bright: 0.0380600206554
            dark: 0.96193999052
        probability: 0.96193999052
        value: "dark"
    voice_instrumental:
        all:
            instrumental: 0.994875788689
            voice: 0.0051242094487
        probability: 0.994875788689
        value: "instrumental"

lowlevel:
    average_loudness: 0.964666366577
    barkbands_kurtosis:
        dmean: 23.581029892
        dmean2: 36.3649101257
        dvar: 1577.73388672
        dvar2: 3466.90161133
        max: 361.105865479
        mean: 37.8530426025
        min: -1.60714173317
        var: 2612.40600586
    barkbands_skewness:
        dmean: 1.57003378868
        dmean2: 2.42866969109
        dvar: 3.61399698257
        dvar2: 8.51438045502
        max: 14.4804487228
        mean: 3.50556707382
        min: -1.4009963274
        var: 8.6734790802
    barkbands_spread:
        dmean: 2.31075429916
        dmean2: 3.78924202919
        dvar: 15.3493385315
        dvar2: 33.3469581604
        max: 33.1145553589
        mean: 4.34688806534
        min: 0.0881252661347
        var: 38.3421936035
    dissonance:
        dmean: 0.0714811831713
        dmean2: 0.10940156877
        dvar: 0.00355238025077
        dvar2: 0.00650287279859
        max: 0.499933928251
        mean: 0.301651209593
        min: 0.087584272027
        var: 0.0110970176756
    hfc:
        dmean: 0.708029329777
        dmean2: 0.9700948596
        dvar: 1.60708522797
        dvar2: 3.24421000481
        max: 12.8744220734
        mean: 1.7764878273
        min: 0.00364323728718
        var: 4.86379146576
    pitch:
        dmean: 59.7534294128
        dmean2: 112.610839844
        dvar: 8784.40332031
        dvar2: 17841.5117188
        max: 711.290344238
        mean: 207.331054688
        min: 47.4193534851
        var: 11489.6474609
    pitch_instantaneous_confidence:
        dmean: 0.0959449410439
        dmean2: 0.160553857684
        dvar: 0.0121438335627
        dvar2: 0.0268130581826
        max: 0.928090572357
        mean: 0.671143710613
        min: 0.141568303108
        var: 0.0420445762575
    pitch_salience:
        dmean: 0.0926332473755
        dmean2: 0.147518217564
        dvar: 0.0128746982664
        dvar2: 0.0259994063526
        max: 0.915691077709
        mean: 0.438354820013
        min: 0.129085123539
        var: 0.0327435992658
    silence_rate_20dB:
        dmean: 0
        dmean2: 0
        dvar: 0
        dvar2: 0
        max: 1
        mean: 1
        min: 1
        var: 0
    silence_rate_30dB:
        dmean: 0
        dmean2: 0
        dvar: 0
        dvar2: 0
        max: 1
        mean: 1
        min: 1
        var: 0
    silence_rate_60dB:
        dmean: 0.196261689067
        dmean2: 0.393442630768
        dvar: 0.157742634416
        dvar2: 0.276117235422
        max: 1
        mean: 0.54545456171
        min: 0
        var: 0.247934430838
    spectral_centroid:
        dmean: 81.8018875122
        dmean2: 120.570907593
        dvar: 24803.9101562
        dvar2: 46481.9570312
        max: 1764.140625
        mean: 407.808044434
        min: 65.6444396973
        var: 62016.1640625
    spectral_complexity:
        dmean: 1.39716315269
        dmean2: 2.28909945488
        dvar: 13.303276062
        dvar2: 26.6084289551
        max: 30
        mean: 4.40566015244
        min: 0
        var: 38.7646560669
    spectral_crest:
        dmean: 2.98598694801
        dmean2: 4.49702882767
        dvar: 11.2007493973
        dvar2: 22.4961776733
        max: 26.1221923828
        mean: 16.0223636627
        min: 3.17917895317
        var: 36.3030891418
    spectral_decrease:
        dmean: 3.71474129235e-10
        dmean2: 5.21499787798e-10
        dvar: 3.12322383743e-19
        dvar2: 7.26502547344e-19
        max: -2.05822425076e-12
        mean: -9.74470393267e-10
        min: -7.62807150778e-09
        var: 7.69182016723e-19
    spectral_energy:
        dmean: 0.00145477463957
        dmean2: 0.00204769917764
        dvar: 4.71759403808e-06
        dvar2: 1.08831618491e-05
        max: 0.0296829808503
        mean: 0.00383900594898
        min: 8.09863286122e-06
        var: 1.19350461318e-05
    spectral_energyband_high:
        dmean: 1.74153592525e-06
        dmean2: 2.63572178483e-06
        dvar: 3.48838909148e-11
        dvar2: 6.4767115282e-11
        max: 6.39894715277e-05
        mean: 2.61638228949e-06
        min: 1.07876541033e-09
        var: 6.52693316061e-11
    spectral_energyband_low:
        dmean: 0.000180207876838
        dmean2: 0.000318307138514
        dvar: 6.20779815108e-07
        dvar2: 1.76371304406e-06
        max: 0.00557161914185
        mean: 0.000220210713451
        min: 3.03321812112e-10
        var: 4.7379313628e-07
    spectral_energyband_middle_high:
        dmean: 0.000246206618613
        dmean2: 0.000334347510943
        dvar: 4.02350167406e-07
        dvar2: 7.47941896861e-07
        max: 0.00524230580777
        mean: 0.000420305412263
        min: 1.08434790036e-07
        var: 1.10514201879e-06
    spectral_energyband_middle_low:
        dmean: 0.00127342785709
        dmean2: 0.00165627477691
        dvar: 3.3031201383e-06
        dvar2: 6.74505281495e-06
        max: 0.0293910652399
        mean: 0.00319585460238
        min: 7.73917508923e-06
        var: 9.29285670281e-06
    spectral_flatness_db:
        dmean: 0.0709083601832
        dmean2: 0.114891849458
        dvar: 0.00440060300753
        dvar2: 0.00963762402534
        max: 0.619682133198
        mean: 0.414833903313
        min: 0.204254105687
        var: 0.0105369528756
    spectral_flux:
        dmean: 0.0136151546612
        dmean2: 0.0224606767297
        dvar: 0.000279239699012
        dvar2: 0.000575987389311
        max: 0.107781656086
        mean: 0.0233533792198
        min: 0.000562918023206
        var: 0.000442875025328
    spectral_kurtosis:
        dmean: 43.5163955688
        dmean2: 73.2644958496
        dvar: 2348.05200195
        dvar2: 5986.45800781
        max: 446.787963867
        mean: 80.18309021
        min: 3.07036924362
        var: 4171.9765625
    spectral_rms:
        dmean: 0.000359804340405
        dmean2: 0.000504508207086
        dvar: 2.10945430013e-07
        dvar2: 4.20503482701e-07
        max: 0.00538135739043
        mean: 0.00173312844709
        min: 8.88881622814e-05
        var: 7.4163779118e-07
    spectral_rolloff:
        dmean: 125.788444519
        dmean2: 198.952407837
        dvar: 100797.523438
        dvar2: 183079.8125
        max: 2777.78320312
        mean: 535.079406738
        min: 64.599609375
        var: 248108.546875
    spectral_skewness:
        dmean: 2.13684153557
        dmean2: 3.51806378365
        dvar: 3.91728544235
        dvar2: 9.2777299881
        max: 16.1320781708
        mean: 6.38682317734
        min: 0.753259420395
        var: 9.59657478333
    spectral_spread:
        dmean: 627863.5
        dmean2: 1101905.25
        dvar: 477117317120
        dvar2: 1.23580881306e+12
        max: 6445528
        mean: 1452587
        min: 207892.578125
        var: 526911963136
    spectral_strongpeak:
        dmean: 0.144059345126
        dmean2: 0.177019178867
        dvar: 0.026392986998
        dvar2: 0.0555416829884
        max: 1.70460617542
        mean: 0.505721926689
        min: 0.0229303911328
        var: 0.107242621481
    zerocrossingrate:
        dmean: 0.0026330249384
        dmean2: 0.00332193239592
        dvar: 1.34793071993e-05
        dvar2: 1.4729223949e-05
        max: 0.06298828125
        mean: 0.0177762005478
        min: 0.00244140625
        var: 4.2594907427e-05
    barkbands:
        dmean: [9.31574504648e-07, 8.25903844088e-05, 9.92541899905e-05, 7.99925473984e-05, 0.000839226588141, 0.000350718793925, 0.000239563218202, 7.51149418647e-05, 5.73526594962e-05, 5.48417701793e-05, 3.89161796193e-05, 3.72726608475e-05, 2.83678346022e-05, 3.27347588609e-05, 2.64618229266e-05, 2.89092367893e-05, 2.51497040153e-05, 2.8922344427e-05, 9.99144958769e-06, 2.39144969783e-06, 4.82188283968e-07, 9.61465076443e-08, 4.65745664258e-09, 1.01632713356e-09, 6.56131426968e-10, 2.05383945961e-10, 1.88511151133e-10]
        dmean2: [1.23358142901e-06, 0.000135426889756, 0.000186041856068, 0.000147034996189, 0.000986019847915, 0.000391288631363, 0.000284614041448, 0.000120296463137, 8.61577209434e-05, 7.55223591113e-05, 5.26500298292e-05, 5.02040966239e-05, 3.69695808331e-05, 4.60809969809e-05, 4.08446212532e-05, 4.65722368972e-05, 3.68814071408e-05, 4.44964061899e-05, 1.50991791088e-05, 3.85861176255e-06, 7.32549665372e-07, 1.71394106019e-07, 8.29441049177e-09, 1.75509473621e-09, 1.14211051727e-09, 3.53032408862e-10, 3.21053822416e-10]
        dvar: [1.25416092442e-11, 1.25187000322e-07, 2.00963526709e-07, 1.00951581317e-07, 1.21161031075e-06, 3.86563243637e-07, 1.7251608142e-07, 6.99110103142e-08, 2.85857986171e-08, 2.87191816994e-08, 1.13080984576e-08, 8.73648708932e-09, 5.8517302115e-09, 7.91292009694e-09, 6.41835562476e-09, 1.00308508166e-08, 6.53727916244e-09, 7.00451607827e-09, 1.89811255602e-09, 5.44620078202e-11, 2.84303288377e-12, 6.39330100904e-14, 1.73616938769e-16, 2.44624852246e-18, 9.1951206349e-19, 3.38396977807e-19, 3.79726385029e-19]
        dvar2: [2.3953276862e-11, 3.412390015e-07, 5.74360228711e-07, 2.58907988382e-07, 2.63737570094e-06, 6.20902767423e-07, 3.84879058402e-07, 1.37553328727e-07, 5.64334570186e-08, 5.17311562476e-08, 2.12236521691e-08, 1.36071101053e-08, 8.70194938329e-09, 1.36525075689e-08, 1.27686794471e-08, 2.30753745001e-08, 1.31626558542e-08, 1.37128672861e-08, 4.32057722932e-09, 9.85516945828e-11, 5.46958615552e-12, 1.67572119375e-13, 4.43308033714e-16, 5.56230530517e-18, 1.92554618508e-18, 4.91989502457e-19, 5.53161576707e-19]
        max: [4.05807950301e-05, 0.0026303648483, 0.0034800732974, 0.00214175903238, 0.0100581161678, 0.00949689559639, 0.00654067564756, 0.00244447588921, 0.00164271541871, 0.00151791854296, 0.00100648612715, 0.000845983799081, 0.000637935940176, 0.000911100651138, 0.000584994500969, 0.00104964943603, 0.000733872351702, 0.000990316504613, 0.000429886742495, 6.64378821966e-05, 1.68262231455e-05, 2.11226188185e-06, 1.04204552542e-07, 1.16151230856e-08, 1.14710418941e-08, 1.09969446882e-08, 1.16043157306e-08]
        mean: [5.90459239902e-06, 0.000149628132931, 6.47012129775e-05, 6.55200419715e-05, 0.00166832644027, 0.000761713774409, 0.000512579339556, 8.89703369467e-05, 8.28641132102e-05, 7.1826572821e-05, 5.27140837221e-05, 5.63454523217e-05, 4.70221311843e-05, 4.7611498303e-05, 3.4954657167e-05, 4.72790597996e-05, 3.03761116811e-05, 3.45916632796e-05, 1.20797712952e-05, 3.26244025928e-06, 6.53697384223e-07, 7.7789238162e-08, 4.42008829538e-09, 9.65745039494e-10, 6.27443486056e-10, 1.84067386333e-10, 1.55307017247e-10]
        min: [5.05343206517e-12, 1.05002714856e-10, 7.41315758779e-11, 3.55059787127e-10, 4.43533338057e-07, 6.24696781415e-07, 9.69765068248e-08, 4.25144008886e-09, 1.35258755307e-08, 4.68697969325e-09, 1.26499366537e-09, 3.17245718584e-09, 5.02955399551e-10, 7.94736010334e-09, 4.3780330472e-09, 1.20941723303e-09, 1.41203204684e-09, 3.15463877243e-09, 4.92318630307e-10, 3.63962637806e-10, 3.15990872357e-10, 5.40420382056e-11, 9.43198904396e-12, 7.71344143072e-13, 8.64012908528e-13, 7.83026055562e-14, 3.84092637998e-15]
        var: [1.14243801919e-10, 1.41994220826e-07, 1.31140694748e-07, 9.20892375689e-08, 3.47840136783e-06, 1.21559548916e-06, 4.94035361953e-07, 1.19547650002e-07, 5.95244635804e-08, 5.34292716736e-08, 2.32547119339e-08, 2.48657574531e-08, 1.77909083021e-08, 1.79580208481e-08, 1.18200969013e-08, 1.85773050276e-08, 1.13355316245e-08, 1.127707705e-08, 2.24091811774e-09, 9.3603173823e-11, 4.86480994377e-12, 5.39836628362e-14, 1.70558143978e-16, 2.65805101344e-18, 9.4766381147e-19, 3.3161125335e-19, 3.68358958858e-19]
    mfcc:
        mean: [-981.916687012, 243.275558472, -51.4309806824, 56.9632492065, -8.02331066132, -18.1359500885, -18.4163837433, -29.2147426605, -18.6378269196, -25.1849842072, -15.7816295624, -8.17833995819, -4.2698302269]
        cov: [[11096.4228516, 227.769241333, -3060.03417969, -322.624633789, -700.131958008, 413.836273193, 781.089111328, 751.004211426, 630.860290527, 389.033843994, 415.016540527, 232.28086853, 175.429855347], [227.769241333, 1025.77600098, 146.402923584, -107.169540405, 84.3204574585, 68.9795455933, 175.982345581, 83.6060409546, 136.816635132, 165.610977173, 102.065574646, 81.4161529541, 40.69713974], [-3060.03417969, 146.402923584, 2255.49145508, 241.729217529, 583.716430664, -27.3041286469, -158.782226562, -110.029930115, -111.974243164, -81.8142471313, -178.81803894, -119.414031982, -69.9799804688], [-322.624633789, -107.169540405, 241.729217529, 823.722717285, 147.540817261, 126.825263977, 238.774307251, 168.676208496, 225.324539185, 57.0896606445, 20.022731781, 79.5267868042, 68.9225540161], [-700.131958008, 84.3204574585, 583.716430664, 147.540817261, 524.430358887, 187.876022339, 52.6336402893, 18.8789806366, -30.1408138275, 48.4082832336, 8.94916057587, 34.1572761536, 56.2711410522], [413.836273193, 68.9795455933, -27.3041286469, 126.825263977, 187.876022339, 252.022399902, 154.371109009, 88.8247375488, 110.237113953, 134.285018921, 88.7800521851, 74.0965957642, 81.2438278198], [781.089111328, 175.982345581, -158.782226562, 238.774307251, 52.6336402893, 154.371109009, 316.073852539, 218.540405273, 238.69581604, 168.177841187, 93.040802002, 90.9296264648, 71.8507156372], [751.004211426, 83.6060409546, -110.029930115, 168.676208496, 18.8789806366, 88.8247375488, 218.540405273, 368.514282227, 253.730575562, 82.0965576172, 126.267791748, 73.2986679077, -19.3774795532], [630.860290527, 136.816635132, -111.974243164, 225.324539185, -30.1408138275, 110.237113953, 238.69581604, 253.730575562, 291.20022583, 150.745513916, 119.534095764, 90.9001312256, 27.5768299103], [389.033843994, 165.610977173, -81.8142471313, 57.0896606445, 48.4082832336, 134.285018921, 168.177841187, 82.0965576172, 150.745513916, 216.053955078, 125.989143372, 92.0467987061, 79.5423660278], [415.016540527, 102.065574646, -178.81803894, 20.022731781, 8.94916057587, 88.7800521851, 93.040802002, 126.267791748, 119.534095764, 125.989143372, 190.135177612, 117.907554626, 32.4135093689], [232.28086853, 81.4161529541, -119.414031982, 79.5267868042, 34.1572761536, 74.0965957642, 90.9296264648, 73.2986679077, 90.9001312256, 92.0467987061, 117.907554626, 130.664932251, 63.6684913635], [175.429855347, 40.69713974, -69.9799804688, 68.9225540161, 56.2711410522, 81.2438278198, 71.8507156372, -19.3774795532, 27.5768299103, 79.5423660278, 32.4135093689, 63.6684913635, 112.060890198]]
        icov: [[0.000203368123039, 2.19404000745e-06, 0.000178388305358, 0.00018756389909, 0.000163920107298, -0.000289833988063, -0.000361701997463, -0.000256719969912, -6.54263385513e-06, 0.000213211402297, -7.37064838177e-05, 0.000263339898083, -0.000285817601252], [2.19404000745e-06, 0.00143227528315, -0.000243238609983, 0.000764569675084, -0.000326355773723, 0.000605235807598, -0.00157420756295, 0.000916891498491, -0.000938262033742, 0.000265393347945, -0.00059488118859, -0.00033126908238, 0.000150036765262], [0.000178388305358, -0.000243238609983, 0.00123661686666, -0.000234462117078, -0.00151652726345, 0.000742259784602, 0.00117260531988, -5.37723244634e-05, -0.00120735680684, -0.000683894671965, 0.000833739293739, 0.000706647231709, 0.000327669287799], [0.00018756389909, 0.000764569675084, -0.000234462117078, 0.00293473131023, -0.000589254079387, 8.23443551781e-05, -0.0027187007945, 0.00161467876751, -0.00364588294178, 0.00331344013102, -0.000556884391699, -0.000349863868905, -0.00135900208261], [0.000163920107298, -0.000326355773723, -0.00151652726345, -0.000589254079387, 0.00697021558881, -0.00566498283297, -0.00108648091555, -0.00357409170829, 0.00737072108313, -0.00118549074978, 0.0013822237961, -0.0025126512628, 1.8308426661e-05], [-0.000289833988063, 0.000605235807598, 0.000742259784602, 8.23443551781e-05, -0.00566498283297, 0.0122793773189, -0.00130311597604, 0.00240479502827, -0.00448857946321, -0.00104004296008, -0.00349538982846, 0.00343965017237, -0.00326009374112], [-0.000361701997463, -0.00157420756295, 0.00117260531988, -0.0027187007945, -0.00108648091555, -0.00130311597604, 0.0185259990394, -0.00628813682124, -0.00321954162791, -0.00896757096052, 0.00829371158034, -0.00189701875206, -0.00209663272835], [-0.000256719969912, 0.000916891498491, -5.37723244634e-05, 0.00161467876751, -0.00357409170829, 0.00240479502827, -0.00628813682124, 0.0146056097001, -0.0125565091148, 0.00919683557004, -0.00814735237509, 0.0027495091781, 0.00300728552975], [-6.54263385513e-06, -0.000938262033742, -0.00120735680684, -0.00364588294178, 0.00737072108313, -0.00448857946321, -0.00321954162791, -0.0125565091148, 0.0278745181859, -0.0116372685879, 0.00450575910509, -0.00597200728953, 0.00477592786774], [0.000213211402297, 0.000265393347945, -0.000683894671965, 0.00331344013102, -0.00118549074978, -0.00104004296008, -0.00896757096052, 0.00919683557004, -0.0116372685879, 0.02354622446, -0.0137966917828, 0.00654617790133, -0.00778397964314], [-7.37064838177e-05, -0.00059488118859, 0.000833739293739, -0.000556884391699, 0.0013822237961, -0.00349538982846, 0.00829371158034, -0.00814735237509, 0.00450575910509, -0.0137966917828, 0.0262486618012, -0.0190999861807, 0.00825181324035], [0.000263339898083, -0.00033126908238, 0.000706647231709, -0.000349863868905, -0.0025126512628, 0.00343965017237, -0.00189701875206, 0.0027495091781, -0.00597200728953, 0.00654617790133, -0.0190999861807, 0.0303764790297, -0.0140866963193], [-0.000285817601252, 0.000150036765262, 0.000327669287799, -0.00135900208261, 1.8308426661e-05, -0.00326009374112, -0.00209663272835, 0.00300728552975, 0.00477592786774, -0.00778397964314, 0.00825181324035, -0.0140866963193, 0.024542381987]]
    spectral_contrast:
        mean: [1.21603491721e-07, 1.17952883016e-08, -2.34847050251e-07, 1.46415331415e-07, 1.94628839267e-07, -1.7305028166e-07, 2.19925686906e-06, 6.51433765597e-07, 3.7938918922e-06, -1.01974546851e-06, -3.66259291695e-06, -5.96833660893e-06]
        var: [0.000340249942383, 0.0010510062566, 0.00158338493202, 0.00396442180499, 0.00649724295363, 0.0144167179242, 0.0466825291514, 0.1003036201, 0.422945916653, 0.742516875267, 1.39851915836, 8.17694473267]

rhythm:
    beats_loudness:
        dmean: 0.00464708078653
        dmean2: 0.009646685794
        dvar: 3.88217486034e-05
        dvar2: 0.000109431719466
        max: 0.0213748626411
        mean: 0.00436090864241
        min: 1.73991720658e-05
        var: 2.98976174236e-05
    beats_loudness_bass:
        dmean: 0.229309901595
        dmean2: 0.423654258251
        dvar: 0.115354537964
        dvar2: 0.30403059721
        max: 0.959342420101
        mean: 0.144539490342
        min: 0.000558404601179
        var: 0.0864629596472
    bpm: 117.785163879
    bpm_confidence: 0
    first_peak_bpm: 118
    first_peak_spread: 0
    first_peak_weight: 0.941176474094
    onset_rate: 4.88484716415
    second_peak_bpm: 77
    second_peak_spread: 0
    second_peak_weight: 0.0588235296309
    beats_position: [0.652898311615, 1.16229844093, 1.67169857025, 2.18109869957, 2.69049882889, 3.19989895821, 3.70929908752, 4.21869945526, 4.72809934616, 5.2374997139, 6.01409006119, 6.52349853516, 7.03290605545, 7.54231405258, 8.05172252655, 8.56113052368, 9.07053852081, 9.57994651794]
    bpm_estimates: [117.516983032, 117.854667664, 117.638069153, 117.915000916, 118.004615784, 117.630058289, 117.695205688, 118.026733398]
    bpm_intervals: [0.509400129318, 0.509400129318, 0.509400129318, 0.509400129318, 0.509400129318, 0.509400129318, 0.509400367737, 0.5093998909, 0.509400367737, 0.77659034729, 0.509408473969, 0.509407520294, 0.509407997131, 0.509408473969, 0.509407997131, 0.509407997131, 0.509407997131]
    onset_times: [0.220589563251, 0.53405892849, 0.731428563595, 0.893968224525, 1.05650794506, 1.23065757751, 1.40480720997, 1.54412698746, 1.75310659409, 1.90403628349, 2.0549659729, 2.08979582787, 2.24072551727, 2.47292518616, 2.72834467888, 2.9837641716, 3.19274377823, 3.72680282593, 3.92417240143, 4.15637207031, 4.29569149017, 4.43501138687, 4.6439909935, 4.80653047562, 4.93424034119, 5.15482997894, 5.31736946106, 5.4334692955, 5.66566896439, 5.8282084465, 5.94430828094, 6.21133804321, 6.32743787766, 6.59446716309, 6.82666683197, 7.17496585846, 7.24462604523, 7.47682523727, 7.73224496841, 7.99927425385, 8.25469398499, 8.38240337372, 8.45206356049, 8.71909332275, 8.893242836, 9.22993183136, 9.4040813446, 9.72916126251, 9.91492080688]
    rubato_start: []
    rubato_stop: []
    perceptual_tempo: "unknown"

sfx:
    inharmonicity:
        dmean: 0.0579342208803
        dmean2: 0.103174731135
        dvar: 0.00509044667706
        dvar2: 0.0144420200959
        max: 0.483780801296
        mean: 0.0518624298275
        min: 0
        var: 0.0050585847348
    oddtoevenharmonicenergyratio:
        dmean: 2370.65844727
        dmean2: 4479.39355469
        dvar: 212536128
        dvar2: 600335488
        max: 160865.4375
        mean: 1331.77416992
        min: 0
        var: 126984360
    pitch_after_max_to_before_max_energy_ratio: 0.309331864119
    pitch_centroid: 208.189575195
    pitch_max_to_total: 0.811320781708
    pitch_min_to_total: 0.379716992378
    tristimulus:
        dmean: [0.317555397749, 0.342550694942, 0.0500625222921]
        dmean2: [0.574762821198, 0.621070384979, 0.0902133882046]
        dvar: [0.0976188257337, 0.100737720728, 0.00450728600845]
        dvar2: [0.27823972702, 0.283802211285, 0.0129516450688]
        max: [1, 0.998336315155, 0.411110669374]
        mean: [0.445293992758, 0.491921126842, 0.0391478724778]
        min: [0.00101922056638, 0, 0]
        var: [0.134614527225, 0.133165463805, 0.00400408171117]

tonal:
    chords_changes_rate: 0.0188679248095
    chords_number_rate: 0.00943396240473
    chords_strength:
        dmean: 0.00641747750342
        dmean2: 0.00663498649374
        dvar: 2.69066222245e-05
        dvar2: 3.31002374878e-05
        max: 0.698926627636
        mean: 0.620003044605
        min: 0.519437193871
        var: 0.00328246830031
    key_strength: 0.780684828758
    tuning_diatonic_strength: 0.681708812714
    tuning_equal_tempered_deviation: 0.178817540407
    tuning_frequency: 441.782684326
    tuning_nontempered_energy_ratio: 0.772115051746
    hpcp:
        dmean: [0.0476087294519, 0.0484022796154, 0.0394197180867, 0.0245379693806, 0.0312815122306, 0.028980139643, 0.0319077260792, 0.104997493327, 0.269270122051, 0.290614515543, 0.256369560957, 0.117868736386, 0.0398297868669, 0.0330353975296, 0.0447081029415, 0.0262113772333, 0.0336455255747, 0.0563512966037, 0.037157099694, 0.0278805028647, 0.0290388427675, 0.0339865125716, 0.0384767130017, 0.0273149479181, 0.029109582305, 0.0292779486626, 0.0199067033827, 0.0307676214725, 0.054916061461, 0.164281919599, 0.281553328037, 0.214307233691, 0.124340675771, 0.0761262178421, 0.0515833124518, 0.055499471724]
        dmean2: [0.0879800915718, 0.0813507437706, 0.0636603161693, 0.0390685349703, 0.0501067116857, 0.0464008152485, 0.0515390895307, 0.195855930448, 0.430016338825, 0.489142984152, 0.437245756388, 0.210257828236, 0.0678894892335, 0.047282140702, 0.0661294683814, 0.0406607948244, 0.0601316131651, 0.10155633837, 0.0674668252468, 0.0482057482004, 0.0442337840796, 0.055759139359, 0.0656145364046, 0.045709181577, 0.0439499393106, 0.044790212065, 0.02934794873, 0.0512054301798, 0.0990198850632, 0.268813312054, 0.438134044409, 0.302443236113, 0.188817918301, 0.120990715921, 0.0700625702739, 0.0983321964741]
        dvar: [0.0149160753936, 0.0180516373366, 0.0113545693457, 0.0041088424623, 0.0078640524298, 0.00564071163535, 0.00579649908468, 0.0319225378335, 0.070607624948, 0.0953917354345, 0.0631045177579, 0.0475278384984, 0.00834464095533, 0.00632420554757, 0.0132546257228, 0.00377623084933, 0.0100640067831, 0.0281662717462, 0.0100561566651, 0.00466877315193, 0.00589341530576, 0.0118344500661, 0.0168245788664, 0.00965021084994, 0.00608065584674, 0.00681067351252, 0.00267146062106, 0.00600820314139, 0.023447599262, 0.0397576875985, 0.0789249762893, 0.0410673990846, 0.0300136804581, 0.0276311449707, 0.020106414333, 0.0329863503575]
        dvar2: [0.046867210418, 0.0483316108584, 0.0278757419437, 0.0094798784703, 0.0166678987443, 0.0109863141552, 0.0145496288314, 0.0839906409383, 0.161146134138, 0.129006505013, 0.140813261271, 0.130048945546, 0.0213849823922, 0.01227934286, 0.0295400284231, 0.00781201105565, 0.0273608341813, 0.0804811939597, 0.028556086123, 0.0126901594922, 0.0134203964844, 0.0313904434443, 0.0477530807257, 0.027577733621, 0.0117292888463, 0.0122305722907, 0.00520606758073, 0.0152925392613, 0.058442723006, 0.0823360830545, 0.139190524817, 0.0672482252121, 0.0689345523715, 0.0658287703991, 0.0434177070856, 0.091659925878]
        max: [0.640428006649, 1, 0.828432321548, 0.475741267204, 0.644436001778, 0.627106845379, 0.51703774929, 0.894221961498, 1, 1, 1, 1, 0.577015519142, 0.693061470985, 1, 0.529027581215, 0.666030943394, 1, 0.694035351276, 0.518033266068, 0.808017492294, 0.820303976536, 0.988430440426, 0.991101861, 0.712070763111, 0.681050717831, 0.411704987288, 0.517411589622, 1, 1, 1, 1, 1, 1, 1, 1]
        mean: [0.0384819954634, 0.0447022691369, 0.0341264605522, 0.0209201872349, 0.0307099409401, 0.0306758563966, 0.0265423022211, 0.0737421661615, 0.359133452177, 0.598020255566, 0.366135388613, 0.0904490202665, 0.0342243760824, 0.0425767302513, 0.0520570352674, 0.0288389194757, 0.0343180112541, 0.0515703931451, 0.0355416126549, 0.02984194085, 0.0314922630787, 0.0291265062988, 0.0308225825429, 0.0242599006742, 0.0352662205696, 0.0358296334743, 0.021395213902, 0.029169075191, 0.0610585696995, 0.217721149325, 0.488514304161, 0.408883035183, 0.142592191696, 0.0816806107759, 0.0535651855171, 0.0379695817828]
        min: [5.48262687516e-06, 2.21612244786e-05, 8.76358080859e-06, 9.28621921048e-06, 9.41095186135e-06, 8.413237083e-06, 5.96291511101e-06, 1.53476994456e-05, 0.00113803462591, 0.0041976608336, 0.000299245031783, 4.01612805945e-06, 5.68714813198e-06, 4.3478007683e-06, 3.49235097019e-06, 4.68230064143e-06, 3.98506381316e-06, 8.22561651148e-06, 4.94508003612e-06, 4.0190980144e-06, 9.65616163739e-06, 2.81656211882e-05, 2.01759539777e-05, 6.19744514552e-06, 7.88039506006e-06, 2.66610504696e-06, 1.89753052382e-06, 1.6269069647e-06, 1.27487805912e-06, 0.00174158380833, 0.00101899763104, 0.000596393772867, 0.000167066827998, 3.46445790456e-06, 9.89275849861e-06, 7.07139315637e-06]
        var: [0.0117699541152, 0.0171185396612, 0.0107751023024, 0.00413299258798, 0.00969953555614, 0.00867435522377, 0.00566340517253, 0.0231799352914, 0.0918127298355, 0.156882554293, 0.0958101898432, 0.0367518290877, 0.00834088865668, 0.0156214665622, 0.0259289741516, 0.00617121113464, 0.0109697915614, 0.0276845432818, 0.00970339775085, 0.006136352662, 0.0078096287325, 0.00963453855366, 0.0113206133246, 0.00641274778172, 0.00853591691703, 0.00955205969512, 0.00355486525223, 0.00660530757159, 0.0340509712696, 0.062673471868, 0.146086886525, 0.100128218532, 0.0437055341899, 0.0357653833926, 0.0268245730549, 0.022970771417]
    chords_histogram: [0, 0, 0, 0, 0, 0, 0, 75.4716949463, 0, 0, 0, 0, 0, 0, 0, 0, 0, 0, 0, 0, 0, 0, 24.528301239, 0]
    thpcp: [1, 0.612245798111, 0.151247411966, 0.0572294592857, 0.0711961314082, 0.0870489478111, 0.0482239834964, 0.057386033237, 0.0862351953983, 0.0594321228564, 0.0499012209475, 0.0526608638465, 0.0487048812211, 0.0515410341322, 0.040567021817, 0.0589716136456, 0.0599137470126, 0.0357767380774, 0.0487760640681, 0.102101169527, 0.364069849253, 0.816885888577, 0.683727741241, 0.238440409303, 0.136585026979, 0.0895708575845, 0.0634921342134, 0.0643489807844, 0.0747504234314, 0.0570657253265, 0.0349824056029, 0.0513526760042, 0.0512956827879, 0.0443836189806, 0.123310483992, 0.60053730011]
    chords_key: "C"
    chords_scale: "major"
    key_key: "C"
    key_scale: "minor"
    chords_progression: ["C", "C", "C", "C", "C", "C", "C", "C", "C", "C", "C", "C", "C", "C", "C", "C", "C", "C", "C", "C", "C", "C", "C", "C", "C", "C", "C", "C", "C", "C", "C", "C", "C", "C", "C", "C", "C", "C", "C", "C", "C", "C", "C", "C", "C", "C", "C", "C", "C", "C", "C", "C", "C", "C", "C", "C", "C", "C", "Fm", "Fm", "Fm", "Fm", "Fm", "Fm", "Fm", "Fm", "Fm", "Fm", "Fm", "Fm", "Fm", "Fm", "Fm", "Fm", "Fm", "Fm", "Fm", "Fm", "Fm", "Fm", "Fm", "Fm", "Fm", "C", "C", "C", "C", "C", "C", "C", "C", "C", "C", "C", "C", "C", "C", "C", "C", "C", "C", "C", "C", "C", "C", "C", "C", "C", "C", "C", "C", "C", "C", "C", "C", "C", "C", "C", "C", "C", "C", "C", "C", "C", "C", "C", "C", "C", "C", "C", "C", "C", "C", "C", "C", "C", "C", "C", "C", "C", "C", "C", "C", "C", "Fm", "Fm", "Fm", "Fm", "Fm", "Fm", "Fm", "Fm", "Fm", "Fm", "Fm", "Fm", "Fm", "Fm", "Fm", "Fm", "Fm", "Fm", "Fm", "Fm", "Fm", "Fm", "Fm", "Fm", "Fm", "Fm", "Fm", "C", "C", "C", "C", "C", "C", "C", "C", "C", "C", "C", "C", "C", "C", "C", "C", "C", "C", "C", "C", "C", "C", "C", "C", "C", "C", "C", "C", "C", "C", "C", "C", "C", "C", "C", "C", "C", "C", "C", "C", "C"]
