
metadata:
    version:
        essentia: "1.2.2"
    audio_properties:
        analysis_sample_rate: 44100
        bitrate: 128
        channels: 2
        equal_loudness: 1
        length: 10.0310201645
        replay_gain: 2.99919319153
        downmix: "mix"
    tags:
        track: 1
        year: 0
        album: "Splitted by Mp3Splt v. 2.1"
        artist: "From 000.00 To 000.10"
        comment: "http://mp3splt.sf.net"
        genre: ""
        title: "01 Krieger [Aphex Twin Baldhu"

highlevel:
    ballroom:
        all:
            ChaChaCha: 0.00688384613022
            Jive: 0.00865875650197
            Quickstep: 0.0659862160683
            Rumba-American: 0.0164807531983
            Rumba-International: 0.540610432625
            Rumba-Misc: 0.226963609457
            Samba: 0.0150241786614
            Tango: 0.00175457587466
            VienneseWaltz: 0.0463109016418
            Waltz: 0.0713267549872
        probability: 0.540610432625
        value: "Rumba-International"
    culture:
        all:
            non_western: 0.982561171055
            western: 0.017438840121
        probability: 0.982561171055
        value: "non_western"
    gender:
        all:
            female: 0.0191868636757
            male: 0.980813145638
        probability: 0.980813145638
        value: "male"
    genre_dortmund:
        all:
            alternative: 0.0795048624277
            blues: 0.0649482980371
            electronic: 0.0503921359777
            folkcountry: 0.249931320548
            funksoulrnb: 0.071102373302
            jazz: 0.267733722925
            pop: 0.12445230037
            raphiphop: 0.0277430489659
            rock: 0.064191929996
        probability: 0.267733722925
        value: "jazz"
    genre_electronica:
        all:
            ambient: 0.828246593475
            dnb: 0.0686549693346
            house: 0.0570747219026
            techno: 0.0409710891545
            trance: 0.00505264056846
        probability: 0.828246593475
        value: "ambient"
    genre_rosamerica:
        all:
            cla: 0.0318162664771
            dan: 0.0573672913015
            hip: 0.108467280865
            jaz: 0.103714592755
            pop: 0.0919314771891
            rhy: 0.361963897943
            roc: 0.0190677903593
            spe: 0.225671410561
        probability: 0.361963897943
        value: "rhy"
    genre_tzanetakis:
        all:
            blu: 0.0186337120831
            cla: 0.00888680480421
            cou: 0.0310582518578
            dis: 0.0340485423803
            hip: 0.227204814553
            jaz: 0.0169104132801
            met: 0.00642820168287
            pop: 0.0984736382961
            reg: 0.137257903814
            roc: 0.42109772563
        probability: 0.42109772563
        value: "roc"
    live_studio:
        all:
            live: 0.352629601955
            studio: 0.647370398045
        probability: 0.647370398045
        value: "studio"
    mood:
        all:
            Cluster1: 0.144446209073
            Cluster2: 0.17242500186
            Cluster3: 0.376861453056
            Cluster4: 0.190915331244
            Cluster5: 0.115351997316
        probability: 0.376861453056
        value: "Cluster3"
    mood_acoustic:
        all:
            acoustic: 0.974575936794
            not_acoustic: 0.0254240371287
        probability: 0.974575936794
        value: "acoustic"
    mood_aggressive:
        all:
            aggressive: 0.00913469307125
            not_aggressive: 0.990865290165
        probability: 0.990865290165
        value: "not_aggressive"
    mood_electronic:
        all:
            electronic: 0.248227387667
            not_electronic: 0.751772582531
        probability: 0.751772582531
        value: "not_electronic"
    mood_happy:
        all:
            happy: 0.178907155991
            not_happy: 0.821092844009
        probability: 0.821092844009
        value: "not_happy"
    mood_party:
        all:
            not_party: 0.776956319809
            party: 0.223043695092
        probability: 0.776956319809
        value: "not_party"
    mood_relaxed:
        all:
            not_relaxed: 0.0594571046531
            relaxed: 0.94054287672
        probability: 0.94054287672
        value: "relaxed"
    mood_sad:
        all:
            not_sad: 0.337674319744
            sad: 0.662325680256
        probability: 0.662325680256
        value: "sad"
    rhythm:
        all:
            fast: 0.0473342724144
            medium: 0.174335673451
            slow: 0.778330087662
        probability: 0.778330087662
        value: "slow"
    speech_music:
        all:
            music: 0.961816847324
            speech: 0.0381831787527
        probability: 0.961816847324
        value: "music"
    timbre:
        all:
            bright: 0.152270138264
            dark: 0.847729861736
        probability: 0.847729861736
        value: "dark"
    voice_instrumental:
        all:
            instrumental: 0.00120707601309
            voice: 0.998792946339
        probability: 0.998792946339
        value: "voice"

lowlevel:
    average_loudness: 0.979835689068
    barkbands_kurtosis:
        dmean: 8.67108154297
        dmean2: 13.4051656723
        dvar: 182.045272827
        dvar2: 420.601715088
        max: 175.76953125
        mean: 18.1238498688
        min: -1.78171896935
        var: 433.222473145
    barkbands_skewness:
        dmean: 0.804817080498
        dmean2: 1.17591702938
        dvar: 0.709174454212
        dvar2: 1.4933257103
        max: 11.2704458237
        mean: 2.8502407074
        min: -2.99346542358
        var: 3.32747817039
    barkbands_spread:
        dmean: 3.9373319149
        dmean2: 5.82181024551
        dvar: 36.0665397644
        dvar2: 61.7777290344
        max: 57.7656860352
        mean: 10.6343851089
        min: 0.916069746017
        var: 131.820419312
    dissonance:
        dmean: 0.0377059653401
        dmean2: 0.0638326629996
        dvar: 0.00127300887834
        dvar2: 0.00351992342621
        max: 0.494980424643
        mean: 0.41074052453
        min: 0.247100144625
        var: 0.00260044564493
    hfc:
        dmean: 0.592929005623
        dmean2: 0.829572916031
        dvar: 1.59458816051
        dvar2: 1.43218076229
        max: 29.552438736
        mean: 1.79863572121
        min: 0.00867913197726
        var: 3.94909977913
    pitch:
        dmean: 237.358032227
        dmean2: 452.234344482
        dvar: 495606
        dvar2: 1063003.625
        max: 5512.5
        mean: 483.154846191
        min: 43.06640625
        var: 1239859.625
    pitch_instantaneous_confidence:
        dmean: 0.0972402617335
        dmean2: 0.163381531835
        dvar: 0.00691531086341
        dvar2: 0.0165003500879
        max: 0.915485262871
        mean: 0.476958036423
        min: 0.137008786201
        var: 0.0142501620576
    pitch_salience:
        dmean: 0.0862684547901
        dmean2: 0.140227302909
        dvar: 0.00496048480272
        dvar2: 0.0123536763713
        max: 0.883340299129
        mean: 0.599610388279
        min: 0.230258852243
        var: 0.0139637989923
    silence_rate_20dB:
        dmean: 0
        dmean2: 0
        dvar: 0
        dvar2: 0
        max: 1
        mean: 1
        min: 1
        var: 0
    silence_rate_30dB:
        dmean: 0
        dmean2: 0
        dvar: 0
        dvar2: 0
        max: 1
        mean: 1
        min: 1
        var: 0
    silence_rate_60dB:
        dmean: 0.122249387205
        dmean2: 0.242647051811
        dvar: 0.10730458796
        dvar2: 0.213180378079
        max: 1
        mean: 0.509756088257
        min: 0
        var: 0.249904334545
    spectral_centroid:
        dmean: 156.054122925
        dmean2: 212.221420288
        dvar: 117355.125
        dvar2: 167155.828125
        max: 5934.71386719
        mean: 664.241516113
        min: 191.0677948
        var: 782027
    spectral_complexity:
        dmean: 1.22597408295
        dmean2: 2.00520825386
        dvar: 1.91517043114
        dvar2: 3.35935306549
        max: 21
        mean: 5.34715032578
        min: 0
        var: 10.6204147339
    spectral_crest:
        dmean: 2.83123660088
        dmean2: 4.60683774948
        dvar: 4.97413015366
        dvar2: 11.9170036316
        max: 22.0919494629
        mean: 11.1645746231
        min: 3.81369924545
        var: 12.9663190842
    spectral_decrease:
        dmean: 3.58076068796e-10
        dmean2: 5.64179869489e-10
        dvar: 2.50908410862e-19
        dvar2: 6.71624386978e-19
        max: -5.39011196787e-12
        mean: -9.3347096719e-10
        min: -5.8102771483e-09
        var: 6.44659332984e-19
    spectral_energy:
        dmean: 0.00138725584839
        dmean2: 0.00218792655505
        dvar: 3.61736124432e-06
        dvar2: 9.7146448752e-06
        max: 0.0225795134902
        mean: 0.00368627510034
        min: 2.11307487916e-05
        var: 9.77247236733e-06
    spectral_energyband_high:
        dmean: 2.60371962213e-05
        dmean2: 3.1490551919e-05
        dvar: 2.10509973897e-08
        dvar2: 2.25561436196e-08
        max: 0.0027210530825
        mean: 6.03288899583e-05
        min: 1.17085470208e-07
        var: 3.96968751204e-08
    spectral_energyband_low:
        dmean: 0.000120493859868
        dmean2: 0.000203562274692
        dvar: 6.58245369323e-08
        dvar2: 1.67332913747e-07
        max: 0.00341028207913
        mean: 0.000153703731485
        min: 1.41753019989e-07
        var: 5.49560432717e-08
    spectral_energyband_middle_high:
        dmean: 7.45734432712e-05
        dmean2: 0.000100151904917
        dvar: 5.45654827988e-08
        dvar2: 6.56462191273e-08
        max: 0.00472498685122
        mean: 0.000194525840925
        min: 6.55281439776e-07
        var: 9.16168190201e-08
    spectral_energyband_middle_low:
        dmean: 0.00134027155582
        dmean2: 0.00210197176784
        dvar: 3.53428026756e-06
        dvar2: 9.54903771344e-06
        max: 0.0221105180681
        mean: 0.00327767059207
        min: 1.83491174539e-05
        var: 8.85637018655e-06
    spectral_flatness_db:
        dmean: 0.0286293122917
        dmean2: 0.0437641106546
        dvar: 0.000618685269728
        dvar2: 0.00142495206092
        max: 0.402440339327
        mean: 0.25005671382
        min: 0.0887854397297
        var: 0.00408855406567
    spectral_flux:
        dmean: 0.00867909006774
        dmean2: 0.014802117832
        dvar: 7.75504813646e-05
        dvar2: 0.000171771025634
        max: 0.131342604756
        mean: 0.0303849391639
        min: 0.00215764436871
        var: 0.000262082379777
    spectral_kurtosis:
        dmean: 2.20843839645
        dmean2: 3.33512711525
        dvar: 7.36787986755
        dvar2: 15.6349029541
        max: 35.7731552124
        mean: 8.34615898132
        min: -0.528345346451
        var: 40.6844520569
    spectral_rms:
        dmean: 0.000338279263815
        dmean2: 0.000527653028257
        dvar: 1.16799810712e-07
        dvar2: 2.80676658804e-07
        max: 0.00469348393381
        mean: 0.0017090679612
        min: 0.000143580517033
        var: 6.75452326959e-07
    spectral_rolloff:
        dmean: 233.061569214
        dmean2: 367.241851807
        dvar: 412292
        dvar2: 640734.3125
        max: 8807.08007812
        mean: 937.921386719
        min: 193.798828125
        var: 2024288.375
    spectral_skewness:
        dmean: 0.309148550034
        dmean2: 0.422528713942
        dvar: 0.0924005806446
        dvar2: 0.189212620258
        max: 5.2727432251
        mean: 2.42645382881
        min: 0.0356234461069
        var: 0.917543888092
    spectral_spread:
        dmean: 714960.875
        dmean2: 1045445.0625
        dvar: 598033825792
        dvar2: 964743725056
        max: 13505426
        mean: 5454451
        min: 2159729.25
        var: 5.16300524749e+12
    spectral_strongpeak:
        dmean: 0.183240890503
        dmean2: 0.309001117945
        dvar: 0.0583853572607
        dvar2: 0.143401741982
        max: 3.21732783318
        mean: 0.380810290575
        min: 0.00869519356638
        var: 0.124759651721
    zerocrossingrate:
        dmean: 0.00801542215049
        dmean2: 0.00832112599164
        dvar: 0.000136594346259
        dvar2: 0.000116798531963
        max: 0.28759765625
        mean: 0.0420984439552
        min: 0.0048828125
        var: 0.00192081253044
    barkbands:
        dmean: [1.05276924955e-07, 1.52673637785e-05, 0.000109508429887, 0.000330995506374, 0.000670107721817, 0.000376770709408, 0.000416876166128, 0.000203294621315, 7.14684138075e-05, 1.56162441272e-05, 1.62116102729e-05, 2.41399629886e-05, 1.01471414382e-05, 4.93742982144e-06, 1.57593956374e-06, 1.03645470517e-06, 3.81494601243e-06, 1.4162907064e-05, 1.52438515215e-05, 1.72176714841e-05, 1.25217666209e-05, 9.76521823759e-06, 2.40080635194e-06, 1.07630580715e-06, 9.1431547844e-07, 5.44267564351e-08, 2.28063665175e-10]
        dmean2: [1.07552587281e-07, 2.44639650191e-05, 0.000186059231055, 0.000501381058712, 0.00104768888559, 0.000610988936387, 0.000680336204823, 0.000320750143146, 0.000110373461212, 2.52262980212e-05, 2.56235925917e-05, 3.80912642868e-05, 1.6887757738e-05, 7.43848750062e-06, 2.33310856856e-06, 1.45859542044e-06, 5.91347588852e-06, 2.14955525735e-05, 2.12560134969e-05, 2.13720777538e-05, 1.72169802681e-05, 1.41604496093e-05, 3.04313493871e-06, 1.21432606193e-06, 1.13520547984e-06, 6.90907384637e-08, 3.84837856027e-10]
        dvar: [4.04592071651e-12, 5.1942650181e-10, 5.85910768791e-08, 1.68557590996e-07, 7.71065003846e-07, 6.67866629556e-07, 5.10863628733e-07, 1.54183652512e-07, 3.37907621883e-08, 7.96177568319e-10, 1.53966173144e-09, 5.12654452223e-09, 4.27734903052e-10, 1.39646585962e-10, 1.56118069861e-11, 7.9018302318e-12, 6.66338997868e-11, 1.03684050234e-09, 6.74882860707e-09, 3.24180433608e-08, 2.33511254777e-09, 1.77787551348e-09, 9.21562756662e-11, 2.48526182273e-11, 1.27408630521e-11, 5.46069401719e-14, 1.95594882075e-19]
        dvar2: [4.05587542718e-12, 1.30428157163e-09, 1.4990763475e-07, 4.36020144434e-07, 1.75140223746e-06, 1.85386443263e-06, 1.33616515541e-06, 3.80131922384e-07, 9.39676496614e-08, 1.87542337216e-09, 4.06204847536e-09, 1.27506316616e-08, 1.06079645068e-09, 2.85433149338e-10, 3.57493097625e-11, 1.19538797264e-11, 1.54661353169e-10, 1.39973543867e-09, 6.27946450393e-09, 3.2164717112e-08, 3.18032777891e-09, 5.0858868228e-09, 1.64483635046e-10, 2.42211303098e-11, 2.01787354187e-11, 6.96230792745e-14, 3.35068635666e-19]
        max: [3.95227834815e-05, 0.000245482107857, 0.00316476775333, 0.00338785629719, 0.00734051130712, 0.0125772338361, 0.00875692535192, 0.00511111691594, 0.00248784804717, 0.000311556097586, 0.000567399896681, 0.00107365427539, 0.000168289028807, 0.000191984843696, 4.63772485091e-05, 3.83381084248e-05, 8.25138413347e-05, 0.000600099330768, 0.00172697333619, 0.00358896539547, 0.000847725314088, 0.000684096768964, 0.000225456620683, 0.000102481644717, 8.31405632198e-05, 5.88497050558e-06, 5.86428816618e-09]
        mean: [1.05244687632e-07, 3.15474280796e-05, 0.00012210253044, 0.000532733509317, 0.00107426196337, 0.000570022210013, 0.000640595389996, 0.000329810369294, 0.000125049409689, 2.65138223767e-05, 3.06172478304e-05, 3.74498195015e-05, 1.9396738935e-05, 8.72827422427e-06, 2.53653479376e-06, 1.76429159637e-06, 5.89264482187e-06, 2.51818437391e-05, 2.59544958681e-05, 2.55122431554e-05, 2.49009044637e-05, 1.65058827406e-05, 4.73378941024e-06, 2.33492028201e-06, 1.90693390323e-06, 1.21195668612e-07, 2.68077948729e-10]
        min: [2.27929871158e-12, 1.38910580816e-08, 3.08126999471e-08, 8.43868264155e-08, 3.85923385693e-07, 9.05115996375e-07, 5.71927955662e-07, 2.43781499876e-07, 8.15588236946e-08, 1.43148035647e-08, 3.71843817959e-08, 1.03223456449e-08, 6.39573638495e-09, 5.70991787185e-09, 2.13613438049e-09, 9.76729808144e-10, 1.1967564717e-08, 3.28404858863e-08, 5.39280726741e-08, 2.55637679913e-08, 3.3868825966e-08, 1.98317255951e-08, 5.8457048091e-09, 6.46777631452e-10, 2.38857644774e-09, 6.24551937944e-11, 2.20412084444e-14]
        var: [4.03571273622e-12, 1.20189391772e-09, 4.60535076741e-08, 3.7306463696e-07, 1.7523433371e-06, 1.2108247347e-06, 1.07580308395e-06, 4.01905339231e-07, 8.99423753253e-08, 1.70332670191e-09, 3.16540216261e-09, 6.79979716978e-09, 1.20192744646e-09, 4.27799629055e-10, 3.52341489318e-11, 1.91263810345e-11, 1.17909113029e-10, 2.06113726087e-09, 8.6830747037e-09, 3.3609371286e-08, 4.29751123576e-09, 4.66247795927e-09, 3.94109078705e-10, 1.09848775909e-10, 5.11238343326e-11, 2.71406215644e-13, 3.23363616408e-19]
    mfcc:
        mean: [-829.937805176, 143.491928101, 24.1338367462, 52.0961647034, -33.8642234802, -16.0152664185, 3.05044984818, -11.9363298416, -21.2163047791, -24.0563907623, 8.11199474335, -4.13531255722, -3.45637178421]
        cov: [[5284.35449219, -481.51473999, -644.64263916, -286.163238525, -201.530883789, -54.5696716309, 160.441345215, -263.648376465, 163.054550171, 182.454116821, 327.606262207, -83.2795028687, -174.560058594], [-481.51473999, 2017.00585938, 166.864089966, -89.9237747192, -548.194091797, -361.393371582, 401.401580811, 300.006103516, -181.701019287, -185.964431763, 56.483631134, 90.6205596924, 114.558601379], [-644.64263916, 166.864089966, 609.194091797, 93.3251800537, -21.7371673584, -22.8973922729, 17.1853904724, 29.1401195526, -114.470481873, -152.363540649, -100.11139679, 81.2769241333, 58.1296005249], [-286.163238525, -89.9237747192, 93.3251800537, 269.190307617, 176.106613159, 50.7891044617, -88.2696533203, -51.349395752, 10.9012708664, 15.0307312012, -70.0716094971, -14.3931741714, -33.0058059692], [-201.530883789, -548.194091797, -21.7371673584, 176.106613159, 552.322509766, 213.117492676, -225.294769287, -209.73260498, 76.9081573486, 82.7039031982, -75.9489822388, -43.339553833, -70.9142532349], [-54.5696716309, -361.393371582, -22.8973922729, 50.7891044617, 213.117492676, 218.261810303, -98.6859588623, -97.5136871338, 35.8951072693, 71.507232666, -17.7528553009, -27.7010879517, -43.6922111511], [160.441345215, 401.401580811, 17.1853904724, -88.2696533203, -225.294769287, -98.6859588623, 264.720306396, 178.43409729, -41.1139183044, -59.8179855347, 67.09740448, 27.8974990845, 45.3852157593], [-263.648376465, 300.006103516, 29.1401195526, -51.349395752, -209.73260498, -97.5136871338, 178.43409729, 358.325775146, -11.5778932571, -37.2628211975, 40.5528182983, 21.7357826233, 74.5098953247], [163.054550171, -181.701019287, -114.470481873, 10.9012708664, 76.9081573486, 35.8951072693, -41.1139183044, -11.5778932571, 147.096374512, 91.927482605, -8.14102840424, -44.9457130432, -15.8150081635], [182.454116821, -185.964431763, -152.363540649, 15.0307312012, 82.7039031982, 71.507232666, -59.8179855347, -37.2628211975, 91.927482605, 189.219909668, 42.2215995789, -46.1519699097, -51.8244361877], [327.606262207, 56.483631134, -100.11139679, -70.0716094971, -75.9489822388, -17.7528553009, 67.09740448, 40.5528182983, -8.14102840424, 42.2215995789, 203.155944824, 45.7593078613, -15.7757139206], [-83.2795028687, 90.6205596924, 81.2769241333, -14.3931741714, -43.339553833, -27.7010879517, 27.8974990845, 21.7357826233, -44.9457130432, -46.1519699097, 45.7593078613, 110.207099915, 36.2615814209], [-174.560058594, 114.558601379, 58.1296005249, -33.0058059692, -70.9142532349, -43.6922111511, 45.3852157593, 74.5098953247, -15.8150081635, -51.8244361877, -15.7757139206, 36.2615814209, 132.544555664]]
        icov: [[0.000308268761728, 0.000145619822433, 0.000149907602463, 5.78315957682e-05, 0.000164499724633, 0.000210925223655, -0.000508541823365, 0.000492681167088, -0.000268006959232, 3.60385529348e-05, -0.000329436355969, 0.000140175965498, 0.000188049889402], [0.000145619822433, 0.00101907621138, 4.97782057209e-05, -0.000278142048046, 0.000323089043377, 0.00102951365989, -0.00124096125364, 0.000289809686365, 0.000545292452443, -0.000235696439631, 5.5170046835e-05, -5.35109466e-05, -1.17528470582e-05], [0.000149907602463, 4.97782057209e-05, 0.00276402616873, -0.000871321244631, 0.000271438504569, -0.000386171741411, -0.000324467750033, 5.4253887356e-05, 0.000888814975042, 0.00101432425436, 0.00116476882249, -0.00166940374766, -7.82499628258e-05], [5.78315957682e-05, -0.000278142048046, -0.000871321244631, 0.00566817214713, -0.00183660245966, 0.000561349035706, 0.000767703633755, -0.000586804468185, 9.18568621273e-05, -0.000711523287464, 0.00100699311588, -9.72946218099e-05, 0.00125881400891], [0.000164499724633, 0.000323089043377, 0.000271438504569, -0.00183660245966, 0.00472753262147, -0.00260425708257, 0.000998604460619, 0.00111742282752, -0.001340046525, 0.000633044925053, 8.49729440233e-06, -0.00020271523681, 0.000205872260267], [0.000210925223655, 0.00102951365989, -0.000386171741411, 0.000561349035706, -0.00260425708257, 0.00922567863017, -0.00117049715482, 0.000640584912617, 0.00130373449065, -0.00253513967618, -2.8778658816e-05, 0.000481171678985, 0.000414911832195], [-0.000508541823365, -0.00124096125364, -0.000324467750033, 0.000767703633755, 0.000998604460619, -0.00117049715482, 0.00971308071166, -0.00340418843552, -0.000136125599965, 0.00189944077283, -0.00156937621068, 0.000741100753658, -0.000190624297829], [0.000492681167088, 0.000289809686365, 5.4253887356e-05, -0.000586804468185, 0.00111742282752, 0.000640584912617, -0.00340418843552, 0.00564048113301, -0.00118852430023, -0.000302662781905, -0.000808949989732, 0.000579316634685, -0.00148261140566], [-0.000268006959232, 0.000545292452443, 0.000888814975042, 9.18568621273e-05, -0.001340046525, 0.00130373449065, -0.000136125599965, -0.00118852430023, 0.0122493002564, -0.00508884293959, 0.00176826061215, 0.00138609134592, -0.00146053731441], [3.60385529348e-05, -0.000235696439631, 0.00101432425436, -0.000711523287464, 0.000633044925053, -0.00253513967618, 0.00189944077283, -0.000302662781905, -0.00508884293959, 0.0111865177751, -0.00315206940286, 0.00199601403438, 0.00149735528976], [-0.000329436355969, 5.5170046835e-05, 0.00116476882249, 0.00100699311588, 8.49729440233e-06, -2.8778658816e-05, -0.00156937621068, -0.000808949989732, 0.00176826061215, -0.00315206940286, 0.00913441926241, -0.00545382173732, 0.00180336250924], [0.000140175965498, -5.35109466e-05, -0.00166940374766, -9.72946218099e-05, -0.00020271523681, 0.000481171678985, 0.000741100753658, 0.000579316634685, 0.00138609134592, 0.00199601403438, -0.00545382173732, 0.0149616841227, -0.00338701927103], [0.000188049889402, -1.17528470582e-05, -7.82499628258e-05, 0.00125881400891, 0.000205872260267, 0.000414911832195, -0.000190624297829, -0.00148261140566, -0.00146053731441, 0.00149735528976, 0.00180336250924, -0.00338701927103, 0.0108483284712]]
    spectral_contrast:
        mean: [2.79981861695e-07, -7.97366510596e-08, -1.84701050898e-07, -2.82465805412e-07, -1.69655123727e-07, 2.57720614627e-07, 9.31515629077e-08, -5.27188421984e-06, -1.96649011741e-06, 6.158117003e-07, 7.93081483152e-07, 3.6341847931e-07]
        var: [0.000437925511505, 0.00100979791023, 0.00170153414365, 0.00273227901198, 0.00407881708816, 0.00977355241776, 0.0692437142134, 0.212019354105, 0.255335390568, 0.464650928974, 1.38778591156, 2.71111178398]

rhythm:
    beats_loudness:
        dmean: 0.00349056581035
        dmean2: 0.00628462526947
        dvar: 9.49978493736e-06
        dvar2: 2.9021210139e-05
        max: 0.0113475639373
        mean: 0.00410277443007
        min: 2.83512727037e-05
        var: 7.55347855375e-06
    beats_loudness_bass:
        dmean: 0.149389833212
        dmean2: 0.269265800714
        dvar: 0.0246181916445
        dvar2: 0.0740499868989
        max: 0.569915354252
        mean: 0.130423828959
        min: 0.0134645011276
        var: 0.0205359086394
    bpm: 104.743087769
    bpm_confidence: 0
    first_peak_bpm: 105
    first_peak_spread: 0
    first_peak_weight: 0.533333361149
    onset_rate: 4.38639307022
    second_peak_bpm: 113
    second_peak_spread: 0
    second_peak_weight: 0.40000000596
    beats_position: [1.21408939362, 1.78691983223, 2.35975027084, 2.93258047104, 3.50541090965, 4.07824134827, 4.65107154846, 5.22390174866, 5.79673194885, 6.49354171753, 7.02518749237, 7.55683469772, 8.0884809494, 8.62012767792, 9.15177440643, 9.68342018127]
    bpm_estimates: [104.679779053, 104.806396484]
    bpm_intervals: [0.572830438614, 0.572830438614, 0.572830200195, 0.572830438614, 0.572830438614, 0.572830200195, 0.572830200195, 0.572830200195, 0.696809768677, 0.531645774841, 0.531647205353, 0.531646251678, 0.531646728516, 0.531646728516, 0.531645774841]
    onset_times: [1.09133791924, 1.23065757751, 1.42802715302, 1.60217690468, 1.98530614376, 2.29877543449, 2.49614500999, 2.64707493782, 2.83283448219, 3.16952371597, 3.20435380936, 3.49460315704, 3.62231302261, 3.85451245308, 4.00544214249, 4.1679816246, 4.21442174911, 4.33052158356, 4.77170085907, 5.11999988556, 5.36380958557, 5.630838871, 6.025578022, 6.09523820877, 6.18811798096, 6.23455762863, 6.26938772202, 6.3042178154, 6.38548755646, 6.61768722534, 6.6989569664, 6.88471651077, 7.11691617966, 7.16335582733, 7.39555549622, 7.46521520615, 7.61614513397, 7.67419481277, 7.92961454391, 8.8119726181, 9.11383247375, 9.32281208038, 9.85687065125, 9.94975090027]
    rubato_start: []
    rubato_stop: []
    perceptual_tempo: "unknown"

sfx:
    inharmonicity:
        dmean: 0.0406302772462
        dmean2: 0.0757238641381
        dvar: 0.00408499920741
        dvar2: 0.0119097419083
        max: 0.440315157175
        mean: 0.0299765896052
        min: 2.07949301512e-06
        var: 0.0030936866533
    oddtoevenharmonicenergyratio:
        dmean: 10.0262012482
        dmean2: 19.3784732819
        dvar: 1644.84643555
        dvar2: 5009.65380859
        max: 418.325042725
        mean: 5.62244224548
        min: 6.67507129037e-06
        var: 889.962219238
    pitch_after_max_to_before_max_energy_ratio: 1.61717224121
    pitch_centroid: 186.298461914
    pitch_max_to_total: 0.419689118862
    pitch_min_to_total: 0.453367888927
    tristimulus:
        dmean: [0.288367927074, 0.287879914045, 0.0750261694193]
        dmean2: [0.51425331831, 0.505551993847, 0.137785509229]
        dvar: [0.0631918981671, 0.0606166794896, 0.0152045879513]
        dvar2: [0.184088990092, 0.168045535684, 0.0470650158823]
        max: [0.992222905159, 0.988144874573, 0.921223461628]
        mean: [0.605194032192, 0.305200099945, 0.06018255651]
        min: [0.00379942520522, 0, 0]
        var: [0.0911521315575, 0.0780993774533, 0.0137772755697]

tonal:
    chords_changes_rate: 0.139175251126
    chords_number_rate: 0.0567010305822
    chords_strength:
        dmean: 0.0175785589963
        dmean2: 0.0190395414829
        dvar: 0.000174007349415
        dvar2: 0.000249091855949
        max: 0.706640958786
        mean: 0.472902685404
        min: 0.264880686998
        var: 0.00887728203088
    key_strength: 0.39176145196
    tuning_diatonic_strength: 0.451009124517
    tuning_equal_tempered_deviation: 0.268611609936
    tuning_frequency: 444.085327148
    tuning_nontempered_energy_ratio: 0.902431726456
    hpcp:
        dmean: [0.0830982252955, 0.0810301825404, 0.0882415473461, 0.119949430227, 0.15113453567, 0.128728196025, 0.141132265329, 0.174306303263, 0.178552314639, 0.127879530191, 0.118645220995, 0.126128330827, 0.147006049752, 0.131794631481, 0.135337233543, 0.151887014508, 0.138802424073, 0.111239388585, 0.0978565588593, 0.136977225542, 0.154803395271, 0.153461545706, 0.210556656122, 0.217447385192, 0.225302696228, 0.241206407547, 0.237514317036, 0.205503612757, 0.230197072029, 0.261387616396, 0.194857984781, 0.178593337536, 0.198985561728, 0.194529637694, 0.200998023152, 0.147176936269]
        dmean2: [0.142374053597, 0.141491860151, 0.158779814839, 0.203367948532, 0.264327198267, 0.221994325519, 0.242346361279, 0.30194196105, 0.310715317726, 0.218091592193, 0.192553341389, 0.209568157792, 0.259584754705, 0.231917634606, 0.233291730285, 0.260973662138, 0.230562999845, 0.183515563607, 0.169458329678, 0.245281979442, 0.267530739307, 0.270074695349, 0.370054960251, 0.379367589951, 0.385538697243, 0.41071498394, 0.408142566681, 0.350220829248, 0.385582089424, 0.480312585831, 0.346904665232, 0.313517838717, 0.37328132987, 0.33974313736, 0.36199593544, 0.267068445683]
        dvar: [0.0253930687904, 0.0237973853946, 0.0209698975086, 0.0233127530664, 0.0391266196966, 0.0324371382594, 0.0362353958189, 0.0520455315709, 0.0579911991954, 0.0320421941578, 0.0317083932459, 0.0278832372278, 0.0431546866894, 0.0448674857616, 0.0414286442101, 0.037213973701, 0.0332684889436, 0.0230154860765, 0.0259849056602, 0.0537779219449, 0.0648910403252, 0.0540046952665, 0.0774773284793, 0.0756351947784, 0.0675502419472, 0.0659485161304, 0.0747932344675, 0.0641749724746, 0.0608746036887, 0.0910345092416, 0.056608363986, 0.0494117178023, 0.0734052732587, 0.0558921769261, 0.0592365115881, 0.0445206090808]
        dvar2: [0.0666914060712, 0.061219394207, 0.0609710514545, 0.0519077070057, 0.102570571005, 0.0886655524373, 0.0952647030354, 0.145381107926, 0.158523142338, 0.085052780807, 0.083637572825, 0.0757728815079, 0.118157438934, 0.121762476861, 0.113693408668, 0.0911895260215, 0.0668735280633, 0.0490549989045, 0.070237249136, 0.133879631758, 0.172208428383, 0.140859529376, 0.223991587758, 0.188888132572, 0.171586990356, 0.174339041114, 0.185593366623, 0.135347276926, 0.164309188724, 0.246674284339, 0.138279005885, 0.140954345465, 0.211523011327, 0.149172440171, 0.145135551691, 0.124874673784]
        max: [1, 0.841056585312, 0.7548391819, 1, 1, 1, 1, 1, 1, 1, 1, 1, 1, 1, 1, 1, 1, 1, 1, 1, 1, 1, 1, 1, 1, 1, 1, 1, 1, 1, 1, 1, 1, 1, 1, 1]
        mean: [0.0755362585187, 0.0681828781962, 0.074263073504, 0.112671732903, 0.146696448326, 0.140272825956, 0.131824195385, 0.173900917172, 0.193714797497, 0.148890972137, 0.114462397993, 0.12822291255, 0.14278665185, 0.12366245687, 0.114149555564, 0.133514642715, 0.147107109427, 0.116414159536, 0.0881232023239, 0.108780898154, 0.13230830431, 0.135899826884, 0.171512961388, 0.213020443916, 0.214653119445, 0.239071160555, 0.258851140738, 0.216693282127, 0.20727519691, 0.23441439867, 0.201036691666, 0.149698927999, 0.160173892975, 0.195253446698, 0.183441698551, 0.119351133704]
        min: [6.90223168931e-05, 1.75097284227e-05, 9.89561085589e-05, 8.09446137282e-05, 9.03716063476e-05, 0.000101048230135, 6.4945910708e-05, 0.00016207776207, 0.000400105054723, 0.000195946777239, 0.000117256626254, 9.3803879281e-05, 0.000241842804826, 0.000228140721447, 0.000159161209012, 3.48560643033e-05, 0.000162438576808, 0.000147213693708, 0.000102739591966, 3.9419701352e-05, 5.05502612214e-05, 7.51940897317e-05, 0.000142098942888, 0.000195282322238, 0.000128201994812, 0.000140450778417, 0.000124833386508, 5.04706586071e-05, 8.03565562819e-05, 0.000106140985736, 6.17024561507e-05, 6.44905667286e-05, 9.49114473769e-05, 5.40615219506e-05, 0.000142257689731, 0.000255432561971]
        var: [0.023757558316, 0.0212185177952, 0.0180771481246, 0.0300364885479, 0.0491579584777, 0.0485037229955, 0.0392833836377, 0.0598095580935, 0.0705062299967, 0.0460397191346, 0.0317560359836, 0.0369118824601, 0.0552847795188, 0.0417879298329, 0.0368730127811, 0.0402635857463, 0.0563415251672, 0.0414530225098, 0.02599593997, 0.0477435179055, 0.0654928982258, 0.054381955415, 0.0698653683066, 0.0922378003597, 0.0907382965088, 0.0955718457699, 0.113703630865, 0.0899203792214, 0.071573369205, 0.09981366992, 0.0761282294989, 0.051377877593, 0.0649260133505, 0.0728377178311, 0.0711230486631, 0.0387573242188]
    chords_histogram: [8.76288700104, 0, 0, 0, 0, 0, 0, 1.03092777729, 0, 0, 30.4123706818, 4.63917541504, 11.8556699753, 0, 1.54639172554, 8.76288700104, 0, 3.09278345108, 0, 0, 0, 3.09278345108, 16.4948444366, 10.3092784882]
    thpcp: [1, 0.837134718895, 0.800750553608, 0.905595362186, 0.776649832726, 0.578320503235, 0.618787646294, 0.754307866096, 0.7086763978, 0.46108019352, 0.291813492775, 0.263405740261, 0.286894917488, 0.435276180506, 0.566721260548, 0.541905403137, 0.5092664361, 0.671818256378, 0.748363673687, 0.575199186802, 0.442193895578, 0.495353877544, 0.551616847515, 0.47773578763, 0.440985321999, 0.515797019005, 0.568307757378, 0.449734002352, 0.340439677238, 0.420244991779, 0.511136651039, 0.525011479855, 0.662593007088, 0.822945713997, 0.829253137112, 0.923585474491]
    chords_key: "E"
    chords_scale: "minor"
    key_key: "F"
    key_scale: "minor"
    chords_progression: ["F#m", "F#m", "F#m", "A", "A", "A", "A", "A", "A", "A", "A", "A", "A", "A", "A", "A", "A", "A", "A", "A", "A#m", "A#m", "C#", "C#", "C#", "A#m", "C#", "C#", "A#m", "A#m", "A#m", "F", "F", "A#m", "A#m", "A#m", "A#m", "A#m", "E", "E", "E", "Fm", "E", "A#m", "E", "E", "Em", "Em", "Em", "Em", "Em", "Em", "Em", "Em", "Em", "Em", "Em", "Fm", "Fm", "Fm", "Fm", "Fm", "Fm", "Em", "Em", "Em", "Em", "Fm", "Fm", "Fm", "Fm", "Bm", "Bm", "Bm", "Bm", "Bm", "Bm", "Bm", "Bm", "Bm", "Bm", "Bm", "Bm", "Bm", "Bm", "Bm", "Bm", "Bm", "Bm", "Fm", "Fm", "Fm", "Fm", "Fm", "Fm", "Bm", "Bm", "Bm", "Bm", "Bm", "A#m", "A#m", "A#m", "A#m", "A#m", "A#m", "A#m", "A#m", "A#m", "A#m", "A#m", "A#m", "A#m", "A#m", "A#m", "A#m", "A#m", "A#m", "A#m", "A#m", "F#", "F#", "F#", "F#", "F#", "Em", "Em", "Em", "Em", "Em", "Em", "Em", "Em", "Em", "Em", "Em", "Em", "Em", "Em", "Em", "Em", "Em", "Em", "Em", "Em", "Em", "Em", "Em", "Em", "Em", "Em", "Em", "Em", "Em", "Em", "Em", "Em", "Em", "Em", "Em", "Em", "Em", "Em", "Em", "Em", "G", "G", "G", "G", "G", "G", "G", "G", "G", "Em", "Em", "Em", "Em", "C#", "C#", "C#", "C#", "C#", "C#", "C#", "C#", "C#", "C#", "C#", "C#", "C#", "C#", "C#", "F#"]
