
metadata:
    version:
        essentia: "1.2.2"
    audio_properties:
        analysis_sample_rate: 44100
        bitrate: 128
        channels: 2
        equal_loudness: 1
        length: 10.0832653046
        replay_gain: -11.2880096436
        downmix: "mix"
    tags:
        track: 12
        year: 0
        album: "Splitted by Mp3Splt v. 2.1"
        artist: "From 001.50 To 002.00"
        comment: "http://mp3splt.sf.net"
        genre: ""
        title: "06 Disciplined Breakdown.mp3"

highlevel:
    ballroom:
        all:
            ChaChaCha: 0.0289337150753
            Jive: 0.121242552996
            Quickstep: 0.0182876065373
            Rumba-American: 0.014175189659
            Rumba-International: 0.550205945969
            Rumba-Misc: 0.10605763644
            Samba: 0.153088673949
            Tango: 0.00043621493387
            VienneseWaltz: 0.00462861824781
            Waltz: 0.00294387130998
        probability: 0.550205945969
        value: "Rumba-International"
    culture:
        all:
            non_western: 0.5
            western: 0.5
        probability: 0.5
        value: "non_western"
    gender:
        all:
            female: 0.0277270060033
            male: 0.972272992134
        probability: 0.972272992134
        value: "male"
    genre_dortmund:
        all:
            alternative: 0.0799799636006
            blues: 0.0131841944531
            electronic: 0.0600613281131
            folkcountry: 0.0446177944541
            funksoulrnb: 0.0769659653306
            jazz: 0.0572417266667
            pop: 0.0635536238551
            raphiphop: 0.115502044559
            rock: 0.4888933599
        probability: 0.4888933599
        value: "rock"
    genre_electronica:
        all:
            ambient: 0.135837733746
            dnb: 0.213415116072
            house: 0.327248632908
            techno: 0.0602310709655
            trance: 0.263267457485
        probability: 0.327248632908
        value: "house"
    genre_rosamerica:
        all:
            cla: 0.00721478043124
            dan: 0.0917014479637
            hip: 0.0782058462501
            jaz: 0.0188325252384
            pop: 0.0836033374071
            rhy: 0.536617219448
            roc: 0.158046379685
            spe: 0.0257784277201
        probability: 0.536617219448
        value: "rhy"
    genre_tzanetakis:
        all:
            blu: 0.00538353249431
            cla: 0.00234482367523
            cou: 0.0117304865271
            dis: 0.016420442611
            hip: 0.231551960111
            jaz: 0.00214422587305
            met: 0.0154302669689
            pop: 0.0909958556294
            reg: 0.405807286501
            roc: 0.218191117048
        probability: 0.405807286501
        value: "reg"
    live_studio:
        all:
            live: 0.873726427555
            studio: 0.126273542643
        probability: 0.873726427555
        value: "live"
    mood:
        all:
            Cluster1: 0.275811314583
            Cluster2: 0.161926075816
            Cluster3: 0.404959112406
            Cluster4: 0.0385738238692
            Cluster5: 0.118729673326
        probability: 0.404959112406
        value: "Cluster3"
    mood_acoustic:
        all:
            acoustic: 0.468361020088
            not_acoustic: 0.531638979912
        probability: 0.531638979912
        value: "not_acoustic"
    mood_aggressive:
        all:
            aggressive: 0.285762876272
            not_aggressive: 0.714237093925
        probability: 0.714237093925
        value: "not_aggressive"
    mood_electronic:
        all:
            electronic: 0.945721268654
            not_electronic: 0.0542787127197
        probability: 0.945721268654
        value: "electronic"
    mood_happy:
        all:
            happy: 0.327653199434
            not_happy: 0.672346770763
        probability: 0.672346770763
        value: "not_happy"
    mood_party:
        all:
            not_party: 0.549479782581
            party: 0.450520217419
        probability: 0.549479782581
        value: "not_party"
    mood_relaxed:
        all:
            not_relaxed: 0.467445671558
            relaxed: 0.532554328442
        probability: 0.532554328442
        value: "relaxed"
    mood_sad:
        all:
            not_sad: 0.519269824028
            sad: 0.480730175972
        probability: 0.519269824028
        value: "not_sad"
    rhythm:
        all:
            fast: 0.288248479366
            medium: 0.648880958557
            slow: 0.0628705397248
        probability: 0.648880958557
        value: "medium"
    speech_music:
        all:
            music: 0.999976098537
            speech: 2.39246655838e-05
        probability: 0.999976098537
        value: "music"
    timbre:
        all:
            bright: 0.123295769095
            dark: 0.876704216003
        probability: 0.876704216003
        value: "dark"
    voice_instrumental:
        all:
            instrumental: 0.00167427293491
            voice: 0.998325705528
        probability: 0.998325705528
        value: "voice"

lowlevel:
    average_loudness: 0.975698530674
    barkbands_kurtosis:
        dmean: 10.9332752228
        dmean2: 16.8846988678
        dvar: 219.484710693
        dvar2: 393.476196289
        max: 142.215164185
        mean: 17.1208591461
        min: -1.92985677719
        var: 535.928222656
    barkbands_skewness:
        dmean: 1.09780824184
        dmean2: 1.61812853813
        dvar: 1.18056404591
        dvar2: 2.17260909081
        max: 9.24878311157
        mean: 2.70848441124
        min: -2.35371804237
        var: 4.03610134125
    barkbands_spread:
        dmean: 8.29205989838
        dmean2: 12.5921611786
        dvar: 109.202224731
        dvar2: 220.57862854
        max: 76.8124008179
        mean: 20.5227794647
        min: 1.03954541683
        var: 342.747955322
    dissonance:
        dmean: 0.0275510307401
        dmean2: 0.0452037602663
        dvar: 0.000953623384703
        dvar2: 0.0022864905186
        max: 0.500000059605
        mean: 0.441775977612
        min: 0.138115674257
        var: 0.00199166289531
    hfc:
        dmean: 1.70446455479
        dmean2: 2.38685846329
        dvar: 6.06908988953
        dvar2: 11.1612348557
        max: 20.0002670288
        mean: 3.75546050072
        min: 3.45192929672e-05
        var: 16.1702156067
    pitch:
        dmean: 843.040527344
        dmean2: 1652.83862305
        dvar: 2348278.5
        dvar2: 5628949.5
        max: 5512.5
        mean: 1102.24694824
        min: 51.6998825073
        var: 2901920.75
    pitch_instantaneous_confidence:
        dmean: 0.0982207283378
        dmean2: 0.160680025816
        dvar: 0.00762167852372
        dvar2: 0.0169011969119
        max: 0.871772527695
        mean: 0.434323817492
        min: 0.122212529182
        var: 0.0244041997939
    pitch_salience:
        dmean: 0.077305316925
        dmean2: 0.130940914154
        dvar: 0.00620826613158
        dvar2: 0.0171798076481
        max: 0.866524577141
        mean: 0.621905267239
        min: 0.226669475436
        var: 0.011543167755
    silence_rate_20dB:
        dmean: 0
        dmean2: 0
        dvar: 0
        dvar2: 0
        max: 1
        mean: 1
        min: 1
        var: 0
    silence_rate_30dB:
        dmean: 0
        dmean2: 0
        dvar: 0
        dvar2: 0
        max: 1
        mean: 1
        min: 1
        var: 0
    silence_rate_60dB:
        dmean: 0.197590366006
        dmean2: 0.396135270596
        dvar: 0.158548563719
        dvar2: 0.340660840273
        max: 1
        mean: 0.346153855324
        min: 0
        var: 0.226330548525
    spectral_centroid:
        dmean: 286.582458496
        dmean2: 438.904846191
        dvar: 191467.8125
        dvar2: 453985.09375
        max: 4071.97705078
        mean: 750.059814453
        min: 160.961364746
        var: 410753.78125
    spectral_complexity:
        dmean: 2.41116762161
        dmean2: 3.45801520348
        dvar: 10.308098793
        dvar2: 18.0803775787
        max: 38
        mean: 7.5645570755
        min: 0
        var: 37.0357131958
    spectral_crest:
        dmean: 2.9090795517
        dmean2: 4.67485523224
        dvar: 7.39558172226
        dvar2: 16.8145027161
        max: 24.8369064331
        mean: 10.8791074753
        min: 3.17658805847
        var: 19.8482837677
    spectral_decrease:
        dmean: 4.1461947764e-10
        dmean2: 6.56249610209e-10
        dvar: 2.10312596521e-19
        dvar2: 4.7565351254e-19
        max: -9.62709187542e-15
        mean: -1.14323828182e-09
        min: -3.75727449153e-09
        var: 4.42940225374e-19
    spectral_energy:
        dmean: 0.00167844747193
        dmean2: 0.0026225510519
        dvar: 3.43839974448e-06
        dvar2: 7.6326987255e-06
        max: 0.0157191585749
        mean: 0.00465547479689
        min: 3.94659736003e-08
        var: 7.6034734775e-06
    spectral_energyband_high:
        dmean: 0.000156458423589
        dmean2: 0.000222109461902
        dvar: 6.56655885223e-08
        dvar2: 1.34350258918e-07
        max: 0.00178545503877
        mean: 0.0002439552336
        min: 1.17273180056e-09
        var: 1.43224994531e-07
    spectral_energyband_low:
        dmean: 0.000472757819807
        dmean2: 0.000838636944536
        dvar: 1.04301932424e-06
        dvar2: 2.99263956549e-06
        max: 0.00778436055407
        mean: 0.000590841285884
        min: 9.53473522358e-10
        var: 7.06534251549e-07
    spectral_energyband_middle_high:
        dmean: 0.000296765530948
        dmean2: 0.000426439190051
        dvar: 2.32289011137e-07
        dvar2: 3.98773124743e-07
        max: 0.00510537484661
        mean: 0.000592048687395
        min: 8.3529467787e-09
        var: 6.7465958864e-07
    spectral_energyband_middle_low:
        dmean: 0.00119683903176
        dmean2: 0.00186052347999
        dvar: 1.98377051674e-06
        dvar2: 4.28733619628e-06
        max: 0.0127557357773
        mean: 0.00322862132452
        min: 2.89730675007e-08
        var: 4.57033365819e-06
    spectral_flatness_db:
        dmean: 0.037344224751
        dmean2: 0.0511157624424
        dvar: 0.00125915685203
        dvar2: 0.00229378486983
        max: 0.391697078943
        mean: 0.21527133882
        min: 0.0532400123775
        var: 0.00532783428207
    spectral_flux:
        dmean: 0.0119096068665
        dmean2: 0.018128907308
        dvar: 0.00015570638061
        dvar2: 0.000349196081515
        max: 0.100158646703
        mean: 0.036300431937
        min: 0.00327608454973
        var: 0.000363191007636
    spectral_kurtosis:
        dmean: 3.65988206863
        dmean2: 5.41830539703
        dvar: 43.7983779907
        dvar2: 81.8214950562
        max: 74.530166626
        mean: 6.26705169678
        min: -0.789001464844
        var: 82.5710525513
    spectral_rms:
        dmean: 0.000392955844291
        dmean2: 0.000598683895078
        dvar: 1.65808941688e-07
        dvar2: 3.69460991578e-07
        max: 0.00391609035432
        mean: 0.0020330210682
        min: 6.20510991212e-06
        var: 4.08753180636e-07
    spectral_rolloff:
        dmean: 617.139099121
        dmean2: 1027.12744141
        dvar: 1243373.75
        dvar2: 2814973
        max: 6546.09375
        mean: 1495.11523438
        min: 150.732421875
        var: 2721586.25
    spectral_skewness:
        dmean: 0.518243610859
        dmean2: 0.691832125187
        dvar: 0.391780495644
        dvar2: 0.729265570641
        max: 7.25299692154
        mean: 1.87870287895
        min: -0.184315547347
        var: 1.31430137157
    spectral_spread:
        dmean: 1306965.875
        dmean2: 1751885.625
        dvar: 2.63915175936e+12
        dvar2: 4.21695140659e+12
        max: 28106982
        mean: 5992810.5
        min: 1506020.375
        var: 7.05047612621e+12
    spectral_strongpeak:
        dmean: 0.160951897502
        dmean2: 0.274090439081
        dvar: 0.0595918484032
        dvar2: 0.152232959867
        max: 1.92666888237
        mean: 0.292746901512
        min: 0
        var: 0.0889595672488
    zerocrossingrate:
        dmean: 0.0131662432104
        dmean2: 0.0143415536731
        dvar: 0.000187547979294
        dvar2: 0.000242137219175
        max: 0.19140625
        mean: 0.0537022836506
        min: 0.005859375
        var: 0.00135405152105
    barkbands:
        dmean: [3.05813699697e-07, 0.000156239053467, 0.000342509156326, 0.000293361605145, 0.000776216736995, 0.000159067829372, 0.000266286631813, 0.000159947798238, 0.000142113465699, 3.71323476429e-05, 3.36474477081e-05, 4.02265177399e-05, 1.83891515917e-05, 2.06397489819e-05, 1.38888699439e-05, 2.63871515926e-05, 4.95857348142e-05, 6.01163228566e-05, 8.39174390421e-05, 9.00534869288e-05, 5.22432856087e-05, 4.87732795591e-05, 1.66644731507e-05, 5.94925177211e-06, 2.15958175431e-06, 1.96249246187e-07, 1.0147707119e-09]
        dmean2: [4.70754798698e-07, 0.000282583787339, 0.000606810033787, 0.000444332748884, 0.00122808257584, 0.000253262784099, 0.00043836698751, 0.000276952370768, 0.000220285874093, 5.67399911233e-05, 5.03768787894e-05, 6.90612141625e-05, 3.0016159144e-05, 3.15398574458e-05, 2.16711468966e-05, 4.05714781664e-05, 7.76929373387e-05, 9.26628417801e-05, 0.000129068081151, 0.000137725059176, 7.55516302888e-05, 7.2638351412e-05, 2.34476920014e-05, 7.96472886577e-06, 3.004955488e-06, 2.94628733855e-07, 1.66710723004e-09]
        dvar: [2.51454618846e-13, 1.55863702389e-07, 4.93670427204e-07, 1.00337729236e-07, 8.50745095704e-07, 9.6967930574e-08, 5.79790764732e-07, 3.44025863797e-07, 1.46456088146e-07, 5.66864954976e-09, 8.97722518545e-09, 3.58093750208e-08, 2.81020207105e-09, 4.02862632143e-09, 7.77742314995e-10, 3.69162544978e-09, 8.99881502647e-09, 1.9239051241e-08, 3.03422815762e-08, 2.91885111636e-08, 8.8293461431e-09, 8.88264661825e-09, 1.73777259249e-09, 2.51700105203e-10, 2.12255577697e-11, 1.40203034729e-13, 8.14001805598e-18]
        dvar2: [5.23937501457e-13, 4.34405990291e-07, 1.4469388816e-06, 2.39722027118e-07, 1.92488391804e-06, 2.33392626114e-07, 1.30276976051e-06, 9.51445144892e-07, 2.80405316744e-07, 1.36871358691e-08, 1.77788965772e-08, 7.51176969516e-08, 7.15324466327e-09, 9.76636727046e-09, 1.89099225167e-09, 9.2690459752e-09, 1.85637869521e-08, 4.20814849633e-08, 6.94070010354e-08, 6.90298946893e-08, 1.88875937113e-08, 1.83180954849e-08, 3.83857612363e-09, 4.5490880507e-10, 3.8133832897e-11, 3.1704321243e-13, 1.98437667645e-17]
        max: [4.33242348663e-06, 0.00261591025628, 0.00561378058046, 0.00261530932039, 0.00709166750312, 0.00309551157989, 0.0110962465405, 0.00631397217512, 0.00538552319631, 0.000735567591619, 0.00118136696983, 0.00260640843771, 0.000565362337511, 0.000707266677637, 0.000308691844111, 0.000623710686341, 0.00117739196867, 0.00154843309429, 0.0019875112921, 0.0015131267719, 0.000766673008911, 0.000919374637306, 0.000441211101133, 0.000252560043009, 6.64088292979e-05, 2.82616520053e-06, 3.57160843123e-08]
        mean: [4.17689591359e-07, 0.000157771923114, 0.000432664033724, 0.000787024502642, 0.00145725603215, 0.000256734376308, 0.000378631870262, 0.000139906012919, 0.000197146480787, 4.99559209857e-05, 4.25391663157e-05, 4.53835564258e-05, 2.02331520995e-05, 2.39897617575e-05, 1.91721246665e-05, 3.81926038244e-05, 8.3275619545e-05, 9.84849466477e-05, 0.000122098339489, 0.000121586861496, 8.00384077593e-05, 7.03820769559e-05, 2.14167921513e-05, 7.94501647761e-06, 3.02310195366e-06, 2.0890034591e-07, 8.4942630707e-10]
        min: [2.06097378747e-11, 3.06785152837e-10, 6.37780550594e-10, 5.20353182765e-09, 6.18348039438e-09, 4.77919304132e-09, 4.48387282859e-09, 1.20002874304e-09, 6.77620537459e-09, 1.40821987404e-09, 6.75935252215e-10, 1.02261099588e-09, 1.07001230099e-09, 8.69159855199e-10, 3.786980729e-10, 3.80517117815e-10, 5.30755661643e-10, 8.1460693746e-10, 1.22119669932e-09, 5.81982517733e-10, 4.31462698902e-10, 2.3942317573e-10, 8.13210609962e-11, 8.11768985365e-11, 6.91378065909e-11, 1.13155648046e-11, 1.96300007499e-13]
        var: [3.89589402405e-13, 1.02986149386e-07, 3.36125651756e-07, 2.27364026273e-07, 1.5566293996e-06, 1.24531695178e-07, 1.43670524722e-06, 2.50171666494e-07, 2.8531553653e-07, 8.25373103197e-09, 1.54610351188e-08, 3.76397935042e-08, 2.88055956865e-09, 4.68709471235e-09, 1.36256639305e-09, 5.82615866662e-09, 2.25316920677e-08, 3.40166224078e-08, 5.38006581507e-08, 4.12726350874e-08, 1.81796870891e-08, 1.74718142176e-08, 2.65232835694e-09, 4.73080741248e-10, 4.34688986195e-11, 1.6858281264e-13, 5.35197643646e-18]
    mfcc:
        mean: [-776.709960938, 127.93372345, 14.9289226532, 65.2197875977, -14.8254070282, -0.982524394989, -5.44629669189, 1.99172902107, -3.35086894035, -10.5983400345, -7.46308851242, -11.4759559631, -9.29065513611]
        cov: [[8333.28125, -2331.1640625, -1355.63439941, -13.9026384354, -465.586883545, -183.187240601, -86.074180603, -2.07582354546, 97.5129089355, 216.203186035, 172.743133545, 200.93913269, 92.2917022705], [-2331.1640625, 2076.71899414, -277.703704834, -86.8468322754, 123.145629883, -24.0264358521, 77.8160018921, -10.0185747147, 35.9089698792, -112.410949707, -25.0114154816, -39.9936332703, -7.78459119797], [-1355.63439941, -277.703704834, 1480.50280762, -103.286254883, 66.5759353638, 189.973312378, 19.2842407227, 22.3263053894, -121.101593018, -13.9994869232, -87.8867263794, -63.7826690674, -19.0823307037], [-13.9026384354, -86.8468322754, -103.286254883, 422.568145752, 69.3704681396, -30.006816864, -17.2186145782, 44.9611320496, 37.9262084961, 14.603395462, -49.8022651672, -46.1669540405, 9.22196483612], [-465.586883545, 123.145629883, 66.5759353638, 69.3704681396, 261.126342773, -0.657469332218, -77.0908355713, -10.805975914, 17.5924015045, -13.9550352097, -28.403339386, -2.46414899826, -5.05344152451], [-183.187240601, -24.0264358521, 189.973312378, -30.006816864, -0.657469332218, 145.689178467, 27.4892082214, 14.4881896973, -14.4180650711, -0.288122743368, 0.457528740168, -18.3875331879, -14.0385084152], [-86.074180603, 77.8160018921, 19.2842407227, -17.2186145782, -77.0908355713, 27.4892082214, 193.591171265, 11.004573822, 20.249162674, 8.63931274414, -5.1936545372, -22.9528656006, -7.14751243591], [-2.07582354546, -10.0185747147, 22.3263053894, 44.9611320496, -10.805975914, 14.4881896973, 11.004573822, 109.169555664, -12.1437454224, 1.8827290535, 3.46133923531, -19.4471340179, -0.341132104397], [97.5129089355, 35.9089698792, -121.101593018, 37.9262084961, 17.5924015045, -14.4180650711, 20.249162674, -12.1437454224, 100.044166565, 17.0931453705, -8.15012836456, -3.75259327888, -8.43792915344], [216.203186035, -112.410949707, -13.9994869232, 14.603395462, -13.9550352097, -0.288122743368, 8.63931274414, 1.8827290535, 17.0931453705, 108.391952515, 15.3634910583, 0.274573892355, 6.629966259], [172.743133545, -25.0114154816, -87.8867263794, -49.8022651672, -28.403339386, 0.457528740168, -5.1936545372, 3.46133923531, -8.15012836456, 15.3634910583, 103.305488586, 44.8819732666, 7.91772174835], [200.93913269, -39.9936332703, -63.7826690674, -46.1669540405, -2.46414899826, -18.3875331879, -22.9528656006, -19.4471340179, -3.75259327888, 0.274573892355, 44.8819732666, 91.9306030273, 30.3448104858], [92.2917022705, -7.78459119797, -19.0823307037, 9.22196483612, -5.05344152451, -14.0385084152, -7.14751243591, -0.341132104397, -8.43792915344, 6.629966259, 7.91772174835, 30.3448104858, 83.1620635986]]
        icov: [[0.000297527411021, 0.00035374352592, 0.000322958192555, 0.000145807673107, 0.00027330571902, -1.89732290892e-05, 8.35938553791e-05, -0.000125093021779, -0.000146837061038, -0.000160375609994, 0.000137939292472, -0.000223651572014, -0.000152702137711], [0.00035374352592, 0.00102318078279, 0.000557675375603, 0.000449741841294, -0.000164656768902, 2.22734688577e-05, -0.00030816817889, -0.00018567967345, -0.000219021123485, 0.000410716485931, 0.000150920357555, 0.000216939137317, -0.000400696211727], [0.000322958192555, 0.000557675375603, 0.00141130795237, 0.000499242101796, -0.000202606926905, -0.00111439265311, -0.00015517391148, -0.000206032535061, 0.00100092205685, -0.00026306611835, 0.00110406032763, 4.10627762903e-05, -0.000249916309258], [0.000145807673107, 0.000449741841294, 0.000499242101796, 0.00330245727673, -0.000831809593365, 0.00040163777885, 7.96384483692e-05, -0.00143933796789, -0.000834433129057, -0.000263101333985, 0.00114595517516, 0.00140538520645, -0.00103878078517], [0.00027330571902, -0.000164656768902, -0.000202606926905, -0.000831809593365, 0.00560893164948, -0.000321823899867, 0.00246782973409, 0.0003281236568, -0.00156182004139, -1.42271055665e-05, 0.000909254944418, -0.00108897022437, 0.000380431825761], [-1.89732290892e-05, 2.22734688577e-05, -0.00111439265311, 0.00040163777885, -0.000321823899867, 0.0088948700577, -0.00107507174835, -0.000764328171499, -5.85889247304e-05, 0.00011938411626, -0.00152343465015, 0.00130989565514, 0.000760955677833], [8.35938553791e-05, -0.00030816817889, -0.00015517391148, 7.96384483692e-05, 0.00246782973409, -0.00107507174835, 0.00685899425298, -0.00039690444828, -0.0020982127171, -0.00043697230285, 0.000232564736507, 0.000948881963268, -0.000156128793606], [-0.000125093021779, -0.00018567967345, -0.000206032535061, -0.00143933796789, 0.0003281236568, -0.000764328171499, -0.00039690444828, 0.0106223924085, 0.00155750929844, 0.000160844938364, -0.00193352659699, 0.00248405523598, -0.000442952790763], [-0.000146837061038, -0.000219021123485, 0.00100092205685, -0.000834433129057, -0.00156182004139, -5.85889247304e-05, -0.0020982127171, 0.00155750929844, 0.0132456393912, -0.00216204067692, 0.00151081581134, -0.000513627543114, 0.00174580642488], [-0.000160375609994, 0.000410716485931, -0.00026306611835, -0.000263101333985, -1.42271055665e-05, 0.00011938411626, -0.00043697230285, 0.000160844938364, -0.00216204067692, 0.010758430697, -0.00239779567346, 0.00163501419593, -0.00127774151042], [0.000137939292472, 0.000150920357555, 0.00110406032763, 0.00114595517516, 0.000909254944418, -0.00152343465015, 0.000232564736507, -0.00193352659699, 0.00151081581134, -0.00239779567346, 0.0147728379816, -0.00710780220106, 0.00132895016577], [-0.000223651572014, 0.000216939137317, 4.10627762903e-05, 0.00140538520645, -0.00108897022437, 0.00130989565514, 0.000948881963268, 0.00248405523598, -0.000513627543114, 0.00163501419593, -0.00710780220106, 0.0185887832195, -0.00591977778822], [-0.000152702137711, -0.000400696211727, -0.000249916309258, -0.00103878078517, 0.000380431825761, 0.000760955677833, -0.000156128793606, -0.000442952790763, 0.00174580642488, -0.00127774151042, 0.00132895016577, -0.00591977778822, 0.014663384296]]
    spectral_contrast:
        mean: [-9.36651147754e-08, -2.01814060574e-07, -5.80107837322e-07, 1.30262549192e-07, 3.9889843606e-07, 1.02685973502e-07, -2.07454354495e-06, -2.94250776278e-06, -1.52572795287e-06, 5.98943688601e-06, -2.14274928112e-06, -2.91534615826e-06]
        var: [0.00084458431229, 0.00139505555853, 0.00222306046635, 0.0030452774372, 0.00329288374633, 0.00576732633635, 0.0914447903633, 0.115807123482, 0.286876648664, 0.386550247669, 0.937560081482, 3.70994639397]

rhythm:
    beats_loudness:
        dmean: 0.0048066736199
        dmean2: 0.00733496854082
        dvar: 5.92380274611e-06
        dvar2: 2.18934492295e-05
        max: 0.0124913789332
        mean: 0.00594230322167
        min: 1.287008633e-08
        var: 1.16354431157e-05
    beats_loudness_bass:
        dmean: 0.199017509818
        dmean2: 0.329511791468
        dvar: 0.00798167847097
        dvar2: 0.0170635953546
        max: 0.563257098198
        mean: 0.291363924742
        min: 0.0953131690621
        var: 0.0220133867115
    bpm: 94.3470306396
    bpm_confidence: 0
    first_peak_bpm: 94
    first_peak_spread: 0
    first_peak_weight: 1
    onset_rate: 4.8595366478
    second_peak_bpm: 0
    second_peak_spread: 0
    second_peak_weight: 0
    beats_position: [0.343698829412, 0.979395866394, 1.61509275436, 2.25078964233, 2.8864865303, 3.52218365669, 4.15788030624, 4.79357719421, 5.42927408218, 6.0667424202, 6.70286989212, 7.33899736404, 7.97512435913, 8.61125278473, 9.24738025665, 9.88350772858]
    bpm_estimates: [94.7535324097, 94.0917663574, 94.0952148438, 94.6015777588, 94.5654678345, 93.8739395142, 94.4549942017, 94.2510604858, 94.1820144653, 94.6007003784]
    bpm_intervals: [0.635697007179, 0.63569688797, 0.63569688797, 0.63569688797, 0.635697126389, 0.635696649551, 0.63569688797, 0.63569688797, 0.637468338013, 0.636127471924, 0.636127471924, 0.636126995087, 0.636128425598, 0.636127471924, 0.636127471924]
    onset_times: [0.0348299331963, 0.348299324512, 0.684988677502, 0.986848056316, 1.28870749474, 1.45124721527, 2.79800462723, 2.86766433716, 3.11147403717, 3.39011335373, 3.49460315704, 3.7151927948, 3.88934230804, 3.98222231865, 4.19120168686, 4.33052158356, 4.48145103455, 4.67882108688, 4.9806804657, 5.13160991669, 5.30575942993, 5.45668935776, 5.65405893326, 5.7701587677, 6.08362817764, 6.24616765976, 6.33904743195, 6.46675729752, 6.59446716309, 6.91954660416, 7.05886602402, 7.22140598297, 7.37233543396, 7.53487539291, 7.6858048439, 7.87156438828, 8.01088428497, 8.19664382935, 8.34757328033, 8.498503685, 8.59138298035, 8.63782310486, 8.82358264923, 8.99773216248, 9.12544250488, 9.26476192474, 9.4853515625, 9.75238132477, 9.92653083801]
    rubato_start: []
    rubato_stop: []
    perceptual_tempo: "unknown"

sfx:
    inharmonicity:
        dmean: 0.0312511101365
        dmean2: 0.05546092242
        dvar: 0.00185057218187
        dvar2: 0.00552665116265
        max: 0.299902319908
        mean: 0.0283488687128
        min: 0
        var: 0.00180293864105
    oddtoevenharmonicenergyratio:
        dmean: 1.80021131039
        dmean2: 3.26411223412
        dvar: 18.9726161957
        dvar2: 52.7441558838
        max: 42.7081375122
        mean: 1.40104162693
        min: 0
        var: 13.6426563263
    pitch_after_max_to_before_max_energy_ratio: 0.991760909557
    pitch_centroid: 191.448150635
    pitch_max_to_total: 0.584810137749
    pitch_min_to_total: 0.443037986755
    tristimulus:
        dmean: [0.268196254969, 0.256828457117, 0.0975933820009]
        dmean2: [0.474562168121, 0.45245295763, 0.165956556797]
        dvar: [0.058611985296, 0.0570829994977, 0.0159725509584]
        dvar2: [0.143601432443, 0.152320206165, 0.0437829904258]
        max: [1, 0.990818977356, 0.866181015968]
        mean: [0.524621129036, 0.350483864546, 0.0960464775562]
        min: [0.00741344317794, 0, 0]
        var: [0.0932353511453, 0.0792906731367, 0.0170748569071]

tonal:
    chords_changes_rate: 0.130653262138
    chords_number_rate: 0.0402010045946
    chords_strength:
        dmean: 0.0173577740788
        dmean2: 0.0196559168398
        dvar: 0.00016659697576
        dvar2: 0.000256997183897
        max: 0.652778863907
        mean: 0.475024700165
        min: 0.281968355179
        var: 0.00530754309148
    key_strength: 0.764916658401
    tuning_diatonic_strength: 0.52586388588
    tuning_equal_tempered_deviation: 0.174671918154
    tuning_frequency: 443.828887939
    tuning_nontempered_energy_ratio: 0.821431875229
    hpcp:
        dmean: [0.13342230022, 0.155784845352, 0.196139082313, 0.192070797086, 0.178050920367, 0.174918800592, 0.160703584552, 0.143554031849, 0.120588995516, 0.11860049516, 0.107469826937, 0.134910151362, 0.150229334831, 0.118265286088, 0.116810835898, 0.131402701139, 0.17532941699, 0.260563790798, 0.266519188881, 0.212399303913, 0.106807120144, 0.0635664016008, 0.0566747970879, 0.0708022490144, 0.0762675628066, 0.0930401086807, 0.109922833741, 0.0822662189603, 0.0902905836701, 0.116831123829, 0.129560500383, 0.15470264852, 0.180828675628, 0.162920996547, 0.170738697052, 0.13511531055]
        dmean2: [0.237048715353, 0.279179573059, 0.354255825281, 0.325985878706, 0.320515930653, 0.318844199181, 0.301536023617, 0.257431954145, 0.199547469616, 0.204182714224, 0.182629406452, 0.231036573648, 0.267035245895, 0.204269126058, 0.203074455261, 0.232232645154, 0.311130344868, 0.433534830809, 0.453408330679, 0.362147152424, 0.191788569093, 0.113523460925, 0.105260707438, 0.131561130285, 0.140463650227, 0.173040658236, 0.200016140938, 0.142428591847, 0.158984318376, 0.203435540199, 0.220469906926, 0.271595358849, 0.308871388435, 0.254310548306, 0.30549287796, 0.250975430012]
        dvar: [0.0433830283582, 0.0653124526143, 0.0785400122404, 0.0586024150252, 0.0580845661461, 0.0607672333717, 0.0700567811728, 0.0485390238464, 0.0375167578459, 0.0409847088158, 0.0348516218364, 0.044069673866, 0.0730126872659, 0.0367048382759, 0.0346678309143, 0.0484445355833, 0.0514856241643, 0.0633680820465, 0.0860972180963, 0.0538401566446, 0.0399174243212, 0.0179851874709, 0.0164712090045, 0.0224706623703, 0.0192854125053, 0.029357438907, 0.0339026972651, 0.015043688938, 0.0169500298798, 0.031493794173, 0.0370334722102, 0.0431804992259, 0.0469836220145, 0.0395242534578, 0.0547050982714, 0.0438837781549]
        dvar2: [0.105949185789, 0.184089720249, 0.227440476418, 0.139601171017, 0.136338397861, 0.160892188549, 0.18493899703, 0.123462878168, 0.0875986292958, 0.110124722123, 0.0868980512023, 0.102997384965, 0.160536676645, 0.0961667001247, 0.09046112746, 0.120764017105, 0.145307779312, 0.172801703215, 0.184237450361, 0.136662840843, 0.0996412411332, 0.0427963808179, 0.0488310940564, 0.0683228746057, 0.057724069804, 0.0814864858985, 0.0924258232117, 0.0392683520913, 0.0450812391937, 0.0786025673151, 0.0984163880348, 0.112248957157, 0.120392456651, 0.0803324654698, 0.148723885417, 0.115397363901]
        max: [1, 1, 1, 1, 1, 1, 1, 1, 1, 1, 1, 1, 1, 1, 1, 1, 1, 1, 1, 1, 1, 0.976178646088, 1, 1, 0.90810751915, 1, 1, 0.669201254845, 0.817222774029, 1, 1, 1, 1, 1, 1, 1]
        mean: [0.125962466002, 0.130259469151, 0.165507540107, 0.213215619326, 0.189021036029, 0.141575843096, 0.11879003793, 0.108110770583, 0.108995631337, 0.100195072591, 0.0977393761277, 0.161035552621, 0.204600527883, 0.1337197721, 0.121325083077, 0.155542641878, 0.173781633377, 0.342442005873, 0.407842934132, 0.219574034214, 0.0847618803382, 0.05168781057, 0.0447054542601, 0.0601557642221, 0.0701369792223, 0.0775927379727, 0.0841482356191, 0.0679088681936, 0.0755775570869, 0.107038587332, 0.11773917079, 0.13789281249, 0.236714929342, 0.266367703676, 0.168884158134, 0.121919833124]
        min: [0, 0, 0, 0, 0, 0, 3.38306745107e-05, 9.08796864678e-05, 0.000152395004989, 3.09251154249e-05, 0, 0, 0, 0, 0, 0, 0, 0, 0, 0, 0, 0, 0, 0, 0, 0, 5.4092703067e-05, 6.25153334113e-05, 0.000192100196728, 8.91684521775e-06, 0, 0, 0, 0, 0, 0]
        var: [0.0456793308258, 0.0552286244929, 0.0642311796546, 0.082734324038, 0.0714477300644, 0.0576624572277, 0.0501113459468, 0.0379403308034, 0.0375049114227, 0.0398700945079, 0.0362538509071, 0.0688481852412, 0.116868637502, 0.045290440321, 0.0440107919276, 0.0788241997361, 0.049064040184, 0.113861240447, 0.155256420374, 0.0673055052757, 0.0353548079729, 0.0167788490653, 0.0106329340488, 0.0146985715255, 0.0151023985818, 0.02085124515, 0.0237975101918, 0.0122824544087, 0.0151919908822, 0.0316442623734, 0.0377221927047, 0.0435048304498, 0.0787654742599, 0.0969320163131, 0.0537424646318, 0.0384125486016]
    chords_histogram: [22.6130657196, 1.00502514839, 0, 0, 0, 2.51256275177, 0, 22.1105518341, 0, 3.01507544518, 5.52763795853, 7.03517580032, 0, 0, 0, 0, 0, 36.1809043884, 0, 0, 0, 0, 0, 0]
    thpcp: [1, 0.538378894329, 0.207829713821, 0.126734599471, 0.109614387155, 0.14749738574, 0.171970561147, 0.190251514316, 0.206325098872, 0.166507408023, 0.185310453176, 0.262450516224, 0.28868752718, 0.338102728128, 0.580407083035, 0.653113424778, 0.414091169834, 0.298938214779, 0.308850437403, 0.319386363029, 0.405811965466, 0.522788584232, 0.46346527338, 0.347133249044, 0.291264176369, 0.265079438686, 0.267249047756, 0.245670735836, 0.239649549127, 0.394846975803, 0.501664996147, 0.327870756388, 0.29747992754, 0.381378769875, 0.426099419594, 0.839641869068]
    chords_key: "G"
    chords_scale: "major"
    key_key: "G#"
    key_scale: "minor"
    chords_progression: ["D#", "D#", "D#", "C#", "C#", "C#", "C#", "C#", "G#", "G#", "G#", "G#", "G#", "G#", "G#", "G#", "G#", "G#", "G#", "G#", "G#", "G#", "G#", "G#", "G#", "G#", "G#", "G#", "G#", "G#", "G#", "G#", "G#", "G#", "G#", "G#", "G#", "G#", "G#", "G#", "G#", "G#", "G#", "G#", "G#", "G#", "G#", "G#", "G#", "G#", "G#m", "D#", "D#", "D#", "G#m", "G#m", "G#m", "G#m", "G#m", "G#m", "G#m", "G#m", "G#m", "G#m", "G#m", "G#m", "B", "A#", "A#", "B", "G", "G", "G", "G", "G", "G", "G#", "G#", "G", "G", "G", "G", "G", "G", "G", "G", "G", "G", "G", "G", "G", "G", "G", "G", "G", "G", "G", "G", "G", "G", "G", "G", "G", "G", "G", "Gm", "Gm", "Gm", "Gm", "G#m", "G#m", "G#m", "G", "G#m", "G#m", "G#m", "G#m", "G", "G", "G", "G", "G", "G", "G", "G", "G", "G", "G", "G", "G", "G", "G", "G", "G", "G", "G", "G", "G", "G", "G", "G", "G", "G", "G#m", "G#m", "G", "G#m", "G#m", "G#m", "G#m", "Gm", "Gm", "G#m", "G#m", "G#m", "Gm", "Gm", "Gm", "Gm", "Gm", "G#m", "G#m", "G#m", "G#m", "G#m", "G#m", "G#m", "G#m", "G#m", "G#m", "G#m", "G#m", "G#m", "G#m", "A#", "A#", "A#", "A#", "A#", "A#", "A#", "A#", "A#", "A#", "A#", "A#", "G#m", "G#m", "G", "G", "G", "G", "G", "G", "G", "G", "G", "G", "G"]
