
metadata:
    version:
        essentia: "1.2.2"
    audio_properties:
        analysis_sample_rate: 44100
        bitrate: 128
        channels: 2
        equal_loudness: 1
        length: 10.0310201645
        replay_gain: -5.43232917786
        downmix: "mix"
    tags:
        track: 18
        year: 0
        album: "Splitted by Mp3Splt v. 2.1"
        artist: "From 002.50 To 003.00"
        comment: "http://mp3splt.sf.net"
        genre: ""
        title: "09 Postman.mp3"

highlevel:
    ballroom:
        all:
            ChaChaCha: 0.0572102554142
            Jive: 0.00809266604483
            Quickstep: 0.0104603935033
            Rumba-American: 0.00987993739545
            Rumba-International: 0.0762324333191
            Rumba-Misc: 0.0755674690008
            Samba: 0.0104637024924
            Tango: 0.142957389355
            VienneseWaltz: 0.139280244708
            Waltz: 0.469855517149
        probability: 0.469855517149
        value: "Waltz"
    culture:
        all:
            non_western: 0.078477948904
            western: 0.921522021294
        probability: 0.921522021294
        value: "western"
    gender:
        all:
            female: 0.679305613041
            male: 0.320694357157
        probability: 0.679305613041
        value: "female"
    genre_dortmund:
        all:
            alternative: 0.12148027122
            blues: 0.0294701959938
            electronic: 0.0406374819577
            folkcountry: 0.0916937962174
            funksoulrnb: 0.0125650791451
            jazz: 0.495639503002
            pop: 0.0792575925589
            raphiphop: 0.00527162710205
            rock: 0.123984456062
        probability: 0.495639503002
        value: "jazz"
    genre_electronica:
        all:
            ambient: 0.843048274517
            dnb: 0.00938472617418
            house: 0.109452590346
            techno: 0.00793694797903
            trance: 0.030177462846
        probability: 0.843048274517
        value: "ambient"
    genre_rosamerica:
        all:
            cla: 0.584102272987
            dan: 0.0181279219687
            hip: 0.0214074291289
            jaz: 0.0825642198324
            pop: 0.0857459157705
            rhy: 0.0938897505403
            roc: 0.103591151536
            spe: 0.0105713438243
        probability: 0.584102272987
        value: "cla"
    genre_tzanetakis:
        all:
            blu: 0.0130660310388
            cla: 0.531900882721
            cou: 0.0578661300242
            dis: 0.0121476389468
            hip: 0.00467584189028
            jaz: 0.233645662665
            met: 0.00383383175358
            pop: 0.0225253645331
            reg: 0.0493498183787
            roc: 0.0709887817502
        probability: 0.531900882721
        value: "cla"
    live_studio:
        all:
            live: 0.22087046504
            studio: 0.779129505157
        probability: 0.779129505157
        value: "studio"
    mood:
        all:
            Cluster1: 0.106289319694
            Cluster2: 0.232515439391
            Cluster3: 0.571669757366
            Cluster4: 0.0549421571195
            Cluster5: 0.034583311528
        probability: 0.571669757366
        value: "Cluster3"
    mood_acoustic:
        all:
            acoustic: 0.912957191467
            not_acoustic: 0.0870428085327
        probability: 0.912957191467
        value: "acoustic"
    mood_aggressive:
        all:
            aggressive: 4.67497602585e-06
            not_aggressive: 0.999995350838
        probability: 0.999995350838
        value: "not_aggressive"
    mood_electronic:
        all:
            electronic: 0.226568579674
            not_electronic: 0.773431420326
        probability: 0.773431420326
        value: "not_electronic"
    mood_happy:
        all:
            happy: 0.0866711735725
            not_happy: 0.913328826427
        probability: 0.913328826427
        value: "not_happy"
    mood_party:
        all:
            not_party: 0.969001591206
            party: 0.0309984348714
        probability: 0.969001591206
        value: "not_party"
    mood_relaxed:
        all:
            not_relaxed: 0.00967057794333
            relaxed: 0.990329444408
        probability: 0.990329444408
        value: "relaxed"
    mood_sad:
        all:
            not_sad: 0.100887663662
            sad: 0.899112343788
        probability: 0.899112343788
        value: "sad"
    rhythm:
        all:
            fast: 0.052734863013
            medium: 0.175934314728
            slow: 0.771330833435
        probability: 0.771330833435
        value: "slow"
    speech_music:
        all:
            music: 0.997470974922
            speech: 0.00252900389023
        probability: 0.997470974922
        value: "music"
    timbre:
        all:
            bright: 0.94697779417
            dark: 0.0530222095549
        probability: 0.94697779417
        value: "bright"
    voice_instrumental:
        all:
            instrumental: 0.999999940395
            voice: 3.52471367648e-08
        probability: 0.999999940395
        value: "instrumental"

lowlevel:
    average_loudness: 0.943965852261
    barkbands_kurtosis:
        dmean: 1.56344592571
        dmean2: 2.50812697411
        dvar: 17.7986183167
        dvar2: 47.6594161987
        max: 48.9095153809
        mean: 1.54359483719
        min: -1.65468227863
        var: 21.0880203247
    barkbands_skewness:
        dmean: 0.372522860765
        dmean2: 0.561061024666
        dvar: 0.28082087636
        dvar2: 0.677198827267
        max: 5.78238105774
        mean: 1.17955172062
        min: -0.96114474535
        var: 0.875703632832
    barkbands_spread:
        dmean: 2.96898198128
        dmean2: 4.27423620224
        dvar: 11.0913619995
        dvar2: 23.1154212952
        max: 38.700920105
        mean: 18.8453731537
        min: 1.68812417984
        var: 55.2819671631
    dissonance:
        dmean: 0.0266312528402
        dmean2: 0.0457850247622
        dvar: 0.0005965323071
        dvar2: 0.00175689021125
        max: 0.497941613197
        mean: 0.43771019578
        min: 0.263385415077
        var: 0.00127587479074
    hfc:
        dmean: 0.674587726593
        dmean2: 0.990673005581
        dvar: 3.41269922256
        dvar2: 7.94470405579
        max: 26.1393051147
        mean: 2.14379906654
        min: 0.0816606208682
        var: 7.51365423203
    pitch:
        dmean: 48.0923919678
        dmean2: 92.0101852417
        dvar: 9693.97460938
        dvar2: 22904.1894531
        max: 832.075500488
        mean: 250.988830566
        min: 99.1011199951
        var: 16481.5195312
    pitch_instantaneous_confidence:
        dmean: 0.0630719587207
        dmean2: 0.0955876260996
        dvar: 0.00520744500682
        dvar2: 0.0137346703559
        max: 0.880394697189
        mean: 0.568037927151
        min: 0.133149325848
        var: 0.0198542699218
    pitch_salience:
        dmean: 0.0516851469874
        dmean2: 0.0840482339263
        dvar: 0.0034299409017
        dvar2: 0.0105902347714
        max: 0.875119626522
        mean: 0.486772447824
        min: 0.262159764767
        var: 0.0121080679819
    silence_rate_20dB:
        dmean: 0
        dmean2: 0
        dvar: 0
        dvar2: 0
        max: 1
        mean: 1
        min: 1
        var: 0
    silence_rate_30dB:
        dmean: 0
        dmean2: 0
        dvar: 0
        dvar2: 0
        max: 1
        mean: 1
        min: 1
        var: 0
    silence_rate_60dB:
        dmean: 0.0603248253465
        dmean2: 0.120930232108
        dvar: 0.0566858612001
        dvar2: 0.110957682133
        max: 1
        mean: 0.685185194016
        min: 0
        var: 0.215706005692
    spectral_centroid:
        dmean: 94.5960235596
        dmean2: 143.893432617
        dvar: 17507.4042969
        dvar2: 34327.8476562
        max: 2314.23583984
        mean: 767.967712402
        min: 234.844360352
        var: 113826.835938
    spectral_complexity:
        dmean: 1.35431230068
        dmean2: 2.09112143517
        dvar: 3.39425516129
        dvar2: 6.49869394302
        max: 30
        mean: 6.37674427032
        min: 0
        var: 16.7464351654
    spectral_crest:
        dmean: 1.66883063316
        dmean2: 2.67459273338
        dvar: 4.50928354263
        dvar2: 12.0016326904
        max: 21.5276508331
        mean: 9.71067905426
        min: 3.04610514641
        var: 10.3645219803
    spectral_decrease:
        dmean: 2.50127613066e-10
        dmean2: 3.71456893022e-10
        dvar: 4.62386672888e-19
        dvar2: 1.00057276499e-18
        max: -3.80891637675e-11
        mean: -8.01388899685e-10
        min: -7.32060856379e-09
        var: 1.14735720546e-18
    spectral_energy:
        dmean: 0.000999964191578
        dmean2: 0.00147453858517
        dvar: 7.30406236471e-06
        dvar2: 1.58182374435e-05
        max: 0.0300005730242
        mean: 0.00321907293983
        min: 0.000151164102135
        var: 1.81882442121e-05
    spectral_energyband_high:
        dmean: 7.71486429585e-06
        dmean2: 1.14543863674e-05
        dvar: 3.2284169782e-10
        dvar2: 7.03840541405e-10
        max: 0.000329742848407
        mean: 2.46083727689e-05
        min: 4.58109994383e-08
        var: 1.60303437191e-09
    spectral_energyband_low:
        dmean: 5.53758982278e-05
        dmean2: 7.39604074624e-05
        dvar: 1.47979450915e-08
        dvar2: 2.10897397324e-08
        max: 0.00204910873435
        mean: 0.000457037152955
        min: 2.19099884902e-08
        var: 2.44180483833e-07
    spectral_energyband_middle_high:
        dmean: 0.000280690321233
        dmean2: 0.00041954946937
        dvar: 6.74277941926e-07
        dvar2: 1.71882504674e-06
        max: 0.0113996947184
        mean: 0.000717083050404
        min: 1.96821383724e-05
        var: 1.03681304608e-06
    spectral_energyband_middle_low:
        dmean: 0.0007910260465
        dmean2: 0.00122727022972
        dvar: 4.82446330352e-06
        dvar2: 1.05515591713e-05
        max: 0.0248443186283
        mean: 0.00202032527886
        min: 6.53228053125e-05
        var: 1.06508414319e-05
    spectral_flatness_db:
        dmean: 0.0149979423732
        dmean2: 0.0241080466658
        dvar: 0.000304665387375
        dvar2: 0.000835438142531
        max: 0.371692568064
        mean: 0.24760439992
        min: 0.144008263946
        var: 0.00133813300636
    spectral_flux:
        dmean: 0.00738508114591
        dmean2: 0.011071796529
        dvar: 0.000202641895157
        dvar2: 0.000435130059486
        max: 0.15392151475
        mean: 0.0185766071081
        min: 0.00335233542137
        var: 0.00036444835132
    spectral_kurtosis:
        dmean: 6.8380446434
        dmean2: 12.1887865067
        dvar: 55.6299629211
        dvar2: 179.377151489
        max: 67.8381500244
        mean: 17.1216697693
        min: 2.64980792999
        var: 145.737457275
    spectral_rms:
        dmean: 0.000224580333452
        dmean2: 0.000310214818455
        dvar: 2.01118695031e-07
        dvar2: 3.91763677499e-07
        max: 0.00541006959975
        mean: 0.00153642031364
        min: 0.000384027545806
        var: 7.79969980158e-07
    spectral_rolloff:
        dmean: 267.98526001
        dmean2: 460.649291992
        dvar: 154646.09375
        dvar2: 308858.03125
        max: 3897.50976562
        mean: 1450.18566895
        min: 215.33203125
        var: 611315.375
    spectral_skewness:
        dmean: 0.527993917465
        dmean2: 0.930594444275
        dvar: 0.278732687235
        dvar2: 0.901699602604
        max: 6.05973911285
        mean: 2.66009831429
        min: 1.25713765621
        var: 0.898644566536
    spectral_spread:
        dmean: 226038.625
        dmean2: 372435.28125
        dvar: 65661308928
        dvar2: 152747606016
        max: 5146718.5
        mean: 2534823.25
        min: 1092756.875
        var: 991126552576
    spectral_strongpeak:
        dmean: 0.161758601665
        dmean2: 0.279215604067
        dvar: 0.107625707984
        dvar2: 0.278213113546
        max: 2.98374056816
        mean: 0.379084348679
        min: 0.0244295876473
        var: 0.152181819081
    zerocrossingrate:
        dmean: 0.00477013224736
        dmean2: 0.00610693823546
        dvar: 2.69030115305e-05
        dvar2: 3.56396885763e-05
        max: 0.1103515625
        mean: 0.0474098399282
        min: 0.01123046875
        var: 0.000318346777931
    barkbands:
        dmean: [4.99547354593e-08, 1.87761907e-05, 4.49177059636e-05, 7.8478755313e-05, 0.00051384663675, 0.000145591038745, 0.000147305428982, 5.1193026593e-05, 5.69657386222e-05, 4.169042586e-05, 1.49645293277e-05, 2.56968014583e-05, 4.9299265811e-05, 9.03865657165e-05, 6.72442329233e-05, 4.64723379991e-05, 2.90549396595e-05, 1.48554318002e-05, 2.84488633042e-05, 7.8171824498e-06, 3.45471403307e-06, 5.3119902077e-07, 9.4069811496e-08, 3.15399617534e-08, 9.55950074655e-09, 5.86197201891e-10, 1.95393978775e-10]
        dmean2: [5.3920256704e-08, 2.48720680247e-05, 6.2828141381e-05, 0.000118716801808, 0.000894604017958, 0.00020522455452, 0.000219734676648, 8.07087562862e-05, 9.11504321266e-05, 6.43592284177e-05, 2.48778451351e-05, 4.19672869612e-05, 6.64433828206e-05, 0.000139417054015, 0.000108089167043, 8.25921961223e-05, 4.38115021097e-05, 2.16696662392e-05, 4.14209644077e-05, 1.13374353532e-05, 5.52639221496e-06, 8.66286313794e-07, 1.54420618514e-07, 4.94069425372e-08, 1.63794613428e-08, 1.02203190355e-09, 3.6316577523e-10]
        dvar: [8.66348767899e-13, 2.85435741709e-09, 1.2797880089e-08, 3.88317502598e-08, 3.03432420878e-06, 2.66067189614e-07, 8.00197099693e-08, 2.12191793025e-08, 3.8807762337e-08, 2.14018989197e-08, 3.31238547702e-09, 8.69721361596e-09, 2.39740547414e-08, 8.49682280091e-08, 3.71011132927e-08, 2.002596311e-08, 7.27193016914e-09, 8.53297099646e-10, 3.18370241281e-09, 3.26219135038e-10, 4.83696763198e-11, 1.56002901569e-12, 5.32567222202e-14, 6.37136150046e-15, 4.89036377921e-16, 1.96472683556e-18, 2.21846893456e-19]
        dvar2: [8.68140574619e-13, 3.49986151171e-09, 1.95045579687e-08, 7.00574105394e-08, 7.96025324235e-06, 4.79888569771e-07, 1.65023678278e-07, 4.37834728473e-08, 9.87227650739e-08, 5.64268418657e-08, 8.51290149484e-09, 2.26191403385e-08, 5.06649762144e-08, 2.2158961599e-07, 1.05990160648e-07, 5.83845505275e-08, 1.85940347563e-08, 1.93382510005e-09, 7.64673036002e-09, 6.13732342725e-10, 1.3136274013e-10, 4.01450530804e-12, 1.41909812894e-13, 1.47708722423e-14, 1.36586042684e-15, 6.05871003924e-18, 6.87728662926e-19]
        max: [1.930696817e-05, 0.000609737879131, 0.00204871129245, 0.00423856265843, 0.0200095772743, 0.00658561196178, 0.00488675944507, 0.0016276416136, 0.0028117694892, 0.00237299222499, 0.000665576430038, 0.00114464585204, 0.002223133808, 0.00281169451773, 0.0020487473812, 0.00175908533856, 0.00123034359422, 0.000360502832336, 0.000638983619865, 0.000355220137862, 8.12245634734e-05, 2.16442003875e-05, 4.39568339061e-06, 1.35733932893e-06, 4.58442315221e-07, 2.59842316552e-08, 4.10227185554e-09]
        mean: [4.92096070559e-08, 4.76817986055e-05, 0.000409329077229, 0.000466441095341, 0.000639827514533, 0.000286775699351, 0.000415499613155, 0.00011588189227, 9.07442881726e-05, 7.767520583e-05, 1.8654478481e-05, 4.25002217526e-05, 0.000121725272038, 0.000108438551251, 0.000104334110802, 6.93681431585e-05, 7.16083741281e-05, 3.56957389158e-05, 6.31016373518e-05, 2.218742884e-05, 9.27775545279e-06, 1.76960566023e-06, 3.28461936761e-07, 1.30307640234e-07, 4.98528898163e-08, 2.26805108028e-09, 1.54207355219e-10]
        min: [1.88779825105e-11, 6.71067601488e-09, 1.14944036511e-08, 7.53668487619e-08, 1.5195018932e-07, 3.785750323e-06, 3.17054684729e-07, 4.69661983971e-07, 1.16850424092e-06, 7.55622124871e-07, 4.11781009291e-08, 3.10654471036e-08, 1.78887944458e-07, 7.03598402652e-07, 5.30616944161e-07, 9.62337708188e-07, 5.9946012243e-07, 2.56091851725e-07, 1.89474036461e-07, 4.80808886039e-08, 1.80732726562e-08, 2.86506351976e-09, 1.31092892097e-09, 1.03837483056e-09, 8.41402225671e-10, 9.38315536381e-11, 2.68149949944e-13]
        var: [8.64658008821e-13, 1.55542778657e-08, 2.32707989767e-07, 4.73458868555e-07, 3.80734718419e-06, 6.26786231805e-07, 4.16847058204e-07, 6.23167721869e-08, 4.45373657953e-08, 2.41643114407e-08, 3.40841621593e-09, 1.13157661019e-08, 6.85407783863e-08, 7.68783294802e-08, 5.96701497102e-08, 1.78897021641e-08, 1.24481527308e-08, 2.95483992829e-09, 7.27618409968e-09, 1.34842093047e-09, 2.46358544675e-10, 1.01599006985e-11, 3.89242972706e-13, 5.85838005169e-14, 7.97745794119e-15, 1.54147919563e-17, 1.61064162781e-19]
    mfcc:
        mean: [-832.636108398, 190.798309326, -79.5295181274, 45.1496238708, -4.45381164551, -14.730761528, -9.40224075317, -18.9264163971, -11.1267518997, -5.75388765335, -5.20916509628, -10.0457601547, -10.2451963425]
        cov: [[4713.33691406, -2101.14135742, 387.519500732, 185.697006226, -648.205993652, 137.534057617, -463.736785889, -385.609222412, -275.09942627, -150.782928467, -259.058563232, -21.7648487091, -39.9080581665], [-2101.14135742, 2476.84838867, -205.540603638, 176.529190063, 570.578979492, -42.549571991, 407.948852539, 240.328674316, 148.123596191, 142.244827271, 233.587539673, -57.9862823486, -0.0664403215051], [387.519500732, -205.540603638, 465.401672363, 170.316741943, 130.867630005, 144.06451416, 47.5372467041, 87.9969100952, -24.6053733826, -25.2589988708, 15.1624364853, -51.8879966736, -62.820274353], [185.697006226, 176.529190063, 170.316741943, 353.845611572, 200.33102417, 19.2589168549, 26.4086990356, 51.2519989014, -19.2187137604, 20.110118866, 65.5445327759, -8.26709747314, 3.10561823845], [-648.205993652, 570.578979492, 130.867630005, 200.33102417, 441.112365723, 73.997428894, 115.62449646, 176.275634766, 15.267821312, 33.3150100708, 128.314437866, -48.1506996155, -36.7073440552], [137.534057617, -42.549571991, 144.06451416, 19.2589168549, 73.997428894, 143.420654297, 58.2806472778, 43.8843231201, -3.23357057571, -17.5790405273, 20.3483734131, -26.1581802368, -42.7579345703], [-463.736785889, 407.948852539, 47.5372467041, 26.4086990356, 115.62449646, 58.2806472778, 186.866470337, 112.247177124, 43.298210144, 13.8078155518, 51.1224441528, -15.1888399124, -9.9575920105], [-385.609222412, 240.328674316, 87.9969100952, 51.2519989014, 176.275634766, 43.8843231201, 112.247177124, 178.723068237, 45.8419456482, -1.48676764965, 57.5073661804, -27.1683425903, -25.0131416321], [-275.09942627, 148.123596191, -24.6053733826, -19.2187137604, 15.267821312, -3.23357057571, 43.298210144, 45.8419456482, 105.710365295, 46.8067169189, 3.2331135273, 19.95362854, 21.5744895935], [-150.782928467, 142.244827271, -25.2589988708, 20.110118866, 33.3150100708, -17.5790405273, 13.8078155518, -1.48676764965, 46.8067169189, 91.2799224854, 49.7710609436, 13.9975328445, 20.0636730194], [-259.058563232, 233.587539673, 15.1624364853, 65.5445327759, 128.314437866, 20.3483734131, 51.1224441528, 57.5073661804, 3.2331135273, 49.7710609436, 142.02633667, 6.70549345016, -20.1827888489], [-21.7648487091, -57.9862823486, -51.8879966736, -8.26709747314, -48.1506996155, -26.1581802368, -15.1888399124, -27.1683425903, 19.95362854, 13.9975328445, 6.70549345016, 86.96484375, 42.9944496155], [-39.9080581665, -0.0664403215051, -62.820274353, 3.10561823845, -36.7073440552, -42.7579345703, -9.9575920105, -25.0131416321, 21.5744895935, 20.0636730194, -20.1827888489, 42.9944496155, 81.4770965576]]
        icov: [[0.000754897715524, 1.43712043155e-06, -1.88064568647e-05, -0.00127757538576, 0.00179796700832, -0.0020072129555, 0.00167080305982, -0.000891810923349, 0.00145996059291, -0.00093240221031, 0.000667504675221, 0.000239010463702, -2.67213818006e-05], [1.43712043155e-06, 0.00149702187628, 0.000729011720978, -7.94632433099e-05, -0.002064057393, 0.00199256720953, -0.00350718130358, 0.00232406612486, -0.00170286255889, 0.000596795754973, -0.000750249484554, 0.00109820207581, 0.000506242678966], [-1.88064568647e-05, 0.000729011720978, 0.00512412004173, -0.00246434635483, 1.134554077e-05, -0.00346386176534, -0.000744102580938, -0.00203897547908, 0.00101093645208, -0.00176482810639, 0.00177024409641, 0.000505158735905, 0.00184537784662], [-0.00127757538576, -7.94632433099e-05, -0.00246434635483, 0.00753978034481, -0.00560160260648, 0.00555786676705, -0.00287950946949, 0.00329590891488, -0.00203491933644, 0.00217641005293, -0.00240735337138, -0.000762328563724, -0.00195149402134], [0.00179796700832, -0.002064057393, 1.134554077e-05, -0.00560160260648, 0.0135126141831, -0.0098310559988, 0.00937609560788, -0.010837206617, 0.00751585420221, -0.00526731694117, 0.000948098197114, 0.000914732692763, -0.00109220226295], [-0.0020072129555, 0.00199256720953, -0.00346386176534, 0.00555786676705, -0.0098310559988, 0.0221798568964, -0.0130618140101, 0.0100353481248, -0.0088182175532, 0.0075677507557, -0.00473816180602, 0.000675487681292, 0.00377224409021], [0.00167080305982, -0.00350718130358, -0.000744102580938, -0.00287950946949, 0.00937609560788, -0.0130618140101, 0.0220712609589, -0.0132179632783, 0.00613615754992, -0.00417989306152, 0.00193555234, -0.000917053897865, -0.00327152968384], [-0.000891810923349, 0.00232406612486, -0.00203897547908, 0.00329590891488, -0.010837206617, 0.0100353481248, -0.0132179632783, 0.024602226913, -0.0155213233083, 0.0134513601661, -0.00809639319777, 0.00455347634852, 0.000577875704039], [0.00145996059291, -0.00170286255889, 0.00101093645208, -0.00203491933644, 0.00751585420221, -0.0088182175532, 0.00613615754992, -0.0155213233083, 0.0278036985546, -0.0192027036101, 0.0112728532404, -0.00682257954031, 7.31183827156e-05], [-0.00093240221031, 0.000596795754973, -0.00176482810639, 0.00217641005293, -0.00526731694117, 0.0075677507557, -0.00417989306152, 0.0134513601661, -0.0192027036101, 0.0301505364478, -0.0149787832052, 0.00569572439417, -0.00573861412704], [0.000667504675221, -0.000750249484554, 0.00177024409641, -0.00240735337138, 0.000948098197114, -0.00473816180602, 0.00193555234, -0.00809639319777, 0.0112728532404, -0.0149787832052, 0.019168632105, -0.00770886614919, 0.00699431076646], [0.000239010463702, 0.00109820207581, 0.000505158735905, -0.000762328563724, 0.000914732692763, 0.000675487681292, -0.000917053897865, 0.00455347634852, -0.00682257954031, 0.00569572439417, -0.00770886614919, 0.020564224571, -0.00976813584566], [-2.67213818006e-05, 0.000506242678966, 0.00184537784662, -0.00195149402134, -0.00109220226295, 0.00377224409021, -0.00327152968384, 0.000577875704039, 7.31183827156e-05, -0.00573861412704, 0.00699431076646, -0.00976813584566, 0.0233039092273]]
    spectral_contrast:
        mean: [-7.65677100389e-07, -4.02019480816e-07, 2.43521355969e-07, -1.12365150073e-07, -7.01342230514e-07, -2.60874287505e-07, -1.23298448784e-07, 4.03020976592e-06, 7.62549575484e-07, -2.38349275605e-06, 4.55933968624e-06, 1.90637831565e-06]
        var: [0.000363796891179, 0.000774021784309, 0.00149773969315, 0.00171110255178, 0.00530957849696, 0.00725431647152, 0.0479407347739, 0.0915605574846, 0.17107181251, 0.368207931519, 1.66920268536, 3.21641302109]

rhythm:
    beats_loudness:
        dmean: 0.00571463955566
        dmean2: 0.00947820208967
        dvar: 4.95642198075e-05
        dvar2: 6.68528227834e-05
        max: 0.0287112612277
        mean: 0.00591144291684
        min: 0.000775960157625
        var: 5.33715065103e-05
    beats_loudness_bass:
        dmean: 0.158663526177
        dmean2: 0.257545560598
        dvar: 0.0225640907884
        dvar2: 0.0414720252156
        max: 0.615300774574
        mean: 0.20929902792
        min: 0.00315029057674
        var: 0.0364824421704
    bpm: 105.6145401
    bpm_confidence: 0
    first_peak_bpm: 105
    first_peak_spread: 0.0625
    first_peak_weight: 0.9375
    onset_rate: 2.392578125
    second_peak_bpm: 0
    second_peak_spread: 0
    second_peak_weight: 0
    beats_position: [0.285985410213, 0.857812583447, 1.42963969707, 2.0014667511, 2.57329392433, 3.14512109756, 3.7169482708, 4.28877544403, 4.86060237885, 5.4324297905, 6.01574897766, 6.58116006851, 7.14657020569, 7.71198129654, 8.27739143372, 8.84280204773, 9.40821266174]
    bpm_estimates: [107.447067261, 104.50692749, 103.915985107, 104.743919373, 104.316772461, 104.705184937, 106.244941711, 105.94972229, 106.276519775, 107.369102478, 106.250205994, 105.30696106, 106.192749023, 105.377342224]
    bpm_intervals: [0.571827173233, 0.571827113628, 0.571827054024, 0.571827173233, 0.571827173233, 0.571827173233, 0.571827173233, 0.571826934814, 0.571827411652, 0.583319187164, 0.565411090851, 0.565410137177, 0.565411090851, 0.565410137177, 0.565410614014, 0.565410614014]
    onset_times: [0.0464399084449, 0.243809521198, 1.13777780533, 1.72988665104, 2.28716564178, 2.84444451332, 2.87927436829, 3.44816327095, 4.01705217361, 4.86458063126, 5.4334692955, 5.72371864319, 6.025578022, 6.28099775314, 6.54802703857, 6.84988641739, 7.14013624191, 7.4303855896, 7.6858048439, 7.98766422272, 8.27791404724, 8.56816291809, 8.84680271149, 9.39247131348]
    rubato_start: []
    rubato_stop: []
    perceptual_tempo: "unknown"

sfx:
    inharmonicity:
        dmean: 0.0219113640487
        dmean2: 0.0397448986769
        dvar: 0.00131404981948
        dvar2: 0.00399172957987
        max: 0.268565177917
        mean: 0.0210838299245
        min: 2.41420275415e-06
        var: 0.00112072145566
    oddtoevenharmonicenergyratio:
        dmean: 23.7074756622
        dmean2: 47.338104248
        dvar: 74143.546875
        dvar2: 222404.65625
        max: 3974.43945312
        mean: 12.2027549744
        min: 4.42184755229e-05
        var: 37120.5195312
    pitch_after_max_to_before_max_energy_ratio: 0.700798511505
    pitch_centroid: 214.002059937
    pitch_max_to_total: 0.565116286278
    pitch_min_to_total: 0.676744163036
    tristimulus:
        dmean: [0.176505193114, 0.164931967854, 0.0524477362633]
        dmean2: [0.313385605812, 0.289761632681, 0.0939560830593]
        dvar: [0.043500252068, 0.0358708463609, 0.00479941442609]
        dvar2: [0.118634939194, 0.0956138446927, 0.0136084631085]
        max: [0.988022089005, 0.982163786888, 0.419720768929]
        mean: [0.513294219971, 0.41659656167, 0.0637049153447]
        min: [0.00221779802814, 0, 0]
        var: [0.0700325667858, 0.0639549940825, 0.00514915306121]

tonal:
    chords_changes_rate: 0.0601851865649
    chords_number_rate: 0.0324074067175
    chords_strength:
        dmean: 0.00848027691245
        dmean2: 0.00516593968496
        dvar: 3.97111580241e-05
        dvar2: 3.37795572705e-05
        max: 0.598214924335
        mean: 0.451642423868
        min: 0.292586356401
        var: 0.00603600824252
    key_strength: 0.692984759808
    tuning_diatonic_strength: 0.450206696987
    tuning_equal_tempered_deviation: 0.05756322667
    tuning_frequency: 442.03793335
    tuning_nontempered_energy_ratio: 0.627085924149
    hpcp:
        dmean: [0.0816209837794, 0.0551909208298, 0.0166057702154, 0.0138362543657, 0.0180712845176, 0.0780328065157, 0.100835844874, 0.0628072023392, 0.0298869553953, 0.0334563627839, 0.0199954472482, 0.0344119295478, 0.0430557653308, 0.0364198535681, 0.0615115277469, 0.0757666304708, 0.0638032183051, 0.0240700542927, 0.0607563816011, 0.0663255378604, 0.0434313081205, 0.0527897439897, 0.0389102995396, 0.0108253601938, 0.00582922110334, 0.0106378924102, 0.0598885454237, 0.0899306461215, 0.0827925205231, 0.0534207262099, 0.0530517175794, 0.0862984135747, 0.0843059197068, 0.0920433476567, 0.0755689367652, 0.0534908026457]
        dmean2: [0.113432385027, 0.0786103606224, 0.0288037694991, 0.0223392397165, 0.0296171233058, 0.114192463458, 0.156833082438, 0.106899231672, 0.0515941493213, 0.0596400983632, 0.0351784341037, 0.053974442184, 0.0668814405799, 0.055596396327, 0.101193912327, 0.115334585309, 0.0916216820478, 0.0377724021673, 0.0828194841743, 0.102471761405, 0.0636357292533, 0.0724230334163, 0.0557269975543, 0.0184891205281, 0.0101983128116, 0.0184461120516, 0.0957750305533, 0.132828965783, 0.131386786699, 0.0980847999454, 0.0974156782031, 0.151284843683, 0.134110331535, 0.148722112179, 0.121886759996, 0.0788428783417]
        dvar: [0.0179888978601, 0.0089088845998, 0.00135069747921, 0.000806208059657, 0.0010260597337, 0.0177918113768, 0.0396836511791, 0.0137759242207, 0.0076938024722, 0.0166818033904, 0.00593445589766, 0.0079931113869, 0.0163567680866, 0.00516988011077, 0.0110239330679, 0.0284251123667, 0.00829534512013, 0.00178931630217, 0.0155240790918, 0.0262112412602, 0.00535799236968, 0.0137346386909, 0.0072561041452, 0.000743907177821, 0.000311201903969, 0.00102790596429, 0.010799748823, 0.0288519896567, 0.0235950630158, 0.0256158579141, 0.0146113652736, 0.0459219962358, 0.0252315793186, 0.0293244887143, 0.0176755134016, 0.00401816423982]
        dvar2: [0.0327507480979, 0.01861089468, 0.00350199453533, 0.00153475801926, 0.00238369195722, 0.0358335897326, 0.0842206403613, 0.0316227190197, 0.0231354944408, 0.0574245490134, 0.0193967446685, 0.0171400681138, 0.0325949974358, 0.0130689386278, 0.0233280099928, 0.0434591509402, 0.0139478063211, 0.00430069258437, 0.0223769657314, 0.0482179410756, 0.0121015124023, 0.0246881842613, 0.0136908916757, 0.00210179737769, 0.000897677615285, 0.00285306968726, 0.0261943638325, 0.0570360124111, 0.0535985566676, 0.0686489269137, 0.0414524525404, 0.123312450945, 0.0584049224854, 0.0593958348036, 0.038293428719, 0.00871063489467]
        max: [1, 0.71623903513, 0.401265740395, 0.434083163738, 0.327953755856, 1, 1, 0.991236269474, 1, 1, 0.762802898884, 0.953496217728, 1, 0.644662082195, 0.920628547668, 1, 0.704757034779, 0.328072875738, 1, 1, 0.498498737812, 1, 0.820006370544, 0.27671661973, 0.213517069817, 0.367407232523, 0.724734425545, 1, 1, 1, 0.731654286385, 1, 1, 1, 0.883978128433, 0.513080537319]
        mean: [0.252312302589, 0.153840631247, 0.0248077176511, 0.0206297524273, 0.0253212135285, 0.182900771499, 0.2966812253, 0.144563019276, 0.0396857894957, 0.038751360029, 0.0215783026069, 0.136276841164, 0.243465363979, 0.123868763447, 0.183766588569, 0.35673686862, 0.195859268308, 0.0373174399137, 0.104666747153, 0.112339824438, 0.0829091966152, 0.142271369696, 0.104142360389, 0.0160751324147, 0.00727614341304, 0.0127234626561, 0.100437700748, 0.209718734026, 0.149993360043, 0.0484539344907, 0.0429057180882, 0.0698962211609, 0.114392675459, 0.170745566487, 0.124943584204, 0.13803575933]
        min: [0.00127612845972, 0.000697957177181, 0.000360983365681, 0.000440006406279, 0.000806625525001, 0.00276967394166, 0.00182406883687, 0.00172302883584, 6.63824539515e-05, 8.37125480757e-05, 0.000191991071915, 0.000339524762239, 0.000450475927209, 0.000248891534284, 0.000506826851051, 3.04766726913e-05, 3.84090162697e-05, 0.000518127344549, 0.000275780243101, 0.000201266797376, 0.00111552595627, 0.000317031343002, 0.000457315443782, 0.000183531505172, 6.1479935539e-05, 0.000140195479617, 0.00169642141555, 0.00117212894838, 0.00105004629586, 0.00028712299536, 0.000156745751156, 7.51456973376e-05, 0.000848269148264, 0.00273602665402, 0.00107432599179, 0.00243631494232]
        var: [0.0844862386584, 0.0320153087378, 0.00215575797483, 0.00228513055481, 0.00177712808363, 0.0626080110669, 0.150920003653, 0.0403221324086, 0.00828261207789, 0.0121876578778, 0.00380804995075, 0.049971241504, 0.145471692085, 0.0301698688418, 0.0489453598857, 0.182043969631, 0.0515310801566, 0.00334120704792, 0.0426503680646, 0.0559663586318, 0.0127326929942, 0.0576031431556, 0.0292904060334, 0.000801520538516, 0.000387909647543, 0.00113183725625, 0.0242750383914, 0.100581124425, 0.0568548701704, 0.0205519367009, 0.00946905091405, 0.0330397635698, 0.0353017821908, 0.0682592093945, 0.035995785147, 0.0167826972902]
    chords_histogram: [13.8888893127, 9.72222232819, 28.2407398224, 0, 4.16666650772, 13.8888893127, 0.925925910473, 0, 0, 0, 0, 0, 0, 0, 0, 0, 0, 4.16666650772, 0, 0, 0, 0, 0, 25]
    thpcp: [1, 0.549030065536, 0.104607746005, 0.293400406837, 0.314909487963, 0.232409954071, 0.398813188076, 0.29193046689, 0.0450615957379, 0.0203963872045, 0.0356662385166, 0.281545609236, 0.587880730629, 0.420459359884, 0.135825425386, 0.120272733271, 0.195932149887, 0.320664018393, 0.478631675243, 0.350240170956, 0.386939972639, 0.707278430462, 0.431243985891, 0.0695406645536, 0.0578290447593, 0.0709800869226, 0.512704968452, 0.83165282011, 0.405237108469, 0.111246675253, 0.108627289534, 0.0604880079627, 0.382009416819, 0.682478845119, 0.347227245569, 0.515132009983]
    chords_key: "A"
    chords_scale: "major"
    key_key: "D"
    key_scale: "major"
    chords_progression: ["A", "A", "A", "A", "A", "A", "A", "A", "A", "A", "A", "A", "A", "A", "A", "A", "A", "A", "A", "A", "A", "A", "A", "A", "A", "A", "A", "A", "A", "A", "A", "A", "A", "A", "A", "A", "A", "A", "A", "A", "A", "A", "A", "A", "A", "A", "A", "A", "A", "A", "A", "A", "A", "A", "A", "A", "A", "A", "A", "A", "A", "D", "D", "D", "D", "D", "D", "D", "D", "D", "D", "Dm", "Dm", "Dm", "Dm", "Dm", "Dm", "Dm", "Dm", "Dm", "D", "D", "D", "D", "D", "D", "D", "D", "D", "D", "D", "D", "Bm", "Bm", "Bm", "Bm", "Bm", "Bm", "Bm", "Bm", "Bm", "Bm", "Bm", "Bm", "Bm", "Bm", "Bm", "E", "E", "E", "E", "E", "E", "E", "E", "E", "Bm", "Bm", "Bm", "Bm", "Bm", "Bm", "Bm", "Bm", "Bm", "Bm", "Bm", "Bm", "Bm", "Bm", "Bm", "G#m", "G#m", "G#m", "G#m", "G#m", "G#m", "G#m", "G#m", "G#m", "G#m", "G#m", "G#m", "G#m", "G#m", "G#m", "G#m", "G#m", "Bm", "Bm", "Bm", "Bm", "Bm", "Bm", "Bm", "Bm", "Bm", "Bm", "G#m", "G#m", "G#m", "G#m", "G#m", "G#m", "G#m", "G#m", "G#m", "G#m", "G#m", "G#m", "G#m", "B", "B", "Bm", "Bm", "Bm", "Bm", "Bm", "Bm", "Bm", "Bm", "Bm", "Bm", "Bm", "Bm", "Bm", "Bm", "D", "D", "D", "D", "D", "D", "D", "D", "F#m", "F#m", "F#m", "F#m", "F#m", "F#m", "F#m", "F#m", "F#m", "F#m", "F#m", "F#m", "F#m", "F#m", "F#m", "F#m", "F#m", "F#m", "F#m", "F#m", "F#m"]
