
metadata:
    version:
        essentia: "1.2.2"
    audio_properties:
        analysis_sample_rate: 44100
        bitrate: 128
        channels: 2
        equal_loudness: 1
        length: 10.0048980713
        replay_gain: -10.1227245331
        downmix: "mix"
    tags:
        track: 27
        year: 0
        album: "Splitted by Mp3Splt v. 2.1"
        artist: "From 004.20 To 004.30"
        comment: "http://mp3splt.sf.net"
        genre: ""
        title: "05 Sonic Ritual.mp3"

highlevel:
    ballroom:
        all:
            ChaChaCha: 0.151716858149
            Jive: 0.102998115122
            Quickstep: 0.0737697333097
            Rumba-American: 0.0180641897023
            Rumba-International: 0.00903501454741
            Rumba-Misc: 0.0434560663998
            Samba: 0.568515777588
            Tango: 0.00279373000376
            VienneseWaltz: 0.0259702466428
            Waltz: 0.00368027715012
        probability: 0.568515777588
        value: "Samba"
    culture:
        all:
            non_western: 0.696702301502
            western: 0.303297668695
        probability: 0.696702301502
        value: "non_western"
    gender:
        all:
            female: 0.542694211006
            male: 0.457305788994
        probability: 0.542694211006
        value: "female"
    genre_dortmund:
        all:
            alternative: 0.000119305455883
            blues: 0.000275834841887
            electronic: 0.00391571223736
            folkcountry: 6.16531979176e-05
            funksoulrnb: 0.00871694274247
            jazz: 0.000573579338379
            pop: 0.000715658126865
            raphiphop: 0.98470133543
            rock: 0.000919948390219
        probability: 0.98470133543
        value: "raphiphop"
    genre_electronica:
        all:
            ambient: 0.062600903213
            dnb: 0.209010213614
            house: 0.271300673485
            techno: 0.42924362421
            trance: 0.027844587341
        probability: 0.42924362421
        value: "techno"
    genre_rosamerica:
        all:
            cla: 0.000628092733677
            dan: 0.000809238408692
            hip: 0.996156334877
            jaz: 0.000226414500503
            pop: 0.000275753787719
            rhy: 0.000308704649797
            roc: 0.000204133655643
            spe: 0.00139132060576
        probability: 0.996156334877
        value: "hip"
    genre_tzanetakis:
        all:
            blu: 0.000403968791943
            cla: 0.000671277754009
            cou: 0.000473317864817
            dis: 0.0174588840455
            hip: 0.889122009277
            jaz: 0.000277318846202
            met: 0.000993233523332
            pop: 0.0397965870798
            reg: 0.0502151399851
            roc: 0.000588241091464
        probability: 0.889122009277
        value: "hip"
    live_studio:
        all:
            live: 0.203520700336
            studio: 0.796479284763
        probability: 0.796479284763
        value: "studio"
    mood:
        all:
            Cluster1: 0.38076210022
            Cluster2: 0.271214187145
            Cluster3: 0.0299886725843
            Cluster4: 0.212080821395
            Cluster5: 0.105954237282
        probability: 0.38076210022
        value: "Cluster1"
    mood_acoustic:
        all:
            acoustic: 0.0158734694123
            not_acoustic: 0.984126508236
        probability: 0.984126508236
        value: "not_acoustic"
    mood_aggressive:
        all:
            aggressive: 0.67225342989
            not_aggressive: 0.32774657011
        probability: 0.67225342989
        value: "aggressive"
    mood_electronic:
        all:
            electronic: 0.939987301826
            not_electronic: 0.0600126720965
        probability: 0.939987301826
        value: "electronic"
    mood_happy:
        all:
            happy: 0.188310444355
            not_happy: 0.811689555645
        probability: 0.811689555645
        value: "not_happy"
    mood_party:
        all:
            not_party: 0.0786764100194
            party: 0.921323597431
        probability: 0.921323597431
        value: "party"
    mood_relaxed:
        all:
            not_relaxed: 0.616688728333
            relaxed: 0.38331130147
        probability: 0.616688728333
        value: "not_relaxed"
    mood_sad:
        all:
            not_sad: 0.989819347858
            sad: 0.0101806567982
        probability: 0.989819347858
        value: "not_sad"
    rhythm:
        all:
            fast: 0.417971462011
            medium: 0.29076012969
            slow: 0.291268408298
        probability: 0.417971462011
        value: "fast"
    speech_music:
        all:
            music: 0.951096892357
            speech: 0.0489031374454
        probability: 0.951096892357
        value: "music"
    timbre:
        all:
            bright: 0.0209636222571
            dark: 0.979036390781
        probability: 0.979036390781
        value: "dark"
    voice_instrumental:
        all:
            instrumental: 0.2600954175
            voice: 0.7399045825
        probability: 0.7399045825
        value: "voice"

lowlevel:
    average_loudness: 0.965813100338
    barkbands_kurtosis:
        dmean: 3.41732120514
        dmean2: 5.25274991989
        dvar: 16.860206604
        dvar2: 40.1671905518
        max: 41.190486908
        mean: 3.32178878784
        min: -1.84638786316
        var: 29.692024231
    barkbands_skewness:
        dmean: 0.812455058098
        dmean2: 1.12192070484
        dvar: 0.610684275627
        dvar2: 1.48338103294
        max: 5.5870347023
        mean: 0.508784413338
        min: -4.64160108566
        var: 2.17465114594
    barkbands_spread:
        dmean: 6.79777431488
        dmean2: 10.2512083054
        dvar: 38.3065757751
        dvar2: 81.8931732178
        max: 57.3855018616
        mean: 17.8964385986
        min: 2.18348670006
        var: 97.9046554565
    dissonance:
        dmean: 0.0310417599976
        dmean2: 0.0535006225109
        dvar: 0.00101298803929
        dvar2: 0.00250213313848
        max: 0.500000119209
        mean: 0.4599352777
        min: 0.221552118659
        var: 0.00158865679987
    hfc:
        dmean: 1.97865915298
        dmean2: 3.10203719139
        dvar: 9.57024288177
        dvar2: 25.2630386353
        max: 37.8320350647
        mean: 3.75203323364
        min: 0.0050972821191
        var: 16.7359256744
    pitch:
        dmean: 471.296173096
        dmean2: 718.096679688
        dvar: 445539.34375
        dvar2: 1194184.375
        max: 4900
        mean: 1070.46948242
        min: 105.755393982
        var: 903562.25
    pitch_instantaneous_confidence:
        dmean: 0.129826381803
        dmean2: 0.205007836223
        dvar: 0.0105693247169
        dvar2: 0.0221431143582
        max: 0.956221580505
        mean: 0.508085787296
        min: 0.187933206558
        var: 0.0271173864603
    pitch_salience:
        dmean: 0.0940761566162
        dmean2: 0.145679727197
        dvar: 0.00595591310412
        dvar2: 0.0137566849589
        max: 0.945173382759
        mean: 0.669084250927
        min: 0.248160153627
        var: 0.0187488608062
    silence_rate_20dB:
        dmean: 0
        dmean2: 0
        dvar: 0
        dvar2: 0
        max: 1
        mean: 1
        min: 1
        var: 0
    silence_rate_30dB:
        dmean: 0
        dmean2: 0
        dvar: 0
        dvar2: 0
        max: 1
        mean: 1
        min: 1
        var: 0
    silence_rate_60dB:
        dmean: 0.120649650693
        dmean2: 0.239534884691
        dvar: 0.106093548238
        dvar2: 0.196112215519
        max: 1
        mean: 0.673611104488
        min: 0
        var: 0.21985861659
    spectral_centroid:
        dmean: 317.483154297
        dmean2: 458.218200684
        dvar: 92176.6640625
        dvar2: 197245.421875
        max: 4070.99926758
        mean: 1332.38952637
        min: 300.380859375
        var: 397998.0625
    spectral_complexity:
        dmean: 2.32325577736
        dmean2: 3.73426580429
        dvar: 5.73503303528
        dvar2: 11.7848567963
        max: 23
        mean: 6.64037132263
        min: 0
        var: 14.360253334
    spectral_crest:
        dmean: 3.36608457565
        dmean2: 5.64733552933
        dvar: 7.62299013138
        dvar2: 18.5249824524
        max: 25.2348899841
        mean: 10.9333095551
        min: 3.68613862991
        var: 16.8911113739
    spectral_decrease:
        dmean: 4.31112257004e-10
        dmean2: 6.9179956208e-10
        dvar: 5.30101022e-19
        dvar2: 1.32985154996e-18
        max: -7.36008693228e-13
        mean: -7.2861905398e-10
        min: -5.27255838989e-09
        var: 5.88102512962e-19
    spectral_energy:
        dmean: 0.00179061724339
        dmean2: 0.00286404043436
        dvar: 8.16244755697e-06
        dvar2: 2.03955696634e-05
        max: 0.0206851940602
        mean: 0.00309029524215
        min: 3.24020652442e-06
        var: 9.56174335442e-06
    spectral_energyband_high:
        dmean: 0.000124092082842
        dmean2: 0.000206696757232
        dvar: 1.64405605574e-07
        dvar2: 4.31727414707e-07
        max: 0.00780954677612
        mean: 0.00015303226246
        min: 5.35827780368e-07
        var: 2.23167788249e-07
    spectral_energyband_low:
        dmean: 0.00024059516727
        dmean2: 0.000336003111443
        dvar: 2.74347797813e-07
        dvar2: 5.98976441779e-07
        max: 0.00296876486391
        mean: 0.000273222831311
        min: 2.16115605411e-08
        var: 3.46729677858e-07
    spectral_energyband_middle_high:
        dmean: 0.000606106186751
        dmean2: 0.000913419877179
        dvar: 7.86473947301e-07
        dvar2: 1.87872547031e-06
        max: 0.00978114176542
        mean: 0.00124577258248
        min: 1.99650884269e-07
        var: 1.71489284639e-06
    spectral_energyband_middle_low:
        dmean: 0.00133831449784
        dmean2: 0.00233450741507
        dvar: 8.63968762133e-06
        dvar2: 2.33966220549e-05
        max: 0.0184914767742
        mean: 0.00141825841274
        min: 2.48310857387e-06
        var: 6.73898694004e-06
    spectral_flatness_db:
        dmean: 0.0278294831514
        dmean2: 0.0422565676272
        dvar: 0.000585749745369
        dvar2: 0.00130532926414
        max: 0.302564501762
        mean: 0.178805336356
        min: 0.084597080946
        var: 0.00147673068568
    spectral_flux:
        dmean: 0.01359783113
        dmean2: 0.020852284506
        dvar: 0.000262654881226
        dvar2: 0.000434434594354
        max: 0.127545595169
        mean: 0.0437909290195
        min: 0.00180005736183
        var: 0.000563111272641
    spectral_kurtosis:
        dmean: 2.01938724518
        dmean2: 3.28898310661
        dvar: 8.71495914459
        dvar2: 21.4527397156
        max: 29.3313522339
        mean: 4.24434947968
        min: -0.780544757843
        var: 16.4923763275
    spectral_rms:
        dmean: 0.000428694591392
        dmean2: 0.000650243309792
        dvar: 2.73959471997e-07
        dvar2: 6.51020172882e-07
        max: 0.00449229078367
        mean: 0.00158500892576
        min: 5.62243476452e-05
        var: 5.02668513036e-07
    spectral_rolloff:
        dmean: 714.100952148
        dmean2: 1164.2479248
        dvar: 679559.375
        dvar2: 1626563.375
        max: 5211.03515625
        mean: 1990.9967041
        min: 258.3984375
        var: 1278047.625
    spectral_skewness:
        dmean: 0.345195353031
        dmean2: 0.549465835094
        dvar: 0.139380708337
        dvar2: 0.33838301897
        max: 4.07147789001
        mean: 1.67582511902
        min: -0.0483564510942
        var: 0.328204542398
    spectral_spread:
        dmean: 914852.0625
        dmean2: 1365606.375
        dvar: 1.16018734694e+12
        dvar2: 2.33272220058e+12
        max: 13265680
        mean: 5742272.5
        min: 996434.625
        var: 5.05035096064e+12
    spectral_strongpeak:
        dmean: 0.371577203274
        dmean2: 0.640594005585
        dvar: 0.530220866203
        dvar2: 1.33613073826
        max: 8.61044311523
        mean: 0.537421882153
        min: 0.00611645868048
        var: 0.853727698326
    zerocrossingrate:
        dmean: 0.0118868099526
        dmean2: 0.0133896050975
        dvar: 9.59058379522e-05
        dvar2: 0.000130884509417
        max: 0.19140625
        mean: 0.0745461583138
        min: 0.0205078125
        var: 0.000830726174172
    barkbands:
        dmean: [8.04344722383e-07, 0.00010538740753, 0.000197590430616, 0.000249540113145, 0.00071205093991, 0.000118860320072, 0.000122242738144, 0.000148904247908, 0.000347132619936, 0.000144186604302, 0.000142257311381, 0.000185160111869, 0.000135544876684, 0.000124789934489, 9.36696815188e-05, 7.52873893362e-05, 0.000149914238136, 0.000120070653793, 8.35048485897e-05, 0.000108937929326, 8.0264704593e-05, 1.2640620298e-05, 4.45768819191e-06, 1.41587770486e-06, 5.65068148717e-07, 2.35542643168e-08, 3.17979642617e-10]
        dmean2: [9.26189102302e-07, 0.000149860716192, 0.000344298809068, 0.000461080227979, 0.00136901729275, 0.000217402455746, 0.000214677871554, 0.000244612107053, 0.000558366707992, 0.000239307919401, 0.000236319814576, 0.000311363022774, 0.000224387156777, 0.000224632938625, 0.000163282966241, 0.000133526351419, 0.000238777211052, 0.000204737283639, 0.000145437254105, 0.000186168748769, 0.000138123155921, 2.18730765482e-05, 6.56903921481e-06, 2.09891686609e-06, 8.845209436e-07, 3.72767985368e-08, 4.62554827774e-10]
        dvar: [2.01303275264e-12, 5.60182549236e-08, 2.91568341027e-07, 6.00072837642e-07, 5.05248999616e-06, 1.02498674437e-07, 4.0212711383e-08, 7.4173506448e-08, 3.37668552675e-07, 4.29829114523e-08, 3.49654172282e-08, 1.73116433189e-07, 5.85616852788e-08, 5.27995744903e-08, 3.49330093741e-08, 3.36412178115e-08, 1.77137295054e-07, 2.36062206227e-07, 7.44786419205e-08, 2.503400367e-07, 1.24376640542e-07, 5.92998650184e-10, 5.20647969182e-11, 7.44065919989e-12, 9.24154307767e-13, 1.78994663601e-15, 9.17636865721e-18]
        dvar2: [4.18012456246e-12, 1.25055180433e-07, 7.64507547046e-07, 1.67255950601e-06, 1.45432368299e-05, 2.91646301775e-07, 1.00438057871e-07, 1.64232531574e-07, 7.68576512655e-07, 9.70895399632e-08, 7.21553590211e-08, 4.03408137117e-07, 1.18830158158e-07, 1.52946341814e-07, 9.35107209443e-08, 8.98938168348e-08, 2.81424718196e-07, 5.80841060582e-07, 2.08666364188e-07, 7.06382991211e-07, 3.36809620194e-07, 1.53570778316e-09, 9.08307387637e-11, 1.34283539149e-11, 1.89747826826e-12, 4.06225651262e-15, 9.33824045846e-18]
        max: [1.41673863254e-05, 0.00134293339215, 0.00271123228595, 0.00400660466403, 0.0112219527364, 0.0020316359587, 0.00160494784359, 0.00344593683258, 0.00591109273955, 0.00218354701065, 0.00190209131688, 0.00518037332222, 0.00326964864507, 0.00225257314742, 0.0023656077683, 0.00167715665884, 0.00788813829422, 0.00922598224133, 0.00334323826246, 0.00954489316791, 0.00615833234042, 0.000282640015939, 0.000119533135148, 4.3553456635e-05, 7.1402746471e-06, 2.8913379424e-07, 6.30394723089e-08]
        mean: [1.24370865251e-06, 0.000126153856399, 0.000145838799654, 0.000155067347805, 0.000417314528022, 8.76482154126e-05, 0.000122955127154, 0.00017539372493, 0.000441387266619, 0.000138259943924, 0.000147451239172, 0.000157348098583, 0.000138013841934, 0.000106740735646, 8.48394993227e-05, 6.56501579215e-05, 0.000158405382535, 0.000124850048451, 7.59101531003e-05, 0.000117637820949, 7.04825069988e-05, 1.52340498971e-05, 1.11593308247e-05, 3.87630370824e-06, 1.37919766985e-06, 5.89231312631e-08, 3.11431241906e-10]
        min: [7.09096149853e-12, 1.59021347201e-08, 5.49596368415e-09, 2.05133643405e-09, 3.01851983409e-08, 8.59420836719e-08, 1.81284136147e-07, 4.36461789377e-07, 4.31560103209e-08, 4.18194687768e-08, 7.16746662022e-09, 2.71538524999e-08, 2.31950423313e-08, 1.06887876328e-08, 4.05239086732e-09, 1.04423785174e-08, 1.53454422502e-08, 2.09789146055e-08, 4.04275795063e-08, 4.27337525366e-08, 2.32738734951e-08, 1.85899111216e-07, 2.8154666154e-08, 5.45428013865e-09, 1.71954539496e-09, 1.11727287144e-10, 1.58897743054e-13]
        var: [4.19701686599e-12, 7.2394911399e-08, 2.06767523991e-07, 3.61809782135e-07, 2.77893627754e-06, 6.55659064819e-08, 4.57427198342e-08, 1.09300245299e-07, 7.30772796942e-07, 5.82881440891e-08, 5.29898116497e-08, 1.84581622875e-07, 8.80159234384e-08, 4.20269188339e-08, 3.64664529684e-08, 2.63321808802e-08, 3.81430510288e-07, 3.36404127665e-07, 6.29916812045e-08, 2.99647240354e-07, 1.04882310836e-07, 5.66396263224e-10, 1.6489357102e-10, 2.69816634313e-11, 2.01299003508e-12, 3.56673503869e-15, 9.20318171676e-18]
    mfcc:
        mean: [-762.618041992, 98.948097229, -37.2942733765, 13.927324295, -25.6211528778, 1.6668150425, 1.66188263893, 9.07661914825, 6.67690134048, 10.4265222549, 2.85781645775, 7.11978292465, -0.696673333645]
        cov: [[2385.84570312, -56.4509239197, 292.609039307, 263.082580566, 90.9563827515, -111.509803772, -52.5975799561, -148.290222168, -279.974243164, -252.454620361, -278.823120117, -257.645874023, -273.06741333], [-56.4509239197, 1183.7064209, -122.60584259, 273.663269043, -34.6014328003, 26.4713382721, 72.9763641357, -55.0236778259, 67.6262435913, -45.0809364319, -29.5547904968, -16.5859718323, 73.4802856445], [292.609039307, -122.60584259, 1061.00671387, -114.278053284, -254.756164551, -211.633895874, -19.1881198883, 43.3787536621, -153.144332886, -54.2295684814, -123.836647034, -61.7718811035, -17.313949585], [263.082580566, 273.663269043, -114.278053284, 691.393432617, 50.8185997009, -213.569732666, -109.283729553, -48.6464424133, 134.248580933, -17.7130908966, -26.6579856873, -2.87293362617, 12.1257419586], [90.9563827515, -34.6014328003, -254.756164551, 50.8185997009, 642.405639648, 298.904510498, -95.1445922852, -84.9326095581, -49.2028236389, -1.65980195999, 11.248705864, -13.5640602112, -34.2366065979], [-111.509803772, 26.4713382721, -211.633895874, -213.569732666, 298.904510498, 560.892456055, 214.462646484, -74.1597442627, -67.2775039673, 13.3410739899, 27.0211200714, -2.32539820671, -2.14329218864], [-52.5975799561, 72.9763641357, -19.1881198883, -109.283729553, -95.1445922852, 214.462646484, 371.228546143, 126.619476318, -20.2527198792, -12.8615560532, -10.9521684647, -2.15418052673, 29.7434234619], [-148.290222168, -55.0236778259, 43.3787536621, -48.6464424133, -84.9326095581, -74.1597442627, 126.619476318, 289.370910645, 136.30178833, -1.09332513809, 5.76073646545, 36.5266342163, 44.4620780945], [-279.974243164, 67.6262435913, -153.144332886, 134.248580933, -49.2028236389, -67.2775039673, -20.2527198792, 136.30178833, 329.995117188, 159.921966553, 40.5314369202, 45.3937721252, 68.7801437378], [-252.454620361, -45.0809364319, -54.2295684814, -17.7130908966, -1.65980195999, 13.3410739899, -12.8615560532, -1.09332513809, 159.921966553, 269.588653564, 136.609405518, 24.7477874756, 28.0930118561], [-278.823120117, -29.5547904968, -123.836647034, -26.6579856873, 11.248705864, 27.0211200714, -10.9521684647, 5.76073646545, 40.5314369202, 136.609405518, 227.382492065, 116.178070068, 15.0603790283], [-257.645874023, -16.5859718323, -61.7718811035, -2.87293362617, -13.5640602112, -2.32539820671, -2.15418052673, 36.5266342163, 45.3937721252, 24.7477874756, 116.178070068, 195.015213013, 108.317939758], [-273.06741333, 73.4802856445, -17.313949585, 12.1257419586, -34.2366065979, -2.14329218864, 29.7434234619, 44.4620780945, 68.7801437378, 28.0930118561, 15.0603790283, 108.317939758, 174.376052856]]
        icov: [[0.000709318614099, 1.11863000711e-05, -3.20218532579e-05, -0.000428058352554, -1.57724007295e-05, -2.93811763186e-06, -8.35742810068e-07, -0.000197740882868, 0.000739967857953, -0.000440500210971, 0.00109366432298, -0.000443756289314, 0.00114036363084], [1.11863000711e-05, 0.00118037348147, -0.000191897328477, -6.35191463516e-05, -0.000334561686032, 0.000516628089827, -0.00114804902114, 0.00157921633217, -0.00160861294717, 0.00182801962364, -0.00156841019634, 0.00147046661004, -0.00119866325986], [-3.20218532579e-05, -0.000191897328477, 0.00180765672121, -0.00070998899173, 0.00149887090083, -0.00124816980679, 0.00220010848716, -0.00308790057898, 0.00386109296232, -0.00343069154769, 0.003220270155, -0.00155866099522, 0.00067041622242], [-0.000428058352554, -6.35191463516e-05, -0.00070998899173, 0.00441730068997, -0.00332028535195, 0.00512044178322, -0.00503230141476, 0.00660221138969, -0.00718257948756, 0.00573880970478, -0.00449347123504, 0.00229739071801, -0.00156572449487], [-1.57724007295e-05, -0.000334561686032, 0.00149887090083, -0.00332028535195, 0.00664231786504, -0.00768584618345, 0.0084180245176, -0.00841846875846, 0.00814905017614, -0.00666400883347, 0.00537249445915, -0.00264202198014, 0.00145280279685], [-2.93811763186e-06, 0.000516628089827, -0.00124816980679, 0.00512044178322, -0.00768584618345, 0.0127234272659, -0.0127182584256, 0.0129156718031, -0.0110047822818, 0.00897906161845, -0.00718963611871, 0.00350568862632, -0.00184138363693], [-8.35742810068e-07, -0.00114804902114, 0.00220010848716, -0.00503230141476, 0.0084180245176, -0.0127182584256, 0.0172326005995, -0.0166415013373, 0.0147489318624, -0.0119625786319, 0.00941806007177, -0.00425513694063, 0.00179065810516], [-0.000197740882868, 0.00157921633217, -0.00308790057898, 0.00660221138969, -0.00841846875846, 0.0129156718031, -0.0166415013373, 0.0231999922544, -0.020733602345, 0.0174529179931, -0.013549502939, 0.00700788153335, -0.00412845797837], [0.000739967857953, -0.00160861294717, 0.00386109296232, -0.00718257948756, 0.00814905017614, -0.0110047822818, 0.0147489318624, -0.020733602345, 0.0259131770581, -0.0217665284872, 0.0172325130552, -0.00977551285177, 0.00482464488596], [-0.000440500210971, 0.00182801962364, -0.00343069154769, 0.00573880970478, -0.00666400883347, 0.00897906161845, -0.0119625786319, 0.0174529179931, -0.0217665284872, 0.025535505265, -0.0211996175349, 0.0137323429808, -0.00803515315056], [0.00109366432298, -0.00156841019634, 0.003220270155, -0.00449347123504, 0.00537249445915, -0.00718963611871, 0.00941806007177, -0.013549502939, 0.0172325130552, -0.0211996175349, 0.0263453293592, -0.0181861016899, 0.0114602353424], [-0.000443756289314, 0.00147046661004, -0.00155866099522, 0.00229739071801, -0.00264202198014, 0.00350568862632, -0.00425513694063, 0.00700788153335, -0.00977551285177, 0.0137323429808, -0.0181861016899, 0.0214438326657, -0.0132719855756], [0.00114036363084, -0.00119866325986, 0.00067041622242, -0.00156572449487, 0.00145280279685, -0.00184138363693, 0.00179065810516, -0.00412845797837, 0.00482464488596, -0.00803515315056, 0.0114602353424, -0.0132719855756, 0.01585682109]]
    spectral_contrast:
        mean: [-1.20920677915e-08, 1.34551257247e-07, 1.31950145033e-07, 1.99419716296e-07, -1.49739818767e-07, 3.79651169169e-07, -2.47234811468e-06, 1.4356282918e-06, 1.48610558881e-06, 4.14335272581e-06, -4.39719087808e-06, -9.35142963954e-07]
        var: [0.000873094948474, 0.00316500966437, 0.00387208419852, 0.00486744008958, 0.00601635081694, 0.00788523629308, 0.218404784799, 0.310189962387, 0.44287148118, 0.728597998619, 0.856480240822, 1.91692531109]

rhythm:
    beats_loudness:
        dmean: 0.00153093913104
        dmean2: 0.00296843983233
        dvar: 1.26438681036e-06
        dvar2: 3.60225931217e-06
        max: 0.0109572289512
        mean: 0.0075893253088
        min: 0.00613666139543
        var: 1.56671762852e-06
    beats_loudness_bass:
        dmean: 0.136697933078
        dmean2: 0.255725294352
        dvar: 0.00418455898762
        dvar2: 0.0164538435638
        max: 0.739622294903
        mean: 0.586875855923
        min: 0.433503091335
        var: 0.00924296211451
    bpm: 116.179740906
    bpm_confidence: 0
    first_peak_bpm: 116
    first_peak_spread: 0
    first_peak_weight: 0.944444417953
    onset_rate: 6.19696474075
    second_peak_bpm: 109
    second_peak_spread: 0
    second_peak_weight: 0.0555555559695
    beats_position: [0.241825252771, 0.758305311203, 1.27478539944, 1.79126536846, 2.3077454567, 2.82422542572, 3.34070539474, 3.85718536377, 4.37366533279, 4.89014530182, 5.40662527084, 5.92310523987, 6.47351455688, 6.98990774155, 7.50630092621, 8.02269363403, 8.53908729553, 9.05548000336, 9.57187366486]
    bpm_estimates: [116.236442566, 116.145309448, 116.216369629, 116.027168274, 116.086105347, 116.262527466, 116.298057556, 116.20803833, 116.104637146, 116.12588501, 116.303726196, 116.149780273, 116.33694458, 116.090080261, 116.287712097, 116.159698486, 116.116523743, 116.080406189]
    bpm_intervals: [0.516480088234, 0.516480088234, 0.516479969025, 0.516480088234, 0.516479969025, 0.516479969025, 0.516479969025, 0.516479969025, 0.516479969025, 0.516479969025, 0.516479969025, 0.550409317017, 0.516393184662, 0.516393184662, 0.516392707825, 0.516393661499, 0.516392707825, 0.516393661499]
    onset_times: [0.0464399084449, 0.232199549675, 0.383129239082, 0.510838985443, 0.754648506641, 1.01006805897, 1.16099774837, 1.27709746361, 1.42802715302, 1.55573701859, 1.69505667686, 1.78793644905, 2.0549659729, 2.20589566231, 2.31038546562, 2.46131515503, 2.5890250206, 2.83283448219, 2.99537420273, 3.09986400604, 3.22757363319, 3.35528349876, 3.50621318817, 3.61070299149, 3.83129262924, 4.02866220474, 4.14476203918, 4.26086187363, 4.38857126236, 4.65560102463, 4.91102027893, 5.15482997894, 5.31736946106, 5.4334692955, 5.58439922333, 5.70049905777, 5.85142850876, 5.94430828094, 6.1648979187, 6.33904743195, 6.46675729752, 6.57124710083, 6.7570066452, 6.98920631409, 7.25623559952, 7.39555549622, 7.51165533066, 7.65097522736, 7.77868461609, 7.92961454391, 8.04571437836, 8.27791404724, 8.44045352936, 8.54494285583, 8.6958732605, 8.80036258698, 9.06739234924, 9.32281208038, 9.42730140686, 9.58984088898, 9.70594120026, 9.85687065125]
    rubato_start: []
    rubato_stop: []
    perceptual_tempo: "unknown"

sfx:
    inharmonicity:
        dmean: 0.0509271919727
        dmean2: 0.0897053554654
        dvar: 0.00420786021277
        dvar2: 0.0120076974854
        max: 0.427841842175
        mean: 0.0428637340665
        min: 0
        var: 0.00369240506552
    oddtoevenharmonicenergyratio:
        dmean: 38.8525695801
        dmean2: 75.5361557007
        dvar: 26503.7578125
        dvar2: 79507.4296875
        max: 1670.34692383
        mean: 20.8334579468
        min: 0
        var: 14048.9306641
    pitch_after_max_to_before_max_energy_ratio: 0.280664414167
    pitch_centroid: 217.144943237
    pitch_max_to_total: 0.670533657074
    pitch_min_to_total: 0.700696051121
    tristimulus:
        dmean: [0.324543237686, 0.371939450502, 0.108870103955]
        dmean2: [0.578549563885, 0.665024399757, 0.19803866744]
        dvar: [0.0732844248414, 0.0791633874178, 0.0198099669069]
        dvar2: [0.186245813966, 0.214132666588, 0.0562927573919]
        max: [1, 0.989643752575, 0.926102340221]
        mean: [0.40804708004, 0.449093341827, 0.0855444967747]
        min: [0.0047367233783, 0, 0]
        var: [0.101534165442, 0.10980220139, 0.0188563037664]

tonal:
    chords_changes_rate: 0.10599078238
    chords_number_rate: 0.0414746552706
    chords_strength:
        dmean: 0.0157198682427
        dmean2: 0.0204218067229
        dvar: 0.000139680123539
        dvar2: 0.000244661292527
        max: 0.648010790348
        mean: 0.47035831213
        min: 0.299462914467
        var: 0.00685797771439
    key_strength: 0.485913336277
    tuning_diatonic_strength: 0.29666775465
    tuning_equal_tempered_deviation: 0.194334134459
    tuning_frequency: 434.444000244
    tuning_nontempered_energy_ratio: 0.874173462391
    hpcp:
        dmean: [0.263691723347, 0.230157196522, 0.21236744523, 0.231655687094, 0.228595361114, 0.199830532074, 0.20744599402, 0.236271649599, 0.241349130869, 0.228347972035, 0.21193267405, 0.19600366056, 0.204896956682, 0.179744467139, 0.175463810563, 0.176376521587, 0.206821978092, 0.239172846079, 0.234535381198, 0.210531711578, 0.199985995889, 0.183257326484, 0.192099645734, 0.210376352072, 0.260574221611, 0.261625230312, 0.263049870729, 0.291741043329, 0.259022146463, 0.234942987561, 0.219615057111, 0.188471153378, 0.197306409478, 0.245050653815, 0.245924606919, 0.250399142504]
        dmean2: [0.451610445976, 0.39373499155, 0.358045548201, 0.379166990519, 0.375226289034, 0.331802427769, 0.365669816732, 0.423954725266, 0.421859592199, 0.400278240442, 0.371215820312, 0.346039324999, 0.35866227746, 0.304673701525, 0.308528959751, 0.311668515205, 0.366449475288, 0.40867203474, 0.416003316641, 0.369108438492, 0.351887822151, 0.305338770151, 0.335523068905, 0.362500101328, 0.449769943953, 0.467394888401, 0.464901655912, 0.509401500225, 0.434715986252, 0.43061953783, 0.398345589638, 0.334445178509, 0.351938277483, 0.437481582165, 0.446865469217, 0.423275321722]
        dvar: [0.0638557672501, 0.0590113848448, 0.0515153072774, 0.0502118393779, 0.0485240519047, 0.0394582301378, 0.0538536868989, 0.060833144933, 0.0498503856361, 0.0519757270813, 0.0473370812833, 0.0370925925672, 0.0496180392802, 0.0347964465618, 0.0307704694569, 0.0388468317688, 0.0416697785258, 0.0587446540594, 0.0481850579381, 0.0481285564601, 0.0395911186934, 0.0403467230499, 0.0493870787323, 0.0539376735687, 0.0578501373529, 0.0568152964115, 0.0628950148821, 0.0747800990939, 0.0593585334718, 0.0669570639729, 0.0513730384409, 0.0429890304804, 0.0438404977322, 0.0662112161517, 0.0567201077938, 0.0558855570853]
        dvar2: [0.146758005023, 0.142511993647, 0.134084716439, 0.124663516879, 0.121416136622, 0.0998547375202, 0.144221395254, 0.170543044806, 0.147001549602, 0.140856429935, 0.118010163307, 0.0958266332746, 0.126220360398, 0.0948976203799, 0.0832206830382, 0.102841325104, 0.108884677291, 0.159975349903, 0.128605276346, 0.120984829962, 0.0950056090951, 0.101060479879, 0.132110744715, 0.146510958672, 0.154219284654, 0.141489923, 0.186963677406, 0.165665969253, 0.138910725713, 0.195725291967, 0.159245103598, 0.130015417933, 0.121559977531, 0.183204948902, 0.157935991883, 0.14527374506]
        max: [1, 1, 1, 1, 1, 1, 1, 1, 1, 1, 1, 1, 1, 1, 1, 1, 1, 1, 1, 1, 1, 1, 1, 1, 1, 1, 1, 1, 1, 1, 1, 1, 1, 1, 1, 1]
        mean: [0.325410068035, 0.290166586637, 0.25439235568, 0.284686714411, 0.288006365299, 0.239076063037, 0.23816922307, 0.257754653692, 0.261630356312, 0.263931006193, 0.252680301666, 0.234213113785, 0.256066560745, 0.244948536158, 0.199894815683, 0.193113580346, 0.233200237155, 0.273360848427, 0.265708088875, 0.247736021876, 0.243016153574, 0.227024585009, 0.219480887055, 0.235057517886, 0.285175591707, 0.294529020786, 0.28735935688, 0.344863116741, 0.307486325502, 0.234648272395, 0.222933217883, 0.20875762403, 0.213496267796, 0.248875766993, 0.263102591038, 0.294466227293]
        min: [0, 0, 0, 0, 0, 0.00102204002906, 0.00111046130769, 0.00166097364854, 0.00211782869883, 0.00190553755965, 0.00297065707855, 0.00192052125931, 0.00371043151245, 0.00188612332568, 0.00168770260643, 0.00232886755839, 0.00248818797991, 0.00269057997502, 0.00310648069717, 0.00257531786337, 0.00119259941857, 0.00142300641164, 0, 0, 0, 0, 0.0014847520506, 0.00141284079291, 0.00185560877435, 7.80268965173e-06, 0.00239642197266, 0.00181955459993, 0.00164943223353, 0.00251592556015, 0.00233749253675, 0.00239972304553]
        var: [0.0963875204325, 0.0907088518143, 0.0686322748661, 0.0709958970547, 0.068484172225, 0.0523689314723, 0.0633337721229, 0.0679998546839, 0.0629260987043, 0.0600003786385, 0.0552379079163, 0.0454402342439, 0.0646570771933, 0.054418604821, 0.0412330813706, 0.0451982952654, 0.0562523640692, 0.0728873163462, 0.0663430169225, 0.0651128143072, 0.0581405162811, 0.0530671998858, 0.0617891773582, 0.0659207701683, 0.0787011608481, 0.0783724859357, 0.0724581331015, 0.105696246028, 0.0902912318707, 0.0692464262247, 0.0610067658126, 0.0539789162576, 0.0538464225829, 0.0712135434151, 0.0724543556571, 0.0842458382249]
    chords_histogram: [3.22580647469, 0, 0, 0, 0, 0, 0, 8.29493045807, 5.99078321457, 9.67741966248, 0, 0, 0, 0, 0, 17.0506916046, 28.1105995178, 0, 0, 0, 9.21658992767, 0, 16.5898609161, 1.84331798553]
    thpcp: [1, 0.891618490219, 0.680409908295, 0.646439731121, 0.605334758759, 0.619075417519, 0.721665382385, 0.762918889523, 0.853864073753, 0.943591952324, 0.841396391392, 0.737661838531, 0.825506389141, 0.835132420063, 0.693249166012, 0.690619587898, 0.747411489487, 0.758649885654, 0.765321075916, 0.732697367668, 0.679148077965, 0.742516517639, 0.710277557373, 0.579635262489, 0.559971690178, 0.676210999489, 0.792664766312, 0.770474076271, 0.718360424042, 0.704674243927, 0.658303439617, 0.636429011822, 0.681596577168, 0.826924026012, 0.854046165943, 0.833256304264]
    chords_key: "F#"
    chords_scale: "minor"
    key_key: "A#"
    key_scale: "minor"
    chords_progression: ["F#m", "F#m", "F#m", "F#m", "F#m", "F#m", "F#m", "F#m", "F#m", "F#m", "F#m", "F#m", "F#m", "F#m", "F#m", "F#m", "F#m", "F#m", "F#m", "F#m", "F#m", "F#m", "F#m", "F#m", "F#m", "F#m", "F#m", "F#m", "F#m", "F#m", "F", "F", "F", "F", "F", "F", "F", "F", "F#m", "F#m", "F#m", "F#m", "F#m", "F#m", "F#m", "F#m", "F", "F", "F", "F", "F", "F", "F", "G#m", "G#m", "G#m", "G#m", "G#m", "G#m", "G#m", "G#m", "G#m", "G#m", "G#m", "G#m", "G#m", "G#m", "G#m", "G#m", "G#m", "G#m", "G#m", "G#m", "Dm", "D", "D", "D", "Dm", "Dm", "Dm", "Dm", "Dm", "Dm", "Dm", "Dm", "D", "D", "D", "Dm", "Dm", "Dm", "Dm", "D", "D", "D", "D", "D", "D", "D", "D", "D", "D", "D", "D", "D", "D", "D", "D", "D", "D", "D", "D", "D", "D", "D", "D", "D", "D", "D", "D", "D", "D", "D", "F", "F", "A#", "A#", "A#", "A#", "A#m", "A#m", "A#m", "A#m", "A#m", "A#m", "A#m", "A#", "A#", "A#", "F", "F", "F", "F", "A#", "A#", "A#", "A#", "A#", "A#", "A#", "A#", "A#", "A#", "A#", "D#m", "D#m", "D#m", "D#m", "D#m", "D#m", "D#m", "D#m", "D#m", "D#m", "D#m", "D#m", "D#m", "D#m", "D#m", "D#m", "D#m", "D#m", "D#m", "D#m", "D#m", "D#m", "D#m", "D#m", "D#m", "D#m", "D#m", "D#m", "D#m", "D#m", "D#m", "D#m", "D#m", "D#m", "D#m", "F#", "D#m", "F#", "F#", "F#m", "F#", "F#m", "F#m", "F#m", "F#m", "F#m", "F#m", "F#m", "F#m", "F#m", "F#m", "F#m", "F#m", "F#m", "F#m", "F#m", "F#m", "F#m", "F#m", "F#m", "F#m", "F#m", "F#m"]
