
metadata:
    version:
        essentia: "1.2.2"
    audio_properties:
        analysis_sample_rate: 44100
        bitrate: 128
        channels: 2
        equal_loudness: 1
        length: 10.0310201645
        replay_gain: -7.30006217957
        downmix: "mix"
    tags:
        track: 26
        year: 0
        album: "Splitted by Mp3Splt v. 2.1"
        artist: "From 004.10 To 004.20"
        comment: "http://mp3splt.sf.net"
        genre: ""
        title: "09 Crossroads [Live].mp3"

highlevel:
    ballroom:
        all:
            ChaChaCha: 0.103080704808
            Jive: 0.152435004711
            Quickstep: 0.264351010323
            Rumba-American: 0.0123118171468
            Rumba-International: 0.0978853479028
            Rumba-Misc: 0.0104236174375
            Samba: 0.135871484876
            Tango: 0.16430529952
            VienneseWaltz: 0.0474909767509
            Waltz: 0.0118447290733
        probability: 0.264351010323
        value: "Quickstep"
    culture:
        all:
            non_western: 0.0275194495916
            western: 0.972480535507
        probability: 0.972480535507
        value: "western"
    gender:
        all:
            female: 0.334199905396
            male: 0.665800094604
        probability: 0.665800094604
        value: "male"
    genre_dortmund:
        all:
            alternative: 0.0471674203873
            blues: 0.172912031412
            electronic: 0.00734449643642
            folkcountry: 0.232155829668
            funksoulrnb: 0.02844594419
            jazz: 0.392855405807
            pop: 0.0349666811526
            raphiphop: 0.00131444260478
            rock: 0.0828377455473
        probability: 0.392855405807
        value: "jazz"
    genre_electronica:
        all:
            ambient: 0.210586264729
            dnb: 0.0756596252322
            house: 0.0828698650002
            techno: 0.0120059894398
            trance: 0.618878245354
        probability: 0.618878245354
        value: "trance"
    genre_rosamerica:
        all:
            cla: 0.0847316458821
            dan: 0.0480109676719
            hip: 0.0168995540589
            jaz: 0.0990184545517
            pop: 0.19406761229
            rhy: 0.383094727993
            roc: 0.164691463113
            spe: 0.00948556791991
        probability: 0.383094727993
        value: "rhy"
    genre_tzanetakis:
        all:
            blu: 0.0142004024237
            cla: 0.00731220701709
            cou: 0.369139432907
            dis: 0.0185723733157
            hip: 0.00131730583962
            jaz: 0.114313259721
            met: 0.00441492721438
            pop: 0.0278091598302
            reg: 0.0124949347228
            roc: 0.430426001549
        probability: 0.430426001549
        value: "roc"
    live_studio:
        all:
            live: 0.859158396721
            studio: 0.140841633081
        probability: 0.859158396721
        value: "live"
    mood:
        all:
            Cluster1: 0.212942883372
            Cluster2: 0.345040738583
            Cluster3: 0.0944256111979
            Cluster4: 0.200402542949
            Cluster5: 0.14718824625
        probability: 0.345040738583
        value: "Cluster2"
    mood_acoustic:
        all:
            acoustic: 0.433527708054
            not_acoustic: 0.566472291946
        probability: 0.566472291946
        value: "not_acoustic"
    mood_aggressive:
        all:
            aggressive: 0.0167540702969
            not_aggressive: 0.983245909214
        probability: 0.983245909214
        value: "not_aggressive"
    mood_electronic:
        all:
            electronic: 0.175775229931
            not_electronic: 0.824224770069
        probability: 0.824224770069
        value: "not_electronic"
    mood_happy:
        all:
            happy: 0.764946401119
            not_happy: 0.235053598881
        probability: 0.764946401119
        value: "happy"
    mood_party:
        all:
            not_party: 0.707566440105
            party: 0.292433589697
        probability: 0.707566440105
        value: "not_party"
    mood_relaxed:
        all:
            not_relaxed: 0.53566467762
            relaxed: 0.464335352182
        probability: 0.53566467762
        value: "not_relaxed"
    mood_sad:
        all:
            not_sad: 0.33126309514
            sad: 0.668736875057
        probability: 0.668736875057
        value: "sad"
    rhythm:
        all:
            fast: 0.644371986389
            medium: 0.294578254223
            slow: 0.0610497482121
        probability: 0.644371986389
        value: "fast"
    speech_music:
        all:
            music: 0.999907672405
            speech: 9.23561819945e-05
        probability: 0.999907672405
        value: "music"
    timbre:
        all:
            bright: 0.965511798859
            dark: 0.0344881787896
        probability: 0.965511798859
        value: "bright"
    voice_instrumental:
        all:
            instrumental: 0.9965493083
            voice: 0.00345070916228
        probability: 0.9965493083
        value: "instrumental"

lowlevel:
    average_loudness: 0.950505912304
    barkbands_kurtosis:
        dmean: 1.14727330208
        dmean2: 1.82002413273
        dvar: 2.35592746735
        dvar2: 6.12591218948
        max: 17.4169883728
        mean: 0.568731188774
        min: -1.75939691067
        var: 5.58763742447
    barkbands_skewness:
        dmean: 0.442960232496
        dmean2: 0.685763478279
        dvar: 0.159568220377
        dvar2: 0.358768224716
        max: 3.67389965057
        mean: 0.797448277473
        min: -2.85122680664
        var: 1.00413787365
    barkbands_spread:
        dmean: 4.8204035759
        dmean2: 7.23876428604
        dvar: 18.7332801819
        dvar2: 41.0119056702
        max: 56.7439575195
        mean: 26.2526874542
        min: 5.78939533234
        var: 83.253578186
    dissonance:
        dmean: 0.0206956397742
        dmean2: 0.0338338240981
        dvar: 0.000295895530144
        dvar2: 0.000734241970349
        max: 0.499729245901
        mean: 0.457407236099
        min: 0.311343491077
        var: 0.000725363846868
    hfc:
        dmean: 2.54247093201
        dmean2: 3.7854616642
        dvar: 19.9619007111
        dvar2: 37.9032058716
        max: 48.5945129395
        mean: 6.12413215637
        min: 0.161107301712
        var: 58.1099891663
    pitch:
        dmean: 257.374359131
        dmean2: 492.797210693
        dvar: 549705.0625
        dvar2: 1535821.5
        max: 4009.09082031
        mean: 464.880065918
        min: 73.0132446289
        var: 508642.625
    pitch_instantaneous_confidence:
        dmean: 0.0907204374671
        dmean2: 0.134734019637
        dvar: 0.00773793598637
        dvar2: 0.0152841992676
        max: 0.945326864719
        mean: 0.483373314142
        min: 0.15164655447
        var: 0.0421284176409
    pitch_salience:
        dmean: 0.0628153085709
        dmean2: 0.0991960689425
        dvar: 0.00285053253174
        dvar2: 0.00654918886721
        max: 0.810457885265
        mean: 0.5915543437
        min: 0.309726268053
        var: 0.010112632066
    silence_rate_20dB:
        dmean: 0
        dmean2: 0
        dvar: 0
        dvar2: 0
        max: 1
        mean: 1
        min: 1
        var: 0
    silence_rate_30dB:
        dmean: 0
        dmean2: 0
        dvar: 0
        dvar2: 0
        max: 1
        mean: 1
        min: 1
        var: 0
    silence_rate_60dB:
        dmean: 0.152777776122
        dmean2: 0.303944319487
        dvar: 0.129436895251
        dvar2: 0.253326326609
        max: 1
        mean: 0.450346410275
        min: 0
        var: 0.247534185648
    spectral_centroid:
        dmean: 255.094406128
        dmean2: 386.627807617
        dvar: 80406.6953125
        dvar2: 156608.484375
        max: 3438.37451172
        mean: 1250.38696289
        min: 270.507141113
        var: 460430.1875
    spectral_complexity:
        dmean: 3.20881676674
        dmean2: 4.74651145935
        dvar: 22.8844642639
        dvar2: 44.6915168762
        max: 44
        mean: 9.73379611969
        min: 0
        var: 42.2925720215
    spectral_crest:
        dmean: 2.3879635334
        dmean2: 3.91760706902
        dvar: 4.25753307343
        dvar2: 10.6794500351
        max: 20.3647613525
        mean: 8.75975799561
        min: 3.00994133949
        var: 11.6957197189
    spectral_decrease:
        dmean: 4.07330530416e-10
        dmean2: 6.6045147129e-10
        dvar: 4.51046233485e-19
        dvar2: 1.18063716304e-18
        max: -1.68206941431e-11
        mean: -9.81454695292e-10
        min: -6.15548589877e-09
        var: 5.52182349958e-19
    spectral_energy:
        dmean: 0.0017317609163
        dmean2: 0.00277925468981
        dvar: 7.91192906036e-06
        dvar2: 1.99062487809e-05
        max: 0.026699796319
        mean: 0.00425971252844
        min: 7.80977425165e-05
        var: 1.11365634439e-05
    spectral_energyband_high:
        dmean: 0.000212034530705
        dmean2: 0.000319295329973
        dvar: 2.5970535944e-07
        dvar2: 5.87035174249e-07
        max: 0.00628876872361
        mean: 0.000318835693179
        min: 1.01521654869e-05
        var: 4.32451287224e-07
    spectral_energyband_low:
        dmean: 0.000227324737352
        dmean2: 0.000369819346815
        dvar: 1.87863733458e-07
        dvar2: 4.75558607604e-07
        max: 0.00389392208308
        mean: 0.000338051904691
        min: 2.67377413365e-06
        var: 2.3566471441e-07
    spectral_energyband_middle_high:
        dmean: 0.000627398607321
        dmean2: 0.0009525740752
        dvar: 1.18709738217e-06
        dvar2: 2.2396463919e-06
        max: 0.0138038890436
        mean: 0.00158084789291
        min: 3.66328386008e-05
        var: 3.7245877138e-06
    spectral_energyband_middle_low:
        dmean: 0.00109609251376
        dmean2: 0.0018766062567
        dvar: 3.72271620108e-06
        dvar2: 1.0560793271e-05
        max: 0.0134081244469
        mean: 0.00202193227597
        min: 1.32360955831e-05
        var: 3.31617729898e-06
    spectral_flatness_db:
        dmean: 0.0176286250353
        dmean2: 0.027635442093
        dvar: 0.000240219669649
        dvar2: 0.000540329783689
        max: 0.291994541883
        mean: 0.167906880379
        min: 0.0958418026567
        var: 0.000970349879935
    spectral_flux:
        dmean: 0.0110957110301
        dmean2: 0.0163971949369
        dvar: 0.00018868141342
        dvar2: 0.000365185522242
        max: 0.127023518085
        mean: 0.0359455794096
        min: 0.00831304397434
        var: 0.000413459609263
    spectral_kurtosis:
        dmean: 1.10204410553
        dmean2: 1.92029225826
        dvar: 1.21114528179
        dvar2: 3.06876444817
        max: 10.7855796814
        mean: 3.46299123764
        min: 0.800607919693
        var: 2.46248841286
    spectral_rms:
        dmean: 0.000379888428142
        dmean2: 0.000585846428294
        dvar: 2.50433942028e-07
        dvar2: 5.78411800234e-07
        max: 0.00510378088802
        mean: 0.00191531435121
        min: 0.000276030652458
        var: 4.8739173053e-07
    spectral_rolloff:
        dmean: 507.004455566
        dmean2: 785.961608887
        dvar: 315330.625
        dvar2: 630470.875
        max: 4780.37109375
        mean: 2388.69116211
        min: 236.865234375
        var: 1523045.125
    spectral_skewness:
        dmean: 0.174280121922
        dmean2: 0.268284231424
        dvar: 0.0222985912114
        dvar2: 0.0534237846732
        max: 2.37760305405
        mean: 1.41171061993
        min: 0.526272833347
        var: 0.0931202694774
    spectral_spread:
        dmean: 310393.84375
        dmean2: 505801.8125
        dvar: 98421465088
        dvar2: 237619806208
        max: 7083952
        mean: 4269082.5
        min: 2773755.25
        var: 444603990016
    spectral_strongpeak:
        dmean: 0.726140856743
        dmean2: 1.13300430775
        dvar: 2.52897691727
        dvar2: 5.21540594101
        max: 16.6146221161
        mean: 1.21596431732
        min: 0.00515575380996
        var: 6.56349515915
    zerocrossingrate:
        dmean: 0.00999447144568
        dmean2: 0.0110669508576
        dvar: 9.21176979318e-05
        dvar2: 0.000108399377496
        max: 0.177734375
        mean: 0.0793355330825
        min: 0.02001953125
        var: 0.0010441133054
    barkbands:
        dmean: [3.54219423571e-07, 5.28390810359e-05, 0.000188690901268, 0.000137490729685, 0.000601943873335, 0.000200802620384, 0.000150629974087, 0.000142311662785, 0.000177858426468, 7.41345211281e-05, 2.55989689322e-05, 6.96741626598e-05, 6.37842385913e-05, 0.000110746907012, 5.7619632571e-05, 5.29089702468e-05, 8.81318774191e-05, 5.46064002265e-05, 0.000119865093438, 0.000355208292603, 6.68780630804e-05, 1.07632422441e-05, 1.96758128368e-06, 5.35789695277e-07, 2.52802493605e-07, 9.37337585327e-09, 2.16991313806e-10]
        dmean2: [4.45361564516e-07, 9.14951888262e-05, 0.000306611967972, 0.000234403560171, 0.00105796591379, 0.000329733040417, 0.000249074626481, 0.000211215025047, 0.000294487166684, 0.000116329778393, 3.98166666855e-05, 0.000107125844806, 9.91411070572e-05, 0.000163800810697, 8.95154007594e-05, 8.70474395924e-05, 0.00013654497161, 8.3163191448e-05, 0.000181462819455, 0.000572866643779, 9.5363240689e-05, 1.6103271264e-05, 3.09102802021e-06, 8.30191993373e-07, 3.72065841248e-07, 1.42701601646e-08, 3.95255994601e-10]
        dvar: [5.64810524739e-12, 1.18171952224e-08, 1.23558635323e-07, 4.61220466264e-08, 1.39629344176e-06, 1.45582959021e-07, 9.06383093024e-08, 8.50545873732e-08, 1.42651671808e-07, 1.77316437089e-08, 1.30553357014e-09, 1.96001685993e-08, 9.31256227688e-09, 7.01461289054e-08, 7.09131287024e-09, 1.05336575018e-08, 3.96925727841e-08, 9.26787802058e-09, 4.7230358291e-08, 7.87930105162e-07, 1.9298926901e-08, 5.45417988551e-10, 1.48231808772e-11, 8.07786942805e-13, 2.35680534333e-13, 4.54795812182e-16, 1.11829274122e-19]
        dvar2: [5.83209869287e-12, 3.23562829863e-08, 3.08064329602e-07, 1.15021116187e-07, 4.04208367399e-06, 4.21608319812e-07, 2.29064895052e-07, 1.80306670927e-07, 3.7513112261e-07, 4.18675369929e-08, 2.79938872083e-09, 4.20843839777e-08, 2.33118591098e-08, 1.50047398506e-07, 1.54446162526e-08, 2.67887809713e-08, 9.30197074922e-08, 2.09957988773e-08, 1.13315238082e-07, 1.5949489125e-06, 3.66719383749e-08, 1.09304443274e-09, 3.36590026684e-11, 1.64841014103e-12, 4.92786855159e-13, 1.07398780217e-15, 3.10656571236e-19]
        max: [4.89969315822e-05, 0.000777370994911, 0.00354928476736, 0.00251926691271, 0.00986673031002, 0.00378793058917, 0.0025846126955, 0.00344862882048, 0.00319826346822, 0.00166597904172, 0.000412591209169, 0.00193235860206, 0.000839745567646, 0.00439608236775, 0.000865372479893, 0.00100621441379, 0.00270257028751, 0.000916048651561, 0.00294936867431, 0.0106620136648, 0.00184621277731, 0.000242291527684, 3.21345396515e-05, 6.71664020047e-06, 7.04511512595e-06, 2.52637107678e-07, 3.15542458829e-09]
        mean: [3.91905246033e-07, 6.75384435453e-05, 0.000270170596195, 0.000214240775676, 0.000768858124502, 0.000317641766742, 0.000230257559451, 0.000251184683293, 0.000222945600399, 0.000147548416862, 4.03184931201e-05, 0.000112517933303, 0.000109976332169, 0.000194789288798, 0.000101113859273, 7.60824914323e-05, 0.000119901451399, 8.69677896844e-05, 0.000194956111955, 0.00060755526647, 0.000101303274278, 1.79200105777e-05, 3.92844776798e-06, 1.1559043287e-06, 4.41510991323e-07, 1.16197309552e-08, 1.77355616304e-10]
        min: [5.35508790089e-12, 3.1203884987e-07, 9.05960405362e-07, 4.32551360063e-07, 4.0583390728e-06, 3.01501671629e-07, 8.60809734604e-08, 2.01812866862e-07, 1.42940552905e-06, 1.48009803524e-06, 3.80670499567e-08, 5.83385464381e-08, 1.56789269568e-07, 3.05274079437e-06, 3.27836346514e-07, 3.71366553509e-07, 1.94725953406e-06, 4.22731204708e-07, 8.83520215211e-07, 1.23241607071e-05, 8.18010732928e-07, 1.19489413919e-07, 6.62095231974e-08, 4.39410925424e-08, 1.44311478323e-08, 3.55082185877e-10, 8.70926120393e-14]
        var: [5.73008654414e-12, 1.01124992824e-08, 1.65167207911e-07, 8.34901072722e-08, 1.07617177036e-06, 1.77799236667e-07, 1.31624943833e-07, 2.44713334041e-07, 1.51018426209e-07, 5.20515008873e-08, 2.65407407163e-09, 4.67171901164e-08, 2.03723509173e-08, 1.80718160436e-07, 2.00167740161e-08, 1.12073559322e-08, 5.38876747669e-08, 1.35867459505e-08, 7.23715416484e-08, 1.96423047782e-06, 2.95175119902e-08, 7.71208596984e-10, 2.06751647053e-11, 1.30538472826e-12, 3.96421095819e-13, 4.97877707825e-16, 9.03558657531e-20]
    mfcc:
        mean: [-725.790283203, 123.506393433, -43.964717865, 49.8819274902, -20.9704933167, 1.94310748577, -0.511106848717, -11.8296003342, -8.55472278595, 1.46188342571, -7.20364379883, -6.89661169052, -9.34595870972]
        cov: [[1593.640625, -115.371231079, -117.002120972, 102.918708801, 1.44225764275, -28.1436729431, 25.4487094879, -46.5855064392, 106.539871216, 19.9683742523, 19.3527030945, 14.2133989334, 34.5355873108], [-115.371231079, 396.969665527, 133.036392212, -40.1974411011, 45.1725196838, 64.2442626953, -17.825674057, -0.453817039728, -45.0544548035, -49.9572219849, 8.52375030518, 15.5044126511, 35.094367981], [-117.002120972, 133.036392212, 415.916320801, 82.0557327271, 87.000289917, 80.4725494385, -61.0595626831, 44.0448036194, -40.8247756958, -123.09942627, 22.4970378876, 8.01501464844, 25.8715000153], [102.918708801, -40.1974411011, 82.0557327271, 162.644775391, 48.645275116, 35.6773910522, 40.7654838562, 13.2737026215, 33.6744270325, 6.77217149734, -10.9795818329, -17.3175830841, -16.9351959229], [1.44225764275, 45.1725196838, 87.000289917, 48.645275116, 89.973815918, 52.7092399597, 13.9285984039, 16.2555465698, 16.1356773376, -10.0473833084, 2.74214720726, -5.93055868149, -4.54640817642], [-28.1436729431, 64.2442626953, 80.4725494385, 35.6773910522, 52.7092399597, 95.0617828369, 24.75415802, 23.2563018799, -0.128254622221, -30.7097606659, -4.07154893875, -8.04665374756, 0.795585632324], [25.4487094879, -17.825674057, -61.0595626831, 40.7654838562, 13.9285984039, 24.75415802, 124.99596405, 30.5397853851, 54.6163291931, 63.9214439392, -6.85601615906, -29.3483276367, -40.2345428467], [-46.5855064392, -0.453817039728, 44.0448036194, 13.2737026215, 16.2555465698, 23.2563018799, 30.5397853851, 73.4038009644, 27.3948249817, -7.1454668045, 1.63615882397, -14.8770446777, -19.3014831543], [106.539871216, -45.0544548035, -40.8247756958, 33.6744270325, 16.1356773376, -0.128254622221, 54.6163291931, 27.3948249817, 88.7614974976, 59.8159065247, -0.54628610611, -28.0709247589, -38.0917816162], [19.9683742523, -49.9572219849, -123.09942627, 6.77217149734, -10.0473833084, -30.7097606659, 63.9214439392, -7.1454668045, 59.8159065247, 138.643569946, 20.5689430237, -15.3760128021, -33.1905059814], [19.3527030945, 8.52375030518, 22.4970378876, -10.9795818329, 2.74214720726, -4.07154893875, -6.85601615906, 1.63615882397, -0.54628610611, 20.5689430237, 63.9085960388, 39.0929603577, 20.6098117828], [14.2133989334, 15.5044126511, 8.01501464844, -17.3175830841, -5.93055868149, -8.04665374756, -29.3483276367, -14.8770446777, -28.0709247589, -15.3760128021, 39.0929603577, 95.7546310425, 65.587677002], [34.5355873108, 35.094367981, 25.8715000153, -16.9351959229, -4.54640817642, 0.795585632324, -40.2345428467, -19.3014831543, -38.0917816162, -33.1905059814, 20.6098117828, 65.587677002, 95.3067092896]]
        icov: [[0.000899229606148, -2.45587871177e-05, 0.000543564499822, -0.000753329833969, 8.88925933396e-05, 0.000267805473413, -6.45630134386e-05, 0.0011280720355, -0.00205124146305, 0.00145372305997, -0.00116684613749, 0.000554722326342, -0.000838003878016], [-2.45587871177e-05, 0.00365404784679, -0.00143572583329, 0.00227822340094, -0.00100799207576, -0.00174893729854, -0.000958494667429, 0.000947420368902, 0.00102115678601, -0.000779797846917, 0.000727994018234, 3.6667479435e-05, -0.000834401522297], [0.000543564499822, -0.00143572583329, 0.00699333567172, -0.00430279225111, -0.00274264696054, -0.000173461608938, 0.00302069680765, -0.00271383253857, 0.000150451625814, 0.00501271383837, -0.00574363209307, 0.00265345396474, -0.000513208389748], [-0.000753329833969, 0.00227822340094, -0.00430279225111, 0.0116899106652, -0.00267963018268, -0.00136330444366, -0.00378317129798, 0.00235486053862, -0.000950142275542, -0.00249164993875, 0.00473457016051, -0.00170425791293, 0.000344178813975], [8.88925933396e-05, -0.00100799207576, -0.00274264696054, -0.00267963018268, 0.0212523620576, -0.00908024888486, 0.00141962757334, 0.00148497801274, -0.00509436521679, -0.0014870557934, 0.000183172247489, -0.00131532887463, 0.000908563728444], [0.000267805473413, -0.00174893729854, -0.000173461608938, -0.00136330444366, -0.00908024888486, 0.02155148983, -0.00652669742703, -0.00163296458777, 0.00147672463208, 0.005627786275, -0.00150788656902, 0.00242298142985, -0.00213854108006], [-6.45630134386e-05, -0.000958494667429, 0.00302069680765, -0.00378317129798, 0.00141962757334, -0.00652669742703, 0.0181177482009, -0.00644228374586, -0.00179579330143, -0.00646403012797, 0.00172231020406, -0.000613491225522, 0.00243110698648], [0.0011280720355, 0.000947420368902, -0.00271383253857, 0.00235486053862, 0.00148497801274, -0.00163296458777, -0.00644228374586, 0.0236318148673, -0.0107502210885, 0.00711298082024, -0.00379371759482, 0.000874884543009, 0.000946994347032], [-0.00205124146305, 0.00102115678601, 0.000150451625814, -0.000950142275542, -0.00509436521679, 0.00147672463208, -0.00179579330143, -0.0107502210885, 0.0292832404375, -0.0110068488866, 0.00287820957601, 0.000562544621062, 0.00382815906778], [0.00145372305997, -0.000779797846917, 0.00501271383837, -0.00249164993875, -0.0014870557934, 0.005627786275, -0.00646403012797, 0.00711298082024, -0.0110068488866, 0.022957617417, -0.0131416581571, 0.00439467979595, -3.60025769623e-05], [-0.00116684613749, 0.000727994018234, -0.00574363209307, 0.00473457016051, 0.000183172247489, -0.00150788656902, 0.00172231020406, -0.00379371759482, 0.00287820957601, -0.0131416581571, 0.0312085580081, -0.0143000660464, 0.00220125517808], [0.000554722326342, 3.6667479435e-05, 0.00265345396474, -0.00170425791293, -0.00131532887463, 0.00242298142985, -0.000613491225522, 0.000874884543009, 0.000562544621062, 0.00439467979595, -0.0143000660464, 0.0269446149468, -0.0150973945856], [-0.000838003878016, -0.000834401522297, -0.000513208389748, 0.000344178813975, 0.000908563728444, -0.00213854108006, 0.00243110698648, 0.000946994347032, 0.00382815906778, -3.60025769623e-05, 0.00220125517808, -0.0150973945856, 0.0240142270923]]
    spectral_contrast:
        mean: [8.62076987573e-08, 2.08210963137e-07, -3.85500726452e-07, -4.49794299584e-08, 3.91500407204e-07, -5.71642360114e-08, -3.32485615218e-06, 9.28494102936e-07, -1.84995155905e-06, 4.48000662345e-07, 3.67948291569e-06, 8.88826662049e-07]
        var: [0.000327820685925, 0.000642635393888, 0.00138493080158, 0.00381099106744, 0.00444975262508, 0.00563056766987, 0.032015170902, 0.0619733296335, 0.108670562506, 0.160512268543, 0.410941690207, 1.158857584]

rhythm:
    beats_loudness:
        dmean: 0.00383687904105
        dmean2: 0.00690915156156
        dvar: 7.46740488466e-06
        dvar2: 2.11812348425e-05
        max: 0.013793299906
        mean: 0.00760271959007
        min: 0.00311626726761
        var: 1.00060551631e-05
    beats_loudness_bass:
        dmean: 0.0745037272573
        dmean2: 0.131265029311
        dvar: 0.00472509115934
        dvar2: 0.0143627626821
        max: 0.303892493248
        mean: 0.0889271572232
        min: 0.00604883441702
        var: 0.00523031922057
    bpm: 96.8446350098
    bpm_confidence: 0
    first_peak_bpm: 97
    first_peak_spread: 0
    first_peak_weight: 0.933333337307
    onset_rate: 3.48917627335
    second_peak_bpm: 92
    second_peak_spread: 0
    second_peak_weight: 0.0666666701436
    beats_position: [0.351743131876, 0.971865057945, 1.59198689461, 2.21210885048, 2.83223056793, 3.4523525238, 4.07247447968, 4.69259643555, 5.31271839142, 5.93283987045, 6.58789539337, 7.2068772316, 7.82585859299, 8.44484043121, 9.0638217926, 9.68280410767]
    bpm_estimates: [96.8983383179, 96.6852493286, 96.7618942261, 96.6954040527, 96.2399291992, 97.1523971558, 96.7495040894, 96.710357666, 96.7513275146, 96.7978515625, 96.8693847656, 97.022895813, 96.8850250244, 97.0027008057, 96.8627471924, 97.0756835938, 96.8242874146, 96.7526321411, 97.2889938354, 96.9931869507, 96.7571182251, 96.8049926758]
    bpm_intervals: [0.620121955872, 0.620121836662, 0.620121955872, 0.620121717453, 0.620121955872, 0.620121955872, 0.620121955872, 0.620121955872, 0.620121479034, 0.655055522919, 0.618981838226, 0.618981361389, 0.618981838226, 0.618981361389, 0.618982315063]
    onset_times: [0.0348299331963, 0.127709746361, 0.348299324512, 0.661768734455, 0.975238084793, 1.28870749474, 1.59056687355, 1.91564631462, 2.22911572456, 2.51936507225, 2.71673464775, 2.84444451332, 3.01859402657, 3.15791392326, 3.47138333321, 3.77324271202, 4.08671188354, 4.40018129349, 4.7020406723, 5.32897949219, 5.65405893326, 5.95591831207, 6.28099775314, 6.57124710083, 6.88471651077, 7.20979595184, 7.52326536179, 7.8251247406, 8.13859367371, 8.46367359161, 8.76553249359, 9.07900238037, 9.26476192474, 9.39247131348, 9.69433116913]
    rubato_start: []
    rubato_stop: []
    perceptual_tempo: "unknown"

sfx:
    inharmonicity:
        dmean: 0.0396512188017
        dmean2: 0.0713048651814
        dvar: 0.00335258734412
        dvar2: 0.00991714093834
        max: 0.381829351187
        mean: 0.0384471863508
        min: 0.000120916076412
        var: 0.00275439489633
    oddtoevenharmonicenergyratio:
        dmean: 2.28089523315
        dmean2: 4.2875494957
        dvar: 38.6592407227
        dvar2: 111.312309265
        max: 65.5853729248
        mean: 1.73890578747
        min: 0.00125073245727
        var: 24.7824115753
    pitch_after_max_to_before_max_energy_ratio: 5.35101938248
    pitch_centroid: 199.394393921
    pitch_max_to_total: 0.222222223878
    pitch_min_to_total: 0.78935188055
    tristimulus:
        dmean: [0.196336790919, 0.24692286551, 0.0992727801204]
        dmean2: [0.340910166502, 0.43469196558, 0.176451817155]
        dvar: [0.0317558683455, 0.0498141497374, 0.00848847348243]
        dvar2: [0.0846722722054, 0.1423317343, 0.02545780316]
        max: [0.910779774189, 0.955640912056, 0.611865282059]
        mean: [0.400158345699, 0.455591052771, 0.104597471654]
        min: [0.00893054809421, 0, 0]
        var: [0.0506810247898, 0.0614996179938, 0.00955779105425]

tonal:
    chords_changes_rate: 0.055299539119
    chords_number_rate: 0.0414746552706
    chords_strength:
        dmean: 0.00950813665986
        dmean2: 0.00948908738792
        dvar: 5.1537714171e-05
        dvar2: 7.12444161763e-05
        max: 0.681438148022
        mean: 0.502905488014
        min: 0.37227717042
        var: 0.00716625805944
    key_strength: 0.695061683655
    tuning_diatonic_strength: 0.591201484203
    tuning_equal_tempered_deviation: 0.0506820827723
    tuning_frequency: 442.03793335
    tuning_nontempered_energy_ratio: 0.675589740276
    hpcp:
        dmean: [0.195149496198, 0.223616808653, 0.159838065505, 0.11023902148, 0.116933360696, 0.167848572135, 0.172181203961, 0.117725305259, 0.107974655926, 0.0987799838185, 0.0839276462793, 0.0706819146872, 0.0815820321441, 0.0926361978054, 0.138128653169, 0.182307437062, 0.152301445603, 0.0838392600417, 0.0941692218184, 0.0948533043265, 0.142893195152, 0.176863357425, 0.115545168519, 0.0668421387672, 0.058611150831, 0.0619011409581, 0.0570575259626, 0.0529476329684, 0.074105873704, 0.124502375722, 0.142340585589, 0.120539106429, 0.137625202537, 0.136559933424, 0.144815072417, 0.192669957876]
        dmean2: [0.327596843243, 0.398308724165, 0.282251358032, 0.184228405356, 0.211451724172, 0.289316415787, 0.298882395029, 0.20757676661, 0.190900266171, 0.16419044137, 0.133882284164, 0.120899602771, 0.141834795475, 0.165486380458, 0.229054242373, 0.294400393963, 0.263569116592, 0.141071468592, 0.165392249823, 0.171090826392, 0.227025181055, 0.269222944975, 0.178472444415, 0.116498425603, 0.105777785182, 0.109844923019, 0.0991295203567, 0.0917796120048, 0.131240233779, 0.206081554294, 0.231788337231, 0.210920035839, 0.237583234906, 0.22542861104, 0.258025735617, 0.334433615208]
        dvar: [0.0632599070668, 0.0563221313059, 0.0474428720772, 0.037732090801, 0.0441489443183, 0.0465111397207, 0.0471489392221, 0.0251234695315, 0.0288991332054, 0.0298755932599, 0.0207143202424, 0.0209440737963, 0.0199953243136, 0.0258181225508, 0.0299651883543, 0.0446939319372, 0.0371860079467, 0.0226510148495, 0.0388545133173, 0.0259965881705, 0.0271569006145, 0.036854788661, 0.0212891530246, 0.0160067658871, 0.00998312141746, 0.0150420255959, 0.0113774044439, 0.00979548506439, 0.0123148681596, 0.0301601067185, 0.0365789867938, 0.0283040571958, 0.0440301969647, 0.0348700322211, 0.0358280874789, 0.0454444736242]
        dvar2: [0.138450145721, 0.150362432003, 0.123550929129, 0.0971770584583, 0.122199133039, 0.124681651592, 0.111832149327, 0.0704440772533, 0.0730828642845, 0.0622319988906, 0.0499688796699, 0.0551619865, 0.051510989666, 0.0734538733959, 0.0766540020704, 0.0994878187776, 0.107115149498, 0.0552110485733, 0.115763694048, 0.0775489807129, 0.0632892325521, 0.0744593888521, 0.0509208403528, 0.0470848716795, 0.0275356173515, 0.0423022545874, 0.0315064415336, 0.0201683230698, 0.0342895127833, 0.0724043920636, 0.0691680833697, 0.0771153271198, 0.123571813107, 0.0883298665285, 0.0930453166366, 0.107531666756]
        max: [1, 1, 1, 1, 1, 1, 1, 1, 0.911711394787, 1, 1, 1, 0.862455189228, 1, 1, 1, 1, 1, 1, 1, 1, 1, 1, 0.987049162388, 0.901503324509, 1, 0.857152104378, 0.947574615479, 0.677482962608, 1, 1, 1, 1, 1, 1, 1]
        mean: [0.423309326172, 0.295527458191, 0.157256945968, 0.114213995636, 0.104802288115, 0.215369910002, 0.281005620956, 0.165749415755, 0.108091205359, 0.12287003547, 0.0986721217632, 0.0821716785431, 0.0880554392934, 0.0902853682637, 0.215773031116, 0.330351263285, 0.20789501071, 0.0877490490675, 0.0893444269896, 0.0900311395526, 0.207288041711, 0.316071361303, 0.185246258974, 0.0608478374779, 0.0558439455926, 0.0616836994886, 0.0669228732586, 0.0712629407644, 0.0790822282434, 0.177247911692, 0.235551059246, 0.160905331373, 0.153822615743, 0.180216193199, 0.161248192191, 0.296655863523]
        min: [0.00259844423272, 0.00106965482701, 0.000921923143324, 0.000740683695767, 0.00132344954181, 0.00802128389478, 0.00733463466167, 0.00340673117898, 0.00170862639789, 0.00306945713237, 0.00189477833919, 0.00100088072941, 0.000907133275177, 0.00137407437433, 0.00272735999897, 0.00353695242666, 0.00384671241045, 0.00307540665381, 0.000942062528338, 0.00150365103036, 0.00102076353505, 0.00171195226721, 0.00146801583469, 0.00113620667253, 0.00067387369927, 0.000880304782186, 0.000906382570975, 0.00180143944453, 0.00120028376114, 0.00170951825567, 0.00150597584434, 0.00243420805782, 0.00443010125309, 0.0032080959063, 0.0042512039654, 0.00371968513355]
        var: [0.157513216138, 0.0789803862572, 0.053229290992, 0.0384198725224, 0.0319410376251, 0.0648166909814, 0.101865664124, 0.0390729680657, 0.0296825282276, 0.045558322221, 0.0265299212188, 0.0192109514028, 0.0211359579116, 0.0203292723745, 0.0542232170701, 0.114754751325, 0.0492733120918, 0.0242101307958, 0.0325036384165, 0.0237226486206, 0.0431180112064, 0.0897720828652, 0.0396728552878, 0.0116287032142, 0.00745763303712, 0.010468901135, 0.0109378909692, 0.0153696332127, 0.0111439889297, 0.061466243118, 0.0934844762087, 0.0346238985658, 0.0481975451112, 0.0572342649102, 0.0367770642042, 0.088950432837]
    chords_histogram: [1.84331798553, 0, 8.75576019287, 0, 23.5023040771, 0, 0, 0, 0, 0, 0, 0, 0, 0, 0, 1.38248848915, 0, 9.21658992767, 0, 30.4147472382, 0, 7.8341012001, 11.9815664291, 5.0691242218]
    thpcp: [1, 0.698135972023, 0.371494174004, 0.269812136889, 0.247578501701, 0.508776664734, 0.663830459118, 0.39155626297, 0.255348026752, 0.290260642767, 0.233096972108, 0.194117337465, 0.208016768098, 0.213284611702, 0.509728968143, 0.780401587486, 0.491118431091, 0.207292973995, 0.211061790586, 0.212684050202, 0.489684551954, 0.74666762352, 0.437614411116, 0.14374320209, 0.131922319531, 0.145717784762, 0.158094495535, 0.168347209692, 0.186819002032, 0.41871958971, 0.556451380253, 0.380112886429, 0.363381117582, 0.425731688738, 0.380922853947, 0.700801610947]
    chords_key: "A"
    chords_scale: "minor"
    key_key: "D"
    key_scale: "major"
    chords_progression: ["E", "E", "E", "E", "E", "E", "E", "E", "E", "E", "E", "E", "E", "E", "E", "E", "E", "E", "E", "E", "E", "E", "E", "E", "E", "E", "E", "E", "E", "E", "E", "E", "E", "E", "E", "E", "E", "E", "E", "E", "E", "E", "E", "E", "E", "E", "E", "E", "E", "E", "E", "Bm", "Bm", "Bm", "Bm", "Bm", "Bm", "Bm", "Bm", "Bm", "Bm", "Bm", "G", "G", "G", "G", "G", "G", "G", "G", "G", "G", "G", "G", "G", "G", "G", "G", "G", "G", "G", "G", "G", "G", "G", "G", "G", "G", "D", "D", "D", "D", "Dm", "Dm", "Dm", "Dm", "Dm", "Dm", "Dm", "Gm", "Gm", "Gm", "Dm", "Dm", "Dm", "Dm", "Dm", "Dm", "Dm", "Dm", "Dm", "Dm", "A", "Dm", "Dm", "Dm", "A", "A", "A", "A", "A", "A", "A", "Am", "Am", "Am", "Am", "Am", "Am", "Am", "Am", "Am", "Am", "Am", "Am", "Am", "Am", "Am", "Am", "Am", "Am", "Am", "Am", "Am", "Am", "Am", "Am", "Am", "Am", "Am", "Am", "Am", "Am", "Am", "Am", "Am", "Am", "Am", "Am", "Am", "Am", "Am", "Am", "Am", "Am", "Am", "Am", "Am", "Am", "Am", "Am", "Am", "Am", "Am", "Am", "Am", "Am", "Am", "Am", "Am", "Am", "Am", "Am", "Am", "Am", "Am", "Am", "Am", "Am", "A", "A", "A", "A", "A", "A", "A", "A", "A", "A", "A", "Em", "Em", "Em", "Em", "Em", "Em", "Em", "Em", "Em", "Em", "Em", "Em", "Em", "Em", "Em", "Em", "Em"]
