
metadata:
    version:
        essentia: "1.2.2"
    audio_properties:
        analysis_sample_rate: 44100
        bitrate: 128
        channels: 2
        equal_loudness: 1
        length: 10.1093873978
        replay_gain: -4.59653282166
        downmix: "mix"
    tags:
        track: 8
        year: 0
        album: "Splitted by Mp3Splt v. 2.1"
        artist: "From 001.10 To 001.20"
        comment: "http://mp3splt.sf.net"
        genre: ""
        title: "10 The Lexter.mp3"

highlevel:
    ballroom:
        all:
            ChaChaCha: 0.0367953628302
            Jive: 0.0612041130662
            Quickstep: 0.611952781677
            Rumba-American: 0.0446116216481
            Rumba-International: 0.0172613412142
            Rumba-Misc: 0.0581866651773
            Samba: 0.102146461606
            Tango: 0.0437855906785
            VienneseWaltz: 0.0121919885278
            Waltz: 0.0118640558794
        probability: 0.611952781677
        value: "Quickstep"
    culture:
        all:
            non_western: 0.325744509697
            western: 0.674255490303
        probability: 0.674255490303
        value: "western"
    gender:
        all:
            female: 0.881527125835
            male: 0.118472881615
        probability: 0.881527125835
        value: "female"
    genre_dortmund:
        all:
            alternative: 0.0206248834729
            blues: 0.0726738721132
            electronic: 0.00569091923535
            folkcountry: 0.02458909899
            funksoulrnb: 0.0167932957411
            jazz: 0.803196191788
            pop: 0.0133409556001
            raphiphop: 0.00254583451897
            rock: 0.0405449643731
        probability: 0.803196191788
        value: "jazz"
    genre_electronica:
        all:
            ambient: 0.855640351772
            dnb: 0.0619379244745
            house: 0.0524992495775
            techno: 0.00707445014268
            trance: 0.0228480063379
        probability: 0.855640351772
        value: "ambient"
    genre_rosamerica:
        all:
            cla: 0.00289238267578
            dan: 0.00486655021086
            hip: 0.00257819308899
            jaz: 0.631883025169
            pop: 0.0616934299469
            rhy: 0.290747463703
            roc: 0.00409866403788
            spe: 0.00124027137645
        probability: 0.631883025169
        value: "jaz"
    genre_tzanetakis:
        all:
            blu: 0.0112618999556
            cla: 0.0184099450707
            cou: 0.0478203929961
            dis: 0.0386711806059
            hip: 0.00938029307872
            jaz: 0.257377147675
            met: 0.00235818419605
            pop: 0.314013302326
            reg: 0.29423815012
            roc: 0.00646950630471
        probability: 0.314013302326
        value: "pop"
    live_studio:
        all:
            live: 0.398658931255
            studio: 0.601341068745
        probability: 0.601341068745
        value: "studio"
    mood:
        all:
            Cluster1: 0.0573653504252
            Cluster2: 0.521331489086
            Cluster3: 0.0846888571978
            Cluster4: 0.30096450448
            Cluster5: 0.0356498062611
        probability: 0.521331489086
        value: "Cluster2"
    mood_acoustic:
        all:
            acoustic: 0.769944608212
            not_acoustic: 0.23005540669
        probability: 0.769944608212
        value: "acoustic"
    mood_aggressive:
        all:
            aggressive: 5.81192034588e-06
            not_aggressive: 0.999994158745
        probability: 0.999994158745
        value: "not_aggressive"
    mood_electronic:
        all:
            electronic: 0.201825395226
            not_electronic: 0.798174619675
        probability: 0.798174619675
        value: "not_electronic"
    mood_happy:
        all:
            happy: 0.194047510624
            not_happy: 0.805952489376
        probability: 0.805952489376
        value: "not_happy"
    mood_party:
        all:
            not_party: 0.857012152672
            party: 0.142987847328
        probability: 0.857012152672
        value: "not_party"
    mood_relaxed:
        all:
            not_relaxed: 0.0706187859178
            relaxed: 0.92938119173
        probability: 0.92938119173
        value: "relaxed"
    mood_sad:
        all:
            not_sad: 0.204468101263
            sad: 0.795531928539
        probability: 0.795531928539
        value: "sad"
    rhythm:
        all:
            fast: 0.391752302647
            medium: 0.433088064194
            slow: 0.175159618258
        probability: 0.433088064194
        value: "medium"
    speech_music:
        all:
            music: 0.394175827503
            speech: 0.605824172497
        probability: 0.605824172497
        value: "speech"
    timbre:
        all:
            bright: 0.985306620598
            dark: 0.0146933719516
        probability: 0.985306620598
        value: "bright"
    voice_instrumental:
        all:
            instrumental: 0.992803990841
            voice: 0.00719601102173
        probability: 0.992803990841
        value: "instrumental"

lowlevel:
    average_loudness: 0.684333384037
    barkbands_kurtosis:
        dmean: 1.34280455112
        dmean2: 2.08857941628
        dvar: 3.74095606804
        dvar2: 8.2047328949
        max: 19.0163002014
        mean: 1.03733563423
        min: -1.87835168839
        var: 6.44222545624
    barkbands_skewness:
        dmean: 0.471776038408
        dmean2: 0.724189937115
        dvar: 0.326990842819
        dvar2: 0.737289369106
        max: 4.24584960938
        mean: 0.922148108482
        min: -1.84516811371
        var: 0.744402706623
    barkbands_spread:
        dmean: 6.08556652069
        dmean2: 9.76556301117
        dvar: 52.6997680664
        dvar2: 123.428565979
        max: 65.4628601074
        mean: 22.9056968689
        min: 3.71970891953
        var: 161.293258667
    dissonance:
        dmean: 0.0412391833961
        dmean2: 0.0705498829484
        dvar: 0.00188584066927
        dvar2: 0.00535476114601
        max: 0.498264610767
        mean: 0.419481217861
        min: 0.1998937428
        var: 0.00317978230305
    hfc:
        dmean: 1.61477327347
        dmean2: 2.41541671753
        dvar: 9.92150878906
        dvar2: 17.2271232605
        max: 30.51146698
        mean: 4.38890075684
        min: 0.00234189722687
        var: 31.4541530609
    pitch:
        dmean: 496.559631348
        dmean2: 966.580505371
        dvar: 1250771.125
        dvar2: 2874834.5
        max: 4410
        mean: 1041.79101562
        min: 73.7458190918
        var: 1523579.625
    pitch_instantaneous_confidence:
        dmean: 0.105250820518
        dmean2: 0.17165993154
        dvar: 0.0176335889846
        dvar2: 0.033070974052
        max: 0.986084342003
        mean: 0.635984063148
        min: 0.128750085831
        var: 0.068282186985
    pitch_salience:
        dmean: 0.0707028433681
        dmean2: 0.113695979118
        dvar: 0.00538373040035
        dvar2: 0.0121830105782
        max: 0.889743685722
        mean: 0.532112240791
        min: 0.242085173726
        var: 0.0117456456646
    silence_rate_20dB:
        dmean: 0
        dmean2: 0
        dvar: 0
        dvar2: 0
        max: 1
        mean: 1
        min: 1
        var: 0
    silence_rate_30dB:
        dmean: 0
        dmean2: 0
        dvar: 0
        dvar2: 0
        max: 1
        mean: 1
        min: 1
        var: 0
    silence_rate_60dB:
        dmean: 0.091743119061
        dmean2: 0.183908045292
        dvar: 0.0833261534572
        dvar2: 0.1592810601
        max: 1
        mean: 0.617848992348
        min: 0
        var: 0.236111953855
    spectral_centroid:
        dmean: 245.251693726
        dmean2: 375.294891357
        dvar: 125376.53125
        dvar2: 290819.25
        max: 3433.81884766
        mean: 1160.6295166
        min: 225.752853394
        var: 231508.140625
    spectral_complexity:
        dmean: 1.25977015495
        dmean2: 1.92626726627
        dvar: 2.30723571777
        dvar2: 4.01760101318
        max: 16
        mean: 4.37614679337
        min: 0
        var: 9.51447868347
    spectral_crest:
        dmean: 2.72531747818
        dmean2: 4.3983373642
        dvar: 7.85727548599
        dvar2: 17.7680702209
        max: 23.2637214661
        mean: 11.2117729187
        min: 3.44659805298
        var: 20.8213233948
    spectral_decrease:
        dmean: 2.53621901258e-10
        dmean2: 3.89423743252e-10
        dvar: 1.982465517e-19
        dvar2: 3.97247750613e-19
        max: -1.10771266291e-12
        mean: -7.5775580255e-10
        min: -3.49447693004e-09
        var: 6.60466030707e-19
    spectral_energy:
        dmean: 0.00109734886792
        dmean2: 0.00167408678681
        dvar: 3.77780634153e-06
        dvar2: 7.45693978388e-06
        max: 0.0157298408449
        mean: 0.00325802946463
        min: 4.39318364442e-06
        var: 1.25637079691e-05
    spectral_energyband_high:
        dmean: 3.80190140277e-05
        dmean2: 5.66291128052e-05
        dvar: 4.19868406709e-09
        dvar2: 8.57317505876e-09
        max: 0.000708319013938
        mean: 6.9863635872e-05
        min: 4.98098486901e-08
        var: 9.22097420641e-09
    spectral_energyband_low:
        dmean: 0.000104505801573
        dmean2: 0.000161006013514
        dvar: 4.29297308813e-08
        dvar2: 1.08741673444e-07
        max: 0.00211354298517
        mean: 0.000155026107677
        min: 3.8109115863e-09
        var: 5.31728261421e-08
    spectral_energyband_middle_high:
        dmean: 0.000770790851675
        dmean2: 0.00118142727297
        dvar: 2.82419227915e-06
        dvar2: 5.43725627722e-06
        max: 0.0140303149819
        mean: 0.00198946846649
        min: 4.59553433529e-07
        var: 8.4328758021e-06
    spectral_energyband_middle_low:
        dmean: 0.00035712798126
        dmean2: 0.000538343738299
        dvar: 5.38037738806e-07
        dvar2: 1.03918807781e-06
        max: 0.00791501998901
        mean: 0.00104367511813
        min: 3.22007645082e-06
        var: 1.88669264389e-06
    spectral_flatness_db:
        dmean: 0.0291868075728
        dmean2: 0.0433869957924
        dvar: 0.000936227967031
        dvar2: 0.00174428417813
        max: 0.356551706791
        mean: 0.20490424335
        min: 0.0849894434214
        var: 0.00384456338361
    spectral_flux:
        dmean: 0.0137012852356
        dmean2: 0.021592034027
        dvar: 0.000312468037009
        dvar2: 0.000767077552155
        max: 0.112693883479
        mean: 0.023176824674
        min: 0.00373888504691
        var: 0.000459445611341
    spectral_kurtosis:
        dmean: 2.01715707779
        dmean2: 3.25950622559
        dvar: 3.68742012978
        dvar2: 10.1461019516
        max: 21.4652709961
        mean: 5.20491123199
        min: 0.446023702621
        var: 9.12733745575
    spectral_rms:
        dmean: 0.000319304846926
        dmean2: 0.000469755934319
        dvar: 2.35396427684e-07
        dvar2: 4.19377641947e-07
        max: 0.00391742074862
        mean: 0.00149055430666
        min: 6.54678005958e-05
        var: 9.56812186814e-07
    spectral_rolloff:
        dmean: 611.938842773
        dmean2: 1040.58935547
        dvar: 649631.5625
        dvar2: 1348770.25
        max: 4844.97070312
        mean: 2167.88818359
        min: 172.265625
        var: 1284480.75
    spectral_skewness:
        dmean: 0.262580513954
        dmean2: 0.410670340061
        dvar: 0.0547789484262
        dvar2: 0.144058927894
        max: 3.58323645592
        mean: 1.69478821754
        min: 0.659729599953
        var: 0.192701801658
    spectral_spread:
        dmean: 796837.4375
        dmean2: 1158083.375
        dvar: 1.16030059315e+12
        dvar2: 1.96983377101e+12
        max: 25061558
        mean: 4707501.5
        min: 2053078.125
        var: 3.05566973952e+12
    spectral_strongpeak:
        dmean: 0.42555847764
        dmean2: 0.658222734928
        dvar: 0.53263014555
        dvar2: 1.1155295372
        max: 8.71482944489
        mean: 0.922513544559
        min: 0.00101394671947
        var: 1.39283084869
    zerocrossingrate:
        dmean: 0.0103998295963
        dmean2: 0.0122497836128
        dvar: 0.000111092747829
        dvar2: 0.000128355270135
        max: 0.1396484375
        mean: 0.0690302029252
        min: 0.00830078125
        var: 0.000513536273502
    barkbands:
        dmean: [3.35785550476e-08, 3.828879926e-05, 7.77856621426e-05, 3.18703023368e-05, 5.05105963384e-05, 2.14011106436e-05, 2.68144740403e-05, 7.78424873715e-05, 0.000180887349416, 0.000310945586534, 0.00010013832798, 6.19482889306e-05, 4.12874142057e-05, 0.000130167230964, 5.98999904469e-05, 4.68482867291e-05, 2.0595269234e-05, 4.46972699137e-05, 0.000150486608618, 5.06270189362e-05, 1.98392117454e-05, 4.92645403938e-06, 1.22596986785e-06, 6.59571355754e-07, 3.85654402635e-07, 1.83839485857e-08, 3.17457282684e-10]
        dmean2: [5.66204967356e-08, 6.07110305282e-05, 0.000121994155052, 4.95316307934e-05, 8.4594830696e-05, 3.31570481649e-05, 4.10119173466e-05, 0.000105176819488, 0.000287130998913, 0.000495848827995, 0.000157164642587, 9.09070149646e-05, 6.76061463309e-05, 0.000187436162378, 0.000100506505987, 7.03220066498e-05, 2.97654605674e-05, 6.89573716954e-05, 0.000216858097701, 7.29904713808e-05, 3.11413095915e-05, 7.56856616135e-06, 2.07629750548e-06, 1.13312921712e-06, 6.2898664055e-07, 3.05007077372e-08, 5.33874888742e-10]
        dvar: [8.263977e-15, 6.24263307714e-09, 2.74309606141e-08, 4.17399936836e-09, 9.22484311161e-09, 1.44421408166e-09, 3.86948428854e-09, 7.23795849922e-08, 4.47212414656e-07, 8.55934160882e-07, 3.10128541514e-07, 6.99374496094e-08, 2.19549569636e-08, 2.39376674926e-07, 7.48562243302e-08, 8.07081761423e-08, 3.00614222404e-09, 8.38770564116e-09, 2.48797107361e-07, 1.73257337366e-08, 2.3116064618e-09, 7.51766981999e-11, 6.60251063891e-12, 2.39098779838e-12, 7.86374275159e-13, 1.87052636259e-15, 4.14292334462e-18]
        dvar2: [2.1618134122e-14, 1.62611542009e-08, 6.84866208189e-08, 9.24134280211e-09, 2.4340968352e-08, 3.42489459015e-09, 7.63542473692e-09, 1.0816841467e-07, 8.6486551254e-07, 1.73245484802e-06, 6.40385337647e-07, 1.11517728385e-07, 4.85362328106e-08, 4.77713001601e-07, 1.54207683067e-07, 1.77838018089e-07, 5.5002584709e-09, 1.49759333823e-08, 3.74617457055e-07, 3.99766015846e-08, 5.13912201683e-09, 1.63825647492e-10, 1.74023989663e-11, 6.5429163823e-12, 2.10123455094e-12, 5.0863180753e-15, 1.0661053632e-17]
        max: [1.30677869947e-06, 0.000775745953433, 0.0018103386974, 0.000557915540412, 0.00107575173024, 0.000433335779235, 0.00083844398614, 0.00415215967223, 0.00731499679387, 0.00786256697029, 0.00875133089721, 0.00353165064007, 0.00155944016296, 0.00619701109827, 0.00316807930358, 0.00445981835946, 0.0006359948311, 0.00115479924716, 0.00684142438695, 0.00210678204894, 0.000661881756969, 0.000100323115475, 1.80510487553e-05, 1.01569994513e-05, 6.73230442771e-06, 3.27331576955e-07, 3.21629123334e-08]
        mean: [3.87354788245e-08, 5.86393980484e-05, 9.63493366726e-05, 4.85071068397e-05, 7.51122934162e-05, 4.54681976407e-05, 5.28106538695e-05, 0.00023729421082, 0.000371041911421, 0.000823461043183, 0.000161188130733, 0.000101032768725, 6.89004154992e-05, 0.000416193914134, 0.000105317223642, 6.47260749247e-05, 3.21769330185e-05, 9.94164147414e-05, 0.000254204089288, 0.000105238927063, 2.96155758406e-05, 9.00506074686e-06, 1.23890947634e-06, 6.37810160242e-07, 4.00306419124e-07, 1.85938855424e-08, 2.43434716829e-10]
        min: [1.58760400659e-11, 9.52737444493e-10, 2.7049802398e-09, 1.55588910644e-08, 2.38685338161e-08, 1.81126679877e-07, 9.65611306469e-08, 1.37699757374e-07, 5.84954271687e-08, 7.27336697537e-08, 3.9605456692e-08, 2.65566963975e-08, 2.3771496771e-08, 3.21464597164e-08, 1.52891264094e-08, 2.74263172173e-08, 1.78102066428e-08, 1.00590504815e-07, 3.31286358346e-08, 1.37837368186e-08, 8.9671479131e-09, 1.16055467458e-08, 5.60154900242e-09, 3.20366977391e-09, 1.34930611129e-09, 3.98532977453e-11, 5.7344820861e-15]
        var: [9.61834371914e-15, 8.56977244723e-09, 3.51284192845e-08, 5.52728085523e-09, 1.01229149507e-08, 4.9467105967e-09, 1.10872182546e-08, 5.3628571095e-07, 1.28979797864e-06, 2.73762452707e-06, 6.5082429046e-07, 2.05114815799e-07, 4.9318661155e-08, 1.25161852793e-06, 1.56243444849e-07, 1.00634231615e-07, 7.00799285269e-09, 4.15737169135e-08, 5.78913159188e-07, 3.53690516874e-08, 2.85012902168e-09, 1.94610286219e-10, 5.37362602332e-12, 1.78650432121e-12, 6.45685761802e-13, 1.50117754006e-15, 2.44803688695e-18]
    mfcc:
        mean: [-807.86151123, 119.172561646, -37.8665924072, 51.9600944519, -25.2080345154, -7.46617650986, 12.4394874573, -2.11860895157, 2.80363559723, 5.63504171371, 2.31357645988, -13.2267103195, -11.0495052338]
        cov: [[3943.77783203, -408.821350098, -639.126647949, -441.651702881, -285.396057129, 79.7779998779, 50.9549751282, -49.1324386597, 164.190307617, 244.499328613, 26.6948680878, -216.99029541, -174.055435181], [-408.821350098, 738.406921387, -67.1262969971, 13.8330373764, -13.467206955, -86.0674743652, -44.7592849731, -18.1151218414, -19.707868576, 2.9131937027, 32.1632194519, 38.7795715332, 47.0724487305], [-639.126647949, -67.1262969971, 758.599487305, 331.337493896, 241.929351807, 56.3332481384, -12.4531507492, 49.5151100159, -82.4145278931, -130.193237305, -24.2573680878, 170.822769165, 133.641265869], [-441.651702881, 13.8330373764, 331.337493896, 432.476745605, 196.544067383, 46.7039680481, 53.6454849243, 101.77130127, -1.88491094112, -50.2097358704, 23.5663967133, 104.260612488, 91.2504577637], [-285.396057129, -13.467206955, 241.929351807, 196.544067383, 276.801574707, 44.6320571899, 46.5875511169, 79.1325454712, -29.9871578217, -82.7556228638, -23.348941803, 82.0838165283, 103.359413147], [79.7779998779, -86.0674743652, 56.3332481384, 46.7039680481, 44.6320571899, 143.121963501, 61.4370651245, 36.7313613892, 53.6093444824, 15.3438520432, -1.53380453587, -48.6729812622, -60.3238945007], [50.9549751282, -44.7592849731, -12.4531507492, 53.6454849243, 46.5875511169, 61.4370651245, 120.823883057, 62.719833374, 41.4751014709, 8.73992919922, -20.2429504395, -35.2549209595, -8.31752681732], [-49.1324386597, -18.1151218414, 49.5151100159, 101.77130127, 79.1325454712, 36.7313613892, 62.719833374, 119.501724243, 53.3886489868, 1.01841628551, -4.61610412598, -5.73994541168, 4.95556402206], [164.190307617, -19.707868576, -82.4145278931, -1.88491094112, -29.9871578217, 53.6093444824, 41.4751014709, 53.3886489868, 147.993988037, 111.011001587, 27.844083786, -104.935623169, -129.007263184], [244.499328613, 2.9131937027, -130.193237305, -50.2097358704, -82.7556228638, 15.3438520432, 8.73992919922, 1.01841628551, 111.011001587, 211.006027222, 120.013252258, -94.2929763794, -172.581069946], [26.6948680878, 32.1632194519, -24.2573680878, 23.5663967133, -23.348941803, -1.53380453587, -20.2429504395, -4.61610412598, 27.844083786, 120.013252258, 194.929077148, 42.5366439819, -100.421173096], [-216.99029541, 38.7795715332, 170.822769165, 104.260612488, 82.0838165283, -48.6729812622, -35.2549209595, -5.73994541168, -104.935623169, -94.2929763794, 42.5366439819, 277.903900146, 198.869750977], [-174.055435181, 47.0724487305, 133.641265869, 91.2504577637, 103.359413147, -60.3238945007, -8.31752681732, 4.95556402206, -129.007263184, -172.581069946, -100.421173096, 198.869750977, 340.314788818]]
        icov: [[0.000356343400199, 0.000193671236048, 0.000192109000636, 0.000213652325328, 8.10480196378e-05, -0.000298572675092, 1.3873912394e-05, 5.298934866e-06, -9.72117632045e-05, -0.000388199987356, 3.04877266899e-05, 9.21065748116e-06, -0.000284644513158], [0.000193671236048, 0.00161828647833, 0.000311827345286, -0.000145935395267, -7.65538061387e-05, 0.000651485810522, 0.000306014233502, 0.000210772661376, -0.000417909526732, -1.03373249658e-05, -0.000439669587649, 0.000224822084419, -0.000489751982968], [0.000192109000636, 0.000311827345286, 0.00292679807171, -0.00159671530128, -0.00108607043512, -0.00142228836194, 0.00174952403177, -4.42328528152e-05, 0.0011528369505, -0.000522406655364, 0.00139602425043, -0.00134820351377, 0.000826945586596], [0.000213652325328, -0.000145935395267, -0.00159671530128, 0.00520209316164, -0.00113897013944, 5.59315139981e-07, -0.00120564154349, -0.00179413170554, -0.00120341405272, 0.000445076584583, -0.00192636949942, 0.000237685409957, -0.00123351544607], [8.10480196378e-05, -7.65538061387e-05, -0.00108607043512, -0.00113897013944, 0.00741524575278, -0.00141334172804, -0.000788628472947, -0.00321325520054, 0.00137277855538, 0.000910118164029, -0.000590663403273, 0.000196866792976, -0.000998611561954], [-0.000298572675092, 0.000651485810522, -0.00142228836194, 5.59315139981e-07, -0.00141334172804, 0.0126982722431, -0.00547160673887, 0.00241460814141, -0.00462666200474, 0.00333908945322, -0.00143906893209, 0.000821153807919, 0.00186174851842], [1.3873912394e-05, 0.000306014233502, 0.00174952403177, -0.00120564154349, -0.000788628472947, -0.00547160673887, 0.015453052707, -0.00613653101027, 0.00169745192397, -0.00244604423642, 0.00230937753804, 0.000557434279472, -0.00090358190937], [5.298934866e-06, 0.000210772661376, -4.42328528152e-05, -0.00179413170554, -0.00321325520054, 0.00241460814141, -0.00613653101027, 0.018944606185, -0.00992538314313, 0.00381586886942, -0.00198432873003, 0.000342931831256, -0.00116328487638], [-9.72117632045e-05, -0.000417909526732, 0.0011528369505, -0.00120341405272, 0.00137277855538, -0.00462666200474, 0.00169745192397, -0.00992538314313, 0.0227128043771, -0.0109332473949, 0.00590692041442, -0.000205118994927, 0.00375543767586], [-0.000388199987356, -1.03373249658e-05, -0.000522406655364, 0.000445076584583, 0.000910118164029, 0.00333908945322, -0.00244604423642, 0.00381586886942, -0.0109332473949, 0.0189894288778, -0.01109144371, 0.00395761895925, -1.14485965241e-05], [3.04877266899e-05, -0.000439669587649, 0.00139602425043, -0.00192636949942, -0.000590663403273, -0.00143906893209, 0.00230937753804, -0.00198432873003, 0.00590692041442, -0.01109144371, 0.0174300651997, -0.00923553947359, 0.00720914918929], [9.21065748116e-06, 0.000224822084419, -0.00134820351377, 0.000237685409957, 0.000196866792976, 0.000821153807919, 0.000557434279472, 0.000342931831256, -0.000205118994927, 0.00395761895925, -0.00923553947359, 0.0126222437248, -0.00763835990801], [-0.000284644513158, -0.000489751982968, 0.000826945586596, -0.00123351544607, -0.000998611561954, 0.00186174851842, -0.00090358190937, -0.00116328487638, 0.00375543767586, -1.14485965241e-05, 0.00720914918929, -0.00763835990801, 0.0115035278723]]
    spectral_contrast:
        mean: [-2.52168405268e-07, -1.97841973915e-08, -2.79425080407e-07, 2.50448863426e-07, -4.0328829165e-09, -1.00548663795e-06, -1.70283362877e-06, 3.99050350097e-06, -4.12270037486e-06, -3.20422805089e-06, -1.24404186863e-06, -2.94304777526e-06]
        var: [0.00060998875415, 0.00144498655573, 0.00183494749945, 0.00402790354565, 0.00740570016205, 0.0252317897975, 0.0610074177384, 0.100889138877, 0.175597980618, 0.414831489325, 0.529416680336, 1.58297145367]

rhythm:
    beats_loudness:
        dmean: 0.00366093078628
        dmean2: 0.0066502825357
        dvar: 1.14750355351e-05
        dvar2: 3.40573969879e-05
        max: 0.0112116476521
        mean: 0.00414832448587
        min: 0.000230722464039
        var: 1.24648622659e-05
    beats_loudness_bass:
        dmean: 0.218861535192
        dmean2: 0.402261972427
        dvar: 0.0438434071839
        dvar2: 0.102473035455
        max: 0.652360379696
        mean: 0.18472827971
        min: 0.00170082889963
        var: 0.0514924675226
    bpm: 132.106033325
    bpm_confidence: 0
    first_peak_bpm: 130
    first_peak_spread: 0.400000035763
    first_peak_weight: 0.571428596973
    onset_rate: 4.45130825043
    second_peak_bpm: 89
    second_peak_spread: 0
    second_peak_weight: 0.047619048506
    beats_position: [0.0394875891507, 0.501946091652, 0.964404642582, 1.42686319351, 1.88932180405, 2.35178041458, 2.8142387867, 3.27669739723, 3.73915600777, 4.20161437988, 4.66407299042, 5.12653160095, 5.58899021149, 6.26221704483, 6.71372795105, 7.16523933411, 7.61675071716, 8.06826210022, 8.51977348328, 8.97128486633, 9.42279624939, 9.87430763245]
    bpm_estimates: [129.700592041, 129.381515503, 130.144226074, 133.693405151, 133.507736206, 132.208908081, 131.228683472, 131.625091553, 132.528411865, 133.891189575, 133.816589355, 133.545761108]
    bpm_intervals: [0.462458491325, 0.46245855093, 0.46245855093, 0.462458610535, 0.462458610535, 0.462458372116, 0.462458610535, 0.462458610535, 0.462458372116, 0.462458610535, 0.462458610535, 0.462458610535, 0.673226833344, 0.451510906219, 0.451511383057, 0.451511383057, 0.451511383057, 0.451511383057, 0.451511383057, 0.451511383057, 0.451511383057]
    onset_times: [0.0348299331963, 0.31346938014, 0.545668959618, 0.708208620548, 0.859138309956, 1.02167797089, 1.2190476656, 1.42802715302, 1.72988665104, 1.91564631462, 2.17106580734, 2.42648530006, 2.55419492722, 2.79800462723, 2.90249443054, 3.04181408882, 3.32045340538, 3.50621318817, 3.72680282593, 4.04027223587, 4.28408145905, 4.446621418, 4.52789115906, 4.73687076569, 4.96907043457, 5.23609972, 5.49151945114, 5.58439922333, 5.93269824982, 6.18811798096, 6.42031764984, 6.65251684189, 6.76861667633, 7.02403640747, 7.47682523727, 7.56970500946, 7.81351470947, 8.01088428497, 8.16181373596, 8.46367359161, 8.85841274261, 9.31120204926, 9.36925125122, 9.74077129364, 10.0542402267]
    rubato_start: []
    rubato_stop: []
    perceptual_tempo: "unknown"

sfx:
    inharmonicity:
        dmean: 0.035680539906
        dmean2: 0.0651213526726
        dvar: 0.00210858508945
        dvar2: 0.00562386866659
        max: 0.353488653898
        mean: 0.0330363549292
        min: 2.88127739623e-05
        var: 0.00193929288071
    oddtoevenharmonicenergyratio:
        dmean: 2.73027181625
        dmean2: 5.10545349121
        dvar: 41.8111801147
        dvar2: 115.857681274
        max: 50.9068565369
        mean: 2.07009196281
        min: 0.0001807204535
        var: 28.7703304291
    pitch_after_max_to_before_max_energy_ratio: 6.89206552505
    pitch_centroid: 229.843551636
    pitch_max_to_total: 0.25
    pitch_min_to_total: 0.708715617657
    tristimulus:
        dmean: [0.221839278936, 0.269136637449, 0.084829762578]
        dmean2: [0.384746223688, 0.467265665531, 0.157421916723]
        dvar: [0.0449998863041, 0.0642511323094, 0.0110256746411]
        dvar2: [0.111204348505, 0.165312856436, 0.0302394255996]
        max: [0.959275305271, 0.994189143181, 0.578942000866]
        mean: [0.389935195446, 0.485733628273, 0.0773446932435]
        min: [0.00581086426973, 0, 0]
        var: [0.0754414051771, 0.0929982215166, 0.0108442036435]

tonal:
    chords_changes_rate: 0.136986300349
    chords_number_rate: 0.0456621013582
    chords_strength:
        dmean: 0.0117604974657
        dmean2: 0.0113520519808
        dvar: 7.85887605161e-05
        dvar2: 8.81738669705e-05
        max: 0.728307127953
        mean: 0.503770887852
        min: 0.333961963654
        var: 0.0087699694559
    key_strength: 0.708970963955
    tuning_diatonic_strength: 0.544330060482
    tuning_equal_tempered_deviation: 0.168003961444
    tuning_frequency: 444.341888428
    tuning_nontempered_energy_ratio: 0.85034096241
    hpcp:
        dmean: [0.158034652472, 0.134871959686, 0.129898458719, 0.142272651196, 0.0874767974019, 0.0414144620299, 0.0383765995502, 0.0687607526779, 0.100425891578, 0.107260152698, 0.0741286724806, 0.0578718483448, 0.0587013587356, 0.0703202709556, 0.134155139327, 0.127834185958, 0.086004242301, 0.102500103414, 0.0948838368058, 0.0686646103859, 0.0554342493415, 0.0499616488814, 0.0897510573268, 0.135999694467, 0.152214795351, 0.106269776821, 0.087580062449, 0.0866169705987, 0.0919388830662, 0.14782576263, 0.133347705007, 0.0868850499392, 0.0733380168676, 0.0730066820979, 0.0694288089871, 0.0979642495513]
        dmean2: [0.286570638418, 0.235062584281, 0.211536973715, 0.24681763351, 0.140227898955, 0.065580919385, 0.0672368854284, 0.119609802961, 0.163933098316, 0.185442149639, 0.129783540964, 0.101993247867, 0.104472443461, 0.120590634644, 0.217985272408, 0.212045073509, 0.140589758754, 0.173158764839, 0.156479790807, 0.12329506129, 0.10407204181, 0.0929664894938, 0.160518661141, 0.223951324821, 0.260733902454, 0.175217747688, 0.154993951321, 0.149747401476, 0.155851706862, 0.25442135334, 0.227854669094, 0.14055749774, 0.120241299272, 0.116865031421, 0.116190887988, 0.168779939413]
        dvar: [0.0616544485092, 0.0430741347373, 0.0372972562909, 0.0535007044673, 0.0237976536155, 0.00315406825393, 0.00433408934623, 0.0244457013905, 0.0321630984545, 0.0385081171989, 0.0217561013997, 0.0157159436494, 0.0238430369645, 0.0142396818846, 0.0442369915545, 0.0514547750354, 0.0201430469751, 0.0336664952338, 0.02614223212, 0.0226100534201, 0.0248790681362, 0.0135925374925, 0.0307874400169, 0.0427276454866, 0.0602089501917, 0.0283373910934, 0.0305565278977, 0.0209859795868, 0.023736981675, 0.0514673925936, 0.0562389753759, 0.0212789382786, 0.0207850281149, 0.0212450306863, 0.0135988667607, 0.0256469734013]
        dvar2: [0.146115809679, 0.108987495303, 0.0767502710223, 0.107485711575, 0.050638537854, 0.00789600610733, 0.0120402565226, 0.0703336372972, 0.0751932188869, 0.0831610560417, 0.0628001838923, 0.0420134849846, 0.0625876262784, 0.0415032431483, 0.085621073842, 0.086548820138, 0.0417469255626, 0.0791095718741, 0.0572982951999, 0.0644825100899, 0.0674518570304, 0.0373528748751, 0.0915369316936, 0.082930341363, 0.13332387805, 0.0629023835063, 0.0802712514997, 0.0486769787967, 0.0551938451827, 0.101805083454, 0.105514742434, 0.0503314174712, 0.0497562363744, 0.046989928931, 0.0367045402527, 0.0557364337146]
        max: [1, 1, 1, 1, 1, 0.329722881317, 0.384994953871, 1, 1, 1, 1, 0.870241343975, 1, 0.798388421535, 1, 1, 1, 1, 0.887929081917, 1, 1, 0.781755805016, 1, 1, 1, 1, 1, 1, 1, 1, 1, 1, 1, 1, 0.774984180927, 1]
        mean: [0.193846017122, 0.162051916122, 0.18805526197, 0.193769827485, 0.098977163434, 0.0488772429526, 0.0387903079391, 0.0635190680623, 0.12914507091, 0.133724108338, 0.0708046406507, 0.0498924329877, 0.0516976751387, 0.0695235878229, 0.210303813219, 0.254373013973, 0.131504744291, 0.112386979163, 0.103239230812, 0.0657626837492, 0.060392241925, 0.0473839491606, 0.0819793567061, 0.193443223834, 0.219020724297, 0.130422711372, 0.106205172837, 0.110029280186, 0.119879432023, 0.261554181576, 0.298293381929, 0.141332700849, 0.0808201804757, 0.0847632735968, 0.0703330114484, 0.130477130413]
        min: [0.000181321258424, 0.000535231782123, 0.00015785661526, 0.000141993281431, 8.5224644863e-05, 7.46250152588e-05, 0.000206763957976, 0.000329533126205, 0.00026251579402, 0.000206533673918, 8.59286083141e-05, 7.14299239917e-05, 0.000156710506417, 0.000219022389501, 5.24771639903e-05, 3.26933368342e-05, 1.60655308719e-05, 3.92234105675e-05, 6.81263263687e-05, 6.93063702784e-05, 6.45086474833e-05, 5.08847333549e-05, 0.000144389094203, 0.000308678194415, 0.000147165541421, 0.000347689841874, 0.000196510824026, 0.000148388950038, 0.000139316674904, 0.000214821295231, 0.000202427298063, 6.10272909398e-05, 4.17733645008e-05, 3.82463222195e-05, 5.68980831304e-05, 9.35948992264e-05]
        var: [0.0838309600949, 0.0488966703415, 0.0765311792493, 0.0893120765686, 0.0348177552223, 0.00370157044381, 0.00324714393355, 0.0184454228729, 0.0548681281507, 0.0609645284712, 0.0203133244067, 0.0132711231709, 0.0211047846824, 0.0136491050944, 0.0936897844076, 0.136561229825, 0.0420417301357, 0.0480011701584, 0.039375718683, 0.0237823333591, 0.0318817906082, 0.0121200690046, 0.0302031878382, 0.0848377794027, 0.109996110201, 0.0462747104466, 0.0414607077837, 0.0413795895875, 0.0325701609254, 0.106373928487, 0.146885812283, 0.042761143297, 0.0260527152568, 0.0360308364034, 0.0151107367128, 0.0390623733401]
    chords_histogram: [20.5479450226, 9.58904075623, 15.0684928894, 6.39269399643, 0, 6.39269399643, 0.45662099123, 0, 2.28310513496, 14.155251503, 9.13242053986, 2.28310513496, 0, 0, 0, 0, 0, 0, 0, 0, 0, 0, 0, 13.6986303329]
    thpcp: [1, 0.473804354668, 0.270941913128, 0.284160763025, 0.235784679651, 0.437412083149, 0.649850189686, 0.543263554573, 0.630437254906, 0.649594783783, 0.331811457872, 0.16385628283, 0.130040794611, 0.212941586971, 0.43294647336, 0.448297262192, 0.237365782261, 0.167259603739, 0.173311501741, 0.233071178198, 0.705023407936, 0.852761149406, 0.440857052803, 0.376766592264, 0.346099644899, 0.220463097095, 0.202459201217, 0.15885014832, 0.274827957153, 0.648499906063, 0.734246015549, 0.437229663134, 0.356042683125, 0.368862628937, 0.401884317398, 0.876835346222]
    chords_key: "G"
    chords_scale: "minor"
    key_key: "G"
    key_scale: "minor"
    chords_progression: ["C", "C", "C", "C", "C", "C", "C", "C", "C", "C", "Em", "C", "C", "C", "C", "Gm", "Gm", "Gm", "Gm", "Gm", "Gm", "Gm", "Gm", "Gm", "Gm", "Gm", "Gm", "Gm", "Gm", "Gm", "Gm", "A#", "A#", "A#", "A#", "A#", "A#", "A#", "A#", "A#", "A#", "A#", "A#", "A#", "A#", "A#", "A#", "A", "A", "A", "Dm", "A", "A", "Dm", "Dm", "Dm", "Dm", "Dm", "Dm", "Dm", "Dm", "Dm", "Dm", "Dm", "Dm", "Dm", "F#m", "F#m", "F#m", "F", "F", "F#m", "F#m", "F#m", "Dm", "Dm", "Dm", "F", "F", "F", "F", "F", "F", "F", "F", "F", "F", "F", "F", "Dm", "Dm", "Dm", "Dm", "Dm", "Dm", "F#m", "F#m", "F#m", "F#m", "F#m", "D", "D", "D", "D", "F#m", "F#m", "F#m", "F#m", "F#m", "F#m", "F#m", "F#m", "F#m", "D", "Dm", "Dm", "Dm", "Dm", "D", "D", "D", "Dm", "Dm", "D", "Dm", "Dm", "Dm", "Dm", "D", "D", "D", "D", "D", "D", "D", "D", "D", "D", "D", "D", "D", "D", "D", "D", "D", "D", "A#", "A#", "A#", "A#", "A#", "Gm", "Gm", "Gm", "Gm", "Gm", "Gm", "Gm", "Gm", "Gm", "Gm", "Gm", "Gm", "Gm", "Gm", "Gm", "Gm", "Gm", "Gm", "Gm", "Gm", "Gm", "Gm", "Gm", "Gm", "Gm", "Gm", "Gm", "Gm", "Gm", "D#", "D#", "D#", "D#", "D#", "D#", "D#", "D#", "D#", "D#", "D#", "D#", "D#", "D#", "D#", "D#", "D#", "D#", "D#", "D#", "D#", "D#", "D", "D", "D", "D", "D#", "D#", "D#", "D#", "D#", "D#", "D#", "D#", "Bm", "Bm", "Bm", "Bm", "Bm"]
