
metadata:
    version:
        essentia: "1.2.2"
    audio_properties:
        analysis_sample_rate: 44100
        bitrate: 128
        channels: 2
        equal_loudness: 1
        length: 10.0571432114
        replay_gain: -14.5429897308
        downmix: "mix"
    tags:
        track: 29
        year: 0
        album: "Splitted by Mp3Splt v. 2.1"
        artist: "From 004.40 To 004.50"
        comment: "http://mp3splt.sf.net"
        genre: ""
        title: "06 Frozen.mp3"

highlevel:
    ballroom:
        all:
            ChaChaCha: 0.0484857037663
            Jive: 0.382598429918
            Quickstep: 0.143698841333
            Rumba-American: 0.00574441300705
            Rumba-International: 0.0103780068457
            Rumba-Misc: 0.00513707101345
            Samba: 0.0299095250666
            Tango: 0.0754941254854
            VienneseWaltz: 0.25575697422
            Waltz: 0.0427969060838
        probability: 0.382598429918
        value: "Jive"
    culture:
        all:
            non_western: 0.0102669261396
            western: 0.989733099937
        probability: 0.989733099937
        value: "western"
    gender:
        all:
            female: 0.323811471462
            male: 0.676188528538
        probability: 0.676188528538
        value: "male"
    genre_dortmund:
        all:
            alternative: 0.208205595613
            blues: 0.0132635729387
            electronic: 0.136630415916
            folkcountry: 0.0678191706538
            funksoulrnb: 0.0283534321934
            jazz: 0.0159668494016
            pop: 0.0340280905366
            raphiphop: 0.00100783398375
            rock: 0.494725048542
        probability: 0.494725048542
        value: "rock"
    genre_electronica:
        all:
            ambient: 0.490303099155
            dnb: 0.147425830364
            house: 0.00146110833157
            techno: 0.00581501470879
            trance: 0.354994952679
        probability: 0.490303099155
        value: "ambient"
    genre_rosamerica:
        all:
            cla: 0.202902331948
            dan: 0.0165851786733
            hip: 0.00646483385935
            jaz: 0.0368025414646
            pop: 0.0211299918592
            rhy: 0.007897968404
            roc: 0.706541240215
            spe: 0.00167592486832
        probability: 0.706541240215
        value: "roc"
    genre_tzanetakis:
        all:
            blu: 0.0330695472658
            cla: 0.171711355448
            cou: 0.217642232776
            dis: 0.0411596633494
            hip: 0.00973590742797
            jaz: 0.0791336074471
            met: 0.0930880755186
            pop: 0.0423713028431
            reg: 0.0161276571453
            roc: 0.295960664749
        probability: 0.295960664749
        value: "roc"
    live_studio:
        all:
            live: 0.299641758204
            studio: 0.700358271599
        probability: 0.700358271599
        value: "studio"
    mood:
        all:
            Cluster1: 0.48784956336
            Cluster2: 0.130898788571
            Cluster3: 0.0467943809927
            Cluster4: 0.126352369785
            Cluster5: 0.208104908466
        probability: 0.48784956336
        value: "Cluster1"
    mood_acoustic:
        all:
            acoustic: 0.0539165101945
            not_acoustic: 0.94608348608
        probability: 0.94608348608
        value: "not_acoustic"
    mood_aggressive:
        all:
            aggressive: 0.972774744034
            not_aggressive: 0.0272252578288
        probability: 0.972774744034
        value: "aggressive"
    mood_electronic:
        all:
            electronic: 0.471831411123
            not_electronic: 0.528168559074
        probability: 0.528168559074
        value: "not_electronic"
    mood_happy:
        all:
            happy: 0.417901784182
            not_happy: 0.582098245621
        probability: 0.582098245621
        value: "not_happy"
    mood_party:
        all:
            not_party: 0.447072714567
            party: 0.55292725563
        probability: 0.55292725563
        value: "party"
    mood_relaxed:
        all:
            not_relaxed: 0.259623497725
            relaxed: 0.740376472473
        probability: 0.740376472473
        value: "relaxed"
    mood_sad:
        all:
            not_sad: 0.718847811222
            sad: 0.281152158976
        probability: 0.718847811222
        value: "not_sad"
    rhythm:
        all:
            fast: 0.393273949623
            medium: 0.554428398609
            slow: 0.0522976592183
        probability: 0.554428398609
        value: "medium"
    speech_music:
        all:
            music: 0.883875310421
            speech: 0.116124667227
        probability: 0.883875310421
        value: "music"
    timbre:
        all:
            bright: 0.0593733265996
            dark: 0.940626680851
        probability: 0.940626680851
        value: "dark"
    voice_instrumental:
        all:
            instrumental: 0.800325870514
            voice: 0.199674099684
        probability: 0.800325870514
        value: "instrumental"

lowlevel:
    average_loudness: 0.982851147652
    barkbands_kurtosis:
        dmean: 0.507318675518
        dmean2: 0.857337117195
        dvar: 1.12613797188
        dvar2: 3.08203077316
        max: 11.119474411
        mean: -0.787456333637
        min: -1.61444234848
        var: 0.966608285904
    barkbands_skewness:
        dmean: 0.346991628408
        dmean2: 0.543465733528
        dvar: 0.124023109674
        dvar2: 0.297939658165
        max: 0.752498209476
        mean: -0.268409281969
        min: -3.22574448586
        var: 0.2799885571
    barkbands_spread:
        dmean: 3.73308825493
        dmean2: 6.04092407227
        dvar: 10.0335922241
        dvar2: 25.6759738922
        max: 38.4159088135
        mean: 26.255065918
        min: 7.36717748642
        var: 20.7752380371
    dissonance:
        dmean: 0.0146582676098
        dmean2: 0.0243612136692
        dvar: 0.000573143770453
        dvar2: 0.000803958333563
        max: 0.498442053795
        mean: 0.47525420785
        min: 0.0076306364499
        var: 0.000672450463753
    hfc:
        dmean: 2.88280129433
        dmean2: 4.33312797546
        dvar: 31.5493545532
        dvar2: 77.1696853638
        max: 57.0482749939
        mean: 8.02389335632
        min: 2.78038328361e-06
        var: 39.4949760437
    pitch:
        dmean: 335.231689453
        dmean2: 640.772155762
        dvar: 437299.6875
        dvar2: 1155477.125
        max: 3392.30761719
        mean: 437.967407227
        min: 96.4989089966
        var: 334540.78125
    pitch_instantaneous_confidence:
        dmean: 0.0919837504625
        dmean2: 0.149570077658
        dvar: 0.00661226874217
        dvar2: 0.016305943951
        max: 0.802114963531
        mean: 0.361487567425
        min: 0.119247019291
        var: 0.0165968444198
    pitch_salience:
        dmean: 0.0560506731272
        dmean2: 0.0898219868541
        dvar: 0.00199102074839
        dvar2: 0.00501779885963
        max: 0.963539421558
        mean: 0.648945689201
        min: 0.475236684084
        var: 0.00442997924984
    silence_rate_20dB:
        dmean: 0
        dmean2: 0
        dvar: 0
        dvar2: 0
        max: 1
        mean: 1
        min: 1
        var: 0
    silence_rate_30dB:
        dmean: 0
        dmean2: 0
        dvar: 0
        dvar2: 0
        max: 1
        mean: 1
        min: 1
        var: 0
    silence_rate_60dB:
        dmean: 0.115207374096
        dmean2: 0.230946883559
        dvar: 0.101934529841
        dvar2: 0.214562356472
        max: 1
        mean: 0.239080458879
        min: 0
        var: 0.181920796633
    spectral_centroid:
        dmean: 213.503540039
        dmean2: 323.907501221
        dvar: 37131.7226562
        dvar2: 77773.03125
        max: 2847.84399414
        mean: 1645.69262695
        min: 1008.84875488
        var: 114736.304688
    spectral_complexity:
        dmean: 3.29792141914
        dmean2: 5.03472232819
        dvar: 7.75189256668
        dvar2: 16.7186908722
        max: 33
        mean: 17.0437793732
        min: 0
        var: 24.4013290405
    spectral_crest:
        dmean: 1.85176932812
        dmean2: 3.10808229446
        dvar: 4.05509185791
        dvar2: 9.73785305023
        max: 19.8358001709
        mean: 5.85662031174
        min: 2.55701184273
        var: 7.65941858292
    spectral_decrease:
        dmean: 2.61337423924e-10
        dmean2: 3.87355147957e-10
        dvar: 1.47813944289e-19
        dvar2: 3.3984578465e-19
        max: -4.96614622882e-16
        mean: -1.03739039581e-09
        min: -3.93660126718e-09
        var: 2.54268728703e-19
    spectral_energy:
        dmean: 0.00122468627524
        dmean2: 0.00181896612048
        dvar: 3.79810990125e-06
        dvar2: 8.8649785539e-06
        max: 0.020032081753
        mean: 0.00464313803241
        min: 2.12652562226e-09
        var: 5.95795017944e-06
    spectral_energyband_high:
        dmean: 5.83443616051e-05
        dmean2: 9.2033216788e-05
        dvar: 6.35910346602e-09
        dvar2: 1.52144608023e-08
        max: 0.000735649722628
        mean: 0.000170365543454
        min: 8.92158291688e-11
        var: 8.57237481e-09
    spectral_energyband_low:
        dmean: 7.66947050579e-05
        dmean2: 0.000136812712299
        dvar: 6.63069776863e-09
        dvar2: 1.97028633409e-08
        max: 0.000572407036088
        mean: 0.000142090968438
        min: 1.95943053449e-10
        var: 7.28509075287e-09
    spectral_energyband_middle_high:
        dmean: 0.00104857189581
        dmean2: 0.00159250025172
        dvar: 3.43009332937e-06
        dvar2: 8.23157370178e-06
        max: 0.0186406578869
        mean: 0.00297164404765
        min: 9.89112125538e-10
        var: 4.6742984523e-06
    spectral_energyband_middle_low:
        dmean: 0.000441885669716
        dmean2: 0.000690119690262
        dvar: 1.60174096209e-07
        dvar2: 3.83686227678e-07
        max: 0.00385928316973
        mean: 0.00135902361944
        min: 8.18900447452e-10
        var: 4.12341080391e-07
    spectral_flatness_db:
        dmean: 0.0114010693505
        dmean2: 0.0178802702576
        dvar: 0.0001485622779
        dvar2: 0.000353409646777
        max: 0.226523846388
        mean: 0.142229825258
        min: 0.0612258464098
        var: 0.000361950427759
    spectral_flux:
        dmean: 0.00740687502548
        dmean2: 0.0116385286674
        dvar: 8.93203614396e-05
        dvar2: 0.000210659854929
        max: 0.123542971909
        mean: 0.0411345586181
        min: 4.61142662971e-05
        var: 0.000146227874211
    spectral_kurtosis:
        dmean: 1.4042468071
        dmean2: 2.45437312126
        dvar: 1.4214887619
        dvar2: 4.21252393723
        max: 11.4948062897
        mean: 5.6918964386
        min: 2.08477020264
        var: 2.004966259
    spectral_rms:
        dmean: 0.000259459367953
        dmean2: 0.000371720205294
        dvar: 1.10096152639e-07
        dvar2: 2.27609788794e-07
        max: 0.00442080246285
        mean: 0.00207056710497
        min: 1.44036778238e-06
        var: 2.42646564175e-07
    spectral_rolloff:
        dmean: 232.637863159
        dmean2: 385.005584717
        dvar: 51062.84375
        dvar2: 126955.4375
        max: 3660.64453125
        mean: 2946.42919922
        min: 1744.18945312
        var: 89407.46875
    spectral_skewness:
        dmean: 0.179308697581
        dmean2: 0.301935642958
        dvar: 0.0262659527361
        dvar2: 0.0682360604405
        max: 2.93877243996
        mean: 1.61544632912
        min: 1.0268279314
        var: 0.0586935430765
    spectral_spread:
        dmean: 272190.59375
        dmean2: 352146.5625
        dvar: 722964905984
        dvar2: 454261997568
        max: 25467268
        mean: 3356539.25
        min: 2310839.25
        var: 1.75835001651e+12
    spectral_strongpeak:
        dmean: 0.902590095997
        dmean2: 1.4998742342
        dvar: 1.30007219315
        dvar2: 2.76846671104
        max: 9.40210819244
        mean: 1.2295832634
        min: 0
        var: 2.20611834526
    zerocrossingrate:
        dmean: 0.00673219189048
        dmean2: 0.00815384462476
        dvar: 3.37103010679e-05
        dvar2: 4.50615370937e-05
        max: 0.1259765625
        mean: 0.0904265344143
        min: 0.00732421875
        var: 0.000172583037056
    barkbands:
        dmean: [7.37906376003e-08, 5.04237214045e-05, 3.99235614168e-05, 0.00011144864402, 0.000152323336806, 0.000137145558256, 0.000139548719744, 0.000119662559882, 0.000153152126586, 0.000108164953417, 7.93676590547e-05, 8.570306818e-05, 0.00018921897572, 0.000175018096343, 0.000137941242428, 8.06705211289e-05, 0.000115099668619, 0.000628817593679, 0.000182928430149, 6.4051571826e-05, 3.16879159072e-05, 5.35644630872e-06, 6.34949344658e-07, 1.95516307144e-07, 1.14916559824e-07, 1.05567501407e-08, 4.57271509546e-09]
        dmean2: [1.12114079798e-07, 9.14895936148e-05, 6.69948640279e-05, 0.000177600770257, 0.000251608289545, 0.000235968444031, 0.000216839733184, 0.000185124095879, 0.000246986048296, 0.000183181342436, 0.000129475214635, 0.000144301127875, 0.000316975841997, 0.000281564280158, 0.000215537162148, 0.000126411832753, 0.000187990008271, 0.00100757274777, 0.00029765049112, 0.000103364975075, 5.40903238289e-05, 8.43887937663e-06, 9.95759478428e-07, 2.96159697655e-07, 1.70142598677e-07, 1.60564965768e-08, 6.93286761333e-09]
        dvar: [8.2536137213e-14, 3.03862490725e-09, 1.73872871656e-09, 1.92837816826e-08, 3.6159530481e-08, 3.34100995758e-08, 3.33139205111e-08, 2.42660771477e-08, 3.04991445432e-08, 1.54480996883e-08, 9.00555185979e-09, 6.4307958958e-09, 3.02788052409e-08, 4.66542289246e-08, 5.05537443019e-08, 1.53845078898e-08, 2.46801050707e-08, 2.21212485485e-06, 8.36715514652e-08, 4.58036675255e-09, 2.93285129516e-09, 9.92365217778e-11, 1.56740007258e-12, 6.6699209632e-14, 2.6958690407e-14, 3.81810434777e-15, 4.16643351832e-15]
        dvar2: [2.00696759016e-13, 9.93668436422e-09, 4.860602143e-09, 4.22089883045e-08, 9.50153804524e-08, 8.32994189182e-08, 6.44645297143e-08, 4.69644838574e-08, 7.08360872181e-08, 4.09854017391e-08, 1.9601536394e-08, 1.52798538267e-08, 8.06187969715e-08, 1.18902725887e-07, 9.19103442243e-08, 3.26700799747e-08, 5.60207951139e-08, 5.90030776948e-06, 2.15391409597e-07, 1.13643432442e-08, 7.62121477038e-09, 2.44361447743e-10, 3.82100427687e-12, 1.51694778158e-13, 5.60242160281e-14, 9.53358282618e-15, 1.04447141447e-14]
        max: [4.47913680546e-06, 0.00032139083487, 0.000304347660858, 0.00111486075912, 0.00164858065546, 0.00195268623065, 0.00204341579229, 0.00160971656442, 0.00155882455874, 0.000930500391405, 0.00120331067592, 0.000541030429304, 0.00148033082951, 0.00215924880467, 0.00258519337513, 0.00126638077199, 0.00156814011279, 0.0147167742252, 0.0026565734297, 0.00070576777216, 0.000548455689568, 0.000106434104964, 1.42745320773e-05, 2.43598879024e-06, 1.78819993835e-06, 9.08114714093e-07, 9.53006463078e-07]
        mean: [2.33959809748e-07, 8.03583898232e-05, 6.15174722043e-05, 0.000198194771656, 0.000244032344199, 0.00022688365425, 0.000220046611503, 0.000178698363015, 0.000249784614425, 0.000180119401193, 0.000135846741614, 0.000153466869961, 0.000345719396137, 0.000316415796988, 0.000247301039053, 0.000143308629049, 0.000211730104638, 0.00089419411961, 0.000301544729155, 0.000166521902429, 7.45232318877e-05, 1.03955881059e-05, 1.36464268508e-06, 5.82473717259e-07, 3.37072464163e-07, 1.91923099635e-08, 2.36906427808e-09]
        min: [6.62919441563e-11, 9.8879543442e-11, 6.39054503759e-11, 6.15947709504e-11, 1.51160695072e-10, 1.53577331408e-10, 1.41349348892e-10, 1.33133129521e-10, 1.62657026737e-10, 6.45220335493e-11, 3.10490279321e-11, 3.19867847487e-11, 5.8093502231e-11, 2.15081646937e-10, 2.51583642807e-10, 9.40091685053e-11, 7.78454245509e-11, 6.90593901509e-11, 1.01020788956e-10, 6.57855089847e-11, 1.61673365667e-11, 1.15986005522e-11, 3.05749371134e-12, 9.71263651103e-13, 8.10692767257e-13, 5.63566608745e-13, 4.16920052084e-13]
        var: [6.31870925483e-14, 2.70414735049e-09, 2.34497199436e-09, 4.48827250921e-08, 5.12021074428e-08, 5.95048419427e-08, 6.19353244247e-08, 4.12503204927e-08, 4.5119808334e-08, 2.59541419467e-08, 2.09446877619e-08, 1.06669455491e-08, 5.02508576972e-08, 6.73309230592e-08, 1.14065613843e-07, 2.45743692062e-08, 4.76422989948e-08, 2.24791210712e-06, 9.90756490182e-08, 7.30529636783e-09, 2.77629275125e-09, 1.04204006535e-10, 1.65109115616e-12, 1.40547404444e-13, 8.10762589877e-14, 2.09483656889e-15, 2.08713280423e-15]
    mfcc:
        mean: [-704.06640625, 136.678359985, -77.0426559448, 47.2711906433, -14.7523899078, -4.21038293839, 5.52630996704, -8.53358078003, -4.35537242889, -2.04063677788, 5.41032934189, 1.15731799603, -10.9890632629]
        cov: [[2342.51025391, 23.6510677338, -93.5687255859, -0.576621830463, -52.2055702209, -33.5820236206, -6.09975147247, 2.84322118759, -4.31184387207, -64.3806228638, -25.1193351746, -12.2691431046, -3.45527553558], [23.6510677338, 118.381195068, 0.546388983727, -0.675748705864, -9.54411125183, 7.25675344467, 0.990360856056, -18.2918243408, 11.7810697556, 1.11021590233, -7.86210870743, 17.22905159, 4.58747148514], [-93.5687255859, 0.546388983727, 125.491256714, -40.4167175293, 2.09148335457, 26.6022262573, 17.7336101532, -27.26653862, -4.67238283157, -5.92162513733, -11.100071907, 12.79712677, 10.4408979416], [-0.576621830463, -0.675748705864, -40.4167175293, 79.6265792847, 11.5554237366, -10.09329319, -10.7819786072, 11.6677103043, -3.17460584641, 1.31268954277, 8.99288654327, -6.34161233902, -8.55794429779], [-52.2055702209, -9.54411125183, 2.09148335457, 11.5554237366, 52.8738937378, 13.8067722321, 9.91090202332, 1.86997842789, -11.9538383484, -5.2629199028, -2.06049776077, -0.665476202965, -4.51335811615], [-33.5820236206, 7.25675344467, 26.6022262573, -10.09329319, 13.8067722321, 59.1905326843, 23.3734970093, -8.604180336, 9.56518173218, -0.468621581793, -14.5399112701, -2.36196160316, 2.77759885788], [-6.09975147247, 0.990360856056, 17.7336101532, -10.7819786072, 9.91090202332, 23.3734970093, 57.0001335144, 14.0773448944, -0.787184417248, -0.215334966779, -2.84640407562, 2.94598293304, -3.99003195763], [2.84322118759, -18.2918243408, -27.26653862, 11.6677103043, 1.86997842789, -8.604180336, 14.0773448944, 51.1355857849, 13.5828323364, -1.5687264204, 0.76676851511, -8.25707912445, -7.88302612305], [-4.31184387207, 11.7810697556, -4.67238283157, -3.17460584641, -11.9538383484, 9.56518173218, -0.787184417248, 13.5828323364, 55.1282920837, 17.7873725891, -7.7500371933, 1.64192318916, 3.04702281952], [-64.3806228638, 1.11021590233, -5.92162513733, 1.31268954277, -5.2629199028, -0.468621581793, -0.215334966779, -1.5687264204, 17.7873725891, 45.9902763367, 21.9598731995, -1.60223686695, -2.19201755524], [-25.1193351746, -7.86210870743, -11.100071907, 8.99288654327, -2.06049776077, -14.5399112701, -2.84640407562, 0.76676851511, -7.7500371933, 21.9598731995, 45.8528785706, 13.4458045959, -6.60707473755], [-12.2691431046, 17.22905159, 12.79712677, -6.34161233902, -0.665476202965, -2.36196160316, 2.94598293304, -8.25707912445, 1.64192318916, -1.60223686695, 13.4458045959, 45.9077987671, 15.7918310165], [-3.45527553558, 4.58747148514, 10.4408979416, -8.55794429779, -4.51335811615, 2.77759885788, -3.99003195763, -7.88302612305, 3.04702281952, -2.19201755524, -6.60707473755, 15.7918310165, 34.7373008728]]
        icov: [[0.000486716045998, -2.30801051657e-05, 0.000501451198943, 0.000103419137304, 0.000445938814664, 0.000229307668633, -0.000417885719799, 0.000525811279658, -0.000382633588742, 0.00109292706475, -0.000259432097664, 0.000295909412671, -4.41886550107e-05], [-2.30801051657e-05, 0.0106922909617, 0.00159420119599, -0.00118534092326, 0.00205402006395, -0.00014763973013, -0.0018355040811, 0.00528684351593, -0.00207502883859, -0.00106951920316, 0.0045091509819, -0.0057355989702, 0.00266169453971], [0.000501451198943, 0.00159420119599, 0.012552479282, 0.00413065962493, 0.000485145690618, -0.00209852028638, -0.00379607314244, 0.00675278156996, -0.000546564348042, 0.00181230099406, 0.00151217181701, -0.00237538781948, -5.88640104979e-05], [0.000103419137304, -0.00118534092326, 0.00413065962493, 0.016583295539, -0.00413246639073, -0.000300463958411, 0.00316574517637, -0.0024074933026, 0.000431994500104, 0.00115894165356, -0.00321405404247, 0.001503544976, 0.00105556380004], [0.000445938814664, 0.00205402006395, 0.000485145690618, -0.00413246639073, 0.0247423648834, -0.00722579751164, -0.000884131353814, -0.0022190019954, 0.00754795176908, -0.00148657849059, 0.00424579763785, -0.0046400334686, 0.00395765341818], [0.000229307668633, -0.00014763973013, -0.00209852028638, -0.000300463958411, -0.00722579751164, 0.0290321465582, -0.0131636383012, 0.0108391502872, -0.0100683560595, 0.00253128330223, 0.00265183066949, 0.00541991647333, -0.00263014226221], [-0.000417885719799, -0.0018355040811, -0.00379607314244, 0.00316574517637, -0.000884131353814, -0.0131636383012, 0.0301610957831, -0.017138639465, 0.00990296062082, -0.00757404463366, 0.00407894235104, -0.00730021344498, 0.00538245681673], [0.000525811279658, 0.00528684351593, 0.00675278156996, -0.0024074933026, -0.0022190019954, 0.0108391502872, -0.017138639465, 0.0387704633176, -0.0182127319276, 0.0131236957386, -0.00662793964148, 0.00754173891619, 0.00014252665278], [-0.000382633588742, -0.00207502883859, -0.000546564348042, 0.000431994500104, 0.00754795176908, -0.0100683560595, 0.00990296062082, -0.0182127319276, 0.037348177284, -0.0244473125786, 0.0196177158505, -0.0127429692075, 0.00400248821825], [0.00109292706475, -0.00106951920316, 0.00181230099406, 0.00115894165356, -0.00148657849059, 0.00253128330223, -0.00757404463366, 0.0131236957386, -0.0244473125786, 0.0496258102357, -0.0337864682078, 0.0185098648071, -0.00786157604307], [-0.000259432097664, 0.0045091509819, 0.00151217181701, -0.00321405404247, 0.00424579763785, 0.00265183066949, 0.00407894235104, -0.00662793964148, 0.0196177158505, -0.0337864682078, 0.0547616742551, -0.0274751260877, 0.0164897292852], [0.000295909412671, -0.0057355989702, -0.00237538781948, 0.001503544976, -0.0046400334686, 0.00541991647333, -0.00730021344498, 0.00754173891619, -0.0127429692075, 0.0185098648071, -0.0274751260877, 0.0432582646608, -0.0208975765854], [-4.41886550107e-05, 0.00266169453971, -5.88640104979e-05, 0.00105556380004, 0.00395765341818, -0.00263014226221, 0.00538245681673, 0.00014252665278, 0.00400248821825, -0.00786157604307, 0.0164897292852, -0.0208975765854, 0.0418738313019]]
    spectral_contrast:
        mean: [4.20391273792e-07, -4.7266553338e-07, 8.14027458773e-08, -3.39061500654e-07, -4.00219789753e-07, 3.3716453629e-08, -4.56531734017e-06, -6.41642600385e-07, -2.78054289993e-06, 1.35662367029e-06, 1.90776063391e-06, 1.10969017442e-06]
        var: [0.000296261510812, 0.000685919658281, 0.00113741203677, 0.00126570160501, 0.00202135648578, 0.00222116266377, 0.0284510739148, 0.054482858628, 0.0715278834105, 0.0960902273655, 0.118918590248, 1.01545488834]

rhythm:
    beats_loudness:
        dmean: 0.00287564005703
        dmean2: 0.00581682333723
        dvar: 7.43880173104e-06
        dvar2: 2.55219456449e-05
        max: 0.0118518872187
        mean: 0.0047932676971
        min: 0.00212528090924
        var: 6.40427970211e-06
    beats_loudness_bass:
        dmean: 0.0576127693057
        dmean2: 0.112256914377
        dvar: 0.0016615424538
        dvar2: 0.00459658913314
        max: 0.167419925332
        mean: 0.0717180594802
        min: 0.00930736493319
        var: 0.0016510685673
    bpm: 92.5919952393
    bpm_confidence: 0
    first_peak_bpm: 93
    first_peak_spread: 0
    first_peak_weight: 0.5
    onset_rate: 3.08238625526
    second_peak_bpm: 124
    second_peak_spread: 0
    second_peak_weight: 0.4375
    beats_position: [0.132487595081, 0.780492186546, 1.42849683762, 2.07650160789, 2.72450613976, 3.37251067162, 4.02051496506, 4.66851949692, 5.31652402878, 6.16700744629, 6.65023803711, 7.13346767426, 7.61669826508, 8.0999288559, 8.58315849304, 9.06638908386, 9.54961967468]
    bpm_estimates: [92.5801696777, 92.5136795044, 92.7104949951, 92.6236572266, 92.5319747925]
    bpm_intervals: [0.648004591465, 0.64800465107, 0.648004770279, 0.64800453186, 0.64800453186, 0.648004293442, 0.64800453186, 0.64800453186, 0.850483417511, 0.48323059082, 0.483229637146, 0.48323059082, 0.48323059082, 0.483229637146, 0.48323059082, 0.48323059082]
    onset_times: [0.0580498874187, 0.243809521198, 0.441179126501, 0.731428563595, 0.975238084793, 1.05650794506, 1.54412698746, 2.02013611794, 2.35682535172, 2.51936507225, 2.83283448219, 2.99537420273, 3.33206343651, 3.49460315704, 3.66875290871, 4.15637207031, 4.62077093124, 5.13160991669, 5.44507932663, 5.60761928558, 5.94430828094, 6.25777769089, 6.78022670746, 6.94276666641, 7.2330160141, 7.72063493729, 8.03410434723, 8.19664382935, 8.87002277374, 9.35764217377, 9.83365058899]
    rubato_start: [6.65023803711]
    rubato_stop: [9.54961967468]
    perceptual_tempo: "unknown"

sfx:
    inharmonicity:
        dmean: 0.0572235956788
        dmean2: 0.101910971105
        dvar: 0.00321454997174
        dvar2: 0.00952048506588
        max: 0.362143784761
        mean: 0.0649184882641
        min: 0
        var: 0.00343227689154
    oddtoevenharmonicenergyratio:
        dmean: 1.97547185421
        dmean2: 3.62731838226
        dvar: 16.101480484
        dvar2: 44.7594451904
        max: 36.9562492371
        mean: 1.45343804359
        min: 0
        var: 10.4632730484
    pitch_after_max_to_before_max_energy_ratio: 0.226688534021
    pitch_centroid: 236.921981812
    pitch_max_to_total: 0.928571403027
    pitch_min_to_total: 0.400921672583
    tristimulus:
        dmean: [0.163496464491, 0.236233487725, 0.128038048744]
        dmean2: [0.286912888288, 0.407052308321, 0.224105417728]
        dvar: [0.0192613955587, 0.0399176701903, 0.0117723736912]
        dvar2: [0.05199309811, 0.113815203309, 0.0324997939169]
        max: [1, 0.959697782993, 0.568259179592]
        mean: [0.301604390144, 0.511056661606, 0.133271962404]
        min: [0.0133147556335, 0, 0]
        var: [0.0268876757473, 0.0509677864611, 0.0141664519906]

tonal:
    chords_changes_rate: 0.0645161271095
    chords_number_rate: 0.0138248847798
    chords_strength:
        dmean: 0.0084046414122
        dmean2: 0.00883834995329
        dvar: 3.81007303076e-05
        dvar2: 5.28908130946e-05
        max: 0.676850795746
        mean: 0.515923142433
        min: 0.349983543158
        var: 0.00625685974956
    key_strength: 0.522824168205
    tuning_diatonic_strength: 0.536934792995
    tuning_equal_tempered_deviation: 0.0837104767561
    tuning_frequency: 437.718536377
    tuning_nontempered_energy_ratio: 0.716478228569
    hpcp:
        dmean: [0.0844825208187, 0.0720088556409, 0.110792510211, 0.179603591561, 0.158410325646, 0.137502133846, 0.112501397729, 0.097579434514, 0.097029261291, 0.08741723001, 0.0731407105923, 0.094297491014, 0.127897471189, 0.141852244735, 0.121130928397, 0.102464266121, 0.0962955355644, 0.201314792037, 0.261894077063, 0.257901608944, 0.1781052351, 0.138154953718, 0.141944497824, 0.150063306093, 0.16903808713, 0.159607157111, 0.172650113702, 0.182900995016, 0.122684918344, 0.2176579386, 0.253705620766, 0.161600649357, 0.141007274389, 0.146531879902, 0.112077921629, 0.079102948308]
        dmean2: [0.14990311861, 0.119391925633, 0.174784526229, 0.292016893625, 0.262793540955, 0.216352909803, 0.178928390145, 0.160308256745, 0.163382619619, 0.152144059539, 0.124483302236, 0.159610018134, 0.215251371264, 0.236667886376, 0.206079721451, 0.1724434793, 0.166328459978, 0.335813760757, 0.449964821339, 0.446624010801, 0.317583292723, 0.244392707944, 0.241535246372, 0.24473516643, 0.28106585145, 0.268707752228, 0.300219297409, 0.296615809202, 0.202930927277, 0.368913531303, 0.443302184343, 0.267782092094, 0.231918781996, 0.233980312943, 0.185442939401, 0.141479194164]
        dvar: [0.0116027910262, 0.0106539726257, 0.0132709313184, 0.0356059148908, 0.023518551141, 0.0201366189867, 0.020117752254, 0.0157971531153, 0.0149855036288, 0.0166552811861, 0.0105635030195, 0.0155365113169, 0.0211189985275, 0.0352258495986, 0.0316172428429, 0.0235075745732, 0.0150976888835, 0.0261643659323, 0.0528996773064, 0.0358447618783, 0.0328197479248, 0.0276830866933, 0.0184925924987, 0.0225815102458, 0.029865456745, 0.0186583325267, 0.0314770042896, 0.0368324220181, 0.0175741333514, 0.034667249769, 0.055338781327, 0.0220153369009, 0.0195059198886, 0.0215409956872, 0.0169999469072, 0.00799457915127]
        dvar2: [0.0314029306173, 0.0280703064054, 0.0301395598799, 0.0855774879456, 0.0645023807883, 0.0446853674948, 0.0373114645481, 0.0436490662396, 0.0414622947574, 0.0417433083057, 0.0287888292223, 0.0433129519224, 0.0559404715896, 0.0868962109089, 0.076492883265, 0.0582740195096, 0.0436082445085, 0.0747547671199, 0.120589233935, 0.0967491418123, 0.111254110932, 0.0835468322039, 0.0496706776321, 0.0537487976253, 0.0666264370084, 0.0498048514128, 0.0837693661451, 0.0937268212438, 0.0407388657331, 0.0727785751224, 0.108654268086, 0.0553824082017, 0.0537654384971, 0.0473679937422, 0.0425797514617, 0.0204385798424]
        max: [0.899144351482, 1, 1, 1, 1, 1, 1, 1, 0.949389338493, 0.867158293724, 0.717181861401, 1, 1, 1, 1, 0.951082587242, 1, 1, 1, 1, 0.970310807228, 1, 1, 1, 1, 1, 1, 1, 1, 1, 1, 1, 1, 1, 1, 0.633219838142]
        mean: [0.137431845069, 0.114371672273, 0.184168100357, 0.315159082413, 0.304025858641, 0.259370028973, 0.234835773706, 0.169378831983, 0.1554684937, 0.134733363986, 0.107685908675, 0.146577984095, 0.207873731852, 0.202249705791, 0.160214826465, 0.134187147021, 0.12903830409, 0.349030941725, 0.652468800545, 0.511988580227, 0.236720845103, 0.215204417706, 0.249875560403, 0.320309221745, 0.413992464542, 0.346325546503, 0.274635702372, 0.250137269497, 0.187698945403, 0.416385889053, 0.559986829758, 0.33106803894, 0.250872254372, 0.290690511465, 0.195028275251, 0.134854793549]
        min: [0.0193270966411, 0.0204838477075, 0.0264864321798, 0.0325518809259, 0.0500238761306, 0.0318390801549, 0.0152339702472, 0.0140624064952, 0.0125017398968, 0.0118342144415, 0.00852686725557, 0.0183007195592, 0.0183750931174, 0.0118773570284, 0.0148667739704, 0.0133118294179, 0.0070270486176, 0.0385054424405, 0.0283578615636, 0.0606884099543, 0.0178426839411, 0.00861037429422, 0.0211559683084, 0.0462735779583, 0.0487375594676, 0.0498731099069, 0.0118949227035, 0.0102097187191, 0.0243610516191, 0.0614624582231, 0.0824670493603, 0.0573550350964, 0.0239628236741, 0.0222886968404, 0.0167370438576, 0.0199219565839]
        var: [0.0138356918469, 0.0122814010829, 0.023007126525, 0.0602217726409, 0.0387713052332, 0.0350621715188, 0.0498257726431, 0.0270327273756, 0.0187144149095, 0.0182480663061, 0.00996242556721, 0.0143366735429, 0.0313677452505, 0.0499271415174, 0.0315434969962, 0.0213285796344, 0.0136374924332, 0.0455108620226, 0.0897995755076, 0.0679188668728, 0.0366177558899, 0.0556888505816, 0.037784602493, 0.0425924658775, 0.0725389048457, 0.0466725043952, 0.054010655731, 0.0561597011983, 0.0235606823117, 0.0560761131346, 0.0945869386196, 0.0325356647372, 0.0346107594669, 0.065296381712, 0.0322304591537, 0.00993637181818]
    chords_histogram: [22.1198158264, 0, 5.5299539566, 0, 0, 0, 0, 0.921658992767, 0, 71.4285736084, 0, 0, 0, 0, 0, 0, 0, 0, 0, 0, 0, 0, 0, 0]
    thpcp: [1, 0.784694373608, 0.362807929516, 0.32983097434, 0.382969349623, 0.490918844938, 0.634501576424, 0.530792474747, 0.420917749405, 0.38337045908, 0.287674963474, 0.638169825077, 0.858258426189, 0.507408201694, 0.384496927261, 0.445524007082, 0.29890820384, 0.206683889031, 0.210633590817, 0.175290644169, 0.282263457775, 0.48302552104, 0.465962290764, 0.397520959377, 0.359918773174, 0.259596824646, 0.238277286291, 0.206497788429, 0.165043771267, 0.22465133667, 0.318595677614, 0.309976071119, 0.24555170536, 0.205660641193, 0.197769314051, 0.534938871861]
    chords_key: "D#"
    chords_scale: "major"
    key_key: "G#"
    key_scale: "minor"
    chords_progression: ["D#m", "D#m", "D#m", "D#m", "D#m", "D#m", "D#m", "D#m", "G#m", "G#m", "D#m", "G#m", "D#m", "D#m", "G#m", "D#", "D#", "D#", "D#", "D#m", "D#", "D#", "D#", "D#", "D#", "D#", "D#", "D#", "D#", "D#", "D#", "G#m", "D#", "D#", "D#", "G#m", "G#m", "G#m", "G#m", "G#m", "G#m", "G#m", "G#m", "G#m", "G#", "G#", "G#m", "G#m", "G#m", "G#m", "G#m", "G#m", "G#m", "G#m", "G#m", "G#m", "G#m", "G#m", "G#m", "G#m", "G#m", "G#m", "G#m", "G#m", "G#m", "G#m", "G#m", "G#m", "G#m", "G#m", "G#m", "G#m", "G#m", "G#m", "G#m", "G#m", "G#m", "G#m", "G#m", "G#m", "D#", "D#", "D#", "D#", "D#", "D#", "D#", "D#", "D#", "D#", "D#", "D#", "D#", "D#", "D#", "D#", "D#", "D#", "D#", "D#", "D#", "D#", "D#", "D#", "D#", "D#", "D#", "D#", "D#", "D#", "D#", "D#", "D#", "D#", "D#", "D#", "D#", "D#", "D#", "D#", "D#", "D#", "D#", "D#", "D#", "D#", "D#", "D#", "D#", "D#", "D#", "D#", "D#", "D#", "D#", "D#", "D#", "D#", "D#", "D#", "D#", "D#", "D#", "D#", "D#", "D#", "D#", "D#", "D#", "D#", "D#", "D#", "D#", "D#", "D#", "D#", "D#", "D#", "D#", "D#", "D#", "D#", "D#", "D#", "D#", "D#", "D#", "D#", "D#", "D#", "D#", "D#", "D#", "D#", "D#", "D#", "D#", "D#", "D#", "D#", "D#", "D#", "D#", "D#", "D#", "D#", "D#", "D#", "D#", "D#", "D#", "D#", "D#", "D#", "D#", "D#", "D#", "D#", "D#", "D#", "D#", "D#", "D#", "D#", "D#", "D#", "D#", "D#", "D#", "D#", "D#", "D#", "D#", "D#", "D#", "D#", "D#"]
