
metadata:
    version:
        essentia: "1.2.2"
    audio_properties:
        analysis_sample_rate: 44100
        bitrate: 128
        channels: 2
        equal_loudness: 1
        length: 10.0048980713
        replay_gain: -12.2925224304
        downmix: "mix"
    tags:
        track: 75
        year: 0
        album: "Splitted by Mp3Splt v. 2.1"
        artist: "From 012.20 To 012.30"
        comment: "http://mp3splt.sf.net"
        genre: ""
        title: "09 If We Were Trees.mp3"

highlevel:
    ballroom:
        all:
            ChaChaCha: 0.0421603247523
            Jive: 0.911410450935
            Quickstep: 0.00236491020769
            Rumba-American: 0.000182044997928
            Rumba-International: 0.000499057525303
            Rumba-Misc: 0.000372662878362
            Samba: 0.037289775908
            Tango: 0.000434911431512
            VienneseWaltz: 0.00493256980553
            Waltz: 0.000353279698174
        probability: 0.911410450935
        value: "Jive"
    culture:
        all:
            non_western: 0.0157990287989
            western: 0.984200954437
        probability: 0.984200954437
        value: "western"
    gender:
        all:
            female: 0.33554533124
            male: 0.664454638958
        probability: 0.664454638958
        value: "male"
    genre_dortmund:
        all:
            alternative: 0.0659203007817
            blues: 0.00633117323741
            electronic: 0.0167146660388
            folkcountry: 0.00521723506972
            funksoulrnb: 0.00593642052263
            jazz: 0.0330606587231
            pop: 0.0244537219405
            raphiphop: 0.0023113344796
            rock: 0.840054512024
        probability: 0.840054512024
        value: "rock"
    genre_electronica:
        all:
            ambient: 0.1645385921
            dnb: 0.0822982341051
            house: 0.013241507113
            techno: 0.0417452715337
            trance: 0.698176383972
        probability: 0.698176383972
        value: "trance"
    genre_rosamerica:
        all:
            cla: 0.00305470032617
            dan: 0.0106681343168
            hip: 0.0137558206916
            jaz: 0.00251072412357
            pop: 0.00332136196084
            rhy: 0.00386195303872
            roc: 0.961088657379
            spe: 0.00173867715057
        probability: 0.961088657379
        value: "roc"
    genre_tzanetakis:
        all:
            blu: 0.0222251378
            cla: 0.0167325194925
            cou: 0.126144558191
            dis: 0.0256482325494
            hip: 0.0477788299322
            jaz: 0.0537757463753
            met: 0.579956352711
            pop: 0.0181716345251
            reg: 0.0114214550704
            roc: 0.0981455296278
        probability: 0.579956352711
        value: "met"
    live_studio:
        all:
            live: 0.106526739895
            studio: 0.893473267555
        probability: 0.893473267555
        value: "studio"
    mood:
        all:
            Cluster1: 0.17183201015
            Cluster2: 0.0196364354342
            Cluster3: 0.000891837000381
            Cluster4: 0.0124009577557
            Cluster5: 0.795238733292
        probability: 0.795238733292
        value: "Cluster5"
    mood_acoustic:
        all:
            acoustic: 0.0139625873417
            not_acoustic: 0.986037433147
        probability: 0.986037433147
        value: "not_acoustic"
    mood_aggressive:
        all:
            aggressive: 0.998926520348
            not_aggressive: 0.00107347720768
        probability: 0.998926520348
        value: "aggressive"
    mood_electronic:
        all:
            electronic: 0.131579011679
            not_electronic: 0.868420958519
        probability: 0.868420958519
        value: "not_electronic"
    mood_happy:
        all:
            happy: 0.0634761527181
            not_happy: 0.936523854733
        probability: 0.936523854733
        value: "not_happy"
    mood_party:
        all:
            not_party: 0.315431714058
            party: 0.684568285942
        probability: 0.684568285942
        value: "party"
    mood_relaxed:
        all:
            not_relaxed: 0.9233045578
            relaxed: 0.0766954571009
        probability: 0.9233045578
        value: "not_relaxed"
    mood_sad:
        all:
            not_sad: 0.997999787331
            sad: 0.00200023222715
        probability: 0.997999787331
        value: "not_sad"
    rhythm:
        all:
            fast: 0.582261443138
            medium: 0.151891961694
            slow: 0.265846610069
        probability: 0.582261443138
        value: "fast"
    speech_music:
        all:
            music: 0.99995046854
            speech: 4.95288586535e-05
        probability: 0.99995046854
        value: "music"
    timbre:
        all:
            bright: 0.42159023881
            dark: 0.578409790993
        probability: 0.578409790993
        value: "dark"
    voice_instrumental:
        all:
            instrumental: 0.982079863548
            voice: 0.0179201569408
        probability: 0.982079863548
        value: "instrumental"

lowlevel:
    average_loudness: 0.973979771137
    barkbands_kurtosis:
        dmean: 0.892761290073
        dmean2: 1.54764151573
        dvar: 1.41104328632
        dvar2: 4.03201436996
        max: 9.7382068634
        mean: -0.0442943647504
        min: -1.82442224026
        var: 2.17100191116
    barkbands_skewness:
        dmean: 0.344223350286
        dmean2: 0.578765749931
        dvar: 0.116600878537
        dvar2: 0.334452867508
        max: 0.767656385899
        mean: -0.959241807461
        min: -3.2187564373
        var: 0.388556629419
    barkbands_spread:
        dmean: 5.09556627274
        dmean2: 8.62861251831
        dvar: 32.2368049622
        dvar2: 95.5187911987
        max: 62.375213623
        mean: 31.949464798
        min: 13.4504470825
        var: 58.3497848511
    dissonance:
        dmean: 0.00899265147746
        dmean2: 0.0146073726937
        dvar: 0.00014867381833
        dvar2: 0.000201073635253
        max: 0.499644994736
        mean: 0.484856247902
        min: 0.252003252506
        var: 0.000270217424259
    hfc:
        dmean: 3.33148288727
        dmean2: 5.62735509872
        dvar: 8.57653427124
        dvar2: 24.8061199188
        max: 34.8352622986
        mean: 16.6778755188
        min: 6.76679155731e-06
        var: 24.3847198486
    pitch:
        dmean: 765.120666504
        dmean2: 1499.0234375
        dvar: 1513806.875
        dvar2: 3760588.75
        max: 4410
        mean: 2741.9855957
        min: 74.6192855835
        var: 2536642.75
    pitch_instantaneous_confidence:
        dmean: 0.0819701105356
        dmean2: 0.14200642705
        dvar: 0.00432662293315
        dvar2: 0.011804192327
        max: 0.789751887321
        mean: 0.415286540985
        min: 0.201752662659
        var: 0.0109613249078
    pitch_salience:
        dmean: 0.0442477613688
        dmean2: 0.0730650052428
        dvar: 0.0016293337103
        dvar2: 0.00444948161021
        max: 0.963999152184
        mean: 0.646115601063
        min: 0.404586464167
        var: 0.00738024199381
    silence_rate_20dB:
        dmean: 0
        dmean2: 0
        dvar: 0
        dvar2: 0
        max: 1
        mean: 1
        min: 1
        var: 0
    silence_rate_30dB:
        dmean: 0
        dmean2: 0
        dvar: 0
        dvar2: 0
        max: 1
        mean: 1
        min: 1
        var: 0
    silence_rate_60dB:
        dmean: 0.00464037107304
        dmean2: 0.00930232554674
        dvar: 0.00461882306263
        dvar2: 0.00921580567956
        max: 1
        mean: 0.0231481473893
        min: 0
        var: 0.0226122066379
    spectral_centroid:
        dmean: 217.087814331
        dmean2: 361.885009766
        dvar: 41681.8984375
        dvar2: 116940.03125
        max: 3593.64135742
        mean: 2618.3527832
        min: 1251.58239746
        var: 177056.015625
    spectral_complexity:
        dmean: 3.73255825043
        dmean2: 5.8951048851
        dvar: 10.3493890762
        dvar2: 24.8864326477
        max: 49
        mean: 24.9280738831
        min: 0
        var: 33.4031906128
    spectral_crest:
        dmean: 1.81859922409
        dmean2: 3.08893156052
        dvar: 2.85280108452
        dvar2: 8.51152610779
        max: 18.0132217407
        mean: 7.25970554352
        min: 3.04894375801
        var: 7.64642763138
    spectral_decrease:
        dmean: 2.35447022989e-10
        dmean2: 3.94641708201e-10
        dvar: 6.56962222879e-20
        dvar2: 1.69202495559e-19
        max: -7.33629635177e-16
        mean: -1.30556587763e-09
        min: -3.73155373268e-09
        var: 1.66478305459e-19
    spectral_energy:
        dmean: 0.00115934794303
        dmean2: 0.00193380354904
        dvar: 1.35304117066e-06
        dvar2: 3.58913098353e-06
        max: 0.0172215104103
        mean: 0.00644024182111
        min: 3.38265859767e-09
        var: 3.50844197783e-06
    spectral_energyband_high:
        dmean: 0.000335771532264
        dmean2: 0.000557171879336
        dvar: 8.56707913499e-08
        dvar2: 2.33326261423e-07
        max: 0.00375666632317
        mean: 0.00124517583754
        min: 3.69631408814e-10
        var: 2.61729809381e-07
    spectral_energyband_low:
        dmean: 0.000134377478389
        dmean2: 0.000233099912293
        dvar: 7.95175694179e-08
        dvar2: 2.26257000691e-07
        max: 0.0024955929257
        mean: 0.000269335549092
        min: 6.7871944176e-11
        var: 6.84777248239e-08
    spectral_energyband_middle_high:
        dmean: 0.000836650899146
        dmean2: 0.00147314846981
        dvar: 6.60962541588e-07
        dvar2: 1.92615152628e-06
        max: 0.0090912822634
        mean: 0.00337228714488
        min: 1.61431168433e-09
        var: 1.62118658409e-06
    spectral_energyband_middle_low:
        dmean: 0.000453988614026
        dmean2: 0.000691609515343
        dvar: 3.45708002669e-07
        dvar2: 8.71346117037e-07
        max: 0.00685007032007
        mean: 0.00155336665921
        min: 1.32216626536e-09
        var: 1.5495994603e-06
    spectral_flatness_db:
        dmean: 0.0128361666575
        dmean2: 0.0207905955613
        dvar: 0.0001167680457
        dvar2: 0.00026795908343
        max: 0.200140208006
        mean: 0.145936369896
        min: 0.0566247403622
        var: 0.000402510398999
    spectral_flux:
        dmean: 0.00520476698875
        dmean2: 0.0080048199743
        dvar: 2.76056616713e-05
        dvar2: 5.56963423151e-05
        max: 0.0804200842977
        mean: 0.0458105541766
        min: 5.81606291234e-05
        var: 6.65539191687e-05
    spectral_kurtosis:
        dmean: 0.563761949539
        dmean2: 0.952611207962
        dvar: 0.354394078255
        dvar2: 0.68162560463
        max: 9.54095649719
        mean: 2.44544100761
        min: 0.715471744537
        var: 0.69876396656
    spectral_rms:
        dmean: 0.000222414528253
        dmean2: 0.000364807550795
        dvar: 4.25434301121e-08
        dvar2: 1.00117055979e-07
        max: 0.00409896019846
        mean: 0.00247916160151
        min: 1.81663278909e-06
        var: 1.36911225468e-07
    spectral_rolloff:
        dmean: 212.377365112
        dmean2: 361.095245361
        dvar: 35883.234375
        dvar2: 86320.078125
        max: 5146.43554688
        mean: 4181.13867188
        min: 2928.515625
        var: 132538.140625
    spectral_skewness:
        dmean: 0.100912645459
        dmean2: 0.16296672821
        dvar: 0.0103066451848
        dvar2: 0.0188672412187
        max: 2.44627356529
        mean: 1.04569077492
        min: 0.542124211788
        var: 0.0229171849787
    spectral_spread:
        dmean: 455216.625
        dmean2: 686027.625
        dvar: 1.09845269709e+12
        dvar2: 1.33426564301e+12
        max: 24611668
        mean: 4876246.5
        min: 3442177.5
        var: 1.33951363482e+12
    spectral_strongpeak:
        dmean: 1.07200908661
        dmean2: 1.87715113163
        dvar: 2.11913347244
        dvar2: 5.84321689606
        max: 8.21276950836
        mean: 1.60607886314
        min: 0
        var: 3.04336047173
    zerocrossingrate:
        dmean: 0.00598201295361
        dmean2: 0.00723202573135
        dvar: 4.22471675847e-05
        dvar2: 4.82581963297e-05
        max: 0.17333984375
        mean: 0.135611906648
        min: 0.05859375
        var: 0.000324477266986
    barkbands:
        dmean: [6.64759909341e-07, 3.96103132516e-05, 0.000106726518425, 9.72295747488e-05, 0.000157699643751, 6.06961511949e-05, 3.65158703062e-05, 9.30726382649e-05, 0.000237752508838, 2.63166748482e-05, 2.07584616874e-05, 2.01182810997e-05, 2.6510335374e-05, 2.80722888419e-05, 7.91728816694e-05, 0.000151582120452, 0.000174262735527, 0.000193514773855, 0.000615111552179, 0.000309450901113, 0.000201487695449, 4.02868390665e-05, 9.60760462476e-06, 5.80861251365e-06, 2.73463979283e-06, 5.88582302896e-08, 6.59995058605e-10]
        dmean2: [9.75326088337e-07, 6.84597471263e-05, 0.000183763899258, 0.000159650968271, 0.000258325715549, 9.31000249693e-05, 5.76394158998e-05, 0.000166086494573, 0.00031953479629, 4.14737151004e-05, 3.19769897033e-05, 3.38702993758e-05, 4.49924336863e-05, 4.79175141663e-05, 0.000138847462949, 0.000239411208895, 0.000303755979985, 0.000333187199431, 0.00109620729927, 0.000532512320206, 0.000338000943884, 6.36835393379e-05, 1.46110687638e-05, 9.04707303562e-06, 4.31161333836e-06, 9.29320478349e-08, 9.42700362216e-10]
        dvar: [6.64359929917e-12, 5.68990987659e-09, 4.81558544152e-08, 1.45548524344e-08, 7.69530430489e-08, 2.98770750362e-08, 7.03640790078e-09, 1.6135508929e-08, 6.1748316682e-08, 1.95577776196e-09, 1.27971377939e-09, 7.81190390153e-10, 9.74752500937e-10, 7.84994458325e-10, 4.86956386325e-09, 3.67225858611e-08, 2.28160406124e-08, 4.11877500994e-08, 4.80661867641e-07, 7.78243247623e-08, 3.69051882387e-08, 2.53684251383e-09, 2.72143085844e-10, 8.77386149845e-11, 2.07877829533e-11, 8.80695815347e-15, 3.39361037165e-17]
        dvar2: [9.30722512948e-12, 1.60945567984e-08, 1.3831136414e-07, 4.09175164862e-08, 2.13681843775e-07, 6.50361613452e-08, 1.70592233673e-08, 4.6992060021e-08, 1.11980853035e-07, 4.70438488165e-09, 2.42728082078e-09, 1.98584859668e-09, 2.5028339401e-09, 1.96367677674e-09, 1.25587513722e-08, 8.3602515133e-08, 6.66203447963e-08, 1.17559039836e-07, 1.46321576722e-06, 2.21389953481e-07, 9.95667619463e-08, 6.14572748248e-09, 5.65542446207e-10, 1.70596967108e-10, 4.5998975462e-11, 1.9951434168e-14, 3.41170577473e-17]
        max: [4.26702899858e-05, 0.000697515904903, 0.00214243959635, 0.00105813145638, 0.002815133892, 0.00234442809597, 0.000836282153614, 0.00117651198525, 0.00494227185845, 0.000392731832108, 0.000371785979951, 0.000290596100967, 0.000335561169777, 0.000215260966797, 0.000587510468904, 0.00269216555171, 0.00118209165521, 0.0022193659097, 0.00595745164901, 0.00364749250002, 0.00176113669295, 0.000814916449599, 0.000428542727605, 7.95666273916e-05, 4.08772466471e-05, 1.08035601443e-06, 1.21322798918e-07]
        mean: [6.2689355218e-07, 6.46163098281e-05, 0.000204171883524, 0.000190692517208, 0.000231106896535, 8.75724581419e-05, 4.60201226815e-05, 0.000122435463709, 0.000870554591529, 4.11240507674e-05, 3.06316978822e-05, 3.83968035749e-05, 4.34084577137e-05, 5.2098010201e-05, 0.000165698671481, 0.000318132311804, 0.000405870465329, 0.000487090961542, 0.00129885529168, 0.00097950163763, 0.000605744717177, 0.000110031367512, 2.51740766544e-05, 1.3993477296e-05, 6.57780083202e-06, 1.17745706518e-07, 6.72363553722e-10]
        min: [1.0949501722e-11, 2.9815028918e-11, 3.22870410963e-11, 3.86418050335e-11, 1.17921492016e-10, 1.60785856851e-10, 2.09534389839e-10, 2.87124629628e-10, 4.63257571193e-10, 1.76964068399e-10, 3.76251876877e-11, 5.19647311292e-11, 1.20422088967e-10, 6.45796818799e-11, 2.93639938753e-11, 1.37775207909e-11, 3.87965243265e-10, 7.20005166599e-10, 1.90652615223e-11, 6.40813443975e-11, 2.13909306934e-10, 6.64558269525e-11, 1.3690314507e-11, 2.08050018186e-11, 1.09736542769e-11, 8.79120474334e-12, 5.73412302883e-13]
        var: [6.83425408279e-12, 4.8522514895e-09, 4.59116371587e-08, 2.53432510533e-08, 7.55431983634e-08, 3.35133663043e-08, 8.19714429667e-09, 2.48537137537e-08, 1.0975376199e-06, 3.62583985059e-09, 2.61710786376e-09, 1.97737071161e-09, 1.17318510462e-09, 1.05091402247e-09, 7.42139505405e-09, 1.0505536352e-07, 3.53813014442e-08, 5.60078596834e-08, 8.54659901961e-07, 1.75260240098e-07, 7.85556508731e-08, 8.0870856678e-09, 1.18473875155e-09, 1.57718504923e-10, 2.98782006081e-11, 1.18930862744e-14, 3.40473231129e-17]
    mfcc:
        mean: [-669.163635254, 59.0561408997, -44.0190734863, 66.224357605, -10.7052793503, -8.78124904633, 0.884498596191, -3.65443706512, 10.8365573883, 8.30625724792, -0.177743121982, -5.1522269249, -11.3351316452]
        cov: [[1640.65856934, -88.6440048218, -0.770618855953, 22.6745738983, -12.3348083496, -5.49414920807, -15.0924196243, -24.6609630585, -8.37269973755, 29.2544193268, -40.9188079834, -42.8777542114, 17.8192310333], [-88.6440048218, 218.803848267, -29.608045578, 27.3665161133, -14.1899795532, -43.3924751282, -14.4108171463, -21.7949943542, 0.931632101536, 7.19804906845, -7.0272693634, -24.7811546326, -11.5165157318], [-0.770618855953, -29.608045578, 84.0727767944, -19.0410308838, -5.30618143082, -2.99104332924, -13.9416465759, 1.16286945343, 0.798017859459, -6.43970584869, 0.28273126483, 6.72409200668, -9.14116859436], [22.6745738983, 27.3665161133, -19.0410308838, 75.7647628784, 29.8565654755, 1.4852502346, 4.87544345856, -1.94366931915, -1.04719150066, 17.5512332916, 10.9016838074, -4.92845010757, 6.4450173378], [-12.3348083496, -14.1899795532, -5.30618143082, 29.8565654755, 62.2236328125, 18.3383274078, 19.7950687408, 0.481843501329, -4.67187595367, 2.44335913658, 2.68827152252, 5.81347990036, 10.5110750198], [-5.49414920807, -43.3924751282, -2.99104332924, 1.4852502346, 18.3383274078, 109.73122406, 55.5547294617, 29.599275589, -14.1573877335, -40.9925422668, -11.7149934769, 23.926448822, 38.0388412476], [-15.0924196243, -14.4108171463, -13.9416465759, 4.87544345856, 19.7950687408, 55.5547294617, 72.0562515259, 36.9730186462, 4.52781915665, -20.064157486, -10.3375997543, 6.17750930786, 23.3063030243], [-24.6609630585, -21.7949943542, 1.16286945343, -1.94366931915, 0.481843501329, 29.599275589, 36.9730186462, 59.7716293335, 26.8938655853, 4.87512159348, -2.36021494865, -3.24754095078, 7.21255397797], [-8.37269973755, 0.931632101536, 0.798017859459, -1.04719150066, -4.67187595367, -14.1573877335, 4.52781915665, 26.8938655853, 65.2480316162, 40.1262550354, 6.95116949081, -11.2569713593, -19.2883720398], [29.2544193268, 7.19804906845, -6.43970584869, 17.5512332916, 2.44335913658, -40.9925422668, -20.064157486, 4.87512159348, 40.1262550354, 78.2642364502, 29.7543678284, -10.9503297806, -23.4605007172], [-40.9188079834, -7.0272693634, 0.28273126483, 10.9016838074, 2.68827152252, -11.7149934769, -10.3375997543, -2.36021494865, 6.95116949081, 29.7543678284, 45.2864723206, 16.6757240295, 0.550089359283], [-42.8777542114, -24.7811546326, 6.72409200668, -4.92845010757, 5.81347990036, 23.926448822, 6.17750930786, -3.24754095078, -11.2569713593, -10.9503297806, 16.6757240295, 48.5443916321, 28.4056549072], [17.8192310333, -11.5165157318, -9.14116859436, 6.4450173378, 10.5110750198, 38.0388412476, 23.3063030243, 7.21255397797, -19.2883720398, -23.4605007172, 0.550089359283, 28.4056549072, 58.3942985535]]
        icov: [[0.000752971391194, 0.000563359353691, -0.000200097638299, -0.000437148904894, 0.00066747382516, -0.00013739640417, -0.000207142569707, 0.000943806429859, 0.000184939752216, -0.00118907121941, 0.00119355914649, 0.00101433577947, -0.00108758185524], [0.000563359353691, 0.00644967891276, 0.00115408236161, -0.00324683007784, 0.00295377895236, 0.00234629656188, -0.00172218983062, 0.00307255703956, -0.000860932050273, 0.000254701211816, 0.00158546876628, 0.00239006010816, -0.00147274800111], [-0.000200097638299, 0.00115408236161, 0.014621598646, 0.00222996994853, -0.0017652240349, 0.000120247452287, 0.00523427501321, -0.00384004041553, -0.000664806168061, 0.00353849586099, -0.000412945926655, -0.00368563761003, 0.00395483942702], [-0.000437148904894, -0.00324683007784, 0.00222996994853, 0.021227799356, -0.0101605569944, -0.0022904612124, 0.00187156687025, -0.000895591801964, 0.00216753850691, -0.00372403603978, -0.00537394313142, 0.00514188129455, -0.0030470143538], [0.00066747382516, 0.00295377895236, -0.0017652240349, -0.0101605569944, 0.0251809805632, -0.000750297913328, -0.00942071992904, 0.00693915924057, 0.00156034110114, -0.00495551293716, 0.00347324204631, -0.00110080698505, -0.000889766903128], [-0.00013739640417, 0.00234629656188, 0.000120247452287, -0.0022904612124, -0.000750297913328, 0.0215199999511, -0.00997842848301, -0.00476923957467, 0.00117923284415, 0.00653453916311, 0.00165721878875, -0.00604067603126, -0.00259774085134], [-0.000207142569707, -0.00172218983062, 0.00523427501321, 0.00187156687025, -0.00942071992904, -0.00997842848301, 0.0361011438072, -0.0168385896832, -0.00301541457884, 0.00632372451946, 0.000418832176365, 0.000883652013727, -0.00268585165031], [0.000943806429859, 0.00307255703956, -0.00384004041553, -0.000895591801964, 0.00693915924057, -0.00476923957467, -0.0168385896832, 0.0384827293456, -0.0129884248599, -0.00399499945343, -0.000668483204208, 0.00938282161951, -0.00681241229177], [0.000184939752216, -0.000860932050273, -0.000664806168061, 0.00216753850691, 0.00156034110114, 0.00117923284415, -0.00301541457884, -0.0129884248599, 0.0328606404364, -0.0176041945815, 0.00611412711442, -0.00355555699207, 0.00664281705394], [-0.00118907121941, 0.000254701211816, 0.00353849586099, -0.00372403603978, -0.00495551293716, 0.00653453916311, 0.00632372451946, -0.00399499945343, -0.0176041945815, 0.0385747812688, -0.0211572758853, 0.00414810935035, 0.00384726189077], [0.00119355914649, 0.00158546876628, -0.000412945926655, -0.00537394313142, 0.00347324204631, 0.00165721878875, 0.000418832176365, -0.000668483204208, 0.00611412711442, -0.0211572758853, 0.0451430939138, -0.0195828564465, 0.00130778818857], [0.00101433577947, 0.00239006010816, -0.00368563761003, 0.00514188129455, -0.00110080698505, -0.00604067603126, 0.000883652013727, 0.00938282161951, -0.00355555699207, 0.00414810935035, -0.0195828564465, 0.0459294505417, -0.0200267136097], [-0.00108758185524, -0.00147274800111, 0.00395483942702, -0.0030470143538, -0.000889766903128, -0.00259774085134, -0.00268585165031, -0.00681241229177, 0.00664281705394, 0.00384726189077, 0.00130778818857, -0.0200267136097, 0.0353570282459]]
    spectral_contrast:
        mean: [1.92368887042e-07, 1.06300426239e-07, -1.29866563725e-07, -1.91969135699e-07, -3.10123944303e-08, 1.83308486612e-07, 5.42163718364e-07, -3.35915729011e-06, -2.96363708685e-07, 9.55333803176e-07, -4.42816883606e-07, 1.30051523684e-06]
        var: [0.000297636637697, 0.000314725009957, 0.000802055583335, 0.00164312438574, 0.00257412716746, 0.0041438229382, 0.0238688979298, 0.0729573220015, 0.114566132426, 0.142991930246, 0.221126616001, 0.765970110893]

rhythm:
    beats_loudness:
        dmean: 0.00329678086564
        dmean2: 0.00623784773052
        dvar: 3.48071603185e-06
        dvar2: 8.06659409136e-06
        max: 0.0109244193882
        mean: 0.00743016554043
        min: 0.00404113577679
        var: 5.62461082154e-06
    beats_loudness_bass:
        dmean: 0.039751470089
        dmean2: 0.0682587698102
        dvar: 0.00107864080928
        dvar2: 0.00270791025832
        max: 0.16359475255
        mean: 0.0497564710677
        min: 0.0161952394992
        var: 0.00140757521149
    bpm: 78.1567382812
    bpm_confidence: 0
    first_peak_bpm: 118
    first_peak_spread: 0
    first_peak_weight: 0.5
    onset_rate: 2.39882493019
    second_peak_bpm: 78
    second_peak_spread: 0.142857134342
    second_peak_weight: 0.428571432829
    beats_position: [0.754867017269, 1.52255523205, 2.29024362564, 3.05793190002, 3.82561993599, 4.59330844879, 5.36099672318, 6.17355775833, 6.683552742, 7.19354867935, 7.70354270935, 8.21353912354, 8.7235326767, 9.23352909088, 9.74352264404]
    bpm_estimates: [78.1982116699, 78.116859436, 78.131362915, 78.1805267334]
    bpm_intervals: [0.767688214779, 0.767688393593, 0.767688274384, 0.767688035965, 0.767688512802, 0.767688274384, 0.812561035156, 0.509994983673, 0.509995937347, 0.509994029999, 0.509996414185, 0.509993553162, 0.509996414185, 0.509993553162]
    onset_times: [0.0464399084449, 0.766258478165, 1.16099774837, 1.47446715832, 1.52090704441, 1.91564631462, 2.29877543449, 3.06503391266, 3.23918366432, 3.45977330208, 3.93578219414, 4.60916090012, 5.02712011337, 5.4334692955, 6.1648979187, 6.5596370697, 6.94276666641, 7.34911584854, 7.72063493729, 8.103764534, 8.51011371613, 9.27637195587, 9.4853515625, 9.65950107574]
    rubato_start: [6.683552742]
    rubato_stop: [7.19354867935]
    perceptual_tempo: "unknown"

sfx:
    inharmonicity:
        dmean: 0.0738858804107
        dmean2: 0.131280913949
        dvar: 0.00520092947409
        dvar2: 0.0135490139946
        max: 0.43209245801
        mean: 0.0815487205982
        min: 0
        var: 0.00554510159418
    oddtoevenharmonicenergyratio:
        dmean: 4.26101350784
        dmean2: 8.21761131287
        dvar: 259.030212402
        dvar2: 803.713928223
        max: 191.357788086
        mean: 2.73519682884
        min: 0
        var: 139.458496094
    pitch_after_max_to_before_max_energy_ratio: 2.61673378944
    pitch_centroid: 249.593093872
    pitch_max_to_total: 0.498839914799
    pitch_min_to_total: 0.508120656013
    tristimulus:
        dmean: [0.171546906233, 0.306267589331, 0.236252933741]
        dmean2: [0.311188846827, 0.540936410427, 0.422866970301]
        dvar: [0.0305359791964, 0.0524416267872, 0.0368733555079]
        dvar2: [0.0888394266367, 0.150994792581, 0.10104290396]
        max: [1, 0.990210175514, 0.863779306412]
        mean: [0.22753366828, 0.479444563389, 0.225891008973]
        min: [0.00978980958462, 0, 0]
        var: [0.0423309579492, 0.0786239430308, 0.049198653549]

tonal:
    chords_changes_rate: 0.0555555559695
    chords_number_rate: 0.0324074067175
    chords_strength:
        dmean: 0.00666085351259
        dmean2: 0.0076857348904
        dvar: 2.79674350168e-05
        dvar2: 4.34511930507e-05
        max: 0.555149912834
        mean: 0.412931770086
        min: 0.313490092754
        var: 0.00439538061619
    key_strength: 0.622266709805
    tuning_diatonic_strength: 0.54630190134
    tuning_equal_tempered_deviation: 0.183550104499
    tuning_frequency: 447.949737549
    tuning_nontempered_energy_ratio: 0.844062447548
    hpcp:
        dmean: [0.156789213419, 0.120936028659, 0.12029132247, 0.107799164951, 0.0963707342744, 0.115244299173, 0.155422106385, 0.139000803232, 0.126911506057, 0.106086090207, 0.0664312690496, 0.0816693753004, 0.104402199388, 0.115315280855, 0.139813542366, 0.149938315153, 0.138069838285, 0.136146649718, 0.070533901453, 0.0609442032874, 0.163360401988, 0.181520193815, 0.0995681285858, 0.0569393970072, 0.0627329200506, 0.0665168911219, 0.0706683024764, 0.0694321841002, 0.0772054791451, 0.0892341434956, 0.105921387672, 0.134999871254, 0.135105490685, 0.132379665971, 0.129459559917, 0.133777722716]
        dmean2: [0.255572140217, 0.202309921384, 0.20447075367, 0.179356783628, 0.158064499497, 0.19315956533, 0.26643589139, 0.227380260825, 0.210152417421, 0.178700640798, 0.110980518162, 0.136874631047, 0.178588226438, 0.197309151292, 0.213986054063, 0.234713435173, 0.236129373312, 0.228925764561, 0.119750104845, 0.0994119495153, 0.279750823975, 0.316574275494, 0.161118134856, 0.0984414070845, 0.108808323741, 0.108985155821, 0.112806640565, 0.115085020661, 0.124480888247, 0.145538374782, 0.179099097848, 0.228600919247, 0.235796779394, 0.221534609795, 0.211100295186, 0.219068065286]
        dvar: [0.0224595852196, 0.0125025138259, 0.0161333512515, 0.0152858812362, 0.00840484444052, 0.0104664899409, 0.0262518264353, 0.0181319750845, 0.0183594990522, 0.0141228819266, 0.00522701395676, 0.011658705771, 0.0140184471384, 0.0150141911581, 0.0188545938581, 0.016822071746, 0.021925309673, 0.0258770138025, 0.00672181043774, 0.00365428812802, 0.030868427828, 0.0450917258859, 0.00765591533855, 0.00426694331691, 0.00639923010021, 0.00718679977581, 0.0102844890207, 0.00877819210291, 0.0121397776529, 0.0120649961755, 0.0212840083987, 0.0209099240601, 0.0190432686359, 0.0167798809707, 0.0235736761242, 0.0236708708107]
        dvar2: [0.0650607123971, 0.0346099101007, 0.0450604110956, 0.0417858213186, 0.0228002779186, 0.0279364045709, 0.0661050826311, 0.050701264292, 0.0465371794999, 0.037588275969, 0.0147540615872, 0.0356347262859, 0.037665784359, 0.0345230139792, 0.0484605915844, 0.052086122334, 0.0606167428195, 0.0634204000235, 0.0187882836908, 0.00896621122956, 0.0875892266631, 0.121214002371, 0.0194107349962, 0.0121865253896, 0.0188691578805, 0.0184701699764, 0.0244174562395, 0.021214896813, 0.0253591667861, 0.0275077614933, 0.059230312705, 0.0605011954904, 0.0503217689693, 0.0460543632507, 0.0694129616022, 0.0605663508177]
        max: [1, 1, 0.997102022171, 1, 0.81670832634, 0.775409579277, 1, 1, 1, 1, 0.644810199738, 0.790246367455, 0.862186431885, 1, 1, 1, 1, 1, 0.595035374165, 0.761923730373, 1, 1, 0.774481654167, 0.542985200882, 0.670818507671, 0.742962539196, 0.914485752583, 0.711671411991, 1, 0.856215715408, 1, 1, 1, 1, 1, 1]
        mean: [0.380017220974, 0.311545878649, 0.301264822483, 0.303868710995, 0.266984045506, 0.280995100737, 0.328743875027, 0.320680201054, 0.314835131168, 0.246358931065, 0.162886679173, 0.171258375049, 0.20742470026, 0.271310925484, 0.385075569153, 0.390303790569, 0.36035618186, 0.292463898659, 0.143606960773, 0.135024517775, 0.425227224827, 0.611947119236, 0.329214781523, 0.111764766276, 0.115305118263, 0.132981717587, 0.148569494486, 0.148900434375, 0.157213523984, 0.166742011905, 0.195756018162, 0.304310053587, 0.417339831591, 0.345477730036, 0.320452809334, 0.414339870214]
        min: [0.0217710658908, 0.0214094594121, 0.0230277162045, 0.0177007876337, 0.0169760398567, 0.0214817281812, 0.0290009398013, 0.0394732430577, 0.0323980227113, 0.0213709995151, 0.0133482599631, 0.0112628778443, 0.0140614723787, 0.0299163516611, 0.0334366410971, 0.0224249474704, 0.0153913982213, 0.00797595269978, 0.00861315615475, 0.00898667797446, 0.0419444032013, 0.0465421415865, 0.0208931304514, 0.00715239252895, 0.0122483847663, 0.0102470787242, 0.00654571456835, 0.00906275585294, 0.0147211691365, 0.00856845546514, 0.0162894558161, 0.00683657778427, 0.022864036262, 0.0303151700646, 0.0163825247437, 0.0134854735807]
        var: [0.0682406648993, 0.0423477254808, 0.0476944632828, 0.0562183186412, 0.0356962867081, 0.0232197400182, 0.0430266335607, 0.037073366344, 0.0540843643248, 0.0327970646322, 0.0136550469324, 0.0206383429468, 0.0269269496202, 0.0306477099657, 0.0475150197744, 0.0536645427346, 0.0861153751612, 0.0822953060269, 0.0144172357395, 0.0116753941402, 0.0460317544639, 0.108157619834, 0.0327227972448, 0.00784617476165, 0.0094667384401, 0.0137138897553, 0.0201256349683, 0.0165084283799, 0.0205697901547, 0.0229151751846, 0.0300821661949, 0.0512138791382, 0.109132058918, 0.0676222220063, 0.0731096193194, 0.117628850043]
    chords_histogram: [14.3518514633, 34.2592582703, 11.1111106873, 8.33333301544, 0, 0, 0, 0, 0, 0, 0, 12.0370368958, 0, 0, 0, 0, 0, 0.462962955236, 0, 0, 7.87037038803, 0, 11.5740737915, 0]
    thpcp: [1, 0.537979125977, 0.182637944818, 0.188423335552, 0.217309162021, 0.242781594396, 0.243322387338, 0.256907045841, 0.272477805614, 0.319890409708, 0.497281610966, 0.681986749172, 0.564554870129, 0.523660957813, 0.677084445953, 0.620996832848, 0.509105861187, 0.49230530858, 0.496560394764, 0.436286151409, 0.4591819942, 0.537209630013, 0.524032533169, 0.514480948448, 0.40258204937, 0.266177713871, 0.279858142138, 0.338958531618, 0.443356812, 0.629262804985, 0.637806415558, 0.588868200779, 0.477923482656, 0.234672173858, 0.220647364855, 0.694875776768]
    chords_key: "C#"
    chords_scale: "minor"
    key_key: "A"
    key_scale: "major"
    chords_progression: ["Cm", "Cm", "Cm", "Cm", "Cm", "Cm", "Cm", "Cm", "Cm", "Cm", "Cm", "Cm", "Cm", "Cm", "Cm", "Cm", "Cm", "Cm", "Cm", "Cm", "Cm", "Cm", "Cm", "Cm", "Cm", "Cm", "C#m", "C#m", "C#m", "C#m", "C#m", "C#m", "C#m", "C#m", "C#m", "C#m", "C#m", "C#m", "C#m", "C#m", "C#m", "C#m", "C#m", "C#m", "C#m", "C#m", "C#m", "C#m", "C#m", "C#m", "C#m", "E", "E", "E", "E", "E", "E", "E", "E", "E", "E", "E", "E", "E", "E", "E", "E", "E", "E", "E", "E", "E", "E", "E", "E", "A", "A", "A", "A", "A", "A", "A", "A", "A", "A", "A", "A", "A", "A", "Am", "A", "A", "A", "A", "A", "A", "A", "A", "A", "A", "A", "A", "A", "A", "A", "A", "A", "C#m", "C#m", "C#m", "C#m", "C#m", "D", "D", "D", "D", "D", "D", "D", "D", "D", "D", "D", "D", "D", "D", "D", "D", "D", "D", "D", "D", "D", "D", "D", "D", "D", "G", "G", "G", "G", "G", "G", "G", "G", "G", "G", "G", "G", "G", "G", "G", "G", "G", "G#m", "G#m", "G#m", "G#m", "G#m", "G#m", "G#m", "G#m", "G#m", "G#m", "G#m", "G#m", "G#m", "G#m", "G#m", "C#m", "C#m", "G#m", "G#m", "G#m", "C#m", "C#m", "C#m", "C#m", "C#m", "C#m", "C#m", "C#m", "C#m", "C#m", "C#m", "C#m", "C#m", "C#m", "C#m", "C#m", "C#m", "C#m", "C#m", "C#m", "C#m", "C#m", "C#m", "C#m", "C#m", "C#m", "C#m", "C#m", "C#m", "C#m", "C#m", "C#m", "C#m", "C#m", "C#m", "C#m", "C#m", "C#m", "C#m", "C#m", "C#m", "C#m"]
