
metadata:
    version:
        essentia: "1.2.2"
    audio_properties:
        analysis_sample_rate: 44100
        bitrate: 128
        channels: 2
        equal_loudness: 1
        length: 10.0310201645
        replay_gain: -9.31052207947
        downmix: "mix"
    tags:
        track: 19
        year: 0
        album: "Splitted by Mp3Splt v. 2.1"
        artist: "From 003.00 To 003.10"
        comment: "http://mp3splt.sf.net"
        genre: ""
        title: "03 Sunshine.mp3"

highlevel:
    ballroom:
        all:
            ChaChaCha: 0.0309338215739
            Jive: 0.347809761763
            Quickstep: 0.114176206291
            Rumba-American: 0.00394242443144
            Rumba-International: 0.00705729983747
            Rumba-Misc: 0.00702425837517
            Samba: 0.0241826251149
            Tango: 0.0560647696257
            VienneseWaltz: 0.36963891983
            Waltz: 0.0391699299216
        probability: 0.36963891983
        value: "VienneseWaltz"
    culture:
        all:
            non_western: 0.230860352516
            western: 0.769139647484
        probability: 0.769139647484
        value: "western"
    gender:
        all:
            female: 0.404040366411
            male: 0.595959603786
        probability: 0.595959603786
        value: "male"
    genre_dortmund:
        all:
            alternative: 0.230687528849
            blues: 0.00274318666197
            electronic: 0.0752305313945
            folkcountry: 0.102141544223
            funksoulrnb: 0.0155018502846
            jazz: 0.0140815712512
            pop: 0.0558378882706
            raphiphop: 0.00105959433131
            rock: 0.502716302872
        probability: 0.502716302872
        value: "rock"
    genre_electronica:
        all:
            ambient: 0.421745538712
            dnb: 0.372113466263
            house: 0.0153127070516
            techno: 0.0108456211165
            trance: 0.179982662201
        probability: 0.421745538712
        value: "ambient"
    genre_rosamerica:
        all:
            cla: 0.0947517305613
            dan: 0.00717016216367
            hip: 0.00299023115076
            jaz: 0.00273306714371
            pop: 0.0116215003654
            rhy: 0.00304580107331
            roc: 0.876828432083
            spe: 0.000859097577631
        probability: 0.876828432083
        value: "roc"
    genre_tzanetakis:
        all:
            blu: 0.0162964258343
            cla: 0.229905188084
            cou: 0.0441149696708
            dis: 0.0303872525692
            hip: 0.00442373985425
            jaz: 0.0306588709354
            met: 0.0577395670116
            pop: 0.0203920993954
            reg: 0.00603041471913
            roc: 0.560051441193
        probability: 0.560051441193
        value: "roc"
    live_studio:
        all:
            live: 0.542443990707
            studio: 0.45755597949
        probability: 0.542443990707
        value: "live"
    mood:
        all:
            Cluster1: 0.568716466427
            Cluster2: 0.0753329470754
            Cluster3: 0.0437725521624
            Cluster4: 0.0741549506783
            Cluster5: 0.238023102283
        probability: 0.568716466427
        value: "Cluster1"
    mood_acoustic:
        all:
            acoustic: 0.0294871982187
            not_acoustic: 0.970512807369
        probability: 0.970512807369
        value: "not_acoustic"
    mood_aggressive:
        all:
            aggressive: 0.956757068634
            not_aggressive: 0.0432429425418
        probability: 0.956757068634
        value: "aggressive"
    mood_electronic:
        all:
            electronic: 0.271518498659
            not_electronic: 0.728481471539
        probability: 0.728481471539
        value: "not_electronic"
    mood_happy:
        all:
            happy: 0.765293836594
            not_happy: 0.234706178308
        probability: 0.765293836594
        value: "happy"
    mood_party:
        all:
            not_party: 0.55467069149
            party: 0.445329338312
        probability: 0.55467069149
        value: "not_party"
    mood_relaxed:
        all:
            not_relaxed: 0.911112010479
            relaxed: 0.0888879820704
        probability: 0.911112010479
        value: "not_relaxed"
    mood_sad:
        all:
            not_sad: 0.827158510685
            sad: 0.172841489315
        probability: 0.827158510685
        value: "not_sad"
    rhythm:
        all:
            fast: 0.790993273258
            medium: 0.0880231037736
            slow: 0.120983630419
        probability: 0.790993273258
        value: "fast"
    speech_music:
        all:
            music: 0.993056237698
            speech: 0.00694373482838
        probability: 0.993056237698
        value: "music"
    timbre:
        all:
            bright: 0.902990877628
            dark: 0.0970091000199
        probability: 0.902990877628
        value: "bright"
    voice_instrumental:
        all:
            instrumental: 0.17121642828
            voice: 0.82878357172
        probability: 0.82878357172
        value: "voice"

lowlevel:
    average_loudness: 0.951041519642
    barkbands_kurtosis:
        dmean: 0.286980003119
        dmean2: 0.464368373156
        dvar: 0.0661130324006
        dvar2: 0.16255158186
        max: 0.856080532074
        mean: -1.05663728714
        min: -1.6764985323
        var: 0.133532419801
    barkbands_skewness:
        dmean: 0.275770366192
        dmean2: 0.440116494894
        dvar: 0.041953060776
        dvar2: 0.108280837536
        max: 0.608646512032
        mean: -0.228178918362
        min: -1.20279538631
        var: 0.116779983044
    barkbands_spread:
        dmean: 3.78531599045
        dmean2: 5.97587299347
        dvar: 11.1931829453
        dvar2: 23.545791626
        max: 42.3128204346
        mean: 26.2085494995
        min: 14.0381755829
        var: 27.7909793854
    dissonance:
        dmean: 0.0150998570025
        dmean2: 0.0254761669785
        dvar: 0.000166370562511
        dvar2: 0.000436277827248
        max: 0.499846875668
        mean: 0.468662410975
        min: 0.401593923569
        var: 0.000310799659928
    hfc:
        dmean: 1.92042434216
        dmean2: 2.98639512062
        dvar: 4.52842187881
        dvar2: 10.2902317047
        max: 25.5241699219
        mean: 8.47097492218
        min: 0.184426054358
        var: 14.9520254135
    pitch:
        dmean: 463.993652344
        dmean2: 890.279296875
        dvar: 822784.375
        dvar2: 2278842.25
        max: 3675
        mean: 484.938659668
        min: 73.5
        var: 600515
    pitch_instantaneous_confidence:
        dmean: 0.0684949457645
        dmean2: 0.116757467389
        dvar: 0.00291126733646
        dvar2: 0.00743168964982
        max: 0.63187122345
        mean: 0.346014708281
        min: 0.160879075527
        var: 0.00939972512424
    pitch_salience:
        dmean: 0.0475868619978
        dmean2: 0.082792237401
        dvar: 0.00128906301688
        dvar2: 0.00372128700837
        max: 0.807977318764
        mean: 0.676897287369
        min: 0.517491281033
        var: 0.00250752875581
    silence_rate_20dB:
        dmean: 0
        dmean2: 0
        dvar: 0
        dvar2: 0
        max: 1
        mean: 1
        min: 1
        var: 0
    silence_rate_30dB:
        dmean: 0
        dmean2: 0
        dvar: 0
        dvar2: 0
        max: 1
        mean: 1
        min: 1
        var: 0
    silence_rate_60dB:
        dmean: 0.101851850748
        dmean2: 0.204176336527
        dvar: 0.0914779752493
        dvar2: 0.185690149665
        max: 1
        mean: 0.224018469453
        min: 0
        var: 0.17383441329
    spectral_centroid:
        dmean: 173.330947876
        dmean2: 289.717773438
        dvar: 17594.9648438
        dvar2: 44650.734375
        max: 2397.91162109
        mean: 1724.45959473
        min: 1180.91674805
        var: 47213.8320312
    spectral_complexity:
        dmean: 3.57772612572
        dmean2: 5.79534864426
        dvar: 10.197555542
        dvar2: 23.027923584
        max: 38
        mean: 20.0763893127
        min: 0
        var: 33.9640922546
    spectral_crest:
        dmean: 1.30012702942
        dmean2: 2.29870200157
        dvar: 1.64119911194
        dvar2: 4.69583940506
        max: 11.989730835
        mean: 4.97178316116
        min: 2.56560111046
        var: 2.40633511543
    spectral_decrease:
        dmean: 2.59983673478e-10
        dmean2: 4.07362116261e-10
        dvar: 7.75722934492e-20
        dvar2: 1.64455034605e-19
        max: -1.8530782811e-11
        mean: -1.11636933031e-09
        min: -3.72885189392e-09
        var: 2.90024050121e-19
    spectral_energy:
        dmean: 0.00113721983507
        dmean2: 0.00177875184454
        dvar: 1.48026776969e-06
        dvar2: 3.11266830977e-06
        max: 0.0163886621594
        mean: 0.00498177483678
        min: 8.66674236022e-05
        var: 5.60185117138e-06
    spectral_energyband_high:
        dmean: 8.01937712822e-05
        dmean2: 0.000130458458443
        dvar: 1.39341738148e-08
        dvar2: 3.57414542407e-08
        max: 0.00116887327749
        mean: 0.000226887583267
        min: 4.65975335828e-06
        var: 2.00355785296e-08
    spectral_energyband_low:
        dmean: 9.67536543612e-05
        dmean2: 0.000164671393577
        dvar: 1.4470497689e-08
        dvar2: 3.60276217748e-08
        max: 0.000958067772444
        mean: 0.000146127902553
        min: 1.12120790163e-06
        var: 2.30148735625e-08
    spectral_energyband_middle_high:
        dmean: 0.000772364262957
        dmean2: 0.00123936810996
        dvar: 5.87814099617e-07
        dvar2: 1.44491434639e-06
        max: 0.0111341103911
        mean: 0.00317175476812
        min: 6.64854014758e-05
        var: 2.65245171249e-06
    spectral_energyband_middle_low:
        dmean: 0.000568185991142
        dmean2: 0.000869504234288
        dvar: 4.33618254192e-07
        dvar2: 9.62137164606e-07
        max: 0.00707390485331
        mean: 0.00143700640183
        min: 1.44010236909e-05
        var: 9.11448353236e-07
    spectral_flatness_db:
        dmean: 0.0138469329104
        dmean2: 0.0200482793152
        dvar: 0.000119712240121
        dvar2: 0.000244546419708
        max: 0.19838128984
        mean: 0.151166886091
        min: 0.0988687500358
        var: 0.000345875479979
    spectral_flux:
        dmean: 0.00611365865916
        dmean2: 0.00937514286488
        dvar: 4.50671905128e-05
        dvar2: 8.67124545039e-05
        max: 0.0821393281221
        mean: 0.0408164747059
        min: 0.00930953398347
        var: 0.000125287770061
    spectral_kurtosis:
        dmean: 1.51187109947
        dmean2: 2.63412737846
        dvar: 2.13458681107
        dvar2: 5.68607664108
        max: 19.0739555359
        mean: 5.42728185654
        min: 2.14298200607
        var: 3.06860208511
    spectral_rms:
        dmean: 0.000243434813456
        dmean2: 0.00037584247184
        dvar: 5.88519917244e-08
        dvar2: 1.09897349887e-07
        max: 0.00399861717597
        mean: 0.00214820750989
        min: 0.000290780997602
        var: 2.45480947569e-07
    spectral_rolloff:
        dmean: 199.893966675
        dmean2: 345.582855225
        dvar: 28805.640625
        dvar2: 76946.8984375
        max: 3746.77734375
        mean: 3102.37719727
        min: 2390.18554688
        var: 52539.1289062
    spectral_skewness:
        dmean: 0.200968235731
        dmean2: 0.320367068052
        dvar: 0.0346862711012
        dvar2: 0.0772810056806
        max: 3.62572908401
        mean: 1.50572133064
        min: 0.909884870052
        var: 0.0625414699316
    spectral_spread:
        dmean: 363519.96875
        dmean2: 490536.75
        dvar: 132748009472
        dvar2: 216469635072
        max: 6550359
        mean: 3224086.25
        min: 2273319.25
        var: 369593384960
    spectral_strongpeak:
        dmean: 0.489537388086
        dmean2: 0.827780842781
        dvar: 0.276145607233
        dvar2: 0.724774599075
        max: 4.04707050323
        mean: 0.773535907269
        min: 0.0382529348135
        var: 0.410255014896
    zerocrossingrate:
        dmean: 0.00527932867408
        dmean2: 0.00684615736827
        dvar: 2.53972611972e-05
        dvar2: 3.57255376002e-05
        max: 0.123046875
        mean: 0.0943332239985
        min: 0.05078125
        var: 9.55758951022e-05
    barkbands:
        dmean: [1.56845288757e-07, 2.9387198083e-05, 7.90391495684e-05, 0.000100435747299, 0.000175368651981, 0.000103452497569, 6.56046977383e-05, 0.000265053182375, 0.00014460409875, 0.000253426551353, 0.000115345887025, 0.000168695565662, 8.08247859823e-05, 6.78231954225e-05, 0.000165162418853, 0.000107915577246, 0.000218162167585, 0.000204289826797, 0.000192418869119, 8.49560237839e-05, 4.27392951678e-05, 9.4204369816e-06, 1.20916763535e-06, 4.16011772586e-07, 3.45761264953e-07, 2.53371670311e-08, 3.57365248504e-10]
        dmean2: [2.61297458337e-07, 5.10137579113e-05, 0.00013177486835, 0.000168530881638, 0.000278075545793, 0.000169073668076, 0.000102468024124, 0.000409258005675, 0.000233357975958, 0.000425303500379, 0.000183603755431, 0.000275448604953, 0.000129359483253, 0.000108100852231, 0.000288777519017, 0.000179575145012, 0.000360646925401, 0.000344428641256, 0.000312842661515, 0.000145777550642, 6.8648114393e-05, 1.57482245413e-05, 1.82281848993e-06, 5.50217464479e-07, 4.54244371895e-07, 3.79659645944e-08, 5.49611578471e-10]
        dvar: [1.16533234343e-13, 3.86462328805e-09, 8.60121929236e-09, 2.59161172522e-08, 6.45955182677e-08, 2.20526441552e-08, 8.44689118651e-09, 1.67787959526e-07, 2.79283476345e-08, 1.76241925942e-07, 3.39363275259e-08, 8.67235243618e-08, 1.47336400858e-08, 5.57078783103e-09, 3.01367784061e-08, 9.55970502758e-09, 4.52487363134e-08, 5.36607416279e-08, 3.70043586884e-08, 1.16296900998e-08, 3.54057827501e-09, 4.4911821484e-10, 4.06305674869e-12, 3.04659563636e-13, 2.37043268044e-13, 2.39891186783e-15, 6.60993699559e-18]
        dvar2: [2.71775386484e-13, 1.04361914666e-08, 2.28197283292e-08, 7.2128955253e-08, 1.45449831734e-07, 5.55057049212e-08, 2.08180210848e-08, 4.15430065459e-07, 7.48467741118e-08, 5.8212890508e-07, 7.28680973339e-08, 2.27394323815e-07, 4.02407209776e-08, 1.38461526689e-08, 7.87890854781e-08, 2.72863172057e-08, 1.09858042663e-07, 1.42746102938e-07, 9.54797698682e-08, 2.92715540695e-08, 9.70362812325e-09, 1.1837344438e-09, 8.84709753374e-12, 4.81235711003e-13, 3.6122268913e-13, 5.38123546577e-15, 6.83129052751e-18]
        max: [2.41323095906e-06, 0.000440830131993, 0.000933303963393, 0.00129245955031, 0.00216802558862, 0.00199869298376, 0.000974701950327, 0.00375674618408, 0.00138421729207, 0.00425901589915, 0.00269612134434, 0.00422556838021, 0.00152740220074, 0.000757173693273, 0.00166370300576, 0.000755618384574, 0.00220123003237, 0.00298600783572, 0.00206168578006, 0.000921023602132, 0.00072374206502, 0.000256553874351, 1.79880898941e-05, 7.68766221881e-06, 6.97591258358e-06, 6.77732884924e-07, 5.32499164763e-08]
        mean: [1.53664458935e-07, 2.8957194445e-05, 0.000117021765618, 0.000130217566038, 0.00029653206002, 0.000200096852495, 0.000134904359584, 0.000388878950616, 0.000231234516832, 0.00040161353536, 0.000201719536562, 0.000304554967443, 0.000143134515383, 0.000137489216286, 0.000320729537634, 0.000216866450501, 0.000474155909615, 0.00048909074394, 0.000450640538475, 0.000183424082934, 0.000110507346108, 1.55640354933e-05, 2.65321978077e-06, 9.98917585093e-07, 6.15074895904e-07, 2.63250772292e-08, 3.38064548577e-10]
        min: [7.42881103855e-11, 3.01646423395e-08, 9.99986809802e-07, 2.11056521948e-06, 3.15416355079e-06, 2.03713443625e-06, 8.51192396567e-07, 4.10145548813e-06, 7.27215251572e-07, 1.26905592879e-06, 1.03064891732e-07, 3.6748540424e-06, 7.25409836377e-06, 3.12234942612e-06, 1.07528239823e-06, 8.02307567938e-06, 1.74292072188e-05, 2.07174271054e-05, 3.05235380438e-06, 2.10162488656e-06, 2.78147444988e-06, 4.75014104495e-07, 1.5710971013e-07, 5.95037903395e-08, 2.29040946209e-08, 2.97973395957e-10, 1.90455683451e-13]
        var: [1.21908762924e-13, 3.07755221307e-09, 1.56920059169e-08, 2.46875924148e-08, 9.39981532611e-08, 4.08455598233e-08, 2.32526335964e-08, 2.71193641765e-07, 4.69966821015e-08, 2.56491716755e-07, 8.22655650268e-08, 2.44498323809e-07, 2.17915125944e-08, 1.14603171397e-08, 5.95253233371e-08, 1.47404648487e-08, 7.50934887606e-08, 9.12672319942e-08, 8.69650236268e-08, 1.70533542843e-08, 5.09116127034e-09, 4.83431905618e-10, 8.40732691798e-12, 9.35992602868e-13, 5.92480437541e-13, 2.67835587218e-15, 6.58811721181e-18]
    mfcc:
        mean: [-696.085449219, 125.872802734, -83.5669021606, 43.2206611633, -18.8193321228, -11.9055490494, 0.688830137253, -4.97723293304, 0.507637858391, -8.20211791992, -6.99106121063, -4.27663421631, -10.0345172882]
        cov: [[845.678894043, -138.055862427, 160.190750122, -30.1951999664, -18.1446628571, 67.3460922241, 17.2454776764, 36.1058006287, -36.0063743591, -14.0850076675, 47.9684181213, -76.1253509521, 31.2391052246], [-138.055862427, 273.954101562, -94.9893798828, 40.4364089966, 4.52349281311, -17.3069705963, 56.1266822815, -6.32214164734, 27.797908783, 22.1656780243, -3.8910138607, 34.3525810242, -6.9686961174], [160.190750122, -94.9893798828, 181.414962769, 31.5460987091, 38.8903884888, 14.5086889267, -33.5031280518, 0.633474349976, -14.1867704391, -19.742275238, 12.799487114, -8.81522083282, 14.2093505859], [-30.1951999664, 40.4364089966, 31.5460987091, 100.729614258, 44.145488739, 9.50197505951, -1.68346869946, -8.98433685303, 6.22076272964, -3.14201784134, -3.93839120865, 18.5034294128, 3.91919708252], [-18.1446628571, 4.52349281311, 38.8903884888, 44.145488739, 88.4237976074, 28.2492141724, 20.2766342163, 2.29466938972, 12.7193908691, -2.6205034256, -5.40534687042, 12.0451583862, 6.11538696289], [67.3460922241, -17.3069705963, 14.5086889267, 9.50197505951, 28.2492141724, 57.8338012695, 30.8359470367, 14.3111429214, -4.46523571014, -5.9104309082, 1.05709278584, -5.50465297699, 4.42381572723], [17.2454776764, 56.1266822815, -33.5031280518, -1.68346869946, 20.2766342163, 30.8359470367, 89.3377761841, 25.2350940704, 15.3594331741, 3.80469346046, 1.41707825661, -1.98700988293, -3.33655500412], [36.1058006287, -6.32214164734, 0.633474349976, -8.98433685303, 2.29466938972, 14.3111429214, 25.2350940704, 55.0774993896, 22.2039299011, 12.1488904953, 8.83899593353, -7.03344631195, 2.44805526733], [-36.0063743591, 27.797908783, -14.1867704391, 6.22076272964, 12.7193908691, -4.46523571014, 15.3594331741, 22.2039299011, 53.4524269104, 26.5715751648, 2.90954089165, 5.43292379379, -1.69119858742], [-14.0850076675, 22.1656780243, -19.742275238, -3.14201784134, -2.6205034256, -5.9104309082, 3.80469346046, 12.1488904953, 26.5715751648, 50.6383666992, 20.2413578033, 7.4655752182, 0.961072742939], [47.9684181213, -3.8910138607, 12.799487114, -3.93839120865, -5.40534687042, 1.05709278584, 1.41707825661, 8.83899593353, 2.90954089165, 20.2413578033, 45.1401596069, 11.4603910446, 11.0194635391], [-76.1253509521, 34.3525810242, -8.81522083282, 18.5034294128, 12.0451583862, -5.50465297699, -1.98700988293, -7.03344631195, 5.43292379379, 7.4655752182, 11.4603910446, 51.1299171448, 15.0490112305], [31.2391052246, -6.9686961174, 14.2093505859, 3.91919708252, 6.11538696289, 4.42381572723, -3.33655500412, 2.44805526733, -1.69119858742, 0.961072742939, 11.0194635391, 15.0490112305, 38.1154556274]]
        icov: [[0.00224794563837, -6.59265933791e-05, -0.0018725679256, 0.000140810429002, 0.00151626695879, -0.00196850975044, -0.000818347500172, 6.70397421345e-05, 0.000456969661172, -8.95587945706e-05, -0.00197730958462, 0.00342819839716, -0.0020209425129], [-6.59265933791e-05, 0.0068922531791, 0.00239945412613, -0.003667634679, 0.000897345540579, 0.00355514069088, -0.00528391962871, 0.00176344322972, -0.000731586711481, -0.00140844413545, 0.000769176054746, -0.00283434335142, 0.000564115587622], [-0.0018725679256, 0.00239945412613, 0.0115367332473, -0.00294843572192, -0.00584631972015, 0.00211687991396, 0.0040401420556, -0.00150040932931, -2.95702211588e-05, 0.00426271976903, -0.00393687840551, 0.000488199235406, -4.52816857432e-05], [0.000140810429002, -0.003667634679, -0.00294843572192, 0.0159617271274, -0.0058249742724, -0.00284376437776, 0.00355975562707, 0.00123690080363, -0.00125393504277, 0.000972171023022, 0.000890967086889, -0.00270994193852, 0.000900982122403], [0.00151626695879, 0.000897345540579, -0.00584631972015, -0.0058249742724, 0.0226345397532, -0.00894098170102, -0.00541118253022, 0.00381073052995, -0.00598188955337, -0.000989429769106, 0.00395665131509, -0.00277321692556, -0.00190192717128], [-0.00196850975044, 0.00355514069088, 0.00211687991396, -0.00284376437776, -0.00894098170102, 0.0322377495468, -0.0100830234587, -0.00539982831106, 0.00795336719602, -0.000701451615896, 0.00118899031077, -0.000207324497751, -0.000967638101429], [-0.000818347500172, -0.00528391962871, 0.0040401420556, 0.00355975562707, -0.00541118253022, -0.0100830234587, 0.0233141295612, -0.00664403475821, -0.00294250203297, 0.00482312450185, -0.00321582565084, 0.00154201919213, 0.00240724044852], [6.70397421345e-05, 0.00176344322972, -0.00150040932931, 0.00123690080363, 0.00381073052995, -0.00539982831106, -0.00664403475821, 0.0293358005583, -0.0130956592038, -0.000413850473706, -0.00355202099308, 0.00354832992889, -0.00269550457597], [0.000456969661172, -0.000731586711481, -2.95702211588e-05, -0.00125393504277, -0.00598188955337, 0.00795336719602, -0.00294250203297, -0.0130956592038, 0.0361979939044, -0.0171161070466, 0.00651796953753, -0.00108293478843, 0.000832729623653], [-8.95587945706e-05, -0.00140844413545, 0.00426271976903, 0.000972171023022, -0.000989429769106, -0.000701451615896, 0.00482312450185, -0.000413850473706, -0.0171161070466, 0.0375408902764, -0.0178090594709, 0.00129948370159, 0.00174537533894], [-0.00197730958462, 0.000769176054746, -0.00393687840551, 0.000890967086889, 0.00395665131509, 0.00118899031077, -0.00321582565084, -0.00355202099308, 0.00651796953753, -0.0178090594709, 0.0380771160126, -0.0115004209802, -0.00341837340966], [0.00342819839716, -0.00283434335142, 0.000488199235406, -0.00270994193852, -0.00277321692556, -0.000207324497751, 0.00154201919213, 0.00354832992889, -0.00108293478843, 0.00129948370159, -0.0115004209802, 0.0353012755513, -0.0135490428656], [-0.0020209425129, 0.000564115587622, -4.52816857432e-05, 0.000900982122403, -0.00190192717128, -0.000967638101429, 0.00240724044852, -0.00269550457597, 0.000832729623653, 0.00174537533894, -0.00341837340966, -0.0135490428656, 0.03505185619]]
    spectral_contrast:
        mean: [-1.36227482628e-08, 6.71759536885e-09, 5.97253730916e-08, 5.70564431257e-08, 7.83863196574e-09, -2.98954546452e-07, -2.68069129561e-06, -1.35973095894e-07, 1.26521896959e-07, -1.3631803597e-07, -7.98453868356e-07, -3.89775722809e-09]
        var: [0.000213577906834, 0.00033139064908, 0.000747055804823, 0.00195226212963, 0.00233331602067, 0.00344722880982, 0.0256035104394, 0.0476089455187, 0.0962068736553, 0.154628053308, 0.365580826998, 0.687973797321]

rhythm:
    beats_loudness:
        dmean: 0.00232291803695
        dmean2: 0.00380435492843
        dvar: 3.72432418771e-06
        dvar2: 9.99624353426e-06
        max: 0.0129121486098
        mean: 0.00625098729506
        min: 0.00374516495503
        var: 4.49738035968e-06
    beats_loudness_bass:
        dmean: 0.0327587872744
        dmean2: 0.0644003897905
        dvar: 0.000346025190083
        dvar2: 0.000932491035201
        max: 0.0889388695359
        mean: 0.0503555126488
        min: 0.0163001064211
        var: 0.000575129175559
    bpm: 80.5085067749
    bpm_confidence: 0
    first_peak_bpm: 107
    first_peak_spread: 0
    first_peak_weight: 0.625
    onset_rate: 3.28979492188
    second_peak_bpm: 81
    second_peak_spread: 0
    second_peak_weight: 0.3125
    beats_position: [0.0305549353361, 0.591400980949, 1.15224695206, 1.71309304237, 2.27393913269, 2.83478522301, 3.39563131332, 3.95647740364, 4.51732349396, 5.07816934586, 5.63901567459, 6.01507902145, 6.76034212112, 7.50560569763, 8.25086975098, 8.99613189697, 9.74139595032]
    bpm_estimates: [80.5295028687, 80.4527282715, 80.4174423218, 80.6057739258, 80.5370864868]
    bpm_intervals: [0.560846030712, 0.560845971107, 0.560846090317, 0.560846090317, 0.560846090317, 0.560846090317, 0.560846090317, 0.560846090317, 0.560845851898, 0.560846328735, 0.376063346863, 0.74526309967, 0.745263576508, 0.745264053345, 0.745262145996, 0.745264053345]
    onset_times: [0.0348299331963, 0.174149662256, 0.383129239082, 0.603718817234, 0.777868509293, 0.940408170223, 1.50929701328, 1.88081634045, 2.26394557953, 2.5890250206, 2.63546490669, 3.01859402657, 3.39011335373, 3.62231302261, 3.77324271202, 3.94739222527, 4.5046710968, 4.87619066238, 5.25931978226, 5.64244890213, 6.01396846771, 6.59446716309, 6.9543762207, 7.31428575516, 7.51165533066, 7.8251247406, 7.87156438828, 8.26630401611, 8.66104316711, 9.0093421936, 9.39247131348, 9.58984088898, 9.75238132477]
    rubato_start: [6.76034212112]
    rubato_stop: [9.74139595032]
    perceptual_tempo: "unknown"

sfx:
    inharmonicity:
        dmean: 0.0654332712293
        dmean2: 0.114468231797
        dvar: 0.00376501935534
        dvar2: 0.0104349730536
        max: 0.379412144423
        mean: 0.0796453282237
        min: 0
        var: 0.00437639234588
    oddtoevenharmonicenergyratio:
        dmean: 1.73938047886
        dmean2: 3.17938041687
        dvar: 23.6373176575
        dvar2: 70.0853118896
        max: 53.6608085632
        mean: 1.47603070736
        min: 0
        var: 13.1021995544
    pitch_after_max_to_before_max_energy_ratio: 0.483937084675
    pitch_centroid: 269.344116211
    pitch_max_to_total: 0.895833313465
    pitch_min_to_total: 0.884259283543
    tristimulus:
        dmean: [0.14805585146, 0.184902772307, 0.141557916999]
        dmean2: [0.258046060801, 0.328318029642, 0.244192346931]
        dvar: [0.0170616470277, 0.0281977020204, 0.0102661233395]
        dvar2: [0.0481130257249, 0.0791858583689, 0.0311434883624]
        max: [1, 0.95707154274, 0.584690988064]
        mean: [0.24974194169, 0.525593817234, 0.194781377912]
        min: [0.0211361460388, 0, 0]
        var: [0.0224416814744, 0.0334861539304, 0.0166311841458]

tonal:
    chords_changes_rate: 0.0276497695595
    chords_number_rate: 0.0184331797063
    chords_strength:
        dmean: 0.00830183178186
        dmean2: 0.00744506902993
        dvar: 5.01593422086e-05
        dvar2: 4.625899237e-05
        max: 0.647602796555
        mean: 0.530695855618
        min: 0.400949567556
        var: 0.00390935363248
    key_strength: 0.806671380997
    tuning_diatonic_strength: 0.697354376316
    tuning_equal_tempered_deviation: 0.0212237909436
    tuning_frequency: 441.017791748
    tuning_nontempered_energy_ratio: 0.683713316917
    hpcp:
        dmean: [0.198925331235, 0.191690191627, 0.126864165068, 0.0640412792563, 0.0526053123176, 0.0851558595896, 0.108715265989, 0.0965699627995, 0.126934841275, 0.126619517803, 0.106617502868, 0.101609140635, 0.12289263308, 0.136056676507, 0.186588004231, 0.226276621222, 0.209930315614, 0.126653209329, 0.0863187611103, 0.0831930935383, 0.110202282667, 0.129631534219, 0.0896056741476, 0.0779355987906, 0.0862331837416, 0.0885522514582, 0.115544170141, 0.162077993155, 0.142336532474, 0.160966396332, 0.169173896313, 0.134602740407, 0.0983284115791, 0.0679368898273, 0.0870930552483, 0.154010474682]
        dmean2: [0.331388145685, 0.333500415087, 0.21619361639, 0.107928328216, 0.0863413289189, 0.14780536294, 0.187163576484, 0.16516289115, 0.201551213861, 0.210032746196, 0.182792186737, 0.175198897719, 0.208912089467, 0.228446379304, 0.295734286308, 0.386936485767, 0.354161441326, 0.224749565125, 0.147803455591, 0.142041444778, 0.18507450819, 0.21975249052, 0.153846144676, 0.124853648245, 0.139171376824, 0.139209911227, 0.18297483027, 0.259653031826, 0.236749082804, 0.266509532928, 0.274157017469, 0.229043617845, 0.171304449439, 0.113693535328, 0.137332201004, 0.244971051812]
        dvar: [0.0368006452918, 0.0350469611585, 0.020964063704, 0.00489099603146, 0.00454551912844, 0.0174815673381, 0.0219576433301, 0.0126874456182, 0.0236937776208, 0.032293561846, 0.0162281859666, 0.0124149927869, 0.0182311907411, 0.0173215046525, 0.0260607041419, 0.0388759411871, 0.0311933923513, 0.0215942002833, 0.00977779645473, 0.0149238752201, 0.0148086668923, 0.0248708482832, 0.0108427619562, 0.0058763246052, 0.00640333583578, 0.00888912007213, 0.0119490930811, 0.0203722752631, 0.0230928920209, 0.0298820100725, 0.0283101797104, 0.0185291264206, 0.014074367471, 0.00498908339068, 0.0101814633235, 0.0202058926225]
        dvar2: [0.0737935677171, 0.0888401940465, 0.0544615909457, 0.013340510428, 0.0112304035574, 0.0420652031898, 0.0480622537434, 0.0297867953777, 0.0500907637179, 0.0687525495887, 0.0438002459705, 0.0326340161264, 0.0501886233687, 0.0471762940288, 0.0656098797917, 0.0859437063336, 0.0811788961291, 0.0568408966064, 0.0241175405681, 0.0348438918591, 0.0356075018644, 0.0680050030351, 0.03157421574, 0.0138517478481, 0.0135782277212, 0.0196477565914, 0.0298521444201, 0.0576763153076, 0.0689768716693, 0.0852922126651, 0.0734442546964, 0.0504715405405, 0.04198583588, 0.0143346516415, 0.0274807643145, 0.0471553839743]
        max: [1, 1, 1, 0.462473928928, 0.527274250984, 1, 1, 1, 1, 1, 0.893085300922, 1, 1, 1, 1, 1, 1, 1, 0.957862019539, 1, 1, 1, 0.770958304405, 0.872973918915, 0.7006508708, 0.972611129284, 1, 1, 1, 1, 1, 1, 0.831824123859, 0.479975789785, 1, 1]
        mean: [0.559165596962, 0.403279215097, 0.190940976143, 0.113440543413, 0.0888264030218, 0.157727718353, 0.208715870976, 0.196328639984, 0.267945438623, 0.284203290939, 0.180156379938, 0.179807111621, 0.215268939734, 0.24441459775, 0.514498651028, 0.698260247707, 0.440090209246, 0.185678198934, 0.138939619064, 0.146167784929, 0.227753937244, 0.278113812208, 0.197028934956, 0.155659541488, 0.168235644698, 0.165458574891, 0.257220119238, 0.316603511572, 0.25036123395, 0.319194674492, 0.388509273529, 0.263815969229, 0.155205711722, 0.122428707778, 0.148830294609, 0.367111444473]
        min: [0.0594845414162, 0.0495452992618, 0.0152479438111, 0.0122591666877, 0.0140039818361, 0.00823841057718, 0.00623137177899, 0.0161281824112, 0.0200602095574, 0.0214566141367, 0.0104570686817, 0.0183701459318, 0.0174379292876, 0.0274873226881, 0.0634490698576, 0.139513865113, 0.0797469392419, 0.0242734048516, 0.011671221815, 0.0101851830259, 0.0110734086484, 0.0116056986153, 0.0172602962703, 0.0209222584963, 0.024797860533, 0.0196116305888, 0.0253050643951, 0.0291709024459, 0.026228018105, 0.0172247607261, 0.0268898904324, 0.0302158314735, 0.0236170869321, 0.0129741774872, 0.0129259116948, 0.0284385103732]
        var: [0.108907558024, 0.0624346882105, 0.0305032189935, 0.00675033545122, 0.0058062709868, 0.0310094803572, 0.0534233227372, 0.0307453144342, 0.0647305622697, 0.0927757322788, 0.0298891551793, 0.0202090442181, 0.0318993106484, 0.0280610602349, 0.0643347799778, 0.0756323337555, 0.0492824725807, 0.0239347238094, 0.0149430250749, 0.0298323705792, 0.045132778585, 0.0624396838248, 0.0228183735162, 0.0115015516058, 0.012079263106, 0.0155361983925, 0.0258101895452, 0.0444802455604, 0.0355576612055, 0.0555743277073, 0.0816830918193, 0.031602576375, 0.0137396967039, 0.00757208187133, 0.0166999548674, 0.0543256923556]
    chords_histogram: [57.6036872864, 0, 0, 0, 0, 0, 0, 0, 0, 0, 0, 0, 0, 0, 0, 0, 0, 0, 0, 5.0691242218, 8.29493045807, 0, 29.0322589874, 0]
    thpcp: [1, 0.630266726017, 0.265915453434, 0.198979705572, 0.209331378341, 0.326173424721, 0.398295342922, 0.282171189785, 0.222924828529, 0.240935444832, 0.236958324909, 0.368372857571, 0.453417629004, 0.358550041914, 0.45712852478, 0.556396067142, 0.377818971872, 0.222274884582, 0.175333917141, 0.21314445138, 0.525751590729, 0.800798296928, 0.57754856348, 0.273452460766, 0.162461698055, 0.127211019397, 0.225886717439, 0.298908412457, 0.281168282032, 0.383732914925, 0.407016277313, 0.258007496595, 0.257507294416, 0.308293282986, 0.350033670664, 0.736829340458]
    chords_key: "D"
    chords_scale: "major"
    key_key: "D"
    key_scale: "major"
    chords_progression: ["D", "D", "D", "D", "D", "D", "D", "D", "D", "D", "D", "D", "D", "D", "D", "D", "D", "D", "D", "D", "D", "D", "D", "D", "D", "D", "D", "D", "D", "D", "D", "D", "D", "D", "D", "D", "D", "D", "D", "D", "D", "D", "D", "D", "D", "D", "D", "D", "D", "D", "D", "D", "D", "D", "D", "D", "D", "D", "D", "D", "D", "D", "D", "D", "D", "G", "G", "D", "D", "D", "D", "D", "D", "D", "D", "D", "D", "D", "D", "D", "D", "D", "D", "D", "D", "D", "G", "G", "G", "G", "G", "G", "G", "G", "G", "G", "G", "G", "G", "G", "G", "G", "G", "G", "G", "G", "G", "G", "G", "G", "G", "G", "G", "G", "G", "G", "G", "G", "G", "G", "G", "G", "G", "G", "G", "G", "G", "G", "G", "G", "G", "G", "G", "G", "G", "G", "G", "G", "G", "G", "G", "G", "G", "G", "G", "G", "G", "C", "C", "C", "C", "C", "C", "C", "C", "C", "C", "C", "C", "C", "C", "C", "C", "C", "C", "Am", "Am", "Am", "Am", "Am", "Am", "Am", "Am", "Am", "Am", "Am", "D", "D", "D", "D", "D", "D", "D", "D", "D", "D", "D", "D", "D", "D", "D", "D", "D", "D", "D", "D", "D", "D", "D", "D", "D", "D", "D", "D", "D", "D", "D", "D", "D", "D", "D", "D", "D", "D", "D", "D", "D"]
