
metadata:
    version:
        essentia: "1.2.2"
    audio_properties:
        analysis_sample_rate: 44100
        bitrate: 128
        channels: 2
        equal_loudness: 1
        length: 10.0048980713
        replay_gain: -15.6840019226
        downmix: "mix"
    tags:
        track: 10
        year: 0
        album: "Splitted by Mp3Splt v. 2.1"
        artist: "From 001.30 To 001.40"
        comment: "http://mp3splt.sf.net"
        genre: ""
        title: "02 Mondo Cane.mp3"

highlevel:
    ballroom:
        all:
            ChaChaCha: 0.0332311615348
            Jive: 0.774793148041
            Quickstep: 0.0157223585993
            Rumba-American: 0.00146111717913
            Rumba-International: 0.00527798151597
            Rumba-Misc: 0.00429062638432
            Samba: 0.0597588010132
            Tango: 0.00628611445427
            VienneseWaltz: 0.0920539200306
            Waltz: 0.0071247802116
        probability: 0.774793148041
        value: "Jive"
    culture:
        all:
            non_western: 0.00438883481547
            western: 0.995611190796
        probability: 0.995611190796
        value: "western"
    gender:
        all:
            female: 0.270962864161
            male: 0.729037106037
        probability: 0.729037106037
        value: "male"
    genre_dortmund:
        all:
            alternative: 0.0670184791088
            blues: 0.0160608179867
            electronic: 0.014005783014
            folkcountry: 0.008190959692
            funksoulrnb: 0.00723223714158
            jazz: 0.00907509587705
            pop: 0.0224982239306
            raphiphop: 0.00217936281115
            rock: 0.853739023209
        probability: 0.853739023209
        value: "rock"
    genre_electronica:
        all:
            ambient: 0.123074166477
            dnb: 0.524609923363
            house: 0.00463959667832
            techno: 0.0328889451921
            trance: 0.314787358046
        probability: 0.524609923363
        value: "dnb"
    genre_rosamerica:
        all:
            cla: 0.00417832704261
            dan: 0.00117203721311
            hip: 0.00131074979436
            jaz: 0.000916002492886
            pop: 0.001309727435
            rhy: 0.000603320717346
            roc: 0.990047037601
            spe: 0.000462801253889
        probability: 0.990047037601
        value: "roc"
    genre_tzanetakis:
        all:
            blu: 0.00499536376446
            cla: 0.00671095633879
            cou: 0.0472880937159
            dis: 0.0168092921376
            hip: 0.00668523833156
            jaz: 0.0109532801434
            met: 0.842314600945
            pop: 0.00889004766941
            reg: 0.00291172461584
            roc: 0.0524414144456
        probability: 0.842314600945
        value: "met"
    live_studio:
        all:
            live: 0.138490304351
            studio: 0.861509680748
        probability: 0.861509680748
        value: "studio"
    mood:
        all:
            Cluster1: 0.295660436153
            Cluster2: 0.0196574162692
            Cluster3: 0.00839038006961
            Cluster4: 0.0206483267248
            Cluster5: 0.65564340353
        probability: 0.65564340353
        value: "Cluster5"
    mood_acoustic:
        all:
            acoustic: 0.00543839717284
            not_acoustic: 0.994561612606
        probability: 0.994561612606
        value: "not_acoustic"
    mood_aggressive:
        all:
            aggressive: 0.999081432819
            not_aggressive: 0.000918596168049
        probability: 0.999081432819
        value: "aggressive"
    mood_electronic:
        all:
            electronic: 0.0670141875744
            not_electronic: 0.932985782623
        probability: 0.932985782623
        value: "not_electronic"
    mood_happy:
        all:
            happy: 0.0994857475162
            not_happy: 0.900514245033
        probability: 0.900514245033
        value: "not_happy"
    mood_party:
        all:
            not_party: 0.375791877508
            party: 0.62420809269
        probability: 0.62420809269
        value: "party"
    mood_relaxed:
        all:
            not_relaxed: 0.889992237091
            relaxed: 0.110007762909
        probability: 0.889992237091
        value: "not_relaxed"
    mood_sad:
        all:
            not_sad: 0.99713331461
            sad: 0.00286670727655
        probability: 0.99713331461
        value: "not_sad"
    rhythm:
        all:
            fast: 0.637822806835
            medium: 0.0866342335939
            slow: 0.275542974472
        probability: 0.637822806835
        value: "fast"
    speech_music:
        all:
            music: 0.99999499321
            speech: 5.01202066516e-06
        probability: 0.99999499321
        value: "music"
    timbre:
        all:
            bright: 0.967070519924
            dark: 0.0329294651747
        probability: 0.967070519924
        value: "bright"
    voice_instrumental:
        all:
            instrumental: 0.980843663216
            voice: 0.0191563609987
        probability: 0.980843663216
        value: "instrumental"

lowlevel:
    average_loudness: 0.982857823372
    barkbands_kurtosis:
        dmean: 1.12568998337
        dmean2: 1.87437307835
        dvar: 1.57413375378
        dvar2: 4.12385511398
        max: 8.44061756134
        mean: 0.0938027799129
        min: -1.85815477371
        var: 3.04713654518
    barkbands_skewness:
        dmean: 0.401714146137
        dmean2: 0.659156560898
        dvar: 0.113199025393
        dvar2: 0.300870805979
        max: 0.474465489388
        mean: -1.02275264263
        min: -2.8253929615
        var: 0.374181598425
    barkbands_spread:
        dmean: 7.0283665657
        dmean2: 11.6967277527
        dvar: 37.6972808838
        dvar2: 99.7289886475
        max: 55.702495575
        mean: 32.8223342896
        min: 10.2299985886
        var: 81.3951416016
    dissonance:
        dmean: 0.00828026980162
        dmean2: 0.0141744054854
        dvar: 4.69724473078e-05
        dvar2: 0.000138480056194
        max: 0.499375015497
        mean: 0.485474795103
        min: 0.439312696457
        var: 9.111345571e-05
    hfc:
        dmean: 3.0080063343
        dmean2: 4.72151947021
        dvar: 10.2840461731
        dvar2: 23.5122127533
        max: 38.2293968201
        mean: 14.0368251801
        min: 3.82767820358
        var: 34.1972465515
    pitch:
        dmean: 818.868408203
        dmean2: 1564.95275879
        dvar: 1409382.625
        dvar2: 3527369.75
        max: 4009.09082031
        mean: 1745.32983398
        min: 94.6351928711
        var: 2233432.25
    pitch_instantaneous_confidence:
        dmean: 0.0807717368007
        dmean2: 0.135001763701
        dvar: 0.00430220458657
        dvar2: 0.0106775397435
        max: 0.675488948822
        mean: 0.401702016592
        min: 0.16958719492
        var: 0.00936639122665
    pitch_salience:
        dmean: 0.0515248924494
        dmean2: 0.0838020592928
        dvar: 0.00152670114767
        dvar2: 0.00406411802396
        max: 0.812785387039
        mean: 0.638610064983
        min: 0.421264320612
        var: 0.00528082670644
    silence_rate_20dB:
        dmean: 0
        dmean2: 0
        dvar: 0
        dvar2: 0
        max: 1
        mean: 1
        min: 1
        var: 0
    silence_rate_30dB:
        dmean: 0
        dmean2: 0
        dvar: 0
        dvar2: 0
        max: 1
        mean: 1
        min: 1
        var: 0
    silence_rate_60dB:
        dmean: 0.0232558138669
        dmean2: 0.0442890450358
        dvar: 0.0227148905396
        dvar2: 0.0563131719828
        max: 1
        mean: 0.0255220420659
        min: 0
        var: 0.0248706508428
    spectral_centroid:
        dmean: 212.893295288
        dmean2: 348.782562256
        dvar: 31346.1191406
        dvar2: 86305.6953125
        max: 3239.26464844
        mean: 2320.80029297
        min: 1097.31103516
        var: 179472.125
    spectral_complexity:
        dmean: 3.64018702507
        dmean2: 5.77283382416
        dvar: 11.1696033478
        dvar2: 25.9273223877
        max: 43
        mean: 22.1421909332
        min: 3
        var: 33.7676353455
    spectral_crest:
        dmean: 1.58192110062
        dmean2: 2.67799901962
        dvar: 2.64692807198
        dvar2: 6.48361587524
        max: 16.0689334869
        mean: 6.62151527405
        min: 2.7701997757
        var: 4.70742368698
    spectral_decrease:
        dmean: 2.41691555658e-10
        dmean2: 3.83263254466e-10
        dvar: 5.8873959713e-20
        dvar2: 1.32491379869e-19
        max: -3.41243144852e-10
        mean: -1.23829946297e-09
        min: -3.05294878267e-09
        var: 1.42063371746e-19
    spectral_energy:
        dmean: 0.0011498532258
        dmean2: 0.00181289284956
        dvar: 1.37646270559e-06
        dvar2: 3.07232858177e-06
        max: 0.014990048483
        mean: 0.00594680616632
        min: 0.00165001768619
        var: 3.54999656338e-06
    spectral_energyband_high:
        dmean: 0.000175046166987
        dmean2: 0.000278633029666
        dvar: 4.44786714127e-08
        dvar2: 9.64061825925e-08
        max: 0.00222314754501
        mean: 0.000653545954265
        min: 6.97359646438e-05
        var: 1.69959548657e-07
    spectral_energyband_low:
        dmean: 0.000233315891819
        dmean2: 0.000400226796046
        dvar: 8.89462725695e-08
        dvar2: 2.49333822921e-07
        max: 0.00276298308745
        mean: 0.000393661757698
        min: 1.70045132108e-05
        var: 1.00045831175e-07
    spectral_energyband_middle_high:
        dmean: 0.000932377763093
        dmean2: 0.00145751074888
        dvar: 8.12045243492e-07
        dvar2: 1.91959634321e-06
        max: 0.0097281942144
        mean: 0.00389351067133
        min: 0.000797971151769
        var: 2.40306439991e-06
    spectral_energyband_middle_low:
        dmean: 0.000396486575482
        dmean2: 0.000642089289613
        dvar: 2.02230140189e-07
        dvar2: 5.07084564561e-07
        max: 0.00467385724187
        mean: 0.00100602745079
        min: 0.000137160794111
        var: 3.82999047588e-07
    spectral_flatness_db:
        dmean: 0.0117278173566
        dmean2: 0.0193034987897
        dvar: 9.4329850981e-05
        dvar2: 0.000225184950978
        max: 0.230603054166
        mean: 0.153674602509
        min: 0.0771192535758
        var: 0.000398934062105
    spectral_flux:
        dmean: 0.00645993696526
        dmean2: 0.00942054204643
        dvar: 3.9089089114e-05
        dvar2: 7.45068900869e-05
        max: 0.0986080393195
        mean: 0.0449480898678
        min: 0.0223216675222
        var: 0.000109876498755
    spectral_kurtosis:
        dmean: 1.08547627926
        dmean2: 1.87087202072
        dvar: 0.972950994968
        dvar2: 2.61800861359
        max: 8.30177783966
        mean: 3.59741902351
        min: 0.876981496811
        var: 1.7047150135
    spectral_rms:
        dmean: 0.000228935066843
        dmean2: 0.000358697609045
        dvar: 4.65914489212e-08
        dvar2: 9.96762068439e-08
        max: 0.00382419116795
        mean: 0.00237989914604
        min: 0.00126876845025
        var: 1.37838100045e-07
    spectral_rolloff:
        dmean: 223.029647827
        dmean2: 375.29296875
        dvar: 40899.4335938
        dvar2: 99688.328125
        max: 4758.83789062
        mean: 3661.74853516
        min: 2368.65234375
        var: 187822.046875
    spectral_skewness:
        dmean: 0.149224936962
        dmean2: 0.254621177912
        dvar: 0.0185633245856
        dvar2: 0.0496843978763
        max: 2.11670446396
        mean: 1.07845115662
        min: 0.349461048841
        var: 0.0575936324894
    spectral_spread:
        dmean: 301195.1875
        dmean2: 455999.21875
        dvar: 96608337920
        dvar2: 155097481216
        max: 8096817.5
        mean: 3772032.25
        min: 2341430
        var: 734987943936
    spectral_strongpeak:
        dmean: 0.987698912621
        dmean2: 1.69092082977
        dvar: 1.12749254704
        dvar2: 2.63449907303
        max: 8.64621543884
        mean: 1.35568523407
        min: 0.0127952173352
        var: 2.03396987915
    zerocrossingrate:
        dmean: 0.00464437622577
        dmean2: 0.00594056444243
        dvar: 2.14804858842e-05
        dvar2: 2.62200028374e-05
        max: 0.15966796875
        mean: 0.12173910439
        min: 0.05908203125
        var: 0.000284423469566
    barkbands:
        dmean: [8.78830633155e-07, 5.55327496841e-05, 0.000203602263355, 0.000207251403481, 0.000162139200256, 0.000126345606986, 2.69640968327e-05, 2.52571717283e-05, 5.18080960319e-05, 2.21723075811e-05, 3.31981718773e-05, 3.12357951771e-05, 2.70820255537e-05, 5.40890650882e-05, 8.17129694042e-05, 0.000265962065896, 0.000451682222774, 0.000226721167564, 0.000420971628046, 0.000174985136255, 0.000125755104818, 2.66801307589e-05, 4.18912986788e-06, 1.29471447963e-06, 5.85376767503e-07, 2.55875605149e-08, 4.90044838042e-10]
        dmean2: [1.34833942411e-06, 9.75164948613e-05, 0.000349639798515, 0.000343122170307, 0.000273344310699, 0.000219232664676, 4.26588630944e-05, 3.81052450393e-05, 8.23914670036e-05, 3.40725782735e-05, 5.2581755881e-05, 4.98959016113e-05, 4.57509559055e-05, 9.01778330444e-05, 0.000130725937197, 0.000446058780653, 0.000749594415538, 0.000377338728867, 0.00068401201861, 0.000284301786451, 0.000205039905268, 4.28368257417e-05, 6.38963228994e-06, 1.82263852366e-06, 8.40592804252e-07, 3.56727376527e-08, 7.22321424895e-10]
        dvar: [2.79146519268e-12, 4.51962023362e-09, 7.61385337e-08, 5.54478702952e-08, 5.44007825454e-08, 3.26485825042e-08, 1.89729831845e-09, 2.26282059756e-09, 6.2015970137e-09, 9.50507339503e-10, 1.79566128633e-09, 1.93285853989e-09, 8.86128115329e-10, 4.32936486661e-09, 9.50693213042e-09, 7.18418533552e-08, 2.32364925523e-07, 5.88344590824e-08, 3.18809071587e-07, 3.36760237474e-08, 1.91017566209e-08, 1.21630661098e-09, 5.57316588712e-11, 8.11264510431e-12, 1.02648304353e-12, 2.31164799251e-15, 2.05918970346e-17]
        dvar2: [5.73767682671e-12, 1.3955435918e-08, 2.08309145933e-07, 1.50131782561e-07, 1.40529934356e-07, 8.29116899581e-08, 4.49724968377e-09, 3.60987528758e-09, 1.52943222531e-08, 2.27866370217e-09, 3.96784072265e-09, 4.24568336044e-09, 2.3359221224e-09, 1.1372386588e-08, 1.7932313412e-08, 2.15184897456e-07, 5.83026007916e-07, 1.48241866782e-07, 8.53111373544e-07, 7.83874014587e-08, 4.43450609566e-08, 2.96275648459e-09, 1.25792445904e-10, 1.27967020661e-11, 1.85942840986e-12, 4.09177688138e-15, 2.09093772255e-17]
        max: [1.24154439618e-05, 0.000636890472379, 0.00268999068066, 0.00184767204337, 0.00188822834753, 0.001697183121, 0.000602976477239, 0.000866629648954, 0.000914615055081, 0.000524000090081, 0.000819104199763, 0.000480346818222, 0.000248320458923, 0.000894928874914, 0.00190125685185, 0.00246113794856, 0.00515076657757, 0.00181427237112, 0.00510201789439, 0.00210824771784, 0.00160987849813, 0.000293451186735, 8.07502729003e-05, 5.31030382263e-05, 1.37596389322e-05, 8.13636972907e-07, 9.41226900864e-08]
        mean: [1.07234382085e-06, 7.37472946639e-05, 0.000318908598274, 0.000332127179718, 0.000256321131019, 0.000179169772309, 4.44758443336e-05, 4.43328826805e-05, 0.000136308808578, 5.00466994708e-05, 7.67057426856e-05, 7.17953735148e-05, 4.97395812999e-05, 0.000101538564195, 0.000161886782735, 0.000550830096472, 0.000992019893602, 0.000511054531671, 0.00104140571784, 0.000489448138978, 0.000381093122996, 6.70437220833e-05, 1.03736410892e-05, 3.63645222023e-06, 1.66668075963e-06, 6.34601420302e-08, 4.59319943191e-10]
        min: [4.86448936687e-10, 1.00479860521e-06, 1.00012166513e-05, 4.4294088184e-06, 3.31454680236e-06, 1.52003658513e-05, 9.02185490759e-07, 5.05628179326e-07, 8.90660885489e-07, 8.82497886323e-07, 1.71551255335e-06, 2.44913917413e-06, 4.29927058576e-06, 9.91185243038e-06, 6.08000755165e-06, 4.51852465631e-05, 0.000113697191409, 5.13465747645e-05, 0.000140328716952, 3.85207713407e-05, 5.04679046571e-05, 2.34805474975e-06, 3.09399126763e-07, 8.95218192909e-08, 1.14441416343e-08, 5.95297477979e-10, 9.16358026785e-13]
        var: [4.69160344255e-12, 5.01012165088e-09, 8.31137896284e-08, 9.19881486539e-08, 8.449305966e-08, 3.68432537812e-08, 2.4516015884e-09, 5.99002536461e-09, 3.81567915042e-08, 5.24485210818e-09, 1.16857021837e-08, 8.85691964214e-09, 1.78132819606e-09, 7.8554833749e-09, 3.54674369873e-08, 1.44190792639e-07, 5.55962685667e-07, 1.12639334304e-07, 5.80625851399e-07, 1.22564244975e-07, 5.32726076585e-08, 3.73849040614e-09, 1.50447085345e-10, 3.19418866357e-11, 3.89429374165e-12, 1.14782849227e-14, 2.06069136715e-17]
    mfcc:
        mean: [-685.538330078, 87.6190719604, -64.2423706055, 76.5086212158, -1.70249307156, 0.565598785877, 0.83442825079, -1.13366210461, 4.44537496567, -10.0888662338, -8.600025177, -2.48669910431, -6.14651346207]
        cov: [[554.59942627, -304.126098633, 200.144180298, -187.678573608, -32.9264831543, -25.2749576569, -51.4041175842, 5.31348419189, -35.1436080933, 2.85909748077, 15.4809141159, -24.0938072205, 21.0266952515], [-304.126098633, 460.12310791, -130.913772583, 35.2630119324, 23.1358337402, -15.7749967575, -0.173068553209, 15.80098629, 101.924041748, 19.8942279816, -2.11125063896, 0.915721595287, -33.5141487122], [200.144180298, -130.913772583, 215.097366333, -96.1561279297, -9.90197658539, -18.3117389679, -33.3235244751, 9.04199123383, -14.4293174744, 17.0452346802, -6.87287855148, -19.6854801178, 14.6672048569], [-187.678573608, 35.2630119324, -96.1561279297, 230.011001587, 9.36394023895, 41.7690124512, 40.7304878235, -27.6698589325, -50.3785438538, -31.9901542664, 4.29466295242, 21.891872406, 8.41992282867], [-32.9264831543, 23.1358337402, -9.90197658539, 9.36394023895, 58.372051239, 14.2038612366, -1.1140242815, 9.41479206085, 18.9496746063, 14.6955251694, -3.61750602722, -1.18080437183, -6.92915058136], [-25.2749576569, -15.7749967575, -18.3117389679, 41.7690124512, 14.2038612366, 65.5475387573, 38.2095947266, 1.72356641293, -23.6870689392, -16.8133640289, -1.66381108761, 0.159566611052, 3.71667742729], [-51.4041175842, -0.173068553209, -33.3235244751, 40.7304878235, -1.1140242815, 38.2095947266, 88.001335144, 19.1977958679, -19.7471199036, -28.8782176971, -2.37661981583, 5.35507917404, 9.05301380157], [5.31348419189, 15.80098629, 9.04199123383, -27.6698589325, 9.41479206085, 1.72356641293, 19.1977958679, 62.4201507568, 31.4867916107, 3.27583050728, -7.99477767944, -9.04167366028, -0.0279569067061], [-35.1436080933, 101.924041748, -14.4293174744, -50.3785438538, 18.9496746063, -23.6870689392, -19.7471199036, 31.4867916107, 104.925140381, 45.3555335999, 3.31965374947, -6.64973926544, -23.0465679169], [2.85909748077, 19.8942279816, 17.0452346802, -31.9901542664, 14.6955251694, -16.8133640289, -28.8782176971, 3.27583050728, 45.3555335999, 64.8249969482, 15.4820051193, 0.971095919609, -13.5976171494], [15.4809141159, -2.11125063896, -6.87287855148, 4.29466295242, -3.61750602722, -1.66381108761, -2.37661981583, -7.99477767944, 3.31965374947, 15.4820051193, 37.5949897766, 13.4721775055, -4.34701013565], [-24.0938072205, 0.915721595287, -19.6854801178, 21.891872406, -1.18080437183, 0.159566611052, 5.35507917404, -9.04167366028, -6.64973926544, 0.971095919609, 13.4721775055, 41.7372436523, 12.9089374542], [21.0266952515, -33.5141487122, 14.6672048569, 8.41992282867, -6.92915058136, 3.71667742729, 9.05301380157, -0.0279569067061, -23.0465679169, -13.5976171494, -4.34701013565, 12.9089374542, 47.595123291]]
        icov: [[0.00537642231211, 0.00261544366367, -0.00183942564763, 0.00314008025452, 0.00046741933329, -0.000573545461521, 0.00204299017787, -0.000422728160629, -0.000361670478014, 0.00276308623143, -0.00462436210364, 0.00191209011246, -0.00112489738967], [0.00261544366367, 0.00479687890038, 0.000595924968366, 0.00084232800873, 6.23690357315e-05, 0.000332663417794, 0.00087191601051, 0.000463307485916, -0.0041152802296, 0.00234580109827, -0.00160740083084, 0.00105650664773, -4.87447759951e-05], [-0.00183942564763, 0.000595924968366, 0.00851963926107, 0.00136851740535, 0.000183525829925, 0.000411689135944, 0.00114214036148, -0.00154605507851, 0.0026720513124, -0.00390422204509, 0.00233852281235, 0.00214289012365, -0.00204806635156], [0.00314008025452, 0.00084232800873, 0.00136851740535, 0.00899877864867, -0.00120418006554, -0.00223018601537, 0.000129419728182, 0.00138668215368, 0.00323088443838, 0.00158939370885, -0.00287957466207, -0.000307443260681, -0.000993817928247], [0.00046741933329, 6.23690357315e-05, 0.000183525829925, -0.00120418006554, 0.0225684773177, -0.00773512292653, 0.00288966926746, -0.00278638279997, -0.00249595683999, -0.00539875170216, 0.00454134540632, -0.00149074709043, 0.00140040216502], [-0.000573545461521, 0.000332663417794, 0.000411689135944, -0.00223018601537, -0.00773512292653, 0.025341225788, -0.00971884373575, 0.000786510994658, 0.00368461175822, 0.000384365586797, -0.000922580074985, 0.00283611495979, 0.000539857777767], [0.00204299017787, 0.00087191601051, 0.00114214036148, 0.000129419728182, 0.00288966926746, -0.00971884373575, 0.0214674212039, -0.00883394666016, 0.0011894198833, 0.00600693793967, -0.00350769562647, -0.0013547653798, -0.00123314978555], [-0.000422728160629, 0.000463307485916, -0.00154605507851, 0.00138668215368, -0.00278638279997, 0.000786510994658, -0.00883394666016, 0.0259172804654, -0.0105661945418, 0.00259090331383, 0.0028381596785, 0.00322973495349, -0.00302037107758], [-0.000361670478014, -0.0041152802296, 0.0026720513124, 0.00323088443838, -0.00249595683999, 0.00368461175822, 0.0011894198833, -0.0105661945418, 0.0266502443701, -0.0133529864252, 0.00156215275638, -0.000360907579307, 0.00431376555935], [0.00276308623143, 0.00234580109827, -0.00390422204509, 0.00158939370885, -0.00539875170216, 0.000384365586797, 0.00600693793967, 0.00259090331383, -0.0133529864252, 0.0331373400986, -0.0136633189395, -0.000369830115233, 0.00124976108782], [-0.00462436210364, -0.00160740083084, 0.00233852281235, -0.00287957466207, 0.00454134540632, -0.000922580074985, -0.00350769562647, 0.0028381596785, 0.00156215275638, -0.0136633189395, 0.0409906469285, -0.0134514635429, 0.00634700059891], [0.00191209011246, 0.00105650664773, 0.00214289012365, -0.000307443260681, -0.00149074709043, 0.00283611495979, -0.0013547653798, 0.00322973495349, -0.000360907579307, -0.000369830115233, -0.0134514635429, 0.0350024029613, -0.0118881519884], [-0.00112489738967, -4.87447759951e-05, -0.00204806635156, -0.000993817928247, 0.00140040216502, 0.000539857777767, -0.00123314978555, -0.00302037107758, 0.00431376555935, 0.00124976108782, 0.00634700059891, -0.0118881519884, 0.028924562037]]
    spectral_contrast:
        mean: [2.26717347118e-07, 4.26906098028e-07, 5.86563885463e-07, -6.01082987828e-08, 4.62656743139e-07, 3.13132808571e-08, -1.68792985278e-06, -4.76732975585e-06, 1.29525483317e-06, -1.83746249149e-06, -6.80729499436e-07, 1.39049711834e-06]
        var: [0.000272529374342, 0.00049060001038, 0.00111317750998, 0.00145238696132, 0.00225305254571, 0.00270103453659, 0.0362677760422, 0.0756706297398, 0.116792105138, 0.164806053042, 0.244675144553, 0.622571527958]

rhythm:
    beats_loudness:
        dmean: 0.00228613289073
        dmean2: 0.00418807798997
        dvar: 3.15389252137e-06
        dvar2: 1.03133252196e-05
        max: 0.0101071298122
        mean: 0.00615004776046
        min: 0.00306676141918
        var: 4.15033809986e-06
    beats_loudness_bass:
        dmean: 0.0618570260704
        dmean2: 0.112238563597
        dvar: 0.00176755164284
        dvar2: 0.00516441743821
        max: 0.202108472586
        mean: 0.096707701683
        min: 0.0255201626569
        var: 0.00264311791398
    bpm: 101.349815369
    bpm_confidence: 0
    first_peak_bpm: 101
    first_peak_spread: 0
    first_peak_weight: 0.9375
    onset_rate: 3.09848237038
    second_peak_bpm: 139
    second_peak_spread: 0
    second_peak_weight: 0.0625
    beats_position: [0.358156353235, 0.950011134148, 1.54186594486, 2.13372063637, 2.72557544708, 3.31743049622, 3.90928530693, 4.50114011765, 5.09299468994, 5.68484973907, 6.11504745483, 6.70721626282, 7.29938554764, 7.89155435562, 8.48372268677, 9.07589244843, 9.66806125641]
    bpm_estimates: [101.515823364, 101.930633545, 100.949821472, 102.059806824, 99.8322067261, 102.00630188, 101.13822937, 102.383895874, 100.798721313, 101.376907349, 100.50227356, 101.798530579, 101.404075623, 101.200233459]
    bpm_intervals: [0.591854810715, 0.591854810715, 0.591854691505, 0.591854810715, 0.591855049133, 0.591854810715, 0.591854810715, 0.591854572296, 0.591855049133, 0.430197715759, 0.592168807983, 0.592169284821, 0.592168807983, 0.592168331146, 0.592169761658, 0.592168807983]
    onset_times: [0.0464399084449, 0.708208620548, 1.02167797089, 1.28870749474, 1.60217690468, 1.89242625237, 2.20589566231, 2.49614500999, 2.80961441994, 3.08825397491, 3.36689352989, 3.7151927948, 3.97061228752, 4.27247142792, 4.59755086899, 4.86458063126, 4.8994102478, 5.18966007233, 5.46829938889, 5.7701587677, 6.04879808426, 6.37387752533, 6.66412687302, 6.98920631409, 7.56970500946, 7.84834480286, 8.17342376709, 8.46367359161, 8.77714252472, 9.65950107574, 9.97297096252]
    rubato_start: []
    rubato_stop: []
    perceptual_tempo: "unknown"

sfx:
    inharmonicity:
        dmean: 0.0649048984051
        dmean2: 0.114727430046
        dvar: 0.00423067156225
        dvar2: 0.0112268840894
        max: 0.431556969881
        mean: 0.0781530439854
        min: 0
        var: 0.00457798829302
    oddtoevenharmonicenergyratio:
        dmean: 3.83878612518
        dmean2: 7.1300406456
        dvar: 150.19329834
        dvar2: 422.934448242
        max: 101.767929077
        mean: 2.52274036407
        min: 0
        var: 90.7876052856
    pitch_after_max_to_before_max_energy_ratio: 0.929567337036
    pitch_centroid: 247.761459351
    pitch_max_to_total: 0.613053619862
    pitch_min_to_total: 0.125874131918
    tristimulus:
        dmean: [0.163855016232, 0.307989418507, 0.182666435838]
        dmean2: [0.280463576317, 0.54159206152, 0.32604148984]
        dvar: [0.0200039893389, 0.0605972446501, 0.0261786449701]
        dvar2: [0.0551859736443, 0.157102674246, 0.062808342278]
        max: [1, 0.990771830082, 0.813145399094]
        mean: [0.244734734297, 0.454852759838, 0.167526066303]
        min: [0.00863594189286, 0, 0]
        var: [0.0293914172798, 0.0829004347324, 0.033044513315]

tonal:
    chords_changes_rate: 0.0231481473893
    chords_number_rate: 0.0185185186565
    chords_strength:
        dmean: 0.0105377649888
        dmean2: 0.0101232631132
        dvar: 7.20395910321e-05
        dvar2: 6.18169942754e-05
        max: 0.668895304203
        mean: 0.539966642857
        min: 0.280039727688
        var: 0.00845752563328
    key_strength: 0.679138541222
    tuning_diatonic_strength: 0.667402267456
    tuning_equal_tempered_deviation: 0.0762276798487
    tuning_frequency: 440.254241943
    tuning_nontempered_energy_ratio: 0.790524959564
    hpcp:
        dmean: [0.141899555922, 0.121081575751, 0.0951153635979, 0.092703782022, 0.112313777208, 0.117657162249, 0.131561011076, 0.130189910531, 0.165506124496, 0.138882398605, 0.123739749193, 0.113441824913, 0.136340469122, 0.145084992051, 0.187654659152, 0.191769212484, 0.181977584958, 0.176341384649, 0.156412616372, 0.128428071737, 0.160790547729, 0.208302438259, 0.155510917306, 0.0906758159399, 0.099014133215, 0.0802120193839, 0.0738915354013, 0.112881675363, 0.136339724064, 0.196320161223, 0.20500151813, 0.183636829257, 0.179357126355, 0.151516899467, 0.116828493774, 0.134380280972]
        dmean2: [0.239526450634, 0.20040731132, 0.152195468545, 0.151124298573, 0.19090500474, 0.188401505351, 0.206774935126, 0.214858025312, 0.275318384171, 0.213899314404, 0.203879728913, 0.185067459941, 0.213555365801, 0.233791649342, 0.30834120512, 0.315936744213, 0.310551762581, 0.29485937953, 0.251331448555, 0.18890093267, 0.26281324029, 0.353700399399, 0.254758805037, 0.155637577176, 0.170304372907, 0.13582213223, 0.12374355644, 0.196332097054, 0.235266715288, 0.34896633029, 0.347692161798, 0.316830039024, 0.297131747007, 0.251692771912, 0.201963305473, 0.225568309426]
        dvar: [0.0223408304155, 0.0148984929547, 0.0101943295449, 0.0118558071554, 0.0266767721623, 0.0138213271275, 0.0132826343179, 0.0149426711723, 0.0355380512774, 0.0240203328431, 0.0190579388291, 0.0179032720625, 0.023266127333, 0.0200493149459, 0.0299068074673, 0.0323398821056, 0.0340733937919, 0.0305007044226, 0.0252772420645, 0.0154081592336, 0.0190071985126, 0.0397113338113, 0.0200594030321, 0.0119451507926, 0.0236433781683, 0.0130570335314, 0.0078631779179, 0.0206157527864, 0.0260648149997, 0.0396884977818, 0.0348220728338, 0.0280516520143, 0.0293677188456, 0.0278035756201, 0.016358865425, 0.0218347087502]
        dvar2: [0.0556640103459, 0.040514677763, 0.0268756300211, 0.027472704649, 0.0729233920574, 0.0358496196568, 0.034543082118, 0.0391546152532, 0.091073282063, 0.0565465353429, 0.0537033267319, 0.0462007448077, 0.0524882413447, 0.0507223643363, 0.0878705829382, 0.0853669270873, 0.0958700031042, 0.0876212194562, 0.0678808242083, 0.0388494618237, 0.0510486587882, 0.0891112908721, 0.0528969354928, 0.0321687683463, 0.0618591271341, 0.036446582526, 0.021559394896, 0.0576934963465, 0.0793441608548, 0.108957275748, 0.0928441360593, 0.0678110197186, 0.0811907052994, 0.0658247470856, 0.0472297854722, 0.0558089464903]
        max: [1, 1, 0.738965332508, 0.910872042179, 1, 0.937004327774, 1, 0.837151229382, 1, 1, 0.962699890137, 1, 1, 1, 1, 1, 1, 1, 1, 0.94970703125, 1, 1, 0.96719199419, 0.660957455635, 1, 0.934440374374, 0.702638864517, 1, 1, 1, 1, 1, 1, 1, 0.841165542603, 1]
        mean: [0.310051679611, 0.262265443802, 0.183561250567, 0.169023260474, 0.202964231372, 0.25211289525, 0.289541244507, 0.259760409594, 0.302818417549, 0.340698063374, 0.235818952322, 0.210773572326, 0.273447006941, 0.320863723755, 0.433123081923, 0.566490590572, 0.477950662374, 0.343712091446, 0.297529548407, 0.255208641291, 0.369469583035, 0.472927510738, 0.308093577623, 0.151893422008, 0.142349183559, 0.108894459903, 0.126093417406, 0.19327121973, 0.215635836124, 0.320905685425, 0.433874666691, 0.375528514385, 0.321914404631, 0.280392259359, 0.218448385596, 0.25796303153]
        min: [0.0339343138039, 0.0377605557442, 0.0139764752239, 0.0149986092001, 0.0190984923393, 0.0279572419822, 0.024994680658, 0.0332911238074, 0.0168283451349, 0.0128953717649, 0.015367442742, 0.0132407490164, 0.0168933570385, 0.0389888100326, 0.0833368673921, 0.0533220358193, 0.0582849979401, 0.0203776862472, 0.0142987240106, 0.0110069056973, 0.0191580373794, 0.0194198545069, 0.0250317845494, 0.0094143608585, 0.00689132511616, 0.0047829397954, 0.00878894515336, 0.0116054341197, 0.00633220141754, 0.0137739190832, 0.0236436873674, 0.0251602940261, 0.0204579290003, 0.0166846830398, 0.0150150908157, 0.0218486525118]
        var: [0.0555988512933, 0.032134886831, 0.018727067858, 0.0192801561207, 0.032286953181, 0.0285814739764, 0.0354623012245, 0.0284762270749, 0.0687876567245, 0.0980002954602, 0.0321281291544, 0.0257125813514, 0.0577899739146, 0.0409207865596, 0.0536927692592, 0.0997911840677, 0.090944878757, 0.0608231090009, 0.0577272698283, 0.0387206934392, 0.057926222682, 0.101232342422, 0.0479304976761, 0.0150326909497, 0.0255831796676, 0.0132157048211, 0.00952724833041, 0.0302217230201, 0.034683868289, 0.0497979223728, 0.0695523321629, 0.0592669919133, 0.0566201396286, 0.0543754659593, 0.0305871870369, 0.0493594668806]
    chords_histogram: [36.5740737915, 0, 0, 0, 18.0555553436, 0, 0, 0, 0, 0, 0, 0, 0, 0, 0, 0, 0, 0, 0, 0, 0, 0.925925910473, 39.351852417, 5.09259271622]
    thpcp: [1, 0.843704521656, 0.606739282608, 0.52521532774, 0.45050817728, 0.652207791805, 0.834837377071, 0.543863534927, 0.268130540848, 0.251282513142, 0.192226424813, 0.2225869596, 0.341172873974, 0.380652099848, 0.56648015976, 0.765899181366, 0.662903368473, 0.568260788918, 0.494963675737, 0.385616958141, 0.455370366573, 0.547320067883, 0.462965220213, 0.324032306671, 0.298369050026, 0.358283489943, 0.445043385029, 0.511113941669, 0.458543211222, 0.534551560879, 0.601418733597, 0.416280448437, 0.372068971395, 0.482703536749, 0.566406071186, 0.764572441578]
    chords_key: "C"
    chords_scale: "major"
    key_key: "G"
    key_scale: "major"
    chords_progression: ["C", "C", "C", "C", "C", "C", "C", "C", "C", "C", "C", "C", "C", "C", "C", "C", "C", "C", "C", "C", "C", "C", "C", "C", "C", "C", "C", "C", "C", "C", "C", "C", "C", "C", "C", "C", "C", "C", "C", "C", "C", "C", "C", "C", "C", "C", "C", "C", "C", "C", "C", "C", "C", "C", "C", "C", "C", "C", "C", "C", "C", "C", "Am", "Am", "A", "A", "A", "A", "A", "A", "A", "A", "A", "A", "A", "A", "A", "A", "A", "A", "A", "A", "A", "A", "A", "A", "A", "A", "A", "A", "A", "A", "A", "A", "A", "A", "A", "A", "A", "A", "A", "A", "A", "Em", "Em", "Em", "Em", "Em", "Em", "Em", "Em", "Em", "Em", "Em", "G", "G", "G", "G", "G", "G", "G", "G", "G", "G", "G", "G", "G", "G", "G", "G", "G", "G", "G", "G", "G", "G", "G", "G", "G", "G", "G", "G", "G", "G", "G", "G", "G", "G", "G", "G", "G", "G", "G", "G", "G", "G", "G", "G", "G", "G", "G", "G", "G", "G", "G", "G", "G", "G", "G", "G", "G", "G", "G", "G", "G", "G", "G", "G", "G", "G", "G", "G", "G", "G", "G", "G", "G", "G", "G", "G", "G", "G", "G", "C", "C", "C", "C", "C", "C", "C", "C", "C", "C", "C", "C", "C", "C", "C", "C", "C", "C", "C", "C", "C", "C", "C"]
