
metadata:
    version:
        essentia: "1.2.2"
    audio_properties:
        analysis_sample_rate: 44100
        bitrate: 128
        channels: 2
        equal_loudness: 1
        length: 10.0832653046
        replay_gain: -10.6477336884
        downmix: "mix"
    tags:
        track: 20
        year: 0
        album: "Splitted by Mp3Splt v. 2.1"
        artist: "From 003.10 To 003.20"
        comment: "http://mp3splt.sf.net"
        genre: ""
        title: "08 Tosh (Gosh).mp3"

highlevel:
    ballroom:
        all:
            ChaChaCha: 0.0813538730145
            Jive: 0.0962979346514
            Quickstep: 0.00465198606253
            Rumba-American: 0.000564721296541
            Rumba-International: 0.000544583890587
            Rumba-Misc: 0.000403569603804
            Samba: 0.815439403057
            Tango: 0.000267731986241
            VienneseWaltz: 0.000276020291494
            Waltz: 0.000200144015253
        probability: 0.815439403057
        value: "Samba"
    culture:
        all:
            non_western: 0.0165324062109
            western: 0.983467578888
        probability: 0.983467578888
        value: "western"
    gender:
        all:
            female: 0.936205327511
            male: 0.0637947022915
        probability: 0.936205327511
        value: "female"
    genre_dortmund:
        all:
            alternative: 0.0521257333457
            blues: 0.00804024841636
            electronic: 0.515437066555
            folkcountry: 0.00604538107291
            funksoulrnb: 0.0287719704211
            jazz: 0.012290192768
            pop: 0.0525873713195
            raphiphop: 0.141933083534
            rock: 0.182768940926
        probability: 0.515437066555
        value: "electronic"
    genre_electronica:
        all:
            ambient: 0.0377175025642
            dnb: 0.5764747262
            house: 0.0258859377354
            techno: 0.161154553294
            trance: 0.19876730442
        probability: 0.5764747262
        value: "dnb"
    genre_rosamerica:
        all:
            cla: 0.00423795450479
            dan: 0.654846608639
            hip: 0.239942118526
            jaz: 0.0030620470643
            pop: 0.0193562265486
            rhy: 0.0164911597967
            roc: 0.0596708208323
            spe: 0.00239306432195
        probability: 0.654846608639
        value: "dan"
    genre_tzanetakis:
        all:
            blu: 0.000995374051854
            cla: 0.00152845692355
            cou: 0.00184695748612
            dis: 0.629795134068
            hip: 0.105038553476
            jaz: 0.0171415247023
            met: 0.0193101763725
            pop: 0.181572720408
            reg: 0.0177282784134
            roc: 0.0250428039581
        probability: 0.629795134068
        value: "dis"
    live_studio:
        all:
            live: 0.0106756994501
            studio: 0.989324271679
        probability: 0.989324271679
        value: "studio"
    mood:
        all:
            Cluster1: 0.318649917841
            Cluster2: 0.165455818176
            Cluster3: 0.0145408120006
            Cluster4: 0.0964638739824
            Cluster5: 0.404889583588
        probability: 0.404889583588
        value: "Cluster5"
    mood_acoustic:
        all:
            acoustic: 0.00692159542814
            not_acoustic: 0.993078410625
        probability: 0.993078410625
        value: "not_acoustic"
    mood_aggressive:
        all:
            aggressive: 0.926130652428
            not_aggressive: 0.0738693326712
        probability: 0.926130652428
        value: "aggressive"
    mood_electronic:
        all:
            electronic: 0.921735286713
            not_electronic: 0.0782647356391
        probability: 0.921735286713
        value: "electronic"
    mood_happy:
        all:
            happy: 0.247854858637
            not_happy: 0.752145171165
        probability: 0.752145171165
        value: "not_happy"
    mood_party:
        all:
            not_party: 0.10588671267
            party: 0.894113302231
        probability: 0.894113302231
        value: "party"
    mood_relaxed:
        all:
            not_relaxed: 0.990536928177
            relaxed: 0.00946304667741
        probability: 0.990536928177
        value: "not_relaxed"
    mood_sad:
        all:
            not_sad: 0.966388523579
            sad: 0.0336114577949
        probability: 0.966388523579
        value: "not_sad"
    rhythm:
        all:
            fast: 0.96241235733
            medium: 0.0247035268694
            slow: 0.0128841213882
        probability: 0.96241235733
        value: "fast"
    speech_music:
        all:
            music: 0.998247206211
            speech: 0.00175280962139
        probability: 0.998247206211
        value: "music"
    timbre:
        all:
            bright: 0.226612120867
            dark: 0.773387849331
        probability: 0.773387849331
        value: "dark"
    voice_instrumental:
        all:
            instrumental: 0.0475014522672
            voice: 0.952498555183
        probability: 0.952498555183
        value: "voice"

lowlevel:
    average_loudness: 0.981370151043
    barkbands_kurtosis:
        dmean: 0.930316984653
        dmean2: 1.49954974651
        dvar: 1.87301719189
        dvar2: 4.35505867004
        max: 11.6376619339
        mean: -0.369392246008
        min: -1.7984752655
        var: 2.45239210129
    barkbands_skewness:
        dmean: 0.528694808483
        dmean2: 0.789936602116
        dvar: 0.229651615024
        dvar2: 0.458919525146
        max: 3.51817202568
        mean: 0.290297746658
        min: -2.88445234299
        var: 0.67735517025
    barkbands_spread:
        dmean: 8.30188179016
        dmean2: 12.4394350052
        dvar: 51.7868919373
        dvar2: 96.3874130249
        max: 76.9311904907
        mean: 38.0300140381
        min: 12.11951828
        var: 149.475021362
    dissonance:
        dmean: 0.0144924912602
        dmean2: 0.024472033605
        dvar: 0.000463748001494
        dvar2: 0.000851202697959
        max: 0.4998036623
        mean: 0.47858017683
        min: 0.176585525274
        var: 0.000507820979692
    hfc:
        dmean: 3.03601884842
        dmean2: 4.25478219986
        dvar: 11.2948350906
        dvar2: 21.5642642975
        max: 32.6511993408
        mean: 5.02897405624
        min: 0.00187934993301
        var: 22.1779956818
    pitch:
        dmean: 1016.62451172
        dmean2: 1916.20361328
        dvar: 2007743.125
        dvar2: 4496252
        max: 4900
        mean: 1357.28259277
        min: 80.9174346924
        var: 2548016.75
    pitch_instantaneous_confidence:
        dmean: 0.0928748622537
        dmean2: 0.151363521814
        dvar: 0.00768196070567
        dvar2: 0.0156728178263
        max: 0.812414765358
        mean: 0.310132950544
        min: 0.119569540024
        var: 0.0160989593714
    pitch_salience:
        dmean: 0.0627964138985
        dmean2: 0.0979684218764
        dvar: 0.00339848431759
        dvar2: 0.00769742019475
        max: 0.91132068634
        mean: 0.691925346851
        min: 0.351372867823
        var: 0.0071627642028
    silence_rate_20dB:
        dmean: 0
        dmean2: 0
        dvar: 0
        dvar2: 0
        max: 1
        mean: 1
        min: 1
        var: 0
    silence_rate_30dB:
        dmean: 0
        dmean2: 0
        dvar: 0
        dvar2: 0
        max: 1
        mean: 1
        min: 1
        var: 0
    silence_rate_60dB:
        dmean: 0.243678167462
        dmean2: 0.48847925663
        dvar: 0.18429929018
        dvar2: 0.305165737867
        max: 1
        mean: 0.667431175709
        min: 0
        var: 0.221967503428
    spectral_centroid:
        dmean: 416.59753418
        dmean2: 583.968811035
        dvar: 172793.015625
        dvar2: 286046.03125
        max: 4687.125
        mean: 1635.09875488
        min: 291.471832275
        var: 622124.0625
    spectral_complexity:
        dmean: 5.18433189392
        dmean2: 7.34872961044
        dvar: 29.3854122162
        dvar2: 54.9384727478
        max: 43
        mean: 9.51264381409
        min: 0
        var: 58.6268692017
    spectral_crest:
        dmean: 2.23903012276
        dmean2: 3.50732469559
        dvar: 3.93882393837
        dvar2: 9.33173370361
        max: 21.351184845
        mean: 6.94384813309
        min: 2.17665433884
        var: 8.68886947632
    spectral_decrease:
        dmean: 4.49620118914e-10
        dmean2: 6.39541974934e-10
        dvar: 3.02333454063e-19
        dvar2: 5.97823642918e-19
        max: -2.09330545519e-13
        mean: -7.06995184618e-10
        min: -4.0294341197e-09
        var: 5.02190138675e-19
    spectral_energy:
        dmean: 0.00195122545119
        dmean2: 0.00275478232652
        dvar: 5.32708554601e-06
        dvar2: 1.04872915472e-05
        max: 0.0171333812177
        mean: 0.00312450388446
        min: 9.60523948379e-07
        var: 9.13361327548e-06
    spectral_energyband_high:
        dmean: 0.000267052906565
        dmean2: 0.000387531123124
        dvar: 1.2258061588e-07
        dvar2: 2.38451661971e-07
        max: 0.00334017002024
        mean: 0.000417822942836
        min: 6.35485548628e-08
        var: 2.27421864452e-07
    spectral_energyband_low:
        dmean: 0.000453123793704
        dmean2: 0.000708183622919
        dvar: 6.49278376841e-07
        dvar2: 1.48829894897e-06
        max: 0.00617843959481
        mean: 0.000502639974002
        min: 5.70557006085e-08
        var: 6.95935398198e-07
    spectral_energyband_middle_high:
        dmean: 0.000788417528383
        dmean2: 0.00115652161185
        dvar: 9.86407826531e-07
        dvar2: 1.87263992757e-06
        max: 0.0091299302876
        mean: 0.00129280029796
        min: 7.95774496964e-07
        var: 1.92942206922e-06
    spectral_energyband_middle_low:
        dmean: 0.000896977318916
        dmean2: 0.00147582846694
        dvar: 2.30341697716e-06
        dvar2: 6.04030356044e-06
        max: 0.0091719571501
        mean: 0.000911204202566
        min: 3.66138053209e-08
        var: 1.83869394732e-06
    spectral_flatness_db:
        dmean: 0.0156348198652
        dmean2: 0.0230524949729
        dvar: 0.000201007758733
        dvar2: 0.000436225847807
        max: 0.191511198878
        mean: 0.107164725661
        min: 0.0617452412844
        var: 0.000520360306837
    spectral_flux:
        dmean: 0.0136847570539
        dmean2: 0.0188769455999
        dvar: 0.000182431132998
        dvar2: 0.000309931958327
        max: 0.10564365983
        mean: 0.0391360372305
        min: 0.00315790134482
        var: 0.000426036422141
    spectral_kurtosis:
        dmean: 0.789007246494
        dmean2: 1.15973424911
        dvar: 0.755363821983
        dvar2: 1.66925144196
        max: 8.70637321472
        mean: 1.83020663261
        min: -0.290665149689
        var: 1.81359863281
    spectral_rms:
        dmean: 0.000527284864802
        dmean2: 0.000706659047864
        dvar: 2.23266326316e-07
        dvar2: 4.30812946206e-07
        max: 0.00408845860511
        mean: 0.00159099744633
        min: 3.06120309688e-05
        var: 5.17022385793e-07
    spectral_rolloff:
        dmean: 789.186157227
        dmean2: 1181.54138184
        dvar: 618381.875
        dvar2: 984650.9375
        max: 6782.95898438
        mean: 3249.68334961
        min: 150.732421875
        var: 1981753.875
    spectral_skewness:
        dmean: 0.213981851935
        dmean2: 0.291652053595
        dvar: 0.0379150249064
        dvar2: 0.0715783089399
        max: 2.67526626587
        mean: 1.22876346111
        min: 0.203083708882
        var: 0.141120329499
    spectral_spread:
        dmean: 988155.8125
        dmean2: 1491575.125
        dvar: 824284479488
        dvar2: 1.84795489894e+12
        max: 13125693
        mean: 7342742.5
        min: 4242835.5
        var: 1.98728862925e+12
    spectral_strongpeak:
        dmean: 0.229068011045
        dmean2: 0.405410885811
        dvar: 0.122686631978
        dvar2: 0.311678737402
        max: 2.34493732452
        mean: 0.257833719254
        min: 0.000817727996036
        var: 0.13013805449
    zerocrossingrate:
        dmean: 0.0164575539529
        dmean2: 0.0166940316558
        dvar: 0.000204744719667
        dvar2: 0.000181843715836
        max: 0.22412109375
        mean: 0.0992344617844
        min: 0.0146484375
        var: 0.00139823567588
    barkbands:
        dmean: [1.02921239886e-06, 0.00014420048683, 0.000368871231331, 0.000324834400089, 0.000462193682324, 7.81429698691e-05, 4.75960951007e-05, 3.3847965824e-05, 6.30233043921e-05, 8.69292489369e-05, 0.000132781555294, 0.0001569626329, 0.000147711776663, 0.000110761749966, 6.76695126458e-05, 6.11111900071e-05, 7.20130556147e-05, 9.59275639616e-05, 0.000117640098324, 0.000140838339576, 0.000121953598864, 6.39293721179e-05, 1.83920365089e-05, 9.50474804995e-06, 7.28246686776e-06, 3.31108793716e-07, 1.11331233121e-09]
        dmean2: [1.50877406213e-06, 0.000229844081332, 0.000630725116935, 0.000576179241762, 0.000828310439829, 0.000126492755953, 7.78318863013e-05, 5.80178457312e-05, 0.000105419734609, 0.000141003634781, 0.000218388377107, 0.00026335279108, 0.000220681846258, 0.000185890879948, 0.000112519941467, 9.92021377897e-05, 0.000110261818918, 0.000143186800415, 0.000177587586222, 0.000218215966015, 0.000179532842594, 9.54377101152e-05, 2.50870834861e-05, 1.36048547574e-05, 1.05839908429e-05, 4.96423012919e-07, 1.73053049668e-09]
        dvar: [1.81195141356e-12, 7.18295538604e-08, 5.77419370984e-07, 4.08901655646e-07, 1.05732840439e-06, 9.46809652902e-09, 4.35952873801e-09, 4.3073296041e-09, 1.64135016689e-08, 2.77211995581e-08, 1.094772486e-07, 7.60016050094e-08, 6.22695992547e-08, 3.39982015873e-08, 1.44132759061e-08, 9.70021041269e-09, 1.44781990841e-08, 2.71256830331e-08, 3.39632499902e-08, 6.89955470534e-08, 2.50165488325e-08, 7.68035768317e-09, 6.67941035815e-10, 2.02919597792e-10, 1.36238881288e-10, 2.72557611246e-13, 5.17031433905e-18]
        dvar2: [4.90864076816e-12, 1.68783060417e-07, 1.44482510223e-06, 1.11959502647e-06, 2.98312670566e-06, 2.37626878175e-08, 1.14255280792e-08, 1.22626584442e-08, 4.48088997018e-08, 6.54555947222e-08, 2.71410101504e-07, 2.0746198004e-07, 1.24314865957e-07, 8.06649893548e-08, 3.68435770781e-08, 2.41187052552e-08, 3.43609976028e-08, 6.71360780302e-08, 7.87023211046e-08, 1.67956883956e-07, 5.2942048967e-08, 1.76036358823e-08, 1.17864873417e-09, 4.32860886024e-10, 3.0933511308e-10, 6.4737657509e-13, 1.29950628443e-17]
        max: [9.04525404621e-06, 0.00180665403605, 0.00578227452934, 0.00500831287354, 0.00635599019006, 0.000695867172908, 0.000481827097246, 0.000795616302639, 0.00127036462072, 0.00179565465078, 0.00397868640721, 0.0024144644849, 0.00292886653915, 0.00135326466989, 0.000910116825253, 0.000745719473343, 0.00134274642915, 0.00196637795307, 0.00184174987953, 0.00357172358781, 0.00112697447184, 0.000559966429137, 0.000305318564642, 0.000122415527585, 8.47930423333e-05, 3.68984547094e-06, 2.44936071425e-08]
        mean: [1.47513264892e-06, 0.000186103890883, 0.000315100915032, 0.000271490163868, 0.000378179684049, 9.36529249884e-05, 4.88174955535e-05, 3.62319115084e-05, 6.87601059326e-05, 9.15282216738e-05, 0.000149593077367, 0.000200160880922, 0.000188699981663, 0.000106349114503, 6.16497927695e-05, 6.65877378196e-05, 8.18193657324e-05, 0.000117249976029, 0.000161433767062, 0.000181893847184, 0.000176765664946, 8.88858558028e-05, 2.91910582746e-05, 1.36727148856e-05, 8.87296937435e-06, 3.40327773074e-07, 1.07225706092e-09]
        min: [1.26613830531e-10, 1.02360795395e-08, 2.10058672678e-08, 1.68720539762e-08, 1.45443381783e-08, 8.61863191925e-10, 9.47992906397e-10, 1.0459978439e-09, 1.46110812338e-09, 9.05613184443e-09, 3.19777129221e-08, 1.06874962214e-08, 1.30362053596e-07, 1.98744402269e-07, 5.36362421144e-08, 5.94205076254e-08, 1.75596483132e-07, 1.37708546788e-08, 2.14467874571e-08, 2.78926926001e-08, 2.91389632423e-08, 1.60733097943e-08, 3.28659566229e-09, 9.80311831711e-10, 1.05286368512e-09, 3.86244008999e-10, 2.924514797e-12]
        var: [2.74333203723e-12, 7.9491350391e-08, 4.6142341148e-07, 2.70342326303e-07, 6.57574958041e-07, 1.03901971471e-08, 4.51676562818e-09, 3.19352633227e-09, 1.30019994771e-08, 3.27290976543e-08, 1.29810032945e-07, 7.28528917193e-08, 1.032828294e-07, 3.37700782893e-08, 1.28056631965e-08, 1.06488542428e-08, 1.79499988207e-08, 3.25956648339e-08, 4.51250166122e-08, 7.97517856199e-08, 4.38701768246e-08, 1.16009717388e-08, 1.68158409419e-09, 3.12668141378e-10, 1.64070521058e-10, 2.91277879637e-13, 3.98264345246e-18]
    mfcc:
        mean: [-714.348449707, 82.7420196533, -15.5591840744, 36.6191062927, -9.10567092896, 17.6874771118, 15.2805738449, 2.07272410393, -6.23799276352, -7.38785648346, -1.30958747864, -0.996276915073, -3.52799153328]
        cov: [[3439.63598633, -372.665039062, -320.317779541, -116.080123901, -55.6950531006, -70.3605194092, -81.4145507812, -113.812644958, 15.2101659775, -24.8381462097, -51.2189941406, -61.2479972839, -37.2514724731], [-372.665039062, 731.678283691, -145.689865112, -96.9713439941, 51.0704040527, -53.4076347351, -9.18536281586, 27.7845954895, -56.5200996399, -52.2654457092, -14.0853996277, -29.0868682861, 28.2532215118], [-320.317779541, -145.689865112, 334.558288574, 91.4297561646, -26.4679355621, -19.5137310028, -18.8637008667, -23.5137577057, -0.0374685525894, 19.2830562592, 4.61346960068, 27.9344921112, -20.4744224548], [-116.080123901, -96.9713439941, 91.4297561646, 183.312072754, 26.6848869324, -3.16720199585, -41.1294593811, -32.3896408081, 26.7651023865, 28.8862686157, 0.929031014442, -4.30931901932, -10.5506057739], [-55.6950531006, 51.0704040527, -26.4679355621, 26.6848869324, 111.407913208, 25.6391487122, -25.9470233917, -32.1200828552, 14.5858392715, 20.7039146423, 6.56439876556, -0.901498496532, -1.89102256298], [-70.3605194092, -53.4076347351, -19.5137310028, -3.16720199585, 25.6391487122, 104.434089661, 39.9805450439, 5.79388189316, -2.53143906593, 12.5992050171, 17.5697975159, 10.2994718552, 12.055762291], [-81.4145507812, -9.18536281586, -18.8637008667, -41.1294593811, -25.9470233917, 39.9805450439, 139.119873047, 72.3699035645, -17.3205165863, -16.5272159576, 15.4740819931, 25.0366706848, 16.4388408661], [-113.812644958, 27.7845954895, -23.5137577057, -32.3896408081, -32.1200828552, 5.79388189316, 72.3699035645, 117.830116272, 30.5545825958, -8.05530071259, 5.69040155411, 14.5296010971, 11.3532552719], [15.2101659775, -56.5200996399, -0.0374685525894, 26.7651023865, 14.5858392715, -2.53143906593, -17.3205165863, 30.5545825958, 94.9661941528, 37.6216621399, 5.49236822128, 4.98392009735, -8.78447628021], [-24.8381462097, -52.2654457092, 19.2830562592, 28.8862686157, 20.7039146423, 12.5992050171, -16.5272159576, -8.05530071259, 37.6216621399, 73.2688598633, 27.9140739441, 8.18902301788, -0.347797960043], [-51.2189941406, -14.0853996277, 4.61346960068, 0.929031014442, 6.56439876556, 17.5697975159, 15.4740819931, 5.69040155411, 5.49236822128, 27.9140739441, 56.2609710693, 27.9457969666, 2.84401702881], [-61.2479972839, -29.0868682861, 27.9344921112, -4.30931901932, -0.901498496532, 10.2994718552, 25.0366706848, 14.5296010971, 4.98392009735, 8.18902301788, 27.9457969666, 57.3430709839, 22.1309204102], [-37.2514724731, 28.2532215118, -20.4744224548, -10.5506057739, -1.89102256298, 12.055762291, 16.4388408661, 11.3532552719, -8.78447628021, -0.347797960043, 2.84401702881, 22.1309204102, 60.3992156982]]
        icov: [[0.000429096486187, 0.000363507191651, 0.000563903653529, 0.000280218984699, 0.000169468446984, 0.000464695243863, -1.9771479856e-05, 0.000586915994063, -0.000186718665645, 0.000115662849566, 0.000133559020469, 7.04903213773e-05, 8.37142579257e-05], [0.000363507191651, 0.00246217567474, 0.000819857406896, 0.000998804694973, -0.00196311855689, 0.00202452414669, 0.000742959033232, -0.00124696525745, 0.00152070773765, 0.000900008250028, -0.000932376773562, 0.00157230126206, -0.00121438666247], [0.000563903653529, 0.000819857406896, 0.00517129339278, -0.00171977141872, 0.00156267196871, 0.00110728037544, 0.000357566779712, 0.000758861191571, 0.00138953258283, -0.00141364417505, 0.00208673579618, -0.00409222673625, 0.00259993993677], [0.000280218984699, 0.000998804694973, -0.00171977141872, 0.00796900968999, -0.00201326864772, 0.000795830972493, 0.000682421145029, 0.00112827226985, -0.00166812434327, -0.000360612903023, -0.00061469944194, 0.00245054974221, -0.00121867994312], [0.000169468446984, -0.00196311855689, 0.00156267196871, -0.00201326864772, 0.0141756394878, -0.00458918930963, 0.000364236591849, 0.00513009587303, -0.00347654800862, -0.00194531446323, 0.00144250737503, -0.00304486136883, 0.00202816422097], [0.000464695243863, 0.00202452414669, 0.00110728037544, 0.000795830972493, -0.00458918930963, 0.0146841667593, -0.00466267392039, 0.00110652064905, 0.000883865577634, -0.000818303436972, -0.00290761119686, 0.00265481625684, -0.00287166959606], [-1.9771479856e-05, 0.000742959033232, 0.000357566779712, 0.000682421145029, 0.000364236591849, -0.00466267392039, 0.0159700606018, -0.010591076687, 0.00639828154817, 0.000813953112811, -0.00100893469062, -0.00370538560674, 0.00080745894229], [0.000586915994063, -0.00124696525745, 0.000758861191571, 0.00112827226985, 0.00513009587303, 0.00110652064905, -0.010591076687, 0.0211750585586, -0.0121244899929, 0.00337655982003, -0.000608712434769, 0.000334516080329, -0.00159619736951], [-0.000186718665645, 0.00152070773765, 0.00138953258283, -0.00166812434327, -0.00347654800862, 0.000883865577634, 0.00639828154817, -0.0121244899929, 0.0219988152385, -0.0103170387447, 0.00472544832155, -0.00451966607943, 0.00417914101854], [0.000115662849566, 0.000900008250028, -0.00141364417505, -0.000360612903023, -0.00194531446323, -0.000818303436972, 0.000813953112811, 0.00337655982003, -0.0103170387447, 0.026170572266, -0.0143961366266, 0.00607594940811, -0.00454389536753], [0.000133559020469, -0.000932376773562, 0.00208673579618, -0.00061469944194, 0.00144250737503, -0.00290761119686, -0.00100893469062, -0.000608712434769, 0.00472544832155, -0.0143961366266, 0.0338667780161, -0.0181157831103, 0.00778056401759], [7.04903213773e-05, 0.00157230126206, -0.00409222673625, 0.00245054974221, -0.00304486136883, 0.00265481625684, -0.00370538560674, 0.000334516080329, -0.00451966607943, 0.00607594940811, -0.0181157831103, 0.0352626405656, -0.0140207121149], [8.37142579257e-05, -0.00121438666247, 0.00259993993677, -0.00121867994312, 0.00202816422097, -0.00287166959606, 0.00080745894229, -0.00159619736951, 0.00417914101854, -0.00454389536753, 0.00778056401759, -0.0140207121149, 0.0239142421633]]
    spectral_contrast:
        mean: [5.35525487066e-07, -4.09135367363e-07, -7.55334710334e-08, -5.01158581301e-07, 2.34376429376e-07, 2.59931056235e-07, -3.09259036158e-07, 2.34910817198e-06, -3.41157806361e-06, -1.58945715611e-06, 2.6228783554e-06, -4.42855662186e-06]
        var: [0.000298667728202, 0.000718655064702, 0.00164964387659, 0.00177355122287, 0.00259452313185, 0.00441766018048, 0.0499377511442, 0.127015024424, 0.155472204089, 0.254094988108, 0.315207540989, 1.82658863068]

rhythm:
    beats_loudness:
        dmean: 0.00498640257865
        dmean2: 0.00924232788384
        dvar: 6.48604009257e-06
        dvar2: 2.43834492721e-05
        max: 0.0167450178415
        mean: 0.00969328265637
        min: 0.00161557435058
        var: 1.64848188433e-05
    beats_loudness_bass:
        dmean: 0.186576649547
        dmean2: 0.372388064861
        dvar: 0.0158054344356
        dvar2: 0.0424984842539
        max: 0.67852550745
        mean: 0.394284933805
        min: 0.0420877933502
        var: 0.0355433672667
    bpm: 130.859802246
    bpm_confidence: 0
    first_peak_bpm: 131
    first_peak_spread: 0
    first_peak_weight: 0.952380955219
    onset_rate: 6.64467287064
    second_peak_bpm: 121
    second_peak_spread: 0
    second_peak_weight: 0.047619048506
    beats_position: [0.0857829898596, 0.544089019299, 1.00239515305, 1.46070110798, 1.91900718212, 2.37731313705, 2.8356192112, 3.29392528534, 3.75223135948, 4.21053743362, 4.66884326935, 5.12714958191, 5.58545541763, 6.08096933365, 6.53967523575, 6.99838209152, 7.4570889473, 7.9157948494, 8.37450122833, 8.83320808411, 9.29191493988, 9.75062084198]
    bpm_estimates: [130.979110718, 130.867401123, 131.032562256, 130.790969849, 130.859008789, 130.976547241, 131.138198853, 130.915542603, 130.795684814, 130.925201416, 130.806488037, 130.778671265, 130.745513916, 130.949539185, 130.696121216, 130.813446045, 130.792327881, 130.883926392, 130.750015259, 130.708023071, 130.854537964, 130.856933594]
    bpm_intervals: [0.458306014538, 0.458306133747, 0.458305954933, 0.458306074142, 0.458305954933, 0.458306074142, 0.458306074142, 0.458306074142, 0.458306074142, 0.458305835724, 0.458306312561, 0.458305835724, 0.495513916016, 0.4587059021, 0.458706855774, 0.458706855774, 0.4587059021, 0.458706378937, 0.458706855774, 0.458706855774, 0.4587059021]
    onset_times: [0.0464399084449, 0.208979591727, 0.31346938014, 0.441179126501, 0.53405892849, 0.673378705978, 0.777868509293, 0.882358253002, 1.1261677742, 1.24226760864, 1.46285712719, 1.70666670799, 1.82276642323, 1.92725622654, 2.15945577621, 2.38004541397, 2.61224484444, 2.73995471001, 2.84444451332, 2.9837641716, 3.07664394379, 3.20435380936, 3.29723358154, 3.54104304314, 3.66875290871, 3.77324271202, 4.00544214249, 4.21442174911, 4.37696123123, 4.45823144913, 4.69043064117, 4.81814050674, 4.92263031006, 5.06195020676, 5.14321994781, 5.38702964783, 5.51473903656, 5.61922883987, 5.83981847763, 5.99074840546, 6.22294807434, 6.31582784653, 6.44353723526, 6.53641700745, 6.65251684189, 6.76861667633, 6.90793657303, 6.98920631409, 7.2330160141, 7.36072540283, 7.46521520615, 7.69741487503, 7.91800451279, 8.16181373596, 8.27791404724, 8.51011371613, 8.62621307373, 8.75392246246, 8.84680271149, 9.0906124115, 9.2067117691, 9.31120204926, 9.54340171814, 9.67111110687, 9.7639913559, 9.91492080688, 9.99619007111]
    rubato_start: []
    rubato_stop: []
    perceptual_tempo: "unknown"

sfx:
    inharmonicity:
        dmean: 0.0468898192048
        dmean2: 0.0835717469454
        dvar: 0.00236081471667
        dvar2: 0.0062320176512
        max: 0.316091120243
        mean: 0.0481201261282
        min: 0.000144914723933
        var: 0.0025185002014
    oddtoevenharmonicenergyratio:
        dmean: 3.22637200356
        dmean2: 6.13137149811
        dvar: 131.709030151
        dvar2: 385.343231201
        max: 122.827293396
        mean: 2.0527575016
        min: 0.00132986193057
        var: 71.0122451782
    pitch_after_max_to_before_max_energy_ratio: 11.3571920395
    pitch_centroid: 224.742095947
    pitch_max_to_total: 0.0781609192491
    pitch_min_to_total: 0.970114946365
    tristimulus:
        dmean: [0.228031724691, 0.250096082687, 0.148414865136]
        dmean2: [0.403027892113, 0.443882882595, 0.257876604795]
        dvar: [0.0352952703834, 0.0354419276118, 0.0184749290347]
        dvar2: [0.0940439254045, 0.0974034145474, 0.0500443428755]
        max: [0.91100114584, 0.954953074455, 0.770951330662]
        mean: [0.369191229343, 0.442705184221, 0.160617440939]
        min: [0.00770121859387, 0, 0]
        var: [0.050094936043, 0.0488476492465, 0.0246785413474]

tonal:
    chords_changes_rate: 0.155251145363
    chords_number_rate: 0.0273972600698
    chords_strength:
        dmean: 0.0122797116637
        dmean2: 0.0160310361534
        dvar: 9.86577797448e-05
        dvar2: 0.00017423335521
        max: 0.583292841911
        mean: 0.419733375311
        min: 0.300492912531
        var: 0.00398425711319
    key_strength: 0.615067601204
    tuning_diatonic_strength: 0.43855792284
    tuning_equal_tempered_deviation: 0.287450730801
    tuning_frequency: 453.154663086
    tuning_nontempered_energy_ratio: 0.899656653404
    hpcp:
        dmean: [0.183350026608, 0.171749055386, 0.146876513958, 0.156917452812, 0.177714109421, 0.192386686802, 0.216342926025, 0.219529494643, 0.222719892859, 0.213414460421, 0.167851209641, 0.194854930043, 0.24487836659, 0.173413410783, 0.152342557907, 0.167600244284, 0.182084545493, 0.16232958436, 0.128060311079, 0.161881268024, 0.207998052239, 0.244779855013, 0.283378481865, 0.233291551471, 0.221256121993, 0.176933631301, 0.137732923031, 0.141523942351, 0.154237449169, 0.191805422306, 0.21705660224, 0.201189368963, 0.204302325845, 0.17488412559, 0.177256464958, 0.184587195516]
        dmean2: [0.329673200846, 0.304741173983, 0.253187656403, 0.277191013098, 0.316139250994, 0.337031692266, 0.372890353203, 0.362011373043, 0.402697890997, 0.382605493069, 0.28240865469, 0.323297202587, 0.405700087547, 0.282931834459, 0.271345049143, 0.283877968788, 0.314590275288, 0.289630830288, 0.228779226542, 0.284925729036, 0.378380924463, 0.419957131147, 0.496963858604, 0.383354723454, 0.405649840832, 0.327736079693, 0.245761930943, 0.248016089201, 0.276498019695, 0.338310837746, 0.369153857231, 0.347980618477, 0.360182344913, 0.308176040649, 0.317132532597, 0.327870547771]
        dvar: [0.0503853708506, 0.0435435399413, 0.0319744572043, 0.0307132396847, 0.0431676246226, 0.0455621853471, 0.0552164949477, 0.0443187728524, 0.0566289648414, 0.0535566024482, 0.0304181315005, 0.0323074646294, 0.0497682467103, 0.0244435966015, 0.0268677007407, 0.0279108230025, 0.0359220318496, 0.0416432507336, 0.0364603586495, 0.0361356921494, 0.0598325319588, 0.049032792449, 0.0749897733331, 0.0379679314792, 0.0591251812875, 0.049889434129, 0.0247202273458, 0.0276494864374, 0.0297599993646, 0.0459483340383, 0.0578389689326, 0.0564899928868, 0.0558553524315, 0.0363089703023, 0.0410612858832, 0.0507006682456]
        dvar2: [0.145763576031, 0.097014605999, 0.0716208070517, 0.0899061486125, 0.12625028193, 0.130994409323, 0.148160263896, 0.107180535793, 0.137967705727, 0.152391254902, 0.0849298015237, 0.0809701085091, 0.113356143236, 0.0562495663762, 0.0726590156555, 0.0711960718036, 0.0896432846785, 0.120800070465, 0.104157827795, 0.0971906781197, 0.16383485496, 0.139883905649, 0.154606536031, 0.0965346768498, 0.165939345956, 0.144608616829, 0.0692802891135, 0.0775473564863, 0.0833978205919, 0.128257140517, 0.153599888086, 0.123761832714, 0.153644472361, 0.0933783128858, 0.112138912082, 0.137673780322]
        max: [1, 1, 1, 1, 1, 1, 1, 1, 1, 1, 0.864989936352, 1, 1, 0.938038229942, 0.905264735222, 1, 1, 1, 0.990888535976, 1, 1, 1, 1, 1, 1, 1, 1, 1, 1, 1, 1, 1, 1, 1, 1, 1]
        mean: [0.186620250344, 0.212220042944, 0.193695053458, 0.173852995038, 0.182127892971, 0.203931838274, 0.270185232162, 0.326946407557, 0.297457516193, 0.225878030062, 0.190377801657, 0.251228392124, 0.310123562813, 0.231038659811, 0.16388708353, 0.21326084435, 0.247656270862, 0.180084735155, 0.12683083117, 0.164248019457, 0.198925748467, 0.331009447575, 0.479413419962, 0.370822191238, 0.213252753019, 0.167837917805, 0.151923581958, 0.147800207138, 0.158186122775, 0.189361542463, 0.240025728941, 0.269719988108, 0.234718903899, 0.204865545034, 0.202405884862, 0.183706894517]
        min: [0.00508170807734, 0.00755263306201, 0.00778178405017, 0.00932504609227, 0.00665243668482, 0.00572960404679, 0.00473742699251, 0.00649359030649, 0.00688343960792, 0.00626590102911, 0.00655926112086, 0.00884163938463, 0.0120596112683, 0.012856811285, 0.00949190929532, 0.00700232340023, 0, 0.00381234823726, 0.00185375742149, 0.00147075927816, 0.00370500399731, 0.0174122843891, 0.0230075698346, 0.0228897407651, 0, 0, 0, 0, 0, 0.00832142401487, 0.00475821970031, 0.00432708812878, 0.00602430198342, 0, 0, 0]
        var: [0.0439929775894, 0.0667595043778, 0.0498551279306, 0.0309402476996, 0.036044318229, 0.0448503941298, 0.0663744136691, 0.0694289281964, 0.0634470954537, 0.0513497628272, 0.0348864123225, 0.0435305982828, 0.0691780671477, 0.0355811826885, 0.0273383837193, 0.036578387022, 0.0483174473047, 0.0352377146482, 0.0283469595015, 0.0366140082479, 0.050347045064, 0.0781835615635, 0.137596771121, 0.0701815113425, 0.0537636764348, 0.03925697878, 0.0229944158345, 0.0253056418151, 0.0261318534613, 0.0398759916425, 0.0723386332393, 0.0982768535614, 0.0688790455461, 0.0415648147464, 0.0387324281037, 0.0418938994408]
    chords_histogram: [27.8538818359, 0, 0, 0, 0, 16.8949775696, 12.7853879929, 4.56621026993, 0, 0, 0, 0, 0, 0, 0, 0, 0, 0, 0, 0, 0, 0, 2.73972606659, 35.1598167419]
    thpcp: [1, 0.773491442204, 0.444820165634, 0.350090146065, 0.316894710064, 0.30829384923, 0.329957634211, 0.39498591423, 0.500665426254, 0.562604188919, 0.489596009254, 0.427325427532, 0.422194868326, 0.383190959692, 0.389267891645, 0.442666053772, 0.404025107622, 0.362636893988, 0.379897356033, 0.425377815962, 0.563574612141, 0.681971728802, 0.620461404324, 0.471154987812, 0.397105693817, 0.524032890797, 0.64688128233, 0.481919467449, 0.341849178076, 0.444837033749, 0.516581833363, 0.375635564327, 0.264554202557, 0.342602044344, 0.414935708046, 0.690446794033]
    chords_key: "C"
    chords_scale: "major"
    key_key: "E"
    key_scale: "minor"
    chords_progression: ["E", "E", "E", "E", "E", "E", "E", "E", "E", "E", "Em", "Em", "Em", "Em", "Em", "Em", "Em", "A", "A", "Em", "Em", "Em", "Em", "Am", "A", "A", "A", "A", "A", "A", "A", "A", "Am", "Am", "C#m", "C#m", "C#m", "C#m", "C#m", "C#m", "C#m", "A", "C", "C", "C#m", "C#m", "C#m", "A", "C#m", "C#m", "C#m", "C#m", "A", "A", "A", "A", "A", "A", "C#m", "A", "A", "C#m", "C#m", "C#m", "C#m", "C#m", "C#m", "C#m", "A", "A", "A", "A", "A", "Em", "Em", "Em", "A", "A", "A", "A", "Em", "Em", "Em", "Em", "Em", "Em", "Em", "Em", "Em", "Em", "Em", "Em", "Em", "Em", "Em", "Em", "Em", "Em", "Em", "Em", "Em", "Em", "Em", "Em", "Em", "Em", "Em", "Em", "Em", "Em", "Em", "Em", "Em", "Em", "C", "C", "C", "C", "C", "C", "C", "C", "C", "C", "C", "C", "C", "C", "C", "C", "C", "C", "C", "C", "C", "C", "C", "C", "C", "C", "C", "C", "C", "C", "C", "C", "C", "C", "A", "A", "A", "A", "A", "A", "A", "C", "C", "A", "Em", "Em", "Em", "C", "C", "Em", "Em", "Em", "Em", "C", "C", "C", "C", "Em", "Em", "Em", "Am", "Am", "Am", "C", "C", "C", "C", "C", "C", "C", "C", "C", "C", "C", "C", "C", "C", "C", "C", "C", "C", "C", "C", "C", "C", "C", "C", "C", "C", "C", "C", "C", "C", "C", "C", "C", "Em", "Em", "C#m", "C#m", "C#m", "C#m", "C#m", "C#m", "Em"]
