
metadata:
    version:
        essentia: "1.2.2"
    audio_properties:
        analysis_sample_rate: 44100
        bitrate: 128
        channels: 2
        equal_loudness: 1
        length: 10.0048980713
        replay_gain: -10.488161087
        downmix: "mix"
    tags:
        track: 23
        year: 0
        album: "Splitted by Mp3Splt v. 2.1"
        artist: "From 003.40 To 003.50"
        comment: "http://mp3splt.sf.net"
        genre: ""
        title: "18 1, 2, 3, 4, 5.mp3"

highlevel:
    ballroom:
        all:
            ChaChaCha: 0.0135904224589
            Jive: 0.0789997205138
            Quickstep: 0.0768518447876
            Rumba-American: 0.0137915685773
            Rumba-International: 0.0487398281693
            Rumba-Misc: 0.0462257117033
            Samba: 0.0295403879136
            Tango: 0.0390410237014
            VienneseWaltz: 0.53052008152
            Waltz: 0.122699387372
        probability: 0.53052008152
        value: "VienneseWaltz"
    culture:
        all:
            non_western: 0.795129954815
            western: 0.204870074987
        probability: 0.795129954815
        value: "non_western"
    gender:
        all:
            female: 0.456341475248
            male: 0.543658554554
        probability: 0.543658554554
        value: "male"
    genre_dortmund:
        all:
            alternative: 0.0813352540135
            blues: 0.0205809064209
            electronic: 0.0971177667379
            folkcountry: 0.0928362607956
            funksoulrnb: 0.0604936629534
            jazz: 0.111311458051
            pop: 0.0744457244873
            raphiphop: 0.00879504345357
            rock: 0.4530839324
        probability: 0.4530839324
        value: "rock"
    genre_electronica:
        all:
            ambient: 0.661448419094
            dnb: 0.158077135682
            house: 0.0234059169888
            techno: 0.00616159383208
            trance: 0.150906950235
        probability: 0.661448419094
        value: "ambient"
    genre_rosamerica:
        all:
            cla: 0.0412031449378
            dan: 0.0093852719292
            hip: 0.00564325833693
            jaz: 0.0337710231543
            pop: 0.279893219471
            rhy: 0.00914845243096
            roc: 0.617421865463
            spe: 0.00353379570879
        probability: 0.617421865463
        value: "roc"
    genre_tzanetakis:
        all:
            blu: 0.00358276301995
            cla: 0.0618248954415
            cou: 0.07285772264
            dis: 0.0362105555832
            hip: 0.00210712011904
            jaz: 0.129192531109
            met: 0.00405720667914
            pop: 0.199136033654
            reg: 0.020612033084
            roc: 0.47041913867
        probability: 0.47041913867
        value: "roc"
    live_studio:
        all:
            live: 0.469260215759
            studio: 0.530739784241
        probability: 0.530739784241
        value: "studio"
    mood:
        all:
            Cluster1: 0.464080750942
            Cluster2: 0.211151242256
            Cluster3: 0.118280902505
            Cluster4: 0.121279671788
            Cluster5: 0.0852074325085
        probability: 0.464080750942
        value: "Cluster1"
    mood_acoustic:
        all:
            acoustic: 0.175753325224
            not_acoustic: 0.824246704578
        probability: 0.824246704578
        value: "not_acoustic"
    mood_aggressive:
        all:
            aggressive: 0.52132242918
            not_aggressive: 0.478677600622
        probability: 0.52132242918
        value: "aggressive"
    mood_electronic:
        all:
            electronic: 0.189910113811
            not_electronic: 0.810089886189
        probability: 0.810089886189
        value: "not_electronic"
    mood_happy:
        all:
            happy: 0.812605857849
            not_happy: 0.187394157052
        probability: 0.812605857849
        value: "happy"
    mood_party:
        all:
            not_party: 0.830583810806
            party: 0.169416204095
        probability: 0.830583810806
        value: "not_party"
    mood_relaxed:
        all:
            not_relaxed: 0.487209528685
            relaxed: 0.512790501118
        probability: 0.512790501118
        value: "relaxed"
    mood_sad:
        all:
            not_sad: 0.459651738405
            sad: 0.540348231792
        probability: 0.540348231792
        value: "sad"
    rhythm:
        all:
            fast: 0.779876410961
            medium: 0.158998832107
            slow: 0.0611247867346
        probability: 0.779876410961
        value: "fast"
    speech_music:
        all:
            music: 0.996697247028
            speech: 0.00330275529996
        probability: 0.996697247028
        value: "music"
    timbre:
        all:
            bright: 0.723188698292
            dark: 0.276811271906
        probability: 0.723188698292
        value: "bright"
    voice_instrumental:
        all:
            instrumental: 0.0318712219596
            voice: 0.968128800392
        probability: 0.968128800392
        value: "voice"

lowlevel:
    average_loudness: 0.942271232605
    barkbands_kurtosis:
        dmean: 0.72929507494
        dmean2: 1.19106340408
        dvar: 0.847044885159
        dvar2: 2.0530192852
        max: 11.2892856598
        mean: 0.185466438532
        min: -1.59331190586
        var: 2.57030797005
    barkbands_skewness:
        dmean: 0.299721807241
        dmean2: 0.49473720789
        dvar: 0.0670324787498
        dvar2: 0.17885376513
        max: 3.37446761131
        mean: 0.438167691231
        min: -1.20332634449
        var: 0.59350502491
    barkbands_spread:
        dmean: 3.24180912971
        dmean2: 5.34160852432
        dvar: 8.15380954742
        dvar2: 20.2330684662
        max: 38.265499115
        mean: 19.3851642609
        min: 7.17596054077
        var: 36.2464103699
    dissonance:
        dmean: 0.024594783783
        dmean2: 0.042259413749
        dvar: 0.00053065555403
        dvar2: 0.00141605758108
        max: 0.499171555042
        mean: 0.459537416697
        min: 0.293430417776
        var: 0.000820007000584
    hfc:
        dmean: 0.966065347195
        dmean2: 1.57509338856
        dvar: 0.882083714008
        dvar2: 2.24244618416
        max: 11.4610948563
        mean: 5.04302549362
        min: 0.0584691055119
        var: 4.69659566879
    pitch:
        dmean: 204.738174438
        dmean2: 375.549682617
        dvar: 99203.859375
        dvar2: 293132.75
        max: 2004.54541016
        mean: 363.488983154
        min: 73.3777008057
        var: 96122.234375
    pitch_instantaneous_confidence:
        dmean: 0.0773750245571
        dmean2: 0.12706707418
        dvar: 0.00431851157919
        dvar2: 0.0103083942086
        max: 0.788089036942
        mean: 0.413698554039
        min: 0.170764565468
        var: 0.016202820465
    pitch_salience:
        dmean: 0.0572333186865
        dmean2: 0.0960513576865
        dvar: 0.00227454141714
        dvar2: 0.00607089605182
        max: 0.816254615784
        mean: 0.599703609943
        min: 0.347691088915
        var: 0.00735654681921
    silence_rate_20dB:
        dmean: 0
        dmean2: 0
        dvar: 0
        dvar2: 0
        max: 1
        mean: 1
        min: 1
        var: 0
    silence_rate_30dB:
        dmean: 0
        dmean2: 0
        dvar: 0
        dvar2: 0
        max: 1
        mean: 1
        min: 1
        var: 0
    silence_rate_60dB:
        dmean: 0.0603248253465
        dmean2: 0.120930232108
        dvar: 0.0566858425736
        dvar2: 0.138864517212
        max: 1
        mean: 0.266203701496
        min: 0
        var: 0.195339277387
    spectral_centroid:
        dmean: 135.332641602
        dmean2: 225.401519775
        dvar: 13192.6904297
        dvar2: 39253.1523438
        max: 1772.80273438
        mean: 1089.42431641
        min: 441.896606445
        var: 95194.265625
    spectral_complexity:
        dmean: 2.17674422264
        dmean2: 3.60606050491
        dvar: 3.18271541595
        dvar2: 7.71659564972
        max: 26
        mean: 12.9953594208
        min: 0
        var: 19.6055278778
    spectral_crest:
        dmean: 2.18376088142
        dmean2: 3.6522154808
        dvar: 3.63987421989
        dvar2: 9.12978553772
        max: 18.5325946808
        mean: 8.26636791229
        min: 3.26470303535
        var: 10.314166069
    spectral_decrease:
        dmean: 2.98236157992e-10
        dmean2: 4.93886320729e-10
        dvar: 1.25818216599e-19
        dvar2: 3.50586905849e-19
        max: -2.54738955624e-11
        mean: -1.1967768998e-09
        min: -3.53930662556e-09
        var: 3.96131625473e-19
    spectral_energy:
        dmean: 0.00119619013276
        dmean2: 0.00198049121536
        dvar: 1.96950918507e-06
        dvar2: 5.45307284483e-06
        max: 0.0143368216231
        mean: 0.00497433263808
        min: 0.000101447643829
        var: 6.34698608337e-06
    spectral_energyband_high:
        dmean: 3.2339237805e-05
        dmean2: 5.44462127436e-05
        dvar: 2.74048495008e-09
        dvar2: 7.25263049617e-09
        max: 0.000614851422142
        mean: 8.31079596537e-05
        min: 2.91133375185e-07
        var: 8.52501802484e-09
    spectral_energyband_low:
        dmean: 9.33329502004e-05
        dmean2: 0.000152630469529
        dvar: 3.55571323496e-08
        dvar2: 9.67274687014e-08
        max: 0.00192532478832
        mean: 0.00021042273147
        min: 8.53638312037e-07
        var: 5.44374181288e-08
    spectral_energyband_middle_high:
        dmean: 0.000414550071582
        dmean2: 0.000648490560707
        dvar: 1.60053673426e-07
        dvar2: 3.6752786059e-07
        max: 0.00544415786862
        mean: 0.00196826690808
        min: 1.04901382656e-05
        var: 8.41906853566e-07
    spectral_energyband_middle_low:
        dmean: 0.000985011807643
        dmean2: 0.0016606565332
        dvar: 1.69618988366e-06
        dvar2: 4.79296795675e-06
        max: 0.01199033577
        mean: 0.00271252985112
        min: 8.98117432371e-05
        var: 5.13420491188e-06
    spectral_flatness_db:
        dmean: 0.014038993977
        dmean2: 0.0213150959462
        dvar: 0.000163955133758
        dvar2: 0.000358528108336
        max: 0.263283222914
        mean: 0.169790953398
        min: 0.0886317119002
        var: 0.000850657350384
    spectral_flux:
        dmean: 0.00715136481449
        dmean2: 0.0116269122809
        dvar: 5.88525253988e-05
        dvar2: 0.000130476837512
        max: 0.0855988040566
        mean: 0.0414471812546
        min: 0.010072122328
        var: 0.000167859456269
    spectral_kurtosis:
        dmean: 1.97000491619
        dmean2: 3.358076334
        dvar: 3.89855599403
        dvar2: 11.5642843246
        max: 21.9251556396
        mean: 7.92804908752
        min: 1.87256240845
        var: 10.3837165833
    spectral_rms:
        dmean: 0.00025601615198
        dmean2: 0.000417362927692
        dvar: 7.17592598676e-08
        dvar2: 1.77630681719e-07
        max: 0.00373993883841
        mean: 0.00213019037619
        min: 0.000314600241836
        var: 3.15294670372e-07
    spectral_rolloff:
        dmean: 294.503875732
        dmean2: 503.796325684
        dvar: 115652.234375
        dvar2: 332264.90625
        max: 3617.578125
        mean: 1856.80310059
        min: 452.197265625
        var: 366130.59375
    spectral_skewness:
        dmean: 0.211542055011
        dmean2: 0.358550310135
        dvar: 0.0371959917247
        dvar2: 0.110856838524
        max: 3.40109872818
        mean: 2.17930960655
        min: 1.29397726059
        var: 0.125792369246
    spectral_spread:
        dmean: 425557.71875
        dmean2: 534686.0625
        dvar: 385970143232
        dvar2: 452082892800
        max: 12018570
        mean: 3833104.25
        min: 1923709.25
        var: 1.99459877683e+12
    spectral_strongpeak:
        dmean: 0.342059671879
        dmean2: 0.592916965485
        dvar: 0.202189311385
        dvar2: 0.566436648369
        max: 3.3524286747
        mean: 0.744605779648
        min: 0.0129600800574
        var: 0.423348069191
    zerocrossingrate:
        dmean: 0.00498841749504
        dmean2: 0.00636131456122
        dvar: 1.68749793374e-05
        dvar2: 2.55611685134e-05
        max: 0.09814453125
        mean: 0.0631276294589
        min: 0.01708984375
        var: 0.000208604498766
    barkbands:
        dmean: [6.83297827209e-08, 4.32467350038e-05, 6.3606799813e-05, 9.80692566372e-05, 0.000401735596824, 0.000428683910286, 0.000266293616733, 0.000368024542695, 0.000209433666896, 8.12181897345e-05, 0.000110727109131, 0.000160500509082, 0.000105851220724, 0.000109252738184, 0.000105551349407, 0.000184676711797, 4.01715951739e-05, 6.10071328992e-05, 4.37100970885e-05, 3.5271874367e-05, 1.18892639875e-05, 3.01216869047e-06, 8.55655173382e-07, 4.77415824207e-07, 5.28823420609e-07, 2.94651876231e-08, 3.79022951913e-10]
        dmean2: [9.94408679844e-08, 7.52312116674e-05, 0.000104405160528, 0.000163990116562, 0.000716469017789, 0.000769846490584, 0.000469613150926, 0.000647936889436, 0.000327344372636, 0.000129150983412, 0.000179511131137, 0.000254773040069, 0.000173147796886, 0.000174277403858, 0.000171022678842, 0.000308212154778, 6.79181830492e-05, 0.000100043253042, 7.17260991223e-05, 6.0817154008e-05, 1.85983881238e-05, 4.58033582618e-06, 1.22026847293e-06, 6.74381453791e-07, 7.62098864016e-07, 4.36486651267e-08, 5.82030312835e-10]
        dvar: [1.3336386032e-13, 1.89183300137e-08, 1.45496814596e-08, 2.09854444932e-08, 4.89754427235e-07, 5.38174333542e-07, 1.89094919278e-07, 2.17610661934e-07, 1.0306368381e-07, 1.31118653712e-08, 3.70279416018e-08, 4.83333160162e-08, 1.95272171766e-08, 5.37255644417e-08, 3.27966809266e-08, 5.70438558611e-08, 3.41089356759e-09, 5.66261970647e-09, 6.48139586445e-09, 3.29964633394e-09, 4.56425286455e-10, 2.26284650739e-11, 1.65323993644e-12, 6.40071708743e-13, 3.66808710142e-12, 9.70756339354e-15, 6.03423211056e-18]
        dvar2: [1.67161247409e-13, 5.06779294085e-08, 4.252543917e-08, 5.20218392808e-08, 1.42542432968e-06, 1.63303695899e-06, 5.15467661444e-07, 6.65011725687e-07, 2.58264890363e-07, 2.92897333054e-08, 7.91329739513e-08, 1.16594733868e-07, 4.5873093768e-08, 1.1463925631e-07, 7.42355439343e-08, 1.36112049631e-07, 9.5302112868e-09, 1.34967788057e-08, 1.37908031661e-08, 9.63086410621e-09, 9.49681444595e-10, 4.65047063358e-11, 3.47637153439e-12, 1.33467672678e-12, 6.80087887048e-12, 2.36877286856e-14, 6.34987844204e-18]
        max: [6.88470117893e-06, 0.00126108550467, 0.00143945380114, 0.00131599442102, 0.00763682276011, 0.00562197249383, 0.00418516201898, 0.00467446399853, 0.00590642075986, 0.00200572353788, 0.00240268721245, 0.00283184763975, 0.00175311591011, 0.00267418986186, 0.00212573842146, 0.00292785209604, 0.000588363851421, 0.00104333541822, 0.00119399116375, 0.000486177799758, 0.000369444518583, 0.000108986612759, 1.82535295608e-05, 1.18074076454e-05, 2.74003050436e-05, 1.78909533588e-06, 5.0694389131e-08]
        mean: [6.93104169613e-08, 4.77007160953e-05, 0.000162661643117, 0.000265990442131, 0.000682710146066, 0.000485502212541, 0.000388711632695, 0.000462142372271, 0.000392276706407, 0.000165707082488, 0.000219246663619, 0.000276542588836, 0.000172243831912, 0.00024031609064, 0.000194030522835, 0.000367442960851, 8.96327328519e-05, 0.000143529934576, 0.000102910555142, 7.05367929186e-05, 3.07852424157e-05, 8.93110427569e-06, 2.25571056944e-06, 1.2450034319e-06, 1.15808279588e-06, 5.53750005849e-08, 4.14634104828e-10]
        min: [5.02872674057e-11, 4.84752646912e-08, 8.02617535101e-07, 7.86052396506e-07, 1.79271364686e-06, 5.29855060449e-06, 7.42945940146e-06, 9.51362267188e-07, 2.75308093478e-06, 3.79903462999e-06, 9.38872858569e-07, 9.21802950415e-07, 4.65117892645e-07, 3.16062624961e-07, 1.52998643443e-06, 2.94075078955e-07, 4.83939004425e-07, 1.68675751411e-06, 6.88276259098e-07, 1.37848473969e-07, 1.69096438185e-07, 3.24937197149e-08, 2.19666649315e-08, 1.1995625826e-08, 8.54007176088e-09, 4.22570423098e-10, 8.4125691439e-13]
        var: [1.34983563498e-13, 1.42927714109e-08, 3.06626226632e-08, 9.30964532131e-08, 1.05177946352e-06, 5.88747639085e-07, 3.32371712375e-07, 4.25462758358e-07, 4.09627432418e-07, 4.91715219653e-08, 1.48598232386e-07, 1.17368259112e-07, 3.30831575468e-08, 1.83653497743e-07, 7.53805409204e-08, 1.42457935226e-07, 9.35267152613e-09, 1.74726118018e-08, 1.96827674159e-08, 6.28736573915e-09, 2.10129980083e-09, 1.68639477383e-10, 8.50907972555e-12, 2.85671378046e-12, 1.06712780973e-11, 1.95518141879e-14, 6.03038530712e-18]
    mfcc:
        mean: [-720.211914062, 146.762969971, -60.4899787903, 25.7781524658, -13.0433588028, -5.73478794098, -6.10437822342, -8.82376861572, -2.91112232208, -5.3017616272, -5.95633792877, -4.7935628891, -1.4604716301]
        cov: [[1213.7479248, -294.300872803, 265.375793457, 58.9100532532, -44.7406845093, -129.105606079, -99.009765625, -35.7013587952, -61.5022163391, -97.354675293, -61.7560768127, -48.5570220947, -99.7467041016], [-294.300872803, 457.216308594, -108.433753967, 50.0340843201, -4.1236948967, -36.4268112183, -51.1965293884, 3.65258455276, -17.4401340485, -12.1604204178, 19.3588905334, -8.2789182663, 17.9968986511], [265.375793457, -108.433753967, 463.577606201, -5.279088974, -1.16400837898, -93.7657012939, -33.9197921753, 61.8504524231, -1.51764965057, -93.4883422852, -31.7933273315, -1.05655372143, -19.8802204132], [58.9100532532, 50.0340843201, -5.279088974, 105.945175171, -9.46960926056, -10.2410669327, -10.388051033, -3.27630901337, -4.99067306519, 10.2417535782, -6.01741552353, -7.88044548035, -14.1637611389], [-44.7406845093, -4.1236948967, -1.16400837898, -9.46960926056, 115.962615967, 10.6117944717, 0.313361495733, -3.53141355515, 24.3918838501, 12.4698867798, 31.0756015778, 16.8648052216, 13.225446701], [-129.105606079, -36.4268112183, -93.7657012939, -10.2410669327, 10.6117944717, 141.75340271, 71.4750213623, -10.7304944992, 2.60028171539, 40.7639160156, 0.290430545807, 8.37428092957, 5.53006744385], [-99.009765625, -51.1965293884, -33.9197921753, -10.388051033, 0.313361495733, 71.4750213623, 132.712661743, 44.8165435791, 19.0557613373, 34.1037483215, 9.75809288025, 37.8057746887, 35.0568962097], [-35.7013587952, 3.65258455276, 61.8504524231, -3.27630901337, -3.53141355515, -10.7304944992, 44.8165435791, 99.1860122681, 38.0741081238, -11.674279213, 3.08975481987, 28.0690097809, 24.3115024567], [-61.5022163391, -17.4401340485, -1.51764965057, -4.99067306519, 24.3918838501, 2.60028171539, 19.0557613373, 38.0741081238, 95.2628936768, 54.9154014587, 12.5156507492, 26.9376773834, 24.7394275665], [-97.354675293, -12.1604204178, -93.4883422852, 10.2417535782, 12.4698867798, 40.7639160156, 34.1037483215, -11.674279213, 54.9154014587, 118.300506592, 39.0028076172, 18.4667949677, 16.977722168], [-61.7560768127, 19.3588905334, -31.7933273315, -6.01741552353, 31.0756015778, 0.290430545807, 9.75809288025, 3.08975481987, 12.5156507492, 39.0028076172, 77.9802322388, 31.7748355865, 11.0383853912], [-48.5570220947, -8.2789182663, -1.05655372143, -7.88044548035, 16.8648052216, 8.37428092957, 37.8057746887, 28.0690097809, 26.9376773834, 18.4667949677, 31.7748355865, 91.6918258667, 65.9405975342], [-99.7467041016, 17.9968986511, -19.8802204132, -14.1637611389, 13.225446701, 5.53006744385, 35.0568962097, 24.3115024567, 24.7394275665, 16.977722168, 11.0383853912, 65.9405975342, 107.607879639]]
        icov: [[0.00149840570521, 0.0011231697863, -0.00026412223815, -0.00111438101158, 0.000158658338478, 0.00107719295193, 0.000460165087134, 0.000329629838234, 0.000517261214554, 0.000328891008394, 0.000461029092548, -0.000627939938568, 0.000873067474458], [0.0011231697863, 0.00382856139913, 0.000851801829413, -0.00230879453011, 0.000223709954298, 0.00096488679992, 0.00196712696925, -0.00129406619817, 0.000899559468962, 0.00107656978071, -0.00102997105569, 0.000717979914043, -0.00088227057131], [-0.00026412223815, 0.000851801829413, 0.00353985233232, -0.000128856292577, -0.000504061987158, 0.00141277874354, 0.000499573885463, -0.00212373957038, -0.000266280636424, 0.00185582030099, 0.00046678862418, -0.000503621762618, 0.000585281173699], [-0.00111438101158, -0.00230879453011, -0.000128856292577, 0.0120156947523, -0.000464650860522, 0.000439453084255, -1.84189448191e-05, -0.00143336050678, 0.00239939009771, -0.00474575906992, 0.0031795501709, -0.00170023459941, 0.00218811980449], [0.000158658338478, 0.000223709954298, -0.000504061987158, -0.000464650860522, 0.0114147653803, -0.00201037642546, 0.000174972650711, 0.00346510834061, -0.00581183144823, 0.00443712575361, -0.00642829295248, 0.00123394769616, -0.00164473569021], [0.00107719295193, 0.00096488679992, 0.00141277874354, 0.000439453084255, -0.00201037642546, 0.0137902172282, -0.00687780696899, 0.00246713683009, 0.00223502633162, -0.00277545908466, 0.00404557259753, -0.00170558050741, 0.00293186982162], [0.000460165087134, 0.00196712696925, 0.000499573885463, -1.84189448191e-05, 0.000174972650711, -0.00687780696899, 0.0176908131689, -0.0104472832754, 0.00545306317508, -0.00507119065151, 0.00131213455461, -0.00288416421972, -0.00170447945129], [0.000329629838234, -0.00129406619817, -0.00212373957038, -0.00143336050678, 0.00346510834061, 0.00246713683009, -0.0104472832754, 0.0234430097044, -0.0137716755271, 0.0106303682551, -0.00444886879995, 4.88644691359e-05, -0.000589175440837], [0.000517261214554, 0.000899559468962, -0.000266280636424, 0.00239939009771, -0.00581183144823, 0.00223502633162, 0.00545306317508, -0.0137716755271, 0.0272260475904, -0.0179619174451, 0.00889381207526, -0.00495685823262, 0.00122968573123], [0.000328891008394, 0.00107656978071, 0.00185582030099, -0.00474575906992, 0.00443712575361, -0.00277545908466, -0.00507119065151, 0.0106303682551, -0.0179619174451, 0.025928767398, -0.0127451187, 0.00465589296073, -0.00281631760299], [0.000461029092548, -0.00102997105569, 0.00046678862418, 0.0031795501709, -0.00642829295248, 0.00404557259753, 0.00131213455461, -0.00444886879995, 0.00889381207526, -0.0127451187, 0.0251286607236, -0.0115153463557, 0.00670903455466], [-0.000627939938568, 0.000717979914043, -0.000503621762618, -0.00170023459941, 0.00123394769616, -0.00170558050741, -0.00288416421972, 4.88644691359e-05, -0.00495685823262, 0.00465589296073, -0.0115153463557, 0.0269417390227, -0.0150776691735], [0.000873067474458, -0.00088227057131, 0.000585281173699, 0.00218811980449, -0.00164473569021, 0.00293186982162, -0.00170447945129, -0.000589175440837, 0.00122968573123, -0.00281631760299, 0.00670903455466, -0.0150776691735, 0.0200986601412]]
    spectral_contrast:
        mean: [6.84597694089e-08, 4.90446119272e-08, -1.43134130326e-07, -1.3708376656e-08, -8.83524791107e-08, -5.0122872608e-07, 1.98280531549e-06, 2.47366187978e-06, -1.38262726068e-06, 1.83488270977e-06, -6.80267419284e-07, -1.51570043272e-06]
        var: [0.000376740499632, 0.000584826571867, 0.00179784011561, 0.00221891049296, 0.00253316969611, 0.00399872334674, 0.0564610846341, 0.086278617382, 0.164296269417, 0.239453181624, 0.29055929184, 0.725690424442]

rhythm:
    beats_loudness:
        dmean: 0.00195670756511
        dmean2: 0.00324577628635
        dvar: 3.21471384268e-06
        dvar2: 1.08868116513e-05
        max: 0.0106012010947
        mean: 0.00530385551974
        min: 0.00154448684771
        var: 6.14240343566e-06
    beats_loudness_bass:
        dmean: 0.118453346193
        dmean2: 0.214090377092
        dvar: 0.00701195234433
        dvar2: 0.0219328384846
        max: 0.38008326292
        mean: 0.102258712053
        min: 0.00184598797932
        var: 0.00904014427215
    bpm: 112.582481384
    bpm_confidence: 0
    first_peak_bpm: 112
    first_peak_spread: 0
    first_peak_weight: 0.944444417953
    onset_rate: 2.29887413979
    second_peak_bpm: 145
    second_peak_spread: 0
    second_peak_weight: 0.0555555559695
    beats_position: [0.0473172739148, 0.583074569702, 1.11883187294, 1.65458917618, 2.19034647942, 2.72610378265, 3.26186108589, 3.79761815071, 4.33337545395, 4.86913251877, 5.40488958359, 5.94064664841, 6.35527610779, 6.88683223724, 7.41838788986, 7.94994306564, 8.48149967194, 9.01305580139, 9.54461097717]
    bpm_estimates: [111.861022949, 112.649520874, 111.468940735, 112.983879089, 112.954017639, 113.211631775, 113.139060974, 112.231262207, 112.742973328]
    bpm_intervals: [0.535757303238, 0.535757303238, 0.535757303238, 0.535757303238, 0.535757303238, 0.535757303238, 0.535757064819, 0.535757303238, 0.535757064819, 0.535757064819, 0.535757064819, 0.414629459381, 0.531556129456, 0.531555652618, 0.531555175781, 0.531556606293, 0.531556129456, 0.531555175781]
    onset_times: [0.0348299331963, 0.208979591727, 0.348299324512, 0.696598649025, 0.96362811327, 1.23065757751, 1.49768710136, 2.0549659729, 2.49614500999, 2.79800462723, 3.93578219414, 4.51628112793, 4.63238096237, 5.4334692955, 5.80498886108, 6.33904743195, 6.8963265419, 7.41877555847, 7.94122457504, 8.24308395386, 8.75392246246, 9.42730140686, 9.682721138]
    rubato_start: []
    rubato_stop: []
    perceptual_tempo: "unknown"

sfx:
    inharmonicity:
        dmean: 0.0394360795617
        dmean2: 0.0707827061415
        dvar: 0.00224615843035
        dvar2: 0.00657523144037
        max: 0.384912788868
        mean: 0.0372626036406
        min: 9.03721665964e-05
        var: 0.00192229449749
    oddtoevenharmonicenergyratio:
        dmean: 6.15956306458
        dmean2: 12.04737854
        dvar: 421.137237549
        dvar2: 1265.21374512
        max: 207.177886963
        mean: 3.45273423195
        min: 0.00156788143795
        var: 223.170257568
    pitch_after_max_to_before_max_energy_ratio: 1.69300186634
    pitch_centroid: 244.719924927
    pitch_max_to_total: 0.617169380188
    pitch_min_to_total: 0.754060328007
    tristimulus:
        dmean: [0.229793086648, 0.250219702721, 0.0800545290112]
        dmean2: [0.402365446091, 0.435977965593, 0.141803950071]
        dvar: [0.0347071811557, 0.0420189276338, 0.00527910375968]
        dvar2: [0.0969653874636, 0.120393007994, 0.0148869082332]
        max: [0.953085064888, 0.966764390469, 0.420926660299]
        mean: [0.417120844126, 0.46938431263, 0.0862515866756]
        min: [0.00542671978474, 0, 0]
        var: [0.0547976121306, 0.0581759512424, 0.00660338625312]

tonal:
    chords_changes_rate: 0.0645161271095
    chords_number_rate: 0.0414746552706
    chords_strength:
        dmean: 0.00871417112648
        dmean2: 0.00852429959923
        dvar: 5.32834383193e-05
        dvar2: 4.9995345762e-05
        max: 0.555595099926
        mean: 0.435750454664
        min: 0.335238218307
        var: 0.00318653415889
    key_strength: 0.631337225437
    tuning_diatonic_strength: 0.502012193203
    tuning_equal_tempered_deviation: 0.0558632835746
    tuning_frequency: 438.477722168
    tuning_nontempered_energy_ratio: 0.686814188957
    hpcp:
        dmean: [0.154667913914, 0.164528638124, 0.100506648421, 0.085322290659, 0.100186116993, 0.0981829017401, 0.119879290462, 0.128777101636, 0.12706117332, 0.149274036288, 0.128396943212, 0.149901673198, 0.141872242093, 0.11866594851, 0.156905248761, 0.195297837257, 0.175057470798, 0.0891258642077, 0.0999881327152, 0.106652744114, 0.107929833233, 0.119126096368, 0.121161222458, 0.121147714555, 0.102175682783, 0.0775877013803, 0.128247201443, 0.143797412515, 0.0958137884736, 0.116964273155, 0.150499925017, 0.134580895305, 0.0909466147423, 0.0933156684041, 0.0945678651333, 0.139744013548]
        dmean2: [0.25233322382, 0.291320890188, 0.180160909891, 0.14821152389, 0.177914902568, 0.170825943351, 0.202073052526, 0.223944842815, 0.215414360166, 0.252711266279, 0.213817298412, 0.250011473894, 0.228821471334, 0.201878935099, 0.267693132162, 0.323707580566, 0.299893438816, 0.152565076947, 0.17925144732, 0.192875191569, 0.191326543689, 0.195830345154, 0.198032870889, 0.210073798895, 0.179341256618, 0.128449067473, 0.222167223692, 0.24886675179, 0.161369174719, 0.203078627586, 0.258886933327, 0.232832580805, 0.157760962844, 0.162984654307, 0.163172543049, 0.234394192696]
        dvar: [0.0319965817034, 0.041374899447, 0.0228024926037, 0.014737973921, 0.0221978705376, 0.0205300785601, 0.0277814641595, 0.0258296113461, 0.02283616364, 0.0294979810715, 0.0256643723696, 0.0377835705876, 0.0266696959734, 0.0194071643054, 0.029280051589, 0.0515372678638, 0.032447591424, 0.0149322869256, 0.0257850550115, 0.0307682976127, 0.0314777828753, 0.0215202495456, 0.0232949014753, 0.0232074148953, 0.0193758886307, 0.00992179661989, 0.0190171096474, 0.0241254139692, 0.0147362630814, 0.0226649213582, 0.0348252356052, 0.0275474414229, 0.011616146192, 0.0151845887303, 0.0124573782086, 0.0316540077329]
        dvar2: [0.0636242628098, 0.118917427957, 0.0654237270355, 0.0394728519022, 0.0629913210869, 0.0515742115676, 0.0696284249425, 0.0742206647992, 0.0544437579811, 0.0710304230452, 0.0655054226518, 0.105152226985, 0.0713251903653, 0.055596485734, 0.0704637467861, 0.123375535011, 0.0879090428352, 0.0384243838489, 0.0676376074553, 0.0896907970309, 0.0864339247346, 0.0536320917308, 0.056181576103, 0.0565418861806, 0.0478371568024, 0.0246614292264, 0.0545130930841, 0.0607037357986, 0.0377172678709, 0.0611770935357, 0.079244017601, 0.0680097490549, 0.0297466013581, 0.0400265194476, 0.0282778758556, 0.0764118432999]
        max: [1, 1, 1, 0.754824519157, 0.760499954224, 1, 1, 1, 1, 1, 1, 1, 1, 1, 1, 1, 1, 1, 1, 1, 1, 1, 1, 1, 1, 0.854567170143, 0.908902645111, 1, 1, 0.99202978611, 1, 1, 0.679267883301, 0.731189846992, 0.714800357819, 1]
        mean: [0.353427618742, 0.227109253407, 0.11360669136, 0.101600959897, 0.104090422392, 0.131693303585, 0.159297943115, 0.174370214343, 0.274334430695, 0.319292902946, 0.229010537267, 0.235484883189, 0.250285387039, 0.166854172945, 0.325028866529, 0.495191574097, 0.286752671003, 0.108963616192, 0.101861476898, 0.0992682352662, 0.121489845216, 0.153884083033, 0.161520555615, 0.181919276714, 0.177359625697, 0.127520427108, 0.200491979718, 0.250352859497, 0.144877582788, 0.155583307147, 0.257859766483, 0.201178729534, 0.11013828963, 0.0993256866932, 0.113426700234, 0.25526714325]
        min: [0.00818778481334, 0.00976463407278, 0.00207281834446, 0.00398805039003, 0.00490514142439, 0.00562589755282, 0.00528878346086, 0.00896556116641, 0.0142387719825, 0.0148679306731, 0.0129166217521, 0.00562695460394, 0.00155345501844, 0.00128097936977, 0.00482440460473, 0.00455404957756, 0.00996593479067, 0.00353475590236, 0.00575181329623, 0.00337161356583, 0.00289437547326, 0.00613122060895, 0.00923481117934, 0.00357639044523, 0.00849797949195, 0.00621435791254, 0.00542827183381, 0.00449771014974, 0.00419835280627, 0.00621889578179, 0.00718956673518, 0.00662937993184, 0.00278272829019, 0.00254599517211, 0.00577187677845, 0.0099060703069]
        var: [0.113605313003, 0.0484909117222, 0.0189656466246, 0.0143997259438, 0.0171558558941, 0.0293038338423, 0.0382078513503, 0.0288422219455, 0.0747367367148, 0.1038017869, 0.0465216971934, 0.0590102411807, 0.0737489163876, 0.0306409541517, 0.074104167521, 0.149497807026, 0.0543588399887, 0.0169039610773, 0.0208535920829, 0.0218218807131, 0.0296387877315, 0.0325402319431, 0.0354424268007, 0.0380900986493, 0.0498814731836, 0.0203699991107, 0.0365183874965, 0.0696492344141, 0.0269031766802, 0.0305289048702, 0.0868155732751, 0.0484485402703, 0.0131614366546, 0.0138764632866, 0.016129437834, 0.0813395157456]
    chords_histogram: [23.5023040771, 4.60829496384, 42.3963127136, 2.30414748192, 0, 0, 0, 0, 0, 0, 0, 0, 0, 0, 0, 0, 0, 5.0691242218, 3.68663597107, 11.9815664291, 4.60829496384, 0, 1.38248848915, 0.460829496384]
    thpcp: [1, 0.579074203968, 0.220043361187, 0.205701157451, 0.200464308262, 0.245339080691, 0.310756653547, 0.326177924871, 0.367371499538, 0.358163654804, 0.257517367601, 0.404877603054, 0.505567669868, 0.292568743229, 0.314188122749, 0.520727276802, 0.406264454126, 0.222415521741, 0.200580328703, 0.229056194425, 0.51549166441, 0.713718950748, 0.458629071712, 0.22941967845, 0.205175057054, 0.210202336311, 0.26594415307, 0.321689516306, 0.352126777172, 0.553996562958, 0.644786596298, 0.46246856451, 0.475542992353, 0.505431413651, 0.336948722601, 0.656369924545]
    chords_key: "D"
    chords_scale: "major"
    key_key: "G"
    key_scale: "major"
    chords_progression: ["G", "G", "G", "G", "G", "G", "G", "G", "G", "G", "G", "G", "G", "G", "G", "G", "G", "G", "Bm", "Bm", "Bm", "Bm", "Bm", "Bm", "Bm", "Bm", "Bm", "Bm", "D", "D", "D", "D", "D", "D", "D", "D", "D", "D", "D", "D", "D", "D", "D", "D", "D", "D", "D", "D", "D", "D", "D", "D", "D", "D", "D", "D", "D", "D", "F#m", "F#m", "F#m", "F#m", "F#m", "D", "D", "D", "D", "D", "D", "D", "D", "D", "D", "D", "D", "D", "D", "D", "D", "D", "D", "D", "D", "D", "D", "D", "D", "D", "D", "D", "D", "D", "D", "D", "D", "D", "Dm", "Dm", "Dm", "G", "G", "G", "G", "G", "G", "G", "G", "G", "G", "G", "G", "G", "G", "G", "G", "G", "G", "G", "G", "G", "G", "Gm", "Gm", "Gm", "Gm", "Gm", "Gm", "Gm", "Gm", "Gm", "Gm", "Gm", "D", "D", "D", "D", "D", "D", "D", "D", "D", "D", "D", "D", "D", "D", "D", "D", "D", "D", "D", "D", "D", "D", "D", "D", "D", "D", "D", "D", "D", "Dm", "Dm", "Dm", "Dm", "Dm", "Dm", "Dm", "Dm", "Dm", "Dm", "Dm", "Dm", "Dm", "Dm", "Dm", "Dm", "Dm", "Dm", "Dm", "Dm", "Dm", "Dm", "Dm", "F", "F", "F", "F", "F", "F", "F", "F", "F", "F", "Em", "A#", "A#", "A#", "A#", "A#", "A#", "A#", "A#", "G", "G", "G", "G", "G", "G", "G", "G", "G", "G", "G", "C", "C", "C"]
