
metadata:
    version:
        essentia: "1.2.2"
    audio_properties:
        analysis_sample_rate: 44100
        bitrate: 128
        channels: 2
        equal_loudness: 1
        length: 10.0310201645
        replay_gain: -12.2501773834
        downmix: "mix"
    tags:
        track: 11
        year: 0
        album: "Splitted by Mp3Splt v. 2.1"
        artist: "From 001.40 To 001.50"
        comment: "http://mp3splt.sf.net"
        genre: ""
        title: "09 Jumble Sale Mums.mp3"

highlevel:
    ballroom:
        all:
            ChaChaCha: 0.135653540492
            Jive: 0.223011612892
            Quickstep: 0.0675052925944
            Rumba-American: 0.00464871479198
            Rumba-International: 0.0188705958426
            Rumba-Misc: 0.00676045706496
            Samba: 0.521893799305
            Tango: 0.00396263739094
            VienneseWaltz: 0.0139974886551
            Waltz: 0.0036958346609
        probability: 0.521893799305
        value: "Samba"
    culture:
        all:
            non_western: 0.168737381697
            western: 0.831262588501
        probability: 0.831262588501
        value: "western"
    gender:
        all:
            female: 0.251035898924
            male: 0.748964071274
        probability: 0.748964071274
        value: "male"
    genre_dortmund:
        all:
            alternative: 0.156394168735
            blues: 0.0383423864841
            electronic: 0.0113217709586
            folkcountry: 0.100587122142
            funksoulrnb: 0.00717374449596
            jazz: 0.108842357993
            pop: 0.0770101100206
            raphiphop: 0.00330485170707
            rock: 0.497023493052
        probability: 0.497023493052
        value: "rock"
    genre_electronica:
        all:
            ambient: 0.0895987227559
            dnb: 0.0549365505576
            house: 0.0100476974621
            techno: 0.00983208604157
            trance: 0.835584938526
        probability: 0.835584938526
        value: "trance"
    genre_rosamerica:
        all:
            cla: 0.0105856619775
            dan: 0.0277972016484
            hip: 0.00928245019168
            jaz: 0.0174979120493
            pop: 0.19873431325
            rhy: 0.143494382501
            roc: 0.588268816471
            spe: 0.00433929264545
        probability: 0.588268816471
        value: "roc"
    genre_tzanetakis:
        all:
            blu: 0.00331633980386
            cla: 0.00530467415228
            cou: 0.143075406551
            dis: 0.0839834809303
            hip: 0.00391179602593
            jaz: 0.0690449774265
            met: 0.0237357243896
            pop: 0.0730289965868
            reg: 0.0217828396708
            roc: 0.572815775871
        probability: 0.572815775871
        value: "roc"
    live_studio:
        all:
            live: 0.0538709647954
            studio: 0.946129024029
        probability: 0.946129024029
        value: "studio"
    mood:
        all:
            Cluster1: 0.376453459263
            Cluster2: 0.1885561198
            Cluster3: 0.0979544967413
            Cluster4: 0.0531400069594
            Cluster5: 0.283895909786
        probability: 0.376453459263
        value: "Cluster1"
    mood_acoustic:
        all:
            acoustic: 0.183296784759
            not_acoustic: 0.81670320034
        probability: 0.81670320034
        value: "not_acoustic"
    mood_aggressive:
        all:
            aggressive: 0.270976424217
            not_aggressive: 0.729023575783
        probability: 0.729023575783
        value: "not_aggressive"
    mood_electronic:
        all:
            electronic: 0.0749540105462
            not_electronic: 0.925045967102
        probability: 0.925045967102
        value: "not_electronic"
    mood_happy:
        all:
            happy: 0.924083352089
            not_happy: 0.0759166255593
        probability: 0.924083352089
        value: "happy"
    mood_party:
        all:
            not_party: 0.613644719124
            party: 0.386355280876
        probability: 0.613644719124
        value: "not_party"
    mood_relaxed:
        all:
            not_relaxed: 0.814122736454
            relaxed: 0.185877263546
        probability: 0.814122736454
        value: "not_relaxed"
    mood_sad:
        all:
            not_sad: 0.655155777931
            sad: 0.344844222069
        probability: 0.655155777931
        value: "not_sad"
    rhythm:
        all:
            fast: 0.963218390942
            medium: 0.0301148053259
            slow: 0.00666677439585
        probability: 0.963218390942
        value: "fast"
    speech_music:
        all:
            music: 0.999997317791
            speech: 2.70299688054e-06
        probability: 0.999997317791
        value: "music"
    timbre:
        all:
            bright: 0.864166855812
            dark: 0.135833144188
        probability: 0.864166855812
        value: "bright"
    voice_instrumental:
        all:
            instrumental: 0.0129634290934
            voice: 0.987036585808
        probability: 0.987036585808
        value: "voice"

lowlevel:
    average_loudness: 0.95622831583
    barkbands_kurtosis:
        dmean: 0.72271168232
        dmean2: 1.22094523907
        dvar: 1.82060992718
        dvar2: 4.81396579742
        max: 16.2436161041
        mean: -0.256009846926
        min: -1.75999605656
        var: 5.23057031631
    barkbands_skewness:
        dmean: 0.339306503534
        dmean2: 0.567838191986
        dvar: 0.150496006012
        dvar2: 0.4015853405
        max: 4.04759979248
        mean: 0.528608620167
        min: -1.43306434155
        var: 0.758045077324
    barkbands_spread:
        dmean: 4.73259401321
        dmean2: 7.48733663559
        dvar: 20.5034446716
        dvar2: 48.8002243042
        max: 63.2117881775
        mean: 35.5376739502
        min: 10.5591697693
        var: 91.1735534668
    dissonance:
        dmean: 0.0177198201418
        dmean2: 0.0299348942935
        dvar: 0.000342418992659
        dvar2: 0.000816410523839
        max: 0.499485909939
        mean: 0.466541439295
        min: 0.287367284298
        var: 0.00055918894941
    hfc:
        dmean: 1.66789710522
        dmean2: 2.49783539772
        dvar: 5.31793260574
        dvar2: 11.198756218
        max: 30.826877594
        mean: 6.78768062592
        min: 0.164042294025
        var: 29.9367904663
    pitch:
        dmean: 566.075012207
        dmean2: 1099.38757324
        dvar: 1621056.75
        dvar2: 4269669.5
        max: 4900
        mean: 714.738220215
        min: 69.0140838623
        var: 1565337.5
    pitch_instantaneous_confidence:
        dmean: 0.077505454421
        dmean2: 0.119752123952
        dvar: 0.0051215775311
        dvar2: 0.0102827912197
        max: 0.831647932529
        mean: 0.447941452265
        min: 0.156147301197
        var: 0.022941455245
    pitch_salience:
        dmean: 0.0585588365793
        dmean2: 0.0986377522349
        dvar: 0.00283615197986
        dvar2: 0.00829814840108
        max: 0.803605556488
        mean: 0.541237950325
        min: 0.315104812384
        var: 0.00824265461415
    silence_rate_20dB:
        dmean: 0
        dmean2: 0
        dvar: 0
        dvar2: 0
        max: 1
        mean: 1
        min: 1
        var: 0
    silence_rate_30dB:
        dmean: 0
        dmean2: 0
        dvar: 0
        dvar2: 0
        max: 1
        mean: 1
        min: 1
        var: 0
    silence_rate_60dB:
        dmean: 0.111111111939
        dmean2: 0.222737818956
        dvar: 0.098765194416
        dvar2: 0.214890107512
        max: 1
        mean: 0.351039260626
        min: 0
        var: 0.227811485529
    spectral_centroid:
        dmean: 224.124420166
        dmean2: 361.858001709
        dvar: 58571.0390625
        dvar2: 154636.78125
        max: 2856.84179688
        mean: 1338.23925781
        min: 303.049407959
        var: 259759.984375
    spectral_complexity:
        dmean: 2.3805103302
        dmean2: 3.62093019485
        dvar: 7.31692123413
        dvar2: 14.5516605377
        max: 37
        mean: 12.2800922394
        min: 0
        var: 37.5858917236
    spectral_crest:
        dmean: 1.699868083
        dmean2: 2.78145742416
        dvar: 3.04594159126
        dvar2: 8.41543579102
        max: 19.1867389679
        mean: 8.05414199829
        min: 2.57220363617
        var: 11.6355066299
    spectral_decrease:
        dmean: 2.56456605952e-10
        dmean2: 4.13659384524e-10
        dvar: 9.8138297611e-20
        dvar2: 2.50978591967e-19
        max: -2.62402669038e-11
        mean: -1.04789688038e-09
        min: -3.66812491492e-09
        var: 3.36286116281e-19
    spectral_energy:
        dmean: 0.00109031097963
        dmean2: 0.00172731396742
        dvar: 1.72818340616e-06
        dvar2: 4.27483337262e-06
        max: 0.0150096034631
        mean: 0.0045706667006
        min: 0.000113915535621
        var: 6.93193624102e-06
    spectral_energyband_high:
        dmean: 0.000148487466504
        dmean2: 0.0002292975405
        dvar: 4.53568240744e-08
        dvar2: 1.06742753303e-07
        max: 0.00251732114702
        mean: 0.0004187032755
        min: 8.9393242888e-06
        var: 1.45041184396e-07
    spectral_energyband_low:
        dmean: 0.000247885269346
        dmean2: 0.00044452297152
        dvar: 1.7176571987e-07
        dvar2: 5.24057497842e-07
        max: 0.0032223504968
        mean: 0.000680778524838
        min: 6.21953313384e-06
        var: 2.18417341102e-07
    spectral_energyband_middle_high:
        dmean: 0.000538669584785
        dmean2: 0.000808834272902
        dvar: 5.92688763845e-07
        dvar2: 1.20276945381e-06
        max: 0.0105583406985
        mean: 0.00196068920195
        min: 6.20557329967e-05
        var: 3.20123263009e-06
    spectral_energyband_middle_low:
        dmean: 0.000539321743418
        dmean2: 0.000914813950658
        dvar: 6.38256722141e-07
        dvar2: 1.71521492121e-06
        max: 0.00905022956431
        mean: 0.00151049578562
        min: 1.35263517222e-05
        var: 1.49051004428e-06
    spectral_flatness_db:
        dmean: 0.0146961268038
        dmean2: 0.0226231627166
        dvar: 0.000188877820619
        dvar2: 0.000445543933893
        max: 0.250943392515
        mean: 0.148524418473
        min: 0.0825046747923
        var: 0.000754557549953
    spectral_flux:
        dmean: 0.00764252524823
        dmean2: 0.0115928901359
        dvar: 8.10825076769e-05
        dvar2: 0.000187506055227
        max: 0.0952592790127
        mean: 0.0347522459924
        min: 0.0079047922045
        var: 0.000275173777482
    spectral_kurtosis:
        dmean: 0.726653218269
        dmean2: 1.20708429813
        dvar: 0.499818950891
        dvar2: 1.30960178375
        max: 8.14299488068
        mean: 2.54592108727
        min: -0.340252876282
        var: 1.22309362888
    spectral_rms:
        dmean: 0.000245205912506
        dmean2: 0.000386621890357
        dvar: 7.3565395553e-08
        dvar2: 1.72326565462e-07
        max: 0.00382668478414
        mean: 0.00202946504578
        min: 0.000333372328896
        var: 3.40456494996e-07
    spectral_rolloff:
        dmean: 547.322509766
        dmean2: 926.879272461
        dvar: 427779.59375
        dvar2: 1103725.125
        max: 5232.56835938
        mean: 2762.67993164
        min: 215.33203125
        var: 1358827.25
    spectral_skewness:
        dmean: 0.13916900754
        dmean2: 0.219622060657
        dvar: 0.0123253157362
        dvar2: 0.029801286757
        max: 2.04358363152
        mean: 1.31526076794
        min: 0.405994176865
        var: 0.0620929524302
    spectral_spread:
        dmean: 573514.1875
        dmean2: 789204.375
        dvar: 438480764928
        dvar2: 781370720256
        max: 12028169
        mean: 5633690.5
        min: 3560592.5
        var: 1.57122048819e+12
    spectral_strongpeak:
        dmean: 0.341356694698
        dmean2: 0.594191670418
        dvar: 0.457156658173
        dvar2: 1.15116381645
        max: 5.77053451538
        mean: 0.582869052887
        min: 0.016395829618
        var: 0.850771248341
    zerocrossingrate:
        dmean: 0.00774226011708
        dmean2: 0.00943291280419
        dvar: 5.70528827666e-05
        dvar2: 7.60241018725e-05
        max: 0.15869140625
        mean: 0.0835254788399
        min: 0.0224609375
        var: 0.000529121549334
    barkbands:
        dmean: [4.06574578449e-08, 3.90919522033e-05, 0.00022402589093, 0.000228561097174, 0.000194410502445, 5.93847871642e-05, 0.000130044427351, 0.000145080353832, 7.10606618668e-05, 5.65897607885e-05, 0.000126777173136, 7.83698997111e-05, 8.72939854162e-05, 7.03160621924e-05, 5.82159336773e-05, 0.000107925843622, 0.000108548825665, 0.000147236249177, 8.15106977825e-05, 0.000164244382177, 5.87457507208e-05, 2.15869313251e-05, 6.67182757752e-06, 3.08022822537e-06, 1.44999671647e-06, 1.02154523063e-07, 3.19402004845e-10]
        dmean2: [6.07942354236e-08, 7.03934347257e-05, 0.000397247262299, 0.000407442334108, 0.000313177879434, 9.93055000436e-05, 0.000213312654523, 0.000225739946472, 0.000113043213787, 9.18780206121e-05, 0.000198943831492, 0.000123263744172, 0.000134083456942, 0.000111628993182, 9.19256854104e-05, 0.000168432161445, 0.000165616569575, 0.000220016489038, 0.000130734639242, 0.000261778390268, 9.34451018111e-05, 3.28470159729e-05, 1.02452622741e-05, 4.43892577096e-06, 2.16854732571e-06, 1.48277820244e-07, 5.22991372431e-10]
        dvar: [1.58243169544e-14, 6.06891781274e-09, 1.3943017052e-07, 1.21631217098e-07, 6.16689135313e-08, 1.69797189642e-08, 8.1609258018e-08, 1.29525503212e-07, 1.43402738573e-08, 1.10280202748e-08, 1.41805529097e-07, 2.61993093886e-08, 3.95124395425e-08, 7.24909909877e-09, 1.17828404811e-08, 6.49340563541e-08, 5.07827273566e-08, 1.18393543858e-07, 3.48608253375e-08, 4.70014995813e-08, 9.7704155877e-09, 1.21313137313e-09, 1.65732066959e-10, 3.46936541995e-11, 7.90054566907e-12, 3.67807048924e-14, 3.32880536151e-19]
        dvar2: [3.53399729998e-14, 1.7280854081e-08, 4.29269448432e-07, 3.98772129984e-07, 1.70506979202e-07, 4.69983554297e-08, 2.03984583891e-07, 2.68277062787e-07, 3.10014236504e-08, 2.70945541558e-08, 3.17320768772e-07, 5.19346770034e-08, 1.00466095887e-07, 1.71045950736e-08, 2.87625585571e-08, 1.2126496074e-07, 1.21643253692e-07, 2.91204543146e-07, 9.38964532793e-08, 1.08435848745e-07, 2.47187550428e-08, 2.69686650789e-09, 4.14105888469e-10, 7.45378828104e-11, 1.69686990154e-11, 8.43441256507e-14, 5.83453757919e-19]
        max: [1.19540300147e-06, 0.000714562833309, 0.00276242569089, 0.00316625693813, 0.00244041020051, 0.00119117437862, 0.00265998532996, 0.00653127022088, 0.00176093820482, 0.000889183371328, 0.00652500241995, 0.00264902296476, 0.00259411614388, 0.00076993642142, 0.00127227499615, 0.0029239912983, 0.00301904720254, 0.00578324776143, 0.00310072675347, 0.0020164293237, 0.001254997449, 0.000550084514543, 0.000138989562402, 8.86167908902e-05, 3.20280705637e-05, 1.63142840393e-06, 8.95243701393e-09]
        mean: [4.0780246735e-08, 0.000106702886114, 0.000574036792386, 0.000473348627565, 0.000372248527128, 9.24741689232e-05, 0.000185156604857, 0.000258536689216, 0.000116421360872, 8.44289825181e-05, 0.000236006293562, 0.000157785165356, 0.000176361238118, 0.000165763500263, 0.000115529663162, 0.000222224800382, 0.00021624416695, 0.000269630429102, 0.000165039673448, 0.000359758123523, 0.00014460310922, 5.4322736105e-05, 1.37444549182e-05, 7.28485974832e-06, 2.83759618469e-06, 1.37484235552e-07, 3.34449412609e-10]
        min: [2.27127518182e-11, 8.13519818621e-07, 3.90770082959e-06, 7.1412705438e-06, 3.54221515408e-06, 1.65943106367e-07, 8.47492856337e-07, 3.89731724226e-07, 7.4234043268e-07, 7.004777558e-07, 2.27260147767e-06, 1.3563920902e-06, 1.33107289457e-06, 2.87121736164e-07, 5.93645133051e-08, 1.07296341412e-06, 2.9363971521e-07, 1.45906267335e-06, 1.53234839217e-06, 4.61620493297e-06, 4.7132907639e-06, 7.51199422666e-07, 1.32871662117e-07, 3.47011877011e-08, 1.3354239492e-08, 8.89311749241e-11, 1.54887268376e-12]
        var: [1.63810073362e-14, 8.61735749424e-09, 2.27920651241e-07, 2.26806591286e-07, 8.40265172997e-08, 2.4172242874e-08, 1.36845784482e-07, 4.64106705067e-07, 3.51853692848e-08, 1.48006522593e-08, 3.57358857173e-07, 1.03301893262e-07, 1.00424848881e-07, 2.28965948423e-08, 2.15881286181e-08, 2.09627813774e-07, 1.64334863939e-07, 2.86405082761e-07, 6.3533811101e-08, 1.21716013268e-07, 2.60099604077e-08, 5.57209256513e-09, 4.00384309041e-10, 1.42991479768e-10, 1.76300380544e-11, 4.7309537879e-14, 3.8058988404e-19]
    mfcc:
        mean: [-701.878662109, 103.876823425, -33.2263641357, 48.9371147156, -11.4346084595, 12.1700077057, 9.03339290619, -4.56702375412, -1.43416345119, -1.00717461109, -6.82272386551, -2.64870715141, -7.28087663651]
        cov: [[2224.15722656, -540.400939941, -293.653625488, -244.606948853, 70.6173782349, -175.850540161, -200.923187256, 153.777694702, 59.9486083984, -62.9303779602, 71.8726272583, 190.676834106, 113.186347961], [-540.400939941, 438.306762695, -78.861000061, 18.4358539581, -86.885017395, 28.0145530701, 51.8447418213, -43.4101867676, -16.5693626404, 63.851852417, -18.1185951233, -45.077796936, -42.9551086426], [-293.653625488, -78.861000061, 322.278625488, 0.979292452335, -52.5584716797, -33.8542175293, 35.5724411011, -13.9813222885, -35.529624939, -10.5542316437, -17.0198097229, -43.6100730896, 1.87010121346], [-244.606948853, 18.4358539581, 0.979292452335, 197.658920288, 83.4128723145, -17.540435791, -48.1957130432, -41.400100708, 13.0072813034, -0.256344437599, -20.2196655273, -10.0635299683, -6.34979009628], [70.6173782349, -86.885017395, -52.5584716797, 83.4128723145, 159.904602051, 7.67581367493, -66.4497375488, -21.0071926117, 38.9354820251, -8.82535171509, 1.51400816441, 18.6279029846, 4.06544923782], [-175.850540161, 28.0145530701, -33.8542175293, -17.540435791, 7.67581367493, 186.853851318, 94.0553131104, -25.2852363586, -3.47092747688, -7.84498500824, 18.9553928375, -54.0101585388, -42.1033782959], [-200.923187256, 51.8447418213, 35.5724411011, -48.1957130432, -66.4497375488, 94.0553131104, 166.799682617, 19.65508461, -31.815076828, -24.4797363281, -0.212796613574, -56.4441261292, -21.9776802063], [153.777694702, -43.4101867676, -13.9813222885, -41.400100708, -21.0071926117, -25.2852363586, 19.65508461, 83.1738586426, 4.19957256317, -23.4700279236, -7.04104089737, 13.323466301, 8.91618824005], [59.9486083984, -16.5693626404, -35.529624939, 13.0072813034, 38.9354820251, -3.47092747688, -31.815076828, 4.19957256317, 61.7759895325, 8.80189418793, -5.77385854721, 7.67595052719, -3.03793215752], [-62.9303779602, 63.851852417, -10.5542316437, -0.256344437599, -8.82535171509, -7.84498500824, -24.4797363281, -23.4700279236, 8.80189418793, 88.9437332153, 12.8616285324, -7.39165210724, -8.53869247437], [71.8726272583, -18.1185951233, -17.0198097229, -20.2196655273, 1.51400816441, 18.9553928375, -0.212796613574, -7.04104089737, -5.77385854721, 12.8616285324, 57.8960838318, 13.3963117599, -0.777330100536], [190.676834106, -45.077796936, -43.6100730896, -10.0635299683, 18.6279029846, -54.0101585388, -56.4441261292, 13.323466301, 7.67595052719, -7.39165210724, 13.3963117599, 88.9750671387, 27.2891559601], [113.186347961, -42.9551086426, 1.87010121346, -6.34979009628, 4.06544923782, -42.1033782959, -21.9776802063, 8.91618824005, -3.03793215752, -8.53869247437, -0.777330100536, 27.2891559601, 59.2330818176]]
        icov: [[0.00175450625829, 0.0022416843567, 0.00227096467279, 0.00200273562223, 0.00047412479762, 0.00148312095553, 0.00110430025961, -0.000388731335988, -6.3738290919e-05, 0.000437160255387, -0.000883139378857, 0.000540349457879, -0.000294844328891], [0.0022416843567, 0.00722696818411, 0.00497795781121, 0.00141389737837, 0.00351557927206, 0.00290995230898, -0.000313030992402, 0.00220869877376, 0.000226320829825, -0.00179980928078, 0.000826332427096, 0.00119112140965, 0.00154451723211], [0.00227096467279, 0.00497795781121, 0.00797469075769, 0.00215784809552, 0.00254565407522, 0.00445372285321, -0.000189640806639, 0.00232122698799, 0.00118583091535, 0.00041151928599, -0.000147665661643, 0.00334221334197, 0.000399666314479], [0.00200273562223, 0.00141389737837, 0.00215784809552, 0.0106781022623, -0.0044463747181, 0.00340588646941, 0.00192912679631, 0.00224002590403, 0.000825447728857, 0.00173093355261, 0.00076243042713, 0.00235073920339, 0.000598511775024], [0.00047412479762, 0.00351557927206, 0.00254565407522, -0.0044463747181, 0.0141877364367, -0.0023151061032, 0.00355080631562, 0.00184515444562, -0.00469689397141, 0.00122667558026, -0.000374431314413, -0.000178940259502, -0.000479726528283], [0.00148312095553, 0.00290995230898, 0.00445372285321, 0.00340588646941, -0.0023151061032, 0.014444520697, -0.0067010242492, 0.00561096798629, -0.00130331749097, 0.00169136619661, -0.00391109427437, 0.00443228147924, 0.00467963004485], [0.00110430025961, -0.000313030992402, -0.000189640806639, 0.00192912679631, 0.00355080631562, -0.0067010242492, 0.0165757574141, -0.00614457204938, 0.00333888130262, 0.00377248111181, -0.00109943409916, 0.00491169746965, -0.0016183127882], [-0.000388731335988, 0.00220869877376, 0.00232122698799, 0.00224002590403, 0.00184515444562, 0.00561096798629, -0.00614457204938, 0.0201630070806, -0.00352328456938, 0.00281479721889, 0.00244160275906, -0.000917252618819, 0.00173780659679], [-6.3738290919e-05, 0.000226320829825, 0.00118583091535, 0.000825447728857, -0.00469689397141, -0.00130331749097, 0.00333888130262, -0.00352328456938, 0.0225418321788, -0.00321269151755, 0.00383282243274, 0.000333515257807, 0.00209177331999], [0.000437160255387, -0.00179980928078, 0.00041151928599, 0.00173093355261, 0.00122667558026, 0.00169136619661, 0.00377248111181, 0.00281479721889, -0.00321269151755, 0.0164017435163, -0.00538760982454, 0.00355149433017, 0.000618785037659], [-0.000883139378857, 0.000826332427096, -0.000147665661643, 0.00076243042713, -0.000374431314413, -0.00391109427437, -0.00109943409916, 0.00244160275906, 0.00383282243274, -0.00538760982454, 0.0233456157148, -0.00569262448698, 0.00119234004524], [0.000540349457879, 0.00119112140965, 0.00334221334197, 0.00235073920339, -0.000178940259502, 0.00443228147924, 0.00491169746965, -0.000917252618819, 0.000333515257807, 0.00355149433017, -0.00569262448698, 0.020949523896, -0.00409624120221], [-0.000294844328891, 0.00154451723211, 0.000399666314479, 0.000598511775024, -0.000479726528283, 0.00467963004485, -0.0016183127882, 0.00173780659679, 0.00209177331999, 0.000618785037659, 0.00119234004524, -0.00409624120221, 0.0232139788568]]
    spectral_contrast:
        mean: [1.38848989195e-07, -3.13631502991e-08, 9.08901824914e-08, -1.31100904355e-07, -4.25993853526e-08, 4.31616285823e-07, 1.29998829834e-06, 2.30747241403e-06, -1.69911174908e-06, 7.01734336417e-07, 7.28225245439e-07, 2.05677406484e-06]
        var: [0.000408913736464, 0.000920729245991, 0.00135216617491, 0.00188692449592, 0.00335359852761, 0.00419677747414, 0.047529861331, 0.0812800750136, 0.127883553505, 0.216439843178, 0.265736490488, 1.25969874859]

rhythm:
    beats_loudness:
        dmean: 0.00291988253593
        dmean2: 0.00515140779316
        dvar: 3.13477517011e-06
        dvar2: 1.1187355085e-05
        max: 0.0110840313137
        mean: 0.00530079612508
        min: 0.001553009497
        var: 6.86352723278e-06
    beats_loudness_bass:
        dmean: 0.151182204485
        dmean2: 0.265493839979
        dvar: 0.010938256979
        dvar2: 0.0333668738604
        max: 0.651239156723
        mean: 0.22801657021
        min: 0.039342045784
        var: 0.0252561494708
    bpm: 151.726257324
    bpm_confidence: 0
    first_peak_bpm: 152
    first_peak_spread: 0
    first_peak_weight: 0.956521749496
    onset_rate: 3.28979492188
    second_peak_bpm: 125
    second_peak_spread: 0
    second_peak_weight: 0.0434782616794
    beats_position: [0.412164896727, 0.807219564915, 1.2022742033, 1.59732878208, 1.99238336086, 2.38743805885, 2.78249239922, 3.177546978, 3.57260155678, 3.96765613556, 4.36271095276, 4.75776529312, 5.15281963348, 5.54787445068, 5.94292879105, 6.42152070999, 6.81739091873, 7.21326160431, 7.60913228989, 8.00500297546, 8.4008731842, 8.79674339294, 9.19261455536, 9.5884847641]
    bpm_estimates: [151.907119751, 150.690994263, 151.921508789, 153.009002686, 151.48336792, 151.480819702, 152.967269897, 150.350036621]
    bpm_intervals: [0.395054668188, 0.395054638386, 0.395054578781, 0.395054578781, 0.39505469799, 0.395054340363, 0.395054578781, 0.395054578781, 0.395054578781, 0.3950548172, 0.395054340363, 0.395054340363, 0.3950548172, 0.395054340363, 0.478591918945, 0.39587020874, 0.395870685577, 0.395870685577, 0.395870685577, 0.39587020874, 0.39587020874, 0.395871162415, 0.39587020874]
    onset_times: [0.0348299331963, 0.731428563595, 0.812698423862, 1.20743763447, 1.6137868166, 1.79954648018, 1.99691605568, 2.18267583847, 2.3916554451, 2.79800462723, 2.99537420273, 3.16952371597, 3.61070299149, 3.78485250473, 3.99383211136, 4.40018129349, 4.73687076569, 5.58439922333, 5.99074840546, 6.38548755646, 6.67573690414, 7.00081634521, 7.24462604523, 7.60453510284, 7.92961454391, 8.01088428497, 8.25469398499, 8.6958732605, 8.90485286713, 9.2067117691, 9.4040813446, 9.61306095123, 9.8800907135]
    rubato_start: []
    rubato_stop: []
    perceptual_tempo: "unknown"

sfx:
    inharmonicity:
        dmean: 0.0394832268357
        dmean2: 0.0688097625971
        dvar: 0.00241638161242
        dvar2: 0.00665456755087
        max: 0.407629698515
        mean: 0.0475274026394
        min: 5.30714760316e-06
        var: 0.00266830576584
    oddtoevenharmonicenergyratio:
        dmean: 3.39040756226
        dmean2: 6.37925958633
        dvar: 151.975296021
        dvar2: 469.571960449
        max: 129.284561157
        mean: 2.1791369915
        min: 0.000634426309261
        var: 83.159576416
    pitch_after_max_to_before_max_energy_ratio: 0.514715790749
    pitch_centroid: 194.934951782
    pitch_max_to_total: 0.525462985039
    pitch_min_to_total: 0.243055552244
    tristimulus:
        dmean: [0.201495438814, 0.225240126252, 0.130810678005]
        dmean2: [0.357089847326, 0.399369895458, 0.230694770813]
        dvar: [0.0368766821921, 0.0403630584478, 0.0153778651729]
        dvar2: [0.1053019315, 0.114177405834, 0.0430591404438]
        max: [0.94356238842, 0.940653920174, 0.689163327217]
        mean: [0.417784482241, 0.406509160995, 0.150112494826]
        min: [0.0301791131496, 0, 0]
        var: [0.0534633174539, 0.0525744259357, 0.0191245302558]

tonal:
    chords_changes_rate: 0.0460829511285
    chords_number_rate: 0.0368663594127
    chords_strength:
        dmean: 0.0112583870068
        dmean2: 0.00873672869056
        dvar: 8.07046380942e-05
        dvar2: 7.36236688681e-05
        max: 0.614248991013
        mean: 0.471775352955
        min: 0.228678420186
        var: 0.00722250295803
    key_strength: 0.758999884129
    tuning_diatonic_strength: 0.502045333385
    tuning_equal_tempered_deviation: 0.0774189755321
    tuning_frequency: 441.527557373
    tuning_nontempered_energy_ratio: 0.726607680321
    hpcp:
        dmean: [0.0693828091025, 0.0616055391729, 0.0747764408588, 0.101644784212, 0.11388527602, 0.159838318825, 0.141312837601, 0.177132338285, 0.118589170277, 0.0841358974576, 0.0790609046817, 0.111690074205, 0.135072171688, 0.128864005208, 0.0791860595345, 0.0511747673154, 0.0586500875652, 0.080032505095, 0.106103211641, 0.0990304797888, 0.118154764175, 0.0904821231961, 0.0916736647487, 0.0911243110895, 0.0819584280252, 0.067967697978, 0.0651497170329, 0.0650466382504, 0.0550006628036, 0.062342479825, 0.0528710447252, 0.0586173124611, 0.100682429969, 0.114608615637, 0.0976565182209, 0.0714663416147]
        dmean2: [0.115451961756, 0.104009449482, 0.121250770986, 0.170956119895, 0.192565083504, 0.274146527052, 0.228075072169, 0.299373537302, 0.193117335439, 0.141622632742, 0.137449160218, 0.174757122993, 0.213430047035, 0.214424788952, 0.136059701443, 0.0859923586249, 0.105173997581, 0.131738558412, 0.17092590034, 0.16735047102, 0.205716848373, 0.145359650254, 0.161629661918, 0.154775127769, 0.135306105018, 0.111816257238, 0.104917824268, 0.108842529356, 0.0866339802742, 0.101439625025, 0.0879352241755, 0.103983797133, 0.169412851334, 0.182944342494, 0.163407340646, 0.1219811216]
        dvar: [0.0152961434796, 0.0093640666455, 0.0120740160346, 0.0218351222575, 0.0243773721159, 0.0419529043138, 0.0338510349393, 0.0438614524901, 0.0279342979193, 0.0206364654005, 0.0179736893624, 0.0191909819841, 0.0343555510044, 0.0349430292845, 0.0151558853686, 0.010894658044, 0.0126526551321, 0.0196178592741, 0.022312656045, 0.0188160277903, 0.0290360562503, 0.0227274801582, 0.0217438209802, 0.0248354002833, 0.0220304336399, 0.0149651002139, 0.0118022011593, 0.00883040297776, 0.00825283583254, 0.0125580970198, 0.010505463928, 0.0137522816658, 0.021038306877, 0.0192044656724, 0.0182388145477, 0.0143325226381]
        dvar2: [0.038673222065, 0.0247352514416, 0.0286751817912, 0.0506847053766, 0.0641842111945, 0.1190738976, 0.0789588019252, 0.114751718938, 0.0677086785436, 0.053522977978, 0.0457505434752, 0.0424085073173, 0.0745087489486, 0.0898993983865, 0.0368206724524, 0.0272890720516, 0.0357717610896, 0.0509675517678, 0.0552751943469, 0.0491418279707, 0.081648260355, 0.0505598187447, 0.0595251619816, 0.0619237162173, 0.0537125207484, 0.0406153425574, 0.0312434304506, 0.0199422296137, 0.0200816392899, 0.0331674925983, 0.0287838298827, 0.0389067679644, 0.0572670958936, 0.0467053204775, 0.0479277335107, 0.0329876020551]
        max: [1, 0.651469826698, 0.975529849529, 1, 1, 1, 1, 1, 1, 1, 1, 1, 1, 1, 1, 0.77440994978, 0.716404438019, 1, 1, 0.978054225445, 1, 1, 1, 1, 1, 1, 1, 1, 0.790735721588, 1, 0.960013568401, 0.856984496117, 1, 1, 1, 1]
        mean: [0.178650513291, 0.0901971533895, 0.125305056572, 0.150596126914, 0.147943347692, 0.354130119085, 0.466508209705, 0.283699184656, 0.139611437917, 0.0999092385173, 0.101874627173, 0.17723031342, 0.284050762653, 0.230609670281, 0.104492656887, 0.0611808672547, 0.0626079589128, 0.129522755742, 0.179786965251, 0.143308520317, 0.215245693922, 0.260942280293, 0.147312730551, 0.140152812004, 0.154439866543, 0.0966869220138, 0.103990711272, 0.119300507009, 0.0915780290961, 0.0946712568402, 0.0791930854321, 0.0649035945535, 0.166027754545, 0.217656075954, 0.159444212914, 0.193366184831]
        min: [0.00106508028693, 0.00197479361668, 0.00729054911062, 0.00529664848, 0.0109491432086, 0.00390560366213, 0.00307222432457, 0.00333726638928, 0.00526741100475, 0.0070386598818, 0.00547168916091, 0.00433864770457, 0.00333137391135, 0.00153562671039, 0.00128053186927, 0.0010620871326, 0.00215245899744, 0.00370083027519, 0.00324813718908, 0.00300921336748, 0.000316983932862, 0.000484764983412, 0.000158259397722, 0.00114131637383, 0.00109492964111, 0.00160055025481, 0.00260269129649, 0.00209820689633, 0.00350449187681, 0.00188304798212, 0.00139877561014, 0.00106734794099, 0.00487827183679, 0.00484051834792, 0.00180832226761, 0.00216177641414]
        var: [0.0972193107009, 0.0151444803923, 0.0193132422864, 0.0265062768012, 0.0254063624889, 0.115145131946, 0.150733888149, 0.0652447044849, 0.0311107560992, 0.0189744234085, 0.0202277749777, 0.0408006571233, 0.101825237274, 0.0781597867608, 0.026654407382, 0.0114960959181, 0.0106281144544, 0.0317509695888, 0.0441376566887, 0.0258714221418, 0.0777084082365, 0.13644990325, 0.0387776605785, 0.0544403828681, 0.0665885135531, 0.0257593337446, 0.0270263999701, 0.0285665355623, 0.013499962166, 0.0186604242772, 0.0146841742098, 0.0114151220769, 0.0327209606767, 0.0413422808051, 0.0294229965657, 0.102359838784]
    chords_histogram: [17.0506916046, 32.25806427, 3.68663597107, 3.22580647469, 0, 21.1981563568, 0.921658992767, 0, 0, 0, 0, 0, 0, 0, 0, 0, 0, 0, 0, 0, 0, 13.3640556335, 5.5299539566, 2.7649769783]
    thpcp: [1, 0.60813331604, 0.299268990755, 0.214163944125, 0.218376919627, 0.379908233881, 0.608886957169, 0.494331419468, 0.223988890648, 0.131146386266, 0.13420547545, 0.277643024921, 0.38538864255, 0.307193994522, 0.461397439241, 0.559351980686, 0.315777361393, 0.300429463387, 0.331054985523, 0.207256630063, 0.222912922502, 0.255730777979, 0.196305289865, 0.202935889363, 0.169757112861, 0.139126375318, 0.355894595385, 0.466564297676, 0.341782212257, 0.414496839046, 0.382952570915, 0.1933452636, 0.26860204339, 0.322815597057, 0.317129135132, 0.759108006954]
    chords_key: "G#"
    chords_scale: "minor"
    key_key: "E"
    key_scale: "major"
    chords_progression: ["G#m", "G#m", "G#m", "G#m", "G#m", "G#m", "G#m", "G#m", "G#m", "G#m", "G#m", "G#m", "G#m", "G#m", "G#m", "G#m", "G#m", "G#m", "G#m", "G#m", "G#m", "G#m", "G#m", "G#m", "G#m", "G#m", "G#m", "G#m", "G#m", "G#m", "G#m", "G#m", "G#m", "G#m", "G#m", "G#m", "G#m", "G#m", "G#m", "G#m", "G#m", "G#m", "G#m", "G#m", "G#m", "G#m", "G#m", "G#m", "G#m", "G#m", "G#m", "G#m", "G#m", "G#m", "G#m", "G#m", "G#m", "G#m", "G#m", "G#m", "G#m", "G#m", "G#m", "G#m", "G#m", "G#m", "G#m", "G#m", "G#m", "G#m", "F#m", "F#m", "F#m", "F#m", "F#m", "F#m", "F#m", "F#m", "F#m", "F#m", "F#m", "F#m", "F#m", "F#m", "F#m", "F#m", "F#m", "F#m", "F#m", "F#m", "F#m", "F#m", "F#m", "F#m", "F#m", "F#m", "F#m", "F#m", "F#m", "A", "A", "A", "A", "A", "A", "A", "A", "A", "A", "A", "A", "C#m", "C#m", "C#m", "C#m", "C#m", "C#m", "E", "E", "E", "E", "E", "E", "E", "E", "E", "E", "E", "E", "E", "E", "E", "E", "E", "E", "E", "E", "E", "E", "E", "E", "E", "E", "E", "E", "E", "E", "E", "E", "E", "E", "E", "E", "E", "B", "B", "B", "B", "B", "B", "B", "D#m", "D#m", "D#m", "D#m", "D#m", "D#m", "D#m", "B", "A#m", "A#m", "A#m", "A#m", "A#m", "A#m", "A#m", "A#m", "A#m", "A#m", "A#m", "A#m", "A#m", "A#m", "A#m", "A#m", "A#m", "A#m", "A#m", "A#m", "A#m", "A#m", "A#m", "A#m", "A#m", "A#m", "A#m", "A#m", "A#m", "A#m", "C#", "C#", "A#m", "A#m", "A#m", "A#m", "A#m", "A#m", "A#m", "A#m", "A#m", "A#m", "A#m", "A#m", "A#m", "A#m", "A#m", "A#m"]
