
metadata:
    version:
        essentia: "1.2.2"
    audio_properties:
        analysis_sample_rate: 44100
        bitrate: 128
        channels: 2
        equal_loudness: 1
        length: 10.0310201645
        replay_gain: -16.368724823
        downmix: "mix"
    tags:
        track: 13
        year: 0
        album: "Splitted by Mp3Splt v. 2.1"
        artist: "From 002.00 To 002.10"
        comment: "http://mp3splt.sf.net"
        genre: ""
        title: "05 Days Go By.mp3"

highlevel:
    ballroom:
        all:
            ChaChaCha: 0.123928584158
            Jive: 0.146596819162
            Quickstep: 0.643639743328
            Rumba-American: 0.00192618090659
            Rumba-International: 0.0184438731521
            Rumba-Misc: 0.00771188409999
            Samba: 0.0509113967419
            Tango: 0.0040335636586
            VienneseWaltz: 0.00126562791411
            Waltz: 0.00154231791385
        probability: 0.643639743328
        value: "Quickstep"
    culture:
        all:
            non_western: 0.162951901555
            western: 0.837048113346
        probability: 0.837048113346
        value: "western"
    gender:
        all:
            female: 0.047200743109
            male: 0.952799260616
        probability: 0.952799260616
        value: "male"
    genre_dortmund:
        all:
            alternative: 0.000710793538019
            blues: 0.00475070858374
            electronic: 0.00489346543327
            folkcountry: 0.00056091073202
            funksoulrnb: 0.00116515706759
            jazz: 0.00357030751184
            pop: 0.00181233219337
            raphiphop: 0.974372327328
            rock: 0.00816401746124
        probability: 0.974372327328
        value: "raphiphop"
    genre_electronica:
        all:
            ambient: 0.571774423122
            dnb: 0.183962613344
            house: 0.150806263089
            techno: 0.0746711716056
            trance: 0.0187855307013
        probability: 0.571774423122
        value: "ambient"
    genre_rosamerica:
        all:
            cla: 0.00345970061608
            dan: 0.00172201311216
            hip: 0.950463473797
            jaz: 0.0134941218421
            pop: 0.00257911649533
            rhy: 0.0208844374865
            roc: 0.00139697571285
            spe: 0.00600018911064
        probability: 0.950463473797
        value: "hip"
    genre_tzanetakis:
        all:
            blu: 0.000903284992091
            cla: 0.000603494991083
            cou: 0.00217457860708
            dis: 0.0161123760045
            hip: 0.238266512752
            jaz: 0.000815742881969
            met: 0.00146750907879
            pop: 0.0873070880771
            reg: 0.645535826683
            roc: 0.00681361276656
        probability: 0.645535826683
        value: "reg"
    live_studio:
        all:
            live: 0.0250556841493
            studio: 0.974944293499
        probability: 0.974944293499
        value: "studio"
    mood:
        all:
            Cluster1: 0.162629112601
            Cluster2: 0.434060066938
            Cluster3: 0.0804417058825
            Cluster4: 0.168843224645
            Cluster5: 0.154025897384
        probability: 0.434060066938
        value: "Cluster2"
    mood_acoustic:
        all:
            acoustic: 0.055744189769
            not_acoustic: 0.944255828857
        probability: 0.944255828857
        value: "not_acoustic"
    mood_aggressive:
        all:
            aggressive: 0.0783446654677
            not_aggressive: 0.921655356884
        probability: 0.921655356884
        value: "not_aggressive"
    mood_electronic:
        all:
            electronic: 0.831280887127
            not_electronic: 0.168719112873
        probability: 0.831280887127
        value: "electronic"
    mood_happy:
        all:
            happy: 0.20845374465
            not_happy: 0.791546285152
        probability: 0.791546285152
        value: "not_happy"
    mood_party:
        all:
            not_party: 0.111255712807
            party: 0.888744294643
        probability: 0.888744294643
        value: "party"
    mood_relaxed:
        all:
            not_relaxed: 0.330585300922
            relaxed: 0.669414699078
        probability: 0.669414699078
        value: "relaxed"
    mood_sad:
        all:
            not_sad: 0.873984575272
            sad: 0.126015424728
        probability: 0.873984575272
        value: "not_sad"
    rhythm:
        all:
            fast: 0.0759204477072
            medium: 0.452135503292
            slow: 0.471944063902
        probability: 0.471944063902
        value: "slow"
    speech_music:
        all:
            music: 0.900541841984
            speech: 0.0994581505656
        probability: 0.900541841984
        value: "music"
    timbre:
        all:
            bright: 0.152612119913
            dark: 0.847387850285
        probability: 0.847387850285
        value: "dark"
    voice_instrumental:
        all:
            instrumental: 0.0593510493636
            voice: 0.940648972988
        probability: 0.940648972988
        value: "voice"

lowlevel:
    average_loudness: 0.958570182323
    barkbands_kurtosis:
        dmean: 3.64022636414
        dmean2: 6.13570547104
        dvar: 34.1632232666
        dvar2: 83.4212341309
        max: 54.1082458496
        mean: 3.07077598572
        min: -1.89425575733
        var: 50.5574264526
    barkbands_skewness:
        dmean: 0.879886806011
        dmean2: 1.36251699924
        dvar: 0.770921766758
        dvar2: 1.65948987007
        max: 6.80811309814
        mean: 0.992434740067
        min: -2.79683446884
        var: 2.50474905968
    barkbands_spread:
        dmean: 9.21194934845
        dmean2: 14.8111724854
        dvar: 100.16607666
        dvar2: 222.477920532
        max: 90.8092956543
        mean: 25.3910388947
        min: 2.30739545822
        var: 242.105209351
    dissonance:
        dmean: 0.0272456575185
        dmean2: 0.0431446172297
        dvar: 0.000746647245251
        dvar2: 0.00173347815871
        max: 0.499579429626
        mean: 0.445294857025
        min: 0.265146255493
        var: 0.0020737152081
    hfc:
        dmean: 3.13860011101
        dmean2: 4.11773872375
        dvar: 112.125793457
        dvar2: 216.842147827
        max: 94.3204727173
        mean: 4.08990001678
        min: 0.00644255289808
        var: 179.282852173
    pitch:
        dmean: 770.267944336
        dmean2: 1468.38476562
        dvar: 1817203.5
        dvar2: 3788314.25
        max: 5512.5
        mean: 1042.24707031
        min: 80.6215744019
        var: 2237065.5
    pitch_instantaneous_confidence:
        dmean: 0.128127887845
        dmean2: 0.209142401814
        dvar: 0.0114037506282
        dvar2: 0.0284235849977
        max: 0.829943239689
        mean: 0.448808223009
        min: 0.125528097153
        var: 0.0269731525332
    pitch_salience:
        dmean: 0.0840407758951
        dmean2: 0.132931828499
        dvar: 0.00480844220147
        dvar2: 0.0127289704978
        max: 0.846354544163
        mean: 0.621090292931
        min: 0.197937309742
        var: 0.014893620275
    silence_rate_20dB:
        dmean: 0
        dmean2: 0
        dvar: 0
        dvar2: 0
        max: 1
        mean: 1
        min: 1
        var: 0
    silence_rate_30dB:
        dmean: 0
        dmean2: 0
        dvar: 0
        dvar2: 0
        max: 1
        mean: 1
        min: 1
        var: 0
    silence_rate_60dB:
        dmean: 0.0649651959538
        dmean2: 0.130232557654
        dvar: 0.0607448332012
        dvar2: 0.13187648356
        max: 1
        mean: 0.886574089527
        min: 0
        var: 0.100560650229
    spectral_centroid:
        dmean: 439.439117432
        dmean2: 671.757202148
        dvar: 364997.40625
        dvar2: 689008.3125
        max: 5142.68115234
        mean: 1213.99609375
        min: 127.795822144
        var: 940336.625
    spectral_complexity:
        dmean: 2.76223778725
        dmean2: 3.66121506691
        dvar: 32.9364776611
        dvar2: 48.0791282654
        max: 49
        mean: 5.09302330017
        min: 0
        var: 89.2702789307
    spectral_crest:
        dmean: 2.90305066109
        dmean2: 4.80416727066
        dvar: 6.559030056
        dvar2: 16.1228580475
        max: 21.7966251373
        mean: 9.2889509201
        min: 3.43836593628
        var: 15.4392995834
    spectral_decrease:
        dmean: 2.82880441294e-10
        dmean2: 4.01951860685e-10
        dvar: 3.97883542311e-19
        dvar2: 7.85850016259e-19
        max: -6.20572386881e-12
        mean: -3.96070509723e-10
        min: -5.02639529998e-09
        var: 6.35482487871e-19
    spectral_energy:
        dmean: 0.00134244654328
        dmean2: 0.00186879071407
        dvar: 1.08400427052e-05
        dvar2: 2.10582911677e-05
        max: 0.0273595694453
        mean: 0.00186582747847
        min: 2.51283254329e-05
        var: 1.75016939465e-05
    spectral_energyband_high:
        dmean: 0.000269124109764
        dmean2: 0.000359787256457
        dvar: 1.08878930405e-06
        dvar2: 2.16900548367e-06
        max: 0.00895749777555
        mean: 0.000310043018544
        min: 3.33729204272e-08
        var: 1.58265345362e-06
    spectral_energyband_low:
        dmean: 0.000117642062833
        dmean2: 0.00020873908943
        dvar: 1.55708661964e-07
        dvar2: 4.2866437866e-07
        max: 0.00312889600173
        mean: 0.000117640367534
        min: 4.93945492508e-07
        var: 1.1826946178e-07
    spectral_energyband_middle_high:
        dmean: 0.000636855082121
        dmean2: 0.000856921891682
        dvar: 3.77403512175e-06
        dvar2: 6.97524001225e-06
        max: 0.017185587436
        mean: 0.000879840168636
        min: 7.80516870691e-07
        var: 6.59915758661e-06
    spectral_energyband_middle_low:
        dmean: 0.000424560363172
        dmean2: 0.000688438711222
        dvar: 6.15918850144e-07
        dvar2: 1.60572506047e-06
        max: 0.00593004049733
        mean: 0.000558268104214
        min: 2.1115195068e-06
        var: 6.32044589111e-07
    spectral_flatness_db:
        dmean: 0.0262212827802
        dmean2: 0.0410640127957
        dvar: 0.000558313971851
        dvar2: 0.00137025455479
        max: 0.330716520548
        mean: 0.171531319618
        min: 0.0813424289227
        var: 0.00169707846362
    spectral_flux:
        dmean: 0.0106925852597
        dmean2: 0.0159314125776
        dvar: 0.000262239685981
        dvar2: 0.000597265723627
        max: 0.1554261446
        mean: 0.025050137192
        min: 0.00132180203218
        var: 0.000614092103206
    spectral_kurtosis:
        dmean: 2.30392241478
        dmean2: 3.28211569786
        dvar: 8.52572536469
        dvar2: 14.2525758743
        max: 33.9859733582
        mean: 5.37114858627
        min: -0.949793338776
        var: 23.879491806
    spectral_rms:
        dmean: 0.000373184884666
        dmean2: 0.000507153396029
        dvar: 3.31484869776e-07
        dvar2: 6.16207557869e-07
        max: 0.00516645563766
        mean: 0.000998549046926
        min: 0.00015657406766
        var: 8.23218897494e-07
    spectral_rolloff:
        dmean: 813.543212891
        dmean2: 1305.47558594
        dvar: 1251238.25
        dvar2: 2264077.25
        max: 9517.67578125
        mean: 2178.45898438
        min: 129.19921875
        var: 2985124
    spectral_skewness:
        dmean: 0.38832461834
        dmean2: 0.544618010521
        dvar: 0.17275172472
        dvar2: 0.303055226803
        max: 4.75515651703
        mean: 1.73274505138
        min: -0.138164743781
        var: 0.597688734531
    spectral_spread:
        dmean: 1156844.25
        dmean2: 1689476.5
        dvar: 1.98720513638e+12
        dvar2: 3.62122182656e+12
        max: 16220172
        mean: 5400026
        min: 1668110
        var: 6.05694879334e+12
    spectral_strongpeak:
        dmean: 0.188412278891
        dmean2: 0.306536316872
        dvar: 0.133805200458
        dvar2: 0.318238705397
        max: 3.08567476273
        mean: 0.264794677496
        min: 0.00412051239982
        var: 0.195283845067
    zerocrossingrate:
        dmean: 0.0168246459216
        dmean2: 0.0183002799749
        dvar: 0.000344943458913
        dvar2: 0.000372506357962
        max: 0.2744140625
        mean: 0.0686761885881
        min: 0.0107421875
        var: 0.00179114739876
    barkbands:
        dmean: [4.51994537798e-07, 6.82863828843e-05, 6.02454638283e-05, 7.25720674382e-05, 0.000164302357007, 8.79947547219e-05, 6.99035881553e-05, 8.98678408703e-05, 5.21494002896e-05, 1.46981665239e-05, 8.18140051706e-06, 1.52396169142e-05, 2.45223782258e-05, 2.20473884838e-05, 4.760239608e-05, 0.000167599282577, 0.000116287592391, 0.000118831238069, 0.000146299978951, 0.000171403415152, 0.000141085023643, 5.10438185302e-05, 8.4230223365e-06, 2.25312896873e-06, 1.21332766412e-06, 4.92775669159e-08, 3.9778069727e-10]
        dmean2: [6.62592810841e-07, 0.000123131103464, 0.000111300018034, 0.000124880200019, 0.000281435495708, 0.00014837476192, 0.000114892340207, 0.00014356255997, 7.68183381297e-05, 2.29666147789e-05, 1.28801211758e-05, 2.33651098824e-05, 3.81813915737e-05, 3.46445049217e-05, 7.74686122895e-05, 0.000254048994975, 0.000174404369318, 0.000165164092323, 0.000206697135582, 0.000278145016637, 0.000209288613405, 7.28739614715e-05, 1.21327811939e-05, 3.30892362399e-06, 1.93904520529e-06, 7.53414894916e-08, 5.00641639256e-10]
        dvar: [2.2734598492e-12, 5.05665198602e-08, 5.98034333166e-08, 2.87964851964e-08, 1.91645895598e-07, 3.99116579786e-08, 3.03633456156e-08, 1.15096710829e-07, 2.97047684228e-08, 1.63295188482e-09, 4.11598449768e-10, 2.78166734091e-09, 7.36157712566e-09, 3.11651127127e-09, 1.91292137686e-08, 2.8924119988e-07, 7.66353238646e-08, 1.85312700296e-07, 2.75448201137e-07, 5.40857570286e-07, 3.09041979563e-07, 3.59289913376e-08, 8.85786444194e-10, 4.40533720614e-11, 9.95959825029e-12, 3.07558510181e-14, 2.6738449519e-17]
        dvar2: [3.88092769726e-12, 1.45607756963e-07, 1.71241794078e-07, 8.24604455829e-08, 5.20505523127e-07, 1.01488382143e-07, 7.84428806355e-08, 2.97967943652e-07, 6.54016503177e-08, 4.02156974388e-09, 8.99611385385e-10, 5.02297359262e-09, 1.56292294662e-08, 6.42590958222e-09, 5.33701012273e-08, 6.52277833524e-07, 1.67704868659e-07, 3.77683704755e-07, 6.04347746958e-07, 1.3418382423e-06, 6.66616642775e-07, 6.56757492834e-08, 1.40961109452e-09, 9.68663482759e-11, 2.26929898484e-11, 6.662521961e-14, 2.7142929258e-17]
        max: [2.4092678359e-05, 0.00149006128777, 0.00278366776183, 0.00146758474875, 0.00346242496744, 0.00163790176157, 0.00196396233514, 0.00481382664293, 0.00268917158246, 0.000411035551224, 0.000242065405473, 0.000992576591671, 0.00164566980675, 0.000481874420075, 0.00137254968286, 0.00455918395892, 0.00232634227723, 0.00443996069953, 0.00449762679636, 0.00677955849096, 0.00498093338683, 0.00169589277357, 0.000254255835898, 5.67624992982e-05, 2.19842113438e-05, 2.02009846362e-06, 1.06918299991e-07]
        mean: [1.20775428059e-06, 6.68389184284e-05, 4.96299617225e-05, 7.09561354597e-05, 0.000177467358299, 9.76793089649e-05, 7.25032223272e-05, 8.06889147498e-05, 5.50066615688e-05, 1.59210230777e-05, 9.44941075431e-06, 1.74953020178e-05, 2.8139402275e-05, 2.4044451493e-05, 5.23714224983e-05, 0.0001613523782, 0.000146611768287, 0.000147330982145, 0.000182972609764, 0.000181956711458, 0.000155157948029, 5.6700559071e-05, 1.04026794361e-05, 2.6425195756e-06, 1.25130452489e-06, 4.93103122778e-08, 3.88077764368e-10]
        min: [3.44161400767e-11, 2.77742495669e-09, 7.46227541981e-08, 5.96295635091e-08, 1.32019494004e-07, 8.42105407628e-09, 9.20065712506e-09, 6.50389653245e-09, 1.12411937536e-08, 6.92391699531e-09, 1.07082209766e-08, 5.6381508351e-09, 2.02602166155e-08, 9.97890037269e-09, 3.08056478104e-08, 6.02484249157e-08, 5.62483997157e-08, 4.0205986096e-08, 3.9319349554e-08, 2.00224867797e-08, 1.08371436269e-08, 4.18897805332e-09, 8.64835592029e-10, 4.61065741142e-10, 3.77814612929e-10, 1.73456206538e-13, 1.28181750018e-14]
        var: [3.38295060368e-12, 3.80240301467e-08, 3.67689878544e-08, 2.00029504072e-08, 1.62470598752e-07, 3.76394559964e-08, 2.78907883455e-08, 9.02029029248e-08, 3.48375088777e-08, 1.67056557476e-09, 5.81139358857e-10, 5.21571053014e-09, 1.39918876485e-08, 4.24036628033e-09, 2.40150974662e-08, 3.06893866764e-07, 1.21556112731e-07, 2.89352584559e-07, 4.21071575829e-07, 5.8328328123e-07, 4.15101851559e-07, 5.17063760697e-08, 1.49098910995e-09, 6.39201955255e-11, 1.25575791085e-11, 3.51979560678e-14, 2.67100474455e-17]
    mfcc:
        mean: [-845.366638184, 115.254554749, -20.5671901703, 57.1433677673, 3.26585817337, -3.50420999527, -12.8396949768, -2.58639883995, 2.99015951157, -9.5749130249, -2.24239039421, -2.29805755615, 1.59852039814]
        cov: [[8879.22460938, -1982.29138184, -1327.1451416, -112.788093567, -509.77053833, -468.001342773, -656.997619629, -293.65637207, -180.402572632, 126.99130249, 47.0679512024, -154.600067139, -339.79574585], [-1982.29138184, 2646.96875, -399.452026367, -499.422943115, -7.68472528458, -213.285293579, 24.4296474457, 149.134994507, 147.438278198, -81.2785263062, 66.7627868652, 47.8627319336, 41.4833679199], [-1327.1451416, -399.452026367, 1144.92346191, 317.690734863, 59.3225440979, 175.863235474, 159.001480103, 12.8808040619, -57.0466690063, -66.7879562378, -76.7958831787, 22.0627422333, 82.7334823608], [-112.788093567, -499.422943115, 317.690734863, 485.785980225, 114.613510132, 27.8198280334, -18.175737381, -14.621509552, -58.42811203, 39.0595550537, -48.1346740723, -28.361371994, 38.5033416748], [-509.77053833, -7.68472528458, 59.3225440979, 114.613510132, 309.836608887, 26.8467884064, -8.22665882111, 19.4354438782, 22.1898555756, 57.6342544556, 13.7860078812, 8.95587348938, 50.6250228882], [-468.001342773, -213.285293579, 175.863235474, 27.8198280334, 26.8467884064, 467.286834717, 208.314971924, 38.1138763428, 6.1585187912, -20.2621974945, 25.101606369, 65.3578567505, -7.13449239731], [-656.997619629, 24.4296474457, 159.001480103, -18.175737381, -8.22665882111, 208.314971924, 322.086914062, 74.5917053223, 22.9583950043, 8.15962600708, 8.94933414459, 40.5444831848, 7.77435207367], [-293.65637207, 149.134994507, 12.8808040619, -14.621509552, 19.4354438782, 38.1138763428, 74.5917053223, 150.493438721, 52.0244178772, -3.76003885269, -4.55462551117, 15.42146492, 31.515838623], [-180.402572632, 147.438278198, -57.0466690063, -58.42811203, 22.1898555756, 6.1585187912, 22.9583950043, 52.0244178772, 186.108001709, 36.7386283875, 12.8766746521, 5.02401685715, -21.9134960175], [126.99130249, -81.2785263062, -66.7879562378, 39.0595550537, 57.6342544556, -20.2621974945, 8.15962600708, -3.76003885269, 36.7386283875, 162.51109314, 40.5563354492, 8.40029811859, 9.39732170105], [47.0679512024, 66.7627868652, -76.7958831787, -48.1346740723, 13.7860078812, 25.101606369, 8.94933414459, -4.55462551117, 12.8766746521, 40.5563354492, 111.885574341, 39.2450180054, -3.35064148903], [-154.600067139, 47.8627319336, 22.0627422333, -28.361371994, 8.95587348938, 65.3578567505, 40.5444831848, 15.42146492, 5.02401685715, 8.40029811859, 39.2450180054, 92.0264968872, 31.4138259888], [-339.79574585, 41.4833679199, 82.7334823608, 38.5033416748, 50.6250228882, -7.13449239731, 7.77435207367, 31.515838623, -21.9134960175, 9.39732170105, -3.35064148903, 31.4138259888, 107.190826416]]
        icov: [[0.00029467913555, 0.000271403376246, 0.0002831898164, 6.38568235445e-05, 0.000356519565685, 0.000147326674778, 0.000393271504436, -0.000185293742106, 0.000244720547926, -0.000186816629139, -7.87155440776e-05, -0.000128604791826, 0.000556605751626], [0.000271403376246, 0.000818531669211, 0.000330384238623, 0.000528540287632, 0.000132773900987, 0.000509376404807, 0.000175605222466, -0.000509195495397, -3.19424470945e-05, 0.00029033824103, -0.000334097770974, -0.000212491417187, 0.000226737465709], [0.0002831898164, 0.000330384238623, 0.00165163457859, -0.000770771584939, 0.000348391884472, 2.58998570644e-05, -0.000350920949131, 0.000271610537311, 1.08689027911e-05, 0.000663458893541, 0.000345055450452, -0.000348561443388, -0.000388299347833], [6.38568235445e-05, 0.000528540287632, -0.000770771584939, 0.00368375331163, -0.000933647796046, -3.55566517101e-05, 0.000642582715955, -0.000532772974111, 0.000878238759469, -0.00113356171641, 0.000773705658503, 0.000843278074171, -0.000125837425003], [0.000356519565685, 0.000132773900987, 0.000348391884472, -0.000933647796046, 0.00466368719935, -0.000458038790384, 0.00102015270386, -0.000260363391135, -0.00038842918002, -0.00132353627123, -0.000621506886091, 0.000439902039943, -0.00119699968491], [0.000147326674778, 0.000509376404807, 2.58998570644e-05, -3.55566517101e-05, -0.000458038790384, 0.00383720593527, -0.0019646177534, -0.00025852464023, 4.34868961747e-05, 0.00106096465606, -0.000612638948951, -0.00214934791438, 0.00147952791303], [0.000393271504436, 0.000175605222466, -0.000350920949131, 0.000642582715955, 0.00102015270386, -0.0019646177534, 0.00598350306973, -0.00242798402905, 0.000723930541426, -0.00176879647188, 0.00029421490035, -0.000549332355149, 0.00135932478588], [-0.000185293742106, -0.000509195495397, 0.000271610537311, -0.000532772974111, -0.000260363391135, -0.00025852464023, -0.00242798402905, 0.00988726131618, -0.00304911960848, 0.00127055332996, 0.000643450533971, 0.000446269375971, -0.0038791494444], [0.000244720547926, -3.19424470945e-05, 1.08689027911e-05, 0.000878238759469, -0.00038842918002, 4.34868961747e-05, 0.000723930541426, -0.00304911960848, 0.00758651504293, -0.0023814837914, 0.000497356697451, -0.000700430187862, 0.00347514799796], [-0.000186816629139, 0.00029033824103, 0.000663458893541, -0.00113356171641, -0.00132353627123, 0.00106096465606, -0.00176879647188, 0.00127055332996, -0.0023814837914, 0.00913562159985, -0.00318602961488, 0.000243738089921, -0.00181783142034], [-7.87155440776e-05, -0.000334097770974, 0.000345055450452, 0.000773705658503, -0.000621506886091, -0.000612638948951, 0.00029421490035, 0.000643450533971, 0.000497356697451, -0.00318602961488, 0.0130111472681, -0.00542921200395, 0.0017565691378], [-0.000128604791826, -0.000212491417187, -0.000348561443388, 0.000843278074171, 0.000439902039943, -0.00214934791438, -0.000549332355149, 0.000446269375971, -0.000700430187862, 0.000243738089921, -0.00542921200395, 0.0171943791211, -0.00617484003305], [0.000556605751626, 0.000226737465709, -0.000388299347833, -0.000125837425003, -0.00119699968491, 0.00147952791303, 0.00135932478588, -0.0038791494444, 0.00347514799796, -0.00181783142034, 0.0017565691378, -0.00617484003305, 0.0157908461988]]
    spectral_contrast:
        mean: [3.8255265622e-07, 7.23615967146e-09, -3.2883917811e-07, -3.55791200946e-07, -6.45809393518e-07, 1.73685165805e-07, -9.83147401712e-07, 8.65306958531e-07, -1.55808970703e-06, -2.241689117e-06, 6.38324166857e-08, -2.80335893876e-06]
        var: [0.000917094876058, 0.00122673355509, 0.00209325086325, 0.00251321564429, 0.00447222776711, 0.0097165517509, 0.124256744981, 0.195305243134, 0.292776793242, 0.592784821987, 1.15173792839, 4.55118942261]

rhythm:
    beats_loudness:
        dmean: 0.0158810205758
        dmean2: 0.0315439477563
        dvar: 1.59858373081e-05
        dvar2: 4.23484234489e-05
        max: 0.0226569771767
        mean: 0.00828984100372
        min: 6.27988774795e-05
        var: 6.9524096034e-05
    beats_loudness_bass:
        dmean: 0.288227379322
        dmean2: 0.593480825424
        dvar: 0.0416322574019
        dvar2: 0.0938445851207
        max: 0.577987968922
        mean: 0.149999767542
        min: 0.0012622422073
        var: 0.0400626249611
    bpm: 90.5586853027
    bpm_confidence: 0
    first_peak_bpm: 91
    first_peak_spread: 0.0714285373688
    first_peak_weight: 0.928571462631
    onset_rate: 5.2836098671
    second_peak_bpm: 0
    second_peak_spread: 0
    second_peak_weight: 0
    beats_position: [0.588364481926, 1.25030732155, 1.91225016117, 2.57419300079, 3.23613595963, 3.89807844162, 4.56002140045, 5.22196388245, 5.88390636444, 6.57295703888, 7.23628616333, 7.89961433411, 8.56294345856, 9.22627258301, 9.88960170746]
    bpm_estimates: [90.5593261719, 90.5211334229, 90.5919570923, 90.5765533447, 91.5534973145, 90.6052780151, 90.5506362915, 90.4246749878, 90.4876327515, 90.5623626709, 90.4682617188, 90.4757385254, 90.422996521, 90.325881958, 90.4987564087, 90.4192962646, 90.494102478, 90.5182113647]
    bpm_intervals: [0.661942839622, 0.661942839622, 0.661942839622, 0.661942958832, 0.661942481995, 0.661942958832, 0.661942481995, 0.661942481995, 0.689050674438, 0.663329124451, 0.663328170776, 0.663329124451, 0.663329124451, 0.663329124451]
    onset_times: [0.0580498874187, 0.243809521198, 0.46439909935, 0.580498874187, 0.684988677502, 0.847528338432, 1.02167797089, 1.16099774837, 1.23065757751, 1.47446715832, 1.64861679077, 1.74149656296, 1.86920630932, 2.0549659729, 2.15945577621, 2.27555561066, 2.46131515503, 2.56580495834, 2.91410422325, 3.13469386101, 3.21596360207, 3.32045340538, 3.50621318817, 3.61070299149, 3.81968259811, 3.90095233917, 4.14476203918, 4.26086187363, 4.48145103455, 4.57433128357, 4.74848079681, 4.86458063126, 4.99229001999, 5.14321994781, 5.23609972, 5.5727891922, 5.68888902664, 5.93269824982, 6.5596370697, 6.88471651077, 7.0356464386, 7.24462604523, 7.56970500946, 7.74385499954, 7.89478445053, 8.23147392273, 8.34757328033, 8.55655288696, 8.71909332275, 9.14866256714, 9.22993183136, 9.58984088898, 9.90331077576]
    rubato_start: []
    rubato_stop: []
    perceptual_tempo: "unknown"

sfx:
    inharmonicity:
        dmean: 0.0408303141594
        dmean2: 0.0711911469698
        dvar: 0.00269073038362
        dvar2: 0.0070675117895
        max: 0.329376190901
        mean: 0.0403261855245
        min: 0
        var: 0.00278076319955
    oddtoevenharmonicenergyratio:
        dmean: 3.84621286392
        dmean2: 7.21672439575
        dvar: 389.549713135
        dvar2: 1100.85742188
        max: 288.2109375
        mean: 2.38605570793
        min: 0
        var: 229.237487793
    pitch_after_max_to_before_max_energy_ratio: 1.6441848278
    pitch_centroid: 222.464599609
    pitch_max_to_total: 0.41627907753
    pitch_min_to_total: 0.0255813952535
    tristimulus:
        dmean: [0.241132631898, 0.271033316851, 0.118920907378]
        dmean2: [0.413082540035, 0.46674323082, 0.208387762308]
        dvar: [0.0465358421206, 0.0451027490199, 0.0201985761523]
        dvar2: [0.113501407206, 0.13306131959, 0.0511539950967]
        max: [1, 0.98459905386, 0.825429618359]
        mean: [0.44622951746, 0.406924903393, 0.110617354512]
        min: [0.00363725610077, 0, 0]
        var: [0.0826109573245, 0.0722929388285, 0.0236788000911]

tonal:
    chords_changes_rate: 0.152777776122
    chords_number_rate: 0.0462962947786
    chords_strength:
        dmean: 0.0203544143587
        dmean2: 0.0238887127489
        dvar: 0.000209432924748
        dvar2: 0.000331153656589
        max: 0.637048244476
        mean: 0.442681163549
        min: 0.23230573535
        var: 0.00686501292512
    key_strength: 0.506564736366
    tuning_diatonic_strength: 0.487265318632
    tuning_equal_tempered_deviation: 0.27125826478
    tuning_frequency: 444.598632812
    tuning_nontempered_energy_ratio: 0.91207754612
    hpcp:
        dmean: [0.180646270514, 0.15847954154, 0.165542632341, 0.14597928524, 0.142793312669, 0.174652248621, 0.137052223086, 0.14515568316, 0.144933700562, 0.154577448964, 0.166259780526, 0.173042118549, 0.170003384352, 0.157163828611, 0.173280864954, 0.171853661537, 0.186178654432, 0.164904549718, 0.157405480742, 0.16627164185, 0.157667025924, 0.129252105951, 0.132172808051, 0.176012858748, 0.197737455368, 0.216019958258, 0.200314059854, 0.190866500139, 0.201074764132, 0.183030933142, 0.171548202634, 0.163814947009, 0.189257636666, 0.186488196254, 0.173445090652, 0.179765641689]
        dmean2: [0.310542851686, 0.280961602926, 0.28925126791, 0.246530041099, 0.241822019219, 0.307140469551, 0.236646220088, 0.247702673078, 0.240767523646, 0.254846185446, 0.279330253601, 0.293737441301, 0.284685969353, 0.266215950251, 0.306999593973, 0.288961976767, 0.306899338961, 0.274522095919, 0.266124367714, 0.293737709522, 0.283487707376, 0.225987330079, 0.234736949205, 0.321879595518, 0.354676276445, 0.391722172499, 0.34778752923, 0.324976295233, 0.346754044294, 0.314408391714, 0.300370305777, 0.274938285351, 0.328618407249, 0.327520608902, 0.298855990171, 0.318522125483]
        dvar: [0.0514119528234, 0.0439210273325, 0.049881964922, 0.0354491658509, 0.0302991028875, 0.050765555352, 0.035495325923, 0.0500142201781, 0.0407946556807, 0.042784281075, 0.0498966090381, 0.0483530573547, 0.0422431007028, 0.0395071543753, 0.04649919644, 0.0448290444911, 0.0490820743144, 0.0486679822206, 0.0464949011803, 0.0480326972902, 0.0444219000638, 0.0261289868504, 0.0344068184495, 0.0730145797133, 0.0672709643841, 0.0656888484955, 0.0578634142876, 0.0586722530425, 0.0608822628856, 0.0588389001787, 0.0528695546091, 0.0349550358951, 0.0618379563093, 0.0602473728359, 0.0479679480195, 0.0579734221101]
        dvar2: [0.141018003225, 0.11462919414, 0.121319495142, 0.0881601348519, 0.0775187984109, 0.139776900411, 0.0871255621314, 0.128346756101, 0.0951614230871, 0.101085118949, 0.121548913419, 0.1281812042, 0.109315156937, 0.0958481281996, 0.119000844657, 0.103233203292, 0.103173352778, 0.109067313373, 0.11048925668, 0.127379432321, 0.119992390275, 0.0705837309361, 0.0897985994816, 0.202787190676, 0.180170312524, 0.181904688478, 0.166962325573, 0.160189568996, 0.174054279923, 0.132840394974, 0.130482330918, 0.0854466184974, 0.144166782498, 0.150977805257, 0.128550827503, 0.131997510791]
        max: [1, 1, 1, 1, 0.851871848106, 1, 1, 1, 1, 1, 1, 1, 1, 1, 1, 1, 1, 1, 1, 1, 1, 0.829013645649, 1, 1, 1, 1, 1, 1, 1, 1, 1, 1, 1, 1, 1, 1]
        mean: [0.21045280993, 0.172378003597, 0.178902164102, 0.16078338027, 0.1537668854, 0.160032331944, 0.150207549334, 0.151255428791, 0.171965405345, 0.187721475959, 0.18310816586, 0.181189119816, 0.178215026855, 0.181460097432, 0.187889888883, 0.195328250527, 0.203978031874, 0.198852330446, 0.184280380607, 0.184834554791, 0.193452298641, 0.154120266438, 0.126620516181, 0.144515156746, 0.173599898815, 0.230374827981, 0.269817113876, 0.240015596151, 0.219506725669, 0.2613466084, 0.241736486554, 0.202788740396, 0.213670149446, 0.191329538822, 0.194221794605, 0.237065792084]
        min: [0.00143698696047, 0.000814533268567, 0.000833431084175, 0.000580474035814, 0.000413588131778, 0.000410924840253, 0.000528133183252, 9.16248827707e-05, 0.000130427142722, 0.000531401892658, 0.000455512927147, 0.00053229049081, 0.000329731119564, 0.000689507345669, 0.00102367450017, 0.000755797955208, 0.000566325616091, 0.000210566518945, 0.000119557385915, 0.000124189158669, 0.000114771246444, 7.22223485354e-05, 4.00172066293e-05, 5.27709780727e-05, 0.000108672276838, 0.000280280364677, 0.000563086941838, 0.000501158996485, 0.000426278740633, 0.000201534930966, 0.00066570477793, 0.00068846862996, 0.000558295636438, 0.000775520224124, 0.0011967222672, 0.00108262104914]
        var: [0.0615708343685, 0.054116986692, 0.0643529444933, 0.0509236603975, 0.0393769592047, 0.0506160780787, 0.0481303744018, 0.0593489594758, 0.0600221939385, 0.0698739290237, 0.0656548887491, 0.0617338493466, 0.0599277094007, 0.0552753955126, 0.0582900345325, 0.0597473457456, 0.0668709650636, 0.06509231776, 0.0639709830284, 0.0530985035002, 0.059352543205, 0.0371854379773, 0.0353986099362, 0.0563902109861, 0.0622564889491, 0.0761058479548, 0.0897445678711, 0.0776726081967, 0.0721008107066, 0.103857241571, 0.0994070917368, 0.0522969439626, 0.0886731594801, 0.0701855793595, 0.0568935833871, 0.0940125659108]
    chords_histogram: [6.48148155212, 0, 0, 0, 0, 0, 0, 0, 0, 8.33333301544, 29.1666660309, 4.62962961197, 0.925925910473, 6.01851844788, 0, 0, 0.462962955236, 3.70370364189, 0, 12.0370368958, 0, 5.09259271622, 3.24074077606, 19.9074077606]
    thpcp: [1, 0.889549195766, 0.813538908958, 0.968606472015, 0.895927190781, 0.751578509808, 0.791907310486, 0.709108233452, 0.719827532768, 0.878616571426, 0.77998316288, 0.638869822025, 0.663049757481, 0.595897614956, 0.56989300251, 0.593114078045, 0.556701362133, 0.560585021973, 0.637340605259, 0.695735991001, 0.678638100624, 0.671525657177, 0.660503029823, 0.672529995441, 0.696360170841, 0.723928332329, 0.755986273289, 0.736989319324, 0.682982563972, 0.685036420822, 0.71697562933, 0.57120269537, 0.469282746315, 0.535604119301, 0.643398404121, 0.853818416595]
    chords_key: "F"
    chords_scale: "minor"
    key_key: "F#"
    key_scale: "minor"
    chords_progression: ["G", "G", "G", "G", "G", "G", "G", "G", "G", "Cm", "D#", "G#", "G#", "D#", "D#", "Dm", "D#", "D#", "D#", "D#", "D#", "D#", "D#", "D#", "D#", "D#", "D", "D", "D", "D", "D", "D", "D", "D", "D", "D", "D", "D", "D", "D", "F#m", "D", "F#m", "F#m", "F#m", "F#m", "F#m", "F#m", "F#m", "F#m", "F#m", "F#m", "F#m", "D", "D", "D", "C#", "C#", "C#", "C#", "C#", "Fm", "C#", "Fm", "Fm", "Fm", "Fm", "Fm", "Fm", "Fm", "Fm", "Fm", "Fm", "Fm", "Fm", "Fm", "Fm", "Fm", "Fm", "Fm", "Fm", "Fm", "Fm", "Fm", "Fm", "Fm", "Fm", "Fm", "Fm", "Fm", "Fm", "Fm", "Fm", "F", "F", "F", "F", "F", "F", "F", "F", "Fm", "C#", "C#", "Fm", "Fm", "Fm", "Fm", "Fm", "Fm", "Fm", "Fm", "Fm", "F#m", "F#m", "Fm", "Fm", "Fm", "Fm", "Fm", "Fm", "Fm", "Fm", "Fm", "Fm", "Fm", "Fm", "Fm", "Fm", "Fm", "Fm", "Fm", "Fm", "Fm", "Fm", "Fm", "Fm", "G#", "G#", "G#", "G#", "G#", "G#", "G#", "G#", "C#", "C#", "C#", "C#", "C#", "C#", "C#", "C#", "C#", "D", "D", "C#", "D", "D", "D", "D", "D", "D", "D", "D", "D", "D", "D", "D", "D", "D", "D", "D", "D", "D", "D", "Bm", "D", "D", "D", "D", "Bm", "Bm", "Bm", "Bm", "Bm", "Bm", "C", "C", "C", "C", "C", "Cm", "C", "C", "C", "C", "C", "C", "C", "C", "C", "C", "C", "C", "C", "C", "C", "C", "C", "C", "C", "C", "C", "G", "G"]
