
metadata:
    version:
        essentia: "1.2.2"
    audio_properties:
        analysis_sample_rate: 44100
        bitrate: 128
        channels: 2
        equal_loudness: 1
        length: 10.0048980713
        replay_gain: -9.01635932922
        downmix: "mix"
    tags:
        track: 20
        year: 0
        album: "Splitted by Mp3Splt v. 2.1"
        artist: "From 003.10 To 003.20"
        comment: "http://mp3splt.sf.net"
        genre: ""
        title: "02 I Started Something I Could"

highlevel:
    ballroom:
        all:
            ChaChaCha: 0.0624789297581
            Jive: 0.779314637184
            Quickstep: 0.0149138662964
            Rumba-American: 0.00017711383407
            Rumba-International: 0.000512860366143
            Rumba-Misc: 0.000214591738768
            Samba: 0.138544723392
            Tango: 0.000245806004386
            VienneseWaltz: 0.00309749413282
            Waltz: 0.00049997435417
        probability: 0.779314637184
        value: "Jive"
    culture:
        all:
            non_western: 0.00604755617678
            western: 0.993952453136
        probability: 0.993952453136
        value: "western"
    gender:
        all:
            female: 0.260452747345
            male: 0.739547252655
        probability: 0.739547252655
        value: "male"
    genre_dortmund:
        all:
            alternative: 0.112086467445
            blues: 0.0152921713889
            electronic: 0.0894703269005
            folkcountry: 0.0541337095201
            funksoulrnb: 0.0243152566254
            jazz: 0.0851993858814
            pop: 0.0565030127764
            raphiphop: 0.00431415298954
            rock: 0.558685541153
        probability: 0.558685541153
        value: "rock"
    genre_electronica:
        all:
            ambient: 0.0500590354204
            dnb: 0.441576302052
            house: 0.0126976314932
            techno: 0.0114963864908
            trance: 0.484170645475
        probability: 0.484170645475
        value: "trance"
    genre_rosamerica:
        all:
            cla: 0.011188801378
            dan: 0.0298702549189
            hip: 0.0161851346493
            jaz: 0.00432467740029
            pop: 0.017747875303
            rhy: 0.00521154189482
            roc: 0.913206577301
            spe: 0.00226513645612
        probability: 0.913206577301
        value: "roc"
    genre_tzanetakis:
        all:
            blu: 0.0034913176205
            cla: 0.00446652900428
            cou: 0.0167220439762
            dis: 0.0604084432125
            hip: 0.0142013570294
            jaz: 0.0288443528116
            met: 0.503811895847
            pop: 0.101737476885
            reg: 0.0046587921679
            roc: 0.261657804251
        probability: 0.503811895847
        value: "met"
    live_studio:
        all:
            live: 0.395898282528
            studio: 0.604101717472
        probability: 0.604101717472
        value: "studio"
    mood:
        all:
            Cluster1: 0.388372659683
            Cluster2: 0.192982658744
            Cluster3: 0.0148976724595
            Cluster4: 0.0722704604268
            Cluster5: 0.331476539373
        probability: 0.388372659683
        value: "Cluster1"
    mood_acoustic:
        all:
            acoustic: 0.00644368678331
            not_acoustic: 0.993556320667
        probability: 0.993556320667
        value: "not_acoustic"
    mood_aggressive:
        all:
            aggressive: 0.987888216972
            not_aggressive: 0.0121118109673
        probability: 0.987888216972
        value: "aggressive"
    mood_electronic:
        all:
            electronic: 0.804058670998
            not_electronic: 0.195941329002
        probability: 0.804058670998
        value: "electronic"
    mood_happy:
        all:
            happy: 0.528003752232
            not_happy: 0.471996217966
        probability: 0.528003752232
        value: "happy"
    mood_party:
        all:
            not_party: 0.163050562143
            party: 0.836949467659
        probability: 0.836949467659
        value: "party"
    mood_relaxed:
        all:
            not_relaxed: 0.897583544254
            relaxed: 0.102416440845
        probability: 0.897583544254
        value: "not_relaxed"
    mood_sad:
        all:
            not_sad: 0.990810632706
            sad: 0.0091893794015
        probability: 0.990810632706
        value: "not_sad"
    rhythm:
        all:
            fast: 0.78275603056
            medium: 0.181518182158
            slow: 0.0357257910073
        probability: 0.78275603056
        value: "fast"
    speech_music:
        all:
            music: 0.998739242554
            speech: 0.00126076652668
        probability: 0.998739242554
        value: "music"
    timbre:
        all:
            bright: 0.217388883233
            dark: 0.782611131668
        probability: 0.782611131668
        value: "dark"
    voice_instrumental:
        all:
            instrumental: 0.360437363386
            voice: 0.639562606812
        probability: 0.639562606812
        value: "voice"

lowlevel:
    average_loudness: 0.957243800163
    barkbands_kurtosis:
        dmean: 0.56745672226
        dmean2: 0.928518533707
        dvar: 0.468476474285
        dvar2: 1.18660771847
        max: 4.38617992401
        mean: -0.888626337051
        min: -1.85030782223
        var: 0.800583720207
    barkbands_skewness:
        dmean: 0.351886808872
        dmean2: 0.553659677505
        dvar: 0.107607699931
        dvar2: 0.261720508337
        max: 1.85512447357
        mean: -0.454150497913
        min: -2.2793905735
        var: 0.407219827175
    barkbands_spread:
        dmean: 5.49717664719
        dmean2: 8.85423564911
        dvar: 32.8343429565
        dvar2: 83.9362945557
        max: 60.2700767517
        mean: 35.0698242188
        min: 15.2926769257
        var: 61.5407066345
    dissonance:
        dmean: 0.0093975327909
        dmean2: 0.0158704072237
        dvar: 8.43145244289e-05
        dvar2: 0.000206678174436
        max: 0.500000059605
        mean: 0.481707721949
        min: 0.375965476036
        var: 0.000241955305682
    hfc:
        dmean: 2.84152793884
        dmean2: 4.10591745377
        dvar: 16.8120803833
        dvar2: 38.6484184265
        max: 41.6887741089
        mean: 9.05480384827
        min: 1.70073771477
        var: 34.2356719971
    pitch:
        dmean: 978.657043457
        dmean2: 1880.02636719
        dvar: 2067488
        dvar2: 4747318.5
        max: 4410
        mean: 2240.37304688
        min: 87.8486022949
        var: 2974656.5
    pitch_instantaneous_confidence:
        dmean: 0.0744915530086
        dmean2: 0.122115604579
        dvar: 0.003785160603
        dvar2: 0.00981928966939
        max: 0.778202056885
        mean: 0.371198356152
        min: 0.173618257046
        var: 0.0143741760403
    pitch_salience:
        dmean: 0.0491473339498
        dmean2: 0.0815952792764
        dvar: 0.00191367778461
        dvar2: 0.00475849816576
        max: 0.876867175102
        mean: 0.683211684227
        min: 0.282613873482
        var: 0.00725296279415
    silence_rate_20dB:
        dmean: 0
        dmean2: 0
        dvar: 0
        dvar2: 0
        max: 1
        mean: 1
        min: 1
        var: 0
    silence_rate_30dB:
        dmean: 0
        dmean2: 0
        dvar: 0
        dvar2: 0
        max: 1
        mean: 1
        min: 1
        var: 0
    silence_rate_60dB:
        dmean: 0.134883716702
        dmean2: 0.270396262407
        dvar: 0.11668972671
        dvar2: 0.234577149153
        max: 1
        mean: 0.431554526091
        min: 0
        var: 0.245315298438
    spectral_centroid:
        dmean: 289.366485596
        dmean2: 442.728668213
        dvar: 76583.0703125
        dvar2: 189644.53125
        max: 3552.3605957
        mean: 2237.38500977
        min: 775.339782715
        var: 312664.59375
    spectral_complexity:
        dmean: 4.20794391632
        dmean2: 6.28103065491
        dvar: 19.1133289337
        dvar2: 38.1364936829
        max: 44
        mean: 16.9673652649
        min: 3
        var: 66.4278564453
    spectral_crest:
        dmean: 1.45188546181
        dmean2: 2.32091188431
        dvar: 1.96957838535
        dvar2: 4.32062101364
        max: 19.8944015503
        mean: 6.15555667877
        min: 2.91069722176
        var: 6.09091854095
    spectral_decrease:
        dmean: 2.85527046451e-10
        dmean2: 4.52754028712e-10
        dvar: 2.50426112866e-19
        dvar2: 6.45107975069e-19
        max: -2.5754195998e-10
        mean: -8.52734549639e-10
        min: -4.05181754815e-09
        var: 3.07299924009e-19
    spectral_energy:
        dmean: 0.00131284224335
        dmean2: 0.00204980489798
        dvar: 4.90651018481e-06
        dvar2: 1.23761574287e-05
        max: 0.019073786214
        mean: 0.00403971550986
        min: 0.00119669234846
        var: 6.52028484183e-06
    spectral_energyband_high:
        dmean: 0.000300175393932
        dmean2: 0.000447473488748
        dvar: 1.99604656359e-07
        dvar2: 4.08791947848e-07
        max: 0.00363290379755
        mean: 0.000707935891114
        min: 3.46070082742e-05
        var: 4.76621437429e-07
    spectral_energyband_low:
        dmean: 0.000100742414361
        dmean2: 0.000163649121532
        dvar: 5.42724336583e-08
        dvar2: 1.35169386795e-07
        max: 0.00224839826114
        mean: 0.000104409038613
        min: 1.96602695723e-06
        var: 4.51112889266e-08
    spectral_energyband_middle_high:
        dmean: 0.000589873001445
        dmean2: 0.000907300272956
        dvar: 6.08946834291e-07
        dvar2: 1.52306165546e-06
        max: 0.00807025562972
        mean: 0.00198365398683
        min: 0.000507217715494
        var: 1.16712476483e-06
    spectral_energyband_middle_low:
        dmean: 0.000626505236141
        dmean2: 0.00108248530887
        dvar: 1.52840561896e-06
        dvar2: 4.23923756898e-06
        max: 0.00835427641869
        mean: 0.00124365859665
        min: 0.000216640459257
        var: 1.51728215769e-06
    spectral_flatness_db:
        dmean: 0.013477598317
        dmean2: 0.0205232854933
        dvar: 0.000123520410853
        dvar2: 0.000285407557385
        max: 0.216353356838
        mean: 0.141596958041
        min: 0.0880549624562
        var: 0.000455066707218
    spectral_flux:
        dmean: 0.0075591634959
        dmean2: 0.0108859241009
        dvar: 0.000104316350189
        dvar2: 0.000194595457288
        max: 0.107560060918
        mean: 0.0371760576963
        min: 0.0156181408092
        var: 0.000231420446653
    spectral_kurtosis:
        dmean: 0.866461515427
        dmean2: 1.41579222679
        dvar: 0.635413408279
        dvar2: 1.82173204422
        max: 8.64430904388
        mean: 2.78918433189
        min: 0.279082536697
        var: 2.02699112892
    spectral_rms:
        dmean: 0.00027866664459
        dmean2: 0.000415403832449
        dvar: 1.39233051755e-07
        dvar2: 3.3119331988e-07
        max: 0.00431376555935
        mean: 0.00191247044131
        min: 0.00108051137067
        var: 2.8364524951e-07
    spectral_rolloff:
        dmean: 277.768157959
        dmean2: 431.773223877
        dvar: 77905.140625
        dvar2: 189016.765625
        max: 5404.83398438
        mean: 3930.58862305
        min: 1464.2578125
        var: 308856.3125
    spectral_skewness:
        dmean: 0.172680482268
        dmean2: 0.261354744434
        dvar: 0.0233779903501
        dvar2: 0.0599833317101
        max: 2.1307451725
        mean: 1.07367432117
        min: 0.436738401651
        var: 0.087770357728
    spectral_spread:
        dmean: 482176.9375
        dmean2: 627057.75
        dvar: 171019780096
        dvar2: 315808841728
        max: 8265337.5
        mean: 4459451
        min: 2603093.25
        var: 799693930496
    spectral_strongpeak:
        dmean: 0.502035498619
        dmean2: 0.86382317543
        dvar: 0.535845756531
        dvar2: 1.29840362072
        max: 4.45426940918
        mean: 0.654493808746
        min: 0.0153780132532
        var: 0.688634395599
    zerocrossingrate:
        dmean: 0.00850727409124
        dmean2: 0.0100572211668
        dvar: 6.4668507548e-05
        dvar2: 7.51094848965e-05
        max: 0.18017578125
        mean: 0.121918931603
        min: 0.05224609375
        var: 0.00056114041945
    barkbands:
        dmean: [1.48568190639e-07, 2.51060737355e-05, 8.26397663332e-05, 0.000195700675249, 0.000324485590681, 0.000115361362987, 3.80793644581e-05, 9.98297400656e-05, 3.9653168642e-05, 7.3386443546e-05, 4.33168788732e-05, 4.73134459753e-05, 4.28170897067e-05, 3.00588435493e-05, 3.94722228521e-05, 8.63707100507e-05, 0.000116205286758, 0.000186128076166, 0.000208301702514, 0.000236202642554, 0.000157470174599, 4.64859658678e-05, 6.85366967446e-06, 2.43351405516e-06, 8.69226198574e-07, 5.30406722987e-08, 5.43887657134e-10]
        dmean2: [1.63981923151e-07, 4.32578381151e-05, 0.000139525916893, 0.000342991610523, 0.00056530663278, 0.000197444416699, 6.16911274847e-05, 0.0001604824065, 6.04762135481e-05, 0.000103077283711, 7.48269812902e-05, 7.64556752983e-05, 6.98922667652e-05, 5.03595038026e-05, 6.38970304863e-05, 0.000147552316776, 0.000193014362594, 0.000308764225338, 0.000334754236974, 0.000369473535102, 0.000235040584812, 7.40500181564e-05, 9.8228765637e-06, 3.51072048943e-06, 1.19926335174e-06, 7.53000861664e-08, 7.08562153395e-10]
        dvar: [6.62548358191e-12, 5.28174171066e-09, 4.44936461008e-08, 2.76588622228e-07, 3.72331385279e-07, 4.446985713e-08, 3.40449579639e-09, 7.62899858842e-08, 9.19380660491e-09, 2.06789447788e-08, 2.90965873617e-09, 3.84557852229e-09, 5.17603337968e-09, 1.68079294927e-09, 2.14519935149e-09, 1.02671338098e-08, 2.33820234286e-08, 6.22764630975e-08, 5.47423546493e-08, 8.80095925027e-08, 6.05977135137e-08, 5.17040632531e-09, 9.74521505159e-11, 2.5774408649e-11, 4.65534728822e-12, 4.22549416111e-15, 4.71253695435e-17]
        dvar2: [6.65460568594e-12, 1.39776945574e-08, 1.14392591399e-07, 7.79413880991e-07, 9.67338223745e-07, 1.21519050822e-07, 9.26583698657e-09, 1.72855664005e-07, 2.36498411965e-08, 3.52832962847e-08, 8.50630499372e-09, 9.09691610929e-09, 1.29977433261e-08, 4.41264047524e-09, 5.3982636139e-09, 2.65926605181e-08, 6.4399465316e-08, 1.53580941742e-07, 1.26882454765e-07, 1.99511816845e-07, 1.26027359215e-07, 1.22708181394e-08, 1.71875055854e-10, 5.03986019584e-11, 8.7603917176e-12, 9.84371462245e-15, 4.71620401144e-17]
        max: [5.3364688938e-05, 0.000438000366557, 0.00222814362496, 0.00380495470017, 0.00518856151029, 0.00184826028999, 0.000640667160042, 0.00458228588104, 0.00165332143661, 0.00342633482069, 0.000639398000203, 0.00053126522107, 0.000750559440348, 0.000352069124347, 0.000504490744788, 0.000868569652084, 0.00152906333096, 0.00232868152671, 0.00243510305882, 0.00247851712629, 0.00225877924822, 0.000551151926629, 0.000104460472357, 7.30719184503e-05, 3.33398675139e-05, 7.07443689407e-07, 1.4266267101e-07]
        mean: [1.55714047878e-07, 2.15669024328e-05, 8.27473995741e-05, 0.000182009593118, 0.00051019428065, 0.000174842571141, 7.36578222131e-05, 0.000182536256034, 7.48720849515e-05, 0.000157761518494, 7.07215294824e-05, 9.00866798474e-05, 7.01492608641e-05, 5.26127660123e-05, 7.88248944446e-05, 0.000165554854902, 0.000223000941332, 0.000367677042959, 0.000489101803396, 0.000511639227625, 0.000339898368111, 9.56475050771e-05, 1.64075663633e-05, 6.13071188127e-06, 1.83989789093e-06, 8.09320823691e-08, 5.64769286893e-10]
        min: [3.90117972648e-12, 1.19648841945e-08, 4.2374512077e-07, 2.91915239359e-06, 8.29814507597e-06, 7.03662999513e-06, 2.01328430194e-06, 3.65277605852e-06, 2.59991588791e-06, 2.94721530736e-06, 2.72867055173e-06, 6.07417268839e-06, 5.01223848914e-06, 1.73777186774e-06, 8.01319220045e-06, 2.84638936137e-05, 3.30952461809e-05, 5.78088438488e-05, 6.07969886914e-05, 4.80026028526e-05, 7.16562590242e-06, 2.31742274082e-06, 1.54770617655e-07, 2.97970426111e-09, 3.9051033518e-09, 5.45967604459e-10, 2.71297958057e-13]
        var: [6.61742405664e-12, 3.76648134903e-09, 3.42767378925e-08, 1.79790063726e-07, 4.15368361928e-07, 4.00059114725e-08, 5.45853628964e-09, 2.10988474691e-07, 1.23199566104e-08, 1.45340408153e-07, 4.26727631009e-09, 8.22102208531e-09, 8.09349920416e-09, 2.24768648138e-09, 3.61037510999e-09, 1.44040841477e-08, 2.83143357649e-08, 9.50678682443e-08, 1.15267972944e-07, 1.67053684663e-07, 1.43219040183e-07, 1.01283594844e-08, 4.06768757566e-10, 7.95940466314e-11, 1.31880973156e-11, 8.25705335269e-15, 4.72409663797e-17]
    mfcc:
        mean: [-696.418518066, 85.5270614624, -55.9669303894, 56.77709198, -25.7163333893, -6.38815021515, -5.61865472794, -4.07259273529, -8.83721256256, -12.6773672104, -13.9463262558, -9.6495923996, -6.49472475052]
        cov: [[1044.03039551, -528.374938965, 274.175842285, -74.0125961304, -17.5336284637, 125.931983948, 46.77551651, -23.8971385956, 21.1369075775, -4.8916258812, 2.90005373955, 75.2830581665, -55.6456680298], [-528.374938965, 612.610961914, -225.885421753, 101.326774597, 17.0137519836, -89.0007781982, -7.502805233, 28.3061733246, -9.12643623352, 26.3583488464, 32.0819625854, -23.4065685272, 13.7042646408], [274.175842285, -225.885421753, 259.613616943, -31.3832588196, 56.2965507507, 74.9493179321, 38.3159255981, 6.88219642639, 17.9467754364, -6.61286211014, -5.70480442047, 14.7100143433, -12.6783561707], [-74.0125961304, 101.326774597, -31.3832588196, 203.195968628, 33.8651695251, 42.9743270874, -26.8942241669, 3.7613697052, 15.3944950104, 0.75463026762, -9.58957672119, -12.3445425034, 17.6737480164], [-17.5336284637, 17.0137519836, 56.2965507507, 33.8651695251, 110.77469635, 21.0698204041, 32.6986427307, -0.149384453893, 3.8748486042, 1.52631676197, 13.1577739716, 2.34792971611, 14.7425107956], [125.931983948, -89.0007781982, 74.9493179321, 42.9743270874, 21.0698204041, 126.728431702, 15.9416799545, 13.5552558899, 12.2497186661, -12.533118248, -2.5653231144, -7.20888662338, -3.26553440094], [46.77551651, -7.502805233, 38.3159255981, -26.8942241669, 32.6986427307, 15.9416799545, 82.4147949219, 19.7382202148, 16.7301216125, 8.00745391846, 16.4200458527, 15.0458421707, 0.397847831249], [-23.8971385956, 28.3061733246, 6.88219642639, 3.7613697052, -0.149384453893, 13.5552558899, 19.7382202148, 50.34116745, 17.4624328613, 4.66524267197, 9.92453765869, -7.66591072083, 8.12123203278], [21.1369075775, -9.12643623352, 17.9467754364, 15.3944950104, 3.8748486042, 12.2497186661, 16.7301216125, 17.4624328613, 46.3406524658, 10.4552154541, 2.00384545326, 4.68819665909, 5.49260902405], [-4.8916258812, 26.3583488464, -6.61286211014, 0.75463026762, 1.52631676197, -12.533118248, 8.00745391846, 4.66524267197, 10.4552154541, 38.7562828064, 16.3709182739, 16.0118923187, 1.42737197876], [2.90005373955, 32.0819625854, -5.70480442047, -9.58957672119, 13.1577739716, -2.5653231144, 16.4200458527, 9.92453765869, 2.00384545326, 16.3709182739, 66.0229415894, 15.3902215958, 19.8596611023], [75.2830581665, -23.4065685272, 14.7100143433, -12.3445425034, 2.34792971611, -7.20888662338, 15.0458421707, -7.66591072083, 4.68819665909, 16.0118923187, 15.3902215958, 66.9712982178, 5.34591054916], [-55.6456680298, 13.7042646408, -12.6783561707, 17.6737480164, 14.7425107956, -3.26553440094, 0.397847831249, 8.12123203278, 5.49260902405, 1.42737197876, 19.8596611023, 5.34591054916, 55.5265960693]]
        icov: [[0.00235881307162, 0.00156850507483, -0.000943855557125, -0.000578798702918, 0.00105756137054, -0.000666663807351, -0.000763795338571, 0.000582342792768, -0.00013978187053, 0.000218292479985, -0.0014845157275, -0.0017544971779, 0.00225386559032], [0.00156850507483, 0.00448325043544, 0.00204883678816, -0.0020577411633, -0.000974825117737, 0.00146179739386, -0.0010744209867, -0.00227756937966, 0.000943703867961, -0.000704737147316, -0.00215416424908, -0.000496728403959, 0.00301680201665], [-0.000943855557125, 0.00204883678816, 0.00877612922341, 0.00139255158138, -0.00536762690172, -0.00202013202943, 0.000422865792643, -0.00259590777569, -0.00136674148962, -0.000147263708641, 0.000998266274109, -0.000543644593563, 0.00162630993873], [-0.000578798702918, -0.0020577411633, 0.00139255158138, 0.00875947345048, -0.00357050891034, -0.00450654281303, 0.00480146985501, 0.000555762904696, -0.00360491033643, -0.001091541606, 0.00285681826063, -7.00279051671e-05, -0.00260541262105], [0.00105756137054, -0.000974825117737, -0.00536762690172, -0.00357050891034, 0.015851482749, 9.84657017398e-05, -0.00716419238597, 0.00524553563446, 0.00217776349746, 0.000127043953398, -0.00210999278352, 0.0012207365362, -0.00328895798884], [-0.000666663807351, 0.00146179739386, -0.00202013202943, -0.00450654281303, 9.84657017398e-05, 0.0133734187111, -0.0022554169409, -0.00329885073006, 0.000256263389019, 0.00372076989152, -0.00177018356044, 0.00181481556501, 0.00154067506082], [-0.000763795338571, -0.0010744209867, 0.000422865792643, 0.00480146985501, -0.00716419238597, -0.0022554169409, 0.0206040851772, -0.00649783294648, -0.00522419018671, -1.67593170772e-05, -0.00108000775799, -0.00362224713899, 0.00189244141802], [0.000582342792768, -0.00227756937966, -0.00259590777569, 0.000555762904696, 0.00524553563446, -0.00329885073006, -0.00649783294648, 0.0301373694092, -0.00812362972647, -0.00117924890947, -0.00255921809003, 0.00537770846859, -0.00434043677524], [-0.00013978187053, 0.000943703867961, -0.00136674148962, -0.00360491033643, 0.00217776349746, 0.000256263389019, -0.00522419018671, -0.00812362972647, 0.0302693061531, -0.00792534649372, 0.00294133252464, -0.00036822113907, -0.00268220598809], [0.000218292479985, -0.000704737147316, -0.000147263708641, -0.001091541606, 0.000127043953398, 0.00372076989152, -1.67593170772e-05, -0.00117924890947, -0.00792534649372, 0.035826895386, -0.00789055600762, -0.00694600585848, 0.00441805366427], [-0.0014845157275, -0.00215416424908, 0.000998266274109, 0.00285681826063, -0.00210999278352, -0.00177018356044, -0.00108000775799, -0.00255921809003, 0.00294133252464, -0.00789055600762, 0.0227035079151, -0.00177503144369, -0.00883662886918], [-0.0017544971779, -0.000496728403959, -0.000543644593563, -7.00279051671e-05, 0.0012207365362, 0.00181481556501, -0.00362224713899, 0.00537770846859, -0.00036822113907, -0.00694600585848, -0.00177503144369, 0.0208221226931, -0.00387031259015], [0.00225386559032, 0.00301680201665, 0.00162630993873, -0.00260541262105, -0.00328895798884, 0.00154067506082, 0.00189244141802, -0.00434043677524, -0.00268220598809, 0.00441805366427, -0.00883662886918, -0.00387031259015, 0.0259941276163]]
    spectral_contrast:
        mean: [-6.8192782976e-08, -1.45038839605e-07, 3.13679862529e-07, 1.97205920927e-07, 4.78521769764e-07, -1.79213387241e-07, -2.72958709502e-06, -5.5604255067e-06, -9.6388632187e-08, -6.72671092161e-07, -4.28319799539e-06, 2.60273623098e-06]
        var: [0.000320213584928, 0.000551992387045, 0.00098997191526, 0.00155513489153, 0.00314289866947, 0.00482803676277, 0.0364140868187, 0.0681053474545, 0.0837191715837, 0.204246670008, 0.438397109509, 1.03301250935]

rhythm:
    beats_loudness:
        dmean: 0.00358316791244
        dmean2: 0.00709297973663
        dvar: 2.42635701397e-06
        dvar2: 7.63176194596e-06
        max: 0.00893849879503
        mean: 0.0059036728926
        min: 0.00223205564544
        var: 4.38169490735e-06
    beats_loudness_bass:
        dmean: 0.0759410783648
        dmean2: 0.121405079961
        dvar: 0.00289863487706
        dvar2: 0.0101143084466
        max: 0.309510290623
        mean: 0.11243378371
        min: 0.00634476495907
        var: 0.00589271774516
    bpm: 135.458465576
    bpm_confidence: 0
    first_peak_bpm: 135
    first_peak_spread: 0
    first_peak_weight: 0.952381014824
    onset_rate: 3.59823775291
    second_peak_bpm: 129
    second_peak_spread: 0
    second_peak_weight: 0.047619048506
    beats_position: [0.180686071515, 0.625437319279, 1.07018864155, 1.51493990421, 1.95969116688, 2.40444254875, 2.84919381142, 3.29394483566, 3.73869609833, 4.18344736099, 4.62819862366, 5.07294988632, 5.51770114899, 5.9826593399, 6.42446279526, 6.86626672745, 7.3080701828, 7.74987363815, 8.19167804718, 8.63348197937, 9.07528495789, 9.51708889008]
    bpm_estimates: [134.740066528, 133.986022949, 134.657745361, 136.152755737, 134.852081299, 134.511062622, 135.470321655, 135.932510376, 135.808883667, 135.681610107, 135.2709198, 135.715042114, 136.320083618, 135.485244751, 135.743789673, 136.071044922, 136.069274902, 135.783950806]
    bpm_intervals: [0.444751262665, 0.444751322269, 0.444751262665, 0.444751262665, 0.444751381874, 0.444751262665, 0.444751024246, 0.444751262665, 0.444751262665, 0.444751262665, 0.444751262665, 0.444751262665, 0.464958190918, 0.441803455353, 0.44180393219, 0.441803455353, 0.441803455353, 0.441804409027, 0.44180393219, 0.441802978516, 0.44180393219]
    onset_times: [0.0464399084449, 0.603718817234, 1.09133791924, 1.49768710136, 1.95047616959, 2.24072551727, 2.41487526894, 2.70512461662, 2.85605430603, 3.01859402657, 3.12308382988, 3.27401351929, 3.54104304314, 3.73841261864, 4.19120168686, 4.63238096237, 4.91102027893, 5.08517026901, 5.38702964783, 5.51473903656, 5.83981847763, 5.97913837433, 6.42031764984, 6.6989569664, 6.86149644852, 7.16335582733, 7.31428575516, 7.75546503067, 8.01088428497, 8.47528362274, 8.62621307373, 8.93968296051, 9.07900238037, 9.53179168701, 9.83365058899, 9.98458003998]
    rubato_start: []
    rubato_stop: []
    perceptual_tempo: "unknown"

sfx:
    inharmonicity:
        dmean: 0.0647936239839
        dmean2: 0.113753944635
        dvar: 0.00373154226691
        dvar2: 0.0107300542295
        max: 0.404943436384
        mean: 0.0811505615711
        min: 8.32822188386e-05
        var: 0.00443135946989
    oddtoevenharmonicenergyratio:
        dmean: 1.69789910316
        dmean2: 3.11034035683
        dvar: 15.1323547363
        dvar2: 42.8699531555
        max: 40.9407119751
        mean: 1.39573550224
        min: 0.00233265268616
        var: 9.4665813446
    pitch_after_max_to_before_max_energy_ratio: 18.181936264
    pitch_centroid: 239.240631104
    pitch_max_to_total: 0.086247086525
    pitch_min_to_total: 0.631701648235
    tristimulus:
        dmean: [0.135384246707, 0.244539871812, 0.183002844453]
        dmean2: [0.233582004905, 0.427983015776, 0.327809303999]
        dvar: [0.0140945874155, 0.0398861765862, 0.02338844724]
        dvar2: [0.0399213694036, 0.106222726405, 0.0598469488323]
        max: [0.854161560535, 0.96946644783, 0.793046951294]
        mean: [0.237467542291, 0.464123606682, 0.225870668888]
        min: [0.0145499641076, 0, 0]
        var: [0.0261786356568, 0.0581626519561, 0.0344234667718]

tonal:
    chords_changes_rate: 0.0277777779847
    chords_number_rate: 0.0277777779847
    chords_strength:
        dmean: 0.0104409083724
        dmean2: 0.00940436497331
        dvar: 5.95086130488e-05
        dvar2: 6.8444183853e-05
        max: 0.646508514881
        mean: 0.456551998854
        min: 0.290949344635
        var: 0.00753991352394
    key_strength: 0.57902520895
    tuning_diatonic_strength: 0.46647387743
    tuning_equal_tempered_deviation: 0.0868605077267
    tuning_frequency: 441.017791748
    tuning_nontempered_energy_ratio: 0.730039417744
    hpcp:
        dmean: [0.131084427238, 0.114297412336, 0.100397899747, 0.134751185775, 0.140866041183, 0.148521512747, 0.162678956985, 0.161420986056, 0.14627969265, 0.196811422706, 0.209564775229, 0.173039242625, 0.192028254271, 0.192531645298, 0.150856390595, 0.155363842845, 0.16060552001, 0.1300919801, 0.114151887596, 0.0961612984538, 0.109833732247, 0.122737661004, 0.132244169712, 0.155990883708, 0.144466608763, 0.120913758874, 0.11973144114, 0.123606666923, 0.11880236119, 0.113189898431, 0.122320353985, 0.137842983007, 0.1431555897, 0.164155170321, 0.155694112182, 0.147265091538]
        dmean2: [0.215644925833, 0.178880125284, 0.155819088221, 0.227396473289, 0.23383538425, 0.243510082364, 0.253960520029, 0.27220723033, 0.236043483019, 0.319998800755, 0.341632962227, 0.283973246813, 0.324365466833, 0.330746412277, 0.250632464886, 0.267482370138, 0.283967494965, 0.234253913164, 0.193177700043, 0.155678242445, 0.184709921479, 0.208727642894, 0.216295525432, 0.262187302113, 0.240964591503, 0.205077707767, 0.201718434691, 0.187113508582, 0.189996987581, 0.183804139495, 0.19834330678, 0.223648518324, 0.235878691077, 0.263092458248, 0.245286494493, 0.248627558351]
        dvar: [0.0273591391742, 0.0144520001486, 0.0112026948482, 0.0216947458684, 0.0186057221144, 0.0192072261125, 0.0290901325643, 0.0276061110198, 0.0247545745224, 0.0377746224403, 0.0458463318646, 0.0294126570225, 0.0444135218859, 0.0362331643701, 0.0268913023174, 0.0390188544989, 0.0382600836456, 0.0368805453181, 0.017049793154, 0.0160088911653, 0.0237684994936, 0.0237519871444, 0.0205230787396, 0.0289647504687, 0.0215261988342, 0.0188202746212, 0.0224209912121, 0.0187784787267, 0.0162061620504, 0.0115390243009, 0.0175611954182, 0.0195847917348, 0.0187546070665, 0.0229253154248, 0.0252888835967, 0.0254198312759]
        dvar2: [0.0738639459014, 0.038722358644, 0.0285588297993, 0.0544112101197, 0.0500519573689, 0.0455523990095, 0.0708991065621, 0.0676612183452, 0.0523610413074, 0.0855518803, 0.120866656303, 0.0725332051516, 0.106311239302, 0.0890633612871, 0.0695161446929, 0.102705001831, 0.107206381857, 0.104915060103, 0.043810967356, 0.0432248860598, 0.0622388385236, 0.0585513524711, 0.0565450116992, 0.0839830935001, 0.0565497837961, 0.0516536831856, 0.0619176849723, 0.0380738303065, 0.0390112139285, 0.0283238794655, 0.0465596430004, 0.0567090250552, 0.0492817275226, 0.0500609092414, 0.0590373463929, 0.0674775466323]
        max: [1, 1, 1, 1, 1, 1, 1, 1, 1, 1, 1, 1, 1, 1, 1, 1, 1, 1, 1, 0.998817205429, 1, 1, 1, 1, 0.928409993649, 0.808229625225, 1, 1, 1, 1, 1, 1, 1, 1, 1, 1]
        mean: [0.320834487677, 0.248744189739, 0.20726493001, 0.263969063759, 0.288231492043, 0.32195392251, 0.358275055885, 0.308853030205, 0.311160683632, 0.376862376928, 0.348435640335, 0.429748505354, 0.585567712784, 0.425978302956, 0.280301213264, 0.323229819536, 0.262194097042, 0.206080943346, 0.196671232581, 0.156188070774, 0.188052520156, 0.247192785144, 0.23235848546, 0.234098345041, 0.242035761476, 0.192537665367, 0.215962678194, 0.313983529806, 0.273055195808, 0.210148513317, 0.249983727932, 0.268943101168, 0.300087720156, 0.350278317928, 0.304742217064, 0.286424040794]
        min: [0.00568095315248, 0.00641041342169, 0.00506174238399, 0.00423413375393, 0.0140125155449, 0.0104636531323, 0.00753794331104, 0.00844930578023, 0.0215870328248, 0.0373504236341, 0.011154955253, 0.0198161117733, 0.0158069208264, 0.0169002860785, 0.00392126105726, 0.00359520013444, 0.001787880552, 0.00581183284521, 0.00694747455418, 0.00333492550999, 0.00730699347332, 0.00404028175399, 0.00963155087084, 0.00842503085732, 0.00624473206699, 0.0158518273383, 0.00543796503916, 0.00503877503797, 0.00992378406227, 0.00665688887239, 0.0160089209676, 0.0181812215596, 0.0126782646403, 0.0152520462871, 0.0110810706392, 0.00835593510419]
        var: [0.0974395871162, 0.042762812227, 0.0285115260631, 0.0500900894403, 0.0423737280071, 0.0416837073863, 0.0791520476341, 0.0574609041214, 0.0571015737951, 0.0794284269214, 0.0666916668415, 0.0678394436836, 0.124667778611, 0.0745454952121, 0.0441107787192, 0.077277213335, 0.0483110435307, 0.0384816601872, 0.0298109631985, 0.0223743766546, 0.0349894724786, 0.0540658719838, 0.0378248132765, 0.0388404801488, 0.0369795225561, 0.0264938995242, 0.033406380564, 0.0820813477039, 0.0572243928909, 0.0290603525937, 0.040746204555, 0.0385307148099, 0.040984749794, 0.0515518411994, 0.0469497144222, 0.0549182184041]
    chords_histogram: [11.5740737915, 0, 0, 0, 0, 0, 0, 25.4629631042, 0, 31.0185184479, 1.38888883591, 0, 0, 0, 0, 0, 0, 0, 18.9814815521, 0, 0, 0, 0, 11.5740737915]
    thpcp: [1, 0.727462053299, 0.478682845831, 0.551993906498, 0.447760522366, 0.351933568716, 0.335864216089, 0.266729295254, 0.321145653725, 0.422142088413, 0.396808922291, 0.399780154228, 0.413335233927, 0.328805118799, 0.368809074163, 0.536203622818, 0.466308504343, 0.358879953623, 0.426908314228, 0.459286093712, 0.512473106384, 0.598185837269, 0.520421802998, 0.489139050245, 0.547903299332, 0.424791514874, 0.353955537081, 0.450791686773, 0.49222573638, 0.549814999104, 0.611842215061, 0.527442038059, 0.531382918358, 0.643584609032, 0.595039010048, 0.733900606632]
    chords_key: "C#"
    chords_scale: "major"
    key_key: "F#"
    key_scale: "minor"
    chords_progression: ["C#", "C#", "C#", "C#", "C#", "C#", "C#", "C#", "C#", "C#", "C#", "C#", "C#", "C#", "C#", "C#", "C#", "C#", "C#", "C#", "C#", "C#", "C#", "C#", "C#", "C#", "C#", "C#", "C#", "C#", "C#", "C#", "C#", "C#", "C#", "C#", "C#", "C#", "C#", "C#", "C#", "C#", "C#", "C#", "C#", "C#", "C#", "C#", "C#", "C#", "C#", "C#", "C#", "C#", "C#", "C#", "C#", "C#", "C#", "C#", "C#", "C#", "C#", "C#", "C#", "C#", "C#", "F#m", "F#m", "F#m", "F#m", "F#m", "F#m", "F#m", "F#m", "F#m", "F#m", "F#m", "F#m", "F#m", "F#m", "F#m", "D", "D", "D", "D", "D", "D", "D", "D", "D", "D", "D", "D", "D", "D", "D", "D", "D", "D", "D", "D", "D", "D", "D", "D", "D", "Am", "Am", "Am", "Am", "Am", "Am", "Am", "Am", "Am", "Am", "Am", "Am", "Am", "Am", "Am", "Am", "Am", "Am", "Am", "Am", "Am", "Am", "Am", "Am", "Am", "Am", "Am", "Am", "Am", "Am", "Am", "Am", "Am", "Am", "Am", "Am", "Am", "Am", "Am", "Am", "Am", "Fm", "Fm", "Fm", "F#m", "F#m", "F#m", "F#m", "F#m", "F#m", "F#m", "F#m", "F#m", "F#m", "F#", "F#", "F#", "F#", "F#", "F#", "F#", "F#", "F#", "F#", "F#", "F#", "F#", "F#", "F#", "F#", "F#", "F#", "F#", "F#", "F#", "F#", "F#", "F#", "F#", "F#", "F#", "F#", "F#", "F#", "F#", "F#", "F#", "F#", "F#", "F#", "F#", "F#", "F#", "F#", "F#", "F#", "F#", "F#", "F#", "F#", "F#", "F#", "F#", "F#", "F#", "F#", "F#", "F#", "F#"]
