
metadata:
    version:
        essentia: "1.2.2"
    audio_properties:
        analysis_sample_rate: 44100
        bitrate: 128
        channels: 2
        equal_loudness: 1
        length: 10.0832653046
        replay_gain: -7.37334823608
        downmix: "mix"
    tags:
        track: 15
        year: 0
        album: "Splitted by Mp3Splt v. 2.1"
        artist: "From 002.20 To 002.30"
        comment: "http://mp3splt.sf.net"
        genre: ""
        title: "07 Deserted Vaults [Instrument"

highlevel:
    ballroom:
        all:
            ChaChaCha: 0.782406687737
            Jive: 0.0127798430622
            Quickstep: 0.000400848715799
            Rumba-American: 0.000543339876458
            Rumba-International: 0.00178106105886
            Rumba-Misc: 0.00774834211916
            Samba: 0.193991929293
            Tango: 8.50593569339e-05
            VienneseWaltz: 0.000161057061632
            Waltz: 0.000101824625744
        probability: 0.782406687737
        value: "ChaChaCha"
    culture:
        all:
            non_western: 0.983410000801
            western: 0.0165899787098
        probability: 0.983410000801
        value: "non_western"
    gender:
        all:
            female: 0.801379978657
            male: 0.198620006442
        probability: 0.801379978657
        value: "female"
    genre_dortmund:
        all:
            alternative: 0.000513010832947
            blues: 7.83708819654e-05
            electronic: 0.0878887325525
            folkcountry: 0.000267204042757
            funksoulrnb: 0.00117920571938
            jazz: 0.00217530597001
            pop: 0.00450095674023
            raphiphop: 0.902787029743
            rock: 0.00061018706765
        probability: 0.902787029743
        value: "raphiphop"
    genre_electronica:
        all:
            ambient: 0.0227777268738
            dnb: 0.204471960664
            house: 0.0145060438663
            techno: 0.0635173767805
            trance: 0.694726884365
        probability: 0.694726884365
        value: "trance"
    genre_rosamerica:
        all:
            cla: 0.000815820181742
            dan: 0.709451496601
            hip: 0.27623295784
            jaz: 0.00178555794992
            pop: 0.00173522566911
            rhy: 0.00845516100526
            roc: 0.00115811347496
            spe: 0.000365674728528
        probability: 0.709451496601
        value: "dan"
    genre_tzanetakis:
        all:
            blu: 0.0015196808381
            cla: 0.00378254544921
            cou: 0.00203418382443
            dis: 0.0348837152123
            hip: 0.0323413535953
            jaz: 0.0253594759852
            met: 0.00480877887458
            pop: 0.848015964031
            reg: 0.0439185388386
            roc: 0.00333577091806
        probability: 0.848015964031
        value: "pop"
    live_studio:
        all:
            live: 0.0802259147167
            studio: 0.919774055481
        probability: 0.919774055481
        value: "studio"
    mood:
        all:
            Cluster1: 0.198679417372
            Cluster2: 0.0710697099566
            Cluster3: 0.158525630832
            Cluster4: 0.253894329071
            Cluster5: 0.317830890417
        probability: 0.317830890417
        value: "Cluster5"
    mood_acoustic:
        all:
            acoustic: 0.00731096463278
            not_acoustic: 0.992689013481
        probability: 0.992689013481
        value: "not_acoustic"
    mood_aggressive:
        all:
            aggressive: 0.097888186574
            not_aggressive: 0.902111828327
        probability: 0.902111828327
        value: "not_aggressive"
    mood_electronic:
        all:
            electronic: 0.95709580183
            not_electronic: 0.0429042130709
        probability: 0.95709580183
        value: "electronic"
    mood_happy:
        all:
            happy: 0.114055812359
            not_happy: 0.885944187641
        probability: 0.885944187641
        value: "not_happy"
    mood_party:
        all:
            not_party: 0.104322828352
            party: 0.895677149296
        probability: 0.895677149296
        value: "party"
    mood_relaxed:
        all:
            not_relaxed: 0.556964337826
            relaxed: 0.443035662174
        probability: 0.556964337826
        value: "not_relaxed"
    mood_sad:
        all:
            not_sad: 0.875229656696
            sad: 0.124770365655
        probability: 0.875229656696
        value: "not_sad"
    rhythm:
        all:
            fast: 0.487166941166
            medium: 0.503900885582
            slow: 0.00893216766417
        probability: 0.503900885582
        value: "medium"
    speech_music:
        all:
            music: 0.999999880791
            speech: 1.00000008274e-07
        probability: 0.999999880791
        value: "music"
    timbre:
        all:
            bright: 0.31906747818
            dark: 0.68093252182
        probability: 0.68093252182
        value: "dark"
    voice_instrumental:
        all:
            instrumental: 0.252878159285
            voice: 0.747121870518
        probability: 0.747121870518
        value: "voice"

lowlevel:
    average_loudness: 0.975996613503
    barkbands_kurtosis:
        dmean: 1.11734330654
        dmean2: 1.87418079376
        dvar: 1.57875347137
        dvar2: 4.07293367386
        max: 8.321849823
        mean: -0.085845336318
        min: -1.75995743275
        var: 2.17556548119
    barkbands_skewness:
        dmean: 0.631411731243
        dmean2: 0.867223381996
        dvar: 0.253546476364
        dvar2: 0.527967691422
        max: 2.97700953484
        mean: 0.384699702263
        min: -1.91350841522
        var: 0.869312107563
    barkbands_spread:
        dmean: 8.60874843597
        dmean2: 13.074842453
        dvar: 53.2474746704
        dvar2: 125.102905273
        max: 70.6403198242
        mean: 34.3308029175
        min: 9.40956115723
        var: 146.660064697
    dissonance:
        dmean: 0.0262800808996
        dmean2: 0.0413643009961
        dvar: 0.000643868232146
        dvar2: 0.00134532991797
        max: 0.499796628952
        mean: 0.458755075932
        min: 0.162091299891
        var: 0.0011673985282
    hfc:
        dmean: 4.52096652985
        dmean2: 6.87436151505
        dvar: 28.4515590668
        dvar2: 64.9014358521
        max: 38.8422164917
        mean: 4.95594739914
        min: 0.00847739074379
        var: 32.4474716187
    pitch:
        dmean: 1092.29736328
        dmean2: 2076.50073242
        dvar: 2845068.5
        dvar2: 6726405.5
        max: 5512.5
        mean: 1025.50878906
        min: 87.3267364502
        var: 2325433.5
    pitch_instantaneous_confidence:
        dmean: 0.110700279474
        dmean2: 0.176184892654
        dvar: 0.00773902516812
        dvar2: 0.0184674952179
        max: 0.751823306084
        mean: 0.389359533787
        min: 0.150781333447
        var: 0.0169104430825
    pitch_salience:
        dmean: 0.0928571969271
        dmean2: 0.142767474055
        dvar: 0.00685481214896
        dvar2: 0.0158175807446
        max: 0.930756747723
        mean: 0.562382400036
        min: 0.250922769308
        var: 0.0145358107984
    silence_rate_20dB:
        dmean: 0
        dmean2: 0
        dvar: 0
        dvar2: 0
        max: 1
        mean: 1
        min: 1
        var: 0
    silence_rate_30dB:
        dmean: 0
        dmean2: 0
        dvar: 0
        dvar2: 0
        max: 1
        mean: 1
        min: 1
        var: 0
    silence_rate_60dB:
        dmean: 0.193103447556
        dmean2: 0.384792625904
        dvar: 0.155814468861
        dvar2: 0.268984258175
        max: 1
        mean: 0.747706413269
        min: 0
        var: 0.188641801476
    spectral_centroid:
        dmean: 670.986816406
        dmean2: 917.540588379
        dvar: 378134.375
        dvar2: 672085.5625
        max: 5204.72949219
        mean: 2014.21557617
        min: 455.694702148
        var: 1035938.8125
    spectral_complexity:
        dmean: 3.49769592285
        dmean2: 5.58660507202
        dvar: 30.9826431274
        dvar2: 61.4896087646
        max: 46
        mean: 5.54482746124
        min: 0
        var: 38.4594764709
    spectral_crest:
        dmean: 2.96308422089
        dmean2: 4.40321445465
        dvar: 5.86794710159
        dvar2: 11.3147106171
        max: 21.1045093536
        mean: 8.82948970795
        min: 2.94179105759
        var: 15.6954774857
    spectral_decrease:
        dmean: 5.40903488666e-10
        dmean2: 8.64272764467e-10
        dvar: 8.36238136863e-19
        dvar2: 2.06733321387e-18
        max: -6.11606902276e-13
        mean: -6.4111710385e-10
        min: -5.04182473549e-09
        var: 7.81450811267e-19
    spectral_energy:
        dmean: 0.00243587233126
        dmean2: 0.00386227224953
        dvar: 1.4382891095e-05
        dvar2: 3.52222814399e-05
        max: 0.0209836158901
        mean: 0.00286924466491
        min: 3.07727100335e-06
        var: 1.37708557304e-05
    spectral_energyband_high:
        dmean: 0.000509620294906
        dmean2: 0.000780083413702
        dvar: 2.9260056067e-07
        dvar2: 6.74632360642e-07
        max: 0.00394350010902
        mean: 0.000497697037645
        min: 8.79669983078e-07
        var: 3.30582167862e-07
    spectral_energyband_low:
        dmean: 0.000664408435114
        dmean2: 0.00107608828694
        dvar: 2.36103710449e-06
        dvar2: 6.13552401774e-06
        max: 0.00768500054255
        mean: 0.000616447068751
        min: 3.02109270933e-08
        var: 2.03868739845e-06
    spectral_energyband_middle_high:
        dmean: 0.00058886205079
        dmean2: 0.000937667558901
        dvar: 1.16729836463e-06
        dvar2: 2.49369531957e-06
        max: 0.00853554904461
        mean: 0.00074671569746
        min: 1.83244480922e-06
        var: 1.29371164803e-06
    spectral_energyband_middle_low:
        dmean: 0.00111683260184
        dmean2: 0.00204745563678
        dvar: 6.62793036099e-06
        dvar2: 1.87361783901e-05
        max: 0.0130586316809
        mean: 0.00100833526812
        min: 3.32256263391e-07
        var: 4.28485736848e-06
    spectral_flatness_db:
        dmean: 0.0219017639756
        dmean2: 0.0347119085491
        dvar: 0.000340816681273
        dvar2: 0.000933681614697
        max: 0.217622116208
        mean: 0.119990602136
        min: 0.0589188076556
        var: 0.000849620322697
    spectral_flux:
        dmean: 0.0183226969093
        dmean2: 0.0279102064669
        dvar: 0.000515666091815
        dvar2: 0.000747137179133
        max: 0.126982837915
        mean: 0.0379765070975
        min: 0.0058501274325
        var: 0.000838924490381
    spectral_kurtosis:
        dmean: 0.599514007568
        dmean2: 0.877986013889
        dvar: 0.365072786808
        dvar2: 0.763949990273
        max: 4.56142759323
        mean: 0.500069737434
        min: -0.757241487503
        var: 0.654784679413
    spectral_rms:
        dmean: 0.000592979020439
        dmean2: 0.000873790122569
        dvar: 4.97940845889e-07
        dvar2: 1.10418613986e-06
        max: 0.00452457973734
        mean: 0.00146214675624
        min: 5.47924792045e-05
        var: 6.61389947254e-07
    spectral_rolloff:
        dmean: 1174.84936523
        dmean2: 1726.13769531
        dvar: 1080607.5
        dvar2: 2105772
        max: 8053.41796875
        mean: 3748.16455078
        min: 215.33203125
        var: 2703738
    spectral_skewness:
        dmean: 0.249237135053
        dmean2: 0.337250113487
        dvar: 0.0402890704572
        dvar2: 0.083601154387
        max: 1.97065079212
        mean: 0.946072340012
        min: 0.180857002735
        var: 0.0930598899722
    spectral_spread:
        dmean: 897362.5625
        dmean2: 1335490.125
        dvar: 549486264320
        dvar2: 1.24846814003e+12
        max: 13012535
        mean: 9788431
        min: 6666399.5
        var: 1.48592997171e+12
    spectral_strongpeak:
        dmean: 0.300932317972
        dmean2: 0.529749572277
        dvar: 0.294279098511
        dvar2: 0.751171946526
        max: 4.02570772171
        mean: 0.431350439787
        min: 0.00310214608908
        var: 0.270960688591
    zerocrossingrate:
        dmean: 0.0238819029182
        dmean2: 0.0274283252656
        dvar: 0.000317483063554
        dvar2: 0.000445904297521
        max: 0.22119140625
        mean: 0.1167081967
        min: 0.0185546875
        var: 0.00151366670616
    barkbands:
        dmean: [4.43351200374e-06, 0.000324249296682, 0.000448012375273, 0.000509629142471, 0.000333963049343, 4.49246144854e-05, 0.000111504021334, 0.000132532513817, 5.4918215028e-05, 5.55090045964e-05, 8.63762033987e-05, 4.91534847242e-05, 2.75860766124e-05, 8.08159820735e-05, 5.31320438313e-05, 2.8582973755e-05, 7.32470361982e-05, 0.000142474877066, 0.000101038596767, 9.50794201344e-05, 0.000176657122211, 0.00016957585467, 6.26279725111e-05, 2.62058565568e-05, 2.55889826803e-05, 3.45500075127e-06, 1.95804106262e-09]
        dmean2: [4.46130115961e-06, 0.000491942861117, 0.000831139914226, 0.000992310815491, 0.000639145262539, 8.37616898934e-05, 0.000193202300579, 0.000186946446775, 8.50226351758e-05, 9.19762460398e-05, 0.000153923727339, 8.14399681985e-05, 4.56745838164e-05, 0.000135724942083, 9.02219544514e-05, 4.51729574706e-05, 0.000117356539704, 0.000234742517932, 0.000166463680216, 0.000147826081957, 0.000281850108877, 0.000266878312686, 9.99446710921e-05, 4.11652617913e-05, 4.03492049372e-05, 5.54010148335e-06, 3.21983195661e-09]
        dvar: [4.64183171067e-11, 4.85463715449e-07, 1.46744957874e-06, 2.13640350921e-06, 7.43713712836e-07, 1.28033397218e-08, 7.91645291542e-08, 6.35395736026e-08, 6.09369354976e-09, 7.44758787974e-09, 3.87535976643e-08, 9.69883551249e-09, 3.93217280958e-09, 2.01713721282e-08, 9.72064562177e-09, 2.98756730466e-09, 3.90537771011e-08, 1.3639618146e-07, 3.90853216459e-08, 2.53615546342e-08, 4.77038355484e-08, 3.24059286072e-08, 5.92865889715e-09, 1.53210022447e-09, 9.44239353373e-10, 1.30163449463e-11, 1.64304307822e-17]
        dvar2: [6.88527568293e-11, 1.25829319586e-06, 4.1146086005e-06, 6.11134873907e-06, 2.09528570849e-06, 3.68165231635e-08, 2.22598501409e-07, 1.40023843187e-07, 1.5116143004e-08, 1.9621134939e-08, 1.08373228613e-07, 2.48211335929e-08, 1.09087112676e-08, 5.13528100043e-08, 2.28478729269e-08, 6.54416210111e-09, 9.43584694824e-08, 3.32359547883e-07, 9.50834433411e-08, 6.09741519497e-08, 1.1191859528e-07, 7.61936931326e-08, 1.37415270274e-08, 3.23817128667e-09, 2.04848094043e-09, 2.97865343502e-11, 3.91517785724e-17]
        max: [4.16891889472e-05, 0.00350310164504, 0.00566442776471, 0.00675520766526, 0.00435624364763, 0.000635761709418, 0.00190386536997, 0.00434211408719, 0.00054364267271, 0.000943406543229, 0.00188033748418, 0.000843281683046, 0.000770769838709, 0.00107449863572, 0.000704104779288, 0.00049596093595, 0.00213896622881, 0.00306761590764, 0.00186858070083, 0.00156043842435, 0.00135684059933, 0.00154996360652, 0.000555521284696, 0.000263328809524, 0.000216159023694, 1.776425961e-05, 3.45008785985e-08]
        mean: [8.24182279757e-06, 0.000338587124133, 0.000269668584224, 0.000278450112091, 0.000188165184227, 3.79093471565e-05, 0.000128272222355, 0.000272363889962, 7.92801292846e-05, 7.65397126088e-05, 7.92347927927e-05, 5.9356148995e-05, 2.97922033496e-05, 7.91162674432e-05, 5.28224627487e-05, 3.40531223628e-05, 7.14099878678e-05, 0.000137036506203, 0.000107803163701, 0.000106050021714, 0.000177302907105, 0.000146672944538, 5.50258337171e-05, 2.82130513369e-05, 2.49162258115e-05, 2.9597943012e-06, 1.888743828e-09]
        min: [3.81135921435e-11, 3.98969390858e-09, 4.85849194209e-10, 3.95896426753e-09, 7.18623738294e-08, 3.20287902866e-08, 5.56847083999e-08, 8.40803693336e-08, 6.50424567539e-08, 2.42123441296e-08, 7.00271627352e-08, 1.48358196839e-07, 9.0055380042e-08, 9.80674172979e-08, 6.24874658683e-08, 1.03183324995e-07, 9.82207453148e-08, 5.31927142333e-08, 5.13881346365e-08, 6.28543332937e-08, 3.69306945913e-07, 2.45757661332e-07, 8.49039949458e-08, 1.66500662147e-08, 2.40014284003e-08, 5.72662850473e-09, 1.2050575815e-11]
        var: [1.4530970871e-10, 4.81446193135e-07, 8.82944675595e-07, 1.1742655488e-06, 4.28905337913e-07, 7.9114279572e-09, 6.62963799414e-08, 2.28040192951e-07, 1.01903401273e-08, 9.60474189071e-09, 2.7208018949e-08, 9.39012423373e-09, 3.01155789195e-09, 1.83567578915e-08, 9.59298240844e-09, 3.6411085258e-09, 3.54748195264e-08, 1.16933406957e-07, 3.56286733449e-08, 2.42860274113e-08, 4.64810128165e-08, 3.43140165171e-08, 5.83440940005e-09, 1.66283142811e-09, 1.06423059254e-09, 1.36653128049e-11, 1.44474819849e-17]
    mfcc:
        mean: [-734.669555664, 44.7125511169, -20.2215251923, 13.8569831848, -26.4547328949, -4.61738777161, -0.478626549244, 2.15497660637, 9.14542007446, 9.50082015991, 14.4067516327, 9.28560829163, 1.89950728416]
        cov: [[2846.79638672, -48.8475112915, 480.175598145, 355.392089844, 257.607147217, 342.522888184, 53.194683075, 102.919387817, -21.8892154694, -227.562820435, -154.528762817, -242.028717041, -138.181106567], [-48.8475112915, 971.380310059, 328.762237549, 252.594650269, 253.957061768, 167.899551392, 180.700393677, 71.3809738159, 65.9987564087, 41.7215499878, -36.1001625061, 8.86635303497, 41.0675735474], [480.175598145, 328.762237549, 721.28527832, 431.469970703, 228.720458984, 289.153076172, 102.789550781, 85.1016921997, 105.088043213, 17.208782196, -25.7824935913, -31.9398174286, 13.7465076447], [355.392089844, 252.594650269, 431.469970703, 464.581207275, 268.148895264, 252.223693848, 142.126983643, 143.953445435, 131.571716309, 48.1561584473, 34.4207992554, 0.679136633873, 11.0607299805], [257.607147217, 253.957061768, 228.720458984, 268.148895264, 329.199768066, 246.808120728, 167.256240845, 106.495010376, 91.6755752563, 57.0860099792, 23.5884304047, 1.93531692028, -7.28114271164], [342.522888184, 167.899551392, 289.153076172, 252.223693848, 246.808120728, 339.946685791, 160.622787476, 108.491996765, 104.033439636, 47.1505622864, 35.8114814758, -7.10729074478, -3.1779396534], [53.194683075, 180.700393677, 102.789550781, 142.126983643, 167.256240845, 160.622787476, 189.942016602, 115.608940125, 77.6385345459, 57.827167511, 41.0354728699, 30.8379936218, 8.63503265381], [102.919387817, 71.3809738159, 85.1016921997, 143.953445435, 106.495010376, 108.491996765, 115.608940125, 157.158065796, 113.260574341, 53.1409263611, 48.3792915344, 31.684015274, 14.3416223526], [-21.8892154694, 65.9987564087, 105.088043213, 131.571716309, 91.6755752563, 104.033439636, 77.6385345459, 113.260574341, 152.014221191, 105.936653137, 67.9484481812, 47.354434967, 25.0782165527], [-227.562820435, 41.7215499878, 17.208782196, 48.1561584473, 57.0860099792, 47.1505622864, 57.827167511, 53.1409263611, 105.936653137, 161.594512939, 109.517822266, 63.7779388428, 23.6774215698], [-154.528762817, -36.1001625061, -25.7824935913, 34.4207992554, 23.5884304047, 35.8114814758, 41.0354728699, 48.3792915344, 67.9484481812, 109.517822266, 134.782714844, 70.2333526611, 18.9590797424], [-242.028717041, 8.86635303497, -31.9398174286, 0.679136633873, 1.93531692028, -7.10729074478, 30.8379936218, 31.684015274, 47.354434967, 63.7779388428, 70.2333526611, 119.873336792, 73.5443115234], [-138.181106567, 41.0675735474, 13.7465076447, 11.0607299805, -7.28114271164, -3.1779396534, 8.63503265381, 14.3416223526, 25.0782165527, 23.6774215698, 18.9590797424, 73.5443115234, 128.620925903]]
        icov: [[0.000614041520748, 0.000172375192051, -0.000253382051596, 5.83605869906e-05, -0.000395750685129, -0.000328828726197, 0.000380108103855, -0.00066003552638, 0.0001132778998, 0.000938389333896, -0.000298221682897, 0.000848369498271, 8.29218515719e-06], [0.000172375192051, 0.00170744874049, -0.000647184613626, -4.49026338174e-05, -0.000948964152485, 0.00078648282215, -0.00163145828992, 0.000670368666761, -0.000116383380373, -0.000240622510319, 0.000919305020943, 0.000319148239214, -0.000537470332347], [-0.000253382051596, -0.000647184613626, 0.00467139529064, -0.00434495462105, 0.00225116731599, -0.00278529617935, 0.000919407291804, 0.00156808027532, -0.00010054591985, -0.0019192394102, 0.00305715063587, -0.000774912012275, -3.77786000172e-06], [5.83605869906e-05, -4.49026338174e-05, -0.00434495462105, 0.00965181272477, -0.00511756027117, 0.00159425288439, 0.000733451568522, -0.00300051202066, -0.00262307957746, 0.00408394448459, -0.00476844282821, 0.00187817914411, -0.000864986795932], [-0.000395750685129, -0.000948964152485, 0.00225116731599, -0.00511756027117, 0.0117741441354, -0.00518064666539, -0.00302919861861, 0.000725194811821, 0.00248228316195, -0.00509809702635, 0.00475701596588, -0.00210510264151, 0.00169533130247], [-0.000328828726197, 0.00078648282215, -0.00278529617935, 0.00159425288439, -0.00518064666539, 0.011353247799, -0.00619978271425, 0.00419926736504, -0.00662102084607, 0.00541636627167, -0.00563096208498, 0.00373381352983, -0.00151964009274], [0.000380108103855, -0.00163145828992, 0.000919407291804, 0.000733451568522, -0.00302919861861, -0.00619978271425, 0.0202066432685, -0.0147523032501, 0.0102361841127, -0.00641128839925, 0.0032584851142, -0.00413479981944, 0.00179995328654], [-0.00066003552638, 0.000670368666761, 0.00156808027532, -0.00300051202066, 0.000725194811821, 0.00419926736504, -0.0147523032501, 0.0302183292806, -0.023562155664, 0.0126090999693, -0.00642619375139, 0.00210763909854, -0.00105188880116], [0.0001132778998, -0.000116383380373, -0.00010054591985, -0.00262307957746, 0.00248228316195, -0.00662102084607, 0.0102361841127, -0.023562155664, 0.0377144962549, -0.0234983507544, 0.0103050582111, -0.00566235091537, 0.00100308354013], [0.000938389333896, -0.000240622510319, -0.0019192394102, 0.00408394448459, -0.00509809702635, 0.00541636627167, -0.00641128839925, 0.0126090999693, -0.0234983507544, 0.0323953814805, -0.0203717369586, 0.00493470579386, -0.00139209046029], [-0.000298221682897, 0.000919305020943, 0.00305715063587, -0.00476844282821, 0.00475701596588, -0.00563096208498, 0.0032584851142, -0.00642619375139, 0.0103050582111, -0.0203717369586, 0.0279238931835, -0.0116670196876, 0.00439330562949], [0.000848369498271, 0.000319148239214, -0.000774912012275, 0.00187817914411, -0.00210510264151, 0.00373381352983, -0.00413479981944, 0.00210763909854, -0.00566235091537, 0.00493470579386, -0.0116670196876, 0.0237065590918, -0.0108933309093], [8.29218515719e-06, -0.000537470332347, -3.77786000172e-06, -0.000864986795932, 0.00169533130247, -0.00151964009274, 0.00179995328654, -0.00105188880116, 0.00100308354013, -0.00139209046029, 0.00439330562949, -0.0108933309093, 0.0137267755345]]
    spectral_contrast:
        mean: [6.82832876464e-07, 7.15144381047e-07, 2.39608965558e-07, 4.97390466592e-08, -2.23825722401e-07, 1.62645321211e-07, 6.74012085256e-07, 2.55477834799e-06, 1.8730930833e-06, -4.62477237306e-06, -4.48089895144e-06, -1.95996517505e-06]
        var: [0.000414618203649, 0.000755705637857, 0.00138190691359, 0.00302328472026, 0.00517613440752, 0.00632332405075, 0.0982786715031, 0.116560950875, 0.258710324764, 0.292464345694, 0.924384891987, 2.20064139366]

rhythm:
    beats_loudness:
        dmean: 0.00403881538659
        dmean2: 0.00628027459607
        dvar: 9.11167899176e-06
        dvar2: 1.8599217583e-05
        max: 0.0131390597671
        mean: 0.00567105319351
        min: 0.000927116780076
        var: 1.28445735754e-05
    beats_loudness_bass:
        dmean: 0.384073495865
        dmean2: 0.754761278629
        dvar: 0.119164727628
        dvar2: 0.284215450287
        max: 0.83779489994
        mean: 0.328907877207
        min: 7.63487187214e-05
        var: 0.126919567585
    bpm: 128.837432861
    bpm_confidence: 0
    first_peak_bpm: 129
    first_peak_spread: 0
    first_peak_weight: 0.949999988079
    onset_rate: 8.52898311615
    second_peak_bpm: 96
    second_peak_spread: 0
    second_peak_weight: 0.0500000007451
    beats_position: [0.344553470612, 0.810369193554, 1.27618479729, 1.74200034142, 2.20781588554, 2.67363166809, 3.13944721222, 3.60526275635, 4.07107830048, 4.5368938446, 5.00270986557, 5.4685254097, 5.93434095383, 6.55696821213, 7.02258205414, 7.48819637299, 7.95381069183, 8.41942405701, 8.88503837585, 9.3506526947, 9.81626701355]
    bpm_estimates: [128.865478516, 128.934265137, 128.744400024, 128.539321899, 128.769638062, 128.812286377, 128.902954102, 128.883117676, 128.979431152, 128.788619995, 128.930648804, 128.659942627, 129.208282471, 128.881408691, 128.808532715, 128.679382324, 128.812820435, 128.873382568]
    bpm_intervals: [0.465815722942, 0.465815603733, 0.465815544128, 0.465815544128, 0.465815782547, 0.465815544128, 0.465815544128, 0.465815544128, 0.465815544128, 0.465816020966, 0.465815544128, 0.465815544128, 0.622627258301, 0.46561384201, 0.465614318848, 0.465614318848, 0.465613365173, 0.465614318848, 0.465614318848, 0.465614318848]
    onset_times: [0.0464399084449, 0.220589563251, 0.336689352989, 0.46439909935, 0.580498874187, 0.696598649025, 0.812698423862, 0.9287981987, 1.04489791393, 1.16099774837, 1.27709746361, 1.39319729805, 1.50929701328, 1.62539684772, 1.74149656296, 1.8575963974, 1.98530614376, 2.10140585899, 2.21750569344, 2.33360552788, 2.4497051239, 2.57741498947, 2.68190479279, 2.79800462723, 2.92571425438, 3.04181408882, 3.14630389214, 3.27401351929, 3.39011335373, 3.50621318817, 3.62231302261, 3.73841261864, 3.86612248421, 3.97061228752, 4.08671188354, 4.21442174911, 4.33052158356, 4.446621418, 4.56272125244, 4.66721105576, 4.79492044449, 4.91102027893, 5.02712011337, 5.14321994781, 5.27092981339, 5.3754196167, 5.49151945114, 5.60761928558, 5.73532867432, 5.85142850876, 5.95591831207, 6.08362817764, 6.19972801208, 6.32743787766, 6.44353723526, 6.54802703857, 6.67573690414, 6.78022670746, 6.8963265419, 7.01242637634, 7.14013624191, 7.25623559952, 7.37233543396, 7.4884352684, 7.60453510284, 7.72063493729, 7.83673477173, 7.9644446373, 8.08054447174, 8.19664382935, 8.31274414062, 8.42884349823, 8.54494285583, 8.67265319824, 8.77714252472, 8.893242836, 9.0093421936, 9.12544250488, 9.24154186249, 9.35764217377, 9.4853515625, 9.61306095123, 9.70594120026, 9.83365058899, 9.94975090027, 10.0658502579]
    rubato_start: []
    rubato_stop: []
    perceptual_tempo: "unknown"

sfx:
    inharmonicity:
        dmean: 0.0812467783689
        dmean2: 0.139124587178
        dvar: 0.00578989787027
        dvar2: 0.0157001465559
        max: 0.386566758156
        mean: 0.0805437788367
        min: 0
        var: 0.00709996651858
    oddtoevenharmonicenergyratio:
        dmean: 5.98111581802
        dmean2: 11.3055009842
        dvar: 698.969299316
        dvar2: 2023.22753906
        max: 380.059906006
        mean: 3.71534585953
        min: 0
        var: 390.237823486
    pitch_after_max_to_before_max_energy_ratio: 6.81531333923
    pitch_centroid: 215.853225708
    pitch_max_to_total: 0.124137930572
    pitch_min_to_total: 0.58390802145
    tristimulus:
        dmean: [0.238183110952, 0.290368288755, 0.189128220081]
        dmean2: [0.415636926889, 0.508744895458, 0.330362230539]
        dvar: [0.046559330076, 0.0510493852198, 0.0306864157319]
        dvar2: [0.127102941275, 0.135021567345, 0.0874218419194]
        max: [1, 0.992954671383, 0.929820299149]
        mean: [0.271565258503, 0.499247431755, 0.186682000756]
        min: [0.00391481490806, 0, 0]
        var: [0.0580580420792, 0.071645617485, 0.0347428061068]

tonal:
    chords_changes_rate: 0.0639269426465
    chords_number_rate: 0.0273972600698
    chords_strength:
        dmean: 0.00734898494557
        dmean2: 0.00719507504255
        dvar: 3.34382457368e-05
        dvar2: 3.41396225849e-05
        max: 0.59954315424
        mean: 0.457093447447
        min: 0.301255613565
        var: 0.0071876924485
    key_strength: 0.693543434143
    tuning_diatonic_strength: 0.564108848572
    tuning_equal_tempered_deviation: 0.0700419545174
    tuning_frequency: 441.017791748
    tuning_nontempered_energy_ratio: 0.681097447872
    hpcp:
        dmean: [0.169346451759, 0.126083031297, 0.126352846622, 0.163851648569, 0.158319950104, 0.138775855303, 0.1184566468, 0.0825060680509, 0.17534597218, 0.250793129206, 0.211502894759, 0.13229419291, 0.0938925594091, 0.086159452796, 0.137424603105, 0.18932788074, 0.144746035337, 0.121363535523, 0.137947946787, 0.153202697635, 0.132820606232, 0.109034352005, 0.0944749563932, 0.14146143198, 0.177969455719, 0.127381056547, 0.0917359292507, 0.0995402410626, 0.133878111839, 0.184687182307, 0.232719883323, 0.241141960025, 0.190169617534, 0.131907165051, 0.132538557053, 0.152921661735]
        dmean2: [0.293653249741, 0.215197056532, 0.220367565751, 0.289161741734, 0.282451480627, 0.245384126902, 0.212124526501, 0.150902420282, 0.294237136841, 0.412714362144, 0.363624840975, 0.22821508348, 0.157876595855, 0.153135642409, 0.232493504882, 0.317366689444, 0.240063533187, 0.222887665033, 0.259038805962, 0.288075000048, 0.244841352105, 0.195998638868, 0.172651544213, 0.242346972227, 0.31798902154, 0.230985224247, 0.167035117745, 0.185863882303, 0.237545475364, 0.309356242418, 0.377264499664, 0.396852880716, 0.335326731205, 0.237312972546, 0.235368013382, 0.268266707659]
        dvar: [0.0579245537519, 0.0283954162151, 0.0249815918505, 0.0400780588388, 0.0302559491247, 0.0321915261447, 0.0333638377488, 0.0238106045872, 0.0309189036489, 0.0679200142622, 0.0461410991848, 0.03101904504, 0.0169351473451, 0.0196783468127, 0.0231939349324, 0.0490417033434, 0.0266593489796, 0.0294498130679, 0.0510639324784, 0.075748257339, 0.0527463890612, 0.0343144275248, 0.0353610925376, 0.0380661897361, 0.0631413906813, 0.0264315567911, 0.0248424839228, 0.0213243085891, 0.0343413054943, 0.039790019393, 0.0472560860217, 0.0678568184376, 0.065003477037, 0.0409820117056, 0.0352441221476, 0.0360032320023]
        dvar2: [0.159014984965, 0.0778315737844, 0.0691152438521, 0.109120264649, 0.085283651948, 0.087165877223, 0.0987694635987, 0.0715939253569, 0.0873998999596, 0.168586701155, 0.129722356796, 0.0858602747321, 0.0468470901251, 0.056233920157, 0.0560402274132, 0.0994255840778, 0.0617066435516, 0.080925822258, 0.144565820694, 0.208268284798, 0.132983639836, 0.0930172502995, 0.101024918258, 0.102288484573, 0.162678852677, 0.0710944533348, 0.0754083395004, 0.0602318942547, 0.0973228141665, 0.0993217453361, 0.0968670621514, 0.143948107958, 0.165370121598, 0.112511120737, 0.0914557874203, 0.092953465879]
        max: [1, 1, 0.967336773872, 1, 1, 1, 1, 1, 1, 1, 1, 1, 0.797631084919, 1, 0.958470404148, 1, 1, 1, 1, 1, 1, 1, 1, 1, 1, 1, 1, 0.77233171463, 0.868366956711, 1, 1, 1, 1, 1, 1, 0.916191995144]
        mean: [0.162304833531, 0.123875021935, 0.151093587279, 0.243621215224, 0.206055283546, 0.124139949679, 0.102111265063, 0.0804549530149, 0.249435916543, 0.410819202662, 0.272948235273, 0.135855317116, 0.109020017087, 0.0874253362417, 0.225527659059, 0.362059921026, 0.237565562129, 0.112941257656, 0.106902301311, 0.106099016964, 0.104726053774, 0.0892972350121, 0.0769836306572, 0.17961396277, 0.263763040304, 0.161128178239, 0.0847235992551, 0.0902429893613, 0.123590007424, 0.255326509476, 0.376937806606, 0.324214667082, 0.179609417915, 0.115087158978, 0.121648132801, 0.152744174004]
        min: [0.00157816905994, 0.00550284702331, 0.00515997549519, 0.00191773625556, 0.00491037219763, 0.0034813543316, 0.000359263154678, 0.000937685545068, 0.0012068178039, 0.00552937341854, 0.00812859926373, 0.00265413546003, 0.00276727648452, 0.00329579459503, 0.00758953811601, 0.0120528060943, 0.0098600210622, 0.00273627741262, 0.000997704803012, 0.000382631522371, 0.00025944042136, 0.000251794350334, 0.000105602070107, 0.00199765758589, 0.0025504603982, 0.00389530998655, 0, 0.00055435183458, 0.00357906147838, 0.00550739932805, 0.000180116228876, 0.000610877177678, 0.0020469778683, 0.00107268034481, 0.00276195793413, 0.00679157208651]
        var: [0.0490612909198, 0.0250199567527, 0.0314019732177, 0.0923261195421, 0.0595366843045, 0.0268304962665, 0.0258244331926, 0.0164657328278, 0.046046718955, 0.121312715113, 0.0601162277162, 0.0271204244345, 0.01568062976, 0.0144988382235, 0.0431919842958, 0.11958488822, 0.0495323501527, 0.0226462855935, 0.0334030129015, 0.0486890152097, 0.038919262588, 0.0268912669271, 0.0254433080554, 0.0490005500615, 0.113979324698, 0.0371965244412, 0.0174766611308, 0.0162550900131, 0.030783072114, 0.0551212728024, 0.101905755699, 0.0960718914866, 0.0582211762667, 0.0297330599278, 0.0297987312078, 0.0325231552124]
    chords_histogram: [15.0684928894, 5.93607282639, 57.0776252747, 0, 0, 0, 0, 8.21917819977, 0, 3.19634699821, 0, 0, 0, 0, 0, 0, 0, 0, 0, 0, 0, 0, 10.5022830963, 0]
    thpcp: [1, 0.664399921894, 0.330693691969, 0.265372246504, 0.212807327509, 0.548970580101, 0.881312072277, 0.578272759914, 0.274917185307, 0.260217398405, 0.258262068033, 0.254920065403, 0.217363834381, 0.18739053607, 0.437209278345, 0.642041683197, 0.39221188426, 0.206230863929, 0.219665944576, 0.30083796382, 0.621505796909, 0.917527258396, 0.789190649986, 0.437198191881, 0.280140638351, 0.296111106873, 0.371803879738, 0.395076066256, 0.301531732082, 0.367786079645, 0.593013226986, 0.501571714878, 0.302176594734, 0.248555243015, 0.195840299129, 0.607167124748]
    chords_key: "G"
    chords_scale: "minor"
    key_key: "C"
    key_scale: "minor"
    chords_progression: ["Gm", "Gm", "Gm", "Gm", "Gm", "Gm", "Gm", "Gm", "Gm", "Gm", "Gm", "Gm", "Gm", "Gm", "Gm", "Gm", "Gm", "Gm", "Gm", "Gm", "D#", "D#", "D#", "D#", "D#", "D#", "D#", "D#", "D#", "D#", "Gm", "D#", "D#", "D#", "Cm", "Cm", "Gm", "Gm", "Gm", "Gm", "Gm", "Gm", "Gm", "Gm", "Gm", "Gm", "Gm", "Gm", "Gm", "Gm", "Gm", "Gm", "Gm", "Gm", "Gm", "Gm", "Gm", "Gm", "Gm", "Gm", "Gm", "Gm", "Gm", "Gm", "Gm", "Gm", "Gm", "Gm", "Gm", "Gm", "Gm", "Gm", "Gm", "Gm", "Gm", "Gm", "Gm", "Gm", "Gm", "Gm", "Gm", "Gm", "Gm", "Gm", "Gm", "Gm", "Gm", "C", "C", "C", "C", "C", "C", "C", "C", "C", "C", "C", "C", "Fm", "Fm", "Fm", "Fm", "Fm", "Fm", "Fm", "Fm", "Fm", "Fm", "Fm", "Fm", "Fm", "Fm", "Fm", "Fm", "Fm", "Fm", "Cm", "Fm", "Fm", "Fm", "Fm", "Fm", "Cm", "Cm", "Cm", "Cm", "Cm", "Cm", "Cm", "Cm", "Cm", "Cm", "Cm", "Cm", "Cm", "Cm", "Cm", "Cm", "Cm", "Cm", "Cm", "Cm", "Cm", "Cm", "Cm", "Cm", "Cm", "Cm", "Cm", "Cm", "Cm", "Cm", "C", "C", "C", "C", "C", "C", "Gm", "Gm", "Gm", "Gm", "Gm", "Gm", "Gm", "Gm", "Gm", "Gm", "Gm", "Gm", "Gm", "Gm", "Gm", "Gm", "Gm", "Gm", "Gm", "Gm", "Gm", "Gm", "Gm", "Gm", "Gm", "Gm", "Gm", "Gm", "Gm", "Gm", "Gm", "Gm", "Gm", "Gm", "Gm", "Gm", "Gm", "Gm", "Gm", "Gm", "Gm", "Gm", "Gm", "Gm", "Gm", "Gm", "Gm", "Gm", "G", "G", "G", "G", "G", "G", "G", "Gm", "Gm", "Gm", "Gm", "Gm"]
