
metadata:
    version:
        essentia: "1.2.2"
    audio_properties:
        analysis_sample_rate: 44100
        bitrate: 128
        channels: 2
        equal_loudness: 1
        length: 10.0310201645
        replay_gain: -8.46676063538
        downmix: "mix"
    tags:
        track: 15
        year: 0
        album: "Splitted by Mp3Splt v. 2.1"
        artist: "From 002.20 To 002.30"
        comment: "http://mp3splt.sf.net"
        genre: ""
        title: "12 The Entertainment.mp3"

highlevel:
    ballroom:
        all:
            ChaChaCha: 0.0381860584021
            Jive: 0.0697357580066
            Quickstep: 0.096494756639
            Rumba-American: 0.0115146730095
            Rumba-International: 0.0905784964561
            Rumba-Misc: 0.0286651235074
            Samba: 0.0276336204261
            Tango: 0.294440031052
            VienneseWaltz: 0.198930963874
            Waltz: 0.143820524216
        probability: 0.294440031052
        value: "Tango"
    culture:
        all:
            non_western: 0.0384969674051
            western: 0.96150302887
        probability: 0.96150302887
        value: "western"
    gender:
        all:
            female: 0.0843562185764
            male: 0.915643751621
        probability: 0.915643751621
        value: "male"
    genre_dortmund:
        all:
            alternative: 0.0524772591889
            blues: 0.178462550044
            electronic: 0.014566286467
            folkcountry: 0.339933812618
            funksoulrnb: 0.0270089302212
            jazz: 0.225658029318
            pop: 0.0963987112045
            raphiphop: 0.00143977417611
            rock: 0.0640546381474
        probability: 0.339933812618
        value: "folkcountry"
    genre_electronica:
        all:
            ambient: 0.640063107014
            dnb: 0.174647435546
            house: 0.071283467114
            techno: 0.0114510683343
            trance: 0.102554954588
        probability: 0.640063107014
        value: "ambient"
    genre_rosamerica:
        all:
            cla: 0.23530690372
            dan: 0.0174827873707
            hip: 0.00706713320687
            jaz: 0.0737702697515
            pop: 0.253613591194
            rhy: 0.0392724573612
            roc: 0.367231160402
            spe: 0.00625570956618
        probability: 0.367231160402
        value: "roc"
    genre_tzanetakis:
        all:
            blu: 0.0165144782513
            cla: 0.0360147096217
            cou: 0.396639943123
            dis: 0.0307827927172
            hip: 0.00160342082381
            jaz: 0.0970001295209
            met: 0.00549918785691
            pop: 0.0488419644535
            reg: 0.0346986763179
            roc: 0.332404702902
        probability: 0.396639943123
        value: "cou"
    live_studio:
        all:
            live: 0.0522235482931
            studio: 0.947776436806
        probability: 0.947776436806
        value: "studio"
    mood:
        all:
            Cluster1: 0.0923003181815
            Cluster2: 0.185060530901
            Cluster3: 0.529029965401
            Cluster4: 0.162185072899
            Cluster5: 0.0314240902662
        probability: 0.529029965401
        value: "Cluster3"
    mood_acoustic:
        all:
            acoustic: 0.814558088779
            not_acoustic: 0.185441896319
        probability: 0.814558088779
        value: "acoustic"
    mood_aggressive:
        all:
            aggressive: 0.00966471247375
            not_aggressive: 0.990335285664
        probability: 0.990335285664
        value: "not_aggressive"
    mood_electronic:
        all:
            electronic: 0.0785868540406
            not_electronic: 0.921413123608
        probability: 0.921413123608
        value: "not_electronic"
    mood_happy:
        all:
            happy: 0.605101108551
            not_happy: 0.394898921251
        probability: 0.605101108551
        value: "happy"
    mood_party:
        all:
            not_party: 0.907697379589
            party: 0.0923026278615
        probability: 0.907697379589
        value: "not_party"
    mood_relaxed:
        all:
            not_relaxed: 0.662600517273
            relaxed: 0.337399482727
        probability: 0.662600517273
        value: "not_relaxed"
    mood_sad:
        all:
            not_sad: 0.286811977625
            sad: 0.713187992573
        probability: 0.713187992573
        value: "sad"
    rhythm:
        all:
            fast: 0.272964000702
            medium: 0.46372371912
            slow: 0.26331230998
        probability: 0.46372371912
        value: "medium"
    speech_music:
        all:
            music: 0.9990208745
            speech: 0.000979118980467
        probability: 0.9990208745
        value: "music"
    timbre:
        all:
            bright: 0.999999701977
            dark: 3.05850051063e-07
        probability: 0.999999701977
        value: "bright"
    voice_instrumental:
        all:
            instrumental: 0.870861768723
            voice: 0.129138216376
        probability: 0.870861768723
        value: "instrumental"

lowlevel:
    average_loudness: 0.969794511795
    barkbands_kurtosis:
        dmean: 2.09054660797
        dmean2: 3.32511091232
        dvar: 15.3664541245
        dvar2: 37.4511566162
        max: 38.7275276184
        mean: 0.76125138998
        min: -1.81225121021
        var: 18.8782100677
    barkbands_skewness:
        dmean: 0.612882256508
        dmean2: 0.892710983753
        dvar: 0.365585029125
        dvar2: 0.7886749506
        max: 5.44117069244
        mean: 0.984277427197
        min: -1.25415980816
        var: 1.07848834991
    barkbands_spread:
        dmean: 5.74520778656
        dmean2: 9.19638633728
        dvar: 31.2141437531
        dvar2: 69.3602142334
        max: 54.4924049377
        mean: 26.5625343323
        min: 2.80877447128
        var: 76.8735275269
    dissonance:
        dmean: 0.0178228672594
        dmean2: 0.0291513502598
        dvar: 0.000204346622922
        dvar2: 0.000547639792785
        max: 0.497705638409
        mean: 0.455892980099
        min: 0.381572037935
        var: 0.000485615862999
    hfc:
        dmean: 1.50724637508
        dmean2: 1.88233482838
        dvar: 3.94913578033
        dvar2: 6.21412324905
        max: 22.1734828949
        mean: 4.33961629868
        min: 0.0292491149157
        var: 18.3437423706
    pitch:
        dmean: 161.793533325
        dmean2: 311.33480835
        dvar: 372223.46875
        dvar2: 951634.75
        max: 4410
        mean: 350.590881348
        min: 65.5274887085
        var: 331789.03125
    pitch_instantaneous_confidence:
        dmean: 0.105995424092
        dmean2: 0.153261944652
        dvar: 0.00950887519866
        dvar2: 0.0196820236742
        max: 0.907653093338
        mean: 0.538944542408
        min: 0.169014573097
        var: 0.0344590730965
    pitch_salience:
        dmean: 0.0760741233826
        dmean2: 0.126885131001
        dvar: 0.00421215593815
        dvar2: 0.0115551380441
        max: 0.815062046051
        mean: 0.582389175892
        min: 0.306601852179
        var: 0.00989368651062
    silence_rate_20dB:
        dmean: 0
        dmean2: 0
        dvar: 0
        dvar2: 0
        max: 1
        mean: 1
        min: 1
        var: 0
    silence_rate_30dB:
        dmean: 0
        dmean2: 0
        dvar: 0
        dvar2: 0
        max: 1
        mean: 1
        min: 1
        var: 0
    silence_rate_60dB:
        dmean: 0.166666671634
        dmean2: 0.331786543131
        dvar: 0.138889268041
        dvar2: 0.268108576536
        max: 1
        mean: 0.533487319946
        min: 0
        var: 0.248878315091
    spectral_centroid:
        dmean: 259.551361084
        dmean2: 378.763580322
        dvar: 56576.90625
        dvar2: 124439.054688
        max: 2374.88183594
        mean: 1095.80224609
        min: 237.602859497
        var: 199502.59375
    spectral_complexity:
        dmean: 2.64037132263
        dmean2: 3.69069766998
        dvar: 6.55050039291
        dvar2: 11.5903577805
        max: 23
        mean: 9.53009223938
        min: 0
        var: 29.1240844727
    spectral_crest:
        dmean: 2.59998869896
        dmean2: 4.09246635437
        dvar: 6.62267255783
        dvar2: 14.7353868484
        max: 23.3186168671
        mean: 9.14072990417
        min: 3.26095104218
        var: 16.3112945557
    spectral_decrease:
        dmean: 3.45187128881e-10
        dmean2: 4.676494747e-10
        dvar: 1.40727798174e-19
        dvar2: 2.99924574872e-19
        max: -9.89743096508e-12
        mean: -9.10225506079e-10
        min: -3.96938659719e-09
        var: 4.83161313972e-19
    spectral_energy:
        dmean: 0.00141014705878
        dmean2: 0.00188697047997
        dvar: 2.3373725071e-06
        dvar2: 4.81574397782e-06
        max: 0.0167644321918
        mean: 0.00382901588455
        min: 4.00081007683e-05
        var: 8.65120728122e-06
    spectral_energyband_high:
        dmean: 4.78803922306e-05
        dmean2: 6.79382210365e-05
        dvar: 1.22270087388e-08
        dvar2: 2.88619670386e-08
        max: 0.00162339280359
        mean: 0.000103866586869
        min: 5.08890991568e-07
        var: 3.05165528403e-08
    spectral_energyband_low:
        dmean: 8.83343091118e-05
        dmean2: 0.000153035944095
        dvar: 4.95828693658e-08
        dvar2: 1.3278341271e-07
        max: 0.00259310030378
        mean: 0.000113330592285
        min: 3.71544359723e-07
        var: 4.22810444434e-08
    spectral_energyband_middle_high:
        dmean: 0.00048519030679
        dmean2: 0.000612877833191
        dvar: 4.38156916971e-07
        dvar2: 6.43393150312e-07
        max: 0.00681998720393
        mean: 0.00130265334155
        min: 5.92356673224e-06
        var: 2.01108241527e-06
    spectral_energyband_middle_low:
        dmean: 0.00108000508044
        dmean2: 0.00159134075511
        dvar: 1.57553313329e-06
        dvar2: 3.56225814357e-06
        max: 0.0109556978568
        mean: 0.00230916636065
        min: 3.13032505801e-05
        var: 3.67073380403e-06
    spectral_flatness_db:
        dmean: 0.0193213429302
        dmean2: 0.0309873223305
        dvar: 0.000362559425412
        dvar2: 0.00102842319757
        max: 0.279891371727
        mean: 0.188358411193
        min: 0.104293823242
        var: 0.000982298632152
    spectral_flux:
        dmean: 0.0095566464588
        dmean2: 0.0142196370289
        dvar: 8.71815936989e-05
        dvar2: 0.000181689130841
        max: 0.0874528810382
        mean: 0.0311596281826
        min: 0.00632519554347
        var: 0.000250518642133
    spectral_kurtosis:
        dmean: 2.05413722992
        dmean2: 3.53162169456
        dvar: 5.45707941055
        dvar2: 15.2880439758
        max: 22.271938324
        mean: 5.68659543991
        min: 0.749375343323
        var: 9.66442680359
    spectral_rms:
        dmean: 0.000361686921678
        dmean2: 0.000474341359222
        dvar: 1.20863006714e-07
        dvar2: 2.543017672e-07
        max: 0.00404419889674
        mean: 0.00179046113044
        min: 0.000197565925191
        var: 5.29870760602e-07
    spectral_rolloff:
        dmean: 576.649780273
        dmean2: 944.706115723
        dvar: 471595.09375
        dvar2: 899037.5625
        max: 4328.17382812
        mean: 2275.54272461
        min: 258.3984375
        var: 1012237.5625
    spectral_skewness:
        dmean: 0.251017272472
        dmean2: 0.397992551327
        dvar: 0.0617453679442
        dvar2: 0.149382486939
        max: 4.03507804871
        mean: 1.60157847404
        min: 0.876264095306
        var: 0.167489036918
    spectral_spread:
        dmean: 423324.4375
        dmean2: 608926
        dvar: 267618533376
        dvar2: 560828514304
        max: 7997392.5
        mean: 3582178.25
        min: 2112431.25
        var: 918385131520
    spectral_strongpeak:
        dmean: 0.344775766134
        dmean2: 0.603272497654
        dvar: 0.421014994383
        dvar2: 1.16581332684
        max: 4.9755897522
        mean: 0.449691593647
        min: 0.00530871422961
        var: 0.380888611078
    zerocrossingrate:
        dmean: 0.00884230900556
        dmean2: 0.0106184137985
        dvar: 5.315011731e-05
        dvar2: 7.38229355193e-05
        max: 0.11865234375
        mean: 0.0659970864654
        min: 0.00830078125
        var: 0.000377054675482
    barkbands:
        dmean: [6.2851661653e-08, 1.77198126039e-05, 7.69295365899e-05, 0.000192790845176, 0.000677285715938, 0.000240386783844, 9.74098511506e-05, 7.99515837571e-05, 0.000146009522723, 3.84283157473e-05, 3.90363602492e-05, 3.20671388181e-05, 2.23457991524e-05, 3.93073933083e-05, 5.40510627616e-05, 8.11183344922e-05, 0.000163737640833, 0.000107592553832, 8.61063963384e-05, 5.70673400944e-05, 1.9735778551e-05, 4.06078879678e-06, 4.78245681279e-07, 1.0450487764e-07, 7.69536327994e-08, 5.97311800021e-09, 2.25765142692e-10]
        dmean2: [1.0125715022e-07, 3.00138672173e-05, 0.000133766283398, 0.00033630541293, 0.00104715756606, 0.000397469877498, 0.00016617559595, 0.000118514850328, 0.000210166079341, 5.43816786376e-05, 5.12441001774e-05, 4.4422220526e-05, 2.99555122183e-05, 5.68831819692e-05, 8.06383031886e-05, 0.000114950329589, 0.00023479021911, 0.000165037519764, 0.000124790502014, 7.91368584032e-05, 2.85460846499e-05, 5.85804446018e-06, 7.04298543042e-07, 1.58173278919e-07, 1.05654166305e-07, 8.42586533878e-09, 3.53040596757e-10]
        dvar: [1.50925719676e-14, 1.4286549721e-09, 3.78020565961e-08, 8.87211797362e-08, 9.10590813419e-07, 1.06286158541e-07, 2.49134437524e-08, 4.0690114389e-08, 1.00769945277e-07, 5.72447023117e-09, 5.71480995859e-09, 6.74592914862e-09, 2.00613770041e-09, 5.7060431935e-09, 1.06977946501e-08, 2.02008010319e-08, 5.9861733348e-08, 3.33850920242e-08, 1.52735530889e-08, 1.13805338486e-08, 1.65084212966e-09, 3.80386798449e-11, 4.89982457819e-13, 2.97417086347e-14, 2.27611322395e-14, 1.79703466065e-16, 2.5249355258e-18]
        dvar2: [3.34244452591e-14, 3.58785690047e-09, 1.03924442385e-07, 2.40374504301e-07, 1.99002033696e-06, 2.9319147643e-07, 7.22752631077e-08, 1.03908590177e-07, 1.87719976452e-07, 1.32779440776e-08, 8.88398332677e-09, 1.40712144159e-08, 2.52962206737e-09, 1.24217294228e-08, 2.03636929541e-08, 4.06205700187e-08, 1.16155433716e-07, 7.36085894459e-08, 2.65421427059e-08, 2.37168364947e-08, 3.54467544206e-09, 6.83806899993e-11, 1.07469122577e-12, 6.52273035389e-14, 4.55110362103e-14, 3.46938474797e-16, 2.65294503431e-18]
        max: [1.26245481624e-06, 0.000295152654871, 0.00229762727395, 0.00210928614251, 0.00703012943268, 0.00356410536915, 0.00148210534826, 0.00297234300524, 0.00405566440895, 0.000916025077458, 0.000874675286468, 0.00149953423534, 0.000818469678052, 0.000907242880203, 0.000991617329419, 0.00205350597389, 0.00257732486352, 0.00246782856993, 0.00137192115653, 0.00153241970111, 0.000658060249407, 0.000101286481367, 6.81296569383e-06, 1.8922256686e-06, 2.50868697549e-06, 2.04096039624e-07, 3.29084528516e-08]
        mean: [7.01485873833e-08, 2.22745475185e-05, 9.09894151846e-05, 0.000209117220948, 0.0010490079876, 0.000496833818033, 0.000167031612364, 0.000131335997139, 0.000231877798797, 7.11310349288e-05, 7.4173171015e-05, 5.3526568081e-05, 4.77250687254e-05, 7.13541521691e-05, 9.64079008554e-05, 0.000163573640748, 0.000307630863972, 0.000208051380469, 0.000165794437635, 0.000119944787002, 4.19234711444e-05, 7.89747446106e-06, 9.62908075053e-07, 2.192617643e-07, 1.57154246949e-07, 8.68833183176e-09, 2.10571282633e-10]
        min: [1.718183755e-11, 1.15175737392e-07, 7.31846654389e-08, 1.04207811091e-06, 4.13537782151e-06, 5.646075806e-06, 6.98441624536e-07, 1.66688167269e-07, 2.26390071134e-07, 2.60869228441e-08, 1.16914364412e-07, 1.54276747821e-07, 1.52370290607e-07, 2.73534311646e-07, 6.89013745614e-07, 7.91553418367e-07, 1.11033057237e-06, 4.49750729103e-07, 1.13639589472e-06, 3.38892704121e-07, 2.45942487709e-07, 3.2179457321e-08, 3.50679107974e-09, 1.15218112828e-09, 7.06390723693e-10, 5.44823144932e-11, 1.05278605929e-13]
        var: [1.89706140608e-14, 1.58877622169e-09, 3.01456282159e-08, 8.92487221904e-08, 1.53755172505e-06, 2.75670345218e-07, 3.06734726507e-08, 6.21287199465e-08, 1.98408017127e-07, 1.07604103405e-08, 2.16586641955e-08, 1.22905339239e-08, 1.04617461361e-08, 1.24511689847e-08, 2.71478981517e-08, 5.9921205775e-08, 1.71764639845e-07, 7.3502945952e-08, 4.26993622682e-08, 3.60023904022e-08, 3.66810115615e-09, 1.21424384436e-10, 1.10057893788e-12, 7.0014740533e-14, 5.87029882169e-14, 2.79737686559e-16, 2.5176096007e-18]
    mfcc:
        mean: [-758.413330078, 146.071228027, -61.9630584717, 67.2668151855, -14.6299743652, -12.9310731888, -14.2860822678, -14.1179380417, -8.15152359009, -13.6194677353, -10.4817991257, -9.50389480591, -7.36534309387]
        cov: [[2615.39648438, -268.727996826, -408.125610352, -237.649124146, -152.181411743, -88.4557342529, -128.909164429, 49.313533783, 134.997314453, 12.5223646164, -53.9835395813, -106.205795288, -39.83984375], [-268.727996826, 700.274230957, -191.115707397, 83.5814590454, 78.7416763306, -63.2153739929, 34.5113639832, 72.3871688843, -57.1077766418, -21.1577854156, 65.4988861084, 7.35044336319, -29.531003952], [-408.125610352, -191.115707397, 673.264160156, -37.4814033508, -0.970845282078, 86.3715438843, 33.7699394226, -26.2565689087, 3.9595746994, 59.1906051636, 7.67163133621, 32.0065078735, -2.39874053001], [-237.649124146, 83.5814590454, -37.4814033508, 146.388778687, 65.6899261475, 15.1095972061, 37.2794952393, 6.31076622009, -23.1985816956, -8.92144584656, 9.55436992645, 3.94185352325, 10.9576244354], [-152.181411743, 78.7416763306, -0.970845282078, 65.6899261475, 129.055908203, 10.4740352631, 34.8591308594, -0.114949733019, -43.4422035217, -6.91835641861, 21.7490558624, 10.509809494, 19.8371143341], [-88.4557342529, -63.2153739929, 86.3715438843, 15.1095972061, 10.4740352631, 84.3059463501, 24.7485923767, -10.9901847839, -4.08188915253, -4.70275402069, 6.85843658447, 27.1167125702, 8.03485965729], [-128.909164429, 34.5113639832, 33.7699394226, 37.2794952393, 34.8591308594, 24.7485923767, 77.7198562622, 18.7640094757, -7.43299150467, 7.55182170868, 14.6529932022, 23.452507019, 9.57876014709], [49.313533783, 72.3871688843, -26.2565689087, 6.31076622009, -0.114949733019, -10.9901847839, 18.7640094757, 65.3320388794, 20.2262363434, 14.0987052917, 10.6172533035, -1.39526998997, -9.01125621796], [134.997314453, -57.1077766418, 3.9595746994, -23.1985816956, -43.4422035217, -4.08188915253, -7.43299150467, 20.2262363434, 100.254951477, 35.315662384, -9.99019622803, -11.1354646683, -8.2562789917], [12.5223646164, -21.1577854156, 59.1906051636, -8.92144584656, -6.91835641861, -4.70275402069, 7.55182170868, 14.0987052917, 35.315662384, 67.4845581055, 15.4502716064, -0.638949394226, -3.03272223473], [-53.9835395813, 65.4988861084, 7.67163133621, 9.55436992645, 21.7490558624, 6.85843658447, 14.6529932022, 10.6172533035, -9.99019622803, 15.4502716064, 69.6728744507, 35.4628334045, 0.873180091381], [-106.205795288, 7.35044336319, 32.0065078735, 3.94185352325, 10.509809494, 27.1167125702, 23.452507019, -1.39526998997, -11.1354646683, -0.638949394226, 35.4628334045, 70.7313690186, 20.4069290161], [-39.83984375, -29.531003952, -2.39874053001, 10.9576244354, 19.8371143341, 8.03485965729, 9.57876014709, -9.01125621796, -8.2562789917, -3.03272223473, 0.873180091381, 20.4069290161, 49.1633453369]]
        icov: [[0.000626128457952, 0.000308640475851, 0.000464078766527, 0.000915510696359, -0.0001150459575, -0.000131684500957, 0.000325752160279, -0.000664452847559, -0.000328961701598, 2.49731856456e-05, -0.00029478102806, 0.0006703233812, 6.73466711305e-05], [0.000308640475851, 0.00255861389451, 0.000547324540094, -0.000332508992869, -0.00075193180237, 0.0016464717919, -0.000192169289221, -0.00238830014132, 0.000821779132821, 0.000837736821268, -0.0017926528817, -1.95619668375e-06, 0.00174414203502], [0.000464078766527, 0.000547324540094, 0.00247916020453, 0.00136689643841, -0.00036573401303, -0.00194687757175, -0.000333956937538, 9.23117913771e-05, 0.000592129712459, -0.00241624331102, 0.000389353197534, -6.89311273163e-05, 0.00104096287396], [0.000915510696359, -0.000332508992869, 0.00136689643841, 0.0114388363436, -0.00390978204086, -0.00235001696274, -0.00256660883315, -0.00043630192522, -0.00055167498067, 0.000154877823661, -9.35783027671e-05, 0.00265291077085, -0.000741530966479], [-0.0001150459575, -0.00075193180237, -0.00036573401303, -0.00390978204086, 0.013301438652, -0.000335345423082, -0.00321399024688, 0.000836654216982, 0.00394109124318, -0.000382657075534, -0.00328870979138, 0.0031884976197, -0.0048508499749], [-0.000131684500957, 0.0016464717919, -0.00194687757175, -0.00235001696274, -0.000335345423082, 0.0186900161207, -0.00423987302929, 0.00185413088184, -0.00142422516365, 0.00421573407948, -0.000638831988908, -0.00542749650776, 0.00184284290299], [0.000325752160279, -0.000192169289221, -0.000333956937538, -0.00256660883315, -0.00321399024688, -0.00423987302929, 0.0207968708128, -0.00681257480755, 0.000771182880271, -0.00265736039728, 0.00210688542575, -0.00489629199728, -0.000646061205771], [-0.000664452847559, -0.00238830014132, 9.23117913771e-05, -0.00043630192522, 0.000836654216982, 0.00185413088184, -0.00681257480755, 0.0231008026749, -0.00455534318462, -0.00185323716141, -0.00122781458776, 0.000410880165873, 0.00202157138847], [-0.000328961701598, 0.000821779132821, 0.000592129712459, -0.00055167498067, 0.00394109124318, -0.00142422516365, 0.000771182880271, -0.00455534318462, 0.0166048817337, -0.00840451009572, 0.00272636744194, -0.0001190546609, 0.00030733764288], [2.49731856456e-05, 0.000837736821268, -0.00241624331102, 0.000154877823661, -0.000382657075534, 0.00421573407948, -0.00265736039728, -0.00185323716141, -0.00840451009572, 0.0244965087622, -0.00859262980521, 0.00391897605732, -0.00135989359114], [-0.00029478102806, -0.0017926528817, 0.000389353197534, -9.35783027671e-05, -0.00328870979138, -0.000638831988908, 0.00210688542575, -0.00122781458776, 0.00272636744194, -0.00859262980521, 0.0263529550284, -0.014749629423, 0.00510210962966], [0.0006703233812, -1.95619668375e-06, -6.89311273163e-05, 0.00265291077085, 0.0031884976197, -0.00542749650776, -0.00489629199728, 0.000410880165873, -0.0001190546609, 0.00391897605732, -0.014749629423, 0.0288242064416, -0.0109036080539], [6.73466711305e-05, 0.00174414203502, 0.00104096287396, -0.000741530966479, -0.0048508499749, 0.00184284290299, -0.000646061205771, 0.00202157138847, 0.00030733764288, -0.00135989359114, 0.00510210962966, -0.0109036080539, 0.0282141976058]]
    spectral_contrast:
        mean: [-2.57665902836e-07, 2.37862366248e-07, -2.2875610739e-07, 5.58966029018e-08, 2.56682852751e-07, 6.28021837201e-07, 2.22220455726e-06, -7.93348874595e-07, 2.19185039896e-06, -8.80039465301e-07, 4.84342945128e-06, -3.30612624566e-06]
        var: [0.000462702359073, 0.000609930953942, 0.00164484372362, 0.00190383172594, 0.0046557742171, 0.00885777268559, 0.0392431914806, 0.0691776201129, 0.10957249254, 0.239791125059, 0.426894307137, 1.62061715126]

rhythm:
    beats_loudness:
        dmean: 0.00290261348709
        dmean2: 0.00398429296911
        dvar: 4.10209622714e-06
        dvar2: 1.14212407425e-05
        max: 0.0117754759267
        mean: 0.0043805334717
        min: 0.000649015943054
        var: 9.49596596911e-06
    beats_loudness_bass:
        dmean: 0.0665949732065
        dmean2: 0.123917914927
        dvar: 0.00275892345235
        dvar2: 0.00769089069217
        max: 0.230659425259
        mean: 0.0645448789001
        min: 0.00628337915987
        var: 0.00296331732534
    bpm: 111.362297058
    bpm_confidence: 0
    first_peak_bpm: 111
    first_peak_spread: 0
    first_peak_weight: 0.47619047761
    onset_rate: 3.98763012886
    second_peak_bpm: 157
    second_peak_spread: 0
    second_peak_weight: 0.47619047761
    beats_position: [0.237356126308, 0.776157617569, 1.31495904922, 1.85376060009, 2.39256191254, 2.93136334419, 3.47016477585, 4.00896596909, 4.54776763916, 5.0865688324, 5.62537002563, 5.98848152161, 6.37092018127, 6.75335884094, 7.13579797745, 7.51823663712, 7.90067529678, 8.28311347961, 8.66555213928, 9.04799175262, 9.43043041229, 9.81286811829]
    bpm_estimates: [110.280143738, 111.770889282, 112.028060913, 111.370079041]
    bpm_intervals: [0.538801491261, 0.538801431656, 0.538801550865, 0.538801312447, 0.538801431656, 0.538801431656, 0.538801193237, 0.538801670074, 0.538801193237, 0.538801193237, 0.363111495972, 0.382438659668, 0.382438659668, 0.382439136505, 0.382438659668, 0.382438659668, 0.382438182831, 0.382438659668, 0.382439613342, 0.382438659668, 0.382437705994]
    onset_times: [0.0348299331963, 0.197369620204, 0.383129239082, 0.731428563595, 0.952018141747, 1.13777780533, 1.28870749474, 1.54412698746, 1.68344676495, 1.8575963974, 2.20589566231, 2.55419492722, 2.73995471001, 3.09986400604, 3.28562355042, 3.62231302261, 4.00544214249, 4.17959165573, 4.5046710968, 4.72526073456, 5.07356023788, 5.25931978226, 5.5727891922, 5.9675283432, 6.35065746307, 6.53641700745, 6.73378705978, 6.9543762207, 7.12852621078, 7.45360565186, 7.7670750618, 7.98766422272, 8.2198638916, 8.40562343597, 8.55655288696, 8.92807292938, 9.41569137573, 9.64789104462, 9.8800907135, 9.99619007111]
    rubato_start: [5.98848152161]
    rubato_stop: [6.37092018127]
    perceptual_tempo: "unknown"

sfx:
    inharmonicity:
        dmean: 0.0397490188479
        dmean2: 0.069229029119
        dvar: 0.00276225898415
        dvar2: 0.00735204992816
        max: 0.392305403948
        mean: 0.039445001632
        min: 0
        var: 0.00278336112387
    oddtoevenharmonicenergyratio:
        dmean: 3.58659005165
        dmean2: 6.94345235825
        dvar: 187.165802002
        dvar2: 576.403991699
        max: 123.233276367
        mean: 2.24295067787
        min: 0
        var: 97.9784088135
    pitch_after_max_to_before_max_energy_ratio: 7.66158771515
    pitch_centroid: 198.573654175
    pitch_max_to_total: 0.0462962947786
    pitch_min_to_total: 0.224537029862
    tristimulus:
        dmean: [0.211733490229, 0.213463276625, 0.0908501818776]
        dmean2: [0.360419511795, 0.363698959351, 0.157705321908]
        dvar: [0.0353014878929, 0.0341898985207, 0.0088060060516]
        dvar2: [0.0909196808934, 0.0924346372485, 0.0233291871846]
        max: [1, 0.958967864513, 0.605765163898]
        mean: [0.439080059528, 0.435478627682, 0.110000103712]
        min: [0.00430437922478, 0, 0]
        var: [0.0654687732458, 0.0557847693563, 0.0121381022036]

tonal:
    chords_changes_rate: 0.00921658985317
    chords_number_rate: 0.00921658985317
    chords_strength:
        dmean: 0.00961567088962
        dmean2: 0.00871298927814
        dvar: 5.64554538869e-05
        dvar2: 5.42393681826e-05
        max: 0.73767721653
        mean: 0.633371531963
        min: 0.517297446728
        var: 0.002379570622
    key_strength: 0.894672691822
    tuning_diatonic_strength: 0.694991111755
    tuning_equal_tempered_deviation: 0.0659528523684
    tuning_frequency: 440.763122559
    tuning_nontempered_energy_ratio: 0.701282739639
    hpcp:
        dmean: [0.09682546556, 0.0821611359715, 0.060614593327, 0.0718224570155, 0.0761947110295, 0.0991434082389, 0.142362549901, 0.193789929152, 0.262820184231, 0.188197076321, 0.137742415071, 0.0821119248867, 0.0532778799534, 0.0481171756983, 0.0865718498826, 0.128498092294, 0.124679654837, 0.0861081629992, 0.0550695136189, 0.0658312737942, 0.146410316229, 0.193440467119, 0.15782135725, 0.105532594025, 0.118233524263, 0.104033961892, 0.0821765959263, 0.0818203613162, 0.107753224671, 0.19615663588, 0.208644554019, 0.163688629866, 0.104057118297, 0.0718706771731, 0.0581700541079, 0.0703111737967]
        dmean2: [0.167621552944, 0.145138323307, 0.107078097761, 0.126607745886, 0.135314315557, 0.174911424518, 0.23180256784, 0.31734931469, 0.446384012699, 0.297686815262, 0.225766614079, 0.145984396338, 0.0915344208479, 0.0833008959889, 0.14188888669, 0.211142972112, 0.220644533634, 0.150071188807, 0.0916670635343, 0.116034656763, 0.243834227324, 0.311944395304, 0.254590064287, 0.174501314759, 0.203831940889, 0.17996044457, 0.148815095425, 0.14680723846, 0.192378789186, 0.330122947693, 0.362675398588, 0.27423787117, 0.18716108799, 0.11861474812, 0.0957035943866, 0.117244534194]
        dvar: [0.0280966870487, 0.0173930488527, 0.0087982127443, 0.0168474782258, 0.016161551699, 0.0222858358175, 0.0461347438395, 0.0551061555743, 0.0828584209085, 0.0417182445526, 0.0428686365485, 0.0203714482486, 0.00768082682043, 0.00751170935109, 0.0132863437757, 0.0402174331248, 0.0388891883194, 0.0217306595296, 0.0137537037954, 0.0117167020217, 0.0322035253048, 0.0502765625715, 0.030331492424, 0.0213273540139, 0.0406478233635, 0.0349159985781, 0.0311867166311, 0.0301097594202, 0.0325972437859, 0.0429919101298, 0.0608003549278, 0.0318317562342, 0.0271700546145, 0.0141986263916, 0.00801937095821, 0.012358462438]
        dvar2: [0.0776588320732, 0.0511768944561, 0.0240351017565, 0.0443854480982, 0.0450443327427, 0.0599606595933, 0.119421251118, 0.126396477222, 0.201061427593, 0.0925971716642, 0.0942956581712, 0.0566713660955, 0.0186151564121, 0.018846385181, 0.0285783149302, 0.0758751556277, 0.0947575345635, 0.0565714463592, 0.0286902841181, 0.0307775493711, 0.081584841013, 0.0967947915196, 0.0661477521062, 0.0511754415929, 0.0926071628928, 0.0945702344179, 0.0835704803467, 0.0755103155971, 0.0920826047659, 0.108162239194, 0.131591275334, 0.0930804610252, 0.0761675983667, 0.033662289381, 0.0221359357238, 0.0327541381121]
        max: [1, 0.725549757481, 0.672039926052, 1, 1, 1, 1, 1, 1, 1, 1, 0.979951560497, 0.611538052559, 0.575276434422, 0.755473077297, 1, 1, 0.832202792168, 1, 0.652692198753, 1, 1, 1, 1, 1, 1, 1, 1, 1, 1, 1, 1, 1, 1, 0.796377778053, 0.770007789135]
        mean: [0.119176454842, 0.0953116863966, 0.0809516385198, 0.0925197303295, 0.0836085304618, 0.109331004322, 0.154784083366, 0.221065014601, 0.30891007185, 0.318912982941, 0.204741999507, 0.087334856391, 0.0565031729639, 0.0533138625324, 0.120030865073, 0.222140133381, 0.180440932512, 0.0943992510438, 0.0683680847287, 0.0655854195356, 0.196207568049, 0.330626606941, 0.237506389618, 0.135105505586, 0.146883323789, 0.111397311091, 0.0804069638252, 0.0843952074647, 0.0929263755679, 0.312120229006, 0.499507725239, 0.294123798609, 0.110940203071, 0.0952042788267, 0.0663984939456, 0.085405997932]
        min: [0.00303339306265, 0.00151707185432, 0.000909197435249, 0.000916928867809, 0.00102855835576, 0.00121333240531, 0.00150850403588, 0.00208825734444, 0.00834475364536, 0.00746097834781, 0.000667752581649, 0.00114776205737, 0.000625565240625, 0.000674492155667, 0.00136840878986, 0.000740611227229, 0.000755080662202, 0.000839272455778, 0.000313197000651, 0.000245774310315, 0.00281150219962, 0.00361248594709, 0.00259421439841, 0.00160624762066, 0.00105085293762, 0.00152743712533, 0.00015837950923, 0.000243864138611, 0.00145165272988, 0.0019934240263, 0.00589361647144, 0.00649193348363, 0.00067774503259, 0.000494058826007, 0.000342318613548, 0.00233764061704]
        var: [0.0310695320368, 0.0138412890956, 0.0111136166379, 0.0249191522598, 0.0158002283424, 0.0198370236903, 0.0517709963024, 0.0733738318086, 0.110481344163, 0.0983765125275, 0.0794867426157, 0.0174654237926, 0.00799154303968, 0.00700576463714, 0.0209621116519, 0.0891212895513, 0.066317088902, 0.0245581064373, 0.0220410972834, 0.0126892356202, 0.0468792244792, 0.102740652859, 0.0588487498462, 0.0293083935976, 0.0656715109944, 0.0400192700326, 0.0246660113335, 0.0246831197292, 0.024024207145, 0.0725536644459, 0.138065159321, 0.053811095655, 0.0265759415925, 0.0284858103842, 0.0109316213056, 0.0157340411097]
    chords_histogram: [98.6175079346, 0, 0, 0, 0, 0, 0, 0, 0, 0, 0, 0, 0, 0, 0, 0, 0, 1.38248848915, 0, 0, 0, 0, 0, 0]
    thpcp: [1, 0.588827311993, 0.222099080682, 0.190596207976, 0.13292786479, 0.170980334282, 0.238587811589, 0.190811231732, 0.162062838674, 0.18522182107, 0.167381852865, 0.218877509236, 0.309873253107, 0.442565768957, 0.618429005146, 0.638454556465, 0.409887552261, 0.174841850996, 0.113117717206, 0.106732808053, 0.240298315883, 0.444718122482, 0.36123752594, 0.188984572887, 0.136870920658, 0.131300106645, 0.392801880836, 0.661904871464, 0.475480914116, 0.270477294922, 0.294056147337, 0.223014190793, 0.160972416401, 0.168956756592, 0.186035916209, 0.62485563755]
    chords_key: "C"
    chords_scale: "major"
    key_key: "C"
    key_scale: "major"
    chords_progression: ["C", "C", "C", "C", "C", "C", "Cm", "Cm", "Cm", "C", "C", "C", "C", "C", "C", "C", "C", "C", "C", "C", "C", "C", "C", "C", "C", "C", "C", "C", "C", "C", "C", "C", "C", "C", "C", "C", "C", "C", "C", "C", "C", "C", "C", "C", "C", "C", "C", "C", "C", "C", "C", "C", "C", "C", "C", "C", "C", "C", "C", "C", "C", "C", "C", "C", "C", "C", "C", "C", "C", "C", "C", "C", "C", "C", "C", "C", "C", "C", "C", "C", "C", "C", "C", "C", "C", "C", "C", "C", "C", "C", "C", "C", "C", "C", "C", "C", "C", "C", "C", "C", "C", "C", "C", "C", "C", "C", "C", "C", "C", "C", "C", "C", "C", "C", "C", "C", "C", "C", "C", "C", "C", "C", "C", "C", "C", "C", "C", "C", "C", "C", "C", "C", "C", "C", "C", "C", "C", "C", "C", "C", "C", "C", "C", "C", "C", "C", "C", "C", "C", "C", "C", "C", "C", "C", "C", "C", "C", "C", "C", "C", "C", "C", "C", "C", "C", "C", "C", "C", "C", "C", "C", "C", "C", "C", "C", "C", "C", "C", "C", "C", "C", "C", "C", "C", "C", "C", "C", "C", "C", "C", "C", "C", "C", "C", "C", "C", "C", "C", "C", "C", "C", "C", "C", "C", "C", "C", "C", "C", "C", "C", "C", "C", "C", "C", "C", "C", "C"]
