
metadata:
    version:
        essentia: "1.2.2"
    audio_properties:
        analysis_sample_rate: 44100
        bitrate: 128
        channels: 2
        equal_loudness: 1
        length: 9.92653083801
        replay_gain: -13.7961387634
        downmix: "mix"
    tags:
        track: 2
        year: 0
        album: "Splitted by Mp3Splt v. 2.1"
        artist: "From 000.10 To 000.20"
        comment: "http://mp3splt.sf.net"
        genre: ""
        title: "08 Insect Royalty.mp3"

highlevel:
    ballroom:
        all:
            ChaChaCha: 0.318575561047
            Jive: 0.14830301702
            Quickstep: 0.00688142795116
            Rumba-American: 0.00184221228119
            Rumba-International: 0.00263797142543
            Rumba-Misc: 0.00233286758885
            Samba: 0.517624914646
            Tango: 0.00036286591785
            VienneseWaltz: 0.000685640261509
            Waltz: 0.000753501371946
        probability: 0.517624914646
        value: "Samba"
    culture:
        all:
            non_western: 0.950875282288
            western: 0.0491246916354
        probability: 0.950875282288
        value: "non_western"
    gender:
        all:
            female: 0.908949613571
            male: 0.0910503938794
        probability: 0.908949613571
        value: "female"
    genre_dortmund:
        all:
            alternative: 0.0348556265235
            blues: 0.135006561875
            electronic: 0.145674049854
            folkcountry: 0.0415579266846
            funksoulrnb: 0.015883365646
            jazz: 0.404786288738
            pop: 0.0231072641909
            raphiphop: 0.0670778751373
            rock: 0.132051050663
        probability: 0.404786288738
        value: "jazz"
    genre_electronica:
        all:
            ambient: 0.0750112980604
            dnb: 0.607393026352
            house: 0.106108143926
            techno: 0.103389777243
            trance: 0.108097761869
        probability: 0.607393026352
        value: "dnb"
    genre_rosamerica:
        all:
            cla: 0.0158051550388
            dan: 0.794428169727
            hip: 0.0560644045472
            jaz: 0.0103271501139
            pop: 0.0653067007661
            rhy: 0.033001165837
            roc: 0.0190426260233
            spe: 0.00602462282404
        probability: 0.794428169727
        value: "dan"
    genre_tzanetakis:
        all:
            blu: 0.0067572039552
            cla: 0.0047097671777
            cou: 0.00693328492343
            dis: 0.0665829256177
            hip: 0.147088244557
            jaz: 0.0102442810312
            met: 0.0595768615603
            pop: 0.616017639637
            reg: 0.0482017248869
            roc: 0.033888053149
        probability: 0.616017639637
        value: "pop"
    live_studio:
        all:
            live: 0.574244260788
            studio: 0.42575570941
        probability: 0.574244260788
        value: "live"
    mood:
        all:
            Cluster1: 0.516955554485
            Cluster2: 0.129712849855
            Cluster3: 0.0310988631099
            Cluster4: 0.127563536167
            Cluster5: 0.194669216871
        probability: 0.516955554485
        value: "Cluster1"
    mood_acoustic:
        all:
            acoustic: 0.0606158860028
            not_acoustic: 0.939384102821
        probability: 0.939384102821
        value: "not_acoustic"
    mood_aggressive:
        all:
            aggressive: 0.650504291058
            not_aggressive: 0.34949567914
        probability: 0.650504291058
        value: "aggressive"
    mood_electronic:
        all:
            electronic: 0.940032303333
            not_electronic: 0.0599676780403
        probability: 0.940032303333
        value: "electronic"
    mood_happy:
        all:
            happy: 0.193574652076
            not_happy: 0.806425333023
        probability: 0.806425333023
        value: "not_happy"
    mood_party:
        all:
            not_party: 0.182622164488
            party: 0.817377865314
        probability: 0.817377865314
        value: "party"
    mood_relaxed:
        all:
            not_relaxed: 0.911172866821
            relaxed: 0.0888271555305
        probability: 0.911172866821
        value: "not_relaxed"
    mood_sad:
        all:
            not_sad: 0.815562725067
            sad: 0.184437274933
        probability: 0.815562725067
        value: "not_sad"
    rhythm:
        all:
            fast: 0.652533352375
            medium: 0.327313810587
            slow: 0.020152837038
        probability: 0.652533352375
        value: "fast"
    speech_music:
        all:
            music: 0.999954164028
            speech: 4.58306203655e-05
        probability: 0.999954164028
        value: "music"
    timbre:
        all:
            bright: 0.570075273514
            dark: 0.429924696684
        probability: 0.570075273514
        value: "bright"
    voice_instrumental:
        all:
            instrumental: 0.952037274837
            voice: 0.0479627065361
        probability: 0.952037274837
        value: "instrumental"

lowlevel:
    average_loudness: 0.980286955833
    barkbands_kurtosis:
        dmean: 2.53870201111
        dmean2: 4.56225776672
        dvar: 50.442905426
        dvar2: 136.936935425
        max: 61.5085296631
        mean: 0.436887353659
        min: -1.94831120968
        var: 35.8457298279
    barkbands_skewness:
        dmean: 0.728945851326
        dmean2: 1.16307234764
        dvar: 0.928380012512
        dvar2: 2.24681615829
        max: 7.37297868729
        mean: 0.321833252907
        min: -2.59899926186
        var: 1.63263440132
    barkbands_spread:
        dmean: 7.72096729279
        dmean2: 12.5360145569
        dvar: 71.9319229126
        dvar2: 173.472671509
        max: 68.8185882568
        mean: 36.3712005615
        min: 2.93175649643
        var: 157.412567139
    dissonance:
        dmean: 0.0151998121291
        dmean2: 0.0263634249568
        dvar: 0.000322727486491
        dvar2: 0.000750769977458
        max: 0.49943870306
        mean: 0.476429462433
        min: 0.310117036104
        var: 0.000390572939068
    hfc:
        dmean: 1.49990868568
        dmean2: 2.33795213699
        dvar: 6.0284318924
        dvar2: 13.8168087006
        max: 19.0610141754
        mean: 3.33391857147
        min: 0.0408140234649
        var: 9.49592876434
    pitch:
        dmean: 579.330993652
        dmean2: 1090.53662109
        dvar: 1050926.5
        dvar2: 2837328
        max: 4410
        mean: 824.873046875
        min: 93.829788208
        var: 1278957.25
    pitch_instantaneous_confidence:
        dmean: 0.101867720485
        dmean2: 0.158739820123
        dvar: 0.00819404050708
        dvar2: 0.0166138727218
        max: 0.920339584351
        mean: 0.42262545228
        min: 0.141735255718
        var: 0.0297151636332
    pitch_salience:
        dmean: 0.082952439785
        dmean2: 0.134990215302
        dvar: 0.00536800455302
        dvar2: 0.0141757130623
        max: 0.873086214066
        mean: 0.584079325199
        min: 0.280962526798
        var: 0.0134041532874
    silence_rate_20dB:
        dmean: 0
        dmean2: 0
        dvar: 0
        dvar2: 0
        max: 1
        mean: 1
        min: 1
        var: 0
    silence_rate_30dB:
        dmean: 0
        dmean2: 0
        dvar: 0
        dvar2: 0
        max: 1
        mean: 1
        min: 1
        var: 0
    silence_rate_60dB:
        dmean: 0.163551405072
        dmean2: 0.327868849039
        dvar: 0.136802017689
        dvar2: 0.225054681301
        max: 1
        mean: 0.741258740425
        min: 0
        var: 0.191794708371
    spectral_centroid:
        dmean: 379.651794434
        dmean2: 595.116882324
        dvar: 126573.242188
        dvar2: 274152.90625
        max: 3520.93237305
        mean: 1602.60595703
        min: 232.468093872
        var: 464198.5
    spectral_complexity:
        dmean: 2.41217803955
        dmean2: 3.98591542244
        dvar: 10.2890987396
        dvar2: 22.9153270721
        max: 29
        mean: 5.6144862175
        min: 0
        var: 20.0125713348
    spectral_crest:
        dmean: 2.69576740265
        dmean2: 4.375852108
        dvar: 7.33925962448
        dvar2: 19.5642738342
        max: 21.6880664825
        mean: 8.02585983276
        min: 2.57272338867
        var: 12.5166921616
    spectral_decrease:
        dmean: 5.2266052597e-10
        dmean2: 8.974325727e-10
        dvar: 1.19312645292e-18
        dvar2: 3.29494017364e-18
        max: -3.90611371373e-12
        mean: -6.28173513206e-10
        min: -5.5861284487e-09
        var: 8.49049665286e-19
    spectral_energy:
        dmean: 0.00209595472552
        dmean2: 0.00356596382335
        dvar: 1.82132880582e-05
        dvar2: 5.01968061144e-05
        max: 0.0215404704213
        mean: 0.0026732692495
        min: 2.05370997719e-05
        var: 1.33163339342e-05
    spectral_energyband_high:
        dmean: 0.000108010579424
        dmean2: 0.000155231216922
        dvar: 2.99316660346e-08
        dvar2: 5.52697976275e-08
        max: 0.00177272828296
        mean: 0.000232353195315
        min: 1.57740453233e-06
        var: 7.79261384309e-08
    spectral_energyband_low:
        dmean: 0.000209666934097
        dmean2: 0.000364690087736
        dvar: 1.19713931213e-07
        dvar2: 4.11510256981e-07
        max: 0.00302818696946
        mean: 0.000291955424473
        min: 5.40722169262e-08
        var: 1.49188295495e-07
    spectral_energyband_middle_high:
        dmean: 0.000300046493066
        dmean2: 0.000470002705697
        dvar: 2.26316032581e-07
        dvar2: 5.09746712396e-07
        max: 0.0043036066927
        mean: 0.000783993804362
        min: 1.44983405335e-05
        var: 4.6055768621e-07
    spectral_energyband_middle_low:
        dmean: 0.00174266716931
        dmean2: 0.00311108632013
        dvar: 1.64805242093e-05
        dvar2: 4.55893605249e-05
        max: 0.0208844132721
        mean: 0.0013649383327
        min: 3.08061231635e-07
        var: 1.07420564746e-05
    spectral_flatness_db:
        dmean: 0.0260662995279
        dmean2: 0.0425433889031
        dvar: 0.000899108825251
        dvar2: 0.00234250887297
        max: 0.350158900023
        mean: 0.142836049199
        min: 0.0542963854969
        var: 0.00203717802651
    spectral_flux:
        dmean: 0.0138196516782
        dmean2: 0.0224447026849
        dvar: 0.000512315076776
        dvar2: 0.000934613286518
        max: 0.136649891734
        mean: 0.034111391753
        min: 0.0045317877084
        var: 0.000691333960276
    spectral_kurtosis:
        dmean: 1.06547427177
        dmean2: 1.71896839142
        dvar: 1.78432631493
        dvar2: 4.32502174377
        max: 13.2338294983
        mean: 3.34658408165
        min: 0.103345155716
        var: 3.71835517883
    spectral_rms:
        dmean: 0.000478941190522
        dmean2: 0.000753610860556
        dvar: 5.72277940591e-07
        dvar2: 1.4840543372e-06
        max: 0.00458422210068
        mean: 0.00140817835927
        min: 0.000141549273394
        var: 6.25099346507e-07
    spectral_rolloff:
        dmean: 735.961120605
        dmean2: 1276.06933594
        dvar: 859434.4375
        dvar2: 2035736.5
        max: 5038.76953125
        mean: 3180.01879883
        min: 129.19921875
        var: 1355449.25
    spectral_skewness:
        dmean: 0.193177804351
        dmean2: 0.29898840189
        dvar: 0.0393481478095
        dvar2: 0.0877017602324
        max: 2.77613735199
        mean: 1.36078298092
        min: 0.663696229458
        var: 0.108311712742
    spectral_spread:
        dmean: 841112.875
        dmean2: 1308254.375
        dvar: 1.3324854231e+12
        dvar2: 3.37173099315e+12
        max: 16325869
        mean: 5435956
        min: 2258490
        var: 2.03331810099e+12
    spectral_strongpeak:
        dmean: 0.312518596649
        dmean2: 0.541341781616
        dvar: 0.327080905437
        dvar2: 0.741225481033
        max: 5.78161764145
        mean: 0.429453402758
        min: 0.00589660648257
        var: 0.555279254913
    zerocrossingrate:
        dmean: 0.0124803315848
        dmean2: 0.014730963856
        dvar: 0.000118933065096
        dvar2: 0.000153106069774
        max: 0.17431640625
        mean: 0.0951121672988
        min: 0.02197265625
        var: 0.000779387250077
    barkbands:
        dmean: [9.33164699291e-07, 5.27515585418e-05, 0.000186693898286, 0.000538278662134, 0.00110326719005, 0.000106385377876, 3.26784102072e-05, 3.00680367218e-05, 2.09165100387e-05, 3.272529284e-05, 1.5714633264e-05, 1.26729210024e-05, 1.07686819319e-05, 5.80607229494e-05, 3.88974294765e-05, 4.43042263214e-05, 5.98728838668e-05, 6.51019072393e-05, 8.28995471238e-05, 7.89723781054e-05, 6.76838026266e-05, 1.45540498124e-05, 3.60927992915e-06, 1.92728271031e-06, 9.98855398393e-07, 9.54170857881e-08, 1.16654141902e-09]
        dmean2: [1.62041590102e-06, 8.33829835756e-05, 0.000335273856763, 0.000996772083454, 0.00204740720801, 0.000188032703591, 5.967904508e-05, 5.35466897418e-05, 3.52669485437e-05, 5.20762732776e-05, 2.68102685368e-05, 2.13089788303e-05, 1.76888879651e-05, 8.1990918261e-05, 6.61147132632e-05, 7.33796259738e-05, 9.33059127419e-05, 0.000107786610897, 0.000136973016197, 0.000124659549328, 9.78318712441e-05, 2.27716191148e-05, 5.5305404203e-06, 2.76448918157e-06, 1.4520685454e-06, 1.60123420301e-07, 1.92311500058e-09]
        dvar: [1.26513383103e-12, 5.81416470524e-09, 1.18513668212e-07, 2.23756273954e-06, 7.41396252124e-06, 7.61550893458e-08, 1.12953264519e-08, 5.94333915416e-09, 1.38645983583e-09, 3.88070997559e-09, 4.19575291177e-10, 3.62952390365e-10, 3.4082109357e-10, 5.55019097348e-09, 4.57213999994e-09, 5.58763213476e-09, 7.37206873325e-09, 1.4831459616e-08, 3.02150979792e-08, 2.4011781008e-08, 9.61648538578e-09, 6.63220145469e-10, 5.70528173316e-11, 1.07978305117e-11, 3.29848019558e-12, 4.96247160931e-14, 1.00460291301e-17]
        dvar2: [3.79171563938e-12, 1.37962823388e-08, 4.0361899778e-07, 6.25605571258e-06, 2.0731575205e-05, 1.974623558e-07, 3.23519699919e-08, 1.7059102575e-08, 3.45597683804e-09, 7.55899964844e-09, 1.15128151457e-09, 9.84433423667e-10, 8.99082697181e-10, 7.85091636146e-09, 1.42817313531e-08, 1.36169280296e-08, 1.76267711538e-08, 3.97246324724e-08, 8.06984061796e-08, 4.61302107624e-08, 1.58276609596e-08, 1.27094823554e-09, 1.14985278243e-10, 1.92599009657e-11, 5.87496717941e-12, 1.32223117004e-13, 2.68057390075e-17]
        max: [9.69022130448e-06, 0.000585456378758, 0.00295840320177, 0.00877140183002, 0.0158755462617, 0.00258909747936, 0.000932862923946, 0.000625300919637, 0.000213448191062, 0.000601098290645, 0.000135091599077, 0.000163850214449, 0.000179550159373, 0.000436433532741, 0.00058962701587, 0.000680310884491, 0.00102321675513, 0.00116029963829, 0.00165406335145, 0.00141825212631, 0.00140112556983, 0.000212843267946, 6.40984217171e-05, 3.11854128086e-05, 1.95758602786e-05, 1.82573694474e-06, 3.24718136824e-08]
        mean: [1.09623272238e-06, 8.29006967251e-05, 0.00020798825426, 0.000382432248443, 0.000798681692686, 0.000101609388366, 2.60640008491e-05, 2.92191907647e-05, 2.51710007433e-05, 6.65864281473e-05, 2.34551116591e-05, 2.14617957681e-05, 1.92517545656e-05, 9.04018961592e-05, 6.64258623146e-05, 7.82519127824e-05, 0.000115147842735, 0.000111182365799, 0.000123690246255, 0.000137453127536, 0.000130013868329, 2.43592839979e-05, 5.329405667e-06, 3.21953370985e-06, 1.77332594831e-06, 1.02922101064e-07, 1.32451749568e-09]
        min: [4.33652364018e-10, 5.88689630376e-09, 4.79297135314e-08, 4.89343037202e-08, 2.34333459304e-08, 4.93362506404e-09, 7.72343700106e-09, 2.96571975866e-08, 2.7940576075e-08, 2.27320100521e-08, 1.4977754148e-08, 1.70163154678e-08, 2.59259262947e-08, 3.92372356828e-08, 1.12732521984e-07, 2.71723138212e-07, 3.44770853644e-07, 5.74240630158e-07, 4.55113706721e-07, 2.29557386433e-07, 9.65745584836e-07, 8.1622658854e-08, 2.68553215221e-08, 2.03358148099e-08, 1.35996769401e-08, 2.73193856426e-10, 2.23494161546e-12]
        var: [1.97372608708e-12, 9.63516111341e-09, 1.24546673419e-07, 1.36680228024e-06, 4.55513236375e-06, 7.089381171e-08, 6.83693857084e-09, 3.96616339771e-09, 1.60210555933e-09, 1.40727962616e-08, 6.17981332773e-10, 6.73493372183e-10, 5.80192061062e-10, 1.1723357396e-08, 9.91977877618e-09, 1.01424664223e-08, 2.29280221475e-08, 1.6718685103e-08, 3.04885858782e-08, 4.81733728463e-08, 2.56258587683e-08, 1.06711994796e-09, 8.02436936342e-11, 1.88718346505e-11, 6.04689562311e-12, 4.08362817032e-14, 8.22404388978e-18]
    mfcc:
        mean: [-762.385742188, 87.6901779175, -38.1512069702, 61.6277732849, 2.5968310833, 8.36838150024, 7.91738700867, -2.03996157646, 8.33068847656, -6.16758680344, -10.3445682526, -7.66990613937, -12.3026132584]
        cov: [[3500.29907227, -280.786315918, -114.939216614, -523.197937012, -376.747436523, -178.422592163, -217.903594971, -88.7607192993, -255.927734375, -31.5783901215, -95.6933441162, -286.004333496, -64.1175994873], [-280.786315918, 721.541625977, -77.3318939209, -38.7283401489, 43.5843544006, -57.5050697327, -37.9245872498, -33.6008110046, 15.6583538055, -41.458984375, -13.3376083374, 30.3184814453, 107.264007568], [-114.939216614, -77.3318939209, 511.031219482, 306.028106689, 40.0099182129, 8.1284160614, -6.39882898331, -44.97996521, -58.0400123596, -6.19482040405, 12.915019989, -15.5740804672, -59.7073707581], [-523.197937012, -38.7283401489, 306.028106689, 493.852966309, 170.27355957, 94.6508331299, 109.286552429, 32.2349205017, 6.01709079742, -15.4956388474, 6.72652339935, -7.51845645905, -22.4655818939], [-376.747436523, 43.5843544006, 40.0099182129, 170.27355957, 324.853515625, 158.617004395, 125.725814819, 1.66596984863, 35.5645065308, 32.8545417786, 35.4170455933, 14.0283260345, -43.09349823], [-178.422592163, -57.5050697327, 8.1284160614, 94.6508331299, 158.617004395, 216.238983154, 85.2054214478, 3.34503507614, 23.899772644, 54.7029037476, 20.4565162659, 17.7439098358, -62.2196884155], [-217.903594971, -37.9245872498, -6.39882898331, 109.286552429, 125.725814819, 85.2054214478, 166.380310059, 65.7688980103, 59.5914077759, 18.0242195129, 10.3996038437, -8.40605545044, -17.2724704742], [-88.7607192993, -33.6008110046, -44.97996521, 32.2349205017, 1.66596984863, 3.34503507614, 65.7688980103, 154.131790161, 95.277130127, -2.30335521698, 2.02996778488, 10.7494373322, 35.6090965271], [-255.927734375, 15.6583538055, -58.0400123596, 6.01709079742, 35.5645065308, 23.899772644, 59.5914077759, 95.277130127, 137.350967407, 20.9595603943, 22.1602230072, 43.8126182556, 37.8479003906], [-31.5783901215, -41.458984375, -6.19482040405, -15.4956388474, 32.8545417786, 54.7029037476, 18.0242195129, -2.30335521698, 20.9595603943, 105.562858582, 51.0577697754, 33.7221717834, -31.880399704], [-95.6933441162, -13.3376083374, 12.915019989, 6.72652339935, 35.4170455933, 20.4565162659, 10.3996038437, 2.02996778488, 22.1602230072, 51.0577697754, 70.858001709, 48.3203582764, -4.17414474487], [-286.004333496, 30.3184814453, -15.5740804672, -7.51845645905, 14.0283260345, 17.7439098358, -8.40605545044, 10.7494373322, 43.8126182556, 33.7221717834, 48.3203582764, 106.506896973, 20.3944473267], [-64.1175994873, 107.264007568, -59.7073707581, -22.4655818939, -43.09349823, -62.2196884155, -17.2724704742, 35.6090965271, 37.8479003906, -31.880399704, -4.17414474487, 20.3944473267, 123.666992188]]
        icov: [[0.000586563139223, 0.00012907825294, -0.000186857927474, 0.000693324778695, 0.000195415035705, -0.000242054244154, 0.000347063934896, -0.0005649686791, 0.000848909374326, -0.000185753335245, -0.000555368082132, 0.00166174129117, -0.000215124819078], [0.00012907825294, 0.00186862505507, 8.11978898128e-05, 0.000231017620536, -0.000912080635317, 0.000476936169434, 0.000423743738793, 0.000714347232133, -0.000105828861706, 4.24789595854e-06, 0.000761959643569, -0.000149710074766, -0.00161316641606], [-0.000186857927474, 8.11978898128e-05, 0.00425119930878, -0.00342091429047, 0.000464486365672, 0.00103686901275, 0.0012439416023, 0.00108988920692, -0.000321503379382, 0.000127607680042, -0.00124189513735, -0.000101572666608, 0.00191332120448], [0.000693324778695, 0.000231017620536, -0.00342091429047, 0.00604837527499, -0.00129592732992, -0.00136361864861, -0.00165782449767, -0.00211016670801, 0.00224979990162, 0.000905959925149, -6.77263142279e-06, 0.00134437577799, -0.00183231232222], [0.000195415035705, -0.000912080635317, 0.000464486365672, -0.00129592732992, 0.00737117324024, -0.00351488497108, -0.00302701117471, 0.00193018792197, -0.000942635349929, 0.00154077156913, -0.00385545170866, 0.00139393249992, 0.00102853903081], [-0.000242054244154, 0.000476936169434, 0.00103686901275, -0.00136361864861, -0.00351488497108, 0.0100286193192, -0.00153723848052, 0.00088155537378, -0.000695360067766, -0.00374884810299, 0.00391255738214, -0.00301380106248, 0.00294145825319], [0.000347063934896, 0.000423743738793, 0.0012439416023, -0.00165782449767, -0.00302701117471, -0.00153723848052, 0.0136608639732, -0.00375269539654, -0.0025482729543, -0.000562745437492, -0.00133838248439, 0.00461067445576, 0.00110144494101], [-0.0005649686791, 0.000714347232133, 0.00108988920692, -0.00211016670801, 0.00193018792197, 0.00088155537378, -0.00375269539654, 0.0150760766119, -0.00995709467679, 0.00120237248484, 0.000665839703288, -0.000307365320623, -0.00108824449126], [0.000848909374326, -0.000105828861706, -0.000321503379382, 0.00224979990162, -0.000942635349929, -0.000695360067766, -0.0025482729543, -0.00995709467679, 0.019313685596, -0.00246141618118, -0.000133854468004, -0.00298073398881, -0.00344013725407], [-0.000185753335245, 4.24789595854e-06, 0.000127607680042, 0.000905959925149, 0.00154077156913, -0.00374884810299, -0.000562745437492, 0.00120237248484, -0.00246141618118, 0.0187704488635, -0.0124683147296, -0.000113747446449, 0.00354225561023], [-0.000555368082132, 0.000761959643569, -0.00124189513735, -6.77263142279e-06, -0.00385545170866, 0.00391255738214, -0.00133838248439, 0.000665839703288, -0.000133854468004, -0.0124683147296, 0.0322326906025, -0.0125760715455, -0.00131465052254], [0.00166174129117, -0.000149710074766, -0.000101572666608, 0.00134437577799, 0.00139393249992, -0.00301380106248, 0.00461067445576, -0.000307365320623, -0.00298073398881, -0.000113747446449, -0.0125760715455, 0.0220949649811, -0.00229684123769], [-0.000215124819078, -0.00161316641606, 0.00191332120448, -0.00183231232222, 0.00102853903081, 0.00294145825319, 0.00110144494101, -0.00108824449126, -0.00344013725407, 0.00354225561023, -0.00131465052254, -0.00229684123769, 0.014570732601]]
    spectral_contrast:
        mean: [-3.45546791181e-09, -9.82327748034e-08, 5.09268076598e-08, 3.75018345267e-07, -2.18016523945e-07, -3.60343506145e-07, -3.70231191482e-06, -4.38679052195e-07, 1.71962187778e-06, -1.10839573608e-06, 1.35642352461e-07, -3.46486808667e-06]
        var: [0.0006042761961, 0.00106099178083, 0.00231313379481, 0.00277191656642, 0.00360781117342, 0.00958766974509, 0.0556828230619, 0.066559240222, 0.259387880564, 0.317060410976, 0.84795320034, 2.43766093254]

rhythm:
    beats_loudness:
        dmean: 0.00227230088785
        dmean2: 0.00450606038794
        dvar: 1.2420780422e-06
        dvar2: 3.66632889381e-06
        max: 0.00643117027357
        mean: 0.00400861212984
        min: 0.00187337049283
        var: 1.87779471617e-06
    beats_loudness_bass:
        dmean: 0.378795683384
        dmean2: 0.774951994419
        dvar: 0.0212066788226
        dvar2: 0.0616776421666
        max: 0.708587884903
        mean: 0.347099483013
        min: 0.11685269326
        var: 0.0450951382518
    bpm: 95.6891479492
    bpm_confidence: 0
    first_peak_bpm: 96
    first_peak_spread: 0.066666662693
    first_peak_weight: 0.933333337307
    onset_rate: 5.03700637817
    second_peak_bpm: 0
    second_peak_spread: 0
    second_peak_weight: 0
    beats_position: [0.282658666372, 0.909574627876, 1.53649055958, 2.16340637207, 2.79032230377, 3.41723847389, 4.04415464401, 4.67107057571, 5.29798650742, 5.92490291595, 6.57641983032, 7.2035651207, 7.83070993423, 8.45785522461, 9.08500003815, 9.71214485168]
    bpm_estimates: [95.7868270874, 95.6815872192, 95.7193450928, 95.7118225098, 95.7146759033, 95.7360534668, 95.7029724121, 95.7015457153, 95.6671142578, 95.6442642212, 95.6581115723, 95.7116546631, 95.7008361816, 95.6675491333, 95.7932434082, 95.5825805664, 95.6715393066, 95.6286849976, 95.5848617554, 95.7178268433]
    bpm_intervals: [0.626915931702, 0.626915931702, 0.626915812492, 0.626915931702, 0.62691617012, 0.62691617012, 0.626915931702, 0.626915931702, 0.626916408539, 0.651516914368, 0.627145290375, 0.627144813538, 0.627145290375, 0.627144813538, 0.627144813538]
    onset_times: [0.0464399084449, 0.116099774837, 0.592108845711, 0.754648506641, 0.905578255653, 1.09133791924, 1.2190476656, 1.38158726692, 1.54412698746, 1.84598636627, 2.00852608681, 2.15945577621, 2.47292518616, 2.64707493782, 2.97215414047, 3.09986400604, 3.27401351929, 3.41333341599, 3.73841261864, 3.90095233917, 4.051882267, 4.52789115906, 4.69043064117, 4.86458063126, 5.01551008224, 5.16644001007, 5.31736946106, 5.630838871, 5.94430828094, 6.11845827103, 6.25777769089, 6.43192720413, 6.58285713196, 6.88471651077, 7.04725646973, 7.19818592072, 7.51165533066, 7.6858048439, 7.83673477173, 8.01088428497, 8.13859367371, 8.31274414062, 8.45206356049, 8.78875255585, 8.93968296051, 9.0906124115, 9.4040813446, 9.5666217804, 9.72916126251, 9.90331077576]
    rubato_start: []
    rubato_stop: []
    perceptual_tempo: "unknown"

sfx:
    inharmonicity:
        dmean: 0.0566626638174
        dmean2: 0.101321451366
        dvar: 0.00423984695226
        dvar2: 0.012011339888
        max: 0.411354124546
        mean: 0.0587030649185
        min: 2.2191205062e-05
        var: 0.00491515733302
    oddtoevenharmonicenergyratio:
        dmean: 7.40380191803
        dmean2: 12.377158165
        dvar: 3203.02612305
        dvar2: 7543.53125
        max: 966.325927734
        mean: 5.17606639862
        min: 0.000226825519348
        var: 2714.8293457
    pitch_after_max_to_before_max_energy_ratio: 1.30644774437
    pitch_centroid: 155.045089722
    pitch_max_to_total: 0.191588789225
    pitch_min_to_total: 0.224299058318
    tristimulus:
        dmean: [0.225921019912, 0.243778824806, 0.156256854534]
        dmean2: [0.39256682992, 0.424728572369, 0.280538022518]
        dvar: [0.0412172339857, 0.0447605215013, 0.0230079386383]
        dvar2: [0.116101518273, 0.112801253796, 0.0629380196333]
        max: [0.965072453022, 0.970087349415, 0.703990399837]
        mean: [0.42086699605, 0.37185254693, 0.147826477885]
        min: [0.0108067179099, 0, 0]
        var: [0.0674513801932, 0.064768910408, 0.0248606726527]

tonal:
    chords_changes_rate: 0.037209302187
    chords_number_rate: 0.0139534883201
    chords_strength:
        dmean: 0.0132851935923
        dmean2: 0.0146820601076
        dvar: 0.000105986888229
        dvar2: 0.000134552188683
        max: 0.747758924961
        mean: 0.496857374907
        min: 0.236948430538
        var: 0.0186476502568
    key_strength: 0.574581623077
    tuning_diatonic_strength: 0.45001783967
    tuning_equal_tempered_deviation: 0.16665160656
    tuning_frequency: 438.477722168
    tuning_nontempered_energy_ratio: 0.849225580692
    hpcp:
        dmean: [0.251153886318, 0.22498473525, 0.186899095774, 0.214086607099, 0.191694706678, 0.137312188745, 0.138845473528, 0.139195635915, 0.176812574267, 0.177076905966, 0.165132910013, 0.179036676884, 0.227270364761, 0.219816789031, 0.189888745546, 0.18991869688, 0.168388128281, 0.144440710545, 0.142587646842, 0.121643520892, 0.142047166824, 0.142607927322, 0.0996356606483, 0.0882271677256, 0.133527189493, 0.138584658504, 0.147850587964, 0.145787164569, 0.14072060585, 0.19158706069, 0.30346685648, 0.261227875948, 0.203378871083, 0.176288753748, 0.236160859466, 0.249621316791]
        dmean2: [0.447842866182, 0.387428969145, 0.315250277519, 0.363985776901, 0.321985632181, 0.236850082874, 0.246466815472, 0.246303901076, 0.298604607582, 0.297990113497, 0.28207179904, 0.312080264091, 0.408132970333, 0.37729164958, 0.327389597893, 0.329388290644, 0.293028533459, 0.249886766076, 0.252058655024, 0.212870255113, 0.250583261251, 0.250648647547, 0.166939422488, 0.143815591931, 0.226397678256, 0.240995958447, 0.266076266766, 0.253304183483, 0.242986872792, 0.335232406855, 0.512553155422, 0.428335040808, 0.36611816287, 0.311495602131, 0.406435221434, 0.436201602221]
        dvar: [0.0716716870666, 0.050091329962, 0.0424802787602, 0.0547219738364, 0.0416855327785, 0.0178590677679, 0.0317302905023, 0.0248066037893, 0.0440583266318, 0.0434681996703, 0.0343843884766, 0.0330933481455, 0.0714149773121, 0.0642336606979, 0.0435540787876, 0.0424448587, 0.0342360697687, 0.0446232110262, 0.0423711128533, 0.0274444650859, 0.0433879829943, 0.0484151616693, 0.018015069887, 0.0096106287092, 0.0297400075942, 0.0379496961832, 0.0458288155496, 0.0321554169059, 0.0296023208648, 0.0364885590971, 0.0625067874789, 0.0535041242838, 0.0582691840827, 0.0386573299766, 0.0612283945084, 0.0605396404862]
        dvar2: [0.172788545489, 0.120302066207, 0.109307594597, 0.130181744695, 0.10552829504, 0.0476599819958, 0.0866083279252, 0.0641066208482, 0.115451104939, 0.105680435896, 0.0862060934305, 0.0931734889746, 0.177168369293, 0.150573670864, 0.112631835043, 0.109177470207, 0.0868991538882, 0.119796536863, 0.112580642104, 0.0752728953958, 0.124606758356, 0.132332623005, 0.046631231904, 0.0233778916299, 0.0794516652822, 0.104186087847, 0.114729732275, 0.0867500826716, 0.0810719504952, 0.104843728244, 0.140571802855, 0.116303548217, 0.164961189032, 0.0974424928427, 0.153800845146, 0.15075185895]
        max: [1, 1, 1, 1, 1, 0.883116722107, 0.982059597969, 0.882240712643, 1, 1, 1, 1, 1, 1, 1, 1, 1, 1, 1, 1, 1, 1, 1, 0.729136347771, 1, 1, 1, 1, 1, 1, 1, 1, 1, 1, 1, 1]
        mean: [0.316440433264, 0.271734893322, 0.219957083464, 0.245211467147, 0.224970802665, 0.163921430707, 0.15531103313, 0.159472197294, 0.212852045894, 0.251811593771, 0.203930437565, 0.196993127465, 0.302715331316, 0.302121907473, 0.244887128472, 0.278583437204, 0.232655778527, 0.167377397418, 0.154643476009, 0.131720915437, 0.139171108603, 0.155529141426, 0.126700088382, 0.117770917714, 0.140028759837, 0.139546960592, 0.151298984885, 0.166569441557, 0.17544144392, 0.233546257019, 0.404411315918, 0.407397031784, 0.223077610135, 0.189915299416, 0.263406217098, 0.312675446272]
        min: [0.00267480826005, 0.00583325093612, 0.00102385086939, 0.00188509363215, 0.00262809637934, 0.0024961065501, 0.00302352313884, 0.00400699721649, 0.00529646035284, 0.00409987056628, 0.00317940395325, 0.00274728937075, 0.00316175073385, 0.00265895971097, 0.00153623626102, 0.00150912650861, 0.00241254968569, 0.00289139919914, 0.00221909559332, 0.00137503014412, 0.00114712363575, 0.000441682175733, 0.000484684511321, 0.000860606902279, 0.000512797967531, 0.000831123790704, 0.000780733709689, 0.000972629757598, 0.00119511014782, 0.00109337235335, 0.00117369776126, 0.00439331447706, 0.00102219684049, 0.00139649712946, 0.00160632049665, 0.00214393949136]
        var: [0.0993819236755, 0.0688121765852, 0.0560998655856, 0.0695187672973, 0.0538167059422, 0.0241395775229, 0.0308596100658, 0.0268874187022, 0.0536747202277, 0.0777925774455, 0.0511856861413, 0.0393074788153, 0.100746050477, 0.102985419333, 0.05726140365, 0.0621321797371, 0.0485933274031, 0.0428279787302, 0.0382942855358, 0.0266673862934, 0.0342210046947, 0.0528480485082, 0.0265349615365, 0.014182572253, 0.0303165316582, 0.0370437502861, 0.0430761165917, 0.034871738404, 0.0340136028826, 0.0415821932256, 0.111409135163, 0.107862256467, 0.0566740185022, 0.0408820919693, 0.0860220938921, 0.101216062903]
    chords_histogram: [75.8139572144, 0, 0.465116292238, 0, 0, 0, 0, 0, 0, 0.465116292238, 20.4651165009, 2.79069757462, 0, 0, 0, 0, 0, 0, 0, 0, 0, 0, 0, 0]
    thpcp: [1, 0.547568082809, 0.466167598963, 0.646559000015, 0.767495632172, 0.776737213135, 0.667002618313, 0.539908409119, 0.601898014545, 0.552215099335, 0.402362853289, 0.381227701902, 0.391441732645, 0.522468328476, 0.618098735809, 0.500569283962, 0.483540892601, 0.743047475815, 0.741590857506, 0.601101875305, 0.683813095093, 0.571078717709, 0.410845905542, 0.379589110613, 0.323323220015, 0.341610521078, 0.381763070822, 0.310999035835, 0.289081424475, 0.343715697527, 0.34253308177, 0.371379703283, 0.408862680197, 0.430639952421, 0.573264479637, 0.992671251297]
    chords_key: "G"
    chords_scale: "minor"
    key_key: "G"
    key_scale: "minor"
    chords_progression: ["F#m", "F#m", "F#m", "F#m", "F#m", "F#m", "F#m", "F#m", "F#m", "F#m", "F#m", "F#m", "F#m", "F#m", "F#m", "F#m", "F#m", "F#m", "F#m", "F#m", "F#m", "F#m", "F#m", "F#m", "F#m", "F#m", "F#m", "F#m", "F#m", "F#m", "F#m", "F#m", "F#m", "F#m", "F#m", "F#m", "F#m", "F#m", "F#m", "F#m", "F#m", "F#m", "F#m", "F#m", "Gm", "Gm", "Gm", "Gm", "Gm", "Gm", "Gm", "Gm", "Gm", "Gm", "Gm", "Gm", "Gm", "Gm", "Gm", "Gm", "Gm", "Gm", "Gm", "Gm", "Gm", "Gm", "Gm", "Gm", "Gm", "Gm", "Gm", "Gm", "Gm", "Gm", "Gm", "Gm", "Gm", "Gm", "Gm", "Gm", "Gm", "Gm", "Gm", "Gm", "Gm", "Gm", "Gm", "Gm", "Gm", "Gm", "A", "A", "A", "A", "Dm", "A", "Gm", "Gm", "Gm", "Gm", "Gm", "Gm", "Gm", "Gm", "Gm", "Gm", "Gm", "Gm", "Gm", "Gm", "Gm", "Gm", "Gm", "Gm", "Gm", "Gm", "Gm", "Gm", "Gm", "Gm", "Gm", "Gm", "Gm", "Gm", "Gm", "Gm", "Gm", "Gm", "Gm", "Gm", "Gm", "Gm", "Gm", "Gm", "Gm", "Gm", "Gm", "Gm", "Gm", "Gm", "Gm", "Gm", "Gm", "Gm", "Gm", "Gm", "Gm", "Gm", "Gm", "Gm", "Gm", "Gm", "Gm", "Gm", "Gm", "Gm", "Gm", "Gm", "Gm", "Gm", "Gm", "Gm", "Gm", "Gm", "Gm", "Gm", "Gm", "Gm", "Gm", "Gm", "Gm", "Gm", "Gm", "Gm", "Gm", "Gm", "Gm", "Gm", "Gm", "Gm", "Gm", "Gm", "Gm", "Gm", "Gm", "Gm", "Gm", "Gm", "Gm", "Gm", "Gm", "Gm", "Gm", "Gm", "Gm", "Gm", "Gm", "Gm", "Gm", "Gm", "Gm", "Gm", "Gm", "Gm", "Gm", "Gm", "Gm", "Gm", "Gm", "Gm", "Gm", "D", "Gm", "Gm", "A"]
