
metadata:
    version:
        essentia: "1.2.2"
    audio_properties:
        analysis_sample_rate: 44100
        bitrate: 128
        channels: 2
        equal_loudness: 1
        length: 10.1355104446
        replay_gain: -10.3616104126
        downmix: "mix"
    tags:
        track: 6
        year: 0
        album: "Splitted by Mp3Splt v. 2.1"
        artist: "From 000.50 To 001.00"
        comment: "http://mp3splt.sf.net"
        genre: ""
        title: "05 Sunday Bloody Sunday.mp3"

highlevel:
    ballroom:
        all:
            ChaChaCha: 0.0964374989271
            Jive: 0.644841134548
            Quickstep: 0.0601327978075
            Rumba-American: 0.00105836591683
            Rumba-International: 0.00136911112349
            Rumba-Misc: 0.00147408223711
            Samba: 0.171412363648
            Tango: 0.00173654581886
            VienneseWaltz: 0.0192494820803
            Waltz: 0.00228863512166
        probability: 0.644841134548
        value: "Jive"
    culture:
        all:
            non_western: 0.0631707385182
            western: 0.936829268932
        probability: 0.936829268932
        value: "western"
    gender:
        all:
            female: 0.242959856987
            male: 0.757040143013
        probability: 0.757040143013
        value: "male"
    genre_dortmund:
        all:
            alternative: 0.135438233614
            blues: 0.0110323056579
            electronic: 0.0311882160604
            folkcountry: 0.064945794642
            funksoulrnb: 0.0187487341464
            jazz: 0.0370070822537
            pop: 0.085819914937
            raphiphop: 0.00125919678248
            rock: 0.614560544491
        probability: 0.614560544491
        value: "rock"
    genre_electronica:
        all:
            ambient: 0.126477271318
            dnb: 0.221198111773
            house: 0.00335542415269
            techno: 0.00606507528573
            trance: 0.642904102802
        probability: 0.642904102802
        value: "trance"
    genre_rosamerica:
        all:
            cla: 0.05639507249
            dan: 0.0331051573157
            hip: 0.0109553365037
            jaz: 0.0232552122325
            pop: 0.0881360396743
            rhy: 0.019190819934
            roc: 0.766054987907
            spe: 0.00290735275485
        probability: 0.766054987907
        value: "roc"
    genre_tzanetakis:
        all:
            blu: 0.0087638553232
            cla: 0.0127157811075
            cou: 0.0811260938644
            dis: 0.0708742439747
            hip: 0.0140306390822
            jaz: 0.284794151783
            met: 0.237013116479
            pop: 0.0388191379607
            reg: 0.00641772802919
            roc: 0.245445266366
        probability: 0.284794151783
        value: "jaz"
    live_studio:
        all:
            live: 0.218078404665
            studio: 0.781921565533
        probability: 0.781921565533
        value: "studio"
    mood:
        all:
            Cluster1: 0.294188678265
            Cluster2: 0.191025808454
            Cluster3: 0.0468874163926
            Cluster4: 0.0670094490051
            Cluster5: 0.400888651609
        probability: 0.400888651609
        value: "Cluster5"
    mood_acoustic:
        all:
            acoustic: 0.0155587289482
            not_acoustic: 0.984441280365
        probability: 0.984441280365
        value: "not_acoustic"
    mood_aggressive:
        all:
            aggressive: 0.940126895905
            not_aggressive: 0.0598731264472
        probability: 0.940126895905
        value: "aggressive"
    mood_electronic:
        all:
            electronic: 0.410785913467
            not_electronic: 0.589214086533
        probability: 0.589214086533
        value: "not_electronic"
    mood_happy:
        all:
            happy: 0.765365600586
            not_happy: 0.234634414315
        probability: 0.765365600586
        value: "happy"
    mood_party:
        all:
            not_party: 0.239209473133
            party: 0.760790526867
        probability: 0.760790526867
        value: "party"
    mood_relaxed:
        all:
            not_relaxed: 0.914508938789
            relaxed: 0.0854910761118
        probability: 0.914508938789
        value: "not_relaxed"
    mood_sad:
        all:
            not_sad: 0.955488145351
            sad: 0.0445118434727
        probability: 0.955488145351
        value: "not_sad"
    rhythm:
        all:
            fast: 0.856309354305
            medium: 0.126507461071
            slow: 0.0171832125634
        probability: 0.856309354305
        value: "fast"
    speech_music:
        all:
            music: 0.999048709869
            speech: 0.000951298745349
        probability: 0.999048709869
        value: "music"
    timbre:
        all:
            bright: 0.078225530684
            dark: 0.921774446964
        probability: 0.921774446964
        value: "dark"
    voice_instrumental:
        all:
            instrumental: 0.0754150599241
            voice: 0.924584925175
        probability: 0.924584925175
        value: "voice"

lowlevel:
    average_loudness: 0.945695102215
    barkbands_kurtosis:
        dmean: 0.3526943326
        dmean2: 0.573471188545
        dvar: 0.222563534975
        dvar2: 0.518889904022
        max: 4.11506319046
        mean: -0.974263429642
        min: -1.82871258259
        var: 0.553477048874
    barkbands_skewness:
        dmean: 0.29684689641
        dmean2: 0.484551668167
        dvar: 0.0900888890028
        dvar2: 0.219550535083
        max: 1.13815677166
        mean: -0.205305561423
        min: -1.97708129883
        var: 0.287531495094
    barkbands_spread:
        dmean: 4.22014141083
        dmean2: 6.6516866684
        dvar: 21.8810691833
        dvar2: 53.3642196655
        max: 56.486289978
        mean: 30.712430954
        min: 13.5338125229
        var: 75.7588119507
    dissonance:
        dmean: 0.0166864302009
        dmean2: 0.0287789590657
        dvar: 0.000297558639431
        dvar2: 0.000754020176828
        max: 0.498246967793
        mean: 0.468302547932
        min: 0.295518279076
        var: 0.000575283251237
    hfc:
        dmean: 1.78346061707
        dmean2: 2.5775244236
        dvar: 4.7902340889
        dvar2: 8.63059902191
        max: 40.2076568604
        mean: 8.98773956299
        min: 0.223219826818
        var: 27.0839252472
    pitch:
        dmean: 721.87689209
        dmean2: 1387.60058594
        dvar: 1551210
        dvar2: 3681414
        max: 4009.09082031
        mean: 1314.55529785
        min: 70.2229309082
        var: 2410055.25
    pitch_instantaneous_confidence:
        dmean: 0.0727275088429
        dmean2: 0.114048503339
        dvar: 0.00293637975119
        dvar2: 0.00837891548872
        max: 0.727405428886
        mean: 0.389986515045
        min: 0.1756503582
        var: 0.0131941623986
    pitch_salience:
        dmean: 0.0476331263781
        dmean2: 0.0753401592374
        dvar: 0.00137040566187
        dvar2: 0.00347798340954
        max: 0.856398224831
        mean: 0.629186868668
        min: 0.421313911676
        var: 0.00579108623788
    silence_rate_20dB:
        dmean: 0
        dmean2: 0
        dvar: 0
        dvar2: 0
        max: 1
        mean: 1
        min: 1
        var: 0
    silence_rate_30dB:
        dmean: 0
        dmean2: 0
        dvar: 0
        dvar2: 0
        max: 1
        mean: 1
        min: 1
        var: 0
    silence_rate_60dB:
        dmean: 0.091743119061
        dmean2: 0.181609198451
        dvar: 0.0833262503147
        dvar2: 0.176213309169
        max: 1
        mean: 0.308924496174
        min: 0
        var: 0.213491007686
    spectral_centroid:
        dmean: 227.772125244
        dmean2: 372.026550293
        dvar: 57927.4804688
        dvar2: 135400.078125
        max: 3305.11499023
        mean: 2060.50561523
        min: 999.311157227
        var: 215341.4375
    spectral_complexity:
        dmean: 3.19354844093
        dmean2: 4.74364900589
        dvar: 8.79203414917
        dvar2: 15.8072795868
        max: 39
        mean: 16.1632175446
        min: 0
        var: 41.1434745789
    spectral_crest:
        dmean: 1.78854632378
        dmean2: 2.86036896706
        dvar: 2.30354642868
        dvar2: 5.20691776276
        max: 15.8878831863
        mean: 6.67955827713
        min: 2.69677352905
        var: 6.05384778976
    spectral_decrease:
        dmean: 2.41612008178e-10
        dmean2: 3.73507169638e-10
        dvar: 1.10118186402e-19
        dvar2: 2.56178740436e-19
        max: -2.23741199179e-11
        mean: -9.77720349127e-10
        min: -3.81232689861e-09
        var: 3.1097167535e-19
    spectral_energy:
        dmean: 0.00103816995397
        dmean2: 0.00158302718773
        dvar: 1.91042045117e-06
        dvar2: 4.20855758421e-06
        max: 0.0167951900512
        mean: 0.00450535677373
        min: 0.000104691949673
        var: 6.33894251223e-06
    spectral_energyband_high:
        dmean: 0.000164079334354
        dmean2: 0.000265363574727
        dvar: 3.85383245316e-08
        dvar2: 9.16854645538e-08
        max: 0.00216163299046
        mean: 0.000519837602042
        min: 8.15592466097e-06
        var: 1.00647810086e-07
    spectral_energyband_low:
        dmean: 7.50508334022e-05
        dmean2: 0.000129670224851
        dvar: 3.73391806363e-08
        dvar2: 1.01625239779e-07
        max: 0.00125205353834
        mean: 0.000102751066152
        min: 2.18830246013e-06
        var: 2.93406721141e-08
    spectral_energyband_middle_high:
        dmean: 0.000517311913427
        dmean2: 0.000792924081907
        dvar: 3.79530774808e-07
        dvar2: 7.28582847387e-07
        max: 0.0111220432445
        mean: 0.00247705099173
        min: 8.27347103041e-05
        var: 3.29979980052e-06
    spectral_energyband_middle_low:
        dmean: 0.0006304042181
        dmean2: 0.00102332665119
        dvar: 1.13837540994e-06
        dvar2: 3.00114743368e-06
        max: 0.00913266371936
        mean: 0.00140571431257
        min: 9.85928909358e-06
        var: 1.3328294699e-06
    spectral_flatness_db:
        dmean: 0.0103911813349
        dmean2: 0.0159395337105
        dvar: 7.08904990461e-05
        dvar2: 0.000162088326761
        max: 0.191792264581
        mean: 0.132676362991
        min: 0.072669647634
        var: 0.000292773620458
    spectral_flux:
        dmean: 0.00704969931394
        dmean2: 0.0107354447246
        dvar: 6.37055563857e-05
        dvar2: 0.000128203886561
        max: 0.0986868962646
        mean: 0.0378553047776
        min: 0.0173886530101
        var: 0.000173837353941
    spectral_kurtosis:
        dmean: 0.541129946709
        dmean2: 0.911298215389
        dvar: 0.28913667798
        dvar2: 0.81538015604
        max: 8.67087745667
        mean: 2.65887594223
        min: 0.416328191757
        var: 0.811903476715
    spectral_rms:
        dmean: 0.000230398436543
        dmean2: 0.000342321232893
        dvar: 7.39598320365e-08
        dvar2: 1.50618163275e-07
        max: 0.00404790695757
        mean: 0.00202584755607
        min: 0.000319591112202
        var: 2.91406905717e-07
    spectral_rolloff:
        dmean: 236.368911743
        dmean2: 394.907775879
        dvar: 61130.5078125
        dvar2: 144731.0625
        max: 5684.765625
        mean: 3760.68652344
        min: 2174.85351562
        var: 253072.140625
    spectral_skewness:
        dmean: 0.100516796112
        dmean2: 0.158853128552
        dvar: 0.00844141002744
        dvar2: 0.0199919138104
        max: 2.50137805939
        mean: 1.22335410118
        min: 0.642815947533
        var: 0.0438848435879
    spectral_spread:
        dmean: 298601.96875
        dmean2: 424957.40625
        dvar: 163896705024
        dvar2: 192881999872
        max: 13157180
        mean: 5060103
        min: 3718164.75
        var: 475947630592
    spectral_strongpeak:
        dmean: 0.491407901049
        dmean2: 0.835396289825
        dvar: 0.555453240871
        dvar2: 1.26838612556
        max: 7.61876153946
        mean: 0.917888581753
        min: 0.0179329346865
        var: 1.0390201807
    zerocrossingrate:
        dmean: 0.00742660043761
        dmean2: 0.00984005164355
        dvar: 5.03590053995e-05
        dvar2: 6.24116437393e-05
        max: 0.1708984375
        mean: 0.115170396864
        min: 0.029296875
        var: 0.00039988104254
    barkbands:
        dmean: [9.81342793693e-08, 2.28115295613e-05, 5.87400281802e-05, 0.000187946279766, 0.000181372219231, 0.000133893830935, 6.21548169875e-05, 5.90204472246e-05, 0.000227680226089, 0.000143792742165, 5.66923954466e-05, 6.92380053806e-05, 0.000121755270811, 7.69661346567e-05, 3.18861566484e-05, 6.80486336933e-05, 7.84470175859e-05, 0.000169850958628, 0.000186423072591, 0.000189768456039, 8.13844235381e-05, 2.42963542405e-05, 5.48769958186e-06, 1.92823154066e-06, 7.48832746922e-07, 2.73080438262e-08, 3.28771010416e-10]
        dmean2: [1.64945618053e-07, 3.74987430405e-05, 0.000106208397483, 0.00033120351145, 0.00031897079316, 0.00022171944147, 9.79085962172e-05, 9.0223904408e-05, 0.00034184276592, 0.000211458798731, 9.39503297559e-05, 0.000114303889859, 0.000211053542444, 0.000123445002828, 5.37729247299e-05, 0.000109696673462, 0.000127890365548, 0.000286265043542, 0.00030223664362, 0.000300546351355, 0.000133714886033, 3.64630141121e-05, 8.33569811221e-06, 2.95819540952e-06, 1.04763773834e-06, 4.12038936304e-08, 6.00316463206e-10]
        dvar: [6.56004384928e-14, 3.9468033286e-09, 2.45148861211e-08, 1.96792413476e-07, 2.88616689659e-07, 4.56362236889e-08, 1.66921552136e-08, 8.61944027264e-09, 1.08920886532e-07, 8.97217162787e-08, 5.14249309802e-09, 1.13329585716e-08, 6.02595164878e-08, 1.21002416975e-08, 1.49774681546e-09, 4.46009540411e-09, 8.82907080779e-09, 7.36393204193e-08, 4.57891964345e-08, 6.0040001415e-08, 1.16876757161e-08, 8.40556513282e-10, 3.64227467631e-11, 6.59331790553e-12, 6.66792196544e-13, 6.86885116131e-16, 4.49028750311e-18]
        dvar2: [1.67553525308e-13, 1.02005461855e-08, 6.97736766142e-08, 5.35879564723e-07, 8.16335216314e-07, 1.16710729969e-07, 3.97488193471e-08, 1.80133490346e-08, 2.33619516621e-07, 1.92523302189e-07, 1.42200491382e-08, 3.11342525094e-08, 1.82146138172e-07, 2.95435178543e-08, 4.1711620824e-09, 1.06196038629e-08, 2.34407657729e-08, 1.80284757789e-07, 1.04437027915e-07, 1.4513867086e-07, 3.0183397115e-08, 1.94510407781e-09, 8.42248631949e-11, 1.64882742876e-11, 1.20225953758e-12, 1.49562216859e-15, 9.29077683491e-18]
        max: [2.57118699665e-06, 0.000532748701517, 0.000909428228624, 0.00381884304807, 0.00442250212654, 0.00197889469564, 0.00135049433447, 0.00149542524014, 0.0030240570195, 0.00426913611591, 0.000664032471832, 0.00108569348231, 0.00198563234881, 0.00108161242679, 0.000414148205891, 0.000765110133216, 0.00125793216284, 0.00456740800291, 0.0030001627747, 0.00278061558492, 0.00134032755159, 0.000454322376754, 7.56153676775e-05, 3.33662210323e-05, 8.33922604215e-06, 2.73500859294e-07, 4.41638157156e-08]
        mean: [1.16634147673e-07, 3.43303472619e-05, 6.83102116454e-05, 0.000213616105611, 0.000245213101152, 0.000230134566664, 0.000107212457806, 0.000115761664347, 0.000451078522019, 0.000346482760506, 0.000107265928818, 0.000130321466713, 0.000191718499991, 0.000177465844899, 6.29525675322e-05, 0.00015398405958, 0.000170136801898, 0.000413161382312, 0.000481738126837, 0.000513755949214, 0.000202704555704, 6.4865402237e-05, 1.53797445819e-05, 5.4299803196e-06, 2.13557063944e-06, 8.70239205142e-08, 4.91119811485e-10]
        min: [1.75742337349e-10, 1.2406427885e-08, 7.98618316367e-07, 2.04035103479e-07, 7.25502673049e-07, 1.1478448414e-06, 2.53322525623e-07, 5.5388693454e-07, 4.73397676615e-06, 2.88412138616e-06, 2.12468557947e-06, 8.8193951342e-07, 1.75452964868e-06, 1.2947977666e-05, 2.35732545661e-06, 2.43529530053e-06, 7.87920725998e-06, 1.31489787236e-05, 2.96215216622e-06, 1.20010363389e-05, 2.86514432446e-06, 2.1928942715e-06, 3.07500812369e-07, 2.09526959338e-07, 1.14335989565e-07, 1.51713628327e-08, 5.06206777613e-14]
        var: [5.85468156703e-14, 3.20309578861e-09, 1.82995503195e-08, 1.73469473452e-07, 1.91676903682e-07, 7.55984004286e-08, 2.25186145286e-08, 2.25959961853e-08, 3.7296769051e-07, 4.65667739036e-07, 1.04578319338e-08, 2.42047750731e-08, 9.41553039979e-08, 3.84624385674e-08, 3.22340421022e-09, 1.10451825464e-08, 1.41831746348e-08, 2.66422404138e-07, 1.43327270052e-07, 2.21271591272e-07, 2.01620800055e-08, 2.34444108571e-09, 1.02801628321e-10, 1.17981934986e-11, 1.67073809215e-12, 1.9499422659e-15, 8.83872428451e-18]
    mfcc:
        mean: [-685.608825684, 81.618270874, -49.8351593018, 43.3210754395, -25.6143035889, -6.68459796906, 1.07051002979, -1.58275163174, -4.27165317535, -3.66286444664, -4.73485136032, -7.52484560013, -9.13693904877]
        cov: [[633.833740234, 152.086044312, -6.20630216599, 43.9687652588, -32.8427886963, 30.7241001129, 33.4302330017, 8.78860092163, -36.389465332, -7.17098426819, 17.2482395172, -36.9119529724, -66.7098007202], [152.086044312, 307.862609863, 16.9090747833, 1.92417192459, -4.50635147095, -22.6318874359, 17.8771896362, 37.6557273865, -0.792839586735, -34.6180267334, -25.5810718536, -28.0811595917, -39.4005813599], [-6.20630216599, 16.9090747833, 193.943237305, 128.384414673, 78.4923934937, 14.6707401276, -69.8115615845, -27.8357486725, -18.6919307709, -35.4326934814, -9.70010375977, 14.9236021042, 41.7601585388], [43.9687652588, 1.92417192459, 128.384414673, 224.191604614, 105.87096405, 5.62693786621, -81.2892837524, -50.469203949, -38.5366401672, -25.4863014221, -14.777633667, -0.598006367683, 47.6681785583], [-32.8427886963, -4.50635147095, 78.4923934937, 105.87096405, 131.479812622, 26.6544895172, -56.751499176, -27.9153175354, -25.7378253937, -23.3990592957, -16.9925231934, -1.88541328907, 29.3936519623], [30.7241001129, -22.6318874359, 14.6707401276, 5.62693786621, 26.6544895172, 86.6896591187, 30.5259456635, 9.274477005, 1.14657604694, 2.00606775284, 13.7301120758, 9.32208251953, -4.16128349304], [33.4302330017, 17.8771896362, -69.8115615845, -81.2892837524, -56.751499176, 30.5259456635, 115.865539551, 56.7104263306, 37.0613822937, 27.9206848145, 23.5657577515, 5.54648399353, -33.586807251], [8.78860092163, 37.6557273865, -27.8357486725, -50.469203949, -27.9153175354, 9.274477005, 56.7104263306, 74.6304016113, 36.0863418579, 9.21944236755, 4.70400381088, -12.5439815521, -25.4882965088], [-36.389465332, -0.792839586735, -18.6919307709, -38.5366401672, -25.7378253937, 1.14657604694, 37.0613822937, 36.0863418579, 63.8028106689, 27.0111503601, 7.16822576523, 3.86129307747, -10.6150960922], [-7.17098426819, -34.6180267334, -35.4326934814, -25.4863014221, -23.3990592957, 2.00606775284, 27.9206848145, 9.21944236755, 27.0111503601, 58.815322876, 25.6939868927, 9.26643466949, -5.6833281517], [17.2482395172, -25.5810718536, -9.70010375977, -14.777633667, -16.9925231934, 13.7301120758, 23.5657577515, 4.70400381088, 7.16822576523, 25.6939868927, 59.6455230713, 30.4239768982, -1.35145747662], [-36.9119529724, -28.0811595917, 14.9236021042, -0.598006367683, -1.88541328907, 9.32208251953, 5.54648399353, -12.5439815521, 3.86129307747, 9.26643466949, 30.4239768982, 71.6417617798, 30.5115394592], [-66.7098007202, -39.4005813599, 41.7601585388, 47.6681785583, 29.3936519623, -4.16128349304, -33.586807251, -25.4882965088, -10.6150960922, -5.6833281517, -1.35145747662, 30.5115394592, 70.3087005615]]
        icov: [[0.00248971278779, -0.00118443672545, 0.000208479352295, -0.00157758861315, 0.00176240957808, -0.00147914956324, -0.000171583727933, 0.000280779699096, 0.00174510269426, -0.000455978093669, -0.00104715605266, 0.00073770218296, 0.00172609603032], [-0.00118443672545, 0.00500096892938, -0.00100599613506, 0.000177072332008, -0.00115955946967, 0.00286512845196, -0.00143372430466, -0.0022024246864, -5.43415662833e-05, 0.00239129760303, 0.00161931058392, -0.000942537735682, 0.00195244397037], [0.000208479352295, -0.00100599613506, 0.0110672134906, -0.0046299523674, -0.000169838356669, -0.00313200755045, 0.00513725960627, -0.00183447997551, -0.0031467503868, 0.00426781084388, -0.00145438988693, -0.002133250935, -0.00135794747621], [-0.00157758861315, 0.000177072332008, -0.0046299523674, 0.0115893455222, -0.00604868913069, 0.00185230432544, 7.69974212744e-06, 0.00263899401762, 0.000711915490683, -0.00165837549139, -0.00041272121598, 0.00243247067556, -0.00399638293311], [0.00176240957808, -0.00115955946967, -0.000169838356669, -0.00604868913069, 0.0173695459962, -0.00806063972414, 0.00575320282951, -0.00162261724472, 0.00181457772851, -0.000171877327375, 0.00169624050613, 0.00054621725576, -0.00029877317138], [-0.00147914956324, 0.00286512845196, -0.00313200755045, 0.00185230432544, -0.00806063972414, 0.019504820928, -0.0099149858579, 0.000697269919328, 0.000927498796955, 0.00173711555544, -0.00157592282631, -0.00110944057815, 0.00157884263899], [-0.000171583727933, -0.00143372430466, 0.00513725960627, 7.69974212744e-06, 0.00575320282951, -0.0099149858579, 0.025895241648, -0.012024612166, -0.00227863504551, -0.00305866869166, -0.00125770177692, -0.00429205643013, 0.00224346877076], [0.000280779699096, -0.0022024246864, -0.00183447997551, 0.00263899401762, -0.00162261724472, 0.000697269919328, -0.012024612166, 0.0305425263941, -0.0119098955765, 0.00476790592074, -0.00336582609452, 0.00742062181234, -0.00031745058368], [0.00174510269426, -5.43415662833e-05, -0.0031467503868, 0.000711915490683, 0.00181457772851, 0.000927498796955, -0.00227863504551, -0.0119098955765, 0.030548427254, -0.013303110376, 0.0051183803007, -0.00339893740602, 0.00201209192164], [-0.000455978093669, 0.00239129760303, 0.00426781084388, -0.00165837549139, -0.000171877327375, 0.00173711555544, -0.00305866869166, 0.00476790592074, -0.013303110376, 0.0313967652619, -0.0113891605288, 0.0024865611922, -0.000829673139378], [-0.00104715605266, 0.00161931058392, -0.00145438988693, -0.00041272121598, 0.00169624050613, -0.00157592282631, -0.00125770177692, -0.00336582609452, 0.0051183803007, -0.0113891605288, 0.0303507018834, -0.013564992696, 0.00475642038509], [0.00073770218296, -0.000942537735682, -0.002133250935, 0.00243247067556, 0.00054621725576, -0.00110944057815, -0.00429205643013, 0.00742062181234, -0.00339893740602, 0.0024865611922, -0.013564992696, 0.0270278453827, -0.0121666640043], [0.00172609603032, 0.00195244397037, -0.00135794747621, -0.00399638293311, -0.00029877317138, 0.00157884263899, 0.00224346877076, -0.00031745058368, 0.00201209192164, -0.000829673139378, 0.00475642038509, -0.0121666640043, 0.02725395374]]
    spectral_contrast:
        mean: [-1.99624182073e-07, -7.11316374691e-08, 2.26758842814e-07, -1.45312014865e-07, -4.47171856877e-07, -4.75672464972e-07, -1.67523307937e-06, -3.16123851007e-06, 2.61924742517e-06, -2.61952141045e-06, -4.15314207203e-06, -7.19092383861e-07]
        var: [0.000272316799965, 0.000498782203067, 0.00107785069849, 0.00236965948716, 0.0039007649757, 0.00612257933244, 0.0252272989601, 0.0437982268631, 0.110720530152, 0.141256198287, 0.207277163863, 0.56270813942]

rhythm:
    beats_loudness:
        dmean: 0.0013598598307
        dmean2: 0.00189044442959
        dvar: 1.01252544482e-06
        dvar2: 2.11354017665e-06
        max: 0.00952085107565
        mean: 0.00456381915137
        min: 0.00170443055686
        var: 3.643101536e-06
    beats_loudness_bass:
        dmean: 0.0686929002404
        dmean2: 0.11991879344
        dvar: 0.00402633659542
        dvar2: 0.0113711981103
        max: 0.209113866091
        mean: 0.0700319334865
        min: 0.00164381565992
        var: 0.00401113089174
    bpm: 108.114456177
    bpm_confidence: 0
    first_peak_bpm: 108
    first_peak_spread: 0
    first_peak_weight: 0.941176474094
    onset_rate: 2.66390132904
    second_peak_bpm: 72
    second_peak_spread: 0
    second_peak_weight: 0.0588235296309
    beats_position: [0.120397940278, 0.676954984665, 1.23351204395, 1.79006910324, 2.34662604332, 2.9031829834, 3.4597401619, 4.01629734039, 4.57285451889, 5.12941169739, 5.9627790451, 6.51622724533, 7.06967544556, 7.62312269211, 8.17657089233, 8.73001861572, 9.28346633911, 9.8369140625]
    bpm_estimates: [107.884841919, 107.794914246, 107.617584229, 107.743515015, 109.749359131, 106.291641235, 107.6145401, 109.089607239, 108.140937805, 108.099647522, 108.900314331, 107.083282471, 108.740737915, 108.851661682]
    bpm_intervals: [0.556557059288, 0.556557059288, 0.556557059288, 0.556556940079, 0.556556940079, 0.556557178497, 0.556557178497, 0.556557178497, 0.556557178497, 0.833367347717, 0.553448200226, 0.553448200226, 0.553447246552, 0.553448200226, 0.553447723389, 0.553447723389, 0.553447723389]
    onset_times: [0.0580498874187, 0.684988677502, 1.25387752056, 1.53251695633, 1.81115651131, 2.08979582787, 2.2523355484, 2.85605430603, 3.47138333321, 4.07510185242, 4.33052158356, 4.5046710968, 4.63238096237, 5.72371864319, 6.82666683197, 7.38394546509, 7.67419481277, 7.95283460617, 8.25469398499, 8.40562343597, 8.53333377838, 8.70748329163, 8.8119726181, 9.07900238037, 9.62467098236, 9.90331077576, 10.0658502579]
    rubato_start: []
    rubato_stop: []
    perceptual_tempo: "unknown"

sfx:
    inharmonicity:
        dmean: 0.0646063536406
        dmean2: 0.113649636507
        dvar: 0.00427481066436
        dvar2: 0.011014983058
        max: 0.407529354095
        mean: 0.0783754810691
        min: 0
        var: 0.00485931430012
    oddtoevenharmonicenergyratio:
        dmean: 2.51580834389
        dmean2: 4.51299238205
        dvar: 26.6751594543
        dvar2: 69.353729248
        max: 56.6381225586
        mean: 1.9501568079
        min: 0
        var: 20.2588939667
    pitch_after_max_to_before_max_energy_ratio: 40.2661628723
    pitch_centroid: 204.333023071
    pitch_max_to_total: 0.016091953963
    pitch_min_to_total: 0.264367818832
    tristimulus:
        dmean: [0.15711684525, 0.263535797596, 0.173285335302]
        dmean2: [0.274780333042, 0.46313560009, 0.31013789773]
        dvar: [0.0226983521134, 0.0524503216147, 0.0244487710297]
        dvar2: [0.0620419494808, 0.145893976092, 0.0616661012173]
        max: [1, 0.985428154469, 0.697677254677]
        mean: [0.248361647129, 0.487903475761, 0.183716088533]
        min: [0.0101368036121, 0, 0]
        var: [0.0317327305675, 0.0661190524697, 0.0288140885532]

tonal:
    chords_changes_rate: 0.0456621013582
    chords_number_rate: 0.0228310506791
    chords_strength:
        dmean: 0.0109810205176
        dmean2: 0.00835628155619
        dvar: 8.61616572365e-05
        dvar2: 4.77359208162e-05
        max: 0.742721319199
        mean: 0.572285234928
        min: 0.319054156542
        var: 0.00988634303212
    key_strength: 0.683648943901
    tuning_diatonic_strength: 0.547843694687
    tuning_equal_tempered_deviation: 0.0767977833748
    tuning_frequency: 443.572570801
    tuning_nontempered_energy_ratio: 0.72874879837
    hpcp:
        dmean: [0.113270170987, 0.111024402082, 0.122361153364, 0.142644166946, 0.132141381502, 0.109532192349, 0.0820758864284, 0.0727737918496, 0.0858195126057, 0.0981698706746, 0.113942801952, 0.145795956254, 0.16580016911, 0.121543847024, 0.0853154584765, 0.0919316634536, 0.1103829965, 0.164295271039, 0.151530280709, 0.132169887424, 0.113671213388, 0.123976804316, 0.170149758458, 0.17885248363, 0.160905510187, 0.136976778507, 0.15657658875, 0.156819179654, 0.134891852736, 0.140022158623, 0.116485804319, 0.0980156138539, 0.122943580151, 0.142731979489, 0.133330926299, 0.10908421874]
        dmean2: [0.17961871624, 0.189694881439, 0.20457187295, 0.229498580098, 0.222055345774, 0.184298291802, 0.139046773314, 0.116568773985, 0.143897175789, 0.168408304453, 0.192649379373, 0.24210101366, 0.281847089529, 0.200272679329, 0.137212663889, 0.153680577874, 0.179110169411, 0.261713713408, 0.25323343277, 0.221443727612, 0.188823103905, 0.220798283815, 0.292552024126, 0.304910480976, 0.271723479033, 0.217036604881, 0.266533792019, 0.259732335806, 0.209444209933, 0.235294595361, 0.197132125497, 0.157374471426, 0.202661693096, 0.240990355611, 0.218519732356, 0.172611638904]
        dvar: [0.0185008626431, 0.0201969947666, 0.0187074784189, 0.0188972782344, 0.0175016075373, 0.0198637526482, 0.010936322622, 0.0093179885298, 0.0138529743999, 0.0186415314674, 0.0234972815961, 0.0218484122306, 0.0329510718584, 0.0206733960658, 0.0150337200612, 0.0259419512004, 0.0205858796835, 0.0333473607898, 0.0366862975061, 0.0265767276287, 0.0314681082964, 0.0326405912638, 0.0475665330887, 0.0487395748496, 0.0347774848342, 0.0267940834165, 0.0330571308732, 0.0412089005113, 0.0241186656058, 0.0312104206532, 0.0275377444923, 0.0183009784669, 0.0286640729755, 0.0310279019177, 0.0201956816018, 0.0154505353421]
        dvar2: [0.0472248978913, 0.05917615816, 0.0424244739115, 0.0517848096788, 0.0478934980929, 0.049885854125, 0.026814205572, 0.0239689908922, 0.038828484714, 0.0516012609005, 0.0613664798439, 0.0612231679261, 0.0772191882133, 0.0452213548124, 0.0391687452793, 0.0716061592102, 0.0537246651947, 0.0853686183691, 0.0902357250452, 0.0565515011549, 0.083741761744, 0.0894937738776, 0.12416306138, 0.117708928883, 0.0924466401339, 0.0633437782526, 0.088089838624, 0.093153603375, 0.0534784421325, 0.0783632025123, 0.0713819563389, 0.0481298416853, 0.0644997358322, 0.0790014490485, 0.052165620029, 0.040884450078]
        max: [1, 1, 1, 1, 0.77221339941, 1, 1, 0.802235782146, 0.90172213316, 0.918432593346, 1, 1, 1, 1, 0.987195611, 1, 0.923314392567, 1, 1, 1, 1, 1, 1, 1, 1, 1, 1, 1, 1, 1, 1, 1, 1, 1, 1, 0.93769878149]
        mean: [0.199624419212, 0.194191515446, 0.275807857513, 0.325188934803, 0.244378715754, 0.173879012465, 0.147105634212, 0.148317068815, 0.17333394289, 0.170374423265, 0.185877338052, 0.286951035261, 0.326043337584, 0.212035506964, 0.134589910507, 0.130140274763, 0.167459845543, 0.3418648839, 0.396526634693, 0.245574876666, 0.143813982606, 0.135020047426, 0.208944603801, 0.317994624376, 0.317402780056, 0.23481887579, 0.24654892087, 0.276455789804, 0.238058686256, 0.22935706377, 0.183911368251, 0.148712918162, 0.284716308117, 0.395295679569, 0.286945462227, 0.194916814566]
        min: [0.0128110833466, 0.0198638513684, 0.0208949334919, 0.0190549120307, 0.0195195451379, 0.00938773155212, 0.00806298479438, 0.0126874428242, 0.0175848249346, 0.0125477705151, 0.00926403794438, 0.0109996637329, 0.00917084235698, 0.00962064601481, 0.00680123269558, 0.00894999224693, 0.00599029799923, 0.011124689132, 0.0209908615798, 0.00784164760262, 0.00414325576276, 0.00583366304636, 0.00646761665121, 0.0314722247422, 0.0296018384397, 0.0168639831245, 0.0171147100627, 0.00984492246062, 0.00832144822925, 0.00559719000012, 0.00700380466878, 0.00702514033765, 0.0113344797865, 0.0132713727653, 0.0124043533579, 0.0199627839029]
        var: [0.0365057736635, 0.0368462987244, 0.0460209548473, 0.0486177280545, 0.0261336751282, 0.0278518162668, 0.0204344280064, 0.0169393960387, 0.0218103043735, 0.0235960669816, 0.0310739465058, 0.0545269288123, 0.0756078138947, 0.037316352129, 0.0233970154077, 0.0270100943744, 0.0271481052041, 0.0932489335537, 0.123151808977, 0.0686702728271, 0.0389657951891, 0.0291565787047, 0.0587866082788, 0.087230682373, 0.072582565248, 0.0616813711822, 0.0595476403832, 0.0867010578513, 0.0582183673978, 0.0577669404447, 0.0369711369276, 0.027510555461, 0.0715428218246, 0.120429977775, 0.0576314255595, 0.0304093956947]
    chords_histogram: [39.7260284424, 0, 2.73972606659, 0, 5.02283096313, 0, 0, 0, 0, 0, 0, 0, 0, 0, 0, 0, 0, 0, 0, 0, 0, 37.4429206848, 0, 15.0684928894]
    thpcp: [1, 0.619314968586, 0.36268427968, 0.340506881475, 0.526937127113, 0.801950216293, 0.800457656384, 0.59218943119, 0.621771395206, 0.69719350338, 0.600359916687, 0.57841527462, 0.463805824518, 0.375038921833, 0.718025684357, 0.996895670891, 0.723647356033, 0.491560459137, 0.503432571888, 0.4897313416, 0.695559501648, 0.82009357214, 0.616298377514, 0.438505262136, 0.370985507965, 0.37404063344, 0.437130630016, 0.429667025805, 0.468763828278, 0.723661422729, 0.822248280048, 0.534732043743, 0.339422106743, 0.32820057869, 0.422316759825, 0.862148582935]
    chords_key: "C#"
    chords_scale: "major"
    key_key: "C#"
    key_scale: "major"
    chords_progression: ["D#m", "D#m", "D#m", "D#m", "D#", "D#", "D#", "D#", "D#", "D#", "D#", "D#", "D#", "D#", "D#m", "D#m", "D#m", "D#m", "D#m", "D#m", "D#m", "D#m", "D#m", "D#m", "D#m", "D#m", "D#m", "D#m", "D#m", "D#m", "D#m", "D#m", "D#m", "D#m", "D#", "D#m", "D#m", "D#m", "G#", "G#", "G#", "G#", "G#", "G#", "C#", "C#", "C#", "C#", "C#", "C#", "C#", "C#", "C#", "C#", "C#", "C#", "C#", "C#", "C#", "C#", "C#", "C#", "C#", "C#", "C#", "C#", "C#", "C#", "C#", "C#", "C#", "C#", "C#", "C#", "C#", "C#", "C#", "C#", "C#", "C#", "C#", "C#", "C#", "C#", "C#", "C#", "C#", "C#", "C#", "C#", "C#", "C#", "C#", "C#", "A#m", "D#m", "D#m", "D#m", "D#m", "D#m", "D#m", "D#m", "D#m", "D#m", "D#m", "D#m", "D#m", "D#m", "D#m", "D#m", "D#m", "D#m", "D#m", "D#m", "D#m", "D#m", "D#m", "D#m", "D#m", "D#m", "D#m", "D#m", "D#m", "D#m", "D#m", "D#m", "D#m", "D#m", "D#m", "D#m", "D#m", "D#m", "D#m", "D#m", "D#m", "D#m", "D#m", "D#m", "D#m", "D#m", "D#m", "D#m", "D#m", "D#m", "D#m", "D#m", "D#m", "D#m", "D#m", "D#m", "A#m", "A#m", "A#m", "A#m", "A#m", "A#m", "A#m", "A#m", "A#m", "A#m", "A#m", "A#m", "A#m", "A#m", "A#m", "A#m", "A#m", "A#m", "A#m", "A#m", "A#m", "A#m", "A#m", "A#m", "A#m", "A#m", "A#m", "A#m", "A#m", "A#m", "A#m", "A#m", "C#", "C#", "C#", "C#", "C#", "C#", "C#", "C#", "C#", "C#", "C#", "C#", "C#", "C#", "C#", "C#", "C#", "C#", "C#", "C#", "C#", "C#", "C#", "C#", "C#", "C#", "C#", "C#", "C#", "C#", "C#", "C#", "C#", "C#", "C#", "C#", "C#"]
