
metadata:
    version:
        essentia: "1.2.2"
    audio_properties:
        analysis_sample_rate: 44100
        bitrate: 128
        channels: 2
        equal_loudness: 1
        length: 10.1355104446
        replay_gain: -10.5785770416
        downmix: "mix"
    tags:
        track: 12
        year: 0
        album: "Splitted by Mp3Splt v. 2.1"
        artist: "From 001.50 To 002.00"
        comment: "http://mp3splt.sf.net"
        genre: ""
        title: "16 Diamente.mp3"

highlevel:
    ballroom:
        all:
            ChaChaCha: 0.209217011929
            Jive: 0.188377916813
            Quickstep: 0.121029831469
            Rumba-American: 0.0147601030767
            Rumba-International: 0.115875817835
            Rumba-Misc: 0.0394372604787
            Samba: 0.117782764137
            Tango: 0.0400891900063
            VienneseWaltz: 0.116550818086
            Waltz: 0.0368792749941
        probability: 0.209217011929
        value: "ChaChaCha"
    culture:
        all:
            non_western: 0.0430689714849
            western: 0.956931054592
        probability: 0.956931054592
        value: "western"
    gender:
        all:
            female: 0.663692951202
            male: 0.336307048798
        probability: 0.663692951202
        value: "female"
    genre_dortmund:
        all:
            alternative: 0.0762334465981
            blues: 0.0111766364425
            electronic: 0.0689263492823
            folkcountry: 0.0733244121075
            funksoulrnb: 0.0353451296687
            jazz: 0.436588019133
            pop: 0.0449691563845
            raphiphop: 0.0600427910686
            rock: 0.193394050002
        probability: 0.436588019133
        value: "jazz"
    genre_electronica:
        all:
            ambient: 0.273329675198
            dnb: 0.318478703499
            house: 0.0239212587476
            techno: 0.00806311145425
            trance: 0.376207262278
        probability: 0.376207262278
        value: "trance"
    genre_rosamerica:
        all:
            cla: 0.156971901655
            dan: 0.114663593471
            hip: 0.0407924465835
            jaz: 0.132539778948
            pop: 0.322423577309
            rhy: 0.0504627078772
            roc: 0.170036569238
            spe: 0.0121094100177
        probability: 0.322423577309
        value: "pop"
    genre_tzanetakis:
        all:
            blu: 0.00864738877863
            cla: 0.036423034966
            cou: 0.173095449805
            dis: 0.0750346854329
            hip: 0.0212510991842
            jaz: 0.165954694152
            met: 0.0145866014063
            pop: 0.313430696726
            reg: 0.0930983424187
            roc: 0.0984779819846
        probability: 0.313430696726
        value: "pop"
    live_studio:
        all:
            live: 0.184905916452
            studio: 0.815094053745
        probability: 0.815094053745
        value: "studio"
    mood:
        all:
            Cluster1: 0.234623447061
            Cluster2: 0.271521866322
            Cluster3: 0.188026532531
            Cluster4: 0.110463008285
            Cluster5: 0.195365130901
        probability: 0.271521866322
        value: "Cluster2"
    mood_acoustic:
        all:
            acoustic: 0.239179119468
            not_acoustic: 0.760820865631
        probability: 0.760820865631
        value: "not_acoustic"
    mood_aggressive:
        all:
            aggressive: 0.467177391052
            not_aggressive: 0.532822608948
        probability: 0.532822608948
        value: "not_aggressive"
    mood_electronic:
        all:
            electronic: 0.893105685711
            not_electronic: 0.106894284487
        probability: 0.893105685711
        value: "electronic"
    mood_happy:
        all:
            happy: 0.699049949646
            not_happy: 0.300950050354
        probability: 0.699049949646
        value: "happy"
    mood_party:
        all:
            not_party: 0.718439817429
            party: 0.281560212374
        probability: 0.718439817429
        value: "not_party"
    mood_relaxed:
        all:
            not_relaxed: 0.119284667075
            relaxed: 0.880715310574
        probability: 0.880715310574
        value: "relaxed"
    mood_sad:
        all:
            not_sad: 0.415629029274
            sad: 0.584370970726
        probability: 0.584370970726
        value: "sad"
    rhythm:
        all:
            fast: 0.201008200645
            medium: 0.780684351921
            slow: 0.0183074250817
        probability: 0.780684351921
        value: "medium"
    speech_music:
        all:
            music: 0.995038151741
            speech: 0.00496184360236
        probability: 0.995038151741
        value: "music"
    timbre:
        all:
            bright: 0.904941260815
            dark: 0.0950587391853
        probability: 0.904941260815
        value: "bright"
    voice_instrumental:
        all:
            instrumental: 0.949325323105
            voice: 0.0506746768951
        probability: 0.949325323105
        value: "instrumental"

lowlevel:
    average_loudness: 0.978686392307
    barkbands_kurtosis:
        dmean: 1.62562954426
        dmean2: 2.69217419624
        dvar: 5.13794803619
        dvar2: 14.2526264191
        max: 18.9427871704
        mean: 1.22779786587
        min: -1.72059583664
        var: 6.24320411682
    barkbands_skewness:
        dmean: 0.441233336926
        dmean2: 0.699192583561
        dvar: 0.202595189214
        dvar2: 0.508896768093
        max: 3.86952376366
        mean: 1.13527810574
        min: -1.00486695766
        var: 0.539585709572
    barkbands_spread:
        dmean: 5.22793769836
        dmean2: 8.21385669708
        dvar: 21.3830604553
        dvar2: 56.076675415
        max: 49.9995346069
        mean: 20.5001773834
        min: 5.10277700424
        var: 73.9280548096
    dissonance:
        dmean: 0.0210891161114
        dmean2: 0.0343865007162
        dvar: 0.000517472741194
        dvar2: 0.00115697050933
        max: 0.499565660954
        mean: 0.45353269577
        min: 0.23349301517
        var: 0.000941357633565
    hfc:
        dmean: 1.69132423401
        dmean2: 2.67339515686
        dvar: 12.1411209106
        dvar2: 30.1596717834
        max: 38.5449485779
        mean: 3.39922237396
        min: 0.0388337746263
        var: 14.2745923996
    pitch:
        dmean: 273.367736816
        dmean2: 515.395202637
        dvar: 529883.4375
        dvar2: 1235336.125
        max: 4009.09082031
        mean: 467.21786499
        min: 69.5583572388
        var: 665641.5625
    pitch_instantaneous_confidence:
        dmean: 0.0738716050982
        dmean2: 0.118651516736
        dvar: 0.00424308469519
        dvar2: 0.0092622609809
        max: 0.698365688324
        mean: 0.385294228792
        min: 0.143390774727
        var: 0.0124227926135
    pitch_salience:
        dmean: 0.0609010830522
        dmean2: 0.10027334094
        dvar: 0.00306704966351
        dvar2: 0.0083191851154
        max: 0.935741782188
        mean: 0.626711845398
        min: 0.383536309004
        var: 0.00660033430904
    silence_rate_20dB:
        dmean: 0
        dmean2: 0
        dvar: 0
        dvar2: 0
        max: 1
        mean: 1
        min: 1
        var: 0
    silence_rate_30dB:
        dmean: 0
        dmean2: 0
        dvar: 0
        dvar2: 0
        max: 1
        mean: 1
        min: 1
        var: 0
    silence_rate_60dB:
        dmean: 0.187643021345
        dmean2: 0.376146793365
        dvar: 0.152432948351
        dvar2: 0.271357804537
        max: 1
        mean: 0.522831022739
        min: 0
        var: 0.249479651451
    spectral_centroid:
        dmean: 197.165222168
        dmean2: 295.156463623
        dvar: 43984.9921875
        dvar2: 95275.3203125
        max: 2533.9387207
        mean: 900.068054199
        min: 296.108398438
        var: 184285.6875
    spectral_complexity:
        dmean: 2.61009168625
        dmean2: 4.04597711563
        dvar: 18.7332344055
        dvar2: 35.9748802185
        max: 47
        mean: 9.79405021667
        min: 0
        var: 32.7447891235
    spectral_crest:
        dmean: 1.8933339119
        dmean2: 3.16453123093
        dvar: 2.61576271057
        dvar2: 6.29963445663
        max: 16.0169410706
        mean: 7.79609060287
        min: 3.02738714218
        var: 6.21164512634
    spectral_decrease:
        dmean: 5.3876514361e-10
        dmean2: 8.84670725565e-10
        dvar: 8.16155380662e-19
        dvar2: 2.22517044169e-18
        max: -5.60855745527e-12
        mean: -9.90574400284e-10
        min: -6.32448848847e-09
        var: 7.35373283932e-19
    spectral_energy:
        dmean: 0.00217527779751
        dmean2: 0.0035618878901
        dvar: 1.30543339765e-05
        dvar2: 3.53709510819e-05
        max: 0.0249621458352
        mean: 0.00404697470367
        min: 2.4690229111e-05
        var: 1.19782007459e-05
    spectral_energyband_high:
        dmean: 6.93663823768e-05
        dmean2: 0.000101847821497
        dvar: 2.03198684545e-08
        dvar2: 4.1155953312e-08
        max: 0.0015619591577
        mean: 9.3441674835e-05
        min: 2.27783218065e-07
        var: 3.77118070105e-08
    spectral_energyband_low:
        dmean: 0.000299471634207
        dmean2: 0.00053522142116
        dvar: 3.30571509721e-07
        dvar2: 9.13925305213e-07
        max: 0.00376194901764
        mean: 0.000409564439906
        min: 8.8753165528e-07
        var: 3.42834653111e-07
    spectral_energyband_middle_high:
        dmean: 0.000446197809651
        dmean2: 0.000748790160287
        dvar: 1.55364296006e-06
        dvar2: 4.05507125834e-06
        max: 0.0136957596987
        mean: 0.00086935114814
        min: 9.00492159417e-06
        var: 1.42608314491e-06
    spectral_energyband_middle_low:
        dmean: 0.00161527353339
        dmean2: 0.00270279450342
        dvar: 8.40491065901e-06
        dvar2: 2.33256287174e-05
        max: 0.0223801322281
        mean: 0.00267460476607
        min: 9.64735318121e-06
        var: 7.3824530773e-06
    spectral_flatness_db:
        dmean: 0.0176736861467
        dmean2: 0.0266956184059
        dvar: 0.000286774826236
        dvar2: 0.000738698523492
        max: 0.25436219573
        mean: 0.176676958799
        min: 0.100632593036
        var: 0.000869788054843
    spectral_flux:
        dmean: 0.0131315262988
        dmean2: 0.0208208560944
        dvar: 0.000383866427001
        dvar2: 0.000641680904664
        max: 0.13203419745
        mean: 0.0342036262155
        min: 0.00496892631054
        var: 0.000547881005332
    spectral_kurtosis:
        dmean: 2.80024337769
        dmean2: 4.61773109436
        dvar: 7.30167198181
        dvar2: 19.0181026459
        max: 25.0529136658
        mean: 7.97249269485
        min: 1.14151954651
        var: 16.9651813507
    spectral_rms:
        dmean: 0.000447266269475
        dmean2: 0.000695490103681
        dvar: 3.75607953629e-07
        dvar2: 9.85549604593e-07
        max: 0.00493490742519
        mean: 0.00186388229486
        min: 0.000155203175382
        var: 4.74209116419e-07
    spectral_rolloff:
        dmean: 552.898925781
        dmean2: 896.37487793
        dvar: 307516.34375
        dvar2: 710303.625
        max: 4091.30859375
        mean: 1667.07336426
        min: 344.53125
        var: 1011578.1875
    spectral_skewness:
        dmean: 0.326166182756
        dmean2: 0.502528607845
        dvar: 0.0818288698792
        dvar2: 0.209348797798
        max: 3.95503234863
        mean: 2.0312461853
        min: 0.740863442421
        var: 0.288157820702
    spectral_spread:
        dmean: 568540.375
        dmean2: 807751.75
        dvar: 746587422720
        dvar2: 1.22590304666e+12
        max: 17800740
        mean: 3451694
        min: 1996416.375
        var: 1.33099762483e+12
    spectral_strongpeak:
        dmean: 0.166694074869
        dmean2: 0.269026398659
        dvar: 0.051745146513
        dvar2: 0.125915497541
        max: 2.19498491287
        mean: 0.389793664217
        min: 0.00530754076317
        var: 0.100003577769
    zerocrossingrate:
        dmean: 0.00760643649846
        dmean2: 0.00802015978843
        dvar: 4.44149736722e-05
        dvar2: 4.22742887167e-05
        max: 0.13623046875
        mean: 0.0565948151052
        min: 0.01025390625
        var: 0.000422677141614
    barkbands:
        dmean: [4.35372385255e-07, 5.46627597942e-05, 0.000264298432739, 0.000467520323582, 0.000591348623857, 0.000398355332436, 0.000159315954079, 0.000216140644625, 0.000155224348418, 4.59703333036e-05, 3.52024253516e-05, 3.65619307559e-05, 3.74938063032e-05, 5.51372068003e-05, 7.22559343558e-05, 0.000105880229967, 7.77011737227e-05, 5.63470457564e-05, 8.47827541293e-05, 5.64065849176e-05, 3.08020826196e-05, 8.64725188876e-06, 2.17073966269e-06, 6.50497554489e-07, 2.24499032697e-07, 2.03486560935e-08, 2.46473841337e-10]
        dmean2: [7.3058106409e-07, 9.49393433984e-05, 0.00047505547991, 0.000841958797537, 0.00102023675572, 0.000737738562748, 0.000259466934949, 0.000337212637533, 0.00021197249589, 7.33968481654e-05, 5.24575989402e-05, 5.99271515966e-05, 6.4569474489e-05, 9.61481637205e-05, 0.000128400104586, 0.000187830111827, 0.000131996159325, 9.36623691814e-05, 0.00013610906899, 8.91686941031e-05, 4.6039087465e-05, 1.24094294733e-05, 3.53747896042e-06, 9.88716237771e-07, 3.5369501461e-07, 3.25252216271e-08, 4.67729688314e-10]
        dvar: [6.66114678607e-13, 7.43992734087e-09, 2.81882307718e-07, 9.10526750886e-07, 1.7184297576e-06, 1.00739919162e-06, 3.70465151889e-08, 8.71877432473e-08, 1.05704124564e-07, 6.98293511903e-09, 2.24018958939e-09, 2.94668467404e-09, 9.59641610621e-09, 3.42233441586e-08, 7.60329825766e-08, 1.00386110091e-07, 3.49806192901e-08, 1.21881003068e-08, 2.40710082977e-08, 1.20318484065e-08, 5.09865660803e-09, 4.1390438299e-10, 3.11023880262e-11, 2.07614177586e-12, 3.68663649955e-13, 4.96602711481e-15, 1.03808747372e-18]
        dvar2: [1.50396123506e-12, 1.98150971187e-08, 7.86980137946e-07, 2.55237159763e-06, 4.54154633189e-06, 2.93232778859e-06, 1.00792107105e-07, 1.97328958507e-07, 2.24224493195e-07, 1.52664778597e-08, 4.60553684078e-09, 7.37430161379e-09, 2.52549927637e-08, 9.82411307859e-08, 2.1485243451e-07, 2.7981369044e-07, 8.97771244013e-08, 3.00776896722e-08, 6.23076275019e-08, 2.6502572581e-08, 1.01767980709e-08, 8.90016116362e-10, 7.93616700134e-11, 4.97490286813e-12, 8.74745371623e-13, 1.26771990732e-14, 2.16259774387e-18]
        max: [4.42756436314e-06, 0.000564993941225, 0.00353599013761, 0.00616608373821, 0.012871010229, 0.00739790452644, 0.00209996011108, 0.00319517729804, 0.00524481385946, 0.00101140572224, 0.000549539283384, 0.000702677643858, 0.00089242454851, 0.00199158722535, 0.00283813569695, 0.00323385815136, 0.00217347941361, 0.00116419640835, 0.00176508631557, 0.00111581303645, 0.000805795483757, 0.000205282412935, 5.18170636497e-05, 1.50394980665e-05, 5.37781215826e-06, 7.12696987648e-07, 2.05080308291e-08]
        mean: [3.92869822008e-07, 7.70736805862e-05, 0.00033211230766, 0.000491928483825, 0.000617527810391, 0.000391236389987, 0.000299664970953, 0.000469138089102, 0.000384703715099, 8.93344476935e-05, 6.8108420237e-05, 5.19827153767e-05, 4.63119140477e-05, 6.44388492219e-05, 7.41715412005e-05, 0.000122967612697, 0.000108939537313, 8.56047336129e-05, 0.000138198665809, 8.00162233645e-05, 3.88467851735e-05, 1.09592901936e-05, 2.29895681514e-06, 7.50635479108e-07, 2.48271931014e-07, 1.99859666594e-08, 2.63242011522e-10]
        min: [6.79811901216e-11, 1.15425379477e-07, 5.66422102111e-07, 3.60786941656e-07, 6.3266291761e-08, 3.36242010235e-07, 4.84766928821e-07, 2.54008136835e-06, 4.96507982461e-06, 4.88078342187e-07, 1.92398192667e-06, 7.02785371232e-07, 2.77414045513e-07, 1.08405210142e-07, 7.25966771142e-08, 6.4852901005e-07, 1.08898248641e-07, 2.92160336812e-07, 3.44039506217e-07, 1.54293005039e-07, 4.819213828e-08, 3.64869485736e-08, 8.3741671375e-09, 6.36347685656e-09, 1.12882825309e-09, 1.07082953615e-10, 4.45516106645e-12]
        var: [6.76250884717e-13, 8.22627566066e-09, 2.9642697541e-07, 7.02650993389e-07, 1.39415976719e-06, 6.14726729964e-07, 8.70621050808e-08, 2.27429950428e-07, 2.91594574264e-07, 1.2273210892e-08, 5.87976689559e-09, 4.07941014302e-09, 7.64062590974e-09, 2.16454125734e-08, 4.73884611552e-08, 6.97019117979e-08, 3.43318475871e-08, 1.86920718903e-08, 3.32405178938e-08, 2.31654517791e-08, 8.72335004232e-09, 6.74136302337e-10, 3.44313119682e-11, 2.52745263954e-12, 3.68741305936e-13, 3.8877245268e-15, 1.95116789776e-18]
    mfcc:
        mean: [-750.098876953, 159.835006714, -51.5353088379, 49.2594528198, -16.7429714203, -15.8019933701, -8.61710548401, -7.5563082695, -2.30976009369, 0.0936163663864, -3.66952586174, -3.04217004776, -4.45983505249]
        cov: [[1797.26098633, -694.572387695, 269.762512207, 197.812484741, -24.7915935516, 306.555633545, -0.856610417366, 18.8819618225, -51.6520271301, -30.1255302429, -53.3309516907, -36.3783569336, -63.9156990051], [-694.572387695, 914.984130859, -59.1496658325, -83.3141479492, 59.3770103455, -180.363204956, 27.665309906, 4.98528814316, 62.728302002, 0.613641381264, 35.8102798462, 11.3015632629, 0.144037842751], [269.762512207, -59.1496658325, 323.67376709, 106.029762268, 42.2000198364, 107.175170898, 25.5381584167, 30.6115036011, 13.526257515, 12.1456832886, -2.96011090279, 1.14961493015, -7.67454767227], [197.812484741, -83.3141479492, 106.029762268, 186.391586304, 66.1128158569, 103.962936401, 35.8564224243, 47.8508262634, 6.3604259491, 19.1750869751, 11.4888601303, 13.0499725342, 6.75761604309], [-24.7915935516, 59.3770103455, 42.2000198364, 66.1128158569, 141.582977295, 55.593952179, 31.6825942993, 11.3941173553, 19.7183685303, 16.0442142487, 17.175699234, 6.26793193817, 5.52023172379], [306.555633545, -180.363204956, 107.175170898, 103.962936401, 55.593952179, 190.12210083, 37.5402488708, 37.6340179443, 4.8528418541, 21.4674339294, 11.2678022385, 13.6205301285, -6.48398971558], [-0.856610417366, 27.665309906, 25.5381584167, 35.8564224243, 31.6825942993, 37.5402488708, 72.3716278076, 38.6196479797, 20.3350086212, 14.645409584, 19.5144729614, 11.5997371674, 1.98806750774], [18.8819618225, 4.98528814316, 30.6115036011, 47.8508262634, 11.3941173553, 37.6340179443, 38.6196479797, 83.5252151489, 33.6511650085, 9.26624107361, 22.3807563782, 20.5542793274, 3.49157881737], [-51.6520271301, 62.728302002, 13.526257515, 6.3604259491, 19.7183685303, 4.8528418541, 20.3350086212, 33.6511650085, 56.5423812866, 24.396654129, 17.4714717865, 15.9382801056, 9.18446350098], [-30.1255302429, 0.613641381264, 12.1456832886, 19.1750869751, 16.0442142487, 21.4674339294, 14.645409584, 9.26624107361, 24.396654129, 62.3953285217, 26.0267219543, 6.04732704163, 14.2654752731], [-53.3309516907, 35.8102798462, -2.96011090279, 11.4888601303, 17.175699234, 11.2678022385, 19.5144729614, 22.3807563782, 17.4714717865, 26.0267219543, 56.4704780579, 18.8571567535, -3.6007733345], [-36.3783569336, 11.3015632629, 1.14961493015, 13.0499725342, 6.26793193817, 13.6205301285, 11.5997371674, 20.5542793274, 15.9382801056, 6.04732704163, 18.8571567535, 45.4640693665, 14.9207677841], [-63.9156990051, 0.144037842751, -7.67454767227, 6.75761604309, 5.52023172379, -6.48398971558, 1.98806750774, 3.49157881737, 9.18446350098, 14.2654752731, -3.6007733345, 14.9207677841, 47.3693733215]]
        icov: [[0.00115374778397, 0.000515365914907, -0.000369104702258, -0.000657631782815, 0.000707981758751, -0.00123831199016, 0.00013746242621, 0.000487066950882, -0.000623112253379, 0.000767754390836, 0.000354589516064, 0.000649911991786, 0.00100737065077], [0.000515365914907, 0.00202254322357, -0.000409888685681, 3.76075695385e-05, -0.00100003008265, 0.00172380101867, -0.000847045273986, 0.000336476921802, -0.00170463498216, 0.000700558885001, -0.000398388161557, -9.691111336e-05, 0.00110048509669], [-0.000369104702258, -0.000409888685681, 0.00437608221546, -0.00159859936684, 0.000143630095408, -0.00149358937051, 5.20416906511e-05, 0.00017739951727, -0.00120395049453, -0.000176427914994, 0.000987986451946, 0.000378195865778, 0.000446353398729], [-0.000657631782815, 3.76075695385e-05, -0.00159859936684, 0.011028777808, -0.00413788016886, -0.0014578232076, -5.27022202732e-05, -0.00601884629577, 0.00522193452343, -0.00287996302359, 0.000996681395918, -0.00123097072355, -0.00167294510175], [0.000707981758751, -0.00100003008265, 0.000143630095408, -0.00413788016886, 0.0119112841785, -0.00431266566738, -0.00233236281201, 0.00538881821558, -0.00490080704913, 0.00302282627672, -0.00290835695341, 0.00292348163202, -0.00180789642036], [-0.00123831199016, 0.00172380101867, -0.00149358937051, -0.0014578232076, -0.00431266566738, 0.013658894226, -0.00279545900412, -0.00269094365649, 0.00258140498772, -0.0043903561309, 0.00154977792408, -0.00459926156327, 0.00336596765555], [0.00013746242621, -0.000847045273986, 5.20416906511e-05, -5.27022202732e-05, -0.00233236281201, -0.00279545900412, 0.0215045921504, -0.00784815754741, 0.000170310522662, -0.00154063827358, -0.00189743819647, 0.000522798974998, -0.00010885080701], [0.000487066950882, 0.000336476921802, 0.00017739951727, -0.00601884629577, 0.00538881821558, -0.00269094365649, -0.00784815754741, 0.0264221280813, -0.0151322418824, 0.00835759006441, -0.00637086201459, -0.000715300324373, -0.000912852527108], [-0.000623112253379, -0.00170463498216, -0.00120395049453, 0.00522193452343, -0.00490080704913, 0.00258140498772, 0.000170310522662, -0.0151322418824, 0.036043394357, -0.0142363710329, 0.00416726479307, -0.00737830298021, 0.000196839871933], [0.000767754390836, 0.000700558885001, -0.000176427914994, -0.00287996302359, 0.00302282627672, -0.0043903561309, -0.00154063827358, 0.00835759006441, -0.0142363710329, 0.0308333039284, -0.0157290548086, 0.00977106578648, -0.010887214914], [0.000354589516064, -0.000398388161557, 0.000987986451946, 0.000996681395918, -0.00290835695341, 0.00154977792408, -0.00189743819647, -0.00637086201459, 0.00416726479307, -0.0157290548086, 0.0332894548774, -0.013882920146, 0.0124301509932], [0.000649911991786, -9.691111336e-05, 0.000378195865778, -0.00123097072355, 0.00292348163202, -0.00459926156327, 0.000522798974998, -0.000715300324373, -0.00737830298021, 0.00977106578648, -0.013882920146, 0.0355539135635, -0.0135917216539], [0.00100737065077, 0.00110048509669, 0.000446353398729, -0.00167294510175, -0.00180789642036, 0.00336596765555, -0.00010885080701, -0.000912852527108, 0.000196839871933, -0.010887214914, 0.0124301509932, -0.0135917216539, 0.0319875068963]]
    spectral_contrast:
        mean: [2.85540949108e-07, 4.74663352179e-07, -7.06355933744e-08, 4.33761897511e-07, -1.09439994844e-07, -3.82315363368e-07, 1.51330323206e-06, 1.98782163352e-06, -1.50580149239e-07, -2.12373947761e-06, -6.01365854891e-07, -6.83339294483e-06]
        var: [0.000329874339513, 0.000580126943532, 0.00104696443304, 0.00165720004588, 0.00393520621583, 0.00447545107454, 0.0463784113526, 0.0744206085801, 0.125148907304, 0.280624300241, 0.515118122101, 1.17072558403]

rhythm:
    beats_loudness:
        dmean: 0.00355784362182
        dmean2: 0.00544270453975
        dvar: 5.1211382015e-06
        dvar2: 1.61307070812e-05
        max: 0.0114818587899
        mean: 0.00631267158315
        min: 0.00214126566425
        var: 8.50562355481e-06
    beats_loudness_bass:
        dmean: 0.0514567382634
        dmean2: 0.0746010243893
        dvar: 0.00438811117783
        dvar2: 0.00642871204764
        max: 0.28325548768
        mean: 0.2096041888
        min: 0.0177740808576
        var: 0.00401319004595
    bpm: 88.3564453125
    bpm_confidence: 0
    first_peak_bpm: 88
    first_peak_spread: 0.0714285969734
    first_peak_weight: 0.928571403027
    onset_rate: 5.1304769516
    second_peak_bpm: 0
    second_peak_spread: 0
    second_peak_weight: 0
    beats_position: [0.356264561415, 1.03519701958, 1.71412944794, 2.3930618763, 3.07199430466, 3.75092673302, 4.42985916138, 5.10879182816, 5.7877240181, 6.48748731613, 7.16669130325, 7.84589576721, 8.52509975433, 9.20430374146, 9.88350772858]
    bpm_estimates: [88.4530181885, 88.3526992798, 88.3814315796, 88.2572250366, 88.4567184448, 88.3939971924, 88.3728485107, 88.3299789429, 88.3788604736, 88.2554626465, 88.482963562, 88.3770828247, 88.3953475952, 88.345085144, 88.3383026123, 88.3849487305, 88.4419174194, 88.4018478394, 88.3103103638, 88.3363265991, 88.3038787842, 88.0915222168]
    bpm_intervals: [0.67893242836, 0.67893242836, 0.67893242836, 0.67893242836, 0.67893242836, 0.67893242836, 0.678932666779, 0.678932189941, 0.699763298035, 0.679203987122, 0.679204463959, 0.679203987122, 0.679203987122, 0.679203987122]
    onset_times: [0.0464399084449, 0.18575963378, 0.325079351664, 0.673378705978, 0.986848056316, 1.24226760864, 1.35836732388, 1.55573701859, 1.67183673382, 1.98530614376, 2.03174614906, 2.15945577621, 2.24072551727, 2.35682535172, 2.57741498947, 2.71673464775, 3.05342411995, 3.39011335373, 3.59909296036, 3.73841261864, 3.95900225639, 4.08671188354, 4.27247142792, 4.40018129349, 4.67882108688, 4.76009082794, 4.96907043457, 5.10838985443, 5.32897949219, 5.44507932663, 5.75854873657, 6.11845827103, 6.31582784653, 6.46675729752, 6.6989569664, 6.80344676971, 7.01242637634, 7.12852621078, 7.4884352684, 7.60453510284, 7.6858048439, 7.8251247406, 8.05732440948, 8.17342376709, 8.498503685, 8.84680271149, 9.19510173798, 9.41569137573, 9.53179168701, 9.72916126251, 9.85687065125, 9.92653083801]
    rubato_start: []
    rubato_stop: []
    perceptual_tempo: "unknown"

sfx:
    inharmonicity:
        dmean: 0.0322559028864
        dmean2: 0.057473000139
        dvar: 0.00149934575893
        dvar2: 0.00418300740421
        max: 0.282901406288
        mean: 0.035212803632
        min: 0.000237716070842
        var: 0.00159678666387
    oddtoevenharmonicenergyratio:
        dmean: 2.02403306961
        dmean2: 3.54187011719
        dvar: 9.80935573578
        dvar2: 25.3394241333
        max: 24.2967891693
        mean: 1.60242378712
        min: 0.00121619203128
        var: 9.02268695831
    pitch_after_max_to_before_max_energy_ratio: 3.5416738987
    pitch_centroid: 204.804321289
    pitch_max_to_total: 0.162471398711
    pitch_min_to_total: 0.306636154652
    tristimulus:
        dmean: [0.214932620525, 0.214027479291, 0.0842299759388]
        dmean2: [0.370260596275, 0.368607014418, 0.148263394833]
        dvar: [0.0335714034736, 0.0322307571769, 0.00680086249486]
        dvar2: [0.0820647105575, 0.0768448039889, 0.0172064118087]
        max: [0.912626028061, 0.91320335865, 0.508112728596]
        mean: [0.416121184826, 0.466607540846, 0.097429536283]
        min: [0.00892607495189, 0, 0]
        var: [0.0510674268007, 0.0503783449531, 0.00888467207551]

tonal:
    chords_changes_rate: 0.0500000007451
    chords_number_rate: 0.0363636352122
    chords_strength:
        dmean: 0.00926537066698
        dmean2: 0.00789919588715
        dvar: 4.93597508466e-05
        dvar2: 4.32987253589e-05
        max: 0.600376486778
        mean: 0.453928679228
        min: 0.222412109375
        var: 0.0062097851187
    key_strength: 0.650710642338
    tuning_diatonic_strength: 0.434622436762
    tuning_equal_tempered_deviation: 0.0204760860652
    tuning_frequency: 440
    tuning_nontempered_energy_ratio: 0.62353938818
    hpcp:
        dmean: [0.0848123878241, 0.0966572836041, 0.125612542033, 0.147735148668, 0.13147470355, 0.067420989275, 0.0524340420961, 0.0749867260456, 0.135507255793, 0.172017648816, 0.141205608845, 0.108970366418, 0.128866270185, 0.123139873147, 0.0986722558737, 0.107802137733, 0.093336969614, 0.109877958894, 0.124097891152, 0.132785797119, 0.103428259492, 0.089387781918, 0.0917770788074, 0.13842703402, 0.161471605301, 0.119681186974, 0.0532988682389, 0.0379505641758, 0.0503745377064, 0.089332446456, 0.104872904718, 0.0921212956309, 0.120658919215, 0.132946953177, 0.0958487465978, 0.082962565124]
        dmean2: [0.13899640739, 0.171023756266, 0.205994784832, 0.247598350048, 0.22989115119, 0.11919683218, 0.0887410491705, 0.133368179202, 0.216568768024, 0.27675396204, 0.242605015635, 0.186742275953, 0.221856474876, 0.208326324821, 0.170326426625, 0.182948470116, 0.160570979118, 0.18412335217, 0.216762214899, 0.237636759877, 0.188368111849, 0.156892344356, 0.158344328403, 0.240000769496, 0.276721775532, 0.213078126311, 0.0945215374231, 0.0631356164813, 0.0912814512849, 0.156688868999, 0.17815412581, 0.159584745765, 0.211628362536, 0.228101670742, 0.162699863315, 0.142478719354]
        dvar: [0.0154411848634, 0.0279893130064, 0.0239009484649, 0.0433975793421, 0.028413683176, 0.00853879377246, 0.00953074451536, 0.0203015487641, 0.0264629926533, 0.0402457527816, 0.0302779711783, 0.0202571991831, 0.0439428463578, 0.0274960678071, 0.0205027721822, 0.0249984171242, 0.0230943020433, 0.0233187954873, 0.0429696626961, 0.0328674949706, 0.0353713184595, 0.0276436824352, 0.0269744433463, 0.023996995762, 0.0425041764975, 0.0234454236925, 0.0143543863669, 0.00805915519595, 0.00897022243589, 0.0308190733194, 0.0299322642386, 0.0192480422556, 0.0273270010948, 0.0341765657067, 0.0175742767751, 0.0163351036608]
        dvar2: [0.0373474657536, 0.0823721215129, 0.0595746561885, 0.107881575823, 0.0791545808315, 0.0224308818579, 0.0246199909598, 0.0567438937724, 0.0661859661341, 0.0899025052786, 0.0863042101264, 0.056281208992, 0.100202329457, 0.0737192854285, 0.0506745949388, 0.0613288059831, 0.0566989220679, 0.0609713792801, 0.10004003346, 0.0820593759418, 0.0956173315644, 0.072386585176, 0.0718339905143, 0.0571548268199, 0.0974709242582, 0.0631883814931, 0.0408487990499, 0.0229484271258, 0.0242685358971, 0.0868925154209, 0.0804968327284, 0.050484675914, 0.0831397026777, 0.0991894453764, 0.0518462844193, 0.0460734441876]
        max: [1, 1, 0.906351685524, 1, 1, 0.505422770977, 0.707178652287, 0.977207541466, 1, 1, 1, 1, 1, 1, 1, 1, 1, 1, 1, 1, 1, 1, 1, 1, 1, 1, 0.943802058697, 0.83946454525, 0.61169219017, 1, 1, 0.910017430782, 1, 1, 1, 1]
        mean: [0.167881548405, 0.135680437088, 0.196766808629, 0.314979463816, 0.21284224093, 0.0726016163826, 0.0509682297707, 0.0639380216599, 0.227742224932, 0.350730419159, 0.217804372311, 0.185974344611, 0.267544567585, 0.183612689376, 0.121196940541, 0.139905333519, 0.105713427067, 0.195014074445, 0.317778289318, 0.200908094645, 0.0956217944622, 0.109763927758, 0.102197080851, 0.275153279305, 0.413576126099, 0.218073755503, 0.0484186783433, 0.0371916256845, 0.0461103096604, 0.0947722122073, 0.135972097516, 0.109179973602, 0.140664920211, 0.194736883044, 0.142690882087, 0.129274278879]
        min: [0.00157576415222, 0.00286292098463, 0.00220560585149, 0.00215514772572, 0.00208794255741, 0.00107709597796, 0, 0.00120198144577, 1.88727517525e-05, 0.00450603663921, 0.00878176651895, 0.00334840989672, 0.00285622477531, 0, 0.00122601957992, 0.00122079555877, 0.002282618545, 0.00234834989533, 0.000835332670249, 0.0016984664835, 0.00186934159137, 0.00126450776588, 0.000671377289109, 0.00364878610708, 0.00442046253011, 0.00545391673222, 0.00105309172068, 0.000965302868281, 0.00147131318226, 0.00189678173047, 0.0016924215015, 0.00251548853703, 0.00189421244431, 0.000867087393999, 0.00335501274094, 0.00198730197735]
        var: [0.0605057068169, 0.0404581576586, 0.0427800789475, 0.120793618262, 0.0553120039403, 0.00858751684427, 0.00878675468266, 0.0146999312565, 0.051629986614, 0.105663135648, 0.0415051802993, 0.0421444550157, 0.127708256245, 0.0561699308455, 0.0286526661366, 0.040892995894, 0.0244304649532, 0.0474618189037, 0.1382060498, 0.0546055287123, 0.0265227258205, 0.0314984172583, 0.0240683332086, 0.0577497705817, 0.132112890482, 0.0383089967072, 0.00968092866242, 0.00621845619753, 0.00722743477672, 0.0219349283725, 0.0292456336319, 0.0191325824708, 0.0317857973278, 0.0589292794466, 0.0313661806285, 0.0241186656058]
    chords_histogram: [31.3636360168, 10.4545450211, 11.8181819916, 15.4545450211, 4.09090900421, 0.454545468092, 0, 2.27272725105, 0, 18.1818180084, 5.90909099579, 0, 0, 0, 0, 0, 0, 0, 0, 0, 0, 0, 0, 0]
    thpcp: [1, 0.527288079262, 0.117073193192, 0.0899269133806, 0.111491709948, 0.229153007269, 0.328771620989, 0.263990014791, 0.340118557215, 0.470861047506, 0.34501722455, 0.31257674098, 0.405926585197, 0.328066408634, 0.475769251585, 0.761599719524, 0.514638602734, 0.175545960665, 0.123237840831, 0.154597952962, 0.550665795803, 0.848043203354, 0.526636719704, 0.449673801661, 0.646905243397, 0.443963468075, 0.293046265841, 0.338281929493, 0.255608141422, 0.471531271935, 0.768367111683, 0.485782623291, 0.231207236648, 0.265401989222, 0.247105851769, 0.665302634239]
    chords_key: "A#"
    chords_scale: "minor"
    key_key: "A#"
    key_scale: "minor"
    chords_progression: ["F", "F", "F", "F", "F", "F", "F", "F", "F", "F", "F", "F", "F", "F", "F", "F", "F", "F", "Fm", "Fm", "Fm", "Fm", "Fm", "Fm", "Fm", "Fm", "Fm", "Fm", "Fm", "Fm", "Fm", "Fm", "Fm", "Fm", "Fm", "Fm", "C#", "C#", "C#", "C#", "C#", "C#", "C#", "C#", "C#", "C#", "C#", "C#", "C#", "C#", "C#", "C#", "C#", "C#", "C#", "C#", "C#", "C#", "C#", "A#m", "A#m", "A#m", "A#m", "A#m", "A#m", "A#m", "A#m", "A#m", "A#m", "A#m", "A#m", "A#m", "A#m", "A#m", "A#m", "A#m", "A#m", "A#m", "A#m", "A#m", "A#m", "A#m", "A#m", "A#m", "A#m", "A#m", "A#m", "A#m", "A#m", "A#", "A#", "A#", "A#", "A#", "F", "F", "F", "F", "F", "F", "F", "F", "F", "F", "F", "F", "F", "F", "F", "F", "F", "F", "F", "F", "F", "F", "Cm", "Cm", "Cm", "Cm", "Cm", "Cm", "Cm", "Cm", "Cm", "G#", "G#", "G#", "G#", "G#", "G#", "G#", "G#", "G#", "G#", "G#", "G#", "G#", "G#", "G#", "G#", "G#", "G#", "G#", "G#", "G#", "G#", "G#", "G#", "G#", "G#", "G#", "G#", "G#", "G#", "G#", "G#", "G#", "G#", "Fm", "Fm", "Fm", "Fm", "Fm", "Fm", "Fm", "Fm", "A#m", "A#m", "A#m", "A#m", "A#m", "A#m", "A#m", "A#m", "A#m", "A#m", "A#m", "A#m", "A#m", "A#m", "A#m", "A#m", "A#m", "A#m", "A#m", "A#m", "A#m", "A#m", "A#m", "A#m", "A#m", "A#m", "A#m", "A#m", "A#m", "A#m", "A#m", "A#m", "A#m", "A#m", "A#m", "A#m", "A#m", "A#m", "A#m", "D#", "Am", "Am", "Am", "Am", "Am", "Am", "Am", "Am", "Am", "Am", "Am", "Am", "Am"]
