
metadata:
    version:
        essentia: "1.2.2"
    audio_properties:
        analysis_sample_rate: 44100
        bitrate: 128
        channels: 2
        equal_loudness: 1
        length: 9.97877597809
        replay_gain: -3.87193107605
        downmix: "mix"
    tags:
        track: 3
        year: 0
        album: "Splitted by Mp3Splt v. 2.1"
        artist: "From 000.20 To 000.30"
        comment: "http://mp3splt.sf.net"
        genre: ""
        title: "01 Bola.mp3"

highlevel:
    ballroom:
        all:
            ChaChaCha: 0.230474695563
            Jive: 0.16982267797
            Quickstep: 0.25625950098
            Rumba-American: 0.00450944760814
            Rumba-International: 0.0181497652084
            Rumba-Misc: 0.0112273348495
            Samba: 0.104914285243
            Tango: 0.0970850363374
            VienneseWaltz: 0.0699832215905
            Waltz: 0.0375740192831
        probability: 0.25625950098
        value: "Quickstep"
    culture:
        all:
            non_western: 0.984264850616
            western: 0.0157351493835
        probability: 0.984264850616
        value: "non_western"
    gender:
        all:
            female: 0.0468141920865
            male: 0.953185796738
        probability: 0.953185796738
        value: "male"
    genre_dortmund:
        all:
            alternative: 0.0193153787404
            blues: 0.0465226210654
            electronic: 0.0790220871568
            folkcountry: 0.0410050079226
            funksoulrnb: 0.0772934108973
            jazz: 0.08043384552
            pop: 0.0569348149002
            raphiphop: 0.52705848217
            rock: 0.0724143758416
        probability: 0.52705848217
        value: "raphiphop"
    genre_electronica:
        all:
            ambient: 0.409854203463
            dnb: 0.155271798372
            house: 0.285540521145
            techno: 0.0776307657361
            trance: 0.0717027038336
        probability: 0.409854203463
        value: "ambient"
    genre_rosamerica:
        all:
            cla: 0.15716996789
            dan: 0.0311025157571
            hip: 0.546711802483
            jaz: 0.0408793203533
            pop: 0.0470317266881
            rhy: 0.0760365128517
            roc: 0.0410884618759
            spe: 0.0599796883762
        probability: 0.546711802483
        value: "hip"
    genre_tzanetakis:
        all:
            blu: 0.00661897845566
            cla: 0.0166501756757
            cou: 0.0972078517079
            dis: 0.127709940076
            hip: 0.246098965406
            jaz: 0.0232089031488
            met: 0.0116810910404
            pop: 0.089235343039
            reg: 0.198642462492
            roc: 0.182946294546
        probability: 0.246098965406
        value: "hip"
    live_studio:
        all:
            live: 0.0204982459545
            studio: 0.979501783848
        probability: 0.979501783848
        value: "studio"
    mood:
        all:
            Cluster1: 0.168383464217
            Cluster2: 0.203796163201
            Cluster3: 0.134918197989
            Cluster4: 0.301387220621
            Cluster5: 0.191514953971
        probability: 0.301387220621
        value: "Cluster4"
    mood_acoustic:
        all:
            acoustic: 0.203137695789
            not_acoustic: 0.796862304211
        probability: 0.796862304211
        value: "not_acoustic"
    mood_aggressive:
        all:
            aggressive: 0.100045487285
            not_aggressive: 0.899954497814
        probability: 0.899954497814
        value: "not_aggressive"
    mood_electronic:
        all:
            electronic: 0.567912101746
            not_electronic: 0.432087868452
        probability: 0.567912101746
        value: "electronic"
    mood_happy:
        all:
            happy: 0.281907051802
            not_happy: 0.718092978001
        probability: 0.718092978001
        value: "not_happy"
    mood_party:
        all:
            not_party: 0.483411729336
            party: 0.516588270664
        probability: 0.516588270664
        value: "party"
    mood_relaxed:
        all:
            not_relaxed: 0.211098000407
            relaxed: 0.788901984692
        probability: 0.788901984692
        value: "relaxed"
    mood_sad:
        all:
            not_sad: 0.583483874798
            sad: 0.416516125202
        probability: 0.583483874798
        value: "not_sad"
    rhythm:
        all:
            fast: 0.915772557259
            medium: 0.0775182917714
            slow: 0.00670913979411
        probability: 0.915772557259
        value: "fast"
    speech_music:
        all:
            music: 0.6280143857
            speech: 0.3719856143
        probability: 0.6280143857
        value: "music"
    timbre:
        all:
            bright: 0.050531975925
            dark: 0.949468016624
        probability: 0.949468016624
        value: "dark"
    voice_instrumental:
        all:
            instrumental: 0.0744346380234
            voice: 0.925565361977
        probability: 0.925565361977
        value: "voice"

lowlevel:
    average_loudness: 0.584653973579
    barkbands_kurtosis:
        dmean: 1.55335211754
        dmean2: 2.59832525253
        dvar: 4.95590877533
        dvar2: 13.6321430206
        max: 16.700674057
        mean: 0.769518435001
        min: -1.83715260029
        var: 10.6733884811
    barkbands_skewness:
        dmean: 0.543080627918
        dmean2: 0.886400401592
        dvar: 0.235155269504
        dvar2: 0.689530193806
        max: 3.52516007423
        mean: 0.6803150177
        min: -2.35071969032
        var: 1.40238463879
    barkbands_spread:
        dmean: 5.60989999771
        dmean2: 9.32139968872
        dvar: 24.1684589386
        dvar2: 71.1547927856
        max: 55.6500091553
        mean: 21.8344650269
        min: 4.68079519272
        var: 106.801559448
    dissonance:
        dmean: 0.0291851703078
        dmean2: 0.0494778081775
        dvar: 0.000748160935473
        dvar2: 0.00212455075234
        max: 0.499827921391
        mean: 0.447537750006
        min: 0.334196656942
        var: 0.00142367987428
    hfc:
        dmean: 2.8767747879
        dmean2: 5.09927129745
        dvar: 76.2336959839
        dvar2: 225.682159424
        max: 101.789863586
        mean: 4.8367099762
        min: 0.295658588409
        var: 74.4833602905
    pitch:
        dmean: 542.959228516
        dmean2: 1049.29907227
        dvar: 978958
        dvar2: 2628540.75
        max: 4009.09082031
        mean: 879.372497559
        min: 115.445022583
        var: 1167599.625
    pitch_instantaneous_confidence:
        dmean: 0.121566273272
        dmean2: 0.208486974239
        dvar: 0.00991982407868
        dvar2: 0.0279769245535
        max: 0.889389872551
        mean: 0.518464624882
        min: 0.152300953865
        var: 0.0237669367343
    pitch_salience:
        dmean: 0.0773236900568
        dmean2: 0.128482595086
        dvar: 0.0041168583557
        dvar2: 0.0118979141116
        max: 0.835023701191
        mean: 0.595738589764
        min: 0.248604625463
        var: 0.0106349969283
    silence_rate_20dB:
        dmean: 0
        dmean2: 0
        dvar: 0
        dvar2: 0
        max: 1
        mean: 1
        min: 1
        var: 0
    silence_rate_30dB:
        dmean: 0
        dmean2: 0
        dvar: 0
        dvar2: 0
        max: 1
        mean: 1
        min: 1
        var: 0
    silence_rate_60dB:
        dmean: 0.111888110638
        dmean2: 0.224299058318
        dvar: 0.0993697270751
        dvar2: 0.27679169178
        max: 1
        mean: 0.697674393654
        min: 0
        var: 0.210924088955
    spectral_centroid:
        dmean: 278.412841797
        dmean2: 456.428283691
        dvar: 64160.8398438
        dvar2: 179530.578125
        max: 3487.6081543
        mean: 1452.5300293
        min: 386.461212158
        var: 471082.03125
    spectral_complexity:
        dmean: 3.01170969009
        dmean2: 4.93661975861
        dvar: 9.59002685547
        dvar2: 26.9419994354
        max: 42
        mean: 8.30607509613
        min: 0
        var: 65.8338851929
    spectral_crest:
        dmean: 2.90045523643
        dmean2: 5.00808238983
        dvar: 5.37923002243
        dvar2: 14.7459993362
        max: 21.3896217346
        mean: 9.73919391632
        min: 2.92252326012
        var: 15.2543907166
    spectral_decrease:
        dmean: 3.26906390846e-10
        dmean2: 5.65457070056e-10
        dvar: 3.34018529879e-19
        dvar2: 8.09809612894e-19
        max: -4.49134861247e-11
        mean: -8.0610157438e-10
        min: -9.01791619157e-09
        var: 9.86834949377e-19
    spectral_energy:
        dmean: 0.00147601251956
        dmean2: 0.00252036936581
        dvar: 8.0336967585e-06
        dvar2: 2.08125366044e-05
        max: 0.0432682968676
        mean: 0.00348111661151
        min: 0.000205097006983
        var: 1.95290849661e-05
    spectral_energyband_high:
        dmean: 0.00012003028678
        dmean2: 0.000211726932321
        dvar: 6.88411603278e-07
        dvar2: 2.08041319638e-06
        max: 0.012167962268
        mean: 0.000154811612447
        min: 1.58195291533e-06
        var: 4.33242547615e-07
    spectral_energyband_low:
        dmean: 0.000104856277176
        dmean2: 0.000166798941791
        dvar: 2.69175615131e-07
        dvar2: 5.49187006982e-07
        max: 0.00864350050688
        mean: 0.00015304434055
        min: 9.81279413281e-09
        var: 4.45426877604e-07
    spectral_energyband_middle_high:
        dmean: 0.000869845156558
        dmean2: 0.00151451176498
        dvar: 4.2149363253e-06
        dvar2: 1.2293528016e-05
        max: 0.0293206889182
        mean: 0.00130452238955
        min: 6.02270447416e-05
        var: 4.42196869699e-06
    spectral_energyband_middle_low:
        dmean: 0.000811862526461
        dmean2: 0.00138743838761
        dvar: 1.95456300389e-06
        dvar2: 5.25855102751e-06
        max: 0.0226224623621
        mean: 0.00186873530038
        min: 2.89384242933e-05
        var: 5.2722343753e-06
    spectral_flatness_db:
        dmean: 0.0227464027703
        dmean2: 0.0384536981583
        dvar: 0.000364473642549
        dvar2: 0.000993956578895
        max: 0.325956583023
        mean: 0.222643345594
        min: 0.0741922706366
        var: 0.00209298287518
    spectral_flux:
        dmean: 0.00932226050645
        dmean2: 0.016305046156
        dvar: 0.00012501225865
        dvar2: 0.00027160247555
        max: 0.189704746008
        mean: 0.0373196974397
        min: 0.00634559476748
        var: 0.000452365842648
    spectral_kurtosis:
        dmean: 2.95735764503
        dmean2: 5.19411182404
        dvar: 8.26526165009
        dvar2: 23.7158851624
        max: 21.332818985
        mean: 6.54904794693
        min: -0.287110090256
        var: 16.4795875549
    spectral_rms:
        dmean: 0.000373296905309
        dmean2: 0.00062650378095
        dvar: 1.46455874983e-07
        dvar2: 3.86538147268e-07
        max: 0.00649715121835
        mean: 0.00163592235185
        min: 0.00044731941307
        var: 7.19969136753e-07
    spectral_rolloff:
        dmean: 566.569946289
        dmean2: 974.200500488
        dvar: 424314.5
        dvar2: 1159053
        max: 5813.96484375
        mean: 2555.30834961
        min: 236.865234375
        var: 1569375.875
    spectral_skewness:
        dmean: 0.329162955284
        dmean2: 0.564142525196
        dvar: 0.0900250077248
        dvar2: 0.25011113286
        max: 3.22453999519
        mean: 1.5868935585
        min: 0.399966627359
        var: 0.27292239666
    spectral_spread:
        dmean: 438254.8125
        dmean2: 727955.125
        dvar: 373918793728
        dvar2: 879701917696
        max: 11855570
        mean: 3224176.25
        min: 1927590.375
        var: 1.54012994765e+12
    spectral_strongpeak:
        dmean: 0.28124499321
        dmean2: 0.477206557989
        dvar: 0.116847760975
        dvar2: 0.301003903151
        max: 4.9944486618
        mean: 0.621046304703
        min: 0.00317664025351
        var: 0.344815522432
    zerocrossingrate:
        dmean: 0.00763411168009
        dmean2: 0.010700924322
        dvar: 4.59656403109e-05
        dvar2: 8.35735263536e-05
        max: 0.18408203125
        mean: 0.0810455605388
        min: 0.025390625
        var: 0.00110421632417
    barkbands:
        dmean: [4.80477986287e-08, 2.40874396695e-05, 9.67369414866e-05, 0.000164567376487, 0.000198885871214, 0.00016126029368, 0.000239417684497, 0.000167290199897, 0.000269629381364, 7.40846589906e-05, 5.91507778154e-05, 5.45615876035e-05, 9.14611737244e-05, 0.000108054926386, 5.15171414008e-05, 7.56325680413e-05, 9.9705910543e-05, 0.000245644128881, 0.000224599338253, 0.00012683836394, 3.97096082452e-05, 1.77705187525e-05, 7.85887459642e-06, 1.59491594331e-06, 3.51279140887e-07, 7.40774863672e-09, 2.76452805092e-10]
        dmean2: [7.24829547494e-08, 4.02630103054e-05, 0.000163301330758, 0.000304062152281, 0.000350698537659, 0.000283235945972, 0.000409820408095, 0.000294733850751, 0.000458988564787, 0.000131792068714, 0.000103043988929, 9.69315660768e-05, 0.000160003721248, 0.000193982967176, 9.27107976167e-05, 0.000130493266624, 0.000166781945154, 0.000444042758318, 0.000396134651965, 0.000228759876336, 7.15550340828e-05, 3.17532176268e-05, 1.36608650791e-05, 2.70851569439e-06, 5.88302782489e-07, 1.26639365661e-08, 3.75835140787e-10]
        dvar: [4.20558024712e-14, 1.11117550716e-08, 2.28232252653e-07, 8.02826150448e-07, 4.03592622433e-07, 8.33273929857e-08, 2.07855890721e-07, 5.99073501917e-08, 1.89943918372e-07, 4.56194584331e-08, 1.32927091556e-08, 2.1866295441e-08, 3.09718117819e-08, 8.88646525254e-08, 9.29740995304e-09, 4.2589167748e-08, 4.52728521338e-08, 7.09815481059e-07, 5.61153115086e-07, 4.91480648179e-07, 3.05793612654e-08, 6.28078122844e-09, 6.64021837515e-10, 1.5803061984e-11, 1.85478607299e-12, 4.20230991643e-16, 9.07619873939e-18]
        dvar2: [7.31876310858e-14, 2.7300018246e-08, 5.13846146077e-07, 2.55894428847e-06, 9.74337581283e-07, 2.47263216124e-07, 6.2182880356e-07, 1.70334232052e-07, 5.21285926425e-07, 1.221742707e-07, 3.74527004965e-08, 5.87024615584e-08, 8.6410302913e-08, 2.57840781615e-07, 2.61700847659e-08, 1.17628282226e-07, 1.21001662023e-07, 2.1107896373e-06, 1.73119622104e-06, 1.46840557136e-06, 9.22029599337e-08, 1.86984063788e-08, 1.89060322953e-09, 4.20684702351e-11, 4.70249403653e-12, 1.09262877388e-15, 8.86822485388e-18]
        max: [3.4178910937e-06, 0.00151847035158, 0.00732043664902, 0.013112405315, 0.00858194567263, 0.0035084055271, 0.00663142558187, 0.00181465921924, 0.00241973088123, 0.00211316905916, 0.000966072839219, 0.00201160740107, 0.00111581454985, 0.0021003189031, 0.00051300675841, 0.00164255360141, 0.00229994743131, 0.0109222196043, 0.0104349562898, 0.00975433364511, 0.00245391065255, 0.00103640707675, 0.000287114089588, 4.48366590717e-05, 1.54500394274e-05, 2.43526756094e-07, 6.33211740819e-08]
        mean: [5.74059448866e-08, 3.25941291521e-05, 0.000120398821309, 0.000156560752657, 0.000279586442048, 0.000271360680927, 0.000642349943519, 0.00024127519282, 0.000259336287854, 6.09824855928e-05, 6.13990196143e-05, 4.78395195387e-05, 8.33896483527e-05, 0.000110380839033, 5.501949272e-05, 7.42671763874e-05, 0.000159834060469, 0.000287168833893, 0.000301639345707, 0.000155478104716, 4.81899296574e-05, 2.02875507966e-05, 9.02178362594e-06, 2.24878340305e-06, 4.44458919446e-07, 8.38474978337e-09, 2.64039234921e-10]
        min: [1.93900711459e-11, 1.0652558835e-09, 1.16582887788e-09, 4.33085212137e-09, 1.13560349746e-06, 1.33317053042e-06, 2.32492902796e-06, 5.78482001856e-07, 3.50124139459e-07, 1.70287734136e-07, 1.79436085546e-07, 2.20123268946e-07, 3.22014955145e-07, 1.579767968e-06, 1.85094165772e-07, 3.95665125552e-07, 6.42149871055e-06, 8.77337242855e-06, 8.61344960867e-06, 1.41276177601e-06, 2.86549322936e-07, 6.32752588103e-08, 1.40926310621e-08, 7.7259914022e-09, 4.48741666048e-09, 8.62148200054e-11, 3.92795266257e-14]
        var: [5.92092360926e-14, 1.93796747538e-08, 3.04263039652e-07, 6.09417668329e-07, 5.99691588832e-07, 1.42992718111e-07, 1.49826257712e-06, 7.68190702161e-08, 2.11272961792e-07, 3.09369028173e-08, 1.4608662724e-08, 1.67346740909e-08, 2.57835104378e-08, 7.26584019617e-08, 9.34426314103e-09, 4.22001420475e-08, 8.52883772495e-08, 4.92602339364e-07, 5.06699848302e-07, 3.48638195646e-07, 2.33956427564e-08, 4.97926233578e-09, 6.68728072917e-10, 3.0017675845e-11, 2.76362266405e-12, 5.10613324643e-16, 9.36327177097e-18]
    mfcc:
        mean: [-790.484375, 124.975585938, -77.4295043945, 40.0419998169, -31.3217868805, -42.0235939026, -13.558839798, -15.740486145, -26.7810287476, -2.57765269279, 0.150420665741, -1.22461175919, -7.134516716]
        cov: [[4139.68505859, -856.523498535, 699.852844238, 506.303253174, 501.33770752, 1040.21142578, 88.9287338257, 406.591583252, 405.397918701, 92.3706817627, -95.6594543457, 84.7692642212, 20.7680110931], [-856.523498535, 2186.12695312, -6.35330820084, 512.732055664, 210.812103271, -439.991394043, 289.993103027, -52.848400116, 120.727561951, -52.0638237, 95.5022125244, 122.936889648, 97.1011047363], [699.852844238, -6.35330820084, 867.948059082, 558.440063477, 433.006286621, 245.343673706, -4.10458135605, 204.113967896, 80.8543319702, -39.8806381226, -18.1594314575, 29.9143428802, 139.75112915], [506.303253174, 512.732055664, 558.440063477, 690.195495605, 479.214935303, 107.03704834, 38.7220649719, 119.443031311, 125.292503357, -24.6118927002, -0.0407351851463, 69.3699951172, 151.723144531], [501.33770752, 210.812103271, 433.006286621, 479.214935303, 482.60055542, 241.202972412, 19.8404941559, 99.3706817627, 85.0011138916, -9.15196800232, -13.0705947876, 55.299533844, 92.5733566284], [1040.21142578, -439.991394043, 245.343673706, 107.03704834, 241.202972412, 511.576599121, -11.7715826035, 94.0100326538, 104.801780701, 22.2682228088, -24.7385902405, 41.6920127869, -27.2667198181], [88.9287338257, 289.993103027, -4.10458135605, 38.7220649719, 19.8404941559, -11.7715826035, 196.429122925, 84.3837738037, 14.805182457, -22.131357193, -2.51126122475, -4.99820280075, -2.74260878563], [406.591583252, -52.848400116, 204.113967896, 119.443031311, 99.3706817627, 94.0100326538, 84.3837738037, 199.291702271, 35.8464889526, -7.52382278442, -14.9921369553, 4.90671062469, 41.0291824341], [405.397918701, 120.727561951, 80.8543319702, 125.292503357, 85.0011138916, 104.801780701, 14.805182457, 35.8464889526, 161.578277588, 26.3241043091, 17.1863365173, 24.1614646912, 7.15472126007], [92.3706817627, -52.0638237, -39.8806381226, -24.6118927002, -9.15196800232, 22.2682228088, -22.131357193, -7.52382278442, 26.3241043091, 57.8889694214, 15.881444931, 9.55019760132, -3.56682610512], [-95.6594543457, 95.5022125244, -18.1594314575, -0.0407351851463, -13.0705947876, -24.7385902405, -2.51126122475, -14.9921369553, 17.1863365173, 15.881444931, 72.2340927124, 37.1976165771, 7.80292320251], [84.7692642212, 122.936889648, 29.9143428802, 69.3699951172, 55.299533844, 41.6920127869, -4.99820280075, 4.90671062469, 24.1614646912, 9.55019760132, 37.1976165771, 102.469902039, 29.6713085175], [20.7680110931, 97.1011047363, 139.75112915, 151.723144531, 92.5733566284, -27.2667198181, -2.74260878563, 41.0291824341, 7.15472126007, -3.56682610512, 7.80292320251, 29.6713085175, 88.5001525879]]
        icov: [[0.000862062210217, 0.000295575184282, 0.000151927320985, -0.00132337410469, 0.00122069229838, -0.00150655466132, -0.00059622048866, -0.000501029775478, -0.00083594606258, -0.000907245907001, 0.000935761781875, -0.000335565011483, 3.60413578164e-05], [0.000295575184282, 0.00205991254188, 0.000233637198107, -0.00153978145681, -0.000776952831075, 0.00206487788819, -0.00314517901279, 0.00145721249282, -0.0019305505557, 0.000348260888131, -6.7879598646e-05, -0.00240114075132, 0.00159834569786], [0.000151927320985, 0.000233637198107, 0.00413998123258, -0.00344740319997, 0.000721535820048, -0.00179379188921, 0.00138373370282, -0.00244118925184, 0.000871076190379, 0.00197046482936, -0.00142014666926, 0.00181228469592, -0.00152546889149], [-0.00132337410469, -0.00153978145681, -0.00344740319997, 0.0138084972277, -0.00978942401707, 0.00491431541741, 0.001293042209, 0.00120571628213, -0.00312859774567, 0.00250579626299, 0.000573379569687, -0.000505492964294, -0.00452125072479], [0.00122069229838, -0.000776952831075, 0.000721535820048, -0.00978942401707, 0.0144421579316, -0.00880331825465, 0.000431965512689, -0.000950996938627, 0.00317315058783, -0.0028748200275, 0.00139841262717, 0.00186459254473, -0.00227625109255], [-0.00150655466132, 0.00206487788819, -0.00179379188921, 0.00491431541741, -0.00880331825465, 0.0119737889618, -0.00205501611345, 0.00161006988492, -0.00371031858958, 0.00149240717292, 0.00034978450276, -0.00569940591231, 0.0068231173791], [-0.00059622048866, -0.00314517901279, 0.00138373370282, 0.001293042209, 0.000431965512689, -0.00205501611345, 0.0129405148327, -0.00722102541476, 0.00270738266408, 0.00301470072009, -0.00137815589551, 0.00399235123768, 0.000538293912541], [-0.000501029775478, 0.00145721249282, -0.00244118925184, 0.00120571628213, -0.000950996938627, 0.00161006988492, -0.00722102541476, 0.0121251568198, -0.00178559159394, -0.000484136020532, 0.00108343595639, -0.00141281809192, -0.00354467541911], [-0.00083594606258, -0.0019305505557, 0.000871076190379, -0.00312859774567, 0.00317315058783, -0.00371031858958, 0.00270738266408, -0.00178559159394, 0.0130888642743, -0.00392748648301, -0.00325261894614, 0.00312215741724, 0.000775379128754], [-0.000907245907001, 0.000348260888131, 0.00197046482936, 0.00250579626299, -0.0028748200275, 0.00149240717292, 0.00301470072009, -0.000484136020532, -0.00392748648301, 0.0246495120227, -0.00567265599966, 0.000484049931401, -0.00214303191751], [0.000935761781875, -6.7879598646e-05, -0.00142014666926, 0.000573379569687, 0.00139841262717, 0.00034978450276, -0.00137815589551, 0.00108343595639, -0.00325261894614, -0.00567265599966, 0.0216353032738, -0.00827392283827, 0.000115215712867], [-0.000335565011483, -0.00240114075132, 0.00181228469592, -0.000505492964294, 0.00186459254473, -0.00569940591231, 0.00399235123768, -0.00141281809192, 0.00312215741724, 0.000484049931401, -0.00827392283827, 0.0188541151583, -0.00803420133889], [3.60413578164e-05, 0.00159834569786, -0.00152546889149, -0.00452125072479, -0.00227625109255, 0.0068231173791, 0.000538293912541, -0.00354467541911, 0.000775379128754, -0.00214303191751, 0.000115215712867, -0.00803420133889, 0.0283749252558]]
    spectral_contrast:
        mean: [1.99303030968e-07, -3.94658826508e-07, 8.0685609305e-08, -4.50747080549e-07, 2.49977425426e-08, -3.13237734417e-07, -1.20184125763e-07, 1.7061829567e-06, -7.8293766137e-07, 4.05980063078e-06, -2.2713825274e-06, 7.96306892425e-07]
        var: [0.00046460449812, 0.000889930466656, 0.00137334608007, 0.00310364342295, 0.00403263000771, 0.0062708882615, 0.0583482384682, 0.138695731759, 0.196201384068, 0.585816323757, 1.44108450413, 3.29858422279]

rhythm:
    beats_loudness:
        dmean: 0.00134796299972
        dmean2: 0.00205831648782
        dvar: 1.96065616365e-06
        dvar2: 4.13399402532e-06
        max: 0.00959776807576
        mean: 0.00282420520671
        min: 0.00044905525283
        var: 6.29174519418e-06
    beats_loudness_bass:
        dmean: 0.0229806955904
        dmean2: 0.0437822118402
        dvar: 0.00380412186496
        dvar2: 0.0115884561092
        max: 0.326943129301
        mean: 0.0268337782472
        min: 2.61777950072e-05
        var: 0.00377490441315
    bpm: 204.6796875
    bpm_confidence: 0
    first_peak_bpm: 207
    first_peak_spread: 0.387096762657
    first_peak_weight: 0.59375
    onset_rate: 4.81020927429
    second_peak_bpm: 134
    second_peak_spread: 0
    second_peak_weight: 0.03125
    beats_position: [0.209117233753, 0.499530434608, 0.789943635464, 1.08035683632, 1.37077009678, 1.66118323803, 1.95159626007, 2.24200940132, 2.53242254257, 2.82283568382, 3.11324906349, 3.40366196632, 3.69407510757, 3.98448824883, 4.27490139008, 4.56531476974, 4.85572767258, 5.14614057541, 5.43655395508, 5.72696685791, 6.17363071442, 6.46955156326, 6.76547193527, 7.06139230728, 7.35731267929, 7.6532330513, 7.94915390015, 8.24507427216, 8.54099464417, 8.83691501617, 9.13283538818, 9.42875576019, 9.72467708588]
    bpm_estimates: [206.60218811, 202.75718689]
    bpm_intervals: [0.290413200855, 0.290413200855, 0.290413200855, 0.29041326046, 0.290413141251, 0.290413022041, 0.290413141251, 0.290413141251, 0.290413141251, 0.290413379669, 0.290412902832, 0.290413141251, 0.290413141251, 0.290413141251, 0.290413379669, 0.290412902832, 0.290412902832, 0.290413379669, 0.290412902832, 0.446663856506, 0.295920848846, 0.295920372009, 0.295920372009, 0.295920372009, 0.295920372009, 0.295920848846, 0.295920372009, 0.295920372009, 0.295920372009, 0.295920372009, 0.295920372009, 0.295921325684]
    onset_times: [0.0580498874187, 0.487619042397, 0.626938760281, 0.766258478165, 0.940408170223, 1.10294783115, 1.25387752056, 1.49768710136, 1.57895696163, 1.67183673382, 1.75310659409, 1.83437645435, 2.0549659729, 2.60063481331, 2.68190479279, 3.00698423386, 3.23918366432, 3.39011335373, 3.77324271202, 3.85451245308, 4.00544214249, 5.24770975113, 5.41024923325, 5.64244890213, 5.70049905777, 5.7701587677, 5.86303853989, 5.93269824982, 6.00235843658, 6.09523820877, 6.1648979187, 6.6989569664, 6.91954660416, 7.17496585846, 7.54648542404, 7.73224496841, 7.8831744194, 8.04571437836, 8.23147392273, 8.33596324921, 8.40562343597, 8.71909332275, 8.90485286713, 9.02095222473, 9.12544250488, 9.4853515625, 9.53179168701, 9.79882049561]
    rubato_start: []
    rubato_stop: []
    perceptual_tempo: "unknown"

sfx:
    inharmonicity:
        dmean: 0.0542544350028
        dmean2: 0.0964937135577
        dvar: 0.00437357928604
        dvar2: 0.0124882934615
        max: 0.352067172527
        mean: 0.0489410161972
        min: 0
        var: 0.00412061903626
    oddtoevenharmonicenergyratio:
        dmean: 31.7581348419
        dmean2: 62.9973831177
        dvar: 92068.609375
        dvar2: 275997.90625
        max: 4407.66503906
        mean: 16.9044094086
        min: 0
        var: 46195.3789062
    pitch_after_max_to_before_max_energy_ratio: 0.723243653774
    pitch_centroid: 262.91897583
    pitch_max_to_total: 0.904205620289
    pitch_min_to_total: 0.733644843102
    tristimulus:
        dmean: [0.244333416224, 0.27918240428, 0.105659715831]
        dmean2: [0.433799773455, 0.491163939238, 0.1819049716]
        dvar: [0.0484404824674, 0.0595418214798, 0.0114720100537]
        dvar2: [0.135970562696, 0.166348055005, 0.031518612057]
        max: [1, 0.993360102177, 0.683362960815]
        mean: [0.338012218475, 0.484212249517, 0.12139813602]
        min: [0.000567781040445, 0, 0]
        var: [0.0767468512058, 0.0841707661748, 0.0156361162663]

tonal:
    chords_changes_rate: 0.0790697708726
    chords_number_rate: 0.0418604649603
    chords_strength:
        dmean: 0.00852658040822
        dmean2: 0.0104435607791
        dvar: 5.26904404978e-05
        dvar2: 7.4652445619e-05
        max: 0.65079921484
        mean: 0.482792198658
        min: 0.303821474314
        var: 0.00748589308932
    key_strength: 0.451111316681
    tuning_diatonic_strength: 0.358568638563
    tuning_equal_tempered_deviation: 0.269565552473
    tuning_frequency: 437.213165283
    tuning_nontempered_energy_ratio: 0.909708917141
    hpcp:
        dmean: [0.121234044433, 0.148090749979, 0.123826131225, 0.123951554298, 0.140940248966, 0.140803739429, 0.115685790777, 0.154835000634, 0.137269705534, 0.0815166831017, 0.0619919858873, 0.0555137470365, 0.0702375248075, 0.0863845273852, 0.0924765393138, 0.117217004299, 0.149108320475, 0.149881213903, 0.146657466888, 0.119042798877, 0.126274228096, 0.121953338385, 0.107409872115, 0.116784363985, 0.114863686264, 0.148355707526, 0.168457597494, 0.126443445683, 0.117238968611, 0.112286299467, 0.0911893099546, 0.100396975875, 0.135667309165, 0.159726768732, 0.127768546343, 0.123871259391]
        dmean2: [0.207606896758, 0.267121464014, 0.224059700966, 0.204052701592, 0.250086605549, 0.241151839495, 0.208161532879, 0.270887732506, 0.233617544174, 0.145954579115, 0.109496325254, 0.0970214307308, 0.129489243031, 0.156981810927, 0.173092931509, 0.20862223208, 0.262109190226, 0.264687359333, 0.264296025038, 0.207163289189, 0.23186583817, 0.219551071525, 0.191890433431, 0.215444713831, 0.202962622046, 0.253854125738, 0.281660854816, 0.211826950312, 0.194352403283, 0.192050561309, 0.157539695501, 0.178353086114, 0.237489104271, 0.278524398804, 0.224006280303, 0.208008021116]
        dvar: [0.025654822588, 0.0313243344426, 0.0239195562899, 0.0245724879205, 0.0367461405694, 0.0307262744755, 0.0236970763654, 0.0370285324752, 0.035165771842, 0.0200309175998, 0.0175992436707, 0.0113451546058, 0.0157239381224, 0.0260694734752, 0.0311619993299, 0.0190179701895, 0.0424339361489, 0.0316167734563, 0.0328232832253, 0.0246197823435, 0.0320318825543, 0.0437833853066, 0.0370672978461, 0.0438665859401, 0.0217703599483, 0.0312726646662, 0.0445586405694, 0.0242539960891, 0.0192185454071, 0.0213574450463, 0.0147712752223, 0.0146869756281, 0.0302538648248, 0.0420726798475, 0.024042904377, 0.0232694521546]
        dvar2: [0.0669454038143, 0.0892210304737, 0.0692028850317, 0.060761667788, 0.0968608111143, 0.0857979357243, 0.0653900504112, 0.0956773161888, 0.094979852438, 0.0520238131285, 0.0480110533535, 0.0323713868856, 0.047052718699, 0.0753874257207, 0.0899118259549, 0.0556118488312, 0.120876170695, 0.0916438773274, 0.100803643465, 0.0745897442102, 0.0973774492741, 0.121882274747, 0.108207702637, 0.131120204926, 0.0676431059837, 0.0877223610878, 0.125567734241, 0.0700664892793, 0.0544392764568, 0.0612404756248, 0.0445230789483, 0.040266007185, 0.0868097245693, 0.121074952185, 0.0739160403609, 0.0709517151117]
        max: [1, 1, 0.854443728924, 1, 1, 1, 1, 1, 1, 1, 1, 0.902636110783, 0.818501412868, 1, 1, 1, 1, 1, 1, 1, 1, 1, 1, 1, 0.745644569397, 1, 1, 1, 1, 1, 0.921175003052, 1, 1, 1, 0.875695645809, 1]
        mean: [0.353465259075, 0.249199166894, 0.14259172976, 0.233496561646, 0.330297648907, 0.22086186707, 0.131063908339, 0.203262537718, 0.194708958268, 0.103031173348, 0.0715650543571, 0.0699341744184, 0.0743023604155, 0.0853194147348, 0.0925091654062, 0.190032035112, 0.316976040602, 0.266157776117, 0.211136758327, 0.203645080328, 0.148459017277, 0.11723626405, 0.103797078133, 0.105945833027, 0.131933003664, 0.244878143072, 0.290210396051, 0.208798676729, 0.187689632177, 0.179124265909, 0.157237246633, 0.178617030382, 0.248327702284, 0.263485938311, 0.183176338673, 0.246421456337]
        min: [0.00751967541873, 0.00668510748073, 0.00270823016763, 0.00321300188079, 0.00198201253079, 0.00160119822249, 0.00412381486967, 0.00521867675707, 0.00349489925429, 0.000583007349633, 0.000438037532149, 0.000750733364839, 0.000428879458923, 0.000615956727415, 0.000516975065693, 0.00227368064225, 0.00417495099828, 0.0113969128579, 0.00392763596028, 0.00280488235876, 0.000716136477422, 0.000352767121512, 0.000118713796837, 0.00066509883618, 0.000201529604965, 0.000663427927066, 0.00399604439735, 0.0167448036373, 0.0074182767421, 0.00400311639532, 0.00211225799285, 0.00146784167737, 0.00135000166483, 0.00119277683552, 0.00116055039689, 0.0049777305685]
        var: [0.122159324586, 0.0528778880835, 0.023602951318, 0.0687508881092, 0.132333025336, 0.0631584078074, 0.0271385908127, 0.0537975206971, 0.0541170686483, 0.0265914872289, 0.0189237631857, 0.0116010420024, 0.0142427561805, 0.0255492236465, 0.0278857406229, 0.039262149483, 0.124599225819, 0.0596396066248, 0.0572516806424, 0.0566887445748, 0.0353735946119, 0.0432669483125, 0.0355288609862, 0.0367420874536, 0.0235206466168, 0.0549184903502, 0.0857351273298, 0.0351212061942, 0.040827665478, 0.041948299855, 0.0332802422345, 0.0547039993107, 0.08739490062, 0.0960083380342, 0.0314654745162, 0.0573868378997]
    chords_histogram: [0, 0, 0, 0, 0, 0, 0, 23.7209300995, 10.6976747513, 9.30232524872, 15.3488368988, 3.72093033791, 0, 0, 0, 4.18604660034, 11.6279067993, 13.4883718491, 0, 0, 0, 0, 7.90697669983, 0]
    thpcp: [1, 0.705017447472, 0.403410881758, 0.660592675209, 0.934455752373, 0.624847471714, 0.370797157288, 0.575056612492, 0.550857424736, 0.291488826275, 0.202467009425, 0.197853028774, 0.210211217403, 0.241379916668, 0.261720687151, 0.537625789642, 0.896767199039, 0.752995550632, 0.597333848476, 0.576138913631, 0.420010209084, 0.331676900387, 0.293655663729, 0.299734771252, 0.373255938292, 0.692792654037, 0.821043610573, 0.590719103813, 0.530998826027, 0.50676625967, 0.444844990969, 0.505331218243, 0.702551960945, 0.745436608791, 0.518230080605, 0.697158932686]
    chords_key: "D#"
    chords_scale: "major"
    key_key: "D#"
    key_scale: "minor"
    chords_progression: ["Dm", "Dm", "Dm", "Dm", "Dm", "Dm", "Dm", "Dm", "Bm", "Bm", "Bm", "Bm", "Bm", "Bm", "Bm", "Bm", "Bm", "Bm", "Bm", "Bm", "Bm", "Bm", "Bm", "Bm", "Dm", "Dm", "Dm", "Dm", "Dm", "Dm", "Dm", "Dm", "Dm", "Dm", "Dm", "Dm", "Dm", "Dm", "Dm", "Dm", "Dm", "Dm", "Dm", "Dm", "Dm", "Dm", "Dm", "Dm", "Dm", "G", "G", "G", "G", "G", "G", "G", "Gm", "Gm", "Gm", "Gm", "Gm", "Gm", "Gm", "Gm", "Gm", "Gm", "Gm", "Gm", "Gm", "Gm", "Gm", "Gm", "Gm", "Gm", "Gm", "Gm", "Gm", "Gm", "Gm", "D#", "D#", "D#", "D#", "D#", "D#", "D#", "D#", "D#", "D#", "D#", "D#", "D#", "D#", "D#", "D#", "D#", "D#", "D#", "D#", "D#", "D#", "D#", "D#", "D#", "D#", "D#", "D#", "D#", "D#", "D#", "D#", "D#", "D#", "D#", "D#", "D#", "D#", "D#", "D#", "D#", "D#", "D#", "D#", "D#", "D#", "D#", "D#", "D#", "D#", "D#", "A#", "A#", "A#", "A#", "A#", "A#", "A#", "A#", "A#", "A#", "A#", "A#", "A#", "A#", "A#", "A#", "A#", "A#", "A#", "A#", "G#m", "G#m", "G#m", "G#m", "G#m", "G#m", "G#m", "G#m", "G#m", "G#m", "G#m", "G#m", "G#m", "G#m", "F", "G#m", "D", "G#m", "G#m", "F", "F", "F", "F", "F", "F", "F", "D", "D", "D", "D", "D", "D", "D", "D", "D", "D", "D", "D", "D", "D", "D", "D", "D", "D", "D", "D", "D", "D", "D", "D", "D", "D", "D", "Bm", "D", "Bm", "Bm", "Bm", "Bm", "Bm", "Bm", "Bm", "Bm", "G", "G"]
