
metadata:
    version:
        essentia: "1.2.2"
    audio_properties:
        analysis_sample_rate: 44100
        bitrate: 128
        channels: 2
        equal_loudness: 1
        length: 9.97877597809
        replay_gain: -6.3053855896
        downmix: "mix"
    tags:
        track: 20
        year: 0
        album: "Splitted by Mp3Splt v. 2.1"
        artist: "From 003.10 To 003.20"
        comment: "http://mp3splt.sf.net"
        genre: ""
        title: "09 X.Y.U.mp3"

highlevel:
    ballroom:
        all:
            ChaChaCha: 0.038249284029
            Jive: 0.249075338244
            Quickstep: 0.0727654099464
            Rumba-American: 0.0189372207969
            Rumba-International: 0.29502004385
            Rumba-Misc: 0.073093265295
            Samba: 0.118524260819
            Tango: 0.0113453641534
            VienneseWaltz: 0.0755272954702
            Waltz: 0.0474625118077
        probability: 0.29502004385
        value: "Rumba-International"
    culture:
        all:
            non_western: 0.015465343371
            western: 0.984534680843
        probability: 0.984534680843
        value: "western"
    gender:
        all:
            female: 0.775845348835
            male: 0.224154666066
        probability: 0.775845348835
        value: "female"
    genre_dortmund:
        all:
            alternative: 0.197860762477
            blues: 0.00333480606787
            electronic: 0.0688659772277
            folkcountry: 0.0840247571468
            funksoulrnb: 0.00846317969263
            jazz: 0.0445082224905
            pop: 0.0310340486467
            raphiphop: 0.00312165613286
            rock: 0.558786571026
        probability: 0.558786571026
        value: "rock"
    genre_electronica:
        all:
            ambient: 0.165993317962
            dnb: 0.261671066284
            house: 0.0161652565002
            techno: 0.0198827888817
            trance: 0.536287546158
        probability: 0.536287546158
        value: "trance"
    genre_rosamerica:
        all:
            cla: 0.0350902564824
            dan: 0.360883891582
            hip: 0.022624079138
            jaz: 0.0705393850803
            pop: 0.0748808309436
            rhy: 0.114700905979
            roc: 0.31181910634
            spe: 0.00946153048426
        probability: 0.360883891582
        value: "dan"
    genre_tzanetakis:
        all:
            blu: 0.0259578805417
            cla: 0.0242054946721
            cou: 0.107942834496
            dis: 0.0755590945482
            hip: 0.0609067156911
            jaz: 0.0874487310648
            met: 0.0910046026111
            pop: 0.27883926034
            reg: 0.0966124907136
            roc: 0.151522889733
        probability: 0.27883926034
        value: "pop"
    live_studio:
        all:
            live: 0.557998895645
            studio: 0.442001074553
        probability: 0.557998895645
        value: "live"
    mood:
        all:
            Cluster1: 0.468574792147
            Cluster2: 0.085691139102
            Cluster3: 0.0988041162491
            Cluster4: 0.0750183463097
            Cluster5: 0.271911621094
        probability: 0.468574792147
        value: "Cluster1"
    mood_acoustic:
        all:
            acoustic: 0.0575189776719
            not_acoustic: 0.942481040955
        probability: 0.942481040955
        value: "not_acoustic"
    mood_aggressive:
        all:
            aggressive: 0.66980689764
            not_aggressive: 0.330193072557
        probability: 0.66980689764
        value: "aggressive"
    mood_electronic:
        all:
            electronic: 0.930805265903
            not_electronic: 0.0691947042942
        probability: 0.930805265903
        value: "electronic"
    mood_happy:
        all:
            happy: 0.378633499146
            not_happy: 0.621366500854
        probability: 0.621366500854
        value: "not_happy"
    mood_party:
        all:
            not_party: 0.624225080013
            party: 0.375774919987
        probability: 0.624225080013
        value: "not_party"
    mood_relaxed:
        all:
            not_relaxed: 0.259623497725
            relaxed: 0.740376472473
        probability: 0.740376472473
        value: "relaxed"
    mood_sad:
        all:
            not_sad: 3.00000096379e-14
            sad: 1
        probability: 1
        value: "sad"
    rhythm:
        all:
            fast: 0.020029226318
            medium: 0.185113072395
            slow: 0.794857680798
        probability: 0.794857680798
        value: "slow"
    speech_music:
        all:
            music: 3.00000096379e-14
            speech: 1
        probability: 1
        value: "speech"
    timbre:
        all:
            bright: 0.26760700345
            dark: 0.732393026352
        probability: 0.732393026352
        value: "dark"
    voice_instrumental:
        all:
            instrumental: 0.30489051342
            voice: 0.69510948658
        probability: 0.69510948658
        value: "voice"

lowlevel:
    average_loudness: 0.979154407978
    barkbands_kurtosis:
        dmean: 1.50380408764
        dmean2: 2.30977296829
        dvar: 3.88043737411
        dvar2: 9.20116710663
        max: 23.395483017
        mean: 2.93059682846
        min: -1.72809684277
        var: 21.267988205
    barkbands_skewness:
        dmean: 0.335704475641
        dmean2: 0.5053601861
        dvar: 0.0919129028916
        dvar2: 0.230373457074
        max: 3.90446710587
        mean: 1.54081892967
        min: -0.461431354284
        var: 0.552679896355
    barkbands_spread:
        dmean: 4.39061260223
        dmean2: 6.76220703125
        dvar: 22.2999229431
        dvar2: 47.1104240417
        max: 56.8848342896
        mean: 25.2037849426
        min: 3.69714832306
        var: 153.598022461
    dissonance:
        dmean: 0.0173111073673
        dmean2: 0.0285884849727
        dvar: 0.000211037971894
        dvar2: 0.000567537092138
        max: 0.499341219664
        mean: 0.458873152733
        min: 0.35958814621
        var: 0.000505491974764
    hfc:
        dmean: 1.03853011131
        dmean2: 1.52246367931
        dvar: 4.08941602707
        dvar2: 8.30795383453
        max: 27.1959648132
        mean: 4.07017564774
        min: 0.916129291058
        var: 10.7374219894
    pitch:
        dmean: 711.287536621
        dmean2: 1400.75085449
        dvar: 1935316.375
        dvar2: 4894182
        max: 4410
        mean: 835.88848877
        min: 75.7731933594
        var: 2077078.625
    pitch_instantaneous_confidence:
        dmean: 0.0707585588098
        dmean2: 0.118038721383
        dvar: 0.00385970552452
        dvar2: 0.00945022050291
        max: 0.618167757988
        mean: 0.367937147617
        min: 0.145695209503
        var: 0.00999058503658
    pitch_salience:
        dmean: 0.056557264179
        dmean2: 0.0930553600192
        dvar: 0.00222267280333
        dvar2: 0.005580031313
        max: 0.851572096348
        mean: 0.647557318211
        min: 0.404564976692
        var: 0.0062360484153
    silence_rate_20dB:
        dmean: 0
        dmean2: 0
        dvar: 0
        dvar2: 0
        max: 1
        mean: 1
        min: 1
        var: 0
    silence_rate_30dB:
        dmean: 0
        dmean2: 0
        dvar: 0
        dvar2: 0
        max: 1
        mean: 1
        min: 1
        var: 0
    silence_rate_60dB:
        dmean: 0.107226103544
        dmean2: 0.212616816163
        dvar: 0.0957287251949
        dvar2: 0.232830330729
        max: 1
        mean: 0.197674423456
        min: 0
        var: 0.158598855138
    spectral_centroid:
        dmean: 154.854217529
        dmean2: 229.707107544
        dvar: 26654.0507812
        dvar2: 60609.9375
        max: 2682.20800781
        mean: 840.690002441
        min: 233.341186523
        var: 179860.765625
    spectral_complexity:
        dmean: 2.20374703407
        dmean2: 3.46009397507
        dvar: 6.30742502213
        dvar2: 11.7037944794
        max: 39
        mean: 10.5700931549
        min: 3
        var: 23.3245220184
    spectral_crest:
        dmean: 1.77740752697
        dmean2: 2.95131134987
        dvar: 2.76031279564
        dvar2: 7.41807699203
        max: 16.5641078949
        mean: 7.53895187378
        min: 2.82799220085
        var: 5.62475347519
    spectral_decrease:
        dmean: 3.0569408116e-10
        dmean2: 4.89663087855e-10
        dvar: 2.49622351805e-19
        dvar2: 5.83084887065e-19
        max: -2.55261339843e-10
        mean: -1.15298426362e-09
        min: -5.89910564841e-09
        var: 3.62239424988e-19
    spectral_energy:
        dmean: 0.00122051569633
        dmean2: 0.00194818107411
        dvar: 4.14601072407e-06
        dvar2: 9.6111853054e-06
        max: 0.0247313342988
        mean: 0.00472080800682
        min: 0.00107079918962
        var: 6.16379884377e-06
    spectral_energyband_high:
        dmean: 9.06648492673e-05
        dmean2: 0.000122389261378
        dvar: 2.41843238769e-08
        dvar2: 4.32929248007e-08
        max: 0.00247096805833
        mean: 0.000258014333667
        min: 4.82553059555e-06
        var: 1.1390029897e-07
    spectral_energyband_low:
        dmean: 0.00042087060865
        dmean2: 0.000669407192618
        dvar: 5.14322096024e-07
        dvar2: 1.35287723424e-06
        max: 0.00732621969655
        mean: 0.000841476605274
        min: 3.84148552257e-05
        var: 5.73735121634e-07
    spectral_energyband_middle_high:
        dmean: 0.000235884072026
        dmean2: 0.000366332853446
        dvar: 2.51257318951e-07
        dvar2: 5.74281102672e-07
        max: 0.00719682173803
        mean: 0.000685261853505
        min: 6.79602962919e-05
        var: 4.66505326813e-07
    spectral_energyband_middle_low:
        dmean: 0.000847004004754
        dmean2: 0.00135483965278
        dvar: 1.6863689325e-06
        dvar2: 4.10845677834e-06
        max: 0.0159568451345
        mean: 0.00293601676822
        min: 0.000706428196281
        var: 2.73688829111e-06
    spectral_flatness_db:
        dmean: 0.0161522198468
        dmean2: 0.0242151990533
        dvar: 0.000224102564971
        dvar2: 0.000444243632955
        max: 0.29310041666
        mean: 0.169577807188
        min: 0.0575745254755
        var: 0.00138336711098
    spectral_flux:
        dmean: 0.00732628908008
        dmean2: 0.011197916232
        dvar: 8.26319228509e-05
        dvar2: 0.000162037802511
        max: 0.123538821936
        mean: 0.0319544374943
        min: 0.010202483274
        var: 0.000213351871935
    spectral_kurtosis:
        dmean: 1.22221875191
        dmean2: 2.0816526413
        dvar: 2.4648411274
        dvar2: 7.06864070892
        max: 17.8305873871
        mean: 3.27136349678
        min: -0.0114822387695
        var: 9.35218334198
    spectral_rms:
        dmean: 0.000251493765973
        dmean2: 0.000393708032789
        dvar: 1.07306284747e-07
        dvar2: 2.30905129683e-07
        max: 0.00491203926504
        mean: 0.0020939107053
        min: 0.00102209695615
        var: 2.21201446493e-07
    spectral_rolloff:
        dmean: 505.702331543
        dmean2: 835.851989746
        dvar: 480890.6875
        dvar2: 1044324.375
        max: 4888.03710938
        mean: 1777.44482422
        min: 322.998046875
        var: 1776785.625
    spectral_skewness:
        dmean: 0.18778847158
        dmean2: 0.30553522706
        dvar: 0.043807759881
        dvar2: 0.103685677052
        max: 3.35922956467
        mean: 1.50585722923
        min: 0.482705056667
        var: 0.30729714036
    spectral_spread:
        dmean: 450911.3125
        dmean2: 595321.75
        dvar: 1.03107192422e+12
        dvar2: 1.01785003622e+12
        max: 27761590
        mean: 5242151
        min: 2447158.5
        var: 2.60534095053e+12
    spectral_strongpeak:
        dmean: 0.159531235695
        dmean2: 0.286270052195
        dvar: 0.0700116604567
        dvar2: 0.198948442936
        max: 3.18508338928
        mean: 0.304410517216
        min: 0.0288248322904
        var: 0.0609960742295
    zerocrossingrate:
        dmean: 0.00687481695786
        dmean2: 0.00834892131388
        dvar: 3.83174628951e-05
        dvar2: 4.46692829428e-05
        max: 0.14111328125
        mean: 0.0595223978162
        min: 0.01611328125
        var: 0.0006064720219
    barkbands:
        dmean: [5.44275678749e-07, 0.000116778901429, 0.000350263435394, 0.000342968240147, 0.000439429102698, 0.000174824104761, 0.000289741175948, 0.000114035523438, 0.000109559507109, 4.91107639391e-05, 3.14014214382e-05, 2.18627301365e-05, 1.9592958779e-05, 1.07972127807e-05, 1.66523259395e-05, 1.69303893927e-05, 3.82392463507e-05, 5.4144027672e-05, 7.69171092543e-05, 9.02514657355e-05, 4.44421275461e-05, 1.60760264407e-05, 4.16817147197e-06, 1.2828945728e-06, 7.88034753896e-07, 3.77178857036e-08, 6.38377262163e-09]
        dmean2: [7.95392168129e-07, 0.00018684459792, 0.000563872454222, 0.000556618557312, 0.000704616890289, 0.000266261544311, 0.00047422098578, 0.000182206582394, 0.000181036433787, 8.59890133142e-05, 5.33041566086e-05, 3.65268024325e-05, 3.28551031998e-05, 1.77150832315e-05, 2.81813754555e-05, 2.75206275546e-05, 6.31658331258e-05, 8.84180262801e-05, 0.000120464152133, 0.000136050002766, 6.70065564918e-05, 2.25437106565e-05, 5.8535952121e-06, 1.75991817741e-06, 1.13350233732e-06, 5.25816723496e-08, 6.45923581288e-09]
        dvar: [1.7701596482e-12, 3.62436267665e-08, 3.76036211946e-07, 3.25744821339e-07, 7.8437966522e-07, 4.99202315041e-08, 8.18103913502e-08, 3.89462471162e-08, 1.62797846315e-08, 4.01292554741e-09, 3.12558290361e-09, 1.19654419706e-09, 5.33652622092e-10, 5.20070930765e-10, 1.56233881388e-09, 1.33000133129e-09, 6.72908928578e-09, 1.21537295783e-08, 2.16531539365e-08, 2.08100328081e-08, 5.37163158398e-09, 1.17503562436e-09, 4.48028246447e-11, 3.86068087221e-12, 1.69250128235e-12, 2.64146140399e-14, 1.58372528416e-14]
        dvar2: [3.19409537881e-12, 9.93648043845e-08, 9.95288132799e-07, 8.4264962652e-07, 1.88338196949e-06, 1.25245747995e-07, 2.2377848552e-07, 9.61413562095e-08, 4.01450357401e-08, 1.03598525314e-08, 8.53184012328e-09, 3.06893643831e-09, 1.33537692015e-09, 1.47176804077e-09, 4.00377508925e-09, 3.02681502085e-09, 1.57848276672e-08, 2.81864220852e-08, 5.30421537803e-08, 4.25069259791e-08, 1.16223963786e-08, 2.1572432729e-09, 7.48624634506e-11, 7.06982866347e-12, 2.97448025412e-12, 4.1879409554e-14, 1.53682506987e-14]
        max: [1.6007139493e-05, 0.00160710141063, 0.00621989835054, 0.00573219312355, 0.01014149189, 0.00391736952588, 0.00262134056538, 0.00240190629847, 0.00122793507762, 0.000706398335751, 0.000687068561092, 0.00044869739213, 0.000173640699359, 0.000329728587531, 0.000554683676455, 0.000528525502887, 0.00139117566869, 0.00134115491528, 0.00178626354318, 0.00168906582985, 0.000992131535895, 0.000557602907065, 9.50969842961e-05, 2.62056692009e-05, 1.62538508448e-05, 2.49302252087e-06, 2.64523100668e-06]
        mean: [6.76148829371e-07, 0.000256306608208, 0.000584532506764, 0.000593116681557, 0.000772448605858, 0.0005342772929, 0.000644548097625, 0.000171749910805, 0.000203483068617, 7.98535184003e-05, 4.16721341026e-05, 3.80423116439e-05, 3.35049517162e-05, 1.85145363503e-05, 2.76582813967e-05, 3.2723070035e-05, 6.97832365404e-05, 0.000114721973659, 0.000144290592289, 0.000202868730412, 0.000100472192571, 3.85394996556e-05, 1.12926963993e-05, 3.8868838601e-06, 1.80376366643e-06, 3.49753612738e-08, 6.44252162729e-09]
        min: [4.86287232704e-10, 1.41779526075e-06, 1.2354818864e-05, 3.78413869839e-06, 2.89859071927e-05, 1.7004835172e-05, 3.19826103805e-05, 8.91308536666e-06, 5.59834779779e-06, 1.23540405639e-06, 5.5883197092e-07, 2.53990583587e-06, 2.65565790869e-06, 1.79849735105e-06, 7.37624873182e-07, 2.56079624705e-06, 1.82861481335e-06, 5.55410133529e-06, 1.83170936907e-06, 3.26546205542e-06, 1.38920540849e-06, 1.06450477233e-06, 1.93131896253e-07, 6.07966086363e-08, 2.54074290496e-08, 4.55139506812e-13, 1.12373760471e-13]
        var: [2.33036615178e-12, 4.71618264442e-08, 4.03908444468e-07, 4.5668721782e-07, 1.11174711037e-06, 2.18133578755e-07, 1.8448876915e-07, 4.58921007862e-08, 3.3672566957e-08, 7.9245898732e-09, 3.03338443253e-09, 2.90418200599e-09, 9.70273195122e-10, 6.19784668032e-10, 2.10369122122e-09, 1.8228033527e-09, 1.12196687496e-08, 2.11927062566e-08, 3.7359633609e-08, 5.67458613432e-08, 1.92555535961e-08, 3.92919208281e-09, 2.13949122307e-10, 2.27665108987e-11, 5.75017073887e-12, 2.71734335879e-14, 1.63113388763e-14]
    mfcc:
        mean: [-715.854309082, 126.815002441, -2.85196948051, 57.6952514648, -19.3837585449, -10.9049339294, -2.51439237595, -3.76146006584, -4.47313833237, -1.71228468418, 0.845198631287, 1.49762666225, -0.288053661585]
        cov: [[1559.68395996, -911.813598633, -196.016189575, 112.655548096, -58.1780166626, 67.8354873657, 115.363876343, 36.2004890442, 20.340139389, 30.2710475922, -57.5263710022, -89.2165145874, -40.327003479], [-911.813598633, 748.662902832, 20.5440273285, -47.3136405945, 77.8195266724, -37.622428894, -73.1375579834, -10.9967775345, -14.0838909149, -31.5524940491, 2.72047638893, 15.0787220001, 5.90916490555], [-196.016189575, 20.5440273285, 229.355880737, -20.875087738, -0.480844885111, 23.5088882446, 4.45152425766, -20.1710586548, -9.17187595367, 6.32278823853, 28.7734870911, 41.804851532, 13.3832569122], [112.655548096, -47.3136405945, -20.875087738, 142.371765137, 3.97203397751, 0.63713568449, 4.86247634888, -30.7187042236, -2.56538677216, 10.9093637466, 7.57516479492, 7.69306659698, -7.48214054108], [-58.1780166626, 77.8195266724, -0.480844885111, 3.97203397751, 100.789382935, 8.10511207581, -14.8221969604, 5.11774492264, -28.4258575439, -6.48154878616, 3.286454916, -1.20843732357, 9.23573303223], [67.8354873657, -37.622428894, 23.5088882446, 0.63713568449, 8.10511207581, 56.6428947449, 11.5850543976, -4.9330573082, -7.44899463654, -7.68047904968, 9.46477794647, 5.93003797531, 4.14299631119], [115.363876343, -73.1375579834, 4.45152425766, 4.86247634888, -14.8221969604, 11.5850543976, 69.8354873657, -2.22899484634, 28.8866424561, -3.12092375755, -4.87458610535, -3.56293511391, -7.26305913925], [36.2004890442, -10.9967775345, -20.1710586548, -30.7187042236, 5.11774492264, -4.9330573082, -2.22899484634, 81.4612045288, -8.57578849792, 16.3104476929, 3.9434928894, -10.3429222107, 10.843290329], [20.340139389, -14.0838909149, -9.17187595367, -2.56538677216, -28.4258575439, -7.44899463654, 28.8866424561, -8.57578849792, 99.6118240356, -7.07306814194, -1.77416861057, -5.03777313232, -23.676202774], [30.2710475922, -31.5524940491, 6.32278823853, 10.9093637466, -6.48154878616, -7.68047904968, -3.12092375755, 16.3104476929, -7.07306814194, 60.9992713928, 8.87981319427, 2.19409799576, 4.11780738831], [-57.5263710022, 2.72047638893, 28.7734870911, 7.57516479492, 3.286454916, 9.46477794647, -4.87458610535, 3.9434928894, -1.77416861057, 8.87981319427, 71.4599380493, 32.0905647278, 16.4386482239], [-89.2165145874, 15.0787220001, 41.804851532, 7.69306659698, -1.20843732357, 5.93003797531, -3.56293511391, -10.3429222107, -5.03777313232, 2.19409799576, 32.0905647278, 57.4785461426, 24.4896011353], [-40.327003479, 5.90916490555, 13.3832569122, -7.48214054108, 9.23573303223, 4.14299631119, -7.26305913925, 10.843290329, -23.676202774, 4.11780738831, 16.4386482239, 24.4896011353, 48.9667282104]]
        icov: [[0.00473197596148, 0.00522660836577, 0.00292377872393, -0.00193208269775, -0.00120033393614, -0.00362855172716, -0.00181161449291, -0.00136066530831, 0.000140329502756, -0.000307019014144, 0.00171193527058, 0.00280133099295, 0.000855934689753], [0.00522660836577, 0.00754744233564, 0.00304518197663, -0.00154604937416, -0.00270059891045, -0.00275165541098, -0.000472143059596, -0.00120217655785, -0.00021620876214, 0.000457157351775, 0.00192564399913, 0.00246619200334, 0.00124059931841], [0.00292377872393, 0.00304518197663, 0.00744950491935, 0.000360856676707, -0.000683757127263, -0.00409536063671, -0.00190132367425, 0.000767360208556, 0.000787249300629, -0.00159501179587, 0.000383448932553, -0.00201136013493, 0.00147502345499], [-0.00193208269775, -0.00154604937416, 0.000360856676707, 0.00962735712528, -0.000722047698218, 0.00182338932063, 1.64947960002e-05, 0.00454904790968, 0.000822902307846, -0.00230515236035, -0.00182358210441, -0.00306665967219, 0.00168248789851], [-0.00120033393614, -0.00270059891045, -0.000683757127263, -0.000722047698218, 0.0126760182902, -0.00141173228621, 0.000902222353034, -0.000673691392876, 0.00272346544079, 0.00133609608747, -0.00111024780199, 0.00129443290643, -0.0016446756199], [-0.00362855172716, -0.00275165541098, -0.00409536063671, 0.00182338932063, -0.00141173228621, 0.0244292933494, -0.00224477541633, 0.00198901980184, 0.00218095094897, 0.00374082010239, -0.00423332536593, -0.00175758975092, -0.000792264123447], [-0.00181161449291, -0.000472143059596, -0.00190132367425, 1.64947960002e-05, 0.000902222353034, -0.00224477541633, 0.019856646657, -0.000218461223994, -0.00568618346006, 0.000981820281595, 0.00119073351379, -0.000742196105421, -0.00075989542529], [-0.00136066530831, -0.00120217655785, 0.000767360208556, 0.00454904790968, -0.000673691392876, 0.00198901980184, -0.000218461223994, 0.016963461414, 0.000514097395353, -0.00452884519473, -0.00307913636789, 0.00371718918905, -0.00451614055783], [0.000140329502756, -0.00021620876214, 0.000787249300629, 0.000822902307846, 0.00272346544079, 0.00218095094897, -0.00568618346006, 0.000514097395353, 0.0142306471244, 0.00124733918346, -0.00177348137368, -0.00140250066761, 0.00646943412721], [-0.000307019014144, 0.000457157351775, -0.00159501179587, -0.00230515236035, 0.00133609608747, 0.00374082010239, 0.000981820281595, -0.00452884519473, 0.00124733918346, 0.0196926370263, -0.00217723846436, 0.000405399943702, -0.000169063467183], [0.00171193527058, 0.00192564399913, 0.000383448932553, -0.00182358210441, -0.00111024780199, -0.00423332536593, 0.00119073351379, -0.00307913636789, -0.00177348137368, -0.00217723846436, 0.0207787007093, -0.00928856339306, -0.00078447710257], [0.00280133099295, 0.00246619200334, -0.00201136013493, -0.00306665967219, 0.00129443290643, -0.00175758975092, -0.000742196105421, 0.00371718918905, -0.00140250066761, 0.000405399943702, -0.00928856339306, 0.0347860455513, -0.0139294834808], [0.000855934689753, 0.00124059931841, 0.00147502345499, 0.00168248789851, -0.0016446756199, -0.000792264123447, -0.00075989542529, -0.00451614055783, 0.00646943412721, -0.000169063467183, -0.00078447710257, -0.0139294834808, 0.0324679277837]]
    spectral_contrast:
        mean: [-2.54590517557e-08, -1.36652005267e-07, 3.919040239e-07, -9.0853563961e-07, -4.35963414702e-07, -2.31176898069e-07, 8.96367509995e-07, 3.73796319764e-06, -3.31550836563e-06, -3.00390695429e-07, -1.98752945835e-06, -4.12386134485e-06]
        var: [0.00035800319165, 0.00054170016665, 0.000920915044844, 0.0013778913999, 0.00183053058572, 0.00313727254979, 0.0403364859521, 0.0708200037479, 0.0882208645344, 0.161979690194, 0.213250935078, 0.836465477943]

rhythm:
    beats_loudness:
        dmean: 0.00163750024512
        dmean2: 0.0028065321967
        dvar: 9.86102577372e-07
        dvar2: 3.15302281706e-06
        max: 0.00876797363162
        mean: 0.00484121404588
        min: 0.00240962440148
        var: 2.49124786933e-06
    beats_loudness_bass:
        dmean: 0.149854123592
        dmean2: 0.258795410395
        dvar: 0.0173394437879
        dvar2: 0.0465248338878
        max: 0.675122022629
        mean: 0.293543756008
        min: 0.129925429821
        var: 0.0209297314286
    bpm: 153.708724976
    bpm_confidence: 0
    first_peak_bpm: 152
    first_peak_spread: 0.416666686535
    first_peak_weight: 0.560000002384
    onset_rate: 3.00638103485
    second_peak_bpm: 139
    second_peak_spread: 0
    second_peak_weight: 0.0399999991059
    beats_position: [0.049339171499, 0.444027900696, 0.838716685772, 1.23340547085, 1.62809419632, 2.02278280258, 2.41747164726, 2.81216025352, 3.20684909821, 3.60153770447, 3.99622654915, 4.39091539383, 4.78560447693, 5.18029308319, 5.57498216629, 6.00744104385, 6.39271736145, 6.77799463272, 7.16327095032, 7.54854774475, 7.93382406235, 8.31910133362, 8.70437812805, 9.08965492249, 9.47493171692, 9.86020851135]
    bpm_estimates: [151.603271484, 151.398727417, 151.987457275, 151.968002319, 151.710205078, 153.461380005, 156.028900146, 155.406524658, 155.882888794, 155.093154907, 156.255462646]
    bpm_intervals: [0.394688725471, 0.394688785076, 0.394688785076, 0.394688725471, 0.394688606262, 0.394688844681, 0.394688606262, 0.394688844681, 0.394688606262, 0.394688844681, 0.394688844681, 0.394689083099, 0.394688606262, 0.394689083099, 0.432458877563, 0.385276317596, 0.385277271271, 0.385276317596, 0.385276794434, 0.385276317596, 0.385277271271, 0.385276794434, 0.385276794434, 0.385276794434, 0.385276794434]
    onset_times: [0.0580498874187, 0.336689352989, 0.510838985443, 0.696598649025, 1.01006805897, 1.09133791924, 1.52090704441, 1.91564631462, 2.29877543449, 2.49614500999, 3.09986400604, 3.92417240143, 4.19120168686, 4.72526073456, 5.14321994781, 5.30575942993, 5.53795909882, 5.81659841537, 6.29260778427, 6.71056699753, 6.87310647964, 7.07047605515, 7.4303855896, 7.84834480286, 8.23147392273, 8.62621307373, 9.0093421936, 9.16027164459, 9.38086128235, 9.52018165588]
    rubato_start: []
    rubato_stop: []
    perceptual_tempo: "unknown"

sfx:
    inharmonicity:
        dmean: 0.0337554179132
        dmean2: 0.0600120723248
        dvar: 0.00160067505203
        dvar2: 0.00428442843258
        max: 0.268995195627
        mean: 0.0349753536284
        min: 8.23588488856e-05
        var: 0.0016976975603
    oddtoevenharmonicenergyratio:
        dmean: 1.59566056728
        dmean2: 3.00603580475
        dvar: 17.4966831207
        dvar2: 51.8499755859
        max: 36.9503135681
        mean: 1.06261885166
        min: 0.000786385557149
        var: 10.0455722809
    pitch_after_max_to_before_max_energy_ratio: 3.05463957787
    pitch_centroid: 248.469467163
    pitch_max_to_total: 0.310747653246
    pitch_min_to_total: 0.577102780342
    tristimulus:
        dmean: [0.23100990057, 0.237452551723, 0.104452170432]
        dmean2: [0.412939429283, 0.42661049962, 0.184640064836]
        dvar: [0.0314099639654, 0.0366557501256, 0.0145009206608]
        dvar2: [0.0876935198903, 0.100091718137, 0.0424359515309]
        max: [0.943359494209, 0.952257931232, 0.666572093964]
        mean: [0.479258805513, 0.381614536047, 0.115232475102]
        min: [0.00123459403403, 0, 0]
        var: [0.0499013736844, 0.0470975153148, 0.0143280941993]

tonal:
    chords_changes_rate: 0.0325581394136
    chords_number_rate: 0.0139534883201
    chords_strength:
        dmean: 0.00934108067304
        dmean2: 0.0089761512354
        dvar: 5.79814550292e-05
        dvar2: 5.71031960135e-05
        max: 0.67990398407
        mean: 0.54210215807
        min: 0.35775488615
        var: 0.00495089264587
    key_strength: 0.706487774849
    tuning_diatonic_strength: 0.600203037262
    tuning_equal_tempered_deviation: 0.155014127493
    tuning_frequency: 436.708374023
    tuning_nontempered_energy_ratio: 0.797658920288
    hpcp:
        dmean: [0.129303053021, 0.103300414979, 0.188492178917, 0.196461066604, 0.192146152258, 0.151711419225, 0.0921963229775, 0.0777889490128, 0.0921272262931, 0.11252797395, 0.101706132293, 0.100239604712, 0.091323800385, 0.065792798996, 0.0735734552145, 0.0717871561646, 0.0970013961196, 0.143995955586, 0.175086125731, 0.143689408898, 0.0810517668724, 0.0718484669924, 0.0515524856746, 0.0790839418769, 0.109516762197, 0.122060805559, 0.0982160121202, 0.0754646882415, 0.062316197902, 0.119157247245, 0.117673493922, 0.0661719813943, 0.0353976786137, 0.0319102182984, 0.0548820123076, 0.116417661309]
        dmean2: [0.21781745553, 0.167674273252, 0.336523115635, 0.315497308969, 0.304695427418, 0.263051182032, 0.159462839365, 0.132589682937, 0.146740049124, 0.16774995625, 0.153766795993, 0.170661181211, 0.156888186932, 0.108453892171, 0.126589506865, 0.128300502896, 0.17897324264, 0.247873619199, 0.269950926304, 0.214561283588, 0.139703586698, 0.130586490035, 0.0877190232277, 0.124988675117, 0.172493502498, 0.201224476099, 0.16477675736, 0.125564053655, 0.101815015078, 0.196562424302, 0.178637638688, 0.105272680521, 0.0595840588212, 0.0541714280844, 0.0941472649574, 0.205500721931]
        dvar: [0.0515324361622, 0.0247669778764, 0.0421371720731, 0.0450112074614, 0.0357101298869, 0.0305489692837, 0.0284511614591, 0.0192067865282, 0.0242010839283, 0.0274550095201, 0.0247993506491, 0.0225933603942, 0.0280064027756, 0.0167815443128, 0.026574332267, 0.0174389518797, 0.0333165451884, 0.0295722186565, 0.0364293307066, 0.0232332441956, 0.0147352963686, 0.0254296846688, 0.0152783412486, 0.0179549641907, 0.0322586894035, 0.0430771894753, 0.0236597731709, 0.0144101642072, 0.0139380479231, 0.0187777411193, 0.0233019385487, 0.00537989800796, 0.00354186375625, 0.00246782577597, 0.0104824472219, 0.0477791577578]
        dvar2: [0.136084988713, 0.0511585026979, 0.113010130823, 0.0994794219732, 0.0867865309119, 0.0812939330935, 0.078523516655, 0.0428582169116, 0.0517136827111, 0.0581331886351, 0.0512963160872, 0.0626706629992, 0.0743208229542, 0.0414471291006, 0.0624619200826, 0.044121157378, 0.0951942503452, 0.0828580111265, 0.0693983659148, 0.056071318686, 0.0406885743141, 0.0725340992212, 0.0413926430047, 0.0399955771863, 0.0647336691618, 0.0960673764348, 0.0661160126328, 0.0353246517479, 0.0265683829784, 0.0517075695097, 0.0554984174669, 0.0151418428868, 0.00929097738117, 0.0062593286857, 0.0298282280564, 0.129605457187]
        max: [1, 1, 1, 1, 1, 1, 1, 1, 1, 1, 1, 1, 1, 1, 1, 0.860256552696, 0.977043509483, 1, 1, 0.955579102039, 0.776058912277, 0.831226587296, 0.906048834324, 1, 1, 1, 1, 1, 1, 1, 1, 0.469441384077, 0.403599381447, 0.307146787643, 0.819802522659, 1]
        mean: [0.166966229677, 0.137552827597, 0.27962359786, 0.563540160656, 0.480291455984, 0.188361555338, 0.091953098774, 0.090227983892, 0.117539137602, 0.162231236696, 0.158820927143, 0.12879575789, 0.123004615307, 0.10586386919, 0.0833931788802, 0.0714306086302, 0.0858109593391, 0.22042503953, 0.415749520063, 0.30652141571, 0.0983983501792, 0.0671885609627, 0.0509320646524, 0.0984337851405, 0.231413885951, 0.229934155941, 0.12461258471, 0.147457659245, 0.16095508635, 0.206611931324, 0.225243210793, 0.104866430163, 0.0442197844386, 0.0462590716779, 0.0654092058539, 0.12863497436]
        min: [0.000459520699224, 0.000481796567328, 0.0145168732852, 0.0121037671342, 0.0110153770074, 0.00365606066771, 0.00112840323709, 0.00119972322136, 0.00096370652318, 0.00122993497644, 0.00193509657402, 0.00221980037168, 0.00223083561286, 0.00105264759623, 0.00114205747377, 0.000923360697925, 0.00096833659336, 0.00866286456585, 0.00758724473417, 0.00182249536738, 0.00497310888022, 0.000680635916069, 0.000775857188273, 0.00104515219573, 0.00237414659932, 0.00127495604102, 0.00123420567252, 0.00070506130578, 0.00197745021433, 0.00550202419981, 0.00305508915335, 0.00131730060093, 0.00144387397449, 0.00112321402412, 0.00134022568818, 0.00140569917858]
        var: [0.0754931867123, 0.0445920415223, 0.0563511773944, 0.124461077154, 0.098315089941, 0.0390086509287, 0.0225523971021, 0.0213514883071, 0.0363757014275, 0.0591264404356, 0.0508428663015, 0.0236503817141, 0.0370692685246, 0.0350681133568, 0.027108354494, 0.0154361035675, 0.0236869063228, 0.0408578962088, 0.12647099793, 0.0684053972363, 0.0131358858198, 0.0168625619262, 0.0109904492274, 0.0257474835962, 0.109254010022, 0.107922434807, 0.0282507557422, 0.0700596496463, 0.0824113786221, 0.0369299724698, 0.0591734908521, 0.00913751497865, 0.00357846962288, 0.00284199416637, 0.00926026795059, 0.0507090874016]
    chords_histogram: [51.1627922058, 0, 0, 1.39534878731, 0, 0, 0, 0, 0, 0, 0, 0, 0, 0, 0, 0, 0, 46.5116271973, 0, 0.930232584476, 0, 0, 0, 0]
    thpcp: [1, 0.852275490761, 0.334246903658, 0.163170441985, 0.160109236836, 0.208572775126, 0.287878751755, 0.281827181578, 0.228547617793, 0.218271255493, 0.187855049968, 0.147980898619, 0.126753360033, 0.15227124095, 0.3911434412, 0.737746059895, 0.543921172619, 0.174607515335, 0.119225859642, 0.0903787687421, 0.174670398235, 0.410643100739, 0.408017337322, 0.221124589443, 0.261663079262, 0.285614222288, 0.366632133722, 0.399693280458, 0.186085104942, 0.0784678459167, 0.0820865556598, 0.116068400443, 0.22826230526, 0.29628098011, 0.244086995721, 0.496191084385]
    chords_key: "D#"
    chords_scale: "major"
    key_key: "D#"
    key_scale: "major"
    chords_progression: ["D#", "D#", "D#", "D#", "D#", "D#", "D#", "D#", "D#", "D#", "D#", "Dm", "Dm", "Dm", "D#m", "D#m", "D#m", "D#m", "D#m", "D#m", "D#m", "D#m", "D#m", "D#m", "D#m", "D#m", "D#m", "D#m", "D#m", "D#m", "D#m", "D#m", "D#m", "D#m", "D#m", "D#m", "D#m", "D#m", "D#m", "D#m", "D#m", "D#m", "D#m", "D#m", "D#m", "D#m", "D#m", "D#m", "D#m", "D#m", "D#m", "D#m", "D#m", "D#m", "D#m", "D#", "D#", "D#", "D#", "D#", "D#", "D#", "D#", "D#", "D#", "D#", "D#", "D#", "D#", "D#", "D#", "D#", "D#", "D#", "D#", "D#", "D#", "D#", "D#", "D#", "D#", "D#", "D#", "D#", "D#", "D#", "D#", "D#", "D#", "D#", "D#", "D#", "D#", "D#", "D#", "D#", "D#", "D#", "D#", "D#", "D#", "D#", "D#", "D#", "D#", "D#", "D#", "D#", "D#", "D#", "D#", "D#", "D#", "D#", "D#", "D#", "D#", "D#", "D#", "D#", "D#", "D#", "D#", "D#", "D#", "D#", "D#", "D#", "D#", "D#", "D#", "D#", "D#", "D#", "D#", "D#", "D#", "D#", "D#", "D#", "D#", "D#", "D#", "D#", "D#", "D#", "D#", "D#", "D#", "D#", "D#", "D#", "D#", "D#m", "D#m", "D#m", "D#m", "D#m", "D#m", "D#m", "D#m", "D#m", "D#m", "D#m", "D#m", "D#m", "D#m", "D#m", "D#m", "D#m", "D#m", "D#m", "D#m", "D#m", "D#m", "D#m", "D#m", "D#m", "D#m", "D#m", "D#m", "D#m", "D#m", "D#m", "D#m", "D#m", "D#m", "D#m", "D#m", "D#m", "D#m", "D#m", "D#m", "D#m", "D#m", "D#m", "D#m", "D#m", "D#m", "D#m", "D#m", "D#m", "D#m", "D#m", "D#m", "D#m", "A#m", "A#m", "D#m", "D#m", "D#m", "D#m", "D#m", "D#m", "D#"]
