
metadata:
    version:
        essentia: "1.2.2"
    audio_properties:
        analysis_sample_rate: 44100
        bitrate: 128
        channels: 2
        equal_loudness: 1
        length: 10.0048980713
        replay_gain: -8.40181159973
        downmix: "mix"
    tags:
        track: 17
        year: 0
        album: "Splitted by Mp3Splt v. 2.1"
        artist: "From 002.40 To 002.50"
        comment: "http://mp3splt.sf.net"
        genre: ""
        title: "06 Life Form Ends.mp3"

highlevel:
    ballroom:
        all:
            ChaChaCha: 0.0142297623679
            Jive: 0.0177236702293
            Quickstep: 0.130652934313
            Rumba-American: 0.228369668126
            Rumba-International: 0.0830265134573
            Rumba-Misc: 0.074580617249
            Samba: 0.0250511653721
            Tango: 0.0559665635228
            VienneseWaltz: 0.233846902847
            Waltz: 0.136552199721
        probability: 0.233846902847
        value: "VienneseWaltz"
    culture:
        all:
            non_western: 0.415016710758
            western: 0.584983289242
        probability: 0.584983289242
        value: "western"
    gender:
        all:
            female: 0.727928996086
            male: 0.272070974112
        probability: 0.727928996086
        value: "female"
    genre_dortmund:
        all:
            alternative: 0.0559710487723
            blues: 0.0962163582444
            electronic: 0.09258120507
            folkcountry: 0.097978644073
            funksoulrnb: 0.0585956200957
            jazz: 0.390831261873
            pop: 0.0609935112298
            raphiphop: 0.0431048125029
            rock: 0.103727541864
        probability: 0.390831261873
        value: "jazz"
    genre_electronica:
        all:
            ambient: 0.985296845436
            dnb: 0.00560160167515
            house: 0.00494516082108
            techno: 0.00247925915755
            trance: 0.00167715805583
        probability: 0.985296845436
        value: "ambient"
    genre_rosamerica:
        all:
            cla: 0.306676030159
            dan: 0.00770155293867
            hip: 0.0151911657304
            jaz: 0.480025202036
            pop: 0.0261482317001
            rhy: 0.146491825581
            roc: 0.0118870371953
            spe: 0.00587893975899
        probability: 0.480025202036
        value: "jaz"
    genre_tzanetakis:
        all:
            blu: 0.0952398851514
            cla: 0.0759605765343
            cou: 0.0530330687761
            dis: 0.0358616188169
            hip: 0.0170813146979
            jaz: 0.406519770622
            met: 0.00589009188116
            pop: 0.0564932562411
            reg: 0.228508189321
            roc: 0.0254122428596
        probability: 0.406519770622
        value: "jaz"
    live_studio:
        all:
            live: 0.0125321438536
            studio: 0.987467885017
        probability: 0.987467885017
        value: "studio"
    mood:
        all:
            Cluster1: 0.0846450254321
            Cluster2: 0.304699391127
            Cluster3: 0.340817570686
            Cluster4: 0.216326892376
            Cluster5: 0.0535111278296
        probability: 0.340817570686
        value: "Cluster3"
    mood_acoustic:
        all:
            acoustic: 0.783306062222
            not_acoustic: 0.21669395268
        probability: 0.783306062222
        value: "acoustic"
    mood_aggressive:
        all:
            aggressive: 0.0780887678266
            not_aggressive: 0.921911239624
        probability: 0.921911239624
        value: "not_aggressive"
    mood_electronic:
        all:
            electronic: 0.642633676529
            not_electronic: 0.357366293669
        probability: 0.642633676529
        value: "electronic"
    mood_happy:
        all:
            happy: 0.10431034863
            not_happy: 0.895689666271
        probability: 0.895689666271
        value: "not_happy"
    mood_party:
        all:
            not_party: 0.932662308216
            party: 0.0673376992345
        probability: 0.932662308216
        value: "not_party"
    mood_relaxed:
        all:
            not_relaxed: 0.0497883073986
            relaxed: 0.950211703777
        probability: 0.950211703777
        value: "relaxed"
    mood_sad:
        all:
            not_sad: 0.0532985031605
            sad: 0.946701467037
        probability: 0.946701467037
        value: "sad"
    rhythm:
        all:
            fast: 0.102797754109
            medium: 0.281528651714
            slow: 0.615673601627
        probability: 0.615673601627
        value: "slow"
    speech_music:
        all:
            music: 0.0211174804717
            speech: 0.978882491589
        probability: 0.978882491589
        value: "speech"
    timbre:
        all:
            bright: 0.662254095078
            dark: 0.33774587512
        probability: 0.662254095078
        value: "bright"
    voice_instrumental:
        all:
            instrumental: 0.191359594464
            voice: 0.808640420437
        probability: 0.808640420437
        value: "voice"

lowlevel:
    average_loudness: 0.301310658455
    barkbands_kurtosis:
        dmean: 4.98311328888
        dmean2: 8.46844577789
        dvar: 40.5663528442
        dvar2: 128.508377075
        max: 61.7085113525
        mean: 7.36181306839
        min: -1.77075731754
        var: 77.6826095581
    barkbands_skewness:
        dmean: 0.827526628971
        dmean2: 1.38565790653
        dvar: 0.54763674736
        dvar2: 1.53960084915
        max: 4.71706771851
        mean: 0.956396818161
        min: -3.19033002853
        var: 1.50185096264
    barkbands_spread:
        dmean: 3.8295443058
        dmean2: 6.56301784515
        dvar: 31.5779056549
        dvar2: 88.6364364624
        max: 59.1308479309
        mean: 8.59545230865
        min: 0.772286534309
        var: 77.0916137695
    dissonance:
        dmean: 0.0466608442366
        dmean2: 0.0823158472776
        dvar: 0.0021250389982
        dvar2: 0.00577935716137
        max: 0.499941140413
        mean: 0.40649831295
        min: 0.068023249507
        var: 0.00459126709029
    hfc:
        dmean: 1.3837467432
        dmean2: 2.388276577
        dvar: 15.195274353
        dvar2: 44.8506126404
        max: 40.809173584
        mean: 2.32355904579
        min: 0.0134691139683
        var: 24.8216762543
    pitch:
        dmean: 154.702194214
        dmean2: 292.650146484
        dvar: 145031.078125
        dvar2: 422491.375
        max: 4410
        mean: 499.632843018
        min: 65.1403274536
        var: 191545.34375
    pitch_instantaneous_confidence:
        dmean: 0.102646015584
        dmean2: 0.167542845011
        dvar: 0.00840828288347
        dvar2: 0.0187927521765
        max: 0.947717130184
        mean: 0.619184553623
        min: 0.186707019806
        var: 0.0404607020319
    pitch_salience:
        dmean: 0.0842760428786
        dmean2: 0.139095947146
        dvar: 0.00455705495551
        dvar2: 0.0107139665633
        max: 0.817985057831
        mean: 0.566049575806
        min: 0.135558918118
        var: 0.0154663957655
    silence_rate_20dB:
        dmean: 0
        dmean2: 0
        dvar: 0
        dvar2: 0
        max: 1
        mean: 1
        min: 1
        var: 0
    silence_rate_30dB:
        dmean: 0
        dmean2: 0
        dvar: 0
        dvar2: 0
        max: 1
        mean: 1
        min: 1
        var: 0
    silence_rate_60dB:
        dmean: 0.0324825979769
        dmean2: 0.0651162788272
        dvar: 0.0314272865653
        dvar2: 0.0841326788068
        max: 1
        mean: 0.828703701496
        min: 0
        var: 0.141953930259
    spectral_centroid:
        dmean: 163.682678223
        dmean2: 281.856781006
        dvar: 93174.0859375
        dvar2: 260013.078125
        max: 3695.54736328
        mean: 804.271728516
        min: 239.720855713
        var: 214874.3125
    spectral_complexity:
        dmean: 1.14651167393
        dmean2: 1.92074596882
        dvar: 2.10645103455
        dvar2: 4.61841344833
        max: 14
        mean: 3.1276102066
        min: 0
        var: 6.64960098267
    spectral_crest:
        dmean: 2.77777981758
        dmean2: 4.65917348862
        dvar: 5.46919679642
        dvar2: 14.5416059494
        max: 24.2192287445
        mean: 12.7021884918
        min: 3.17337846756
        var: 27.2130203247
    spectral_decrease:
        dmean: 2.63074922957e-10
        dmean2: 4.44513259534e-10
        dvar: 3.60784388441e-19
        dvar2: 1.07867970792e-18
        max: -3.33574726001e-12
        mean: -4.77600625715e-10
        min: -6.15221740219e-09
        var: 6.57622597351e-19
    spectral_energy:
        dmean: 0.00111411057878
        dmean2: 0.00188624695875
        dvar: 6.790104635e-06
        dvar2: 2.02695828193e-05
        max: 0.0269213803113
        mean: 0.00201332732104
        min: 1.38114573929e-05
        var: 1.22782294056e-05
    spectral_energyband_high:
        dmean: 2.14473238884e-05
        dmean2: 4.02908008255e-05
        dvar: 2.10317327998e-08
        dvar2: 6.12076718198e-08
        max: 0.00222104159184
        mean: 1.92178886209e-05
        min: 1.50060124327e-08
        var: 1.287838991e-08
    spectral_energyband_low:
        dmean: 3.01143700199e-05
        dmean2: 5.21035435668e-05
        dvar: 2.80383249951e-09
        dvar2: 6.49500497829e-09
        max: 0.000994353438728
        mean: 5.23502239957e-05
        min: 1.10487308191e-08
        var: 1.11134852432e-08
    spectral_energyband_middle_high:
        dmean: 0.000894711178262
        dmean2: 0.00155541941058
        dvar: 6.79273944115e-06
        dvar2: 2.04599491553e-05
        max: 0.0265026260167
        mean: 0.00142303085886
        min: 3.25236737808e-06
        var: 1.23741510833e-05
    spectral_energyband_middle_low:
        dmean: 0.000262737419689
        dmean2: 0.000405837985454
        dvar: 1.37959844437e-07
        dvar2: 3.19583676855e-07
        max: 0.00500679994002
        mean: 0.000518730201293
        min: 4.72364354209e-06
        var: 2.37963220684e-07
    spectral_flatness_db:
        dmean: 0.0322842635214
        dmean2: 0.0533926784992
        dvar: 0.000848161056638
        dvar2: 0.00222397851758
        max: 0.360281378031
        mean: 0.243820562959
        min: 0.082708671689
        var: 0.00299872551113
    spectral_flux:
        dmean: 0.00718761282042
        dmean2: 0.0115117579699
        dvar: 9.73797796178e-05
        dvar2: 0.000207633012906
        max: 0.121227324009
        mean: 0.0227691251785
        min: 0.00371637684293
        var: 0.000410913286032
    spectral_kurtosis:
        dmean: 5.33020067215
        dmean2: 8.94803142548
        dvar: 25.4719161987
        dvar2: 68.2126235962
        max: 41.483997345
        mean: 13.0859260559
        min: -0.834153175354
        var: 62.9838829041
    spectral_rms:
        dmean: 0.00030026427703
        dmean2: 0.000494753650855
        dvar: 1.91335146837e-07
        dvar2: 5.46148442027e-07
        max: 0.00512491585687
        mean: 0.0011308894027
        min: 0.000116080111184
        var: 6.85310396875e-07
    spectral_rolloff:
        dmean: 337.06918335
        dmean2: 601.222045898
        dvar: 556061.625
        dvar2: 1635838.625
        max: 6761.42578125
        mean: 1096.19677734
        min: 301.46484375
        var: 870784.25
    spectral_skewness:
        dmean: 0.530327498913
        dmean2: 0.894048988819
        dvar: 0.23759406805
        dvar2: 0.600163042545
        max: 5.41224002838
        mean: 2.80865001678
        min: 0.216952174902
        var: 0.762606024742
    spectral_spread:
        dmean: 840815.6875
        dmean2: 1350841.875
        dvar: 1.71580194816e+12
        dvar2: 2.89543893811e+12
        max: 22505086
        mean: 3604334
        min: 1479859.25
        var: 5.03217074995e+12
    spectral_strongpeak:
        dmean: 0.324235886335
        dmean2: 0.550267875195
        dvar: 0.291589945555
        dvar2: 0.882724583149
        max: 4.51508712769
        mean: 0.622817456722
        min: 0.0100615564734
        var: 0.562633693218
    zerocrossingrate:
        dmean: 0.00465229852125
        dmean2: 0.00626912154257
        dvar: 3.78637305403e-05
        dvar2: 5.98612859903e-05
        max: 0.1904296875
        mean: 0.0427365042269
        min: 0.01220703125
        var: 0.000539459928405
    barkbands:
        dmean: [7.79670017437e-09, 8.9706181825e-06, 2.42049372901e-05, 1.2099891137e-05, 6.2486709794e-05, 3.95072420361e-05, 5.56766026421e-05, 5.18564520462e-05, 7.76925662649e-05, 6.29628048046e-05, 2.08911314985e-05, 0.000669575762004, 0.000156354217324, 9.42493261391e-06, 3.16358855343e-05, 1.7367376131e-05, 1.23662384794e-05, 1.31881997731e-05, 4.69168116979e-05, 2.36406358454e-05, 3.89623573938e-06, 4.69919541501e-06, 2.03216700356e-06, 8.13404994915e-07, 5.39940401723e-07, 2.0661079958e-08, 5.49838452546e-10]
        dmean2: [1.28764945373e-08, 1.5859855921e-05, 4.16421280534e-05, 2.20109468501e-05, 0.000116112860269, 6.81868768879e-05, 8.35874961922e-05, 8.19589622552e-05, 0.000114495982416, 8.75937912497e-05, 3.81202262361e-05, 0.0011450619204, 0.000284900161205, 1.61549305631e-05, 5.91924763285e-05, 3.21362676914e-05, 2.34119524976e-05, 2.41981833824e-05, 8.75844125403e-05, 4.37106536992e-05, 7.20131356502e-06, 8.52297580423e-06, 3.69603412764e-06, 1.51804874804e-06, 1.00603767805e-06, 3.63794683267e-08, 9.16096642989e-10]
        dvar: [1.49307596108e-16, 2.36096919792e-10, 2.13587236786e-09, 2.03733779847e-10, 2.35455601683e-08, 5.57866686179e-09, 4.69752912124e-08, 1.00328154673e-08, 1.90782678544e-08, 1.92559461709e-08, 2.96608826389e-09, 4.226789315e-06, 2.11160127606e-07, 8.30529978124e-10, 7.72228005985e-08, 5.83812997945e-09, 2.33132224636e-09, 2.14494932926e-09, 3.89935586043e-08, 1.99516474453e-08, 1.3758963413e-10, 6.60715038237e-10, 1.28548255374e-10, 1.07793244816e-11, 1.10325941091e-11, 5.60519478868e-15, 2.37228087404e-17]
        dvar2: [2.77443365472e-16, 5.69923830351e-10, 4.61330706969e-09, 5.8812593684e-10, 6.5860461973e-08, 1.58583883803e-08, 9.28004695311e-08, 2.39629898147e-08, 4.03566851048e-08, 4.05228099964e-08, 9.20838694185e-09, 1.25291044242e-05, 6.63199784867e-07, 2.19229856491e-09, 2.2306804226e-07, 1.63258775387e-08, 6.50274545322e-09, 5.9615659076e-09, 1.01335281499e-07, 5.78669698825e-08, 3.82377463026e-10, 1.90561388891e-09, 3.73049480196e-10, 3.17350278001e-11, 3.24513957373e-11, 1.59615227394e-14, 4.86777195467e-17]
        max: [1.83759340189e-07, 0.000312759482767, 0.000811763922684, 0.000109075626824, 0.00105025013909, 0.000717236020137, 0.00467395735905, 0.00102550396696, 0.00140362454113, 0.00115374510642, 0.000435398163972, 0.018200231716, 0.00518871238455, 0.000241567293415, 0.00422974815592, 0.00079121242743, 0.000563989742659, 0.000432175031165, 0.00242458144203, 0.00176748435479, 0.000142284028698, 0.000363091850886, 0.000205138567253, 3.28757705574e-05, 4.68420003017e-05, 7.78382798217e-07, 7.12862018304e-08]
        mean: [1.15500933262e-08, 1.92574152607e-05, 3.30822513206e-05, 1.36577427838e-05, 6.53713941574e-05, 5.82100365136e-05, 9.37596778385e-05, 0.000109505141154, 0.000127831241116, 7.21661926946e-05, 2.47749976552e-05, 0.00103723572101, 0.000197881279746, 1.18981915875e-05, 2.06442182389e-05, 1.14273225336e-05, 9.38278026297e-06, 1.05696035462e-05, 6.49978901492e-05, 1.95158536371e-05, 3.74155274585e-06, 4.05864420827e-06, 2.93082644021e-06, 9.86676013781e-07, 4.13785102182e-07, 1.7516001094e-08, 4.04111050178e-10]
        min: [5.57386567457e-11, 1.87864079848e-09, 9.08577302283e-09, 2.18562625776e-08, 7.15905699167e-08, 9.01511327811e-08, 2.65632763785e-07, 1.49839280539e-07, 6.37496157196e-07, 4.21052931188e-07, 6.26747791443e-08, 4.81362079086e-08, 7.0008738362e-08, 3.02613294423e-08, 2.77915468416e-08, 3.49378481701e-08, 7.41260635095e-08, 1.04283209623e-07, 9.85911707829e-09, 1.3185982084e-08, 8.29285173864e-09, 2.2306343439e-09, 2.46081210964e-10, 1.66034574978e-10, 8.66529278887e-11, 5.46403417304e-12, 9.59950868795e-13]
        var: [2.45419405547e-16, 2.28635177457e-09, 5.80622527835e-09, 2.02697580942e-10, 1.69120362159e-08, 6.94177471061e-09, 7.18615780215e-08, 3.64560079902e-08, 5.39781801479e-08, 2.47469582604e-08, 3.5386626962e-09, 7.52507185098e-06, 2.78052823433e-07, 1.05138520112e-09, 4.30730402456e-08, 3.52722762109e-09, 1.41661471442e-09, 1.34469690938e-09, 6.32550296586e-08, 1.199195232e-08, 1.17995002658e-10, 4.36173430707e-10, 2.178742603e-10, 1.58234016168e-11, 6.9151663562e-12, 5.1579711334e-15, 1.79577668437e-17]
    mfcc:
        mean: [-875.618103027, 166.580673218, -22.598865509, 30.4283123016, -34.0732269287, -7.84170532227, -2.68638682365, -1.67099189758, -10.9307050705, -1.60765826702, 3.59940052032, 1.11085247993, -1.38622617722]
        cov: [[4999.43652344, -2512.4831543, -952.509216309, -840.435668945, 367.250244141, 390.356689453, 551.81854248, 92.8421401978, -495.790710449, -129.254562378, -41.3672828674, -70.6234970093, 111.400001526], [-2512.4831543, 1830.51501465, 181.003433228, 306.31942749, -243.615859985, -134.31439209, -84.5368652344, 22.0417079926, 194.2394104, -8.5466003418, 50.5739746094, 94.7348175049, -16.4928817749], [-952.509216309, 181.003433228, 865.376831055, 444.917633057, 75.7370910645, -221.132415771, -510.712768555, -89.7290115356, 350.391937256, 207.151016235, -8.85425281525, -33.8737258911, -144.470916748], [-840.435668945, 306.31942749, 444.917633057, 533.565795898, 73.4498901367, -186.085083008, -363.976135254, -73.0975112915, 273.779571533, 120.644424438, -43.066116333, -70.0514602661, -126.304145813], [367.250244141, -243.615859985, 75.7370910645, 73.4498901367, 184.565765381, -13.9625854492, -122.94694519, -7.02642202377, 90.5351257324, 56.8719711304, -30.2851600647, -44.8847236633, -70.1012573242], [390.356689453, -134.31439209, -221.132415771, -186.085083008, -13.9625854492, 181.202560425, 220.316421509, 32.3773460388, -176.716659546, -87.6767654419, 12.9655399323, 19.2978382111, 71.2950515747], [551.81854248, -84.5368652344, -510.712768555, -363.976135254, -122.94694519, 220.316421509, 616.489257812, 85.2239379883, -374.656219482, -211.842819214, 13.7299394608, 85.1196517944, 187.612823486], [92.8421401978, 22.0417079926, -89.7290115356, -73.0975112915, -7.02642202377, 32.3773460388, 85.2239379883, 101.810470581, 3.70535707474, -7.09472846985, 14.2956581116, 7.50689506531, 4.23327445984], [-495.790710449, 194.2394104, 350.391937256, 273.779571533, 90.5351257324, -176.716659546, -374.656219482, 3.70535707474, 399.891204834, 188.213760376, -2.40058660507, -65.4920043945, -162.520889282], [-129.254562378, -8.5466003418, 207.151016235, 120.644424438, 56.8719711304, -87.6767654419, -211.842819214, -7.09472846985, 188.213760376, 167.998291016, 17.6178379059, -40.3792304993, -82.1021652222], [-41.3672828674, 50.5739746094, -8.85425281525, -43.066116333, -30.2851600647, 12.9655399323, 13.7299394608, 14.2956581116, -2.40058660507, 17.6178379059, 87.2066345215, 44.1077156067, 28.9054908752], [-70.6234970093, 94.7348175049, -33.8737258911, -70.0514602661, -44.8847236633, 19.2978382111, 85.1196517944, 7.50689506531, -65.4920043945, -40.3792304993, 44.1077156067, 118.311180115, 66.6958694458], [111.400001526, -16.4928817749, -144.470916748, -126.304145813, -70.1012573242, 71.2950515747, 187.612823486, 4.23327445984, -162.520889282, -82.1021652222, 28.9054908752, 66.6958694458, 137.994888306]]
        icov: [[0.00127873523161, 0.00141446094494, 0.000856756581925, 0.000509689270984, -0.00136344891507, -3.98931915697e-05, -0.00030607660301, -0.000152335909661, -5.71965902054e-05, -0.000182407398825, -0.000179394555744, -0.00026462553069, 0.000238606109633], [0.00141446094494, 0.00262382300571, 0.00116511015221, -0.000347209366737, 0.000259788619587, -0.000364608800737, -0.000418113311753, -0.00041503077955, -0.00105478300247, 0.000446855206974, -0.000289351271931, -0.00137516052928, 0.000724124896806], [0.000856756581925, 0.00116511015221, 0.00361212948337, -0.00121211807709, -7.44214412407e-05, -0.000353670853656, 0.00115622067824, 0.00039800349623, -0.000492605846375, -0.00150653987657, 0.000539294735063, -0.00193558889441, 2.6631361834e-05], [0.000509689270984, -0.000347209366737, -0.00121211807709, 0.00555152678862, -0.0024289090652, 0.0019411474932, 9.4201786851e-05, 0.00154786452185, -0.000774923246354, 0.000959491997492, 0.00055499013979, 0.00210873223841, -0.00053031987045], [-0.00136344891507, 0.000259788619587, -7.44214412407e-05, -0.0024289090652, 0.0123293204233, -0.00361600518227, 0.00157459895127, -0.000267461233307, -0.00202719331719, -0.00062429200625, 0.00295244297013, -0.00217799236998, 0.00250491593033], [-3.98931915697e-05, -0.000364608800737, -0.000353670853656, 0.0019411474932, -0.00361600518227, 0.0138972150162, -0.00212999340147, -0.00147653208114, 0.00384527700953, 0.0015086067142, -0.00345941423438, 0.00330993416719, -0.000129564257804], [-0.00030607660301, -0.000418113311753, 0.00115622067824, 9.4201786851e-05, 0.00157459895127, -0.00212999340147, 0.00735119637102, -0.0040234210901, 0.00268903165124, 0.000968276930507, 0.00185474951286, -0.000910213508178, -0.00268235476688], [-0.000152335909661, -0.00041503077955, 0.00039800349623, 0.00154786452185, -0.000267461233307, -0.00147653208114, -0.0040234210901, 0.015671690926, -0.00523676211014, 3.3765565604e-05, -0.00157586496789, 6.88126165187e-05, 0.00167252775282], [-5.71965902054e-05, -0.00105478300247, -0.000492605846375, -0.000774923246354, -0.00202719331719, 0.00384527700953, 0.00268903165124, -0.00523676211014, 0.0128566557541, -0.00521357031539, -0.000940645346418, 0.000561248685699, 0.00414893962443], [-0.000182407398825, 0.000446855206974, -0.00150653987657, 0.000959491997492, -0.00062429200625, 0.0015086067142, 0.000968276930507, 3.3765565604e-05, -0.00521357031539, 0.0167712830007, -0.00598411867395, 0.00320096313953, 0.000632126408163], [-0.000179394555744, -0.000289351271931, 0.000539294735063, 0.00055499013979, 0.00295244297013, -0.00345941423438, 0.00185474951286, -0.00157586496789, -0.000940645346418, -0.00598411867395, 0.0190876144916, -0.00668230187148, -0.00344006158412], [-0.00026462553069, -0.00137516052928, -0.00193558889441, 0.00210873223841, -0.00217799236998, 0.00330993416719, -0.000910213508178, 6.88126165187e-05, 0.000561248685699, 0.00320096313953, -0.00668230187148, 0.0164268370718, -0.00560243614018], [0.000238606109633, 0.000724124896806, 2.6631361834e-05, -0.00053031987045, 0.00250491593033, -0.000129564257804, -0.00268235476688, 0.00167252775282, 0.00414893962443, 0.000632126408163, -0.00344006158412, -0.00560243614018, 0.0203088056296]]
    spectral_contrast:
        mean: [-1.24810188851e-08, 2.45246837949e-07, 2.91108523953e-08, 6.41726600747e-08, -1.94475717308e-07, -3.09363315409e-07, 3.88190801459e-06, 2.4214559744e-06, 9.43578868373e-07, 1.91122083493e-07, 3.78233657727e-08, -4.68954397093e-07]
        var: [0.000484388612676, 0.000607694790233, 0.00192018365487, 0.00327582238242, 0.00358512857929, 0.00739433709532, 0.0706285983324, 0.105064637959, 0.116210609674, 0.222199365497, 0.465104699135, 2.75465559959]

rhythm:
    beats_loudness:
        dmean: 0.00309214787558
        dmean2: 0.00619640341029
        dvar: 2.96289399557e-05
        dvar2: 8.70258736541e-05
        max: 0.017585337162
        mean: 0.00232737371698
        min: 0.000234886305407
        var: 1.92515399249e-05
    beats_loudness_bass:
        dmean: 0.111031129956
        dmean2: 0.164521172643
        dvar: 0.00794638879597
        dvar2: 0.0228312630206
        max: 0.414837628603
        mean: 0.101191557944
        min: 0.0010840081377
        var: 0.0125978784636
    bpm: 56.9051818848
    bpm_confidence: 0
    first_peak_bpm: 117
    first_peak_spread: 0
    first_peak_weight: 0.538461565971
    onset_rate: 4.89760112762
    second_peak_bpm: 57
    second_peak_spread: 0
    second_peak_weight: 0.384615391493
    beats_position: [0.355767399073, 1.41015326977, 2.46453928947, 3.51892495155, 4.57331085205, 5.62769699097, 5.99311304092, 6.50490188599, 7.01669216156, 7.5284819603, 8.04027175903, 8.55206203461, 9.06385231018, 9.57564163208]
    bpm_estimates: [56.8728675842, 56.9374923706]
    bpm_intervals: [1.0543859005, 1.05438601971, 1.05438566208, 1.0543859005, 1.05438613892, 0.365416049957, 0.511788845062, 0.511790275574, 0.511789798737, 0.511789798737, 0.511790275574, 0.511790275574, 0.511789321899]
    onset_times: [0.0580498874187, 0.139319732785, 0.27863946557, 0.348299324512, 0.476009070873, 0.557278931141, 0.708208620548, 0.835918366909, 1.05650794506, 1.17260766029, 1.27709746361, 1.40480720997, 1.54412698746, 1.6137868166, 1.72988665104, 1.83437645435, 1.95047616959, 2.0549659729, 2.17106580734, 2.40326523781, 2.51936507225, 2.63546490669, 2.75156474113, 2.86766433716, 2.97215414047, 3.08825397491, 3.30884361267, 3.41333341599, 3.52943301201, 3.63392281532, 3.75002264977, 3.85451245308, 3.97061228752, 4.20281171799, 4.28408145905, 4.43501138687, 4.58594083786, 4.8994102478, 5.29414987564, 5.44507932663, 5.79337882996, 5.88625860214, 6.15328788757, 6.68734693527, 6.84988641739, 7.69741487503, 8.38240337372, 9.41569137573, 9.49696159363]
    rubato_start: [6.50490188599]
    rubato_stop: [9.57564163208]
    perceptual_tempo: "unknown"

sfx:
    inharmonicity:
        dmean: 0.0318051911891
        dmean2: 0.0579701475799
        dvar: 0.00185189500917
        dvar2: 0.00533343851566
        max: 0.340093016624
        mean: 0.0241482313722
        min: 1.95331881514e-06
        var: 0.00140011066105
    oddtoevenharmonicenergyratio:
        dmean: 67.8285064697
        dmean2: 132.477706909
        dvar: 58192.765625
        dvar2: 176612.234375
        max: 1884.15197754
        mean: 36.1919174194
        min: 5.67168208363e-05
        var: 31580.5410156
    pitch_after_max_to_before_max_energy_ratio: 7.78145933151
    pitch_centroid: 208.898071289
    pitch_max_to_total: 0.0672853812575
    pitch_min_to_total: 0.812064945698
    tristimulus:
        dmean: [0.333198189735, 0.341670274734, 0.0431101769209]
        dmean2: [0.607047557831, 0.623734474182, 0.0785979405046]
        dvar: [0.0859556943178, 0.0839264988899, 0.00308482255787]
        dvar2: [0.214215219021, 0.208292022347, 0.00912071112543]
        max: [0.992525279522, 0.97429728508, 0.507200777531]
        mean: [0.508186936378, 0.431808412075, 0.0423473529518]
        min: [0.00732392352074, 0, 0]
        var: [0.103242784739, 0.106461234391, 0.0033719453495]

tonal:
    chords_changes_rate: 0.00921658985317
    chords_number_rate: 0.0138248847798
    chords_strength:
        dmean: 0.00639357371256
        dmean2: 0.00718545448035
        dvar: 2.81637549051e-05
        dvar2: 3.59258920071e-05
        max: 0.711221575737
        mean: 0.602876842022
        min: 0.499094605446
        var: 0.0035738425795
    key_strength: 0.754696726799
    tuning_diatonic_strength: 0.711976587772
    tuning_equal_tempered_deviation: 0.321436434984
    tuning_frequency: 435.952270508
    tuning_nontempered_energy_ratio: 0.964897036552
    hpcp:
        dmean: [0.0982620045543, 0.122038476169, 0.126646056771, 0.0640416666865, 0.066862180829, 0.0501999631524, 0.0816283747554, 0.126776322722, 0.127379760146, 0.0722678303719, 0.0419703759253, 0.0379608906806, 0.0665678232908, 0.122738309205, 0.170487597585, 0.175776034594, 0.164052560925, 0.158050894737, 0.103468082845, 0.100191317499, 0.0859234854579, 0.0879645198584, 0.115602128208, 0.117626473308, 0.0970883741975, 0.0822722986341, 0.0484601333737, 0.0418405085802, 0.075086504221, 0.15372492373, 0.13608404994, 0.0813836455345, 0.061032526195, 0.0391487590969, 0.0452588014305, 0.0553643703461]
        dmean2: [0.162630155683, 0.204636946321, 0.207244798541, 0.112938784063, 0.119771100581, 0.0877445042133, 0.142385289073, 0.223098412156, 0.216536715627, 0.125694260001, 0.0738353431225, 0.0669083595276, 0.113193616271, 0.221978783607, 0.310306459665, 0.304246723652, 0.278099447489, 0.275666058064, 0.183262974024, 0.180376753211, 0.153945952654, 0.146333888173, 0.18572384119, 0.197280228138, 0.170402407646, 0.143373861909, 0.0837885066867, 0.0791993439198, 0.134176105261, 0.257580310106, 0.216187655926, 0.139321774244, 0.107983708382, 0.0715687274933, 0.0811889395118, 0.0982199907303]
        dvar: [0.0182908512652, 0.0292449500412, 0.0296382084489, 0.0081120589748, 0.0201938822865, 0.0113297998905, 0.0192512720823, 0.0471257902682, 0.0435998104513, 0.0144356442615, 0.00457527860999, 0.00377911911346, 0.0105492984876, 0.0377901829779, 0.0493377484381, 0.0412311032414, 0.0384289510548, 0.0376486107707, 0.0244283676147, 0.0286175608635, 0.0133850444108, 0.0142346378416, 0.031861372292, 0.0281784310937, 0.0326426438987, 0.0268531683832, 0.00904540345073, 0.0110513307154, 0.019065566361, 0.060883924365, 0.0351403616369, 0.0173403173685, 0.0151454964653, 0.0103811873123, 0.0154636520892, 0.0128831183538]
        dvar2: [0.0511783286929, 0.067952029407, 0.0779518783092, 0.0238527003676, 0.0547984950244, 0.0252662971616, 0.0543613396585, 0.122573442757, 0.103747524321, 0.0361074693501, 0.01254266873, 0.0099640339613, 0.0243167839944, 0.105195738375, 0.142318084836, 0.112886369228, 0.0921747013927, 0.0933206528425, 0.0711139664054, 0.080274052918, 0.0358147621155, 0.0314890630543, 0.0604806095362, 0.0672551244497, 0.0931418910623, 0.0791924074292, 0.0195046514273, 0.0309887118638, 0.0523807518184, 0.12196958065, 0.0757134929299, 0.0373152717948, 0.0412930287421, 0.028680799529, 0.0405970513821, 0.0354135856032]
        max: [1, 1, 1, 0.621786177158, 1, 1, 0.999705135822, 1, 1, 0.846009135246, 0.398708969355, 0.632803201675, 1, 1, 1, 1, 1, 1, 1, 1, 0.721473097801, 1, 1, 1, 1, 1, 1, 0.962231695652, 1, 1, 1, 1, 0.870889723301, 0.876702785492, 1, 0.863498449326]
        mean: [0.158146843314, 0.272239595652, 0.195550993085, 0.0667687430978, 0.0574478544295, 0.0535319671035, 0.0895967334509, 0.19254642725, 0.172394841909, 0.0748107135296, 0.040558565408, 0.0320976600051, 0.0661545395851, 0.115246631205, 0.190576344728, 0.291290789843, 0.392998874187, 0.341730684042, 0.201873123646, 0.143658205867, 0.0992414951324, 0.139133825898, 0.237240612507, 0.185149565339, 0.0971359014511, 0.0872990339994, 0.0523814335465, 0.0327796339989, 0.0874232873321, 0.222160443664, 0.21578116715, 0.106705702841, 0.0578180924058, 0.0320196673274, 0.0332564823329, 0.0564080253243]
        min: [0.000895249890164, 0.00094553141389, 0.00179055833723, 0.00082655303413, 0, 0, 0, 0, 0.000211602688069, 0.000626814900897, 0.000405979692005, 0.000166066078236, 0, 8.58605926624e-05, 0.000122941943118, 0.00176349154208, 0.00111513689626, 0.000658801407553, 0.000590092968196, 0.000148034130689, 0.000147107784869, 8.48493509693e-05, 0.000946051324718, 0.000120158918435, 0.000402518489864, 0, 0, 0, 0.000162733369507, 0.000218372806557, 0.000972801062744, 0.000732128217351, 9.115877765e-05, 0.000280570733594, 0, 0.000190881182789]
        var: [0.0492563918233, 0.122369274497, 0.0776661634445, 0.00969136506319, 0.0175790656358, 0.0182052124292, 0.0243391599506, 0.0972992628813, 0.0802100300789, 0.0150489257649, 0.0040186541155, 0.0034148262348, 0.0141287511215, 0.0359666235745, 0.0681302547455, 0.0881102234125, 0.143260478973, 0.123896963894, 0.0815916359425, 0.0595620572567, 0.0203807279468, 0.0352676995099, 0.111959844828, 0.0636529624462, 0.034424431622, 0.0380615480244, 0.0146541036665, 0.00775169534609, 0.0207665059716, 0.120723880827, 0.0810030326247, 0.0238718334585, 0.0126904994249, 0.00721813132986, 0.0116752274334, 0.0142196184024]
    chords_histogram: [0, 0, 0, 0, 0, 0, 0, 0, 0, 0, 0, 0, 0, 0, 0, 0, 0, 39.6313362122, 0, 0, 0, 41.9354820251, 18.4331798553, 0]
    thpcp: [1, 0.869546234608, 0.51367354393, 0.365543544292, 0.252523601055, 0.35403111577, 0.60366743803, 0.471119850874, 0.247165858746, 0.222135588527, 0.133286476135, 0.0834089741111, 0.222451746464, 0.565295398235, 0.54906308651, 0.271516561508, 0.147120252252, 0.0814752131701, 0.0846223384142, 0.143532276154, 0.402410417795, 0.692723572254, 0.497586637735, 0.169895499945, 0.146178171039, 0.13621404767, 0.227982163429, 0.489941418171, 0.438664972782, 0.19035859406, 0.103202752769, 0.0816736668348, 0.168332651258, 0.293249279261, 0.484928488731, 0.741200089455]
    chords_key: "E"
    chords_scale: "minor"
    key_key: "D"
    key_scale: "major"
    chords_progression: ["Em", "Em", "Em", "Em", "Em", "Em", "Em", "Em", "Em", "Em", "Em", "Em", "Em", "Em", "Em", "Em", "Em", "Em", "Em", "Em", "Em", "Em", "Em", "Em", "Em", "Em", "Em", "Em", "Em", "Em", "Em", "Em", "Em", "Em", "Em", "Em", "Em", "Em", "Em", "Em", "Em", "Em", "Em", "Em", "Em", "Em", "Em", "Em", "Em", "Em", "Em", "Em", "Em", "Em", "Em", "Em", "Em", "Em", "Em", "Em", "Em", "Em", "Em", "Em", "Em", "Em", "Em", "Em", "Em", "Em", "Em", "Em", "Em", "Em", "Em", "Em", "Em", "Em", "Em", "Em", "Em", "Em", "Em", "Em", "Em", "Em", "Em", "Em", "Em", "Em", "Em", "G", "G", "G", "G", "G", "G", "G", "G", "G", "G", "G", "G", "G", "G", "G", "G", "G", "G", "G", "G", "G", "G", "G", "G", "G", "G", "G", "G", "G", "G", "G", "G", "G", "G", "G", "G", "G", "G", "G", "G", "Dm", "Dm", "Dm", "Dm", "Dm", "Dm", "Dm", "Dm", "Dm", "Dm", "Dm", "Dm", "Dm", "Dm", "Dm", "Dm", "Dm", "Dm", "Dm", "Dm", "Dm", "Dm", "Dm", "Dm", "Dm", "Dm", "Dm", "Dm", "Dm", "Dm", "Dm", "Dm", "Dm", "Dm", "Dm", "Dm", "Dm", "Dm", "Dm", "Dm", "Dm", "Dm", "Dm", "Dm", "Dm", "Dm", "Dm", "Dm", "Dm", "Dm", "Dm", "Dm", "Dm", "Dm", "Dm", "Dm", "Dm", "Dm", "Dm", "Dm", "Dm", "Dm", "Dm", "Dm", "Dm", "Dm", "Dm", "Dm", "Dm", "Dm", "Dm", "Dm", "Dm", "Dm", "Dm", "Dm", "Dm", "Dm", "Dm", "Dm", "Dm", "Dm", "Dm", "Dm", "Dm", "Dm"]
