
metadata:
    version:
        essentia: "1.2.2"
    audio_properties:
        analysis_sample_rate: 44100
        bitrate: 128
        channels: 2
        equal_loudness: 1
        length: 10.0310201645
        replay_gain: -8.65359115601
        downmix: "mix"
    tags:
        track: 31
        year: 0
        album: "Splitted by Mp3Splt v. 2.1"
        artist: "From 005.00 To 005.10"
        comment: "http://mp3splt.sf.net"
        genre: ""
        title: "01 Track 1.mp3"

highlevel:
    ballroom:
        all:
            ChaChaCha: 0.0977137833834
            Jive: 0.132044762373
            Quickstep: 0.00764282559976
            Rumba-American: 0.000190010177903
            Rumba-International: 0.00806645676494
            Rumba-Misc: 0.00145161966793
            Samba: 0.752333641052
            Tango: 0.00019756644906
            VienneseWaltz: 0.000170488987351
            Waltz: 0.000188829144463
        probability: 0.752333641052
        value: "Samba"
    culture:
        all:
            non_western: 0.118355542421
            western: 0.881644487381
        probability: 0.881644487381
        value: "western"
    gender:
        all:
            female: 0.547269046307
            male: 0.452730953693
        probability: 0.547269046307
        value: "female"
    genre_dortmund:
        all:
            alternative: 0.0162565372884
            blues: 0.00588145758957
            electronic: 0.24366261065
            folkcountry: 0.0132585782558
            funksoulrnb: 0.00462794024497
            jazz: 0.0117101212963
            pop: 0.0108002377674
            raphiphop: 0.635850012302
            rock: 0.0579525083303
        probability: 0.635850012302
        value: "raphiphop"
    genre_electronica:
        all:
            ambient: 0.0347428545356
            dnb: 0.854449510574
            house: 0.0265623256564
            techno: 0.0685145556927
            trance: 0.0157307777554
        probability: 0.854449510574
        value: "dnb"
    genre_rosamerica:
        all:
            cla: 0.00642485264689
            dan: 0.0639855265617
            hip: 0.877197980881
            jaz: 0.0022705339361
            pop: 0.00713403103873
            rhy: 0.00725584058091
            roc: 0.0319743379951
            spe: 0.00375690381043
        probability: 0.877197980881
        value: "hip"
    genre_tzanetakis:
        all:
            blu: 0.00343210110441
            cla: 0.00312955048867
            cou: 0.00674306461588
            dis: 0.165500193834
            hip: 0.3893661201
            jaz: 0.00418829917908
            met: 0.0620742589235
            pop: 0.168864637613
            reg: 0.172406226397
            roc: 0.0242955293506
        probability: 0.3893661201
        value: "hip"
    live_studio:
        all:
            live: 0.577659130096
            studio: 0.422340869904
        probability: 0.577659130096
        value: "live"
    mood:
        all:
            Cluster1: 0.0853337496519
            Cluster2: 0.0196033921093
            Cluster3: 0.00696497829631
            Cluster4: 0.0107280481607
            Cluster5: 0.877369821072
        probability: 0.877369821072
        value: "Cluster5"
    mood_acoustic:
        all:
            acoustic: 0.00888259895146
            not_acoustic: 0.991117417812
        probability: 0.991117417812
        value: "not_acoustic"
    mood_aggressive:
        all:
            aggressive: 0.842938780785
            not_aggressive: 0.157061234117
        probability: 0.842938780785
        value: "aggressive"
    mood_electronic:
        all:
            electronic: 0.976089835167
            not_electronic: 0.0239101480693
        probability: 0.976089835167
        value: "electronic"
    mood_happy:
        all:
            happy: 0.326027810574
            not_happy: 0.673972189426
        probability: 0.673972189426
        value: "not_happy"
    mood_party:
        all:
            not_party: 0.12948076427
            party: 0.870519220829
        probability: 0.870519220829
        value: "party"
    mood_relaxed:
        all:
            not_relaxed: 0.782850027084
            relaxed: 0.217150002718
        probability: 0.782850027084
        value: "not_relaxed"
    mood_sad:
        all:
            not_sad: 0.98658567667
            sad: 0.0134143363684
        probability: 0.98658567667
        value: "not_sad"
    rhythm:
        all:
            fast: 0.401434153318
            medium: 0.378161162138
            slow: 0.220404684544
        probability: 0.401434153318
        value: "fast"
    speech_music:
        all:
            music: 0.995866179466
            speech: 0.00413384428248
        probability: 0.995866179466
        value: "music"
    timbre:
        all:
            bright: 0.288423925638
            dark: 0.711576044559
        probability: 0.711576044559
        value: "dark"
    voice_instrumental:
        all:
            instrumental: 0.0476952195168
            voice: 0.952304780483
        probability: 0.952304780483
        value: "voice"

lowlevel:
    average_loudness: 0.974463701248
    barkbands_kurtosis:
        dmean: 1.68274974823
        dmean2: 2.66434884071
        dvar: 6.70171165466
        dvar2: 15.5334768295
        max: 24.7305679321
        mean: 0.362032562494
        min: -1.90565645695
        var: 11.3191204071
    barkbands_skewness:
        dmean: 0.67453789711
        dmean2: 1.01858794689
        dvar: 0.367507368326
        dvar2: 0.802678823471
        max: 4.7687458992
        mean: 0.151945754886
        min: -4.18727827072
        var: 1.67273104191
    barkbands_spread:
        dmean: 8.22905731201
        dmean2: 12.6316995621
        dvar: 54.5374717712
        dvar2: 115.051399231
        max: 76.3377304077
        mean: 36.2717590332
        min: 4.30412435532
        var: 192.134063721
    dissonance:
        dmean: 0.0128620360047
        dmean2: 0.0220210943371
        dvar: 0.000172445419594
        dvar2: 0.000488951045554
        max: 0.498993903399
        mean: 0.477176427841
        min: 0.390487909317
        var: 0.00028771511279
    hfc:
        dmean: 3.9490942955
        dmean2: 5.0648393631
        dvar: 51.4537773132
        dvar2: 96.8445739746
        max: 66.1651000977
        mean: 5.47896051407
        min: 0.0775184780359
        var: 86.9773635864
    pitch:
        dmean: 833.501647949
        dmean2: 1582.4519043
        dvar: 1772392.375
        dvar2: 3826063
        max: 4900
        mean: 2339.26367188
        min: 69.7784805298
        var: 3224553.5
    pitch_instantaneous_confidence:
        dmean: 0.098660171032
        dmean2: 0.162317037582
        dvar: 0.00652712257579
        dvar2: 0.0163522548974
        max: 0.848978817463
        mean: 0.409725725651
        min: 0.126972734928
        var: 0.016807327047
    pitch_salience:
        dmean: 0.0800177156925
        dmean2: 0.132864892483
        dvar: 0.00443934602663
        dvar2: 0.0131750451401
        max: 0.885497331619
        mean: 0.658923566341
        min: 0.214070349932
        var: 0.00985619425774
    silence_rate_20dB:
        dmean: 0
        dmean2: 0
        dvar: 0
        dvar2: 0
        max: 1
        mean: 1
        min: 1
        var: 0
    silence_rate_30dB:
        dmean: 0
        dmean2: 0
        dvar: 0
        dvar2: 0
        max: 1
        mean: 1
        min: 1
        var: 0
    silence_rate_60dB:
        dmean: 0.143518522382
        dmean2: 0.28770300746
        dvar: 0.122921399772
        dvar2: 0.232771515846
        max: 1
        mean: 0.789838314056
        min: 0
        var: 0.165993183851
    spectral_centroid:
        dmean: 459.352844238
        dmean2: 679.345703125
        dvar: 201700.84375
        dvar2: 422547.875
        max: 3871.20483398
        mean: 1793.78674316
        min: 221.523025513
        var: 915000.9375
    spectral_complexity:
        dmean: 4.31554508209
        dmean2: 5.72790718079
        dvar: 35.6359519958
        dvar2: 56.8492355347
        max: 44
        mean: 7.91666650772
        min: 0
        var: 85.8865585327
    spectral_crest:
        dmean: 2.21809840202
        dmean2: 3.71482348442
        dvar: 3.86725258827
        dvar2: 9.95721149445
        max: 22.2130088806
        mean: 7.34160137177
        min: 2.89764714241
        var: 8.29738044739
    spectral_decrease:
        dmean: 3.19923504355e-10
        dmean2: 4.58564075601e-10
        dvar: 2.73079203574e-19
        dvar2: 5.29016588217e-19
        max: -1.67732702727e-11
        mean: -5.08607267413e-10
        min: -4.34440305952e-09
        var: 4.18338348842e-19
    spectral_energy:
        dmean: 0.00151369394735
        dmean2: 0.00214072363451
        dvar: 6.40903408566e-06
        dvar2: 1.16458104458e-05
        max: 0.0213501956314
        mean: 0.00241656042635
        min: 7.29349485482e-05
        var: 1.0419938917e-05
    spectral_energyband_high:
        dmean: 0.000438529154053
        dmean2: 0.000591089366935
        dvar: 6.65796449084e-07
        dvar2: 1.37533129418e-06
        max: 0.00688455160707
        mean: 0.00053218571702
        min: 8.8645276719e-07
        var: 9.90662329059e-07
    spectral_energyband_low:
        dmean: 0.000144852223457
        dmean2: 0.000234377977904
        dvar: 5.71584912734e-08
        dvar2: 1.37897387731e-07
        max: 0.00252248812467
        mean: 0.000208020122955
        min: 2.25199187298e-07
        var: 8.83293793663e-08
    spectral_energyband_middle_high:
        dmean: 0.000628371548373
        dmean2: 0.000863896682858
        dvar: 1.40690383432e-06
        dvar2: 2.7392281936e-06
        max: 0.0101523445919
        mean: 0.000927177839912
        min: 1.01198811535e-05
        var: 2.26972520068e-06
    spectral_energyband_middle_low:
        dmean: 0.000645432563033
        dmean2: 0.00107080629095
        dvar: 1.44871614793e-06
        dvar2: 3.70756674783e-06
        max: 0.00725284125656
        mean: 0.000748577353079
        min: 8.718965546e-06
        var: 1.29805675897e-06
    spectral_flatness_db:
        dmean: 0.0210687480867
        dmean2: 0.0336869135499
        dvar: 0.000318464328302
        dvar2: 0.00076057203114
        max: 0.261820077896
        mean: 0.149259656668
        min: 0.0862756967545
        var: 0.000986241619103
    spectral_flux:
        dmean: 0.0108421444893
        dmean2: 0.014637936838
        dvar: 0.000186855439097
        dvar2: 0.000360081059625
        max: 0.12628684938
        mean: 0.0310798659921
        min: 0.00455046864226
        var: 0.000441395503003
    spectral_kurtosis:
        dmean: 1.27425408363
        dmean2: 1.99270796776
        dvar: 2.43219566345
        dvar2: 5.59007072449
        max: 17.4291210175
        mean: 2.96843314171
        min: -0.563152074814
        var: 6.39197349548
    spectral_rms:
        dmean: 0.000407353712944
        dmean2: 0.000541358545888
        dvar: 2.51738185852e-07
        dvar2: 4.29311597827e-07
        max: 0.00456392997876
        mean: 0.00133224052843
        min: 0.000266750896117
        var: 5.82755319556e-07
    spectral_rolloff:
        dmean: 572.702819824
        dmean2: 900.087768555
        dvar: 561698.5
        dvar2: 1101694.25
        max: 5318.70117188
        mean: 3265.07324219
        min: 172.265625
        var: 1998986.125
    spectral_skewness:
        dmean: 0.222013667226
        dmean2: 0.317847311497
        dvar: 0.0594279877841
        dvar2: 0.114131182432
        max: 3.10612082481
        mean: 1.13097119331
        min: -0.257651269436
        var: 0.255986154079
    spectral_spread:
        dmean: 537134.75
        dmean2: 738623.625
        dvar: 324507140096
        dvar2: 638776442880
        max: 7701781.5
        mean: 4646219.5
        min: 2171737
        var: 1.27312317645e+12
    spectral_strongpeak:
        dmean: 0.33104133606
        dmean2: 0.563345134258
        dvar: 0.38458275795
        dvar2: 0.921290397644
        max: 5.19893789291
        mean: 0.352290958166
        min: 0.0056027630344
        var: 0.389628976583
    zerocrossingrate:
        dmean: 0.0150698777288
        dmean2: 0.0149913700297
        dvar: 0.000157395537826
        dvar2: 0.000143107783515
        max: 0.17626953125
        mean: 0.0998727306724
        min: 0.01025390625
        var: 0.00157612352632
    barkbands:
        dmean: [5.36284869668e-06, 6.84103360982e-05, 9.79503602139e-05, 0.000231921236264, 0.000311092764605, 6.77218049532e-05, 6.37603516225e-05, 4.53645625385e-05, 4.07980769523e-05, 3.67267857655e-05, 1.24619009512e-05, 1.98673606064e-05, 1.76069388544e-05, 1.35783784572e-05, 2.28524677368e-05, 3.89091219404e-05, 7.55438013584e-05, 0.000111722198199, 0.000241209956584, 0.000333644798957, 0.000198265915969, 5.41994595551e-05, 9.8531754702e-06, 3.11816461362e-06, 1.09881307253e-06, 3.20274899934e-08, 1.25743637724e-10]
        dmean2: [7.02461602486e-06, 0.000114747199405, 0.000166660975083, 0.000413211004343, 0.000534580030944, 0.000113964517368, 0.000105891704152, 7.70364495111e-05, 6.05174755037e-05, 6.62611346343e-05, 2.22872677114e-05, 3.38167446898e-05, 3.01691179629e-05, 2.15688141907e-05, 3.70373127225e-05, 6.38543206151e-05, 0.000118606010801, 0.000163579839864, 0.000340685626725, 0.000469918159069, 0.000265998212853, 7.23443517927e-05, 1.27023349705e-05, 4.09615722674e-06, 1.372369411e-06, 4.16437657691e-08, 2.23342233596e-10]
        dvar: [1.12655856865e-10, 1.5231892192e-08, 3.93136012633e-08, 2.59644224343e-07, 3.92909441871e-07, 1.88153030933e-08, 1.57630442033e-08, 9.10647468544e-09, 5.59279822454e-09, 1.04393942379e-08, 7.25097926146e-10, 2.72107936183e-09, 9.08705111158e-10, 5.88532111934e-10, 9.74987424129e-10, 6.80046818857e-09, 3.00743465687e-08, 4.95492322727e-08, 2.45793160047e-07, 3.81510403713e-07, 1.78435371367e-07, 1.30340529481e-08, 2.86885459833e-10, 3.28033294972e-11, 3.30412650365e-12, 3.12123954239e-15, 1.72027769716e-19]
        dvar2: [1.64188496132e-10, 3.97590085299e-08, 9.34793860097e-08, 6.69813800869e-07, 1.04370519693e-06, 5.37984554683e-08, 3.96037229677e-08, 2.47844980095e-08, 1.31496840083e-08, 2.94246120802e-08, 2.06309680451e-09, 7.10531145032e-09, 2.48587372909e-09, 1.40483868982e-09, 2.42352027335e-09, 1.75869647734e-08, 7.40934780197e-08, 9.83512862263e-08, 4.97000485211e-07, 8.29370208066e-07, 3.78352439157e-07, 2.66930353376e-08, 5.51037993013e-10, 6.11136072304e-11, 4.94064121212e-12, 5.79341525043e-15, 3.09711930976e-19]
        max: [0.000107974745333, 0.00104612857103, 0.00247429218143, 0.00426168367267, 0.00341256940737, 0.00130154704675, 0.000847752089612, 0.000960228266194, 0.000926638313103, 0.000776687869802, 0.000312195508741, 0.000474374974146, 0.000253332633292, 0.000212708619074, 0.00024304985709, 0.000690207525622, 0.00175776029937, 0.00178580824286, 0.00406442256644, 0.00481584761292, 0.00425095017999, 0.00126976321917, 0.00018757818907, 4.76379209431e-05, 1.69923750946e-05, 5.36905417903e-07, 6.99462399112e-09]
        mean: [7.0762030191e-06, 8.98909129319e-05, 0.000111653898784, 0.000226389456657, 0.000265730515821, 8.09959528851e-05, 5.95331475779e-05, 4.95363638038e-05, 6.40059952275e-05, 3.26428125845e-05, 1.41284172059e-05, 2.05549149541e-05, 2.34025155805e-05, 1.73867210833e-05, 3.89019951399e-05, 4.77847170259e-05, 0.000101699275547, 0.000143852012116, 0.000304673216306, 0.000404619058827, 0.000232039834373, 6.25285538263e-05, 1.19121459647e-05, 4.00025646741e-06, 1.57962415415e-06, 4.37545999432e-08, 9.48546310942e-11]
        min: [4.80641171308e-09, 4.16618419763e-08, 7.53318758484e-08, 3.65240850897e-07, 3.4164452245e-06, 7.77028276389e-07, 5.82627066592e-08, 2.93537937068e-07, 7.3765511388e-07, 4.45862049503e-08, 2.20237250659e-08, 1.90014105783e-07, 5.31096873146e-07, 1.48805753497e-07, 5.03611602198e-07, 6.2251564259e-07, 1.41100997553e-06, 7.08427762675e-07, 7.2391952699e-07, 6.32277306067e-07, 3.87770626276e-07, 9.14281699238e-08, 1.2913694114e-08, 3.94413302018e-09, 1.21864240921e-09, 2.77834092538e-11, 9.8760060595e-15]
        var: [2.29194885293e-10, 2.02507504099e-08, 4.39163407862e-08, 2.26081724009e-07, 3.05118334154e-07, 1.51268810811e-08, 1.37290321334e-08, 9.66130819791e-09, 9.96472593329e-09, 7.06119163141e-09, 5.60936908034e-10, 2.3676027805e-09, 9.22245613211e-10, 6.73986755295e-10, 1.70075320494e-09, 6.37352348676e-09, 3.11813082021e-08, 7.51058593096e-08, 3.70316485032e-07, 5.3790745369e-07, 2.44822871309e-07, 1.88981186255e-08, 4.90880003312e-10, 5.53229025091e-11, 7.44648179923e-12, 6.17845017024e-15, 1.55097670248e-19]
    mfcc:
        mean: [-767.177246094, 98.7954940796, -35.2769966125, 70.0361328125, -11.7156848907, 3.45888710022, -0.457927882671, -6.13652276993, -1.11293339729, -1.07756757736, -3.04718136787, -3.43429303169, -7.09971857071]
        cov: [[4851.69189453, -2221.40966797, 267.159912109, -69.3139801025, -445.015655518, -272.228424072, -8.76829433441, -21.2940292358, -136.240722656, -68.6244125366, -223.284057617, -196.980422974, -30.0866947174], [-2221.40966797, 1774.6270752, -217.480880737, -125.734085083, 183.109359741, 55.2661170959, -35.508026123, 2.22239995003, 49.9529342651, 11.0200967789, 124.842353821, 104.502563477, -3.72028207779], [267.159912109, -217.480880737, 338.132751465, 54.422618866, 45.9767990112, 66.2699661255, 55.3263168335, 28.7626342773, 49.2269325256, 32.7257614136, 12.6170377731, 15.4073123932, -7.57308244705], [-69.3139801025, -125.734085083, 54.422618866, 250.76109314, 90.1884994507, 61.5481987, 54.4008026123, 19.145324707, 6.42180967331, 2.86375904083, -0.159547299147, 12.8984861374, 2.28695130348], [-445.015655518, 183.109359741, 45.9767990112, 90.1884994507, 310.65411377, 144.054946899, 43.4369430542, 40.7770805359, 5.37691068649, -4.63539934158, 3.47933244705, 5.72516345978, 4.9070057869], [-272.228424072, 55.2661170959, 66.2699661255, 61.5481987, 144.054946899, 178.602600098, 71.85206604, 20.4325695038, 11.2248153687, -13.0383052826, -11.1733016968, 9.80128192902, 8.78226947784], [-8.76829433441, -35.508026123, 55.3263168335, 54.4008026123, 43.4369430542, 71.85206604, 125.637260437, 46.626865387, 14.8060035706, 10.5097513199, -5.38602304459, 4.79136943817, 5.60332489014], [-21.2940292358, 2.22239995003, 28.7626342773, 19.145324707, 40.7770805359, 20.4325695038, 46.626865387, 82.8068389893, 33.4836616516, -0.330022424459, 0.218732014298, 0.142242252827, 1.57309496403], [-136.240722656, 49.9529342651, 49.2269325256, 6.42180967331, 5.37691068649, 11.2248153687, 14.8060035706, 33.4836616516, 86.9815368652, 36.0653076172, 17.2570667267, 15.4593200684, -0.610604465008], [-68.6244125366, 11.0200967789, 32.7257614136, 2.86375904083, -4.63539934158, -13.0383052826, 10.5097513199, -0.330022424459, 36.0653076172, 80.2402114868, 40.5291481018, 11.2879428864, 5.36082458496], [-223.284057617, 124.842353821, 12.6170377731, -0.159547299147, 3.47933244705, -11.1733016968, -5.38602304459, 0.218732014298, 17.2570667267, 40.5291481018, 78.0847320557, 36.6038398743, 3.19080233574], [-196.980422974, 104.502563477, 15.4073123932, 12.8984861374, 5.72516345978, 9.80128192902, 4.79136943817, 0.142242252827, 15.4593200684, 11.2879428864, 36.6038398743, 72.161857605, 22.3286304474], [-30.0866947174, -3.72028207779, -7.57308244705, 2.28695130348, 4.9070057869, 8.78226947784, 5.60332489014, 1.57309496403, -0.610604465008, 5.36082458496, 3.19080233574, 22.3286304474, 58.8911247253]]
        icov: [[0.000669991946779, 0.000696209608577, -0.000406744045904, 0.000412320863688, 0.000146017977386, 0.0008321570931, -0.000296838406939, -0.000156794019858, 0.000601996609475, 0.000189353624592, 0.000618661928456, 0.000231477068155, 8.18419866846e-05], [0.000696209608577, 0.00171057588886, 0.000414975569583, 0.00114542176016, -0.000705169397406, 0.000786099641118, -0.000545159680769, 0.000341263774317, -0.00040329573676, 0.000941964564845, -0.000769431120716, -0.000773219449911, 0.000701838580426], [-0.000406744045904, 0.000414975569583, 0.00460643367842, -2.77680355794e-05, -0.000603761000093, -0.00173651310615, -0.000548459473066, 0.000276367500192, -0.0024123378098, -0.000674927607179, -0.00128087063786, -0.00154962134548, 0.00145929271821], [0.000412320863688, 0.00114542176016, -2.77680355794e-05, 0.00564120244235, -0.00180139334407, 0.000666427484248, -0.00215792935342, 0.000837189494632, -0.00031702965498, 0.00071594963083, -0.000234816296143, -0.00151846650988, 0.00081403425429], [0.000146017977386, -0.000705169397406, -0.000603761000093, -0.00180139334407, 0.00703840097412, -0.00547665031627, 0.00299648102373, -0.00440219696611, 0.00314995157532, -0.00227499823086, 0.000655861978885, 0.00127418083139, -0.000193786414457], [0.0008321570931, 0.000786099641118, -0.00173651310615, 0.000666427484248, -0.00547665031627, 0.0146337449551, -0.0076285386458, 0.0052207428962, -0.00284982775338, 0.0051211877726, 0.0012557489099, -4.80196576973e-05, -0.00145952543244], [-0.000296838406939, -0.000545159680769, -0.000548459473066, -0.00215792935342, 0.00299648102373, -0.0076285386458, 0.0161475911736, -0.00993498135358, 0.00454278104007, -0.00651049241424, 0.00304118474014, -0.00140996079426, 0.00045367187704], [-0.000156794019858, 0.000341263774317, 0.000276367500192, 0.000837189494632, -0.00440219696611, 0.0052207428962, -0.00993498135358, 0.0229299999774, -0.0114818979055, 0.00858649145812, -0.00403270730749, 0.00287608616054, -0.00190713023767], [0.000601996609475, -0.00040329573676, -0.0024123378098, -0.00031702965498, 0.00314995157532, -0.00284982775338, 0.00454278104007, -0.0114818979055, 0.0223840530962, -0.0117760775611, 0.00539804110304, -0.00379952881485, 0.00247334316373], [0.000189353624592, 0.000941964564845, -0.000674927607179, 0.00071594963083, -0.00227499823086, 0.0051211877726, -0.00651049241424, 0.00858649145812, -0.0117760775611, 0.0261855442077, -0.0140880309045, 0.00591968884692, -0.00412930594757], [0.000618661928456, -0.000769431120716, -0.00128087063786, -0.000234816296143, 0.000655861978885, 0.0012557489099, 0.00304118474014, -0.00403270730749, 0.00539804110304, -0.0140880309045, 0.0277499184012, -0.0115322470665, 0.00389563990757], [0.000231477068155, -0.000773219449911, -0.00154962134548, -0.00151846650988, 0.00127418083139, -4.80196576973e-05, -0.00140996079426, 0.00287608616054, -0.00379952881485, 0.00591968884692, -0.0115322470665, 0.02488226071, -0.00950013566762], [8.18419866846e-05, 0.000701838580426, 0.00145929271821, 0.00081403425429, -0.000193786414457, -0.00145952543244, 0.00045367187704, -0.00190713023767, 0.00247334316373, -0.00412930594757, 0.00389563990757, -0.00950013566762, 0.0212567094713]]
    spectral_contrast:
        mean: [3.52393492165e-08, 5.24472589802e-08, -3.28394690996e-07, -1.19269657262e-07, -2.40345912061e-07, -1.92783772945e-07, -1.97964686777e-06, 1.02914589206e-06, -1.78130960649e-06, -2.54458029758e-07, 1.96171026801e-06, -4.13534826293e-06]
        var: [0.000607644149568, 0.00071561842924, 0.00120436120778, 0.00174497300759, 0.00266056624241, 0.00455830292776, 0.0780138894916, 0.116216361523, 0.180218726397, 0.327529489994, 0.570523917675, 2.70015358925]

rhythm:
    beats_loudness:
        dmean: 0.00325293862261
        dmean2: 0.00553265027702
        dvar: 8.08054028312e-06
        dvar2: 1.29611653392e-05
        max: 0.014594681561
        mean: 0.00525369867682
        min: 0.00115629925858
        var: 1.26004324557e-05
    beats_loudness_bass:
        dmean: 0.132519155741
        dmean2: 0.24374961853
        dvar: 0.0232403855771
        dvar2: 0.0482610426843
        max: 0.494088679552
        mean: 0.106227651238
        min: 0.00767617253587
        var: 0.0214818064123
    bpm: 87.1768264771
    bpm_confidence: 0
    first_peak_bpm: 175
    first_peak_spread: 0
    first_peak_weight: 0.555555582047
    onset_rate: 4.88484716415
    second_peak_bpm: 87
    second_peak_spread: 0
    second_peak_weight: 0.388888895512
    beats_position: [0.699876844883, 1.38813459873, 2.07639217377, 2.76464986801, 3.45290732384, 4.14116477966, 4.82942247391, 5.51767969131, 6.24776506424, 6.59066963196, 6.93357419968, 7.2764787674, 7.61938333511, 7.96228790283, 8.30519294739, 8.64809703827, 8.99100208282, 9.33390617371, 9.67681121826]
    bpm_estimates: [87.3370285034, 87.0929946899, 87.2294158936, 87.2902755737, 87.0577468872, 87.1166763306, 87.1309432983, 87.3112640381, 86.9330596924, 87.1456069946, 87.3001098633]
    bpm_intervals: [0.688257753849, 0.688257575035, 0.688257694244, 0.688257455826, 0.688257455826, 0.688257694244, 0.688257217407, 0.730085372925, 0.342904567719, 0.342904567719, 0.342904567719, 0.342904567719, 0.342904567719, 0.342905044556, 0.342904090881, 0.342905044556, 0.342904090881, 0.342905044556]
    onset_times: [0.0348299331963, 0.348299324512, 0.684988677502, 0.859138309956, 1.03328800201, 1.369977355, 1.57895696163, 1.75310659409, 1.92725622654, 2.07818603516, 2.2523355484, 2.42648530006, 2.76317453384, 3.00698423386, 3.11147403717, 3.32045340538, 3.40172338486, 3.44816327095, 3.79646253586, 4.14476203918, 4.34213161469, 4.52789115906, 4.69043064117, 4.841360569, 5.02712011337, 5.18966007233, 5.39863967896, 5.52634906769, 5.87464857101, 6.06040811539, 6.13006782532, 6.23455762863, 6.42031764984, 6.5596370697, 6.90793657303, 7.10530614853, 7.27945566177, 7.45360565186, 7.60453510284, 7.79029464722, 7.95283460617, 8.17342376709, 8.3011341095, 8.498503685, 8.63782310486, 8.98612213135, 9.33442211151, 9.682721138, 9.99619007111]
    rubato_start: [6.59066963196]
    rubato_stop: [6.93357419968]
    perceptual_tempo: "unknown"

sfx:
    inharmonicity:
        dmean: 0.0529949367046
        dmean2: 0.0913702622056
        dvar: 0.00289931381121
        dvar2: 0.00831393431872
        max: 0.324683666229
        mean: 0.060814037919
        min: 0
        var: 0.00366945704445
    oddtoevenharmonicenergyratio:
        dmean: 17.4486885071
        dmean2: 34.4070243835
        dvar: 33734.4492188
        dvar2: 101111.960938
        max: 2690.44384766
        mean: 9.33528327942
        min: 0
        var: 16937.953125
    pitch_after_max_to_before_max_energy_ratio: 2.38181567192
    pitch_centroid: 229.272659302
    pitch_max_to_total: 0.333333343267
    pitch_min_to_total: 0.0625
    tristimulus:
        dmean: [0.206075564027, 0.299794375896, 0.171838700771]
        dmean2: [0.353309392929, 0.52468007803, 0.304242223501]
        dvar: [0.0381641574204, 0.0517875999212, 0.0282335896045]
        dvar2: [0.0987836271524, 0.140414342284, 0.0750511959195]
        max: [1, 0.982590913773, 0.757373631001]
        mean: [0.315730124712, 0.434203952551, 0.175543621182]
        min: [0.0119050936773, 0, 0]
        var: [0.0618417486548, 0.0776838734746, 0.0365616418421]

tonal:
    chords_changes_rate: 0.0645161271095
    chords_number_rate: 0.0184331797063
    chords_strength:
        dmean: 0.00741695379838
        dmean2: 0.0091711897403
        dvar: 3.49629299308e-05
        dvar2: 6.07402944297e-05
        max: 0.755282521248
        mean: 0.651274502277
        min: 0.538369357586
        var: 0.00267262523994
    key_strength: 0.705133914948
    tuning_diatonic_strength: 0.616792678833
    tuning_equal_tempered_deviation: 0.262502640486
    tuning_frequency: 448.985931396
    tuning_nontempered_energy_ratio: 0.929049015045
    hpcp:
        dmean: [0.143107369542, 0.140681281686, 0.150502547622, 0.138322874904, 0.13466796279, 0.152395263314, 0.173461541533, 0.262157827616, 0.29558300972, 0.272883236408, 0.219623401761, 0.147368967533, 0.123965494335, 0.130842119455, 0.129846468568, 0.135675936937, 0.161508008838, 0.208407595754, 0.184680551291, 0.143947482109, 0.129659295082, 0.176301449537, 0.245895385742, 0.287325590849, 0.293352931738, 0.274366110563, 0.281955391169, 0.145789682865, 0.126799911261, 0.134243503213, 0.170543655753, 0.185106545687, 0.210735976696, 0.181681841612, 0.180803388357, 0.187768951058]
        dmean2: [0.242077544332, 0.233719542623, 0.25377073884, 0.229341492057, 0.21538554132, 0.252434164286, 0.294068723917, 0.453838646412, 0.50973212719, 0.460298538208, 0.370677411556, 0.250554203987, 0.204036071897, 0.214155912399, 0.219453886151, 0.232761979103, 0.277670621872, 0.348207473755, 0.32895180583, 0.266736239195, 0.232747226954, 0.31232470274, 0.436193197966, 0.498258113861, 0.501547336578, 0.480465084314, 0.517475247383, 0.254211395979, 0.214783743024, 0.232135847211, 0.301612079144, 0.319540113211, 0.371624529362, 0.312480956316, 0.296146541834, 0.311968535185]
        dvar: [0.0264772847295, 0.0221799090505, 0.0296450573951, 0.0226535405964, 0.0255307983607, 0.0286888033152, 0.032391730696, 0.0514992438257, 0.0623182617128, 0.0456258282065, 0.0364391766489, 0.0188606511801, 0.0154733657837, 0.0224840994924, 0.0267890114337, 0.0295466762036, 0.0271915886551, 0.0506442151964, 0.0472422502935, 0.0459007546306, 0.0258104205132, 0.0452041886747, 0.0501243211329, 0.0540853329003, 0.0604137629271, 0.0643642544746, 0.0831548497081, 0.0350330024958, 0.0389390327036, 0.0317994989455, 0.0386194214225, 0.043517023325, 0.0464618913829, 0.0365948602557, 0.0386572666466, 0.0380738265812]
        dvar2: [0.0677151754498, 0.0555874668062, 0.0716010257602, 0.0460379086435, 0.0642713308334, 0.0760457888246, 0.085235401988, 0.150034800172, 0.162675246596, 0.100231818855, 0.109689898789, 0.0514091029763, 0.0393805354834, 0.0578281320632, 0.0642359927297, 0.0757082402706, 0.0866899415851, 0.124974280596, 0.13274846971, 0.145594194531, 0.0787987932563, 0.131718620658, 0.147647887468, 0.134714409709, 0.139762714505, 0.143916040659, 0.23142015934, 0.0920870676637, 0.110584646463, 0.0830024182796, 0.0992781668901, 0.115759178996, 0.136940762401, 0.103011615574, 0.103901326656, 0.100399717689]
        max: [1, 0.827206015587, 1, 1, 1, 1, 1, 1, 1, 1, 1, 1, 1, 1, 1, 1, 1, 1, 1, 1, 0.853580713272, 1, 1, 1, 1, 1, 1, 1, 1, 1, 1, 1, 1, 1, 1, 1]
        mean: [0.189041554928, 0.194932863116, 0.213044956326, 0.195936515927, 0.185434624553, 0.186142474413, 0.209682077169, 0.341896414757, 0.536612093449, 0.496573358774, 0.284739255905, 0.177358299494, 0.163787171245, 0.166468769312, 0.162967756391, 0.166102200747, 0.233281433582, 0.302419960499, 0.228822305799, 0.13663546741, 0.136200562119, 0.182353839278, 0.316457718611, 0.464269638062, 0.476880759001, 0.385670632124, 0.25239944458, 0.160808995366, 0.141858875751, 0.154150784016, 0.186217084527, 0.246040225029, 0.293879598379, 0.248621299863, 0.253383040428, 0.258308947086]
        min: [0.00254681543447, 0.00206094328314, 0.00189598277211, 0.00174989178777, 0.00107127882075, 0.000623585248832, 0.00238671945408, 0.00397319253534, 0.0134901739657, 0.00916639529169, 0.00212900317274, 0.00105146283749, 0.00132954993751, 0.00104802683927, 0.000760941009503, 0.00127817096654, 0.00232385494746, 0.00869252998382, 0.00533270929009, 0.00185117893852, 0.00125787802972, 0.00324938306585, 0.00640794448555, 0.0150398295373, 0.0144237233326, 0.001706350944, 0.00196677725762, 0.00114340335131, 0.0032466519624, 0.00552618829533, 0.00481772748753, 0.00425116252154, 0.00389559334144, 0.00369618972763, 0.00310758664273, 0.00238857325166]
        var: [0.0322790928185, 0.0338980555534, 0.047365680337, 0.0469913035631, 0.0488109849393, 0.046763330698, 0.0476503036916, 0.0664755254984, 0.0976736322045, 0.0926594883204, 0.050385016948, 0.0276984442025, 0.0241539813578, 0.0332715548575, 0.0366754382849, 0.0327313914895, 0.0317044183612, 0.0739434584975, 0.0527065955102, 0.0354445129633, 0.0238073840737, 0.0401321873069, 0.0625300183892, 0.0890381485224, 0.10460036993, 0.106887757778, 0.0800190791488, 0.0363999009132, 0.0320481546223, 0.0302326846868, 0.0425352677703, 0.0493538416922, 0.060679025948, 0.0494822785258, 0.0527239516377, 0.051917206496]
    chords_histogram: [14.2857141495, 0, 0, 0, 0, 0, 0, 0, 0, 0, 73.2718887329, 5.0691242218, 0, 0, 0, 0, 0, 7.37327194214, 0, 0, 0, 0, 0, 0]
    thpcp: [1, 0.925386071205, 0.530623972416, 0.330514907837, 0.305224537849, 0.310221791267, 0.303697496653, 0.309538692236, 0.434730112553, 0.563572764397, 0.426420331001, 0.2546261549, 0.253815680742, 0.339824318886, 0.589732766151, 0.865186691284, 0.888688027859, 0.718713998795, 0.470357358456, 0.29967457056, 0.264360189438, 0.28726670146, 0.347023636103, 0.458506673574, 0.547657430172, 0.463316619396, 0.472190320492, 0.481369972229, 0.352287173271, 0.363265872002, 0.397018551826, 0.365136235952, 0.345565497875, 0.346884608269, 0.390751689672, 0.637138843536]
    chords_key: "E"
    chords_scale: "minor"
    key_key: "F"
    key_scale: "minor"
    chords_progression: ["Em", "Em", "Em", "Em", "Em", "Em", "Em", "Em", "Em", "Em", "Em", "Em", "Em", "Em", "Em", "Em", "Em", "Em", "Em", "Em", "Em", "Em", "Em", "Em", "Em", "Em", "Em", "Em", "Em", "Em", "Em", "Em", "Em", "Em", "Em", "Em", "Em", "Em", "Em", "Em", "Em", "E", "Em", "Em", "Em", "Em", "Em", "Em", "Em", "Em", "Em", "Em", "Em", "Em", "Em", "Em", "Em", "Em", "Em", "Em", "Em", "Em", "Em", "Em", "Em", "Em", "Em", "Em", "Em", "Em", "Em", "Em", "Em", "Em", "Em", "Em", "Em", "Em", "Em", "Em", "Em", "Em", "Em", "Em", "Em", "Em", "Em", "E", "E", "E", "Em", "E", "E", "Em", "E", "E", "E", "E", "E", "E", "E", "E", "E", "E", "Em", "Em", "Em", "Em", "Em", "Em", "Em", "Em", "Em", "Em", "Em", "Em", "Em", "Em", "Em", "Em", "Em", "Em", "Em", "Em", "Em", "Em", "Em", "Em", "Em", "Em", "Em", "Em", "Em", "Em", "Em", "Em", "Em", "Em", "Em", "Em", "Em", "Em", "Em", "Em", "Em", "Em", "Em", "Em", "Em", "Em", "Em", "Em", "Em", "Em", "Em", "Em", "Em", "Em", "Em", "Em", "Em", "Em", "Em", "Fm", "Fm", "Fm", "Fm", "Fm", "Fm", "Fm", "Fm", "Fm", "Fm", "Fm", "Fm", "Fm", "Fm", "Fm", "Fm", "Fm", "Fm", "Fm", "Fm", "Fm", "Fm", "Fm", "Fm", "Em", "Fm", "Fm", "Fm", "Fm", "Fm", "Fm", "Fm", "Em", "Em", "Em", "Em", "Em", "Em", "G", "G", "G", "G", "G", "G", "G", "G", "G", "G", "G", "Em", "Em", "Em", "Em", "Em"]
