
metadata:
    version:
        essentia: "1.2.2"
    audio_properties:
        analysis_sample_rate: 44100
        bitrate: 128
        channels: 2
        equal_loudness: 1
        length: 10.0310201645
        replay_gain: -8.47050476074
        downmix: "mix"
    tags:
        track: 45
        year: 0
        album: "Splitted by Mp3Splt v. 2.1"
        artist: "From 007.20 To 007.30"
        comment: "http://mp3splt.sf.net"
        genre: ""
        title: "19 And I Like It [Alternate Ve"

highlevel:
    ballroom:
        all:
            ChaChaCha: 0.00811715610325
            Jive: 0.0288961008191
            Quickstep: 0.0407183803618
            Rumba-American: 0.0185515303165
            Rumba-International: 0.241167336702
            Rumba-Misc: 0.0212289784104
            Samba: 0.0136117031798
            Tango: 0.171043857932
            VienneseWaltz: 0.25520581007
            Waltz: 0.201459139585
        probability: 0.25520581007
        value: "VienneseWaltz"
    culture:
        all:
            non_western: 0.00601142039523
            western: 0.993988573551
        probability: 0.993988573551
        value: "western"
    gender:
        all:
            female: 0.886277079582
            male: 0.113722890615
        probability: 0.886277079582
        value: "female"
    genre_dortmund:
        all:
            alternative: 0.0530588328838
            blues: 0.0698607265949
            electronic: 0.0243579819798
            folkcountry: 0.449991106987
            funksoulrnb: 0.0093788979575
            jazz: 0.267206639051
            pop: 0.0643396452069
            raphiphop: 0.000885252782609
            rock: 0.0609209090471
        probability: 0.449991106987
        value: "folkcountry"
    genre_electronica:
        all:
            ambient: 0.782811760902
            dnb: 0.0815996751189
            house: 0.0761864632368
            techno: 0.0145858945325
            trance: 0.0448161996901
        probability: 0.782811760902
        value: "ambient"
    genre_rosamerica:
        all:
            cla: 0.309615731239
            dan: 0.0144763626158
            hip: 0.00617393245921
            jaz: 0.196684539318
            pop: 0.136497572064
            rhy: 0.209400042892
            roc: 0.122918345034
            spe: 0.0042334748432
        probability: 0.309615731239
        value: "cla"
    genre_tzanetakis:
        all:
            blu: 0.0179571788758
            cla: 0.13725169003
            cou: 0.322438150644
            dis: 0.0172886326909
            hip: 0.00269964942709
            jaz: 0.163965627551
            met: 0.0147850448266
            pop: 0.0163917448372
            reg: 0.0153806908056
            roc: 0.291841596365
        probability: 0.322438150644
        value: "cou"
    live_studio:
        all:
            live: 0.608844161034
            studio: 0.391155838966
        probability: 0.608844161034
        value: "live"
    mood:
        all:
            Cluster1: 0.23052662611
            Cluster2: 0.235277697444
            Cluster3: 0.363360136747
            Cluster4: 0.140150919557
            Cluster5: 0.0306846220046
        probability: 0.363360136747
        value: "Cluster3"
    mood_acoustic:
        all:
            acoustic: 0.575262606144
            not_acoustic: 0.424737393856
        probability: 0.575262606144
        value: "acoustic"
    mood_aggressive:
        all:
            aggressive: 0.0470476560295
            not_aggressive: 0.952952325344
        probability: 0.952952325344
        value: "not_aggressive"
    mood_electronic:
        all:
            electronic: 0.237370043993
            not_electronic: 0.762629985809
        probability: 0.762629985809
        value: "not_electronic"
    mood_happy:
        all:
            happy: 0.136995255947
            not_happy: 0.863004744053
        probability: 0.863004744053
        value: "not_happy"
    mood_party:
        all:
            not_party: 0.927060961723
            party: 0.0729390531778
        probability: 0.927060961723
        value: "not_party"
    mood_relaxed:
        all:
            not_relaxed: 0.126274883747
            relaxed: 0.873725116253
        probability: 0.873725116253
        value: "relaxed"
    mood_sad:
        all:
            not_sad: 0.243665322661
            sad: 0.756334662437
        probability: 0.756334662437
        value: "sad"
    rhythm:
        all:
            fast: 0.563277840614
            medium: 0.17764942348
            slow: 0.259072750807
        probability: 0.563277840614
        value: "fast"
    speech_music:
        all:
            music: 0.999866724014
            speech: 0.00013326399494
        probability: 0.999866724014
        value: "music"
    timbre:
        all:
            bright: 0.645780384541
            dark: 0.354219615459
        probability: 0.645780384541
        value: "bright"
    voice_instrumental:
        all:
            instrumental: 0.999994695187
            voice: 5.31401065018e-06
        probability: 0.999994695187
        value: "instrumental"

lowlevel:
    average_loudness: 0.969420790672
    barkbands_kurtosis:
        dmean: 1.30649626255
        dmean2: 1.99623262882
        dvar: 3.04673218727
        dvar2: 6.73218393326
        max: 20.3013038635
        mean: 0.717927277088
        min: -1.79506504536
        var: 9.12170505524
    barkbands_skewness:
        dmean: 0.463909417391
        dmean2: 0.684370458126
        dvar: 0.238984972239
        dvar2: 0.436552405357
        max: 4.48166465759
        mean: 0.941722989082
        min: -3.08633041382
        var: 1.19554340839
    barkbands_spread:
        dmean: 4.63056278229
        dmean2: 7.27296209335
        dvar: 19.2049484253
        dvar2: 42.621219635
        max: 50.4087867737
        mean: 27.6847305298
        min: 5.74676656723
        var: 82.9083404541
    dissonance:
        dmean: 0.0196893401444
        dmean2: 0.033615000546
        dvar: 0.000440797855845
        dvar2: 0.00122269568965
        max: 0.496651977301
        mean: 0.460452347994
        min: 0.295533061028
        var: 0.000657869502902
    hfc:
        dmean: 1.88288402557
        dmean2: 2.66314435005
        dvar: 27.9843978882
        dvar2: 58.0051460266
        max: 61.5008926392
        mean: 4.50039243698
        min: 0.0201709233224
        var: 48.4918060303
    pitch:
        dmean: 332.668609619
        dmean2: 654.349182129
        dvar: 847967.0625
        dvar2: 2252637.25
        max: 4410
        mean: 579.085205078
        min: 72.8925628662
        var: 981317.875
    pitch_instantaneous_confidence:
        dmean: 0.0844174027443
        dmean2: 0.132080003619
        dvar: 0.00681533897296
        dvar2: 0.0147486953065
        max: 0.958951830864
        mean: 0.481327772141
        min: 0.16713488102
        var: 0.0252799279988
    pitch_salience:
        dmean: 0.0585066713393
        dmean2: 0.0948077514768
        dvar: 0.00301980716176
        dvar2: 0.00779621675611
        max: 0.779667019844
        mean: 0.544439017773
        min: 0.323489755392
        var: 0.00841346662492
    silence_rate_20dB:
        dmean: 0
        dmean2: 0
        dvar: 0
        dvar2: 0
        max: 1
        mean: 1
        min: 1
        var: 0
    silence_rate_30dB:
        dmean: 0
        dmean2: 0
        dvar: 0
        dvar2: 0
        max: 1
        mean: 1
        min: 1
        var: 0
    silence_rate_60dB:
        dmean: 0.136574074626
        dmean2: 0.273781895638
        dvar: 0.117921859026
        dvar2: 0.226667627692
        max: 1
        mean: 0.565819859505
        min: 0
        var: 0.245668008924
    spectral_centroid:
        dmean: 204.148925781
        dmean2: 313.248840332
        dvar: 47798.6484375
        dvar2: 99640.8125
        max: 2668.19580078
        mean: 1061.86218262
        min: 327.663360596
        var: 219714.765625
    spectral_complexity:
        dmean: 1.70069611073
        dmean2: 2.62325572968
        dvar: 3.61575293541
        dvar2: 6.90458297729
        max: 20
        mean: 6.8726849556
        min: 0
        var: 10.2638530731
    spectral_crest:
        dmean: 2.209836483
        dmean2: 3.56074213982
        dvar: 3.98836874962
        dvar2: 9.98773384094
        max: 21.5927753448
        mean: 10.6356267929
        min: 4.02664422989
        var: 12.510389328
    spectral_decrease:
        dmean: 2.51295789733e-10
        dmean2: 3.64705265987e-10
        dvar: 1.91789011152e-19
        dvar2: 3.89163404294e-19
        max: -5.73021231159e-12
        mean: -8.43099368097e-10
        min: -5.3426441049e-09
        var: 4.2927582204e-19
    spectral_energy:
        dmean: 0.00110084237531
        dmean2: 0.00158587214537
        dvar: 4.44540728495e-06
        dvar2: 9.05070010049e-06
        max: 0.0255423076451
        mean: 0.0035902489908
        min: 2.3456672352e-05
        var: 9.29140242079e-06
    spectral_energyband_high:
        dmean: 4.76596542285e-05
        dmean2: 7.28055019863e-05
        dvar: 6.33877039746e-09
        dvar2: 1.38141817985e-08
        max: 0.000766047567595
        mean: 0.000119770273159
        min: 2.49182221523e-07
        var: 1.18941061444e-08
    spectral_energyband_low:
        dmean: 7.36079018679e-05
        dmean2: 0.000123343794257
        dvar: 8.02180721848e-09
        dvar2: 2.1290675889e-08
        max: 0.00114504946396
        mean: 0.000131404929562
        min: 1.2335024735e-07
        var: 2.1688306262e-08
    spectral_energyband_middle_high:
        dmean: 0.000703195808455
        dmean2: 0.000990678556263
        dvar: 4.04390084441e-06
        dvar2: 8.36351682665e-06
        max: 0.023190818727
        mean: 0.00151274772361
        min: 6.22587594989e-06
        var: 7.36120910005e-06
    spectral_energyband_middle_low:
        dmean: 0.000528893433511
        dmean2: 0.000799761794042
        dvar: 3.82790659614e-07
        dvar2: 8.44389319354e-07
        max: 0.0116864703596
        mean: 0.00182632531505
        min: 1.68557889992e-05
        var: 1.27038970277e-06
    spectral_flatness_db:
        dmean: 0.0188655406237
        dmean2: 0.0295289997011
        dvar: 0.000314751931001
        dvar2: 0.000699838856235
        max: 0.338669389486
        mean: 0.199639827013
        min: 0.121765464544
        var: 0.0010756199481
    spectral_flux:
        dmean: 0.00816041231155
        dmean2: 0.012582638301
        dvar: 0.000140245174407
        dvar2: 0.000338882498909
        max: 0.132589191198
        mean: 0.0256560444832
        min: 0.00484320893884
        var: 0.000224191870075
    spectral_kurtosis:
        dmean: 1.60334932804
        dmean2: 2.84555721283
        dvar: 3.33179783821
        dvar2: 7.85207748413
        max: 24.5350914001
        mean: 3.72691321373
        min: 0.671258926392
        var: 5.91275930405
    spectral_rms:
        dmean: 0.00025486148661
        dmean2: 0.000366580265108
        dvar: 1.21695748589e-07
        dvar2: 2.29535416452e-07
        max: 0.00499192578718
        mean: 0.00175703142304
        min: 0.000151276428369
        var: 4.15524880282e-07
    spectral_rolloff:
        dmean: 440.306121826
        dmean2: 771.038513184
        dvar: 390999.5
        dvar2: 850957.6875
        max: 4435.83984375
        mean: 2168.67333984
        min: 236.865234375
        var: 1050198.25
    spectral_skewness:
        dmean: 0.200186669827
        dmean2: 0.337940752506
        dvar: 0.0495142824948
        dvar2: 0.11314214021
        max: 3.70473599434
        mean: 1.35189449787
        min: 0.640104532242
        var: 0.118523709476
    spectral_spread:
        dmean: 342842.65625
        dmean2: 539738.0625
        dvar: 144699572224
        dvar2: 320365887488
        max: 6446060.5
        mean: 4174047
        min: 1898328.375
        var: 634213433344
    spectral_strongpeak:
        dmean: 0.461915761232
        dmean2: 0.769829690456
        dvar: 1.55235183239
        dvar2: 3.1944694519
        max: 14.5601034164
        mean: 0.825532793999
        min: 0.00885330326855
        var: 3.29308915138
    zerocrossingrate:
        dmean: 0.00710216956213
        dmean2: 0.00881517957896
        dvar: 4.62736024929e-05
        dvar2: 5.70307129237e-05
        max: 0.119140625
        mean: 0.0690884068608
        min: 0.02099609375
        var: 0.000382471829653
    barkbands:
        dmean: [3.28264739835e-08, 1.88283866009e-05, 6.36562908767e-05, 0.000189248254173, 0.000353630108293, 0.000175234032213, 4.80964845337e-05, 1.52003985932e-05, 2.03244180739e-05, 5.0403381465e-05, 2.33933133131e-05, 6.70719091431e-05, 3.30045040755e-05, 4.16189650423e-05, 5.35679500899e-05, 8.19970446173e-05, 0.000200986192795, 0.000230304751312, 0.00010185973224, 3.45534681401e-05, 2.68572002824e-05, 5.18527667737e-06, 7.61462331411e-07, 2.70272266789e-07, 9.64304049944e-08, 3.28994120835e-09, 3.00329178193e-10]
        dmean2: [4.97864327542e-08, 3.21355728374e-05, 0.000109166947368, 0.000324874563375, 0.000543791509699, 0.000258375133853, 8.39858621475e-05, 2.43812992267e-05, 3.05525063595e-05, 6.98658477631e-05, 3.30062830471e-05, 9.54110873863e-05, 4.97584042023e-05, 6.05423956586e-05, 8.35329847177e-05, 0.00012668389536, 0.000301217340166, 0.000325118860928, 0.000157793285325, 5.34001919732e-05, 4.3693016778e-05, 8.14134273242e-06, 1.22769836253e-06, 4.06590203283e-07, 1.40996249343e-07, 4.80523443258e-09, 4.63416943708e-10]
        dvar: [3.61044337873e-14, 6.29016783105e-10, 6.41080388775e-09, 7.51163113932e-08, 1.43138080944e-07, 9.36576682875e-08, 5.90887427876e-09, 7.37589600508e-10, 1.8127427337e-09, 1.45510741234e-08, 2.99070324061e-09, 4.1757463265e-08, 5.44524603185e-09, 2.67186521796e-08, 5.27359027558e-08, 1.72159460021e-07, 1.02871263152e-06, 7.6565532936e-07, 2.50411574143e-07, 2.28019669812e-09, 2.90658652702e-09, 6.52406462187e-11, 1.9290506692e-12, 2.2340956125e-13, 4.1752408822e-14, 4.22101233774e-17, 5.81853856198e-18]
        dvar2: [3.86754498327e-14, 1.69258240756e-09, 1.70425202839e-08, 2.4265312959e-07, 3.55749222081e-07, 2.17148240722e-07, 1.69486646939e-08, 1.72619796235e-09, 3.28476357225e-09, 2.43131115241e-08, 5.33856781004e-09, 7.06741118961e-08, 1.23126886464e-08, 6.31857304256e-08, 1.16426313923e-07, 3.45293642567e-07, 2.11225346902e-06, 1.50863900217e-06, 6.27416568477e-07, 4.67536231952e-09, 7.53835838196e-09, 1.41964676126e-10, 4.74778202864e-12, 4.95271900748e-13, 9.79701752666e-14, 9.68795521609e-17, 6.09879769327e-18]
        max: [3.87930504075e-06, 0.000198611800442, 0.000995323061943, 0.00245745666325, 0.0054532517679, 0.00564537197351, 0.000762164709158, 0.000283441331703, 0.000644215615466, 0.00162497698329, 0.000702452845871, 0.003612305969, 0.000819047272671, 0.00256821187213, 0.00390771823004, 0.00778859155253, 0.017181545496, 0.0154415220022, 0.00819582864642, 0.000565748661757, 0.000651700887829, 6.61321100779e-05, 1.58758102771e-05, 4.24554491474e-06, 2.54439396485e-06, 5.83227901529e-08, 5.00382029145e-08]
        mean: [2.76403593347e-08, 3.05869834847e-05, 0.000100795186881, 0.00031109538395, 0.000992888468318, 0.000365067418898, 6.09939925198e-05, 2.69078373094e-05, 3.97165276809e-05, 9.77332529146e-05, 5.04649688082e-05, 0.000137386843562, 5.2801988204e-05, 6.07419387961e-05, 0.000106128929474, 0.000160243624123, 0.000383069738746, 0.000316426128848, 0.000144654302858, 8.19971974124e-05, 5.62224813621e-05, 1.18896996355e-05, 1.64433674854e-06, 5.5933242038e-07, 2.01020029067e-07, 5.97080740405e-09, 2.53432719255e-10]
        min: [6.22438836584e-11, 9.43223312788e-08, 8.84990303263e-09, 4.43174684506e-07, 1.42680337376e-05, 1.7008605937e-06, 3.17699289099e-07, 9.07138542061e-08, 3.31364908845e-08, 1.26136853851e-07, 4.51593322737e-08, 1.84858095054e-07, 6.38423927057e-08, 3.28336007271e-08, 7.45343413655e-08, 2.80273866338e-07, 1.39291125834e-06, 4.70992063129e-07, 1.87699845355e-06, 2.42312864884e-07, 1.16331129618e-07, 7.95526844399e-09, 4.73936712098e-09, 1.32335176151e-09, 7.82135523014e-10, 3.23910655242e-11, 1.53276940836e-13]
        var: [3.58545827848e-14, 1.09556552719e-09, 1.61316577874e-08, 1.09900746281e-07, 4.15934977127e-07, 2.29600573221e-07, 7.79589726108e-09, 1.69954461615e-09, 6.07205263847e-09, 3.95787509433e-08, 1.28160229096e-08, 1.47164428199e-07, 1.01687316345e-08, 3.76483590969e-08, 1.46784998378e-07, 5.26673375134e-07, 1.79006519829e-06, 1.17782644793e-06, 2.24757727096e-07, 5.01788477436e-09, 3.45307227256e-09, 1.26137683631e-10, 2.97899205304e-12, 3.83780626636e-13, 6.55434094585e-14, 6.26070572503e-17, 5.80195276352e-18]
    mfcc:
        mean: [-758.860473633, 125.084373474, -43.1045265198, 71.5519943237, -10.6716136932, 4.01762247086, -4.12602901459, -5.69773483276, -8.96646404266, -23.1545753479, -15.9222021103, -7.02170801163, -12.0810651779]
        cov: [[1762.21691895, -185.461685181, -363.337524414, -271.554351807, 113.457725525, -60.8002929688, -126.999916077, -83.0135574341, -70.1830825806, -35.6295852661, 134.142852783, 93.0867462158, -11.1974468231], [-185.461685181, 518.317260742, -149.523040771, -57.3874816895, 24.4924697876, 40.9993438721, 36.79945755, 41.3826408386, -27.476020813, -39.2665405273, -18.6860542297, 29.2032566071, 33.1584739685], [-363.337524414, -149.523040771, 393.633056641, 125.805198669, -103.891975403, -4.34405755997, 48.6979789734, 37.6599845886, 59.8280563354, 26.0520935059, -72.1409225464, -57.119846344, 3.22735524178], [-271.554351807, -57.3874816895, 125.805198669, 193.246200562, 22.6601848602, -22.2630939484, -39.4852485657, -21.7016830444, 11.3679656982, 15.5852499008, 2.50640320778, -7.2361574173, -22.0915813446], [113.457725525, 24.4924697876, -103.891975403, 22.6601848602, 139.120727539, -4.96059513092, -73.426902771, -58.0031929016, -33.2070198059, 1.69518077374, 49.3591995239, 40.2585372925, -5.66026592255], [-60.8002929688, 40.9993438721, -4.34405755997, -22.2630939484, -4.96059513092, 79.2378540039, 42.0270805359, -28.4933586121, -23.3174552917, 14.3701076508, 4.72785758972, -9.08104419708, 0.297950387001], [-126.999916077, 36.79945755, 48.6979789734, -39.4852485657, -73.426902771, 42.0270805359, 159.005844116, 77.3414382935, -43.1609420776, -36.8730354309, -3.74147772789, 2.08938574791, 18.2579421997], [-83.0135574341, 41.3826408386, 37.6599845886, -21.7016830444, -58.0031929016, -28.4933586121, 77.3414382935, 183.117874146, 85.3577346802, -46.1046905518, -70.8946914673, -14.089304924, 18.6701507568], [-70.1830825806, -27.476020813, 59.8280563354, 11.3679656982, -33.2070198059, -23.3174552917, -43.1609420776, 85.3577346802, 227.352493286, 73.8909988403, -108.55770874, -70.597114563, 6.52076911926], [-35.6295852661, -39.2665405273, 26.0520935059, 15.5852499008, 1.69518077374, 14.3701076508, -36.8730354309, -46.1046905518, 73.8909988403, 109.770889282, -0.204850882292, -47.749912262, -18.9839439392], [134.142852783, -18.6860542297, -72.1409225464, 2.50640320778, 49.3591995239, 4.72785758972, -3.74147772789, -70.8946914673, -108.55770874, -0.204850882292, 125.512832642, 52.2215805054, -31.9442806244], [93.0867462158, 29.2032566071, -57.119846344, -7.2361574173, 40.2585372925, -9.08104419708, 2.08938574791, -14.089304924, -70.597114563, -47.749912262, 52.2215805054, 83.3823852539, 21.200712204], [-11.1974468231, 33.1584739685, 3.22735524178, -22.0915813446, -5.66026592255, 0.297950387001, 18.2579421997, 18.6701507568, 6.52076911926, -18.9839439392, -31.9442806244, 21.200712204, 71.1553268433]]
        icov: [[0.00120118714403, 0.000642590282951, 0.000317617552355, 0.00191888224799, -0.000242886337219, 0.000408401014283, 0.000968130771071, 8.33674857859e-05, -0.000493602128699, 0.000828409160022, -0.00126353057567, -0.000164110795595, -7.24924102542e-05], [0.000642590282951, 0.00298727652989, 0.00147166277748, 0.000546827795915, -9.67966334429e-05, -0.00161551637575, 0.00091690098634, -0.00158986577298, 0.00120142730884, -0.00069179100683, 0.0012650518911, -0.00120481348131, -0.000374740338884], [0.000317617552355, 0.00147166277748, 0.00608051242307, -0.00374844600447, 0.00311301695183, 0.000224237111979, -0.00167302251793, 0.000276316044619, 0.000779872061685, -0.00162775721401, 0.00310693960637, -0.000529570039362, -0.000425045931479], [0.00191888224799, 0.000546827795915, -0.00374844600447, 0.0120055964217, -0.00373921450227, 0.00239602150396, 0.00263625383377, 0.00068084418308, -0.00109927542508, 0.00179599691182, -0.00260582962073, -0.000618804479018, 0.0023763908539], [-0.000242886337219, -9.67966334429e-05, 0.00311301695183, -0.00373921450227, 0.0157201588154, -0.00473043043166, 0.00803853292018, -0.00262532709166, 0.00182274484541, -0.00171236437745, -0.00227774237283, -0.00419119233266, -0.00179637805559], [0.000408401014283, -0.00161551637575, 0.000224237111979, 0.00239602150396, -0.00473043043166, 0.0257689151913, -0.0152388615534, 0.0126078957692, -0.00333515601233, -0.000546084425878, 0.00439388398081, 0.00131915742531, 0.00340815284289], [0.000968130771071, 0.00091690098634, -0.00167302251793, 0.00263625383377, 0.00803853292018, -0.0152388615534, 0.0276177655905, -0.0189539175481, 0.0117158731446, -0.00470659416169, -0.00622731354088, 0.000945215870161, -0.00619724392891], [8.33674857859e-05, -0.00158986577298, 0.000276316044619, 0.00068084418308, -0.00262532709166, 0.0126078957692, -0.0189539175481, 0.0273366738111, -0.0182981081307, 0.0164330452681, -0.000149186671479, 0.00145613925997, 0.00394219532609], [-0.000493602128699, 0.00120142730884, 0.000779872061685, -0.00109927542508, 0.00182274484541, -0.00333515601233, 0.0117158731446, -0.0182981081307, 0.0269688088447, -0.023173853755, 0.0161710493267, -0.0048785530962, 0.000998916337267], [0.000828409160022, -0.00069179100683, -0.00162775721401, 0.00179599691182, -0.00171236437745, -0.000546084425878, -0.00470659416169, 0.0164330452681, -0.023173853755, 0.0372269451618, -0.0207975823432, 0.0179604105651, -0.00478631118312], [-0.00126353057567, 0.0012650518911, 0.00310693960637, -0.00260582962073, -0.00227774237283, 0.00439388398081, -0.00622731354088, -0.000149186671479, 0.0161710493267, -0.0207975823432, 0.0396886654198, -0.0228970833123, 0.0173083934933], [-0.000164110795595, -0.00120481348131, -0.000529570039362, -0.000618804479018, -0.00419119233266, 0.00131915742531, 0.000945215870161, 0.00145613925997, -0.0048785530962, 0.0179604105651, -0.0228970833123, 0.0394910424948, -0.0174028743058], [-7.24924102542e-05, -0.000374740338884, -0.000425045931479, 0.0023763908539, -0.00179637805559, 0.00340815284289, -0.00619724392891, 0.00394219532609, 0.000998916337267, -0.00478631118312, 0.0173083934933, -0.0174028743058, 0.0269597377628]]
    spectral_contrast:
        mean: [-2.82682265151e-07, 3.6224997757e-07, 6.39648263245e-08, -2.79948665138e-07, 6.56065026305e-07, -2.24500482204e-07, -5.89078752e-07, 3.56386095746e-07, -3.23907102029e-06, 4.49899516752e-06, -4.54588916909e-06, -2.57652118307e-06]
        var: [0.000422413722845, 0.00101618643384, 0.00159063620958, 0.00323270424269, 0.00453019235283, 0.00530252838507, 0.0261528883129, 0.0815204158425, 0.109546534717, 0.181820213795, 0.295227855444, 1.0397182703]

rhythm:
    beats_loudness:
        dmean: 0.00321700400673
        dmean2: 0.00559365516528
        dvar: 1.31512006192e-05
        dvar2: 3.53533396265e-05
        max: 0.018929220736
        mean: 0.00437270151451
        min: 0.000799942587037
        var: 1.2164263353e-05
    beats_loudness_bass:
        dmean: 0.105240151286
        dmean2: 0.202833116055
        dvar: 0.00943687465042
        dvar2: 0.0258609950542
        max: 0.411503314972
        mean: 0.117580652237
        min: 0.0117294732481
        var: 0.00934846419841
    bpm: 149.740020752
    bpm_confidence: 0
    first_peak_bpm: 150
    first_peak_spread: 0
    first_peak_weight: 0.956521749496
    onset_rate: 3.19010424614
    second_peak_bpm: 93
    second_peak_spread: 0
    second_peak_weight: 0.0434782616794
    beats_position: [0.231104016304, 0.631445765495, 1.03178751469, 1.43212938309, 1.83247113228, 2.23281288147, 2.63315463066, 3.03349614143, 3.43383812904, 3.83418011665, 4.23452186584, 4.63486385345, 5.03520584106, 5.43554782867, 6.08206558228, 6.48304033279, 6.88401556015, 7.28499126434, 7.6859664917, 8.08694171906, 8.48791694641, 8.88889122009, 9.28986740112, 9.69084262848]
    bpm_estimates: [149.036636353, 149.677520752, 150.913803101, 149.725189209, 150.236373901, 150.038589478, 148.552001953]
    bpm_intervals: [0.400341749191, 0.400341749191, 0.400341868401, 0.400341749191, 0.400341749191, 0.400341749191, 0.400341510773, 0.40034198761, 0.40034198761, 0.400341749191, 0.40034198761, 0.40034198761, 0.40034198761, 0.646517753601, 0.400974750519, 0.400975227356, 0.400975704193, 0.400975227356, 0.400975227356, 0.400975227356, 0.400974273682, 0.40097618103, 0.400975227356]
    onset_times: [0.0464399084449, 0.232199549675, 0.766258478165, 1.04489791393, 1.18421769142, 1.45124721527, 1.6137868166, 2.00852608681, 2.70512461662, 3.23918366432, 3.5178232193, 3.66875290871, 4.06349229813, 4.45823144913, 4.72526073456, 4.88780021667, 5.25931978226, 5.66566896439, 5.92108821869, 6.46675729752, 6.87310647964, 7.12852621078, 7.67419481277, 8.09215450287, 8.31274414062, 8.52172374725, 8.73070335388, 8.893242836, 9.287981987, 9.55501174927, 9.84526062012, 9.99619007111]
    rubato_start: []
    rubato_stop: []
    perceptual_tempo: "unknown"

sfx:
    inharmonicity:
        dmean: 0.0359161794186
        dmean2: 0.0639587789774
        dvar: 0.00232545076869
        dvar2: 0.00612535513937
        max: 0.307479530573
        mean: 0.0347542650998
        min: 0.000273277488304
        var: 0.00233990210108
    oddtoevenharmonicenergyratio:
        dmean: 3.09335660934
        dmean2: 5.77312517166
        dvar: 79.6750869751
        dvar2: 237.682418823
        max: 86.8342285156
        mean: 1.94811165333
        min: 0.000207865217817
        var: 48.9282188416
    pitch_after_max_to_before_max_energy_ratio: 2.85061788559
    pitch_centroid: 248.301528931
    pitch_max_to_total: 0.52314811945
    pitch_min_to_total: 0.638888895512
    tristimulus:
        dmean: [0.206023588777, 0.209344491363, 0.114075370133]
        dmean2: [0.349467992783, 0.362817764282, 0.19849640131]
        dvar: [0.0410967022181, 0.0422297604382, 0.0160673856735]
        dvar2: [0.0951140746474, 0.107944518328, 0.0436240807176]
        max: [0.936867058277, 0.98355525732, 0.696234226227]
        mean: [0.504417955875, 0.347824424505, 0.125679269433]
        min: [0.0143032576889, 0, 0]
        var: [0.0680165961385, 0.0535367503762, 0.0182438325137]

tonal:
    chords_changes_rate: 0.0322580635548
    chords_number_rate: 0.0138248847798
    chords_strength:
        dmean: 0.00616279803216
        dmean2: 0.00538390502334
        dvar: 2.16955995711e-05
        dvar2: 2.27044984058e-05
        max: 0.609257161617
        mean: 0.493553429842
        min: 0.36796221137
        var: 0.00408670725301
    key_strength: 0.759833931923
    tuning_diatonic_strength: 0.496618032455
    tuning_equal_tempered_deviation: 0.0666623935103
    tuning_frequency: 435.448913574
    tuning_nontempered_energy_ratio: 0.634934663773
    hpcp:
        dmean: [0.204951286316, 0.163069158792, 0.04726575315, 0.0263513904065, 0.0268272161484, 0.0405353605747, 0.0582044683397, 0.0669402852654, 0.069141253829, 0.0865161791444, 0.0631978809834, 0.0262445602566, 0.0459105931222, 0.0690458416939, 0.133461833, 0.163204655051, 0.167434811592, 0.0902927517891, 0.0625006482005, 0.0746955797076, 0.0768628492951, 0.0916332378983, 0.0833743661642, 0.067710340023, 0.0976411253214, 0.0721996352077, 0.0885709151626, 0.107595257461, 0.0866634249687, 0.0647939667106, 0.107635937631, 0.09223523736, 0.0580042861402, 0.0545627884567, 0.0868204534054, 0.185485050082]
        dmean2: [0.335033476353, 0.277878731489, 0.0845716521144, 0.0469229072332, 0.0472171194851, 0.0672316029668, 0.0941060259938, 0.111394681036, 0.113601647317, 0.135967507958, 0.0970336720347, 0.0426497794688, 0.076437920332, 0.117656223476, 0.216869622469, 0.256631582975, 0.27585837245, 0.156494349241, 0.102414622903, 0.12272927165, 0.125255659223, 0.156477361917, 0.139441400766, 0.115739673376, 0.161626592278, 0.120394051075, 0.145712763071, 0.175290212035, 0.147884815931, 0.107196845114, 0.172293007374, 0.143672779202, 0.0958448648453, 0.0927992016077, 0.158304795623, 0.303612679243]
        dvar: [0.0623677037656, 0.0298387408257, 0.0138446940109, 0.00242533627898, 0.00376475136727, 0.00894246809185, 0.0121620772406, 0.021115494892, 0.0132400253788, 0.0216682441533, 0.0103213032708, 0.0012440594146, 0.00720374938101, 0.017148097977, 0.0164896082133, 0.0400145724416, 0.0350801497698, 0.0187236238271, 0.0139446118847, 0.0223099160939, 0.0155241843313, 0.0230836309493, 0.0135473972186, 0.0119832530618, 0.0368070267141, 0.0152411106974, 0.0155068822205, 0.0237764809281, 0.0176647938788, 0.0132868541405, 0.0305079892278, 0.0200301036239, 0.0135619556531, 0.0117201693356, 0.0233161523938, 0.0320491045713]
        dvar2: [0.140987426043, 0.0782159119844, 0.0389971546829, 0.00660082884133, 0.00958670396358, 0.0167962294072, 0.0286038797349, 0.0607732050121, 0.0339470766485, 0.0379461981356, 0.0201034322381, 0.00315796886571, 0.0177280306816, 0.0448966212571, 0.042576007545, 0.0735187381506, 0.0829891711473, 0.0482637286186, 0.0284900125116, 0.0507996752858, 0.0367436483502, 0.0480440594256, 0.0313370600343, 0.0293756835163, 0.0873139202595, 0.0350009910762, 0.0366871058941, 0.0487036108971, 0.0452788583934, 0.0321797244251, 0.0701292157173, 0.0444641672075, 0.0356551706791, 0.0295237712562, 0.0663333907723, 0.0827469751239]
        max: [1, 1, 1, 0.386561065912, 0.461281448603, 1, 0.832910597324, 1, 0.860046446323, 1, 0.91539144516, 0.248861268163, 0.782991051674, 1, 0.929210960865, 1, 1, 1, 1, 1, 1, 1, 1, 0.693398237228, 1, 0.947399675846, 0.824145257473, 1, 1, 0.746783196926, 1, 1, 0.962743699551, 0.905791223049, 0.871949076653, 1]
        mean: [0.657564938068, 0.326926201582, 0.0438640229404, 0.0281167384237, 0.0274266507477, 0.041018422693, 0.0716970041394, 0.0815578177571, 0.11625354737, 0.165836527944, 0.101491227746, 0.0415556430817, 0.0592585019767, 0.0705494880676, 0.257428556681, 0.53409999609, 0.382857084274, 0.107820175588, 0.0898717567325, 0.0936708152294, 0.127541199327, 0.199550807476, 0.143513083458, 0.0899301543832, 0.129831701517, 0.0960502177477, 0.155329033732, 0.232418075204, 0.123160384595, 0.0754945203662, 0.144975379109, 0.131590157747, 0.0713414549828, 0.0596539266407, 0.0778255909681, 0.405391424894]
        min: [0.00377229764126, 0.00583539623767, 0.00204763840884, 0.00108397833537, 0.00128033792134, 0.00171090522781, 0.00214363378473, 0.00348591222428, 0.00593110313639, 0.00456597702578, 0.00218819384463, 0.00164459110238, 0.00255114259198, 0.00224850233644, 0.0036139243748, 0.00441024871543, 0.00460266787559, 0.00158969499171, 0.0018102832837, 0.00143333047163, 0.00120853295084, 0.00182398920879, 0.0016867731465, 0.00183385307901, 0.000548252486624, 0.000835306360386, 0.00146970595233, 0.00124831439462, 0.000927915098146, 0.000840126362164, 0.00129125104286, 0, 0.00227151275612, 0.00129713874776, 0.0012563073542, 0.00393419340253]
        var: [0.114061512053, 0.0368035174906, 0.00884502008557, 0.00185164914001, 0.0026189039927, 0.0078880013898, 0.0165941026062, 0.0234557557851, 0.0273075178266, 0.06933362782, 0.0256826840341, 0.00225168489851, 0.00854923482984, 0.0151976598427, 0.0374855138361, 0.124383494258, 0.0672545060515, 0.0170788113028, 0.0293471179903, 0.0380865000188, 0.0487444847822, 0.0773716568947, 0.036104246974, 0.0179815553129, 0.068753130734, 0.0322902351618, 0.0401134975255, 0.0854788124561, 0.0276416037232, 0.0152595164254, 0.0505097955465, 0.0456123314798, 0.0159839019179, 0.0109370769933, 0.0165217705071, 0.0641333460808]
    chords_histogram: [46.082950592, 0, 0, 0, 0, 0, 0, 0, 0, 0, 0, 0, 0, 0, 0, 0, 0, 32.25806427, 0, 21.6589870453, 0, 0, 0, 0]
    thpcp: [1, 0.497177064419, 0.0667067542672, 0.0427588783205, 0.0417094193399, 0.0623792745173, 0.109034106135, 0.124030061066, 0.176794022322, 0.252197951078, 0.154344037175, 0.0631962567568, 0.0901180952787, 0.107289008796, 0.391487658024, 0.812239170074, 0.582234621048, 0.163968861103, 0.13667358458, 0.142451047897, 0.193959847093, 0.303469359875, 0.218249291182, 0.136762395501, 0.197443157434, 0.146069556475, 0.236218541861, 0.353452652693, 0.187297672033, 0.114809222519, 0.220473095775, 0.200117364526, 0.10849339515, 0.0907194465399, 0.118354231119, 0.616504013538]
    chords_key: "D"
    chords_scale: "major"
    key_key: "D"
    key_scale: "major"
    chords_progression: ["D", "D", "D", "D", "D", "D", "Dm", "Dm", "Dm", "Dm", "Dm", "Dm", "Dm", "Dm", "Dm", "Dm", "Dm", "Dm", "Dm", "Dm", "Dm", "Dm", "Dm", "Dm", "Dm", "Dm", "Dm", "Dm", "Dm", "Dm", "Dm", "Dm", "Dm", "Dm", "Dm", "Dm", "Dm", "Dm", "Dm", "Dm", "Dm", "Dm", "Dm", "Dm", "D", "D", "D", "D", "D", "D", "D", "D", "D", "D", "D", "D", "D", "D", "D", "D", "D", "D", "D", "D", "D", "D", "D", "D", "D", "D", "D", "D", "D", "D", "D", "D", "D", "D", "D", "D", "D", "D", "D", "D", "D", "D", "D", "D", "D", "D", "D", "D", "D", "D", "D", "D", "D", "D", "D", "D", "D", "Am", "Am", "Am", "Am", "Am", "Am", "Am", "Am", "Am", "Am", "Am", "Am", "Am", "Am", "Am", "Am", "Am", "Am", "Am", "Am", "Am", "Am", "Am", "Am", "Am", "Am", "Am", "Am", "Am", "Am", "Am", "Am", "Am", "Am", "Am", "Am", "Am", "Am", "Am", "Am", "Am", "Am", "Am", "Am", "Am", "Am", "Am", "Dm", "Dm", "Dm", "Dm", "Dm", "Dm", "Dm", "Dm", "Dm", "Dm", "Dm", "Dm", "Dm", "Dm", "Dm", "Dm", "Dm", "Dm", "D", "D", "Dm", "Dm", "Dm", "Dm", "Dm", "Dm", "Dm", "Dm", "Dm", "Dm", "Dm", "Dm", "Dm", "Dm", "D", "D", "D", "D", "D", "D", "D", "D", "D", "D", "D", "D", "D", "D", "D", "D", "D", "D", "D", "D", "D", "D", "D", "D", "D", "D", "D", "D", "D", "D", "D", "D", "D", "D", "D"]
