
metadata:
    version:
        essentia: "1.2.2"
    audio_properties:
        analysis_sample_rate: 44100
        bitrate: 128
        channels: 2
        equal_loudness: 1
        length: 10.0310201645
        replay_gain: -6.67156791687
        downmix: "mix"
    tags:
        track: 28
        year: 0
        album: "Splitted by Mp3Splt v. 2.1"
        artist: "From 004.30 To 004.40"
        comment: "http://mp3splt.sf.net"
        genre: ""
        title: "12 Yesterday Never Tomorrows.m"

highlevel:
    ballroom:
        all:
            ChaChaCha: 2.83689751086e-05
            Jive: 1.29232375912e-05
            Quickstep: 5.42476918781e-05
            Rumba-American: 0.00022826618806
            Rumba-International: 0.00224384176545
            Rumba-Misc: 0.00198998232372
            Samba: 1.90978171304e-05
            Tango: 0.00153671822045
            VienneseWaltz: 0.0502542406321
            Waltz: 0.943632304668
        probability: 0.943632304668
        value: "Waltz"
    culture:
        all:
            non_western: 0.129157453775
            western: 0.870842576027
        probability: 0.870842576027
        value: "western"
    gender:
        all:
            female: 0.741781592369
            male: 0.258218377829
        probability: 0.741781592369
        value: "female"
    genre_dortmund:
        all:
            alternative: 0.0180374588817
            blues: 0.00183841120452
            electronic: 0.891448676586
            folkcountry: 0.0347550287843
            funksoulrnb: 0.00362914800644
            jazz: 0.0202270001173
            pop: 0.020557327196
            raphiphop: 0.000155545334565
            rock: 0.009351384826
        probability: 0.891448676586
        value: "electronic"
    genre_electronica:
        all:
            ambient: 0.988398551941
            dnb: 0.000280900334474
            house: 0.00361009058543
            techno: 0.00101632042788
            trance: 0.00669410685077
        probability: 0.988398551941
        value: "ambient"
    genre_rosamerica:
        all:
            cla: 0.849991559982
            dan: 0.00298271072097
            hip: 0.00133638305124
            jaz: 0.0757785066962
            pop: 0.00926648732275
            rhy: 0.0297539737076
            roc: 0.0276542622596
            spe: 0.00323609332554
        probability: 0.849991559982
        value: "cla"
    genre_tzanetakis:
        all:
            blu: 0.0227619018406
            cla: 0.853418886662
            cou: 0.00947337597609
            dis: 0.00620800349861
            hip: 0.00445370702073
            jaz: 0.0583385899663
            met: 0.00939166825265
            pop: 0.00849269609898
            reg: 0.0153572475538
            roc: 0.0121039245278
        probability: 0.853418886662
        value: "cla"
    live_studio:
        all:
            live: 0.163218975067
            studio: 0.836781024933
        probability: 0.836781024933
        value: "studio"
    mood:
        all:
            Cluster1: 0.00326584931463
            Cluster2: 0.00891186855733
            Cluster3: 0.98312240839
            Cluster4: 0.00283332867548
            Cluster5: 0.00186652690172
        probability: 0.98312240839
        value: "Cluster3"
    mood_acoustic:
        all:
            acoustic: 0.5
            not_acoustic: 0.5
        probability: 0.5
        value: "acoustic"
    mood_aggressive:
        all:
            aggressive: 1.23461531985e-05
            not_aggressive: 0.999987661839
        probability: 0.999987661839
        value: "not_aggressive"
    mood_electronic:
        all:
            electronic: 0.487876594067
            not_electronic: 0.512123405933
        probability: 0.512123405933
        value: "not_electronic"
    mood_happy:
        all:
            happy: 0.033640652895
            not_happy: 0.966359376907
        probability: 0.966359376907
        value: "not_happy"
    mood_party:
        all:
            not_party: 0.986928164959
            party: 0.0130718490109
        probability: 0.986928164959
        value: "not_party"
    mood_relaxed:
        all:
            not_relaxed: 0.058308199048
            relaxed: 0.941691815853
        probability: 0.941691815853
        value: "relaxed"
    mood_sad:
        all:
            not_sad: 0.0674261674285
            sad: 0.932573854923
        probability: 0.932573854923
        value: "sad"
    rhythm:
        all:
            fast: 0.00163731304929
            medium: 0.557865977287
            slow: 0.440496742725
        probability: 0.557865977287
        value: "medium"
    speech_music:
        all:
            music: 0.950967013836
            speech: 0.0490330085158
        probability: 0.950967013836
        value: "music"
    timbre:
        all:
            bright: 0.299608677626
            dark: 0.700391292572
        probability: 0.700391292572
        value: "dark"
    voice_instrumental:
        all:
            instrumental: 0.983393907547
            voice: 0.0166061036289
        probability: 0.983393907547
        value: "instrumental"

lowlevel:
    average_loudness: 0.916681885719
    barkbands_kurtosis:
        dmean: 7.03396081924
        dmean2: 10.9269504547
        dvar: 111.168640137
        dvar2: 237.263748169
        max: 120.519035339
        mean: 17.9947681427
        min: -1.7330262661
        var: 547.020874023
    barkbands_skewness:
        dmean: 0.682232439518
        dmean2: 1.03798425198
        dvar: 0.515042543411
        dvar2: 1.04805910587
        max: 10.2357397079
        mean: 3.51723599434
        min: -1.08279955387
        var: 5.02955389023
    barkbands_spread:
        dmean: 1.98425102234
        dmean2: 3.02437496185
        dvar: 6.91235542297
        dvar2: 12.9179763794
        max: 31.1933116913
        mean: 9.71004581451
        min: 0.679710865021
        var: 62.8899650574
    dissonance:
        dmean: 0.0205640140921
        dmean2: 0.0331633575261
        dvar: 0.000288238050416
        dvar2: 0.000722300028428
        max: 0.494900017977
        mean: 0.414254784584
        min: 0.291504979134
        var: 0.00131540640723
    hfc:
        dmean: 0.507717788219
        dmean2: 0.771177351475
        dvar: 2.79694747925
        dvar2: 6.82080316544
        max: 38.2058563232
        mean: 2.70221853256
        min: 0.108500935137
        var: 20.0615272522
    pitch:
        dmean: 29.5829944611
        dmean2: 56.9046058655
        dvar: 4461.9453125
        dvar2: 9272.45410156
        max: 416.037750244
        mean: 264.210632324
        min: 102.083335876
        var: 8755.43457031
    pitch_instantaneous_confidence:
        dmean: 0.0493647046387
        dmean2: 0.0759508311749
        dvar: 0.00277022807859
        dvar2: 0.00524560827762
        max: 0.934908270836
        mean: 0.657760322094
        min: 0.330570101738
        var: 0.016964064911
    pitch_salience:
        dmean: 0.0410076901317
        dmean2: 0.0598809681833
        dvar: 0.00168801355176
        dvar2: 0.00353923207149
        max: 0.686751127243
        mean: 0.409401357174
        min: 0.092384390533
        var: 0.0139161767438
    silence_rate_20dB:
        dmean: 0
        dmean2: 0
        dvar: 0
        dvar2: 0
        max: 1
        mean: 1
        min: 1
        var: 0
    silence_rate_30dB:
        dmean: 0
        dmean2: 0
        dvar: 0
        dvar2: 0
        max: 1
        mean: 1
        min: 1
        var: 0
    silence_rate_60dB:
        dmean: 0.0858468711376
        dmean2: 0.172093018889
        dvar: 0.0784774199128
        dvar2: 0.16573317349
        max: 1
        mean: 0.534722208977
        min: 0
        var: 0.248794466257
    spectral_centroid:
        dmean: 62.249370575
        dmean2: 93.1443557739
        dvar: 10077.5820312
        dvar2: 19786.2539062
        max: 2198.55981445
        mean: 576.454345703
        min: 302.539581299
        var: 100497.578125
    spectral_complexity:
        dmean: 0.990675985813
        dmean2: 1.74766349792
        dvar: 2.14443802834
        dvar2: 4.80548191071
        max: 29
        mean: 5.57441854477
        min: 1
        var: 20.8165569305
    spectral_crest:
        dmean: 1.42196059227
        dmean2: 2.02773737907
        dvar: 2.50953149796
        dvar2: 4.94869279861
        max: 25.2433223724
        mean: 17.0336608887
        min: 4.80139493942
        var: 24.540802002
    spectral_decrease:
        dmean: 1.356103424e-10
        dmean2: 1.89653182048e-10
        dvar: 3.7414458318e-20
        dvar2: 8.0856736856e-20
        max: -3.71736495752e-11
        mean: -9.10962250078e-10
        min: -3.68613251034e-09
        var: 4.21243846593e-19
    spectral_energy:
        dmean: 0.00055236229673
        dmean2: 0.00077548722038
        dvar: 7.35119556339e-07
        dvar2: 1.6404840153e-06
        max: 0.0173777081072
        mean: 0.0036832804326
        min: 0.000150143125211
        var: 7.77791046858e-06
    spectral_energyband_high:
        dmean: 4.24725794801e-06
        dmean2: 6.58536873743e-06
        dvar: 3.79119596827e-10
        dvar2: 9.34039623424e-10
        max: 0.00039207917871
        mean: 8.3240429376e-06
        min: 2.42915092485e-07
        var: 1.23676879848e-09
    spectral_energyband_low:
        dmean: 8.75079820162e-07
        dmean2: 1.45384933603e-06
        dvar: 3.12842265114e-12
        dvar2: 8.26404049359e-12
        max: 1.46915763253e-05
        mean: 1.24988162042e-06
        min: 1.50257328801e-09
        var: 4.04345957758e-12
    spectral_energyband_middle_high:
        dmean: 0.000177355119376
        dmean2: 0.00028800018481
        dvar: 3.77910026828e-07
        dvar2: 9.04755154352e-07
        max: 0.0133291911334
        mean: 0.000720799376722
        min: 9.30574606173e-06
        var: 2.64001960204e-06
    spectral_energyband_middle_low:
        dmean: 0.000453104526969
        dmean2: 0.000611080613453
        dvar: 2.22249113335e-07
        dvar2: 3.87497976817e-07
        max: 0.00941963773221
        mean: 0.00295290374197
        min: 0.000124912156025
        var: 3.15431157105e-06
    spectral_flatness_db:
        dmean: 0.0202889721841
        dmean2: 0.0339897759259
        dvar: 0.000269957643468
        dvar2: 0.000626092078164
        max: 0.4785631001
        mean: 0.36425575614
        min: 0.171824917197
        var: 0.00163716939278
    spectral_flux:
        dmean: 0.00520413229242
        dmean2: 0.00889559462667
        dvar: 8.11905192677e-05
        dvar2: 0.000243078393396
        max: 0.101284101605
        mean: 0.0152858793736
        min: 0.00207097642124
        var: 0.000132858593133
    spectral_kurtosis:
        dmean: 12.4931459427
        dmean2: 22.2766094208
        dvar: 84.2439804077
        dvar2: 267.244018555
        max: 52.3194885254
        mean: 22.9385089874
        min: 0.911557674408
        var: 147.589065552
    spectral_rms:
        dmean: 0.000143061843119
        dmean2: 0.000193286396097
        dvar: 3.00877545101e-08
        dvar2: 5.82091139734e-08
        max: 0.00411750655621
        mean: 0.00177662016358
        min: 0.000382728496334
        var: 4.37060947434e-07
    spectral_rolloff:
        dmean: 171.412216187
        dmean2: 300.609436035
        dvar: 135472.84375
        dvar2: 303805.53125
        max: 3402.24609375
        mean: 874.84753418
        min: 301.46484375
        var: 683060.9375
    spectral_skewness:
        dmean: 0.997985541821
        dmean2: 1.77556037903
        dvar: 0.526090860367
        dvar2: 1.66953849792
        max: 5.68374061584
        mean: 2.86705517769
        min: 0.257421910763
        var: 1.19212055206
    spectral_spread:
        dmean: 277985.65625
        dmean2: 494191.375
        dvar: 50152448000
        dvar2: 152074764288
        max: 3615659.25
        mean: 1854402.125
        min: 1256896.5
        var: 94494171136
    spectral_strongpeak:
        dmean: 0.144607752562
        dmean2: 0.225773751736
        dvar: 0.113950043917
        dvar2: 0.227550759912
        max: 6.32513332367
        mean: 0.598814725876
        min: 0.0470102764666
        var: 0.385402977467
    zerocrossingrate:
        dmean: 0.00385616975836
        dmean2: 0.00428501004353
        dvar: 1.998125299e-05
        dvar2: 2.04652478715e-05
        max: 0.10009765625
        mean: 0.0328851751983
        min: 0.013671875
        var: 0.000355616997695
    barkbands:
        dmean: [1.15359970465e-08, 1.14096685877e-07, 7.90841909293e-07, 1.49702964336e-06, 0.000125260223285, 0.000395827839384, 7.27916994947e-05, 1.04874325189e-05, 1.84212840395e-05, 2.11506949199e-06, 8.5108431449e-06, 1.30044236357e-05, 5.83799919696e-06, 1.19525602713e-05, 6.74381590215e-05, 9.10146409296e-05, 5.29735625605e-05, 2.66850493063e-05, 4.06097169616e-05, 1.43099214256e-05, 1.05957212782e-06, 3.44842732147e-08, 6.32100016773e-09, 3.21099119516e-10, 2.84216067348e-10, 2.43008058121e-10, 2.52945719925e-10]
        dmean2: [1.34839606147e-08, 1.7467269231e-07, 1.34026890919e-06, 2.65164680968e-06, 0.000204959054827, 0.000525895797182, 9.10037924768e-05, 1.59365135914e-05, 2.57798146777e-05, 3.27333236783e-06, 1.1532899407e-05, 1.92963689187e-05, 9.54105780693e-06, 1.78139434865e-05, 0.000111481262138, 0.000152055727085, 8.30353747006e-05, 4.43019125669e-05, 6.26419641776e-05, 2.54537098954e-05, 1.62034189088e-06, 5.77800101098e-08, 1.14728502254e-08, 5.27289656382e-10, 4.73602157491e-10, 4.17472306724e-10, 4.38231673172e-10]
        dvar: [3.77275962478e-14, 1.41260809473e-13, 2.43429451943e-12, 1.3060561313e-11, 3.19513731029e-08, 1.7758463855e-07, 1.14278755348e-08, 8.87590057008e-10, 4.34127800375e-09, 3.66154676024e-11, 5.98123328643e-10, 3.32291438809e-09, 2.73029349129e-10, 3.86899151605e-10, 1.07730748766e-08, 1.03623321479e-07, 7.1983457417e-08, 1.4719563346e-08, 1.96290361743e-08, 3.32097016553e-09, 3.18803317079e-11, 3.34414638451e-14, 9.49456594753e-16, 2.67612490982e-18, 1.49202558233e-18, 1.04890699613e-18, 9.67983089627e-19]
        dvar2: [3.77970360088e-14, 1.9902922897e-13, 6.83070700697e-12, 3.84321637015e-11, 8.13721854342e-08, 2.89939350751e-07, 1.87054869372e-08, 1.81176329495e-09, 7.6120114656e-09, 7.80946071699e-11, 7.96501864464e-10, 7.49412620848e-09, 8.18902223809e-10, 8.54758430702e-10, 3.04194287537e-08, 2.44118297132e-07, 2.01226569629e-07, 3.10498720069e-08, 4.96809064998e-08, 9.6268930605e-09, 8.1686740705e-11, 8.32696541928e-14, 2.91861062668e-15, 2.94130433175e-18, 1.66451062782e-18, 1.21031485246e-18, 1.15009134758e-18]
        max: [4.02969544666e-06, 6.97400810168e-06, 1.42012804645e-05, 3.27296365867e-05, 0.00287852017209, 0.00776369217783, 0.00173028733116, 0.000557728984859, 0.00163893448189, 0.000104021492007, 0.000580155057833, 0.00105683901347, 0.000274585938314, 0.000272517558187, 0.00108805007767, 0.00582193816081, 0.00470951246098, 0.00226021418348, 0.00235896836966, 0.000857815146446, 9.40236859606e-05, 3.24271491081e-06, 5.65237428418e-07, 3.34116272427e-08, 2.50319303063e-08, 2.07423713761e-08, 1.97856167006e-08]
        mean: [1.10174571688e-08, 1.71640266444e-07, 1.07270500393e-06, 1.84637349321e-06, 0.000560645130463, 0.00201245374046, 0.000280688313069, 2.89761410386e-05, 6.74227194395e-05, 4.69067981612e-06, 2.57098545262e-05, 2.90179796139e-05, 1.42358157973e-05, 3.30110888171e-05, 0.000134199741296, 0.000187834593817, 0.000100244258647, 6.11528739682e-05, 0.000109310494736, 2.81963584712e-05, 2.31825265473e-06, 6.13260198179e-08, 1.22610099851e-08, 4.18566181715e-10, 5.01335750691e-10, 1.96053367985e-10, 1.97568295057e-10]
        min: [1.66384538525e-13, 3.66735530832e-10, 1.01527231067e-09, 1.96388172391e-09, 2.53575490206e-05, 5.81345811952e-05, 1.63021013577e-06, 1.84363102562e-08, 1.30283794419e-07, 7.80796725053e-08, 3.92329191357e-08, 4.20034638182e-08, 4.24785291386e-08, 4.0184497152e-07, 5.8460142327e-07, 3.95196877889e-07, 6.30080251085e-07, 5.37873177109e-07, 7.12667201697e-07, 3.61034977914e-07, 6.22747649004e-08, 9.29049370768e-09, 1.6476240372e-09, 1.71947595051e-11, 3.93364750495e-11, 2.84365456529e-12, 2.50053443392e-14]
        var: [3.76495370795e-14, 1.69985268808e-13, 3.17951177539e-12, 1.4376120086e-11, 2.91729833179e-07, 1.88634908227e-06, 1.2719428355e-07, 3.6169964801e-09, 4.86124989152e-08, 7.59196872036e-11, 4.38776348588e-09, 6.37146868598e-09, 1.38222033819e-09, 2.28574337235e-09, 3.20986579538e-08, 2.94561061764e-07, 1.4014791816e-07, 5.1910944876e-08, 1.01250805074e-07, 6.95285073959e-09, 1.00799237013e-10, 6.5585584923e-14, 1.46599877945e-15, 2.6953384543e-18, 1.48432773615e-18, 1.04041815849e-18, 9.57505709795e-19]
    mfcc:
        mean: [-902.175964355, 214.359939575, -121.168907166, 59.1689758301, -20.3504924774, -40.3821983337, -45.9008178711, -43.0805168152, -34.0388793945, -24.4982147217, -23.7641105652, -27.1023712158, 8.96859073639]
        cov: [[3533.28417969, 597.760070801, -1347.59790039, 289.700256348, -204.134567261, -60.2274742126, 319.823394775, 280.777435303, 121.878578186, 45.6256752014, 70.2534790039, 35.7508201599, -157.999343872], [597.760070801, 373.306854248, -204.827209473, 24.7054920197, 61.3682899475, -4.34028339386, 56.8826255798, 16.857427597, -5.08326625824, 22.1129875183, 43.3831443787, 4.21914815903, 20.2607727051], [-1347.59790039, -204.827209473, 672.653747559, -89.6861724854, 133.882492065, 49.5609931946, -110.373771667, -106.839324951, -36.6717376709, 3.99598169327, -5.33060979843, 35.5234336853, 93.1410598755], [289.700256348, 24.7054920197, -89.6861724854, 131.800003052, -20.8372459412, 28.308380127, 42.3431930542, 35.2447662354, 23.144947052, -1.75459945202, 17.732088089, 23.5060787201, 13.1627225876], [-204.134567261, 61.3682899475, 133.882492065, -20.8372459412, 151.273635864, 19.4643688202, -5.75976610184, -34.1293296814, -23.7834014893, 14.4725551605, 8.64962482452, 16.8644371033, 38.3841209412], [-60.2274742126, -4.34028339386, 49.5609931946, 28.308380127, 19.4643688202, 72.8735733032, 16.3680801392, 0.344213813543, 4.4813079834, 3.23595309258, 12.4639472961, 9.87133979797, 17.4530010223], [319.823394775, 56.8826255798, -110.373771667, 42.3431930542, -5.75976610184, 16.3680801392, 89.4132232666, 50.24168396, 13.9348545074, 4.82000875473, 13.5708112717, 13.0673761368, -10.0733585358], [280.777435303, 16.857427597, -106.839324951, 35.2447662354, -34.1293296814, 0.344213813543, 50.24168396, 78.4408340454, 35.9067382812, 5.5231013298, 5.02028989792, 5.96056413651, -17.6754741669], [121.878578186, -5.08326625824, -36.6717376709, 23.144947052, -23.7834014893, 4.4813079834, 13.9348545074, 35.9067382812, 56.129283905, 13.4632101059, -10.9695968628, -5.78643751144, -11.5758361816], [45.6256752014, 22.1129875183, 3.99598169327, -1.75459945202, 14.4725551605, 3.23595309258, 4.82000875473, 5.5231013298, 13.4632101059, 35.9359779358, 10.1631450653, -0.329394429922, 4.61899995804], [70.2534790039, 43.3831443787, -5.33060979843, 17.732088089, 8.64962482452, 12.4639472961, 13.5708112717, 5.02028989792, -10.9695968628, 10.1631450653, 53.2342147827, 30.9321460724, 21.8799095154], [35.7508201599, 4.21914815903, 35.5234336853, 23.5060787201, 16.8644371033, 9.87133979797, 13.0673761368, 5.96056413651, -5.78643751144, -0.329394429922, 30.9321460724, 66.7941589355, 39.4326019287], [-157.999343872, 20.2607727051, 93.1410598755, 13.1627225876, 38.3841209412, 17.4530010223, -10.0733585358, -17.6754741669, -11.5758361816, 4.61899995804, 21.8799095154, 39.4326019287, 87.8966445923]]
        icov: [[0.00271246558987, -0.0018748131115, 0.00419471366331, -0.00170204846654, 0.000295598467346, 8.44366877573e-05, -0.0011180479778, -0.000461868010461, -0.000796050357167, -0.00329566025175, 0.00156522833277, -0.00524549372494, 0.00278297741897], [-0.0018748131115, 0.00675441883504, -0.000370649824617, 0.00191916734912, -0.00396690471098, 0.00082302489318, -0.00102814147249, 0.00198164582253, -0.00107719027437, 0.00234918552451, -0.0055668503046, 0.00624662265182, -0.00465404381976], [0.00419471366331, -0.000370649824617, 0.0107558304444, -0.000615325989202, -0.00272438209504, -0.00205962825567, 0.000263015768724, 0.00119316880591, -0.00272132502869, -0.00501416483894, 0.00168504042085, -0.00892232730985, 0.00167744071223], [-0.00170204846654, 0.00191916734912, -0.000615325989202, 0.0133221177384, -8.26392933959e-05, -0.00413203332573, -0.00158651091624, 0.000589861534536, -0.00448684347793, 0.0054324157536, -0.00323319877498, 0.00120721268468, -0.00466467533261], [0.000295598467346, -0.00396690471098, -0.00272438209504, -8.26392933959e-05, 0.0127204647288, -0.00152446411084, -0.0022134820465, 0.00136765907519, 0.00452847778797, -0.00574272824451, 0.00515887886286, -0.00323644396849, 0.000180076778634], [8.44366877573e-05, 0.00082302489318, -0.00205962825567, -0.00413203332573, -0.00152446411084, 0.0195900201797, -0.00633166823536, 0.00319918454625, -0.0038688883651, 0.00186724227387, -0.00549180526286, 0.00406019110233, -0.00160514668096], [-0.0011180479778, -0.00102814147249, 0.000263015768724, -0.00158651091624, -0.0022134820465, -0.00633166823536, 0.0252436492592, -0.0139813451096, 0.00610715663061, -0.000883183267433, 0.00167062703986, -0.00259850383736, 0.00209204107523], [-0.000461868010461, 0.00198164582253, 0.00119316880591, 0.000589861534536, 0.00136765907519, 0.00319918454625, -0.0139813451096, 0.0332687981427, -0.0176138523966, 0.00325291813351, -0.00548596214503, -0.00108087190893, 0.000575481215492], [-0.000796050357167, -0.00107719027437, -0.00272132502869, -0.00448684347793, 0.00452847778797, -0.0038688883651, 0.00610715663061, -0.0176138523966, 0.0383988730609, -0.0164437461644, 0.014493891038, -0.000701217621099, 0.000949324516114], [-0.00329566025175, 0.00234918552451, -0.00501416483894, 0.0054324157536, -0.00574272824451, 0.00186724227387, -0.000883183267433, 0.00325291813351, -0.0164437461644, 0.0449275784194, -0.0168842338026, 0.0133395828307, -0.0055839214474], [0.00156522833277, -0.0055668503046, 0.00168504042085, -0.00323319877498, 0.00515887886286, -0.00549180526286, 0.00167062703986, -0.00548596214503, 0.014493891038, -0.0168842338026, 0.0393366925418, -0.0189249869436, 0.00221557612531], [-0.00524549372494, 0.00624662265182, -0.00892232730985, 0.00120721268468, -0.00323644396849, 0.00406019110233, -0.00259850383736, -0.00108087190893, -0.000701217621099, 0.0133395828307, -0.0189249869436, 0.0406316630542, -0.0158138461411], [0.00278297741897, -0.00465404381976, 0.00167744071223, -0.00466467533261, 0.000180076778634, -0.00160514668096, 0.00209204107523, 0.000575481215492, 0.000949324516114, -0.0055839214474, 0.00221557612531, -0.0158138461411, 0.0239303614944]]
    spectral_contrast:
        mean: [4.64214480189e-07, -1.41238317042e-07, 4.89520459723e-07, 2.19237662691e-07, -1.29224261514e-07, 1.77427779136e-08, -1.06803202016e-06, -8.8237396767e-07, 4.16816675397e-07, 8.88746853889e-06, -1.12611189707e-06, 3.07393634102e-06]
        var: [0.000254717248026, 0.000493552943226, 0.000864243309479, 0.00141359923873, 0.00234007788822, 0.00402897549793, 0.0512859523296, 0.0545425452292, 0.127205476165, 0.155057936907, 0.250404328108, 1.69750034809]

rhythm:
    beats_loudness:
        dmean: 0.0027184302453
        dmean2: 0.00378650194034
        dvar: 1.15740140245e-05
        dvar2: 1.18491398098e-05
        max: 0.0142851350829
        mean: 0.00460886629298
        min: 0.000706889491994
        var: 1.32270442919e-05
    beats_loudness_bass:
        dmean: 0.000619822938461
        dmean2: 0.00106295279693
        dvar: 3.32027752847e-07
        dvar2: 8.6483026962e-07
        max: 0.00197388837114
        mean: 0.000574458623305
        min: 3.02090575133e-05
        var: 3.69649171716e-07
    bpm: 94.9923095703
    bpm_confidence: 0
    first_peak_bpm: 96
    first_peak_spread: 0.357142865658
    first_peak_weight: 0.600000023842
    onset_rate: 3.28979492188
    second_peak_bpm: 76
    second_peak_spread: 0
    second_peak_weight: 0.0666666701436
    beats_position: [0.168375223875, 0.795126497746, 1.42187774181, 2.04862904549, 2.67538022995, 3.30213141441, 3.9288828373, 4.55563402176, 5.18238544464, 5.80913686752, 6.59365653992, 7.24300384521, 7.89235162735, 8.54169940948, 9.19104671478, 9.84039497375]
    bpm_estimates: [96.4783935547, 95.6703414917, 95.6418991089, 95.6712265015, 95.6476135254, 95.670791626, 95.3496170044, 92.3149032593, 92.4860534668]
    bpm_intervals: [0.626751303673, 0.626751244068, 0.626751303673, 0.626751184464, 0.626751184464, 0.626751422882, 0.626751184464, 0.626751422882, 0.626751422882, 0.784519672394, 0.649347305298, 0.649347782135, 0.649347782135, 0.649347305298, 0.649348258972]
    onset_times: [0.0580498874187, 0.336689352989, 1.40480720997, 1.89242625237, 2.02013611794, 2.26394557953, 2.48453521729, 2.55419492722, 3.01859402657, 3.06503391266, 3.48299312592, 3.97061228752, 4.12154197693, 4.37696123123, 4.53950119019, 4.71365070343, 5.01551008224, 5.06195020676, 5.56117916107, 5.67727899551, 5.7701587677, 5.85142850876, 6.19972801208, 6.42031764984, 7.02403640747, 7.60453510284, 8.25469398499, 8.62621307373, 8.91646289825, 9.47374153137, 9.57823085785, 9.67111110687, 9.7639913559]
    rubato_start: []
    rubato_stop: []
    perceptual_tempo: "unknown"

sfx:
    inharmonicity:
        dmean: 0.0467903390527
        dmean2: 0.085188575089
        dvar: 0.00654937094077
        dvar2: 0.0185064822435
        max: 0.443699359894
        mean: 0.040533028543
        min: 8.25556071504e-06
        var: 0.00612424081191
    oddtoevenharmonicenergyratio:
        dmean: 81.1371536255
        dmean2: 158.056930542
        dvar: 83696.421875
        dvar2: 248266.390625
        max: 2580.64916992
        mean: 46.3768997192
        min: 0.000105038059701
        var: 44977.7109375
    pitch_after_max_to_before_max_energy_ratio: 0.52096670866
    pitch_centroid: 205.891571045
    pitch_max_to_total: 0.597674429417
    pitch_min_to_total: 0.737209320068
    tristimulus:
        dmean: [0.214757144451, 0.226162940264, 0.0490141026676]
        dmean2: [0.397729605436, 0.415473252535, 0.0864228829741]
        dvar: [0.0860625654459, 0.0874409899116, 0.00505478866398]
        dvar2: [0.214576289058, 0.230578705668, 0.0131376627833]
        max: [0.972778499126, 0.981008708477, 0.477153629065]
        mean: [0.568182051182, 0.370302677155, 0.0471079535782]
        min: [0.00039662673953, 0, 0]
        var: [0.128451943398, 0.109250895679, 0.00530542200431]

tonal:
    chords_changes_rate: 0.0138888889924
    chords_number_rate: 0.00925925932825
    chords_strength:
        dmean: 0.00367835373618
        dmean2: 0.00364484498277
        dvar: 1.00473362181e-05
        dvar2: 1.34462043206e-05
        max: 0.712764561176
        mean: 0.639114916325
        min: 0.570420563221
        var: 0.00130074040499
    key_strength: 0.620309412479
    tuning_diatonic_strength: 0.441820770502
    tuning_equal_tempered_deviation: 0.0166412740946
    tuning_frequency: 438.731048584
    tuning_nontempered_energy_ratio: 0.603315114975
    hpcp:
        dmean: [0.00264352164231, 0.00213667633943, 0.010473722592, 0.0142286382616, 0.0136085990816, 0.0711819902062, 0.106166951358, 0.0714606046677, 0.00630987528712, 0.00151977862697, 0.00952219497412, 0.0256933849305, 0.026443798095, 0.0166242048144, 0.00251265685074, 0.00596550386399, 0.0822245106101, 0.191478505731, 0.141230031848, 0.183863297105, 0.0316132195294, 0.0120503781363, 0.00216590682976, 0.00142940867227, 0.00405675452203, 0.00803615897894, 0.0385666452348, 0.0532333739102, 0.0292111877352, 0.00723879411817, 0.0169028677046, 0.0189728178084, 0.0337796136737, 0.0459904931486, 0.0292326863855, 0.00662708980963]
        dmean2: [0.00348463188857, 0.00326671102084, 0.0162396356463, 0.0222850758582, 0.0222520139068, 0.108138732612, 0.146538898349, 0.106759265065, 0.0105165112764, 0.00239654094912, 0.0134148858488, 0.0349568799138, 0.0392227582633, 0.0278869289905, 0.0042185052298, 0.0111775547266, 0.149091690779, 0.294669777155, 0.233105525374, 0.287146180868, 0.0539515204728, 0.0181908030063, 0.00352722546086, 0.00205849204212, 0.00492754671723, 0.012202902697, 0.0585397444665, 0.0808856040239, 0.0429618954659, 0.00938023626804, 0.0230379682034, 0.0291791521013, 0.04806381464, 0.0611888952553, 0.0395803749561, 0.00939888041466]
        dvar: [0.000101352918136, 7.45894067222e-05, 0.00198155571707, 0.00230960152112, 0.000611194351222, 0.00806230306625, 0.0224202629179, 0.00871387962252, 0.000130882588564, 1.26345994431e-05, 0.000758438196499, 0.00577474618331, 0.00667927321047, 0.00434488896281, 6.71388188493e-05, 0.000871015537996, 0.02828470245, 0.0253333188593, 0.04733004421, 0.0249203015119, 0.00662390468642, 0.00148772238754, 3.75878589693e-05, 2.63329111476e-05, 0.000488340738229, 0.000904703920241, 0.00561240315437, 0.0121637433767, 0.00274006812833, 0.000333514704835, 0.00281354296021, 0.0021112668328, 0.00318501144648, 0.0068401992321, 0.00245300261304, 0.000610983523075]
        dvar2: [0.000129316904349, 0.000180993258255, 0.00505174556747, 0.00557489367202, 0.00140778813511, 0.0164306424558, 0.0375524796546, 0.0169883202761, 0.000302835251205, 2.84336510958e-05, 0.00128159846645, 0.00880887825042, 0.013303454034, 0.00917605962604, 0.000133418870973, 0.00213694595732, 0.0738713741302, 0.0584626235068, 0.0992303490639, 0.0645337849855, 0.0121100926772, 0.00260050664656, 9.6741852758e-05, 4.24162171839e-05, 0.00089326716261, 0.0017183709424, 0.0104191722348, 0.0210456624627, 0.00558539200574, 0.000554391997866, 0.00558023760095, 0.00453325500712, 0.00544834090397, 0.00887625664473, 0.00408693356439, 0.00073944113683]
        max: [0.203998968005, 0.11582634598, 0.55661469698, 0.572616636753, 0.232377186418, 0.842571139336, 1, 0.739262759686, 0.104864105582, 0.0378515012562, 0.324361175299, 1, 1, 0.866259634495, 0.10538996011, 0.263057410717, 1, 1, 1, 0.969369053841, 1, 0.54457205534, 0.0564691834152, 0.0785582959652, 0.363000184298, 0.446446835995, 0.781792342663, 1, 0.66002458334, 0.166888579726, 0.561907231808, 0.45785677433, 0.598860323429, 1, 0.663972318172, 0.502540290356]
        mean: [0.0067720762454, 0.0025235703215, 0.0147367781028, 0.0239951983094, 0.0200507510453, 0.187547758222, 0.361021101475, 0.187466084957, 0.00634826812893, 0.00215835613199, 0.0145496791229, 0.0502873174846, 0.0572057329118, 0.0228811185807, 0.00293413526379, 0.00458102254197, 0.0616907812655, 0.51890617609, 0.827199220657, 0.387877106667, 0.0368172712624, 0.0163473300636, 0.00245637865737, 0.0025550709106, 0.00706909503788, 0.0122494939715, 0.117237314582, 0.192142277956, 0.0833985209465, 0.012225182727, 0.0281162410975, 0.0245970338583, 0.0693607032299, 0.11810182035, 0.0644608139992, 0.0149829303846]
        min: [3.79754783353e-05, 2.75816983049e-05, 0.000100482859125, 0.000167971666087, 0.000310565315885, 0.00201167701744, 0.000991740147583, 0.000442180607934, 0.000102746307675, 8.04476803751e-05, 8.14304221421e-05, 0.000124284124468, 0.000129490726977, 8.39677668409e-05, 6.25149041298e-05, 6.15578246652e-05, 5.03721857967e-05, 0.0105714201927, 0.0311664678156, 0.001282026642, 4.49743274658e-05, 2.09947938856e-05, 2.65076232608e-05, 1.8135549908e-05, 2.93174180115e-05, 3.78155054932e-05, 0.000108374893898, 0.00011517652456, 8.33065641928e-05, 0.00011295339209, 0.000170446990523, 0.000218248809688, 0.000287001923425, 0.000265209615463, 0.000236959574977, 8.14589220681e-05]
        var: [0.000758159498218, 7.58663882152e-05, 0.00191538454965, 0.00283849495463, 0.00093472271692, 0.0331844724715, 0.120648160577, 0.0357506945729, 0.000144671706948, 2.07355333259e-05, 0.00178624526598, 0.0174790751189, 0.0211334265769, 0.0064126458019, 0.000107924417534, 0.000694128044415, 0.0225000493228, 0.0636359378695, 0.0863397791982, 0.0470782592893, 0.0114794056863, 0.00301179033704, 4.28644234489e-05, 8.46773691592e-05, 0.00122062035371, 0.00189090019558, 0.0366956889629, 0.0960679724813, 0.0179212410003, 0.000690744956955, 0.00462563103065, 0.0029726466164, 0.0143566085026, 0.0447956360877, 0.0125113110989, 0.00405232654884]
    chords_histogram: [51.851852417, 48.148147583, 0, 0, 0, 0, 0, 0, 0, 0, 0, 0, 0, 0, 0, 0, 0, 0, 0, 0, 0, 0, 0, 0]
    thpcp: [1, 0.468904107809, 0.0445083491504, 0.0197622645646, 0.00296951271594, 0.003088821657, 0.00854581966996, 0.0148083968088, 0.141728028655, 0.232280537486, 0.100820355117, 0.014779006131, 0.0339896865189, 0.029735321179, 0.083850055933, 0.142773121595, 0.0779265910387, 0.0181128438562, 0.00818675383925, 0.00305074057542, 0.0178152713925, 0.0290077626705, 0.0242393258959, 0.226726233959, 0.436437904835, 0.226627498865, 0.00767441280186, 0.00260923383757, 0.0175890866667, 0.0607922673225, 0.0691559314728, 0.027660952881, 0.00354707217775, 0.00553799187765, 0.0745778977871, 0.627304971218]
    chords_key: "G#"
    chords_scale: "minor"
    key_key: "G#"
    key_scale: "minor"
    chords_progression: ["G#m", "G#m", "G#m", "G#m", "G#m", "G#m", "G#m", "G#m", "G#m", "G#m", "G#m", "G#m", "G#m", "G#m", "G#m", "G#m", "G#m", "G#m", "G#m", "G#m", "G#m", "G#m", "G#m", "G#m", "G#m", "G#m", "G#m", "G#m", "G#m", "G#m", "G#m", "G#m", "B", "B", "B", "B", "B", "B", "B", "B", "B", "B", "B", "B", "B", "B", "B", "B", "B", "B", "B", "B", "B", "B", "B", "B", "B", "B", "B", "B", "B", "B", "B", "B", "B", "B", "B", "B", "B", "B", "B", "B", "B", "B", "B", "B", "B", "B", "B", "B", "B", "B", "B", "B", "B", "B", "B", "B", "B", "B", "B", "B", "B", "B", "B", "B", "B", "B", "B", "B", "B", "B", "B", "B", "B", "B", "B", "B", "B", "B", "B", "B", "B", "B", "G#m", "G#m", "G#m", "G#m", "G#m", "G#m", "G#m", "G#m", "G#m", "G#m", "G#m", "G#m", "G#m", "G#m", "G#m", "G#m", "G#m", "G#m", "G#m", "G#m", "G#m", "G#m", "G#m", "G#m", "G#m", "G#m", "G#m", "G#m", "G#m", "G#m", "G#m", "G#m", "G#m", "G#m", "G#m", "G#m", "G#m", "G#m", "G#m", "G#m", "G#m", "G#m", "G#m", "G#m", "G#m", "G#m", "G#m", "G#m", "G#m", "G#m", "G#m", "G#m", "G#m", "G#m", "G#m", "G#m", "G#m", "G#m", "G#m", "G#m", "G#m", "G#m", "G#m", "G#m", "G#m", "G#m", "G#m", "G#m", "G#m", "G#m", "G#m", "G#m", "G#m", "G#m", "G#m", "G#m", "G#m", "G#m", "G#m", "G#m", "B", "B", "B", "B", "B", "B", "B", "B", "B", "B", "B", "B", "B", "B", "B", "B", "B", "B", "B", "B", "B", "B"]
