
metadata:
    version:
        essentia: "1.2.2"
    audio_properties:
        analysis_sample_rate: 44100
        bitrate: 128
        channels: 2
        equal_loudness: 1
        length: 10.0048980713
        replay_gain: -7.2338180542
        downmix: "mix"
    tags:
        track: 40
        year: 0
        album: "Splitted by Mp3Splt v. 2.1"
        artist: "From 006.30 To 006.40"
        comment: "http://mp3splt.sf.net"
        genre: ""
        title: "09 Moon River.mp3"

highlevel:
    ballroom:
        all:
            ChaChaCha: 0.00788309797645
            Jive: 0.0194251928478
            Quickstep: 0.0478216335177
            Rumba-American: 0.00979080516845
            Rumba-International: 0.228935346007
            Rumba-Misc: 0.0478150658309
            Samba: 0.0203099958599
            Tango: 0.137600213289
            VienneseWaltz: 0.263716757298
            Waltz: 0.216701894999
        probability: 0.263716757298
        value: "VienneseWaltz"
    culture:
        all:
            non_western: 0.991165697575
            western: 0.00883427262306
        probability: 0.991165697575
        value: "non_western"
    gender:
        all:
            female: 0.557196140289
            male: 0.442803859711
        probability: 0.557196140289
        value: "female"
    genre_dortmund:
        all:
            alternative: 0.169410690665
            blues: 0.00550930388272
            electronic: 0.195424571633
            folkcountry: 0.0490172617137
            funksoulrnb: 0.0347320698202
            jazz: 0.27067270875
            pop: 0.0478189103305
            raphiphop: 0.00905722565949
            rock: 0.218357264996
        probability: 0.27067270875
        value: "jazz"
    genre_electronica:
        all:
            ambient: 0.843587636948
            dnb: 0.0917757824063
            house: 0.00607597781345
            techno: 0.0153512079269
            trance: 0.0432094112039
        probability: 0.843587636948
        value: "ambient"
    genre_rosamerica:
        all:
            cla: 0.0998872965574
            dan: 0.0328944399953
            hip: 0.042538639158
            jaz: 0.07731256634
            pop: 0.0439981296659
            rhy: 0.0734604820609
            roc: 0.620433449745
            spe: 0.00947498902678
        probability: 0.620433449745
        value: "roc"
    genre_tzanetakis:
        all:
            blu: 0.123906046152
            cla: 0.102826006711
            cou: 0.0877350121737
            dis: 0.0625159442425
            hip: 0.0383124053478
            jaz: 0.162444889545
            met: 0.0612713396549
            pop: 0.097664475441
            reg: 0.0858944877982
            roc: 0.177429392934
        probability: 0.177429392934
        value: "roc"
    live_studio:
        all:
            live: 0.597362279892
            studio: 0.40263774991
        probability: 0.597362279892
        value: "live"
    mood:
        all:
            Cluster1: 0.0904852896929
            Cluster2: 0.0449289530516
            Cluster3: 0.264930903912
            Cluster4: 0.0420358777046
            Cluster5: 0.557618975639
        probability: 0.557618975639
        value: "Cluster5"
    mood_acoustic:
        all:
            acoustic: 0.600725889206
            not_acoustic: 0.399274110794
        probability: 0.600725889206
        value: "acoustic"
    mood_aggressive:
        all:
            aggressive: 0.893607735634
            not_aggressive: 0.106392294168
        probability: 0.893607735634
        value: "aggressive"
    mood_electronic:
        all:
            electronic: 0.788355052471
            not_electronic: 0.21164496243
        probability: 0.788355052471
        value: "electronic"
    mood_happy:
        all:
            happy: 0.46751999855
            not_happy: 0.53248000145
        probability: 0.53248000145
        value: "not_happy"
    mood_party:
        all:
            not_party: 0.819459438324
            party: 0.180540546775
        probability: 0.819459438324
        value: "not_party"
    mood_relaxed:
        all:
            not_relaxed: 0.461674958467
            relaxed: 0.538325071335
        probability: 0.538325071335
        value: "relaxed"
    mood_sad:
        all:
            not_sad: 0.354281127453
            sad: 0.645718872547
        probability: 0.645718872547
        value: "sad"
    rhythm:
        all:
            fast: 0.0189075563103
            medium: 0.238080233335
            slow: 0.743012189865
        probability: 0.743012189865
        value: "slow"
    speech_music:
        all:
            music: 0.74973154068
            speech: 0.250268489122
        probability: 0.74973154068
        value: "music"
    timbre:
        all:
            bright: 0.00364181376062
            dark: 0.996358215809
        probability: 0.996358215809
        value: "dark"
    voice_instrumental:
        all:
            instrumental: 0.959523797035
            voice: 0.0404761731625
        probability: 0.959523797035
        value: "instrumental"

lowlevel:
    average_loudness: 0.953943610191
    barkbands_kurtosis:
        dmean: 2.31269788742
        dmean2: 3.8576900959
        dvar: 4.24255132675
        dvar2: 11.5741691589
        max: 23.1994800568
        mean: 5.04194116592
        min: -0.614671707153
        var: 14.0831375122
    barkbands_skewness:
        dmean: 0.430392742157
        dmean2: 0.730951666832
        dvar: 0.103206031024
        dvar2: 0.298229515553
        max: 3.97316741943
        mean: 1.84188961983
        min: 0.044665120542
        var: 0.469836980104
    barkbands_spread:
        dmean: 2.6070702076
        dmean2: 4.39761638641
        dvar: 4.96607971191
        dvar2: 13.1671915054
        max: 34.2282981873
        mean: 11.0230484009
        min: 3.42533612251
        var: 18.6527996063
    dissonance:
        dmean: 0.0313862450421
        dmean2: 0.0534060448408
        dvar: 0.000618354184553
        dvar2: 0.00185453216545
        max: 0.495548456907
        mean: 0.439546704292
        min: 0.302480727434
        var: 0.0011736798333
    hfc:
        dmean: 0.472874730825
        dmean2: 0.772332072258
        dvar: 0.225488126278
        dvar2: 0.534879744053
        max: 6.92138719559
        mean: 2.17629694939
        min: 0.370347589254
        var: 1.26632845402
    pitch:
        dmean: 117.262985229
        dmean2: 216.435409546
        dvar: 77829.5625
        dvar2: 227612.578125
        max: 4009.09082031
        mean: 235.57208252
        min: 69.2307662964
        var: 48007.109375
    pitch_instantaneous_confidence:
        dmean: 0.0830183327198
        dmean2: 0.139795348048
        dvar: 0.00418610405177
        dvar2: 0.0114865479991
        max: 0.664241552353
        mean: 0.35484495759
        min: 0.160320043564
        var: 0.00883023347706
    pitch_salience:
        dmean: 0.0670655071735
        dmean2: 0.113055877388
        dvar: 0.00251879054122
        dvar2: 0.00653579691425
        max: 0.827392876148
        mean: 0.664246678352
        min: 0.296524107456
        var: 0.00606273813173
    silence_rate_20dB:
        dmean: 0
        dmean2: 0
        dvar: 0
        dvar2: 0
        max: 1
        mean: 1
        min: 1
        var: 0
    silence_rate_30dB:
        dmean: 0
        dmean2: 0
        dvar: 0
        dvar2: 0
        max: 1
        mean: 1
        min: 1
        var: 0
    silence_rate_60dB:
        dmean: 0.0837209299207
        dmean2: 0.167832165956
        dvar: 0.0767118483782
        dvar2: 0.186284780502
        max: 1
        mean: 0.438515067101
        min: 0
        var: 0.246219038963
    spectral_centroid:
        dmean: 78.4429855347
        dmean2: 133.094314575
        dvar: 5182.12255859
        dvar2: 12769.2685547
        max: 1331.33422852
        mean: 544.936218262
        min: 203.512115479
        var: 23464.2539062
    spectral_complexity:
        dmean: 1.45560753345
        dmean2: 2.47775173187
        dvar: 1.47700285912
        dvar2: 4.06683969498
        max: 14
        mean: 8.48951053619
        min: 3
        var: 3.35478615761
    spectral_crest:
        dmean: 2.61470651627
        dmean2: 4.49293899536
        dvar: 4.4195561409
        dvar2: 12.42374897
        max: 19.1042366028
        mean: 8.62145709991
        min: 3.88268280029
        var: 8.57679462433
    spectral_decrease:
        dmean: 3.04072433899e-10
        dmean2: 4.91034823913e-10
        dvar: 1.0376968506e-19
        dvar2: 2.06369762584e-19
        max: -1.4500219081e-10
        mean: -1.09983955277e-09
        min: -4.31006208501e-09
        var: 5.11484546833e-19
    spectral_energy:
        dmean: 0.00118521309923
        dmean2: 0.00191317417193
        dvar: 1.5569498828e-06
        dvar2: 3.12448150908e-06
        max: 0.016664467752
        mean: 0.00434843963012
        min: 0.000580862571951
        var: 7.731918231e-06
    spectral_energyband_high:
        dmean: 7.7475233411e-06
        dmean2: 1.12908837764e-05
        dvar: 3.28122612414e-10
        dvar2: 8.12700406971e-10
        max: 0.000264712172793
        mean: 2.35344105022e-05
        min: 2.99776706925e-06
        var: 1.3485400574e-09
    spectral_energyband_low:
        dmean: 0.000332337949658
        dmean2: 0.000452043052064
        dvar: 5.36246716365e-07
        dvar2: 6.59459203689e-07
        max: 0.0102425161749
        mean: 0.000607465801295
        min: 7.85537304182e-06
        var: 1.85211467851e-06
    spectral_energyband_middle_high:
        dmean: 0.000128684405354
        dmean2: 0.000191099592485
        dvar: 4.5845411023e-08
        dvar2: 1.01770737615e-07
        max: 0.00325513724238
        mean: 0.000466282101115
        min: 8.185308252e-05
        var: 2.18069104108e-07
    spectral_energyband_middle_low:
        dmean: 0.00103552255314
        dmean2: 0.00176367780659
        dvar: 9.24682012737e-07
        dvar2: 2.38116672335e-06
        max: 0.00938836857677
        mean: 0.00325115351006
        min: 0.000419247517129
        var: 3.21069228448e-06
    spectral_flatness_db:
        dmean: 0.018086751923
        dmean2: 0.0301061049104
        dvar: 0.000201996837859
        dvar2: 0.000510464480612
        max: 0.279152303934
        mean: 0.208623975515
        min: 0.105119898915
        var: 0.000854350626469
    spectral_flux:
        dmean: 0.00695238541812
        dmean2: 0.0119471820071
        dvar: 4.4434244046e-05
        dvar2: 0.000123222242109
        max: 0.0803839638829
        mean: 0.034850936383
        min: 0.0179214086384
        var: 0.000102336387499
    spectral_kurtosis:
        dmean: 2.98856925964
        dmean2: 5.25888776779
        dvar: 7.74837064743
        dvar2: 23.2285480499
        max: 27.2329883575
        mean: 10.9902658463
        min: 1.30388116837
        var: 25.4080638885
    spectral_rms:
        dmean: 0.00027590492391
        dmean2: 0.000452425592812
        dvar: 5.93347024846e-08
        dvar2: 1.29840671548e-07
        max: 0.00403212336823
        mean: 0.00197366368957
        min: 0.000752791587729
        var: 3.4703879237e-07
    spectral_rolloff:
        dmean: 141.022384644
        dmean2: 253.809448242
        dvar: 62423.2929688
        dvar2: 158833.96875
        max: 3186.9140625
        mean: 764.25402832
        min: 172.265625
        var: 97343.5546875
    spectral_skewness:
        dmean: 0.271887391806
        dmean2: 0.466794520617
        dvar: 0.0531330034137
        dvar2: 0.148106098175
        max: 3.99758577347
        mean: 2.52854585648
        min: 1.07953357697
        var: 0.283077061176
    spectral_spread:
        dmean: 274303.78125
        dmean2: 405562.875
        dvar: 359921090560
        dvar2: 396225413120
        max: 14748134
        mean: 3042263.5
        min: 1886114.5
        var: 1.21069974323e+12
    spectral_strongpeak:
        dmean: 0.193083420396
        dmean2: 0.339196950197
        dvar: 0.0566755309701
        dvar2: 0.160940796137
        max: 1.97020792961
        mean: 0.340096414089
        min: 0.0280557461083
        var: 0.0853064730763
    zerocrossingrate:
        dmean: 0.0040956302546
        dmean2: 0.00564210722223
        dvar: 1.1761391761e-05
        dvar2: 2.02055343834e-05
        max: 0.08154296875
        mean: 0.0362045168877
        min: 0.01171875
        var: 0.000111358625873
    barkbands:
        dmean: [7.37390024597e-08, 7.21048927517e-05, 0.00029267987702, 0.000224954652367, 0.000405590602895, 0.000621033832431, 0.000216098123929, 0.000252302677836, 0.000224739022087, 0.00013991506421, 4.14531714341e-05, 3.42539751728e-05, 1.65752553585e-05, 1.00033967101e-05, 8.14145914774e-06, 8.58922976477e-06, 1.00103652585e-05, 1.83598604053e-05, 1.21914517877e-05, 6.72546821079e-06, 4.83185749545e-06, 1.36400785777e-06, 2.20133784978e-07, 5.78178820376e-08, 4.09405132018e-08, 1.83764392592e-09, 4.69801364478e-10]
        dmean2: [1.22347728393e-07, 9.98361283564e-05, 0.000407366664149, 0.000380745506845, 0.00069782952778, 0.00104248686694, 0.000365049549146, 0.000436992733739, 0.000375612988137, 0.000230404883041, 6.7526823841e-05, 5.31744153704e-05, 2.81069023913e-05, 1.66666795849e-05, 1.3493514416e-05, 1.41445289046e-05, 1.71361734829e-05, 3.08073031192e-05, 2.08379806281e-05, 1.09711481855e-05, 7.59465410738e-06, 2.00768431569e-06, 3.29702601221e-07, 9.27830114961e-08, 5.82101620239e-08, 2.60972177202e-09, 6.0231147847e-10]
        dvar: [6.69006679482e-14, 2.12328465921e-08, 3.95692978827e-07, 1.01094045135e-07, 1.96061279212e-07, 5.47507056581e-07, 6.52850999927e-08, 1.10006361353e-07, 7.32213081278e-08, 1.15718137295e-07, 4.20276125013e-09, 8.61651461292e-09, 7.60195573157e-10, 1.99599003992e-10, 5.92456014803e-11, 8.16694420425e-11, 1.02533870283e-10, 4.47302861417e-10, 1.43928272078e-10, 1.17391693588e-10, 1.35439409688e-10, 2.54911786124e-11, 4.32900622901e-13, 1.90967626776e-14, 1.45030709176e-14, 4.88804185015e-17, 4.32039180176e-17]
        dvar2: [9.49482801952e-14, 3.16211057338e-08, 5.23630433236e-07, 2.62185039901e-07, 5.23269648056e-07, 1.50022367507e-06, 1.70305270331e-07, 3.02383142525e-07, 1.77725553385e-07, 2.95162436714e-07, 1.09082343158e-08, 2.13955271278e-08, 2.03404493249e-09, 6.43972486447e-10, 1.61220814476e-10, 2.28538826752e-10, 2.98418068034e-10, 1.15515985666e-09, 4.09830724912e-10, 3.34832717108e-10, 3.25692445236e-10, 6.84294079734e-11, 1.04424606982e-12, 4.52957881977e-14, 2.5066527223e-14, 6.47644038449e-17, 4.32054797346e-17]
        max: [4.72200918011e-06, 0.00223773811013, 0.00823333673179, 0.00288062007166, 0.00394192012027, 0.00588171044365, 0.00240768282674, 0.0035934378393, 0.0035330504179, 0.00421545747668, 0.000988321495242, 0.0017731304979, 0.000368919252651, 0.000179347203812, 6.56282063574e-05, 0.000103291626147, 0.000103913356725, 0.000284475361696, 0.000112988280307, 0.000177780413651, 0.000166627971339, 7.94274892542e-05, 8.69255018188e-06, 2.38803636421e-06, 2.19075695895e-06, 1.26374459342e-07, 1.36469040513e-07]
        mean: [1.09254955305e-07, 0.000147242259118, 0.000460125214886, 0.000413902365835, 0.000669655913953, 0.000953223207034, 0.000338709127391, 0.000377689982997, 0.000408450403484, 0.000219834560994, 7.09714877303e-05, 7.29001185391e-05, 3.00394913211e-05, 1.79614598892e-05, 1.53609253175e-05, 1.98620455194e-05, 2.18527329707e-05, 4.62286989205e-05, 3.11676230922e-05, 1.78809514182e-05, 1.10579130705e-05, 3.31861929226e-06, 5.82914310598e-07, 1.77333177476e-07, 1.36397048323e-07, 4.82692774639e-09, 4.50088910586e-10]
        min: [3.84634740724e-10, 4.88761372708e-07, 1.00037618722e-06, 4.45549676442e-06, 1.986091047e-05, 2.5086246751e-05, 1.23237005027e-05, 1.51051435751e-05, 2.26974661928e-05, 7.88435681898e-06, 1.5983537196e-06, 1.92450215764e-06, 1.48859987803e-06, 1.20789309221e-06, 2.16166290556e-06, 3.16486966767e-06, 2.49543063546e-06, 6.67451467962e-06, 6.41264750811e-06, 1.86296790616e-06, 9.36646415539e-07, 1.87853970601e-07, 3.93209980132e-08, 1.28115305031e-08, 5.40147304662e-09, 2.32988656146e-10, 3.637902154e-13]
        var: [8.27618884341e-14, 7.87042964134e-08, 1.22331766761e-06, 2.64613987611e-07, 3.25898952269e-07, 9.02319754914e-07, 1.11837735517e-07, 1.44221331766e-07, 1.40673918736e-07, 1.8098839405e-07, 7.27047577698e-09, 4.40638778798e-08, 1.62057867126e-09, 2.74252509591e-10, 9.24881282671e-11, 1.46560194536e-10, 1.76530082219e-10, 1.43222245175e-09, 2.14952305955e-10, 4.13138467881e-10, 3.64445640333e-10, 7.17526316141e-11, 1.49428787486e-12, 6.68555651378e-14, 9.1331978059e-14, 1.19446018653e-16, 4.32661352346e-17]
    mfcc:
        mean: [-769.519836426, 185.455291748, -31.442243576, 47.792137146, -23.513469696, -19.5918273926, -4.77511644363, -3.56538152695, -4.30001354218, -5.48857879639, -2.56017565727, -4.97995376587, -7.88610458374]
        cov: [[510.603393555, -220.618499756, 138.048965454, -84.5659332275, -76.9765014648, 42.9562454224, 8.15713977814, 10.2098379135, -6.15968465805, -61.6888961792, 36.5402870178, -4.94266843796, -16.9029159546], [-220.618499756, 530.549682617, -122.493377686, -3.24274086952, 95.2382049561, -58.118812561, 83.9025115967, 88.9188079834, -35.0453338623, 61.6195602417, 2.62802910805, 47.7121238708, -19.3048381805], [138.048965454, -122.493377686, 193.551925659, 55.7946968079, -8.50253677368, 52.8735275269, -37.7137985229, -19.2163181305, 35.0814094543, -14.1866931915, 7.33589363098, -29.8543319702, -17.4566802979], [-84.5659332275, -3.24274086952, 55.7946968079, 159.467453003, 51.8276672363, 34.1178703308, -35.990436554, -28.9615898132, 47.0048980713, 33.5542755127, -13.9976940155, -20.7064762115, 12.8510913849], [-76.9765014648, 95.2382049561, -8.50253677368, 51.8276672363, 85.6182250977, 19.9266853333, 18.2451171875, 16.31224823, 6.65990829468, 26.3478889465, 6.13435077667, 12.9694919586, 5.27514982224], [42.9562454224, -58.118812561, 52.8735275269, 34.1178703308, 19.9266853333, 79.8849029541, 10.307299614, -4.37694549561, 34.7820549011, 15.854798317, 9.5530128479, -12.2923812866, 1.16551709175], [8.15713977814, 83.9025115967, -37.7137985229, -35.990436554, 18.2451171875, 10.307299614, 87.6791381836, 48.6234016418, -5.94639015198, 17.4621658325, 14.4343128204, 21.2999362946, 2.77685523033], [10.2098379135, 88.9188079834, -19.2163181305, -28.9615898132, 16.31224823, -4.37694549561, 48.6234016418, 69.740234375, 2.6167974472, 14.1834955215, 17.0237369537, 15.07837677, -9.2926492691], [-6.15968465805, -35.0453338623, 35.0814094543, 47.0048980713, 6.65990829468, 34.7820549011, -5.94639015198, 2.6167974472, 73.9287872314, 36.2927856445, 0.46804267168, -16.5315608978, 3.14984512329], [-61.6888961792, 61.6195602417, -14.1866931915, 33.5542755127, 26.3478889465, 15.854798317, 17.4621658325, 14.1834955215, 36.2927856445, 77.2897415161, 11.927230835, 0.126140519977, 1.14991974831], [36.5402870178, 2.62802910805, 7.33589363098, -13.9976940155, 6.13435077667, 9.5530128479, 14.4343128204, 17.0237369537, 0.46804267168, 11.927230835, 44.9513969421, 14.725268364, -5.06131362915], [-4.94266843796, 47.7121238708, -29.8543319702, -20.7064762115, 12.9694919586, -12.2923812866, 21.2999362946, 15.07837677, -16.5315608978, 0.126140519977, 14.725268364, 51.2445335388, 9.05659484863], [-16.9029159546, -19.3048381805, -17.4566802979, 12.8510913849, 5.27514982224, 1.16551709175, 2.77685523033, -9.2926492691, 3.14984512329, 1.14991974831, -5.06131362915, 9.05659484863, 46.0158729553]]
        icov: [[0.00412492128089, 0.000954845338129, -0.00279600499198, 0.00158641964663, 0.00196577701718, -0.00124985876027, -0.00106052157935, -0.00149621174205, 0.000690179818776, 0.00137628905941, -0.00173223030288, -0.000649277935736, -0.000164192169905], [0.000954845338129, 0.00477449316531, 0.000119908567285, -0.000390044267988, -0.00327478372492, 0.00297089735977, -0.0019005817594, -0.00344933615997, 0.00229439232498, -0.00270295748487, 0.00197681458667, -0.0013799474109, 0.00262598088011], [-0.00279600499198, 0.000119908567285, 0.0113845365122, -0.00467415293679, 0.000699927797541, -0.0040491190739, 0.00317321904004, -0.00109402823728, -0.00170246546622, 0.00286672567017, -0.0016794699477, 0.00146659882739, 0.00382891227491], [0.00158641964663, -0.000390044267988, -0.00467415293679, 0.0162918809801, -0.00906983576715, -0.000112440968223, 0.00376662053168, 0.00439050095156, -0.00518808281049, -0.00281394156627, 0.00265147397295, 0.00204560137354, -0.00388759816997], [0.00196577701718, -0.00327478372492, 0.000699927797541, -0.00906983576715, 0.0264526121318, -0.0096915345639, 7.31549298507e-05, -0.00527149904519, 0.00539118191227, 6.41098886263e-05, -0.00258900062181, -0.00478288158774, -0.00142328080256], [-0.00124985876027, 0.00297089735977, -0.0040491190739, -0.000112440968223, -0.0096915345639, 0.026989094913, -0.0104527147487, 0.00704840151593, -0.00837265979499, -0.00084444868844, -0.00307189580053, 0.00386780872941, 0.00125925929751], [-0.00106052157935, -0.0019005817594, 0.00317321904004, 0.00376662053168, 7.31549298507e-05, -0.0104527147487, 0.0269618015736, -0.014306425117, 0.00416505755857, -0.00392267806455, 0.00201266771182, -0.00288065173663, -0.00469353748485], [-0.00149621174205, -0.00344933615997, -0.00109402823728, 0.00439050095156, -0.00527149904519, 0.00704840151593, -0.014306425117, 0.0339326113462, -0.0104630012065, 0.00265503465198, -0.00648955022916, 0.000921189202927, 0.00425850553438], [0.000690179818776, 0.00229439232498, -0.00170246546622, -0.00518808281049, 0.00539118191227, -0.00837265979499, 0.00416505755857, -0.0104630012065, 0.0298149921, -0.0130566852167, 0.00394801795483, 0.00175275385845, -0.00237643672153], [0.00137628905941, -0.00270295748487, 0.00286672567017, -0.00281394156627, 6.41098886263e-05, -0.00084444868844, -0.00392267806455, 0.00265503465198, -0.0130566852167, 0.0260275863111, -0.0092194294557, 0.00203382526524, 0.000860895728692], [-0.00173223030288, 0.00197681458667, -0.0016794699477, 0.00265147397295, -0.00258900062181, -0.00307189580053, 0.00201266771182, -0.00648955022916, 0.00394801795483, -0.0092194294557, 0.0334565490484, -0.00982987694442, 0.00333274179138], [-0.000649277935736, -0.0013799474109, 0.00146659882739, 0.00204560137354, -0.00478288158774, 0.00386780872941, -0.00288065173663, 0.000921189202927, 0.00175275385845, 0.00203382526524, -0.00982987694442, 0.0301407258958, -0.00720627047122], [-0.000164192169905, 0.00262598088011, 0.00382891227491, -0.00388759816997, -0.00142328080256, 0.00125925929751, -0.00469353748485, 0.00425850553438, -0.00237643672153, 0.000860895728692, 0.00333274179138, -0.00720627047122, 0.0285117477179]]
    spectral_contrast:
        mean: [5.09713515839e-07, 2.62324704181e-07, -1.27107085746e-07, -7.0168317734e-07, 3.61327110454e-08, -5.45333875834e-08, 2.09172003451e-06, 8.14179998088e-07, 3.07005598188e-06, 2.27845362133e-06, -1.57195097472e-06, 3.11243229589e-06]
        var: [0.00032531764009, 0.000381150050089, 0.000658814853523, 0.00200813333504, 0.00277327885851, 0.00413434952497, 0.0262443553656, 0.0514244921505, 0.0982080027461, 0.183290600777, 0.276011407375, 0.350570052862]

rhythm:
    beats_loudness:
        dmean: 0.00227323174477
        dmean2: 0.00412253988907
        dvar: 2.50726679951e-06
        dvar2: 7.37240407034e-06
        max: 0.00717983813956
        mean: 0.00380578730255
        min: 0.00145296554547
        var: 3.44769023286e-06
    beats_loudness_bass:
        dmean: 0.137391284108
        dmean2: 0.273680478334
        dvar: 0.0128820249811
        dvar2: 0.0235179066658
        max: 0.472902655602
        mean: 0.168414890766
        min: 0.010261441581
        var: 0.0165061950684
    bpm: 101.78099823
    bpm_confidence: 0
    first_peak_bpm: 102
    first_peak_spread: 0
    first_peak_weight: 0.588235318661
    onset_rate: 2.59872722626
    second_peak_bpm: 123
    second_peak_spread: 0
    second_peak_weight: 0.411764711142
    beats_position: [0.137679547071, 0.727270066738, 1.31686067581, 1.90645122528, 2.49604177475, 3.08563232422, 3.67522287369, 4.26481342316, 4.85440349579, 5.44399404526, 6.02418422699, 6.51295042038, 7.00171613693, 7.49048185349, 7.97924804688, 8.4680147171, 8.95677947998, 9.44554519653]
    bpm_estimates: [102.180206299, 103.129432678, 102.075325012, 99.7390365601]
    bpm_intervals: [0.589590549469, 0.589590609074, 0.589590549469, 0.589590549469, 0.589590549469, 0.589590549469, 0.589590549469, 0.589590072632, 0.589590549469, 0.580190181732, 0.48876619339, 0.488765716553, 0.488765716553, 0.48876619339, 0.488766670227, 0.488764762878, 0.488765716553]
    onset_times: [0.0580498874187, 0.371519267559, 0.568888902664, 0.824308395386, 1.14938771725, 1.26548755169, 2.34521532059, 2.86766433716, 3.1811337471, 3.88934230804, 3.92417240143, 4.28408145905, 4.38857126236, 4.7020406723, 5.0967798233, 5.30575942993, 5.56117916107, 5.88625860214, 6.78022670746, 7.27945566177, 7.32589578629, 7.37233543396, 7.92961454391, 8.38240337372, 9.42730140686, 9.90331077576]
    rubato_start: [6.51295042038]
    rubato_stop: [7.00171613693]
    perceptual_tempo: "unknown"

sfx:
    inharmonicity:
        dmean: 0.0295283347368
        dmean2: 0.054885327816
        dvar: 0.00186189007945
        dvar2: 0.00538871204481
        max: 0.415467172861
        mean: 0.022377256304
        min: 7.12734617991e-07
        var: 0.00133031443693
    oddtoevenharmonicenergyratio:
        dmean: 2.91744947433
        dmean2: 5.53644704819
        dvar: 62.6041412354
        dvar2: 177.12538147
        max: 72.0861968994
        mean: 1.75724995136
        min: 2.05356627703e-05
        var: 39.5393638611
    pitch_after_max_to_before_max_energy_ratio: 0.605378329754
    pitch_centroid: 215.359909058
    pitch_max_to_total: 0.736596763134
    pitch_min_to_total: 0.974358975887
    tristimulus:
        dmean: [0.260524094105, 0.261505246162, 0.0561485812068]
        dmean2: [0.465099811554, 0.461428076029, 0.100836873055]
        dvar: [0.0407498963177, 0.0420712083578, 0.0030871629715]
        dvar2: [0.11134558171, 0.120805673301, 0.00873936340213]
        max: [0.976125478745, 0.947878539562, 0.437980800867]
        mean: [0.579668223858, 0.353149980307, 0.0508663617074]
        min: [0.00561223737895, 0, 0]
        var: [0.0609405077994, 0.0588199682534, 0.00329525372945]

tonal:
    chords_changes_rate: 0.0555555559695
    chords_number_rate: 0.0324074067175
    chords_strength:
        dmean: 0.0112740136683
        dmean2: 0.0120376693085
        dvar: 6.93379770382e-05
        dvar2: 0.000109131993668
        max: 0.712305724621
        mean: 0.536554574966
        min: 0.364286780357
        var: 0.00708650238812
    key_strength: 0.595277130604
    tuning_diatonic_strength: 0.5902389884
    tuning_equal_tempered_deviation: 0.383507460356
    tuning_frequency: 451.586883545
    tuning_nontempered_energy_ratio: 0.947257518768
    hpcp:
        dmean: [0.0844519212842, 0.0941225066781, 0.128071129322, 0.155977040529, 0.194173142314, 0.204598769546, 0.237243011594, 0.247564822435, 0.225177139044, 0.195751905441, 0.109586194158, 0.0939579159021, 0.113912269473, 0.166367068887, 0.197446465492, 0.194705292583, 0.187777385116, 0.226890787482, 0.231853589416, 0.282036632299, 0.243034958839, 0.227536767721, 0.219423279166, 0.172276377678, 0.126976877451, 0.0931006297469, 0.0786215737462, 0.0843592956662, 0.122806213796, 0.155537620187, 0.117160946131, 0.0654049739242, 0.0603435188532, 0.0830578058958, 0.101402483881, 0.0981639921665]
        dmean2: [0.143961802125, 0.173015251756, 0.243055701256, 0.289175599813, 0.350940227509, 0.348447591066, 0.423074990511, 0.422125190496, 0.381906986237, 0.336501151323, 0.188322767615, 0.170524433255, 0.201556995511, 0.282390922308, 0.344405144453, 0.35321316123, 0.327910870314, 0.405901014805, 0.410390734673, 0.505303025246, 0.43184402585, 0.38611805439, 0.365818619728, 0.288403898478, 0.219066441059, 0.158733651042, 0.137672990561, 0.150341227651, 0.200102850795, 0.260318279266, 0.20645095408, 0.114831365645, 0.108464479446, 0.147531315684, 0.181392639875, 0.160283431411]
        dvar: [0.0121638616547, 0.0249160863459, 0.0464751571417, 0.0570682175457, 0.0529034137726, 0.0476254113019, 0.0534822382033, 0.0585789047182, 0.0457698628306, 0.0549155659974, 0.0247990172356, 0.0272955801338, 0.0249082650989, 0.0352939143777, 0.0388259254396, 0.050880137831, 0.0529818460345, 0.0523347705603, 0.0487344637513, 0.059334680438, 0.0564977228642, 0.0402912199497, 0.0408495180309, 0.0235721282661, 0.020868871361, 0.0182003714144, 0.0143735138699, 0.0122715160251, 0.0233010407537, 0.038904003799, 0.0270899645984, 0.00939720869064, 0.0080899335444, 0.0146878995001, 0.0244943574071, 0.0194158758968]
        dvar2: [0.0320978760719, 0.0773647278547, 0.135106384754, 0.162813723087, 0.160446047783, 0.134611308575, 0.157460808754, 0.16561871767, 0.123498827219, 0.158128634095, 0.0692823901772, 0.0750701949, 0.068157799542, 0.102022759616, 0.111047320068, 0.142799451947, 0.151446402073, 0.15910410881, 0.124276973307, 0.166234403849, 0.160074174404, 0.108149982989, 0.115518040955, 0.0648571699858, 0.0542589426041, 0.0497714430094, 0.042733669281, 0.0340795889497, 0.0654595121741, 0.105854570866, 0.0703793987632, 0.0255024954677, 0.0229211580008, 0.0414936132729, 0.0685234367847, 0.0539170950651]
        max: [0.827313542366, 1, 1, 1, 1, 1, 1, 1, 1, 1, 1, 1, 0.973351657391, 1, 1, 1, 1, 1, 1, 1, 1, 1, 1, 1, 1, 0.990270316601, 1, 0.824576377869, 1, 1, 1, 0.766431987286, 0.679397940636, 0.724037230015, 1, 1]
        mean: [0.103397861123, 0.0850172489882, 0.0939024910331, 0.122975818813, 0.201475456357, 0.262777835131, 0.268818110228, 0.291099816561, 0.272681832314, 0.182719483972, 0.10923076421, 0.0849037319422, 0.127156987786, 0.241719022393, 0.275469511747, 0.213141426444, 0.203620925546, 0.234386727214, 0.307934880257, 0.383410483599, 0.376991868019, 0.328230470419, 0.3186673522, 0.268202513456, 0.158631011844, 0.111386120319, 0.0890212208033, 0.0948062464595, 0.190126031637, 0.24282425642, 0.155922412872, 0.072011128068, 0.0596179291606, 0.0839204192162, 0.122055709362, 0.131189957261]
        min: [0.00178741244599, 0.00124464242253, 0.000410119013395, 0.00109694711864, 0.00392976868898, 0.00194670259953, 0.0024735624902, 0.00288080913015, 0.00688570737839, 0.00116916152183, 0.000550183875021, 0.000735937908757, 0.00123421137687, 0.00226367148571, 0.00285000051372, 0.00201093964279, 0.0013474606676, 0.00244836672209, 0.00318166729994, 0.00279209320433, 0.00621583824977, 0.00716512324288, 0.00815168675035, 0.00203637056984, 0.00169507006649, 0.00403603957966, 0.00183995696716, 0.00454530492425, 0.00419735442847, 0.00433127162978, 0.0031204149127, 0.00133032398298, 0.00220688804984, 0.0013535778271, 0.00209144549444, 0.00285723689012]
        var: [0.0213945657015, 0.019408678636, 0.0345810241997, 0.0453889369965, 0.0536090992391, 0.0738474875689, 0.0733253657818, 0.0811970606446, 0.0676537230611, 0.0562964677811, 0.0258459299803, 0.0212844256312, 0.0286024417728, 0.0752305611968, 0.0889557376504, 0.0609715394676, 0.0577655285597, 0.0674742609262, 0.0839315578341, 0.107171230018, 0.0892220064998, 0.0721307247877, 0.0866601020098, 0.075255587697, 0.0390703119338, 0.0235850848258, 0.0134627465159, 0.013038999401, 0.0462230741978, 0.0843613669276, 0.0432899072766, 0.0100483475253, 0.00754984980449, 0.0184950232506, 0.0370318107307, 0.031710639596]
    chords_histogram: [3.24074077606, 5.55555534363, 38.8888893127, 22.6851844788, 6.01851844788, 0, 0, 0, 0, 0, 0, 0, 0, 0, 0, 0, 0, 6.48148155212, 0, 0, 0, 0, 0, 17.1296291351]
    thpcp: [1, 0.983259141445, 0.85608112812, 0.831138849258, 0.699517965317, 0.413736760616, 0.290514022112, 0.23218254745, 0.24727088213, 0.495881140232, 0.633327126503, 0.406672269106, 0.187817320228, 0.155493736267, 0.218878775835, 0.318342119455, 0.342165797949, 0.269679278135, 0.221739500761, 0.244913727045, 0.320741921663, 0.525482416153, 0.685369431973, 0.701123535633, 0.759238004684, 0.711200773716, 0.476563602686, 0.284892469645, 0.221443429589, 0.331647127867, 0.630444467068, 0.7184715271, 0.555909216404, 0.531078159809, 0.611320614815, 0.803146719933]
    chords_key: "B"
    chords_scale: "major"
    key_key: "E"
    key_scale: "major"
    chords_progression: ["F#", "F#", "F#", "F#", "F#", "F#", "D#m", "D#m", "D#m", "D#m", "D#m", "D#m", "D#m", "D#m", "D#m", "D#m", "D#m", "D#m", "D#m", "D#m", "B", "B", "B", "B", "B", "B", "B", "B", "B", "B", "B", "B", "B", "B", "D#m", "D#m", "D#m", "D#m", "D#m", "D#m", "D#m", "D#m", "D#m", "D#m", "D#m", "D#m", "D#m", "D#m", "D#m", "D#m", "D#m", "D#m", "D#m", "D#m", "D#m", "D#m", "D#m", "D#m", "D#m", "D#m", "D#m", "D#m", "D#m", "D#m", "D#m", "D#m", "D#m", "D#m", "D#m", "Em", "Em", "Em", "Em", "Em", "Em", "Em", "Em", "Em", "Em", "Em", "Em", "Em", "Em", "E", "E", "E", "E", "E", "E", "B", "B", "B", "B", "B", "B", "B", "B", "B", "B", "B", "B", "B", "E", "B", "B", "B", "B", "B", "B", "B", "B", "B", "B", "B", "B", "B", "B", "B", "B", "B", "B", "B", "B", "B", "F#", "F#", "F#", "F#", "F#", "F#", "F#", "B", "B", "B", "B", "B", "B", "B", "B", "B", "B", "B", "B", "B", "B", "B", "B", "B", "B", "B", "B", "B", "B", "B", "B", "B", "B", "B", "B", "B", "B", "B", "B", "B", "B", "B", "B", "G#m", "G#m", "G#m", "G#m", "G#m", "G#m", "G#m", "G#m", "G#m", "G#m", "G#m", "G#m", "C#m", "C#m", "C#m", "C#m", "C#m", "C#m", "C#m", "C#m", "C#m", "C#m", "C#m", "C#m", "C#m", "C#m", "C#m", "C#m", "C#m", "C#m", "C#m", "C#m", "C#m", "C#m", "C#m", "C#m", "C#m", "C#m", "C#m", "C#m", "C#m", "C#m", "C#m", "C#m", "C#m", "C#m", "C#m", "C#m", "C#m"]
