
metadata:
    version:
        essentia: "1.2.2"
    audio_properties:
        analysis_sample_rate: 44100
        bitrate: 128
        channels: 2
        equal_loudness: 1
        length: 10.0310201645
        replay_gain: -13.5821781158
        downmix: "mix"
    tags:
        track: 23
        year: 0
        album: "Splitted by Mp3Splt v. 2.1"
        artist: "From 003.40 To 003.50"
        comment: "http://mp3splt.sf.net"
        genre: ""
        title: "07 Memories Live.mp3"

highlevel:
    ballroom:
        all:
            ChaChaCha: 0.16160389781
            Jive: 0.258548617363
            Quickstep: 0.166048362851
            Rumba-American: 0.0133908167481
            Rumba-International: 0.0331165082753
            Rumba-Misc: 0.0500003434718
            Samba: 0.292351990938
            Tango: 0.0114897200838
            VienneseWaltz: 0.00769436359406
            Waltz: 0.0057553909719
        probability: 0.292351990938
        value: "Samba"
    culture:
        all:
            non_western: 0.537294209003
            western: 0.462705761194
        probability: 0.537294209003
        value: "non_western"
    gender:
        all:
            female: 0.717028021812
            male: 0.28297200799
        probability: 0.717028021812
        value: "female"
    genre_dortmund:
        all:
            alternative: 0.0121079264209
            blues: 0.0122473323718
            electronic: 0.0415357165039
            folkcountry: 0.0331311747432
            funksoulrnb: 0.0248444546014
            jazz: 0.0513997040689
            pop: 0.0536442361772
            raphiphop: 0.694673895836
            rock: 0.0764155834913
        probability: 0.694673895836
        value: "raphiphop"
    genre_electronica:
        all:
            ambient: 0.491854220629
            dnb: 0.162188917398
            house: 0.197234138846
            techno: 0.0341416485608
            trance: 0.114581078291
        probability: 0.491854220629
        value: "ambient"
    genre_rosamerica:
        all:
            cla: 0.0120993917808
            dan: 0.0463239960372
            hip: 0.316770046949
            jaz: 0.0801451355219
            pop: 0.16488789022
            rhy: 0.335220932961
            roc: 0.0330183245242
            spe: 0.0115343024954
        probability: 0.335220932961
        value: "rhy"
    genre_tzanetakis:
        all:
            blu: 0.00325351324864
            cla: 0.00423714751378
            cou: 0.0336239300668
            dis: 0.0343473851681
            hip: 0.0903940871358
            jaz: 0.0158574059606
            met: 0.0023202712182
            pop: 0.552644848824
            reg: 0.246907383204
            roc: 0.0164140406996
        probability: 0.552644848824
        value: "pop"
    live_studio:
        all:
            live: 0.198610007763
            studio: 0.801389992237
        probability: 0.801389992237
        value: "studio"
    mood:
        all:
            Cluster1: 0.151062965393
            Cluster2: 0.429032385349
            Cluster3: 0.123021505773
            Cluster4: 0.216577485204
            Cluster5: 0.0803056582808
        probability: 0.429032385349
        value: "Cluster2"
    mood_acoustic:
        all:
            acoustic: 0.17917586863
            not_acoustic: 0.820824146271
        probability: 0.820824146271
        value: "not_acoustic"
    mood_aggressive:
        all:
            aggressive: 0.0189426504076
            not_aggressive: 0.981057345867
        probability: 0.981057345867
        value: "not_aggressive"
    mood_electronic:
        all:
            electronic: 0.539040446281
            not_electronic: 0.460959583521
        probability: 0.539040446281
        value: "electronic"
    mood_happy:
        all:
            happy: 0.370792210102
            not_happy: 0.629207789898
        probability: 0.629207789898
        value: "not_happy"
    mood_party:
        all:
            not_party: 0.633264482021
            party: 0.366735517979
        probability: 0.633264482021
        value: "not_party"
    mood_relaxed:
        all:
            not_relaxed: 0.180389627814
            relaxed: 0.819610357285
        probability: 0.819610357285
        value: "relaxed"
    mood_sad:
        all:
            not_sad: 0.5
            sad: 0.5
        probability: 0.5
        value: "not_sad"
    rhythm:
        all:
            fast: 0.186189875007
            medium: 0.787814974785
            slow: 0.0259951334447
        probability: 0.787814974785
        value: "medium"
    speech_music:
        all:
            music: 0.939362823963
            speech: 0.0606371872127
        probability: 0.939362823963
        value: "music"
    timbre:
        all:
            bright: 0.666521608829
            dark: 0.333478420973
        probability: 0.666521608829
        value: "bright"
    voice_instrumental:
        all:
            instrumental: 0.0972686111927
            voice: 0.902731359005
        probability: 0.902731359005
        value: "voice"

lowlevel:
    average_loudness: 0.923069953918
    barkbands_kurtosis:
        dmean: 2.5000436306
        dmean2: 3.99698424339
        dvar: 17.2397956848
        dvar2: 40.7928504944
        max: 40.9571266174
        mean: 2.29059815407
        min: -1.89339971542
        var: 26.6312885284
    barkbands_skewness:
        dmean: 0.627776503563
        dmean2: 0.956614792347
        dvar: 0.514377653599
        dvar2: 1.09053814411
        max: 5.41227149963
        mean: 1.07993590832
        min: -2.1708791256
        var: 1.15101706982
    barkbands_spread:
        dmean: 6.42561578751
        dmean2: 10.4384784698
        dvar: 70.9069442749
        dvar2: 153.261734009
        max: 61.6723213196
        mean: 21.6468067169
        min: 1.96535778046
        var: 145.879562378
    dissonance:
        dmean: 0.0316536016762
        dmean2: 0.0495297312737
        dvar: 0.00132441811729
        dvar2: 0.00298235961236
        max: 0.499764144421
        mean: 0.438385337591
        min: 0.170262545347
        var: 0.0036616967991
    hfc:
        dmean: 2.22918224335
        dmean2: 3.71494364738
        dvar: 34.4759292603
        dvar2: 88.2948684692
        max: 56.086139679
        mean: 3.55540943146
        min: 8.1164889707e-06
        var: 33.1000785828
    pitch:
        dmean: 422.756195068
        dmean2: 803.987426758
        dvar: 945498.0625
        dvar2: 2130960
        max: 4900
        mean: 582.851623535
        min: 79.8913040161
        var: 1006324.5
    pitch_instantaneous_confidence:
        dmean: 0.10533374548
        dmean2: 0.173447757959
        dvar: 0.010041330941
        dvar2: 0.0268824994564
        max: 0.881430208683
        mean: 0.435408324003
        min: 0.0248366594315
        var: 0.0394401885569
    pitch_salience:
        dmean: 0.0718625709414
        dmean2: 0.116846747696
        dvar: 0.0044471770525
        dvar2: 0.0110976304859
        max: 0.915313065052
        mean: 0.630665481091
        min: 0.28860232234
        var: 0.0100645190105
    silence_rate_20dB:
        dmean: 0
        dmean2: 0
        dvar: 0
        dvar2: 0
        max: 1
        mean: 1
        min: 1
        var: 0
    silence_rate_30dB:
        dmean: 0
        dmean2: 0
        dvar: 0
        dvar2: 0
        max: 1
        mean: 1
        min: 1
        var: 0
    silence_rate_60dB:
        dmean: 0.125
        dmean2: 0.250580042601
        dvar: 0.109375
        dvar2: 0.197070106864
        max: 1
        mean: 0.618937671185
        min: 0
        var: 0.235854879022
    spectral_centroid:
        dmean: 276.939300537
        dmean2: 417.345611572
        dvar: 194419.28125
        dvar2: 391589.6875
        max: 3825.15917969
        mean: 995.559814453
        min: 130.258239746
        var: 324875.65625
    spectral_complexity:
        dmean: 2.40835261345
        dmean2: 3.76511621475
        dvar: 13.1325674057
        dvar2: 26.0586929321
        max: 40
        mean: 6.85648155212
        min: 0
        var: 33.0627593994
    spectral_crest:
        dmean: 2.73913407326
        dmean2: 4.61096811295
        dvar: 6.57850885391
        dvar2: 16.9206466675
        max: 20.7640075684
        mean: 8.97673416138
        min: 2.39344000816
        var: 14.3625192642
    spectral_decrease:
        dmean: 3.71776831543e-10
        dmean2: 6.12099648745e-10
        dvar: 4.35337246472e-19
        dvar2: 1.07144270474e-18
        max: -3.26025734255e-15
        mean: -7.98023758186e-10
        min: -5.81101256003e-09
        var: 6.69049218634e-19
    spectral_energy:
        dmean: 0.00158543651924
        dmean2: 0.00262174895033
        dvar: 8.38785308588e-06
        dvar2: 2.07696939469e-05
        max: 0.0270192734897
        mean: 0.00333440932445
        min: 1.30411628163e-08
        var: 1.21401862998e-05
    spectral_energyband_high:
        dmean: 0.000127210092614
        dmean2: 0.000207404504181
        dvar: 1.19361615702e-07
        dvar2: 2.87278538735e-07
        max: 0.00264140265062
        mean: 0.000133583453135
        min: 2.91731638846e-10
        var: 1.17589188164e-07
    spectral_energyband_low:
        dmean: 0.000140611518873
        dmean2: 0.000243213173235
        dvar: 5.7667443798e-07
        dvar2: 1.60922934356e-06
        max: 0.00811853446066
        mean: 0.000214484738535
        min: 3.04704284027e-09
        var: 3.91735028415e-07
    spectral_energyband_middle_high:
        dmean: 0.000727489183191
        dmean2: 0.00117639591917
        dvar: 3.99628879677e-06
        dvar2: 1.06061534098e-05
        max: 0.0177597720176
        mean: 0.00108795554843
        min: 1.46562895154e-09
        var: 4.16939474235e-06
    spectral_energyband_middle_low:
        dmean: 0.000966642517596
        dmean2: 0.00156930601224
        dvar: 3.31072715198e-06
        dvar2: 8.213424735e-06
        max: 0.0150799797848
        mean: 0.00189836835489
        min: 7.71549668599e-09
        var: 5.08894800078e-06
    spectral_flatness_db:
        dmean: 0.0248261541128
        dmean2: 0.0384772270918
        dvar: 0.000751944142394
        dvar2: 0.00160522549413
        max: 0.334841191769
        mean: 0.18227891624
        min: 0.067729331553
        var: 0.00263296673074
    spectral_flux:
        dmean: 0.0118343494833
        dmean2: 0.0187675468624
        dvar: 0.000257792504271
        dvar2: 0.000516232801601
        max: 0.134536966681
        mean: 0.0344596467912
        min: 0.00011419790826
        var: 0.000654824136291
    spectral_kurtosis:
        dmean: 2.83420014381
        dmean2: 4.38078451157
        dvar: 14.4573802948
        dvar2: 27.4023342133
        max: 38.0630874634
        mean: 6.76748895645
        min: -0.719347715378
        var: 36.0175590515
    spectral_rms:
        dmean: 0.000355142750777
        dmean2: 0.000563854817301
        dvar: 2.64864326027e-07
        dvar2: 5.93529023263e-07
        max: 0.00513422489166
        mean: 0.0015748066362
        min: 3.56694340553e-06
        var: 7.73068279614e-07
    spectral_rolloff:
        dmean: 597.383483887
        dmean2: 985.168579102
        dvar: 767770.0625
        dvar2: 1575701.25
        max: 5490.96679688
        mean: 1842.23510742
        min: 172.265625
        var: 1375619.5
    spectral_skewness:
        dmean: 0.391454964876
        dmean2: 0.569108307362
        dvar: 0.217508941889
        dvar2: 0.371420145035
        max: 5.1087269783
        mean: 1.93148946762
        min: 0.352033644915
        var: 0.656035661697
    spectral_spread:
        dmean: 891076.4375
        dmean2: 1331374.875
        dvar: 3.27086060339e+12
        dvar2: 4.76042651238e+12
        max: 31540180
        mean: 4557304.5
        min: 1500233.375
        var: 5.69516018893e+12
    spectral_strongpeak:
        dmean: 0.244934156537
        dmean2: 0.401022911072
        dvar: 0.143090128899
        dvar2: 0.353592813015
        max: 2.97898840904
        mean: 0.418220251799
        min: 0
        var: 0.248404100537
    zerocrossingrate:
        dmean: 0.0111387036741
        dmean2: 0.0126305865124
        dvar: 0.000180331204319
        dvar2: 0.000230292833294
        max: 0.166015625
        mean: 0.060548003763
        min: 0.00634765625
        var: 0.000710820488166
    barkbands:
        dmean: [5.18007141181e-07, 5.59851650905e-05, 8.8856802904e-05, 7.97020620666e-05, 0.000139046242111, 0.000125497099361, 0.000522389775142, 0.000276467733784, 0.000239516506554, 0.000156894908287, 0.000115342118079, 5.4310887208e-05, 6.0310583649e-05, 5.6358101574e-05, 6.48391142022e-05, 0.000236312975176, 0.000126888291561, 6.18906851741e-05, 5.91788120801e-05, 6.82658792357e-05, 5.68706709601e-05, 2.8892991395e-05, 9.6041476354e-06, 2.45523528974e-06, 1.29604029553e-06, 6.73783588923e-08, 2.93928437145e-10]
        dmean2: [7.84534847753e-07, 9.55631185207e-05, 0.000164878962096, 0.000130243060994, 0.000223232244025, 0.000231258934946, 0.000871310767252, 0.00047124439152, 0.000382580357837, 0.000250360171776, 0.000159036455443, 9.07144858502e-05, 9.79614778771e-05, 9.26238644752e-05, 0.000102436722955, 0.000429955020081, 0.000223318173084, 9.79419419309e-05, 9.96167509584e-05, 0.000106367879198, 9.4909897598e-05, 4.85287018819e-05, 1.58118618856e-05, 3.93548680222e-06, 2.12906866182e-06, 1.19798272635e-07, 5.34031818766e-10]
        dvar: [5.1828532785e-12, 5.69152085461e-08, 3.51498385953e-07, 3.69301034198e-08, 5.79131125278e-08, 2.58613823689e-08, 1.56496457748e-06, 7.86963994415e-07, 3.77614327363e-07, 3.36983760008e-07, 9.81241541353e-08, 3.16572261738e-08, 3.65294532401e-08, 1.79341004269e-08, 3.32278879966e-08, 1.24006828628e-06, 3.27788569621e-07, 2.66351882772e-08, 3.63772088008e-08, 2.36175097257e-08, 2.73490101677e-08, 9.65220969817e-09, 1.04099273646e-09, 4.78812510474e-11, 1.2893276724e-11, 5.15689108169e-14, 5.04818505071e-19]
        dvar2: [1.18067187971e-11, 1.45560179021e-07, 1.02828823856e-06, 9.96407010234e-08, 1.33435264615e-07, 8.56899404766e-08, 3.83180395147e-06, 2.01402622224e-06, 9.54155780164e-07, 7.42963663924e-07, 1.8342517194e-07, 8.57316422298e-08, 9.18717901754e-08, 4.58279991733e-08, 8.13715246295e-08, 3.53953578269e-06, 9.04487649223e-07, 7.33532630193e-08, 1.06370997344e-07, 5.2605638956e-08, 6.82303067379e-08, 2.54188243787e-08, 2.60784749351e-09, 1.1536119976e-10, 3.29490115747e-11, 1.34123736965e-13, 1.42416471885e-18]
        max: [3.48183639289e-05, 0.00269636069424, 0.00679107708856, 0.00224343826994, 0.00226137205027, 0.00112936494406, 0.009237697348, 0.0108295809478, 0.0055428808555, 0.00792775582522, 0.00309458118863, 0.00252980925143, 0.00289567443542, 0.0013468201505, 0.00190482730977, 0.0108275106177, 0.00639726314694, 0.0019510211423, 0.00263026473112, 0.00180565367918, 0.0011683247285, 0.000960314704571, 0.000292958255159, 5.87845715927e-05, 3.09877432301e-05, 1.84566317785e-06, 6.41090069919e-09]
        mean: [1.04654441202e-06, 0.000115818475024, 9.76403753157e-05, 0.000216773332795, 0.000267376221018, 0.000193370229681, 0.000567888724618, 0.000326367327943, 0.000300596875604, 0.000177425448783, 0.00016213368508, 6.49129287922e-05, 8.00432317192e-05, 7.11643515388e-05, 7.31077161618e-05, 0.0001687722106, 0.000113826121378, 8.26326649985e-05, 7.9222547356e-05, 8.24890157674e-05, 5.32315170858e-05, 2.60247416008e-05, 8.54641621117e-06, 2.56796283793e-06, 1.37414338042e-06, 6.05618026839e-08, 2.45512610242e-10]
        min: [4.71818981454e-12, 1.54185419987e-09, 9.95304616502e-10, 9.21017206945e-10, 2.03560035494e-09, 1.85539017483e-09, 1.44539791247e-09, 8.55211290673e-10, 5.38534550287e-10, 3.72055719566e-10, 2.19554555092e-10, 1.90310184278e-10, 1.47063833333e-10, 1.15172815729e-10, 1.20298312978e-10, 1.13032680438e-10, 8.58497092859e-11, 7.03619038034e-11, 6.52408960189e-11, 6.54084564289e-11, 4.98869036358e-11, 3.72478090038e-11, 3.76019632098e-11, 3.80315952342e-11, 3.2077181189e-11, 3.14437503812e-11, 2.65761533873e-13]
        var: [8.97908223468e-12, 5.32783523965e-08, 1.9872929613e-07, 7.9625642968e-08, 1.47673077322e-07, 5.02064665397e-08, 1.54473741532e-06, 9.75536977421e-07, 5.44676595382e-07, 4.46342482974e-07, 1.96791745566e-07, 2.95684472462e-08, 5.10675590704e-08, 2.36477148974e-08, 3.73498707518e-08, 7.40124221466e-07, 2.1273272921e-07, 2.56325165537e-08, 3.07229193197e-08, 3.08920178327e-08, 2.37770745315e-08, 7.85471510056e-09, 9.08756125906e-10, 4.92339259639e-11, 1.30578273888e-11, 4.13875036402e-14, 3.82380006283e-19]
    mfcc:
        mean: [-783.046630859, 139.454101562, -34.2988052368, 44.360458374, -13.2974357605, -13.2811508179, -6.33101558685, -9.22127342224, -4.65879535675, -2.62123966217, -1.47390127182, -0.611988425255, 1.34982001781]
        cov: [[6694.07226562, -1174.3729248, -280.144256592, -388.257202148, -2.57482028008, 59.424911499, -32.304233551, 78.1143493652, 113.280860901, 176.912628174, 87.8826675415, 66.6140518188, 65.5923080444], [-1174.3729248, 1939.37060547, -397.544372559, -234.838272095, 8.43487167358, -111.278747559, 328.535644531, 80.5541000366, -4.76255559921, 68.4544677734, 12.3962182999, -8.90631866455, -22.6639785767], [-280.144256592, -397.544372559, 878.897705078, 310.591949463, 106.377555847, 100.181373596, -90.2739486694, -16.8119411469, 5.67164707184, -4.25313663483, 69.8605499268, 70.2914276123, 55.5632171631], [-388.257202148, -234.838272095, 310.591949463, 687.589233398, 185.078430176, 84.1466445923, -115.695899963, -28.6009254456, 53.7075424194, 23.9233169556, 44.3621292114, 81.6410903931, 80.9307479858], [-2.57482028008, 8.43487167358, 106.377555847, 185.078430176, 280.018188477, 88.180305481, 21.4640750885, 6.49201202393, 72.041229248, 34.4642601013, 23.3493118286, 19.1487846375, 34.3895072937], [59.424911499, -111.278747559, 100.181373596, 84.1466445923, 88.180305481, 273.832244873, 75.9542999268, 107.71647644, 21.5074462891, -6.50104808807, 20.811050415, 18.2635269165, 22.7594394684], [-32.304233551, 328.535644531, -90.2739486694, -115.695899963, 21.4640750885, 75.9542999268, 240.157821655, 69.2553329468, 20.4866580963, 10.0814361572, 8.46468353271, 0.737730145454, -17.3946323395], [78.1143493652, 80.5541000366, -16.8119411469, -28.6009254456, 6.49201202393, 107.71647644, 69.2553329468, 163.506011963, 38.0446662903, -4.45523309708, 7.57609844208, 19.4644126892, 24.2233638763], [113.280860901, -4.76255559921, 5.67164707184, 53.7075424194, 72.041229248, 21.5074462891, 20.4866580963, 38.0446662903, 128.340911865, 43.4382896423, 7.16917657852, 23.6845722198, 24.957660675], [176.912628174, 68.4544677734, -4.25313663483, 23.9233169556, 34.4642601013, -6.50104808807, 10.0814361572, -4.45523309708, 43.4382896423, 103.580245972, 19.4802303314, 21.6770763397, 6.38751554489], [87.8826675415, 12.3962182999, 69.8605499268, 44.3621292114, 23.3493118286, 20.811050415, 8.46468353271, 7.57609844208, 7.16917657852, 19.4802303314, 96.2519760132, 36.22605896, 10.7069730759], [66.6140518188, -8.90631866455, 70.2914276123, 81.6410903931, 19.1487846375, 18.2635269165, 0.737730145454, 19.4644126892, 23.6845722198, 21.6770763397, 36.22605896, 79.7583312988, 45.0913543701], [65.5923080444, -22.6639785767, 55.5632171631, 80.9307479858, 34.3895072937, 22.7594394684, -17.3946323395, 24.2233638763, 24.957660675, 6.38751554489, 10.7069730759, 45.0913543701, 85.6960220337]]
        icov: [[0.000227886339417, 0.000237657543039, 0.00013449123071, 0.000211158578168, -0.000109137181425, 8.79177896422e-05, -0.000112807181722, -0.000149962550495, 6.9626745244e-05, -0.000492860563099, -0.000252007332165, -7.34251589165e-05, -0.000271672266535], [0.000237657543039, 0.00112346722744, 0.000357356562745, 0.000121661563753, -0.000426293612691, 0.00107670365833, -0.00142420514021, -0.000819234061055, 0.00076933944365, -0.0010832635453, -0.000446807418484, 0.000146643811604, -0.000568431743886], [0.00013449123071, 0.000357356562745, 0.00165469932836, -0.000268056610366, -0.000317941565299, -0.00027024949668, 8.85935878614e-05, 0.000110481822048, 0.000367053929949, -8.38378473418e-05, -0.000846059701871, -0.000694237940479, -0.000271679979051], [0.000211158578168, 0.000121661563753, -0.000268056610366, 0.00274284067564, -0.00124949007295, -0.000746679957956, 0.00122058985289, 0.000719884468708, -0.00034739531111, -0.000206006414373, -0.000144090096001, -0.00182605092414, -0.000706615333911], [-0.000109137181425, -0.000426293612691, -0.000317941565299, -0.00124949007295, 0.00598508585244, -0.00196881848387, -0.000433114531916, 0.00189359392971, -0.00290956301615, -0.000281130109215, -0.000540930079296, 0.00208236672916, -0.00130491901655], [8.79177896422e-05, 0.00107670365833, -0.00027024949668, -0.000746679957956, -0.00196881848387, 0.00763182528317, -0.00288500241004, -0.00500670075417, 0.00213404698297, -0.000467181089334, -0.000598412472755, 0.000977786956355, -0.000335745833581], [-0.000112807181722, -0.00142420514021, 8.85935878614e-05, 0.00122058985289, -0.000433114531916, -0.00288500241004, 0.00802150554955, -0.000312469084747, -0.00134182255715, 0.000813662365545, 7.44097487768e-05, -0.00187478412408, 0.00246338709258], [-0.000149962550495, -0.000819234061055, 0.000110481822048, 0.000719884468708, 0.00189359392971, -0.00500670075417, -0.000312469084747, 0.0114976838231, -0.0039299596101, 0.0022348978091, 0.000125614285935, -0.00130895234179, -0.00194598909002], [6.9626745244e-05, 0.00076933944365, 0.000367053929949, -0.00034739531111, -0.00290956301615, 0.00213404698297, -0.00134182255715, -0.0039299596101, 0.0124561674893, -0.00459136487916, 0.000885446846951, -0.000913244555704, -0.00123594747856], [-0.000492860563099, -0.0010832635453, -8.38378473418e-05, -0.000206006414373, -0.000281130109215, -0.000467181089334, 0.000813662365545, 0.0022348978091, -0.00459136487916, 0.0139329601079, -0.000916241609957, -0.00299768615514, 0.00210041622631], [-0.000252007332165, -0.000446807418484, -0.000846059701871, -0.000144090096001, -0.000540930079296, -0.000598412472755, 7.44097487768e-05, 0.000125614285935, 0.000885446846951, -0.000916241609957, 0.0138793345541, -0.00650710379705, 0.00261517497711], [-7.34251589165e-05, 0.000146643811604, -0.000694237940479, -0.00182605092414, 0.00208236672916, 0.000977786956355, -0.00187478412408, -0.00130895234179, -0.000913244555704, -0.00299768615514, -0.00650710379705, 0.0247061401606, -0.0105336708948], [-0.000271672266535, -0.000568431743886, -0.000271679979051, -0.000706615333911, -0.00130491901655, -0.000335745833581, 0.00246338709258, -0.00194598909002, -0.00123594747856, 0.00210041622631, 0.00261517497711, -0.0105336708948, 0.0196523796767]]
    spectral_contrast:
        mean: [-2.23918405595e-07, -2.49506058481e-07, -2.31123223671e-07, 5.51981109709e-08, 1.89377544757e-07, -2.3631447732e-07, 1.49956736095e-06, -2.62108665083e-06, -1.48901233388e-06, 6.66689004447e-07, 1.78082677849e-06, 1.9371509552e-06]
        var: [0.000509142351802, 0.00075657927664, 0.00165872671641, 0.00308459391817, 0.00612884480506, 0.0167936105281, 0.0633218064904, 0.178298339248, 0.225827038288, 0.724295377731, 0.954276204109, 2.84682583809]

rhythm:
    beats_loudness:
        dmean: 0.00176885933615
        dmean2: 0.00269260909408
        dvar: 6.47270735499e-06
        dvar2: 1.21873308672e-05
        max: 0.0147559475154
        mean: 0.00339524797164
        min: 4.82487885165e-05
        var: 1.27906514535e-05
    beats_loudness_bass:
        dmean: 0.050594188273
        dmean2: 0.0803858861327
        dvar: 0.00182909052819
        dvar2: 0.00495046935976
        max: 0.226185396314
        mean: 0.106673084199
        min: 0.00270342314616
        var: 0.00458071054891
    bpm: 90.1236801147
    bpm_confidence: 0
    first_peak_bpm: 181
    first_peak_spread: 0
    first_peak_weight: 0.550000011921
    onset_rate: 4.08732128143
    second_peak_bpm: 90
    second_peak_spread: 0.111111104488
    second_peak_weight: 0.40000000596
    beats_position: [0.138436704874, 0.804190993309, 1.46994531155, 2.13569974899, 2.80145406723, 3.46720838547, 4.1329627037, 4.79871702194, 5.46447134018, 6.14433813095, 6.47673892975, 6.80913877487, 7.14153957367, 7.47394037247, 7.80634069443, 8.13874149323, 8.47114181519, 8.80354309082, 9.13594341278, 9.46834468842, 9.80074501038]
    bpm_estimates: [90.0947647095, 90.0662841797, 90.5544052124, 90.0513076782, 90.0086669922, 90.0932540894, 89.9971160889]
    bpm_intervals: [0.665754318237, 0.665754318237, 0.665754437447, 0.665754318237, 0.665754318237, 0.665754318237, 0.665754318237, 0.665754318237, 0.679866790771, 0.332400798798, 0.332399845123, 0.332400798798, 0.332400798798, 0.33240032196, 0.332400798798, 0.33240032196, 0.332401275635, 0.33240032196, 0.332401275635, 0.33240032196]
    onset_times: [0.0580498874187, 0.150929704309, 0.301859408617, 0.522448956966, 0.661768734455, 0.777868509293, 0.882358253002, 0.986848056316, 1.10294783115, 1.27709746361, 1.49768710136, 1.66022670269, 1.78793644905, 2.08979582787, 2.29877543449, 2.53097510338, 2.68190479279, 2.76317453384, 2.83283448219, 3.15791392326, 3.29723358154, 3.54104304314, 3.68036270142, 3.77324271202, 4.08671188354, 4.1679816246, 4.43501138687, 4.52789115906, 4.6439909935, 4.99229001999, 5.30575942993, 5.51473903656, 5.72371864319, 5.9094786644, 6.1068482399, 6.25777769089, 6.51319742203, 6.71056699753, 6.8963265419, 7.59292507172, 7.75546503067]
    rubato_start: [6.47673892975]
    rubato_stop: [6.80913877487]
    perceptual_tempo: "unknown"

sfx:
    inharmonicity:
        dmean: 0.032272849232
        dmean2: 0.0570113807917
        dvar: 0.00163498881739
        dvar2: 0.00453372625634
        max: 0.250167906284
        mean: 0.0342619940639
        min: 7.70814222051e-06
        var: 0.00155039108358
    oddtoevenharmonicenergyratio:
        dmean: 5.84007167816
        dmean2: 10.8517789841
        dvar: 1127.40197754
        dvar2: 3562.3425293
        max: 504.679290771
        mean: 4.76655960083
        min: 6.91899185767e-05
        var: 680.334228516
    pitch_after_max_to_before_max_energy_ratio: 1.2844209671
    pitch_centroid: 163.526473999
    pitch_max_to_total: 0.226851850748
    pitch_min_to_total: 0.486111104488
    tristimulus:
        dmean: [0.198376685381, 0.234962970018, 0.083511300385]
        dmean2: [0.346850812435, 0.413394957781, 0.14283041656]
        dvar: [0.0432159490883, 0.0548393540084, 0.00984444282949]
        dvar2: [0.104677587748, 0.143329292536, 0.0258266013116]
        max: [0.991750538349, 0.959858596325, 0.789910316467]
        mean: [0.35592225194, 0.525088369846, 0.0919082835317]
        min: [0.000856644182932, 0, 0]
        var: [0.0568265654147, 0.0646952167153, 0.0111031644046]

tonal:
    chords_changes_rate: 0.101382486522
    chords_number_rate: 0.0322580635548
    chords_strength:
        dmean: 0.00966009031981
        dmean2: 0.0115740662441
        dvar: 7.45331781218e-05
        dvar2: 0.00014233138063
        max: 0.553264558315
        mean: 0.450913578272
        min: 0.319522053003
        var: 0.00233888928778
    key_strength: 0.762170433998
    tuning_diatonic_strength: 0.596391379833
    tuning_equal_tempered_deviation: 0.0944735333323
    tuning_frequency: 442.03793335
    tuning_nontempered_energy_ratio: 0.741926193237
    hpcp:
        dmean: [0.127945929766, 0.137139454484, 0.162986457348, 0.216034397483, 0.215870931745, 0.164040595293, 0.134703814983, 0.135813936591, 0.128207579255, 0.132065579295, 0.134916722775, 0.126577913761, 0.133067712188, 0.115339055657, 0.0868490859866, 0.0832776650786, 0.0743286460638, 0.0841408371925, 0.0944835692644, 0.101393729448, 0.0679145231843, 0.0550308674574, 0.0899344310164, 0.202105492353, 0.191977292299, 0.167620569468, 0.151985570788, 0.176281571388, 0.163344308734, 0.0773821175098, 0.0764006301761, 0.0966762602329, 0.1088417992, 0.123411171138, 0.133008435369, 0.128864690661]
        dmean2: [0.234415650368, 0.252904415131, 0.295417279005, 0.359652787447, 0.371847897768, 0.293412536383, 0.246993988752, 0.241258397698, 0.224141746759, 0.213379055262, 0.226022690535, 0.229536324739, 0.24010142684, 0.208619579673, 0.15647405386, 0.149916738272, 0.134665504098, 0.141312226653, 0.154919475317, 0.179821372032, 0.12375845015, 0.0982327163219, 0.16120326519, 0.352344602346, 0.344486176968, 0.288361728191, 0.275183826685, 0.30382335186, 0.282498300076, 0.134959816933, 0.138764455914, 0.177473276854, 0.193533420563, 0.210536018014, 0.239581495523, 0.228432938457]
        dvar: [0.039322450757, 0.0511126220226, 0.0563555285335, 0.061735894531, 0.0617067143321, 0.0515567958355, 0.0511712469161, 0.0522520802915, 0.0359016805887, 0.0342996455729, 0.0405151359737, 0.045416161418, 0.0449224151671, 0.0331840924919, 0.0215291399509, 0.0279541499913, 0.0174360703677, 0.02205754444, 0.026096560061, 0.0265259034932, 0.0151606081054, 0.00982988905162, 0.0237203724682, 0.044435646385, 0.0667963847518, 0.0352476909757, 0.042844992131, 0.0393589176238, 0.0346035994589, 0.014145527035, 0.0253824163228, 0.0303063001484, 0.0353757925332, 0.025362379849, 0.0409225299954, 0.0445161014795]
        dvar2: [0.111877121031, 0.148514226079, 0.169828906655, 0.175229117274, 0.150616645813, 0.141392618418, 0.134753271937, 0.144917815924, 0.0982858240604, 0.0753677040339, 0.10437720269, 0.124499067664, 0.132058039308, 0.0952513441443, 0.0611561946571, 0.0799863263965, 0.0450327284634, 0.0536487624049, 0.0533347688615, 0.0709945857525, 0.044805791229, 0.0278157256544, 0.0672436058521, 0.128356397152, 0.157197073102, 0.0955661833286, 0.1167685166, 0.0995685756207, 0.0969536080956, 0.0364809110761, 0.0715523809195, 0.084642007947, 0.101634532213, 0.06368599087, 0.117855496705, 0.127751857042]
        max: [1, 1, 1, 1, 1, 1, 1, 1, 1, 1, 1, 1, 1, 0.999459981918, 0.867073535919, 1, 0.750672757626, 1, 1, 1, 1, 0.749332904816, 1, 1, 1, 1, 1, 1, 1, 1, 1, 1, 1, 1, 1, 1]
        mean: [0.111932136118, 0.115426510572, 0.167219817638, 0.289484292269, 0.271365761757, 0.155873984098, 0.130839675665, 0.120957300067, 0.151003018022, 0.203251928091, 0.165623217821, 0.117435924709, 0.140287235379, 0.124510399997, 0.0835325717926, 0.0759642347693, 0.0736541152, 0.108346484601, 0.160386949778, 0.129747450352, 0.0703333169222, 0.0620107464492, 0.0911706760526, 0.336575239897, 0.538502931595, 0.319109618664, 0.174356743693, 0.294734925032, 0.233438268304, 0.0871954709291, 0.0756313577294, 0.0883900076151, 0.117805324495, 0.146321848035, 0.134648025036, 0.116394795477]
        min: [0, 0, 0, 0, 0, 0, 0, 0, 0, 0, 0, 0, 0, 0, 0, 0, 0, 0, 0, 0, 0, 0, 0, 0, 0, 0, 0, 0, 0, 0, 0, 0, 0, 0, 0, 0]
        var: [0.0310779456049, 0.0364865064621, 0.0452449731529, 0.080643221736, 0.0753509029746, 0.04341346398, 0.0480926036835, 0.0430366247892, 0.040691357106, 0.0827953964472, 0.047823343426, 0.0328088700771, 0.0341238565743, 0.0260858125985, 0.0154711687937, 0.0181243941188, 0.0135608036071, 0.0267264321446, 0.0709206834435, 0.0439080558717, 0.0113022150472, 0.00911879446357, 0.0202290732414, 0.0753090381622, 0.175631821156, 0.0731221064925, 0.0404195562005, 0.0854376256466, 0.0590852983296, 0.0149835394695, 0.0185282975435, 0.0217932146043, 0.0281151775271, 0.0315523855388, 0.0310608446598, 0.0353637598455]
    chords_histogram: [45.1612892151, 0, 17.5115203857, 5.5299539566, 0, 0, 0, 4.14746522903, 0, 12.4423961639, 2.7649769783, 0, 0, 0, 0, 0, 0, 0, 0, 0, 0, 0, 12.4423961639, 0]
    thpcp: [1, 0.592586576939, 0.323780477047, 0.547322809696, 0.433494895697, 0.161921992898, 0.140447437763, 0.164140254259, 0.21876449883, 0.271719694138, 0.250041395426, 0.216145142913, 0.207857981324, 0.214347034693, 0.310527205467, 0.537572383881, 0.503926277161, 0.28945800662, 0.242969289422, 0.22461771965, 0.280412614346, 0.37743884325, 0.307562321424, 0.218078523874, 0.260513424873, 0.231215819716, 0.155120000243, 0.141065597534, 0.136775702238, 0.201199427247, 0.297838568687, 0.240941032767, 0.130608975887, 0.115153960884, 0.169303953648, 0.625020265579]
    chords_key: "A#"
    chords_scale: "minor"
    key_key: "A#"
    key_scale: "minor"
    chords_progression: ["G#", "Am", "Am", "G#", "G#", "G#", "G#", "G#", "Am", "Am", "Am", "Am", "F", "F", "F", "F", "F", "F", "F", "F", "A#m", "F", "F", "F", "Fm", "Fm", "Fm", "Fm", "F", "F", "F", "F", "F", "Fm", "Fm", "Fm", "F", "F", "F", "F", "F", "F", "F", "F", "F", "F", "A#m", "F", "A#m", "A#m", "A#m", "A#m", "A#m", "A#m", "A#m", "A#m", "A#m", "A#m", "A#m", "A#m", "A#m", "A#m", "A#m", "A#m", "A#m", "A#m", "A#m", "A#m", "A#m", "A#m", "A#m", "A#m", "A#m", "A#m", "A#m", "A#m", "A#m", "A#m", "A#m", "A#m", "A#m", "A#m", "A#m", "A#m", "A#m", "A#m", "A#m", "A#m", "A#m", "A#m", "A#m", "A#m", "D#m", "D#m", "D#m", "D#m", "D#m", "D#m", "D#m", "D#m", "D#m", "D#m", "D#m", "D#m", "D#m", "D#m", "D#m", "D#m", "D#m", "D#m", "D#m", "D#m", "D#m", "D#m", "D#m", "D#m", "D#m", "D#m", "D#m", "G#", "G#", "G#", "A#m", "G#", "A#m", "G#", "G#", "Fm", "Fm", "Fm", "Fm", "Fm", "Fm", "Fm", "Fm", "Fm", "Fm", "Fm", "Fm", "Fm", "Fm", "Fm", "Fm", "Fm", "Fm", "Fm", "Fm", "Fm", "Fm", "Fm", "Fm", "Fm", "Fm", "Fm", "Fm", "Fm", "Fm", "Fm", "A#", "A#", "A#", "A#", "A#", "A#", "A#", "A#", "A#", "A#m", "A#m", "A#m", "A#m", "A#m", "A#m", "A#m", "A#m", "A#m", "A#m", "A#m", "A#m", "A#m", "A#m", "A#m", "A#m", "A#m", "A#m", "A#m", "A#m", "A#m", "A#m", "A#m", "A#m", "A#m", "A#m", "A#m", "A#m", "A#m", "A#m", "A#m", "A#m", "A#m", "A#m", "A#m", "A#m", "A#m", "A#m", "A#m", "A#m", "A#m", "A#m", "A#m", "A#m", "A#m", "A#m", "A#m", "A#m", "A#m", "A#m"]
