
metadata:
    version:
        essentia: "1.2.2"
    audio_properties:
        analysis_sample_rate: 44100
        bitrate: 128
        channels: 2
        equal_loudness: 1
        length: 10.1093873978
        replay_gain: -16.4305362701
        downmix: "mix"
    tags:
        track: 15
        year: 0
        album: "Splitted by Mp3Splt v. 2.1"
        artist: "From 002.20 To 002.30"
        comment: "http://mp3splt.sf.net"
        genre: ""
        title: "04 Sleepwalking.mp3"

highlevel:
    ballroom:
        all:
            ChaChaCha: 0.0648425072432
            Jive: 0.49740460515
            Quickstep: 0.0412077866495
            Rumba-American: 0.00597793562338
            Rumba-International: 0.0111750774086
            Rumba-Misc: 0.0119810244069
            Samba: 0.0402159914374
            Tango: 0.0157624408603
            VienneseWaltz: 0.274861186743
            Waltz: 0.0365714393556
        probability: 0.49740460515
        value: "Jive"
    culture:
        all:
            non_western: 0.021302446723
            western: 0.978697538376
        probability: 0.978697538376
        value: "western"
    gender:
        all:
            female: 0.416994094849
            male: 0.583005905151
        probability: 0.583005905151
        value: "male"
    genre_dortmund:
        all:
            alternative: 0.225767448545
            blues: 0.00871669035405
            electronic: 0.0389694049954
            folkcountry: 0.127596825361
            funksoulrnb: 0.0391264408827
            jazz: 0.0319152474403
            pop: 0.0542559251189
            raphiphop: 0.00115428050049
            rock: 0.472497731447
        probability: 0.472497731447
        value: "rock"
    genre_electronica:
        all:
            ambient: 0.394235283136
            dnb: 0.151340961456
            house: 0.00408716546372
            techno: 0.0155949778855
            trance: 0.434741616249
        probability: 0.434741616249
        value: "trance"
    genre_rosamerica:
        all:
            cla: 0.0284343082458
            dan: 0.010028895922
            hip: 0.00495210615918
            jaz: 0.00924256257713
            pop: 0.00640597613528
            rhy: 0.00174379535019
            roc: 0.937478125095
            spe: 0.00171421037521
        probability: 0.937478125095
        value: "roc"
    genre_tzanetakis:
        all:
            blu: 0.0213874857873
            cla: 0.0271454751492
            cou: 0.131536349654
            dis: 0.0356872342527
            hip: 0.0206814073026
            jaz: 0.0667030885816
            met: 0.42363512516
            pop: 0.0256974939257
            reg: 0.0147204659879
            roc: 0.232805848122
        probability: 0.42363512516
        value: "met"
    live_studio:
        all:
            live: 0.215612903237
            studio: 0.784387111664
        probability: 0.784387111664
        value: "studio"
    mood:
        all:
            Cluster1: 0.657773792744
            Cluster2: 0.0943797752261
            Cluster3: 0.0150606650859
            Cluster4: 0.0495943464339
            Cluster5: 0.183191403747
        probability: 0.657773792744
        value: "Cluster1"
    mood_acoustic:
        all:
            acoustic: 0.0190028585494
            not_acoustic: 0.980997145176
        probability: 0.980997145176
        value: "not_acoustic"
    mood_aggressive:
        all:
            aggressive: 0.992169857025
            not_aggressive: 0.00783012062311
        probability: 0.992169857025
        value: "aggressive"
    mood_electronic:
        all:
            electronic: 0.457849174738
            not_electronic: 0.54215079546
        probability: 0.54215079546
        value: "not_electronic"
    mood_happy:
        all:
            happy: 0.11593169719
            not_happy: 0.884068310261
        probability: 0.884068310261
        value: "not_happy"
    mood_party:
        all:
            not_party: 0.458909124136
            party: 0.541090905666
        probability: 0.541090905666
        value: "party"
    mood_relaxed:
        all:
            not_relaxed: 0.861231029034
            relaxed: 0.138768956065
        probability: 0.861231029034
        value: "not_relaxed"
    mood_sad:
        all:
            not_sad: 0.992312610149
            sad: 0.00768740708008
        probability: 0.992312610149
        value: "not_sad"
    rhythm:
        all:
            fast: 0.407897949219
            medium: 0.0590925142169
            slow: 0.533009529114
        probability: 0.533009529114
        value: "slow"
    speech_music:
        all:
            music: 0.999664604664
            speech: 0.000335384509526
        probability: 0.999664604664
        value: "music"
    timbre:
        all:
            bright: 0.378055542707
            dark: 0.621944487095
        probability: 0.621944487095
        value: "dark"
    voice_instrumental:
        all:
            instrumental: 0.891228854656
            voice: 0.108771145344
        probability: 0.891228854656
        value: "instrumental"

lowlevel:
    average_loudness: 0.980647444725
    barkbands_kurtosis:
        dmean: 0.5762835145
        dmean2: 0.954832792282
        dvar: 0.522396028042
        dvar2: 1.36460268497
        max: 5.17722034454
        mean: -0.739213645458
        min: -1.84060955048
        var: 1.35469961166
    barkbands_skewness:
        dmean: 0.325676888227
        dmean2: 0.538090884686
        dvar: 0.0652452781796
        dvar2: 0.164784386754
        max: 0.525044083595
        mean: -0.696338295937
        min: -2.42030978203
        var: 0.317291378975
    barkbands_spread:
        dmean: 4.22642230988
        dmean2: 6.90443277359
        dvar: 16.6596603394
        dvar2: 45.1047210693
        max: 52.5644302368
        mean: 31.7243537903
        min: 13.1515417099
        var: 37.6819648743
    dissonance:
        dmean: 0.00909107550979
        dmean2: 0.0154256196693
        dvar: 9.76351293502e-05
        dvar2: 0.000236506166402
        max: 0.499170988798
        mean: 0.48209837079
        min: 0.375320464373
        var: 0.000138771996717
    hfc:
        dmean: 2.68781375885
        dmean2: 4.27256298065
        dvar: 5.44800662994
        dvar2: 13.6592445374
        max: 26.128080368
        mean: 13.8608903885
        min: 7.17632838132e-06
        var: 18.4119377136
    pitch:
        dmean: 703.366821289
        dmean2: 1388.67773438
        dvar: 1428560.5
        dvar2: 3793456.25
        max: 3675
        mean: 2702.95410156
        min: 104.255317688
        var: 1397626.75
    pitch_instantaneous_confidence:
        dmean: 0.0813139900565
        dmean2: 0.132358491421
        dvar: 0.00407063122839
        dvar2: 0.0104872509837
        max: 0.769937157631
        mean: 0.458871424198
        min: 0.204943239689
        var: 0.0122639741749
    pitch_salience:
        dmean: 0.0436416827142
        dmean2: 0.0719649791718
        dvar: 0.00128426251467
        dvar2: 0.0031240163371
        max: 0.953969120979
        mean: 0.669564187527
        min: 0.538947105408
        var: 0.00248177070171
    silence_rate_20dB:
        dmean: 0
        dmean2: 0
        dvar: 0
        dvar2: 0
        max: 1
        mean: 1
        min: 1
        var: 0
    silence_rate_30dB:
        dmean: 0
        dmean2: 0
        dvar: 0
        dvar2: 0
        max: 1
        mean: 1
        min: 1
        var: 0
    silence_rate_60dB:
        dmean: 0.00917431153357
        dmean2: 0.0183908045292
        dvar: 0.00909013766795
        dvar2: 0.0226502120495
        max: 1
        mean: 0.0114416480064
        min: 0
        var: 0.011310717091
    spectral_centroid:
        dmean: 203.099334717
        dmean2: 335.680084229
        dvar: 26405.9902344
        dvar2: 67436.671875
        max: 2842.66577148
        mean: 2124.58081055
        min: 1297.12475586
        var: 113310.679688
    spectral_complexity:
        dmean: 3.43908047676
        dmean2: 5.3041472435
        dvar: 7.52447557449
        dvar2: 17.4420547485
        max: 39
        mean: 23.5619258881
        min: 0
        var: 23.6865348816
    spectral_crest:
        dmean: 1.5127338171
        dmean2: 2.55240702629
        dvar: 1.52523541451
        dvar2: 3.86093020439
        max: 14.4682655334
        mean: 6.59505367279
        min: 2.9406876564
        var: 3.59052944183
    spectral_decrease:
        dmean: 2.46222431333e-10
        dmean2: 3.73273717491e-10
        dvar: 4.62175244231e-20
        dvar2: 1.07009880766e-19
        max: -5.91535305473e-16
        mean: -1.39931077836e-09
        min: -2.74516920307e-09
        var: 1.45849635903e-19
    spectral_energy:
        dmean: 0.00112954957876
        dmean2: 0.00172243872657
        dvar: 9.65204662862e-07
        dvar2: 2.23398387789e-06
        max: 0.0125116668642
        mean: 0.00653854291886
        min: 2.88350765487e-09
        var: 3.07560435431e-06
    spectral_energyband_high:
        dmean: 0.000124183105072
        dmean2: 0.000203440111363
        dvar: 1.62790616542e-08
        dvar2: 3.94414598759e-08
        max: 0.00120072858408
        mean: 0.000387508771382
        min: 4.98829311191e-10
        var: 3.29530571719e-08
    spectral_energyband_low:
        dmean: 0.000107516134449
        dmean2: 0.000182834686711
        dvar: 3.45899593412e-08
        dvar2: 9.30805299504e-08
        max: 0.00143179344013
        mean: 0.000177706315299
        min: 2.55354071221e-10
        var: 3.31301635015e-08
    spectral_energyband_middle_high:
        dmean: 0.000830092234537
        dmean2: 0.00131578429136
        dvar: 4.87529916882e-07
        dvar2: 1.26432917114e-06
        max: 0.00806015916169
        mean: 0.00411063991487
        min: 9.89788806471e-10
        var: 1.73301987161e-06
    spectral_energyband_middle_low:
        dmean: 0.000571722979657
        dmean2: 0.000897099729627
        dvar: 3.52090324895e-07
        dvar2: 8.86545308276e-07
        max: 0.00565066980198
        mean: 0.00186268496327
        min: 1.07739916988e-09
        var: 1.0283690699e-06
    spectral_flatness_db:
        dmean: 0.0122951902449
        dmean2: 0.0201140455902
        dvar: 0.000146305057569
        dvar2: 0.000283471832518
        max: 0.209308281541
        mean: 0.156994134188
        min: 0.024012580514
        var: 0.000356927688699
    spectral_flux:
        dmean: 0.00579479429871
        dmean2: 0.00899756513536
        dvar: 2.65509552264e-05
        dvar2: 5.31792065885e-05
        max: 0.0761534050107
        mean: 0.0449332371354
        min: 5.36983025086e-05
        var: 6.50762594887e-05
    spectral_kurtosis:
        dmean: 1.10502994061
        dmean2: 1.97052145004
        dvar: 0.913544893265
        dvar2: 2.65125799179
        max: 13.6694965363
        mean: 4.35393762589
        min: 0.202856063843
        var: 1.56481528282
    spectral_rms:
        dmean: 0.000221313530346
        dmean2: 0.000330323848175
        dvar: 4.10090663649e-08
        dvar2: 7.62247225339e-08
        max: 0.00349378073588
        mean: 0.00249915709719
        min: 1.67725318079e-06
        var: 1.33274113523e-07
    spectral_rolloff:
        dmean: 132.614837646
        dmean2: 216.324295044
        dvar: 18189.0410156
        dvar2: 41339.0546875
        max: 4500.43945312
        mean: 3421.65283203
        min: 2842.3828125
        var: 38635.0742188
    spectral_skewness:
        dmean: 0.140691637993
        dmean2: 0.243318095803
        dvar: 0.0170278530568
        dvar2: 0.0446223318577
        max: 2.71965432167
        mean: 1.2604496479
        min: 0.725168704987
        var: 0.0361112877727
    spectral_spread:
        dmean: 321558.25
        dmean2: 462615.625
        dvar: 2.3008533545e+12
        dvar2: 2.33224536064e+12
        max: 34159392
        mean: 3606988.25
        min: 2289996
        var: 2.66153440051e+12
    spectral_strongpeak:
        dmean: 1.09664523602
        dmean2: 1.88027191162
        dvar: 1.24407672882
        dvar2: 3.09358549118
        max: 9.24690628052
        mean: 1.74250233173
        min: 0
        var: 2.49959373474
    zerocrossingrate:
        dmean: 0.00520608853549
        dmean2: 0.0069214431569
        dvar: 3.23313106492e-05
        dvar2: 3.97591174988e-05
        max: 0.1416015625
        mean: 0.113506354392
        min: 0.021484375
        var: 0.000148187173181
    barkbands:
        dmean: [2.5906308565e-07, 5.90244380874e-05, 6.22249863227e-05, 0.000109526030428, 0.000323204993038, 0.000138682356919, 0.000134518631967, 0.000158602895681, 0.000113544301712, 6.35237593087e-05, 4.35431247752e-05, 4.10533684772e-05, 5.29414064658e-05, 2.38830070884e-05, 0.000140345742693, 9.72921625362e-05, 0.000238573426032, 0.000454586290289, 0.000459367176518, 0.000152748791152, 5.30278448423e-05, 7.74887121224e-06, 5.98881297265e-06, 8.38747723719e-07, 3.79271625661e-07, 1.9380621552e-08, 6.05490491079e-10]
        dmean2: [4.01061384991e-07, 0.000104221828224, 0.000105310427898, 0.000184961158084, 0.000522118294612, 0.000221835682169, 0.000227983269724, 0.000261841341853, 0.000179169044713, 9.97681563604e-05, 7.33265624149e-05, 6.9233130489e-05, 8.82970780367e-05, 4.12026711274e-05, 0.000233542901697, 0.000159109564265, 0.000365878164303, 0.000746038916986, 0.000751592277084, 0.000250842684181, 8.54276295286e-05, 1.2574018001e-05, 9.63172533375e-06, 1.2728010006e-06, 5.08170273861e-07, 2.96627842289e-08, 1.02847697026e-09]
        dvar: [3.6681700971e-13, 1.5963259159e-08, 7.85093412503e-09, 2.4832523593e-08, 1.86955134041e-07, 1.83106134699e-08, 2.05203836146e-08, 5.18224574364e-08, 3.07847649594e-08, 9.51444256714e-09, 1.6946211101e-09, 2.88479351518e-09, 3.1400499978e-09, 6.86118495352e-10, 1.67103824111e-08, 1.43967993083e-08, 4.95385243937e-08, 1.91044080111e-07, 1.47456347577e-07, 2.74983094073e-08, 3.50250273229e-09, 9.28170248993e-11, 6.6212368921e-11, 6.00542142057e-12, 1.66810662505e-12, 4.52248254714e-15, 2.35037084484e-17]
        dvar2: [8.68820748852e-13, 4.46213448413e-08, 2.12293347346e-08, 6.85494399022e-08, 4.81473648506e-07, 4.72727741396e-08, 5.48299432523e-08, 1.35283443115e-07, 8.31531394851e-08, 2.37845458884e-08, 4.26471657988e-09, 8.58408366611e-09, 9.13520459278e-09, 1.92570381863e-09, 4.27623021437e-08, 3.54476412667e-08, 1.09321646846e-07, 5.06680237322e-07, 4.01607252343e-07, 7.35033083288e-08, 8.48870929104e-09, 2.30787347566e-10, 1.74033884526e-10, 1.38399430805e-11, 2.15135483213e-12, 1.08516067497e-14, 6.03636441674e-17]
        max: [4.8060046538e-06, 0.000944121857174, 0.000762227107771, 0.00131424027495, 0.003647667123, 0.00111085246317, 0.0012713271426, 0.00217090570368, 0.00240792427212, 0.00172917579766, 0.00028145572287, 0.000477063615108, 0.000539481407031, 0.000205054995604, 0.00104054063559, 0.00120815844275, 0.00288425944746, 0.00441085360944, 0.00415956508368, 0.00178511824924, 0.000702218792867, 0.000137255527079, 7.02181496308e-05, 5.48307652934e-05, 3.27928137267e-05, 1.56674366281e-06, 7.68338850321e-08]
        mean: [2.24193129839e-07, 7.11763568688e-05, 0.000106315550511, 0.000162173339049, 0.000610726885498, 0.000276584731182, 0.000241661662585, 0.000329738715664, 0.000222474263865, 0.000126311104395, 7.02023462509e-05, 7.38001181162e-05, 9.7883224953e-05, 4.42977943749e-05, 0.000269638461759, 0.0001983238908, 0.000587772403378, 0.00119304039981, 0.00125690503046, 0.000432597182225, 0.000129463121993, 2.28408589464e-05, 1.10354867502e-05, 2.23097845264e-06, 1.09116547264e-06, 4.22134149858e-08, 4.25319279795e-10]
        min: [9.53120499192e-11, 1.3210192662e-10, 7.58299811832e-11, 6.70307143125e-11, 1.54675675046e-10, 1.58501892167e-10, 1.62237112633e-10, 1.99830985093e-10, 3.06971753572e-10, 1.05903008585e-10, 1.53511890699e-11, 1.41307469198e-11, 2.18498726057e-11, 3.33052890822e-11, 7.88447779287e-11, 5.15174153337e-11, 4.69581352969e-11, 3.03384095623e-10, 3.12879278042e-10, 8.38533201208e-11, 1.46857109806e-10, 9.62152718609e-11, 5.23866679203e-11, 4.31901979459e-11, 3.90006880957e-11, 3.66260806406e-11, 8.76601037852e-14]
        var: [3.43440553774e-13, 1.14388658545e-08, 1.02857500295e-08, 3.54209035436e-08, 3.30801555037e-07, 4.13961771528e-08, 4.59195348412e-08, 1.44243855971e-07, 5.21591374536e-08, 2.5676817117e-08, 2.58186405588e-09, 4.51729320616e-09, 5.91394444527e-09, 1.24901966547e-09, 2.85474257566e-08, 2.17878586284e-08, 1.43133235042e-07, 4.44454883564e-07, 4.34882053924e-07, 5.2197002276e-08, 5.70890046347e-09, 2.65781480158e-10, 1.22229656951e-10, 2.36528643893e-11, 9.52737975318e-12, 1.06940145758e-14, 1.37606838485e-17]
    mfcc:
        mean: [-681.493469238, 108.237426758, -64.2100067139, 66.4920120239, -13.2129526138, -20.720998764, -6.25374603271, 0.0663023218513, -9.07929134369, -2.72730588913, -3.82609534264, -6.39553070068, -3.87900733948]
        cov: [[1705.74914551, 43.8158988953, -92.5634841919, -24.3128185272, -35.6081390381, -21.887834549, -24.8363437653, -45.1467208862, -7.40740537643, -15.5283765793, -23.7107467651, -18.3217601776, -11.6853961945], [43.8158988953, 184.356369019, -5.23427057266, 40.131072998, -15.091463089, -21.9644050598, -4.10572385788, -12.2446250916, 17.9507293701, -0.382321894169, 8.27953052521, 9.52587890625, 2.17747282982], [-92.5634841919, -5.23427057266, 119.192314148, -12.1962194443, 18.5753307343, -24.9762935638, -8.0349445343, -8.02446937561, 23.1827583313, 5.11051988602, 16.4636554718, 10.2845926285, 3.53807544708], [-24.3128185272, 40.131072998, -12.1962194443, 100.089149475, 31.0173778534, 2.0962035656, 7.93276071548, 14.098326683, -6.83068752289, 4.80181741714, 0.50020802021, 18.0186691284, 20.19672966], [-35.6081390381, -15.091463089, 18.5753307343, 31.0173778534, 63.3202629089, 18.2797260284, 8.24570178986, 7.18714523315, 0.0804035812616, -0.742822825909, 4.94882535934, 9.10416698456, 7.19586038589], [-21.887834549, -21.9644050598, -24.9762935638, 2.0962035656, 18.2797260284, 91.671585083, 30.4504184723, 8.03593158722, -13.1788034439, -4.50843572617, -6.62571907043, -6.20176839828, 3.50698661804], [-24.8363437653, -4.10572385788, -8.0349445343, 7.93276071548, 8.24570178986, 30.4504184723, 72.3916854858, 26.1534996033, 14.6814947128, 11.7215719223, 10.1330041885, 1.11505961418, 3.50199961662], [-45.1467208862, -12.2446250916, -8.02446937561, 14.098326683, 7.18714523315, 8.03593158722, 26.1534996033, 55.0175857544, 7.44418334961, 7.00682973862, 2.88797974586, 3.33854484558, 9.30715751648], [-7.40740537643, 17.9507293701, 23.1827583313, -6.83068752289, 0.0804035812616, -13.1788034439, 14.6814947128, 7.44418334961, 61.8711700439, 22.8146972656, 12.9342269897, 1.68262839317, -2.45633745193], [-15.5283765793, -0.382321894169, 5.11051988602, 4.80181741714, -0.742822825909, -4.50843572617, 11.7215719223, 7.00682973862, 22.8146972656, 49.155330658, 24.9949054718, 1.80092978477, 4.4624080658], [-23.7107467651, 8.27953052521, 16.4636554718, 0.50020802021, 4.94882535934, -6.62571907043, 10.1330041885, 2.88797974586, 12.9342269897, 24.9949054718, 43.7576370239, 11.8411989212, 1.60008990765], [-18.3217601776, 9.52587890625, 10.2845926285, 18.0186691284, 9.10416698456, -6.20176839828, 1.11505961418, 3.33854484558, 1.68262839317, 1.80092978477, 11.8411989212, 40.7107429504, 21.6697483063], [-11.6853961945, 2.17747282982, 3.53807544708, 20.19672966, 7.19586038589, 3.50698661804, 3.50199961662, 9.30715751648, -2.45633745193, 4.4624080658, 1.60008990765, 21.6697483063, 42.8325233459]]
        icov: [[0.000644799263682, -0.00011831131269, 0.000638286059257, 0.000231959173107, -0.000114677903184, 0.000288780604023, -4.02801051678e-05, 0.00055807409808, -0.000172635627678, 0.000103356440377, 0.000114810849482, 0.000158696391736, -0.000207767850952], [-0.00011831131269, 0.00763373682275, 0.000352422794094, -0.00513231148943, 0.00401222147048, 0.000356844480848, 9.70967739704e-05, 0.00254044425674, -0.00383427599445, 0.00351971341297, -0.00307954335585, 8.50926953717e-05, 0.000192750652786], [0.000638286059257, 0.000352422794094, 0.0122388703749, 0.00282370578498, -0.00527014583349, 0.00345957861282, 0.000641822640318, 0.00241487356834, -0.00422458304092, 0.00234586326405, -0.00346685247496, -0.000310833973344, -0.00236118235625], [0.000231959173107, -0.00513231148943, 0.00282370578498, 0.0181270651519, -0.0105244396254, 0.0025494878646, -0.00118264718913, -0.00297545059584, 0.0045917974785, -0.00531898299232, 0.00472480291501, -0.00384157965891, -0.00356937851757], [-0.000114677903184, 0.00401222147048, -0.00527014583349, -0.0105244396254, 0.0254998784512, -0.00623427843675, 0.000921792059671, -0.000321953644743, -0.00256173266098, 0.00443719374016, -0.00419883010909, -0.00139167066664, 0.00163543515373], [0.000288780604023, 0.000356844480848, 0.00345957861282, 0.0025494878646, -0.00623427843675, 0.0164520964026, -0.00754140596837, 0.00190825643949, 0.00338773289695, 4.62583629997e-05, 0.00189077982213, 0.00280696875416, -0.00282629928552], [-4.02801051678e-05, 9.70967739704e-05, 0.000641822640318, -0.00118264718913, 0.000921792059671, -0.00754140596837, 0.0216594450176, -0.00812125112861, -0.00520260538906, -9.03363741145e-07, -0.00453289831057, 0.000187893267139, 0.000721127609722], [0.00055807409808, 0.00254044425674, 0.00241487356834, -0.00297545059584, -0.000321953644743, 0.00190825643949, -0.00812125112861, 0.0249639488757, -0.00299286609516, 0.000655062380247, -0.000229517216212, 0.00153483846225, -0.00464379135519], [-0.000172635627678, -0.00383427599445, -0.00422458304092, 0.0045917974785, -0.00256173266098, 0.00338773289695, -0.00520260538906, -0.00299286609516, 0.0255261436105, -0.012469837442, 0.00442773336545, -0.00220143212937, 0.00327165145427], [0.000103356440377, 0.00351971341297, 0.00234586326405, -0.00531898299232, 0.00443719374016, 4.62583629997e-05, -9.03363741145e-07, 0.000655062380247, -0.012469837442, 0.0380555838346, -0.0222075469792, 0.00904488004744, -0.00715417228639], [0.000114810849482, -0.00307954335585, -0.00346685247496, 0.00472480291501, -0.00419883010909, 0.00189077982213, -0.00453289831057, -0.000229517216212, 0.00442773336545, -0.0222075469792, 0.0415601804852, -0.0143501320854, 0.00749244075269], [0.000158696391736, 8.50926953717e-05, -0.000310833973344, -0.00384157965891, -0.00139167066664, 0.00280696875416, 0.000187893267139, 0.00153483846225, -0.00220143212937, 0.00904488004744, -0.0143501320854, 0.0415144152939, -0.0200042221695], [-0.000207767850952, 0.000192750652786, -0.00236118235625, -0.00356937851757, 0.00163543515373, -0.00282629928552, 0.000721127609722, -0.00464379135519, 0.00327165145427, -0.00715417228639, 0.00749244075269, -0.0200042221695, 0.036838684231]]
    spectral_contrast:
        mean: [-2.27315339885e-07, 7.84948994692e-08, -2.33189496157e-07, 5.49822061657e-07, 1.95970770278e-07, -1.44021768733e-07, 2.99861949316e-06, -2.88569867735e-06, 4.35177116742e-06, 7.21270907889e-07, 6.34734760752e-07, 2.57448323282e-06]
        var: [0.000223107737838, 0.000572927005123, 0.000822444213554, 0.00118185952306, 0.00232153641991, 0.00315467338078, 0.0359319709241, 0.0516243055463, 0.100216910243, 0.126070007682, 0.295660436153, 0.782248914242]

rhythm:
    beats_loudness:
        dmean: 0.00288383779116
        dmean2: 0.00515928026289
        dvar: 2.4897296953e-06
        dvar2: 1.04081518657e-05
        max: 0.0113687906414
        mean: 0.00700578233227
        min: 0.00319516751915
        var: 4.42893815489e-06
    beats_loudness_bass:
        dmean: 0.0236074272543
        dmean2: 0.0359604507685
        dvar: 0.000296882702969
        dvar2: 0.000851803342812
        max: 0.0910208597779
        mean: 0.039729565382
        min: 0.0100238556042
        var: 0.000532274134457
    bpm: 101.346160889
    bpm_confidence: 0
    first_peak_bpm: 101
    first_peak_spread: 0
    first_peak_weight: 0.473684221506
    onset_rate: 2.37403106689
    second_peak_bpm: 152
    second_peak_spread: 0
    second_peak_weight: 0.473684221506
    beats_position: [0.110532678664, 0.702581942081, 1.29463112354, 1.88668048382, 2.47872972488, 3.07077908516, 3.66282844543, 4.25487756729, 4.84692716599, 5.43897628784, 6.19813108444, 6.59218597412, 6.9862408638, 7.38029527664, 7.77434921265, 8.16840362549, 8.562458992, 8.95651340485, 9.35056781769, 9.7446231842]
    bpm_estimates: [101.499595642, 102.039718628, 101.395690918, 100.449653625]
    bpm_intervals: [0.592049241066, 0.592049181461, 0.592049360275, 0.592049241066, 0.592049360275, 0.592049360275, 0.592049121857, 0.592049598694, 0.592049121857, 0.7591547966, 0.394054889679, 0.394054889679, 0.394054412842, 0.394053936005, 0.394054412842, 0.394055366516, 0.394054412842, 0.394054412842, 0.394055366516]
    onset_times: [0.0464399084449, 0.383129239082, 0.592108845711, 0.812698423862, 1.20743763447, 1.38158726692, 2.18267583847, 2.36843538284, 2.76317453384, 3.00698423386, 3.77324271202, 4.20281171799, 4.23764181137, 5.35219955444, 5.73532867432, 6.15328788757, 6.93115663528, 7.14013624191, 7.27945566177, 7.74385499954, 8.53333377838, 8.84680271149, 9.32281208038, 9.71755123138]
    rubato_start: [6.59218597412]
    rubato_stop: [9.7446231842]
    perceptual_tempo: "unknown"

sfx:
    inharmonicity:
        dmean: 0.0663498342037
        dmean2: 0.117930009961
        dvar: 0.00354302115738
        dvar2: 0.0101558836177
        max: 0.350775301456
        mean: 0.0818585902452
        min: 0
        var: 0.00389559054747
    oddtoevenharmonicenergyratio:
        dmean: 8.97054195404
        dmean2: 16.5183963776
        dvar: 3833.73339844
        dvar2: 11257.8896484
        max: 796.10369873
        mean: 5.05943822861
        min: 0
        var: 1945.00720215
    pitch_after_max_to_before_max_energy_ratio: 2.06492376328
    pitch_centroid: 207.603240967
    pitch_max_to_total: 0.291284412146
    pitch_min_to_total: 0.538990855217
    tristimulus:
        dmean: [0.143341496587, 0.316936016083, 0.226116254926]
        dmean2: [0.252743810415, 0.563472807407, 0.414848864079]
        dvar: [0.0159211829305, 0.0596871078014, 0.0416148304939]
        dvar2: [0.041047975421, 0.176568612456, 0.115778081119]
        max: [1, 0.9847843647, 0.831457614899]
        mean: [0.228519782424, 0.460295259953, 0.188496902585]
        min: [0.00621321424842, 0, 0]
        var: [0.0206503365189, 0.0833764374256, 0.043350096792]

tonal:
    chords_changes_rate: 0.041284404695
    chords_number_rate: 0.0275229364634
    chords_strength:
        dmean: 0.00901268702
        dmean2: 0.0079316040501
        dvar: 5.0719925639e-05
        dvar2: 5.03357914567e-05
        max: 0.707090198994
        mean: 0.561300218105
        min: 0.38626536727
        var: 0.00792379304767
    key_strength: 0.748570740223
    tuning_diatonic_strength: 0.752936899662
    tuning_equal_tempered_deviation: 0.0632441341877
    tuning_frequency: 442.03793335
    tuning_nontempered_energy_ratio: 0.720433354378
    hpcp:
        dmean: [0.115403316915, 0.0785561278462, 0.106253251433, 0.150242522359, 0.115090720356, 0.0769463628531, 0.0812735036016, 0.0972090661526, 0.129889845848, 0.14162760973, 0.139052391052, 0.126458913088, 0.117188736796, 0.0853492617607, 0.0807557329535, 0.0849618762732, 0.11265848577, 0.177851870656, 0.21283057332, 0.138724431396, 0.0608684681356, 0.0583567470312, 0.0874259844422, 0.139655306935, 0.212287768722, 0.154002889991, 0.107641041279, 0.134623706341, 0.160235419869, 0.217889368534, 0.237651571631, 0.189592480659, 0.213061794639, 0.199268087745, 0.185023292899, 0.162490263581]
        dmean2: [0.193709269166, 0.129504129291, 0.174466490746, 0.252896636724, 0.194096818566, 0.126575008035, 0.133285045624, 0.166139632463, 0.214846253395, 0.245251089334, 0.232366815209, 0.209301665425, 0.193278968334, 0.146106883883, 0.141500279307, 0.147563382983, 0.183948248625, 0.296966791153, 0.347843319178, 0.233511075377, 0.101079337299, 0.100482702255, 0.150427058339, 0.240578368306, 0.361224114895, 0.264290392399, 0.176742345095, 0.22838370502, 0.271840155125, 0.375525414944, 0.401454687119, 0.29908144474, 0.342136561871, 0.328041136265, 0.306022584438, 0.272929191589]
        dvar: [0.0133697213605, 0.0065116295591, 0.0116798756644, 0.0210542771965, 0.0110447630286, 0.00952436216176, 0.0150976143777, 0.0143415331841, 0.0285723730922, 0.0329551808536, 0.0286999363452, 0.0211988370866, 0.020327443257, 0.0107126859948, 0.00924050062895, 0.00973860826343, 0.0119668450207, 0.0241891760379, 0.0315791741014, 0.0155042493716, 0.0109487809241, 0.0063364347443, 0.0126008279622, 0.0175110157579, 0.0310444068164, 0.0168922971934, 0.01089125406, 0.0199347436428, 0.0262063425034, 0.0330680757761, 0.0354605093598, 0.0228944793344, 0.0291408058256, 0.0326073542237, 0.0276936348528, 0.0228692814708]
        dvar2: [0.033175136894, 0.0174169540405, 0.0323793701828, 0.0571269020438, 0.0306927580386, 0.0273065045476, 0.039173103869, 0.0425306707621, 0.0623744688928, 0.0904058516026, 0.0610693655908, 0.0540557652712, 0.0488486774266, 0.0297417379916, 0.0259744599462, 0.026252521202, 0.0331846252084, 0.065457880497, 0.0773250386119, 0.0383592434227, 0.0274027511477, 0.0166074186563, 0.0368812605739, 0.0464106537402, 0.0788546577096, 0.0437654815614, 0.0281816478819, 0.0502810627222, 0.0769846960902, 0.0928807705641, 0.0945887640119, 0.0564429350197, 0.0732575431466, 0.0797155350447, 0.0740292519331, 0.05880895257]
        max: [0.964453697205, 0.647346496582, 1, 1, 0.711574494839, 0.792223632336, 1, 0.90470546484, 1, 1, 1, 1, 1, 0.716576635838, 0.9835755229, 1, 0.968402206898, 1, 1, 1, 0.91410702467, 0.680968225002, 0.880606234074, 1, 1, 0.924428582191, 1, 1, 1, 1, 1, 1, 1, 1, 1, 1]
        mean: [0.243647187948, 0.151541993022, 0.225646793842, 0.316008269787, 0.233351349831, 0.147349193692, 0.160716280341, 0.183059081435, 0.252094656229, 0.29368776083, 0.264937907457, 0.27769395709, 0.246767222881, 0.149195209146, 0.138036668301, 0.152631044388, 0.190384402871, 0.444047838449, 0.571062505245, 0.302109181881, 0.0920911580324, 0.0931634828448, 0.151890039444, 0.328253954649, 0.439048916101, 0.292767524719, 0.193027377129, 0.254779160023, 0.30278557539, 0.473492085934, 0.593441605568, 0.468988925219, 0.489564269781, 0.523795008659, 0.432184636593, 0.368114680052]
        min: [0.0232413746417, 0.0229695290327, 0.0313846729696, 0.0452158972621, 0.0489893108606, 0.0271381922066, 0.0228770952672, 0.035012986511, 0.036398421973, 0.0224764961749, 0.0298820789903, 0.0334620960057, 0.0248091556132, 0.0200150217861, 0.0108534516767, 0.00849878881127, 0.014798139222, 0.0425203107297, 0.0685321837664, 0.0439935959876, 0.010453497991, 0.0135656204075, 0.0175960920751, 0.0218836404383, 0.0319853127003, 0.0329863391817, 0.023249335587, 0.0293510053307, 0.0440014265478, 0.0748680755496, 0.137544855475, 0.0912189036608, 0.0563775151968, 0.0551636442542, 0.0526172593236, 0.0455518886447]
        var: [0.0265202000737, 0.0099973641336, 0.0241942442954, 0.0427256934345, 0.0193964224309, 0.0105874519795, 0.0183198228478, 0.0182669777423, 0.0591439940035, 0.0848504304886, 0.055939860642, 0.0634411647916, 0.0643334537745, 0.0171850901097, 0.0119766611606, 0.0150363808498, 0.0230023730546, 0.0514830835164, 0.0750901922584, 0.0317236445844, 0.00937561411411, 0.00601902743801, 0.0163778867573, 0.0512202940881, 0.0735706165433, 0.0260912869126, 0.0256207622588, 0.0488133877516, 0.0375747978687, 0.063482016325, 0.0744664669037, 0.0503920502961, 0.0801045224071, 0.090208619833, 0.0622863173485, 0.0535607337952]
    chords_histogram: [32.5688056946, 10.5504589081, 27.0642204285, 0, 0, 0, 0, 0, 21.1009178162, 0, 1.83486235142, 0, 0, 0, 0, 0, 0, 0, 0, 0, 0, 0, 0.458715587854, 6.42201852798]
    thpcp: [1, 0.790286540985, 0.824957787991, 0.882639527321, 0.72826820612, 0.620304822922, 0.410566419363, 0.255361258984, 0.380234211683, 0.532501041889, 0.393217027187, 0.248296022415, 0.270820707083, 0.308470249176, 0.424801111221, 0.494889050722, 0.446443080902, 0.467938125134, 0.415823936462, 0.251406729221, 0.232603624463, 0.257196396589, 0.320814043283, 0.748258709908, 0.962289273739, 0.509079873562, 0.155181497335, 0.156988456845, 0.255947738886, 0.553136050701, 0.739835083485, 0.493338376284, 0.325267672539, 0.429324746132, 0.510219633579, 0.797874748707]
    chords_key: "G#"
    chords_scale: "major"
    key_key: "G#"
    key_scale: "major"
    chords_progression: ["G", "G", "G", "G", "G#", "G#", "G#", "G#", "G#", "G#", "G#", "G#", "G#", "G#", "G#", "G#", "G#", "G#", "G#", "G#", "G#", "G#", "G#", "G#", "G#", "G#", "G#", "G#", "G#", "G#", "G#", "G#", "G#", "G#", "G#", "G#", "G#", "G#", "G#", "G#", "G#", "G#", "G#", "G#", "G#", "G#", "G#", "G#", "G#", "G#", "G#", "G#", "G#", "G#", "G#", "G#", "G#", "G#", "G#", "G#", "G#", "G#", "G#", "G#", "G#", "G#", "G#", "G#", "G#", "G#", "G#", "G#", "G#", "G#", "G#", "Fm", "Fm", "Fm", "Fm", "Fm", "Fm", "Fm", "Fm", "Fm", "Fm", "Fm", "Fm", "Fm", "Fm", "C", "C", "C", "C", "C", "C#", "C", "C", "C", "C", "C", "C", "C", "C", "C", "C", "C", "C", "C", "C", "C", "C", "D#", "D#", "D#", "D#", "D#", "D#", "D#", "D#", "D#", "D#", "D#", "D#", "D#", "D#", "D#", "D#", "D#", "D#", "D#", "D#", "D#", "Cm", "Cm", "Cm", "Cm", "Cm", "Cm", "Cm", "Cm", "Cm", "Cm", "Cm", "Cm", "Cm", "Cm", "Cm", "Cm", "Cm", "Cm", "Cm", "Cm", "Cm", "Cm", "Cm", "C", "C", "C", "C", "C", "C", "C", "C", "C", "C", "C", "C", "C", "C", "C", "C", "C", "C", "C", "C", "C", "C", "C", "C", "C", "D#", "D#", "D#", "D#", "D#", "D#", "D#", "D#", "D#", "D#", "D#", "D#", "D#", "D#", "D#", "D#", "D#", "D#", "D#", "D#", "D#", "D#", "D#", "D#", "D#", "D#", "D#", "D#", "D#", "D#", "D#", "D#", "D#", "D#", "D#", "D#", "D#", "D#"]
