
metadata:
    version:
        essentia: "1.2.2"
    audio_properties:
        analysis_sample_rate: 44100
        bitrate: 128
        channels: 2
        equal_loudness: 1
        length: 10.0310201645
        replay_gain: -8.93828201294
        downmix: "mix"
    tags:
        track: 11
        year: 0
        album: "Splitted by Mp3Splt v. 2.1"
        artist: "From 001.40 To 001.50"
        comment: "http://mp3splt.sf.net"
        genre: ""
        title: "09 Rogue Soul.mp3"

highlevel:
    ballroom:
        all:
            ChaChaCha: 0.637811839581
            Jive: 0.0618960298598
            Quickstep: 0.00791932828724
            Rumba-American: 0.00280771870166
            Rumba-International: 0.0360006093979
            Rumba-Misc: 0.00462099863216
            Samba: 0.246943965554
            Tango: 0.000513984879944
            VienneseWaltz: 0.000551197037566
            Waltz: 0.000934304320253
        probability: 0.637811839581
        value: "ChaChaCha"
    culture:
        all:
            non_western: 0.955560088158
            western: 0.0444399192929
        probability: 0.955560088158
        value: "non_western"
    gender:
        all:
            female: 0.853692352772
            male: 0.146307647228
        probability: 0.853692352772
        value: "female"
    genre_dortmund:
        all:
            alternative: 0.00570766674355
            blues: 0.00662022223696
            electronic: 0.457751721144
            folkcountry: 0.00235777511261
            funksoulrnb: 0.00355803431012
            jazz: 0.454263955355
            pop: 0.00304010137916
            raphiphop: 0.0393899157643
            rock: 0.0273106098175
        probability: 0.457751721144
        value: "electronic"
    genre_electronica:
        all:
            ambient: 0.12236905098
            dnb: 0.660094320774
            house: 0.06131176278
            techno: 0.12705604732
            trance: 0.0291687939316
        probability: 0.660094320774
        value: "dnb"
    genre_rosamerica:
        all:
            cla: 0.0687119960785
            dan: 0.128725111485
            hip: 0.184964209795
            jaz: 0.0626234710217
            pop: 0.0234612189233
            rhy: 0.486697256565
            roc: 0.0222323331982
            spe: 0.0225844010711
        probability: 0.486697256565
        value: "rhy"
    genre_tzanetakis:
        all:
            blu: 0.0126327369362
            cla: 0.0359112136066
            cou: 0.0108376434073
            dis: 0.0238035339862
            hip: 0.624693751335
            jaz: 0.0128268860281
            met: 0.0208667721599
            pop: 0.0451805740595
            reg: 0.19086098671
            roc: 0.0223858989775
        probability: 0.624693751335
        value: "hip"
    live_studio:
        all:
            live: 0.25688919425
            studio: 0.743110835552
        probability: 0.743110835552
        value: "studio"
    mood:
        all:
            Cluster1: 0.321305036545
            Cluster2: 0.144866853952
            Cluster3: 0.07390666008
            Cluster4: 0.120596401393
            Cluster5: 0.339325040579
        probability: 0.339325040579
        value: "Cluster5"
    mood_acoustic:
        all:
            acoustic: 0.249707266688
            not_acoustic: 0.75029271841
        probability: 0.75029271841
        value: "not_acoustic"
    mood_aggressive:
        all:
            aggressive: 0.0846454873681
            not_aggressive: 0.91535449028
        probability: 0.91535449028
        value: "not_aggressive"
    mood_electronic:
        all:
            electronic: 0.869996190071
            not_electronic: 0.130003795028
        probability: 0.869996190071
        value: "electronic"
    mood_happy:
        all:
            happy: 0.0729858130217
            not_happy: 0.927014172077
        probability: 0.927014172077
        value: "not_happy"
    mood_party:
        all:
            not_party: 0.210363447666
            party: 0.789636552334
        probability: 0.789636552334
        value: "party"
    mood_relaxed:
        all:
            not_relaxed: 0.349211186171
            relaxed: 0.650788843632
        probability: 0.650788843632
        value: "relaxed"
    mood_sad:
        all:
            not_sad: 0.791351914406
            sad: 0.208648085594
        probability: 0.791351914406
        value: "not_sad"
    rhythm:
        all:
            fast: 0.0811095833778
            medium: 0.852839112282
            slow: 0.0660512819886
        probability: 0.852839112282
        value: "medium"
    speech_music:
        all:
            music: 0.732211410999
            speech: 0.267788589001
        probability: 0.732211410999
        value: "music"
    timbre:
        all:
            bright: 0.356815516949
            dark: 0.643184483051
        probability: 0.643184483051
        value: "dark"
    voice_instrumental:
        all:
            instrumental: 0.927817165852
            voice: 0.072182841599
        probability: 0.927817165852
        value: "instrumental"

lowlevel:
    average_loudness: 0.97392976284
    barkbands_kurtosis:
        dmean: 12.9890413284
        dmean2: 19.2015705109
        dvar: 387.936004639
        dvar2: 745.053283691
        max: 197.146530151
        mean: 17.9646339417
        min: -1.78366374969
        var: 855.434509277
    barkbands_skewness:
        dmean: 1.28872525692
        dmean2: 1.85281825066
        dvar: 1.95158576965
        dvar2: 3.36994457245
        max: 13.2073154449
        mean: 2.45810675621
        min: -2.5408616066
        var: 6.82560014725
    barkbands_spread:
        dmean: 7.76680374146
        dmean2: 12.5203304291
        dvar: 95.888961792
        dvar2: 191.36239624
        max: 64.7761154175
        mean: 19.7258758545
        min: 0.778368353844
        var: 305.427124023
    dissonance:
        dmean: 0.0289051253349
        dmean2: 0.0457064174116
        dvar: 0.000803823990282
        dvar2: 0.00192575249821
        max: 0.499961674213
        mean: 0.436190962791
        min: 0.251306504011
        var: 0.0023433752358
    hfc:
        dmean: 2.46946644783
        dmean2: 4.04808759689
        dvar: 44.2583274841
        dvar2: 108.935058594
        max: 44.3323554993
        mean: 1.98541855812
        min: 0.000612356350757
        var: 37.4456176758
    pitch:
        dmean: 713.226745605
        dmean2: 1397.53515625
        dvar: 1819977.875
        dvar2: 4005405.25
        max: 4410
        mean: 1381.58288574
        min: 60.5769233704
        var: 2914351.5
    pitch_instantaneous_confidence:
        dmean: 0.101954624057
        dmean2: 0.170603230596
        dvar: 0.00724971527234
        dvar2: 0.0202654991299
        max: 0.860667228699
        mean: 0.455100655556
        min: 0.154328405857
        var: 0.0195347424597
    pitch_salience:
        dmean: 0.0872358083725
        dmean2: 0.143689662218
        dvar: 0.00844521634281
        dvar2: 0.0182525478303
        max: 0.879688918591
        mean: 0.56596660614
        min: 0.0339155904949
        var: 0.0229681897908
    silence_rate_20dB:
        dmean: 0
        dmean2: 0
        dvar: 0
        dvar2: 0
        max: 1
        mean: 1
        min: 1
        var: 0
    silence_rate_30dB:
        dmean: 0
        dmean2: 0
        dvar: 0
        dvar2: 0
        max: 1
        mean: 1
        min: 1
        var: 0
    silence_rate_60dB:
        dmean: 0.162790700793
        dmean2: 0.326340317726
        dvar: 0.136289864779
        dvar2: 0.219843104482
        max: 1
        mean: 0.80510443449
        min: 0
        var: 0.156911000609
    spectral_centroid:
        dmean: 353.109771729
        dmean2: 549.732055664
        dvar: 295559.21875
        dvar2: 506582.5625
        max: 4270.42578125
        mean: 977.481872559
        min: 92.8077850342
        var: 899976.25
    spectral_complexity:
        dmean: 2.88056206703
        dmean2: 4.65023469925
        dvar: 54.0817298889
        dvar2: 126.091300964
        max: 42
        mean: 3.17289710045
        min: 0
        var: 49.1849403381
    spectral_crest:
        dmean: 2.58411359787
        dmean2: 3.90764856339
        dvar: 6.39092254639
        dvar2: 11.4322748184
        max: 24.8768386841
        mean: 11.1761875153
        min: 3.10239982605
        var: 25.6313495636
    spectral_decrease:
        dmean: 5.88414650338e-10
        dmean2: 1.03835418042e-09
        dvar: 1.61921607864e-18
        dvar2: 4.34970691723e-18
        max: -4.2954428534e-13
        mean: -4.76897576984e-10
        min: -6.80337342018e-09
        var: 1.13173703696e-18
    spectral_energy:
        dmean: 0.00244350661524
        dmean2: 0.00428417418152
        dvar: 2.60173146671e-05
        dvar2: 6.9324458309e-05
        max: 0.0262207258493
        mean: 0.001980003668
        min: 1.88562182757e-06
        var: 1.85929384315e-05
    spectral_energyband_high:
        dmean: 0.000143103505252
        dmean2: 0.000224047005759
        dvar: 1.80579931452e-07
        dvar2: 4.15777890339e-07
        max: 0.00275538722053
        mean: 0.000122400684631
        min: 3.27044324955e-09
        var: 1.68552418245e-07
    spectral_energyband_low:
        dmean: 0.000162258816999
        dmean2: 0.000271329306997
        dvar: 1.22276304637e-07
        dvar2: 3.15994327593e-07
        max: 0.00332116987556
        mean: 0.00025462009944
        min: 5.92143178935e-09
        var: 1.89967892084e-07
    spectral_energyband_middle_high:
        dmean: 0.000463900854811
        dmean2: 0.00076613703277
        dvar: 2.13362977775e-06
        dvar2: 5.48565230929e-06
        max: 0.00972089078277
        mean: 0.000354036659701
        min: 1.84857213981e-08
        var: 1.66372342392e-06
    spectral_energyband_middle_low:
        dmean: 0.00175196619239
        dmean2: 0.0031786125619
        dvar: 2.05033229577e-05
        dvar2: 5.65350674151e-05
        max: 0.0248666852713
        mean: 0.00124890811276
        min: 3.07859664872e-07
        var: 1.29962827486e-05
    spectral_flatness_db:
        dmean: 0.0417852215469
        dmean2: 0.0604400373995
        dvar: 0.00203277240507
        dvar2: 0.00377559103072
        max: 0.444507926702
        mean: 0.211817532778
        min: 0.0705575123429
        var: 0.00889940466732
    spectral_flux:
        dmean: 0.0178889594972
        dmean2: 0.0262732934207
        dvar: 0.000819509616122
        dvar2: 0.00164962443523
        max: 0.154539361596
        mean: 0.0255428832024
        min: 0.000628418812994
        var: 0.00116265087854
    spectral_kurtosis:
        dmean: 4.37239360809
        dmean2: 6.08178949356
        dvar: 53.6490859985
        dvar2: 97.4710083008
        max: 81.8898696899
        mean: 8.07190036774
        min: 0.213657617569
        var: 142.792007446
    spectral_rms:
        dmean: 0.000583619112149
        dmean2: 0.000903949898202
        dvar: 9.75813577497e-07
        dvar2: 2.37107133216e-06
        max: 0.00505778566003
        mean: 0.000945176405367
        min: 4.28909188486e-05
        var: 1.0383529343e-06
    spectral_rolloff:
        dmean: 614.578552246
        dmean2: 1055.2779541
        dvar: 1130940
        dvar2: 2052236.5
        max: 6309.22851562
        mean: 1751.63562012
        min: 86.1328125
        var: 3224604.75
    spectral_skewness:
        dmean: 0.520854175091
        dmean2: 0.71379160881
        dvar: 0.473780959845
        dvar2: 0.853221833706
        max: 7.80640792847
        mean: 2.07546949387
        min: 0.541641831398
        var: 1.61769890785
    spectral_spread:
        dmean: 1318847.125
        dmean2: 1905913.125
        dvar: 2.44826426573e+12
        dvar2: 5.42676248166e+12
        max: 19093044
        mean: 6074648.5
        min: 1132170.75
        var: 5.76266017178e+12
    spectral_strongpeak:
        dmean: 0.117384418845
        dmean2: 0.204715996981
        dvar: 0.0462305210531
        dvar2: 0.129796728492
        max: 1.39348959923
        mean: 0.149720594287
        min: 0.000998774543405
        var: 0.0400835685432
    zerocrossingrate:
        dmean: 0.015575828962
        dmean2: 0.016684088856
        dvar: 0.000316207966534
        dvar2: 0.00031427378417
        max: 0.1767578125
        mean: 0.0595292411745
        min: 0.00341796875
        var: 0.00212119985372
    barkbands:
        dmean: [2.4230763529e-07, 4.84134143335e-05, 0.000123179226648, 0.000716146780178, 0.000835161306895, 0.000139726704219, 3.12274387397e-05, 2.99429630104e-05, 6.09477465332e-05, 1.59557803272e-05, 7.5158245636e-06, 7.72193197918e-06, 9.11817460292e-06, 1.08925414679e-05, 1.23417339637e-05, 2.43140784733e-05, 4.37938069808e-05, 0.000108510685095, 0.000182235467946, 9.86104787444e-05, 6.20518476353e-05, 2.86933773168e-05, 6.9724515015e-06, 2.70769987765e-06, 1.6428981553e-06, 6.03213408112e-08, 2.73798844708e-10]
        dmean2: [3.05855706983e-07, 7.77434324846e-05, 0.000210833837627, 0.00126413267571, 0.00157938501798, 0.000255423947237, 4.80630624224e-05, 4.90153106512e-05, 0.000111683555588, 2.81720876956e-05, 1.36042626764e-05, 1.2732560208e-05, 1.59311421157e-05, 1.87293881027e-05, 1.92036623048e-05, 4.12728295487e-05, 7.59636895964e-05, 0.00017869041767, 0.00030711182626, 0.000154993584147, 9.68705353444e-05, 4.43568096671e-05, 1.10658393169e-05, 4.37051312474e-06, 2.547887334e-06, 8.98779148883e-08, 4.26417068322e-10]
        dvar: [2.42721261926e-13, 8.75336603201e-09, 8.26646484597e-08, 3.97353915105e-06, 6.46685293759e-06, 1.23577464706e-07, 5.00099872625e-09, 6.73913858051e-09, 3.246387692e-08, 2.51998644174e-09, 6.42810582541e-10, 4.40691871884e-10, 9.45888034565e-10, 1.20270804427e-09, 1.24735299867e-09, 6.04566086082e-09, 2.02260022064e-08, 1.19375926033e-07, 3.57962250064e-07, 9.1398810298e-08, 3.30880354227e-08, 6.94941704182e-09, 4.32022889685e-10, 6.07754679915e-11, 2.08914881922e-11, 2.19055612001e-14, 1.56180891695e-18]
        dvar2: [5.3024717863e-13, 2.40738629032e-08, 2.06381301382e-07, 1.07972127807e-05, 1.84573909792e-05, 3.37917953175e-07, 1.19714895774e-08, 1.64828826144e-08, 9.07323922661e-08, 6.95754209801e-09, 1.81091341922e-09, 1.11830289473e-09, 2.59182741935e-09, 3.18259463228e-09, 2.7880326936e-09, 1.56815644914e-08, 5.41735225568e-08, 3.04739472767e-07, 9.45277179198e-07, 2.28709652106e-07, 7.52493463096e-08, 1.50716630287e-08, 1.06440622982e-09, 1.49802184546e-10, 4.48510117934e-11, 4.12961968766e-14, 1.78844410047e-18]
        max: [8.86166981218e-06, 0.000713292276487, 0.00314028235152, 0.0121672870591, 0.0137953869998, 0.00205318070948, 0.000520227767993, 0.000565812690184, 0.00108218204696, 0.000304914079607, 0.000164042154211, 0.000159969364177, 0.0002951217175, 0.000355693511665, 0.000251512945397, 0.00048592465464, 0.000944928266108, 0.00250221858732, 0.00410072878003, 0.0020643514581, 0.00117155967746, 0.000498822599184, 0.000131860811962, 4.78902293253e-05, 2.99901894323e-05, 9.72719931269e-07, 2.4946764654e-08]
        mean: [9.16938006412e-07, 8.86393027031e-05, 0.000165104633197, 0.000516461208463, 0.00051889725728, 9.26673383219e-05, 3.8423553633e-05, 2.91745436698e-05, 5.12265687576e-05, 1.1423479009e-05, 5.00516398461e-06, 6.5261765485e-06, 7.17408920536e-06, 8.94264121598e-06, 1.12378256745e-05, 1.75060959009e-05, 3.05733374262e-05, 8.34966122056e-05, 0.000129635198391, 8.01667047199e-05, 5.29062126589e-05, 2.47079424298e-05, 5.46759429199e-06, 2.20573519982e-06, 1.46010575008e-06, 5.9061942892e-08, 2.50107157207e-10]
        min: [6.83418044378e-11, 9.8814012528e-10, 3.87660392676e-09, 3.4356130385e-08, 3.4325744025e-08, 1.44250194012e-08, 1.00232542266e-08, 2.21045048932e-09, 8.20754131325e-09, 4.18640411226e-09, 3.05164865599e-10, 3.2683522555e-10, 1.60178093012e-09, 5.23868837199e-10, 3.72581077102e-10, 1.52813650622e-10, 1.29326249709e-09, 2.26688046112e-09, 6.07605832315e-09, 4.26458779401e-09, 1.46273748669e-09, 6.00481608881e-10, 1.09320059949e-10, 6.48737522035e-11, 3.42136215192e-11, 5.41420987904e-12, 3.00731954022e-15]
        var: [3.64620876894e-12, 1.57791149036e-08, 1.28353079276e-07, 2.67846530733e-06, 3.70000134353e-06, 8.09478564179e-08, 6.91907642292e-09, 6.22688034468e-09, 2.15940900716e-08, 1.67086577907e-09, 3.96598504038e-10, 3.68533287221e-10, 6.52374598786e-10, 9.0728080604e-10, 1.2384484549e-09, 4.54191706467e-09, 1.41835876377e-08, 9.51876444333e-08, 2.60888583625e-07, 7.73058346226e-08, 3.12155883364e-08, 6.9273373704e-09, 3.69183350557e-10, 5.14477939417e-11, 2.12223849605e-11, 2.71532521809e-14, 1.5696867783e-18]
    mfcc:
        mean: [-902.962341309, 115.800537109, 4.80876588821, 64.6773071289, -9.59212970734, -7.03127384186, -1.38806831837, -6.41906356812, 2.83243989944, 0.765287578106, 4.31761026382, -5.20805978775, -7.11881732941]
        cov: [[14053.1376953, -2997.10791016, -1588.52270508, -474.17590332, -478.538848877, -302.987609863, -401.48928833, -322.166351318, -515.588439941, -306.827270508, -340.878295898, -412.05758667, -139.358612061], [-2997.10791016, 2880.96850586, 298.338745117, 185.168380737, 441.422424316, 232.388778687, 138.240692139, 139.807693481, 160.408889771, 71.4149246216, 124.239028931, 64.7188110352, -112.744544983], [-1588.52270508, 298.338745117, 1044.18261719, 628.454101562, 330.512084961, 310.983825684, 216.529388428, 91.4471130371, 66.6311645508, -24.5937023163, -58.8888587952, 17.0568771362, 28.3763713837], [-474.17590332, 185.168380737, 628.454101562, 668.274047852, 364.740936279, 298.894927979, 195.677581787, 111.756828308, 43.5556526184, -38.1847229004, -72.0258331299, -14.2120933533, -14.5737085342], [-478.538848877, 441.422424316, 330.512084961, 364.740936279, 414.870330811, 294.777923584, 195.198730469, 121.538497925, 102.57749176, 38.8953514099, 4.97397851944, 20.1680583954, -21.4830513], [-302.987609863, 232.388778687, 310.983825684, 298.894927979, 294.777923584, 318.853820801, 215.145736694, 118.984161377, 75.7209091187, 20.8994407654, -25.5926456451, -0.520756483078, 0.243998616934], [-401.48928833, 138.240692139, 216.529388428, 195.677581787, 195.198730469, 215.145736694, 210.048980713, 109.890342712, 79.5000839233, 26.0291175842, -10.0101442337, 13.2088441849, 13.2343854904], [-322.166351318, 139.807693481, 91.4471130371, 111.756828308, 121.538497925, 118.984161377, 109.890342712, 141.265762329, 82.6073150635, 24.168504715, 13.4697084427, 8.65048408508, 8.22206306458], [-515.588439941, 160.408889771, 66.6311645508, 43.5556526184, 102.57749176, 75.7209091187, 79.5000839233, 82.6073150635, 118.179031372, 67.1745071411, 46.7907409668, 37.3247795105, 21.7856712341], [-306.827270508, 71.4149246216, -24.5937023163, -38.1847229004, 38.8953514099, 20.8994407654, 26.0291175842, 24.168504715, 67.1745071411, 108.082214355, 87.3335647583, 45.4983177185, 25.3777236938], [-340.878295898, 124.239028931, -58.8888587952, -72.0258331299, 4.97397851944, -25.5926456451, -10.0101442337, 13.4697084427, 46.7907409668, 87.3335647583, 132.363510132, 60.4297180176, 16.1621990204], [-412.05758667, 64.7188110352, 17.0568771362, -14.2120933533, 20.1680583954, -0.520756483078, 13.2088441849, 8.65048408508, 37.3247795105, 45.4983177185, 60.4297180176, 78.1926193237, 41.9456977844], [-139.358612061, -112.744544983, 28.3763713837, -14.5737085342, -21.4830513, 0.243998616934, 13.2343854904, 8.22206306458, 21.7856712341, 25.3777236938, 16.1621990204, 41.9456977844, 92.5449295044]]
        icov: [[0.000154090957949, 0.000138460833114, 0.000307096517645, -8.5225510702e-05, -0.00021424840088, -0.000221411741222, 0.000176273577381, 0.000111633329652, 0.000279277912341, 0.000152583583258, -0.000118083546113, 0.000568630814087, -0.000135834066896], [0.000138460833114, 0.000632900453638, 5.91782918491e-05, 0.000344345142366, -0.000937141070608, -0.00017140955606, 0.000405181956012, -7.0465815952e-05, -3.41367594956e-05, 0.000658063567244, -0.00056455063168, 0.00019034651632, 0.000586750858929], [0.000307096517645, 5.91782918491e-05, 0.00325425481424, -0.00284301745705, 0.000834456470329, -0.00155007501598, -0.000111973757157, 0.00191958597861, -0.00100546411704, 0.00117061461788, -0.000522230460774, 0.000776786240749, -0.00121292553376], [-8.5225510702e-05, 0.000344345142366, -0.00284301745705, 0.00645005237311, -0.00438062241301, 0.000638869998511, 0.000171396924998, -0.00239692418836, 0.00248682242818, 0.000867858936545, 0.000792425125837, -0.000109875414637, 0.000436503964011], [-0.00021424840088, -0.000937141070608, 0.000834456470329, -0.00438062241301, 0.0130602819845, -0.00838110595942, 0.00122205133084, 0.00144939147867, -0.00513533316553, -0.00106251228135, 8.4821935161e-05, -0.00409352453426, 0.00368112651631], [-0.000221411741222, -0.00017140955606, -0.00155007501598, 0.000638869998511, -0.00838110595942, 0.020201601088, -0.0120982360095, -0.00274982629344, 0.00492001837119, -0.00395913561806, 0.00252430373803, 0.00310266274028, -0.00191039708443], [0.000176273577381, 0.000405181956012, -0.000111973757157, 0.000171396924998, 0.00122205133084, -0.0120982360095, 0.0199915822595, -0.00464040832594, -0.00312353507616, -0.000518695800565, 0.00246591959149, -0.00298594892956, 0.000489600119181], [0.000111633329652, -7.0465815952e-05, 0.00191958597861, -0.00239692418836, 0.00144939147867, -0.00274982629344, -0.00464040832594, 0.0192466918379, -0.0127594750375, 0.00746489409357, -0.00550250615925, 0.00512190302834, -0.00199032295495], [0.000279277912341, -3.41367594956e-05, -0.00100546411704, 0.00248682242818, -0.00513533316553, 0.00492001837119, -0.00312353507616, -0.0127594750375, 0.0292046442628, -0.0143144596368, 0.00455474061891, -0.00321676023304, -0.000833010359202], [0.000152583583258, 0.000658063567244, 0.00117061461788, 0.000867858936545, -0.00106251228135, -0.00395913561806, -0.000518695800565, 0.00746489409357, -0.0143144596368, 0.032565984875, -0.0185734499246, 0.00417575147003, -0.0042255432345], [-0.000118083546113, -0.00056455063168, -0.000522230460774, 0.000792425125837, 8.4821935161e-05, 0.00252430373803, 0.00246591959149, -0.00550250615925, 0.00455474061891, -0.0185734499246, 0.0253898221999, -0.013537125662, 0.00529113365337], [0.000568630814087, 0.00019034651632, 0.000776786240749, -0.000109875414637, -0.00409352453426, 0.00310266274028, -0.00298594892956, 0.00512190302834, -0.00321676023304, 0.00417575147003, -0.013537125662, 0.0330877192318, -0.0131743904203], [-0.000135834066896, 0.000586750858929, -0.00121292553376, 0.000436503964011, 0.00368112651631, -0.00191039708443, 0.000489600119181, -0.00199032295495, -0.000833010359202, -0.0042255432345, 0.00529113365337, -0.0131743904203, 0.019124886021]]
    spectral_contrast:
        mean: [-3.57210083735e-08, 1.15257698496e-07, 1.57645928311e-07, -3.69349919538e-07, -6.54328118799e-07, -5.16422744568e-07, -2.57079847188e-07, -1.46755553487e-06, 8.6816669409e-07, 2.04605476029e-06, -1.17914146358e-06, 1.05610240553e-06]
        var: [0.000172154148459, 0.000558453437407, 0.00109528342728, 0.00246208067983, 0.00641994923353, 0.00795198231936, 0.0416830442846, 0.0873191133142, 0.145255476236, 0.610497534275, 1.34128403664, 7.24154520035]

rhythm:
    beats_loudness:
        dmean: 0.000840393593535
        dmean2: 0.00155841000378
        dvar: 5.98869803525e-07
        dvar2: 9.019713616e-07
        max: 0.00633721752092
        mean: 0.00477204984054
        min: 0.00375124951825
        var: 6.29038424904e-07
    beats_loudness_bass:
        dmean: 0.045745626092
        dmean2: 0.0917712524533
        dvar: 0.00331870629452
        dvar2: 0.00872071180493
        max: 0.168335601687
        mean: 0.0456551387906
        min: 0.00355919147842
        var: 0.00344014284201
    bpm: 82.7582473755
    bpm_confidence: 0
    first_peak_bpm: 83
    first_peak_spread: 0.0833333134651
    first_peak_weight: 0.916666686535
    onset_rate: 4.88484716415
    second_peak_bpm: 0
    second_peak_spread: 0
    second_peak_weight: 0
    beats_position: [0.66386193037, 1.38912582397, 2.11438965797, 2.83965349197, 3.56491732597, 4.29018115997, 5.01544523239, 5.74070930481, 6.49006080627, 7.21477603912, 7.93949174881, 8.6642074585, 9.38892269135]
    bpm_estimates: [82.8176422119, 82.7063522339, 82.7687149048, 82.7039718628, 82.6938705444, 82.6892166138, 82.6865081787, 82.6978988647, 82.727722168, 82.7933883667, 82.8322601318, 82.7658996582, 82.716178894, 82.7106246948, 82.7115478516, 82.7201538086, 82.751121521, 82.7893981934, 83.1242828369]
    bpm_intervals: [0.725263893604, 0.725263834, 0.725263834, 0.725263834, 0.725263834, 0.725264072418, 0.725264072418, 0.749351501465, 0.724715232849, 0.724715709686, 0.724715709686, 0.724715232849]
    onset_times: [0.139319732785, 0.301859408617, 0.661768734455, 0.847528338432, 1.03328800201, 1.20743763447, 1.38158726692, 1.59056687355, 1.764716506, 1.96208620071, 2.11301589012, 2.29877543449, 2.50775504112, 2.65868473053, 2.84444451332, 3.05342411995, 3.20435380936, 3.56426310539, 3.75002264977, 3.93578219414, 4.051882267, 4.29569149017, 4.5046710968, 4.66721105576, 5.02712011337, 5.21287965775, 5.39863967896, 5.5727891922, 5.75854873657, 5.95591831207, 6.11845827103, 6.47836732864, 6.67573690414, 6.84988641739, 7.02403640747, 7.20979595184, 7.53487539291, 7.79029464722, 7.94122457504, 8.11537456512, 8.31274414062, 8.48689365387, 8.66104316711, 8.85841274261, 9.03256225586, 9.39247131348, 9.57823085785, 9.7639913559, 9.93814086914]
    rubato_start: []
    rubato_stop: []
    perceptual_tempo: "unknown"

sfx:
    inharmonicity:
        dmean: 0.0319343283772
        dmean2: 0.0561396069825
        dvar: 0.00156396185048
        dvar2: 0.00376531388611
        max: 0.269707471132
        mean: 0.0342357233167
        min: 0
        var: 0.00194180733524
    oddtoevenharmonicenergyratio:
        dmean: 4.21396541595
        dmean2: 7.44580554962
        dvar: 269.991027832
        dvar2: 674.417541504
        max: 244.686584473
        mean: 3.0739107132
        min: 0
        var: 214.243743896
    pitch_after_max_to_before_max_energy_ratio: 29.3657913208
    pitch_centroid: 203.117492676
    pitch_max_to_total: 0.0397196263075
    pitch_min_to_total: 0.70560747385
    tristimulus:
        dmean: [0.244413480163, 0.258506387472, 0.0961954519153]
        dmean2: [0.435333013535, 0.455712676048, 0.169862806797]
        dvar: [0.06093076244, 0.0589094012976, 0.0155332321301]
        dvar2: [0.129876807332, 0.136486262083, 0.0407495014369]
        max: [1, 0.964880049229, 0.829903304577]
        mean: [0.509184360504, 0.351721584797, 0.0903964117169]
        min: [0.020942453295, 0, 0]
        var: [0.106946639717, 0.0896065607667, 0.0180611871183]

tonal:
    chords_changes_rate: 0.0511627905071
    chords_number_rate: 0.0279069766402
    chords_strength:
        dmean: 0.0124524543062
        dmean2: 0.0133190667257
        dvar: 9.22037143027e-05
        dvar2: 0.000105408049421
        max: 0.733206927776
        mean: 0.54483795166
        min: 0.309525281191
        var: 0.00866536330432
    key_strength: 0.797441661358
    tuning_diatonic_strength: 0.533271431923
    tuning_equal_tempered_deviation: 0.226508200169
    tuning_frequency: 445.369720459
    tuning_nontempered_energy_ratio: 0.865056812763
    hpcp:
        dmean: [0.132353246212, 0.148661285639, 0.151238873601, 0.197185575962, 0.217259824276, 0.178731262684, 0.157351955771, 0.0833498165011, 0.088606595993, 0.0829361081123, 0.0937207937241, 0.118696890771, 0.130393087864, 0.133264303207, 0.108727991581, 0.0950783193111, 0.101028636098, 0.176732927561, 0.232460036874, 0.234667897224, 0.231351912022, 0.171507269144, 0.223541915417, 0.223700091243, 0.201117128134, 0.234614029527, 0.217489734292, 0.134945586324, 0.150838658214, 0.117051951587, 0.076533049345, 0.0770193263888, 0.092331700027, 0.103775642812, 0.119673669338, 0.149995237589]
        dmean2: [0.228108257055, 0.248800650239, 0.24498860538, 0.32252535224, 0.351492345333, 0.301110506058, 0.268301099539, 0.12395157665, 0.156215429306, 0.143393442035, 0.160444319248, 0.199879035354, 0.218587234616, 0.230095952749, 0.188842669129, 0.163378044963, 0.172537073493, 0.31164765358, 0.39942997694, 0.406463235617, 0.429223239422, 0.305651068687, 0.408304035664, 0.389565646648, 0.349720567465, 0.418902128935, 0.389302939177, 0.227943897247, 0.255244910717, 0.195114061236, 0.125646159053, 0.132220715284, 0.158180251718, 0.17351847887, 0.200896337628, 0.25118714571]
        dvar: [0.0359258390963, 0.0415850989521, 0.0327741391957, 0.0478206574917, 0.0657377764583, 0.0428733229637, 0.0433763861656, 0.0107962815091, 0.0219928529114, 0.0214931406081, 0.022701671347, 0.0365327782929, 0.0239905249327, 0.029834182933, 0.0220996607095, 0.0253913141787, 0.0195991508663, 0.0480099320412, 0.0791799947619, 0.0787292644382, 0.0772001966834, 0.0581596158445, 0.0938294827938, 0.095082372427, 0.0685889422894, 0.0806313604116, 0.0835239738226, 0.0366532355547, 0.0478525348008, 0.0312764495611, 0.0171230584383, 0.0169478133321, 0.0258137658238, 0.0247224755585, 0.0268327277154, 0.0437855534256]
        dvar2: [0.0715835690498, 0.0894357040524, 0.0644995719194, 0.0900392457843, 0.118715167046, 0.0938590168953, 0.11494538933, 0.0215214155614, 0.0591324269772, 0.0579697825015, 0.0582145266235, 0.0898675322533, 0.0561331510544, 0.0747944712639, 0.0547978468239, 0.0667397528887, 0.0460607409477, 0.116876482964, 0.170686796308, 0.16596417129, 0.198052152991, 0.150394096971, 0.255333691835, 0.224307104945, 0.172447368503, 0.189114138484, 0.205853685737, 0.0866484642029, 0.13071718812, 0.0849122777581, 0.0416344068944, 0.0385793447495, 0.0632066503167, 0.0596964433789, 0.0617759004235, 0.101160228252]
        max: [1, 1, 1, 1, 1, 1, 1, 1, 0.918229520321, 1, 0.942892611027, 1, 1, 1, 0.937599003315, 1, 0.605769753456, 1, 1, 1, 1, 1, 1, 1, 1, 1, 1, 1, 1, 0.998222470284, 1, 0.798162519932, 1, 1, 1, 1]
        mean: [0.147843793035, 0.150852695107, 0.184675514698, 0.320567458868, 0.360479593277, 0.247988283634, 0.171380132437, 0.110269017518, 0.0795129165053, 0.073421984911, 0.0898574590683, 0.12728753686, 0.155086427927, 0.147739946842, 0.110909476876, 0.0893099084496, 0.10088237375, 0.185703679919, 0.32014760375, 0.308188229799, 0.21162417531, 0.180499926209, 0.180368438363, 0.181541725993, 0.183254405856, 0.224932163954, 0.217351585627, 0.165696904063, 0.147261351347, 0.118746995926, 0.0824977904558, 0.0784329324961, 0.0943324938416, 0.105861261487, 0.122022099793, 0.142447292805]
        min: [1.70642961166e-05, 2.81653829006e-05, 4.02843179472e-05, 0, 0, 0.000163034594152, 2.86613758362e-05, 2.24481955229e-05, 7.55810197006e-06, 0, 0, 0, 0, 0, 0, 0, 0, 0, 0, 0, 0, 0, 0, 9.55449922913e-06, 2.23834485951e-05, 2.27021446335e-05, 3.61709062418e-05, 0, 0, 0, 5.76522616029e-05, 3.89206543332e-05, 2.84768393612e-05, 7.5822477811e-05, 0, 5.39580505574e-05]
        var: [0.052180621773, 0.054691106081, 0.0528724938631, 0.0957635641098, 0.13687518239, 0.0782415270805, 0.0622739344835, 0.0262799300253, 0.0202144999057, 0.0192926414311, 0.0222485847771, 0.0344741381705, 0.0359426140785, 0.0411703325808, 0.0288322009146, 0.0236694496125, 0.0232416260988, 0.0629737377167, 0.146915271878, 0.128934442997, 0.0795756578445, 0.0677323117852, 0.0725544914603, 0.0829610973597, 0.0617845356464, 0.0969910398126, 0.102625504136, 0.0539962463081, 0.0518722757697, 0.0349546819925, 0.0208142362535, 0.0196496322751, 0.0282399728894, 0.0350548103452, 0.0391954258084, 0.060775551945]
    chords_histogram: [73.9534912109, 7.90697669983, 3.72093033791, 0, 0, 0, 0, 0, 0, 7.44186067581, 2.32558131218, 0, 0, 0, 0, 0, 0, 0, 2.79069757462, 0.930232584476, 0.930232584476, 0, 0, 0]
    thpcp: [1, 0.687939882278, 0.475422561169, 0.305895298719, 0.220575362444, 0.203678622842, 0.249271973968, 0.353106081486, 0.430222481489, 0.409842759371, 0.307671993971, 0.247753024101, 0.27985599637, 0.515157282352, 0.888115763664, 0.854939460754, 0.587062835693, 0.500721633434, 0.500356853008, 0.503611683846, 0.508362770081, 0.623980283737, 0.602951169014, 0.459656834602, 0.408515095711, 0.329413920641, 0.228855639696, 0.217579394579, 0.261686086655, 0.293667823076, 0.338499337435, 0.395160496235, 0.410130828619, 0.418477773666, 0.512305021286, 0.889280438423]
    chords_key: "D#"
    chords_scale: "minor"
    key_key: "D#"
    key_scale: "minor"
    chords_progression: ["F#", "F#", "F#", "F#", "F#", "F#", "F#", "F#", "D#m", "D#m", "D#m", "D#m", "D#m", "D#m", "D#m", "D#m", "D#m", "D#m", "D#m", "D#m", "D#m", "D#m", "D#m", "D#m", "D#m", "D#m", "D#m", "D#m", "D#m", "D#m", "D#m", "D#m", "D#m", "D#m", "D#m", "D#m", "D#m", "D#m", "D#m", "D#m", "D#m", "D#m", "D#m", "D#m", "D#m", "D#m", "D#m", "D#m", "D#m", "D#m", "D#m", "D#m", "D#m", "D#m", "D#m", "D#m", "D#m", "D#m", "D#m", "D#m", "D#m", "D#m", "D#m", "D#m", "D#m", "D#m", "D#m", "D#m", "D#m", "D#m", "D#m", "D#m", "D#m", "D#m", "D#m", "D#m", "D#m", "D#m", "D#m", "D#m", "D#m", "D#m", "D#m", "D#m", "D#m", "D#m", "D#m", "D#m", "D#m", "D#m", "D#m", "D#m", "D#m", "D#m", "D#m", "D#m", "D#m", "D#m", "D#m", "D#m", "D#m", "D#m", "D#m", "D#m", "D#m", "D#m", "D#m", "D#m", "D#m", "D#m", "D#m", "D#m", "D#m", "D#m", "D#m", "D#m", "D#m", "D#m", "D#m", "D#m", "D#m", "D#m", "D#m", "D#m", "D#m", "D#m", "D#m", "D#m", "D#m", "D#m", "D#m", "D#m", "D#m", "D#m", "D#m", "D#m", "D#m", "D#m", "D#m", "D#m", "D#m", "D#m", "D#m", "D#m", "D#m", "D#m", "D#m", "D#m", "D#m", "D#m", "D#m", "D#m", "D#m", "D#m", "D#m", "D#m", "D#m", "D#m", "D#m", "C#m", "C#m", "A#m", "A#m", "D#m", "D#m", "D#m", "D#m", "D#m", "D#m", "D#m", "D#m", "Dm", "Dm", "Dm", "Dm", "Dm", "A#", "A#", "A#", "A#", "A#", "A#", "A#", "A#", "A#", "A#", "A#", "A#", "A#", "A#", "A#", "A#", "A#m", "A#m", "A#m", "A#m", "A#m", "A#m", "F#", "F#", "F#m", "F#m", "F#m", "F#m", "F#m", "F#m", "F#", "F#", "F#", "F#", "F#", "F#", "F#", "A", "A"]
