
metadata:
    version:
        essentia: "1.2.2"
    audio_properties:
        analysis_sample_rate: 44100
        bitrate: 128
        channels: 2
        equal_loudness: 1
        length: 9.97877597809
        replay_gain: -4.5749168396
        downmix: "mix"
    tags:
        track: 7
        year: 0
        album: "Splitted by Mp3Splt v. 2.1"
        artist: "From 001.00 To 001.10"
        comment: "http://mp3splt.sf.net"
        genre: ""
        title: "02 Isolation.mp3"

highlevel:
    ballroom:
        all:
            ChaChaCha: 0.138512715697
            Jive: 0.401289254427
            Quickstep: 0.168734967709
            Rumba-American: 0.00333169451915
            Rumba-International: 0.0120884431526
            Rumba-Misc: 0.00777033343911
            Samba: 0.0694010928273
            Tango: 0.0320953205228
            VienneseWaltz: 0.140056222677
            Waltz: 0.0267199482769
        probability: 0.401289254427
        value: "Jive"
    culture:
        all:
            non_western: 0.0240029860288
            western: 0.975997030735
        probability: 0.975997030735
        value: "western"
    gender:
        all:
            female: 0.561721563339
            male: 0.438278436661
        probability: 0.561721563339
        value: "female"
    genre_dortmund:
        all:
            alternative: 0.0677168816328
            blues: 0.0489558279514
            electronic: 0.0893280729651
            folkcountry: 0.336696922779
            funksoulrnb: 0.012803344056
            jazz: 0.12385353446
            pop: 0.101162485778
            raphiphop: 0.00143900909461
            rock: 0.218043923378
        probability: 0.336696922779
        value: "folkcountry"
    genre_electronica:
        all:
            ambient: 0.23335903883
            dnb: 0.22840949893
            house: 0.0201737787575
            techno: 0.00601637223735
            trance: 0.512041330338
        probability: 0.512041330338
        value: "trance"
    genre_rosamerica:
        all:
            cla: 0.253649890423
            dan: 0.0296900570393
            hip: 0.00867302995175
            jaz: 0.0843319296837
            pop: 0.0793066099286
            rhy: 0.0267163179815
            roc: 0.513138473034
            spe: 0.0044937026687
        probability: 0.513138473034
        value: "roc"
    genre_tzanetakis:
        all:
            blu: 0.0130271986127
            cla: 0.029535939917
            cou: 0.0567359477282
            dis: 0.0344381332397
            hip: 0.00167573289946
            jaz: 0.422363400459
            met: 0.0105506014079
            pop: 0.0204811263829
            reg: 0.005376778543
            roc: 0.405815154314
        probability: 0.422363400459
        value: "jaz"
    live_studio:
        all:
            live: 0.69209676981
            studio: 0.30790323019
        probability: 0.69209676981
        value: "live"
    mood:
        all:
            Cluster1: 0.362646847963
            Cluster2: 0.304141312838
            Cluster3: 0.051948569715
            Cluster4: 0.211292594671
            Cluster5: 0.069970689714
        probability: 0.362646847963
        value: "Cluster1"
    mood_acoustic:
        all:
            acoustic: 0.27853807807
            not_acoustic: 0.721461951733
        probability: 0.721461951733
        value: "not_acoustic"
    mood_aggressive:
        all:
            aggressive: 0.0740238502622
            not_aggressive: 0.925976157188
        probability: 0.925976157188
        value: "not_aggressive"
    mood_electronic:
        all:
            electronic: 0.808934211731
            not_electronic: 0.191065758467
        probability: 0.808934211731
        value: "electronic"
    mood_happy:
        all:
            happy: 0.64065694809
            not_happy: 0.35934305191
        probability: 0.64065694809
        value: "happy"
    mood_party:
        all:
            not_party: 0.783495247364
            party: 0.216504737735
        probability: 0.783495247364
        value: "not_party"
    mood_relaxed:
        all:
            not_relaxed: 0.508549273014
            relaxed: 0.491450756788
        probability: 0.508549273014
        value: "not_relaxed"
    mood_sad:
        all:
            not_sad: 0.49417924881
            sad: 0.50582075119
        probability: 0.50582075119
        value: "sad"
    rhythm:
        all:
            fast: 0.905768096447
            medium: 0.0670344829559
            slow: 0.0271974243224
        probability: 0.905768096447
        value: "fast"
    speech_music:
        all:
            music: 0.999910771847
            speech: 8.92071038834e-05
        probability: 0.999910771847
        value: "music"
    timbre:
        all:
            bright: 0.87597155571
            dark: 0.12402843684
        probability: 0.87597155571
        value: "bright"
    voice_instrumental:
        all:
            instrumental: 0.0824254453182
            voice: 0.917574584484
        probability: 0.917574584484
        value: "voice"

lowlevel:
    average_loudness: 0.978958487511
    barkbands_kurtosis:
        dmean: 0.46989479661
        dmean2: 0.741362690926
        dvar: 0.281446576118
        dvar2: 0.659615397453
        max: 4.19611597061
        mean: -1.03230750561
        min: -1.84474635124
        var: 0.627394080162
    barkbands_skewness:
        dmean: 0.368449568748
        dmean2: 0.565399825573
        dvar: 0.12566831708
        dvar2: 0.309335917234
        max: 2.35113334656
        mean: 0.190716609359
        min: -1.40910708904
        var: 0.499408990145
    barkbands_spread:
        dmean: 4.20332574844
        dmean2: 6.42164564133
        dvar: 14.2343826294
        dvar2: 33.3852233887
        max: 51.0704841614
        mean: 34.7407608032
        min: 15.6883459091
        var: 51.5898857117
    dissonance:
        dmean: 0.013217558153
        dmean2: 0.021222807467
        dvar: 0.000145396697917
        dvar2: 0.000336034107022
        max: 0.497369796038
        mean: 0.468084007502
        min: 0.373978555202
        var: 0.00035257221316
    hfc:
        dmean: 2.35199213028
        dmean2: 3.39148211479
        dvar: 14.7100896835
        dvar2: 29.2652492523
        max: 36.1775665283
        mean: 7.06755542755
        min: 0.0669774338603
        var: 42.0548553467
    pitch:
        dmean: 501.367095947
        dmean2: 970.94519043
        dvar: 1142228.125
        dvar2: 2754165
        max: 4009.09082031
        mean: 889.747009277
        min: 92.2594146729
        var: 1633009.375
    pitch_instantaneous_confidence:
        dmean: 0.0841991826892
        dmean2: 0.12934987247
        dvar: 0.00477272132412
        dvar2: 0.0102270049974
        max: 0.805317640305
        mean: 0.470619261265
        min: 0.197030603886
        var: 0.0166891478002
    pitch_salience:
        dmean: 0.0602549314499
        dmean2: 0.0909214317799
        dvar: 0.00270930933766
        dvar2: 0.00627238908783
        max: 0.808459281921
        mean: 0.586531639099
        min: 0.358056694269
        var: 0.00889130681753
    silence_rate_20dB:
        dmean: 0
        dmean2: 0
        dvar: 0
        dvar2: 0
        max: 1
        mean: 1
        min: 1
        var: 0
    silence_rate_30dB:
        dmean: 0
        dmean2: 0
        dvar: 0
        dvar2: 0
        max: 1
        mean: 1
        min: 1
        var: 0
    silence_rate_60dB:
        dmean: 0.134883716702
        dmean2: 0.268065273762
        dvar: 0.11668972671
        dvar2: 0.238164693117
        max: 1
        mean: 0.512760996819
        min: 0
        var: 0.249837428331
    spectral_centroid:
        dmean: 273.936859131
        dmean2: 421.858215332
        dvar: 76469.453125
        dvar2: 186183.421875
        max: 3096.5246582
        mean: 1630.61437988
        min: 539.477416992
        var: 291866.875
    spectral_complexity:
        dmean: 3.5850815773
        dmean2: 5.02803754807
        dvar: 17.3803062439
        dvar2: 30.1674137115
        max: 48
        mean: 13.2302322388
        min: 0
        var: 80.0702209473
    spectral_crest:
        dmean: 1.54772555828
        dmean2: 2.53291702271
        dvar: 1.62830328941
        dvar2: 4.33525848389
        max: 15.4858074188
        mean: 7.05307388306
        min: 2.86629486084
        var: 5.77801084518
    spectral_decrease:
        dmean: 2.29332983159e-10
        dmean2: 3.4372049651e-10
        dvar: 7.23549809825e-20
        dvar2: 1.3997361625e-19
        max: -5.10865048181e-12
        mean: -8.72277028385e-10
        min: -3.28122817805e-09
        var: 2.57032494226e-19
    spectral_energy:
        dmean: 0.00104556872975
        dmean2: 0.00155431765597
        dvar: 1.7761512936e-06
        dvar2: 3.37602727996e-06
        max: 0.0155423879623
        mean: 0.0039332206361
        min: 2.53560046986e-05
        var: 6.05551349508e-06
    spectral_energyband_high:
        dmean: 0.00014565679885
        dmean2: 0.000222021248192
        dvar: 6.99450879438e-08
        dvar2: 1.52395912778e-07
        max: 0.00267718685791
        mean: 0.000313230819302
        min: 4.17763567384e-06
        var: 1.49965629248e-07
    spectral_energyband_low:
        dmean: 6.20783612248e-05
        dmean2: 9.45361753111e-05
        dvar: 1.17303997627e-08
        dvar2: 2.78331064862e-08
        max: 0.000893100339454
        mean: 9.15009732125e-05
        min: 3.65989507145e-07
        var: 1.50838292967e-08
    spectral_energyband_middle_high:
        dmean: 0.000634736090433
        dmean2: 0.000931777176447
        dvar: 8.95740754459e-07
        dvar2: 1.78429581865e-06
        max: 0.00983436312526
        mean: 0.00189219333697
        min: 1.76872781594e-05
        var: 2.92246863864e-06
    spectral_energyband_middle_low:
        dmean: 0.000517646898516
        dmean2: 0.00080908765085
        dvar: 2.48585962481e-07
        dvar2: 7.01438466422e-07
        max: 0.00501375086606
        mean: 0.00163629918825
        min: 3.12523548018e-06
        var: 6.71190377943e-07
    spectral_flatness_db:
        dmean: 0.0131943523884
        dmean2: 0.0203653033823
        dvar: 0.000112128960609
        dvar2: 0.000291061063763
        max: 0.235304564238
        mean: 0.163786441088
        min: 0.120122976601
        var: 0.000368452514522
    spectral_flux:
        dmean: 0.00684807868674
        dmean2: 0.00980906095356
        dvar: 5.71875425521e-05
        dvar2: 0.000113964422781
        max: 0.0824677497149
        mean: 0.0341634824872
        min: 0.00503547443077
        var: 0.000200679787667
    spectral_kurtosis:
        dmean: 1.06959700584
        dmean2: 1.82196927071
        dvar: 1.0617184639
        dvar2: 2.58267116547
        max: 13.7305641174
        mean: 3.16707587242
        min: 1.03184890747
        var: 2.05898547173
    spectral_rms:
        dmean: 0.000251773832133
        dmean2: 0.000371242902474
        dvar: 7.64611485238e-08
        dvar2: 1.41998967251e-07
        max: 0.00389400892891
        mean: 0.001875873073
        min: 0.000157281800057
        var: 3.18391045084e-07
    spectral_rolloff:
        dmean: 361.396240234
        dmean2: 585.068725586
        dvar: 146041.40625
        dvar2: 297379.28125
        max: 4909.5703125
        mean: 3292.02734375
        min: 516.796875
        var: 433527.75
    spectral_skewness:
        dmean: 0.151358753443
        dmean2: 0.246463388205
        dvar: 0.0212981235236
        dvar2: 0.0489731319249
        max: 2.64043140411
        mean: 1.17881369591
        min: 0.690586328506
        var: 0.0565293766558
    spectral_spread:
        dmean: 252827.1875
        dmean2: 378745.6875
        dvar: 51473457152
        dvar2: 111776251904
        max: 5125269
        mean: 3831285.5
        min: 2524115.25
        var: 219343093760
    spectral_strongpeak:
        dmean: 0.417124867439
        dmean2: 0.774608433247
        dvar: 0.64511525631
        dvar2: 1.84378361702
        max: 4.65922021866
        mean: 0.532369315624
        min: 0.0312216002494
        var: 0.590876042843
    zerocrossingrate:
        dmean: 0.0087287388742
        dmean2: 0.00973139982671
        dvar: 6.31061338936e-05
        dvar2: 7.66671219026e-05
        max: 0.15283203125
        mean: 0.0942507758737
        min: 0.03515625
        var: 0.000505541043822
    barkbands:
        dmean: [5.9028923971e-08, 2.84028119495e-05, 3.97244111809e-05, 0.000120739801787, 0.000296082900604, 0.000159740870004, 7.13220215403e-05, 4.47298007202e-05, 6.26761175226e-05, 6.11154246144e-05, 3.84704762837e-05, 3.5769517126e-05, 5.58882784389e-05, 4.77691464766e-05, 7.13338376954e-05, 6.24717504252e-05, 0.000129229258164, 0.000240159439272, 0.000234798324527, 0.000165998309967, 8.02574795671e-05, 2.0729863536e-05, 3.10183213514e-06, 1.10551195576e-06, 2.4017646183e-07, 9.83269554666e-09, 1.79655484933e-10]
        dmean2: [8.19621845949e-08, 4.28812927566e-05, 6.2918617914e-05, 0.000213489256566, 0.000488384917844, 0.000224313145736, 0.000111573375762, 6.39527643216e-05, 9.14386546356e-05, 9.58508171607e-05, 6.23654996161e-05, 5.50893855689e-05, 9.56219009822e-05, 7.5452386227e-05, 0.000116780989629, 9.09111477085e-05, 0.000195749511477, 0.00039213465061, 0.000362608436262, 0.00025675012148, 0.000129400141304, 3.15366487484e-05, 4.79140908283e-06, 1.68394137745e-06, 3.65673827218e-07, 1.44191956153e-08, 3.09864522929e-10]
        dvar: [2.0231532717e-14, 4.12032985508e-09, 5.00844032914e-09, 2.81398104818e-08, 8.77200676541e-08, 3.00279694443e-08, 2.2903950736e-08, 7.29497839913e-09, 1.12040874356e-08, 9.82286696427e-09, 5.40993694287e-09, 4.11434353254e-09, 8.94949003793e-09, 6.87019419132e-09, 1.65066253999e-08, 6.81763001609e-09, 2.62497295012e-08, 1.09147265448e-07, 1.51949890892e-07, 5.60843105291e-08, 2.27859793256e-08, 9.48983891469e-10, 2.31038729814e-11, 3.44943431457e-12, 2.72750734758e-13, 4.66634156412e-16, 1.46429928952e-19]
        dvar2: [3.7786448097e-14, 9.01394869857e-09, 1.20558558692e-08, 9.04796806367e-08, 2.39332081264e-07, 7.4854192178e-08, 6.12388220134e-08, 1.21557306443e-08, 2.23314113867e-08, 2.32643539988e-08, 1.21711796197e-08, 7.65300001149e-09, 2.65195101434e-08, 1.74214491722e-08, 3.53581661727e-08, 1.41247129548e-08, 5.7637674189e-08, 2.7587421414e-07, 3.73582594193e-07, 1.1700710445e-07, 5.59302257841e-08, 2.18686269093e-09, 5.19484351369e-11, 8.80351867794e-12, 6.02247743862e-13, 9.42321506842e-16, 3.13560518023e-19]
        max: [1.26568011183e-06, 0.000551550590899, 0.000724044628441, 0.00106842024252, 0.00324803218246, 0.00201423745602, 0.00177821621764, 0.00140583876055, 0.00149714236613, 0.00106860685628, 0.000826657458674, 0.00117557751946, 0.000960703822784, 0.00100419973023, 0.00176682241727, 0.000879986968357, 0.00170914782211, 0.00279308739118, 0.00345933623612, 0.00241161836311, 0.00195238599554, 0.000286644033622, 4.40974145022e-05, 1.94051790459e-05, 4.51567802884e-06, 1.77665697265e-07, 5.4545785666e-09]
        mean: [6.58005134824e-08, 3.14125500154e-05, 6.00241546636e-05, 0.000176190951606, 0.000682259735186, 0.000404443737352, 0.000134019879624, 9.41730395425e-05, 0.000110120134195, 9.85509614111e-05, 5.82892134844e-05, 6.28000052529e-05, 0.000100524783193, 8.93131509656e-05, 0.000110249704449, 0.000127145918668, 0.000228746008361, 0.000409852480516, 0.000405418075388, 0.000348158879206, 0.000151719839778, 4.17440278397e-05, 5.58903093406e-06, 1.99976261683e-06, 3.99071410584e-07, 1.42899541089e-08, 1.86119314405e-10]
        min: [1.07812968622e-11, 2.43691200552e-08, 2.76127593679e-07, 3.82281228894e-07, 1.16399041872e-06, 4.69340704967e-07, 5.78218589453e-07, 1.69520774307e-07, 2.41108466525e-07, 4.82836981064e-07, 6.88188208642e-07, 8.34191723698e-07, 3.49921464249e-07, 1.04085802377e-06, 8.77722300174e-07, 2.40417790565e-07, 1.24382154354e-06, 5.06049627802e-06, 5.62905097468e-06, 3.99098280468e-06, 9.01413272913e-07, 1.41214883342e-07, 8.0039988859e-08, 6.58602061776e-09, 1.75922976187e-09, 1.0283833507e-10, 1.01347489428e-12]
        var: [2.88094540086e-14, 4.86304596592e-09, 7.51771089824e-09, 3.34031682314e-08, 2.18536527541e-07, 1.1073154127e-07, 3.45729560536e-08, 4.73445247451e-08, 2.5686867744e-08, 2.12577280223e-08, 1.09647810831e-08, 1.40005278482e-08, 1.88340241181e-08, 1.65894622484e-08, 2.51073224433e-08, 2.05967314315e-08, 6.66328219268e-08, 2.18048583633e-07, 2.69245447271e-07, 1.52736092218e-07, 3.7266683961e-08, 2.14542272836e-09, 4.53626164409e-11, 5.71461281074e-12, 4.30983292674e-13, 7.67755057375e-16, 1.58931445592e-19]
    mfcc:
        mean: [-716.313537598, 107.10193634, -56.6246147156, 63.8463554382, -18.8154411316, -1.44487762451, -10.3860197067, -10.3300733566, -16.135843277, -9.75859165192, -12.8127326965, -10.930516243, -12.7215795517]
        cov: [[1596.72412109, -442.904693604, -89.8671340942, -63.9686126709, -76.9050369263, -148.485519409, 12.6406764984, 46.2904319763, 51.2363204956, -40.1614074707, 24.8559703827, 1.13486886024, 19.7787666321], [-442.904693604, 583.500976562, -40.3310394287, -80.0449295044, -30.4662914276, 37.824508667, 33.3714561462, 27.6688346863, 10.5853118896, 44.9551734924, 44.9192695618, 49.6123161316, 16.190662384], [-89.8671340942, -40.3310394287, 175.376754761, 99.536529541, 47.8030319214, 26.5467662811, 3.84527349472, 7.77624034882, 14.6471614838, 22.3158054352, 8.44786167145, 4.20540571213, 1.12893223763], [-63.9686126709, -80.0449295044, 99.536529541, 168.497817993, 76.3082504272, 8.72341632843, -12.3632278442, -10.5689115524, 11.3270130157, 5.17324352264, -2.20727419853, -7.91804027557, 2.16898131371], [-76.9050369263, -30.4662914276, 47.8030319214, 76.3082504272, 106.70565033, 42.6168861389, 3.62080645561, -4.40993595123, 0.590138494968, 7.10040235519, -3.47130799294, -6.15410852432, 4.6504149437], [-148.485519409, 37.824508667, 26.5467662811, 8.72341632843, 42.6168861389, 109.886405945, 46.3544387817, 8.16309928894, -4.91605901718, 7.13709592819, -3.60043406487, -4.19164037704, -4.4994969368], [12.6406764984, 33.3714561462, 3.84527349472, -12.3632278442, 3.62080645561, 46.3544387817, 87.1466064453, 36.546585083, 10.1781635284, 4.94105243683, 11.0641765594, 5.52604961395, -7.54306077957], [46.2904319763, 27.6688346863, 7.77624034882, -10.5689115524, -4.40993595123, 8.16309928894, 36.546585083, 57.5314178467, 24.921415329, 8.03847694397, 15.6024255753, 10.8050098419, 4.82754325867], [51.2363204956, 10.5853118896, 14.6471614838, 11.3270130157, 0.590138494968, -4.91605901718, 10.1781635284, 24.921415329, 56.3313980103, 27.2389030457, 18.60546875, 9.69118881226, 5.00534343719], [-40.1614074707, 44.9551734924, 22.3158054352, 5.17324352264, 7.10040235519, 7.13709592819, 4.94105243683, 8.03847694397, 27.2389030457, 63.8736839294, 32.4794273376, 19.9551353455, 9.16876220703], [24.8559703827, 44.9192695618, 8.44786167145, -2.20727419853, -3.47130799294, -3.60043406487, 11.0641765594, 15.6024255753, 18.60546875, 32.4794273376, 59.3227500916, 32.5309944153, 11.7657442093], [1.13486886024, 49.6123161316, 4.20540571213, -7.91804027557, -6.15410852432, -4.19164037704, 5.52604961395, 10.8050098419, 9.69118881226, 19.9551353455, 32.5309944153, 56.1311721802, 25.3617153168], [19.7787666321, 16.190662384, 1.12893223763, 2.16898131371, 4.6504149437, -4.4994969368, -7.54306077957, 4.82754325867, 5.00534343719, 9.16876220703, 11.7657442093, 25.3617153168, 49.6208839417]]
        icov: [[0.00118030048907, 0.00102119054645, 0.000343456340488, 0.000644431507681, -5.08527118654e-05, 0.00139964709524, -0.000969149346929, -0.000296193029499, -0.00109198200516, 0.000848845171276, -0.00104684929829, 0.000215749227209, -0.000735221430659], [0.00102119054645, 0.00302488892339, 0.000696186267305, 0.00113819621038, 0.000332174968207, 0.000189422484254, -0.000651339360047, -0.000861484091729, -0.000529289362021, -0.000421849195845, -0.00130718643777, -0.00108325737529, -0.000493820465636], [0.000343456340488, 0.000696186267305, 0.00983146484941, -0.0058007799089, 0.000913026800845, -0.00201549939811, 0.000953635608312, -0.00299595086835, 0.000613479700405, -0.00288651674055, 0.000207932767808, -0.0013791823294, 0.00096101971576], [0.000644431507681, 0.00113819621038, -0.0058007799089, 0.0139349205419, -0.00795753113925, 0.00359649048187, -0.000937248463742, 0.00336441025138, -0.00403182441369, 0.00289177778177, -0.00153326871805, 0.00116958655417, -0.000865149311721], [-5.08527118654e-05, 0.000332174968207, 0.000913026800845, -0.00795753113925, 0.0177887454629, -0.00723253889009, 0.00187437667046, -0.000976918614469, 0.00147182284854, -0.00193764735013, 0.000212324302993, 0.00122218916658, -0.00216950266622], [0.00139964709524, 0.000189422484254, -0.00201549939811, 0.00359649048187, -0.00723253889009, 0.018383083865, -0.0106433713809, 0.00253421603702, 0.000823300913908, -0.000928287452552, 0.00132819218561, 0.00160736450925, -0.00129877927247], [-0.000969149346929, -0.000651339360047, 0.000953635608312, -0.000937248463742, 0.00187437667046, -0.0106433713809, 0.0231717582792, -0.0127141391858, 0.00164433103055, 0.000247633113759, -0.00139089382719, -0.00203490466811, 0.00539492024109], [-0.000296193029499, -0.000861484091729, -0.00299595086835, 0.00336441025138, -0.000976918614469, 0.00253421603702, -0.0127141391858, 0.0325092077255, -0.0125731481239, 0.00530620804057, -0.00315354578197, 0.000258699117694, -0.00355055765249], [-0.00109198200516, -0.000529289362021, 0.000613479700405, -0.00403182441369, 0.00147182284854, 0.000823300913908, 0.00164433103055, -0.0125731481239, 0.030567150563, -0.0126689374447, 0.000411403336329, 0.000960791716352, 0.000849080795888], [0.000848845171276, -0.000421849195845, -0.00288651674055, 0.00289177778177, -0.00193764735013, -0.000928287452552, 0.000247633113759, 0.00530620804057, -0.0126689374447, 0.0290088765323, -0.0124073009938, -0.000620261591394, -0.00146586843766], [-0.00104684929829, -0.00130718643777, 0.000207932767808, -0.00153326871805, 0.000212324302993, 0.00132819218561, -0.00139089382719, -0.00315354578197, 0.000411403336329, -0.0124073009938, 0.0334394834936, -0.0145130082965, 0.00284187495708], [0.000215749227209, -0.00108325737529, -0.0013791823294, 0.00116958655417, 0.00122218916658, 0.00160736450925, -0.00203490466811, 0.000258699117694, 0.000960791716352, -0.000620261591394, -0.0145130082965, 0.0342875085771, -0.0141213489696], [-0.000735221430659, -0.000493820465636, 0.00096101971576, -0.000865149311721, -0.00216950266622, -0.00129877927247, 0.00539492024109, -0.00355055765249, 0.000849080795888, -0.00146586843766, 0.00284187495708, -0.0141213489696, 0.0286029502749]]
    spectral_contrast:
        mean: [-3.90211170043e-07, 3.17862571819e-07, 1.77226354481e-07, 3.94594877662e-07, 1.68244511656e-08, 3.78420175196e-08, -1.246499437e-06, 1.80408008532e-07, -9.27337353573e-08, 3.21657154245e-07, -2.08650908462e-06, 8.10276617358e-07]
        var: [0.000308361224597, 0.000738790433388, 0.00116358255036, 0.00199991022237, 0.00247445865534, 0.00446144677699, 0.0403895042837, 0.0572946183383, 0.126614674926, 0.221835076809, 0.560576677322, 1.48514544964]

rhythm:
    beats_loudness:
        dmean: 0.00190276710782
        dmean2: 0.00307859573513
        dvar: 3.90658397009e-06
        dvar2: 1.04532600744e-05
        max: 0.0107955345884
        mean: 0.00503652216867
        min: 0.00123426550999
        var: 9.50143112277e-06
    beats_loudness_bass:
        dmean: 0.0409724973142
        dmean2: 0.0665340647101
        dvar: 0.00331146921962
        dvar2: 0.00555382482708
        max: 0.20224699378
        mean: 0.0417420789599
        min: 0.00799410883337
        var: 0.00286662927829
    bpm: 76.0641021729
    bpm_confidence: 0
    first_peak_bpm: 76
    first_peak_spread: 0
    first_peak_weight: 0.916666686535
    onset_rate: 3.90829515457
    second_peak_bpm: 111
    second_peak_spread: 0
    second_peak_weight: 0.0833333358169
    beats_position: [0.177849203348, 0.966158568859, 1.75446796417, 2.54277729988, 3.33108687401, 4.11939620972, 4.90770530701, 5.6960144043, 6.23509407043, 7.02450656891, 7.81391906738, 8.60333156586, 9.39274501801]
    bpm_estimates: [76.0445556641, 76.1084289551, 76.0440292358, 75.9853286743, 76.4838638306, 76.0095367432, 76.0942459106, 75.9981384277, 75.9755020142, 75.9782943726, 75.9832839966]
    bpm_intervals: [0.788309335709, 0.788309395313, 0.788309335709, 0.788309574127, 0.788309335709, 0.78830909729, 0.78830909729, 0.539079666138, 0.789412498474, 0.789412498474, 0.789412498474, 0.789413452148]
    onset_times: [0.0464399084449, 0.116099774837, 0.31346938014, 0.53405892849, 0.696598649025, 1.1261677742, 1.39319729805, 1.48607707024, 1.91564631462, 2.27555561066, 2.56580495834, 2.70512461662, 2.89088439941, 3.06503391266, 3.28562355042, 3.48299312592, 3.85451245308, 4.37696123123, 4.56272125244, 4.6439909935, 5.07356023788, 5.16644001007, 5.4334692955, 5.86303853989, 6.06040811539, 6.23455762863, 6.44353723526, 6.65251684189, 7.02403640747, 7.45360565186, 7.69741487503, 7.81351470947, 8.23147392273, 8.60299301147, 8.90485286713, 9.02095222473, 9.21832180023, 9.4040813446, 9.82204055786]
    rubato_start: []
    rubato_stop: []
    perceptual_tempo: "unknown"

sfx:
    inharmonicity:
        dmean: 0.0414379946887
        dmean2: 0.0732280686498
        dvar: 0.00292982719839
        dvar2: 0.00819391943514
        max: 0.40386480093
        mean: 0.0435180217028
        min: 0
        var: 0.00272174132988
    oddtoevenharmonicenergyratio:
        dmean: 2.04345870018
        dmean2: 3.8317937851
        dvar: 13.8950805664
        dvar2: 39.7203369141
        max: 22.235786438
        mean: 1.51498115063
        min: 0
        var: 9.18636322021
    pitch_after_max_to_before_max_energy_ratio: 18.3792095184
    pitch_centroid: 199.750701904
    pitch_max_to_total: 0.00930232554674
    pitch_min_to_total: 0.269767433405
    tristimulus:
        dmean: [0.177061155438, 0.23303706944, 0.143064558506]
        dmean2: [0.302376389503, 0.406854182482, 0.255918890238]
        dvar: [0.0285723041743, 0.0402932316065, 0.0205854736269]
        dvar2: [0.0760350748897, 0.111221775413, 0.0584564469755]
        max: [1, 0.932529985905, 0.715534806252]
        mean: [0.356383860111, 0.441217631102, 0.14640045166]
        min: [0.000970010412857, 0, 0]
        var: [0.0437988713384, 0.0546233765781, 0.0201428961009]

tonal:
    chords_changes_rate: 0.0555555559695
    chords_number_rate: 0.0185185186565
    chords_strength:
        dmean: 0.00707581313327
        dmean2: 0.00600107479841
        dvar: 4.31707994721e-05
        dvar2: 2.7727761335e-05
        max: 0.588768780231
        mean: 0.439140349627
        min: 0.291396915913
        var: 0.00506503367797
    key_strength: 0.681742608547
    tuning_diatonic_strength: 0.561414480209
    tuning_equal_tempered_deviation: 0.0188690740615
    tuning_frequency: 436.204162598
    tuning_nontempered_energy_ratio: 0.642693996429
    hpcp:
        dmean: [0.110644496977, 0.0954807922244, 0.0680176243186, 0.0575157664716, 0.0682234093547, 0.10292071104, 0.120393432677, 0.0957670882344, 0.103827483952, 0.142207592726, 0.111288972199, 0.0747800096869, 0.0556349344552, 0.0494698397815, 0.0755771026015, 0.114141501486, 0.109179481864, 0.086115591228, 0.066339507699, 0.049249779433, 0.0433946624398, 0.0490046702325, 0.054680030793, 0.116391979158, 0.158188730478, 0.119985364377, 0.0907275229692, 0.0996406748891, 0.113047853112, 0.183945924044, 0.137195855379, 0.201581373811, 0.0941152274609, 0.0805279836059, 0.0873323231936, 0.101769641042]
        dmean2: [0.173382386565, 0.155491873622, 0.110627882183, 0.0898957177997, 0.108169339597, 0.171021327376, 0.184618264437, 0.157897979021, 0.176277071238, 0.223411381245, 0.163676336408, 0.119940161705, 0.0893845483661, 0.0804605334997, 0.125163704157, 0.181128531694, 0.182847335935, 0.148345202208, 0.113508164883, 0.086305975914, 0.0692592859268, 0.0783281624317, 0.0893360748887, 0.18691496551, 0.261482000351, 0.189858973026, 0.15181197226, 0.1659155339, 0.186237424612, 0.319692194462, 0.241973876953, 0.35374212265, 0.157887682319, 0.133566439152, 0.144972100854, 0.165235027671]
        dvar: [0.0149790206924, 0.014722042717, 0.00963416323066, 0.00650292448699, 0.00940298382193, 0.0165471248329, 0.0160328447819, 0.0124593935907, 0.0148142334074, 0.027219902724, 0.019176568836, 0.0160849485546, 0.00544476415962, 0.00399801041931, 0.0098429908976, 0.0187621098012, 0.0206514187157, 0.0185516159981, 0.0140868881717, 0.00911262445152, 0.00319911027327, 0.00436897855252, 0.00447572767735, 0.0218689367175, 0.0477356985211, 0.0227580629289, 0.0173329152167, 0.0207569338381, 0.0201775580645, 0.0286461543292, 0.0464047640562, 0.0311977788806, 0.0112312287092, 0.0160835795105, 0.0144862914458, 0.0156415589154]
        dvar2: [0.0314192809165, 0.0349151194096, 0.0240188091993, 0.0151652172208, 0.0205808151513, 0.0345841646194, 0.0382393822074, 0.0333819240332, 0.0423776321113, 0.0656826272607, 0.0451260730624, 0.0352986715734, 0.0130334990099, 0.00963474344462, 0.0258312094957, 0.0453555546701, 0.0479343086481, 0.0474237203598, 0.0374271124601, 0.0260825362056, 0.00738684087992, 0.0108217578381, 0.0119171701372, 0.0392593257129, 0.104297176003, 0.0605193078518, 0.0450830161572, 0.0551075004041, 0.0530244298279, 0.0762137025595, 0.114411756396, 0.0810653492808, 0.0256971288472, 0.0426789782941, 0.0361106581986, 0.0368470624089]
        max: [1, 0.810043036938, 0.626409709454, 0.601170241833, 0.937606811523, 1, 1, 0.704232990742, 0.828794836998, 1, 1, 1, 0.496531039476, 0.499018877745, 0.746643304825, 1, 1, 0.928292751312, 1, 0.935118079185, 0.582486152649, 0.447523027658, 0.501193284988, 1, 1, 0.915718317032, 0.885833263397, 0.97900891304, 0.869067132473, 1, 1, 1, 0.738150119781, 1, 0.839526891708, 0.848843514919]
        mean: [0.178342148662, 0.12963168323, 0.0782483741641, 0.0743296965957, 0.098645336926, 0.187277927995, 0.229078575969, 0.141477048397, 0.14976015687, 0.225523486733, 0.169314488769, 0.0979858487844, 0.0745060369372, 0.0660430267453, 0.123478665948, 0.221546649933, 0.204143807292, 0.123331002891, 0.0905668213964, 0.0600545592606, 0.0590307042003, 0.0744794979692, 0.0835453346372, 0.206775441766, 0.296181172132, 0.187488898635, 0.118645638227, 0.127053409815, 0.130262643099, 0.472520500422, 0.864943683147, 0.538202047348, 0.118205986917, 0.0920314118266, 0.106669396162, 0.147816672921]
        min: [0.00764160230756, 0.00374071160331, 0.00297151459381, 0.00221684458666, 0.00333704520017, 0.0142616201192, 0.0126025564969, 0.00617585238069, 0.000825650931802, 0.000831761048175, 0.00367043539882, 0.00478644482791, 0.00298343598843, 0.0035695543047, 0.0145881092176, 0.0243412591517, 0.018035158515, 0.00271620764397, 0.000809342367575, 0.000903188134544, 0.0016931889113, 0.00130731018726, 0.00161711371038, 0.00575758749619, 0.00426039798185, 0.00136979855597, 0.00191303587053, 0.00112851103768, 0.00149114860687, 0.0424334555864, 0.0415739268064, 0.0669075250626, 0.00320638366975, 0.00276473257691, 0.0042573758401, 0.00780887808651]
        var: [0.0281498450786, 0.0184620469809, 0.0104554519057, 0.00893995445222, 0.0200502201915, 0.0366981551051, 0.0453767590225, 0.0223708655685, 0.0243882741779, 0.0606562383473, 0.0382775552571, 0.0207697600126, 0.00718646822497, 0.00490731885657, 0.0108340214938, 0.0385525003076, 0.0425414964557, 0.0255212150514, 0.0237642042339, 0.01023093611, 0.00548723852262, 0.00726766651496, 0.00691566755995, 0.046182077378, 0.112552054226, 0.037185985595, 0.0200121328235, 0.0279421322048, 0.0238994881511, 0.0421312637627, 0.0657265037298, 0.0499545112252, 0.0189473871142, 0.0186994932592, 0.0184855535626, 0.023255944252]
    chords_histogram: [27.7777786255, 18.5185184479, 46.7592582703, 0, 0, 0, 0, 0, 0, 0, 0, 0, 0, 0, 0, 0, 0, 6.94444465637, 0, 0, 0, 0, 0, 0]
    thpcp: [1, 0.622239410877, 0.136663213372, 0.106401622295, 0.123325251043, 0.170897454023, 0.206189319491, 0.149872973561, 0.090466439724, 0.085935883224, 0.114048279822, 0.216520369053, 0.264847964048, 0.16356793046, 0.17314440012, 0.260737776756, 0.195752039552, 0.113285817206, 0.0861397534609, 0.0763552933931, 0.142759203911, 0.256139963865, 0.236019775271, 0.142588481307, 0.104708343744, 0.0694317594171, 0.0682480335236, 0.08610907197, 0.0965904891491, 0.239062324166, 0.342428267002, 0.21676428616, 0.137171521783, 0.146892115474, 0.150602459908, 0.54630202055]
    chords_key: "G"
    chords_scale: "major"
    key_key: "C"
    key_scale: "major"
    chords_progression: ["G", "G", "G", "G", "Em", "Em", "Em", "Em", "Em", "Em", "Em", "Em", "Em", "Em", "Em", "Em", "Em", "Em", "Em", "Em", "Em", "Em", "Em", "Em", "Em", "Em", "Em", "Em", "Em", "Em", "Em", "Em", "Em", "Em", "Em", "Em", "Em", "Em", "Em", "Em", "Em", "Em", "Em", "Em", "C", "C", "C", "C", "C", "C", "C", "C", "C", "C", "C", "C", "C", "C", "C", "C", "G", "G", "G", "G", "G", "G", "G", "G", "G", "G", "G", "G", "G", "G", "G", "G", "G", "G", "G", "G", "G", "G", "G", "G", "G", "G", "G", "G", "G", "G", "G", "G", "G", "G", "G", "G", "G", "G", "G", "G", "G", "G", "G", "G", "G", "G", "G", "G", "G", "G", "G", "C", "C", "C", "C", "C", "C", "C", "C", "C", "C", "C", "C", "C", "C", "C", "C", "Cm", "Cm", "Cm", "Cm", "Cm", "C", "Cm", "Cm", "Cm", "G", "G", "G", "G", "G", "G", "G", "G", "G", "G", "G", "G", "G", "G", "G", "G", "G", "G", "G", "G", "G", "G", "G", "G", "G", "G", "G", "G", "G", "G", "G", "G", "G", "G", "G", "G", "G", "G", "G", "G", "G", "G", "G", "G", "G", "G", "Cm", "Cm", "Cm", "C", "C", "C", "C", "Cm", "Cm", "Cm", "Cm", "C", "C", "C", "C", "C", "C", "C", "C", "C", "C", "C", "C", "C", "C", "C", "C", "C", "C", "C", "C", "C", "C", "C"]
