
metadata:
    version:
        essentia: "1.2.2"
    audio_properties:
        analysis_sample_rate: 44100
        bitrate: 128
        channels: 2
        equal_loudness: 1
        length: 10.0310201645
        replay_gain: -6.393907547
        downmix: "mix"
    tags:
        track: 16
        year: 0
        album: "Splitted by Mp3Splt v. 2.1"
        artist: "From 002.30 To 002.40"
        comment: "http://mp3splt.sf.net"
        genre: ""
        title: "07 Millenium.mp3"

highlevel:
    ballroom:
        all:
            ChaChaCha: 0.073986761272
            Jive: 0.103391095996
            Quickstep: 0.0113904895261
            Rumba-American: 0.00886431802064
            Rumba-International: 0.0735074654222
            Rumba-Misc: 0.0854828432202
            Samba: 0.625929832458
            Tango: 0.00506481947377
            VienneseWaltz: 0.00637146364897
            Waltz: 0.00601088209078
        probability: 0.625929832458
        value: "Samba"
    culture:
        all:
            non_western: 0.00603021355346
            western: 0.993969798088
        probability: 0.993969798088
        value: "western"
    gender:
        all:
            female: 0.951811075211
            male: 0.0481888987124
        probability: 0.951811075211
        value: "female"
    genre_dortmund:
        all:
            alternative: 0.0604711510241
            blues: 0.00340123777278
            electronic: 0.4162132442
            folkcountry: 0.0189870782197
            funksoulrnb: 0.0196342151612
            jazz: 0.062674343586
            pop: 0.113201260567
            raphiphop: 0.056807436049
            rock: 0.248610049486
        probability: 0.4162132442
        value: "electronic"
    genre_electronica:
        all:
            ambient: 0.0340329743922
            dnb: 0.625517129898
            house: 0.00816084630787
            techno: 0.0172676835209
            trance: 0.315021336079
        probability: 0.625517129898
        value: "dnb"
    genre_rosamerica:
        all:
            cla: 0.00200884207152
            dan: 0.967247843742
            hip: 0.00474631646648
            jaz: 0.00199083960615
            pop: 0.00486945454031
            rhy: 0.00531988218427
            roc: 0.0132299978286
            spe: 0.000586818903685
        probability: 0.967247843742
        value: "dan"
    genre_tzanetakis:
        all:
            blu: 0.00103765248787
            cla: 0.000933542265557
            cou: 0.00457834964618
            dis: 0.0850525349379
            hip: 0.021694753319
            jaz: 0.0129270134494
            met: 0.0074352840893
            pop: 0.771949231625
            reg: 0.0628597289324
            roc: 0.0315319113433
        probability: 0.771949231625
        value: "pop"
    live_studio:
        all:
            live: 0.354342728853
            studio: 0.645657241344
        probability: 0.645657241344
        value: "studio"
    mood:
        all:
            Cluster1: 0.283008694649
            Cluster2: 0.112151540816
            Cluster3: 0.247561067343
            Cluster4: 0.034315366298
            Cluster5: 0.322963327169
        probability: 0.322963327169
        value: "Cluster5"
    mood_acoustic:
        all:
            acoustic: 0.0378968864679
            not_acoustic: 0.962103128433
        probability: 0.962103128433
        value: "not_acoustic"
    mood_aggressive:
        all:
            aggressive: 0.385157197714
            not_aggressive: 0.614842772484
        probability: 0.614842772484
        value: "not_aggressive"
    mood_electronic:
        all:
            electronic: 0.97798115015
            not_electronic: 0.0220188666135
        probability: 0.97798115015
        value: "electronic"
    mood_happy:
        all:
            happy: 0.482753753662
            not_happy: 0.517246246338
        probability: 0.517246246338
        value: "not_happy"
    mood_party:
        all:
            not_party: 0.462422937155
            party: 0.537577092648
        probability: 0.537577092648
        value: "party"
    mood_relaxed:
        all:
            not_relaxed: 0.590499460697
            relaxed: 0.409500509501
        probability: 0.590499460697
        value: "not_relaxed"
    mood_sad:
        all:
            not_sad: 0.607719957829
            sad: 0.392280042171
        probability: 0.607719957829
        value: "not_sad"
    rhythm:
        all:
            fast: 0.14837449789
            medium: 0.796162545681
            slow: 0.0554629378021
        probability: 0.796162545681
        value: "medium"
    speech_music:
        all:
            music: 0.999995410442
            speech: 4.60632418253e-06
        probability: 0.999995410442
        value: "music"
    timbre:
        all:
            bright: 0.128464490175
            dark: 0.871535480022
        probability: 0.871535480022
        value: "dark"
    voice_instrumental:
        all:
            instrumental: 0.0141606805846
            voice: 0.985839307308
        probability: 0.985839307308
        value: "voice"

lowlevel:
    average_loudness: 0.974977433681
    barkbands_kurtosis:
        dmean: 2.99649739265
        dmean2: 4.47105312347
        dvar: 22.7746772766
        dvar2: 46.0445861816
        max: 39.6027030945
        mean: 3.91970252991
        min: -1.71182692051
        var: 45.6866950989
    barkbands_skewness:
        dmean: 0.542949855328
        dmean2: 0.804516971111
        dvar: 0.368790686131
        dvar2: 0.711605429649
        max: 5.36130237579
        mean: 1.71154797077
        min: -1.83959650993
        var: 1.25730657578
    barkbands_spread:
        dmean: 7.67981147766
        dmean2: 11.1547451019
        dvar: 65.4249725342
        dvar2: 121.097816467
        max: 68.820602417
        mean: 26.3409328461
        min: 1.86836457253
        var: 163.399291992
    dissonance:
        dmean: 0.020086593926
        dmean2: 0.0330334454775
        dvar: 0.00035385825322
        dvar2: 0.000920191698242
        max: 0.5
        mean: 0.465061783791
        min: 0.319399863482
        var: 0.000589916773606
    hfc:
        dmean: 2.27049827576
        dmean2: 3.28232598305
        dvar: 18.4339408875
        dvar2: 38.9991226196
        max: 58.4030380249
        mean: 4.13670921326
        min: 0.105718016624
        var: 26.9902667999
    pitch:
        dmean: 361.634857178
        dmean2: 711.203186035
        dvar: 1146653
        dvar2: 3129706.25
        max: 4900
        mean: 467.470947266
        min: 43.06640625
        var: 1012954.3125
    pitch_instantaneous_confidence:
        dmean: 0.0735276713967
        dmean2: 0.113934069872
        dvar: 0.00330889760517
        dvar2: 0.0085177430883
        max: 0.804011702538
        mean: 0.299706488848
        min: 0.112841904163
        var: 0.0123690329492
    pitch_salience:
        dmean: 0.0722034797072
        dmean2: 0.117568783462
        dvar: 0.00454087369144
        dvar2: 0.0119015257806
        max: 0.827947318554
        mean: 0.63237118721
        min: 0.241762429476
        var: 0.00959027465433
    silence_rate_20dB:
        dmean: 0
        dmean2: 0
        dvar: 0
        dvar2: 0
        max: 1
        mean: 1
        min: 1
        var: 0
    silence_rate_30dB:
        dmean: 0
        dmean2: 0
        dvar: 0
        dvar2: 0
        max: 1
        mean: 1
        min: 1
        var: 0
    silence_rate_60dB:
        dmean: 0.152777776122
        dmean2: 0.306264489889
        dvar: 0.129436716437
        dvar2: 0.231028348207
        max: 1
        mean: 0.427251726389
        min: 0
        var: 0.244707539678
    spectral_centroid:
        dmean: 241.729736328
        dmean2: 354.373168945
        dvar: 95388.9296875
        dvar2: 157755.125
        max: 4919.57470703
        mean: 845.673400879
        min: 157.784423828
        var: 291319.125
    spectral_complexity:
        dmean: 3.21113681793
        dmean2: 4.95116281509
        dvar: 24.361448288
        dvar2: 47.4091262817
        max: 44
        mean: 9.20370388031
        min: 0
        var: 51.5232849121
    spectral_crest:
        dmean: 2.21835279465
        dmean2: 3.58564972878
        dvar: 4.28325033188
        dvar2: 11.8511552811
        max: 20.0746936798
        mean: 8.25235271454
        min: 2.26638197899
        var: 9.56212615967
    spectral_decrease:
        dmean: 3.97301358479e-10
        dmean2: 5.98318228295e-10
        dvar: 2.80690867872e-19
        dvar2: 5.74233434125e-19
        max: -2.04819199795e-11
        mean: -1.04298158998e-09
        min: -4.25601642817e-09
        var: 5.29540193545e-19
    spectral_energy:
        dmean: 0.00167619378772
        dmean2: 0.0025102624204
        dvar: 5.14037446919e-06
        dvar2: 1.04547507362e-05
        max: 0.0183272082359
        mean: 0.00431166728958
        min: 8.68923598318e-05
        var: 9.5887844509e-06
    spectral_energyband_high:
        dmean: 0.000214057756239
        dmean2: 0.000313667202136
        dvar: 2.76767451624e-07
        dvar2: 6.02483055445e-07
        max: 0.00852276012301
        mean: 0.000276512699202
        min: 1.64816015058e-06
        var: 3.22903957795e-07
    spectral_energyband_low:
        dmean: 0.000597803329583
        dmean2: 0.000958660675678
        dvar: 1.00195427422e-06
        dvar2: 2.47468642556e-06
        max: 0.00693696690723
        mean: 0.00108546996489
        min: 3.0231404935e-07
        var: 1.36269898121e-06
    spectral_energyband_middle_high:
        dmean: 0.000447669182904
        dmean2: 0.000668744265568
        dvar: 6.12522683241e-07
        dvar2: 1.3729429611e-06
        max: 0.00770989852026
        mean: 0.000878935563378
        min: 1.10041446533e-05
        var: 1.28788360598e-06
    spectral_energyband_middle_low:
        dmean: 0.00078947795555
        dmean2: 0.001176122576
        dvar: 1.15630894015e-06
        dvar2: 2.28021667681e-06
        max: 0.0121460175142
        mean: 0.0020705179777
        min: 5.08338089276e-05
        var: 2.43788917942e-06
    spectral_flatness_db:
        dmean: 0.0238820686936
        dmean2: 0.03608173877
        dvar: 0.000592338736169
        dvar2: 0.00112133147195
        max: 0.345067799091
        mean: 0.142613664269
        min: 0.0729213133454
        var: 0.00166542874649
    spectral_flux:
        dmean: 0.0107646808028
        dmean2: 0.0167258754373
        dvar: 0.000159039991559
        dvar2: 0.000344615953509
        max: 0.0984549373388
        mean: 0.0340824238956
        min: 0.00759070320055
        var: 0.000305195106193
    spectral_kurtosis:
        dmean: 1.37733113766
        dmean2: 2.02955198288
        dvar: 1.74906086922
        dvar2: 3.48141098022
        max: 13.5370025635
        mean: 2.23346567154
        min: -0.681052684784
        var: 3.8377301693
    spectral_rms:
        dmean: 0.000376835960196
        dmean2: 0.000552901707124
        dvar: 1.99551365654e-07
        dvar2: 3.71168425772e-07
        max: 0.00422849878669
        mean: 0.00192956731189
        min: 0.000291158095933
        var: 4.83274845919e-07
    spectral_rolloff:
        dmean: 681.06817627
        dmean2: 1094.33666992
        dvar: 802776
        dvar2: 1555091.5
        max: 7278.22265625
        mean: 1673.20935059
        min: 107.666015625
        var: 1894645.75
    spectral_skewness:
        dmean: 0.301852196455
        dmean2: 0.420147657394
        dvar: 0.0768733620644
        dvar2: 0.13827291131
        max: 3.32304978371
        mean: 1.41912531853
        min: 0.156139090657
        var: 0.198328375816
    spectral_spread:
        dmean: 1190818.5
        dmean2: 1673597.625
        dvar: 1.03740086682e+12
        dvar2: 1.89845838234e+12
        max: 11374668
        mean: 6931217
        min: 3505786
        var: 2.9915634729e+12
    spectral_strongpeak:
        dmean: 0.151880323887
        dmean2: 0.258138209581
        dvar: 0.136641010642
        dvar2: 0.392119109631
        max: 4.76772689819
        mean: 0.220964640379
        min: 0.0151406824589
        var: 0.109386987984
    zerocrossingrate:
        dmean: 0.0133512634784
        dmean2: 0.0158123634756
        dvar: 0.000172399973962
        dvar2: 0.000222412243602
        max: 0.22998046875
        mean: 0.0634663924575
        min: 0.0107421875
        var: 0.000786645337939
    barkbands:
        dmean: [1.60084869094e-06, 0.000255964288954, 0.000459857867099, 0.000206281038118, 0.000442693737568, 0.000213872466702, 0.000140367468703, 6.09673916188e-05, 9.0985056886e-05, 7.35735084163e-05, 8.81559899426e-05, 4.38021306763e-05, 5.25862451468e-05, 4.3439988076e-05, 3.29359863827e-05, 5.82471584494e-05, 5.93801596551e-05, 5.79079314775e-05, 8.3465143689e-05, 8.10225392343e-05, 6.29365240457e-05, 6.77057760186e-05, 2.6716501452e-05, 1.93151572603e-05, 6.32773344478e-06, 1.60576163921e-07, 2.66577454555e-10]
        dmean2: [2.03596187021e-06, 0.0003862985468, 0.000739152601454, 0.000336104101734, 0.000667359796353, 0.000348829140421, 0.000230880395975, 9.63677084656e-05, 0.000150417050463, 0.000120523232908, 0.00014314778673, 7.37150185159e-05, 8.23414084152e-05, 7.01288226992e-05, 4.93269690196e-05, 9.03253530851e-05, 9.5622628578e-05, 8.87589048943e-05, 0.000130375279696, 0.000119671669381, 9.54980787355e-05, 0.000106671672256, 4.13489506172e-05, 2.80746553472e-05, 9.2806703833e-06, 2.50850575867e-07, 4.33687363799e-10]
        dvar: [7.81633265057e-12, 1.83868181125e-07, 7.07934816546e-07, 9.96919737872e-08, 7.01251508417e-07, 6.53717648902e-08, 3.86333347535e-08, 9.29798549265e-09, 1.6665708813e-08, 2.09155839315e-08, 4.75537866862e-08, 8.87262530114e-09, 1.07222000167e-08, 7.2154890951e-09, 3.0752544955e-09, 1.95856060259e-08, 1.68266929279e-08, 7.84526221764e-09, 2.12197388549e-08, 1.90049771476e-08, 1.30415465094e-08, 4.21697201602e-08, 5.65123503549e-09, 3.80686060453e-09, 3.9854761158e-10, 1.07961267693e-13, 5.80173469803e-19]
        dvar2: [1.03692870262e-11, 3.92136428218e-07, 1.87846751487e-06, 2.48782868084e-07, 1.52112534124e-06, 1.6589626739e-07, 1.10196538117e-07, 2.08916475231e-08, 4.53972717196e-08, 5.51295684659e-08, 1.09850624597e-07, 2.31799166528e-08, 2.50151863668e-08, 1.62663820191e-08, 5.86816684134e-09, 4.81266191343e-08, 4.25082156141e-08, 1.77159780179e-08, 4.8588354673e-08, 4.05524964719e-08, 2.62637023241e-08, 1.0233187453e-07, 1.13751514874e-08, 8.09215805475e-09, 9.12050601709e-10, 2.72351043627e-13, 7.07388626436e-19]
        max: [3.5329729144e-05, 0.00514686712995, 0.00582400616258, 0.00291106058285, 0.0105420947075, 0.00261656008661, 0.00132217537612, 0.000999310752377, 0.0010049714474, 0.00196991674602, 0.00310480757616, 0.00103489181492, 0.00137141288724, 0.000800522917416, 0.000525149342138, 0.00127647654153, 0.00103973352816, 0.000907403125893, 0.00153648678679, 0.00167628191411, 0.00162209908012, 0.00342676788568, 0.00115520320833, 0.00098447164055, 0.000304698158288, 3.86333749702e-06, 1.50075045724e-08]
        mean: [3.64021275345e-06, 0.000424880738137, 0.000657182943542, 0.000353976356564, 0.000772439001594, 0.000450313586043, 0.000209883903153, 9.87139865174e-05, 0.000143982688314, 0.000103605256299, 0.000144574281876, 6.19904749328e-05, 7.31750405976e-05, 6.03142907494e-05, 4.79589762108e-05, 7.23585908418e-05, 7.45077923057e-05, 9.26724533201e-05, 0.000131166802021, 0.000123448611703, 8.1574478827e-05, 7.29888997739e-05, 2.85912428808e-05, 2.06400964089e-05, 6.90932438374e-06, 1.79573802939e-07, 2.5312291152e-10]
        min: [6.68915589586e-10, 8.83314044131e-08, 4.92715273026e-08, 1.82222720468e-07, 1.54343397298e-05, 5.25193263456e-06, 6.65569643843e-07, 1.35269715429e-06, 9.64410787674e-07, 4.06118317642e-07, 8.82683934833e-08, 1.17590666093e-07, 5.75253125135e-08, 1.45431869214e-07, 6.5254894821e-08, 7.85186458074e-08, 7.56750111464e-08, 2.54532807276e-07, 2.72316810879e-07, 1.3924175164e-06, 3.81824889928e-07, 2.93821301511e-07, 3.83397065207e-08, 3.81177365227e-08, 2.12347508466e-08, 2.42225961511e-10, 1.12174057207e-13]
        var: [2.93323559886e-11, 3.11041219447e-07, 7.60930959132e-07, 1.42127007052e-07, 1.04030675629e-06, 2.06316471463e-07, 5.47106289162e-08, 1.68972551506e-08, 3.04961709219e-08, 2.69608815273e-08, 1.12943475017e-07, 1.27936123917e-08, 1.72803726883e-08, 1.02929949009e-08, 5.60994495302e-09, 2.18851941014e-08, 1.86633908328e-08, 1.40291298578e-08, 4.39971081789e-08, 3.48645272652e-08, 1.82520594194e-08, 3.87866450069e-08, 6.47673648047e-09, 4.04513000873e-09, 4.14669049098e-10, 1.08844194508e-13, 5.97649676496e-19]
    mfcc:
        mean: [-718.310546875, 109.538581848, 3.40777087212, 44.9734230042, -6.51318025589, 2.2782804966, 0.767430782318, 0.640385746956, -4.11298799515, -3.97534179688, -4.43301153183, -3.13355231285, -4.88320207596]
        cov: [[4009.13476562, -789.221740723, -574.264831543, -387.460998535, -33.8199615479, 106.240516663, -96.4499740601, -79.1720657349, -87.8186340332, 14.6630382538, 24.7339324951, 15.3349246979, 29.2924785614], [-789.221740723, 796.756835938, -127.202178955, 74.2655105591, 18.2534770966, -72.1769714355, 41.5375862122, 22.4692401886, 0.0807652249932, -16.4064712524, -11.1846809387, 1.90681672096, 19.1551094055], [-574.264831543, -127.202178955, 500.463745117, 169.280471802, 91.8738937378, 46.4536514282, 24.1565589905, 65.9405288696, 69.9950256348, 37.375831604, 18.7815036774, 9.55045700073, -8.27150726318], [-387.460998535, 74.2655105591, 169.280471802, 248.534561157, 109.242698669, 5.34881019592, 28.6448726654, 32.5246734619, 53.2964248657, 61.0909805298, 11.7051506042, 1.55791151524, 28.9567394257], [-33.8199615479, 18.2534770966, 91.8738937378, 109.242698669, 142.599151611, 48.5093231201, 7.48764705658, 32.9555358887, 41.9290275574, 47.887676239, 11.1180334091, 12.9246768951, 17.1699905396], [106.240516663, -72.1769714355, 46.4536514282, 5.34881019592, 48.5093231201, 98.419708252, 48.4096832275, 49.5996398926, 28.5055770874, 4.13110256195, 13.1209306717, 9.62135124207, -2.47793602943], [-96.4499740601, 41.5375862122, 24.1565589905, 28.6448726654, 7.48764705658, 48.4096832275, 112.814750671, 72.1430587769, 22.7524433136, -4.74588680267, 10.6195373535, 4.19879150391, 2.12170910835], [-79.1720657349, 22.4692401886, 65.9405288696, 32.5246734619, 32.9555358887, 49.5996398926, 72.1430587769, 102.34236908, 37.4744186401, 6.17458200455, 1.96318149567, 4.26812696457, -1.57194960117], [-87.8186340332, 0.0807652249932, 69.9950256348, 53.2964248657, 41.9290275574, 28.5055770874, 22.7524433136, 37.4744186401, 67.0975494385, 27.5520191193, 15.4306631088, 6.98103523254, 2.61625671387], [14.6630382538, -16.4064712524, 37.375831604, 61.0909805298, 47.887676239, 4.13110256195, -4.74588680267, 6.17458200455, 27.5520191193, 77.3147125244, 13.2348203659, -4.24679803848, 8.03576564789], [24.7339324951, -11.1846809387, 18.7815036774, 11.7051506042, 11.1180334091, 13.1209306717, 10.6195373535, 1.96318149567, 15.4306631088, 13.2348203659, 44.3431510925, 18.5570220947, 1.90776062012], [15.3349246979, 1.90681672096, 9.55045700073, 1.55791151524, 12.9246768951, 9.62135124207, 4.19879150391, 4.26812696457, 6.98103523254, -4.24679803848, 18.5570220947, 41.1068954468, 11.9915342331], [29.2924785614, 19.1551094055, -8.27150726318, 28.9567394257, 17.1699905396, -2.47793602943, 2.12170910835, -1.57194960117, 2.61625671387, 8.03576564789, 1.90776062012, 11.9915342331, 38.5044212341]]
        icov: [[0.0005412074388, 0.000586925423704, 0.000725336722098, 0.00055014283862, -0.00055563863134, -0.000271120719844, 0.000331560266204, -0.000389518303564, 0.000331188755808, -0.000290316704195, -0.000529032142367, 0.000201696893782, -0.000763986958191], [0.000586925423704, 0.00242410739884, 0.00154103036039, 1.16730634545e-05, -0.00184483220801, 0.00228375173174, -0.000783556664828, -0.00108767300844, 7.77783839112e-07, 0.000873722427059, -0.000618215126451, 7.44003482396e-05, -0.000536725157872], [0.000725336722098, 0.00154103036039, 0.00444754818454, -0.00202004774474, -0.000786068267189, -0.000447655038442, 0.00169337459374, -0.0024736195337, -0.000610421760939, 0.000679621822201, -0.00113721634261, -0.000591059855651, 0.00142362015322], [0.00055014283862, 1.16730634545e-05, -0.00202004774474, 0.0113848056644, -0.00714191887528, 0.00485735200346, -0.00447666319087, 0.00198543258011, -0.00227291649207, -0.00267355749384, -0.000661862606648, 0.00331647600979, -0.00588266551495], [-0.00055563863134, -0.00184483220801, -0.000786068267189, -0.00714191887528, 0.0194864589721, -0.0114839021116, 0.00708799576387, -0.00231530610472, -0.000474291795399, -0.00558031210676, 0.00281120045111, -0.00469291768968, -0.000851929537021], [-0.000271120719844, 0.00228375173174, -0.000447655038442, 0.00485735200346, -0.0114839021116, 0.0248818360269, -0.00938577204943, -0.00255534681492, -0.00366372498684, 0.0039511420764, -0.00275034620427, 0.000670708424877, 0.00180785707198], [0.000331560266204, -0.000783556664828, 0.00169337459374, -0.00447666319087, 0.00708799576387, -0.00938577204943, 0.0228867381811, -0.0141196511686, 0.00248314184137, 0.00160891306587, -0.00579950073734, 0.0018889241619, -0.00253975391388], [-0.000389518303564, -0.00108767300844, -0.0024736195337, 0.00198543258011, -0.00231530610472, -0.00255534681492, -0.0141196511686, 0.025472085923, -0.00773826567456, -0.000820202578325, 0.00781013816595, -0.00220563844778, 0.00249576591887], [0.000331188755808, 7.77783839112e-07, -0.000610421760939, -0.00227291649207, -0.000474291795399, -0.00366372498684, 0.00248314184137, -0.00773826567456, 0.0267137363553, -0.00541493389755, -0.00561526510864, -0.00113214855082, 0.000794591091108], [-0.000290316704195, 0.000873722427059, 0.000679621822201, -0.00267355749384, -0.00558031210676, 0.0039511420764, 0.00160891306587, -0.000820202578325, -0.00541493389755, 0.0221350155771, -0.00719898380339, 0.00772483274341, -0.00173733639531], [-0.000529032142367, -0.000618215126451, -0.00113721634261, -0.000661862606648, 0.00281120045111, -0.00275034620427, -0.00579950073734, 0.00781013816595, -0.00561526510864, -0.00719898380339, 0.0356859005988, -0.0175186134875, 0.00574301043525], [0.000201696893782, 7.44003482396e-05, -0.000591059855651, 0.00331647600979, -0.00469291768968, 0.000670708424877, 0.0018889241619, -0.00220563844778, -0.00113214855082, 0.00772483274341, -0.0175186134875, 0.0384552255273, -0.0135132791474], [-0.000763986958191, -0.000536725157872, 0.00142362015322, -0.00588266551495, -0.000851929537021, 0.00180785707198, -0.00253975391388, 0.00249576591887, 0.000794591091108, -0.00173733639531, 0.00574301043525, -0.0135132791474, 0.0365196578205]]
    spectral_contrast:
        mean: [2.40309248056e-07, -2.06986442208e-07, -1.5880775095e-07, -2.82414958974e-07, 1.03187090872e-07, -4.08402200947e-08, -7.53129540954e-07, -1.66092752352e-06, -1.11534507141e-06, -2.59694115812e-06, 2.80307403955e-06, 6.64398612571e-06]
        var: [0.000214085055632, 0.000618648482487, 0.000804285285994, 0.0024059577845, 0.00350014655851, 0.00429956801236, 0.0382861085236, 0.0748097598553, 0.130182147026, 0.352493166924, 0.383752882481, 1.99047136307]

rhythm:
    beats_loudness:
        dmean: 0.00521016959101
        dmean2: 0.00868504308164
        dvar: 9.91613796941e-06
        dvar2: 2.20168913074e-05
        max: 0.0166421048343
        mean: 0.00676548713818
        min: 0.00113579211757
        var: 1.8456215912e-05
    beats_loudness_bass:
        dmean: 0.248198032379
        dmean2: 0.432567089796
        dvar: 0.0230943150818
        dvar2: 0.0869985967875
        max: 0.660729050636
        mean: 0.318645894527
        min: 0.0304772481322
        var: 0.032556630671
    bpm: 110.572555542
    bpm_confidence: 0
    first_peak_bpm: 111
    first_peak_spread: 0
    first_peak_weight: 0.941176533699
    onset_rate: 5.38330078125
    second_peak_bpm: 64
    second_peak_spread: 0
    second_peak_weight: 0.0588235296309
    beats_position: [0.200727969408, 0.74229067564, 1.28385341167, 1.8254160881, 2.36697888374, 2.90854144096, 3.45010399818, 3.99166703224, 4.53322982788, 5.07479286194, 5.61635541916, 6.55209255219, 7.09558391571, 7.63907527924, 8.18256664276, 8.72605705261, 9.26954936981, 9.81303977966]
    bpm_estimates: [110.753547668, 110.591438293, 110.667953491, 111.15070343, 110.674667358, 110.480438232, 109.948204041, 110.446853638, 110.43926239]
    bpm_intervals: [0.54156267643, 0.541562736034, 0.54156267643, 0.541562795639, 0.54156255722, 0.54156255722, 0.541563034058, 0.541562795639, 0.541563034058, 0.54156255722, 0.935737133026, 0.543491363525, 0.543491363525, 0.543491363525, 0.543490409851, 0.5434923172, 0.543490409851]
    onset_times: [0.0348299331963, 0.18575963378, 0.371519267559, 0.545668959618, 0.731428563595, 0.917188227177, 1.06811785698, 1.26548755169, 1.63700675964, 1.83437645435, 2.00852608681, 2.18267583847, 2.36843538284, 2.55419492722, 3.09986400604, 3.45977330208, 3.63392281532, 3.78485250473, 3.81968259811, 3.97061228752, 4.36535167694, 4.55111122131, 4.74848079681, 4.91102027893, 5.08517026901, 5.28253984451, 5.46829938889, 5.64244890213, 5.81659841537, 6.00235843658, 6.18811798096, 6.3622674942, 6.54802703857, 6.73378705978, 6.90793657303, 7.10530614853, 7.27945566177, 7.46521520615, 7.65097522736, 7.77868461609, 7.8251247406, 7.99927425385, 8.19664382935, 8.35918331146, 8.55655288696, 8.73070335388, 8.91646289825, 9.02095222473, 9.12544250488, 9.287981987, 9.46213150024, 9.64789104462, 9.82204055786, 9.99619007111]
    rubato_start: []
    rubato_stop: []
    perceptual_tempo: "unknown"

sfx:
    inharmonicity:
        dmean: 0.024946719408
        dmean2: 0.0440566204488
        dvar: 0.00159970286768
        dvar2: 0.00455596018583
        max: 0.33194860816
        mean: 0.0229275003076
        min: 3.57057506335e-05
        var: 0.00144240364898
    oddtoevenharmonicenergyratio:
        dmean: 1.88213050365
        dmean2: 3.62074565887
        dvar: 74.4009780884
        dvar2: 219.64755249
        max: 78.9640731812
        mean: 1.13810932636
        min: 7.67889432609e-05
        var: 39.7191619873
    pitch_after_max_to_before_max_energy_ratio: 1.56454336643
    pitch_centroid: 212.072357178
    pitch_max_to_total: 0.361111104488
    pitch_min_to_total: 0.715277791023
    tristimulus:
        dmean: [0.209138959646, 0.200055643916, 0.0899429395795]
        dmean2: [0.362504929304, 0.342417269945, 0.154215589166]
        dvar: [0.0322301834822, 0.0311390180141, 0.00957783218473]
        dvar2: [0.0913209170103, 0.0911405012012, 0.027063973248]
        max: [0.983279645443, 0.949203550816, 0.762637615204]
        mean: [0.573181331158, 0.313646286726, 0.0918608829379]
        min: [0.0167093649507, 0, 0]
        var: [0.0514166206121, 0.0416799932718, 0.0115682482719]

tonal:
    chords_changes_rate: 0.0599078349769
    chords_number_rate: 0.0230414755642
    chords_strength:
        dmean: 0.0116184866056
        dmean2: 0.0113466465846
        dvar: 7.44500066503e-05
        dvar2: 8.20060522528e-05
        max: 0.698106169701
        mean: 0.545120298862
        min: 0.324104815722
        var: 0.00843525957316
    key_strength: 0.675634145737
    tuning_diatonic_strength: 0.505137503147
    tuning_equal_tempered_deviation: 0.0730141103268
    tuning_frequency: 437.213165283
    tuning_nontempered_energy_ratio: 0.750630497932
    hpcp:
        dmean: [0.101678550243, 0.0854373946786, 0.127695009112, 0.178253158927, 0.161682009697, 0.119843550026, 0.101131759584, 0.145692616701, 0.192455112934, 0.176501974463, 0.156095147133, 0.124466620386, 0.109770834446, 0.0969684422016, 0.0732514187694, 0.0681450143456, 0.126608252525, 0.220850244164, 0.240461930633, 0.175780087709, 0.112335838377, 0.0874223858118, 0.105459272861, 0.168364182115, 0.170708835125, 0.16503354907, 0.120236568153, 0.109972409904, 0.106828734279, 0.136509880424, 0.154385358095, 0.132014498115, 0.139589652419, 0.16643820703, 0.171860143542, 0.15525406599]
        dmean2: [0.170640453696, 0.1546664536, 0.219768077135, 0.291846513748, 0.264991253614, 0.216689094901, 0.183531984687, 0.256881475449, 0.322827279568, 0.291408419609, 0.265666276217, 0.228343740106, 0.19666877389, 0.17190644145, 0.134373262525, 0.121103547513, 0.21828058362, 0.380481868982, 0.407101005316, 0.308141559362, 0.201913669705, 0.157096326351, 0.194097489119, 0.282073289156, 0.273886859417, 0.280320167542, 0.210118889809, 0.195460379124, 0.192352414131, 0.234552919865, 0.259653776884, 0.228356406093, 0.23497094214, 0.269572913647, 0.290173053741, 0.271947652102]
        dvar: [0.020890975371, 0.0193056464195, 0.0364965610206, 0.0596590004861, 0.0420881099999, 0.0430363938212, 0.0367020368576, 0.0502828396857, 0.0519799217582, 0.0469329059124, 0.033875644207, 0.0369376391172, 0.0343973338604, 0.0313533172011, 0.0183028858155, 0.0101781478152, 0.0315314792097, 0.0643952488899, 0.064669676125, 0.0424541160464, 0.0288443844765, 0.0267509892583, 0.0349812693894, 0.0473566092551, 0.0483210235834, 0.042550444603, 0.0383971594274, 0.0461530834436, 0.0308906231076, 0.0257475804538, 0.0342071205378, 0.0368112511933, 0.039867118001, 0.0566266030073, 0.0497283302248, 0.0447450652719]
        dvar2: [0.0509927235544, 0.0566622242332, 0.0983918458223, 0.141603782773, 0.10773576051, 0.132183045149, 0.102171905339, 0.132792800665, 0.133420929313, 0.0994299054146, 0.0892294868827, 0.103989481926, 0.0903868377209, 0.0810084939003, 0.0483279265463, 0.0262892264873, 0.0808864831924, 0.173710405827, 0.160149589181, 0.113682664931, 0.0863800644875, 0.0787484720349, 0.10059415549, 0.130255386233, 0.110703229904, 0.127576991916, 0.102522790432, 0.118239566684, 0.0887275934219, 0.076374605298, 0.0911300629377, 0.0962714701891, 0.100004658103, 0.110440932214, 0.108278661966, 0.122005105019]
        max: [1, 1, 1, 1, 1, 1, 1, 1, 1, 1, 1, 1, 1, 1, 0.849219202995, 0.767568409443, 1, 1, 1, 1, 1, 1, 1, 1, 1, 1, 0.98043179512, 1, 1, 1, 1, 1, 1, 1, 1, 1]
        mean: [0.129483550787, 0.102720439434, 0.155232921243, 0.227358788252, 0.189317956567, 0.110640659928, 0.0917327180505, 0.136423051357, 0.269486606121, 0.324900090694, 0.208938330412, 0.119270168245, 0.106757923961, 0.090590365231, 0.0724778920412, 0.0681841149926, 0.133900344372, 0.282506644726, 0.330115020275, 0.210197165608, 0.111149996519, 0.0789617747068, 0.0907844156027, 0.23271137476, 0.333113759756, 0.223706915975, 0.131341382861, 0.123988777399, 0.120694473386, 0.185333117843, 0.213980615139, 0.140080034733, 0.151521548629, 0.236315384507, 0.215471863747, 0.161613002419]
        min: [0.000998621224426, 0.000876197067555, 0.00135790533386, 0.00155012554023, 0.000900397368241, 0.00106430531014, 0.0013094994938, 0.00151734449901, 0.00208790763281, 0.00193824467715, 0.00133932975587, 0.00174702575896, 0.00174039241392, 0.00171744718682, 0.00104179780465, 0.000997920637019, 0.00127490714658, 0.00111738417763, 0.000859376043081, 0.000363898143405, 0.000594521407038, 0.000774737738539, 0.00110144773498, 0.00120595516637, 0.00173347932287, 0.00184825574979, 0.00158856413327, 0.000913322786801, 0.000585497240536, 0.000843307760078, 0.000953062262852, 0.00199013901874, 0.00196849764325, 0.00279181217775, 0.00232504867017, 0.0017126124585]
        var: [0.034902561456, 0.0267945304513, 0.0480651706457, 0.0884549990296, 0.0549146272242, 0.0311104953289, 0.0279473625124, 0.0436843447387, 0.0801843106747, 0.113200597465, 0.0451238155365, 0.0290805269033, 0.0300471354276, 0.0272220447659, 0.0159607343376, 0.00937087927014, 0.0306570176035, 0.0808751583099, 0.102463409305, 0.0600805692375, 0.0350226797163, 0.0234056785703, 0.024409390986, 0.0714782848954, 0.121969074011, 0.0576531104743, 0.0398523323238, 0.0555904842913, 0.0370738506317, 0.041275460273, 0.0499866120517, 0.0302479937673, 0.0477690473199, 0.105564802885, 0.0772419795394, 0.0455892905593]
    chords_histogram: [26.2672805786, 29.0322589874, 0, 0, 0, 0, 3.68663597107, 0, 0, 0, 0, 0, 0, 0, 0, 0, 0, 0, 1.84331798553, 0, 0, 0, 0, 39.1705055237]
    thpcp: [1, 0.671563148499, 0.394283860922, 0.372211515903, 0.362322092056, 0.556365847588, 0.64236497879, 0.420517116785, 0.454864263535, 0.709413468838, 0.646841704845, 0.485158592463, 0.388706713915, 0.308364450932, 0.46600574255, 0.682525932789, 0.568328261375, 0.332140773535, 0.275379538536, 0.409538924694, 0.808992743492, 0.975342750549, 0.627228140831, 0.358046352863, 0.320484876633, 0.271950244904, 0.217576995492, 0.204687178135, 0.40196582675, 0.848078608513, 0.990997850895, 0.631007134914, 0.333669781685, 0.237041473389, 0.272532761097, 0.698594331741]
    chords_key: "F"
    chords_scale: "minor"
    key_key: "G#"
    key_scale: "major"
    chords_progression: ["Cm", "Cm", "Cm", "Cm", "Cm", "Cm", "Cm", "Cm", "Cm", "Cm", "Cm", "Cm", "Cm", "Cm", "Cm", "Cm", "Cm", "Cm", "Cm", "Cm", "G#", "G#", "Cm", "Cm", "G#", "G#", "G#", "G#", "G#", "G#", "G#", "G#", "G#", "G#", "G#", "G#", "Fm", "Fm", "Fm", "Fm", "Fm", "Fm", "Fm", "Fm", "Fm", "Fm", "Fm", "Fm", "Fm", "Fm", "Fm", "Fm", "Fm", "Fm", "Fm", "Fm", "Fm", "Fm", "Fm", "Fm", "Cm", "Cm", "Cm", "Cm", "Cm", "Cm", "Cm", "Cm", "Cm", "Cm", "Cm", "Cm", "B", "B", "F", "F", "F", "F", "F", "F", "F", "F", "Fm", "Fm", "Fm", "Fm", "Fm", "Fm", "Fm", "Fm", "Fm", "Fm", "Fm", "Fm", "Fm", "Fm", "Fm", "Fm", "Fm", "Fm", "Fm", "Fm", "Fm", "Fm", "Fm", "Fm", "Fm", "Fm", "Fm", "Fm", "Fm", "Fm", "Fm", "Fm", "Fm", "Cm", "Cm", "Cm", "Cm", "Cm", "Cm", "Cm", "Cm", "Cm", "Cm", "Cm", "Cm", "Cm", "Cm", "Cm", "Cm", "Cm", "Cm", "Cm", "Cm", "Cm", "Cm", "Cm", "Cm", "Cm", "Cm", "Cm", "Cm", "Cm", "G#", "G#", "G#", "G#", "G#", "G#", "G#", "G#", "G#", "G#", "G#", "G#", "Fm", "Fm", "Fm", "Fm", "Fm", "Fm", "Fm", "Fm", "Fm", "Fm", "Fm", "Fm", "Fm", "Fm", "Fm", "Fm", "Fm", "Fm", "Fm", "Fm", "Fm", "Fm", "Fm", "Fm", "Fm", "Fm", "Fm", "Fm", "G#", "G#", "G#", "G#", "G#", "G#", "G#", "G#", "G#", "G#", "G#", "G#", "G#", "G#", "G#", "G#", "G#", "G#", "G#", "G#", "G#", "G#", "G#", "G#", "G#", "G#", "G#", "G#", "G#", "G#", "G#", "B", "B"]
