
metadata:
    version:
        essentia: "1.2.2"
    audio_properties:
        analysis_sample_rate: 44100
        bitrate: 128
        channels: 2
        equal_loudness: 1
        length: 10.0310201645
        replay_gain: -11.4120883942
        downmix: "mix"
    tags:
        track: 5
        year: 0
        album: "Splitted by Mp3Splt v. 2.1"
        artist: "From 000.40 To 000.50"
        comment: "http://mp3splt.sf.net"
        genre: ""
        title: "06 Pregnant.mp3"

highlevel:
    ballroom:
        all:
            ChaChaCha: 0.0682806074619
            Jive: 0.438933372498
            Quickstep: 0.141767188907
            Rumba-American: 0.00870429072529
            Rumba-International: 0.0758843123913
            Rumba-Misc: 0.0262554585934
            Samba: 0.120384119451
            Tango: 0.00841016788036
            VienneseWaltz: 0.096947401762
            Waltz: 0.0144330775365
        probability: 0.438933372498
        value: "Jive"
    culture:
        all:
            non_western: 0.0147643005475
            western: 0.985235691071
        probability: 0.985235691071
        value: "western"
    gender:
        all:
            female: 0.267306298018
            male: 0.73269367218
        probability: 0.73269367218
        value: "male"
    genre_dortmund:
        all:
            alternative: 0.254256546497
            blues: 0.0301872342825
            electronic: 0.00784509070218
            folkcountry: 0.105964876711
            funksoulrnb: 0.0145799377933
            jazz: 0.0421263575554
            pop: 0.0832402929664
            raphiphop: 0.000936962547712
            rock: 0.460862725973
        probability: 0.460862725973
        value: "rock"
    genre_electronica:
        all:
            ambient: 0.261657744646
            dnb: 0.164076477289
            house: 0.0222745817155
            techno: 0.0181598067284
            trance: 0.533831357956
        probability: 0.533831357956
        value: "trance"
    genre_rosamerica:
        all:
            cla: 0.0120244771242
            dan: 0.0181641485542
            hip: 0.00722463708371
            jaz: 0.0105181932449
            pop: 0.312162548304
            rhy: 0.0747452750802
            roc: 0.563726902008
            spe: 0.00143381068483
        probability: 0.563726902008
        value: "roc"
    genre_tzanetakis:
        all:
            blu: 0.00776925031096
            cla: 0.00539771281183
            cou: 0.372063279152
            dis: 0.117322824895
            hip: 0.0110893202946
            jaz: 0.0294372327626
            met: 0.0355652198195
            pop: 0.124622814357
            reg: 0.00814651232213
            roc: 0.288585841656
        probability: 0.372063279152
        value: "cou"
    live_studio:
        all:
            live: 0.0467094928026
            studio: 0.953290522099
        probability: 0.953290522099
        value: "studio"
    mood:
        all:
            Cluster1: 0.246062189341
            Cluster2: 0.173034965992
            Cluster3: 0.261168688536
            Cluster4: 0.0504646152258
            Cluster5: 0.269269555807
        probability: 0.269269555807
        value: "Cluster5"
    mood_acoustic:
        all:
            acoustic: 0.124191656709
            not_acoustic: 0.875808358192
        probability: 0.875808358192
        value: "not_acoustic"
    mood_aggressive:
        all:
            aggressive: 0.209889769554
            not_aggressive: 0.790110230446
        probability: 0.790110230446
        value: "not_aggressive"
    mood_electronic:
        all:
            electronic: 0.0271448418498
            not_electronic: 0.9728551507
        probability: 0.9728551507
        value: "not_electronic"
    mood_happy:
        all:
            happy: 0.581979691982
            not_happy: 0.418020308018
        probability: 0.581979691982
        value: "happy"
    mood_party:
        all:
            not_party: 0.702893733978
            party: 0.297106266022
        probability: 0.702893733978
        value: "not_party"
    mood_relaxed:
        all:
            not_relaxed: 0.269448339939
            relaxed: 0.730551660061
        probability: 0.730551660061
        value: "relaxed"
    mood_sad:
        all:
            not_sad: 0.411214709282
            sad: 0.588785290718
        probability: 0.588785290718
        value: "sad"
    rhythm:
        all:
            fast: 0.671719431877
            medium: 0.244401916862
            slow: 0.0838786289096
        probability: 0.671719431877
        value: "fast"
    speech_music:
        all:
            music: 0.999372899532
            speech: 0.000627109140623
        probability: 0.999372899532
        value: "music"
    timbre:
        all:
            bright: 0.951273858547
            dark: 0.0487261451781
        probability: 0.951273858547
        value: "bright"
    voice_instrumental:
        all:
            instrumental: 0.0192105341703
            voice: 0.980789482594
        probability: 0.980789482594
        value: "voice"

lowlevel:
    average_loudness: 0.976286411285
    barkbands_kurtosis:
        dmean: 1.0238263607
        dmean2: 1.63272297382
        dvar: 1.49947631359
        dvar2: 3.64650511742
        max: 11.6471748352
        mean: 0.342928439379
        min: -1.87267804146
        var: 5.1396150589
    barkbands_skewness:
        dmean: 0.387052595615
        dmean2: 0.61154460907
        dvar: 0.127884849906
        dvar2: 0.287216573954
        max: 2.98101758957
        mean: 0.867088735104
        min: -1.39998805523
        var: 0.678206682205
    barkbands_spread:
        dmean: 4.93957328796
        dmean2: 7.74496936798
        dvar: 25.436712265
        dvar2: 57.3363800049
        max: 57.022228241
        mean: 27.9578857422
        min: 6.00918912888
        var: 93.3787612915
    dissonance:
        dmean: 0.0189171843231
        dmean2: 0.0327325388789
        dvar: 0.000303481239825
        dvar2: 0.000740910938475
        max: 0.498937666416
        mean: 0.460030466318
        min: 0.345828384161
        var: 0.000634781143162
    hfc:
        dmean: 1.81146872044
        dmean2: 2.62747240067
        dvar: 7.47278833389
        dvar2: 15.9366922379
        max: 38.3978767395
        mean: 5.76310062408
        min: 0.769927084446
        var: 21.82006073
    pitch:
        dmean: 361.592468262
        dmean2: 712.893554688
        dvar: 939171.625
        dvar2: 2543846.5
        max: 4410
        mean: 509.797943115
        min: 82.1229019165
        var: 894547.75
    pitch_instantaneous_confidence:
        dmean: 0.0822129771113
        dmean2: 0.131608918309
        dvar: 0.00619354099035
        dvar2: 0.0141628291458
        max: 0.872050642967
        mean: 0.430600941181
        min: 0.149644911289
        var: 0.0264977626503
    pitch_salience:
        dmean: 0.0642740279436
        dmean2: 0.107938796282
        dvar: 0.00303512997925
        dvar2: 0.00827751215547
        max: 0.801721930504
        mean: 0.603985548019
        min: 0.380831450224
        var: 0.00654384959489
    silence_rate_20dB:
        dmean: 0
        dmean2: 0
        dvar: 0
        dvar2: 0
        max: 1
        mean: 1
        min: 1
        var: 0
    silence_rate_30dB:
        dmean: 0
        dmean2: 0
        dvar: 0
        dvar2: 0
        max: 1
        mean: 1
        min: 1
        var: 0
    silence_rate_60dB:
        dmean: 0.132250577211
        dmean2: 0.265116274357
        dvar: 0.114760540426
        dvar2: 0.255295872688
        max: 1
        mean: 0.284722208977
        min: 0
        var: 0.203655779362
    spectral_centroid:
        dmean: 213.881744385
        dmean2: 326.181365967
        dvar: 49017.4765625
        dvar2: 98190.0390625
        max: 3372.87255859
        mean: 1112.18725586
        min: 368.971191406
        var: 235255.546875
    spectral_complexity:
        dmean: 2.79953384399
        dmean2: 4.60280370712
        dvar: 9.68941020966
        dvar2: 22.9730606079
        max: 35
        mean: 12.2837209702
        min: 3
        var: 29.2776222229
    spectral_crest:
        dmean: 2.20047950745
        dmean2: 3.70044660568
        dvar: 4.32275485992
        dvar2: 11.3284320831
        max: 18.4739055634
        mean: 7.81342983246
        min: 2.63043808937
        var: 10.1336526871
    spectral_decrease:
        dmean: 3.4270283833e-10
        dmean2: 5.36422184449e-10
        dvar: 1.93701775846e-19
        dvar2: 4.77150037364e-19
        max: -3.05619751728e-10
        mean: -1.15458553829e-09
        min: -4.26213198068e-09
        var: 3.73384830712e-19
    spectral_energy:
        dmean: 0.00142373063136
        dmean2: 0.00220336625353
        dvar: 3.33839193445e-06
        dvar2: 8.14358645584e-06
        max: 0.0174387544394
        mean: 0.00488039990887
        min: 0.00122331315652
        var: 6.90499109623e-06
    spectral_energyband_high:
        dmean: 0.000109314620204
        dmean2: 0.000156829701154
        dvar: 6.32877146245e-08
        dvar2: 1.31910852019e-07
        max: 0.0045238956809
        mean: 0.00021628937975
        min: 9.63459297054e-06
        var: 1.24418193082e-07
    spectral_energyband_low:
        dmean: 0.000229731580475
        dmean2: 0.000383061997127
        dvar: 1.2264429472e-07
        dvar2: 3.16761003205e-07
        max: 0.00276107434183
        mean: 0.000356372765964
        min: 3.62048535862e-06
        var: 1.60513010883e-07
    spectral_energyband_middle_high:
        dmean: 0.000498898967635
        dmean2: 0.000725839461666
        dvar: 4.14491267975e-07
        dvar2: 8.38883693177e-07
        max: 0.00622757337987
        mean: 0.0016440654872
        min: 0.000139686933835
        var: 1.88342869478e-06
    spectral_energyband_middle_low:
        dmean: 0.00101179431658
        dmean2: 0.00165085424669
        dvar: 1.95041980078e-06
        dvar2: 5.00104943058e-06
        max: 0.0131959831342
        mean: 0.00266367476434
        min: 0.000432457454735
        var: 3.14882481689e-06
    spectral_flatness_db:
        dmean: 0.0163764860481
        dmean2: 0.0265223942697
        dvar: 0.00019709065964
        dvar2: 0.000405295490054
        max: 0.223063245416
        mean: 0.157176151872
        min: 0.0900862440467
        var: 0.000662448990624
    spectral_flux:
        dmean: 0.00930676329881
        dmean2: 0.0144488345832
        dvar: 9.93666399154e-05
        dvar2: 0.000171234671143
        max: 0.114366784692
        mean: 0.0376237519085
        min: 0.0109824761748
        var: 0.000277267652564
    spectral_kurtosis:
        dmean: 1.25972306728
        dmean2: 2.07519435883
        dvar: 1.61487483978
        dvar2: 4.53453683853
        max: 13.1295814514
        mean: 3.62574315071
        min: -0.270002603531
        var: 3.88239955902
    spectral_rms:
        dmean: 0.000302432483295
        dmean2: 0.00046206463594
        dvar: 1.05019289265e-07
        dvar2: 2.42952040708e-07
        max: 0.00412473268807
        mean: 0.00211252085865
        min: 0.00109246338252
        var: 2.98621472439e-07
    spectral_rolloff:
        dmean: 535.368652344
        dmean2: 908.016479492
        dvar: 402463.65625
        dvar2: 906468.4375
        max: 4758.83789062
        mean: 2278.86450195
        min: 409.130859375
        var: 1104240.625
    spectral_skewness:
        dmean: 0.194166362286
        dmean2: 0.308690458536
        dvar: 0.0335077866912
        dvar2: 0.083565607667
        max: 3.10801577568
        mean: 1.49875700474
        min: 0.738654196262
        var: 0.108959645033
    spectral_spread:
        dmean: 623116.375
        dmean2: 849513.5625
        dvar: 773417074688
        dvar2: 1.49026347418e+12
        max: 12763700
        mean: 4727815.5
        min: 2572952.5
        var: 2.04086457139e+12
    spectral_strongpeak:
        dmean: 0.393583387136
        dmean2: 0.667701244354
        dvar: 0.501308321953
        dvar2: 1.32003295422
        max: 6.35814905167
        mean: 0.609970092773
        min: 0.0205539241433
        var: 0.711244821548
    zerocrossingrate:
        dmean: 0.00825411546975
        dmean2: 0.00907199177891
        dvar: 5.84359295317e-05
        dvar2: 6.79572840454e-05
        max: 0.16748046875
        mean: 0.0709518045187
        min: 0.02734375
        var: 0.0005343335215
    barkbands:
        dmean: [8.22533863243e-08, 6.77008138155e-05, 0.000178232992766, 0.000380483543267, 0.000404713966418, 0.000293506571325, 0.000172884261701, 7.50969993533e-05, 0.000229227996897, 8.41077562654e-05, 4.80057788081e-05, 5.42779453099e-05, 5.15045358043e-05, 0.000102096826595, 5.62186905881e-05, 8.47963747219e-05, 9.83834906947e-05, 0.00016316404799, 0.000139251438668, 8.36368126329e-05, 5.06140459038e-05, 2.20850015467e-05, 4.95309404869e-06, 1.68131987266e-06, 1.56891871939e-06, 4.90537814812e-08, 1.58596302757e-09]
        dmean2: [1.16834307562e-07, 0.000118084382848, 0.000301561231026, 0.000648480141535, 0.000677883857861, 0.000492369348649, 0.000283055647742, 0.000126419923618, 0.000334395561367, 0.000128165760543, 7.35213034204e-05, 7.95779560576e-05, 7.46620789869e-05, 0.000157448972459, 8.87702553882e-05, 0.000132787521579, 0.000153963846969, 0.000259398191702, 0.000221925816732, 0.000124868107378, 7.92542050476e-05, 3.47555542248e-05, 7.07897697794e-06, 2.48493620347e-06, 2.18234185922e-06, 7.25169897464e-08, 1.83257131692e-09]
        dvar: [1.80597944504e-14, 1.67410938445e-08, 7.03994658124e-08, 2.18031146915e-07, 3.52937092885e-07, 3.83223152767e-07, 1.16044319043e-07, 2.6185711377e-08, 3.13107278771e-07, 2.22724505505e-08, 9.08706354608e-09, 1.19692336042e-08, 1.80767596447e-08, 3.85455116714e-08, 1.70354894635e-08, 2.01533492117e-08, 2.14666187048e-08, 1.14516161887e-07, 4.23255599458e-08, 2.68778830304e-08, 2.01005878608e-08, 3.59643026471e-09, 8.710516336e-11, 1.35978546131e-11, 2.45345497391e-11, 2.11093468416e-14, 6.86264770376e-16]
        dvar2: [3.18530297353e-14, 4.57901769835e-08, 1.79904887432e-07, 5.96924621732e-07, 1.03287095499e-06, 9.54829260991e-07, 3.16544657153e-07, 7.22436297451e-08, 6.74441821502e-07, 4.71459244977e-08, 1.65851528067e-08, 1.9198067136e-08, 2.45215687755e-08, 8.58792077452e-08, 3.35366685533e-08, 4.60940725588e-08, 5.32249693208e-08, 2.6536051223e-07, 1.00867524111e-07, 5.01088628369e-08, 4.89198122011e-08, 8.81667627795e-09, 1.86808943314e-10, 2.58913550322e-11, 4.76130454508e-11, 5.16946105063e-14, 6.87689691552e-16]
        max: [1.28271551603e-06, 0.000951039139181, 0.00201883818954, 0.0040825381875, 0.00688100745901, 0.00624560844153, 0.00446882331744, 0.00147471390665, 0.00595000386238, 0.00217664754018, 0.00175177562051, 0.00166757998522, 0.00262340391055, 0.00215624715202, 0.00184129585978, 0.0021133297123, 0.00193983956706, 0.0040247598663, 0.00230959872715, 0.00238643586636, 0.00217563379556, 0.00106928672176, 0.000120279968542, 4.24688005296e-05, 7.91670099716e-05, 1.81721031822e-06, 5.43971680145e-07]
        mean: [1.29550855377e-07, 0.000107366940938, 0.000248877855483, 0.000530673540197, 0.000784041767474, 0.000453615561128, 0.000351644557668, 0.000113898706331, 0.00040639314102, 0.00013680808479, 0.000116899973364, 0.000102868805698, 0.000100724639196, 0.000156522975885, 8.72597884154e-05, 0.000142525852425, 0.000194144333364, 0.000262352958089, 0.000265777722234, 0.000184929056559, 8.12949583633e-05, 3.64850602637e-05, 9.6023968581e-06, 3.08784706249e-06, 2.41218458541e-06, 6.50048974649e-08, 1.57465096517e-09]
        min: [6.40795402851e-11, 6.39814402348e-07, 2.5373783501e-06, 7.82285496825e-06, 4.44769102614e-05, 6.96731649441e-06, 2.0218476493e-05, 3.92510810343e-06, 6.12685607848e-06, 1.6371966467e-06, 1.31899355438e-06, 1.44326065765e-06, 1.69604481925e-06, 1.48654680743e-06, 2.85295300273e-06, 4.25033795182e-06, 6.26749715593e-06, 5.49879814571e-06, 1.23000145322e-05, 4.98354711453e-06, 3.29678914568e-06, 1.38093344049e-06, 3.64893281812e-07, 4.9316117412e-08, 4.56485027556e-09, 9.56300733046e-11, 5.45308664489e-14]
        var: [3.63024531497e-14, 1.72811507326e-08, 9.06214694396e-08, 2.88854522523e-07, 6.6878646976e-07, 4.32200010891e-07, 1.47979164922e-07, 2.20905729265e-08, 6.34776540664e-07, 4.61479565672e-08, 7.56327480644e-08, 4.22936565769e-08, 5.19268716914e-08, 7.08097616098e-08, 3.22359454685e-08, 4.01620461332e-08, 5.62398518866e-08, 2.30308089044e-07, 9.22058163155e-08, 8.87835867047e-08, 2.4522815778e-08, 5.25213295077e-09, 1.96913513273e-10, 2.37644921103e-11, 6.69161878686e-11, 3.51295700157e-14, 6.86143221149e-16]
    mfcc:
        mean: [-706.611938477, 125.290885925, -34.9166030884, 50.8249969482, -13.2830505371, -5.06096029282, -6.70195865631, -2.35778450966, -8.06579589844, -6.33923435211, -5.01065969467, -7.32304286957, -5.66955661774]
        cov: [[1234.48339844, -614.043945312, -76.207069397, -74.8223876953, -72.9898681641, -54.3715667725, -1.09866595268, -62.2186470032, 14.6067523956, -28.6747360229, 29.6894283295, -33.6585655212, -26.9357433319], [-614.043945312, 675.536071777, -137.662002563, 46.9413986206, 36.3222808838, 18.6748809814, -36.3229217529, 83.5463027954, -7.36819553375, 66.6178741455, 29.5501194, 37.3761787415, -0.884984791279], [-76.207069397, -137.662002563, 396.097381592, 7.86820173264, -48.2058982849, 12.905134201, 22.68034935, -12.3259601593, 24.5661201477, -25.8488197327, -43.7716712952, -9.87372398376, 33.0967712402], [-74.8223876953, 46.9413986206, 7.86820173264, 184.882965088, 66.2652816772, -11.6969079971, 3.12877583504, 32.0165405273, 14.218832016, 30.1843128204, -19.0664100647, -0.706740498543, 19.9290237427], [-72.9898681641, 36.3222808838, -48.2058982849, 66.2652816772, 162.481719971, 21.4436759949, 7.29372119904, -3.55633974075, 7.40319013596, 16.3377075195, 6.50722026825, 10.4745197296, 20.7450962067], [-54.3715667725, 18.6748809814, 12.905134201, -11.6969079971, 21.4436759949, 111.904632568, 39.3504600525, -11.9909591675, 3.03576636314, 7.45977973938, -12.043633461, 9.79029178619, -3.35071873665], [-1.09866595268, -36.3229217529, 22.68034935, 3.12877583504, 7.29372119904, 39.3504600525, 91.8952331543, 25.2715759277, 2.19003486633, 2.52659463882, -10.7532014847, 15.0836305618, 10.503443718], [-62.2186470032, 83.5463027954, -12.3259601593, 32.0165405273, -3.55633974075, -11.9909591675, 25.2715759277, 92.8357315063, 19.0273857117, 16.1862926483, -2.5037920475, 12.5042314529, 5.69295740128], [14.6067523956, -7.36819553375, 24.5661201477, 14.218832016, 7.40319013596, 3.03576636314, 2.19003486633, 19.0273857117, 73.0747756958, 33.9735183716, -1.22848498821, -4.88871097565, 4.36945390701], [-28.6747360229, 66.6178741455, -25.8488197327, 30.1843128204, 16.3377075195, 7.45977973938, 2.52659463882, 16.1862926483, 33.9735183716, 79.5823745728, 17.3858833313, -3.81150960922, -0.748508393764], [29.6894283295, 29.5501194, -43.7716712952, -19.0664100647, 6.50722026825, -12.043633461, -10.7532014847, -2.5037920475, -1.22848498821, 17.3858833313, 68.6881637573, 9.90704536438, -16.9060649872], [-33.6585655212, 37.3761787415, -9.87372398376, -0.706740498543, 10.4745197296, 9.79029178619, 15.0836305618, 12.5042314529, -4.88871097565, -3.81150960922, 9.90704536438, 54.1428871155, 11.7769241333], [-26.9357433319, -0.884984791279, 33.0967712402, 19.9290237427, 20.7450962067, -3.35071873665, 10.503443718, 5.69295740128, 4.36945390701, -0.748508393764, -16.9060649872, 11.7769241333, 52.146484375]]
        icov: [[0.00199559773318, 0.00218198192306, 0.00109132833313, 2.94170195048e-06, 0.000853659468703, -3.94574453821e-05, 0.000648555636872, -0.000479205249576, -0.000297108461382, -0.00049710739404, -0.00106313289143, -8.49158968776e-05, -0.000354133284418], [0.00218198192306, 0.00474260374904, 0.00156908109784, 2.60690035248e-06, 0.000779995170888, -0.00143160670996, 0.00314920744859, -0.00326287234202, 0.00135002238676, -0.00250670639798, -0.00126654235646, -0.00131038785912, -0.000733476306777], [0.00109132833313, 0.00156908109784, 0.00396096007898, -0.00071318045957, 0.00198428239673, -0.000727083068341, -5.47390191059e-05, 0.000371573696611, -0.00181497796439, 0.00101813056972, -9.75781367742e-05, 0.000451180385426, -0.00248356279917], [2.94170195048e-06, 2.60690035248e-06, -0.00071318045957, 0.00811103451997, -0.00366990966722, 0.00169524736702, 0.000616330769844, -0.00255528325215, 0.00129461544566, -0.00349378539249, 0.0033387450967, 6.02885193075e-05, -1.16958053695e-05], [0.000853659468703, 0.000779995170888, 0.00198428239673, -0.00366990966722, 0.00946728419513, -0.00236042868346, -0.000132734159706, 0.00185880449135, -0.00160065980162, 0.000895342731383, -0.00302789127454, -8.00563939265e-05, -0.00431344285607], [-3.94574453821e-05, -0.00143160670996, -0.000727083068341, 0.00169524736702, -0.00236042868346, 0.0138249741867, -0.00708396313712, 0.00490211043507, -0.00114345015027, -0.00178060366306, 0.00421673757955, -0.0023163438309, 0.00444843852893], [0.000648555636872, 0.00314920744859, -5.47390191059e-05, 0.000616330769844, -0.000132734159706, -0.00708396313712, 0.0182287562639, -0.00812409259379, 0.00304121081717, -0.00243113655597, 0.000332292198436, -0.00308507611044, -0.00248472997919], [-0.000479205249576, -0.00326287234202, 0.000371573696611, -0.00255528325215, 0.00185880449135, 0.00490211043507, -0.00812409259379, 0.0184100475162, -0.00560162775218, 0.00132474990096, 0.00135115475859, -0.00213329982944, 0.00104806642048], [-0.000297108461382, 0.00135002238676, -0.00181497796439, 0.00129461544566, -0.00160065980162, -0.00114345015027, 0.00304121081717, -0.00560162775218, 0.0205219890922, -0.00995774473995, 0.00172031822149, 0.000437792507, -0.000314745615469], [-0.00049710739404, -0.00250670639798, 0.00101813056972, -0.00349378539249, 0.000895342731383, -0.00178060366306, -0.00243113655597, 0.00132474990096, -0.00995774473995, 0.0217840373516, -0.00646863272414, 0.00425799423829, -0.00164754968137], [-0.00106313289143, -0.00126654235646, -9.75781367742e-05, 0.0033387450967, -0.00302789127454, 0.00421673757955, 0.000332292198436, 0.00135115475859, 0.00172031822149, -0.00646863272414, 0.0220732409507, -0.00638596899807, 0.00783782918006], [-8.49158968776e-05, -0.00131038785912, 0.000451180385426, 6.02885193075e-05, -8.00563939265e-05, -0.0023163438309, -0.00308507611044, -0.00213329982944, 0.000437792507, 0.00425799423829, -0.00638596899807, 0.0242567043751, -0.00716231856495], [-0.000354133284418, -0.000733476306777, -0.00248356279917, -1.16958053695e-05, -0.00431344285607, 0.00444843852893, -0.00248472997919, 0.00104806642048, -0.000314745615469, -0.00164754968137, 0.00783782918006, -0.00716231856495, 0.0271113552153]]
    spectral_contrast:
        mean: [6.20130862217e-08, -2.24557027195e-07, 8.98921186376e-08, 1.21342669246e-08, 7.45058059692e-09, -1.69903557889e-07, -1.39079816108e-06, 2.79060623143e-06, -2.68040707851e-06, 2.04714228857e-06, 4.55628992313e-07, -5.17451496762e-07]
        var: [0.00035398665932, 0.000966535357293, 0.00191879970953, 0.00210590381175, 0.00297388248146, 0.00631718710065, 0.0360934250057, 0.0749536007643, 0.119324885309, 0.211184814572, 0.337512582541, 0.869886934757]

rhythm:
    beats_loudness:
        dmean: 0.00256271823309
        dmean2: 0.00416120281443
        dvar: 6.57764621792e-06
        dvar2: 1.05003782664e-05
        max: 0.0160238724202
        mean: 0.0067363656126
        min: 0.00346821802668
        var: 7.49201944927e-06
    beats_loudness_bass:
        dmean: 0.115925654769
        dmean2: 0.216073334217
        dvar: 0.0139955775812
        dvar2: 0.0350602865219
        max: 0.440301537514
        mean: 0.157990992069
        min: 0.0363070704043
        var: 0.0125450575724
    bpm: 127.096450806
    bpm_confidence: 0
    first_peak_bpm: 127
    first_peak_spread: 0
    first_peak_weight: 1
    onset_rate: 3.5888671875
    second_peak_bpm: 0
    second_peak_spread: 0
    second_peak_weight: 0
    beats_position: [0.336669385433, 0.807615220547, 1.27856099606, 1.74950671196, 2.22045254707, 2.69139838219, 3.16234397888, 3.63329005241, 4.10423612595, 4.57518196106, 5.04612779617, 5.51707410812, 5.99198246002, 6.46560907364, 6.93923616409, 7.41286277771, 7.88648939133, 8.36011600494, 8.8337430954, 9.30736923218, 9.78099632263]
    bpm_estimates: [126.10811615, 128.712982178, 127.499038696, 127.869628906, 128.789703369, 125.905570984, 128.160339355, 126.013305664, 127.476051331, 127.578414917, 127.398231506, 124.973007202, 127.195495605, 127.368286133, 123.15814209, 127.85219574, 128.067306519, 127.610305786]
    bpm_intervals: [0.470945835114, 0.470945775509, 0.470945715904, 0.470945835114, 0.470945835114, 0.470945596695, 0.470946073532, 0.470946073532, 0.470945835114, 0.470945835114, 0.470946311951, 0.474908351898, 0.473626613617, 0.473627090454, 0.473626613617, 0.473626613617, 0.473626613617, 0.473627090454, 0.47362613678, 0.473627090454]
    onset_times: [0.0580498874187, 0.301859408617, 0.510838985443, 0.754648506641, 1.06811785698, 1.26548755169, 1.54412698746, 1.96208620071, 2.20589566231, 2.46131515503, 2.62385487556, 3.14630389214, 3.61070299149, 3.86612248421, 4.02866220474, 4.1099319458, 4.56272125244, 4.85297060013, 5.0387301445, 5.53795909882, 5.7701587677, 5.99074840546, 6.39709758759, 6.46675729752, 6.5596370697, 6.94276666641, 7.34911584854, 7.4303855896, 7.90639448166, 8.103764534, 8.38240337372, 8.67265319824, 8.84680271149, 9.33442211151, 9.54340171814, 9.7639913559]
    rubato_start: []
    rubato_stop: []
    perceptual_tempo: "unknown"

sfx:
    inharmonicity:
        dmean: 0.0313514657319
        dmean2: 0.0566467605531
        dvar: 0.00153186521493
        dvar2: 0.00430543813854
        max: 0.27874571085
        mean: 0.0316575653851
        min: 0.000172566724359
        var: 0.00139118847437
    oddtoevenharmonicenergyratio:
        dmean: 2.289945364
        dmean2: 4.37575387955
        dvar: 71.7462463379
        dvar2: 211.507354736
        max: 98.1165084839
        mean: 1.39069068432
        min: 0.00064779270906
        var: 38.6680679321
    pitch_after_max_to_before_max_energy_ratio: 0.0818358510733
    pitch_centroid: 198.723373413
    pitch_max_to_total: 0.727907001972
    pitch_min_to_total: 0.190697669983
    tristimulus:
        dmean: [0.219077110291, 0.23326331377, 0.102506436408]
        dmean2: [0.373528212309, 0.405036717653, 0.18176856637]
        dvar: [0.0313965827227, 0.0371733345091, 0.0100255999714]
        dvar2: [0.09128677845, 0.109114199877, 0.0287951882929]
        max: [0.971901357174, 0.992840468884, 0.838569223881]
        mean: [0.484869748354, 0.389285892248, 0.0930286943913]
        min: [0.00342025817372, 0, 0]
        var: [0.05274874717, 0.0542410835624, 0.0121970064938]

tonal:
    chords_changes_rate: 0.050925925374
    chords_number_rate: 0.0185185186565
    chords_strength:
        dmean: 0.00805143918842
        dmean2: 0.00665816245601
        dvar: 3.54114199581e-05
        dvar2: 2.44902003033e-05
        max: 0.656565129757
        mean: 0.552871346474
        min: 0.364614099264
        var: 0.00474412320182
    key_strength: 0.717360079288
    tuning_diatonic_strength: 0.517300903797
    tuning_equal_tempered_deviation: 0.0831845775247
    tuning_frequency: 441.272583008
    tuning_nontempered_energy_ratio: 0.684560239315
    hpcp:
        dmean: [0.111351214349, 0.0778196081519, 0.0713909417391, 0.0709663778543, 0.0696209818125, 0.124680757523, 0.160278469324, 0.118650883436, 0.0697997882962, 0.0592569448054, 0.0521284490824, 0.0871441140771, 0.138959616423, 0.153579980135, 0.126670271158, 0.0846072360873, 0.0750241726637, 0.10550340265, 0.139469832182, 0.173579037189, 0.232615977526, 0.211626276374, 0.180916383862, 0.1328240484, 0.104699805379, 0.114927761257, 0.134681820869, 0.147444844246, 0.15615029633, 0.109084196389, 0.0811609774828, 0.11064119637, 0.199056699872, 0.19449596107, 0.161228343844, 0.148554623127]
        dmean2: [0.187300488353, 0.130039468408, 0.122250847518, 0.120815351605, 0.116252779961, 0.213973656297, 0.261821955442, 0.19984947145, 0.120130859315, 0.0963918268681, 0.0856005176902, 0.142122596502, 0.222093850374, 0.252927839756, 0.216550454497, 0.137902662158, 0.13360504806, 0.188160091639, 0.236614495516, 0.30419498682, 0.414198577404, 0.367001444101, 0.32136452198, 0.226875290275, 0.180571362376, 0.207635611296, 0.229292452335, 0.234041333199, 0.269283115864, 0.195663720369, 0.132318019867, 0.190554156899, 0.341669291258, 0.327887803316, 0.272646307945, 0.249718919396]
        dvar: [0.0267064124346, 0.0122096957639, 0.0206615626812, 0.0182852763683, 0.011737421155, 0.0193560905755, 0.0273539945483, 0.0146416993812, 0.0167393479496, 0.00953606329858, 0.00903877895325, 0.0133189456537, 0.0322994440794, 0.0242528598756, 0.0205032527447, 0.0131442090496, 0.0208613798022, 0.0308337192982, 0.0414261072874, 0.043065559119, 0.0577054098248, 0.0586820542812, 0.0412666350603, 0.0472824200988, 0.0324333906174, 0.0439148359001, 0.0420941077173, 0.0306427497417, 0.0465504489839, 0.0339536368847, 0.0198334809393, 0.0295915976167, 0.0530413687229, 0.0395261868834, 0.0312412083149, 0.0338950492442]
        dvar2: [0.0513350777328, 0.0316020473838, 0.0557337254286, 0.0520839430392, 0.0319156311452, 0.0475062839687, 0.0650251358747, 0.0409534536302, 0.0429889596999, 0.0229759886861, 0.0167159810662, 0.0360206775367, 0.0817474201322, 0.063152551651, 0.0533040724695, 0.0342129841447, 0.0606409721076, 0.0849346891046, 0.10569845885, 0.12019610405, 0.177845582366, 0.139078229666, 0.109907060862, 0.122822031379, 0.0783435106277, 0.12603148818, 0.120003640652, 0.0672258287668, 0.116827778518, 0.0952338576317, 0.0488623864949, 0.0770455226302, 0.137890204787, 0.0911573693156, 0.0844452306628, 0.0849485397339]
        max: [1, 0.68711411953, 0.976142585278, 1, 0.745866835117, 0.866968631744, 1, 0.686437427998, 1, 0.696566998959, 1, 0.874766588211, 1, 1, 1, 0.739744842052, 1, 1, 1, 1, 1, 1, 1, 1, 1, 1, 1, 1, 1, 1, 1, 1, 1, 1, 1, 1]
        mean: [0.209240719676, 0.123518072069, 0.0849770903587, 0.0831926912069, 0.0760793089867, 0.183214113116, 0.302805364132, 0.200218558311, 0.0787159800529, 0.0641361400485, 0.0612030774355, 0.122576706111, 0.212802767754, 0.203204706311, 0.160788446665, 0.115900233388, 0.0696673169732, 0.131322562695, 0.203145131469, 0.189648628235, 0.306838542223, 0.453756123781, 0.307236403227, 0.1289704144, 0.090713314712, 0.0939541459084, 0.168098390102, 0.234633371234, 0.188064202666, 0.122916020453, 0.093275219202, 0.121879041195, 0.368087947369, 0.470431059599, 0.264223217964, 0.202489972115]
        min: [0.00312318932265, 0.00376225099899, 0.00144238572102, 0.00222200201824, 0.00146236596629, 0.00475974613801, 0.0155689222738, 0.0120037663728, 0.00227927230299, 0.00184530706611, 0.0026260796003, 0.00303934817202, 0.00672121020034, 0.0083969430998, 0.00315872882493, 0.0020223504398, 0.00134056375828, 0.00104105647188, 0.00145757757127, 0.000688196800184, 0.0059413164854, 0.00460787629709, 0.00515461340547, 0.00233003613539, 0.000461468967842, 0.000218852976104, 0.00320887309499, 0.00237432098947, 0.00690085534006, 0.00244283583015, 0.0033894921653, 0.00329375639558, 0.0127219948918, 0.0161161553115, 0.00753470743075, 0.00410461751744]
        var: [0.0677158981562, 0.0202550683171, 0.0169051364064, 0.0157926846296, 0.0141365267336, 0.031139170751, 0.0675076395273, 0.0251113269478, 0.0168031584471, 0.0107358442619, 0.00943669304252, 0.0204837564379, 0.0668424516916, 0.041821219027, 0.034516710788, 0.0188561566174, 0.0147218788043, 0.0321082472801, 0.0747114270926, 0.0565790086985, 0.0734020918608, 0.132400974631, 0.0800581872463, 0.0444093048573, 0.0296749193221, 0.0328408889472, 0.0590114630759, 0.0711195766926, 0.0496791452169, 0.0337484255433, 0.0233526211232, 0.0314652398229, 0.114281661808, 0.125762745738, 0.047056414187, 0.0479700416327]
    chords_histogram: [23.148147583, 21.2962970734, 0.925925910473, 0, 0, 0, 0, 0, 0, 0, 0, 0, 0, 0, 0, 0, 0, 0, 0, 0, 0, 0, 33.3333320618, 21.2962970734]
    thpcp: [1, 0.561661958694, 0.430434942245, 0.444785088301, 0.262563586235, 0.180636644363, 0.17684353888, 0.161722540855, 0.38946005702, 0.643676400185, 0.425606578588, 0.167327344418, 0.136334836483, 0.130099996924, 0.260562539101, 0.45235696435, 0.431954264641, 0.341789603233, 0.246370285749, 0.148092508316, 0.279153674841, 0.431827634573, 0.403137981892, 0.652249753475, 0.964553952217, 0.65309548378, 0.274153709412, 0.192830204964, 0.199719265103, 0.357328414917, 0.498762488365, 0.399769961834, 0.261283814907, 0.198276057839, 0.259079486132, 0.782448232174]
    chords_key: "A"
    chords_scale: "major"
    key_key: "E"
    key_scale: "major"
    chords_progression: ["C#m", "C#m", "C#m", "C#m", "C#m", "G#m", "G#m", "G#m", "G#m", "G#m", "G#m", "G#m", "G#m", "G#m", "G#m", "G#m", "G#m", "G#m", "G#m", "G#m", "G#m", "G#m", "G#m", "G#m", "G#m", "G#m", "G#m", "G#m", "G#m", "G#m", "G#m", "G#m", "G#m", "G#m", "G#m", "G#m", "G#m", "G#m", "G#m", "G#m", "G#m", "E", "E", "E", "E", "E", "E", "E", "E", "E", "E", "E", "E", "E", "E", "E", "E", "E", "E", "E", "E", "E", "C#m", "C#m", "C#m", "C#m", "C#m", "C#m", "C#m", "C#m", "C#m", "C#m", "C#m", "C#m", "C#m", "C#m", "C#m", "C#m", "C#m", "C#m", "C#m", "C#m", "C#m", "C#m", "C#m", "C#m", "C#m", "C#m", "C#m", "C#m", "C#m", "C#m", "C#m", "C#m", "C#m", "C#m", "C#m", "C#m", "C#m", "C#m", "C#m", "C#m", "C#m", "G#m", "G#m", "B", "G#m", "E", "B", "G#m", "G#m", "G#m", "G#m", "G#m", "G#m", "G#m", "E", "E", "E", "E", "E", "E", "E", "E", "E", "E", "E", "E", "E", "E", "E", "E", "E", "E", "E", "E", "E", "E", "E", "E", "E", "E", "E", "E", "A", "A", "A", "A", "A", "A", "A", "A", "A", "A", "A", "A", "A", "A", "A", "A", "A", "A", "A", "A", "A", "A", "A", "A", "A", "A", "A", "A", "A", "A", "A", "A", "A", "A", "A", "A", "A", "A", "A", "A", "A", "A", "A", "A", "A", "A", "A", "A", "A", "A", "A", "A", "A", "A", "A", "A", "A", "A", "A", "A", "A", "A", "A", "A", "A", "A", "A", "A", "A", "A", "A", "A"]
