
metadata:
    version:
        essentia: "1.2.2"
    audio_properties:
        analysis_sample_rate: 44100
        bitrate: 128
        channels: 2
        equal_loudness: 1
        length: 10.0571432114
        replay_gain: -5.53282737732
        downmix: "mix"
    tags:
        track: 29
        year: 0
        album: "Splitted by Mp3Splt v. 2.1"
        artist: "From 004.40 To 004.50"
        comment: "http://mp3splt.sf.net"
        genre: ""
        title: "02 We All Stand.mp3"

highlevel:
    ballroom:
        all:
            ChaChaCha: 0.109933853149
            Jive: 0.161173775792
            Quickstep: 0.124809384346
            Rumba-American: 0.0160314906389
            Rumba-International: 0.213469475508
            Rumba-Misc: 0.036951456219
            Samba: 0.270921647549
            Tango: 0.0073723453097
            VienneseWaltz: 0.0428010337055
            Waltz: 0.0165355186909
        probability: 0.270921647549
        value: "Samba"
    culture:
        all:
            non_western: 0.129512622952
            western: 0.870487391949
        probability: 0.870487391949
        value: "western"
    gender:
        all:
            female: 0.718592762947
            male: 0.281407237053
        probability: 0.718592762947
        value: "female"
    genre_dortmund:
        all:
            alternative: 0.0231216736138
            blues: 0.0026084354613
            electronic: 0.3495914042
            folkcountry: 0.0273885056376
            funksoulrnb: 0.0377025417984
            jazz: 0.402566194534
            pop: 0.0704828053713
            raphiphop: 0.00941155385226
            rock: 0.0771269053221
        probability: 0.402566194534
        value: "jazz"
    genre_electronica:
        all:
            ambient: 0.443914055824
            dnb: 0.0712140053511
            house: 0.0198354795575
            techno: 0.00719491951168
            trance: 0.457841545343
        probability: 0.457841545343
        value: "trance"
    genre_rosamerica:
        all:
            cla: 0.0374224409461
            dan: 0.0800513699651
            hip: 0.0182393100113
            jaz: 0.313016116619
            pop: 0.187170237303
            rhy: 0.274387270212
            roc: 0.0798611491919
            spe: 0.00985209271312
        probability: 0.313016116619
        value: "jaz"
    genre_tzanetakis:
        all:
            blu: 0.0135678770021
            cla: 0.0156756285578
            cou: 0.0296189170331
            dis: 0.0256928615272
            hip: 0.0156016033143
            jaz: 0.112242862582
            met: 0.0094406940043
            pop: 0.381750106812
            reg: 0.110536620021
            roc: 0.285872817039
        probability: 0.381750106812
        value: "pop"
    live_studio:
        all:
            live: 0.0972620472312
            studio: 0.902737975121
        probability: 0.902737975121
        value: "studio"
    mood:
        all:
            Cluster1: 0.125523224473
            Cluster2: 0.632912397385
            Cluster3: 0.0965854972601
            Cluster4: 0.0949542447925
            Cluster5: 0.0500246435404
        probability: 0.632912397385
        value: "Cluster2"
    mood_acoustic:
        all:
            acoustic: 0.520998239517
            not_acoustic: 0.479001790285
        probability: 0.520998239517
        value: "acoustic"
    mood_aggressive:
        all:
            aggressive: 0.366245448589
            not_aggressive: 0.633754551411
        probability: 0.633754551411
        value: "not_aggressive"
    mood_electronic:
        all:
            electronic: 0.84178262949
            not_electronic: 0.158217400312
        probability: 0.84178262949
        value: "electronic"
    mood_happy:
        all:
            happy: 0.383691132069
            not_happy: 0.616308867931
        probability: 0.616308867931
        value: "not_happy"
    mood_party:
        all:
            not_party: 0.7251906991
            party: 0.2748093009
        probability: 0.7251906991
        value: "not_party"
    mood_relaxed:
        all:
            not_relaxed: 0.259623497725
            relaxed: 0.740376472473
        probability: 0.740376472473
        value: "relaxed"
    mood_sad:
        all:
            not_sad: 0.153034418821
            sad: 0.846965551376
        probability: 0.846965551376
        value: "sad"
    rhythm:
        all:
            fast: 0.21962505579
            medium: 0.574463188648
            slow: 0.205911740661
        probability: 0.574463188648
        value: "medium"
    speech_music:
        all:
            music: 0.223011434078
            speech: 0.776988565922
        probability: 0.776988565922
        value: "speech"
    timbre:
        all:
            bright: 0.291237235069
            dark: 0.708762764931
        probability: 0.708762764931
        value: "dark"
    voice_instrumental:
        all:
            instrumental: 0.534955441952
            voice: 0.465044587851
        probability: 0.534955441952
        value: "instrumental"

lowlevel:
    average_loudness: 0.975071191788
    barkbands_kurtosis:
        dmean: 2.83321690559
        dmean2: 4.38543510437
        dvar: 25.1184024811
        dvar2: 57.6027793884
        max: 75.0628204346
        mean: 2.91426205635
        min: -1.8466835022
        var: 62.2735023499
    barkbands_skewness:
        dmean: 0.695257127285
        dmean2: 1.07347393036
        dvar: 0.457378596067
        dvar2: 1.09356844425
        max: 8.18650245667
        mean: 1.47538077831
        min: -1.41539037228
        var: 1.71194863319
    barkbands_spread:
        dmean: 6.60086393356
        dmean2: 10.1177721024
        dvar: 39.3514022827
        dvar2: 83.7810058594
        max: 58.8993682861
        mean: 26.2218475342
        min: 2.04049634933
        var: 156.781799316
    dissonance:
        dmean: 0.0243851933628
        dmean2: 0.0402706451714
        dvar: 0.000772765662987
        dvar2: 0.00139609072357
        max: 0.497278213501
        mean: 0.446456313133
        min: 0.0256615355611
        var: 0.00149897532538
    hfc:
        dmean: 2.1755669117
        dmean2: 3.35963797569
        dvar: 13.4906625748
        dvar2: 33.6319580078
        max: 30.9990653992
        mean: 4.22816562653
        min: 0.000388660322642
        var: 18.7429828644
    pitch:
        dmean: 568.571533203
        dmean2: 1110.12036133
        dvar: 1602417.875
        dvar2: 4061708.5
        max: 5512.5
        mean: 730.102600098
        min: 92.2594146729
        var: 1530392.75
    pitch_instantaneous_confidence:
        dmean: 0.0926754698157
        dmean2: 0.142363041639
        dvar: 0.00672645540908
        dvar2: 0.0156029704958
        max: 0.913045942783
        mean: 0.464462339878
        min: 0.144754648209
        var: 0.0291231013834
    pitch_salience:
        dmean: 0.0740248262882
        dmean2: 0.116452872753
        dvar: 0.00490517029539
        dvar2: 0.0104448692873
        max: 0.945052087307
        mean: 0.538561403751
        min: 0.125707671046
        var: 0.0201843865216
    silence_rate_20dB:
        dmean: 0
        dmean2: 0
        dvar: 0
        dvar2: 0
        max: 1
        mean: 1
        min: 1
        var: 0
    silence_rate_30dB:
        dmean: 0
        dmean2: 0
        dvar: 0
        dvar2: 0
        max: 1
        mean: 1
        min: 1
        var: 0
    silence_rate_60dB:
        dmean: 0.143187060952
        dmean2: 0.287037044764
        dvar: 0.122684828937
        dvar2: 0.255572378635
        max: 1
        mean: 0.506912469864
        min: 0
        var: 0.24995149672
    spectral_centroid:
        dmean: 324.102081299
        dmean2: 505.368835449
        dvar: 124850.203125
        dvar2: 287112.25
        max: 3123.18017578
        mean: 1091.8737793
        min: 352.100189209
        var: 318819.59375
    spectral_complexity:
        dmean: 3.69837594032
        dmean2: 5.73953485489
        dvar: 31.3196868896
        dvar2: 67.434463501
        max: 42
        mean: 8.48611068726
        min: 0
        var: 57.1572608948
    spectral_crest:
        dmean: 2.50561380386
        dmean2: 3.98393940926
        dvar: 5.18340158463
        dvar2: 10.8638782501
        max: 25.5068740845
        mean: 10.9712104797
        min: 2.91001486778
        var: 27.5573596954
    spectral_decrease:
        dmean: 3.58675505963e-10
        dmean2: 5.43825207089e-10
        dvar: 2.24583439567e-19
        dvar2: 5.07559729923e-19
        max: -9.03861675176e-14
        mean: -9.26223098219e-10
        min: -4.32051328048e-09
        var: 5.11827671691e-19
    spectral_energy:
        dmean: 0.00151219265535
        dmean2: 0.00230299495161
        dvar: 4.06088611271e-06
        dvar2: 9.13128405955e-06
        max: 0.0183095578104
        mean: 0.0038792823907
        min: 3.76391426471e-07
        var: 8.94714685273e-06
    spectral_energyband_high:
        dmean: 0.00019814434927
        dmean2: 0.000317369675031
        dvar: 1.75555115334e-07
        dvar2: 4.72674372531e-07
        max: 0.00462004961446
        mean: 0.000277705519693
        min: 2.54936818322e-08
        var: 1.92909084262e-07
    spectral_energyband_low:
        dmean: 0.000189228288946
        dmean2: 0.000344380736351
        dvar: 3.46341494151e-07
        dvar2: 1.02551223335e-06
        max: 0.00543696945533
        mean: 0.00018933917454
        min: 7.28684135254e-09
        var: 2.4473243343e-07
    spectral_energyband_middle_high:
        dmean: 0.000528129981831
        dmean2: 0.000825041905046
        dvar: 7.7628959616e-07
        dvar2: 1.8397427084e-06
        max: 0.00890378374606
        mean: 0.000929687463213
        min: 5.86083857002e-08
        var: 1.36758023928e-06
    spectral_energyband_middle_low:
        dmean: 0.0009765191935
        dmean2: 0.00149281939957
        dvar: 1.5587438611e-06
        dvar2: 3.57623343916e-06
        max: 0.0120319724083
        mean: 0.00248254626058
        min: 2.84124865857e-07
        var: 3.98129486712e-06
    spectral_flatness_db:
        dmean: 0.0224545933306
        dmean2: 0.0316764041781
        dvar: 0.0003702469985
        dvar2: 0.000829262658954
        max: 0.327782869339
        mean: 0.168556421995
        min: 0.065851777792
        var: 0.00211187032983
    spectral_flux:
        dmean: 0.00897081848234
        dmean2: 0.013896394521
        dvar: 0.000119999654999
        dvar2: 0.000229608078371
        max: 0.0895566344261
        mean: 0.0320317782462
        min: 0.00868614017963
        var: 0.000298541475786
    spectral_kurtosis:
        dmean: 0.995217323303
        dmean2: 1.5211853981
        dvar: 1.16245365143
        dvar2: 2.2857735157
        max: 15.9252738953
        mean: 2.80008816719
        min: -0.583535194397
        var: 3.91043710709
    spectral_rms:
        dmean: 0.000352630886482
        dmean2: 0.000520812987816
        dvar: 1.44019608683e-07
        dvar2: 3.21637969591e-07
        max: 0.00422646244988
        mean: 0.00181880651508
        min: 1.91627550521e-05
        var: 4.76607567634e-07
    spectral_rolloff:
        dmean: 792.081726074
        dmean2: 1308.06689453
        dvar: 812415.9375
        dvar2: 1633662.75
        max: 5490.96679688
        mean: 2157.25756836
        min: 301.46484375
        var: 2088402.125
    spectral_skewness:
        dmean: 0.21142706275
        dmean2: 0.316734313965
        dvar: 0.0485824085772
        dvar2: 0.0965080335736
        max: 2.99752950668
        mean: 1.39115703106
        min: 0.166522324085
        var: 0.16037876904
    spectral_spread:
        dmean: 844832.125
        dmean2: 1138739.125
        dvar: 1.18046182605e+12
        dvar2: 1.49031498547e+12
        max: 30801926
        mean: 6127802.5
        min: 2400241.5
        var: 4.70087892992e+12
    spectral_strongpeak:
        dmean: 0.218162879348
        dmean2: 0.359534472227
        dvar: 0.187978088856
        dvar2: 0.52464479208
        max: 4.13777256012
        mean: 0.454087197781
        min: 0.00026660884032
        var: 0.182495370507
    zerocrossingrate:
        dmean: 0.0119453305379
        dmean2: 0.0138546964154
        dvar: 0.000113222413347
        dvar2: 0.000153068438522
        max: 0.15869140625
        mean: 0.0686668083072
        min: 0.001953125
        var: 0.000859564519487
    barkbands:
        dmean: [6.21129956357e-08, 4.64654840471e-05, 0.000160748852068, 0.000171796040377, 0.000373936694814, 0.000546156952623, 5.58217507205e-05, 9.23907136894e-05, 8.77390775713e-05, 5.35622639291e-05, 4.993561015e-05, 0.000104378275864, 7.47009107727e-05, 2.33302671404e-05, 3.20613689837e-05, 5.26041658304e-05, 6.67923814035e-05, 9.19671074371e-05, 0.000101101999462, 0.000140340824146, 8.31409270177e-05, 2.69101292361e-05, 6.5357639869e-06, 3.47008608514e-06, 2.35696415984e-06, 1.54218923853e-07, 5.41343503357e-09]
        dmean2: [9.62281418992e-08, 8.30504286569e-05, 0.000291965901852, 0.000292459997581, 0.000599566090386, 0.00080669001909, 8.46603870741e-05, 0.000143448327435, 0.00014202138118, 7.29296953068e-05, 7.66907251091e-05, 0.000183951458894, 0.000128036102979, 3.83367587347e-05, 5.15481333423e-05, 8.81213491084e-05, 0.000111868517706, 0.000155414105393, 0.000167654085089, 0.000236141626374, 0.000131401087856, 3.822976214e-05, 9.93864705379e-06, 5.16188629263e-06, 3.34005903824e-06, 2.287025751e-07, 8.1907556293e-09]
        dvar: [2.04529901587e-13, 2.50158009862e-08, 2.25941718668e-07, 1.46318967609e-07, 3.91241513853e-07, 3.9334619828e-07, 1.01179375989e-08, 2.07348644921e-08, 3.49394646548e-08, 1.32270017161e-08, 1.40500615586e-08, 8.56300701457e-08, 3.97375892192e-08, 2.17434270589e-09, 4.02246680409e-09, 1.50944874378e-08, 1.80783423787e-08, 2.40833735177e-08, 2.81220131626e-08, 9.5936293576e-08, 2.2815505929e-08, 3.00109248563e-09, 9.00126362335e-11, 3.64575036826e-11, 1.63497774347e-11, 8.41955560718e-14, 4.34849774461e-15]
        dvar2: [5.10665077932e-13, 7.12895982247e-08, 6.74388559219e-07, 3.73419425159e-07, 9.29881707634e-07, 9.10351047878e-07, 2.42185027588e-08, 5.06468680328e-08, 7.62905472129e-08, 2.06152712678e-08, 2.9438146143e-08, 2.01289182655e-07, 9.65288577959e-08, 5.46515810385e-09, 9.94894922002e-09, 3.93223196227e-08, 4.74475214673e-08, 5.91340132416e-08, 6.96854982607e-08, 2.64333607447e-07, 5.77108529853e-08, 6.19052764605e-09, 2.10130038369e-10, 8.12445943854e-11, 3.48296946839e-11, 1.85844151483e-13, 1.08618024853e-14]
        max: [6.53452661936e-06, 0.00136846560054, 0.00406848080456, 0.00408167485148, 0.0075686215423, 0.00879007019103, 0.00103683874477, 0.00151245773304, 0.0023276838474, 0.00161914445926, 0.00153289490845, 0.00356855918653, 0.00221578381024, 0.000445521611255, 0.000702445278876, 0.00132652558386, 0.00100190681405, 0.00104627711698, 0.00146005942952, 0.0030571538955, 0.00154454458971, 0.000799547415227, 6.60613513901e-05, 6.82836180204e-05, 5.30307079316e-05, 1.85579563095e-06, 9.74774366114e-07]
        mean: [6.03749157335e-08, 4.63981377834e-05, 0.000142888748087, 0.000170140338014, 0.000667801999953, 0.00122421898413, 8.79093422554e-05, 0.000190654885955, 0.000137193565024, 7.7735123341e-05, 6.56749980408e-05, 0.000146590653458, 9.34098861762e-05, 3.04801415041e-05, 3.83009428333e-05, 6.22796214884e-05, 8.42544759507e-05, 0.000115590526548, 0.000153516724822, 0.000169226652361, 0.000117662966659, 3.87152285839e-05, 9.96807739284e-06, 5.14920611749e-06, 3.28549185724e-06, 1.76474244995e-07, 3.07740011252e-09]
        min: [1.42326345154e-10, 2.5002737658e-09, 4.3676120498e-09, 8.81075035153e-09, 5.36333857326e-08, 9.35654256295e-08, 8.20834387127e-08, 3.35578000943e-08, 1.04117026112e-08, 1.53447334839e-08, 6.73021016695e-09, 1.04570263559e-08, 5.53867529618e-09, 3.32407146253e-09, 3.9208538638e-09, 2.51058440703e-09, 3.57150442554e-09, 2.63833932479e-09, 4.80235895495e-09, 4.79296291545e-09, 1.05886552859e-08, 4.59547067067e-09, 1.75358016996e-09, 1.45586875888e-09, 1.63691482591e-09, 8.60313598139e-10, 5.44405761248e-14]
        var: [1.11888010792e-13, 2.16843893952e-08, 1.42545019344e-07, 1.55889935627e-07, 1.04714501958e-06, 1.92874881577e-06, 1.7496278204e-08, 6.60724381873e-08, 6.04700787221e-08, 3.31919913776e-08, 2.04463184161e-08, 1.35220503239e-07, 4.94283227681e-08, 2.64775756875e-09, 5.09828668172e-09, 1.41399292275e-08, 1.87328126344e-08, 2.76730034443e-08, 3.47924640209e-08, 8.87866278276e-08, 3.06056016086e-08, 4.98992092091e-09, 1.59103064057e-10, 7.31930349662e-11, 3.20057903791e-11, 1.11135635471e-13, 2.19377700515e-15]
    mfcc:
        mean: [-735.512390137, 103.591789246, -18.9308185577, 46.9134483337, -24.3402862549, -11.2538690567, -6.17666435242, -12.284822464, -15.0843877792, -14.782623291, -7.60388755798, -6.35223960876, -2.0920085907]
        cov: [[2970.98046875, -388.482269287, -402.21875, -135.686431885, 110.928764343, 165.759429932, 57.8237762451, 19.610918045, 231.005905151, 15.3712034225, 0.93315076828, 52.837272644, -103.971588135], [-388.482269287, 764.762207031, -231.626373291, -55.2810668945, -14.8725681305, -15.9297981262, 79.9513931274, 61.6553840637, -35.3810157776, 18.4185390472, -32.1383934021, -25.4656543732, 20.9195041656], [-402.21875, -231.626373291, 492.033874512, 34.0269012451, -46.4317779541, -24.7862205505, -38.866519928, -38.0134048462, -47.0711479187, -19.7302684784, 48.0782356262, 7.36695575714, 9.06475448608], [-135.686431885, -55.2810668945, 34.0269012451, 270.084838867, 90.2890167236, 13.0099000931, -40.9885749817, 5.86379051208, 25.3494434357, 32.2871627808, 14.8741025925, -1.14903569221, 26.4434967041], [110.928764343, -14.8725681305, -46.4317779541, 90.2890167236, 181.704727173, 57.4911651611, 27.3099079132, 25.2924613953, 40.7087478638, 16.8897476196, -6.12159442902, 7.12361717224, 16.8451557159], [165.759429932, -15.9297981262, -24.7862205505, 13.0099000931, 57.4911651611, 97.0389480591, 45.8959121704, 23.1995887756, 29.9617061615, 7.39209365845, 12.672577858, 20.2021408081, 4.58989715576], [57.8237762451, 79.9513931274, -38.866519928, -40.9885749817, 27.3099079132, 45.8959121704, 94.2762451172, 36.7306900024, 2.54668354988, -5.69747304916, -8.73627471924, 9.43810939789, -0.104054100811], [19.610918045, 61.6553840637, -38.0134048462, 5.86379051208, 25.2924613953, 23.1995887756, 36.7306900024, 77.6835861206, 35.7282142639, 13.2746667862, 2.11190605164, -1.94971382618, -1.13698732853], [231.005905151, -35.3810157776, -47.0711479187, 25.3494434357, 40.7087478638, 29.9617061615, 2.54668354988, 35.7282142639, 114.001556396, 38.7051010132, 3.76118206978, -0.0119819017127, -14.285443306], [15.3712034225, 18.4185390472, -19.7302684784, 32.2871627808, 16.8897476196, 7.39209365845, -5.69747304916, 13.2746667862, 38.7051010132, 66.6531829834, 38.6768112183, 16.1710681915, 5.79978466034], [0.93315076828, -32.1383934021, 48.0782356262, 14.8741025925, -6.12159442902, 12.672577858, -8.73627471924, 2.11190605164, 3.76118206978, 38.6768112183, 97.1032104492, 57.161529541, 19.1181926727], [52.837272644, -25.4656543732, 7.36695575714, -1.14903569221, 7.12361717224, 20.2021408081, 9.43810939789, -1.94971382618, -0.0119819017127, 16.1710681915, 57.161529541, 86.5287399292, 39.9953956604], [-103.971588135, 20.9195041656, 9.06475448608, 26.4434967041, 16.8451557159, 4.58989715576, -0.104054100811, -1.13698732853, -14.285443306, 5.79978466034, 19.1181926727, 39.9953956604, 73.0135879517]]
        icov: [[0.000622654741164, 0.000381648860639, 0.000595088116825, 0.000325314264046, -0.000120285345474, -0.000505855947267, -0.000128791099996, 0.000438734219642, -0.00101168849505, 0.000530713587068, -0.00024812319316, -0.000425871607149, 0.000709968386218], [0.000381648860639, 0.0022858674638, 0.00125584728085, 0.000273320969427, 0.000315901153954, 0.000564332818612, -0.00175498740282, -0.000889545422979, 0.000744104618207, -0.0011369579006, -0.000111381275929, 0.000991759472527, -0.000769283680711], [0.000595088116825, 0.00125584728085, 0.00346404174343, -0.000193643732928, 0.000490550126415, 6.58118951833e-05, -0.000813913939055, 0.000696176139172, -0.000261803186731, 0.0017550943885, -0.00279562431388, 0.00136142061092, -0.000184356584214], [0.000325314264046, 0.000273320969427, -0.000193643732928, 0.00592820253223, -0.00298952590674, -0.0010882866336, 0.00359636102803, -0.000940083002206, 4.19660718762e-05, -0.00183472596109, -7.33397901058e-05, 0.00111460045446, -0.0014268317027], [-0.000120285345474, 0.000315901153954, 0.000490550126415, -0.00298952590674, 0.00917808245867, -0.00340800220147, -0.00210559577681, -0.000159097922733, -0.00107374764048, -0.000868393515702, 0.00180564250331, 0.000180979186553, -0.00186175224371], [-0.000505855947267, 0.000564332818612, 6.58118951833e-05, -0.0010882866336, -0.00340800220147, 0.0190037060529, -0.00919575337321, 0.000653993629385, -0.00306671089493, 0.00241972133517, -0.00367307779379, -0.000493774597999, -0.000467317702714], [-0.000128791099996, -0.00175498740282, -0.000813913939055, 0.00359636102803, -0.00210559577681, -0.00919575337321, 0.0226895622909, -0.00864053238183, 0.00435005780309, -0.000797196349595, 0.00524644227698, -0.00510280346498, 0.0024155236315], [0.000438734219642, -0.000889545422979, 0.000696176139172, -0.000940083002206, -0.000159097922733, 0.000653993629385, -0.00864053238183, 0.0213299002498, -0.00801018998027, 0.00215269601904, -0.00431188987568, 0.00366742978804, -0.00116902729496], [-0.00101168849505, 0.000744104618207, -0.000261803186731, 4.19660718762e-05, -0.00107374764048, -0.00306671089493, 0.00435005780309, -0.00801018998027, 0.0185341387987, -0.011298103258, 0.00561016099527, -0.0018577898154, 0.00275785150006], [0.000530713587068, -0.0011369579006, 0.0017550943885, -0.00183472596109, -0.000868393515702, 0.00241972133517, -0.000797196349595, 0.00215269601904, -0.011298103258, 0.0306056533009, -0.0150846662, 0.00352090899833, -0.00101180921774], [-0.00024812319316, -0.000111381275929, -0.00279562431388, -7.33397901058e-05, 0.00180564250331, -0.00367307779379, 0.00524644227698, -0.00431188987568, 0.00561016099527, -0.0150846662, 0.0278696101159, -0.0171324424446, 0.00419008359313], [-0.000425871607149, 0.000991759472527, 0.00136142061092, 0.00111460045446, 0.000180979186553, -0.000493774597999, -0.00510280346498, 0.00366742978804, -0.0018577898154, 0.00352090899833, -0.0171324424446, 0.0298456419259, -0.013930156827], [0.000709968386218, -0.000769283680711, -0.000184356584214, -0.0014268317027, -0.00186175224371, -0.000467317702714, 0.0024155236315, -0.00116902729496, 0.00275785150006, -0.00101180921774, 0.00419008359313, -0.013930156827, 0.0230647549033]]
    spectral_contrast:
        mean: [6.42785039418e-07, 4.38480469711e-07, -2.42859613309e-07, 1.6430944072e-07, -3.74100636691e-07, 2.2503512298e-07, 2.23379447561e-06, 1.67224141023e-06, 6.11416726315e-06, 1.23624442949e-06, 1.50556923018e-06, 5.69555481889e-07]
        var: [0.000292021519272, 0.000680451164953, 0.0010999670485, 0.00290578510612, 0.00415126001462, 0.00684112356976, 0.0425342768431, 0.10311242938, 0.165934219956, 0.289402812719, 0.428970962763, 1.96497893333]

rhythm:
    beats_loudness:
        dmean: 0.00357749173418
        dmean2: 0.0063293101266
        dvar: 6.91501190886e-06
        dvar2: 2.14547999349e-05
        max: 0.00972231384367
        mean: 0.00396112678573
        min: 0.000572534045205
        var: 7.60911461839e-06
    beats_loudness_bass:
        dmean: 0.0590524747968
        dmean2: 0.117136061192
        dvar: 0.00212839245796
        dvar2: 0.00599728431553
        max: 0.150077447295
        mean: 0.0576330497861
        min: 0.00393285322934
        var: 0.00214100815356
    bpm: 93.7522659302
    bpm_confidence: 0
    first_peak_bpm: 94
    first_peak_spread: 0
    first_peak_weight: 0.470588237047
    onset_rate: 4.77272748947
    second_peak_bpm: 125
    second_peak_spread: 0
    second_peak_weight: 0.470588237047
    beats_position: [0.203437492251, 0.843447327614, 1.48345708847, 2.12346696854, 2.7634768486, 3.40348672867, 4.04349660873, 4.6835064888, 5.32351636887, 6.02410268784, 6.50504827499, 6.98599243164, 7.4669380188, 7.94788265228, 8.42882823944, 8.90977191925, 9.39071750641, 9.87166213989]
    bpm_estimates: [93.917137146, 93.9242477417, 93.2470245361, 92.5088348389, 94.1759643555, 94.5805053711, 93.9586715698, 93.7057342529]
    bpm_intervals: [0.640009820461, 0.640009760857, 0.640009880066, 0.640009880066, 0.640009880066, 0.640009880066, 0.640009880066, 0.640009880066, 0.70058631897, 0.480945587158, 0.480944156647, 0.480945587158, 0.480944633484, 0.480945587158, 0.48094367981, 0.480945587158, 0.480944633484]
    onset_times: [0.0580498874187, 0.208979591727, 0.394739240408, 0.661768734455, 1.01006805897, 1.33514738083, 1.66022670269, 1.78793644905, 2.00852608681, 2.32199549675, 2.49614500999, 2.63546490669, 2.80961441994, 2.97215414047, 3.14630389214, 3.27401351929, 3.44816327095, 3.58748292923, 3.90095233917, 4.09832191467, 4.26086187363, 4.41179132462, 4.57433128357, 4.88780021667, 5.05034017563, 5.21287965775, 5.35219955444, 5.52634906769, 5.66566896439, 5.8282084465, 5.99074840546, 6.15328788757, 6.44353723526, 6.80344676971, 6.96598625183, 7.14013624191, 7.45360565186, 7.7670750618, 7.94122457504, 8.09215450287, 8.25469398499, 8.40562343597, 8.74231338501, 9.06739234924, 9.32281208038, 9.39247131348, 9.69433116913, 9.93814086914]
    rubato_start: [6.50504827499]
    rubato_stop: [9.87166213989]
    perceptual_tempo: "unknown"

sfx:
    inharmonicity:
        dmean: 0.039798848331
        dmean2: 0.0697950124741
        dvar: 0.00266850879416
        dvar2: 0.00747341383249
        max: 0.365863770247
        mean: 0.037426635623
        min: 2.18344721361e-05
        var: 0.00273125199601
    oddtoevenharmonicenergyratio:
        dmean: 6.58409166336
        dmean2: 12.551281929
        dvar: 423.045532227
        dvar2: 1240.5625
        max: 165.044128418
        mean: 3.9532353878
        min: 0.00012283527758
        var: 249.485870361
    pitch_after_max_to_before_max_energy_ratio: 0.0711561441422
    pitch_centroid: 207.344970703
    pitch_max_to_total: 0.986111104488
    pitch_min_to_total: 0.157407402992
    tristimulus:
        dmean: [0.24628713727, 0.260147422552, 0.101411156356]
        dmean2: [0.440630078316, 0.468930125237, 0.174664571881]
        dvar: [0.0512826219201, 0.0545284412801, 0.0112685225904]
        dvar2: [0.136727139354, 0.156336560845, 0.0311964675784]
        max: [0.969799458981, 0.973739922047, 0.725143015385]
        mean: [0.453140407801, 0.413323372602, 0.114385835826]
        min: [0.0118994833902, 0, 0]
        var: [0.0707362666726, 0.0664175450802, 0.0151448240504]

tonal:
    chords_changes_rate: 0.0737327188253
    chords_number_rate: 0.0322580635548
    chords_strength:
        dmean: 0.00801267754287
        dmean2: 0.00768271135166
        dvar: 4.47431957582e-05
        dvar2: 4.87756733492e-05
        max: 0.497617989779
        mean: 0.410048425198
        min: 0.262787133455
        var: 0.00326452590525
    key_strength: 0.526505827904
    tuning_diatonic_strength: 0.477124452591
    tuning_equal_tempered_deviation: 0.0659125298262
    tuning_frequency: 447.174194336
    tuning_nontempered_energy_ratio: 0.67479044199
    hpcp:
        dmean: [0.0656684488058, 0.0554249212146, 0.0684123635292, 0.0728112012148, 0.0558482259512, 0.0686407610774, 0.0748800635338, 0.065124861896, 0.0786779895425, 0.091276422143, 0.0914709717035, 0.164711207151, 0.14582234621, 0.151459723711, 0.0971318408847, 0.0755011439323, 0.0975700244308, 0.182716920972, 0.118366241455, 0.177791386843, 0.108808644116, 0.106081068516, 0.0770252794027, 0.0839803293347, 0.0867562666535, 0.0953302308917, 0.112911328673, 0.0961540266871, 0.0701313912868, 0.0554122701287, 0.049914188683, 0.0475809164345, 0.0602556727827, 0.0964625477791, 0.0883105173707, 0.0705263018608]
        dmean2: [0.107821382582, 0.0982876867056, 0.119715064764, 0.127263516188, 0.0999419167638, 0.117370925844, 0.123565584421, 0.104907244444, 0.138301357627, 0.165629565716, 0.161883026361, 0.264165818691, 0.24703322351, 0.251863867044, 0.169192671776, 0.131939128041, 0.163994848728, 0.31746917963, 0.198942601681, 0.303284019232, 0.186894923449, 0.178308472037, 0.134153813124, 0.146703615785, 0.154378727078, 0.16299071908, 0.189760372043, 0.15102648735, 0.115728594363, 0.0966020300984, 0.0866396278143, 0.0848780050874, 0.101837031543, 0.158328145742, 0.145603209734, 0.114939786494]
        dvar: [0.014130438678, 0.00792655348778, 0.0138549208641, 0.0109021440148, 0.00856255460531, 0.0173631124198, 0.0187638364732, 0.0127405412495, 0.0156277623028, 0.0233771465719, 0.0171890556812, 0.0223550032824, 0.0385844185948, 0.0242255777121, 0.0253579728305, 0.0223044399172, 0.0197961069643, 0.0405368134379, 0.0373716317117, 0.04170871526, 0.0255880821496, 0.0372115150094, 0.0178058166057, 0.0230180732906, 0.0208649206907, 0.0215480122715, 0.0379507094622, 0.0193023812026, 0.0095925591886, 0.0145043442026, 0.013790265657, 0.0102954125032, 0.00676329061389, 0.0165849048644, 0.0172610506415, 0.015109158121]
        dvar2: [0.0425596795976, 0.0247299429029, 0.0396214313805, 0.0313357524574, 0.0239924173802, 0.0460060127079, 0.04001320526, 0.0309771988541, 0.0444683991373, 0.0676255151629, 0.0497896894813, 0.066685244441, 0.0889926403761, 0.0696066096425, 0.0688674226403, 0.0653729960322, 0.0501594394445, 0.102285169065, 0.0900994166732, 0.114729903638, 0.0581476539373, 0.0851274952292, 0.0454885847867, 0.0591662414372, 0.0563937686384, 0.0611440651119, 0.101222746074, 0.0440616980195, 0.0222817417234, 0.0406665802002, 0.0392584130168, 0.0283390842378, 0.0186645071954, 0.0511415041983, 0.0579003430903, 0.0445990934968]
        max: [1, 0.674371540546, 1, 0.642412662506, 0.561996757984, 1, 1, 1, 0.86713129282, 1, 0.999660313129, 1, 1, 1, 1, 1, 1, 1, 1, 1, 1, 1, 1, 1, 0.978844583035, 1, 1, 1, 0.733141362667, 0.924443662167, 0.857647836208, 0.785255968571, 0.627644479275, 0.961315989494, 1, 1]
        mean: [0.0829352512956, 0.06866402179, 0.083866789937, 0.088527187705, 0.0679411813617, 0.0781000256538, 0.10671428591, 0.0916257053614, 0.0803672447801, 0.0902245640755, 0.0965574756265, 0.360272109509, 0.556604266167, 0.30567574501, 0.0945831760764, 0.0740312114358, 0.104075983167, 0.331344813108, 0.501162469387, 0.302619278431, 0.126407414675, 0.110720433295, 0.0914104580879, 0.100389830768, 0.106889046729, 0.107934296131, 0.143197521567, 0.137294307351, 0.0843048989773, 0.061002727598, 0.0543172955513, 0.0489752814174, 0.0823272168636, 0.135039538145, 0.124916434288, 0.0961372330785]
        min: [0.00147322670091, 0.000728349667042, 0.00178299867548, 0.00362546881661, 0.00286874454468, 0.000359281548299, 0.000323728832882, 0.000441442534793, 0.000552985002287, 0.000718340801541, 0.00122077134438, 0.00909085851163, 0.00496603548527, 0.00143873447087, 0.00049369916087, 0.000321648432873, 0.000394082715502, 0.00191362656187, 0.00293336599134, 0.00256795692258, 0.000226221745834, 0.000242928697844, 0.000466391385999, 0.000531096186023, 0.000686731073074, 0.000472107843962, 0.000219833891606, 0.000210733211134, 0.000196792447241, 0.000414153852034, 0.000646253931336, 0.000613362528384, 0.000379304867238, 0.000847375718877, 0.0018871036591, 0.0021484112367]
        var: [0.0195801910013, 0.00986209698021, 0.0143904034048, 0.0125572932884, 0.00827725604177, 0.0202933903784, 0.0453838892281, 0.032463259995, 0.0164733976126, 0.0200094711035, 0.0157928410918, 0.0697956681252, 0.161728203297, 0.0600017830729, 0.0264389067888, 0.0218895170838, 0.0309154726565, 0.09532841295, 0.179720401764, 0.0771714374423, 0.0364869609475, 0.043734267354, 0.0244623553008, 0.0267177522182, 0.0235255230218, 0.025191033259, 0.0590821094811, 0.0495393425226, 0.0145032731816, 0.013175428845, 0.0113012650982, 0.00849816203117, 0.00912906695157, 0.0239328928292, 0.021483246237, 0.0195314120501]
    chords_histogram: [16.129032135, 0, 14.2857141495, 0, 7.37327194214, 11.9815664291, 0, 22.5806446075, 0, 13.8248844147, 0, 0, 0, 0, 0, 0, 0, 0, 0, 0, 0, 0, 13.8248844147, 0]
    thpcp: [1, 0.549179673195, 0.169928953052, 0.13300511241, 0.186983808875, 0.595296919346, 0.900392770767, 0.543688416481, 0.227104648948, 0.198921278119, 0.16422881186, 0.180361226201, 0.192037776113, 0.193915680051, 0.257269889116, 0.246664136648, 0.151462897658, 0.10959802568, 0.0975869223475, 0.0879894122481, 0.147909790277, 0.242613196373, 0.224425941706, 0.172720983624, 0.149002179503, 0.123362369835, 0.150675788522, 0.159048706293, 0.122063711286, 0.140315175056, 0.191723808646, 0.164615526795, 0.144388481975, 0.162098228931, 0.17347599566, 0.64726793766]
    chords_key: "C#"
    chords_scale: "major"
    key_key: "C#"
    key_scale: "minor"
    chords_progression: ["C#m", "C#m", "C#m", "C#m", "C#m", "C#m", "C#m", "C#m", "C#m", "F#m", "F#m", "F#m", "F#m", "F#m", "F#m", "F#m", "F#m", "F#m", "F#m", "F#m", "F#m", "F#m", "F#m", "F#m", "F#m", "F#m", "F#m", "F#", "F#", "F#", "F#", "F#", "F#", "F#", "F#", "F#", "F#", "F#", "F#", "F#", "F#", "F#", "F#", "F#", "F#", "F#", "F#", "D#m", "D#m", "D#m", "D#m", "D#m", "D#m", "D#m", "D#m", "D#m", "D#m", "D#m", "D#m", "D#m", "D#m", "D#m", "D#m", "G#m", "G#m", "G#m", "G#m", "G#m", "G#m", "G#m", "G#m", "G#m", "G#m", "G#m", "G#m", "G#m", "G#m", "G#m", "G#m", "G#m", "G#m", "G#m", "G#m", "G#m", "G#m", "G#m", "G#m", "G#m", "G#m", "G#m", "G#m", "G#m", "G#m", "G#m", "G#", "G#", "G#", "C#m", "C#m", "C#m", "C#m", "C#m", "C#m", "C#m", "C#m", "C#m", "C#m", "C#m", "C#m", "C#m", "C#m", "C#m", "C#m", "C#m", "C#m", "C#m", "C#m", "C#m", "C#m", "C#", "C#", "C#", "C#", "C#", "C#", "C#", "F#m", "F#m", "F#m", "F#m", "F#m", "F#m", "F#m", "F#m", "F#m", "F#m", "F#m", "F#m", "C#", "C#", "C#", "C#", "C#", "C#", "C#", "C#", "C#", "C#", "C#", "F#", "C#", "C#", "F#", "F#", "F#", "F#", "F#", "C#", "C#m", "C#m", "C#m", "C#m", "G#", "G#", "G#", "G#", "G#", "G#", "G#", "G#", "G#", "G#", "G#", "G#", "G#", "G#", "G#", "G#", "G#", "G#", "G#", "G#", "G#", "G#", "G#", "G#", "G#", "G#", "G#", "C#", "C#", "C#", "C#", "C#", "C#", "C#", "C#", "C#", "C#", "C#", "C#", "C#", "C#", "C#", "C#", "C#", "C#", "C#", "C#", "C#", "C#", "C#", "C#", "C#", "C#", "C#", "C#"]
