
metadata:
    version:
        essentia: "1.2.2"
    audio_properties:
        analysis_sample_rate: 44100
        bitrate: 128
        channels: 2
        equal_loudness: 1
        length: 10.0571432114
        replay_gain: -9.97345733643
        downmix: "mix"
    tags:
        track: 12
        year: 0
        album: "Splitted by Mp3Splt v. 2.1"
        artist: "From 001.50 To 002.00"
        comment: "http://mp3splt.sf.net"
        genre: ""
        title: "04 Ambition.mp3"

highlevel:
    ballroom:
        all:
            ChaChaCha: 0.0722506865859
            Jive: 0.110863029957
            Quickstep: 0.332334220409
            Rumba-American: 0.00881950370967
            Rumba-International: 0.0617931969464
            Rumba-Misc: 0.0721328854561
            Samba: 0.0484238341451
            Tango: 0.0787024050951
            VienneseWaltz: 0.154401868582
            Waltz: 0.0602783598006
        probability: 0.332334220409
        value: "Quickstep"
    culture:
        all:
            non_western: 0.719623625278
            western: 0.280376374722
        probability: 0.719623625278
        value: "non_western"
    gender:
        all:
            female: 0.0849015191197
            male: 0.915098488331
        probability: 0.915098488331
        value: "male"
    genre_dortmund:
        all:
            alternative: 0.201809450984
            blues: 0.0117811057717
            electronic: 0.0412368625402
            folkcountry: 0.322275936604
            funksoulrnb: 0.0200211722404
            jazz: 0.0970316529274
            pop: 0.136679649353
            raphiphop: 0.0156189445406
            rock: 0.153545245528
        probability: 0.322275936604
        value: "folkcountry"
    genre_electronica:
        all:
            ambient: 0.77953094244
            dnb: 0.0681919306517
            house: 0.100711390376
            techno: 0.01192627009
            trance: 0.0396394766867
        probability: 0.77953094244
        value: "ambient"
    genre_rosamerica:
        all:
            cla: 0.0645393207669
            dan: 0.0435118749738
            hip: 0.0152691658586
            jaz: 0.0945083498955
            pop: 0.601588249207
            rhy: 0.0372813418508
            roc: 0.133190825582
            spe: 0.0101108755916
        probability: 0.601588249207
        value: "pop"
    genre_tzanetakis:
        all:
            blu: 0.00625730678439
            cla: 0.0227318704128
            cou: 0.100473418832
            dis: 0.0663147643209
            hip: 0.00722609693184
            jaz: 0.0613167919219
            met: 0.00530315516517
            pop: 0.34410789609
            reg: 0.129068568349
            roc: 0.25720012188
        probability: 0.34410789609
        value: "pop"
    live_studio:
        all:
            live: 0.00429608207196
            studio: 0.995703935623
        probability: 0.995703935623
        value: "studio"
    mood:
        all:
            Cluster1: 0.323501199484
            Cluster2: 0.317562758923
            Cluster3: 0.178191810846
            Cluster4: 0.150629103184
            Cluster5: 0.0301151350141
        probability: 0.323501199484
        value: "Cluster1"
    mood_acoustic:
        all:
            acoustic: 0.697201311588
            not_acoustic: 0.302798688412
        probability: 0.697201311588
        value: "acoustic"
    mood_aggressive:
        all:
            aggressive: 0.00788282975554
            not_aggressive: 0.992117166519
        probability: 0.992117166519
        value: "not_aggressive"
    mood_electronic:
        all:
            electronic: 0.362369418144
            not_electronic: 0.637630581856
        probability: 0.637630581856
        value: "not_electronic"
    mood_happy:
        all:
            happy: 0.517045140266
            not_happy: 0.482954889536
        probability: 0.517045140266
        value: "happy"
    mood_party:
        all:
            not_party: 0.834687292576
            party: 0.165312692523
        probability: 0.834687292576
        value: "not_party"
    mood_relaxed:
        all:
            not_relaxed: 0.148156762123
            relaxed: 0.851843237877
        probability: 0.851843237877
        value: "relaxed"
    mood_sad:
        all:
            not_sad: 0.209574967623
            sad: 0.790425002575
        probability: 0.790425002575
        value: "sad"
    rhythm:
        all:
            fast: 0.528105199337
            medium: 0.308553636074
            slow: 0.163341164589
        probability: 0.528105199337
        value: "fast"
    speech_music:
        all:
            music: 0.990599691868
            speech: 0.00940031558275
        probability: 0.990599691868
        value: "music"
    timbre:
        all:
            bright: 0.846680760384
            dark: 0.153319269419
        probability: 0.846680760384
        value: "bright"
    voice_instrumental:
        all:
            instrumental: 0.348180145025
            voice: 0.651819884777
        probability: 0.651819884777
        value: "voice"

lowlevel:
    average_loudness: 0.910027980804
    barkbands_kurtosis:
        dmean: 1.17720603943
        dmean2: 1.92867445946
        dvar: 2.76419353485
        dvar2: 6.71207904816
        max: 19.3973007202
        mean: 1.15370845795
        min: -1.70788574219
        var: 7.78326749802
    barkbands_skewness:
        dmean: 0.352915972471
        dmean2: 0.567010223866
        dvar: 0.13293710351
        dvar2: 0.340415626764
        max: 3.49610590935
        mean: 1.07402718067
        min: -0.881957530975
        var: 0.422440707684
    barkbands_spread:
        dmean: 3.91804981232
        dmean2: 5.84973859787
        dvar: 20.7879581451
        dvar2: 42.92918396
        max: 48.7426376343
        mean: 20.8738193512
        min: 2.82269501686
        var: 87.6724014282
    dissonance:
        dmean: 0.022104518488
        dmean2: 0.0349091589451
        dvar: 0.00089181563817
        dvar2: 0.00146473105997
        max: 0.495060682297
        mean: 0.43345695734
        min: 0.0214698091149
        var: 0.00295119243674
    hfc:
        dmean: 1.06571602821
        dmean2: 1.46653699875
        dvar: 6.69630622864
        dvar2: 14.4828281403
        max: 30.7006702423
        mean: 2.626070261
        min: 0.00018164778885
        var: 11.799200058
    pitch:
        dmean: 145.958526611
        dmean2: 279.49786377
        dvar: 329941.65625
        dvar2: 949448.9375
        max: 4009.09082031
        mean: 206.195968628
        min: 81.3653106689
        var: 184277.265625
    pitch_instantaneous_confidence:
        dmean: 0.0706304460764
        dmean2: 0.110557422042
        dvar: 0.00484844157472
        dvar2: 0.0104895746335
        max: 0.877711951733
        mean: 0.437712430954
        min: 0.139885663986
        var: 0.0210967436433
    pitch_salience:
        dmean: 0.0570602416992
        dmean2: 0.0927449166775
        dvar: 0.00223381561227
        dvar2: 0.0062055317685
        max: 0.928858220577
        mean: 0.652361929417
        min: 0.418782740831
        var: 0.00543055124581
    silence_rate_20dB:
        dmean: 0
        dmean2: 0
        dvar: 0
        dvar2: 0
        max: 1
        mean: 1
        min: 1
        var: 0
    silence_rate_30dB:
        dmean: 0
        dmean2: 0
        dvar: 0
        dvar2: 0
        max: 1
        mean: 1
        min: 1
        var: 0
    silence_rate_60dB:
        dmean: 0.0877598151565
        dmean2: 0.175925925374
        dvar: 0.0800580978394
        dvar2: 0.182013124228
        max: 1
        mean: 0.746543765068
        min: 0
        var: 0.1892157197
    spectral_centroid:
        dmean: 152.084884644
        dmean2: 241.620697021
        dvar: 48678.078125
        dvar2: 119141.320312
        max: 2588.19702148
        mean: 848.94140625
        min: 232.201477051
        var: 124776.3125
    spectral_complexity:
        dmean: 2.18793511391
        dmean2: 3.38372087479
        dvar: 13.9252319336
        dvar2: 31.376001358
        max: 45
        mean: 8.24074077606
        min: 0
        var: 30.3353557587
    spectral_crest:
        dmean: 1.67702054977
        dmean2: 2.72969150543
        dvar: 2.34700870514
        dvar2: 6.47432947159
        max: 17.9994010925
        mean: 7.38300132751
        min: 3.02471899986
        var: 5.98804283142
    spectral_decrease:
        dmean: 2.26542090642e-10
        dmean2: 3.24410887043e-10
        dvar: 1.21520728974e-19
        dvar2: 1.99881991169e-19
        max: -3.31233758683e-14
        mean: -7.39780903203e-10
        min: -5.48200507211e-09
        var: 5.30588800068e-19
    spectral_energy:
        dmean: 0.000922442995943
        dmean2: 0.00130917283241
        dvar: 2.10366147257e-06
        dvar2: 3.19400896842e-06
        max: 0.0226010531187
        mean: 0.00303029757924
        min: 1.41491256045e-07
        var: 9.08776655706e-06
    spectral_energyband_high:
        dmean: 7.23875709809e-05
        dmean2: 0.000107884879981
        dvar: 5.40508260372e-08
        dvar2: 1.25820491803e-07
        max: 0.00194640748668
        mean: 7.76608067099e-05
        min: 1.76765668769e-09
        var: 5.20994518638e-08
    spectral_energyband_low:
        dmean: 8.43035886646e-05
        dmean2: 0.000137823852128
        dvar: 4.98615371214e-08
        dvar2: 1.32222893967e-07
        max: 0.00250376388431
        mean: 0.00020664485055
        min: 2.26284537774e-08
        var: 6.67347848093e-08
    spectral_energyband_middle_high:
        dmean: 0.000243598668021
        dmean2: 0.000333514326485
        dvar: 2.98396827247e-07
        dvar2: 6.05192781222e-07
        max: 0.00891558360308
        mean: 0.000702879333403
        min: 6.68266864068e-08
        var: 8.70140866027e-07
    spectral_energyband_middle_low:
        dmean: 0.000739406677894
        dmean2: 0.00116845744196
        dvar: 1.33302091854e-06
        dvar2: 2.90910156764e-06
        max: 0.0148068368435
        mean: 0.00204308028333
        min: 4.63322358257e-08
        var: 4.54816290585e-06
    spectral_flatness_db:
        dmean: 0.0229941327125
        dmean2: 0.0317138619721
        dvar: 0.000514820276294
        dvar2: 0.000743680691812
        max: 0.348282635212
        mean: 0.187412425876
        min: 0.0593918114901
        var: 0.00252980762161
    spectral_flux:
        dmean: 0.0075560156256
        dmean2: 0.0112391347066
        dvar: 8.47443807288e-05
        dvar2: 0.000162659896887
        max: 0.0906729996204
        mean: 0.02542363666
        min: 0.00525993015617
        var: 0.000288094044663
    spectral_kurtosis:
        dmean: 3.75855708122
        dmean2: 5.91772079468
        dvar: 28.1100158691
        dvar2: 66.4406585693
        max: 63.7219467163
        mean: 9.59334182739
        min: 0.585206985474
        var: 60.5205574036
    spectral_rms:
        dmean: 0.000235834319028
        dmean2: 0.000333705276717
        dvar: 8.86686848389e-08
        dvar2: 1.34508709948e-07
        max: 0.00469572236761
        mean: 0.00157436123118
        min: 1.17490526463e-05
        var: 4.77770697671e-07
    spectral_rolloff:
        dmean: 384.100067139
        dmean2: 638.08380127
        dvar: 302513.34375
        dvar2: 676923.9375
        max: 4306.640625
        mean: 1707.75244141
        min: 301.46484375
        var: 848126.8125
    spectral_skewness:
        dmean: 0.351125091314
        dmean2: 0.52263045311
        dvar: 0.158769384027
        dvar2: 0.336697697639
        max: 6.19781684875
        mean: 2.19373703003
        min: 0.42507109046
        var: 0.636232852936
    spectral_spread:
        dmean: 745413.9375
        dmean2: 893784.625
        dvar: 960518422528
        dvar2: 1.1833058263e+12
        max: 18832902
        mean: 3970893.25
        min: 1122743.75
        var: 4.20754830131e+12
    spectral_strongpeak:
        dmean: 0.147677853703
        dmean2: 0.254843562841
        dvar: 0.0483415648341
        dvar2: 0.124856717885
        max: 2.55592632294
        mean: 0.332236737013
        min: 0
        var: 0.111863315105
    zerocrossingrate:
        dmean: 0.0069673541002
        dmean2: 0.00830759480596
        dvar: 5.94291232119e-05
        dvar2: 7.46061195969e-05
        max: 0.12451171875
        mean: 0.0546502023935
        min: 0.0048828125
        var: 0.000412962428527
    barkbands:
        dmean: [3.61106174296e-07, 3.95970491809e-05, 5.3381852922e-05, 0.000218035071157, 0.000326438894263, 0.000188433390576, 0.000125244056107, 0.000175383480382, 0.000103303071228, 2.9089535019e-05, 3.33084499289e-05, 3.69983899873e-05, 3.15058532578e-05, 2.52636473306e-05, 2.49383156188e-05, 3.37803940056e-05, 2.40193603531e-05, 5.00907990499e-05, 5.13792911079e-05, 5.61146698601e-05, 2.84733523586e-05, 1.51446329255e-05, 2.67962218459e-06, 9.97812549031e-07, 6.33295144326e-07, 5.76995553558e-08, 6.51737497304e-10]
        dmean2: [5.37421158242e-07, 6.39002319076e-05, 9.20268066693e-05, 0.00036409671884, 0.000520218163729, 0.000322402396705, 0.0002108632616, 0.00026143604191, 0.000132813787786, 4.52163767477e-05, 4.92784420203e-05, 4.87414799863e-05, 4.8701200285e-05, 4.12467561546e-05, 3.92682559323e-05, 5.39012798981e-05, 3.70231209672e-05, 7.22761105862e-05, 8.10411947896e-05, 8.91326562851e-05, 4.14026726503e-05, 2.36910072999e-05, 3.7908066588e-06, 1.41413647725e-06, 8.84452333594e-07, 8.01211044177e-08, 1.03241903915e-09]
        dvar: [3.13334969949e-12, 1.06586375281e-08, 1.7622500792e-08, 2.17627786014e-07, 4.39228585947e-07, 7.19483992384e-08, 1.10961686062e-07, 6.93371973171e-08, 6.36055261793e-08, 3.33460814517e-09, 4.93590102124e-09, 9.15926356981e-09, 1.16646239334e-08, 1.59559487845e-09, 2.1997317301e-09, 2.34572272717e-09, 1.93428073558e-09, 1.06508188935e-08, 1.64543507708e-08, 3.84389338137e-08, 8.57115889374e-09, 3.19656767722e-09, 6.60893215154e-11, 7.93919617548e-12, 2.07219506311e-12, 9.17132801046e-15, 4.91882256423e-17]
        dvar2: [7.75480114151e-12, 2.87807697674e-08, 4.70732111069e-08, 6.20928858552e-07, 1.14252134154e-06, 2.07489222248e-07, 2.77625105127e-07, 1.77426699111e-07, 6.88750745326e-08, 6.66367672153e-09, 8.17956724575e-09, 1.24063301854e-08, 2.00094731895e-08, 4.02998701077e-09, 5.16024201147e-09, 6.23419271761e-09, 4.49404868874e-09, 2.48911931067e-08, 4.07529014979e-08, 1.00853569052e-07, 1.89604243417e-08, 7.86903164851e-09, 1.36318498156e-10, 1.68598312394e-11, 4.26712137847e-12, 1.82188892607e-14, 1.23292421736e-16]
        max: [1.94380008907e-05, 0.00107383308932, 0.00142699002754, 0.00459762942046, 0.007296200376, 0.00214226334356, 0.00601743161678, 0.00364584987983, 0.00548184011132, 0.000831550336443, 0.00129040831234, 0.00178072182462, 0.0022113469895, 0.000438872753875, 0.000658918812405, 0.000521077425219, 0.000522734888364, 0.000999892363325, 0.00106267572846, 0.00197529490106, 0.000817632535473, 0.000593882519752, 6.82723257341e-05, 2.29817833315e-05, 1.5205238924e-05, 7.65297158978e-07, 1.03427055365e-07]
        mean: [2.76543801192e-07, 9.7063370049e-05, 0.000109338761831, 0.000269385403953, 0.000571979908273, 0.00035919653601, 0.000189035548829, 0.000408169085858, 0.000239219807554, 6.66128762532e-05, 6.90415909048e-05, 6.8126100814e-05, 6.92138128215e-05, 5.03249939356e-05, 5.56145314476e-05, 6.62156453473e-05, 4.67148420285e-05, 9.41316102399e-05, 8.89035509317e-05, 6.47793785902e-05, 2.84980887955e-05, 1.36091684908e-05, 2.84619477497e-06, 1.13288251669e-06, 7.96245899437e-07, 7.15951173902e-08, 3.85309062434e-10]
        min: [1.18508588359e-11, 1.14452136657e-08, 7.30508453728e-09, 6.86412127138e-09, 1.4189418529e-08, 8.95449403515e-09, 5.08842923352e-09, 4.21389012573e-09, 6.24255003245e-09, 4.37792069263e-09, 3.05522029898e-09, 2.56174015334e-09, 3.58647955778e-09, 7.38270333756e-09, 3.79422715469e-09, 8.43840197717e-09, 7.1155024095e-09, 2.3315026354e-08, 3.42921402385e-09, 9.48700229486e-10, 4.31415264623e-10, 2.68182837049e-10, 1.30837146672e-10, 1.63130273179e-10, 1.1914733089e-10, 4.7173591422e-11, 1.64069875307e-14]
        var: [2.23229442743e-12, 1.44561669302e-08, 2.21920952725e-08, 2.72032650628e-07, 5.93337347254e-07, 1.20183656804e-07, 1.40112859981e-07, 2.46563814699e-07, 4.54077451195e-07, 1.52272292553e-08, 2.5513084978e-08, 3.67767647447e-08, 4.48119159557e-08, 2.57706656015e-09, 5.2869260081e-09, 5.5515112507e-09, 3.66377972405e-09, 1.69345959478e-08, 2.30715748728e-08, 3.08448697695e-08, 8.75329941863e-09, 2.74603251249e-09, 7.76755187948e-11, 9.42564169076e-12, 2.71737124989e-12, 1.43022495702e-14, 2.47008637879e-17]
    mfcc:
        mean: [-780.231262207, 168.838607788, -48.0389709473, 47.4207458496, -6.82877826691, -17.020570755, -7.54335737228, -13.0788431168, -4.95817518234, -1.35184645653, 0.600018978119, -5.27396774292, -4.16021251678]
        cov: [[4550.58300781, -2166.04541016, 714.188964844, -201.238754272, -439.726898193, 243.420913696, 7.80257797241, 18.3902359009, -6.09322738647, -183.343963623, -35.9320373535, -162.200592041, -74.4630279541], [-2166.04541016, 1984.01159668, -893.171447754, 62.5371818542, 107.449279785, -192.395675659, 69.6578369141, -14.950501442, 31.1812839508, 35.7852897644, -38.4638137817, 40.1764144897, 30.5897483826], [714.188964844, -893.171447754, 1344.89038086, -138.825637817, -34.9625701904, 277.792449951, -101.801025391, 116.907974243, 102.372550964, -39.6580734253, 120.161079407, 88.3230895996, 29.3589572906], [-201.238754272, 62.5371818542, -138.825637817, 319.579925537, 135.970077515, -32.0523452759, 44.6171226501, -40.774723053, -41.2791595459, 79.400894165, 1.74886763096, 10.4889726639, -5.88968372345], [-439.726898193, 107.449279785, -34.9625701904, 135.970077515, 287.513183594, 8.75510406494, 11.4098482132, -3.80096030235, -15.618891716, 87.3693618774, 14.7740602493, 39.1863632202, 34.1514968872], [243.420913696, -192.395675659, 277.792449951, -32.0523452759, 8.75510406494, 146.979034424, -2.25558233261, 41.6871948242, 34.1742553711, -10.55975914, 40.1859779358, 13.1770839691, 5.6623544693], [7.80257797241, 69.6578369141, -101.801025391, 44.6171226501, 11.4098482132, -2.25558233261, 108.659126282, 23.8297538757, 17.9843406677, 36.7200584412, 5.52277994156, 3.8008685112, -5.01710796356], [18.3902359009, -14.950501442, 116.907974243, -40.774723053, -3.80096030235, 41.6871948242, 23.8297538757, 82.5271224976, 52.9510803223, -1.5080037117, 12.976442337, 19.3727245331, 16.7235774994], [-6.09322738647, 31.1812839508, 102.372550964, -41.2791595459, -15.618891716, 34.1742553711, 17.9843406677, 52.9510803223, 79.0133743286, -0.368121564388, 18.9742927551, 24.8838043213, 18.5401248932], [-183.343963623, 35.7852897644, -39.6580734253, 79.400894165, 87.3693618774, -10.55975914, 36.7200584412, -1.5080037117, -0.368121564388, 92.5649261475, 26.3759899139, 34.6921577454, 14.1235933304], [-35.9320373535, -38.4638137817, 120.161079407, 1.74886763096, 14.7740602493, 40.1859779358, 5.52277994156, 12.976442337, 18.9742927551, 26.3759899139, 86.2276077271, 40.1739997864, 16.6409397125], [-162.200592041, 40.1764144897, 88.3230895996, 10.4889726639, 39.1863632202, 13.1770839691, 3.8008685112, 19.3727245331, 24.8838043213, 34.6921577454, 40.1739997864, 80.2218704224, 32.896686554], [-74.4630279541, 30.5897483826, 29.3589572906, -5.88968372345, 34.1514968872, 5.6623544693, -5.01710796356, 16.7235774994, 18.5401248932, 14.1235933304, 16.6409397125, 32.896686554, 66.9673690796]]
        icov: [[0.000677063886542, 0.000764595810324, 0.000214175932342, -2.9663564419e-05, 0.000619609782007, -0.000677702191751, -0.000700650271028, 0.000421290198574, -0.000334860407747, 0.000630319642369, 0.000321480649291, 0.000323818676407, -0.000388480402762], [0.000764595810324, 0.00176606466994, 0.000986031023785, -8.07194567187e-07, 0.00025791709777, -0.000450134073617, -0.000601693929639, 0.000355756754288, -0.00154072546866, 0.00143996358383, 0.000127728606458, -0.000659818993881, -0.000201031638426], [0.000214175932342, 0.000986031023785, 0.00232344842516, -4.5702472562e-05, 0.000187712532352, -0.00240906910039, 0.00186701514758, -0.00120985822286, -0.00132274499629, 0.000674546812661, -0.000711747154128, -0.00189545506146, 0.0006470051012], [-2.9663564419e-05, -8.07194567187e-07, -4.5702472562e-05, 0.00504337949678, -0.00172187853605, 0.000252054160228, -0.00177690153942, 0.00192829943262, 0.00113221001811, -0.00215886486694, 0.000267181021627, -0.000136262591695, 0.00081550370669], [0.000619609782007, 0.00025791709777, 0.000187712532352, -0.00172187853605, 0.00697119161487, -0.00275255716406, 0.0011795880273, -0.000854638929013, 0.00182340526953, -0.00481400126591, 0.00186737498734, 2.22699145525e-06, -0.00263781007379], [-0.000677702191751, -0.000450134073617, -0.00240906910039, 0.000252054160228, -0.00275255716406, 0.0143085326999, -0.00135619461071, -0.00259253848344, -0.001145262504, 0.00261677848175, -0.00466926442459, 0.00228005181998, 0.00107551040128], [-0.000700650271028, -0.000601693929639, 0.00186701514758, -0.00177690153942, 0.0011795880273, -0.00135619461071, 0.0163999013603, -0.0067626950331, -0.00224913144484, -0.00713955564424, -0.000892804760952, 0.000554005906451, 0.00302972504869], [0.000421290198574, 0.000355756754288, -0.00120985822286, 0.00192829943262, -0.000854638929013, -0.00259253848344, -0.0067626950331, 0.0262841247022, -0.0124572021887, 0.00197900016792, 0.00280568376184, -0.00070850312477, -0.00272723473608], [-0.000334860407747, -0.00154072546866, -0.00132274499629, 0.00113221001811, 0.00182340526953, -0.001145262504, -0.00224913144484, -0.0124572021887, 0.0268532205373, -0.00109158200212, -0.000591000309214, -0.002669691341, -0.00262560741976], [0.000630319642369, 0.00143996358383, 0.000674546812661, -0.00215886486694, -0.00481400126591, 0.00261677848175, -0.00713955564424, 0.00197900016792, -0.00109158200212, 0.0250253304839, -0.00473526166752, -0.00625133002177, 3.40230399161e-05], [0.000321480649291, 0.000127728606458, -0.000711747154128, 0.000267181021627, 0.00186737498734, -0.00466926442459, -0.000892804760952, 0.00280568376184, -0.000591000309214, -0.00473526166752, 0.0189762748778, -0.00623311847448, -0.00118164927699], [0.000323818676407, -0.000659818993881, -0.00189545506146, -0.000136262591695, 2.22699145525e-06, 0.00228005181998, 0.000554005906451, -0.00070850312477, -0.002669691341, -0.00625133002177, -0.00623311847448, 0.0248966813087, -0.0071187177673], [-0.000388480402762, -0.000201031638426, 0.0006470051012, 0.00081550370669, -0.00263781007379, 0.00107551040128, 0.00302972504869, -0.00272723473608, -0.00262560741976, 3.40230399161e-05, -0.00118164927699, -0.0071187177673, 0.021053224802]]
    spectral_contrast:
        mean: [3.70631880742e-08, 3.58386728294e-07, -5.69417522911e-07, 2.51698537568e-07, -3.31723299496e-07, -2.65737384098e-07, -1.6128782363e-06, -1.48583887949e-06, -1.70114697085e-06, -1.43934175867e-06, 6.8313547672e-06, -2.83673955437e-07]
        var: [0.000435559661128, 0.000897834193893, 0.00132939615287, 0.00146711838897, 0.00273703900166, 0.0072735901922, 0.0564004443586, 0.0921822562814, 0.252523541451, 0.379915624857, 0.823454260826, 2.66984891891]

rhythm:
    beats_loudness:
        dmean: 0.00730378832668
        dmean2: 0.0149304810911
        dvar: 2.61615186901e-05
        dvar2: 7.14669586159e-05
        max: 0.0223528761417
        mean: 0.00733970617875
        min: 0.00107992743142
        var: 3.08950802719e-05
    beats_loudness_bass:
        dmean: 0.111332848668
        dmean2: 0.165823280811
        dvar: 0.00749409291893
        dvar2: 0.0123519496992
        max: 0.388674259186
        mean: 0.133403271437
        min: 0.00620445143431
        var: 0.0114090312272
    bpm: 110.328674316
    bpm_confidence: 0
    first_peak_bpm: 110
    first_peak_spread: 0
    first_peak_weight: 0.941176474094
    onset_rate: 3.97727274895
    second_peak_bpm: 101
    second_peak_spread: 0
    second_peak_weight: 0.0588235296309
    beats_position: [0.413811832666, 0.957355678082, 1.5008995533, 2.04444336891, 2.58798718452, 3.13153100014, 3.67507457733, 4.21861839294, 4.76216220856, 5.30570602417, 5.84924983978, 6.4418296814, 6.98592948914, 7.53003120422, 8.07413101196, 8.61823272705, 9.16233253479, 9.70643424988]
    bpm_estimates: [110.401809692, 110.393959045, 110.43473053, 110.71811676, 109.292678833, 110.447631836, 110.759971619, 110.590423584, 110.319122314, 110.522148132, 110.420188904, 110.188941956, 110.671875, 109.867279053, 109.836479187, 110.082878113, 110.529281616, 110.858436584, 110.480522156, 110.246566772, 109.839187622]
    bpm_intervals: [0.543543815613, 0.543543875217, 0.543543815613, 0.543543815613, 0.543543815613, 0.543543577194, 0.543543815613, 0.543543815613, 0.543543815613, 0.543543815613, 0.592579841614, 0.544099807739, 0.544101715088, 0.544099807739, 0.544101715088, 0.544099807739, 0.544101715088]
    onset_times: [0.0580498874187, 0.394739240408, 0.650158703327, 0.847528338432, 0.917188227177, 1.13777780533, 1.45124721527, 1.68344676495, 2.03174614906, 2.31038546562, 2.5890250206, 2.86766433716, 3.41333341599, 3.56426310539, 3.66875290871, 3.97061228752, 4.22603178024, 4.446621418, 4.49306106567, 4.77170085907, 5.05034017563, 5.32897949219, 5.59600925446, 5.87464857101, 6.15328788757, 6.42031764984, 6.6989569664, 6.98920631409, 7.25623559952, 7.53487539291, 7.80190467834, 8.06893444061, 8.34757328033, 8.62621307373, 8.84680271149, 8.893242836, 9.17188167572, 9.46213150024, 9.72916126251, 9.99619007111]
    rubato_start: []
    rubato_stop: []
    perceptual_tempo: "unknown"

sfx:
    inharmonicity:
        dmean: 0.0496768392622
        dmean2: 0.0865466445684
        dvar: 0.00406373571604
        dvar2: 0.0108664808795
        max: 0.422584176064
        mean: 0.0564349703491
        min: 0
        var: 0.00496940920129
    oddtoevenharmonicenergyratio:
        dmean: 2.20033597946
        dmean2: 4.05744171143
        dvar: 19.9727897644
        dvar2: 58.5494003296
        max: 34.0719070435
        mean: 1.67097520828
        min: 0
        var: 13.885307312
    pitch_after_max_to_before_max_energy_ratio: 2.66764473915
    pitch_centroid: 216.630386353
    pitch_max_to_total: 0.0671296268702
    pitch_min_to_total: 0.349537044764
    tristimulus:
        dmean: [0.196959376335, 0.213536664844, 0.0783262327313]
        dmean2: [0.348626047373, 0.382724702358, 0.139855191112]
        dvar: [0.0343212969601, 0.0388103760779, 0.0073732114397]
        dvar2: [0.0930370762944, 0.106243371964, 0.0203058291227]
        max: [1, 0.980828881264, 0.50310999155]
        mean: [0.393192142248, 0.499536395073, 0.0859443470836]
        min: [0.00564099242911, 0, 0]
        var: [0.0490130037069, 0.0516490153968, 0.00841445475817]

tonal:
    chords_changes_rate: 0.0184331797063
    chords_number_rate: 0.0138248847798
    chords_strength:
        dmean: 0.00720986491069
        dmean2: 0.00535435788333
        dvar: 4.40460353275e-05
        dvar2: 3.52644456143e-05
        max: 0.617461383343
        mean: 0.53354716301
        min: 0.311081469059
        var: 0.00451569259167
    key_strength: 0.62789285183
    tuning_diatonic_strength: 0.435454636812
    tuning_equal_tempered_deviation: 0.0711634159088
    tuning_frequency: 439.491973877
    tuning_nontempered_energy_ratio: 0.639485120773
    hpcp:
        dmean: [0.0852651670575, 0.0585056692362, 0.0478185266256, 0.0503322444856, 0.0520254038274, 0.0786567404866, 0.0913545042276, 0.0744634345174, 0.0694841817021, 0.0453120917082, 0.0455689504743, 0.0964205190539, 0.120244130492, 0.121057286859, 0.117167234421, 0.134427383542, 0.11621222645, 0.0619342140853, 0.0571713522077, 0.0644459351897, 0.108457483351, 0.132713124156, 0.107422173023, 0.100867442787, 0.0863893553615, 0.11649748683, 0.159313648939, 0.151495754719, 0.147850304842, 0.162061437964, 0.152881726623, 0.12686522305, 0.0940176099539, 0.0869575366378, 0.0841314420104, 0.0906248390675]
        dmean2: [0.140927344561, 0.091064542532, 0.0776613280177, 0.0857895091176, 0.0899744331837, 0.13530471921, 0.153600394726, 0.1296338588, 0.121206387877, 0.0801192298532, 0.0773452743888, 0.165796920657, 0.196937769651, 0.208377271891, 0.191780552268, 0.22700330615, 0.196809574962, 0.115631178021, 0.101834222674, 0.110818989575, 0.192095339298, 0.219821721315, 0.188449978828, 0.17091114819, 0.151270791888, 0.20714366436, 0.265437483788, 0.253989577293, 0.256055802107, 0.276554405689, 0.263775229454, 0.221536234021, 0.167898073792, 0.158838316798, 0.150250136852, 0.144039332867]
        dvar: [0.0163889024407, 0.00704007782042, 0.00350667978637, 0.0047200252302, 0.0142763890326, 0.0181219391525, 0.0213944111019, 0.0161396600306, 0.0167779475451, 0.0066693732515, 0.006975219585, 0.022588621825, 0.0298933424056, 0.0246419943869, 0.0188542772084, 0.0383104011416, 0.0248602516949, 0.010440886952, 0.0140660619363, 0.0163886770606, 0.0300927292556, 0.0385132692754, 0.036394353956, 0.0361903049052, 0.0286073945463, 0.0396510511637, 0.0397289320827, 0.0476734191179, 0.0311952270567, 0.0427162349224, 0.0546040870249, 0.0380263850093, 0.0362454801798, 0.0277626477182, 0.027205908671, 0.0230745151639]
        dvar2: [0.0418418832123, 0.0159181635827, 0.0080943480134, 0.0108800875023, 0.0406590625644, 0.0501216575503, 0.0492462255061, 0.0438422001898, 0.0488618537784, 0.0170596484095, 0.0176192205399, 0.0566540881991, 0.0733025744557, 0.0662813261151, 0.0490145348012, 0.0843510180712, 0.0638579279184, 0.0289661940187, 0.0402722917497, 0.0456067025661, 0.0814216583967, 0.0982450023293, 0.096041969955, 0.0849545225501, 0.0740357860923, 0.114467509091, 0.100788779557, 0.0892853662372, 0.0822171494365, 0.0976642370224, 0.123507507145, 0.105616718531, 0.101213008165, 0.0756296366453, 0.076989389956, 0.0539387725294]
        max: [1, 1, 0.425229668617, 0.615768551826, 1, 1, 1, 1, 0.968152761459, 0.779933929443, 0.691820442677, 1, 1, 1, 1, 1, 1, 0.608555614948, 0.792828381062, 0.966993570328, 1, 1, 1, 1, 1, 1, 1, 1, 1, 1, 1, 1, 1, 1, 1, 1]
        mean: [0.145740032196, 0.0934472084045, 0.0724476128817, 0.0689306929708, 0.0572118796408, 0.104344651103, 0.138995915651, 0.104766704142, 0.0713101178408, 0.0508141331375, 0.0589282028377, 0.210003882647, 0.327386200428, 0.200286358595, 0.227679714561, 0.358736246824, 0.201404854655, 0.0504670254886, 0.0505645871162, 0.0655248016119, 0.122813083231, 0.15931263566, 0.130826920271, 0.103951282799, 0.0861214399338, 0.112293303013, 0.330152243376, 0.409083485603, 0.226870924234, 0.326264411211, 0.396374017, 0.180844113231, 0.0954368934035, 0.115446656942, 0.104638680816, 0.130385830998]
        min: [0.000265766866505, 0.000414107518736, 0.000238772612647, 0.000166998113855, 0.000430080865044, 0.000402002449846, 0.000307347771013, 0.000193818385014, 4.4309104851e-05, 0.000214549188968, 0.000741933414247, 0.000997515860945, 0.00107533694245, 0.000578149047215, 0.00158992980141, 0.00127355556469, 0.00140874437056, 0.000663929793518, 0.000177693116711, 0.000283589761239, 0.00048110994976, 0.000590720621403, 0.000543664151337, 0.000224553339649, 0.000143314755405, 8.33589074318e-05, 0.000549486489035, 0.00037990292185, 0.00167651847005, 0.00215147435665, 0.00121967983432, 0.000930387352128, 0.000124061451061, 0.000165824545547, 0.000541515881196, 0.000187984216609]
        var: [0.0282618179917, 0.0124936094508, 0.00567372236401, 0.00668259570375, 0.0108281234279, 0.0215510688722, 0.0344506874681, 0.0158819407225, 0.0126120885834, 0.00570745579898, 0.00641188304871, 0.0487452112138, 0.135010138154, 0.0510631203651, 0.0537065044045, 0.145955353975, 0.0479522608221, 0.00682236393914, 0.00981014315039, 0.0132050476968, 0.0323385559022, 0.0513157993555, 0.0475373230875, 0.036686796695, 0.0233485996723, 0.0306760948151, 0.08744764328, 0.140923947096, 0.0416456460953, 0.11530828476, 0.165660306811, 0.0433493703604, 0.0245012845844, 0.0238608792424, 0.0240396764129, 0.031144971028]
    chords_histogram: [0, 0, 0, 0, 0, 0, 0, 0, 0, 0, 0, 0, 0, 0, 47.4654388428, 0, 11.0599079132, 41.4746551514, 0, 0, 0, 0, 0, 0]
    thpcp: [1, 0.55458343029, 0.797549724579, 0.968931853771, 0.442071408033, 0.233294412494, 0.282208055258, 0.255788087845, 0.318726718426, 0.35625988245, 0.228430658579, 0.177097380161, 0.168500304222, 0.139853805304, 0.255069345236, 0.339773952961, 0.256101042032, 0.174316778779, 0.124214582145, 0.144049331546, 0.513352155685, 0.800291895866, 0.489597767591, 0.556560516357, 0.876926720142, 0.492331922054, 0.123366080225, 0.123604565859, 0.160174638033, 0.300215214491, 0.389437943697, 0.319804936647, 0.254107743502, 0.210522890091, 0.274499714375, 0.80705344677]
    chords_key: "G"
    chords_scale: "major"
    key_key: "F#"
    key_scale: "major"
    chords_progression: ["G", "G", "G", "G", "G", "G", "G", "G", "G", "G", "G", "G", "G", "G", "G", "G", "G", "G", "G", "G", "G", "G", "G", "G", "G", "G", "G", "G", "G", "G", "G", "G", "G", "G", "G", "G", "G", "G", "G", "G", "G", "G", "G", "G", "G", "G", "G", "G", "G", "G", "G", "G", "G", "G", "G", "G", "G", "G", "G", "G", "G", "G", "G", "G", "G", "G", "G", "G", "G", "G", "G", "G", "G", "G", "G", "G", "D", "D", "D", "D", "D", "D", "D", "D", "D", "D", "D", "D", "D", "D", "D", "D", "D", "D", "D", "F#m", "F#m", "F#m", "F#m", "F#m", "F#m", "F#m", "F#m", "F#m", "F#m", "F#m", "F#m", "F#m", "F#m", "F#m", "F#m", "F#m", "F#m", "F#m", "F#m", "F#m", "F#m", "F#m", "F#m", "F#m", "F#m", "F#m", "F#m", "F#m", "F#m", "F#m", "F#m", "F#m", "F#m", "F#m", "F#m", "F#m", "F#m", "F#m", "F#m", "F#m", "F#m", "F#m", "F#m", "F#m", "F#m", "F#m", "F#m", "F#m", "F#m", "F#m", "F#m", "F#m", "F#m", "F#m", "F#m", "F#m", "F#m", "F#m", "F#m", "F#m", "F#m", "F#m", "F#m", "F#m", "F#m", "F#m", "F#m", "F#m", "F#m", "F#m", "F#m", "F#m", "F#m", "F#m", "F#m", "F#m", "F#m", "F#m", "F#m", "F#m", "F#m", "F#m", "F#m", "F#m", "F#m", "F#m", "F#m", "F#m", "F#m", "D", "D", "D", "D", "D", "G", "G", "G", "G", "G", "G", "G", "G", "G", "G", "G", "G", "G", "G", "G", "G", "G", "G", "G", "G", "G", "G", "G", "G", "G", "G", "G"]
