
metadata:
    version:
        essentia: "1.2.2"
    audio_properties:
        analysis_sample_rate: 44100
        bitrate: 128
        channels: 2
        equal_loudness: 1
        length: 10.0310201645
        replay_gain: -11.2044696808
        downmix: "mix"
    tags:
        track: 12
        year: 0
        album: "Splitted by Mp3Splt v. 2.1"
        artist: "From 001.50 To 002.00"
        comment: "http://mp3splt.sf.net"
        genre: ""
        title: "03 Amazed.mp3"

highlevel:
    ballroom:
        all:
            ChaChaCha: 0.135482728481
            Jive: 0.228051021695
            Quickstep: 0.0613169409335
            Rumba-American: 0.0110396668315
            Rumba-International: 0.185782760382
            Rumba-Misc: 0.0369454436004
            Samba: 0.260977685452
            Tango: 0.0129953380674
            VienneseWaltz: 0.0509754531085
            Waltz: 0.0164329707623
        probability: 0.260977685452
        value: "Samba"
    culture:
        all:
            non_western: 0.072088085115
            western: 0.927911937237
        probability: 0.927911937237
        value: "western"
    gender:
        all:
            female: 0.820552706718
            male: 0.179447323084
        probability: 0.820552706718
        value: "female"
    genre_dortmund:
        all:
            alternative: 0.0410602688789
            blues: 0.0993829593062
            electronic: 0.0399915724993
            folkcountry: 0.197004213929
            funksoulrnb: 0.0299614332616
            jazz: 0.202662527561
            pop: 0.132247895002
            raphiphop: 0.0163171365857
            rock: 0.241372004151
        probability: 0.241372004151
        value: "rock"
    genre_electronica:
        all:
            ambient: 0.176429212093
            dnb: 0.132242321968
            house: 0.00732122175395
            techno: 0.00640720780939
            trance: 0.677600026131
        probability: 0.677600026131
        value: "trance"
    genre_rosamerica:
        all:
            cla: 0.0145166832954
            dan: 0.0743951275945
            hip: 0.0236571375281
            jaz: 0.0410532802343
            pop: 0.632460534573
            rhy: 0.0867925137281
            roc: 0.124362193048
            spe: 0.00276252976619
        probability: 0.632460534573
        value: "pop"
    genre_tzanetakis:
        all:
            blu: 0.00426606833935
            cla: 0.00260223960504
            cou: 0.0886545181274
            dis: 0.0220384337008
            hip: 0.0100203687325
            jaz: 0.0299308616668
            met: 0.00464432267472
            pop: 0.605911016464
            reg: 0.104748427868
            roc: 0.127183705568
        probability: 0.605911016464
        value: "pop"
    live_studio:
        all:
            live: 0.241945564747
            studio: 0.758054435253
        probability: 0.758054435253
        value: "studio"
    mood:
        all:
            Cluster1: 0.204832330346
            Cluster2: 0.329880297184
            Cluster3: 0.260105937719
            Cluster4: 0.1016638726
            Cluster5: 0.103517562151
        probability: 0.329880297184
        value: "Cluster2"
    mood_acoustic:
        all:
            acoustic: 0.485980153084
            not_acoustic: 0.514019846916
        probability: 0.514019846916
        value: "not_acoustic"
    mood_aggressive:
        all:
            aggressive: 0.122559957206
            not_aggressive: 0.877440035343
        probability: 0.877440035343
        value: "not_aggressive"
    mood_electronic:
        all:
            electronic: 0.779845416546
            not_electronic: 0.220154553652
        probability: 0.779845416546
        value: "electronic"
    mood_happy:
        all:
            happy: 0.730284631252
            not_happy: 0.26971539855
        probability: 0.730284631252
        value: "happy"
    mood_party:
        all:
            not_party: 0.718928337097
            party: 0.281071692705
        probability: 0.718928337097
        value: "not_party"
    mood_relaxed:
        all:
            not_relaxed: 0.37316942215
            relaxed: 0.62683057785
        probability: 0.62683057785
        value: "relaxed"
    mood_sad:
        all:
            not_sad: 0.474483728409
            sad: 0.525516271591
        probability: 0.525516271591
        value: "sad"
    rhythm:
        all:
            fast: 0.239154681563
            medium: 0.660015940666
            slow: 0.100829392672
        probability: 0.660015940666
        value: "medium"
    speech_music:
        all:
            music: 0.999991118908
            speech: 8.86919588083e-06
        probability: 0.999991118908
        value: "music"
    timbre:
        all:
            bright: 0.889329075813
            dark: 0.110670931637
        probability: 0.889329075813
        value: "bright"
    voice_instrumental:
        all:
            instrumental: 0.161507487297
            voice: 0.838492512703
        probability: 0.838492512703
        value: "voice"

lowlevel:
    average_loudness: 0.93339818716
    barkbands_kurtosis:
        dmean: 1.25447249413
        dmean2: 1.82149779797
        dvar: 8.85929679871
        dvar2: 15.1760730743
        max: 62.5141296387
        mean: 1.07188987732
        min: -1.83152627945
        var: 37.1627082825
    barkbands_skewness:
        dmean: 0.345123231411
        dmean2: 0.519180715084
        dvar: 0.132974982262
        dvar2: 0.266442775726
        max: 7.25066900253
        mean: 0.88062030077
        min: -0.845832645893
        var: 1.19887018204
    barkbands_spread:
        dmean: 4.16539907455
        dmean2: 6.46120548248
        dvar: 23.072057724
        dvar2: 53.8060340881
        max: 65.0147476196
        mean: 29.354473114
        min: 2.8582611084
        var: 146.443939209
    dissonance:
        dmean: 0.0202866028994
        dmean2: 0.0341364741325
        dvar: 0.000508482276928
        dvar2: 0.00126548553817
        max: 0.497113883495
        mean: 0.45077458024
        min: 0.278855055571
        var: 0.00154927326366
    hfc:
        dmean: 1.30867958069
        dmean2: 1.96541416645
        dvar: 10.4294366837
        dvar2: 25.8844261169
        max: 47.5918884277
        mean: 5.03336811066
        min: 0.291428893805
        var: 23.3737449646
    pitch:
        dmean: 258.99017334
        dmean2: 500.678161621
        dvar: 682988.5625
        dvar2: 1806108.375
        max: 4410
        mean: 458.211517334
        min: 87.6739578247
        var: 786295.1875
    pitch_instantaneous_confidence:
        dmean: 0.0693665295839
        dmean2: 0.108259245753
        dvar: 0.00537662906572
        dvar2: 0.0114316362888
        max: 0.899397373199
        mean: 0.537182092667
        min: 0.213323891163
        var: 0.0359691716731
    pitch_salience:
        dmean: 0.0505384206772
        dmean2: 0.0785167142749
        dvar: 0.00206971890293
        dvar2: 0.00486384518445
        max: 0.803877949715
        mean: 0.552344024181
        min: 0.195811972022
        var: 0.0107267005369
    silence_rate_20dB:
        dmean: 0
        dmean2: 0
        dvar: 0
        dvar2: 0
        max: 1
        mean: 1
        min: 1
        var: 0
    silence_rate_30dB:
        dmean: 0
        dmean2: 0
        dvar: 0
        dvar2: 0
        max: 1
        mean: 1
        min: 1
        var: 0
    silence_rate_60dB:
        dmean: 0.0649651959538
        dmean2: 0.12790697813
        dvar: 0.0607448630035
        dvar2: 0.130152001977
        max: 1
        mean: 0.458333343267
        min: 0
        var: 0.248263537884
    spectral_centroid:
        dmean: 164.128875732
        dmean2: 254.398498535
        dvar: 29625.7304688
        dvar2: 64969.8867188
        max: 2472.88330078
        mean: 1093.70092773
        min: 232.274841309
        var: 192519.09375
    spectral_complexity:
        dmean: 1.92540788651
        dmean2: 3.1051402092
        dvar: 5.50492477417
        dvar2: 11.2950286865
        max: 41
        mean: 10.61860466
        min: 2
        var: 28.6266479492
    spectral_crest:
        dmean: 1.70929002762
        dmean2: 2.62296509743
        dvar: 3.29276227951
        dvar2: 8.23957920074
        max: 23.1491374969
        mean: 8.43577289581
        min: 2.59266805649
        var: 24.6916255951
    spectral_decrease:
        dmean: 2.7560115301e-10
        dmean2: 4.27932883573e-10
        dvar: 2.35585200208e-19
        dvar2: 5.67716956958e-19
        max: -1.14540980867e-10
        mean: -1.06882735995e-09
        min: -6.21071549745e-09
        var: 5.60707118255e-19
    spectral_energy:
        dmean: 0.00113765068818
        dmean2: 0.00175593746826
        dvar: 4.32785827797e-06
        dvar2: 1.0453248251e-05
        max: 0.0277573857456
        mean: 0.00449054082856
        min: 0.000459766713902
        var: 1.01821533462e-05
    spectral_energyband_high:
        dmean: 9.1690752015e-05
        dmean2: 0.000137713126605
        dvar: 1.08943027044e-07
        dvar2: 2.67218950967e-07
        max: 0.00467762397602
        mean: 0.000172750544152
        min: 4.42362079411e-06
        var: 1.28457799065e-07
    spectral_energyband_low:
        dmean: 0.000236335385125
        dmean2: 0.000404724065447
        dvar: 4.39415430264e-07
        dvar2: 1.19220226225e-06
        max: 0.00504058878869
        mean: 0.000434826273704
        min: 1.57744616445e-05
        var: 4.16527029756e-07
    spectral_energyband_middle_high:
        dmean: 0.000351195485564
        dmean2: 0.000521535868756
        dvar: 3.10850651886e-07
        dvar2: 7.57098518989e-07
        max: 0.00727225420997
        mean: 0.00144391681533
        min: 2.06338263524e-05
        var: 1.85702003819e-06
    spectral_energyband_middle_low:
        dmean: 0.000751944258809
        dmean2: 0.00117098342162
        dvar: 1.69440738773e-06
        dvar2: 3.84086069971e-06
        max: 0.0156200425699
        mean: 0.00243900925852
        min: 0.000164511759067
        var: 4.63711421617e-06
    spectral_flatness_db:
        dmean: 0.0136294905096
        dmean2: 0.0208068918437
        dvar: 0.00018850172637
        dvar2: 0.000402844685595
        max: 0.282176822424
        mean: 0.156530246139
        min: 0.070320084691
        var: 0.00124415219761
    spectral_flux:
        dmean: 0.00901114009321
        dmean2: 0.014458367601
        dvar: 0.000143878918607
        dvar2: 0.00034476374276
        max: 0.137479111552
        mean: 0.033274628222
        min: 0.00662773521617
        var: 0.000402022589697
    spectral_kurtosis:
        dmean: 1.33946061134
        dmean2: 2.18869137764
        dvar: 2.36656713486
        dvar2: 6.82028913498
        max: 16.2122898102
        mean: 4.44269037247
        min: -0.0238285064697
        var: 5.59899616241
    spectral_rms:
        dmean: 0.000234418301261
        dmean2: 0.00035317329457
        dvar: 1.0870328282e-07
        dvar2: 2.52287748026e-07
        max: 0.00520388083532
        mean: 0.00197718548588
        min: 0.000669740897138
        var: 4.71756948173e-07
    spectral_rolloff:
        dmean: 360.442443848
        dmean2: 619.783447266
        dvar: 263311.65625
        dvar2: 579126.5625
        max: 5103.36914062
        mean: 2294.68994141
        min: 193.798828125
        var: 1251471.125
    spectral_skewness:
        dmean: 0.193313792348
        dmean2: 0.299523800611
        dvar: 0.0354184508324
        dvar2: 0.0858967229724
        max: 2.92321944237
        mean: 1.64094948769
        min: 0.511181652546
        var: 0.189497664571
    spectral_spread:
        dmean: 476178.0625
        dmean2: 647994.625
        dvar: 289599651840
        dvar2: 464009461760
        max: 10381430
        mean: 4870511.5
        min: 1952205.625
        var: 2.43708172698e+12
    spectral_strongpeak:
        dmean: 0.281867474318
        dmean2: 0.478087693453
        dvar: 0.312031626701
        dvar2: 0.874507367611
        max: 5.04517173767
        mean: 0.551970660686
        min: 0.0296852625906
        var: 0.537911653519
    zerocrossingrate:
        dmean: 0.00664358446375
        dmean2: 0.00772465486079
        dvar: 3.9693324652e-05
        dvar2: 4.46038575319e-05
        max: 0.14404296875
        mean: 0.0685626342893
        min: 0.013671875
        var: 0.000616037170403
    barkbands:
        dmean: [3.06852172116e-07, 4.36822592746e-05, 0.00020516544464, 0.000223364739213, 0.000433914130554, 0.000103204984043, 0.000184716060176, 0.000124465572299, 8.64528701641e-05, 9.81659613899e-05, 3.41410232068e-05, 2.8336980904e-05, 3.82285106753e-05, 5.76857091801e-05, 4.65041994175e-05, 8.45480244607e-05, 0.000102520250948, 0.000123385398183, 0.000111408175144, 8.08587210486e-05, 3.91798421333e-05, 1.68852893694e-05, 3.39610596711e-06, 1.31661579417e-06, 8.30919304917e-07, 4.93181140371e-08, 3.83837683859e-10]
        dmean2: [4.88899729589e-07, 7.40313116694e-05, 0.000351348804543, 0.000360212870874, 0.000659208453726, 0.00016242080892, 0.00028100630152, 0.00016995362239, 0.000119216034363, 0.000148420338519, 5.35833096365e-05, 4.19282223447e-05, 5.9349447838e-05, 8.90232622623e-05, 6.45130421617e-05, 0.000136034068419, 0.000165838748217, 0.000207966513699, 0.000177280337084, 0.000129611129523, 6.1367827584e-05, 2.71322915069e-05, 4.76449986309e-06, 1.91768003788e-06, 1.12375573735e-06, 7.45709130001e-08, 6.16342088477e-10]
        dvar: [6.78214591692e-13, 1.07793622917e-08, 3.74409722781e-07, 2.50364053045e-07, 1.0775283954e-06, 6.31051193523e-08, 1.39147886102e-07, 9.62550430472e-08, 8.24567578661e-08, 3.2099499947e-08, 3.76978270822e-09, 2.88808577054e-09, 1.14844986854e-08, 2.19139106861e-08, 1.33566926408e-08, 2.29443912758e-08, 3.96349619791e-08, 7.40979402281e-08, 5.43681721865e-08, 3.47772939335e-08, 1.98861460632e-08, 6.82225165249e-09, 1.08028481993e-10, 1.22878981296e-11, 4.62104746829e-12, 2.48348586298e-14, 2.30609682974e-18]
        dvar2: [1.48051677255e-12, 3.2333268507e-08, 1.01593695945e-06, 6.09814435393e-07, 2.58280601884e-06, 1.59961913937e-07, 3.18294780755e-07, 1.84754327393e-07, 1.53650390189e-07, 6.7875816967e-08, 1.06268513989e-08, 6.01510752318e-09, 2.67603788018e-08, 5.07920070447e-08, 2.56151828637e-08, 5.45028591148e-08, 1.03561788478e-07, 1.92017452605e-07, 1.38482363354e-07, 8.55922550613e-08, 4.93166396609e-08, 1.6994288643e-08, 1.81248877018e-10, 2.56959453715e-11, 7.78355765257e-12, 6.18181788853e-14, 4.62316538312e-18]
        max: [8.76131434779e-06, 0.00106391846202, 0.00481350533664, 0.00491811567917, 0.0117074074224, 0.00361864385195, 0.00463913939893, 0.00461579952389, 0.00426708161831, 0.00257799285464, 0.000732787011657, 0.00076888554031, 0.00142277940176, 0.00200264970772, 0.00209543597884, 0.00160679861438, 0.00288779009134, 0.00354174873792, 0.00346511928365, 0.0018646606477, 0.00198109657504, 0.00122763181571, 0.000143128942, 4.4236832764e-05, 3.02585303871e-05, 2.27875329983e-06, 2.03368681895e-08]
        mean: [1.47312277932e-06, 0.000144276680658, 0.000289118936053, 0.000339247839293, 0.000987444655038, 0.000199165544473, 0.000394687463995, 0.000294720783131, 0.000181389448699, 0.000186555262189, 7.67531528254e-05, 5.89060691709e-05, 7.08252337063e-05, 9.8268938018e-05, 8.36453691591e-05, 0.000150560503243, 0.000186258548638, 0.00025901774643, 0.000229130891967, 0.000160531722941, 6.1519407609e-05, 2.57619194599e-05, 6.78896958561e-06, 2.78787479147e-06, 1.63279173648e-06, 7.4464800548e-08, 3.6054484398e-10]
        min: [6.80057399283e-11, 2.38785787587e-06, 4.18744320996e-06, 5.93954882788e-06, 5.56855047762e-06, 4.28166231359e-06, 1.43599413605e-06, 4.56862579767e-07, 3.02927082885e-06, 9.21360481243e-07, 1.21283846966e-06, 7.36820993552e-07, 1.06161621716e-06, 9.05047386368e-07, 5.04330444073e-07, 1.52849634105e-06, 1.56061332746e-06, 8.8383143293e-07, 3.0555693229e-06, 1.34906269977e-06, 4.16454014385e-07, 1.73336953679e-08, 3.77110076499e-09, 1.02137320823e-09, 7.95112031771e-10, 2.75371895425e-11, 1.78384474618e-13]
        var: [2.35085778968e-12, 1.63923523644e-08, 3.76562809379e-07, 3.04217593339e-07, 2.43815088652e-06, 1.58990829391e-07, 5.66852975226e-07, 4.08648816119e-07, 1.41702841461e-07, 8.71676562042e-08, 6.52858922479e-09, 7.45810968539e-09, 2.24187690634e-08, 3.41829213824e-08, 4.78888857458e-08, 4.75087702512e-08, 8.10161964182e-08, 3.19096329804e-07, 1.01532179997e-07, 6.37224744082e-08, 2.321295689e-08, 6.74222322417e-09, 2.14035580925e-10, 2.51863564726e-11, 1.04779119409e-11, 2.80080117627e-14, 1.97761306873e-18]
    mfcc:
        mean: [-727.985229492, 132.907836914, -36.8294639587, 50.1497306824, -5.48688602448, -5.74052143097, 1.4437584877, 0.154452547431, -0.960167884827, 0.786588191986, -4.69881153107, -6.08424139023, -2.99430155754]
        cov: [[1912.61120605, -843.401489258, 92.8672485352, -6.84768009186, -60.2898864746, -190.210266113, -294.44317627, 105.912689209, -60.9248352051, -106.633247375, 53.8951911926, -126.824775696, -50.8834533691], [-843.401489258, 893.13067627, -486.646881104, -60.7327919006, -4.56969547272, -4.29618120193, 165.336700439, -12.3521766663, 12.3109664917, 80.0046691895, 18.4281196594, 78.9229507446, 70.2149353027], [92.8672485352, -486.646881104, 792.132019043, -161.198608398, 85.9628295898, 79.2811737061, -115.560890198, -78.9963684082, -76.9695892334, 8.39817714691, -46.7355499268, -7.49206638336, -30.0967483521], [-6.84768009186, -60.7327919006, -161.198608398, 425.797576904, -85.3938293457, 13.7257080078, 44.304359436, -27.3799324036, 81.6134643555, -76.5703277588, -65.0410995483, 15.5256853104, -24.2932071686], [-60.2898864746, -4.56969547272, 85.9628295898, -85.3938293457, 153.872070312, -2.85066366196, -40.1182556152, -31.2299518585, 1.18417096138, 20.351852417, -5.17588376999, -0.339424222708, -10.70682621], [-190.210266113, -4.29618120193, 79.2811737061, 13.7257080078, -2.85066366196, 154.198608398, 58.7109565735, -25.7146205902, -4.79963302612, 10.9622220993, -17.0492591858, 0.191179320216, -4.15471363068], [-294.44317627, 165.336700439, -115.560890198, 44.304359436, -40.1182556152, 58.7109565735, 237.649353027, 3.09939575195, 18.2609405518, 22.2756938934, -27.1007995605, 35.8042793274, 11.9154605865], [105.912689209, -12.3521766663, -78.9963684082, -27.3799324036, -31.2299518585, -25.7146205902, 3.09939575195, 145.577789307, -17.6976070404, -29.8854827881, 34.08751297, -56.8257408142, -6.84766292572], [-60.9248352051, 12.3109664917, -76.9695892334, 81.6134643555, 1.18417096138, -4.79963302612, 18.2609405518, -17.6976070404, 108.118637085, 9.18871688843, -14.1730890274, 22.2143058777, -8.53215026855], [-106.633247375, 80.0046691895, 8.39817714691, -76.5703277588, 20.351852417, 10.9622220993, 22.2756938934, -29.8854827881, 9.18871688843, 110.25226593, 10.526424408, 18.7265224457, 18.7700119019], [53.8951911926, 18.4281196594, -46.7355499268, -65.0410995483, -5.17588376999, -17.0492591858, -27.1007995605, 34.08751297, -14.1730890274, 10.526424408, 108.744506836, -20.4866695404, 0.782420635223], [-126.824775696, 78.9229507446, -7.49206638336, 15.5256853104, -0.339424222708, 0.191179320216, 35.8042793274, -56.8257408142, 22.2143058777, 18.7265224457, -20.4866695404, 84.0478439331, 22.2306594849], [-50.8834533691, 70.2149353027, -30.0967483521, -24.2932071686, -10.70682621, -4.15471363068, 11.9154605865, -6.84766292572, -8.53215026855, 18.7700119019, 0.782420635223, 22.2306594849, 71.4230041504]]
        icov: [[0.00183775438927, 0.00246723298915, 0.00157333898824, 0.00079617096344, 0.000696979521308, 0.00124777946621, 0.000934120558668, 0.000277394137811, 0.00126749870833, -9.45692008827e-05, 0.000373486138415, 6.80385619489e-06, 3.54274598067e-05], [0.00246723298915, 0.00589602068067, 0.00402171444148, 0.00191803078633, 0.000375089526642, 0.00110989040695, 0.000591701595113, 0.000759727729019, 0.00270596402697, -0.000889425340574, 0.000873934768606, -0.00171660201158, -0.000514860148542], [0.00157333898824, 0.00402171444148, 0.00477248663083, 0.00212221336551, 1.99280184461e-05, -0.000563112436794, 0.00141684280243, 0.00136032758746, 0.00279990164563, -0.000426872720709, 0.00183326425031, -0.00141665758565, 0.000631885486655], [0.00079617096344, 0.00191803078633, 0.00212221336551, 0.00529368314892, 0.00238714437, -0.000177876238013, 0.000198754278244, 0.00210883258842, -0.00187432859093, 0.00275448313914, 0.00235157646239, 0.00019013453857, 0.000860245956574], [0.000696979521308, 0.000375089526642, 1.99280184461e-05, 0.00238714437, 0.00910008139908, 0.000778958841693, 0.00143521185964, 0.00220869202167, -0.00137004477438, 7.26077487343e-05, 0.00131268519908, 0.0013937210897, 0.00169901596382], [0.00124777946621, 0.00110989040695, -0.000563112436794, -0.000177876238013, 0.000778958841693, 0.0095733711496, -0.00219949753955, 0.00192119658459, 0.000845340546221, -0.000365013809642, -8.10733690741e-05, 0.00287105934694, 2.90062362183e-05], [0.000934120558668, 0.000591701595113, 0.00141684280243, 0.000198754278244, 0.00143521185964, -0.00219949753955, 0.00709941750392, -0.00178818206768, 0.000740210583899, -0.00134356413037, 0.00188644882292, -0.00293048750609, 0.000812781450804], [0.000277394137811, 0.000759727729019, 0.00136032758746, 0.00210883258842, 0.00220869202167, 0.00192119658459, -0.00178818206768, 0.0127475904301, -0.000244490045588, 0.00318345637061, -0.00127658655401, 0.00803781393915, -0.000649034744129], [0.00126749870833, 0.00270596402697, 0.00279990164563, -0.00187432859093, -0.00137004477438, 0.000845340546221, 0.000740210583899, -0.000244490045588, 0.0143296094611, -0.0032744188793, 0.000737516442314, -0.00400514854118, 0.00229285517707], [-9.45692008827e-05, -0.000889425340574, -0.000426872720709, 0.00275448313914, 7.26077487343e-05, -0.000365013809642, -0.00134356413037, 0.00318345637061, -0.0032744188793, 0.0133013045415, -0.00122959550936, 0.00103205745108, -0.00211148709059], [0.000373486138415, 0.000873934768606, 0.00183326425031, 0.00235157646239, 0.00131268519908, -8.10733690741e-05, 0.00188644882292, -0.00127658655401, 0.000737516442314, -0.00122959550936, 0.0123146465048, 0.000680122873746, 0.000798891647719], [6.80385619489e-06, -0.00171660201158, -0.00141665758565, 0.00019013453857, 0.0013937210897, 0.00287105934694, -0.00293048750609, 0.00803781393915, -0.00400514854118, 0.00103205745108, 0.000680122873746, 0.0223347023129, -0.00491330446675], [3.54274598067e-05, -0.000514860148542, 0.000631885486655, 0.000860245956574, 0.00169901596382, 2.90062362183e-05, 0.000812781450804, -0.000649034744129, 0.00229285517707, -0.00211148709059, 0.000798891647719, -0.00491330446675, 0.0174992419779]]
    spectral_contrast:
        mean: [-3.63033876738e-07, 1.04516054478e-07, -6.06789143376e-08, -6.43002408651e-07, 2.53493013247e-08, 4.37279766174e-07, 2.21576797799e-07, 3.68474525203e-06, 2.25354074246e-06, 5.21374295204e-06, -7.23364735222e-07, 2.34911613006e-06]
        var: [0.000681519042701, 0.00116711703595, 0.00162302819081, 0.00257554184645, 0.00375990639441, 0.00590595556423, 0.0542900972068, 0.112617410719, 0.128464698792, 0.200759410858, 0.558002769947, 1.19545602798]

rhythm:
    beats_loudness:
        dmean: 0.00339535530657
        dmean2: 0.00612796004862
        dvar: 8.9532813945e-06
        dvar2: 2.08949259104e-05
        max: 0.0137480171397
        mean: 0.00573969166726
        min: 0.00152902991977
        var: 1.35906102514e-05
    beats_loudness_bass:
        dmean: 0.15269510448
        dmean2: 0.281983971596
        dvar: 0.0138504924253
        dvar2: 0.0371264331043
        max: 0.551317811012
        mean: 0.200418949127
        min: 0.0163926705718
        var: 0.0210456047207
    bpm: 140.449752808
    bpm_confidence: 0
    first_peak_bpm: 141
    first_peak_spread: 0
    first_peak_weight: 0.95454543829
    onset_rate: 3.38948559761
    second_peak_bpm: 133
    second_peak_spread: 0
    second_peak_weight: 0.0454545468092
    beats_position: [0.266634732485, 0.693657398224, 1.12068009377, 1.54770278931, 1.97472560406, 2.40174818039, 2.82877111435, 3.25579357147, 3.68281626701, 4.10983896255, 4.53686189651, 4.96388435364, 5.3909072876, 5.81793022156, 6.26768922806, 6.69509506226, 7.12250041962, 7.54990625381, 7.97731256485, 8.40471839905, 8.83212471008, 9.25953006744, 9.6869354248]
    bpm_estimates: [139.43309021, 141.098892212, 141.003768921, 140.251754761, 141.551895142, 139.359039307]
    bpm_intervals: [0.427022665739, 0.427022695541, 0.427022695541, 0.427022814751, 0.427022576332, 0.42702293396, 0.427022457123, 0.427022695541, 0.427022695541, 0.42702293396, 0.427022457123, 0.42702293396, 0.42702293396, 0.4497590065, 0.427405834198, 0.427405357361, 0.427405834198, 0.427406311035, 0.427405834198, 0.427406311035, 0.427405357361, 0.427405357361]
    onset_times: [0.0580498874187, 0.267029464245, 1.07972788811, 1.35836732388, 1.54412698746, 1.90403628349, 1.98530614376, 2.14784574509, 2.41487526894, 2.53097510338, 2.83283448219, 3.06503391266, 3.14630389214, 3.47138333321, 3.63392281532, 3.68036270142, 4.14476203918, 4.57433128357, 4.96907043457, 5.18966007233, 5.39863967896, 5.83981847763, 6.22294807434, 6.25777769089, 6.6989569664, 7.11691617966, 7.77868461609, 7.95283460617, 8.19664382935, 8.33596324921, 8.4172334671, 8.83519268036, 9.0093421936, 9.682721138]
    rubato_start: []
    rubato_stop: []
    perceptual_tempo: "unknown"

sfx:
    inharmonicity:
        dmean: 0.0255790296942
        dmean2: 0.0451504103839
        dvar: 0.00119240267668
        dvar2: 0.00332680437714
        max: 0.22059905529
        mean: 0.0323592275381
        min: 9.4363160315e-05
        var: 0.00142478209455
    oddtoevenharmonicenergyratio:
        dmean: 3.00480031967
        dmean2: 5.6587228775
        dvar: 282.351409912
        dvar2: 829.898193359
        max: 240.699005127
        mean: 2.33182024956
        min: 0.000745367142372
        var: 155.057907104
    pitch_after_max_to_before_max_energy_ratio: 4.27595710754
    pitch_centroid: 205.085922241
    pitch_max_to_total: 0.206976741552
    pitch_min_to_total: 0.22790697217
    tristimulus:
        dmean: [0.151317209005, 0.167830869555, 0.082956507802]
        dmean2: [0.255924403667, 0.287314176559, 0.142219930887]
        dvar: [0.0260648857802, 0.0295250415802, 0.0074904137291]
        dvar2: [0.0653715059161, 0.0732283368707, 0.0217252802104]
        max: [0.970762848854, 0.953596353531, 0.611350953579]
        mean: [0.416985422373, 0.45617377758, 0.109932906926]
        min: [0.0219649411738, 0, 0]
        var: [0.0512156151235, 0.0512157119811, 0.0118479859084]

tonal:
    chords_changes_rate: 0.0185185186565
    chords_number_rate: 0.0138888889924
    chords_strength:
        dmean: 0.00818478409201
        dmean2: 0.0068767494522
        dvar: 3.93595328205e-05
        dvar2: 4.23326528107e-05
        max: 0.680163681507
        mean: 0.486393243074
        min: 0.347870051861
        var: 0.00850118044764
    key_strength: 0.813167154789
    tuning_diatonic_strength: 0.632601201534
    tuning_equal_tempered_deviation: 0.0517144538462
    tuning_frequency: 440.508575439
    tuning_nontempered_energy_ratio: 0.643852293491
    hpcp:
        dmean: [0.0662166625261, 0.0842509865761, 0.113596208394, 0.118079297245, 0.102343082428, 0.0625869631767, 0.0574418976903, 0.0750463828444, 0.114825427532, 0.1030061692, 0.120481543243, 0.133782103658, 0.111777745187, 0.0999461710453, 0.0638690888882, 0.0695115253329, 0.0663629695773, 0.0988198444247, 0.133410185575, 0.120050750673, 0.0614542104304, 0.0549653358757, 0.0747682377696, 0.0883912071586, 0.0872956439853, 0.0703882500529, 0.0412769839168, 0.044611107558, 0.0534209422767, 0.103244461119, 0.123939879239, 0.102670840919, 0.131262883544, 0.163733899593, 0.155615612864, 0.0926037728786]
        dmean2: [0.122755199671, 0.154296785593, 0.198487594724, 0.199132934213, 0.17016248405, 0.109208792448, 0.103153817356, 0.134048491716, 0.189484521747, 0.157933712006, 0.219716727734, 0.238349348307, 0.200882583857, 0.164372950792, 0.117757424712, 0.12398891151, 0.119233526289, 0.159185752273, 0.223463907838, 0.202662885189, 0.109026670456, 0.0937344655395, 0.131972044706, 0.140477702022, 0.147123932838, 0.116443686187, 0.0718357563019, 0.0814278647304, 0.100605979562, 0.185065045953, 0.213240578771, 0.181365549564, 0.225888103247, 0.278584897518, 0.25636613369, 0.158358082175]
        dvar: [0.0250065810978, 0.0350803807378, 0.0409662984312, 0.0388345867395, 0.029800562188, 0.0212729293853, 0.0157112982124, 0.0248402077705, 0.0342840850353, 0.0199921075255, 0.0431058444083, 0.0483622923493, 0.0418814867735, 0.0378510057926, 0.0206146463752, 0.0289744026959, 0.0255853589624, 0.0244776904583, 0.0347996205091, 0.029984626919, 0.0212772376835, 0.0154655855149, 0.0290949195623, 0.0217611063272, 0.0253755804151, 0.0146858654916, 0.00799026526511, 0.0125488862395, 0.0218356717378, 0.0427797548473, 0.0473622530699, 0.0232335794717, 0.0302815306932, 0.0420365408063, 0.0364547632635, 0.0324054248631]
        dvar2: [0.0694649517536, 0.104447320104, 0.112020283937, 0.0924878269434, 0.076510079205, 0.0586003176868, 0.0447036065161, 0.0746382474899, 0.0969173014164, 0.0415726341307, 0.120763584971, 0.141439184546, 0.118127852678, 0.103358529508, 0.0641520172358, 0.0890945643187, 0.0681160241365, 0.0652398094535, 0.0817563831806, 0.0921036452055, 0.0703820586205, 0.0448349714279, 0.0783313214779, 0.0503037795424, 0.0588679611683, 0.0338225625455, 0.0226532611996, 0.0366218797863, 0.0632846355438, 0.119705066085, 0.125277370214, 0.0593024492264, 0.0710742920637, 0.0999935716391, 0.102924376726, 0.0746860578656]
        max: [1, 1, 1, 1, 1, 1, 1, 1, 1, 1, 1, 1, 1, 1, 1, 1, 1, 1, 1, 1, 1, 1, 1, 1, 1, 1, 0.824120640755, 1, 1, 1, 1, 0.882095754147, 1, 1, 1, 1]
        mean: [0.05872111395, 0.0661873444915, 0.135977476835, 0.201798543334, 0.146559104323, 0.0721289515495, 0.0639960169792, 0.075224250555, 0.189234539866, 0.237648233771, 0.1459672153, 0.230658873916, 0.338906615973, 0.196043416858, 0.0642489790916, 0.068143710494, 0.0641487911344, 0.193797424436, 0.366710335016, 0.237083688378, 0.061805550009, 0.0505333170295, 0.0719211399555, 0.174795821309, 0.220607116818, 0.119848288596, 0.0601571649313, 0.0486642979085, 0.0418232195079, 0.113109722733, 0.175235629082, 0.140989050269, 0.213234722614, 0.347483575344, 0.255877614021, 0.100993588567]
        min: [0.00112691312097, 0.000529362587258, 0.00102386251092, 0.00106679671444, 0.000611336901784, 0.000206727607292, 0.000179347291123, 0.000250195182161, 0.000985975377262, 0.00148399174213, 0.0013227724703, 0.00086695299251, 0.00063860451337, 0.000485141645186, 0.000632786890492, 0.000286880880594, 0.00013606333232, 0.000611408147961, 0.00110504764598, 0.000709569605533, 0.000279543572105, 0.000143413126352, 0.00073522713501, 0.00121978006791, 0.00229143444449, 0.00408705649897, 0.000809117453173, 0.000641815480776, 0.000115865339467, 0.000189178972505, 0.000124536498333, 0.000775760272518, 0.000934941112064, 0.00159004982561, 0.00100793410093, 0.00109585351311]
        var: [0.0199857018888, 0.0241459868848, 0.047533493489, 0.0749965757132, 0.0451745651662, 0.0166159551591, 0.0111382426694, 0.0171807203442, 0.0561382099986, 0.0764056146145, 0.0364217236638, 0.0701896101236, 0.165645539761, 0.0686185732484, 0.0157275162637, 0.0214355438948, 0.0215000025928, 0.0390495955944, 0.10817989707, 0.0472537986934, 0.0189349539578, 0.0127172833309, 0.0258349422365, 0.0653548017144, 0.0996556133032, 0.0273459479213, 0.00719297584146, 0.00777377700433, 0.0128847304732, 0.0316080972552, 0.0553299225867, 0.0329493023455, 0.0458376146853, 0.0919658690691, 0.063849247992, 0.0335903204978]
    chords_histogram: [89.8148117065, 0, 0, 0, 0, 0, 0, 0, 0, 0, 0, 0, 0, 0, 0, 0, 0, 0, 0, 0, 0, 0, 8.79629611969, 1.38888883591]
    thpcp: [1, 0.646514892578, 0.168540522456, 0.137801721692, 0.196125209332, 0.476659119129, 0.601584136486, 0.32682004571, 0.164045453072, 0.132705003023, 0.114049740136, 0.308444321156, 0.477858453989, 0.384469807148, 0.58147996664, 0.947569608688, 0.697764933109, 0.275404274464, 0.16012942791, 0.180489450693, 0.370803505182, 0.550294101238, 0.39965903759, 0.196691900492, 0.174513801932, 0.205132618546, 0.516032755375, 0.648054361343, 0.398045003414, 0.628994762897, 0.924180686474, 0.534600198269, 0.175203621387, 0.185824349523, 0.174930408597, 0.52847546339]
    chords_key: "G#"
    chords_scale: "major"
    key_key: "G#"
    key_scale: "major"
    chords_progression: ["C#", "C#", "Fm", "Fm", "Fm", "C#", "C#", "C#", "C#", "C#", "G#", "G#", "G#", "G#", "G#", "G#", "G#", "G#", "G#", "G#", "G#", "G#", "G#", "G#", "G#", "G#", "G#", "G#", "G#", "G#", "G#", "G#", "G#", "G#", "G#", "G#", "G#", "G#", "G#", "G#", "G#", "G#", "G#", "G#", "G#", "G#", "G#", "G#", "G#", "G#", "G#", "G#", "G#", "G#", "G#", "G#", "G#", "G#", "G#", "G#", "G#", "G#", "G#", "G#", "G#", "G#", "G#", "G#", "G#", "G#", "G#", "G#", "G#", "G#", "G#", "G#", "G#", "G#", "G#", "G#", "G#", "G#", "G#", "G#", "G#", "G#", "G#", "G#", "G#", "G#", "G#", "G#", "G#", "G#", "G#", "G#", "G#", "G#", "G#", "G#", "G#", "G#", "G#", "G#", "G#", "G#", "G#", "G#", "G#", "G#", "G#", "G#", "G#", "G#", "G#", "G#", "G#", "G#", "G#", "G#", "G#", "G#", "G#", "G#", "G#", "G#", "G#", "G#", "G#", "G#", "G#", "G#", "G#", "G#", "G#", "G#", "G#", "G#", "G#", "G#", "G#", "G#", "G#", "G#", "G#", "G#", "G#", "G#", "G#", "G#", "G#", "G#", "G#", "G#", "G#", "G#", "G#", "G#", "G#", "G#", "G#", "G#", "G#", "G#", "G#", "G#", "G#", "G#", "G#", "G#", "G#", "G#", "G#", "G#", "G#", "G#", "G#", "G#", "G#", "G#", "G#", "G#", "G#", "G#", "G#", "G#", "G#", "G#", "G#", "G#", "G#", "G#", "G#", "G#", "G#", "G#", "G#", "G#", "G#", "G#", "G#", "G#", "G#", "G#", "C#", "C#", "C#", "C#", "C#", "C#", "C#", "C#", "C#", "C#", "C#", "C#"]
