
metadata:
    version:
        essentia: "1.2.2"
    audio_properties:
        analysis_sample_rate: 44100
        bitrate: 128
        channels: 2
        equal_loudness: 1
        length: 10.0571432114
        replay_gain: -5.22019958496
        downmix: "mix"
    tags:
        track: 44
        year: 0
        album: "Splitted by Mp3Splt v. 2.1"
        artist: "From 007.10 To 007.20"
        comment: "http://mp3splt.sf.net"
        genre: ""
        title: "07 Useless [The Kruder & Dorfm"

highlevel:
    ballroom:
        all:
            ChaChaCha: 0.0912733599544
            Jive: 0.049819458276
            Quickstep: 0.00984348077327
            Rumba-American: 0.00459569972008
            Rumba-International: 0.322145432234
            Rumba-Misc: 0.0206288285553
            Samba: 0.490052759647
            Tango: 0.00357889686711
            VienneseWaltz: 0.00378670636564
            Waltz: 0.00427536154166
        probability: 0.490052759647
        value: "Samba"
    culture:
        all:
            non_western: 0.98588103056
            western: 0.0141189415008
        probability: 0.98588103056
        value: "non_western"
    gender:
        all:
            female: 0.646401107311
            male: 0.353598892689
        probability: 0.646401107311
        value: "female"
    genre_dortmund:
        all:
            alternative: 0.0284729432315
            blues: 0.00463071605191
            electronic: 0.254558861256
            folkcountry: 0.00210704468191
            funksoulrnb: 0.0108387768269
            jazz: 0.630667746067
            pop: 0.0102291125804
            raphiphop: 0.0154274646193
            rock: 0.0430673211813
        probability: 0.630667746067
        value: "jazz"
    genre_electronica:
        all:
            ambient: 0.164175540209
            dnb: 0.277675241232
            house: 0.284692108631
            techno: 0.218668550253
            trance: 0.0547885745764
        probability: 0.284692108631
        value: "house"
    genre_rosamerica:
        all:
            cla: 0.0141465747729
            dan: 0.451100319624
            hip: 0.0998383685946
            jaz: 0.0563699640334
            pop: 0.036890655756
            rhy: 0.235566616058
            roc: 0.0954623222351
            spe: 0.0106251593679
        probability: 0.451100319624
        value: "dan"
    genre_tzanetakis:
        all:
            blu: 0.0361632294953
            cla: 0.0276021789759
            cou: 0.0146469827741
            dis: 0.0293384417892
            hip: 0.298011392355
            jaz: 0.0516800433397
            met: 0.0452899262309
            pop: 0.147794172168
            reg: 0.206196054816
            roc: 0.143277570605
        probability: 0.298011392355
        value: "hip"
    live_studio:
        all:
            live: 0.164069980383
            studio: 0.835929989815
        probability: 0.835929989815
        value: "studio"
    mood:
        all:
            Cluster1: 0.197883337736
            Cluster2: 0.0218137856573
            Cluster3: 0.0528617687523
            Cluster4: 0.00631045736372
            Cluster5: 0.721130669117
        probability: 0.721130669117
        value: "Cluster5"
    mood_acoustic:
        all:
            acoustic: 0.174362793565
            not_acoustic: 0.825637221336
        probability: 0.825637221336
        value: "not_acoustic"
    mood_aggressive:
        all:
            aggressive: 0.017645323649
            not_aggressive: 0.982354700565
        probability: 0.982354700565
        value: "not_aggressive"
    mood_electronic:
        all:
            electronic: 0.936755657196
            not_electronic: 0.0632443577051
        probability: 0.936755657196
        value: "electronic"
    mood_happy:
        all:
            happy: 0.039271838963
            not_happy: 0.960728168488
        probability: 0.960728168488
        value: "not_happy"
    mood_party:
        all:
            not_party: 0.822184681892
            party: 0.177815318108
        probability: 0.822184681892
        value: "not_party"
    mood_relaxed:
        all:
            not_relaxed: 0.106893226504
            relaxed: 0.893106758595
        probability: 0.893106758595
        value: "relaxed"
    mood_sad:
        all:
            not_sad: 0.28284034133
            sad: 0.717159628868
        probability: 0.717159628868
        value: "sad"
    rhythm:
        all:
            fast: 0.473653495312
            medium: 0.344891726971
            slow: 0.181454777718
        probability: 0.473653495312
        value: "fast"
    speech_music:
        all:
            music: 0.992237627506
            speech: 0.00776236783713
        probability: 0.992237627506
        value: "music"
    timbre:
        all:
            bright: 0.0110604502261
            dark: 0.988939523697
        probability: 0.988939523697
        value: "dark"
    voice_instrumental:
        all:
            instrumental: 0.989849865437
            voice: 0.010150113143
        probability: 0.989849865437
        value: "instrumental"

lowlevel:
    average_loudness: 0.799107432365
    barkbands_kurtosis:
        dmean: 10.0207223892
        dmean2: 15.0750074387
        dvar: 196.171554565
        dvar2: 457.640350342
        max: 148.359924316
        mean: 14.1349925995
        min: -1.90364837646
        var: 366.681121826
    barkbands_skewness:
        dmean: 1.16763067245
        dmean2: 1.71896064281
        dvar: 1.13331055641
        dvar2: 2.33926558495
        max: 9.81586837769
        mean: 2.7299425602
        min: -1.9136133194
        var: 3.43389105797
    barkbands_spread:
        dmean: 12.8909502029
        dmean2: 18.7208576202
        dvar: 162.927139282
        dvar2: 307.272644043
        max: 75.1872634888
        mean: 25.1319904327
        min: 0.611818015575
        var: 442.981933594
    dissonance:
        dmean: 0.0243923850358
        dmean2: 0.036659065634
        dvar: 0.0011621050071
        dvar2: 0.00213320343755
        max: 0.498415708542
        mean: 0.450476109982
        min: 0.0521252304316
        var: 0.00254167080857
    hfc:
        dmean: 1.89990448952
        dmean2: 2.84764122963
        dvar: 15.2432136536
        dvar2: 34.6067428589
        max: 35.2143745422
        mean: 1.96627306938
        min: 0.000916931719985
        var: 16.3836345673
    pitch:
        dmean: 1082.82727051
        dmean2: 2089.29418945
        dvar: 2590320
        dvar2: 4828326
        max: 4900
        mean: 1812.81018066
        min: 72.6523895264
        var: 3536996.5
    pitch_instantaneous_confidence:
        dmean: 0.0970004424453
        dmean2: 0.160955429077
        dvar: 0.00785757228732
        dvar2: 0.0203138943762
        max: 0.690142214298
        mean: 0.419503688812
        min: 0.0999115109444
        var: 0.011681378819
    pitch_salience:
        dmean: 0.0720236897469
        dmean2: 0.120629228652
        dvar: 0.00380053068511
        dvar2: 0.0108717801049
        max: 0.827554881573
        mean: 0.599927902222
        min: 0.277547329664
        var: 0.00667754234746
    silence_rate_20dB:
        dmean: 0
        dmean2: 0
        dvar: 0
        dvar2: 0
        max: 1
        mean: 1
        min: 1
        var: 0
    silence_rate_30dB:
        dmean: 0
        dmean2: 0
        dvar: 0
        dvar2: 0
        max: 1
        mean: 1
        min: 1
        var: 0
    silence_rate_60dB:
        dmean: 0.147465437651
        dmean2: 0.29561200738
        dvar: 0.12571978569
        dvar2: 0.268272101879
        max: 1
        mean: 0.765517234802
        min: 0
        var: 0.179500892758
    spectral_centroid:
        dmean: 355.608032227
        dmean2: 535.297302246
        dvar: 185480.640625
        dvar2: 378421.59375
        max: 3713.14257812
        mean: 712.361877441
        min: 138.524169922
        var: 400795.46875
    spectral_complexity:
        dmean: 2.32794451714
        dmean2: 3.58796286583
        dvar: 21.5645313263
        dvar2: 45.010684967
        max: 33
        mean: 3.97465443611
        min: 0
        var: 25.6007709503
    spectral_crest:
        dmean: 2.8378841877
        dmean2: 4.59775972366
        dvar: 6.20408630371
        dvar2: 16.5086631775
        max: 23.1389980316
        mean: 11.1204252243
        min: 3.99197053909
        var: 12.8445129395
    spectral_decrease:
        dmean: 4.11853801063e-10
        dmean2: 6.18402773434e-10
        dvar: 5.75143022606e-19
        dvar2: 1.33825343024e-18
        max: -1.25721522494e-13
        mean: -6.36600328008e-10
        min: -7.59458274047e-09
        var: 8.17315759965e-19
    spectral_energy:
        dmean: 0.00170546036679
        dmean2: 0.00256376923062
        dvar: 9.42327460507e-06
        dvar2: 2.17026681639e-05
        max: 0.0300491452217
        mean: 0.0025810233783
        min: 5.57669864065e-07
        var: 1.33006906253e-05
    spectral_energyband_high:
        dmean: 0.000147866201587
        dmean2: 0.000219076071517
        dvar: 1.01878384839e-07
        dvar2: 2.28975878258e-07
        max: 0.00290818954818
        mean: 0.000138755189255
        min: 2.88390840097e-08
        var: 1.09553987215e-07
    spectral_energyband_low:
        dmean: 0.000615492870566
        dmean2: 0.000993658322841
        dvar: 1.57709359883e-06
        dvar2: 3.99416194341e-06
        max: 0.0101095084101
        mean: 0.000831167155411
        min: 1.81842537472e-07
        var: 1.52590769176e-06
    spectral_energyband_middle_high:
        dmean: 0.000326294946717
        dmean2: 0.000501183152664
        dvar: 5.12434326083e-07
        dvar2: 1.19380081287e-06
        max: 0.00650318572298
        mean: 0.000291581323836
        min: 1.81672533017e-07
        var: 5.11596340402e-07
    spectral_energyband_middle_low:
        dmean: 0.000851399381645
        dmean2: 0.00124019663781
        dvar: 3.09755137096e-06
        dvar2: 6.67249378239e-06
        max: 0.0187575519085
        mean: 0.00131930515636
        min: 1.02035137672e-07
        var: 5.87842077948e-06
    spectral_flatness_db:
        dmean: 0.0421260148287
        dmean2: 0.0597502551973
        dvar: 0.00146608543582
        dvar2: 0.00326433288865
        max: 0.405508875847
        mean: 0.213830664754
        min: 0.0754997059703
        var: 0.00452154688537
    spectral_flux:
        dmean: 0.0120179606602
        dmean2: 0.0177363604307
        dvar: 0.00022171389719
        dvar2: 0.000464445183752
        max: 0.125707745552
        mean: 0.0255745109171
        min: 0.00179297034629
        var: 0.000477024324937
    spectral_kurtosis:
        dmean: 1.96522605419
        dmean2: 2.76563167572
        dvar: 8.44355869293
        dvar2: 13.0953407288
        max: 36.24376297
        mean: 3.71868157387
        min: -0.170533418655
        var: 21.1722011566
    spectral_rms:
        dmean: 0.000442949763965
        dmean2: 0.000620077422354
        dvar: 3.04730292555e-07
        dvar2: 6.15389240011e-07
        max: 0.00541444728151
        mean: 0.00132601708174
        min: 2.33252685575e-05
        var: 7.5975128766e-07
    spectral_rolloff:
        dmean: 929.557373047
        dmean2: 1623.01452637
        dvar: 1679831.75
        dvar2: 3248019.5
        max: 5598.6328125
        mean: 1426.15380859
        min: 150.732421875
        var: 2690008.25
    spectral_skewness:
        dmean: 0.391493022442
        dmean2: 0.514285027981
        dvar: 0.168012678623
        dvar2: 0.304346114397
        max: 5.23664426804
        mean: 1.5372658968
        min: 0.58699285984
        var: 0.568893015385
    spectral_spread:
        dmean: 1288661.875
        dmean2: 1926127.375
        dvar: 1.87030791782e+12
        dvar2: 3.65028887757e+12
        max: 15273751
        mean: 6790525
        min: 2388346.5
        var: 3.88867581542e+12
    spectral_strongpeak:
        dmean: 0.0850264132023
        dmean2: 0.134755969048
        dvar: 0.0265777278692
        dvar2: 0.0656937733293
        max: 1.88561415672
        mean: 0.165406823158
        min: 0
        var: 0.0430107861757
    zerocrossingrate:
        dmean: 0.0170390978456
        dmean2: 0.0176719389856
        dvar: 0.000214360086829
        dvar2: 0.000240312234382
        max: 0.1630859375
        mean: 0.0513381622732
        min: 0.00390625
        var: 0.00109287363011
    barkbands:
        dmean: [3.7145296119e-06, 0.000277539365925, 0.000455098983366, 0.000286375463475, 0.000369864603272, 0.000206738797715, 2.35911757045e-05, 2.31903595704e-05, 2.17255910684e-05, 1.50853511514e-05, 9.08662332222e-06, 2.68991880148e-06, 3.8456942093e-06, 5.29753424416e-06, 9.10675498744e-06, 1.86255801964e-05, 3.57788230758e-05, 5.20033172506e-05, 0.000138346091262, 9.83017671388e-05, 7.34377026674e-05, 2.46629679168e-05, 5.51065659238e-06, 3.0114429137e-06, 2.32358956964e-06, 1.85452151413e-07, 1.73275238602e-09]
        dmean2: [4.73738145956e-06, 0.00046463162289, 0.000793795159552, 0.000513518578373, 0.000508977274876, 0.000269951036898, 3.72603026335e-05, 4.05823411711e-05, 3.60617086699e-05, 2.26588654186e-05, 1.41453292599e-05, 4.54240853287e-06, 6.53139932183e-06, 9.04925400391e-06, 1.5308994989e-05, 3.0292709198e-05, 5.72302451474e-05, 8.31702564028e-05, 0.000214927014895, 0.000149478859385, 0.00011370285938, 3.76298849005e-05, 8.36738126964e-06, 4.80832841276e-06, 3.75085028281e-06, 3.09909353291e-07, 2.80024980981e-09]
        dvar: [8.16879688892e-11, 1.8075846242e-07, 1.38640996283e-06, 7.41723397368e-07, 6.75412707096e-07, 3.44157399468e-07, 4.08090450321e-09, 1.65542690667e-08, 6.34912566966e-09, 5.35486499587e-09, 2.63964450298e-09, 3.66752704595e-11, 8.41347061464e-11, 1.14618967095e-10, 3.69967861902e-10, 1.71155845052e-09, 7.31300442425e-09, 1.40476350552e-08, 1.23031099974e-07, 4.90305573919e-08, 2.99902289669e-08, 2.91938073715e-09, 1.1282483281e-10, 2.97337258981e-11, 1.87657753919e-11, 1.28590822886e-13, 1.78907255094e-16]
        dvar2: [1.81135093036e-10, 4.61237391391e-07, 3.76678167413e-06, 2.0281909201e-06, 1.27455450638e-06, 5.80542348416e-07, 1.08617124184e-08, 4.6713559243e-08, 1.82885742106e-08, 1.28315731374e-08, 6.81189016305e-09, 9.92001966682e-11, 2.24786689262e-10, 2.88604529164e-10, 9.5303387404e-10, 4.28156399224e-09, 1.80085759638e-08, 3.42569848044e-08, 2.97878472111e-07, 1.05239038817e-07, 7.3283594304e-08, 7.12518888335e-09, 2.51300813492e-10, 7.20400197829e-11, 4.7352073651e-11, 3.25496194668e-13, 4.4520739922e-16]
        max: [0.000117481060443, 0.00263503426686, 0.00955382082611, 0.00806222949177, 0.00952015072107, 0.00878630951047, 0.000666886509862, 0.00158535665832, 0.000905356020667, 0.000964506878518, 0.00087094452465, 4.44402394351e-05, 7.98394830781e-05, 8.15598905319e-05, 0.000142890392453, 0.000320504739648, 0.000924354302697, 0.00116718385834, 0.00280075753108, 0.00231442996301, 0.00159746175632, 0.000511006393936, 8.52801458677e-05, 4.01570905524e-05, 2.3571858037e-05, 2.52869017459e-06, 1.98104288529e-07]
        mean: [5.1394727052e-06, 0.000376842363039, 0.000449401471997, 0.000302116706735, 0.000629767484497, 0.000321506231558, 2.64652971964e-05, 1.90499649761e-05, 2.00664180738e-05, 1.47115906657e-05, 8.48491254146e-06, 2.23235952035e-06, 3.13208238367e-06, 4.35718357039e-06, 7.16324711902e-06, 1.48888193507e-05, 3.06761503452e-05, 4.43033204647e-05, 0.000114551949082, 9.02850079001e-05, 6.44951578579e-05, 2.20075344259e-05, 4.951495157e-06, 2.47393154496e-06, 1.81790039733e-06, 1.35239432097e-07, 1.04467900996e-09]
        min: [3.99845800914e-09, 9.58763024528e-08, 5.09662427817e-08, 3.80143916345e-08, 4.46126939835e-08, 7.81162778907e-09, 4.79114259377e-09, 1.83285364663e-09, 1.57303858828e-09, 1.0737528644e-09, 7.48216988367e-10, 1.43958817089e-10, 2.92195101448e-10, 3.63880897636e-10, 3.05083669438e-09, 4.81937423302e-09, 2.35021757611e-09, 2.1539428019e-08, 2.24008189775e-08, 9.02728114482e-09, 1.99685779023e-08, 3.82636367036e-09, 6.85214385232e-10, 2.38590869284e-10, 3.25712595783e-10, 8.70736122094e-11, 2.24319884499e-13]
        var: [9.11588859953e-11, 2.07804575325e-07, 1.00253942037e-06, 5.25965106135e-07, 1.64379014223e-06, 8.85000417838e-07, 3.66979358013e-09, 1.01232862093e-08, 4.1478056545e-09, 5.43316991397e-09, 2.38607245073e-09, 2.74994367555e-11, 6.42436936982e-11, 1.01865384183e-10, 3.03511910049e-10, 1.49829038065e-09, 6.65038779601e-09, 1.28129844512e-08, 1.10524482011e-07, 5.41453921699e-08, 2.71748170633e-08, 2.7985791462e-09, 1.22182625129e-10, 2.74117499532e-11, 1.5875023518e-11, 1.0160332997e-13, 9.17662127817e-17]
    mfcc:
        mean: [-843.637329102, 98.4366149902, 19.9650859833, 94.6599884033, 5.85201835632, 2.44319224358, 2.84242320061, -1.82765138149, 2.7367208004, -4.5181646347, -4.75547409058, -6.60211992264, -6.29693078995]
        cov: [[8697.05078125, -645.687072754, -833.990356445, -420.485290527, -314.037384033, -75.0228805542, 57.8121643066, 260.663726807, 199.509414673, 232.515426636, 158.469421387, 32.4046974182, -21.5946063995], [-645.687072754, 1556.96411133, 181.377929688, -232.312072754, -266.963470459, -117.865310669, -15.3620929718, -19.8952732086, -64.7554702759, -69.2400054932, -86.6549072266, -63.5814666748, -45.9710006714], [-833.990356445, 181.377929688, 417.354492188, 151.107162476, 44.0187454224, -42.2310905457, -22.4309329987, -46.0954360962, -33.271282196, -50.841053009, -31.7750892639, -15.6972408295, -15.8147296906], [-420.485290527, -232.312072754, 151.107162476, 483.860412598, 197.139312744, 69.0097732544, -0.788974106312, 14.8526258469, 21.7855892181, 52.8552474976, 51.4570465088, 45.426612854, 70.2412719727], [-314.037384033, -266.963470459, 44.0187454224, 197.139312744, 237.805450439, 113.75605011, 31.7496948242, 10.8438796997, 18.4971599579, 29.4253463745, 41.2571601868, 41.1265640259, 16.9690551758], [-75.0228805542, -117.865310669, -42.2310905457, 69.0097732544, 113.75605011, 115.251251221, 55.0304069519, 30.2299423218, 25.7234096527, 32.2319068909, 31.4077701569, 29.9496421814, 18.6100559235], [57.8121643066, -15.3620929718, -22.4309329987, -0.788974106312, 31.7496948242, 55.0304069519, 75.2279815674, 44.0012435913, 31.0580921173, 27.4692325592, 19.367931366, 17.5918579102, 12.7843132019], [260.663726807, -19.8952732086, -46.0954360962, 14.8526258469, 10.8438796997, 30.2299423218, 44.0012435913, 92.3880004883, 63.1925964355, 56.736164093, 43.3653335571, 26.6426849365, 13.8373785019], [199.509414673, -64.7554702759, -33.271282196, 21.7855892181, 18.4971599579, 25.7234096527, 31.0580921173, 63.1925964355, 75.9110031128, 63.5166931152, 48.971824646, 29.1773147583, 13.7859964371], [232.515426636, -69.2400054932, -50.841053009, 52.8552474976, 29.4253463745, 32.2319068909, 27.4692325592, 56.736164093, 63.5166931152, 95.1646270752, 72.1137237549, 44.3520584106, 23.9400062561], [158.469421387, -86.6549072266, -31.7750892639, 51.4570465088, 41.2571601868, 31.4077701569, 19.367931366, 43.3653335571, 48.971824646, 72.1137237549, 90.6021652222, 53.5412940979, 18.5608406067], [32.4046974182, -63.5814666748, -15.6972408295, 45.426612854, 41.1265640259, 29.9496421814, 17.5918579102, 26.6426849365, 29.1773147583, 44.3520584106, 53.5412940979, 59.1764793396, 25.6240997314], [-21.5946063995, -45.9710006714, -15.8147296906, 70.2412719727, 16.9690551758, 18.6100559235, 12.7843132019, 13.8373785019, 13.7859964371, 23.9400062561, 18.5608406067, 25.6240997314, 50.2314186096]]
        icov: [[0.000171783874976, 8.85501722223e-05, 0.000257264997344, -1.957938548e-05, 0.000213777500903, 0.000233788465266, -0.000103014230262, -0.000340790633345, 0.000105984843685, -0.00024087325437, -7.39370589145e-05, 6.48339191684e-05, 0.000304487184621], [8.85501722223e-05, 0.0010326722404, -0.000647290202323, 0.000230830119108, 0.00150510610547, -0.00070577772567, -3.08505696012e-06, -0.00099927932024, 0.00147076067515, -0.000947644060943, 0.000479978101794, -0.000165989709785, 0.000440980715211], [0.000257264997344, -0.000647290202323, 0.00493700476363, -0.00233834073879, -0.00142060325015, 0.00466634193435, -0.0030935970135, 0.00184788496699, -0.00238638720475, 0.00302295247093, -0.000181080686161, -0.00140206411015, 0.003368136473], [-1.957938548e-05, 0.000230830119108, -0.00233834073879, 0.00588364247233, -0.00419477466494, -0.000155999427079, 0.00358990090899, -0.00219141528942, 0.00226344750263, -0.00322218169458, -0.000744222314097, 0.00357069331221, -0.00822791364044], [0.000213777500903, 0.00150510610547, -0.00142060325015, -0.00419477466494, 0.0165577922016, -0.0140085499734, 0.00175332196523, 0.00115230469964, 0.000127626713947, 0.000943462830037, 8.534360677e-05, -0.00541007006541, 0.00796425063163], [0.000233788465266, -0.00070577772567, 0.00466634193435, -0.000155999427079, -0.0140085499734, 0.0317911654711, -0.0165023822337, 0.00121295917779, -7.79085821705e-05, 0.000223940427531, -0.000645894149784, -0.000323494634358, -0.00171979528386], [-0.000103014230262, -3.08505696012e-06, -0.0030935970135, 0.00358990090899, 0.00175332196523, -0.0165023822337, 0.0309900455177, -0.0108793210238, -0.000221150359721, -0.00154377694707, 0.00272937351838, 0.000675829709508, -0.00596653064713], [-0.000340790633345, -0.00099927932024, 0.00184788496699, -0.00219141528942, 0.00115230469964, 0.00121295917779, -0.0108793210238, 0.0322659388185, -0.0212189015001, 0.000544366659597, -0.00122397765517, -0.00124774221331, 0.00227981316857], [0.000105984843685, 0.00147076067515, -0.00238638720475, 0.00226344750263, 0.000127626713947, -7.79085821705e-05, -0.000221150359721, -0.0212189015001, 0.0476168766618, -0.0209710355848, -0.000775213353336, 0.00181427167263, -0.000350396061549], [-0.00024087325437, -0.000947644060943, 0.00302295247093, -0.00322218169458, 0.000943462830037, 0.000223940427531, -0.00154377694707, 0.000544366659597, -0.0209710355848, 0.0448118746281, -0.0211942251772, -0.000957065203693, -0.00295403669588], [-7.39370589145e-05, 0.000479978101794, -0.000181080686161, -0.000744222314097, 8.534360677e-05, -0.000645894149784, 0.00272937351838, -0.00122397765517, -0.000775213353336, -0.0211942251772, 0.0422004722059, -0.0244903489947, 0.00845763739198], [6.48339191684e-05, -0.000165989709785, -0.00140206411015, 0.00357069331221, -0.00541007006541, -0.000323494634358, 0.000675829709508, -0.00124774221331, 0.00181427167263, -0.000957065203693, -0.0244903489947, 0.0480369962752, -0.0189364980906], [0.000304487184621, 0.000440980715211, 0.003368136473, -0.00822791364044, 0.00796425063163, -0.00171979528386, -0.00596653064713, 0.00227981316857, -0.000350396061549, -0.00295403669588, 0.00845763739198, -0.0189364980906, 0.0398842804134]]
    spectral_contrast:
        mean: [6.24531196536e-07, 9.2009948105e-08, 2.83351681674e-07, 2.44079473077e-07, -2.60598653767e-08, 1.26556869873e-07, -2.5489912332e-06, 2.49515483119e-06, -3.98266138291e-06, 2.34435773905e-07, -7.68130803408e-07, -2.28640124078e-06]
        var: [0.000133249646751, 0.000378521624953, 0.000968418142293, 0.00141946400981, 0.00460905674845, 0.00991637445986, 0.0616398304701, 0.110541030765, 0.173753723502, 0.324449211359, 0.693278074265, 4.53684568405]

rhythm:
    beats_loudness:
        dmean: 0.00267020077445
        dmean2: 0.00463578803465
        dvar: 6.74052625982e-06
        dvar2: 1.77263009391e-05
        max: 0.0112758064643
        mean: 0.00332382554188
        min: 0.000495176878758
        var: 7.66787707107e-06
    beats_loudness_bass:
        dmean: 0.23127682507
        dmean2: 0.367421388626
        dvar: 0.0170619599521
        dvar2: 0.0588527210057
        max: 0.82219940424
        mean: 0.514344453812
        min: 0.252130240202
        var: 0.0360370203853
    bpm: 78.6607131958
    bpm_confidence: 0
    first_peak_bpm: 157
    first_peak_spread: 0
    first_peak_weight: 0.555555582047
    onset_rate: 5.26988649368
    second_peak_bpm: 79
    second_peak_spread: 0
    second_peak_weight: 0.388888895512
    beats_position: [0.266427367926, 1.02919816971, 1.7919690609, 2.55473995209, 3.31751060486, 4.08028125763, 4.8430519104, 5.60582256317, 6.01367855072, 6.39545965195, 6.77724075317, 7.1590218544, 7.54080343246, 7.92258501053, 8.30436611176, 8.68614768982, 9.06792926788, 9.44971084595, 9.83149242401]
    bpm_estimates: [78.6498794556, 78.5996551514, 78.8495330811, 78.6223449707, 78.5092849731, 78.638053894, 78.7562103271]
    bpm_intervals: [0.76277077198, 0.76277089119, 0.76277089119, 0.762770652771, 0.762770652771, 0.762770652771, 0.762770652771, 0.407855987549, 0.381781101227, 0.381781101227, 0.381781101227, 0.381781578064, 0.381781578064, 0.381781101227, 0.381781578064, 0.381781578064, 0.381781578064, 0.381781578064]
    onset_times: [0.0580498874187, 0.243809521198, 0.429569154978, 0.626938760281, 0.824308395386, 1.01006805897, 1.19582772255, 1.38158726692, 1.59056687355, 1.764716506, 2.14784574509, 2.35682535172, 2.55419492722, 2.76317453384, 2.90249443054, 3.12308382988, 3.30884361267, 3.50621318817, 3.69197273254, 3.87773251534, 4.06349229813, 4.20281171799, 4.34213161469, 4.46984148026, 4.65560102463, 4.80653047562, 4.95746040344, 5.07356023788, 5.21287965775, 5.44507932663, 5.61922883987, 5.8282084465, 5.97913837433, 6.1648979187, 6.37387752533, 6.57124710083, 6.76861667633, 6.96598625183, 7.1517457962, 7.33750581741, 7.51165533066, 7.73224496841, 7.90639448166, 8.28952407837, 8.498503685, 8.68426322937, 8.893242836, 9.04417228699, 9.25315189362, 9.45052146912, 9.63628101349, 9.83365058899, 10.0194101334]
    rubato_start: [6.01367855072]
    rubato_stop: [6.39545965195]
    perceptual_tempo: "unknown"

sfx:
    inharmonicity:
        dmean: 0.0387356281281
        dmean2: 0.0671782195568
        dvar: 0.00219123996794
        dvar2: 0.00621819728985
        max: 0.320233464241
        mean: 0.0357498899102
        min: 0
        var: 0.00224514282309
    oddtoevenharmonicenergyratio:
        dmean: 2.39557123184
        dmean2: 4.52131748199
        dvar: 98.8905563354
        dvar2: 288.780029297
        max: 125.002571106
        mean: 1.55129146576
        min: 0
        var: 53.2644309998
    pitch_after_max_to_before_max_energy_ratio: 41.7345848083
    pitch_centroid: 220.02671814
    pitch_max_to_total: 0.0207373276353
    pitch_min_to_total: 0.96543776989
    tristimulus:
        dmean: [0.277009546757, 0.272273689508, 0.149630576372]
        dmean2: [0.488823533058, 0.47569039464, 0.261229425669]
        dvar: [0.0632343813777, 0.0603884682059, 0.0289434995502]
        dvar2: [0.147214740515, 0.146937072277, 0.073718726635]
        max: [1, 0.982882082462, 0.825773715973]
        mean: [0.477169901133, 0.339143425226, 0.144456461072]
        min: [0.00341701274738, 0, 0]
        var: [0.102142333984, 0.0826401785016, 0.0344222076237]

tonal:
    chords_changes_rate: 0.110091745853
    chords_number_rate: 0.0321100912988
    chords_strength:
        dmean: 0.0136226732284
        dmean2: 0.0144370365888
        dvar: 0.000108043488581
        dvar2: 0.00013982654491
        max: 0.615301012993
        mean: 0.423462182283
        min: 0.266638845205
        var: 0.00614055572078
    key_strength: 0.461187601089
    tuning_diatonic_strength: 0.413764804602
    tuning_equal_tempered_deviation: 0.121498383582
    tuning_frequency: 438.984558105
    tuning_nontempered_energy_ratio: 0.782832562923
    hpcp:
        dmean: [0.110932700336, 0.0880482420325, 0.0844866558909, 0.0993296653032, 0.103822357953, 0.146036580205, 0.180166214705, 0.1403888762, 0.111985683441, 0.0971224829555, 0.0808864161372, 0.111040011048, 0.124157518148, 0.117800720036, 0.141867280006, 0.145165398717, 0.18078263104, 0.134200274944, 0.095061480999, 0.0879419669509, 0.107267521322, 0.138976737857, 0.116101190448, 0.0788793936372, 0.0561430715024, 0.0388963855803, 0.0386385805905, 0.0436855852604, 0.0450384020805, 0.0559136010706, 0.0726604387164, 0.109768584371, 0.176696464419, 0.188964441419, 0.146965399384, 0.128578186035]
        dmean2: [0.183044239879, 0.15397079289, 0.154755949974, 0.178573474288, 0.182559132576, 0.247041866183, 0.30951821804, 0.247041106224, 0.207236096263, 0.180007711053, 0.145937696099, 0.19826439023, 0.22556899488, 0.219098970294, 0.242720991373, 0.238795086741, 0.30118277669, 0.235076218843, 0.170486271381, 0.161816731095, 0.179071173072, 0.229813277721, 0.181244373322, 0.139006361365, 0.103624783456, 0.070932097733, 0.0692578405142, 0.0808940976858, 0.0833831652999, 0.0995970219374, 0.129443988204, 0.192971423268, 0.288327544928, 0.32461053133, 0.268217325211, 0.219095140696]
        dvar: [0.0360085330904, 0.0239720195532, 0.0361177735031, 0.0451024547219, 0.0372007116675, 0.0476786717772, 0.0596738941967, 0.0353757068515, 0.043141040951, 0.0395265705884, 0.030746370554, 0.051713924855, 0.0567077435553, 0.0476446002722, 0.0411565154791, 0.0625832751393, 0.0578235052526, 0.0422782190144, 0.0311511028558, 0.0272260122001, 0.0285941585898, 0.0468305461109, 0.0295676607639, 0.0269740782678, 0.0123856514692, 0.00508643779904, 0.0105127496645, 0.0119410194457, 0.0144995776936, 0.0209076292813, 0.0279845781624, 0.0385607928038, 0.0564950741827, 0.0739144086838, 0.0413076467812, 0.0409524179995]
        dvar2: [0.0824522674084, 0.0657694414258, 0.101196937263, 0.125246599317, 0.0978862717748, 0.112576074898, 0.140239238739, 0.102751404047, 0.124659664929, 0.108630478382, 0.0821911022067, 0.136595860124, 0.146195009351, 0.129646062851, 0.103866584599, 0.115707330406, 0.124117091298, 0.115904837847, 0.0792605057359, 0.0746442228556, 0.0620437115431, 0.0814862698317, 0.0613445043564, 0.0684334561229, 0.034264344722, 0.0138450143859, 0.0315917693079, 0.0356472544372, 0.0433703958988, 0.0594067648053, 0.069617241621, 0.103088103235, 0.116826713085, 0.149055987597, 0.109706558287, 0.108050309122]
        max: [1, 1, 1, 1, 1, 1, 1, 1, 0.978289306164, 1, 1, 1, 1, 1, 1, 1, 1, 1, 1, 0.863329529762, 1, 1, 1, 0.960525929928, 0.612068593502, 0.481167256832, 1, 0.887516319752, 0.886089742184, 1, 1, 1, 1, 1, 1, 1]
        mean: [0.145342499018, 0.0828949436545, 0.0594259984791, 0.067081220448, 0.0781907588243, 0.18265594542, 0.25967258215, 0.163255363703, 0.0803689137101, 0.0646738111973, 0.0572904720902, 0.075680822134, 0.088469773531, 0.0818339064717, 0.178312078118, 0.325655966997, 0.259345978498, 0.114878334105, 0.0700980052352, 0.0574250072241, 0.136304989457, 0.231736823916, 0.160352066159, 0.0597516037524, 0.037733938545, 0.0293325576931, 0.0342582352459, 0.0368601381779, 0.0328564532101, 0.0389913953841, 0.0516830421984, 0.0928587689996, 0.23637008667, 0.266694962978, 0.140248939395, 0.13406355679]
        min: [0, 0, 0, 0, 0, 0, 7.54646316636e-05, 9.03325417312e-05, 9.22851395444e-05, 6.00690909778e-05, 7.10744061507e-05, 0, 0, 0, 0.000224760486162, 0.000352393341018, 0.000398265838157, 0.000142738150316, 5.46605988347e-05, 0, 0, 0, 0, 0, 0, 0, 0.000187046825886, 0.000217165899812, 0.000177055277163, 4.16091861553e-05, 4.37769194832e-05, 3.65939195035e-05, 5.48757634533e-05, 7.54481734475e-05, 0.000353564711986, 0]
        var: [0.0657689794898, 0.0211685039103, 0.0228615701199, 0.0292688515037, 0.0284739341587, 0.0667581483722, 0.115764856339, 0.0428362451494, 0.0290455240756, 0.025612551719, 0.0210880897939, 0.0363191775978, 0.0407714135945, 0.0306066945195, 0.0640922561288, 0.173746734858, 0.108015954494, 0.0385007038713, 0.0240679364651, 0.0182226374745, 0.0400477051735, 0.104743950069, 0.0528305917978, 0.020022412762, 0.007987620309, 0.00370776280761, 0.00625630142167, 0.00674508977681, 0.00806429143995, 0.013763348572, 0.0217918884009, 0.0288700405508, 0.114391222596, 0.136524483562, 0.038974583149, 0.052141815424]
    chords_histogram: [0.917431175709, 18.3486232758, 21.1009178162, 1.37614679337, 0, 0, 0, 0, 0, 0, 4.58715581894, 0, 0, 9.17431163788, 0, 0, 0, 0.458715587854, 0, 0, 29.3577976227, 0, 14.6788988113, 0]
    thpcp: [1, 0.796380221844, 0.352759808302, 0.215251713991, 0.176336422563, 0.418555170298, 0.711600124836, 0.492397129536, 0.183480754495, 0.115870557725, 0.090072222054, 0.105197630823, 0.113187357783, 0.100893139839, 0.119731865823, 0.158704429865, 0.285143762827, 0.72582757473, 0.818946957588, 0.430665969849, 0.411672353745, 0.446306884289, 0.254547595978, 0.182480916381, 0.205987989902, 0.240102335811, 0.560886204243, 0.797383129597, 0.501312375069, 0.246790856123, 0.198595508933, 0.17592330277, 0.232395008206, 0.271666377783, 0.251289457083, 0.547547399998]
    chords_key: "G"
    chords_scale: "major"
    key_key: "A"
    key_scale: "major"
    chords_progression: ["G", "G", "G", "G", "G", "G", "G", "G", "G", "G", "G", "G", "G", "G", "G", "G", "G", "G", "G", "G", "G", "G", "G", "G", "G", "G", "G", "C#m", "C#m", "C#m", "C#m", "C#m", "C#m", "C#m", "C#m", "C#m", "C#m", "C#m", "C#m", "C#m", "C#m", "C#m", "C#m", "C#m", "C#m", "C#m", "C#m", "C#m", "C#m", "C#m", "E", "E", "E", "E", "E", "E", "G#", "G#", "G#", "G#", "G", "G", "G", "G#", "G#", "G#", "G#", "G#", "G#", "G", "G", "G", "G", "D", "D", "D", "D", "D", "D", "D", "D", "D", "D", "D", "D", "D", "D", "D", "D", "D", "D", "D", "D", "D", "D", "D", "D", "D", "D", "D", "A", "A", "Am", "E", "E", "E", "E", "E", "E", "E", "E", "E", "E", "E", "E", "E", "E", "E", "E", "E", "E", "E", "E", "E", "E", "E", "E", "E", "E", "E", "E", "E", "E", "E", "E", "E", "E", "E", "G#m", "Gm", "Gm", "Gm", "Gm", "Gm", "Gm", "Gm", "G", "G", "G", "G", "G", "G", "Gm", "Gm", "Gm", "Gm", "G", "G", "G", "G", "G", "G", "G", "G", "G", "G", "G", "C#m", "C#m", "C#m", "C#m", "C#m", "C#m", "C#m", "C#m", "C#m", "C#m", "C#m", "C#m", "C#m", "C#m", "C#m", "C#m", "C#m", "E", "E", "E", "E", "E", "G", "G", "G", "G", "G", "G", "G", "G#m", "G#m", "G", "G", "G", "G", "G", "G", "Gm", "Gm", "Gm", "Gm", "Gm", "Gm", "Gm", "D", "D", "Gm", "Gm", "D", "D", "D"]
