
metadata:
    version:
        essentia: "1.2.2"
    audio_properties:
        analysis_sample_rate: 44100
        bitrate: 128
        channels: 2
        equal_loudness: 1
        length: 10.0048980713
        replay_gain: -8.96945381165
        downmix: "mix"
    tags:
        track: 17
        year: 0
        album: "Splitted by Mp3Splt v. 2.1"
        artist: "From 002.40 To 002.50"
        comment: "http://mp3splt.sf.net"
        genre: ""
        title: "02 Going Underground.mp3"

highlevel:
    ballroom:
        all:
            ChaChaCha: 0.569773137569
            Jive: 0.0341739393771
            Quickstep: 0.00288869463839
            Rumba-American: 0.00367971416563
            Rumba-International: 0.0533697195351
            Rumba-Misc: 0.00206643599086
            Samba: 0.330346614122
            Tango: 0.00130486150738
            VienneseWaltz: 0.00121841300279
            Waltz: 0.00117848662194
        probability: 0.569773137569
        value: "ChaChaCha"
    culture:
        all:
            non_western: 0.346818059683
            western: 0.653181910515
        probability: 0.653181910515
        value: "western"
    gender:
        all:
            female: 0.828897953033
            male: 0.171102032065
        probability: 0.828897953033
        value: "female"
    genre_dortmund:
        all:
            alternative: 0.0326524749398
            blues: 0.0186326876283
            electronic: 0.57845556736
            folkcountry: 0.00365099473856
            funksoulrnb: 0.00468290271237
            jazz: 0.0642608553171
            pop: 0.0117336846888
            raphiphop: 0.00825351011008
            rock: 0.277677357197
        probability: 0.57845556736
        value: "electronic"
    genre_electronica:
        all:
            ambient: 0.0727353170514
            dnb: 0.0671063736081
            house: 0.0674264505506
            techno: 0.746557414532
            trance: 0.0461744479835
        probability: 0.746557414532
        value: "techno"
    genre_rosamerica:
        all:
            cla: 0.013474656269
            dan: 0.158748462796
            hip: 0.066912971437
            jaz: 0.020348213613
            pop: 0.0522250533104
            rhy: 0.0868620797992
            roc: 0.586348176003
            spe: 0.0150803793222
        probability: 0.586348176003
        value: "roc"
    genre_tzanetakis:
        all:
            blu: 0.00864758621901
            cla: 0.0111693227664
            cou: 0.00698186503723
            dis: 0.0963335856795
            hip: 0.290467709303
            jaz: 0.0107563212514
            met: 0.0321926698089
            pop: 0.152644693851
            reg: 0.345898002386
            roc: 0.0449082404375
        probability: 0.345898002386
        value: "reg"
    live_studio:
        all:
            live: 0.0771770775318
            studio: 0.922822952271
        probability: 0.922822952271
        value: "studio"
    mood:
        all:
            Cluster1: 0.283158391714
            Cluster2: 0.0802027881145
            Cluster3: 0.037439674139
            Cluster4: 0.0129839116707
            Cluster5: 0.58621519804
        probability: 0.58621519804
        value: "Cluster5"
    mood_acoustic:
        all:
            acoustic: 0.118757389486
            not_acoustic: 0.881242632866
        probability: 0.881242632866
        value: "not_acoustic"
    mood_aggressive:
        all:
            aggressive: 0.992704868317
            not_aggressive: 0.00729510793462
        probability: 0.992704868317
        value: "aggressive"
    mood_electronic:
        all:
            electronic: 0.914700269699
            not_electronic: 0.0852997079492
        probability: 0.914700269699
        value: "electronic"
    mood_happy:
        all:
            happy: 0.0753283128142
            not_happy: 0.924671709538
        probability: 0.924671709538
        value: "not_happy"
    mood_party:
        all:
            not_party: 0.215867042542
            party: 0.784132957458
        probability: 0.784132957458
        value: "party"
    mood_relaxed:
        all:
            not_relaxed: 0.485961824656
            relaxed: 0.514038145542
        probability: 0.514038145542
        value: "relaxed"
    mood_sad:
        all:
            not_sad: 0.989741206169
            sad: 0.0102587891743
        probability: 0.989741206169
        value: "not_sad"
    rhythm:
        all:
            fast: 0.0871245488524
            medium: 0.791538059711
            slow: 0.121337406337
        probability: 0.791538059711
        value: "medium"
    speech_music:
        all:
            music: 0.995653152466
            speech: 0.00434682518244
        probability: 0.995653152466
        value: "music"
    timbre:
        all:
            bright: 0.152904167771
            dark: 0.84709584713
        probability: 0.84709584713
        value: "dark"
    voice_instrumental:
        all:
            instrumental: 0.972212731838
            voice: 0.0277872644365
        probability: 0.972212731838
        value: "instrumental"

lowlevel:
    average_loudness: 0.944313585758
    barkbands_kurtosis:
        dmean: 4.77157688141
        dmean2: 7.0682477951
        dvar: 164.596954346
        dvar2: 335.014190674
        max: 290.440460205
        mean: 37.3099746704
        min: -1.86524295807
        var: 4188.67333984
    barkbands_skewness:
        dmean: 0.522425532341
        dmean2: 0.791152715683
        dvar: 0.448478847742
        dvar2: 0.993745744228
        max: 13.8524093628
        mean: 2.25296282768
        min: -2.270185709
        var: 17.1938991547
    barkbands_spread:
        dmean: 4.99400615692
        dmean2: 7.572930336
        dvar: 36.4697799683
        dvar2: 75.9200439453
        max: 64.7264862061
        mean: 27.9104652405
        min: 0.293494194746
        var: 352.044189453
    dissonance:
        dmean: 0.0129189891741
        dmean2: 0.0216355454177
        dvar: 0.000141862750752
        dvar2: 0.000396543095121
        max: 0.499288022518
        mean: 0.46333143115
        min: 0.355243861675
        var: 0.000947663444094
    hfc:
        dmean: 1.80640017986
        dmean2: 2.66146254539
        dvar: 5.96952819824
        dvar2: 12.3649597168
        max: 28.5601825714
        mean: 7.12512350082
        min: 5.10290510647e-06
        var: 38.9925575256
    pitch:
        dmean: 836.005371094
        dmean2: 1627.42297363
        dvar: 1813827.25
        dvar2: 4459286.5
        max: 4009.09082031
        mean: 1528.06384277
        min: 90.368850708
        var: 2700688.25
    pitch_instantaneous_confidence:
        dmean: 0.0642310380936
        dmean2: 0.104411840439
        dvar: 0.00485546188429
        dvar2: 0.0115396557376
        max: 0.83831179142
        mean: 0.490720957518
        min: 0.175457298756
        var: 0.0446221679449
    pitch_salience:
        dmean: 0.0531548783183
        dmean2: 0.0847465693951
        dvar: 0.00474739773199
        dvar2: 0.0104988561943
        max: 0.938708901405
        mean: 0.451829433441
        min: 0.0217498335987
        var: 0.0602241531014
    silence_rate_20dB:
        dmean: 0
        dmean2: 0
        dvar: 0
        dvar2: 0
        max: 1
        mean: 1
        min: 1
        var: 0
    silence_rate_30dB:
        dmean: 0
        dmean2: 0
        dvar: 0
        dvar2: 0
        max: 1
        mean: 1
        min: 1
        var: 0
    silence_rate_60dB:
        dmean: 0.0603248253465
        dmean2: 0.120930232108
        dvar: 0.0566858612001
        dvar2: 0.115608878434
        max: 1
        mean: 0.375
        min: 0
        var: 0.234375
    spectral_centroid:
        dmean: 263.823059082
        dmean2: 389.888214111
        dvar: 116704.921875
        dvar2: 271740.34375
        max: 3620.00488281
        mean: 1431.11730957
        min: 129.997283936
        var: 960189.3125
    spectral_complexity:
        dmean: 2.71162796021
        dmean2: 3.98834490776
        dvar: 12.0052461624
        dvar2: 27.3263206482
        max: 36
        mean: 12.6542921066
        min: 0
        var: 95.6694335938
    spectral_crest:
        dmean: 1.7228654623
        dmean2: 2.86510157585
        dvar: 4.37434434891
        dvar2: 10.8195228577
        max: 24.3921756744
        mean: 8.92759513855
        min: 2.95047187805
        var: 22.1984386444
    spectral_decrease:
        dmean: 2.91843882394e-10
        dmean2: 4.3238790326e-10
        dvar: 2.35090442804e-19
        dvar2: 5.28028469277e-19
        max: -5.54226521701e-16
        mean: -9.74304970036e-10
        min: -4.49920145584e-09
        var: 5.16230909188e-19
    spectral_energy:
        dmean: 0.00118857156485
        dmean2: 0.00174541806336
        dvar: 3.53694213118e-06
        dvar2: 7.58524811317e-06
        max: 0.0181978978217
        mean: 0.00432352442294
        min: 2.55462162535e-09
        var: 9.55307677941e-06
    spectral_energyband_high:
        dmean: 0.000146206715726
        dmean2: 0.000215119638597
        dvar: 5.26455856686e-08
        dvar2: 1.04989609895e-07
        max: 0.00302543770522
        mean: 0.000393786904169
        min: 1.58161220232e-10
        var: 2.00210337198e-07
    spectral_energyband_low:
        dmean: 0.000393589230953
        dmean2: 0.0006353953504
        dvar: 5.42512168522e-07
        dvar2: 1.36725248012e-06
        max: 0.00556242605671
        mean: 0.00083981140051
        min: 2.59961885352e-10
        var: 1.09405709736e-06
    spectral_energyband_middle_high:
        dmean: 0.000444928446086
        dmean2: 0.000706093851477
        dvar: 3.58482878937e-07
        dvar2: 7.93541573785e-07
        max: 0.00682957423851
        mean: 0.0017748841783
        min: 1.27362809188e-09
        var: 2.39480527853e-06
    spectral_energyband_middle_low:
        dmean: 0.000707644270733
        dmean2: 0.00114135898184
        dvar: 2.80866265712e-06
        dvar2: 6.88651925884e-06
        max: 0.012985099107
        mean: 0.00131503981538
        min: 8.22439893966e-10
        var: 2.99907014778e-06
    spectral_flatness_db:
        dmean: 0.0159175284207
        dmean2: 0.0257579255849
        dvar: 0.000498853682075
        dvar2: 0.000780706410296
        max: 0.555670022964
        mean: 0.250383496284
        min: 0.0833321884274
        var: 0.0233387723565
    spectral_flux:
        dmean: 0.00752155669034
        dmean2: 0.0109948292375
        dvar: 9.80206532404e-05
        dvar2: 0.000202082665055
        max: 0.105820260942
        mean: 0.0319831185043
        min: 5.05432653881e-05
        var: 0.000548777170479
    spectral_kurtosis:
        dmean: 3.78623461723
        dmean2: 7.00975608826
        dvar: 45.6933670044
        dvar2: 144.09463501
        max: 65.2995681763
        mean: 14.6138658524
        min: -0.0736217498779
        var: 428.315185547
    spectral_rms:
        dmean: 0.000246685027378
        dmean2: 0.000349336012732
        dvar: 1.04336223217e-07
        dvar2: 2.01275526024e-07
        max: 0.00421355525032
        mean: 0.00190473697148
        min: 1.57870636031e-06
        var: 5.90043498505e-07
    spectral_rolloff:
        dmean: 250.836624146
        dmean2: 407.12286377
        dvar: 163128.875
        dvar2: 429592.46875
        max: 5663.23242188
        mean: 2601.27563477
        min: 129.19921875
        var: 2765015.5
    spectral_skewness:
        dmean: 0.367092818022
        dmean2: 0.662687659264
        dvar: 0.265649735928
        dvar2: 0.826523840427
        max: 6.86015892029
        mean: 2.20796966553
        min: 0.32033097744
        var: 4.22483778
    spectral_spread:
        dmean: 486410.03125
        dmean2: 782240.3125
        dvar: 1.4003985449e+12
        dvar2: 1.54975299174e+12
        max: 26537296
        mean: 3654235
        min: 1152058.875
        var: 2.50975617024e+12
    spectral_strongpeak:
        dmean: 0.483028292656
        dmean2: 0.859334111214
        dvar: 0.750523269176
        dvar2: 1.97201013565
        max: 6.00338220596
        mean: 0.575626373291
        min: 0.000143692392157
        var: 0.722933471203
    zerocrossingrate:
        dmean: 0.00786246359348
        dmean2: 0.00966660305858
        dvar: 9.75904040388e-05
        dvar2: 0.000137539449497
        max: 0.166015625
        mean: 0.0803296267986
        min: 0.0029296875
        var: 0.00259654480033
    barkbands:
        dmean: [2.20130544903e-07, 0.000134392772452, 0.000309134891722, 0.000497264205478, 0.000153791304911, 4.14583737438e-05, 1.90965383808e-05, 4.71041130368e-05, 0.00016083016817, 3.05486682919e-05, 3.87648651667e-05, 3.95579045289e-05, 7.14779671398e-05, 3.60681842722e-05, 3.96094219468e-05, 6.57457276247e-05, 0.000115877621283, 0.000114148308057, 0.000218629895244, 0.000153836386744, 6.83357939124e-05, 3.05557987303e-05, 7.89520981925e-06, 1.40598774578e-06, 4.43593847876e-07, 8.27654123015e-09, 2.88813473137e-10]
        dmean2: [3.41534985182e-07, 0.000216069514863, 0.000533356622327, 0.000804782321211, 0.000275307509582, 7.10716776666e-05, 3.15268262057e-05, 7.99553963589e-05, 0.000261291337665, 4.9046928325e-05, 6.43171952106e-05, 6.34794632788e-05, 0.00011487732263, 6.06670982961e-05, 6.42701124889e-05, 0.000108102212835, 0.000178644841071, 0.000183969226782, 0.000346836488461, 0.000245224160608, 0.000109942156996, 4.36651753262e-05, 1.12300103865e-05, 2.06984645956e-06, 6.67230779072e-07, 1.29063426613e-08, 4.61320454059e-10]
        dvar: [3.78009608207e-13, 1.36301167686e-07, 2.9018042369e-07, 2.006622708e-06, 1.86230565191e-07, 1.00443378059e-08, 2.1039370246e-09, 1.69077019052e-08, 1.44669826341e-07, 6.0651990097e-09, 6.64823929242e-09, 5.46756240283e-09, 1.74204757286e-08, 6.40896447024e-09, 4.99308994151e-09, 9.16738684964e-09, 3.16302042336e-08, 2.60590606871e-08, 1.02363522103e-07, 5.74712863965e-08, 1.11161106986e-08, 4.64648097775e-09, 3.8714748074e-10, 8.23916976311e-12, 1.19571084804e-12, 6.44544639015e-16, 3.34738114973e-18]
        dvar2: [8.78929578858e-13, 3.19862380138e-07, 8.00268139756e-07, 5.00899159306e-06, 5.42734937881e-07, 2.68260365033e-08, 5.91211302137e-09, 4.65502232316e-08, 3.38953498158e-07, 1.06646327325e-08, 1.79279879831e-08, 1.41607454651e-08, 4.45930474768e-08, 1.7628499549e-08, 1.21314736035e-08, 2.53785081838e-08, 7.64673657727e-08, 6.52587317518e-08, 2.76349538808e-07, 1.46385318089e-07, 2.75992118048e-08, 8.902716786e-09, 8.94656571049e-10, 1.84678123488e-11, 2.65895768944e-12, 1.47295059061e-15, 3.45144605426e-18]
        max: [5.52846040591e-06, 0.0025545663666, 0.00458816345781, 0.011257018894, 0.00377026433125, 0.00101422134321, 0.000513311242685, 0.00103777716868, 0.00300825061277, 0.00149910594337, 0.000875947182067, 0.000821745954454, 0.00132052868139, 0.00093861843925, 0.000649713503662, 0.000973038142547, 0.0016948080156, 0.00157192489132, 0.00315928366035, 0.00221001752652, 0.00116156344302, 0.00104806490708, 0.000258737767581, 4.31584885519e-05, 1.58758648467e-05, 4.15937876141e-07, 3.78844831062e-08]
        mean: [2.12269327449e-07, 0.000166315294337, 0.000673286849633, 0.000749748549424, 0.00021188815299, 6.01361207373e-05, 3.12202100758e-05, 5.26646981598e-05, 0.000206332886592, 5.46569244761e-05, 5.18298184033e-05, 6.46708213026e-05, 0.000116605893709, 6.06793255429e-05, 6.3511703047e-05, 0.000130710759549, 0.000261341891019, 0.00026571721537, 0.000501762318891, 0.000366790598491, 0.000155245754286, 6.04420456511e-05, 1.38813511512e-05, 2.9926809475e-06, 8.70725216373e-07, 1.10059934499e-08, 2.56343363203e-10]
        min: [1.26950472704e-11, 1.29159058448e-10, 9.0091809013e-11, 8.71773833677e-11, 2.08480677166e-10, 2.05606476289e-10, 1.63282110055e-10, 9.29231414037e-11, 5.96060076297e-11, 2.85219833862e-11, 4.36199080328e-12, 3.0284184882e-11, 7.02564881272e-11, 2.03628156004e-11, 2.7004738723e-11, 4.28186262488e-12, 2.7281241502e-11, 7.64266983033e-11, 9.60646229231e-10, 7.035100974e-11, 4.46238775098e-11, 5.49212758605e-11, 9.36784157191e-12, 4.13297391103e-12, 3.78076823321e-12, 3.76869217257e-13, 5.47078793942e-14]
        var: [4.02671602659e-13, 1.3323332837e-07, 8.8222583372e-07, 2.06595700547e-06, 1.37244441589e-07, 1.06061950333e-08, 3.28761107227e-09, 1.71292295903e-08, 1.9907993476e-07, 1.83344468496e-08, 8.25836732332e-09, 1.07226023616e-08, 3.55825910958e-08, 8.4063644934e-09, 8.00192090367e-09, 2.28451213502e-08, 8.43059098088e-08, 8.35339264427e-08, 2.62959275688e-07, 1.64180121942e-07, 3.17290620444e-08, 1.12923084217e-08, 7.71197494753e-10, 2.05785145868e-11, 2.52997839692e-12, 7.99854165004e-16, 3.35467088567e-18]
    mfcc:
        mean: [-802.420043945, 121.351074219, -39.40625, 80.2210464478, 3.568141222, 8.09220504761, 9.06200790405, 7.09533166885, -1.02430582047, -2.42872262001, -6.52753639221, -4.305727005, -4.1460814476]
        cov: [[31584.1015625, -7979.01025391, -3582.47314453, -3342.27929688, -4175.83056641, -139.516082764, -54.6488113403, 796.081054688, -209.957946777, 394.608032227, 572.386291504, -44.8975334167, -879.893554688], [-7979.01025391, 2717.15698242, 866.323181152, 1008.1529541, 1099.04699707, 35.138759613, 76.0971450806, -187.751937866, 85.649307251, -114.333312988, -167.584976196, 30.9051074982, 260.795135498], [-3582.47314453, 866.323181152, 587.526794434, 371.384216309, 520.76763916, 5.55563354492, 10.4361982346, -86.1658248901, 25.5789031982, -67.4487991333, -67.2727127075, 1.5160009861, 119.645858765], [-3342.27929688, 1008.1529541, 371.384216309, 538.698852539, 467.636657715, 48.836063385, 7.80677556992, -77.2085876465, 19.2181758881, -53.0190734863, -90.5061645508, 7.1740860939, 101.812156677], [-4175.83056641, 1099.04699707, 520.76763916, 467.636657715, 714.725219727, 59.4645271301, 6.70183515549, -122.123474121, 49.8235816956, -47.1362380981, -94.0420761108, -0.695999145508, 136.040847778], [-139.516082764, 35.138759613, 5.55563354492, 48.836063385, 59.4645271301, 105.652946472, 15.2829284668, 2.95913720131, 0.871589899063, 8.11872386932, -5.38369941711, -22.147233963, -26.0681343079], [-54.6488113403, 76.0971450806, 10.4361982346, 7.80677556992, 6.70183515549, 15.2829284668, 75.2013244629, 23.5096130371, 11.5545396805, -0.689820885658, 18.944021225, 1.67214298248, -7.10643720627], [796.081054688, -187.751937866, -86.1658248901, -77.2085876465, -122.123474121, 2.95913720131, 23.5096130371, 83.1789703369, 11.4363250732, 11.8594589233, 22.8628177643, 13.6401529312, -9.44969463348], [-209.957946777, 85.649307251, 25.5789031982, 19.2181758881, 49.8235816956, 0.871589899063, 11.5545396805, 11.4363250732, 56.4628829956, 8.90951442719, 3.51668930054, 2.81321454048, 13.1636104584], [394.608032227, -114.333312988, -67.4487991333, -53.0190734863, -47.1362380981, 8.11872386932, -0.689820885658, 11.8594589233, 8.90951442719, 61.8751602173, 24.6278953552, 0.7702704072, -24.607503891], [572.386291504, -167.584976196, -67.2727127075, -90.5061645508, -94.0420761108, -5.38369941711, 18.944021225, 22.8628177643, 3.51668930054, 24.6278953552, 78.4373931885, 5.77652692795, -31.8134422302], [-44.8975334167, 30.9051074982, 1.5160009861, 7.1740860939, -0.695999145508, -22.147233963, 1.67214298248, 13.6401529312, 2.81321454048, 0.7702704072, 5.77652692795, 52.3441734314, 34.876247406], [-879.893554688, 260.795135498, 119.645858765, 101.812156677, 136.040847778, -26.0681343079, -7.10643720627, -9.44969463348, 13.1636104584, -24.607503891, -31.8134422302, 34.876247406, 103.21559906]]
        icov: [[0.000289040937787, 0.000329805101501, 0.000582650303841, 0.000314914592309, 0.000618261052296, -0.000239743851125, -0.000205589458346, -0.000217966924538, -0.000244183785981, 9.91138876998e-05, 0.000202542578336, 6.58423523419e-05, -0.000169923543581], [0.000329805101501, 0.00225802068599, 0.000720642274246, -0.00200754939578, -0.00038851404679, 0.000911046285182, -0.0023222703021, 0.000818144064397, -0.00107284088153, 0.000258070707787, 0.00027555928682, 9.53767994361e-06, -0.000811683014035], [0.000582650303841, 0.000720642274246, 0.00710469903424, -0.00017910861061, -0.00301214400679, 0.00195252615958, -0.000848056341056, -0.00165063200984, 0.000828473770525, 0.00283999857493, -0.00111848395318, 0.00188628886826, -0.00106983201113], [0.000314914592309, -0.00200754939578, -0.00017910861061, 0.00820453558117, -0.000148366787471, -0.00293194479309, 0.00177988456562, -0.00139362446498, 0.0012834132649, 0.00077830418013, 0.00230787461624, -0.00125416519586, 0.000478718982777], [0.000618261052296, -0.00038851404679, -0.00301214400679, -0.000148366787471, 0.0106923142448, -0.00572802452371, -0.000517363543622, 0.00593926990405, -0.00486150663346, -0.00212783645838, 0.00174960901495, 0.00018743883993, -0.00455243233591], [-0.000239743851125, 0.000911046285182, 0.00195252615958, -0.00293194479309, -0.00572802452371, 0.0160501264036, -0.00237009860575, -0.00501953111961, 0.00284643680789, -0.00116770330351, 0.000411696179071, 0.00390030164272, 0.00543118081987], [-0.000205589458346, -0.0023222703021, -0.000848056341056, 0.00177988456562, -0.000517363543622, -0.00237009860575, 0.0199089422822, -0.00726273842156, -0.000450416991953, 0.00257105124183, -0.0049515622668, -0.00055173895089, 0.00346221565269], [-0.000217966924538, 0.000818144064397, -0.00165063200984, -0.00139362446498, 0.00593926990405, -0.00501953111961, -0.00726273842156, 0.0252226535231, -0.00799746531993, -0.000875046302099, 0.000291804870358, -0.00480997795239, -0.00539739476517], [-0.000244183785981, -0.00107284088153, 0.000828473770525, 0.0012834132649, -0.00486150663346, 0.00284643680789, -0.000450416991953, -0.00799746531993, 0.0244220867753, -0.00414465926588, -0.00192332128063, 0.00306625990197, -0.000965589773841], [9.91138876998e-05, 0.000258070707787, 0.00283999857493, 0.00077830418013, -0.00212783645838, -0.00116770330351, 0.00257105124183, -0.000875046302099, -0.00414465926588, 0.0227407626808, -0.0048602130264, -0.00301330187358, 0.00420993287116], [0.000202542578336, 0.00027555928682, -0.00111848395318, 0.00230787461624, 0.00174960901495, 0.000411696179071, -0.0049515622668, 0.000291804870358, -0.00192332128063, -0.0048602130264, 0.0207571089268, -0.00531746586785, 0.00481531396508], [6.58423523419e-05, 9.53767994361e-06, 0.00188628886826, -0.00125416519586, 0.00018743883993, 0.00390030164272, -0.00055173895089, -0.00480997795239, 0.00306625990197, -0.00301330187358, -0.00531746586785, 0.0317416898906, -0.0136264357716], [-0.000169923543581, -0.000811683014035, -0.00106983201113, 0.000478718982777, -0.00455243233591, 0.00543118081987, 0.00346221565269, -0.00539739476517, -0.000965589773841, 0.00420993287116, 0.00481531396508, -0.0136264357716, 0.0253902021796]]
    spectral_contrast:
        mean: [2.12281037193e-08, -1.41057014957e-07, -3.23434704796e-07, 1.48389290189e-07, 3.24852237554e-07, 2.03291943279e-08, -1.01120451745e-06, 4.394978248e-07, 1.11561644189e-06, -5.4543090755e-07, 2.11261999539e-06, 8.85357167135e-07]
        var: [0.000386346859159, 0.000628983892966, 0.000879220606294, 0.00284689548425, 0.00286445324309, 0.00635168654844, 0.0500397607684, 0.0743296444416, 0.129641771317, 0.195722579956, 0.517925739288, 15.9849853516]

rhythm:
    beats_loudness:
        dmean: 0.0032726097852
        dmean2: 0.00597997289151
        dvar: 1.10821583803e-05
        dvar2: 2.9428905691e-05
        max: 0.0153025956824
        mean: 0.00613419665024
        min: 0.000349845504388
        var: 2.47287207458e-05
    beats_loudness_bass:
        dmean: 0.169680044055
        dmean2: 0.29343983531
        dvar: 0.0242560617626
        dvar2: 0.0722944885492
        max: 0.993010938168
        mean: 0.606598377228
        min: 0.0271128322929
        var: 0.114327199757
    bpm: 93.9386749268
    bpm_confidence: 0
    first_peak_bpm: 196
    first_peak_spread: 0
    first_peak_weight: 0.523809552193
    onset_rate: 2.19892311096
    second_peak_bpm: 94
    second_peak_spread: 0
    second_peak_weight: 0.428571432829
    beats_position: [0.141320541501, 0.780068695545, 1.4188169241, 2.05756521225, 2.6963133812, 3.33506155014, 3.97380971909, 4.61255788803, 5.25130605698, 5.89005422592, 6.26215696335, 6.56875276566, 6.87534856796, 7.1819434166, 7.48853874207, 7.79513454437, 8.10173034668, 8.40832519531, 8.71492004395, 9.02151584625, 9.32811164856, 9.63470745087]
    bpm_estimates: [94.1475524902, 93.8692016602, 94.0324859619, 95.2793121338, 93.8957061768, 93.9974975586, 93.6906280518, 92.5970611572]
    bpm_intervals: [0.638748168945, 0.63874822855, 0.638748288155, 0.638748168945, 0.638748168945, 0.638748168945, 0.638748168945, 0.638748168945, 0.638748168945, 0.372102737427, 0.306595802307, 0.306595802307, 0.306594848633, 0.30659532547, 0.306595802307, 0.306595802307, 0.306594848633, 0.306594848633, 0.306595802307, 0.306595802307, 0.306595802307]
    onset_times: [0.0464399084449, 0.150929704309, 0.452789127827, 0.766258478165, 0.952018141747, 1.40480720997, 1.6137868166, 2.0549659729, 2.41487526894, 2.49614500999, 2.70512461662, 3.00698423386, 3.32045340538, 3.98222231865, 4.62077093124, 4.88780021667, 5.27092981339, 5.47990942001, 5.61922883987, 7.19818592072, 7.81351470947, 8.92807292938]
    rubato_start: [6.56875276566]
    rubato_stop: [9.63470745087]
    perceptual_tempo: "unknown"

sfx:
    inharmonicity:
        dmean: 0.0423739440739
        dmean2: 0.0751282945275
        dvar: 0.00297265662812
        dvar2: 0.00865875277668
        max: 0.304288715124
        mean: 0.0502972155809
        min: 0
        var: 0.00364164914936
    oddtoevenharmonicenergyratio:
        dmean: 2.33553791046
        dmean2: 4.28402137756
        dvar: 30.3855323792
        dvar2: 84.1688079834
        max: 47.0544052124
        mean: 1.69910109043
        min: 0
        var: 20.2032432556
    pitch_after_max_to_before_max_energy_ratio: 39.0507354736
    pitch_centroid: 164.730789185
    pitch_max_to_total: 0.00696055684239
    pitch_min_to_total: 0.568445503712
    tristimulus:
        dmean: [0.131246551871, 0.232460275292, 0.149377927184]
        dmean2: [0.230768576264, 0.405626177788, 0.260562509298]
        dvar: [0.02564968355, 0.0585672371089, 0.0296440217644]
        dvar2: [0.0704800337553, 0.173681586981, 0.0803391262889]
        max: [1, 0.971988916397, 0.782755792141]
        mean: [0.439914345741, 0.339748620987, 0.141735896468]
        min: [0.0177970938385, 0, 0]
        var: [0.123769409955, 0.0915893390775, 0.0342722684145]

tonal:
    chords_changes_rate: 0.0694444477558
    chords_number_rate: 0.037037037313
    chords_strength:
        dmean: 0.00910879205912
        dmean2: 0.0108277723193
        dvar: 7.80482732807e-05
        dvar2: 0.000153464017785
        max: 0.733899354935
        mean: 0.470867365599
        min: 0.303333520889
        var: 0.0104139149189
    key_strength: 0.655940711498
    tuning_diatonic_strength: 0.465538263321
    tuning_equal_tempered_deviation: 0.158574044704
    tuning_frequency: 442.293365479
    tuning_nontempered_energy_ratio: 0.736337900162
    hpcp:
        dmean: [0.10907907784, 0.153547972441, 0.138816341758, 0.108738072217, 0.0872297883034, 0.0841902941465, 0.0924260169268, 0.120149925351, 0.127753898501, 0.119061209261, 0.135022059083, 0.209781467915, 0.202728167176, 0.170937955379, 0.107690550387, 0.0947215408087, 0.126786082983, 0.142155811191, 0.133802935481, 0.12852665782, 0.125487282872, 0.125775501132, 0.139521703124, 0.167154982686, 0.142470493913, 0.11134763062, 0.114938050508, 0.104044258595, 0.0881887152791, 0.0765761211514, 0.100340105593, 0.0828343331814, 0.110265359282, 0.149456426501, 0.139560624957, 0.110045842826]
        dmean2: [0.189181670547, 0.259102463722, 0.222910940647, 0.17606768012, 0.138842612505, 0.139996692538, 0.155027091503, 0.209873184562, 0.211144760251, 0.198681592941, 0.236676320434, 0.367003917694, 0.358205586672, 0.284294188023, 0.181312412024, 0.15916466713, 0.218218237162, 0.247184738517, 0.24104706943, 0.219109222293, 0.219103828073, 0.219097048044, 0.231509551406, 0.280599087477, 0.247741729021, 0.18266735971, 0.192946478724, 0.174184426665, 0.150773882866, 0.132256746292, 0.171670541167, 0.13911794126, 0.182079747319, 0.249941587448, 0.236124485731, 0.189338058233]
        dvar: [0.0265535842627, 0.0428888089955, 0.0292312819511, 0.0233561974019, 0.0143461599946, 0.0165715087205, 0.0232738871127, 0.0470662415028, 0.0382000692189, 0.0314780697227, 0.0370222441852, 0.0598082281649, 0.0768930986524, 0.0362015515566, 0.0260970834643, 0.0216613858938, 0.0453838221729, 0.0509884208441, 0.045948959887, 0.0463438332081, 0.0419382937253, 0.0373951792717, 0.0467732362449, 0.0545089766383, 0.0442846305668, 0.0299927815795, 0.0278974641114, 0.0319687835872, 0.0171794835478, 0.0192421544343, 0.0263694189489, 0.0194852892309, 0.0245246402919, 0.0427598021924, 0.0371899679303, 0.0284306369722]
        dvar2: [0.0702200978994, 0.111737266183, 0.0789564996958, 0.0581021569669, 0.0348475947976, 0.0453015677631, 0.0601488091052, 0.105634182692, 0.0978077873588, 0.086393751204, 0.104408018291, 0.163568258286, 0.159843608737, 0.0886768996716, 0.0621453039348, 0.0595407187939, 0.12352655828, 0.133893251419, 0.12692257762, 0.130089357495, 0.107998251915, 0.103947289288, 0.132246360183, 0.158776819706, 0.113356091082, 0.0730737000704, 0.0725006908178, 0.0843840539455, 0.048383641988, 0.0547029711306, 0.0703267082572, 0.0467524975538, 0.0646274015307, 0.102346912026, 0.0979610681534, 0.0882224068046]
        max: [0.983599722385, 1, 1, 1, 0.72874802351, 1, 1, 1, 1, 1, 1, 1, 1, 1, 0.874315917492, 0.950506031513, 1, 1, 1, 1, 1, 1, 1, 1, 1, 1, 1, 1, 1, 1, 1, 0.996574878693, 0.948233127594, 1, 1, 1]
        mean: [0.149693667889, 0.201936304569, 0.198992550373, 0.167739182711, 0.138325423002, 0.114353626966, 0.11910944432, 0.138267561793, 0.151903897524, 0.152828380466, 0.16019846499, 0.366515576839, 0.520441234112, 0.305823475122, 0.128497168422, 0.125824868679, 0.1642152071, 0.20320263505, 0.188228771091, 0.170982956886, 0.186698257923, 0.163695126772, 0.166170030832, 0.220598876476, 0.193869754672, 0.143083110452, 0.21696126461, 0.239615276456, 0.131299808621, 0.0993864834309, 0.119452573359, 0.119985193014, 0.176626712084, 0.243506684899, 0.20918931067, 0.142527997494]
        min: [1.57539707288e-05, 2.19633238885e-05, 2.37605509028e-05, 1.36451399158e-05, 3.66429412679e-06, 5.01336990055e-06, 7.24512756278e-06, 8.03877173894e-06, 5.2985919865e-06, 3.91419803236e-07, 1.08467365862e-05, 0.000344653177308, 0.000545989489183, 0.000339717487805, 6.66384767101e-06, 9.26113352762e-06, 5.63297771805e-06, 2.1161236873e-05, 5.11983998877e-05, 4.29935898865e-05, 1.5145571524e-05, 6.14983764535e-06, 5.67419829167e-06, 9.92387958831e-06, 7.01812859916e-06, 5.50550794287e-05, 0.00043011220987, 0.000939012330491, 0.000106356186734, 5.57555449632e-06, 3.14319345307e-06, 6.24223639534e-06, 5.38019667147e-05, 5.29232274857e-05, 1.83634565474e-05, 1.22219425975e-05]
        var: [0.0325197130442, 0.0596894361079, 0.0500300601125, 0.0392609387636, 0.0262922178954, 0.0223822258413, 0.0243988018483, 0.0453577116132, 0.0405460372567, 0.0391475856304, 0.0430641509593, 0.0726512447, 0.15457983315, 0.0555261857808, 0.0331285521388, 0.029172508046, 0.0580269135535, 0.0730849057436, 0.0544576570392, 0.054838962853, 0.0695552453399, 0.0450225919485, 0.0602181218565, 0.0885630622506, 0.0649507567286, 0.0411599464715, 0.0766174718738, 0.109478391707, 0.0234735049307, 0.0188158079982, 0.0292106345296, 0.0267944894731, 0.0440920069814, 0.0847195237875, 0.0611242614686, 0.0322617217898]
    chords_histogram: [11.1111106873, 0, 27.7777786255, 0, 2.31481480598, 0, 0, 0, 0, 0, 0, 6.48148155212, 16.6666660309, 0, 0, 0, 0, 30.0925922394, 3.24074077606, 0.925925910473, 0, 0, 0, 1.38888883591]
    thpcp: [1, 0.587623476982, 0.246900439262, 0.241765752435, 0.315530747175, 0.390442997217, 0.361671507359, 0.328534603119, 0.358730733395, 0.314531445503, 0.319286823273, 0.423868954182, 0.372510373592, 0.274926543236, 0.416879475117, 0.460407942533, 0.252285569906, 0.190965816379, 0.229521736503, 0.230545133352, 0.339378774166, 0.467885077, 0.40194606781, 0.273859918118, 0.287628382444, 0.388009816408, 0.382353544235, 0.322301864624, 0.26578488946, 0.219724372029, 0.228862434626, 0.265673726797, 0.291875213385, 0.293651551008, 0.307812780142, 0.704240083694]
    chords_key: "F#"
    chords_scale: "minor"
    key_key: "F#"
    key_scale: "major"
    chords_progression: ["C#", "C#", "C#", "C#", "C#", "C#", "C#", "C#", "C#", "C#", "C#", "C#", "C#", "C", "C", "C", "C", "C", "C", "C", "C", "C", "C", "C", "C", "C", "C", "C", "C", "C", "C", "C", "C", "C", "C", "C", "C", "C", "C", "C", "C", "C", "C", "C", "C", "C", "C", "C", "C", "Am", "Am", "Am", "Am", "Am", "Am", "Am", "Am", "Am", "Am", "Am", "Am", "Am", "Am", "C#", "C#", "C#", "C#", "C#", "C#", "C#", "C#", "C#", "C#", "C#m", "C#m", "C#", "C#", "C#", "C#", "C#", "C#", "C#", "C#", "C#", "C#", "C#", "C#", "C#", "C#", "C#", "C#", "C#", "C#", "C#", "C#", "C#", "C#", "C#", "C#", "C#", "C#", "C#", "C#", "C#", "C#", "G#", "G#", "G#", "G#", "C#", "G#", "C#", "C#", "C#", "C#", "C#", "C#", "D#m", "D#m", "D#m", "F#", "F#", "F#", "F#", "F#", "F#", "F#m", "F#m", "F#m", "F#m", "F#m", "F#m", "F#m", "F#m", "F#m", "F#m", "F#m", "F#m", "F#m", "F#m", "F#m", "F#m", "F#m", "F#m", "F#m", "F#m", "F#m", "F#m", "F#m", "F#m", "F#m", "F#m", "F#m", "F#m", "F#m", "F#m", "F#m", "F#m", "F#m", "F#m", "F#m", "F#m", "F#m", "F#m", "F#m", "F#m", "F#m", "F#m", "F#m", "F#m", "F#m", "F#m", "F#m", "F#m", "A", "A", "A", "A", "A", "A", "A", "F#m", "F#m", "F#m", "F#m", "F#m", "F#m", "F#m", "F#m", "F#m", "F#m", "F#m", "F#m", "F#m", "F#m", "F#m", "F#m", "F#m", "F#", "F#", "F#", "F#", "F#", "F#", "F#", "F#", "F#", "F#", "F#", "F#", "F#", "F#", "F#", "F#", "F#", "F#"]
