
metadata:
    version:
        essentia: "1.2.2"
    audio_properties:
        analysis_sample_rate: 44100
        bitrate: 128
        channels: 2
        equal_loudness: 1
        length: 10.0310201645
        replay_gain: -12.3333835602
        downmix: "mix"
    tags:
        track: 15
        year: 0
        album: "Splitted by Mp3Splt v. 2.1"
        artist: "From 002.20 To 002.30"
        comment: "http://mp3splt.sf.net"
        genre: ""
        title: "10 Dark Clouds.mp3"

highlevel:
    ballroom:
        all:
            ChaChaCha: 0.147069007158
            Jive: 0.495597839355
            Quickstep: 0.0810781344771
            Rumba-American: 0.00395430019125
            Rumba-International: 0.001244205283
            Rumba-Misc: 0.00204815948382
            Samba: 0.261157125235
            Tango: 0.0010682301363
            VienneseWaltz: 0.00564715405926
            Waltz: 0.0011358326301
        probability: 0.495597839355
        value: "Jive"
    culture:
        all:
            non_western: 0.0963313728571
            western: 0.903668642044
        probability: 0.903668642044
        value: "western"
    gender:
        all:
            female: 0.148735061288
            male: 0.851264953613
        probability: 0.851264953613
        value: "male"
    genre_dortmund:
        all:
            alternative: 0.0666694417596
            blues: 0.06340367347
            electronic: 0.0139930136502
            folkcountry: 0.0496461838484
            funksoulrnb: 0.0587865523994
            jazz: 0.0794379711151
            pop: 0.0455653294921
            raphiphop: 0.00521902693436
            rock: 0.617278814316
        probability: 0.617278814316
        value: "rock"
    genre_electronica:
        all:
            ambient: 0.0762195214629
            dnb: 0.112618334591
            house: 0.00390417943709
            techno: 0.0052308733575
            trance: 0.802027106285
        probability: 0.802027106285
        value: "trance"
    genre_rosamerica:
        all:
            cla: 0.0170634947717
            dan: 0.1235704422
            hip: 0.0234440155327
            jaz: 0.0284747965634
            pop: 0.433257013559
            rhy: 0.0284388717264
            roc: 0.344065546989
            spe: 0.00168580876198
        probability: 0.433257013559
        value: "pop"
    genre_tzanetakis:
        all:
            blu: 0.0060103693977
            cla: 0.00526352087036
            cou: 0.0613326430321
            dis: 0.212187692523
            hip: 0.00387188862078
            jaz: 0.504250228405
            met: 0.00541028752923
            pop: 0.0702225938439
            reg: 0.011786733754
            roc: 0.11966406554
        probability: 0.504250228405
        value: "jaz"
    live_studio:
        all:
            live: 0.632614076138
            studio: 0.367385923862
        probability: 0.632614076138
        value: "live"
    mood:
        all:
            Cluster1: 0.241922304034
            Cluster2: 0.334322988987
            Cluster3: 0.0897073820233
            Cluster4: 0.237767547369
            Cluster5: 0.0962797701359
        probability: 0.334322988987
        value: "Cluster2"
    mood_acoustic:
        all:
            acoustic: 0.0188676603138
            not_acoustic: 0.98113232851
        probability: 0.98113232851
        value: "not_acoustic"
    mood_aggressive:
        all:
            aggressive: 0.576641201973
            not_aggressive: 0.423358798027
        probability: 0.576641201973
        value: "aggressive"
    mood_electronic:
        all:
            electronic: 0.3328743577
            not_electronic: 0.6671256423
        probability: 0.6671256423
        value: "not_electronic"
    mood_happy:
        all:
            happy: 0.902551531792
            not_happy: 0.0974484831095
        probability: 0.902551531792
        value: "happy"
    mood_party:
        all:
            not_party: 0.355244755745
            party: 0.644755244255
        probability: 0.644755244255
        value: "party"
    mood_relaxed:
        all:
            not_relaxed: 0.988121330738
            relaxed: 0.0118786441162
        probability: 0.988121330738
        value: "not_relaxed"
    mood_sad:
        all:
            not_sad: 0.867544353008
            sad: 0.132455661893
        probability: 0.867544353008
        value: "not_sad"
    rhythm:
        all:
            fast: 0.992487609386
            medium: 0.00596984801814
            slow: 0.00154257193208
        probability: 0.992487609386
        value: "fast"
    speech_music:
        all:
            music: 0.999845921993
            speech: 0.000154051158461
        probability: 0.999845921993
        value: "music"
    timbre:
        all:
            bright: 0.971618533134
            dark: 0.0283814873546
        probability: 0.971618533134
        value: "bright"
    voice_instrumental:
        all:
            instrumental: 0.0390816740692
            voice: 0.960918307304
        probability: 0.960918307304
        value: "voice"

lowlevel:
    average_loudness: 0.958083033562
    barkbands_kurtosis:
        dmean: 0.506659209728
        dmean2: 0.853748440742
        dvar: 0.31001573801
        dvar2: 0.797052025795
        max: 4.35930871964
        mean: -0.812666416168
        min: -1.83690094948
        var: 0.602792918682
    barkbands_skewness:
        dmean: 0.389090299606
        dmean2: 0.595952212811
        dvar: 0.103113673627
        dvar2: 0.271991878748
        max: 1.73942875862
        mean: 0.108684614301
        min: -2.31090402603
        var: 0.292783021927
    barkbands_spread:
        dmean: 5.34361457825
        dmean2: 8.44795703888
        dvar: 19.9872131348
        dvar2: 41.8819847107
        max: 60.4815330505
        mean: 32.1052474976
        min: 11.3754167557
        var: 114.069770813
    dissonance:
        dmean: 0.0212495792657
        dmean2: 0.0357460454106
        dvar: 0.000320878665661
        dvar2: 0.00100151088554
        max: 0.499264866114
        mean: 0.460565567017
        min: 0.373656630516
        var: 0.000681437144522
    hfc:
        dmean: 2.54242730141
        dmean2: 3.65172076225
        dvar: 12.8211708069
        dvar2: 21.9077644348
        max: 36.2453613281
        mean: 7.83001327515
        min: 1.01102054119
        var: 36.175868988
    pitch:
        dmean: 513.209899902
        dmean2: 989.464172363
        dvar: 1243582.875
        dvar2: 3051902
        max: 4009.09082031
        mean: 793.853759766
        min: 66.7170944214
        var: 1384032.625
    pitch_instantaneous_confidence:
        dmean: 0.0886138007045
        dmean2: 0.139493554831
        dvar: 0.00621392577887
        dvar2: 0.0139390639961
        max: 0.871011137962
        mean: 0.483526319265
        min: 0.145489752293
        var: 0.0349903069437
    pitch_salience:
        dmean: 0.0650042966008
        dmean2: 0.10932841152
        dvar: 0.00252971774898
        dvar2: 0.00730081973597
        max: 0.803914666176
        mean: 0.59609234333
        min: 0.324263453484
        var: 0.00810004025698
    silence_rate_20dB:
        dmean: 0
        dmean2: 0
        dvar: 0
        dvar2: 0
        max: 1
        mean: 1
        min: 1
        var: 0
    silence_rate_30dB:
        dmean: 0
        dmean2: 0
        dvar: 0
        dvar2: 0
        max: 1
        mean: 1
        min: 1
        var: 0
    silence_rate_60dB:
        dmean: 0.0858468711376
        dmean2: 0.172093018889
        dvar: 0.0784774124622
        dvar2: 0.175035700202
        max: 1
        mean: 0.377314805984
        min: 0
        var: 0.234947890043
    spectral_centroid:
        dmean: 275.463623047
        dmean2: 412.182983398
        dvar: 54890.1523438
        dvar2: 133232.921875
        max: 3672.62475586
        mean: 1646.68994141
        min: 734.225158691
        var: 177219.5
    spectral_complexity:
        dmean: 3.4801864624
        dmean2: 4.93925237656
        dvar: 16.3801441193
        dvar2: 28.8795013428
        max: 47
        mean: 13.1418600082
        min: 2
        var: 54.7310447693
    spectral_crest:
        dmean: 2.43677687645
        dmean2: 4.05115461349
        dvar: 4.70156335831
        dvar2: 12.921377182
        max: 18.0318832397
        mean: 7.34700012207
        min: 2.40893006325
        var: 11.342622757
    spectral_decrease:
        dmean: 3.51485174299e-10
        dmean2: 5.51283574346e-10
        dvar: 1.69608434445e-19
        dvar2: 3.96413590664e-19
        max: -1.68590391647e-10
        mean: -1.06205522155e-09
        min: -3.30950578054e-09
        var: 4.62379176564e-19
    spectral_energy:
        dmean: 0.00152136688121
        dmean2: 0.00235781911761
        dvar: 3.33230150318e-06
        dvar2: 7.40230689189e-06
        max: 0.0157784055918
        mean: 0.00471864733845
        min: 0.000735377310775
        var: 9.29407451622e-06
    spectral_energyband_high:
        dmean: 0.000170811457792
        dmean2: 0.000227908909437
        dvar: 8.37008258259e-08
        dvar2: 1.46461275108e-07
        max: 0.0025702721905
        mean: 0.000362548831617
        min: 3.42853636539e-05
        var: 1.85520207197e-07
    spectral_energyband_low:
        dmean: 0.00018254002498
        dmean2: 0.00032268060022
        dvar: 9.37090760544e-08
        dvar2: 2.57312137819e-07
        max: 0.00312996422872
        mean: 0.0002812720777
        min: 8.64760932018e-06
        var: 8.80896777744e-08
    spectral_energyband_middle_high:
        dmean: 0.000821389316116
        dmean2: 0.00127329363022
        dvar: 9.05789534045e-07
        dvar2: 1.87415935216e-06
        max: 0.00914589129388
        mean: 0.00243511027656
        min: 0.000215519277845
        var: 3.20781600749e-06
    spectral_energyband_middle_low:
        dmean: 0.000871875556186
        dmean2: 0.001404998824
        dvar: 1.2192452914e-06
        dvar2: 3.13175087285e-06
        max: 0.0098542701453
        mean: 0.00163971364964
        min: 0.000140383679536
        var: 2.42648320636e-06
    spectral_flatness_db:
        dmean: 0.0152065688744
        dmean2: 0.023933282122
        dvar: 0.000161188101629
        dvar2: 0.000397847354179
        max: 0.204814314842
        mean: 0.130847707391
        min: 0.0820668935776
        var: 0.000654188916087
    spectral_flux:
        dmean: 0.00937101524323
        dmean2: 0.0139769241214
        dvar: 7.89863988757e-05
        dvar2: 0.000157932270668
        max: 0.0916465967894
        mean: 0.040794968605
        min: 0.0144271571189
        var: 0.000289757095743
    spectral_kurtosis:
        dmean: 0.77766919136
        dmean2: 1.2656468153
        dvar: 0.490215688944
        dvar2: 1.09974730015
        max: 7.12708282471
        mean: 2.7416574955
        min: 0.17663025856
        var: 1.44571948051
    spectral_rms:
        dmean: 0.00032927619759
        dmean2: 0.000495506392326
        dvar: 1.07766879864e-07
        dvar2: 2.28823409998e-07
        max: 0.00392346363515
        mean: 0.00203421595506
        min: 0.000847019022331
        var: 4.65520884063e-07
    spectral_rolloff:
        dmean: 370.180084229
        dmean2: 593.219238281
        dvar: 157244.828125
        dvar2: 372225.90625
        max: 5146.43554688
        mean: 3270.39306641
        min: 1162.79296875
        var: 398391.375
    spectral_skewness:
        dmean: 0.142620176077
        dmean2: 0.223196998239
        dvar: 0.0135902566835
        dvar2: 0.0283667687327
        max: 1.874522686
        mean: 1.30833423138
        min: 0.598697125912
        var: 0.0574250817299
    spectral_spread:
        dmean: 533531.875
        dmean2: 766040.625
        dvar: 297433333760
        dvar2: 597245755392
        max: 8446463
        mean: 5236004.5
        min: 3396467.75
        var: 946622038016
    spectral_strongpeak:
        dmean: 0.511590957642
        dmean2: 0.892516970634
        dvar: 0.628199577332
        dvar2: 1.8674788475
        max: 5.88121461868
        mean: 0.890394568443
        min: 0.0204220432788
        var: 0.821816802025
    zerocrossingrate:
        dmean: 0.00909864902496
        dmean2: 0.0112270461395
        dvar: 6.96813585819e-05
        dvar2: 9.28523586481e-05
        max: 0.17236328125
        mean: 0.095787152648
        min: 0.05615234375
        var: 0.000355510652298
    barkbands:
        dmean: [2.46743752541e-07, 8.96112469491e-05, 0.000120333686937, 0.000107645195385, 0.00025464835926, 8.61666921992e-05, 8.513074863e-05, 0.000237173357164, 0.000372153823264, 0.000185624201549, 0.000169789607753, 6.54678879073e-05, 0.000186811303138, 0.00011289093527, 9.17989236768e-05, 5.6953074818e-05, 7.43897835491e-05, 0.000177178691956, 0.000256982864812, 0.000147737373482, 7.86978198448e-05, 3.2020125218e-05, 7.88249417383e-06, 4.12310873799e-06, 2.20156334763e-06, 6.34580388237e-08, 4.13182932313e-10]
        dmean2: [3.91197545468e-07, 0.000157415081048, 0.000206773125683, 0.000191502607777, 0.000450653053122, 0.000146496764501, 0.000131649401737, 0.000359998055501, 0.000590944604483, 0.000289760238957, 0.000277433398878, 0.000108732710942, 0.00030471579521, 0.000176727480721, 0.000144033925608, 8.79241706571e-05, 0.000122284254758, 0.000280954758637, 0.000407092447858, 0.000220448113396, 0.000114105183457, 4.68112411909e-05, 1.14498898256e-05, 6.32418641544e-06, 3.03168644677e-06, 9.7731316373e-08, 7.17452208754e-10]
        dvar: [1.72003741545e-13, 2.27707417366e-08, 4.8137653863e-08, 3.57497036418e-08, 2.97911157077e-07, 4.78639066159e-08, 6.34636165842e-08, 2.74471005923e-07, 6.13414385953e-07, 1.9606207502e-07, 1.44550639902e-07, 2.22634852776e-08, 1.92110292119e-07, 2.81659140455e-08, 5.65867033231e-08, 6.71808386699e-09, 1.71415415195e-08, 7.7408309096e-08, 1.62968831319e-07, 5.03376860195e-08, 2.0104630849e-08, 2.53591081467e-09, 1.98106420157e-10, 4.72030713128e-11, 1.68243214499e-11, 6.48301780708e-15, 5.98485439107e-19]
        dvar2: [4.72019450436e-13, 6.34426413626e-08, 1.2863179677e-07, 1.00502440148e-07, 8.02064448635e-07, 1.34174442223e-07, 1.31199215048e-07, 6.48277648452e-07, 1.53624500854e-06, 5.15026556513e-07, 4.07916331824e-07, 4.9049056372e-08, 5.33581101081e-07, 6.64020589625e-08, 1.36602281486e-07, 1.19318785963e-08, 4.420923716e-08, 1.86580763284e-07, 4.05150217375e-07, 9.78659429052e-08, 3.95097998762e-08, 4.6594106351e-09, 4.15277146004e-10, 1.06761363639e-10, 2.93173645083e-11, 1.5268841218e-14, 1.16637698287e-18]
        max: [2.96851590065e-06, 0.00111825938802, 0.0022660442628, 0.0017231234815, 0.0049640731886, 0.00270233605988, 0.00332767656073, 0.00496676983312, 0.00804738886654, 0.00595130771399, 0.0046105235815, 0.00210788752884, 0.0048851291649, 0.00169540231582, 0.003662282601, 0.00126794248354, 0.00134813447949, 0.00241339928471, 0.00386669160798, 0.0022755281534, 0.00157144339755, 0.000457623536931, 0.000139498151839, 4.90884849569e-05, 3.78647127945e-05, 5.25013945207e-07, 1.22509833389e-08]
        mean: [3.76714012873e-07, 0.000113237860205, 0.000167661200976, 0.000123696881928, 0.000316502613714, 0.000126984217786, 0.000145092781167, 0.000350414193235, 0.00052162137581, 0.000310813687975, 0.000262723915512, 9.26667198655e-05, 0.000303900858853, 0.000190165883396, 0.000136938237119, 0.000113723886898, 0.000122624260257, 0.000310283357976, 0.000494286650792, 0.000286305439658, 0.000144940160681, 6.02999571129e-05, 1.38432487802e-05, 5.98513952355e-06, 3.48563207808e-06, 7.40172794167e-08, 4.07339828534e-10]
        min: [5.97284666171e-10, 4.06231436045e-07, 2.29582724387e-06, 3.91432513425e-06, 1.15672519314e-05, 2.65783478426e-06, 9.53451547048e-07, 2.08376150113e-06, 3.13379860017e-06, 2.70886448561e-06, 1.73776368229e-06, 2.01811553779e-06, 2.71843919109e-06, 2.05773676498e-06, 2.31161311604e-06, 7.13468125468e-06, 7.82264578447e-06, 1.58162729349e-05, 3.20174622175e-05, 3.15649049298e-05, 1.18354537335e-05, 3.52427286998e-06, 6.6042787239e-07, 4.00928797717e-07, 6.0740106278e-08, 1.32318167534e-09, 1.20921675451e-12]
        var: [1.9410455231e-13, 2.10754649288e-08, 3.9917409822e-08, 2.73503264481e-08, 2.21397471023e-07, 3.72615680533e-08, 9.5919467924e-08, 5.32876470061e-07, 1.13748103558e-06, 4.75016207702e-07, 3.30582309971e-07, 3.26492539671e-08, 3.5340903537e-07, 6.91604284953e-08, 9.24147158798e-08, 2.52019844993e-08, 2.12116528786e-08, 1.2377107339e-07, 3.72128539539e-07, 1.02302387006e-07, 3.85229839139e-08, 5.05712005605e-09, 3.21545096105e-10, 5.79884092133e-11, 3.36247835131e-11, 8.33599851744e-15, 5.71998960797e-19]
    mfcc:
        mean: [-693.871704102, 96.9489135742, -41.1190490723, 44.581413269, -16.7356700897, 1.94396317005, 5.85894298553, 1.26039338112, -4.81426286697, 1.48167395592, 1.73970603943, -5.26546192169, -7.88295841217]
        cov: [[1119.9420166, -203.18421936, -81.8555755615, -106.626289368, -96.2309799194, -32.5632095337, -6.04091739655, -33.7619476318, -71.8744049072, -28.9531326294, 75.2202987671, -67.5573425293, -31.578245163], [-203.18421936, 406.879394531, -119.467842102, -47.5843582153, -72.1118087769, -49.5905990601, 8.66995334625, 22.34998703, -24.5757350922, 47.6525840759, 64.5948486328, 20.4329433441, -12.1587305069], [-81.8555755615, -119.467842102, 264.642303467, 119.498901367, 53.8564376831, -0.625263571739, -12.7662801743, -12.0312433243, 9.79069328308, -17.850769043, -28.038394928, 39.0361251831, 20.3075790405], [-106.626289368, -47.5843582153, 119.498901367, 159.293838501, 45.303653717, -8.49246406555, -34.4309082031, -11.9041090012, 20.1560134888, 5.53945350647, -13.3887271881, 20.0273303986, 12.7266349792], [-96.2309799194, -72.1118087769, 53.8564376831, 45.303653717, 157.938430786, 59.2978096008, -5.34450626373, -17.5329055786, 43.2531318665, -17.6434764862, -58.6321525574, -1.88225662708, 6.64315509796], [-32.5632095337, -49.5905990601, -0.625263571739, -8.49246406555, 59.2978096008, 101.98009491, 45.1600761414, 4.98997735977, 8.66968154907, -16.8641738892, -35.382774353, 2.45971393585, 9.64085006714], [-6.04091739655, 8.66995334625, -12.7662801743, -34.4309082031, -5.34450626373, 45.1600761414, 110.854484558, 47.5915374756, -12.7358522415, -1.37653303146, 23.7890529633, 8.96410083771, -4.29521226883], [-33.7619476318, 22.34998703, -12.0312433243, -11.9041090012, -17.5329055786, 4.98997735977, 47.5915374756, 70.0908889771, 15.1900730133, 17.0070152283, 18.7902793884, -5.19189405441, -15.0190830231], [-71.8744049072, -24.5757350922, 9.79069328308, 20.1560134888, 43.2531318665, 8.66968154907, -12.7358522415, 15.1900730133, 99.3213577271, 27.6926651001, -20.2517280579, -19.4132766724, -2.09114265442], [-28.9531326294, 47.6525840759, -17.850769043, 5.53945350647, -17.6434764862, -16.8641738892, -1.37653303146, 17.0070152283, 27.6926651001, 89.6842422485, 60.683177948, -4.16060018539, -28.5007514954], [75.2202987671, 64.5948486328, -28.038394928, -13.3887271881, -58.6321525574, -35.382774353, 23.7890529633, 18.7902793884, -20.2517280579, 60.683177948, 125.563491821, 9.46361446381, -22.4995498657], [-67.5573425293, 20.4329433441, 39.0361251831, 20.0273303986, -1.88225662708, 2.45971393585, 8.96410083771, -5.19189405441, -19.4132766724, -4.16060018539, 9.46361446381, 65.9086685181, 25.3812866211], [-31.578245163, -12.1587305069, 20.3075790405, 12.7266349792, 6.64315509796, 9.64085006714, -4.29521226883, -15.0190830231, -2.09114265442, -28.5007514954, -22.4995498657, 25.3812866211, 69.874420166]]
        icov: [[0.00149550568312, 0.00108403875493, 0.000252215017099, 0.000684798345901, 0.000541934685316, 0.000105457402242, 0.000239445347688, 0.000731929263566, 0.000490632199217, 0.000999663025141, -0.00165596511215, 0.0012400689302, 0.000211201157072], [0.00108403875493, 0.00430638575926, 0.00196626503021, 0.000450142804766, 0.000355008960469, 0.00179186102469, -8.8183565822e-05, -0.00026421243092, 0.00108160229865, -0.000831688230392, -0.000972169975284, -0.00120896380395, 6.18626072537e-05], [0.000252215017099, 0.00196626503021, 0.00738342432305, -0.00428101234138, -0.000905647641048, 0.00220205914229, -0.00143634225242, 0.000166734316736, 9.96009330265e-05, 0.000514186627697, 0.000601287640166, -0.00354524608701, 0.000513939594384], [0.000684798345901, 0.000450142804766, -0.00428101234138, 0.0114069301635, -0.00196531857364, 0.000472156330943, 0.00355592486449, -0.00123090413399, 0.000125895618112, -0.00114609464072, -0.00123575655743, -0.000472222425742, -0.00105999119114], [0.000541934685316, 0.000355008960469, -0.000905647641048, -0.00196531857364, 0.0123418932781, -0.00633323332295, 9.69304091996e-05, 0.00387815665454, -0.00457948539406, 0.00173182412982, 0.00131189264357, 9.88709798548e-05, 0.00242369086482], [0.000105457402242, 0.00179186102469, 0.00220205914229, 0.000472156330943, -0.00633323332295, 0.0204792842269, -0.0106050372124, 0.0026894484181, 0.00119623087812, -0.00331257213838, 0.00554003566504, -0.00115435756743, -0.00177597685251], [0.000239445347688, -8.8183565822e-05, -0.00143634225242, 0.00355592486449, 9.69304091996e-05, -0.0106050372124, 0.022035446018, -0.0135921388865, 0.00251963874325, 0.00417808629572, -0.0066083795391, -0.00167519354727, 9.82302299235e-06], [0.000731929263566, -0.00026421243092, 0.000166734316736, -0.00123090413399, 0.00387815665454, 0.0026894484181, -0.0135921388865, 0.0268501937389, -0.00635546585545, -0.000716626876965, 0.000605677370913, 0.00162168359384, 0.00377999176271], [0.000490632199217, 0.00108160229865, 9.96009330265e-05, 0.000125895618112, -0.00457948539406, 0.00119623087812, 0.00251963874325, -0.00635546585545, 0.0181992631406, -0.00945658050478, 0.00422575650737, 0.0048650354147, -0.0043018264696], [0.000999663025141, -0.000831688230392, 0.000514186627697, -0.00114609464072, 0.00173182412982, -0.00331257213838, 0.00417808629572, -0.000716626876965, -0.00945658050478, 0.026662601158, -0.0140359308571, -0.000981466961093, 0.0071907741949], [-0.00165596511215, -0.000972169975284, 0.000601287640166, -0.00123575655743, 0.00131189264357, 0.00554003566504, -0.0066083795391, 0.000605677370913, 0.00422575650737, -0.0140359308571, 0.0205327849835, -0.0032512252219, 0.000161587726325], [0.0012400689302, -0.00120896380395, -0.00354524608701, -0.000472222425742, 9.88709798548e-05, -0.00115435756743, -0.00167519354727, 0.00162168359384, 0.0048650354147, -0.000981466961093, -0.0032512252219, 0.024514419958, -0.00834439415485], [0.000211201157072, 6.18626072537e-05, 0.000513939594384, -0.00105999119114, 0.00242369086482, -0.00177597685251, 9.82302299235e-06, 0.00377999176271, -0.0043018264696, 0.0071907741949, 0.000161587726325, -0.00834439415485, 0.0211763307452]]
    spectral_contrast:
        mean: [7.92880356926e-08, 1.27526220695e-08, -1.20448163443e-07, 3.42899966199e-08, 2.59470809283e-08, -1.9135863738e-07, -2.19594608097e-06, -1.00898182609e-06, -3.71721603187e-06, 1.62873163845e-07, -1.02187311768e-06, -1.89113063698e-06]
        var: [0.000252764468314, 0.000478707981529, 0.00137181463651, 0.00183284946252, 0.00536442687735, 0.00791716109961, 0.0327593497932, 0.0568500198424, 0.152647465467, 0.189363464713, 0.206120207906, 0.621940135956]

rhythm:
    beats_loudness:
        dmean: 0.0061826617457
        dmean2: 0.012661552988
        dvar: 7.21750620869e-06
        dvar2: 1.77201818587e-05
        max: 0.0141215603799
        mean: 0.00788012333214
        min: 0.00234447768889
        var: 1.28899273477e-05
    beats_loudness_bass:
        dmean: 0.145606309175
        dmean2: 0.300351798534
        dvar: 0.00828830711544
        dvar2: 0.0231761950999
        max: 0.340195059776
        mean: 0.111572034657
        min: 0.0110117150471
        var: 0.00945659726858
    bpm: 104.438026428
    bpm_confidence: 0
    first_peak_bpm: 104
    first_peak_spread: 0
    first_peak_weight: 0.9375
    onset_rate: 4.48608398438
    second_peak_bpm: 98
    second_peak_spread: 0
    second_peak_weight: 0.0625
    beats_position: [0.325438708067, 0.9000223279, 1.47460591793, 2.04918956757, 2.62377309799, 3.19835662842, 3.77294039726, 4.34752416611, 4.92210769653, 5.49669122696, 6.1066493988, 6.68106412888, 7.25547885895, 7.82989358902, 8.40430831909, 8.97872257233, 9.55313777924]
    bpm_estimates: [104.49180603, 104.369300842, 104.529876709, 104.373809814, 104.35585022, 104.4116745, 104.395973206, 104.387107849, 104.495948792, 104.624778748, 104.375579834, 104.262908936, 104.748634338, 104.454071045, 104.31803894, 104.381156921, 104.469902039]
    bpm_intervals: [0.574583649635, 0.574583590031, 0.574583649635, 0.574583530426, 0.574583530426, 0.574583768845, 0.574583768845, 0.574583530426, 0.574583530426, 0.609958171844, 0.574414730072, 0.574414730072, 0.574414730072, 0.574414730072, 0.574414253235, 0.574415206909]
    onset_times: [0.0580498874187, 0.325079351664, 0.615328788757, 0.777868509293, 0.870748281479, 1.19582772255, 1.47446715832, 1.764716506, 1.93886625767, 2.0549659729, 2.22911572456, 2.34521532059, 2.63546490669, 2.93732428551, 3.08825397491, 3.20435380936, 3.52943301201, 3.76163268089, 4.08671188354, 4.37696123123, 4.53950119019, 4.94585037231, 5.3754196167, 5.51473903656, 5.81659841537, 6.09523820877, 6.38548755646, 6.67573690414, 6.84988641739, 6.96598625183, 7.24462604523, 7.46521520615, 7.69741487503, 7.8251247406, 8.13859367371, 8.40562343597, 8.60299301147, 8.71909332275, 8.88163280487, 8.99773216248, 9.19510173798, 9.27637195587, 9.55501174927, 9.75238132477, 9.97297096252]
    rubato_start: []
    rubato_stop: []
    perceptual_tempo: "unknown"

sfx:
    inharmonicity:
        dmean: 0.0426502004266
        dmean2: 0.07421246171
        dvar: 0.00196831650101
        dvar2: 0.00572539586574
        max: 0.290954321623
        mean: 0.0513877160847
        min: 0.000201454080525
        var: 0.00196993350983
    oddtoevenharmonicenergyratio:
        dmean: 2.32608509064
        dmean2: 4.18975925446
        dvar: 25.1918029785
        dvar2: 68.510559082
        max: 41.2938537598
        mean: 1.88775479794
        min: 0.00771615887061
        var: 20.7155952454
    pitch_after_max_to_before_max_energy_ratio: 19.6967544556
    pitch_centroid: 219.479415894
    pitch_max_to_total: 0.0558139532804
    pitch_min_to_total: 0.727907001972
    tristimulus:
        dmean: [0.175025671721, 0.230705723166, 0.141187995672]
        dmean2: [0.299479365349, 0.399796038866, 0.246992081404]
        dvar: [0.0224033072591, 0.0379472896457, 0.0150326183066]
        dvar2: [0.0639385133982, 0.107215866446, 0.04438829422]
        max: [0.883160769939, 0.960131287575, 0.717878580093]
        mean: [0.318394929171, 0.479894459248, 0.156214371324]
        min: [0.00818573869765, 0, 0]
        var: [0.031295247376, 0.0536338239908, 0.0185449756682]

tonal:
    chords_changes_rate: 0.0833333358169
    chords_number_rate: 0.0416666679084
    chords_strength:
        dmean: 0.0122232418507
        dmean2: 0.0105684595183
        dvar: 8.25659153634e-05
        dvar2: 0.000119237614854
        max: 0.710122227669
        mean: 0.545827150345
        min: 0.341253072023
        var: 0.00675510754809
    key_strength: 0.842604756355
    tuning_diatonic_strength: 0.690574765205
    tuning_equal_tempered_deviation: 0.107631795108
    tuning_frequency: 445.627075195
    tuning_nontempered_energy_ratio: 0.765726864338
    hpcp:
        dmean: [0.151478871703, 0.120290540159, 0.120842769742, 0.124859653413, 0.121448136866, 0.138191848993, 0.142985627055, 0.145795375109, 0.156363144517, 0.158058986068, 0.170038938522, 0.105138972402, 0.090799562633, 0.101393766701, 0.114385321736, 0.159794971347, 0.156382784247, 0.139042556286, 0.128181114793, 0.123266354203, 0.129753068089, 0.1376221627, 0.142719000578, 0.126588881016, 0.110270671546, 0.104889273643, 0.109992869198, 0.123733840883, 0.140720754862, 0.176322221756, 0.219193458557, 0.19264601171, 0.127150043845, 0.106614992023, 0.103888936341, 0.129618749022]
        dmean2: [0.257413029671, 0.182516843081, 0.208583205938, 0.210395440459, 0.201839908957, 0.240798845887, 0.236438632011, 0.257387578487, 0.264145284891, 0.255575120449, 0.284424424171, 0.179655194283, 0.157451078296, 0.178919672966, 0.185027450323, 0.252523809671, 0.25526714325, 0.236936017871, 0.233153924346, 0.202299013734, 0.225490599871, 0.228138998151, 0.238966435194, 0.213850036263, 0.174031540751, 0.178085178137, 0.190015554428, 0.2137658149, 0.246037974954, 0.296893030405, 0.358870476484, 0.320961952209, 0.222134485841, 0.181823626161, 0.180200949311, 0.225141763687]
        dvar: [0.0323863476515, 0.0180090200156, 0.026437157765, 0.0275070946664, 0.0282805282623, 0.0294893700629, 0.0341734997928, 0.0340173095465, 0.0397621691227, 0.0341481417418, 0.0371056683362, 0.020776309073, 0.0165344625711, 0.0258734244853, 0.0276835691184, 0.0459467880428, 0.0451475717127, 0.0440563261509, 0.0430599860847, 0.038000356406, 0.0334870480001, 0.0341405496001, 0.0318105183542, 0.0275678727776, 0.0224593989551, 0.0258691404015, 0.0237306002527, 0.0299731791019, 0.0378011316061, 0.0397413745522, 0.043674916029, 0.0336273275316, 0.034061126411, 0.0276086479425, 0.0206641256809, 0.0225026700646]
        dvar2: [0.0795620009303, 0.0392395853996, 0.0716027617455, 0.0683679655194, 0.0685535296798, 0.0794656723738, 0.0877669230103, 0.0998048335314, 0.105244621634, 0.0821240618825, 0.110521577299, 0.0564945489168, 0.044300287962, 0.0690529048443, 0.0679607689381, 0.114359647036, 0.0907901525497, 0.120880275965, 0.107356116176, 0.0919763296843, 0.094159655273, 0.085349984467, 0.0810605064034, 0.0674653500319, 0.0517436526716, 0.0680700987577, 0.0672724768519, 0.0830917358398, 0.105486109853, 0.108135715127, 0.0898751318455, 0.0788489580154, 0.0961802825332, 0.0746819004416, 0.0575059652328, 0.0508777350187]
        max: [1, 1, 1, 1, 1, 1, 1, 1, 1, 1, 1, 1, 0.748268723488, 1, 1, 1, 1, 1, 1, 1, 1, 1, 1, 1, 1, 1, 1, 1, 1, 1, 1, 1, 1, 1, 0.912096500397, 1]
        mean: [0.29826399684, 0.234934195876, 0.157483205199, 0.155123353004, 0.147323548794, 0.186675727367, 0.25039049983, 0.22930328548, 0.233399525285, 0.317993283272, 0.263014525175, 0.138759598136, 0.106137380004, 0.107662133873, 0.149366691709, 0.254544347525, 0.25107473135, 0.173711165786, 0.183617427945, 0.163563624024, 0.158357590437, 0.243954867125, 0.225928992033, 0.160592138767, 0.15985289216, 0.136140167713, 0.127378359437, 0.144804030657, 0.162905111909, 0.278429448605, 0.426351666451, 0.319431990385, 0.150671854615, 0.124391317368, 0.131811976433, 0.213315665722]
        min: [0.00551858404651, 0.0065483385697, 0.00423289742321, 0.00259799067862, 0.00567689072341, 0.00355153856799, 0.00281232804991, 0.00191600748803, 0.00359697313979, 0.00937135331333, 0.0105382697657, 0.005745196715, 0.00370532623492, 0.00190732791089, 0.00215317169204, 0.0043328050524, 0.00388002838008, 0.00252251280472, 0.00225912034512, 0.00133005355019, 0.00173636572435, 0.00312580098398, 0.00251726806164, 0.00268089072779, 0.000611235445831, 0.00107642321382, 0.00238073244691, 0.00255084061064, 0.0038729805965, 0.00598820578307, 0.0072204391472, 0.00643466319889, 0.00364660471678, 0.0016395204002, 0.00593618815765, 0.00917461141944]
        var: [0.101812161505, 0.0604443997145, 0.0291775148362, 0.0311968289316, 0.035523481667, 0.0450479350984, 0.0758149474859, 0.0532192885876, 0.0624681077898, 0.0944214463234, 0.0706702768803, 0.0263210460544, 0.0170855056494, 0.0242607165128, 0.0379937440157, 0.0848397687078, 0.0844484642148, 0.0551840364933, 0.0814829692245, 0.0667436420918, 0.0331767052412, 0.0753384456038, 0.0617826208472, 0.0396768897772, 0.0437597669661, 0.0314500741661, 0.0241329409182, 0.0315448082983, 0.0350409522653, 0.0636030808091, 0.10445278883, 0.069010168314, 0.0291818510741, 0.0234257243574, 0.0221215989441, 0.0533903092146]
    chords_histogram: [37.0370368958, 1.38888883591, 13.4259262085, 0, 2.31481480598, 0, 0, 0, 0, 0, 0, 0, 0, 0, 0, 1.38888883591, 5.09259271622, 16.6666660309, 0, 0, 0, 0, 12.0370368958, 10.6481485367]
    thpcp: [1, 0.749221861362, 0.353398054838, 0.291757553816, 0.309162557125, 0.500327944756, 0.699572741985, 0.551033854485, 0.369373977184, 0.363838970661, 0.345544666052, 0.437844485044, 0.587286293507, 0.537826657295, 0.547434270382, 0.745847404003, 0.616895735264, 0.325458079576, 0.248943269253, 0.252519547939, 0.350336819887, 0.597029089928, 0.588891148567, 0.407436341047, 0.430671304464, 0.38363546133, 0.371424823999, 0.572191655636, 0.529912292957, 0.376665920019, 0.374932020903, 0.319314271212, 0.298763602972, 0.339635193348, 0.382090955973, 0.653051137924]
    chords_key: "C"
    chords_scale: "major"
    key_key: "C"
    key_scale: "major"
    chords_progression: ["D", "D", "G", "G", "G", "G", "G", "G", "G", "G", "G", "G", "G", "G", "G", "G", "G", "G", "G", "G", "G", "G", "G", "G", "G", "G", "G", "G", "G", "Em", "Em", "Em", "C", "C", "C", "C", "C", "C", "C", "C", "C", "C", "C", "C", "C", "C", "C", "C", "C", "C", "C", "C", "F", "F", "F", "F", "F", "F", "F", "F", "F", "F", "F", "F", "F", "F", "F", "F", "F", "F", "F", "F", "F", "F", "F", "F", "F", "Am", "Am", "F", "Am", "Am", "Am", "Am", "Am", "Am", "Am", "Am", "Am", "Am", "Am", "Am", "Am", "Am", "Am", "Am", "Am", "Am", "D", "D", "Am", "Am", "Am", "D", "G", "G", "C", "C", "C", "C", "C", "C", "C", "C", "C", "C", "C", "C", "C", "C", "C", "C", "C", "C", "C", "C", "C", "C", "C", "C", "C", "C", "C", "C", "C", "C", "C", "C", "C", "C", "C", "C", "C", "C", "C", "C", "C", "C", "C", "C", "C", "C", "C", "C", "C", "C", "C", "C", "C", "C", "C", "C", "C", "C", "C", "C", "Cm", "Cm", "Cm", "Cm", "Cm", "Cm", "Cm", "Cm", "Cm", "Cm", "Cm", "Cm", "Cm", "Cm", "Cm", "Cm", "Cm", "G#", "G#", "G#", "G#", "G#", "G#", "G#", "G#", "G#", "G#", "G#", "Fm", "Cm", "Cm", "Cm", "Cm", "Cm", "Cm", "Cm", "Cm", "Fm", "Fm", "Cm", "Cm", "Cm", "Cm", "Cm", "Cm", "Cm", "Cm", "Cm", "Cm", "Cm"]
