
metadata:
    version:
        essentia: "1.2.2"
    audio_properties:
        analysis_sample_rate: 44100
        bitrate: 128
        channels: 2
        equal_loudness: 1
        length: 10.0048980713
        replay_gain: -6.46282196045
        downmix: "mix"
    tags:
        track: 21
        year: 0
        album: "Splitted by Mp3Splt v. 2.1"
        artist: "From 003.20 To 003.30"
        comment: "http://mp3splt.sf.net"
        genre: ""
        title: "08 Ecstasy.mp3"

highlevel:
    ballroom:
        all:
            ChaChaCha: 0.246740594506
            Jive: 0.489107936621
            Quickstep: 0.12468777597
            Rumba-American: 0.00115808029659
            Rumba-International: 0.00584743684158
            Rumba-Misc: 0.00136806559749
            Samba: 0.12609988451
            Tango: 0.000946523505263
            VienneseWaltz: 0.00320955645293
            Waltz: 0.000834150589071
        probability: 0.489107936621
        value: "Jive"
    culture:
        all:
            non_western: 0.278060793877
            western: 0.721939206123
        probability: 0.721939206123
        value: "western"
    gender:
        all:
            female: 0.638769090176
            male: 0.361230909824
        probability: 0.638769090176
        value: "female"
    genre_dortmund:
        all:
            alternative: 0.0258972626179
            blues: 0.00885260570794
            electronic: 0.277392268181
            folkcountry: 0.0164028741419
            funksoulrnb: 0.0592739805579
            jazz: 0.144838169217
            pop: 0.0685712993145
            raphiphop: 0.0475742518902
            rock: 0.351197272539
        probability: 0.351197272539
        value: "rock"
    genre_electronica:
        all:
            ambient: 0.0575808025897
            dnb: 0.464169889688
            house: 0.0322791859508
            techno: 0.0226201452315
            trance: 0.42334997654
        probability: 0.464169889688
        value: "dnb"
    genre_rosamerica:
        all:
            cla: 0.0240568891168
            dan: 0.344216614962
            hip: 0.0105236507952
            jaz: 0.0198175366968
            pop: 0.195729255676
            rhy: 0.0173746943474
            roc: 0.385681033134
            spe: 0.00260032201186
        probability: 0.385681033134
        value: "roc"
    genre_tzanetakis:
        all:
            blu: 0.0011781391222
            cla: 0.00190003553871
            cou: 0.00909211672843
            dis: 0.552180409431
            hip: 0.00970095116645
            jaz: 0.0380538702011
            met: 0.0143016651273
            pop: 0.189864262938
            reg: 0.036182988435
            roc: 0.147545546293
        probability: 0.552180409431
        value: "dis"
    live_studio:
        all:
            live: 0.451979219913
            studio: 0.548020780087
        probability: 0.548020780087
        value: "studio"
    mood:
        all:
            Cluster1: 0.260715782642
            Cluster2: 0.39028942585
            Cluster3: 0.0274837817997
            Cluster4: 0.138237729669
            Cluster5: 0.183273285627
        probability: 0.39028942585
        value: "Cluster2"
    mood_acoustic:
        all:
            acoustic: 0.0246436260641
            not_acoustic: 0.975356400013
        probability: 0.975356400013
        value: "not_acoustic"
    mood_aggressive:
        all:
            aggressive: 0.902070522308
            not_aggressive: 0.0979294851422
        probability: 0.902070522308
        value: "aggressive"
    mood_electronic:
        all:
            electronic: 0.915471732616
            not_electronic: 0.0845282524824
        probability: 0.915471732616
        value: "electronic"
    mood_happy:
        all:
            happy: 0.826379239559
            not_happy: 0.173620730639
        probability: 0.826379239559
        value: "happy"
    mood_party:
        all:
            not_party: 0.384279727936
            party: 0.615720272064
        probability: 0.615720272064
        value: "party"
    mood_relaxed:
        all:
            not_relaxed: 0.939036905766
            relaxed: 0.0609630942345
        probability: 0.939036905766
        value: "not_relaxed"
    mood_sad:
        all:
            not_sad: 0.913201808929
            sad: 0.0867982059717
        probability: 0.913201808929
        value: "not_sad"
    rhythm:
        all:
            fast: 0.887297093868
            medium: 0.0995329096913
            slow: 0.0131699936464
        probability: 0.887297093868
        value: "fast"
    speech_music:
        all:
            music: 0.995166182518
            speech: 0.00483381003141
        probability: 0.995166182518
        value: "music"
    timbre:
        all:
            bright: 0.907324910164
            dark: 0.0926750674844
        probability: 0.907324910164
        value: "bright"
    voice_instrumental:
        all:
            instrumental: 0.930294632912
            voice: 0.0697053596377
        probability: 0.930294632912
        value: "instrumental"

lowlevel:
    average_loudness: 0.964160680771
    barkbands_kurtosis:
        dmean: 1.20854365826
        dmean2: 1.82308804989
        dvar: 5.37694597244
        dvar2: 10.8766374588
        max: 23.6816082001
        mean: 0.147571384907
        min: -1.77804970741
        var: 8.89430332184
    barkbands_skewness:
        dmean: 0.504450261593
        dmean2: 0.759622573853
        dvar: 0.253911346197
        dvar2: 0.494089633226
        max: 4.72142410278
        mean: 0.46136251092
        min: -2.69738841057
        var: 0.948272109032
    barkbands_spread:
        dmean: 6.3269033432
        dmean2: 9.17311382294
        dvar: 37.8798599243
        dvar2: 75.6216201782
        max: 57.6360054016
        mean: 29.1698207855
        min: 4.66663885117
        var: 129.70880127
    dissonance:
        dmean: 0.0136201027781
        dmean2: 0.0226735565811
        dvar: 0.000211681355722
        dvar2: 0.000426884857006
        max: 0.499941080809
        mean: 0.475422024727
        min: 0.335736840963
        var: 0.000382937287213
    hfc:
        dmean: 3.67146468163
        dmean2: 5.68075227737
        dvar: 32.8124885559
        dvar2: 81.1692810059
        max: 38.7190856934
        mean: 6.37540197372
        min: 0.0303588937968
        var: 43.0864944458
    pitch:
        dmean: 544.960632324
        dmean2: 1061.77307129
        dvar: 1355678.75
        dvar2: 3319778.75
        max: 4900
        mean: 729.706359863
        min: 61.5921783447
        var: 1417675.25
    pitch_instantaneous_confidence:
        dmean: 0.0897469297051
        dmean2: 0.136893719435
        dvar: 0.00621404219419
        dvar2: 0.0141159640625
        max: 0.835887551308
        mean: 0.369758695364
        min: 0.123142898083
        var: 0.0213557127863
    pitch_salience:
        dmean: 0.0657064020634
        dmean2: 0.104488343
        dvar: 0.00350153120235
        dvar2: 0.00792922917753
        max: 0.836482048035
        mean: 0.639830470085
        min: 0.270915925503
        var: 0.0103851174936
    silence_rate_20dB:
        dmean: 0
        dmean2: 0
        dvar: 0
        dvar2: 0
        max: 1
        mean: 1
        min: 1
        var: 0
    silence_rate_30dB:
        dmean: 0
        dmean2: 0
        dvar: 0
        dvar2: 0
        max: 1
        mean: 1
        min: 1
        var: 0
    silence_rate_60dB:
        dmean: 0.208816707134
        dmean2: 0.418604642153
        dvar: 0.165212631226
        dvar2: 0.313142776489
        max: 1
        mean: 0.451388895512
        min: 0
        var: 0.247636437416
    spectral_centroid:
        dmean: 350.075195312
        dmean2: 546.565551758
        dvar: 146192.375
        dvar2: 305186.0625
        max: 4178.81542969
        mean: 1471.58996582
        min: 393.974914551
        var: 544846.125
    spectral_complexity:
        dmean: 5.94651174545
        dmean2: 9.00932407379
        dvar: 53.6738853455
        dvar2: 121.981185913
        max: 51
        mean: 14.150812149
        min: 0
        var: 95.8728713989
    spectral_crest:
        dmean: 2.19125366211
        dmean2: 3.38308644295
        dvar: 4.91684627533
        dvar2: 9.55892848969
        max: 23.005531311
        mean: 7.65355348587
        min: 2.47142457962
        var: 19.0243434906
    spectral_decrease:
        dmean: 3.94142413151e-10
        dmean2: 5.87234150196e-10
        dvar: 2.7291679183e-19
        dvar2: 6.59902513915e-19
        max: -4.07680963641e-12
        mean: -9.43201294845e-10
        min: -4.30147695241e-09
        var: 4.71070208163e-19
    spectral_energy:
        dmean: 0.00179114565253
        dmean2: 0.00267592794262
        dvar: 5.93232925894e-06
        dvar2: 1.44844461829e-05
        max: 0.0190177019686
        mean: 0.004138127435
        min: 1.81404193427e-05
        var: 9.42313999985e-06
    spectral_energyband_high:
        dmean: 0.000288662908133
        dmean2: 0.000419377931394
        dvar: 2.01832321522e-07
        dvar2: 3.84359850614e-07
        max: 0.0042878864333
        mean: 0.000448926322861
        min: 2.051661113e-06
        var: 4.34701661334e-07
    spectral_energyband_low:
        dmean: 0.000271243596217
        dmean2: 0.000453822402051
        dvar: 3.41021092254e-07
        dvar2: 8.8657628794e-07
        max: 0.00378461601213
        mean: 0.000294688477879
        min: 8.04626125728e-08
        var: 2.85869447225e-07
    spectral_energyband_middle_high:
        dmean: 0.000917721539736
        dmean2: 0.00151015922893
        dvar: 2.48994456342e-06
        dvar2: 6.4616679083e-06
        max: 0.0101896477863
        mean: 0.00155899534002
        min: 6.37496896161e-06
        var: 2.69314477919e-06
    spectral_energyband_middle_low:
        dmean: 0.000655726646073
        dmean2: 0.000953413953539
        dvar: 4.33060762361e-07
        dvar2: 9.33911792345e-07
        max: 0.0069649820216
        mean: 0.00183551921509
        min: 9.6328321888e-06
        var: 2.01241800823e-06
    spectral_flatness_db:
        dmean: 0.019682392478
        dmean2: 0.0279897321016
        dvar: 0.00034233686165
        dvar2: 0.000587991671637
        max: 0.266694694757
        mean: 0.143180027604
        min: 0.0738320574164
        var: 0.00141376385
    spectral_flux:
        dmean: 0.0105451745912
        dmean2: 0.01602717489
        dvar: 0.000167602775036
        dvar2: 0.00027933579986
        max: 0.0999596938491
        mean: 0.0362679846585
        min: 0.00425915699452
        var: 0.000341538339853
    spectral_kurtosis:
        dmean: 1.7284039259
        dmean2: 2.70460891724
        dvar: 7.22390890121
        dvar2: 17.6073722839
        max: 27.7383785248
        mean: 3.99426579475
        min: -0.0744941234589
        var: 15.4746084213
    spectral_rms:
        dmean: 0.000403397949412
        dmean2: 0.000587681308389
        dvar: 2.16008174903e-07
        dvar2: 4.93237166665e-07
        max: 0.004307418596
        mean: 0.0018867024919
        min: 0.000133033710881
        var: 4.77551964195e-07
    spectral_rolloff:
        dmean: 620.406311035
        dmean2: 954.888977051
        dvar: 554844.9375
        dvar2: 1038960.1875
        max: 5598.6328125
        mean: 2839.78564453
        min: 366.064453125
        var: 1866639.125
    spectral_skewness:
        dmean: 0.274534523487
        dmean2: 0.405544191599
        dvar: 0.109269589186
        dvar2: 0.223820760846
        max: 3.59952092171
        mean: 1.47368192673
        min: -0.339829534292
        var: 0.383066475391
    spectral_spread:
        dmean: 738374.375
        dmean2: 1046135.75
        dvar: 856507875328
        dvar2: 1.47251239322e+12
        max: 9650466
        mean: 4994608.5
        min: 1327356
        var: 2.7789206487e+12
    spectral_strongpeak:
        dmean: 0.293441355228
        dmean2: 0.512281000614
        dvar: 0.229239046574
        dvar2: 0.599702000618
        max: 3.81158733368
        mean: 0.427585721016
        min: 0.0160408243537
        var: 0.231785684824
    zerocrossingrate:
        dmean: 0.0126850930974
        dmean2: 0.0136650456116
        dvar: 0.000142426215461
        dvar2: 0.000145444166264
        max: 0.19970703125
        mean: 0.084035359323
        min: 0.0205078125
        var: 0.00123407226056
    barkbands:
        dmean: [1.08018326728e-07, 0.000122826706502, 0.000181391806109, 0.000126595696202, 0.000244484690484, 0.000359919707989, 7.48188758735e-05, 4.9237121857e-05, 0.000123344201711, 6.55877374811e-05, 5.01583926962e-05, 7.45335346437e-05, 0.00013535002654, 6.9918402005e-05, 6.65858970024e-05, 0.000110586515802, 0.00012351598707, 0.000176285859197, 0.000236694686464, 0.000185942961252, 0.00014362850925, 4.30277905252e-05, 9.51849233388e-06, 2.95937707051e-06, 1.8983425889e-06, 1.65465237956e-07, 5.7547377974e-10]
        dmean2: [1.62123470204e-07, 0.000206568496651, 0.000326425593812, 0.000213482679101, 0.000406991399359, 0.000527206168044, 0.000119150499813, 7.6835269283e-05, 0.000185444776434, 0.000106559811684, 7.81279522926e-05, 0.000113009700726, 0.000211779683013, 0.000119731630548, 0.000105270926724, 0.000186758945347, 0.000206058786716, 0.000300496758427, 0.000405765138566, 0.000298027152894, 0.000217638749746, 6.25297398074e-05, 1.47716455103e-05, 4.29360261478e-06, 2.54097676589e-06, 2.35508352375e-07, 8.18284939808e-10]
        dvar: [3.24949858417e-14, 6.56192540305e-08, 1.94246254637e-07, 7.07996505867e-08, 1.24431423387e-07, 2.05932934705e-07, 8.60244675494e-09, 3.51419227052e-09, 2.30145538183e-08, 1.08728368531e-08, 5.2497202141e-09, 1.03710284804e-08, 5.04595583095e-08, 1.33550512871e-08, 7.48079109769e-09, 3.73512385465e-08, 4.9961911941e-08, 1.05985058951e-07, 1.78785342086e-07, 1.0203851275e-07, 4.54987585385e-08, 6.91145807252e-09, 2.29150448616e-10, 2.51086477998e-11, 1.03721050845e-11, 1.00417626146e-13, 2.02366047636e-17]
        dvar2: [7.84028807046e-14, 1.78388930294e-07, 5.35441927241e-07, 1.68471260054e-07, 3.22112015283e-07, 3.5130679521e-07, 2.30331913542e-08, 9.17569842329e-09, 4.87020805906e-08, 2.85878982709e-08, 1.03778967642e-08, 2.39484627684e-08, 1.08806474941e-07, 3.58166758474e-08, 1.68930220923e-08, 9.7793382281e-08, 1.29752351086e-07, 2.76339989114e-07, 4.80401524783e-07, 2.49253417905e-07, 8.53387405186e-08, 1.32265220998e-08, 5.13584508255e-10, 5.32276132892e-11, 2.14061476878e-11, 2.26453404639e-13, 2.06979002301e-17]
        max: [1.53917233092e-06, 0.00163344072644, 0.00272235833108, 0.0035503921099, 0.00349812721834, 0.00607818458229, 0.00111719185952, 0.000552741403226, 0.00172581605148, 0.000932880444452, 0.00095747911837, 0.00114247680176, 0.00252249115147, 0.000776084489189, 0.000633553776424, 0.00134780223016, 0.00157167355064, 0.00205181352794, 0.00248131807894, 0.00271943444386, 0.00205903034657, 0.00102130917367, 0.000115195143735, 4.38242495875e-05, 2.2884023565e-05, 2.33760442825e-06, 9.32056423153e-08]
        mean: [1.49198896793e-07, 0.000138499410241, 0.000156041351147, 0.000140310221468, 0.000438700371888, 0.000775398279075, 0.000129480336909, 8.25073220767e-05, 0.000257436331594, 9.1025045549e-05, 9.61142504821e-05, 0.000143320168718, 0.000204840893275, 8.57136838022e-05, 0.00010383548215, 0.00013087989646, 0.000144837846165, 0.000201173344976, 0.000260660250206, 0.000238668231759, 0.000229350873269, 6.73066388117e-05, 1.41159644045e-05, 4.8754764066e-06, 2.69386464424e-06, 1.95988164364e-07, 5.75614611531e-10]
        min: [2.50074475017e-11, 4.59964653032e-08, 3.15959702846e-08, 1.18651314551e-07, 9.76371325123e-07, 5.74218347538e-07, 5.66853600503e-07, 2.83987105831e-07, 6.29903570371e-06, 9.24174372585e-08, 1.92779410213e-07, 1.63565346156e-07, 6.01593399097e-07, 2.19913630417e-07, 1.12770567284e-06, 9.91364800029e-07, 3.56274881597e-07, 5.19031061685e-07, 6.51586503864e-07, 1.60249135206e-06, 4.27206032327e-07, 1.81014385703e-07, 6.5036558361e-09, 1.6278896009e-09, 2.27626051341e-09, 8.29367408084e-11, 2.82541351426e-13]
        var: [4.95551577475e-14, 5.28999635208e-08, 1.36026983455e-07, 7.39177110631e-08, 3.064811267e-07, 1.04845014448e-06, 1.7464662605e-08, 6.07227956806e-09, 6.82997338686e-08, 1.30581527813e-08, 1.16453380272e-08, 2.9770275134e-08, 8.06019855304e-08, 1.41328788672e-08, 1.19050573844e-08, 3.68348409552e-08, 4.7419707272e-08, 9.87806956232e-08, 1.6063717112e-07, 1.33183633011e-07, 1.07420717654e-07, 1.48304453162e-08, 3.56441209881e-10, 5.00214279719e-11, 1.72464247744e-11, 1.30305678357e-13, 2.02946397553e-17]
    mfcc:
        mean: [-710.94342041, 116.67414093, -40.8610954285, 43.4058113098, -22.6750545502, 5.20633077621, -3.42041897774, -8.51847648621, -6.97111177444, -7.86310529709, -0.980695188046, -1.696179986, -1.67696225643]
        cov: [[3052.31713867, -1272.36682129, 64.4565734863, 32.9907455444, 121.739456177, -4.35630702972, 20.9128322601, 62.3231468201, 111.557609558, 15.3116197586, -47.9490776062, -70.0922088623, -96.8861160278], [-1272.36682129, 1652.89428711, -219.265396118, -189.458236694, 77.3902282715, 98.8173980713, 59.8202400208, 7.66089487076, -71.4250411987, -31.5624504089, 13.1671009064, 8.35778427124, 62.4463806152], [64.4565734863, -219.265396118, 399.67376709, -82.8736343384, -19.5901889801, 2.71287465096, -21.3283195496, -58.3334197998, 2.01475310326, -17.9359226227, 1.59458148479, 12.3787202835, 4.86194419861], [32.9907455444, -189.458236694, -82.8736343384, 319.99029541, -24.3279438019, 20.3013916016, -1.49844956398, 47.2924766541, 21.8660774231, 32.6903419495, 8.45601177216, 0.473687827587, 8.71509361267], [121.739456177, 77.3902282715, -19.5901889801, -24.3279438019, 163.154464722, 3.03527736664, 31.8329353333, 34.102809906, 9.50761413574, 9.23544406891, 2.61217570305, 13.1059217453, 6.61870908737], [-4.35630702972, 98.8173980713, 2.71287465096, 20.3013916016, 3.03527736664, 97.7392044067, 29.845199585, 12.5860233307, 9.31587696075, 4.29156160355, 6.83358335495, 0.828465223312, 8.54423618317], [20.9128322601, 59.8202400208, -21.3283195496, -1.49844956398, 31.8329353333, 29.845199585, 71.522567749, 35.9796943665, 17.7337875366, 14.9639310837, 6.62973642349, 7.58825206757, 4.07970285416], [62.3231468201, 7.66089487076, -58.3334197998, 47.2924766541, 34.102809906, 12.5860233307, 35.9796943665, 70.1991348267, 33.1271514893, 23.4285488129, 12.9459571838, 8.6826839447, 4.1552233696], [111.557609558, -71.4250411987, 2.01475310326, 21.8660774231, 9.50761413574, 9.31587696075, 17.7337875366, 33.1271514893, 64.6385345459, 32.17760849, 10.9748411179, 5.0626449585, 2.58994936943], [15.3116197586, -31.5624504089, -17.9359226227, 32.6903419495, 9.23544406891, 4.29156160355, 14.9639310837, 23.4285488129, 32.17760849, 53.4856414795, 25.0670890808, 10.1716070175, 3.86376094818], [-47.9490776062, 13.1671009064, 1.59458148479, 8.45601177216, 2.61217570305, 6.83358335495, 6.62973642349, 12.9459571838, 10.9748411179, 25.0670890808, 43.0811882019, 19.464679718, 7.15813493729], [-70.0922088623, 8.35778427124, 12.3787202835, 0.473687827587, 13.1059217453, 0.828465223312, 7.58825206757, 8.6826839447, 5.0626449585, 10.1716070175, 19.464679718, 43.7151031494, 19.3209533691], [-96.8861160278, 62.4463806152, 4.86194419861, 8.71509361267, 6.61870908737, 8.54423618317, 4.07970285416, 4.1552233696, 2.58994936943, 3.86376094818, 7.15813493729, 19.3209533691, 41.5328216553]]
        icov: [[0.000663221755531, 0.000620744016487, 0.000224412739044, 0.00037133321166, -0.00071691069752, -0.000638131517917, 2.2394786356e-05, -0.000299179198919, -0.000550575146917, 0.000391220033634, 0.000138066883665, 0.000926971435547, 0.000325808534399], [0.000620744016487, 0.00156578409951, 0.000884456967469, 0.00113378011156, -0.000893815886229, -0.00160143035464, -0.000241332687438, -0.00039534069947, 0.000631932576653, 0.000544041744433, -0.000498738954775, 0.00149915309157, -0.00141393719241], [0.000224412739044, 0.000884456967469, 0.00374739337713, 0.00101671228185, -0.000501121510752, -0.0012449787464, -0.000315603421768, 0.00340788532048, -0.00185398675967, 0.00174706324469, -0.00124892184976, -0.000512022350449, -0.00102578138467], [0.00037133321166, 0.00113378011156, 0.00101671228185, 0.00498627033085, 0.000554015976377, -0.00229224935174, 0.00211693695746, -0.00411858269945, 0.00169844797347, -0.0024566159118, 0.00111087353434, 0.00113459222484, -0.0020130330231], [-0.00071691069752, -0.000893815886229, -0.000501121510752, 0.000554015976377, 0.00838585291058, 0.00127561599948, -0.00143445527647, -0.00388789642602, 0.00180242303759, -0.00170184334274, 0.00195540231653, -0.0028593596071, -0.000415926682763], [-0.000638131517917, -0.00160143035464, -0.0012449787464, -0.00229224935174, 0.00127561599948, 0.0143234012648, -0.00612769369036, 0.00188494566828, -0.00201272917911, 0.00209856568836, -0.00275329011492, 0.00127623730805, -0.00137954065576], [2.2394786356e-05, -0.000241332687438, -0.000315603421768, 0.00211693695746, -0.00143445527647, -0.00612769369036, 0.0235977545381, -0.0115429870784, 0.00127569783945, -0.00452691456303, 0.00379309081472, -0.00239405198954, 0.00113545474596], [-0.000299179198919, -0.00039534069947, 0.00340788532048, -0.00411858269945, -0.00388789642602, 0.00188494566828, -0.0115429870784, 0.03398514539, -0.0131284212694, 0.00334437889978, -0.0058951638639, -0.00189834402408, 0.00073402072303], [-0.000550575146917, 0.000631932576653, -0.00185398675967, 0.00169844797347, 0.00180242303759, -0.00201272917911, 0.00127569783945, -0.0131284212694, 0.030381469056, -0.0163468886167, 0.0047798990272, 0.000681026314851, -0.0025733334478], [0.000391220033634, 0.000544041744433, 0.00174706324469, -0.0024566159118, -0.00170184334274, 0.00209856568836, -0.00452691456303, 0.00334437889978, -0.0163468886167, 0.0395675264299, -0.0196451954544, 0.00201904168352, 0.000140186588396], [0.000138066883665, -0.000498738954775, -0.00124892184976, 0.00111087353434, 0.00195540231653, -0.00275329011492, 0.00379309081472, -0.0058951638639, 0.0047798990272, -0.0196451954544, 0.0413831248879, -0.0150300264359, 0.00284615089186], [0.000926971435547, 0.00149915309157, -0.000512022350449, 0.00113459222484, -0.0028593596071, 0.00127623730805, -0.00239405198954, -0.00189834402408, 0.000681026314851, 0.00201904168352, -0.0150300264359, 0.0387464426458, -0.0153161995113], [0.000325808534399, -0.00141393719241, -0.00102578138467, -0.0020130330231, -0.000415926682763, -0.00137954065576, 0.00113545474596, 0.00073402072303, -0.0025733334478, 0.000140186588396, 0.00284615089186, -0.0153161995113, 0.0344528481364]]
    spectral_contrast:
        mean: [-2.3065251753e-07, -4.37846949808e-07, -2.84989027932e-07, -2.67909740614e-07, -6.25710470104e-07, 2.98023223877e-07, -2.20993547373e-06, -1.66509244082e-06, 1.37339611683e-06, 5.7149929944e-07, 1.58595378252e-06, 6.86393832439e-06]
        var: [0.000516934785992, 0.000802279275376, 0.00156510306988, 0.00233800639398, 0.00278955465183, 0.00443971436471, 0.0461010374129, 0.0805782079697, 0.183278605342, 0.213919147849, 0.642069280148, 1.79339802265]

rhythm:
    beats_loudness:
        dmean: 0.00361545034684
        dmean2: 0.00710496213287
        dvar: 4.37645985585e-06
        dvar2: 7.96401036496e-06
        max: 0.011050532572
        mean: 0.00664399564266
        min: 0.00216253381222
        var: 7.35712956157e-06
    beats_loudness_bass:
        dmean: 0.113491140306
        dmean2: 0.180275470018
        dvar: 0.0131539264694
        dvar2: 0.0306142158806
        max: 0.670437037945
        mean: 0.28971016407
        min: 0.136231660843
        var: 0.0149195427075
    bpm: 134.25604248
    bpm_confidence: 0
    first_peak_bpm: 134
    first_peak_spread: 0
    first_peak_weight: 0.952380955219
    onset_rate: 4.79764986038
    second_peak_bpm: 124
    second_peak_spread: 0
    second_peak_weight: 0.047619048506
    beats_position: [0.440603524446, 0.886877536774, 1.3331515789, 1.77942562103, 2.22569966316, 2.67197370529, 3.11824798584, 3.56452202797, 4.0107960701, 4.45707035065, 4.90334415436, 5.34961843491, 5.79589223862, 6.27804136276, 6.72559595108, 7.17315101624, 7.62070560455, 8.06826114655, 8.51581573486, 8.96337032318, 9.4109249115, 9.85848045349]
    bpm_estimates: [134.143310547, 134.065307617, 134.391555786, 135.767990112, 135.010116577, 135.41003418, 133.721450806, 133.748825073, 133.377105713, 134.807434082, 134.509735107, 134.169570923, 134.030349731, 133.939849854, 134.229522705, 134.042633057, 134.112548828, 134.065551758, 133.96723938, 133.898803711, 134.117767334, 134.106140137]
    bpm_intervals: [0.446274012327, 0.44627404213, 0.44627404213, 0.44627404213, 0.44627404213, 0.446274280548, 0.44627404213, 0.44627404213, 0.446274280548, 0.446273803711, 0.446274280548, 0.446273803711, 0.482149124146, 0.447554588318, 0.447555065155, 0.447554588318, 0.447555541992, 0.447554588318, 0.447554588318, 0.447554588318, 0.447555541992]
    onset_times: [0.0464399084449, 0.18575963378, 0.406349211931, 0.638548731804, 0.870748281479, 1.11455786228, 1.32353746891, 1.53251695633, 1.68344676495, 1.78793644905, 1.97369611263, 2.21750569344, 2.43809533119, 2.67029476166, 2.90249443054, 3.13469386101, 3.35528349876, 3.48299312592, 3.58748292923, 3.79646253586, 3.88934230804, 4.04027223587, 4.2492518425, 4.46984148026, 4.69043064117, 4.92263031006, 5.15482997894, 5.3754196167, 5.56117916107, 5.81659841537, 6.025578022, 6.26938772202, 6.48997735977, 6.72217702866, 6.9543762207, 7.17496585846, 7.39555549622, 7.61614513397, 7.83673477173, 8.06893444061, 8.3011341095, 8.52172374725, 8.74231338501, 8.88163280487, 9.17188167572, 9.42730140686, 9.63628101349, 9.8800907135]
    rubato_start: []
    rubato_stop: []
    perceptual_tempo: "unknown"

sfx:
    inharmonicity:
        dmean: 0.0436392463744
        dmean2: 0.0773366391659
        dvar: 0.00270472327247
        dvar2: 0.0075528617017
        max: 0.380963504314
        mean: 0.0442129001021
        min: 0
        var: 0.0028054069262
    oddtoevenharmonicenergyratio:
        dmean: 1.62453770638
        dmean2: 2.9272787571
        dvar: 13.5729999542
        dvar2: 36.1925849915
        max: 33.446521759
        mean: 1.2668056488
        min: 0
        var: 12.0058307648
    pitch_after_max_to_before_max_energy_ratio: 4.276866436
    pitch_centroid: 176.091903687
    pitch_max_to_total: 0.0765661224723
    pitch_min_to_total: 0.921113669872
    tristimulus:
        dmean: [0.202734261751, 0.235820740461, 0.119369052351]
        dmean2: [0.352011978626, 0.411114066839, 0.209768697619]
        dvar: [0.0337096564472, 0.0450583957136, 0.0158448275179]
        dvar2: [0.0856651216745, 0.118408203125, 0.042056530714]
        max: [1, 0.976884067059, 0.835360169411]
        mean: [0.428492158651, 0.404000192881, 0.118504688144]
        min: [0.0182920265943, 0, 0]
        var: [0.0648457109928, 0.0645419582725, 0.0207560993731]

tonal:
    chords_changes_rate: 0.0506912432611
    chords_number_rate: 0.0230414755642
    chords_strength:
        dmean: 0.00979074649513
        dmean2: 0.00917132291943
        dvar: 4.64868971903e-05
        dvar2: 5.42497364222e-05
        max: 0.567253649235
        mean: 0.414450824261
        min: 0.276074945927
        var: 0.00672139367089
    key_strength: 0.622984528542
    tuning_diatonic_strength: 0.464148670435
    tuning_equal_tempered_deviation: 0.0749053061008
    tuning_frequency: 438.731048584
    tuning_nontempered_energy_ratio: 0.680781006813
    hpcp:
        dmean: [0.183152660728, 0.15430444479, 0.115100681782, 0.084224998951, 0.0948646515608, 0.14329816401, 0.156324014068, 0.139289319515, 0.132430806756, 0.153484910727, 0.108948945999, 0.112898170948, 0.126893445849, 0.123253315687, 0.166031435132, 0.206100568175, 0.210578754544, 0.207766786218, 0.156452551484, 0.0983913615346, 0.131896466017, 0.183030322194, 0.139529451728, 0.178917631507, 0.220833897591, 0.150874078274, 0.129540756345, 0.127709105611, 0.111707322299, 0.179155066609, 0.219687640667, 0.162444189191, 0.0959123298526, 0.084167137742, 0.102818012238, 0.15563505888]
        dmean2: [0.302602022886, 0.265190064907, 0.192018434405, 0.144241884351, 0.16321863234, 0.238250881433, 0.259999483824, 0.231299623847, 0.205944910645, 0.235148832202, 0.175317719579, 0.189391553402, 0.211983412504, 0.203305587173, 0.262496560812, 0.335546940565, 0.335028648376, 0.338073909283, 0.268260151148, 0.169751524925, 0.215397879481, 0.298459529877, 0.219886004925, 0.281481385231, 0.346896499395, 0.239867508411, 0.228355571628, 0.223402693868, 0.19171564281, 0.294792205095, 0.360764831305, 0.278117060661, 0.167426049709, 0.147025734186, 0.167803153396, 0.256059348583]
        dvar: [0.0385323725641, 0.0309475511312, 0.0173990335315, 0.0119277285412, 0.0201711747795, 0.0328649133444, 0.0397066362202, 0.0259175170213, 0.0209072716534, 0.0250532459468, 0.0143669880927, 0.0165920648724, 0.0274489037693, 0.0252705849707, 0.0322108380497, 0.0451937057078, 0.0363048240542, 0.0373173430562, 0.0309688169509, 0.0233772061765, 0.0200583916157, 0.0361788198352, 0.0163910258561, 0.0247778072953, 0.0553467608988, 0.0249214340001, 0.0245648175478, 0.0294134188443, 0.0180446077138, 0.0378439426422, 0.0512578077614, 0.0297195184976, 0.0137977181002, 0.0121750663966, 0.0159447211772, 0.0302238259465]
        dvar2: [0.0956788957119, 0.0787870660424, 0.0467010959983, 0.0335437208414, 0.0542362704873, 0.0852237045765, 0.0885618105531, 0.0708902701735, 0.0543975681067, 0.0511747859418, 0.0273135695606, 0.0415593385696, 0.0797802880406, 0.0685708001256, 0.0887053608894, 0.105688288808, 0.0997388139367, 0.102746665478, 0.0803896337748, 0.0630938634276, 0.0472006723285, 0.0744850710034, 0.038444571197, 0.0545895583928, 0.100576728582, 0.0581707768142, 0.0665626749396, 0.0813487917185, 0.0453865081072, 0.0912535041571, 0.106354303658, 0.0848155617714, 0.0374664925039, 0.0293690152466, 0.0378380827606, 0.0701071992517]
        max: [1, 1, 0.830009460449, 0.880798280239, 1, 1, 1, 1, 1, 1, 1, 1, 1, 0.879768311977, 1, 1, 1, 1, 1, 1, 1, 1, 1, 1, 1, 1, 1, 1, 1, 1, 1, 1, 0.550991594791, 0.846799075603, 0.938510894775, 1]
        mean: [0.293328434229, 0.216878518462, 0.144302397966, 0.106606759131, 0.121269650757, 0.208716541529, 0.248694807291, 0.19346472621, 0.246554449201, 0.307063341141, 0.200778216124, 0.145259261131, 0.161892324686, 0.150406733155, 0.226575508714, 0.383703351021, 0.37986561656, 0.28853943944, 0.198305487633, 0.10816270113, 0.222064256668, 0.376657009125, 0.278289377689, 0.38308146596, 0.522730767727, 0.277423173189, 0.159293711185, 0.168694585562, 0.148384198546, 0.287551522255, 0.388439625502, 0.242664963007, 0.109282910824, 0.0933040753007, 0.126696527004, 0.238569661975]
        min: [0.00696400692686, 0.00722192879766, 0.00316019821912, 0.00087875884492, 0.00140233070124, 0.00207549659535, 0.00177392316982, 0.00239210855216, 0.00664678215981, 0.00645292457193, 0.00409870874137, 0.00251391856, 0.00500141317025, 0.00276140659116, 0.00622617313638, 0.0140565242618, 0.00951589085162, 0.00504526635632, 0.00146590848453, 0.000530722085387, 0.00620070751756, 0.0138793261722, 0.0144915981218, 0.012727772817, 0.0100055439398, 0.00753910979256, 0.00156922882888, 0.00376589689404, 0.00164396385662, 0.00142337719444, 0.00149730837438, 0.00146722595673, 0.00140861480031, 0.000767386693042, 0.000556608429179, 0.00693088257685]
        var: [0.0653904750943, 0.0374213568866, 0.023295937106, 0.0120387868956, 0.0209870003164, 0.0466735213995, 0.0752058848739, 0.0380099713802, 0.0397270061076, 0.069775544107, 0.0331134721637, 0.0259176678956, 0.0294257886708, 0.0279605798423, 0.0429279953241, 0.0997195914388, 0.0839549228549, 0.0580452233553, 0.0359288565814, 0.0190074108541, 0.0329197980464, 0.0913676172495, 0.0449336953461, 0.0727416351438, 0.142920210958, 0.0382412448525, 0.0302499271929, 0.0410437621176, 0.0236201435328, 0.0714045986533, 0.11517572403, 0.0399677865207, 0.0132188312709, 0.0127706564963, 0.019648173824, 0.0521256178617]
    chords_histogram: [4.14746522903, 0, 37.3271903992, 1.84331798553, 2.7649769783, 0, 0, 0, 0, 0, 0, 0, 0, 0, 0, 0, 0, 0, 0, 0, 0, 0, 0, 53.917049408]
    thpcp: [1, 0.530719041824, 0.304733753204, 0.322717905045, 0.283863514662, 0.550094902515, 0.74309694767, 0.464225530624, 0.209061563015, 0.178493559361, 0.24237434566, 0.456391096115, 0.561146318913, 0.414895266294, 0.276054918766, 0.203942000866, 0.231992557645, 0.399281144142, 0.475760787725, 0.370103955269, 0.47166621685, 0.58742159605, 0.384094893932, 0.277885437012, 0.309704989195, 0.287732690573, 0.433445900679, 0.734036266804, 0.726694583893, 0.551984786987, 0.379364490509, 0.206918567419, 0.424815744162, 0.720556437969, 0.532376110554, 0.732846617699]
    chords_key: "D"
    chords_scale: "minor"
    key_key: "F"
    key_scale: "major"
    chords_progression: ["Dm", "Dm", "Dm", "Dm", "Dm", "Dm", "Dm", "Dm", "Dm", "Dm", "Dm", "Dm", "Dm", "Dm", "Dm", "Dm", "Dm", "Dm", "Dm", "Dm", "Dm", "Dm", "Dm", "G", "G", "G", "G", "G", "G", "Em", "Em", "Em", "C", "C", "C", "C", "C", "C", "C", "C", "C", "C", "C", "C", "C", "C", "C", "C", "C", "C", "C", "C", "C", "Dm", "Dm", "Dm", "Dm", "Dm", "Dm", "Dm", "Dm", "Dm", "Dm", "Dm", "Dm", "Dm", "Dm", "Dm", "Dm", "Dm", "Dm", "Dm", "Dm", "Dm", "Dm", "Dm", "Dm", "Dm", "Dm", "Dm", "Dm", "Dm", "Dm", "Dm", "Dm", "Dm", "Dm", "Dm", "Dm", "Dm", "Dm", "Dm", "Dm", "Dm", "Dm", "Dm", "Dm", "Dm", "Dm", "Dm", "Dm", "Dm", "Dm", "Dm", "Dm", "Dm", "Dm", "Dm", "Dm", "Dm", "Dm", "Dm", "Dm", "Dm", "Dm", "Dm", "Dm", "Dm", "Dm", "Dm", "Dm", "Dm", "Dm", "Dm", "Dm", "Dm", "Dm", "Dm", "Dm", "Dm", "Dm", "Dm", "Dm", "Dm", "Dm", "Dm", "Dm", "F", "F", "F", "F", "F", "F", "Dm", "Dm", "Dm", "Dm", "F", "F", "F", "Dm", "Dm", "Dm", "Dm", "Dm", "Dm", "C", "C", "C", "C", "C", "C", "C", "C", "C", "C", "C", "C", "C", "C", "C", "C", "C", "C", "C", "C", "C", "C", "C", "C", "C", "C", "C", "Em", "C", "C", "C", "C", "C", "C", "C", "C", "C", "C", "C", "C", "C", "C", "C", "C", "C", "C", "C", "C", "C", "C", "C", "C", "C", "C", "C", "C", "C", "C", "C", "C", "C"]
