
metadata:
    version:
        essentia: "1.2.2"
    audio_properties:
        analysis_sample_rate: 44100
        bitrate: 128
        channels: 2
        equal_loudness: 1
        length: 10.0310201645
        replay_gain: -8.15794181824
        downmix: "mix"
    tags:
        track: 35
        year: 0
        album: "Splitted by Mp3Splt v. 2.1"
        artist: "From 005.40 To 005.50"
        comment: "http://mp3splt.sf.net"
        genre: ""
        title: "01 Open.mp3"

highlevel:
    ballroom:
        all:
            ChaChaCha: 0.0294540263712
            Jive: 0.406882286072
            Quickstep: 0.0780540779233
            Rumba-American: 0.00561821879819
            Rumba-International: 0.0341798216105
            Rumba-Misc: 0.0332053527236
            Samba: 0.0372459925711
            Tango: 0.0157080870122
            VienneseWaltz: 0.324819564819
            Waltz: 0.034832559526
        probability: 0.406882286072
        value: "Jive"
    culture:
        all:
            non_western: 0.0565862394869
            western: 0.943413734436
        probability: 0.943413734436
        value: "western"
    gender:
        all:
            female: 0.416520684958
            male: 0.58347928524
        probability: 0.58347928524
        value: "male"
    genre_dortmund:
        all:
            alternative: 0.14660461247
            blues: 0.00467444583774
            electronic: 0.0189742129296
            folkcountry: 0.032137285918
            funksoulrnb: 0.00657088635489
            jazz: 0.00163539184723
            pop: 0.0302002709359
            raphiphop: 0.00272010755725
            rock: 0.75648277998
        probability: 0.75648277998
        value: "rock"
    genre_electronica:
        all:
            ambient: 0.167130947113
            dnb: 0.49919205904
            house: 0.00212062872015
            techno: 0.00692096911371
            trance: 0.324635416269
        probability: 0.49919205904
        value: "dnb"
    genre_rosamerica:
        all:
            cla: 0.0159069597721
            dan: 0.0188058372587
            hip: 0.00610799528658
            jaz: 0.0014795770403
            pop: 0.00826144777238
            rhy: 0.00119379849639
            roc: 0.946846365929
            spe: 0.00139803939965
        probability: 0.946846365929
        value: "roc"
    genre_tzanetakis:
        all:
            blu: 0.00891618989408
            cla: 0.0421010702848
            cou: 0.0704672411084
            dis: 0.0527268834412
            hip: 0.0142939146608
            jaz: 0.0685600340366
            met: 0.0651071146131
            pop: 0.0767159387469
            reg: 0.0143776293844
            roc: 0.586733996868
        probability: 0.586733996868
        value: "roc"
    live_studio:
        all:
            live: 0.952725768089
            studio: 0.0472742505372
        probability: 0.952725768089
        value: "live"
    mood:
        all:
            Cluster1: 0.378597021103
            Cluster2: 0.0319671630859
            Cluster3: 0.026042714715
            Cluster4: 0.0913111418486
            Cluster5: 0.472081959248
        probability: 0.472081959248
        value: "Cluster5"
    mood_acoustic:
        all:
            acoustic: 0.00885097309947
            not_acoustic: 0.991149008274
        probability: 0.991149008274
        value: "not_acoustic"
    mood_aggressive:
        all:
            aggressive: 0.927172482014
            not_aggressive: 0.0728275328875
        probability: 0.927172482014
        value: "aggressive"
    mood_electronic:
        all:
            electronic: 0.535825550556
            not_electronic: 0.464174419641
        probability: 0.535825550556
        value: "electronic"
    mood_happy:
        all:
            happy: 0.5
            not_happy: 0.5
        probability: 0.5
        value: "happy"
    mood_party:
        all:
            not_party: 0.657741248608
            party: 0.342258781195
        probability: 0.657741248608
        value: "not_party"
    mood_relaxed:
        all:
            not_relaxed: 0.93163394928
            relaxed: 0.0683660581708
        probability: 0.93163394928
        value: "not_relaxed"
    mood_sad:
        all:
            not_sad: 0.819420874119
            sad: 0.180579125881
        probability: 0.819420874119
        value: "not_sad"
    rhythm:
        all:
            fast: 0.346119433641
            medium: 0.569986402988
            slow: 0.0838941633701
        probability: 0.569986402988
        value: "medium"
    speech_music:
        all:
            music: 0.999628186226
            speech: 0.000371792208171
        probability: 0.999628186226
        value: "music"
    timbre:
        all:
            bright: 0.0615841001272
            dark: 0.938415884972
        probability: 0.938415884972
        value: "dark"
    voice_instrumental:
        all:
            instrumental: 0.0506695955992
            voice: 0.9493303895
        probability: 0.9493303895
        value: "voice"

lowlevel:
    average_loudness: 0.975262284279
    barkbands_kurtosis:
        dmean: 0.448677003384
        dmean2: 0.727195739746
        dvar: 0.325269728899
        dvar2: 0.838935911655
        max: 3.72688770294
        mean: -0.901033699512
        min: -1.66131436825
        var: 0.570415735245
    barkbands_skewness:
        dmean: 0.322778552771
        dmean2: 0.49442204833
        dvar: 0.0699371621013
        dvar2: 0.187938138843
        max: 2.14389395714
        mean: 0.458722889423
        min: -0.872195422649
        var: 0.260400861502
    barkbands_spread:
        dmean: 3.60947680473
        dmean2: 5.52403688431
        dvar: 9.51528835297
        dvar2: 22.0356216431
        max: 51.5707397461
        mean: 30.0483722687
        min: 14.5225086212
        var: 40.6486778259
    dissonance:
        dmean: 0.0146707035601
        dmean2: 0.0248083490878
        dvar: 0.000152206528583
        dvar2: 0.000419749354478
        max: 0.4983907938
        mean: 0.470790237188
        min: 0.416411966085
        var: 0.000250737415627
    hfc:
        dmean: 1.13518428802
        dmean2: 1.62460136414
        dvar: 1.06609690189
        dvar2: 2.11092758179
        max: 18.0205287933
        mean: 7.05777835846
        min: 1.56368565559
        var: 8.95325374603
    pitch:
        dmean: 303.678894043
        dmean2: 587.877197266
        dvar: 566047
        dvar2: 1689542.875
        max: 3675
        mean: 346.955871582
        min: 84.4827575684
        var: 336052.6875
    pitch_instantaneous_confidence:
        dmean: 0.0596693940461
        dmean2: 0.0955845788121
        dvar: 0.00209265039302
        dvar2: 0.0060282968916
        max: 0.533065080643
        mean: 0.283102869987
        min: 0.139382660389
        var: 0.00538062723354
    pitch_salience:
        dmean: 0.0510455258191
        dmean2: 0.0841990336776
        dvar: 0.00179459596984
        dvar2: 0.00453405966982
        max: 0.78011149168
        mean: 0.651971101761
        min: 0.449223905802
        var: 0.00357747031376
    silence_rate_20dB:
        dmean: 0
        dmean2: 0
        dvar: 0
        dvar2: 0
        max: 1
        mean: 1
        min: 1
        var: 0
    silence_rate_30dB:
        dmean: 0
        dmean2: 0
        dvar: 0
        dvar2: 0
        max: 1
        mean: 1
        min: 1
        var: 0
    silence_rate_60dB:
        dmean: 0.0510440841317
        dmean2: 0.10000000149
        dvar: 0.0484385229647
        dvar2: 0.113255284727
        max: 1
        mean: 0.0555555559695
        min: 0
        var: 0.0524690598249
    spectral_centroid:
        dmean: 192.386520386
        dmean2: 288.928955078
        dvar: 22724.5625
        dvar2: 57331.1445312
        max: 2213.97338867
        mean: 1253.15625
        min: 535.043945312
        var: 116123.1875
    spectral_complexity:
        dmean: 3.04428911209
        dmean2: 4.82476615906
        dvar: 6.04232692719
        dvar2: 14.9155540466
        max: 39
        mean: 19.0953483582
        min: 6
        var: 31.2257919312
    spectral_crest:
        dmean: 1.84878373146
        dmean2: 3.00799584389
        dvar: 3.0615837574
        dvar2: 7.8346529007
        max: 16.6583118439
        mean: 6.1471414566
        min: 2.64064407349
        var: 6.77164459229
    spectral_decrease:
        dmean: 2.95381469284e-10
        dmean2: 4.81989614887e-10
        dvar: 1.19738193528e-19
        dvar2: 3.08699539455e-19
        max: -4.23479640244e-10
        mean: -1.33954414228e-09
        min: -4.37600222725e-09
        var: 2.43368840525e-19
    spectral_energy:
        dmean: 0.00117595959455
        dmean2: 0.00190712837502
        dvar: 1.84736506981e-06
        dvar2: 4.73051886729e-06
        max: 0.0175358299166
        mean: 0.00569590320811
        min: 0.00174013432115
        var: 4.18636500399e-06
    spectral_energyband_high:
        dmean: 6.02151230851e-05
        dmean2: 8.8866938313e-05
        dvar: 6.01365846009e-09
        dvar2: 1.20641541201e-08
        max: 0.00103276700247
        mean: 0.000207843608223
        min: 1.68584319908e-05
        var: 3.86310361478e-08
    spectral_energyband_low:
        dmean: 0.000182162984856
        dmean2: 0.000308667862555
        dvar: 7.75628095084e-08
        dvar2: 2.04912467439e-07
        max: 0.0023318354506
        mean: 0.000319771148497
        min: 2.20069546231e-06
        var: 7.77714177502e-08
    spectral_energyband_middle_high:
        dmean: 0.000424443918746
        dmean2: 0.000637390825432
        dvar: 1.25663291328e-07
        dvar2: 2.8370260452e-07
        max: 0.00601490726694
        mean: 0.0022834490519
        min: 0.000370889669284
        var: 8.77731565652e-07
    spectral_energyband_middle_low:
        dmean: 0.00101500400342
        dmean2: 0.00164917402435
        dvar: 1.60339050126e-06
        dvar2: 4.18398394686e-06
        max: 0.0142886424437
        mean: 0.00288474373519
        min: 0.000530924531631
        var: 2.7144158139e-06
    spectral_flatness_db:
        dmean: 0.0140788247809
        dmean2: 0.0206111930311
        dvar: 0.000117864503409
        dvar2: 0.000254828599282
        max: 0.218015253544
        mean: 0.144796922803
        min: 0.0800383612514
        var: 0.000617132754996
    spectral_flux:
        dmean: 0.00703708734363
        dmean2: 0.0113034574315
        dvar: 4.99136549479e-05
        dvar2: 0.000107070394733
        max: 0.0845303833485
        mean: 0.0417040325701
        min: 0.0231931060553
        var: 0.000117259500257
    spectral_kurtosis:
        dmean: 1.511764884
        dmean2: 2.70112967491
        dvar: 3.05041313171
        dvar2: 9.45294380188
        max: 18.3583698273
        mean: 5.17767429352
        min: 0.238209247589
        var: 7.74124574661
    spectral_rms:
        dmean: 0.000234834500588
        dmean2: 0.000375473784516
        dvar: 5.80610688417e-08
        dvar2: 1.454283165e-07
        max: 0.00413619726896
        mean: 0.00232232431881
        min: 0.00130295509007
        var: 1.63792435615e-07
    spectral_rolloff:
        dmean: 346.187561035
        dmean2: 541.700744629
        dvar: 88808.5
        dvar2: 217645.734375
        max: 4995.703125
        mean: 2663.80761719
        min: 689.0625
        var: 382320.40625
    spectral_skewness:
        dmean: 0.178410261869
        dmean2: 0.299457937479
        dvar: 0.0302452724427
        dvar2: 0.0851673260331
        max: 2.79218530655
        mean: 1.58971071243
        min: 0.878212869167
        var: 0.114511974156
    spectral_spread:
        dmean: 399967.875
        dmean2: 533965.0625
        dvar: 225679015936
        dvar2: 287182225408
        max: 10026085
        mean: 3841045.75
        min: 1925163.875
        var: 1.57987202662e+12
    spectral_strongpeak:
        dmean: 0.231139034033
        dmean2: 0.390348523855
        dvar: 0.0933924689889
        dvar2: 0.250443726778
        max: 2.33020758629
        mean: 0.396554559469
        min: 0.0119896037504
        var: 0.132009401917
    zerocrossingrate:
        dmean: 0.00658212229609
        dmean2: 0.00877194944769
        dvar: 3.42572857335e-05
        dvar2: 4.561285823e-05
        max: 0.134765625
        mean: 0.0778717771173
        min: 0.0361328125
        var: 0.000295393547276
    barkbands:
        dmean: [6.46000785309e-07, 7.30813626433e-05, 0.000141162905493, 0.000241134956013, 0.000633243937045, 0.000219996421947, 0.000219494206249, 0.000173496169737, 0.000135051319376, 9.56763105933e-05, 6.83712496539e-05, 8.13834558357e-05, 0.000127682593302, 5.78780200158e-05, 0.000107408966869, 0.000127491482999, 0.000122483630548, 0.000124646147015, 0.000109271240945, 7.64610012993e-05, 3.52115894202e-05, 1.34428282763e-05, 2.95123481919e-06, 1.1306401575e-06, 8.52526966355e-07, 2.75378866377e-08, 2.56815790856e-10]
        dmean2: [8.87600549504e-07, 0.00012771144975, 0.000244701630436, 0.000398444070015, 0.00105637242086, 0.000343599705957, 0.000349376728991, 0.000264123053057, 0.000213767591049, 0.00015643594088, 0.000112575515232, 0.000133518886287, 0.000195892513148, 9.1979651188e-05, 0.000174413042259, 0.000216554486542, 0.000201257222216, 0.000206667580642, 0.00018160349282, 0.000120757351397, 5.4548629123e-05, 1.88119192899e-05, 4.13225325246e-06, 1.5825871742e-06, 1.14421516173e-06, 3.86059504365e-08, 4.71404082436e-10]
        dvar: [9.27732109884e-12, 1.69713310072e-08, 4.94476530832e-08, 1.61091350037e-07, 8.18207183784e-07, 5.22698790917e-08, 1.24357327991e-07, 6.59281411686e-08, 3.17353219259e-08, 1.1064246408e-08, 5.25074117519e-09, 9.67810898089e-09, 3.08327798848e-08, 1.06453965643e-08, 1.52191468317e-08, 1.60535016391e-08, 1.6917208967e-08, 1.28739117145e-08, 1.0274392892e-08, 7.93830956525e-09, 1.99520067135e-09, 7.92267806915e-10, 4.67722180431e-11, 6.18551520767e-12, 9.5433791078e-12, 9.72244406836e-15, 1.26148455534e-19]
        dvar2: [9.56103338862e-12, 4.7254491875e-08, 1.33362220822e-07, 4.23197263899e-07, 2.10553253055e-06, 1.36738250944e-07, 2.6259669994e-07, 1.51578007035e-07, 6.81527509983e-08, 3.04183771505e-08, 1.34851090294e-08, 2.30640466725e-08, 7.67658718814e-08, 2.63364192676e-08, 3.60779921493e-08, 4.44394991916e-08, 4.29398454571e-08, 3.7103653483e-08, 2.68738169495e-08, 1.85454958057e-08, 4.76746597755e-09, 1.49697798602e-09, 8.60644125411e-11, 1.07261179105e-11, 1.54295760196e-11, 1.49570246732e-14, 3.35609017251e-19]
        max: [6.43864477752e-05, 0.000984464539215, 0.00207605655305, 0.00310333096422, 0.0074634780176, 0.00238795438781, 0.00324570550583, 0.00471663754433, 0.00253074732609, 0.000815654580947, 0.000739566632546, 0.00104790483601, 0.00233788695186, 0.0013349611545, 0.00110421795398, 0.00105527834967, 0.00137532874942, 0.0012410429772, 0.000976720475592, 0.00123257876839, 0.000515246705618, 0.000428093713708, 0.000111649445898, 3.67365719285e-05, 4.5863653213e-05, 1.41748773785e-06, 3.3695799484e-09]
        mean: [6.98714018199e-07, 9.95239606709e-05, 0.000219652269152, 0.000365962187061, 0.000998296658508, 0.000510510813911, 0.00040218536742, 0.00036097606062, 0.000234596824157, 0.00016363710165, 0.000130384083604, 0.000162630472914, 0.000231828700635, 0.000104456819827, 0.000196172579308, 0.000275598955341, 0.000305055553326, 0.000318242091453, 0.000278752297163, 0.000196520486497, 9.48800734477e-05, 3.37513847626e-05, 7.06038417775e-06, 2.8260583349e-06, 1.65388973983e-06, 5.54827472854e-08, 2.45691467171e-10]
        min: [4.48056924895e-10, 1.37230216524e-07, 1.80401843863e-06, 6.37852690488e-06, 5.75659287279e-05, 1.1936564988e-05, 7.39034203434e-06, 8.46119655762e-06, 1.46979646161e-05, 5.75825424676e-06, 8.97309291759e-06, 4.4709672693e-06, 7.07728668203e-06, 1.03153552118e-05, 1.88460671779e-05, 3.34552169079e-05, 3.64077968698e-05, 4.3421110604e-05, 4.49899307569e-05, 2.58948493865e-05, 8.38940832182e-06, 7.87917542766e-07, 6.55845511233e-08, 2.08024637516e-08, 1.17284830736e-08, 2.93516960737e-10, 1.15929141287e-12]
        var: [1.06398527142e-11, 1.38139713002e-08, 4.54130528738e-08, 1.58726535915e-07, 1.1221677596e-06, 1.51642666424e-07, 3.05496911324e-07, 3.45139653746e-07, 6.39876915898e-08, 1.99824743419e-08, 1.01314920897e-08, 2.10028687775e-08, 6.19112441314e-08, 1.89822824126e-08, 2.93281114949e-08, 3.19440438545e-08, 3.48127606742e-08, 3.3680830569e-08, 2.85993166926e-08, 2.65362256613e-08, 9.02742858244e-09, 2.47573939127e-09, 1.52109408402e-10, 2.33930097515e-11, 2.75741166011e-11, 3.14671825109e-14, 1.25453985711e-19]
    mfcc:
        mean: [-688.436279297, 135.830230713, -59.4452400208, 48.6006660461, -9.99479007721, -7.77087926865, -4.34403324127, -7.36546087265, -5.13438129425, -8.85594749451, -6.47135305405, -3.6069881916, -4.91720342636]
        cov: [[852.565063477, -732.595947266, 303.34588623, -108.548797607, -134.173248291, 62.8629455566, -130.006637573, 16.0196285248, -48.8265190125, -12.2466106415, 20.5127391815, -21.2245044708, -27.6404476166], [-732.595947266, 913.602722168, -366.467590332, 120.034744263, 104.751205444, -68.3596954346, 143.122421265, -36.7417755127, 28.5520801544, 32.4882011414, -5.18283605576, 40.7063980103, 27.1116008759], [303.34588623, -366.467590332, 367.944030762, -21.138792038, 3.68342804909, 27.6793365479, -55.7986793518, 27.7130565643, 4.21892881393, 2.86353421211, 35.1254882812, 0.142775028944, 8.51647949219], [-108.548797607, 120.034744263, -21.138792038, 89.2223815918, 37.8177833557, 18.3054046631, 27.0613117218, 9.39715766907, 11.1513204575, 11.2237024307, -4.85144805908, 8.62869358063, 10.1749973297], [-134.173248291, 104.751205444, 3.68342804909, 37.8177833557, 107.460510254, 17.2254428864, 39.2931861877, -0.850725710392, 31.1756038666, 18.9100933075, 1.39589810371, 2.35884666443, 13.831029892], [62.8629455566, -68.3596954346, 27.6793365479, 18.3054046631, 17.2254428864, 73.9388198853, 26.8405609131, 21.8973903656, 4.17341899872, -0.12478967756, 2.46675848961, 1.60747659206, -4.22744750977], [-130.006637573, 143.122421265, -55.7986793518, 27.0613117218, 39.2931861877, 26.8405609131, 115.246810913, 38.4187393188, 21.9342556, 11.4571523666, 6.30807971954, 14.8729476929, 11.8907756805], [16.0196285248, -36.7417755127, 27.7130565643, 9.39715766907, -0.850725710392, 21.8973903656, 38.4187393188, 66.5044937134, 26.3140411377, 6.59850025177, 5.87347555161, 6.69775009155, 4.88586568832], [-48.8265190125, 28.5520801544, 4.21892881393, 11.1513204575, 31.1756038666, 4.17341899872, 21.9342556, 26.3140411377, 58.9811592102, 31.0498733521, 16.1677398682, 4.35857534409, 10.0449266434], [-12.2466106415, 32.4882011414, 2.86353421211, 11.2237024307, 18.9100933075, -0.12478967756, 11.4571523666, 6.59850025177, 31.0498733521, 59.567527771, 28.0729103088, 8.65762710571, 7.40815591812], [20.5127391815, -5.18283605576, 35.1254882812, -4.85144805908, 1.39589810371, 2.46675848961, 6.30807971954, 5.87347555161, 16.1677398682, 28.0729103088, 60.2289772034, 23.9356098175, 11.1162815094], [-21.2245044708, 40.7063980103, 0.142775028944, 8.62869358063, 2.35884666443, 1.60747659206, 14.8729476929, 6.69775009155, 4.35857534409, 8.65762710571, 23.9356098175, 45.22108078, 23.6479072571], [-27.6404476166, 27.1116008759, 8.51647949219, 10.1749973297, 13.831029892, -4.22744750977, 11.8907756805, 4.88586568832, 10.0449266434, 7.40815591812, 11.1162815094, 23.6479072571, 49.3784408569]]
        icov: [[0.00500607537106, 0.00292782741599, -0.000985255464911, 0.00104152597487, 0.00325582432561, -0.00274011888541, 0.000501131638885, 0.000840579508804, 0.00209693540819, -0.00305094174109, 0.000192538907868, -0.000603074033279, 7.62268027756e-05], [0.00292782741599, 0.00591563479975, 0.00229044514708, -0.00357298832387, -0.000254731625319, 0.00357790896669, -0.00363521371037, 0.00305612618104, 0.000948983826675, -0.00142832275014, -0.000952680769842, -0.00255936966278, 0.00114417995792], [-0.000985255464911, 0.00229044514708, 0.00634345039725, -0.00204067863524, -0.00436523556709, 0.00246299896389, 0.00131074467208, -0.00276885111816, 0.00142302224413, 0.00134666787926, -0.00412650592625, 0.000126917322632, -0.000714087742381], [0.00104152597487, -0.00357298832387, -0.00204067863524, 0.0193326286972, -0.00196958146989, -0.00835440400988, 0.00426296517253, -0.0045865913853, 0.00257400912233, -0.00412881886587, 0.00450564268976, -0.000945948471781, -0.00228874012828], [0.00325582432561, -0.000254731625319, -0.00436523556709, -0.00196958146989, 0.0206087715924, -0.00672710174695, -0.00462732836604, 0.00978005025536, -0.0090083219111, -0.00241675041616, 0.00378158548847, 0.00216421182267, -0.00277346954681], [-0.00274011888541, 0.00357790896669, 0.00246299896389, -0.00835440400988, -0.00672710174695, 0.0257056392729, -0.00807654671371, -0.00181399472058, 0.00131737242918, 0.00309165520594, -0.00242002587765, -0.00266063539311, 0.00509501900524], [0.000501131638885, -0.00363521371037, 0.00131074467208, 0.00426296517253, -0.00462732836604, -0.00807654671371, 0.021185990423, -0.0141233596951, 0.00402174890041, -0.000914306845516, -0.00161189853679, 0.000209835809073, -0.0023462632671], [0.000840579508804, 0.00305612618104, -0.00276885111816, -0.0045865913853, 0.00978005025536, -0.00181399472058, -0.0141233596951, 0.0336012765765, -0.0169960856438, 0.0028477543965, 0.00380006618798, -0.00392797961831, 0.00145266449545], [0.00209693540819, 0.000948983826675, 0.00142302224413, 0.00257400912233, -0.0090083219111, 0.00131737242918, 0.00402174890041, -0.0169960856438, 0.0373834557831, -0.0143200885504, -0.00437981681898, 0.00448169885203, -0.00339054199867], [-0.00305094174109, -0.00142832275014, 0.00134666787926, -0.00412881886587, -0.00241675041616, 0.00309165520594, -0.000914306845516, 0.0028477543965, -0.0143200885504, 0.031034482643, -0.0119816735387, 0.00201881467365, 0.000562542467378], [0.000192538907868, -0.000952680769842, -0.00412650592625, 0.00450564268976, 0.00378158548847, -0.00242002587765, -0.00161189853679, 0.00380006618798, -0.00437981681898, -0.0119816735387, 0.0313786976039, -0.0149527536705, 0.00194536859635], [-0.000603074033279, -0.00255936966278, 0.000126917322632, -0.000945948471781, 0.00216421182267, -0.00266063539311, 0.000209835809073, -0.00392797961831, 0.00448169885203, 0.00201881467365, -0.0149527536705, 0.0405442863703, -0.0165206417441], [7.62268027756e-05, 0.00114417995792, -0.000714087742381, -0.00228874012828, -0.00277346954681, 0.00509501900524, -0.0023462632671, 0.00145266449545, -0.00339054199867, 0.000562542467378, 0.00194536859635, -0.0165206417441, 0.0299746152014]]
    spectral_contrast:
        mean: [3.34041573069e-07, -7.45539949776e-08, 2.85409214484e-07, -1.43778876804e-07, 1.83059029268e-07, -3.16181854032e-07, -3.64948073184e-06, 2.8765477964e-06, 1.22771712086e-06, 4.477278992e-07, -1.98386442207e-06, 3.18018493317e-07]
        var: [0.000239951608819, 0.000500278372783, 0.000916969613172, 0.00144366105087, 0.00249080220237, 0.00302721816115, 0.0244189947844, 0.0638091564178, 0.0855531021953, 0.149514064193, 0.341611236334, 0.824938178062]

rhythm:
    beats_loudness:
        dmean: 0.0026600798592
        dmean2: 0.00504279276356
        dvar: 1.75470006525e-06
        dvar2: 4.96452275911e-06
        max: 0.00995588395745
        mean: 0.00640851911157
        min: 0.00279941014014
        var: 3.82865528081e-06
    beats_loudness_bass:
        dmean: 0.112178765237
        dmean2: 0.219745248556
        dvar: 0.00679063564166
        dvar2: 0.019782550633
        max: 0.280939817429
        mean: 0.0867671892047
        min: 0.00348733807914
        var: 0.00705217150971
    bpm: 112.937065125
    bpm_confidence: 0
    first_peak_bpm: 113
    first_peak_spread: 0.0555555820465
    first_peak_weight: 0.944444417953
    onset_rate: 2.69165039062
    second_peak_bpm: 0
    second_peak_spread: 0
    second_peak_weight: 0
    beats_position: [0.0829028710723, 0.614958703518, 1.14701461792, 1.67907047272, 2.21112632751, 2.74318218231, 3.27523803711, 3.80729365349, 4.33934926987, 4.87140512466, 5.40346097946, 5.93551635742, 6.48748493195, 7.01767063141, 7.54785680771, 8.07804298401, 8.60822868347, 9.13841438293, 9.66859912872]
    bpm_estimates: [113.03528595, 112.700126648, 113.274108887, 112.61214447, 112.501785278, 112.461143494, 112.81086731, 113.055854797, 113.263717651, 113.905685425, 112.416061401, 113.20803833]
    bpm_intervals: [0.532055854797, 0.532055914402, 0.532055854797, 0.532055854797, 0.532055854797, 0.532055854797, 0.532055616379, 0.532055616379, 0.532055854797, 0.532055854797, 0.53205537796, 0.551968574524, 0.530185699463, 0.5301861763, 0.5301861763, 0.530185699463, 0.530185699463, 0.530184745789]
    onset_times: [0.0580498874187, 0.359909296036, 0.580498874187, 1.26548755169, 1.67183673382, 2.31038546562, 2.75156474113, 3.54104304314, 3.70358276367, 3.81968259811, 4.09832191467, 4.65560102463, 4.88780021667, 5.15482997894, 5.42185926437, 5.67727899551, 5.95591831207, 6.18811798096, 6.32743787766, 6.5596370697, 7.02403640747, 7.30267572403, 7.8251247406, 8.09215450287, 8.75392246246, 9.17188167572, 9.9613609314]
    rubato_start: []
    rubato_stop: []
    perceptual_tempo: "unknown"

sfx:
    inharmonicity:
        dmean: 0.0417918376625
        dmean2: 0.0732200890779
        dvar: 0.00179244508035
        dvar2: 0.00519402651116
        max: 0.283287078142
        mean: 0.0450354851782
        min: 0.0012344539864
        var: 0.00181906623766
    oddtoevenharmonicenergyratio:
        dmean: 1.79924190044
        dmean2: 3.42501592636
        dvar: 38.4799842834
        dvar2: 115.213668823
        max: 67.9489135742
        mean: 1.18514287472
        min: 0.00419830251485
        var: 20.1365833282
    pitch_after_max_to_before_max_energy_ratio: 2.2966337204
    pitch_centroid: 186.350311279
    pitch_max_to_total: 0.11627907306
    pitch_min_to_total: 0.816279053688
    tristimulus:
        dmean: [0.216830179095, 0.212781220675, 0.114926315844]
        dmean2: [0.377967000008, 0.368800789118, 0.202948912978]
        dvar: [0.0304891169071, 0.0338780097663, 0.00858979858458]
        dvar2: [0.0952507779002, 0.100307501853, 0.0255503635854]
        max: [0.916164815426, 0.961828052998, 0.518375873566]
        mean: [0.414268165827, 0.433342844248, 0.119198352098]
        min: [0.0065055959858, 0, 0]
        var: [0.0372766815126, 0.0394754186273, 0.0105355242267]

tonal:
    chords_changes_rate: 0.0231481473893
    chords_number_rate: 0.0185185186565
    chords_strength:
        dmean: 0.00858801603317
        dmean2: 0.00908578559756
        dvar: 4.00153439841e-05
        dvar2: 5.50168406335e-05
        max: 0.696713864803
        mean: 0.578618586063
        min: 0.441050201654
        var: 0.0039431899786
    key_strength: 0.717151463032
    tuning_diatonic_strength: 0.587160170078
    tuning_equal_tempered_deviation: 0.19832572341
    tuning_frequency: 437.971466064
    tuning_nontempered_energy_ratio: 0.892795860767
    hpcp:
        dmean: [0.1505754143, 0.173000901937, 0.169475093484, 0.175892144442, 0.172019228339, 0.168758675456, 0.125633850694, 0.110595442355, 0.136294692755, 0.176498144865, 0.185282617807, 0.161335110664, 0.112945504487, 0.102836720645, 0.128607809544, 0.207915365696, 0.185957759619, 0.16112716496, 0.0994562730193, 0.0732152611017, 0.063723243773, 0.0880756750703, 0.123018324375, 0.128372266889, 0.199320167303, 0.236519634724, 0.177996635437, 0.148848026991, 0.134095340967, 0.166427209973, 0.218835026026, 0.199253484607, 0.168912440538, 0.138668984175, 0.106750681996, 0.0987757593393]
        dmean2: [0.261357694864, 0.295287251472, 0.288684606552, 0.2938195467, 0.306911617517, 0.28244125843, 0.219186291099, 0.181544005871, 0.239794611931, 0.305658489466, 0.303772300482, 0.272971630096, 0.205077409744, 0.180740937591, 0.208681643009, 0.339915990829, 0.303092598915, 0.271004408598, 0.173244923353, 0.121559247375, 0.107404462993, 0.135884299874, 0.184756681323, 0.203706651926, 0.313098728657, 0.393475532532, 0.312141358852, 0.2657315135, 0.241247519851, 0.30756393075, 0.40178912878, 0.331511586905, 0.287939012051, 0.249336972833, 0.192357584834, 0.171700909734]
        dvar: [0.0293856877834, 0.030453812331, 0.037504337728, 0.0441077649593, 0.0470885336399, 0.0505536086857, 0.0402465686202, 0.0243353024125, 0.0348079353571, 0.0459032095969, 0.0413715727627, 0.0405071787536, 0.0218039844185, 0.0215799380094, 0.0178039111197, 0.0344592444599, 0.0288297832012, 0.0306216068566, 0.0181900616735, 0.0132738305256, 0.0106883263215, 0.0119512546808, 0.0236651021987, 0.0240134447813, 0.0250325426459, 0.0485206544399, 0.0354326106608, 0.0450356788933, 0.0392182432115, 0.0387242175639, 0.058189727366, 0.0406649149954, 0.0428899154067, 0.0421219952404, 0.0259175859392, 0.0225339960307]
        dvar2: [0.0680112242699, 0.0663690045476, 0.0916629359126, 0.107596881688, 0.13598780334, 0.14776109159, 0.104512959719, 0.0526886619627, 0.0813268497586, 0.121480591595, 0.110628411174, 0.100318901241, 0.0533361807466, 0.066538207233, 0.0483389981091, 0.0983809828758, 0.0715792328119, 0.0909338593483, 0.0471072718501, 0.0326502136886, 0.0225504431874, 0.0275147072971, 0.0484966337681, 0.0568741671741, 0.0689295604825, 0.124919988215, 0.0986449718475, 0.122430622578, 0.109109967947, 0.104474261403, 0.148251399398, 0.102451533079, 0.120336525142, 0.100410789251, 0.0764315500855, 0.0654223188758]
        max: [1, 1, 1, 1, 1, 1, 1, 1, 1, 1, 1, 1, 0.919680714607, 1, 1, 1, 1, 1, 0.730050086975, 1, 0.905259490013, 0.795596420765, 1, 1, 1, 1, 1, 1, 1, 1, 1, 1, 1, 1, 0.912784159184, 1]
        mean: [0.265148609877, 0.300800472498, 0.223378941417, 0.258351564407, 0.262499421835, 0.194362610579, 0.162143051624, 0.151654601097, 0.170907273889, 0.258722394705, 0.302411705256, 0.218350276351, 0.145816028118, 0.129670366645, 0.210539981723, 0.385207504034, 0.381447613239, 0.223414778709, 0.133796080947, 0.0979808345437, 0.0885840728879, 0.145316064358, 0.226022154093, 0.227828875184, 0.400541245937, 0.504678964615, 0.295007914305, 0.176564857364, 0.155871108174, 0.202053293586, 0.351170659065, 0.353221952915, 0.241066589952, 0.167473614216, 0.116579912603, 0.137279361486]
        min: [0.0115269953385, 0.0202771518379, 0.01197209768, 0.0122212162241, 0.0133814373985, 0.0150106586516, 0.00853283982724, 0.00735317263752, 0.00875072833151, 0.0166437346488, 0.0222869385034, 0.0135656641796, 0.00531430961564, 0.00791744701564, 0.0171057824045, 0.0362891666591, 0.0310671608895, 0.017483426258, 0.0142823709175, 0.00792465731502, 0.00686230091378, 0.00409913249314, 0.00430547073483, 0.0189357213676, 0.0480435453355, 0.0465172342956, 0.0280872583389, 0.00654333364218, 0.00936418119818, 0.00686572445557, 0.0196947492659, 0.0218168310821, 0.0152141526341, 0.0133158061653, 0.00500046927482, 0.0125758694485]
        var: [0.052528116852, 0.0616727620363, 0.0472254231572, 0.0636047646403, 0.0697748586535, 0.0542661473155, 0.041040584445, 0.0327043570578, 0.0459234938025, 0.0736205205321, 0.0791509971023, 0.0522423051298, 0.0224978160113, 0.0192019864917, 0.0252788905054, 0.0661479085684, 0.0768377110362, 0.0410708636045, 0.017511529848, 0.0143157793209, 0.0129060968757, 0.0205857641995, 0.056809861213, 0.0448123030365, 0.0553112663329, 0.0949773788452, 0.0532170943916, 0.0485135652125, 0.0385556705296, 0.0368485599756, 0.0880461111665, 0.0806139186025, 0.0514981076121, 0.0430752001703, 0.0230308938771, 0.0236024409533]
    chords_histogram: [24.0740737915, 0, 0, 0, 0, 0, 0, 0, 0, 0, 0, 0, 0, 0, 0, 0, 0, 0, 0, 0, 0, 11.1111106873, 35.1851844788, 29.6296291351]
    thpcp: [1, 0.58454567194, 0.349855780602, 0.308851987123, 0.400360047817, 0.695829808712, 0.699894368649, 0.477663248777, 0.331841886044, 0.230998158455, 0.272013247013, 0.525380730629, 0.596023380756, 0.442615926266, 0.511912703514, 0.520131468773, 0.385121285915, 0.321279585361, 0.300497174263, 0.338645517826, 0.51264744997, 0.599215984344, 0.432651817799, 0.288928300142, 0.256936341524, 0.417176067829, 0.763272345066, 0.755822300911, 0.442686915398, 0.265111267567, 0.194144874811, 0.175525590777, 0.287937641144, 0.447853326797, 0.45143327117, 0.793655514717]
    chords_key: "A#"
    chords_scale: "major"
    key_key: "F"
    key_scale: "major"
    chords_progression: ["Dm", "Dm", "Dm", "Dm", "Dm", "Dm", "Dm", "Dm", "Dm", "Dm", "Dm", "Dm", "Dm", "Dm", "Dm", "Dm", "Dm", "Dm", "Dm", "Dm", "Dm", "Dm", "Dm", "Dm", "Dm", "Dm", "Dm", "Dm", "Dm", "Dm", "Dm", "Dm", "Dm", "Dm", "Dm", "Dm", "Dm", "Dm", "Dm", "Dm", "Dm", "Dm", "Dm", "Dm", "Dm", "Dm", "Dm", "Dm", "Dm", "Dm", "Dm", "Dm", "Dm", "Dm", "Dm", "Dm", "Dm", "Dm", "Dm", "F", "F", "F", "F", "F", "F", "F", "F", "F", "F", "F", "F", "F", "F", "F", "F", "F", "F", "F", "F", "F", "F", "F", "F", "F", "F", "F", "F", "F", "F", "F", "F", "F", "F", "F", "F", "F", "F", "F", "F", "F", "F", "F", "F", "F", "F", "F", "F", "F", "F", "F", "F", "A#", "A#", "A#", "A#", "A#", "A#", "A#", "A#", "A#", "A#", "A#", "A#", "A#", "A#", "A#", "A#", "A#", "A#", "A#", "A#", "A#", "A#", "A#", "A#", "A#", "A#", "A#", "A#", "A#", "A#", "A#", "A#", "A#", "A#", "A#", "A#", "A#", "A#", "A#", "A#", "A#", "A#", "A#", "A#", "A#", "A#", "A#", "A#", "A#", "A#", "A#", "A#", "A#", "A#", "A#", "A#", "A#", "A#", "A#", "A#", "A#", "A#", "A#", "A#", "A#", "A#", "A#", "A#", "A#", "A#", "A#", "A#", "A#", "A#", "A#", "A#", "Gm", "Gm", "Gm", "Gm", "Gm", "Gm", "Gm", "Gm", "Gm", "Gm", "Gm", "Dm", "Dm", "Dm", "Dm", "Dm", "Gm", "Gm", "Gm", "Gm", "Gm", "Gm", "Gm", "Gm", "Gm", "Gm", "Gm", "Gm", "Gm"]
