
metadata:
    version:
        essentia: "1.2.2"
    audio_properties:
        analysis_sample_rate: 44100
        bitrate: 128
        channels: 2
        equal_loudness: 1
        length: 10.0310201645
        replay_gain: 0.240468978882
        downmix: "mix"
    tags:
        track: 35
        year: 0
        album: "Splitted by Mp3Splt v. 2.1"
        artist: "From 005.40 To 005.50"
        comment: "http://mp3splt.sf.net"
        genre: ""
        title: "04 Folk Forms, No. 1.mp3"

highlevel:
    ballroom:
        all:
            ChaChaCha: 0.00572114391252
            Jive: 0.00200913450681
            Quickstep: 0.00212027458474
            Rumba-American: 0.0171722751111
            Rumba-International: 0.464902281761
            Rumba-Misc: 0.231517240405
            Samba: 0.00263494625688
            Tango: 0.00395225966349
            VienneseWaltz: 0.0271528046578
            Waltz: 0.242817640305
        probability: 0.464902281761
        value: "Rumba-International"
    culture:
        all:
            non_western: 0.934533655643
            western: 0.065466336906
        probability: 0.934533655643
        value: "non_western"
    gender:
        all:
            female: 0.711699843407
            male: 0.288300186396
        probability: 0.711699843407
        value: "female"
    genre_dortmund:
        all:
            alternative: 0.020859323442
            blues: 0.00387262715958
            electronic: 0.218221873045
            folkcountry: 0.0657995715737
            funksoulrnb: 0.0024975175038
            jazz: 0.644339680672
            pop: 0.0245856977999
            raphiphop: 0.0007772766985
            rock: 0.0190464183688
        probability: 0.644339680672
        value: "jazz"
    genre_electronica:
        all:
            ambient: 0.941263437271
            dnb: 0.00831675250083
            house: 0.00465241167694
            techno: 0.0421533696353
            trance: 0.00361405778676
        probability: 0.941263437271
        value: "ambient"
    genre_rosamerica:
        all:
            cla: 0.0396121665835
            dan: 0.012987033464
            hip: 0.00712429219857
            jaz: 0.900155961514
            pop: 0.00299379532225
            rhy: 0.024502152577
            roc: 0.00952945649624
            spe: 0.00309515115805
        probability: 0.900155961514
        value: "jaz"
    genre_tzanetakis:
        all:
            blu: 0.366391211748
            cla: 0.248093798757
            cou: 0.0284152533859
            dis: 0.0233290810138
            hip: 0.0355813242495
            jaz: 0.153462037444
            met: 0.019035520032
            pop: 0.0443830452859
            reg: 0.0449524745345
            roc: 0.0363562442362
        probability: 0.366391211748
        value: "blu"
    live_studio:
        all:
            live: 0.537155866623
            studio: 0.462844103575
        probability: 0.537155866623
        value: "live"
    mood:
        all:
            Cluster1: 0.129132404923
            Cluster2: 0.0711523815989
            Cluster3: 0.709145188332
            Cluster4: 0.0373990051448
            Cluster5: 0.0531710274518
        probability: 0.709145188332
        value: "Cluster3"
    mood_acoustic:
        all:
            acoustic: 0.724433720112
            not_acoustic: 0.27556630969
        probability: 0.724433720112
        value: "acoustic"
    mood_aggressive:
        all:
            aggressive: 0.0421163253486
            not_aggressive: 0.957883656025
        probability: 0.957883656025
        value: "not_aggressive"
    mood_electronic:
        all:
            electronic: 0.506054997444
            not_electronic: 0.493944972754
        probability: 0.506054997444
        value: "electronic"
    mood_happy:
        all:
            happy: 0.0142699675635
            not_happy: 0.985730051994
        probability: 0.985730051994
        value: "not_happy"
    mood_party:
        all:
            not_party: 0.971565783024
            party: 0.0284341946244
        probability: 0.971565783024
        value: "not_party"
    mood_relaxed:
        all:
            not_relaxed: 0.0351272672415
            relaxed: 0.964872717857
        probability: 0.964872717857
        value: "relaxed"
    mood_sad:
        all:
            not_sad: 0.0983654856682
            sad: 0.901634514332
        probability: 0.901634514332
        value: "sad"
    rhythm:
        all:
            fast: 0.0825301632285
            medium: 0.848314523697
            slow: 0.0691553354263
        probability: 0.848314523697
        value: "medium"
    speech_music:
        all:
            music: 0.958858013153
            speech: 0.0411419719458
        probability: 0.958858013153
        value: "music"
    timbre:
        all:
            bright: 0.0416255109012
            dark: 0.958374500275
        probability: 0.958374500275
        value: "dark"
    voice_instrumental:
        all:
            instrumental: 0.961700499058
            voice: 0.0382995158434
        probability: 0.961700499058
        value: "instrumental"

lowlevel:
    average_loudness: 0.938876330853
    barkbands_kurtosis:
        dmean: 18.631734848
        dmean2: 26.7660655975
        dvar: 413.872314453
        dvar2: 914.675354004
        max: 199.104949951
        mean: 38.2509269714
        min: -1.87627446651
        var: 1020.47503662
    barkbands_skewness:
        dmean: 1.20692563057
        dmean2: 1.82383692265
        dvar: 1.24448645115
        dvar2: 2.79915690422
        max: 12.7092685699
        mean: 4.35112380981
        min: -0.251656502485
        var: 3.81776881218
    barkbands_spread:
        dmean: 2.64260268211
        dmean2: 4.28974151611
        dvar: 28.7339363098
        dvar2: 65.3910446167
        max: 61.0649261475
        mean: 4.77781915665
        min: 0.520339012146
        var: 40.2861824036
    dissonance:
        dmean: 0.0433526858687
        dmean2: 0.0651748627424
        dvar: 0.00135836459231
        dvar2: 0.00296740955673
        max: 0.499393880367
        mean: 0.389045357704
        min: 0.215889334679
        var: 0.00424379762262
    hfc:
        dmean: 0.346348851919
        dmean2: 0.441149950027
        dvar: 0.355483204126
        dvar2: 0.638250291348
        max: 6.93196201324
        mean: 0.578526198864
        min: 0.00121418223716
        var: 0.860223650932
    pitch:
        dmean: 52.7159385681
        dmean2: 98.9779281616
        dvar: 139452.3125
        dvar2: 347895.03125
        max: 4410
        mean: 190.671875
        min: 49.4949493408
        var: 104746.765625
    pitch_instantaneous_confidence:
        dmean: 0.102815784514
        dmean2: 0.16063734889
        dvar: 0.0119463857263
        dvar2: 0.02346242778
        max: 0.882398724556
        mean: 0.649091243744
        min: 0.17865473032
        var: 0.0385030210018
    pitch_salience:
        dmean: 0.107094250619
        dmean2: 0.168889939785
        dvar: 0.00900622736663
        dvar2: 0.0205832179636
        max: 0.85076713562
        mean: 0.446558266878
        min: 0.081036940217
        var: 0.0246457494795
    silence_rate_20dB:
        dmean: 0
        dmean2: 0
        dvar: 0
        dvar2: 0
        max: 1
        mean: 1
        min: 1
        var: 0
    silence_rate_30dB:
        dmean: 0
        dmean2: 0
        dvar: 0
        dvar2: 0
        max: 1
        mean: 1
        min: 1
        var: 0
    silence_rate_60dB:
        dmean: 0.115740738809
        dmean2: 0.232018560171
        dvar: 0.102344796062
        dvar2: 0.192107364535
        max: 1
        mean: 0.799076199532
        min: 0
        var: 0.160553470254
    spectral_centroid:
        dmean: 74.2432479858
        dmean2: 123.657623291
        dvar: 34175.34375
        dvar2: 81392.3046875
        max: 2755.86645508
        mean: 286.340270996
        min: 137.260101318
        var: 36730.171875
    spectral_complexity:
        dmean: 0.781902551651
        dmean2: 1.37209308147
        dvar: 0.843384623528
        dvar2: 1.93130922318
        max: 10
        mean: 2.25694441795
        min: 0
        var: 2.07981491089
    spectral_crest:
        dmean: 3.24367928505
        dmean2: 5.21080970764
        dvar: 6.26139354706
        dvar2: 15.3543806076
        max: 24.6168251038
        mean: 14.4839706421
        min: 5.90454244614
        var: 15.4252052307
    spectral_decrease:
        dmean: 3.80153714064e-10
        dmean2: 5.10143483012e-10
        dvar: 3.88088483088e-19
        dvar2: 7.32835855704e-19
        max: -1.07797755097e-12
        mean: -6.07506878136e-10
        min: -6.45390763054e-09
        var: 8.71207507451e-19
    spectral_energy:
        dmean: 0.00146390357986
        dmean2: 0.00196212111041
        dvar: 5.76759930482e-06
        dvar2: 1.08677795652e-05
        max: 0.0249872598797
        mean: 0.00234534335323
        min: 4.17862247559e-06
        var: 1.29853533508e-05
    spectral_energyband_high:
        dmean: 2.91916148853e-06
        dmean2: 4.32321849075e-06
        dvar: 2.59623461618e-10
        dvar2: 5.41403422094e-10
        max: 0.00030009643524
        mean: 3.786909474e-06
        min: 2.14833448808e-08
        var: 2.90982987705e-10
    spectral_energyband_low:
        dmean: 0.000167880702065
        dmean2: 0.000258116866462
        dvar: 8.23095547275e-08
        dvar2: 1.81689003398e-07
        max: 0.00273735588416
        mean: 0.00020793855947
        min: 9.75156922323e-07
        var: 1.37874010875e-07
    spectral_energyband_middle_high:
        dmean: 1.74871365743e-05
        dmean2: 2.59357111645e-05
        dvar: 3.0628148906e-09
        dvar2: 7.78888153974e-09
        max: 0.000801695918199
        mean: 2.63463589363e-05
        min: 2.17954010395e-07
        var: 3.82340736849e-09
    spectral_energyband_middle_low:
        dmean: 0.00135612254962
        dmean2: 0.00185592647176
        dvar: 5.61060051041e-06
        dvar2: 1.07404830487e-05
        max: 0.0236298888922
        mean: 0.00210726913065
        min: 1.77491347131e-06
        var: 1.20715867524e-05
    spectral_flatness_db:
        dmean: 0.0431572198868
        dmean2: 0.0610505118966
        dvar: 0.00148742261808
        dvar2: 0.00267286435701
        max: 0.417375504971
        mean: 0.279346585274
        min: 0.102027587593
        var: 0.00454387301579
    spectral_flux:
        dmean: 0.0122792227194
        dmean2: 0.021548492834
        dvar: 0.000222016082262
        dvar2: 0.000607363705058
        max: 0.106112219393
        mean: 0.0210666172206
        min: 0.00204416783527
        var: 0.000306060275761
    spectral_kurtosis:
        dmean: 4.18270397186
        dmean2: 5.62748813629
        dvar: 22.4107265472
        dvar2: 40.2947883606
        max: 53.2486686707
        mean: 12.3452348709
        min: 0.250696897507
        var: 69.1466751099
    spectral_rms:
        dmean: 0.000431118620327
        dmean2: 0.00057620566804
        dvar: 2.4533048304e-07
        dvar2: 3.86918401318e-07
        max: 0.00493738939986
        mean: 0.0012308844598
        min: 6.38490746496e-05
        var: 7.7306356161e-07
    spectral_rolloff:
        dmean: 126.851020813
        dmean2: 224.24571228
        dvar: 172705.3125
        dvar2: 422904
        max: 5017.23632812
        mean: 350.462554932
        min: 129.19921875
        var: 150717.640625
    spectral_skewness:
        dmean: 0.487133830786
        dmean2: 0.634404301643
        dvar: 0.229313015938
        dvar2: 0.386603683233
        max: 6.25873661041
        mean: 2.9780087471
        min: 0.653686761856
        var: 0.865304648876
    spectral_spread:
        dmean: 925082.0625
        dmean2: 1338852.875
        dvar: 1.0650805207e+12
        dvar2: 1.88418516582e+12
        max: 18275206
        mean: 4865570.5
        min: 1836002.125
        var: 2.7563524096e+12
    spectral_strongpeak:
        dmean: 0.105704180896
        dmean2: 0.151269882917
        dvar: 0.0181655045599
        dvar2: 0.0311374869198
        max: 1.6187967062
        mean: 0.222441330552
        min: 0.00170059024822
        var: 0.0471740886569
    zerocrossingrate:
        dmean: 0.0053291763179
        dmean2: 0.00683480175212
        dvar: 4.79446680401e-05
        dvar2: 6.76969866618e-05
        max: 0.10546875
        mean: 0.019558377564
        min: 0.00537109375
        var: 0.000163817210705
    barkbands:
        dmean: [1.11051328133e-07, 3.57094868377e-05, 0.000141130905831, 0.000734884350095, 0.000340913393302, 0.00040459111915, 1.64961675182e-05, 8.19027445687e-06, 1.67001726368e-05, 3.61556521966e-06, 1.65995174939e-06, 2.67481846095e-06, 2.22615290113e-06, 1.311645633e-06, 1.13333180707e-06, 1.27834857722e-06, 1.36988228405e-06, 2.7013561521e-06, 2.09212748814e-06, 3.2188647765e-06, 1.24459995732e-06, 4.77407184007e-07, 1.17785859288e-07, 6.76385170095e-08, 4.31157012315e-08, 1.9676500429e-09, 1.49042098108e-10]
        dmean2: [1.67087776504e-07, 5.85266716371e-05, 0.000218309083721, 0.00113887933549, 0.000507829303388, 0.000519993598573, 2.61996974587e-05, 1.29883837872e-05, 2.45387036557e-05, 5.42023417438e-06, 2.58012732957e-06, 4.25693724537e-06, 3.29328258886e-06, 2.07471180147e-06, 1.81878237981e-06, 2.04334355658e-06, 2.21465620598e-06, 4.65712582809e-06, 2.99556609207e-06, 5.64325455343e-06, 2.05017659027e-06, 7.31448778879e-07, 1.81651344633e-07, 1.05910451964e-07, 7.49207273998e-08, 3.30515770308e-09, 2.25779811514e-10]
        dvar: [5.1928062951e-14, 6.40525632534e-09, 6.04488690215e-08, 1.69800057392e-06, 9.55836753747e-07, 1.39255996601e-06, 2.72812106239e-09, 3.39295397334e-10, 1.20626642008e-09, 5.2102318987e-11, 3.33210785353e-11, 3.96776743405e-11, 3.71646498298e-11, 1.34613214672e-11, 1.0334032241e-11, 1.65948383507e-11, 1.53297496225e-11, 3.73266167975e-10, 5.14660848661e-11, 7.11961489763e-10, 4.36253949632e-11, 5.85051148153e-12, 5.46675606259e-13, 3.32302707486e-13, 1.88659024926e-13, 2.08303295301e-16, 1.46363033305e-18]
        dvar2: [9.25479107954e-14, 1.36164333142e-08, 1.33452743967e-07, 3.60342050953e-06, 2.64283198703e-06, 2.07963626053e-06, 7.37482919178e-09, 7.63571428308e-10, 2.43077558082e-09, 1.26736288131e-10, 7.60194962535e-11, 9.66417779136e-11, 7.95885926608e-11, 3.78033021553e-11, 2.71100537852e-11, 4.57845393542e-11, 3.34501280841e-11, 1.06293818192e-09, 8.16595679964e-11, 2.04428296513e-09, 8.41404515506e-11, 1.11367668559e-11, 1.13429296338e-12, 8.17263032422e-13, 5.36858751898e-13, 5.59902224783e-16, 1.52002688683e-18]
        max: [2.94001165457e-06, 0.00108008831739, 0.00238756206818, 0.0102126309648, 0.015199907124, 0.0172767341137, 0.000869710987899, 0.000340875034453, 0.000334544078214, 8.81053492776e-05, 0.000129351639771, 6.58579301671e-05, 7.63343923609e-05, 4.85248565383e-05, 4.38091301476e-05, 6.4030449721e-05, 5.10554091306e-05, 0.000303948007058, 0.000132375076646, 0.000423178571509, 0.000110274479084, 4.55176486867e-05, 1.36327626024e-05, 1.01472296592e-05, 7.18706860425e-06, 2.46577627649e-07, 2.50405793878e-08]
        mean: [1.32923844376e-07, 4.49568360636e-05, 0.00016285397578, 0.00100573664531, 0.000485325988848, 0.000552218116354, 2.31549656746e-05, 1.26477434605e-05, 2.65518992819e-05, 5.12441738465e-06, 2.66903748525e-06, 3.22007713294e-06, 3.26177223542e-06, 1.61127854881e-06, 1.37825190905e-06, 1.50501284679e-06, 1.784010351e-06, 2.73517116511e-06, 2.96876351058e-06, 2.97023211715e-06, 1.65982658018e-06, 5.86700878102e-07, 1.4371545376e-07, 8.54992165955e-08, 5.96958713572e-08, 4.55124782306e-09, 1.50442783231e-10]
        min: [1.57082583052e-10, 3.00150553301e-08, 2.50195682838e-07, 6.9281281867e-07, 3.28134660776e-07, 1.2846388131e-07, 1.54791564455e-07, 7.06179434928e-08, 3.02024645293e-08, 2.65971387137e-08, 1.93315052854e-08, 2.03997263526e-08, 1.7174169642e-08, 1.5050433122e-09, 1.30813742061e-08, 4.97140195677e-09, 8.27561930095e-09, 9.00994656661e-09, 2.11416431029e-08, 1.80964452312e-08, 5.97310689798e-09, 4.83446216393e-09, 8.70888694493e-10, 3.06655895121e-10, 2.47670689513e-10, 3.57815339858e-11, 5.67370542909e-12]
        var: [6.69347864353e-14, 1.28867236882e-08, 9.8309982377e-08, 2.68826943284e-06, 1.2306059034e-06, 2.77164963336e-06, 4.78884709665e-09, 1.08130904231e-09, 2.44667131e-09, 1.07744597966e-10, 8.09109584887e-11, 5.42495388889e-11, 8.54919954274e-11, 1.67749772406e-11, 1.27377830506e-11, 1.65121683687e-11, 2.30579305649e-11, 2.34922720166e-10, 9.48143230595e-11, 4.30329855083e-10, 5.31784304092e-11, 7.63395856945e-12, 6.01625411815e-13, 2.90558755441e-13, 1.26983438955e-13, 1.52274977516e-16, 1.45866094213e-18]
    mfcc:
        mean: [-910.557495117, 163.116195679, 19.7781085968, 59.7806053162, -6.33107185364, -4.01968431473, -0.514422655106, -11.7657346725, -7.05878353119, -11.9137792587, -8.69856643677, -11.0129642487, -11.0082941055]
        cov: [[2674.67871094, 576.155822754, -524.81842041, -175.37322998, -88.214805603, 38.850769043, -51.1631164551, -54.1793556213, -40.1171417236, -21.550983429, 7.09839248657, -47.3428878784, -65.6246032715], [576.155822754, 787.213378906, 109.50227356, -150.590026855, -42.0024871826, 24.7394142151, 29.1796150208, -6.79269933701, -27.1598377228, -41.9935150146, -21.350440979, -12.8497667313, -26.2095737457], [-524.81842041, 109.50227356, 396.420776367, 109.06212616, 65.3496704102, 27.1990509033, 43.7798080444, 33.2260017395, 1.93868255615, -6.56799650192, -3.33224034309, 26.9562473297, 25.0820350647], [-175.37322998, -150.590026855, 109.06212616, 180.766952515, 95.2309036255, 24.6730976105, 10.1605405807, 12.7396211624, 8.57165813446, 12.7864274979, 15.1804447174, 24.6008739471, 25.3151550293], [-88.214805603, -42.0024871826, 65.3496704102, 95.2309036255, 114.803436279, 56.6100234985, 18.8874034882, 15.8278961182, 8.94026470184, 2.14049601555, 0.84453445673, 18.4801712036, 21.0966835022], [38.850769043, 24.7394142151, 27.1990509033, 24.6730976105, 56.6100234985, 82.5331420898, 39.8152198792, 9.25362682343, 1.8336635828, -1.4996317625, -0.803538024426, 5.87009096146, 8.93617534637], [-51.1631164551, 29.1796150208, 43.7798080444, 10.1605405807, 18.8874034882, 39.8152198792, 61.7812347412, 37.8522071838, 14.5932178497, 2.56858897209, -5.15605640411, -0.25341412425, 1.17889463902], [-54.1793556213, -6.79269933701, 33.2260017395, 12.7396211624, 15.8278961182, 9.25362682343, 37.8522071838, 94.1909179688, 62.1108894348, 13.6331443787, -12.7461967468, -6.91123247147, 10.1088504791], [-40.1171417236, -27.1598377228, 1.93868255615, 8.57165813446, 8.94026470184, 1.8336635828, 14.5932178497, 62.1108894348, 78.6405410767, 30.1698246002, -6.00229358673, -4.20461463928, 9.02265739441], [-21.550983429, -41.9935150146, -6.56799650192, 12.7864274979, 2.14049601555, -1.4996317625, 2.56858897209, 13.6331443787, 30.1698246002, 45.0801315308, 20.9661808014, 2.65278410912, 2.16311573982], [7.09839248657, -21.350440979, -3.33224034309, 15.1804447174, 0.84453445673, -0.803538024426, -5.15605640411, -12.7461967468, -6.00229358673, 20.9661808014, 46.6947669983, 23.6703510284, 5.59008693695], [-47.3428878784, -12.8497667313, 26.9562473297, 24.6008739471, 18.4801712036, 5.87009096146, -0.25341412425, -6.91123247147, -4.20461463928, 2.65278410912, 23.6703510284, 43.0596542358, 26.4166107178], [-65.6246032715, -26.2095737457, 25.0820350647, 25.3151550293, 21.0966835022, 8.93617534637, 1.17889463902, 10.1088504791, 9.02265739441, 2.16311573982, 5.59008693695, 26.4166107178, 48.9664535522]]
        icov: [[0.00103894865606, -0.0013189726742, 0.00204815273173, -0.00191622157581, 0.00151704391465, -0.00203942623921, 0.00185314030387, -0.00140423851553, 0.000988400308415, -0.000498676847201, 0.000260771863395, -0.000431905937148, 0.000634956988506], [-0.0013189726742, 0.00367843150161, -0.00377063406631, 0.00513087352738, -0.0026807631366, 0.00214868737385, -0.00268380576745, 0.0021734838374, -0.00168268952984, 0.00213879998773, -0.00120840722229, 0.000755200744607, -0.000195089378394], [0.00204815273173, -0.00377063406631, 0.00819365307689, -0.00722688343376, 0.00332035776228, -0.00293793040328, 0.00155952211935, -0.00385512481444, 0.00339953531511, -0.00182184926234, 0.00261115655303, -0.00308054988272, 0.000947699765675], [-0.00191622157581, 0.00513087352738, -0.00722688343376, 0.0199174843729, -0.0159951783717, 0.00912821386009, -0.00576615100726, 0.00448603834957, -0.00259154778905, 0.0015112599358, -0.00568913342431, 0.00331891141832, -0.00270915357396], [0.00151704391465, -0.0026807631366, 0.00332035776228, -0.0159951783717, 0.0311266053468, -0.0224865935743, 0.0127648683265, -0.00836696010083, 0.00383351906203, -0.00334919965826, 0.0086755938828, -0.00961066503078, 0.00291588995606], [-0.00203942623921, 0.00214868737385, -0.00293793040328, 0.00912821386009, -0.0224865935743, 0.0380791649222, -0.0274053514004, 0.0140490047634, -0.00676475372165, 0.00516882538795, -0.00678007863462, 0.00876232609153, -0.00723410630599], [0.00185314030387, -0.00268380576745, 0.00155952211935, -0.00576615100726, 0.0127648683265, -0.0274053514004, 0.0453892797232, -0.0247322712094, 0.0131565546617, -0.00846996996552, 0.00736244954169, -0.00970807764679, 0.00909083057195], [-0.00140423851553, 0.0021734838374, -0.00385512481444, 0.00448603834957, -0.00836696010083, 0.0140490047634, -0.0247322712094, 0.039706196636, -0.0304521769285, 0.0130376089364, -0.00683109182864, 0.0118772238493, -0.00821634568274], [0.000988400308415, -0.00168268952984, 0.00339953531511, -0.00259154778905, 0.00383351906203, -0.00676475372165, 0.0131565546617, -0.0304521769285, 0.0465974025428, -0.0307523161173, 0.0177593063563, -0.00994967576116, 0.00168790773023], [-0.000498676847201, 0.00213879998773, -0.00182184926234, 0.0015112599358, -0.00334919965826, 0.00516882538795, -0.00846996996552, 0.0130376089364, -0.0307523161173, 0.055897321552, -0.0345726124942, 0.0181639231741, -0.00401465035975], [0.000260771863395, -0.00120840722229, 0.00261115655303, -0.00568913342431, 0.0086755938828, -0.00678007863462, 0.00736244954169, -0.00683109182864, 0.0177593063563, -0.0345726124942, 0.0565233454108, -0.0366385132074, 0.0116069130599], [-0.000431905937148, 0.000755200744607, -0.00308054988272, 0.00331891141832, -0.00961066503078, 0.00876232609153, -0.00970807764679, 0.0118772238493, -0.00994967576116, 0.0181639231741, -0.0366385132074, 0.0637197941542, -0.0291513428092], [0.000634956988506, -0.000195089378394, 0.000947699765675, -0.00270915357396, 0.00291588995606, -0.00723410630599, 0.00909083057195, -0.00821634568274, 0.00168790773023, -0.00401465035975, 0.0116069130599, -0.0291513428092, 0.0378930680454]]
    spectral_contrast:
        mean: [3.00075583937e-07, 3.37302623166e-07, -2.09638130855e-07, 1.4330295528e-07, -1.55332529062e-07, 2.39867290475e-07, 2.33830951402e-06, -6.06825665272e-07, -1.42185365348e-06, 3.42064436154e-06, -1.0761949909e-07, 2.20585476995e-07]
        var: [8.78011342138e-05, 0.000263339898083, 0.000869690848049, 0.0023082497064, 0.00442832848057, 0.0113640045747, 0.0239615812898, 0.0455775484443, 0.0912054851651, 0.146044567227, 0.405944645405, 1.64536678791]

rhythm:
    beats_loudness:
        dmean: 0.00429009273648
        dmean2: 0.00816301163286
        dvar: 1.79659218702e-05
        dvar2: 4.75885426567e-05
        max: 0.0123396078125
        mean: 0.00351476436481
        min: 0.000115457725769
        var: 1.47569262481e-05
    beats_loudness_bass:
        dmean: 0.242449894547
        dmean2: 0.440396338701
        dvar: 0.0565534122288
        dvar2: 0.141817554832
        max: 0.91204059124
        mean: 0.38430327177
        min: 0.0566395632923
        var: 0.0593813173473
    bpm: 154.28678894
    bpm_confidence: 0
    first_peak_bpm: 206
    first_peak_spread: 0
    first_peak_weight: 0.655172407627
    onset_rate: 4.98453760147
    second_peak_bpm: 154
    second_peak_spread: 0
    second_peak_weight: 0.310344815254
    beats_position: [0.142770275474, 0.433498471975, 0.724226653576, 1.01495480537, 1.30568301678, 1.59641122818, 1.88713932037, 2.17786741257, 2.46859550476, 2.75932359695, 3.05005168915, 3.34077978134, 3.63150787354, 3.92223596573, 4.21296405792, 4.50369215012, 4.79442024231, 5.0851483345, 5.3758764267, 5.66660451889, 6.29487323761, 6.68378162384, 7.07269001007, 7.46159791946, 7.85050582886, 8.23941421509, 8.62832260132, 9.01723098755, 9.4061384201, 9.79504680634]
    bpm_estimates: [154.322692871, 155.690124512, 152.847564697]
    bpm_intervals: [0.290728211403, 0.290728181601, 0.290728151798, 0.290728211403, 0.290728211403, 0.290728092194, 0.290728092194, 0.290728092194, 0.290728092194, 0.290728092194, 0.290728092194, 0.290728092194, 0.290728092194, 0.290728092194, 0.290728092194, 0.290728092194, 0.290728092194, 0.290728092194, 0.290728092194, 0.628268718719, 0.38890838623, 0.38890838623, 0.388907909393, 0.388907909393, 0.38890838623, 0.38890838623, 0.38890838623, 0.388907432556, 0.38890838623]
    onset_times: [0.0580498874187, 0.220589563251, 0.31346938014, 0.557278931141, 0.893968224525, 1.40480720997, 1.8575963974, 2.06657600403, 2.27555561066, 2.33360552788, 2.54258513451, 2.67029476166, 2.76317453384, 3.23918366432, 3.3785033226, 3.47138333321, 3.80807256699, 4.21442174911, 4.34213161469, 4.58594083786, 4.63238096237, 4.92263031006, 5.14321994781, 5.24770975113, 5.51473903656, 5.59600925446, 5.93269824982, 6.1648979187, 6.28099775314, 6.54802703857, 6.65251684189, 6.87310647964, 7.04725646973, 7.12852621078, 7.34911584854, 7.74385499954, 7.85995483398, 7.99927425385, 8.23147392273, 8.44045352936, 8.59138298035, 8.77714252472, 8.88163280487, 8.99773216248, 9.10222244263, 9.31120204926, 9.42730140686, 9.78721046448, 9.89170074463, 10.0310201645]
    rubato_start: [6.68378162384]
    rubato_stop: [9.79504680634]
    perceptual_tempo: "unknown"

sfx:
    inharmonicity:
        dmean: 0.0132836280391
        dmean2: 0.0242429357022
        dvar: 0.000599862658419
        dvar2: 0.00176227500197
        max: 0.208135634661
        mean: 0.0102050285786
        min: 0
        var: 0.00042285642121
    oddtoevenharmonicenergyratio:
        dmean: 7.62740516663
        dmean2: 14.3490781784
        dvar: 906.082275391
        dvar2: 2657.0625
        max: 355.910552979
        mean: 4.43654537201
        min: 0
        var: 546.261413574
    pitch_after_max_to_before_max_energy_ratio: 2.31163525581
    pitch_centroid: 224.211608887
    pitch_max_to_total: 0.430555552244
    pitch_min_to_total: 0.622685194016
    tristimulus:
        dmean: [0.256592601538, 0.247406840324, 0.0233942866325]
        dmean2: [0.46372589469, 0.446495383978, 0.0411426201463]
        dvar: [0.0642831251025, 0.0612677298486, 0.00183054537047]
        dvar2: [0.168415591121, 0.159506946802, 0.0051221116446]
        max: [1, 0.976646482944, 0.422101348639]
        mean: [0.651057124138, 0.318440943956, 0.0238423272967]
        min: [0.00961565412581, 0, 0]
        var: [0.0760291144252, 0.0734202265739, 0.00159457465634]

tonal:
    chords_changes_rate: 0.0414746552706
    chords_number_rate: 0.0276497695595
    chords_strength:
        dmean: 0.0120117533952
        dmean2: 0.0132700055838
        dvar: 8.89767325134e-05
        dvar2: 0.000134537564008
        max: 0.644946992397
        mean: 0.468111902475
        min: 0.314580410719
        var: 0.00489392597228
    key_strength: 0.518285036087
    tuning_diatonic_strength: 0.41639071703
    tuning_equal_tempered_deviation: 0.255544692278
    tuning_frequency: 441.272583008
    tuning_nontempered_energy_ratio: 0.892306387424
    hpcp:
        dmean: [0.0330739952624, 0.0359981805086, 0.037501104176, 0.0533886030316, 0.074687667191, 0.115517377853, 0.13381382823, 0.111497066915, 0.0793810039759, 0.0239649452269, 0.0171373710036, 0.0289256423712, 0.0341893397272, 0.0269878525287, 0.0289631336927, 0.0502180047333, 0.088746778667, 0.125083699822, 0.155085623264, 0.219256818295, 0.216381624341, 0.128481164575, 0.16747020185, 0.198981583118, 0.212454676628, 0.194988280535, 0.185067147017, 0.11670602113, 0.12069119513, 0.103929571807, 0.0644686073065, 0.0579158514738, 0.0457251742482, 0.0346892401576, 0.0305755846202, 0.0314039550722]
        dmean2: [0.0564317330718, 0.0630298107862, 0.0701451525092, 0.0997695848346, 0.139233231544, 0.218625485897, 0.230512112379, 0.189541622996, 0.14216171205, 0.0434740260243, 0.0327743366361, 0.0560438036919, 0.0667341649532, 0.0514842271805, 0.0548047982156, 0.0967820212245, 0.17259709537, 0.211797639728, 0.267382740974, 0.38989213109, 0.402547389269, 0.240455538034, 0.310211956501, 0.363144993782, 0.38019707799, 0.353491663933, 0.343575686216, 0.208248242736, 0.225124642253, 0.194954589009, 0.114990107715, 0.112583316863, 0.0893149375916, 0.0638560652733, 0.049511205405, 0.0540159344673]
        dvar: [0.0108432685956, 0.0129259880632, 0.00944283697754, 0.0188084281981, 0.030806966126, 0.0543864779174, 0.0697151124477, 0.0565610565245, 0.0342506170273, 0.00400680629537, 0.00315646268427, 0.0124336434528, 0.0166493002325, 0.00740441167727, 0.00796528346837, 0.0157893244177, 0.0418276004493, 0.0457436703146, 0.0590882338583, 0.0828500390053, 0.0952478870749, 0.0440555736423, 0.0705499202013, 0.095744304359, 0.0855298116803, 0.0779476836324, 0.0863631144166, 0.0401687435806, 0.0547314733267, 0.0492183230817, 0.0255645792931, 0.0229539852589, 0.0240036007017, 0.0111074093729, 0.00783146172762, 0.00706477370113]
        dvar2: [0.0268064904958, 0.0374257341027, 0.0244178511202, 0.0530404299498, 0.087531350553, 0.168887704611, 0.187118276954, 0.130572006106, 0.0947808474302, 0.0100492956117, 0.0091714663431, 0.0366366058588, 0.0496509559453, 0.0205619577318, 0.0224680621177, 0.0465021543205, 0.120460286736, 0.11827160418, 0.128841340542, 0.218151181936, 0.22991488874, 0.111357651651, 0.198615849018, 0.232566997409, 0.231096997857, 0.196118816733, 0.26295799017, 0.12027014792, 0.172106921673, 0.157021984458, 0.0718478485942, 0.0829365551472, 0.0752794295549, 0.0310258120298, 0.0139840310439, 0.0167251080275]
        max: [1, 1, 1, 1, 1, 1, 1, 1, 1, 0.610862016678, 0.452701419592, 1, 0.932249188423, 0.684079289436, 0.681244850159, 0.674931645393, 1, 1, 1, 1, 1, 1, 1, 1, 1, 1, 1, 1, 1, 1, 1, 1, 1, 0.955804407597, 0.931078076363, 1]
        mean: [0.0300150923431, 0.0328153409064, 0.0352177284658, 0.0396942570806, 0.0503815338016, 0.0753086358309, 0.104377828538, 0.097195841372, 0.0544538460672, 0.0192283410579, 0.0113753890619, 0.0173304229975, 0.0207066088915, 0.0182629209012, 0.0181023720652, 0.0299056638032, 0.0556218661368, 0.12790325284, 0.24277806282, 0.267160505056, 0.178918719292, 0.0979581624269, 0.126194506884, 0.210163861513, 0.210164740682, 0.191321834922, 0.202635645866, 0.155424684286, 0.0962582305074, 0.0717278942466, 0.0480189882219, 0.0342424176633, 0.0267112888396, 0.0228315517306, 0.0243210699409, 0.0277778673917]
        min: [3.5941015085e-05, 8.43153538881e-05, 0, 0, 3.35530166922e-05, 2.85642818199e-05, 3.2195552194e-05, 3.80184537789e-05, 2.50289631367e-05, 5.30119941686e-05, 4.14360729337e-05, 2.57559731835e-05, 0, 0, 0, 0, 0, 0, 0, 0, 0, 2.38350821746e-05, 2.37309432123e-05, 1.94440763153e-05, 2.08268265851e-05, 1.54386361828e-05, 0, 0, 0, 0, 0, 0, 3.49992333213e-05, 5.39771426702e-05, 5.29790377186e-05, 4.01663237426e-05]
        var: [0.0105779413134, 0.0150361321867, 0.0141592817381, 0.0143141550943, 0.0206525158137, 0.036898560822, 0.0618948042393, 0.0584200806916, 0.0247750766575, 0.00330911902711, 0.001748349634, 0.00678185885772, 0.00900680199265, 0.00485802209005, 0.00496542174369, 0.00921481847763, 0.0253754295409, 0.0572277531028, 0.131751507521, 0.130144938827, 0.0924584120512, 0.0415919721127, 0.0623258054256, 0.123944759369, 0.108412623405, 0.0971503034234, 0.120540946722, 0.0798552781343, 0.0465610362589, 0.0354078523815, 0.0201640147716, 0.0139907589182, 0.0131033733487, 0.00706396251917, 0.00757302623242, 0.00970327109098]
    chords_histogram: [0, 7.37327194214, 0, 0, 0, 0, 0, 0, 0, 0, 6.45161294937, 0, 0, 0, 3.68663597107, 0, 16.129032135, 1.38248848915, 0, 0, 0, 0, 0, 64.9769592285]
    thpcp: [1, 0.669704973698, 0.366664081812, 0.472354650497, 0.786657691002, 0.786660969257, 0.716130673885, 0.758479058743, 0.581765174866, 0.360301136971, 0.268482416868, 0.179738342762, 0.12817171216, 0.0999821797013, 0.0854600593448, 0.091035425663, 0.103974454105, 0.112348541617, 0.122830063105, 0.131822362542, 0.148578315973, 0.188581511378, 0.281885355711, 0.390693336725, 0.363810658455, 0.203824460506, 0.0719729959965, 0.0425788573921, 0.0648689568043, 0.0775062516332, 0.0683593600988, 0.0677584111691, 0.111938938498, 0.2081964463, 0.478750616312, 0.908734858036]
    chords_key: "B"
    chords_scale: "major"
    key_key: "D#"
    key_scale: "minor"
    chords_progression: ["D", "D", "D", "Dm", "Dm", "Dm", "Dm", "Dm", "Dm", "Dm", "Dm", "Dm", "Dm", "Dm", "Dm", "Dm", "Dm", "Bm", "Bm", "Bm", "Bm", "Bm", "Bm", "Bm", "Bm", "Bm", "Bm", "Bm", "Bm", "Bm", "Bm", "Bm", "Bm", "Bm", "Bm", "Bm", "Em", "Bm", "Em", "Em", "Em", "Em", "Em", "Em", "Em", "B", "B", "B", "B", "B", "B", "B", "B", "B", "B", "B", "B", "B", "B", "B", "B", "B", "B", "B", "B", "B", "B", "B", "B", "B", "B", "B", "B", "B", "B", "B", "B", "B", "B", "B", "B", "B", "B", "B", "B", "B", "B", "B", "B", "B", "B", "B", "B", "B", "B", "B", "B", "B", "B", "B", "B", "B", "B", "B", "B", "B", "B", "B", "B", "B", "B", "B", "B", "B", "B", "B", "B", "B", "B", "B", "B", "B", "B", "B", "B", "B", "B", "B", "B", "B", "B", "B", "B", "B", "B", "B", "B", "B", "B", "B", "B", "B", "B", "B", "B", "B", "B", "B", "B", "B", "B", "Bm", "Bm", "Bm", "Bm", "Bm", "Bm", "Bm", "Bm", "Bm", "Bm", "Bm", "Bm", "Bm", "Bm", "Bm", "B", "B", "B", "B", "B", "B", "B", "B", "B", "B", "B", "B", "B", "B", "B", "B", "B", "B", "B", "B", "B", "B", "B", "B", "B", "B", "B", "B", "B", "B", "B", "B", "B", "B", "B", "F#", "F#", "F#", "F#", "F#", "F#", "F#", "F#", "F#", "F#", "F#", "F#", "F#", "F#", "F#", "F#"]
