
metadata:
    version:
        essentia: "1.2.2"
    audio_properties:
        analysis_sample_rate: 44100
        bitrate: 128
        channels: 2
        equal_loudness: 1
        length: 10.0310201645
        replay_gain: -4.58646583557
        downmix: "mix"
    tags:
        track: 1
        year: 0
        album: "Splitted by Mp3Splt v. 2.1"
        artist: "From 000.00 To 000.10"
        comment: "http://mp3splt.sf.net"
        genre: ""
        title: "03 Getting Better.mp3"

highlevel:
    ballroom:
        all:
            ChaChaCha: 0.184134781361
            Jive: 0.411089390516
            Quickstep: 0.055945135653
            Rumba-American: 0.00936249084771
            Rumba-International: 0.0355670973659
            Rumba-Misc: 0.00863011088222
            Samba: 0.149216681719
            Tango: 0.0260903257877
            VienneseWaltz: 0.08573320508
            Waltz: 0.0342307984829
        probability: 0.411089390516
        value: "Jive"
    culture:
        all:
            non_western: 0.467732846737
            western: 0.532267153263
        probability: 0.532267153263
        value: "western"
    gender:
        all:
            female: 0.648107409477
            male: 0.35189256072
        probability: 0.648107409477
        value: "female"
    genre_dortmund:
        all:
            alternative: 0.119520135224
            blues: 0.0985799878836
            electronic: 0.155677080154
            folkcountry: 0.0764960199594
            funksoulrnb: 0.0195702016354
            jazz: 0.361151188612
            pop: 0.0264135282487
            raphiphop: 0.00995393376797
            rock: 0.132637932897
        probability: 0.361151188612
        value: "jazz"
    genre_electronica:
        all:
            ambient: 0.554650962353
            dnb: 0.13943476975
            house: 0.0359047427773
            techno: 0.0939596369863
            trance: 0.176049888134
        probability: 0.554650962353
        value: "ambient"
    genre_rosamerica:
        all:
            cla: 0.406114518642
            dan: 0.044406093657
            hip: 0.0509342066944
            jaz: 0.0990129187703
            pop: 0.0348095186055
            rhy: 0.0993310958147
            roc: 0.250419348478
            spe: 0.0149722741917
        probability: 0.406114518642
        value: "cla"
    genre_tzanetakis:
        all:
            blu: 0.0784028172493
            cla: 0.156649619341
            cou: 0.0264404304326
            dis: 0.0349025018513
            hip: 0.0319756418467
            jaz: 0.111009545624
            met: 0.317652881145
            pop: 0.0215081963688
            reg: 0.124709926546
            roc: 0.0967484489083
        probability: 0.317652881145
        value: "met"
    live_studio:
        all:
            live: 0.117817148566
            studio: 0.882182836533
        probability: 0.882182836533
        value: "studio"
    mood:
        all:
            Cluster1: 0.141817301512
            Cluster2: 0.0793329551816
            Cluster3: 0.0245113689452
            Cluster4: 0.05310671404
            Cluster5: 0.701231658459
        probability: 0.701231658459
        value: "Cluster5"
    mood_acoustic:
        all:
            acoustic: 0.0729531571269
            not_acoustic: 0.927046835423
        probability: 0.927046835423
        value: "not_acoustic"
    mood_aggressive:
        all:
            aggressive: 0.984103739262
            not_aggressive: 0.0158962532878
        probability: 0.984103739262
        value: "aggressive"
    mood_electronic:
        all:
            electronic: 0.764668941498
            not_electronic: 0.235331088305
        probability: 0.764668941498
        value: "electronic"
    mood_happy:
        all:
            happy: 0.315256208181
            not_happy: 0.684743821621
        probability: 0.684743821621
        value: "not_happy"
    mood_party:
        all:
            not_party: 0.325643241405
            party: 0.674356758595
        probability: 0.674356758595
        value: "party"
    mood_relaxed:
        all:
            not_relaxed: 0.259623497725
            relaxed: 0.740376472473
        probability: 0.740376472473
        value: "relaxed"
    mood_sad:
        all:
            not_sad: 3.00000096379e-14
            sad: 1
        probability: 1
        value: "sad"
    rhythm:
        all:
            fast: 0.550754249096
            medium: 0.321283370256
            slow: 0.127962350845
        probability: 0.550754249096
        value: "fast"
    speech_music:
        all:
            music: 3.00000096379e-14
            speech: 1
        probability: 1
        value: "speech"
    timbre:
        all:
            bright: 0.267604738474
            dark: 0.732395231724
        probability: 0.732395231724
        value: "dark"
    voice_instrumental:
        all:
            instrumental: 0.999998867512
            voice: 1.13613850772e-06
        probability: 0.999998867512
        value: "instrumental"

lowlevel:
    average_loudness: 0.726471602917
    barkbands_kurtosis:
        dmean: 1.43660831451
        dmean2: 2.32220292091
        dvar: 2.84693455696
        dvar2: 7.53819990158
        max: 12.5195846558
        mean: 1.35526752472
        min: -1.89780938625
        var: 11.2231340408
    barkbands_skewness:
        dmean: 0.452627748251
        dmean2: 0.717688024044
        dvar: 0.129232674837
        dvar2: 0.333008617163
        max: 3.00824856758
        mean: -0.909416615963
        min: -2.94852137566
        var: 1.67109644413
    barkbands_spread:
        dmean: 5.23731517792
        dmean2: 8.27466011047
        dvar: 20.5668411255
        dvar2: 44.9168434143
        max: 54.9661903381
        mean: 30.540397644
        min: 3.89682626724
        var: 220.183395386
    dissonance:
        dmean: 0.00662809377536
        dmean2: 0.011626903899
        dvar: 2.91037540592e-05
        dvar2: 8.18060725578e-05
        max: 0.49934476614
        mean: 0.487373441458
        min: 0.463114500046
        var: 4.16496623075e-05
    hfc:
        dmean: 2.18522071838
        dmean2: 3.65742301941
        dvar: 8.36304855347
        dvar2: 21.3124542236
        max: 43.4422492981
        mean: 12.688079834
        min: 0.00637371605262
        var: 108.538009644
    pitch:
        dmean: 930.057128906
        dmean2: 1809.74731445
        dvar: 1346670.5
        dvar2: 3011028.5
        max: 3675
        mean: 2589.25610352
        min: 162.730621338
        var: 1597081.75
    pitch_instantaneous_confidence:
        dmean: 0.0845517963171
        dmean2: 0.145502179861
        dvar: 0.00423817895353
        dvar2: 0.0127760851756
        max: 0.729241847992
        mean: 0.497037768364
        min: 0.294465065002
        var: 0.00859112665057
    pitch_salience:
        dmean: 0.0787146538496
        dmean2: 0.129608884454
        dvar: 0.00322270113975
        dvar2: 0.00803965143859
        max: 0.817680537701
        mean: 0.635710537434
        min: 0.349255472422
        var: 0.00726433331147
    silence_rate_20dB:
        dmean: 0
        dmean2: 0
        dvar: 0
        dvar2: 0
        max: 1
        mean: 1
        min: 1
        var: 0
    silence_rate_30dB:
        dmean: 0
        dmean2: 0
        dvar: 0
        dvar2: 0
        max: 1
        mean: 1
        min: 1
        var: 0
    silence_rate_60dB:
        dmean: 0.0228426400572
        dmean2: 0.0458015277982
        dvar: 0.0223207827657
        dvar2: 0.0538820326328
        max: 1
        mean: 0.453164547682
        min: 0
        var: 0.247807368636
    spectral_centroid:
        dmean: 260.867370605
        dmean2: 405.153900146
        dvar: 47648.2070312
        dvar2: 131268.3125
        max: 3400.45263672
        mean: 2298.82299805
        min: 449.126861572
        var: 575921.5
    spectral_complexity:
        dmean: 3.39154934883
        dmean2: 5.85310745239
        dvar: 12.9593658447
        dvar2: 35.7976455688
        max: 36
        mean: 13.0674161911
        min: 0
        var: 77.2650222778
    spectral_crest:
        dmean: 2.24987006187
        dmean2: 3.73025250435
        dvar: 2.69287896156
        dvar2: 7.45655870438
        max: 19.195526123
        mean: 8.74130630493
        min: 4.10273218155
        var: 7.14700222015
    spectral_decrease:
        dmean: 1.4994255837e-10
        dmean2: 2.49189308077e-10
        dvar: 3.24597175346e-20
        dvar2: 8.34314463725e-20
        max: -9.50038550433e-13
        mean: -9.20210463384e-10
        min: -2.54762011487e-09
        var: 3.84100774602e-19
    spectral_energy:
        dmean: 0.000734841683879
        dmean2: 0.0012372280471
        dvar: 8.49137961723e-07
        dvar2: 2.15206591747e-06
        max: 0.0135556478053
        mean: 0.0046239332296
        min: 4.16377997681e-06
        var: 1.06571533252e-05
    spectral_energyband_high:
        dmean: 0.000136411792482
        dmean2: 0.000229841301916
        dvar: 2.72084186292e-08
        dvar2: 7.75289450416e-08
        max: 0.00146033370402
        mean: 0.000374662253307
        min: 2.92557871262e-07
        var: 1.00516750479e-07
    spectral_energyband_low:
        dmean: 3.24557368003e-05
        dmean2: 5.67905299249e-05
        dvar: 1.47252943172e-09
        dvar2: 3.79052567112e-09
        max: 0.000301582855172
        mean: 4.60568626295e-05
        min: 1.84169373085e-08
        var: 2.07728345636e-09
    spectral_energyband_middle_high:
        dmean: 0.00069057312794
        dmean2: 0.00116935174447
        dvar: 9.01015425825e-07
        dvar2: 2.32823686019e-06
        max: 0.0126034077257
        mean: 0.00346546154469
        min: 1.50836376633e-06
        var: 8.65601396072e-06
    spectral_energyband_middle_low:
        dmean: 0.000264376896666
        dmean2: 0.000413820816902
        dvar: 7.68432570908e-08
        dvar2: 1.8124593737e-07
        max: 0.00286088115536
        mean: 0.000737752532586
        min: 1.77905212695e-06
        var: 2.93259404316e-07
    spectral_flatness_db:
        dmean: 0.0180800482631
        dmean2: 0.0295966565609
        dvar: 0.000222390401177
        dvar2: 0.000571197073441
        max: 0.328040122986
        mean: 0.242870688438
        min: 0.13906647265
        var: 0.000545425515156
    spectral_flux:
        dmean: 0.00599363492802
        dmean2: 0.0101349800825
        dvar: 4.45255791419e-05
        dvar2: 0.000118800780911
        max: 0.100182645023
        mean: 0.0405141189694
        min: 0.00111890037078
        var: 0.000541491841432
    spectral_kurtosis:
        dmean: 2.52447843552
        dmean2: 4.56037759781
        dvar: 4.53612089157
        dvar2: 15.0383520126
        max: 15.449420929
        mean: 3.41384887695
        min: -0.427804946899
        var: 6.5023393631
    spectral_rms:
        dmean: 0.00015998003073
        dmean2: 0.000263131107204
        dvar: 2.53995278143e-08
        dvar2: 6.38472954506e-08
        max: 0.00363662233576
        mean: 0.00190120411571
        min: 6.37355842628e-05
        var: 8.96575272691e-07
    spectral_rolloff:
        dmean: 240.747177124
        dmean2: 414.118499756
        dvar: 216762
        dvar2: 568493.6875
        max: 4134.375
        mean: 3652.29833984
        min: 322.998046875
        var: 384171.8125
    spectral_skewness:
        dmean: 0.280496954918
        dmean2: 0.496837645769
        dvar: 0.0616335906088
        dvar2: 0.183813199401
        max: 2.69305086136
        mean: 0.373740941286
        min: -0.14923004806
        var: 0.0932114720345
    spectral_spread:
        dmean: 192926.078125
        dmean2: 295028.28125
        dvar: 360334360576
        dvar2: 381740449792
        max: 13377406
        mean: 2493147.25
        min: 1658044.875
        var: 469424439296
    spectral_strongpeak:
        dmean: 0.978325068951
        dmean2: 1.65186095238
        dvar: 1.57258212566
        dvar2: 4.60976219177
        max: 8.82329845428
        mean: 1.57803452015
        min: 0.00519144581631
        var: 3.39195132256
    zerocrossingrate:
        dmean: 0.00739299086854
        dmean2: 0.0102883893996
        dvar: 5.24406823388e-05
        dvar2: 8.31483048387e-05
        max: 0.15673828125
        mean: 0.118987008929
        min: 0.02978515625
        var: 0.000816722109448
    barkbands:
        dmean: [1.00143289217e-08, 1.09630273073e-05, 2.79428732028e-05, 0.000185561177204, 6.71210145811e-05, 5.07234435645e-05, 3.56825075869e-05, 8.6479150923e-05, 6.14838836555e-06, 4.79267009723e-06, 1.00180250229e-05, 2.39870132646e-05, 9.32694729272e-06, 5.50279910385e-05, 2.99363455269e-05, 5.07004260726e-05, 0.000504027470015, 0.000336332130246, 0.000298349332297, 0.000475007342175, 8.87306232471e-05, 5.1790480029e-06, 7.11806151799e-08, 1.60898121493e-08, 8.67507665703e-09, 6.21928286648e-09, 6.45250475273e-09]
        dmean2: [1.56499737614e-08, 1.90022856259e-05, 4.84938973386e-05, 0.000277152576018, 0.000109476852231, 8.5952495283e-05, 6.23620799161e-05, 0.000153062355821, 1.10763576231e-05, 8.53300389281e-06, 1.64001412486e-05, 3.81774880225e-05, 1.57940594363e-05, 9.28586305236e-05, 5.19122877449e-05, 9.08093716134e-05, 0.000805079413112, 0.000561527907848, 0.000487976125441, 0.000800082401838, 0.000147645914694, 8.4790353867e-06, 1.12118087259e-07, 2.16858886404e-08, 1.0274880502e-08, 6.38465902369e-09, 6.61708643435e-09]
        dvar: [2.19303352198e-15, 2.08982928185e-10, 1.13548237479e-09, 5.04316126637e-08, 7.1918035971e-09, 5.58931745331e-09, 2.58549159859e-09, 1.00355812549e-08, 7.14606013252e-11, 4.84204690232e-11, 3.42008865672e-10, 1.06293984725e-09, 3.0138549989e-10, 6.03329119997e-09, 1.7337832281e-09, 4.6976906809e-09, 4.90730485581e-07, 2.48559757665e-07, 1.31527698954e-07, 3.62068220738e-07, 1.46755780861e-08, 3.44886376402e-11, 3.05368760606e-14, 1.87689439864e-14, 1.48098255935e-14, 1.29014112354e-14, 1.39408485637e-14]
        dvar2: [2.3351444747e-15, 5.45371803273e-10, 3.14451220618e-09, 1.10366144668e-07, 1.63852984514e-08, 1.39437252855e-08, 7.4838322206e-09, 3.27362990049e-08, 2.00908165104e-10, 1.37066663575e-10, 9.30404031596e-10, 2.70541300473e-09, 8.27700241679e-10, 1.90283095947e-08, 5.18712983677e-09, 1.34372459826e-08, 1.23834570331e-06, 7.09619541794e-07, 3.63226973832e-07, 1.06681602574e-06, 3.95989694368e-08, 9.54643239459e-11, 3.77856789911e-14, 1.83064114811e-14, 1.48830227927e-14, 1.29267010982e-14, 1.39677139077e-14]
        max: [8.75484374774e-07, 0.000106908591988, 0.000282224296825, 0.00220439513214, 0.000815291656181, 0.00069176213583, 0.000356754579116, 0.000748656166252, 5.1933395298e-05, 4.1236718971e-05, 0.000169956343598, 0.000265578011749, 0.000145372890984, 0.000547889852896, 0.000343334977515, 0.000479316368001, 0.00680809095502, 0.00557518471032, 0.00259522674605, 0.00545404385775, 0.00094970286591, 6.09458220424e-05, 3.37213623425e-06, 2.64569439423e-06, 2.30231080423e-06, 2.14475198845e-06, 2.22918015425e-06]
        mean: [1.17678498057e-08, 1.43068755278e-05, 3.17394697049e-05, 0.000344447878888, 0.000114139307698, 6.73537433613e-05, 4.50234620075e-05, 0.000159437942784, 6.55386429571e-06, 5.23936523678e-06, 1.23682721096e-05, 4.15275098931e-05, 1.34610672831e-05, 0.000114062851935, 3.93320115109e-05, 7.11595348548e-05, 0.000677921925671, 0.000784743519034, 0.000589189527091, 0.00127052364405, 0.000209552323213, 1.16260789582e-05, 1.70394670818e-07, 2.08793586864e-08, 9.96738247494e-09, 6.27194562952e-09, 6.40966657528e-09]
        min: [2.16923592804e-12, 6.39190878005e-09, 6.84775880444e-09, 1.92358569961e-07, 1.89699207453e-07, 1.5370177664e-07, 6.95571600318e-08, 1.08544835342e-08, 6.57286314265e-09, 3.91753784967e-09, 4.63647698012e-09, 7.40668237853e-09, 9.36067134916e-09, 1.83811383891e-08, 2.90569595052e-08, 9.61169845937e-08, 1.82733103316e-07, 2.12093084428e-07, 6.07296897215e-07, 2.96368682484e-07, 7.00711311197e-08, 1.01154622456e-08, 1.61073959726e-10, 2.44728941973e-11, 1.25165901949e-11, 7.06883621191e-14, 8.53632604463e-15]
        var: [2.22117216824e-15, 3.34336419661e-10, 1.23620158554e-09, 1.8538874258e-07, 1.29394281956e-08, 8.01575072984e-09, 2.79767498057e-09, 2.47262530451e-08, 5.61831414725e-11, 4.14807146965e-11, 4.38616837295e-10, 2.35157249229e-09, 4.06630312755e-10, 1.36764271019e-08, 1.81878145877e-09, 5.76549652465e-09, 8.05110119018e-07, 6.20029027232e-07, 3.10659089564e-07, 1.38204165978e-06, 4.41294965015e-08, 9.81443537551e-11, 5.15571472234e-14, 1.96079606138e-14, 1.48168136153e-14, 1.28820429801e-14, 1.39175483814e-14]
    mfcc:
        mean: [-805.82635498, 139.315429688, -109.225402832, 125.58921051, -32.5496520996, 0.995252788067, -8.67973709106, -17.3050041199, -3.75308084488, -13.7652711868, 4.92164993286, -1.74037361145, -2.51315188408]
        cov: [[9673.01367188, -1291.03173828, -1105.73535156, -254.894622803, -567.599060059, 211.898696899, -47.5994873047, 275.557952881, -225.589233398, 146.952148438, 493.588745117, 526.443603516, 170.165588379], [-1291.03173828, 538.30291748, 274.144256592, 170.275665283, 122.874008179, -3.54015898705, -11.1245956421, -49.205242157, 50.7447013855, -48.4346046448, -129.073364258, -170.277999878, -47.7998847961], [-1105.73535156, 274.144256592, 271.067047119, 85.8602218628, 129.538284302, -20.6778049469, -1.90176689625, -44.682144165, 22.198141098, -15.6818761826, -96.7266387939, -87.9737091064, -58.020690918], [-254.894622803, 170.275665283, 85.8602218628, 102.325363159, 47.7590026855, 21.7782783508, -8.3187456131, -16.1552448273, 7.19869422913, -13.1678390503, -26.4380207062, -56.8292961121, -15.3760080338], [-567.599060059, 122.874008179, 129.538284302, 47.7590026855, 99.7292709351, 2.46675109863, 5.48892211914, -20.2388076782, 15.0370759964, -1.6536488533, -43.7501907349, -33.1110916138, -23.5705184937], [211.898696899, -3.54015898705, -20.6778049469, 21.7782783508, 2.46675109863, 52.418926239, 20.0371074677, 13.1008586884, -11.5951652527, 0.624556601048, 18.6605949402, 14.4920759201, 10.538860321], [-47.5994873047, -11.1245956421, -1.90176689625, -8.3187456131, 5.48892211914, 20.0371074677, 49.7788085938, 22.9214401245, 9.30823230743, -2.50676298141, 6.21879053116, 6.7638092041, 12.4211683273], [275.557952881, -49.205242157, -44.682144165, -16.1552448273, -20.2388076782, 13.1008586884, 22.9214401245, 58.9402236938, 19.2201480865, 9.2943315506, 6.69909238815, 14.6885890961, 9.56597137451], [-225.589233398, 50.7447013855, 22.198141098, 7.19869422913, 15.0370759964, -11.5951652527, 9.30823230743, 19.2201480865, 61.1771888733, 3.19613742828, -20.1084938049, -30.2660560608, -0.670815110207], [146.952148438, -48.4346046448, -15.6818761826, -13.1678390503, -1.6536488533, 0.624556601048, -2.50676298141, 9.2943315506, 3.19613742828, 44.1523323059, 24.5230197906, 22.7408618927, -3.02263450623], [493.588745117, -129.073364258, -96.7266387939, -26.4380207062, -43.7501907349, 18.6605949402, 6.21879053116, 6.69909238815, -20.1084938049, 24.5230197906, 101.820953369, 67.7260894775, 39.3521957397], [526.443603516, -170.277999878, -87.9737091064, -56.8292961121, -33.1110916138, 14.4920759201, 6.7638092041, 14.6885890961, -30.2660560608, 22.7408618927, 67.7260894775, 120.816055298, 35.2899742126], [170.165588379, -47.7998847961, -58.020690918, -15.3760080338, -23.5705184937, 10.538860321, 12.4211683273, 9.56597137451, -0.670815110207, -3.02263450623, 39.3521957397, 35.2899742126, 64.3517227173]]
        icov: [[0.000293021381367, 0.000205119940802, 0.00051233934937, -0.000563973735552, 0.000584800494835, -0.00060037401272, 0.000783128780313, -0.000993924215436, 0.000470092287287, -0.00015090101806, -0.000153725413838, -0.000439570430899, 0.000346689193975], [0.000205119940802, 0.00878620985895, -0.00525204231963, -0.00847659818828, 0.00361314439215, -0.00159675814211, 0.000650541624054, 0.00169883435592, -0.00324190012179, 0.00139865325764, 0.0029648214113, 0.00270772282965, -0.00283601530828], [0.00051233934937, -0.00525204231963, 0.0216548889875, -0.00389333884232, -0.0150516200811, 0.00968846026808, -0.00628447625786, 0.00192480697297, 0.00451580341905, -0.00255652493797, 0.00343583896756, -0.003141957568, 0.00671434681863], [-0.000563973735552, -0.00847659818828, -0.00389333884232, 0.0371246561408, -0.00757755991071, -0.0181896500289, 0.0132521726191, -0.00312151038088, 0.000961734214798, 0.00374351930805, -0.00973773282021, 0.01008833386, -0.000727068458218], [0.000584800494835, 0.00361314439215, -0.0150516200811, -0.00757755991071, 0.0349805802107, -0.00897187180817, -0.00196243473329, 0.00553492363542, -0.00663228984922, -0.00566561101004, 0.00622326275334, -0.00551990931854, -0.00151987047866], [-0.00060037401272, -0.00159675814211, 0.00968846026808, -0.0181896500289, -0.00897187180817, 0.0455726720393, -0.021078011021, -0.00337370322086, 0.0103666745126, -0.00111334677786, -0.00034639853402, -0.00493264244869, 0.00158362451475], [0.000783128780313, 0.000650541624054, -0.00628447625786, 0.0132521726191, -0.00196243473329, -0.021078011021, 0.0414282903075, -0.0162435434759, -0.00244393036701, 0.00762809626758, -0.00732140894979, 0.00414980808273, -0.00440183049068], [-0.000993924215436, 0.00169883435592, 0.00192480697297, -0.00312151038088, 0.00553492363542, -0.00337370322086, -0.0162435434759, 0.0381898283958, -0.0148429516703, -0.0067574926652, 0.010491178371, -0.00345985661261, -7.24132769392e-05], [0.000470092287287, -0.00324190012179, 0.00451580341905, 0.000961734214798, -0.00663228984922, 0.0103666745126, -0.00244393036701, -0.0148429516703, 0.0308483596891, -0.00603882223368, -0.000679597083945, 0.00637011555955, -0.00383845553733], [-0.00015090101806, 0.00139865325764, -0.00255652493797, 0.00374351930805, -0.00566561101004, -0.00111334677786, 0.00762809626758, -0.0067574926652, -0.00603882223368, 0.0356962196529, -0.0129101751372, -0.00188986887224, 0.00821158569306], [-0.000153725413838, 0.0029648214113, 0.00343583896756, -0.00973773282021, 0.00622326275334, -0.00034639853402, -0.00732140894979, 0.010491178371, -0.000679597083945, -0.0129101751372, 0.029066177085, -0.00790449231863, -0.00848352909088], [-0.000439570430899, 0.00270772282965, -0.003141957568, 0.01008833386, -0.00551990931854, -0.00493264244869, 0.00414980808273, -0.00345985661261, 0.00637011555955, -0.00188986887224, -0.00790449231863, 0.0242258366197, -0.00722330529243], [0.000346689193975, -0.00283601530828, 0.00671434681863, -0.000727068458218, -0.00151987047866, 0.00158362451475, -0.00440183049068, -7.24132769392e-05, -0.00383845553733, 0.00821158569306, -0.00848352909088, -0.00722330529243, 0.027935417369]]
    spectral_contrast:
        mean: [2.43629813212e-07, 2.02253957582e-07, -2.78910192719e-07, 3.02758316195e-08, -3.89104485521e-07, -3.05557506408e-07, -4.60211458631e-06, -2.13103339775e-06, -3.86760490301e-08, -2.94339793072e-06, -1.91538518379e-07, 1.5470419612e-07]
        var: [0.00016412025434, 0.000269619020401, 0.000822514528409, 0.00137787009589, 0.00282618426718, 0.0054993275553, 0.0261124335229, 0.0744676813483, 0.106840722263, 0.166448786855, 0.328153192997, 3.60185909271]

rhythm:
    beats_loudness:
        dmean: 0.000864747387823
        dmean2: 0.00121472554747
        dvar: 5.7254959529e-07
        dvar2: 1.77016522684e-06
        max: 0.0106313768774
        mean: 0.0043583563529
        min: 1.81159975909e-05
        var: 1.17292102004e-05
    beats_loudness_bass:
        dmean: 0.0869140997529
        dmean2: 0.107264623046
        dvar: 0.00663845520467
        dvar2: 0.0105209108442
        max: 0.477885812521
        mean: 0.138069540262
        min: 0.00195586052723
        var: 0.0186702273786
    bpm: 126.326461792
    bpm_confidence: 0
    first_peak_bpm: 190
    first_peak_spread: 0
    first_peak_weight: 0.571428596973
    onset_rate: 2.392578125
    second_peak_bpm: 126
    second_peak_spread: 0
    second_peak_weight: 0.380952388048
    beats_position: [1.93101501465, 2.24604439735, 2.56107378006, 2.87610316277, 3.19113278389, 3.5061621666, 3.8211915493, 4.13622093201, 4.45125007629, 4.76627969742, 5.08130884171, 5.39633846283, 5.71136808395, 6.05344676971, 6.5284113884, 7.00337505341, 7.47833871841, 7.95330286026, 8.42826652527, 8.90323066711, 9.37819480896, 9.85315895081]
    bpm_estimates: [126.132522583, 126.27230072, 125.909980774, 126.294837952, 127.02268219]
    bpm_intervals: [0.315029382706, 0.315029382706, 0.315029382706, 0.315029621124, 0.315029382706, 0.315029382706, 0.315029382706, 0.315029144287, 0.315029621124, 0.315029144287, 0.315029621124, 0.315029621124, 0.34207868576, 0.474964618683, 0.474963665009, 0.474963665009, 0.474964141846, 0.474963665009, 0.474964141846, 0.474964141846, 0.474964141846]
    onset_times: [2.28716564178, 2.3916554451, 2.50775504112, 2.71673464775, 2.83283448219, 2.94893431664, 3.04181408882, 3.27401351929, 3.36689352989, 3.47138333321, 3.70358276367, 3.84290242195, 4.051882267, 4.17959165573, 4.27247142792, 4.5046710968, 5.23609972, 6.04879808426, 6.15328788757, 6.28099775314, 7.47682523727, 7.80190467834, 8.33596324921, 10.0310201645]
    rubato_start: [6.5284113884]
    rubato_stop: [7.00337505341]
    perceptual_tempo: "unknown"

sfx:
    inharmonicity:
        dmean: 0.0728566944599
        dmean2: 0.130931183696
        dvar: 0.00667366757989
        dvar2: 0.0194610320032
        max: 0.447763860226
        mean: 0.073334813118
        min: 0
        var: 0.005862549413
    oddtoevenharmonicenergyratio:
        dmean: 20.0544261932
        dmean2: 39.3266487122
        dvar: 36129.7539062
        dvar2: 107578.84375
        max: 2565.63769531
        mean: 11.2120447159
        min: 0
        var: 18530.3574219
    pitch_after_max_to_before_max_energy_ratio: 218.817825317
    pitch_centroid: 155.093841553
    pitch_max_to_total: 0
    pitch_min_to_total: 0.0252808984369
    tristimulus:
        dmean: [0.19026145339, 0.347590178251, 0.219296589494]
        dmean2: [0.343917161226, 0.6163443923, 0.394224137068]
        dvar: [0.0433778129518, 0.0660201758146, 0.0392089448869]
        dvar2: [0.116380520165, 0.181019157171, 0.0941591113806]
        max: [1, 0.97361946106, 0.849896013737]
        mean: [0.189702451229, 0.486651688814, 0.195890560746]
        min: [0.00836772378534, 0, 0]
        var: [0.0412139818072, 0.102406531572, 0.046032294631]

tonal:
    chords_changes_rate: 0.10000000149
    chords_number_rate: 0.0333333350718
    chords_strength:
        dmean: 0.00656381389126
        dmean2: 0.00861502531916
        dvar: 2.1012589059e-05
        dvar2: 3.5852604924e-05
        max: 0.603992640972
        mean: 0.41346642375
        min: 0.283836811781
        var: 0.00872218981385
    key_strength: 0.496791422367
    tuning_diatonic_strength: 0.444356769323
    tuning_equal_tempered_deviation: 0.115727432072
    tuning_frequency: 439.745910645
    tuning_nontempered_energy_ratio: 0.762512862682
    hpcp:
        dmean: [0.106586508453, 0.121071137488, 0.196973368526, 0.237723961473, 0.172156736255, 0.224317193031, 0.271415293217, 0.165401369333, 0.0868651121855, 0.0742928609252, 0.0805048719049, 0.082962565124, 0.0732840076089, 0.101841911674, 0.0667655542493, 0.0479651764035, 0.0589387603104, 0.138619452715, 0.214535161853, 0.272079616785, 0.327453792095, 0.301121771336, 0.31621837616, 0.282231420279, 0.213310539722, 0.139516398311, 0.0679434761405, 0.0506904907525, 0.0478682853281, 0.0690386816859, 0.0874989777803, 0.0867520570755, 0.0914924442768, 0.0977323129773, 0.109234891832, 0.109927766025]
        dmean2: [0.177509054542, 0.197614267468, 0.336462914944, 0.425410360098, 0.309437185526, 0.40283614397, 0.478003114462, 0.289285928011, 0.149146929383, 0.129066318274, 0.143295183778, 0.148042321205, 0.125891447067, 0.187894955277, 0.121110327542, 0.0823745056987, 0.0987832918763, 0.228848472238, 0.368600279093, 0.502864122391, 0.612633168697, 0.550520539284, 0.585028290749, 0.512971699238, 0.37882065773, 0.24067273736, 0.125098481774, 0.0907629430294, 0.0813563987613, 0.12722684443, 0.157976999879, 0.15278467536, 0.152146965265, 0.170150697231, 0.195924118161, 0.189231485128]
        dvar: [0.0131164705381, 0.0148953581229, 0.0336704179645, 0.0497626401484, 0.0250395368785, 0.036314766854, 0.0516693964601, 0.0188153572381, 0.0100879278034, 0.00645976141095, 0.00619866978377, 0.00684969406575, 0.00907016266137, 0.0102724786848, 0.00371821876615, 0.00206357450224, 0.00327895837836, 0.0219869725406, 0.0446232035756, 0.0579172074795, 0.0832504332066, 0.0553068183362, 0.0617121011019, 0.055823314935, 0.0430162250996, 0.0197639502585, 0.0150062609464, 0.0100186401978, 0.00721185747534, 0.0150960572064, 0.0208950340748, 0.0130941802636, 0.0107379015535, 0.00860808975995, 0.0119797028601, 0.0171842817217]
        dvar2: [0.0362967252731, 0.0446699857712, 0.111049853265, 0.145214051008, 0.0655368864536, 0.107506759465, 0.15735989809, 0.0528835393488, 0.027334427461, 0.0208265818655, 0.0200769864023, 0.0207864679396, 0.0270835515112, 0.0322057008743, 0.0106490617618, 0.00583312567323, 0.00988717190921, 0.0601956285536, 0.123702198267, 0.191412255168, 0.256784021854, 0.160630479455, 0.189642772079, 0.16772569716, 0.125613823533, 0.064985178411, 0.0437972247601, 0.0282313376665, 0.0183783266693, 0.046193767339, 0.0660826638341, 0.0346910431981, 0.0229530278593, 0.0216284040362, 0.0328856594861, 0.0486822500825]
        max: [0.787427604198, 0.907518565655, 1, 1, 1, 1, 1, 0.845744907856, 0.765027344227, 0.42378360033, 0.474045097828, 0.602285385132, 0.667076766491, 0.693477094173, 0.340558975935, 0.292769521475, 0.347823411226, 1, 1, 1, 1, 1, 1, 1, 1, 0.967438936234, 1, 0.756995141506, 0.859338760376, 1, 1, 0.893327355385, 1, 0.644984662533, 0.623445749283, 0.822530150414]
        mean: [0.153509303927, 0.183918148279, 0.352498173714, 0.449468940496, 0.356696069241, 0.444788664579, 0.482082366943, 0.258724480867, 0.116969540715, 0.103144362569, 0.115279406309, 0.115890048444, 0.120817027986, 0.117035210133, 0.0910634323955, 0.0802302733064, 0.0980528444052, 0.254771411419, 0.356164336205, 0.3117621243, 0.445951640606, 0.524600982666, 0.39275804162, 0.400134265423, 0.422403424978, 0.235272675753, 0.0844676047564, 0.0587046183646, 0.0578617677093, 0.0756813138723, 0.103711023927, 0.128410577774, 0.147372335196, 0.168342903256, 0.175334870815, 0.162111967802]
        min: [0.00705237546936, 0.00690777925774, 0.0100555177778, 0.0115729710087, 0.0107070580125, 0.0148327164352, 0.0236537978053, 0.0181531980634, 0.00651709083468, 0.0064612175338, 0.00698766391724, 0.0067842528224, 0.00479781581089, 0.00306756841019, 0.0034335788805, 0.00504483329132, 0.0063990210183, 0.00671279104427, 0.00671020336449, 0.00924508646131, 0.0170139409602, 0.029619185254, 0.0091641638428, 0.00485992711037, 0.00527340825647, 0.00818339455873, 0.00599656114355, 0.00369357597083, 0.00452312966809, 0.00427527818829, 0.00357185699977, 0.00797749310732, 0.00689317565411, 0.00991595908999, 0.00973832514137, 0.00835955608636]
        var: [0.0166164096445, 0.0225516352803, 0.0704204589128, 0.120582126081, 0.0587090849876, 0.0847001820803, 0.10125747323, 0.0286897215992, 0.00963995698839, 0.00648625567555, 0.00711847608909, 0.00851416308433, 0.00933565478772, 0.00995223596692, 0.00462413625792, 0.00338890380226, 0.00519165024161, 0.0459995381534, 0.091984950006, 0.0518656820059, 0.125570207834, 0.104300223291, 0.0718097388744, 0.0906614586711, 0.111288681626, 0.0370210781693, 0.0106442021206, 0.00739802140743, 0.0070098512806, 0.0111945020035, 0.015787076205, 0.0141762346029, 0.015720391646, 0.0127191012725, 0.0149678625166, 0.0175614524633]
    chords_histogram: [29.4444446564, 0, 3.88888883591, 0, 0, 2.22222232819, 0, 0, 0, 0, 0, 0, 0, 0, 25.5555553436, 35.555557251, 0, 0, 0, 3.33333325386, 0, 0, 0, 0]
    thpcp: [1, 0.748679578304, 0.762740194798, 0.805189907551, 0.448479294777, 0.161013051867, 0.111903369427, 0.110296718776, 0.144264534116, 0.197695061564, 0.244777619839, 0.280922710896, 0.320897042751, 0.334225207567, 0.309019565582, 0.292621076107, 0.350586742163, 0.671935796738, 0.856782495975, 0.679937839508, 0.84786093235, 0.918950557709, 0.493183374405, 0.22296859324, 0.196614891291, 0.21974684298, 0.220910847187, 0.230302706361, 0.223093762994, 0.173586085439, 0.152935802937, 0.186909377575, 0.485647976398, 0.678924262524, 0.594284296036, 0.850077807903]
    chords_key: "G#"
    chords_scale: "minor"
    key_key: "D#"
    key_scale: "major"
    chords_progression: ["Am", "G#m", "G#m", "G#m", "G#m", "G#m", "Am", "Am", "G#m", "Am", "G#m", "G#m", "G#m", "G#m", "G#m", "G#m", "G#m", "G#m", "G#m", "G#m", "G#m", "G#m", "G#m", "G#m", "G#m", "G#m", "G#m", "G#m", "G#m", "G#m", "G#m", "G#m", "G#m", "G#m", "E", "E", "E", "E", "E", "E", "E", "E", "E", "G#m", "G#m", "G#m", "G#m", "E", "E", "E", "E", "E", "E", "E", "D#", "D#", "D#", "D#", "D#", "D#", "D#", "D#", "D#", "D#", "D#", "D#", "D#", "D#", "D#", "D#", "D#", "D#", "D#", "D#", "D#", "D#", "D#", "D#", "D#", "D#", "D#", "D#", "D#", "D#", "D#", "D#", "D#", "D#", "D#", "D#", "D#", "D#", "D#", "D#", "D#", "D#", "E", "E", "E", "E", "E", "E", "E", "E", "E", "E", "E", "E", "E", "E", "E", "E", "E", "E", "E", "E", "E", "E", "E", "E", "E", "E", "E", "A#m", "A#m", "A#m", "A#m", "E", "E", "E", "A#m", "D#", "A#m", "D#", "D#", "D#", "D#", "D#", "D#", "D#", "D#", "D#", "D#", "G#m", "G#m", "G#m", "G#m", "G#m", "G#m", "G#m", "G#m", "G#m", "G#m", "G#m", "G#m", "G#m", "G#m", "G#m", "G#m", "G#m", "G#m", "G#m", "G#m", "G#m", "G#m", "G#m", "G#m", "G#m", "G#m", "G#m", "G#m", "G#m", "G#m", "A#", "A#", "A#", "A#", "A#", "A#", "A#"]
