
metadata:
    version:
        essentia: "1.2.2"
    audio_properties:
        analysis_sample_rate: 44100
        bitrate: 128
        channels: 2
        equal_loudness: 1
        length: 10.0310201645
        replay_gain: -10.5203495026
        downmix: "mix"
    tags:
        track: 13
        year: 0
        album: "Splitted by Mp3Splt v. 2.1"
        artist: "From 002.00 To 002.10"
        comment: "http://mp3splt.sf.net"
        genre: ""
        title: "02 It's Not Right But It's Oka"

highlevel:
    ballroom:
        all:
            ChaChaCha: 0.619222640991
            Jive: 0.0188325028867
            Quickstep: 0.00810707360506
            Rumba-American: 0.00544645823538
            Rumba-International: 0.0525882430375
            Rumba-Misc: 0.0863985270262
            Samba: 0.194925010204
            Tango: 0.0043976213783
            VienneseWaltz: 0.00389340822585
            Waltz: 0.00618848763406
        probability: 0.619222640991
        value: "ChaChaCha"
    culture:
        all:
            non_western: 0.377687990665
            western: 0.622312009335
        probability: 0.622312009335
        value: "western"
    gender:
        all:
            female: 0.749408423901
            male: 0.250591576099
        probability: 0.749408423901
        value: "female"
    genre_dortmund:
        all:
            alternative: 0.0034938796889
            blues: 0.000284002220724
            electronic: 0.603083610535
            folkcountry: 0.000597058795393
            funksoulrnb: 0.00446354644373
            jazz: 0.0179388578981
            pop: 0.00580349890515
            raphiphop: 0.362823069096
            rock: 0.00151243933942
        probability: 0.603083610535
        value: "electronic"
    genre_electronica:
        all:
            ambient: 0.315156042576
            dnb: 0.0722924843431
            house: 0.353809863329
            techno: 0.242413565516
            trance: 0.0163280460984
        probability: 0.353809863329
        value: "house"
    genre_rosamerica:
        all:
            cla: 0.0254789795727
            dan: 0.584233939648
            hip: 0.206523865461
            jaz: 0.0418441444635
            pop: 0.0150583982468
            rhy: 0.105991370976
            roc: 0.0137083260342
            spe: 0.00716097047552
        probability: 0.584233939648
        value: "dan"
    genre_tzanetakis:
        all:
            blu: 0.0428220853209
            cla: 0.0495405718684
            cou: 0.0192293673754
            dis: 0.0460902266204
            hip: 0.188503473997
            jaz: 0.0237192567438
            met: 0.014820702374
            pop: 0.159419566393
            reg: 0.376441448927
            roc: 0.0794133022428
        probability: 0.376441448927
        value: "reg"
    live_studio:
        all:
            live: 0.0207871682942
            studio: 0.97921282053
        probability: 0.97921282053
        value: "studio"
    mood:
        all:
            Cluster1: 0.700503885746
            Cluster2: 0.0264752618968
            Cluster3: 0.162159577012
            Cluster4: 0.0227483268827
            Cluster5: 0.088112950325
        probability: 0.700503885746
        value: "Cluster1"
    mood_acoustic:
        all:
            acoustic: 0.179053962231
            not_acoustic: 0.820946037769
        probability: 0.820946037769
        value: "not_acoustic"
    mood_aggressive:
        all:
            aggressive: 0.0112386606634
            not_aggressive: 0.988761365414
        probability: 0.988761365414
        value: "not_aggressive"
    mood_electronic:
        all:
            electronic: 0.965612411499
            not_electronic: 0.034387614578
        probability: 0.965612411499
        value: "electronic"
    mood_happy:
        all:
            happy: 0.0442630052567
            not_happy: 0.955736994743
        probability: 0.955736994743
        value: "not_happy"
    mood_party:
        all:
            not_party: 0.524705886841
            party: 0.475294113159
        probability: 0.524705886841
        value: "not_party"
    mood_relaxed:
        all:
            not_relaxed: 0.165491729975
            relaxed: 0.834508299828
        probability: 0.834508299828
        value: "relaxed"
    mood_sad:
        all:
            not_sad: 0.604825973511
            sad: 0.395174026489
        probability: 0.604825973511
        value: "not_sad"
    rhythm:
        all:
            fast: 0.0593037456274
            medium: 0.797002434731
            slow: 0.143693819642
        probability: 0.797002434731
        value: "medium"
    speech_music:
        all:
            music: 0.998890519142
            speech: 0.00110945722554
        probability: 0.998890519142
        value: "music"
    timbre:
        all:
            bright: 0.100154332817
            dark: 0.899845659733
        probability: 0.899845659733
        value: "dark"
    voice_instrumental:
        all:
            instrumental: 0.889062047005
            voice: 0.110937960446
        probability: 0.889062047005
        value: "instrumental"

lowlevel:
    average_loudness: 0.978195667267
    barkbands_kurtosis:
        dmean: 7.43014764786
        dmean2: 11.7491903305
        dvar: 147.363983154
        dvar2: 315.771789551
        max: 106.009803772
        mean: 13.3586244583
        min: -1.87678778172
        var: 364.700317383
    barkbands_skewness:
        dmean: 0.929350852966
        dmean2: 1.30890762806
        dvar: 1.06357872486
        dvar2: 1.90722072124
        max: 9.25332450867
        mean: 2.18280982971
        min: -2.38369202614
        var: 3.90169692039
    barkbands_spread:
        dmean: 7.08301544189
        dmean2: 10.5685958862
        dvar: 133.175949097
        dvar2: 254.160079956
        max: 86.7241744995
        mean: 14.5399703979
        min: 0.448127090931
        var: 343.726043701
    dissonance:
        dmean: 0.0361702479422
        dmean2: 0.0566376894712
        dvar: 0.00125921459403
        dvar2: 0.00261753844097
        max: 0.499999940395
        mean: 0.403323978186
        min: 0.138001397252
        var: 0.00538126984611
    hfc:
        dmean: 1.65495324135
        dmean2: 2.71543765068
        dvar: 45.2639656067
        dvar2: 117.493774414
        max: 64.4026107788
        mean: 1.37491440773
        min: 0.00225272681564
        var: 34.7779083252
    pitch:
        dmean: 576.771789551
        dmean2: 1128.70056152
        dvar: 1809714
        dvar2: 3552647.5
        max: 5512.5
        mean: 958.600524902
        min: 43.108505249
        var: 2518534.5
    pitch_instantaneous_confidence:
        dmean: 0.0836357995868
        dmean2: 0.137264639139
        dvar: 0.00696387002245
        dvar2: 0.0196270681918
        max: 0.789225399494
        mean: 0.40316131711
        min: 0.0935660004616
        var: 0.013776130043
    pitch_salience:
        dmean: 0.0789582505822
        dmean2: 0.126307785511
        dvar: 0.00813331641257
        dvar2: 0.0225609876215
        max: 0.899003207684
        mean: 0.525256931782
        min: 0.250871092081
        var: 0.0185361783952
    silence_rate_20dB:
        dmean: 0
        dmean2: 0
        dvar: 0
        dvar2: 0
        max: 1
        mean: 1
        min: 1
        var: 0
    silence_rate_30dB:
        dmean: 0
        dmean2: 0
        dvar: 0
        dvar2: 0
        max: 1
        mean: 1
        min: 1
        var: 0
    silence_rate_60dB:
        dmean: 0.0744186043739
        dmean2: 0.149184152484
        dvar: 0.0688807740808
        dvar2: 0.131590172648
        max: 1
        mean: 0.909512758255
        min: 0
        var: 0.0822993218899
    spectral_centroid:
        dmean: 335.250610352
        dmean2: 485.968536377
        dvar: 396975.8125
        dvar2: 636470
        max: 4663.31591797
        mean: 769.383544922
        min: 91.4912948608
        var: 1031959.6875
    spectral_complexity:
        dmean: 1.65339577198
        dmean2: 2.7183098793
        dvar: 29.0976085663
        dvar2: 66.4417724609
        max: 47
        mean: 2.3948597908
        min: 0
        var: 26.5520496368
    spectral_crest:
        dmean: 2.21925091743
        dmean2: 3.53180170059
        dvar: 4.8555431366
        dvar2: 10.4879684448
        max: 22.2702007294
        mean: 11.8188524246
        min: 3.03929376602
        var: 18.4777965546
    spectral_decrease:
        dmean: 3.73763187067e-10
        dmean2: 6.59975185613e-10
        dvar: 1.36207199258e-18
        dvar2: 3.76763274148e-18
        max: -1.44463347534e-12
        mean: -3.39944461469e-10
        min: -7.96176724549e-09
        var: 8.88985169779e-19
    spectral_energy:
        dmean: 0.00155857822392
        dmean2: 0.00273218564689
        dvar: 2.30404948525e-05
        dvar2: 6.32819937891e-05
        max: 0.0358910374343
        mean: 0.00140773877501
        min: 5.83271776122e-06
        var: 1.53237961058e-05
    spectral_energyband_high:
        dmean: 0.00011522409477
        dmean2: 0.000181410476216
        dvar: 2.0132583245e-07
        dvar2: 5.09778658397e-07
        max: 0.00419366639107
        mean: 0.000100229721284
        min: 4.71645278388e-10
        var: 1.6936387226e-07
    spectral_energyband_low:
        dmean: 0.000478485279018
        dmean2: 0.000825950293802
        dvar: 2.68267604042e-06
        dvar2: 7.37171012588e-06
        max: 0.0110795618966
        mean: 0.000513002916705
        min: 8.60553370785e-08
        var: 1.89811783002e-06
    spectral_energyband_middle_high:
        dmean: 0.000327769463183
        dmean2: 0.000562999339309
        dvar: 2.93930042972e-06
        dvar2: 7.8979828686e-06
        max: 0.0161758903414
        mean: 0.000250702432822
        min: 8.40348568509e-10
        var: 2.03758008865e-06
    spectral_energyband_middle_low:
        dmean: 0.000740766525269
        dmean2: 0.00141050922684
        dvar: 7.7201420936e-06
        dvar2: 2.24644645641e-05
        max: 0.0191296320409
        mean: 0.000543763686437
        min: 1.17528168175e-06
        var: 4.18343779529e-06
    spectral_flatness_db:
        dmean: 0.0400482453406
        dmean2: 0.0550667755306
        dvar: 0.00288764596917
        dvar2: 0.00529909692705
        max: 0.701360225677
        mean: 0.296848595142
        min: 0.0587518662214
        var: 0.0197158232331
    spectral_flux:
        dmean: 0.0115453843027
        dmean2: 0.0179929826409
        dvar: 0.000649786088616
        dvar2: 0.00121049070731
        max: 0.180366933346
        mean: 0.0182770341635
        min: 0.000168812272022
        var: 0.000933387724217
    spectral_kurtosis:
        dmean: 16.0152187347
        dmean2: 22.9808139801
        dvar: 663.729125977
        dvar2: 1379.79504395
        max: 223.533584595
        mean: 38.8442153931
        min: -0.838305711746
        var: 2977.375
    spectral_rms:
        dmean: 0.000373425660655
        dmean2: 0.000586364767514
        dvar: 6.97710561326e-07
        dvar2: 1.76045523403e-06
        max: 0.00591740198433
        mean: 0.00084990268806
        min: 7.54351131036e-05
        var: 6.51068148727e-07
    spectral_rolloff:
        dmean: 581.04296875
        dmean2: 951.099487305
        dvar: 1484303.25
        dvar2: 2645140.5
        max: 8204.15039062
        mean: 1265.12512207
        min: 107.666015625
        var: 3320167.75
    spectral_skewness:
        dmean: 1.00844347477
        dmean2: 1.36598455906
        dvar: 2.03794813156
        dvar2: 3.61840486526
        max: 13.1613950729
        mean: 4.03109169006
        min: 0.113556295633
        var: 12.1579856873
    spectral_spread:
        dmean: 1405297.875
        dmean2: 1986485.375
        dvar: 4.11920787046e+12
        dvar2: 6.65560390042e+12
        max: 15060768
        mean: 4654620
        min: 550745.8125
        var: 1.45588632945e+13
    spectral_strongpeak:
        dmean: 0.0595604404807
        dmean2: 0.102061264217
        dvar: 0.0156367663294
        dvar2: 0.040754288435
        max: 1.09919071198
        mean: 0.0985687747598
        min: 0.00826517120004
        var: 0.0144684519619
    zerocrossingrate:
        dmean: 0.0159028749913
        dmean2: 0.0165006965399
        dvar: 0.000477587193018
        dvar2: 0.000494286359753
        max: 0.2119140625
        mean: 0.0457181856036
        min: 0.0048828125
        var: 0.00237125181593
    barkbands:
        dmean: [1.74197725755e-06, 0.000112725210784, 0.000400936056394, 0.000310607574647, 0.00024758517975, 9.93126013782e-05, 4.49672807008e-05, 4.50077823189e-05, 1.30911812448e-05, 3.37677229254e-05, 3.49686633854e-05, 4.02834484703e-06, 4.16040893469e-06, 1.22271385408e-05, 2.68610201601e-05, 2.24403720495e-05, 4.03860649385e-05, 5.59500185773e-05, 5.49311625946e-05, 8.31969518913e-05, 4.06208564527e-05, 3.15119432344e-05, 9.98255291051e-06, 4.62628759124e-06, 3.20767458106e-06, 2.09889378766e-07, 4.06144506915e-10]
        dmean2: [1.8698005988e-06, 0.000172966072569, 0.000739562383387, 0.000604887783993, 0.000480023125419, 0.000189730417333, 8.27190888231e-05, 7.66647135606e-05, 2.16536263906e-05, 5.95969431743e-05, 6.43512539682e-05, 6.84077485857e-06, 7.01068665876e-06, 2.17436427192e-05, 4.94256819366e-05, 3.90699424315e-05, 7.29446983314e-05, 9.21499085962e-05, 8.59220090206e-05, 0.000133144392748, 6.17202094872e-05, 5.16854343005e-05, 1.63367840287e-05, 7.21147716831e-06, 5.12440738021e-06, 3.28016767526e-07, 5.45680334252e-10]
        dvar: [1.5010910917e-11, 8.80248265389e-08, 2.37418066718e-06, 1.67161306308e-06, 9.6968778962e-07, 1.4499269696e-07, 2.73531046702e-08, 3.97340080838e-08, 2.67849786795e-09, 3.63383954038e-08, 4.25367510104e-08, 4.40087161158e-10, 6.2411559254e-10, 5.11797981773e-09, 2.73760267788e-08, 1.62246571733e-08, 5.83792036934e-08, 7.79212214752e-08, 7.41327355058e-08, 1.18875021826e-07, 1.8339386898e-08, 1.89084516933e-08, 1.91511762004e-09, 1.92597132687e-10, 1.04867739492e-10, 3.34094812362e-13, 1.27401230912e-18]
        dvar2: [1.80335676947e-11, 1.99855804794e-07, 6.83974622007e-06, 4.89933063363e-06, 2.8478598324e-06, 4.23874581656e-07, 7.36694900638e-08, 9.84891244116e-08, 7.38435446124e-09, 1.02250162115e-07, 1.21589863511e-07, 1.12477338554e-09, 1.61979996083e-09, 1.41247102903e-08, 7.79569333531e-08, 4.40272565072e-08, 1.6614765741e-07, 2.08566234505e-07, 1.87919539485e-07, 3.09057753611e-07, 4.30808348995e-08, 4.93560534665e-08, 5.09987208019e-09, 4.80005257764e-10, 2.74310019144e-10, 8.25552029082e-13, 2.34453901473e-18]
        max: [3.47679488186e-05, 0.00230326945893, 0.0102632008493, 0.00955024547875, 0.00682417862117, 0.00272586056963, 0.00152315839659, 0.00192383513786, 0.000726103549823, 0.00188918714412, 0.00193801894784, 0.00020790763665, 0.000350621470716, 0.000665194122121, 0.00180375890341, 0.00122958119027, 0.00260555604473, 0.00261371559463, 0.00274904863909, 0.00338666886091, 0.00156916771084, 0.00127197836991, 0.000489787082188, 0.000143789322465, 9.30416208575e-05, 5.14026487508e-06, 1.20029248762e-08]
        mean: [2.85336363959e-06, 0.000147041806486, 0.000363147904864, 0.000200087975827, 0.00018100781017, 6.74636248732e-05, 3.39327380061e-05, 3.77654650947e-05, 1.97551562451e-05, 2.55519316852e-05, 2.39699747908e-05, 3.06765491587e-06, 3.25840528603e-06, 7.92259379523e-06, 1.61423740792e-05, 1.62195683515e-05, 2.71338212769e-05, 4.13280758949e-05, 4.54226501461e-05, 6.75792034599e-05, 3.7581568904e-05, 2.51262663369e-05, 7.71616487327e-06, 3.94497146772e-06, 2.5418412406e-06, 1.75142162107e-07, 4.39831365773e-10]
        min: [8.21776327542e-12, 8.67010685468e-10, 3.71163153545e-08, 7.69038379644e-08, 7.85419018712e-08, 8.46880254812e-09, 8.00804977885e-11, 1.10700146966e-11, 2.59480579384e-11, 2.61918698535e-11, 3.08817901806e-11, 9.81877426587e-12, 7.61680302164e-12, 1.21399921366e-11, 1.79030922032e-11, 4.84602531714e-11, 4.3104610159e-11, 1.12137049646e-10, 2.15678946924e-10, 2.67976113522e-10, 1.27968302621e-10, 7.71619088069e-11, 1.54191936996e-11, 1.85341741954e-11, 1.31673933909e-11, 1.3416752518e-12, 9.37860184309e-16]
        var: [4.16308515439e-11, 1.07749990264e-07, 1.37874280881e-06, 8.90780370355e-07, 5.09667188453e-07, 7.72863941734e-08, 1.83624582206e-08, 3.17738120259e-08, 1.9648862537e-09, 2.30614496388e-08, 2.4541856547e-08, 3.25785731725e-10, 4.60150362258e-10, 3.22580184786e-09, 1.59413264811e-08, 1.09087654465e-08, 3.50818787354e-08, 5.48645395781e-08, 5.89741446788e-08, 9.25568528487e-08, 1.76792429585e-08, 1.4491774003e-08, 1.40316513964e-09, 1.68206254481e-10, 8.32097238335e-11, 3.07177216606e-13, 1.84397459615e-18]
    mfcc:
        mean: [-964.989318848, 153.804428101, 21.5451564789, 70.9749832153, -8.36842060089, -8.25859832764, 0.789134800434, 6.69038820267, 6.09871053696, -1.57097399235, -6.54437017441, -11.6115198135, -7.80079841614]
        cov: [[25672.3144531, -10134.8134766, -3660.03735352, -2174.40771484, -1457.74914551, -881.622497559, -839.768005371, -710.554443359, -363.815185547, -86.3673706055, -183.156234741, 93.1857681274, -35.2744293213], [-10134.8134766, 7384.58544922, 725.305297852, 402.931274414, 42.2021827698, -34.1300048828, 110.410331726, 418.641876221, 99.0521469116, 9.92792415619, 147.4949646, -29.1619186401, 61.0800743103], [-3660.03735352, 725.305297852, 1987.1607666, 520.570068359, 523.635864258, 345.47064209, 243.572433472, 177.681747437, 208.094284058, 107.355728149, 49.9536628723, 14.5160493851, 31.8763141632], [-2174.40771484, 402.931274414, 520.570068359, 753.727661133, 637.37286377, 477.531555176, 370.013397217, 156.029632568, 172.0184021, 148.280914307, 95.4863967896, 56.5459251404, 37.4831771851], [-1457.74914551, 42.2021827698, 523.635864258, 637.37286377, 733.54876709, 531.905212402, 368.094543457, 147.261306763, 161.469192505, 155.562835693, 95.5603790283, 50.9262962341, 47.5616226196], [-881.622497559, -34.1300048828, 345.47064209, 477.531555176, 531.905212402, 466.529754639, 294.825378418, 101.415023804, 112.445045471, 122.195075989, 88.8082885742, 55.2397232056, 51.2427711487], [-839.768005371, 110.410331726, 243.572433472, 370.013397217, 368.094543457, 294.825378418, 283.738098145, 133.338699341, 113.818969727, 89.3943099976, 66.0070037842, 54.8590354919, 36.3330535889], [-710.554443359, 418.641876221, 177.681747437, 156.029632568, 147.261306763, 101.415023804, 133.338699341, 164.418014526, 100.831390381, 58.4371299744, 38.3429908752, 10.3111848831, 15.2767705917], [-363.815185547, 99.0521469116, 208.094284058, 172.0184021, 161.469192505, 112.445045471, 113.818969727, 100.831390381, 126.756622314, 85.5328903198, 41.2665634155, 24.4060707092, 13.8090543747], [-86.3673706055, 9.92792415619, 107.355728149, 148.280914307, 155.562835693, 122.195075989, 89.3943099976, 58.4371299744, 85.5328903198, 96.6149520874, 55.8508453369, 28.2177753448, 17.3005867004], [-183.156234741, 147.4949646, 49.9536628723, 95.4863967896, 95.5603790283, 88.8082885742, 66.0070037842, 38.3429908752, 41.2665634155, 55.8508453369, 82.4919052124, 58.3330497742, 24.263053894], [93.1857681274, -29.1619186401, 14.5160493851, 56.5459251404, 50.9262962341, 55.2397232056, 54.8590354919, 10.3111848831, 24.4060707092, 28.2177753448, 58.3330497742, 84.2087249756, 34.9692687988], [-35.2744293213, 61.0800743103, 31.8763141632, 37.4831771851, 47.5616226196, 51.2427711487, 36.3330535889, 15.2767705917, 13.8090543747, 17.3005867004, 24.263053894, 34.9692687988, 49.8654022217]]
        icov: [[0.000193002953893, 0.000231763900956, 0.000202314913622, 0.00043246941641, 7.63337156968e-05, -0.000170741928741, 0.00020268803928, -0.000302941392874, 3.3696214814e-05, -0.000651956535876, 0.000170489103766, -0.000314138742397, -0.00019978803175], [0.000231763900956, 0.000511504011229, 0.000184060278116, 4.65341181553e-05, 0.000280478066998, 7.15812057024e-05, 0.000543991103768, -0.00117944646627, 0.000418606156018, -0.000260051514488, -0.000903364620171, 0.00037042182521, -0.000837254221551], [0.000202314913622, 0.000184060278116, 0.000966881925706, 0.000327037880197, -0.000477298453916, -0.000343379884725, 0.000878744933289, -0.000182080373634, -0.00174562819302, 0.000672934460454, 0.000179696420673, -0.000273895973805, -0.000368045002688], [0.00043246941641, 4.65341181553e-05, 0.000327037880197, 0.00803238898516, -0.00333997234702, -0.00127423857339, -0.00360762816854, 0.00229239533655, -0.00260864757001, -0.00181487109512, 0.00139075075276, -0.00147115124855, 0.00213047256693], [7.63337156968e-05, 0.000280478066998, -0.000477298453916, -0.00333997234702, 0.0118065634742, -0.00830121338367, -0.00143433350604, -0.000811932259239, 0.000749394588638, -0.00261326273903, 0.000687983760145, 0.00177073222585, 0.000212017723243], [-0.000170741928741, 7.15812057024e-05, -0.000343379884725, -0.00127423857339, -0.00830121338367, 0.0176661740988, -0.00737424893305, 0.00339031219482, 0.00366525049321, -0.00205662567168, -0.00653377408162, 0.00558074843138, -0.00596913974732], [0.00020268803928, 0.000543991103768, 0.000878744933289, -0.00360762816854, -0.00143433350604, -0.00737424893305, 0.0232595317066, -0.0123485438526, -0.000650267931633, 0.00235124537721, 0.00595428748056, -0.0111200502142, 0.00167413975578], [-0.000302941392874, -0.00117944646627, -0.000182080373634, 0.00229239533655, -0.000811932259239, 0.00339031219482, -0.0123485438526, 0.0235889591277, -0.0167316943407, 0.00810320023447, -0.00946031790227, 0.0118617499247, -0.00320832361467], [3.3696214814e-05, 0.000418606156018, -0.00174562819302, -0.00260864757001, 0.000749394588638, 0.00366525049321, -0.000650267931633, -0.0167316943407, 0.043248642236, -0.0334264338017, 0.0148354144767, -0.0115963118151, 0.00424048164859], [-0.000651956535876, -0.000260051514488, 0.000672934460454, -0.00181487109512, -0.00261326273903, -0.00205662567168, 0.00235124537721, 0.00810320023447, -0.0334264338017, 0.0547445006669, -0.0302414428443, 0.0167409405112, -0.00556037994102], [0.000170489103766, -0.000903364620171, 0.000179696420673, 0.00139075075276, 0.000687983760145, -0.00653377408162, 0.00595428748056, -0.00946031790227, 0.0148354144767, -0.0302414428443, 0.0537384711206, -0.0359021797776, 0.0100982161239], [-0.000314138742397, 0.00037042182521, -0.000273895973805, -0.00147115124855, 0.00177073222585, 0.00558074843138, -0.0111200502142, 0.0118617499247, -0.0115963118151, 0.0167409405112, -0.0359021797776, 0.0449613519013, -0.0190085917711], [-0.00019978803175, -0.000837254221551, -0.000368045002688, 0.00213047256693, 0.000212017723243, -0.00596913974732, 0.00167413975578, -0.00320832361467, 0.00424048164859, -0.00556037994102, 0.0100982161239, -0.0190085917711, 0.0344384796917]]
    spectral_contrast:
        mean: [-4.05564861694e-07, -2.22124789673e-08, 3.14386632283e-08, -1.84706507866e-07, -6.86741614686e-08, 1.40342478971e-07, 1.7141906028e-06, 2.28252361012e-07, 5.72371732233e-07, 1.9232246018e-07, -7.75278181209e-07, 1.16312617138e-06]
        var: [0.000200833223062, 0.000487196375616, 0.000954236544203, 0.00262912455946, 0.00363722397014, 0.00868554413319, 0.0578349642456, 0.134955763817, 0.570904374123, 1.46919620037, 2.0550069809, 13.508184433]

rhythm:
    beats_loudness:
        dmean: 0.00447573978454
        dmean2: 0.00920200999826
        dvar: 7.95924006525e-06
        dvar2: 1.69441573235e-05
        max: 0.0098558710888
        mean: 0.00373071292415
        min: 0.000168313548784
        var: 8.68124607223e-06
    beats_loudness_bass:
        dmean: 0.455155909061
        dmean2: 0.807197570801
        dvar: 0.134401828051
        dvar2: 0.0662636309862
        max: 0.942149877548
        mean: 0.496171355247
        min: 0.000784216739703
        var: 0.167801961303
    bpm: 128.776489258
    bpm_confidence: 0
    first_peak_bpm: 129
    first_peak_spread: 0
    first_peak_weight: 0.949999988079
    onset_rate: 3.5888671875
    second_peak_bpm: 121
    second_peak_spread: 0
    second_peak_weight: 0.0500000007451
    beats_position: [0.174608305097, 0.640354037285, 1.10609972477, 1.57184553146, 2.03759145737, 2.50333714485, 2.96908307076, 3.43482875824, 3.90057468414, 4.36632061005, 4.83206605911, 5.29781198502, 5.76355791092, 6.26093816757, 6.72699260712, 7.1930475235, 7.65910291672, 8.12515735626, 8.59121227264, 9.05726718903, 9.52332210541]
    bpm_estimates: [128.98614502, 128.8853302, 128.88520813, 128.525558472, 128.846969604, 128.934341431, 128.87008667, 128.862442017, 127.849998474, 128.757049561, 128.96194458, 128.952911377]
    bpm_intervals: [0.465745747089, 0.465745687485, 0.465745806694, 0.465745925903, 0.465745687485, 0.465745925903, 0.465745687485, 0.465745925903, 0.465745925903, 0.465745449066, 0.465745925903, 0.465745925903, 0.497380256653, 0.466054439545, 0.466054916382, 0.466055393219, 0.466054439545, 0.466054916382, 0.466054916382, 0.466054916382]
    onset_times: [0.0580498874187, 0.162539675832, 0.557278931141, 0.661768734455, 0.870748281479, 1.10294783115, 1.5673469305, 2.04335594177, 2.50775504112, 2.75156474113, 2.87927436829, 2.97215414047, 3.25079369545, 3.44816327095, 3.68036270142, 3.81968259811, 3.92417240143, 4.3073015213, 4.63238096237, 4.85297060013, 5.31736946106, 5.79337882996, 6.25777769089, 6.5015873909, 6.62929725647, 6.73378705978, 7.19818592072, 7.44199562073, 7.56970500946, 7.67419481277, 8.05732440948, 8.38240337372, 8.60299301147, 9.06739234924, 9.54340171814, 10.0078001022]
    rubato_start: []
    rubato_stop: []
    perceptual_tempo: "unknown"

sfx:
    inharmonicity:
        dmean: 0.0290146227926
        dmean2: 0.0508192442358
        dvar: 0.00230797822587
        dvar2: 0.00584020558745
        max: 0.344495385885
        mean: 0.025712210685
        min: 2.94610089213e-07
        var: 0.00238558952697
    oddtoevenharmonicenergyratio:
        dmean: 2.66161775589
        dmean2: 5.10711860657
        dvar: 352.011627197
        dvar2: 1042.9152832
        max: 268.410919189
        mean: 1.7190182209
        min: 2.46692280825e-07
        var: 183.142883301
    pitch_after_max_to_before_max_energy_ratio: 0.0206546150148
    pitch_centroid: 204.540420532
    pitch_max_to_total: 0.997663557529
    pitch_min_to_total: 0.509345769882
    tristimulus:
        dmean: [0.184766978025, 0.193855538964, 0.0884233936667]
        dmean2: [0.316128283739, 0.342134147882, 0.150985822082]
        dvar: [0.0479485541582, 0.0495652891695, 0.020982099697]
        dvar2: [0.114250317216, 0.124521307647, 0.0587226785719]
        max: [0.998009443283, 0.981988430023, 0.9191390872]
        mean: [0.617257833481, 0.274633347988, 0.0850887149572]
        min: [0.00558208487928, 0, 0]
        var: [0.110407277942, 0.0733902677894, 0.0245349314064]

tonal:
    chords_changes_rate: 0.0231481473893
    chords_number_rate: 0.00925925932825
    chords_strength:
        dmean: 0.0072377435863
        dmean2: 0.00656017847359
        dvar: 3.87976688216e-05
        dvar2: 4.56027773907e-05
        max: 0.716909885406
        mean: 0.569128453732
        min: 0.437335848808
        var: 0.0036042726133
    key_strength: 0.628919363022
    tuning_diatonic_strength: 0.487009584904
    tuning_equal_tempered_deviation: 0.140660390258
    tuning_frequency: 442.293365479
    tuning_nontempered_energy_ratio: 0.754853010178
    hpcp:
        dmean: [0.0457432977855, 0.0801069289446, 0.1120961532, 0.166809618473, 0.166771024466, 0.144915372133, 0.12001837045, 0.166149780154, 0.177047297359, 0.18361954391, 0.0876501053572, 0.059485130012, 0.0889570340514, 0.0797715932131, 0.0549567118287, 0.054358817637, 0.064259596169, 0.124279774725, 0.140147447586, 0.0565253533423, 0.0287839844823, 0.0519776493311, 0.0938500091434, 0.0897603854537, 0.102807797492, 0.0675359666348, 0.039158038795, 0.050211738795, 0.0889391973615, 0.106156237423, 0.100212544203, 0.0769006833434, 0.0977797061205, 0.1091921404, 0.090897269547, 0.0533386692405]
        dmean2: [0.0848583355546, 0.143164917827, 0.195338219404, 0.298675119877, 0.301468133926, 0.270048260689, 0.219228386879, 0.275236517191, 0.280814766884, 0.309852361679, 0.156635254622, 0.107860781252, 0.157374918461, 0.141351997852, 0.0924724414945, 0.0920289233327, 0.112667612731, 0.200713396072, 0.22847238183, 0.0950290262699, 0.0524475760758, 0.0927939265966, 0.167214423418, 0.157694786787, 0.185214921832, 0.124180927873, 0.0693397000432, 0.0886821895838, 0.16154114902, 0.178758636117, 0.175462916493, 0.128195211291, 0.158600121737, 0.196849286556, 0.167563006282, 0.096349440515]
        dvar: [0.0129669085145, 0.0371397063136, 0.0309613719583, 0.0574551783502, 0.0598734617233, 0.0627698302269, 0.0349660404027, 0.0487081855536, 0.058930143714, 0.065436065197, 0.0198685824871, 0.0111729465425, 0.0291990432888, 0.0208794996142, 0.00907248537987, 0.00837050098926, 0.0148168327287, 0.0385294742882, 0.0472312234342, 0.0085656773299, 0.00418866006657, 0.011872519739, 0.0288459975272, 0.0316998399794, 0.0414664261043, 0.0159325618297, 0.00486067403108, 0.00882661622018, 0.0225308965892, 0.022102124989, 0.0349424704909, 0.0138308610767, 0.026615306735, 0.0409684963524, 0.0318999961019, 0.0183670949191]
        dvar2: [0.0327994003892, 0.103402353823, 0.0698552653193, 0.147740378976, 0.176272928715, 0.181552544236, 0.0938223302364, 0.117351979017, 0.11785158515, 0.127832129598, 0.0498175211251, 0.0309563279152, 0.078482709825, 0.0521679148078, 0.0235674399883, 0.0231330040842, 0.0412365198135, 0.0954163596034, 0.102306447923, 0.022295339033, 0.0114645399153, 0.0319584272802, 0.0839331522584, 0.0606981255114, 0.0995919629931, 0.0471876636147, 0.0136105036363, 0.0231136120856, 0.0546812936664, 0.0501767359674, 0.0797652378678, 0.0380356572568, 0.0510805957019, 0.101279333234, 0.0947364121675, 0.0496321097016]
        max: [0.780155956745, 1, 1, 1, 1, 1, 0.820959448814, 1, 1, 1, 1, 0.602506160736, 0.940595388412, 1, 0.661013424397, 0.510953962803, 0.816681206226, 1, 1, 0.569407165051, 0.455071479082, 0.814514160156, 1, 1, 1, 1, 0.382712334394, 0.668712675571, 1, 1, 1, 0.755053520203, 1, 1, 1, 1]
        mean: [0.034280307591, 0.061049003154, 0.197394773364, 0.274900883436, 0.172253251076, 0.0968331024051, 0.084465265274, 0.185559615493, 0.497488737106, 0.452804774046, 0.118844047189, 0.048857729882, 0.0690451711416, 0.0635287165642, 0.0516939349473, 0.0505056120455, 0.0607151687145, 0.205532342196, 0.254892289639, 0.0937630757689, 0.0220952648669, 0.0377244763076, 0.0973498821259, 0.240248098969, 0.224669486284, 0.0732373669744, 0.0304348301142, 0.0379781164229, 0.0858432948589, 0.238075390458, 0.244705751538, 0.115096181631, 0.194765627384, 0.219513759017, 0.101055055857, 0.0467842631042]
        min: [3.05721847838e-08, 0, 0, 0, 0, 0, 0, 0, 0.000150942985783, 0.00020724022761, 2.69316606136e-05, 0, 0, 0, 0, 0, 3.96213908971e-05, 0.000157051283168, 1.24492935356e-05, 0, 0, 0, 5.46355568076e-06, 2.34269573411e-05, 3.22450177919e-05, 1.20130880532e-05, 0, 0, 0, 0, 0, 0, 0, 0, 1.98629059014e-05, 4.41488793967e-07]
        var: [0.00975473504514, 0.0242557674646, 0.0645535364747, 0.118880875409, 0.056022759527, 0.0435240529478, 0.0278885159642, 0.052229758352, 0.143420517445, 0.131833449006, 0.0193851385266, 0.0101550081745, 0.0248228628188, 0.018523780629, 0.00896416511387, 0.00849939230829, 0.0113789336756, 0.0625560805202, 0.0981724187732, 0.0133807137609, 0.00287996884435, 0.00877399556339, 0.0267155524343, 0.115285955369, 0.105325169861, 0.0131583055481, 0.00395840872079, 0.00731476629153, 0.0213867034763, 0.090303003788, 0.110435575247, 0.0165017917752, 0.0996169149876, 0.120287664235, 0.0260044410825, 0.014609455131]
    chords_histogram: [0, 0, 0, 0, 0, 0, 0, 0, 0, 0, 0, 0, 0, 0, 0, 49.0740737915, 50.9259262085, 0, 0, 0, 0, 0, 0, 0]
    thpcp: [1, 0.910180926323, 0.238887920976, 0.0982087180018, 0.138787403703, 0.127698808908, 0.103909760714, 0.101521119475, 0.122043304145, 0.41313970089, 0.512357890606, 0.188472762704, 0.0444135963917, 0.0758298113942, 0.195682585239, 0.482921689749, 0.451607167721, 0.147214114666, 0.0611769221723, 0.0763396471739, 0.172553241253, 0.478554338217, 0.491881996393, 0.231354340911, 0.391497552395, 0.441243678331, 0.203130334616, 0.0940408483148, 0.0689067021012, 0.122714340687, 0.396782398224, 0.552577078342, 0.346245527267, 0.194643810391, 0.169783264399, 0.372992604971]
    chords_key: "C"
    chords_scale: "minor"
    key_key: "E"
    key_scale: "minor"
    chords_progression: ["G#", "G#", "G#", "G#", "G#", "G#", "G#", "G#", "G#", "G#", "G#", "G#", "G#", "G#", "G#", "G#", "G#", "G#", "G#", "G#", "G#", "G#", "G#", "G#", "G#", "G#", "G#", "G#", "G#", "G#", "G#", "G#", "G#", "G#", "Cm", "Cm", "Cm", "Cm", "Cm", "Cm", "Cm", "Cm", "Cm", "Cm", "Cm", "Cm", "Cm", "Cm", "Cm", "Cm", "Cm", "Cm", "Cm", "Cm", "Cm", "Cm", "Cm", "Cm", "Cm", "Cm", "Cm", "Cm", "Cm", "Cm", "Cm", "Cm", "Cm", "Cm", "Cm", "Cm", "Cm", "Cm", "Cm", "Cm", "Cm", "Cm", "Cm", "Cm", "G#", "G#", "G#", "G#", "G#", "G#", "G#", "G#", "G#", "G#", "G#", "G#", "G#", "G#", "G#", "G#", "G#", "G#", "G#", "G#", "G#", "G#", "G#", "G#", "G#", "G#", "G#", "G#", "G#", "G#", "G#", "G#", "G#", "G#", "G#", "G#", "G#", "Cm", "Cm", "Cm", "Cm", "Cm", "Cm", "Cm", "Cm", "Cm", "Cm", "Cm", "Cm", "Cm", "Cm", "Cm", "Cm", "Cm", "Cm", "Cm", "Cm", "Cm", "Cm", "Cm", "Cm", "Cm", "Cm", "Cm", "Cm", "Cm", "Cm", "Cm", "Cm", "Cm", "Cm", "Cm", "Cm", "Cm", "Cm", "Cm", "Cm", "Cm", "Cm", "Cm", "Cm", "Cm", "Cm", "Cm", "Cm", "Cm", "Cm", "Cm", "Cm", "G#", "G#", "G#", "G#", "G#", "G#", "G#", "G#", "G#", "G#", "G#", "G#", "G#", "G#", "G#", "G#", "G#", "G#", "G#", "G#", "G#", "G#", "G#", "G#", "G#", "G#", "G#", "G#", "G#", "G#", "G#", "G#", "G#", "G#", "G#", "Cm", "Cm", "Cm", "Cm", "Cm", "Cm", "Cm", "Cm", "Cm", "Cm", "Cm", "Cm", "Cm", "Cm"]
