
metadata:
    version:
        essentia: "1.2.2"
    audio_properties:
        analysis_sample_rate: 44100
        bitrate: 128
        channels: 2
        equal_loudness: 1
        length: 10.0048980713
        replay_gain: -12.2635250092
        downmix: "mix"
    tags:
        track: 14
        year: 0
        album: "Splitted by Mp3Splt v. 2.1"
        artist: "From 002.10 To 002.20"
        comment: "http://mp3splt.sf.net"
        genre: ""
        title: "04 Swastika Eyes [Jagz Kooner"

highlevel:
    ballroom:
        all:
            ChaChaCha: 0.0980192795396
            Jive: 0.702614545822
            Quickstep: 0.0137675823644
            Rumba-American: 0.00109514442738
            Rumba-International: 0.00357942935079
            Rumba-Misc: 0.00252559478395
            Samba: 0.163211688399
            Tango: 0.0008561044815
            VienneseWaltz: 0.0129234632477
            Waltz: 0.00140718254261
        probability: 0.702614545822
        value: "Jive"
    culture:
        all:
            non_western: 0.0142480423674
            western: 0.985751986504
        probability: 0.985751986504
        value: "western"
    gender:
        all:
            female: 0.647773504257
            male: 0.352226495743
        probability: 0.647773504257
        value: "female"
    genre_dortmund:
        all:
            alternative: 0.0897064656019
            blues: 0.00350871845149
            electronic: 0.0272839274257
            folkcountry: 0.0251017268747
            funksoulrnb: 0.00266510876827
            jazz: 0.0054673566483
            pop: 0.100210927427
            raphiphop: 0.0163563061506
            rock: 0.72969943285
        probability: 0.72969943285
        value: "rock"
    genre_electronica:
        all:
            ambient: 0.0641735345125
            dnb: 0.430604785681
            house: 0.0031610482838
            techno: 0.0111030647531
            trance: 0.490957587957
        probability: 0.490957587957
        value: "trance"
    genre_rosamerica:
        all:
            cla: 0.00196032365784
            dan: 0.0146879777312
            hip: 0.00121990428306
            jaz: 0.00131685961969
            pop: 0.0247534047812
            rhy: 0.00165749166626
            roc: 0.954095065594
            spe: 0.000308982678689
        probability: 0.954095065594
        value: "roc"
    genre_tzanetakis:
        all:
            blu: 0.0040326830931
            cla: 0.0128244748339
            cou: 0.130587443709
            dis: 0.13750012219
            hip: 0.0165603775531
            jaz: 0.0648358166218
            met: 0.104194924235
            pop: 0.137587308884
            reg: 0.0132347410545
            roc: 0.378642112017
        probability: 0.378642112017
        value: "roc"
    live_studio:
        all:
            live: 0.0601888410747
            studio: 0.939811170101
        probability: 0.939811170101
        value: "studio"
    mood:
        all:
            Cluster1: 0.270951032639
            Cluster2: 0.0253163054585
            Cluster3: 0.0184739921242
            Cluster4: 0.0285416599363
            Cluster5: 0.656717002392
        probability: 0.656717002392
        value: "Cluster5"
    mood_acoustic:
        all:
            acoustic: 0.00499789975584
            not_acoustic: 0.995002090931
        probability: 0.995002090931
        value: "not_acoustic"
    mood_aggressive:
        all:
            aggressive: 0.967179298401
            not_aggressive: 0.0328207202256
        probability: 0.967179298401
        value: "aggressive"
    mood_electronic:
        all:
            electronic: 0.364441603422
            not_electronic: 0.635558366776
        probability: 0.635558366776
        value: "not_electronic"
    mood_happy:
        all:
            happy: 0.793494880199
            not_happy: 0.206505134702
        probability: 0.793494880199
        value: "happy"
    mood_party:
        all:
            not_party: 0.5
            party: 0.5
        probability: 0.5
        value: "not_party"
    mood_relaxed:
        all:
            not_relaxed: 0.946358919144
            relaxed: 0.0536410622299
        probability: 0.946358919144
        value: "not_relaxed"
    mood_sad:
        all:
            not_sad: 0.908638954163
            sad: 0.091361053288
        probability: 0.908638954163
        value: "not_sad"
    rhythm:
        all:
            fast: 0.970329165459
            medium: 0.0277456194162
            slow: 0.00192520825658
        probability: 0.970329165459
        value: "fast"
    speech_music:
        all:
            music: 0.999991834164
            speech: 8.17669297248e-06
        probability: 0.999991834164
        value: "music"
    timbre:
        all:
            bright: 0.676773250103
            dark: 0.323226779699
        probability: 0.676773250103
        value: "bright"
    voice_instrumental:
        all:
            instrumental: 0.121296450496
            voice: 0.878703534603
        probability: 0.878703534603
        value: "voice"

lowlevel:
    average_loudness: 0.979354560375
    barkbands_kurtosis:
        dmean: 0.469054043293
        dmean2: 0.811128854752
        dvar: 0.261237025261
        dvar2: 0.679675340652
        max: 2.29435014725
        mean: -1.10986673832
        min: -1.7935205698
        var: 0.304628789425
    barkbands_skewness:
        dmean: 0.452889025211
        dmean2: 0.711007118225
        dvar: 0.129862084985
        dvar2: 0.304977118969
        max: 1.80185496807
        mean: 0.0762262269855
        min: -1.45150744915
        var: 0.314696311951
    barkbands_spread:
        dmean: 5.3512802124
        dmean2: 8.54340457916
        dvar: 19.0087203979
        dvar2: 47.665725708
        max: 58.0136451721
        mean: 35.9651489258
        min: 15.5447368622
        var: 52.2470741272
    dissonance:
        dmean: 0.0148786809295
        dmean2: 0.0257554668933
        dvar: 0.000152162901941
        dvar2: 0.000389452849049
        max: 0.498020768166
        mean: 0.476611167192
        min: 0.398979663849
        var: 0.000262648129137
    hfc:
        dmean: 3.12533068657
        dmean2: 4.55421590805
        dvar: 7.53802156448
        dvar2: 15.2265520096
        max: 24.6843967438
        mean: 8.27602386475
        min: 0.0237227715552
        var: 15.196518898
    pitch:
        dmean: 669.645263672
        dmean2: 1272.40905762
        dvar: 1178210.25
        dvar2: 2346033
        max: 3675
        mean: 836.478149414
        min: 74.2424240112
        var: 1309716.75
    pitch_instantaneous_confidence:
        dmean: 0.0957058891654
        dmean2: 0.150913909078
        dvar: 0.00589912431315
        dvar2: 0.015055003576
        max: 0.774830400944
        mean: 0.375009477139
        min: 0.164665699005
        var: 0.0127776451409
    pitch_salience:
        dmean: 0.082676269114
        dmean2: 0.125998467207
        dvar: 0.00439758831635
        dvar2: 0.010409489274
        max: 0.811667740345
        mean: 0.584771156311
        min: 0.322094887495
        var: 0.010331117548
    silence_rate_20dB:
        dmean: 0
        dmean2: 0
        dvar: 0
        dvar2: 0
        max: 1
        mean: 1
        min: 1
        var: 0
    silence_rate_30dB:
        dmean: 0
        dmean2: 0
        dvar: 0
        dvar2: 0
        max: 1
        mean: 1
        min: 1
        var: 0
    silence_rate_60dB:
        dmean: 0.0696055665612
        dmean2: 0.137209296227
        dvar: 0.0647604092956
        dvar2: 0.13233576715
        max: 1
        mean: 0.099537037313
        min: 0
        var: 0.0896288529038
    spectral_centroid:
        dmean: 351.10446167
        dmean2: 542.731323242
        dvar: 76267.3359375
        dvar2: 161592.9375
        max: 2871.70776367
        mean: 1546.83483887
        min: 560.746826172
        var: 205048.0625
    spectral_complexity:
        dmean: 6.08837223053
        dmean2: 9.16783237457
        dvar: 31.4247550964
        dvar2: 60.4939537048
        max: 41
        mean: 16.7424602509
        min: 0
        var: 59.2538795471
    spectral_crest:
        dmean: 1.83171129227
        dmean2: 2.99750137329
        dvar: 2.68850874901
        dvar2: 6.56381750107
        max: 14.281876564
        mean: 6.37668466568
        min: 2.27602624893
        var: 4.81542110443
    spectral_decrease:
        dmean: 3.35988681321e-10
        dmean2: 4.93727281281e-10
        dvar: 1.12313265253e-19
        dvar2: 2.32714056301e-19
        max: -3.726784506e-12
        mean: -1.24451438044e-09
        min: -3.38593153515e-09
        var: 2.7436443545e-19
    spectral_energy:
        dmean: 0.00148455833551
        dmean2: 0.00216265022755
        dvar: 2.00820204554e-06
        dvar2: 4.03047215514e-06
        max: 0.0144992750138
        mean: 0.00544774346054
        min: 1.62174619618e-05
        var: 4.93984043715e-06
    spectral_energyband_high:
        dmean: 0.000152111897478
        dmean2: 0.000220679212362
        dvar: 1.90886826346e-08
        dvar2: 3.95954842247e-08
        max: 0.00149925251026
        mean: 0.000316989113344
        min: 3.66717955558e-07
        var: 5.12171922651e-08
    spectral_energyband_low:
        dmean: 0.000316391262459
        dmean2: 0.000541767978575
        dvar: 1.92647135577e-07
        dvar2: 4.8284971399e-07
        max: 0.0035934173502
        mean: 0.000524052185938
        min: 4.37512426288e-06
        var: 2.75759930446e-07
    spectral_energyband_middle_high:
        dmean: 0.000978053081781
        dmean2: 0.00147170270793
        dvar: 7.10991798769e-07
        dvar2: 1.5686076722e-06
        max: 0.00853121001273
        mean: 0.00270450068638
        min: 7.60681814427e-06
        var: 1.8007201561e-06
    spectral_energyband_middle_low:
        dmean: 0.000821067835204
        dmean2: 0.00132335384842
        dvar: 1.01536488728e-06
        dvar2: 2.78980814983e-06
        max: 0.0075693926774
        mean: 0.00190219923388
        min: 2.37956646743e-06
        var: 1.47280138663e-06
    spectral_flatness_db:
        dmean: 0.0158834252506
        dmean2: 0.0243763085455
        dvar: 0.000169370687217
        dvar2: 0.000381448713597
        max: 0.190196499228
        mean: 0.127457857132
        min: 0.0798646584153
        var: 0.000427961116657
    spectral_flux:
        dmean: 0.00953130703419
        dmean2: 0.0140648866072
        dvar: 7.17750663171e-05
        dvar2: 0.000142549761222
        max: 0.0974692627788
        mean: 0.0449706353247
        min: 0.0040270909667
        var: 0.000179139271495
    spectral_kurtosis:
        dmean: 0.900728702545
        dmean2: 1.38087844849
        dvar: 0.903756439686
        dvar2: 2.0024702549
        max: 11.4944067001
        mean: 3.59554290771
        min: -0.353891611099
        var: 2.67556214333
    spectral_rms:
        dmean: 0.00031424840563
        dmean2: 0.000450903957244
        dvar: 7.70395089944e-08
        dvar2: 1.45488812109e-07
        max: 0.00376106821932
        mean: 0.00225750659592
        min: 0.000125785198179
        var: 2.18536712282e-07
    spectral_rolloff:
        dmean: 454.600921631
        dmean2: 712.352294922
        dvar: 166700.671875
        dvar2: 329249.1875
        max: 5361.76757812
        mean: 3038.12768555
        min: 839.794921875
        var: 401568.71875
    spectral_skewness:
        dmean: 0.155701130629
        dmean2: 0.224031209946
        dvar: 0.020124392584
        dvar2: 0.0359971523285
        max: 2.53689932823
        mean: 1.56352329254
        min: 0.472454369068
        var: 0.105239190161
    spectral_spread:
        dmean: 699387.4375
        dmean2: 1049847
        dvar: 399965126656
        dvar2: 707809312768
        max: 10859830
        mean: 5657191.5
        min: 3163055
        var: 1.30461178266e+12
    spectral_strongpeak:
        dmean: 0.447209984064
        dmean2: 0.820329129696
        dvar: 0.454780906439
        dvar2: 1.27632820606
        max: 3.53387308121
        mean: 0.466083049774
        min: 0.00210987613536
        var: 0.364300608635
    zerocrossingrate:
        dmean: 0.0105843478814
        dmean2: 0.0124790575355
        dvar: 7.06751307007e-05
        dvar2: 9.42358456086e-05
        max: 0.16015625
        mean: 0.0909143462777
        min: 0.03369140625
        var: 0.000367372005712
    barkbands:
        dmean: [1.93153596229e-07, 7.65280856285e-05, 0.000282974069705, 0.000498914392665, 0.000282059772871, 0.000161179748829, 0.000120360709843, 0.000108511136204, 0.000121222314192, 0.000156756694196, 0.00013808037329, 6.00284474785e-05, 5.39061184099e-05, 7.60812908993e-05, 0.00011806168186, 0.000140782052767, 0.000224478382734, 0.000215679552639, 0.000273946730886, 0.000160319410497, 7.48558886698e-05, 2.48565138463e-05, 7.49765149521e-06, 3.81476002076e-06, 2.84919156002e-06, 1.51690031203e-07, 5.1686172009e-10]
        dmean2: [3.27982064618e-07, 0.000121472330648, 0.000495337648317, 0.000806349446066, 0.000476052460726, 0.000274872145383, 0.000196327804588, 0.000180630682735, 0.000206575234188, 0.000259001972154, 0.000231612488278, 9.62767662713e-05, 8.86088964762e-05, 0.000127079736558, 0.000189013415365, 0.000228743752814, 0.000373658229364, 0.000336051889462, 0.000421903445385, 0.000255988765275, 0.000117576899356, 3.79021439585e-05, 1.11199542516e-05, 5.46328192286e-06, 4.19654452344e-06, 2.37484456989e-07, 7.63377250301e-10]
        dvar: [7.75693189694e-14, 1.0468227174e-08, 1.78541199602e-07, 3.02303448052e-07, 1.85519866136e-07, 5.45890479486e-08, 4.73145362889e-08, 8.07667532854e-08, 3.91073839978e-08, 5.82307961849e-08, 7.0831262633e-08, 1.09223377009e-08, 5.51685941375e-09, 1.14943103924e-08, 1.94540703546e-08, 5.59808093215e-08, 4.56676190197e-08, 4.02643500763e-08, 7.73546915411e-08, 2.6696008959e-08, 5.04364106035e-09, 2.33767050162e-09, 2.06092296007e-10, 3.32179665719e-11, 5.81395652108e-12, 1.72959621614e-14, 1.04023454508e-17]
        dvar2: [2.21268383932e-13, 2.26789804714e-08, 4.70139525532e-07, 8.70485791893e-07, 4.75451713555e-07, 1.38635982694e-07, 9.88842430161e-08, 2.15402323533e-07, 1.03347396418e-07, 1.56004418272e-07, 1.97966741666e-07, 2.72046403182e-08, 1.35698039472e-08, 2.93076460878e-08, 4.75906709596e-08, 1.35658922318e-07, 1.11357294941e-07, 9.00763907907e-08, 1.51678548832e-07, 6.66418031869e-08, 1.10810569609e-08, 5.63713120627e-09, 4.7639880929e-10, 5.41039955892e-11, 1.34464045801e-11, 4.16123773351e-14, 1.06510579815e-17]
        max: [2.17747970055e-06, 0.00116351456381, 0.00332559668459, 0.0044096428901, 0.002988363849, 0.00164668599609, 0.00255476124585, 0.0028827926144, 0.0018002159195, 0.00222434080206, 0.00229009240866, 0.00105639849789, 0.000774103158619, 0.00104283145629, 0.00159875536337, 0.00229587266222, 0.00188996933866, 0.00151895685121, 0.00221340754069, 0.00122849899344, 0.000545208284166, 0.000787873228546, 0.00021187942184, 9.87196835922e-05, 3.34108699462e-05, 7.57689576858e-07, 6.7237529322e-08]
        mean: [1.9779206184e-07, 0.000109018030344, 0.000414844951592, 0.000844623195007, 0.000380050041713, 0.00019651693583, 0.000136664355523, 0.000131808032165, 0.000192784500541, 0.000300059851725, 0.000234133171034, 9.24835330807e-05, 8.78809587448e-05, 0.000144204081153, 0.000214509651414, 0.000207661505556, 0.000553168589249, 0.000363338127499, 0.000397989992052, 0.000228601580602, 0.0001366812794, 5.06136748299e-05, 1.50309551827e-05, 8.48889976623e-06, 6.1792429733e-06, 2.16137905795e-07, 6.410013631e-10]
        min: [8.15983947078e-10, 8.29267605695e-07, 1.9785211407e-06, 7.78039861871e-07, 3.05172534354e-07, 9.59662429523e-07, 1.56560957976e-07, 4.20980015292e-08, 1.34398689511e-07, 1.04169771475e-07, 9.72913056785e-08, 3.45554923342e-07, 2.20971188014e-07, 2.43113106535e-07, 1.24721184491e-08, 1.44916455724e-07, 3.34457672579e-06, 4.98348924793e-07, 2.32080310525e-06, 3.67641348475e-07, 1.6898162869e-07, 4.84759112851e-08, 4.91383360668e-08, 7.40444328073e-09, 3.10963033101e-09, 1.99977145954e-10, 1.24260985616e-12]
        var: [7.67510377085e-14, 1.81971255842e-08, 2.22406882244e-07, 5.17896523888e-07, 2.12683076484e-07, 6.163289612e-08, 7.8822253613e-08, 6.87620698159e-08, 5.46679572722e-08, 1.24785913158e-07, 1.54601977442e-07, 1.38480471534e-08, 8.89349927036e-09, 2.33366694857e-08, 5.34759969639e-08, 6.89964778644e-08, 9.90630795172e-08, 7.41781818192e-08, 1.40832568718e-07, 4.13757064166e-08, 1.08347837369e-08, 5.76133007968e-09, 5.97908889066e-10, 1.42240330625e-10, 1.82886449041e-11, 2.3821221078e-14, 1.04544288781e-17]
    mfcc:
        mean: [-679.882568359, 98.9189224243, -42.0160598755, 42.6159896851, -0.00827401597053, -5.49487829208, 4.76736402512, 4.1826338768, 7.86996889114, -7.24396038055, -8.60103988647, -8.25334358215, -8.1437292099]
        cov: [[977.521362305, -123.92829895, -67.5981445312, -58.9754524231, -61.1925468445, -51.3715171814, -9.06279277802, -100.422523499, -88.4275436401, 34.4078865051, -14.1208238602, -97.0411224365, 13.8311758041], [-123.92829895, 445.205078125, -132.780227661, -64.8495330811, 52.7851600647, 11.0340566635, 18.5935459137, -57.184841156, 8.77700614929, 6.39932775497, 12.2206487656, 7.71400117874, 16.4066085815], [-67.5981445312, -132.780227661, 284.365203857, 33.9628448486, 15.6298685074, -3.03242635727, -49.6707305908, 76.1881713867, 23.0145683289, -16.7805423737, -14.4708890915, 54.4066772461, -7.36983537674], [-58.9754524231, -64.8495330811, 33.9628448486, 153.430709839, -5.08514738083, -12.2872266769, -3.99987149239, 26.5371894836, 26.8220767975, -20.7854175568, 9.11427021027, 11.0050868988, 6.05106163025], [-61.1925468445, 52.7851600647, 15.6298685074, -5.08514738083, 78.3727722168, 14.3534660339, 8.83421516418, -6.33694410324, 21.0169734955, -7.44887638092, 2.66921281815, 24.3589191437, -2.76396632195], [-51.3715171814, 11.0340566635, -3.03242635727, -12.2872266769, 14.3534660339, 109.120346069, 38.1951713562, 30.3616523743, 23.5402317047, 12.140337944, -8.48593139648, -24.0173301697, 2.33641242981], [-9.06279277802, 18.5935459137, -49.6707305908, -3.99987149239, 8.83421516418, 38.1951713562, 104.793540955, 9.31876182556, 23.8774089813, -3.47696232796, 0.311795175076, -19.7997779846, -7.7170085907], [-100.422523499, -57.184841156, 76.1881713867, 26.5371894836, -6.33694410324, 30.3616523743, 9.31876182556, 102.5078125, 41.7117996216, -8.34076213837, -8.83649921417, 3.7967300415, -8.07902240753], [-88.4275436401, 8.77700614929, 23.0145683289, 26.8220767975, 21.0169734955, 23.5402317047, 23.8774089813, 41.7117996216, 132.122161865, -26.4675865173, -18.6646652222, 11.9125146866, -23.286491394], [34.4078865051, 6.39932775497, -16.7805423737, -20.7854175568, -7.44887638092, 12.140337944, -3.47696232796, -8.34076213837, -26.4675865173, 79.0752258301, 21.604675293, -12.4234838486, 19.3461227417], [-14.1208238602, 12.2206487656, -14.4708890915, 9.11427021027, 2.66921281815, -8.48593139648, 0.311795175076, -8.83649921417, -18.6646652222, 21.604675293, 68.3242721558, 22.1190052032, 2.71715021133], [-97.0411224365, 7.71400117874, 54.4066772461, 11.0050868988, 24.3589191437, -24.0173301697, -19.7997779846, 3.7967300415, 11.9125146866, -12.4234838486, 22.1190052032, 86.770072937, 2.56351709366], [13.8311758041, 16.4066085815, -7.36983537674, 6.05106163025, -2.76396632195, 2.33641242981, -7.7170085907, -8.07902240753, -23.286491394, 19.3461227417, 2.71715021133, 2.56351709366, 46.0467643738]]
        icov: [[0.00151187216397, 0.000575318466872, -0.000279304513242, 0.000589069735724, 0.000340541766491, 0.000714282796253, -0.0002072982752, 0.00156698410865, -5.13178674737e-05, -5.06923206558e-05, -0.000203099421924, 0.00179709587246, -0.000649554945994], [0.000575318466872, 0.00348101789132, 0.00144972733688, 0.00143729476258, -0.00191953207832, 0.000158793933224, 0.000292349548545, 0.00103671418037, -0.000824306684081, 0.000414771406213, -0.000510245386977, 0.000203645133297, -0.0018346963916], [-0.000279304513242, 0.00144972733688, 0.00685762986541, -0.00027350167511, -0.00221466994844, -0.000367164117051, 0.00280654267408, -0.00469178380445, 0.000725332822185, -0.000333513395162, 0.00218061101623, -0.00406860886142, 0.0008384907851], [0.000589069735724, 0.00143729476258, -0.00027350167511, 0.00871710479259, 4.70618324471e-05, 0.00165584334172, 0.000106489445898, -0.000673478469253, -0.00232589012012, 0.00301223248243, -0.00323553173803, 0.00180150440428, -0.00441102823243], [0.000340541766491, -0.00191953207832, -0.00221466994844, 4.70618324471e-05, 0.0177624076605, -0.00321182166226, -0.00165117846336, 0.00413367850706, -0.00186729745474, 0.000555439619347, 2.27603941312e-05, -0.00419699726626, 0.000953334616497], [0.000714282796253, 0.000158793933224, -0.000367164117051, 0.00165584334172, -0.00321182166226, 0.0139331119135, -0.00362270977348, -0.00335900159553, -0.00137777195778, -0.00194183574058, 3.11905350827e-05, 0.00486931065097, -0.0027975642588], [-0.0002072982752, 0.000292349548545, 0.00280654267408, 0.000106489445898, -0.00165117846336, -0.00362270977348, 0.0131071545184, -0.0017687198706, -0.0014236306306, 0.00131407647859, -0.00143027678132, 0.00121339631733, 0.00110911170486], [0.00156698410865, 0.00103671418037, -0.00469178380445, -0.000673478469253, 0.00413367850706, -0.00335900159553, -0.0017687198706, 0.0183861609548, -0.00393374590203, 0.000121367665997, -0.000755546090659, 0.00214727292769, -0.000269748357823], [-5.13178674737e-05, -0.000824306684081, 0.000725332822185, -0.00232589012012, -0.00186729745474, -0.00137777195778, -0.0014236306306, -0.00393374590203, 0.0118150562048, 0.000281850603642, 0.0038507853169, -0.00288109201938, 0.00554969534278], [-5.06923206558e-05, 0.000414771406213, -0.000333513395162, 0.00301223248243, 0.000555439619347, -0.00194183574058, 0.00131407647859, 0.000121367665997, 0.000281850603642, 0.018446976319, -0.0075904680416, 0.00409647915512, -0.00759633630514], [-0.000203099421924, -0.000510245386977, 0.00218061101623, -0.00323553173803, 2.27603941312e-05, 3.11905350827e-05, -0.00143027678132, -0.000755546090659, 0.0038507853169, -0.0075904680416, 0.0215567685664, -0.00868786685169, 0.00499262148514], [0.00179709587246, 0.000203645133297, -0.00406860886142, 0.00180150440428, -0.00419699726626, 0.00486931065097, 0.00121339631733, 0.00214727292769, -0.00288109201938, 0.00409647915512, -0.00868786685169, 0.0219014082104, -0.00530392117798], [-0.000649554945994, -0.0018346963916, 0.0008384907851, -0.00441102823243, 0.000953334616497, -0.0027975642588, 0.00110911170486, -0.000269748357823, 0.00554969534278, -0.00759633630514, 0.00499262148514, -0.00530392117798, 0.0296162124723]]
    spectral_contrast:
        mean: [-2.93074897684e-08, -2.27899604965e-07, 3.38733485705e-08, 2.57624122924e-07, 1.20436652651e-07, -1.49149911977e-07, -1.37126988875e-07, 3.04937906037e-08, 3.14978046845e-06, 2.51584151556e-06, 1.98258044293e-06, -1.42497970046e-06]
        var: [0.000335314834956, 0.000605048669968, 0.00115567061584, 0.00237979413942, 0.00317405350506, 0.0038607341703, 0.0464182980359, 0.0924900323153, 0.114918276668, 0.197964027524, 0.278843671083, 0.7386110425]

rhythm:
    beats_loudness:
        dmean: 0.00260575604625
        dmean2: 0.00435338914394
        dvar: 2.59824923887e-06
        dvar2: 8.74010311236e-06
        max: 0.0135424975306
        mean: 0.0082242032513
        min: 0.00390060129575
        var: 5.12752421855e-06
    beats_loudness_bass:
        dmean: 0.132253617048
        dmean2: 0.250282824039
        dvar: 0.0228399541229
        dvar2: 0.0842075273395
        max: 0.579330146313
        mean: 0.24991582334
        min: 0.0489786751568
        var: 0.0140315182507
    bpm: 134.463928223
    bpm_confidence: 0
    first_peak_bpm: 134
    first_peak_spread: 0.0476190447807
    first_peak_weight: 0.952380955219
    onset_rate: 5.89711141586
    second_peak_bpm: 0
    second_peak_spread: 0
    second_peak_weight: 0
    beats_position: [0.429475933313, 0.875620365143, 1.32176482677, 1.7679091692, 2.21405363083, 2.66019797325, 3.10634231567, 3.55248689651, 3.99863123894, 4.44477558136, 4.8909201622, 5.3370642662, 5.78320884705, 6.24371242523, 6.6899933815, 7.13627529144, 7.58255672455, 8.02883815765, 8.47511863708, 8.92140007019, 9.3676815033, 9.8139629364]
    bpm_estimates: [134.456161499, 134.51776123, 134.642700195, 134.470535278, 134.513916016, 134.381942749, 134.44342041, 134.458572388, 134.677749634, 134.478408813, 134.571060181, 134.670349121, 134.010742188, 134.421676636, 134.256698608, 134.507659912, 134.407363892]
    bpm_intervals: [0.446144431829, 0.446144461632, 0.446144342422, 0.446144461632, 0.446144342422, 0.446144342422, 0.446144580841, 0.446144342422, 0.446144342422, 0.446144580841, 0.446144104004, 0.446144580841, 0.460503578186, 0.446280956268, 0.446281909943, 0.446281433105, 0.446281433105, 0.446280479431, 0.446281433105, 0.446281433105, 0.446281433105]
    onset_times: [0.0464399084449, 0.208979591727, 0.417959183455, 0.545668959618, 0.731428563595, 0.99845802784, 1.10294783115, 1.30031740665, 1.4164172411, 1.66022670269, 1.764716506, 1.89242625237, 1.99691605568, 2.20589566231, 2.33360552788, 2.46131515503, 2.77478456497, 2.89088439941, 3.09986400604, 3.23918366432, 3.33206343651, 3.79646253586, 3.99383211136, 4.14476203918, 4.35374164581, 4.46984148026, 4.88780021667, 5.02712011337, 5.14321994781, 5.36380958557, 5.47990942001, 5.58439922333, 5.79337882996, 5.93269824982, 6.03718805313, 6.26938772202, 6.3622674942, 6.47836732864, 6.68734693527, 6.82666683197, 7.0356464386, 7.16335582733, 7.37233543396, 7.59292507172, 7.73224496841, 7.92961454391, 8.03410434723, 8.17342376709, 8.47528362274, 8.62621307373, 8.83519268036, 8.93968296051, 9.06739234924, 9.17188167572, 9.38086128235, 9.53179168701, 9.61306095123, 9.84526062012, 9.9613609314]
    rubato_start: []
    rubato_stop: []
    perceptual_tempo: "unknown"

sfx:
    inharmonicity:
        dmean: 0.0483677871525
        dmean2: 0.0849934220314
        dvar: 0.00275432178751
        dvar2: 0.00794953480363
        max: 0.343046933413
        mean: 0.0521516464651
        min: 0.000606505433097
        var: 0.00264546368271
    oddtoevenharmonicenergyratio:
        dmean: 2.56139659882
        dmean2: 4.83307313919
        dvar: 42.2451171875
        dvar2: 124.845649719
        max: 57.6247062683
        mean: 1.7071158886
        min: 0.00290695740841
        var: 24.0161094666
    pitch_after_max_to_before_max_energy_ratio: 11.3423919678
    pitch_centroid: 196.129867554
    pitch_max_to_total: 0.0742459371686
    pitch_min_to_total: 0.422273784876
    tristimulus:
        dmean: [0.199933558702, 0.253041893244, 0.143400639296]
        dmean2: [0.344967275858, 0.448574721813, 0.253781557083]
        dvar: [0.0285781882703, 0.0407633818686, 0.0159932300448]
        dvar2: [0.0720521509647, 0.113868713379, 0.0439670532942]
        max: [0.940262258053, 0.949341416359, 0.748351633549]
        mean: [0.360409080982, 0.427876412868, 0.150412753224]
        min: [0.00317407143302, 0, 0]
        var: [0.0432297959924, 0.0563305579126, 0.0194739010185]

tonal:
    chords_changes_rate: 0.0737327188253
    chords_number_rate: 0.0184331797063
    chords_strength:
        dmean: 0.00667882151902
        dmean2: 0.00815116148442
        dvar: 3.0883555155e-05
        dvar2: 4.93557599839e-05
        max: 0.697493374348
        mean: 0.54281270504
        min: 0.430598795414
        var: 0.00619998574257
    key_strength: 0.713888466358
    tuning_diatonic_strength: 0.597246587276
    tuning_equal_tempered_deviation: 0.182856783271
    tuning_frequency: 444.085327148
    tuning_nontempered_energy_ratio: 0.777966797352
    hpcp:
        dmean: [0.203441128135, 0.209719747305, 0.142182081938, 0.127268970013, 0.114493690431, 0.116218440235, 0.122978515923, 0.115448869765, 0.126408115029, 0.124314971268, 0.117918103933, 0.133447349072, 0.143462762237, 0.174483865499, 0.22977091372, 0.209876850247, 0.225711151958, 0.143641844392, 0.116202972829, 0.111830197275, 0.138978868723, 0.207822352648, 0.214172422886, 0.191930159926, 0.188246741891, 0.135120809078, 0.11094841361, 0.103722289205, 0.136505708098, 0.15796802938, 0.145046874881, 0.121735446155, 0.14059753716, 0.15109115839, 0.143330171704, 0.154360964894]
        dmean2: [0.355420202017, 0.363830447197, 0.254897028208, 0.23036916554, 0.203465640545, 0.210715994239, 0.222546473145, 0.205662041903, 0.227530241013, 0.218217641115, 0.208326756954, 0.234973281622, 0.26005718112, 0.317339837551, 0.38672336936, 0.357780575752, 0.378489911556, 0.261306941509, 0.20500394702, 0.192575126886, 0.250834941864, 0.374771535397, 0.379305630922, 0.350415676832, 0.344056963921, 0.245191305876, 0.191208034754, 0.183788284659, 0.237052902579, 0.286892086267, 0.266208410263, 0.218818694353, 0.251977860928, 0.268354505301, 0.252582788467, 0.259604305029]
        dvar: [0.0440110117197, 0.0427155718207, 0.0230632405728, 0.0210594423115, 0.0172596890479, 0.0206304024905, 0.0255597960204, 0.0141593990847, 0.0272424221039, 0.0257706958801, 0.0295976437628, 0.0479712039232, 0.0426000133157, 0.0415994971991, 0.038237567991, 0.0548645220697, 0.0324906893075, 0.0347738526762, 0.0233636181802, 0.0195494163781, 0.0303836669773, 0.0495233386755, 0.0455585792661, 0.0497648753226, 0.0453844703734, 0.026779839769, 0.0219585672021, 0.0218936596066, 0.0328230820596, 0.0414006002247, 0.0367232486606, 0.0166943147779, 0.0284761153162, 0.0278150122613, 0.0271843355149, 0.0264823921025]
        dvar2: [0.103965766728, 0.113622657955, 0.0603595338762, 0.0554497428238, 0.0436782278121, 0.0556427128613, 0.075819671154, 0.0377234257758, 0.0585092157125, 0.0564600564539, 0.0711276084185, 0.130722120404, 0.12142752856, 0.112510770559, 0.099129602313, 0.130865499377, 0.0825617685914, 0.0912778005004, 0.059883672744, 0.0462667904794, 0.0746007189155, 0.136751964688, 0.138329818845, 0.124058656394, 0.140003457665, 0.0753473341465, 0.0590107552707, 0.0556967891753, 0.0918758809566, 0.113158218563, 0.0991362407804, 0.0452359989285, 0.0763146877289, 0.0771969109774, 0.0748190432787, 0.0720907151699]
        max: [1, 1, 1, 0.960729241371, 1, 1, 1, 0.702726066113, 1, 1, 1, 1, 1, 1, 1, 1, 1, 1, 0.864052355289, 0.785035192966, 0.969880878925, 1, 1, 1, 1, 1, 0.930401086807, 0.989383637905, 1, 1, 1, 0.934224843979, 1, 1, 1, 1]
        mean: [0.300843864679, 0.259995043278, 0.156417861581, 0.132584348321, 0.141829818487, 0.16243056953, 0.153234660625, 0.139870449901, 0.163295090199, 0.154727220535, 0.130063742399, 0.133247599006, 0.137006759644, 0.1774854213, 0.414195984602, 0.660623669624, 0.454980969429, 0.154672905803, 0.117070242763, 0.123109869659, 0.165233299136, 0.259609878063, 0.293923050165, 0.317614763975, 0.280797481537, 0.173235714436, 0.13800996542, 0.133479103446, 0.149259150028, 0.176026627421, 0.168312385678, 0.14928765595, 0.163733333349, 0.182282537222, 0.196544095874, 0.234468325973]
        min: [0.0244411826134, 0.0120424609631, 0.00417696638033, 0.00380003545433, 0.00424614967778, 0.00416739238426, 0.0057917595841, 0.0056418152526, 4.77664025311e-06, 0.00261853961274, 0.00226547848433, 0.00146284955554, 0.00118945748545, 0.00274859555066, 0.0262783113867, 0.0285644605756, 0.0448422394693, 0.00421486794949, 0.00198398763314, 0.00174520502333, 0.0087927505374, 0.00667820312083, 0.00579022755846, 0.0045957416296, 0.00252717034891, 0.00576372025535, 0.0050305807963, 0.000499172136188, 0.00319018331356, 0.00344734452665, 0.00414331490174, 0.00606918986887, 0.00605118600652, 0.00808847881854, 0.00744846975431, 0.0207000374794]
        var: [0.0622584670782, 0.0561179667711, 0.0275841243565, 0.0237562600523, 0.0246732439846, 0.0361200533807, 0.0343547314405, 0.0173049271107, 0.0396017506719, 0.0383551418781, 0.0369715876877, 0.0442212224007, 0.0363076403737, 0.0421900302172, 0.0856237336993, 0.112763226032, 0.0618395842612, 0.0301425736398, 0.0237863902003, 0.0248718615621, 0.0290059354156, 0.0542043931782, 0.0668424218893, 0.119460143149, 0.0996896401048, 0.0354088209569, 0.023829607293, 0.0257847830653, 0.0376425273716, 0.052358314395, 0.043090723455, 0.0226446092129, 0.0322743393481, 0.0375794060528, 0.0435715466738, 0.0378715321422]
    chords_histogram: [48.387096405, 0, 0, 0, 0, 3.68663597107, 0, 37.7880172729, 0, 0, 10.1382484436, 0, 0, 0, 0, 0, 0, 0, 0, 0, 0, 0, 0, 0]
    thpcp: [1, 0.688714325428, 0.234131649137, 0.17721170187, 0.186354011297, 0.250117123127, 0.392976969481, 0.444917529821, 0.480780184269, 0.425049066544, 0.262230545282, 0.208908602595, 0.20205013454, 0.225936725736, 0.266455233097, 0.254778027534, 0.225979879498, 0.247846603394, 0.275924921036, 0.297512948513, 0.35491964221, 0.455393701792, 0.393559992313, 0.236773014069, 0.200695723295, 0.21469078958, 0.245874583721, 0.231954544783, 0.211724847555, 0.2471832335, 0.234213858843, 0.196880236268, 0.201699703932, 0.207390025258, 0.268663436174, 0.626977205276]
    chords_key: "D"
    chords_scale: "minor"
    key_key: "D"
    key_scale: "minor"
    chords_progression: ["C#m", "C#m", "C#m", "C#m", "C#m", "C#m", "C#m", "C#m", "C#m", "C#m", "C#m", "C#m", "C#m", "C#m", "C#m", "C#m", "C#m", "Dm", "Dm", "Dm", "Dm", "Dm", "C#m", "C#m", "C#m", "C#m", "C#m", "Dm", "Dm", "Dm", "Dm", "Dm", "Dm", "Dm", "Dm", "Dm", "Dm", "Dm", "Dm", "Dm", "Dm", "Dm", "Dm", "Dm", "Dm", "Dm", "Dm", "Dm", "Dm", "Dm", "Dm", "Dm", "Dm", "Dm", "Dm", "Dm", "Dm", "Dm", "Dm", "Dm", "Dm", "Dm", "Dm", "Dm", "Dm", "Dm", "Dm", "Dm", "Dm", "Dm", "Dm", "Dm", "Dm", "Dm", "Dm", "Dm", "Dm", "Dm", "Dm", "Dm", "Dm", "Dm", "Dm", "Dm", "Dm", "G", "D", "D", "D", "D", "D", "D", "D", "D", "G", "G", "D", "D", "D", "D", "D", "D", "D", "D", "D", "D", "D", "D", "Dm", "Dm", "Dm", "Dm", "Dm", "Dm", "Dm", "Dm", "Dm", "Dm", "Dm", "Dm", "D", "D", "D", "D", "D", "D", "D", "D", "D", "D", "D", "D", "D", "D", "D", "D", "D", "D", "D", "D", "D", "D", "D", "D", "D", "D", "D", "D", "G", "G", "G", "D", "D", "D", "D", "D", "D", "D", "D", "D", "D", "D", "D", "D", "D", "D", "D", "D", "D", "D", "G", "G", "D", "Dm", "Dm", "Dm", "Dm", "Dm", "Dm", "Dm", "Dm", "Dm", "Dm", "D", "D", "D", "D", "D", "D", "D", "D", "D", "D", "D", "D", "D", "D", "Dm", "Dm", "Dm", "Dm", "Dm", "Dm", "Dm", "Dm", "Dm", "Dm", "Dm", "Dm", "Dm", "Dm", "Dm", "Dm", "Dm", "Dm", "Dm", "Dm"]
