
metadata:
    version:
        essentia: "1.2.2"
    audio_properties:
        analysis_sample_rate: 44100
        bitrate: 128
        channels: 2
        equal_loudness: 1
        length: 10.0310201645
        replay_gain: -8.98615837097
        downmix: "mix"
    tags:
        track: 2
        year: 0
        album: "Splitted by Mp3Splt v. 2.1"
        artist: "From 000.10 To 000.20"
        comment: "http://mp3splt.sf.net"
        genre: ""
        title: "05 Proposition 61.mp3"

highlevel:
    ballroom:
        all:
            ChaChaCha: 0.37440815568
            Jive: 0.136758029461
            Quickstep: 0.223698794842
            Rumba-American: 0.00577751221135
            Rumba-International: 0.0514521226287
            Rumba-Misc: 0.0282590351999
            Samba: 0.102751597762
            Tango: 0.0391286090016
            VienneseWaltz: 0.0115053225309
            Waltz: 0.026260830462
        probability: 0.37440815568
        value: "ChaChaCha"
    culture:
        all:
            non_western: 0.140465885401
            western: 0.859534084797
        probability: 0.859534084797
        value: "western"
    gender:
        all:
            female: 0.275490790606
            male: 0.724509239197
        probability: 0.724509239197
        value: "male"
    genre_dortmund:
        all:
            alternative: 0.0524970665574
            blues: 0.020177975297
            electronic: 0.0567075461149
            folkcountry: 0.368500679731
            funksoulrnb: 0.00474043097347
            jazz: 0.321661055088
            pop: 0.0920098125935
            raphiphop: 0.00690056011081
            rock: 0.0768048614264
        probability: 0.368500679731
        value: "folkcountry"
    genre_electronica:
        all:
            ambient: 0.436595767736
            dnb: 0.116806969047
            house: 0.180524975061
            techno: 0.0364833064377
            trance: 0.229588970542
        probability: 0.436595767736
        value: "ambient"
    genre_rosamerica:
        all:
            cla: 0.139824017882
            dan: 0.063961327076
            hip: 0.0242631379515
            jaz: 0.081636801362
            pop: 0.38879275322
            rhy: 0.247113749385
            roc: 0.0416255295277
            spe: 0.012782689184
        probability: 0.38879275322
        value: "pop"
    genre_tzanetakis:
        all:
            blu: 0.00483320746571
            cla: 0.0103376535699
            cou: 0.0621979273856
            dis: 0.0260662958026
            hip: 0.00585401011631
            jaz: 0.0166067238897
            met: 0.00629267701879
            pop: 0.442646175623
            reg: 0.107015542686
            roc: 0.318149775267
        probability: 0.442646175623
        value: "pop"
    live_studio:
        all:
            live: 0.0165416877717
            studio: 0.983458340168
        probability: 0.983458340168
        value: "studio"
    mood:
        all:
            Cluster1: 0.217409670353
            Cluster2: 0.350488394499
            Cluster3: 0.234657913446
            Cluster4: 0.140383526683
            Cluster5: 0.0570604763925
        probability: 0.350488394499
        value: "Cluster2"
    mood_acoustic:
        all:
            acoustic: 0.783363342285
            not_acoustic: 0.216636642814
        probability: 0.783363342285
        value: "acoustic"
    mood_aggressive:
        all:
            aggressive: 0.00376108684577
            not_aggressive: 0.99623888731
        probability: 0.99623888731
        value: "not_aggressive"
    mood_electronic:
        all:
            electronic: 0.367990553379
            not_electronic: 0.632009446621
        probability: 0.632009446621
        value: "not_electronic"
    mood_happy:
        all:
            happy: 0.767146527767
            not_happy: 0.232853487134
        probability: 0.767146527767
        value: "happy"
    mood_party:
        all:
            not_party: 0.650907874107
            party: 0.34909209609
        probability: 0.650907874107
        value: "not_party"
    mood_relaxed:
        all:
            not_relaxed: 0.394528180361
            relaxed: 0.605471849442
        probability: 0.605471849442
        value: "relaxed"
    mood_sad:
        all:
            not_sad: 0.306610405445
            sad: 0.693389594555
        probability: 0.693389594555
        value: "sad"
    rhythm:
        all:
            fast: 0.470647782087
            medium: 0.472208052874
            slow: 0.0571441575885
        probability: 0.472208052874
        value: "medium"
    speech_music:
        all:
            music: 0.997163176537
            speech: 0.00283680320717
        probability: 0.997163176537
        value: "music"
    timbre:
        all:
            bright: 0.912867307663
            dark: 0.0871326774359
        probability: 0.912867307663
        value: "bright"
    voice_instrumental:
        all:
            instrumental: 0.290321797132
            voice: 0.709678173065
        probability: 0.709678173065
        value: "voice"

lowlevel:
    average_loudness: 0.843501269817
    barkbands_kurtosis:
        dmean: 1.7692425251
        dmean2: 2.73301196098
        dvar: 18.7746353149
        dvar2: 36.4171218872
        max: 60.6156539917
        mean: 1.61403262615
        min: -1.77328073978
        var: 39.5995941162
    barkbands_skewness:
        dmean: 0.551560640335
        dmean2: 0.804710805416
        dvar: 0.49299544096
        dvar2: 0.94895118475
        max: 6.93320512772
        mean: 1.0113222599
        min: -2.65597200394
        var: 1.68444466591
    barkbands_spread:
        dmean: 5.66651582718
        dmean2: 8.6289768219
        dvar: 40.6228752136
        dvar2: 86.0405044556
        max: 60.8883934021
        mean: 28.7939472198
        min: 2.10607123375
        var: 124.562049866
    dissonance:
        dmean: 0.0171446353197
        dmean2: 0.0274978335947
        dvar: 0.000277668121271
        dvar2: 0.000618371705059
        max: 0.499022930861
        mean: 0.447480142117
        min: 0.332454532385
        var: 0.000755887129344
    hfc:
        dmean: 1.67061817646
        dmean2: 2.3936650753
        dvar: 17.6790237427
        dvar2: 36.5078811646
        max: 52.3709716797
        mean: 2.942081213
        min: 0.00102228089236
        var: 29.7000617981
    pitch:
        dmean: 430.373260498
        dmean2: 823.817077637
        dvar: 1023620.625
        dvar2: 2534773.25
        max: 4410
        mean: 586.660705566
        min: 82.7392120361
        var: 981479.5
    pitch_instantaneous_confidence:
        dmean: 0.0795878618956
        dmean2: 0.118513032794
        dvar: 0.00637386878952
        dvar2: 0.0127995992079
        max: 0.896729588509
        mean: 0.496671408415
        min: 0.155347466469
        var: 0.0265978202224
    pitch_salience:
        dmean: 0.0652802661061
        dmean2: 0.100815974176
        dvar: 0.00484661804512
        dvar2: 0.0101346913725
        max: 0.828167021275
        mean: 0.521900951862
        min: 0.159536570311
        var: 0.0157070048153
    silence_rate_20dB:
        dmean: 0
        dmean2: 0
        dvar: 0
        dvar2: 0
        max: 1
        mean: 1
        min: 1
        var: 0
    silence_rate_30dB:
        dmean: 0
        dmean2: 0
        dvar: 0
        dvar2: 0
        max: 1
        mean: 1
        min: 1
        var: 0
    silence_rate_60dB:
        dmean: 0.0787037014961
        dmean2: 0.155452430248
        dvar: 0.0725095644593
        dvar2: 0.140567854047
        max: 1
        mean: 0.732101619244
        min: 0
        var: 0.196128904819
    spectral_centroid:
        dmean: 310.197387695
        dmean2: 461.243896484
        dvar: 159882.796875
        dvar2: 312550.4375
        max: 3787.82592773
        mean: 1308.53662109
        min: 245.344772339
        var: 486959.625
    spectral_complexity:
        dmean: 2.42459392548
        dmean2: 3.67674422264
        dvar: 25.3394050598
        dvar2: 42.5304145813
        max: 56
        mean: 5.48842573166
        min: 0
        var: 56.3701820374
    spectral_crest:
        dmean: 2.1933131218
        dmean2: 3.50353169441
        dvar: 5.26798534393
        dvar2: 12.4046497345
        max: 22.7562656403
        mean: 9.740899086
        min: 2.86620807648
        var: 19.0045871735
    spectral_decrease:
        dmean: 2.48879833409e-10
        dmean2: 3.50211554201e-10
        dvar: 2.52294532924e-19
        dvar2: 5.26050525336e-19
        max: -1.35057560296e-13
        mean: -6.00345939628e-10
        min: -5.11883779808e-09
        var: 6.59383251285e-19
    spectral_energy:
        dmean: 0.0010665517766
        dmean2: 0.00150012609083
        dvar: 4.46976036983e-06
        dvar2: 9.2065147328e-06
        max: 0.0202733911574
        mean: 0.00253269937821
        min: 6.02462989718e-07
        var: 1.1451885257e-05
    spectral_energyband_high:
        dmean: 0.000128115803818
        dmean2: 0.00018143284251
        dvar: 1.36608150569e-07
        dvar2: 3.00513590901e-07
        max: 0.00389046524651
        mean: 0.000173781430931
        min: 6.74303066717e-08
        var: 1.99601160489e-07
    spectral_energyband_low:
        dmean: 4.70527011203e-05
        dmean2: 6.23529049335e-05
        dvar: 8.04060551474e-09
        dvar2: 1.27149277773e-08
        max: 0.00139372609556
        mean: 9.23681582208e-05
        min: 2.27148233556e-09
        var: 4.07254354684e-08
    spectral_energyband_middle_high:
        dmean: 0.000373432470951
        dmean2: 0.000571144570131
        dvar: 9.6693361229e-07
        dvar2: 2.06800677915e-06
        max: 0.0113309817389
        mean: 0.000631496834103
        min: 2.48770589906e-07
        var: 1.55295447257e-06
    spectral_energyband_middle_low:
        dmean: 0.000730283849407
        dmean2: 0.00108120485675
        dvar: 3.17162152896e-06
        dvar2: 6.92064622854e-06
        max: 0.0188402626663
        mean: 0.00163504027296
        min: 2.83984604721e-07
        var: 7.23388848201e-06
    spectral_flatness_db:
        dmean: 0.0188525784761
        dmean2: 0.0281458720565
        dvar: 0.000395100563765
        dvar2: 0.000767900899518
        max: 0.328894674778
        mean: 0.176593691111
        min: 0.0844581946731
        var: 0.00169574748725
    spectral_flux:
        dmean: 0.00887489598244
        dmean2: 0.0125343501568
        dvar: 0.000155749730766
        dvar2: 0.000344512169249
        max: 0.11484695226
        mean: 0.0219563879073
        min: 0.000776184897404
        var: 0.00043375894893
    spectral_kurtosis:
        dmean: 1.22887563705
        dmean2: 1.95135819912
        dvar: 2.06378340721
        dvar2: 5.0171918869
        max: 13.0945243835
        mean: 3.37662935257
        min: 0.142278432846
        var: 5.04248332977
    spectral_rms:
        dmean: 0.000274495629128
        dmean2: 0.000360479432857
        dvar: 1.68606774764e-07
        dvar2: 3.05101963249e-07
        max: 0.00444734934717
        mean: 0.00130086636636
        min: 2.42439436988e-05
        var: 7.78674348112e-07
    spectral_rolloff:
        dmean: 604.22833252
        dmean2: 951.616882324
        dvar: 636034.25
        dvar2: 1191502.5
        max: 5512.5
        mean: 2709.39575195
        min: 172.265625
        var: 2046823.25
    spectral_skewness:
        dmean: 0.207105070353
        dmean2: 0.3100271523
        dvar: 0.047832082957
        dvar2: 0.100966766477
        max: 2.95927810669
        mean: 1.42754471302
        min: 0.510393083096
        var: 0.166099756956
    spectral_spread:
        dmean: 589529.9375
        dmean2: 844886.9375
        dvar: 556869287936
        dvar2: 1.10006291661e+12
        max: 10678480
        mean: 5278487
        min: 2836151.75
        var: 1.67287062528e+12
    spectral_strongpeak:
        dmean: 0.185519531369
        dmean2: 0.314342021942
        dvar: 0.149243205786
        dvar2: 0.406803429127
        max: 3.01616287231
        mean: 0.347397267818
        min: 0.00233631231822
        var: 0.146784484386
    zerocrossingrate:
        dmean: 0.0115963965654
        dmean2: 0.0126771442592
        dvar: 0.000121239907457
        dvar2: 0.000135535679874
        max: 0.17041015625
        mean: 0.0805358886719
        min: 0.01708984375
        var: 0.000981254619546
    barkbands:
        dmean: [4.47203412079e-08, 1.52799602802e-05, 3.44031504937e-05, 0.00014333242143, 0.000368286855519, 0.0001435168233, 0.000116964285553, 0.000151761880261, 1.40120000651e-05, 3.38239515258e-05, 9.11092411116e-06, 2.02264909603e-05, 2.16081316466e-05, 2.95256595564e-05, 2.86901358777e-05, 3.99967466365e-05, 7.85904412623e-05, 7.44779026718e-05, 9.84434809652e-05, 7.24341662135e-05, 6.28228372079e-05, 3.42148523487e-05, 6.05909508522e-06, 2.22948710871e-06, 2.12852000914e-06, 1.55707581939e-07, 7.07619796092e-10]
        dmean2: [5.43613332127e-08, 1.6252784917e-05, 5.0387588999e-05, 0.000187615398318, 0.000574855075683, 0.000247915741056, 0.000192687701201, 0.000241838002694, 2.14709270949e-05, 5.34072169103e-05, 1.38691311804e-05, 3.08756134473e-05, 3.39963917213e-05, 4.81928473164e-05, 4.52193380625e-05, 6.35299511487e-05, 0.000132413057145, 0.000122874946101, 0.000146452803165, 0.000112877569336, 9.11368988454e-05, 5.42814705113e-05, 9.13009444048e-06, 3.0572846299e-06, 3.1219574339e-06, 2.35398672999e-07, 9.96270288489e-10]
        dvar: [3.40975376189e-13, 1.26337262873e-09, 4.04858813141e-09, 1.88447103255e-07, 7.17865702882e-07, 2.98676127386e-07, 2.18654506057e-07, 2.95120855753e-07, 2.20723683775e-09, 9.75120872937e-09, 5.78707859411e-10, 7.78002817725e-09, 4.47095427347e-09, 6.43218189822e-09, 1.03242312477e-08, 1.60349902245e-08, 4.91427805116e-08, 4.0617166519e-08, 1.18273888461e-07, 4.54763835478e-08, 3.55147058428e-08, 1.17839906721e-08, 4.00275063095e-10, 4.27082952337e-11, 3.78172285154e-11, 2.5591811656e-13, 4.85958518271e-17]
        dvar2: [3.47511760037e-13, 1.11524411928e-09, 8.57620729988e-09, 2.34831588841e-07, 1.35811080781e-06, 8.10422193354e-07, 5.15660701694e-07, 7.45883880882e-07, 4.11726741589e-09, 2.16871693937e-08, 1.30720745339e-09, 1.63618238957e-08, 1.08577218327e-08, 1.6287030391e-08, 2.62545913898e-08, 4.08923597206e-08, 1.24399917922e-07, 1.05973761322e-07, 2.82416237951e-07, 1.07344327205e-07, 8.03118425097e-08, 2.87168973045e-08, 9.91576376563e-10, 8.40791811174e-11, 8.98530833071e-11, 6.32029422288e-13, 5.24583022143e-17]
        max: [1.20610684462e-05, 0.000652600661851, 0.000861895736307, 0.00820974074304, 0.00777626922354, 0.00554973538965, 0.0061509013176, 0.00826040375978, 0.000781228416599, 0.00100194965489, 0.00025970992283, 0.000907501031179, 0.000752836989705, 0.00116828631144, 0.00144875689875, 0.00195376272313, 0.00296916416846, 0.00202783965506, 0.00385000999086, 0.00255727721378, 0.00209389440715, 0.00137818220537, 0.000200840717298, 7.60561233619e-05, 6.34830867057e-05, 5.34769196747e-06, 1.43347833159e-07]
        mean: [4.35585469916e-08, 3.18107959174e-05, 6.05278728472e-05, 0.000293553806841, 0.000765038537793, 0.000193741754629, 0.000134133719257, 0.000225416821195, 1.94720360014e-05, 6.0314177972e-05, 1.50835257955e-05, 2.25009389396e-05, 3.61859165423e-05, 4.14905553043e-05, 3.82538637496e-05, 4.64324293716e-05, 9.39294041018e-05, 9.81984048849e-05, 0.000119437172543, 0.000108354448457, 7.83536961535e-05, 3.77520409529e-05, 7.0176497502e-06, 2.98235795526e-06, 2.51468054557e-06, 1.60376544045e-07, 6.64596155886e-10]
        min: [3.73532888648e-12, 8.13005496259e-11, 2.18467244295e-09, 7.01869229403e-09, 1.7203948488e-08, 1.9947220764e-08, 2.25598419945e-08, 1.88679493363e-07, 2.79045160312e-08, 4.35708713553e-08, 1.56312562893e-08, 5.01218089255e-09, 2.91426927035e-09, 1.29255095516e-08, 2.19802700485e-08, 3.15490531477e-08, 8.68042793201e-09, 1.29007053928e-08, 7.56666977964e-08, 5.03438002397e-08, 2.23684324396e-08, 7.0631838156e-09, 1.05009323459e-09, 3.17521647863e-10, 2.3534965643e-10, 1.16183798693e-12, 3.05400439638e-14]
        var: [3.40827762063e-13, 8.40687341963e-09, 1.56984185651e-08, 1.11332872166e-06, 1.83153190392e-06, 3.80996027616e-07, 2.14797665876e-07, 2.89422700916e-07, 3.17091730651e-09, 1.71677054794e-08, 9.43775613216e-10, 8.77731665128e-09, 5.78141268193e-09, 8.63793658823e-09, 1.04728830053e-08, 1.75957222126e-08, 5.50985852499e-08, 4.39312834999e-08, 1.26275494949e-07, 5.833687311e-08, 4.73194390338e-08, 1.27471402322e-08, 4.82562489967e-10, 8.1046384881e-11, 5.72979233504e-11, 2.61897925222e-13, 4.89279714605e-17]
    mfcc:
        mean: [-786.881286621, 103.261871338, -35.0928497314, 55.8142356873, -18.3184013367, -7.8944029808, -11.3030099869, -17.3487625122, -6.26190853119, -1.12517499924, -3.77813839912, -4.43648958206, -10.5384874344]
        cov: [[4551.99414062, -688.985107422, 65.1679611206, -350.127685547, 284.999908447, -122.510467529, -71.3974914551, 71.0680541992, -64.9666213989, -410.959625244, -89.2418136597, -47.8028640747, 79.8604660034], [-688.985107422, 1002.17529297, -41.7509117126, 143.597442627, -76.1277160645, 0.658776819706, 131.778594971, 30.4961452484, -48.1757087708, 38.0122642517, -35.4805717468, 9.23256015778, -65.1355895996], [65.1679611206, -41.7509117126, 293.245574951, 77.7205963135, 44.0453262329, 65.2104110718, 3.65545892715, 41.5433540344, 36.359539032, 7.98663854599, 21.3930892944, -16.4469509125, -8.15724468231], [-350.127685547, 143.597442627, 77.7205963135, 233.167282104, 49.8010292053, 35.4733009338, 29.3654251099, 23.7415027618, 30.1861476898, 79.6604156494, 60.6650009155, 8.10167598724, -24.7502250671], [284.999908447, -76.1277160645, 44.0453262329, 49.8010292053, 150.134017944, 22.8979625702, 9.13760566711, 14.9651231766, 25.327835083, 16.2344150543, 22.4830036163, 4.44394636154, -0.908023059368], [-122.510467529, 0.658776819706, 65.2104110718, 35.4733009338, 22.8979625702, 171.127502441, 72.7906341553, 45.2514915466, 33.2794799805, 51.89793396, 28.6616668701, 10.9622507095, 4.96435880661], [-71.3974914551, 131.778594971, 3.65545892715, 29.3654251099, 9.13760566711, 72.7906341553, 172.817596436, 56.4521408081, 10.5907735825, 23.6035060883, 3.53350424767, 16.538022995, 13.3741855621], [71.0680541992, 30.4961452484, 41.5433540344, 23.7415027618, 14.9651231766, 45.2514915466, 56.4521408081, 124.692382812, 38.2409362793, -8.19599533081, 14.8136816025, -11.9245567322, 17.691444397], [-64.9666213989, -48.1757087708, 36.359539032, 30.1861476898, 25.327835083, 33.2794799805, 10.5907735825, 38.2409362793, 71.6105499268, 30.5069656372, 27.0931072235, 6.68404960632, 12.8091039658], [-410.959625244, 38.0122642517, 7.98663854599, 79.6604156494, 16.2344150543, 51.89793396, 23.6035060883, -8.19599533081, 30.5069656372, 131.118713379, 52.7997970581, 18.8245334625, -15.7529373169], [-89.2418136597, -35.4805717468, 21.3930892944, 60.6650009155, 22.4830036163, 28.6616668701, 3.53350424767, 14.8136816025, 27.0931072235, 52.7997970581, 104.408882141, 15.3809700012, -4.54583978653], [-47.8028640747, 9.23256015778, -16.4469509125, 8.10167598724, 4.44394636154, 10.9622507095, 16.538022995, -11.9245567322, 6.68404960632, 18.8245334625, 15.3809700012, 70.62109375, 25.8758716583], [79.8604660034, -65.1355895996, -8.15724468231, -24.7502250671, -0.908023059368, 4.96435880661, 13.3741855621, 17.691444397, 12.8091039658, -15.7529373169, -4.54583978653, 25.8758716583, 100.644477844]]
        icov: [[0.000469184480608, 0.000146916310769, -0.000110706598207, 0.000507355143782, -0.00109889730811, 0.000119205396913, -9.78290991043e-05, -0.000254825601587, 0.000436852569692, 0.00125535845291, -0.000314234843245, -7.20668322174e-05, 2.58088803093e-05], [0.000146916310769, 0.00165122526232, 0.000213678256841, -0.00117531500291, 0.000620548031293, 0.000411971675931, -0.00109141028952, -0.000759674119763, 0.00124337850139, 0.000123031495605, 0.000977810821496, -0.00064271595329, 0.00101462646853], [-0.000110706598207, 0.000213678256841, 0.00459362845868, -0.00188296334818, -0.000114044421935, -0.00185996899381, 0.000721770629752, -0.000337904260959, -0.00126000586897, 0.00112503545824, 0.000330747192493, 0.000885275832843, 0.000313380762236], [0.000507355143782, -0.00117531500291, -0.00188296334818, 0.00849984865636, -0.00324812810868, 0.00104889983777, -1.24256821437e-05, -0.000810054305475, 2.70901182375e-05, -0.00192978919949, -0.00300792953931, 1.43370934893e-05, 0.000392373709474], [-0.00109889730811, 0.000620548031293, -0.000114044421935, -0.00324812810868, 0.0107591710985, -0.00039903234574, -0.00052348600002, 0.000575881975237, -0.00239207409322, -0.00231004832312, 0.000792672974057, -0.000440042611444, 0.00064245640533], [0.000119205396913, 0.000411971675931, -0.00185996899381, 0.00104889983777, -0.00039903234574, 0.00946490839124, -0.00328964786604, -0.00176837516483, -0.000478002330055, -0.00311279646121, -0.000329278875142, -0.00065645360155, 0.00028427792131], [-9.78290991043e-05, -0.00109141028952, 0.000721770629752, -1.24256821437e-05, -0.00052348600002, -0.00328964786604, 0.00946681760252, -0.00366168073379, 0.00153780577239, -0.00123803201132, 0.00106543221045, -0.00175617681816, -0.000919935351703], [-0.000254825601587, -0.000759674119763, -0.000337904260959, -0.000810054305475, 0.000575881975237, -0.00176837516483, -0.00366168073379, 0.0144359730184, -0.00762852560729, 0.00391115434468, -0.00224145827815, 0.00442237732932, -0.00212978990749], [0.000436852569692, 0.00124337850139, -0.00126000586897, 2.70901182375e-05, -0.00239207409322, -0.000478002330055, 0.00153780577239, -0.00762852560729, 0.0233852807432, -0.00415561860427, -0.00105475867167, -0.00183987454511, -0.00170011504088], [0.00125535845291, 0.000123031495605, 0.00112503545824, -0.00192978919949, -0.00231004832312, -0.00311279646121, -0.00123803201132, 0.00391115434468, -0.00415561860427, 0.017909232527, -0.00490829674527, -0.00103327224497, 0.00168584601488], [-0.000314234843245, 0.000977810821496, 0.000330747192493, -0.00300792953931, 0.000792672974057, -0.000329278875142, 0.00106543221045, -0.00224145827815, -0.00105475867167, -0.00490829674527, 0.0147410081699, -0.00278459629044, 0.00119281851221], [-7.20668322174e-05, -0.00064271595329, 0.000885275832843, 1.43370934893e-05, -0.000440042611444, -0.00065645360155, -0.00175617681816, 0.00442237732932, -0.00183987454511, -0.00103327224497, -0.00278459629044, 0.0188296027482, -0.0056935492903], [2.58088803093e-05, 0.00101462646853, 0.000313380762236, 0.000392373709474, 0.00064245640533, 0.00028427792131, -0.000919935351703, -0.00212978990749, -0.00170011504088, 0.00168584601488, 0.00119281851221, -0.0056935492903, 0.0131803685799]]
    spectral_contrast:
        mean: [-1.91947307826e-07, 1.00625953792e-07, -2.41277234636e-07, 2.38021911514e-07, -5.26611188434e-07, -1.94715411794e-07, -8.00178554528e-07, -1.58114426085e-06, -2.18395143747e-06, 2.74153762803e-06, -8.39542462927e-06, 2.98795885101e-06]
        var: [0.000476807734231, 0.000735517998692, 0.00161404442042, 0.00172858964652, 0.0039387755096, 0.00834455806762, 0.0532899424434, 0.0753901675344, 0.132257774472, 0.287483900785, 0.554541051388, 4.13064956665]

rhythm:
    beats_loudness:
        dmean: 0.00315340794623
        dmean2: 0.00647534849122
        dvar: 1.19609794638e-05
        dvar2: 3.61551828973e-05
        max: 0.0147330630571
        mean: 0.00416375091299
        min: 0.000438123533968
        var: 1.87393470696e-05
    beats_loudness_bass:
        dmean: 0.0888648554683
        dmean2: 0.165358439088
        dvar: 0.00676777865738
        dvar2: 0.0201637279242
        max: 0.290282964706
        mean: 0.079818636179
        min: 0.00231839087792
        var: 0.0052487757057
    bpm: 131.888473511
    bpm_confidence: 0
    first_peak_bpm: 87
    first_peak_spread: 0
    first_peak_weight: 0.470588237047
    onset_rate: 3.98763012886
    second_peak_bpm: 132
    second_peak_spread: 0
    second_peak_weight: 0.470588237047
    beats_position: [0.313906252384, 1.00203859806, 1.69017088413, 2.37830328941, 3.06643557549, 3.75456809998, 4.44270038605, 5.13083267212, 5.81896543503, 6.06086874008, 6.51580286026, 6.97073698044, 7.42567110062, 7.88060522079, 8.33553886414, 8.79047298431, 9.24540710449, 9.70034122467]
    bpm_estimates: [132.455245972, 131.709747314, 131.500457764]
    bpm_intervals: [0.688132345676, 0.688132286072, 0.688132405281, 0.688132286072, 0.68813252449, 0.688132286072, 0.688132286072, 0.688132762909, 0.241903305054, 0.454934120178, 0.454934120178, 0.454934120178, 0.454934120178, 0.454933643341, 0.454934120178, 0.454934120178, 0.454934120178]
    onset_times: [0.0696598663926, 0.290249437094, 0.754648506641, 0.986848056316, 1.2190476656, 1.45124721527, 1.67183673382, 1.90403628349, 2.12462592125, 2.34521532059, 2.55419492722, 3.04181408882, 3.29723358154, 3.5178232193, 3.72680282593, 3.95900225639, 4.42340135574, 4.6439909935, 4.81814050674, 5.10838985443, 5.34058952332, 5.78176879883, 6.00235843658, 6.19972801208, 6.40870761871, 6.68734693527, 7.20979595184, 7.38394546509, 7.70902490616, 8.0224943161, 8.12698459625, 8.33596324921, 8.57977294922, 8.74231338501, 9.0093421936, 9.21832180023, 9.47374153137, 9.67111110687, 9.82204055786, 9.92653083801]
    rubato_start: [6.51580286026]
    rubato_stop: [9.70034122467]
    perceptual_tempo: "unknown"

sfx:
    inharmonicity:
        dmean: 0.0359009727836
        dmean2: 0.064063847065
        dvar: 0.00254792976193
        dvar2: 0.00730187539011
        max: 0.362909913063
        mean: 0.0373992286623
        min: 2.04772622965e-05
        var: 0.00249553890899
    oddtoevenharmonicenergyratio:
        dmean: 6.64134836197
        dmean2: 12.7460517883
        dvar: 1561.01147461
        dvar2: 4496.84814453
        max: 522.903869629
        mean: 4.73815107346
        min: 0.000178811082151
        var: 871.153503418
    pitch_after_max_to_before_max_energy_ratio: 2.39175605774
    pitch_centroid: 251.595199585
    pitch_max_to_total: 0.599537014961
    pitch_min_to_total: 0.844907402992
    tristimulus:
        dmean: [0.194069564342, 0.214521452785, 0.094111353159]
        dmean2: [0.335558384657, 0.37289968133, 0.164769783616]
        dvar: [0.0420143380761, 0.0475335679948, 0.0104850586504]
        dvar2: [0.112052187324, 0.13309545815, 0.0270964261144]
        max: [0.978262424469, 0.998475551605, 0.604971349239]
        mean: [0.39993596077, 0.451093524694, 0.116439908743]
        min: [0.00152447808068, 0, 0]
        var: [0.0546202361584, 0.0540288127959, 0.0122258579358]

tonal:
    chords_changes_rate: 0.0599078349769
    chords_number_rate: 0.0184331797063
    chords_strength:
        dmean: 0.00811789091676
        dmean2: 0.00775405950844
        dvar: 6.20528298896e-05
        dvar2: 5.79750849283e-05
        max: 0.74443846941
        mean: 0.56801867485
        min: 0.284723043442
        var: 0.00648908084258
    key_strength: 0.630025804043
    tuning_diatonic_strength: 0.435919851065
    tuning_equal_tempered_deviation: 0.151398032904
    tuning_frequency: 445.112548828
    tuning_nontempered_energy_ratio: 0.787176370621
    hpcp:
        dmean: [0.167348593473, 0.109208479524, 0.0768325850368, 0.0882426798344, 0.132200926542, 0.125493705273, 0.112458534539, 0.106380313635, 0.105341531336, 0.117936097085, 0.141218006611, 0.204150378704, 0.163552194834, 0.118663415313, 0.0956914275885, 0.0894930511713, 0.0671743750572, 0.0722915753722, 0.0696805715561, 0.0721376389265, 0.106018364429, 0.121014423668, 0.108227334917, 0.100061930716, 0.0907035693526, 0.100298292935, 0.129694551229, 0.136898577213, 0.106108441949, 0.101024322212, 0.0821875855327, 0.0735935419798, 0.0786673426628, 0.0880333855748, 0.0921052917838, 0.148150235415]
        dmean2: [0.256056964397, 0.169972136617, 0.125774174929, 0.146879926324, 0.215965852141, 0.211613327265, 0.189993098378, 0.186047628522, 0.177611395717, 0.201259091496, 0.236812382936, 0.331749260426, 0.276467829943, 0.191690340638, 0.156789943576, 0.148675188422, 0.115263640881, 0.120717816055, 0.11918900907, 0.128276526928, 0.179414361715, 0.198491454124, 0.18093650043, 0.171802639961, 0.150620043278, 0.166661337018, 0.214120134711, 0.22994685173, 0.170539468527, 0.162370368838, 0.12943173945, 0.113951846957, 0.125272795558, 0.137633964419, 0.153624117374, 0.234508633614]
        dvar: [0.0445273555815, 0.0195751097053, 0.0158016849309, 0.0163465961814, 0.0336004197598, 0.0342940911651, 0.0306343119591, 0.026380347088, 0.0269635953009, 0.047157138586, 0.043855547905, 0.0509906671941, 0.0504284836352, 0.0304648280144, 0.0322354473174, 0.0258006192744, 0.017626915127, 0.0191072206944, 0.0149923451245, 0.0176987238228, 0.0291952509433, 0.0433242879808, 0.0280177909881, 0.0300816558301, 0.0256692506373, 0.0267838072032, 0.033702544868, 0.0433865860105, 0.0254264380783, 0.0262157358229, 0.0202924646437, 0.0171635020524, 0.0136507218704, 0.015008228831, 0.0205890629441, 0.0384436845779]
        dvar2: [0.0862771943212, 0.0458131209016, 0.0407908819616, 0.0373118817806, 0.0770634636283, 0.0772045701742, 0.0648013278842, 0.0700232461095, 0.0687123462558, 0.116562090814, 0.0953096076846, 0.116075195372, 0.102890864015, 0.0736118778586, 0.0719589740038, 0.0573386698961, 0.0403185784817, 0.0427353493869, 0.033833231777, 0.0413289628923, 0.0612540319562, 0.0989381670952, 0.0725238546729, 0.082435965538, 0.0597926042974, 0.0770690813661, 0.0828753635287, 0.0948900803924, 0.0598014369607, 0.0580855198205, 0.0420307815075, 0.0413895733654, 0.034133695066, 0.0355371125042, 0.0481700822711, 0.0768284127116]
        max: [1, 1, 0.78750282526, 1, 1, 1, 1, 0.973227202892, 1, 1, 1, 1, 1, 1, 1, 1, 0.931006014347, 0.89043790102, 0.860830843449, 0.875724256039, 1, 1, 1, 1, 1, 1, 1, 1, 1, 1, 1, 1, 0.88219165802, 0.821293652058, 0.976521790028, 1]
        mean: [0.327381700277, 0.168407276273, 0.0830293744802, 0.115433417261, 0.171762153506, 0.194727614522, 0.171548753977, 0.137824341655, 0.136273637414, 0.126716345549, 0.160875484347, 0.490957081318, 0.558616578579, 0.210992366076, 0.11260894686, 0.111842162907, 0.0745950043201, 0.0711170732975, 0.065199688077, 0.0630130842328, 0.12394104898, 0.154432743788, 0.109374001622, 0.0925507545471, 0.0919516831636, 0.110837541521, 0.208338052034, 0.219481855631, 0.144215419888, 0.15015360713, 0.143507182598, 0.093022800982, 0.10471162945, 0.11800596863, 0.109253518283, 0.267667680979]
        min: [0.0045809391886, 0.00398661382496, 0.00144063413609, 0, 0, 0, 0.000432702683611, 0.00209375936538, 0.00217417813838, 0.000686528277583, 0.000541873741895, 0, 0.000990212778561, 0.00131738046184, 0.000843410787638, 0.00109751126729, 0.000334981625201, 0, 0, 0, 0, 0, 0, 0, 0, 0, 0, 0.00108831736725, 0.000793268671259, 0.00073619739851, 0.000340978149325, 0.000434510642663, 0.00098432903178, 0.00112790882122, 0.00145459582563, 0.00310301478021]
        var: [0.103688716888, 0.0317547433078, 0.0171141028404, 0.0285504143685, 0.0544832237065, 0.0648988634348, 0.0653800517321, 0.0273909177631, 0.0298378206789, 0.0476489514112, 0.0499503128231, 0.124449126422, 0.170831918716, 0.0386073812842, 0.0411585569382, 0.0339660458267, 0.018898146227, 0.0202533286065, 0.0150870140642, 0.0159118808806, 0.04408242926, 0.0701581612229, 0.030090065673, 0.0236325506121, 0.0271932203323, 0.0269946511835, 0.070964358747, 0.0867754742503, 0.0375055149198, 0.0635498687625, 0.0728266388178, 0.0309055261314, 0.0169343687594, 0.0211871024221, 0.0226637031883, 0.0833475068212]
    chords_histogram: [75.1152038574, 12.9032258987, 0, 0, 0, 0, 0, 0, 0, 0, 0, 4.14746522903, 0, 0, 0, 0, 0, 0, 7.8341012001, 0, 0, 0, 0, 0]
    thpcp: [1, 0.377705156803, 0.201585397124, 0.200212746859, 0.133535251021, 0.127309277654, 0.116716347635, 0.112802028656, 0.22187140584, 0.276455700397, 0.195794403553, 0.165678501129, 0.164606079459, 0.198414340615, 0.372953563929, 0.392902523279, 0.258165299892, 0.268795460463, 0.256897449493, 0.166523516178, 0.187448129058, 0.211246803403, 0.195578724146, 0.479161709547, 0.586057960987, 0.301472038031, 0.148633927107, 0.206641584635, 0.307477712631, 0.348589032888, 0.307095706463, 0.246724396944, 0.243948429823, 0.226839572191, 0.287989109755, 0.878880262375]
    chords_key: "F#"
    chords_scale: "minor"
    key_key: "F#"
    key_scale: "minor"
    chords_progression: ["A", "A", "F#m", "F#m", "F#m", "F#m", "F#m", "F#m", "F#m", "F#m", "F#m", "F#m", "F#m", "F#m", "F#m", "F#m", "F#m", "F#m", "F#m", "F#m", "F#m", "F#m", "F#m", "F#m", "F#m", "F#m", "F#m", "F#m", "F#m", "F#m", "F#m", "F#m", "F#m", "F#m", "F#m", "F#m", "F#m", "F#m", "F#m", "F#m", "F#m", "F#m", "F#m", "F#m", "F#m", "F#m", "F#m", "F#m", "F#m", "F#m", "F#m", "F#m", "F#m", "F#m", "F#m", "F#m", "F#m", "F#m", "F#m", "F#m", "F#m", "F#m", "F#m", "F#m", "F#m", "F#m", "F#m", "F#m", "F#m", "F#m", "F#m", "F#m", "F#m", "F#m", "F#m", "F#m", "F#m", "F#m", "F#m", "F#m", "F#m", "F#m", "F#m", "F#m", "F#m", "F#m", "F#m", "F#m", "F#m", "F#m", "F#m", "F#m", "F#m", "F#m", "F#m", "A", "A", "F#m", "F#m", "F#m", "F#m", "F#m", "F#m", "F#m", "F#m", "F#m", "F#m", "F#m", "F#m", "F#m", "F#m", "F#m", "F#m", "F#m", "F#m", "F#m", "F#m", "F#m", "F#m", "F#m", "F#m", "F#m", "F#m", "F#m", "F#m", "F#m", "F#m", "F#m", "F#m", "F#m", "F#m", "F#m", "F#m", "F#m", "F#m", "F#m", "F#m", "F#m", "F#m", "F#m", "F#m", "F#m", "F#m", "F#m", "F#m", "F#m", "F#m", "F#m", "F#m", "F#m", "F#m", "F#m", "F#m", "F#m", "F#m", "F#m", "F#m", "F#m", "F#m", "F#m", "F#m", "F#m", "A", "A", "A", "A", "A", "A", "F#m", "F#m", "F#m", "F#m", "A", "A", "A", "A", "A", "A", "A", "A", "A", "A", "A", "A", "A", "A", "G#", "A", "A", "G#", "A", "A", "Am", "Am", "Am", "Am", "Am", "Am", "Am", "Am", "Am", "Am", "Am", "Am", "Am", "Am", "Am", "Am", "Am", "G#", "G#", "G#", "G#", "G#", "G#", "G#", "F#m"]
