
metadata:
    version:
        essentia: "1.2.2"
    audio_properties:
        analysis_sample_rate: 44100
        bitrate: 128
        channels: 2
        equal_loudness: 1
        length: 9.97877597809
        replay_gain: -9.590467453
        downmix: "mix"
    tags:
        track: 7
        year: 0
        album: "Splitted by Mp3Splt v. 2.1"
        artist: "From 001.00 To 001.10"
        comment: "http://mp3splt.sf.net"
        genre: ""
        title: "07 Service.mp3"

highlevel:
    ballroom:
        all:
            ChaChaCha: 0.201846510172
            Jive: 0.34876331687
            Quickstep: 0.0456260591745
            Rumba-American: 0.00144759332761
            Rumba-International: 0.00604790821671
            Rumba-Misc: 0.00174458487891
            Samba: 0.386065542698
            Tango: 0.00154987291899
            VienneseWaltz: 0.00560062704608
            Waltz: 0.00130798853934
        probability: 0.386065542698
        value: "Samba"
    culture:
        all:
            non_western: 0.177685499191
            western: 0.822314500809
        probability: 0.822314500809
        value: "western"
    gender:
        all:
            female: 0.0117359906435
            male: 0.988264024258
        probability: 0.988264024258
        value: "male"
    genre_dortmund:
        all:
            alternative: 0.0794109329581
            blues: 0.0267282649875
            electronic: 0.0787764489651
            folkcountry: 0.0669293254614
            funksoulrnb: 0.0503934286535
            jazz: 0.0783011242747
            pop: 0.0627239346504
            raphiphop: 0.066495038569
            rock: 0.490241497755
        probability: 0.490241497755
        value: "rock"
    genre_electronica:
        all:
            ambient: 0.0562613047659
            dnb: 0.823026001453
            house: 0.0116158360615
            techno: 0.0281324349344
            trance: 0.0809644088149
        probability: 0.823026001453
        value: "dnb"
    genre_rosamerica:
        all:
            cla: 0.0165575165302
            dan: 0.145695447922
            hip: 0.0836680456996
            jaz: 0.0129774603993
            pop: 0.280542135239
            rhy: 0.036653149873
            roc: 0.417451053858
            spe: 0.00645516486838
        probability: 0.417451053858
        value: "roc"
    genre_tzanetakis:
        all:
            blu: 0.00493092602119
            cla: 0.00502672838047
            cou: 0.102480202913
            dis: 0.259634941816
            hip: 0.0268046315759
            jaz: 0.0301765240729
            met: 0.0327129513025
            pop: 0.160503596067
            reg: 0.0354205109179
            roc: 0.342308968306
        probability: 0.342308968306
        value: "roc"
    live_studio:
        all:
            live: 0.280019283295
            studio: 0.719980716705
        probability: 0.719980716705
        value: "studio"
    mood:
        all:
            Cluster1: 0.35824611783
            Cluster2: 0.228371843696
            Cluster3: 0.0917398259044
            Cluster4: 0.0886408016086
            Cluster5: 0.23300139606
        probability: 0.35824611783
        value: "Cluster1"
    mood_acoustic:
        all:
            acoustic: 0.00672931969166
            not_acoustic: 0.99327069521
        probability: 0.99327069521
        value: "not_acoustic"
    mood_aggressive:
        all:
            aggressive: 0.623230993748
            not_aggressive: 0.376769006252
        probability: 0.623230993748
        value: "aggressive"
    mood_electronic:
        all:
            electronic: 0.418898463249
            not_electronic: 0.581101536751
        probability: 0.581101536751
        value: "not_electronic"
    mood_happy:
        all:
            happy: 0.791222929955
            not_happy: 0.208777084947
        probability: 0.791222929955
        value: "happy"
    mood_party:
        all:
            not_party: 0.404239803553
            party: 0.59576022625
        probability: 0.59576022625
        value: "party"
    mood_relaxed:
        all:
            not_relaxed: 0.259623497725
            relaxed: 0.740376472473
        probability: 0.740376472473
        value: "relaxed"
    mood_sad:
        all:
            not_sad: 0.588226377964
            sad: 0.411773622036
        probability: 0.588226377964
        value: "not_sad"
    rhythm:
        all:
            fast: 0.967000424862
            medium: 0.0269940569997
            slow: 0.00600552465767
        probability: 0.967000424862
        value: "fast"
    speech_music:
        all:
            music: 0.96329087019
            speech: 0.0367091074586
        probability: 0.96329087019
        value: "music"
    timbre:
        all:
            bright: 0.104572437704
            dark: 0.895427584648
        probability: 0.895427584648
        value: "dark"
    voice_instrumental:
        all:
            instrumental: 0.0556876026094
            voice: 0.944312393665
        probability: 0.944312393665
        value: "voice"

lowlevel:
    average_loudness: 0.950585067272
    barkbands_kurtosis:
        dmean: 0.558722853661
        dmean2: 0.910234808922
        dvar: 0.866984307766
        dvar2: 1.94971191883
        max: 7.5443239212
        mean: -0.756551682949
        min: -1.7604162693
        var: 1.19912350178
    barkbands_skewness:
        dmean: 0.368825793266
        dmean2: 0.526659369469
        dvar: 0.145444601774
        dvar2: 0.2916200459
        max: 2.54899168015
        mean: 0.115125328302
        min: -2.81693887711
        var: 0.530414581299
    barkbands_spread:
        dmean: 5.22577238083
        dmean2: 8.03324222565
        dvar: 29.6779670715
        dvar2: 68.5943222046
        max: 59.6277008057
        mean: 32.450340271
        min: 14.1798677444
        var: 73.2349014282
    dissonance:
        dmean: 0.0150260794908
        dmean2: 0.0252282116562
        dvar: 0.000157958449563
        dvar2: 0.000424030178692
        max: 0.498776823282
        mean: 0.471570551395
        min: 0.404112011194
        var: 0.000284269190161
    hfc:
        dmean: 2.60075592995
        dmean2: 3.71011853218
        dvar: 21.6132202148
        dvar2: 43.1820526123
        max: 62.8578491211
        mean: 6.70742702484
        min: 0.223423242569
        var: 50.6990776062
    pitch:
        dmean: 497.625579834
        dmean2: 952.336486816
        dvar: 1120114.75
        dvar2: 2147172
        max: 4900
        mean: 984.08795166
        min: 73.3777008057
        var: 2019580
    pitch_instantaneous_confidence:
        dmean: 0.0868692621589
        dmean2: 0.138877779245
        dvar: 0.0070665194653
        dvar2: 0.0160701237619
        max: 0.808832406998
        mean: 0.38216727972
        min: 0.119551420212
        var: 0.020639764145
    pitch_salience:
        dmean: 0.0598788075149
        dmean2: 0.099610388279
        dvar: 0.00338544859551
        dvar2: 0.0097991079092
        max: 0.835761964321
        mean: 0.638027608395
        min: 0.278985977173
        var: 0.00624560751021
    silence_rate_20dB:
        dmean: 0
        dmean2: 0
        dvar: 0
        dvar2: 0
        max: 1
        mean: 1
        min: 1
        var: 0
    silence_rate_30dB:
        dmean: 0
        dmean2: 0
        dvar: 0
        dvar2: 0
        max: 1
        mean: 1
        min: 1
        var: 0
    silence_rate_60dB:
        dmean: 0.111888110638
        dmean2: 0.221962615848
        dvar: 0.0993695631623
        dvar2: 0.182041078806
        max: 1
        mean: 0.509302318096
        min: 0
        var: 0.249913603067
    spectral_centroid:
        dmean: 289.886016846
        dmean2: 414.15411377
        dvar: 103552.15625
        dvar2: 177587.84375
        max: 4072.17602539
        mean: 1524.5045166
        min: 387.281524658
        var: 417397.84375
    spectral_complexity:
        dmean: 3.56206083298
        dmean2: 5.42018795013
        dvar: 12.7004804611
        dvar2: 26.7506828308
        max: 35
        mean: 13.6355142593
        min: 0
        var: 57.5540542603
    spectral_crest:
        dmean: 1.7283270359
        dmean2: 2.86948275566
        dvar: 2.74620318413
        dvar2: 6.62272262573
        max: 16.0399246216
        mean: 6.11223888397
        min: 2.60635566711
        var: 5.49953269958
    spectral_decrease:
        dmean: 2.30225200015e-10
        dmean2: 3.48363782265e-10
        dvar: 8.84322507762e-20
        dvar2: 1.95757125797e-19
        max: -3.87381446365e-11
        mean: -8.42831526793e-10
        min: -3.15809800533e-09
        var: 2.91740036301e-19
    spectral_energy:
        dmean: 0.00107800029218
        dmean2: 0.00160054268781
        dvar: 2.06656159207e-06
        dvar2: 4.52145650343e-06
        max: 0.0154359349981
        mean: 0.00378942466341
        min: 0.000166471800185
        var: 6.69619748805e-06
    spectral_energyband_high:
        dmean: 0.000196608452825
        dmean2: 0.00026118333335
        dvar: 2.96402134836e-07
        dvar2: 5.53278539428e-07
        max: 0.0085932649672
        mean: 0.000307417358272
        min: 4.67138477234e-07
        var: 4.97082282891e-07
    spectral_energyband_low:
        dmean: 0.000204225463676
        dmean2: 0.000318181322655
        dvar: 1.6316538165e-07
        dvar2: 4.15391525621e-07
        max: 0.00320977484807
        mean: 0.000417565839598
        min: 3.5736297832e-07
        var: 1.80424663654e-07
    spectral_energyband_middle_high:
        dmean: 0.00064133584965
        dmean2: 0.000940682832152
        dvar: 8.73861438322e-07
        dvar2: 2.05967171496e-06
        max: 0.0100107342005
        mean: 0.00190622312948
        min: 9.09243608476e-05
        var: 2.96717939818e-06
    spectral_energyband_middle_low:
        dmean: 0.000516315631103
        dmean2: 0.000816288287751
        dvar: 4.99724194469e-07
        dvar2: 1.20381230317e-06
        max: 0.00647675432265
        mean: 0.00115815247409
        min: 7.16324648238e-05
        var: 1.01739419733e-06
    spectral_flatness_db:
        dmean: 0.020573053509
        dmean2: 0.0299525298178
        dvar: 0.000328548281686
        dvar2: 0.000662000267766
        max: 0.243586853147
        mean: 0.131641641259
        min: 0.0593154355884
        var: 0.00091602304019
    spectral_flux:
        dmean: 0.00782869104296
        dmean2: 0.0117210717872
        dvar: 8.12333382783e-05
        dvar2: 0.000174402186531
        max: 0.0953456088901
        mean: 0.0353327207267
        min: 0.00673137744889
        var: 0.000325064145727
    spectral_kurtosis:
        dmean: 1.99825143814
        dmean2: 2.95635843277
        dvar: 5.42305803299
        dvar2: 12.9383115768
        max: 20.1962032318
        mean: 4.9223742485
        min: 0.351264953613
        var: 9.5685005188
    spectral_rms:
        dmean: 0.000257840001723
        dmean2: 0.000373600545572
        dvar: 8.82261090851e-08
        dvar2: 1.77039666482e-07
        max: 0.00388065050356
        mean: 0.00181547377724
        min: 0.000403003126848
        var: 4.01056126975e-07
    spectral_rolloff:
        dmean: 432.32824707
        dmean2: 676.830078125
        dvar: 243721.796875
        dvar2: 517230.875
        max: 5469.43359375
        mean: 2999.80688477
        min: 452.197265625
        var: 825632.875
    spectral_skewness:
        dmean: 0.273523718119
        dmean2: 0.387168347836
        dvar: 0.0631190910935
        dvar2: 0.14244581759
        max: 3.35885548592
        mean: 1.62777972221
        min: 0.405272006989
        var: 0.223243251443
    spectral_spread:
        dmean: 1276383.625
        dmean2: 1733202.875
        dvar: 1.7335395287e+12
        dvar2: 3.11162935706e+12
        max: 18437096
        mean: 4797855.5
        min: 1790812
        var: 3.21188161126e+12
    spectral_strongpeak:
        dmean: 0.398433178663
        dmean2: 0.707892119884
        dvar: 0.534322619438
        dvar2: 1.22344315052
        max: 5.96879577637
        mean: 0.494900614023
        min: 0.0134403035045
        var: 0.624859333038
    zerocrossingrate:
        dmean: 0.0102950725704
        dmean2: 0.0107616726309
        dvar: 0.000109412860184
        dvar2: 0.000111620349344
        max: 0.18212890625
        mean: 0.0876156836748
        min: 0.03564453125
        var: 0.000720466137864
    barkbands:
        dmean: [4.6463182457e-07, 0.000103808648419, 0.00012825554586, 9.54429488047e-05, 0.000188527759747, 0.000109462162072, 8.62410743139e-05, 0.000133792462293, 0.000129985433887, 7.82260540291e-05, 5.70046759094e-05, 7.08306179149e-05, 8.14744198578e-05, 5.21633082826e-05, 9.65291983448e-05, 4.83610092488e-05, 0.000114192800538, 0.000143901939737, 0.000222995426157, 0.00020330544794, 9.13915791898e-05, 3.91789399146e-05, 7.01053113517e-06, 2.29463398682e-06, 2.14091323869e-06, 1.16412287809e-07, 2.73283884411e-09]
        dmean2: [6.17235059508e-07, 0.000163103293744, 0.000216972839553, 0.000164525728906, 0.000327240908518, 0.000188686986803, 0.000139486146509, 0.000187384561286, 0.000193105879589, 0.000114566712, 8.46527473186e-05, 0.000108362473838, 0.000127255771076, 8.13354490674e-05, 0.000154794135597, 8.17756299512e-05, 0.000192656341824, 0.000230728765018, 0.000344526226399, 0.000316481367918, 0.000127006424009, 5.77737591811e-05, 1.01491368696e-05, 3.36583184435e-06, 3.30052989739e-06, 1.82111151048e-07, 3.04998426515e-09]
        dvar: [4.30774903595e-12, 4.39824496823e-08, 7.00128452991e-08, 1.87200992485e-08, 1.05226412472e-07, 4.94104241966e-08, 4.89509766055e-08, 1.13796062351e-07, 7.24302822164e-08, 1.6135638603e-08, 1.18196306076e-08, 1.67460658673e-08, 2.46010412042e-08, 4.92265384011e-09, 1.40514249125e-08, 4.35925251452e-09, 3.08136876015e-08, 6.67746391514e-08, 1.49630423607e-07, 3.20861062164e-07, 6.29857694889e-08, 2.94512894072e-08, 2.3060589549e-10, 2.06447046958e-11, 1.11768771321e-11, 3.27787351027e-14, 2.04185169342e-15]
        dvar2: [4.5328693056e-12, 1.05404595274e-07, 1.97103659616e-07, 5.04460757611e-08, 2.77216201994e-07, 1.26268801637e-07, 1.28457429582e-07, 1.89661633954e-07, 1.71682899008e-07, 3.60602001592e-08, 2.24904646018e-08, 3.37390879679e-08, 5.78331693646e-08, 1.11701856653e-08, 3.53113662754e-08, 1.28631993945e-08, 8.32613764601e-08, 1.71930466308e-07, 3.37902719139e-07, 7.07542938017e-07, 1.15194765726e-07, 7.02733942148e-08, 4.51523624045e-10, 3.5744695398e-11, 2.51904937881e-11, 7.56558986466e-14, 1.98178138735e-15]
        max: [4.35689798906e-05, 0.00148872588761, 0.002683209721, 0.00114258634858, 0.0030506181065, 0.00238815904595, 0.00250875437632, 0.00506755476817, 0.00430391030386, 0.00155338051263, 0.00144736329094, 0.00148282328155, 0.00211651111022, 0.000756412744522, 0.0010441262275, 0.000614072196186, 0.0021167062223, 0.00275320094079, 0.00412254128605, 0.00581121724099, 0.00364347686991, 0.00295985257253, 0.000186376142665, 7.59190807003e-05, 3.73919756385e-05, 1.48945707679e-06, 9.50205048866e-07]
        mean: [1.95431971406e-06, 0.000176735658897, 0.000238945387537, 0.0001330030791, 0.000261692330241, 0.00014705065405, 0.000119800140965, 0.000202760886168, 0.000271497934591, 0.000133867040859, 9.35713105719e-05, 0.000114263079013, 0.000154049412231, 8.99804290384e-05, 0.000156185284141, 9.56941366894e-05, 0.00020067555306, 0.000261941546341, 0.000435569323599, 0.000293732591672, 0.000142468168633, 4.85828386445e-05, 9.58708096732e-06, 3.30402485815e-06, 2.40315580413e-06, 1.10186590518e-07, 2.70958766535e-09]
        min: [4.87053409756e-12, 1.51474974786e-08, 2.53091855029e-07, 4.24585692826e-07, 5.51364155399e-06, 5.49188598598e-06, 2.28296562454e-06, 1.13605165097e-06, 4.51382265965e-06, 2.2131418973e-06, 6.39527229396e-07, 7.64359811001e-07, 3.60570811608e-06, 2.09311906474e-06, 3.86406782127e-06, 6.40956477582e-06, 6.78516516928e-06, 6.52970675219e-06, 3.98376141675e-06, 5.73793897729e-07, 1.4722147057e-07, 4.85220255086e-08, 1.00910479972e-08, 3.78056608241e-09, 1.71356062673e-09, 8.84162049131e-11, 5.13403745515e-14]
        var: [6.93533555238e-12, 4.8889774007e-08, 6.25612059935e-08, 2.08066257557e-08, 1.07327188914e-07, 5.77230530041e-08, 4.98209686839e-08, 2.46361622658e-07, 1.41483269545e-07, 2.54033771796e-08, 2.52208618434e-08, 3.12122772073e-08, 5.61127713183e-08, 9.4864613942e-09, 2.39312374362e-08, 8.09715938743e-09, 5.6233382395e-08, 1.41032217016e-07, 3.7159202293e-07, 4.1399920292e-07, 1.14603466272e-07, 2.9056595352e-08, 4.26658097741e-10, 3.94072344201e-11, 1.46684036445e-11, 3.38935456578e-14, 2.10358896033e-15]
    mfcc:
        mean: [-715.700927734, 119.833061218, -51.4015808105, 42.2139167786, -9.2822599411, -3.22635865211, 5.58896064758, 0.394657790661, 1.24468767643, 0.526011109352, 2.59733629227, -5.35751008987, -5.90479421616]
        cov: [[2531.87231445, -1208.73547363, 130.810592651, 73.5254058838, -400.797424316, -38.6462936401, -5.68780708313, -155.378341675, -80.1102523804, -40.7693252563, -58.0827941895, -42.2839698792, -10.4658660889], [-1208.73547363, 1272.96154785, -323.692687988, 44.0233917236, 315.964263916, -44.1833190918, 74.8912353516, 178.245788574, 30.1515274048, 52.9962120056, 109.163383484, 59.4536094666, 60.3802185059], [130.810592651, -323.692687988, 471.553100586, 73.0615997314, 39.5082092285, 149.381774902, 11.0106515884, 0.88979023695, 73.2127532959, 24.4746856689, -7.83488988876, 0.199832499027, 15.9899988174], [73.5254058838, 44.0233917236, 73.0615997314, 238.086837769, 45.7486877441, 54.824848175, 61.4599113464, 21.0593566895, 9.16104030609, 43.1786689758, 0.22336165607, 5.68760871887, 19.2956466675], [-400.797424316, 315.964263916, 39.5082092285, 45.7486877441, 240.124542236, 76.7592391968, 66.0601959229, 74.5743484497, 50.7185211182, 31.5330581665, 41.0554885864, 27.6119976044, 24.3673496246], [-38.6462936401, -44.1833190918, 149.381774902, 54.824848175, 76.7592391968, 210.771133423, 69.383102417, 27.1164131165, 94.0397491455, 25.7387943268, -2.2883784771, 31.9560337067, -0.717386186123], [-5.68780708313, 74.8912353516, 11.0106515884, 61.4599113464, 66.0601959229, 69.383102417, 117.659255981, 44.6803398132, 38.5620918274, 29.2480335236, 18.4271640778, 27.1766471863, 17.8449249268], [-155.378341675, 178.245788574, 0.88979023695, 21.0593566895, 74.5743484497, 27.1164131165, 44.6803398132, 88.281829834, 34.6519241333, 15.7344150543, 41.9052009583, 14.9209804535, 21.5482501984], [-80.1102523804, 30.1515274048, 73.2127532959, 9.16104030609, 50.7185211182, 94.0397491455, 38.5620918274, 34.6519241333, 102.068069458, 39.4219894409, 15.0552215576, 30.1534614563, 15.2643671036], [-40.7693252563, 52.9962120056, 24.4746856689, 43.1786689758, 31.5330581665, 25.7387943268, 29.2480335236, 15.7344150543, 39.4219894409, 67.7303695679, 23.9089031219, 21.326631546, 21.6885662079], [-58.0827941895, 109.163383484, -7.83488988876, 0.22336165607, 41.0554885864, -2.2883784771, 18.4271640778, 41.9052009583, 15.0552215576, 23.9089031219, 81.5678329468, 35.1220703125, 26.2476062775], [-42.2839698792, 59.4536094666, 0.199832499027, 5.68760871887, 27.6119976044, 31.9560337067, 27.1766471863, 14.9209804535, 30.1534614563, 21.326631546, 35.1220703125, 65.9517745972, 31.1676006317], [-10.4658660889, 60.3802185059, 15.9899988174, 19.2956466675, 24.3673496246, -0.717386186123, 17.8449249268, 21.5482501984, 15.2643671036, 21.6885662079, 26.2476062775, 31.1676006317, 60.5711669922]]
        icov: [[0.000955736788455, 0.00101268431172, 0.000450149003882, -0.000598602928221, 0.000556749582756, 0.000107970874524, -0.000670178618748, 5.66915296076e-05, 6.65030211167e-06, 0.000393431662815, -0.000818387838081, 0.00042268721154, -0.000823332578875], [0.00101268431172, 0.00341169326566, 0.00225145928562, -0.00110777223017, -0.00212606391869, 0.000630246126093, 0.000599347113166, -0.0028904103674, -7.64410469856e-06, -0.000299282371998, -0.000544302049093, -0.000383614387829, -0.00121061736718], [0.000450149003882, 0.00225145928562, 0.00481637194753, -0.00140721653588, -0.00181152892765, -0.00218044850044, 0.00207385397516, -0.000992010580376, -0.00119500560686, 2.03357867576e-05, -0.00107207067776, 0.00198922399431, -0.00281003140844], [-0.000598602928221, -0.00110777223017, -0.00140721653588, 0.00676636630669, 0.000111676788947, -0.00178702443372, -0.00203058379702, -0.000807003525551, 0.00440059043467, -0.00495552737266, 0.00226261862554, 0.000517160631716, -0.000545085058548], [0.000556749582756, -0.00212606391869, -0.00181152892765, 0.000111676788947, 0.0098309032619, -0.00218575401232, -0.00268654129468, -0.0006490877131, 0.000631015514955, 8.42988738441e-05, -0.00150052644312, 0.0011545328889, -0.000433240580605], [0.000107970874524, 0.000630246126093, -0.00218044850044, -0.00178702443372, -0.00218575401232, 0.0135414376855, -0.00406450778246, 0.000720686686691, -0.00951850228012, 0.00360443652608, 0.0022005229257, -0.00491551682353, 0.0051999129355], [-0.000670178618748, 0.000599347113166, 0.00207385397516, -0.00203058379702, -0.00268654129468, -0.00406450778246, 0.0164765212685, -0.00719739822671, 0.00134720280766, -0.00344345369376, 0.0025250185281, -0.00361285544932, -0.00021656138415], [5.66915296076e-05, -0.0028904103674, -0.000992010580376, -0.000807003525551, -0.0006490877131, 0.000720686686691, -0.00719739822671, 0.0289167370647, -0.00898525677621, 0.00762342801318, -0.0122230080888, 0.00931558478624, -0.00444915238768], [6.65030211167e-06, -7.64410469856e-06, -0.00119500560686, 0.00440059043467, 0.000631015514955, -0.00951850228012, 0.00134720280766, -0.00898525677621, 0.0272946506739, -0.0134440874681, 0.00477912276983, -0.00515610072762, -0.000126983708469], [0.000393431662815, -0.000299282371998, 2.03357867576e-05, -0.00495552737266, 8.42988738441e-05, 0.00360443652608, -0.00344345369376, 0.00762342801318, -0.0134440874681, 0.0278889201581, -0.00761705590412, 0.00196380680427, -0.00405706744641], [-0.000818387838081, -0.000544302049093, -0.00107207067776, 0.00226261862554, -0.00150052644312, 0.0022005229257, 0.0025250185281, -0.0122230080888, 0.00477912276983, -0.00761705590412, 0.0252213217318, -0.0127253122628, 0.00133929541335], [0.00042268721154, -0.000383614387829, 0.00198922399431, 0.000517160631716, 0.0011545328889, -0.00491551682353, -0.00361285544932, 0.00931558478624, -0.00515610072762, 0.00196380680427, -0.0127253122628, 0.0317650698125, -0.0132413227111], [-0.000823332578875, -0.00121061736718, -0.00281003140844, -0.000545085058548, -0.000433240580605, 0.0051999129355, -0.00021656138415, -0.00444915238768, -0.000126983708469, -0.00405706744641, 0.00133929541335, -0.0132413227111, 0.0280897859484]]
    spectral_contrast:
        mean: [9.12565596423e-08, -1.80989914611e-07, -1.28835850433e-07, -4.35162661461e-07, 3.26902920733e-07, 1.39763670859e-07, 1.5693046862e-06, -1.85484645954e-06, -7.19155082152e-07, 1.01355749393e-06, -2.36106802731e-06, -8.99292047052e-07]
        var: [0.000604221015237, 0.000918684585486, 0.00127162365243, 0.00191766070202, 0.00242496305145, 0.00464170798659, 0.0560468658805, 0.080620855093, 0.117836773396, 0.362365871668, 0.819939374924, 1.39601230621]

rhythm:
    beats_loudness:
        dmean: 0.00243953522295
        dmean2: 0.00403001485392
        dvar: 3.37671372108e-06
        dvar2: 1.17557356134e-05
        max: 0.00931229908019
        mean: 0.00434036366642
        min: 0.00127788772807
        var: 5.08180983161e-06
    beats_loudness_bass:
        dmean: 0.244093537331
        dmean2: 0.46273252368
        dvar: 0.0160875525326
        dvar2: 0.0637755095959
        max: 0.520427703857
        mean: 0.169080689549
        min: 0.00142993370537
        var: 0.0247393399477
    bpm: 120.044998169
    bpm_confidence: 0
    first_peak_bpm: 120
    first_peak_spread: 0
    first_peak_weight: 0.947368443012
    onset_rate: 4.40935897827
    second_peak_bpm: 102
    second_peak_spread: 0
    second_peak_weight: 0.0526315793395
    beats_position: [0.0369961410761, 0.536439061165, 1.03588199615, 1.53532493114, 2.03476786613, 2.53421092033, 3.03365397453, 3.53309702873, 4.03253984451, 4.53198289871, 5.03142595291, 5.53086900711, 6.12144041061, 6.62158632278, 7.12173223495, 7.62187862396, 8.12202453613, 8.6221704483, 9.12231636047, 9.62246227264]
    bpm_estimates: [119.998077393, 119.878372192, 119.936660767, 119.733627319, 122.029251099, 119.463485718, 119.933326721, 120.54548645, 120.16607666, 121.104415894, 119.627433777, 117.639358521, 119.98425293, 120.212425232, 120.168792725, 120.298904419]
    bpm_intervals: [0.49944293499, 0.49944293499, 0.49944293499, 0.49944293499, 0.499443054199, 0.499443054199, 0.499443054199, 0.499442815781, 0.499443054199, 0.499443054199, 0.499443054199, 0.590571403503, 0.50014591217, 0.50014591217, 0.500146389008, 0.50014591217, 0.50014591217, 0.50014591217, 0.50014591217]
    onset_times: [0.0580498874187, 0.174149662256, 0.31346938014, 0.557278931141, 0.835918366909, 1.03328800201, 1.34675741196, 1.5673469305, 1.82276642323, 2.06657600403, 2.47292518616, 2.5890250206, 2.92571425438, 3.27401351929, 3.58748292923, 3.79646253586, 4.22603178024, 4.34213161469, 4.59755086899, 5.00390005112, 5.36380958557, 5.59600925446, 5.86303853989, 6.13006782532, 6.3622674942, 6.51319742203, 6.61768722534, 6.88471651077, 7.01242637634, 7.11691617966, 7.38394546509, 7.61614513397, 7.8831744194, 8.15020370483, 8.32435417175, 8.45206356049, 8.6146030426, 8.82358264923, 8.99773216248, 9.12544250488, 9.4040813446, 9.63628101349, 9.82204055786, 9.90331077576]
    rubato_start: []
    rubato_stop: []
    perceptual_tempo: "unknown"

sfx:
    inharmonicity:
        dmean: 0.054255310446
        dmean2: 0.0933469161391
        dvar: 0.00318333203904
        dvar2: 0.0089395204559
        max: 0.35721462965
        mean: 0.0607069619
        min: 0
        var: 0.00373930181377
    oddtoevenharmonicenergyratio:
        dmean: 3.02847099304
        dmean2: 5.83576631546
        dvar: 810.385803223
        dvar2: 2430.05395508
        max: 417.770172119
        mean: 1.92713153362
        min: 0
        var: 406.966705322
    pitch_after_max_to_before_max_energy_ratio: 0.192635953426
    pitch_centroid: 208.953659058
    pitch_max_to_total: 0.848130822182
    pitch_min_to_total: 0.348130851984
    tristimulus:
        dmean: [0.182501286268, 0.217969074845, 0.14014929533]
        dmean2: [0.311437427998, 0.370646595955, 0.244581282139]
        dvar: [0.0274346228689, 0.037956815213, 0.0185627806932]
        dvar2: [0.0686155855656, 0.10351960361, 0.0480894520879]
        max: [1, 0.967598199844, 0.839477956295]
        mean: [0.347816109657, 0.448967456818, 0.143387138844]
        min: [0.000876788690221, 0, 0]
        var: [0.0453399308026, 0.0551133155823, 0.0230950657278]

tonal:
    chords_changes_rate: 0.0418604649603
    chords_number_rate: 0.0186046510935
    chords_strength:
        dmean: 0.0114314546809
        dmean2: 0.00934796407819
        dvar: 6.56091069686e-05
        dvar2: 7.39551833249e-05
        max: 0.619169414043
        mean: 0.463511049747
        min: 0.29630869627
        var: 0.00618207361549
    key_strength: 0.68531447649
    tuning_diatonic_strength: 0.467675119638
    tuning_equal_tempered_deviation: 0.0605058632791
    tuning_frequency: 438.984558105
    tuning_nontempered_energy_ratio: 0.660058140755
    hpcp:
        dmean: [0.191604182124, 0.153131246567, 0.117350362241, 0.113282874227, 0.124707750976, 0.139850497246, 0.15614785254, 0.125018969178, 0.130158916116, 0.145496249199, 0.14603638649, 0.126706972718, 0.101330094039, 0.0995913594961, 0.121712081134, 0.162425428629, 0.118158854544, 0.104934766889, 0.0844274833798, 0.0747546181083, 0.150023087859, 0.22546389699, 0.187705442309, 0.155594795942, 0.173279821873, 0.153175786138, 0.145162731409, 0.139246448874, 0.110609292984, 0.12606485188, 0.134813532233, 0.137051790953, 0.13221372664, 0.126524925232, 0.144601076841, 0.172209203243]
        dmean2: [0.321091979742, 0.246483594179, 0.191189870238, 0.189104765654, 0.208147391677, 0.231077879667, 0.257037699223, 0.209668278694, 0.216809093952, 0.246858075261, 0.253645092249, 0.219639107585, 0.159213542938, 0.16927780211, 0.207317054272, 0.276170879602, 0.204363077879, 0.182005569339, 0.149517312646, 0.131456568837, 0.256472080946, 0.380703240633, 0.312418937683, 0.259185731411, 0.300112068653, 0.257440388203, 0.254740297794, 0.238738358021, 0.196329683065, 0.22308896482, 0.234782218933, 0.238155707717, 0.230202317238, 0.213641569018, 0.237817466259, 0.294088333845]
        dvar: [0.0507645197213, 0.0226469058543, 0.029077494517, 0.0387989915907, 0.0327036492527, 0.0342358201742, 0.0388183556497, 0.0264924373478, 0.0249843150377, 0.036028649658, 0.0370542816818, 0.0288141388446, 0.0161950718611, 0.0207145400345, 0.0216385405511, 0.0360075719655, 0.0195235386491, 0.0357283502817, 0.018362602219, 0.0207780972123, 0.0267174486071, 0.0485628284514, 0.0331470444798, 0.0368545688689, 0.0437809489667, 0.0368499942124, 0.0418745614588, 0.0257325097919, 0.0302686430514, 0.0281848236918, 0.0318479984999, 0.0324005894363, 0.0365241803229, 0.0324988104403, 0.0400381758809, 0.0288686063141]
        dvar2: [0.124596178532, 0.0602522082627, 0.0814309492707, 0.107625104487, 0.0855920761824, 0.0880710184574, 0.0985340774059, 0.0738259032369, 0.0719802007079, 0.104028210044, 0.105075202882, 0.0790442675352, 0.0344531685114, 0.0417965203524, 0.0518577173352, 0.0931067615747, 0.0449893996119, 0.097664527595, 0.0501864291728, 0.0582756847143, 0.0732455924153, 0.135351255536, 0.0965009331703, 0.092186242342, 0.110676348209, 0.104820147157, 0.122061356902, 0.0720218643546, 0.0910837054253, 0.080802962184, 0.0800458863378, 0.0902552381158, 0.107060559094, 0.0842780247331, 0.10302234441, 0.0753013417125]
        max: [1, 1, 0.982228934765, 1, 1, 1, 1, 0.957362353802, 1, 1, 1, 1, 1, 1, 1, 1, 1, 1, 0.880531728268, 1, 1, 1, 1, 1, 1, 1, 1, 1, 1, 1, 1, 1, 1, 1, 1, 1]
        mean: [0.551993429661, 0.352054387331, 0.15875262022, 0.140701368451, 0.142828702927, 0.203911229968, 0.248547032475, 0.180986613035, 0.171599790454, 0.215522587299, 0.181538254023, 0.152520805597, 0.151731103659, 0.130752757192, 0.189928129315, 0.256515592337, 0.179241195321, 0.117376185954, 0.104220278561, 0.0880955159664, 0.239055350423, 0.407909691334, 0.304822295904, 0.251436293125, 0.328191757202, 0.249651774764, 0.216393858194, 0.224936619401, 0.150730445981, 0.189979732037, 0.281959295273, 0.232436075807, 0.167483657598, 0.173228487372, 0.185767233372, 0.386769205332]
        min: [0.0149047682062, 0.00729027669877, 0.00406718207523, 0.00303637841716, 0.00324594974518, 0.00553796906024, 0.00567901832983, 0.00558967143297, 0.00240925326943, 0.00223708245903, 0.00516311498359, 0.00552315963432, 0.00452759955078, 0.00220926012844, 0.00907139480114, 0.0122551880777, 0.00888300873339, 0.00643512513489, 0.00243901624344, 0.000964152975939, 0.00925576128066, 0.00629562465474, 0.012044721283, 0.01163415052, 0.00587260257453, 0.00159204006195, 0.00859285611659, 0.0105019398034, 0.00687257526442, 0.00323631078936, 0.00604557991028, 0.00718282116577, 0.00660882424563, 0.00562520045787, 0.00306134484708, 0.011482115835]
        var: [0.139658465981, 0.0551129952073, 0.0430293902755, 0.0467619858682, 0.0383310876787, 0.0509489476681, 0.0847377702594, 0.0351874753833, 0.0307594183832, 0.0600957646966, 0.0466307736933, 0.0285846553743, 0.0267459340394, 0.0270103923976, 0.0265779271722, 0.0469968691468, 0.0259930118918, 0.0275290645659, 0.0168203338981, 0.0167336482555, 0.0425907932222, 0.097708567977, 0.0524955131114, 0.0556682273746, 0.10002335906, 0.0616615898907, 0.0459399148822, 0.0397168770432, 0.0281768888235, 0.038429453969, 0.101009197533, 0.0697261020541, 0.0383352674544, 0.0436225682497, 0.0515522696078, 0.0665806531906]
    chords_histogram: [7.44186067581, 0, 28.8372097015, 0, 0, 0, 0, 0.465116292238, 0, 0, 0, 0, 0, 0, 0, 0, 0, 0, 0, 0, 0, 0, 45.1162796021, 18.1395339966]
    thpcp: [1, 0.637787282467, 0.287598758936, 0.254896819592, 0.258750736713, 0.369408786297, 0.450271725655, 0.327878206968, 0.310872882605, 0.390444129705, 0.328877568245, 0.276309102774, 0.27487847209, 0.236873760819, 0.344076782465, 0.464707702398, 0.324716180563, 0.212640553713, 0.188807100058, 0.159595221281, 0.433076441288, 0.738975644112, 0.552220880985, 0.45550596714, 0.594557344913, 0.452273100615, 0.392022520304, 0.407498717308, 0.273065656424, 0.34417027235, 0.510801911354, 0.421084851027, 0.30341604352, 0.313823461533, 0.336538851261, 0.700677216053]
    chords_key: "D"
    chords_scale: "minor"
    key_key: "A"
    key_scale: "minor"
    chords_progression: ["Em", "Em", "Em", "Em", "Em", "Em", "Em", "Em", "Em", "Em", "Em", "Em", "Em", "Em", "Em", "Em", "Em", "Em", "Em", "Em", "Em", "Em", "Em", "Em", "Em", "Am", "Am", "Am", "Am", "Am", "Am", "Am", "Dm", "Dm", "Dm", "Dm", "Dm", "Dm", "Dm", "Dm", "Dm", "Dm", "Dm", "Dm", "Dm", "Dm", "Dm", "Dm", "Dm", "Dm", "Dm", "F", "F", "F", "F", "F", "F", "F", "F", "F", "F", "F", "F", "F", "F", "F", "F", "F", "F", "F", "F", "F", "F", "F", "F", "F", "F", "F", "F", "F", "F", "F", "F", "F", "F", "F", "F", "F", "F", "F", "Dm", "Dm", "Dm", "Dm", "Dm", "Dm", "Dm", "Dm", "Dm", "Dm", "Dm", "Dm", "Dm", "Dm", "Dm", "Dm", "Dm", "Dm", "Dm", "Dm", "Dm", "Dm", "Dm", "Dm", "Dm", "Dm", "Dm", "Dm", "Dm", "Dm", "Dm", "Dm", "Dm", "Dm", "Dm", "Dm", "Dm", "Dm", "Dm", "Dm", "Dm", "Dm", "Dm", "Dm", "Dm", "Dm", "Dm", "Dm", "Dm", "Dm", "Dm", "Dm", "Dm", "Dm", "Dm", "Dm", "Dm", "Dm", "Dm", "Dm", "Dm", "Dm", "Dm", "Dm", "Dm", "Dm", "Dm", "Dm", "Am", "Am", "Am", "Am", "Am", "A", "Am", "Am", "Am", "Am", "Em", "Em", "Em", "Em", "Em", "Em", "Em", "Em", "Em", "Em", "Em", "Em", "Em", "Em", "Em", "Em", "Em", "Em", "Em", "Em", "Em", "Em", "Em", "Em", "Em", "Em", "Em", "Em", "Em", "Em", "Em", "Em", "Em", "Em", "Em", "Em", "Em", "Dm", "Dm", "Dm", "Dm", "Dm", "Dm", "Dm", "Dm", "Dm", "Dm"]
