
metadata:
    version:
        essentia: "1.2.2"
    audio_properties:
        analysis_sample_rate: 44100
        bitrate: 128
        channels: 2
        equal_loudness: 1
        length: 10.0048980713
        replay_gain: -14.8633670807
        downmix: "mix"
    tags:
        track: 7
        year: 0
        album: "Splitted by Mp3Splt v. 2.1"
        artist: "From 001.00 To 001.10"
        comment: "http://mp3splt.sf.net"
        genre: ""
        title: "07 The Union Forever.mp3"

highlevel:
    ballroom:
        all:
            ChaChaCha: 0.049032472074
            Jive: 0.106890685856
            Quickstep: 0.199228167534
            Rumba-American: 0.0125240171328
            Rumba-International: 0.286460697651
            Rumba-Misc: 0.0634761825204
            Samba: 0.027879524976
            Tango: 0.0145335532725
            VienneseWaltz: 0.177343189716
            Waltz: 0.0626315027475
        probability: 0.286460697651
        value: "Rumba-International"
    culture:
        all:
            non_western: 0.274149954319
            western: 0.725850045681
        probability: 0.725850045681
        value: "western"
    gender:
        all:
            female: 0.314343124628
            male: 0.685656905174
        probability: 0.685656905174
        value: "male"
    genre_dortmund:
        all:
            alternative: 0.285415291786
            blues: 0.0674892365932
            electronic: 0.0360048003495
            folkcountry: 0.0647654235363
            funksoulrnb: 0.022189008072
            jazz: 0.107674337924
            pop: 0.0693424493074
            raphiphop: 0.0019165975973
            rock: 0.345202863216
        probability: 0.345202863216
        value: "rock"
    genre_electronica:
        all:
            ambient: 0.592080056667
            dnb: 0.0968773514032
            house: 0.087338604033
            techno: 0.0218034684658
            trance: 0.201900541782
        probability: 0.592080056667
        value: "ambient"
    genre_rosamerica:
        all:
            cla: 0.0884069353342
            dan: 0.0141727151349
            hip: 0.00450421497226
            jaz: 0.0245721228421
            pop: 0.0560444444418
            rhy: 0.0614649951458
            roc: 0.74425393343
            spe: 0.00658065499738
        probability: 0.74425393343
        value: "roc"
    genre_tzanetakis:
        all:
            blu: 0.0547255314887
            cla: 0.0602270588279
            cou: 0.226161628962
            dis: 0.0416139625013
            hip: 0.00858840532601
            jaz: 0.0374706797302
            met: 0.0543625093997
            pop: 0.0550346262753
            reg: 0.0152954533696
            roc: 0.446520149708
        probability: 0.446520149708
        value: "roc"
    live_studio:
        all:
            live: 0.580255568027
            studio: 0.419744461775
        probability: 0.580255568027
        value: "live"
    mood:
        all:
            Cluster1: 0.335341989994
            Cluster2: 0.158112987876
            Cluster3: 0.112926229835
            Cluster4: 0.100654430687
            Cluster5: 0.292964369059
        probability: 0.335341989994
        value: "Cluster1"
    mood_acoustic:
        all:
            acoustic: 0.194999352098
            not_acoustic: 0.805000662804
        probability: 0.805000662804
        value: "not_acoustic"
    mood_aggressive:
        all:
            aggressive: 0.13163241744
            not_aggressive: 0.868367612362
        probability: 0.868367612362
        value: "not_aggressive"
    mood_electronic:
        all:
            electronic: 0.187169387937
            not_electronic: 0.812830626965
        probability: 0.812830626965
        value: "not_electronic"
    mood_happy:
        all:
            happy: 0.469109743834
            not_happy: 0.530890226364
        probability: 0.530890226364
        value: "not_happy"
    mood_party:
        all:
            not_party: 0.863780319691
            party: 0.136219665408
        probability: 0.863780319691
        value: "not_party"
    mood_relaxed:
        all:
            not_relaxed: 0.300180405378
            relaxed: 0.699819624424
        probability: 0.699819624424
        value: "relaxed"
    mood_sad:
        all:
            not_sad: 0.336639434099
            sad: 0.663360595703
        probability: 0.663360595703
        value: "sad"
    rhythm:
        all:
            fast: 0.22519351542
            medium: 0.531024336815
            slow: 0.243782147765
        probability: 0.531024336815
        value: "medium"
    speech_music:
        all:
            music: 0.997189998627
            speech: 0.00280997552909
        probability: 0.997189998627
        value: "music"
    timbre:
        all:
            bright: 0.0253409985453
            dark: 0.974659025669
        probability: 0.974659025669
        value: "dark"
    voice_instrumental:
        all:
            instrumental: 0.687853455544
            voice: 0.312146514654
        probability: 0.687853455544
        value: "instrumental"

lowlevel:
    average_loudness: 0.947437107563
    barkbands_kurtosis:
        dmean: 2.74223828316
        dmean2: 4.25827503204
        dvar: 30.8692798615
        dvar2: 69.8684082031
        max: 87.8839035034
        mean: 8.01997756958
        min: -1.83397769928
        var: 221.699279785
    barkbands_skewness:
        dmean: 0.388968557119
        dmean2: 0.593544363976
        dvar: 0.171997368336
        dvar2: 0.424575775862
        max: 7.89481115341
        mean: 1.83939743042
        min: -1.08857417107
        var: 3.15956473351
    barkbands_spread:
        dmean: 2.61352705956
        dmean2: 3.90434885025
        dvar: 10.3828010559
        dvar2: 23.1878433228
        max: 50.2377586365
        mean: 21.1979370117
        min: 1.17029666901
        var: 199.298416138
    dissonance:
        dmean: 0.0170664824545
        dmean2: 0.0285606682301
        dvar: 0.000307193229673
        dvar2: 0.000903417007066
        max: 0.499750584364
        mean: 0.444021999836
        min: 0.320488512516
        var: 0.00153244845569
    hfc:
        dmean: 1.52729272842
        dmean2: 2.32487440109
        dvar: 7.95724344254
        dvar2: 18.5712165833
        max: 32.8338127136
        mean: 5.90572452545
        min: 0.360091596842
        var: 33.8827590942
    pitch:
        dmean: 348.794769287
        dmean2: 681.922729492
        dvar: 848101.3125
        dvar2: 2256448.75
        max: 4410
        mean: 1008.35626221
        min: 61.9382019043
        var: 1977501.75
    pitch_instantaneous_confidence:
        dmean: 0.0588834621012
        dmean2: 0.0934020653367
        dvar: 0.00332494592294
        dvar2: 0.00816623680294
        max: 0.841880917549
        mean: 0.465245127678
        min: 0.172576129436
        var: 0.0226834286004
    pitch_salience:
        dmean: 0.0432632751763
        dmean2: 0.0696065872908
        dvar: 0.00155252974946
        dvar2: 0.00404264172539
        max: 0.802332639694
        mean: 0.655637025833
        min: 0.386933296919
        var: 0.007494173944
    silence_rate_20dB:
        dmean: 0
        dmean2: 0
        dvar: 0
        dvar2: 0
        max: 1
        mean: 1
        min: 1
        var: 0
    silence_rate_30dB:
        dmean: 0
        dmean2: 0
        dvar: 0
        dvar2: 0
        max: 1
        mean: 1
        min: 1
        var: 0
    silence_rate_60dB:
        dmean: 0.0651162788272
        dmean2: 0.13053612411
        dvar: 0.0608761236072
        dvar2: 0.141468733549
        max: 1
        mean: 0.146171689034
        min: 0
        var: 0.124805524945
    spectral_centroid:
        dmean: 128.452392578
        dmean2: 195.202728271
        dvar: 30298.5742188
        dvar2: 73841.78125
        max: 2530.38818359
        mean: 932.472473145
        min: 249.028488159
        var: 349261.625
    spectral_complexity:
        dmean: 2.37850475311
        dmean2: 3.79391098022
        dvar: 12.5623550415
        dvar2: 26.8193359375
        max: 44
        mean: 13.5244750977
        min: 3
        var: 95.2470626831
    spectral_crest:
        dmean: 1.5015181303
        dmean2: 2.25416517258
        dvar: 2.08001804352
        dvar2: 5.06332826614
        max: 23.8300743103
        mean: 10.3274145126
        min: 3.20529913902
        var: 21.018579483
    spectral_decrease:
        dmean: 2.41451469929e-10
        dmean2: 3.87733595231e-10
        dvar: 1.22978686502e-19
        dvar2: 3.03288149737e-19
        max: -2.86617785061e-10
        mean: -1.27861010668e-09
        min: -3.75615893944e-09
        var: 2.61332359996e-19
    spectral_energy:
        dmean: 0.00102371664252
        dmean2: 0.00163084815722
        dvar: 2.31368835557e-06
        dvar2: 5.62821242056e-06
        max: 0.0163085721433
        mean: 0.00536143360659
        min: 0.00111441803165
        var: 5.61770866625e-06
    spectral_energyband_high:
        dmean: 7.72575076553e-05
        dmean2: 0.000115228416689
        dvar: 2.43047519888e-08
        dvar2: 5.48908438702e-08
        max: 0.00189417402726
        mean: 0.000188426376553
        min: 1.21749246773e-06
        var: 9.35029902394e-08
    spectral_energyband_low:
        dmean: 4.77883622807e-05
        dmean2: 6.87237916281e-05
        dvar: 4.78356421141e-09
        dvar2: 1.15032054993e-08
        max: 0.000886370253284
        mean: 0.000174250439159
        min: 3.89620663555e-06
        var: 1.4787135072e-08
    spectral_energyband_middle_high:
        dmean: 0.000421492703026
        dmean2: 0.000650400761515
        dvar: 5.90148317769e-07
        dvar2: 1.36229152758e-06
        max: 0.00916778109968
        mean: 0.00152093463112
        min: 3.91429312003e-05
        var: 2.98821419165e-06
    spectral_energyband_middle_low:
        dmean: 0.00075515935896
        dmean2: 0.00121160515118
        dvar: 9.6914493497e-07
        dvar2: 2.55373288383e-06
        max: 0.0102111808956
        mean: 0.00347781879827
        min: 0.000934720388614
        var: 1.81995062576e-06
    spectral_flatness_db:
        dmean: 0.0141658997163
        dmean2: 0.0211455281824
        dvar: 0.000200156180654
        dvar2: 0.000339335412718
        max: 0.346272975206
        mean: 0.212605148554
        min: 0.109482854605
        var: 0.00273518520407
    spectral_flux:
        dmean: 0.00666512362659
        dmean2: 0.00982686132193
        dvar: 8.50484575494e-05
        dvar2: 0.000184162301593
        max: 0.0987458452582
        mean: 0.0288039650768
        min: 0.00746765732765
        var: 0.000318048289046
    spectral_kurtosis:
        dmean: 3.23283886909
        dmean2: 5.58481216431
        dvar: 15.5491924286
        dvar2: 43.1413574219
        max: 33.9278755188
        mean: 8.75344467163
        min: 0.861963033676
        var: 54.9441070557
    spectral_rms:
        dmean: 0.000204756404855
        dmean2: 0.000322484615026
        dvar: 7.13721348689e-08
        dvar2: 1.67169659449e-07
        max: 0.00398883456364
        mean: 0.00223610573448
        min: 0.00104270665906
        var: 2.30495118103e-07
    spectral_rolloff:
        dmean: 191.434158325
        dmean2: 303.380859375
        dvar: 132982.78125
        dvar2: 272852.34375
        max: 4521.97265625
        mean: 1841.26123047
        min: 236.865234375
        var: 1929528.75
    spectral_skewness:
        dmean: 0.311019837856
        dmean2: 0.529680550098
        dvar: 0.11254042387
        dvar2: 0.301957905293
        max: 4.51170539856
        mean: 1.96061265469
        min: 0.656348109245
        var: 0.852542221546
    spectral_spread:
        dmean: 358840.625
        dmean2: 531403.5625
        dvar: 448665649152
        dvar2: 959954419712
        max: 10236751
        mean: 3402928.25
        min: 1748701.25
        var: 1.62361075302e+12
    spectral_strongpeak:
        dmean: 0.173783019185
        dmean2: 0.310360968113
        dvar: 0.186282843351
        dvar2: 0.493351846933
        max: 4.05041265488
        mean: 0.444969773293
        min: 0.0326730497181
        var: 0.175859048963
    zerocrossingrate:
        dmean: 0.00537907984108
        dmean2: 0.00593484705314
        dvar: 2.89449490083e-05
        dvar2: 3.17067679134e-05
        max: 0.125
        mean: 0.0571676045656
        min: 0.01025390625
        var: 0.00107119733002
    barkbands:
        dmean: [1.37462819794e-07, 1.79727157956e-05, 3.56578202627e-05, 0.000195590531803, 0.000443582976004, 0.00029213813832, 0.000130756321596, 5.3739258874e-05, 8.94869372132e-05, 3.36291595886e-05, 4.46899794042e-05, 2.25145558943e-05, 2.30662590184e-05, 3.56257878593e-05, 3.67694847228e-05, 6.7487686465e-05, 7.78128160164e-05, 0.000124525933643, 0.000169276769157, 8.13788792584e-05, 3.87571490137e-05, 9.06429067982e-06, 1.35161349135e-06, 7.30320380171e-07, 4.70620534543e-07, 2.04162908801e-08, 3.01741936992e-10]
        dmean2: [2.5751432986e-07, 2.74566900771e-05, 5.35750223207e-05, 0.000328400696162, 0.000689180218615, 0.000455509871244, 0.000212868762901, 8.9346736786e-05, 0.000130543165142, 5.01100876136e-05, 6.75274859532e-05, 3.61635320587e-05, 3.7716326915e-05, 5.89513911109e-05, 6.0435377236e-05, 0.000109450767923, 0.000126659375383, 0.000205085321795, 0.000284712587018, 0.000130279644509, 5.85965972277e-05, 1.27576249724e-05, 1.87735918189e-06, 1.00387717339e-06, 6.70849090056e-07, 2.92887012421e-08, 5.46436229598e-10]
        dvar: [5.28252138213e-13, 1.26154575675e-09, 3.00814528842e-09, 1.33722593887e-07, 3.05861874494e-07, 1.50338507865e-07, 5.90863358241e-08, 6.3740528411e-09, 1.71102811919e-08, 3.44803163799e-09, 4.08326261692e-09, 2.52732079709e-09, 1.6797955249e-09, 2.47048292934e-09, 6.43747677387e-09, 1.87559106024e-08, 2.4434116952e-08, 4.6631690509e-08, 1.18165445429e-07, 2.95903017644e-08, 7.80536968392e-09, 3.91701698854e-10, 7.30641935842e-12, 2.47084123994e-12, 1.91521256319e-12, 3.40222027627e-15, 1.70857205751e-19]
        dvar2: [1.59567389683e-12, 3.11848480372e-09, 7.94670818038e-09, 3.81099283686e-07, 7.54162215344e-07, 3.83517800628e-07, 1.32601172709e-07, 1.69819056595e-08, 4.00974755621e-08, 7.63351248878e-09, 8.81711326173e-09, 6.86543666362e-09, 4.54603643618e-09, 6.39259045698e-09, 1.65339368863e-08, 4.77662815968e-08, 6.39365609345e-08, 1.13899055521e-07, 3.26795941419e-07, 7.04430576093e-08, 1.83025203881e-08, 8.03509203617e-10, 1.44243887668e-11, 5.32052396932e-12, 4.33884655635e-12, 7.80086173609e-15, 5.29120812974e-19]
        max: [7.6356345744e-06, 0.000566768983845, 0.000516579777468, 0.00348144653253, 0.0055997944437, 0.00476706121117, 0.00233155372553, 0.000697017763741, 0.00177472631913, 0.00086838012794, 0.000873373704962, 0.000628422596492, 0.000368610577425, 0.000504743133206, 0.00110801856499, 0.00153727293946, 0.00163413700648, 0.00225810008124, 0.00353734730743, 0.00155618414283, 0.00111442280468, 0.000193914500414, 2.59971111518e-05, 1.26000331875e-05, 1.28096116896e-05, 6.28208852049e-07, 2.57414800586e-09]
        mean: [1.40734869092e-07, 5.43173955521e-05, 0.000119800788525, 0.000324929715134, 0.00152443139814, 0.000988757354207, 0.000311438605422, 0.000113207279355, 0.000207518431125, 6.52084636386e-05, 0.000108861197077, 3.93286536564e-05, 4.26995393354e-05, 6.76709314575e-05, 7.13300105417e-05, 0.00014235713752, 0.000155739486217, 0.000316377758281, 0.000413171364926, 0.00019375832926, 7.79548863648e-05, 1.78910013346e-05, 2.61585000771e-06, 1.24822975067e-06, 6.57376745039e-07, 2.83630487985e-08, 2.66420413508e-10]
        min: [2.46360876144e-10, 2.81558868664e-07, 1.64375603617e-06, 4.9664981816e-06, 8.01514979685e-05, 3.30422662955e-05, 4.53367601949e-06, 1.58812133577e-06, 2.55330996879e-06, 4.06938085007e-07, 7.76440174377e-07, 5.94285779698e-07, 3.11635460548e-07, 1.01419789189e-06, 5.07946083417e-07, 1.02740330021e-06, 3.1344341096e-06, 1.62336016274e-06, 1.33297089633e-06, 5.25327493506e-07, 6.1518073835e-07, 1.02752046871e-07, 2.07351824599e-08, 9.23832743638e-09, 4.02286026713e-09, 3.20875742643e-10, 7.3641413063e-13]
        var: [3.77310080965e-13, 3.26573124099e-09, 1.16057439215e-08, 1.39819746892e-07, 1.09768734546e-06, 6.37514744994e-07, 1.42376379131e-07, 1.67006604102e-08, 5.34925064244e-08, 9.44622691179e-09, 2.59343533315e-08, 3.3028151325e-09, 3.0523341632e-09, 4.97303576097e-09, 1.34749749137e-08, 5.11943554216e-08, 5.3123667243e-08, 1.78233634074e-07, 2.90328273422e-07, 8.51766159826e-08, 2.26156462446e-08, 1.06467845651e-09, 2.03355093181e-11, 5.85295917635e-12, 2.68703245418e-12, 5.11039922199e-15, 1.55157731315e-19]
    mfcc:
        mean: [-747.509765625, 160.006958008, -45.0807342529, 65.4607849121, -16.27784729, -12.6463251114, -11.6761436462, -10.1185932159, -13.8993310928, -11.6751470566, -7.60995340347, -11.0662717819, -9.92118167877]
        cov: [[4092.67993164, -2283.49414062, -885.902099609, -34.8875961304, -427.236755371, -351.175109863, 169.093460083, -26.3505039215, 110.676811218, 23.2570838928, -152.843154907, -134.560089111, 23.780122757], [-2283.49414062, 1705.14941406, 51.6819496155, 87.5606231689, 185.700820923, 154.445236206, -53.7931632996, 30.8862876892, -55.6121864319, 34.0400886536, 137.622085571, 65.8361358643, 2.55557274818], [-885.902099609, 51.6819496155, 883.02557373, -118.257858276, 162.670410156, 120.084594727, -77.0912780762, -28.9944648743, -7.15080022812, -54.75157547, -12.4854831696, 51.4709854126, -26.881187439], [-34.8875961304, 87.5606231689, -118.257858276, 121.290168762, -19.4506416321, -17.2678623199, 8.85527038574, 15.5490255356, -11.2468147278, 10.8396244049, 5.73926973343, -7.72965526581, 0.856608390808], [-427.236755371, 185.700820923, 162.670410156, -19.4506416321, 132.504837036, 81.1327972412, -21.7481517792, -0.37902918458, -5.84923648834, 8.89421653748, 25.6353111267, 21.8056507111, -5.00855302811], [-351.175109863, 154.445236206, 120.084594727, -17.2678623199, 81.1327972412, 116.602912903, -4.53658294678, -1.81340110302, -2.62205696106, 4.05012655258, 11.6268606186, 4.68667984009, -20.2349529266], [169.093460083, -53.7931632996, -77.0912780762, 8.85527038574, -21.7481517792, -4.53658294678, 152.661773682, 51.4452934265, -17.6615428925, 13.8038425446, 6.63261604309, -20.5367050171, 7.52858304977], [-26.3505039215, 30.8862876892, -28.9944648743, 15.5490255356, -0.37902918458, -1.81340110302, 51.4452934265, 72.1885299683, 4.1893863678, 5.57938718796, -0.632881164551, 0.344802618027, 7.39386177063], [110.676811218, -55.6121864319, -7.15080022812, -11.2468147278, -5.84923648834, -2.62205696106, -17.6615428925, 4.1893863678, 63.1254463196, 6.30359745026, -8.57589244843, -0.303686618805, -9.10614395142], [23.2570838928, 34.0400886536, -54.75157547, 10.8396244049, 8.89421653748, 4.05012655258, 13.8038425446, 5.57938718796, 6.30359745026, 55.7214164734, 32.9034004211, -2.80539655685, -11.590297699], [-152.843154907, 137.622085571, -12.4854831696, 5.73926973343, 25.6353111267, 11.6268606186, 6.63261604309, -0.632881164551, -8.57589244843, 32.9034004211, 63.2291526794, 21.5328865051, -1.43965816498], [-134.560089111, 65.8361358643, 51.4709854126, -7.72965526581, 21.8056507111, 4.68667984009, -20.5367050171, 0.344802618027, -0.303686618805, -2.80539655685, 21.5328865051, 48.6141586304, 22.5849609375], [23.780122757, 2.55557274818, -26.881187439, 0.856608390808, -5.00855302811, -20.2349529266, 7.52858304977, 7.39386177063, -9.10614395142, -11.590297699, -1.43965816498, 22.5849609375, 55.7925643921]]
        icov: [[0.00503530027345, 0.00608860887587, 0.00404956424609, 0.0012139758328, 0.00128788291477, 0.00208183377981, -0.00221327715553, 0.00259990082122, -0.00351197761483, -0.00122738676146, -0.00110528804362, 0.000623109866865, -0.000776760862209], [0.00608860887587, 0.00833614449948, 0.00503678480163, 0.000813800899778, 0.000967974425294, 0.00156078557484, -0.00192362512462, 0.00226054759696, -0.00374733912759, -0.000520003144629, -0.00357298110612, 0.00102198636159, -0.00117527251132], [0.00404956424609, 0.00503678480163, 0.00532468594611, 0.00218178401701, -0.00108729337808, 0.0013450345723, -0.00163116306067, 0.00211066030897, -0.00216005835682, 0.000699325697497, 0.000112635199912, -0.00196795212105, 0.00149810593575], [0.0012139758328, 0.000813800899778, 0.00218178401701, 0.0109493704513, 0.000810392317362, 0.00151120556984, 0.000483813404571, -0.00173421273939, 0.00156943197362, -0.00163358927239, 0.000812868180219, 0.000570872391108, 0.00082043861039], [0.00128788291477, 0.000967974425294, -0.00108729337808, 0.000810392317362, 0.0184448249638, -0.0091156559065, 0.00174922356382, -0.00129779649433, -0.000109628686914, -0.00366555061191, -0.00343914236873, -9.46709988057e-05, -0.00367368431762], [0.00208183377981, 0.00156078557484, 0.0013450345723, 0.00151120556984, -0.0091156559065, 0.0185630246997, -0.00351979699917, 0.0028218512889, -0.00189803470857, -0.000327810557792, 0.00267461687326, -0.000559365493245, 0.0055987322703], [-0.00221327715553, -0.00192362512462, -0.00163116306067, 0.000483813404571, 0.00174922356382, -0.00351979699917, 0.0129795419052, -0.0101140877232, 0.00524892145768, 0.000163811142556, -0.00497418781742, 0.00724708708003, -0.00346375140361], [0.00259990082122, 0.00226054759696, 0.00211066030897, -0.00173421273939, -0.00129779649433, 0.0028218512889, -0.0101140877232, 0.0229991246015, -0.0060371463187, -0.00276975496672, 0.00555585650727, -0.00500331027433, -0.00033637645538], [-0.00351197761483, -0.00374733912759, -0.00216005835682, 0.00156943197362, -0.000109628686914, -0.00189803470857, 0.00524892145768, -0.0060371463187, 0.0224232338369, -0.00448948796839, 0.00591389741749, -0.00454737944528, 0.00471781101078], [-0.00122738676146, -0.000520003144629, 0.000699325697497, -0.00163358927239, -0.00366555061191, -0.000327810557792, 0.000163811142556, -0.00276975496672, -0.00448948796839, 0.0349413640797, -0.021445915103, 0.00789429340512, 0.00358291016892], [-0.00110528804362, -0.00357298110612, 0.000112635199912, 0.000812868180219, -0.00343914236873, 0.00267461687326, -0.00497418781742, 0.00555585650727, 0.00591389741749, -0.021445915103, 0.0422334298491, -0.0227235257626, 0.00807116925716], [0.000623109866865, 0.00102198636159, -0.00196795212105, 0.000570872391108, -9.46709988057e-05, -0.000559365493245, 0.00724708708003, -0.00500331027433, -0.00454737944528, 0.00789429340512, -0.0227235257626, 0.0461367815733, -0.0201604291797], [-0.000776760862209, -0.00117527251132, 0.00149810593575, 0.00082043861039, -0.00367368431762, 0.0055987322703, -0.00346375140361, -0.00033637645538, 0.00471781101078, 0.00358291016892, 0.00807116925716, -0.0201604291797, 0.0311139635742]]
    spectral_contrast:
        mean: [1.59258330967e-08, 7.45882999809e-08, 1.84345424259e-07, 2.10075114637e-07, 3.56551083769e-07, -1.19973449841e-07, 3.305209475e-06, -1.99564419745e-06, -2.6077379971e-06, 2.10787177934e-07, 1.87358659787e-06, -5.44750309928e-06]
        var: [0.000336522585712, 0.00052210415015, 0.000794129970018, 0.00138474127743, 0.00233372184448, 0.00381340808235, 0.057357173413, 0.0740251839161, 0.125153720379, 0.179910197854, 0.59075242281, 2.76609516144]

rhythm:
    beats_loudness:
        dmean: 0.002759992145
        dmean2: 0.00510228611529
        dvar: 3.37518508786e-06
        dvar2: 1.13646201498e-05
        max: 0.0104593764991
        mean: 0.00621884781867
        min: 0.00300345267169
        var: 5.64833817407e-06
    beats_loudness_bass:
        dmean: 0.0673205032945
        dmean2: 0.129697903991
        dvar: 0.00443018786609
        dvar2: 0.0138834640384
        max: 0.244270682335
        mean: 0.0751632899046
        min: 0.0141723211855
        var: 0.00375055591576
    bpm: 100.020751953
    bpm_confidence: 0
    first_peak_bpm: 136
    first_peak_spread: 0
    first_peak_weight: 0.684210538864
    onset_rate: 3.89809083939
    second_peak_bpm: 100
    second_peak_spread: 0
    second_peak_weight: 0.263157904148
    beats_position: [0.074217684567, 0.51683652401, 0.959455311298, 1.40207409859, 1.84469294548, 2.28731179237, 2.72993063927, 3.17254948616, 3.61516833305, 4.05778694153, 4.50040578842, 4.94302415848, 5.38564300537, 5.82826185226, 6.51431131363, 7.11419010162, 7.71406936646, 8.31394863129, 8.91382789612, 9.51370620728]
    bpm_estimates: [99.8304595947, 100.364952087, 99.7067337036, 99.9595108032, 100.242118835]
    bpm_intervals: [0.442618846893, 0.442618787289, 0.442618787289, 0.442618846893, 0.442618846893, 0.442618846893, 0.442618846893, 0.442618846893, 0.442618608475, 0.442618846893, 0.442618370056, 0.442618846893, 0.442618846893, 0.686049461365, 0.599878787994, 0.599879264832, 0.599879264832, 0.599879264832, 0.599878311157]
    onset_times: [0.0464399084449, 0.267029464245, 0.522448956966, 0.986848056316, 1.11455786228, 1.369977355, 1.53251695633, 1.78793644905, 2.2523355484, 2.36843538284, 2.79800462723, 3.1811337471, 3.49460315704, 3.78485250473, 4.06349229813, 4.67882108688, 4.88780021667, 5.02712011337, 5.06195020676, 5.49151945114, 5.5727891922, 5.93269824982, 6.06040811539, 6.09523820877, 6.17650794983, 6.46675729752, 6.76861667633, 7.0936961174, 7.31428575516, 7.40716552734, 7.50004529953, 7.59292507172, 7.99927425385, 8.87002277374, 9.17188167572, 9.33442211151, 9.49696159363, 9.53179168701, 9.98458003998]
    rubato_start: [7.11419010162]
    rubato_stop: [9.51370620728]
    perceptual_tempo: "unknown"

sfx:
    inharmonicity:
        dmean: 0.0335356891155
        dmean2: 0.0594168007374
        dvar: 0.00207396224141
        dvar2: 0.00546224275604
        max: 0.350731611252
        mean: 0.0396574139595
        min: 0
        var: 0.00238496740349
    oddtoevenharmonicenergyratio:
        dmean: 3.61885166168
        dmean2: 6.88870239258
        dvar: 169.953582764
        dvar2: 495.489654541
        max: 178.09197998
        mean: 2.80588054657
        min: 0
        var: 94.9009933472
    pitch_after_max_to_before_max_energy_ratio: 0.332559674978
    pitch_centroid: 96.878074646
    pitch_max_to_total: 0.242424249649
    pitch_min_to_total: 0.00466200476512
    tristimulus:
        dmean: [0.1971642524, 0.250039160252, 0.0744984820485]
        dmean2: [0.35490450263, 0.457226634026, 0.129928439856]
        dvar: [0.0429160185158, 0.0631976425648, 0.0100195007399]
        dvar2: [0.108430497348, 0.164849072695, 0.0272479020059]
        max: [1, 0.990687429905, 0.62383556366]
        mean: [0.369516789913, 0.498945534229, 0.0843222662807]
        min: [0.00931266602129, 0, 0]
        var: [0.0573111474514, 0.0741482526064, 0.0108320005238]

tonal:
    chords_changes_rate: 0.037037037313
    chords_number_rate: 0.0277777779847
    chords_strength:
        dmean: 0.0124790593982
        dmean2: 0.00661684852093
        dvar: 9.06780114747e-05
        dvar2: 5.88583025092e-05
        max: 0.635949015617
        mean: 0.489928096533
        min: 0.264812618494
        var: 0.00914442073554
    key_strength: 0.515393912792
    tuning_diatonic_strength: 0.24773709476
    tuning_equal_tempered_deviation: 0.104080989957
    tuning_frequency: 442.548919678
    tuning_nontempered_energy_ratio: 0.65795224905
    hpcp:
        dmean: [0.0462157242, 0.0621171183884, 0.096069432795, 0.0736087933183, 0.0889876782894, 0.0898175984621, 0.0847389921546, 0.0647369325161, 0.0378150865436, 0.0362709760666, 0.0291942898184, 0.0280734393746, 0.0303315315396, 0.0312811844051, 0.0563089847565, 0.0583784021437, 0.0274096205831, 0.0333422385156, 0.0406890437007, 0.0563125088811, 0.108232572675, 0.0800555720925, 0.0979022234678, 0.0871691182256, 0.0944857224822, 0.0688283070922, 0.0527142956853, 0.065901607275, 0.0736156702042, 0.10311062634, 0.082276403904, 0.0679861232638, 0.0574120804667, 0.0380464680493, 0.0275496132672, 0.0380632393062]
        dmean2: [0.0761583894491, 0.106286361814, 0.148139461875, 0.118190072477, 0.146953120828, 0.151778444648, 0.130328431726, 0.108104988933, 0.0644916519523, 0.0597980432212, 0.0486531443894, 0.047954428941, 0.0504183061421, 0.0537555143237, 0.0901691764593, 0.088934071362, 0.0405293218791, 0.0516119897366, 0.0666718930006, 0.101452447474, 0.174111679196, 0.131647393107, 0.167245447636, 0.150509983301, 0.163412883878, 0.119107596576, 0.0835021883249, 0.110764048994, 0.130929619074, 0.179553791881, 0.134872838855, 0.110412627459, 0.0959585160017, 0.0599253103137, 0.0421447269619, 0.061600714922]
        dvar: [0.00901965424418, 0.0178468897939, 0.0194235593081, 0.0276962723583, 0.0159513633698, 0.0163179468364, 0.0212002862245, 0.0101223457605, 0.00732098193839, 0.0047703483142, 0.00328503106721, 0.00378344836645, 0.00540009280667, 0.00261653913185, 0.0115540400147, 0.0142363272607, 0.00198020250537, 0.00547532085329, 0.0116571933031, 0.012797919102, 0.022978156805, 0.0207997448742, 0.0133552150801, 0.0297485403717, 0.0320038385689, 0.01746795699, 0.0119435163215, 0.0188744701445, 0.0268645379692, 0.0380644164979, 0.0250438954681, 0.01108504273, 0.00704823667184, 0.00232389126904, 0.00185356498696, 0.0047692139633]
        dvar2: [0.0249977596104, 0.0516066513956, 0.0522004328668, 0.0589444041252, 0.0399631299078, 0.0412284992635, 0.0419458672404, 0.0246141478419, 0.0194936916232, 0.0112623190507, 0.00856157019734, 0.010723461397, 0.0156822279096, 0.00753552885726, 0.0264715664089, 0.0306379105896, 0.00473961280659, 0.0099530518055, 0.0238756760955, 0.0355789586902, 0.0600729733706, 0.0409334972501, 0.0349683575332, 0.0793520733714, 0.0850707143545, 0.0502705052495, 0.0287506468594, 0.0502079054713, 0.0783910304308, 0.116800718009, 0.0648134276271, 0.0277103893459, 0.0191647317261, 0.00507876975462, 0.00435815611854, 0.0131556307897]
        max: [0.781776130199, 0.969634652138, 1, 1, 0.867337524891, 1, 1, 1, 0.849740624428, 0.725233674049, 0.600322961807, 0.529232144356, 0.709443688393, 0.431009232998, 1, 1, 0.579826295376, 0.775506794453, 1, 0.91173940897, 1, 1, 0.754873514175, 1, 1, 1, 1, 1, 1, 1, 1, 1, 0.710856318474, 0.488505333662, 0.468332588673, 0.475413233042]
        mean: [0.0742025449872, 0.0870524421334, 0.262177824974, 0.363450884819, 0.188728734851, 0.249642014503, 0.391514897346, 0.204622447491, 0.0612999387085, 0.06233016029, 0.0505838617682, 0.0467241518199, 0.0495376810431, 0.0586140677333, 0.121266335249, 0.130319446325, 0.0616264790297, 0.0662312880158, 0.0759967789054, 0.0707474201918, 0.28928399086, 0.406631976366, 0.203458368778, 0.166280969977, 0.190771833062, 0.0954315066338, 0.0936517193913, 0.128172188997, 0.105748407543, 0.136461690068, 0.1753115803, 0.137208163738, 0.111899197102, 0.0870896875858, 0.0536164008081, 0.0636658146977]
        min: [0.000200386988581, 0.00073981564492, 0.000587368907873, 0.000395025417674, 0.00279692723416, 0.000160085342941, 0.000149813757162, 0.000218802029849, 0.000344049622072, 0.000405577709898, 0.000230324862059, 0.000146518272231, 0.000106563893496, 0.000179122347618, 0.00242592021823, 0.0035284482874, 0.0013655340299, 0.000394337985199, 0.000350917194737, 0.000123803649331, 0.000115930881293, 0.000120093929581, 0.000484967924422, 0.000676868017763, 0.000722272205167, 0.000603399705142, 0.000242792564677, 0.000260025466559, 0.000203786577913, 0.000318995211273, 0.000423006335041, 0.000384511746233, 0.000323853280861, 0.000480403512483, 0.000433194974903, 0.000335952820024]
        var: [0.0133119840175, 0.0149416085333, 0.0774989202619, 0.184476688504, 0.0424307361245, 0.056150931865, 0.157671153545, 0.0416498929262, 0.0108912028372, 0.0115318400785, 0.00671912217513, 0.00580167444423, 0.00741952611133, 0.0046319598332, 0.0354859568179, 0.0514263063669, 0.00782919768244, 0.0172222349793, 0.0330537036061, 0.0117726884782, 0.0909120738506, 0.176693379879, 0.0313979275525, 0.0548285655677, 0.0775276273489, 0.0231721829623, 0.0314238145947, 0.0437529869378, 0.0303435698152, 0.0547465495765, 0.0807810723782, 0.0375262312591, 0.0144738387316, 0.00863171927631, 0.00464599207044, 0.00895266700536]
    chords_histogram: [14.3518514633, 10.6481485367, 0, 0, 0, 1.38888883591, 0, 37.0370368958, 0, 0, 0, 0, 0, 0, 0, 0, 0, 0, 6.48148155212, 30.0925922394, 0, 0, 0, 0]
    thpcp: [1, 0.500350117683, 0.40892252326, 0.469151079655, 0.234687656164, 0.230310752988, 0.315204411745, 0.26005923748, 0.335590153933, 0.431130826473, 0.337425917387, 0.27518543601, 0.21417324245, 0.131854861975, 0.15656863153, 0.182480841875, 0.214081645012, 0.644754588604, 0.893807947636, 0.464126646519, 0.613926172256, 0.962823688984, 0.503212869167, 0.150750413537, 0.153283968568, 0.124397158623, 0.114905260503, 0.121824361384, 0.14414525032, 0.298221349716, 0.320484995842, 0.151553452015, 0.162877723575, 0.18689326942, 0.173983901739, 0.711414754391]
    chords_key: "E"
    chords_scale: "major"
    key_key: "E"
    key_scale: "minor"
    chords_progression: ["G", "G", "G", "G", "G", "G", "G", "G", "G", "G", "G", "G", "G", "G", "G", "G", "G", "G", "G", "G", "G", "G", "G", "Gm", "Gm", "Gm", "Gm", "Gm", "Gm", "Gm", "Gm", "Gm", "Gm", "Gm", "Gm", "Gm", "Gm", "Em", "Em", "Em", "Em", "Em", "Em", "Em", "Em", "Em", "Em", "Em", "Em", "Em", "Em", "Em", "E", "E", "E", "E", "E", "E", "E", "E", "E", "E", "E", "E", "E", "E", "E", "E", "E", "E", "E", "E", "E", "E", "E", "E", "E", "E", "E", "E", "E", "E", "E", "E", "E", "E", "E", "E", "E", "E", "E", "E", "E", "E", "E", "E", "E", "E", "A#", "A#", "A#", "A#", "A#", "A#", "A#", "A#", "A#", "A#", "A#", "A#", "A#", "A#", "A#", "A#", "A#", "A#", "A#", "A#", "A#", "A#", "A#", "A#", "A#", "A#", "A#", "A#", "A#", "A#", "A#", "A#", "A#", "A#", "A#", "A#", "A#", "A#", "A#", "A#", "A#", "A#", "A#", "A#", "A#", "A#", "A#", "A#", "A#", "A#", "A#", "E", "E", "E", "E", "E", "E", "E", "E", "E", "E", "E", "E", "E", "E", "E", "E", "E", "E", "E", "E", "E", "E", "E", "E", "E", "E", "E", "E", "E", "E", "E", "E", "E", "E", "Em", "Em", "Em", "Em", "Em", "Em", "Em", "Em", "Em", "Em", "Em", "Em", "Em", "Em", "Em", "Em", "A", "A", "A", "A#", "A#", "A#", "A#", "A#", "A#", "A#", "A#", "A#", "A#", "A#", "A#", "A#", "A#"]
