
metadata:
    version:
        essentia: "1.2.2"
    audio_properties:
        analysis_sample_rate: 44100
        bitrate: 128
        channels: 2
        equal_loudness: 1
        length: 10.0310201645
        replay_gain: -11.7402267456
        downmix: "mix"
    tags:
        track: 5
        year: 0
        album: "Splitted by Mp3Splt v. 2.1"
        artist: "From 000.40 To 000.50"
        comment: "http://mp3splt.sf.net"
        genre: ""
        title: "04 Mohammad Is Jesus.mp3"

highlevel:
    ballroom:
        all:
            ChaChaCha: 0.555969059467
            Jive: 0.141106724739
            Quickstep: 0.00760797830299
            Rumba-American: 0.00682138465345
            Rumba-International: 0.057559043169
            Rumba-Misc: 0.033246204257
            Samba: 0.190900608897
            Tango: 0.00133817619644
            VienneseWaltz: 0.00297763384879
            Waltz: 0.00247317133471
        probability: 0.555969059467
        value: "ChaChaCha"
    culture:
        all:
            non_western: 0.0383876301348
            western: 0.961612343788
        probability: 0.961612343788
        value: "western"
    gender:
        all:
            female: 0.0964478254318
            male: 0.903552174568
        probability: 0.903552174568
        value: "male"
    genre_dortmund:
        all:
            alternative: 0.0131053607911
            blues: 0.00100219377782
            electronic: 0.0583317242563
            folkcountry: 0.00468399608508
            funksoulrnb: 0.00998449791223
            jazz: 0.0110558485612
            pop: 0.0250848792493
            raphiphop: 0.849444270134
            rock: 0.0273072067648
        probability: 0.849444270134
        value: "raphiphop"
    genre_electronica:
        all:
            ambient: 0.0382671840489
            dnb: 0.375024884939
            house: 0.0738794803619
            techno: 0.276831567287
            trance: 0.235996887088
        probability: 0.375024884939
        value: "dnb"
    genre_rosamerica:
        all:
            cla: 0.000373898452381
            dan: 0.833998382092
            hip: 0.140959188342
            jaz: 0.00132186105475
            pop: 0.00222075893544
            rhy: 0.0161527264863
            roc: 0.00236438354477
            spe: 0.00260882824659
        probability: 0.833998382092
        value: "dan"
    genre_tzanetakis:
        all:
            blu: 0.000239834218519
            cla: 0.000375047820853
            cou: 0.00137832469773
            dis: 0.0348234027624
            hip: 0.272067397833
            jaz: 0.00105185480788
            met: 0.00478085689247
            pop: 0.561215937138
            reg: 0.117187827826
            roc: 0.0068795317784
        probability: 0.561215937138
        value: "pop"
    live_studio:
        all:
            live: 0.0589886642992
            studio: 0.941011309624
        probability: 0.941011309624
        value: "studio"
    mood:
        all:
            Cluster1: 0.062177259475
            Cluster2: 0.0409259609878
            Cluster3: 0.612507283688
            Cluster4: 0.0829720199108
            Cluster5: 0.201417475939
        probability: 0.612507283688
        value: "Cluster3"
    mood_acoustic:
        all:
            acoustic: 0.0362074784935
            not_acoustic: 0.96379250288
        probability: 0.96379250288
        value: "not_acoustic"
    mood_aggressive:
        all:
            aggressive: 0.321932077408
            not_aggressive: 0.678067922592
        probability: 0.678067922592
        value: "not_aggressive"
    mood_electronic:
        all:
            electronic: 0.938658058643
            not_electronic: 0.0613419562578
        probability: 0.938658058643
        value: "electronic"
    mood_happy:
        all:
            happy: 0.343052446842
            not_happy: 0.656947553158
        probability: 0.656947553158
        value: "not_happy"
    mood_party:
        all:
            not_party: 0.110233224928
            party: 0.88976675272
        probability: 0.88976675272
        value: "party"
    mood_relaxed:
        all:
            not_relaxed: 0.513377606869
            relaxed: 0.486622363329
        probability: 0.513377606869
        value: "not_relaxed"
    mood_sad:
        all:
            not_sad: 0.866175234318
            sad: 0.133824765682
        probability: 0.866175234318
        value: "not_sad"
    rhythm:
        all:
            fast: 0.935374200344
            medium: 0.0596492476761
            slow: 0.00497652683407
        probability: 0.935374200344
        value: "fast"
    speech_music:
        all:
            music: 0.999994874001
            speech: 5.13969280291e-06
        probability: 0.999994874001
        value: "music"
    timbre:
        all:
            bright: 0.0778681486845
            dark: 0.922131836414
        probability: 0.922131836414
        value: "dark"
    voice_instrumental:
        all:
            instrumental: 0.0241871085018
            voice: 0.975812911987
        probability: 0.975812911987
        value: "voice"

lowlevel:
    average_loudness: 0.983275532722
    barkbands_kurtosis:
        dmean: 2.88763856888
        dmean2: 4.90382242203
        dvar: 26.5778713226
        dvar2: 71.6301727295
        max: 58.219329834
        mean: 1.86908853054
        min: -1.86128246784
        var: 24.4065513611
    barkbands_skewness:
        dmean: 0.826731860638
        dmean2: 1.23189485073
        dvar: 0.70326924324
        dvar2: 1.4903049469
        max: 6.41570091248
        mean: 0.921599984169
        min: -2.95513033867
        var: 1.49050688744
    barkbands_spread:
        dmean: 10.4727602005
        dmean2: 16.3160381317
        dvar: 116.558204651
        dvar2: 248.359222412
        max: 87.2769165039
        mean: 29.5853843689
        min: 2.10941672325
        var: 269.803649902
    dissonance:
        dmean: 0.0270467232913
        dmean2: 0.0447305291891
        dvar: 0.000922857143451
        dvar2: 0.00252677919343
        max: 0.498566538095
        mean: 0.451818585396
        min: 0.300562947989
        var: 0.00165566056967
    hfc:
        dmean: 2.72470164299
        dmean2: 3.90799069405
        dvar: 18.0525093079
        dvar2: 38.8759231567
        max: 35.4346046448
        mean: 4.95021629333
        min: 0.0392749868333
        var: 29.3849143982
    pitch:
        dmean: 810.009155273
        dmean2: 1551.70056152
        dvar: 2123532.5
        dvar2: 4506315.5
        max: 4900
        mean: 1205.74499512
        min: 90.1840515137
        var: 2866087.75
    pitch_instantaneous_confidence:
        dmean: 0.110648587346
        dmean2: 0.178979635239
        dvar: 0.00857998523861
        dvar2: 0.0209669359028
        max: 0.895819544792
        mean: 0.454201251268
        min: 0.143918395042
        var: 0.025666853413
    pitch_salience:
        dmean: 0.101042337716
        dmean2: 0.166366174817
        dvar: 0.00798347778618
        dvar2: 0.0210507120937
        max: 0.829211115837
        mean: 0.573095202446
        min: 0.245919600129
        var: 0.0152259357274
    silence_rate_20dB:
        dmean: 0
        dmean2: 0
        dvar: 0
        dvar2: 0
        max: 1
        mean: 1
        min: 1
        var: 0
    silence_rate_30dB:
        dmean: 0
        dmean2: 0
        dvar: 0
        dvar2: 0
        max: 1
        mean: 1
        min: 1
        var: 0
    silence_rate_60dB:
        dmean: 0.217592597008
        dmean2: 0.433874696493
        dvar: 0.17024640739
        dvar2: 0.292031049728
        max: 1
        mean: 0.508083164692
        min: 0
        var: 0.249934256077
    spectral_centroid:
        dmean: 530.101806641
        dmean2: 773.460327148
        dvar: 492626.9375
        dvar2: 907448.5
        max: 5302.59082031
        mean: 1342.73852539
        min: 131.78805542
        var: 1123877.375
    spectral_complexity:
        dmean: 3.14385151863
        dmean2: 4.65116262436
        dvar: 17.3667945862
        dvar2: 32.3481025696
        max: 32
        mean: 8.20138931274
        min: 0
        var: 35.1839790344
    spectral_crest:
        dmean: 3.51085495949
        dmean2: 6.00238800049
        dvar: 9.70237922668
        dvar2: 24.5952110291
        max: 24.164598465
        mean: 9.50714683533
        min: 2.79713082314
        var: 17.116109848
    spectral_decrease:
        dmean: 5.14026154974e-10
        dmean2: 8.64306848314e-10
        dvar: 6.74395700524e-19
        dvar2: 1.80854169423e-18
        max: -9.61367183777e-12
        mean: -8.89036677609e-10
        min: -4.86697837587e-09
        var: 5.830876788e-19
    spectral_energy:
        dmean: 0.00212566880509
        dmean2: 0.00354611617513
        dvar: 1.04287628346e-05
        dvar2: 2.76520695479e-05
        max: 0.019440125674
        mean: 0.00380442873575
        min: 3.98462652811e-05
        var: 9.46060117712e-06
    spectral_energyband_high:
        dmean: 0.000329196074745
        dmean2: 0.000456705485703
        dvar: 3.72490006839e-07
        dvar2: 8.16645751911e-07
        max: 0.00420989794657
        mean: 0.000459524366306
        min: 3.78496139319e-07
        var: 5.82482982736e-07
    spectral_energyband_low:
        dmean: 0.000376006559236
        dmean2: 0.000621797749773
        dvar: 3.28154243334e-07
        dvar2: 7.24165886368e-07
        max: 0.00411057798192
        mean: 0.00055966473883
        min: 1.8342570911e-06
        var: 4.25576757834e-07
    spectral_energyband_middle_high:
        dmean: 0.000361061363947
        dmean2: 0.00055917922873
        dvar: 2.8593936463e-07
        dvar2: 6.02199691002e-07
        max: 0.00471725175157
        mean: 0.000762939685956
        min: 8.05982836027e-06
        var: 5.27772272108e-07
    spectral_energyband_middle_low:
        dmean: 0.00161115045194
        dmean2: 0.00282892840914
        dvar: 7.7938884715e-06
        dvar2: 2.15997679334e-05
        max: 0.0154407368973
        mean: 0.00202226894908
        min: 2.21753816732e-05
        var: 5.97257940171e-06
    spectral_flatness_db:
        dmean: 0.0271740742028
        dmean2: 0.0420139171183
        dvar: 0.000605668057688
        dvar2: 0.00124704884365
        max: 0.322841763496
        mean: 0.154637813568
        min: 0.0538111515343
        var: 0.00211584172212
    spectral_flux:
        dmean: 0.0130776129663
        dmean2: 0.019433086738
        dvar: 0.000279018771835
        dvar2: 0.000549298187252
        max: 0.117226980627
        mean: 0.0410188771784
        min: 0.00631238985807
        var: 0.000438067741925
    spectral_kurtosis:
        dmean: 1.27811539173
        dmean2: 1.80642640591
        dvar: 3.72516107559
        dvar2: 6.91198921204
        max: 34.8034095764
        mean: 2.97242283821
        min: -0.876572370529
        var: 13.3517465591
    spectral_rms:
        dmean: 0.000482858566102
        dmean2: 0.000777460809331
        dvar: 3.34105152433e-07
        dvar2: 8.36551691918e-07
        max: 0.0043549942784
        mean: 0.00181475514546
        min: 0.000197165936697
        var: 4.18302931848e-07
    spectral_rolloff:
        dmean: 1003.3671875
        dmean2: 1556.55053711
        dvar: 1421279
        dvar2: 2514961.5
        max: 7859.61914062
        mean: 2513.7019043
        min: 129.19921875
        var: 3659843.5
    spectral_skewness:
        dmean: 0.263995170593
        dmean2: 0.354335576296
        dvar: 0.0943734794855
        dvar2: 0.158730700612
        max: 4.73820543289
        mean: 1.40820944309
        min: 0.00339108821936
        var: 0.438652604818
    spectral_spread:
        dmean: 993213.375
        dmean2: 1315799.875
        dvar: 1.27227618918e+12
        dvar2: 2.04048315187e+12
        max: 13134920
        mean: 6925509.5
        min: 1472772.875
        var: 5.16855955456e+12
    spectral_strongpeak:
        dmean: 0.318748384714
        dmean2: 0.538604676723
        dvar: 0.17766456306
        dvar2: 0.435387849808
        max: 3.46954131126
        mean: 0.413406133652
        min: 0.011526205577
        var: 0.212293908
    zerocrossingrate:
        dmean: 0.0204285085201
        dmean2: 0.0211130548269
        dvar: 0.000440041214461
        dvar2: 0.000495906977449
        max: 0.2646484375
        mean: 0.082163490355
        min: 0.013671875
        var: 0.00232180417515
    barkbands:
        dmean: [1.52463269387e-06, 0.000205663629458, 0.000262638932327, 0.000799744157121, 0.000353747833287, 0.000158516777446, 0.000398402742576, 7.78956891736e-05, 0.000210602869629, 6.8123699748e-05, 4.48942300864e-05, 4.15114445786e-05, 2.10308025999e-05, 2.85739097308e-05, 3.62396240234e-05, 3.69409062841e-05, 6.77841962897e-05, 6.19857746642e-05, 8.99992010091e-05, 0.000113368048915, 0.000149843210238, 7.08320585545e-05, 2.60785600403e-05, 1.51329813889e-05, 1.29931067931e-05, 1.64680182024e-06, 6.45871711669e-09]
        dmean2: [2.45412570621e-06, 0.000341700419085, 0.000430756103015, 0.00148380955216, 0.000609844340943, 0.000266344781267, 0.000692271161824, 0.000125482285512, 0.000353500829078, 0.000114128713903, 6.76142735756e-05, 7.18324663467e-05, 3.49451584043e-05, 4.84771662741e-05, 5.74817022425e-05, 5.84461413382e-05, 0.000111751709483, 9.8417433037e-05, 0.000149247673107, 0.000168534330442, 0.000208792625926, 0.000103773738374, 3.47015411535e-05, 2.04973057407e-05, 1.85322733159e-05, 2.49853769674e-06, 1.05895994196e-08]
        dvar: [3.92563368964e-12, 1.0606967038e-07, 2.11819553897e-07, 4.81460756419e-06, 5.28563759872e-07, 1.02732606422e-07, 6.20918626737e-07, 2.68429598549e-08, 1.51355976641e-07, 2.07638723992e-08, 2.18437232746e-08, 9.50274436917e-09, 1.75148306969e-09, 2.62236654613e-09, 5.36144595387e-09, 5.37653299659e-09, 1.58444013465e-08, 1.16130811634e-08, 3.94331749476e-08, 4.36628582179e-08, 8.13557221591e-08, 1.85491817462e-08, 2.57481036492e-09, 6.71657840456e-10, 6.06267480663e-10, 1.37800630282e-11, 2.58922487155e-16]
        dvar2: [1.00776123557e-11, 2.75398576832e-07, 4.64655130372e-07, 1.35219561344e-05, 1.47612195178e-06, 2.77413789718e-07, 1.79988364835e-06, 5.64314852625e-08, 4.18962059712e-07, 5.89754094449e-08, 4.96500227598e-08, 3.00982989643e-08, 4.83669326812e-09, 6.77524125692e-09, 1.29667387938e-08, 1.2468912125e-08, 3.36036620752e-08, 2.44517028847e-08, 1.00739775633e-07, 9.78565282139e-08, 1.78181750243e-07, 4.06748910109e-08, 5.0268389451e-09, 1.40869005349e-09, 1.36152344954e-09, 3.08116414327e-11, 6.29751896806e-16]
        max: [1.7286862203e-05, 0.00190789694898, 0.0025597976055, 0.0114688919857, 0.00728419795632, 0.00383988604881, 0.00729923974723, 0.00220457930118, 0.00354086002335, 0.00137090566568, 0.00293588172644, 0.000877601327375, 0.000696506351233, 0.000559775333386, 0.000628325680736, 0.000515073013958, 0.000939345336519, 0.000864458095748, 0.0020277784206, 0.00175640650559, 0.00225270213559, 0.000965475512203, 0.000778167217504, 0.000222405491513, 0.00014259085583, 2.13679904846e-05, 1.45591343426e-07]
        mean: [2.73221530733e-06, 0.000281502696453, 0.000275463389698, 0.000508555443957, 0.000403174868552, 0.000230258403462, 0.000486656324938, 0.000117087605759, 0.000268130039331, 0.000103560079879, 5.93908516748e-05, 5.84719928156e-05, 3.12088668579e-05, 3.81291101803e-05, 4.71084567835e-05, 4.41419470008e-05, 9.01065868675e-05, 9.37505756156e-05, 0.000133077104692, 0.000170612140209, 0.000196206718101, 9.4900286058e-05, 3.47511304426e-05, 1.9218727175e-05, 1.47464461406e-05, 1.48482888562e-06, 4.96328222965e-09]
        min: [1.36212057258e-11, 4.20003978263e-08, 5.63906780826e-07, 7.25095048892e-07, 4.79981508761e-06, 4.18435917027e-07, 1.02362753296e-06, 5.14772793281e-08, 3.47490463071e-08, 3.67609125362e-08, 1.05456713584e-07, 3.32767733369e-08, 1.43707467259e-07, 1.48442026671e-07, 1.38565837915e-07, 1.31918142188e-07, 3.90928164506e-07, 4.06278815035e-07, 3.98143981784e-07, 3.10259565595e-07, 1.54076388981e-07, 1.08380454833e-07, 1.21584990964e-08, 1.82570794038e-08, 5.00665731096e-09, 3.29367005891e-10, 7.68576774625e-15]
        var: [1.07228193338e-11, 1.12970617749e-07, 2.18104588612e-07, 2.87384114017e-06, 4.71694136195e-07, 1.27588293708e-07, 7.20515629382e-07, 5.79903449704e-08, 2.22103821557e-07, 3.75821436194e-08, 3.78053890415e-08, 1.49596441901e-08, 2.80959211452e-09, 3.95665589181e-09, 7.63764429479e-09, 5.93207172273e-09, 1.8445613037e-08, 1.48022811786e-08, 4.32419682284e-08, 7.00962417e-08, 1.19973748269e-07, 2.79117120527e-08, 5.48469447637e-09, 1.21306786838e-09, 8.09276867741e-10, 1.44674341951e-11, 2.20112205135e-16]
    mfcc:
        mean: [-731.23034668, 95.7957611084, -4.28686571121, 48.6841087341, -12.5030460358, -5.65433073044, -4.55262327194, -2.46822786331, 2.18003559113, -2.59890961647, 3.30907273293, -0.837865352631, -1.92679703236]
        cov: [[2788.65429688, -1287.88415527, -49.967830658, -157.027404785, -220.713623047, -54.8194503784, 8.35882854462, -233.096054077, -53.4429740906, -49.7856063843, -147.630752563, -101.435394287, -59.9001960754], [-1287.88415527, 2583.33837891, -474.552886963, -307.428741455, -18.2371253967, 2.70599889755, 243.992599487, 329.68157959, 70.5593109131, 49.3381652832, 208.061920166, 101.184913635, 88.0756072998], [-49.967830658, -474.552886963, 459.835205078, 160.001907349, 24.4292201996, 52.8974494934, -41.274394989, -33.3974304199, -5.63394260406, 1.39838469028, -39.5020523071, 44.3384399414, 30.4350681305], [-157.027404785, -307.428741455, 160.001907349, 441.138763428, 288.123687744, 55.1382217407, -120.058357239, -28.7701053619, 19.7133617401, -25.1678276062, -52.6012954712, 30.4529361725, 55.4931182861], [-220.713623047, -18.2371253967, 24.4292201996, 288.123687744, 417.654846191, 127.30557251, -63.2993049622, 40.7234420776, 48.7101135254, 22.9010639191, -23.2727870941, 21.973028183, 37.1284141541], [-54.8194503784, 2.70599889755, 52.8974494934, 55.1382217407, 127.30557251, 138.649795532, 58.4986839294, 46.8641815186, 31.2442893982, 33.0321159363, 14.8558111191, 30.4741230011, 25.1018390656], [8.35882854462, 243.992599487, -41.274394989, -120.058357239, -63.2993049622, 58.4986839294, 261.058288574, 109.489578247, 7.39584350586, -3.83550977707, 9.67077827454, 20.5778808594, 28.6917037964], [-233.096054077, 329.68157959, -33.3974304199, -28.7701053619, 40.7234420776, 46.8641815186, 109.489578247, 188.80418396, 72.6851348877, 31.8889446259, 32.4693450928, 25.7194957733, 29.7026157379], [-53.4429740906, 70.5593109131, -5.63394260406, 19.7133617401, 48.7101135254, 31.2442893982, 7.39584350586, 72.6851348877, 124.592979431, 73.0436859131, 39.5292396545, 17.3163890839, 13.6530246735], [-49.7856063843, 49.3381652832, 1.39838469028, -25.1678276062, 22.9010639191, 33.0321159363, -3.83550977707, 31.8889446259, 73.0436859131, 123.573898315, 86.1178436279, 26.7104930878, -4.32309389114], [-147.630752563, 208.061920166, -39.5020523071, -52.6012954712, -23.2727870941, 14.8558111191, 9.67077827454, 32.4693450928, 39.5292396545, 86.1178436279, 148.823043823, 68.012802124, 6.18737888336], [-101.435394287, 101.184913635, 44.3384399414, 30.4529361725, 21.973028183, 30.4741230011, 20.5778808594, 25.7194957733, 17.3163890839, 26.7104930878, 68.012802124, 100.003089905, 53.7004432678], [-59.9001960754, 88.0756072998, 30.4350681305, 55.4931182861, 37.1284141541, 25.1018390656, 28.6917037964, 29.7026157379, 13.6530246735, -4.32309389114, 6.18737888336, 53.7004432678, 98.5310668945]]
        icov: [[0.000616314413492, 0.000372674316168, 0.000449375860626, 0.000310533854645, 0.000155369416461, -0.00011118081602, -0.000275192665868, 0.000517699460033, -0.000338873476721, -0.000120081676869, 0.000569093564991, -0.000309416354867, -0.000203716233955], [0.000372674316168, 0.000973136164248, 0.000747854763176, 0.000650439236779, -0.000297871418297, 0.000336882309057, -0.000206641183468, -0.000756837485824, 7.30892206775e-05, 0.000432058615843, -0.000573175726458, -0.000284758833004, -0.00072588340845], [0.000449375860626, 0.000747854763176, 0.00431239698082, -0.00151696742978, 0.00233159540221, -0.00244234665297, 0.000722453929484, -0.000665115658194, 0.000892500858754, -0.00210890453309, 0.00329069024883, -0.00351605983451, 0.000354204879841], [0.000310533854645, 0.000650439236779, -0.00151696742978, 0.00723345391452, -0.00507331639528, 0.00213020527735, 0.000795044878032, 0.000948874047026, -0.00187265139539, 0.00310183130205, -0.000629262125585, -0.000615852361079, -0.00237575755455], [0.000155369416461, -0.000297871418297, 0.00233159540221, -0.00507331639528, 0.00882185343653, -0.00723795685917, 0.00259398552589, -0.0017583220033, 0.000956753443461, -0.00283463764936, 0.00363191892393, -0.00125505612232, 0.000991233042441], [-0.00011118081602, 0.000336882309057, -0.00244234665297, 0.00213020527735, -0.00723795685917, 0.0168684981763, -0.00531316781417, 0.000530766090378, -0.000438092596596, -0.00164023542311, -0.00166395877022, -0.000681122066453, -0.000532470352482], [-0.000275192665868, -0.000206641183468, 0.000722453929484, 0.000795044878032, 0.00259398552589, -0.00531316781417, 0.00834958814085, -0.00458415877074, 0.00189841049723, 0.000398748612497, 0.00172636983916, -0.0011723524658, -0.00104185682721], [0.000517699460033, -0.000756837485824, -0.000665115658194, 0.000948874047026, -0.0017583220033, 0.000530766090378, -0.00458415877074, 0.0126827945933, -0.00705701904371, 0.00186173885595, -0.000489604077302, 0.000526669668034, -0.000495510292239], [-0.000338873476721, 7.30892206775e-05, 0.000892500858754, -0.00187265139539, 0.000956753443461, -0.000438092596596, 0.00189841049723, -0.00705701904371, 0.0176888853312, -0.0109288981184, 0.00244140066206, -3.99928394472e-05, -0.00122879224364], [-0.000120081676869, 0.000432058615843, -0.00210890453309, 0.00310183130205, -0.00283463764936, -0.00164023542311, 0.000398748612497, 0.00186173885595, -0.0109288981184, 0.0245091095567, -0.0146296368912, 0.00538048706949, -0.000170107654412], [0.000569093564991, -0.000573175726458, 0.00329069024883, -0.000629262125585, 0.00363191892393, -0.00166395877022, 0.00172636983916, -0.000489604077302, 0.00244140066206, -0.0146296368912, 0.024862036109, -0.0171025339514, 0.00567612890154], [-0.000309416354867, -0.000284758833004, -0.00351605983451, -0.000615852361079, -0.00125505612232, -0.000681122066453, -0.0011723524658, 0.000526669668034, -3.99928394472e-05, 0.00538048706949, -0.0171025339514, 0.0290584787726, -0.0121931564063], [-0.000203716233955, -0.00072588340845, 0.000354204879841, -0.00237575755455, 0.000991233042441, -0.000532470352482, -0.00104185682721, -0.000495510292239, -0.00122879224364, -0.000170107654412, 0.00567612890154, -0.0121931564063, 0.0185693763196]]
    spectral_contrast:
        mean: [2.46765978318e-07, 2.76507954311e-08, -2.0844809967e-07, 5.31716217722e-08, -1.57048575034e-07, 2.62046569333e-07, -3.43175111084e-06, 3.78244590138e-06, 2.99321891362e-06, 1.67973507814e-06, 9.54226266003e-07, -3.10164921302e-07]
        var: [0.000354332092684, 0.00072455953341, 0.00147009559441, 0.00462375814095, 0.005267159082, 0.00839862134308, 0.0490577705204, 0.143428996205, 0.200988084078, 0.43379509449, 1.14067208767, 1.76364505291]

rhythm:
    beats_loudness:
        dmean: 0.00198374642059
        dmean2: 0.00365017051809
        dvar: 2.86068166133e-06
        dvar2: 7.05716092853e-06
        max: 0.00991121400148
        mean: 0.00530115980655
        min: 0.00233216816559
        var: 3.12443398798e-06
    beats_loudness_bass:
        dmean: 0.157930806279
        dmean2: 0.265985578299
        dvar: 0.00853219628334
        dvar2: 0.0227343905717
        max: 0.721496343613
        mean: 0.487476080656
        min: 0.314994782209
        var: 0.0146551597863
    bpm: 125.778427124
    bpm_confidence: 0
    first_peak_bpm: 126
    first_peak_spread: 0
    first_peak_weight: 0.949999988079
    onset_rate: 5.38330078125
    second_peak_bpm: 118
    second_peak_spread: 0
    second_peak_weight: 0.0500000007451
    beats_position: [0.0259430054575, 0.503397166729, 0.98085129261, 1.4583054781, 1.93575954437, 2.41321372986, 2.89066791534, 3.36812210083, 3.84557628632, 4.3230304718, 4.80048513412, 5.27793931961, 5.7553935051, 6.26321268082, 6.73983287811, 7.2164516449, 7.69307184219, 8.16969108582, 8.64631080627, 9.12293052673, 9.59955024719]
    bpm_estimates: [125.874221802, 125.788841248, 125.897346497, 125.798721313, 123.857704163, 126.424964905, 125.761474609, 125.749435425, 125.729049683, 125.815666199, 125.860908508, 125.838638306, 125.764434814, 125.718475342, 126.674095154, 125.932281494, 125.792823792, 125.746147156, 125.772514343, 125.770973206]
    bpm_intervals: [0.477454155684, 0.477454125881, 0.477454185486, 0.477454066277, 0.477454185486, 0.477454185486, 0.477454185486, 0.477454185486, 0.477454185486, 0.477454662323, 0.477454185486, 0.477454185486, 0.50781917572, 0.476620197296, 0.476618766785, 0.476620197296, 0.476619243622, 0.476619720459, 0.476619720459, 0.476619720459]
    onset_times: [0.0464399084449, 0.220589563251, 0.49922901392, 0.731428563595, 0.975238084793, 1.1261677742, 1.20743763447, 1.46285712719, 1.63700675964, 1.91564631462, 2.17106580734, 2.41487526894, 2.54258513451, 2.64707493782, 2.82122445107, 2.89088439941, 3.04181408882, 3.13469386101, 3.29723358154, 3.55265307426, 3.61070299149, 3.83129262924, 4.08671188354, 4.33052158356, 4.56272125244, 4.80653047562, 4.94585037231, 5.02712011337, 5.29414987564, 5.4334692955, 5.53795909882, 5.70049905777, 6.00235843658, 6.25777769089, 6.48997735977, 6.72217702866, 6.88471651077, 6.97759628296, 7.22140598297, 7.32589578629, 7.45360565186, 7.66258525848, 7.85995483398, 7.92961454391, 8.32435417175, 8.40562343597, 8.64943313599, 8.8119726181, 8.893242836, 9.13705253601, 9.287981987, 9.36925125122, 9.57823085785, 9.84526062012]
    rubato_start: []
    rubato_stop: []
    perceptual_tempo: "unknown"

sfx:
    inharmonicity:
        dmean: 0.040255587548
        dmean2: 0.069410957396
        dvar: 0.00243800319731
        dvar2: 0.00681064184755
        max: 0.37654080987
        mean: 0.0425797924399
        min: 1.5438597984e-05
        var: 0.00279340869747
    oddtoevenharmonicenergyratio:
        dmean: 4.19675254822
        dmean2: 7.79158782959
        dvar: 315.030792236
        dvar2: 918.78729248
        max: 237.994537354
        mean: 2.74717307091
        min: 5.77688952035e-05
        var: 174.461700439
    pitch_after_max_to_before_max_energy_ratio: 25.5980186462
    pitch_centroid: 219.038299561
    pitch_max_to_total: 0.0717592611909
    pitch_min_to_total: 0.618055582047
    tristimulus:
        dmean: [0.23266929388, 0.253422051668, 0.134381830692]
        dmean2: [0.402365088463, 0.44104129076, 0.237141549587]
        dvar: [0.0425663180649, 0.0475387275219, 0.0234875958413]
        dvar2: [0.100522920489, 0.119615912437, 0.0624943785369]
        max: [0.984063029289, 0.981745958328, 0.799064397812]
        mean: [0.42261493206, 0.407065421343, 0.131851494312]
        min: [0.00255460455082, 0, 0]
        var: [0.0722682774067, 0.0680023357272, 0.0279556550086]

tonal:
    chords_changes_rate: 0.207373276353
    chords_number_rate: 0.0414746552706
    chords_strength:
        dmean: 0.018382139504
        dmean2: 0.0227464120835
        dvar: 0.000222039336222
        dvar2: 0.000331490387907
        max: 0.711143016815
        mean: 0.490975290537
        min: 0.248006567359
        var: 0.0071831420064
    key_strength: 0.507624149323
    tuning_diatonic_strength: 0.51706880331
    tuning_equal_tempered_deviation: 0.221709981561
    tuning_frequency: 441.272583008
    tuning_nontempered_energy_ratio: 0.867053210735
    hpcp:
        dmean: [0.219112321734, 0.219571754336, 0.215909481049, 0.197532862425, 0.185305908322, 0.194360598922, 0.218504786491, 0.216632962227, 0.205354824662, 0.188468813896, 0.148646235466, 0.181192681193, 0.200125589967, 0.1569147259, 0.138846278191, 0.140055730939, 0.133087366819, 0.1464433074, 0.15821313858, 0.205587983131, 0.240179732442, 0.187290683389, 0.182143047452, 0.194382175803, 0.180335134268, 0.154986828566, 0.156775027514, 0.182508111, 0.178984224796, 0.145296752453, 0.166492179036, 0.15344054997, 0.179945215583, 0.18716609478, 0.189466938376, 0.202551200986]
        dmean2: [0.374012202024, 0.374965250492, 0.375018209219, 0.33785122633, 0.326190084219, 0.357603907585, 0.407811790705, 0.402258485556, 0.37727651, 0.342791467905, 0.267790734768, 0.324654579163, 0.35227227211, 0.270337343216, 0.238161578774, 0.236466005445, 0.234615147114, 0.253841072321, 0.277584671974, 0.379455953836, 0.439454853535, 0.331507861614, 0.314684063196, 0.337131798267, 0.311662703753, 0.281690388918, 0.278101444244, 0.335504829884, 0.33244356513, 0.253781408072, 0.300115674734, 0.258414059877, 0.306314498186, 0.325284034014, 0.329382061958, 0.34550973773]
        dvar: [0.0549928285182, 0.0596340820193, 0.0529429838061, 0.0486974418163, 0.0486335679889, 0.0667951926589, 0.0766800716519, 0.0655633881688, 0.052000682801, 0.0471119433641, 0.0366837084293, 0.0588073022664, 0.0721167400479, 0.0458197295666, 0.0305054206401, 0.0297591611743, 0.0391180105507, 0.0344873033464, 0.0328065566719, 0.0760746970773, 0.0957065299153, 0.0521287880838, 0.0535853840411, 0.057445526123, 0.0509121008217, 0.0494492724538, 0.0504331327975, 0.0618111677468, 0.0582507774234, 0.0328677222133, 0.0335918180645, 0.033159378916, 0.0540263131261, 0.0585871934891, 0.0544542632997, 0.0548787601292]
        dvar2: [0.139510825276, 0.148532748222, 0.132003515959, 0.11484066397, 0.123313158751, 0.186780869961, 0.237270921469, 0.198652207851, 0.137042507529, 0.127904549241, 0.102165542543, 0.156457766891, 0.175811752677, 0.115499503911, 0.0782687142491, 0.0804776400328, 0.101296328008, 0.0837900415063, 0.0805962309241, 0.188556477427, 0.256725341082, 0.13416852057, 0.135806336999, 0.147573828697, 0.143048360944, 0.137056872249, 0.139292746782, 0.169408664107, 0.164691209793, 0.089123390615, 0.0929504930973, 0.0783199742436, 0.144040763378, 0.157914847136, 0.13549464941, 0.128320872784]
        max: [1, 1, 1, 1, 1, 1, 1, 1, 1, 1, 1, 1, 1, 1, 0.989289462566, 0.923597276211, 1, 1, 1, 1, 1, 1, 1, 1, 1, 1, 1, 1, 1, 1, 1, 1, 1, 1, 1, 1]
        mean: [0.265749275684, 0.269153475761, 0.270162731409, 0.252037674189, 0.193430408835, 0.154850438237, 0.17324654758, 0.200162038207, 0.201336860657, 0.166969329119, 0.137657433748, 0.168575495481, 0.181888088584, 0.141042977571, 0.140017151833, 0.152717784047, 0.139860779047, 0.161076456308, 0.18650175631, 0.203924164176, 0.202491059899, 0.184442982078, 0.193037986755, 0.208824425936, 0.180165886879, 0.136728689075, 0.148662477732, 0.17356172204, 0.155161440372, 0.143597781658, 0.156524404883, 0.170118093491, 0.201219469309, 0.205975040793, 0.204476878047, 0.237831905484]
        min: [0.00117045093793, 0.00399124296382, 0.00167782162316, 0.00163034710567, 0.00176856317557, 0.000777211564127, 0.000494690204505, 0.000493814994115, 0.000793233222794, 0.000788932957221, 0.000720137322787, 0.00073075707769, 0.000823454349302, 0.000958330521826, 0.000800255860668, 0.00133321457542, 0.00142569525633, 0.00072891038144, 0.000734743720386, 0.00178872479592, 0.00115567992907, 0.000622822844889, 0.00146455038339, 0.00314086955041, 0.000997823197395, 0.00251504755579, 0.00152574037202, 0.00108131952584, 0.000891931238584, 0.000583448563702, 0.00158124836162, 0.00135126302484, 0.000635631557088, 0.00117592629977, 0.000428469909821, 0.000595054996666]
        var: [0.0841568112373, 0.0896239206195, 0.080745652318, 0.0835785120726, 0.0549702830613, 0.050323177129, 0.0630751997232, 0.0639766454697, 0.0662405490875, 0.0455966666341, 0.0324447341263, 0.0542163923383, 0.0687156170607, 0.0437426045537, 0.0333509258926, 0.0352955497801, 0.0392598696053, 0.0430755950511, 0.0511969216168, 0.0767450928688, 0.0854469761252, 0.0619696937501, 0.0680598542094, 0.071267798543, 0.0571592859924, 0.0403564311564, 0.0491364859045, 0.0666526257992, 0.0558624900877, 0.038083024323, 0.0399624593556, 0.0452997051179, 0.0661699995399, 0.073688454926, 0.0699805244803, 0.0829280093312]
    chords_histogram: [35.0230407715, 0, 0.460829496384, 0, 1.38248848915, 0.921658992767, 0, 10.5990781784, 2.30414748192, 0, 7.37327194214, 0, 0.921658992767, 0, 12.4423961639, 9.67741966248, 0, 8.29493045807, 0, 0, 0, 0, 0.921658992767, 9.67741966248]
    thpcp: [1, 0.932910621166, 0.715977370739, 0.573174655437, 0.641267359257, 0.740894317627, 0.745242893696, 0.618032455444, 0.509535253048, 0.623977601528, 0.673253834248, 0.522066771984, 0.518269658089, 0.565280735493, 0.517690896988, 0.596220135689, 0.690331161022, 0.754819750786, 0.749515175819, 0.682710707188, 0.71452486515, 0.772957921028, 0.666879117489, 0.506097495556, 0.550270140171, 0.642434000969, 0.574325859547, 0.531523287296, 0.57937079668, 0.629687488079, 0.744808375835, 0.762410998344, 0.756865620613, 0.88032835722, 0.983663737774, 0.996264278889]
    chords_key: "A"
    chords_scale: "minor"
    key_key: "A"
    key_scale: "minor"
    chords_progression: ["D", "Am", "Am", "Am", "Am", "Am", "Bm", "Bm", "Bm", "Am", "Am", "Am", "Am", "Am", "Am", "Am", "Am", "Am", "Am", "Am", "Am", "Am", "Am", "Am", "Am", "Am", "Am", "Am", "Am", "Am", "Am", "A", "A", "A", "A", "A", "A", "A", "A", "A", "A", "A", "A", "Am", "Am", "Am", "Am", "Am", "A", "A", "A", "Am", "Am", "Am", "Am", "Am", "Am", "A#m", "A#m", "Am", "A#m", "A#m", "A#m", "A#m", "A#m", "A#m", "A#m", "A#m", "A#m", "A#m", "A#m", "A#m", "A#m", "A#m", "A#m", "A#m", "A#m", "A#m", "A#m", "A#m", "A#m", "A#m", "A#m", "A", "A#m", "Am", "A#m", "Am", "Am", "Am", "Am", "Am", "Am", "Am", "Am", "Am", "Am", "Am", "Am", "Am", "Am", "Am", "Am", "Am", "Am", "Am", "Am", "Am", "Am", "F", "F", "F", "F", "F", "F", "F", "F", "F", "F", "F", "F", "F", "F", "F", "F", "F", "F", "F", "F", "F", "Am", "Am", "D#m", "D#m", "G#", "G#", "G#", "G#", "G#", "G#", "G#", "G#", "G#", "C#", "C#", "C#", "C#", "G#", "C#", "C#", "C#", "C#", "G#", "G#", "C#", "C#", "G#", "C#", "C#", "C#", "C#m", "C#m", "Dm", "Dm", "G#", "G#", "C#m", "C#m", "C#", "C#", "C#", "C#", "C#", "C#", "C#", "C#", "C#m", "G#", "G#", "G#", "A", "A", "A", "A", "A", "D", "G#m", "G#m", "A", "A", "Am", "Am", "Am", "Am", "Am", "G#m", "G#m", "Am", "Am", "G#m", "G#m", "G#m", "G#m", "G#m", "G#m", "G#m", "G#m", "Am", "G#m", "G#m", "G#m", "G#m", "Am", "Am", "Am", "Am", "Em"]
