
metadata:
    version:
        essentia: "1.2.2"
    audio_properties:
        analysis_sample_rate: 44100
        bitrate: 128
        channels: 2
        equal_loudness: 1
        length: 10.0571432114
        replay_gain: -13.2925624847
        downmix: "mix"
    tags:
        track: 13
        year: 0
        album: "Splitted by Mp3Splt v. 2.1"
        artist: "From 002.00 To 002.10"
        comment: "http://mp3splt.sf.net"
        genre: ""
        title: "09 Noose.mp3"

highlevel:
    ballroom:
        all:
            ChaChaCha: 0.0310867670923
            Jive: 0.107798710465
            Quickstep: 0.0549837350845
            Rumba-American: 0.00833478290588
            Rumba-International: 0.0648610219359
            Rumba-Misc: 0.0233575366437
            Samba: 0.032914288342
            Tango: 0.213218197227
            VienneseWaltz: 0.385517686605
            Waltz: 0.0779272690415
        probability: 0.385517686605
        value: "VienneseWaltz"
    culture:
        all:
            non_western: 0.0238895900548
            western: 0.976110398769
        probability: 0.976110398769
        value: "western"
    gender:
        all:
            female: 0.420211315155
            male: 0.579788684845
        probability: 0.579788684845
        value: "male"
    genre_dortmund:
        all:
            alternative: 0.164189144969
            blues: 0.0438189804554
            electronic: 0.0224911887199
            folkcountry: 0.0759935826063
            funksoulrnb: 0.0397990047932
            jazz: 0.0481532849371
            pop: 0.0323256254196
            raphiphop: 0.0102964723483
            rock: 0.562932729721
        probability: 0.562932729721
        value: "rock"
    genre_electronica:
        all:
            ambient: 0.535495042801
            dnb: 0.251512557268
            house: 0.0228596571833
            techno: 0.0103589911014
            trance: 0.179773777723
        probability: 0.535495042801
        value: "ambient"
    genre_rosamerica:
        all:
            cla: 0.0597099401057
            dan: 0.0191605500877
            hip: 0.00509169977158
            jaz: 0.0656890496612
            pop: 0.0722222551703
            rhy: 0.0136373974383
            roc: 0.762152194977
            spe: 0.00233692442998
        probability: 0.762152194977
        value: "roc"
    genre_tzanetakis:
        all:
            blu: 0.0344058088958
            cla: 0.0639972835779
            cou: 0.31190520525
            dis: 0.0752174779773
            hip: 0.00865713320673
            jaz: 0.0505285821855
            met: 0.0324629098177
            pop: 0.307280927896
            reg: 0.0458880439401
            roc: 0.0696566253901
        probability: 0.31190520525
        value: "cou"
    live_studio:
        all:
            live: 0.0725406035781
            studio: 0.927459418774
        probability: 0.927459418774
        value: "studio"
    mood:
        all:
            Cluster1: 0.455582976341
            Cluster2: 0.157938316464
            Cluster3: 0.0920678153634
            Cluster4: 0.12415766716
            Cluster5: 0.170253232121
        probability: 0.455582976341
        value: "Cluster1"
    mood_acoustic:
        all:
            acoustic: 0.0221948642284
            not_acoustic: 0.977805137634
        probability: 0.977805137634
        value: "not_acoustic"
    mood_aggressive:
        all:
            aggressive: 0.922342479229
            not_aggressive: 0.0776575431228
        probability: 0.922342479229
        value: "aggressive"
    mood_electronic:
        all:
            electronic: 0.851155400276
            not_electronic: 0.148844584823
        probability: 0.851155400276
        value: "electronic"
    mood_happy:
        all:
            happy: 0.609547376633
            not_happy: 0.390452623367
        probability: 0.609547376633
        value: "happy"
    mood_party:
        all:
            not_party: 0.652447283268
            party: 0.34755268693
        probability: 0.652447283268
        value: "not_party"
    mood_relaxed:
        all:
            not_relaxed: 0.259623497725
            relaxed: 0.740376472473
        probability: 0.740376472473
        value: "relaxed"
    mood_sad:
        all:
            not_sad: 0.0592468567193
            sad: 0.940753161907
        probability: 0.940753161907
        value: "sad"
    rhythm:
        all:
            fast: 0.100494861603
            medium: 0.45871835947
            slow: 0.440786808729
        probability: 0.45871835947
        value: "medium"
    speech_music:
        all:
            music: 0.435472249985
            speech: 0.564527750015
        probability: 0.564527750015
        value: "speech"
    timbre:
        all:
            bright: 0.555844306946
            dark: 0.444155693054
        probability: 0.555844306946
        value: "bright"
    voice_instrumental:
        all:
            instrumental: 0.613364338875
            voice: 0.386635661125
        probability: 0.613364338875
        value: "instrumental"

lowlevel:
    average_loudness: 0.980137705803
    barkbands_kurtosis:
        dmean: 0.432820260525
        dmean2: 0.729110002518
        dvar: 0.458037942648
        dvar2: 1.24764931202
        max: 5.34471225739
        mean: -0.977812826633
        min: -1.8125692606
        var: 1.21449053288
    barkbands_skewness:
        dmean: 0.317964553833
        dmean2: 0.515232741833
        dvar: 0.0984262526035
        dvar2: 0.244992882013
        max: 2.51450514793
        mean: 0.218225836754
        min: -1.74792921543
        var: 0.432568132877
    barkbands_spread:
        dmean: 3.63250803947
        dmean2: 5.53690481186
        dvar: 13.3608207703
        dvar2: 29.2061595917
        max: 48.2940216064
        mean: 29.8096637726
        min: 11.2217741013
        var: 49.0615005493
    dissonance:
        dmean: 0.0158639326692
        dmean2: 0.0259107705206
        dvar: 0.000510592653882
        dvar2: 0.000687738356646
        max: 0.497275203466
        mean: 0.461735486984
        min: 0.0324467197061
        var: 0.000919235113543
    hfc:
        dmean: 2.43267130852
        dmean2: 4.00181722641
        dvar: 20.2770195007
        dvar2: 51.7569847107
        max: 40.5485305786
        mean: 6.88184690475
        min: 0.000630819995422
        var: 25.2783699036
    pitch:
        dmean: 377.45980835
        dmean2: 737.583740234
        dvar: 772715
        dvar2: 2011927.625
        max: 3675
        mean: 484.782989502
        min: 78.0531005859
        var: 581347.5625
    pitch_instantaneous_confidence:
        dmean: 0.078176997602
        dmean2: 0.119172208011
        dvar: 0.00581788318232
        dvar2: 0.0112936561927
        max: 0.87157535553
        mean: 0.492692679167
        min: 0.170998632908
        var: 0.0225465781987
    pitch_salience:
        dmean: 0.0472601875663
        dmean2: 0.0757512003183
        dvar: 0.00215074280277
        dvar2: 0.00468828063458
        max: 0.938292086124
        mean: 0.584032297134
        min: 0.369386732578
        var: 0.00593489967287
    silence_rate_20dB:
        dmean: 0
        dmean2: 0
        dvar: 0
        dvar2: 0
        max: 1
        mean: 1
        min: 1
        var: 0
    silence_rate_30dB:
        dmean: 0
        dmean2: 0
        dvar: 0
        dvar2: 0
        max: 1
        mean: 1
        min: 1
        var: 0
    silence_rate_60dB:
        dmean: 0.0877598151565
        dmean2: 0.173611104488
        dvar: 0.0800580978394
        dvar2: 0.166618987918
        max: 1
        mean: 0.198156684637
        min: 0
        var: 0.158890649676
    spectral_centroid:
        dmean: 187.287017822
        dmean2: 308.259490967
        dvar: 34647.859375
        dvar2: 77343.015625
        max: 2325.89648438
        mean: 1310.06567383
        min: 457.574645996
        var: 132711.765625
    spectral_complexity:
        dmean: 3.02784228325
        dmean2: 4.73953485489
        dvar: 20.14777565
        dvar2: 46.1182060242
        max: 47
        mean: 14.9837961197
        min: 0
        var: 32.9233360291
    spectral_crest:
        dmean: 1.62822043896
        dmean2: 2.67717409134
        dvar: 2.61770868301
        dvar2: 6.44487571716
        max: 19.7863368988
        mean: 7.31362485886
        min: 2.9578192234
        var: 6.4940237999
    spectral_decrease:
        dmean: 2.85799051092e-10
        dmean2: 4.61704258159e-10
        dvar: 2.70209455535e-19
        dvar2: 6.76636326008e-19
        max: -5.95556386867e-14
        mean: -1.15369358511e-09
        min: -5.45537481855e-09
        var: 3.25560582266e-19
    spectral_energy:
        dmean: 0.00127874419559
        dmean2: 0.00206095678732
        dvar: 5.48884645468e-06
        dvar2: 1.37938059197e-05
        max: 0.0242676939815
        mean: 0.0049785040319
        min: 2.81994005036e-07
        var: 6.623808531e-06
    spectral_energyband_high:
        dmean: 0.000104845705209
        dmean2: 0.000165708755958
        dvar: 9.59068202633e-08
        dvar2: 2.44417236672e-07
        max: 0.00278071756475
        mean: 0.000130161148263
        min: 2.42430182595e-08
        var: 9.72370699515e-08
    spectral_energyband_low:
        dmean: 0.000155083544087
        dmean2: 0.000241133398958
        dvar: 1.15217211771e-07
        dvar2: 2.8641753147e-07
        max: 0.0037330694031
        mean: 0.000413918256527
        min: 5.54077139725e-09
        var: 1.41029417478e-07
    spectral_energyband_middle_high:
        dmean: 0.000755110173486
        dmean2: 0.00123212405015
        dvar: 1.31188187424e-06
        dvar2: 3.32573745254e-06
        max: 0.00949218310416
        mean: 0.00228368327953
        min: 1.77416637825e-07
        var: 2.25549729294e-06
    spectral_energyband_middle_low:
        dmean: 0.000599396822508
        dmean2: 0.00095836177934
        dvar: 1.49063691879e-06
        dvar2: 3.87479622077e-06
        max: 0.0128332804888
        mean: 0.00215074489824
        min: 7.36173220162e-08
        var: 1.77604533746e-06
    spectral_flatness_db:
        dmean: 0.0179979931563
        dmean2: 0.0238519534469
        dvar: 0.000325468659867
        dvar2: 0.000521457870491
        max: 0.293806314468
        mean: 0.185312375426
        min: 0.0396109037101
        var: 0.0018353612395
    spectral_flux:
        dmean: 0.00999616738409
        dmean2: 0.0152102755383
        dvar: 0.000162380354595
        dvar2: 0.000359246594599
        max: 0.117487132549
        mean: 0.0317660793662
        min: 0.00555196637288
        var: 0.000299934472423
    spectral_kurtosis:
        dmean: 3.49971318245
        dmean2: 5.98354244232
        dvar: 11.77206707
        dvar2: 34.0272216797
        max: 27.6774959564
        mean: 8.32548141479
        min: 1.18765544891
        var: 21.7541847229
    spectral_rms:
        dmean: 0.000252225639997
        dmean2: 0.000395763956476
        dvar: 1.45879923252e-07
        dvar2: 3.3863946669e-07
        max: 0.00486577814445
        mean: 0.00214839843102
        min: 1.65866240422e-05
        var: 2.41463794737e-07
    spectral_rolloff:
        dmean: 242.260803223
        dmean2: 406.37612915
        dvar: 119408.695312
        dvar2: 277139.5625
        max: 3983.64257812
        mean: 2529.30566406
        min: 409.130859375
        var: 357527.71875
    spectral_skewness:
        dmean: 0.348031848669
        dmean2: 0.580278813839
        dvar: 0.0913975685835
        dvar2: 0.272947430611
        max: 3.4950735569
        mean: 1.80209338665
        min: 0.660719513893
        var: 0.221916258335
    spectral_spread:
        dmean: 556085.75
        dmean2: 621426.875
        dvar: 1.08044333875e+12
        dvar2: 803297492992
        max: 29086468
        mean: 3312679
        min: 1478893.25
        var: 4.06840436326e+12
    spectral_strongpeak:
        dmean: 0.638339579105
        dmean2: 1.06182670593
        dvar: 0.919244885445
        dvar2: 1.88557159901
        max: 6.96071720123
        mean: 1.16947388649
        min: 0.000116242576041
        var: 1.93108773232
    zerocrossingrate:
        dmean: 0.00613920204341
        dmean2: 0.00746389012784
        dvar: 3.16545992973e-05
        dvar2: 3.8305461203e-05
        max: 0.11572265625
        mean: 0.0764951333404
        min: 0.005859375
        var: 0.000286783673801
    barkbands:
        dmean: [1.07121856274e-07, 6.80715311319e-05, 0.000107791274786, 9.71852350631e-05, 0.000271671917289, 0.000234813487623, 0.000117102354125, 7.18223382137e-05, 8.35901446408e-05, 7.44088392821e-05, 3.89611814171e-05, 2.93374632747e-05, 1.93152627617e-05, 4.34806061094e-05, 0.00011537221144, 0.000124768048408, 0.000387204840081, 0.000168772268808, 0.000157156842761, 8.71338997968e-05, 4.80508097098e-05, 1.88869889826e-05, 2.19239632315e-06, 8.50971275668e-07, 4.17078695136e-07, 6.82059990709e-08, 6.75047129306e-09]
        dmean2: [1.83320139513e-07, 0.000117005947686, 0.000166039710166, 0.000159344752319, 0.000444035307737, 0.000375500065275, 0.000180980219739, 0.000117530827993, 0.000134054833325, 0.000117510106065, 5.90365343669e-05, 4.76715031255e-05, 3.09640854539e-05, 7.77684690547e-05, 0.000185173717909, 0.000204838172067, 0.000616513425484, 0.000275723577943, 0.000266717310296, 0.000138082032208, 7.92023129179e-05, 3.2964420825e-05, 3.6440119402e-06, 1.28879969452e-06, 5.01693875776e-07, 8.9811486248e-08, 1.01747392733e-08]
        dvar: [1.42527049191e-13, 4.0441989313e-08, 4.19030499188e-08, 3.13257260132e-08, 4.27919957247e-07, 1.93740049781e-07, 3.0597767875e-08, 1.40507534496e-08, 1.59093040963e-08, 1.81814048261e-08, 3.45933037771e-09, 1.32860666913e-09, 1.95918481438e-09, 1.79083254892e-08, 2.70962789983e-08, 3.77109152794e-08, 2.34578919844e-07, 7.53239817186e-08, 1.43899612226e-07, 3.37757626312e-08, 2.54653027554e-08, 5.52995871317e-09, 4.74085493085e-11, 4.89061265443e-12, 8.2375984289e-13, 2.78206057231e-14, 8.62831551677e-15]
        dvar2: [3.77098526017e-13, 1.09042957774e-07, 1.02521802603e-07, 8.71993677265e-08, 1.169370762e-06, 4.90608613291e-07, 7.62913074936e-08, 3.8232695232e-08, 4.09316918137e-08, 4.86344688966e-08, 7.53254258967e-09, 3.79773634762e-09, 5.47750600433e-09, 5.18247773584e-08, 5.97680340775e-08, 8.53118180544e-08, 5.27020063146e-07, 1.81599745019e-07, 3.76033426619e-07, 8.16951910565e-08, 6.79295624195e-08, 1.57726773864e-08, 1.25498014758e-10, 1.15452959693e-11, 1.11475488129e-12, 5.87791195382e-14, 2.16353898772e-14]
        max: [3.20429899148e-06, 0.00150094367564, 0.00238876906224, 0.00170217268169, 0.008619857952, 0.00485412636772, 0.00205641309731, 0.00103878823575, 0.00145406322554, 0.00159877899569, 0.000838137872051, 0.000337267032592, 0.000419140647864, 0.00127844524104, 0.00190315989312, 0.00215644855052, 0.00471081817523, 0.00337483291514, 0.0029740894679, 0.00152255140711, 0.00155084230937, 0.000659064855427, 7.14757552487e-05, 1.91624185391e-05, 8.95098219189e-06, 1.36260860018e-06, 1.3680913753e-06]
        mean: [9.01704027001e-08, 9.71527915681e-05, 0.000316679303069, 0.000182132862392, 0.00048746514949, 0.000710665131919, 0.000297141406918, 0.000162227341207, 0.000230755409575, 0.000182478775969, 0.000106531653728, 5.89322371525e-05, 2.74751710094e-05, 5.61782144359e-05, 0.000192272826098, 0.000209549281863, 0.000930199050345, 0.000306784146233, 0.000227933182032, 0.000115274051495, 5.67533024878e-05, 1.88816084119e-05, 2.86933618554e-06, 1.26673523937e-06, 7.26483619928e-07, 9.3558483627e-08, 3.60558427559e-09]
        min: [8.54948611906e-11, 2.30650254451e-09, 2.68444955154e-09, 4.20659596045e-09, 1.89209643509e-08, 2.52028087289e-08, 1.62969300277e-08, 3.77990660994e-09, 4.14000300708e-09, 6.16171291767e-09, 4.7959280991e-09, 1.38549598461e-08, 1.43889336002e-08, 1.3740191207e-08, 1.26234467324e-09, 2.33086385748e-08, 2.61832369119e-08, 3.88656857808e-08, 2.86552364059e-08, 1.35716540228e-08, 5.78071190915e-09, 3.18518900144e-09, 2.09631978443e-09, 8.42370284637e-10, 4.83316164868e-10, 2.21967322994e-11, 6.14659690333e-14]
        var: [1.040497102e-13, 3.13171923949e-08, 8.37725480096e-08, 4.73284416103e-08, 4.24150613298e-07, 5.46714659322e-07, 8.37268885334e-08, 2.11074659973e-08, 4.04169178125e-08, 3.90100964864e-08, 1.20740359932e-08, 2.18200968405e-09, 1.90221549623e-09, 1.16529577099e-08, 7.03882463426e-08, 6.9839430239e-08, 5.90242905218e-07, 1.18986690723e-07, 1.31056040686e-07, 3.86299241484e-08, 2.26784813151e-08, 4.19268930685e-09, 5.69774089021e-11, 8.91591227931e-12, 2.66583716907e-12, 4.58579741292e-14, 4.32050584681e-15]
    mfcc:
        mean: [-734.038391113, 166.329559326, -72.8493118286, 63.4603347778, -7.21850585938, -20.6518421173, -14.4362287521, 1.12423610687, 5.61180067062, -10.1336078644, -9.63436985016, -1.96577429771, -3.33577179909]
        cov: [[2423.71655273, -1426.15258789, 647.508056641, -157.051345825, -41.5025520325, 164.321105957, 55.2672691345, -50.6607284546, 9.00140666962, 103.558509827, 44.5261116028, -86.081199646, -44.4214897156], [-1426.15258789, 1495.36975098, -770.827148438, 281.285247803, 0.963503360748, -149.077987671, -51.1621246338, 53.9654273987, 19.8914451599, -69.2908706665, -53.3209571838, 47.9081954956, 38.5705032349], [647.508056641, -770.827148438, 723.697570801, -227.069458008, 30.8004646301, 121.443618774, 8.10847759247, -22.2534999847, -13.1062669754, 16.4036769867, 64.8533172607, 2.15017533302, -12.6547250748], [-157.051345825, 281.285247803, -227.069458008, 201.851760864, -13.008067131, -21.8114585876, 5.93926668167, 6.6685051918, 9.1622428894, -2.91028141975, -10.2577476501, 26.954164505, 10.4477033615], [-41.5025520325, 0.963503360748, 30.8004646301, -13.008067131, 87.4812774658, 4.56471920013, 6.89398908615, 18.7316627502, -2.65404486656, -8.06098270416, 9.69737815857, 14.0018873215, 16.6182346344], [164.321105957, -149.077987671, 121.443618774, -21.8114585876, 4.56471920013, 112.371299744, 12.9750976562, -13.3172483444, -9.83594512939, 7.38699579239, 13.7788143158, 10.7655382156, 4.97512435913], [55.2672691345, -51.1621246338, 8.10847759247, 5.93926668167, 6.89398908615, 12.9750976562, 60.1418380737, 9.38699817657, 3.02744603157, 5.48190879822, 4.40508317947, -3.01183128357, 8.99181556702], [-50.6607284546, 53.9654273987, -22.2534999847, 6.6685051918, 18.7316627502, -13.3172483444, 9.38699817657, 93.0923156738, 30.2744846344, 12.1323261261, 7.07467794418, 0.940942525864, 12.1942138672], [9.00140666962, 19.8914451599, -13.1062669754, 9.1622428894, -2.65404486656, -9.83594512939, 3.02744603157, 30.2744846344, 72.420173645, 20.7235221863, -3.41495370865, -2.37505245209, -0.813139140606], [103.558509827, -69.2908706665, 16.4036769867, -2.91028141975, -8.06098270416, 7.38699579239, 5.48190879822, 12.1323261261, 20.7235221863, 79.7245254517, 15.1033792496, -13.3917942047, 8.42158317566], [44.5261116028, -53.3209571838, 64.8533172607, -10.2577476501, 9.69737815857, 13.7788143158, 4.40508317947, 7.07467794418, -3.41495370865, 15.1033792496, 56.4361572266, 13.9840230942, 8.88344192505], [-86.081199646, 47.9081954956, 2.15017533302, 26.954164505, 14.0018873215, 10.7655382156, -3.01183128357, 0.940942525864, -2.37505245209, -13.3917942047, 13.9840230942, 60.7855453491, 15.3334360123], [-44.4214897156, 38.5705032349, -12.6547250748, 10.4477033615, 16.6182346344, 4.97512435913, 8.99181556702, 12.1942138672, -0.813139140606, 8.42158317566, 8.88344192505, 15.3334360123, 52.7272949219]]
        icov: [[0.00110647268593, 0.00117394386325, 4.47795137006e-05, -0.000903800828382, 0.000202417009859, -0.000422637473093, 0.000239761924604, 1.18306988952e-05, -0.000348474859493, -9.58172386163e-05, -0.000188610691112, 0.00111107202247, -8.56841579662e-05], [0.00117394386325, 0.00309306266718, 0.00178277376108, -0.00146167492494, -7.6032767538e-05, -0.000161058356753, 0.00173398572952, -0.000558062281925, -0.000731019885279, 0.00124015938491, -0.000705986400135, 0.000596423633397, -0.000947419845033], [4.47795137006e-05, 0.00178277376108, 0.00457257265225, 0.0024738733191, -0.0006654181052, -0.00198117666878, 0.00117398716975, -5.46913906874e-05, -0.000808191485703, 0.00119084003381, -0.00273381592706, -0.0012184571242, 0.000162216951139], [-0.000903800828382, -0.00146167492494, 0.0024738733191, 0.00972670689225, 0.000903368694708, -0.000659997633193, -0.00195937138051, 0.000379325123504, -0.000351413298631, -0.000775946304202, -0.000305477296934, -0.00499356398359, 0.000620339764282], [0.000202417009859, -7.6032767538e-05, -0.0006654181052, 0.000903368694708, 0.0137222930789, 0.000130192769575, -0.00118666607887, -0.00269366777502, 0.000858864514157, 0.00163875101134, -0.000679341552313, -0.00186973239761, -0.00321471597999], [-0.000422637473093, -0.000161058356753, -0.00198117666878, -0.000659997633193, 0.000130192769575, 0.0121127245948, -0.00223557371646, 0.00117605994456, 0.00132755865343, -0.00112351891585, 0.000519377063029, -0.00252351188101, -0.000811372243334], [0.000239761924604, 0.00173398572952, 0.00117398716975, -0.00195937138051, -0.00118666607887, -0.00223557371646, 0.0195276327431, -0.00187321379781, -0.000785836833529, 0.00123126618564, -0.00133619608823, 0.0029062947724, -0.00353722530417], [1.18306988952e-05, -0.000558062281925, -5.46913906874e-05, 0.000379325123504, -0.00269366777502, 0.00117605994456, -0.00187321379781, 0.0142176756635, -0.00558516988531, -0.000724782119505, -0.00195162522141, 0.000917019206099, -0.00180899375118], [-0.000348474859493, -0.000731019885279, -0.000808191485703, -0.000351413298631, 0.000858864514157, 0.00132755865343, -0.000785836833529, -0.00558516988531, 0.0180880017579, -0.00502635724843, 0.00328490743414, -0.00183154491242, 0.00220750691369], [-9.58172386163e-05, 0.00124015938491, 0.00119084003381, -0.000775946304202, 0.00163875101134, -0.00112351891585, 0.00123126618564, -0.000724782119505, -0.00502635724843, 0.0175254270434, -0.00586616108194, 0.00520768668503, -0.00440396135673], [-0.000188610691112, -0.000705986400135, -0.00273381592706, -0.000305477296934, -0.000679341552313, 0.000519377063029, -0.00133619608823, -0.00195162522141, 0.00328490743414, -0.00586616108194, 0.0239816550165, -0.00595050957054, -0.000716096838005], [0.00111107202247, 0.000596423633397, -0.0012184571242, -0.00499356398359, -0.00186973239761, -0.00252351188101, 0.0029062947724, 0.000917019206099, -0.00183154491242, 0.00520768668503, -0.00595050957054, 0.0247086975724, -0.00572644779459], [-8.56841579662e-05, -0.000947419845033, 0.000162216951139, 0.000620339764282, -0.00321471597999, -0.000811372243334, -0.00353722530417, -0.00180899375118, 0.00220750691369, -0.00440396135673, -0.000716096838005, -0.00572644779459, 0.0241370946169]]
    spectral_contrast:
        mean: [6.01168721914e-07, 3.13288722964e-07, -1.45700241205e-07, -2.80776504269e-08, -3.01679534687e-07, 4.41515872751e-08, 3.92528318116e-06, -9.19732769944e-07, 4.60832190186e-08, -1.37283848289e-07, 2.98795885101e-06, -5.57965722692e-06]
        var: [0.000521866139024, 0.000760384777095, 0.00156690506265, 0.00197569397278, 0.00258793518879, 0.0030579501763, 0.0491820089519, 0.0906688719988, 0.119919113815, 0.260504454374, 0.423485219479, 2.39345550537]

rhythm:
    beats_loudness:
        dmean: 0.00276263686828
        dmean2: 0.00488185836002
        dvar: 5.48953494217e-06
        dvar2: 1.82130934263e-05
        max: 0.012809577398
        mean: 0.00679855141789
        min: 0.00359478965402
        var: 5.87651902606e-06
    beats_loudness_bass:
        dmean: 0.182376399636
        dmean2: 0.354090929031
        dvar: 0.0252329241484
        dvar2: 0.0705300420523
        max: 0.577796399593
        mean: 0.157345935702
        min: 0.0123943807557
        var: 0.0223625563085
    bpm: 84.3046646118
    bpm_confidence: 0
    first_peak_bpm: 84
    first_peak_spread: 0
    first_peak_weight: 0.923076927662
    onset_rate: 3.87784099579
    second_peak_bpm: 65
    second_peak_spread: 0
    second_peak_weight: 0.0769230797887
    beats_position: [0.120386824012, 0.831933915615, 1.54348087311, 2.25502800941, 2.9665749073, 3.67812204361, 4.3896689415, 5.10121583939, 5.81276273727, 6.73149633408, 7.44346570969, 8.15543460846, 8.8674030304, 9.57937240601]
    bpm_estimates: [84.49269104, 84.2483520508, 84.4520874023, 84.3962402344, 84.2916717529, 84.2409057617, 84.2761917114, 84.2269973755, 84.1927032471, 84.4164581299, 84.1850891113, 84.3557052612, 84.2274551392, 84.2275466919, 84.2616043091, 84.38306427]
    bpm_intervals: [0.711547076702, 0.711546957493, 0.711547136307, 0.711546897888, 0.711547136307, 0.711546897888, 0.711546897888, 0.711546897888, 0.918733596802, 0.71196937561, 0.711968898773, 0.711968421936, 0.71196937561]
    onset_times: [0.0580498874187, 0.661768734455, 0.824308395386, 1.18421769142, 1.39319729805, 1.54412698746, 1.75310659409, 1.90403628349, 2.2523355484, 2.5890250206, 2.62385487556, 2.96054410934, 3.12308382988, 3.27401351929, 3.42494320869, 3.54104304314, 3.68036270142, 4.04027223587, 4.37696123123, 4.76009082794, 5.10838985443, 5.41024923325, 5.50312948227, 5.8282084465, 6.18811798096, 6.37387752533, 6.52480745316, 6.8963265419, 7.08208608627, 7.24462604523, 7.59292507172, 7.9644446373, 8.33596324921, 8.51011371613, 8.67265319824, 9.04417228699, 9.39247131348, 9.74077129364, 9.93814086914]
    rubato_start: []
    rubato_stop: []
    perceptual_tempo: "unknown"

sfx:
    inharmonicity:
        dmean: 0.0499218665063
        dmean2: 0.0889250785112
        dvar: 0.00424708239734
        dvar2: 0.0125789800659
        max: 0.400912374258
        mean: 0.0477111525834
        min: 0
        var: 0.00371278612874
    oddtoevenharmonicenergyratio:
        dmean: 2.00100255013
        dmean2: 3.67079901695
        dvar: 36.0407447815
        dvar2: 99.6290359497
        max: 50.3073348999
        mean: 1.65792155266
        min: 0
        var: 25.4773216248
    pitch_after_max_to_before_max_energy_ratio: 23.7641639709
    pitch_centroid: 234.340423584
    pitch_max_to_total: 0.076388888061
    pitch_min_to_total: 0.460648149252
    tristimulus:
        dmean: [0.157425999641, 0.178595140576, 0.101054519415]
        dmean2: [0.280143737793, 0.30839329958, 0.177834033966]
        dvar: [0.0263766348362, 0.0311764739454, 0.0112748341635]
        dvar2: [0.0702131390572, 0.0849689543247, 0.0323083028197]
        max: [1, 0.971515119076, 0.565227031708]
        mean: [0.370249778032, 0.477943599224, 0.111454628408]
        min: [0.00177545729093, 0, 0]
        var: [0.0361909158528, 0.0471641160548, 0.012054271996]

tonal:
    chords_changes_rate: 0.0322580635548
    chords_number_rate: 0.0184331797063
    chords_strength:
        dmean: 0.0067401737906
        dmean2: 0.00510841188952
        dvar: 2.95250247291e-05
        dvar2: 2.17243468796e-05
        max: 0.634110808372
        mean: 0.49292781949
        min: 0.34123775363
        var: 0.00452243164182
    key_strength: 0.8622610569
    tuning_diatonic_strength: 0.623563110828
    tuning_equal_tempered_deviation: 0.111448228359
    tuning_frequency: 442.03793335
    tuning_nontempered_energy_ratio: 0.653034389019
    hpcp:
        dmean: [0.0456322133541, 0.0457497052848, 0.119426764548, 0.122828178108, 0.0825999900699, 0.0379669442773, 0.0460998080671, 0.0478802360594, 0.0905441790819, 0.117448635399, 0.0742675811052, 0.0451246835291, 0.0375355444849, 0.0356974676251, 0.123819828033, 0.157552704215, 0.110925860703, 0.134438216686, 0.148136377335, 0.155373886228, 0.125512763858, 0.0571110248566, 0.0476221367717, 0.0973661616445, 0.14878423512, 0.119027025998, 0.0536211319268, 0.045229151845, 0.070868127048, 0.123488180339, 0.152822464705, 0.105671413243, 0.0963772013783, 0.092244848609, 0.0816665515304, 0.0575780384243]
        dmean2: [0.0774617642164, 0.0765435323119, 0.194430828094, 0.192809760571, 0.132332414389, 0.0645286440849, 0.0812156498432, 0.083868548274, 0.146947056055, 0.202102437615, 0.125334352255, 0.0745320096612, 0.0639399364591, 0.0593833737075, 0.190529063344, 0.238372996449, 0.185837104917, 0.218373388052, 0.231551498175, 0.257657021284, 0.212723731995, 0.100151561201, 0.0812400728464, 0.1523257792, 0.248665511608, 0.198827177286, 0.091867543757, 0.0768415033817, 0.129039078951, 0.190794587135, 0.239793211222, 0.181448146701, 0.164548903704, 0.147597819567, 0.13308057189, 0.0902179703116]
        dvar: [0.00834129285067, 0.00782050285488, 0.0201336871833, 0.0281564574689, 0.0101209888235, 0.00412633083761, 0.0112496362999, 0.00727074546739, 0.0201073810458, 0.0315195918083, 0.00980712007731, 0.00416908599436, 0.00316644203849, 0.00282771047205, 0.0166735313833, 0.0279982779175, 0.0176361408085, 0.0239616837353, 0.0333345271647, 0.027385244146, 0.0270013380796, 0.0131648434326, 0.0119836460799, 0.0134877990931, 0.0359227471054, 0.0220696367323, 0.0128963878378, 0.0132955359295, 0.0231308974326, 0.0244602523744, 0.0293033458292, 0.0198211036623, 0.0226251315325, 0.0186397396028, 0.0149455405772, 0.00671460386366]
        dvar2: [0.0234142970294, 0.021527774632, 0.052714843303, 0.0624617896974, 0.0228795781732, 0.0107006365433, 0.0334217064083, 0.0211148727685, 0.0464545711875, 0.0807910710573, 0.02537480928, 0.0111360643059, 0.00914745498449, 0.00740992464125, 0.0400614887476, 0.0575167238712, 0.043673556298, 0.0557253547013, 0.0724018067122, 0.0710089057684, 0.0666745901108, 0.0365380123258, 0.0329746678472, 0.0279498640448, 0.0778663754463, 0.0515906214714, 0.0285975541919, 0.0357033461332, 0.0668757334352, 0.0515357144177, 0.0645817890763, 0.0482407733798, 0.0638242587447, 0.0447488464415, 0.0387453399599, 0.0140498597175]
        max: [0.756032586098, 0.787816107273, 1, 1, 0.926974952221, 0.59456127882, 1, 0.64503967762, 1, 1, 0.70005095005, 0.482421666384, 0.364825338125, 0.567191958427, 0.951371848583, 1, 1, 1, 1, 1, 1, 0.927060842514, 1, 1, 1, 1, 1, 0.968981206417, 1, 1, 1, 1, 1, 1, 1, 0.705657064915]
        mean: [0.0612074434757, 0.0504968352616, 0.303245007992, 0.488483756781, 0.235006600618, 0.0523860901594, 0.055604249239, 0.0591154061258, 0.216313719749, 0.301178842783, 0.150204360485, 0.0596379749477, 0.0476973578334, 0.0554325208068, 0.247792065144, 0.351766467094, 0.220363140106, 0.344325512648, 0.449110388756, 0.340520381927, 0.221370488405, 0.0861361771822, 0.0547175444663, 0.246819972992, 0.38953986764, 0.211601361632, 0.0580917671323, 0.0432172194123, 0.07235686481, 0.28390455246, 0.377861440182, 0.192734181881, 0.141193762422, 0.160731270909, 0.116405390203, 0.0895930975676]
        min: [0.00202974653803, 0.00101729901507, 0.0177650563419, 0.0165068525821, 0.00511820288375, 0.000798899098299, 0.00102086458355, 0.00047962134704, 0.00151797209401, 0.00329833175056, 0.00244628032669, 0.000678386189975, 0.000751204439439, 0.000874499964993, 0.00321326358244, 0.00478991260752, 0.00818315148354, 0.00313148950227, 0.00725063029677, 0.0231604855508, 0.00454022502527, 0.000728256534785, 0.000596512516495, 0.00474714161828, 0.00184797868133, 0.00341689353809, 0.000293154997053, 0.00045058640535, 0.00185025995597, 0.010159178637, 0.0148296309635, 0.0045658973977, 0.000556940445676, 0.000536713458132, 0.000980581156909, 0.00159902917221]
        var: [0.00905455555767, 0.00653719389811, 0.0557436160743, 0.134538561106, 0.0330584570765, 0.00444386387244, 0.00860825181007, 0.0072482204996, 0.0640940964222, 0.109513841569, 0.0211184453219, 0.00422255275771, 0.00319902575575, 0.00420983927324, 0.0428066551685, 0.0757794603705, 0.0321929380298, 0.0780101567507, 0.111698940396, 0.064890243113, 0.059882581234, 0.0119647197425, 0.00902469363064, 0.0567821115255, 0.112804755569, 0.0396513417363, 0.0221284087747, 0.0116686932743, 0.0173088442534, 0.0578073896468, 0.0799252837896, 0.0263842772692, 0.0398393198848, 0.0551880821586, 0.0264682080597, 0.0159638077021]
    chords_histogram: [33.6405525208, 15.6682024002, 15.2073736191, 0, 0, 0, 0, 0, 0, 0, 0, 0, 0, 0, 0, 0, 0, 0, 0, 0, 0, 0, 0, 35.48387146]
    thpcp: [1, 0.481094002724, 0.107242234051, 0.113830290735, 0.12101816386, 0.442826837301, 0.616558551788, 0.307491004467, 0.122087940574, 0.0976436957717, 0.11347874254, 0.507267773151, 0.720119059086, 0.451116621494, 0.704886317253, 0.91939675808, 0.697096645832, 0.453178822994, 0.176333755255, 0.112015075982, 0.505277752876, 0.797446906567, 0.433179944754, 0.118922621012, 0.0884721726179, 0.148125424981, 0.581195473671, 0.773539423943, 0.394555956125, 0.289044946432, 0.329041182995, 0.238299414515, 0.183410599828, 0.125300884247, 0.103374645114, 0.6207883358]
    chords_key: "C"
    chords_scale: "minor"
    key_key: "D#"
    key_scale: "major"
    chords_progression: ["A#", "A#", "A#", "A#", "A#", "A#", "A#", "Gm", "Gm", "Gm", "Gm", "Gm", "Gm", "Gm", "Gm", "Gm", "Gm", "Gm", "Gm", "Gm", "Gm", "Gm", "Gm", "Gm", "Gm", "Gm", "Gm", "Gm", "Gm", "Gm", "Gm", "Gm", "Gm", "Gm", "Gm", "Gm", "Gm", "Gm", "Gm", "Gm", "Gm", "D#", "D#", "D#", "D#", "D#", "D#", "D#", "D#", "D#", "D#", "D#", "D#", "D#", "D#", "A#", "A#", "A#", "D#", "D#", "D#", "D#", "D#", "D#", "D#", "D#", "D#", "D#", "D#", "D#", "D#", "D#", "D#", "D#", "D#", "D#", "D#", "D#", "D#", "D#", "D#", "D#", "D#", "D#", "D#", "D#", "D#", "D#", "D#", "D#", "D#", "D#", "D#", "D#", "D#", "D#", "D#", "D#", "D#", "D#", "D#", "D#", "D#", "D#", "D#", "D#", "D#", "D#", "D#", "D#", "D#", "D#", "Cm", "Cm", "Cm", "Cm", "Cm", "Cm", "Cm", "Cm", "Cm", "Cm", "Cm", "Cm", "Cm", "Cm", "Cm", "Cm", "Cm", "Cm", "Cm", "Cm", "Cm", "Cm", "Cm", "Cm", "Cm", "Cm", "Cm", "Cm", "Cm", "Cm", "Cm", "Cm", "Cm", "Cm", "Cm", "Cm", "Cm", "Cm", "Cm", "Cm", "Cm", "Cm", "Cm", "Cm", "Cm", "Cm", "Cm", "Cm", "Cm", "Cm", "Cm", "Cm", "Cm", "Cm", "Cm", "Cm", "Cm", "Cm", "Cm", "Cm", "Cm", "Cm", "Cm", "Cm", "Cm", "Cm", "Cm", "Cm", "Cm", "Cm", "Cm", "Cm", "Cm", "Cm", "Cm", "Cm", "Cm", "D#", "D#", "D#", "D#", "D#", "A#", "A#", "A#", "A#", "A#", "A#", "A#", "A#", "A#", "A#", "A#", "A#", "A#", "A#", "A#", "A#", "A#", "A#", "A#", "A#", "A#", "A#", "A#"]
