
metadata:
    version:
        essentia: "1.2.2"
    audio_properties:
        analysis_sample_rate: 44100
        bitrate: 128
        channels: 2
        equal_loudness: 1
        length: 10.0832653046
        replay_gain: -7.32933998108
        downmix: "mix"
    tags:
        track: 1
        year: 0
        album: "Splitted by Mp3Splt v. 2.1"
        artist: "From 000.00 To 000.10"
        comment: "http://mp3splt.sf.net"
        genre: ""
        title: "02 The Road.mp3"

highlevel:
    ballroom:
        all:
            ChaChaCha: 0.0419797897339
            Jive: 0.101613275707
            Quickstep: 0.0652708038688
            Rumba-American: 0.0022044533398
            Rumba-International: 0.0106305330992
            Rumba-Misc: 0.0060908133164
            Samba: 0.0215893164277
            Tango: 0.515557408333
            VienneseWaltz: 0.179658055305
            Waltz: 0.0554055832326
        probability: 0.515557408333
        value: "Tango"
    culture:
        all:
            non_western: 0.00577292125672
            western: 0.994227051735
        probability: 0.994227051735
        value: "western"
    gender:
        all:
            female: 0.152219593525
            male: 0.847780406475
        probability: 0.847780406475
        value: "male"
    genre_dortmund:
        all:
            alternative: 0.103534981608
            blues: 0.146564424038
            electronic: 0.018810255453
            folkcountry: 0.257143884897
            funksoulrnb: 0.0182089880109
            jazz: 0.241359934211
            pop: 0.0427150093019
            raphiphop: 0.00270902877674
            rock: 0.168953493237
        probability: 0.257143884897
        value: "folkcountry"
    genre_electronica:
        all:
            ambient: 0.401080906391
            dnb: 0.145140901208
            house: 0.283941209316
            techno: 0.0420341938734
            trance: 0.127802789211
        probability: 0.401080906391
        value: "ambient"
    genre_rosamerica:
        all:
            cla: 0.176220282912
            dan: 0.016188075766
            hip: 0.0126325888559
            jaz: 0.0280308369547
            pop: 0.0643591284752
            rhy: 0.0241123177111
            roc: 0.673826873302
            spe: 0.00462991697714
        probability: 0.673826873302
        value: "roc"
    genre_tzanetakis:
        all:
            blu: 0.00397884426638
            cla: 0.0146583225578
            cou: 0.283650994301
            dis: 0.0207225009799
            hip: 0.000686999585014
            jaz: 0.0179778505117
            met: 0.00540902046487
            pop: 0.0120349340141
            reg: 0.00886200275272
            roc: 0.632018506527
        probability: 0.632018506527
        value: "roc"
    live_studio:
        all:
            live: 0.0593071132898
            studio: 0.940692901611
        probability: 0.940692901611
        value: "studio"
    mood:
        all:
            Cluster1: 0.412627905607
            Cluster2: 0.225379899144
            Cluster3: 0.18767799437
            Cluster4: 0.10182620585
            Cluster5: 0.0724880173802
        probability: 0.412627905607
        value: "Cluster1"
    mood_acoustic:
        all:
            acoustic: 0.454095005989
            not_acoustic: 0.545904994011
        probability: 0.545904994011
        value: "not_acoustic"
    mood_aggressive:
        all:
            aggressive: 0.0905179381371
            not_aggressive: 0.909482061863
        probability: 0.909482061863
        value: "not_aggressive"
    mood_electronic:
        all:
            electronic: 0.155859291553
            not_electronic: 0.844140708447
        probability: 0.844140708447
        value: "not_electronic"
    mood_happy:
        all:
            happy: 0.745148420334
            not_happy: 0.254851579666
        probability: 0.745148420334
        value: "happy"
    mood_party:
        all:
            not_party: 0.699725687504
            party: 0.300274342299
        probability: 0.699725687504
        value: "not_party"
    mood_relaxed:
        all:
            not_relaxed: 0.627222836018
            relaxed: 0.372777163982
        probability: 0.627222836018
        value: "not_relaxed"
    mood_sad:
        all:
            not_sad: 0.386621505022
            sad: 0.613378465176
        probability: 0.613378465176
        value: "sad"
    rhythm:
        all:
            fast: 0.697271406651
            medium: 0.0505252294242
            slow: 0.252203345299
        probability: 0.697271406651
        value: "fast"
    speech_music:
        all:
            music: 0.995060861111
            speech: 0.00493915937841
        probability: 0.995060861111
        value: "music"
    timbre:
        all:
            bright: 0.999998450279
            dark: 1.53206894993e-06
        probability: 0.999998450279
        value: "bright"
    voice_instrumental:
        all:
            instrumental: 0.189733624458
            voice: 0.810266375542
        probability: 0.810266375542
        value: "voice"

lowlevel:
    average_loudness: 0.964619159698
    barkbands_kurtosis:
        dmean: 0.575626790524
        dmean2: 0.94106388092
        dvar: 1.08898460865
        dvar2: 2.44530749321
        max: 9.35780143738
        mean: -0.674399495125
        min: -1.79417347908
        var: 2.33430886269
    barkbands_skewness:
        dmean: 0.331676006317
        dmean2: 0.52141046524
        dvar: 0.121978096664
        dvar2: 0.292979419231
        max: 3.05571556091
        mean: 0.525316298008
        min: -0.786282360554
        var: 0.416424721479
    barkbands_spread:
        dmean: 3.80211901665
        dmean2: 6.01631784439
        dvar: 13.6375398636
        dvar2: 27.4425678253
        max: 45.3715057373
        mean: 28.5218811035
        min: 10.5713815689
        var: 50.3549194336
    dissonance:
        dmean: 0.0188626777381
        dmean2: 0.0309554431587
        dvar: 0.000365731684724
        dvar2: 0.000712614390068
        max: 0.498698294163
        mean: 0.454007804394
        min: 0.17492634058
        var: 0.000640241836663
    hfc:
        dmean: 1.49395549297
        dmean2: 1.94835162163
        dvar: 5.59427165985
        dvar2: 8.7468624115
        max: 29.2219200134
        mean: 4.93180036545
        min: 0.0023141533602
        var: 23.5918121338
    pitch:
        dmean: 245.232345581
        dmean2: 476.328155518
        dvar: 575934.6875
        dvar2: 1502152.375
        max: 4009.09082031
        mean: 419.361419678
        min: 51.2195129395
        var: 528014.75
    pitch_instantaneous_confidence:
        dmean: 0.0803505629301
        dmean2: 0.11532702297
        dvar: 0.00482234871015
        dvar2: 0.0104247620329
        max: 0.859684705734
        mean: 0.478378176689
        min: 0.16303730011
        var: 0.0236939750612
    pitch_salience:
        dmean: 0.0530435480177
        dmean2: 0.0865900218487
        dvar: 0.00222519156523
        dvar2: 0.0050455420278
        max: 0.886448979378
        mean: 0.586497843266
        min: 0.318933814764
        var: 0.00847999192774
    silence_rate_20dB:
        dmean: 0
        dmean2: 0
        dvar: 0
        dvar2: 0
        max: 1
        mean: 1
        min: 1
        var: 0
    silence_rate_30dB:
        dmean: 0
        dmean2: 0
        dvar: 0
        dvar2: 0
        max: 1
        mean: 1
        min: 1
        var: 0
    silence_rate_60dB:
        dmean: 0.0885780900717
        dmean2: 0.177570089698
        dvar: 0.0807323232293
        dvar2: 0.146039351821
        max: 1
        mean: 0.53953486681
        min: 0
        var: 0.248437732458
    spectral_centroid:
        dmean: 186.003417969
        dmean2: 296.721466064
        dvar: 36493.2382812
        dvar2: 88835.7734375
        max: 2428.51293945
        mean: 1182.23339844
        min: 321.176971436
        var: 134982.34375
    spectral_complexity:
        dmean: 2.90284371376
        dmean2: 3.89786219597
        dvar: 15.1492776871
        dvar2: 23.9349212646
        max: 38
        mean: 11.4917259216
        min: 0
        var: 60.543056488
    spectral_crest:
        dmean: 1.61739230156
        dmean2: 2.68533205986
        dvar: 2.78946423531
        dvar2: 7.09383869171
        max: 18.5838375092
        mean: 7.02999639511
        min: 3.18631029129
        var: 8.66826152802
    spectral_decrease:
        dmean: 2.50152593084e-10
        dmean2: 3.35125066586e-10
        dvar: 1.29503874915e-19
        dvar2: 2.10265356754e-19
        max: -1.9686348092e-13
        mean: -8.71964667137e-10
        min: -3.79576503562e-09
        var: 5.33678061161e-19
    spectral_energy:
        dmean: 0.00106484733988
        dmean2: 0.00139837781899
        dvar: 2.36529172071e-06
        dvar2: 3.74660817215e-06
        max: 0.016486601904
        mean: 0.00373832392506
        min: 9.52909431362e-07
        var: 1.00533934528e-05
    spectral_energyband_high:
        dmean: 4.77204957861e-05
        dmean2: 6.51234004181e-05
        dvar: 9.0695833066e-09
        dvar2: 1.6527717861e-08
        max: 0.000810616707895
        mean: 9.56189032877e-05
        min: 1.11706910388e-07
        var: 2.03699741519e-08
    spectral_energyband_low:
        dmean: 0.000151734580868
        dmean2: 0.000264964648522
        dvar: 9.29659549342e-08
        dvar2: 2.6980441703e-07
        max: 0.0023492211476
        mean: 0.000239080996835
        min: 2.06298285121e-08
        var: 8.22729973038e-08
    spectral_energyband_middle_high:
        dmean: 0.00052143225912
        dmean2: 0.000702529912814
        dvar: 5.55064843866e-07
        dvar2: 9.00210523014e-07
        max: 0.00820237863809
        mean: 0.00163952889852
        min: 6.49449134471e-07
        var: 2.41537941292e-06
    spectral_energyband_middle_low:
        dmean: 0.000614966964349
        dmean2: 0.000900876766536
        dvar: 7.33312333523e-07
        dvar2: 1.50718460645e-06
        max: 0.00842282176018
        mean: 0.00176409550477
        min: 1.61911032137e-07
        var: 2.54383417087e-06
    spectral_flatness_db:
        dmean: 0.0125165050849
        dmean2: 0.0200846921653
        dvar: 0.000139734489494
        dvar2: 0.000307869719109
        max: 0.273353457451
        mean: 0.186108738184
        min: 0.0588793456554
        var: 0.000647339329589
    spectral_flux:
        dmean: 0.0073721613735
        dmean2: 0.0108495764434
        dvar: 0.000109113345388
        dvar2: 0.000186438090168
        max: 0.0851013362408
        mean: 0.0281556770205
        min: 0.00385666196235
        var: 0.000285146612441
    spectral_kurtosis:
        dmean: 3.07333302498
        dmean2: 5.42859888077
        dvar: 7.31422281265
        dvar2: 21.5704212189
        max: 21.1844043732
        mean: 6.12799787521
        min: 0.380910396576
        var: 15.2013368607
    spectral_rms:
        dmean: 0.00028012887924
        dmean2: 0.000353891577106
        dvar: 1.34740957947e-07
        dvar2: 1.92423598833e-07
        max: 0.00401054741815
        mean: 0.00172275968362
        min: 3.0490453355e-05
        var: 6.79244408275e-07
    spectral_rolloff:
        dmean: 359.788085938
        dmean2: 592.648803711
        dvar: 163677.609375
        dvar2: 350361.90625
        max: 3962.109375
        mean: 2495.1015625
        min: 279.931640625
        var: 549783.6875
    spectral_skewness:
        dmean: 0.306707561016
        dmean2: 0.529295325279
        dvar: 0.0746260210872
        dvar2: 0.208184361458
        max: 3.29455065727
        mean: 1.4183986187
        min: 0.467386484146
        var: 0.210971683264
    spectral_spread:
        dmean: 248755.546875
        dmean2: 332544.90625
        dvar: 450762670080
        dvar2: 245487517696
        max: 21323656
        mean: 2780030.25
        min: 1804843.625
        var: 1.11095146086e+12
    spectral_strongpeak:
        dmean: 0.247467279434
        dmean2: 0.428615510464
        dvar: 0.279160916805
        dvar2: 0.73975032568
        max: 5.80198764801
        mean: 0.42591303587
        min: 0.00449765939265
        var: 0.286408901215
    zerocrossingrate:
        dmean: 0.00658485433087
        dmean2: 0.00809085555375
        dvar: 2.96347734547e-05
        dvar2: 3.633428787e-05
        max: 0.11279296875
        mean: 0.0712971463799
        min: 0.01513671875
        var: 0.000308281887555
    barkbands:
        dmean: [7.17651786886e-08, 1.6606756617e-05, 0.0001447507384, 0.000126656203065, 0.000252112193266, 0.000175383247552, 0.000167483914993, 3.59321566066e-05, 0.000114432812552, 4.42068776465e-05, 5.1982478908e-05, 5.16607651662e-05, 6.83645557729e-05, 6.43555540591e-05, 9.16157878237e-05, 9.09225273062e-05, 0.00015905003238, 0.000138685354614, 0.000101161167549, 6.45651234663e-05, 2.20489073399e-05, 5.60512398806e-06, 7.40624273021e-07, 9.68830562442e-08, 3.51612499117e-08, 1.23589616319e-09, 7.9494755223e-10]
        dmean2: [1.24342577124e-07, 2.63306701527e-05, 0.000255984632531, 0.000205865653697, 0.000403083889978, 0.000261410430539, 0.000271531200269, 5.06754477101e-05, 0.000151751140947, 6.75149276503e-05, 7.64176438679e-05, 7.67853707657e-05, 9.88161191344e-05, 9.20915408642e-05, 0.000136343791382, 0.000142266726471, 0.000230086923693, 0.000211576989386, 0.000166490091942, 9.54394490691e-05, 3.14005046675e-05, 7.54350048737e-06, 1.07597929855e-06, 1.33101195843e-07, 4.72432901688e-08, 1.78042514065e-09, 1.25289900677e-09]
        dvar: [3.84989756004e-14, 6.04254812853e-10, 8.86800606281e-08, 6.66832136176e-08, 2.09166785226e-07, 9.20977001329e-08, 1.6925397972e-07, 4.27457180763e-09, 4.037576673e-08, 5.85416159993e-09, 1.43560514587e-08, 4.83230877535e-09, 1.15339053863e-08, 1.12166400612e-08, 1.88548963109e-08, 2.0821083524e-08, 7.37729948241e-08, 6.73190356792e-08, 2.26232970135e-08, 2.1736692446e-08, 2.31102648129e-09, 1.29211544242e-10, 2.98311505706e-12, 3.91040552803e-14, 9.1825689847e-15, 7.92398991284e-17, 8.31700128897e-17]
        dvar2: [1.09942918213e-13, 1.27490662472e-09, 2.60587938783e-07, 1.57016174285e-07, 5.2900566061e-07, 1.96418824316e-07, 3.77917871219e-07, 8.77052386272e-09, 6.6383663011e-08, 1.45887399938e-08, 2.51550904551e-08, 1.12266445029e-08, 2.51912073423e-08, 2.34424053502e-08, 4.06078157766e-08, 4.91822902404e-08, 1.70387863818e-07, 1.57616938168e-07, 5.07227966295e-08, 4.28104165451e-08, 4.2162082714e-09, 2.46845016649e-10, 6.4592315871e-12, 8.38631532382e-14, 1.92894694494e-14, 1.98678936377e-16, 2.0914944151e-16]
        max: [1.87103273674e-06, 0.000322879233863, 0.00230703596026, 0.00238758628257, 0.00354144605808, 0.00369995739311, 0.00753703340888, 0.000789715966675, 0.00246163969859, 0.000931819144171, 0.00151071022265, 0.000692950561643, 0.00133502203971, 0.00109838962089, 0.00160080054775, 0.00134673377033, 0.00412798300385, 0.00244973250665, 0.00134335423354, 0.00231016054749, 0.000482279254356, 0.000102454570879, 1.58873735927e-05, 1.74512524609e-06, 9.41291432355e-07, 1.30133457787e-07, 1.33953903969e-07]
        mean: [1.86665076285e-07, 5.28717027919e-05, 0.000186026096344, 0.000235863801208, 0.000442894175649, 0.000342438725056, 0.000462278403575, 7.01445751474e-05, 0.000201636619749, 7.75702283136e-05, 8.76404956216e-05, 8.51906152093e-05, 0.000120753051306, 9.74656359176e-05, 0.000145871075802, 0.000166328754858, 0.000287265487714, 0.000256670638919, 0.000227320895647, 0.000138805000461, 4.12685330957e-05, 1.04732871478e-05, 1.18209470656e-06, 1.38954220574e-07, 4.07276807834e-08, 1.28553923062e-09, 4.53336451711e-10]
        min: [9.3381330446e-11, 1.18979954777e-08, 9.35171828864e-10, 4.06443501078e-09, 2.66661892567e-08, 3.2346818557e-08, 4.85229101344e-08, 6.07811578845e-09, 3.14697174986e-08, 7.6555124906e-08, 2.46831888262e-08, 3.6014466076e-08, 7.01849733886e-09, 2.62883705915e-08, 2.31757333324e-08, 2.55551935169e-08, 8.03705759722e-08, 1.32249823537e-07, 1.89812851659e-07, 1.08269425425e-07, 1.94096436701e-08, 1.26531300992e-08, 3.15725534605e-09, 1.21956100774e-09, 4.92003715546e-10, 8.81887965432e-11, 2.09531339761e-13]
        var: [5.48716210273e-14, 2.69671440734e-09, 7.39414716122e-08, 1.1708034009e-07, 3.48689667362e-07, 2.40869667323e-07, 1.05454716959e-06, 1.30372894702e-08, 1.04341317808e-07, 9.99988358785e-09, 3.88619554315e-08, 1.19808944987e-08, 2.8816081965e-08, 2.34068640026e-08, 4.27534061487e-08, 4.68511522911e-08, 1.53785393309e-07, 1.33940872615e-07, 7.13976575639e-08, 6.15295761008e-08, 4.59595828062e-09, 2.9580463079e-10, 4.52514675037e-12, 6.45156603379e-14, 1.17465597389e-14, 4.19964394641e-17, 4.23031084044e-17]
    mfcc:
        mean: [-770.036499023, 170.119537354, -85.3217926025, 72.029510498, -20.4973373413, -0.244401305914, -10.4077882767, -1.98172163963, -8.78338813782, -7.44889831543, -4.41842126846, -7.78219461441, -2.5624153614]
        cov: [[5598.53271484, -1040.57666016, -38.661693573, 93.6028518677, -163.278579712, 274.352294922, -146.50970459, 205.41885376, -52.7571563721, 77.2631530762, -0.642191529274, 138.54598999, 7.64234209061], [-1040.57666016, 711.508056641, -167.007141113, -69.3721389771, 77.4797134399, -49.7990646362, 69.9268112183, -17.9881496429, 46.2345848083, 3.53386616707, 33.315032959, -27.6320495605, -10.3515520096], [-38.661693573, -167.007141113, 255.902175903, 80.9049301147, 36.6017227173, 26.9919776917, 40.0098342896, 19.9110393524, 22.3420715332, 4.68467855453, -2.68577861786, 9.68378257751, 22.5075969696], [93.6028518677, -69.3721389771, 80.9049301147, 192.669799805, 13.1845264435, 65.1728591919, -14.8909606934, 18.9007358551, -9.96211528778, 25.0790367126, 10.690202713, 25.7634372711, 41.286441803], [-163.278579712, 77.4797134399, 36.6017227173, 13.1845264435, 135.447601318, 23.4879055023, 44.9891433716, -6.55120182037, 27.604473114, -3.14397644997, 7.08794498444, -9.25110530853, 5.99918651581], [274.352294922, -49.7990646362, 26.9919776917, 65.1728591919, 23.4879055023, 121.972259521, 20.2420787811, 49.8349189758, -1.7481918335, 25.6921195984, 20.4948635101, 21.0756397247, 12.528673172], [-146.50970459, 69.9268112183, 40.0098342896, -14.8909606934, 44.9891433716, 20.2420787811, 94.4053649902, 31.6308956146, 37.1803741455, 5.18838262558, 11.07026577, -1.57989776134, 5.39691114426], [205.41885376, -17.9881496429, 19.9110393524, 18.9007358551, -6.55120182037, 49.8349189758, 31.6308956146, 92.2246170044, 20.2940444946, 20.299243927, -2.92359185219, 18.8921813965, 13.9112129211], [-52.7571563721, 46.2345848083, 22.3420715332, -9.96211528778, 27.604473114, -1.7481918335, 37.1803741455, 20.2940444946, 69.5238189697, 8.18685626984, 0.905651628971, -10.7166347504, 3.74025630951], [77.2631530762, 3.53386616707, 4.68467855453, 25.0790367126, -3.14397644997, 25.6921195984, 5.18838262558, 20.299243927, 8.18685626984, 65.64478302, 36.2733039856, 23.4922885895, 12.7163591385], [-0.642191529274, 33.315032959, -2.68577861786, 10.690202713, 7.08794498444, 20.4948635101, 11.07026577, -2.92359185219, 0.905651628971, 36.2733039856, 77.9115829468, 34.699886322, 12.550031662], [138.54598999, -27.6320495605, 9.68378257751, 25.7634372711, -9.25110530853, 21.0756397247, -1.57989776134, 18.8921813965, -10.7166347504, 23.4922885895, 34.699886322, 70.8829727173, 35.4293670654], [7.64234209061, -10.3515520096, 22.5075969696, 41.286441803, 5.99918651581, 12.528673172, 5.39691114426, 13.9112129211, 3.74025630951, 12.7163591385, 12.550031662, 35.4293670654, 62.0727424622]]
        icov: [[0.000338297191774, 0.000542009191122, 0.000449336163001, 5.98431324761e-05, -6.61175363348e-05, -0.000466254743515, 0.000353663199348, -0.000495456217322, -0.000356326898327, -3.60504054697e-05, 1.89591446542e-05, -0.000476053712191, 0.00032353179995], [0.000542009191122, 0.00329358899035, 0.00289141270332, -0.000600303406827, -0.00134904356673, 0.000857477483805, -0.00159782345872, -0.000924579508137, -0.00110134645365, -0.000100813136669, -0.00116363994312, 4.83708463435e-05, 0.00043149193516], [0.000449336163001, 0.00289141270332, 0.00773348007351, -0.00316383526661, -0.0015436046524, 0.00130907283165, -0.00394677370787, -0.000496979278978, -0.00182001129724, 0.000278477353277, -1.2192424947e-05, -0.000876124715433, 0.000621708168183], [5.98431324761e-05, -0.000600303406827, -0.00316383526661, 0.00947988498956, -0.000176694069523, -0.00500418944284, 0.00428959634155, 0.000527469965164, 0.000960548233707, -0.00194701110013, 0.00087480788352, 0.000979090225883, -0.00512439804152], [-6.61175363348e-05, -0.00134904356673, -0.0015436046524, -0.000176694069523, 0.0112489135936, -0.00386837124825, -0.00360915856436, 0.0047851819545, -0.00270302034914, 0.00118124682922, 0.000629453745205, 0.000612815842032, -0.00116076972336], [-0.000466254743515, 0.000857477483805, 0.00130907283165, -0.00500418944284, -0.00386837124825, 0.016942191869, -0.00302506959997, -0.00783622357994, 0.00404728483409, -0.000911398034077, -0.0041253818199, 0.00125382677652, 0.0020889211446], [0.000353663199348, -0.00159782345872, -0.00394677370787, 0.00428959634155, -0.00360915856436, -0.00302506959997, 0.0216404013336, -0.0067044030875, -0.00496614770964, 0.00202336907387, -0.00349667598493, 0.00130654848181, -0.0013056837488], [-0.000495456217322, -0.000924579508137, -0.000496979278978, 0.000527469965164, 0.0047851819545, -0.00783622357994, -0.0067044030875, 0.0222743730992, -0.00494941743091, -0.00450157886371, 0.00852570123971, -0.00566623732448, -0.000822856265586], [-0.000356326898327, -0.00110134645365, -0.00182001129724, 0.000960548233707, -0.00270302034914, 0.00404728483409, -0.00496614770964, -0.00494941743091, 0.0224459562451, -0.00346598844044, -0.00104474939872, 0.00651318579912, -0.00328216888011], [-3.60504054697e-05, -0.000100813136669, 0.000278477353277, -0.00194701110013, 0.00118124682922, -0.000911398034077, 0.00202336907387, -0.00450157886371, -0.00346598844044, 0.0244539603591, -0.0109484819695, -0.000904930871911, 1.36464368552e-05], [1.89591446542e-05, -0.00116363994312, -1.2192424947e-05, 0.00087480788352, 0.000629453745205, -0.0041253818199, -0.00349667598493, 0.00852570123971, -0.00104474939872, -0.0109484819695, 0.025053171441, -0.0118355462328, 0.00238726963289], [-0.000476053712191, 4.83708463435e-05, -0.000876124715433, 0.000979090225883, 0.000612815842032, 0.00125382677652, 0.00130654848181, -0.00566623732448, 0.00651318579912, -0.000904930871911, -0.0118355462328, 0.0304528195411, -0.0146186267957], [0.00032353179995, 0.00043149193516, 0.000621708168183, -0.00512439804152, -0.00116076972336, 0.0020889211446, -0.0013056837488, -0.000822856265586, -0.00328216888011, 1.36464368552e-05, 0.00238726963289, -0.0146186267957, 0.0273699201643]]
    spectral_contrast:
        mean: [3.43404821024e-07, -4.14603675836e-08, -2.35027954432e-07, -3.67984711147e-07, -2.73152721775e-07, -1.6084798915e-07, 1.05801768768e-06, 3.27022371494e-06, -1.975830628e-06, 4.5051529014e-06, 4.38566166849e-06, 8.08255890661e-07]
        var: [0.000342077517416, 0.000522834248841, 0.00124292820692, 0.00226489896886, 0.0023941739928, 0.00622421083972, 0.066397331655, 0.092385917902, 0.120850458741, 0.26795783639, 0.489904224873, 2.57619953156]

rhythm:
    beats_loudness:
        dmean: 0.00334441591986
        dmean2: 0.00528847565874
        dvar: 5.22020218341e-06
        dvar2: 1.10653090815e-05
        max: 0.0145547129214
        mean: 0.00730952294543
        min: 0.00169081194326
        var: 1.0172160728e-05
    beats_loudness_bass:
        dmean: 0.117904186249
        dmean2: 0.204780817032
        dvar: 0.0107078868896
        dvar2: 0.03276822716
        max: 0.360743612051
        mean: 0.136461004615
        min: 0.0119276950136
        var: 0.00995326321572
    bpm: 117.092697144
    bpm_confidence: 0
    first_peak_bpm: 117
    first_peak_spread: 0
    first_peak_weight: 0.944444417953
    onset_rate: 2.67770385742
    second_peak_bpm: 111
    second_peak_spread: 0
    second_peak_weight: 0.0555555559695
    beats_position: [0.344530016184, 0.85848903656, 1.37244808674, 1.88640713692, 2.40036606789, 2.91432523727, 3.42828440666, 3.94224333763, 4.45620250702, 4.97016143799, 5.48412036896, 6.02409934998, 6.53536987305, 7.04664039612, 7.55791091919, 8.06918048859, 8.58045196533, 9.09172153473, 9.60299301147]
    bpm_estimates: [116.586860657, 116.557304382, 116.753578186, 116.374061584, 117.330513, 116.85811615, 116.72996521, 116.31061554, 117.165092468, 116.359367371, 116.265739441, 117.468009949, 119.0675354, 119.665077209, 117.142776489, 116.848571777]
    bpm_intervals: [0.513959050179, 0.513959050179, 0.513959050179, 0.513958930969, 0.513959169388, 0.513959169388, 0.513958930969, 0.513959169388, 0.513958930969, 0.513958930969, 0.539978981018, 0.511270523071, 0.511270523071, 0.511270523071, 0.511269569397, 0.511271476746, 0.511269569397, 0.511271476746]
    onset_times: [0.290249437094, 0.615328788757, 0.835918366909, 1.07972788811, 1.63700675964, 1.88081634045, 2.38004541397, 2.90249443054, 3.23918366432, 3.41333341599, 3.7151927948, 3.98222231865, 4.20281171799, 4.9806804657, 5.50312948227, 6.00235843658, 6.51319742203, 6.87310647964, 7.05886602402, 7.30267572403, 7.83673477173, 8.08054447174, 8.47528362274, 8.59138298035, 9.10222244263, 9.42730140686, 9.61306095123]
    rubato_start: []
    rubato_stop: []
    perceptual_tempo: "unknown"

sfx:
    inharmonicity:
        dmean: 0.040301349014
        dmean2: 0.0720042288303
        dvar: 0.00270733470097
        dvar2: 0.00752522889525
        max: 0.321396976709
        mean: 0.0429211743176
        min: 3.63473955076e-05
        var: 0.00268384977244
    oddtoevenharmonicenergyratio:
        dmean: 1.80416488647
        dmean2: 3.42866039276
        dvar: 27.7668056488
        dvar2: 81.1533203125
        max: 49.2414016724
        mean: 1.24150168896
        min: 0.000698335294146
        var: 15.6479663849
    pitch_after_max_to_before_max_energy_ratio: 2.83178734779
    pitch_centroid: 232.806900024
    pitch_max_to_total: 0.316784858704
    pitch_min_to_total: 0.893617033958
    tristimulus:
        dmean: [0.164756193757, 0.177403569221, 0.103631541133]
        dmean2: [0.27845415473, 0.308036595583, 0.178266555071]
        dvar: [0.0228060632944, 0.0265988484025, 0.00924885179847]
        dvar2: [0.0590554066002, 0.0735099762678, 0.0242980904877]
        max: [0.974254369736, 0.990776002407, 0.504532933235]
        mean: [0.411750406027, 0.434533834457, 0.126555770636]
        min: [0.00922399479896, 0, 0]
        var: [0.0378599539399, 0.0379026308656, 0.0138374557719]

tonal:
    chords_changes_rate: 0.0660377368331
    chords_number_rate: 0.0377358496189
    chords_strength:
        dmean: 0.0121280634776
        dmean2: 0.0105924243107
        dvar: 0.000103447659058
        dvar2: 0.000106953812065
        max: 0.639157354832
        mean: 0.508974552155
        min: 0.322341054678
        var: 0.00735857104883
    key_strength: 0.735923588276
    tuning_diatonic_strength: 0.542995035648
    tuning_equal_tempered_deviation: 0.0868696272373
    tuning_frequency: 440.763122559
    tuning_nontempered_energy_ratio: 0.723204255104
    hpcp:
        dmean: [0.175979956985, 0.107921302319, 0.0895807221532, 0.0721556693316, 0.0746459066868, 0.115216322243, 0.127645373344, 0.102965839207, 0.0986264944077, 0.0860643610358, 0.0759845152497, 0.102288559079, 0.117882452905, 0.12014169246, 0.136862784624, 0.14534330368, 0.0936241969466, 0.053652189672, 0.0675344243646, 0.0881470441818, 0.145385161042, 0.146091207862, 0.0779275670648, 0.060557641089, 0.0454233773053, 0.0591587722301, 0.148190364242, 0.159792348742, 0.120680332184, 0.103614814579, 0.0919963121414, 0.0824725702405, 0.0767599269748, 0.0925262346864, 0.125414595008, 0.169479772449]
        dmean2: [0.274214476347, 0.162843689322, 0.15542986989, 0.118365369737, 0.12445846945, 0.193233937025, 0.225639343262, 0.175418540835, 0.162227287889, 0.136699452996, 0.129188984632, 0.163933724165, 0.177557051182, 0.199532866478, 0.226392686367, 0.239911898971, 0.161411762238, 0.0871513113379, 0.107100665569, 0.144814088941, 0.241399943829, 0.231444492936, 0.127279087901, 0.0954499542713, 0.0745465233922, 0.0968222692609, 0.229159668088, 0.248321786523, 0.208205834031, 0.178045749664, 0.144300803542, 0.136099666357, 0.121273286641, 0.138148382306, 0.213013350964, 0.285589933395]
        dvar: [0.0459276847541, 0.0174631532282, 0.0312265809625, 0.0138916540891, 0.0167656727135, 0.0293391570449, 0.0340563543141, 0.0193012636155, 0.0203927718103, 0.0147224171087, 0.0227446164936, 0.0246975906193, 0.0249376259744, 0.0260835718364, 0.0282153729349, 0.0386547520757, 0.0139663750306, 0.00504200160503, 0.0103483945131, 0.0130052072927, 0.0312424134463, 0.029905969277, 0.00681302510202, 0.0127463405952, 0.00762092787772, 0.00838345475495, 0.0368743240833, 0.0475790686905, 0.0206074286252, 0.0263914242387, 0.021112812683, 0.0175690986216, 0.012402872555, 0.0140008945018, 0.0249274801463, 0.0421436131001]
        dvar2: [0.0970039665699, 0.0426994860172, 0.0957038998604, 0.0386102050543, 0.0449636094272, 0.0739672333002, 0.0776345878839, 0.0523486509919, 0.0522169992328, 0.0330378003418, 0.0616060569882, 0.0685295835137, 0.0537839718163, 0.0712184160948, 0.0677897259593, 0.0890819653869, 0.0340609140694, 0.013771479018, 0.0264764856547, 0.0320019796491, 0.0697474777699, 0.0629066824913, 0.0146468216553, 0.0244598928839, 0.0155939701945, 0.0223158244044, 0.0722282901406, 0.0847184285522, 0.0549234971404, 0.0688771530986, 0.038005489856, 0.0421573594213, 0.0310204438865, 0.0294308252633, 0.0680682808161, 0.0951561331749]
        max: [1, 1, 1, 1, 1, 1, 1, 1, 1, 1, 0.967934250832, 1, 1, 1, 1, 1, 0.863946676254, 0.644820928574, 0.811625182629, 0.819888293743, 1, 1, 0.599263966084, 1, 0.793992459774, 0.86780077219, 1, 1, 1, 1, 1, 1, 1, 1, 1, 1]
        mean: [0.409007877111, 0.195943430066, 0.100072309375, 0.085237659514, 0.0917091369629, 0.221019640565, 0.277994692326, 0.167383357882, 0.143587246537, 0.142413407564, 0.0877972096205, 0.160192430019, 0.253036558628, 0.191032260656, 0.196490958333, 0.244462296367, 0.142132952809, 0.0824488326907, 0.102494269609, 0.141497448087, 0.279623687267, 0.294581711292, 0.139769136906, 0.0756262540817, 0.0578831471503, 0.0754273608327, 0.266832053661, 0.352786958218, 0.209891840816, 0.162499934435, 0.176287651062, 0.128339156508, 0.120560728014, 0.156111344695, 0.180300876498, 0.358469218016]
        min: [0.0050357026048, 0.00397943891585, 0.00362288067117, 0.00361914886162, 0.00255197030492, 0.0033000591211, 0.00398288341239, 0.00217695115134, 0.00149671267718, 0.00115017511416, 0.00169877754524, 0, 0, 0, 0.00138898135629, 0.000761198753025, 0.000780465838034, 0.00208945805207, 0, 0, 0, 0, 0.00377495260909, 0.00261607789434, 0.00114273256622, 0.000993094756268, 0.00122726394329, 0.0036656553857, 0, 0.00527800712734, 0.000586639042012, 0.00180292723235, 0.00316218123771, 0.00436714990065, 0.00423363689333, 0.00692592188716]
        var: [0.122815914452, 0.0309936460108, 0.0233618225902, 0.0133852148429, 0.0171668436378, 0.0669494792819, 0.107729077339, 0.0329816266894, 0.0373920276761, 0.0478455498815, 0.0211887490004, 0.0417112484574, 0.0993111655116, 0.0520374290645, 0.0525798276067, 0.0877824574709, 0.0275645684451, 0.00960136670619, 0.018834091723, 0.0212949309498, 0.0769555196166, 0.0833936482668, 0.013753737323, 0.0150018995628, 0.00856680609286, 0.00958953052759, 0.0880555063486, 0.131760179996, 0.0342384278774, 0.0491745956242, 0.0712780207396, 0.0379815585911, 0.0204351376742, 0.0396613664925, 0.0356302894652, 0.0872512832284]
    chords_histogram: [14.1509437561, 29.7169818878, 10.3773584366, 0, 15.0943393707, 0, 14.1509437561, 0, 0, 0, 0, 0, 0, 0, 0, 0, 0, 0, 0, 3.30188679695, 1.88679242134, 0, 11.3207550049, 0]
    thpcp: [1, 0.479070067406, 0.24467086792, 0.208401024342, 0.224223405123, 0.540379941463, 0.679680526257, 0.409242391586, 0.351062297821, 0.348192334175, 0.214658975601, 0.391660988331, 0.618659377098, 0.467062532902, 0.480408728123, 0.597695827484, 0.347506642342, 0.201582506299, 0.250592410564, 0.345952868462, 0.68366330862, 0.720234811306, 0.341727256775, 0.184901699424, 0.141520857811, 0.184415429831, 0.652388572693, 0.862543165684, 0.513173103333, 0.397302687168, 0.431012839079, 0.313781619072, 0.294763833284, 0.381682991982, 0.440824955702, 0.876435995102]
    chords_key: "F#"
    chords_scale: "minor"
    key_key: "D"
    key_scale: "major"
    chords_progression: ["E", "E", "E", "E", "E", "E", "E", "E", "E", "E", "E", "E", "E", "E", "E", "E", "E", "E", "E", "B", "B", "E", "E", "B", "B", "B", "B", "B", "B", "B", "B", "B", "B", "B", "B", "B", "F#m", "F#m", "F#m", "F#m", "F#m", "F#m", "F#m", "F#m", "F#m", "F#m", "F#m", "F#m", "F#m", "F#m", "F#m", "F#m", "F#m", "F#m", "F#m", "F#m", "F#m", "A", "A", "A", "A", "A", "A", "A", "A", "A", "A", "A", "A", "A", "A", "A", "A", "A", "A", "A", "A", "A", "A", "E", "E", "E", "E", "E", "E", "E", "E", "E", "E", "E", "D", "D", "D", "D", "D", "D", "F#m", "F#m", "F#m", "F#m", "F#m", "F#m", "F#m", "F#m", "F#m", "F#m", "F#m", "F#m", "F#m", "F#m", "F#m", "F#m", "F#m", "F#m", "F#m", "F#m", "F#m", "F#m", "F#m", "F#m", "F#m", "F#m", "F#m", "F#m", "F#m", "F#m", "F#m", "F#m", "F#m", "F#m", "F#m", "F#m", "F#m", "F#m", "F#m", "F#m", "F#m", "F#m", "D", "D", "D", "D", "D", "D", "D", "D", "D", "D", "D", "D", "D", "D", "D", "D", "D", "D", "D", "D", "D", "D", "D", "D", "Am", "Am", "Am", "Am", "Am", "Am", "Am", "B", "B", "B", "C", "C", "C", "C", "B", "B", "B", "B", "B", "B", "B", "B", "B", "B", "B", "B", "G", "G", "G", "G", "G", "G", "G", "G", "G", "G", "G", "G", "G", "G", "G", "G", "G", "G", "G", "G", "G", "G", "G", "G"]
