
metadata:
    version:
        essentia: "1.2.2"
    audio_properties:
        analysis_sample_rate: 44100
        bitrate: 128
        channels: 2
        equal_loudness: 1
        length: 10.0310201645
        replay_gain: 0.929330825806
        downmix: "mix"
    tags:
        track: 47
        year: 0
        album: "Splitted by Mp3Splt v. 2.1"
        artist: "From 007.40 To 007.50"
        comment: "http://mp3splt.sf.net"
        genre: ""
        title: "11 Bartender.mp3"

highlevel:
    ballroom:
        all:
            ChaChaCha: 0.0560571588576
            Jive: 0.0320305898786
            Quickstep: 0.0164478197694
            Rumba-American: 0.0433768928051
            Rumba-International: 0.288722127676
            Rumba-Misc: 0.10127415508
            Samba: 0.0645866245031
            Tango: 0.156481251121
            VienneseWaltz: 0.0567982457578
            Waltz: 0.184225142002
        probability: 0.288722127676
        value: "Rumba-International"
    culture:
        all:
            non_western: 0.201528072357
            western: 0.798471927643
        probability: 0.798471927643
        value: "western"
    gender:
        all:
            female: 0.895040512085
            male: 0.104959510267
        probability: 0.895040512085
        value: "female"
    genre_dortmund:
        all:
            alternative: 0.0669521689415
            blues: 0.00621929578483
            electronic: 0.28724616766
            folkcountry: 0.107326492667
            funksoulrnb: 0.0118685774505
            jazz: 0.449805796146
            pop: 0.0472940206528
            raphiphop: 0.00240298546851
            rock: 0.0208845008165
        probability: 0.449805796146
        value: "jazz"
    genre_electronica:
        all:
            ambient: 0.786554574966
            dnb: 0.0404875390232
            house: 0.0950899720192
            techno: 0.0202014800161
            trance: 0.0576664172113
        probability: 0.786554574966
        value: "ambient"
    genre_rosamerica:
        all:
            cla: 0.10328862071
            dan: 0.114422269166
            hip: 0.0349980145693
            jaz: 0.142449438572
            pop: 0.154942661524
            rhy: 0.182739913464
            roc: 0.254412949085
            spe: 0.0127461329103
        probability: 0.254412949085
        value: "roc"
    genre_tzanetakis:
        all:
            blu: 0.0462591573596
            cla: 0.0694689899683
            cou: 0.0855551809072
            dis: 0.0743431597948
            hip: 0.0158340483904
            jaz: 0.114364698529
            met: 0.0126860989258
            pop: 0.390645682812
            reg: 0.0535575225949
            roc: 0.137285456061
        probability: 0.390645682812
        value: "pop"
    live_studio:
        all:
            live: 0.61052852869
            studio: 0.389471441507
        probability: 0.61052852869
        value: "live"
    mood:
        all:
            Cluster1: 0.32797947526
            Cluster2: 0.131841719151
            Cluster3: 0.444597840309
            Cluster4: 0.0440119430423
            Cluster5: 0.051569018513
        probability: 0.444597840309
        value: "Cluster3"
    mood_acoustic:
        all:
            acoustic: 0.402884751558
            not_acoustic: 0.597115278244
        probability: 0.597115278244
        value: "not_acoustic"
    mood_aggressive:
        all:
            aggressive: 0.00276898918673
            not_aggressive: 0.997231006622
        probability: 0.997231006622
        value: "not_aggressive"
    mood_electronic:
        all:
            electronic: 0.514653027058
            not_electronic: 0.48534694314
        probability: 0.514653027058
        value: "electronic"
    mood_happy:
        all:
            happy: 0.0179293863475
            not_happy: 0.982070624828
        probability: 0.982070624828
        value: "not_happy"
    mood_party:
        all:
            not_party: 0.972359478474
            party: 0.0276405401528
        probability: 0.972359478474
        value: "not_party"
    mood_relaxed:
        all:
            not_relaxed: 0.0614120475948
            relaxed: 0.938587963581
        probability: 0.938587963581
        value: "relaxed"
    mood_sad:
        all:
            not_sad: 0.068911164999
            sad: 0.931088864803
        probability: 0.931088864803
        value: "sad"
    rhythm:
        all:
            fast: 0.318320393562
            medium: 0.139881074429
            slow: 0.541798532009
        probability: 0.541798532009
        value: "slow"
    speech_music:
        all:
            music: 0.985988259315
            speech: 0.0140117472038
        probability: 0.985988259315
        value: "music"
    timbre:
        all:
            bright: 0.981906414032
            dark: 0.0180935673416
        probability: 0.981906414032
        value: "bright"
    voice_instrumental:
        all:
            instrumental: 0.999999940395
            voice: 3.45759545439e-08
        probability: 0.999999940395
        value: "instrumental"

lowlevel:
    average_loudness: 0.511477231979
    barkbands_kurtosis:
        dmean: 2.62422990799
        dmean2: 4.02910852432
        dvar: 35.8584251404
        dvar2: 82.6740570068
        max: 81.8957748413
        mean: 5.32561588287
        min: -1.24317121506
        var: 141.498001099
    barkbands_skewness:
        dmean: 0.427529752254
        dmean2: 0.604451775551
        dvar: 0.273913621902
        dvar2: 0.620766043663
        max: 7.68664693832
        mean: 1.24361431599
        min: -6.24135780334
        var: 2.64645624161
    barkbands_spread:
        dmean: 3.38970565796
        dmean2: 5.19984292984
        dvar: 12.6610012054
        dvar2: 31.7636623383
        max: 40.8187408447
        mean: 15.3472166061
        min: 1.55749702454
        var: 48.7096328735
    dissonance:
        dmean: 0.0285412091762
        dmean2: 0.0455997362733
        dvar: 0.000623556494247
        dvar2: 0.00137718988117
        max: 0.496238291264
        mean: 0.413566142321
        min: 0.239841029048
        var: 0.0016040521441
    hfc:
        dmean: 0.489716798067
        dmean2: 0.72386932373
        dvar: 1.27933752537
        dvar2: 2.67374324799
        max: 21.5874881744
        mean: 1.62064862251
        min: 0.108094356954
        var: 5.09786844254
    pitch:
        dmean: 144.945648193
        dmean2: 281.122161865
        dvar: 183859.828125
        dvar2: 452936.5625
        max: 3675
        mean: 330.551879883
        min: 61.764705658
        var: 176045.0625
    pitch_instantaneous_confidence:
        dmean: 0.0831343308091
        dmean2: 0.125828534365
        dvar: 0.00751418387517
        dvar2: 0.0157268997282
        max: 0.982895314693
        mean: 0.549572885036
        min: 0.152888715267
        var: 0.0319212861359
    pitch_salience:
        dmean: 0.0584804415703
        dmean2: 0.0904008820653
        dvar: 0.00464774854481
        dvar2: 0.0101608457044
        max: 0.797551929951
        mean: 0.490812093019
        min: 0.0811312049627
        var: 0.0151002155617
    silence_rate_20dB:
        dmean: 0
        dmean2: 0
        dvar: 0
        dvar2: 0
        max: 1
        mean: 1
        min: 1
        var: 0
    silence_rate_30dB:
        dmean: 0
        dmean2: 0
        dvar: 0
        dvar2: 0
        max: 1
        mean: 1
        min: 1
        var: 0
    silence_rate_60dB:
        dmean: 0.0440835282207
        dmean2: 0.0883720964193
        dvar: 0.0421403683722
        dvar2: 0.0991664677858
        max: 1
        mean: 0.787037014961
        min: 0
        var: 0.167609855533
    spectral_centroid:
        dmean: 103.693702698
        dmean2: 166.959350586
        dvar: 15289.5429688
        dvar2: 36668.6171875
        max: 1964.19262695
        mean: 714.953552246
        min: 158.323608398
        var: 131087.09375
    spectral_complexity:
        dmean: 1.12587416172
        dmean2: 1.88551402092
        dvar: 2.11469626427
        dvar2: 5.5827050209
        max: 22
        mean: 5.00232553482
        min: 0
        var: 5.36510133743
    spectral_crest:
        dmean: 2.0251352787
        dmean2: 3.01049518585
        dvar: 4.2413225174
        dvar2: 9.14929676056
        max: 26.2409172058
        mean: 10.517947197
        min: 3.11657047272
        var: 16.1684646606
    spectral_decrease:
        dmean: 2.25215013305e-10
        dmean2: 3.36160849157e-10
        dvar: 3.04255795957e-19
        dvar2: 5.8399432045e-19
        max: -2.28429289373e-11
        mean: -7.06304570386e-10
        min: -1.09078843735e-08
        var: 1.02507695666e-18
    spectral_energy:
        dmean: 0.000890986644663
        dmean2: 0.00132724631112
        dvar: 4.57187343272e-06
        dvar2: 8.78736227605e-06
        max: 0.0418337322772
        mean: 0.00281275296584
        min: 9.781987319e-05
        var: 1.54186145664e-05
    spectral_energyband_high:
        dmean: 1.51399208335e-05
        dmean2: 2.51845740422e-05
        dvar: 2.35168262641e-09
        dvar2: 6.24966256524e-09
        max: 0.000782066432294
        mean: 2.3358494218e-05
        min: 7.92141690908e-07
        var: 2.25465268677e-09
    spectral_energyband_low:
        dmean: 0.000298033584841
        dmean2: 0.000476094108308
        dvar: 5.65854350043e-07
        dvar2: 1.42625219723e-06
        max: 0.0139419799671
        mean: 0.000686598476022
        min: 3.3010627476e-07
        var: 1.70857583726e-06
    spectral_energyband_middle_high:
        dmean: 0.000228240183787
        dmean2: 0.000309213763103
        dvar: 2.45012387268e-07
        dvar2: 3.9386179651e-07
        max: 0.0108813326806
        mean: 0.000717243761756
        min: 3.56909658876e-05
        var: 1.35287677949e-06
    spectral_energyband_middle_low:
        dmean: 0.000505363626871
        dmean2: 0.000769924605265
        dvar: 2.49951108344e-06
        dvar2: 4.66689516543e-06
        max: 0.0275884717703
        mean: 0.00138549844269
        min: 3.45180669683e-05
        var: 7.5418652159e-06
    spectral_flatness_db:
        dmean: 0.0210712011904
        dmean2: 0.0319459922612
        dvar: 0.000407427054597
        dvar2: 0.00087630643975
        max: 0.359007149935
        mean: 0.192874163389
        min: 0.0945187807083
        var: 0.00208573625423
    spectral_flux:
        dmean: 0.0072583546862
        dmean2: 0.0110569950193
        dvar: 0.000102207050077
        dvar2: 0.000239755143411
        max: 0.0983570888638
        mean: 0.0184050388634
        min: 0.00334395864047
        var: 0.000227022406762
    spectral_kurtosis:
        dmean: 2.08993077278
        dmean2: 3.24736046791
        dvar: 4.47105169296
        dvar2: 9.98092079163
        max: 22.8468666077
        mean: 6.9338312149
        min: 1.16072654724
        var: 14.4430398941
    spectral_rms:
        dmean: 0.000209565259865
        dmean2: 0.000307276000967
        dvar: 1.07339168665e-07
        dvar2: 2.12145025102e-07
        max: 0.00638853618875
        mean: 0.0014540522825
        min: 0.000308923976263
        var: 6.29881355962e-07
    spectral_rolloff:
        dmean: 240.177780151
        dmean2: 433.33013916
        dvar: 190402.25
        dvar2: 491637.09375
        max: 3768.31054688
        mean: 1094.3371582
        min: 150.732421875
        var: 468742.40625
    spectral_skewness:
        dmean: 0.292034715414
        dmean2: 0.450051099062
        dvar: 0.0750926733017
        dvar2: 0.161209359765
        max: 3.95799684525
        mean: 2.25144433975
        min: 1.10647904873
        var: 0.302625447512
    spectral_spread:
        dmean: 778595.75
        dmean2: 1156488.375
        dvar: 716117377024
        dvar2: 1.53280551322e+12
        max: 9740562
        mean: 5124756
        min: 2626885.25
        var: 1.99815305626e+12
    spectral_strongpeak:
        dmean: 0.216303288937
        dmean2: 0.325893461704
        dvar: 0.188749745488
        dvar2: 0.25874504447
        max: 8.47955989838
        mean: 0.564643442631
        min: 0.0164958108217
        var: 0.828408360481
    zerocrossingrate:
        dmean: 0.00496589997783
        dmean2: 0.00637503666803
        dvar: 2.4542432584e-05
        dvar2: 3.67324246326e-05
        max: 0.08935546875
        mean: 0.0455884374678
        min: 0.0087890625
        var: 0.000290791649604
    barkbands:
        dmean: [9.3725378747e-07, 6.65247134748e-05, 0.000271414173767, 0.000268143368885, 0.000260784378042, 7.788669609e-05, 1.86566703633e-05, 1.40692782225e-05, 2.79463220068e-05, 9.24947307794e-05, 5.60835760552e-05, 3.61878046533e-05, 7.65885670262e-06, 3.80118012799e-06, 5.67062634218e-05, 1.32207451315e-05, 2.34941908275e-05, 1.09815655378e-05, 1.87345085578e-05, 9.57959673542e-06, 7.12136352377e-06, 2.46369199886e-06, 8.18904652533e-07, 3.82794667075e-07, 3.96888026444e-07, 1.95927114532e-08, 4.00379396304e-10]
        dmean2: [1.52843495016e-06, 9.87429302768e-05, 0.000436272879597, 0.000393544440158, 0.000420469499659, 0.000117872979899, 2.84366815322e-05, 2.12721643038e-05, 3.82691250707e-05, 0.000120145836263, 7.89346013335e-05, 4.97326254845e-05, 1.10623514047e-05, 5.87853401157e-06, 6.53098686598e-05, 1.81927462108e-05, 3.95365350414e-05, 1.71355113707e-05, 3.42725543305e-05, 1.70394614543e-05, 1.19676506074e-05, 4.11280780099e-06, 1.35309801408e-06, 5.964139973e-07, 6.28279394732e-07, 3.1346189644e-08, 5.7202709236e-10]
        dvar: [1.61874801757e-11, 1.83393922271e-08, 5.3228671959e-07, 1.22735298191e-06, 5.65585480672e-07, 5.15250455635e-08, 1.0628276037e-09, 1.61186364256e-09, 6.23616136508e-09, 1.58551021201e-08, 2.54671466138e-08, 9.22752789734e-08, 2.41710346183e-10, 3.60951407652e-11, 1.22530622093e-07, 2.62322119582e-09, 1.60334057142e-09, 6.1305704957e-10, 8.03283128903e-09, 2.10672057577e-09, 3.19231974188e-10, 1.89572437609e-11, 3.01692438393e-12, 4.44424445162e-13, 7.16054331714e-13, 2.11454893139e-15, 1.01975975697e-17]
        dvar2: [4.31322547123e-11, 4.06353279914e-08, 1.37647521115e-06, 2.3938528102e-06, 1.33202149755e-06, 1.08337708582e-07, 2.33769248403e-09, 3.89431908943e-09, 1.30657289432e-08, 2.66806701177e-08, 3.50113253944e-08, 1.26097816633e-07, 4.938607856e-10, 8.25745791189e-11, 1.43783154272e-07, 3.49737927507e-09, 4.48873960224e-09, 1.38088307455e-09, 2.36293882239e-08, 5.98464833246e-09, 8.00099209108e-10, 4.98304106311e-11, 8.08883775932e-12, 1.06229402445e-12, 1.57778304311e-12, 5.25897345962e-15, 1.07341350391e-17]
        max: [4.58236791019e-05, 0.00151204818394, 0.013752983883, 0.0246729571372, 0.00863630697131, 0.00409654993564, 0.000359253783245, 0.000661239027977, 0.00150956364814, 0.00150480517186, 0.00258289347403, 0.0063605858013, 0.000174386208528, 6.43960520392e-05, 0.0107735972852, 0.000879860832356, 0.00041086555575, 0.000283660134301, 0.00124543264974, 0.000703625672031, 0.000254595855949, 3.85421953979e-05, 1.85757326108e-05, 7.27415499568e-06, 8.82890435605e-06, 4.9863700724e-07, 6.65441319825e-08]
        mean: [8.37552875055e-07, 0.000112255707791, 0.000573561759666, 0.000501803238876, 0.000511882943101, 0.000199689879082, 3.57847638952e-05, 2.95485369861e-05, 7.68568716012e-05, 0.000240280351136, 0.000143766927067, 6.2510582211e-05, 1.7072285118e-05, 7.58554961067e-06, 0.000163451084518, 2.60486158368e-05, 3.65031155525e-05, 1.92451825569e-05, 2.34534873016e-05, 1.2893571693e-05, 1.19434134831e-05, 3.42813996212e-06, 1.02988030903e-06, 6.90298179506e-07, 6.02563261509e-07, 2.93358297654e-08, 3.92557736317e-10]
        min: [4.08954065056e-10, 9.13996984764e-08, 2.32863158089e-07, 3.03844274185e-07, 5.31673504156e-06, 2.68280882665e-06, 7.29236660391e-07, 3.86328906643e-07, 1.26377187826e-06, 1.27515136228e-06, 3.88061579315e-07, 4.33630376051e-08, 3.38070037742e-07, 1.98001274043e-07, 1.04751244123e-07, 3.34336277774e-07, 9.18029797958e-07, 5.38660913207e-07, 9.15864347917e-07, 5.26720327798e-07, 3.37523118787e-07, 8.54085158153e-08, 3.40865931037e-08, 2.30550085689e-08, 2.07800088248e-08, 9.59068047202e-10, 9.10072120745e-14]
        var: [1.3929714153e-11, 2.55116372472e-08, 1.5661261159e-06, 2.90720117846e-06, 1.09941845494e-06, 3.10895927669e-07, 2.49654807938e-09, 2.46027065387e-09, 1.9998703138e-08, 6.02465703992e-08, 1.03406392782e-07, 2.42966990527e-07, 6.79983458429e-10, 6.80424674937e-11, 9.90649596133e-07, 5.33807487102e-09, 1.82829940076e-09, 9.54368362116e-10, 4.8937911501e-09, 1.32704525146e-09, 5.31083843569e-10, 2.42525322741e-11, 3.10439846572e-12, 9.05377281393e-13, 1.00994971934e-12, 2.82177104389e-15, 1.04569724584e-17]
    mfcc:
        mean: [-798.309204102, 144.102981567, -15.702662468, 38.4448432922, -7.87972021103, -5.25113677979, 8.45374011993, 11.14640522, 9.48069190979, -7.87319803238, -11.2893104553, -13.8016700745, -11.6195650101]
        cov: [[1807.32836914, -355.451446533, 93.3253860474, 76.705581665, 42.2274017334, 146.285369873, 59.9374198914, -63.939704895, -3.10825967789, -5.85534477234, 33.053565979, 77.4363861084, 62.264755249], [-355.451446533, 562.64239502, 73.0449371338, 48.5693969727, 112.801071167, -13.676232338, 33.6888046265, 40.7505645752, -61.2418136597, -24.8083515167, -17.1186256409, -23.307220459, -20.3088722229], [93.3253860474, 73.0449371338, 548.233581543, 200.232849121, 85.1285476685, 8.67049503326, 41.7285194397, -6.40748739243, -87.76902771, -46.0948028564, 10.7717571259, -22.6944847107, -25.7434387207], [76.705581665, 48.5693969727, 200.232849121, 181.487075806, 78.4610290527, 13.6185359955, 30.3809261322, 2.54342031479, -17.4406833649, -10.524438858, 9.46299552917, 3.88616156578, 6.68022012711], [42.2274017334, 112.801071167, 85.1285476685, 78.4610290527, 147.061584473, 33.0386009216, 5.16120100021, -5.67947053909, -7.77131462097, 7.15302991867, -7.19559431076, -7.9613070488, 3.71052956581], [146.285369873, -13.676232338, 8.67049503326, 13.6185359955, 33.0386009216, 89.5662994385, 33.7158737183, -14.2157592773, 5.64095973969, 25.2991256714, 4.86113786697, 3.81424093246, 27.4743900299], [59.9374198914, 33.6888046265, 41.7285194397, 30.3809261322, 5.16120100021, 33.7158737183, 99.8248138428, 41.8260574341, -14.7264623642, -10.8121509552, 7.41868162155, 16.1086196899, 17.6675128937], [-63.939704895, 40.7505645752, -6.40748739243, 2.54342031479, -5.67947053909, -14.2157592773, 41.8260574341, 106.865982056, 35.3344650269, -11.0387868881, 1.67386424541, 20.8413639069, -12.2369451523], [-3.10825967789, -61.2418136597, -87.76902771, -17.4406833649, -7.77131462097, 5.64095973969, -14.7264623642, 35.3344650269, 119.148147583, 52.1514587402, -10.7523612976, 11.1217060089, -4.81794261932], [-5.85534477234, -24.8083515167, -46.0948028564, -10.524438858, 7.15302991867, 25.2991256714, -10.8121509552, -11.0387868881, 52.1514587402, 118.350242615, 26.7460460663, -26.646062851, 2.30789875984], [33.053565979, -17.1186256409, 10.7717571259, 9.46299552917, -7.19559431076, 4.86113786697, 7.41868162155, 1.67386424541, -10.7523612976, 26.7460460663, 67.6765060425, 12.2477178574, -15.9338855743], [77.4363861084, -23.307220459, -22.6944847107, 3.88616156578, -7.9613070488, 3.81424093246, 16.1086196899, 20.8413639069, 11.1217060089, -26.646062851, 12.2477178574, 71.9897918701, 12.2582025528], [62.264755249, -20.3088722229, -25.7434387207, 6.68022012711, 3.71052956581, 27.4743900299, 17.6675128937, -12.2369451523, -4.81794261932, 2.30789875984, -15.9338855743, 12.2582025528, 85.9116897583]]
        icov: [[0.000809367396869, 0.000562570174225, -6.93712645443e-05, -9.99677940854e-05, -0.000380207085982, -0.000946451036725, -0.00028203878901, 0.000355392839992, 0.000100135781395, 0.000181336450623, -0.000102886893728, -0.00067409517942, 3.8942143874e-05], [0.000562570174225, 0.00304001849145, 0.000256217375863, 1.47038929299e-06, -0.00255497312173, 0.000323772255797, -0.000816391664557, -0.00131086853798, 0.00233505270444, -0.00070132833207, 0.00115060876124, -0.000225084455451, 0.000770862854552], [-6.93712645443e-05, 0.000256217375863, 0.00383076258004, -0.00410368805751, 6.61163212499e-05, -0.000527180731297, -8.20481291157e-05, -0.00069281476317, 0.00255243037827, 0.000135343871079, 0.000710811058525, 0.00107264553662, 0.00178003811743], [-9.99677940854e-05, 1.47038929299e-06, -0.00410368805751, 0.012598390691, -0.00514375092462, 0.00288183777593, -0.00315049197525, 0.00186189298984, -0.00354160857387, 0.00134275271557, -0.00317232031375, -0.00037914243876, -0.00269178929739], [-0.000380207085982, -0.00255497312173, 6.61163212499e-05, -0.00514375092462, 0.012789872475, -0.00537125160918, 0.00378255196847, -0.000864339119289, 0.000545675051399, -0.001154474332, 0.00236155115999, -7.777409337e-05, 0.000866393442266], [-0.000946451036725, 0.000323772255797, -0.000527180731297, 0.00288183777593, -0.00537125160918, 0.0209701284766, -0.00940933078527, 0.00576659664512, -0.00306264683604, -0.00276838266291, -0.00117225502618, -0.000203082949156, -0.00362324039452], [-0.00028203878901, -0.000816391664557, -8.20481291157e-05, -0.00315049197525, 0.00378255196847, -0.00940933078527, 0.0202593207359, -0.0107939094305, 0.00591225875542, -0.000852896308061, 0.000552172597963, -0.00129333138466, -0.00198477762751], [0.000355392839992, -0.00131086853798, -0.00069281476317, 0.00186189298984, -0.000864339119289, 0.00576659664512, -0.0107939094305, 0.0191545095295, -0.010258144699, 0.00425305450335, -0.00330611248501, -0.00111891154665, 0.00107833405491], [0.000100135781395, 0.00233505270444, 0.00255243037827, -0.00354160857387, 0.000545675051399, -0.00306264683604, 0.00591225875542, -0.010258144699, 0.0225499328226, -0.0129961948842, 0.0116997342557, -0.00756479939446, 0.00466155447066], [0.000181336450623, -0.00070132833207, 0.000135343871079, 0.00134275271557, -0.001154474332, -0.00276838266291, -0.000852896308061, 0.00425305450335, -0.0129961948842, 0.0209299009293, -0.013762335293, 0.011321506463, -0.00410364707932], [-0.000102886893728, 0.00115060876124, 0.000710811058525, -0.00317232031375, 0.00236155115999, -0.00117225502618, 0.000552172597963, -0.00330611248501, 0.0116997342557, -0.013762335293, 0.0269604530185, -0.0108262589201, 0.00806551985443], [-0.00067409517942, -0.000225084455451, 0.00107264553662, -0.00037914243876, -7.777409337e-05, -0.000203082949156, -0.00129333138466, -0.00111891154665, -0.00756479939446, 0.011321506463, -0.0108262589201, 0.0235937554389, -0.00514159956947], [3.8942143874e-05, 0.000770862854552, 0.00178003811743, -0.00269178929739, 0.000866393442266, -0.00362324039452, -0.00198477762751, 0.00107833405491, 0.00466155447066, -0.00410364707932, 0.00806551985443, -0.00514159956947, 0.0168207790703]]
    spectral_contrast:
        mean: [-4.47442005225e-07, -2.39995330276e-07, 3.71350807882e-07, 1.29882678834e-07, -3.26959188612e-08, 5.73573402107e-07, 3.4737033161e-07, -3.71295345758e-06, 6.20858600087e-07, 2.51670212492e-06, -2.01408261091e-06, 1.07787377601e-06]
        var: [0.000287629984086, 0.000818286847789, 0.00177105946932, 0.00306799751706, 0.00415754131973, 0.00526809785515, 0.0500895008445, 0.0827378854156, 0.118021301925, 0.160317733884, 0.513756155968, 1.22971093655]

rhythm:
    beats_loudness:
        dmean: 0.00434795115143
        dmean2: 0.00559828523546
        dvar: 4.26773221989e-05
        dvar2: 0.000101158730104
        max: 0.0289586931467
        mean: 0.00479832012206
        min: 0.000614763004705
        var: 4.68130529043e-05
    beats_loudness_bass:
        dmean: 0.307954788208
        dmean2: 0.519720256329
        dvar: 0.0328395478427
        dvar2: 0.111062824726
        max: 0.903237819672
        mean: 0.320271760225
        min: 0.00370581704192
        var: 0.0707211643457
    bpm: 97.4861755371
    bpm_confidence: 0
    first_peak_bpm: 97
    first_peak_spread: 0
    first_peak_weight: 0.933333396912
    onset_rate: 3.28979492188
    second_peak_bpm: 64
    second_peak_spread: 0
    second_peak_weight: 0.0666666701436
    beats_position: [0.0932876244187, 0.709172546864, 1.32505750656, 1.94094240665, 2.55682730675, 3.17271208763, 3.78859710693, 4.40448236465, 5.02036714554, 5.95723772049, 6.57170963287, 7.18618202209, 7.8006529808, 8.41512489319, 9.02959728241, 9.64406967163]
    bpm_estimates: [97.0369110107, 97.9107055664, 96.9568786621, 98.5829849243, 98.4289169312, 96.3411102295, 97.1814575195, 96.9724121094, 98.0090255737, 97.5259399414, 97.4016036987]
    bpm_intervals: [0.615884900093, 0.615884959698, 0.615884900093, 0.615884900093, 0.615884780884, 0.615885019302, 0.615885257721, 0.615884780884, 0.936870574951, 0.614471912384, 0.614472389221, 0.61447095871, 0.614471912384, 0.614472389221, 0.614472389221]
    onset_times: [0.0580498874187, 0.684988677502, 1.01006805897, 1.1261677742, 1.30031740665, 1.48607707024, 1.90403628349, 2.53097510338, 2.89088439941, 3.20435380936, 3.47138333321, 3.80807256699, 4.45823144913, 4.93424034119, 5.07356023788, 5.38702964783, 5.53795909882, 5.68888902664, 5.85142850876, 6.29260778427, 6.90793657303, 7.38394546509, 7.54648542404, 7.70902490616, 7.84834480286, 8.16181373596, 8.46367359161, 8.76553249359, 9.38086128235, 9.61306095123, 9.7639913559, 9.92653083801, 9.98458003998]
    rubato_start: []
    rubato_stop: []
    perceptual_tempo: "unknown"

sfx:
    inharmonicity:
        dmean: 0.0271237008274
        dmean2: 0.0488313548267
        dvar: 0.00192123418674
        dvar2: 0.00519064301625
        max: 0.419744104147
        mean: 0.025534665212
        min: 9.23570041778e-06
        var: 0.00172165094409
    oddtoevenharmonicenergyratio:
        dmean: 4.75958919525
        dmean2: 8.90059280396
        dvar: 344.676239014
        dvar2: 968.277160645
        max: 192.285903931
        mean: 3.74394726753
        min: 8.31278703117e-06
        var: 258.020935059
    pitch_after_max_to_before_max_energy_ratio: 7.48110198975
    pitch_centroid: 242.924530029
    pitch_max_to_total: 0.186046510935
    pitch_min_to_total: 0.0139534883201
    tristimulus:
        dmean: [0.203924864531, 0.209913611412, 0.0491518937051]
        dmean2: [0.35578930378, 0.360506862402, 0.0856048837304]
        dvar: [0.0381772443652, 0.0410325564444, 0.00226723449305]
        dvar2: [0.106402337551, 0.112647183239, 0.0062383688055]
        max: [0.985632777214, 0.979399681091, 0.324033528566]
        mean: [0.527782618999, 0.397549390793, 0.0604868195951]
        min: [0.0119529897347, 0, 0]
        var: [0.0737668722868, 0.0694175511599, 0.00341255636886]

tonal:
    chords_changes_rate: 0.0138888889924
    chords_number_rate: 0.0138888889924
    chords_strength:
        dmean: 0.0059923492372
        dmean2: 0.00478127645329
        dvar: 2.73773330264e-05
        dvar2: 2.19679022848e-05
        max: 0.615024924278
        mean: 0.51052749157
        min: 0.305720031261
        var: 0.00372905633412
    key_strength: 0.784866511822
    tuning_diatonic_strength: 0.610634326935
    tuning_equal_tempered_deviation: 0.0729598104954
    tuning_frequency: 437.718536377
    tuning_nontempered_energy_ratio: 0.671793758869
    hpcp:
        dmean: [0.11485363543, 0.135978490114, 0.0603135712445, 0.0189101323485, 0.0276550780982, 0.0647917836905, 0.109905056655, 0.095479093492, 0.0407895594835, 0.0502476990223, 0.0477599091828, 0.0445582643151, 0.0702337473631, 0.060493260622, 0.0986131355166, 0.141205191612, 0.134895548224, 0.055049456656, 0.0185755044222, 0.0238485317677, 0.0429161898792, 0.0738097056746, 0.0524011477828, 0.0125103536993, 0.00995892565697, 0.024061601609, 0.0546412058175, 0.0723706483841, 0.0633716210723, 0.0602314807475, 0.0590977519751, 0.0599385723472, 0.0298810824752, 0.0150946713984, 0.0246506072581, 0.106121920049]
        dmean2: [0.192590072751, 0.22638502717, 0.10733512044, 0.0342956259847, 0.0520354956388, 0.106174655259, 0.167678102851, 0.147172778845, 0.0715310573578, 0.0943656340241, 0.0878646671772, 0.0725547671318, 0.116799369454, 0.104054994881, 0.164225965738, 0.223920747638, 0.226784572005, 0.0931379646063, 0.0337651148438, 0.0435852780938, 0.0730401799083, 0.116757616401, 0.0818018764257, 0.0209051631391, 0.0180168803781, 0.0456225760281, 0.096574999392, 0.117466703057, 0.113233208656, 0.104950718582, 0.0992930009961, 0.100293964148, 0.0486954264343, 0.0268211215734, 0.0460321977735, 0.177564278245]
        dvar: [0.0485490225255, 0.030968779698, 0.0197652615607, 0.00300165847875, 0.0080002117902, 0.0172461811453, 0.0362199097872, 0.0262395553291, 0.0110949547961, 0.0298562385142, 0.0274314172566, 0.0175487548113, 0.0274748187512, 0.0317924916744, 0.0207717958838, 0.0302895382047, 0.0251266472042, 0.00710813561454, 0.00342429359443, 0.00972237065434, 0.00970892142504, 0.0124425012618, 0.00675709545612, 0.000851833261549, 0.00127864081878, 0.00531505374238, 0.0102923167869, 0.0151039101183, 0.013224279508, 0.0169542580843, 0.0256676655263, 0.0161803979427, 0.00409018807113, 0.00139512622263, 0.00326239084825, 0.0236661415547]
        dvar2: [0.104935385287, 0.0777263045311, 0.0576300807297, 0.00847289524972, 0.0242129247636, 0.0417641252279, 0.0597519204021, 0.0475910194218, 0.0273325331509, 0.0912875384092, 0.0877526327968, 0.0409134738147, 0.0709774717689, 0.0775757133961, 0.0511470250785, 0.062631778419, 0.0606853589416, 0.0182628426701, 0.00976106524467, 0.0271076690406, 0.0242052059621, 0.0251705180854, 0.0132196135819, 0.00220850505866, 0.00367331365123, 0.0160991922021, 0.0287562254816, 0.0381245650351, 0.0406215116382, 0.0433502681553, 0.0543622970581, 0.0330862216651, 0.00988473184407, 0.00398919684812, 0.00952933076769, 0.0625829696655]
        max: [1, 1, 1, 0.480403631926, 0.687047898769, 1, 1, 1, 0.741232037544, 1, 1, 1, 1, 1, 1, 1, 1, 0.792844831944, 0.468431860209, 1, 0.750373125076, 1, 0.743455052376, 0.244548618793, 0.336828440428, 0.672627866268, 0.762240350246, 1, 0.817542374134, 1, 1, 1, 0.624519824982, 0.333248108625, 0.392398625612, 1]
        mean: [0.533284962177, 0.335873067379, 0.0591667406261, 0.0153404232115, 0.0195204038173, 0.121431678534, 0.27045199275, 0.190019980073, 0.0443675108254, 0.0349199585617, 0.0361094176769, 0.0651522800326, 0.0912115573883, 0.067698083818, 0.141925960779, 0.357247471809, 0.289738059044, 0.0614238455892, 0.0156059488654, 0.0172240380198, 0.0655119270086, 0.152755141258, 0.109864883125, 0.0158945582807, 0.0100215924904, 0.0203477852046, 0.0798726454377, 0.123480118811, 0.0737586542964, 0.120591506362, 0.279659479856, 0.204268381, 0.0440288968384, 0.021933587268, 0.022044589743, 0.260542988777]
        min: [0.000362978607882, 0.000335838296451, 0.000257209903793, 0.000137124457979, 0.000108082400402, 0.000517733278684, 0.000568796414882, 0.000289383839117, 5.85599336773e-05, 0.000103756457975, 0.000168943806784, 0.000409438478528, 0.000362671795301, 0.00037174767931, 0.000652522372548, 0.000455527566373, 0.000626132183243, 0.000293941557175, 0.000127190432977, 0.000112239482405, 0.000965605373494, 0.000749740574975, 0.000158711816766, 0.000173456239281, 4.04928578064e-05, 4.4032040023e-05, 0.000437850714661, 0.00125071918592, 0.00111150974408, 0.00017255252169, 1.31321048684e-05, 0.000253041827818, 0.000289509334834, 0.000245163915679, 0.000138540897751, 0.000403101497795]
        var: [0.194174230099, 0.0797425359488, 0.0137083530426, 0.00200796686113, 0.00450268434361, 0.0383038669825, 0.114686951041, 0.0650977641344, 0.00952026993036, 0.0170814525336, 0.0199270732701, 0.0303792022169, 0.0433325245976, 0.0353011749685, 0.0277293417603, 0.0876795873046, 0.05688790977, 0.00738722924143, 0.00232976325788, 0.0063975029625, 0.0115889729932, 0.0444791354239, 0.0223730951548, 0.000827723299153, 0.000885850866325, 0.00314879021607, 0.0131438551471, 0.0301867574453, 0.0129349296913, 0.0337297730148, 0.176437214017, 0.0984512493014, 0.00556771690026, 0.00105819455348, 0.00194065202959, 0.0591779984534]
    chords_histogram: [63.8888893127, 0, 0, 0, 0, 0, 0, 0, 0, 0, 0, 0, 0, 0, 0, 0, 0, 4.16666650772, 0, 0, 0, 0, 31.9444446564, 0]
    thpcp: [1, 0.629819095135, 0.110947698355, 0.0287659019232, 0.0366040766239, 0.227705046535, 0.507143497467, 0.356319785118, 0.0831966251135, 0.0654808580875, 0.0677113011479, 0.122171603143, 0.171037182212, 0.1269454211, 0.266135305166, 0.669899761677, 0.543308138847, 0.115180157125, 0.0292638074607, 0.0322980023921, 0.122846007347, 0.286441862583, 0.206015333533, 0.0298050008714, 0.0187921896577, 0.0381555594504, 0.14977478981, 0.231546223164, 0.138310015202, 0.226129576564, 0.524409115314, 0.383037954569, 0.0825616717339, 0.0411292053759, 0.0413373559713, 0.488562405109]
    chords_key: "D"
    chords_scale: "major"
    key_key: "D"
    key_scale: "major"
    chords_progression: ["D", "D", "D", "D", "D", "D", "D", "D", "D", "D", "D", "D", "D", "D", "D", "D", "D", "D", "D", "D", "D", "D", "D", "D", "D", "D", "D", "D", "D", "D", "D", "D", "D", "D", "D", "D", "D", "D", "D", "D", "D", "D", "D", "D", "D", "D", "D", "D", "D", "D", "D", "D", "D", "D", "D", "D", "D", "D", "D", "D", "D", "D", "D", "D", "D", "D", "Dm", "Dm", "Dm", "Dm", "Dm", "Dm", "Dm", "Dm", "Dm", "D", "D", "D", "D", "D", "D", "D", "D", "D", "D", "D", "D", "D", "D", "D", "D", "D", "D", "D", "D", "D", "D", "D", "D", "D", "D", "D", "D", "D", "D", "D", "D", "D", "D", "D", "D", "D", "D", "D", "D", "D", "D", "D", "D", "D", "D", "D", "D", "D", "D", "D", "D", "D", "D", "D", "D", "D", "D", "D", "D", "D", "D", "D", "D", "D", "D", "D", "D", "D", "D", "D", "D", "G", "G", "G", "G", "G", "G", "G", "G", "G", "G", "G", "G", "G", "G", "G", "G", "G", "G", "G", "G", "G", "G", "G", "G", "G", "G", "G", "G", "G", "G", "G", "G", "G", "G", "G", "G", "G", "G", "G", "G", "G", "G", "G", "G", "G", "G", "G", "G", "G", "G", "G", "G", "G", "G", "G", "G", "G", "G", "G", "G", "G", "G", "G", "G", "G", "G", "G", "G", "G"]
