
metadata:
    version:
        essentia: "1.2.2"
    audio_properties:
        analysis_sample_rate: 44100
        bitrate: 128
        channels: 2
        equal_loudness: 1
        length: 10.0832653046
        replay_gain: -8.78893089294
        downmix: "mix"
    tags:
        track: 11
        year: 0
        album: "Splitted by Mp3Splt v. 2.1"
        artist: "From 001.40 To 001.50"
        comment: "http://mp3splt.sf.net"
        genre: ""
        title: "03 Beckon.mp3"

highlevel:
    ballroom:
        all:
            ChaChaCha: 0.00445334706455
            Jive: 0.00476799951866
            Quickstep: 0.042223084718
            Rumba-American: 0.0180980563164
            Rumba-International: 0.251103401184
            Rumba-Misc: 0.126002326608
            Samba: 0.00738309929147
            Tango: 0.0448552928865
            VienneseWaltz: 0.172054082155
            Waltz: 0.329059332609
        probability: 0.329059332609
        value: "Waltz"
    culture:
        all:
            non_western: 0.0371153280139
            western: 0.962884664536
        probability: 0.962884664536
        value: "western"
    gender:
        all:
            female: 0.645426154137
            male: 0.354573875666
        probability: 0.645426154137
        value: "female"
    genre_dortmund:
        all:
            alternative: 0.0947017148137
            blues: 0.015133571811
            electronic: 0.0231711938977
            folkcountry: 0.329309552908
            funksoulrnb: 0.0165119860321
            jazz: 0.252709835768
            pop: 0.172836974263
            raphiphop: 0.00230831839144
            rock: 0.0933168381453
        probability: 0.329309552908
        value: "folkcountry"
    genre_electronica:
        all:
            ambient: 0.953887164593
            dnb: 0.00584983173758
            house: 0.0191593300551
            techno: 0.00192690081894
            trance: 0.0191767457873
        probability: 0.953887164593
        value: "ambient"
    genre_rosamerica:
        all:
            cla: 0.0671984925866
            dan: 0.0058671454899
            hip: 0.00402802275494
            jaz: 0.357454389334
            pop: 0.309528678656
            rhy: 0.208215817809
            roc: 0.0432511270046
            spe: 0.00445633381605
        probability: 0.357454389334
        value: "jaz"
    genre_tzanetakis:
        all:
            blu: 0.0167944859713
            cla: 0.124840863049
            cou: 0.200565263629
            dis: 0.0157946608961
            hip: 0.00473363278434
            jaz: 0.175662145019
            met: 0.00609347270802
            pop: 0.328629136086
            reg: 0.0278605576605
            roc: 0.0990257635713
        probability: 0.328629136086
        value: "pop"
    live_studio:
        all:
            live: 0.13336417079
            studio: 0.866635859013
        probability: 0.866635859013
        value: "studio"
    mood:
        all:
            Cluster1: 0.12692591548
            Cluster2: 0.178853154182
            Cluster3: 0.60408103466
            Cluster4: 0.0788928866386
            Cluster5: 0.0112469810992
        probability: 0.60408103466
        value: "Cluster3"
    mood_acoustic:
        all:
            acoustic: 0.925191879272
            not_acoustic: 0.0748081281781
        probability: 0.925191879272
        value: "acoustic"
    mood_aggressive:
        all:
            aggressive: 1.00523584479e-05
            not_aggressive: 0.999989926815
        probability: 0.999989926815
        value: "not_aggressive"
    mood_electronic:
        all:
            electronic: 0.0751583576202
            not_electronic: 0.92484164238
        probability: 0.92484164238
        value: "not_electronic"
    mood_happy:
        all:
            happy: 0.120371103287
            not_happy: 0.879628896713
        probability: 0.879628896713
        value: "not_happy"
    mood_party:
        all:
            not_party: 0.983931303024
            party: 0.0160686764866
        probability: 0.983931303024
        value: "not_party"
    mood_relaxed:
        all:
            not_relaxed: 0.259623497725
            relaxed: 0.740376472473
        probability: 0.740376472473
        value: "relaxed"
    mood_sad:
        all:
            not_sad: 6.16302813228e-08
            sad: 0.999999940395
        probability: 0.999999940395
        value: "sad"
    rhythm:
        all:
            fast: 0.189425900578
            medium: 0.185107856989
            slow: 0.625466227531
        probability: 0.625466227531
        value: "slow"
    speech_music:
        all:
            music: 3.19297976947e-10
            speech: 1
        probability: 1
        value: "speech"
    timbre:
        all:
            bright: 0.408702254295
            dark: 0.591297745705
        probability: 0.591297745705
        value: "dark"
    voice_instrumental:
        all:
            instrumental: 0.17098839581
            voice: 0.829011619091
        probability: 0.829011619091
        value: "voice"

lowlevel:
    average_loudness: 0.927255749702
    barkbands_kurtosis:
        dmean: 1.91948616505
        dmean2: 2.94834518433
        dvar: 6.54989814758
        dvar2: 14.8792829514
        max: 28.5897502899
        mean: 3.90885138512
        min: -1.72766053677
        var: 21.0545253754
    barkbands_skewness:
        dmean: 0.34928715229
        dmean2: 0.519959867001
        dvar: 0.123281300068
        dvar2: 0.293756872416
        max: 4.88853693008
        mean: 1.60858476162
        min: -0.317048817873
        var: 0.695429563522
    barkbands_spread:
        dmean: 2.3865776062
        dmean2: 3.56756520271
        dvar: 9.29709339142
        dvar2: 18.4039096832
        max: 51.9420433044
        mean: 11.7416400909
        min: 2.92897224426
        var: 33.4530830383
    dissonance:
        dmean: 0.0308803245425
        dmean2: 0.0522306449711
        dvar: 0.000737768074032
        dvar2: 0.00179044296965
        max: 0.490719437599
        mean: 0.407618671656
        min: 0.242788627744
        var: 0.00162182457279
    hfc:
        dmean: 0.596077203751
        dmean2: 0.813317298889
        dvar: 1.24423372746
        dvar2: 2.230656147
        max: 20.4402046204
        mean: 2.24976754189
        min: 8.21468347567e-06
        var: 4.71338605881
    pitch:
        dmean: 50.6909599304
        dmean2: 96.7106323242
        dvar: 70104.9375
        dvar2: 207791.96875
        max: 4009.09082031
        mean: 233.372772217
        min: 65.1403274536
        var: 42324.6835938
    pitch_instantaneous_confidence:
        dmean: 0.0705004408956
        dmean2: 0.109304711223
        dvar: 0.00689485948533
        dvar2: 0.0130835054442
        max: 0.920454978943
        mean: 0.60655516386
        min: 0.164749145508
        var: 0.0288822948933
    pitch_salience:
        dmean: 0.0592697300017
        dmean2: 0.0920094773173
        dvar: 0.00279758544639
        dvar2: 0.00646553793922
        max: 0.971658051014
        mean: 0.594486653805
        min: 0.270365893841
        var: 0.012603322044
    silence_rate_20dB:
        dmean: 0
        dmean2: 0
        dvar: 0
        dvar2: 0
        max: 1
        mean: 1
        min: 1
        var: 0
    silence_rate_30dB:
        dmean: 0
        dmean2: 0
        dvar: 0
        dvar2: 0
        max: 1
        mean: 1
        min: 1
        var: 0
    silence_rate_60dB:
        dmean: 0.0965517237782
        dmean2: 0.193548381329
        dvar: 0.0872299075127
        dvar2: 0.18373683095
        max: 1
        mean: 0.598623871803
        min: 0
        var: 0.24027352035
    spectral_centroid:
        dmean: 84.4756774902
        dmean2: 123.094421387
        dvar: 19284.0214844
        dvar2: 42864.1757812
        max: 2624.65454102
        mean: 629.81048584
        min: 323.878112793
        var: 57259.1875
    spectral_complexity:
        dmean: 1.48847925663
        dmean2: 2.35565829277
        dvar: 2.09318423271
        dvar2: 4.53400468826
        max: 18
        mean: 7.99080467224
        min: 0
        var: 7.22750043869
    spectral_crest:
        dmean: 2.01169395447
        dmean2: 3.05049324036
        dvar: 4.0791182518
        dvar2: 9.36392211914
        max: 21.7709541321
        mean: 10.5253314972
        min: 3.62310123444
        var: 17.9663352966
    spectral_decrease:
        dmean: 2.42702580255e-10
        dmean2: 3.52745860299e-10
        dvar: 1.16659336815e-19
        dvar2: 2.43227056598e-19
        max: -1.48434053677e-15
        mean: -8.91644258427e-10
        min: -4.75617234486e-09
        var: 4.66213520594e-19
    spectral_energy:
        dmean: 0.000963483180385
        dmean2: 0.00139652995858
        dvar: 1.87456214462e-06
        dvar2: 3.85567454941e-06
        max: 0.0198049023747
        mean: 0.00356932985596
        min: 6.347325332e-09
        var: 7.56095778343e-06
    spectral_energyband_high:
        dmean: 1.44936439028e-05
        dmean2: 2.14566007344e-05
        dvar: 2.4028203871e-09
        dvar2: 5.68559066494e-09
        max: 0.000784284435213
        mean: 2.48085125349e-05
        min: 1.01570883648e-10
        var: 2.69554600862e-09
    spectral_energyband_low:
        dmean: 4.55628796772e-05
        dmean2: 7.17882358003e-05
        dvar: 5.49521717019e-09
        dvar2: 1.11328306573e-08
        max: 0.00128313782625
        mean: 0.000146444581333
        min: 2.16032719491e-10
        var: 2.19787583688e-08
    spectral_energyband_middle_high:
        dmean: 0.00027498792042
        dmean2: 0.000356213073246
        dvar: 5.81109816267e-07
        dvar2: 9.50489834395e-07
        max: 0.018232986331
        mean: 0.000799939094577
        min: 4.91844565076e-09
        var: 2.49219920079e-06
    spectral_energyband_middle_low:
        dmean: 0.000770626589656
        dmean2: 0.00116536952555
        dvar: 1.15531281608e-06
        dvar2: 2.63194738181e-06
        max: 0.0119993416592
        mean: 0.00259811384603
        min: 1.07600139909e-09
        var: 4.57639725937e-06
    spectral_flatness_db:
        dmean: 0.0207841712981
        dmean2: 0.0310084465891
        dvar: 0.000440479838289
        dvar2: 0.000928052118979
        max: 0.317748039961
        mean: 0.213626652956
        min: 0.0967862606049
        var: 0.00172670779284
    spectral_flux:
        dmean: 0.00762835610658
        dmean2: 0.0116770481691
        dvar: 9.41048274399e-05
        dvar2: 0.000220815913053
        max: 0.103266693652
        mean: 0.0225822776556
        min: 7.96701060608e-05
        var: 0.000199705449631
    spectral_kurtosis:
        dmean: 5.96465396881
        dmean2: 10.0020151138
        dvar: 42.0917129517
        dvar2: 102.94631958
        max: 70.8869018555
        mean: 15.7986392975
        min: 0.217268228531
        var: 120.80316925
    spectral_rms:
        dmean: 0.000240551220486
        dmean2: 0.000340303609846
        dvar: 9.07467878619e-08
        dvar2: 1.70802110233e-07
        max: 0.00439566327259
        mean: 0.0017492773477
        min: 2.48847595685e-06
        var: 4.22298512603e-07
    spectral_rolloff:
        dmean: 190.375061035
        dmean2: 310.366363525
        dvar: 112238.195312
        dvar2: 204317.5
        max: 4909.5703125
        mean: 973.844970703
        min: 279.931640625
        var: 296754.71875
    spectral_skewness:
        dmean: 0.454561680555
        dmean2: 0.752809405327
        dvar: 0.202117651701
        dvar2: 0.468886166811
        max: 6.42816019058
        mean: 2.88386702538
        min: 0.568004727364
        var: 0.705912053585
    spectral_spread:
        dmean: 563879.5
        dmean2: 774860.5625
        dvar: 1.2151464919e+12
        dvar2: 1.16889616384e+12
        max: 31731398
        mean: 2930789.75
        min: 1112194.125
        var: 3.90148102554e+12
    spectral_strongpeak:
        dmean: 0.163065388799
        dmean2: 0.265412658453
        dvar: 0.0568194277585
        dvar2: 0.128887832165
        max: 3.62980818748
        mean: 0.5242857337
        min: 3.43165811501e-05
        var: 0.243011757731
    zerocrossingrate:
        dmean: 0.00487943738699
        dmean2: 0.00575111852959
        dvar: 3.75025738322e-05
        dvar2: 5.51604935026e-05
        max: 0.12744140625
        mean: 0.037778377533
        min: 0.0029296875
        var: 0.000214996369323
    barkbands:
        dmean: [3.24490429193e-07, 1.71528226929e-05, 3.39804246323e-05, 5.38624663022e-05, 0.000485084514366, 0.000214907122427, 0.000154730310896, 0.000143189245136, 6.74417606206e-05, 0.000149072642671, 2.47562056757e-05, 8.19693959784e-05, 1.94819203898e-05, 3.72155082005e-05, 2.91358501272e-05, 1.10889004645e-05, 2.2563868697e-05, 1.9152294044e-05, 1.97878598556e-05, 1.05730841824e-05, 5.90126865063e-06, 2.38928510043e-06, 5.88107013755e-07, 5.20493358636e-07, 1.62503695833e-07, 1.24496875031e-08, 8.35867197679e-09]
        dmean2: [5.58648309834e-07, 2.39893015532e-05, 5.60035296076e-05, 8.78475839272e-05, 0.000713091983926, 0.000316514779115, 0.000242097477894, 0.000214997126022, 8.34400852909e-05, 0.000205462085432, 3.90493478335e-05, 0.000126410945086, 2.84379020741e-05, 5.76248457946e-05, 4.28424864367e-05, 1.6708885596e-05, 3.46861597791e-05, 2.75757211057e-05, 2.96664638881e-05, 1.5075362171e-05, 9.46155250858e-06, 3.76855700779e-06, 9.90660282696e-07, 7.9130990116e-07, 2.73963337349e-07, 1.93671834126e-08, 1.26563035607e-08]
        dvar: [7.31178409919e-13, 7.82485798378e-10, 2.91731394597e-09, 6.49250742057e-09, 6.28644215794e-07, 1.5962362454e-07, 1.59669482969e-07, 6.54357705798e-08, 2.13380033642e-08, 3.54856780405e-07, 1.24042314198e-08, 8.96497382996e-08, 3.08002090499e-09, 1.16765512814e-08, 7.9542763487e-09, 9.41412503508e-10, 1.93895255407e-09, 1.2862594323e-09, 2.16468842851e-09, 9.0308094336e-10, 2.7714464057e-10, 1.98196542511e-10, 2.03093271367e-11, 4.13590169057e-12, 8.34886413476e-13, 1.31317584573e-14, 1.44338598555e-14]
        dvar2: [1.98356392075e-12, 1.24652121958e-09, 6.64596955247e-09, 1.59091424479e-08, 1.47075820678e-06, 2.74386877663e-07, 3.74024409666e-07, 1.83982436397e-07, 2.61036152693e-08, 6.22730226496e-07, 3.28390115101e-08, 2.37615850551e-07, 6.42981046184e-09, 2.86675909678e-08, 1.56329775791e-08, 2.79434853034e-09, 4.75366590535e-09, 2.28515606437e-09, 4.67169414264e-09, 1.95423743854e-09, 6.53994691735e-10, 5.0509435523e-10, 5.4808879657e-11, 9.05251915095e-12, 2.37007093638e-12, 3.29511300244e-14, 3.62954363287e-14]
        max: [8.1699954535e-06, 0.000568934017792, 0.000713163637556, 0.000851242046338, 0.00832323916256, 0.0071756192483, 0.00549760600552, 0.00332017871551, 0.0035087664146, 0.0145717803389, 0.00176682230085, 0.00492605986074, 0.000834993843455, 0.00150821148418, 0.00105858838651, 0.000462825206341, 0.000831882352941, 0.000592953816522, 0.000474236963782, 0.000444278644864, 0.000258438958554, 0.000232137113926, 7.49508326408e-05, 2.87457623926e-05, 1.39042422234e-05, 1.6919434529e-06, 1.78832056008e-06]
        mean: [8.76769092883e-07, 5.50976910745e-05, 9.04972621356e-05, 0.000101008881757, 0.00105827103835, 0.000542391382623, 0.000329718954163, 0.000363840546925, 0.000167880614754, 0.00035198617843, 3.38256759278e-05, 0.000157359289005, 3.43303108821e-05, 4.79194168292e-05, 5.00108180859e-05, 1.95786888071e-05, 5.17393928021e-05, 4.28105340688e-05, 3.79585762857e-05, 1.74925007741e-05, 1.02064250314e-05, 3.22966957356e-06, 5.06772209974e-07, 6.04992294484e-07, 1.77966072101e-07, 8.70970850997e-09, 4.33670521716e-09]
        min: [7.0596327395e-11, 1.08245273855e-10, 7.24411849951e-11, 7.04080266312e-11, 1.67247368732e-10, 1.36152283892e-10, 7.88977286281e-11, 5.85156229027e-11, 4.61286453479e-10, 7.62159391154e-10, 9.08792818777e-10, 1.07288233853e-09, 5.26239496423e-10, 5.87963289167e-10, 5.2689752561e-10, 1.07340733524e-10, 1.28733426696e-10, 1.40741071575e-10, 2.09032222087e-10, 1.26216870289e-10, 2.31564906139e-11, 7.92272660238e-13, 8.43794977466e-13, 1.09708206061e-12, 3.60610331743e-13, 1.48227973949e-13, 9.91175593207e-15]
        var: [8.18426381353e-13, 3.6214109489e-09, 1.3801251697e-08, 1.2272742822e-08, 1.93922937797e-06, 8.75459477356e-07, 3.05214769014e-07, 1.11673294612e-07, 1.68622122487e-07, 1.44802186242e-06, 9.76609637604e-09, 8.5594045629e-08, 5.7471178927e-09, 1.1237895059e-08, 1.40317508723e-08, 1.3546804789e-09, 1.00505639367e-08, 6.30628260723e-09, 3.55380747052e-09, 1.15430209835e-09, 3.91913057562e-10, 1.63080091098e-10, 1.35525479728e-11, 4.86739945224e-12, 5.40627113389e-13, 6.80473828462e-15, 7.33509695312e-15]
    mfcc:
        mean: [-794.602172852, 191.333480835, -44.811832428, 36.482334137, -16.0049552917, -15.7088050842, -2.92445540428, -10.1363811493, -8.69441223145, -7.10372543335, -3.54973506927, 1.77590811253, -8.61283779144]
        cov: [[3272.80297852, -1198.67980957, 127.775909424, -9.38737392426, -196.107833862, -84.6394577026, 41.9628868103, -66.8403244019, -63.5422973633, -52.3041534424, -69.4528808594, 58.394203186, -148.470352173], [-1198.67980957, 1449.34509277, -324.254364014, 72.8339157104, 157.165969849, 15.4106616974, -96.686416626, -41.3379745483, 63.5502471924, 72.9411239624, -8.03888034821, -95.2398223877, -40.9355545044], [127.775909424, -324.254364014, 370.894683838, -5.89343452454, 56.7361984253, 5.45428276062, 5.45989322662, 21.140958786, 16.5468063354, -43.8840789795, 32.2907371521, 28.4902515411, 70.7289428711], [-9.38737392426, 72.8339157104, -5.89343452454, 191.134002686, 19.0076789856, -3.65284705162, -27.3199748993, 17.6943016052, 31.7303295135, -10.6728057861, 34.6956176758, 33.0380020142, -8.2533454895], [-196.107833862, 157.165969849, 56.7361984253, 19.0076789856, 175.004241943, -34.3621063232, -14.430978775, -44.3840713501, 46.4645347595, 3.15797328949, -10.5987873077, -6.32652616501, -34.4450569153], [-84.6394577026, 15.4106616974, 5.45428276062, -3.65284705162, -34.3621063232, 146.920379639, -14.2153425217, 64.411491394, -16.1876411438, 38.4022636414, 27.7397994995, -15.7754821777, 30.2936725616], [41.9628868103, -96.686416626, 5.45989322662, -27.3199748993, -14.430978775, -14.2153425217, 95.4991149902, 10.7341327667, -9.12521743774, 5.45383787155, 0.882879853249, 5.83136224747, 5.30314970016], [-66.8403244019, -41.3379745483, 21.140958786, 17.6943016052, -44.3840713501, 64.411491394, 10.7341327667, 113.06665802, -10.689163208, 1.69316363335, 25.1737575531, 6.66760253906, 47.2567672729], [-63.5422973633, 63.5502471924, 16.5468063354, 31.7303295135, 46.4645347595, -16.1876411438, -9.12521743774, -10.689163208, 98.1234436035, -5.22846126556, -17.0105743408, 17.1140842438, -0.767699658871], [-52.3041534424, 72.9411239624, -43.8840789795, -10.6728057861, 3.15797328949, 38.4022636414, 5.45383787155, 1.69316363335, -5.22846126556, 101.462303162, 12.5878715515, -15.451965332, -5.71424388885], [-69.4528808594, -8.03888034821, 32.2907371521, 34.6956176758, -10.5987873077, 27.7397994995, 0.882879853249, 25.1737575531, -17.0105743408, 12.5878715515, 101.425285339, -1.18263304234, 39.8807029724], [58.394203186, -95.2398223877, 28.4902515411, 33.0380020142, -6.32652616501, -15.7754821777, 5.83136224747, 6.66760253906, 17.1140842438, -15.451965332, -1.18263304234, 92.5028686523, 6.91935110092], [-148.470352173, -40.9355545044, 70.7289428711, -8.2533454895, -34.4450569153, 30.2936725616, 5.30314970016, 47.2567672729, -0.767699658871, -5.71424388885, 39.8807029724, 6.91935110092, 130.012756348]]
        icov: [[0.00054028647719, 0.000435943657067, -0.000100505028968, -0.000238837630604, 0.000562712782994, 0.000150920081069, 0.000167648046045, 0.000299812003504, -3.28560599883e-05, -0.000149166502524, 0.000193583618966, 0.000186169199878, 0.000715830130503], [0.000435943657067, 0.00170458783396, 0.00144851277582, -0.00048937293468, -0.00124896562193, -4.58598296973e-05, 0.00102869491093, 0.000131508684717, -0.000408859341405, -0.000308397517074, 7.75717271608e-05, 0.00108788150828, -0.000292174401693], [-0.000100505028968, 0.00144851277582, 0.00553510710597, 0.000362602004316, -0.00404810998589, -0.000788057222962, 0.00067254411988, -0.000375994452043, -0.000332793046255, 0.00164974620566, -0.00103064731229, -0.000155279893079, -0.00303154508583], [-0.000238837630604, -0.00048937293468, 0.000362602004316, 0.00759580777958, -0.000474494445371, 0.00079258257756, 0.00191148009617, -0.00230246572755, -0.00220709689893, 0.000879343075212, -0.00377968000248, -0.00264467764646, 0.00163240474649], [0.000562712782994, -0.00124896562193, -0.00404810998589, -0.000474494445371, 0.0113625237718, 0.0014472551411, -0.000231235462707, 0.0023251096718, -0.0030607371591, -0.00136013608426, -1.43657962326e-05, 0.000674522889312, 0.00414955010638], [0.000150920081069, -4.58598296973e-05, -0.000788057222962, 0.00079258257756, 0.0014472551411, 0.0117091359571, 0.00298714824021, -0.00626573013142, 0.000197645873413, -0.00430023903027, -0.00106128084008, 0.00136954360642, 0.000512504077051], [0.000167648046045, 0.00102869491093, 0.00067254411988, 0.00191148009617, -0.000231235462707, 0.00298714824021, 0.0128043293953, -0.00281064538285, 3.46019987774e-05, -0.0018782770494, -0.000765510194469, -0.000391378242057, 0.00018614839064], [0.000299812003504, 0.000131508684717, -0.000375994452043, -0.00230246572755, 0.0023251096718, -0.00626573013142, -0.00281064538285, 0.0154773453251, 0.000416247930843, 0.0015790478792, 0.000303825363517, -0.000549757387489, -0.00298498780467], [-3.28560599883e-05, -0.000408859341405, -0.000332793046255, -0.00220709689893, -0.0030607371591, 0.000197645873413, 3.46019987774e-05, 0.000416247930843, 0.0136630246416, -0.000237803877098, 0.00341153191403, -0.00209157541394, -0.00199990603141], [-0.000149166502524, -0.000308397517074, 0.00164974620566, 0.000879343075212, -0.00136013608426, -0.00430023903027, -0.0018782770494, 0.0015790478792, -0.000237803877098, 0.0128413680941, -0.00200215145014, 0.000281367538264, 0.000197350804228], [0.000193583618966, 7.75717271608e-05, -0.00103064731229, -0.00377968000248, -1.43657962326e-05, -0.00106128084008, -0.000765510194469, 0.000303825363517, 0.00341153191403, -0.00200215145014, 0.0141357043758, 0.000963131373283, -0.00372465210967], [0.000186169199878, 0.00108788150828, -0.000155279893079, -0.00264467764646, 0.000674522889312, 0.00136954360642, -0.000391378242057, -0.000549757387489, -0.00209157541394, 0.000281367538264, 0.000963131373283, 0.0136311240494, -0.000473776861327], [0.000715830130503, -0.000292174401693, -0.00303154508583, 0.00163240474649, 0.00414955010638, 0.000512504077051, 0.00018614839064, -0.00298498780467, -0.00199990603141, 0.000197350804228, -0.00372465210967, -0.000473776861327, 0.013391777873]]
    spectral_contrast:
        mean: [-2.34098095575e-07, 2.17008864212e-08, 1.51904060885e-07, 7.0649485906e-07, 1.60204606914e-07, -9.73542526594e-08, 3.38795894095e-06, 1.78317225163e-06, 1.48484070905e-06, -2.45571141022e-06, -1.88816557056e-06, 1.94516678675e-06]
        var: [0.000359410914825, 0.00105810840614, 0.00215568603016, 0.0023435279727, 0.00385867920704, 0.00855031516403, 0.0594451949, 0.11347450316, 0.127256855369, 0.255420088768, 0.605624496937, 1.58842587471]

rhythm:
    beats_loudness:
        dmean: 0.00230414955877
        dmean2: 0.00369237246923
        dvar: 4.83009625896e-06
        dvar2: 1.43171801028e-05
        max: 0.0103488266468
        mean: 0.00356573518366
        min: 0.00119678198826
        var: 5.8105433709e-06
    beats_loudness_bass:
        dmean: 0.0801297202706
        dmean2: 0.134839758277
        dvar: 0.00349242659286
        dvar2: 0.0119309406728
        max: 0.229941189289
        mean: 0.0727530196309
        min: 0.00624812254682
        var: 0.00439135776833
    bpm: 123.54334259
    bpm_confidence: 0
    first_peak_bpm: 134
    first_peak_spread: 0
    first_peak_weight: 0.619047641754
    onset_rate: 4.06614303589
    second_peak_bpm: 124
    second_peak_spread: 0
    second_peak_weight: 0.333333343267
    beats_position: [0.0575222223997, 0.504440367222, 0.951358497143, 1.39827656746, 1.84519481659, 2.29211306572, 2.73903131485, 3.18594956398, 3.63286781311, 4.07978582382, 4.52670431137, 4.97362232208, 5.42054080963, 5.86745882034, 6.45536279678, 6.94106149673, 7.42676067352, 7.91245937347, 8.39815807343, 8.88385677338, 9.36955547333, 9.85525417328]
    bpm_estimates: [124.333320618, 124.061309814, 124.143127441, 121.635620117]
    bpm_intervals: [0.446918129921, 0.446918129921, 0.446918070316, 0.44691824913, 0.44691824913, 0.44691824913, 0.44691824913, 0.44691824913, 0.446918010712, 0.446918487549, 0.446918010712, 0.446918487549, 0.446918010712, 0.58790397644, 0.485698699951, 0.485699176788, 0.485698699951, 0.485698699951, 0.485698699951, 0.485698699951, 0.485698699951]
    onset_times: [0.0464399084449, 0.267029464245, 0.708208620548, 0.882358253002, 1.14938771725, 1.369977355, 1.48607707024, 1.67183673382, 1.77632653713, 1.90403628349, 2.13623571396, 2.4497051239, 2.70512461662, 3.13469386101, 3.28562355042, 3.73841261864, 4.17959165573, 4.6439909935, 5.15482997894, 5.31736946106, 5.61922883987, 5.78176879883, 6.24616765976, 6.58285713196, 6.72217702866, 7.05886602402, 7.24462604523, 7.55809545517, 7.73224496841, 7.8831744194, 8.35918331146, 8.51011371613, 8.74231338501, 8.84680271149, 8.893242836, 9.0093421936, 9.21832180023, 9.39247131348, 9.79882049561, 9.91492080688, 10.077460289]
    rubato_start: []
    rubato_stop: []
    perceptual_tempo: "unknown"

sfx:
    inharmonicity:
        dmean: 0.0321733094752
        dmean2: 0.0571245402098
        dvar: 0.00184865936171
        dvar2: 0.00515948189422
        max: 0.370066255331
        mean: 0.0300624687225
        min: 1.62236920005e-05
        var: 0.00166782562155
    oddtoevenharmonicenergyratio:
        dmean: 4.39619159698
        dmean2: 8.3310956955
        dvar: 316.766296387
        dvar2: 920.901550293
        max: 211.974304199
        mean: 3.04306340218
        min: 4.27015656896e-05
        var: 182.531387329
    pitch_after_max_to_before_max_energy_ratio: 1.85512769222
    pitch_centroid: 194.871002197
    pitch_max_to_total: 0.112643681467
    pitch_min_to_total: 0.834482729435
    tristimulus:
        dmean: [0.203604117036, 0.211165323853, 0.0395183600485]
        dmean2: [0.35903352499, 0.368966966867, 0.0690519437194]
        dvar: [0.043452013284, 0.0470340661705, 0.00190700858366]
        dvar2: [0.106451667845, 0.123434372246, 0.00562269380316]
        max: [0.981724977493, 0.961284220219, 0.270003467798]
        mean: [0.396403551102, 0.547043263912, 0.0456130318344]
        min: [0.0329609960318, 0, 0]
        var: [0.0640091225505, 0.0648132488132, 0.00202418514527]

tonal:
    chords_changes_rate: 0.0365296788514
    chords_number_rate: 0.0228310506791
    chords_strength:
        dmean: 0.00826441124082
        dmean2: 0.00562663795426
        dvar: 5.67042225157e-05
        dvar2: 3.46428823832e-05
        max: 0.693787574768
        mean: 0.538684546947
        min: 0.310869961977
        var: 0.00645095575601
    key_strength: 0.789688944817
    tuning_diatonic_strength: 0.592556893826
    tuning_equal_tempered_deviation: 0.0528740808368
    tuning_frequency: 441.527557373
    tuning_nontempered_energy_ratio: 0.651642918587
    hpcp:
        dmean: [0.113237269223, 0.0995291694999, 0.0727550014853, 0.0778634101152, 0.076150521636, 0.0852667167783, 0.0756321847439, 0.0594811886549, 0.0622125081718, 0.051354713738, 0.0340254344046, 0.0520842932165, 0.0758796036243, 0.104326032102, 0.138797268271, 0.116702519357, 0.101338632405, 0.0373414754868, 0.025666391477, 0.0247808545828, 0.0597145147622, 0.0686232224107, 0.044063385576, 0.0311633497477, 0.0259304456413, 0.0328781530261, 0.0657442286611, 0.0836959257722, 0.0788225829601, 0.0848341062665, 0.0923748090863, 0.0580471940339, 0.0395185723901, 0.030926130712, 0.0656683072448, 0.101329512894]
        dmean2: [0.175547689199, 0.170732095838, 0.130494996905, 0.141589343548, 0.134754940867, 0.143073275685, 0.119238868356, 0.0923658683896, 0.108368933201, 0.0845502540469, 0.0577405318618, 0.086056523025, 0.133652582765, 0.180913686752, 0.235323920846, 0.202250570059, 0.173473075032, 0.0662018358707, 0.0460055470467, 0.0457274317741, 0.0969244167209, 0.114444971085, 0.0778742060065, 0.0545802637935, 0.0438326150179, 0.0548589080572, 0.0982127487659, 0.125153779984, 0.123918429017, 0.132612422109, 0.147434473038, 0.0959907248616, 0.0722146108747, 0.0520118102431, 0.119965687394, 0.165905490518]
        dvar: [0.0270900744945, 0.0283357873559, 0.0227945875376, 0.0347136259079, 0.034383688122, 0.0287593174726, 0.0286974646151, 0.0199735276401, 0.0234864242375, 0.0206514447927, 0.00906254909933, 0.0189366843551, 0.0314550548792, 0.0359384939075, 0.0356208831072, 0.0464666113257, 0.0231843125075, 0.0112749636173, 0.0062409657985, 0.00544103235006, 0.0207477081567, 0.0195573177189, 0.0134632224217, 0.00883954390883, 0.00960654951632, 0.00788778439164, 0.0143890315667, 0.0274848267436, 0.0201949905604, 0.0145201059058, 0.0260485671461, 0.00949056912214, 0.0107421949506, 0.00539137423038, 0.0291806794703, 0.0309320036322]
        dvar2: [0.0525743104517, 0.0722315609455, 0.0586141385138, 0.0987758785486, 0.0890684574842, 0.0707326307893, 0.0543338879943, 0.0371055863798, 0.0618653222919, 0.0513017326593, 0.0172069538385, 0.0484469756484, 0.0781384930015, 0.0979236662388, 0.098845526576, 0.106476448476, 0.0607905238867, 0.0243443921208, 0.0179235637188, 0.0148052852601, 0.0555928274989, 0.0451533012092, 0.0294104088098, 0.02178786695, 0.0253294594586, 0.0206289887428, 0.0298878252506, 0.0519457310438, 0.0430117361248, 0.0311881843954, 0.0616706758738, 0.0256001036614, 0.0301880929619, 0.0131001975387, 0.0692392513156, 0.0710179805756]
        max: [1, 1, 1, 1, 1, 1, 1, 1, 1, 1, 1, 1, 1, 1, 1, 1, 1, 1, 0.553809583187, 0.661397099495, 1, 1, 1, 1, 1, 0.907349944115, 0.989467918873, 1, 1, 0.947591483593, 1, 0.858801722527, 0.725424110889, 0.506085932255, 1, 1]
        mean: [0.236844822764, 0.134949713945, 0.0652584284544, 0.0811289548874, 0.0773731023073, 0.108378663659, 0.129532933235, 0.0879915431142, 0.100566603243, 0.108886994421, 0.0648667216301, 0.0569046884775, 0.0757915824652, 0.107383415103, 0.365473628044, 0.537394702435, 0.25724992156, 0.0336587317288, 0.0217300858349, 0.0254035461694, 0.0731733366847, 0.0982871055603, 0.0597303584218, 0.030155453831, 0.022304661572, 0.0346666574478, 0.117233209312, 0.164087116718, 0.11097625643, 0.151067242026, 0.183024659753, 0.0927076488733, 0.0405122637749, 0.0365787521005, 0.0603775605559, 0.172389149666]
        min: [0, 0, 0, 0, 0, 0, 0, 0, 0, 0, 0, 0, 0, 0, 0, 0, 0, 0, 0, 0, 0, 0, 0, 0, 0, 0, 0, 0, 0, 0, 0, 0, 0, 0, 0, 0]
        var: [0.082795701921, 0.0295128840953, 0.0210213288665, 0.0395267680287, 0.0402497835457, 0.0465873703361, 0.069911070168, 0.0400612875819, 0.0531887076795, 0.0684952959418, 0.0297335125506, 0.0210347436368, 0.0307443458587, 0.0397224351764, 0.0858962461352, 0.185881108046, 0.0547336824238, 0.0120769767091, 0.004847869277, 0.00532435299829, 0.0196346212178, 0.0294403489679, 0.0221713688225, 0.00980827771127, 0.00709566334262, 0.00672012334689, 0.0368761382997, 0.0743423327804, 0.033054612577, 0.0377355590463, 0.0689807757735, 0.0144076198339, 0.00819894205779, 0.00670466339216, 0.0266788061708, 0.0625343620777]
    chords_histogram: [7.76255702972, 0, 52.5114173889, 0, 0, 0, 0, 0, 0, 0, 0, 0, 0, 0, 0, 0, 0, 10.0456619263, 0, 5.47945213318, 0, 0, 24.2009124756, 0]
    thpcp: [1, 0.478698283434, 0.062633164227, 0.040435988456, 0.0472716726363, 0.136163115501, 0.182895556092, 0.111148022115, 0.0561141632497, 0.041505176574, 0.0645087435842, 0.218151032925, 0.305338174105, 0.206507906318, 0.281110405922, 0.340577721596, 0.172513142228, 0.0753864198923, 0.0680668279529, 0.112352356315, 0.320786833763, 0.440727859735, 0.251118421555, 0.121434822679, 0.150967165828, 0.1439781636, 0.201674237847, 0.24103872478, 0.163737267256, 0.187137320638, 0.202620148659, 0.120705917478, 0.105889931321, 0.141035228968, 0.199822247028, 0.680084168911]
    chords_key: "D"
    chords_scale: "major"
    key_key: "G"
    key_scale: "major"
    chords_progression: ["D", "D", "D", "D", "D", "D", "D", "D", "D", "D", "D", "D", "D", "D", "D", "D", "D", "D", "D", "D", "D", "D", "D", "D", "D", "D", "D", "D", "D", "D", "D", "D", "D", "D", "D", "D", "D", "Dm", "Dm", "Dm", "Dm", "Dm", "Dm", "Dm", "Dm", "Dm", "Dm", "Dm", "Dm", "D", "D", "D", "D", "D", "D", "D", "D", "D", "D", "D", "D", "D", "D", "D", "D", "D", "D", "D", "D", "D", "D", "D", "D", "D", "D", "D", "D", "D", "D", "D", "D", "D", "D", "D", "Gm", "Gm", "Gm", "Gm", "Gm", "Gm", "Gm", "Gm", "Gm", "Gm", "Gm", "Gm", "Gm", "Gm", "Gm", "Gm", "Gm", "Gm", "Gm", "Gm", "Gm", "G", "G", "G", "G", "G", "G", "G", "G", "G", "G", "Gm", "D", "D", "D", "D", "D", "D", "D", "D", "D", "D", "D", "D", "D", "D", "D", "D", "D", "D", "D", "D", "D", "D", "D", "D", "D", "D", "D", "D", "D", "D", "D", "D", "D", "D", "D", "D", "D", "D", "D", "D", "D", "D", "D", "G", "G", "G", "G", "G", "G", "G", "C", "C", "C", "C", "C", "C", "C", "C", "C", "C", "C", "C", "C", "C", "C", "C", "C", "C", "C", "C", "C", "C", "C", "C", "C", "C", "C", "C", "C", "C", "C", "C", "C", "C", "C", "C", "C", "C", "C", "C", "C", "C", "C", "C", "C", "C", "C", "C", "C", "C", "C", "C", "C"]
