
metadata:
    version:
        essentia: "1.2.2"
    audio_properties:
        analysis_sample_rate: 44100
        bitrate: 128
        channels: 2
        equal_loudness: 1
        length: 10.0048980713
        replay_gain: -9.18562507629
        downmix: "mix"
    tags:
        track: 14
        year: 0
        album: "Splitted by Mp3Splt v. 2.1"
        artist: "From 002.10 To 002.20"
        comment: "http://mp3splt.sf.net"
        genre: ""
        title: "11 Anywhere.mp3"

highlevel:
    ballroom:
        all:
            ChaChaCha: 0.152990072966
            Jive: 0.523961722851
            Quickstep: 0.0593510493636
            Rumba-American: 0.00117364048492
            Rumba-International: 0.0120382709429
            Rumba-Misc: 0.00265360809863
            Samba: 0.22997559607
            Tango: 0.001746314927
            VienneseWaltz: 0.013314826414
            Waltz: 0.00279486994259
        probability: 0.523961722851
        value: "Jive"
    culture:
        all:
            non_western: 0.0360383652151
            western: 0.963961660862
        probability: 0.963961660862
        value: "western"
    gender:
        all:
            female: 0.314749509096
            male: 0.685250520706
        probability: 0.685250520706
        value: "male"
    genre_dortmund:
        all:
            alternative: 0.0881249681115
            blues: 0.017891285941
            electronic: 0.0180692169815
            folkcountry: 0.275203883648
            funksoulrnb: 0.0358321778476
            jazz: 0.213918671012
            pop: 0.17000284791
            raphiphop: 0.00301592634059
            rock: 0.177941009402
        probability: 0.275203883648
        value: "folkcountry"
    genre_electronica:
        all:
            ambient: 0.175813734531
            dnb: 0.311147749424
            house: 0.0391857661307
            techno: 0.0139764305204
            trance: 0.459876328707
        probability: 0.459876328707
        value: "trance"
    genre_rosamerica:
        all:
            cla: 0.0228614080697
            dan: 0.174161449075
            hip: 0.00468321051449
            jaz: 0.012121473439
            pop: 0.562878727913
            rhy: 0.0116150453687
            roc: 0.209504187107
            spe: 0.00217452412471
        probability: 0.562878727913
        value: "pop"
    genre_tzanetakis:
        all:
            blu: 0.00350849027745
            cla: 0.00255582062528
            cou: 0.125246524811
            dis: 0.0814562737942
            hip: 0.0024330469314
            jaz: 0.0632683113217
            met: 0.0133717786521
            pop: 0.249985590577
            reg: 0.00453773140907
            roc: 0.453636437654
        probability: 0.453636437654
        value: "roc"
    live_studio:
        all:
            live: 0.125697910786
            studio: 0.874302089214
        probability: 0.874302089214
        value: "studio"
    mood:
        all:
            Cluster1: 0.32296192646
            Cluster2: 0.268124312162
            Cluster3: 0.218095436692
            Cluster4: 0.135899633169
            Cluster5: 0.0549186766148
        probability: 0.32296192646
        value: "Cluster1"
    mood_acoustic:
        all:
            acoustic: 0.00878704153001
            not_acoustic: 0.991212964058
        probability: 0.991212964058
        value: "not_acoustic"
    mood_aggressive:
        all:
            aggressive: 0.12500937283
            not_aggressive: 0.874990642071
        probability: 0.874990642071
        value: "not_aggressive"
    mood_electronic:
        all:
            electronic: 0.282031238079
            not_electronic: 0.717968761921
        probability: 0.717968761921
        value: "not_electronic"
    mood_happy:
        all:
            happy: 0.816149055958
            not_happy: 0.183850929141
        probability: 0.816149055958
        value: "happy"
    mood_party:
        all:
            not_party: 0.5
            party: 0.5
        probability: 0.5
        value: "not_party"
    mood_relaxed:
        all:
            not_relaxed: 0.919936418533
            relaxed: 0.0800635963678
        probability: 0.919936418533
        value: "not_relaxed"
    mood_sad:
        all:
            not_sad: 0.669110894203
            sad: 0.330889105797
        probability: 0.669110894203
        value: "not_sad"
    rhythm:
        all:
            fast: 0.877682566643
            medium: 0.0832280889153
            slow: 0.0390893742442
        probability: 0.877682566643
        value: "fast"
    speech_music:
        all:
            music: 0.999823868275
            speech: 0.000176130604814
        probability: 0.999823868275
        value: "music"
    timbre:
        all:
            bright: 0.924323022366
            dark: 0.0756769999862
        probability: 0.924323022366
        value: "bright"
    voice_instrumental:
        all:
            instrumental: 0.021493697539
            voice: 0.978506326675
        probability: 0.978506326675
        value: "voice"

lowlevel:
    average_loudness: 0.963530063629
    barkbands_kurtosis:
        dmean: 0.569568872452
        dmean2: 0.93372541666
        dvar: 0.583980798721
        dvar2: 1.25297915936
        max: 5.76822471619
        mean: -0.657024562359
        min: -1.78277420998
        var: 1.46847641468
    barkbands_skewness:
        dmean: 0.336980670691
        dmean2: 0.524235546589
        dvar: 0.102974228561
        dvar2: 0.234138682485
        max: 2.53760361671
        mean: 0.568581342697
        min: -1.25546038151
        var: 0.449284553528
    barkbands_spread:
        dmean: 4.18690299988
        dmean2: 6.6977930069
        dvar: 16.1628017426
        dvar2: 40.0918617249
        max: 55.1448974609
        mean: 34.502243042
        min: 13.0667619705
        var: 63.6444091797
    dissonance:
        dmean: 0.0149396872148
        dmean2: 0.0254796054214
        dvar: 0.000178252987098
        dvar2: 0.000466439407319
        max: 0.498893171549
        mean: 0.462628960609
        min: 0.389065235853
        var: 0.0004660456907
    hfc:
        dmean: 2.42226576805
        dmean2: 3.39262986183
        dvar: 16.8191509247
        dvar2: 38.2952804565
        max: 47.4157562256
        mean: 6.50602149963
        min: 0.820185244083
        var: 29.4735660553
    pitch:
        dmean: 714.426086426
        dmean2: 1400.69238281
        dvar: 1867772.125
        dvar2: 5046173.5
        max: 4410
        mean: 981.487243652
        min: 88.1999969482
        var: 2175538.75
    pitch_instantaneous_confidence:
        dmean: 0.0766753852367
        dmean2: 0.12322383374
        dvar: 0.00474522169679
        dvar2: 0.0123002743348
        max: 0.781272351742
        mean: 0.406717538834
        min: 0.158902525902
        var: 0.0142468558624
    pitch_salience:
        dmean: 0.0530761256814
        dmean2: 0.0873939394951
        dvar: 0.00215256190859
        dvar2: 0.00591978849843
        max: 0.82094335556
        mean: 0.629698991776
        min: 0.406710773706
        var: 0.00550859980285
    silence_rate_20dB:
        dmean: 0
        dmean2: 0
        dvar: 0
        dvar2: 0
        max: 1
        mean: 1
        min: 1
        var: 0
    silence_rate_30dB:
        dmean: 0
        dmean2: 0
        dvar: 0
        dvar2: 0
        max: 1
        mean: 1
        min: 1
        var: 0
    silence_rate_60dB:
        dmean: 0.120930232108
        dmean2: 0.240093246102
        dvar: 0.106306321919
        dvar2: 0.191772773862
        max: 1
        mean: 0.440835267305
        min: 0
        var: 0.246499881148
    spectral_centroid:
        dmean: 230.618240356
        dmean2: 365.027648926
        dvar: 50106.109375
        dvar2: 122803.703125
        max: 2829.86962891
        mean: 1462.61853027
        min: 541.593383789
        var: 246967.640625
    spectral_complexity:
        dmean: 3.81542062759
        dmean2: 5.54332542419
        dvar: 21.7346897125
        dvar2: 39.6719741821
        max: 41
        mean: 13.3659677505
        min: 3
        var: 52.908039093
    spectral_crest:
        dmean: 1.62808418274
        dmean2: 2.64059758186
        dvar: 2.34825897217
        dvar2: 5.32960319519
        max: 17.9239559174
        mean: 6.7926659584
        min: 3.00741457939
        var: 5.51618909836
    spectral_decrease:
        dmean: 3.17201098721e-10
        dmean2: 4.5533218862e-10
        dvar: 2.39793145532e-19
        dvar2: 5.6808851615e-19
        max: -1.79438644499e-10
        mean: -9.81583148096e-10
        min: -4.67240424129e-09
        var: 4.18923475728e-19
    spectral_energy:
        dmean: 0.00139458966441
        dmean2: 0.001984951552
        dvar: 4.73694944958e-06
        dvar2: 1.10476448754e-05
        max: 0.0219354685396
        mean: 0.00429483596236
        min: 0.000857732025906
        var: 8.30762473925e-06
    spectral_energyband_high:
        dmean: 0.000184914460988
        dmean2: 0.000279626663541
        dvar: 1.07875699484e-07
        dvar2: 2.46993550945e-07
        max: 0.00335159036331
        mean: 0.000402907055104
        min: 2.53697562584e-05
        var: 1.88725067574e-07
    spectral_energyband_low:
        dmean: 0.000143652345287
        dmean2: 0.000242782058194
        dvar: 7.46938724205e-08
        dvar2: 2.03147635602e-07
        max: 0.00221282918938
        mean: 0.000226588512305
        min: 1.7934751213e-06
        var: 7.85127838299e-08
    spectral_energyband_middle_high:
        dmean: 0.000593822856899
        dmean2: 0.000817206047941
        dvar: 8.52682205732e-07
        dvar2: 1.82170640528e-06
        max: 0.0105489175767
        mean: 0.00150965445209
        min: 0.000160898314789
        var: 1.69105624082e-06
    spectral_energyband_middle_low:
        dmean: 0.000764663389418
        dmean2: 0.0012072318932
        dvar: 1.52654672547e-06
        dvar2: 3.92237825508e-06
        max: 0.0103614879772
        mean: 0.00215567322448
        min: 0.000290737196337
        var: 2.29621787184e-06
    spectral_flatness_db:
        dmean: 0.0115636540577
        dmean2: 0.0182790812105
        dvar: 0.00010092490993
        dvar2: 0.000250472134212
        max: 0.197147667408
        mean: 0.123622789979
        min: 0.0791800320148
        var: 0.000344739062712
    spectral_flux:
        dmean: 0.0085271326825
        dmean2: 0.0119150737301
        dvar: 8.91592499102e-05
        dvar2: 0.00013902716455
        max: 0.105525642633
        mean: 0.0336273089051
        min: 0.0105410553515
        var: 0.00027228705585
    spectral_kurtosis:
        dmean: 0.531627774239
        dmean2: 0.807966530323
        dvar: 0.275018572807
        dvar2: 0.644343912601
        max: 7.32124233246
        mean: 2.53705406189
        min: 0.577014446259
        var: 1.24403190613
    spectral_rms:
        dmean: 0.000297006452456
        dmean2: 0.000398861098802
        dvar: 1.40100794965e-07
        dvar2: 2.86302451968e-07
        max: 0.00462606269866
        mean: 0.00195165118203
        min: 0.000914774136618
        var: 3.81143536288e-07
    spectral_rolloff:
        dmean: 454.511322021
        dmean2: 730.161621094
        dvar: 231942.671875
        dvar2: 530730.4375
        max: 4694.23828125
        mean: 3109.46484375
        min: 559.86328125
        var: 912268.625
    spectral_skewness:
        dmean: 0.114218756557
        dmean2: 0.179726347327
        dvar: 0.0128356823698
        dvar2: 0.0324281267822
        max: 2.01793789864
        mean: 1.39706993103
        min: 0.686838448048
        var: 0.0641637668014
    spectral_spread:
        dmean: 544760.8125
        dmean2: 791042.6875
        dvar: 310670622720
        dvar2: 517351374848
        max: 10026163
        mean: 6760197
        min: 4176660.5
        var: 1.51358681907e+12
    spectral_strongpeak:
        dmean: 0.301618903875
        dmean2: 0.52449887991
        dvar: 0.444608271122
        dvar2: 1.15415859222
        max: 6.22124624252
        mean: 0.616188764572
        min: 0.0369252711535
        var: 0.950812876225
    zerocrossingrate:
        dmean: 0.00727402139455
        dmean2: 0.00911610759795
        dvar: 4.87819306727e-05
        dvar2: 5.84926237934e-05
        max: 0.150390625
        mean: 0.0929669290781
        min: 0.041015625
        var: 0.00051571149379
    barkbands:
        dmean: [2.72521788247e-07, 4.86187673232e-05, 0.000108950291178, 0.000164515367942, 0.000424520956585, 0.000222452232265, 0.000156042922754, 9.22542385524e-05, 7.18496594345e-05, 8.55725884321e-05, 4.92143190058e-05, 2.83960507659e-05, 3.92346701119e-05, 4.01955512643e-05, 4.0338254621e-05, 8.24707822176e-05, 0.000105935592728, 0.000153759508976, 0.00016254435468, 0.000191708197235, 8.34591482999e-05, 2.53367652476e-05, 5.29639282831e-06, 2.24800510296e-06, 2.03792183129e-06, 1.27857234133e-07, 5.23960319576e-10]
        dmean2: [3.9838334942e-07, 8.72684686328e-05, 0.000184261458344, 0.000288687529974, 0.000691159977578, 0.000353720795829, 0.000249784759944, 0.000145132391481, 0.000109522799903, 0.000129571853904, 7.80294358265e-05, 4.45399382443e-05, 5.6892484281e-05, 6.09468625044e-05, 6.34097959846e-05, 0.000117100906209, 0.000165618956089, 0.000238473512582, 0.000260680593783, 0.000301360734738, 0.000135548179969, 4.06706021749e-05, 8.15572002466e-06, 3.3826715935e-06, 2.98591157843e-06, 1.85035617051e-07, 8.53353332442e-10]
        dvar: [4.32974294438e-13, 1.58569672948e-08, 3.07109928599e-08, 6.35072154864e-08, 5.7774434481e-07, 1.29288309836e-07, 6.56409397948e-08, 2.17609557041e-08, 2.59209471665e-08, 1.84895476707e-08, 1.17115774856e-08, 3.20794901754e-09, 2.2587711701e-09, 4.90367035866e-09, 3.65794661228e-09, 1.83290449485e-08, 2.86089072432e-08, 8.20872116947e-08, 8.07954805282e-08, 9.58010488716e-08, 2.32154153679e-08, 3.00735680803e-09, 7.88008339137e-11, 8.33455873761e-12, 6.96772327335e-12, 2.71902183928e-14, 8.47779219263e-19]
        dvar2: [6.72121863374e-13, 4.54127260241e-08, 8.08261617635e-08, 1.78473584356e-07, 1.55137843194e-06, 3.28713440467e-07, 1.82124750836e-07, 5.4464081245e-08, 7.16427734915e-08, 4.46262689024e-08, 2.768386409e-08, 7.87427190119e-09, 4.61446125755e-09, 9.96922189245e-09, 8.40677039093e-09, 3.39487904455e-08, 7.16320727179e-08, 1.94611487814e-07, 2.05833046607e-07, 2.1915317916e-07, 5.70444989023e-08, 7.75848807422e-09, 1.99460725714e-10, 1.66855730621e-11, 1.34347333605e-11, 5.07207191286e-14, 1.39805042011e-18]
        max: [7.59958129493e-06, 0.000988855725154, 0.00138979009353, 0.00172449683305, 0.00618876609951, 0.00339492922649, 0.00323002715595, 0.00203395052813, 0.00286167277955, 0.00149969663471, 0.00170805840753, 0.000710601103492, 0.000595575838815, 0.000815028266516, 0.0007407515659, 0.00153674883768, 0.00155179109424, 0.00405855989084, 0.00293617439456, 0.00286330073141, 0.00147942383774, 0.000581169733778, 0.00010730278882, 3.0556719139e-05, 2.95112458844e-05, 1.60844956554e-06, 1.56694639486e-08]
        mean: [3.25390487887e-07, 5.41524859727e-05, 0.000172126063262, 0.000202380382689, 0.000695856811944, 0.00048699520994, 0.000354601157596, 0.000218462751945, 0.000164627505001, 0.000144032906974, 8.28117772471e-05, 4.47289057774e-05, 7.16098147677e-05, 7.01806129655e-05, 7.87883545854e-05, 0.000157296206453, 0.000175390523509, 0.000253135047387, 0.000270357384579, 0.000368017615983, 0.000154290246428, 4.88779915031e-05, 1.34754218379e-05, 6.49355433779e-06, 5.47932359041e-06, 3.46316454625e-07, 8.02608812744e-10]
        min: [8.3239248827e-11, 8.73749783636e-08, 1.02532862911e-06, 1.4450671415e-06, 6.10408960711e-06, 7.050298791e-06, 7.26813050278e-06, 2.20141828322e-06, 2.20865695155e-06, 3.21646234624e-06, 9.29767111302e-07, 1.55089605869e-06, 1.50964058321e-06, 1.91129220184e-06, 2.18841682909e-06, 5.46745650354e-06, 5.66114340472e-06, 7.82506049291e-06, 1.18433772514e-05, 1.41405744216e-05, 8.78909031599e-06, 2.68693906946e-06, 5.58477893264e-07, 5.61466833915e-07, 4.15641750351e-07, 3.12555421544e-08, 1.0119133179e-12]
        var: [6.11708220969e-13, 1.07505266911e-08, 4.27032276207e-08, 6.9551312265e-08, 6.71581517508e-07, 2.2430006652e-07, 1.18022512652e-07, 8.27630231015e-08, 1.26608824758e-07, 3.74707056494e-08, 1.63646003415e-08, 3.84865384007e-09, 5.23442089673e-09, 1.14300755527e-08, 1.44301850469e-08, 4.42717684734e-08, 5.35123731993e-08, 1.18709252206e-07, 1.08036914526e-07, 1.62216608146e-07, 3.25081046526e-08, 3.76088404863e-09, 1.72422881528e-10, 2.71318210954e-11, 2.4342529728e-11, 8.97761750465e-14, 1.18495545943e-18]
    mfcc:
        mean: [-693.956787109, 96.2538146973, -24.8772010803, 45.3018226624, -17.8809070587, -13.5309429169, -6.08636903763, -13.1691493988, -7.03991508484, -8.3253993988, -8.62963199615, -4.66037034988, -1.9936311245]
        cov: [[1183.79858398, -147.17565918, -227.073379517, 98.3278961182, 59.0752487183, 17.691532135, -31.8425788879, 26.9265937805, 23.0732975006, -22.7808704376, -27.3353290558, -26.3900680542, -16.5727233887], [-147.17565918, 346.076080322, -21.1080722809, -9.42816448212, 51.4621734619, 3.22095108032, 16.9186820984, 26.7122592926, 63.812587738, 47.2851333618, 10.2098703384, 20.1037921906, 7.70621395111], [-227.073379517, -21.1080722809, 324.021636963, 26.0530261993, -20.091796875, 27.6736450195, 10.4737796783, 33.5722007751, 6.28812074661, 32.1243553162, 44.1792526245, 16.3209075928, 18.0132274628], [98.3278961182, -9.42816448212, 26.0530261993, 121.942131042, 41.0244865417, 9.90342617035, 10.171333313, 28.2585124969, 14.3312864304, 9.20400714874, 7.36048555374, 7.79002714157, 7.89547967911], [59.0752487183, 51.4621734619, -20.091796875, 41.0244865417, 91.4890670776, 16.2492923737, 11.2112083435, 11.4858207703, 24.9375457764, 0.6708740592, -4.6010723114, 11.5664339066, 3.26216292381], [17.691532135, 3.22095108032, 27.6736450195, 9.90342617035, 16.2492923737, 84.8015213013, 45.4814491272, 21.7665863037, 7.83410072327, 26.8955173492, 20.6637802124, -1.99014616013, -6.40412759781], [-31.8425788879, 16.9186820984, 10.4737796783, 10.171333313, 11.2112083435, 45.4814491272, 91.8373641968, 31.9517555237, 7.63855838776, 8.57861328125, 11.1710157394, 5.34884166718, 0.7422940135], [26.9265937805, 26.7122592926, 33.5722007751, 28.2585124969, 11.4858207703, 21.7665863037, 31.9517555237, 77.2434082031, 31.3032035828, 32.8819732666, 23.8794326782, 1.38630068302, 10.0861988068], [23.0732975006, 63.812587738, 6.28812074661, 14.3312864304, 24.9375457764, 7.83410072327, 7.63855838776, 31.3032035828, 78.3820800781, 49.1692886353, 12.1924829483, 11.0784111023, 4.97880029678], [-22.7808704376, 47.2851333618, 32.1243553162, 9.20400714874, 0.6708740592, 26.8955173492, 8.57861328125, 32.8819732666, 49.1692886353, 119.926353455, 46.6104927063, 1.5864739418, 6.73127031326], [-27.3353290558, 10.2098703384, 44.1792526245, 7.36048555374, -4.6010723114, 20.6637802124, 11.1710157394, 23.8794326782, 12.1924829483, 46.6104927063, 59.9509010315, 9.77392578125, -2.66001820564], [-26.3900680542, 20.1037921906, 16.3209075928, 7.79002714157, 11.5664339066, -1.99014616013, 5.34884166718, 1.38630068302, 11.0784111023, 1.5864739418, 9.77392578125, 43.3428611755, 19.2601356506], [-16.5727233887, 7.70621395111, 18.0132274628, 7.89547967911, 3.26216292381, -6.40412759781, 0.7422940135, 10.0861988068, 4.97880029678, 6.73127031326, -2.66001820564, 19.2601356506, 43.4213562012]]
        icov: [[0.00134774961043, 0.000757978355978, 0.00114433397539, -0.000936039956287, -0.000308809540002, -0.000935541233048, 0.00112740998156, -0.000907444918994, -0.000805058400147, 0.000431140593719, -1.33567973535e-05, 0.000311581970891, 3.85386047128e-05], [0.000757978355978, 0.0042660930194, 0.000777773617301, 0.000885706976987, -0.00233258027583, 0.000439145485871, -3.92826996176e-06, -0.00103344919626, -0.00223820144311, -0.000806413241662, 0.000261378620053, -0.000893894641194, 0.000322760111885], [0.00114433397539, 0.000777773617301, 0.00476886890829, -0.00158569845371, 0.00113440339919, -0.00207236013375, 0.00161075138021, -0.00154288252816, -0.000761175120715, 0.000810166064184, -0.00228989566676, -0.00039419872337, -0.00145505543333], [-0.000936039956287, 0.000885706976987, -0.00158569845371, 0.0118633378297, -0.00554528599605, 0.00161009107251, -0.000643416598905, -0.00305276433937, 0.00112949614413, -0.0009650811553, 0.000166515033925, -0.00100291299168, -0.000164441342349], [-0.000308809540002, -0.00233258027583, 0.00113440339919, -0.00554528599605, 0.0173195563257, -0.00437589501962, 0.000606695131864, 0.000876877689734, -0.0040512541309, 0.00257591647096, 0.00179602811113, -0.00300712184981, 0.000182271920494], [-0.000935541233048, 0.000439145485871, -0.00207236013375, 0.00161009107251, -0.00437589501962, 0.0202947426587, -0.0096998969093, 0.000510590267368, 0.0024537241552, -0.00420183083043, -0.00227958569303, 0.00171940249857, 0.00296885007992], [0.00112740998156, -3.92826996176e-06, 0.00161075138021, -0.000643416598905, 0.000606695131864, -0.0096998969093, 0.0182322263718, -0.00726277381182, 0.000533741549589, 0.00198698043823, 0.00122685986571, -0.00334355304949, 0.000967952888459], [-0.000907444918994, -0.00103344919626, -0.00154288252816, -0.00305276433937, 0.000876877689734, 0.000510590267368, -0.00726277381182, 0.0241348817945, -0.00772620923817, 0.00140620581806, -0.00832545384765, 0.00831245351583, -0.00796961225569], [-0.000805058400147, -0.00223820144311, -0.000761175120715, 0.00112949614413, -0.0040512541309, 0.0024537241552, 0.000533741549589, -0.00772620923817, 0.0253206007183, -0.010991259478, 0.00722471810877, -0.00813856162131, 0.00550530198961], [0.000431140593719, -0.000806413241662, 0.000810166064184, -0.0009650811553, 0.00257591647096, -0.00420183083043, 0.00198698043823, 0.00140620581806, -0.010991259478, 0.01905612275, -0.0135504836217, 0.00757229281589, -0.00690953154117], [-1.33567973535e-05, 0.000261378620053, -0.00228989566676, 0.000166515033925, 0.00179602811113, -0.00227958569303, 0.00122685986571, -0.00832545384765, 0.00722471810877, -0.0135504836217, 0.0342095121741, -0.0141415074468, 0.0119505412877], [0.000311581970891, -0.000893894641194, -0.00039419872337, -0.00100291299168, -0.00300712184981, 0.00171940249857, -0.00334355304949, 0.00831245351583, -0.00813856162131, 0.00757229281589, -0.0141415074468, 0.0384352169931, -0.0189262088388], [3.85386047128e-05, 0.000322760111885, -0.00145505543333, -0.000164441342349, 0.000182271920494, 0.00296885007992, 0.000967952888459, -0.00796961225569, 0.00550530198961, -0.00690953154117, 0.0119505412877, -0.0189262088388, 0.0354469120502]]
    spectral_contrast:
        mean: [2.38071237391e-07, -4.1743223278e-07, -2.4431477641e-07, 2.81498216737e-07, -1.22456981444e-07, -5.17546139278e-09, 3.2037148685e-06, 2.83295747749e-07, -2.2200993044e-06, 1.46677439261e-06, 1.41745124438e-06, -7.3324827099e-07]
        var: [0.000337145436788, 0.000691706431098, 0.00111986685079, 0.00191169523168, 0.00281857186928, 0.00376227125525, 0.0614796616137, 0.0777127966285, 0.117717795074, 0.15307213366, 0.368215233088, 0.86840981245]

rhythm:
    beats_loudness:
        dmean: 0.00333813298494
        dmean2: 0.00667228968814
        dvar: 4.08087089454e-06
        dvar2: 8.96144683793e-06
        max: 0.0114434827119
        mean: 0.00695408415049
        min: 0.0026610349305
        var: 6.88147838446e-06
    beats_loudness_bass:
        dmean: 0.0787586718798
        dmean2: 0.162879526615
        dvar: 0.00904787424952
        dvar2: 0.0272534862161
        max: 0.370188862085
        mean: 0.0750807151198
        min: 0.00658561103046
        var: 0.00608676299453
    bpm: 120.199920654
    bpm_confidence: 0
    first_peak_bpm: 120
    first_peak_spread: 0
    first_peak_weight: 0.947368443012
    onset_rate: 3.59823775291
    second_peak_bpm: 111
    second_peak_spread: 0
    second_peak_weight: 0.0526315793395
    beats_position: [0.107442855835, 0.607121348381, 1.10679972172, 1.60647809505, 2.1061565876, 2.60583496094, 3.10551357269, 3.60519194603, 4.10487031937, 4.60454845428, 5.1042265892, 5.60390520096, 6.14312648773, 6.6417889595, 7.14045143127, 7.63911390305, 8.13777637482, 8.63643932343, 9.13510131836, 9.63376426697]
    bpm_estimates: [119.941040039, 119.929420471, 120.199066162, 119.805046082, 119.960853577, 119.792526245, 120.198646545, 119.929504395, 120.02872467, 120.458068848, 120.612304688, 120.229934692, 120.205047607, 120.487754822, 120.154563904, 120.234542847, 120.322677612, 120.608329773, 120.217941284, 120.239456177, 120.244003296, 120.598602295]
    bpm_intervals: [0.499678492546, 0.499678373337, 0.499678373337, 0.499678492546, 0.499678373337, 0.499678611755, 0.499678373337, 0.499678373337, 0.499678134918, 0.499678134918, 0.499678611755, 0.539221286774, 0.498662471771, 0.498662471771, 0.498662471771, 0.498662471771, 0.498662948608, 0.498661994934, 0.498662948608]
    onset_times: [0.0580498874187, 0.580498874187, 0.847528338432, 1.07972788811, 1.34675741196, 1.6137868166, 1.84598636627, 2.10140585899, 2.36843538284, 2.61224484444, 3.11147403717, 3.35528349876, 3.61070299149, 3.81968259811, 4.09832191467, 4.62077093124, 4.88780021667, 5.11999988556, 5.3754196167, 5.64244890213, 5.87464857101, 6.13006782532, 6.38548755646, 6.51319742203, 6.62929725647, 7.11691617966, 7.37233543396, 7.6277551651, 7.87156438828, 8.11537456512, 8.4172334671, 8.59138298035, 8.85841274261, 9.10222244263, 9.38086128235, 9.90331077576]
    rubato_start: []
    rubato_stop: []
    perceptual_tempo: "unknown"

sfx:
    inharmonicity:
        dmean: 0.0449685230851
        dmean2: 0.0810760185122
        dvar: 0.00253205373883
        dvar2: 0.0072982404381
        max: 0.381337285042
        mean: 0.0496569015086
        min: 0
        var: 0.00259392359294
    oddtoevenharmonicenergyratio:
        dmean: 1.84501290321
        dmean2: 3.40458893776
        dvar: 20.5156726837
        dvar2: 60.1838417053
        max: 42.9100036621
        mean: 1.3440887928
        min: 0
        var: 11.9754695892
    pitch_after_max_to_before_max_energy_ratio: 0.226647749543
    pitch_centroid: 214.597610474
    pitch_max_to_total: 0.652680635452
    pitch_min_to_total: 0.967365980148
    tristimulus:
        dmean: [0.18282815814, 0.224313378334, 0.131009444594]
        dmean2: [0.311143904924, 0.384549081326, 0.222694605589]
        dvar: [0.0259591080248, 0.0350494645536, 0.0140059972182]
        dvar2: [0.074173822999, 0.0996487364173, 0.0392809323967]
        max: [1, 0.991724133492, 0.693022966385]
        mean: [0.374060451984, 0.442080199718, 0.149452567101]
        min: [0.0079060876742, 0, 0]
        var: [0.0414677374065, 0.0486350283027, 0.019292877987]

tonal:
    chords_changes_rate: 0.0277777779847
    chords_number_rate: 0.0185185186565
    chords_strength:
        dmean: 0.00867915339768
        dmean2: 0.00665972707793
        dvar: 5.4542113503e-05
        dvar2: 4.2986634071e-05
        max: 0.653088629246
        mean: 0.550177574158
        min: 0.309156805277
        var: 0.00557666923851
    key_strength: 0.720585167408
    tuning_diatonic_strength: 0.524706482887
    tuning_equal_tempered_deviation: 0.063592761755
    tuning_frequency: 441.782684326
    tuning_nontempered_energy_ratio: 0.672776043415
    hpcp:
        dmean: [0.113968871534, 0.118738591671, 0.10381796211, 0.075266443193, 0.0662786737084, 0.102654933929, 0.145467296243, 0.135096505284, 0.11949775368, 0.124082826078, 0.145237356424, 0.109318554401, 0.114157624543, 0.101090148091, 0.0929282084107, 0.118574947119, 0.0988448411226, 0.0645112097263, 0.0602122247219, 0.063107483089, 0.111778765917, 0.166078031063, 0.12930932641, 0.0694654583931, 0.0634122565389, 0.0688004791737, 0.0973279997706, 0.129380792379, 0.152044177055, 0.161407396197, 0.145124465227, 0.130164608359, 0.0954734832048, 0.0967260301113, 0.104659624398, 0.107336752117]
        dmean2: [0.183293223381, 0.197282060981, 0.168009012938, 0.125674545765, 0.111626699567, 0.161509186029, 0.229727983475, 0.224627882242, 0.194878384471, 0.196669965982, 0.257071167231, 0.181945964694, 0.184867858887, 0.175850912929, 0.152978807688, 0.188522532582, 0.156575590372, 0.103036284447, 0.101110033691, 0.104012221098, 0.182195872068, 0.251968085766, 0.200761437416, 0.11893389374, 0.0993782803416, 0.10924474895, 0.158932670951, 0.219784617424, 0.254930764437, 0.265570133924, 0.229885920882, 0.20264300704, 0.160940274596, 0.166745498776, 0.182581663132, 0.17835444212]
        dvar: [0.0204173419625, 0.027094302699, 0.0235261209309, 0.0146895386279, 0.00741923833266, 0.0105542298406, 0.0274044163525, 0.0280762538314, 0.0249012876302, 0.0272525586188, 0.0329974777997, 0.0249320156872, 0.0242670066655, 0.0202203541994, 0.0188676826656, 0.0276693683118, 0.0172128677368, 0.00905206426978, 0.0127577017993, 0.0131360087544, 0.017562026158, 0.0300597287714, 0.0205726623535, 0.00661896867678, 0.00934135168791, 0.0116570470855, 0.0227908417583, 0.0422505252063, 0.0434409379959, 0.0322196297348, 0.0382933877409, 0.0244081001729, 0.0240658912808, 0.0317203439772, 0.020537244156, 0.0148895131424]
        dvar2: [0.0506249405444, 0.069353543222, 0.0561000667512, 0.0334342680871, 0.0178670361638, 0.0231440979987, 0.067371442914, 0.0723722875118, 0.0593297667801, 0.0615225248039, 0.0948823317885, 0.0622560232878, 0.061836976558, 0.0488770343363, 0.0526558570564, 0.0616272576153, 0.0432827845216, 0.0199309289455, 0.0310612171888, 0.0313737466931, 0.037641339004, 0.0639193579555, 0.0515345856547, 0.0171489603817, 0.0232250988483, 0.029967173934, 0.0606133118272, 0.0980979800224, 0.106500633061, 0.0801839753985, 0.0887291282415, 0.0587069578469, 0.0580545887351, 0.085555434227, 0.0533949397504, 0.0363335125148]
        max: [1, 1, 1, 1, 0.683280944824, 0.823419094086, 1, 1, 1, 1, 1, 1, 1, 1, 1, 1, 1, 1, 1, 1, 1, 1, 1, 0.627586364746, 0.948593974113, 1, 0.890503227711, 1, 1, 1, 1, 1, 1, 1, 0.911264836788, 1]
        mean: [0.301055520773, 0.25900092721, 0.16818113625, 0.118726864457, 0.0949724316597, 0.2005507797, 0.324666827917, 0.253680825233, 0.237922891974, 0.308292925358, 0.223619684577, 0.164015308022, 0.189674109221, 0.144873827696, 0.143312543631, 0.212479278445, 0.164805322886, 0.0988506004214, 0.0819986760616, 0.0776652619243, 0.228130325675, 0.423569470644, 0.291805803776, 0.0924394577742, 0.0761867836118, 0.0800397843122, 0.13397051394, 0.197298973799, 0.19252422452, 0.306960523129, 0.4246725142, 0.267736077309, 0.123885221779, 0.108414396644, 0.12390999496, 0.210699364543]
        min: [0.00407598214224, 0.00512943835929, 0.0082186171785, 0.00730038061738, 0.00500337965786, 0.0175399910659, 0.0267970394343, 0.0192829817533, 0.00830308254808, 0.00655085965991, 0.0106963161379, 0.00676424242556, 0.00252952007577, 0.00370225217193, 0.00582988047972, 0.00739782862365, 0.00567081384361, 0.00274093379267, 0.00220810552128, 0.00286810286343, 0.0191109720618, 0.00974918995053, 0.010588651523, 0.00119090336375, 0.00215276842937, 0.00450040213764, 0.004757957533, 0.00366440974176, 0.00152159517165, 0.00657969899476, 0.00463867373765, 0.00313776289113, 0.00343164498918, 0.00487221172079, 0.00695971446112, 0.00356787908822]
        var: [0.111704044044, 0.0758699923754, 0.0432885587215, 0.0225682985038, 0.0106149930507, 0.0265337973833, 0.0717931091785, 0.0434072427452, 0.0664500817657, 0.108565203846, 0.0477652586997, 0.0329309366643, 0.0514050424099, 0.0324411354959, 0.0260681528598, 0.0562479048967, 0.0295785907656, 0.0186355877668, 0.0190613903105, 0.0192555561662, 0.0454157739878, 0.102648742497, 0.0524345114827, 0.00883541349322, 0.0129528027028, 0.0118258120492, 0.0330151766539, 0.0794919878244, 0.0564345605671, 0.0830784887075, 0.157811179757, 0.0673283562064, 0.0346484854817, 0.0274149179459, 0.0188785176724, 0.04451052472]
    chords_histogram: [56.0185203552, 4.62962961197, 0, 0, 0, 0, 32.4074058533, 0, 0.462962955236, 0, 0, 0, 0, 0, 0, 0, 0, 0, 0, 0, 0, 0, 0, 6.48148155212]
    thpcp: [1, 0.630453050137, 0.291719436646, 0.255289405584, 0.29177775979, 0.496145516634, 0.708912193775, 0.609883904457, 0.39602547884, 0.279572755098, 0.223636865616, 0.472248077393, 0.764511048794, 0.597356379032, 0.560250282288, 0.725954532623, 0.526569724083, 0.386215984821, 0.446636170149, 0.341142475605, 0.337466031313, 0.500336766243, 0.388076275587, 0.232769012451, 0.193086847663, 0.182882711291, 0.537191152573, 0.997402608395, 0.687131345272, 0.217672333121, 0.179401263595, 0.188474133611, 0.315467834473, 0.464590877295, 0.453347504139, 0.722817003727]
    chords_key: "C"
    chords_scale: "major"
    key_key: "C"
    key_scale: "major"
    chords_progression: ["C", "C", "C", "C", "C", "C", "C", "C", "C", "C", "C", "C", "C", "C", "C", "C", "C", "C", "C", "C", "C", "C", "C", "C", "C", "C", "C", "C", "C", "C", "C", "C", "C", "C", "C", "C", "C", "C", "C", "C", "C", "C", "C", "C", "C", "C", "C", "C", "C", "C", "Am", "Am", "Am", "Am", "Am", "Am", "Am", "Am", "Am", "Am", "Am", "Am", "Am", "Am", "A", "A", "E", "A", "A", "A", "A", "A", "A", "A", "A", "A", "A", "A", "A", "A", "A", "A", "A", "A", "A", "A", "A", "A", "A", "A", "A", "A", "A", "A", "A", "A", "A", "A", "A", "A", "A", "A", "A", "A", "A", "A", "A", "A", "A", "A", "A", "A", "A", "A", "A", "A", "A", "A", "A", "A", "A", "A", "A", "A", "A", "A", "A", "A", "A", "A", "A", "A", "A", "A", "A", "Em", "Em", "Em", "Em", "Em", "Em", "Em", "Em", "Em", "Em", "C", "C", "C", "C", "C", "C", "C", "C", "C", "C", "C", "C", "C", "C", "C", "C", "C", "C", "C", "C", "C", "C", "C", "C", "C", "C", "C", "C", "C", "C", "C", "C", "C", "C", "C", "C", "C", "C", "C", "C", "C", "C", "C", "C", "C", "C", "C", "C", "C", "C", "C", "C", "C", "C", "C", "C", "C", "C", "C", "C", "C", "C", "C", "C", "C", "C", "C", "C", "C", "C", "C"]
