
metadata:
    version:
        essentia: "1.2.2"
    audio_properties:
        analysis_sample_rate: 44100
        bitrate: 128
        channels: 2
        equal_loudness: 1
        length: 10.0310201645
        replay_gain: -15.2521286011
        downmix: "mix"
    tags:
        track: 11
        year: 0
        album: "Splitted by Mp3Splt v. 2.1"
        artist: "From 001.40 To 001.50"
        comment: "http://mp3splt.sf.net"
        genre: ""
        title: "02 Amateur.mp3"

highlevel:
    ballroom:
        all:
            ChaChaCha: 0.430460870266
            Jive: 0.247485741973
            Quickstep: 0.046300701797
            Rumba-American: 0.00279855192639
            Rumba-International: 0.0141808763146
            Rumba-Misc: 0.00299599952996
            Samba: 0.253257066011
            Tango: 0.000561360910069
            VienneseWaltz: 0.000908025249373
            Waltz: 0.00105078681372
        probability: 0.430460870266
        value: "ChaChaCha"
    culture:
        all:
            non_western: 0.332432150841
            western: 0.667567849159
        probability: 0.667567849159
        value: "western"
    gender:
        all:
            female: 0.274498850107
            male: 0.725501179695
        probability: 0.725501179695
        value: "male"
    genre_dortmund:
        all:
            alternative: 0.0531753115356
            blues: 0.0873816162348
            electronic: 0.098270572722
            folkcountry: 0.0588018074632
            funksoulrnb: 0.0475819967687
            jazz: 0.0259509403259
            pop: 0.109797939658
            raphiphop: 0.375319957733
            rock: 0.143719866872
        probability: 0.375319957733
        value: "raphiphop"
    genre_electronica:
        all:
            ambient: 0.202408835292
            dnb: 0.477515369654
            house: 0.149301350117
            techno: 0.119957342744
            trance: 0.050817091018
        probability: 0.477515369654
        value: "dnb"
    genre_rosamerica:
        all:
            cla: 0.00690466817468
            dan: 0.679741978645
            hip: 0.227501064539
            jaz: 0.0106931403279
            pop: 0.0116082914174
            rhy: 0.0255267117172
            roc: 0.0245632957667
            spe: 0.0134608549997
        probability: 0.679741978645
        value: "dan"
    genre_tzanetakis:
        all:
            blu: 0.00422556791455
            cla: 0.00272488594055
            cou: 0.00531034078449
            dis: 0.0993352383375
            hip: 0.081811234355
            jaz: 0.00434490991756
            met: 0.00567713240162
            pop: 0.63425475359
            reg: 0.134534090757
            roc: 0.0277818590403
        probability: 0.63425475359
        value: "pop"
    live_studio:
        all:
            live: 1.32243894768e-05
            studio: 0.999986767769
        probability: 0.999986767769
        value: "studio"
    mood:
        all:
            Cluster1: 0.25022688508
            Cluster2: 0.234055921435
            Cluster3: 0.114791549742
            Cluster4: 0.227274939418
            Cluster5: 0.173650711775
        probability: 0.25022688508
        value: "Cluster1"
    mood_acoustic:
        all:
            acoustic: 0.168809533119
            not_acoustic: 0.831190466881
        probability: 0.831190466881
        value: "not_acoustic"
    mood_aggressive:
        all:
            aggressive: 0.607292294502
            not_aggressive: 0.392707705498
        probability: 0.607292294502
        value: "aggressive"
    mood_electronic:
        all:
            electronic: 0.946183979511
            not_electronic: 0.0538160428405
        probability: 0.946183979511
        value: "electronic"
    mood_happy:
        all:
            happy: 0.347362190485
            not_happy: 0.652637839317
        probability: 0.652637839317
        value: "not_happy"
    mood_party:
        all:
            not_party: 0.154770314693
            party: 0.845229685307
        probability: 0.845229685307
        value: "party"
    mood_relaxed:
        all:
            not_relaxed: 0.869204878807
            relaxed: 0.130795091391
        probability: 0.869204878807
        value: "not_relaxed"
    mood_sad:
        all:
            not_sad: 0.863637506962
            sad: 0.136362463236
        probability: 0.863637506962
        value: "not_sad"
    rhythm:
        all:
            fast: 0.6203353405
            medium: 0.317326873541
            slow: 0.0623377785087
        probability: 0.6203353405
        value: "fast"
    speech_music:
        all:
            music: 0.82273286581
            speech: 0.177267149091
        probability: 0.82273286581
        value: "music"
    timbre:
        all:
            bright: 0.676265478134
            dark: 0.323734521866
        probability: 0.676265478134
        value: "bright"
    voice_instrumental:
        all:
            instrumental: 0.0365112349391
            voice: 0.96348875761
        probability: 0.96348875761
        value: "voice"

lowlevel:
    average_loudness: 0.968931138515
    barkbands_kurtosis:
        dmean: 2.66697382927
        dmean2: 4.23820638657
        dvar: 15.4249458313
        dvar2: 34.0958251953
        max: 35.3487281799
        mean: 1.62569117546
        min: -1.93624579906
        var: 24.0598392487
    barkbands_skewness:
        dmean: 0.810665547848
        dmean2: 1.16429495811
        dvar: 0.600902020931
        dvar2: 1.27653229237
        max: 5.77225542068
        mean: 0.791494429111
        min: -3.83185839653
        var: 1.95890569687
    barkbands_spread:
        dmean: 8.58298301697
        dmean2: 12.5923786163
        dvar: 69.5896682739
        dvar2: 125.250343323
        max: 83.4769668579
        mean: 28.6922683716
        min: 3.57157421112
        var: 187.054901123
    dissonance:
        dmean: 0.018477993086
        dmean2: 0.0305578261614
        dvar: 0.000485705706524
        dvar2: 0.00131329265423
        max: 0.500000059605
        mean: 0.469631999731
        min: 0.306680887938
        var: 0.000666175736114
    hfc:
        dmean: 2.09932208061
        dmean2: 3.33477950096
        dvar: 8.37158107758
        dvar2: 20.0940799713
        max: 20.355966568
        mean: 3.44186544418
        min: 0.0314100794494
        var: 14.2821121216
    pitch:
        dmean: 791.963012695
        dmean2: 1518.1217041
        dvar: 1559721.375
        dvar2: 3754015
        max: 5512.5
        mean: 1121.95874023
        min: 65.430267334
        var: 1904597.375
    pitch_instantaneous_confidence:
        dmean: 0.112240642309
        dmean2: 0.177658170462
        dvar: 0.0141841499135
        dvar2: 0.0272781867534
        max: 0.913486301899
        mean: 0.413146138191
        min: 0.0960897803307
        var: 0.039315007627
    pitch_salience:
        dmean: 0.115285560489
        dmean2: 0.181284278631
        dvar: 0.0136138545349
        dvar2: 0.0316924043
        max: 0.954559981823
        mean: 0.623745799065
        min: 0.0946316942573
        var: 0.0270512104034
    silence_rate_20dB:
        dmean: 0
        dmean2: 0
        dvar: 0
        dvar2: 0
        max: 1
        mean: 1
        min: 1
        var: 0
    silence_rate_30dB:
        dmean: 0
        dmean2: 0
        dvar: 0
        dvar2: 0
        max: 1
        mean: 1
        min: 1
        var: 0
    silence_rate_60dB:
        dmean: 0.199074074626
        dmean2: 0.396751731634
        dvar: 0.159443721175
        dvar2: 0.262540906668
        max: 1
        mean: 0.584295630455
        min: 0
        var: 0.242894545197
    spectral_centroid:
        dmean: 412.625
        dmean2: 590.612731934
        dvar: 223516.03125
        dvar2: 360819.375
        max: 6628.76611328
        mean: 1318.77868652
        min: 211.127334595
        var: 792536.75
    spectral_complexity:
        dmean: 3.59860777855
        dmean2: 5.93953466415
        dvar: 21.6278057098
        dvar2: 49.2241821289
        max: 32
        mean: 6.30324077606
        min: 0
        var: 35.7991752625
    spectral_crest:
        dmean: 2.74041461945
        dmean2: 4.31615877151
        dvar: 5.85663461685
        dvar2: 13.587064743
        max: 25.020980835
        mean: 8.83018016815
        min: 2.95026898384
        var: 16.4530448914
    spectral_decrease:
        dmean: 4.82647588562e-10
        dmean2: 7.40967842638e-10
        dvar: 5.11938410495e-19
        dvar2: 1.23887812279e-18
        max: -3.40423262496e-12
        mean: -7.38590910654e-10
        min: -4.08850375777e-09
        var: 6.67399303505e-19
    spectral_energy:
        dmean: 0.00198839092627
        dmean2: 0.00305852130987
        dvar: 8.13840688352e-06
        dvar2: 1.96333003259e-05
        max: 0.0160432830453
        mean: 0.00309980125166
        min: 1.67591188074e-05
        var: 1.09327256723e-05
    spectral_energyband_high:
        dmean: 9.50125249801e-05
        dmean2: 0.000159384362632
        dvar: 4.24828847656e-08
        dvar2: 1.14484166147e-07
        max: 0.00171672052238
        mean: 0.000130597152747
        min: 3.34019176762e-08
        var: 4.78018193917e-08
    spectral_energyband_low:
        dmean: 0.000265626091277
        dmean2: 0.000434296729509
        dvar: 2.62230059889e-07
        dvar2: 6.65657978516e-07
        max: 0.0035780351609
        mean: 0.000249420467298
        min: 3.53256382368e-07
        var: 2.2203005301e-07
    spectral_energyband_middle_high:
        dmean: 0.000644598214421
        dmean2: 0.00110542459879
        dvar: 1.00006377579e-06
        dvar2: 2.60892079496e-06
        max: 0.00581725174561
        mean: 0.000890736060683
        min: 4.68790995001e-06
        var: 1.16052387966e-06
    spectral_energyband_middle_low:
        dmean: 0.00148658570834
        dmean2: 0.00252295308746
        dvar: 7.09172627467e-06
        dvar2: 1.882133256e-05
        max: 0.0147485174239
        mean: 0.00182901381049
        min: 6.20989624167e-07
        var: 6.88583759256e-06
    spectral_flatness_db:
        dmean: 0.0294753182679
        dmean2: 0.0438656210899
        dvar: 0.000954395567533
        dvar2: 0.00198766635731
        max: 0.385257363319
        mean: 0.164828881621
        min: 0.0726312026381
        var: 0.00219687120989
    spectral_flux:
        dmean: 0.0165443606675
        dmean2: 0.0225565060973
        dvar: 0.00034521476482
        dvar2: 0.000478758855024
        max: 0.108888968825
        mean: 0.0364118479192
        min: 0.00162163341884
        var: 0.000724101671949
    spectral_kurtosis:
        dmean: 1.73534858227
        dmean2: 2.89267778397
        dvar: 5.42938804626
        dvar2: 13.1632051468
        max: 25.490404129
        mean: 4.09649944305
        min: -1.44464099407
        var: 7.29446792603
    spectral_rms:
        dmean: 0.00051539496053
        dmean2: 0.000720123702195
        dvar: 3.76242667244e-07
        dvar2: 8.10629217085e-07
        max: 0.00395625876263
        mean: 0.00149895914365
        min: 0.000127868523123
        var: 7.7731493775e-07
    spectral_rolloff:
        dmean: 782.139282227
        dmean2: 1182.27233887
        dvar: 708824.1875
        dvar2: 1134462.5
        max: 10206.7382812
        mean: 2523.52294922
        min: 172.265625
        var: 2245307.25
    spectral_skewness:
        dmean: 0.307657629251
        dmean2: 0.468995183706
        dvar: 0.0989155396819
        dvar2: 0.204101786017
        max: 3.34404468536
        mean: 1.49055850506
        min: -0.234897494316
        var: 0.223477005959
    spectral_spread:
        dmean: 691385.3125
        dmean2: 1047636.3125
        dvar: 757294366720
        dvar2: 1.4999313449e+12
        max: 15459301
        mean: 4720720
        min: 1840765
        var: 2.54114240922e+12
    spectral_strongpeak:
        dmean: 0.187797799706
        dmean2: 0.308921128511
        dvar: 0.080145470798
        dvar2: 0.190123394132
        max: 2.30334377289
        mean: 0.340914100409
        min: 0.00557894865051
        var: 0.154699340463
    zerocrossingrate:
        dmean: 0.0161585975438
        dmean2: 0.0178642813116
        dvar: 0.000289209157927
        dvar2: 0.000294925266644
        max: 0.32421875
        mean: 0.076575383544
        min: 0.015625
        var: 0.00177523866296
    barkbands:
        dmean: [3.91244896036e-07, 9.42969782045e-05, 0.000211201870115, 0.000249657605309, 0.000477377296193, 0.000519205874298, 0.00021366988949, 0.000176476445631, 0.000141576980241, 0.000110235203465, 0.000118287243822, 9.41577090998e-05, 3.72833019355e-05, 3.75185118173e-05, 2.56859311776e-05, 4.14441274188e-05, 7.67141973483e-05, 0.000115314578579, 0.000109547137981, 6.48001223453e-05, 4.84817173856e-05, 1.14920339911e-05, 4.28780958828e-06, 3.90084051105e-06, 2.34024446399e-06, 2.83489498543e-08, 3.90832144426e-10]
        dmean2: [6.63173125304e-07, 0.000149716084707, 0.000383519654861, 0.000446980295237, 0.000856271712109, 0.000888702983502, 0.000384554383345, 0.000325956119923, 0.000266299495706, 0.000202855881071, 0.000227620883379, 0.000181691517355, 7.02484394424e-05, 6.41637816443e-05, 4.31396802014e-05, 7.05891870894e-05, 0.000121734432469, 0.000180946517503, 0.000177232708666, 9.97740789899e-05, 8.29480413813e-05, 1.87218283827e-05, 6.43641260467e-06, 6.08789287071e-06, 3.28241435454e-06, 4.07822255966e-08, 5.03050323619e-10]
        dvar: [2.11174922492e-13, 2.70316764528e-08, 2.24117215453e-07, 2.41041135496e-07, 9.45020019572e-07, 1.00145609849e-06, 2.34017889511e-07, 1.58355973667e-07, 9.72947375999e-08, 5.35926432121e-08, 8.12838436559e-08, 5.11510016565e-08, 6.6358558648e-09, 2.83132384205e-09, 2.7480715481e-09, 4.81956297094e-09, 1.40697000717e-08, 3.62641650042e-08, 3.9062811652e-08, 2.17522302393e-08, 9.72625624485e-09, 5.26098442588e-10, 4.03011735095e-10, 6.14864381632e-10, 1.99324765027e-10, 7.89815956371e-15, 2.87385176462e-17]
        dvar2: [5.4435525098e-13, 6.44099884539e-08, 6.20419939423e-07, 6.65265361022e-07, 2.58951399701e-06, 2.63058427663e-06, 6.44552585527e-07, 4.39513513584e-07, 2.76888584949e-07, 1.5230483541e-07, 2.29860333434e-07, 1.45418070474e-07, 1.87703879106e-08, 7.53303197598e-09, 7.05928693279e-09, 1.24516512656e-08, 3.23151851944e-08, 7.90243603888e-08, 9.55012424697e-08, 5.13106108713e-08, 2.72720637184e-08, 1.25323529332e-09, 9.46433820204e-10, 1.58477531098e-09, 4.15944750864e-10, 1.46899145273e-14, 2.88999038925e-17]
        max: [3.34754167852e-06, 0.00081180955749, 0.00324824638665, 0.00297179631889, 0.00642877444625, 0.00696160271764, 0.00322608463466, 0.0026228595525, 0.00159625941887, 0.00131021346897, 0.0012887539342, 0.00121756701265, 0.000390908069676, 0.000547101371922, 0.000774109328631, 0.000594397657551, 0.00110558560118, 0.00159132981207, 0.00136577931698, 0.00123895448633, 0.000896952755284, 0.000238177119172, 0.000344873144059, 0.000353041890776, 0.000264371017693, 1.27151497509e-06, 1.11505165989e-07]
        mean: [4.91241223699e-07, 8.67135968292e-05, 0.000162250813446, 0.00020995066734, 0.000473128660815, 0.00070971774403, 0.000174578657607, 0.000128611063701, 0.000107175634184, 9.09945447347e-05, 7.13604895282e-05, 5.78645194764e-05, 2.70049276878e-05, 5.34870123374e-05, 3.04306977341e-05, 4.96197790198e-05, 0.000110605564259, 0.000182238145499, 0.000187820041901, 9.62295671343e-05, 6.05147142778e-05, 1.62154246937e-05, 5.466948096e-06, 4.60217370346e-06, 2.69096381089e-06, 3.83539564552e-08, 3.69347219475e-10]
        min: [1.17358311957e-09, 1.11013491733e-08, 1.21965628708e-08, 1.98840808707e-07, 1.64060963925e-07, 1.14955255981e-07, 1.48998848815e-08, 7.3569661474e-09, 3.11164716216e-09, 1.38380307213e-09, 9.49473055734e-10, 4.03561906115e-10, 5.99250093991e-10, 1.38233713187e-06, 1.24723498196e-09, 2.990710124e-09, 1.21859828894e-08, 3.57854261779e-08, 1.82560082607e-08, 5.4944471195e-09, 2.88590555897e-08, 5.40250760794e-11, 9.30134719246e-11, 6.4539582012e-11, 4.03901252721e-11, 2.72324068677e-12, 2.02329913078e-14]
        var: [2.63495144757e-13, 2.51946197238e-08, 1.45850393096e-07, 1.89507375126e-07, 7.79060940204e-07, 1.57764202413e-06, 1.89521358607e-07, 1.05581086984e-07, 6.32015115798e-08, 4.23925996529e-08, 4.61280471598e-08, 2.8922332973e-08, 3.8437382166e-09, 4.13398115739e-09, 3.05899816588e-09, 5.91226312352e-09, 2.98573965551e-08, 7.23529822722e-08, 7.20235746599e-08, 3.19728883369e-08, 1.0312778187e-08, 7.36456007289e-10, 3.78339637397e-10, 5.80221704016e-10, 2.96544705458e-10, 1.26770415251e-14, 2.86889463665e-17]
    mfcc:
        mean: [-774.769775391, 114.337409973, -36.3515434265, 61.7279853821, -6.70029020309, -6.88594961166, -2.53466916084, -8.13428020477, -5.76253700256, -6.82915830612, -1.45250463486, -4.728536129, -12.2525024414]
        cov: [[6561.51269531, -1118.98425293, 163.003692627, -1051.6550293, -605.765197754, -696.891906738, -392.310699463, 420.519500732, -158.529510498, -350.631530762, -283.046966553, -101.537956238, 401.974304199], [-1118.98425293, 1491.03723145, -30.0417385101, 170.104721069, -41.3876609802, 64.130241394, 102.990058899, -118.10068512, 23.2249450684, 28.5727519989, 47.7778167725, 2.21663498878, -89.4960174561], [163.003692627, -30.0417385101, 617.331298828, -10.8659715652, 117.257202148, -44.3163146973, -31.4480819702, 42.0791625977, 7.32571029663, -6.26555156708, -15.0383777618, 15.0032196045, 20.7828388214], [-1051.6550293, 170.104721069, -10.8659715652, 552.341308594, 232.959136963, 143.21862793, 74.0830307007, -68.3918380737, 30.1956996918, 83.9844055176, 75.0601654053, 2.29260373116, -104.977111816], [-605.765197754, -41.3876609802, 117.257202148, 232.959136963, 259.646942139, 71.8895568848, 49.5230941772, -23.3710536957, 24.608039856, 68.7707595825, 49.7192649841, 24.9147453308, -61.9925880432], [-696.891906738, 64.130241394, -44.3163146973, 143.21862793, 71.8895568848, 224.437332153, 97.8561401367, -34.1475868225, 54.8588485718, 65.3503036499, 41.8896522522, 2.70712518692, -16.07970047], [-392.310699463, 102.990058899, -31.4480819702, 74.0830307007, 49.5230941772, 97.8561401367, 118.110176086, 6.27517461777, 42.4711608887, 34.554775238, 28.6031589508, 19.4942970276, -15.5348386765], [420.519500732, -118.10068512, 42.0791625977, -68.3918380737, -23.3710536957, -34.1475868225, 6.27517461777, 144.672866821, 22.8048973083, -18.3289546967, -16.7720928192, 10.9838638306, 45.0065155029], [-158.529510498, 23.2249450684, 7.32571029663, 30.1956996918, 24.608039856, 54.8588485718, 42.4711608887, 22.8048973083, 84.5624542236, 37.3163757324, 20.8167304993, 6.96054792404, 15.363732338], [-350.631530762, 28.5727519989, -6.26555156708, 83.9844055176, 68.7707595825, 65.3503036499, 34.554775238, -18.3289546967, 37.3163757324, 72.4438247681, 41.6160011292, 15.4590845108, -21.5395851135], [-283.046966553, 47.7778167725, -15.0383777618, 75.0601654053, 49.7192649841, 41.8896522522, 28.6031589508, -16.7720928192, 20.8167304993, 41.6160011292, 61.8978424072, 19.7785606384, -16.5040340424], [-101.537956238, 2.21663498878, 15.0032196045, 2.29260373116, 24.9147453308, 2.70712518692, 19.4942970276, 10.9838638306, 6.96054792404, 15.4590845108, 19.7785606384, 62.7200546265, 7.4016289711], [401.974304199, -89.4960174561, 20.7828388214, -104.977111816, -61.9925880432, -16.07970047, -15.5348386765, 45.0065155029, 15.363732338, -21.5395851135, -16.5040340424, 7.4016289711, 87.0583496094]]
        icov: [[0.000469525373774, 0.000168282364029, -3.68689179595e-05, 0.000129400577862, 0.000278371560853, 0.00091401906684, 9.42968654272e-06, -0.000617147423327, 0.000429018982686, -3.59407058568e-05, 0.000128519124701, 0.000783877156209, -0.00126922107302], [0.000168282364029, 0.000988241052255, -0.000293843273539, -0.000343352963682, 0.0012018668931, 0.000698295945767, -0.0011019189842, 0.000521898735315, -0.000240333654801, 0.000107470601506, -0.000361390731996, 0.000130488726427, 0.000402792560635], [-3.68689179595e-05, -0.000293843273539, 0.00220584729686, 0.000476870016428, -0.00227707228623, -1.09757065729e-05, 0.00109888601582, -0.000438009737991, -0.000420830474468, 0.000687504885718, 0.000734998087864, -0.000204519194085, -0.000883272499777], [0.000129400577862, -0.000343352963682, 0.000476870016428, 0.00400625402108, -0.00308243208565, -0.00123703363352, 0.000866610382218, -0.000332519673975, -0.00016258249525, 0.000899538747035, -0.0015701194061, 0.00113916292321, 0.00152641942259], [0.000278371560853, 0.0012018668931, -0.00227707228623, -0.00308243208565, 0.0107789142057, 0.00111724250019, -0.00225962372497, -9.56960429903e-05, 0.000537170271855, -0.00459201773629, -0.000606546527706, -0.00164762081113, 0.00309914629906], [0.00091401906684, 0.000698295945767, -1.09757065729e-05, -0.00123703363352, 0.00111724250019, 0.0118709066883, -0.00724175060168, 0.00143372348975, 6.40028665657e-05, -0.00537157943472, 0.000652474351227, 0.00432087434456, -0.00562074175104], [9.42968654272e-06, -0.0011019189842, 0.00109888601582, 0.000866610382218, -0.00225962372497, -0.00724175060168, 0.0184637289494, -0.00340259377845, -0.00474745826796, 0.00372487050481, -0.00106972060166, -0.00465962616727, 0.00366625632159], [-0.000617147423327, 0.000521898735315, -0.000438009737991, -0.000332519673975, -9.56960429903e-05, 0.00143372348975, -0.00340259377845, 0.0111966738477, -0.00395073043182, 0.00172491651028, 0.00116552645341, -0.00199379143305, -0.00159472436644], [0.000429018982686, -0.000240333654801, -0.000420830474468, -0.00016258249525, 0.000537170271855, 6.40028665657e-05, -0.00474745826796, -0.00395073043182, 0.0223126970232, -0.0115538844839, -0.000291731761536, 0.00416142633185, -0.0079393396154], [-3.59407058568e-05, 0.000107470601506, 0.000687504885718, 0.000899538747035, -0.00459201773629, -0.00537157943472, 0.00372487050481, 0.00172491651028, -0.0115538844839, 0.0363371223211, -0.0128871481866, -0.00393758714199, 0.00562896486372], [0.000128519124701, -0.000361390731996, 0.000734998087864, -0.0015701194061, -0.000606546527706, 0.000652474351227, -0.00106972060166, 0.00116552645341, -0.000291731761536, -0.0128871481866, 0.030291384086, -0.0057770088315, -0.00104186241515], [0.000783877156209, 0.000130488726427, -0.000204519194085, 0.00113916292321, -0.00164762081113, 0.00432087434456, -0.00465962616727, -0.00199379143305, 0.00416142633185, -0.00393758714199, -0.0057770088315, 0.0226336158812, -0.00696678925306], [-0.00126922107302, 0.000402792560635, -0.000883272499777, 0.00152641942259, 0.00309914629906, -0.00562074175104, 0.00366625632159, -0.00159472436644, -0.0079393396154, 0.00562896486372, -0.00104186241515, -0.00696678925306, 0.0256483685225]]
    spectral_contrast:
        mean: [-4.8040721623e-08, 1.37542546241e-08, 3.94027068751e-07, -4.15990761837e-08, 5.24696815773e-07, 6.76157412727e-07, -4.80514154333e-06, 5.12586166224e-06, -2.8497090625e-06, -3.33620437232e-06, 1.84636428457e-06, -1.04418506908e-06]
        var: [0.000539061322343, 0.00080267933663, 0.00120784051251, 0.0020331570413, 0.00491364812478, 0.00959796272218, 0.0524156950414, 0.122916191816, 0.243584990501, 0.518818616867, 0.802290201187, 4.11180877686]

rhythm:
    beats_loudness:
        dmean: 0.00175914797001
        dmean2: 0.00340860034339
        dvar: 5.4542788348e-06
        dvar2: 1.83658103197e-05
        max: 0.00945961289108
        mean: 0.00435699848458
        min: 0.00265602138825
        var: 3.34133915203e-06
    beats_loudness_bass:
        dmean: 0.193435803056
        dmean2: 0.395543724298
        dvar: 0.056927267462
        dvar2: 0.107431963086
        max: 0.846482217312
        mean: 0.429360151291
        min: 0.00850514881313
        var: 0.109027437866
    bpm: 75.2524490356
    bpm_confidence: 0
    first_peak_bpm: 75
    first_peak_spread: 0
    first_peak_weight: 0.909090936184
    onset_rate: 4.88484716415
    second_peak_bpm: 59
    second_peak_spread: 0
    second_peak_weight: 0.0909090936184
    beats_position: [0.216833457351, 1.01424443722, 1.81165528297, 2.60906624794, 3.40647745132, 4.20388841629, 5.00129938126, 5.79871034622, 6.81144046783, 7.60867881775, 8.40591716766, 9.2031545639]
    bpm_estimates: [75.2537765503, 75.2444915771, 75.2420043945, 75.2832565308, 75.1940994263, 75.2802810669, 75.2416534424, 75.3079605103, 75.2612304688, 75.3182296753, 75.1499557495]
    bpm_intervals: [0.797410964966, 0.797410845757, 0.797410964966, 0.797411203384, 0.797410964966, 0.797410964966, 0.797410964966, 1.01273012161, 0.797238349915, 0.797238349915, 0.79723739624]
    onset_times: [0.0348299331963, 0.197369620204, 0.406349211931, 0.603718817234, 0.801088452339, 1.01006805897, 1.20743763447, 1.40480720997, 1.69505667686, 1.98530614376, 2.20589566231, 2.36843538284, 2.62385487556, 2.70512461662, 2.80961441994, 3.00698423386, 3.19274377823, 3.61070299149, 3.80807256699, 4.00544214249, 4.20281171799, 4.40018129349, 4.60916090012, 4.79492044449, 5.00390005112, 5.20126962662, 5.41024923325, 5.59600925446, 5.80498886108, 6.00235843658, 6.21133804321, 6.40870761871, 6.60607719421, 6.80344676971, 7.01242637634, 7.19818592072, 7.60453510284, 7.80190467834, 8.01088428497, 8.20825386047, 8.40562343597, 8.6146030426, 8.80036258698, 9.0093421936, 9.21832180023, 9.4040813446, 9.61306095123, 9.81043052673, 10.0078001022]
    rubato_start: []
    rubato_stop: []
    perceptual_tempo: "unknown"

sfx:
    inharmonicity:
        dmean: 0.0421271324158
        dmean2: 0.0726065784693
        dvar: 0.00270604365505
        dvar2: 0.00796663481742
        max: 0.313021093607
        mean: 0.0446591340005
        min: 0
        var: 0.0027339279186
    oddtoevenharmonicenergyratio:
        dmean: 3.93584227562
        dmean2: 7.64795255661
        dvar: 301.560455322
        dvar2: 898.675537109
        max: 162.245834351
        mean: 2.31244182587
        min: 0
        var: 156.873931885
    pitch_after_max_to_before_max_energy_ratio: 2.54410862923
    pitch_centroid: 194.420196533
    pitch_max_to_total: 0.171296298504
    pitch_min_to_total: 0.819444417953
    tristimulus:
        dmean: [0.218715503812, 0.260251224041, 0.132612735033]
        dmean2: [0.378263354301, 0.449117720127, 0.230142787099]
        dvar: [0.0413865372539, 0.0457608662546, 0.0147297577932]
        dvar2: [0.100832745433, 0.129195153713, 0.0422530248761]
        max: [1, 0.980804204941, 0.725244641304]
        mean: [0.396019369364, 0.421035587788, 0.138407289982]
        min: [0.00476429751143, 0, 0]
        var: [0.063148163259, 0.0605524145067, 0.0172045025975]

tonal:
    chords_changes_rate: 0.0460829511285
    chords_number_rate: 0.00921658985317
    chords_strength:
        dmean: 0.00756944017485
        dmean2: 0.00920996256173
        dvar: 4.63562537334e-05
        dvar2: 8.90333976713e-05
        max: 0.749845564365
        mean: 0.618346869946
        min: 0.459462016821
        var: 0.0055954833515
    key_strength: 0.821771323681
    tuning_diatonic_strength: 0.697221279144
    tuning_equal_tempered_deviation: 0.354623049498
    tuning_frequency: 451.84777832
    tuning_nontempered_energy_ratio: 0.985308945179
    hpcp:
        dmean: [0.129898384213, 0.143713399768, 0.143976807594, 0.123847305775, 0.131695076823, 0.135021135211, 0.166410058737, 0.24634949863, 0.231699571013, 0.201420277357, 0.162107586861, 0.13053932786, 0.135238945484, 0.160280957818, 0.193548902869, 0.204412549734, 0.196023643017, 0.190420806408, 0.172213479877, 0.165922105312, 0.142557963729, 0.134986892343, 0.159358680248, 0.169108465314, 0.187354952097, 0.176290139556, 0.16169141233, 0.185785770416, 0.217437461019, 0.228911012411, 0.172997131944, 0.150281563401, 0.140696823597, 0.129176184535, 0.131735891104, 0.125844866037]
        dmean2: [0.225317627192, 0.249034225941, 0.261118710041, 0.221331819892, 0.227415889502, 0.22147847712, 0.284440368414, 0.413688629866, 0.376116812229, 0.358670055866, 0.292700082064, 0.229604616761, 0.231148228049, 0.278106838465, 0.327209115028, 0.360775113106, 0.3330719769, 0.332984626293, 0.304848968983, 0.291589230299, 0.252077549696, 0.241075545549, 0.280804306269, 0.276238292456, 0.32863137126, 0.309630781412, 0.277718484402, 0.30515936017, 0.35068026185, 0.385427325964, 0.283426403999, 0.262024223804, 0.238396063447, 0.219145029783, 0.224242910743, 0.220161497593]
        dvar: [0.028086701408, 0.023752944544, 0.0287887472659, 0.0285701174289, 0.0337709747255, 0.0247934348881, 0.0325754545629, 0.069104835391, 0.0529355965555, 0.0522634573281, 0.0489780940115, 0.0308318566531, 0.0306823160499, 0.03874688223, 0.0471518039703, 0.0536999963224, 0.0469919666648, 0.0610987842083, 0.0412168763578, 0.0430763736367, 0.0334461592138, 0.0258508939296, 0.0367076061666, 0.0426830723882, 0.0515864044428, 0.0572968423367, 0.0470351427794, 0.0414677783847, 0.0413869842887, 0.0509373918176, 0.0264668036252, 0.0359744727612, 0.0372976288199, 0.027453744784, 0.0337011888623, 0.0304446388036]
        dvar2: [0.0791656374931, 0.0712522193789, 0.0875608548522, 0.0861990302801, 0.0919038131833, 0.0629647299647, 0.0868922993541, 0.172555312514, 0.128260046244, 0.141665965319, 0.133511975408, 0.0805413722992, 0.0811395123601, 0.104291282594, 0.131148129702, 0.135221734643, 0.131123840809, 0.160124450922, 0.107560552657, 0.117900393903, 0.0995863005519, 0.0709273517132, 0.0960621312261, 0.104934498668, 0.129048660398, 0.148041531444, 0.119635038078, 0.102332130075, 0.102924734354, 0.12829361856, 0.0628903880715, 0.0901336222887, 0.10066626966, 0.0727243795991, 0.0917614847422, 0.0887296646833]
        max: [1, 0.890700399876, 1, 1, 1, 1, 0.96062874794, 1, 1, 1, 1, 1, 1, 1, 1, 1, 1, 1, 1, 1, 1, 0.719359815121, 1, 1, 1, 1, 1, 1, 1, 1, 1, 1, 1, 0.905873060226, 1, 1]
        mean: [0.138424471021, 0.167299419641, 0.147791966796, 0.11875346303, 0.133412510157, 0.145805984735, 0.196419522166, 0.365675091743, 0.387205451727, 0.234830871224, 0.151083827019, 0.126358643174, 0.12787951529, 0.175250604749, 0.221945628524, 0.207594290376, 0.228278622031, 0.21820949018, 0.165012836456, 0.169164821506, 0.154917016625, 0.137684211135, 0.193709328771, 0.226551771164, 0.191431969404, 0.155317336321, 0.1626958251, 0.250763326883, 0.46802085638, 0.50455391407, 0.279402762651, 0.161444604397, 0.141199707985, 0.139369934797, 0.13493655622, 0.11914037168]
        min: [0.000473699677968, 0.000416648952523, 0.000276743900031, 0.00147284206469, 0.00137837708462, 0.00127474765759, 0.00102379603777, 0.00218113814481, 0.00290793483146, 0.00161211413797, 0.000357446173439, 0.000315994839184, 0.000724729208741, 0.0010698151309, 0.00164599961136, 0.00161589100026, 0.000884843990207, 0.000194292588276, 0.000243873961153, 0.000394621660234, 0.000479742069729, 0.000312184740324, 0.000257688108832, 0.000738078902941, 0.000736699672416, 0.000546083552763, 0.000434792484157, 0.00123828148935, 0.00341378524899, 0.00545929512009, 0.00415650894865, 0.0020177771803, 0.001079501817, 0.00058583234204, 0.000418747658841, 0.000395978364395]
        var: [0.026813019067, 0.0320042856038, 0.0355413667858, 0.0275606717914, 0.0364624783397, 0.0341854169965, 0.0404087975621, 0.115976914763, 0.115947186947, 0.0602379068732, 0.0477840453386, 0.031671218574, 0.0297229718417, 0.0417727530003, 0.0552725344896, 0.0563105531037, 0.0787706971169, 0.0925710946321, 0.0415456332266, 0.0373726412654, 0.0310679096729, 0.0252908393741, 0.0600897297263, 0.0823979377747, 0.0563731081784, 0.0532765835524, 0.0567691512406, 0.0766752809286, 0.108330346644, 0.134984076023, 0.0593212619424, 0.0457645282149, 0.0418289154768, 0.0328407920897, 0.0343643128872, 0.0258326940238]
    chords_histogram: [76.4976959229, 0, 0, 0, 0, 0, 0, 23.5023040771, 0, 0, 0, 0, 0, 0, 0, 0, 0, 0, 0, 0, 0, 0, 0, 0]
    thpcp: [1, 0.553761959076, 0.319974929094, 0.279850572348, 0.276224076748, 0.267437338829, 0.236130103469, 0.274350196123, 0.331578880548, 0.292916089296, 0.235363274813, 0.264416754246, 0.288979977369, 0.389293432236, 0.724749267101, 0.767421364784, 0.465422749519, 0.299440413713, 0.250436365604, 0.253450632095, 0.347337722778, 0.439884871244, 0.411441236734, 0.452436536551, 0.432480037212, 0.327046990395, 0.335276007652, 0.307037591934, 0.272883057594, 0.383921951056, 0.449014008045, 0.379408359528, 0.307830989361, 0.32245478034, 0.497000068426, 0.92759335041]
    chords_key: "B"
    chords_scale: "minor"
    key_key: "B"
    key_scale: "minor"
    chords_progression: ["Bm", "Bm", "Bm", "Bm", "Bm", "Bm", "Bm", "Bm", "Bm", "Bm", "Bm", "Bm", "Bm", "Bm", "Bm", "Bm", "Bm", "Bm", "Bm", "Bm", "Bm", "Bm", "B", "Bm", "B", "Bm", "Bm", "Bm", "Bm", "Bm", "Bm", "Bm", "Bm", "Bm", "Bm", "Bm", "Bm", "Bm", "Bm", "Bm", "Bm", "Bm", "Bm", "Bm", "Bm", "Bm", "Bm", "Bm", "Bm", "Bm", "Bm", "Bm", "Bm", "Bm", "Bm", "Bm", "Bm", "Bm", "Bm", "Bm", "Bm", "Bm", "Bm", "Bm", "Bm", "Bm", "Bm", "Bm", "Bm", "Bm", "Bm", "Bm", "Bm", "Bm", "Bm", "Bm", "Bm", "Bm", "Bm", "Bm", "Bm", "Bm", "Bm", "Bm", "Bm", "Bm", "Bm", "Bm", "Bm", "Bm", "Bm", "Bm", "B", "B", "B", "B", "B", "B", "B", "B", "B", "B", "B", "B", "B", "B", "B", "B", "B", "B", "B", "B", "B", "Bm", "B", "Bm", "Bm", "Bm", "Bm", "Bm", "Bm", "Bm", "Bm", "Bm", "Bm", "Bm", "Bm", "Bm", "Bm", "Bm", "Bm", "Bm", "Bm", "Bm", "Bm", "Bm", "Bm", "Bm", "Bm", "Bm", "Bm", "Bm", "Bm", "Bm", "Bm", "Bm", "Bm", "Bm", "Bm", "Bm", "Bm", "Bm", "Bm", "Bm", "Bm", "Bm", "Bm", "Bm", "Bm", "B", "B", "B", "B", "B", "B", "B", "B", "B", "B", "B", "B", "B", "B", "B", "B", "B", "B", "B", "B", "B", "B", "B", "B", "B", "B", "B", "Bm", "Bm", "Bm", "Bm", "Bm", "Bm", "Bm", "Bm", "Bm", "Bm", "Bm", "Bm", "Bm", "Bm", "Bm", "Bm", "Bm", "Bm", "Bm", "Bm", "Bm", "Bm", "Bm", "Bm", "Bm", "Bm", "Bm", "Bm", "Bm", "Bm", "Bm"]
