
metadata:
    version:
        essentia: "1.2.2"
    audio_properties:
        analysis_sample_rate: 44100
        bitrate: 128
        channels: 2
        equal_loudness: 1
        length: 10.0310201645
        replay_gain: -14.1712017059
        downmix: "mix"
    tags:
        track: 8
        year: 0
        album: "Splitted by Mp3Splt v. 2.1"
        artist: "From 001.10 To 001.20"
        comment: "http://mp3splt.sf.net"
        genre: ""
        title: "11 Pillow of Your Bones.mp3"

highlevel:
    ballroom:
        all:
            ChaChaCha: 0.0893679335713
            Jive: 0.490022778511
            Quickstep: 0.11472171545
            Rumba-American: 0.00961412582546
            Rumba-International: 0.0156972520053
            Rumba-Misc: 0.0191519018263
            Samba: 0.079935990274
            Tango: 0.0123207066208
            VienneseWaltz: 0.155988693237
            Waltz: 0.0131789203733
        probability: 0.490022778511
        value: "Jive"
    culture:
        all:
            non_western: 0.0303098615259
            western: 0.969690144062
        probability: 0.969690144062
        value: "western"
    gender:
        all:
            female: 0.256001621485
            male: 0.743998408318
        probability: 0.743998408318
        value: "male"
    genre_dortmund:
        all:
            alternative: 0.0683363005519
            blues: 0.00401961291209
            electronic: 0.00550992228091
            folkcountry: 0.0218676142395
            funksoulrnb: 0.00703254016116
            jazz: 0.00370444031432
            pop: 0.0343614667654
            raphiphop: 0.000900278508198
            rock: 0.854267835617
        probability: 0.854267835617
        value: "rock"
    genre_electronica:
        all:
            ambient: 0.239133477211
            dnb: 0.105788819492
            house: 0.0139561481774
            techno: 0.0139643186703
            trance: 0.627157211304
        probability: 0.627157211304
        value: "trance"
    genre_rosamerica:
        all:
            cla: 0.0176443681121
            dan: 0.0214280709624
            hip: 0.00290323304944
            jaz: 0.00933915283531
            pop: 0.195359840989
            rhy: 0.0223233941942
            roc: 0.729494988918
            spe: 0.00150697561912
        probability: 0.729494988918
        value: "roc"
    genre_tzanetakis:
        all:
            blu: 0.0189262330532
            cla: 0.0152356205508
            cou: 0.356559634209
            dis: 0.0599195547402
            hip: 0.00588067714125
            jaz: 0.0319855473936
            met: 0.0247429627925
            pop: 0.146227151155
            reg: 0.00871436484158
            roc: 0.331808239222
        probability: 0.356559634209
        value: "cou"
    live_studio:
        all:
            live: 0.662262320518
            studio: 0.337737649679
        probability: 0.662262320518
        value: "live"
    mood:
        all:
            Cluster1: 0.343677669764
            Cluster2: 0.158626526594
            Cluster3: 0.0449840687215
            Cluster4: 0.110498078167
            Cluster5: 0.342213660479
        probability: 0.343677669764
        value: "Cluster1"
    mood_acoustic:
        all:
            acoustic: 0.0115571422502
            not_acoustic: 0.988442838192
        probability: 0.988442838192
        value: "not_acoustic"
    mood_aggressive:
        all:
            aggressive: 0.706396818161
            not_aggressive: 0.293603181839
        probability: 0.706396818161
        value: "aggressive"
    mood_electronic:
        all:
            electronic: 0.0525020696223
            not_electronic: 0.947497904301
        probability: 0.947497904301
        value: "not_electronic"
    mood_happy:
        all:
            happy: 0.886161148548
            not_happy: 0.113838866353
        probability: 0.886161148548
        value: "happy"
    mood_party:
        all:
            not_party: 0.468707203865
            party: 0.531292796135
        probability: 0.531292796135
        value: "party"
    mood_relaxed:
        all:
            not_relaxed: 0.95699518919
            relaxed: 0.0430048182607
        probability: 0.95699518919
        value: "not_relaxed"
    mood_sad:
        all:
            not_sad: 0.850321054459
            sad: 0.149678945541
        probability: 0.850321054459
        value: "not_sad"
    rhythm:
        all:
            fast: 0.660707116127
            medium: 0.305298537016
            slow: 0.0339943431318
        probability: 0.660707116127
        value: "fast"
    speech_music:
        all:
            music: 0.998715817928
            speech: 0.00128418568056
        probability: 0.998715817928
        value: "music"
    timbre:
        all:
            bright: 0.40233027935
            dark: 0.59766972065
        probability: 0.59766972065
        value: "dark"
    voice_instrumental:
        all:
            instrumental: 0.0486101768911
            voice: 0.951389849186
        probability: 0.951389849186
        value: "voice"

lowlevel:
    average_loudness: 0.980484068394
    barkbands_kurtosis:
        dmean: 0.440170913935
        dmean2: 0.702295899391
        dvar: 0.345067083836
        dvar2: 0.715658307076
        max: 5.25908279419
        mean: -0.725390315056
        min: -1.79605472088
        var: 0.82790941
    barkbands_skewness:
        dmean: 0.311016380787
        dmean2: 0.48507347703
        dvar: 0.0862073004246
        dvar2: 0.205355882645
        max: 2.22390770912
        mean: 0.147922992706
        min: -1.43118929863
        var: 0.386681765318
    barkbands_spread:
        dmean: 4.49098443985
        dmean2: 7.06401348114
        dvar: 23.6892089844
        dvar2: 53.9383163452
        max: 53.9251670837
        mean: 29.0746517181
        min: 9.02995109558
        var: 64.7165374756
    dissonance:
        dmean: 0.0198927987367
        dmean2: 0.033333402127
        dvar: 0.000270052347332
        dvar2: 0.00079957221169
        max: 0.498595178127
        mean: 0.46139639616
        min: 0.347678691149
        var: 0.000645370688289
    hfc:
        dmean: 2.51967430115
        dmean2: 3.85930252075
        dvar: 9.71872234344
        dvar2: 23.902797699
        max: 32.9862632751
        mean: 10.4027385712
        min: 1.94688522816
        var: 24.2316513062
    pitch:
        dmean: 405.786590576
        dmean2: 783.691162109
        dvar: 1028330.5
        dvar2: 2762756
        max: 4410
        mean: 566.039978027
        min: 78.1914901733
        var: 803825.25
    pitch_instantaneous_confidence:
        dmean: 0.0838000848889
        dmean2: 0.133361116052
        dvar: 0.00604587513953
        dvar2: 0.0137040093541
        max: 0.789972126484
        mean: 0.473710387945
        min: 0.14807921648
        var: 0.0193296521902
    pitch_salience:
        dmean: 0.0609319843352
        dmean2: 0.0951658785343
        dvar: 0.00248766923323
        dvar2: 0.00631761550903
        max: 0.796340227127
        mean: 0.586565196514
        min: 0.313492178917
        var: 0.00817205756903
    silence_rate_20dB:
        dmean: 0
        dmean2: 0
        dvar: 0
        dvar2: 0
        max: 1
        mean: 1
        min: 1
        var: 0
    silence_rate_30dB:
        dmean: 0
        dmean2: 0
        dvar: 0
        dvar2: 0
        max: 1
        mean: 1
        min: 1
        var: 0
    silence_rate_60dB:
        dmean: 0.041763342917
        dmean2: 0.0813953503966
        dvar: 0.040019184351
        dvar2: 0.102677688003
        max: 1
        mean: 0.074074074626
        min: 0
        var: 0.0685875117779
    spectral_centroid:
        dmean: 229.77520752
        dmean2: 358.36050415
        dvar: 55497.5742188
        dvar2: 132727.453125
        max: 2892.95996094
        mean: 1621.47497559
        min: 579.799560547
        var: 181837.765625
    spectral_complexity:
        dmean: 3.84615373611
        dmean2: 6.15186929703
        dvar: 16.4378585815
        dvar2: 36.8718757629
        max: 42
        mean: 18.5651168823
        min: 4
        var: 41.3062553406
    spectral_crest:
        dmean: 2.20526146889
        dmean2: 3.43747615814
        dvar: 4.4766459465
        dvar2: 10.3020029068
        max: 18.6766471863
        mean: 8.1705827713
        min: 2.38442063332
        var: 14.0040588379
    spectral_decrease:
        dmean: 3.02333907909e-10
        dmean2: 5.02444030825e-10
        dvar: 1.29062406037e-19
        dvar2: 3.39810681172e-19
        max: -3.31697558309e-10
        mean: -1.42117240198e-09
        min: -4.12143341677e-09
        var: 2.31811214512e-19
    spectral_energy:
        dmean: 0.00132668728475
        dmean2: 0.00219548284076
        dvar: 2.45797059506e-06
        dvar2: 6.311472589e-06
        max: 0.0172918625176
        mean: 0.00630739331245
        min: 0.00145102164242
        var: 4.69613723908e-06
    spectral_energyband_high:
        dmean: 0.000252946600085
        dmean2: 0.00040538556641
        dvar: 1.63482866355e-07
        dvar2: 4.34136694594e-07
        max: 0.00277588772587
        mean: 0.000509810633957
        min: 3.93620393879e-05
        var: 2.07098608485e-07
    spectral_energyband_low:
        dmean: 0.000123373727547
        dmean2: 0.000199466841877
        dvar: 2.98139504196e-08
        dvar2: 7.72373667246e-08
        max: 0.00154726731125
        mean: 0.000241678571911
        min: 2.15612326429e-05
        var: 3.54375302436e-08
    spectral_energyband_middle_high:
        dmean: 0.00062366964994
        dmean2: 0.000932443304919
        dvar: 3.46812527141e-07
        dvar2: 7.31797399567e-07
        max: 0.00871548242867
        mean: 0.00302636623383
        min: 0.000487470359076
        var: 2.44367015512e-06
    spectral_energyband_middle_low:
        dmean: 0.000848909490742
        dmean2: 0.00139426521491
        dvar: 1.2743220168e-06
        dvar2: 3.53079894921e-06
        max: 0.0119094299152
        mean: 0.00252950936556
        min: 0.000377806340111
        var: 2.5644917514e-06
    spectral_flatness_db:
        dmean: 0.0143941408023
        dmean2: 0.0220905728638
        dvar: 0.000165976380231
        dvar2: 0.000358962919563
        max: 0.2238599509
        mean: 0.142924681306
        min: 0.0747140720487
        var: 0.000592861906625
    spectral_flux:
        dmean: 0.0102396104485
        dmean2: 0.0166383888572
        dvar: 8.1969803432e-05
        dvar2: 0.000180107235792
        max: 0.0931075513363
        mean: 0.0474129617214
        min: 0.0163645148277
        var: 0.000197278350242
    spectral_kurtosis:
        dmean: 1.02453362942
        dmean2: 1.67678105831
        dvar: 0.91567081213
        dvar2: 2.29126238823
        max: 9.19387722015
        mean: 3.55916953087
        min: -0.289930105209
        var: 2.13215637207
    spectral_rms:
        dmean: 0.000254605140071
        dmean2: 0.000413857895182
        dvar: 7.32020950522e-08
        dvar2: 1.75412310455e-07
        max: 0.00410732394084
        mean: 0.00244213570841
        min: 0.00118980288971
        var: 1.89522936012e-07
    spectral_rolloff:
        dmean: 395.628540039
        dmean2: 627.531860352
        dvar: 201679.890625
        dvar2: 432966.0625
        max: 4758.83789062
        mean: 3171.34130859
        min: 667.529296875
        var: 598667.875
    spectral_skewness:
        dmean: 0.171253159642
        dmean2: 0.274569809437
        dvar: 0.0270413961262
        dvar2: 0.0634460225701
        max: 2.36202836037
        mean: 1.36809921265
        min: 0.688611209393
        var: 0.062449477613
    spectral_spread:
        dmean: 460427.0625
        dmean2: 603503.25
        dvar: 341722365952
        dvar2: 660865482752
        max: 11377830
        mean: 4517349.5
        min: 2871375
        var: 1.22037888614e+12
    spectral_strongpeak:
        dmean: 0.553765416145
        dmean2: 0.91008746624
        dvar: 0.503600716591
        dvar2: 1.35400593281
        max: 7.45043516159
        mean: 1.20289707184
        min: 0.0184125080705
        var: 1.00140333176
    zerocrossingrate:
        dmean: 0.00843053404242
        dmean2: 0.00990366749465
        dvar: 6.11750074313e-05
        dvar2: 7.32684420655e-05
        max: 0.15576171875
        mean: 0.0910633206367
        min: 0.0400390625
        var: 0.000414016394643
    barkbands:
        dmean: [2.77993876807e-07, 3.39036960213e-05, 0.000106232160761, 0.000118134645163, 0.000390325993067, 0.000289474031888, 8.80039660842e-05, 7.26149664843e-05, 0.000434846937424, 0.000179721988388, 0.000106636463897, 0.000113034220703, 0.000113893802336, 9.44842759054e-05, 0.000134596120915, 0.000138285802677, 0.000191737912246, 0.000130747357616, 0.000191197905224, 0.000245762959821, 0.000124139565742, 3.34816686518e-05, 4.44414126832e-06, 2.44998182097e-06, 2.54054407378e-06, 5.1931628775e-08, 8.91168250305e-10]
        dmean2: [4.43361926727e-07, 5.45615584997e-05, 0.000176165849552, 0.000199675487238, 0.000679374556057, 0.000421363511123, 0.00014295449364, 0.000120977434563, 0.000618006743025, 0.000265339622274, 0.00016222333943, 0.000177621899638, 0.00016609976592, 0.000146442951518, 0.000224102695938, 0.00021538886358, 0.000297634047456, 0.000214786923607, 0.0003179909545, 0.000381601421395, 0.000204917640076, 5.36076149729e-05, 6.68183974994e-06, 3.20581057167e-06, 3.49612992068e-06, 7.67943220126e-08, 1.25887511526e-09]
        dvar: [1.49225597157e-12, 1.93123672609e-09, 2.35926584935e-08, 2.68246953539e-08, 8.39144775e-07, 2.13811802041e-07, 2.08686739001e-08, 2.54135485989e-08, 3.85522298529e-07, 1.2975108632e-07, 4.79117403529e-08, 3.24671667329e-08, 2.37140476145e-08, 1.55000545732e-08, 3.34401200064e-08, 7.17638926062e-08, 5.52389387565e-08, 2.1698202346e-08, 4.48170105471e-08, 1.07593294274e-07, 4.57214746064e-08, 2.88044832431e-09, 4.26747838456e-11, 4.4536093563e-11, 6.01163355207e-11, 1.66275294992e-14, 5.36920354805e-17]
        dvar2: [2.13640455153e-12, 4.31461222306e-09, 6.50711839967e-08, 7.36226297704e-08, 2.40437452703e-06, 3.87999051554e-07, 5.15871505513e-08, 6.76164830793e-08, 7.35828905363e-07, 2.25773760576e-07, 9.01736285641e-08, 6.63891341901e-08, 4.01967774621e-08, 3.31930429809e-08, 7.60756080354e-08, 1.1514253373e-07, 1.19099517804e-07, 5.5418912126e-08, 1.21897045346e-07, 2.3511687175e-07, 1.24633544374e-07, 6.91074486525e-09, 9.10304748247e-11, 8.22132986689e-11, 9.81156614288e-11, 3.68815831282e-14, 5.51967034845e-17]
        max: [2.22594571824e-05, 0.00035234313691, 0.00133114680648, 0.00146352662705, 0.0103838704526, 0.00471873953938, 0.0023534768261, 0.00199526408687, 0.00625568721443, 0.00426973868161, 0.0025261871051, 0.00257210549898, 0.0020433194004, 0.0010201218538, 0.00216048024595, 0.00611575320363, 0.00254532368854, 0.00173965014983, 0.00165427487809, 0.00442870147526, 0.0018521072343, 0.000395197770558, 5.59352556593e-05, 9.86016966635e-05, 0.000117241230328, 1.54165854838e-06, 1.51854123942e-07]
        mean: [2.28350145903e-07, 5.8904861362e-05, 0.000182577467058, 0.000195157583221, 0.000531292636879, 0.000520447618328, 0.000140972770168, 9.47998196352e-05, 0.000983912264928, 0.000352574395947, 0.000165620745975, 0.000201360293431, 0.000249309290666, 0.000166007841472, 0.000268016592599, 0.000292139651719, 0.000370315101463, 0.000309323630063, 0.00042090730858, 0.000519478169736, 0.000209371704841, 5.70432166569e-05, 8.8837578005e-06, 4.41257316197e-06, 4.25700136475e-06, 8.17701248934e-08, 9.82572911923e-10]
        min: [2.213950967e-10, 5.94358198214e-07, 7.0228416007e-06, 1.433202101e-06, 1.956617416e-05, 1.3357480384e-05, 5.08252969667e-06, 2.46683407568e-06, 9.65149047261e-06, 2.73629984804e-06, 3.64823745258e-06, 7.20211892258e-06, 4.55814915767e-06, 7.08811467121e-06, 1.27737912408e-05, 1.14433069029e-05, 2.88467381324e-05, 2.67092509603e-05, 4.23292185587e-05, 2.55456452578e-05, 1.24337166199e-05, 2.9045975225e-06, 3.57208790547e-07, 1.88106639598e-07, 9.49333838207e-08, 4.71556571568e-10, 2.92178824537e-12]
        var: [1.39046022959e-12, 3.55781026862e-09, 2.57043382135e-08, 3.14990025174e-08, 6.68808468163e-07, 6.38401388642e-07, 2.86072214806e-08, 2.17784013046e-08, 1.57505053267e-06, 5.64873118947e-07, 1.21115320439e-07, 8.81065602698e-08, 1.22597882068e-07, 3.54282398973e-08, 7.51327746684e-08, 3.84912766549e-07, 1.36467392053e-07, 7.4099169467e-08, 7.08049796572e-08, 2.41781464183e-07, 4.47654926461e-08, 4.10947453844e-09, 1.05898956271e-10, 8.34103619507e-11, 1.38735259392e-10, 2.57471571597e-14, 5.35795488433e-17]
    mfcc:
        mean: [-675.576538086, 107.941795349, -54.3448028564, 47.2923469543, -16.7782154083, -4.56218338013, 2.38172841072, -7.65686511993, 1.64808499813, -4.71366834641, -5.82829856873, -10.6169786453, -8.60454273224]
        cov: [[638.339111328, -381.142547607, 60.4751777649, -3.20406866074, -4.13168001175, 43.3055839539, -40.6713523865, -26.7923374176, -17.461391449, -9.13414955139, -7.12609148026, -29.4357013702, -31.8628616333], [-381.142547607, 416.758026123, -113.616348267, -3.06601071358, -51.5421409607, -44.3197250366, 25.8912639618, 16.9545001984, 0.182050794363, -9.11709117889, 3.32175850868, 22.9224262238, 15.2813158035], [60.4751777649, -113.616348267, 202.728897095, -14.8764886856, 15.3131694794, -17.6171627045, -29.5914001465, -29.9148864746, -1.30652666092, -16.5065040588, -4.13520860672, -3.06358289719, 14.818400383], [-3.20406866074, -3.06601071358, -14.8764886856, 117.062065125, 23.2630138397, 5.99454641342, -22.8433589935, -17.7624912262, 2.98907232285, 0.190959736705, -8.02952194214, -0.0924564003944, 8.02618312836], [-4.13168001175, -51.5421409607, 15.3131694794, 23.2630138397, 107.23740387, 7.87256765366, -3.24435138702, -20.3971710205, -13.5486049652, -15.443652153, 1.55127167702, 10.9792995453, 19.0305995941], [43.3055839539, -44.3197250366, -17.6171627045, 5.99454641342, 7.87256765366, 78.0458831787, 21.2523880005, 10.0555486679, -13.4852142334, -1.9331870079, 0.868260443211, 2.28975319862, 0.135530456901], [-40.6713523865, 25.8912639618, -29.5914001465, -22.8433589935, -3.24435138702, 21.2523880005, 88.6217880249, 39.2913208008, 3.76924753189, 12.9797315598, 10.7019309998, 8.91322898865, 1.22632813454], [-26.7923374176, 16.9545001984, -29.9148864746, -17.7624912262, -20.3971710205, 10.0555486679, 39.2913208008, 86.0587234497, 21.2180480957, 15.3173751831, 3.48164510727, -0.265055000782, -14.0708971024], [-17.461391449, 0.182050794363, -1.30652666092, 2.98907232285, -13.5486049652, -13.4852142334, 3.76924753189, 21.2180480957, 83.5057067871, 38.5688476562, -7.61247587204, -15.6632423401, -9.42481422424], [-9.13414955139, -9.11709117889, -16.5065040588, 0.190959736705, -15.443652153, -1.9331870079, 12.9797315598, 15.3173751831, 38.5688476562, 69.4024353027, 18.9661712646, -8.53076457977, -17.2490768433], [-7.12609148026, 3.32175850868, -4.13520860672, -8.02952194214, 1.55127167702, 0.868260443211, 10.7019309998, 3.48164510727, -7.61247587204, 18.9661712646, 60.2232894897, 24.8977127075, -11.9127235413], [-29.4357013702, 22.9224262238, -3.06358289719, -0.0924564003944, 10.9792995453, 2.28975319862, 8.91322898865, -0.265055000782, -15.6632423401, -8.53076457977, 24.8977127075, 57.74842453, 22.5938186646], [-31.8628616333, 15.2813158035, 14.818400383, 8.02618312836, 19.0305995941, 0.135530456901, 1.22632813454, -14.0708971024, -9.42481422424, -17.2490768433, -11.9127235413, 22.5938186646, 63.4971809387]]
        icov: [[0.00436483509839, 0.00466548558325, 0.00146976578981, 8.88651557034e-05, 0.00257945852354, 0.000113533787953, 0.00047920824727, 0.00105876626913, 0.000244895782089, 0.00192271452397, -0.0003653629974, 0.000161026837304, 0.000598091341089], [0.00466548558325, 0.00869968999177, 0.0037923255004, -0.000159177187015, 0.0045856051147, 0.00287763308734, -0.000655389565509, 0.00136450456921, 6.36568211121e-06, 0.0035585288424, -0.000795849540737, -0.000631869828794, -0.000639743928332], [0.00146976578981, 0.0037923255004, 0.00754488632083, 0.00122706836555, 0.00130653602537, 0.00223084865138, 0.000915632699616, 0.00170118617825, -0.00106915831566, 0.00285025476478, -0.0014064128045, 0.000706462189555, -0.00202769646421], [8.88651557034e-05, -0.000159177187015, 0.00122706836555, 0.0101200547069, -0.00214813416824, -0.00156645313837, 0.0030177696608, 0.00112699833699, -0.000858697108924, -0.00117436202709, 0.00125318055507, -0.000479002628708, -0.000684966042172], [0.00257945852354, 0.0045856051147, 0.00130653602537, -0.00214813416824, 0.0133845098317, 0.000424475903856, -0.00129954831209, 0.0026417390909, -2.67332561634e-05, 0.00378279550932, -0.00188756023999, -0.000482757692225, -0.00240314519033], [0.000113533787953, 0.00287763308734, 0.00223084865138, -0.00156645313837, 0.000424475903856, 0.0167929790914, -0.0042962837033, -0.00091888231691, 0.00304513750598, 0.000498131907079, 0.0005965604214, -0.000234139937675, -0.000459349044831], [0.00047920824727, -0.000655389565509, 0.000915632699616, 0.0030177696608, -0.00129954831209, -0.0042962837033, 0.0172367673367, -0.00648490060121, 0.000744621094782, -0.00267238123342, -0.00138196384069, -0.000413745321566, -0.00229571014643], [0.00105876626913, 0.00136450456921, 0.00170118617825, 0.00112699833699, 0.0026417390909, -0.00091888231691, -0.00648490060121, 0.0175273697823, -0.0041651003994, 0.00128942972515, 0.00101929728407, -0.00205737957731, 0.00353829050437], [0.000244895782089, 6.36568211121e-06, -0.00106915831566, -0.000858697108924, -2.67332561634e-05, 0.00304513750598, 0.000744621094782, -0.0041651003994, 0.0196671877056, -0.0117244198918, 0.00568549940363, 0.000965283368714, 9.73103396973e-07], [0.00192271452397, 0.0035585288424, 0.00285025476478, -0.00117436202709, 0.00378279550932, 0.000498131907079, -0.00267238123342, 0.00128942972515, -0.0117244198918, 0.0273603554815, -0.0117818620056, 0.00516640022397, 0.000437743758084], [-0.0003653629974, -0.000795849540737, -0.0014064128045, 0.00125318055507, -0.00188756023999, 0.0005965604214, -0.00138196384069, 0.00101929728407, 0.00568549940363, -0.0117818620056, 0.0302242450416, -0.0166182927787, 0.0102219134569], [0.000161026837304, -0.000631869828794, 0.000706462189555, -0.000479002628708, -0.000482757692225, -0.000234139937675, -0.000413745321566, -0.00205737957731, 0.000965283368714, 0.00516640022397, -0.0166182927787, 0.0310347061604, -0.0127881076187], [0.000598091341089, -0.000639743928332, -0.00202769646421, -0.000684966042172, -0.00240314519033, -0.000459349044831, -0.00229571014643, 0.00353829050437, 9.73103396973e-07, 0.000437743758084, 0.0102219134569, -0.0127881076187, 0.0248993504792]]
    spectral_contrast:
        mean: [-2.71253128403e-07, 2.77787535197e-07, -2.3529972637e-08, -8.62339746277e-08, 6.98621889228e-08, -4.00338748818e-08, -3.02160901811e-06, 7.14559200787e-06, 3.89509409615e-07, 3.0186978961e-07, 1.17601348393e-06, 3.00448988355e-07]
        var: [0.000456725567346, 0.000537416315638, 0.00177055352833, 0.00202519842423, 0.00401470949873, 0.00521242059767, 0.0337307825685, 0.0640864670277, 0.103622049093, 0.133389666677, 0.149149879813, 0.519590616226]

rhythm:
    beats_loudness:
        dmean: 0.00242672115564
        dmean2: 0.00416690995917
        dvar: 3.11528629027e-06
        dvar2: 8.05413583294e-06
        max: 0.0110690621659
        mean: 0.00629996135831
        min: 0.00200488697737
        var: 4.38399138147e-06
    beats_loudness_bass:
        dmean: 0.0465208105743
        dmean2: 0.0737810581923
        dvar: 0.004305139184
        dvar2: 0.0045506414026
        max: 0.390635818243
        mean: 0.0801042914391
        min: 0.0150557328016
        var: 0.00658395327628
    bpm: 79.5921630859
    bpm_confidence: 0
    first_peak_bpm: 159
    first_peak_spread: 0
    first_peak_weight: 0.555555582047
    onset_rate: 3.5888671875
    second_peak_bpm: 80
    second_peak_spread: 0
    second_peak_weight: 0.388888895512
    beats_position: [0.140002161264, 0.893869996071, 1.64773786068, 2.40160560608, 3.15547370911, 3.90934157372, 4.66320943832, 5.41707754135, 6.02355146408, 6.40128517151, 6.77901935577, 7.1567530632, 7.53448677063, 7.91222047806, 8.28995418549, 8.66768836975, 9.04542255402, 9.42315578461, 9.80088996887]
    bpm_estimates: [80.0355529785, 80.0379867554, 79.2942199707, 79.000869751]
    bpm_intervals: [0.753867864609, 0.753867864609, 0.753867745399, 0.753868103027, 0.753867864609, 0.753867864609, 0.753868103027, 0.606473922729, 0.377733707428, 0.377734184265, 0.377733707428, 0.377733707428, 0.377733707428, 0.377733707428, 0.377734184265, 0.377734184265, 0.377733230591, 0.377734184265]
    onset_times: [0.0580498874187, 0.301859408617, 0.708208620548, 0.870748281479, 1.07972788811, 1.25387752056, 1.63700675964, 1.84598636627, 2.20589566231, 2.56580495834, 2.94893431664, 3.30884361267, 3.7151927948, 3.88934230804, 4.09832191467, 4.27247142792, 4.49306106567, 4.6439909935, 4.841360569, 5.0387301445, 5.23609972, 5.4334692955, 5.58439922333, 5.97913837433, 6.3622674942, 6.72217702866, 6.91954660416, 7.2910656929, 7.52326536179, 7.67419481277, 7.83673477173, 8.24308395386, 8.99773216248, 9.35764217377, 9.90331077576, 9.93814086914]
    rubato_start: [6.40128517151]
    rubato_stop: [9.80088996887]
    perceptual_tempo: "unknown"

sfx:
    inharmonicity:
        dmean: 0.0514945238829
        dmean2: 0.0929661616683
        dvar: 0.00318493647501
        dvar2: 0.00965054146945
        max: 0.365823179483
        mean: 0.0570860803127
        min: 0.000158240058227
        var: 0.00315759377554
    oddtoevenharmonicenergyratio:
        dmean: 4.66332483292
        dmean2: 8.64057922363
        dvar: 461.325134277
        dvar2: 1364.06115723
        max: 292.668212891
        mean: 3.70964550972
        min: 0.00319522875361
        var: 293.764801025
    pitch_after_max_to_before_max_energy_ratio: 1.43765950203
    pitch_centroid: 228.306915283
    pitch_max_to_total: 0.420930236578
    pitch_min_to_total: 0.00697674416006
    tristimulus:
        dmean: [0.165889427066, 0.224384322762, 0.126450955868]
        dmean2: [0.285949915648, 0.386628866196, 0.218984872103]
        dvar: [0.0243887845427, 0.0476561188698, 0.0128616401926]
        dvar2: [0.0646001696587, 0.134042352438, 0.0352489538491]
        max: [0.914172112942, 0.9451572299, 0.750369906425]
        mean: [0.301514416933, 0.517824649811, 0.139403164387]
        min: [0.0130248786882, 0, 0]
        var: [0.0364512205124, 0.0585414990783, 0.0181588213891]

tonal:
    chords_changes_rate: 0.0462962947786
    chords_number_rate: 0.0324074067175
    chords_strength:
        dmean: 0.0113443220034
        dmean2: 0.0112001961097
        dvar: 8.39888889459e-05
        dvar2: 8.55826874613e-05
        max: 0.791913092136
        mean: 0.650671362877
        min: 0.4104193151
        var: 0.00708122458309
    key_strength: 0.678601384163
    tuning_diatonic_strength: 0.494645267725
    tuning_equal_tempered_deviation: 0.107972368598
    tuning_frequency: 443.060424805
    tuning_nontempered_energy_ratio: 0.775834441185
    hpcp:
        dmean: [0.167286932468, 0.170723125339, 0.184103906155, 0.183063879609, 0.174899935722, 0.128734871745, 0.109499454498, 0.104081742465, 0.103581786156, 0.0973747447133, 0.106758855283, 0.118194505572, 0.11891490221, 0.112661704421, 0.120299451053, 0.128901481628, 0.102349936962, 0.121471680701, 0.126438975334, 0.141382321715, 0.140463218093, 0.119614206254, 0.117634184659, 0.142666995525, 0.171292021871, 0.239688679576, 0.234465748072, 0.237953111529, 0.213954269886, 0.117505937815, 0.0922285243869, 0.0937962085009, 0.0981554687023, 0.0928276851773, 0.116643920541, 0.133163809776]
        dmean2: [0.27494341135, 0.276385843754, 0.308532953262, 0.294830292463, 0.291372448206, 0.214126244187, 0.183036625385, 0.170633286238, 0.167254254222, 0.156542241573, 0.181585758924, 0.191132843494, 0.187256425619, 0.188867911696, 0.20141030848, 0.211061120033, 0.174575895071, 0.212715685368, 0.212817519903, 0.234864920378, 0.242768332362, 0.204014673829, 0.205790445209, 0.251765102148, 0.308526486158, 0.418055385351, 0.392118245363, 0.416794478893, 0.355881392956, 0.201675698161, 0.160790741444, 0.162484750152, 0.165741786361, 0.159287780523, 0.207924559712, 0.228462472558]
        dvar: [0.0431280396879, 0.0396499484777, 0.0332008227706, 0.0368003882468, 0.0408385284245, 0.0222792606801, 0.0280183535069, 0.0181084275246, 0.0181646607816, 0.0151239018887, 0.0245813895017, 0.0254282094538, 0.0282832663506, 0.0259529408067, 0.0183105580509, 0.017518652603, 0.0181877575815, 0.0336984619498, 0.0364561192691, 0.0425599962473, 0.0421181917191, 0.0328760221601, 0.0336003825068, 0.0471002683043, 0.058746624738, 0.0594467967749, 0.0484659895301, 0.0623448118567, 0.0503038987517, 0.0320957489312, 0.0255716163665, 0.0232419036329, 0.0292274206877, 0.0214585792273, 0.031675092876, 0.0282647442073]
        dvar2: [0.113263890147, 0.108859524131, 0.0884277671576, 0.0927485823631, 0.105716310441, 0.0590654760599, 0.0806655287743, 0.0466883219779, 0.0427102148533, 0.0343097411096, 0.0565470196307, 0.0539592504501, 0.0673913434148, 0.0670733600855, 0.0498580448329, 0.042546633631, 0.0502433329821, 0.0954473242164, 0.0839075520635, 0.114682331681, 0.109631419182, 0.0918282270432, 0.0947210639715, 0.128931477666, 0.145782127976, 0.153381451964, 0.127760693431, 0.160652711987, 0.131408810616, 0.0874803289771, 0.0637781098485, 0.066997744143, 0.0744676738977, 0.056982267648, 0.0881941094995, 0.0664629340172]
        max: [1, 1, 1, 1, 1, 0.913980424404, 1, 0.909014940262, 1, 1, 1, 1, 1, 1, 0.810512840748, 1, 1, 1, 1, 1, 1, 1, 1, 1, 1, 1, 1, 1, 1, 1, 1, 1, 1, 1, 1, 1]
        mean: [0.237030386925, 0.223824679852, 0.305360376835, 0.363348722458, 0.248058974743, 0.15305198729, 0.13785842061, 0.135955601931, 0.143806874752, 0.139058992267, 0.140617787838, 0.170124530792, 0.174541085958, 0.142207786441, 0.170657649636, 0.203835874796, 0.153524085879, 0.143802002072, 0.167534634471, 0.155758097768, 0.157386571169, 0.14580604434, 0.120604373515, 0.178054451942, 0.258356899023, 0.290987610817, 0.396706312895, 0.414204716682, 0.233283311129, 0.117352619767, 0.10269549489, 0.108414426446, 0.137724786997, 0.136115670204, 0.133831486106, 0.197675615549]
        min: [0.0118930544704, 0.00784134306014, 0.0066593051888, 0.00663798954338, 0.00581259792671, 0.00610356219113, 0.00535195926204, 0.00985155254602, 0.00829560495913, 0.00444779312238, 0.00348921236582, 0.00988047104329, 0.00558763695881, 0.00978909432888, 0.011545191519, 0.0114980312064, 0.00875650625676, 0.00454768026248, 0.00386086758226, 0.00447896448895, 0.00249986443669, 0.00348377251066, 0.00523158442229, 0.00139147706795, 0.00168498733547, 0.00459578307346, 0.0170889105648, 0.0182125922292, 0.00597477843985, 0.00202255044132, 0.00203078775667, 0.00276697473601, 0.00396504672244, 0.00388223910704, 0.00521447276697, 0.0152890486643]
        var: [0.0631241947412, 0.0486873462796, 0.0724007487297, 0.0977515280247, 0.0569240264595, 0.0281233619899, 0.0325277745724, 0.0247987881303, 0.0269766692072, 0.0252843536437, 0.0311980377883, 0.0464572682977, 0.0484228990972, 0.0319968760014, 0.0237373467535, 0.0343696437776, 0.020250570029, 0.0377703644335, 0.0592856742442, 0.0455869622529, 0.0398463234305, 0.0296008810401, 0.026495443657, 0.0610687509179, 0.104954719543, 0.081993021071, 0.104591041803, 0.119755126536, 0.0640427619219, 0.0288058370352, 0.0257308613509, 0.0208131410182, 0.0366783067584, 0.0330570787191, 0.030598571524, 0.0457684509456]
    chords_histogram: [0, 0, 0, 0, 0, 0, 0, 16.6666660309, 15.2777776718, 0, 0, 0, 0, 0, 2.77777767181, 26.851852417, 0, 0, 0, 0, 0, 7.40740728378, 19.4444446564, 11.5740737915]
    thpcp: [1, 0.563207745552, 0.283320337534, 0.247934147716, 0.261741161346, 0.332504153252, 0.328619301319, 0.323104679585, 0.477241337299, 0.572254180908, 0.540372133255, 0.737220883369, 0.877220153809, 0.598880112171, 0.369508087635, 0.332826763391, 0.328232854605, 0.347187936306, 0.335725277662, 0.339488625526, 0.410725712776, 0.421388447285, 0.343327283859, 0.412012815475, 0.492113828659, 0.370647847652, 0.347176164389, 0.404473036528, 0.376041352749, 0.379972904921, 0.352014452219, 0.291170924902, 0.429870665073, 0.623742043972, 0.702521264553, 0.957754194736]
    chords_key: "D"
    chords_scale: "major"
    key_key: "A#"
    key_scale: "minor"
    chords_progression: ["Dm", "Dm", "Dm", "Dm", "Dm", "Dm", "Dm", "Dm", "Dm", "Dm", "Dm", "Dm", "Dm", "Dm", "Dm", "Dm", "Dm", "Dm", "Dm", "Dm", "Dm", "Dm", "Dm", "Dm", "Dm", "D", "D", "D", "D", "D", "D", "D", "D", "D", "D", "D", "D", "D", "D", "D", "D", "D", "D", "D", "D", "D", "D", "D", "D", "D#m", "D#m", "D#m", "D#m", "D#m", "D#m", "D#m", "D#m", "D#m", "D#m", "D#m", "D#m", "D#m", "D#m", "D#m", "D#m", "D#m", "D#m", "D#m", "D#m", "D#m", "D#m", "D#m", "D#m", "D#m", "D#m", "D#m", "D#m", "D#m", "D#m", "D#m", "D#m", "Dm", "Dm", "Dm", "Dm", "Dm", "Dm", "Dm", "Dm", "D", "D", "D", "D", "D", "D", "D", "D", "D", "D", "D", "D", "D", "D", "D", "D", "D", "D", "D", "D", "D", "D", "D", "D", "D", "D", "D", "D", "D", "D", "D", "D", "D", "D", "F#", "F#", "F#", "F#", "F#", "F#", "F#", "F#", "F#", "F#", "F#", "F#", "F#", "F#", "F#", "F#", "F#", "F#", "F#", "F#", "F#", "F#", "F#", "F#", "F#", "D#m", "D#m", "D#m", "D#m", "B", "B", "B", "B", "B", "B", "B", "B", "B", "B", "B", "B", "B", "B", "B", "B", "Bm", "Bm", "Bm", "Bm", "Bm", "Bm", "D#m", "D#m", "D#m", "D#m", "D#m", "D#m", "A#", "A#", "A#", "A#", "A#", "A#", "A#", "A#", "A#", "A#", "A#", "A#", "A#", "A#", "A#", "A#", "A#", "A#", "A#", "A#", "A#", "A#", "A#", "A#", "A#", "A#", "A#", "A#", "A#", "A#", "A#", "A#", "A#", "A#", "A#", "A#"]
