
metadata:
    version:
        essentia: "1.2.2"
    audio_properties:
        analysis_sample_rate: 44100
        bitrate: 128
        channels: 2
        equal_loudness: 1
        length: 9.90040779114
        replay_gain: -8.21130561829
        downmix: "mix"
    tags:
        track: 5
        year: 0
        album: "Splitted by Mp3Splt v. 2.1"
        artist: "From 000.40 To 000.50"
        comment: "http://mp3splt.sf.net"
        genre: ""
        title: "14 Another Sweet Summer's Nigh"

highlevel:
    ballroom:
        all:
            ChaChaCha: 0.000824376998935
            Jive: 0.000964546867181
            Quickstep: 0.0182355549186
            Rumba-American: 0.00433400878683
            Rumba-International: 0.0542951896787
            Rumba-Misc: 0.0790147855878
            Samba: 0.00422660121694
            Tango: 0.00851824413985
            VienneseWaltz: 0.127570912242
            Waltz: 0.702015757561
        probability: 0.702015757561
        value: "Waltz"
    culture:
        all:
            non_western: 0.0631182566285
            western: 0.93688172102
        probability: 0.93688172102
        value: "western"
    gender:
        all:
            female: 0.341574728489
            male: 0.658425271511
        probability: 0.658425271511
        value: "male"
    genre_dortmund:
        all:
            alternative: 0.0396658405662
            blues: 0.0267070960253
            electronic: 0.00757102342322
            folkcountry: 0.706803441048
            funksoulrnb: 0.0182895231992
            jazz: 0.0691456571221
            pop: 0.0981772914529
            raphiphop: 0.00530201476067
            rock: 0.0283381026238
        probability: 0.706803441048
        value: "folkcountry"
    genre_electronica:
        all:
            ambient: 0.918283462524
            dnb: 0.0031110716518
            house: 0.0664885118604
            techno: 0.0043386570178
            trance: 0.00777830230072
        probability: 0.918283462524
        value: "ambient"
    genre_rosamerica:
        all:
            cla: 0.300063371658
            dan: 0.0118123888969
            hip: 0.0181337408721
            jaz: 0.453014999628
            pop: 0.0517215132713
            rhy: 0.0722390860319
            roc: 0.0282367318869
            spe: 0.0647781565785
        probability: 0.453014999628
        value: "jaz"
    genre_tzanetakis:
        all:
            blu: 0.0260402914137
            cla: 0.0444980338216
            cou: 0.517500817776
            dis: 0.0184189938009
            hip: 0.00343890930526
            jaz: 0.078083537519
            met: 0.00418211100623
            pop: 0.0656841620803
            reg: 0.0806803703308
            roc: 0.16147275269
        probability: 0.517500817776
        value: "cou"
    live_studio:
        all:
            live: 0.466768234968
            studio: 0.533231735229
        probability: 0.533231735229
        value: "studio"
    mood:
        all:
            Cluster1: 0.0237628445029
            Cluster2: 0.0739094391465
            Cluster3: 0.84490776062
            Cluster4: 0.0553811565042
            Cluster5: 0.00203877850436
        probability: 0.84490776062
        value: "Cluster3"
    mood_acoustic:
        all:
            acoustic: 0.974254965782
            not_acoustic: 0.0257450435311
        probability: 0.974254965782
        value: "acoustic"
    mood_aggressive:
        all:
            aggressive: 1.90401525657e-08
            not_aggressive: 1
        probability: 1
        value: "not_aggressive"
    mood_electronic:
        all:
            electronic: 0.0531348064542
            not_electronic: 0.946865200996
        probability: 0.946865200996
        value: "not_electronic"
    mood_happy:
        all:
            happy: 0.0982019156218
            not_happy: 0.901798069477
        probability: 0.901798069477
        value: "not_happy"
    mood_party:
        all:
            not_party: 0.978615760803
            party: 0.0213842596859
        probability: 0.978615760803
        value: "not_party"
    mood_relaxed:
        all:
            not_relaxed: 0.0540289282799
            relaxed: 0.94597107172
        probability: 0.94597107172
        value: "relaxed"
    mood_sad:
        all:
            not_sad: 0.0565480925143
            sad: 0.943451881409
        probability: 0.943451881409
        value: "sad"
    rhythm:
        all:
            fast: 0.010803877376
            medium: 0.0650086179376
            slow: 0.924187481403
        probability: 0.924187481403
        value: "slow"
    speech_music:
        all:
            music: 0.959365606308
            speech: 0.0406343713403
        probability: 0.959365606308
        value: "music"
    timbre:
        all:
            bright: 0.673091351986
            dark: 0.326908648014
        probability: 0.673091351986
        value: "bright"
    voice_instrumental:
        all:
            instrumental: 0.0112398033962
            voice: 0.988760173321
        probability: 0.988760173321
        value: "voice"

lowlevel:
    average_loudness: 0.93646633625
    barkbands_kurtosis:
        dmean: 5.5415968895
        dmean2: 8.63476085663
        dvar: 77.9849472046
        dvar2: 217.0131073
        max: 80.8083953857
        mean: 9.71122455597
        min: -1.90768933296
        var: 155.27507019
    barkbands_skewness:
        dmean: 0.689946055412
        dmean2: 1.03155362606
        dvar: 0.664297759533
        dvar2: 1.6009991169
        max: 7.80166578293
        mean: 2.29985356331
        min: -5.585750103
        var: 2.64986038208
    barkbands_spread:
        dmean: 4.62930488586
        dmean2: 7.5938038826
        dvar: 45.2338066101
        dvar2: 124.241096497
        max: 62.3613052368
        mean: 13.2875928879
        min: 1.20068907738
        var: 101.507774353
    dissonance:
        dmean: 0.037600312382
        dmean2: 0.0607234463096
        dvar: 0.00112389342394
        dvar2: 0.00273282616399
        max: 0.499267816544
        mean: 0.384595960379
        min: 0.163879573345
        var: 0.00326258246787
    hfc:
        dmean: 0.632851958275
        dmean2: 0.802060604095
        dvar: 0.767176568508
        dvar2: 1.2003865242
        max: 13.2462978363
        mean: 2.60111141205
        min: 0.012324350886
        var: 5.72267246246
    pitch:
        dmean: 232.161956787
        dmean2: 453.345489502
        dvar: 750517.25
        dvar2: 2082416.625
        max: 5512.5
        mean: 572.075866699
        min: 109.158416748
        var: 1086879.125
    pitch_instantaneous_confidence:
        dmean: 0.0594949945807
        dmean2: 0.0836899057031
        dvar: 0.00414028670639
        dvar2: 0.00966299604625
        max: 0.945430755615
        mean: 0.730734109879
        min: 0.177952110767
        var: 0.0187679510564
    pitch_salience:
        dmean: 0.0549019426107
        dmean2: 0.0815312936902
        dvar: 0.0035903879907
        dvar2: 0.00690867891535
        max: 0.920137405396
        mean: 0.491303920746
        min: 0.163544729352
        var: 0.0283937547356
    silence_rate_20dB:
        dmean: 0
        dmean2: 0
        dvar: 0
        dvar2: 0
        max: 1
        mean: 1
        min: 1
        var: 0
    silence_rate_30dB:
        dmean: 0
        dmean2: 0
        dvar: 0
        dvar2: 0
        max: 1
        mean: 1
        min: 1
        var: 0
    silence_rate_60dB:
        dmean: 0.0702576115727
        dmean2: 0.14084507525
        dvar: 0.0653215870261
        dvar2: 0.149176120758
        max: 1
        mean: 0.551401853561
        min: 0
        var: 0.247358173132
    spectral_centroid:
        dmean: 180.291305542
        dmean2: 279.91619873
        dvar: 127731.078125
        dvar2: 279225.75
        max: 5081.35742188
        mean: 870.749023438
        min: 264.291381836
        var: 487595.84375
    spectral_complexity:
        dmean: 1.01408445835
        dmean2: 1.45647060871
        dvar: 1.57257723808
        dvar2: 2.38457417488
        max: 18
        mean: 5.552693367
        min: 0
        var: 14.9076519012
    spectral_crest:
        dmean: 2.12241435051
        dmean2: 3.1354227066
        dvar: 4.91201210022
        dvar2: 12.3616037369
        max: 25.1954612732
        mean: 13.9281845093
        min: 3.47697973251
        var: 24.8920955658
    spectral_decrease:
        dmean: 1.9122689543e-10
        dmean2: 2.57915550028e-10
        dvar: 6.97471131557e-20
        dvar2: 1.55541995484e-19
        max: -3.11696458574e-12
        mean: -8.54287973695e-10
        min: -3.61739971311e-09
        var: 4.99631824137e-19
    spectral_energy:
        dmean: 0.000770717510022
        dmean2: 0.00103508040775
        dvar: 1.10519010832e-06
        dvar2: 2.4114988264e-06
        max: 0.0147433336824
        mean: 0.00346020446159
        min: 1.28820147438e-05
        var: 8.13886072137e-06
    spectral_energyband_high:
        dmean: 4.35254478361e-05
        dmean2: 6.57967902953e-05
        dvar: 1.53317447626e-08
        dvar2: 2.86873671484e-08
        max: 0.00260404939763
        mean: 6.18010235485e-05
        min: 1.19300509027e-07
        var: 3.31898313277e-08
    spectral_energyband_low:
        dmean: 9.93550656858e-06
        dmean2: 1.30998660097e-05
        dvar: 7.92889975898e-10
        dvar2: 1.25091148551e-09
        max: 0.000418145384174
        mean: 4.04595448344e-05
        min: 1.18083747225e-08
        var: 5.83557735467e-09
    spectral_energyband_middle_high:
        dmean: 0.000132096698508
        dmean2: 0.000157608737936
        dvar: 3.59261278504e-08
        dvar2: 4.59631870342e-08
        max: 0.00295890145935
        mean: 0.000513933657203
        min: 2.46419335781e-06
        var: 3.84580204127e-07
    spectral_energyband_middle_low:
        dmean: 0.000706165272277
        dmean2: 0.000976137409452
        dvar: 9.96131120701e-07
        dvar2: 2.41787074629e-06
        max: 0.0118343206123
        mean: 0.00284401490353
        min: 8.65183119458e-06
        var: 5.77199807594e-06
    spectral_flatness_db:
        dmean: 0.0200116429478
        dmean2: 0.0287116896361
        dvar: 0.000361809710739
        dvar2: 0.000724265933968
        max: 0.401843905449
        mean: 0.269909828901
        min: 0.0711597278714
        var: 0.00286347977817
    spectral_flux:
        dmean: 0.00656843418255
        dmean2: 0.0108149172738
        dvar: 5.69597141293e-05
        dvar2: 0.000131837194203
        max: 0.084608733654
        mean: 0.0191767904907
        min: 0.00336173106916
        var: 0.000165324105183
    spectral_kurtosis:
        dmean: 2.75090527534
        dmean2: 4.56833076477
        dvar: 6.68468141556
        dvar2: 19.5980453491
        max: 26.9664802551
        mean: 6.34866189957
        min: -0.702390193939
        var: 22.1835575104
    spectral_rms:
        dmean: 0.000204976444365
        dmean2: 0.000272668577963
        dvar: 6.05600121162e-08
        dvar2: 1.15215165408e-07
        max: 0.00379259022884
        mean: 0.00166454375722
        min: 0.000112106288725
        var: 6.05105697105e-07
    spectral_rolloff:
        dmean: 450.124847412
        dmean2: 809.2421875
        dvar: 803607.3125
        dvar2: 2078246.875
        max: 5835.49804688
        mean: 1306.66772461
        min: 279.931640625
        var: 1619336.375
    spectral_skewness:
        dmean: 0.38335236907
        dmean2: 0.622562408447
        dvar: 0.127207532525
        dvar2: 0.35111117363
        max: 4.2953119278
        mean: 1.9274699688
        min: 0.0349262617528
        var: 0.568156242371
    spectral_spread:
        dmean: 575604.4375
        dmean2: 790632.6875
        dvar: 1.10001206067e+12
        dvar2: 879632973824
        max: 30278498
        mean: 4503256
        min: 2626144.5
        var: 4.50070105293e+12
    spectral_strongpeak:
        dmean: 0.17622205615
        dmean2: 0.268712133169
        dvar: 0.051368765533
        dvar2: 0.118977233768
        max: 2.3036198616
        mean: 0.628812432289
        min: 0.00250439438969
        var: 0.166205301881
    zerocrossingrate:
        dmean: 0.00808071065694
        dmean2: 0.00997012853622
        dvar: 0.000137714945595
        dvar2: 0.000155666246428
        max: 0.23681640625
        mean: 0.0467892363667
        min: 0.0078125
        var: 0.00123034568969
    barkbands:
        dmean: [3.36055938632e-09, 4.29863177942e-07, 9.83569771051e-06, 2.69898337137e-05, 7.25251666154e-05, 0.000127307037474, 0.000461694144178, 0.000190428661881, 7.21564720152e-05, 2.37387994275e-05, 3.75426352548e-05, 9.85780479823e-06, 2.9493461625e-05, 2.00309077627e-05, 1.05159078885e-05, 7.02389297658e-06, 3.07158588839e-05, 1.41459440783e-05, 3.16561599902e-05, 1.76999983523e-05, 3.33217285515e-05, 4.20398964707e-06, 2.07832772503e-06, 1.87106337535e-07, 1.46312487459e-07, 4.02699029678e-09, 1.34299427135e-09]
        dmean2: [5.56770096694e-09, 5.82005668548e-07, 1.27121411424e-05, 3.47667373717e-05, 0.000107497020508, 0.000173241496668, 0.000668794848025, 0.0002426677529, 7.25912395865e-05, 3.18460733979e-05, 4.58608883491e-05, 1.32685117933e-05, 3.49385263689e-05, 2.9332441045e-05, 1.63259810506e-05, 8.92919797479e-06, 4.0832299419e-05, 1.85821827472e-05, 4.22745106334e-05, 2.9364371585e-05, 5.09508354298e-05, 5.21499214301e-06, 2.9480786452e-06, 2.66767813173e-07, 2.18613919856e-07, 5.57228796438e-09, 2.11052908483e-09]
        dvar: [6.20303456038e-16, 1.4421118813e-11, 7.64390051256e-10, 1.79161663283e-09, 2.28757048859e-08, 9.82791590332e-08, 6.36089907857e-07, 1.65932689811e-07, 4.98201373489e-08, 2.56735899207e-09, 6.72151845293e-09, 9.81070336081e-10, 5.42383160607e-09, 3.10027004069e-09, 9.46441591765e-10, 2.19893797615e-10, 3.52853701813e-09, 1.11894515875e-09, 4.06002254039e-09, 7.84344866833e-10, 1.40083562528e-08, 1.52304238665e-10, 1.23039139641e-11, 1.41620317361e-13, 2.00123798826e-13, 3.44877643636e-16, 3.05538098374e-16]
        dvar2: [1.60301673482e-15, 2.38161278893e-11, 1.19517917785e-09, 2.87983770164e-09, 4.27183977081e-08, 2.01390591315e-07, 1.76989476586e-06, 3.02786048678e-07, 4.50398047747e-08, 5.14165154897e-09, 8.07247246826e-09, 1.72685388211e-09, 7.68630314951e-09, 6.95752566671e-09, 2.17991114049e-09, 2.49528703256e-10, 7.30729166065e-09, 1.9064745338e-09, 7.28358973134e-09, 2.18021711795e-09, 2.71398832297e-08, 2.47767834027e-10, 2.37449625934e-11, 2.83270097916e-13, 3.64777354373e-13, 8.23800686396e-16, 7.84861681838e-16]
        max: [3.97648989292e-07, 7.18263254385e-05, 0.000414760725107, 0.000791503291111, 0.00315327313729, 0.00371020380408, 0.00802154280245, 0.00781362969428, 0.00509099382907, 0.000898369704373, 0.00204466888681, 0.00061755347997, 0.00106167409103, 0.000770543236285, 0.000446090998594, 0.000296725163935, 0.000757698959205, 0.000503581890371, 0.000816943647806, 0.00020305882208, 0.00240584393032, 0.000209847159567, 3.74156443286e-05, 4.86080034534e-06, 5.86941951042e-06, 2.57150276184e-07, 2.73718910648e-07]
        mean: [2.65406363553e-09, 7.40265647892e-07, 3.97176045226e-05, 0.000135973037686, 0.000281527754851, 0.000358745164704, 0.00131523609161, 0.000504920491949, 0.000245488627115, 4.9951060646e-05, 8.52640878293e-05, 1.88823469216e-05, 6.79799559293e-05, 3.57473400072e-05, 2.20460860874e-05, 1.87946843653e-05, 7.80727859819e-05, 3.86463434552e-05, 8.48523341119e-05, 2.57367246377e-05, 3.6423025449e-05, 8.98111829883e-06, 5.73608394916e-06, 4.28891098636e-07, 3.08086328005e-07, 7.1545809277e-09, 8.57407866928e-10]
        min: [1.05516081983e-11, 8.21996859468e-10, 7.56295914783e-09, 4.27029682726e-08, 2.47425475663e-07, 3.63993962083e-07, 7.38834728509e-07, 1.26640998133e-07, 1.13912497213e-08, 7.10176593088e-08, 1.66783010513e-07, 5.57798784939e-09, 7.36157712566e-09, 8.35442648395e-09, 8.30592128409e-09, 2.65251820508e-08, 3.35306005184e-08, 1.79555605939e-08, 3.17398693994e-08, 1.29564440954e-07, 1.2376649039e-08, 6.60848087364e-09, 6.1692602138e-09, 9.81883352402e-10, 4.29743685082e-10, 1.3023194502e-11, 2.21802150214e-13]
        var: [3.81274172924e-16, 3.83581638674e-11, 5.58610802059e-09, 2.30786518784e-08, 2.24116860181e-07, 2.51631803394e-07, 2.60957517639e-06, 8.36811409499e-07, 4.71267185276e-07, 8.74274874718e-09, 3.88302368037e-08, 3.93534627108e-09, 2.66718913622e-08, 7.77236230931e-09, 1.81473058802e-09, 1.25909438431e-09, 1.7373654515e-08, 6.07300387756e-09, 2.14019042488e-08, 1.60962432272e-09, 2.47301663592e-08, 5.96949489839e-10, 7.71458522064e-11, 5.06293466353e-13, 7.4096517767e-13, 4.43147494501e-16, 1.78004291503e-16]
    mfcc:
        mean: [-829.711547852, 127.738540649, -31.8440475464, 31.2774963379, -45.2314605713, -27.890378952, -34.8889122009, -24.1703853607, -28.210018158, -16.9818172455, -17.4389457703, -6.35290193558, -2.26429772377]
        cov: [[5689.53466797, 126.437042236, -1513.80322266, -394.154571533, 217.248306274, -249.288345337, -610.47454834, 920.973083496, -1048.50268555, 251.949401855, 873.882995605, -530.295532227, -304.858276367], [126.437042236, 1470.8125, -416.990203857, -91.0244064331, 153.439208984, -196.58555603, 65.6027755737, 79.8194046021, -204.59803772, 112.401489258, -197.73135376, -125.047134399, -67.839881897], [-1513.80322266, -416.990203857, 840.696838379, 171.136657715, -164.79876709, 216.424621582, 151.223861694, -265.805236816, 393.423828125, -147.292297363, -207.012161255, 168.764358521, 164.154220581], [-394.154571533, -91.0244064331, 171.136657715, 418.104858398, 139.250976562, 103.091896057, -18.4518051147, -6.00929450989, 154.404464722, -21.8759613037, -142.41784668, 44.785774231, 128.110046387], [217.248306274, 153.439208984, -164.79876709, 139.250976562, 340.355072021, 17.4077720642, -87.1045684814, 104.610229492, -81.1243972778, 75.0547714233, -10.5775680542, -72.3019943237, 48.8685493469], [-249.288345337, -196.58555603, 216.424621582, 103.091896057, 17.4077720642, 208.424697876, 16.1734275818, -53.2354393005, 109.966835022, -54.9255828857, -5.34047031403, 51.616519928, 29.2856826782], [-610.47454834, 65.6027755737, 151.223861694, -18.4518051147, -87.1045684814, 16.1734275818, 367.448791504, -91.079864502, 101.72480011, 10.7320928574, -28.3685455322, 139.729125977, 26.0879173279], [920.973083496, 79.8194046021, -265.805236816, -6.00929450989, 104.610229492, -53.2354393005, -91.079864502, 320.81427002, -218.272705078, 48.9361686707, 173.913772583, -105.73992157, -6.35953044891], [-1048.50268555, -204.59803772, 393.423828125, 154.404464722, -81.1243972778, 109.966835022, 101.72480011, -218.272705078, 399.219360352, -50.2924423218, -190.20300293, 101.656219482, 77.8593444824], [251.949401855, 112.401489258, -147.292297363, -21.8759613037, 75.0547714233, -54.9255828857, 10.7320928574, 48.9361686707, -50.2924423218, 147.579788208, 40.5329666138, -62.9396400452, -16.6160564423], [873.882995605, -197.73135376, -207.012161255, -142.41784668, -10.5775680542, -5.34047031403, -28.3685455322, 173.913772583, -190.20300293, 40.5329666138, 368.739227295, 1.92976331711, -62.7048912048], [-530.295532227, -125.047134399, 168.764358521, 44.785774231, -72.3019943237, 51.616519928, 139.729125977, -105.73992157, 101.656219482, -62.9396400452, 1.92976331711, 219.913131714, 79.7895202637], [-304.858276367, -67.839881897, 164.154220581, 128.110046387, 48.8685493469, 29.2856826782, 26.0879173279, -6.35953044891, 77.8593444824, -16.6160564423, -62.7048912048, 79.7895202637, 221.152816772]]
        icov: [[0.000834388250951, 9.81933408184e-05, 0.000989358639345, -0.000172636646312, 0.000744365213905, -0.00069891201565, 0.000416641996708, -0.000591375457589, 0.000653015333228, -0.000172352112713, -0.000838276464492, 0.00101945362985, -0.0004404662468], [9.81933408184e-05, 0.00126397586428, 0.000609603244811, 0.000391608860809, -0.000238384265685, 3.36769335263e-05, -0.000517687061802, -0.000508302939124, 0.000606265093666, -0.000328364199959, 0.00150461739395, -3.14124772558e-05, 0.00013825208589], [0.000989358639345, 0.000609603244811, 0.0052525899373, -0.000172787025804, 0.00215955101885, -0.00323586771265, -0.00046555820154, 0.000131917724502, -0.000619861762971, 0.00121009594295, -0.000153542932821, 0.0022036456503, -0.00276732305065], [-0.000172636646312, 0.000391608860809, -0.000172787025804, 0.00525966845453, -0.00201079412363, -0.00127089454327, 0.000517077685799, -0.00235238112509, -0.00171612564009, -0.000399391225073, 0.00272296275944, -0.00214229128323, -0.000433302047895], [0.000744365213905, -0.000238384265685, 0.00215955101885, -0.00201079412363, 0.00662131747231, -0.00302610406652, 0.000943825347349, -0.000563446199521, 0.00168264657259, -0.0024880040437, -0.00020134091028, 0.00171270861756, -0.00212944485247], [-0.00069891201565, 3.36769335263e-05, -0.00323586771265, -0.00127089454327, -0.00302610406652, 0.00987173151225, -0.000440373900346, 0.00122685858514, -0.00149728509132, 0.00253815134056, -0.00188661331777, -0.000679240329191, 0.0020616101101], [0.000416641996708, -0.000517687061802, -0.00046555820154, 0.000517077685799, 0.000943825347349, -0.000440373900346, 0.00502304174006, -0.0011864945991, -0.000159441595315, -0.00272651156411, 2.83810663859e-06, -0.00336518930271, 0.000750880863052], [-0.000591375457589, -0.000508302939124, 0.000131917724502, -0.00235238112509, -0.000563446199521, 0.00122685858514, -0.0011864945991, 0.00942227616906, 0.00172509963159, 0.00208959635347, -0.00401507876813, 0.00419324217364, -0.00243504205719], [0.000653015333228, 0.000606265093666, -0.000619861762971, -0.00171612564009, 0.00168264657259, -0.00149728509132, -0.000159441595315, 0.00172509963159, 0.00775929773226, -0.00188289734069, 0.00111880456097, 0.000561884080525, -0.000323465501424], [-0.000172352112713, -0.000328364199959, 0.00121009594295, -0.000399391225073, -0.0024880040437, 0.00253815134056, -0.00272651156411, 0.00208959635347, -0.00188289734069, 0.0122692901641, -0.00305963214487, 0.00479915551841, -0.00142404611688], [-0.000838276464492, 0.00150461739395, -0.000153542932821, 0.00272296275944, -0.00020134091028, -0.00188661331777, 2.83810663859e-06, -0.00401507876813, 0.00111880456097, -0.00305963214487, 0.00962532963604, -0.00538662308827, 0.00206991820596], [0.00101945362985, -3.14124772558e-05, 0.0022036456503, -0.00214229128323, 0.00171270861756, -0.000679240329191, -0.00336518930271, 0.00419324217364, 0.000561884080525, 0.00479915551841, -0.00538662308827, 0.0135999238119, -0.0050412309356], [-0.0004404662468, 0.00013825208589, -0.00276732305065, -0.000433302047895, -0.00212944485247, 0.0020616101101, 0.000750880863052, -0.00243504205719, -0.000323465501424, -0.00142404611688, 0.00206991820596, -0.0050412309356, 0.00871363095939]]
    spectral_contrast:
        mean: [-2.83396872192e-07, 1.88061733297e-07, 2.40542959773e-07, -1.74137699815e-08, 4.94809285101e-07, 5.6100952861e-07, 1.83448298685e-06, -1.03053571365e-06, -4.04941692977e-06, 2.47352295446e-06, 4.54098062619e-06, 1.24150756164e-06]
        var: [0.000914134376217, 0.00160385982599, 0.00217106495984, 0.0027188193053, 0.00477518280968, 0.0136280329898, 0.0711125582457, 0.128484785557, 0.207045972347, 0.330464869738, 0.561461985111, 2.10766649246]

rhythm:
    beats_loudness:
        dmean: 0.0028503537178
        dmean2: 0.00517747132108
        dvar: 6.75408773532e-06
        dvar2: 2.00733156817e-05
        max: 0.0101127810776
        mean: 0.00376704521477
        min: 0.00034805064206
        var: 7.32035277906e-06
    beats_loudness_bass:
        dmean: 0.0497530810535
        dmean2: 0.0870481580496
        dvar: 0.00283916597255
        dvar2: 0.00613420642912
        max: 0.21170848608
        mean: 0.0446902401745
        min: 0.000226510615903
        var: 0.00320270494558
    bpm: 130.730392456
    bpm_confidence: 0
    first_peak_bpm: 131
    first_peak_spread: 0
    first_peak_weight: 0.54545456171
    onset_rate: 4.14124345779
    second_peak_bpm: 167
    second_peak_spread: 0
    second_peak_weight: 0.409090906382
    beats_position: [0.0357437953353, 0.494743734598, 0.953743696213, 1.41274368763, 1.87174355984, 2.33074355125, 2.78974342346, 3.24874353409, 3.70774364471, 4.16674375534, 4.62574386597, 5.08474397659, 5.54374408722, 6.25234270096, 6.61165428162, 6.97096729279, 7.33027982712, 7.68959188461, 8.04890441895, 8.40821743011, 8.76752948761, 9.12684249878, 9.48615455627]
    bpm_estimates: [130.832046509, 129.186050415, 132.173080444]
    bpm_intervals: [0.458999931812, 0.458999961615, 0.458999991417, 0.458999872208, 0.458999991417, 0.458999872208, 0.459000110626, 0.459000110626, 0.459000110626, 0.459000110626, 0.459000110626, 0.459000110626, 0.708598613739, 0.359311580658, 0.359313011169, 0.359312534332, 0.359312057495, 0.359312534332, 0.359313011169, 0.359312057495, 0.359313011169, 0.359312057495]
    onset_times: [0.0464399084449, 0.417959183455, 0.847528338432, 1.01006805897, 1.10294783115, 1.82276642323, 2.02013611794, 2.15945577621, 2.43809533119, 2.55419492722, 2.79800462723, 2.91410422325, 3.05342411995, 3.19274377823, 3.33206343651, 3.44816327095, 3.65714287758, 3.83129262924, 3.94739222527, 4.051882267, 4.21442174911, 4.74848079681, 5.21287965775, 5.8282084465, 6.06040811539, 6.3622674942, 6.44353723526, 6.8382768631, 7.18657588959, 7.33750581741, 7.51165533066, 7.92961454391, 8.12698459625, 8.31274414062, 8.6146030426, 8.6958732605, 8.82358264923, 8.99773216248, 9.19510173798, 9.287981987, 9.90331077576]
    rubato_start: [6.61165428162]
    rubato_stop: [9.48615455627]
    perceptual_tempo: "unknown"

sfx:
    inharmonicity:
        dmean: 0.0222738329321
        dmean2: 0.0405234880745
        dvar: 0.0016516080359
        dvar2: 0.00429465062916
        max: 0.308318048716
        mean: 0.0233207400888
        min: 7.66460107116e-06
        var: 0.00180542399175
    oddtoevenharmonicenergyratio:
        dmean: 5.13547897339
        dmean2: 8.78474903107
        dvar: 494.769012451
        dvar2: 1371.44824219
        max: 248.461166382
        mean: 4.45597362518
        min: 1.05316230474e-05
        var: 323.567108154
    pitch_after_max_to_before_max_energy_ratio: 5.68159341812
    pitch_centroid: 221.526168823
    pitch_max_to_total: 0.222482442856
    pitch_min_to_total: 0.620608925819
    tristimulus:
        dmean: [0.141274333, 0.145051300526, 0.0521114245057]
        dmean2: [0.255628407001, 0.256930083036, 0.0926327034831]
        dvar: [0.0425885021687, 0.0393966138363, 0.00914411991835]
        dvar2: [0.0986553505063, 0.0915541872382, 0.0253409650177]
        max: [0.98793309927, 0.985081255436, 0.803801000118]
        mean: [0.389404475689, 0.526213645935, 0.0794391855597]
        min: [0.000355518277502, 0, 0]
        var: [0.0748480111361, 0.0665982887149, 0.0124571053311]

tonal:
    chords_changes_rate: 0.0558139532804
    chords_number_rate: 0.0325581394136
    chords_strength:
        dmean: 0.008684608154
        dmean2: 0.00623974902555
        dvar: 5.52104393137e-05
        dvar2: 3.29642971337e-05
        max: 0.691067159176
        mean: 0.484728902578
        min: 0.245238408446
        var: 0.0094653647393
    key_strength: 0.586544394493
    tuning_diatonic_strength: 0.53747856617
    tuning_equal_tempered_deviation: 0.118794500828
    tuning_frequency: 438.984558105
    tuning_nontempered_energy_ratio: 0.761293232441
    hpcp:
        dmean: [0.0950916111469, 0.0887779816985, 0.0180253610015, 0.0163054186851, 0.0719631463289, 0.119969129562, 0.0961863473058, 0.102190509439, 0.0841122716665, 0.084739677608, 0.0398588478565, 0.032889328897, 0.0547486022115, 0.0677307099104, 0.0930106639862, 0.0958340987563, 0.0764383301139, 0.0502450205386, 0.060379806906, 0.0860226154327, 0.0946227908134, 0.0813564136624, 0.0471288859844, 0.0245639383793, 0.0296708717942, 0.0280170682818, 0.0257330145687, 0.027288062498, 0.0445054396987, 0.0589565262198, 0.0371512286365, 0.0463965572417, 0.0329404845834, 0.0352994352579, 0.0482373163104, 0.103293649852]
        dmean2: [0.161260411143, 0.149568066001, 0.0293501447886, 0.0286226291209, 0.122570708394, 0.195026472211, 0.151385739446, 0.15155275166, 0.136529713869, 0.133058428764, 0.064727589488, 0.0569991134107, 0.10070605576, 0.118950217962, 0.151820495725, 0.157063141465, 0.13613307476, 0.0878795683384, 0.100840158761, 0.142930775881, 0.146415024996, 0.125548362732, 0.0780401080847, 0.0402598083019, 0.0499435067177, 0.0487841628492, 0.0430704206228, 0.045004222542, 0.077366374433, 0.101346120238, 0.0629131197929, 0.081955358386, 0.0602226220071, 0.0626047104597, 0.0788780450821, 0.167528733611]
        dvar: [0.0306521449238, 0.0206604041159, 0.00139858492184, 0.00191326928325, 0.0191352367401, 0.0419077239931, 0.0297490283847, 0.0255116280168, 0.0321874991059, 0.0309818740934, 0.00856289174408, 0.0147648267448, 0.0319682359695, 0.022621858865, 0.0332895554602, 0.0274414122105, 0.02430245094, 0.0161285959184, 0.0197389945388, 0.0313895493746, 0.0366842150688, 0.0267854332924, 0.00988164916635, 0.00407005427405, 0.00872534699738, 0.00520200049505, 0.00756808929145, 0.00885039009154, 0.0210968926549, 0.0243396423757, 0.0139558333904, 0.0190370343626, 0.0126440459862, 0.0123395770788, 0.012523139827, 0.0214024409652]
        dvar2: [0.0725623220205, 0.0597987994552, 0.00360221066512, 0.00534146977589, 0.0524851121008, 0.0964772999287, 0.0534961037338, 0.0579415000975, 0.0718910396099, 0.0745863765478, 0.0182774271816, 0.0412980429828, 0.0977053791285, 0.0576981753111, 0.0779678821564, 0.0609503500164, 0.0566832087934, 0.0413202084601, 0.0486865788698, 0.0741501972079, 0.0740847364068, 0.047419950366, 0.02179733105, 0.010158451274, 0.0225909594446, 0.0136675257236, 0.0169518794864, 0.0225152298808, 0.0611871220171, 0.0672668516636, 0.0294315852225, 0.0553858950734, 0.0366262085736, 0.0322011522949, 0.0316396504641, 0.0500649251044]
        max: [1, 1, 0.231452926993, 0.335657298565, 0.868125081062, 1, 1, 0.948076426983, 1, 1, 1, 1, 1, 1, 1, 1, 1, 1, 0.848578989506, 1, 1, 1, 1, 0.585538685322, 1, 0.536568284035, 1, 1, 1, 1, 1, 1, 0.761042416096, 1, 1, 1]
        mean: [0.384650886059, 0.183932423592, 0.0205529611558, 0.0172417238355, 0.0717653185129, 0.247492223978, 0.275474101305, 0.15690138936, 0.229219645262, 0.204525709152, 0.0511287525296, 0.0259441174567, 0.0414523109794, 0.0808983892202, 0.153802603483, 0.156077891588, 0.0836380794644, 0.0446498841047, 0.0497599206865, 0.097090087831, 0.163227021694, 0.130227729678, 0.0465282797813, 0.0287597700953, 0.0363903827965, 0.0368983969092, 0.0356047190726, 0.0310380980372, 0.0363841690123, 0.0842470452189, 0.100678138435, 0.055980656296, 0.027864260599, 0.0276818722486, 0.05293976143, 0.251474052668]
        min: [0.00122364552226, 0.000704908568878, 2.46015915764e-05, 1.31668139147e-05, 0, 0.000143157449202, 0.000138800343848, 0.000108096435724, 0.000108645421278, 5.50305412617e-05, 5.23819617229e-05, 5.45644143131e-05, 0.000170534942299, 0.000141447817441, 0.000557800172828, 0.000377671443857, 9.50170215219e-05, 7.39280585549e-05, 3.97402618546e-05, 2.39517721639e-05, 1.58101265697e-05, 1.80955794349e-05, 2.83835906885e-05, 5.17539738212e-05, 5.51570847165e-05, 1.68000788108e-05, 4.44172910647e-05, 1.43018878589e-05, 0.000164000870427, 0.000160072566359, 0.000432360073319, 9.63537822827e-05, 5.04278978042e-05, 6.31362927379e-05, 0.000106364153908, 0.00117900851183]
        var: [0.17226728797, 0.0457354784012, 0.00168232002761, 0.0018061370356, 0.0182698518038, 0.116533823311, 0.14644010365, 0.0417680591345, 0.142176643014, 0.116298153996, 0.011625980027, 0.00997476931661, 0.0207262299955, 0.0365691557527, 0.0713144093752, 0.0586882643402, 0.0276081487536, 0.015117937699, 0.017036344856, 0.0418478287756, 0.0887487083673, 0.0582591965795, 0.0104034105316, 0.00575703568757, 0.00956712756306, 0.00697271432728, 0.0138674937189, 0.0135830808431, 0.0157982818782, 0.0359381772578, 0.0549069754779, 0.0235831644386, 0.00809648819268, 0.00962759461254, 0.0144767640159, 0.0800387784839]
    chords_histogram: [7.90697669983, 0, 0, 6.5116276741, 18.6046504974, 28.3720932007, 0, 0, 0, 0, 20.4651165009, 0, 13.4883718491, 0, 0, 0, 0, 0, 0, 0, 0, 0, 4.65116262436, 0]
    thpcp: [1, 0.478180170059, 0.0534327663481, 0.0448243431747, 0.186572611332, 0.643420398235, 0.716166555882, 0.407905966043, 0.595916092396, 0.531717777252, 0.132922485471, 0.0674484819174, 0.107766062021, 0.2103164047, 0.39984986186, 0.40576505661, 0.217438936234, 0.116078987718, 0.129363849759, 0.252410918474, 0.424351096153, 0.338560849428, 0.120962359011, 0.0747684985399, 0.0946062654257, 0.095926977694, 0.0925637260079, 0.0806916058064, 0.0945901051164, 0.219022095203, 0.261738985777, 0.145536273718, 0.0724403932691, 0.0719662234187, 0.137630671263, 0.653772175312]
    chords_key: "D"
    chords_scale: "major"
    key_key: "A"
    key_scale: "minor"
    chords_progression: ["D#m", "D#m", "D#m", "D#m", "D#m", "D#m", "D#m", "D#m", "D#m", "D#m", "D#m", "D#m", "D#m", "D#m", "D#m", "D#m", "D#m", "D#m", "D#m", "D#m", "D#m", "D#m", "D#m", "D#m", "D#m", "D#m", "D#m", "D#m", "D#m", "D", "D", "D", "D", "D", "D", "D", "D", "D", "D", "D", "D", "D", "Dm", "Dm", "D", "Dm", "Dm", "Dm", "D", "D", "D", "D", "D", "D", "D", "D", "D", "D", "D", "D", "D", "D", "D", "D", "D", "D", "D", "D", "D", "D", "D", "D", "D", "D", "D", "D", "D", "D", "D", "D", "D", "D", "D", "D", "D", "D", "D", "D", "D", "D", "D", "D", "D", "D", "D", "Dm", "Dm", "Dm", "Dm", "Dm", "G", "G", "G", "G", "G", "G", "G", "G", "G", "G", "G", "G", "G", "G", "Bm", "Bm", "Bm", "G#m", "G#m", "Bm", "Bm", "Bm", "Bm", "Bm", "Bm", "Bm", "Bm", "Bm", "Bm", "Bm", "Bm", "Bm", "Bm", "Bm", "Bm", "Bm", "Bm", "Bm", "Bm", "Bm", "Bm", "Bm", "Bm", "Bm", "Bm", "Bm", "Bm", "Bm", "Bm", "Bm", "Bm", "Bm", "Bm", "Bm", "Bm", "Bm", "G#m", "G#m", "G#m", "G#m", "G#m", "G#m", "G#m", "G#m", "G#m", "G#m", "G#m", "G#m", "G#m", "G#m", "G#m", "G#m", "G#m", "G#m", "G#m", "G#m", "G#m", "G#m", "G#m", "G#m", "G#m", "G#m", "G#m", "G#m", "G#m", "G#m", "G#m", "G#m", "G#m", "G#m", "G#m", "G#m", "G#m", "G#m", "G#m", "G#m", "G#m", "G#m", "Am", "Am", "Am", "Am", "Am", "Am", "Am", "Am", "Am", "Am", "Am", "Am", "Am", "Am", "Am", "Am", "Am"]
