
metadata:
    version:
        essentia: "1.2.2"
    audio_properties:
        analysis_sample_rate: 44100
        bitrate: 128
        channels: 2
        equal_loudness: 1
        length: 10.0048980713
        replay_gain: -11.4357376099
        downmix: "mix"
    tags:
        track: 13
        year: 0
        album: "Splitted by Mp3Splt v. 2.1"
        artist: "From 002.00 To 002.10"
        comment: "http://mp3splt.sf.net"
        genre: ""
        title: "10 Keep the Home Fires Burning"

highlevel:
    ballroom:
        all:
            ChaChaCha: 0.165518626571
            Jive: 0.375277161598
            Quickstep: 0.0127989938483
            Rumba-American: 0.00167326570954
            Rumba-International: 0.0159912202507
            Rumba-Misc: 0.00781216239557
            Samba: 0.409861892462
            Tango: 0.00347404833883
            VienneseWaltz: 0.00566529436037
            Waltz: 0.00192736205645
        probability: 0.409861892462
        value: "Samba"
    culture:
        all:
            non_western: 0.0117050223053
            western: 0.988294959068
        probability: 0.988294959068
        value: "western"
    gender:
        all:
            female: 0.756247520447
            male: 0.243752494454
        probability: 0.756247520447
        value: "female"
    genre_dortmund:
        all:
            alternative: 0.276912361383
            blues: 0.00132268422749
            electronic: 0.0310029983521
            folkcountry: 0.0427171289921
            funksoulrnb: 0.000517237582244
            jazz: 0.0133367124945
            pop: 0.0665757060051
            raphiphop: 0.000495980959386
            rock: 0.567119181156
        probability: 0.567119181156
        value: "rock"
    genre_electronica:
        all:
            ambient: 0.122790902853
            dnb: 0.0554606616497
            house: 0.00768867507577
            techno: 0.0113355470821
            trance: 0.802724182606
        probability: 0.802724182606
        value: "trance"
    genre_rosamerica:
        all:
            cla: 0.00600269855931
            dan: 0.0459246709943
            hip: 0.00131568463985
            jaz: 0.00400892691687
            pop: 0.0321992784739
            rhy: 0.0114221908152
            roc: 0.89865654707
            spe: 0.000469970866106
        probability: 0.89865654707
        value: "roc"
    genre_tzanetakis:
        all:
            blu: 0.0505996569991
            cla: 0.0774866044521
            cou: 0.168182715774
            dis: 0.0358727127314
            hip: 0.0144197819754
            jaz: 0.143044903874
            met: 0.114447563887
            pop: 0.0402584783733
            reg: 0.0208411309868
            roc: 0.33484646678
        probability: 0.33484646678
        value: "roc"
    live_studio:
        all:
            live: 0.321307957172
            studio: 0.678692042828
        probability: 0.678692042828
        value: "studio"
    mood:
        all:
            Cluster1: 0.59166508913
            Cluster2: 0.0278553459793
            Cluster3: 0.0240055788308
            Cluster4: 0.0170533284545
            Cluster5: 0.339420616627
        probability: 0.59166508913
        value: "Cluster1"
    mood_acoustic:
        all:
            acoustic: 0.00897135213017
            not_acoustic: 0.991028666496
        probability: 0.991028666496
        value: "not_acoustic"
    mood_aggressive:
        all:
            aggressive: 0.697936892509
            not_aggressive: 0.302063137293
        probability: 0.697936892509
        value: "aggressive"
    mood_electronic:
        all:
            electronic: 0.683626413345
            not_electronic: 0.316373616457
        probability: 0.683626413345
        value: "electronic"
    mood_happy:
        all:
            happy: 0.697314381599
            not_happy: 0.302685648203
        probability: 0.697314381599
        value: "happy"
    mood_party:
        all:
            not_party: 0.769843161106
            party: 0.230156868696
        probability: 0.769843161106
        value: "not_party"
    mood_relaxed:
        all:
            not_relaxed: 0.252188682556
            relaxed: 0.747811317444
        probability: 0.747811317444
        value: "relaxed"
    mood_sad:
        all:
            not_sad: 0.427652180195
            sad: 0.572347819805
        probability: 0.572347819805
        value: "sad"
    rhythm:
        all:
            fast: 0.374406993389
            medium: 0.09274020046
            slow: 0.532852828503
        probability: 0.532852828503
        value: "slow"
    speech_music:
        all:
            music: 0.999991059303
            speech: 8.93033484317e-06
        probability: 0.999991059303
        value: "music"
    timbre:
        all:
            bright: 0.660328328609
            dark: 0.339671701193
        probability: 0.660328328609
        value: "bright"
    voice_instrumental:
        all:
            instrumental: 0.936117768288
            voice: 0.0638822093606
        probability: 0.936117768288
        value: "instrumental"

lowlevel:
    average_loudness: 0.985346019268
    barkbands_kurtosis:
        dmean: 0.297439277172
        dmean2: 0.519733130932
        dvar: 0.142354726791
        dvar2: 0.344866007566
        max: 2.89832019806
        mean: -1.28877580166
        min: -1.82037079334
        var: 0.230779275298
    barkbands_skewness:
        dmean: 0.330051064491
        dmean2: 0.549545228481
        dvar: 0.0935094803572
        dvar2: 0.247266337276
        max: 1.38187885284
        mean: 0.187732547522
        min: -1.89177620411
        var: 0.251841306686
    barkbands_spread:
        dmean: 4.1821064949
        dmean2: 6.73589229584
        dvar: 16.1767787933
        dvar2: 36.6205368042
        max: 61.33984375
        mean: 42.7352142334
        min: 19.1171169281
        var: 41.4367752075
    dissonance:
        dmean: 0.0127314170823
        dmean2: 0.0219208113849
        dvar: 0.000123768099002
        dvar2: 0.000357873679604
        max: 0.498014450073
        mean: 0.474501699209
        min: 0.413123577833
        var: 0.000194033971638
    hfc:
        dmean: 2.22986364365
        dmean2: 3.16817927361
        dvar: 9.56576156616
        dvar2: 18.3958568573
        max: 40.2882080078
        mean: 8.49144554138
        min: 2.22207593918
        var: 22.6384334564
    pitch:
        dmean: 350.392913818
        dmean2: 658.013671875
        dvar: 812574.9375
        dvar2: 2275757.5
        max: 4410
        mean: 400.616271973
        min: 73.6227035522
        var: 565092.375
    pitch_instantaneous_confidence:
        dmean: 0.0694975927472
        dmean2: 0.111746393144
        dvar: 0.00384984887205
        dvar2: 0.00858020316809
        max: 0.736362874508
        mean: 0.373110890388
        min: 0.145291924477
        var: 0.0135520836338
    pitch_salience:
        dmean: 0.0505770593882
        dmean2: 0.0844696909189
        dvar: 0.00199378607795
        dvar2: 0.00540105812252
        max: 0.762314677238
        mean: 0.583627581596
        min: 0.364710450172
        var: 0.00373016460799
    silence_rate_20dB:
        dmean: 0
        dmean2: 0
        dvar: 0
        dvar2: 0
        max: 1
        mean: 1
        min: 1
        var: 0
    silence_rate_30dB:
        dmean: 0
        dmean2: 0
        dvar: 0
        dvar2: 0
        max: 1
        mean: 1
        min: 1
        var: 0
    silence_rate_60dB:
        dmean: 0.0604651160538
        dmean2: 0.118881121278
        dvar: 0.056809335947
        dvar2: 0.132720917463
        max: 1
        mean: 0.0742459371686
        min: 0
        var: 0.068733304739
    spectral_centroid:
        dmean: 274.635772705
        dmean2: 451.683380127
        dvar: 69614.625
        dvar2: 169627.578125
        max: 3529.03930664
        mean: 1590.87475586
        min: 723.034240723
        var: 184761.8125
    spectral_complexity:
        dmean: 3.35747671127
        dmean2: 5.48009347916
        dvar: 11.2530460358
        dvar2: 24.1980819702
        max: 35
        mean: 16.4871788025
        min: 3
        var: 24.403717041
    spectral_crest:
        dmean: 1.76928317547
        dmean2: 3.06275939941
        dvar: 3.42873549461
        dvar2: 9.42461681366
        max: 14.5649318695
        mean: 6.10857963562
        min: 2.77689266205
        var: 5.11581039429
    spectral_decrease:
        dmean: 3.4576089214e-10
        dmean2: 5.66965252524e-10
        dvar: 2.47533022825e-19
        dvar2: 6.39368478991e-19
        max: -2.61320354245e-10
        mean: -1.19035326041e-09
        min: -3.94324795039e-09
        var: 2.72523906889e-19
    spectral_energy:
        dmean: 0.00146219646558
        dmean2: 0.00234355474822
        dvar: 4.21049026045e-06
        dvar2: 1.05448616523e-05
        max: 0.0165169592947
        mean: 0.00526286428794
        min: 0.00118783116341
        var: 5.24957931702e-06
    spectral_energyband_high:
        dmean: 0.000265920418315
        dmean2: 0.000385409075534
        dvar: 2.19456666173e-07
        dvar2: 4.48349680937e-07
        max: 0.00666628684849
        mean: 0.00061183370417
        min: 5.3048657719e-05
        var: 4.43519638793e-07
    spectral_energyband_low:
        dmean: 0.000503494695295
        dmean2: 0.000830795441289
        dvar: 4.20398919232e-07
        dvar2: 1.16532009997e-06
        max: 0.00488020386547
        mean: 0.000866302405484
        min: 5.24977112946e-05
        var: 4.74124220773e-07
    spectral_energyband_middle_high:
        dmean: 0.00043711179751
        dmean2: 0.000671540328767
        dvar: 2.13940523963e-07
        dvar2: 4.75002082112e-07
        max: 0.00536164874211
        mean: 0.00202957564034
        min: 0.000634226424154
        var: 6.44280930828e-07
    spectral_energyband_middle_low:
        dmean: 0.000797662127297
        dmean2: 0.00142983614933
        dvar: 2.4121138722e-06
        dvar2: 6.61236799715e-06
        max: 0.0110245812684
        mean: 0.00175505038351
        min: 0.000233288534218
        var: 1.85432872968e-06
    spectral_flatness_db:
        dmean: 0.0115822860971
        dmean2: 0.018183009699
        dvar: 9.55476207309e-05
        dvar2: 0.000245403789449
        max: 0.154329121113
        mean: 0.116280123591
        min: 0.0546906813979
        var: 0.000234812920098
    spectral_flux:
        dmean: 0.00865690037608
        dmean2: 0.0131336329505
        dvar: 0.000125492340885
        dvar2: 0.000215762222069
        max: 0.0926624834538
        mean: 0.0371347405016
        min: 0.0171303935349
        var: 0.000225152121857
    spectral_kurtosis:
        dmean: 0.625021517277
        dmean2: 0.94931101799
        dvar: 0.330306082964
        dvar2: 0.753403961658
        max: 7.88577079773
        mean: 2.63268113136
        min: 0.354581832886
        var: 0.964645504951
    spectral_rms:
        dmean: 0.000290708296234
        dmean2: 0.000456307636341
        dvar: 1.28686778567e-07
        dvar2: 3.103042161e-07
        max: 0.00401423824951
        mean: 0.00222224672325
        min: 0.00107650342397
        var: 1.96119742668e-07
    spectral_rolloff:
        dmean: 398.565429688
        dmean2: 667.075378418
        dvar: 173425.703125
        dvar2: 416379.96875
        max: 6072.36328125
        mean: 3464.83764648
        min: 1894.921875
        var: 418889.71875
    spectral_skewness:
        dmean: 0.115459986031
        dmean2: 0.177929967642
        dvar: 0.0130112431943
        dvar2: 0.0276234783232
        max: 2.57100510597
        mean: 1.29633009434
        min: 0.627347528934
        var: 0.0437345765531
    spectral_spread:
        dmean: 517925.09375
        dmean2: 674240.625
        dvar: 433051566080
        dvar2: 661405564928
        max: 13301483
        mean: 5640387
        min: 3707176.25
        var: 1.05206205645e+12
    spectral_strongpeak:
        dmean: 0.507206737995
        dmean2: 0.91114783287
        dvar: 1.99018037319
        dvar2: 5.01016139984
        max: 12.5827741623
        mean: 0.58322429657
        min: 0
        var: 1.91281592846
    zerocrossingrate:
        dmean: 0.00840573851019
        dmean2: 0.0100069064647
        dvar: 5.67837814742e-05
        dvar2: 8.04597002571e-05
        max: 0.17578125
        mean: 0.100109040737
        min: 0.04150390625
        var: 0.00032569974428
    barkbands:
        dmean: [1.63674678788e-06, 0.000109309978143, 0.000434887973825, 0.00028929830296, 0.000535626197234, 3.67784086848e-05, 9.04577827896e-05, 7.34528293833e-05, 3.7981881178e-05, 5.78395738557e-05, 3.03516735585e-05, 6.40321013634e-05, 3.22552150465e-05, 3.37991950801e-05, 9.61260957411e-05, 0.000119175107102, 0.000130290718516, 0.000116155497381, 0.000178934802534, 0.000113727794087, 0.000163180739037, 7.08121951902e-05, 1.06192028397e-05, 3.08131143356e-06, 2.783941909e-06, 1.64997786101e-07, 2.00366390146e-09]
        dmean2: [2.70586497209e-06, 0.000189308804693, 0.000707528146449, 0.000506193202455, 0.00094974890817, 5.91283096583e-05, 0.000161200907314, 0.000119323078252, 5.92207288719e-05, 8.62442902871e-05, 4.78954825667e-05, 0.000101308382, 5.01649192302e-05, 5.34336140845e-05, 0.000143481578561, 0.000186851568287, 0.000195046202862, 0.000186070217751, 0.000304271554342, 0.000181102164788, 0.000253224920016, 0.000101893347164, 1.56083096954e-05, 4.41107658844e-06, 3.9542005652e-06, 2.29444637512e-07, 2.59030419336e-09]
        dvar: [5.4992195693e-12, 1.90648297149e-08, 3.14695967063e-07, 1.71181284259e-07, 1.20674440041e-06, 2.03889349848e-09, 2.53238763293e-08, 1.31329427333e-08, 3.09355696615e-09, 3.79531117645e-09, 2.0363986053e-09, 6.7217174049e-09, 1.482163281e-09, 1.51501744483e-09, 9.56751122771e-09, 1.79098602615e-08, 3.09344549976e-08, 1.58132973382e-08, 4.36047784547e-08, 2.80330336722e-08, 1.68078287288e-07, 1.63894924299e-08, 2.46708181662e-10, 2.24403585991e-11, 2.45770383211e-11, 7.56159661253e-14, 5.31705133244e-16]
        dvar2: [1.06078089021e-11, 5.41567963808e-08, 8.71089412158e-07, 4.96598318023e-07, 3.42980683854e-06, 4.73317340877e-09, 7.21907937873e-08, 3.70462203136e-08, 7.98774468791e-09, 8.95960994285e-09, 4.98858954145e-09, 1.59360631358e-08, 3.44876771585e-09, 3.94164390016e-09, 1.84554256322e-08, 4.5807418303e-08, 4.87108700042e-08, 3.89812448987e-08, 1.28439424429e-07, 5.77711745109e-08, 3.43728231655e-07, 3.81835434382e-08, 4.99873586968e-10, 4.66167798807e-11, 5.32188494662e-11, 1.5603872903e-13, 5.38579917341e-16]
        max: [3.16773403028e-05, 0.000899042759556, 0.00447053369135, 0.00354152498767, 0.00803977996111, 0.000629374349955, 0.0012430048082, 0.000994525616989, 0.000437372305896, 0.00078984349966, 0.0005416359636, 0.00064037455013, 0.000343874737155, 0.000369580026018, 0.0011313573923, 0.00129505677614, 0.00312036043033, 0.00109726306982, 0.00200005900115, 0.00196148920804, 0.00615838263184, 0.00101052748505, 0.000125144666526, 5.28620512341e-05, 3.69388908439e-05, 2.29826059694e-06, 4.76833633911e-07]
        mean: [1.70007240285e-06, 0.000141289419844, 0.000723419128917, 0.000489341735374, 0.000764584576245, 9.23016705201e-05, 0.000124761339976, 0.000204999305424, 7.55432338337e-05, 0.000165007499163, 5.68420255149e-05, 0.000124225742184, 6.4231462602e-05, 6.2880841142e-05, 0.000227858079597, 0.00024834217038, 0.000299584586173, 0.000239329019678, 0.000412900903029, 0.000276399805443, 0.000343498657458, 9.44911298575e-05, 1.73793505382e-05, 7.41921076042e-06, 4.26083897764e-06, 2.75257832527e-07, 1.92107640906e-09]
        min: [2.14179554092e-08, 5.02381044498e-06, 3.55582487828e-05, 1.01511186585e-05, 2.90283933282e-05, 4.58498698208e-06, 8.11076097307e-06, 1.29810705403e-05, 6.33027730146e-06, 7.37650907467e-06, 2.87316834147e-06, 5.15446390636e-06, 4.35961328549e-06, 5.14778457728e-06, 2.47120096901e-05, 3.94142771256e-05, 3.47413842974e-05, 2.77924882539e-05, 8.29809287097e-05, 2.60675551544e-05, 2.443754056e-05, 6.07596621194e-06, 1.13896101084e-06, 8.32947762319e-07, 1.84598093256e-07, 6.61265042723e-09, 7.64562702428e-14]
        var: [6.04486556297e-12, 1.78851653487e-08, 3.66567434185e-07, 1.95507624312e-07, 9.1420707804e-07, 4.85313567111e-09, 1.99640979304e-08, 3.73123789643e-08, 4.33256186483e-09, 1.98854444022e-08, 3.52284823535e-09, 1.0706894038e-08, 2.8202689073e-09, 2.51210074964e-09, 3.35906555904e-08, 3.87382286249e-08, 1.16105077552e-07, 2.65479318529e-08, 6.65748345341e-08, 6.14104038732e-08, 3.03454072537e-07, 2.05768930783e-08, 3.81312842412e-10, 3.97530029728e-11, 3.37550126739e-11, 1.37948205918e-13, 5.31175843531e-16]
    mfcc:
        mean: [-673.723632812, 96.34349823, -36.6571998596, 54.4621162415, -5.20003843307, 5.60020065308, 1.25156986713, 1.43714952469, 2.6153178215, -0.441169530153, -8.25111579895, -5.80247831345, -5.86452865601]
        cov: [[514.372070312, -246.292160034, 140.24319458, -14.9171419144, -44.0315742493, 17.6868133545, 16.6934299469, 14.9005718231, 26.4993724823, -45.1013069153, 21.4767532349, -39.4009246826, 26.8288574219], [-246.292160034, 257.339508057, -83.5323791504, -7.50242185593, 25.1055660248, -15.7806272507, 3.27135181427, -3.65309238434, -23.0993118286, 30.6600189209, 6.3322558403, 28.7786960602, -3.12542557716], [140.24319458, -83.5323791504, 132.799163818, 4.69714784622, -19.4317531586, 26.5307617188, -0.29403629899, 9.81455421448, 2.47902965546, -27.444442749, 9.34969902039, -21.9697818756, 11.4214601517], [-14.9171419144, -7.50242185593, 4.69714784622, 68.4589538574, 11.2296991348, 0.0742529928684, -2.97543048859, -5.45416593552, 6.16627550125, 3.78461265564, -4.89192533493, 4.16176176071, -3.12874221802], [-44.0315742493, 25.1055660248, -19.4317531586, 11.2296991348, 62.9548377991, 5.27005767822, -1.67665112019, -7.95131826401, 1.74845385551, 12.7093038559, 5.93049240112, 4.83208656311, -2.45765781403], [17.6868133545, -15.7806272507, 26.5307617188, 0.0742529928684, 5.27005767822, 95.5958862305, 6.08379745483, 9.50034141541, -1.59727263451, -22.4254550934, 10.1556339264, -9.71977996826, 8.88015174866], [16.6934299469, 3.27135181427, -0.29403629899, -2.97543048859, -1.67665112019, 6.08379745483, 52.6470031738, 7.1178650856, -0.402140289545, -3.8560795784, -0.306016474962, 4.53582000732, 0.0718279331923], [14.9005718231, -3.65309238434, 9.81455421448, -5.45416593552, -7.95131826401, 9.50034141541, 7.1178650856, 70.796333313, 9.34623908997, -1.7245554924, 4.54663610458, -11.9514722824, 24.1733131409], [26.4993724823, -23.0993118286, 2.47902965546, 6.16627550125, 1.74845385551, -1.59727263451, -0.402140289545, 9.34623908997, 49.5701904297, 3.39766407013, -9.36258220673, -1.92486524582, 2.44453191757], [-45.1013069153, 30.6600189209, -27.444442749, 3.78461265564, 12.7093038559, -22.4254550934, -3.8560795784, -1.7245554924, 3.39766407013, 48.0907058716, 10.748254776, 4.13284826279, -8.78778743744], [21.4767532349, 6.3322558403, 9.34969902039, -4.89192533493, 5.93049240112, 10.1556339264, -0.306016474962, 4.54663610458, -9.36258220673, 10.748254776, 60.0002822876, 14.861787796, 3.63704037666], [-39.4009246826, 28.7786960602, -21.9697818756, 4.16176176071, 4.83208656311, -9.71977996826, 4.53582000732, -11.9514722824, -1.92486524582, 4.13284826279, 14.861787796, 52.7370681763, 2.1057202816], [26.8288574219, -3.12542557716, 11.4214601517, -3.12874221802, -2.45765781403, 8.88015174866, 0.0718279331923, 24.1733131409, 2.44453191757, -8.78778743744, 3.63704037666, 2.1057202816, 49.8677825928]]
        icov: [[0.00500600459054, 0.00362180592492, -0.00213975086808, 0.00109555572271, 0.000971098314039, 0.00131786148995, -0.00215953937732, 0.00126160494983, -0.00176945526619, 0.00154285342433, -0.00314035103656, 0.00219900999218, -0.002207884565], [0.00362180592492, 0.00815485324711, 0.00100630510133, 0.00137270335108, -0.000430870684795, 0.000577125058044, -0.00171065353788, 0.000125986436615, 0.00148891622666, -0.00114003382623, -0.00161521940026, -0.000436957983766, -0.00190203054808], [-0.00213975086808, 0.00100630510133, 0.0126337045804, -0.00216698786244, 0.00171354296617, -0.0014780680649, 0.000789130106568, -0.000109261149191, 0.000548817857634, 0.00381580344401, -0.002762993332, 0.00329214101657, -0.000707754516043], [0.00109555572271, 0.00137270335108, -0.00216698786244, 0.0162053667009, -0.00284499512054, -0.000230939782341, 0.000399401644245, 0.000575170270167, -0.00146749499254, -0.00175357516855, 0.00203505065292, -0.00230139237829, 0.000342876068316], [0.000971098314039, -0.000430870684795, 0.00171354296617, -0.00284499512054, 0.0191265176982, -0.00233370740898, -0.000335007091053, 0.00288492930122, -0.00184618530329, -0.00340320542455, -0.00243495823815, 0.00134636205621, -0.00154868047684], [0.00131786148995, 0.000577125058044, -0.0014780680649, -0.000230939782341, -0.00233370740898, 0.0137306442484, -0.00188977632206, -0.000339952413924, -0.000965045415796, 0.0074921483174, -0.00472559919581, 0.00365872331895, -0.00118362018839], [-0.00215953937732, -0.00171065353788, 0.000789130106568, 0.000399401644245, -0.000335007091053, -0.00188977632206, 0.0209230426699, -0.00362367904745, 0.00121337431483, 0.000481428374769, 0.0025492827408, -0.00415111565962, 0.00296009751037], [0.00126160494983, 0.000125986436615, -0.000109261149191, 0.000575170270167, 0.00288492930122, -0.000339952413924, -0.00362367904745, 0.0200277455151, -0.00450995750725, -0.000739521579817, -0.003779144492, 0.00666498811916, -0.0100252619013], [-0.00176945526619, 0.00148891622666, 0.000548817857634, -0.00146749499254, -0.00184618530329, -0.000965045415796, 0.00121337431483, -0.00450995750725, 0.0242488402873, -0.00493172882125, 0.00645626662299, -0.0035015034955, 0.000712034874596], [0.00154285342433, -0.00114003382623, 0.00381580344401, -0.00175357516855, -0.00340320542455, 0.0074921483174, 0.000481428374769, -0.000739521579817, -0.00493172882125, 0.0324947461486, -0.010071856901, 0.00496002333239, 0.00346360262483], [-0.00314035103656, -0.00161521940026, -0.002762993332, 0.00203505065292, -0.00243495823815, -0.00472559919581, 0.0025492827408, -0.003779144492, 0.00645626662299, -0.010071856901, 0.0252615083009, -0.0106504335999, 0.00141448550858], [0.00219900999218, -0.000436957983766, 0.00329214101657, -0.00230139237829, 0.00134636205621, 0.00365872331895, -0.00415111565962, 0.00666498811916, -0.0035015034955, 0.00496002333239, -0.0106504335999, 0.0275097284466, -0.00525803398341], [-0.002207884565, -0.00190203054808, -0.000707754516043, 0.000342876068316, -0.00154868047684, -0.00118362018839, 0.00296009751037, -0.0100252619013, 0.000712034874596, 0.00346360262483, 0.00141448550858, -0.00525803398341, 0.0269895046949]]
    spectral_contrast:
        mean: [-3.05290370761e-07, -2.39773243038e-07, 1.88522264466e-07, -1.46059164763e-08, -1.63079150184e-08, -4.80380109025e-08, 6.70621716381e-07, 1.29330965137e-06, 2.68561302619e-06, -2.07914627026e-06, -2.42378320081e-07, 2.35917681835e-07]
        var: [0.000500727328472, 0.000648632005323, 0.000968449749053, 0.00123110890854, 0.00181457679719, 0.00229474622756, 0.019938480109, 0.0391187556088, 0.068649739027, 0.104613244534, 0.16253913939, 0.366459012032]

rhythm:
    beats_loudness:
        dmean: 0.00264125107788
        dmean2: 0.00477672368288
        dvar: 2.70615214504e-06
        dvar2: 6.53864253763e-06
        max: 0.0118704717606
        mean: 0.00676665222272
        min: 0.00331791373901
        var: 5.38091899216e-06
    beats_loudness_bass:
        dmean: 0.0765556246042
        dmean2: 0.137928441167
        dvar: 0.00259706820361
        dvar2: 0.00850981660187
        max: 0.302466601133
        mean: 0.171053439379
        min: 0.0842856094241
        var: 0.00308502046391
    bpm: 125.720855713
    bpm_confidence: 0
    first_peak_bpm: 126
    first_peak_spread: 0
    first_peak_weight: 0.947368443012
    onset_rate: 3.69818854332
    second_peak_bpm: 80
    second_peak_spread: 0
    second_peak_weight: 0.0526315793395
    beats_position: [0.220379129052, 0.697058618069, 1.17373812199, 1.6504175663, 2.1270968914, 2.60377645493, 3.08045601845, 3.55713534355, 4.03381490707, 4.51049423218, 4.98717355728, 5.46385288239, 6.21007442474, 6.68789672852, 7.16571903229, 7.64354133606, 8.12136363983, 8.5991859436, 9.07700920105, 9.55483150482]
    bpm_estimates: [125.411354065, 125.896652222, 125.720077515, 126.154510498, 126.051879883, 126.05859375, 125.88848114, 125.840499878, 125.743003845, 125.844413757, 125.971931458, 125.532104492, 125.533813477, 125.800018311, 125.596786499, 125.797302246, 124.993232727, 126.015525818, 124.776786804, 125.833068848, 125.716644287, 125.682113647]
    bpm_intervals: [0.476679503918, 0.476679503918, 0.476679444313, 0.476679325104, 0.476679563522, 0.476679563522, 0.476679325104, 0.476679563522, 0.476679325104, 0.476679325104, 0.476679325104, 0.746221542358, 0.477822303772, 0.477822303772, 0.477822303772, 0.477822303772, 0.477822303772, 0.477823257446, 0.477822303772]
    onset_times: [0.0580498874187, 0.208979591727, 0.452789127827, 0.696598649025, 0.940408170223, 1.17260766029, 1.64861679077, 1.89242625237, 2.13623571396, 2.38004541397, 2.61224484444, 2.84444451332, 3.07664394379, 3.32045340538, 3.56426310539, 4.06349229813, 4.29569149017, 4.53950119019, 4.7833108902, 5.01551008224, 5.25931978226, 5.49151945114, 5.73532867432, 5.9675283432, 6.21133804321, 6.45514726639, 6.68734693527, 6.91954660416, 7.16335582733, 7.40716552734, 7.89478445053, 8.15020370483, 8.37079334259, 8.84680271149, 9.33442211151, 9.57823085785, 9.81043052673]
    rubato_start: []
    rubato_stop: []
    perceptual_tempo: "unknown"

sfx:
    inharmonicity:
        dmean: 0.038863491267
        dmean2: 0.0676524862647
        dvar: 0.00153588480316
        dvar2: 0.0043722614646
        max: 0.302677482367
        mean: 0.0476563721895
        min: 0
        var: 0.00188174878713
    oddtoevenharmonicenergyratio:
        dmean: 1.59067761898
        dmean2: 3.04099106789
        dvar: 119.229705811
        dvar2: 356.934020996
        max: 158.598983765
        mean: 1.03362727165
        min: 0
        var: 60.2112388611
    pitch_after_max_to_before_max_energy_ratio: 15.8921928406
    pitch_centroid: 213.675598145
    pitch_max_to_total: 0.00699300691485
    pitch_min_to_total: 0.00932400953025
    tristimulus:
        dmean: [0.173335328698, 0.175658121705, 0.12190747261]
        dmean2: [0.297209650278, 0.305435776711, 0.213934093714]
        dvar: [0.0216125082225, 0.0223339311779, 0.0109073957428]
        dvar2: [0.0610312670469, 0.0676600709558, 0.0292123779655]
        max: [1, 0.952451586723, 0.665589570999]
        mean: [0.414406269789, 0.397478789091, 0.178226232529]
        min: [0.0243100207299, 0, 0]
        var: [0.0341130271554, 0.0287318211049, 0.0160563457757]

tonal:
    chords_changes_rate: 0.0138888889924
    chords_number_rate: 0.00462962966412
    chords_strength:
        dmean: 0.00419306987897
        dmean2: 0.00473455199972
        dvar: 1.35351074277e-05
        dvar2: 2.00137255888e-05
        max: 0.585385084152
        mean: 0.525650858879
        min: 0.385985851288
        var: 0.00230038445443
    key_strength: 0.750014543533
    tuning_diatonic_strength: 0.575384795666
    tuning_equal_tempered_deviation: 0.04005337134
    tuning_frequency: 441.272583008
    tuning_nontempered_energy_ratio: 0.624769091606
    hpcp:
        dmean: [0.198843076825, 0.211413249373, 0.173521533608, 0.132916972041, 0.128045544028, 0.0743044316769, 0.0638125240803, 0.0716200619936, 0.0803369656205, 0.0695647895336, 0.0399188473821, 0.0456888228655, 0.0700605511665, 0.0810961052775, 0.153701245785, 0.164544090629, 0.135599195957, 0.0897436514497, 0.0738162621856, 0.0535091720521, 0.0534946620464, 0.0832770690322, 0.0603512302041, 0.0338364541531, 0.0385708957911, 0.0376005172729, 0.0778063312173, 0.0984059721231, 0.0713625773787, 0.0793981179595, 0.0934838056564, 0.0926817506552, 0.0716442614794, 0.0647071450949, 0.108702093363, 0.203911677003]
        dmean2: [0.334108442068, 0.356282323599, 0.31421366334, 0.230935126543, 0.217284634709, 0.125341743231, 0.103939674795, 0.121024027467, 0.134533703327, 0.118231981993, 0.0678571686149, 0.0767369940877, 0.115206122398, 0.140194281936, 0.262138068676, 0.275730282068, 0.232118338346, 0.155694901943, 0.12464684993, 0.0892150700092, 0.0853796303272, 0.135848879814, 0.0979119613767, 0.059281937778, 0.06265437603, 0.0618691965938, 0.133888348937, 0.162565037608, 0.12267074734, 0.142062485218, 0.169040501118, 0.168279737234, 0.124143287539, 0.117479965091, 0.19368006289, 0.346123874187]
        dvar: [0.0446398705244, 0.0399555303156, 0.0447751767933, 0.0442731417716, 0.0322232656181, 0.0144844278693, 0.0123458979651, 0.0156148867682, 0.011136948131, 0.0116508658975, 0.00485952664167, 0.00485527468845, 0.0105442162603, 0.0126915685833, 0.0238115116954, 0.0412023328245, 0.0197029095143, 0.0232226401567, 0.0200402718037, 0.0107830390334, 0.00648791715503, 0.0142283979803, 0.00958759151399, 0.00428368151188, 0.00310021894984, 0.00233850069344, 0.00907544326037, 0.0153139634058, 0.0115095861256, 0.0291943736374, 0.0324483066797, 0.0346914455295, 0.0113682970405, 0.0191938336939, 0.0290663167834, 0.0365307107568]
        dvar2: [0.105874344707, 0.112137831748, 0.127286061645, 0.111188881099, 0.0877812281251, 0.0365579389036, 0.0220795627683, 0.0407742261887, 0.0298131052405, 0.031589102, 0.0137689262629, 0.0135889695957, 0.0287666618824, 0.0316305458546, 0.0597052574158, 0.087297655642, 0.0573402158916, 0.0581608898938, 0.0453059524298, 0.0291498247534, 0.012695399113, 0.0353421866894, 0.0233843978494, 0.0125514231622, 0.00817450042814, 0.00662571191788, 0.0241132881492, 0.0438231192529, 0.0293655637652, 0.0775998905301, 0.090940669179, 0.0986787155271, 0.0294519495219, 0.0547669269145, 0.0835160315037, 0.0940397679806]
        max: [1, 1, 1, 1, 1, 1, 1, 1, 0.760559618473, 1, 0.624609589577, 0.628415584564, 0.715189397335, 0.722976207733, 1, 1, 1, 0.810631632805, 1, 1, 1, 1, 0.836202859879, 0.479481369257, 0.442179858685, 0.456193059683, 0.642462670803, 0.871171891689, 0.843305587769, 1, 0.997179389, 1, 0.804198741913, 1, 1, 1]
        mean: [0.665771245956, 0.427093058825, 0.230479985476, 0.244604900479, 0.189544260502, 0.150983929634, 0.144808709621, 0.12339245528, 0.153026282787, 0.128530681133, 0.0608020238578, 0.0791197195649, 0.114215902984, 0.126928701997, 0.39079067111, 0.608470916748, 0.331699341536, 0.105003871024, 0.0916713699698, 0.0600386708975, 0.0983684137464, 0.150228396058, 0.0984215810895, 0.0471900627017, 0.0620432570577, 0.0668022632599, 0.129950493574, 0.155117765069, 0.0967255309224, 0.0818431675434, 0.0986849963665, 0.125206172466, 0.114294730127, 0.0762958228588, 0.10650934279, 0.420957297087]
        min: [0.0352931059897, 0.0574337877333, 0.00938815902919, 0.00755620980635, 0.0111326426268, 0.0121059753001, 0.00767774879932, 0.0114310979843, 0.0189334508032, 0.0185955446213, 0.0109934462234, 0.0117100505158, 0.0116184577346, 0.0165763236582, 0.0382261574268, 0.0519762411714, 0.0261466559023, 0.00805302616209, 0.00525233475491, 0.00426907930523, 0.00615035975352, 0.00770483724773, 0.00721656391397, 0.00596408033744, 0.00687800440937, 0.00609141401947, 0.0133893592283, 0.0121530694887, 0.011584081687, 0.0090738395229, 0.0131912892684, 0.0118575925007, 0.0128738190979, 0.0106591805816, 0.00893654953688, 0.0186365935951]
        var: [0.0956016033888, 0.0521488115191, 0.0676585733891, 0.0933587029576, 0.0430137068033, 0.0404060296714, 0.0536938048899, 0.0214072614908, 0.018432483077, 0.0133482320234, 0.00379727827385, 0.00480546755716, 0.0116690322757, 0.014908128418, 0.0568626560271, 0.121030658484, 0.0411032922566, 0.0208531711251, 0.0212216861546, 0.00916131027043, 0.019908407703, 0.0394159220159, 0.0155042661354, 0.00312486873008, 0.00435072090477, 0.00260412576608, 0.0112323639914, 0.0195455159992, 0.0117808515206, 0.0192027520388, 0.0207682084292, 0.0239079203457, 0.0127776069567, 0.0124513097107, 0.0209720805287, 0.0640344768763]
    chords_histogram: [98.148147583, 0, 0, 0, 0, 0, 0, 0, 0, 0, 0, 0, 0, 0, 0, 0.925925910473, 0, 0, 0, 0, 0, 0, 0, 0.925925910473]
    thpcp: [1, 0.641501188278, 0.346184939146, 0.367400825024, 0.284698784351, 0.226780489087, 0.217505201697, 0.185337617993, 0.229848146439, 0.193055316806, 0.0913257002831, 0.118839196861, 0.171554267406, 0.190649122, 0.586974382401, 0.913933932781, 0.498218178749, 0.157717645168, 0.137691989541, 0.090179130435, 0.147751063108, 0.225645661354, 0.147830933332, 0.0708802938461, 0.0931900516152, 0.100338160992, 0.19518789649, 0.232989579439, 0.145283430815, 0.122929863632, 0.148226588964, 0.188061848283, 0.171672672033, 0.114597655833, 0.159978881478, 0.632285177708]
    chords_key: "D"
    chords_scale: "major"
    key_key: "D"
    key_scale: "major"
    chords_progression: ["D", "D", "D", "D", "D", "D", "D", "D", "D", "D", "D", "D", "D", "D", "D", "D", "D", "D", "D", "D", "D", "D", "D", "D", "D", "D", "D", "D", "D", "D", "D", "D", "D", "D", "D", "D", "D", "D", "D", "D", "D", "D", "D", "D", "D", "D", "D", "D", "D", "D", "D", "D", "D", "D", "D", "D", "D", "D", "D", "D", "D", "D", "D", "D", "D", "D", "D", "D", "D", "D", "D", "D", "D", "D", "D", "D", "D", "D", "D", "D", "D", "D", "D", "D", "D", "D", "D", "D", "D", "D", "D", "D", "D", "D", "D", "D", "D", "D", "D", "D", "D", "D", "D", "D", "D", "D", "D", "D", "D", "D", "D", "D", "D", "D", "D", "D", "D", "D", "D", "D", "D", "D", "D", "D", "D", "D", "D", "D", "D", "D", "D", "D", "D", "D", "D", "D", "D", "D", "D", "D", "D", "D", "D", "D", "D", "D", "D", "D", "D", "D", "D", "D", "D", "D", "D", "D", "D", "D", "D", "D", "D", "D", "D", "D", "D", "D", "D", "D", "D", "D", "D", "D", "D", "D", "D", "D", "D", "D", "D", "D", "D", "D", "D", "D", "D", "D", "D", "D", "D", "D", "D", "D", "D", "D", "D", "D", "D", "D", "D", "D", "D", "Gm", "Gm", "D", "D", "D", "D", "D", "D", "D", "D", "D", "D", "D", "Bm", "Bm"]
