
metadata:
    version:
        essentia: "1.2.2"
    audio_properties:
        analysis_sample_rate: 44100
        bitrate: 128
        channels: 2
        equal_loudness: 1
        length: 10.0048980713
        replay_gain: -2.7476940155
        downmix: "mix"
    tags:
        track: 59
        year: 0
        album: "Splitted by Mp3Splt v. 2.1"
        artist: "From 009.40 To 009.50"
        comment: "http://mp3splt.sf.net"
        genre: ""
        title: "14 Too Long.mp3"

highlevel:
    ballroom:
        all:
            ChaChaCha: 0.141384631395
            Jive: 0.133899018168
            Quickstep: 0.0218169949949
            Rumba-American: 0.00114408053923
            Rumba-International: 0.00123444828205
            Rumba-Misc: 0.000747232872527
            Samba: 0.696923315525
            Tango: 0.00103703723289
            VienneseWaltz: 0.000538934313226
            Waltz: 0.00127428094856
        probability: 0.696923315525
        value: "Samba"
    culture:
        all:
            non_western: 0.938515424728
            western: 0.0614845789969
        probability: 0.938515424728
        value: "non_western"
    gender:
        all:
            female: 0.917504668236
            male: 0.0824953466654
        probability: 0.917504668236
        value: "female"
    genre_dortmund:
        all:
            alternative: 0.0174188502133
            blues: 0.0375589057803
            electronic: 0.136744573712
            folkcountry: 0.0159193389118
            funksoulrnb: 0.0141542796046
            jazz: 0.0367735810578
            pop: 0.0192489307374
            raphiphop: 0.684135198593
            rock: 0.0380463302135
        probability: 0.684135198593
        value: "raphiphop"
    genre_electronica:
        all:
            ambient: 0.156392619014
            dnb: 0.453234493732
            house: 0.179478943348
            techno: 0.131111264229
            trance: 0.079782679677
        probability: 0.453234493732
        value: "dnb"
    genre_rosamerica:
        all:
            cla: 0.0158369354904
            dan: 0.11724703759
            hip: 0.753598332405
            jaz: 0.0144517514855
            pop: 0.04046080634
            rhy: 0.0364065244794
            roc: 0.0198550894856
            spe: 0.00214354833588
        probability: 0.753598332405
        value: "hip"
    genre_tzanetakis:
        all:
            blu: 0.00624466734007
            cla: 0.00334917497821
            cou: 0.00426178006455
            dis: 0.189952731133
            hip: 0.0669567883015
            jaz: 0.00531031237915
            met: 0.013085254468
            pop: 0.581698179245
            reg: 0.116344690323
            roc: 0.0127964196727
        probability: 0.581698179245
        value: "pop"
    live_studio:
        all:
            live: 0.00531822163612
            studio: 0.99468177557
        probability: 0.99468177557
        value: "studio"
    mood:
        all:
            Cluster1: 0.316623449326
            Cluster2: 0.244371116161
            Cluster3: 0.0395846143365
            Cluster4: 0.142334625125
            Cluster5: 0.257086187601
        probability: 0.316623449326
        value: "Cluster1"
    mood_acoustic:
        all:
            acoustic: 0.0078838756308
            not_acoustic: 0.99211615324
        probability: 0.99211615324
        value: "not_acoustic"
    mood_aggressive:
        all:
            aggressive: 0.939147412777
            not_aggressive: 0.0608526021242
        probability: 0.939147412777
        value: "aggressive"
    mood_electronic:
        all:
            electronic: 0.950258612633
            not_electronic: 0.0497413873672
        probability: 0.950258612633
        value: "electronic"
    mood_happy:
        all:
            happy: 0.412057220936
            not_happy: 0.587942779064
        probability: 0.587942779064
        value: "not_happy"
    mood_party:
        all:
            not_party: 0.112540490925
            party: 0.887459516525
        probability: 0.887459516525
        value: "party"
    mood_relaxed:
        all:
            not_relaxed: 0.913052141666
            relaxed: 0.0869478285313
        probability: 0.913052141666
        value: "not_relaxed"
    mood_sad:
        all:
            not_sad: 0.946469664574
            sad: 0.0535303130746
        probability: 0.946469664574
        value: "not_sad"
    rhythm:
        all:
            fast: 0.762814879417
            medium: 0.0926396474242
            slow: 0.144545465708
        probability: 0.762814879417
        value: "fast"
    speech_music:
        all:
            music: 0.996865093708
            speech: 0.00313491956331
        probability: 0.996865093708
        value: "music"
    timbre:
        all:
            bright: 0.925484478474
            dark: 0.0745155438781
        probability: 0.925484478474
        value: "bright"
    voice_instrumental:
        all:
            instrumental: 0.0612810105085
            voice: 0.93871897459
        probability: 0.93871897459
        value: "voice"

lowlevel:
    average_loudness: 0.557775437832
    barkbands_kurtosis:
        dmean: 1.30016195774
        dmean2: 2.10086321831
        dvar: 3.08805131912
        dvar2: 7.49754619598
        max: 11.5390081406
        mean: 0.0246093701571
        min: -1.85796678066
        var: 6.18979644775
    barkbands_skewness:
        dmean: 0.583600759506
        dmean2: 0.868155539036
        dvar: 0.368950784206
        dvar2: 0.797527015209
        max: 2.82367444038
        mean: -0.448424428701
        min: -3.20600628853
        var: 1.01696419716
    barkbands_spread:
        dmean: 7.64981508255
        dmean2: 11.5265302658
        dvar: 45.2556915283
        dvar2: 104.437324524
        max: 65.103805542
        mean: 33.9454460144
        min: 6.93821954727
        var: 164.179656982
    dissonance:
        dmean: 0.0151797486469
        dmean2: 0.0258224997669
        dvar: 0.000299252627883
        dvar2: 0.000758359674364
        max: 0.499449193478
        mean: 0.474365413189
        min: 0.36088886857
        var: 0.000469213671749
    hfc:
        dmean: 2.29249215126
        dmean2: 3.64601707458
        dvar: 26.8078689575
        dvar2: 68.7723922729
        max: 63.4744491577
        mean: 4.07327985764
        min: 0.026710415259
        var: 38.9304046631
    pitch:
        dmean: 676.657775879
        dmean2: 1276.42712402
        dvar: 1375510.75
        dvar2: 3340818.5
        max: 4410
        mean: 921.140319824
        min: 87.8486022949
        var: 1581165.25
    pitch_instantaneous_confidence:
        dmean: 0.110629767179
        dmean2: 0.166955590248
        dvar: 0.00930866785347
        dvar2: 0.0174385011196
        max: 0.913069963455
        mean: 0.491683751345
        min: 0.153925716877
        var: 0.0373557023704
    pitch_salience:
        dmean: 0.0757317245007
        dmean2: 0.11946066469
        dvar: 0.00455903820693
        dvar2: 0.011243856512
        max: 0.848706424236
        mean: 0.600223481655
        min: 0.268157869577
        var: 0.00976684968919
    silence_rate_20dB:
        dmean: 0
        dmean2: 0
        dvar: 0
        dvar2: 0
        max: 1
        mean: 1
        min: 1
        var: 0
    silence_rate_30dB:
        dmean: 0
        dmean2: 0
        dvar: 0
        dvar2: 0
        max: 1
        mean: 1
        min: 1
        var: 0
    silence_rate_60dB:
        dmean: 0.0974477976561
        dmean2: 0.195348843932
        dvar: 0.0879513025284
        dvar2: 0.185095325112
        max: 1
        mean: 0.803240716457
        min: 0
        var: 0.158044800162
    spectral_centroid:
        dmean: 402.242401123
        dmean2: 614.483581543
        dvar: 145871.5
        dvar2: 299649.1875
        max: 3995.59887695
        mean: 2018.94909668
        min: 469.515045166
        var: 436734.40625
    spectral_complexity:
        dmean: 2.19534873962
        dmean2: 3.54778552055
        dvar: 12.5245571136
        dvar2: 26.6719551086
        max: 40
        mean: 5.38979101181
        min: 0
        var: 31.8805370331
    spectral_crest:
        dmean: 2.07620382309
        dmean2: 3.1959195137
        dvar: 4.07016324997
        dvar2: 8.59161949158
        max: 21.1303672791
        mean: 7.49084043503
        min: 3.3802728653
        var: 10.5831365585
    spectral_decrease:
        dmean: 3.0634167425e-10
        dmean2: 5.11489128829e-10
        dvar: 6.4075602277e-19
        dvar2: 1.71106321533e-18
        max: -2.64812304029e-12
        mean: -4.62651250643e-10
        min: -7.9211286419e-09
        var: 6.27492802033e-19
    spectral_energy:
        dmean: 0.00134567299392
        dmean2: 0.00223959702998
        dvar: 1.15602842925e-05
        dvar2: 3.06548135995e-05
        max: 0.0356535091996
        mean: 0.00211561098695
        min: 1.25699643831e-05
        var: 1.20756094475e-05
    spectral_energyband_high:
        dmean: 0.000170108964085
        dmean2: 0.000279367581243
        dvar: 1.53522321966e-07
        dvar2: 4.09145201274e-07
        max: 0.00447235628963
        mean: 0.000222305563511
        min: 3.73098856699e-07
        var: 1.47666341377e-07
    spectral_energyband_low:
        dmean: 0.000206185970455
        dmean2: 0.000334730488248
        dvar: 4.18459734419e-07
        dvar2: 1.00117119928e-06
        max: 0.00668623950332
        mean: 0.00020407406555
        min: 8.27907513212e-07
        var: 3.79123321181e-07
    spectral_energyband_middle_high:
        dmean: 0.000556567043532
        dmean2: 0.000833225029055
        dvar: 1.29444038066e-06
        dvar2: 3.06408037432e-06
        max: 0.0127347959206
        mean: 0.00108718243428
        min: 6.714144547e-06
        var: 3.02664261653e-06
    spectral_energyband_middle_low:
        dmean: 0.000645460153464
        dmean2: 0.00117692409549
        dvar: 4.75385468235e-06
        dvar2: 1.36679500429e-05
        max: 0.0165192205459
        mean: 0.000601995445322
        min: 9.4336883194e-07
        var: 3.0104565667e-06
    spectral_flatness_db:
        dmean: 0.0211005099118
        dmean2: 0.0305529069155
        dvar: 0.000293667661026
        dvar2: 0.000625744578429
        max: 0.267685055733
        mean: 0.141604706645
        min: 0.0747284963727
        var: 0.00139875186142
    spectral_flux:
        dmean: 0.0108586335555
        dmean2: 0.016192600131
        dvar: 0.00024560149177
        dvar2: 0.000383308361052
        max: 0.150044828653
        mean: 0.0291344989091
        min: 0.00213284650818
        var: 0.000607846479397
    spectral_kurtosis:
        dmean: 1.21509838104
        dmean2: 1.86218357086
        dvar: 1.59498751163
        dvar2: 3.61451625824
        max: 13.7585544586
        mean: 3.28259587288
        min: 0.223478555679
        var: 3.66660809517
    spectral_rms:
        dmean: 0.000341317936545
        dmean2: 0.000511203543283
        dvar: 2.84398566919e-07
        dvar2: 6.74906857512e-07
        max: 0.00589778879657
        mean: 0.00118203135207
        min: 0.000110740147647
        var: 6.6681258204e-07
    spectral_rolloff:
        dmean: 522.855895996
        dmean2: 834.474304199
        dvar: 403983.53125
        dvar2: 974530
        max: 5512.5
        mean: 3469.99511719
        min: 215.33203125
        var: 793374.8125
    spectral_skewness:
        dmean: 0.195023447275
        dmean2: 0.295983910561
        dvar: 0.0278381817043
        dvar2: 0.066299431026
        max: 2.27144932747
        mean: 1.32665026188
        min: 0.752856910229
        var: 0.0901051163673
    spectral_spread:
        dmean: 1004166.9375
        dmean2: 1454302
        dvar: 1.19316296499e+12
        dvar2: 2.27994317619e+12
        max: 10038625
        mean: 5544199.5
        min: 2520794.25
        var: 2.77875576013e+12
    spectral_strongpeak:
        dmean: 0.469479769468
        dmean2: 0.797746002674
        dvar: 0.487835198641
        dvar2: 1.06669545174
        max: 9.3151884079
        mean: 0.719927310944
        min: 0.00464153522626
        var: 1.19219398499
    zerocrossingrate:
        dmean: 0.0128258997574
        dmean2: 0.0151811083779
        dvar: 0.000128526618937
        dvar2: 0.000187684621778
        max: 0.18896484375
        mean: 0.109540402889
        min: 0.03662109375
        var: 0.000747158657759
    barkbands:
        dmean: [1.072414193e-06, 5.81405365665e-05, 0.00019439116295, 0.000277736398857, 0.000265741109615, 7.45963625377e-05, 2.46184918069e-05, 1.46599440995e-05, 6.46014159429e-05, 1.48148328663e-05, 5.2186078392e-05, 4.15389222326e-05, 1.32075456349e-05, 2.07449356822e-05, 3.82700600312e-05, 6.69249711791e-05, 7.64544383856e-05, 0.000208005818422, 0.000156093286932, 0.000156690643053, 6.14626551396e-05, 2.37004460359e-05, 5.69535541217e-06, 3.04803847939e-06, 2.72374973065e-06, 2.08139937286e-07, 5.37020650171e-10]
        dmean2: [1.50369714902e-06, 0.000105778279249, 0.000345673499396, 0.00052556762239, 0.000502677401528, 0.00013037044846, 4.64000659122e-05, 2.4275504984e-05, 8.34914826555e-05, 2.33047776419e-05, 7.06970240572e-05, 5.62258137506e-05, 2.23918341362e-05, 3.29508075083e-05, 6.05631685175e-05, 9.93890935206e-05, 0.000118584459415, 0.000347524503013, 0.000231607875321, 0.000262435001787, 9.97168535832e-05, 3.71277237718e-05, 9.06839886738e-06, 4.83368648929e-06, 4.16736656916e-06, 3.23882574094e-07, 8.51922365985e-10]
        dvar: [6.74725206262e-12, 4.09531111245e-08, 4.6179818014e-07, 1.09774134671e-06, 1.09535301362e-06, 4.04975324386e-08, 8.0772037947e-09, 3.75811026743e-09, 7.20026562817e-08, 1.64915769929e-09, 4.50512231964e-08, 2.42738078526e-08, 1.42945366655e-09, 2.3448512021e-09, 8.17103895656e-09, 3.36936771816e-08, 1.76924181972e-08, 3.34283356551e-07, 1.2242931291e-07, 1.79960977675e-07, 1.58832289543e-08, 2.0098831488e-09, 1.56235663296e-10, 5.09335074117e-11, 3.36419156421e-11, 2.02436334297e-13, 1.35387783803e-18]
        dvar2: [1.52983407192e-11, 1.15975730353e-07, 1.25527526507e-06, 3.1626495911e-06, 3.20450931213e-06, 1.15801540801e-07, 2.34379946562e-08, 9.55754675402e-09, 1.17325555493e-07, 4.05133659953e-09, 8.22888992502e-08, 4.43527916616e-08, 3.94473964604e-09, 5.84373927026e-09, 2.20068976375e-08, 5.89841135934e-08, 3.66914640892e-08, 8.96584253951e-07, 2.13042127939e-07, 4.7998349828e-07, 4.30532587359e-08, 4.80073492071e-09, 3.86763315818e-10, 1.27755500623e-10, 8.13036651892e-11, 4.95783210493e-13, 3.45874633675e-18]
        max: [2.94858800771e-05, 0.00184278283268, 0.00652277842164, 0.00782732665539, 0.00875352323055, 0.00177431222983, 0.000979580683634, 0.0009403937147, 0.0064386553131, 0.000542570836842, 0.00306583242491, 0.00271620391868, 0.000506638025399, 0.000719419505913, 0.00122466566972, 0.00387945468538, 0.00188066402916, 0.00639931717888, 0.00654133362696, 0.00442496640608, 0.00142748467624, 0.000438284187112, 0.000140890406328, 7.62226482038e-05, 5.09568235429e-05, 3.35711479238e-06, 8.72475336422e-09]
        mean: [2.22727612709e-06, 5.23997732671e-05, 0.000149503161083, 0.000191899147467, 0.000200500973733, 8.11189165688e-05, 1.98776560865e-05, 1.26453678604e-05, 9.43073246162e-05, 2.18869845412e-05, 7.22652839613e-05, 5.70681295358e-05, 1.61872976605e-05, 3.51439448423e-05, 5.13335035066e-05, 0.000117727686302, 0.000147872589878, 0.000239248241996, 0.000240075241891, 0.000190541686607, 7.89633122622e-05, 3.11339354084e-05, 6.00406019657e-06, 3.0247124414e-06, 2.48093397204e-06, 1.75091358301e-07, 4.95852303661e-10]
        min: [1.92177787572e-10, 6.54095888564e-09, 2.81489977993e-08, 6.02947025641e-08, 8.51852988148e-08, 1.96108643991e-07, 2.59834322947e-08, 2.29934897789e-08, 4.12249612225e-08, 2.33521113557e-08, 2.56035761481e-08, 5.63476660886e-08, 3.20225410633e-08, 9.19270206623e-08, 1.52941467491e-07, 7.56778831601e-07, 2.75153098528e-07, 2.23917353992e-07, 3.91156078194e-07, 1.74732804226e-07, 1.21967843825e-07, 7.7647364094e-08, 6.99176627705e-09, 1.44217482401e-08, 5.65704816324e-09, 3.47090967079e-10, 1.79145855594e-13]
        var: [1.4996802411e-11, 2.72942326518e-08, 3.08769330104e-07, 6.2076338736e-07, 6.04358547207e-07, 3.2745578693e-08, 4.70215510973e-09, 3.09664582865e-09, 1.78849532517e-07, 2.85144441392e-09, 8.24910841857e-08, 5.46860334794e-08, 1.22780530187e-09, 4.48391945795e-09, 9.29859567123e-09, 1.13765686649e-07, 4.86810485256e-08, 3.34822658488e-07, 3.50618563516e-07, 1.84377384471e-07, 1.65079114822e-08, 2.75613132317e-09, 1.47373238613e-10, 4.66339571126e-11, 3.31167766821e-11, 1.90698083951e-13, 1.23939438689e-18]
    mfcc:
        mean: [-784.217651367, 76.8478775024, -45.9948348999, 62.5706481934, 2.98438549042, 2.55391645432, -0.63817179203, -0.788420140743, 0.858637809753, -9.45302391052, -7.59548616409, -7.11707782745, -6.1091337204]
        cov: [[4947.09082031, -392.169372559, 113.697189331, 31.8456306458, -383.409698486, -101.982559204, 149.023788452, -89.5375671387, -142.627563477, -50.7892227173, -45.1010246277, -93.5284500122, -122.272293091], [-392.169372559, 629.288513184, -81.5313339233, 27.2415180206, 13.6773700714, 36.5230445862, 30.9389667511, 73.8783721924, 13.1132211685, 15.9683113098, -15.3153676987, -44.8248558044, -55.3126831055], [113.697189331, -81.5313339233, 453.892120361, -0.523487210274, 95.8611373901, 122.162605286, 57.477355957, -24.5047264099, 28.9595527649, 6.46928787231, 1.63304543495, -53.0692176819, 2.2797088623], [31.8456306458, 27.2415180206, -0.523487210274, 311.779785156, 97.3265838623, -53.1368942261, -107.048072815, -70.1934432983, -20.8676605225, -22.9308052063, -5.34922838211, 36.3312149048, -11.9972076416], [-383.409698486, 13.6773700714, 95.8611373901, 97.3265838623, 374.831634521, 50.4826202393, -113.767234802, -17.7663764954, 16.4909858704, 25.7354507446, 2.32406544685, 8.46002197266, 35.6734733582], [-101.982559204, 36.5230445862, 122.162605286, -53.1368942261, 50.4826202393, 218.959289551, 138.731491089, 44.856048584, 66.7578048706, 20.2893848419, -0.838757455349, -58.6681518555, -21.1094913483], [149.023788452, 30.9389667511, 57.477355957, -107.048072815, -113.767234802, 138.731491089, 284.648406982, 95.7042388916, 46.8675537109, 8.57291030884, -13.4729299545, -64.2521362305, -1.92212164402], [-89.5375671387, 73.8783721924, -24.5047264099, -70.1934432983, -17.7663764954, 44.856048584, 95.7042388916, 122.87172699, 53.6536102295, 15.1282291412, -4.74721384048, -24.9264335632, -9.73819065094], [-142.627563477, 13.1132211685, 28.9595527649, -20.8676605225, 16.4909858704, 66.7578048706, 46.8675537109, 53.6536102295, 118.328186035, 48.5827941895, 22.848613739, -9.6840839386, -22.7626132965], [-50.7892227173, 15.9683113098, 6.46928787231, -22.9308052063, 25.7354507446, 20.2893848419, 8.57291030884, 15.1282291412, 48.5827941895, 92.4757003784, 37.1116638184, -9.13464450836, -21.2061824799], [-45.1010246277, -15.3153676987, 1.63304543495, -5.34922838211, 2.32406544685, -0.838757455349, -13.4729299545, -4.74721384048, 22.848613739, 37.1116638184, 105.918380737, 42.9579696655, 10.5745773315], [-93.5284500122, -44.8248558044, -53.0692176819, 36.3312149048, 8.46002197266, -58.6681518555, -64.2521362305, -24.9264335632, -9.6840839386, -9.13464450836, 42.9579696655, 130.100234985, 76.6932754517], [-122.272293091, -55.3126831055, 2.2797088623, -11.9972076416, 35.6734733582, -21.1094913483, -1.92212164402, -9.73819065094, -22.7626132965, -21.2061824799, 10.5745773315, 76.6932754517, 130.212127686]]
        icov: [[0.0002632382093, 0.000174320404767, -0.000107076819404, -0.000118837044283, 0.000181731942575, 0.000165208984981, -0.0002569759381, 4.20650321757e-05, 0.0003701535461, -0.000104754290078, 2.4079634386e-05, -3.25196106132e-06, 0.000336116325343], [0.000174320404767, 0.00203934521414, 0.000291791628115, -0.000608782109339, 0.000145483063534, -0.000519929802977, 0.000154359571752, -0.00160357705317, 0.00110151385888, -0.000519386143424, 3.74524170184e-05, 0.000283106521238, 0.000665172119625], [-0.000107076819404, 0.000291791628115, 0.00313583668321, -8.09571247373e-06, -0.000770100101363, -0.00117736135144, -0.000418342882767, 0.00154070043936, -0.000844357709866, 0.000581183703616, -0.000610488059465, 0.00158868229482, -0.00084217346739], [-0.000118837044283, -0.000608782109339, -8.09571247373e-06, 0.00495813321322, -0.00195396342315, 0.00149442639668, -0.000851242279168, 0.00308445026167, -0.00144673301838, 0.00195128459018, 0.000513248494826, -0.00230313814245, 0.00246218289249], [0.000181731942575, 0.000145483063534, -0.000770100101363, -0.00195396342315, 0.00574967078865, -0.00356072862633, 0.00463839573786, -0.002687306609, 0.00104439223651, -0.00256475014612, 0.000499117362779, 0.00216310797259, -0.00376875628717], [0.000165208984981, -0.000519929802977, -0.00117736135144, 0.00149442639668, -0.00356072862633, 0.0116385407746, -0.00673850718886, 0.00346179446205, -0.00448463996872, 0.0024115643464, -0.000758751586545, 0.000462238793261, 0.00251245568506], [-0.0002569759381, 0.000154359571752, -0.000418342882767, -0.000851242279168, 0.00463839573786, -0.00673850718886, 0.0115177864209, -0.0065678562969, 0.0011408549035, -0.00161601370201, 5.20485045854e-05, 0.00420856615528, -0.0054779550992], [4.20650321757e-05, -0.00160357705317, 0.00154070043936, 0.00308445026167, -0.002687306609, 0.00346179446205, -0.0065678562969, 0.0177411437035, -0.00761056970805, 0.00268075847998, 0.000630043214187, -0.000239401240833, 0.00133883545641], [0.0003701535461, 0.00110151385888, -0.000844357709866, -0.00144673301838, 0.00104439223651, -0.00448463996872, 0.0011408549035, -0.00761056970805, 0.0173864588141, -0.00712144281715, -0.000294704659609, -0.00306129991077, 0.00283805793151], [-0.000104754290078, -0.000519386143424, 0.000581183703616, 0.00195128459018, -0.00256475014612, 0.0024115643464, -0.00161601370201, 0.00268075847998, -0.00712144281715, 0.0178888496011, -0.00567633844912, 0.00167263124604, 0.00226510921493], [2.4079634386e-05, 3.74524170184e-05, -0.000610488059465, 0.000513248494826, 0.000499117362779, -0.000758751586545, 5.20485045854e-05, 0.000630043214187, -0.000294704659609, -0.00567633844912, 0.0140948481858, -0.00665862858295, 0.00168587861117], [-3.25196106132e-06, 0.000283106521238, 0.00158868229482, -0.00230313814245, 0.00216310797259, 0.000462238793261, 0.00420856615528, -0.000239401240833, -0.00306129991077, 0.00167263124604, -0.00665862858295, 0.0206021293998, -0.0124526554719], [0.000336116325343, 0.000665172119625, -0.00084217346739, 0.00246218289249, -0.00376875628717, 0.00251245568506, -0.0054779550992, 0.00133883545641, 0.00283805793151, 0.00226510921493, 0.00168587861117, -0.0124526554719, 0.0180411972106]]
    spectral_contrast:
        mean: [-8.29266070923e-07, -4.02262188004e-08, 3.01117552226e-07, 2.47412003773e-07, -8.41863752044e-08, -3.28793596793e-08, -4.79741345316e-07, 4.83157191411e-06, 7.530099424e-07, 4.84581619276e-07, 1.44198986618e-06, 1.42055432661e-06]
        var: [0.000549263844732, 0.000803858332802, 0.00199231272563, 0.00378804723732, 0.0051467618905, 0.00706091383472, 0.0696027129889, 0.101883165538, 0.233960866928, 0.388235032558, 0.577537298203, 2.71696853638]

rhythm:
    beats_loudness:
        dmean: 0.00117759010755
        dmean2: 0.00231733266264
        dvar: 1.15419004487e-06
        dvar2: 3.88301532439e-06
        max: 0.00910885818303
        mean: 0.00322023569606
        min: 0.000205612595892
        var: 7.33077195036e-06
    beats_loudness_bass:
        dmean: 0.24498590827
        dmean2: 0.486366122961
        dvar: 0.00724597927183
        dvar2: 0.0175950396806
        max: 0.809642374516
        mean: 0.627050459385
        min: 0.300090432167
        var: 0.0191318560392
    bpm: 127.626220703
    bpm_confidence: 0
    first_peak_bpm: 128
    first_peak_spread: 0
    first_peak_weight: 0.949999988079
    onset_rate: 6.49681758881
    second_peak_bpm: 119
    second_peak_spread: 0
    second_peak_weight: 0.0500000007451
    beats_position: [0.454521358013, 0.924667477608, 1.39481365681, 1.8649597168, 2.335105896, 2.8052520752, 3.27539825439, 3.74554419518, 4.21569013596, 4.68583631516, 5.15598201752, 5.62612819672, 6.13043165207, 6.60053539276, 7.07063961029, 7.54074382782, 8.01084804535, 8.48095226288, 8.95105648041, 9.42116069794, 9.89126491547]
    bpm_estimates: [127.631393433, 127.627861023, 127.578712463, 127.717483521, 127.577598572, 127.658615112, 127.592399597, 127.575218201, 127.67313385, 127.654319763, 127.603912354, 127.666717529, 127.583602905, 127.753837585, 127.640426636, 127.62260437, 127.561233521, 127.553260803]
    bpm_intervals: [0.470146119595, 0.470146179199, 0.47014605999, 0.470146179199, 0.470146179199, 0.470146179199, 0.470145940781, 0.470145940781, 0.470146179199, 0.470145702362, 0.470146179199, 0.504303455353, 0.470103740692, 0.470104217529, 0.470104217529, 0.470104217529, 0.470104217529, 0.470104217529, 0.470104217529, 0.470104217529]
    onset_times: [0.0464399084449, 0.127709746361, 0.371519267559, 0.452789127827, 0.603718817234, 0.731428563595, 0.9287981987, 1.06811785698, 1.16099774837, 1.26548755169, 1.39319729805, 1.55573701859, 1.63700675964, 1.77632653713, 1.86920630932, 2.06657600403, 2.24072551727, 2.34521532059, 2.49614500999, 2.60063481331, 2.82122445107, 2.96054410934, 3.06503391266, 3.16952371597, 3.27401351929, 3.45977330208, 3.76163268089, 3.94739222527, 4.23764181137, 4.37696123123, 4.49306106567, 4.71365070343, 4.841360569, 5.07356023788, 5.1780500412, 5.35219955444, 5.42185926437, 5.65405893326, 5.87464857101, 6.1068482399, 6.28099775314, 6.38548755646, 6.48997735977, 6.60607719421, 6.73378705978, 6.8382768631, 6.97759628296, 7.07047605515, 7.24462604523, 7.54648542404, 7.69741487503, 7.77868461609, 7.94122457504, 8.01088428497, 8.17342376709, 8.28952407837, 8.48689365387, 8.62621307373, 8.73070335388, 8.84680271149, 9.12544250488, 9.2067117691, 9.43891143799, 9.682721138, 9.90331077576]
    rubato_start: []
    rubato_stop: []
    perceptual_tempo: "unknown"

sfx:
    inharmonicity:
        dmean: 0.0579247288406
        dmean2: 0.10180003196
        dvar: 0.00402090791613
        dvar2: 0.0105675058439
        max: 0.429556757212
        mean: 0.0673139542341
        min: 0.000104215512692
        var: 0.00492170965299
    oddtoevenharmonicenergyratio:
        dmean: 3.73930072784
        dmean2: 6.36764097214
        dvar: 106.754142761
        dvar2: 228.888809204
        max: 99.5139541626
        mean: 3.55603051186
        min: 0.0023880652152
        var: 145.392227173
    pitch_after_max_to_before_max_energy_ratio: 1.3763166666
    pitch_centroid: 215.801727295
    pitch_max_to_total: 0.440835267305
    pitch_min_to_total: 0.714617192745
    tristimulus:
        dmean: [0.174831390381, 0.248303726315, 0.165662869811]
        dmean2: [0.306541293859, 0.428016632795, 0.295925170183]
        dvar: [0.0262012034655, 0.0476344451308, 0.0227909516543]
        dvar2: [0.0695816427469, 0.124235861003, 0.0560249723494]
        max: [0.953408956528, 0.983685731888, 0.697551488876]
        mean: [0.288013577461, 0.474279016256, 0.178723916411]
        min: [0.00531693967059, 0, 0]
        var: [0.0383182317019, 0.064332768321, 0.0298950280994]

tonal:
    chords_changes_rate: 0.0875576063991
    chords_number_rate: 0.0184331797063
    chords_strength:
        dmean: 0.0102863628417
        dmean2: 0.0135575775057
        dvar: 8.26853138278e-05
        dvar2: 0.000128772007884
        max: 0.680660009384
        mean: 0.509036064148
        min: 0.381738066673
        var: 0.0052911802195
    key_strength: 0.689824879169
    tuning_diatonic_strength: 0.496461033821
    tuning_equal_tempered_deviation: 0.364014416933
    tuning_frequency: 451.84777832
    tuning_nontempered_energy_ratio: 0.970716655254
    hpcp:
        dmean: [0.115050457418, 0.163290917873, 0.158807441592, 0.142602264881, 0.109350480139, 0.0897014439106, 0.144791349769, 0.246725052595, 0.261888682842, 0.220337212086, 0.195350050926, 0.200239315629, 0.15785266459, 0.175178393722, 0.182292193174, 0.158354267478, 0.173379972577, 0.168729171157, 0.164943963289, 0.153657138348, 0.16071613133, 0.154346868396, 0.19978749752, 0.187214285135, 0.17451056838, 0.151751071215, 0.138998776674, 0.135282248259, 0.195623084903, 0.198501124978, 0.144470825791, 0.142038270831, 0.157576844096, 0.144507735968, 0.111948929727, 0.0875892192125]
        dmean2: [0.189871966839, 0.273684412241, 0.273476272821, 0.247543245554, 0.187272801995, 0.145549446344, 0.241661414504, 0.413817167282, 0.454683125019, 0.386564105749, 0.320202469826, 0.332842499018, 0.26119992137, 0.302816927433, 0.317981392145, 0.280251085758, 0.29034230113, 0.289207369089, 0.293210506439, 0.27460411191, 0.285168915987, 0.282078325748, 0.345138192177, 0.312535792589, 0.285751581192, 0.257307499647, 0.245415225625, 0.242723897099, 0.335230946541, 0.331455290318, 0.244583114982, 0.230556875467, 0.257540792227, 0.231708362699, 0.183059811592, 0.144476085901]
        dvar: [0.0250103026628, 0.0388472117484, 0.0386074222624, 0.0430664233863, 0.0304751433432, 0.0130907511339, 0.033331155777, 0.0539180003107, 0.061533100903, 0.0526796765625, 0.0440133363008, 0.0715602189302, 0.0319357253611, 0.0407544150949, 0.0568410567939, 0.0456445068121, 0.0251658465713, 0.0368680506945, 0.0385578125715, 0.0451092086732, 0.0386280305684, 0.038966987282, 0.0452382788062, 0.041717082262, 0.0355117321014, 0.0337892137468, 0.032967120409, 0.0302963517606, 0.0387190543115, 0.0418031252921, 0.0283116381615, 0.0250600222498, 0.0360018834472, 0.0289075095206, 0.0262875910848, 0.0113194808364]
        dvar2: [0.0615516975522, 0.103252217174, 0.0997198522091, 0.107795603573, 0.0739606916904, 0.0279152318835, 0.084980763495, 0.124274760485, 0.147084608674, 0.14336681366, 0.107687816024, 0.148073762655, 0.0835923552513, 0.0930700227618, 0.145114123821, 0.118438631296, 0.0593048110604, 0.0798585340381, 0.109271332622, 0.121579878032, 0.109866946936, 0.108512587845, 0.122065931559, 0.0863113924861, 0.0766315832734, 0.0902782827616, 0.0959074571729, 0.083539955318, 0.104172125459, 0.105869881809, 0.0722454413772, 0.066929616034, 0.088781028986, 0.0688100680709, 0.0593371987343, 0.0302443746477]
        max: [1, 1, 1, 1, 1, 1, 1, 1, 1, 1, 1, 1, 1, 1, 1, 1, 1, 1, 1, 1, 1, 1, 1, 1, 1, 1, 1, 0.843345999718, 1, 1, 1, 1, 1, 0.968052208424, 1, 0.711248159409]
        mean: [0.136098191142, 0.180443331599, 0.182443007827, 0.15828473866, 0.128259450197, 0.110589087009, 0.166318848729, 0.371966958046, 0.457581192255, 0.322052419186, 0.270839869976, 0.262685358524, 0.220138162374, 0.234196141362, 0.214122772217, 0.180527329445, 0.284573942423, 0.310266524553, 0.204004853964, 0.158893182874, 0.140186026692, 0.14063295722, 0.260513037443, 0.344963103533, 0.263653725386, 0.16919504106, 0.125431418419, 0.13476011157, 0.266218066216, 0.319432020187, 0.221136271954, 0.205882996321, 0.213040798903, 0.171967327595, 0.150591701269, 0.12841257453]
        min: [0.00482270587236, 0.00456529855728, 0.00427718274295, 0.00493512488902, 0.00456334510818, 0.002653171774, 0.00598597014323, 0.0107926502824, 0.0125159127638, 0.00995894242078, 0.00186780944932, 0.00296925078146, 0.00673916330561, 0.00984569825232, 0.00583208724856, 0.00223736395128, 0.00927206128836, 0.00886248517781, 0.00442166347057, 0.00212124874815, 0.00103538716212, 0.00245902594179, 0.00298666302115, 0.00260917749256, 0.0034242097754, 0.000665892439429, 0.000515381689183, 0.00275163142942, 0.00576565600932, 0.00757948169485, 0.00737533718348, 0.00493748532608, 0.00487409578636, 0.00399165553972, 0.00181399239227, 0.00443210825324]
        var: [0.0249678213149, 0.0365932397544, 0.0372878089547, 0.0400117151439, 0.0297194756567, 0.0186237283051, 0.0324004180729, 0.0956133306026, 0.120584860444, 0.0735707357526, 0.0734049975872, 0.104300037026, 0.0453666076064, 0.0567858032882, 0.0539228245616, 0.0383093096316, 0.0530253723264, 0.093785263598, 0.0504964701831, 0.0522960014641, 0.0352134034038, 0.0315767638385, 0.0637619495392, 0.0998198762536, 0.0621228925884, 0.0377426557243, 0.0291888527572, 0.0256890617311, 0.0599091388285, 0.0751569271088, 0.0352834388614, 0.0356496237218, 0.0474674813449, 0.0360085777938, 0.0356883257627, 0.0157528463751]
    chords_histogram: [26.7281112671, 5.5299539566, 64.9769592285, 0, 0, 0, 0, 0, 0, 0, 0, 0, 0, 0, 1.84331798553, 0, 0, 0, 0, 0, 0, 0.921658992767, 0, 0]
    thpcp: [1, 0.703814804554, 0.591894686222, 0.574073791504, 0.481090933084, 0.511813282967, 0.467944860458, 0.394525229931, 0.621909201145, 0.678057849407, 0.44583311677, 0.347245872021, 0.306363165379, 0.307339906693, 0.569326341152, 0.753883898258, 0.576190054417, 0.369759619236, 0.27411839366, 0.294505357742, 0.581794142723, 0.698088169098, 0.483272194862, 0.449937641621, 0.465580314398, 0.375818163157, 0.329103767872, 0.280633419752, 0.297429591417, 0.394341677427, 0.398711770773, 0.345916181803, 0.280298769474, 0.2416818887, 0.363473951817, 0.812898278236]
    chords_key: "B"
    chords_scale: "minor"
    key_key: "E"
    key_scale: "minor"
    chords_progression: ["Fm", "Fm", "Fm", "Fm", "Bm", "Bm", "Bm", "Bm", "Bm", "Bm", "Bm", "Bm", "Bm", "Bm", "Bm", "Bm", "Bm", "Bm", "Bm", "Bm", "Bm", "F", "F", "Bm", "Bm", "Bm", "Bm", "Bm", "Bm", "Bm", "Bm", "Bm", "Bm", "Bm", "Bm", "Bm", "Bm", "Bm", "Bm", "Bm", "Bm", "Bm", "Bm", "Bm", "Bm", "Bm", "Bm", "Bm", "Bm", "Bm", "Bm", "Bm", "Bm", "Bm", "Bm", "Bm", "Bm", "Bm", "Bm", "Bm", "Bm", "Bm", "Bm", "Bm", "Bm", "Bm", "Em", "Bm", "Bm", "Bm", "Em", "Em", "Em", "Em", "Em", "Em", "Em", "Em", "Em", "Em", "Em", "Em", "Em", "Em", "Em", "Bm", "Em", "Em", "Em", "Em", "Em", "Em", "Em", "Em", "Em", "Em", "Em", "Em", "Em", "Em", "Em", "Em", "Em", "Em", "Em", "Em", "Em", "Em", "Em", "Em", "Em", "Em", "Em", "Em", "Em", "Em", "Em", "Em", "Em", "Em", "Em", "G", "G", "G", "Bm", "Bm", "Bm", "Bm", "Bm", "Bm", "Bm", "Bm", "Bm", "Bm", "Bm", "Bm", "Bm", "G", "G", "G", "G", "G", "G", "G", "G", "G", "Bm", "Bm", "Bm", "Bm", "Bm", "Bm", "Bm", "Bm", "Bm", "Bm", "Bm", "Bm", "Bm", "Bm", "Bm", "Bm", "Bm", "Bm", "Bm", "Bm", "Bm", "Bm", "Bm", "Bm", "Bm", "Bm", "Bm", "Bm", "Bm", "Bm", "Em", "Bm", "Em", "Bm", "Bm", "Bm", "Bm", "Bm", "Bm", "Em", "Bm", "Bm", "Bm", "Bm", "Bm", "Bm", "Bm", "Bm", "Bm", "Bm", "Bm", "Bm", "Bm", "Bm", "Bm", "Bm", "Bm", "Bm", "Bm", "Bm", "Bm", "Bm", "Bm", "Bm", "Bm", "Bm", "Bm", "Em", "Em", "Em", "Em"]
