
metadata:
    version:
        essentia: "1.2.2"
    audio_properties:
        analysis_sample_rate: 44100
        bitrate: 128
        channels: 2
        equal_loudness: 1
        length: 10.0310201645
        replay_gain: -13.2582950592
        downmix: "mix"
    tags:
        track: 15
        year: 0
        album: "Splitted by Mp3Splt v. 2.1"
        artist: "From 002.20 To 002.30"
        comment: "http://mp3splt.sf.net"
        genre: ""
        title: "13 If I Was Young.mp3"

highlevel:
    ballroom:
        all:
            ChaChaCha: 0.00486276810989
            Jive: 0.00648459699005
            Quickstep: 0.0367757901549
            Rumba-American: 0.0102517167106
            Rumba-International: 0.219472199678
            Rumba-Misc: 0.121448077261
            Samba: 0.00691910320893
            Tango: 0.0154451243579
            VienneseWaltz: 0.307491272688
            Waltz: 0.270849347115
        probability: 0.307491272688
        value: "VienneseWaltz"
    culture:
        all:
            non_western: 0.180251866579
            western: 0.819748163223
        probability: 0.819748163223
        value: "western"
    gender:
        all:
            female: 0.533902168274
            male: 0.466097831726
        probability: 0.533902168274
        value: "female"
    genre_dortmund:
        all:
            alternative: 0.327636897564
            blues: 0.0453704036772
            electronic: 0.0229191165417
            folkcountry: 0.141931682825
            funksoulrnb: 0.0571677014232
            jazz: 0.279664486647
            pop: 0.057638682425
            raphiphop: 0.0099257491529
            rock: 0.0577452629805
        probability: 0.327636897564
        value: "alternative"
    genre_electronica:
        all:
            ambient: 0.908662617207
            dnb: 0.010843587108
            house: 0.0395317524672
            techno: 0.00829109642655
            trance: 0.0326709672809
        probability: 0.908662617207
        value: "ambient"
    genre_rosamerica:
        all:
            cla: 0.191715657711
            dan: 0.0690128803253
            hip: 0.043881136924
            jaz: 0.183322817087
            pop: 0.150553524494
            rhy: 0.20922857523
            roc: 0.127063527703
            spe: 0.025221882388
        probability: 0.20922857523
        value: "rhy"
    genre_tzanetakis:
        all:
            blu: 0.097529284656
            cla: 0.053953230381
            cou: 0.326689392328
            dis: 0.0408404953778
            hip: 0.0195075906813
            jaz: 0.146454557776
            met: 0.0189004670829
            pop: 0.107882097363
            reg: 0.04287577793
            roc: 0.145367100835
        probability: 0.326689392328
        value: "cou"
    live_studio:
        all:
            live: 0.311813116074
            studio: 0.688186883926
        probability: 0.688186883926
        value: "studio"
    mood:
        all:
            Cluster1: 0.106696255505
            Cluster2: 0.135931074619
            Cluster3: 0.612164855003
            Cluster4: 0.0605732537806
            Cluster5: 0.0846345350146
        probability: 0.612164855003
        value: "Cluster3"
    mood_acoustic:
        all:
            acoustic: 0.593868851662
            not_acoustic: 0.406131118536
        probability: 0.593868851662
        value: "acoustic"
    mood_aggressive:
        all:
            aggressive: 0.0140988202766
            not_aggressive: 0.985901176929
        probability: 0.985901176929
        value: "not_aggressive"
    mood_electronic:
        all:
            electronic: 0.285605758429
            not_electronic: 0.714394271374
        probability: 0.714394271374
        value: "not_electronic"
    mood_happy:
        all:
            happy: 0.259831756353
            not_happy: 0.740168213844
        probability: 0.740168213844
        value: "not_happy"
    mood_party:
        all:
            not_party: 0.922462761402
            party: 0.0775372311473
        probability: 0.922462761402
        value: "not_party"
    mood_relaxed:
        all:
            not_relaxed: 0.259623497725
            relaxed: 0.740376472473
        probability: 0.740376472473
        value: "relaxed"
    mood_sad:
        all:
            not_sad: 0.0473554134369
            sad: 0.952644586563
        probability: 0.952644586563
        value: "sad"
    rhythm:
        all:
            fast: 0.0568956807256
            medium: 0.391161650419
            slow: 0.551942646503
        probability: 0.551942646503
        value: "slow"
    speech_music:
        all:
            music: 0.320334643126
            speech: 0.679665386677
        probability: 0.679665386677
        value: "speech"
    timbre:
        all:
            bright: 0.197287350893
            dark: 0.802712678909
        probability: 0.802712678909
        value: "dark"
    voice_instrumental:
        all:
            instrumental: 0.947554290295
            voice: 0.0524457022548
        probability: 0.947554290295
        value: "instrumental"

lowlevel:
    average_loudness: 0.972426176071
    barkbands_kurtosis:
        dmean: 2.62820076942
        dmean2: 4.09793186188
        dvar: 11.1107416153
        dvar2: 26.3122730255
        max: 42.3670883179
        mean: 7.40671348572
        min: -1.80028116703
        var: 71.2350234985
    barkbands_skewness:
        dmean: 0.406382083893
        dmean2: 0.633431553841
        dvar: 0.162488892674
        dvar2: 0.425402909517
        max: 4.97125530243
        mean: 1.97144496441
        min: -0.520317614079
        var: 0.841340959072
    barkbands_spread:
        dmean: 2.96839022636
        dmean2: 4.20742702484
        dvar: 17.8006591797
        dvar2: 33.4206581116
        max: 47.8758621216
        mean: 13.0269641876
        min: 1.62854588032
        var: 88.1871643066
    dissonance:
        dmean: 0.0283517353237
        dmean2: 0.0461961254478
        dvar: 0.000519201450516
        dvar2: 0.00144540891051
        max: 0.489091336727
        mean: 0.406967967749
        min: 0.299956560135
        var: 0.0013619576348
    hfc:
        dmean: 1.0243512392
        dmean2: 1.47064304352
        dvar: 6.74240350723
        dvar2: 14.7686567307
        max: 33.3622131348
        mean: 3.35883498192
        min: 1.68658959865e-06
        var: 10.0836038589
    pitch:
        dmean: 177.691177368
        dmean2: 344.226196289
        dvar: 328262.59375
        dvar2: 854141.5
        max: 4009.09082031
        mean: 365.488983154
        min: 79.4594573975
        var: 288523.0625
    pitch_instantaneous_confidence:
        dmean: 0.0705283284187
        dmean2: 0.111404925585
        dvar: 0.00445927213877
        dvar2: 0.0104451123625
        max: 0.916646420956
        mean: 0.525345921516
        min: 0.0514694452286
        var: 0.0170863196254
    pitch_salience:
        dmean: 0.0516138710082
        dmean2: 0.0822472274303
        dvar: 0.00205121794716
        dvar2: 0.00500265648589
        max: 0.957064032555
        mean: 0.572139441967
        min: 0.239371329546
        var: 0.0106900976971
    silence_rate_20dB:
        dmean: 0
        dmean2: 0
        dvar: 0
        dvar2: 0
        max: 1
        mean: 1
        min: 1
        var: 0
    silence_rate_30dB:
        dmean: 0
        dmean2: 0
        dvar: 0
        dvar2: 0
        max: 1
        mean: 1
        min: 1
        var: 0
    silence_rate_60dB:
        dmean: 0.0601851865649
        dmean2: 0.118329465389
        dvar: 0.0565627776086
        dvar2: 0.122889660299
        max: 1
        mean: 0.133949190378
        min: 0
        var: 0.116006731987
    spectral_centroid:
        dmean: 97.2886276245
        dmean2: 149.180450439
        dvar: 32662.5351562
        dvar2: 75094.84375
        max: 2499.96264648
        mean: 623.715759277
        min: 324.309936523
        var: 71588.203125
    spectral_complexity:
        dmean: 1.47563803196
        dmean2: 2.29302334785
        dvar: 5.05682706833
        dvar2: 9.88159179688
        max: 34
        mean: 9.09027767181
        min: 0
        var: 17.8506622314
    spectral_crest:
        dmean: 1.88761174679
        dmean2: 2.97673487663
        dvar: 2.64047217369
        dvar2: 6.8944029808
        max: 20.3980751038
        mean: 10.3152761459
        min: 3.75799775124
        var: 12.1865301132
    spectral_decrease:
        dmean: 2.78811584931e-10
        dmean2: 4.09479700147e-10
        dvar: 1.03247798717e-19
        dvar2: 2.13822181689e-19
        max: -7.43415142119e-16
        mean: -1.28841437519e-09
        min: -4.34753832934e-09
        var: 3.41748144962e-19
    spectral_energy:
        dmean: 0.00112500041723
        dmean2: 0.00165399897378
        dvar: 1.90598620975e-06
        dvar2: 3.8762505028e-06
        max: 0.0181297659874
        mean: 0.0051674246788
        min: 2.95879321044e-09
        var: 5.76829370402e-06
    spectral_energyband_high:
        dmean: 5.93148215557e-05
        dmean2: 8.85164481588e-05
        dvar: 4.59414764009e-08
        dvar2: 1.10512537788e-07
        max: 0.00244439463131
        mean: 7.53183412598e-05
        min: 3.39702883878e-11
        var: 4.77320583059e-08
    spectral_energyband_low:
        dmean: 0.000157612099429
        dmean2: 0.000241210844251
        dvar: 9.55639976041e-08
        dvar2: 2.19146954805e-07
        max: 0.0039724484086
        mean: 0.000367937667761
        min: 3.63690272343e-10
        var: 1.65144768971e-07
    spectral_energyband_middle_high:
        dmean: 0.000224953895668
        dmean2: 0.000338697806001
        dvar: 2.88989014052e-07
        dvar2: 5.82707627927e-07
        max: 0.00823353230953
        mean: 0.000719130854122
        min: 2.69189809332e-10
        var: 6.22658149041e-07
    spectral_energyband_middle_low:
        dmean: 0.000979052623734
        dmean2: 0.00148068706039
        dvar: 1.02174612948e-06
        dvar2: 2.4017499527e-06
        max: 0.013661775738
        mean: 0.00400503678247
        min: 2.25273866228e-09
        var: 4.0761319724e-06
    spectral_flatness_db:
        dmean: 0.0177545230836
        dmean2: 0.0269874222577
        dvar: 0.000373671704438
        dvar2: 0.000600680476055
        max: 0.349675029516
        mean: 0.239633217454
        min: 0.0958177670836
        var: 0.00171373120975
    spectral_flux:
        dmean: 0.00709685077891
        dmean2: 0.010797672905
        dvar: 6.42138693365e-05
        dvar2: 0.000135403228342
        max: 0.0925011113286
        mean: 0.0258619505912
        min: 5.43947899132e-05
        var: 0.000179607231985
    spectral_kurtosis:
        dmean: 3.84930467606
        dmean2: 6.58196210861
        dvar: 13.9281253815
        dvar2: 37.4729690552
        max: 35.8814430237
        mean: 10.5715284348
        min: 0.869427204132
        var: 35.4566345215
    spectral_rms:
        dmean: 0.000236777312239
        dmean2: 0.000344483443769
        dvar: 6.41668691514e-08
        dvar2: 1.1184943105e-07
        max: 0.00420565996319
        mean: 0.00218469277024
        min: 1.69900783931e-06
        var: 2.68511826107e-07
    spectral_rolloff:
        dmean: 279.181945801
        dmean2: 463.714630127
        dvar: 293347.25
        dvar2: 647076
        max: 4478.90625
        mean: 1017.19573975
        min: 344.53125
        var: 633353.75
    spectral_skewness:
        dmean: 0.354860723019
        dmean2: 0.574359118938
        dvar: 0.10451541841
        dvar2: 0.249233499169
        max: 4.31780195236
        mean: 2.42987966537
        min: 0.786564230919
        var: 0.493739694357
    spectral_spread:
        dmean: 482819.96875
        dmean2: 664770.8125
        dvar: 2.53195216486e+12
        dvar2: 2.72267870208e+12
        max: 26739864
        mean: 3155448.25
        min: 1367712.75
        var: 2.84675801088e+12
    spectral_strongpeak:
        dmean: 0.190508544445
        dmean2: 0.312894880772
        dvar: 0.112879246473
        dvar2: 0.315363109112
        max: 4.88913059235
        mean: 0.613048136234
        min: 0
        var: 0.130053445697
    zerocrossingrate:
        dmean: 0.00570190139115
        dmean2: 0.00705736735836
        dvar: 4.88798104925e-05
        dvar2: 6.96352071827e-05
        max: 0.107421875
        mean: 0.0406968854368
        min: 0.01611328125
        var: 0.000304344517644
    barkbands:
        dmean: [2.07788595219e-08, 3.68741420971e-05, 0.000135972644784, 0.000138793911901, 0.000338400626788, 0.000412517169025, 0.00046469582594, 0.000161306161317, 3.03715078189e-05, 5.16865875397e-05, 3.08589405904e-05, 4.13986854255e-05, 2.76238206425e-05, 9.32796501729e-06, 4.67414392915e-05, 1.08385956992e-05, 3.61805505236e-05, 2.17858578253e-05, 7.50996550778e-05, 5.96854770265e-05, 3.03555807477e-05, 7.50208164391e-06, 7.91652837506e-07, 2.3607373123e-07, 2.35451480535e-07, 1.14761222747e-08, 2.6163633482e-09]
        dmean2: [2.79036118656e-08, 5.51195917069e-05, 0.000211274280446, 0.00023295628489, 0.000553812540602, 0.000611001451034, 0.000669174478389, 0.000235471583437, 4.54559085483e-05, 8.30662102089e-05, 4.5370128646e-05, 5.9088866692e-05, 4.41723313997e-05, 1.40480487971e-05, 7.73236679379e-05, 1.76396788447e-05, 5.34616592631e-05, 3.66145177395e-05, 0.000116158007586, 9.22427425394e-05, 4.5908978791e-05, 1.19707592603e-05, 1.24739108287e-06, 3.9028793708e-07, 4.0264984591e-07, 1.73660374969e-08, 2.81216183673e-09]
        dvar: [5.25066474403e-14, 6.39699626603e-09, 7.22994570879e-08, 7.46941708485e-08, 3.26518033944e-07, 2.92366081567e-07, 2.27176528256e-07, 8.98670862171e-08, 4.71722128026e-09, 6.90093626687e-09, 2.13221285073e-09, 3.24267723784e-09, 2.03724082048e-09, 3.19826970463e-10, 5.98315796907e-09, 5.88381399158e-10, 7.49493800356e-09, 2.67533728504e-09, 7.5908971553e-08, 4.69712944096e-08, 1.75156635862e-08, 1.23377563721e-09, 7.20306670213e-12, 1.03253332533e-12, 1.8000119624e-12, 3.58120320846e-15, 2.45825605491e-15]
        dvar2: [5.48206127032e-14, 1.61552424771e-08, 1.69996638988e-07, 2.15968967154e-07, 9.03352031401e-07, 6.51492143788e-07, 5.43924102203e-07, 1.98745738089e-07, 1.06806776756e-08, 1.74394134689e-08, 4.77009454158e-09, 6.85826062607e-09, 5.14399944862e-09, 6.56145526801e-10, 1.46131613477e-08, 1.30816457666e-09, 1.64871565289e-08, 6.5511920333e-09, 1.59212390827e-07, 1.1530996602e-07, 4.29195452512e-08, 3.08152148243e-09, 1.82464217346e-11, 2.77386382093e-12, 5.009811576e-12, 5.78270282475e-15, 2.46307419007e-15]
        max: [4.70978284284e-06, 0.000873923941981, 0.00360479182564, 0.00233763526194, 0.00603935681283, 0.00676795840263, 0.00560892000794, 0.00433422811329, 0.00102544552647, 0.000818825210445, 0.000577675644308, 0.000849459087476, 0.000507705030032, 0.000271879864158, 0.000836326857097, 0.000312010553898, 0.00113596883602, 0.000686005922034, 0.00438003242016, 0.00244934414513, 0.00186726369429, 0.000505753618199, 2.82466062345e-05, 1.3003940694e-05, 1.92727293324e-05, 9.70449036686e-07, 1.03076206415e-06]
        mean: [1.83189712288e-08, 0.00012496241834, 0.000242963273195, 0.000251610879786, 0.000690842804033, 0.00138519785833, 0.00125320116058, 0.000329188304022, 6.33397285128e-05, 0.000107840554847, 6.3835956098e-05, 0.000102755853732, 5.57905550522e-05, 1.97129793378e-05, 8.72665914358e-05, 2.37451840803e-05, 8.14220984466e-05, 4.37104790763e-05, 0.000110458357085, 8.82397580426e-05, 3.19147620758e-05, 8.04988303571e-06, 9.08950198664e-07, 2.4054989467e-07, 1.98455552436e-07, 1.09557367622e-08, 2.56820298361e-09]
        min: [1.01155325435e-11, 1.66792635259e-10, 1.56880244906e-10, 1.80393117111e-10, 5.05455233224e-10, 5.37050126592e-10, 4.48737186298e-10, 3.0457636413e-10, 2.52856124927e-10, 1.01973804401e-10, 2.78503713147e-11, 3.23828672211e-11, 2.4786988434e-11, 6.6650049195e-12, 1.14365244705e-11, 2.2766784985e-11, 1.90310441017e-12, 3.3177082609e-11, 2.72719572619e-11, 7.10482020438e-12, 6.19456916318e-12, 5.63652510083e-12, 3.88396953488e-12, 3.3733588839e-12, 3.47893740725e-12, 3.5337498986e-12, 6.53140410679e-13]
        var: [5.21164295259e-14, 2.09761719105e-08, 1.23015240661e-07, 8.82582327222e-08, 3.77383230443e-07, 2.1299126729e-06, 7.94970446805e-07, 2.33082417367e-07, 1.54927928264e-08, 2.05872012771e-08, 5.1180220062e-09, 1.47836818343e-08, 5.58212631674e-09, 8.91085982779e-10, 1.62401949666e-08, 1.54160650911e-09, 2.2138802791e-08, 5.6308739893e-09, 9.99984592909e-08, 5.35101172261e-08, 1.70816942813e-08, 1.13921172495e-09, 6.7087221195e-12, 7.4590637486e-13, 1.13766981946e-12, 3.34447931081e-15, 2.45294812294e-15]
    mfcc:
        mean: [-773.7734375, 179.692749023, -37.4771385193, 53.3651046753, -21.5618267059, -8.95723152161, -9.07809448242, -16.5777511597, -17.6064853668, -10.3341665268, -8.87228298187, -1.49444437027, 7.92400312424]
        cov: [[2886.59594727, -511.739074707, -314.395874023, 364.476867676, 4.30595350266, 150.852203369, 189.505599976, 11.3364133835, 76.4986038208, -23.1340026855, 12.8873977661, 17.9938201904, 72.9588241577], [-511.739074707, 546.947753906, -106.179977417, -117.965454102, 53.571647644, -60.0668678284, -54.4028511047, 50.3356552124, 2.75543427467, 34.8191604614, -10.8357458115, 10.2944860458, 17.0806293488], [-314.395874023, -106.179977417, 544.354858398, 33.0220832825, -21.7217483521, 30.5858078003, -40.929775238, -10.6895151138, -18.4744644165, -63.528137207, 37.135383606, 42.2119255066, 7.29268264771], [364.476867676, -117.965454102, 33.0220832825, 285.624633789, 34.4840545654, 83.1697845459, 111.510658264, 14.3631372452, 11.9906177521, -6.0437912941, 39.475112915, 43.4799118042, 27.2362422943], [4.30595350266, 53.571647644, -21.7217483521, 34.4840545654, 98.1615600586, 64.4291305542, 42.8925285339, 22.7192897797, 1.01424896717, 1.3788844347, 18.5085487366, 42.7846336365, 26.08162117], [150.852203369, -60.0668678284, 30.5858078003, 83.1697845459, 64.4291305542, 151.923049927, 89.0680847168, 1.98694217205, 0.831306993961, -10.9700040817, 24.6946144104, 45.6943511963, 19.6146450043], [189.505599976, -54.4028511047, -40.929775238, 111.510658264, 42.8925285339, 89.0680847168, 143.856155396, 16.9277496338, 14.086186409, 28.0360984802, 20.7805843353, 28.6490364075, 24.1157627106], [11.3364133835, 50.3356552124, -10.6895151138, 14.3631372452, 22.7192897797, 1.98694217205, 16.9277496338, 103.603668213, 60.3149642944, 1.49958622456, 2.71729326248, 10.6145477295, 16.3005046844], [76.4986038208, 2.75543427467, -18.4744644165, 11.9906177521, 1.01424896717, 0.831306993961, 14.086186409, 60.3149642944, 102.206565857, 30.6856956482, 0.105333156884, 3.26204776764, 8.1146440506], [-23.1340026855, 34.8191604614, -63.528137207, -6.0437912941, 1.3788844347, -10.9700040817, 28.0360984802, 1.49958622456, 30.6856956482, 91.4845733643, 18.9788570404, -12.943857193, 5.9613442421], [12.8873977661, -10.8357458115, 37.135383606, 39.475112915, 18.5085487366, 24.6946144104, 20.7805843353, 2.71729326248, 0.105333156884, 18.9788570404, 71.2491226196, 39.3724594116, 17.1740074158], [17.9938201904, 10.2944860458, 42.2119255066, 43.4799118042, 42.7846336365, 45.6943511963, 28.6490364075, 10.6145477295, 3.26204776764, -12.943857193, 39.3724594116, 93.2959899902, 36.2181091309], [72.9588241577, 17.0806293488, 7.29268264771, 27.2362422943, 26.08162117, 19.6146450043, 24.1157627106, 16.3005046844, 8.1146440506, 5.9613442421, 17.1740074158, 36.2181091309, 69.439491272]]
        icov: [[0.00060615350958, 0.000478927249787, 0.000559617183171, -0.000545799906831, 0.00027256179601, -0.000326436449541, 0.000111227855086, 0.000150575389853, -0.000509918085299, 0.000525103707332, -0.000115323833597, 0.000254543381743, -0.000773247971665], [0.000478927249787, 0.00314737018198, 0.000715184607543, 0.000235527855693, -0.00181644770782, 0.000645542051643, 0.00127625081223, -0.00177687476389, 0.0010581323877, -0.00142971274909, 0.000864639237989, -0.000859941064846, -0.000737314810976], [0.000559617183171, 0.000715184607543, 0.00290443329141, -0.000717018556315, 0.00141503638588, -0.0013609288726, 0.00151669676416, -0.000123535486637, -0.000362886610674, 0.00161870417651, -0.00142641179264, -0.00038241702714, -0.000976811279543], [-0.000545799906831, 0.000235527855693, -0.000717018556315, 0.00641708401963, -0.000624926527962, 0.000791451719124, -0.00468750251457, 0.000176415924216, -0.000503381132148, 0.00184997881297, -0.00227732490748, -0.000107364816358, 0.000190777747775], [0.00027256179601, -0.00181644770782, 0.00141503638588, -0.000624926527962, 0.0206049848348, -0.00849566515535, 0.000726266705897, -0.00453047920018, 0.00340859196149, -0.00158005615231, 0.000477264169604, -0.00492881797254, -0.00208123866469], [-0.000326436449541, 0.000645542051643, -0.0013609288726, 0.000791451719124, -0.00849566515535, 0.0164443012327, -0.00891708862036, 0.00386709766462, -0.00270009716041, 0.00463678827509, -0.00181719020475, -0.000690622196998, 0.00147880450822], [0.000111227855086, 0.00127625081223, 0.00151669676416, -0.00468750251457, 0.000726266705897, -0.00891708862036, 0.0186488237232, -0.00448196055368, 0.00357607170008, -0.00852176640183, 0.00332976039499, -0.00202090386301, -0.00138571741991], [0.000150575389853, -0.00177687476389, -0.000123535486637, 0.000176415924216, -0.00453047920018, 0.00386709766462, -0.00448196055368, 0.0200754161924, -0.0136860143393, 0.00814075116068, -0.00339733925648, 0.00336638186127, -0.00233920826577], [-0.000509918085299, 0.0010581323877, -0.000362886610674, -0.000503381132148, 0.00340859196149, -0.00270009716041, 0.00357607170008, -0.0136860143393, 0.0209969878197, -0.0109079806134, 0.0052132899873, -0.00441612675786, 0.00146096968092], [0.000525103707332, -0.00142971274909, 0.00161870417651, 0.00184997881297, -0.00158005615231, 0.00463678827509, -0.00852176640183, 0.00814075116068, -0.0109079806134, 0.0231976117939, -0.0110947806388, 0.00802181381732, -0.00292020221241], [-0.000115323833597, 0.000864639237989, -0.00142641179264, -0.00227732490748, 0.000477264169604, -0.00181719020475, 0.00332976039499, -0.00339733925648, 0.0052132899873, -0.0110947806388, 0.0245346147567, -0.010713480413, 0.000789866782725], [0.000254543381743, -0.000859941064846, -0.00038241702714, -0.000107364816358, -0.00492881797254, -0.000690622196998, -0.00202090386301, 0.00336638186127, -0.00441612675786, 0.00802181381732, -0.010713480413, 0.022419789806, -0.00723226042464], [-0.000773247971665, -0.000737314810976, -0.000976811279543, 0.000190777747775, -0.00208123866469, 0.00147880450822, -0.00138571741991, -0.00233920826577, 0.00146096968092, -0.00292020221241, 0.000789866782725, -0.00723226042464, 0.0204737540334]]
    spectral_contrast:
        mean: [4.89892926225e-08, -3.26592413558e-07, -5.27464862898e-07, 3.73701794842e-07, 1.57910918119e-07, -3.24945347074e-07, -2.56065413851e-06, -6.37990467567e-07, -1.27322141452e-06, -2.73256932815e-06, -2.18381342165e-06, -2.60770320892e-07]
        var: [0.000417108036345, 0.000737142981961, 0.00194372923579, 0.0022584151011, 0.00399838108569, 0.00497280433774, 0.0425972156227, 0.0729191824794, 0.145437255502, 0.319118887186, 0.676835656166, 1.34330976009]

rhythm:
    beats_loudness:
        dmean: 0.00220431014895
        dmean2: 0.00442598154768
        dvar: 3.06438482767e-06
        dvar2: 5.07397044203e-06
        max: 0.010736473836
        mean: 0.00611090101302
        min: 0.0029531554319
        var: 5.02111743117e-06
    beats_loudness_bass:
        dmean: 0.0752213448286
        dmean2: 0.133046388626
        dvar: 0.00705747911707
        dvar2: 0.00782297551632
        max: 0.318112939596
        mean: 0.144780680537
        min: 0.0103147868067
        var: 0.00673406850547
    bpm: 98.2149276733
    bpm_confidence: 0
    first_peak_bpm: 99
    first_peak_spread: 0.357142865658
    first_peak_weight: 0.600000023842
    onset_rate: 3.28979492188
    second_peak_bpm: 76
    second_peak_spread: 0
    second_peak_weight: 0.0666666701436
    beats_position: [0.359798669815, 0.964019179344, 1.56823980808, 2.17246031761, 2.77668070793, 3.38090133667, 3.98512172699, 4.58934211731, 5.19356298447, 5.79778337479, 6.58389568329, 7.20581626892, 7.82773590088, 8.44965553284, 9.07157516479, 9.69349479675]
    bpm_estimates: [99.1726150513, 99.1845321655, 99.1499938965, 99.6676940918, 99.1657409668, 99.5461425781, 99.3600387573, 99.1681060791, 96.5010681152, 96.4194564819, 96.222328186, 96.8123703003, 96.4240646362]
    bpm_intervals: [0.604220509529, 0.604220628738, 0.604220509529, 0.60422039032, 0.604220628738, 0.60422039032, 0.60422039032, 0.604220867157, 0.60422039032, 0.786112308502, 0.621920585632, 0.621919631958, 0.621919631958, 0.621919631958, 0.621919631958]
    onset_times: [0.0580498874187, 0.719818592072, 0.952018141747, 1.33514738083, 1.55573701859, 2.04335594177, 2.46131515503, 2.50775504112, 2.54258513451, 2.60063481331, 2.77478456497, 3.13469386101, 3.3785033226, 3.79646253586, 4.02866220474, 4.37696123123, 4.60916090012, 5.23609972, 5.3754196167, 5.53795909882, 5.74693870544, 5.87464857101, 6.01396846771, 6.14167785645, 6.43192720413, 6.8382768631, 7.05886602402, 7.44199562073, 7.8831744194, 8.04571437836, 8.27791404724, 8.91646289825, 10.0310201645]
    rubato_start: []
    rubato_stop: []
    perceptual_tempo: "unknown"

sfx:
    inharmonicity:
        dmean: 0.0241472739726
        dmean2: 0.0437237173319
        dvar: 0.00145102327224
        dvar2: 0.0044473814778
        max: 0.406524121761
        mean: 0.0205083116889
        min: 2.84657085103e-06
        var: 0.00105017342139
    oddtoevenharmonicenergyratio:
        dmean: 2.25554990768
        dmean2: 4.30163812637
        dvar: 34.2456626892
        dvar2: 97.83203125
        max: 59.1343231201
        mean: 1.69690239429
        min: 0.000213361767237
        var: 22.7373027802
    pitch_after_max_to_before_max_energy_ratio: 6.99948596954
    pitch_centroid: 218.594833374
    pitch_max_to_total: 0.155092597008
    pitch_min_to_total: 0.00462962966412
    tristimulus:
        dmean: [0.220335200429, 0.221363931894, 0.0462612845004]
        dmean2: [0.392717987299, 0.392746418715, 0.0818315669894]
        dvar: [0.0475832298398, 0.0484812445939, 0.00312585011125]
        dvar2: [0.126295313239, 0.130985677242, 0.00945938564837]
        max: [0.985603392124, 0.998216629028, 0.347461044788]
        mean: [0.555934309959, 0.379852116108, 0.0516579188406]
        min: [0.00178344652522, 0, 0]
        var: [0.0663182586432, 0.0638129115105, 0.00324892089702]

tonal:
    chords_changes_rate: 0.0462962947786
    chords_number_rate: 0.037037037313
    chords_strength:
        dmean: 0.00887335184962
        dmean2: 0.00544839166105
        dvar: 7.97741813585e-05
        dvar2: 3.79436824005e-05
        max: 0.791853368282
        mean: 0.594543814659
        min: 0.300012767315
        var: 0.00997492298484
    key_strength: 0.490981191397
    tuning_diatonic_strength: 0.382397174835
    tuning_equal_tempered_deviation: 0.155214220285
    tuning_frequency: 434.946166992
    tuning_nontempered_energy_ratio: 0.761607766151
    hpcp:
        dmean: [0.0406793728471, 0.0927111878991, 0.118054069579, 0.123626559973, 0.0968143045902, 0.100144781172, 0.103301972151, 0.0742736905813, 0.0271145273, 0.0298691075295, 0.0809645280242, 0.0912788286805, 0.0591068677604, 0.0397064574063, 0.0388083830476, 0.0301732160151, 0.0271833464503, 0.0346073359251, 0.0563878268003, 0.0620649829507, 0.0818883851171, 0.0640177875757, 0.0657790005207, 0.0393190942705, 0.0328538753092, 0.0426882952452, 0.0786685943604, 0.0965843945742, 0.062641479075, 0.0461130924523, 0.0366926826537, 0.0475011058152, 0.0906791388988, 0.105683617294, 0.088830165565, 0.0358459204435]
        dmean2: [0.0698299333453, 0.152372390032, 0.190011873841, 0.195601895452, 0.150857940316, 0.166500270367, 0.153183683753, 0.113561615348, 0.0462459363043, 0.0473741069436, 0.122643865645, 0.148594230413, 0.0941425785422, 0.0615724772215, 0.0572057962418, 0.0449460037053, 0.039707031101, 0.0559304319322, 0.0879884064198, 0.0990671738982, 0.132473304868, 0.100713416934, 0.10854639858, 0.0674927309155, 0.0577073097229, 0.0723157227039, 0.128480434418, 0.148309469223, 0.107152469456, 0.0792403891683, 0.0633705034852, 0.0750859901309, 0.152465924621, 0.168098121881, 0.146078571677, 0.0594879984856]
        dvar: [0.00736132543534, 0.0162837263197, 0.037967197597, 0.0257379915565, 0.0183764994144, 0.0230275113136, 0.0220808833838, 0.0128450524062, 0.00284190103412, 0.00363465771079, 0.0176804810762, 0.0226099397987, 0.00926748290658, 0.00492111919448, 0.0067647350952, 0.00694519048557, 0.00564944930375, 0.00578392157331, 0.015407172963, 0.0124994497746, 0.0189207270741, 0.016021233052, 0.00993481278419, 0.00399596337229, 0.00337908160873, 0.00886853970587, 0.0163650941104, 0.0200915653259, 0.0157086718827, 0.0080495737493, 0.00856197439134, 0.00681434199214, 0.0205745082349, 0.0297831129283, 0.0223988108337, 0.00596489896998]
        dvar2: [0.0169018693268, 0.0373552925885, 0.0837964639068, 0.058732945472, 0.0417831242085, 0.0589305572212, 0.0493409372866, 0.0285320803523, 0.00691878143698, 0.00833093747497, 0.0418182276189, 0.0555793605745, 0.0234659444541, 0.00874704308808, 0.0125745022669, 0.0121183358133, 0.0113301537931, 0.0146018005908, 0.0339463464916, 0.0299149733037, 0.0515929497778, 0.0287383217365, 0.0266379844397, 0.0108178071678, 0.00905141141266, 0.02238320373, 0.0404450185597, 0.0512714199722, 0.0448992289603, 0.0210250876844, 0.0220971331, 0.0158326663077, 0.053642641753, 0.0674006268382, 0.0618703700602, 0.0157219264656]
        max: [0.799726307392, 0.989586412907, 1, 1, 1, 1, 1, 1, 0.426982462406, 0.629223465919, 1, 1, 0.963119447231, 1, 1, 1, 1, 0.680354475975, 1, 1, 1, 1, 0.850450336933, 0.485336989164, 0.362927496433, 1, 1, 1, 1, 0.699702441692, 1, 1, 1, 1, 1, 0.631345391273]
        mean: [0.0476073436439, 0.193410694599, 0.357007265091, 0.300940006971, 0.15704652667, 0.190543815494, 0.288419604301, 0.16927228868, 0.0322857759893, 0.0380833409727, 0.136600792408, 0.183513849974, 0.119609631598, 0.0816288590431, 0.0628751218319, 0.0630220025778, 0.0529176406562, 0.0654957219958, 0.114104263484, 0.100820861757, 0.197374343872, 0.272004514933, 0.148185089231, 0.059601444751, 0.0395264402032, 0.0775938481092, 0.187811598182, 0.225534364581, 0.114127978683, 0.0655083954334, 0.159343034029, 0.156995505095, 0.185554310679, 0.256038159132, 0.140191525221, 0.0405806005001]
        min: [0.000397937983507, 0.00034453169792, 0.000362471444532, 0.0015058843419, 0.000943411141634, 0.000816893007141, 0.000333426432917, 0.00084852630971, 0.000292797136353, 0.000121280390886, 0.000180811111932, 0.000415049667936, 0.000548512674868, 0.000305053050397, 0.000734540051781, 0.000411730172345, 0.000195718108444, 0.000388294865843, 0.000469743768917, 0.000440312753199, 0.000240677167312, 6.91036329954e-05, 0.000146587757627, 0.000335581338732, 0.000284122797893, 0.00035818334436, 7.55174114602e-05, 5.71004675294e-05, 0.00011366554827, 0.00025799596915, 0.000187950747204, 0.000291532749543, 0.00102064106613, 0.000141724915011, 0.000249577395152, 0.000269777141511]
        var: [0.00900062453002, 0.0570057779551, 0.161924958229, 0.0999950766563, 0.0451851338148, 0.0570230074227, 0.120540015399, 0.0441181734204, 0.0027300384827, 0.00496985809878, 0.0546662025154, 0.087271027267, 0.0279080793262, 0.021100949496, 0.0229058731347, 0.0261314474046, 0.0204946603626, 0.0131759382784, 0.0453162975609, 0.0307283829898, 0.0811344087124, 0.149231418967, 0.0351068340242, 0.00521439500153, 0.0032810436096, 0.0228688754141, 0.0725034475327, 0.0826639607549, 0.0308540780097, 0.0159796383232, 0.11041674763, 0.0873238444328, 0.0562035962939, 0.111799046397, 0.0329496413469, 0.00691839447245]
    chords_histogram: [1.38888883591, 0, 5.09259271622, 2.31481480598, 0, 0, 0, 0, 17.1296291351, 4.16666650772, 0, 0, 41.203704834, 0, 0, 0, 0, 0.462962955236, 0, 0, 0, 0, 18.9814815521, 9.25925922394]
    thpcp: [1, 0.84295207262, 0.439897298813, 0.533725321293, 0.807881593704, 0.474142432213, 0.0904345065355, 0.106673851609, 0.382627487183, 0.514033913612, 0.335034161806, 0.228647619486, 0.17611721158, 0.176528632641, 0.148225665092, 0.183457672596, 0.319613277912, 0.282405644655, 0.552858054638, 0.761901915073, 0.415075838566, 0.166947424412, 0.110716067255, 0.217345297337, 0.526072204113, 0.631736040115, 0.319679707289, 0.183493167162, 0.446329951286, 0.439754366875, 0.519749403, 0.717179119587, 0.392685353756, 0.113668836653, 0.133351191878, 0.541755616665]
    chords_key: "F"
    chords_scale: "major"
    key_key: "B"
    key_scale: "major"
    chords_progression: ["D#", "D#", "D#", "D#", "D#", "D#", "D#", "D#", "D#", "Gm", "Gm", "Gm", "Gm", "Gm", "Gm", "Gm", "Gm", "Gm", "D#", "D#", "D#", "D#", "D#", "D#", "D#", "D#", "D#", "D#", "D#", "D#", "D#", "D#", "D#", "D#", "D#", "D#", "D#", "D#", "D#", "D#", "D#", "D#", "D#", "D#", "D#", "D#", "E", "E", "E", "E", "E", "E", "E", "E", "E", "E", "E", "E", "E", "E", "E", "E", "E", "E", "E", "E", "E", "E", "E", "E", "G#m", "G#m", "G#m", "G#m", "G#m", "G#m", "G#m", "G#m", "G#m", "G#m", "G#m", "G#m", "G#m", "G#m", "G#m", "G#m", "G#m", "G#m", "G#m", "G#m", "E", "E", "E", "E", "E", "E", "E", "E", "E", "E", "E", "E", "E", "E", "E", "E", "E", "B", "B", "B", "F", "F", "F", "F", "F", "F", "F", "F", "F", "F", "F", "F", "F", "F", "F", "F", "F", "F", "F", "F", "F", "F", "F", "F", "F", "F", "F", "F", "F", "F", "F", "F", "F", "F", "F", "F", "F", "F", "F", "F", "F", "F", "F", "F", "F", "F", "F", "F", "F", "F", "F", "F", "F", "F", "F", "F", "F", "F", "F", "F", "F", "F", "F", "F", "F", "F", "F", "F", "F", "F", "F", "F", "F", "F", "F", "F", "F", "F", "F", "F", "F", "F", "F", "F", "F", "F", "F", "F", "F", "F#", "F#", "F#", "F#", "F#", "F#", "F#", "F#", "F#", "F#", "F#", "A#m", "A#m", "A#m", "A#m", "A#m", "Bm"]
