
metadata:
    version:
        essentia: "1.2.2"
    audio_properties:
        analysis_sample_rate: 44100
        bitrate: 128
        channels: 2
        equal_loudness: 1
        length: 10.0048980713
        replay_gain: -8.11336326599
        downmix: "mix"
    tags:
        track: 36
        year: 0
        album: "Splitted by Mp3Splt v. 2.1"
        artist: "From 005.50 To 006.00"
        comment: "http://mp3splt.sf.net"
        genre: ""
        title: "02 Poison.mp3"

highlevel:
    ballroom:
        all:
            ChaChaCha: 0.409557014704
            Jive: 0.165560021996
            Quickstep: 0.0251443982124
            Rumba-American: 0.00239480356686
            Rumba-International: 0.00458649685606
            Rumba-Misc: 0.00359819689766
            Samba: 0.379090130329
            Tango: 0.00442567234859
            VienneseWaltz: 0.00296628894284
            Waltz: 0.00267700501718
        probability: 0.409557014704
        value: "ChaChaCha"
    culture:
        all:
            non_western: 0.117068447173
            western: 0.882931530476
        probability: 0.882931530476
        value: "western"
    gender:
        all:
            female: 0.577658057213
            male: 0.422341942787
        probability: 0.577658057213
        value: "female"
    genre_dortmund:
        all:
            alternative: 0.0181930884719
            blues: 0.00325218169019
            electronic: 0.65133523941
            folkcountry: 0.00176728551742
            funksoulrnb: 0.00353517453186
            jazz: 0.0190328024328
            pop: 0.00631732586771
            raphiphop: 0.14401628077
            rock: 0.15255060792
        probability: 0.65133523941
        value: "electronic"
    genre_electronica:
        all:
            ambient: 0.0121909920126
            dnb: 0.580939948559
            house: 0.0607567206025
            techno: 0.29529556632
            trance: 0.0508167631924
        probability: 0.580939948559
        value: "dnb"
    genre_rosamerica:
        all:
            cla: 0.00682308897376
            dan: 0.251149952412
            hip: 0.393609941006
            jaz: 0.00348794041201
            pop: 0.0232057664543
            rhy: 0.0647412836552
            roc: 0.25139772892
            spe: 0.00558432098478
        probability: 0.393609941006
        value: "hip"
    genre_tzanetakis:
        all:
            blu: 0.00738942855969
            cla: 0.00677540525794
            cou: 0.00740525312722
            dis: 0.169884845614
            hip: 0.226105317473
            jaz: 0.00736617809162
            met: 0.158127292991
            pop: 0.225707784295
            reg: 0.161347165704
            roc: 0.0298913251609
        probability: 0.226105317473
        value: "hip"
    live_studio:
        all:
            live: 0.0309933964163
            studio: 0.969006597996
        probability: 0.969006597996
        value: "studio"
    mood:
        all:
            Cluster1: 0.199491202831
            Cluster2: 0.0831928029656
            Cluster3: 0.0077993622981
            Cluster4: 0.0298758745193
            Cluster5: 0.679640769958
        probability: 0.679640769958
        value: "Cluster5"
    mood_acoustic:
        all:
            acoustic: 0.00843179877847
            not_acoustic: 0.991568207741
        probability: 0.991568207741
        value: "not_acoustic"
    mood_aggressive:
        all:
            aggressive: 0.975829422474
            not_aggressive: 0.0241705812514
        probability: 0.975829422474
        value: "aggressive"
    mood_electronic:
        all:
            electronic: 0.968827903271
            not_electronic: 0.0311720948666
        probability: 0.968827903271
        value: "electronic"
    mood_happy:
        all:
            happy: 0.204172641039
            not_happy: 0.795827388763
        probability: 0.795827388763
        value: "not_happy"
    mood_party:
        all:
            not_party: 0.0294982455671
            party: 0.97050178051
        probability: 0.97050178051
        value: "party"
    mood_relaxed:
        all:
            not_relaxed: 0.984358608723
            relaxed: 0.0156414136291
        probability: 0.984358608723
        value: "not_relaxed"
    mood_sad:
        all:
            not_sad: 0.989760756493
            sad: 0.010239248164
        probability: 0.989760756493
        value: "not_sad"
    rhythm:
        all:
            fast: 0.349652260542
            medium: 0.598401367664
            slow: 0.0519463308156
        probability: 0.598401367664
        value: "medium"
    speech_music:
        all:
            music: 0.971646130085
            speech: 0.0283538866788
        probability: 0.971646130085
        value: "music"
    timbre:
        all:
            bright: 0.299602091312
            dark: 0.700397908688
        probability: 0.700397908688
        value: "dark"
    voice_instrumental:
        all:
            instrumental: 0.232706382871
            voice: 0.76729363203
        probability: 0.76729363203
        value: "voice"

lowlevel:
    average_loudness: 0.978934943676
    barkbands_kurtosis:
        dmean: 1.84607172012
        dmean2: 2.80631899834
        dvar: 7.22688531876
        dvar2: 14.7792205811
        max: 26.0618610382
        mean: 0.572068035603
        min: -1.91585433483
        var: 12.2649793625
    barkbands_skewness:
        dmean: 0.719063103199
        dmean2: 0.971761882305
        dvar: 0.389925658703
        dvar2: 0.747245430946
        max: 4.42874717712
        mean: 0.123632967472
        min: -3.25875663757
        var: 1.70458984375
    barkbands_spread:
        dmean: 9.64945697784
        dmean2: 14.4759664536
        dvar: 72.6970291138
        dvar2: 150.208023071
        max: 71.1224594116
        mean: 35.2751235962
        min: 3.92993617058
        var: 234.831832886
    dissonance:
        dmean: 0.0111204795539
        dmean2: 0.0179986152798
        dvar: 0.000157255024533
        dvar2: 0.000387097621569
        max: 0.499910235405
        mean: 0.482879757881
        min: 0.383626282215
        var: 0.000242915513809
    hfc:
        dmean: 4.73328876495
        dmean2: 6.89448451996
        dvar: 50.4080200195
        dvar2: 117.075782776
        max: 41.1106147766
        mean: 6.49048519135
        min: 0.0339029617608
        var: 79.6207199097
    pitch:
        dmean: 1079.19885254
        dmean2: 2034.56152344
        dvar: 2313925
        dvar2: 4917742
        max: 4900
        mean: 1850.11816406
        min: 69.2307662964
        var: 3396257
    pitch_instantaneous_confidence:
        dmean: 0.082952670753
        dmean2: 0.133820787072
        dvar: 0.00426264526322
        dvar2: 0.00961407274008
        max: 0.895825386047
        mean: 0.340291947126
        min: 0.122245073318
        var: 0.0143611747772
    pitch_salience:
        dmean: 0.0682538747787
        dmean2: 0.104575023055
        dvar: 0.00389425479807
        dvar2: 0.0101029360667
        max: 0.854371845722
        mean: 0.680870056152
        min: 0.335721224546
        var: 0.00785447191447
    silence_rate_20dB:
        dmean: 0
        dmean2: 0
        dvar: 0
        dvar2: 0
        max: 1
        mean: 1
        min: 1
        var: 0
    silence_rate_30dB:
        dmean: 0
        dmean2: 0
        dvar: 0
        dvar2: 0
        max: 1
        mean: 1
        min: 1
        var: 0
    silence_rate_60dB:
        dmean: 0.186046510935
        dmean2: 0.372960358858
        dvar: 0.151433631778
        dvar2: 0.261832952499
        max: 1
        mean: 0.698375880718
        min: 0
        var: 0.210647657514
    spectral_centroid:
        dmean: 513.863830566
        dmean2: 713.221191406
        dvar: 244849.78125
        dvar2: 482150.03125
        max: 4152.625
        mean: 1865.0378418
        min: 211.280487061
        var: 966731.0625
    spectral_complexity:
        dmean: 4.99299049377
        dmean2: 6.97423887253
        dvar: 43.002281189
        dvar2: 82.8307266235
        max: 46
        mean: 8.64102554321
        min: 0
        var: 87.3350524902
    spectral_crest:
        dmean: 2.51709461212
        dmean2: 4.06535673141
        dvar: 4.93834209442
        dvar2: 13.0114469528
        max: 19.6529884338
        mean: 7.88255929947
        min: 2.76562285423
        var: 9.43368339539
    spectral_decrease:
        dmean: 4.300145795e-10
        dmean2: 6.47425002498e-10
        dvar: 6.5451487979e-19
        dvar2: 1.67250522505e-18
        max: -1.82936461118e-11
        mean: -6.10132722123e-10
        min: -8.25989854292e-09
        var: 6.75625511299e-19
    spectral_energy:
        dmean: 0.00202897167765
        dmean2: 0.00302580627613
        dvar: 1.22870651467e-05
        dvar2: 3.08042363031e-05
        max: 0.0336144864559
        mean: 0.00289148651063
        min: 7.29622115614e-05
        var: 1.40468055179e-05
    spectral_energyband_high:
        dmean: 0.000581301981583
        dmean2: 0.000873571960256
        dvar: 8.42519284561e-07
        dvar2: 1.95473194253e-06
        max: 0.00535627128556
        mean: 0.000703582772985
        min: 1.25090664937e-07
        var: 1.256101541e-06
    spectral_energyband_low:
        dmean: 0.00040114443982
        dmean2: 0.000673657690641
        dvar: 1.5232884607e-06
        dvar2: 3.88293074138e-06
        max: 0.0139444377273
        mean: 0.000396444316721
        min: 1.89793652794e-07
        var: 1.23760275983e-06
    spectral_energyband_middle_high:
        dmean: 0.000641531602014
        dmean2: 0.000942640239373
        dvar: 8.12061557554e-07
        dvar2: 1.9015202497e-06
        max: 0.00601345626637
        mean: 0.00104367616586
        min: 5.7347042457e-06
        var: 1.49452512233e-06
    spectral_energyband_middle_low:
        dmean: 0.000667823944241
        dmean2: 0.00113800680265
        dvar: 2.55378517977e-06
        dvar2: 6.9803295446e-06
        max: 0.0137131148949
        mean: 0.000747757090721
        min: 1.03887723526e-05
        var: 1.88970557247e-06
    spectral_flatness_db:
        dmean: 0.0210734456778
        dmean2: 0.0322551317513
        dvar: 0.000359752419172
        dvar2: 0.000922623323277
        max: 0.296753406525
        mean: 0.156343176961
        min: 0.0755385383964
        var: 0.00171709083952
    spectral_flux:
        dmean: 0.013352449052
        dmean2: 0.0200979541987
        dvar: 0.000327955902321
        dvar2: 0.000696625327691
        max: 0.141553133726
        mean: 0.0337539985776
        min: 0.00444841384888
        var: 0.000617626530584
    spectral_kurtosis:
        dmean: 1.58792996407
        dmean2: 2.6616795063
        dvar: 6.28377532959
        dvar2: 18.7505187988
        max: 31.7767028809
        mean: 2.78980636597
        min: -0.586696624756
        var: 12.7911701202
    spectral_rms:
        dmean: 0.000501939095557
        dmean2: 0.00067828479223
        dvar: 4.14127782733e-07
        dvar2: 9.31656757075e-07
        max: 0.00572665873915
        mean: 0.00143223931082
        min: 0.000266800750978
        var: 7.69654434407e-07
    spectral_rolloff:
        dmean: 756.378845215
        dmean2: 1172.92993164
        dvar: 763977.5625
        dvar2: 1652433.25
        max: 5921.63085938
        mean: 3498.06494141
        min: 193.798828125
        var: 1996677.875
    spectral_skewness:
        dmean: 0.268406480551
        dmean2: 0.402208685875
        dvar: 0.0809272900224
        dvar2: 0.186291083694
        max: 3.98433089256
        mean: 1.00580084324
        min: -0.11841892451
        var: 0.323134332895
    spectral_spread:
        dmean: 541917.875
        dmean2: 775458.3125
        dvar: 324756078592
        dvar2: 656851337216
        max: 9918616
        mean: 4505714.5
        min: 1413838.625
        var: 1.71051542118e+12
    spectral_strongpeak:
        dmean: 0.436707079411
        dmean2: 0.763283312321
        dvar: 0.769542098045
        dvar2: 2.0062110424
        max: 5.61474084854
        mean: 0.473207831383
        min: 0.0063619450666
        var: 0.772272825241
    zerocrossingrate:
        dmean: 0.0167190693319
        dmean2: 0.0157016161829
        dvar: 0.000173832857399
        dvar2: 0.000182358751772
        max: 0.197265625
        mean: 0.104895107448
        min: 0.015625
        var: 0.00174870376941
    barkbands:
        dmean: [5.41792019249e-07, 0.000120291530038, 0.000335980555974, 0.000277212122455, 0.000286906666588, 5.98665610596e-05, 6.14981399849e-05, 2.34118415392e-05, 5.59108157177e-05, 3.26973022311e-05, 2.28388889809e-05, 4.34372232121e-05, 3.16651858157e-05, 5.16901818628e-05, 3.58106590284e-05, 5.94817829551e-05, 7.56921290304e-05, 0.000152319698827, 0.000177472800715, 0.000225796859013, 0.000378504948458, 0.000103585021861, 1.7927677618e-05, 5.6922613112e-06, 1.21720904644e-06, 3.96495956068e-08, 3.60544261113e-10]
        dmean2: [8.41331257107e-07, 0.000198662819457, 0.000607384601608, 0.000495649001095, 0.000482936244225, 0.00010051530262, 0.00010766005289, 3.98961528845e-05, 8.58887724462e-05, 5.71913624299e-05, 3.46351371263e-05, 6.7670676799e-05, 5.29052740603e-05, 8.00915440777e-05, 4.9200727517e-05, 8.74250763445e-05, 0.000116775241622, 0.00023850906291, 0.000290940981358, 0.000339822901879, 0.000581704662181, 0.000166068100953, 2.8953401852e-05, 9.61890782492e-06, 1.8006579694e-06, 5.20719396491e-08, 4.9869086638e-10]
        dvar: [1.16135345698e-12, 1.11306469819e-07, 1.42091744237e-06, 7.69556322666e-07, 4.82681002723e-07, 2.89138260001e-08, 2.95431963337e-08, 2.14196194115e-09, 6.19591578044e-09, 5.74997471858e-09, 1.12541631569e-09, 4.74356953717e-09, 3.37988792509e-09, 2.20815667973e-08, 5.21522469654e-09, 8.88463080884e-09, 1.55872328378e-08, 7.52001128035e-08, 8.17196550429e-08, 1.36944578344e-07, 3.9580640987e-07, 3.91211507633e-08, 1.73458825081e-09, 2.21860543825e-10, 7.4690722357e-12, 8.19334885176e-15, 6.06184670813e-18]
        dvar2: [2.4497814801e-12, 2.90931296831e-07, 3.91497133023e-06, 2.21672439693e-06, 1.27501164116e-06, 8.26555961453e-08, 8.15306222535e-08, 5.88974602422e-09, 1.5283205812e-08, 1.59913291498e-08, 2.47662490516e-09, 1.16298446429e-08, 9.24564158566e-09, 5.95431437489e-08, 1.18891501089e-08, 2.17201669983e-08, 4.2362806596e-08, 1.784896142e-07, 1.97288855475e-07, 3.15780312121e-07, 9.09136247174e-07, 1.02116338496e-07, 4.4785508635e-09, 6.05696603984e-10, 1.67140173229e-11, 1.38681909245e-14, 6.3568730813e-18]
        max: [9.84832149697e-06, 0.00317462859675, 0.0133956540376, 0.00948398001492, 0.00547316577286, 0.00147198874038, 0.00107300805394, 0.000346273765899, 0.00047077841009, 0.000661503057927, 0.000495772925206, 0.000464726093924, 0.000663890037686, 0.00217902590521, 0.000864187255502, 0.000907191308215, 0.00125690351706, 0.00189437158406, 0.00181111553684, 0.00261617172509, 0.00365564925596, 0.00117089797277, 0.000304539338686, 0.000105656377855, 1.98253037524e-05, 8.48161391787e-07, 5.0177440869e-08]
        mean: [9.63767888607e-07, 0.000117523428344, 0.000277986750007, 0.0002334612509, 0.000294508528896, 5.83973051107e-05, 5.1089686167e-05, 2.37587319134e-05, 7.96447857283e-05, 3.26382905769e-05, 3.06365072902e-05, 5.81569875067e-05, 3.93872069253e-05, 7.60939728934e-05, 5.16675718245e-05, 8.12803118606e-05, 9.45657811826e-05, 0.000204399228096, 0.000225571275223, 0.000291454372928, 0.000432234199252, 0.000109549517219, 1.88782378245e-05, 5.88162674831e-06, 1.70512180375e-06, 5.58811272811e-08, 3.92687465878e-10]
        min: [4.8412471948e-11, 1.23811201291e-08, 7.78591484618e-08, 8.14012310002e-07, 2.08582287087e-06, 4.87552028972e-07, 4.96617751367e-08, 1.2492344581e-07, 7.77758884851e-07, 1.99674687451e-07, 3.02927787743e-07, 2.31351648949e-07, 2.10532803635e-07, 3.06171727971e-07, 2.88464150344e-07, 4.79705192902e-07, 3.9898770865e-07, 5.77268394863e-07, 2.97181372844e-07, 1.3165548296e-07, 4.82957887016e-08, 4.79985073909e-09, 6.32807306555e-10, 4.40254360745e-10, 1.51998899578e-10, 3.17498826709e-12, 3.57453832972e-15]
        var: [2.17885366867e-12, 9.71380273995e-08, 9.34371712447e-07, 4.60897098264e-07, 4.28808107245e-07, 1.90648066223e-08, 1.9252327732e-08, 1.62241375889e-09, 9.42724120989e-09, 4.0441889837e-09, 2.16605955394e-09, 6.95024393593e-09, 4.06323019675e-09, 3.18331281335e-08, 7.94684229533e-09, 1.46746534924e-08, 1.89397049155e-08, 1.05095722347e-07, 1.08525902931e-07, 2.06209051612e-07, 5.67110475913e-07, 3.98486257325e-08, 1.56545698626e-09, 1.88513427091e-10, 1.3485305754e-11, 1.93926431445e-14, 6.21923188174e-18]
    mfcc:
        mean: [-762.835083008, 96.8293838501, -44.8708839417, 65.1217803955, -21.9581871033, 12.9365463257, 2.07711720467, 0.236519515514, 1.69514894485, -4.25558662415, -5.72308635712, -5.22151708603, -11.7622852325]
        cov: [[6530.22607422, -2295.8515625, 473.013549805, -218.015884399, -75.9978485107, -258.404327393, -136.808120728, -59.2872467041, -86.8729248047, -21.4644012451, 33.3169326782, 122.767204285, 181.640197754], [-2295.8515625, 1857.359375, -416.897064209, -0.616363406181, 225.470031738, 62.9152107239, 69.384513855, 31.7871437073, 47.207572937, 61.8664054871, 26.8687267303, 5.42396688461, 13.6320743561], [473.013549805, -416.897064209, 1086.10986328, 303.017181396, -54.6607666016, -10.5270624161, 2.14473485947, 34.5869941711, 33.9893951416, -13.4988040924, -11.3696479797, 14.4602117538, 31.3636684418], [-218.015884399, -0.616363406181, 303.017181396, 394.387023926, -6.60531759262, 49.0430679321, -19.3470745087, 20.90625, 15.5674514771, 1.9390655756, -25.3269824982, -14.5041856766, -29.4865226746], [-75.9978485107, 225.470031738, -54.6607666016, -6.60531759262, 304.576507568, 57.0327415466, 69.7742080688, -10.4053726196, -1.88273751736, 20.38804245, 15.5218162537, 1.35498857498, 40.0354042053], [-258.404327393, 62.9152107239, -10.5270624161, 49.0430679321, 57.0327415466, 126.927658081, 53.7899436951, 34.9219055176, 17.1633777618, 8.93721580505, 4.0849647522, 2.91611146927, 10.2983675003], [-136.808120728, 69.384513855, 2.14473485947, -19.3470745087, 69.7742080688, 53.7899436951, 100.703163147, 43.1170883179, 31.1854496002, 20.0120296478, 17.3762760162, 15.6517734528, 26.8178939819], [-59.2872467041, 31.7871437073, 34.5869941711, 20.90625, -10.4053726196, 34.9219055176, 43.1170883179, 82.2795333862, 45.2053260803, 27.6825218201, 18.9750823975, 22.2826328278, 15.8417730331], [-86.8729248047, 47.207572937, 33.9893951416, 15.5674514771, -1.88273751736, 17.1633777618, 31.1854496002, 45.2053260803, 66.3277587891, 32.0451278687, 22.9316444397, 18.9074630737, 16.003452301], [-21.4644012451, 61.8664054871, -13.4988040924, 1.9390655756, 20.38804245, 8.93721580505, 20.0120296478, 27.6825218201, 32.0451278687, 55.3509788513, 29.9093265533, 19.5974369049, 16.5978813171], [33.3169326782, 26.8687267303, -11.3696479797, -25.3269824982, 15.5218162537, 4.0849647522, 17.3762760162, 18.9750823975, 22.9316444397, 29.9093265533, 49.0318946838, 25.6503448486, 25.3017139435], [122.767204285, 5.42396688461, 14.4602117538, -14.5041856766, 1.35498857498, 2.91611146927, 15.6517734528, 22.2826328278, 18.9074630737, 19.5974369049, 25.6503448486, 44.4731178284, 32.6687316895], [181.640197754, 13.6320743561, 31.3636684418, -29.4865226746, 40.0354042053, 10.2983675003, 26.8178939819, 15.8417730331, 16.003452301, 16.5978813171, 25.3017139435, 32.6687316895, 66.2016448975]]
        icov: [[0.000419196061557, 0.000541104294825, 2.95620957331e-05, 7.31903855922e-05, -0.00041584004066, 0.000667464802973, 0.000560060376301, -0.000384770100936, 0.000407805375289, -0.00027283365489, 0.00040164749953, -0.000769523379859, -0.00103409506846], [0.000541104294825, 0.00138385919854, 0.000358853023499, -0.000137198745506, -0.00100052042399, 0.000975309754722, 0.000674818351399, -0.00061800214462, 5.90716372244e-05, -0.000623819127213, 0.000645508989692, -0.00094444246497, -0.00131139426958], [2.95620957331e-05, 0.000358853023499, 0.00152582058217, -0.0013751280494, 6.71315647196e-05, 0.000956093193963, -0.000567174109165, -0.000225083422265, -0.000633389048744, 0.000904615793843, 9.27779765334e-05, 0.000157686561579, -0.00158303487115], [7.31903855922e-05, -0.000137198745506, -0.0013751280494, 0.00439275382087, -0.000536323757842, -0.00229223305359, 0.00263078906573, -0.000823643116746, -0.000586317211855, -0.00152800604701, 0.00206440244801, -0.000591825111769, 0.00227565411478], [-0.00041584004066, -0.00100052042399, 6.71315647196e-05, -0.000536323757842, 0.00588264036924, -0.00183296378236, -0.00441504362971, 0.00372886308469, 0.00129278854001, -0.00179397477768, -0.00100981001742, 0.0032839414198, -0.00239721429534], [0.000667464802973, 0.000975309754722, 0.000956093193963, -0.00229223305359, -0.00183296378236, 0.0135226855054, -0.00447747902945, -0.00426263501868, 0.00143205118366, 0.00132173043676, 0.000455140281701, 0.000403645797633, -0.00271809706464], [0.000560060376301, 0.000674818351399, -0.000567174109165, 0.00263078906573, -0.00441504362971, -0.00447747902945, 0.0211946163327, -0.0078097670339, -0.00324070639908, 0.000336170633091, 0.00104431749787, -0.00104032026138, -0.00277224439196], [-0.000384770100936, -0.00061800214462, -0.000225083422265, -0.000823643116746, 0.00372886308469, -0.00426263501868, -0.0078097670339, 0.026683786884, -0.0104680433869, -0.00370283494703, 0.000629795889836, -0.00517647946253, 0.00188183004502], [0.000407805375289, 5.90716372244e-05, -0.000633389048744, -0.000586317211855, 0.00129278854001, 0.00143205118366, -0.00324070639908, -0.0104680433869, 0.0307288598269, -0.00956985726953, -0.00350190629251, -0.000386954867281, -0.00177864031866], [-0.00027283365489, -0.000623819127213, 0.000904615793843, -0.00152800604701, -0.00179397477768, 0.00132173043676, 0.000336170633091, -0.00370283494703, -0.00956985726953, 0.0349548943341, -0.0148101346567, -0.00234799878672, 0.00176567037124], [0.00040164749953, 0.000645508989692, 9.27779765334e-05, 0.00206440244801, -0.00100981001742, 0.000455140281701, 0.00104431749787, 0.000629795889836, -0.00350190629251, -0.0148101346567, 0.0405183397233, -0.0129661243409, -0.00492091244087], [-0.000769523379859, -0.00094444246497, 0.000157686561579, -0.000591825111769, 0.0032839414198, 0.000403645797633, -0.00104032026138, -0.00517647946253, -0.000386954867281, -0.00234799878672, -0.0129661243409, 0.0481408648193, -0.0165395271033], [-0.00103409506846, -0.00131139426958, -0.00158303487115, 0.00227565411478, -0.00239721429534, -0.00271809706464, -0.00277224439196, 0.00188183004502, -0.00177864031866, 0.00176567037124, -0.00492091244087, -0.0165395271033, 0.0325513295829]]
    spectral_contrast:
        mean: [3.01145007597e-07, -6.16609327153e-07, -2.39651654965e-07, -9.0457689339e-08, 5.10586176006e-07, -2.90702899974e-07, -1.79289793323e-06, 1.13887938369e-06, -3.52244001078e-06, -2.73014279628e-06, -5.10182417202e-06, -2.28734552365e-06]
        var: [0.000422437558882, 0.000966715393588, 0.00123192183673, 0.00147283799015, 0.00232329941355, 0.00438450044021, 0.074761249125, 0.0970343500376, 0.189056918025, 0.548743188381, 0.687600493431, 3.81587052345]

rhythm:
    beats_loudness:
        dmean: 0.00334523362108
        dmean2: 0.00614561187103
        dvar: 5.26328858541e-06
        dvar2: 1.70720431925e-05
        max: 0.0136011140421
        mean: 0.00755983171985
        min: 0.00164136500098
        var: 8.12640155345e-06
    beats_loudness_bass:
        dmean: 0.308985114098
        dmean2: 0.618133604527
        dvar: 0.0387793183327
        dvar2: 0.107180245221
        max: 0.580268263817
        mean: 0.192089244723
        min: 0.00109678739682
        var: 0.0482481271029
    bpm: 104.641586304
    bpm_confidence: 0
    first_peak_bpm: 105
    first_peak_spread: 0
    first_peak_weight: 0.933333337307
    onset_rate: 5.09750318527
    second_peak_bpm: 66
    second_peak_spread: 0
    second_peak_weight: 0.0666666701436
    beats_position: [0.589884102345, 1.16358399391, 1.73728382587, 2.31098365784, 2.88468360901, 3.45838332176, 4.03208303452, 4.60578250885, 5.17948246002, 6.08587503433, 6.65895032883, 7.23202562332, 7.80510139465, 8.37817668915, 8.95125198364, 9.52432727814]
    bpm_estimates: [104.561470032, 104.460075378, 104.673065186, 104.784210205, 104.428138733, 104.435768127, 104.488296509, 104.425361633, 104.617843628, 104.971641541, 104.609802246, 104.81854248, 104.689071655, 104.814826965, 104.478546143, 104.70967865, 104.706893921, 105.095573425, 104.680389404, 104.382347107]
    bpm_intervals: [0.573699891567, 0.573699831963, 0.573699831963, 0.573699951172, 0.573699712753, 0.573699712753, 0.573699474335, 0.573699951172, 0.90639257431, 0.573075294495, 0.573075294495, 0.573075771332, 0.573075294495, 0.573075294495, 0.573075294495]
    onset_times: [0.0812698379159, 0.441179126501, 0.580498874187, 0.801088452339, 0.859138309956, 1.05650794506, 1.16099774837, 1.35836732388, 1.46285712719, 1.59056687355, 1.74149656296, 2.0549659729, 2.31038546562, 2.61224484444, 2.89088439941, 3.16952371597, 3.47138333321, 3.66875290871, 3.76163268089, 3.95900225639, 4.051882267, 4.31891155243, 4.49306106567, 4.62077093124, 4.91102027893, 5.20126962662, 5.47990942001, 5.78176879883, 5.95591831207, 6.07201814651, 6.24616765976, 6.3622674942, 6.58285713196, 6.61768722534, 6.80344676971, 6.91954660416, 7.20979595184, 7.50004529953, 7.72063493729, 7.79029464722, 8.08054447174, 8.28952407837, 8.37079334259, 8.56816291809, 8.67265319824, 8.88163280487, 8.93968296051, 9.11383247375, 9.22993183136, 9.50857162476, 9.81043052673]
    rubato_start: []
    rubato_stop: []
    perceptual_tempo: "unknown"

sfx:
    inharmonicity:
        dmean: 0.0562709197402
        dmean2: 0.0964884608984
        dvar: 0.00314582837746
        dvar2: 0.00791009422392
        max: 0.387275993824
        mean: 0.0666164085269
        min: 0
        var: 0.00432376423851
    oddtoevenharmonicenergyratio:
        dmean: 2.99689722061
        dmean2: 5.69016838074
        dvar: 63.1704750061
        dvar2: 183.946762085
        max: 68.6576843262
        mean: 1.94650518894
        min: 0
        var: 35.6879501343
    pitch_after_max_to_before_max_energy_ratio: 31.8508472443
    pitch_centroid: 221.999267578
    pitch_max_to_total: 0.0839160829782
    pitch_min_to_total: 0.529137551785
    tristimulus:
        dmean: [0.191749915481, 0.270362436771, 0.188945889473]
        dmean2: [0.33161598444, 0.471276134253, 0.332465618849]
        dvar: [0.0347671322525, 0.0509020984173, 0.029685055837]
        dvar2: [0.0849829912186, 0.148232772946, 0.0794002637267]
        max: [1, 0.975031852722, 0.828743815422]
        mean: [0.317611515522, 0.428401559591, 0.191458627582]
        min: [0.00576319685206, 0, 0]
        var: [0.0583629868925, 0.0682438760996, 0.0393273457885]

tonal:
    chords_changes_rate: 0.0972222238779
    chords_number_rate: 0.0185185186565
    chords_strength:
        dmean: 0.0122666694224
        dmean2: 0.0142211634666
        dvar: 8.26559844427e-05
        dvar2: 0.00012215130846
        max: 0.571577310562
        mean: 0.465454131365
        min: 0.35892945528
        var: 0.00207993225195
    key_strength: 0.550392925739
    tuning_diatonic_strength: 0.440167188644
    tuning_equal_tempered_deviation: 0.304499864578
    tuning_frequency: 436.960693359
    tuning_nontempered_energy_ratio: 0.957495748997
    hpcp:
        dmean: [0.0938969478011, 0.13735614717, 0.167068332434, 0.210529357195, 0.262827038765, 0.254806607962, 0.229591682553, 0.199085459113, 0.147873148322, 0.140535488725, 0.150476232171, 0.153358384967, 0.202197507024, 0.257295697927, 0.232818484306, 0.180769115686, 0.181774109602, 0.208316639066, 0.253046959639, 0.335831105709, 0.311857968569, 0.270723640919, 0.193018555641, 0.127478286624, 0.119194693863, 0.124644078314, 0.135463416576, 0.144405573606, 0.157460555434, 0.162951126695, 0.160394966602, 0.168455347419, 0.201065286994, 0.156516954303, 0.0988739877939, 0.0818271040916]
        dmean2: [0.161694660783, 0.236145570874, 0.278969228268, 0.363189280033, 0.4444681108, 0.409687787294, 0.379797756672, 0.329360455275, 0.259742647409, 0.243266254663, 0.256551891565, 0.247453674674, 0.32141238451, 0.422905743122, 0.391224056482, 0.304421067238, 0.306893438101, 0.36833974719, 0.449943512678, 0.574142634869, 0.5342040658, 0.476640969515, 0.353177815676, 0.23182849586, 0.216678723693, 0.208649292588, 0.214501455426, 0.238525956869, 0.26496604085, 0.275804460049, 0.276772230864, 0.292584747076, 0.335415840149, 0.264792263508, 0.173033937812, 0.137278839946]
        dvar: [0.0111807025969, 0.0212829038501, 0.0362347364426, 0.0486432537436, 0.049711804837, 0.0530867613852, 0.0459195673466, 0.0364536270499, 0.0324576981366, 0.0334005095065, 0.0338928699493, 0.0328916236758, 0.0341147221625, 0.0507324934006, 0.0474309027195, 0.0372469909489, 0.0437513440847, 0.0558785609901, 0.0638945549726, 0.0732185766101, 0.0708643570542, 0.0737425088882, 0.0562849752605, 0.0319964587688, 0.0385879687965, 0.0318140350282, 0.0185046307743, 0.0237529017031, 0.0308608654886, 0.0296761319041, 0.0261451415718, 0.0240449160337, 0.034658536315, 0.027906127274, 0.0189740229398, 0.0113906208426]
        dvar2: [0.0271514784545, 0.0568321682513, 0.0995742827654, 0.121968396008, 0.125021442771, 0.127120092511, 0.112023159862, 0.0993867665529, 0.0886350497603, 0.0931356847286, 0.0900087654591, 0.080410182476, 0.0690739825368, 0.098957054317, 0.111106187105, 0.106838405132, 0.117736041546, 0.151709064841, 0.181457176805, 0.199320495129, 0.158164441586, 0.167647525668, 0.155098631978, 0.0957252755761, 0.109487883747, 0.0878713130951, 0.040007378906, 0.0569137819111, 0.0719353482127, 0.0717588141561, 0.0636345371604, 0.0630389004946, 0.0878959298134, 0.069344855845, 0.0532536655664, 0.0278911888599]
        max: [0.814684987068, 0.850505411625, 1, 1, 1, 1, 1, 1, 1, 1, 1, 1, 1, 1, 1, 1, 1, 1, 1, 1, 1, 1, 1, 0.914091348648, 1, 1, 1, 0.953598082066, 1, 1, 0.843962728977, 1, 1, 1, 0.956747233868, 0.965775489807]
        mean: [0.132831454277, 0.16839247942, 0.194796726108, 0.234726697206, 0.350440353155, 0.467469096184, 0.391862928867, 0.260262519121, 0.200163632631, 0.17141520977, 0.183830156922, 0.209340393543, 0.328287959099, 0.451993942261, 0.358935296535, 0.226166278124, 0.236181139946, 0.246940478683, 0.267885625362, 0.378660738468, 0.442904412746, 0.319409698248, 0.166715681553, 0.129393547773, 0.128042832017, 0.155650526285, 0.209640532732, 0.201283589005, 0.189404830337, 0.214346215129, 0.219581395388, 0.255506426096, 0.278397798538, 0.199644207954, 0.118672266603, 0.10797265172]
        min: [0.00297136767767, 0.00856216624379, 0.00552192144096, 0.00424616457894, 0.0121909799054, 0.0211115591228, 0.0105853006244, 0.00377558427863, 0.00343648158014, 0.00391919305548, 0.00338115193881, 0.0013679045951, 0.0108491238207, 0.0286735035479, 0.019342623651, 0.00242113182321, 0.00243690679781, 0.00300931720994, 0.00265486864373, 0.0167371425778, 0.0224308818579, 0.00896461028606, 0.00149512873031, 0.00118946796283, 0.00173847505357, 0.00365697289817, 0.00731630437076, 0.00490076560527, 0.0051594292745, 0.00615557376295, 0.00695754820481, 0.0110822143033, 0.0100441984832, 0.00322208856232, 0.00153149140533, 0.000974076625425]
        var: [0.016686597839, 0.0242101270705, 0.036890424788, 0.0545917786658, 0.0716102197766, 0.110102124512, 0.0809398964047, 0.0501263923943, 0.0414341464639, 0.0315479822457, 0.0337464176118, 0.0398824885488, 0.0588040612638, 0.096973977983, 0.0712168216705, 0.0410512648523, 0.0500026866794, 0.0594971813262, 0.0631025582552, 0.0889162048697, 0.114766694605, 0.0864308327436, 0.0435543246567, 0.0256409142166, 0.030906483531, 0.0316968113184, 0.0370971187949, 0.0372942201793, 0.0426317788661, 0.040815051645, 0.0363432466984, 0.0362873971462, 0.0597983524203, 0.0402994565666, 0.0197623167187, 0.0162912756205]
    chords_histogram: [18.9814815521, 0, 0, 0, 0, 0, 0, 0, 0, 0, 0, 0, 0, 0, 0, 0, 0, 43.055557251, 36.1111106873, 0.462962955236, 0, 0, 0, 1.38888883591]
    thpcp: [1, 0.838264882565, 0.556748092175, 0.42818582058, 0.366687804461, 0.393245577812, 0.447816550732, 0.702266633511, 0.966895878315, 0.767826795578, 0.483810126781, 0.505233705044, 0.52824985981, 0.573055267334, 0.810023069382, 0.947451770306, 0.683274447918, 0.356634646654, 0.276795953512, 0.27390652895, 0.332964301109, 0.448458582163, 0.430581599474, 0.405170798302, 0.458524882793, 0.469723880291, 0.546573936939, 0.595542669296, 0.427074670792, 0.253861188889, 0.23097281158, 0.284150242805, 0.360221624374, 0.416705042124, 0.502122402191, 0.749654591084]
    chords_key: "D#"
    chords_scale: "minor"
    key_key: "D#"
    key_scale: "major"
    chords_progression: ["D#m", "D#m", "D#m", "D#m", "D#m", "D#m", "D#m", "D#m", "D#m", "D#m", "D#m", "D#m", "D#m", "D#m", "D#m", "D#m", "D#m", "D#m", "D#m", "D#m", "D#m", "D#m", "D#m", "D#m", "D#m", "D#m", "D#m", "D#m", "D#m", "D#m", "D#m", "D#m", "D#m", "D#m", "D#m", "D#m", "D#m", "D#m", "D#m", "D#m", "D#m", "D#m", "D#m", "F#", "D#", "D#", "D#", "D#", "D#", "D#", "D#", "D#", "D#", "D#", "D#", "D#", "D#", "D#", "D#", "D#", "D#", "D#", "D#", "D#", "D#", "D#", "D#", "D#", "D#", "D#", "D#", "D#", "D#", "F#", "F#", "F#", "F#", "F#", "D#m", "D#m", "D#m", "D#m", "D#m", "D#m", "D#m", "D#m", "D#m", "D#m", "D#m", "D#m", "D#m", "D#m", "D#m", "D#m", "F#", "D#m", "D#m", "F#", "F#", "F#", "F#", "F#", "F#", "F#", "F#", "F#", "F#", "F#", "F#", "F#", "F#", "F#", "F#", "F#", "F#", "D#", "F#", "F#", "F#", "F#", "F#", "F#", "F#", "F#", "F#", "F#", "F#", "F#", "F#", "F#", "F#", "F#", "F#", "F#", "F#", "F#", "F#", "F#", "F#", "F#", "F#", "F#", "F#", "F#", "F#", "F#", "F#", "F#", "F#", "F#", "F#", "F#", "F#", "F#", "F#", "F#", "D#m", "D#m", "D#m", "D#m", "D#m", "D#", "D#", "D#", "D#", "D#m", "D#m", "D#m", "D#m", "D#m", "D#m", "D#m", "D#m", "D#m", "D#m", "D#m", "D#m", "D#m", "D#m", "D#m", "D#m", "D#m", "D#m", "D#m", "D#m", "D#m", "D#m", "D#m", "D#m", "D#m", "D#m", "D#m", "F#", "F#", "F#", "F#", "F#", "F#", "F#", "F#", "F#", "F#", "D#", "D#", "F#", "F#", "A#m", "F#", "D#", "D#", "D#", "D#", "Cm", "D#", "Cm", "Cm"]
