
metadata:
    version:
        essentia: "1.2.2"
    audio_properties:
        analysis_sample_rate: 44100
        bitrate: 128
        channels: 2
        equal_loudness: 1
        length: 10.0310201645
        replay_gain: -12.5042114258
        downmix: "mix"
    tags:
        track: 8
        year: 0
        album: "Splitted by Mp3Splt v. 2.1"
        artist: "From 001.10 To 001.20"
        comment: "http://mp3splt.sf.net"
        genre: ""
        title: "06 Devil.mp3"

highlevel:
    ballroom:
        all:
            ChaChaCha: 0.0633822232485
            Jive: 0.356624782085
            Quickstep: 0.140279233456
            Rumba-American: 0.0168889425695
            Rumba-International: 0.145178630948
            Rumba-Misc: 0.0330375730991
            Samba: 0.196651279926
            Tango: 0.00541842821985
            VienneseWaltz: 0.0322296135128
            Waltz: 0.0103092929348
        probability: 0.356624782085
        value: "Jive"
    culture:
        all:
            non_western: 1.21656903502e-05
            western: 0.999987840652
        probability: 0.999987840652
        value: "western"
    gender:
        all:
            female: 0.806966006756
            male: 0.193034023046
        probability: 0.806966006756
        value: "female"
    genre_dortmund:
        all:
            alternative: 0.0711834058166
            blues: 0.00949979387224
            electronic: 0.0174238532782
            folkcountry: 0.221871435642
            funksoulrnb: 0.00863549951464
            jazz: 0.0159030631185
            pop: 0.138879567385
            raphiphop: 0.00155463453848
            rock: 0.515048742294
        probability: 0.515048742294
        value: "rock"
    genre_electronica:
        all:
            ambient: 0.292187124491
            dnb: 0.377879500389
            house: 0.0121274376288
            techno: 0.00849658623338
            trance: 0.309309363365
        probability: 0.377879500389
        value: "dnb"
    genre_rosamerica:
        all:
            cla: 0.0383771657944
            dan: 0.0889561027288
            hip: 0.0179594941437
            jaz: 0.0496431142092
            pop: 0.333809107542
            rhy: 0.26989877224
            roc: 0.18965266645
            spe: 0.0117035526782
        probability: 0.333809107542
        value: "pop"
    genre_tzanetakis:
        all:
            blu: 0.00338324485347
            cla: 0.00365787558258
            cou: 0.340844929218
            dis: 0.0887676998973
            hip: 0.00595134450123
            jaz: 0.0235676858574
            met: 0.017673837021
            pop: 0.148482114077
            reg: 0.0237850621343
            roc: 0.343886196613
        probability: 0.343886196613
        value: "roc"
    live_studio:
        all:
            live: 0.0378995686769
            studio: 0.962100446224
        probability: 0.962100446224
        value: "studio"
    mood:
        all:
            Cluster1: 0.0715947598219
            Cluster2: 0.236930668354
            Cluster3: 0.430520921946
            Cluster4: 0.0913466513157
            Cluster5: 0.169606998563
        probability: 0.430520921946
        value: "Cluster3"
    mood_acoustic:
        all:
            acoustic: 0.167028427124
            not_acoustic: 0.832971572876
        probability: 0.832971572876
        value: "not_acoustic"
    mood_aggressive:
        all:
            aggressive: 0.223588898778
            not_aggressive: 0.776411116123
        probability: 0.776411116123
        value: "not_aggressive"
    mood_electronic:
        all:
            electronic: 0.136496573687
            not_electronic: 0.863503456116
        probability: 0.863503456116
        value: "not_electronic"
    mood_happy:
        all:
            happy: 0.697442054749
            not_happy: 0.302557945251
        probability: 0.697442054749
        value: "happy"
    mood_party:
        all:
            not_party: 0.889885723591
            party: 0.110114246607
        probability: 0.889885723591
        value: "not_party"
    mood_relaxed:
        all:
            not_relaxed: 0.259623497725
            relaxed: 0.740376472473
        probability: 0.740376472473
        value: "relaxed"
    mood_sad:
        all:
            not_sad: 0.0412534996867
            sad: 0.958746492863
        probability: 0.958746492863
        value: "sad"
    rhythm:
        all:
            fast: 0.800917685032
            medium: 0.190409898758
            slow: 0.00867240969092
        probability: 0.800917685032
        value: "fast"
    speech_music:
        all:
            music: 0.0324431732297
            speech: 0.967556834221
        probability: 0.967556834221
        value: "speech"
    timbre:
        all:
            bright: 0.0896500721574
            dark: 0.910349905491
        probability: 0.910349905491
        value: "dark"
    voice_instrumental:
        all:
            instrumental: 0.035396438092
            voice: 0.964603543282
        probability: 0.964603543282
        value: "voice"

lowlevel:
    average_loudness: 0.97856336832
    barkbands_kurtosis:
        dmean: 1.74786508083
        dmean2: 2.57596874237
        dvar: 8.04207038879
        dvar2: 17.7372665405
        max: 49.6390457153
        mean: 2.24414515495
        min: -1.88740301132
        var: 26.1867599487
    barkbands_skewness:
        dmean: 0.453616082668
        dmean2: 0.647629439831
        dvar: 0.190161958337
        dvar2: 0.392334491014
        max: 6.50535202026
        mean: 1.40631747246
        min: -1.66183400154
        var: 1.09811747074
    barkbands_spread:
        dmean: 5.12838840485
        dmean2: 7.37560081482
        dvar: 25.2583217621
        dvar2: 45.8049354553
        max: 65.6319351196
        mean: 25.9741230011
        min: 3.66370749474
        var: 163.034423828
    dissonance:
        dmean: 0.0198842082173
        dmean2: 0.0325113236904
        dvar: 0.00031710404437
        dvar2: 0.000802536669653
        max: 0.497020959854
        mean: 0.453577131033
        min: 0.333583384752
        var: 0.000802057445981
    hfc:
        dmean: 1.610034585
        dmean2: 2.23783779144
        dvar: 6.86560106277
        dvar2: 14.6186418533
        max: 22.4468269348
        mean: 4.83170890808
        min: 0.402203530073
        var: 16.7791404724
    pitch:
        dmean: 436.559082031
        dmean2: 846.438659668
        dvar: 1225948.25
        dvar2: 3089455.25
        max: 4900
        mean: 719.555175781
        min: 73.2558135986
        var: 1710299.25
    pitch_instantaneous_confidence:
        dmean: 0.0809788182378
        dmean2: 0.126147300005
        dvar: 0.00605056062341
        dvar2: 0.0143905971199
        max: 0.825015664101
        mean: 0.452682107687
        min: 0.138112008572
        var: 0.029589407146
    pitch_salience:
        dmean: 0.0612646825612
        dmean2: 0.0999520644546
        dvar: 0.00335817993619
        dvar2: 0.00805033091456
        max: 0.838890850544
        mean: 0.624831140041
        min: 0.309123635292
        var: 0.00871046632528
    silence_rate_20dB:
        dmean: 0
        dmean2: 0
        dvar: 0
        dvar2: 0
        max: 1
        mean: 1
        min: 1
        var: 0
    silence_rate_30dB:
        dmean: 0
        dmean2: 0
        dvar: 0
        dvar2: 0
        max: 1
        mean: 1
        min: 1
        var: 0
    silence_rate_60dB:
        dmean: 0.1252900213
        dmean2: 0.248837202787
        dvar: 0.109592348337
        dvar2: 0.205522283912
        max: 1
        mean: 0.377314805984
        min: 0
        var: 0.234947875142
    spectral_centroid:
        dmean: 210.329742432
        dmean2: 307.872711182
        dvar: 86728.390625
        dvar2: 197606.359375
        max: 4208.73730469
        mean: 991.085632324
        min: 228.368026733
        var: 282234.96875
    spectral_complexity:
        dmean: 2.650349617
        dmean2: 3.91588783264
        dvar: 16.2879962921
        dvar2: 32.8152961731
        max: 37
        mean: 9.24651145935
        min: 2
        var: 37.5439300537
    spectral_crest:
        dmean: 2.39799499512
        dmean2: 3.92584943771
        dvar: 4.22186231613
        dvar2: 10.9207105637
        max: 20.0606403351
        mean: 9.38004589081
        min: 2.74781632423
        var: 11.0627555847
    spectral_decrease:
        dmean: 3.19885756772e-10
        dmean2: 4.71653438527e-10
        dvar: 1.75955081092e-19
        dvar2: 3.78155439798e-19
        max: -1.40569486606e-10
        mean: -1.09000886095e-09
        min: -4.15133039056e-09
        var: 4.2679691684e-19
    spectral_energy:
        dmean: 0.00133030547295
        dmean2: 0.00194252608344
        dvar: 3.18169418279e-06
        dvar2: 6.84083488522e-06
        max: 0.0172713324428
        mean: 0.00455219345167
        min: 0.00056702218717
        var: 7.69616781326e-06
    spectral_energyband_high:
        dmean: 0.000125360922539
        dmean2: 0.000182562172995
        dvar: 5.78313255062e-08
        dvar2: 1.21217112792e-07
        max: 0.00275476439856
        mean: 0.00026862390223
        min: 4.77838693769e-06
        var: 1.29366426904e-07
    spectral_energyband_low:
        dmean: 0.000137342198286
        dmean2: 0.000225141367991
        dvar: 2.41269972889e-08
        dvar2: 6.32274748114e-08
        max: 0.00110549503006
        mean: 0.00023853869061
        min: 9.75980401563e-06
        var: 3.7126657304e-08
    spectral_energyband_middle_high:
        dmean: 0.000387854379369
        dmean2: 0.000552306359168
        dvar: 4.3520338977e-07
        dvar2: 8.77214745287e-07
        max: 0.00597486784682
        mean: 0.00110710656736
        min: 2.98619197565e-05
        var: 1.29533691506e-06
    spectral_energyband_middle_low:
        dmean: 0.00101708911825
        dmean2: 0.00151275855023
        dvar: 1.37921642818e-06
        dvar2: 3.29312570102e-06
        max: 0.01209877152
        mean: 0.00293792807497
        min: 0.000256956554949
        var: 3.38803079103e-06
    spectral_flatness_db:
        dmean: 0.0162809714675
        dmean2: 0.0243322737515
        dvar: 0.000180736649781
        dvar2: 0.000329828733811
        max: 0.267376691103
        mean: 0.161633774638
        min: 0.0916184931993
        var: 0.00112267921213
    spectral_flux:
        dmean: 0.00915039051324
        dmean2: 0.0131940729916
        dvar: 9.86050945357e-05
        dvar2: 0.000178686750587
        max: 0.100067488849
        mean: 0.0351610928774
        min: 0.00926528591663
        var: 0.000291604112135
    spectral_kurtosis:
        dmean: 0.860922336578
        dmean2: 1.31055438519
        dvar: 0.907496035099
        dvar2: 2.00791501999
        max: 11.2534513474
        mean: 3.43587875366
        min: -0.588545084
        var: 3.85865092278
    spectral_rms:
        dmean: 0.000295921316138
        dmean2: 0.000427016930189
        dvar: 1.18478510558e-07
        dvar2: 2.4131205123e-07
        max: 0.00410488480702
        mean: 0.00201500952244
        min: 0.000743769051041
        var: 3.80900814889e-07
    spectral_rolloff:
        dmean: 519.45690918
        dmean2: 830.336547852
        dvar: 489457.40625
        dvar2: 927996.25
        max: 5986.23046875
        mean: 1965.68054199
        min: 193.798828125
        var: 1898204.75
    spectral_skewness:
        dmean: 0.150667697191
        dmean2: 0.221527889371
        dvar: 0.026280708611
        dvar2: 0.0441636182368
        max: 2.55186486244
        mean: 1.54210090637
        min: 0.27917188406
        var: 0.165060937405
    spectral_spread:
        dmean: 544982.3125
        dmean2: 713093
        dvar: 731900084224
        dvar2: 949276508160
        max: 19218870
        mean: 5676104.5
        min: 2552737.25
        var: 2.42445870694e+12
    spectral_strongpeak:
        dmean: 0.236021921039
        dmean2: 0.395417153835
        dvar: 0.156030490994
        dvar2: 0.441607922316
        max: 3.74189925194
        mean: 0.516252577305
        min: 0.0250703003258
        var: 0.286726355553
    zerocrossingrate:
        dmean: 0.00869117863476
        dmean2: 0.00954772345722
        dvar: 9.58669697866e-05
        dvar2: 9.84355574474e-05
        max: 0.17529296875
        mean: 0.0653615519404
        min: 0.009765625
        var: 0.000778417452239
    barkbands:
        dmean: [6.97162008123e-08, 4.17442388425e-05, 0.000116431489005, 0.000312169198878, 0.000425055477535, 0.000382138241548, 0.000151504660607, 8.71395823197e-05, 0.000280856795143, 5.65859772905e-05, 7.24430210539e-05, 2.59377757175e-05, 6.30697832094e-05, 4.32738488598e-05, 5.2527153457e-05, 4.626619193e-05, 5.63701905776e-05, 7.58900278015e-05, 0.000104349550384, 8.08973563835e-05, 7.17721995898e-05, 1.71482806763e-05, 5.63967159906e-06, 3.01988961837e-06, 1.43497231875e-06, 5.85567967448e-08, 3.3047864445e-09]
        dmean2: [1.0768118841e-07, 7.16536960681e-05, 0.000187288198504, 0.000526399700902, 0.000664455757942, 0.000609470298514, 0.000246597861405, 0.000128080340801, 0.00041043543024, 9.41866164794e-05, 0.000110298809886, 4.29203391832e-05, 9.24520354602e-05, 6.52911185171e-05, 8.39528584038e-05, 7.07746075932e-05, 9.31491013034e-05, 0.000121027587738, 0.000153227389092, 0.000127317718579, 0.000106508516183, 2.53660982708e-05, 8.14597296994e-06, 4.25439884566e-06, 2.0779289116e-06, 8.44367349373e-08, 3.49082229789e-09]
        dvar: [2.50527578554e-14, 3.77645159588e-09, 1.92092848295e-08, 2.14368625961e-07, 1.80969635721e-07, 2.59647038092e-07, 1.04517866362e-07, 7.72182744413e-08, 3.63940699799e-07, 6.97861111121e-08, 2.50811140745e-08, 3.29173954761e-09, 2.17774811517e-08, 9.9697547995e-09, 2.03906616036e-08, 1.16402816275e-08, 1.24003669555e-08, 2.03203107674e-08, 2.55859156084e-08, 1.83334769588e-08, 2.57592880359e-08, 1.00307151474e-09, 1.30515764862e-10, 5.11105983925e-11, 8.94584753497e-12, 1.28852193536e-14, 4.04637210376e-15]
        dvar2: [4.77267456513e-14, 1.05949604645e-08, 5.03548740483e-08, 5.63199591852e-07, 4.58160258177e-07, 6.34101070318e-07, 2.37306807094e-07, 1.0488502511e-07, 7.88222052961e-07, 1.94584401925e-07, 5.61967894441e-08, 8.29194846119e-09, 3.96717716455e-08, 2.30313723648e-08, 5.28546486578e-08, 2.06391241875e-08, 3.02655749351e-08, 4.93975527149e-08, 6.34983763348e-08, 4.04195112935e-08, 5.59284174528e-08, 2.39793873646e-09, 2.77371958735e-10, 1.24984828043e-10, 1.81615434497e-11, 2.59628286887e-14, 4.05373070249e-15]
        max: [1.42006228998e-06, 0.000590305891819, 0.00102291069925, 0.00361281447113, 0.00357817416079, 0.0055314488709, 0.0023048450239, 0.00605845637619, 0.00641801813617, 0.00375449075364, 0.00195355433971, 0.000704728648998, 0.00235032220371, 0.00123058701865, 0.00154631200712, 0.00220077019185, 0.000895534933079, 0.00119365518913, 0.00143749010749, 0.00113914092071, 0.00233565596864, 0.000311940122629, 0.000139445561217, 9.57448210102e-05, 4.61253803223e-05, 1.38420136864e-06, 1.3196290638e-06]
        mean: [9.30464452154e-08, 5.58470455871e-05, 0.000182599949767, 0.00049899413716, 0.000890355498996, 0.000645927037112, 0.000192154111573, 0.000129598614876, 0.000567472481634, 7.00288583175e-05, 0.000172804211616, 3.58634897566e-05, 0.00012907742348, 6.32424198557e-05, 7.0423418947e-05, 8.15946550574e-05, 8.50004798849e-05, 0.000122717799968, 0.000221255817451, 0.000156015797984, 0.000128366387798, 3.11674120894e-05, 1.19378901218e-05, 6.12735038885e-06, 3.40981023328e-06, 1.20150431826e-07, 3.32975491624e-09]
        min: [4.50472402436e-11, 1.23596782942e-06, 1.16024637009e-06, 1.00175893749e-05, 3.16811747325e-05, 1.06993484223e-05, 1.48154822455e-06, 1.56604528456e-06, 2.49704021371e-06, 1.8870769054e-06, 1.03179934285e-06, 1.01821137832e-06, 1.11921940515e-06, 1.99376017918e-06, 1.2193135035e-06, 1.81719371994e-06, 3.55660040441e-06, 6.63532773615e-06, 4.82452560391e-06, 3.83160113415e-06, 1.13524254175e-06, 2.79389325897e-07, 5.13582563144e-08, 7.80871634021e-09, 1.64232172306e-09, 9.94689539069e-11, 5.01676770872e-13]
        var: [3.69868489948e-14, 3.54728046936e-09, 3.08360341705e-08, 2.48792389357e-07, 3.39373798397e-07, 6.33435604414e-07, 1.27215614043e-07, 1.8373242483e-07, 1.03250226857e-06, 4.93207821251e-08, 1.05964147679e-07, 3.25913829258e-09, 8.90934828135e-08, 1.78653358773e-08, 2.41232793741e-08, 4.44852759074e-08, 1.87714235267e-08, 2.65683066658e-08, 7.82317641779e-08, 3.00193541136e-08, 5.52945849108e-08, 1.91331417376e-09, 3.20864779191e-10, 9.76174419076e-11, 2.89354564614e-11, 3.29628055266e-14, 4.03892414305e-15]
    mfcc:
        mean: [-720.404724121, 117.623153687, -19.8404636383, 51.2271270752, -12.913649559, -6.60251712799, 0.93917953968, -9.04921722412, -10.5361337662, -6.44146633148, -9.54649162292, -9.22988033295, -9.71366500854]
        cov: [[2627.69555664, -1016.99914551, 26.8562297821, -444.97833252, -270.439178467, -104.254341125, -119.108146667, -17.8747940063, 74.5616836548, 85.7581481934, 25.1290817261, 21.6152935028, -54.3042831421], [-1016.99914551, 911.075073242, -221.684036255, 74.483039856, 47.8347587585, -22.1171760559, 108.093688965, 21.5241451263, -54.0294418335, -6.807970047, 27.1049079895, -28.8280391693, 57.876335144], [26.8562297821, -221.684036255, 251.332199097, -0.5120626688, 8.38499069214, 31.1551933289, -12.6332845688, 0.432148456573, -12.2742853165, -22.0073051453, -10.9834108353, 15.2384338379, -5.23069190979], [-444.97833252, 74.483039856, -0.5120626688, 306.653686523, 114.005455017, 6.18547105789, -57.1396522522, -0.410904824734, -12.6639766693, -48.0467376709, -32.4268455505, 25.4330539703, -7.54873657227], [-270.439178467, 47.8347587585, 8.38499069214, 114.005455017, 128.716964722, 6.40641069412, -26.743560791, -6.00372457504, -4.55187892914, -7.73025894165, -19.8645191193, -7.97112464905, -17.3029956818], [-104.254341125, -22.1171760559, 31.1551933289, 6.18547105789, 6.40641069412, 129.179626465, 45.8428115845, -10.0251274109, -7.10472679138, -7.64876890182, 0.113678403199, 3.04335260391, -0.981759786606], [-119.108146667, 108.093688965, -12.6332845688, -57.1396522522, -26.743560791, 45.8428115845, 131.736953735, 2.87702345848, -12.4429264069, -5.05352067947, 20.3549156189, -6.16436576843, 24.95911026], [-17.8747940063, 21.5241451263, 0.432148456573, -0.410904824734, -6.00372457504, -10.0251274109, 2.87702345848, 67.5451049805, 9.97122097015, 2.37634301186, 9.80352115631, 0.585426390171, 1.21369636059], [74.5616836548, -54.0294418335, -12.2742853165, -12.6639766693, -4.55187892914, -7.10472679138, -12.4429264069, 9.97122097015, 66.4722747803, 30.4032001495, 3.32694840431, -9.22191333771, -12.7443656921], [85.7581481934, -6.807970047, -22.0073051453, -48.0467376709, -7.73025894165, -7.64876890182, -5.05352067947, 2.37634301186, 30.4032001495, 73.9471130371, 17.5955543518, -11.751666069, -8.83214378357], [25.1290817261, 27.1049079895, -10.9834108353, -32.4268455505, -19.8645191193, 0.113678403199, 20.3549156189, 9.80352115631, 3.32694840431, 17.5955543518, 58.7195968628, 13.8828306198, 15.7528533936], [21.6152935028, -28.8280391693, 15.2384338379, 25.4330539703, -7.97112464905, 3.04335260391, -6.16436576843, 0.585426390171, -9.22191333771, -11.751666069, 13.8828306198, 53.794883728, 17.7387866974], [-54.3042831421, 57.876335144, -5.23069190979, -7.54873657227, -17.3029956818, -0.981759786606, 24.95911026, 1.21369636059, -12.7443656921, -8.83214378357, 15.7528533936, 17.7387866974, 50.0574798584]]
        icov: [[0.00143618590664, 0.00169876299333, 0.00126668834127, 0.00132268981542, 0.00120589719154, 0.000877552374732, 0.000503236893564, -1.90244754776e-05, 0.000688540574629, -0.00029728669324, -0.000146614154801, -0.000526315532625, 0.000464829878183], [0.00169876299333, 0.00411661714315, 0.00311447796412, 0.000801687128842, 0.000623047642875, 0.00160203804262, -0.000981251476333, -0.000784124829806, 0.00263379886746, -0.000865530222654, -0.000698896183167, 0.00104754115455, -0.00134878221434], [0.00126668834127, 0.00311447796412, 0.00684472406283, 0.00148731376976, -0.000237346990616, -0.000125401013065, 0.000185088400031, -0.00111190299504, 0.00231507583521, 0.000652543792967, 0.000162244381499, -0.000816220766865, -0.000494382868055], [0.00132268981542, 0.000801687128842, 0.00148731376976, 0.00804071035236, -0.00394710106775, -0.000164832235896, 0.00293486262672, -0.000554171274416, -0.000789491750766, 0.00331175769679, 0.00149366992991, -0.00454750517383, 0.000583218177781], [0.00120589719154, 0.000623047642875, -0.000237346990616, -0.00394710106775, 0.0144427353516, 0.000182067044079, 0.00118274439592, 0.00109134498052, 0.00143511744682, -0.00227500521578, 0.00037157573388, 0.00261123292148, 0.00326920324005], [0.000877552374732, 0.00160203804262, -0.000125401013065, -0.000164832235896, 0.000182067044079, 0.0105840796605, -0.00469693401828, 0.00137440057006, 0.00081653095549, -0.000541061977856, 2.89268227789e-05, -0.00120756635442, 0.00217213458382], [0.000503236893564, -0.000981251476333, 0.000185088400031, 0.00293486262672, 0.00118274439592, -0.00469693401828, 0.0133068682626, -0.000372828828404, -3.79445714316e-06, 0.00233099097386, -0.00245471927337, 0.00218295748346, -0.00375756900758], [-1.90244754776e-05, -0.000784124829806, -0.00111190299504, -0.000554171274416, 0.00109134498052, 0.00137440057006, -0.000372828828404, 0.0162186343223, -0.0033840474207, 0.00117480498739, -0.00282688671723, 7.51988045522e-05, 0.00109174090903], [0.000688540574629, 0.00263379886746, 0.00231507583521, -0.000789491750766, 0.00143511744682, 0.00081653095549, -3.79445714316e-06, -0.0033840474207, 0.0219020470977, -0.00838840007782, -0.000234994469793, 0.00247249659151, 0.00171451130882], [-0.00029728669324, -0.000865530222654, 0.000652543792967, 0.00331175769679, -0.00227500521578, -0.000541061977856, 0.00233099097386, 0.00117480498739, -0.00838840007782, 0.0214996691793, -0.0063280663453, 0.00202228082344, 0.00219062808901], [-0.000146614154801, -0.000698896183167, 0.000162244381499, 0.00149366992991, 0.00037157573388, 2.89268227789e-05, -0.00245471927337, -0.00282688671723, -0.000234994469793, -0.0063280663453, 0.0244859568775, -0.00774548156187, -0.00382451107726], [-0.000526315532625, 0.00104754115455, -0.000816220766865, -0.00454750517383, 0.00261123292148, -0.00120756635442, 0.00218295748346, 7.51988045522e-05, 0.00247249659151, 0.00202228082344, -0.00774548156187, 0.0284152198583, -0.00941022858024], [0.000464829878183, -0.00134878221434, -0.000494382868055, 0.000583218177781, 0.00326920324005, 0.00217213458382, -0.00375756900758, 0.00109174090903, 0.00171451130882, 0.00219062808901, -0.00382451107726, -0.00941022858024, 0.0304580405354]]
    spectral_contrast:
        mean: [4.67827163675e-08, 2.25780752316e-07, 6.28664409419e-08, 4.78777792523e-07, 2.80713607026e-07, 4.07806652447e-07, -3.80222195417e-06, -2.01484499485e-06, -2.12341547012e-07, 2.36256187236e-06, 2.92662275569e-06, -1.20886534205e-06]
        var: [0.000465723831439, 0.00094013067428, 0.00120862131007, 0.00204100576229, 0.00399996247143, 0.00851442478597, 0.0370220467448, 0.0872058048844, 0.094654455781, 0.151484698057, 0.269987255335, 1.180077672]

rhythm:
    beats_loudness:
        dmean: 0.0043044150807
        dmean2: 0.00678571220487
        dvar: 7.30416013539e-06
        dvar2: 2.0085444703e-05
        max: 0.0117365829647
        mean: 0.00707423314452
        min: 0.00160501757637
        var: 1.21929206216e-05
    beats_loudness_bass:
        dmean: 0.145092263818
        dmean2: 0.221292704344
        dvar: 0.012627247721
        dvar2: 0.0348770543933
        max: 0.530135512352
        mean: 0.166459202766
        min: 0.0139533905312
        var: 0.0175480693579
    bpm: 116.47026062
    bpm_confidence: 0
    first_peak_bpm: 116
    first_peak_spread: 0
    first_peak_weight: 0.944444477558
    onset_rate: 3.48917627335
    second_peak_bpm: 73
    second_peak_spread: 0
    second_peak_weight: 0.0555555559695
    beats_position: [0.235137030482, 0.752268016338, 1.26939892769, 1.78652989864, 2.3036608696, 2.82079172134, 3.33792304993, 3.85505390167, 4.37218475342, 4.88931560516, 5.40644598007, 6.23221635818, 6.74429750443, 7.25637865067, 7.76845979691, 8.28054141998, 8.79262256622, 9.30470371246, 9.8167848587]
    bpm_estimates: [116.243759155, 116.108551025, 116.646987915, 115.114982605, 116.061691284, 116.148498535, 116.049163818, 115.835876465, 117.606719971, 118.046279907, 114.987136841, 117.041954041, 118.221702576]
    bpm_intervals: [0.517130970955, 0.51713091135, 0.517130970955, 0.517130970955, 0.517130851746, 0.517131328583, 0.517130851746, 0.517130851746, 0.517130851746, 0.517130374908, 0.825770378113, 0.51208114624, 0.51208114624, 0.51208114624, 0.512081623077, 0.51208114624, 0.51208114624, 0.51208114624]
    onset_times: [0.0580498874187, 0.220589563251, 0.49922901392, 1.03328800201, 1.20743763447, 1.54412698746, 2.06657600403, 2.32199549675, 2.5890250206, 3.09986400604, 3.36689352989, 3.59909296036, 3.84290242195, 4.06349229813, 4.33052158356, 4.7020406723, 4.80653047562, 4.91102027893, 5.18966007233, 5.39863967896, 5.71210861206, 6.47836732864, 6.74539661407, 7.00081634521, 7.20979595184, 7.45360565186, 7.72063493729, 8.03410434723, 8.20825386047, 8.27791404724, 8.53333377838, 8.82358264923, 8.92807292938, 9.5666217804, 9.81043052673]
    rubato_start: []
    rubato_stop: []
    perceptual_tempo: "unknown"

sfx:
    inharmonicity:
        dmean: 0.0317010954022
        dmean2: 0.0558476895094
        dvar: 0.00125113094691
        dvar2: 0.00331503036432
        max: 0.222664296627
        mean: 0.0320861972868
        min: 7.06688661012e-05
        var: 0.00147757760715
    oddtoevenharmonicenergyratio:
        dmean: 2.36322784424
        dmean2: 4.43667697906
        dvar: 24.4332962036
        dvar2: 72.7771987915
        max: 30.4474182129
        mean: 1.72729611397
        min: 0.000285876245471
        var: 16.2067546844
    pitch_after_max_to_before_max_energy_ratio: 2.66236495972
    pitch_centroid: 259.280212402
    pitch_max_to_total: 0.488372087479
    pitch_min_to_total: 0.618604660034
    tristimulus:
        dmean: [0.213685825467, 0.226682126522, 0.0997881144285]
        dmean2: [0.378004223108, 0.385304272175, 0.17726059258]
        dvar: [0.0355491116643, 0.0356638841331, 0.0116411307827]
        dvar2: [0.094362474978, 0.0989133119583, 0.030107172206]
        max: [0.942098855972, 0.9689193964, 0.782090902328]
        mean: [0.453073978424, 0.421842217445, 0.103285521269]
        min: [0.00989551842213, 0, 0]
        var: [0.0551643669605, 0.0555611439049, 0.0170309096575]

tonal:
    chords_changes_rate: 0.0648148134351
    chords_number_rate: 0.0138888889924
    chords_strength:
        dmean: 0.00943962763995
        dmean2: 0.00981433410197
        dvar: 5.27039956069e-05
        dvar2: 6.74017428537e-05
        max: 0.77968108654
        mean: 0.665491461754
        min: 0.535044550896
        var: 0.00278995651752
    key_strength: 0.694163441658
    tuning_diatonic_strength: 0.623067140579
    tuning_equal_tempered_deviation: 0.1546792835
    tuning_frequency: 438.984558105
    tuning_nontempered_energy_ratio: 0.824400782585
    hpcp:
        dmean: [0.192347794771, 0.196541115642, 0.0941575020552, 0.0430163778365, 0.0482973568141, 0.0603171773255, 0.0696661546826, 0.0749676525593, 0.0989945009351, 0.116180561483, 0.107526257634, 0.0730772539973, 0.0666194707155, 0.0801755860448, 0.12356454879, 0.156784147024, 0.168001398444, 0.134000375867, 0.116536818445, 0.0995510295033, 0.145047292113, 0.179857492447, 0.218655601144, 0.233555585146, 0.209857016802, 0.180771932006, 0.0929429978132, 0.0681048706174, 0.0516392476857, 0.0558269545436, 0.0605042688549, 0.0599167980254, 0.091719597578, 0.104217678308, 0.110537812114, 0.186042428017]
        dmean2: [0.31657576561, 0.336132824421, 0.162373289466, 0.0686603188515, 0.0856572017074, 0.107405044138, 0.125506386161, 0.132212102413, 0.16600997746, 0.181696385145, 0.171986982226, 0.124834388494, 0.113597780466, 0.140290170908, 0.22068567574, 0.252456754446, 0.284614682198, 0.234840422869, 0.207918018103, 0.16640855372, 0.250511229038, 0.315732032061, 0.378553301096, 0.390718609095, 0.371015071869, 0.303754836321, 0.170850917697, 0.122794874012, 0.0918782055378, 0.100658342242, 0.102714084089, 0.0969735607505, 0.165079399943, 0.190168276429, 0.189102172852, 0.312008202076]
        dvar: [0.0506462156773, 0.0472490526736, 0.0106277633458, 0.00340588949621, 0.00737878400832, 0.015729336068, 0.0227480791509, 0.0130522930995, 0.0154815725982, 0.0260882098228, 0.025990607217, 0.0147630944848, 0.0115608135238, 0.0238813683391, 0.0280221682042, 0.0309557262808, 0.0433471500874, 0.0348185151815, 0.0464023984969, 0.0272025261074, 0.0536293201149, 0.0615190379322, 0.0715955346823, 0.061108905822, 0.0840963050723, 0.0461690984666, 0.0255375299603, 0.0227897446603, 0.0113713443279, 0.0142424330115, 0.0190110169351, 0.0129070170224, 0.0338876396418, 0.0269138664007, 0.0174379982054, 0.0454846285284]
        dvar2: [0.116002351046, 0.124452263117, 0.0276801176369, 0.00873132608831, 0.0232635121793, 0.0452988259494, 0.0620882362127, 0.0313717015088, 0.0338031575084, 0.0536677278578, 0.0693542361259, 0.0413200892508, 0.0302831232548, 0.0631856620312, 0.0721414163709, 0.0643040314317, 0.11727322638, 0.0849133506417, 0.125372350216, 0.0660223588347, 0.141031056643, 0.15023201704, 0.160865053535, 0.141636714339, 0.190021321177, 0.122016735375, 0.0713547766209, 0.0637537688017, 0.0316625162959, 0.0384382978082, 0.0432440154254, 0.03288526088, 0.0941156074405, 0.0752354115248, 0.0447630807757, 0.119035474956]
        max: [1, 1, 0.516955375671, 0.385835468769, 0.551907777786, 0.86380648613, 1, 0.692799210548, 1, 1, 1, 0.88322031498, 0.671355247498, 1, 1, 1, 1, 1, 1, 1, 1, 1, 1, 1, 1, 1, 0.915001034737, 1, 0.619697451591, 1, 1, 0.746975541115, 1, 0.914703369141, 0.838569819927, 1]
        mean: [0.394921153784, 0.285701036453, 0.102667294443, 0.0529265068471, 0.0501820035279, 0.0560133866966, 0.0645103827119, 0.081843867898, 0.144578620791, 0.191946774721, 0.139083713293, 0.0831947699189, 0.077854424715, 0.0789698734879, 0.13768710196, 0.272671073675, 0.268370956182, 0.147481366992, 0.0954932644963, 0.0899161323905, 0.128895223141, 0.206299513578, 0.272362351418, 0.378835141659, 0.417988747358, 0.237227573991, 0.0906487852335, 0.0651077330112, 0.0523248426616, 0.065015591681, 0.0782682523131, 0.0715078040957, 0.0814698413014, 0.091551579535, 0.111621685326, 0.252718895674]
        min: [0.00649726297706, 0.00742652453482, 0.00246569700539, 0.000852487282827, 0.000798579130787, 0.000613552343566, 0.00106686318759, 0.00207141577266, 0.0068757776171, 0.00537750637159, 0.00146614864934, 0.00236153090373, 0.00151514401659, 0.00206228578463, 0.00558143155649, 0.00427334662527, 0.0012300782837, 0.000824290094897, 0.00120004126802, 0.00139104400296, 0.0009401087882, 0.000952328031417, 0.00181175163016, 0.00212130649015, 0.00177594518755, 0.00188450247515, 0.00172518251929, 0.00166340253782, 0.00125892099459, 0.00160383735783, 0.00208789040335, 0.00137285108212, 0.00160233047791, 0.00119501224253, 0.00174019823316, 0.0031359102577]
        var: [0.114249534905, 0.0707587152719, 0.012767505832, 0.00405601970851, 0.00547691620886, 0.0104589331895, 0.0157187730074, 0.0132426451892, 0.0267289541662, 0.0541222766042, 0.0319361202419, 0.0129591412842, 0.0116994604468, 0.0199062582105, 0.027862848714, 0.0700126737356, 0.0824861377478, 0.0459463149309, 0.0365799181163, 0.0303043629974, 0.0556104630232, 0.0822805017233, 0.112727686763, 0.116236530244, 0.175300016999, 0.0732067748904, 0.0203121583909, 0.0160580445081, 0.0076217353344, 0.012715744786, 0.0280734468251, 0.0162181276828, 0.0247728805989, 0.0213933940977, 0.0185904055834, 0.0632778778672]
    chords_histogram: [9.25925922394, 0, 0, 0, 0, 0, 0, 0, 0, 0, 0, 0, 0, 0, 0, 0, 0, 0, 0, 0, 0, 0, 70.3703689575, 20.3703708649]
    thpcp: [1, 0.567545354366, 0.216868966818, 0.155764326453, 0.125182420015, 0.155543878675, 0.187249660492, 0.17107591033, 0.19490917027, 0.219028815627, 0.267044723034, 0.604606926441, 0.944812893867, 0.683513700962, 0.245622143149, 0.126621842384, 0.120055869222, 0.134006932378, 0.154335215688, 0.195803999901, 0.345891177654, 0.459215164185, 0.332745105028, 0.199035912752, 0.186259612441, 0.188928231597, 0.329403847456, 0.652340710163, 0.642053067684, 0.352835744619, 0.228458940983, 0.215116158128, 0.30837008357, 0.493552803993, 0.651602089405, 0.906328558922]
    chords_key: "D"
    chords_scale: "minor"
    key_key: "A"
    key_scale: "minor"
    chords_progression: ["F", "F", "F", "F", "F", "F", "F", "F", "F", "F", "F", "F", "F", "F", "F", "F", "F", "F", "F", "F", "Am", "Am", "Am", "Am", "Am", "Dm", "F", "F", "Am", "Am", "Am", "Am", "Am", "Am", "Am", "Am", "Am", "Am", "Am", "Dm", "Dm", "Dm", "Dm", "Am", "Dm", "Dm", "Am", "Am", "Am", "Dm", "Dm", "Dm", "Dm", "Dm", "Dm", "Dm", "Dm", "Dm", "Dm", "Dm", "Dm", "Dm", "Dm", "Dm", "Dm", "Dm", "Dm", "Dm", "Dm", "Dm", "Dm", "Dm", "Dm", "Dm", "Dm", "Dm", "Dm", "Dm", "Dm", "Dm", "Dm", "F", "Dm", "Dm", "Dm", "Dm", "Dm", "Dm", "Dm", "Dm", "Dm", "Dm", "Dm", "Dm", "Dm", "Dm", "Dm", "Dm", "Dm", "Dm", "Dm", "Dm", "Dm", "Dm", "Dm", "Dm", "Dm", "Dm", "Dm", "Dm", "Dm", "Dm", "Dm", "Dm", "Dm", "Dm", "Dm", "Dm", "Dm", "Dm", "Dm", "Dm", "Dm", "Dm", "Dm", "Dm", "Dm", "Dm", "Dm", "Dm", "Dm", "Dm", "Dm", "Dm", "Dm", "Dm", "Dm", "Dm", "Dm", "Dm", "Dm", "Dm", "Dm", "Dm", "Dm", "Dm", "Dm", "Dm", "Dm", "Dm", "Dm", "Dm", "Dm", "Dm", "Dm", "Dm", "Dm", "Dm", "Dm", "Dm", "Dm", "Dm", "Dm", "Dm", "Dm", "Dm", "Dm", "Dm", "Dm", "Dm", "Dm", "Dm", "Dm", "Dm", "Dm", "Dm", "Dm", "Dm", "Dm", "Dm", "Dm", "Dm", "Dm", "Dm", "Dm", "Dm", "Dm", "Dm", "Dm", "F", "F", "Dm", "Dm", "Dm", "Dm", "Dm", "Dm", "F", "F", "F", "F", "F", "F", "F", "F", "F", "F", "F", "F", "F", "F", "F", "F", "F", "F", "F"]
