
metadata:
    version:
        essentia: "1.2.2"
    audio_properties:
        analysis_sample_rate: 44100
        bitrate: 128
        channels: 2
        equal_loudness: 1
        length: 10.0048980713
        replay_gain: -7.78797912598
        downmix: "mix"
    tags:
        track: 27
        year: 0
        album: "Splitted by Mp3Splt v. 2.1"
        artist: "From 004.20 To 004.30"
        comment: "http://mp3splt.sf.net"
        genre: ""
        title: "07 Last Train.mp3"

highlevel:
    ballroom:
        all:
            ChaChaCha: 0.163118645549
            Jive: 0.207898572087
            Quickstep: 0.0839980021119
            Rumba-American: 0.00271078851074
            Rumba-International: 0.00743883568794
            Rumba-Misc: 0.00271439482458
            Samba: 0.520567595959
            Tango: 0.00226497161202
            VienneseWaltz: 0.0068050394766
            Waltz: 0.00248313252814
        probability: 0.520567595959
        value: "Samba"
    culture:
        all:
            non_western: 0.419423639774
            western: 0.580576360226
        probability: 0.580576360226
        value: "western"
    gender:
        all:
            female: 0.94205057621
            male: 0.0579494424164
        probability: 0.94205057621
        value: "female"
    genre_dortmund:
        all:
            alternative: 0.0213917586952
            blues: 0.0378274694085
            electronic: 0.203203007579
            folkcountry: 0.0184043776244
            funksoulrnb: 0.0430282875896
            jazz: 0.18712708354
            pop: 0.0448126755655
            raphiphop: 0.259865969419
            rock: 0.184339344501
        probability: 0.259865969419
        value: "raphiphop"
    genre_electronica:
        all:
            ambient: 0.0763585492969
            dnb: 0.872476875782
            house: 0.0091953529045
            techno: 0.0103081595153
            trance: 0.0316610895097
        probability: 0.872476875782
        value: "dnb"
    genre_rosamerica:
        all:
            cla: 0.0190803185105
            dan: 0.282831162214
            hip: 0.304101645947
            jaz: 0.0369787402451
            pop: 0.20683632791
            rhy: 0.0455514229834
            roc: 0.0998299494386
            spe: 0.00479041552171
        probability: 0.304101645947
        value: "hip"
    genre_tzanetakis:
        all:
            blu: 0.00212262943387
            cla: 0.00267015676945
            cou: 0.0160874444991
            dis: 0.219090715051
            hip: 0.0400927588344
            jaz: 0.0324617922306
            met: 0.00557568343356
            pop: 0.57342684269
            reg: 0.100637979805
            roc: 0.00783400051296
        probability: 0.57342684269
        value: "pop"
    live_studio:
        all:
            live: 0.0973064303398
            studio: 0.90269356966
        probability: 0.90269356966
        value: "studio"
    mood:
        all:
            Cluster1: 0.486601024866
            Cluster2: 0.221663162112
            Cluster3: 0.0427114292979
            Cluster4: 0.107080876827
            Cluster5: 0.141943529248
        probability: 0.486601024866
        value: "Cluster1"
    mood_acoustic:
        all:
            acoustic: 0.0127877192572
            not_acoustic: 0.987212300301
        probability: 0.987212300301
        value: "not_acoustic"
    mood_aggressive:
        all:
            aggressive: 0.661104798317
            not_aggressive: 0.338895231485
        probability: 0.661104798317
        value: "aggressive"
    mood_electronic:
        all:
            electronic: 0.916002810001
            not_electronic: 0.083997182548
        probability: 0.916002810001
        value: "electronic"
    mood_happy:
        all:
            happy: 0.243941158056
            not_happy: 0.756058871746
        probability: 0.756058871746
        value: "not_happy"
    mood_party:
        all:
            not_party: 0.220230162144
            party: 0.779769837856
        probability: 0.779769837856
        value: "party"
    mood_relaxed:
        all:
            not_relaxed: 0.901861071587
            relaxed: 0.0981389060616
        probability: 0.901861071587
        value: "not_relaxed"
    mood_sad:
        all:
            not_sad: 0.915366888046
            sad: 0.0846331343055
        probability: 0.915366888046
        value: "not_sad"
    rhythm:
        all:
            fast: 0.143920719624
            medium: 0.818093299866
            slow: 0.0379859693348
        probability: 0.818093299866
        value: "medium"
    speech_music:
        all:
            music: 0.999865829945
            speech: 0.000134161397
        probability: 0.999865829945
        value: "music"
    timbre:
        all:
            bright: 0.238950431347
            dark: 0.761049568653
        probability: 0.761049568653
        value: "dark"
    voice_instrumental:
        all:
            instrumental: 0.909398972988
            voice: 0.0906010046601
        probability: 0.909398972988
        value: "instrumental"

lowlevel:
    average_loudness: 0.976540982723
    barkbands_kurtosis:
        dmean: 1.14392662048
        dmean2: 1.8645465374
        dvar: 1.8126488924
        dvar2: 4.3396730423
        max: 12.6799602509
        mean: 0.208713933825
        min: -1.80016386509
        var: 3.78091406822
    barkbands_skewness:
        dmean: 0.497003287077
        dmean2: 0.771693944931
        dvar: 0.217686548829
        dvar2: 0.484240680933
        max: 3.03683519363
        mean: 0.613813519478
        min: -1.80100131035
        var: 0.788335025311
    barkbands_spread:
        dmean: 6.79537343979
        dmean2: 10.6227035522
        dvar: 36.895526886
        dvar2: 78.1012954712
        max: 65.5951309204
        mean: 31.3260231018
        min: 4.82429599762
        var: 135.75378418
    dissonance:
        dmean: 0.0218775030226
        dmean2: 0.0375734344125
        dvar: 0.000443288590759
        dvar2: 0.00119137216825
        max: 0.498660176992
        mean: 0.463118880987
        min: 0.357220739126
        var: 0.000701238343026
    hfc:
        dmean: 2.28101587296
        dmean2: 2.84121775627
        dvar: 14.2326116562
        dvar2: 22.1450595856
        max: 36.3367538452
        mean: 4.65538549423
        min: 1.66486142916e-06
        var: 36.905708313
    pitch:
        dmean: 736.363220215
        dmean2: 1431.6151123
        dvar: 1698563.25
        dvar2: 3912010.25
        max: 4410
        mean: 1039.61071777
        min: 72.6523895264
        var: 2018534.75
    pitch_instantaneous_confidence:
        dmean: 0.0969307646155
        dmean2: 0.153273329139
        dvar: 0.00692848535255
        dvar2: 0.0160138774663
        max: 0.832574248314
        mean: 0.405108034611
        min: 0.0154327750206
        var: 0.0193438623101
    pitch_salience:
        dmean: 0.0725256949663
        dmean2: 0.121574573219
        dvar: 0.00411217240617
        dvar2: 0.0105869527906
        max: 0.832911729813
        mean: 0.590007960796
        min: 0.339272260666
        var: 0.00871719792485
    silence_rate_20dB:
        dmean: 0
        dmean2: 0
        dvar: 0
        dvar2: 0
        max: 1
        mean: 1
        min: 1
        var: 0
    silence_rate_30dB:
        dmean: 0
        dmean2: 0
        dvar: 0
        dvar2: 0
        max: 1
        mean: 1
        min: 1
        var: 0
    silence_rate_60dB:
        dmean: 0.176334112883
        dmean2: 0.353488385677
        dvar: 0.145240217447
        dvar2: 0.27504581213
        max: 1
        mean: 0.604166686535
        min: 0
        var: 0.239150211215
    spectral_centroid:
        dmean: 309.578369141
        dmean2: 489.661071777
        dvar: 112109.335938
        dvar2: 253177.703125
        max: 2873.94702148
        mean: 1193.4029541
        min: 316.256134033
        var: 324583.90625
    spectral_complexity:
        dmean: 3.3651163578
        dmean2: 4.73659658432
        dvar: 18.4829921722
        dvar2: 26.5576248169
        max: 46
        mean: 9.72621822357
        min: 0
        var: 64.0642547607
    spectral_crest:
        dmean: 2.36428356171
        dmean2: 3.85926032066
        dvar: 5.69801998138
        dvar2: 13.718503952
        max: 20.7238636017
        mean: 7.62295627594
        min: 2.91621661186
        var: 10.4523696899
    spectral_decrease:
        dmean: 3.4892308487e-10
        dmean2: 4.9088039189e-10
        dvar: 2.48359143612e-19
        dvar2: 5.49153266254e-19
        max: -7.85163225567e-16
        mean: -8.00184807304e-10
        min: -5.78641801141e-09
        var: 4.8914911933e-19
    spectral_energy:
        dmean: 0.00149744539522
        dmean2: 0.00205559656024
        dvar: 4.4590115067e-06
        dvar2: 9.2055188361e-06
        max: 0.0243906285614
        mean: 0.00344233843498
        min: 3.11439718459e-09
        var: 9.65122308116e-06
    spectral_energyband_high:
        dmean: 0.000128163635964
        dmean2: 0.000190126054804
        dvar: 4.05394260383e-08
        dvar2: 8.2671370194e-08
        max: 0.00173440494109
        mean: 0.000212909828406
        min: 7.54295931271e-11
        var: 8.64102602804e-08
    spectral_energyband_low:
        dmean: 0.000328811147483
        dmean2: 0.000568442279473
        dvar: 3.19396235682e-07
        dvar2: 9.02297699668e-07
        max: 0.00527816824615
        mean: 0.000541978748515
        min: 1.4174285079e-09
        var: 3.80771496111e-07
    spectral_energyband_middle_high:
        dmean: 0.000699287862517
        dmean2: 0.000950898625888
        dvar: 1.36341930101e-06
        dvar2: 2.29204465541e-06
        max: 0.010243633762
        mean: 0.00133802345954
        min: 3.92728988219e-10
        var: 3.1096838029e-06
    spectral_energyband_middle_low:
        dmean: 0.000754977110773
        dmean2: 0.00121265929192
        dvar: 1.97038252736e-06
        dvar2: 5.02335433339e-06
        max: 0.0175151601434
        mean: 0.00134939420968
        min: 9.23951748444e-10
        var: 2.3018255888e-06
    spectral_flatness_db:
        dmean: 0.0190217941999
        dmean2: 0.0302340518683
        dvar: 0.000266349699814
        dvar2: 0.000666747742798
        max: 0.239607870579
        mean: 0.147353366017
        min: 0.0806488543749
        var: 0.000709736428689
    spectral_flux:
        dmean: 0.00940827094018
        dmean2: 0.0136415017769
        dvar: 0.000118458490761
        dvar2: 0.000232635502471
        max: 0.121405154467
        mean: 0.0345527604222
        min: 5.58067840757e-05
        var: 0.000324093562085
    spectral_kurtosis:
        dmean: 1.17612934113
        dmean2: 1.74272012711
        dvar: 1.22744607925
        dvar2: 3.18392324448
        max: 12.4472370148
        mean: 3.2760219574
        min: -0.183045148849
        var: 3.17418384552
    spectral_rms:
        dmean: 0.000364455161616
        dmean2: 0.000491619983222
        dvar: 1.46292961745e-07
        dvar2: 2.81278289549e-07
        max: 0.00487808743492
        mean: 0.00169773749076
        min: 1.74311105638e-06
        var: 4.76068038324e-07
    spectral_rolloff:
        dmean: 641.989746094
        dmean2: 1094.57885742
        dvar: 623161
        dvar2: 1347436.625
        max: 4565.0390625
        mean: 2348.66918945
        min: 215.33203125
        var: 1452645.875
    spectral_skewness:
        dmean: 0.218791246414
        dmean2: 0.327628284693
        dvar: 0.0411897711456
        dvar2: 0.0916543975472
        max: 2.8188726902
        mean: 1.49352753162
        min: 0.725076019764
        var: 0.145731776953
    spectral_spread:
        dmean: 945747.5625
        dmean2: 1180831.25
        dvar: 2.02098894438e+12
        dvar2: 2.7314660311e+12
        max: 31600074
        mean: 5591296
        min: 2937619
        var: 3.70835980288e+12
    spectral_strongpeak:
        dmean: 0.286094158888
        dmean2: 0.465747505426
        dvar: 0.222681730986
        dvar2: 0.503551125526
        max: 4.60748386383
        mean: 0.435541927814
        min: 0
        var: 0.438610881567
    zerocrossingrate:
        dmean: 0.0104662515223
        dmean2: 0.0125086503103
        dvar: 8.80449952092e-05
        dvar2: 0.000112110894406
        max: 0.142578125
        mean: 0.0759985372424
        min: 0.01953125
        var: 0.000611818104517
    barkbands:
        dmean: [1.55662959855e-07, 0.000127281789901, 0.000252283149166, 0.000250598997809, 0.000164326629601, 0.000322084291838, 0.000112575107778, 7.00971213519e-05, 0.00012057270942, 0.000155269444804, 3.66292406397e-05, 2.15540312638e-05, 3.42472230841e-05, 0.000111700617708, 3.17024678225e-05, 0.000106206796772, 8.15647144918e-05, 9.2020673037e-05, 0.000153889981448, 0.000166677185916, 5.12930273544e-05, 1.22712890516e-05, 3.78403024115e-06, 2.34886056205e-06, 2.2013787202e-06, 2.97898701263e-08, 2.31071800583e-10]
        dmean2: [2.10383106491e-07, 0.000209361431189, 0.000463937351014, 0.000425310747232, 0.000280268170172, 0.000501003640238, 0.00019366806373, 0.000109897409857, 0.000195830245502, 0.000245065195486, 6.01165556873e-05, 3.4713979403e-05, 5.31256773684e-05, 0.000148549472215, 4.78352412756e-05, 0.000152825654368, 0.000118785959785, 0.000135031019454, 0.000225827199756, 0.000224931078264, 7.96343374532e-05, 1.86146226042e-05, 5.46233422938e-06, 3.89923570765e-06, 3.09529809783e-06, 4.5440607721e-08, 3.34903577093e-10]
        dvar: [2.58369801248e-12, 3.91192003235e-08, 2.58271455778e-07, 1.69876756217e-07, 6.28766798627e-08, 1.58015222951e-06, 7.97402677222e-08, 1.20374581414e-08, 5.24911136779e-08, 1.86659988799e-07, 5.50372902808e-09, 1.68807912093e-09, 4.03655953107e-09, 1.39658894227e-07, 4.72368366644e-09, 5.43453282376e-08, 3.39279431216e-08, 6.25634442031e-08, 1.10549429166e-07, 7.64842482681e-08, 8.95593110783e-09, 3.35303257382e-10, 4.13857732806e-11, 1.8811702196e-11, 1.80720473308e-11, 2.50512365843e-15, 4.35751757017e-18]
        dvar2: [2.60102486424e-12, 9.65093818195e-08, 7.55708015276e-07, 4.25298111395e-07, 1.72732612214e-07, 4.08321011491e-06, 2.06621237453e-07, 2.77410858729e-08, 1.27094409663e-07, 4.3055413812e-07, 1.39745957028e-08, 3.94174959339e-09, 1.04169153303e-08, 2.73525586181e-07, 1.14010543228e-08, 1.15390946576e-07, 7.04685945152e-08, 1.27460069166e-07, 2.29757262105e-07, 1.32260112196e-07, 2.16416218279e-08, 7.40183525583e-10, 8.97786081588e-11, 5.06512887188e-11, 3.94549393157e-11, 6.16284274115e-15, 4.39487139227e-18]
        max: [3.33472526108e-05, 0.00169332989026, 0.00497725233436, 0.00364093435928, 0.00256298808381, 0.0163167025894, 0.00370654417202, 0.00123036373407, 0.00284767011181, 0.00492363562807, 0.000820467364974, 0.000323369371472, 0.000723789737094, 0.00553058693185, 0.000788241333794, 0.00307065946981, 0.00170353217982, 0.00245970999822, 0.0028783720918, 0.00288931885734, 0.000907241366804, 0.000153944405611, 7.55805012886e-05, 3.10236537189e-05, 4.79254558741e-05, 5.96478514581e-07, 4.3408924455e-08]
        mean: [2.8170427413e-07, 0.000265902548563, 0.00027582902112, 0.000279142375803, 0.000277425249806, 0.000368164037354, 0.000124934216728, 0.00010034773004, 0.000171636842424, 0.000200449401746, 4.5488410251e-05, 2.78645438812e-05, 5.39915054105e-05, 0.000180075847311, 4.79308437207e-05, 0.000178488509846, 0.000116171780974, 0.000146167774801, 0.000212470855331, 0.00026074401103, 7.79693073127e-05, 1.93860887521e-05, 5.64054289498e-06, 3.24111670125e-06, 2.55100894719e-06, 4.561217537e-08, 2.23009555267e-10]
        min: [3.3501701413e-10, 7.62902074847e-10, 3.57773255466e-10, 2.48067233422e-10, 3.38224115382e-10, 1.60882709932e-10, 8.21005763374e-11, 4.81692082055e-11, 4.2546698803e-11, 2.57857867003e-11, 3.12069363406e-11, 3.08445317898e-11, 4.94340228474e-11, 1.11712673834e-10, 9.82106063141e-11, 1.45155198625e-11, 8.64843873599e-12, 1.08897153447e-11, 1.06733745106e-11, 1.52400748271e-11, 2.04380921909e-11, 7.35135910479e-12, 7.74575976276e-12, 9.16200622314e-12, 7.25651049666e-12, 6.70643315187e-12, 1.68230890779e-14]
        var: [2.68691644455e-12, 6.41256931999e-08, 2.34216329886e-07, 1.73831665506e-07, 1.34814769126e-07, 1.44786474721e-06, 6.81233913724e-08, 2.32526655708e-08, 7.46151798126e-08, 2.73860962352e-07, 6.999287816e-09, 2.10011807944e-09, 7.70409780415e-09, 2.75944188388e-07, 6.06008487836e-09, 9.74566347622e-08, 5.55635963906e-08, 1.10510015361e-07, 1.851948781e-07, 1.75065650865e-07, 1.38236693203e-08, 6.04204131172e-10, 6.36956598576e-11, 1.8546070929e-11, 2.30618597136e-11, 3.30649687114e-15, 4.37576476089e-18]
    mfcc:
        mean: [-731.165527344, 113.619567871, -22.1536026001, 50.9365653992, -3.69914364815, -3.19321751595, 5.21176433563, -3.23653268814, 5.1714015007, 5.87218093872, -2.10539460182, -4.90507984161, -2.32317376137]
        cov: [[3116.31420898, -453.339874268, -431.127624512, 329.092529297, -176.618927002, -138.512786865, -57.7636909485, -136.807510376, -66.9538955688, -130.619338989, -32.6911582947, 13.925283432, -1.06972527504], [-453.339874268, 529.56640625, 4.7639040947, -186.839202881, -7.32581758499, -11.3323345184, -31.529510498, 38.255279541, 10.2205247879, 67.713394165, 10.7888908386, -27.8439922333, -22.9193477631], [-431.127624512, 4.7639040947, 432.282928467, -81.3760910034, 43.6643066406, 10.2139015198, 76.6939620972, 92.6593399048, 9.03771877289, 5.70014190674, -4.92893409729, -23.440820694, 3.03593683243], [329.092529297, -186.839202881, -81.3760910034, 285.968902588, -28.9069442749, -0.375403493643, 8.02299880981, -37.1363792419, -23.0109062195, -85.3198394775, -7.78368616104, 38.3119506836, 7.51628541946], [-176.618927002, -7.32581758499, 43.6643066406, -28.9069442749, 174.721633911, 80.6206283569, -18.8799819946, -42.4621734619, -17.3958396912, 34.33385849, 2.55274438858, 4.56188821793, 37.6068458557], [-138.512786865, -11.3323345184, 10.2139015198, -0.375403493643, 80.6206283569, 107.777931213, 15.6402931213, -30.1286659241, -7.79118442535, 19.735086441, 7.25135183334, -2.22005367279, 4.68395519257], [-57.7636909485, -31.529510498, 76.6939620972, 8.02299880981, -18.8799819946, 15.6402931213, 108.714790344, 72.4599456787, 13.1113462448, -15.5059890747, -24.6152076721, -28.6866989136, -33.267578125], [-136.807510376, 38.255279541, 92.6593399048, -37.1363792419, -42.4621734619, -30.1286659241, 72.4599456787, 132.707199097, 50.4671325684, -8.55857753754, -30.8157310486, -39.92628479, -37.037273407], [-66.9538955688, 10.2205247879, 9.03771877289, -23.0109062195, -17.3958396912, -7.79118442535, 13.1113462448, 50.4671325684, 72.5439529419, 23.9962978363, -13.2150688171, -30.3915195465, -29.7819271088], [-130.619338989, 67.713394165, 5.70014190674, -85.3198394775, 34.33385849, 19.735086441, -15.5059890747, -8.55857753754, 23.9962978363, 93.4952697754, 29.013917923, -16.3506622314, -13.0121469498], [-32.6911582947, 10.7888908386, -4.92893409729, -7.78368616104, 2.55274438858, 7.25135183334, -24.6152076721, -30.8157310486, -13.2150688171, 29.013917923, 58.3653793335, 33.0879478455, 8.22571468353], [13.925283432, -27.8439922333, -23.440820694, 38.3119506836, 4.56188821793, -2.22005367279, -28.6866989136, -39.92628479, -30.3915195465, -16.3506622314, 33.0879478455, 91.460647583, 44.30128479], [-1.06972527504, -22.9193477631, 3.03593683243, 7.51628541946, 37.6068458557, 4.68395519257, -33.267578125, -37.037273407, -29.7819271088, -13.0121469498, 8.22571468353, 44.30128479, 76.4736099243]]
        icov: [[0.000510578160174, 0.000365324318409, 0.000382896541851, -0.00019432658155, 0.000220078582061, 0.000639678852167, -8.03672955954e-05, 0.00036858159001, 0.000409436470363, -2.83929766738e-05, 0.00016375463747, 0.000419958727434, 1.03947613752e-05], [0.000365324318409, 0.00309575232677, 0.000540640554391, 0.00127112923656, 0.000776538450737, -0.000447420054115, 0.0022804948967, -0.00221685762517, 0.00251042447053, -0.00134987314232, 0.000741482188459, 3.06874826492e-05, 0.00100089982152], [0.000382896541851, 0.000540640554391, 0.00376358488575, 0.000756104069296, -0.00143887067679, 0.00105102278758, -0.00181580346543, -0.00222006812692, 0.00101528153755, 0.000850716314744, -0.00215108739212, 0.00114798592404, -0.00117176270578], [-0.00019432658155, 0.00127112923656, 0.000756104069296, 0.00683008460328, -0.000350564398104, -0.000376342184609, -0.00132948101964, 0.00209935428575, -0.0019041626947, 0.00613922066987, -0.00163167424034, -0.00148753507528, 0.00165104761254], [0.000220078582061, 0.000776538450737, -0.00143887067679, -0.000350564398104, 0.0131487045437, -0.00896213855594, 0.00415247492492, -0.000702138873748, 0.00344408303499, -0.0062174112536, 0.00618004566059, 0.000114913491416, -0.00457132421434], [0.000639678852167, -0.000447420054115, 0.00105102278758, -0.000376342184609, -0.00896213855594, 0.0202691443264, -0.0102748172358, 0.00873516965657, -0.00399262830615, 0.00171335984487, -0.00426933169365, 0.00178196106572, 0.000960274017416], [-8.03672955954e-05, 0.0022804948967, -0.00181580346543, -0.00132948101964, 0.00415247492492, -0.0102748172358, 0.0252755377442, -0.0158691704273, 0.010073993355, -0.00339607871138, 0.00635739183053, -0.00118803360965, 0.00613188324496], [0.00036858159001, -0.00221685762517, -0.00222006812692, 0.00209935428575, -0.000702138873748, 0.00873516965657, -0.0158691704273, 0.0279988013208, -0.0160186327994, 0.00682154204696, 3.1044230127e-05, 0.00125589198433, -0.000118857002235], [0.000409436470363, 0.00251042447053, 0.00101528153755, -0.0019041626947, 0.00344408303499, -0.00399262830615, 0.010073993355, -0.0160186327994, 0.0306883789599, -0.0130532495677, 0.00840996578336, 0.000143377284985, 0.00482277059928], [-2.83929766738e-05, -0.00134987314232, 0.000850716314744, 0.00613922066987, -0.0062174112536, 0.00171335984487, -0.00339607871138, 0.00682154204696, -0.0130532495677, 0.0293524824083, -0.0177791975439, 0.00577276572585, 0.0022159544751], [0.00016375463747, 0.000741482188459, -0.00215108739212, -0.00163167424034, 0.00618004566059, -0.00426933169365, 0.00635739183053, 3.1044230127e-05, 0.00840996578336, -0.0177791975439, 0.0379936136305, -0.0146943526343, 0.0051490678452], [0.000419958727434, 3.06874826492e-05, 0.00114798592404, -0.00148753507528, 0.000114913491416, 0.00178196106572, -0.00118803360965, 0.00125589198433, 0.000143377284985, 0.00577276572585, -0.0146943526343, 0.023793021217, -0.0111232092604], [1.03947613752e-05, 0.00100089982152, -0.00117176270578, 0.00165104761254, -0.00457132421434, 0.000960274017416, 0.00613188324496, -0.000118857002235, 0.00482277059928, 0.0022159544751, 0.0051490678452, -0.0111232092604, 0.026204964146]]
    spectral_contrast:
        mean: [3.67783826505e-07, -2.78057044056e-08, 3.98286275072e-08, -6.96482373996e-08, -1.67525698203e-07, 1.54465581659e-07, 3.33716866407e-06, -1.26552697566e-06, 1.5022859543e-06, -3.15863132982e-07, -6.18311730705e-07, -1.67612131463e-06]
        var: [0.000242396010435, 0.000467167235911, 0.00336048915051, 0.00356352492236, 0.00456279423088, 0.00598972849548, 0.0437564402819, 0.0922008007765, 0.147297784686, 0.215593606234, 0.298630475998, 1.44195616245]

rhythm:
    beats_loudness:
        dmean: 0.0065479055047
        dmean2: 0.0122635951266
        dvar: 1.40578349601e-05
        dvar2: 4.06660328736e-05
        max: 0.0172646641731
        mean: 0.00906473770738
        min: 0.00284949387424
        var: 1.97672234208e-05
    beats_loudness_bass:
        dmean: 0.378693878651
        dmean2: 0.743612825871
        dvar: 0.0143718710169
        dvar2: 0.0399730727077
        max: 0.662995636463
        mean: 0.240005895495
        min: 0.0182835534215
        var: 0.0430724993348
    bpm: 97.2406082153
    bpm_confidence: 0
    first_peak_bpm: 97
    first_peak_spread: 0
    first_peak_weight: 0.933333337307
    onset_rate: 4.39784622192
    second_peak_bpm: 91
    second_peak_spread: 0
    second_peak_weight: 0.0666666701436
    beats_position: [0.174388498068, 0.791366279125, 1.40834414959, 2.02532196045, 2.6422996521, 3.25927758217, 3.87625527382, 4.49323320389, 5.11021089554, 5.72718858719, 6.3835940361, 7.00069379807, 7.61779260635, 8.23489189148, 8.85199069977, 9.46908950806]
    bpm_estimates: [97.3452682495, 97.3283309937, 97.3679428101, 97.4993743896, 97.4957809448, 96.5844116211, 97.2938232422, 97.3854141235, 97.2565765381, 97.0952911377, 97.0852355957, 97.367401123, 97.2506866455, 97.2317352295, 97.4650421143, 97.1603240967, 97.1490402222, 97.0583877563, 97.1514892578]
    bpm_intervals: [0.61697781086, 0.616977870464, 0.61697781086, 0.61697769165, 0.616977930069, 0.61697769165, 0.616977930069, 0.61697769165, 0.61697769165, 0.656405448914, 0.617099761963, 0.617098808289, 0.617099285126, 0.617098808289, 0.617098808289]
    onset_times: [0.0580498874187, 0.162539675832, 0.359909296036, 0.452789127827, 0.719818592072, 1.07972788811, 1.38158726692, 1.60217690468, 1.68344676495, 1.92725622654, 2.00852608681, 2.33360552788, 2.62385487556, 2.94893431664, 3.23918366432, 3.5758728981, 3.86612248421, 4.1679816246, 4.41179132462, 4.49306106567, 4.71365070343, 4.80653047562, 5.10838985443, 5.31736946106, 5.42185926437, 5.72371864319, 6.04879808426, 6.35065746307, 6.66412687302, 6.8963265419, 6.96598625183, 7.19818592072, 7.30267572403, 7.60453510284, 7.80190467834, 7.91800451279, 8.16181373596, 8.20825386047, 8.52172374725, 8.83519268036, 9.13705253601, 9.45052146912, 9.67111110687, 9.7639913559]
    rubato_start: []
    rubato_stop: []
    perceptual_tempo: "unknown"

sfx:
    inharmonicity:
        dmean: 0.0410036295652
        dmean2: 0.0728033035994
        dvar: 0.0023132530041
        dvar2: 0.00661106221378
        max: 0.304413288832
        mean: 0.0411270000041
        min: 0
        var: 0.00244455295615
    oddtoevenharmonicenergyratio:
        dmean: 2.67915058136
        dmean2: 4.87190771103
        dvar: 72.8264312744
        dvar2: 200.304229736
        max: 82.8982925415
        mean: 1.99526762962
        min: 0
        var: 52.3594055176
    pitch_after_max_to_before_max_energy_ratio: 0.0276653692126
    pitch_centroid: 203.0574646
    pitch_max_to_total: 0.965197205544
    pitch_min_to_total: 0
    tristimulus:
        dmean: [0.227364107966, 0.254209429026, 0.125690251589]
        dmean2: [0.397858351469, 0.445405960083, 0.225811034441]
        dvar: [0.0396600887179, 0.0478000380099, 0.0172345452011]
        dvar2: [0.113867595792, 0.135629579425, 0.0463200956583]
        max: [1, 0.956177771091, 0.763283133507]
        mean: [0.425670802593, 0.407223671675, 0.122586667538]
        min: [0.0148251950741, 0, 0]
        var: [0.0612662658095, 0.0622550845146, 0.0181566141546]

tonal:
    chords_changes_rate: 0.0416666679084
    chords_number_rate: 0.0231481473893
    chords_strength:
        dmean: 0.00901005417109
        dmean2: 0.0102448705584
        dvar: 6.0254104028e-05
        dvar2: 8.76253398019e-05
        max: 0.685294806957
        mean: 0.5388635993
        min: 0.323066294193
        var: 0.00715113990009
    key_strength: 0.603319883347
    tuning_diatonic_strength: 0.549384951591
    tuning_equal_tempered_deviation: 0.138096630573
    tuning_frequency: 438.984558105
    tuning_nontempered_energy_ratio: 0.775631010532
    hpcp:
        dmean: [0.157217279077, 0.135758876801, 0.131304427981, 0.146136745811, 0.127725377679, 0.119073830545, 0.12066539377, 0.134648710489, 0.204525753856, 0.240855574608, 0.230309769511, 0.165973037481, 0.126586794853, 0.121072016656, 0.100563757122, 0.110958084464, 0.159781366587, 0.19124571979, 0.191635996103, 0.194982141256, 0.170005738735, 0.112178295851, 0.103205621243, 0.135565876961, 0.154442220926, 0.159254476428, 0.15666051209, 0.113057382405, 0.111584611237, 0.134785369039, 0.162575036287, 0.150269299746, 0.125314608216, 0.142759680748, 0.14699049294, 0.152805551887]
        dmean2: [0.271843463182, 0.231833413243, 0.217138752341, 0.23738463223, 0.211185470223, 0.201040238142, 0.202576950192, 0.232301384211, 0.354951381683, 0.405054211617, 0.387826532125, 0.299687206745, 0.224265247583, 0.21199016273, 0.166665866971, 0.194899305701, 0.282076746225, 0.34389102459, 0.341185212135, 0.345617085695, 0.292002558708, 0.194106638432, 0.178710833192, 0.237885549664, 0.263364970684, 0.256737828255, 0.265840679407, 0.190608903766, 0.184199526906, 0.227541491389, 0.278857409954, 0.255848109722, 0.218470096588, 0.240083411336, 0.25454300642, 0.260776430368]
        dvar: [0.0420091934502, 0.0347895994782, 0.0246951784939, 0.0301770418882, 0.0206160079688, 0.0231386423111, 0.0261976122856, 0.0337226614356, 0.0482525266707, 0.0590333156288, 0.061147082597, 0.046657461673, 0.0312693603337, 0.0298030432314, 0.0231317151338, 0.0259316880256, 0.0499082244933, 0.056037787348, 0.0572359338403, 0.0609441138804, 0.050881575793, 0.0260978359729, 0.027037575841, 0.0253478288651, 0.0312710590661, 0.0401707999408, 0.040721591562, 0.024949863553, 0.0272111203521, 0.0284298211336, 0.0394394584, 0.031025076285, 0.0281882379204, 0.0289579443634, 0.0346586927772, 0.03422267735]
        dvar2: [0.116065211594, 0.0941563397646, 0.0673239529133, 0.0814412087202, 0.0477570034564, 0.0539521984756, 0.0694073215127, 0.081161595881, 0.130217790604, 0.163530766964, 0.160915195942, 0.121569305658, 0.0912581011653, 0.086553864181, 0.0676470771432, 0.0731309950352, 0.135379716754, 0.150196701288, 0.138232156634, 0.138609409332, 0.141960307956, 0.0699170380831, 0.0717292502522, 0.0707604363561, 0.0715172663331, 0.0926526486874, 0.108986265957, 0.0707864910364, 0.0688209161162, 0.0714616179466, 0.0942579731345, 0.0926702171564, 0.0799225047231, 0.0723903998733, 0.0865823104978, 0.0933345556259]
        max: [1, 1, 1, 1, 1, 1, 0.930863261223, 1, 1, 1, 1, 1, 1, 1, 1, 1, 1, 1, 1, 1, 1, 1, 1, 1, 1, 1, 1, 1, 0.955321073532, 1, 1, 1, 1, 1, 1, 0.922743856907]
        mean: [0.171659812331, 0.150472849607, 0.163759812713, 0.210184633732, 0.193727478385, 0.147500693798, 0.131885066628, 0.157518312335, 0.301325917244, 0.46195140481, 0.372483670712, 0.183182641864, 0.130829721689, 0.120687007904, 0.107956826687, 0.11391980201, 0.150271579623, 0.207286760211, 0.301203787327, 0.295098692179, 0.178157389164, 0.113766826689, 0.100794762373, 0.176943272352, 0.314293056726, 0.332274198532, 0.220566242933, 0.142527282238, 0.128688409925, 0.207589969039, 0.309326767921, 0.230614766479, 0.142020359635, 0.161698624492, 0.160362750292, 0.16609570384]
        min: [0.00166486611124, 0.00626411475241, 0.0055846311152, 0.00923404004425, 0.0123609006405, 0.00518705789, 0.00317863794044, 0.00343285757117, 0.00286862486973, 0.00255687488243, 0.00181321660057, 0.00341896340251, 0.00132215465419, 0.00104758667294, 0.00174666172825, 0.00183950772043, 0.00165025016759, 0.00229193968698, 0.00250955647789, 0.00283203693107, 0.00164957263041, 0.00116319046356, 0.00225542881526, 0.000958572840318, 0.000169854334672, 0.00485931197181, 0.00287093035877, 0.00147702044342, 0.00180665415246, 0.00274628098123, 0.00430593593046, 0.00333821307868, 0.00156081398018, 0.00159678864293, 0.00194127170835, 0.0019866633229]
        var: [0.0476488098502, 0.0379284843802, 0.0331887453794, 0.0441187396646, 0.0329800322652, 0.028946461156, 0.027602897957, 0.038772482425, 0.0698018446565, 0.115098059177, 0.0871381312609, 0.0499747507274, 0.0277029760182, 0.0248208604753, 0.0217421539128, 0.0243772603571, 0.0449400693178, 0.0625893101096, 0.117073304951, 0.117234550416, 0.0513739921153, 0.0265882574022, 0.0252930261195, 0.0369183830917, 0.106274977326, 0.109292708337, 0.0646496415138, 0.0403441824019, 0.0351371467113, 0.0504552200437, 0.107222847641, 0.0545114316046, 0.0321634337306, 0.0378973074257, 0.0408226512372, 0.0434071570635]
    chords_histogram: [24.0740737915, 9.25925922394, 37.9629631042, 0, 0, 0, 0, 18.5185184479, 0, 10.1851854324, 0, 0, 0, 0, 0, 0, 0, 0, 0, 0, 0, 0, 0, 0]
    thpcp: [1, 0.806326508522, 0.396540939808, 0.283210992813, 0.261254757643, 0.233697369695, 0.246605589986, 0.325297385454, 0.448719829321, 0.652024805546, 0.638808965683, 0.385662615299, 0.246274441481, 0.218193426728, 0.38303437829, 0.68035954237, 0.719283878803, 0.477466344833, 0.308533072472, 0.278575628996, 0.449376195669, 0.66960889101, 0.499218672514, 0.307435721159, 0.350033849478, 0.34714204073, 0.359552323818, 0.371597111225, 0.325733065605, 0.354495763779, 0.454992949963, 0.419367671013, 0.319299161434, 0.28549554944, 0.340984582901, 0.65228921175]
    chords_key: "C"
    chords_scale: "minor"
    key_key: "F"
    key_scale: "minor"
    chords_progression: ["F", "F", "F", "F", "F", "F", "F", "F", "F", "F", "Fm", "Fm", "Fm", "F", "F", "F", "F", "F", "F", "F", "F", "F", "F", "F", "F", "F", "F", "F", "F", "F", "F", "F", "F", "F", "F", "F", "F", "F", "F", "Fm", "Fm", "Fm", "Fm", "Fm", "Fm", "Fm", "Fm", "Fm", "Fm", "Fm", "Fm", "Fm", "Fm", "Fm", "Fm", "Fm", "Fm", "Fm", "Fm", "Fm", "Fm", "Fm", "Fm", "Fm", "Fm", "Fm", "Fm", "Fm", "Fm", "Fm", "Fm", "Fm", "Fm", "Fm", "Fm", "Fm", "Fm", "Fm", "Fm", "Fm", "Fm", "Fm", "Fm", "F", "F", "F", "F", "Cm", "Cm", "Cm", "Cm", "Cm", "Cm", "Cm", "Cm", "Cm", "Cm", "Cm", "Cm", "Cm", "Cm", "Cm", "Cm", "Cm", "Cm", "Cm", "Cm", "Cm", "Cm", "Cm", "Cm", "Cm", "Cm", "Cm", "Cm", "Cm", "Cm", "Cm", "Cm", "Cm", "Cm", "Cm", "Cm", "Cm", "Cm", "Cm", "Cm", "Cm", "Cm", "Cm", "Cm", "Cm", "Cm", "Cm", "Cm", "Cm", "Cm", "Cm", "Cm", "Cm", "Cm", "Cm", "Cm", "Cm", "Cm", "Cm", "Cm", "Cm", "Cm", "Cm", "Cm", "G#", "G#", "G#", "G#", "G#", "G#", "G#", "G#", "G#", "G#", "G#", "G#", "G#", "G#", "G#", "G#", "G#", "G#", "G#", "G#", "Fm", "Fm", "Fm", "Fm", "Fm", "Cm", "Cm", "Cm", "Cm", "Cm", "Cm", "Cm", "Cm", "Cm", "Cm", "Cm", "Cm", "Cm", "Cm", "Cm", "Cm", "Cm", "Cm", "C", "C", "C", "C", "C", "C", "C", "C", "C", "C", "C", "C", "C", "C", "C", "C", "C", "C", "C", "C", "C", "C"]
