
metadata:
    version:
        essentia: "1.2.2"
    audio_properties:
        analysis_sample_rate: 44100
        bitrate: 128
        channels: 2
        equal_loudness: 1
        length: 10.0310201645
        replay_gain: -12.0423336029
        downmix: "mix"
    tags:
        track: 19
        year: 0
        album: "Splitted by Mp3Splt v. 2.1"
        artist: "From 003.00 To 003.10"
        comment: "http://mp3splt.sf.net"
        genre: ""
        title: "11 Tin Cup Chalice.mp3"

highlevel:
    ballroom:
        all:
            ChaChaCha: 0.0350914560258
            Jive: 0.0672907158732
            Quickstep: 0.238152489066
            Rumba-American: 0.010438718833
            Rumba-International: 0.196890547872
            Rumba-Misc: 0.108104147017
            Samba: 0.0602441579103
            Tango: 0.0616400614381
            VienneseWaltz: 0.138827323914
            Waltz: 0.0833203792572
        probability: 0.238152489066
        value: "Quickstep"
    culture:
        all:
            non_western: 0.120408736169
            western: 0.879591286182
        probability: 0.879591286182
        value: "western"
    gender:
        all:
            female: 0.0104457354173
            male: 0.989554286003
        probability: 0.989554286003
        value: "male"
    genre_dortmund:
        all:
            alternative: 0.0744038447738
            blues: 0.0504152998328
            electronic: 0.00572363426909
            folkcountry: 0.456802427769
            funksoulrnb: 0.0267895627767
            jazz: 0.1661580652
            pop: 0.114887058735
            raphiphop: 0.00797683279961
            rock: 0.0968432798982
        probability: 0.456802427769
        value: "folkcountry"
    genre_electronica:
        all:
            ambient: 0.586127758026
            dnb: 0.223360732198
            house: 0.0965279117227
            techno: 0.016413865611
            trance: 0.0775697231293
        probability: 0.586127758026
        value: "ambient"
    genre_rosamerica:
        all:
            cla: 0.0420171655715
            dan: 0.0383904054761
            hip: 0.0289266705513
            jaz: 0.054779753089
            pop: 0.511407017708
            rhy: 0.133038178086
            roc: 0.182715475559
            spe: 0.00872534513474
        probability: 0.511407017708
        value: "pop"
    genre_tzanetakis:
        all:
            blu: 0.00403185049072
            cla: 0.00764589710161
            cou: 0.0686307176948
            dis: 0.0900631695986
            hip: 0.00240257685073
            jaz: 0.0167526081204
            met: 0.00221961992793
            pop: 0.595888018608
            reg: 0.0525833182037
            roc: 0.159782215953
        probability: 0.595888018608
        value: "pop"
    live_studio:
        all:
            live: 0.185746252537
            studio: 0.814253747463
        probability: 0.814253747463
        value: "studio"
    mood:
        all:
            Cluster1: 0.250587821007
            Cluster2: 0.220662415028
            Cluster3: 0.328068345785
            Cluster4: 0.164153367281
            Cluster5: 0.0365280546248
        probability: 0.328068345785
        value: "Cluster3"
    mood_acoustic:
        all:
            acoustic: 0.940576851368
            not_acoustic: 0.0594231560826
        probability: 0.940576851368
        value: "acoustic"
    mood_aggressive:
        all:
            aggressive: 0.0120547721162
            not_aggressive: 0.987945199013
        probability: 0.987945199013
        value: "not_aggressive"
    mood_electronic:
        all:
            electronic: 0.0227628499269
            not_electronic: 0.977237164974
        probability: 0.977237164974
        value: "not_electronic"
    mood_happy:
        all:
            happy: 0.451201587915
            not_happy: 0.548798441887
        probability: 0.548798441887
        value: "not_happy"
    mood_party:
        all:
            not_party: 0.874704539776
            party: 0.125295475125
        probability: 0.874704539776
        value: "not_party"
    mood_relaxed:
        all:
            not_relaxed: 0.368051707745
            relaxed: 0.631948292255
        probability: 0.631948292255
        value: "relaxed"
    mood_sad:
        all:
            not_sad: 0.205324918032
            sad: 0.794675052166
        probability: 0.794675052166
        value: "sad"
    rhythm:
        all:
            fast: 0.902989685535
            medium: 0.0522554926574
            slow: 0.0447548218071
        probability: 0.902989685535
        value: "fast"
    speech_music:
        all:
            music: 0.998172581196
            speech: 0.00182743254118
        probability: 0.998172581196
        value: "music"
    timbre:
        all:
            bright: 0.993394315243
            dark: 0.00660567730665
        probability: 0.993394315243
        value: "bright"
    voice_instrumental:
        all:
            instrumental: 0.0272490326315
            voice: 0.972750961781
        probability: 0.972750961781
        value: "voice"

lowlevel:
    average_loudness: 0.964761853218
    barkbands_kurtosis:
        dmean: 1.97780358791
        dmean2: 3.13367247581
        dvar: 5.75487327576
        dvar2: 14.2906780243
        max: 20.6215286255
        mean: 3.27457308769
        min: -1.77258324623
        var: 17.8140735626
    barkbands_skewness:
        dmean: 0.416883140802
        dmean2: 0.644246995449
        dvar: 0.201258599758
        dvar2: 0.430976182222
        max: 4.03094625473
        mean: 1.57799315453
        min: -1.98923051357
        var: 0.778721928596
    barkbands_spread:
        dmean: 4.11494922638
        dmean2: 6.28488540649
        dvar: 21.7287578583
        dvar2: 51.4393043518
        max: 53.8444709778
        mean: 17.9898910522
        min: 2.05920863152
        var: 78.4415206909
    dissonance:
        dmean: 0.025111688301
        dmean2: 0.0409828647971
        dvar: 0.000476457964396
        dvar2: 0.00122278521303
        max: 0.49987924099
        mean: 0.437493562698
        min: 0.277102440596
        var: 0.00135635188781
    hfc:
        dmean: 0.955567538738
        dmean2: 1.20482218266
        dvar: 3.08191847801
        dvar2: 5.91716146469
        max: 23.0848617554
        mean: 2.81639838219
        min: 0.00419592810795
        var: 12.6013126373
    pitch:
        dmean: 218.049362183
        dmean2: 417.265258789
        dvar: 616776.25
        dvar2: 1691004.125
        max: 4900
        mean: 349.074798584
        min: 65.820892334
        var: 510758.78125
    pitch_instantaneous_confidence:
        dmean: 0.0773008242249
        dmean2: 0.113357722759
        dvar: 0.00510268565267
        dvar2: 0.0104373022914
        max: 0.867444336414
        mean: 0.452911764383
        min: 0.142284810543
        var: 0.0231717135757
    pitch_salience:
        dmean: 0.0594161376357
        dmean2: 0.0923310369253
        dvar: 0.00241703214124
        dvar2: 0.00649433257058
        max: 0.814199924469
        mean: 0.608105421066
        min: 0.378521323204
        var: 0.00735338591039
    silence_rate_20dB:
        dmean: 0
        dmean2: 0
        dvar: 0
        dvar2: 0
        max: 1
        mean: 1
        min: 1
        var: 0
    silence_rate_30dB:
        dmean: 0
        dmean2: 0
        dvar: 0
        dvar2: 0
        max: 1
        mean: 1
        min: 1
        var: 0
    silence_rate_60dB:
        dmean: 0.115740738809
        dmean2: 0.232018560171
        dvar: 0.102344959974
        dvar2: 0.196747750044
        max: 1
        mean: 0.614318728447
        min: 0
        var: 0.23693151772
    spectral_centroid:
        dmean: 153.209030151
        dmean2: 234.03352356
        dvar: 69144.9609375
        dvar2: 133748.203125
        max: 3549.11547852
        mean: 759.399169922
        min: 285.2449646
        var: 171215.6875
    spectral_complexity:
        dmean: 2.03944325447
        dmean2: 3.06279063225
        dvar: 5.10517263412
        dvar2: 10.0588569641
        max: 35
        mean: 8.34259223938
        min: 0
        var: 29.5492725372
    spectral_crest:
        dmean: 2.14073467255
        dmean2: 3.3528740406
        dvar: 3.53332281113
        dvar2: 8.91438865662
        max: 19.9848403931
        mean: 8.94321155548
        min: 3.49184012413
        var: 12.3574542999
    spectral_decrease:
        dmean: 2.48493225996e-10
        dmean2: 3.35271810314e-10
        dvar: 1.32205744064e-19
        dvar2: 2.72934860557e-19
        max: -1.72890326187e-12
        mean: -8.13646316988e-10
        min: -4.07770839317e-09
        var: 4.67319254278e-19
    spectral_energy:
        dmean: 0.00100832630415
        dmean2: 0.00135046464857
        dvar: 2.16989269575e-06
        dvar2: 4.43961425844e-06
        max: 0.0170422550291
        mean: 0.00332634546794
        min: 6.90585102348e-06
        var: 8.09534321888e-06
    spectral_energyband_high:
        dmean: 6.53060124023e-05
        dmean2: 9.76621740847e-05
        dvar: 2.8360672033e-08
        dvar2: 7.29006970346e-08
        max: 0.00198489241302
        mean: 0.000109139196866
        min: 1.01322633839e-07
        var: 4.33004352374e-08
    spectral_energyband_low:
        dmean: 0.000117112685984
        dmean2: 0.00019114020688
        dvar: 8.53675814483e-08
        dvar2: 2.02169061936e-07
        max: 0.00267121801153
        mean: 0.000257423031144
        min: 7.28651457393e-07
        var: 1.23988343148e-07
    spectral_energyband_middle_high:
        dmean: 0.000264200061793
        dmean2: 0.000340538099408
        dvar: 2.42017932806e-07
        dvar2: 3.92643926261e-07
        max: 0.00719998637214
        mean: 0.000768750032876
        min: 6.29214980563e-07
        var: 1.17743604733e-06
    spectral_energyband_middle_low:
        dmean: 0.000759704969823
        dmean2: 0.00107748410664
        dvar: 1.26661427657e-06
        dvar2: 2.68321514341e-06
        max: 0.0125787751749
        mean: 0.00219102972187
        min: 5.44638305655e-06
        var: 3.6867079416e-06
    spectral_flatness_db:
        dmean: 0.0179948247969
        dmean2: 0.0265599135309
        dvar: 0.00025099774939
        dvar2: 0.000577304745093
        max: 0.311084836721
        mean: 0.180564194918
        min: 0.0890616327524
        var: 0.001024627476
    spectral_flux:
        dmean: 0.00741209229454
        dmean2: 0.0108394064009
        dvar: 8.13882070361e-05
        dvar2: 0.000152027336298
        max: 0.0964516103268
        mean: 0.0266401544213
        min: 0.00262789870612
        var: 0.000268337724265
    spectral_kurtosis:
        dmean: 2.16437911987
        dmean2: 3.25179433823
        dvar: 5.73394489288
        dvar2: 12.5334787369
        max: 36.1670646667
        mean: 6.6865439415
        min: -0.184198856354
        var: 23.3474330902
    spectral_rms:
        dmean: 0.000255310384091
        dmean2: 0.00033713443554
        dvar: 9.57591055339e-08
        dvar2: 1.75046352524e-07
        max: 0.00407757190987
        mean: 0.00165968085639
        min: 8.20817585918e-05
        var: 4.90672903197e-07
    spectral_rolloff:
        dmean: 377.055511475
        dmean2: 644.343322754
        dvar: 356944.46875
        dvar2: 737146.5625
        max: 5598.6328125
        mean: 1339.84387207
        min: 236.865234375
        var: 993909.1875
    spectral_skewness:
        dmean: 0.267330676317
        dmean2: 0.379071712494
        dvar: 0.061103887856
        dvar2: 0.123849466443
        max: 4.86889600754
        mean: 2.04380893707
        min: 0.408072382212
        var: 0.368407517672
    spectral_spread:
        dmean: 694269.75
        dmean2: 900892.875
        dvar: 651115757568
        dvar2: 1.11481480806e+12
        max: 11187070
        mean: 4681212
        min: 1825892.25
        var: 3.39696130458e+12
    spectral_strongpeak:
        dmean: 0.163687154651
        dmean2: 0.270845115185
        dvar: 0.0657021105289
        dvar2: 0.178711503744
        max: 2.98421788216
        mean: 0.340157479048
        min: 0.00942550972104
        var: 0.128593280911
    zerocrossingrate:
        dmean: 0.00726530794054
        dmean2: 0.00849495828152
        dvar: 7.23352131899e-05
        dvar2: 8.71619777172e-05
        max: 0.162109375
        mean: 0.051026519388
        min: 0.017578125
        var: 0.000463912612759
    barkbands:
        dmean: [4.13967491397e-08, 4.23603669333e-05, 8.98803555174e-05, 0.000166230762261, 0.00034088693792, 0.000187979821931, 0.000199147965759, 0.00013444844808, 0.000100560806459, 9.41781545407e-05, 5.77677928959e-05, 5.01510294271e-05, 4.25856924267e-05, 3.16540972563e-05, 4.07151419495e-05, 1.99069418159e-05, 2.99542571156e-05, 2.78501083812e-05, 3.77988362743e-05, 6.17841287749e-05, 2.76911632682e-05, 8.40931443236e-06, 2.02503019864e-06, 1.17234174013e-06, 8.98187806797e-07, 3.72793174108e-08, 4.64358246299e-10]
        dmean2: [6.04151253469e-08, 6.87699794071e-05, 0.000147682498209, 0.000265133188805, 0.000510620244313, 0.000298867846141, 0.000304778513964, 0.000202495633857, 0.000151897285832, 0.000142636912642, 9.44962594076e-05, 7.72978673922e-05, 6.1418650148e-05, 4.47831735073e-05, 6.05477107456e-05, 3.20876715705e-05, 4.35775509686e-05, 4.44006873295e-05, 5.7514233049e-05, 8.58770217746e-05, 4.14942442148e-05, 1.2512910871e-05, 2.94997516903e-06, 1.70254168097e-06, 1.31242006773e-06, 5.5710938085e-08, 6.04611583022e-10]
        dvar: [7.96053896629e-14, 1.02566097837e-08, 5.80150683049e-08, 8.34739068978e-08, 3.60199749139e-07, 1.06408506895e-07, 2.49858317147e-07, 1.37903512609e-07, 4.17695744659e-08, 6.21260483058e-08, 2.15925766156e-08, 1.52709862533e-08, 1.43346010617e-08, 5.81412473721e-09, 8.11016320768e-09, 3.1159832492e-09, 4.32868763056e-09, 4.86505813413e-09, 8.09728906148e-09, 2.85743375628e-08, 4.9978643446e-09, 5.07681174877e-10, 2.73401787321e-11, 7.50034149372e-12, 4.34790701706e-12, 1.13852646115e-14, 3.88115161731e-17]
        dvar2: [8.80806115978e-14, 2.53261482897e-08, 1.51970183992e-07, 2.11268798012e-07, 7.76257707003e-07, 2.79965206573e-07, 4.88670593768e-07, 2.65018030632e-07, 9.06807073875e-08, 1.53775062017e-07, 6.0727387563e-08, 2.67672124465e-08, 2.41060043038e-08, 8.21762746739e-09, 1.89529707484e-08, 7.87811060832e-09, 9.4998497957e-09, 1.0832693853e-08, 1.44281306902e-08, 6.01670251399e-08, 1.29972574925e-08, 1.32005195663e-09, 6.34587798976e-11, 1.80031909519e-11, 1.01564806912e-11, 2.84867141269e-14, 3.89587510134e-17]
        max: [5.71333021071e-06, 0.00102825125214, 0.00255976151675, 0.00361128011718, 0.00739718321711, 0.00343570974655, 0.00641880044714, 0.00723599176854, 0.00245762313716, 0.00417415332049, 0.00143695017323, 0.00245581939816, 0.00166422710754, 0.00122280942742, 0.0013485760428, 0.000917009601835, 0.00076159555465, 0.000928334076889, 0.00131208519451, 0.00232793437317, 0.000864206289407, 0.000256303406786, 5.85234556638e-05, 3.03754786728e-05, 1.77158635779e-05, 1.49007905748e-06, 1.29591612108e-07]
        mean: [6.92902020205e-08, 7.66606826801e-05, 0.000180698407348, 0.000287500355626, 0.000717389921192, 0.000332419003826, 0.000399187381845, 0.00023691674869, 0.000171713603777, 0.000158397917403, 7.91511120042e-05, 7.95952000772e-05, 6.94428090355e-05, 5.85728776059e-05, 9.20660459087e-05, 3.61697238986e-05, 5.97998332523e-05, 5.64347174077e-05, 6.43152889097e-05, 0.000108777559944, 4.27741360909e-05, 1.25209489852e-05, 2.90130014946e-06, 1.62012315741e-06, 1.20192271424e-06, 5.07320194743e-08, 4.32749724943e-10]
        min: [2.4365816656e-11, 9.16497455705e-08, 6.36319839487e-07, 5.08976540914e-07, 1.84641336887e-07, 8.96234837455e-07, 2.02929595616e-06, 4.4361485152e-07, 5.58868258338e-08, 8.76692212159e-08, 4.59934064168e-08, 1.59812536538e-08, 1.61346103145e-09, 1.3490806694e-08, 1.5273881715e-08, 1.53675699721e-07, 1.12457961166e-07, 4.62672460344e-08, 1.30297038936e-07, 3.20340483029e-08, 3.55246498884e-08, 2.23818119593e-08, 1.84822590565e-09, 4.57468551929e-09, 3.88338117219e-09, 3.20779958152e-10, 9.57244046263e-15]
        var: [8.38375118569e-14, 9.94936399934e-09, 8.66720313297e-08, 1.58010251994e-07, 7.66641733208e-07, 1.69673242567e-07, 7.95395749265e-07, 3.3037596836e-07, 9.21710068269e-08, 1.27810906747e-07, 2.91909056926e-08, 4.92975900102e-08, 3.27191145288e-08, 1.96463130209e-08, 2.89760571093e-08, 4.10477296597e-09, 1.48877843387e-08, 1.69677534245e-08, 1.6724250429e-08, 6.14467481341e-08, 6.71154465337e-09, 7.15591419453e-10, 4.04762924566e-11, 1.18438306038e-11, 6.68773673593e-12, 1.4514958178e-14, 3.87621136382e-17]
    mfcc:
        mean: [-764.152282715, 149.748962402, -26.5312461853, 42.3550872803, -16.4544563293, -3.83845806122, -4.2287364006, -13.1262960434, 0.204154893756, -4.37653779984, -6.97789001465, -8.25965118408, -4.55590105057]
        cov: [[3491.95214844, -1007.40435791, -197.000350952, -61.059803009, -244.959655762, 2.68341994286, 116.97819519, -117.338317871, -64.9329986572, 83.9926300049, 38.202091217, 29.4703445435, -163.958435059], [-1007.40435791, 1024.13586426, -282.701690674, 25.9170513153, 119.110824585, 15.513261795, -7.17989969254, 63.7187232971, 84.681022644, 9.23273468018, 29.5283908844, 33.6485290527, 27.7286834717], [-197.000350952, -282.701690674, 589.492919922, 2.83364510536, 65.5214614868, 56.7907218933, 2.21880626678, -23.3212623596, -21.1145305634, -41.390460968, -22.8436260223, -23.1081619263, 48.7090759277], [-61.059803009, 25.9170513153, 2.83364510536, 243.810562134, 50.2710456848, 13.5934782028, -35.7945480347, 14.5283737183, 41.0347518921, 24.4323444366, -15.2925634384, -0.690196812153, -15.9980592728], [-244.959655762, 119.110824585, 65.5214614868, 50.2710456848, 209.791656494, 22.6855316162, -37.3467445374, 27.8514080048, 38.1971054077, 0.052023883909, 5.01226758957, -7.57085752487, 28.505607605], [2.68341994286, 15.513261795, 56.7907218933, 13.5934782028, 22.6855316162, 125.003356934, 33.4650230408, 1.12989532948, 13.6720113754, 4.16938829422, -1.29185473919, -0.0326644107699, -9.23888206482], [116.97819519, -7.17989969254, 2.21880626678, -35.7945480347, -37.3467445374, 33.4650230408, 134.201538086, 31.5085964203, -20.1700668335, -3.12902235985, 22.9971694946, -3.16600656509, -14.7618761063], [-117.338317871, 63.7187232971, -23.3212623596, 14.5283737183, 27.8514080048, 1.12989532948, 31.5085964203, 111.07434845, 13.2001571655, -3.22167205811, -7.70752239227, -12.2031536102, 6.44653987885], [-64.9329986572, 84.681022644, -21.1145305634, 41.0347518921, 38.1971054077, 13.6720113754, -20.1700668335, 13.2001571655, 107.477813721, 29.8393154144, 10.4204587936, 20.6704235077, -8.9661283493], [83.9926300049, 9.23273468018, -41.390460968, 24.4323444366, 0.052023883909, 4.16938829422, -3.12902235985, -3.22167205811, 29.8393154144, 76.5420684814, 31.4948673248, 1.64830482006, -18.6753978729], [38.202091217, 29.5283908844, -22.8436260223, -15.2925634384, 5.01226758957, -1.29185473919, 22.9971694946, -7.70752239227, 10.4204587936, 31.4948673248, 74.6319580078, 16.5293197632, -10.1530246735], [29.4703445435, 33.6485290527, -23.1081619263, -0.690196812153, -7.57085752487, -0.0326644107699, -3.16600656509, -12.2031536102, 20.6704235077, 1.64830482006, 16.5293197632, 65.1414108276, 20.8750514984], [-163.958435059, 27.7286834717, 48.7090759277, -15.9980592728, 28.505607605, -9.23888206482, -14.7618761063, 6.44653987885, -8.9661283493, -18.6753978729, -10.1530246735, 20.8750514984, 81.3782958984]]
        icov: [[0.000579121056944, 0.000679117045365, 0.000452666048659, 9.45292485994e-05, -0.000156749709276, -8.31974830362e-05, -0.000534896040335, 0.000365922751371, 9.24435153138e-05, -0.000446674384875, 0.000243562011747, -0.000740878575016, 0.000730594038032], [0.000679117045365, 0.00221400870942, 0.00138240819797, 0.000118000170914, -0.000911379233003, -0.000503963208757, -0.000696664152201, 0.000132388813654, -0.000715581409167, 0.00012018615962, -0.00026080571115, -0.000802475376986, 5.68393588765e-05], [0.000452666048659, 0.00138240819797, 0.00297792674974, -9.08646979951e-05, -0.000982695724815, -0.00124168256298, -0.000754250213504, 0.00104078219738, -0.00048538876581, 0.000966770690866, -0.000222321628826, 0.000829896656796, -0.00144757609814], [9.45292485994e-05, 0.000118000170914, -9.08646979951e-05, 0.00505938567221, -0.00107967585791, -0.00028072387795, 0.000901582301594, -0.000704003730789, -0.000611838011537, -0.00188100163359, 0.00200985861011, -0.00114434713032, 0.00181011436507], [-0.000156749709276, -0.000911379233003, -0.000982695724815, -0.00107967585791, 0.00743533205241, -0.0014668200165, 0.00271406280808, -0.00178559939377, -0.0017997068353, 0.00140199495945, -0.00302180624567, 0.00304228393361, -0.00280052982271], [-8.31974830362e-05, -0.000503963208757, -0.00124168256298, -0.00028072387795, -0.0014668200165, 0.0102100418881, -0.00370637280867, 0.00131473212969, -0.000944461498875, -0.00129139900673, 0.00252820621245, -0.00112844037358, 0.00179306522477], [-0.000534896040335, -0.000696664152201, -0.000754250213504, 0.000901582301594, 0.00271406280808, -0.00370637280867, 0.012406880036, -0.00515133608133, 0.00211427453905, 0.00202362472191, -0.00524793984368, 0.000595574849285, 0.000965384650044], [0.000365922751371, 0.000132388813654, 0.00104078219738, -0.000704003730789, -0.00178559939377, 0.00131473212969, -0.00515133608133, 0.0123727582395, -0.00234622950666, 2.23789411393e-05, 0.00240567699075, 0.00271779159084, -0.0018594575813], [9.24435153138e-05, -0.000715581409167, -0.00048538876581, -0.000611838011537, -0.0017997068353, -0.000944461498875, 0.00211427453905, -0.00234622950666, 0.0143449297175, -0.00505788810551, 0.00125128403306, -0.00639108987525, 0.00390822114423], [-0.000446674384875, 0.00012018615962, 0.000966770690866, -0.00188100163359, 0.00140199495945, -0.00129139900673, 0.00202362472191, 2.23789411393e-05, -0.00505788810551, 0.0205814763904, -0.00963344238698, 0.00435756566003, -0.00031549524283], [0.000243562011747, -0.00026080571115, -0.000222321628826, 0.00200985861011, -0.00302180624567, 0.00252820621245, -0.00524793984368, 0.00240567699075, 0.00125128403306, -0.00963344238698, 0.0218068752438, -0.00708401668817, 0.0037757367827], [-0.000740878575016, -0.000802475376986, 0.000829896656796, -0.00114434713032, 0.00304228393361, -0.00112844037358, 0.000595574849285, 0.00271779159084, -0.00639108987525, 0.00435756566003, -0.00708401668817, 0.0242067668587, -0.0100394645706], [0.000730594038032, 5.68393588765e-05, -0.00144757609814, 0.00181011436507, -0.00280052982271, 0.00179306522477, 0.000965384650044, -0.0018594575813, 0.00390822114423, -0.00031549524283, 0.0037757367827, -0.0100394645706, 0.0198747478426]]
    spectral_contrast:
        mean: [-3.04710624732e-07, 6.58401916098e-07, 3.38703898706e-07, 2.13979987507e-07, -1.10654916341e-07, -6.65343748096e-07, 5.08522816745e-06, 2.17425872506e-06, -1.05135967488e-07, 6.63377647925e-07, 6.07498293448e-07, 1.76716730493e-06]
        var: [0.000592056196183, 0.0009418616537, 0.00121295661665, 0.00248260237277, 0.0040281121619, 0.00584061536938, 0.0543854907155, 0.108153253794, 0.14369122684, 0.379747420549, 0.472182512283, 1.81179893017]

rhythm:
    beats_loudness:
        dmean: 0.00456136791036
        dmean2: 0.00802319217473
        dvar: 9.94497349893e-06
        dvar2: 3.35961558449e-05
        max: 0.0140337049961
        mean: 0.00582087412477
        min: 0.000923771294765
        var: 1.17309218695e-05
    beats_loudness_bass:
        dmean: 0.121305443347
        dmean2: 0.205828279257
        dvar: 0.008569217287
        dvar2: 0.0203260760754
        max: 0.401964634657
        mean: 0.147408291698
        min: 0.00948419980705
        var: 0.0127792777494
    bpm: 145.39793396
    bpm_confidence: 0
    first_peak_bpm: 147
    first_peak_spread: 0.363636374474
    first_peak_weight: 0.608695626259
    onset_rate: 3.5888671875
    second_peak_bpm: 124
    second_peak_spread: 0
    second_peak_weight: 0.0434782616794
    beats_position: [0.0334482043982, 0.442912727594, 0.852377235889, 1.26184165478, 1.67130613327, 2.08077049255, 2.49023509026, 2.89969944954, 3.30916404724, 3.71862864494, 4.12809324265, 4.53755807877, 4.94702243805, 5.35648727417, 5.76595211029, 6.24815559387, 6.66266918182, 7.07718324661, 7.49169683456, 7.90621089935, 8.3207244873, 8.73523902893, 9.14975261688, 9.56426620483]
    bpm_estimates: [146.367874146, 146.626220703, 146.087738037, 147.052993774, 144.82661438, 144.436752319, 144.473190308, 144.114364624, 144.961380005, 145.238098145, 145.192016602]
    bpm_intervals: [0.409464538097, 0.409464508295, 0.409464418888, 0.409464478493, 0.409464359283, 0.409464597702, 0.409464359283, 0.409464597702, 0.409464597702, 0.409464597702, 0.409464836121, 0.409464359283, 0.409464836121, 0.409464836121, 0.482203483582, 0.414513587952, 0.414514064789, 0.414513587952, 0.414514064789, 0.414513587952, 0.414514541626, 0.414513587952, 0.414513587952]
    onset_times: [0.0464399084449, 0.220589563251, 0.359909296036, 0.46439909935, 0.789478480816, 1.03328800201, 1.23065757751, 1.66022670269, 1.88081634045, 2.10140585899, 2.70512461662, 2.89088439941, 3.12308382988, 3.5178232193, 3.75002264977, 3.98222231865, 4.17959165573, 4.57433128357, 4.96907043457, 5.34058952332, 5.83981847763, 6.21133804321, 6.64090681076, 6.8963265419, 7.07047605515, 7.31428575516, 7.36072540283, 7.4884352684, 7.75546503067, 7.92961454391, 8.13859367371, 8.3011341095, 8.71909332275, 9.36925125122, 9.54340171814, 9.98458003998]
    rubato_start: []
    rubato_stop: []
    perceptual_tempo: "unknown"

sfx:
    inharmonicity:
        dmean: 0.0271619129926
        dmean2: 0.0481189191341
        dvar: 0.00153303320985
        dvar2: 0.00442634429783
        max: 0.318084418774
        mean: 0.0278932098299
        min: 1.39276011168e-07
        var: 0.00137161638122
    oddtoevenharmonicenergyratio:
        dmean: 1.80754876137
        dmean2: 3.33452510834
        dvar: 13.3340272903
        dvar2: 38.4533729553
        max: 31.3838558197
        mean: 1.42263579369
        min: 6.35685955785e-06
        var: 9.02607250214
    pitch_after_max_to_before_max_energy_ratio: 0.60252404213
    pitch_centroid: 211.940917969
    pitch_max_to_total: 0.775462985039
    pitch_min_to_total: 0.099537037313
    tristimulus:
        dmean: [0.214613839984, 0.228389978409, 0.0661434531212]
        dmean2: [0.374825447798, 0.401183098555, 0.11706828326]
        dvar: [0.0363366901875, 0.0405967235565, 0.00580716505647]
        dvar2: [0.0960147231817, 0.121368445456, 0.0155127122998]
        max: [0.997485041618, 0.893902719021, 0.638762354851]
        mean: [0.457429736853, 0.449033230543, 0.0762861818075]
        min: [0.0313884802163, 0, 0]
        var: [0.0622198320925, 0.0597080402076, 0.00709677534178]

tonal:
    chords_changes_rate: 0.0967741906643
    chords_number_rate: 0.0368663594127
    chords_strength:
        dmean: 0.00910414103419
        dmean2: 0.00940919388086
        dvar: 5.87540816923e-05
        dvar2: 6.53249953757e-05
        max: 0.687660634518
        mean: 0.526518762112
        min: 0.331461966038
        var: 0.00821156427264
    key_strength: 0.783862888813
    tuning_diatonic_strength: 0.702478766441
    tuning_equal_tempered_deviation: 0.142001762986
    tuning_frequency: 438.224517822
    tuning_nontempered_energy_ratio: 0.803412735462
    hpcp:
        dmean: [0.136255249381, 0.146200880408, 0.086736522615, 0.0689080283046, 0.0861591398716, 0.109284512699, 0.12556232512, 0.107036113739, 0.0775601714849, 0.0728664174676, 0.0704105496407, 0.0693712979555, 0.0838232859969, 0.0931341797113, 0.111257314682, 0.127706333995, 0.130096226931, 0.0984708219767, 0.0635350048542, 0.0697956234217, 0.124644234776, 0.138419747353, 0.125415667892, 0.0712960883975, 0.0583347342908, 0.0797931328416, 0.0974527671933, 0.123776905239, 0.161068663001, 0.170719876885, 0.171033665538, 0.185396745801, 0.110634319484, 0.0757291465998, 0.059299159795, 0.0861014276743]
        dmean2: [0.240610465407, 0.252773851156, 0.144772395492, 0.109007306397, 0.143013194203, 0.176115885377, 0.210619822145, 0.185332044959, 0.126586854458, 0.119520656765, 0.11454885453, 0.116048492491, 0.13105994463, 0.159195035696, 0.169177815318, 0.203138411045, 0.213345021009, 0.167395696044, 0.103425100446, 0.117969878018, 0.20663228631, 0.217172309756, 0.218337461352, 0.120096571743, 0.0994681417942, 0.1408187747, 0.17348715663, 0.219559103251, 0.289980530739, 0.279099673033, 0.285198092461, 0.297679036856, 0.186333239079, 0.128328993917, 0.0948668345809, 0.148519009352]
        dvar: [0.0394553095102, 0.0418126918375, 0.0250243507326, 0.0174505896866, 0.0232459940016, 0.0294478870928, 0.0305642131716, 0.0210143104196, 0.0141410036013, 0.024631254375, 0.0117587959394, 0.0173588190228, 0.0236884932965, 0.0239743478596, 0.0247377660125, 0.0298684928566, 0.0294586196542, 0.0247535668314, 0.0184642169625, 0.016917353496, 0.0301808677614, 0.0344263017178, 0.029538443312, 0.0194854494184, 0.0192267373204, 0.0241725053638, 0.0344945341349, 0.037199255079, 0.0586810149252, 0.0465977042913, 0.053656835109, 0.0418832972646, 0.0329409167171, 0.0299459192902, 0.0176096446812, 0.026313232258]
        dvar2: [0.102525167167, 0.110058963299, 0.0593971312046, 0.0364086292684, 0.0547913983464, 0.0699549689889, 0.0720477551222, 0.0586056150496, 0.0382124558091, 0.0648890584707, 0.0309656374156, 0.0410379171371, 0.0596115477383, 0.0684266164899, 0.0618945360184, 0.0708459615707, 0.075446382165, 0.0584739595652, 0.0368994623423, 0.0410131812096, 0.0702337324619, 0.0769727751613, 0.0804005637765, 0.0465072393417, 0.0445986427367, 0.066763676703, 0.0910185202956, 0.094764791429, 0.159440144897, 0.120543606579, 0.128800630569, 0.106570459902, 0.0943572446704, 0.0808433592319, 0.0364670343697, 0.0556576475501]
        max: [1, 1, 1, 1, 1, 1, 1, 0.932273864746, 0.96063119173, 1, 1, 1, 1, 1, 1, 1, 1, 1, 1, 1, 1, 1, 1, 1, 1, 0.928449213505, 1, 1, 1, 1, 1, 1, 1, 1, 1, 1]
        mean: [0.225625470281, 0.211941450834, 0.122430831194, 0.0949237644672, 0.099815890193, 0.166730284691, 0.252242416143, 0.177873641253, 0.137750715017, 0.189080134034, 0.123963080347, 0.0774683207273, 0.10214125365, 0.10475384444, 0.157757848501, 0.262098819017, 0.212975889444, 0.103810437024, 0.0734317973256, 0.073130838573, 0.167746603489, 0.247617349029, 0.166500583291, 0.0773621276021, 0.0631108209491, 0.0708016902208, 0.103524915874, 0.144895836711, 0.146028980613, 0.246948167682, 0.456794947386, 0.366795152426, 0.130024284124, 0.0681665018201, 0.0605226457119, 0.117990285158]
        min: [6.06700050412e-05, 0, 0, 0.00113403936848, 0.00079357001232, 0.00246803462505, 0.00126085279044, 0.00119869341142, 0.00110784976278, 0.000621311541181, 3.94362432417e-05, 0.000955757393967, 0.000174779401277, 0.000473440275528, 0.00172601256054, 0.0031738167163, 0.00329779926687, 0.00159665534738, 0.000548487936612, 0.000127570325276, 0.000291095086141, 0.000416795868659, 0.000519011344295, 0.000699175288901, 0.000294058787404, 0, 0, 0, 0, 0, 0.00137542560697, 0.000778204761446, 0.000654924253467, 0.000634377996903, 0.000320548861055, 0.000318168575177]
        var: [0.079179033637, 0.0627922266722, 0.035891700536, 0.037471152842, 0.0331984609365, 0.0508471429348, 0.0994865819812, 0.0486503466964, 0.0464673452079, 0.111824072897, 0.040990781039, 0.0162697192281, 0.0311573389918, 0.025804169476, 0.0428114980459, 0.0939231812954, 0.0640772506595, 0.0326915718615, 0.029969651252, 0.0193811710924, 0.0535547956824, 0.0849943831563, 0.0390403456986, 0.0265018288046, 0.0284421239048, 0.0216713156551, 0.0337615422904, 0.0435213856399, 0.0478905625641, 0.0609455555677, 0.155652821064, 0.107193671167, 0.0356434397399, 0.0244829952717, 0.0186741799116, 0.0399820841849]
    chords_histogram: [26.2672805786, 2.30414748192, 18.8940086365, 1.38248848915, 4.14746522903, 0, 0, 0, 0, 0, 0, 0, 0, 0, 0, 0.460829496384, 0, 9.21658992767, 0, 0, 0, 0, 19.8156681061, 17.5115203857]
    thpcp: [1, 0.802975475788, 0.284644752741, 0.149227797985, 0.13249412179, 0.258300334215, 0.493931621313, 0.463975042105, 0.268021434546, 0.207803890109, 0.218513563275, 0.365000277758, 0.552200555801, 0.389394938946, 0.301559180021, 0.413927823305, 0.271375775337, 0.169591024518, 0.223604172468, 0.22932356596, 0.345358133316, 0.573777854443, 0.466239601374, 0.22725827992, 0.160754397511, 0.16009555757, 0.367225170135, 0.542075514793, 0.364497423172, 0.169358551502, 0.138160064816, 0.154996663332, 0.226633235812, 0.317201048136, 0.319681704044, 0.540610551834]
    chords_key: "G"
    chords_scale: "major"
    key_key: "G"
    key_scale: "major"
    chords_progression: ["C", "C", "C", "C", "C", "C", "C", "C", "C", "C", "C", "C", "C", "C", "C", "C", "C", "C", "C", "C", "C", "C", "C", "C", "C", "C", "C", "C", "C", "C", "C", "C", "C", "C", "C", "C", "C", "C", "C", "C", "C", "C", "C", "G", "G", "G", "G", "G", "G", "G", "G", "G", "G", "G", "G", "Gm", "Gm", "Gm", "Gm", "Gm", "Gm", "Gm", "Gm", "Gm", "Gm", "Gm", "G", "G", "G", "G", "G", "G", "G", "G", "G", "G", "G", "G", "G", "G", "Bm", "Bm", "Bm", "Bm", "Bm", "Em", "Em", "Em", "Em", "Em", "Em", "Em", "Em", "Em", "Em", "Em", "Em", "Em", "Em", "Em", "Em", "Em", "Em", "Em", "Em", "Em", "Em", "Em", "Em", "Em", "Em", "Em", "Em", "Em", "Em", "A", "A", "A", "A", "A", "A", "A", "Em", "Em", "Em", "Em", "Em", "Em", "F#m", "G", "G", "Em", "Em", "F#m", "A", "G", "G", "G", "A", "G", "G", "F#m", "G", "G", "G", "G", "G", "G", "G", "G", "D", "D", "D", "D", "D", "D", "D", "D", "D", "D", "D", "D", "D", "D", "D", "D", "D", "D", "D", "D", "D", "D", "D", "D", "D", "D", "D", "D", "D", "D", "D", "D", "D", "D", "D", "D", "D", "D", "D", "D", "D", "Gm", "Gm", "Gm", "Gm", "Gm", "Gm", "Gm", "Gm", "Gm", "Cm", "G", "G", "G", "G", "G", "G", "G", "G", "G", "G", "G", "G", "G", "G", "G", "G"]
