
metadata:
    version:
        essentia: "1.2.2"
    audio_properties:
        analysis_sample_rate: 44100
        bitrate: 128
        channels: 2
        equal_loudness: 1
        length: 10.0048980713
        replay_gain: -8.19076347351
        downmix: "mix"
    tags:
        track: 10
        year: 0
        album: "Splitted by Mp3Splt v. 2.1"
        artist: "From 001.30 To 001.40"
        comment: "http://mp3splt.sf.net"
        genre: ""
        title: "03 Throw His Song Away.mp3"

highlevel:
    ballroom:
        all:
            ChaChaCha: 0.0800667926669
            Jive: 0.416303515434
            Quickstep: 0.0586673729122
            Rumba-American: 0.00407889066264
            Rumba-International: 0.0369515493512
            Rumba-Misc: 0.00874606706202
            Samba: 0.359663695097
            Tango: 0.00395845063031
            VienneseWaltz: 0.0220904238522
            Waltz: 0.0094732157886
        probability: 0.416303515434
        value: "Jive"
    culture:
        all:
            non_western: 0.0783885717392
            western: 0.921611428261
        probability: 0.921611428261
        value: "western"
    gender:
        all:
            female: 0.151603266597
            male: 0.848396718502
        probability: 0.848396718502
        value: "male"
    genre_dortmund:
        all:
            alternative: 0.13168053329
            blues: 0.0202556233853
            electronic: 0.0207764320076
            folkcountry: 0.331089168787
            funksoulrnb: 0.0318510793149
            jazz: 0.0327802412212
            pop: 0.134727150202
            raphiphop: 0.0150596108288
            rock: 0.281780153513
        probability: 0.331089168787
        value: "folkcountry"
    genre_electronica:
        all:
            ambient: 0.161256715655
            dnb: 0.714243412018
            house: 0.0416960790753
            techno: 0.0127022173256
            trance: 0.070101596415
        probability: 0.714243412018
        value: "dnb"
    genre_rosamerica:
        all:
            cla: 0.00826153717935
            dan: 0.0957990959287
            hip: 0.010201683268
            jaz: 0.00765834935009
            pop: 0.748994410038
            rhy: 0.00814947020262
            roc: 0.119491353631
            spe: 0.00144407281186
        probability: 0.748994410038
        value: "pop"
    genre_tzanetakis:
        all:
            blu: 0.00100206665229
            cla: 0.00152273487765
            cou: 0.0203589256853
            dis: 0.073805950582
            hip: 0.00424818741158
            jaz: 0.00666597671807
            met: 0.00691643310711
            pop: 0.759415864944
            reg: 0.0321907922626
            roc: 0.0938730686903
        probability: 0.759415864944
        value: "pop"
    live_studio:
        all:
            live: 0.12385609746
            studio: 0.876143872738
        probability: 0.876143872738
        value: "studio"
    mood:
        all:
            Cluster1: 0.278986543417
            Cluster2: 0.141798838973
            Cluster3: 0.338327914476
            Cluster4: 0.159907057881
            Cluster5: 0.0809796154499
        probability: 0.338327914476
        value: "Cluster3"
    mood_acoustic:
        all:
            acoustic: 0.033821336925
            not_acoustic: 0.966178655624
        probability: 0.966178655624
        value: "not_acoustic"
    mood_aggressive:
        all:
            aggressive: 0.0863803401589
            not_aggressive: 0.913619637489
        probability: 0.913619637489
        value: "not_aggressive"
    mood_electronic:
        all:
            electronic: 0.570361316204
            not_electronic: 0.429638683796
        probability: 0.570361316204
        value: "electronic"
    mood_happy:
        all:
            happy: 0.915724694729
            not_happy: 0.0842752829194
        probability: 0.915724694729
        value: "happy"
    mood_party:
        all:
            not_party: 0.551753818989
            party: 0.448246151209
        probability: 0.551753818989
        value: "not_party"
    mood_relaxed:
        all:
            not_relaxed: 0.259623497725
            relaxed: 0.740376472473
        probability: 0.740376472473
        value: "relaxed"
    mood_sad:
        all:
            not_sad: 0.0135029992089
            sad: 0.986496984959
        probability: 0.986496984959
        value: "sad"
    rhythm:
        all:
            fast: 0.971452653408
            medium: 0.0226338207722
            slow: 0.00591351557523
        probability: 0.971452653408
        value: "fast"
    speech_music:
        all:
            music: 3.6348515664e-07
            speech: 0.999999642372
        probability: 0.999999642372
        value: "speech"
    timbre:
        all:
            bright: 0.399793982506
            dark: 0.600206017494
        probability: 0.600206017494
        value: "dark"
    voice_instrumental:
        all:
            instrumental: 0.000487526383949
            voice: 0.99951249361
        probability: 0.99951249361
        value: "voice"

lowlevel:
    average_loudness: 0.978608608246
    barkbands_kurtosis:
        dmean: 0.763096451759
        dmean2: 1.21687567234
        dvar: 1.0731985569
        dvar2: 2.23065829277
        max: 10.5451002121
        mean: -0.504189431667
        min: -1.84726083279
        var: 2.72034955025
    barkbands_skewness:
        dmean: 0.398070544004
        dmean2: 0.596802830696
        dvar: 0.121095068753
        dvar2: 0.275896161795
        max: 3.05994129181
        mean: 0.577089548111
        min: -2.01600790024
        var: 0.511161088943
    barkbands_spread:
        dmean: 5.25572156906
        dmean2: 8.04085922241
        dvar: 23.8903198242
        dvar2: 50.3323516846
        max: 57.2410163879
        mean: 32.2258872986
        min: 9.26148891449
        var: 108.33442688
    dissonance:
        dmean: 0.0204000901431
        dmean2: 0.0333989523351
        dvar: 0.00040719343815
        dvar2: 0.000999997020699
        max: 0.499390274286
        mean: 0.457631468773
        min: 0.317484557629
        var: 0.00110781332478
    hfc:
        dmean: 1.88099658489
        dmean2: 2.57352995872
        dvar: 6.74630880356
        dvar2: 14.5687713623
        max: 27.0062198639
        mean: 5.18431663513
        min: 0.0845588296652
        var: 17.6528835297
    pitch:
        dmean: 834.147583008
        dmean2: 1605.90136719
        dvar: 1830795.25
        dvar2: 4265099.5
        max: 4900
        mean: 1181.51062012
        min: 66.315788269
        var: 2244460.75
    pitch_instantaneous_confidence:
        dmean: 0.0835898816586
        dmean2: 0.135917440057
        dvar: 0.00604310864583
        dvar2: 0.0129921240732
        max: 0.767290711403
        mean: 0.428472578526
        min: 0.153452992439
        var: 0.0170787014067
    pitch_salience:
        dmean: 0.0599434003234
        dmean2: 0.0953463688493
        dvar: 0.00245038815774
        dvar2: 0.00632332637906
        max: 0.806628584862
        mean: 0.608749866486
        min: 0.327965170145
        var: 0.00588110461831
    silence_rate_20dB:
        dmean: 0
        dmean2: 0
        dvar: 0
        dvar2: 0
        max: 1
        mean: 1
        min: 1
        var: 0
    silence_rate_30dB:
        dmean: 0
        dmean2: 0
        dvar: 0
        dvar2: 0
        max: 1
        mean: 1
        min: 1
        var: 0
    silence_rate_60dB:
        dmean: 0.14385150373
        dmean2: 0.286046504974
        dvar: 0.12315852195
        dvar2: 0.222828924656
        max: 1
        mean: 0.467592597008
        min: 0
        var: 0.24894952774
    spectral_centroid:
        dmean: 275.636566162
        dmean2: 402.929443359
        dvar: 78940.2578125
        dvar2: 161625.984375
        max: 4407.18603516
        mean: 1411.10424805
        min: 466.665466309
        var: 310198.5
    spectral_complexity:
        dmean: 3.09534883499
        dmean2: 4.24242401123
        dvar: 12.7234659195
        dvar2: 22.3281402588
        max: 37
        mean: 11.3062648773
        min: 0
        var: 42.7321777344
    spectral_crest:
        dmean: 2.0479183197
        dmean2: 3.44120812416
        dvar: 3.03674578667
        dvar2: 8.00352287292
        max: 19.6242351532
        mean: 7.35136365891
        min: 2.51019334793
        var: 7.00728225708
    spectral_decrease:
        dmean: 3.38160971447e-10
        dmean2: 5.01819585885e-10
        dvar: 2.46001420372e-19
        dvar2: 5.83279894894e-19
        max: -9.29202721711e-12
        mean: -8.51070325325e-10
        min: -4.34785807357e-09
        var: 3.86689772371e-19
    spectral_energy:
        dmean: 0.00142153364141
        dmean2: 0.00208373647183
        dvar: 4.25619327871e-06
        dvar2: 9.92602508632e-06
        max: 0.0185645651072
        mean: 0.00368236633949
        min: 4.27399681939e-05
        var: 7.13909003025e-06
    spectral_energyband_high:
        dmean: 0.000108594518679
        dmean2: 0.00014451246534
        dvar: 2.28065015762e-08
        dvar2: 4.50572450461e-08
        max: 0.00168075307738
        mean: 0.000231087848078
        min: 4.33444483861e-06
        var: 8.41743457158e-08
    spectral_energyband_low:
        dmean: 0.000157398593728
        dmean2: 0.000284237583401
        dvar: 2.82619936343e-07
        dvar2: 8.11967822756e-07
        max: 0.00399051606655
        mean: 0.000200385751668
        min: 1.6025076377e-07
        var: 1.99427077519e-07
    spectral_energyband_middle_high:
        dmean: 0.00050892541185
        dmean2: 0.000749026134145
        dvar: 5.64213337384e-07
        dvar2: 1.25897861381e-06
        max: 0.00833082292229
        mean: 0.00136362796184
        min: 2.92525510304e-05
        var: 1.26777786136e-06
    spectral_energyband_middle_low:
        dmean: 0.000879923056345
        dmean2: 0.00134400848765
        dvar: 1.9312076347e-06
        dvar2: 4.73145564683e-06
        max: 0.01190116629
        mean: 0.00188723288011
        min: 7.04300100551e-06
        var: 2.59639705291e-06
    spectral_flatness_db:
        dmean: 0.0165776088834
        dmean2: 0.0228874906898
        dvar: 0.000177590860403
        dvar2: 0.000346784101566
        max: 0.227927267551
        mean: 0.152386009693
        min: 0.0685753300786
        var: 0.000778362271376
    spectral_flux:
        dmean: 0.00946299731731
        dmean2: 0.0140151223168
        dvar: 0.000123691163026
        dvar2: 0.000239703789703
        max: 0.0956326797605
        mean: 0.033184748143
        min: 0.0065375813283
        var: 0.000282808323391
    spectral_kurtosis:
        dmean: 1.17531740665
        dmean2: 1.88027489185
        dvar: 1.3120405674
        dvar2: 3.21285533905
        max: 10.923160553
        mean: 3.64969944954
        min: -0.555558919907
        var: 4.82108974457
    spectral_rms:
        dmean: 0.000330308801495
        dmean2: 0.000456350157037
        dvar: 1.56678453322e-07
        dvar2: 3.2830098462e-07
        max: 0.00425579259172
        mean: 0.00178515526932
        min: 0.000204199721338
        var: 4.05771203305e-07
    spectral_rolloff:
        dmean: 500.32131958
        dmean2: 791.357910156
        dvar: 345340.625
        dvar2: 792702.8125
        max: 6244.62890625
        mean: 2961.49121094
        min: 409.130859375
        var: 1098094.125
    spectral_skewness:
        dmean: 0.199570506811
        dmean2: 0.299612015486
        dvar: 0.0305633153766
        dvar2: 0.0589815117419
        max: 2.55595183372
        mean: 1.42326045036
        min: 0.207521289587
        var: 0.182356908917
    spectral_spread:
        dmean: 747047.125
        dmean2: 947249.5
        dvar: 1.16753327718e+12
        dvar2: 1.41354886758e+12
        max: 22643074
        mean: 5165699.5
        min: 2357717.5
        var: 3.30720896614e+12
    spectral_strongpeak:
        dmean: 0.272170692682
        dmean2: 0.47511702776
        dvar: 0.222576200962
        dvar2: 0.615003943443
        max: 4.12931108475
        mean: 0.435715585947
        min: 0.0285755861551
        var: 0.220797285438
    zerocrossingrate:
        dmean: 0.00964525807649
        dmean2: 0.0107444636524
        dvar: 8.47594128572e-05
        dvar2: 9.63666243479e-05
        max: 0.20556640625
        mean: 0.0865753218532
        min: 0.0283203125
        var: 0.000706016784534
    barkbands:
        dmean: [2.54743497408e-07, 3.63596445823e-05, 0.000127984269056, 0.000177211157279, 0.000395723356633, 0.000162294119946, 0.000134642585181, 0.000157928923727, 0.000108154272311, 8.71218217071e-05, 6.51854934404e-05, 3.49360161636e-05, 2.37512795138e-05, 2.22825874516e-05, 2.1735784685e-05, 3.74326918973e-05, 0.000123454607092, 0.000177375462954, 0.000144978213939, 6.83685648255e-05, 5.55629630981e-05, 2.72610013781e-05, 9.38742869039e-06, 3.06896390612e-06, 1.94264725906e-06, 7.37339149737e-08, 4.07696854055e-09]
        dmean2: [3.80528433652e-07, 6.25820757705e-05, 0.000237008265685, 0.00027855092776, 0.000639846955892, 0.000265435344772, 0.00022651386098, 0.000250170269283, 0.000168045968167, 0.000142944700201, 0.000107547544758, 5.38562962902e-05, 3.68743822037e-05, 3.65575688193e-05, 3.51385133399e-05, 6.00523671892e-05, 0.000192692066776, 0.000275570026133, 0.000223973955144, 0.000102660887933, 7.98007458798e-05, 3.90303321183e-05, 1.21966795632e-05, 4.2190131353e-06, 2.71580393019e-06, 1.06267975752e-07, 4.3769672331e-09]
        dvar: [2.04633315501e-12, 1.42786289459e-08, 1.91116143355e-07, 1.17753842233e-07, 4.01706813591e-07, 5.3185136295e-08, 8.4960014135e-08, 6.80656171426e-08, 2.98691915646e-08, 2.12280184542e-08, 1.16066125599e-08, 4.52298021258e-09, 1.52378987206e-09, 1.14965381659e-09, 1.2043220865e-09, 5.18391285453e-09, 6.953884224e-08, 1.03950263508e-07, 4.26538662168e-08, 9.62724033826e-09, 6.59320553709e-09, 2.32275221279e-09, 5.31074628718e-10, 5.33159350002e-11, 1.77834899584e-11, 1.82277576957e-14, 5.60165503799e-15]
        dvar2: [2.60791345116e-12, 3.90170313835e-08, 5.56498036985e-07, 2.69797681085e-07, 9.41659720866e-07, 1.38703697417e-07, 2.32504959286e-07, 1.5362230954e-07, 6.58045991031e-08, 5.14124387507e-08, 2.89240471574e-08, 8.50625259119e-09, 3.64516616891e-09, 2.57985521834e-09, 2.9588791417e-09, 1.18604459587e-08, 1.7653501061e-07, 2.48376977652e-07, 1.01581584033e-07, 2.27597034552e-08, 1.34871358526e-08, 5.41648415009e-09, 1.12359122006e-09, 1.12074946546e-10, 3.80931397537e-11, 3.45576906392e-14, 5.59989066836e-15]
        max: [2.70129021374e-05, 0.00104179664049, 0.00339614553377, 0.00263185659423, 0.00445868819952, 0.00209391280077, 0.00206859270111, 0.00269400794059, 0.00158270518295, 0.00176597340032, 0.00136125844438, 0.000911121023819, 0.000585449568462, 0.000544688722584, 0.000297270773444, 0.000770720827859, 0.00369200343266, 0.00355874467641, 0.00186767138075, 0.000841469794977, 0.000815144507214, 0.000576004444156, 0.000264513044385, 0.000103200429294, 6.96204442647e-05, 1.44661419199e-06, 1.55611905939e-06]
        mean: [2.25785271368e-07, 3.79739540222e-05, 0.000162218973855, 0.000235311716096, 0.000679683114868, 0.000263218098553, 0.00017031567404, 0.000312212097924, 0.000194067572011, 0.000146372331074, 0.000127124687424, 7.29960229364e-05, 4.70082122774e-05, 3.83609694836e-05, 4.05783175665e-05, 6.20856226305e-05, 0.000212149927393, 0.000280361156911, 0.000290938420221, 0.000132718050736, 0.000103313628642, 4.66502933705e-05, 1.65312576428e-05, 6.02991394771e-06, 3.82207645089e-06, 9.6948809869e-08, 4.06394917718e-09]
        min: [8.34775304437e-11, 6.86215617662e-09, 4.31729034744e-08, 1.86355663345e-07, 4.92435310662e-06, 5.36362335879e-07, 3.04388919403e-07, 3.7083901816e-07, 2.85117778276e-07, 9.54564711719e-07, 5.38034271358e-07, 4.08949347275e-07, 1.56699272225e-07, 3.45300747995e-07, 1.04991059402e-07, 6.83839175508e-07, 1.20168317608e-06, 1.94253266272e-06, 1.51596884734e-06, 1.50411256072e-06, 1.63169818279e-06, 3.28281686279e-07, 8.30468582791e-09, 3.09876013738e-09, 2.65114219467e-09, 1.64532259345e-11, 1.02666911973e-13]
        var: [1.98146750743e-12, 1.02025223825e-08, 1.34961254616e-07, 1.34817042863e-07, 5.89527758166e-07, 7.18286941037e-08, 7.17321881893e-08, 2.30138638813e-07, 7.57647526939e-08, 4.56096600487e-08, 5.20006473437e-08, 1.91592341992e-08, 4.67332839094e-09, 3.32869287689e-09, 2.39070097052e-09, 7.40733074878e-09, 8.85352164914e-08, 1.35683492886e-07, 8.82357582555e-08, 2.25025420519e-08, 1.58030744046e-08, 5.79761794128e-09, 1.55109491917e-09, 2.7568891614e-10, 9.6221607071e-11, 2.86744945551e-14, 5.6029099173e-15]
    mfcc:
        mean: [-726.160339355, 113.058357239, -39.043598175, 52.1461410522, -23.1946029663, -15.1041679382, -4.63635492325, -1.8228456974, -7.98701858521, -15.9194927216, -3.12668371201, -10.1314945221, -7.4753651619]
        cov: [[2495.63378906, -645.468017578, 213.723312378, -14.1337795258, 95.8880691528, -11.2897338867, -72.4597244263, 136.298629761, 41.5704650879, -22.9807510376, -13.6645450592, -54.1380691528, -71.1668548584], [-645.468017578, 1153.0859375, -509.636688232, 60.0175514221, -50.1996650696, -30.6481895447, 172.846664429, 131.284957886, 41.3412895203, -18.4783210754, 129.092498779, 80.8844146729, 7.94085931778], [213.723312378, -509.636688232, 560.840637207, -41.9520530701, 47.4959754944, 49.6603965759, -82.6506958008, -76.0799713135, 1.97586750984, 46.1846580505, -73.1147155762, -23.0139369965, 3.09378170967], [-14.1337795258, 60.0175514221, -41.9520530701, 277.403808594, 95.4358215332, 65.6795578003, -11.0878725052, -0.217674002051, 24.4514656067, -7.79430055618, -57.0750694275, 17.2129878998, 3.45235180855], [95.8880691528, -50.1996650696, 47.4959754944, 95.4358215332, 217.153717041, 46.670627594, -8.04644107819, 11.4498157501, 27.2285919189, -8.01272201538, -39.0509567261, 8.55455303192, 11.4612407684], [-11.2897338867, -30.6481895447, 49.6603965759, 65.6795578003, 46.670627594, 164.080612183, 40.7112770081, 9.4318523407, 2.34076619148, -21.9440002441, -38.8438148499, 8.73837757111, 15.9950523376], [-72.4597244263, 172.846664429, -82.6506958008, -11.0878725052, -8.04644107819, 40.7112770081, 154.530181885, 47.8321418762, 38.0551948547, -11.6772918701, 30.4984893799, 25.0291194916, 23.8780231476], [136.298629761, 131.284957886, -76.0799713135, -0.217674002051, 11.4498157501, 9.4318523407, 47.8321418762, 137.098526001, 17.5425510406, 1.80692636967, 35.3050117493, 24.6057510376, 0.400784254074], [41.5704650879, 41.3412895203, 1.97586750984, 24.4514656067, 27.2285919189, 2.34076619148, 38.0551948547, 17.5425510406, 95.1642150879, 31.9553203583, 14.4947528839, 7.93405532837, 2.51735067368], [-22.9807510376, -18.4783210754, 46.1846580505, -7.79430055618, -8.01272201538, -21.9440002441, -11.6772918701, 1.80692636967, 31.9553203583, 70.1325073242, 25.0614013672, 6.04537677765, -2.50377368927], [-13.6645450592, 129.092498779, -73.1147155762, -57.0750694275, -39.0509567261, -38.8438148499, 30.4984893799, 35.3050117493, 14.4947528839, 25.0614013672, 110.85092926, 18.0318279266, 0.24074806273], [-54.1380691528, 80.8844146729, -23.0139369965, 17.2129878998, 8.55455303192, 8.73837757111, 25.0291194916, 24.6057510376, 7.93405532837, 6.04537677765, 18.0318279266, 76.0011291504, 7.69180107117], [-71.1668548584, 7.94085931778, 3.09378170967, 3.45235180855, 11.4612407684, 15.9950523376, 23.8780231476, 0.400784254074, 2.51735067368, -2.50377368927, 0.24074806273, 7.69180107117, 58.4961090088]]
        icov: [[0.000644009269308, 0.000514654326253, -5.13169361511e-05, -0.000140965363244, -0.000101597492176, 0.000219625348109, 0.000102934260212, -0.0010794721311, -0.000553211779334, 0.000878080434632, -0.000438434362877, 0.000252298195846, 0.000679927121382], [0.000514654326253, 0.00220184656791, 0.00118067406584, -0.000585680012591, 8.05769377621e-05, 0.000380576762836, -0.000968632695731, -0.00119026040193, -0.000476625893498, 0.000627754256129, -0.00119585753419, -0.000624085776508, 0.000717416114639], [-5.13169361511e-05, 0.00118067406584, 0.00366691406816, 0.00106812885497, -0.000502342358232, -0.00134167238139, 0.000530373945367, 0.000757552683353, -0.000238835942582, -0.00272035831586, 0.00130992440972, -0.000677043979522, -0.000258610903984], [-0.000140965363244, -0.000585680012591, 0.00106812885497, 0.005821574945, -0.00163249170873, -0.00211457861587, 0.00177021475974, 0.000624220701866, -0.00147598935291, -0.00112824933603, 0.00302270357497, -0.00128863088321, -0.000148647246533], [-0.000101597492176, 8.05769377621e-05, -0.000502342358232, -0.00163249170873, 0.00626243650913, -0.000599001010414, 0.00103402265813, -0.000934750889428, -0.002140897559, 0.00157280405983, 0.000750502978917, -0.000566611008253, -0.00125966093037], [0.000219625348109, 0.000380576762836, -0.00134167238139, -0.00211457861587, -0.000599001010414, 0.00920359510928, -0.00354642304592, -0.00115508795716, 0.000988764222711, 0.00212339893915, 0.00138866517227, -0.000179235255928, -0.000466208177386], [0.000102934260212, -0.000968632695731, 0.000530373945367, 0.00177021475974, 0.00103402265813, -0.00354642304592, 0.0122274998575, -0.00174852903001, -0.00573769584298, 0.00373318651691, -0.00114575284533, -0.00137787300628, -0.00349533814006], [-0.0010794721311, -0.00119026040193, 0.000757552683353, 0.000624220701866, -0.000934750889428, -0.00115508795716, -0.00174852903001, 0.0112618412822, 0.000696934817825, -0.00189830106683, -0.00111730897333, -0.00190826016478, 5.12319566042e-05], [-0.000553211779334, -0.000476625893498, -0.000238835942582, -0.00147598935291, -0.002140897559, 0.000988764222711, -0.00573769584298, 0.000696934817825, 0.0170219372958, -0.00910502579063, 0.000187438650755, 0.000995893729851, 0.0007238786784], [0.000878080434632, 0.000627754256129, -0.00272035831586, -0.00112824933603, 0.00157280405983, 0.00212339893915, 0.00373318651691, -0.00189830106683, -0.00910502579063, 0.0243934225291, -0.00625328766182, -0.0011947969906, 0.000412641413277], [-0.000438434362877, -0.00119585753419, 0.00130992440972, 0.00302270357497, 0.000750502978917, 0.00138866517227, -0.00114575284533, -0.00111730897333, 0.000187438650755, -0.00625328766182, 0.0159278996289, -0.00205883686431, -0.000740705349017], [0.000252298195846, -0.000624085776508, -0.000677043979522, -0.00128863088321, -0.000566611008253, -0.000179235255928, -0.00137787300628, -0.00190826016478, 0.000995893729851, -0.0011947969906, -0.00205883686431, 0.0158177055418, -0.000926358799916], [0.000679927121382, 0.000717416114639, -0.000258610903984, -0.000148647246533, -0.00125966093037, -0.000466208177386, -0.00349533814006, 5.12319566042e-05, 0.0007238786784, 0.000412641413277, -0.000740705349017, -0.000926358799916, 0.0197595153004]]
    spectral_contrast:
        mean: [-5.05965317643e-07, -6.15874341747e-07, 1.58979574394e-07, -4.21381315618e-07, -7.96572521722e-07, -6.52850644656e-07, 3.01660361401e-06, -4.45064159749e-07, 4.52635731563e-06, 5.73366241952e-06, -1.86558395399e-07, -1.34615220304e-06]
        var: [0.000614537450019, 0.000674352457281, 0.00131101428997, 0.00259333127178, 0.00306715490296, 0.00583488168195, 0.0459903515875, 0.0941496640444, 0.111303053796, 0.333107233047, 0.714713394642, 1.54021990299]

rhythm:
    beats_loudness:
        dmean: 0.00282877171412
        dmean2: 0.00464396178722
        dvar: 4.26329825132e-06
        dvar2: 1.42412045534e-05
        max: 0.00998881738633
        mean: 0.00430702744052
        min: 0.000894190685358
        var: 6.22630477665e-06
    beats_loudness_bass:
        dmean: 0.0753400996327
        dmean2: 0.135695904493
        dvar: 0.00403427658603
        dvar2: 0.012358693406
        max: 0.197570070624
        mean: 0.064304433763
        min: 0.000963017111644
        var: 0.00423209182918
    bpm: 133.984573364
    bpm_confidence: 0
    first_peak_bpm: 89
    first_peak_spread: 0
    first_peak_weight: 0.470588237047
    onset_rate: 3.79813981056
    second_peak_bpm: 134
    second_peak_spread: 0.111111164093
    second_peak_weight: 0.470588237047
    beats_position: [0.136151760817, 0.81292951107, 1.48970735073, 2.16648507118, 2.84326267242, 3.52004027367, 4.19681835175, 4.87359619141, 5.55037403107, 5.98738145828, 6.43519544601, 6.88300991058, 7.33082485199, 7.77863883972, 8.22645282745, 8.67426681519, 9.12208175659, 9.56989574432]
    bpm_estimates: [133.418075562, 134.10760498, 133.917861938, 134.139175415, 134.220718384, 134.076171875, 134.012420654]
    bpm_intervals: [0.676777720451, 0.676777839661, 0.676777720451, 0.676777601242, 0.676777601242, 0.676778078079, 0.676777839661, 0.676777839661, 0.437007427216, 0.447813987732, 0.447814464569, 0.447814941406, 0.447813987732, 0.447813987732, 0.447813987732, 0.447814941406, 0.447813987732]
    onset_times: [0.0464399084449, 0.325079351664, 0.568888902664, 0.801088452339, 1.13777780533, 1.4164172411, 1.89242625237, 2.03174614906, 2.14784574509, 2.35682535172, 2.5890250206, 2.93732428551, 3.20435380936, 3.7151927948, 3.95900225639, 4.1679816246, 4.40018129349, 4.76009082794, 5.05034017563, 5.52634906769, 5.70049905777, 5.9675283432, 6.19972801208, 6.46675729752, 6.5596370697, 6.8382768631, 7.33750581741, 7.53487539291, 7.56970500946, 7.79029464722, 7.99927425385, 8.37079334259, 8.64943313599, 9.13705253601, 9.287981987, 9.38086128235, 9.58984088898, 9.81043052673]
    rubato_start: [5.98738145828]
    rubato_stop: [6.43519544601]
    perceptual_tempo: "unknown"

sfx:
    inharmonicity:
        dmean: 0.0505780912936
        dmean2: 0.0897706449032
        dvar: 0.00391838792711
        dvar2: 0.011307105422
        max: 0.378161758184
        mean: 0.0518189258873
        min: 0
        var: 0.00375851825811
    oddtoevenharmonicenergyratio:
        dmean: 3.37804818153
        dmean2: 6.34782505035
        dvar: 144.907318115
        dvar2: 425.305389404
        max: 104.66166687
        mean: 2.29706478119
        min: 0
        var: 79.5443191528
    pitch_after_max_to_before_max_energy_ratio: 1.2167083025
    pitch_centroid: 195.442993164
    pitch_max_to_total: 0.315545231104
    pitch_min_to_total: 0.877030134201
    tristimulus:
        dmean: [0.216267749667, 0.259017497301, 0.128207489848]
        dmean2: [0.379608094692, 0.455891042948, 0.224187538028]
        dvar: [0.0333969555795, 0.0467323772609, 0.0165043640882]
        dvar2: [0.0927387997508, 0.130051136017, 0.0457168892026]
        max: [1, 0.953716754913, 0.796958386898]
        mean: [0.359305143356, 0.443354964256, 0.13398244977]
        min: [0.0102391410619, 0, 0]
        var: [0.0501759685576, 0.063960403204, 0.0181688833982]

tonal:
    chords_changes_rate: 0.0322580635548
    chords_number_rate: 0.0276497695595
    chords_strength:
        dmean: 0.0102650886402
        dmean2: 0.00895874947309
        dvar: 5.21517649759e-05
        dvar2: 5.59508480364e-05
        max: 0.778948128223
        mean: 0.651720643044
        min: 0.486215859652
        var: 0.00439692754298
    key_strength: 0.879441440105
    tuning_diatonic_strength: 0.748330295086
    tuning_equal_tempered_deviation: 0.0719607770443
    tuning_frequency: 441.527557373
    tuning_nontempered_energy_ratio: 0.747708678246
    hpcp:
        dmean: [0.124785527587, 0.132421329618, 0.108356058598, 0.0953969359398, 0.0917779281735, 0.116349495947, 0.145091369748, 0.141933187842, 0.17491081357, 0.175607547164, 0.16733148694, 0.120968908072, 0.0899568274617, 0.112642854452, 0.154738739133, 0.164734706283, 0.145181104541, 0.11281799525, 0.0672057196498, 0.0637618154287, 0.111642949283, 0.124669358134, 0.125431641936, 0.139962807298, 0.148025408387, 0.131802931428, 0.195343434811, 0.197027817369, 0.171746537089, 0.201263427734, 0.175510630012, 0.158066004515, 0.136484622955, 0.0907433629036, 0.0771393477917, 0.104001350701]
        dmean2: [0.201998695731, 0.220704644918, 0.190827324986, 0.168232232332, 0.146825805306, 0.192489281297, 0.255276948214, 0.242943018675, 0.287051200867, 0.287439376116, 0.277634471655, 0.216229692101, 0.162321388721, 0.19305446744, 0.259095907211, 0.272170245647, 0.23689520359, 0.205312371254, 0.121521353722, 0.111507050693, 0.190243065357, 0.206846192479, 0.204506471753, 0.241815492511, 0.252749562263, 0.229962795973, 0.350294917822, 0.33693999052, 0.296324789524, 0.341870248318, 0.294347256422, 0.270691633224, 0.241192147136, 0.155668929219, 0.12920807302, 0.171199023724]
        dvar: [0.0192207247019, 0.0298573765904, 0.0301322769374, 0.0273493677378, 0.0239972248673, 0.0339093022048, 0.0450911521912, 0.0442423857749, 0.0409639626741, 0.0421054214239, 0.0438377223909, 0.0370583236217, 0.034138508141, 0.0353014655411, 0.043546076864, 0.045966822654, 0.0357277430594, 0.0352488234639, 0.0170847699046, 0.00766384648159, 0.0204953216016, 0.021624121815, 0.0191614180803, 0.029530107975, 0.046412833035, 0.0358553603292, 0.0733004286885, 0.0602103210986, 0.0532391406596, 0.0516468062997, 0.047343224287, 0.0331774801016, 0.0365459397435, 0.0199282448739, 0.010270380415, 0.0123463654891]
        dvar2: [0.0405212789774, 0.0761016011238, 0.0897289514542, 0.0716728195548, 0.0607725381851, 0.0918922275305, 0.11579811573, 0.118689611554, 0.0976589620113, 0.0885130614042, 0.111585691571, 0.101588696241, 0.0953947007656, 0.092205606401, 0.108043260872, 0.117059372365, 0.0970986708999, 0.103099904954, 0.05144283548, 0.0189229678363, 0.0570891574025, 0.0471720136702, 0.0481896996498, 0.079193867743, 0.122684188187, 0.0969403982162, 0.188594505191, 0.1379237324, 0.148346379399, 0.141411632299, 0.113447666168, 0.086820743978, 0.102970965207, 0.057668145746, 0.0295111294836, 0.0280055813491]
        max: [1, 1, 1, 1, 1, 1, 1, 1, 1, 1, 1, 1, 1, 1, 1, 1, 1, 1, 0.977009415627, 0.648422896862, 1, 1, 1, 1, 1, 1, 1, 1, 1, 1, 1, 1, 1, 0.797233879566, 0.675213873386, 1]
        mean: [0.199270755053, 0.158374980092, 0.12674382329, 0.151241734624, 0.146123632789, 0.14188593626, 0.17721478641, 0.192233622074, 0.297419041395, 0.396313607693, 0.263846516609, 0.112475126982, 0.0823177620769, 0.113182298839, 0.225218176842, 0.288612246513, 0.204909607768, 0.111829765141, 0.0667020380497, 0.0830324664712, 0.165775716305, 0.208877041936, 0.18088068068, 0.211494252086, 0.239201828837, 0.17722645402, 0.185304775834, 0.21137341857, 0.189611911774, 0.281834542751, 0.378268241882, 0.28026509285, 0.155436769128, 0.103511527181, 0.0927889049053, 0.153270915151]
        min: [0.00860431883484, 0.010950316675, 0.00243304902688, 0.00198334921151, 0.000869279610924, 0.00234272237867, 0.00283151050098, 0.00294925784692, 0.00426536425948, 0.00516638765112, 0.00275291292928, 0.00111495936289, 0.000993164721876, 0.0022899878677, 0.00330697372556, 0.00376800168306, 0.00353572727181, 0.00132459844463, 0.00118354696315, 0.000694904418197, 0.00114413246047, 0.000849089352414, 0.0062561230734, 0.00659838924184, 0.00698229297996, 0.00267153349705, 0.00392909767106, 0.00225647701882, 0.00277626304887, 0.00398511812091, 0.00335248652846, 0.0049589057453, 0.00372513569891, 0.0013055059826, 0.00351310893893, 0.0071362350136]
        var: [0.0493219792843, 0.0356869287789, 0.0270191710442, 0.0616056732833, 0.047505158931, 0.0372342430055, 0.0586305931211, 0.0722529143095, 0.0766451135278, 0.131557404995, 0.0690689533949, 0.0294847227633, 0.022554570809, 0.030426485464, 0.0713967457414, 0.0839923024178, 0.047419372946, 0.0258731618524, 0.0113726602867, 0.013099078089, 0.0426308363676, 0.0456104204059, 0.0309242811054, 0.0450733192265, 0.0786793604493, 0.0424798615277, 0.0633185878396, 0.06754630059, 0.0551038011909, 0.0751979127526, 0.123082086444, 0.0597987398505, 0.0324296057224, 0.0194236841053, 0.00977606605738, 0.0221103020012]
    chords_histogram: [41.9354820251, 6.45161294937, 12.9032258987, 0, 0, 0, 0, 0, 0.921658992767, 0, 0, 0, 0, 0, 0, 0, 0, 0, 0, 4.60829496384, 15.2073736191, 0, 17.9723510742, 0]
    thpcp: [1, 0.665751874447, 0.283803343773, 0.207708641887, 0.285587728024, 0.568282723427, 0.728242099285, 0.517039060593, 0.282174944878, 0.168306201696, 0.209512025118, 0.418294280767, 0.527049899101, 0.456407934427, 0.533653795719, 0.603567063808, 0.447187393904, 0.467571079731, 0.533348858356, 0.478439062834, 0.711140215397, 0.954466938972, 0.707180082798, 0.39220649004, 0.261185914278, 0.234129995108, 0.386741489172, 0.502810776234, 0.399620354176, 0.319806903601, 0.381621360779, 0.368707090616, 0.358014285564, 0.447157979012, 0.485054314137, 0.750463843346]
    chords_key: "C"
    chords_scale: "major"
    key_key: "C"
    key_scale: "major"
    chords_progression: ["E", "E", "Em", "Em", "Em", "Em", "Em", "Em", "Em", "Em", "Em", "Em", "Em", "Em", "Em", "Em", "C", "C", "C", "C", "C", "C", "C", "C", "C", "C", "C", "C", "C", "C", "C", "C", "C", "C", "C", "C", "C", "C", "C", "C", "C", "C", "C", "C", "C", "C", "C", "C", "C", "C", "C", "C", "C", "C", "C", "C", "C", "C", "C", "G", "G", "G", "G", "G", "G", "G", "G", "G", "G", "G", "G", "G", "G", "G", "G", "G", "G", "G", "G", "G", "G", "G", "G", "G", "G", "G", "G", "Gm", "Gm", "Gm", "Gm", "Gm", "Gm", "Gm", "Gm", "Gm", "Gm", "A#", "A#", "A#", "A#", "A#", "A#", "A#", "A#", "A#", "A#", "A#", "A#", "A#", "A#", "A#", "A#", "A#", "A#", "A#", "A#", "A#", "A#", "A#", "A#", "A#", "A#", "A#", "A#", "A#", "A#", "A#", "A#", "A#", "F", "F", "F", "F", "F", "F", "F", "F", "F", "F", "F", "F", "F", "F", "F", "F", "F", "F", "F", "F", "F", "F", "F", "F", "F", "F", "F", "F", "F", "F", "F", "F", "F", "F", "F", "F", "F", "F", "F", "C", "C", "C", "C", "C", "C", "C", "C", "C", "C", "C", "C", "C", "C", "C", "C", "C", "C", "C", "C", "C", "C", "C", "C", "C", "C", "C", "C", "C", "C", "C", "C", "C", "C", "C", "C", "C", "C", "C", "C", "C", "C", "C", "C", "C", "C", "C", "C"]
