
metadata:
    version:
        essentia: "1.2.2"
    audio_properties:
        analysis_sample_rate: 44100
        bitrate: 128
        channels: 2
        equal_loudness: 1
        length: 10.0048980713
        replay_gain: -14.666267395
        downmix: "mix"
    tags:
        track: 3
        year: 0
        album: "Splitted by Mp3Splt v. 2.1"
        artist: "From 000.20 To 000.30"
        comment: "http://mp3splt.sf.net"
        genre: ""
        title: "10 Paddle Out.mp3"

highlevel:
    ballroom:
        all:
            ChaChaCha: 0.046579811722
            Jive: 0.837570309639
            Quickstep: 0.00404499284923
            Rumba-American: 0.000103136968391
            Rumba-International: 0.000555771926884
            Rumba-Misc: 0.000317397905746
            Samba: 0.109135836363
            Tango: 7.45787765482e-05
            VienneseWaltz: 0.00145753694233
            Waltz: 0.000160636467626
        probability: 0.837570309639
        value: "Jive"
    culture:
        all:
            non_western: 0.0159035976976
            western: 0.98409640789
        probability: 0.98409640789
        value: "western"
    gender:
        all:
            female: 0.0840023681521
            male: 0.915997624397
        probability: 0.915997624397
        value: "male"
    genre_dortmund:
        all:
            alternative: 0.0685868933797
            blues: 0.007114415057
            electronic: 0.00672506541014
            folkcountry: 0.0162861365825
            funksoulrnb: 0.00869757961482
            jazz: 0.0141099756584
            pop: 0.0560645014048
            raphiphop: 0.00931000337005
            rock: 0.813105404377
        probability: 0.813105404377
        value: "rock"
    genre_electronica:
        all:
            ambient: 0.0273490939289
            dnb: 0.693791151047
            house: 0.00599942496046
            techno: 0.00555808236822
            trance: 0.267302215099
        probability: 0.693791151047
        value: "dnb"
    genre_rosamerica:
        all:
            cla: 0.00120806624182
            dan: 0.0129777211696
            hip: 0.004200338386
            jaz: 0.00202865875326
            pop: 0.00895211752504
            rhy: 0.00358231319115
            roc: 0.966067433357
            spe: 0.000983334495686
        probability: 0.966067433357
        value: "roc"
    genre_tzanetakis:
        all:
            blu: 0.00198374781758
            cla: 0.00220696581528
            cou: 0.0272952448577
            dis: 0.065007917583
            hip: 0.0428562536836
            jaz: 0.0264161285013
            met: 0.596482038498
            pop: 0.0991991460323
            reg: 0.00586747238412
            roc: 0.132685109973
        probability: 0.596482038498
        value: "met"
    live_studio:
        all:
            live: 0.269012659788
            studio: 0.730987370014
        probability: 0.730987370014
        value: "studio"
    mood:
        all:
            Cluster1: 0.328622847795
            Cluster2: 0.0519708357751
            Cluster3: 0.0145308505744
            Cluster4: 0.0320728197694
            Cluster5: 0.572802662849
        probability: 0.572802662849
        value: "Cluster5"
    mood_acoustic:
        all:
            acoustic: 0.00260043237358
            not_acoustic: 0.997399568558
        probability: 0.997399568558
        value: "not_acoustic"
    mood_aggressive:
        all:
            aggressive: 0.996946930885
            not_aggressive: 0.00305308471434
        probability: 0.996946930885
        value: "aggressive"
    mood_electronic:
        all:
            electronic: 0.360505223274
            not_electronic: 0.639494776726
        probability: 0.639494776726
        value: "not_electronic"
    mood_happy:
        all:
            happy: 0.591601908207
            not_happy: 0.408398121595
        probability: 0.591601908207
        value: "happy"
    mood_party:
        all:
            not_party: 0.176823228598
            party: 0.823176801205
        probability: 0.823176801205
        value: "party"
    mood_relaxed:
        all:
            not_relaxed: 0.259684413671
            relaxed: 0.740315616131
        probability: 0.740315616131
        value: "relaxed"
    mood_sad:
        all:
            not_sad: 0.984222650528
            sad: 0.0157773755491
        probability: 0.984222650528
        value: "not_sad"
    rhythm:
        all:
            fast: 0.95081704855
            medium: 0.0444634109735
            slow: 0.0047195344232
        probability: 0.95081704855
        value: "fast"
    speech_music:
        all:
            music: 0.994889914989
            speech: 0.00511007755995
        probability: 0.994889914989
        value: "music"
    timbre:
        all:
            bright: 0.0158212538809
            dark: 0.984178721905
        probability: 0.984178721905
        value: "dark"
    voice_instrumental:
        all:
            instrumental: 0.0777147859335
            voice: 0.922285199165
        probability: 0.922285199165
        value: "voice"

lowlevel:
    average_loudness: 0.963033616543
    barkbands_kurtosis:
        dmean: 0.465023905039
        dmean2: 0.791602015495
        dvar: 0.516758859158
        dvar2: 1.32652211189
        max: 7.63890743256
        mean: -1.26476371288
        min: -1.873488307
        var: 0.574701726437
    barkbands_skewness:
        dmean: 0.395318567753
        dmean2: 0.623082995415
        dvar: 0.105151243508
        dvar2: 0.234287306666
        max: 2.98073363304
        mean: -0.00759046385065
        min: -1.87840759754
        var: 0.376694858074
    barkbands_spread:
        dmean: 6.01470422745
        dmean2: 9.59352684021
        dvar: 26.8039646149
        dvar2: 67.3361663818
        max: 73.5180587769
        mean: 43.2156448364
        min: 15.6881599426
        var: 72.9929962158
    dissonance:
        dmean: 0.0106900548562
        dmean2: 0.0184432379901
        dvar: 9.66513398453e-05
        dvar2: 0.000263846362941
        max: 0.499374717474
        mean: 0.479577034712
        min: 0.426162868738
        var: 0.000160728057381
    hfc:
        dmean: 3.09086108208
        dmean2: 4.74021196365
        dvar: 14.5838155746
        dvar2: 37.7158851624
        max: 36.0918388367
        mean: 10.1826725006
        min: 5.85278985454e-06
        var: 32.6220664978
    pitch:
        dmean: 1066.2355957
        dmean2: 2055.03442383
        dvar: 2220465
        dvar2: 4718143.5
        max: 4410
        mean: 2489.85083008
        min: 73.0132446289
        var: 2982175
    pitch_instantaneous_confidence:
        dmean: 0.0783849135041
        dmean2: 0.128400713205
        dvar: 0.00436279503629
        dvar2: 0.0115381516516
        max: 0.657911360264
        mean: 0.360843122005
        min: 0.176861643791
        var: 0.0093523832038
    pitch_salience:
        dmean: 0.058716148138
        dmean2: 0.0961809679866
        dvar: 0.00263911322691
        dvar2: 0.00646764039993
        max: 0.928731024265
        mean: 0.646856188774
        min: 0.411482989788
        var: 0.00589959044009
    silence_rate_20dB:
        dmean: 0
        dmean2: 0
        dvar: 0
        dvar2: 0
        max: 1
        mean: 1
        min: 1
        var: 0
    silence_rate_30dB:
        dmean: 0
        dmean2: 0
        dvar: 0
        dvar2: 0
        max: 1
        mean: 1
        min: 1
        var: 0
    silence_rate_60dB:
        dmean: 0.0835266858339
        dmean2: 0.165116280317
        dvar: 0.0765501484275
        dvar2: 0.175061792135
        max: 1
        mean: 0.113425925374
        min: 0
        var: 0.100560635328
    spectral_centroid:
        dmean: 317.845611572
        dmean2: 495.596221924
        dvar: 63617.828125
        dvar2: 134628.0625
        max: 3421.87426758
        mean: 1890.91845703
        min: 421.280792236
        var: 273687.46875
    spectral_complexity:
        dmean: 4.81395339966
        dmean2: 7.30769252777
        dvar: 21.3840045929
        dvar2: 47.8494262695
        max: 46
        mean: 18.5382823944
        min: 0
        var: 65.6731643677
    spectral_crest:
        dmean: 1.80576825142
        dmean2: 3.07224702835
        dvar: 2.97414755821
        dvar2: 8.56104373932
        max: 17.2481269836
        mean: 6.27049064636
        min: 2.80883622169
        var: 4.2776632309
    spectral_decrease:
        dmean: 3.50041745589e-10
        dmean2: 5.73223635225e-10
        dvar: 1.3310015895e-19
        dvar2: 3.20918677313e-19
        max: -4.67739746166e-16
        mean: -1.17016829559e-09
        min: -3.09056846781e-09
        var: 2.62381509356e-19
    spectral_energy:
        dmean: 0.0015501837479
        dmean2: 0.0025224913843
        dvar: 2.81030747828e-06
        dvar2: 6.86569273967e-06
        max: 0.0144186755642
        mean: 0.00534008443356
        min: 2.29622765247e-09
        var: 5.56081886316e-06
    spectral_energyband_high:
        dmean: 0.000291802862193
        dmean2: 0.000473209045595
        dvar: 1.27822076479e-07
        dvar2: 3.43615596421e-07
        max: 0.00321550690569
        mean: 0.000740696152207
        min: 6.49146125742e-10
        var: 2.42543819695e-07
    spectral_energyband_low:
        dmean: 0.000252525758697
        dmean2: 0.000440125528257
        dvar: 9.05715609179e-08
        dvar2: 2.56383430042e-07
        max: 0.00198987894692
        mean: 0.000364395935321
        min: 2.96412921985e-10
        var: 9.5875257955e-08
    spectral_energyband_middle_high:
        dmean: 0.000740777060855
        dmean2: 0.00112933933269
        dvar: 7.56091196763e-07
        dvar2: 1.89125194083e-06
        max: 0.00845635030419
        mean: 0.00215870887041
        min: 8.07869993125e-10
        var: 1.75808850145e-06
    spectral_energyband_middle_low:
        dmean: 0.000857055769302
        dmean2: 0.00138322124258
        dvar: 6.71497843996e-07
        dvar2: 1.65366907368e-06
        max: 0.00678460905328
        mean: 0.0020762772765
        min: 4.80284811921e-10
        var: 1.4713747305e-06
    spectral_flatness_db:
        dmean: 0.0139187667519
        dmean2: 0.0219335593283
        dvar: 0.000143488301546
        dvar2: 0.000319665472489
        max: 0.215457051992
        mean: 0.141314163804
        min: 0.0633561611176
        var: 0.000531611498445
    spectral_flux:
        dmean: 0.00793214607984
        dmean2: 0.012140055187
        dvar: 6.1690734583e-05
        dvar2: 0.000136942704557
        max: 0.0858026444912
        mean: 0.0443589650095
        min: 4.79189693579e-05
        var: 0.000143712270074
    spectral_kurtosis:
        dmean: 0.764609277248
        dmean2: 1.29999566078
        dvar: 0.553854823112
        dvar2: 1.63040912151
        max: 8.7494764328
        mean: 2.40959763527
        min: -0.820709228516
        var: 1.22567784786
    spectral_rms:
        dmean: 0.000321075378451
        dmean2: 0.000507638324052
        dvar: 9.49570235775e-08
        dvar2: 2.13170892494e-07
        max: 0.00375060015358
        mean: 0.00223011267371
        min: 1.49673712713e-06
        var: 2.36426728861e-07
    spectral_rolloff:
        dmean: 327.354858398
        dmean2: 518.302490234
        dvar: 172097.46875
        dvar2: 403969.21875
        max: 6610.69335938
        mean: 3830.41503906
        min: 301.46484375
        var: 364427.875
    spectral_skewness:
        dmean: 0.142712399364
        dmean2: 0.227756261826
        dvar: 0.0178178064525
        dvar2: 0.0385717563331
        max: 2.26749825478
        mean: 1.06004464626
        min: 0.26824426651
        var: 0.0484381355345
    spectral_spread:
        dmean: 530864.875
        dmean2: 721467.375
        dvar: 1.10839319757e+12
        dvar2: 1.23749806899e+12
        max: 19842262
        mean: 5210666
        min: 2097970.25
        var: 2.5313238057e+12
    spectral_strongpeak:
        dmean: 0.428117275238
        dmean2: 0.773391604424
        dvar: 0.647219061852
        dvar2: 1.80209231377
        max: 4.81419897079
        mean: 0.440793573856
        min: 0
        var: 0.507214128971
    zerocrossingrate:
        dmean: 0.00991665106267
        dmean2: 0.0111519340426
        dvar: 7.57427696954e-05
        dvar2: 0.000104179460322
        max: 0.181640625
        mean: 0.111025638878
        min: 0.03515625
        var: 0.000522294430993
    barkbands:
        dmean: [9.84094654655e-08, 7.08630759618e-05, 0.000209778023418, 0.000408230465837, 0.000382940430427, 0.000236024367041, 0.000115705923236, 0.000102767327917, 0.000115036877105, 5.95971869188e-05, 4.34113680967e-05, 5.2650237194e-05, 4.30009531556e-05, 4.36365116911e-05, 7.24355704733e-05, 7.87157841842e-05, 0.000192155959667, 0.000188558347872, 0.000217573455302, 0.000292667828035, 0.000159560993779, 3.08321432385e-05, 1.0883163668e-05, 5.76971115152e-06, 2.28903877542e-06, 9.82061720833e-08, 1.98940064422e-09]
        dmean2: [1.55325039941e-07, 0.000118849224236, 0.000366865744581, 0.000679025426507, 0.000635181786492, 0.000385466177249, 0.000195165979676, 0.000166850062669, 0.000191101789824, 9.42775368458e-05, 6.51923619444e-05, 8.00890629762e-05, 6.88165528118e-05, 7.12660403224e-05, 0.000118376345199, 0.000127091494505, 0.000319845159538, 0.00031245345599, 0.00034521217458, 0.000472261366667, 0.000266197690507, 4.78133988508e-05, 1.60005147336e-05, 7.81361541158e-06, 2.94613073493e-06, 1.45520871797e-07, 2.2398023436e-09]
        dvar: [3.89861042483e-14, 5.83399772935e-09, 7.07766858454e-08, 1.86692744819e-07, 1.77798725076e-07, 1.53943901182e-07, 4.39654037621e-08, 2.17558557836e-08, 4.70418655141e-08, 1.04215409635e-08, 1.40506104529e-08, 1.19510747965e-08, 4.36275460203e-09, 5.82390802251e-09, 1.26284902535e-08, 9.59053458871e-09, 6.59523280433e-08, 8.02654511745e-08, 1.09459740827e-07, 1.06256194954e-07, 5.12800824026e-08, 1.39241485009e-09, 6.60206944669e-10, 3.7715144896e-10, 3.94483959387e-11, 6.97163816477e-14, 1.20839594316e-15]
        dvar2: [6.1873649379e-14, 1.43121132723e-08, 2.08089787179e-07, 5.00150463267e-07, 4.67176477059e-07, 3.74842045403e-07, 1.13873483087e-07, 5.71249891834e-08, 1.35530470402e-07, 2.44334188437e-08, 2.88292572037e-08, 2.67802366949e-08, 1.05476836154e-08, 1.15872245132e-08, 3.09375813856e-08, 2.46709106477e-08, 1.77074952035e-07, 2.09532501572e-07, 2.96647698406e-07, 2.99658609038e-07, 1.47025261299e-07, 3.1923994559e-09, 1.05963571251e-09, 6.48518405644e-10, 5.9517626938e-11, 1.44211357266e-13, 1.2111986693e-15]
        max: [3.37310893883e-06, 0.000617862213403, 0.00189279625192, 0.00290183024481, 0.00402100477368, 0.00367169664241, 0.00182719272561, 0.0016464299988, 0.00220743007958, 0.000943863997236, 0.00161793525331, 0.00128758046776, 0.000616270350292, 0.0007744950708, 0.00136221374851, 0.000833767757285, 0.00233237678185, 0.00344508886337, 0.00384981138632, 0.00348097807728, 0.00193934456911, 0.000504891213495, 0.000276966224192, 0.000268103205599, 9.76680457825e-05, 5.79662901146e-06, 7.23048685813e-07]
        mean: [1.50039085156e-07, 9.31808608584e-05, 0.000271071505267, 0.000560846237931, 0.000642951927148, 0.000384412851417, 0.000147566359374, 0.000145114507177, 0.00017794361338, 8.71316806297e-05, 5.37717132829e-05, 6.81590900058e-05, 6.1327671574e-05, 6.96512070135e-05, 0.00012097000581, 0.000142407865496, 0.000337385339662, 0.000343077088473, 0.000471906852908, 0.000742819102015, 0.000310226867441, 7.2716800787e-05, 1.96333712665e-05, 1.10000655695e-05, 4.50185871159e-06, 1.59764923069e-07, 2.00883287782e-09]
        min: [1.21262971886e-10, 1.57881555052e-10, 7.84116729879e-11, 5.88977547289e-11, 1.03097579085e-10, 8.31082702657e-11, 7.57695156617e-11, 7.47830061765e-11, 7.96604449071e-11, 1.97578307881e-11, 1.93156220185e-11, 2.17199071229e-11, 2.97627894552e-11, 5.41085648509e-11, 3.46468027879e-11, 2.93265823952e-12, 2.62044596092e-12, 8.72239919181e-11, 1.69962668939e-10, 8.06211819526e-10, 1.06197911576e-10, 7.77773956351e-11, 8.69168972906e-12, 8.35292859186e-12, 5.5163664435e-12, 3.8178232277e-12, 2.64551753984e-13]
        var: [5.1269610031e-14, 9.07609898348e-09, 6.75021638585e-08, 2.82226892523e-07, 3.42696722555e-07, 2.98625536743e-07, 5.08224431428e-08, 3.65570151928e-08, 6.0252553169e-08, 2.1225185165e-08, 2.03320418279e-08, 1.94069134096e-08, 6.00837291032e-09, 9.69703783937e-09, 1.76967525078e-08, 1.54291779353e-08, 8.38275795445e-08, 1.13657868894e-07, 1.72067899484e-07, 2.50103454391e-07, 6.85124987854e-08, 3.74223629862e-09, 1.37288169721e-09, 9.90828752379e-10, 1.22771265376e-10, 1.51253263928e-13, 1.2092120594e-15]
    mfcc:
        mean: [-686.09765625, 87.7802429199, -35.8360214233, 72.3031158447, -10.5353746414, -3.54138278961, -3.29375219345, -10.3716230392, -0.648389577866, -4.17833900452, -6.72240352631, -6.30452442169, -8.09549617767]
        cov: [[2158.18432617, -164.779663086, -99.1530532837, -92.2844467163, -71.0931396484, -25.714138031, -93.1428985596, 37.7468948364, -15.7054243088, -52.8236961365, -34.2171516418, 17.8439712524, -20.1193561554], [-164.779663086, 546.735839844, -245.895095825, 23.5275096893, -91.2643585205, -7.61647415161, 38.8050117493, 39.7425003052, 22.4779052734, -26.1232662201, 41.8536148071, -10.1895017624, -2.98433446884], [-99.1530532837, -245.895095825, 345.974121094, 10.0943441391, 103.023422241, 12.3615283966, -11.2751350403, -17.2461185455, -3.01471376419, 13.2281684875, -20.7479801178, 22.7931861877, 23.7881469727], [-92.2844467163, 23.5275096893, 10.0943441391, 229.298141479, 90.0822982788, 3.9560239315, -47.5471801758, -59.2016410828, 10.1404180527, 4.60955762863, -2.38521170616, -18.7870407104, -10.1500816345], [-71.0931396484, -91.2643585205, 103.023422241, 90.0822982788, 165.485458374, 26.7112121582, -8.43977069855, -38.3562927246, -3.26307010651, 12.5188531876, -5.95312833786, 10.3377733231, -9.50197029114], [-25.714138031, -7.61647415161, 12.3615283966, 3.9560239315, 26.7112121582, 68.6529312134, 29.9649772644, -9.88397502899, -15.9202032089, -16.1816730499, 10.9460372925, 21.7287464142, 10.3263683319], [-93.1428985596, 38.8050117493, -11.2751350403, -47.5471801758, -8.43977069855, 29.9649772644, 99.5008544922, 46.5702476501, 9.1687335968, -17.4914035797, 5.40747880936, 15.74360466, 15.1621551514], [37.7468948364, 39.7425003052, -17.2461185455, -59.2016410828, -38.3562927246, -9.88397502899, 46.5702476501, 100.59627533, 40.5257148743, 15.9681034088, -11.2789287567, -6.56943798065, 7.13680505753], [-15.7054243088, 22.4779052734, -3.01471376419, 10.1404180527, -3.26307010651, -15.9202032089, 9.1687335968, 40.5257148743, 75.4360809326, 27.7277965546, -9.147108078, -12.8138103485, 0.335794627666], [-52.8236961365, -26.1232662201, 13.2281684875, 4.60955762863, 12.5188531876, -16.1816730499, -17.4914035797, 15.9681034088, 27.7277965546, 77.1393737793, 10.5462932587, -11.529173851, -15.0555524826], [-34.2171516418, 41.8536148071, -20.7479801178, -2.38521170616, -5.95312833786, 10.9460372925, 5.40747880936, -11.2789287567, -9.147108078, 10.5462932587, 62.1208229065, 24.4673061371, -0.43796440959], [17.8439712524, -10.1895017624, 22.7931861877, -18.7870407104, 10.3377733231, 21.7287464142, 15.74360466, -6.56943798065, -12.8138103485, -11.529173851, 24.4673061371, 57.6215858459, 19.2244853973], [-20.1193561554, -2.98433446884, 23.7881469727, -10.1500816345, -9.50197029114, 10.3263683319, 15.1621551514, 7.13680505753, 0.335794627666, -15.0555524826, -0.43796440959, 19.2244853973, 49.4222946167]]
        icov: [[0.00062422384508, 0.000389590044506, 0.000433676090324, 0.000164146156749, -3.17931553582e-05, -0.000182948439033, 0.00131079135463, -0.00103798683267, -9.47094231378e-05, 0.00097349769203, 2.84848902083e-05, -0.000623563013505, 0.00042249110993], [0.000389590044506, 0.00347191188484, 0.0021023156587, -0.00100597634446, 0.000577003986109, 0.000329843518557, 0.000138680785312, -0.00187226105481, -0.00069333834108, 0.00212071975693, -0.00232013082132, 0.000107066887722, 8.12494090496e-06], [0.000433676090324, 0.0021023156587, 0.00554291531444, 0.000573951110709, -0.00279137887992, 0.000458848633571, 0.00132670567837, -0.00116579257883, -0.000288927054498, 0.000503310700879, 0.000355872849468, -0.00122147111688, -0.0024842149578], [0.000164146156749, -0.00100597634446, 0.000573951110709, 0.00816881656647, -0.00471626920626, -0.000804431329016, 0.00310539128259, 0.00328510254622, -0.00323347537778, 0.00122857664246, -0.000684642873239, 0.0032445199322, -0.0016301687574], [-3.17931553582e-05, 0.000577003986109, -0.00279137887992, -0.00471626920626, 0.0123867858201, -0.003094780026, -0.00277042458765, 0.00244969665073, 3.82114703825e-05, -0.00293630431406, 0.00286117498763, -0.00362294865772, 0.00446103792638], [-0.000182948439033, 0.000329843518557, 0.000458848633571, -0.000804431329016, -0.003094780026, 0.0220994353294, -0.00791471544653, 0.00258279056288, 0.00294313952327, 0.00103029888123, -0.00163680664264, -0.00343283475377, -0.00198326981626], [0.00131079135463, 0.000138680785312, 0.00132670567837, 0.00310539128259, -0.00277042458765, -0.00791471544653, 0.0223012268543, -0.0114544536918, -0.00174712168518, 0.00739901745692, -0.00270213838667, -0.00131428695749, -0.000772291212343], [-0.00103798683267, -0.00187226105481, -0.00116579257883, 0.00328510254622, 0.00244969665073, 0.00258279056288, -0.0114544536918, 0.0243147742003, -0.00777152087539, -0.00689540384337, 0.00508810533211, 0.0013777926797, -0.00190415896941], [-9.47094231378e-05, -0.00069333834108, -0.000288927054498, -0.00323347537778, 3.82114703825e-05, 0.00294313952327, -0.00174712168518, -0.00777152087539, 0.02173852548, -0.00669553037733, 0.00255175773054, 0.00048961606808, -0.00190999184269], [0.00097349769203, 0.00212071975693, 0.000503310700879, 0.00122857664246, -0.00293630431406, 0.00103029888123, 0.00739901745692, -0.00689540384337, -0.00669553037733, 0.022938054055, -0.00914334505796, 0.00319016189314, 0.00419159606099], [2.84848902083e-05, -0.00232013082132, 0.000355872849468, -0.000684642873239, 0.00286117498763, -0.00163680664264, -0.00270213838667, 0.00508810533211, 0.00255175773054, -0.00914334505796, 0.0265114959329, -0.0128766680136, 0.00298699666746], [-0.000623563013505, 0.000107066887722, -0.00122147111688, 0.0032445199322, -0.00362294865772, -0.00343283475377, -0.00131428695749, 0.0013777926797, 0.00048961606808, 0.00319016189314, -0.0128766680136, 0.0311267394572, -0.0100215775892], [0.00042249110993, 8.12494090496e-06, -0.0024842149578, -0.0016301687574, 0.00446103792638, -0.00198326981626, -0.000772291212343, -0.00190415896941, -0.00190999184269, 0.00419159606099, 0.00298699666746, -0.0100215775892, 0.0282657239586]]
    spectral_contrast:
        mean: [-3.30695144157e-07, -2.04324820174e-07, -3.11480931714e-07, -3.62018710121e-07, 2.44330635724e-07, -1.93853395558e-07, -4.34616049461e-06, -3.18732730875e-07, 2.50311842365e-08, -6.00264399964e-07, 5.76090633331e-06, 1.10137216325e-06]
        var: [0.00035549182212, 0.000564020010643, 0.00117329705972, 0.00246423087083, 0.00333398394287, 0.00444824527949, 0.0414207912982, 0.107109546661, 0.116717450321, 0.234214559197, 0.3956566751, 1.1014071703]

rhythm:
    beats_loudness:
        dmean: 0.00198192568496
        dmean2: 0.00375912641175
        dvar: 2.98976010527e-06
        dvar2: 6.39413110548e-06
        max: 0.0111613748595
        mean: 0.00590176228434
        min: 0.00294415699318
        var: 4.00033968617e-06
    beats_loudness_bass:
        dmean: 0.0996907278895
        dmean2: 0.177123919129
        dvar: 0.00595493474975
        dvar2: 0.0186035204679
        max: 0.321602284908
        mean: 0.126252099872
        min: 0.012283667922
        var: 0.00679864222184
    bpm: 105.24420929
    bpm_confidence: 0
    first_peak_bpm: 136
    first_peak_spread: 0
    first_peak_weight: 0.649999976158
    onset_rate: 3.89809083939
    second_peak_bpm: 105
    second_peak_spread: 0
    second_peak_weight: 0.300000011921
    beats_position: [0.0945457741618, 0.535737216473, 0.976928651333, 1.4181201458, 1.85931158066, 2.30050301552, 2.7416946888, 3.18288612366, 3.62407755852, 4.06526899338, 4.50646066666, 4.94765233994, 5.38884401321, 5.83003520966, 6.08440160751, 6.65450668335, 7.22461175919, 7.79471635818, 8.36482143402, 8.93492603302, 9.50503063202]
    bpm_estimates: [105.381546021, 105.470359802, 104.956787109, 105.117729187, 104.955574036, 105.401626587, 105.425819397]
    bpm_intervals: [0.44119143486, 0.44119143486, 0.441191494465, 0.44119143486, 0.44119143486, 0.441191673279, 0.44119143486, 0.44119143486, 0.44119143486, 0.441191673279, 0.441191673279, 0.441191673279, 0.441191196442, 0.254366397858, 0.570105075836, 0.570105075836, 0.570104598999, 0.570105075836, 0.570104598999, 0.570104598999]
    onset_times: [0.0464399084449, 0.18575963378, 0.31346938014, 0.626938760281, 0.777868509293, 1.2190476656, 1.40480720997, 1.53251695633, 1.67183673382, 2.11301589012, 2.79800462723, 3.00698423386, 3.20435380936, 3.48299312592, 3.79646253586, 3.93578219414, 4.37696123123, 4.53950119019, 4.93424034119, 5.22448968887, 5.51473903656, 5.80498886108, 6.08362817764, 6.37387752533, 6.65251684189, 6.86149644852, 7.02403640747, 7.36072540283, 7.51165533066, 7.79029464722, 8.06893444061, 8.34757328033, 8.51011371613, 8.95129299164, 9.13705253601, 9.52018165588, 9.70594120026, 9.81043052673, 9.94975090027]
    rubato_start: [6.65450668335]
    rubato_stop: [9.50503063202]
    perceptual_tempo: "unknown"

sfx:
    inharmonicity:
        dmean: 0.0540812686086
        dmean2: 0.0970919951797
        dvar: 0.00306253018789
        dvar2: 0.00850736442953
        max: 0.318560034037
        mean: 0.0670453906059
        min: 0
        var: 0.0032356174197
    oddtoevenharmonicenergyratio:
        dmean: 1.60879874229
        dmean2: 2.92899346352
        dvar: 10.508980751
        dvar2: 30.481546402
        max: 31.501329422
        mean: 1.26572954655
        min: 0
        var: 6.95459079742
    pitch_after_max_to_before_max_energy_ratio: 1.10306143761
    pitch_centroid: 214.31010437
    pitch_max_to_total: 0.457076579332
    pitch_min_to_total: 0.816705346107
    tristimulus:
        dmean: [0.180250138044, 0.264896452427, 0.210186585784]
        dmean2: [0.306482166052, 0.459786593914, 0.361445426941]
        dvar: [0.0248594731092, 0.0454883538187, 0.0305528640747]
        dvar2: [0.0633922070265, 0.135375782847, 0.0932285040617]
        max: [1, 0.978309869766, 0.808379292488]
        mean: [0.26817715168, 0.447855740786, 0.231426954269]
        min: [0.00990354921669, 0, 0]
        var: [0.0381387323141, 0.0623077191412, 0.0381109043956]

tonal:
    chords_changes_rate: 0.0601851865649
    chords_number_rate: 0.0416666679084
    chords_strength:
        dmean: 0.0150725282729
        dmean2: 0.0182643514127
        dvar: 0.000143001918332
        dvar2: 0.000200477137696
        max: 0.736822664738
        mean: 0.530758738518
        min: 0.376013219357
        var: 0.00649112369865
    key_strength: 0.45376136899
    tuning_diatonic_strength: 0.400202959776
    tuning_equal_tempered_deviation: 0.190689876676
    tuning_frequency: 440.508575439
    tuning_nontempered_energy_ratio: 0.854862809181
    hpcp:
        dmean: [0.167527645826, 0.177486240864, 0.158930838108, 0.179045885801, 0.179539531469, 0.181127220392, 0.16935095191, 0.14464892447, 0.177629500628, 0.182636007667, 0.151497155428, 0.153964027762, 0.160442456603, 0.190352424979, 0.219997778535, 0.237449362874, 0.233923465014, 0.235193759203, 0.191207036376, 0.1570430547, 0.166240796447, 0.167528048158, 0.154535159469, 0.157306775451, 0.131895259023, 0.177698403597, 0.213833585382, 0.227354094386, 0.19839438796, 0.167287424207, 0.141129359603, 0.123805910349, 0.137923330069, 0.16469424963, 0.156901046634, 0.155494123697]
        dmean2: [0.28710141778, 0.302961856127, 0.269090771675, 0.313815653324, 0.313765734434, 0.309609800577, 0.280431717634, 0.2443908602, 0.288394927979, 0.298658043146, 0.250448316336, 0.26938277483, 0.275679498911, 0.337858647108, 0.380410581827, 0.385358601809, 0.394093632698, 0.39515298605, 0.331120818853, 0.26643243432, 0.291227310896, 0.284697443247, 0.263734072447, 0.267761856318, 0.223726078868, 0.307369887829, 0.368593811989, 0.387014329433, 0.344020068645, 0.290787220001, 0.238912343979, 0.210578098893, 0.236641094089, 0.27770537138, 0.261484980583, 0.251803874969]
        dvar: [0.0320013463497, 0.0401384010911, 0.0265136938542, 0.0336646363139, 0.033613525331, 0.030974002555, 0.0275417864323, 0.0244540460408, 0.0348532907665, 0.0449281297624, 0.022881032899, 0.0309904590249, 0.0360849499702, 0.0514879971743, 0.0487828440964, 0.0509188398719, 0.0429028943181, 0.0502185337245, 0.0407878272235, 0.036751203239, 0.0388705357909, 0.0365751609206, 0.0398981906474, 0.0407694391906, 0.0306803416461, 0.042569603771, 0.0585868954659, 0.0613145455718, 0.0552273504436, 0.0409064330161, 0.0350606478751, 0.0208185911179, 0.0233440957963, 0.0353025756776, 0.0320391952991, 0.0288221854717]
        dvar2: [0.0743455812335, 0.115391589701, 0.0694740340114, 0.0875134244561, 0.0954904183745, 0.0885291695595, 0.070692114532, 0.0586543790996, 0.0847588852048, 0.113620594144, 0.0580460913479, 0.0832598507404, 0.0994725450873, 0.146515920758, 0.138397276402, 0.126897454262, 0.110767118633, 0.131451874971, 0.104254849255, 0.106532543898, 0.100310608745, 0.0841864198446, 0.101569101214, 0.100758343935, 0.0671918019652, 0.110916368663, 0.152018353343, 0.160851597786, 0.146748527884, 0.109080694616, 0.0818955600262, 0.0521903224289, 0.0612438693643, 0.0928267091513, 0.0895365700126, 0.074382327497]
        max: [1, 1, 1, 1, 1, 1, 1, 1, 1, 1, 1, 1, 1, 1, 1, 1, 1, 1, 1, 1, 1, 1, 1, 1, 1, 1, 1, 1, 1, 1, 1, 0.84284299612, 1, 1, 1, 1]
        mean: [0.237517490983, 0.249617502093, 0.252345532179, 0.260083436966, 0.269253373146, 0.287734359503, 0.274903804064, 0.242832109332, 0.281555086374, 0.309462726116, 0.259056895971, 0.220137029886, 0.222908779979, 0.243391513824, 0.308263778687, 0.383718699217, 0.386618107557, 0.356874495745, 0.279758214951, 0.185106754303, 0.19714063406, 0.239819169044, 0.220778763294, 0.217803373933, 0.227317675948, 0.21606272459, 0.245269790292, 0.266801953316, 0.227313712239, 0.196933567524, 0.193425059319, 0.175028309226, 0.192531511188, 0.221420481801, 0.206034213305, 0.209164515138]
        min: [0.0188970696181, 0.0196942333132, 0.0161693878472, 0.0161398965865, 0.0177000053227, 0.0214801505208, 0.0201015509665, 0.019957518205, 0.0183709934354, 0.0115994270891, 0.00797888450325, 0.0140676060691, 0.0133573906496, 0.0118007399142, 0.0127578321844, 0.0151175027713, 0.0191534589976, 0.0246211942285, 0.00575107475743, 0.0054673505947, 0.00783268827945, 0.00659660808742, 0.0118078738451, 0.00962438806891, 0.00909418053925, 0.0138161154464, 0.0118763847277, 0.00675702514127, 0.0031307740137, 0.00383841781877, 0.00372618599795, 0.0105094257742, 0.0227834023535, 0.0125253386796, 0.00931763742119, 0.0129309380427]
        var: [0.0444547459483, 0.051360424608, 0.0461452156305, 0.0461701117456, 0.0408398322761, 0.0539000928402, 0.0503318347037, 0.0366465859115, 0.0575194358826, 0.0816737562418, 0.0480048954487, 0.0404634475708, 0.0512666627765, 0.0607364587486, 0.0695850178599, 0.0981411412358, 0.0859930515289, 0.0808353349566, 0.0625430494547, 0.0407909378409, 0.0423602722585, 0.0656701773405, 0.0587735511363, 0.0591201931238, 0.0682691857219, 0.0527019761503, 0.0696391165257, 0.0769014284015, 0.0636017546058, 0.0530262440443, 0.052763722837, 0.0287442840636, 0.0286681335419, 0.0436263605952, 0.0373216681182, 0.0359847359359]
    chords_histogram: [4.16666650772, 12.9629631042, 0, 0, 0, 7.40740728378, 35.648147583, 7.87037038803, 0, 0, 0, 0, 7.87037038803, 0, 0, 6.94444465637, 2.31481480598, 0, 0, 0.925925910473, 0, 0, 0, 13.8888893127]
    thpcp: [1, 0.923067212105, 0.723603487015, 0.478784501553, 0.509910523891, 0.620299875736, 0.571051299572, 0.563355326653, 0.587964355946, 0.558853089809, 0.63439810276, 0.690091729164, 0.587954103947, 0.509374916553, 0.500300049782, 0.452716261148, 0.497988849878, 0.572711110115, 0.532914042473, 0.541010677814, 0.614346504211, 0.645643591881, 0.652699708939, 0.672714054585, 0.696432411671, 0.744234025478, 0.711047410965, 0.628092944622, 0.728251159191, 0.800435185432, 0.670058906078, 0.569391429424, 0.576560616493, 0.629539847374, 0.797334015369, 0.992500603199]
    chords_key: "B"
    chords_scale: "minor"
    key_key: "D"
    key_scale: "minor"
    chords_progression: ["F", "F", "F", "F", "F", "F", "F", "F", "F", "F", "F", "F", "F", "F", "F", "F", "F", "F", "F", "F", "F", "F", "F", "F", "F", "F", "F", "F", "A#", "A#", "A#", "A#", "A#", "A#", "A#", "A#", "A#", "A#", "A#", "A#", "A#", "A#", "A#", "A#", "A#", "A#", "A#", "A#", "A#", "A#", "A#", "A#", "A#", "A#", "A#", "A#", "A#", "D", "D", "D", "D", "D", "D", "Dm", "Dm", "Dm", "Dm", "Dm", "Dm", "Dm", "Dm", "Dm", "D", "D", "D", "D", "D", "D", "A#", "D", "D", "D", "D", "D", "Bm", "Bm", "Bm", "Bm", "Bm", "Bm", "Bm", "Bm", "Bm", "Bm", "Bm", "Bm", "Bm", "Bm", "Bm", "Bm", "Bm", "Bm", "Bm", "Bm", "Bm", "Bm", "Bm", "Bm", "Bm", "Bm", "Bm", "Bm", "Bm", "Bm", "Bm", "Bm", "Bm", "Bm", "Bm", "Bm", "Bm", "Bm", "Bm", "Bm", "G", "G", "G", "G", "G", "G", "G", "G", "G", "G", "G", "G", "G", "G", "G", "G", "G#", "G#", "G#m", "G#m", "G#m", "G#m", "G#m", "G#m", "G#m", "G#m", "G#m", "G#m", "G#m", "G#m", "G#m", "G#m", "G#m", "G#m", "G#m", "Bm", "Bm", "Bm", "Bm", "Bm", "Bm", "Bm", "Bm", "Bm", "Bm", "Bm", "Bm", "Bm", "Bm", "Bm", "Bm", "Bm", "Bm", "Bm", "Bm", "Bm", "Bm", "Bm", "Bm", "Bm", "Bm", "Bm", "Bm", "Bm", "Bm", "Bm", "Bm", "Bm", "Bm", "Bm", "Bm", "Bm", "A#m", "A#m", "A#m", "A#m", "A#m", "F#", "F#", "F#", "F#", "F#", "F#", "F#", "F#", "F#", "F#", "F#", "F#", "F#", "F#", "F#"]
