
metadata:
    version:
        essentia: "1.2.2"
    audio_properties:
        analysis_sample_rate: 44100
        bitrate: 128
        channels: 2
        equal_loudness: 1
        length: 10.0310201645
        replay_gain: -8.75121116638
        downmix: "mix"
    tags:
        track: 3
        year: 0
        album: "Splitted by Mp3Splt v. 2.1"
        artist: "From 000.20 To 000.30"
        comment: "http://mp3splt.sf.net"
        genre: ""
        title: "09 Life Is Sweet.mp3"

highlevel:
    ballroom:
        all:
            ChaChaCha: 0.0584418959916
            Jive: 0.0572843775153
            Quickstep: 0.00339674158022
            Rumba-American: 0.00480045331642
            Rumba-International: 0.343621224165
            Rumba-Misc: 0.00357755925506
            Samba: 0.527353584766
            Tango: 0.000340313854394
            VienneseWaltz: 0.000561999389902
            Waltz: 0.000621849903837
        probability: 0.527353584766
        value: "Samba"
    culture:
        all:
            non_western: 0.991716206074
            western: 0.00828377716243
        probability: 0.991716206074
        value: "non_western"
    gender:
        all:
            female: 0.758579194546
            male: 0.241420775652
        probability: 0.758579194546
        value: "female"
    genre_dortmund:
        all:
            alternative: 0.017710769549
            blues: 0.00145692250226
            electronic: 0.90550416708
            folkcountry: 0.00212817895226
            funksoulrnb: 0.00143850292079
            jazz: 0.041952855885
            pop: 0.0055869682692
            raphiphop: 0.00103870464955
            rock: 0.0231829360127
        probability: 0.90550416708
        value: "electronic"
    genre_electronica:
        all:
            ambient: 0.177010148764
            dnb: 0.123295210302
            house: 0.201402127743
            techno: 0.345262140036
            trance: 0.153030395508
        probability: 0.345262140036
        value: "techno"
    genre_rosamerica:
        all:
            cla: 0.0158938653767
            dan: 0.617342591286
            hip: 0.0211756676435
            jaz: 0.0605382695794
            pop: 0.0503674075007
            rhy: 0.0504219159484
            roc: 0.176905915141
            spe: 0.00735434470698
        probability: 0.617342591286
        value: "dan"
    genre_tzanetakis:
        all:
            blu: 0.0373474061489
            cla: 0.0384200252593
            cou: 0.0182964354753
            dis: 0.0723760277033
            hip: 0.256982535124
            jaz: 0.0359337553382
            met: 0.0370712317526
            pop: 0.264068514109
            reg: 0.123146727681
            roc: 0.116357341409
        probability: 0.264068514109
        value: "pop"
    live_studio:
        all:
            live: 0.408760249615
            studio: 0.591239750385
        probability: 0.591239750385
        value: "studio"
    mood:
        all:
            Cluster1: 0.469734221697
            Cluster2: 0.13443736732
            Cluster3: 0.0690182968974
            Cluster4: 0.0370093435049
            Cluster5: 0.28980076313
        probability: 0.469734221697
        value: "Cluster1"
    mood_acoustic:
        all:
            acoustic: 0.0833236053586
            not_acoustic: 0.916676402092
        probability: 0.916676402092
        value: "not_acoustic"
    mood_aggressive:
        all:
            aggressive: 0.651571512222
            not_aggressive: 0.348428487778
        probability: 0.651571512222
        value: "aggressive"
    mood_electronic:
        all:
            electronic: 0.962015092373
            not_electronic: 0.0379848927259
        probability: 0.962015092373
        value: "electronic"
    mood_happy:
        all:
            happy: 0.0657536387444
            not_happy: 0.934246361256
        probability: 0.934246361256
        value: "not_happy"
    mood_party:
        all:
            not_party: 0.490980505943
            party: 0.509019494057
        probability: 0.509019494057
        value: "party"
    mood_relaxed:
        all:
            not_relaxed: 0.82097440958
            relaxed: 0.17902559042
        probability: 0.82097440958
        value: "not_relaxed"
    mood_sad:
        all:
            not_sad: 0.612167000771
            sad: 0.387832969427
        probability: 0.612167000771
        value: "not_sad"
    rhythm:
        all:
            fast: 0.621063411236
            medium: 0.206011623144
            slow: 0.172924950719
        probability: 0.621063411236
        value: "fast"
    speech_music:
        all:
            music: 0.999963521957
            speech: 3.649599239e-05
        probability: 0.999963521957
        value: "music"
    timbre:
        all:
            bright: 0.0743823945522
            dark: 0.925617575645
        probability: 0.925617575645
        value: "dark"
    voice_instrumental:
        all:
            instrumental: 0.975928068161
            voice: 0.0240719188005
        probability: 0.975928068161
        value: "instrumental"

lowlevel:
    average_loudness: 0.985445857048
    barkbands_kurtosis:
        dmean: 8.77381801605
        dmean2: 12.8693675995
        dvar: 161.147796631
        dvar2: 301.15222168
        max: 94.8970489502
        mean: 13.2243871689
        min: -1.91275942326
        var: 394.147277832
    barkbands_skewness:
        dmean: 1.1214029789
        dmean2: 1.48943126202
        dvar: 1.27935433388
        dvar2: 2.42465019226
        max: 8.08948040009
        mean: 2.48080849648
        min: -1.0197314024
        var: 4.01564311981
    barkbands_spread:
        dmean: 11.3240299225
        dmean2: 14.9218025208
        dvar: 163.26348877
        dvar2: 269.217834473
        max: 75.7677230835
        mean: 27.3207740784
        min: 1.15146863461
        var: 487.083068848
    dissonance:
        dmean: 0.0142422011122
        dmean2: 0.023846404627
        dvar: 0.000182037940249
        dvar2: 0.000442900141934
        max: 0.497057110071
        mean: 0.4755192101
        min: 0.354083716869
        var: 0.000331497314619
    hfc:
        dmean: 3.43838644028
        dmean2: 4.93998670578
        dvar: 24.7689609528
        dvar2: 52.2333335876
        max: 27.6739692688
        mean: 4.40031766891
        min: 0.028258966282
        var: 32.4258956909
    pitch:
        dmean: 1002.82830811
        dmean2: 1955.32800293
        dvar: 2803262.25
        dvar2: 4853432.5
        max: 4900
        mean: 1986.4901123
        min: 62.9101295471
        var: 4244618.5
    pitch_instantaneous_confidence:
        dmean: 0.0967110618949
        dmean2: 0.157415658236
        dvar: 0.00639805337414
        dvar2: 0.0146819651127
        max: 0.833090543747
        mean: 0.443679064512
        min: 0.188741445541
        var: 0.0162311773747
    pitch_salience:
        dmean: 0.0930426642299
        dmean2: 0.144381955266
        dvar: 0.00749234575778
        dvar2: 0.0164158269763
        max: 0.802143096924
        mean: 0.569072306156
        min: 0.214001074433
        var: 0.0174266137183
    silence_rate_20dB:
        dmean: 0
        dmean2: 0
        dvar: 0
        dvar2: 0
        max: 1
        mean: 1
        min: 1
        var: 0
    silence_rate_30dB:
        dmean: 0
        dmean2: 0
        dvar: 0
        dvar2: 0
        max: 1
        mean: 1
        min: 1
        var: 0
    silence_rate_60dB:
        dmean: 0.217592597008
        dmean2: 0.436194896698
        dvar: 0.170246437192
        dvar2: 0.306254833937
        max: 1
        mean: 0.471131652594
        min: 0
        var: 0.249165967107
    spectral_centroid:
        dmean: 426.288421631
        dmean2: 536.157348633
        dvar: 239596.40625
        dvar2: 397828.6875
        max: 3458.0715332
        mean: 890.830993652
        min: 141.557250977
        var: 593736.5625
    spectral_complexity:
        dmean: 3.93503475189
        dmean2: 6.16511631012
        dvar: 39.1650810242
        dvar2: 75.0772247314
        max: 35
        mean: 7.30555534363
        min: 0
        var: 47.4575195312
    spectral_crest:
        dmean: 2.89623451233
        dmean2: 4.69446277618
        dvar: 5.61622190475
        dvar2: 13.5891723633
        max: 22.0376319885
        mean: 11.3765792847
        min: 3.73482775688
        var: 15.9511156082
    spectral_decrease:
        dmean: 4.83463546974e-10
        dmean2: 7.97681143361e-10
        dvar: 5.62693075508e-19
        dvar2: 1.4561407296e-18
        max: -6.66121758447e-12
        mean: -9.90925230759e-10
        min: -5.45474598823e-09
        var: 4.9886368354e-19
    spectral_energy:
        dmean: 0.00209218775854
        dmean2: 0.00338807143271
        dvar: 9.54641745921e-06
        dvar2: 2.40612953348e-05
        max: 0.0211206693202
        mean: 0.00413910113275
        min: 2.77041417576e-05
        var: 9.1586034614e-06
    spectral_energyband_high:
        dmean: 0.000409612373915
        dmean2: 0.000579023209866
        dvar: 3.41188581388e-07
        dvar2: 7.67361768794e-07
        max: 0.00353569700383
        mean: 0.000471390289022
        min: 4.15651641106e-07
        var: 4.71032223004e-07
    spectral_energyband_low:
        dmean: 0.000482780684251
        dmean2: 0.000762949173804
        dvar: 2.90981233775e-07
        dvar2: 6.04212800681e-07
        max: 0.00355155183934
        mean: 0.00108766939957
        min: 1.17311319627e-05
        var: 5.74040541323e-07
    spectral_energyband_middle_high:
        dmean: 0.00043773179641
        dmean2: 0.000622473889962
        dvar: 5.94607342919e-07
        dvar2: 1.19026515222e-06
        max: 0.00471964525059
        mean: 0.000517945096362
        min: 2.38010534304e-06
        var: 7.69648636378e-07
    spectral_energyband_middle_low:
        dmean: 0.00137704738881
        dmean2: 0.0023792157881
        dvar: 6.19457614448e-06
        dvar2: 1.67467405845e-05
        max: 0.0194713249803
        mean: 0.0020620347932
        min: 9.96451944957e-06
        var: 4.51833739135e-06
    spectral_flatness_db:
        dmean: 0.0349376611412
        dmean2: 0.0490203686059
        dvar: 0.00163114117458
        dvar2: 0.00286376313306
        max: 0.383705973625
        mean: 0.207253009081
        min: 0.102491095662
        var: 0.00531558971852
    spectral_flux:
        dmean: 0.0163299497217
        dmean2: 0.0250559505075
        dvar: 0.000337901321473
        dvar2: 0.000720634823665
        max: 0.113749794662
        mean: 0.03551543504
        min: 0.00526347244158
        var: 0.000530616554897
    spectral_kurtosis:
        dmean: 3.76898288727
        dmean2: 5.98858737946
        dvar: 45.5101852417
        dvar2: 120.018241882
        max: 53.9657096863
        mean: 5.85915708542
        min: -0.403189897537
        var: 85.5643539429
    spectral_rms:
        dmean: 0.000438357354142
        dmean2: 0.000682414625771
        dvar: 2.9599601703e-07
        dvar2: 6.98539736277e-07
        max: 0.00453933142126
        mean: 0.00191662379075
        min: 0.000164403259987
        var: 3.64701605804e-07
    spectral_rolloff:
        dmean: 933.920532227
        dmean2: 1535.1171875
        dvar: 1893390.125
        dvar2: 2847230.5
        max: 4974.16992188
        mean: 1877.27722168
        min: 150.732421875
        var: 3553692.75
    spectral_skewness:
        dmean: 0.486494958401
        dmean2: 0.683569252491
        dvar: 0.382875919342
        dvar2: 0.849775731564
        max: 5.8655371666
        mean: 1.68129956722
        min: 0.244207188487
        var: 1.20560526848
    spectral_spread:
        dmean: 1095967.375
        dmean2: 1382555
        dvar: 1.45302644326e+12
        dvar2: 2.25694082662e+12
        max: 11964620
        mean: 5935567
        min: 1129714.625
        var: 7.01539182182e+12
    spectral_strongpeak:
        dmean: 0.301930427551
        dmean2: 0.559597432613
        dvar: 0.841131865978
        dvar2: 2.4155049324
        max: 7.09659481049
        mean: 0.352743595839
        min: 0
        var: 0.495841562748
    zerocrossingrate:
        dmean: 0.0212215408683
        dmean2: 0.0208609644324
        dvar: 0.000348499015672
        dvar2: 0.000418513576733
        max: 0.1748046875
        mean: 0.0588559769094
        min: 0.005859375
        var: 0.00179418700282
    barkbands:
        dmean: [3.53729348035e-07, 0.000101556441223, 0.000465872144559, 0.00043421832379, 0.000969728454947, 0.000169922524947, 3.06464098685e-05, 1.54621520778e-05, 1.30339449242e-05, 1.31699071062e-05, 1.94595850189e-05, 2.65370163106e-05, 1.22109495351e-05, 7.50034678276e-06, 9.27151086216e-06, 2.20905585593e-05, 5.14447856403e-05, 6.55190524412e-05, 0.000156363646965, 0.000215879801544, 0.000251004123129, 4.89539415867e-05, 1.28979654619e-05, 4.23375558967e-06, 5.96559993937e-06, 9.50279641643e-08, 2.74552269808e-10]
        dmean2: [4.27606636322e-07, 0.000156137830345, 0.000748430145904, 0.000773066654801, 0.00166205712594, 0.000289277813863, 5.22461778019e-05, 2.69137581199e-05, 2.23876395467e-05, 2.24191062443e-05, 3.21052357322e-05, 4.56207162642e-05, 1.9247736418e-05, 1.21022767416e-05, 1.41210430229e-05, 3.51507842424e-05, 8.04119772511e-05, 9.56945004873e-05, 0.000228409611736, 0.000320614228258, 0.000379115197575, 6.7251661676e-05, 1.83571137313e-05, 5.90302124692e-06, 8.29704640637e-06, 1.29923904524e-07, 4.23584611831e-10]
        dvar: [9.49383193588e-12, 2.27674146203e-08, 2.9052824857e-07, 7.10062352027e-07, 2.59390913016e-06, 8.87995739163e-08, 3.69225783281e-09, 8.96219987112e-10, 4.70987804313e-10, 5.44556233439e-10, 1.35908173604e-09, 2.74596678729e-09, 4.84677464829e-10, 1.73422026739e-10, 2.87676826805e-10, 1.49490986256e-09, 8.95611318441e-09, 1.22436141226e-08, 8.39078850845e-08, 1.43637095107e-07, 1.52615101001e-07, 4.07959488413e-09, 3.64318658574e-10, 2.99832172979e-11, 1.43378697803e-10, 2.62856448034e-14, 2.03652383798e-19]
        dvar2: [9.62452947201e-12, 4.99314722902e-08, 6.32750527529e-07, 1.94128983821e-06, 6.82830386722e-06, 2.41833163273e-07, 1.07550697237e-08, 2.45494846673e-09, 1.24156407377e-09, 1.47665590866e-09, 3.45011819114e-09, 7.72243868852e-09, 1.15310638815e-09, 4.17519546714e-10, 6.46680486938e-10, 3.6412464155e-09, 2.14300879264e-08, 2.51953089503e-08, 1.80098922442e-07, 2.94275281476e-07, 3.70226445057e-07, 7.13305103872e-09, 7.78541398017e-10, 5.51977283325e-11, 3.0889341085e-10, 4.01982185603e-14, 3.63704982238e-19]
        max: [6.57136115478e-05, 0.00123974820599, 0.00312890484929, 0.00610011257231, 0.0108955074102, 0.00276106316596, 0.000730660511181, 0.000203610179597, 0.000237677944824, 0.000184457676369, 0.000254341081018, 0.000370346824639, 0.000149726954987, 8.37134793983e-05, 0.000119205207739, 0.000262207438936, 0.000546142924577, 0.000780175207183, 0.0018558439333, 0.00243527255952, 0.00255715800449, 0.00037494773278, 0.000120870972751, 3.33046773449e-05, 8.97635472938e-05, 1.29784723413e-06, 3.61789642689e-09]
        mean: [9.08891081508e-07, 0.000200146605494, 0.000886678637471, 0.000549868913367, 0.00112354662269, 0.000305147346808, 4.81063761981e-05, 1.4419717445e-05, 1.89680285985e-05, 1.67944035638e-05, 2.04203333851e-05, 3.33540265274e-05, 1.68395126821e-05, 9.53721519181e-06, 1.08145750346e-05, 2.50524062722e-05, 5.20207213413e-05, 7.41581898183e-05, 0.000158186172484, 0.000220385205466, 0.000264415866695, 6.1436847318e-05, 1.55003708642e-05, 5.45365219295e-06, 6.82032623445e-06, 1.23105124317e-07, 3.15168696696e-10]
        min: [2.24414042904e-09, 2.36847336055e-06, 5.51243374503e-06, 2.23742677008e-06, 2.92200252261e-06, 4.29952888226e-06, 3.4302584595e-07, 9.90623760799e-08, 6.09764470028e-08, 2.34380674868e-08, 2.87215318195e-08, 4.54746270862e-07, 7.23565030114e-09, 1.56333044288e-08, 5.67060887136e-08, 2.71490364412e-07, 2.76767025298e-07, 4.87613469602e-08, 2.03821656442e-07, 1.05253079141e-07, 2.43501943942e-07, 2.50964511395e-08, 3.79031606101e-09, 8.25722379361e-10, 5.19053189318e-10, 9.55940101383e-12, 1.66087660254e-14]
        var: [1.00875046163e-11, 5.03434272048e-08, 5.39356960871e-07, 5.09107792368e-07, 2.17562001126e-06, 1.04784206201e-07, 4.1794674388e-09, 6.34230334917e-10, 7.32486737931e-10, 4.86184259518e-10, 1.23364363169e-09, 2.1792356808e-09, 5.69941649431e-10, 2.01554356538e-10, 3.5025371492e-10, 1.54619361759e-09, 9.03651997675e-09, 1.57322030958e-08, 9.63992690117e-08, 1.68498957009e-07, 1.88903442222e-07, 7.78733877382e-09, 5.40826161632e-10, 4.95224382335e-11, 1.86382465017e-10, 4.99930026304e-14, 2.88311165867e-19]
    mfcc:
        mean: [-769.168640137, 117.855583191, 3.16506552696, 70.7874832153, -4.85028076172, 12.4524030685, 12.0116052628, -3.32771086693, -6.3351688385, -19.4436073303, -11.4581718445, -4.50315999985, -3.58201432228]
        cov: [[6428.52783203, -3998.40869141, 18.2371463776, -53.1713371277, -284.030151367, -367.794250488, -198.229248047, -332.245941162, -193.975585938, -42.4635696411, -139.360519409, -236.694458008, -19.2030239105], [-3998.40869141, 3283.27514648, -496.598419189, 31.3225421906, 129.09576416, 152.062194824, 58.3421096802, 226.131332397, 32.4319343567, 54.2385749817, 52.6636505127, 96.8970413208, -2.23725295067], [18.2371463776, -496.598419189, 500.050994873, 14.7639989853, 52.3349761963, 74.987411499, 59.0388374329, 6.06322145462, 108.931358337, -17.66106987, 29.6195583344, 50.6165809631, 8.3887834549], [-53.1713371277, 31.3225421906, 14.7639989853, 118.620185852, 3.8445763588, 34.4751853943, 13.4031333923, 7.13609361649, 9.55112266541, 15.4484119415, -4.98143911362, -1.4779548645, -10.6580686569], [-284.030151367, 129.09576416, 52.3349761963, 3.8445763588, 85.1908416748, 16.6302623749, 33.0822257996, 26.0960884094, 13.8506650925, 13.4030103683, 3.36782693863, 14.3316431046, -0.204247176647], [-367.794250488, 152.062194824, 74.987411499, 34.4751853943, 16.6302623749, 81.5158004761, 36.7300567627, 30.9810237885, 42.3040084839, 1.35299134254, 12.8711194992, 25.97215271, -6.55776119232], [-198.229248047, 58.3421096802, 59.0388374329, 13.4031333923, 33.0822257996, 36.7300567627, 68.7386016846, 30.2600631714, 34.8667259216, 16.2164859772, 15.4231538773, 20.5542888641, -2.1724691391], [-332.245941162, 226.131332397, 6.06322145462, 7.13609361649, 26.0960884094, 30.9810237885, 30.2600631714, 53.7444572449, 35.6453475952, 19.5469665527, 17.3412094116, 17.751531601, -3.94943976402], [-193.975585938, 32.4319343567, 108.931358337, 9.55112266541, 13.8506650925, 42.3040084839, 34.8667259216, 35.6453475952, 103.686332703, 13.8919610977, 19.2349433899, 33.4579696655, -4.3943977356], [-42.4635696411, 54.2385749817, -17.66106987, 15.4484119415, 13.4030103683, 1.35299134254, 16.2164859772, 19.5469665527, 13.8919610977, 39.9178314209, 10.6251573563, 2.5503513813, -1.27288424969], [-139.360519409, 52.6636505127, 29.6195583344, -4.98143911362, 3.36782693863, 12.8711194992, 15.4231538773, 17.3412094116, 19.2349433899, 10.6251573563, 30.192193985, 17.0706367493, 1.80692398548], [-236.694458008, 96.8970413208, 50.6165809631, -1.4779548645, 14.3316431046, 25.97215271, 20.5542888641, 17.751531601, 33.4579696655, 2.5503513813, 17.0706367493, 42.6313095093, 7.44912624359], [-19.2030239105, -2.23725295067, 8.3887834549, -10.6580686569, -0.204247176647, -6.55776119232, -2.1724691391, -3.94943976402, -4.3943977356, -1.27288424969, 1.80692398548, 7.44912624359, 29.379737854]]
        icov: [[0.00162873440422, 0.00210006791167, 0.00138745992444, -0.000279574654996, 0.00125822203699, 0.00194796279538, 0.000333509116899, -0.00116608699318, -0.0001027153412, -0.00097067526076, 0.00204528775066, 0.000521020207088, 0.000723043864127], [0.00210006791167, 0.00348331592977, 0.00300744059496, -0.000438645540271, 0.000403214042308, 0.00108109542634, 0.00132797029801, -0.00382130616345, -5.924198922e-05, -0.000307299778797, 0.00200901110657, -0.000501381698996, 0.000430056476034], [0.00138745992444, 0.00300744059496, 0.00706527987495, -0.000769237056375, -0.00393664557487, -0.00253493175842, 0.00052596552996, 0.000917316472623, -0.00449530547485, 0.00399647885934, -0.00341543392278, -0.000345566892065, -0.00179305044003], [-0.000279574654996, -0.000438645540271, -0.000769237056375, 0.0117826508358, 0.000907382403966, -0.00735562993214, 0.000180402130354, 0.00265520601533, 0.00116783834528, -0.00772738642991, 0.00490272417665, 0.00092812028015, 0.00231567514129], [0.00125822203699, 0.000403214042308, -0.00393664557487, 0.000907382403966, 0.0218191314489, 0.00625787302852, -0.00678503746167, -0.00781277846545, 0.00562795251608, -0.00728829018772, 0.0127111738548, -0.00342855672352, 0.00291636586189], [0.00194796279538, 0.00108109542634, -0.00253493175842, -0.00735562993214, 0.00625787302852, 0.0323582291603, -0.00811897870153, -0.00923533271998, -0.00129364919849, 0.00677107693627, 0.00430642720312, -0.00510056177154, 0.00596343167126], [0.000333509116899, 0.00132797029801, 0.00052596552996, 0.000180402130354, -0.00678503746167, -0.00811897870153, 0.0277673061937, -0.00670677470043, -0.000944214290939, -0.00533364340663, -0.0033384503331, -0.00276645715348, 6.10977222095e-05], [-0.00116608699318, -0.00382130616345, 0.000917316472623, 0.00265520601533, -0.00781277846545, -0.00923533271998, -0.00670677470043, 0.0541312769055, -0.0112876594067, -0.0100591517985, -0.0142448209226, 0.0050115310587, 0.00179453124292], [-0.0001027153412, -5.924198922e-05, -0.00449530547485, 0.00116783834528, 0.00562795251608, -0.00129364919849, -0.000944214290939, -0.0112876594067, 0.0215669758618, -0.00649326387793, 0.00533891562372, -0.010572258383, 0.00509543903172], [-0.00097067526076, -0.000307299778797, 0.00399647885934, -0.00772738642991, -0.00728829018772, 0.00677107693627, -0.00533364340663, -0.0100591517985, -0.00649326387793, 0.0448530130088, -0.0171624217182, 0.00540577014908, -0.00423118425533], [0.00204528775066, 0.00200901110657, -0.00341543392278, 0.00490272417665, 0.0127111738548, 0.00430642720312, -0.0033384503331, -0.0142448209226, 0.00533891562372, -0.0171624217182, 0.0618256554008, -0.0169022381306, 0.00366948381998], [0.000521020207088, -0.000501381698996, -0.000345566892065, 0.00092812028015, -0.00342855672352, -0.00510056177154, -0.00276645715348, 0.0050115310587, -0.010572258383, 0.00540577014908, -0.0169022381306, 0.0483697243035, -0.0125270159915], [0.000723043864127, 0.000430056476034, -0.00179305044003, 0.00231567514129, 0.00291636586189, 0.00596343167126, 6.10977222095e-05, 0.00179453124292, 0.00509543903172, -0.00423118425533, 0.00366948381998, -0.0125270159915, 0.0410208515823]]
    spectral_contrast:
        mean: [-1.6456814933e-07, -1.05092851754e-07, -2.13859263631e-09, -3.8058109908e-07, 3.81324866794e-07, 2.7384979262e-07, 2.75043703368e-06, -1.95867482944e-06, -2.18557261178e-06, -7.50197557409e-07, 5.45961995613e-07, -1.76827109044e-06]
        var: [0.000255079270573, 0.000366783584468, 0.000910728413146, 0.00102601363324, 0.00268479902297, 0.0036353985779, 0.0296928267926, 0.0783162042499, 0.100464329123, 0.238686427474, 0.549853384495, 3.54956912994]

rhythm:
    beats_loudness:
        dmean: 0.000954522460233
        dmean2: 0.0014278126182
        dvar: 3.1793524613e-07
        dvar2: 7.26929158645e-07
        max: 0.0048541710712
        mean: 0.00350909377448
        min: 0.00154344225302
        var: 6.44549743356e-07
    beats_loudness_bass:
        dmean: 0.344801753759
        dmean2: 0.524804234505
        dvar: 0.0317768976092
        dvar2: 0.128283694386
        max: 0.950752973557
        mean: 0.415622323751
        min: 0.0809073075652
        var: 0.070639744401
    bpm: 124.316947937
    bpm_confidence: 0
    first_peak_bpm: 124
    first_peak_spread: 0
    first_peak_weight: 0.571428596973
    onset_rate: 4.68546581268
    second_peak_bpm: 62
    second_peak_spread: 0
    second_peak_weight: 0.428571432829
    beats_position: [0.131785005331, 1.10141432285, 2.07104349136, 3.04067277908, 4.0103020668, 4.97993135452, 5.95524072647, 6.43787813187, 6.92051553726, 7.40315341949, 7.88579082489, 8.36842823029, 8.85106563568, 9.33370304108, 9.81634044647]
    bpm_estimates: [124.253799438, 124.264068604, 124.517501831, 124.361793518, 124.302177429, 124.268890381, 124.282287598, 124.25969696, 124.34223175]
    bpm_intervals: [0.96962928772, 0.96962916851, 0.96962928772, 0.96962928772, 0.96962928772, 0.975309371948, 0.482637405396, 0.482637405396, 0.482637882233, 0.482637405396, 0.482637405396, 0.482637405396, 0.482637405396, 0.482637405396]
    onset_times: [0.0464399084449, 0.359909296036, 0.626938760281, 0.766258478165, 0.975238084793, 1.11455786228, 1.34675741196, 1.60217690468, 1.74149656296, 1.84598636627, 2.31038546562, 2.56580495834, 2.70512461662, 2.92571425438, 3.06503391266, 3.28562355042, 3.49460315704, 3.68036270142, 3.79646253586, 4.2492518425, 4.51628112793, 4.65560102463, 4.86458063126, 5.00390005112, 5.23609972, 5.49151945114, 5.630838871, 5.74693870544, 6.19972801208, 6.46675729752, 6.59446716309, 6.81505680084, 6.9543762207, 7.18657588959, 7.39555549622, 7.56970500946, 7.6858048439, 8.13859367371, 8.40562343597, 8.54494285583, 8.76553249359, 8.893242836, 9.12544250488, 9.38086128235, 9.52018165588, 9.62467098236, 10.0194101334]
    rubato_start: [6.43787813187]
    rubato_stop: [6.92051553726]
    perceptual_tempo: "unknown"

sfx:
    inharmonicity:
        dmean: 0.051222525537
        dmean2: 0.0885096937418
        dvar: 0.00394430663437
        dvar2: 0.0105493655428
        max: 0.345063477755
        mean: 0.0486665740609
        min: 0
        var: 0.00428536906838
    oddtoevenharmonicenergyratio:
        dmean: 4.53776264191
        dmean2: 8.59232521057
        dvar: 103.739013672
        dvar2: 298.247589111
        max: 76.510559082
        mean: 2.79237055779
        min: 0
        var: 64.9639511108
    pitch_after_max_to_before_max_energy_ratio: 20.691411972
    pitch_centroid: 216.721588135
    pitch_max_to_total: 0.0671296268702
    pitch_min_to_total: 0.127314820886
    tristimulus:
        dmean: [0.272910296917, 0.28386259079, 0.14506354928]
        dmean2: [0.472805052996, 0.501682281494, 0.247452974319]
        dvar: [0.0608260072768, 0.0576474480331, 0.0268193855882]
        dvar2: [0.160136237741, 0.149521544576, 0.0667449831963]
        max: [1, 0.978809654713, 0.86224681139]
        mean: [0.447092652321, 0.351467847824, 0.164445981383]
        min: [0.016715971753, 0, 0]
        var: [0.100385390222, 0.0727618560195, 0.0370348766446]

tonal:
    chords_changes_rate: 0.115207374096
    chords_number_rate: 0.0230414755642
    chords_strength:
        dmean: 0.00512146530673
        dmean2: 0.00697706779465
        dvar: 2.95870286209e-05
        dvar2: 4.94180203532e-05
        max: 0.398554116488
        mean: 0.278523802757
        min: 0.201117530465
        var: 0.00173761707265
    key_strength: 0.598132610321
    tuning_diatonic_strength: 0.374284029007
    tuning_equal_tempered_deviation: 0.148370280862
    tuning_frequency: 441.272583008
    tuning_nontempered_energy_ratio: 0.789275467396
    hpcp:
        dmean: [0.0618327148259, 0.114602714777, 0.175627335906, 0.268789350986, 0.253533810377, 0.125961333513, 0.101011991501, 0.14585416019, 0.310166716576, 0.396457463503, 0.321653962135, 0.242224320769, 0.255684792995, 0.247299298644, 0.184356346726, 0.122487507761, 0.0958805382252, 0.0763879194856, 0.0601134300232, 0.0519345290959, 0.0913705304265, 0.117146246135, 0.0832742527127, 0.0716676786542, 0.053836889565, 0.0528762489557, 0.0500784777105, 0.0393969677389, 0.0592717714608, 0.107887551188, 0.133710548282, 0.101552441716, 0.0614299103618, 0.0535672903061, 0.0768061354756, 0.0822535678744]
        dmean2: [0.112678997219, 0.213998436928, 0.325987249613, 0.480154693127, 0.46888038516, 0.225531890988, 0.178434208035, 0.265089124441, 0.549202144146, 0.748139798641, 0.561701238155, 0.438239842653, 0.487744957209, 0.471774339676, 0.340287387371, 0.211863473058, 0.166731417179, 0.140180945396, 0.112503148615, 0.0942777618766, 0.135114088655, 0.178185030818, 0.143574386835, 0.134714156389, 0.0954533591866, 0.0897103473544, 0.0901635736227, 0.0711777806282, 0.107732154429, 0.178287819028, 0.215882197022, 0.173298448324, 0.1112973243, 0.097573786974, 0.140412643552, 0.150881946087]
        dvar: [0.00869370065629, 0.0448640435934, 0.0620808675885, 0.104961127043, 0.099770821631, 0.0264963824302, 0.0123871006072, 0.0330206118524, 0.0616426430643, 0.132165640593, 0.066602088511, 0.0700220689178, 0.09248367697, 0.0978832617402, 0.056378915906, 0.0347378998995, 0.027474924922, 0.0250305645168, 0.0243568290025, 0.00866690929979, 0.0140971243382, 0.0278410632163, 0.0149284321815, 0.0299870632589, 0.0191707964987, 0.0114766545594, 0.0100445821881, 0.00340269156732, 0.00938698556274, 0.0144019527361, 0.0274306759238, 0.0145486425608, 0.00915414653718, 0.00646884646267, 0.0203950367868, 0.0218239277601]
        dvar2: [0.0237840022892, 0.130972996354, 0.169091850519, 0.2995865345, 0.267664909363, 0.0735043659806, 0.0330032855272, 0.0842891484499, 0.146747991443, 0.313422560692, 0.183878049254, 0.197118073702, 0.262589335442, 0.266720861197, 0.167052209377, 0.0953392386436, 0.073566287756, 0.0746827423573, 0.0703622549772, 0.027406880632, 0.0337634831667, 0.061594158411, 0.0366100296378, 0.0874271988869, 0.0452612377703, 0.0269109141082, 0.0291450787336, 0.0094276452437, 0.0264752693474, 0.035462886095, 0.063527315855, 0.0393239147961, 0.0264052674174, 0.0181907359511, 0.0594778470695, 0.0650210604072]
        max: [0.491122514009, 1, 1, 1, 1, 1, 0.734386980534, 1, 1, 1, 1, 1, 1, 1, 1, 1, 1, 1, 1, 0.66536462307, 0.837001800537, 1, 0.643473684788, 1, 1, 0.967734515667, 1, 0.549329042435, 0.692252159119, 0.637330591679, 1, 0.794840693474, 0.467573642731, 0.495911210775, 0.858160197735, 1]
        mean: [0.0520016290247, 0.0761559829116, 0.119863279164, 0.182774886489, 0.169086709619, 0.0948499217629, 0.0886842906475, 0.135820150375, 0.419883847237, 0.67994260788, 0.457155913115, 0.191513851285, 0.161929950118, 0.158737897873, 0.128625288606, 0.10234118253, 0.0795278474689, 0.0561146177351, 0.0431966297328, 0.0416438952088, 0.113249078393, 0.15419575572, 0.0856815800071, 0.0557228513062, 0.0643305256963, 0.051534768194, 0.0392578989267, 0.0318808183074, 0.0445305854082, 0.120746895671, 0.17776890099, 0.114263877273, 0.0477516278625, 0.0438696295023, 0.0635382905602, 0.0639541894197]
        min: [5.18935157743e-05, 0.00039597574505, 0.000774932326749, 0.000417588104028, 9.73245478235e-05, 0.000553225982003, 0.000839088985231, 0.000650064321235, 0.00277769379318, 0.00394413201138, 0.00290192710236, 0.000309052498778, 0.000706971506588, 0.000428945204476, 0.000242988549871, 0.000866275513545, 0.000887590053026, 0.000149456580402, 0.000176120884134, 0.000350068614352, 9.48889737629e-06, 0, 0, 0.00010547387501, 0.000170363171492, 0.000289737043204, 0.000271893572062, 0.000128274376038, 9.74045688054e-05, 0.000111316272523, 0.000811655132566, 0.0007728972123, 0.000276860897429, 9.12804098334e-05, 0.00012444499589, 0.000118793133879]
        var: [0.00734258256853, 0.0293174181134, 0.0475366748869, 0.0887776762247, 0.0824476853013, 0.0219622645527, 0.0129061760381, 0.0329066812992, 0.089579641819, 0.148854956031, 0.0856392234564, 0.0620397105813, 0.0663977712393, 0.0679841116071, 0.0419962629676, 0.0321484394372, 0.0240966677666, 0.0187141206115, 0.0157462470233, 0.00608059996739, 0.0213480684906, 0.0411412604153, 0.0162269007415, 0.0229953285307, 0.0369274504483, 0.0170725863427, 0.00664802407846, 0.00299264024943, 0.00697292806581, 0.0184041894972, 0.0360604859889, 0.0167710334063, 0.00629099644721, 0.0048238155432, 0.0152999842539, 0.0155832888559]
    chords_histogram: [5.0691242218, 0, 16.5898609161, 0, 0, 0, 0, 8.75576019287, 0, 64.9769592285, 0, 0, 0, 0, 0, 0, 0, 0, 0, 0, 0, 0, 4.60829496384, 0]
    thpcp: [1, 0.672344863415, 0.281661778688, 0.238152384758, 0.233457788825, 0.1891708076, 0.150514438748, 0.116962589324, 0.0825284644961, 0.0635298192501, 0.0612461902201, 0.166556820273, 0.226777598262, 0.126012966037, 0.0819522887468, 0.0946116968989, 0.0757928192616, 0.0577370785177, 0.0468875132501, 0.0654916837811, 0.177583947778, 0.261446923018, 0.168049290776, 0.0702289119363, 0.0645196065307, 0.0934465527534, 0.0940582156181, 0.0764794424176, 0.112003542483, 0.176284402609, 0.26880928874, 0.248677909374, 0.139496952295, 0.130429089069, 0.199752375484, 0.617528378963]
    chords_key: "C"
    chords_scale: "major"
    key_key: "F"
    key_scale: "minor"
    chords_progression: ["Cm", "Cm", "Cm", "Cm", "Cm", "Cm", "C", "Fm", "Fm", "Fm", "Fm", "C", "Fm", "Fm", "Fm", "Fm", "Fm", "Fm", "Fm", "C", "C", "C", "C", "C", "C", "C", "C", "C", "C", "C", "C", "C", "C", "C", "C", "C", "C", "C", "C", "C", "C", "C", "C", "C", "C", "C", "C", "C", "C", "C", "C", "C", "C", "A#m", "A#m", "A#m", "A#m", "C", "C", "C", "C", "C", "C", "Cm", "Cm", "Cm", "Cm", "C", "C", "C", "C", "C", "C", "C", "C", "C", "C", "C", "C", "C", "C", "C", "C", "C", "C", "C", "C", "C", "C", "C", "C", "C", "C", "C", "C", "C", "C", "C", "C", "C", "C", "C", "C", "C", "C", "C", "C", "C", "C", "C", "C", "C", "C", "C", "C", "C", "C", "C", "C", "C", "C", "C", "C", "C", "C", "C", "C", "C", "C", "C", "C", "C", "C", "C", "C", "C", "C", "C", "C", "C", "C", "C", "C", "C", "C", "C", "C", "Cm", "C", "C", "C", "Cm", "Cm", "Cm", "Cm", "Cm", "C", "C", "C", "Cm", "C", "C", "C", "Cm", "C", "C", "C", "Cm", "Cm", "Cm", "Cm", "Cm", "Cm", "Cm", "Cm", "Cm", "Cm", "Cm", "Cm", "Cm", "Cm", "Cm", "Cm", "Cm", "Cm", "C", "C", "C", "C", "C", "C", "C", "A#m", "A#m", "A#m", "A#m", "F", "A#m", "F", "F", "A#m", "F", "F", "F", "F", "F", "F", "F", "F", "F", "F", "F", "F", "F", "F", "F", "F"]
