
metadata:
    version:
        essentia: "1.2.2"
    audio_properties:
        analysis_sample_rate: 44100
        bitrate: 128
        channels: 2
        equal_loudness: 1
        length: 10.0048980713
        replay_gain: -12.1195068359
        downmix: "mix"
    tags:
        track: 20
        year: 0
        album: "Splitted by Mp3Splt v. 2.1"
        artist: "From 003.10 To 003.20"
        comment: "http://mp3splt.sf.net"
        genre: ""
        title: "12 Burritos.mp3"

highlevel:
    ballroom:
        all:
            ChaChaCha: 0.240540519357
            Jive: 0.419878780842
            Quickstep: 0.0410906076431
            Rumba-American: 0.0026997460518
            Rumba-International: 0.0159454103559
            Rumba-Misc: 0.00384034425952
            Samba: 0.212342455983
            Tango: 0.0072742481716
            VienneseWaltz: 0.0508889816701
            Waltz: 0.00549890194088
        probability: 0.419878780842
        value: "Jive"
    culture:
        all:
            non_western: 0.722773015499
            western: 0.277226984501
        probability: 0.722773015499
        value: "non_western"
    gender:
        all:
            female: 0.429610967636
            male: 0.570389032364
        probability: 0.570389032364
        value: "male"
    genre_dortmund:
        all:
            alternative: 0.0457320846617
            blues: 0.390232980251
            electronic: 0.0119050657377
            folkcountry: 0.0274827890098
            funksoulrnb: 0.0188424214721
            jazz: 0.218756198883
            pop: 0.0372943095863
            raphiphop: 0.0167666394264
            rock: 0.232987493277
        probability: 0.390232980251
        value: "blues"
    genre_electronica:
        all:
            ambient: 0.291443943977
            dnb: 0.30182915926
            house: 0.176699995995
            techno: 0.106665693223
            trance: 0.123361214995
        probability: 0.30182915926
        value: "dnb"
    genre_rosamerica:
        all:
            cla: 0.00923324003816
            dan: 0.0431163981557
            hip: 0.0233806483448
            jaz: 0.0477068834007
            pop: 0.502906084061
            rhy: 0.0605203807354
            roc: 0.309041410685
            spe: 0.00409494107589
        probability: 0.502906084061
        value: "pop"
    genre_tzanetakis:
        all:
            blu: 0.00962046626955
            cla: 0.00578877469525
            cou: 0.148603394628
            dis: 0.310550749302
            hip: 0.0830682069063
            jaz: 0.0511632487178
            met: 0.032798089087
            pop: 0.137107506394
            reg: 0.0891849473119
            roc: 0.132114633918
        probability: 0.310550749302
        value: "dis"
    live_studio:
        all:
            live: 0.0027181727346
            studio: 0.997281849384
        probability: 0.997281849384
        value: "studio"
    mood:
        all:
            Cluster1: 0.347586363554
            Cluster2: 0.242958679795
            Cluster3: 0.0362546667457
            Cluster4: 0.162358134985
            Cluster5: 0.210842162371
        probability: 0.347586363554
        value: "Cluster1"
    mood_acoustic:
        all:
            acoustic: 0.0085898982361
            not_acoustic: 0.991410076618
        probability: 0.991410076618
        value: "not_acoustic"
    mood_aggressive:
        all:
            aggressive: 0.756203532219
            not_aggressive: 0.24379645288
        probability: 0.756203532219
        value: "aggressive"
    mood_electronic:
        all:
            electronic: 0.631124854088
            not_electronic: 0.368875145912
        probability: 0.631124854088
        value: "electronic"
    mood_happy:
        all:
            happy: 0.815460026264
            not_happy: 0.184539973736
        probability: 0.815460026264
        value: "happy"
    mood_party:
        all:
            not_party: 0.443081587553
            party: 0.556918382645
        probability: 0.556918382645
        value: "party"
    mood_relaxed:
        all:
            not_relaxed: 0.31325095892
            relaxed: 0.68674904108
        probability: 0.68674904108
        value: "relaxed"
    mood_sad:
        all:
            not_sad: 0.904342412949
            sad: 0.0956576019526
        probability: 0.904342412949
        value: "not_sad"
    rhythm:
        all:
            fast: 0.648430168629
            medium: 0.0627726316452
            slow: 0.288797199726
        probability: 0.648430168629
        value: "fast"
    speech_music:
        all:
            music: 0.999944984913
            speech: 5.50014046894e-05
        probability: 0.999944984913
        value: "music"
    timbre:
        all:
            bright: 0.876636683941
            dark: 0.12336333096
        probability: 0.876636683941
        value: "bright"
    voice_instrumental:
        all:
            instrumental: 0.96039301157
            voice: 0.0396069847047
        probability: 0.96039301157
        value: "instrumental"

lowlevel:
    average_loudness: 0.973092496395
    barkbands_kurtosis:
        dmean: 1.10754048824
        dmean2: 1.76699197292
        dvar: 5.12819957733
        dvar2: 11.4104642868
        max: 20.9440784454
        mean: -0.164883002639
        min: -1.88670861721
        var: 11.2163887024
    barkbands_skewness:
        dmean: 0.453114211559
        dmean2: 0.691466808319
        dvar: 0.248840242624
        dvar2: 0.547237157822
        max: 4.08375120163
        mean: -0.225155100226
        min: -3.80413770676
        var: 1.24313771725
    barkbands_spread:
        dmean: 6.1639585495
        dmean2: 10.0568494797
        dvar: 48.0178871155
        dvar2: 107.245513916
        max: 66.2132873535
        mean: 39.8305664062
        min: 4.86358499527
        var: 114.096305847
    dissonance:
        dmean: 0.0157936606556
        dmean2: 0.026249602437
        dvar: 0.000367264816305
        dvar2: 0.000980735290796
        max: 0.498262286186
        mean: 0.473407298326
        min: 0.350662201643
        var: 0.000542248424608
    hfc:
        dmean: 3.44059514999
        dmean2: 5.08264541626
        dvar: 29.7643299103
        dvar2: 70.4288482666
        max: 55.9312896729
        mean: 10.4246559143
        min: 0.378301948309
        var: 60.0078544617
    pitch:
        dmean: 707.936096191
        dmean2: 1376.87487793
        dvar: 1610778
        dvar2: 3702396
        max: 4410
        mean: 1529.52001953
        min: 109.429283142
        var: 2340369.5
    pitch_instantaneous_confidence:
        dmean: 0.0993849858642
        dmean2: 0.153055623174
        dvar: 0.00953379552811
        dvar2: 0.0215289089829
        max: 0.91327047348
        mean: 0.631062805653
        min: 0.17648512125
        var: 0.0307734888047
    pitch_salience:
        dmean: 0.064545378089
        dmean2: 0.105400308967
        dvar: 0.002926614834
        dvar2: 0.00782360322773
        max: 0.790715992451
        mean: 0.563099980354
        min: 0.267930060625
        var: 0.0080104554072
    silence_rate_20dB:
        dmean: 0
        dmean2: 0
        dvar: 0
        dvar2: 0
        max: 1
        mean: 1
        min: 1
        var: 0
    silence_rate_30dB:
        dmean: 0
        dmean2: 0
        dvar: 0
        dvar2: 0
        max: 1
        mean: 1
        min: 1
        var: 0
    silence_rate_60dB:
        dmean: 0.106976747513
        dmean2: 0.212121218443
        dvar: 0.0955327600241
        dvar2: 0.195097699761
        max: 1
        mean: 0.199535965919
        min: 0
        var: 0.159721314907
    spectral_centroid:
        dmean: 275.055206299
        dmean2: 429.381591797
        dvar: 89986.7421875
        dvar2: 206121.59375
        max: 3451.18481445
        mean: 1918.07275391
        min: 297.222503662
        var: 444702.0625
    spectral_complexity:
        dmean: 3.92056083679
        dmean2: 5.90632295609
        dvar: 23.1478900909
        dvar2: 49.7804946899
        max: 50
        mean: 13.3240089417
        min: 2
        var: 52.074508667
    spectral_crest:
        dmean: 1.96623730659
        dmean2: 3.15106654167
        dvar: 2.80539250374
        dvar2: 6.65217733383
        max: 21.1659049988
        mean: 8.40248012543
        min: 3.39060974121
        var: 9.59805488586
    spectral_decrease:
        dmean: 3.22104121153e-10
        dmean2: 5.05481323465e-10
        dvar: 2.62952315678e-19
        dvar2: 6.50535365562e-19
        max: -1.87988832834e-10
        mean: -1.07766473523e-09
        min: -5.30937471765e-09
        var: 3.34932848799e-19
    spectral_energy:
        dmean: 0.00149808812421
        dmean2: 0.00231965002604
        dvar: 5.70955171497e-06
        dvar2: 1.39472031151e-05
        max: 0.0251119267195
        mean: 0.00501290103421
        min: 0.000752422609366
        var: 7.97819666332e-06
    spectral_energyband_high:
        dmean: 0.000213035251363
        dmean2: 0.000327958900016
        dvar: 1.55451331807e-07
        dvar2: 3.78474567242e-07
        max: 0.00386236794293
        mean: 0.000335840217303
        min: 6.25954999123e-06
        var: 2.31626245295e-07
    spectral_energyband_low:
        dmean: 0.000316643272527
        dmean2: 0.000543953501619
        dvar: 2.76105453167e-07
        dvar2: 7.65996617247e-07
        max: 0.00406619301066
        mean: 0.000639258127194
        min: 1.34161709866e-05
        var: 2.49073536907e-07
    spectral_energyband_middle_high:
        dmean: 0.000858296931256
        dmean2: 0.00128104363102
        dvar: 1.63886977589e-06
        dvar2: 3.80882329409e-06
        max: 0.0123072434217
        mean: 0.00278110709041
        min: 2.96986581816e-05
        var: 3.73357693206e-06
    spectral_energyband_middle_low:
        dmean: 0.000519774213899
        dmean2: 0.000840548775159
        dvar: 7.11018003585e-07
        dvar2: 1.84660530067e-06
        max: 0.00878207292408
        mean: 0.00125668547116
        min: 0.000167078687809
        var: 8.85830388597e-07
    spectral_flatness_db:
        dmean: 0.0233024861664
        dmean2: 0.0310011766851
        dvar: 0.000501103349961
        dvar2: 0.000841205008328
        max: 0.294736415148
        mean: 0.186453655362
        min: 0.0863125175238
        var: 0.00167281972244
    spectral_flux:
        dmean: 0.011744924821
        dmean2: 0.0171178523451
        dvar: 0.000123933059513
        dvar2: 0.000282863678876
        max: 0.115624330938
        mean: 0.0422458387911
        min: 0.00823063217103
        var: 0.000319508137181
    spectral_kurtosis:
        dmean: 1.58774864674
        dmean2: 2.70470166206
        dvar: 2.15814471245
        dvar2: 6.2716217041
        max: 10.9969768524
        mean: 4.55775499344
        min: 0.333757638931
        var: 3.72996783257
    spectral_rms:
        dmean: 0.000300656771287
        dmean2: 0.000454738212284
        dvar: 1.42991908092e-07
        dvar2: 3.31307120405e-07
        max: 0.00494969077408
        mean: 0.0021449571941
        min: 0.00085677934112
        var: 2.89793661068e-07
    spectral_rolloff:
        dmean: 289.389831543
        dmean2: 495.364013672
        dvar: 304635.59375
        dvar2: 732921.1875
        max: 5060.30273438
        mean: 3403.85229492
        min: 215.33203125
        var: 765232.1875
    spectral_skewness:
        dmean: 0.251159518957
        dmean2: 0.391157478094
        dvar: 0.0567405559123
        dvar2: 0.125936597586
        max: 2.99044322968
        mean: 1.22032392025
        min: 0.0714029818773
        var: 0.161504268646
    spectral_spread:
        dmean: 847034
        dmean2: 1134693.375
        dvar: 904253472768
        dvar2: 1.55671186637e+12
        max: 11177050
        mean: 4199096
        min: 2075672.25
        var: 2.67145524019e+12
    spectral_strongpeak:
        dmean: 0.891972184181
        dmean2: 1.54354345798
        dvar: 1.90996468067
        dvar2: 4.5261516571
        max: 9.57712459564
        mean: 1.38578617573
        min: 0.0249324254692
        var: 4.10487985611
    zerocrossingrate:
        dmean: 0.00867383740842
        dmean2: 0.00996116641909
        dvar: 8.24867820484e-05
        dvar2: 0.00010666999151
        max: 0.1591796875
        mean: 0.106571651995
        min: 0.0166015625
        var: 0.000865117588546
    barkbands:
        dmean: [3.05564896053e-07, 8.91138843144e-05, 0.000246210518526, 0.00020244915504, 0.000118158131954, 0.000219603563892, 8.02922149887e-05, 4.49070976174e-05, 4.50157131127e-05, 2.2015763534e-05, 1.45981821333e-05, 2.65611779469e-05, 3.84624217986e-05, 6.35108517599e-05, 6.27530243946e-05, 8.44637470436e-05, 9.0393339633e-05, 0.000236859879806, 0.00042888650205, 0.000368168781279, 7.33891065465e-05, 2.09806930798e-05, 5.06117839905e-06, 1.73286673544e-06, 1.38053815135e-06, 1.59233877639e-07, 1.81284265377e-09]
        dmean2: [4.46083362249e-07, 0.000149818850332, 0.000421923643444, 0.000349110428942, 0.000204890733585, 0.000335959717631, 0.00012915028492, 7.10466192686e-05, 7.470514538e-05, 3.49932015524e-05, 2.30855403061e-05, 4.46095182269e-05, 6.13818556303e-05, 8.94729819265e-05, 9.61389887379e-05, 0.000130677828565, 0.000145054378663, 0.000372177892132, 0.000664812338073, 0.000589512346778, 0.000115658571303, 3.2558273233e-05, 7.95787218522e-06, 2.53791063187e-06, 2.01720126825e-06, 2.43375524178e-07, 2.30126007139e-09]
        dvar: [6.70258119839e-13, 2.67695838829e-08, 1.68584193716e-07, 1.09672747328e-07, 8.33323099414e-08, 8.60194546703e-08, 2.17790940837e-08, 1.77665615553e-08, 1.93845668406e-08, 1.88917193e-09, 7.54772355727e-10, 1.70281833078e-09, 3.56192875195e-09, 1.05079838164e-08, 7.23655091406e-09, 1.63083946347e-08, 2.00403551531e-08, 1.18761498413e-07, 3.69730344119e-07, 2.54673693689e-07, 3.72523381031e-08, 2.63627075725e-09, 1.18004536698e-10, 1.18737918803e-11, 7.91007970929e-12, 1.42701158507e-13, 4.58493375695e-16]
        dvar2: [1.1372297418e-12, 7.31475253701e-08, 4.74153750929e-07, 2.98906286389e-07, 2.20928768613e-07, 2.23799304422e-07, 5.36850350841e-08, 4.35260893994e-08, 5.01573573786e-08, 3.89295395919e-09, 1.90223237162e-09, 4.06869515857e-09, 8.55086312868e-09, 2.02700665142e-08, 1.65295883647e-08, 3.71193848991e-08, 4.47848975682e-08, 2.89100114514e-07, 8.18338776298e-07, 6.33986644516e-07, 9.36428321552e-08, 6.1474549895e-09, 2.84522905236e-10, 2.80787285784e-11, 1.84384070512e-11, 3.08907955639e-13, 4.61217592472e-16]
        max: [1.02765561678e-05, 0.00107245368417, 0.00319077959284, 0.00285015488043, 0.00323984865099, 0.00298835895956, 0.00159348547459, 0.00131313072052, 0.00204590545036, 0.000404339632951, 0.000333511590725, 0.000401352415793, 0.000416257185861, 0.00103813002352, 0.000698034476954, 0.00149353337474, 0.00129950407427, 0.00392386130989, 0.00618792651221, 0.00481917196885, 0.00217337347567, 0.000465341756353, 8.46421826282e-05, 2.99354414892e-05, 2.07828779821e-05, 2.52058248407e-06, 4.43638612069e-07]
        mean: [3.10931227432e-07, 0.000183234980796, 0.000455726694781, 0.000365925603546, 0.000135094029247, 0.000516127736773, 0.000120513992442, 5.42189991393e-05, 6.09737617197e-05, 2.62045468844e-05, 1.99114074348e-05, 4.61436029582e-05, 6.55422118143e-05, 0.000108947802801, 0.000122411482153, 0.000167610793142, 0.000150914478581, 0.000492176448461, 0.0010275982786, 0.000769339676481, 9.11178285605e-05, 2.34667404584e-05, 5.65865593671e-06, 2.03944819077e-06, 1.51776077928e-06, 1.77866766649e-07, 1.85642257122e-09]
        min: [3.17710968645e-10, 3.89685510527e-07, 5.71020518692e-06, 3.79057928512e-06, 3.20301387546e-06, 1.2209851775e-05, 3.37004451012e-07, 2.22739245714e-07, 6.07725667123e-07, 2.6854345947e-07, 8.43351628532e-08, 3.97965607135e-07, 4.2612469997e-07, 1.12657892259e-06, 4.73496442055e-07, 4.45506458391e-07, 1.63829190569e-06, 3.44478871739e-06, 4.79852951685e-06, 5.71119016968e-06, 7.91612649209e-07, 1.38563976293e-07, 3.16794697142e-08, 1.05224966518e-08, 2.81270140512e-09, 1.4427699313e-10, 3.82082738929e-13]
        var: [7.4124007713e-13, 4.86501789965e-08, 1.57986661975e-07, 1.6872574804e-07, 6.33428385299e-08, 2.81164460603e-07, 4.56575719454e-08, 2.06943706615e-08, 1.61524269515e-08, 2.32029440106e-09, 9.97978921724e-10, 3.57749008195e-09, 6.97662594362e-09, 2.67456012892e-08, 2.09467394541e-08, 3.59109932901e-08, 3.17596793309e-08, 3.12023587412e-07, 9.88931105894e-07, 6.07947924891e-07, 3.74552975302e-08, 3.18706838698e-09, 1.34201622037e-10, 1.42320148722e-11, 9.81776986098e-12, 1.80927646996e-13, 4.59097257247e-16]
    mfcc:
        mean: [-730.804870605, 113.027709961, -57.1442985535, 82.9865112305, 1.2855348587, -5.895403862, 9.44454479218, -12.1685400009, -14.2864332199, 3.05020308495, -0.784788906574, -7.98103666306, 1.23613250256]
        cov: [[1849.0949707, -846.929626465, 256.541992188, -228.94241333, -97.6404342651, -1.88921260834, -110.429389954, 119.04095459, 103.121803284, -48.5130844116, 25.810338974, 72.4318466187, 10.372136116], [-846.929626465, 710.620666504, -321.480133057, 153.811828613, 4.73585414886, -18.1949501038, 47.6843299866, -63.4365730286, -58.2949256897, 27.3355388641, -36.9115562439, -47.8446617126, 15.5670671463], [256.541992188, -321.480133057, 747.991088867, -216.606735229, -23.1560382843, 67.6020584106, -91.5030975342, 64.0607147217, 14.8112211227, -128.703109741, 72.4801025391, 95.6658782959, -16.0086174011], [-228.94241333, 153.811828613, -216.606735229, 296.966064453, 64.0490722656, -36.5355224609, 127.681907654, 35.139831543, -40.9819793701, 36.7202453613, 0.652480721474, -6.64954710007, 29.3335876465], [-97.6404342651, 4.73585414886, -23.1560382843, 64.0490722656, 196.123535156, 21.6721973419, 66.2345046997, 49.090171814, 15.1440935135, 9.45352840424, -5.0080447197, -11.3571300507, 15.0003423691], [-1.88921260834, -18.1949501038, 67.6020584106, -36.5355224609, 21.6721973419, 126.002891541, 8.08608150482, 3.80430912971, 39.5934448242, 11.0866527557, -18.1258487701, -3.93315577507, -5.9530620575], [-110.429389954, 47.6843299866, -91.5030975342, 127.681907654, 66.2345046997, 8.08608150482, 181.917541504, 39.186504364, -32.9184761047, 40.3392829895, 11.5191688538, -12.2936763763, 12.8254184723], [119.04095459, -63.4365730286, 64.0607147217, 35.139831543, 49.090171814, 3.80430912971, 39.186504364, 136.85395813, 15.2784833908, -63.1826019287, 8.87302875519, 34.2893028259, 28.5721817017], [103.121803284, -58.2949256897, 14.8112211227, -40.9819793701, 15.1440935135, 39.5934448242, -32.9184761047, 15.2784833908, 102.976615906, 18.8492565155, -37.970035553, -6.76722860336, 6.52250432968], [-48.5130844116, 27.3355388641, -128.703109741, 36.7202453613, 9.45352840424, 11.0866527557, 40.3392829895, -63.1826019287, 18.8492565155, 134.227493286, 12.0097818375, -49.2971954346, -27.0587406158], [25.810338974, -36.9115562439, 72.4801025391, 0.652480721474, -5.0080447197, -18.1258487701, 11.5191688538, 8.87302875519, -37.970035553, 12.0097818375, 91.2097854614, 28.8726196289, -20.0423717499], [72.4318466187, -47.8446617126, 95.6658782959, -6.64954710007, -11.3571300507, -3.93315577507, -12.2936763763, 34.2893028259, -6.76722860336, -49.2971954346, 28.8726196289, 78.9939575195, 30.728307724], [10.372136116, 15.5670671463, -16.0086174011, 29.3335876465, 15.0003423691, -5.9530620575, 12.8254184723, 28.5721817017, 6.52250432968, -27.0587406158, -20.0423717499, 30.728307724, 80.7822113037]]
        icov: [[0.00149985717144, 0.00176836759783, 0.000530970806722, 0.000497174623888, 0.000825745344628, 5.02530238009e-05, 0.000428835541243, -0.00131530570798, -0.000101970887044, -0.000418028910644, 6.13879819866e-06, -0.00026663596509, -0.000389997905586], [0.00176836759783, 0.00414139963686, 0.00136637489777, -0.000236120598856, 0.000989904394373, -0.000670576118864, 0.000604308268521, -0.000298919563647, 0.000446593970992, 0.000834493082948, -0.000368568464182, 0.000618047313765, -0.000975126633421], [0.000530970806722, 0.00136637489777, 0.00312681985088, 0.00125876744278, 0.0001150149983, -0.00154623691924, -2.7716258046e-05, 0.000129306514282, -0.000775251537561, 0.00286151538603, -0.0027602200862, -0.000855746271554, 0.000316218152875], [0.000497174623888, -0.000236120598856, 0.00125876744278, 0.00709633668885, -0.000621917133685, 0.00139236357063, -0.00246906862594, -0.00287814787589, 0.0020831564907, -0.00261788349599, 0.00144524197094, -0.0024861516431, -0.000458443304524], [0.000825745344628, 0.000989904394373, 0.0001150149983, -0.000621917133685, 0.00713434163481, -0.000838287349325, -0.00128239043988, -0.00236302381381, -0.00142319023144, 3.88603657484e-05, -0.000890091760084, 0.00220470852219, -0.00132685888093], [5.02530238009e-05, -0.000670576118864, -0.00154623691924, 0.00139236357063, -0.000838287349325, 0.0110265342519, -0.00226401956752, -8.96080309758e-05, -0.00310573261231, -0.00209505483508, 0.00330410478637, -0.00179887656122, 0.00172316667158], [0.000428835541243, 0.000604308268521, -2.7716258046e-05, -0.00246906862594, -0.00128239043988, -0.00226401956752, 0.0120058180764, -0.00628802133724, 0.00700047006831, -0.00709099229425, 0.00236134254374, -0.000122811354231, -0.00119907897897], [-0.00131530570798, -0.000298919563647, 0.000129306514282, -0.00287814787589, -0.00236302381381, -8.96080309758e-05, -0.00628802133724, 0.0197899788618, -0.0101428329945, 0.0147688863799, -0.00855761300772, 0.00285595422611, -0.00171548605431], [-0.000101970887044, 0.000446593970992, -0.000775251537561, 0.0020831564907, -0.00142319023144, -0.00310573261231, 0.00700047006831, -0.0101428329945, 0.0234691314399, -0.0144523605704, 0.0137020824477, -0.00551895797253, 0.000291366653983], [-0.000418028910644, 0.000834493082948, 0.00286151538603, -0.00261788349599, 3.88603657484e-05, -0.00209505483508, -0.00709099229425, 0.0147688863799, -0.0144523605704, 0.0275047775358, -0.0164070762694, 0.0119329486042, -0.00107881461736], [6.13879819866e-06, -0.000368568464182, -0.0027602200862, 0.00144524197094, -0.000890091760084, 0.00330410478637, 0.00236134254374, -0.00855761300772, 0.0137020824477, -0.0164070762694, 0.028795497492, -0.0155484220013, 0.00851571373641], [-0.00026663596509, 0.000618047313765, -0.000855746271554, -0.0024861516431, 0.00220470852219, -0.00179887656122, -0.000122811354231, 0.00285595422611, -0.00551895797253, 0.0119329486042, -0.0155484220013, 0.0303359664977, -0.0118385627866], [-0.000389997905586, -0.000975126633421, 0.000316218152875, -0.000458443304524, -0.00132685888093, 0.00172316667158, -0.00119907897897, -0.00171548605431, 0.000291366653983, -0.00107881461736, 0.00851571373641, -0.0118385627866, 0.020247682929]]
    spectral_contrast:
        mean: [-4.17336707415e-08, 5.31522516667e-07, 1.44357173326e-07, 3.05699586534e-07, -6.7758600153e-07, 7.62729328585e-08, -2.91441006084e-06, -1.96278506337e-06, -1.89025922737e-06, -4.75947945233e-06, -2.34396316046e-06, 1.97820736503e-06]
        var: [0.000866502407007, 0.00132158154156, 0.00162984302733, 0.00215782946907, 0.00280666653998, 0.0046501182951, 0.0876246839762, 0.104717634618, 0.164885133505, 0.352992892265, 0.514638781548, 1.52763473988]

rhythm:
    beats_loudness:
        dmean: 0.00612534908578
        dmean2: 0.0118095353246
        dvar: 1.33357470986e-05
        dvar2: 3.62717873941e-05
        max: 0.0142328878865
        mean: 0.0076835132204
        min: 0.00243827397935
        var: 1.65932797245e-05
    beats_loudness_bass:
        dmean: 0.185489580035
        dmean2: 0.35161074996
        dvar: 0.0173374880105
        dvar2: 0.0618533752859
        max: 0.45976665616
        mean: 0.219407200813
        min: 0.0508894249797
        var: 0.018697693944
    bpm: 76.7168426514
    bpm_confidence: 0
    first_peak_bpm: 155
    first_peak_spread: 0
    first_peak_weight: 0.555555582047
    onset_rate: 4.29789495468
    second_peak_bpm: 77
    second_peak_spread: 0
    second_peak_weight: 0.388888895512
    beats_position: [0.11759339273, 0.899690508842, 1.68178761005, 2.46388483047, 3.2459821701, 4.0280790329, 4.81017637253, 5.59227371216, 6.03913021088, 6.42508649826, 6.81104135513, 7.19699764252, 7.58295345306, 7.96890878677, 8.35486412048, 8.74081993103, 9.12677574158, 9.51273059845, 9.898686409]
    bpm_estimates: [76.7085876465, 76.7835617065, 76.6661148071, 76.6819763184, 76.8046035767, 76.6729125977, 76.6628723145, 76.7821121216, 76.6888885498]
    bpm_intervals: [0.782097101212, 0.782097101212, 0.782097220421, 0.78209733963, 0.782096862793, 0.78209733963, 0.78209733963, 0.446856498718, 0.385956287384, 0.385954856873, 0.385956287384, 0.385955810547, 0.38595533371, 0.38595533371, 0.385955810547, 0.385955810547, 0.385954856873, 0.385955810547]
    onset_times: [0.0580498874187, 0.510838985443, 0.696598649025, 0.893968224525, 1.27709746361, 1.67183673382, 2.0549659729, 2.27555561066, 2.47292518616, 2.86766433716, 3.07664394379, 3.27401351929, 3.65714287758, 4.051882267, 4.29569149017, 4.34213161469, 4.446621418, 4.58594083786, 4.82975053787, 4.91102027893, 5.00390005112, 5.22448968887, 5.31736946106, 5.60761928558, 6.00235843658, 6.22294807434, 6.40870761871, 6.64090681076, 6.80344676971, 7.01242637634, 7.16335582733, 7.38394546509, 7.58131504059, 8.17342376709, 8.34757328033, 8.54494285583, 8.71909332275, 9.12544250488, 9.33442211151, 9.4853515625, 9.69433116913, 9.81043052673, 9.90331077576]
    rubato_start: [6.42508649826]
    rubato_stop: [9.898686409]
    perceptual_tempo: "unknown"

sfx:
    inharmonicity:
        dmean: 0.0509489364922
        dmean2: 0.0895170420408
        dvar: 0.00443856278434
        dvar2: 0.0123162502423
        max: 0.421592056751
        mean: 0.0520872920752
        min: 0.000231989251915
        var: 0.00460675451905
    oddtoevenharmonicenergyratio:
        dmean: 5.9400806427
        dmean2: 11.2961263657
        dvar: 2318.66308594
        dvar2: 6924.39306641
        max: 698.856567383
        mean: 3.57159757614
        min: 0.00267584994435
        var: 1186.92138672
    pitch_after_max_to_before_max_energy_ratio: 1.18383765221
    pitch_centroid: 222.223983765
    pitch_max_to_total: 0.445221453905
    pitch_min_to_total: 0.421911418438
    tristimulus:
        dmean: [0.15797612071, 0.246768429875, 0.149438515306]
        dmean2: [0.276324987411, 0.433322548866, 0.269754230976]
        dvar: [0.0271906852722, 0.0561027564108, 0.0264902673662]
        dvar2: [0.0687940940261, 0.151139095426, 0.0735812112689]
        max: [0.891193151474, 0.982310652733, 0.954983353615]
        mean: [0.311735183001, 0.456532090902, 0.143515154719]
        min: [0.0100989146158, 0, 0]
        var: [0.0471918769181, 0.0679767951369, 0.0275303926319]

tonal:
    chords_changes_rate: 0.101851850748
    chords_number_rate: 0.0462962947786
    chords_strength:
        dmean: 0.0140486806631
        dmean2: 0.0159937348217
        dvar: 0.000127471284941
        dvar2: 0.00018629290571
        max: 0.565210103989
        mean: 0.411686271429
        min: 0.289690285921
        var: 0.00360015919432
    key_strength: 0.508298039436
    tuning_diatonic_strength: 0.422136873007
    tuning_equal_tempered_deviation: 0.180112838745
    tuning_frequency: 441.017791748
    tuning_nontempered_energy_ratio: 0.823741614819
    hpcp:
        dmean: [0.150216802955, 0.151455655694, 0.136948153377, 0.124246396124, 0.146501272917, 0.17162463069, 0.149833679199, 0.115950785577, 0.148264363408, 0.161380127072, 0.144950181246, 0.0940468981862, 0.0697256103158, 0.0806576758623, 0.148166045547, 0.165873214602, 0.170483529568, 0.0969142392278, 0.102112278342, 0.109574191272, 0.121219374239, 0.117507115006, 0.107118599117, 0.119204260409, 0.130671858788, 0.134005993605, 0.109859280288, 0.104860208929, 0.126822203398, 0.14278678596, 0.142289176583, 0.139889732003, 0.156892716885, 0.145797669888, 0.140156418085, 0.149027198553]
        dmean2: [0.236534193158, 0.235250264406, 0.231041222811, 0.217436179519, 0.255188494921, 0.29345035553, 0.252995282412, 0.199071273208, 0.24470487237, 0.274227410555, 0.236219927669, 0.15986430645, 0.118565514684, 0.14458373189, 0.258117288351, 0.280326038599, 0.287746995687, 0.166197106242, 0.173525005579, 0.18089479208, 0.217022359371, 0.19753266871, 0.174041226506, 0.197882369161, 0.205564677715, 0.222106769681, 0.18109279871, 0.185981094837, 0.22668145597, 0.234264522791, 0.222047835588, 0.231599658728, 0.271616458893, 0.252840191126, 0.235826015472, 0.250601619482]
        dvar: [0.0296744480729, 0.0222844816744, 0.0297856424004, 0.0294991787523, 0.0321268364787, 0.0419783033431, 0.0297776907682, 0.0204788725823, 0.0372087135911, 0.051333528012, 0.0329107046127, 0.0235728863627, 0.0127611067146, 0.0245343539864, 0.0465878099203, 0.0660288631916, 0.0503429993987, 0.0207597557455, 0.0374642089009, 0.038600821048, 0.0458415336907, 0.0338428504765, 0.0286602620035, 0.0254228431731, 0.0319781601429, 0.0366576127708, 0.0230201203376, 0.0252809841186, 0.0356152765453, 0.0383041799068, 0.0349295213819, 0.0324568003416, 0.0439651347697, 0.0348719879985, 0.0284924600273, 0.0347279645503]
        dvar2: [0.0719322636724, 0.05594407022, 0.0783042386174, 0.0769940242171, 0.0802178904414, 0.113010890782, 0.0847584307194, 0.053989585489, 0.0964653044939, 0.105930179358, 0.0775144398212, 0.0574242323637, 0.0335484854877, 0.0726758688688, 0.12450093776, 0.144971311092, 0.133630290627, 0.057965669781, 0.0879008919001, 0.0812467560172, 0.104342281818, 0.0858893170953, 0.0600808225572, 0.0610772818327, 0.0613836757839, 0.0895566493273, 0.0633084475994, 0.0715967416763, 0.0988647788763, 0.0866546332836, 0.0685078650713, 0.0717632248998, 0.122452817857, 0.0988388583064, 0.0702376067638, 0.0784511938691]
        max: [1, 1, 1, 1, 1, 1, 1, 1, 1, 1, 1, 1, 0.747908353806, 1, 1, 1, 1, 1, 1, 1, 1, 1, 1, 1, 1, 1, 1, 1, 1, 1, 1, 1, 1, 1, 1, 1]
        mean: [0.258019953966, 0.233189880848, 0.19379709661, 0.163986101747, 0.197594180703, 0.241188168526, 0.215322524309, 0.157493621111, 0.188802465796, 0.26775214076, 0.214014455676, 0.111126087606, 0.0778027027845, 0.0733631327748, 0.193509191275, 0.345108360052, 0.251795202494, 0.108911789954, 0.113424479961, 0.132767543197, 0.124161049724, 0.118236541748, 0.120139360428, 0.164646402001, 0.209437176585, 0.174655273557, 0.134799331427, 0.131235986948, 0.158048763871, 0.222140997648, 0.240395858884, 0.205194532871, 0.190939694643, 0.179248973727, 0.201381027699, 0.253138631582]
        min: [0.00173449423164, 0.00207209284417, 0.00273342686705, 0.00259894807823, 0.00390521693043, 0.0017097608652, 0.00124777317978, 0.000596758734901, 0.00357807637192, 0.00511657306924, 0.00506973173469, 0.00257326592691, 0.00155792478472, 0.000845870585181, 0.000670801149681, 0.000866486574523, 0.000849587784614, 0.000538409338333, 0.000961756333709, 0.000494557782076, 0.000795086438302, 0.00115446618292, 0.00107552215923, 0.00170149747282, 0.00159985362552, 0.00061985681532, 0.00108327437192, 0.000843229005113, 0.00105237821117, 0.00211585313082, 0.00228349212557, 0.00521383993328, 0.00152123405132, 0.00126458459999, 0.00160261779092, 0.00190589751583]
        var: [0.060630377382, 0.052574660629, 0.045252982527, 0.0357850566506, 0.0414557643235, 0.0624976865947, 0.0546594411135, 0.0386126600206, 0.0527246557176, 0.108715057373, 0.0677388384938, 0.024166924879, 0.0132291363552, 0.0167654175311, 0.0583080463111, 0.163432717323, 0.0852910801768, 0.0239249430597, 0.0489760190248, 0.0550606064498, 0.0488876365125, 0.0363943316042, 0.038732599467, 0.050314988941, 0.0833966135979, 0.0519106350839, 0.0309773422778, 0.0270917378366, 0.0387804470956, 0.0762392878532, 0.0739877000451, 0.0524633862078, 0.0488828755915, 0.0405114106834, 0.0446740426123, 0.0785530135036]
    chords_histogram: [11.5740737915, 2.31481480598, 6.94444465637, 5.55555534363, 0, 0, 1.38888883591, 0, 0, 0, 2.31481480598, 0, 0, 4.16666650772, 0, 0, 0, 20.8333339691, 0, 16.6666660309, 27.7777786255, 0.462962955236, 0, 0]
    thpcp: [1, 0.729611992836, 0.315587222576, 0.328663378954, 0.384712636471, 0.359774112701, 0.342606991529, 0.348120689392, 0.477086097002, 0.606873691082, 0.506088197231, 0.390600025654, 0.380274713039, 0.457968503237, 0.64368480444, 0.696580827236, 0.594579994678, 0.5532746315, 0.519399106503, 0.583529829979, 0.733504772186, 0.747649073601, 0.675700485706, 0.561554312706, 0.475172787905, 0.572556912899, 0.698876619339, 0.623927295208, 0.456359922886, 0.547081708908, 0.775849461555, 0.620136976242, 0.32200345397, 0.225444272161, 0.212579995394, 0.560720086098]
    chords_key: "F"
    chords_scale: "major"
    key_key: "G"
    key_scale: "major"
    chords_progression: ["Am", "F", "F", "F", "F", "F", "E", "E", "E", "F", "F", "F", "F", "F", "F", "F", "F", "F", "F", "F", "Dm", "Dm", "Dm", "Dm", "Dm", "Dm", "Dm", "Dm", "Dm", "Dm", "Dm", "Dm", "Dm", "Dm", "Dm", "Dm", "Dm", "Dm", "Dm", "Dm", "Dm", "Dm", "Dm", "Dm", "Dm", "D", "D", "D", "D", "D", "D", "D", "D", "D", "Gm", "Gm", "Dm", "Dm", "Dm", "Dm", "Dm", "Dm", "Dm", "Dm", "Dm", "Dm", "Dm", "F", "F", "F", "F", "F", "F", "F", "F", "F", "F", "F", "F", "F", "F", "F", "F", "F", "F", "F", "F", "F", "F", "F", "F", "F", "Gm", "Gm", "Gm", "Gm", "Gm", "Gm", "Gm", "Gm", "Gm", "Gm", "Gm", "Gm", "Gm", "Gm", "Gm", "G", "G", "G", "G", "G", "G", "G", "Bm", "Bm", "Bm", "Bm", "Bm", "G", "G", "G", "G", "G", "G", "G", "G", "G", "G", "G", "G", "G", "G", "G", "G", "F", "F", "F", "F", "F", "F", "F", "F", "G", "G", "F", "F", "F", "F", "F", "F", "F", "F", "F", "F", "F", "F#m", "F#m", "F#m", "F#m", "F#m", "F#m", "F#m", "F#m", "F#m", "F#m", "F#m", "F#m", "F#", "F#", "F#", "F#", "F#", "D", "D", "D", "D", "D", "D", "Gm", "Gm", "Gm", "Gm", "Gm", "Gm", "Gm", "Gm", "Gm", "Gm", "Gm", "Gm", "Gm", "Gm", "Gm", "Gm", "Gm", "Gm", "Gm", "Gm", "Gm", "Gm", "Gm", "Gm", "Gm", "Gm", "Fm", "Fm", "Fm", "Fm", "Fm", "Fm", "Gm", "Gm", "Fm", "Fm", "Fm"]
