
metadata:
    version:
        essentia: "1.2.2"
    audio_properties:
        analysis_sample_rate: 44100
        bitrate: 128
        channels: 2
        equal_loudness: 1
        length: 9.97877597809
        replay_gain: -10.4553279877
        downmix: "mix"
    tags:
        track: 14
        year: 0
        album: "Splitted by Mp3Splt v. 2.1"
        artist: "From 002.10 To 002.20"
        comment: "http://mp3splt.sf.net"
        genre: ""
        title: "10 Lonely Too.mp3"

highlevel:
    ballroom:
        all:
            ChaChaCha: 0.0103663643822
            Jive: 0.00686482712626
            Quickstep: 0.0872788056731
            Rumba-American: 0.0162899326533
            Rumba-International: 0.12050511688
            Rumba-Misc: 0.124841026962
            Samba: 0.0140659762546
            Tango: 0.0293116383255
            VienneseWaltz: 0.220415368676
            Waltz: 0.370060950518
        probability: 0.370060950518
        value: "Waltz"
    culture:
        all:
            non_western: 6.29502756055e-06
            western: 0.999993681908
        probability: 0.999993681908
        value: "western"
    gender:
        all:
            female: 0.913747131824
            male: 0.0862528681755
        probability: 0.913747131824
        value: "female"
    genre_dortmund:
        all:
            alternative: 0.0418463684618
            blues: 0.00505687715486
            electronic: 0.0128842033446
            folkcountry: 0.572159588337
            funksoulrnb: 0.025693256408
            jazz: 0.0477816313505
            pop: 0.263007104397
            raphiphop: 0.00179278524593
            rock: 0.0297781582922
        probability: 0.572159588337
        value: "folkcountry"
    genre_electronica:
        all:
            ambient: 0.903486669064
            dnb: 0.0166182573885
            house: 0.0582835972309
            techno: 0.00406170729548
            trance: 0.0175497755408
        probability: 0.903486669064
        value: "ambient"
    genre_rosamerica:
        all:
            cla: 0.175362125039
            dan: 0.0172238778323
            hip: 0.010053598322
            jaz: 0.0655148625374
            pop: 0.182558327913
            rhy: 0.508664548397
            roc: 0.0259677041322
            spe: 0.0146549632773
        probability: 0.508664548397
        value: "rhy"
    genre_tzanetakis:
        all:
            blu: 0.00627363333479
            cla: 0.0104787163436
            cou: 0.145061403513
            dis: 0.0262664686888
            hip: 0.00174404552672
            jaz: 0.0149336466566
            met: 0.00244360580109
            pop: 0.681682825089
            reg: 0.0281670279801
            roc: 0.0829486399889
        probability: 0.681682825089
        value: "pop"
    live_studio:
        all:
            live: 0.283254235983
            studio: 0.716745734215
        probability: 0.716745734215
        value: "studio"
    mood:
        all:
            Cluster1: 0.0259272158146
            Cluster2: 0.356907874346
            Cluster3: 0.530196666718
            Cluster4: 0.076685719192
            Cluster5: 0.0102825304493
        probability: 0.530196666718
        value: "Cluster3"
    mood_acoustic:
        all:
            acoustic: 0.975395202637
            not_acoustic: 0.024604825303
        probability: 0.975395202637
        value: "acoustic"
    mood_aggressive:
        all:
            aggressive: 6.93928399187e-08
            not_aggressive: 0.999999940395
        probability: 0.999999940395
        value: "not_aggressive"
    mood_electronic:
        all:
            electronic: 0.0186624489725
            not_electronic: 0.981337547302
        probability: 0.981337547302
        value: "not_electronic"
    mood_happy:
        all:
            happy: 0.39558956027
            not_happy: 0.604410469532
        probability: 0.604410469532
        value: "not_happy"
    mood_party:
        all:
            not_party: 0.962379872799
            party: 0.0376201346517
        probability: 0.962379872799
        value: "not_party"
    mood_relaxed:
        all:
            not_relaxed: 0.251129388809
            relaxed: 0.748870611191
        probability: 0.748870611191
        value: "relaxed"
    mood_sad:
        all:
            not_sad: 0.0621180124581
            sad: 0.937882006168
        probability: 0.937882006168
        value: "sad"
    rhythm:
        all:
            fast: 0.759333372116
            medium: 0.143478989601
            slow: 0.0971876308322
        probability: 0.759333372116
        value: "fast"
    speech_music:
        all:
            music: 0.396623492241
            speech: 0.603376507759
        probability: 0.603376507759
        value: "speech"
    timbre:
        all:
            bright: 0.995758235455
            dark: 0.00424178363755
        probability: 0.995758235455
        value: "bright"
    voice_instrumental:
        all:
            instrumental: 0.00721102766693
            voice: 0.99278897047
        probability: 0.99278897047
        value: "voice"

lowlevel:
    average_loudness: 0.918640434742
    barkbands_kurtosis:
        dmean: 2.3466117382
        dmean2: 3.55275440216
        dvar: 17.6151771545
        dvar2: 36.1939849854
        max: 43.2146224976
        mean: 4.75960159302
        min: -1.83466136456
        var: 62.3165740967
    barkbands_skewness:
        dmean: 0.443098455667
        dmean2: 0.637144863605
        dvar: 0.316474676132
        dvar2: 0.594211161137
        max: 5.97949552536
        mean: 1.68311321735
        min: -1.59409177303
        var: 1.67216086388
    barkbands_spread:
        dmean: 3.78388738632
        dmean2: 5.81399059296
        dvar: 35.0237121582
        dvar2: 82.2435913086
        max: 59.2775611877
        mean: 17.1701431274
        min: 2.11174416542
        var: 134.767944336
    dissonance:
        dmean: 0.0303462017328
        dmean2: 0.0498886331916
        dvar: 0.000688245752826
        dvar2: 0.00172530545387
        max: 0.489562928677
        mean: 0.406825959682
        min: 0.267781466246
        var: 0.00240439292975
    hfc:
        dmean: 0.74989014864
        dmean2: 1.01818454266
        dvar: 2.22407364845
        dvar2: 4.94637823105
        max: 22.9713859558
        mean: 3.38207817078
        min: 0.00639946293086
        var: 12.7300281525
    pitch:
        dmean: 234.996826172
        dmean2: 463.802856445
        dvar: 760103.375
        dvar2: 2152710.75
        max: 5512.5
        mean: 457.458496094
        min: 73.3777008057
        var: 839944.625
    pitch_instantaneous_confidence:
        dmean: 0.068182811141
        dmean2: 0.0989025086164
        dvar: 0.00562129542232
        dvar2: 0.0112854959443
        max: 0.926240086555
        mean: 0.620969414711
        min: 0.240807950497
        var: 0.0260389018804
    pitch_salience:
        dmean: 0.0561675354838
        dmean2: 0.0822862312198
        dvar: 0.00331445387565
        dvar2: 0.00664658658206
        max: 0.777114927769
        mean: 0.500375032425
        min: 0.126281514764
        var: 0.0112507594749
    silence_rate_20dB:
        dmean: 0
        dmean2: 0
        dvar: 0
        dvar2: 0
        max: 1
        mean: 1
        min: 1
        var: 0
    silence_rate_30dB:
        dmean: 0
        dmean2: 0
        dvar: 0
        dvar2: 0
        max: 1
        mean: 1
        min: 1
        var: 0
    silence_rate_60dB:
        dmean: 0.0558139532804
        dmean2: 0.109557107091
        dvar: 0.0526987314224
        dvar2: 0.111539825797
        max: 1
        mean: 0.517401397228
        min: 0
        var: 0.249697953463
    spectral_centroid:
        dmean: 162.284912109
        dmean2: 224.883010864
        dvar: 93593.15625
        dvar2: 152389.828125
        max: 4595.85253906
        mean: 909.513244629
        min: 315.399841309
        var: 373184.96875
    spectral_complexity:
        dmean: 1.16083920002
        dmean2: 1.80841124058
        dvar: 1.78531861305
        dvar2: 3.3371257782
        max: 19
        mean: 6.50232553482
        min: 0
        var: 18.6964931488
    spectral_crest:
        dmean: 2.15911006927
        dmean2: 3.19080996513
        dvar: 5.02297639847
        dvar2: 11.0252637863
        max: 24.9199466705
        mean: 12.3248138428
        min: 3.72891688347
        var: 21.8797111511
    spectral_decrease:
        dmean: 1.79608744544e-10
        dmean2: 2.52023124592e-10
        dvar: 7.12773714395e-20
        dvar2: 1.24770889622e-19
        max: -4.00221999639e-12
        mean: -9.78988223821e-10
        min: -2.84329382261e-09
        var: 6.08411813253e-19
    spectral_energy:
        dmean: 0.000729318358935
        dmean2: 0.00102939200588
        dvar: 1.19120909403e-06
        dvar2: 2.10480152418e-06
        max: 0.0127467690036
        mean: 0.00400169147179
        min: 1.56856840476e-05
        var: 1.02318972495e-05
    spectral_energyband_high:
        dmean: 5.19525638083e-05
        dmean2: 7.81325434218e-05
        dvar: 3.19335740073e-08
        dvar2: 8.83551081188e-08
        max: 0.00286089768633
        mean: 9.914302791e-05
        min: 2.50414217362e-07
        var: 3.98984170147e-08
    spectral_energyband_low:
        dmean: 1.64209595823e-05
        dmean2: 2.1651674615e-05
        dvar: 1.57229216313e-08
        dvar2: 3.66719135059e-08
        max: 0.00238995067775
        mean: 5.15154279128e-05
        min: 5.88467452545e-09
        var: 2.78930354369e-08
    spectral_energyband_middle_high:
        dmean: 0.000245720817475
        dmean2: 0.000320992228808
        dvar: 1.56963764653e-07
        dvar2: 2.52599505757e-07
        max: 0.00652524316683
        mean: 0.00106895703357
        min: 5.66496112242e-07
        var: 2.24731229537e-06
    spectral_energyband_middle_low:
        dmean: 0.000625965942163
        dmean2: 0.000860358006321
        dvar: 9.22838296447e-07
        dvar2: 1.63354377491e-06
        max: 0.0102739566937
        mean: 0.00278207683004
        min: 1.48238414113e-05
        var: 6.26244536761e-06
    spectral_flatness_db:
        dmean: 0.0185046754777
        dmean2: 0.0268118456006
        dvar: 0.000402453617426
        dvar2: 0.000727447855752
        max: 0.375049889088
        mean: 0.22810523212
        min: 0.0934078767896
        var: 0.00235370988958
    spectral_flux:
        dmean: 0.00865531992167
        dmean2: 0.0137743419036
        dvar: 0.000110082626634
        dvar2: 0.000273306155577
        max: 0.0905282497406
        mean: 0.0236320700496
        min: 0.00370195065625
        var: 0.000264955102466
    spectral_kurtosis:
        dmean: 2.24921488762
        dmean2: 3.62342166901
        dvar: 8.9283914566
        dvar2: 26.4628200531
        max: 38.4484100342
        mean: 7.19019365311
        min: -0.923741102219
        var: 24.328458786
    spectral_rms:
        dmean: 0.000188476915355
        dmean2: 0.000260062312009
        dvar: 6.86520849058e-08
        dvar2: 1.03945843932e-07
        max: 0.00352645316161
        mean: 0.00178063730709
        min: 0.000123705729493
        var: 7.33419255994e-07
    spectral_rolloff:
        dmean: 403.207702637
        dmean2: 655.35369873
        dvar: 497748.3125
        dvar2: 1008758.9375
        max: 6847.55859375
        mean: 1560.25524902
        min: 258.3984375
        var: 1656995.125
    spectral_skewness:
        dmean: 0.268357098103
        dmean2: 0.410479903221
        dvar: 0.0779646486044
        dvar2: 0.20082038641
        max: 4.35530138016
        mean: 2.0672762394
        min: 0.180809035897
        var: 0.455105543137
    spectral_spread:
        dmean: 676651.25
        dmean2: 945865
        dvar: 1.18565843763e+12
        dvar2: 1.82183657472e+12
        max: 20689310
        mean: 4658867
        min: 1492420.25
        var: 4.26702877491e+12
    spectral_strongpeak:
        dmean: 0.174533367157
        dmean2: 0.273383170366
        dvar: 0.0480392575264
        dvar2: 0.101892851293
        max: 2.40275239944
        mean: 0.628748357296
        min: 0.00908964220434
        var: 0.32151889801
    zerocrossingrate:
        dmean: 0.00807769689709
        dmean2: 0.00871947128326
        dvar: 0.000136239061248
        dvar2: 0.000126624945551
        max: 0.24072265625
        mean: 0.0539834648371
        min: 0.0107421875
        var: 0.0010773447575
    barkbands:
        dmean: [8.26944823729e-09, 6.21351000518e-06, 1.16039909699e-05, 1.72375202965e-05, 0.000294067198411, 0.000278708641417, 0.000131853754283, 7.89660552982e-05, 0.000136146438308, 0.000110035325633, 4.08257110394e-05, 4.12347944803e-05, 4.55270819657e-05, 2.05378073588e-05, 2.83685785689e-05, 2.01240163733e-05, 3.32973249897e-05, 2.66529332293e-05, 6.06171524851e-05, 4.04260899813e-05, 2.3836384571e-05, 4.21166851083e-06, 1.05265598904e-06, 1.78130142103e-06, 7.80177970228e-07, 2.90965118666e-08, 1.65914382233e-09]
        dmean2: [1.04963211456e-08, 9.29148336581e-06, 1.61871084856e-05, 2.63051297225e-05, 0.000407620362239, 0.000383603939554, 0.000179453476449, 0.000100163735624, 0.000188726509805, 0.000142883785884, 5.54907346668e-05, 5.42802554264e-05, 6.36140248389e-05, 3.0609764508e-05, 4.37722264905e-05, 3.27454108628e-05, 4.51311134384e-05, 4.06520375691e-05, 8.73385433806e-05, 6.61952071823e-05, 3.59702753485e-05, 5.86255691815e-06, 1.41609370985e-06, 2.34272988564e-06, 1.06769800823e-06, 4.70875143321e-08, 1.81933113019e-09]
        dvar: [1.08812673024e-14, 1.9689054831e-09, 8.05663180614e-09, 2.10648298804e-09, 4.68832865863e-07, 2.95768870728e-07, 1.00151858362e-07, 5.03514208106e-08, 1.1088716434e-07, 4.02950206535e-08, 2.40710740229e-08, 1.33666286928e-08, 1.1269734479e-08, 2.9967126558e-09, 1.52083750038e-08, 3.85621579113e-09, 2.38893971272e-08, 1.24963674963e-08, 1.83369870399e-08, 2.62383501592e-08, 4.98096719426e-09, 1.36967798214e-10, 1.65184498024e-11, 7.4362564717e-11, 7.67196636081e-12, 6.88590055811e-15, 8.43191282262e-16]
        dvar2: [1.07857626435e-14, 4.68737892945e-09, 1.82300929907e-08, 6.03634076057e-09, 8.94749803138e-07, 5.02891623455e-07, 1.66843790339e-07, 7.52888951183e-08, 2.16583799784e-07, 5.55021131277e-08, 3.68803156903e-08, 1.39145583944e-08, 2.30525962763e-08, 6.7171983531e-09, 3.3121892784e-08, 9.20447718045e-09, 4.62083562525e-08, 3.14420844916e-08, 3.98916313316e-08, 7.63680247928e-08, 1.21075656168e-08, 2.52292742253e-10, 2.53115341187e-11, 1.35360639364e-10, 1.28404170976e-11, 1.33694587722e-14, 8.19152116642e-16]
        max: [2.19339244723e-06, 0.000647273962386, 0.00174263655208, 0.000699246127624, 0.00913015659899, 0.00680584553629, 0.00527748465538, 0.00433055358008, 0.00552767887712, 0.00475270533934, 0.00310105853714, 0.00260303704999, 0.00185790483374, 0.000798028660938, 0.00165660737548, 0.000724004406948, 0.00393825769424, 0.00221452931874, 0.00162489130162, 0.00230565411039, 0.00116792996414, 0.000218552464503, 6.52767630527e-05, 0.000190866470803, 4.96172833664e-05, 1.04095602182e-06, 6.12137910139e-07]
        mean: [8.9739140563e-09, 2.48171600106e-05, 2.66923289018e-05, 4.85123237013e-05, 0.000630384834949, 0.00110272422899, 0.000391179608414, 0.000163846008945, 0.000414171488956, 0.00037435622653, 0.000114831258543, 9.96549060801e-05, 0.000112262336188, 3.90700515709e-05, 4.26713850175e-05, 3.04836794385e-05, 8.59528445289e-05, 5.36036059202e-05, 0.000124901955132, 6.7512759415e-05, 3.99847085646e-05, 7.49627452024e-06, 1.95897928279e-06, 3.12064003083e-06, 1.44878947594e-06, 4.65473597444e-08, 1.68364777675e-09]
        min: [9.39006468068e-13, 1.42273512416e-10, 4.6589332392e-09, 4.5803794535e-08, 4.60241062683e-06, 1.13495093501e-06, 7.73489375661e-07, 1.3961272316e-07, 6.53224603298e-08, 1.40905775936e-08, 2.29422436604e-08, 1.82804811288e-08, 4.34603180111e-08, 4.44665282373e-08, 2.49576803668e-08, 2.85802421729e-08, 2.63673683776e-07, 3.26973577103e-08, 5.5665623222e-08, 2.20063753886e-07, 1.97113525502e-08, 1.56243480376e-08, 6.30536867163e-09, 2.52527598832e-09, 6.83875678309e-10, 2.04809849635e-11, 8.59001455036e-13]
        var: [1.13590082842e-14, 4.4272980837e-09, 1.50526222598e-08, 4.06530631381e-09, 9.26258053369e-07, 2.88029150397e-06, 5.26140809143e-07, 2.39772987243e-07, 7.30880628907e-07, 5.66480139241e-07, 1.70401591504e-07, 7.25972313376e-08, 6.52178542282e-08, 9.76536629338e-09, 2.12944577527e-08, 5.45450351552e-09, 1.58559672059e-07, 3.06342400336e-08, 5.58549935192e-08, 2.68384638957e-08, 7.31125338049e-09, 5.14769782356e-10, 5.50380296893e-11, 1.92630592033e-10, 2.76903344004e-11, 1.61447579887e-14, 8.69007787703e-16]
    mfcc:
        mean: [-788.159423828, 132.627151489, -44.2357406616, 26.0488872528, -34.0789985657, -31.142873764, -4.28681087494, -23.6785926819, -17.3541316986, -19.6192378998, -20.5812072754, -11.5851793289, -15.045419693]
        cov: [[3211.25146484, 74.6822891235, 261.854553223, -114.01676178, 85.0548629761, -16.8407039642, 593.327087402, -71.0707321167, 351.4190979, 419.705718994, 127.678871155, 192.718078613, 73.9631347656], [74.6822891235, 1581.17553711, -248.302688599, 28.4158267975, 142.495452881, 157.506286621, 414.085632324, 164.551971436, 47.1343841553, 233.401992798, 52.5630722046, 79.4880523682, 36.3510971069], [261.854553223, -248.302688599, 675.104248047, 31.1644649506, 178.484817505, 105.669677734, -24.4653053284, 36.7504653931, 57.0218353271, 89.9799880981, 138.348526001, 104.800697327, 79.3769683838], [-114.01676178, 28.4158267975, 31.1644649506, 485.550872803, 215.095855713, -16.5332374573, -84.3113861084, 75.8892440796, 95.9644622803, 33.4847335815, 2.14900064468, 100.743118286, 84.6886672974], [85.0548629761, 142.495452881, 178.484817505, 215.095855713, 282.992980957, 97.4160308838, 7.2775812149, 104.589485168, 82.0717086792, 71.6327667236, 47.9847106934, 82.8029327393, 69.9478912354], [-16.8407039642, 157.506286621, 105.669677734, -16.5332374573, 97.4160308838, 345.497711182, 152.086776733, 148.75201416, 15.0134134293, 21.3236217499, 34.9347305298, -24.0192279816, 76.3994445801], [593.327087402, 414.085632324, -24.4653053284, -84.3113861084, 7.2775812149, 152.086776733, 448.682250977, 62.7732162476, 79.5784454346, 157.753082275, 47.8550758362, 24.7308521271, 67.2794647217], [-71.0707321167, 164.551971436, 36.7504653931, 75.8892440796, 104.589485168, 148.75201416, 62.7732162476, 213.154647827, 47.2462158203, 4.09864330292, 18.1234989166, 7.92585659027, 46.0433158875], [351.4190979, 47.1343841553, 57.0218353271, 95.9644622803, 82.0717086792, 15.0134134293, 79.5784454346, 47.2462158203, 189.892776489, 96.7772903442, 41.9948768616, 16.5295238495, 56.1504631042], [419.705718994, 233.401992798, 89.9799880981, 33.4847335815, 71.6327667236, 21.3236217499, 157.753082275, 4.09864330292, 96.7772903442, 260.360351562, 77.4553833008, 43.3729858398, 37.9602508545], [127.678871155, 52.5630722046, 138.348526001, 2.14900064468, 47.9847106934, 34.9347305298, 47.8550758362, 18.1234989166, 41.9948768616, 77.4553833008, 130.98034668, 24.7474002838, 25.5502071381], [192.718078613, 79.4880523682, 104.800697327, 100.743118286, 82.8029327393, -24.0192279816, 24.7308521271, 7.92585659027, 16.5295238495, 43.3729858398, 24.7474002838, 137.887985229, 33.0326881409], [73.9631347656, 36.3510971069, 79.3769683838, 84.6886672974, 69.9478912354, 76.3994445801, 67.2794647217, 46.0433158875, 56.1504631042, 37.9602508545, 25.5502071381, 33.0326881409, 111.242286682]]
        icov: [[0.000744138611481, 0.000339434889611, 5.13349223183e-05, 0.000464164506411, -0.00031196535565, 9.56632720772e-05, -0.000969599466771, 0.000342434475897, -0.00116182072088, -0.000447866565082, 0.000208761615795, -0.0011603620369, 0.000615341064986], [0.000339434889611, 0.00142406963278, 0.000965146231465, 0.000508812139742, -0.00107660191134, 1.27890152726e-05, -0.001168591436, -0.000519322638866, 8.50689320941e-05, -0.00101340201218, -0.000339998747222, -0.00128294806927, 0.000584741064813], [5.13349223183e-05, 0.000965146231465, 0.00352518656291, 0.00144749577157, -0.00193673325703, -0.0009062353638, 0.000689813576173, 5.03894007124e-05, -5.08327757416e-05, -0.000904302520212, -0.00227250833996, -0.00256089353934, -0.000948129803874], [0.000464164506411, 0.000508812139742, 0.00144749577157, 0.00514699192718, -0.00329625979066, 0.000760472670663, 0.000838682928588, -0.000525412731804, -0.00167773722205, -0.000712760433089, 0.000462833064375, -0.00291379005648, -0.0023165398743], [-0.00031196535565, -0.00107660191134, -0.00193673325703, -0.00329625979066, 0.00992392096668, -0.00223923730664, 0.00187413603999, -0.00138596072793, -0.00122783170082, -0.000512144179083, 0.000208745841519, -0.00148853485007, 0.000377205637051], [9.56632720772e-05, 1.27890152726e-05, -0.0009062353638, 0.000760472670663, -0.00223923730664, 0.00695926276967, -0.00224916357547, -0.00315243052319, 0.00214904616587, 0.000585850735661, -2.72045272141e-05, 0.00341505743563, -0.00299899536185], [-0.000969599466771, -0.001168591436, 0.000689813576173, 0.000838682928588, 0.00187413603999, -0.00224916357547, 0.00656953407452, -0.000421494536567, -0.000207846023841, -0.00139941636007, -0.000214198968024, -0.000624433683697, -0.00271965307184], [0.000342434475897, -0.000519322638866, 5.03894007124e-05, -0.000525412731804, -0.00138596072793, -0.00315243052319, -0.000421494536567, 0.00874480418861, -0.00238572922535, 0.00159539899323, -0.000140314950841, -0.000353915587766, 0.000775138556492], [-0.00116182072088, 8.50689320941e-05, -5.08327757416e-05, -0.00167773722205, -0.00122783170082, 0.00214904616587, -0.000207846023841, -0.00238572922535, 0.0110701099038, -0.00158718321472, -0.001277294592, 0.00438620010391, -0.00358771788888], [-0.000447866565082, -0.00101340201218, -0.000904302520212, -0.000712760433089, -0.000512144179083, 0.000585850735661, -0.00139941636007, 0.00159539899323, -0.00158718321472, 0.00783544778824, -0.00224089599214, 0.00105465925299, 0.000251427059993], [0.000208761615795, -0.000339998747222, -0.00227250833996, 0.000462833064375, 0.000208745841519, -2.72045272141e-05, -0.000214198968024, -0.000140314950841, -0.001277294592, -0.00224089599214, 0.0117233237252, -4.77615903947e-05, 4.75143096992e-05], [-0.0011603620369, -0.00128294806927, -0.00256089353934, -0.00291379005648, -0.00148853485007, 0.00341505743563, -0.000624433683697, -0.000353915587766, 0.00438620010391, 0.00105465925299, -4.77615903947e-05, 0.0151072889566, -0.0026978624519], [0.000615341064986, 0.000584741064813, -0.000948129803874, -0.0023165398743, 0.000377205637051, -0.00299899536185, -0.00271965307184, 0.000775138556492, -0.00358771788888, 0.000251427059993, 4.75143096992e-05, -0.0026978624519, 0.0164911299944]]
    spectral_contrast:
        mean: [-4.88402882581e-08, -5.7915269025e-08, -4.15586441704e-07, 8.22682721946e-08, 4.68520227059e-08, -3.30528536097e-07, -3.9990559344e-06, 2.60143087871e-06, 3.15128363582e-06, -1.81905056706e-06, 1.96445830625e-06, 1.80699100838e-06]
        var: [0.000429875042755, 0.000694053189363, 0.00183568301145, 0.00359663693234, 0.00616598175839, 0.013201170601, 0.0670095905662, 0.121952347457, 0.183195874095, 0.358197957277, 1.10223507881, 3.01366901398]

rhythm:
    beats_loudness:
        dmean: 0.0030398152303
        dmean2: 0.00504284864292
        dvar: 7.37330310585e-06
        dvar2: 2.37439908233e-05
        max: 0.0104164090008
        mean: 0.0043862038292
        min: 0.000193403117009
        var: 1.13835767479e-05
    beats_loudness_bass:
        dmean: 0.0184246283025
        dmean2: 0.0305458921939
        dvar: 0.000627279863693
        dvar2: 0.00133775512222
        max: 0.10758048296
        mean: 0.0249377116561
        min: 5.02448747284e-05
        var: 0.000909252907149
    bpm: 109.083068848
    bpm_confidence: 0
    first_peak_bpm: 192
    first_peak_spread: 0
    first_peak_weight: 0.72000002861
    onset_rate: 3.90829515457
    second_peak_bpm: 109
    second_peak_spread: 0
    second_peak_weight: 0.239999994636
    beats_position: [0.111935041845, 0.425144284964, 0.738353490829, 1.0515627861, 1.36477196217, 1.67798113823, 1.9911904335, 2.30439972878, 2.61760902405, 2.93081831932, 3.24402761459, 3.55723714828, 3.87044644356, 4.18365573883, 4.49686479568, 4.81007432938, 5.12328386307, 5.43649291992, 5.74970245361, 6.49477100372, 7.04485750198, 7.59494304657, 8.14503002167, 8.69511604309, 9.24520206451, 9.79528903961]
    bpm_estimates: [110.020271301, 107.691764832, 109.537185669]
    bpm_intervals: [0.313209235668, 0.313209205866, 0.313209295273, 0.313209176064, 0.313209176064, 0.313209295273, 0.313209295273, 0.313209295273, 0.313209295273, 0.313209295273, 0.313209533691, 0.313209295273, 0.313209295273, 0.313209056854, 0.313209533691, 0.313209533691, 0.313209056854, 0.313209533691, 0.74506855011, 0.55008649826, 0.550085544586, 0.550086975098, 0.550086021423, 0.550086021423, 0.550086975098]
    onset_times: [0.0464399084449, 0.208979591727, 0.359909296036, 0.557278931141, 0.766258478165, 0.99845802784, 1.10294783115, 1.32353746891, 1.52090704441, 1.82276642323, 2.02013611794, 2.53097510338, 2.71673464775, 2.89088439941, 3.07664394379, 3.40172338486, 3.50621318817, 3.55265307426, 3.72680282593, 4.27247142792, 4.72526073456, 5.06195020676, 5.61922883987, 6.3042178154, 6.53641700745, 6.93115663528, 7.0936961174, 7.37233543396, 7.91800451279, 8.01088428497, 8.25469398499, 8.47528362274, 8.51011371613, 8.75392246246, 8.99773216248, 9.35764217377, 9.50857162476, 9.82204055786, 9.90331077576]
    rubato_start: [7.04485750198]
    rubato_stop: [9.79528903961]
    perceptual_tempo: "unknown"

sfx:
    inharmonicity:
        dmean: 0.0326493643224
        dmean2: 0.0594703629613
        dvar: 0.00290326634422
        dvar2: 0.00786531623453
        max: 0.364350527525
        mean: 0.0313246063888
        min: 2.67512405117e-05
        var: 0.00271465280093
    oddtoevenharmonicenergyratio:
        dmean: 6.83175945282
        dmean2: 12.7796821594
        dvar: 992.980285645
        dvar2: 2839.29736328
        max: 318.539581299
        mean: 4.25048351288
        min: 0.000519237248227
        var: 568.792541504
    pitch_after_max_to_before_max_energy_ratio: 3.92351484299
    pitch_centroid: 210.112335205
    pitch_max_to_total: 0.111627906561
    pitch_min_to_total: 0.618604660034
    tristimulus:
        dmean: [0.193645372987, 0.208271786571, 0.0645422264934]
        dmean2: [0.338248729706, 0.356920212507, 0.112379834056]
        dvar: [0.0463820546865, 0.0485595948994, 0.0102086104453]
        dvar2: [0.124152891338, 0.137075096369, 0.0313809961081]
        max: [0.953851163387, 0.991452217102, 0.702731013298]
        mean: [0.444123804569, 0.451218694448, 0.0783438384533]
        min: [0.000394201284507, 0, 0]
        var: [0.0660639405251, 0.0603163726628, 0.0104192066938]

tonal:
    chords_changes_rate: 0.0416666679084
    chords_number_rate: 0.0185185186565
    chords_strength:
        dmean: 0.00934122130275
        dmean2: 0.00832349155098
        dvar: 7.43363852962e-05
        dvar2: 7.90140693425e-05
        max: 0.718845665455
        mean: 0.573282063007
        min: 0.237689137459
        var: 0.0121201863512
    key_strength: 0.790982186794
    tuning_diatonic_strength: 0.638456404209
    tuning_equal_tempered_deviation: 0.0281039811671
    tuning_frequency: 440.508575439
    tuning_nontempered_energy_ratio: 0.667508125305
    hpcp:
        dmean: [0.177607193589, 0.175888583064, 0.0725968033075, 0.0472448393703, 0.039935298264, 0.0514379963279, 0.0870966911316, 0.10767364502, 0.0781820639968, 0.0511241443455, 0.0915066897869, 0.139239892364, 0.162424504757, 0.123237557709, 0.096067070961, 0.0962831825018, 0.0602189227939, 0.0382384061813, 0.0324767194688, 0.0319239534438, 0.09092643857, 0.116795577109, 0.137210503221, 0.0636676773429, 0.0456099174917, 0.0515619143844, 0.0947469547391, 0.0862434059381, 0.0944771021605, 0.0523943714797, 0.0322700217366, 0.0393059402704, 0.049921464175, 0.0639317259192, 0.0930805131793, 0.177850469947]
        dmean2: [0.293415516615, 0.285968840122, 0.129768788815, 0.0877752900124, 0.0705524086952, 0.0874657779932, 0.137606352568, 0.180536478758, 0.140645235777, 0.0939528122544, 0.172289162874, 0.234871029854, 0.265778660774, 0.219886794686, 0.159742623568, 0.150801166892, 0.104220636189, 0.0693118721247, 0.0598584264517, 0.0558866821229, 0.149929597974, 0.191282600164, 0.221470087767, 0.114849545062, 0.0838861092925, 0.0964593589306, 0.156609043479, 0.137776881456, 0.15296408534, 0.0918919816613, 0.0533799268305, 0.0678350031376, 0.0844206213951, 0.116500578821, 0.165424972773, 0.298999637365]
        dvar: [0.0469678416848, 0.0534656271338, 0.0178741142154, 0.0242405980825, 0.0199709888548, 0.0150544801727, 0.0362512618303, 0.0454153753817, 0.0383753404021, 0.016483573243, 0.0407712459564, 0.0556889995933, 0.0608603470027, 0.0405018441379, 0.0316878370941, 0.0309671796858, 0.0171363390982, 0.0125518077984, 0.0137531450018, 0.00458973273635, 0.019879559055, 0.0308705195785, 0.0368981733918, 0.0225197542459, 0.0245594028383, 0.0174486059695, 0.0310573130846, 0.0296347998083, 0.0331444106996, 0.0183116886765, 0.00998583436012, 0.0164272636175, 0.0173594616354, 0.028352111578, 0.0347236506641, 0.0656804889441]
        dvar2: [0.104138679802, 0.124510675669, 0.0492998324335, 0.0661699920893, 0.0498922616243, 0.0339385978878, 0.060779094696, 0.111928768456, 0.104987040162, 0.0477546602488, 0.123459085822, 0.152491107583, 0.163072109222, 0.122527316213, 0.0767309740186, 0.0640706494451, 0.0491998046637, 0.0355501584709, 0.0388600900769, 0.0113358367234, 0.0432995669544, 0.0667577832937, 0.0956564843655, 0.0559845194221, 0.0713656097651, 0.0486137904227, 0.0644978657365, 0.0549806505442, 0.0769016966224, 0.0459564439952, 0.0199034102261, 0.0317716300488, 0.0409727543592, 0.0837620869279, 0.10236915946, 0.168916374445]
        max: [1, 1, 0.776737928391, 1, 1, 1, 1, 1, 1, 1, 1, 1, 1, 1, 1, 1, 1, 0.825116634369, 1, 0.431072950363, 1, 1, 1, 0.954252541065, 1, 0.991249024868, 1, 1, 1, 1, 1, 1, 1, 1, 1, 1]
        mean: [0.423466950655, 0.268118917942, 0.0631356537342, 0.0348547026515, 0.0316584706306, 0.0715105757117, 0.141731157899, 0.122034154832, 0.0588275939226, 0.0400840491056, 0.0806987211108, 0.198068872094, 0.217493638396, 0.115508928895, 0.112575680017, 0.129177957773, 0.0667710378766, 0.0328474789858, 0.0258822608739, 0.0267644654959, 0.146403685212, 0.298555642366, 0.207318291068, 0.0533481352031, 0.0285545494407, 0.0415414609015, 0.167101964355, 0.245579436421, 0.138009428978, 0.0496003143489, 0.0386169701815, 0.0424945876002, 0.0529667325318, 0.0557226613164, 0.0754126235843, 0.250813037157]
        min: [0.00134589115623, 0.000368614884792, 0.000140406933497, 6.46215121378e-05, 3.15066172334e-05, 0.000159626841196, 0.000216601649299, 0.000558387720957, 0.000107651743747, 0.000111859451863, 0.00034937550663, 5.28585478605e-05, 0, 0, 0.00033914213418, 0.000297416147077, 0.000261803623289, 0.000147301136167, 5.60037224204e-05, 8.52093944559e-05, 0.000253151491052, 0.000251161603956, 0.000514754967298, 4.06185099564e-05, 4.17596602347e-05, 5.04523595737e-05, 0.000533507205546, 0.000616839155555, 0.000751803861931, 0.000266452465439, 0.000152460983372, 0.000156783979037, 0.000415065529523, 0, 0, 0.000386696279747]
        var: [0.126763090491, 0.0766607895494, 0.0134919844568, 0.0144563661888, 0.0137606365606, 0.0245636086911, 0.0683250501752, 0.0551717281342, 0.0286687761545, 0.0109975161031, 0.0297909379005, 0.0822827666998, 0.0909380316734, 0.0344678722322, 0.0411025062203, 0.0531967245042, 0.0181574802846, 0.00969293899834, 0.00948092341423, 0.00458402838558, 0.038223490119, 0.120224565268, 0.0654383227229, 0.0191371999681, 0.0151365082711, 0.0131628029048, 0.0727243721485, 0.131179705262, 0.0575823001564, 0.0176601819694, 0.0148141020909, 0.0232155285776, 0.0198325067759, 0.0187604650855, 0.0263828318566, 0.0776076242328]
    chords_histogram: [55.555557251, 0, 0, 0, 0, 0, 0, 0, 0, 0.462962955236, 0, 0, 0, 0, 0, 0, 0, 0.462962955236, 0, 0, 2.31481480598, 0, 28.2407398224, 12.9629631042]
    thpcp: [1, 0.633151948452, 0.149092286825, 0.0823079645634, 0.0747601911426, 0.168869316578, 0.334692358971, 0.28817871213, 0.138918966055, 0.0946568548679, 0.190566748381, 0.467731595039, 0.513602375984, 0.272769629955, 0.265842884779, 0.305048495531, 0.157677099109, 0.077567987144, 0.0611199066043, 0.0632032006979, 0.345726341009, 0.705027043819, 0.489573717117, 0.125979453325, 0.0674304068089, 0.0980984717607, 0.394604504108, 0.579925835133, 0.325903654099, 0.117129124701, 0.0911924093962, 0.100349240005, 0.125078782439, 0.131586804986, 0.178083851933, 0.592284798622]
    chords_key: "A"
    chords_scale: "major"
    key_key: "A"
    key_scale: "major"
    chords_progression: ["G", "G", "G", "G", "G", "Fm", "A", "A", "F#m", "F#m", "F#m", "F#m", "F#m", "F#m", "F#m", "F#m", "F#m", "F#m", "F#m", "F#m", "F#m", "F#m", "F#m", "A", "A", "A", "A", "A", "A", "A", "A", "A", "A", "A", "A", "A", "A", "A", "A", "A", "A", "A", "A", "A", "A", "A", "A", "A", "A", "A", "A", "A", "A", "A", "A", "A", "A", "A", "A", "A", "A", "A", "A", "A", "A", "A", "Am", "A", "A", "A", "A", "A", "A", "A", "A", "A", "D", "D", "D", "D", "D", "D", "D", "D", "D", "D", "D", "D", "D", "D", "D", "D", "D", "D", "D", "D", "D", "D", "D", "D", "D", "D", "D", "D", "D", "D", "D", "D", "D", "D", "D", "D", "D", "D", "D", "D", "D", "D", "D", "D", "D", "D", "D", "D", "D", "D", "D", "D", "D", "D", "D", "D", "D", "D", "D", "D", "D", "A", "A", "A", "A", "A", "A", "A", "A", "A", "A", "A", "A", "A", "A", "A", "A", "A", "A", "A", "A", "A", "A", "A", "A", "A", "A", "A", "A", "A", "A", "A", "A", "A", "A", "A", "A", "A", "A", "A", "A", "A", "A", "A", "A", "A", "A", "A", "A", "A", "A", "A", "A", "A", "A", "A", "A", "A", "A", "A", "A", "A", "A", "A", "A", "A", "A", "F#m", "F#m", "F#m", "F#m", "F#m", "F#m", "F#m", "F#m", "F#m", "F#m", "F#m", "F#m", "F#m"]
