
metadata:
    version:
        essentia: "1.2.2"
    audio_properties:
        analysis_sample_rate: 44100
        bitrate: 128
        channels: 2
        equal_loudness: 1
        length: 10.0048980713
        replay_gain: -3.60032844543
        downmix: "mix"
    tags:
        track: 1
        year: 0
        album: "Splitted by Mp3Splt v. 2.1"
        artist: "From 000.00 To 000.10"
        comment: "http://mp3splt.sf.net"
        genre: ""
        title: "07 [Untitled Track].mp3"

highlevel:
    ballroom:
        all:
            ChaChaCha: 0.105955451727
            Jive: 0.567768990993
            Quickstep: 0.206683605909
            Rumba-American: 0.00119236879982
            Rumba-International: 0.00081500277156
            Rumba-Misc: 0.00075101305265
            Samba: 0.100861772895
            Tango: 0.00372574548237
            VienneseWaltz: 0.00743970647454
            Waltz: 0.00480636628345
        probability: 0.567768990993
        value: "Jive"
    culture:
        all:
            non_western: 0.353749245405
            western: 0.646250784397
        probability: 0.646250784397
        value: "western"
    gender:
        all:
            female: 0.378898322582
            male: 0.621101677418
        probability: 0.621101677418
        value: "male"
    genre_dortmund:
        all:
            alternative: 0.0372295230627
            blues: 0.0115747684613
            electronic: 0.0870075896382
            folkcountry: 0.0327148772776
            funksoulrnb: 0.0476951263845
            jazz: 0.0191425103694
            pop: 0.0327194556594
            raphiphop: 0.399037927389
            rock: 0.3328782022
        probability: 0.399037927389
        value: "raphiphop"
    genre_electronica:
        all:
            ambient: 0.334542870522
            dnb: 0.501043140888
            house: 0.0928312167525
            techno: 0.0350731573999
            trance: 0.0365096516907
        probability: 0.501043140888
        value: "dnb"
    genre_rosamerica:
        all:
            cla: 0.198877349496
            dan: 0.0282221324742
            hip: 0.4523024261
            jaz: 0.0118061425164
            pop: 0.0825156569481
            rhy: 0.039250459522
            roc: 0.172272011638
            spe: 0.0147538390011
        probability: 0.4523024261
        value: "hip"
    genre_tzanetakis:
        all:
            blu: 0.0029457770288
            cla: 0.0133760338649
            cou: 0.0161390323192
            dis: 0.468335807323
            hip: 0.0323263444006
            jaz: 0.00743025960401
            met: 0.0413305461407
            pop: 0.238430514932
            reg: 0.0510470494628
            roc: 0.128638625145
        probability: 0.468335807323
        value: "dis"
    live_studio:
        all:
            live: 0.379302233458
            studio: 0.620697796345
        probability: 0.620697796345
        value: "studio"
    mood:
        all:
            Cluster1: 0.191477805376
            Cluster2: 0.209022849798
            Cluster3: 0.0239673424512
            Cluster4: 0.0822305604815
            Cluster5: 0.493301451206
        probability: 0.493301451206
        value: "Cluster5"
    mood_acoustic:
        all:
            acoustic: 0.0606059283018
            not_acoustic: 0.939394056797
        probability: 0.939394056797
        value: "not_acoustic"
    mood_aggressive:
        all:
            aggressive: 0.90530115366
            not_aggressive: 0.0946988239884
        probability: 0.90530115366
        value: "aggressive"
    mood_electronic:
        all:
            electronic: 0.570490300655
            not_electronic: 0.429509699345
        probability: 0.570490300655
        value: "electronic"
    mood_happy:
        all:
            happy: 0.246354028583
            not_happy: 0.753645956516
        probability: 0.753645956516
        value: "not_happy"
    mood_party:
        all:
            not_party: 0.19669508934
            party: 0.80330491066
        probability: 0.80330491066
        value: "party"
    mood_relaxed:
        all:
            not_relaxed: 0.861128270626
            relaxed: 0.138871759176
        probability: 0.861128270626
        value: "not_relaxed"
    mood_sad:
        all:
            not_sad: 0.957403898239
            sad: 0.0425961054862
        probability: 0.957403898239
        value: "not_sad"
    rhythm:
        all:
            fast: 0.336002826691
            medium: 0.660973608494
            slow: 0.00302356574684
        probability: 0.660973608494
        value: "medium"
    speech_music:
        all:
            music: 0.0732322633266
            speech: 0.926767766476
        probability: 0.926767766476
        value: "speech"
    timbre:
        all:
            bright: 0.773662447929
            dark: 0.226337522268
        probability: 0.773662447929
        value: "bright"
    voice_instrumental:
        all:
            instrumental: 0.000318981881719
            voice: 0.999680995941
        probability: 0.999680995941
        value: "voice"

lowlevel:
    average_loudness: 0.958293914795
    barkbands_kurtosis:
        dmean: 1.01467239857
        dmean2: 1.65119731426
        dvar: 1.86784565449
        dvar2: 4.16807079315
        max: 12.5704231262
        mean: -0.141975343227
        min: -1.85261297226
        var: 4.4535369873
    barkbands_skewness:
        dmean: 0.483272701502
        dmean2: 0.67635011673
        dvar: 0.172313019633
        dvar2: 0.341599017382
        max: 2.81341505051
        mean: 0.39703732729
        min: -1.93049943447
        var: 0.850694000721
    barkbands_spread:
        dmean: 5.56283140182
        dmean2: 8.8517742157
        dvar: 25.9184913635
        dvar2: 51.8409767151
        max: 52.7350730896
        mean: 26.2608165741
        min: 6.34461355209
        var: 87.6616973877
    dissonance:
        dmean: 0.0209146849811
        dmean2: 0.0345108993351
        dvar: 0.000472018989967
        dvar2: 0.00122916512191
        max: 0.499983876944
        mean: 0.467969477177
        min: 0.302266597748
        var: 0.000727620907128
    hfc:
        dmean: 2.34529137611
        dmean2: 3.40846467018
        dvar: 33.1685714722
        dvar2: 84.4618148804
        max: 60.2201538086
        mean: 4.08264112473
        min: 0.0443806499243
        var: 42.4884300232
    pitch:
        dmean: 844.250488281
        dmean2: 1622.45117188
        dvar: 1815761.625
        dvar2: 3681233.75
        max: 4410
        mean: 1637.43737793
        min: 79.6028900146
        var: 2858737.75
    pitch_instantaneous_confidence:
        dmean: 0.0931173041463
        dmean2: 0.142740860581
        dvar: 0.00667534163222
        dvar2: 0.0160826761276
        max: 0.722040712833
        mean: 0.360181689262
        min: 0.121273875237
        var: 0.0212246738374
    pitch_salience:
        dmean: 0.0634024217725
        dmean2: 0.103469759226
        dvar: 0.00318332435563
        dvar2: 0.00756278447807
        max: 0.850774288177
        mean: 0.701131880283
        min: 0.459207087755
        var: 0.00677635427564
    silence_rate_20dB:
        dmean: 0
        dmean2: 0
        dvar: 0
        dvar2: 0
        max: 1
        mean: 1
        min: 1
        var: 0
    silence_rate_30dB:
        dmean: 0
        dmean2: 0
        dvar: 0
        dvar2: 0
        max: 1
        mean: 1
        min: 1
        var: 0
    silence_rate_60dB:
        dmean: 0.0928074270487
        dmean2: 0.186046510935
        dvar: 0.0841944217682
        dvar2: 0.16073590517
        max: 1
        mean: 0.798611104488
        min: 0
        var: 0.160831615329
    spectral_centroid:
        dmean: 304.179992676
        dmean2: 411.586730957
        dvar: 76814.8984375
        dvar2: 156926.171875
        max: 3688.87695312
        mean: 1595.3717041
        min: 533.129638672
        var: 363468.40625
    spectral_complexity:
        dmean: 4.0372095108
        dmean2: 5.44289064407
        dvar: 28.5381374359
        dvar2: 44.5451583862
        max: 52
        mean: 9.34338760376
        min: 0
        var: 107.965644836
    spectral_crest:
        dmean: 1.97384822369
        dmean2: 3.26826190948
        dvar: 3.53362703323
        dvar2: 8.92849159241
        max: 16.5406284332
        mean: 6.82917976379
        min: 2.55176234245
        var: 8.20896816254
    spectral_decrease:
        dmean: 3.42666922615e-10
        dmean2: 5.08241448927e-10
        dvar: 5.41208610061e-19
        dvar2: 1.33411825096e-18
        max: -3.27788902792e-12
        mean: -5.6895022027e-10
        min: -6.74646827292e-09
        var: 7.30343095229e-19
    spectral_energy:
        dmean: 0.00150115997531
        dmean2: 0.0022155654151
        dvar: 1.06169700302e-05
        dvar2: 2.63436777459e-05
        max: 0.0295286942273
        mean: 0.00251765502617
        min: 1.63968452398e-05
        var: 1.42792523548e-05
    spectral_energyband_high:
        dmean: 0.000109792308649
        dmean2: 0.000168431230122
        dvar: 8.60934648017e-08
        dvar2: 2.16789885599e-07
        max: 0.00332761812024
        mean: 0.000183088573976
        min: 2.44011994255e-06
        var: 1.03437670873e-07
    spectral_energyband_low:
        dmean: 3.43612518918e-05
        dmean2: 5.27505762875e-05
        dvar: 9.73647207303e-09
        dvar2: 1.85982056422e-08
        max: 0.00152161403093
        mean: 3.9625181671e-05
        min: 1.12602336344e-08
        var: 1.80506827263e-08
    spectral_energyband_middle_high:
        dmean: 0.000814810628071
        dmean2: 0.00114266388118
        dvar: 3.40153769685e-06
        dvar2: 7.91441379988e-06
        max: 0.017468849197
        mean: 0.00134599162266
        min: 7.87193130236e-06
        var: 5.3939238569e-06
    spectral_energyband_middle_low:
        dmean: 0.000644482555799
        dmean2: 0.00107195659075
        dvar: 1.90402874978e-06
        dvar2: 5.1375154726e-06
        max: 0.0126577978954
        mean: 0.000948950124439
        min: 4.14437181462e-06
        var: 1.87357932191e-06
    spectral_flatness_db:
        dmean: 0.0164329484105
        dmean2: 0.026379417628
        dvar: 0.000183262221981
        dvar2: 0.000426522950875
        max: 0.289851486683
        mean: 0.190917238593
        min: 0.0820258259773
        var: 0.0010957447812
    spectral_flux:
        dmean: 0.0102099133655
        dmean2: 0.0156923066825
        dvar: 0.000296345038805
        dvar2: 0.000662627804559
        max: 0.152669787407
        mean: 0.0303112473339
        min: 0.00404930161312
        var: 0.00048767530825
    spectral_kurtosis:
        dmean: 1.93715906143
        dmean2: 3.2596218586
        dvar: 4.67135953903
        dvar2: 12.4021873474
        max: 21.7276477814
        mean: 3.71023869514
        min: -0.587288379669
        var: 8.31015396118
    spectral_rms:
        dmean: 0.000390871660784
        dmean2: 0.000557233812287
        dvar: 3.25888379393e-07
        dvar2: 7.4603815392e-07
        max: 0.00536735355854
        mean: 0.00133746338543
        min: 0.000126478946186
        var: 6.67440247071e-07
    spectral_rolloff:
        dmean: 501.573394775
        dmean2: 803.856262207
        dvar: 444069.25
        dvar2: 958720.375
        max: 5060.30273438
        mean: 2979.17529297
        min: 667.529296875
        var: 1221190.875
    spectral_skewness:
        dmean: 0.28440913558
        dmean2: 0.434377968311
        dvar: 0.0677683576941
        dvar2: 0.142180860043
        max: 3.42135548592
        mean: 1.15099287033
        min: -0.0877129286528
        var: 0.278189361095
    spectral_spread:
        dmean: 370968.03125
        dmean2: 530053.625
        dvar: 166313656320
        dvar2: 330039394304
        max: 9325981
        mean: 3398585
        min: 1503994.25
        var: 1.10379073536e+12
    spectral_strongpeak:
        dmean: 0.258073329926
        dmean2: 0.440796852112
        dvar: 0.118882611394
        dvar2: 0.299583524466
        max: 2.51938796043
        mean: 0.335223734379
        min: 0.0121333152056
        var: 0.143045753241
    zerocrossingrate:
        dmean: 0.0110419690609
        dmean2: 0.0121376020834
        dvar: 0.000101229124994
        dvar2: 0.000112703768536
        max: 0.18701171875
        mean: 0.0926794037223
        min: 0.0263671875
        var: 0.000724250741769
    barkbands:
        dmean: [2.00540721806e-08, 9.23357310967e-06, 2.9675931728e-05, 2.30489531532e-05, 0.000117327777843, 0.000122852099594, 0.000129893160192, 0.000148224746226, 0.000240330031374, 0.000166302357684, 0.000130251253722, 0.000102916368633, 6.58485296299e-05, 7.2520597314e-05, 5.57776438654e-05, 7.54800712457e-05, 0.000105795457785, 0.000146635662531, 0.0001002275676, 9.45794963627e-05, 4.84662305098e-05, 1.09909851744e-05, 5.4376882872e-06, 1.15252930755e-06, 4.78502556689e-07, 2.13464907972e-08, 1.29773886082e-10]
        dmean2: [2.84955987695e-08, 1.36760190799e-05, 4.91353421239e-05, 3.86483188777e-05, 0.0002011286997, 0.000198002031539, 0.000213651772356, 0.000256175757386, 0.000416417227825, 0.000278416991932, 0.000205773016205, 0.000151439366164, 0.000110540495371, 0.000108401472971, 9.20471575228e-05, 0.000119118099974, 0.000175303488504, 0.000256995786913, 0.000154523251695, 0.000143375451444, 7.70334809204e-05, 1.68021488207e-05, 7.67425080994e-06, 1.75060370111e-06, 6.93320316714e-07, 3.24208571101e-08, 2.26962240668e-10]
        dvar: [8.36951243479e-16, 9.37664945688e-10, 7.82704745461e-09, 2.91010571196e-09, 1.02293839177e-07, 5.22271434988e-08, 9.63000061915e-08, 7.09760641371e-08, 2.15234862821e-07, 1.20669085391e-07, 1.26171016746e-07, 7.03661129364e-08, 3.04581959654e-08, 3.42185764168e-08, 1.45809062602e-08, 2.57137848791e-08, 7.71588730686e-08, 2.87691960921e-07, 5.37227116126e-08, 2.66180375519e-08, 2.15504130097e-08, 1.5479668658e-09, 2.46839859663e-09, 4.76098986624e-11, 1.08205154906e-11, 2.94145506292e-14, 3.80766616348e-19]
        dvar2: [2.02658710092e-15, 1.59486224227e-09, 1.75586460927e-08, 7.63128849002e-09, 2.82077905922e-07, 1.42998075603e-07, 2.29441425859e-07, 1.91453949583e-07, 6.0642310018e-07, 2.93903127613e-07, 3.00874233972e-07, 1.40050175901e-07, 7.92713947817e-08, 8.59500417505e-08, 3.7463266267e-08, 5.85255648389e-08, 2.04638595847e-07, 8.34191837384e-07, 1.30691347522e-07, 6.29062313351e-08, 5.89781450344e-08, 3.74522812763e-09, 4.95849095117e-09, 1.14077289282e-10, 2.58557446287e-11, 6.12351423908e-14, 1.00799154111e-18]
        max: [2.78091874861e-07, 0.000642217346467, 0.00104387465399, 0.000587302842177, 0.00351865543053, 0.00274810334668, 0.00311959488317, 0.00205163075589, 0.00380509253591, 0.00364553183317, 0.00380950630642, 0.00266237417236, 0.00185620645061, 0.00176279817242, 0.00171897560358, 0.00193532579578, 0.00294223753735, 0.00691447919235, 0.00270468392409, 0.00187824782915, 0.00184382637963, 0.000399540585931, 0.000967366388068, 0.000128886953462, 5.9844696807e-05, 3.22836308442e-06, 1.01604475944e-08]
        mean: [4.09691800485e-08, 1.29327154355e-05, 2.66536080744e-05, 2.35850620811e-05, 0.000144207981066, 0.000193369531189, 0.000128167492221, 0.000166500758496, 0.000272303383099, 0.00020260050951, 0.000127727456857, 0.000130058164359, 8.3989732957e-05, 8.61010194058e-05, 6.59118959447e-05, 0.000107081199531, 0.000136594448122, 0.000189713202417, 0.000160895200679, 0.000169817707501, 6.58989665681e-05, 1.34660094773e-05, 8.0129611888e-06, 1.41837313095e-06, 5.7897437955e-07, 2.99609119736e-08, 1.12636774907e-10]
        min: [1.07297171148e-10, 4.02085387208e-09, 2.80489742543e-09, 5.86966208971e-08, 3.40918916208e-07, 1.21537595987e-06, 6.22354491497e-07, 3.87265828294e-07, 9.56226017479e-07, 1.00523823221e-06, 5.00136025039e-07, 2.13539081528e-07, 2.53766870628e-07, 1.73219874e-07, 9.20933729276e-08, 3.71283761069e-07, 3.35723086664e-07, 1.97329455887e-07, 1.26717475268e-06, 2.42088458435e-06, 7.51144796141e-07, 5.8821957083e-08, 5.1151944902e-09, 1.01224340021e-09, 3.16391253474e-11, 7.12253932049e-13, 6.63427629212e-15]
        var: [3.41169603385e-15, 2.74040701242e-09, 8.98960816897e-09, 2.67163202672e-09, 7.34315719342e-08, 5.97792535473e-08, 9.36155757358e-08, 7.77898279125e-08, 2.02911309088e-07, 1.38780421821e-07, 1.26283580926e-07, 1.07439248609e-07, 3.76432751636e-08, 4.38831939675e-08, 2.06935393265e-08, 4.42248122567e-08, 8.05204152243e-08, 2.07308943345e-07, 6.42804494078e-08, 4.66346747885e-08, 1.8263969892e-08, 2.0088273267e-09, 4.21042045673e-09, 6.41203271035e-11, 1.37763611283e-11, 4.8027042548e-14, 3.1619229654e-19]
    mfcc:
        mean: [-787.563232422, 133.158538818, -77.2935333252, 53.6822166443, -50.1906929016, -24.4361400604, -7.54511404037, -12.4931964874, -4.98071670532, -9.04914283752, -14.5786075592, -8.37953853607, -11.5763225555]
        cov: [[4403.81445312, -551.571350098, -683.229492188, -883.485290527, 413.352722168, 256.73223877, 106.795051575, 63.3721885681, -32.5473365784, -40.4001541138, 170.977798462, 77.3931503296, 58.0063362122], [-551.571350098, 1012.82519531, -247.559158325, 244.655288696, -123.001083374, -5.36065006256, -15.0866556168, -22.0616855621, 83.2162780762, 88.6571502686, 34.9052047729, 67.110786438, 22.5661525726], [-683.229492188, -247.559158325, 833.887512207, 77.8813934326, -12.2654533386, 67.3888168335, 101.398483276, 44.7271156311, 61.9646568298, 53.9124984741, 2.26966071129, 11.4954252243, 11.3813276291], [-883.485290527, 244.655288696, 77.8813934326, 710.721923828, -123.511489868, 47.0011634827, 54.6185531616, 59.3509368896, 94.7948608398, 128.074920654, -31.2939605713, 50.7926979065, 4.85409498215], [413.352722168, -123.001083374, -12.2654533386, -123.511489868, 275.880004883, 16.2631969452, 57.5013084412, 35.8044929504, 22.8377914429, -4.32909011841, 27.816116333, 10.0940256119, 18.5068836212], [256.73223877, -5.36065006256, 67.3888168335, 47.0011634827, 16.2631969452, 231.733764648, 57.7330665588, 98.5684890747, 22.0501708984, 76.841217041, 33.2363548279, 35.8287887573, 36.9009628296], [106.795051575, -15.0866556168, 101.398483276, 54.6185531616, 57.5013084412, 57.7330665588, 236.942367554, -6.11309576035, 102.102905273, 39.9946136475, 24.1790790558, 38.5978279114, 14.0109643936], [63.3721885681, -22.0616855621, 44.7271156311, 59.3509368896, 35.8044929504, 98.5684890747, -6.11309576035, 153.587585449, -12.2815294266, 71.1657714844, 3.87303304672, 22.8379001617, 21.6681137085], [-32.5473365784, 83.2162780762, 61.9646568298, 94.7948608398, 22.8377914429, 22.0501708984, 102.102905273, -12.2815294266, 124.380950928, 32.9917526245, 41.8348083496, 22.3845882416, 23.4485645294], [-40.4001541138, 88.6571502686, 53.9124984741, 128.074920654, -4.32909011841, 76.841217041, 39.9946136475, 71.1657714844, 32.9917526245, 138.104522705, 5.97320318222, 56.5011024475, 17.1544456482], [170.977798462, 34.9052047729, 2.26966071129, -31.2939605713, 27.816116333, 33.2363548279, 24.1790790558, 3.87303304672, 41.8348083496, 5.97320318222, 89.5332565308, 8.69694328308, 38.3362083435], [77.3931503296, 67.110786438, 11.4954252243, 50.7926979065, 10.0940256119, 35.8287887573, 38.5978279114, 22.8379001617, 22.3845882416, 56.5011024475, 8.69694328308, 83.265335083, 16.4161510468], [58.0063362122, 22.5661525726, 11.3813276291, 4.85409498215, 18.5068836212, 36.9009628296, 14.0109643936, 21.6681137085, 23.4485645294, 17.1544456482, 38.3362083435, 16.4161510468, 73.0503845215]]
        icov: [[0.000615520169958, 0.000417226052377, 0.000677713658661, 0.000663536426146, -0.000243318485445, -0.0007121845847, -9.5511226391e-05, -2.06329623325e-05, -0.000382163008908, -0.000123149802675, -0.000640269776341, -0.000837513420265, 0.000354320422048], [0.000417226052377, 0.00175622547977, 0.00097638607258, 0.000230269928579, 0.000408584834076, -0.000335411692504, 0.000475758512039, 0.000288711045869, -0.00142259662971, -0.000800935376901, -0.000815759587567, -0.00131496565882, 0.000216120010009], [0.000677713658661, 0.00097638607258, 0.00225805677474, 0.000722912780475, 0.000178106725798, -0.00083380099386, -0.000380193290766, -0.000347430963302, -0.00135145394597, -0.000585608591791, -0.000498482317198, -0.000812788377516, 0.000328011927195], [0.000663536426146, 0.000230269928579, 0.000722912780475, 0.00301742460579, 0.000761909876019, -0.000571594166104, 5.10851350555e-05, -0.000997809693217, -0.00271433475427, -0.00124688795768, 0.000986446160823, -0.000930772628635, 0.000326302542817], [-0.000243318485445, 0.000408584834076, 0.000178106725798, 0.000761909876019, 0.00518031883985, 0.00110721681267, -0.0010622551199, -0.00239160633646, -0.00143951212522, 0.000561957946047, -0.000197935689357, -0.000435870053479, -0.000438025424955], [-0.0007121845847, -0.000335411692504, -0.00083380099386, -0.000571594166104, 0.00110721681267, 0.00819378811866, -0.0017895771889, -0.00393710844219, 0.00131895847153, -0.00147862080485, -0.00131394341588, 0.000752330350224, -0.00162714277394], [-9.5511226391e-05, 0.000475758512039, -0.000380193290766, 5.10851350555e-05, -0.0010622551199, -0.0017895771889, 0.00811991281807, 0.00168293912429, -0.00644173333421, -0.000308458926156, 0.0016173098702, -0.00199373415671, 0.000840712047648], [-2.06329623325e-05, 0.000288711045869, -0.000347430963302, -0.000997809693217, -0.00239160633646, -0.00393710844219, 0.00168293912429, 0.012912556529, 0.00317214103416, -0.00514426222071, 0.000263052177615, 0.00105000496842, -0.00169476575684], [-0.000382163008908, -0.00142259662971, -0.00135145394597, -0.00271433475427, -0.00143951212522, 0.00131895847153, -0.00644173333421, 0.00317214103416, 0.0199752412736, -0.00175594910979, -0.00670945364982, 0.00194195378572, -0.00178800977301], [-0.000123149802675, -0.000800935376901, -0.000585608591791, -0.00124688795768, 0.000561957946047, -0.00147862080485, -0.000308458926156, -0.00514426222071, -0.00175594910979, 0.0157288778573, 0.000985597143881, -0.0066919378005, 0.000565525086131], [-0.000640269776341, -0.000815759587567, -0.000498482317198, 0.000986446160823, -0.000197935689357, -0.00131394341588, 0.0016173098702, 0.000263052177615, -0.00670945364982, 0.000985597143881, 0.0192743502557, 0.00105441897176, -0.00733155524358], [-0.000837513420265, -0.00131496565882, -0.000812788377516, -0.000930772628635, -0.000435870053479, 0.000752330350224, -0.00199373415671, 0.00105000496842, 0.00194195378572, -0.0066919378005, 0.00105441897176, 0.0193734616041, -0.00289784604684], [0.000354320422048, 0.000216120010009, 0.000328011927195, 0.000326302542817, -0.000438025424955, -0.00162714277394, 0.000840712047648, -0.00169476575684, -0.00178800977301, 0.000565525086131, -0.00733155524358, -0.00289784604684, 0.0194825306535]]
    spectral_contrast:
        mean: [2.38591439938e-07, -3.98113400024e-08, 5.53175354412e-08, 1.16698394947e-07, -1.24049577721e-07, -3.86479428016e-07, 2.96363691632e-06, 9.67296273302e-07, 7.97263965069e-07, 1.06002232769e-06, -6.0351430875e-07, 4.34795822457e-07]
        var: [0.000494068139233, 0.000669864297379, 0.00115931453183, 0.00127186183818, 0.0024410430342, 0.00313815521076, 0.0646545737982, 0.0991015434265, 0.23575155437, 0.620981633663, 0.882587134838, 2.90199255943]

rhythm:
    beats_loudness:
        dmean: 0.00273899990134
        dmean2: 0.00455390848219
        dvar: 8.84792916622e-06
        dvar2: 2.17172873818e-05
        max: 0.0122448932379
        mean: 0.00342484237626
        min: 0.000556111335754
        var: 9.61548812484e-06
    beats_loudness_bass:
        dmean: 0.0861322060227
        dmean2: 0.166652947664
        dvar: 0.0103712696582
        dvar2: 0.0364818386734
        max: 0.259267956018
        mean: 0.0503439120948
        min: 0.000241404166445
        var: 0.00742408959195
    bpm: 178.670394897
    bpm_confidence: 0
    first_peak_bpm: 179
    first_peak_spread: 0
    first_peak_weight: 0.964285731316
    onset_rate: 4.69769906998
    second_peak_bpm: 135
    second_peak_spread: 0
    second_peak_weight: 0.0357142873108
    beats_position: [0.218002557755, 0.553478360176, 0.888954162598, 1.22442996502, 1.55990576744, 1.89538156986, 2.23085737228, 2.56633329391, 2.90180897713, 3.23728489876, 3.57276082039, 3.9082365036, 4.24371242523, 4.57918834686, 4.91466379166, 5.25013971329, 5.58561563492, 5.92109155655, 6.36622714996, 6.70228004456, 7.03833389282, 7.37438774109, 7.71044063568, 8.04649353027, 8.38254737854, 8.71860122681, 9.0546541214, 9.39070701599, 9.72676086426]
    bpm_estimates: [179.249938965, 178.965255737, 178.848999023, 178.492721558, 178.674133301, 179.094741821, 178.629882812, 178.85496521, 178.866958618, 177.917663574, 179.307495117, 178.919586182, 177.963653564, 178.760757446, 178.39616394, 178.329376221, 178.124557495]
    bpm_intervals: [0.335475802422, 0.335475802422, 0.335475802422, 0.335475802422, 0.335475802422, 0.335475802422, 0.335475921631, 0.335475683212, 0.335475921631, 0.335475921631, 0.335475683212, 0.335475921631, 0.335475921631, 0.335475444794, 0.335475921631, 0.335475921631, 0.335475921631, 0.445135593414, 0.336052894592, 0.336053848267, 0.336053848267, 0.336052894592, 0.336052894592, 0.336053848267, 0.336053848267, 0.336052894592, 0.336052894592, 0.336053848267]
    onset_times: [0.0464399084449, 0.452789127827, 0.777868509293, 1.13777780533, 1.2190476656, 1.47446715832, 1.55573701859, 1.69505667686, 1.90403628349, 2.14784574509, 2.34521532059, 2.57741498947, 2.71673464775, 3.00698423386, 3.25079369545, 3.35528349876, 3.50621318817, 3.59909296036, 3.72680282593, 4.07510185242, 4.26086187363, 4.36535167694, 4.80653047562, 5.05034017563, 5.14321994781, 5.47990942001, 5.73532867432, 5.83981847763, 5.93269824982, 6.1648979187, 6.26938772202, 6.5015873909, 6.59446716309, 6.8382768631, 6.93115663528, 7.17496585846, 7.2910656929, 7.51165533066, 7.65097522736, 7.85995483398, 7.95283460617, 8.38240337372, 8.71909332275, 9.06739234924, 9.31120204926, 9.50857162476, 9.74077129364]
    rubato_start: []
    rubato_stop: []
    perceptual_tempo: "unknown"

sfx:
    inharmonicity:
        dmean: 0.0637702867389
        dmean2: 0.113634452224
        dvar: 0.0041326014325
        dvar2: 0.0118202520534
        max: 0.34539359808
        mean: 0.0714654549956
        min: 0
        var: 0.00450469367206
    oddtoevenharmonicenergyratio:
        dmean: 6.28777599335
        dmean2: 12.2906141281
        dvar: 1844.47119141
        dvar2: 5513.60888672
        max: 566.239685059
        mean: 3.64993548393
        min: 0
        var: 933.716064453
    pitch_after_max_to_before_max_energy_ratio: 0.273500919342
    pitch_centroid: 236.760879517
    pitch_max_to_total: 0.821345686913
    pitch_min_to_total: 0.122969835997
    tristimulus:
        dmean: [0.195239901543, 0.281928241253, 0.167668610811]
        dmean2: [0.339976549149, 0.485110223293, 0.289196401834]
        dvar: [0.0323900990188, 0.0522208176553, 0.0212443619967]
        dvar2: [0.0961358472705, 0.150504916906, 0.0572739616036]
        max: [1, 0.985386013985, 0.898228406906]
        mean: [0.271524339914, 0.489690274, 0.177909478545]
        min: [0.00163633015472, 0, 0]
        var: [0.0381146855652, 0.0671433061361, 0.031463496387]

tonal:
    chords_changes_rate: 0.0460829511285
    chords_number_rate: 0.0276497695595
    chords_strength:
        dmean: 0.00975126679987
        dmean2: 0.00912924110889
        dvar: 5.0179885875e-05
        dvar2: 4.48420032626e-05
        max: 0.762499272823
        mean: 0.560676634312
        min: 0.331438720226
        var: 0.0100016985089
    key_strength: 0.597888529301
    tuning_diatonic_strength: 0.541504025459
    tuning_equal_tempered_deviation: 0.103912547231
    tuning_frequency: 440.254241943
    tuning_nontempered_energy_ratio: 0.810811340809
    hpcp:
        dmean: [0.214679434896, 0.206850454211, 0.176649570465, 0.213513821363, 0.194396957755, 0.174025788903, 0.143655031919, 0.140366449952, 0.155129536986, 0.178613692522, 0.161739528179, 0.115028761327, 0.163567125797, 0.187605842948, 0.191319659352, 0.172913134098, 0.202873051167, 0.145511895418, 0.123556606472, 0.122354902327, 0.141928449273, 0.16670678556, 0.161507740617, 0.189564213157, 0.175017625093, 0.202900722623, 0.213471859694, 0.185655608773, 0.133814960718, 0.154535889626, 0.179718598723, 0.1818947047, 0.16849988699, 0.155034705997, 0.148068070412, 0.179295316339]
        dmean2: [0.364428400993, 0.363691300154, 0.301945745945, 0.357802718878, 0.336747258902, 0.309201180935, 0.233460962772, 0.218571826816, 0.246274888515, 0.288609176874, 0.253672152758, 0.179070457816, 0.271394610405, 0.304427921772, 0.310007929802, 0.294724792242, 0.334600925446, 0.233751431108, 0.213962480426, 0.212278783321, 0.225924775004, 0.270843535662, 0.259335637093, 0.313018918037, 0.277662605047, 0.343123078346, 0.348445028067, 0.303081095219, 0.202222064137, 0.242768332362, 0.306289672852, 0.294320851564, 0.280018091202, 0.269929111004, 0.260683327913, 0.293062388897]
        dvar: [0.0309605523944, 0.0386457666755, 0.0258716866374, 0.033478140831, 0.0334811918437, 0.0347561500967, 0.0197987444699, 0.0186709631234, 0.0215370766819, 0.0286659840494, 0.0219040904194, 0.0106898704544, 0.0323521159589, 0.0272617600858, 0.0272675510496, 0.0274579655379, 0.0314019061625, 0.0161929391325, 0.0179223436862, 0.023116255179, 0.0247931145132, 0.0318872742355, 0.0222910195589, 0.0295854527503, 0.0334538184106, 0.035778503865, 0.0396591201425, 0.0366508066654, 0.0201448891312, 0.0181104615331, 0.0307919420302, 0.0312731042504, 0.0328653305769, 0.032509919256, 0.0244683008641, 0.0246730092913]
        dvar2: [0.0876420810819, 0.105423770845, 0.06189519912, 0.0827859118581, 0.0836556255817, 0.0836472809315, 0.0520920082927, 0.0505725629628, 0.0556014366448, 0.0684271678329, 0.05670485273, 0.0251808743924, 0.072445563972, 0.0671943202615, 0.0644821971655, 0.0684958994389, 0.0806143507361, 0.0418507941067, 0.0477726794779, 0.0619795061648, 0.066108033061, 0.0765669345856, 0.0573234818876, 0.0744779482484, 0.0756780579686, 0.0898054912686, 0.0961402729154, 0.084192879498, 0.0495735108852, 0.0440925247967, 0.0692897588015, 0.0772456377745, 0.0698502361774, 0.07504209131, 0.0589518658817, 0.0725344866514]
        max: [1, 1, 1, 1, 1, 1, 0.997465252876, 1, 0.985580503941, 1, 1, 0.854403674603, 1, 1, 1, 1, 1, 1, 0.760708093643, 1, 1, 1, 1, 1, 1, 1, 1, 1, 1, 0.863261163235, 1, 1, 1, 1, 0.943316578865, 0.922495007515]
        mean: [0.339134216309, 0.307443797588, 0.277010053396, 0.327288508415, 0.30013769865, 0.239010766149, 0.223045736551, 0.233770728111, 0.284805446863, 0.347206503153, 0.301024019718, 0.214469224215, 0.241332143545, 0.279336869717, 0.38361120224, 0.495846748352, 0.40386685729, 0.2420129776, 0.16412833333, 0.150995969772, 0.234259396791, 0.318804591894, 0.285549402237, 0.326256990433, 0.438681066036, 0.370630919933, 0.310324430466, 0.285389959812, 0.202221781015, 0.230709701777, 0.327221602201, 0.319904744625, 0.255689024925, 0.229718446732, 0.227801531553, 0.28104647994]
        min: [0.00869695749134, 0.0185706634074, 0.0172294322401, 0.0154565991834, 0.00504465494305, 0.00409429240972, 0.00723314238712, 0.00783025007695, 0.00995268393308, 0.0104041686282, 0.00830197520554, 0.00556262675673, 0.00409532990307, 0.00900626834482, 0.0154454745352, 0.0159514974803, 0.0111640626565, 0.00728115206584, 0.00488580437377, 0.00608702842146, 0.00227310927585, 0.00122731528245, 0.000285794289084, 0.0142127135769, 0.0178040191531, 0.0160915665329, 0.00803597364575, 0.00372645515017, 0.00601018033922, 0.000970463617705, 0.00184403976891, 0.0056057870388, 0.00298100430518, 0.00643762294203, 0.00454973382875, 0.0121465073898]
        var: [0.0566571243107, 0.0525191612542, 0.0375939719379, 0.0573242418468, 0.0447718389332, 0.0437767133117, 0.0362319052219, 0.0364453531802, 0.0485854782164, 0.0896433889866, 0.0652478858829, 0.0271627511829, 0.0500615015626, 0.0498803295195, 0.0769583880901, 0.119630485773, 0.0766563937068, 0.0331236869097, 0.0251292176545, 0.0294505022466, 0.054122980684, 0.0964284986258, 0.0583605729043, 0.0602474175394, 0.116056188941, 0.0754855796695, 0.0768702924252, 0.0712723881006, 0.0352003052831, 0.0339232310653, 0.0632936730981, 0.0591757409275, 0.0556582584977, 0.0488938651979, 0.0360095389187, 0.0439971089363]
    chords_histogram: [2.7649769783, 0, 14.2857141495, 8.29493045807, 0, 0.460829496384, 0, 0, 0, 5.0691242218, 0, 0, 0, 0, 0, 0, 0, 0, 0, 0, 0.460829496384, 0, 36.8663597107, 31.7972354889]
    thpcp: [1, 0.814499378204, 0.488080203533, 0.331006169319, 0.30452144146, 0.472443133593, 0.642949819565, 0.57588237524, 0.657979488373, 0.884710967541, 0.747470736504, 0.625847458839, 0.575560808182, 0.407831221819, 0.46528428793, 0.659924864769, 0.645168602467, 0.515661418438, 0.463285177946, 0.459419220686, 0.566801071167, 0.683949649334, 0.620037913322, 0.558660626411, 0.660059809685, 0.605303347111, 0.48202547431, 0.449827969074, 0.471457630396, 0.574382007122, 0.700229465961, 0.607090830803, 0.432531267405, 0.486707121134, 0.56335324049, 0.773648738861]
    chords_key: "G"
    chords_scale: "minor"
    key_key: "D"
    key_scale: "minor"
    chords_progression: ["Gm", "Gm", "G", "Gm", "Gm", "Gm", "Gm", "Gm", "Gm", "Gm", "Gm", "Gm", "Gm", "Gm", "Gm", "Gm", "Gm", "Gm", "Gm", "Gm", "Gm", "Gm", "Gm", "Gm", "Gm", "Gm", "Gm", "Gm", "Gm", "Gm", "Gm", "Gm", "Gm", "Gm", "Gm", "Gm", "Gm", "Gm", "Gm", "Gm", "Gm", "Gm", "Gm", "Gm", "Gm", "A#", "A#", "A#", "A#", "A#", "A#", "A#", "A#", "A#", "A#", "A#", "A#", "A#", "A#", "A#", "A#", "A#", "A#", "A#", "A#", "A#", "A#", "A#", "A#", "A#", "A#", "A#", "A#", "A#", "A#", "A#", "A#", "A#", "A#", "A#", "A#", "A#", "A#", "A#", "A#", "A#", "A#", "A#", "A#", "A#", "A#", "A#", "A#", "A#", "A#", "A#", "A#", "A#", "A#", "A#", "A#", "A", "A", "A", "A", "A", "A", "A", "A", "A", "A", "A", "Am", "Am", "Am", "Am", "Am", "Am", "Am", "Am", "Am", "Am", "Am", "Am", "Am", "Am", "Am", "Am", "Am", "Am", "Am", "Am", "Am", "Am", "Am", "Am", "Am", "Am", "Am", "Am", "Am", "Am", "Am", "C", "C", "C", "C", "C", "C", "C", "C", "C", "C", "C", "C", "C", "C", "C", "C", "C", "C", "Cm", "Gm", "Gm", "Gm", "Gm", "Gm", "Gm", "Gm", "Gm", "Gm", "Gm", "Gm", "Gm", "Gm", "Gm", "Gm", "Gm", "Gm", "Gm", "Gm", "Gm", "Gm", "Gm", "Gm", "Gm", "Gm", "Gm", "Gm", "Gm", "Gm", "Gm", "Gm", "Gm", "Gm", "Gm", "Gm", "Gm", "Dm", "Dm", "Dm", "Dm", "Dm", "Dm", "A#", "A#", "A#", "A#", "A#", "A#", "A#", "A#", "A#", "A#", "A#", "A#", "A#"]
