
metadata:
    version:
        essentia: "1.2.2"
    audio_properties:
        analysis_sample_rate: 44100
        bitrate: 128
        channels: 2
        equal_loudness: 1
        length: 9.95265293121
        replay_gain: -8.79692649841
        downmix: "mix"
    tags:
        track: 27
        year: 0
        album: "Splitted by Mp3Splt v. 2.1"
        artist: "From 004.20 To 004.30"
        comment: "http://mp3splt.sf.net"
        genre: ""
        title: "02 The Mark of the Devil.mp3"

highlevel:
    ballroom:
        all:
            ChaChaCha: 0.0657847225666
            Jive: 0.082866102457
            Quickstep: 0.128402799368
            Rumba-American: 0.0144923282787
            Rumba-International: 0.0246695782989
            Rumba-Misc: 0.0386188812554
            Samba: 0.0379937849939
            Tango: 0.392551511526
            VienneseWaltz: 0.172489717603
            Waltz: 0.0421305857599
        probability: 0.392551511526
        value: "Tango"
    culture:
        all:
            non_western: 0.235418766737
            western: 0.764581203461
        probability: 0.764581203461
        value: "western"
    gender:
        all:
            female: 0.592426240444
            male: 0.407573759556
        probability: 0.592426240444
        value: "female"
    genre_dortmund:
        all:
            alternative: 0.212584346533
            blues: 0.0624082460999
            electronic: 0.00997073855251
            folkcountry: 0.104314737022
            funksoulrnb: 0.0145783377811
            jazz: 0.182724952698
            pop: 0.0778282135725
            raphiphop: 0.0216330755502
            rock: 0.313957333565
        probability: 0.313957333565
        value: "rock"
    genre_electronica:
        all:
            ambient: 0.49105861783
            dnb: 0.189332082868
            house: 0.0359585694969
            techno: 0.0132272588089
            trance: 0.270423442125
        probability: 0.49105861783
        value: "ambient"
    genre_rosamerica:
        all:
            cla: 0.120200827718
            dan: 0.0492574945092
            hip: 0.0192044451833
            jaz: 0.122650757432
            pop: 0.510157465935
            rhy: 0.0575704500079
            roc: 0.116835296154
            spe: 0.00412326212972
        probability: 0.510157465935
        value: "pop"
    genre_tzanetakis:
        all:
            blu: 0.025798054412
            cla: 0.213223129511
            cou: 0.119386985898
            dis: 0.0474256873131
            hip: 0.0100108468905
            jaz: 0.320277482271
            met: 0.0216874051839
            pop: 0.0255381371826
            reg: 0.0578144304454
            roc: 0.158837839961
        probability: 0.320277482271
        value: "jaz"
    live_studio:
        all:
            live: 0.185258179903
            studio: 0.814741849899
        probability: 0.814741849899
        value: "studio"
    mood:
        all:
            Cluster1: 0.0700087621808
            Cluster2: 0.337509989738
            Cluster3: 0.302338153124
            Cluster4: 0.161997124553
            Cluster5: 0.128145962954
        probability: 0.337509989738
        value: "Cluster2"
    mood_acoustic:
        all:
            acoustic: 0.0250469949096
            not_acoustic: 0.974952995777
        probability: 0.974952995777
        value: "not_acoustic"
    mood_aggressive:
        all:
            aggressive: 0.311672180891
            not_aggressive: 0.688327848911
        probability: 0.688327848911
        value: "not_aggressive"
    mood_electronic:
        all:
            electronic: 0.81284058094
            not_electronic: 0.187159389257
        probability: 0.81284058094
        value: "electronic"
    mood_happy:
        all:
            happy: 0.701619744301
            not_happy: 0.298380285501
        probability: 0.701619744301
        value: "happy"
    mood_party:
        all:
            not_party: 0.903842747211
            party: 0.0961572304368
        probability: 0.903842747211
        value: "not_party"
    mood_relaxed:
        all:
            not_relaxed: 0.203792244196
            relaxed: 0.796207726002
        probability: 0.796207726002
        value: "relaxed"
    mood_sad:
        all:
            not_sad: 0.486911565065
            sad: 0.513088405132
        probability: 0.513088405132
        value: "sad"
    rhythm:
        all:
            fast: 0.687772393227
            medium: 0.126409754157
            slow: 0.185817837715
        probability: 0.687772393227
        value: "fast"
    speech_music:
        all:
            music: 0.999980807304
            speech: 1.91750186787e-05
        probability: 0.999980807304
        value: "music"
    timbre:
        all:
            bright: 0.848904371262
            dark: 0.151095598936
        probability: 0.848904371262
        value: "bright"
    voice_instrumental:
        all:
            instrumental: 0.948739409447
            voice: 0.0512605644763
        probability: 0.948739409447
        value: "instrumental"

lowlevel:
    average_loudness: 0.979821205139
    barkbands_kurtosis:
        dmean: 0.491206616163
        dmean2: 0.770076274872
        dvar: 0.369532138109
        dvar2: 0.883222520351
        max: 5.8626241684
        mean: -0.932682752609
        min: -1.78112018108
        var: 0.650318086147
    barkbands_skewness:
        dmean: 0.329451113939
        dmean2: 0.50001013279
        dvar: 0.0677441060543
        dvar2: 0.15546220541
        max: 1.80591392517
        mean: 0.210396677256
        min: -2.29080414772
        var: 0.316084116697
    barkbands_spread:
        dmean: 4.49856090546
        dmean2: 6.83799314499
        dvar: 17.6080703735
        dvar2: 41.0605430603
        max: 47.9784660339
        mean: 27.33943367
        min: 9.74662590027
        var: 43.6645240784
    dissonance:
        dmean: 0.0241394117475
        dmean2: 0.0378354676068
        dvar: 0.000497830566019
        dvar2: 0.00111576204654
        max: 0.497300863266
        mean: 0.438068121672
        min: 0.20237404108
        var: 0.00106651009992
    hfc:
        dmean: 2.44588661194
        dmean2: 3.62734818459
        dvar: 7.3019156456
        dvar2: 16.5087909698
        max: 35.5322341919
        mean: 8.49102115631
        min: 2.61723653239e-06
        var: 23.0847358704
    pitch:
        dmean: 230.543075562
        dmean2: 446.630859375
        dvar: 428671.28125
        dvar2: 1090181.5
        max: 4009.09082031
        mean: 455.79385376
        min: 90.9278335571
        var: 315101.625
    pitch_instantaneous_confidence:
        dmean: 0.0866521149874
        dmean2: 0.130868405104
        dvar: 0.007244406268
        dvar2: 0.0141069982201
        max: 0.948741436005
        mean: 0.613995015621
        min: 0.252629995346
        var: 0.0276058968157
    pitch_salience:
        dmean: 0.0546679459512
        dmean2: 0.0870809778571
        dvar: 0.00271904375404
        dvar2: 0.00537480087951
        max: 0.967468738556
        mean: 0.481709480286
        min: 0.251030057669
        var: 0.00595992617309
    silence_rate_20dB:
        dmean: 0
        dmean2: 0
        dvar: 0
        dvar2: 0
        max: 1
        mean: 1
        min: 1
        var: 0
    silence_rate_30dB:
        dmean: 0
        dmean2: 0
        dvar: 0
        dvar2: 0
        max: 1
        mean: 1
        min: 1
        var: 0
    silence_rate_60dB:
        dmean: 0.0559440553188
        dmean2: 0.112149529159
        dvar: 0.0528144910932
        dvar2: 0.113590270281
        max: 1
        mean: 0.151162788272
        min: 0
        var: 0.128312408924
    spectral_centroid:
        dmean: 231.851303101
        dmean2: 360.539733887
        dvar: 38053.421875
        dvar2: 93862.3046875
        max: 3508.56518555
        mean: 1550.26184082
        min: 583.930664062
        var: 178347.796875
    spectral_complexity:
        dmean: 3.09345793724
        dmean2: 4.63700246811
        dvar: 11.5847148895
        dvar2: 20.2968158722
        max: 35
        mean: 12.4848480225
        min: 0
        var: 38.2871131897
    spectral_crest:
        dmean: 2.20717763901
        dmean2: 3.35583543777
        dvar: 3.42419981956
        dvar2: 8.43440628052
        max: 19.0316543579
        mean: 9.6908788681
        min: 3.64898538589
        var: 10.2455444336
    spectral_decrease:
        dmean: 2.43884162865e-10
        dmean2: 3.4971125995e-10
        dvar: 7.28164702161e-20
        dvar2: 1.3908532767e-19
        max: -5.20557597323e-16
        mean: -1.20230669864e-09
        min: -3.74748987397e-09
        var: 2.86428063353e-19
    spectral_energy:
        dmean: 0.00110113853589
        dmean2: 0.00158721988555
        dvar: 1.49894867718e-06
        dvar2: 2.85515534415e-06
        max: 0.017366765067
        mean: 0.00530794542283
        min: 2.20209916968e-09
        var: 5.79874085815e-06
    spectral_energyband_high:
        dmean: 0.00015832632198
        dmean2: 0.00024624823709
        dvar: 8.13104747976e-08
        dvar2: 2.06538814496e-07
        max: 0.00342742656358
        mean: 0.000279694475466
        min: 1.22748911729e-11
        var: 1.19020057809e-07
    spectral_energyband_low:
        dmean: 0.000181279086974
        dmean2: 0.00029541112599
        dvar: 7.98333132934e-08
        dvar2: 2.07277665254e-07
        max: 0.0022661681287
        mean: 0.000251521443715
        min: 6.32126226363e-11
        var: 9.486063135e-08
    spectral_energyband_middle_high:
        dmean: 0.000722770753782
        dmean2: 0.00105989491567
        dvar: 5.21748575011e-07
        dvar2: 1.20702907225e-06
        max: 0.0103528443724
        mean: 0.00226658117026
        min: 7.83307751995e-10
        var: 1.85482019788e-06
    spectral_energyband_middle_low:
        dmean: 0.000578093866352
        dmean2: 0.000853480421938
        dvar: 3.71833664303e-07
        dvar2: 8.32969817566e-07
        max: 0.00704534212127
        mean: 0.00251015066169
        min: 1.3382589481e-09
        var: 1.41057068959e-06
    spectral_flatness_db:
        dmean: 0.0194959230721
        dmean2: 0.0264532901347
        dvar: 0.000308606977342
        dvar2: 0.000513177365065
        max: 0.295281112194
        mean: 0.197222411633
        min: 0.107997000217
        var: 0.00166102638468
    spectral_flux:
        dmean: 0.00785813760012
        dmean2: 0.0113921286538
        dvar: 5.1330865972e-05
        dvar2: 0.00010590171587
        max: 0.104243695736
        mean: 0.0342981480062
        min: 4.69265287393e-05
        var: 0.000208054087125
    spectral_kurtosis:
        dmean: 1.74942839146
        dmean2: 3.03154635429
        dvar: 3.62042856216
        dvar2: 10.4214906693
        max: 19.018693924
        mean: 3.37785553932
        min: 0.242839097977
        var: 6.2815990448
    spectral_rms:
        dmean: 0.000230820587603
        dmean2: 0.000327948626364
        dvar: 5.13737461461e-08
        dvar2: 9.18990963328e-08
        max: 0.00411621015519
        mean: 0.00220437441021
        min: 1.46573859183e-06
        var: 3.19218003142e-07
    spectral_rolloff:
        dmean: 353.939239502
        dmean2: 591.734130859
        dvar: 164791.25
        dvar2: 393753.96875
        max: 5017.23632812
        mean: 2998.58740234
        min: 861.328125
        var: 455967.4375
    spectral_skewness:
        dmean: 0.236320748925
        dmean2: 0.393491864204
        dvar: 0.0509014986455
        dvar2: 0.134242281318
        max: 3.93020343781
        mean: 1.20713877678
        min: 0.572933137417
        var: 0.125829711556
    spectral_spread:
        dmean: 486705.78125
        dmean2: 656797.0625
        dvar: 580286676992
        dvar2: 877530775552
        max: 12856013
        mean: 4119954.5
        min: 2336311.25
        var: 2.03688588083e+12
    spectral_strongpeak:
        dmean: 0.551576256752
        dmean2: 0.944757759571
        dvar: 0.947078764439
        dvar2: 2.31912517548
        max: 6.80691146851
        mean: 1.3011071682
        min: 1.23854770209e-05
        var: 1.12544584274
    zerocrossingrate:
        dmean: 0.00788665469736
        dmean2: 0.00939855631441
        dvar: 4.59362854599e-05
        dvar2: 6.93086840329e-05
        max: 0.1708984375
        mean: 0.087302185595
        min: 0.0166015625
        var: 0.000392747024307
    barkbands:
        dmean: [9.82361925139e-09, 4.37711023551e-05, 0.000160691357451, 0.000176359782927, 0.000128513755044, 5.69209005334e-05, 8.95225384738e-05, 0.000281429063762, 0.000226722331718, 2.18619243242e-05, 1.66875615832e-05, 0.000194760679733, 2.3287086151e-05, 2.32724687521e-05, 2.39223136305e-05, 5.63722423976e-05, 0.000359630415915, 0.000206745986361, 0.00025569810532, 0.000142275835969, 6.62188322167e-05, 2.36118776229e-05, 5.36663537787e-06, 1.65270955677e-06, 8.53243875554e-07, 3.10581889096e-08, 2.48764120414e-10]
        dmean2: [1.49887000589e-08, 6.79773875163e-05, 0.000272530713119, 0.000295370089589, 0.000219202105654, 8.99174701772e-05, 0.000130104424898, 0.000371673027985, 0.000342099781847, 3.41070735885e-05, 2.53875477938e-05, 0.000317942060065, 3.66733729606e-05, 3.57706303475e-05, 3.85536150134e-05, 8.76341509866e-05, 0.000576106132939, 0.000327124726027, 0.000397735857405, 0.000222849732381, 0.000103381811641, 3.81091995223e-05, 7.92844912212e-06, 2.31751778301e-06, 1.25455267153e-06, 4.05900486555e-08, 4.37218677929e-10]
        dvar: [2.0347834417e-16, 6.51475451363e-09, 6.59174048678e-08, 9.88867583374e-08, 6.90082657684e-08, 4.86752016471e-09, 2.2953068779e-08, 1.31029196382e-07, 1.54085100235e-07, 1.22736931729e-09, 5.95657023705e-10, 1.51094951661e-07, 1.0100739134e-09, 1.34388866702e-09, 1.4526246872e-09, 6.78476252958e-09, 2.21708447157e-07, 6.03060428261e-08, 1.05270707706e-07, 5.2559716579e-08, 1.14115881189e-08, 1.48686840618e-09, 6.04288563633e-11, 6.97909828887e-12, 3.2568899834e-12, 4.77183295319e-15, 1.10919246201e-19]
        dvar2: [4.16468338943e-16, 1.30165984658e-08, 1.84897430699e-07, 2.51488614822e-07, 1.93358232536e-07, 1.19370664464e-08, 4.50376589356e-08, 2.56562600498e-07, 3.45682622083e-07, 3.11919623464e-09, 1.31846289442e-09, 3.79738594347e-07, 2.33703678632e-09, 3.18072346239e-09, 3.17109738468e-09, 1.51009782456e-08, 5.55477299713e-07, 1.42204442e-07, 2.66301611873e-07, 1.30291482492e-07, 2.85234769137e-08, 3.6353260402e-09, 1.45138082108e-10, 1.34290963766e-11, 7.09684004271e-12, 8.42347076287e-15, 2.95242474111e-19]
        max: [1.28350038153e-07, 0.000738075468689, 0.00201617903076, 0.00217575766146, 0.00332541298121, 0.000647300039418, 0.00174904020969, 0.00499469786882, 0.00393423018977, 0.000491803337354, 0.000308024522383, 0.00688002351671, 0.000307683745632, 0.000360596081009, 0.0003307047009, 0.000673922826536, 0.00557042751461, 0.00253797229379, 0.00266678305343, 0.00249497545883, 0.00144519703463, 0.00044978101505, 9.09960508579e-05, 3.1301548006e-05, 1.70815874299e-05, 6.63607295337e-07, 2.65819477541e-09]
        mean: [1.22902878985e-08, 4.86962635478e-05, 0.000202813389478, 0.000211045742617, 0.000229396653594, 0.000122241981444, 0.000186379591469, 0.000900804065168, 0.000852916564327, 3.70119232684e-05, 3.24993379763e-05, 0.000292941724183, 4.64405384264e-05, 3.25148939737e-05, 3.82029211323e-05, 9.48687375057e-05, 0.000680564437062, 0.000445631740149, 0.000442101503722, 0.00022914550209, 0.000122166791698, 4.31162261521e-05, 1.08833692138e-05, 3.83204360332e-06, 1.67280711594e-06, 4.74909924719e-08, 2.31777153026e-10]
        min: [1.02036755781e-11, 2.77158677953e-11, 3.01268246461e-11, 3.70053224175e-11, 1.16451306931e-10, 1.68883407259e-10, 2.27247332063e-10, 3.06358605151e-10, 4.44933506705e-10, 1.29136312754e-10, 2.3735831009e-11, 1.73368819301e-11, 1.15727861322e-11, 5.86934147118e-12, 4.17523654539e-12, 7.30740398747e-11, 2.56631466078e-10, 2.60145099906e-10, 3.24538208807e-11, 9.18944000755e-12, 3.99676949522e-12, 2.83837688596e-12, 7.29375381706e-13, 5.16355892505e-13, 5.5660754868e-13, 5.07767547626e-13, 4.12616718137e-14]
        var: [3.52491649269e-16, 7.83436870933e-09, 7.06798886085e-08, 9.39767801356e-08, 7.63890568578e-08, 1.11361382338e-08, 8.27173494145e-08, 8.53388087307e-07, 1.08883682515e-06, 1.60147028971e-09, 1.81855264181e-09, 2.68030930783e-07, 2.24145280114e-09, 1.85293091981e-09, 2.17339102271e-09, 1.49037244768e-08, 4.55329740134e-07, 1.78562586939e-07, 1.98606528556e-07, 7.52435198592e-08, 2.10999910877e-08, 2.82968826149e-09, 2.24732107923e-10, 3.62624444361e-11, 9.17175276699e-12, 1.06653458987e-14, 1.37011094736e-19]
    mfcc:
        mean: [-723.187927246, 113.517692566, -57.5873222351, 60.6190032959, -27.6757202148, -15.7654180527, -10.7558403015, 4.03671789169, -6.63893604279, -8.82413196564, 5.48017787933, 8.80546188354, -3.32253217697]
        cov: [[5030.80126953, -1182.58068848, 449.121124268, -70.5197677612, 96.0800857544, 64.1874923706, -0.60305929184, 4.90397024155, 251.080047607, 305.71282959, 3.69306778908, -56.64295578, -32.6452331543], [-1182.58068848, 1086.87097168, -450.30657959, 354.578979492, -93.8961257935, 58.9814987183, 29.6040229797, 81.7315216064, -27.8156661987, -14.8214826584, 82.7718276978, 52.8603744507, 19.3135738373], [449.121124268, -450.30657959, 433.449707031, -132.018234253, 81.4371795654, 24.863866806, 40.6138153076, -14.615111351, 30.9775428772, 25.4039516449, -37.4066162109, 13.5676107407, 30.2710094452], [-70.5197677612, 354.578979492, -132.018234253, 284.888275146, -28.9362239838, 34.9894714355, 10.9996395111, 77.521194458, 40.5505867004, 44.3218078613, 30.0718307495, 19.6425819397, 7.512155056], [96.0800857544, -93.8961257935, 81.4371795654, -28.9362239838, 124.926895142, 32.2387809753, 17.1773910522, 5.6840133667, 14.4923553467, 20.2211341858, 15.2064027786, 30.2586536407, 30.1855316162], [64.1874923706, 58.9814987183, 24.863866806, 34.9894714355, 32.2387809753, 116.459915161, 59.7686309814, 9.12309837341, -7.93783378601, 16.1629657745, 3.53121638298, 23.9489192963, 36.9560699463], [-0.60305929184, 29.6040229797, 40.6138153076, 10.9996395111, 17.1773910522, 59.7686309814, 112.217987061, 38.6391372681, 8.06018352509, 9.82228088379, -15.3943567276, 0.446681797504, 11.6847314835], [4.90397024155, 81.7315216064, -14.615111351, 77.521194458, 5.6840133667, 9.12309837341, 38.6391372681, 119.530830383, 61.6010131836, 36.3412742615, 21.3064060211, 15.9507713318, -8.92180538177], [251.080047607, -27.8156661987, 30.9775428772, 40.5505867004, 14.4923553467, -7.93783378601, 8.06018352509, 61.6010131836, 118.279724121, 73.9167327881, 14.6782751083, -11.8375692368, -32.1650733948], [305.71282959, -14.8214826584, 25.4039516449, 44.3218078613, 20.2211341858, 16.1629657745, 9.82228088379, 36.3412742615, 73.9167327881, 101.519844055, 21.9469623566, -5.22036361694, -4.95101308823], [3.69306778908, 82.7718276978, -37.4066162109, 30.0718307495, 15.2064027786, 3.53121638298, -15.3943567276, 21.3064060211, 14.6782751083, 21.9469623566, 91.8026428223, 51.4357948303, 14.6528682709], [-56.64295578, 52.8603744507, 13.5676107407, 19.6425819397, 30.2586536407, 23.9489192963, 0.446681797504, 15.9507713318, -11.8375692368, -5.22036361694, 51.4357948303, 106.486618042, 60.2216796875], [-32.6452331543, 19.3135738373, 30.2710094452, 7.512155056, 30.1855316162, 36.9560699463, 11.6847314835, -8.92180538177, -32.1650733948, -4.95101308823, 14.6528682709, 60.2216796875, 101.551185608]]
        icov: [[0.000404957070714, 0.000732787593734, 0.000213543287828, -0.000525040668435, 0.000289017654723, -0.000437715585576, -0.000100125631434, 0.000340599741321, -0.000274674152024, -0.000776731700171, -0.000285238522338, -6.34871030343e-05, 3.47640198015e-05], [0.000732787593734, 0.00416988460347, 0.00248520518653, -0.0034111244604, 0.00117624143604, -0.00134170323145, -0.00158831919543, 0.000835319689941, -0.000271448749118, -0.000361103215255, -0.00174493214581, -0.000660678895656, -0.000111189387098], [0.000213543287828, 0.00248520518653, 0.00528285093606, -0.000398000149289, -0.000652202521451, -0.000730247644242, -0.00192341266666, 0.000874796067365, -0.00166192010511, -0.000482594245113, 0.0011576008983, -0.00177755684126, -0.000854354933836], [-0.000525040668435, -0.0034111244604, -0.000398000149289, 0.00872816704214, 0.000544218579307, -0.00133066205308, 0.00266947713681, -0.00387449003756, -0.000376998883439, -0.00159096147399, 0.00197636033408, -3.44670734194e-05, -0.000833829340991], [0.000289017654723, 0.00117624143604, -0.000652202521451, 0.000544218579307, 0.0113416835666, -0.00287387194112, -0.000171165534994, 4.77801841043e-05, -0.00160460593179, -0.00120581989177, -0.00167161831632, -0.001486174413, -0.00172265444417], [-0.000437715585576, -0.00134170323145, -0.000730247644242, -0.00133066205308, -0.00287387194112, 0.0162000562996, -0.00797333754599, 0.00243812566623, 0.00283826165833, -0.00257124053314, 0.00054033449851, -0.00133053795435, -0.00199431041256], [-0.000100125631434, -0.00158831919543, -0.00192341266666, 0.00266947713681, -0.000171165534994, -0.00797333754599, 0.0169137343764, -0.00725527945906, 0.00111301848665, 0.000218210567255, 0.00329287303612, 0.00207463675179, -0.000327544723405], [0.000340599741321, 0.000835319689941, 0.000874796067365, -0.00387449003756, 4.77801841043e-05, 0.00243812566623, -0.00725527945906, 0.0173591580242, -0.00814607646316, 0.000808858196251, -0.0015800629044, -0.00356322922744, 0.00123521557543], [-0.000274674152024, -0.000271448749118, -0.00166192010511, -0.000376998883439, -0.00160460593179, 0.00283826165833, 0.00111301848665, -0.00814607646316, 0.0239281505346, -0.0132137313485, 0.000533425947651, -0.000457838614238, 0.0062162023969], [-0.000776731700171, -0.000361103215255, -0.000482594245113, -0.00159096147399, -0.00120581989177, -0.00257124053314, 0.000218210567255, 0.000808858196251, -0.0132137313485, 0.0241272710264, -0.00524090696126, 0.00547056179494, -0.0040762941353], [-0.000285238522338, -0.00174493214581, 0.0011576008983, 0.00197636033408, -0.00167161831632, 0.00054033449851, 0.00329287303612, -0.0015800629044, 0.000533425947651, -0.00524090696126, 0.0202751848847, -0.0108991684392, 0.00298277055845], [-6.34871030343e-05, -0.000660678895656, -0.00177755684126, -3.44670734194e-05, -0.001486174413, -0.00133053795435, 0.00207463675179, -0.00356322922744, -0.000457838614238, 0.00547056179494, -0.0108991684392, 0.0227433573455, -0.0107810199261], [3.47640198015e-05, -0.000111189387098, -0.000854354933836, -0.000833829340991, -0.00172265444417, -0.00199431041256, -0.000327544723405, 0.00123521557543, 0.0062162023969, -0.0040762941353, 0.00298277055845, -0.0107810199261, 0.0193130671978]]
    spectral_contrast:
        mean: [1.09969874984e-07, -2.66909665925e-07, -2.54049155046e-07, 2.31007078355e-07, -1.56236410476e-07, -4.91842513384e-08, -1.42877479448e-06, 2.07018456422e-06, 5.78540209517e-07, -2.13409634853e-07, -1.55889074449e-06, 2.90103713496e-07]
        var: [0.000315018027322, 0.000926292908844, 0.00111925054807, 0.00234895851463, 0.00432109320536, 0.00647621881217, 0.0694262459874, 0.0949839055538, 0.124223813415, 0.426649093628, 0.79527425766, 3.3701364994]

rhythm:
    beats_loudness:
        dmean: 0.00314817694016
        dmean2: 0.0046917903237
        dvar: 1.6998134015e-05
        dvar2: 4.04116944992e-05
        max: 0.0166883841157
        mean: 0.00702716084197
        min: 0.000166713813087
        var: 1.02820704342e-05
    beats_loudness_bass:
        dmean: 0.0875715091825
        dmean2: 0.14551512897
        dvar: 0.00249563367106
        dvar2: 0.0093287229538
        max: 0.390897780657
        mean: 0.137260094285
        min: 0.0391609370708
        var: 0.00875909347087
    bpm: 70.0690460205
    bpm_confidence: 0
    first_peak_bpm: 148
    first_peak_spread: 0
    first_peak_weight: 0.5625
    onset_rate: 4.82283496857
    second_peak_bpm: 70
    second_peak_spread: 0
    second_peak_weight: 0.4375
    beats_position: [0.141714066267, 0.99801337719, 1.85431265831, 2.71061182022, 3.56691098213, 4.42321014404, 5.27950954437, 6.13883924484, 6.54450511932, 6.95017147064, 7.35583734512, 7.76150274277, 8.16716861725, 8.57283496857, 8.97850036621, 9.38416671753, 9.78983211517]
    bpm_estimates: [70.0390777588, 70.0556945801, 70.1491622925, 69.939201355, 70.162109375]
    bpm_intervals: [0.85629928112, 0.85629928112, 0.856299161911, 0.856299161911, 0.856299161911, 0.85629940033, 0.85932970047, 0.405665874481, 0.405666351318, 0.405665874481, 0.405665397644, 0.405665874481, 0.405666351318, 0.405665397644, 0.405666351318, 0.405665397644]
    onset_times: [0.0580498874187, 0.336689352989, 0.557278931141, 0.789478480816, 0.835918366909, 0.870748281479, 0.975238084793, 1.18421769142, 1.34675741196, 1.40480720997, 1.67183673382, 1.82276642323, 2.04335594177, 2.22911572456, 2.27555561066, 2.54258513451, 2.68190479279, 2.91410422325, 3.13469386101, 3.39011335373, 3.56426310539, 3.77324271202, 3.99383211136, 4.36535167694, 4.41179132462, 4.63238096237, 4.85297060013, 5.24770975113, 5.28253984451, 5.47990942001, 5.68888902664, 5.9094786644, 6.09523820877, 6.53641700745, 6.73378705978, 6.93115663528, 7.12852621078, 7.19818592072, 7.34911584854, 7.53487539291, 7.75546503067, 8.16181373596, 8.35918331146, 8.56816291809, 8.78875255585, 8.98612213135, 9.19510173798, 9.41569137573]
    rubato_start: [6.54450511932]
    rubato_stop: [6.95017147064]
    perceptual_tempo: "unknown"

sfx:
    inharmonicity:
        dmean: 0.063954025507
        dmean2: 0.115606032312
        dvar: 0.00427160318941
        dvar2: 0.0124975219369
        max: 0.384219616652
        mean: 0.0605765916407
        min: 0.000126624523546
        var: 0.00415699835867
    oddtoevenharmonicenergyratio:
        dmean: 6.14277267456
        dmean2: 10.9201402664
        dvar: 193.252441406
        dvar2: 517.73651123
        max: 138.709579468
        mean: 4.934674263
        min: 0.000873233890161
        var: 165.809967041
    pitch_after_max_to_before_max_energy_ratio: 0.89917320013
    pitch_centroid: 211.736724854
    pitch_max_to_total: 0.524475514889
    pitch_min_to_total: 0.906759917736
    tristimulus:
        dmean: [0.191284418106, 0.241783156991, 0.145227134228]
        dmean2: [0.338525593281, 0.421768248081, 0.256559729576]
        dvar: [0.0338498577476, 0.0483029931784, 0.0201248340309]
        dvar2: [0.0890287235379, 0.12889058888, 0.0554826930165]
        max: [0.92303609848, 0.982845008373, 0.751073241234]
        mean: [0.296062499285, 0.52550393343, 0.152812689543]
        min: [0.00541170919314, 0, 0]
        var: [0.0467457324266, 0.0661499723792, 0.0226414669305]

tonal:
    chords_changes_rate: 0.0232558138669
    chords_number_rate: 0.0186046510935
    chords_strength:
        dmean: 0.00969528499991
        dmean2: 0.00777611043304
        dvar: 5.19276509294e-05
        dvar2: 4.60998453491e-05
        max: 0.752965331078
        mean: 0.542240798473
        min: 0.367558389902
        var: 0.00710991024971
    key_strength: 0.60051047802
    tuning_diatonic_strength: 0.554486215115
    tuning_equal_tempered_deviation: 0.0740967541933
    tuning_frequency: 437.718536377
    tuning_nontempered_energy_ratio: 0.722603738308
    hpcp:
        dmean: [0.0863725021482, 0.0724078267813, 0.0391901992261, 0.041241556406, 0.0408637858927, 0.0319922156632, 0.0259200427681, 0.0388828925788, 0.0724107921124, 0.0912362784147, 0.0760182514787, 0.06162667647, 0.0663267299533, 0.0879888683558, 0.119178444147, 0.10298859328, 0.138473778963, 0.095186971128, 0.0637780278921, 0.0732616558671, 0.0952390879393, 0.101486198604, 0.0881313607097, 0.0983438566327, 0.0908159464598, 0.0765757709742, 0.053000330925, 0.0520990155637, 0.0414708741009, 0.0529386922717, 0.0735224336386, 0.0706077963114, 0.0452576726675, 0.0262535717338, 0.0225022081286, 0.0439434088767]
        dmean2: [0.128711178899, 0.111433543265, 0.0632161349058, 0.0586672276258, 0.0606554783881, 0.0547386966646, 0.0439613237977, 0.0679436400533, 0.1205008775, 0.147089585662, 0.11493268609, 0.104849219322, 0.104675427079, 0.151575773954, 0.19578614831, 0.153234675527, 0.222135871649, 0.151283353567, 0.112420909107, 0.132898673415, 0.156033307314, 0.167410597205, 0.14350014925, 0.155605062842, 0.144124209881, 0.111505776644, 0.0906481593847, 0.0834019258618, 0.0679109841585, 0.0884346365929, 0.116262249649, 0.104395650327, 0.0718045383692, 0.0407409965992, 0.038797095418, 0.070242151618]
        dvar: [0.0183628927916, 0.0108482083306, 0.00258526951075, 0.00439710449427, 0.00325548276305, 0.00255240965635, 0.00111001078039, 0.00377583503723, 0.00876220874488, 0.0152577459812, 0.0120770810172, 0.0121601251885, 0.0131772030145, 0.0306625701487, 0.0232994761318, 0.0235555209219, 0.025382809341, 0.0191400256008, 0.0231672041118, 0.0251217894256, 0.0262602977455, 0.0312458630651, 0.0267010740936, 0.0252629388124, 0.0335489362478, 0.0133576234803, 0.00858049280941, 0.00746734580025, 0.00550044234842, 0.00467149773613, 0.010856166482, 0.00947962701321, 0.00546183716506, 0.00214801332913, 0.00130708515644, 0.00276366597973]
        dvar2: [0.0393519997597, 0.0225050505251, 0.00557150691748, 0.00552305066958, 0.00531616387889, 0.00592591892928, 0.00288326013833, 0.0106987254694, 0.0223915819079, 0.0318392701447, 0.0228723585606, 0.0247573200613, 0.0275881383568, 0.0836913511157, 0.0524313263595, 0.0428200289607, 0.049301777035, 0.0451341718435, 0.0617484524846, 0.0713593512774, 0.0682877004147, 0.0713067278266, 0.0458819679916, 0.058087721467, 0.0749327465892, 0.0241832602769, 0.0227912887931, 0.0187394414097, 0.0148997465149, 0.0131957679987, 0.0255742743611, 0.0205622632056, 0.0103607084602, 0.00496101053432, 0.00352484220639, 0.00651952624321]
        max: [1, 1, 0.427453547716, 0.872367620468, 0.72292637825, 0.477398484945, 0.21421572566, 0.365499436855, 0.848700881004, 1, 1, 1, 1, 1, 1, 1, 1, 1, 1, 1, 1, 1, 1, 1, 1, 0.975704669952, 0.705375254154, 0.757004737854, 0.73629283905, 0.433519095182, 1, 0.85695296526, 0.78639793396, 0.474148720503, 0.245756983757, 0.406544208527]
        mean: [0.164279013872, 0.136849865317, 0.062138915062, 0.0657624155283, 0.0612732246518, 0.0434801504016, 0.0303358957171, 0.0360924974084, 0.0881833061576, 0.134581372142, 0.118986599147, 0.100531734526, 0.0899915546179, 0.0855732113123, 0.266338706017, 0.560058116913, 0.452866911888, 0.14206251502, 0.0584538914263, 0.0653681308031, 0.120710320771, 0.236939415336, 0.240528047085, 0.195801839232, 0.228797525167, 0.146523326635, 0.0741257742047, 0.0844918563962, 0.0643337666988, 0.0868850871921, 0.140554592013, 0.121375575662, 0.0589147135615, 0.0299830939621, 0.0219256971031, 0.0703781917691]
        min: [0, 0, 0, 0, 0, 0, 0, 0, 0, 0, 0.000516425468959, 0.000436617730884, 0.000625706452411, 0.00146991328802, 0.00869949534535, 0.0205934401602, 0.014521246776, 0.00239654514007, 0, 0, 0, 0.00115944293793, 0.000827295472845, 0.000217823078856, 0.000138131392305, 0.000569043389987, 0.001346380217, 0.00143293396104, 0.000875500554685, 0.00145982310642, 0.000455616129329, 0.000166102094227, 0.000435930094682, 0.000307383859763, 0, 0]
        var: [0.0565314367414, 0.0344004146755, 0.00509573286399, 0.0147001259029, 0.00870455615222, 0.00376846874133, 0.00130987819284, 0.00309208082035, 0.0150163192302, 0.035370554775, 0.0389107950032, 0.0451824553311, 0.0350812152028, 0.0295352973044, 0.056015431881, 0.153899341822, 0.109195895493, 0.0353432036936, 0.0174834299833, 0.0172691941261, 0.035503115505, 0.114952512085, 0.131314337254, 0.0632772520185, 0.130848944187, 0.0552473627031, 0.01127103623, 0.0126738129184, 0.00893696583807, 0.00965460576117, 0.0257084239274, 0.0223664864898, 0.00955482386053, 0.00272742728703, 0.00104700471275, 0.00697953207418]
    chords_histogram: [51.6279067993, 0, 0, 27.441860199, 0, 0, 0, 5.11627912521, 0, 0, 0, 0, 0, 0, 0, 0, 0, 0, 0, 0, 0, 0, 15.8139533997, 0]
    thpcp: [1, 0.808606982231, 0.253656744957, 0.104371115565, 0.116716690361, 0.215531781316, 0.423062205315, 0.429469794035, 0.349609851837, 0.408524602652, 0.261621654034, 0.132353723049, 0.150862663984, 0.11486980319, 0.155135840178, 0.250964283943, 0.216719612479, 0.105193927884, 0.0535356849432, 0.0391489677131, 0.12566229701, 0.293324947357, 0.244349405169, 0.110950835049, 0.117420695722, 0.109405115247, 0.0776350721717, 0.0541656203568, 0.0644441992044, 0.157453849912, 0.240298941731, 0.212454020977, 0.17950232327, 0.160682529211, 0.152793452144, 0.475555479527]
    chords_key: "D"
    chords_scale: "minor"
    key_key: "D"
    key_scale: "minor"
    chords_progression: ["D", "D", "D", "D", "D", "Dm", "Dm", "Dm", "Dm", "Dm", "Dm", "Dm", "Dm", "Dm", "Dm", "Dm", "Dm", "Dm", "Dm", "Dm", "Dm", "Dm", "Dm", "Dm", "Dm", "Dm", "Dm", "Dm", "Dm", "Dm", "Dm", "Dm", "Dm", "Dm", "Dm", "Dm", "Dm", "Dm", "Dm", "Dm", "Dm", "Dm", "Dm", "Dm", "Dm", "Dm", "Dm", "Dm", "Dm", "Dm", "Dm", "Dm", "Dm", "Dm", "Dm", "Dm", "Dm", "Dm", "Dm", "Dm", "Dm", "Dm", "Dm", "Dm", "Dm", "Dm", "Dm", "Dm", "Dm", "Dm", "Dm", "Dm", "D", "D", "D", "D", "D", "D", "Dm", "Dm", "Dm", "Dm", "Dm", "Dm", "Dm", "Dm", "Dm", "Dm", "Dm", "Dm", "Dm", "Dm", "Dm", "Dm", "Dm", "Dm", "Dm", "Dm", "Dm", "Dm", "Dm", "Dm", "Dm", "Dm", "Dm", "Dm", "Dm", "Dm", "Dm", "Dm", "Dm", "Dm", "Dm", "Dm", "Dm", "Dm", "Dm", "Dm", "Dm", "Dm", "Dm", "Dm", "C", "C", "C", "C", "C", "C", "C", "C", "C", "C", "C", "C", "C", "C", "C", "C", "C", "C", "C", "C", "C", "C", "C", "C", "C", "C", "C", "C", "C", "C", "C", "C", "C", "C", "C", "C", "C", "C", "C", "C", "C", "C", "C", "C", "C", "C", "C", "C", "C", "C", "C", "C", "C", "C", "C", "C", "C", "C", "C", "Gm", "Gm", "Gm", "Gm", "Gm", "Gm", "Gm", "Gm", "Gm", "Gm", "Gm", "Gm", "Gm", "Gm", "Gm", "Gm", "Gm", "Gm", "Gm", "Gm", "Gm", "Gm", "Gm", "Gm", "Gm", "Gm", "Gm", "Gm", "Gm", "Gm", "Gm", "Gm", "Gm", "Gm"]
