
metadata:
    version:
        essentia: "1.2.2"
    audio_properties:
        analysis_sample_rate: 44100
        bitrate: 128
        channels: 2
        equal_loudness: 1
        length: 10.0048980713
        replay_gain: -10.3370075226
        downmix: "mix"
    tags:
        track: 14
        year: 0
        album: "Splitted by Mp3Splt v. 2.1"
        artist: "From 002.10 To 002.20"
        comment: "http://mp3splt.sf.net"
        genre: ""
        title: "08 Ziggy [Aphex Twin Mix #1].m"

highlevel:
    ballroom:
        all:
            ChaChaCha: 0.19909606874
            Jive: 0.103492900729
            Quickstep: 0.0193972252309
            Rumba-American: 0.0113408090547
            Rumba-International: 0.21919220686
            Rumba-Misc: 0.039396148175
            Samba: 0.137559652328
            Tango: 0.0775191262364
            VienneseWaltz: 0.115978889167
            Waltz: 0.0770269557834
        probability: 0.21919220686
        value: "Rumba-International"
    culture:
        all:
            non_western: 0.566921651363
            western: 0.433078348637
        probability: 0.566921651363
        value: "non_western"
    gender:
        all:
            female: 0.634310483932
            male: 0.36568954587
        probability: 0.634310483932
        value: "female"
    genre_dortmund:
        all:
            alternative: 0.0754948779941
            blues: 0.0347806438804
            electronic: 0.597792685032
            folkcountry: 0.0846208482981
            funksoulrnb: 0.0178912337869
            jazz: 0.08158031106
            pop: 0.0213563069701
            raphiphop: 0.00979611743242
            rock: 0.0766870006919
        probability: 0.597792685032
        value: "electronic"
    genre_electronica:
        all:
            ambient: 0.141602113843
            dnb: 0.122250288725
            house: 0.426204919815
            techno: 0.065517000854
            trance: 0.244425669312
        probability: 0.426204919815
        value: "house"
    genre_rosamerica:
        all:
            cla: 0.0354005917907
            dan: 0.0839348807931
            hip: 0.018938774243
            jaz: 0.0147055415437
            pop: 0.0538885332644
            rhy: 0.147943630815
            roc: 0.638537347317
            spe: 0.00665071327239
        probability: 0.638537347317
        value: "roc"
    genre_tzanetakis:
        all:
            blu: 0.0639891400933
            cla: 0.0340932756662
            cou: 0.0737604051828
            dis: 0.110492631793
            hip: 0.0449800528586
            jaz: 0.016464298591
            met: 0.02761625126
            pop: 0.130084231496
            reg: 0.195292532444
            roc: 0.303227186203
        probability: 0.303227186203
        value: "roc"
    live_studio:
        all:
            live: 0.121558621526
            studio: 0.878441393375
        probability: 0.878441393375
        value: "studio"
    mood:
        all:
            Cluster1: 0.250702291727
            Cluster2: 0.113400548697
            Cluster3: 0.319416105747
            Cluster4: 0.0849447250366
            Cluster5: 0.231536358595
        probability: 0.319416105747
        value: "Cluster3"
    mood_acoustic:
        all:
            acoustic: 0.127217248082
            not_acoustic: 0.872782766819
        probability: 0.872782766819
        value: "not_acoustic"
    mood_aggressive:
        all:
            aggressive: 0.228243172169
            not_aggressive: 0.771756827831
        probability: 0.771756827831
        value: "not_aggressive"
    mood_electronic:
        all:
            electronic: 0.84353774786
            not_electronic: 0.156462281942
        probability: 0.84353774786
        value: "electronic"
    mood_happy:
        all:
            happy: 0.371771931648
            not_happy: 0.628228068352
        probability: 0.628228068352
        value: "not_happy"
    mood_party:
        all:
            not_party: 0.800210833549
            party: 0.199789181352
        probability: 0.800210833549
        value: "not_party"
    mood_relaxed:
        all:
            not_relaxed: 0.462833881378
            relaxed: 0.537166118622
        probability: 0.537166118622
        value: "relaxed"
    mood_sad:
        all:
            not_sad: 0.379019260406
            sad: 0.620980739594
        probability: 0.620980739594
        value: "sad"
    rhythm:
        all:
            fast: 0.67490530014
            medium: 0.283941239119
            slow: 0.0411534681916
        probability: 0.67490530014
        value: "fast"
    speech_music:
        all:
            music: 0.999966740608
            speech: 3.32794625137e-05
        probability: 0.999966740608
        value: "music"
    timbre:
        all:
            bright: 0.085707038641
            dark: 0.914292931557
        probability: 0.914292931557
        value: "dark"
    voice_instrumental:
        all:
            instrumental: 0.967656373978
            voice: 0.0323436148465
        probability: 0.967656373978
        value: "instrumental"

lowlevel:
    average_loudness: 0.982722222805
    barkbands_kurtosis:
        dmean: 1.05764555931
        dmean2: 1.7290058136
        dvar: 2.24050474167
        dvar2: 4.74111270905
        max: 10.6040315628
        mean: 0.0291226152331
        min: -1.69749474525
        var: 4.78035211563
    barkbands_skewness:
        dmean: 0.502173602581
        dmean2: 0.790125906467
        dvar: 0.18190908432
        dvar2: 0.395498782396
        max: 3.11406564713
        mean: 0.769425094128
        min: -0.752186775208
        var: 0.608682513237
    barkbands_spread:
        dmean: 5.05243015289
        dmean2: 8.05058670044
        dvar: 17.9257221222
        dvar2: 36.2511444092
        max: 54.7152671814
        mean: 29.5530471802
        min: 10.3793468475
        var: 62.2314987183
    dissonance:
        dmean: 0.0303342435509
        dmean2: 0.0515256971121
        dvar: 0.000654269242659
        dvar2: 0.00170942558907
        max: 0.497790455818
        mean: 0.441911160946
        min: 0.294981002808
        var: 0.00116702052765
    hfc:
        dmean: 1.46992886066
        dmean2: 2.58820843697
        dvar: 11.0692605972
        dvar2: 30.9352893829
        max: 24.3293418884
        mean: 3.79203295708
        min: 0.0143626164645
        var: 9.08523845673
    pitch:
        dmean: 306.634002686
        dmean2: 588.499938965
        dvar: 359311.53125
        dvar2: 969790.1875
        max: 2940
        mean: 487.72052002
        min: 82.5842666626
        var: 275980.84375
    pitch_instantaneous_confidence:
        dmean: 0.0919592231512
        dmean2: 0.143142998219
        dvar: 0.00927986111492
        dvar2: 0.0181789882481
        max: 0.953246831894
        mean: 0.590644240379
        min: 0.229121387005
        var: 0.0323538891971
    pitch_salience:
        dmean: 0.0899566188455
        dmean2: 0.144833445549
        dvar: 0.00634501269087
        dvar2: 0.0152780981734
        max: 0.805139064789
        mean: 0.513236403465
        min: 0.273383945227
        var: 0.0187224373221
    silence_rate_20dB:
        dmean: 0
        dmean2: 0
        dvar: 0
        dvar2: 0
        max: 1
        mean: 1
        min: 1
        var: 0
    silence_rate_30dB:
        dmean: 0
        dmean2: 0
        dvar: 0
        dvar2: 0
        max: 1
        mean: 1
        min: 1
        var: 0
    silence_rate_60dB:
        dmean: 0.139211133122
        dmean2: 0.279069781303
        dvar: 0.119831308722
        dvar2: 0.205841347575
        max: 1
        mean: 0.58564811945
        min: 0
        var: 0.242664352059
    spectral_centroid:
        dmean: 258.796173096
        dmean2: 402.858123779
        dvar: 48891.234375
        dvar2: 105203.078125
        max: 2301.51904297
        mean: 1168.23754883
        min: 339.46762085
        var: 174850.53125
    spectral_complexity:
        dmean: 2.23953485489
        dmean2: 3.66899776459
        dvar: 8.04261684418
        dvar2: 18.0909118652
        max: 32
        mean: 9.65197181702
        min: 0
        var: 20.454284668
    spectral_crest:
        dmean: 2.64151358604
        dmean2: 4.46349573135
        dvar: 4.95697259903
        dvar2: 15.7065210342
        max: 18.9963092804
        mean: 7.93516778946
        min: 2.6557290554
        var: 6.73530101776
    spectral_decrease:
        dmean: 3.93450633185e-10
        dmean2: 6.19556184134e-10
        dvar: 2.59017934491e-19
        dvar2: 5.8530498813e-19
        max: -3.10232200172e-12
        mean: -9.23967347077e-10
        min: -3.80705378333e-09
        var: 5.59229515187e-19
    spectral_energy:
        dmean: 0.00160129263531
        dmean2: 0.00254556816071
        dvar: 4.60312094219e-06
        dvar2: 1.08192753032e-05
        max: 0.0159952789545
        mean: 0.00383121240884
        min: 1.30115640786e-05
        var: 9.08093079488e-06
    spectral_energyband_high:
        dmean: 3.6041088606e-05
        dmean2: 5.35477702215e-05
        dvar: 1.69951708262e-09
        dvar2: 3.99570421195e-09
        max: 0.000391034700442
        mean: 0.000101039440779
        min: 8.12676148598e-07
        var: 4.45775460989e-09
    spectral_energyband_low:
        dmean: 0.000428409228334
        dmean2: 0.000746566161979
        dvar: 1.08922449726e-06
        dvar2: 2.90935486191e-06
        max: 0.00922253821045
        mean: 0.000477954628877
        min: 1.94628981376e-07
        var: 9.28425947677e-07
    spectral_energyband_middle_high:
        dmean: 0.000571352953557
        dmean2: 0.000998003175482
        dvar: 1.44308603467e-06
        dvar2: 3.97624990001e-06
        max: 0.00944252405316
        mean: 0.00123734259978
        min: 3.53465361513e-06
        var: 1.24734640394e-06
    spectral_energyband_middle_low:
        dmean: 0.00106781371869
        dmean2: 0.00174206402153
        dvar: 1.77534082013e-06
        dvar2: 4.27268423664e-06
        max: 0.0107598863542
        mean: 0.0020148572512
        min: 4.2055639824e-06
        var: 3.79644257009e-06
    spectral_flatness_db:
        dmean: 0.023026978597
        dmean2: 0.0378442257643
        dvar: 0.000441269541625
        dvar2: 0.00114075955935
        max: 0.297686815262
        mean: 0.200886100531
        min: 0.127679497004
        var: 0.00104705826379
    spectral_flux:
        dmean: 0.0110107529908
        dmean2: 0.0174189098179
        dvar: 0.000178508707904
        dvar2: 0.000332805560902
        max: 0.106898866594
        mean: 0.0362579859793
        min: 0.00360715459101
        var: 0.000414743641159
    spectral_kurtosis:
        dmean: 2.39382386208
        dmean2: 4.17658758163
        dvar: 5.01600885391
        dvar2: 15.2703313828
        max: 21.5123081207
        mean: 4.8194899559
        min: 1.06877946854
        var: 9.31616306305
    spectral_rms:
        dmean: 0.000370871945051
        dmean2: 0.000578191597015
        dvar: 1.79219142638e-07
        dvar2: 3.82044333946e-07
        max: 0.00395033555105
        mean: 0.00180599919986
        min: 0.000112668582005
        var: 4.7613414722e-07
    spectral_rolloff:
        dmean: 577.590393066
        dmean2: 999.762817383
        dvar: 471689.34375
        dvar2: 849486.375
        max: 3983.64257812
        mean: 2431.50561523
        min: 366.064453125
        var: 1247698.75
    spectral_skewness:
        dmean: 0.267143964767
        dmean2: 0.453343659639
        dvar: 0.0517860725522
        dvar2: 0.166759908199
        max: 3.06484460831
        mean: 1.60337531567
        min: 0.923038780689
        var: 0.11196937412
    spectral_spread:
        dmean: 374024.25
        dmean2: 617368.25
        dvar: 173158383616
        dvar2: 454416433152
        max: 5979517
        mean: 3563181.5
        min: 2067216.875
        var: 434317230080
    spectral_strongpeak:
        dmean: 0.309949249029
        dmean2: 0.547906398773
        dvar: 0.217250227928
        dvar2: 0.474540472031
        max: 3.37082600594
        mean: 0.375055193901
        min: 0.00400371849537
        var: 0.238668531179
    zerocrossingrate:
        dmean: 0.00844953674823
        dmean2: 0.0104917865247
        dvar: 5.02582006447e-05
        dvar2: 7.50341350795e-05
        max: 0.1220703125
        mean: 0.0747534781694
        min: 0.02734375
        var: 0.000298564787954
    barkbands:
        dmean: [5.80471407829e-07, 8.55746038724e-05, 0.000379133998649, 0.000389321212424, 0.000606244022492, 0.000230046134675, 0.000131897701067, 0.000125543476315, 6.67893255013e-05, 5.11382822879e-05, 0.000185209501069, 2.16285334318e-05, 1.40902484418e-05, 2.11453952943e-05, 0.000119596574223, 4.20644610131e-05, 0.000202892479138, 0.000138550341944, 4.64026052214e-05, 7.9149773228e-05, 2.71804747172e-05, 1.76545509021e-05, 7.41142400784e-07, 2.61625984876e-07, 6.77419293993e-08, 7.35024097143e-10, 1.90898852281e-10]
        dmean2: [7.44780038531e-07, 0.000135913593112, 0.000672658148687, 0.000661271216813, 0.00101103424095, 0.000381007412216, 0.000222859584028, 0.000222533679334, 0.000109123175207, 8.69014547789e-05, 0.000302353466395, 3.34673059115e-05, 2.24587747653e-05, 3.30590264639e-05, 0.000212281389395, 6.56034317217e-05, 0.000385767547414, 0.000226310847211, 8.53437013575e-05, 8.92269963515e-05, 4.02807636419e-05, 2.64513528236e-05, 1.22378435208e-06, 4.79733500924e-07, 1.28281513412e-07, 1.33690747361e-09, 3.5845162949e-10]
        dvar: [7.69104344014e-13, 1.55285349024e-08, 9.68737595031e-07, 3.5389021491e-07, 7.37592529276e-07, 1.08612297822e-07, 4.61695286447e-08, 6.33147294593e-08, 1.45246508154e-08, 8.9375067347e-09, 2.35899992873e-08, 2.30198904383e-09, 7.95231547279e-10, 8.71046457185e-10, 1.03213526614e-08, 2.96268898303e-09, 5.31903424417e-07, 4.63959501928e-08, 2.24571063967e-08, 3.88965260001e-09, 8.16900269651e-10, 5.14850717614e-10, 7.07624117722e-13, 2.34776662087e-13, 2.95786344636e-14, 2.15838574019e-18, 9.42331456274e-20]
        dvar2: [1.21361373642e-12, 3.92029910756e-08, 2.63450920102e-06, 9.7740610272e-07, 2.02101364266e-06, 2.75793212268e-07, 1.25007758811e-07, 1.82405855753e-07, 3.77132458595e-08, 2.36741648507e-08, 5.32047366164e-08, 4.83892925729e-09, 1.89489846036e-09, 2.12557060841e-09, 2.9954168923e-08, 7.82276998734e-09, 1.53737221353e-06, 1.32508986894e-07, 6.37181400975e-08, 4.76642370018e-09, 1.86135007407e-09, 1.02532493607e-09, 1.9487341428e-12, 6.7457058819e-13, 8.54549788679e-14, 5.85665008152e-18, 3.07658661901e-19]
        max: [1.34985448312e-05, 0.000626536027994, 0.00859507545829, 0.0038300822489, 0.00866330321878, 0.00192272965796, 0.00149822747335, 0.00212156353518, 0.00118503801059, 0.000835938495584, 0.0018159148749, 0.000482034956804, 0.000315940240398, 0.000346753542544, 0.0010197982192, 0.000571250915527, 0.00418302929029, 0.00190179469064, 0.000923544634134, 0.000588286668062, 0.000222273723921, 0.000184932912816, 7.28737222744e-06, 3.03510410049e-06, 1.103260729e-06, 1.02357118337e-08, 1.74768222116e-09]
        mean: [1.15526870559e-06, 0.000108955449832, 0.000367865111912, 0.000455675733974, 0.000827758689411, 0.000326496752677, 0.000157295056852, 0.000148160834215, 8.93730757525e-05, 6.23609157628e-05, 0.000326930370647, 3.10514587909e-05, 2.04402549571e-05, 3.40292572218e-05, 0.000216226719203, 9.35594871407e-05, 0.000122430312331, 0.000128646410303, 3.36619232257e-05, 0.000187463170732, 4.7842553613e-05, 4.24169920734e-05, 1.01093542071e-06, 3.34508087008e-07, 7.40518402154e-08, 1.00573582795e-09, 1.40767966728e-10]
        min: [5.02162131322e-11, 9.01595953451e-09, 1.18986328346e-07, 9.83891368378e-07, 8.67434664542e-07, 5.71514362946e-07, 1.59942331379e-07, 1.52645782237e-07, 6.55295906427e-08, 7.92402232719e-09, 3.59685827789e-07, 8.25429680162e-09, 4.25394333092e-08, 9.23002545505e-08, 5.5367843288e-07, 4.29094427545e-07, 3.03934264423e-08, 4.79477989757e-07, 1.83583992452e-08, 8.65992149102e-07, 1.44180134498e-08, 1.03719393962e-07, 2.05940908771e-09, 4.93394880507e-10, 1.60606042354e-10, 2.27554156074e-11, 4.25190752832e-14]
        var: [3.46393335023e-12, 2.4474349658e-08, 7.56959650516e-07, 3.9658769424e-07, 9.18322200505e-07, 1.56808127372e-07, 5.6411376903e-08, 5.25339096669e-08, 2.28684715609e-08, 1.12316520529e-08, 5.09432247497e-08, 5.03782571215e-09, 1.42776213075e-09, 1.59064572625e-09, 1.99179819305e-08, 6.7580341323e-09, 2.97172903174e-07, 3.52537590231e-08, 1.42558116423e-08, 1.93142923877e-08, 1.84717441343e-09, 1.48007484047e-09, 1.13608840217e-12, 1.89436736697e-13, 1.87873008844e-14, 1.98282740852e-18, 6.97334000521e-20]
    mfcc:
        mean: [-770.455993652, 147.736312866, -44.6180496216, 52.4033737183, -28.7540550232, 18.1214542389, -17.857667923, -10.7109022141, 2.39423298836, -11.1083927155, -17.0345096588, -30.138710022, -3.51524043083]
        cov: [[2967.07519531, 385.94631958, 224.633651733, 207.961151123, -111.374542236, -126.040710449, 117.383903503, 205.493652344, 149.905380249, 57.3593063354, 432.878692627, 491.480255127, 129.042877197], [385.94631958, 496.021331787, 11.0569906235, 145.366485596, -29.3663902283, 68.7561035156, -41.483417511, 78.6842422485, 76.3412322998, 32.6728401184, 191.404327393, 66.8815460205, 61.2171821594], [224.633651733, 11.0569906235, 462.406860352, 112.8150177, -42.8382797241, 232.905471802, 22.9815139771, 37.2664527893, 107.157516479, 20.4219474792, 69.084487915, -12.8418245316, 103.157585144], [207.961151123, 145.366485596, 112.8150177, 274.438720703, 68.989906311, 111.631134033, 43.2927017212, 144.347732544, 81.3510665894, 18.3852500916, 147.014938354, 37.4088859558, 76.5377807617], [-111.374542236, -29.3663902283, -42.8382797241, 68.989906311, 147.260803223, 26.167547226, 31.7758636475, 45.4024848938, 18.6985282898, -13.841255188, 33.6765632629, 1.19940638542, -19.1677646637], [-126.040710449, 68.7561035156, 232.905471802, 111.631134033, 26.167547226, 307.680145264, 17.2724723816, 12.3632097244, 107.536529541, 27.2179908752, 43.0149345398, -39.8125305176, 85.4804840088], [117.383903503, -41.483417511, 22.9815139771, 43.2927017212, 31.7758636475, 17.2724723816, 108.953605652, 46.8823394775, -6.4783873558, 34.2772750854, 1.57967305183, 22.4292907715, 39.624294281], [205.493652344, 78.6842422485, 37.2664527893, 144.347732544, 45.4024848938, 12.3632097244, 46.8823394775, 160.340698242, 43.0750961304, 2.11572575569, 128.625991821, 30.7154903412, 46.085144043], [149.905380249, 76.3412322998, 107.157516479, 81.3510665894, 18.6985282898, 107.536529541, -6.4783873558, 43.0750961304, 133.250076294, 1.44113099575, 81.8806838989, 49.1329536438, 26.4834747314], [57.3593063354, 32.6728401184, 20.4219474792, 18.3852500916, -13.841255188, 27.2179908752, 34.2772750854, 2.11572575569, 1.44113099575, 91.7943878174, -14.9223947525, 16.484544754, 51.2851409912], [432.878692627, 191.404327393, 69.084487915, 147.014938354, 33.6765632629, 43.0149345398, 1.57967305183, 128.625991821, 81.8806838989, -14.9223947525, 259.995544434, 63.1882171631, 29.0574226379], [491.480255127, 66.8815460205, -12.8418245316, 37.4088859558, 1.19940638542, -39.8125305176, 22.4292907715, 30.7154903412, 49.1329536438, 16.484544754, 63.1882171631, 162.674789429, 14.3664112091], [129.042877197, 61.2171821594, 103.157585144, 76.5377807617, -19.1677646637, 85.4804840088, 39.624294281, 46.085144043, 26.4834747314, 51.2851409912, 29.0574226379, 14.3664112091, 134.706420898]]
        icov: [[0.00116749631707, -0.000266699265921, -0.000838958483655, 6.89000225975e-05, 0.000807854812592, 0.000847418792546, -0.00113568361849, 0.000427642313298, 0.000428956351243, 0.000181695824722, -0.0014386693947, -0.00279622431844, -0.000173875436303], [-0.000266699265921, 0.00426700292155, 0.00174135447014, -0.00161233590916, 0.0018538600998, -0.00150457199197, 0.0025792082306, 0.000250171491643, 8.72835298651e-05, -0.00173050607555, -0.00242296047509, -8.60450018081e-05, -0.000553287100047], [-0.000838958483655, 0.00174135447014, 0.00555891403928, -0.00123991281725, 0.0026303883642, -0.003541135462, 0.000348885630956, 3.26899426e-05, -0.00173053401522, 0.00035597992246, -0.000315540790325, 0.00230034883134, -0.00100516574457], [6.89000225975e-05, -0.00161233590916, -0.00123991281725, 0.0107714515179, -0.00346689112484, -0.001948897494, 0.000584109628107, -0.00719543593004, 0.00044113540207, -0.000458784488728, -8.82318563526e-05, -0.00123719801195, -0.00123173894826], [0.000807854812592, 0.0018538600998, 0.0026303883642, -0.00346689112484, 0.0126128001139, -0.00240096542984, -0.00355454371311, -0.000572645920329, -0.000525619485416, 0.00106517190579, -0.00210159388371, -0.00169861502945, 0.00323118921369], [0.000847418792546, -0.00150457199197, -0.003541135462, -0.001948897494, -0.00240096542984, 0.0115547925234, -0.00348175223917, 0.00628767767921, -0.00699531985447, 6.01917708991e-05, -0.00109956110828, 0.00324061163701, -0.00386586994864], [-0.00113568361849, 0.0025792082306, 0.000348885630956, 0.000584109628107, -0.00355454371311, -0.00348175223917, 0.0186022836715, -0.00744363991544, 0.00495965173468, -0.0052534788847, 0.00286842905916, -0.00168460991699, -0.00131901202258], [0.000427642313298, 0.000250171491643, 3.26899426e-05, -0.00719543593004, -0.000572645920329, 0.00628767767921, -0.00744363991544, 0.0214214548469, -0.00445844512433, 0.00228411261924, -0.00705899763852, 0.00303844828159, -0.00446498161182], [0.000428956351243, 8.72835298651e-05, -0.00173053401522, 0.00044113540207, -0.000525619485416, -0.00699531985447, 0.00495965173468, -0.00445844512433, 0.0189659949392, -0.000203809278901, -0.00137129123323, -0.00852545816451, 0.00260851951316], [0.000181695824722, -0.00173050607555, 0.00035597992246, -0.000458784488728, 0.00106517190579, 6.01917708991e-05, -0.0052534788847, 0.00228411261924, -0.000203809278901, 0.0168761536479, 0.00181627436541, -0.00130229024217, -0.00516017992049], [-0.0014386693947, -0.00242296047509, -0.000315540790325, -8.82318563526e-05, -0.00210159388371, -0.00109956110828, 0.00286842905916, -0.00705899763852, -0.00137129123323, 0.00181627436541, 0.0121069550514, 0.00141174753662, 0.00155697087757], [-0.00279622431844, -8.60450018081e-05, 0.00230034883134, -0.00123719801195, -0.00169861502945, 0.00324061163701, -0.00168460991699, 0.00303844828159, -0.00852545816451, -0.00130229024217, 0.00141174753662, 0.0178269911557, -0.0012167871464], [-0.000173875436303, -0.000553287100047, -0.00100516574457, -0.00123173894826, 0.00323118921369, -0.00386586994864, -0.00131901202258, -0.00446498161182, 0.00260851951316, -0.00516017992049, 0.00155697087757, -0.0012167871464, 0.0153852775693]]
    spectral_contrast:
        mean: [-1.31474223508e-07, -2.01325576654e-07, -8.60706279582e-08, -1.84838356176e-07, 1.52347951143e-07, 1.25570807086e-07, -1.24941573176e-06, -5.39753955309e-06, -1.07582229703e-06, 3.50104687641e-06, -7.48031368403e-07, -7.49276011902e-07]
        var: [0.000866826565471, 0.000940688827541, 0.00112675770652, 0.00125428847969, 0.00227821362205, 0.00358498329297, 0.0742310509086, 0.0996131822467, 0.171471193433, 0.293371677399, 0.900504052639, 6.10930585861]

rhythm:
    beats_loudness:
        dmean: 0.00417301850393
        dmean2: 0.00725192343816
        dvar: 7.8068997027e-06
        dvar2: 1.3396448594e-05
        max: 0.0109335873276
        mean: 0.00556339463219
        min: 0.00138808356132
        var: 1.1982574506e-05
    beats_loudness_bass:
        dmean: 0.184339299798
        dmean2: 0.323650568724
        dvar: 0.0303972493857
        dvar2: 0.0489773340523
        max: 0.685918092728
        mean: 0.253832161427
        min: 0.0445511229336
        var: 0.040460087359
    bpm: 94.4017028809
    bpm_confidence: 0
    first_peak_bpm: 94
    first_peak_spread: 0
    first_peak_weight: 0.928571403027
    onset_rate: 3.49828648567
    second_peak_bpm: 60
    second_peak_spread: 0
    second_peak_weight: 0.0714285746217
    beats_position: [0.114987887442, 0.750342428684, 1.38569688797, 2.02105140686, 2.65640592575, 3.29176044464, 3.92711520195, 4.56246995926, 5.19782447815, 6.18996095657, 6.82587337494, 7.46178627014, 8.09769821167, 8.73361110687, 9.36952400208]
    bpm_estimates: [94.5087738037, 94.4140319824, 94.5308380127, 94.0660552979, 94.5390625, 94.4736785889, 94.3749771118, 94.3403320312, 94.5469055176, 94.5622329712, 94.4064331055, 94.7215194702, 94.3734436035, 94.5338287354, 94.3579559326, 94.0061798096, 94.0726776123]
    bpm_intervals: [0.63535451889, 0.635354459286, 0.63535451889, 0.63535451889, 0.63535451889, 0.635354757309, 0.635354757309, 0.63535451889, 0.992136478424, 0.635912418365, 0.635912895203, 0.635911941528, 0.635912895203, 0.635912895203]
    onset_times: [0.0464399084449, 0.267029464245, 0.441179126501, 0.743038535118, 1.06811785698, 1.39319729805, 1.70666670799, 2.03174614906, 2.34521532059, 2.50775504112, 2.82122445107, 2.99537420273, 3.29723358154, 3.62231302261, 3.94739222527, 4.26086187363, 4.58594083786, 4.8994102478, 5.06195020676, 5.3754196167, 5.54956912994, 5.86303853989, 6.17650794983, 6.5015873909, 6.81505680084, 7.16335582733, 7.46521520615, 7.61614513397, 7.92961454391, 8.103764534, 8.40562343597, 8.73070335388, 9.05578231812, 9.36925125122, 9.69433116913]
    rubato_start: []
    rubato_stop: []
    perceptual_tempo: "unknown"

sfx:
    inharmonicity:
        dmean: 0.0427003391087
        dmean2: 0.0764522626996
        dvar: 0.00215482595377
        dvar2: 0.00580177875236
        max: 0.286551266909
        mean: 0.0370447225869
        min: 0
        var: 0.00206571351737
    oddtoevenharmonicenergyratio:
        dmean: 2.41034054756
        dmean2: 4.57333374023
        dvar: 138.607528687
        dvar2: 408.047973633
        max: 136.478240967
        mean: 1.4968239069
        min: 0
        var: 73.8923797607
    pitch_after_max_to_before_max_energy_ratio: 10.537560463
    pitch_centroid: 218.186325073
    pitch_max_to_total: 0.104408353567
    pitch_min_to_total: 0.800464034081
    tristimulus:
        dmean: [0.249313175678, 0.245258882642, 0.105012446642]
        dmean2: [0.423512846231, 0.425428211689, 0.189409300685]
        dvar: [0.0466081984341, 0.0416979044676, 0.0127839166671]
        dvar2: [0.114415176213, 0.109303347766, 0.0341231077909]
        max: [1, 0.982435166836, 0.521652698517]
        mean: [0.471633285284, 0.41734033823, 0.0878294557333]
        min: [0.00689486972988, 0, 0]
        var: [0.079833060503, 0.0664858967066, 0.0136231603101]

tonal:
    chords_changes_rate: 0.0691244229674
    chords_number_rate: 0.0184331797063
    chords_strength:
        dmean: 0.00509195635095
        dmean2: 0.00519833946601
        dvar: 1.4644080693e-05
        dvar2: 1.64692792168e-05
        max: 0.59875190258
        mean: 0.490354657173
        min: 0.381753087044
        var: 0.00232051545754
    key_strength: 0.638643562794
    tuning_diatonic_strength: 0.488086670637
    tuning_equal_tempered_deviation: 0.134186446667
    tuning_frequency: 441.527557373
    tuning_nontempered_energy_ratio: 0.656777858734
    hpcp:
        dmean: [0.078447714448, 0.0727955251932, 0.110312260687, 0.121157459915, 0.148654580116, 0.178009867668, 0.159986197948, 0.199101313949, 0.201228693128, 0.149333789945, 0.0825738832355, 0.0780063793063, 0.0951965302229, 0.141375556588, 0.185229241848, 0.173116266727, 0.151707723737, 0.145731702447, 0.123569659889, 0.129581674933, 0.166561424732, 0.18889349699, 0.166746303439, 0.146645769477, 0.100445732474, 0.0930252149701, 0.123528376222, 0.143817573786, 0.137344077229, 0.112228482962, 0.0718222334981, 0.0455764196813, 0.0502624921501, 0.0764288976789, 0.0805862918496, 0.0710988789797]
        dmean2: [0.140411749482, 0.124554023147, 0.199719578028, 0.218036711216, 0.263642430305, 0.304975420237, 0.290024638176, 0.337346851826, 0.357520759106, 0.272018194199, 0.155120402575, 0.141836881638, 0.169505402446, 0.246489241719, 0.325125157833, 0.304299741983, 0.276265919209, 0.26853621006, 0.227328017354, 0.243851006031, 0.308727353811, 0.334084928036, 0.298834651709, 0.255304396152, 0.179376393557, 0.165912523866, 0.220976859331, 0.268310278654, 0.253572195768, 0.198297470808, 0.12675473094, 0.0805373340845, 0.087904445827, 0.141718029976, 0.154905810952, 0.133430287242]
        dvar: [0.0102220317349, 0.0119237760082, 0.0448833853006, 0.0343486480415, 0.0294912327081, 0.0258465688676, 0.0398505292833, 0.0306242071092, 0.0470899641514, 0.0343338958919, 0.0273709855974, 0.0279436148703, 0.0349253118038, 0.03649546206, 0.0415968336165, 0.0483007617295, 0.0577511377633, 0.0460730716586, 0.036322068423, 0.0370895676315, 0.0480354018509, 0.0519822537899, 0.0413683578372, 0.039409738034, 0.0299323294312, 0.0171357560903, 0.0242460593581, 0.0164847634733, 0.0317333526909, 0.03143247962, 0.0101235462353, 0.00424001133069, 0.00642495695502, 0.016532657668, 0.0213175751269, 0.00973178353161]
        dvar2: [0.0307377967983, 0.0299077760428, 0.122657828033, 0.0914957150817, 0.0749807283282, 0.0675892531872, 0.0977561846375, 0.0832870900631, 0.136607065797, 0.0950096547604, 0.0788292884827, 0.063855804503, 0.0749830976129, 0.0943268463016, 0.121649563313, 0.12581525743, 0.154667198658, 0.132822245359, 0.1087660864, 0.105244755745, 0.131264701486, 0.1564976722, 0.112574137747, 0.09941316396, 0.0806360915303, 0.0476709194481, 0.068457454443, 0.0501943975687, 0.0848406851292, 0.0884664431214, 0.0271043237299, 0.0108204232529, 0.0180586669594, 0.0460926368833, 0.0628759711981, 0.027528969571]
        max: [0.664977669716, 0.644388020039, 1, 1, 0.979777038097, 1, 1, 1, 1, 1, 0.914478123188, 0.953183531761, 1, 1, 1, 1, 1, 1, 1, 1, 1, 1, 1, 1, 1, 0.593047738075, 1, 0.667270064354, 1, 1, 0.616815805435, 0.38294750452, 0.503495633602, 0.755363702774, 1, 0.706803619862]
        mean: [0.0880311876535, 0.0794510766864, 0.0896264985204, 0.10819606483, 0.139868453145, 0.516978800297, 0.8701582551, 0.594675958157, 0.27634036541, 0.153875678778, 0.0619025863707, 0.0614242851734, 0.0821059122682, 0.153707191348, 0.232155710459, 0.189666941762, 0.116303645074, 0.119319982827, 0.112192869186, 0.115047588944, 0.164824292064, 0.178175121546, 0.18386657536, 0.182324916124, 0.114896915853, 0.0763335675001, 0.118040628731, 0.151593223214, 0.126033008099, 0.0952479913831, 0.0690602809191, 0.0428098738194, 0.0474272929132, 0.0615366399288, 0.0631804615259, 0.0756502598524]
        min: [0.000240660519921, 0.000432076631114, 0.000196423672605, 0.00015207818069, 0.00347286439501, 0.073965638876, 0.250924855471, 0.108415558934, 0.000476938555948, 0.000153883054736, 9.90020198515e-05, 3.82734287996e-05, 2.76415576081e-05, 0.00015833004727, 0.000489670434035, 0.000394164962927, 0.00100593676325, 0.00123193091713, 0.000970944995061, 0.00054177531274, 0.000116002105642, 0.000699686992448, 4.97225955769e-05, 3.47600653186e-05, 2.15498621401e-05, 0.000781577196904, 0.00625860225409, 0.00592851499096, 0.00700675183907, 0.000735354085919, 0.000134494053782, 0.00012370425975, 0.000221035428694, 0.000156942784088, 0.000242411042564, 0.000125765131088]
        var: [0.0112705854699, 0.0136534878984, 0.032192222774, 0.0321002304554, 0.0338239967823, 0.0354992523789, 0.0407251305878, 0.0530367791653, 0.0745668113232, 0.0340173356235, 0.0174353085458, 0.0247536338866, 0.033978946507, 0.0367006361485, 0.0525703392923, 0.0546629391611, 0.0419018007815, 0.0322816446424, 0.024937832728, 0.0269327871501, 0.0543399527669, 0.0601312108338, 0.054378606379, 0.0681316778064, 0.0360946133733, 0.0150721697137, 0.0201937686652, 0.0159370489419, 0.0268609020859, 0.0272642746568, 0.0097243860364, 0.00378773943521, 0.0057649393566, 0.0119629586115, 0.0133130988106, 0.00888611283153]
    chords_histogram: [33.6405525208, 2.30414748192, 45.1612892151, 0, 0, 0, 0, 18.8940086365, 0, 0, 0, 0, 0, 0, 0, 0, 0, 0, 0, 0, 0, 0, 0, 0]
    thpcp: [1, 0.683411240578, 0.317574828863, 0.176836431026, 0.0711394548416, 0.0705897882581, 0.0943574458361, 0.176642805338, 0.26679712534, 0.217968329787, 0.13365803659, 0.137124463916, 0.128933861852, 0.132214561105, 0.189418748021, 0.204761743546, 0.21130245924, 0.209530755877, 0.132041394711, 0.0877237766981, 0.135654211044, 0.174213394523, 0.144839182496, 0.109460540116, 0.0793651938438, 0.0491978004575, 0.0545042157173, 0.0707189068198, 0.0726080089808, 0.0869385078549, 0.10116687417, 0.0913064703345, 0.103000231087, 0.124340675771, 0.160739094019, 0.594120442867]
    chords_key: "B"
    chords_scale: "minor"
    key_key: "E"
    key_scale: "minor"
    chords_progression: ["Bm", "Bm", "Bm", "Bm", "Bm", "Bm", "Bm", "Bm", "Bm", "Bm", "Bm", "Bm", "Bm", "Bm", "Bm", "Bm", "Bm", "Bm", "Bm", "Bm", "Bm", "Bm", "Bm", "G", "Bm", "Bm", "G", "G", "Bm", "Bm", "Bm", "G", "Bm", "Bm", "Bm", "Bm", "Bm", "Bm", "Bm", "Bm", "Bm", "Bm", "Bm", "G", "Em", "Em", "Em", "Em", "Em", "Em", "Em", "Em", "Em", "Em", "Em", "Em", "Em", "Em", "Em", "Em", "Em", "Em", "Em", "Em", "Em", "Em", "Em", "Em", "E", "E", "E", "E", "E", "E", "E", "E", "E", "E", "E", "E", "E", "E", "E", "E", "E", "E", "E", "E", "E", "E", "E", "E", "E", "E", "E", "E", "E", "E", "E", "Em", "Em", "Em", "Em", "Bm", "Bm", "Bm", "Bm", "Bm", "Bm", "Bm", "Bm", "Bm", "Bm", "Bm", "Bm", "Bm", "Bm", "Bm", "Bm", "Bm", "Bm", "Bm", "Bm", "Bm", "Bm", "Bm", "E", "E", "E", "E", "E", "E", "E", "E", "Em", "Em", "Em", "Em", "Em", "Em", "Em", "Em", "Em", "Em", "Em", "Em", "Em", "Em", "Em", "Em", "Em", "Em", "Em", "Em", "Em", "Em", "Em", "Em", "Em", "Em", "Em", "Em", "Em", "Em", "Em", "Em", "Em", "Em", "Em", "Em", "Em", "Em", "Em", "Em", "Em", "Em", "Em", "Em", "Em", "E", "E", "Bm", "Bm", "Bm", "Bm", "Bm", "Bm", "Bm", "Bm", "Bm", "Bm", "Bm", "Bm", "Bm", "Bm", "Bm", "Bm", "Bm", "Bm", "Bm", "Bm", "Bm", "Bm", "Bm", "Bm", "Bm", "Bm", "Bm", "Bm", "Bm", "Bm", "Bm", "Bm", "Bm", "Bm", "Bm", "Bm"]
