
metadata:
    version:
        essentia: "1.2.2"
    audio_properties:
        analysis_sample_rate: 44100
        bitrate: 128
        channels: 2
        equal_loudness: 1
        length: 10.0310201645
        replay_gain: -7.44690704346
        downmix: "mix"
    tags:
        track: 16
        year: 0
        album: "Splitted by Mp3Splt v. 2.1"
        artist: "From 002.30 To 002.40"
        comment: "http://mp3splt.sf.net"
        genre: ""
        title: "06 The Drowners.mp3"

highlevel:
    ballroom:
        all:
            ChaChaCha: 0.0960749387741
            Jive: 0.367685675621
            Quickstep: 0.136195883155
            Rumba-American: 0.0112076019868
            Rumba-International: 0.0197521205992
            Rumba-Misc: 0.0217564925551
            Samba: 0.0716483294964
            Tango: 0.0437230579555
            VienneseWaltz: 0.200524672866
            Waltz: 0.0314312279224
        probability: 0.367685675621
        value: "Jive"
    culture:
        all:
            non_western: 1.03134570963e-05
            western: 0.999989688396
        probability: 0.999989688396
        value: "western"
    gender:
        all:
            female: 0.256600737572
            male: 0.743399262428
        probability: 0.743399262428
        value: "male"
    genre_dortmund:
        all:
            alternative: 0.210033163428
            blues: 0.0297658480704
            electronic: 0.028717437759
            folkcountry: 0.0508143045008
            funksoulrnb: 0.0272320117801
            jazz: 0.0788230895996
            pop: 0.0540446154773
            raphiphop: 0.00153964967467
            rock: 0.519029855728
        probability: 0.519029855728
        value: "rock"
    genre_electronica:
        all:
            ambient: 0.264636039734
            dnb: 0.194097131491
            house: 0.00692590000108
            techno: 0.00922337733209
            trance: 0.525117576122
        probability: 0.525117576122
        value: "trance"
    genre_rosamerica:
        all:
            cla: 0.105078272521
            dan: 0.0184821952134
            hip: 0.0114951822907
            jaz: 0.0253610052168
            pop: 0.0281080640852
            rhy: 0.017517959699
            roc: 0.791839540005
            spe: 0.00211779284291
        probability: 0.791839540005
        value: "roc"
    genre_tzanetakis:
        all:
            blu: 0.0302349012345
            cla: 0.0481308810413
            cou: 0.42590919137
            dis: 0.0230386033654
            hip: 0.0110922772437
            jaz: 0.0405517593026
            met: 0.272665202618
            pop: 0.019598454237
            reg: 0.00607658270746
            roc: 0.122702144086
        probability: 0.42590919137
        value: "cou"
    live_studio:
        all:
            live: 0.194375067949
            studio: 0.805624961853
        probability: 0.805624961853
        value: "studio"
    mood:
        all:
            Cluster1: 0.216950595379
            Cluster2: 0.328020393848
            Cluster3: 0.0854656100273
            Cluster4: 0.0742168501019
            Cluster5: 0.295346528292
        probability: 0.328020393848
        value: "Cluster2"
    mood_acoustic:
        all:
            acoustic: 0.00734622916207
            not_acoustic: 0.992653787136
        probability: 0.992653787136
        value: "not_acoustic"
    mood_aggressive:
        all:
            aggressive: 0.971733093262
            not_aggressive: 0.0282669141889
        probability: 0.971733093262
        value: "aggressive"
    mood_electronic:
        all:
            electronic: 0.171595230699
            not_electronic: 0.828404784203
        probability: 0.828404784203
        value: "not_electronic"
    mood_happy:
        all:
            happy: 0.533321261406
            not_happy: 0.466678768396
        probability: 0.533321261406
        value: "happy"
    mood_party:
        all:
            not_party: 0.446798831224
            party: 0.553201138973
        probability: 0.553201138973
        value: "party"
    mood_relaxed:
        all:
            not_relaxed: 0.843707680702
            relaxed: 0.156292289495
        probability: 0.843707680702
        value: "not_relaxed"
    mood_sad:
        all:
            not_sad: 0.922220289707
            sad: 0.0777797028422
        probability: 0.922220289707
        value: "not_sad"
    rhythm:
        all:
            fast: 0.30112734437
            medium: 0.367570191622
            slow: 0.331302464008
        probability: 0.367570191622
        value: "medium"
    speech_music:
        all:
            music: 0.998534142971
            speech: 0.00146583514288
        probability: 0.998534142971
        value: "music"
    timbre:
        all:
            bright: 0.449492782354
            dark: 0.550507247448
        probability: 0.550507247448
        value: "dark"
    voice_instrumental:
        all:
            instrumental: 0.714839756489
            voice: 0.285160243511
        probability: 0.714839756489
        value: "instrumental"

lowlevel:
    average_loudness: 0.984274804592
    barkbands_kurtosis:
        dmean: 0.363372802734
        dmean2: 0.570361018181
        dvar: 0.219943955541
        dvar2: 0.512282133102
        max: 3.80816602707
        mean: -0.942255139351
        min: -1.78411030769
        var: 0.78289192915
    barkbands_skewness:
        dmean: 0.302467793226
        dmean2: 0.463565409184
        dvar: 0.0783512145281
        dvar2: 0.193585962057
        max: 1.9979827404
        mean: -0.219438821077
        min: -2.18151569366
        var: 0.421046078205
    barkbands_spread:
        dmean: 3.56624603271
        dmean2: 5.48007965088
        dvar: 15.3037147522
        dvar2: 35.4574775696
        max: 50.8303070068
        mean: 27.5777816772
        min: 9.47603130341
        var: 33.1001052856
    dissonance:
        dmean: 0.0131058739498
        dmean2: 0.0213918201625
        dvar: 0.0001527700515
        dvar2: 0.000373707764084
        max: 0.498300105333
        mean: 0.470480948687
        min: 0.373382180929
        var: 0.000307136389893
    hfc:
        dmean: 2.67407488823
        dmean2: 4.20181417465
        dvar: 10.0013551712
        dvar2: 24.9899597168
        max: 31.2110157013
        mean: 11.5366888046
        min: 0.935147583485
        var: 24.0015716553
    pitch:
        dmean: 678.431518555
        dmean2: 1281.02661133
        dvar: 1195761.125
        dvar2: 2857749.25
        max: 4410
        mean: 832.677246094
        min: 77.9151916504
        var: 1268702.5
    pitch_instantaneous_confidence:
        dmean: 0.0744282752275
        dmean2: 0.122335791588
        dvar: 0.00391221418977
        dvar2: 0.0105722052976
        max: 0.872692644596
        mean: 0.416703343391
        min: 0.121999561787
        var: 0.0211918111891
    pitch_salience:
        dmean: 0.0505616664886
        dmean2: 0.0791853517294
        dvar: 0.00204178504646
        dvar2: 0.00488702347502
        max: 0.847901821136
        mean: 0.651050448418
        min: 0.371270149946
        var: 0.00558344088495
    silence_rate_20dB:
        dmean: 0
        dmean2: 0
        dvar: 0
        dvar2: 0
        max: 1
        mean: 1
        min: 1
        var: 0
    silence_rate_30dB:
        dmean: 0
        dmean2: 0
        dvar: 0
        dvar2: 0
        max: 1
        mean: 1
        min: 1
        var: 0
    silence_rate_60dB:
        dmean: 0.0185614842921
        dmean2: 0.037209302187
        dvar: 0.0182169675827
        dvar2: 0.0404759757221
        max: 1
        mean: 0.0393518507481
        min: 0
        var: 0.0378033183515
    spectral_centroid:
        dmean: 196.093170166
        dmean2: 318.8019104
        dvar: 40951.5390625
        dvar2: 98817.171875
        max: 2939.02685547
        mean: 1957.8770752
        min: 846.412719727
        var: 169709.5
    spectral_complexity:
        dmean: 3.89044284821
        dmean2: 6.06074762344
        dvar: 13.3702783585
        dvar2: 31.0570468903
        max: 38
        mean: 19.2395343781
        min: 0
        var: 35.5403022766
    spectral_crest:
        dmean: 1.74202048779
        dmean2: 2.68283200264
        dvar: 2.64705944061
        dvar2: 6.42932748795
        max: 20.744310379
        mean: 7.55751228333
        min: 2.85956692696
        var: 10.7164459229
    spectral_decrease:
        dmean: 2.51165532816e-10
        dmean2: 3.85959098015e-10
        dvar: 8.18298954596e-20
        dvar2: 1.83964968232e-19
        max: -1.00993685637e-10
        mean: -1.26737642603e-09
        min: -3.20237014684e-09
        var: 1.87006162377e-19
    spectral_energy:
        dmean: 0.00115911499597
        dmean2: 0.00176807271782
        dvar: 1.73397449998e-06
        dvar2: 4.01693341701e-06
        max: 0.0144973415881
        mean: 0.00582977989689
        min: 0.000465994846309
        var: 3.95028337152e-06
    spectral_energyband_high:
        dmean: 0.000217592794797
        dmean2: 0.000354848860297
        dvar: 1.52902117634e-07
        dvar2: 4.02123703225e-07
        max: 0.00324040837586
        mean: 0.000495381711517
        min: 1.80084225576e-05
        var: 1.74036927092e-07
    spectral_energyband_low:
        dmean: 6.31064467598e-05
        dmean2: 0.000112813620945
        dvar: 2.62452122257e-08
        dvar2: 7.24421127529e-08
        max: 0.0013588105794
        mean: 7.59284594096e-05
        min: 1.67995153788e-06
        var: 1.78832344488e-08
    spectral_energyband_middle_high:
        dmean: 0.000676409166772
        dmean2: 0.00108034047298
        dvar: 4.5723322728e-07
        dvar2: 1.16166847874e-06
        max: 0.00926900282502
        mean: 0.00300690648146
        min: 0.000272708130069
        var: 1.73717592133e-06
    spectral_energyband_middle_low:
        dmean: 0.000609242648352
        dmean2: 0.000925178057514
        dvar: 6.03753107953e-07
        dvar2: 1.27941575556e-06
        max: 0.00858687236905
        mean: 0.00225156522356
        min: 0.000154764507897
        var: 1.80892857315e-06
    spectral_flatness_db:
        dmean: 0.0146115478128
        dmean2: 0.0221951454878
        dvar: 0.000188156482182
        dvar2: 0.000372769805836
        max: 0.254673868418
        mean: 0.167466416955
        min: 0.0921270251274
        var: 0.000617026584223
    spectral_flux:
        dmean: 0.00698514375836
        dmean2: 0.0101692089811
        dvar: 6.07656693319e-05
        dvar2: 0.000105969906144
        max: 0.0845619812608
        mean: 0.0397864766419
        min: 0.0138818426058
        var: 0.000160785042681
    spectral_kurtosis:
        dmean: 1.12128806114
        dmean2: 1.9630266428
        dvar: 1.24908328056
        dvar2: 3.35754156113
        max: 12.6991920471
        mean: 2.65838599205
        min: 0.571509361267
        var: 1.87644696236
    spectral_rms:
        dmean: 0.000231641155551
        dmean2: 0.000352395494701
        dvar: 6.25125977649e-08
        dvar2: 1.41726459901e-07
        max: 0.00376081746072
        mean: 0.0023513159249
        min: 0.000674261886161
        var: 1.58904484238e-07
    spectral_rolloff:
        dmean: 263.869506836
        dmean2: 442.285766602
        dvar: 109034.109375
        dvar2: 259877.140625
        max: 4608.10546875
        mean: 3356.12475586
        min: 689.0625
        var: 298891.96875
    spectral_skewness:
        dmean: 0.173955589533
        dmean2: 0.296197086573
        dvar: 0.0292758978903
        dvar2: 0.07280497998
        max: 2.76323795319
        mean: 1.06657028198
        min: 0.578111469746
        var: 0.0531203746796
    spectral_spread:
        dmean: 380611.4375
        dmean2: 603298.9375
        dvar: 234339680256
        dvar2: 528611672064
        max: 7242697
        mean: 4075884.75
        min: 2732115.75
        var: 523242471424
    spectral_strongpeak:
        dmean: 0.583728849888
        dmean2: 0.932737827301
        dvar: 0.635594010353
        dvar2: 1.36197900772
        max: 9.74296569824
        mean: 1.52488875389
        min: 0.039253719151
        var: 2.84138607979
    zerocrossingrate:
        dmean: 0.00577970221639
        dmean2: 0.0072751622647
        dvar: 2.69777483481e-05
        dvar2: 3.75980853278e-05
        max: 0.14990234375
        mean: 0.106019489467
        min: 0.0380859375
        var: 0.000336925499141
    barkbands:
        dmean: [6.06482331023e-08, 2.81323336822e-05, 3.97512048949e-05, 6.96414863341e-05, 0.000281413027551, 8.78301798366e-05, 0.000127599938423, 0.000116200681077, 0.000360926467692, 5.8788304159e-05, 5.0358234148e-05, 2.42408714257e-05, 1.43954039231e-05, 3.84646518796e-05, 5.02891743963e-05, 0.00011696931324, 0.000346999062458, 0.000238004940911, 0.000251181307249, 0.00019996498304, 9.32713519433e-05, 4.84358643007e-05, 5.84628514844e-06, 1.43385898355e-06, 9.77975332717e-07, 3.64128851515e-08, 3.80554393553e-10]
        dmean2: [9.39275608403e-08, 4.91699283884e-05, 7.29847961338e-05, 0.000110915018013, 0.000464527838631, 0.00014529976761, 0.000207705932553, 0.000185447366675, 0.000548816926312, 9.06253917492e-05, 7.67995952629e-05, 3.73261173081e-05, 2.33695209317e-05, 6.42865925329e-05, 8.05448435131e-05, 0.000195851403987, 0.000573502620682, 0.000392063200707, 0.000389878201531, 0.000344183587003, 0.00015804953, 8.03836082923e-05, 8.39136555442e-06, 2.31086210079e-06, 1.62984008512e-06, 6.32346228713e-08, 6.37278119164e-10]
        dvar: [3.97499382314e-14, 7.43832684336e-09, 8.8750757854e-09, 1.29738104704e-08, 3.3865708815e-07, 1.14138352103e-08, 2.55453151965e-08, 1.71716063591e-08, 2.99132608461e-07, 1.03876285351e-08, 5.9672000674e-09, 7.77121478279e-10, 4.777961915e-10, 3.60915985986e-09, 4.21821821917e-09, 2.57511079127e-08, 1.23297454024e-07, 5.97299987248e-08, 1.30954958877e-07, 8.96236755921e-08, 2.81883352216e-08, 3.34867511498e-09, 7.40943417732e-11, 7.95931029418e-12, 4.76590988896e-12, 7.21848084507e-15, 1.23062017194e-18]
        dvar2: [7.99804151944e-14, 2.05122479002e-08, 2.55887435685e-08, 2.93027166975e-08, 8.57321538206e-07, 3.16057722216e-08, 5.92395927868e-08, 4.49788295498e-08, 5.80710775466e-07, 2.56851464542e-08, 1.76389800544e-08, 1.70555614076e-09, 1.12980835798e-09, 9.54500034567e-09, 8.28148305487e-09, 7.21874116039e-08, 3.2681873563e-07, 1.59256600796e-07, 2.8705483146e-07, 2.36936912756e-07, 7.52487778755e-08, 8.35714697445e-09, 1.32631045036e-10, 2.04655008218e-11, 1.26385629393e-11, 1.94619558506e-14, 1.47582008015e-18]
        max: [2.05908827411e-06, 0.000687935505994, 0.000895360950381, 0.00116184703074, 0.00591299962252, 0.000860276282765, 0.00205120933242, 0.00125062931329, 0.00668052164838, 0.00183732493315, 0.000921724131331, 0.000450944295153, 0.000389588240068, 0.000984674901702, 0.00117691222113, 0.00253959628753, 0.00336722191423, 0.00369393033907, 0.0061846091412, 0.00277127372101, 0.00139771739487, 0.000599938561209, 8.67267299327e-05, 2.64697046077e-05, 1.80369370355e-05, 7.55774635763e-07, 2.20367404324e-08]
        mean: [5.73251490721e-08, 3.11222538585e-05, 4.47524143965e-05, 8.28418560559e-05, 0.000377865275368, 0.000171895590029, 0.000300802057609, 0.00029205789906, 0.00101186975371, 0.000141088967212, 9.72565321717e-05, 4.73762593174e-05, 2.73582118098e-05, 7.19906602171e-05, 0.000105081773654, 0.000254559854511, 0.00082506990293, 0.000611773459241, 0.000622109218966, 0.000399547570851, 0.000167976249941, 0.00012726818386, 1.39083349495e-05, 2.85035798697e-06, 1.26433474179e-06, 4.07521767443e-08, 3.34695104964e-10]
        min: [6.87214434664e-12, 1.39389527476e-07, 1.36281278174e-06, 9.67834694166e-07, 1.98204725166e-05, 8.26794803288e-06, 2.28180851991e-06, 4.98504732604e-06, 1.77595393325e-05, 2.38076745518e-06, 3.70757419432e-07, 1.10572045742e-06, 2.19005960389e-06, 2.79178448181e-06, 7.59141676099e-06, 1.16489873108e-05, 5.87462054682e-05, 5.52145356778e-05, 3.94025882997e-05, 1.3674888578e-05, 7.1076842687e-06, 5.31140494786e-06, 4.96222298807e-07, 7.3306189563e-08, 1.53305137474e-08, 8.24666515631e-11, 3.73324723186e-14]
        var: [4.17936423859e-14, 5.10146591637e-09, 5.51526913029e-09, 1.50115493369e-08, 3.27520268684e-07, 2.21885976259e-08, 1.19331843962e-07, 4.71011354364e-08, 1.26042755255e-06, 3.17024380081e-08, 1.28816877165e-08, 3.08235637014e-09, 1.42143152804e-09, 9.49049550059e-09, 2.19204334684e-08, 7.10866743248e-08, 2.83239700138e-07, 2.39239113853e-07, 5.3498303032e-07, 1.00327170571e-07, 3.12070653763e-08, 6.41914699173e-09, 2.39462089047e-10, 1.1575905165e-11, 4.58790123947e-12, 7.88052179664e-15, 1.2411944353e-18]
    mfcc:
        mean: [-685.118469238, 95.6653900146, -57.4327774048, 59.4607467651, -32.5475349426, -21.7686538696, -23.2644500732, 5.46219396591, 5.73692035675, -5.97646903992, -0.95160728693, -8.2441701889, -6.66752815247]
        cov: [[661.216125488, -309.930358887, 160.514404297, -25.5381813049, 44.2207641602, 66.6292572021, 85.8523483276, -31.5596141815, -6.20588874817, -7.52819728851, -48.4434356689, -14.728260994, -13.1375284195], [-309.930358887, 374.314697266, -117.856216431, 30.7454490662, -46.2072525024, -13.6310491562, -59.2167510986, 21.3033924103, 43.2286529541, -9.5591583252, 26.5647735596, 25.8534221649, 9.24669551849], [160.514404297, -117.856216431, 167.55305481, -6.46073055267, 28.1366291046, 8.38651657104, 28.1141967773, -15.1801109314, -13.4517087936, 11.8625516891, 4.51110219955, 0.641375482082, -10.6898584366], [-25.5381813049, 30.7454490662, -6.46073055267, 85.1117401123, 18.6539096832, 1.16975402832, 6.54881668091, 17.146194458, 0.515043795109, 5.41072177887, 2.20669937134, -15.6645822525, -5.73458623886], [44.2207641602, -46.2072525024, 28.1366291046, 18.6539096832, 94.7282104492, 28.7038459778, 21.0705947876, -18.6712703705, -5.14260721207, 2.16360926628, -9.54845714569, -10.557510376, 1.40696287155], [66.6292572021, -13.6310491562, 8.38651657104, 1.16975402832, 28.7038459778, 79.4423141479, 18.6998825073, -10.2507610321, -1.13216888905, 3.61078929901, -12.8420219421, 14.0452032089, 13.2887172699], [85.8523483276, -59.2167510986, 28.1141967773, 6.54881668091, 21.0705947876, 18.6998825073, 79.9004898071, 14.9996242523, -2.36685466766, -9.20247173309, -11.0677909851, -13.4419364929, 0.0969945192337], [-31.5596141815, 21.3033924103, -15.1801109314, 17.146194458, -18.6712703705, -10.2507610321, 14.9996242523, 78.3528747559, 25.2944488525, -0.828636527061, 3.94972348213, 3.19660234451, 3.56168413162], [-6.20588874817, 43.2286529541, -13.4517087936, 0.515043795109, -5.14260721207, -1.13216888905, -2.36685466766, 25.2944488525, 77.421295166, 15.6910123825, -1.28959417343, 13.1950531006, 8.60331439972], [-7.52819728851, -9.5591583252, 11.8625516891, 5.41072177887, 2.16360926628, 3.61078929901, -9.20247173309, -0.828636527061, 15.6910123825, 56.0349273682, 26.6236515045, -3.93645167351, -4.45720005035], [-48.4434356689, 26.5647735596, 4.51110219955, 2.20669937134, -9.54845714569, -12.8420219421, -11.0677909851, 3.94972348213, -1.28959417343, 26.6236515045, 62.8648796082, 14.0745353699, -7.3957862854], [-14.728260994, 25.8534221649, 0.641375482082, -15.6645822525, -10.557510376, 14.0452032089, -13.4419364929, 3.19660234451, 13.1950531006, -3.93645167351, 14.0745353699, 66.4143447876, 31.8995113373], [-13.1375284195, 9.24669551849, -10.6898584366, -5.73458623886, 1.40696287155, 13.2887172699, 0.0969945192337, 3.56168413162, 8.60331439972, -4.45720005035, -7.3957862854, 31.8995113373, 54.4382553101]]
        icov: [[0.00349504011683, 0.0024640338961, -0.00168037135154, -0.000428956438554, 0.00134540325962, -0.00262616714463, -0.00107123283669, 0.00137645739596, -0.00231478270143, 0.0017732984852, 0.000460785900941, 0.000189533675439, 0.00103046372533], [0.0024640338961, 0.00647007208318, 0.00109849334694, -0.00252671795897, 0.00234424485825, -0.00299888313748, 0.00180997140706, 0.00146090961061, -0.00460046343505, 0.00458516133949, -0.00287406216376, 0.000234346473007, 0.000592533731833], [-0.00168037135154, 0.00109849334694, 0.00935457181185, -0.000100482146081, -0.00191010173876, 0.00204598135315, -0.0016440495383, 0.000574262870941, 0.00138221401721, -0.00254451110959, -0.000487348006573, -0.00341851636767, 0.00225970172323], [-0.000428956438554, -0.00252671795897, -0.000100482146081, 0.0151857808232, -0.00439687119797, 0.000406883831602, -0.00029905847623, -0.00472650164738, 0.0024836238008, -0.00249300408177, 0.00020722678164, 0.00329847470857, -0.000271598721156], [0.00134540325962, 0.00234424485825, -0.00191010173876, -0.00439687119797, 0.0156298410147, -0.00568294292316, -0.00179520878009, 0.00482587050647, -0.00305128120817, 0.00239757890813, -0.0010430989787, 0.00318042631261, -0.00156784674618], [-0.00262616714463, -0.00299888313748, 0.00204598135315, 0.000406883831602, -0.00568294292316, 0.0204506516457, -0.004863422364, 0.000720112700947, 0.00464473571628, -0.00848711654544, 0.00707711372524, -0.00848272163421, -6.0265945649e-05], [-0.00107123283669, 0.00180997140706, -0.0016440495383, -0.00029905847623, -0.00179520878009, -0.004863422364, 0.0196078512818, -0.00544109009206, -0.00137295096647, 0.00638520624489, -0.00358387338929, 0.00690465932712, -0.00315873371437], [0.00137645739596, 0.00146090961061, 0.000574262870941, -0.00472650164738, 0.00482587050647, 0.000720112700947, -0.00544109009206, 0.0187639240175, -0.00695992261171, 0.00267718359828, -0.00185990263708, -0.00066241924651, -0.000364948093193], [-0.00231478270143, -0.00460046343505, 0.00138221401721, 0.0024836238008, -0.00305128120817, 0.00464473571628, -0.00137295096647, -0.00695992261171, 0.0212486032397, -0.0121840042993, 0.00777318375185, -0.00646120961756, 0.000645185122266], [0.0017732984852, 0.00458516133949, -0.00254451110959, -0.00249300408177, 0.00239757890813, -0.00848711654544, 0.00638520624489, 0.00267718359828, -0.0121840042993, 0.0338082686067, -0.018318226561, 0.0115382140502, -0.00384602183476], [0.000460785900941, -0.00287406216376, -0.000487348006573, 0.00020722678164, -0.0010430989787, 0.00707711372524, -0.00358387338929, -0.00185990263708, 0.00777318375185, -0.018318226561, 0.0304235033691, -0.0142970047891, 0.00873561669141], [0.000189533675439, 0.000234346473007, -0.00341851636767, 0.00329847470857, 0.00318042631261, -0.00848272163421, 0.00690465932712, -0.00066241924651, -0.00646120961756, 0.0115382140502, -0.0142970047891, 0.033005990088, -0.0176155939698], [0.00103046372533, 0.000592533731833, 0.00225970172323, -0.000271598721156, -0.00156784674618, -6.0265945649e-05, -0.00315873371437, -0.000364948093193, 0.000645185122266, -0.00384602183476, 0.00873561669141, -0.0176155939698, 0.030109571293]]
    spectral_contrast:
        mean: [-4.16335836917e-07, 1.71519289438e-07, -2.99062833164e-07, 1.1335278316e-07, -2.33740315991e-08, 2.50824655268e-07, 3.89731212636e-06, 1.33656487833e-06, 6.18640740413e-07, -1.10337896331e-06, -7.91355603269e-07, -3.15766016001e-07]
        var: [0.000326902343659, 0.000699284486473, 0.00115064426791, 0.00200791656971, 0.00283158593811, 0.00307299429551, 0.0307623911649, 0.0533403716981, 0.0956495478749, 0.22984623909, 0.389298051596, 0.583559632301]

rhythm:
    beats_loudness:
        dmean: 0.00223996653222
        dmean2: 0.00389664783143
        dvar: 2.79152777694e-06
        dvar2: 6.46997023068e-06
        max: 0.0118841454387
        mean: 0.00740473205224
        min: 0.00490683643147
        var: 4.24849940828e-06
    beats_loudness_bass:
        dmean: 0.02251807414
        dmean2: 0.0351736284792
        dvar: 0.000387448002584
        dvar2: 0.000974458642304
        max: 0.0905822366476
        mean: 0.0324615091085
        min: 0.00288534560241
        var: 0.000560995948035
    bpm: 149.167785645
    bpm_confidence: 0
    first_peak_bpm: 149
    first_peak_spread: 0
    first_peak_weight: 0.956521749496
    onset_rate: 3.38948559761
    second_peak_bpm: 118
    second_peak_spread: 0
    second_peak_weight: 0.0434782616794
    beats_position: [0.360252350569, 0.763067960739, 1.1658834219, 1.56869900227, 1.97151446342, 2.37433004379, 2.77714538574, 3.17996096611, 3.58277654648, 3.98559236526, 4.38840818405, 4.791223526, 5.19403934479, 5.59685516357, 6.10406160355, 6.50557899475, 6.90709590912, 7.30861330032, 7.71013021469, 8.11164855957, 8.51316547394, 8.91468238831, 9.31620025635, 9.71771717072]
    bpm_estimates: [149.402511597, 149.718307495, 149.531677246, 147.873474121, 148.250473022, 149.562164307, 149.571762085, 149.502609253, 149.09715271]
    bpm_intervals: [0.40281561017, 0.402815461159, 0.402815580368, 0.402815461159, 0.402815580368, 0.402815341949, 0.402815580368, 0.402815580368, 0.402815818787, 0.402815818787, 0.402815341949, 0.402815818787, 0.402815818787, 0.507206439972, 0.401517391205, 0.401516914368, 0.401517391205, 0.401516914368, 0.401518344879, 0.401516914368, 0.401516914368, 0.401517868042, 0.401516914368]
    onset_times: [0.0580498874187, 0.348299324512, 0.743038535118, 0.917188227177, 0.952018141747, 1.13777780533, 1.5673469305, 1.96208620071, 2.35682535172, 2.79800462723, 3.00698423386, 3.19274377823, 3.58748292923, 3.99383211136, 4.21442174911, 4.40018129349, 4.59755086899, 4.7833108902, 5.01551008224, 5.21287965775, 5.60761928558, 6.025578022, 6.06040811539, 6.42031764984, 6.8382768631, 7.67419481277, 7.81351470947, 8.06893444061, 8.28952407837, 8.498503685, 8.85841274261, 9.27637195587, 9.47374153137, 9.682721138]
    rubato_start: []
    rubato_stop: []
    perceptual_tempo: "unknown"

sfx:
    inharmonicity:
        dmean: 0.0714121684432
        dmean2: 0.12397582829
        dvar: 0.00451768143103
        dvar2: 0.012464966625
        max: 0.419772624969
        mean: 0.0863230824471
        min: 0
        var: 0.00634739082307
    oddtoevenharmonicenergyratio:
        dmean: 4.75627994537
        dmean2: 8.74108314514
        dvar: 90.0389862061
        dvar2: 255.989425659
        max: 70.8138885498
        mean: 3.61108660698
        min: 0
        var: 65.1696777344
    pitch_after_max_to_before_max_energy_ratio: 1.55461895466
    pitch_centroid: 185.280395508
    pitch_max_to_total: 0.31162789464
    pitch_min_to_total: 0.506976723671
    tristimulus:
        dmean: [0.172129154205, 0.258714944124, 0.144961938262]
        dmean2: [0.294561982155, 0.457403153181, 0.262422859669]
        dvar: [0.029884269461, 0.0526387728751, 0.0183684471995]
        dvar2: [0.0834329351783, 0.154666483402, 0.0475303158164]
        max: [1, 0.976932883263, 0.620337486267]
        mean: [0.263961344957, 0.49861857295, 0.163877412677]
        min: [0.00327365426347, 0, 0]
        var: [0.0350414887071, 0.0623212978244, 0.0234213825315]

tonal:
    chords_changes_rate: 0.050925925374
    chords_number_rate: 0.0416666679084
    chords_strength:
        dmean: 0.011041212827
        dmean2: 0.00943322014064
        dvar: 6.36272161501e-05
        dvar2: 8.84322798811e-05
        max: 0.746885359287
        mean: 0.487550586462
        min: 0.314783632755
        var: 0.00891366973519
    key_strength: 0.555939555168
    tuning_diatonic_strength: 0.499813884497
    tuning_equal_tempered_deviation: 0.0730836242437
    tuning_frequency: 442.293365479
    tuning_nontempered_energy_ratio: 0.679071545601
    hpcp:
        dmean: [0.0809048637748, 0.0668153241277, 0.0923974588513, 0.125746533275, 0.11439473182, 0.0792074725032, 0.0688141658902, 0.0727386027575, 0.0854195579886, 0.097417704761, 0.0841747447848, 0.0984005853534, 0.119010932744, 0.0883330851793, 0.053515009582, 0.0767468586564, 0.106654904783, 0.13346979022, 0.150276765227, 0.146599546075, 0.173936486244, 0.152336329222, 0.115909159184, 0.133946895599, 0.143638774753, 0.105001971126, 0.0990752205253, 0.105534084141, 0.0879521146417, 0.0873906612396, 0.0773918777704, 0.0742892771959, 0.118263468146, 0.157654061913, 0.137182429433, 0.084025785327]
        dmean2: [0.136834859848, 0.115039154887, 0.147611543536, 0.208855941892, 0.201988145709, 0.137658804655, 0.120003454387, 0.12745448947, 0.148410260677, 0.164889529347, 0.141244053841, 0.15459625423, 0.187690645456, 0.141378924251, 0.0911567956209, 0.134847059846, 0.185554042459, 0.221593499184, 0.256820291281, 0.237864151597, 0.286085426807, 0.253406882286, 0.192872896791, 0.223073333502, 0.234173610806, 0.166219875216, 0.16201852262, 0.166646406054, 0.147115260363, 0.146103322506, 0.132120892406, 0.123745694757, 0.192424237728, 0.255430907011, 0.227247610688, 0.141984313726]
        dvar: [0.0141323776916, 0.00688221585006, 0.011278886348, 0.0220865420997, 0.0236818958074, 0.0125146787614, 0.00981846265495, 0.0114315133542, 0.0115711167455, 0.0150374490768, 0.0113454600796, 0.0155996810645, 0.0274134166539, 0.0141686750576, 0.00437069777399, 0.0124166319147, 0.0183958355337, 0.0257309358567, 0.0424923934042, 0.0264661516994, 0.0445828773081, 0.0296387244016, 0.0212815012783, 0.0257074702531, 0.027681319043, 0.0123120984063, 0.0148398689926, 0.0213108435273, 0.0157158896327, 0.0147199817002, 0.0092157991603, 0.0120507869869, 0.0213749706745, 0.0444013513625, 0.0310656949878, 0.0114340605214]
        dvar2: [0.039134837687, 0.0175938848406, 0.0256447941065, 0.0581390596926, 0.0685696601868, 0.0338708534837, 0.0254753958434, 0.0299213994294, 0.0293008349836, 0.034104578197, 0.0305402632803, 0.0375784039497, 0.0583299361169, 0.0341655649245, 0.0117289889604, 0.0328228957951, 0.0484507419169, 0.0619512088597, 0.0851343870163, 0.0602201297879, 0.099854759872, 0.0717438086867, 0.0575645714998, 0.0596709698439, 0.0584068112075, 0.0331435166299, 0.037793122232, 0.0513861514628, 0.0400677546859, 0.0380808450282, 0.0242918543518, 0.032305303961, 0.0534119606018, 0.098472841084, 0.081248357892, 0.0327546969056]
        max: [0.937059521675, 0.557447612286, 0.999555289745, 1, 0.938958585262, 0.929709970951, 0.629088044167, 0.736399590969, 0.760853648186, 1, 0.857428312302, 0.984133839607, 1, 0.878650307655, 0.345023572445, 1, 0.880191802979, 1, 1, 1, 1, 1, 1, 1, 1, 0.759442925453, 0.971376597881, 1, 0.979879498482, 0.903276801109, 0.673137307167, 0.948190450668, 1, 1, 1, 0.780394554138]
        mean: [0.114466078579, 0.10933341831, 0.203036308289, 0.263403564692, 0.182981044054, 0.121780239046, 0.105657808483, 0.102664902806, 0.155886009336, 0.190144717693, 0.147340461612, 0.198316499591, 0.262616097927, 0.15802501142, 0.0818250700831, 0.118235841393, 0.15536339581, 0.295955002308, 0.412141531706, 0.351753741503, 0.364168137312, 0.368575692177, 0.247026741505, 0.249936178327, 0.271550297737, 0.171850308776, 0.178747534752, 0.225026220083, 0.156442463398, 0.110401123762, 0.106727823615, 0.101893246174, 0.231145605445, 0.375008314848, 0.261552125216, 0.126370191574]
        min: [0.00807623844594, 0.00879288464785, 0.0108974045143, 0.00705115869641, 0.00923121906817, 0.00823265966028, 0.00680361082777, 0.00229545123875, 0.0035267053172, 0.00295919459313, 0.00738442316651, 0.0049490663223, 0.00984098110348, 0.0122077642009, 0.00260398164392, 0.00281924963929, 0.00250413897447, 0.00447767367586, 0.00439433148131, 0.00995040871203, 0.0104168495163, 0.00680011184886, 0.0041984859854, 0.00898129120469, 0.00889784470201, 0.00324454554357, 0.00951707176864, 0.00757247349247, 0.00710603827611, 0.00476341461763, 0.00421195896342, 0.00164016953204, 0.0147377876565, 0.0142193818465, 0.00717248255387, 0.00512043526396]
        var: [0.0136448144913, 0.00850067008287, 0.0406644418836, 0.0658162161708, 0.0260430052876, 0.0125209875405, 0.010285852477, 0.0118213109672, 0.0195326711982, 0.0450966022909, 0.0223492234945, 0.0346828065813, 0.0830944478512, 0.0317652560771, 0.00513437623158, 0.0131218563765, 0.021627323702, 0.064398124814, 0.142458856106, 0.071647234261, 0.106745310128, 0.108588188887, 0.0738185942173, 0.0542614869773, 0.078599922359, 0.0257784798741, 0.0344594232738, 0.0864697173238, 0.0332126654685, 0.0172743573785, 0.0128918634728, 0.0121254557744, 0.0388829857111, 0.118988163769, 0.0525052547455, 0.0134755829349]
    chords_histogram: [1.85185182095, 0, 6.48148155212, 17.1296291351, 0, 5.09259271622, 13.8888893127, 14.8148145676, 4.62962961197, 28.7037029266, 0, 0, 0, 0, 0, 0, 0, 0, 0, 0, 0, 0, 7.40740728378, 0]
    thpcp: [1, 0.853478014469, 0.883599698544, 0.894293963909, 0.599373579025, 0.606432914734, 0.658876299858, 0.416969150305, 0.433704257011, 0.545992612839, 0.379584312439, 0.267871886492, 0.258959144354, 0.247228771448, 0.560840368271, 0.909901797771, 0.634617269039, 0.30661842227, 0.277734875679, 0.265281230211, 0.492637336254, 0.639109492302, 0.443976223469, 0.295481592417, 0.256362915039, 0.249101087451, 0.378234177828, 0.461357831955, 0.357499659061, 0.481185436249, 0.637198805809, 0.383424133062, 0.198536336422, 0.286881655455, 0.376966118813, 0.718090713024]
    chords_key: "D#"
    chords_scale: "major"
    key_key: "G#"
    key_scale: "minor"
    chords_progression: ["F#", "F#", "F#", "F#", "F#", "F#", "F#", "F#", "F#", "F#", "C#m", "C#m", "C#m", "C#m", "C#m", "C#m", "C#m", "C#m", "C#m", "C#m", "C#m", "C#m", "C#m", "C#m", "C#m", "C#m", "D#m", "Cm", "Cm", "Cm", "Cm", "Cm", "Cm", "Cm", "Cm", "Cm", "Cm", "D#m", "D#m", "D#m", "D#m", "D#m", "D#m", "D#m", "D#", "D#", "D#", "D#", "D#", "D#", "D#", "D#", "D#", "D#", "D#", "D#", "D#", "D#", "D#", "D#", "D#", "D#", "D#", "D#", "D#", "D#", "D#", "D#", "D#", "D#", "D#", "D#", "D#", "D#", "D#", "D#", "D#", "D#", "D#", "D#", "D#", "D#", "D#", "D#", "D#", "D#", "D#", "D#", "D#", "D#", "D#", "D#", "D#", "D#", "D#", "D#", "D#", "D#", "D#", "D#", "D#", "D#", "D#", "D#", "D#", "D#", "G#m", "G#m", "G#m", "G#m", "G#", "G#", "G#", "G#", "G#", "G#", "G#", "G#", "G#", "G#", "G#", "G#", "G#", "G#", "G#", "G#", "G#", "G#", "G#", "G#", "G#", "G#", "G#", "G#", "G#", "G#", "G#", "G#", "G#", "G#", "G#", "G#", "D#m", "D#m", "D#m", "D#m", "D#m", "D#m", "F#", "F#", "F#", "F#", "F#", "F#", "F#", "F#", "F#", "F#", "F#", "F#", "F#", "F#", "F#", "F#", "F#", "F#", "F#", "F#", "F#", "F#", "F#", "F#", "F#", "F#", "F#", "C#", "C#", "C#", "C#", "C#", "C#", "C#", "C#", "C#", "C#", "C#", "Fm", "Fm", "Fm", "Fm", "Fm", "Fm", "Fm", "Fm", "Fm", "Fm", "Fm", "Fm", "Fm", "Fm", "Fm", "Fm", "Fm", "Fm", "Fm", "Fm", "Fm", "Fm", "Fm", "Fm", "Fm", "Fm", "Fm", "Fm", "Fm", "Fm"]
