
metadata:
    version:
        essentia: "1.2.2"
    audio_properties:
        analysis_sample_rate: 44100
        bitrate: 128
        channels: 2
        equal_loudness: 1
        length: 10.0310201645
        replay_gain: -2.7485332489
        downmix: "mix"
    tags:
        track: 1
        year: 0
        album: "Splitted by Mp3Splt v. 2.1"
        artist: "From 000.00 To 000.10"
        comment: "http://mp3splt.sf.net"
        genre: ""
        title: "14 I Am...I Said.mp3"

highlevel:
    ballroom:
        all:
            ChaChaCha: 0.0319485291839
            Jive: 0.861868083477
            Quickstep: 0.0335559472442
            Rumba-American: 0.000596045574639
            Rumba-International: 0.000723310455214
            Rumba-Misc: 0.000691402412485
            Samba: 0.0425301976502
            Tango: 0.00233037606813
            VienneseWaltz: 0.0223384089768
            Waltz: 0.00341767189093
        probability: 0.861868083477
        value: "Jive"
    culture:
        all:
            non_western: 0.884696006775
            western: 0.115304000676
        probability: 0.884696006775
        value: "non_western"
    gender:
        all:
            female: 0.560364544392
            male: 0.439635425806
        probability: 0.560364544392
        value: "female"
    genre_dortmund:
        all:
            alternative: 0.243411868811
            blues: 0.00599036645144
            electronic: 0.110577039421
            folkcountry: 0.0455363914371
            funksoulrnb: 0.0561529733241
            jazz: 0.0295893102884
            pop: 0.036540325731
            raphiphop: 0.00231847213581
            rock: 0.469883263111
        probability: 0.469883263111
        value: "rock"
    genre_electronica:
        all:
            ambient: 0.519204556942
            dnb: 0.240542158484
            house: 0.00472628651187
            techno: 0.021081507206
            trance: 0.214445516467
        probability: 0.519204556942
        value: "ambient"
    genre_rosamerica:
        all:
            cla: 0.141338244081
            dan: 0.0294860452414
            hip: 0.04224466905
            jaz: 0.0099727306515
            pop: 0.0169349070638
            rhy: 0.00671094143763
            roc: 0.747157275677
            spe: 0.0061551798135
        probability: 0.747157275677
        value: "roc"
    genre_tzanetakis:
        all:
            blu: 0.0395686849952
            cla: 0.138203769922
            cou: 0.0288485661149
            dis: 0.0550076924264
            hip: 0.0285048987716
            jaz: 0.0626394450665
            met: 0.237012133002
            pop: 0.0739363282919
            reg: 0.0332515724003
            roc: 0.303026914597
        probability: 0.303026914597
        value: "roc"
    live_studio:
        all:
            live: 0.116251707077
            studio: 0.883748292923
        probability: 0.883748292923
        value: "studio"
    mood:
        all:
            Cluster1: 0.304899781942
            Cluster2: 0.0339680872858
            Cluster3: 0.00165809551254
            Cluster4: 0.0606029890478
            Cluster5: 0.598871052265
        probability: 0.598871052265
        value: "Cluster5"
    mood_acoustic:
        all:
            acoustic: 0.0521918050945
            not_acoustic: 0.947808206081
        probability: 0.947808206081
        value: "not_acoustic"
    mood_aggressive:
        all:
            aggressive: 0.998879730701
            not_aggressive: 0.00112024985719
        probability: 0.998879730701
        value: "aggressive"
    mood_electronic:
        all:
            electronic: 0.587709248066
            not_electronic: 0.412290751934
        probability: 0.587709248066
        value: "electronic"
    mood_happy:
        all:
            happy: 0.0476104952395
            not_happy: 0.952389478683
        probability: 0.952389478683
        value: "not_happy"
    mood_party:
        all:
            not_party: 0.135856166482
            party: 0.864143848419
        probability: 0.864143848419
        value: "party"
    mood_relaxed:
        all:
            not_relaxed: 0.5
            relaxed: 0.5
        probability: 0.5
        value: "not_relaxed"
    mood_sad:
        all:
            not_sad: 0.998100399971
            sad: 0.00189959991258
        probability: 0.998100399971
        value: "not_sad"
    rhythm:
        all:
            fast: 0.701750814915
            medium: 0.235153004527
            slow: 0.0630961805582
        probability: 0.701750814915
        value: "fast"
    speech_music:
        all:
            music: 0.328768759966
            speech: 0.671231210232
        probability: 0.671231210232
        value: "speech"
    timbre:
        all:
            bright: 0.0963063314557
            dark: 0.903693675995
        probability: 0.903693675995
        value: "dark"
    voice_instrumental:
        all:
            instrumental: 0.855809152126
            voice: 0.144190877676
        probability: 0.855809152126
        value: "instrumental"

lowlevel:
    average_loudness: 0.922667145729
    barkbands_kurtosis:
        dmean: 0.313867866993
        dmean2: 0.55862814188
        dvar: 0.13931915164
        dvar2: 0.443848967552
        max: 1.91757678986
        mean: -1.0643029213
        min: -1.67587351799
        var: 0.215806618333
    barkbands_skewness:
        dmean: 0.266618192196
        dmean2: 0.459724068642
        dvar: 0.0455712862313
        dvar2: 0.146352663636
        max: 0.600588202477
        mean: -0.289805829525
        min: -1.23685896397
        var: 0.0938357710838
    barkbands_spread:
        dmean: 1.96188807487
        dmean2: 3.37684106827
        dvar: 3.84998226166
        dvar2: 11.3222332001
        max: 35.3466949463
        mean: 18.6145401001
        min: 8.60228157043
        var: 34.718082428
    dissonance:
        dmean: 0.0116007756442
        dmean2: 0.0202936083078
        dvar: 0.000103589751234
        dvar2: 0.000283908011625
        max: 0.5
        mean: 0.487179130316
        min: 0.41727373004
        var: 0.000134168833029
    hfc:
        dmean: 1.51613688469
        dmean2: 2.43032312393
        dvar: 2.86206626892
        dvar2: 6.05988168716
        max: 26.6318626404
        mean: 10.2760324478
        min: 0.0103426547721
        var: 24.5709152222
    pitch:
        dmean: 984.090209961
        dmean2: 1888.1151123
        dvar: 1373991.875
        dvar2: 3566626
        max: 4009.09082031
        mean: 1149.13208008
        min: 106.779663086
        var: 1339794.75
    pitch_instantaneous_confidence:
        dmean: 0.0614687688649
        dmean2: 0.105072081089
        dvar: 0.00303435698152
        dvar2: 0.00699586700648
        max: 0.821014344692
        mean: 0.304067790508
        min: 0.155769944191
        var: 0.0126517638564
    pitch_salience:
        dmean: 0.0367900691926
        dmean2: 0.0626475960016
        dvar: 0.000981680699624
        dvar2: 0.0027935532853
        max: 0.851074576378
        mean: 0.74190735817
        min: 0.530165076256
        var: 0.00276845949702
    silence_rate_20dB:
        dmean: 0
        dmean2: 0
        dvar: 0
        dvar2: 0
        max: 1
        mean: 1
        min: 1
        var: 0
    silence_rate_30dB:
        dmean: 0
        dmean2: 0
        dvar: 0
        dvar2: 0
        max: 1
        mean: 1
        min: 1
        var: 0
    silence_rate_60dB:
        dmean: 0.0147420149297
        dmean2: 0.0270935967565
        dvar: 0.0145247746259
        dvar2: 0.0312858037651
        max: 1
        mean: 0.18137255311
        min: 0
        var: 0.148475006223
    spectral_centroid:
        dmean: 168.081710815
        dmean2: 295.484344482
        dvar: 19005.8984375
        dvar2: 54323.5507812
        max: 2722.95092773
        mean: 2251.54663086
        min: 1595.57006836
        var: 47228.1992188
    spectral_complexity:
        dmean: 3.12598419189
        dmean2: 5.15789461136
        dvar: 7.18097734451
        dvar2: 20.3329811096
        max: 39
        mean: 20.3952884674
        min: 0
        var: 71.4013595581
    spectral_crest:
        dmean: 1.30132186413
        dmean2: 2.24828314781
        dvar: 1.19736242294
        dvar2: 3.13309907913
        max: 11.7268753052
        mean: 5.37208557129
        min: 2.86940836906
        var: 2.11367917061
    spectral_decrease:
        dmean: 1.55569793159e-10
        dmean2: 2.52443121962e-10
        dvar: 3.633460634e-20
        dvar2: 8.42045629772e-20
        max: -9.96019239308e-13
        mean: -9.77354974729e-10
        min: -3.29769545004e-09
        var: 2.60300322935e-19
    spectral_energy:
        dmean: 0.000702711986378
        dmean2: 0.00112648238428
        dvar: 7.12310679774e-07
        dvar2: 1.61364596352e-06
        max: 0.0148096010089
        mean: 0.00462082773447
        min: 4.69731321573e-06
        var: 5.546727607e-06
    spectral_energyband_high:
        dmean: 8.33862723084e-05
        dmean2: 0.000140137752169
        dvar: 8.48888959126e-09
        dvar2: 2.18979874234e-08
        max: 0.0011470868485
        mean: 0.000405681610573
        min: 3.63823858152e-07
        var: 4.69761580746e-08
    spectral_energyband_low:
        dmean: 9.42572455642e-07
        dmean2: 1.67476082424e-06
        dvar: 8.88104086799e-12
        dvar2: 2.67926774516e-11
        max: 3.7850040826e-05
        mean: 1.63642141615e-06
        min: 1.42371517353e-10
        var: 1.2415234639e-11
    spectral_energyband_middle_high:
        dmean: 0.000577312021051
        dmean2: 0.000913966039661
        dvar: 3.52692666183e-07
        dvar2: 7.67195729168e-07
        max: 0.00951863825321
        mean: 0.00347565929405
        min: 3.84571558243e-06
        var: 2.60363913185e-06
    spectral_energyband_middle_low:
        dmean: 0.000266163551714
        dmean2: 0.00044130400056
        dvar: 2.22019892249e-07
        dvar2: 6.14189445969e-07
        max: 0.0059620924294
        mean: 0.000737852707971
        min: 2.53220946433e-07
        var: 8.80937591319e-07
    spectral_flatness_db:
        dmean: 0.010507513769
        dmean2: 0.0179579090327
        dvar: 7.54847787903e-05
        dvar2: 0.000202005743631
        max: 0.23581956327
        mean: 0.184515088797
        min: 0.0958132520318
        var: 0.000386868981877
    spectral_flux:
        dmean: 0.0038640992716
        dmean2: 0.00599897420034
        dvar: 1.98756661121e-05
        dvar2: 3.84296472475e-05
        max: 0.0902982056141
        mean: 0.0411602370441
        min: 0.00135409622453
        var: 0.000195059066755
    spectral_kurtosis:
        dmean: 0.559597373009
        dmean2: 0.980207979679
        dvar: 0.237027421594
        dvar2: 0.570902466774
        max: 9.34962463379
        mean: 3.22421884537
        min: 1.90055608749
        var: 0.39883595705
    spectral_rms:
        dmean: 0.0001523320243
        dmean2: 0.000240491775912
        dvar: 2.43719355808e-08
        dvar2: 5.1762221176e-08
        max: 0.00380110391416
        mean: 0.00201169797219
        min: 6.76959680277e-05
        var: 4.61197117829e-07
    spectral_rolloff:
        dmean: 164.466079712
        dmean2: 281.744750977
        dvar: 23145.0253906
        dvar2: 65987.953125
        max: 4328.17382812
        mean: 3615.71728516
        min: 2993.11523438
        var: 56190.2929688
    spectral_skewness:
        dmean: 0.0883183702826
        dmean2: 0.151497676969
        dvar: 0.0072527336888
        dvar2: 0.0139729939401
        max: 2.67029619217
        mean: 1.43021523952
        min: 1.13725864887
        var: 0.0149929951876
    spectral_spread:
        dmean: 244009.046875
        dmean2: 407388.34375
        dvar: 127668535296
        dvar2: 156588130304
        max: 10780643
        mean: 4428246
        min: 3872322.25
        var: 203392532480
    spectral_strongpeak:
        dmean: 0.686689138412
        dmean2: 1.20203411579
        dvar: 0.717129349709
        dvar2: 1.88867032528
        max: 5.860455513
        mean: 1.06761801243
        min: 0.00924289692193
        var: 1.34708499908
    zerocrossingrate:
        dmean: 0.0043855602853
        dmean2: 0.00613178452477
        dvar: 1.77749261638e-05
        dvar2: 2.89250147034e-05
        max: 0.13623046875
        mean: 0.117400966585
        min: 0.06005859375
        var: 6.31597067695e-05
    barkbands:
        dmean: [1.55367763099e-09, 1.63371851158e-07, 8.56073882005e-07, 6.25157008471e-06, 2.62928224402e-05, 6.53433453408e-05, 8.42417721287e-05, 5.3574982303e-05, 0.000117710522318, 0.000211295002373, 0.000186243458302, 0.000120524229715, 8.0575751781e-05, 8.6283616838e-05, 9.53872586251e-05, 0.000139517345815, 0.000139611103805, 0.000213726540096, 0.000198155874386, 0.000164269891684, 4.66475830763e-05, 1.69427894434e-05, 4.69653468826e-06, 1.44096782151e-06, 6.59677141357e-07, 3.26725952959e-08, 1.38644440373e-09]
        dmean2: [2.2307333758e-09, 2.89504185957e-07, 1.5188480802e-06, 9.16518183658e-06, 3.95572496927e-05, 9.85581427813e-05, 0.000155425965204, 8.09815101093e-05, 0.000204370269785, 0.00036225837539, 0.000323692889651, 0.000205663905945, 0.000134225745569, 0.000138487885124, 0.000168458587723, 0.000221997601329, 0.000232291247812, 0.000369151646737, 0.000338825077051, 0.000267740077106, 7.93355502537e-05, 2.87699731416e-05, 8.20519016997e-06, 2.39454311668e-06, 1.08040501345e-06, 5.12911739747e-08, 1.60736790544e-09]
        dvar: [1.96953530264e-16, 2.89287447079e-13, 6.40911802796e-12, 8.9718377172e-10, 7.07782277232e-09, 2.36502444295e-08, 1.44959727777e-07, 1.23514789507e-08, 1.86168609417e-08, 5.11859425956e-08, 3.38232091224e-08, 1.53894195165e-08, 1.54785269046e-08, 1.45356784387e-08, 9.05107189197e-09, 5.00127761427e-08, 3.9465319901e-08, 3.88326348855e-08, 4.64752041296e-08, 6.12537434108e-08, 3.16320925009e-09, 3.9228953419e-10, 5.41098069129e-11, 2.46681993409e-12, 8.94427002081e-13, 7.76098173086e-15, 4.12195798878e-16]
        dvar2: [1.99712620975e-16, 8.32956208348e-13, 1.94877829152e-11, 1.48279977186e-09, 1.57065400685e-08, 4.92548686282e-08, 4.62720720407e-07, 2.0715415161e-08, 4.8991545043e-08, 1.44267858104e-07, 1.02987975481e-07, 4.12614902245e-08, 2.94362454412e-08, 2.66521560377e-08, 2.38666899577e-08, 9.83823653655e-08, 8.45369498848e-08, 1.05471244183e-07, 1.23617681425e-07, 1.50559245071e-07, 8.2461033557e-09, 9.19980147618e-10, 1.34958530462e-10, 6.46253146483e-12, 1.73616709117e-12, 1.64678180489e-14, 4.163497808e-16]
        max: [2.7495195809e-07, 7.55943347031e-06, 3.02846128761e-05, 0.000672351976391, 0.00150801590644, 0.00267227948643, 0.00556477671489, 0.00217119441368, 0.00124561635312, 0.00218210578896, 0.00118371087592, 0.00104939821176, 0.00259408191778, 0.00254918821156, 0.000924116116948, 0.00348628428765, 0.00389693980105, 0.00195446191356, 0.00229057203978, 0.00245095090941, 0.000842828594614, 0.000370427384041, 0.000108235311927, 2.2872691261e-05, 1.85535172932e-05, 1.65377434769e-06, 3.96188056584e-07]
        mean: [1.62931568237e-09, 1.90613789641e-07, 1.44468685903e-06, 1.73382468347e-05, 7.69268808654e-05, 0.000165213816217, 0.000114391048555, 0.000105061757495, 0.000206562835956, 0.00038392553688, 0.000321430969052, 0.000236930165556, 0.000138954928843, 0.000170386600075, 0.000198966285097, 0.000281783053651, 0.000360237521818, 0.000574240693823, 0.000559984415304, 0.000458684080513, 0.000163510485436, 5.89873052377e-05, 1.67046982824e-05, 6.38103665551e-06, 2.51066512647e-06, 8.12108993387e-08, 1.35362443476e-09]
        min: [1.40349523995e-13, 1.77965246706e-11, 3.98888110043e-11, 2.83012557833e-10, 1.89535587225e-09, 4.43150138807e-09, 1.76186498724e-09, 2.15085229627e-08, 1.3362688378e-07, 2.42288734853e-07, 4.85193595523e-07, 1.94840509948e-07, 3.86100360572e-08, 1.15070839968e-07, 1.29093265855e-07, 1.68645769349e-07, 1.71308315089e-07, 7.13400424956e-07, 4.60700249505e-07, 2.27949257692e-07, 7.60912826081e-08, 7.77194841817e-08, 9.63428625766e-09, 3.93260757292e-09, 1.76762404713e-09, 3.35063400636e-11, 5.61928348769e-15]
        var: [1.97267991245e-16, 2.25307023472e-13, 9.86516250634e-12, 5.36108490934e-09, 3.08905967472e-08, 1.60493740964e-07, 1.17512392706e-07, 5.69326736866e-08, 3.22076338932e-08, 7.16670101042e-08, 5.23575920397e-08, 3.27728919558e-08, 3.59007046313e-08, 4.66767495766e-08, 1.84603496933e-08, 1.22435068306e-07, 2.23950493705e-07, 9.80973240416e-08, 1.27191071897e-07, 1.90311894244e-07, 1.70289613521e-08, 1.79109604925e-09, 2.38422753762e-10, 1.18906837501e-11, 3.27631433268e-12, 1.62082532725e-14, 4.12479899022e-16]
    mfcc:
        mean: [-717.096679688, 41.900554657, -102.101799011, -2.26897549629, -47.3879508972, -25.7654151917, -9.15558052063, -2.31881403923, -8.81789016724, -10.234503746, -11.0469455719, -11.1066675186, -5.98639535904]
        cov: [[6790.84912109, 648.525085449, 593.03894043, 452.143829346, 181.253646851, -56.4905357361, -198.886291504, -373.132019043, -237.300872803, 37.2276000977, -93.6536865234, -16.7894802094, 3.09260392189], [648.525085449, 397.811187744, 300.498687744, 232.875518799, 68.9117050171, -28.0908718109, -34.8465156555, -145.570785522, -96.690864563, -14.1682024002, -70.4876937866, -34.4271125793, -62.9995689392], [593.03894043, 300.498687744, 267.4894104, 196.945373535, 71.1371078491, -18.0298862457, -20.2030220032, -110.03427124, -72.9713058472, -9.27662181854, -54.2299728394, -28.4212589264, -45.0758552551], [452.143829346, 232.875518799, 196.945373535, 189.361465454, 71.0697097778, -8.65864849091, -32.5891609192, -95.9111785889, -60.8778610229, -4.46725606918, -46.4837799072, -22.3307247162, -26.7923812866], [181.253646851, 68.9117050171, 71.1371078491, 71.0697097778, 64.0430679321, 13.121711731, 1.0678204298, -17.6201114655, -7.12231874466, 2.17443442345, -12.7124643326, -11.1512670517, -10.8727531433], [-56.4905357361, -28.0908718109, -18.0298862457, -8.65864849091, 13.121711731, 38.857673645, 25.7600688934, 18.3857631683, 15.7167854309, 3.52595996857, 6.05583763123, 0.742441475391, -2.51138973236], [-198.886291504, -34.8465156555, -20.2030220032, -32.5891609192, 1.0678204298, 25.7600688934, 108.968147278, 48.856212616, 39.5104980469, 9.27471733093, 9.84886074066, 2.51640295982, -36.6200637817], [-373.132019043, -145.570785522, -110.03427124, -95.9111785889, -17.6201114655, 18.3857631683, 48.856212616, 100.622680664, 60.2898101807, 8.85533237457, 31.3471508026, 11.3596372604, 11.8883543015], [-237.300872803, -96.690864563, -72.9713058472, -60.8778610229, -7.12231874466, 15.7167854309, 39.5104980469, 60.2898101807, 77.4959716797, 21.2795658112, 21.2207679749, 12.4536514282, -2.66904950142], [37.2276000977, -14.1682024002, -9.27662181854, -4.46725606918, 2.17443442345, 3.52595996857, 9.27471733093, 8.85533237457, 21.2795658112, 33.9438171387, 14.4991235733, 6.65448284149, 1.46940982342], [-93.6536865234, -70.4876937866, -54.2299728394, -46.4837799072, -12.7124643326, 6.05583763123, 9.84886074066, 31.3471508026, 21.2207679749, 14.4991235733, 41.7096214294, 19.0694313049, 13.1964015961], [-16.7894802094, -34.4271125793, -28.4212589264, -22.3307247162, -11.1512670517, 0.742441475391, 2.51640295982, 11.3596372604, 12.4536514282, 6.65448284149, 19.0694313049, 31.3982601166, 17.2951660156], [3.09260392189, -62.9995689392, -45.0758552551, -26.7923812866, -10.8727531433, -2.51138973236, -36.6200637817, 11.8883543015, -2.66904950142, 1.46940982342, 13.1964015961, 17.2951660156, 68.3588409424]]
        icov: [[0.000213885854464, 0.000139914234751, -0.000558873289265, 0.000403379177442, -0.000430385669461, -3.29978684022e-05, 0.000140742617077, 0.000522310903762, 0.000283335859422, -0.000582708744332, 0.000118794137961, -0.000311211624648, -9.68655003817e-05], [0.000139914234751, 0.0237888097763, -0.0189586039633, -0.00662193866447, 0.00539330113679, 0.000996373477392, 0.00157169543672, 0.00383572652936, 0.00373525661416, -0.00213022972457, 0.00468845758587, -0.00367712974548, 0.00810695812106], [-0.000558873289265, -0.0189586039633, 0.0361360609531, -0.0118037983775, -0.00662901997566, 0.00598043110222, -0.0065067880787, 0.00037884482299, -0.000262261222815, 0.00327479327098, -0.00296832225285, 0.0040763663128, -0.00317040318623], [0.000403379177442, -0.00662193866447, -0.0118037983775, 0.0398074127734, -0.0209785215557, -0.00212260265835, 0.0033039029222, 0.00837972946465, 0.0038266221527, -0.00800365209579, 0.0089756064117, -0.00445824302733, -0.00168786221184], [-0.000430385669461, 0.00539330113679, -0.00662901997566, -0.0209785215557, 0.0416092164814, -0.013137136586, 0.00195704726502, -0.00819835532457, -0.00614289753139, 0.00288885412738, -0.00480819353834, 0.00755919003859, -0.000280101696262], [-3.29978684022e-05, 0.000996373477392, 0.00598043110222, -0.00212260265835, -0.013137136586, 0.039030674845, -0.0100006200373, 0.002852038946, -0.00150837178808, 0.0023410632275, -0.00272730062716, 0.0023855175823, -0.00266390806064], [0.000140742617077, 0.00157169543672, -0.0065067880787, 0.0033039029222, 0.00195704726502, -0.0100006200373, 0.0215440820903, -0.011527129449, 0.000707228784449, -0.00412713596597, 0.00418883049861, -0.00756369903684, 0.0131576042622], [0.000522310903762, 0.00383572652936, 0.00037884482299, 0.00837972946465, -0.00819835532457, 0.002852038946, -0.011527129449, 0.0407316610217, -0.0148500753567, 0.00700528873131, -0.00957110431045, 0.00892586447299, -0.00855351891369], [0.000283335859422, 0.00373525661416, -0.000262261222815, 0.0038266221527, -0.00614289753139, -0.00150837178808, 0.000707228784449, -0.0148500753567, 0.036907415837, -0.019904660061, 0.0110378041863, -0.0125036062673, 0.00958702433854], [-0.000582708744332, -0.00213022972457, 0.00327479327098, -0.00800365209579, 0.00288885412738, 0.0023410632275, -0.00412713596597, 0.00700528873131, -0.019904660061, 0.0484800301492, -0.0215961243957, 0.00700347451493, -0.00522026373073], [0.000118794137961, 0.00468845758587, -0.00296832225285, 0.0089756064117, -0.00480819353834, -0.00272730062716, 0.00418883049861, -0.00957110431045, 0.0110378041863, -0.0215961243957, 0.0555496774614, -0.0263213440776, 0.00575059605762], [-0.000311211624648, -0.00367712974548, 0.0040763663128, -0.00445824302733, 0.00755919003859, 0.0023855175823, -0.00756369903684, 0.00892586447299, -0.0125036062673, 0.00700347451493, -0.0263213440776, 0.0568256042898, -0.0166831109673], [-9.68655003817e-05, 0.00810695812106, -0.00317040318623, -0.00168786221184, -0.000280101696262, -0.00266390806064, 0.0131576042622, -0.00855351891369, 0.00958702433854, -0.00522026373073, 0.00575059605762, -0.0166831109673, 0.0313433744013]]
    spectral_contrast:
        mean: [-1.17929332077e-07, 6.51584457501e-08, 1.2574561481e-07, -2.00863368605e-07, -1.14450280364e-07, -3.74274662818e-07, -6.16389286279e-07, 1.09057384634e-06, -7.12203359399e-07, 6.40359871795e-07, 1.44174589423e-06, -1.67017833519e-06]
        var: [0.000147497325088, 0.000247990974458, 0.000695111579262, 0.000797805609182, 0.00352746085264, 0.00624993769452, 0.0181735027581, 0.0278308000416, 0.048019580543, 0.132528364658, 0.238873109221, 3.44416666031]

rhythm:
    beats_loudness:
        dmean: 0.00195663003251
        dmean2: 0.00357269658707
        dvar: 7.96238236944e-06
        dvar2: 2.41756551986e-05
        max: 0.0107217235491
        mean: 0.0045360904187
        min: 1.53544533532e-05
        var: 6.20754190095e-06
    beats_loudness_bass:
        dmean: 0.00340525293723
        dmean2: 0.00697263842449
        dvar: 6.67887288728e-05
        dvar2: 0.000196821885766
        max: 0.0256090015173
        mean: 0.00190469692461
        min: 3.91753601434e-05
        var: 3.7650228478e-05
    bpm: 111.860702515
    bpm_confidence: 0
    first_peak_bpm: 112
    first_peak_spread: 0
    first_peak_weight: 0.933333337307
    onset_rate: 0.996907532215
    second_peak_bpm: 67
    second_peak_spread: 0
    second_peak_weight: 0.0666666701436
    beats_position: [1.32527506351, 1.86102485657, 2.39677453041, 2.93252420425, 3.46827363968, 4.00402355194, 4.53977298737, 5.07552289963, 5.97396659851, 6.51121997833, 7.04847335815, 7.58572769165, 8.12298107147, 8.66023445129, 9.19748878479, 9.73474216461]
    bpm_estimates: [112.076141357, 111.154350281, 112.448432922, 112.300491333, 111.384841919, 111.203269958, 112.457427979]
    bpm_intervals: [0.535749793053, 0.535749673843, 0.535749673843, 0.535749435425, 0.535749912262, 0.535749435425, 0.535749912262, 0.898443698883, 0.537253379822, 0.537253379822, 0.537254333496, 0.537253379822, 0.537253379822, 0.537254333496, 0.537253379822]
    onset_times: [1.39319729805, 1.55573701859, 1.63700675964, 2.08979582787, 2.17106580734, 2.41487526894, 8.12698459625, 8.90485286713, 9.07900238037, 9.32281208038]
    rubato_start: []
    rubato_stop: []
    perceptual_tempo: "unknown"

sfx:
    inharmonicity:
        dmean: 0.0836602374911
        dmean2: 0.15104624629
        dvar: 0.00527368066832
        dvar2: 0.0152318542823
        max: 0.424809247255
        mean: 0.0946995913982
        min: 0.00177467125468
        var: 0.00598447909579
    oddtoevenharmonicenergyratio:
        dmean: 2.85884857178
        dmean2: 5.28166484833
        dvar: 25.4252471924
        dvar2: 73.0867767334
        max: 46.4435501099
        mean: 2.31276512146
        min: 0.0282802395523
        var: 17.0769405365
    pitch_after_max_to_before_max_energy_ratio: 0.282733082771
    pitch_centroid: 213.501998901
    pitch_max_to_total: 0.858638763428
    pitch_min_to_total: 0.780104696751
    tristimulus:
        dmean: [0.165592059493, 0.239406555891, 0.1877502352]
        dmean2: [0.298727571964, 0.415158838034, 0.319545954466]
        dvar: [0.0210344325751, 0.0433904975653, 0.0210086610168]
        dvar2: [0.0577614121139, 0.137036129832, 0.0607041455805]
        max: [0.673478603363, 0.997174084187, 0.721232950687]
        mean: [0.164699047804, 0.586954057217, 0.200467735529]
        min: [0.000292511918815, 0, 0]
        var: [0.0251258034259, 0.0493390187621, 0.0284899324179]

tonal:
    chords_changes_rate: 0.0520833320916
    chords_number_rate: 0.0364583320916
    chords_strength:
        dmean: 0.0123151019216
        dmean2: 0.0130516337231
        dvar: 0.000106042461994
        dvar2: 0.00016372979735
        max: 0.544235050678
        mean: 0.410480767488
        min: 0.226792544127
        var: 0.00572091015056
    key_strength: 0.331373721361
    tuning_diatonic_strength: 0.293530851603
    tuning_equal_tempered_deviation: 0.150595739484
    tuning_frequency: 441.527557373
    tuning_nontempered_energy_ratio: 0.843434691429
    hpcp:
        dmean: [0.216583892703, 0.149580016732, 0.159422323108, 0.157580018044, 0.19031073153, 0.202017620206, 0.191586539149, 0.186833426356, 0.175110295415, 0.191513374448, 0.192310988903, 0.158362269402, 0.132787778974, 0.149210348725, 0.153589054942, 0.134257018566, 0.120122313499, 0.120467081666, 0.122859835625, 0.118578515947, 0.129809826612, 0.14498886466, 0.137041568756, 0.166398495436, 0.162403553724, 0.165312632918, 0.167795076966, 0.170443594456, 0.166606560349, 0.172701224685, 0.189001470804, 0.187668919563, 0.165333494544, 0.174803882837, 0.197075992823, 0.203611329198]
        dmean2: [0.36884650588, 0.246796354651, 0.273486763239, 0.258153945208, 0.322669029236, 0.344391107559, 0.333584666252, 0.324304997921, 0.283242434263, 0.309492826462, 0.334733814001, 0.269059926271, 0.222354650497, 0.242605626583, 0.261278539896, 0.215414956212, 0.192740082741, 0.184428110719, 0.199104472995, 0.196332007647, 0.225445359945, 0.255025476217, 0.226510867476, 0.289057314396, 0.274522453547, 0.275050342083, 0.274477779865, 0.280728906393, 0.275849610567, 0.283938169479, 0.315119326115, 0.302198082209, 0.257044941187, 0.267746806145, 0.319920480251, 0.341069579124]
        dvar: [0.0331261567771, 0.0164475999773, 0.0211148634553, 0.018945755437, 0.0259449761361, 0.030162487179, 0.0286579988897, 0.0277436021715, 0.0232122950256, 0.0250811353326, 0.0325898751616, 0.0219103582203, 0.0153448907658, 0.0176513213664, 0.0222742501646, 0.0170705616474, 0.0139557262883, 0.0172477830201, 0.0193849056959, 0.0162688009441, 0.0186037365347, 0.0214153937995, 0.0152141302824, 0.0233197081834, 0.02296156995, 0.0204464793205, 0.0239329859614, 0.0216140467674, 0.0203160513192, 0.0203179307282, 0.0270133074373, 0.0240549370646, 0.0241516716778, 0.0219222586602, 0.0285881776363, 0.0265216678381]
        dvar2: [0.0931283831596, 0.0417819209397, 0.0519368574023, 0.0493682995439, 0.0614715665579, 0.0777342170477, 0.0742871314287, 0.0753520876169, 0.0593783296645, 0.0654490664601, 0.0855790302157, 0.0577899999917, 0.0449184216559, 0.0521550923586, 0.0621276013553, 0.0413660667837, 0.0280694048852, 0.0403075218201, 0.042591471225, 0.040548838675, 0.0521730035543, 0.0648758485913, 0.0418870784342, 0.0616305395961, 0.0570756271482, 0.050187792629, 0.0691448897123, 0.0565850771964, 0.0482489168644, 0.0562584623694, 0.0735741183162, 0.0641126930714, 0.0591534227133, 0.0495283380151, 0.0740856006742, 0.0788810923696]
        max: [1, 1, 1, 1, 1, 1, 1, 1, 1, 1, 1, 1, 1, 1, 1, 1, 1, 1, 1, 0.915774345398, 0.994496107101, 1, 1, 1, 1, 1, 1, 1, 1, 1, 1, 1, 1, 1, 1, 1]
        mean: [0.441729038954, 0.399961620569, 0.431977063417, 0.475061655045, 0.448179632425, 0.424333453178, 0.413522839546, 0.403154700994, 0.434246331453, 0.467714309692, 0.426697492599, 0.340018540621, 0.310915440321, 0.329526036978, 0.323580354452, 0.306226879358, 0.289923548698, 0.302378743887, 0.305073946714, 0.271203935146, 0.282348185778, 0.301514476538, 0.316990703344, 0.402764409781, 0.460163474083, 0.399790763855, 0.380516499281, 0.419792532921, 0.438718229532, 0.445146232843, 0.443007349968, 0.440957516432, 0.457238048315, 0.496574044228, 0.506994187832, 0.485701918602]
        min: [0.0360262393951, 0.0261570997536, 0.0143889328465, 0.0467330291867, 0.0313324332237, 0.0307536777109, 0.0213203579187, 0.0128266699612, 0.0223916564137, 0.0832170248032, 0.0625896602869, 0.0332283526659, 0.0205954313278, 0.0198853816837, 0.011595047079, 0.0150032285601, 0.0110757146031, 0.0110024372116, 0.0425506234169, 0.0239012278616, 0.0123762916774, 0.00802216120064, 0.0132154431194, 0.0270243827254, 0.0170879345387, 0.0176343303174, 0.0639521479607, 0.0451815463603, 0.0233328249305, 0.020018171519, 0.0198449548334, 0.0267691668123, 0.0209014583379, 0.0675623342395, 0.106034964323, 0.0853763148189]
        var: [0.0585971437395, 0.045500036329, 0.0571004785597, 0.0531320422888, 0.0534375458956, 0.0473219491541, 0.0466004349291, 0.0466518737376, 0.0491667874157, 0.0615695826709, 0.0570896267891, 0.0470320247114, 0.0380948223174, 0.0471177510917, 0.0398197285831, 0.0347866602242, 0.025200093165, 0.0351114086807, 0.0458691865206, 0.026146993041, 0.0339944176376, 0.0377744585276, 0.0412044972181, 0.0483876615763, 0.0653536245227, 0.0450822077692, 0.0450540967286, 0.0522721521556, 0.0580019466579, 0.0628797635436, 0.0654320716858, 0.0689189359546, 0.0686659812927, 0.0740467756987, 0.068696424365, 0.0555091015995]
    chords_histogram: [16.1458339691, 0, 0, 2.08333325386, 1.5625, 19.7916660309, 0, 0.520833313465, 0, 0, 0, 0, 0, 0, 0.520833313465, 0, 0, 39.0625, 4.16666650772, 0, 0, 16.1458339691, 0, 0]
    thpcp: [1, 0.958002924919, 0.871270418167, 0.7888879776, 0.852035522461, 0.93701595068, 0.883993625641, 0.836959183216, 0.815636277199, 0.795186042786, 0.856511473656, 0.922524034977, 0.841622054577, 0.670655667782, 0.613252460957, 0.649960160255, 0.638232886791, 0.604004740715, 0.571847856045, 0.596414625645, 0.601730644703, 0.534925162792, 0.556906163692, 0.594709932804, 0.625235378742, 0.794416248798, 0.907630681992, 0.788550972939, 0.750534236431, 0.828002631664, 0.865331888199, 0.878010511398, 0.873791754246, 0.869748651981, 0.901860535145, 0.979447185993]
    chords_key: "E"
    chords_scale: "major"
    key_key: "F"
    key_scale: "minor"
    chords_progression: ["F", "Fm", "Fm", "Fm", "Fm", "Fm", "Fm", "Fm", "Fm", "Fm", "Fm", "Fm", "Fm", "Fm", "Fm", "Fm", "Fm", "Fm", "Fm", "Fm", "Fm", "Fm", "Fm", "Fm", "Fm", "Fm", "Fm", "G#m", "G#m", "G#m", "G#m", "G#m", "G#m", "G#m", "G#m", "E", "E", "E", "E", "E", "E", "E", "E", "E", "E", "E", "E", "E", "E", "E", "E", "E", "E", "E", "E", "E", "E", "E", "E", "E", "E", "E", "E", "E", "E", "E", "E", "E", "E", "E", "E", "E", "E", "E", "E", "E", "E", "E", "E", "E", "E", "E", "E", "E", "E", "E", "E", "E", "E", "E", "E", "E", "E", "E", "E", "E", "E", "E", "E", "E", "E", "E", "E", "E", "E", "E", "E", "E", "E", "E", "D#", "D#", "D#", "D#", "F#m", "F#", "F#", "F#", "F#", "F#", "F#", "F#", "F#", "F#", "F#", "F#", "F#", "F#", "F#", "F#", "F#", "F#", "F#", "F#", "F#", "F#", "F#", "F#", "F#", "F#", "F#", "Gm", "Gm", "Gm", "F#", "F#", "F#", "F#", "F#", "A#", "A#", "A#", "A#", "A#", "A#", "A#", "A#", "A#", "A#", "A#", "A#", "A#", "A#", "A#", "A#", "A#", "A#", "A#", "A#", "A#", "A#", "A#", "A#", "A#", "A#", "A#", "A#", "A#", "A#", "A#", "A#", "A#", "A#", "A#", "A#", "A#", "A#", "Fm", "Fm", "Fm", "Fm", "Fm"]
