
metadata:
    version:
        essentia: "1.2.2"
    audio_properties:
        analysis_sample_rate: 44100
        bitrate: 128
        channels: 2
        equal_loudness: 1
        length: 4.54530620575
        replay_gain: -16.2283592224
        downmix: "mix"
    tags:
        track: 22
        year: 0
        album: "Splitted by Mp3Splt v. 2.1"
        artist: "From 003.30 To 003.40"
        comment: "http://mp3splt.sf.net"
        genre: ""
        title: "01 Sleep Well.mp3"

highlevel:
    ballroom:
        all:
            ChaChaCha: 0.940612852573
            Jive: 0.0297736059874
            Quickstep: 0.00153812230565
            Rumba-American: 0.000204480005777
            Rumba-International: 0.000104914957774
            Rumba-Misc: 1.98828201974e-05
            Samba: 0.0275691412389
            Tango: 3.94505295844e-05
            VienneseWaltz: 2.38111351791e-05
            Waltz: 0.000113733949547
        probability: 0.940612852573
        value: "ChaChaCha"
    culture:
        all:
            non_western: 0.448670834303
            western: 0.551329135895
        probability: 0.551329135895
        value: "western"
    gender:
        all:
            female: 0.421780139208
            male: 0.578219890594
        probability: 0.578219890594
        value: "male"
    genre_dortmund:
        all:
            alternative: 0.052244912833
            blues: 0.014177638106
            electronic: 0.0856114923954
            folkcountry: 0.00979348737746
            funksoulrnb: 0.00635438831523
            jazz: 0.0140144163743
            pop: 0.0163616836071
            raphiphop: 0.00322862737812
            rock: 0.798213362694
        probability: 0.798213362694
        value: "rock"
    genre_electronica:
        all:
            ambient: 0.0977805480361
            dnb: 0.532885909081
            house: 0.00981892924756
            techno: 0.27093487978
            trance: 0.0885796993971
        probability: 0.532885909081
        value: "dnb"
    genre_rosamerica:
        all:
            cla: 0.00780977169052
            dan: 0.0435363538563
            hip: 0.0364619940519
            jaz: 0.00580857228488
            pop: 0.0173049196601
            rhy: 0.0162231102586
            roc: 0.866740763187
            spe: 0.00611448381096
        probability: 0.866740763187
        value: "roc"
    genre_tzanetakis:
        all:
            blu: 0.0110954465345
            cla: 0.0252098590136
            cou: 0.0178738143295
            dis: 0.220040172338
            hip: 0.0742203220725
            jaz: 0.0447915531695
            met: 0.101206429303
            pop: 0.11855571717
            reg: 0.173340409994
            roc: 0.213666290045
        probability: 0.220040172338
        value: "dis"
    live_studio:
        all:
            live: 0.0681557804346
            studio: 0.931844234467
        probability: 0.931844234467
        value: "studio"
    mood:
        all:
            Cluster1: 0.246688053012
            Cluster2: 0.0581613965333
            Cluster3: 0.00596285285428
            Cluster4: 0.0237630680203
            Cluster5: 0.665424644947
        probability: 0.665424644947
        value: "Cluster5"
    mood_acoustic:
        all:
            acoustic: 0.0379511043429
            not_acoustic: 0.962048888206
        probability: 0.962048888206
        value: "not_acoustic"
    mood_aggressive:
        all:
            aggressive: 0.999607205391
            not_aggressive: 0.000392771675251
        probability: 0.999607205391
        value: "aggressive"
    mood_electronic:
        all:
            electronic: 0.739008188248
            not_electronic: 0.260991841555
        probability: 0.739008188248
        value: "electronic"
    mood_happy:
        all:
            happy: 0.0988738313317
            not_happy: 0.901126146317
        probability: 0.901126146317
        value: "not_happy"
    mood_party:
        all:
            not_party: 0.068416275084
            party: 0.931583702564
        probability: 0.931583702564
        value: "party"
    mood_relaxed:
        all:
            not_relaxed: 0.5
            relaxed: 0.5
        probability: 0.5
        value: "not_relaxed"
    mood_sad:
        all:
            not_sad: 0.999120950699
            sad: 0.000879052095115
        probability: 0.999120950699
        value: "not_sad"
    rhythm:
        all:
            fast: 0.86110752821
            medium: 0.0992512404919
            slow: 0.0396412014961
        probability: 0.86110752821
        value: "fast"
    speech_music:
        all:
            music: 0.962779343128
            speech: 0.0372206345201
        probability: 0.962779343128
        value: "music"
    timbre:
        all:
            bright: 0.105163045228
            dark: 0.894836962223
        probability: 0.894836962223
        value: "dark"
    voice_instrumental:
        all:
            instrumental: 0.568061351776
            voice: 0.431938618422
        probability: 0.568061351776
        value: "instrumental"

lowlevel:
    average_loudness: 0.327686369419
    barkbands_kurtosis:
        dmean: 1.92914605141
        dmean2: 3.50879693031
        dvar: 11.6790494919
        dvar2: 39.8569107056
        max: 33.9681434631
        mean: 2.70218920708
        min: -1.58969402313
        var: 50.3634147644
    barkbands_skewness:
        dmean: 0.453679263592
        dmean2: 0.80602145195
        dvar: 0.159267127514
        dvar2: 0.468506127596
        max: 5.82260036469
        mean: 0.356420308352
        min: -1.67130613327
        var: 3.73990345001
    barkbands_spread:
        dmean: 5.46180391312
        dmean2: 9.20339012146
        dvar: 26.7069301605
        dvar2: 68.4745559692
        max: 49.9660797119
        mean: 26.7931747437
        min: 5.60875320435
        var: 113.242935181
    dissonance:
        dmean: 0.0108823776245
        dmean2: 0.0189934205264
        dvar: 0.000118823751109
        dvar2: 0.000308604590828
        max: 0.499165713787
        mean: 0.483760684729
        min: 0.42492094636
        var: 0.00016103508824
    hfc:
        dmean: 2.61088681221
        dmean2: 4.49782991409
        dvar: 13.3529434204
        dvar2: 36.4686775208
        max: 31.2919330597
        mean: 10.1761112213
        min: 0.00063649925869
        var: 60.941028595
    pitch:
        dmean: 655.131469727
        dmean2: 1263.34558105
        dvar: 1101580.5
        dvar2: 2118131.75
        max: 4009.09082031
        mean: 2112.23730469
        min: 86.4705886841
        var: 1799109.625
    pitch_instantaneous_confidence:
        dmean: 0.0800102576613
        dmean2: 0.129966557026
        dvar: 0.00407267967239
        dvar2: 0.0120454682037
        max: 0.704466640949
        mean: 0.420364290476
        min: 0.158024251461
        var: 0.0154693750665
    pitch_salience:
        dmean: 0.0452857725322
        dmean2: 0.0721349045634
        dvar: 0.00201578717679
        dvar2: 0.0047936597839
        max: 0.823117554188
        mean: 0.585943818092
        min: 0.1272611022
        var: 0.0478802323341
    silence_rate_20dB:
        dmean: 0
        dmean2: 0
        dvar: 0
        dvar2: 0
        max: 1
        mean: 1
        min: 1
        var: 0
    silence_rate_30dB:
        dmean: 0
        dmean2: 0
        dvar: 0
        dvar2: 0
        max: 1
        mean: 1
        min: 1
        var: 0
    silence_rate_60dB:
        dmean: 0.013071895577
        dmean2: 0.0263157896698
        dvar: 0.0129010053352
        dvar2: 0.0256232917309
        max: 1
        mean: 0.487012982368
        min: 0
        var: 0.249831229448
    spectral_centroid:
        dmean: 179.438034058
        dmean2: 301.869659424
        dvar: 26424.984375
        dvar2: 64806.796875
        max: 3197.78051758
        mean: 1806.19030762
        min: 150.68081665
        var: 798412
    spectral_complexity:
        dmean: 3.66972470284
        dmean2: 6.00925922394
        dvar: 19.4872531891
        dvar2: 48.3980865479
        max: 42
        mean: 17.9636363983
        min: 0
        var: 151.944122314
    spectral_crest:
        dmean: 1.90614020824
        dmean2: 3.33747839928
        dvar: 3.1827878952
        dvar2: 9.31534481049
        max: 23.1031551361
        mean: 9.1300163269
        min: 3.08785796165
        var: 36.6010856628
    spectral_decrease:
        dmean: 2.22790522142e-10
        dmean2: 3.84052983859e-10
        dvar: 1.18017567381e-19
        dvar2: 3.04525353439e-19
        max: -6.91905300415e-13
        mean: -9.19100906493e-10
        min: -2.97207525257e-09
        var: 4.14408181107e-19
    spectral_energy:
        dmean: 0.00106328481343
        dmean2: 0.00183520489372
        dvar: 2.59684861703e-06
        dvar2: 6.77931120663e-06
        max: 0.0140555789694
        mean: 0.00439190305769
        min: 2.66914025815e-06
        var: 9.70075052464e-06
    spectral_energyband_high:
        dmean: 0.000189936865354
        dmean2: 0.000336312747095
        dvar: 1.35537518986e-07
        dvar2: 4.02401553856e-07
        max: 0.00297553860582
        mean: 0.000503143761307
        min: 3.27970806069e-09
        var: 2.2462710092e-07
    spectral_energyband_low:
        dmean: 9.88822284853e-05
        dmean2: 0.000164719735039
        dvar: 2.25117648966e-08
        dvar2: 5.79556385105e-08
        max: 0.000856788770761
        mean: 0.000194255873794
        min: 2.42697660724e-06
        var: 4.15617762428e-08
    spectral_energyband_middle_high:
        dmean: 0.000701359182131
        dmean2: 0.0011472387705
        dvar: 7.28026350316e-07
        dvar2: 1.81234622687e-06
        max: 0.00864484254271
        mean: 0.00289249559864
        min: 1.33349814746e-07
        var: 4.27471968578e-06
    spectral_energyband_middle_low:
        dmean: 0.000438819231931
        dmean2: 0.000748213147745
        dvar: 5.35744788976e-07
        dvar2: 1.42946510095e-06
        max: 0.00506758503616
        mean: 0.000802005466539
        min: 3.23778834854e-08
        var: 7.77142702191e-07
    spectral_flatness_db:
        dmean: 0.0134502220899
        dmean2: 0.0213478691876
        dvar: 0.000140345204272
        dvar2: 0.000320670602378
        max: 0.397606253624
        mean: 0.177548602223
        min: 0.111300475895
        var: 0.00732144340873
    spectral_flux:
        dmean: 0.00658192345873
        dmean2: 0.0105882640928
        dvar: 6.88371219439e-05
        dvar2: 0.000130079148221
        max: 0.0835507810116
        mean: 0.038432020694
        min: 0.000358371384209
        var: 0.00051496172091
    spectral_kurtosis:
        dmean: 0.788515329361
        dmean2: 1.24769306183
        dvar: 0.378010123968
        dvar2: 1.12816560268
        max: 8.81974220276
        mean: 3.07187438011
        min: 0.508375883102
        var: 2.51136541367
    spectral_rms:
        dmean: 0.000214553423575
        dmean2: 0.000360999751138
        dvar: 7.81103892677e-08
        dvar2: 2.01688237667e-07
        max: 0.00370307429694
        mean: 0.00181542395148
        min: 5.10297868459e-05
        var: 9.89018644759e-07
    spectral_rolloff:
        dmean: 216.122238159
        dmean2: 363.472503662
        dvar: 123091.242188
        dvar2: 265419.3125
        max: 4629.63867188
        mean: 2962.18359375
        min: 86.1328125
        var: 2245980.5
    spectral_skewness:
        dmean: 0.121982619166
        dmean2: 0.203335866332
        dvar: 0.00810098554939
        dvar2: 0.0260665658861
        max: 2.33739733696
        mean: 1.25389373302
        min: 0.643804848194
        var: 0.117299854755
    spectral_spread:
        dmean: 347462.0625
        dmean2: 548956.3125
        dvar: 124546768896
        dvar2: 256103858176
        max: 7537650.5
        mean: 4263999.5
        min: 2877529
        var: 469161574400
    spectral_strongpeak:
        dmean: 0.701337695122
        dmean2: 1.10260570049
        dvar: 0.876454114914
        dvar2: 1.84716498852
        max: 5.60923671722
        mean: 1.15895032883
        min: 0.00655082333833
        var: 1.85656642914
    zerocrossingrate:
        dmean: 0.0060743978247
        dmean2: 0.00779441557825
        dvar: 2.83277659037e-05
        dvar2: 4.23410419899e-05
        max: 0.16259765625
        mean: 0.0975807905197
        min: 0.0126953125
        var: 0.00194487208501
    barkbands:
        dmean: [1.32385295615e-07, 5.89444134675e-05, 7.59694885346e-05, 0.000102092264569, 0.000119463278679, 0.000101499077573, 0.000102634054201, 0.000109403350507, 0.000125423001009, 0.000159638322657, 0.000102413119748, 0.000118544929137, 7.29837702238e-05, 5.89050432609e-05, 5.83417568123e-05, 6.26737819402e-05, 0.000139437295729, 0.000244111681241, 0.000291630480206, 0.000194168605958, 0.000121191354992, 3.50295376847e-05, 1.12083671411e-05, 2.10074176721e-06, 6.70290432936e-07, 2.04802503845e-08, 1.64093863497e-10]
        dmean2: [2.29522200357e-07, 0.00010261288844, 0.000134873349452, 0.000172184503754, 0.00020563484577, 0.000187120414921, 0.000189635815332, 0.000177956491825, 0.000214931642404, 0.000292908283882, 0.000163479911862, 0.000181938899914, 0.000128747473354, 0.000103197162389, 9.70600594883e-05, 0.000102442580101, 0.000237800180912, 0.000407804764109, 0.000495164713357, 0.000330632756231, 0.000217430322664, 6.08008303971e-05, 1.70914336195e-05, 3.07431355395e-06, 1.20630147649e-06, 3.38305490288e-08, 3.041199792e-10]
        dvar: [8.4526176748e-14, 1.12754321435e-08, 1.15228466768e-08, 2.04014263261e-08, 4.09387936884e-08, 7.39089998092e-08, 6.68080133437e-08, 2.40928574868e-08, 3.53726221647e-08, 8.14701053287e-08, 2.71041766808e-08, 5.28150181367e-08, 1.22446186523e-08, 4.68204852666e-09, 7.24778725925e-09, 7.37557126484e-09, 3.03808143087e-08, 8.45908090241e-08, 1.60552133366e-07, 6.20207174507e-08, 5.64190862917e-08, 2.74823541702e-09, 6.44136133321e-10, 9.30388058262e-12, 1.36922331112e-12, 1.3604109345e-15, 7.38893751694e-20]
        dvar2: [2.43768140439e-13, 3.07972420899e-08, 2.71318434386e-08, 6.66277557571e-08, 1.13551998027e-07, 2.14194798787e-07, 1.95589464624e-07, 5.88417456981e-08, 8.62320277406e-08, 2.47232833317e-07, 5.2684530516e-08, 1.29978573682e-07, 3.48034241426e-08, 1.43085170379e-08, 2.01364080965e-08, 2.11570903019e-08, 9.0599229452e-08, 2.20575728349e-07, 4.49441301953e-07, 1.70422225665e-07, 1.62469078191e-07, 6.9805201619e-09, 8.77313166558e-10, 1.68125374733e-11, 3.3861576737e-12, 3.34583159891e-15, 2.35521429752e-19]
        max: [1.90488913177e-06, 0.000646480242722, 0.000660192104988, 0.000685827573761, 0.00133214495145, 0.00162076484412, 0.00166106363758, 0.00109453569166, 0.00110612786375, 0.00252711307257, 0.00132969603874, 0.00259718787856, 0.000721741234884, 0.000408094318118, 0.000608988397289, 0.000576083257329, 0.00116128893569, 0.00212129554711, 0.00395729253069, 0.00173978996463, 0.00189623399638, 0.000373504211893, 0.000265025388217, 3.10732757498e-05, 1.04843593363e-05, 2.57120149172e-07, 1.27531263328e-09]
        mean: [1.42898514355e-07, 8.66042100824e-05, 0.000107513464172, 0.000113984351628, 0.000151876578457, 8.98263388081e-05, 0.000106086197775, 0.000132918925374, 0.000190482896869, 0.000212789935176, 0.00018483097665, 0.000198865483981, 0.000110381355626, 9.90714179352e-05, 0.000108975254989, 0.000103688711533, 0.000311870739097, 0.000575747399125, 0.000719645642675, 0.000427046965342, 0.000260984612396, 7.15264905011e-05, 1.99907699425e-05, 5.59169029657e-06, 1.42064618558e-06, 4.23065138477e-08, 1.22372278977e-10]
        min: [1.60921623249e-10, 2.01294210456e-06, 3.99799716888e-07, 8.13535105948e-09, 1.46244758525e-08, 1.11126197133e-09, 1.53167575845e-10, 1.22352614151e-10, 2.78204043136e-10, 1.23386176276e-10, 2.26213658916e-10, 2.53042004017e-10, 6.40148350994e-11, 2.51710430277e-09, 8.09186317952e-09, 1.08117281794e-09, 7.40311776326e-08, 2.13762714196e-08, 5.07504660519e-09, 9.76220104754e-10, 1.52005596998e-09, 9.18181031206e-10, 3.75287440013e-11, 9.1405077951e-12, 7.3970005468e-12, 4.34269292618e-13, 7.4596958173e-16]
        var: [7.29090114562e-14, 1.06624469254e-08, 2.18417977038e-08, 2.11580957199e-08, 4.33049862636e-08, 4.61516300732e-08, 4.81134492247e-08, 3.97751094283e-08, 6.95602651035e-08, 1.3644772423e-07, 6.33300132336e-08, 1.17940544442e-07, 1.73371628165e-08, 9.54954249011e-09, 1.52044510315e-08, 1.35999522755e-08, 8.26144486155e-08, 2.56103646734e-07, 4.60936888658e-07, 1.59627845164e-07, 7.36491969633e-08, 5.374548806e-09, 1.3876783056e-09, 3.5449441993e-11, 2.52001609684e-12, 2.40139155678e-15, 5.387557869e-20]
    mfcc:
        mean: [-777.065917969, 91.6497802734, -52.1692008972, 61.698009491, -7.48575496674, 7.63355970383, 8.39379501343, 13.0940341949, 5.80108976364, -0.593848347664, 1.4559700489, -0.590209126472, -6.07341384888]
        cov: [[42542.3320312, -3769.26611328, -784.740234375, -4928.31347656, -5625.99658203, -3295.94775391, -231.685440063, -1452.69262695, -2784.05395508, 69.1435470581, -509.077087402, -249.726867676, -402.047576904], [-3769.26611328, 533.164306641, 20.8981761932, 369.783325195, 448.200469971, 286.576873779, 36.613822937, 116.420402527, 278.99697876, 24.6958045959, 87.4502868652, 35.6016311646, 24.3130474091], [-784.740234375, 20.8981761932, 147.489822388, 103.917282104, 145.926361084, 32.3066864014, -65.4177474976, -1.04231023788, 43.0293235779, 14.7977619171, 18.9830360413, 5.57612800598, 6.388712883], [-4928.31347656, 369.783325195, 103.917282104, 821.03729248, 741.759765625, 395.187683105, -46.2850456238, 103.793212891, 315.548706055, -22.9264316559, 19.1050491333, 17.0148429871, 34.0309066772], [-5625.99658203, 448.200469971, 145.926361084, 741.759765625, 851.917236328, 448.355682373, -3.13198947906, 142.960906982, 356.720245361, -4.33495807648, 56.5368843079, 25.3862094879, 50.84948349], [-3295.94775391, 286.576873779, 32.3066864014, 395.187683105, 448.355682373, 348.658111572, 88.4602661133, 139.722381592, 198.16557312, -44.501625061, 29.1795558929, 32.1238288879, 61.0129432678], [-231.685440063, 36.613822937, -65.4177474976, -46.2850456238, -3.13198947906, 88.4602661133, 199.326934814, 97.4874572754, -2.70508503914, -47.3798866272, -17.6931495667, 14.2972373962, 40.0185203552], [-1452.69262695, 116.420402527, -1.04231023788, 103.793212891, 142.960906982, 139.722381592, 97.4874572754, 148.099609375, 101.889915466, -15.4462099075, 12.5087966919, 13.7835817337, 27.8838386536], [-2784.05395508, 278.99697876, 43.0293235779, 315.548706055, 356.720245361, 198.16557312, -2.70508503914, 101.889915466, 241.140914917, 42.6827392578, 53.9559707642, 18.1144199371, 5.23093318939], [69.1435470581, 24.6958045959, 14.7977619171, -22.9264316559, -4.33495807648, -44.501625061, -47.3798866272, -15.4462099075, 42.6827392578, 95.0972595215, 41.2923049927, 7.01840400696, -23.1081409454], [-509.077087402, 87.4502868652, 18.9830360413, 19.1050491333, 56.5368843079, 29.1795558929, -17.6931495667, 12.5087966919, 53.9559707642, 41.2923049927, 75.3707122803, 21.28657341, -4.33995580673], [-249.726867676, 35.6016311646, 5.57612800598, 17.0148429871, 25.3862094879, 32.1238288879, 14.2972373962, 13.7835817337, 18.1144199371, 7.01840400696, 21.28657341, 34.9431762695, 14.9385986328], [-402.047576904, 24.3130474091, 6.388712883, 34.0309066772, 50.84948349, 61.0129432678, 40.0185203552, 27.8838386536, 5.23093318939, -23.1081409454, -4.33995580673, 14.9385986328, 54.0706138611]]
        icov: [[0.000767603574786, 0.00144910661038, 3.04806940221e-06, 0.000234337960137, 0.00290561211295, -8.81635569385e-05, -0.00103466736618, 0.00265779532492, 0.00170925888233, -0.00155921303667, 0.000242063630139, 0.000173159598489, 0.000810154830106], [0.00144910661038, 0.00916420388967, 0.00159048638307, 0.00132584944367, 0.00464879442006, -0.00156581541523, -0.00286279106513, 0.00770110683516, -0.00396761577576, -0.000658852804918, -0.00314747798257, -1.76282865141e-05, 0.0010287737241], [3.04806940221e-06, 0.00159048638307, 0.012952352874, 0.00236989511177, -0.00672870315611, 0.00328063592315, 0.00542539265007, -0.00334531744011, 0.00191860471386, 0.000808745448012, -0.00110090465751, -0.00331099517643, -0.00239228736609], [0.000234337960137, 0.00132584944367, 0.00236989511177, 0.00832996331155, -0.00521762063727, -0.00220436649397, 0.00341433775611, 0.00169497646857, -0.00238142721355, 0.00163728476036, 0.00431649945676, -0.00279465015046, 0.00166532339063], [0.00290561211295, 0.00464879442006, -0.00672870315611, -0.00521762063727, 0.024546796456, -0.00795896165073, -0.00637407135218, 0.0137528898194, 0.0014573171502, -0.00752642471343, -0.000529947225004, 0.00657773995772, 0.00189778325148], [-8.81635569385e-05, -0.00156581541523, 0.00328063592315, -0.00220436649397, -0.00795896165073, 0.0230109244585, -0.00342688360251, -0.00556350871921, -0.00174634810537, 0.00849227979779, -0.00410227803513, -0.00555979367346, -0.00702184299007], [-0.00103466736618, -0.00286279106513, 0.00542539265007, 0.00341433775611, -0.00637407135218, -0.00342688360251, 0.0163572020829, -0.0127942245454, 0.00285468017682, 0.00235290266573, 0.00381000945345, -0.00398710975423, -0.00270641222596], [0.00265779532492, 0.00770110683516, -0.00334531744011, 0.00169497646857, 0.0137528898194, -0.00556350871921, -0.0127942245454, 0.0312488395721, -0.00879690051079, -0.00211374042556, -0.000408539432101, 0.00358746550046, 0.0012503482867], [0.00170925888233, -0.00396761577576, 0.00191860471386, -0.00238142721355, 0.0014573171502, -0.00174634810537, 0.00285468017682, -0.00879690051079, 0.0367898531258, -0.0170139707625, 0.00143876567017, -2.58788732026e-05, 0.00808155257255], [-0.00155921303667, -0.000658852804918, 0.000808745448012, 0.00163728476036, -0.00752642471343, 0.00849227979779, 0.00235290266573, -0.00211374042556, -0.0170139707625, 0.0281694233418, -0.00918039213866, -0.00452060205862, -0.00138259876985], [0.000242063630139, -0.00314747798257, -0.00110090465751, 0.00431649945676, -0.000529947225004, -0.00410227803513, 0.00381000945345, -0.000408539432101, 0.00143876567017, -0.00918039213866, 0.028516355902, -0.0125767420977, 0.0048476587981], [0.000173159598489, -1.76282865141e-05, -0.00331099517643, -0.00279465015046, 0.00657773995772, -0.00555979367346, -0.00398710975423, 0.00358746550046, -2.58788732026e-05, -0.00452060205862, -0.0125767420977, 0.0455492846668, -0.0108890440315], [0.000810154830106, 0.0010287737241, -0.00239228736609, 0.00166532339063, 0.00189778325148, -0.00702184299007, -0.00270641222596, 0.0012503482867, 0.00808155257255, -0.00138259876985, 0.0048476587981, -0.0108890440315, 0.0328120142221]]
    spectral_contrast:
        mean: [-1.07627023738e-07, -7.54540607772e-08, -1.44659793477e-07, 7.42687404909e-08, -4.38229612598e-08, -4.05447053708e-07, 6.26932489922e-07, 2.94121832667e-06, 8.75646435361e-07, -2.90979045303e-07, 1.08046970126e-06, 1.95936718228e-06]
        var: [0.000210378188058, 0.000480340590002, 0.000658146745991, 0.00100854143966, 0.00236807577312, 0.00293709454127, 0.0494565740228, 0.0639964565635, 0.114183530211, 0.203492373228, 0.216346666217, 25.593252182]

rhythm:
    beats_loudness:
        dmean: 0.00121773791034
        dmean2: 0.00171003246214
        dvar: 1.42214753396e-06
        dvar2: 1.5497852246e-06
        max: 0.00811976566911
        mean: 0.00478503899649
        min: 1.22672608995e-05
        var: 8.99115457287e-06
    beats_loudness_bass:
        dmean: 0.169657871127
        dmean2: 0.179239690304
        dvar: 0.045257050544
        dvar2: 0.0167633946985
        max: 0.950095415115
        mean: 0.208025813103
        min: 0.0294921211898
        var: 0.0859954282641
    bpm: 187.252441406
    bpm_confidence: 0
    first_peak_bpm: 187
    first_peak_spread: 0
    first_peak_weight: 1
    onset_rate: 1.32004308701
    second_peak_bpm: 0
    second_peak_spread: 0
    second_peak_weight: 0
    beats_position: [0.145505875349, 0.465938061476, 0.786370277405, 1.10680246353, 1.42723464966, 1.74766683578, 2.06809902191, 2.38853144646]
    bpm_estimates: [187.611022949, 187.085952759, 187.984359741, 187.461090088, 186.652053833, 187.910202026, 188.9269104, 186.774246216, 187.184371948, 184.934234619]
    bpm_intervals: [0.320432186127, 0.320432215929, 0.320432186127, 0.320432186127, 0.320432186127, 0.320432186127, 0.320432424545]
    onset_times: [0.0580498874187, 0.46439909935, 0.789478480816, 0.952018141747, 1.11455786228, 1.27709746361]
    rubato_start: []
    rubato_stop: []
    perceptual_tempo: "unknown"

sfx:
    inharmonicity:
        dmean: 0.0481535084546
        dmean2: 0.0840600654483
        dvar: 0.00113435217645
        dvar2: 0.00303246965632
        max: 0.26491138339
        mean: 0.0616176761687
        min: 3.14752251143e-05
        var: 0.00215766439214
    oddtoevenharmonicenergyratio:
        dmean: 21.1779670715
        dmean2: 42.3470535278
        dvar: 17712.1035156
        dvar2: 53256.0820312
        max: 994.004455566
        mean: 11.1649856567
        min: 0.000230232748436
        var: 8882.578125
    pitch_after_max_to_before_max_energy_ratio: 1.45050573349
    pitch_centroid: 49.4150276184
    pitch_max_to_total: 0.227272734046
    pitch_min_to_total: 0.590909063816
    tristimulus:
        dmean: [0.192229688168, 0.294950783253, 0.151271358132]
        dmean2: [0.338386774063, 0.527367651463, 0.264392793179]
        dvar: [0.0430158041418, 0.0669154077768, 0.0219339188188]
        dvar2: [0.128841668367, 0.180235922337, 0.0648825541139]
        max: [0.977940618992, 0.970228552818, 0.698177337646]
        mean: [0.268297404051, 0.470502495766, 0.166475728154]
        min: [0.0108386864886, 0, 0]
        var: [0.0404485091567, 0.0812041833997, 0.0325224623084]

tonal:
    chords_changes_rate: 0.107142858207
    chords_number_rate: 0.0892857164145
    chords_strength:
        dmean: 0.0107376957312
        dmean2: 0.0109623661265
        dvar: 4.86593780806e-05
        dvar2: 5.9733793023e-05
        max: 0.621341466904
        mean: 0.47226318717
        min: 0.377295583487
        var: 0.00389419868588
    key_strength: 0.45788243413
    tuning_diatonic_strength: 0.341601520777
    tuning_equal_tempered_deviation: 0.211377650499
    tuning_frequency: 440.763122559
    tuning_nontempered_energy_ratio: 0.847836256027
    hpcp:
        dmean: [0.137167513371, 0.164217323065, 0.126029476523, 0.120127394795, 0.127365618944, 0.15428905189, 0.153029561043, 0.105593875051, 0.103497028351, 0.122909501195, 0.10824392736, 0.098937228322, 0.0975132957101, 0.0991483330727, 0.147405296564, 0.175294354558, 0.168408572674, 0.137494310737, 0.190968856215, 0.181147709489, 0.127388820052, 0.140053078532, 0.143467724323, 0.137257292867, 0.138204783201, 0.129387378693, 0.14574021101, 0.174765914679, 0.159364834428, 0.131992131472, 0.132459044456, 0.163822978735, 0.147406771779, 0.148993805051, 0.202500700951, 0.18731020391]
        dmean2: [0.197647929192, 0.276116251945, 0.195035845041, 0.19156858325, 0.201909378171, 0.264916867018, 0.230848565698, 0.168130084872, 0.180562227964, 0.224010974169, 0.187995880842, 0.169597417116, 0.159407973289, 0.157369747758, 0.232843622565, 0.299720913172, 0.274189829826, 0.216132447124, 0.325684815645, 0.326426625252, 0.212129101157, 0.251329690218, 0.253465384245, 0.230152264237, 0.244729578495, 0.217852339149, 0.210000231862, 0.292855292559, 0.272028028965, 0.230088919401, 0.225770100951, 0.289020359516, 0.248016700149, 0.246170431376, 0.301685571671, 0.327924460173]
        dvar: [0.0228075571358, 0.0290402211249, 0.0167980007827, 0.0221558958292, 0.0208751894534, 0.0247762724757, 0.0243312511593, 0.0099489018321, 0.0122348181903, 0.0269624218345, 0.0291886553168, 0.0134154185653, 0.00960418023169, 0.0113437110558, 0.0300963670015, 0.0525110512972, 0.036107480526, 0.0228582788259, 0.0374169051647, 0.0355938710272, 0.0174480266869, 0.0135540738702, 0.0224486645311, 0.0140371313319, 0.021659148857, 0.0265080686659, 0.0172457620502, 0.0290265344083, 0.0251752175391, 0.0171064659953, 0.021820826456, 0.0499444045126, 0.0342719592154, 0.0262651927769, 0.0348939709365, 0.0431755445898]
        dvar2: [0.0713311061263, 0.067460142076, 0.0423547104001, 0.0620963647962, 0.0606196597219, 0.0666201934218, 0.0701145008206, 0.0292314458638, 0.033619005233, 0.0855454131961, 0.0890035480261, 0.0429620966315, 0.0268598664552, 0.0385686941445, 0.0796507969499, 0.116259671748, 0.0907840058208, 0.0543730892241, 0.107709273696, 0.114348836243, 0.05066710338, 0.0336610339582, 0.061340790242, 0.0396897979081, 0.0399659462273, 0.0765325427055, 0.0431643016636, 0.0598616376519, 0.0793723538518, 0.0454409606755, 0.0583244375885, 0.146312922239, 0.0965444073081, 0.0676854252815, 0.0937657505274, 0.10073556006]
        max: [1, 1, 0.825744152069, 1, 1, 0.819301187992, 1, 0.744971692562, 0.788705945015, 0.996149122715, 1, 0.705431997776, 0.530905008316, 0.615567207336, 0.934903621674, 1, 1, 0.918692529202, 1, 0.860953092575, 0.742154479027, 0.650234401226, 1, 1, 1, 1, 1, 1, 1, 0.885019898415, 0.809280335903, 1, 0.978966414928, 0.871367633343, 1, 1]
        mean: [0.397974401712, 0.303734242916, 0.258888274431, 0.225711867213, 0.226855918765, 0.296431988478, 0.350421458483, 0.256951838732, 0.183188512921, 0.176374644041, 0.164843335748, 0.164784163237, 0.170834422112, 0.179760724306, 0.216695830226, 0.273142904043, 0.282234042883, 0.309152811766, 0.309929847717, 0.237156942487, 0.208670124412, 0.221413955092, 0.33869060874, 0.411858975887, 0.310169667006, 0.216107338667, 0.301347732544, 0.441988021135, 0.363569915295, 0.244414970279, 0.215356305242, 0.198548913002, 0.204282447696, 0.240511313081, 0.393422782421, 0.499330312014]
        min: [0.000366045947885, 0.000237401502091, 1.02184394564e-05, 5.34940090802e-06, 0.000391942943679, 0.00265752105042, 0.00300783617422, 0.000461406365503, 1.46476668306e-05, 0.000120897442685, 0.000105094077298, 0.000100724872027, 0.000134588131914, 0.000556747079827, 0.00457940576598, 0.0187526475638, 0.0171417128295, 0.00254548364319, 0.000127563907881, 0.000161695250426, 4.47379534307e-05, 0.000159136441653, 0.024414582178, 0.0604307726026, 0.00627028476447, 0.000221781199798, 0.000272742414381, 0.00220288988203, 0.00776975089684, 0.00556166609749, 0.00117321207654, 2.35537245317e-05, 2.10796206375e-05, 0.000233281767578, 0.000380412093364, 0.00046697066864]
        var: [0.0978042259812, 0.0754141584039, 0.0506813749671, 0.0471927858889, 0.0465421415865, 0.057705104351, 0.0803127735853, 0.0387440249324, 0.0270457994193, 0.039767254144, 0.0425335243344, 0.0258008111268, 0.0185607019812, 0.0221353434026, 0.0495773144066, 0.0793293267488, 0.0704495981336, 0.0647330880165, 0.0766236782074, 0.0488541536033, 0.0383153744042, 0.0286943763494, 0.0709877163172, 0.10513227433, 0.0611165203154, 0.044573802501, 0.0610718205571, 0.125847920775, 0.0761304423213, 0.0393451042473, 0.0367119573057, 0.0463775992393, 0.0426114611328, 0.0479106120765, 0.0972667485476, 0.153820186853]
    chords_histogram: [0, 7.14285707474, 0, 0, 44.6428565979, 0, 0, 0, 0, 0, 0, 0, 0, 0, 17.8571434021, 14.2857141495, 0, 0, 0, 0, 0, 16.071428299, 0, 0]
    thpcp: [1, 0.797016322613, 0.608283221722, 0.518471002579, 0.452029168606, 0.454320341349, 0.593659102917, 0.701782882214, 0.514592885971, 0.366868406534, 0.35322239995, 0.330128848553, 0.330010324717, 0.342127084732, 0.360003620386, 0.433972924948, 0.54701846838, 0.565225124359, 0.619134902954, 0.62069106102, 0.474950015545, 0.41789996624, 0.443421810865, 0.678289711475, 0.824822723866, 0.621171295643, 0.432794362307, 0.603503763676, 0.885161578655, 0.728115022182, 0.489485532045, 0.431290268898, 0.397630393505, 0.409112840891, 0.481667757034, 0.787900865078]
    chords_key: "B"
    chords_scale: "major"
    key_key: "A"
    key_scale: "major"
    chords_progression: ["B", "B", "B", "B", "B", "B", "B", "B", "B", "B", "B", "B", "B", "B", "B", "B", "B", "B", "B", "B", "B", "B", "B", "B", "B", "Bm", "Bm", "Bm", "Bm", "Bm", "Bm", "Bm", "Bm", "Bm", "C#m", "C#m", "Dm", "Dm", "C#m", "C#m", "Dm", "Dm", "Dm", "Dm", "Dm", "Dm", "A#", "A#", "A#", "A#", "A#", "A#", "A#", "A#", "A#", "A#"]
