
metadata:
    version:
        essentia: "1.2.2"
    audio_properties:
        analysis_sample_rate: 44100
        bitrate: 128
        channels: 2
        equal_loudness: 1
        length: 10.266122818
        replay_gain: -5.22027587891
        downmix: "mix"
    tags:
        track: 1
        year: 0
        album: "Splitted by Mp3Splt v. 2.1"
        artist: "From 000.00 To 000.10"
        comment: "http://mp3splt.sf.net"
        genre: ""
        title: "19 Let It Ride.mp3"

highlevel:
    ballroom:
        all:
            ChaChaCha: 0.0375780649483
            Jive: 0.159910529852
            Quickstep: 0.0440169498324
            Rumba-American: 0.0442041754723
            Rumba-International: 0.095439389348
            Rumba-Misc: 0.127763107419
            Samba: 0.0857399478555
            Tango: 0.0259520504624
            VienneseWaltz: 0.120851844549
            Waltz: 0.258543938398
        probability: 0.258543938398
        value: "Waltz"
    culture:
        all:
            non_western: 0.873535335064
            western: 0.126464679837
        probability: 0.873535335064
        value: "non_western"
    gender:
        all:
            female: 0.624131321907
            male: 0.375868648291
        probability: 0.624131321907
        value: "female"
    genre_dortmund:
        all:
            alternative: 0.074531763792
            blues: 0.00316887767985
            electronic: 0.646012723446
            folkcountry: 0.0295669622719
            funksoulrnb: 0.00925189256668
            jazz: 0.043368704617
            pop: 0.0679561421275
            raphiphop: 0.0287635959685
            rock: 0.0973793268204
        probability: 0.646012723446
        value: "electronic"
    genre_electronica:
        all:
            ambient: 0.654345154762
            dnb: 0.0463696867228
            house: 0.0742257535458
            techno: 0.156977772713
            trance: 0.0680816024542
        probability: 0.654345154762
        value: "ambient"
    genre_rosamerica:
        all:
            cla: 0.0276727303863
            dan: 0.136145040393
            hip: 0.0492316633463
            jaz: 0.0569057948887
            pop: 0.0367112569511
            rhy: 0.0986175984144
            roc: 0.577354967594
            spe: 0.017360938713
        probability: 0.577354967594
        value: "roc"
    genre_tzanetakis:
        all:
            blu: 0.122550591826
            cla: 0.0909998938441
            cou: 0.0621449947357
            dis: 0.0423942357302
            hip: 0.0572299994528
            jaz: 0.059841774404
            met: 0.0420199744403
            pop: 0.121829412878
            reg: 0.249421730638
            roc: 0.151567399502
        probability: 0.249421730638
        value: "reg"
    live_studio:
        all:
            live: 0.193750023842
            studio: 0.806249976158
        probability: 0.806249976158
        value: "studio"
    mood:
        all:
            Cluster1: 0.152944892645
            Cluster2: 0.015431757085
            Cluster3: 0.508262038231
            Cluster4: 0.0847622081637
            Cluster5: 0.238599076867
        probability: 0.508262038231
        value: "Cluster3"
    mood_acoustic:
        all:
            acoustic: 0.19076667726
            not_acoustic: 0.809233307838
        probability: 0.809233307838
        value: "not_acoustic"
    mood_aggressive:
        all:
            aggressive: 0.547116339207
            not_aggressive: 0.452883630991
        probability: 0.547116339207
        value: "aggressive"
    mood_electronic:
        all:
            electronic: 0.977637827396
            not_electronic: 0.0223621465266
        probability: 0.977637827396
        value: "electronic"
    mood_happy:
        all:
            happy: 0.0568644404411
            not_happy: 0.943135559559
        probability: 0.943135559559
        value: "not_happy"
    mood_party:
        all:
            not_party: 0.950409293175
            party: 0.0495907068253
        probability: 0.950409293175
        value: "not_party"
    mood_relaxed:
        all:
            not_relaxed: 0.259623497725
            relaxed: 0.740376472473
        probability: 0.740376472473
        value: "relaxed"
    mood_sad:
        all:
            not_sad: 3.00000096379e-14
            sad: 1
        probability: 1
        value: "sad"
    rhythm:
        all:
            fast: 0.554227054119
            medium: 0.277289420366
            slow: 0.168483555317
        probability: 0.554227054119
        value: "fast"
    speech_music:
        all:
            music: 3.00000096379e-14
            speech: 1
        probability: 1
        value: "speech"
    timbre:
        all:
            bright: 0.267708957195
            dark: 0.732291042805
        probability: 0.732291042805
        value: "dark"
    voice_instrumental:
        all:
            instrumental: 0.921347558498
            voice: 0.0786524415016
        probability: 0.921347558498
        value: "instrumental"

lowlevel:
    average_loudness: 0.980699002743
    barkbands_kurtosis:
        dmean: 3.79180431366
        dmean2: 6.45192718506
        dvar: 24.0185928345
        dvar2: 62.04662323
        max: 35.0219192505
        mean: 5.54293203354
        min: -1.84969830513
        var: 39.3819122314
    barkbands_skewness:
        dmean: 0.691549062729
        dmean2: 1.14814984798
        dvar: 0.436972528696
        dvar2: 1.08838438988
        max: 4.84822273254
        mean: 1.26152849197
        min: -0.512725651264
        var: 1.11426377296
    barkbands_spread:
        dmean: 2.7535340786
        dmean2: 4.48897743225
        dvar: 28.498046875
        dvar2: 67.7119293213
        max: 74.1399536133
        mean: 5.46871900558
        min: 1.08983504772
        var: 45.4611244202
    dissonance:
        dmean: 0.0604707635939
        dmean2: 0.101218819618
        dvar: 0.00252485275269
        dvar2: 0.00669268937781
        max: 0.498195141554
        mean: 0.390899181366
        min: 0.0765706449747
        var: 0.00458888104185
    hfc:
        dmean: 0.852354943752
        dmean2: 1.38243865967
        dvar: 2.36864566803
        dvar2: 5.96805953979
        max: 17.0503292084
        mean: 1.55463063717
        min: 0.00110331107862
        var: 2.7778801918
    pitch:
        dmean: 135.549606323
        dmean2: 258.187347412
        dvar: 245734.484375
        dvar2: 534450.75
        max: 5512.5
        mean: 244.209869385
        min: 70.4472808838
        var: 367118.46875
    pitch_instantaneous_confidence:
        dmean: 0.10648175329
        dmean2: 0.181268170476
        dvar: 0.0067200800404
        dvar2: 0.0171904526651
        max: 0.774520337582
        mean: 0.381622642279
        min: 0.10361301899
        var: 0.0118633275852
    pitch_salience:
        dmean: 0.0831227004528
        dmean2: 0.136829704046
        dvar: 0.0043380567804
        dvar2: 0.0123498290777
        max: 0.957789361477
        mean: 0.635958135128
        min: 0.315503925085
        var: 0.00826456490904
    silence_rate_20dB:
        dmean: 0
        dmean2: 0
        dvar: 0
        dvar2: 0
        max: 1
        mean: 1
        min: 1
        var: 0
    silence_rate_30dB:
        dmean: 0
        dmean2: 0
        dvar: 0
        dvar2: 0
        max: 1
        mean: 1
        min: 1
        var: 0
    silence_rate_60dB:
        dmean: 0.177985951304
        dmean2: 0.354460090399
        dvar: 0.146306455135
        dvar2: 0.294545739889
        max: 1
        mean: 0.214953273535
        min: 0
        var: 0.168747842312
    spectral_centroid:
        dmean: 75.6400985718
        dmean2: 125.337524414
        dvar: 19979.9492188
        dvar2: 46634.7421875
        max: 2199.94140625
        mean: 279.475280762
        min: 156.77986145
        var: 27418.7207031
    spectral_complexity:
        dmean: 1.64634144306
        dmean2: 2.62347197533
        dvar: 3.55053877831
        dvar2: 9.09048557281
        max: 21
        mean: 6.05109500885
        min: 0
        var: 4.76381254196
    spectral_crest:
        dmean: 2.00321817398
        dmean2: 3.35210990906
        dvar: 2.68684387207
        dvar2: 7.65462446213
        max: 17.2610301971
        mean: 8.60062503815
        min: 4.85084342957
        var: 4.20283699036
    spectral_decrease:
        dmean: 5.41282907385e-10
        dmean2: 8.80663708624e-10
        dvar: 2.9567002309e-19
        dvar2: 6.70398298515e-19
        max: -3.44771954042e-13
        mean: -1.33675792657e-09
        min: -4.39167457955e-09
        var: 5.01338452837e-19
    spectral_energy:
        dmean: 0.00210793735459
        dmean2: 0.00342980376445
        dvar: 4.57192527392e-06
        dvar2: 1.0382774235e-05
        max: 0.017486743629
        mean: 0.00518623925745
        min: 1.40132135584e-06
        var: 7.68319387134e-06
    spectral_energyband_high:
        dmean: 2.38251741393e-05
        dmean2: 3.60178237315e-05
        dvar: 3.12833599025e-08
        dvar2: 7.09974798951e-08
        max: 0.00311249843799
        mean: 2.66559618467e-05
        min: 2.57636454393e-08
        var: 3.93608274862e-08
    spectral_energyband_low:
        dmean: 0.000932688824832
        dmean2: 0.00155203335453
        dvar: 8.71122779245e-07
        dvar2: 2.30464888773e-06
        max: 0.00657685752958
        mean: 0.00164209259674
        min: 1.37968982017e-07
        var: 1.30511386942e-06
    spectral_energyband_middle_high:
        dmean: 0.000156193083967
        dmean2: 0.000267372583039
        dvar: 1.21173172829e-07
        dvar2: 3.2283753626e-07
        max: 0.00353464740328
        mean: 0.000143748780829
        min: 1.97658437173e-07
        var: 9.65818784948e-08
    spectral_energyband_middle_low:
        dmean: 0.00142510968726
        dmean2: 0.00232816464268
        dvar: 2.26689826377e-06
        dvar2: 5.24185225004e-06
        max: 0.012254241854
        mean: 0.00337357097305
        min: 1.0068025631e-06
        var: 3.4942597722e-06
    spectral_flatness_db:
        dmean: 0.044643715024
        dmean2: 0.0647910833359
        dvar: 0.0019672375638
        dvar2: 0.00410408619791
        max: 0.495263546705
        mean: 0.326207667589
        min: 0.0604834221303
        var: 0.00636509712785
    spectral_flux:
        dmean: 0.0119477938861
        dmean2: 0.0189643520862
        dvar: 0.000127886291011
        dvar2: 0.000266273884336
        max: 0.109945036471
        mean: 0.0390143580735
        min: 0.0130222197622
        var: 0.000236174630118
    spectral_kurtosis:
        dmean: 26.1656322479
        dmean2: 37.7638549805
        dvar: 675.231689453
        dvar2: 1454.50524902
        max: 185.470550537
        mean: 66.8810806274
        min: -0.591455936432
        var: 2277.27026367
    spectral_rms:
        dmean: 0.000452640320873
        dmean2: 0.000726233411115
        dvar: 1.76496712356e-07
        dvar2: 3.89767819797e-07
        max: 0.00413040397689
        mean: 0.00217460282147
        min: 3.69748922822e-05
        var: 3.30854618369e-07
    spectral_rolloff:
        dmean: 119.325454712
        dmean2: 203.012298584
        dvar: 141729.515625
        dvar2: 326323.46875
        max: 5404.83398438
        mean: 420.971496582
        min: 172.265625
        var: 142756.328125
    spectral_skewness:
        dmean: 1.56228578091
        dmean2: 2.22339677811
        dvar: 2.35640907288
        dvar2: 5.01642942429
        max: 11.7617378235
        mean: 6.13170814514
        min: 0.36835539341
        var: 8.20366191864
    spectral_spread:
        dmean: 589508.9375
        dmean2: 904125.8125
        dvar: 1.73862957875e+12
        dvar2: 2.98942201856e+12
        max: 33306608
        mean: 2247424.25
        min: 504734.5
        var: 8.45735159398e+12
    spectral_strongpeak:
        dmean: 0.146336406469
        dmean2: 0.254583805799
        dvar: 0.0187161434442
        dvar2: 0.048843126744
        max: 0.951718747616
        mean: 0.213051602244
        min: 0.0002756237227
        var: 0.0249057337642
    zerocrossingrate:
        dmean: 0.00386814028025
        dmean2: 0.00488639390096
        dvar: 3.68894725398e-05
        dvar2: 5.12821316079e-05
        max: 0.140625
        mean: 0.0170482620597
        min: 0.00048828125
        var: 0.00014463714615
    barkbands:
        dmean: [7.29577277525e-06, 0.000507329823449, 0.000550682656467, 0.000655162031762, 0.000441400858108, 0.000471872743219, 0.00037110390258, 0.000124175596284, 9.67788437265e-05, 4.20791875513e-05, 1.20175445772e-05, 1.22574665511e-05, 1.19348314911e-05, 9.66745392361e-06, 1.3591973584e-05, 1.40222409755e-05, 1.85663539014e-05, 2.18248042074e-05, 1.49735615196e-05, 1.00228244264e-05, 1.53969122039e-05, 5.92382866671e-06, 1.26029851799e-06, 7.68210725255e-07, 7.50713581965e-07, 5.37128954647e-08, 2.03765324613e-08]
        dmean2: [1.08785789052e-05, 0.000855313905049, 0.000915943935979, 0.00107394484803, 0.000729650841095, 0.000750622013584, 0.000639712437987, 0.000198280104087, 0.000159832954523, 7.13029658073e-05, 2.02879728022e-05, 2.07837165362e-05, 2.07070825127e-05, 1.67955149664e-05, 2.35057468672e-05, 2.50113153015e-05, 3.36072334903e-05, 4.06369617849e-05, 2.65871221927e-05, 1.73720582097e-05, 2.67837040155e-05, 8.19417527964e-06, 1.51494077727e-06, 1.15419129543e-06, 1.31025774408e-06, 9.09329287424e-08, 3.07127479005e-08]
        dvar: [8.05569430606e-11, 2.67574051804e-07, 4.25130508575e-07, 7.66960226883e-07, 1.86121752677e-07, 2.14062723103e-07, 3.87281147596e-07, 5.26518810773e-08, 4.80838124872e-08, 7.20173520818e-09, 4.75866346328e-10, 9.65574509237e-10, 8.14235345814e-10, 6.2512334198e-10, 3.73603148418e-09, 1.30361110795e-09, 3.4302636287e-09, 4.1817393992e-09, 2.02458383392e-09, 3.20143622723e-09, 2.24189644626e-08, 2.21712936899e-09, 6.45868913907e-11, 3.40081261763e-11, 1.67466370632e-11, 1.22389755665e-13, 8.28892144267e-14]
        dvar2: [1.90616411544e-10, 7.78591413564e-07, 1.07155426576e-06, 2.03087188311e-06, 5.14085968462e-07, 5.60730768484e-07, 9.86287545857e-07, 1.05852755894e-07, 1.25790478478e-07, 1.9289478459e-08, 1.28687815959e-09, 2.66855715303e-09, 2.18079643233e-09, 1.7561107013e-09, 8.54993498223e-09, 3.64818508736e-09, 9.52888790096e-09, 1.20604068954e-08, 5.56080559377e-09, 8.94547369512e-09, 6.11065331668e-08, 4.77741668448e-09, 7.8346662491e-11, 8.19395246099e-11, 3.8691123222e-11, 3.17073326145e-13, 2.07883067856e-13]
        max: [0.000100308694527, 0.00352310738526, 0.00509839551523, 0.00864903070033, 0.00371021218598, 0.00457344949245, 0.00543712405488, 0.0021005300805, 0.00165067985654, 0.000795952684712, 0.000179932350875, 0.000350923859514, 0.000220377944061, 0.000184568751138, 0.000970253662672, 0.000306801404804, 0.000696033472195, 0.000470367842354, 0.000495619198773, 0.00083810929209, 0.00243616919033, 0.00090875395108, 0.000162581709446, 0.000100573990494, 5.76534912398e-05, 3.88308217225e-06, 4.13511406805e-06]
        mean: [1.01002942756e-05, 0.000765373522881, 0.000866795133334, 0.000993084628135, 0.000826295057777, 0.000873992685229, 0.00043915756396, 0.000147171886056, 8.70729782037e-05, 4.33370878454e-05, 1.18529096653e-05, 1.09217198769e-05, 9.87579551293e-06, 7.91830007074e-06, 1.0675032172e-05, 9.87385374174e-06, 1.48281342263e-05, 1.44321793414e-05, 1.20710810734e-05, 8.84267319634e-06, 1.25407696032e-05, 6.31410648566e-06, 1.69824375007e-06, 8.67521407599e-07, 1.09454606445e-06, 4.73385561861e-08, 1.02673132218e-08]
        min: [1.9125163675e-08, 5.61180044656e-08, 7.17493264801e-08, 1.01482655168e-07, 3.22454070556e-07, 2.65055547288e-07, 1.39946521927e-07, 8.37468974169e-08, 8.61222915205e-08, 4.21043218068e-08, 1.65767399807e-08, 7.57405516083e-09, 2.73790901062e-09, 4.61254900941e-09, 3.66036867483e-09, 3.59977114783e-09, 2.43482034534e-09, 8.42461300721e-09, 8.19440604261e-09, 8.26399215725e-09, 7.89934784251e-09, 4.5909995805e-09, 1.43526612817e-09, 1.371820324e-09, 1.39744005256e-09, 1.33334690511e-10, 3.17398299483e-12]
        var: [9.68796431966e-11, 3.28724183873e-07, 5.9089552451e-07, 9.66183392848e-07, 2.87074840344e-07, 3.63707357565e-07, 3.76743599872e-07, 7.68644383697e-08, 4.33995133164e-08, 6.21562712411e-09, 4.79888850879e-10, 6.87457035742e-10, 6.65267230193e-10, 4.70227468075e-10, 3.39572769903e-09, 8.53812631707e-10, 2.71254352313e-09, 2.43578202053e-09, 1.4740934029e-09, 2.28193397511e-09, 1.64869664587e-08, 2.95758240121e-09, 1.64573160655e-10, 3.67279019697e-11, 2.98723060177e-11, 8.29291537242e-14, 4.14985835409e-14]
    mfcc:
        mean: [-885.077758789, 242.235992432, 15.4085178375, 61.1692657471, 0.423556298018, -11.1974916458, -2.72854065895, -5.2372713089, -1.03937363625, -4.50477027893, -1.57192373276, -3.01138114929, 0.62482124567]
        cov: [[7412.26074219, -2647.12329102, -2070.32397461, 26.6380290985, 29.0026340485, 231.043258667, 132.565765381, 82.6429519653, -48.3300857544, 110.301055908, 184.745223999, 97.8346252441, 1.09307777882], [-2647.12329102, 2383.92431641, -66.366569519, -228.055236816, -191.984527588, -185.743850708, 20.8993968964, 30.4661827087, 61.3515281677, 37.072681427, -17.2519874573, 45.0126724243, 2.79151391983], [-2070.32397461, -66.366569519, 1483.63378906, 4.49561214447, 105.541061401, -2.73773336411, -65.8693389893, -55.0052223206, 3.40245342255, -93.6269989014, -56.4169845581, -79.2870559692, -2.27239704132], [26.6380290985, -228.055236816, 4.49561214447, 303.11831665, -47.6617431641, 14.3069410324, -43.4030838013, -13.9167966843, -3.24870061874, 5.7402973175, -15.7902965546, 6.15024232864, 3.1113781929], [29.0026340485, -191.984527588, 105.541061401, -47.6617431641, 241.338150024, -25.1734924316, -5.76717090607, -20.9292697906, -31.0482025146, -27.3999824524, -14.432050705, -37.6807403564, -4.63482570648], [231.043258667, -185.743850708, -2.73773336411, 14.3069410324, -25.1734924316, 116.520233154, 15.5723199844, -0.326584130526, -18.0400924683, -16.4109668732, 4.53665351868, -4.39065599442, -5.10037565231], [132.565765381, 20.8993968964, -65.8693389893, -43.4030838013, -5.76717090607, 15.5723199844, 71.6161499023, 10.3496618271, 1.44228923321, -4.46273469925, -5.86557197571, -4.24300479889, 5.20340681076], [82.6429519653, 30.4661827087, -55.0052223206, -13.9167966843, -20.9292697906, -0.326584130526, 10.3496618271, 58.2255096436, 18.8347434998, 6.24070262909, 5.69078207016, -3.73876786232, -9.73083305359], [-48.3300857544, 61.3515281677, 3.40245342255, -3.24870061874, -31.0482025146, -18.0400924683, 1.44228923321, 18.8347434998, 64.7125167847, 29.4794654846, -5.06330823898, 2.80368423462, -5.31056165695], [110.301055908, 37.072681427, -93.6269989014, 5.7402973175, -27.3999824524, -16.4109668732, -4.46273469925, 6.24070262909, 29.4794654846, 61.0414772034, 23.0529098511, 18.5520477295, 2.62323689461], [184.745223999, -17.2519874573, -56.4169845581, -15.7902965546, -14.432050705, 4.53665351868, -5.86557197571, 5.69078207016, -5.06330823898, 23.0529098511, 62.7685165405, 24.2909698486, -3.54395747185], [97.8346252441, 45.0126724243, -79.2870559692, 6.15024232864, -37.6807403564, -4.39065599442, -4.24300479889, -3.73876786232, 2.80368423462, 18.5520477295, 24.2909698486, 47.5594100952, 9.34020709991], [1.09307777882, 2.79151391983, -2.27239704132, 3.1113781929, -4.63482570648, -5.10037565231, 5.20340681076, -9.73083305359, -5.31056165695, 2.62323689461, -3.54395747185, 9.34020709991, 38.5516738892]]
        icov: [[0.000970269262325, 0.00122018461116, 0.00131506659091, 0.000687740859576, 0.000230609657592, 9.33475021156e-05, -0.000569799682125, -0.000234128077864, -0.000518047017977, 0.000400092278142, -0.00118667446077, -0.000416683062213, -0.000142689139466], [0.00122018461116, 0.00215844181366, 0.00162205065135, 0.00142958329525, 0.00102190463804, 0.0012065655319, -0.000766317592934, -0.000334271840984, -0.000411552347941, 0.000407108862419, -0.000895236094948, -0.000913103984203, 0.000145422542118], [0.00131506659091, 0.00162205065135, 0.00271359900944, 0.000965539016761, 0.000186906996532, 2.72127144854e-05, 0.000201971648494, 0.000669717264827, -0.00208156718872, 0.00233917939477, -0.00213256757706, 0.000826006405987, -0.000746932520997], [0.000687740859576, 0.00142958329525, 0.000965539016761, 0.00502970116213, 0.00169803167228, 0.000264784990577, 0.00231549772434, 0.00023593075457, 0.000709743413609, -0.000888180977199, 0.00177086202893, -0.000820142566226, 3.38622339768e-05], [0.000230609657592, 0.00102190463804, 0.000186906996532, 0.00169803167228, 0.00662644207478, 0.00298178684898, 0.000276795675745, 0.00156950380187, 0.00262130866759, 0.000220502057346, 4.73417130706e-05, 0.00391263701022, 0.000745877798181], [9.33475021156e-05, 0.0012065655319, 2.72127144854e-05, 0.000264784990577, 0.00298178684898, 0.012252044864, -0.00294111529365, 0.000426855840487, 0.00275998702273, 0.00219317665324, -0.00126185500994, 0.00113315344788, 0.00221477798186], [-0.000569799682125, -0.000766317592934, 0.000201971648494, 0.00231549772434, 0.000276795675745, -0.00294111529365, 0.0185144785792, -0.00185760704335, -0.00100732746068, 0.00140406878199, 0.00269199977629, 0.00230507040396, -0.00397227657959], [-0.000234128077864, -0.000334271840984, 0.000669717264827, 0.00023593075457, 0.00156950380187, 0.000426855840487, -0.00185760704335, 0.022642524913, -0.00746232317761, 0.00347603438422, -0.00446351710707, 0.00550588872284, 0.0032536231447], [-0.000518047017977, -0.000411552347941, -0.00208156718872, 0.000709743413609, 0.00262130866759, 0.00275998702273, -0.00100732746068, -0.00746232317761, 0.0288662407547, -0.0169572997838, 0.0102683063596, -0.00182679214049, 0.00531395617872], [0.000400092278142, 0.000407108862419, 0.00233917939477, -0.000888180977199, 0.000220502057346, 0.00219317665324, 0.00140406878199, 0.00347603438422, -0.0169572997838, 0.0330261699855, -0.0128927947953, -0.000854587764479, -0.00438802596182], [-0.00118667446077, -0.000895236094948, -0.00213256757706, 0.00177086202893, 4.73417130706e-05, -0.00126185500994, 0.00269199977629, -0.00446351710707, 0.0102683063596, -0.0128927947953, 0.0291596576571, -0.0123619316146, 0.00614596996456], [-0.000416683062213, -0.000913103984203, 0.000826006405987, -0.000820142566226, 0.00391263701022, 0.00113315344788, 0.00230507040396, 0.00550588872284, -0.00182679214049, -0.000854587764479, -0.0123619316146, 0.0364528633654, -0.00826986599714], [-0.000142689139466, 0.000145422542118, -0.000746932520997, 3.38622339768e-05, 0.000745877798181, 0.00221477798186, -0.00397227657959, 0.0032536231447, 0.00531395617872, -0.00438802596182, 0.00614596996456, -0.00826986599714, 0.0312252230942]]
    spectral_contrast:
        mean: [-5.99626730491e-08, -6.33091985947e-07, -1.34618034053e-07, -4.24918766839e-08, 1.97857332296e-07, -1.24430130199e-07, 1.36390940497e-06, -8.9334457698e-07, 1.17338481687e-06, 2.94832716463e-06, 2.05121182262e-06, 3.54437361239e-07]
        var: [0.000422646116931, 0.000542261404917, 0.00100222672336, 0.00190974620637, 0.002103877021, 0.00341165298596, 0.0790839716792, 0.14954765141, 0.164736375213, 0.238060906529, 1.03170144558, 3.50904655457]

rhythm:
    beats_loudness:
        dmean: 0.00224889325909
        dmean2: 0.00437312666327
        dvar: 2.78450579572e-06
        dvar2: 6.95836843079e-06
        max: 0.0103123933077
        mean: 0.00615515839309
        min: 0.00365327741019
        var: 2.78307970802e-06
    beats_loudness_bass:
        dmean: 0.185675531626
        dmean2: 0.316618800163
        dvar: 0.0190025605261
        dvar2: 0.0491406284273
        max: 0.718024134636
        mean: 0.411089330912
        min: 0.139768451452
        var: 0.0253312010318
    bpm: 85.4161605835
    bpm_confidence: 0
    first_peak_bpm: 114
    first_peak_spread: 0
    first_peak_weight: 0.5
    onset_rate: 5.26001930237
    second_peak_bpm: 85
    second_peak_spread: 0
    second_peak_weight: 0.428571432829
    beats_position: [1.30568313599, 2.00812697411, 2.71057081223, 3.41301441193, 4.11545801163, 4.81790161133, 5.52034521103, 6.41931390762, 6.94598197937, 7.47265005112, 7.99931812286, 8.52598667145, 9.05265522003, 9.57932281494, 10.1059913635]
    bpm_estimates: [85.4474258423, 85.3742446899, 85.2660980225, 85.4801864624, 85.4446792603, 85.4843063354]
    bpm_intervals: [0.70244383812, 0.70244383812, 0.702443599701, 0.702443599701, 0.702443599701, 0.702443599701, 0.898968696594, 0.526668071747, 0.526668071747, 0.526668071747, 0.526668548584, 0.526668548584, 0.52666759491, 0.526668548584]
    onset_times: [0.766258478165, 1.1261677742, 1.28870749474, 1.47446715832, 1.63700675964, 1.82276642323, 1.99691605568, 2.17106580734, 2.35682535172, 2.53097510338, 2.70512461662, 2.87927436829, 3.06503391266, 3.41333341599, 3.62231302261, 3.77324271202, 3.94739222527, 4.12154197693, 4.3073015213, 4.5046710968, 4.6439909935, 4.81814050674, 5.00390005112, 5.1780500412, 5.44507932663, 5.53795909882, 5.88625860214, 6.06040811539, 6.23455762863, 6.44353723526, 6.51319742203, 6.60607719421, 6.7570066452, 6.80344676971, 6.94276666641, 7.11691617966, 7.2910656929, 7.47682523727, 7.66258525848, 7.84834480286, 8.01088428497, 8.17342376709, 8.35918331146, 8.52172374725, 8.71909332275, 8.88163280487, 9.05578231812, 9.16027164459, 9.25315189362, 9.4040813446, 9.63628101349, 9.7639913559, 10.1239004135, 10.1935596466]
    rubato_start: [6.94598197937]
    rubato_stop: [10.1059913635]
    perceptual_tempo: "unknown"

sfx:
    inharmonicity:
        dmean: 0.0115985320881
        dmean2: 0.0214916691184
        dvar: 0.000447479833383
        dvar2: 0.00129820359871
        max: 0.184199765325
        mean: 0.00813561491668
        min: 3.54792121016e-07
        var: 0.00030453785439
    oddtoevenharmonicenergyratio:
        dmean: 0.689441800117
        dmean2: 1.28525829315
        dvar: 2.19545578957
        dvar2: 6.22857761383
        max: 12.0830154419
        mean: 0.450964689255
        min: 1.12082511805e-06
        var: 1.41756999493
    pitch_after_max_to_before_max_energy_ratio: 3.73119521141
    pitch_centroid: 254.852523804
    pitch_max_to_total: 0.873479306698
    pitch_min_to_total: 0.107055962086
    tristimulus:
        dmean: [0.221503078938, 0.222448244691, 0.0207838248461]
        dmean2: [0.386576831341, 0.384987205267, 0.0356585644186]
        dvar: [0.0337560661137, 0.0329493880272, 0.00338140060194]
        dvar2: [0.0911981016397, 0.0892703980207, 0.00982738565654]
        max: [0.997517943382, 0.860596835613, 0.681962788105]
        mean: [0.732537925243, 0.243260458112, 0.0176847577095]
        min: [0.0514050088823, 0, 0]
        var: [0.0477653332055, 0.045622818172, 0.00258528604172]

tonal:
    chords_changes_rate: 0.00485436897725
    chords_number_rate: 0.0097087379545
    chords_strength:
        dmean: 0.00819410663098
        dmean2: 0.0101644499227
        dvar: 3.84537306672e-05
        dvar2: 5.93268669036e-05
        max: 0.666918992996
        mean: 0.597611784935
        min: 0.488596469164
        var: 0.00188581447583
    key_strength: 0.808422207832
    tuning_diatonic_strength: 0.695116996765
    tuning_equal_tempered_deviation: 0.245144665241
    tuning_frequency: 435.700531006
    tuning_nontempered_energy_ratio: 0.890924453735
    hpcp:
        dmean: [0.107589878142, 0.1149270311, 0.123557917774, 0.130586862564, 0.159010261297, 0.133883714676, 0.0960417240858, 0.0744029730558, 0.0814563259482, 0.100248873234, 0.0825822502375, 0.0593713745475, 0.0723538100719, 0.138295993209, 0.280844092369, 0.308504879475, 0.37429240346, 0.365163862705, 0.180887565017, 0.0843106210232, 0.0621445216238, 0.0668855682015, 0.064045637846, 0.0725133568048, 0.0920723974705, 0.117904931307, 0.155485197902, 0.162806943059, 0.171475350857, 0.281987249851, 0.322773039341, 0.310848742723, 0.182137668133, 0.082584053278, 0.0785027965903, 0.103486090899]
        dmean2: [0.185485854745, 0.217326432467, 0.237245559692, 0.235414147377, 0.27487501502, 0.230680257082, 0.171534538269, 0.131056949496, 0.138425886631, 0.177082657814, 0.147584602237, 0.107459500432, 0.13701929152, 0.258242368698, 0.47863638401, 0.522300541401, 0.654381394386, 0.618448972702, 0.33214995265, 0.155356287956, 0.114300794899, 0.12703050673, 0.123323850334, 0.136460244656, 0.154406607151, 0.206214949489, 0.274663597345, 0.276732951403, 0.297794163227, 0.481461465359, 0.555974006653, 0.527301728725, 0.31531688571, 0.143528863788, 0.137367248535, 0.181020721793]
        dvar: [0.0250364076346, 0.0272649619728, 0.0293103307486, 0.0293837077916, 0.042320150882, 0.0338376387954, 0.0156412478536, 0.0129057951272, 0.0171478651464, 0.0265797227621, 0.0160756669939, 0.00808618497103, 0.0263239629567, 0.0390765294433, 0.07341837883, 0.0607175640762, 0.0724644511938, 0.0900848582387, 0.0494769923389, 0.0257251430303, 0.0139975119382, 0.0175958927721, 0.0204822719097, 0.0232711583376, 0.0264690406621, 0.036835283041, 0.0474330112338, 0.0417729727924, 0.0375683419406, 0.0646166875958, 0.0779164209962, 0.0604430139065, 0.0357195325196, 0.014420597814, 0.0133740752935, 0.0257199909538]
        dvar2: [0.0612145811319, 0.0726345106959, 0.0824899971485, 0.0784249901772, 0.112615816295, 0.0913162976503, 0.0413369163871, 0.0289068482816, 0.043901193887, 0.0728244557977, 0.0429310239851, 0.0212097726762, 0.0746248885989, 0.109679177403, 0.191531613469, 0.131384000182, 0.191184684634, 0.218013331294, 0.134835407138, 0.0708399564028, 0.0397528372705, 0.0512242726982, 0.0583849288523, 0.0644684806466, 0.0679954737425, 0.0971386507154, 0.129191979766, 0.106362335384, 0.102990530431, 0.168023049831, 0.194098740816, 0.149231538177, 0.0909506306052, 0.03689365834, 0.0374164693058, 0.0667695701122]
        max: [1, 1, 0.975697040558, 0.81608492136, 1, 1, 0.750881850719, 1, 1, 1, 0.670315504074, 0.563760578632, 1, 0.902921617031, 1, 1, 1, 1, 1, 1, 0.870955109596, 0.707406759262, 1, 1, 1, 1, 1, 1, 1, 1, 1, 1, 1, 0.713512957096, 0.719221293926, 1]
        mean: [0.0860176533461, 0.0789933726192, 0.0775718837976, 0.0974805802107, 0.130518823862, 0.112968869507, 0.0772397443652, 0.0642078891397, 0.0696735531092, 0.0814487710595, 0.0656662359834, 0.0452620461583, 0.0457608811557, 0.0927287191153, 0.243942663074, 0.437799811363, 0.559769392014, 0.414777129889, 0.149355456233, 0.0557401292026, 0.0413096360862, 0.0401646792889, 0.0374614447355, 0.0495414882898, 0.0846461504698, 0.103872768581, 0.119365677238, 0.131997540593, 0.161548838019, 0.313901185989, 0.49768152833, 0.408442378044, 0.167626544833, 0.0676637217402, 0.0656174942851, 0.083782620728]
        min: [1.89527818293e-05, 2.39264900301e-05, 0, 0, 0, 0, 2.57989049715e-05, 2.20295132749e-05, 3.55626543751e-05, 4.62504176539e-05, 0, 0, 0, 0, 0, 0, 0, 1.17371246233e-05, 1.27752437038e-05, 3.67464090232e-05, 1.23289455587e-05, 0, 1.13750420496e-05, 3.02527769236e-05, 0.000152640757733, 8.15894236439e-06, 0, 0, 0, 0, 0, 0, 0, 0, 5.43410133105e-05, 6.60241039441e-06]
        var: [0.0235585849732, 0.0205203909427, 0.0197390560061, 0.024453220889, 0.038714773953, 0.0284463502467, 0.0132758365944, 0.0126853128895, 0.0153277320787, 0.0225598011166, 0.0139778060839, 0.00712388660759, 0.0155603559688, 0.0286385603249, 0.086210809648, 0.112688727677, 0.122300900519, 0.122677624226, 0.0421050526202, 0.017705341801, 0.00923458952457, 0.010536827147, 0.0115962894633, 0.0144583070651, 0.0270068515092, 0.0393528714776, 0.045810893178, 0.0415491089225, 0.0394825860858, 0.0865700170398, 0.119771189988, 0.100021146238, 0.0384674295783, 0.0136805353686, 0.0115178693086, 0.0212791711092]
    chords_histogram: [20.8737869263, 0, 0, 0, 0, 0, 0, 79.1262130737, 0, 0, 0, 0, 0, 0, 0, 0, 0, 0, 0, 0, 0, 0, 0, 0]
    thpcp: [1, 0.740978598595, 0.266816049814, 0.0995769500732, 0.0737975984812, 0.0717521905899, 0.0669229924679, 0.0885033905506, 0.151216104627, 0.185563504696, 0.213240802288, 0.235807001591, 0.288598924875, 0.560768783092, 0.889083147049, 0.729661881924, 0.299456417561, 0.120877854526, 0.117222368717, 0.149673461914, 0.153666228056, 0.141117706895, 0.138578280807, 0.174144178629, 0.233165338635, 0.201813235879, 0.137984931469, 0.114704176784, 0.124468311667, 0.145504146814, 0.117309443653, 0.0808583796024, 0.0817495211959, 0.165655210614, 0.435791343451, 0.78210747242]
    chords_key: "G"
    chords_scale: "major"
    key_key: "G"
    key_scale: "minor"
    chords_progression: ["G", "G", "G", "G", "G", "G", "G", "G", "G", "G", "G", "G", "G", "G", "G", "G", "G", "G", "G", "G", "G", "G", "G", "G", "G", "G", "G", "G", "G", "G", "G", "G", "G", "G", "G", "G", "G", "G", "G", "G", "G", "G", "G", "G", "G", "G", "G", "G", "G", "G", "G", "G", "G", "G", "G", "G", "G", "G", "G", "G", "G", "G", "G", "G", "G", "G", "G", "G", "G", "G", "G", "G", "G", "G", "G", "G", "G", "G", "G", "G", "G", "G", "G", "G", "G", "G", "G", "G", "G", "G", "G", "G", "G", "G", "G", "G", "G", "G", "G", "G", "G", "G", "G", "G", "G", "G", "G", "G", "G", "G", "G", "G", "G", "G", "G", "G", "G", "G", "G", "G", "G", "G", "G", "G", "G", "G", "G", "G", "G", "G", "G", "G", "G", "G", "G", "G", "G", "G", "G", "G", "G", "G", "G", "G", "G", "G", "G", "G", "G", "G", "G", "G", "G", "G", "G", "G", "G", "G", "G", "G", "G", "G", "G", "Gm", "Gm", "Gm", "Gm", "Gm", "Gm", "Gm", "Gm", "Gm", "Gm", "Gm", "Gm", "Gm", "Gm", "Gm", "Gm", "Gm", "Gm", "Gm", "Gm", "Gm", "Gm", "Gm", "Gm", "Gm", "Gm", "Gm", "Gm", "Gm", "Gm", "Gm", "Gm", "Gm", "Gm", "Gm", "Gm", "Gm", "Gm", "Gm", "Gm", "Gm", "Gm", "Gm"]
