
metadata:
    version:
        essentia: "1.2.2"
    audio_properties:
        analysis_sample_rate: 44100
        bitrate: 128
        channels: 2
        equal_loudness: 1
        length: 9.97877597809
        replay_gain: -13.9479007721
        downmix: "mix"
    tags:
        track: 5
        year: 0
        album: "Splitted by Mp3Splt v. 2.1"
        artist: "From 000.40 To 000.50"
        comment: "http://mp3splt.sf.net"
        genre: ""
        title: "16 Peace Is Not the Word to Pl"

highlevel:
    ballroom:
        all:
            ChaChaCha: 0.245228022337
            Jive: 0.252243578434
            Quickstep: 0.053022749722
            Rumba-American: 0.0102103985846
            Rumba-International: 0.0274601001292
            Rumba-Misc: 0.0126227689907
            Samba: 0.38168618083
            Tango: 0.0040122512728
            VienneseWaltz: 0.00804521795362
            Waltz: 0.00546872848645
        probability: 0.38168618083
        value: "Samba"
    culture:
        all:
            non_western: 0.878448963165
            western: 0.121551036835
        probability: 0.878448963165
        value: "non_western"
    gender:
        all:
            female: 1.68579772435e-05
            male: 0.999983131886
        probability: 0.999983131886
        value: "male"
    genre_dortmund:
        all:
            alternative: 0.0113040246069
            blues: 0.0636472478509
            electronic: 0.0908065959811
            folkcountry: 0.0212796479464
            funksoulrnb: 0.0239967852831
            jazz: 0.163093924522
            pop: 0.0234124474227
            raphiphop: 0.515894532204
            rock: 0.0865648165345
        probability: 0.515894532204
        value: "raphiphop"
    genre_electronica:
        all:
            ambient: 0.138826265931
            dnb: 0.623436748981
            house: 0.0849330052733
            techno: 0.0992564037442
            trance: 0.0535475797951
        probability: 0.623436748981
        value: "dnb"
    genre_rosamerica:
        all:
            cla: 0.00914225168526
            dan: 0.0519578047097
            hip: 0.812553465366
            jaz: 0.0110139837489
            pop: 0.0107495188713
            rhy: 0.0375223904848
            roc: 0.0472889579833
            spe: 0.0197716187686
        probability: 0.812553465366
        value: "hip"
    genre_tzanetakis:
        all:
            blu: 0.0020450244192
            cla: 0.00180817069486
            cou: 0.00559443142265
            dis: 0.0087769953534
            hip: 0.786963880062
            jaz: 0.00426571210846
            met: 0.00141778064426
            pop: 0.056454565376
            reg: 0.127946332097
            roc: 0.00472709303722
        probability: 0.786963880062
        value: "hip"
    live_studio:
        all:
            live: 0.077966503799
            studio: 0.92203348875
        probability: 0.92203348875
        value: "studio"
    mood:
        all:
            Cluster1: 0.386718660593
            Cluster2: 0.113674066961
            Cluster3: 0.0595200173557
            Cluster4: 0.148404955864
            Cluster5: 0.291682302952
        probability: 0.386718660593
        value: "Cluster1"
    mood_acoustic:
        all:
            acoustic: 0.431488782167
            not_acoustic: 0.56851118803
        probability: 0.56851118803
        value: "not_acoustic"
    mood_aggressive:
        all:
            aggressive: 0.656862616539
            not_aggressive: 0.343137353659
        probability: 0.656862616539
        value: "aggressive"
    mood_electronic:
        all:
            electronic: 0.485028266907
            not_electronic: 0.514971733093
        probability: 0.514971733093
        value: "not_electronic"
    mood_happy:
        all:
            happy: 0.445035070181
            not_happy: 0.554964959621
        probability: 0.554964959621
        value: "not_happy"
    mood_party:
        all:
            not_party: 0.315013259649
            party: 0.684986710548
        probability: 0.684986710548
        value: "party"
    mood_relaxed:
        all:
            not_relaxed: 0.74699729681
            relaxed: 0.25300270319
        probability: 0.74699729681
        value: "not_relaxed"
    mood_sad:
        all:
            not_sad: 0.705939352512
            sad: 0.29406067729
        probability: 0.705939352512
        value: "not_sad"
    rhythm:
        all:
            fast: 0.92839974165
            medium: 0.0674565806985
            slow: 0.00414366601035
        probability: 0.92839974165
        value: "fast"
    speech_music:
        all:
            music: 0.997955560684
            speech: 0.00204446376301
        probability: 0.997955560684
        value: "music"
    timbre:
        all:
            bright: 0.00339442794211
            dark: 0.996605575085
        probability: 0.996605575085
        value: "dark"
    voice_instrumental:
        all:
            instrumental: 0.00630260864273
            voice: 0.993697404861
        probability: 0.993697404861
        value: "voice"

lowlevel:
    average_loudness: 0.983699738979
    barkbands_kurtosis:
        dmean: 3.30786538124
        dmean2: 5.55865097046
        dvar: 31.6439685822
        dvar2: 81.8598327637
        max: 42.5492324829
        mean: 2.16501331329
        min: -1.85241544247
        var: 42.7195281982
    barkbands_skewness:
        dmean: 0.801925897598
        dmean2: 1.2397121191
        dvar: 0.623073399067
        dvar2: 1.47048354149
        max: 6.15367746353
        mean: 1.12366640568
        min: -1.2875995636
        var: 1.60315907001
    barkbands_spread:
        dmean: 8.59306621552
        dmean2: 13.4080858231
        dvar: 70.5946121216
        dvar2: 134.150970459
        max: 76.028793335
        mean: 26.9332408905
        min: 2.82445287704
        var: 181.179794312
    dissonance:
        dmean: 0.0262153949589
        dmean2: 0.0433822497725
        dvar: 0.000703623285517
        dvar2: 0.00174558034632
        max: 0.499441564083
        mean: 0.458597719669
        min: 0.294488102198
        var: 0.00123078585602
    hfc:
        dmean: 1.62179064751
        dmean2: 2.29977107048
        dvar: 4.93675327301
        dvar2: 9.42418956757
        max: 20.3602924347
        mean: 3.4907283783
        min: 0.00708678457886
        var: 12.6504526138
    pitch:
        dmean: 542.84576416
        dmean2: 1046.9630127
        dvar: 1360264.625
        dvar2: 3187732.25
        max: 4900
        mean: 734.82434082
        min: 64.0058059692
        var: 1544572.25
    pitch_instantaneous_confidence:
        dmean: 0.12028760463
        dmean2: 0.186954140663
        dvar: 0.0101781459525
        dvar2: 0.0221999008209
        max: 0.88898229599
        mean: 0.42835944891
        min: 0.154639959335
        var: 0.0275264959782
    pitch_salience:
        dmean: 0.101540543139
        dmean2: 0.167377278209
        dvar: 0.00707027455792
        dvar2: 0.0174030791968
        max: 0.827536404133
        mean: 0.565119802952
        min: 0.164816215634
        var: 0.0152871906757
    silence_rate_20dB:
        dmean: 0
        dmean2: 0
        dvar: 0
        dvar2: 0
        max: 1
        mean: 1
        min: 1
        var: 0
    silence_rate_30dB:
        dmean: 0
        dmean2: 0
        dvar: 0
        dvar2: 0
        max: 1
        mean: 1
        min: 1
        var: 0
    silence_rate_60dB:
        dmean: 0.181395351887
        dmean2: 0.363636374474
        dvar: 0.148491442204
        dvar2: 0.245391651988
        max: 1
        mean: 0.573085844517
        min: 0
        var: 0.244659245014
    spectral_centroid:
        dmean: 301.307220459
        dmean2: 459.349182129
        dvar: 82361.5390625
        dvar2: 154563.96875
        max: 2470.28222656
        mean: 1015.0269165
        min: 170.738342285
        var: 248759.4375
    spectral_complexity:
        dmean: 3.00233101845
        dmean2: 4.38785028458
        dvar: 19.0606117249
        dvar2: 33.6065788269
        max: 46
        mean: 7.38139533997
        min: 0
        var: 49.3754768372
    spectral_crest:
        dmean: 3.3173930645
        dmean2: 5.46518468857
        dvar: 8.50912094116
        dvar2: 19.3575935364
        max: 24.4270305634
        mean: 9.57155895233
        min: 2.55160307884
        var: 19.7629432678
    spectral_decrease:
        dmean: 5.18895981738e-10
        dmean2: 8.05222222233e-10
        dvar: 4.54274616018e-19
        dvar2: 1.13850720009e-18
        max: -4.19887171907e-12
        mean: -8.85131745676e-10
        min: -4.37910951945e-09
        var: 6.36034786026e-19
    spectral_energy:
        dmean: 0.00209003058262
        dmean2: 0.00321178487502
        dvar: 7.11144730303e-06
        dvar2: 1.76705634658e-05
        max: 0.0170778669417
        mean: 0.0036573105026
        min: 1.64902703546e-05
        var: 1.05935605461e-05
    spectral_energyband_high:
        dmean: 6.37381308479e-05
        dmean2: 8.68443530635e-05
        dvar: 8.06374078621e-09
        dvar2: 1.33646542722e-08
        max: 0.000869942305144
        mean: 0.000111615132482
        min: 1.54534674834e-07
        var: 1.92218507777e-08
    spectral_energyband_low:
        dmean: 0.000307025300572
        dmean2: 0.000488682242576
        dvar: 1.7225171689e-07
        dvar2: 4.67956112971e-07
        max: 0.00384725420736
        mean: 0.000481264200062
        min: 1.60947166705e-07
        var: 2.47279160703e-07
    spectral_energyband_middle_high:
        dmean: 0.000504896102939
        dmean2: 0.000768962607253
        dvar: 5.63811397569e-07
        dvar2: 1.19770447782e-06
        max: 0.00641918508336
        mean: 0.00105298007838
        min: 2.24546488425e-06
        var: 1.35749849051e-06
    spectral_energyband_middle_low:
        dmean: 0.00166221603286
        dmean2: 0.00271868822165
        dvar: 6.1188784457e-06
        dvar2: 1.53502496687e-05
        max: 0.0162941198796
        mean: 0.00201145024039
        min: 3.67776442545e-06
        var: 6.83160533299e-06
    spectral_flatness_db:
        dmean: 0.0289228633046
        dmean2: 0.0442733690143
        dvar: 0.000672641675919
        dvar2: 0.0016086838441
        max: 0.320791184902
        mean: 0.173210859299
        min: 0.0754672288895
        var: 0.00188203144353
    spectral_flux:
        dmean: 0.0151308076456
        dmean2: 0.0229404047132
        dvar: 0.000267988652922
        dvar2: 0.000582024513278
        max: 0.114380858839
        mean: 0.0416264347732
        min: 0.00406082160771
        var: 0.00053119182121
    spectral_kurtosis:
        dmean: 2.16678452492
        dmean2: 3.42882990837
        dvar: 5.78116750717
        dvar2: 13.8694210052
        max: 25.2909526825
        mean: 5.18208742142
        min: -0.0811970233917
        var: 10.321475029
    spectral_rms:
        dmean: 0.000512915838044
        dmean2: 0.000744486460462
        dvar: 2.81447313455e-07
        dvar2: 6.63033176806e-07
        max: 0.00408182991669
        mean: 0.00171952473465
        min: 0.00012683874229
        var: 6.11341818058e-07
    spectral_rolloff:
        dmean: 719.680664062
        dmean2: 1193.53344727
        dvar: 673982.4375
        dvar2: 1192002.125
        max: 4931.10351562
        mean: 1998.18139648
        min: 129.19921875
        var: 1470822.5
    spectral_skewness:
        dmean: 0.295713245869
        dmean2: 0.43266621232
        dvar: 0.0740187913179
        dvar2: 0.149014160037
        max: 3.64771509171
        mean: 1.6099807024
        min: 0.59908914566
        var: 0.22027310729
    spectral_spread:
        dmean: 658339.125
        dmean2: 909735.25
        dvar: 541314220032
        dvar2: 918399287296
        max: 11479728
        mean: 4216631
        min: 1901522.875
        var: 1.85530607206e+12
    spectral_strongpeak:
        dmean: 0.255756258965
        dmean2: 0.419048845768
        dvar: 0.106250405312
        dvar2: 0.274450272322
        max: 2.17679524422
        mean: 0.336028158665
        min: 0.00379456696101
        var: 0.142282277346
    zerocrossingrate:
        dmean: 0.012018092908
        dmean2: 0.0130478329957
        dvar: 0.000104465041659
        dvar2: 0.000119318392535
        max: 0.134765625
        mean: 0.0637161582708
        min: 0.0087890625
        var: 0.000597550708335
    barkbands:
        dmean: [3.02716870237e-07, 9.54129282036e-05, 0.000245853938395, 0.000333507807227, 0.0006468774518, 0.000321667059325, 0.000376484094886, 0.000376754323952, 0.000110258995846, 0.000108405503852, 6.34315219941e-05, 5.58887950319e-05, 5.82602842769e-05, 8.03085058578e-05, 0.00011709248065, 5.48342577531e-05, 7.01599710737e-05, 7.65843360568e-05, 7.24779893062e-05, 6.19236598141e-05, 3.35698896379e-05, 8.19500291982e-06, 1.71655676695e-06, 3.79689225838e-07, 1.91593869658e-07, 9.57988266492e-09, 2.51668241802e-10]
        dmean2: [4.02624664275e-07, 0.000154051900608, 0.000407461280702, 0.000610048125964, 0.00106676749419, 0.000584250781685, 0.000605239649303, 0.000598088605329, 0.000188527919818, 0.000196362627321, 0.000109604261525, 8.95925986697e-05, 9.87923922366e-05, 0.000132377957925, 0.000188946462004, 8.94875556696e-05, 0.000112733410788, 0.000118624629977, 0.000113126734504, 9.62860212894e-05, 4.79502450617e-05, 1.11778736027e-05, 2.37813083004e-06, 5.3398827049e-07, 2.56406991639e-07, 1.26499086761e-08, 4.06174538448e-10]
        dvar: [2.08151584077e-13, 2.30372698695e-08, 1.27468226196e-07, 8.78047046626e-07, 1.60296121976e-06, 4.24655212328e-07, 7.52825656036e-07, 8.38285700411e-07, 7.31475182647e-08, 1.07967906615e-07, 3.90233942937e-08, 1.7352213888e-08, 1.64825344484e-08, 2.73497740011e-08, 9.43067277603e-08, 9.28929022592e-09, 2.07551842379e-08, 2.33597106103e-08, 1.63294995303e-08, 1.25352785929e-08, 1.80856563059e-09, 1.45866638213e-10, 5.59907892619e-12, 4.85818145695e-13, 8.98933840776e-14, 1.6636631027e-16, 1.25271333892e-18]
        dvar2: [3.08501759295e-13, 5.73899612277e-08, 3.52806750925e-07, 2.45331330007e-06, 3.90359900848e-06, 1.15415480195e-06, 1.75549223513e-06, 1.80063307198e-06, 2.0561844849e-07, 3.00623497651e-07, 9.04608441488e-08, 4.10161042907e-08, 4.36078941846e-08, 6.77101112956e-08, 2.39768581878e-07, 2.04820285177e-08, 4.39890577297e-08, 5.50705507862e-08, 3.21459054931e-08, 2.57658410163e-08, 3.01366043232e-09, 2.58211313442e-10, 1.09600965456e-11, 1.05180306739e-12, 1.68725588514e-13, 2.91402309624e-16, 1.33541185804e-18]
        max: [4.37626977146e-06, 0.00137580139562, 0.00330497859977, 0.00771177420393, 0.0107133667916, 0.00548817124218, 0.0100742038339, 0.00863791722804, 0.00250970432535, 0.00375565327704, 0.0020046189893, 0.00142483913805, 0.0013026521774, 0.00161905342247, 0.00366961280815, 0.00117266725283, 0.00140023347922, 0.00136527651921, 0.00118136988021, 0.000935981923249, 0.000336664932547, 0.000136192349601, 3.27334018948e-05, 7.95050618763e-06, 3.21070911014e-06, 1.0426893482e-07, 2.32177530535e-08]
        mean: [8.03609907507e-07, 0.000151424654177, 0.000329040369252, 0.000269983982434, 0.000628033129033, 0.000249573669862, 0.000355937692802, 0.000380352023058, 0.000113918205898, 0.000124482772662, 6.79640943417e-05, 6.61791491439e-05, 7.56455556257e-05, 0.000100573022792, 0.000158579830895, 8.5174353444e-05, 0.000101669313153, 0.000109460612293, 0.000122623707284, 9.71573826973e-05, 5.28115306224e-05, 1.24897269416e-05, 2.56989278569e-06, 5.73045156216e-07, 2.78801820741e-07, 1.46190837214e-08, 2.6708782408e-10]
        min: [1.05095196434e-10, 5.41661080433e-08, 8.7268958282e-08, 7.29077328288e-07, 4.70628094718e-07, 1.7570535249e-08, 3.42495489747e-08, 3.62516985319e-08, 1.01647961159e-08, 1.44982578831e-07, 7.44591019952e-08, 3.95940631392e-08, 3.81797434557e-07, 4.26269473053e-08, 1.32728942503e-07, 2.29720996003e-07, 2.0002148915e-07, 2.7988801321e-07, 2.08991068007e-07, 1.40433442652e-07, 6.72828548431e-08, 2.93336412938e-08, 1.06683870627e-08, 8.03546784667e-10, 4.10170647447e-10, 3.53971331413e-11, 7.51504847935e-12]
        var: [1.01677347097e-12, 3.51094371354e-08, 1.63848454804e-07, 5.60730882171e-07, 1.66523125245e-06, 3.30250287561e-07, 8.29242367217e-07, 1.02000115021e-06, 6.52518750144e-08, 1.01469495917e-07, 3.77958713216e-08, 2.20579998711e-08, 1.95752907217e-08, 3.42949562082e-08, 1.08780518815e-07, 1.72461813719e-08, 3.31747571636e-08, 3.2618942214e-08, 3.17527089067e-08, 2.19961915349e-08, 3.93048704694e-09, 3.117000269e-10, 1.26624856434e-11, 8.46252809581e-13, 1.63421346225e-13, 3.74444228633e-16, 1.28967373325e-18]
    mfcc:
        mean: [-759.975952148, 132.65071106, -46.8755378723, 60.1542434692, -13.4047365189, 6.30919790268, -2.5002579689, -6.36619853973, 0.460842251778, -0.32348293066, 0.606039762497, -5.8321056366, -4.48039913177]
        cov: [[3452.36450195, -168.65675354, -589.07421875, -327.263214111, -248.896713257, -309.228424072, -273.910400391, -219.174591064, -154.938995361, -138.749679565, -95.1073684692, -45.0707969666, -17.5638961792], [-168.65675354, 828.598022461, -192.778579712, -65.5525360107, -11.1377077103, -5.49708747864, 13.6351013184, 3.78314852715, 25.6122608185, 21.6823234558, 44.2765274048, 14.0618076324, 11.2271060944], [-589.07421875, -192.778579712, 798.325683594, 325.271911621, 161.41394043, 147.890563965, 85.5092773438, 79.8288879395, 41.7502288818, 25.256778717, 56.606502533, 57.2364044189, 24.9102230072], [-327.263214111, -65.5525360107, 325.271911621, 431.103515625, 200.485824585, 108.852966309, 41.3269958496, 43.4179954529, 38.5175552368, 31.0328826904, 31.4361228943, 36.0171165466, 49.6533622742], [-248.896713257, -11.1377077103, 161.41394043, 200.485824585, 338.254119873, 163.375167847, 81.9808578491, 59.0092391968, 49.4127044678, 55.2640647888, 19.9884300232, 32.9631919861, 5.34115076065], [-309.228424072, -5.49708747864, 147.890563965, 108.852966309, 163.375167847, 258.984741211, 168.670379639, 90.9515838623, 61.6038017273, 61.4894828796, 32.6080207825, 11.4625177383, 1.19925820827], [-273.910400391, 13.6351013184, 85.5092773438, 41.3269958496, 81.9808578491, 168.670379639, 264.990783691, 148.494934082, 57.7016983032, 46.2195663452, 28.2576789856, 27.6747531891, 0.60160279274], [-219.174591064, 3.78314852715, 79.8288879395, 43.4179954529, 59.0092391968, 90.9515838623, 148.494934082, 155.286590576, 67.6964111328, 35.5708465576, 29.5120697021, 41.274230957, 14.7489976883], [-154.938995361, 25.6122608185, 41.7502288818, 38.5175552368, 49.4127044678, 61.6038017273, 57.7016983032, 67.6964111328, 105.945587158, 76.5084075928, 35.0903167725, 14.741774559, 18.4718513489], [-138.749679565, 21.6823234558, 25.256778717, 31.0328826904, 55.2640647888, 61.4894828796, 46.2195663452, 35.5708465576, 76.5084075928, 128.865951538, 55.1851463318, 9.90935134888, 12.2414226532], [-95.1073684692, 44.2765274048, 56.606502533, 31.4361228943, 19.9884300232, 32.6080207825, 28.2576789856, 29.5120697021, 35.0903167725, 55.1851463318, 87.5178222656, 45.4709587097, 13.4612836838], [-45.0707969666, 14.0618076324, 57.2364044189, 36.0171165466, 32.9631919861, 11.4625177383, 27.6747531891, 41.274230957, 14.741774559, 9.90935134888, 45.4709587097, 90.586555481, 36.9541244507], [-17.5638961792, 11.2271060944, 24.9102230072, 49.6533622742, 5.34115076065, 1.19925820827, 0.60160279274, 14.7489976883, 18.4718513489, 12.2414226532, 13.4612836838, 36.9541244507, 72.8947296143]]
        icov: [[0.00038174900692, 0.000136601578561, 0.000234534440096, 8.45350514282e-05, -1.99617352337e-05, 0.000134028246976, 5.01310569234e-05, 0.000253989943303, 6.38282144791e-05, 0.000176628847839, -4.14617607021e-05, -0.000124112673802, -9.45936262724e-05], [0.000136601578561, 0.00142429536209, 0.00049626728287, 9.91124034044e-05, -0.000191516912309, 0.000121891644085, -0.00022824073676, 0.000369637127733, -0.000476744200569, 0.000623827800155, -0.00124862091616, 0.000230197809287, -0.000354504212737], [0.000234534440096, 0.00049626728287, 0.00225227535702, -0.00138246733695, 0.000228607532335, -0.000622532854322, 0.000207630117075, -0.000196364708245, -9.63811835391e-05, 0.0006866112235, -0.000926009903196, -0.00064842402935, 0.000592449621763], [8.45350514282e-05, 9.91124034044e-05, -0.00138246733695, 0.00477892998606, -0.00240088766441, 0.000134042144055, 0.00027172913542, -6.701870916e-06, 1.22012977499e-06, 0.00076948030619, -0.00120236643124, 0.00166526949033, -0.00335658667609], [-1.99617352337e-05, -0.000191516912309, 0.000228607532335, -0.00240088766441, 0.00616251910105, -0.00341808306985, 0.00114525575191, -0.000287687580567, -2.37290205405e-05, -0.00218129204586, 0.00329420040362, -0.00380435888655, 0.00292803626508], [0.000134028246976, 0.000121891644085, -0.000622532854322, 0.000134042144055, -0.00341808306985, 0.0101401275024, -0.00582169229165, 0.00171801343095, -0.00151361746248, 0.000130259752041, -0.00216709077358, 0.00300858891569, -0.000844321679324], [5.01310569234e-05, -0.00022824073676, 0.000207630117075, 0.00027172913542, 0.00114525575191, -0.00582169229165, 0.0122803868726, -0.0101788658649, 0.0035128062591, -0.00200265948661, 0.00119906582404, -0.000415448244894, 0.0011965528829], [0.000253989943303, 0.000369637127733, -0.000196364708245, -6.701870916e-06, -0.000287687580567, 0.00171801343095, -0.0101788658649, 0.0207238271832, -0.0105173150077, 0.00390389049426, 0.0004262762086, -0.00544462259859, 0.000650632719044], [6.38282144791e-05, -0.000476744200569, -9.63811835391e-05, 1.22012977499e-06, -2.37290205405e-05, -0.00151361746248, 0.0035128062591, -0.0105173150077, 0.0239156261086, -0.0116424979642, 0.000209295525565, 0.00269257999025, -0.0032622681465], [0.000176628847839, 0.000623827800155, 0.0006866112235, 0.00076948030619, -0.00218129204586, 0.000130259752041, -0.00200265948661, 0.00390389049426, -0.0116424979642, 0.0194676853716, -0.0109459953383, 0.00505453161895, -0.00228801206686], [-4.14617607021e-05, -0.00124862091616, -0.000926009903196, -0.00120236643124, 0.00329420040362, -0.00216709077358, 0.00119906582404, 0.0004262762086, 0.000209295525565, -0.0109459953383, 0.0259945504367, -0.0142689608037, 0.00523439468816], [-0.000124112673802, 0.000230197809287, -0.00064842402935, 0.00166526949033, -0.00380435888655, 0.00300858891569, -0.000415448244894, -0.00544462259859, 0.00269257999025, 0.00505453161895, -0.0142689608037, 0.0250586457551, -0.0112434374169], [-9.45936262724e-05, -0.000354504212737, 0.000592449621763, -0.00335658667609, 0.00292803626508, -0.000844321679324, 0.0011965528829, 0.000650632719044, -0.0032622681465, -0.00228801206686, 0.00523439468816, -0.0112434374169, 0.0214361473918]]
    spectral_contrast:
        mean: [-6.44340957479e-07, -1.06270405809e-07, 2.50547422809e-08, 3.81019219731e-07, -3.39607844069e-08, 1.35799822942e-07, 3.46081196767e-06, 3.51806011167e-06, 2.71921931017e-06, -1.52192831138e-06, -2.0419788882e-07, 1.39363976359e-06]
        var: [0.000521407811902, 0.000668440712616, 0.00186195143033, 0.0034044412896, 0.00445075426251, 0.0107749318704, 0.0673413053155, 0.110763907433, 0.172671064734, 0.38820835948, 0.697855830193, 1.91932117939]

rhythm:
    beats_loudness:
        dmean: 0.00311649031937
        dmean2: 0.0057760453783
        dvar: 4.05621995014e-06
        dvar2: 1.05344333861e-05
        max: 0.0104119544849
        mean: 0.00529093295336
        min: 0.000663609302137
        var: 7.82298866397e-06
    beats_loudness_bass:
        dmean: 0.321032613516
        dmean2: 0.566766619682
        dvar: 0.0529897138476
        dvar2: 0.0969399660826
        max: 0.864606022835
        mean: 0.243108525872
        min: 0.00365183036774
        var: 0.0780313462019
    bpm: 108.300804138
    bpm_confidence: 0
    first_peak_bpm: 108
    first_peak_spread: 0
    first_peak_weight: 0.9375
    onset_rate: 5.511698246
    second_peak_bpm: 90
    second_peak_spread: 0
    second_peak_weight: 0.0625
    beats_position: [0.430961221457, 0.985605299473, 1.54024934769, 2.09489345551, 2.64953756332, 3.20418143272, 3.75882577896, 4.31346988678, 4.86811447144, 5.42275857925, 6.09234809875, 6.6455321312, 7.19871664047, 7.75190019608, 8.30508422852, 8.85826778412, 9.4114522934]
    bpm_estimates: [108.462722778, 108.372673035, 108.602813721, 108.626052856, 105.888244629, 108.066619873, 108.324333191, 108.426261902, 108.609230042, 108.188980103, 108.441688538, 108.655471802, 108.364639282, 108.551513672, 108.624313354, 108.396263123, 108.59740448, 108.202926636, 108.313186646]
    bpm_intervals: [0.554644107819, 0.554644048214, 0.554644107819, 0.554644107819, 0.5546438694, 0.554644346237, 0.554644107819, 0.554644584656, 0.554644107819, 0.669589519501, 0.55318403244, 0.553184509277, 0.553183555603, 0.55318403244, 0.553183555603, 0.553184509277]
    onset_times: [0.0464399084449, 0.116099774837, 0.383129239082, 0.522448956966, 0.708208620548, 0.9287981987, 1.07972788811, 1.23065757751, 1.35836732388, 1.50929701328, 1.62539684772, 1.91564631462, 2.07818603516, 2.20589566231, 2.34521532059, 2.46131515503, 2.73995471001, 3.05342411995, 3.16952371597, 3.30884361267, 3.45977330208, 3.59909296036, 3.85451245308, 4.1679816246, 4.3073015213, 4.41179132462, 4.57433128357, 4.69043064117, 4.841360569, 4.96907043457, 5.24770975113, 5.42185926437, 5.53795909882, 5.68888902664, 5.80498886108, 5.9675283432, 6.08362817764, 6.25777769089, 6.33904743195, 6.51319742203, 6.66412687302, 6.80344676971, 6.93115663528, 7.08208608627, 7.19818592072, 7.45360565186, 7.75546503067, 8.03410434723, 8.2198638916, 8.3011341095, 8.59138298035, 8.87002277374, 8.99773216248, 9.41569137573, 9.69433116913]
    rubato_start: []
    rubato_stop: []
    perceptual_tempo: "unknown"

sfx:
    inharmonicity:
        dmean: 0.0336706116796
        dmean2: 0.0584157146513
        dvar: 0.00186006200965
        dvar2: 0.00451328326017
        max: 0.403165489435
        mean: 0.0363718345761
        min: 2.33394202951e-05
        var: 0.00209585414268
    oddtoevenharmonicenergyratio:
        dmean: 3.7661652565
        dmean2: 7.21765327454
        dvar: 222.238830566
        dvar2: 653.480041504
        max: 177.122161865
        mean: 2.29069304466
        min: 4.50237675977e-05
        var: 117.96421814
    pitch_after_max_to_before_max_energy_ratio: 0.152513951063
    pitch_centroid: 175.163589478
    pitch_max_to_total: 0.646511614323
    pitch_min_to_total: 0.265116274357
    tristimulus:
        dmean: [0.241968914866, 0.237104356289, 0.106667101383]
        dmean2: [0.410405129194, 0.411341488361, 0.18530446291]
        dvar: [0.0437726080418, 0.0406674854457, 0.0111121824011]
        dvar2: [0.110440835357, 0.104789972305, 0.0302383415401]
        max: [0.98659235239, 0.938796818256, 0.751669883728]
        mean: [0.465587377548, 0.39846765995, 0.115236766636]
        min: [0.00290503399447, 0, 0]
        var: [0.0720718428493, 0.0622227340937, 0.0141580449417]

tonal:
    chords_changes_rate: 0.101851850748
    chords_number_rate: 0.0324074067175
    chords_strength:
        dmean: 0.017878068611
        dmean2: 0.0237260069698
        dvar: 0.00020907036378
        dvar2: 0.000350237940438
        max: 0.67977887392
        mean: 0.477819979191
        min: 0.343679875135
        var: 0.00475647486746
    key_strength: 0.484342336655
    tuning_diatonic_strength: 0.510604321957
    tuning_equal_tempered_deviation: 0.2784909904
    tuning_frequency: 435.952270508
    tuning_nontempered_energy_ratio: 0.918022036552
    hpcp:
        dmean: [0.272236645222, 0.247989565134, 0.239309728146, 0.25042077899, 0.252288371325, 0.256472885609, 0.183957949281, 0.222790896893, 0.238111525774, 0.200807541609, 0.162529453635, 0.154258534312, 0.188426658511, 0.17631803453, 0.147822529078, 0.149698376656, 0.161180466413, 0.191110953689, 0.19088549912, 0.156782418489, 0.144366055727, 0.128443062305, 0.151241362095, 0.167372912169, 0.161628037691, 0.165044546127, 0.17276327312, 0.155912190676, 0.133965089917, 0.133914887905, 0.154842525721, 0.184842273593, 0.17177683115, 0.13056230545, 0.149120688438, 0.227407515049]
        dmean2: [0.46947479248, 0.422878563404, 0.415721058846, 0.446739703417, 0.453137904406, 0.470675647259, 0.329143553972, 0.393849372864, 0.432029902935, 0.356083214283, 0.295620650053, 0.272695690393, 0.328805983067, 0.308556348085, 0.264340877533, 0.273807406425, 0.27790299058, 0.328443855047, 0.335095137358, 0.27976256609, 0.256823301315, 0.218466371298, 0.262495428324, 0.298085778952, 0.294564038515, 0.301912367344, 0.317902177572, 0.278449445963, 0.238484874368, 0.241090521216, 0.273563981056, 0.341619580984, 0.316405296326, 0.235238865018, 0.258426457644, 0.391968250275]
        dvar: [0.0776534080505, 0.0632114186883, 0.0663915127516, 0.0693813413382, 0.0810474455357, 0.0681023448706, 0.0452781021595, 0.066264078021, 0.0738087594509, 0.0569764189422, 0.0481308549643, 0.0414552129805, 0.0702113732696, 0.0652859658003, 0.0413880459964, 0.0499588735402, 0.0396510958672, 0.0582805462182, 0.0576422438025, 0.0497817508876, 0.0434583127499, 0.0325100943446, 0.0387578271329, 0.0573238916695, 0.0522732809186, 0.0595403015614, 0.0594337806106, 0.0477559119463, 0.0348092541099, 0.0311159417033, 0.0505295656621, 0.0536376014352, 0.0503187961876, 0.0394561029971, 0.0361036062241, 0.0692245736718]
        dvar2: [0.197714820504, 0.159628197551, 0.178832083941, 0.171114608645, 0.16408200562, 0.182922899723, 0.130404084921, 0.173831507564, 0.175104349852, 0.148746773601, 0.126392439008, 0.112464874983, 0.176591306925, 0.175079673529, 0.111732117832, 0.140565440059, 0.100317180157, 0.145733103156, 0.136771470308, 0.121098600328, 0.122012399137, 0.0820321440697, 0.0993031263351, 0.15707424283, 0.14851975441, 0.165453255177, 0.15903352201, 0.126962587237, 0.0952715203166, 0.0842612534761, 0.138518184423, 0.136365741491, 0.139503389597, 0.112193845212, 0.0963344871998, 0.172190591693]
        max: [1, 1, 1, 1, 1, 1, 1, 1, 1, 1, 1, 1, 1, 1, 1, 1, 1, 1, 1, 1, 1, 1, 1, 1, 1, 1, 1, 1, 1, 1, 1, 1, 1, 1, 1, 1]
        mean: [0.258328229189, 0.272646844387, 0.257204324007, 0.273357510567, 0.331315487623, 0.267539471388, 0.171369850636, 0.176436603069, 0.195210084319, 0.193554744124, 0.168177068233, 0.143638491631, 0.155333220959, 0.151978179812, 0.127240672708, 0.13485275209, 0.161487355828, 0.17644032836, 0.164020419121, 0.136289104819, 0.123913623393, 0.128468707204, 0.157409787178, 0.172199264169, 0.155936598778, 0.146508917212, 0.139261424541, 0.128902673721, 0.125499725342, 0.123018652201, 0.135567680001, 0.174749270082, 0.159997567534, 0.121989145875, 0.151282310486, 0.215984642506]
        min: [0.000504449242726, 0.00144109851681, 0.000547465635464, 0.000313301658025, 0.00146289460827, 0.00100788881537, 0.00120130111463, 0.00133847072721, 0.000910632603336, 0.00049429590581, 0.00153537630104, 0.00138910009991, 0.00105479895137, 5.60181797482e-05, 0.000749837316107, 0.00160999002401, 0.00149821664672, 0.00134842225816, 0.000775338325184, 0.0007643836434, 0.000248204829404, 0.000183821335668, 0.000291688076686, 0.000299704115605, 0.00168118730653, 0.00295689096674, 0.00200438173488, 0.000875048921444, 0.00172304583248, 0.00223501492292, 0.00107874523383, 0.000684828963131, 0.000806613068562, 0.00100214441773, 0.00111379730515, 0.000969138345681]
        var: [0.0856143310666, 0.0883213430643, 0.0826332122087, 0.084313929081, 0.124023854733, 0.0869282633066, 0.0441144369543, 0.0601001530886, 0.0706307068467, 0.0625335723162, 0.0479894317687, 0.0350284017622, 0.0633658319712, 0.0601124428213, 0.0388479530811, 0.0429613143206, 0.0424354337156, 0.056710191071, 0.0574436448514, 0.0438689962029, 0.0339230671525, 0.0350594371557, 0.0496847294271, 0.0652208328247, 0.0561353489757, 0.051406364888, 0.0459701791406, 0.0385395474732, 0.0321636162698, 0.0294753331691, 0.039393234998, 0.0555952750146, 0.0455041415989, 0.0313373729587, 0.0390830226243, 0.0718066245317]
    chords_histogram: [16.2037029266, 4.62962961197, 38.4259262085, 0.925925910473, 0, 0, 0, 0, 1.38888883591, 0, 7.87037038803, 0, 13.4259262085, 0, 0, 0, 0, 0, 0, 0, 0, 0, 0, 17.1296291351]
    thpcp: [1, 0.807506680489, 0.517240703106, 0.532533526421, 0.58919698, 0.584200739861, 0.507604002953, 0.433539927006, 0.468837797642, 0.458711355925, 0.384046852589, 0.407022178173, 0.487412631512, 0.532544791698, 0.495058119297, 0.411357492208, 0.374004930258, 0.387753397226, 0.475105434656, 0.519744098186, 0.470658957958, 0.442203640938, 0.420328736305, 0.389063239098, 0.378792196512, 0.371303647757, 0.409180015326, 0.527440667152, 0.48291605711, 0.368196338415, 0.456611037254, 0.651900231838, 0.779704630375, 0.822922110558, 0.776312410831, 0.825067102909]
    chords_key: "F"
    chords_scale: "major"
    key_key: "A#"
    key_scale: "major"
    chords_progression: ["F", "F", "F", "F", "F", "F", "F", "F", "F", "F", "F", "F", "F", "F", "F", "F", "F", "F", "F", "F", "F", "F", "F", "F", "F", "F", "F", "F", "F", "F", "F", "F", "F", "F", "F", "F", "F", "F", "F", "F", "F", "Dm", "F", "F", "A#", "A#", "A#", "A#", "A#", "A#", "A#", "A#", "A#", "A#", "A#", "A#", "F", "A#", "A#", "A#", "A#", "A#", "A#", "A#", "A#", "A#", "A#", "A#", "A#", "Dm", "Dm", "A#", "A#", "A#", "A#", "A#", "A#", "A#", "A#", "A#", "Dm", "Dm", "Dm", "Dm", "Dm", "A#", "A#", "Gm", "Gm", "Gm", "F", "Dm", "Dm", "F", "F", "F", "F", "Gm", "Gm", "Gm", "Gm", "Gm", "Gm", "Gm", "Gm", "Gm", "Gm", "D", "D", "D", "F", "F", "F", "F", "F", "F", "F", "F", "F", "F", "F", "F", "F", "F", "F", "F", "F", "F", "F", "F", "F", "F", "F", "F", "F", "F", "F", "F", "F", "F", "F", "F", "F", "F", "E", "E", "E", "E", "E", "E", "E", "E", "E", "E", "E", "E", "E", "E", "E", "E", "E", "E", "E", "E", "E", "E", "E", "E", "E", "E", "E", "E", "E", "Am", "A", "Am", "A", "A", "A", "A", "A", "A", "A", "A", "A", "A", "A", "A", "A", "A", "A", "A", "Gm", "Gm", "Gm", "Gm", "Gm", "Gm", "Gm", "Gm", "Gm", "Gm", "Gm", "Gm", "Gm", "Gm", "Gm", "Gm", "Gm", "Gm", "Gm", "Gm", "Gm", "Gm", "Gm", "Gm"]
