
metadata:
    version:
        essentia: "1.2.2"
    audio_properties:
        analysis_sample_rate: 44100
        bitrate: 128
        channels: 2
        equal_loudness: 1
        length: 10.0310201645
        replay_gain: -11.7549762726
        downmix: "mix"
    tags:
        track: 9
        year: 0
        album: "Splitted by Mp3Splt v. 2.1"
        artist: "From 001.20 To 001.30"
        comment: "http://mp3splt.sf.net"
        genre: ""
        title: "09 Paradise.mp3"

highlevel:
    ballroom:
        all:
            ChaChaCha: 0.103347167373
            Jive: 0.23131878674
            Quickstep: 0.00993756763637
            Rumba-American: 0.000336246739607
            Rumba-International: 0.000429449981311
            Rumba-Misc: 0.000143351484439
            Samba: 0.653889596462
            Tango: 9.6856871096e-05
            VienneseWaltz: 0.000157164220582
            Waltz: 0.000343795982189
        probability: 0.653889596462
        value: "Samba"
    culture:
        all:
            non_western: 0.544842839241
            western: 0.455157160759
        probability: 0.544842839241
        value: "non_western"
    gender:
        all:
            female: 0.807050466537
            male: 0.19294950366
        probability: 0.807050466537
        value: "female"
    genre_dortmund:
        all:
            alternative: 0.00929047074169
            blues: 0.0150480130687
            electronic: 0.513532519341
            folkcountry: 0.00659532425925
            funksoulrnb: 0.00193083821796
            jazz: 0.373510837555
            pop: 0.00386770418845
            raphiphop: 0.0277172699571
            rock: 0.048507027328
        probability: 0.513532519341
        value: "electronic"
    genre_electronica:
        all:
            ambient: 0.0633766204119
            dnb: 0.205505162477
            house: 0.182429254055
            techno: 0.517290532589
            trance: 0.0313984155655
        probability: 0.517290532589
        value: "techno"
    genre_rosamerica:
        all:
            cla: 0.0228858925402
            dan: 0.404632985592
            hip: 0.50429302454
            jaz: 0.0129046346992
            pop: 0.0060076257214
            rhy: 0.0167714543641
            roc: 0.0229319464415
            spe: 0.00957242306322
        probability: 0.50429302454
        value: "hip"
    genre_tzanetakis:
        all:
            blu: 0.01660785079
            cla: 0.0186980310827
            cou: 0.00725000072271
            dis: 0.104688070714
            hip: 0.415340721607
            jaz: 0.0202634744346
            met: 0.205010771751
            pop: 0.0708273127675
            reg: 0.122939176857
            roc: 0.0183745883405
        probability: 0.415340721607
        value: "hip"
    live_studio:
        all:
            live: 0.172921463847
            studio: 0.827078521252
        probability: 0.827078521252
        value: "studio"
    mood:
        all:
            Cluster1: 0.441725611687
            Cluster2: 0.0738391876221
            Cluster3: 0.023564722389
            Cluster4: 0.0331642851233
            Cluster5: 0.427706182003
        probability: 0.441725611687
        value: "Cluster1"
    mood_acoustic:
        all:
            acoustic: 0.0306716151536
            not_acoustic: 0.969328403473
        probability: 0.969328403473
        value: "not_acoustic"
    mood_aggressive:
        all:
            aggressive: 0.908684790134
            not_aggressive: 0.0913151800632
        probability: 0.908684790134
        value: "aggressive"
    mood_electronic:
        all:
            electronic: 0.965892076492
            not_electronic: 0.0341079011559
        probability: 0.965892076492
        value: "electronic"
    mood_happy:
        all:
            happy: 0.0844093933702
            not_happy: 0.915590584278
        probability: 0.915590584278
        value: "not_happy"
    mood_party:
        all:
            not_party: 0.103007473052
            party: 0.896992504597
        probability: 0.896992504597
        value: "party"
    mood_relaxed:
        all:
            not_relaxed: 0.775887310505
            relaxed: 0.224112674594
        probability: 0.775887310505
        value: "not_relaxed"
    mood_sad:
        all:
            not_sad: 0.973017573357
            sad: 0.0269824489951
        probability: 0.973017573357
        value: "not_sad"
    rhythm:
        all:
            fast: 0.763349831104
            medium: 0.198684483767
            slow: 0.0379656851292
        probability: 0.763349831104
        value: "fast"
    speech_music:
        all:
            music: 0.668189883232
            speech: 0.33181014657
        probability: 0.668189883232
        value: "music"
    timbre:
        all:
            bright: 0.538238465786
            dark: 0.461761504412
        probability: 0.538238465786
        value: "bright"
    voice_instrumental:
        all:
            instrumental: 0.891704559326
            voice: 0.108295440674
        probability: 0.891704559326
        value: "instrumental"

lowlevel:
    average_loudness: 0.977346301079
    barkbands_kurtosis:
        dmean: 2.61840128899
        dmean2: 4.45993947983
        dvar: 14.2366228104
        dvar2: 35.5698814392
        max: 22.0308456421
        mean: 0.628633856773
        min: -1.93539321423
        var: 15.3790445328
    barkbands_skewness:
        dmean: 1.0506914854
        dmean2: 1.5330132246
        dvar: 0.757008075714
        dvar2: 1.92290246487
        max: 4.45530605316
        mean: -0.258568137884
        min: -4.37786388397
        var: 2.1666469574
    barkbands_spread:
        dmean: 13.8762636185
        dmean2: 21.5368270874
        dvar: 108.900520325
        dvar2: 287.908782959
        max: 74.0693130493
        mean: 45.1778068542
        min: 7.47209310532
        var: 246.197189331
    dissonance:
        dmean: 0.00852922536433
        dmean2: 0.0145646827295
        dvar: 8.3267725131e-05
        dvar2: 0.000239491389948
        max: 0.499549120665
        mean: 0.488454699516
        min: 0.442445963621
        var: 8.25413371786e-05
    hfc:
        dmean: 3.27536463737
        dmean2: 5.00972509384
        dvar: 22.0608119965
        dvar2: 51.1661872864
        max: 35.4898338318
        mean: 3.41612267494
        min: 0.00200525508262
        var: 21.9299240112
    pitch:
        dmean: 735.859619141
        dmean2: 1387.78991699
        dvar: 1337667.25
        dvar2: 3471056.75
        max: 4410
        mean: 3666.53344727
        min: 134.451217651
        var: 1006110.9375
    pitch_instantaneous_confidence:
        dmean: 0.0919951274991
        dmean2: 0.154758736491
        dvar: 0.00501679163426
        dvar2: 0.0129495738074
        max: 0.729723095894
        mean: 0.48038366437
        min: 0.176649451256
        var: 0.0102121569216
    pitch_salience:
        dmean: 0.0889395698905
        dmean2: 0.142207488418
        dvar: 0.00674575101584
        dvar2: 0.0166712924838
        max: 0.817004621029
        mean: 0.629648566246
        min: 0.220813974738
        var: 0.0132033694535
    silence_rate_20dB:
        dmean: 0
        dmean2: 0
        dvar: 0
        dvar2: 0
        max: 1
        mean: 1
        min: 1
        var: 0
    silence_rate_30dB:
        dmean: 0
        dmean2: 0
        dvar: 0
        dvar2: 0
        max: 1
        mean: 1
        min: 1
        var: 0
    silence_rate_60dB:
        dmean: 0.148148149252
        dmean2: 0.294663578272
        dvar: 0.126200899482
        dvar2: 0.254241645336
        max: 1
        mean: 0.845265567303
        min: 0
        var: 0.130791157484
    spectral_centroid:
        dmean: 632.444091797
        dmean2: 922.70098877
        dvar: 294871.1875
        dvar2: 683692.625
        max: 3963.88793945
        mean: 2220.25024414
        min: 321.306365967
        var: 905989.9375
    spectral_complexity:
        dmean: 3.96983766556
        dmean2: 6.32325601578
        dvar: 27.792596817
        dvar2: 55.0049247742
        max: 33
        mean: 4.1875
        min: 0
        var: 33.8051223755
    spectral_crest:
        dmean: 2.78143787384
        dmean2: 4.78815937042
        dvar: 6.28791046143
        dvar2: 16.2756671906
        max: 18.7132377625
        mean: 8.51186752319
        min: 3.72888088226
        var: 8.82567691803
    spectral_decrease:
        dmean: 5.16616360802e-10
        dmean2: 8.41663960749e-10
        dvar: 8.72674305473e-19
        dvar2: 2.10625020054e-18
        max: -3.37309688644e-13
        mean: -4.83832751641e-10
        min: -5.58749180257e-09
        var: 7.72379173188e-19
    spectral_energy:
        dmean: 0.00222746003419
        dmean2: 0.00357713666745
        dvar: 1.46414558913e-05
        dvar2: 3.49520887539e-05
        max: 0.0218055173755
        mean: 0.00213594757952
        min: 1.45496733239e-06
        var: 1.33106359499e-05
    spectral_energyband_high:
        dmean: 0.000252834579442
        dmean2: 0.000384087179555
        dvar: 8.65631477609e-08
        dvar2: 2.01369957153e-07
        max: 0.00192100007553
        mean: 0.000286329217488
        min: 2.28445244943e-07
        var: 1.01546142162e-07
    spectral_energyband_low:
        dmean: 0.000213023784454
        dmean2: 0.00033945022733
        dvar: 2.09692672115e-07
        dvar2: 5.59075601814e-07
        max: 0.00339781818911
        mean: 0.000258656829828
        min: 8.02833142188e-07
        var: 1.99926105893e-07
    spectral_energyband_middle_high:
        dmean: 0.000637704215478
        dmean2: 0.00100612919778
        dvar: 1.30076614369e-06
        dvar2: 3.04359150505e-06
        max: 0.00820282381028
        mean: 0.000595418736339
        min: 2.61658385625e-07
        var: 1.18560137707e-06
    spectral_energyband_middle_low:
        dmean: 0.00139886047691
        dmean2: 0.00244618603028
        dvar: 9.45529700402e-06
        dvar2: 2.4240816856e-05
        max: 0.0198585223407
        mean: 0.000995525275357
        min: 1.61386296327e-07
        var: 7.01314775142e-06
    spectral_flatness_db:
        dmean: 0.0333319418132
        dmean2: 0.0548922978342
        dvar: 0.000785773445386
        dvar2: 0.00207896111533
        max: 0.317585349083
        mean: 0.193459719419
        min: 0.107003286481
        var: 0.00126134802122
    spectral_flux:
        dmean: 0.0169462505728
        dmean2: 0.0253629311919
        dvar: 0.000416150462115
        dvar2: 0.000617714831606
        max: 0.128285109997
        mean: 0.034304395318
        min: 0.00120622024406
        var: 0.000746919889934
    spectral_kurtosis:
        dmean: 0.943678617477
        dmean2: 1.59475874901
        dvar: 0.626052260399
        dvar2: 1.92855215073
        max: 6.1373500824
        mean: 1.38079857826
        min: -0.410379886627
        var: 1.1429374218
    spectral_rms:
        dmean: 0.000629146874417
        dmean2: 0.000913630472496
        dvar: 5.15815770541e-07
        dvar2: 1.07599305466e-06
        max: 0.00461233966053
        mean: 0.00116377533413
        min: 3.76759926439e-05
        var: 7.29479211259e-07
    spectral_rolloff:
        dmean: 788.884277344
        dmean2: 1349.48010254
        dvar: 1263323.875
        dvar2: 3410110.5
        max: 5490.96679688
        mean: 3919.59106445
        min: 129.19921875
        var: 1448136.125
    spectral_skewness:
        dmean: 0.226369142532
        dmean2: 0.355622380972
        dvar: 0.0393956415355
        dvar2: 0.081154614687
        max: 2.21379327774
        mean: 0.531377851963
        min: -0.168269619346
        var: 0.0919046103954
    spectral_spread:
        dmean: 925147.375
        dmean2: 1389476.625
        dvar: 913302290432
        dvar2: 1.7328907223e+12
        max: 15760043
        mean: 4744105
        min: 2324217.25
        var: 1.43703251354e+12
    spectral_strongpeak:
        dmean: 0.32429292798
        dmean2: 0.561116099358
        dvar: 0.306026160717
        dvar2: 0.780865967274
        max: 2.74232053757
        mean: 0.287466555834
        min: 0.00113089918159
        var: 0.270619183779
    zerocrossingrate:
        dmean: 0.0165075324476
        dmean2: 0.0182480923831
        dvar: 0.000168648271938
        dvar2: 0.00019000764587
        max: 0.1845703125
        mean: 0.12571772933
        min: 0.0380859375
        var: 0.00126284337603
    barkbands:
        dmean: [7.85190792385e-08, 5.4870321037e-05, 0.00019558313943, 0.000586992769968, 0.000681973819155, 0.000192366991541, 3.81162135454e-05, 6.44917099635e-06, 2.25321946346e-06, 2.91279070552e-06, 2.79485720966e-06, 3.06951073981e-06, 4.87832176077e-06, 9.63577531365e-06, 1.75084496732e-05, 5.20255489391e-05, 0.000108195032226, 0.000144913763506, 0.00020538730314, 0.000244947033934, 9.86772502074e-05, 3.28006099153e-05, 5.64645733903e-06, 7.97819495801e-07, 3.47675950252e-07, 7.03938018987e-09, 6.54831688873e-10]
        dmean2: [1.0420741603e-07, 8.36445688037e-05, 0.000327687623212, 0.00106719753239, 0.00121027906425, 0.000351737136953, 7.25418576621e-05, 1.16868113764e-05, 3.79824177799e-06, 5.01344902659e-06, 4.50679681308e-06, 4.95213816976e-06, 8.18439912109e-06, 1.60660674737e-05, 2.94624423987e-05, 8.35619139252e-05, 0.000166640267707, 0.000242942682235, 0.00033350038575, 0.000393014139263, 0.000149035200593, 5.13112463523e-05, 8.01945225248e-06, 1.15391867439e-06, 4.98015765515e-07, 9.70297708847e-09, 7.34719562967e-10]
        dvar: [6.2159506058e-13, 1.64782338885e-08, 2.187235566e-07, 3.33972548106e-06, 2.57887563748e-06, 2.01434176006e-07, 8.84309780957e-09, 1.0770134784e-10, 1.08994905115e-11, 2.48412644621e-11, 3.8688639098e-11, 4.72901648396e-11, 1.31803151726e-10, 4.65544047756e-10, 8.77789507747e-10, 1.33441009353e-08, 5.67928424289e-08, 1.11368557043e-07, 1.10962488975e-07, 1.31673218107e-07, 1.14922862338e-08, 1.33946365111e-09, 3.41666937798e-11, 8.99450002326e-13, 2.60028923307e-13, 2.30116537745e-16, 1.37252133512e-16]
        dvar2: [6.21653336447e-13, 3.69356314422e-08, 5.8778272205e-07, 9.39504207054e-06, 6.69951759846e-06, 5.65026482491e-07, 2.51554173047e-08, 2.83237766574e-10, 2.68469291936e-11, 6.57455132003e-11, 9.41978647861e-11, 9.46377351485e-11, 3.09316211533e-10, 1.15049647587e-09, 2.03767069884e-09, 3.0811833085e-08, 1.2417542905e-07, 3.0076597568e-07, 2.72674270718e-07, 3.27441114223e-07, 2.72962132897e-08, 3.25391669165e-09, 7.29139179589e-11, 1.66949527119e-12, 5.69551838418e-13, 3.73501163325e-16, 1.37155796749e-16]
        max: [1.64686007338e-05, 0.00125157169532, 0.00338807119988, 0.0133319701999, 0.00934097077698, 0.00266718538478, 0.000513643550221, 6.92171452101e-05, 2.29326142289e-05, 3.45901062246e-05, 5.55887963856e-05, 5.50337863388e-05, 9.36991200433e-05, 0.000151729342178, 0.000220920104766, 0.000963349943049, 0.00192956277169, 0.00271172309294, 0.00260287150741, 0.00261134142056, 0.000757314788643, 0.000205264936085, 3.14916869684e-05, 5.07751292389e-06, 2.52099175668e-06, 2.38822593701e-07, 2.441323943e-07]
        mean: [9.85757679928e-08, 6.43272287562e-05, 0.000194250620552, 0.000374714261852, 0.000466518104076, 0.000122682846268, 2.46369909291e-05, 4.76284185424e-06, 1.83463953363e-06, 2.31965555031e-06, 2.52563972936e-06, 2.68444705398e-06, 4.01038323616e-06, 8.40703251015e-06, 1.69186278072e-05, 4.26569458796e-05, 8.97930804058e-05, 0.000116158662422, 0.000194099993678, 0.000243408605456, 0.000111329631181, 3.9645772631e-05, 6.81286337567e-06, 9.67620962911e-07, 3.7630130123e-07, 7.73951214228e-09, 6.35751506994e-10]
        min: [2.27726587587e-11, 4.32450406151e-07, 2.74726147609e-07, 8.14025042928e-08, 4.25598543075e-08, 2.05067731684e-08, 1.11657660895e-08, 3.42691408584e-09, 2.3023587481e-09, 1.18355913958e-09, 4.32972369069e-09, 1.03257191686e-09, 5.39869882132e-09, 5.5126109233e-10, 1.12585736289e-08, 5.61586244174e-09, 3.93483716721e-08, 5.14108506877e-08, 9.82487549095e-08, 1.16745937362e-07, 9.64186455121e-08, 5.05476336343e-08, 7.67485452968e-09, 2.94768015552e-10, 6.46648498637e-11, 1.00731749331e-12, 7.61724362785e-15]
        var: [6.25754548005e-13, 1.73037868478e-08, 1.66471266994e-07, 2.01722650672e-06, 1.83358736194e-06, 1.21078798543e-07, 5.10841458023e-09, 7.50693326945e-11, 9.46513353806e-12, 1.88126042522e-11, 3.28475129041e-11, 4.99254387831e-11, 1.13421758097e-10, 3.56158325054e-10, 9.37630528774e-10, 1.19815197763e-08, 5.43577485246e-08, 7.45603685459e-08, 9.89063337897e-08, 1.17429493685e-07, 1.33574182826e-08, 1.57188351224e-09, 5.21535870046e-11, 1.37327237255e-12, 3.439876964e-13, 2.66148604637e-16, 1.37588246774e-16]
    mfcc:
        mean: [-810.950378418, 57.1683921814, -21.3243656158, 109.287094116, -5.98175048828, 16.0061969757, -6.30177688599, -1.97685372829, -7.93579339981, -3.75357031822, -7.57982540131, -4.88252544403, -1.17961168289]
        cov: [[4239.06738281, 219.444274902, -562.149353027, -264.862457275, 218.697845459, -327.387268066, -247.525756836, -304.95614624, -214.802474976, -320.599182129, -284.231414795, -240.699615479, -110.404502869], [219.444274902, 511.021942139, -61.3164100647, -6.51463747025, 23.6158390045, 34.5608634949, -32.7516593933, 11.5326490402, -50.8575439453, -34.91563797, -3.80230545998, -16.5130176544, -56.8729972839], [-562.149353027, -61.3164100647, 622.32409668, 63.0052337646, -73.4779891968, -34.8450431824, 7.72198629379, -94.6243667603, -13.5256080627, 13.0735187531, 52.4922180176, 13.7111978531, -2.57286381721], [-264.862457275, -6.51463747025, 63.0052337646, 274.740600586, 54.3688659668, 128.236968994, 77.398147583, 91.5863723755, 38.0308570862, 55.4110298157, 11.4027452469, 17.8814754486, -11.6525678635], [218.697845459, 23.6158390045, -73.4779891968, 54.3688659668, 208.350509644, 50.3220214844, 58.7863082886, 40.6798057556, 34.176864624, -14.2845954895, -9.36017894745, -18.3760452271, -5.7311501503], [-327.387268066, 34.5608634949, -34.8450431824, 128.236968994, 50.3220214844, 175.013336182, 87.400138855, 114.282905579, 50.9242668152, 51.3728141785, 24.4358596802, 31.3472709656, -4.05689334869], [-247.525756836, -32.7516593933, 7.72198629379, 77.398147583, 58.7863082886, 87.400138855, 131.708572388, 95.3111114502, 58.9578208923, 31.7450084686, 27.8740196228, 10.8947191238, 5.40923643112], [-304.95614624, 11.5326490402, -94.6243667603, 91.5863723755, 40.6798057556, 114.282905579, 95.3111114502, 149.073532104, 64.4190139771, 39.4644393921, 13.0800638199, 23.9880123138, -0.104001052678], [-214.802474976, -50.8575439453, -13.5256080627, 38.0308570862, 34.176864624, 50.9242668152, 58.9578208923, 64.4190139771, 70.1627655029, 43.7869606018, 26.1132049561, 14.3508548737, 13.0551013947], [-320.599182129, -34.91563797, 13.0735187531, 55.4110298157, -14.2845954895, 51.3728141785, 31.7450084686, 39.4644393921, 43.7869606018, 71.5224609375, 45.2745628357, 26.5726032257, 15.8119354248], [-284.231414795, -3.80230545998, 52.4922180176, 11.4027452469, -9.36017894745, 24.4358596802, 27.8740196228, 13.0800638199, 26.1132049561, 45.2745628357, 64.3575515747, 31.7718143463, 18.0941028595], [-240.699615479, -16.5130176544, 13.7111978531, 17.8814754486, -18.3760452271, 31.3472709656, 10.8947191238, 23.9880123138, 14.3508548737, 26.5726032257, 31.7718143463, 51.0458908081, 27.3402767181], [-110.404502869, -56.8729972839, -2.57286381721, -11.6525678635, -5.7311501503, -4.05689334869, 5.40923643112, -0.104001052678, 13.0551013947, 15.8119354248, 18.0941028595, 27.3402767181, 48.082118988]]
        icov: [[0.000641692779027, -0.000155569141498, 0.000750517239794, -0.000422264129156, -0.000319876737194, 0.000256836385233, -0.000273630663287, 0.00184439949226, -0.00064939231379, 0.00149732164573, 0.000690416200086, 0.000654704286717, 0.000297393853543], [-0.000155569141498, 0.00303558306769, -8.84893452167e-05, 0.000413634086726, -0.000536709558219, -0.00132106523961, 0.00212587742135, -0.00270146108232, 0.00331837288104, 0.00146036327351, -0.00405115541071, 0.00108563748654, 0.00243440223858], [0.000750517239794, -8.84893452167e-05, 0.00377798499539, -0.00249819573946, 0.00130933965556, 0.000285966496449, -0.00231414241716, 0.00679842289537, -0.00351030100137, 0.00513729127124, -0.00215649348684, -0.000452537060482, 0.0020031509921], [-0.000422264129156, 0.000413634086726, -0.00249819573946, 0.00873390771449, -0.00282000098377, -0.00242925714701, -0.00103033287451, -0.00476244278252, 0.00728516001254, -0.0119597259909, 0.00662393355742, -0.00221435027197, 0.00178851000965], [-0.000319876737194, -0.000536709558219, 0.00130933965556, -0.00282000098377, 0.00909269507974, -0.00283613451757, -0.00175953982398, 0.00371906743385, -0.00897065084428, 0.0101851504296, -0.00433433940634, 0.00378142506815, -0.00236501148902], [0.000256836385233, -0.00132106523961, 0.000285966496449, -0.00242925714701, -0.00283613451757, 0.0179309304804, -0.0050284168683, -0.00544560933486, 0.00332896783948, -0.00909016281366, 0.00544501608238, -0.00942185893655, 0.00557632138953], [-0.000273630663287, 0.00212587742135, -0.00231414241716, -0.00103033287451, -0.00175953982398, -0.0050284168683, 0.0251769404858, -0.0148901026696, -0.00439188024029, 0.0102505637333, -0.0155129460618, 0.0131083317101, -0.00578017346561], [0.00184439949226, -0.00270146108232, 0.00679842289537, -0.00476244278252, 0.00371906743385, -0.00544560933486, -0.0148901026696, 0.038736499846, -0.0215718541294, 0.00810372736305, 0.0112624922767, -0.01200331375, 0.00777124427259], [-0.00064939231379, 0.00331837288104, -0.00351030100137, 0.00728516001254, -0.00897065084428, 0.00332896783948, -0.00439188024029, -0.0215718541294, 0.0545947924256, -0.032048240304, 0.00191907619592, 0.00439815828577, -0.00383658357896], [0.00149732164573, 0.00146036327351, 0.00513729127124, -0.0119597259909, 0.0101851504296, -0.00909016281366, 0.0102505637333, 0.00810372736305, -0.032048240304, 0.0684376955032, -0.0363045968115, 0.0124512882903, -0.00536893540993], [0.000690416200086, -0.00405115541071, -0.00215649348684, 0.00662393355742, -0.00433433940634, 0.00544501608238, -0.0155129460618, 0.0112624922767, 0.00191907619592, -0.0363045968115, 0.0571328215301, -0.0265736989677, 0.00502374069765], [0.000654704286717, 0.00108563748654, -0.000452537060482, -0.00221435027197, 0.00378142506815, -0.00942185893655, 0.0131083317101, -0.01200331375, 0.00439815828577, 0.0124512882903, -0.0265736989677, 0.057531259954, -0.0276202075183], [0.000297393853543, 0.00243440223858, 0.0020031509921, 0.00178851000965, -0.00236501148902, 0.00557632138953, -0.00578017346561, 0.00777124427259, -0.00383658357896, -0.00536893540993, 0.00502374069765, -0.0276202075183, 0.0423784777522]]
    spectral_contrast:
        mean: [-1.52892127403e-07, -1.4912586721e-07, 4.68489758987e-07, 3.2009900508e-08, 2.60132196672e-07, -2.01890031803e-07, 2.31535409512e-06, -4.16956572735e-06, 4.71594148621e-07, -1.8651286382e-06, 5.89423734709e-07, -1.18409036531e-06]
        var: [0.000302495260257, 0.000539282569662, 0.000756732828449, 0.00100419390947, 0.00318185146898, 0.00697335554287, 0.0452099181712, 0.074655495584, 0.23296546936, 0.255854457617, 0.416951209307, 2.37293076515]

rhythm:
    beats_loudness:
        dmean: 0.00442871591076
        dmean2: 0.008728697896
        dvar: 1.14276626846e-05
        dvar2: 2.83073895844e-05
        max: 0.0115326754749
        mean: 0.00396243249997
        min: 0.000791707308963
        var: 1.1079300748e-05
    beats_loudness_bass:
        dmean: 0.196713402867
        dmean2: 0.295857667923
        dvar: 0.016429817304
        dvar2: 0.0399675071239
        max: 0.830931067467
        mean: 0.465374678373
        min: 0.150165125728
        var: 0.0306230336428
    bpm: 132.41583252
    bpm_confidence: 0
    first_peak_bpm: 132
    first_peak_spread: 0
    first_peak_weight: 0.949999988079
    onset_rate: 7.8755698204
    second_peak_bpm: 120
    second_peak_spread: 0
    second_peak_weight: 0.0500000007451
    beats_position: [0.41873857379, 0.871812283993, 1.32488596439, 1.7779597044, 2.23103356361, 2.6841070652, 3.13718080521, 3.59025430679, 4.04332780838, 4.4964017868, 4.94947528839, 5.40254878998, 5.85562229156, 6.35355138779, 6.80672025681, 7.25988864899, 7.71305704117, 8.16622543335, 8.61939334869, 9.07256126404, 9.52573013306]
    bpm_estimates: [132.458114624, 132.441635132, 132.432067871, 132.530548096, 132.538955688, 132.484268188, 132.419342041, 132.288330078, 132.266311646, 132.405273438, 132.391387939, 132.416885376, 132.503967285, 132.464675903, 132.369338989, 132.330856323, 132.326843262]
    bpm_intervals: [0.453073710203, 0.453073680401, 0.453073740005, 0.453073859215, 0.453073501587, 0.453073740005, 0.453073501587, 0.453073501587, 0.453073978424, 0.453073501587, 0.453073501587, 0.453073501587, 0.497929096222, 0.453168869019, 0.453168392181, 0.453168392181, 0.453168392181, 0.453167915344, 0.453167915344, 0.453168869019]
    onset_times: [0.0580498874187, 0.174149662256, 0.394739240408, 0.626938760281, 0.754648506641, 0.859138309956, 0.986848056316, 1.09133791924, 1.2190476656, 1.31192743778, 1.43963718414, 1.54412698746, 1.67183673382, 1.764716506, 1.89242625237, 2.00852608681, 2.13623571396, 2.21750569344, 2.4497051239, 2.57741498947, 2.68190479279, 2.80961441994, 2.91410422325, 3.13469386101, 3.26240372658, 3.36689352989, 3.49460315704, 3.59909296036, 3.72680282593, 3.83129262924, 3.95900225639, 4.051882267, 4.27247142792, 4.40018129349, 4.5046710968, 4.63238096237, 4.74848079681, 4.87619066238, 4.95746040344, 5.08517026901, 5.18966007233, 5.31736946106, 5.42185926437, 5.54956912994, 5.65405893326, 5.78176879883, 5.87464857101, 6.09523820877, 6.23455762863, 6.32743787766, 6.45514726639, 6.57124710083, 6.68734693527, 6.79183673859, 6.90793657303, 7.02403640747, 7.1517457962, 7.24462604523, 7.37233543396, 7.47682523727, 7.60453510284, 7.69741487503, 7.8251247406, 7.92961454391, 8.05732440948, 8.16181373596, 8.28952407837, 8.39401340485, 8.6146030426, 8.75392246246, 8.85841274261, 8.98612213135, 9.06739234924, 9.2067117691, 9.31120204926, 9.52018165588, 9.75238132477, 9.8800907135, 9.98458003998]
    rubato_start: []
    rubato_stop: []
    perceptual_tempo: "unknown"

sfx:
    inharmonicity:
        dmean: 0.0722468793392
        dmean2: 0.12601056695
        dvar: 0.00388066610321
        dvar2: 0.0104567948729
        max: 0.387616723776
        mean: 0.0885846465826
        min: 0
        var: 0.0049880775623
    oddtoevenharmonicenergyratio:
        dmean: 15.6082820892
        dmean2: 30.7877483368
        dvar: 7473.35302734
        dvar2: 22253.6230469
        max: 863.558166504
        mean: 8.52275943756
        min: 0
        var: 3804.1159668
    pitch_after_max_to_before_max_energy_ratio: 78.0869979858
    pitch_centroid: 211.848495483
    pitch_max_to_total: 0.00925925932825
    pitch_min_to_total: 0.724537014961
    tristimulus:
        dmean: [0.20646508038, 0.361358851194, 0.266312479973]
        dmean2: [0.375240176916, 0.63213711977, 0.457224071026]
        dvar: [0.0550682730973, 0.0709666758776, 0.0445644743741]
        dvar2: [0.151853531599, 0.199016645551, 0.126095175743]
        max: [1, 0.993022799492, 0.916387081146]
        mean: [0.193931460381, 0.437103331089, 0.279267370701]
        min: [0.00697715952992, 0, 0]
        var: [0.048580173403, 0.0983772724867, 0.0639197677374]

tonal:
    chords_changes_rate: 0.0414746552706
    chords_number_rate: 0.0184331797063
    chords_strength:
        dmean: 0.0161415208131
        dmean2: 0.0203046817333
        dvar: 0.000138391857035
        dvar2: 0.000217856504605
        max: 0.68168848753
        mean: 0.576274991035
        min: 0.473464816809
        var: 0.00168491317891
    key_strength: 0.538448691368
    tuning_diatonic_strength: 0.53583073616
    tuning_equal_tempered_deviation: 0.292456448078
    tuning_frequency: 431.443084717
    tuning_nontempered_energy_ratio: 0.943379819393
    hpcp:
        dmean: [0.171489104629, 0.160568132997, 0.145017564297, 0.22668170929, 0.272537499666, 0.211514726281, 0.202870622277, 0.237407401204, 0.253518104553, 0.275472134352, 0.260133206844, 0.219879791141, 0.154409065843, 0.169504985213, 0.20277787745, 0.221496745944, 0.222100317478, 0.222989112139, 0.216467738152, 0.189243808389, 0.195219859481, 0.200508326292, 0.205161780119, 0.202178061008, 0.135062679648, 0.0996326580644, 0.10617429018, 0.154732733965, 0.140665441751, 0.131116181612, 0.196908131242, 0.236197009683, 0.197282537818, 0.217406913638, 0.21187633276, 0.175665780902]
        dmean2: [0.289190739393, 0.271165937185, 0.230020567775, 0.384831100702, 0.480091065168, 0.360660284758, 0.339432269335, 0.398636311293, 0.420379459858, 0.468659639359, 0.453001499176, 0.378009945154, 0.257458239794, 0.288284093142, 0.341591656208, 0.372477263212, 0.358452528715, 0.358980834484, 0.368083000183, 0.336238831282, 0.355533927679, 0.370438337326, 0.371804237366, 0.346547245979, 0.234113737941, 0.172453463078, 0.187350690365, 0.283430665731, 0.247972801328, 0.228790804744, 0.334173500538, 0.387317538261, 0.311740607023, 0.36008259654, 0.374828964472, 0.295555084944]
        dvar: [0.0289754141122, 0.0331692770123, 0.0205373689532, 0.0448590219021, 0.0668998658657, 0.0443212017417, 0.0354181714356, 0.0445219911635, 0.0440446920693, 0.0613846108317, 0.0710519403219, 0.0551394298673, 0.0282920431346, 0.0393689014018, 0.0470331981778, 0.0451039373875, 0.0511226244271, 0.0470394566655, 0.0454762540758, 0.0477492809296, 0.0499807558954, 0.0791310817003, 0.058024469763, 0.0525127798319, 0.0244144536555, 0.0137722454965, 0.0163904037327, 0.0454208143055, 0.0330256409943, 0.0339567922056, 0.0442000180483, 0.0594705976546, 0.0357108041644, 0.0485738068819, 0.0620984844863, 0.0329764671624]
        dvar2: [0.0803094729781, 0.0878694280982, 0.0490150824189, 0.122181966901, 0.195226415992, 0.115640953183, 0.0953937247396, 0.107525229454, 0.097640670836, 0.143169417977, 0.155296579003, 0.141637057066, 0.0739109814167, 0.10665859282, 0.125495567918, 0.109656229615, 0.09874869138, 0.086445428431, 0.114900648594, 0.137976512313, 0.133990511298, 0.218961372972, 0.168593123555, 0.146828055382, 0.0585860460997, 0.0366783216596, 0.0445839874446, 0.121104441583, 0.0920161157846, 0.0917383506894, 0.115863315761, 0.123059570789, 0.0764837190509, 0.0971636250615, 0.121285311878, 0.0871568471193]
        max: [1, 1, 0.941851377487, 1, 1, 1, 1, 1, 1, 1, 1, 1, 1, 1, 1, 1, 1, 1, 1, 1, 1, 1, 1, 1, 0.964613556862, 0.629462659359, 0.785069823265, 1, 1, 1, 1, 1, 1, 1, 1, 1]
        mean: [0.197004854679, 0.174693286419, 0.165358439088, 0.235099971294, 0.282904356718, 0.255468934774, 0.253450751305, 0.277674525976, 0.329179018736, 0.369211435318, 0.351987332106, 0.288074851036, 0.198601618409, 0.176995038986, 0.219136372209, 0.260352581739, 0.312379866838, 0.316362172365, 0.248899534345, 0.189385652542, 0.160738900304, 0.151300832629, 0.174539253116, 0.184110209346, 0.132090613246, 0.0925962999463, 0.106301672757, 0.136884048581, 0.134608700871, 0.128153577447, 0.197322592139, 0.254665583372, 0.23460188508, 0.277976721525, 0.318558543921, 0.248658806086]
        min: [0.00510056642815, 0, 0.00159775163047, 0.00597524968907, 0.00837027002126, 0.00856473948807, 0.00803802814335, 0.0107750650495, 0.0134818498045, 0.0101766716689, 0.00821733754128, 0.00598404696211, 0.00588052347302, 0.00627991603687, 0.00744734797627, 0.00654909387231, 0.00519363023341, 0.00787148997188, 0.00774908950552, 0.000876379897818, 0, 0.00235297367908, 0.0028580785729, 0.00312699726783, 0.00111852900591, 0.00170539750252, 0.00336766103283, 0.00255588348955, 0.00220575416461, 0.00438673235476, 0.00573887489736, 0.00553103163838, 0.00645141908899, 0.0073195323348, 0.00680055236444, 0.00605793017894]
        var: [0.0350420586765, 0.0335457287729, 0.0276439748704, 0.0565549023449, 0.0687130838633, 0.0529370456934, 0.0433916002512, 0.0533142797649, 0.0647425875068, 0.0965469405055, 0.115747220814, 0.0910467430949, 0.0435850918293, 0.0420937091112, 0.051941268146, 0.0576917044818, 0.0775297731161, 0.08177588135, 0.0565093271434, 0.0426284261048, 0.0428819917142, 0.056165818125, 0.0476246662438, 0.0520585812628, 0.0273555107415, 0.0127871548757, 0.0150578776374, 0.0362772196531, 0.0279327221215, 0.0277654286474, 0.0425837747753, 0.0732363983989, 0.0450786203146, 0.0770481228828, 0.115711502731, 0.0561123304069]
    chords_histogram: [0, 0, 0, 0, 0, 0, 0, 0, 0, 76.9585266113, 0, 0, 0, 0, 0, 7.8341012001, 0, 0, 0, 0, 0, 0, 9.67741966248, 5.5299539566]
    thpcp: [1, 0.95334893465, 0.780243575573, 0.537907540798, 0.479386657476, 0.593525409698, 0.705158472061, 0.84607309103, 0.856859087944, 0.674138188362, 0.512946307659, 0.43535733223, 0.409794539213, 0.472735226154, 0.498657941818, 0.357764154673, 0.250794768333, 0.287915438414, 0.370747059584, 0.364584326744, 0.347100794315, 0.534443318844, 0.689755380154, 0.635413348675, 0.752893030643, 0.862807929516, 0.673486173153, 0.533582746983, 0.473152428865, 0.447869211435, 0.636762440205, 0.766239404678, 0.691931247711, 0.686465084553, 0.752074539661, 0.891573190689]
    chords_key: "G"
    chords_scale: "major"
    key_key: "C"
    key_scale: "minor"
    chords_progression: ["G", "G", "G", "G", "G", "G", "G", "G", "G", "G", "G", "G", "G", "G", "G", "G", "G", "G", "G", "G", "G", "G", "G", "G", "G", "G", "G", "G", "G", "G", "G", "G", "G", "G", "G", "G", "G", "G", "G", "G", "G", "G", "G", "G", "G", "G", "G", "G", "G", "G", "G", "G", "G", "G", "G", "G", "G", "G", "G", "G", "G", "G", "G", "G", "G", "G", "G", "G", "G", "G", "G", "G", "G", "G", "G", "G", "G", "G", "G", "G", "G", "G", "G", "G", "G", "G", "G", "G", "G", "G", "G", "G", "G", "G", "G", "G", "G", "G", "G", "G", "G", "G", "G", "G", "G", "G", "G", "G", "G", "G", "G", "G", "G", "G", "G", "G", "G", "G", "G", "G", "G", "G", "G", "G#", "G#", "G", "G", "G", "G", "G", "G", "G", "G", "G", "G", "G", "G", "G", "G", "G", "G", "G", "G", "G", "G", "G", "G", "G", "G", "G", "G", "G", "G", "G", "G", "G", "G", "G", "G", "G", "G", "G", "G", "G", "G", "G", "G", "G", "G", "E", "E", "E", "E", "E", "E", "E", "E", "E", "E", "E", "E", "E", "E", "Fm", "Fm", "Fm", "Fm", "Fm", "Fm", "E", "Fm", "Fm", "Fm", "Fm", "Fm", "Fm", "E", "E", "Fm", "Fm", "Fm", "Fm", "Fm", "Fm", "Fm", "Fm", "Fm", "G#", "G#", "G#", "G#", "G#", "G#", "G#", "G#", "G#", "G#"]
