
metadata:
    version:
        essentia: "1.2.2"
    audio_properties:
        analysis_sample_rate: 44100
        bitrate: 128
        channels: 2
        equal_loudness: 1
        length: 10.0310201645
        replay_gain: -9.26810836792
        downmix: "mix"
    tags:
        track: 6
        year: 0
        album: "Splitted by Mp3Splt v. 2.1"
        artist: "From 000.50 To 001.00"
        comment: "http://mp3splt.sf.net"
        genre: ""
        title: "10 Give a Man a Home.mp3"

highlevel:
    ballroom:
        all:
            ChaChaCha: 0.00573516497388
            Jive: 0.00664510671049
            Quickstep: 0.00246263109148
            Rumba-American: 0.0121732158586
            Rumba-International: 0.797147810459
            Rumba-Misc: 0.102299205959
            Samba: 0.00403524702415
            Tango: 0.0014041174436
            VienneseWaltz: 0.0302374139428
            Waltz: 0.0378601029515
        probability: 0.797147810459
        value: "Rumba-International"
    culture:
        all:
            non_western: 0.905868887901
            western: 0.0941311046481
        probability: 0.905868887901
        value: "non_western"
    gender:
        all:
            female: 0.566626012325
            male: 0.433373957872
        probability: 0.566626012325
        value: "female"
    genre_dortmund:
        all:
            alternative: 0.163839787245
            blues: 0.02136220783
            electronic: 0.140739962459
            folkcountry: 0.247231528163
            funksoulrnb: 0.013965469785
            jazz: 0.173491567373
            pop: 0.175283029675
            raphiphop: 0.00314070167951
            rock: 0.060945764184
        probability: 0.247231528163
        value: "folkcountry"
    genre_electronica:
        all:
            ambient: 0.670876860619
            dnb: 0.194122284651
            house: 0.0206774715334
            techno: 0.0589937306941
            trance: 0.0553296580911
        probability: 0.670876860619
        value: "ambient"
    genre_rosamerica:
        all:
            cla: 0.0887864679098
            dan: 0.11673155427
            hip: 0.0220255702734
            jaz: 0.129390493035
            pop: 0.102748431265
            rhy: 0.0980074778199
            roc: 0.429032415152
            spe: 0.0132775744423
        probability: 0.429032415152
        value: "roc"
    genre_tzanetakis:
        all:
            blu: 0.0785561725497
            cla: 0.0285117980093
            cou: 0.0801003575325
            dis: 0.0594324097037
            hip: 0.0492486953735
            jaz: 0.0351535864174
            met: 0.0453135371208
            pop: 0.0756741315126
            reg: 0.0629234984517
            roc: 0.485085815191
        probability: 0.485085815191
        value: "roc"
    live_studio:
        all:
            live: 0.136031612754
            studio: 0.863968372345
        probability: 0.863968372345
        value: "studio"
    mood:
        all:
            Cluster1: 0.0190488062799
            Cluster2: 0.0147648835555
            Cluster3: 0.901696443558
            Cluster4: 0.0176936350763
            Cluster5: 0.0467962250113
        probability: 0.901696443558
        value: "Cluster3"
    mood_acoustic:
        all:
            acoustic: 0.568483769894
            not_acoustic: 0.431516200304
        probability: 0.568483769894
        value: "acoustic"
    mood_aggressive:
        all:
            aggressive: 0.0444643124938
            not_aggressive: 0.955535709858
        probability: 0.955535709858
        value: "not_aggressive"
    mood_electronic:
        all:
            electronic: 0.66906952858
            not_electronic: 0.33093047142
        probability: 0.66906952858
        value: "electronic"
    mood_happy:
        all:
            happy: 0.123740151525
            not_happy: 0.876259863377
        probability: 0.876259863377
        value: "not_happy"
    mood_party:
        all:
            not_party: 0.964167296886
            party: 0.0358326919377
        probability: 0.964167296886
        value: "not_party"
    mood_relaxed:
        all:
            not_relaxed: 0.166284695268
            relaxed: 0.833715319633
        probability: 0.833715319633
        value: "relaxed"
    mood_sad:
        all:
            not_sad: 0.16904874146
            sad: 0.830951273441
        probability: 0.830951273441
        value: "sad"
    rhythm:
        all:
            fast: 0.0467354245484
            medium: 0.795020461082
            slow: 0.158244118094
        probability: 0.795020461082
        value: "medium"
    speech_music:
        all:
            music: 0.999785959721
            speech: 0.000214069877984
        probability: 0.999785959721
        value: "music"
    timbre:
        all:
            bright: 0.136718392372
            dark: 0.863281607628
        probability: 0.863281607628
        value: "dark"
    voice_instrumental:
        all:
            instrumental: 0.888364613056
            voice: 0.111635386944
        probability: 0.888364613056
        value: "instrumental"

lowlevel:
    average_loudness: 0.963004052639
    barkbands_kurtosis:
        dmean: 7.60389184952
        dmean2: 12.529250145
        dvar: 88.9186782837
        dvar2: 242.489303589
        max: 92.7625656128
        mean: 16.6278057098
        min: -1.57459819317
        var: 246.583343506
    barkbands_skewness:
        dmean: 0.745405495167
        dmean2: 1.22304415703
        dvar: 0.496486455202
        dvar2: 1.28342378139
        max: 8.17765140533
        mean: 3.39092564583
        min: -0.881247699261
        var: 1.70045828819
    barkbands_spread:
        dmean: 3.83450508118
        dmean2: 6.16249799728
        dvar: 20.304769516
        dvar2: 47.2544937134
        max: 51.0615539551
        mean: 10.6730833054
        min: 1.1811426878
        var: 55.8290367126
    dissonance:
        dmean: 0.0252918824553
        dmean2: 0.0428001694381
        dvar: 0.000472841638839
        dvar2: 0.00115361006465
        max: 0.496393620968
        mean: 0.441347658634
        min: 0.28002768755
        var: 0.00118803465739
    hfc:
        dmean: 0.500656604767
        dmean2: 0.757794201374
        dvar: 1.37444329262
        dvar2: 3.65865921974
        max: 18.3562335968
        mean: 1.7396427393
        min: 0.108296044171
        var: 2.30324530602
    pitch:
        dmean: 289.759063721
        dmean2: 562.62701416
        dvar: 836801.0625
        dvar2: 2424597.5
        max: 4410
        mean: 317.641967773
        min: 55.6818199158
        var: 503755.78125
    pitch_instantaneous_confidence:
        dmean: 0.0970329418778
        dmean2: 0.161280304193
        dvar: 0.00597805110738
        dvar2: 0.0168270859867
        max: 0.836596369743
        mean: 0.418484330177
        min: 0.14264523983
        var: 0.0203407611698
    pitch_salience:
        dmean: 0.0856878310442
        dmean2: 0.139646604657
        dvar: 0.00592202274129
        dvar2: 0.0162627939135
        max: 0.796252191067
        mean: 0.563207387924
        min: 0.148938968778
        var: 0.0147242899984
    silence_rate_20dB:
        dmean: 0
        dmean2: 0
        dvar: 0
        dvar2: 0
        max: 1
        mean: 1
        min: 1
        var: 0
    silence_rate_30dB:
        dmean: 0
        dmean2: 0
        dvar: 0
        dvar2: 0
        max: 1
        mean: 1
        min: 1
        var: 0
    silence_rate_60dB:
        dmean: 0.0928074270487
        dmean2: 0.186046510935
        dvar: 0.084194354713
        dvar2: 0.188643068075
        max: 1
        mean: 0.398148149252
        min: 0
        var: 0.239626988769
    spectral_centroid:
        dmean: 93.2427368164
        dmean2: 151.098205566
        dvar: 21433.3339844
        dvar2: 54558.3710938
        max: 2147.24072266
        mean: 406.979797363
        min: 189.560302734
        var: 37338.1015625
    spectral_complexity:
        dmean: 1.25174820423
        dmean2: 2.10981297493
        dvar: 1.85736751556
        dvar2: 3.9015007019
        max: 18
        mean: 5.33255815506
        min: 1
        var: 5.72894048691
    spectral_crest:
        dmean: 2.8197619915
        dmean2: 4.68782901764
        dvar: 6.31460952759
        dvar2: 17.8980903625
        max: 23.3354587555
        mean: 13.4482946396
        min: 4.85206890106
        var: 14.281083107
    spectral_decrease:
        dmean: 3.82538972721e-10
        dmean2: 6.3097183034e-10
        dvar: 2.0155868627e-19
        dvar2: 5.28326461092e-19
        max: -9.00703331363e-11
        mean: -1.07540398808e-09
        min: -4.20292334269e-09
        var: 4.81420925963e-19
    spectral_energy:
        dmean: 0.00147844594903
        dmean2: 0.00243541225791
        dvar: 3.02582452605e-06
        dvar2: 7.90092326497e-06
        max: 0.0163314584643
        mean: 0.00421661185101
        min: 0.000349768408341
        var: 7.39552569939e-06
    spectral_energyband_high:
        dmean: 2.31301437452e-05
        dmean2: 3.60419289791e-05
        dvar: 1.34059441326e-09
        dvar2: 3.19510862212e-09
        max: 0.000399796816055
        mean: 5.47669151274e-05
        min: 8.66061554916e-07
        var: 4.30401891904e-09
    spectral_energyband_low:
        dmean: 0.000264576345216
        dmean2: 0.000451609725133
        dvar: 1.74610988779e-07
        dvar2: 5.60519026749e-07
        max: 0.00317004788667
        mean: 0.000448795733973
        min: 2.93216362479e-06
        var: 2.35680573724e-07
    spectral_energyband_middle_high:
        dmean: 0.000110814602522
        dmean2: 0.000173716922291
        dvar: 1.41756999028e-07
        dvar2: 3.94806647819e-07
        max: 0.00594223290682
        mean: 0.00027740636142
        min: 6.83781991029e-06
        var: 1.3947621369e-07
    spectral_energyband_middle_low:
        dmean: 0.00139104225673
        dmean2: 0.00229131872766
        dvar: 2.75320712717e-06
        dvar2: 7.25456175132e-06
        max: 0.0151583617553
        mean: 0.00343564315699
        min: 0.000251399440458
        var: 5.76547108722e-06
    spectral_flatness_db:
        dmean: 0.0252270828933
        dmean2: 0.0409598350525
        dvar: 0.000457057525637
        dvar2: 0.00122397660743
        max: 0.342881262302
        mean: 0.227451339364
        min: 0.117893762887
        var: 0.00182315660641
    spectral_flux:
        dmean: 0.00904436409473
        dmean2: 0.0148546984419
        dvar: 0.000111348250357
        dvar2: 0.000269074022071
        max: 0.109082147479
        mean: 0.0286733582616
        min: 0.00479997647926
        var: 0.000210829472053
    spectral_kurtosis:
        dmean: 2.03907299042
        dmean2: 3.24107813835
        dvar: 6.53828001022
        dvar2: 15.895316124
        max: 29.2053260803
        mean: 6.89576196671
        min: 1.45657682419
        var: 17.6902275085
    spectral_rms:
        dmean: 0.000348751811543
        dmean2: 0.000566818460356
        dvar: 1.20289570305e-07
        dvar2: 3.15051607913e-07
        max: 0.00399163272232
        mean: 0.00192912877537
        min: 0.000584155321121
        var: 3.92227661905e-07
    spectral_rolloff:
        dmean: 217.339599609
        dmean2: 381.408996582
        dvar: 212927.90625
        dvar2: 547978.8125
        max: 3875.9765625
        mean: 499.270324707
        min: 193.798828125
        var: 231357.796875
    spectral_skewness:
        dmean: 0.264896959066
        dmean2: 0.405174791813
        dvar: 0.0783099979162
        dvar2: 0.17596617341
        max: 4.42354297638
        mean: 2.17625880241
        min: 1.05363738537
        var: 0.326380312443
    spectral_spread:
        dmean: 441569.65625
        dmean2: 663084.125
        dvar: 180922908672
        dvar2: 401733484544
        max: 7261443
        mean: 4663693
        min: 2190167.25
        var: 901207687168
    spectral_strongpeak:
        dmean: 0.111269906163
        dmean2: 0.183004409075
        dvar: 0.0107318647206
        dvar2: 0.0278434436768
        max: 0.897481679916
        mean: 0.24424803257
        min: 0.0323806330562
        var: 0.0225491970778
    zerocrossingrate:
        dmean: 0.00594929140061
        dmean2: 0.00727630313486
        dvar: 3.18316597259e-05
        dvar2: 4.81850547658e-05
        max: 0.0771484375
        mean: 0.0311239548028
        min: 0.00732421875
        var: 0.0001950609294
    barkbands:
        dmean: [7.73105668372e-08, 5.35779799975e-05, 0.000230739606195, 0.000582426204346, 0.000934455543756, 0.000165222474607, 5.11477664986e-05, 3.07509035338e-05, 3.2262509194e-05, 2.68538569799e-05, 1.00407105492e-05, 1.16116461868e-05, 7.67100482335e-06, 8.95506855159e-06, 1.40664160426e-05, 1.00992829175e-05, 1.7499043679e-05, 2.92125714623e-05, 2.40821173065e-05, 2.72997167485e-05, 1.09310603875e-05, 1.61740410931e-06, 5.31872501597e-07, 4.15723633296e-07, 2.0254971389e-07, 1.08146540612e-08, 1.63087127136e-10]
        dmean2: [1.09554370908e-07, 9.51055626501e-05, 0.000391430512536, 0.000885503250174, 0.00159351271577, 0.000257597566815, 8.11016507214e-05, 4.76317400171e-05, 4.42657619715e-05, 4.55667504866e-05, 1.63322529261e-05, 1.7883217879e-05, 1.19553096738e-05, 1.50622618094e-05, 2.36630257859e-05, 1.61852731253e-05, 2.80368894892e-05, 5.18436281709e-05, 3.71395763068e-05, 4.42073469458e-05, 1.76977609954e-05, 2.52337281381e-06, 7.3981937021e-07, 6.07841457168e-07, 2.85393412014e-07, 1.55238595312e-08, 2.85783396947e-10]
        dvar: [8.98742750144e-14, 1.67663518624e-08, 1.24660900269e-07, 6.56648580843e-07, 1.69677207396e-06, 4.79583057711e-08, 7.64235430495e-09, 3.62799212894e-09, 2.7498208155e-09, 3.11435677247e-09, 1.09203424081e-09, 4.31116947697e-10, 2.55875293176e-10, 2.08301792481e-10, 1.22020427096e-09, 2.47191711544e-10, 2.21196994055e-09, 6.28894127885e-08, 4.7065062958e-09, 1.83917525653e-09, 3.4891417533e-10, 8.97920626741e-12, 9.58699916329e-13, 5.63845519753e-13, 2.0853021458e-13, 1.40732554835e-15, 6.0900778396e-20]
        dvar2: [1.68671961164e-13, 5.00669941061e-08, 4.08977399502e-07, 1.56984333444e-06, 4.59325747215e-06, 1.13227265786e-07, 1.96755287618e-08, 7.97847032885e-09, 5.30068478e-09, 7.953341985e-09, 2.70653055523e-09, 8.72556638054e-10, 6.60708376898e-10, 5.7309751389e-10, 3.21608273346e-09, 6.65495547558e-10, 6.0325859863e-09, 1.83120661745e-07, 1.18659118087e-08, 4.94469487577e-09, 8.54655457516e-10, 1.84463260638e-11, 2.05213103455e-12, 1.06388303115e-12, 4.06802548461e-13, 3.27309327984e-15, 1.63055470858e-19]
        max: [3.70881798517e-06, 0.00157539756037, 0.00259368447587, 0.00877160299569, 0.0123527739197, 0.00235512154177, 0.00121888448484, 0.000908202142455, 0.000803914328571, 0.000636038545053, 0.000407587474911, 0.000366945081623, 0.000188779798918, 0.000134534522658, 0.000495575543027, 0.000163678807439, 0.000703436846379, 0.00387350656092, 0.000934584240895, 0.00039381897659, 0.000182969190064, 2.90001189569e-05, 1.2193362636e-05, 9.37590175454e-06, 7.00940245224e-06, 6.29176440725e-07, 2.1523209881e-09]
        mean: [1.34330889523e-07, 7.89864789112e-05, 0.000369679706637, 0.0011551277712, 0.00164993433282, 0.000373094138922, 0.000115883609396, 5.96594618401e-05, 7.55214496166e-05, 4.87498764414e-05, 1.39349413075e-05, 2.18267214223e-05, 1.20692011478e-05, 1.3820269487e-05, 2.28283515753e-05, 2.06317072298e-05, 3.1466166547e-05, 3.06941910821e-05, 3.94889684685e-05, 5.52834535483e-05, 2.14442807192e-05, 3.67664165424e-06, 1.16510966564e-06, 9.9157546174e-07, 5.03462729284e-07, 2.05010994847e-08, 1.63167368505e-10]
        min: [1.49113985048e-10, 8.91266083158e-08, 2.24150062422e-06, 1.41184136737e-06, 6.87770661898e-05, 8.4869152488e-06, 1.15275645385e-06, 7.28156919649e-07, 3.05586240756e-07, 7.98736778052e-07, 2.5911862167e-07, 9.29934884653e-08, 2.59514393974e-07, 1.31958643124e-07, 5.77472718533e-08, 2.21267924871e-07, 2.85123178401e-07, 1.74147842813e-07, 6.33374440895e-07, 5.80003700179e-07, 3.45371745425e-07, 7.06010752083e-08, 2.27295959832e-08, 6.38796704422e-09, 5.30167154622e-09, 3.79115405735e-10, 1.25253865439e-13]
        var: [1.02321519042e-13, 1.29441621866e-08, 1.83278871191e-07, 1.82374890301e-06, 2.57159035755e-06, 1.73328515984e-07, 2.21010907353e-08, 9.82665859794e-09, 9.75491687427e-09, 4.23858592669e-09, 1.14772902293e-09, 1.43182443679e-09, 3.3630856433e-10, 3.55246387862e-10, 1.72944780719e-09, 7.84794229602e-10, 2.96244717646e-09, 3.54778961764e-08, 5.07523267856e-09, 4.69700056627e-09, 7.44975581224e-10, 2.19284937431e-11, 2.55815963031e-12, 1.89213727152e-12, 4.91351100432e-13, 1.59794427802e-15, 5.84514578281e-20]
    mfcc:
        mean: [-787.549072266, 149.729293823, -3.88123893738, 60.6854705811, -7.96273565292, -3.55651211739, 1.66121339798, -14.9816398621, -6.09944200516, -7.22604465485, -16.8569717407, -10.2426815033, -10.2029809952]
        cov: [[3108.27514648, -971.80090332, -309.578521729, -50.6987571716, 101.617904663, -340.28225708, -175.995452881, -127.952339172, -22.1692523956, 144.685409546, -69.6963043213, -5.89130210876, -68.6797714233], [-971.80090332, 616.565612793, 128.984481812, -55.0181655884, -80.4610748291, 49.2407531738, 87.280632019, 6.89514780045, 42.3726387024, 4.00813531876, 57.0623588562, -17.3663864136, 47.6256027222], [-309.578521729, 128.984481812, 302.602386475, 52.6891975403, -25.7389850616, 36.0391044617, 47.9752006531, 18.8686599731, 69.3489456177, 65.0307617188, 19.2235012054, 18.5121574402, -2.53414487839], [-50.6987571716, -55.0181655884, 52.6891975403, 178.619049072, 98.4989013672, 42.0071372986, -28.8936748505, 4.65770053864, 18.6381378174, 18.2393417358, 5.5953245163, 30.9580345154, 11.4712753296], [101.617904663, -80.4610748291, -25.7389850616, 98.4989013672, 161.315170288, 28.7283878326, -41.4679260254, -22.1715240479, 4.26739835739, 32.4569282532, 9.76882457733, 43.4921112061, -5.18771409988], [-340.28225708, 49.2407531738, 36.0391044617, 42.0071372986, 28.7283878326, 146.268264771, 43.8867340088, 38.2407341003, -8.59230613708, -15.773607254, 22.9222373962, 15.248415947, -16.6948986053], [-175.995452881, 87.280632019, 47.9752006531, -28.8936748505, -41.4679260254, 43.8867340088, 106.906425476, 28.5585231781, 6.14654588699, -13.1560230255, 22.2424697876, -10.7726039886, 1.91040766239], [-127.952339172, 6.89514780045, 18.8686599731, 4.65770053864, -22.1715240479, 38.2407341003, 28.5585231781, 79.1924362183, -4.22086143494, -31.4566879272, -6.91632986069, -10.6747179031, 0.749249637127], [-22.1692523956, 42.3726387024, 69.3489456177, 18.6381378174, 4.26739835739, -8.59230613708, 6.14654588699, -4.22086143494, 73.2919464111, 45.0172233582, 1.66078710556, 8.6684217453, 5.90501451492], [144.685409546, 4.00813531876, 65.0307617188, 18.2393417358, 32.4569282532, -15.773607254, -13.1560230255, -31.4566879272, 45.0172233582, 121.991584778, 19.6162662506, 5.48164129257, -31.569732666], [-69.6963043213, 57.0623588562, 19.2235012054, 5.5953245163, 9.76882457733, 22.9222373962, 22.2424697876, -6.91632986069, 1.66078710556, 19.6162662506, 57.4407615662, 12.047413826, -11.3703708649], [-5.89130210876, -17.3663864136, 18.5121574402, 30.9580345154, 43.4921112061, 15.248415947, -10.7726039886, -10.6747179031, 8.6684217453, 5.48164129257, 12.047413826, 66.0626831055, 15.4115333557], [-68.6797714233, 47.6256027222, -2.53414487839, 11.4712753296, -5.18771409988, -16.6948986053, 1.91040766239, 0.749249637127, 5.90501451492, -31.569732666, -11.3703708649, 15.4115333557, 87.5371170044]]
        icov: [[0.001196681289, 0.0018202153733, 0.000573678291403, 0.000483819749206, -0.000236688923906, 0.00193788204342, -0.000596106750891, 0.000180366871064, -8.86842535692e-05, -0.00153301819228, -0.0006689975271, 0.000192067716853, -0.000398789270548], [0.0018202153733, 0.00540890078992, -7.49212558731e-05, 0.0019531599246, -4.26394726674e-05, 0.00164727552328, -0.000926656415686, 0.00104333902709, -0.00142829469405, -0.0018978783628, -0.00381433987059, 0.00207184208557, -0.00289818714373], [0.000573678291403, -7.49212558731e-05, 0.00667689694092, -0.003039133735, 0.00330722774379, 0.000577659520786, -0.00237070885487, -0.00100280949846, -0.00262973783538, -0.00394239882007, 0.00105983996764, -0.00299868290313, 0.000870096671861], [0.000483819749206, 0.0019531599246, -0.003039133735, 0.0119906747714, -0.00692345993593, -0.00180946965702, 0.00322274793871, -0.00118026847485, -0.00181482965127, 0.000893200340215, -0.00246523320675, 0.00252467929386, -0.00347812590189], [-0.000236688923906, -4.26394726674e-05, 0.00330722774379, -0.00692345993593, 0.0146356765181, -0.00288035534322, 0.00143564038444, 0.00194082886446, 0.000330627633957, -0.00373972696252, 0.000389969907701, -0.00614506332204, 0.000872120901477], [0.00193788204342, 0.00164727552328, 0.000577659520786, -0.00180946965702, -0.00288035534322, 0.0154803087935, -0.00543596222997, -0.0040985182859, 0.00227188505232, -0.00074038101593, -0.00191740517039, -0.0026634929236, 0.00361303635873], [-0.000596106750891, -0.000926656415686, -0.00237070885487, 0.00322274793871, 0.00143564038444, -0.00543596222997, 0.0166079420596, -0.00261059356853, -0.00221016816795, 0.00269503635354, -0.00603071553633, 0.00307429418899, -0.00194980332162], [0.000180366871064, 0.00104333902709, -0.00100280949846, -0.00118026847485, 0.00194082886446, -0.0040985182859, -0.00261059356853, 0.0187247227877, -0.00152890337631, 0.00411598617211, 0.00233275955543, 0.00274786958471, 0.000336337107001], [-8.86842535692e-05, -0.00142829469405, -0.00262973783538, -0.00181482965127, 0.000330627633957, 0.00227188505232, -0.00221016816795, -0.00152890337631, 0.0232439320534, -0.0083087021485, 0.0044157365337, -0.00281879724935, -0.00211121770553], [-0.00153301819228, -0.0018978783628, -0.00394239882007, 0.000893200340215, -0.00373972696252, -0.00074038101593, 0.00269503635354, 0.00411598617211, -0.0083087021485, 0.0193818826228, -0.00418325187638, 0.002709755674, 0.00567173166201], [-0.0006689975271, -0.00381433987059, 0.00105983996764, -0.00246523320675, 0.000389969907701, -0.00191740517039, -0.00603071553633, 0.00233275955543, 0.0044157365337, -0.00418325187638, 0.027251182124, -0.0069049061276, 0.00462199794129], [0.000192067716853, 0.00207184208557, -0.00299868290313, 0.00252467929386, -0.00614506332204, -0.0026634929236, 0.00307429418899, 0.00274786958471, -0.00281879724935, 0.002709755674, -0.0069049061276, 0.0238315463066, -0.00628213770688], [-0.000398789270548, -0.00289818714373, 0.000870096671861, -0.00347812590189, 0.000872120901477, 0.00361303635873, -0.00194980332162, 0.000336337107001, -0.00211121770553, 0.00567173166201, 0.00462199794129, -0.00628213770688, 0.0178433135152]]
    spectral_contrast:
        mean: [4.93956179071e-07, 1.37121006105e-07, 4.0245697619e-07, -4.64491733965e-08, -4.12380973813e-09, 1.46066030382e-08, 2.36183410607e-07, 1.11058704988e-06, 2.46908768986e-07, -6.39987547402e-07, -1.41048155911e-06, 1.38534016969e-06]
        var: [0.00023731442343, 0.000512388302013, 0.00102213106584, 0.00165056611877, 0.00236238515936, 0.00489811087027, 0.0343542471528, 0.107387326658, 0.112150043249, 0.230222135782, 0.544656276703, 1.70957291126]

rhythm:
    beats_loudness:
        dmean: 0.0031487471424
        dmean2: 0.00546815199777
        dvar: 5.8326359067e-06
        dvar2: 1.64405100804e-05
        max: 0.0108428224921
        mean: 0.00492672855034
        min: 0.000478516943986
        var: 7.66885204939e-06
    beats_loudness_bass:
        dmean: 0.169122844934
        dmean2: 0.282698005438
        dvar: 0.0098209278658
        dvar2: 0.0331540890038
        max: 0.62286400795
        mean: 0.260744333267
        min: 0.00841059163213
        var: 0.0206480361521
    bpm: 126.527961731
    bpm_confidence: 0
    first_peak_bpm: 126
    first_peak_spread: 0
    first_peak_weight: 0.950000047684
    onset_rate: 4.08732128143
    second_peak_bpm: 131
    second_peak_spread: 0
    second_peak_weight: 0.0500000007451
    beats_position: [0.10738183558, 0.583010792732, 1.05863964558, 1.53426873684, 2.00989747047, 2.48552656174, 2.96115541458, 3.43678426743, 3.91241312027, 4.38804197311, 4.86367082596, 5.3392996788, 5.81492853165, 6.27272748947, 6.74593257904, 7.21913766861, 7.69234275818, 8.16554737091, 8.63875102997, 9.11195659637, 9.58516120911]
    bpm_estimates: [125.449249268, 125.899459839, 127.37121582, 126.716407776, 126.040023804, 125.438987732, 126.636314392, 127.534759521, 123.35533905, 127.185958862, 127.816146851, 127.216903687, 127.399543762, 127.331268311]
    bpm_intervals: [0.475628972054, 0.475628852844, 0.475629091263, 0.475628733635, 0.475629091263, 0.475628852844, 0.475628852844, 0.475628852844, 0.475628852844, 0.475628852844, 0.475628852844, 0.475628852844, 0.457798957825, 0.473205089569, 0.473205089569, 0.473205089569, 0.473204612732, 0.473203659058, 0.473205566406, 0.473204612732]
    onset_times: [0.0580498874187, 0.255419492722, 0.476009070873, 0.743038535118, 0.882358253002, 1.05650794506, 1.43963718414, 1.47446715832, 1.92725622654, 2.27555561066, 2.42648530006, 2.61224484444, 2.65868473053, 2.70512461662, 3.35528349876, 3.81968259811, 4.09832191467, 4.34213161469, 4.57433128357, 5.02712011337, 5.27092981339, 5.52634906769, 5.72371864319, 6.22294807434, 6.52480745316, 6.73378705978, 6.90793657303, 7.17496585846, 7.69741487503, 7.8831744194, 7.95283460617, 8.16181373596, 8.38240337372, 8.63782310486, 8.87002277374, 9.07900238037, 9.29959201813, 9.55501174927, 9.58984088898, 9.81043052673, 10.0194101334]
    rubato_start: []
    rubato_stop: []
    perceptual_tempo: "unknown"

sfx:
    inharmonicity:
        dmean: 0.0208598189056
        dmean2: 0.0382997170091
        dvar: 0.0017078287201
        dvar2: 0.00506455730647
        max: 0.342231750488
        mean: 0.0150911007077
        min: 3.84060376746e-06
        var: 0.00113590899855
    oddtoevenharmonicenergyratio:
        dmean: 3.7403755188
        dmean2: 7.36326122284
        dvar: 550.909118652
        dvar2: 1642.17785645
        max: 285.757293701
        mean: 2.00926375389
        min: 5.96278312059e-07
        var: 279.454101562
    pitch_after_max_to_before_max_energy_ratio: 0.34206572175
    pitch_centroid: 194.046585083
    pitch_max_to_total: 0.762790679932
    pitch_min_to_total: 0.374418616295
    tristimulus:
        dmean: [0.236251890659, 0.213024094701, 0.0514014810324]
        dmean2: [0.423042833805, 0.382714062929, 0.0930646881461]
        dvar: [0.0542001575232, 0.0474731810391, 0.00568048935384]
        dvar2: [0.142035707831, 0.129242122173, 0.0168949943036]
        max: [0.992345094681, 0.969549000263, 0.570878684521]
        mean: [0.671628117561, 0.262954354286, 0.050367642194]
        min: [0.00737701077014, 0, 0]
        var: [0.0642594769597, 0.0519250482321, 0.00510276528075]

tonal:
    chords_changes_rate: 0.00925925932825
    chords_number_rate: 0.0138888889924
    chords_strength:
        dmean: 0.00764116365463
        dmean2: 0.00775265926495
        dvar: 3.17659287248e-05
        dvar2: 4.72492793051e-05
        max: 0.822156429291
        mean: 0.662344098091
        min: 0.49071854353
        var: 0.00360295362771
    key_strength: 0.690026402473
    tuning_diatonic_strength: 0.663508832455
    tuning_equal_tempered_deviation: 0.211421698332
    tuning_frequency: 441.527557373
    tuning_nontempered_energy_ratio: 0.904926002026
    hpcp:
        dmean: [0.127931535244, 0.120071418583, 0.0844821110368, 0.0353771038353, 0.0237267166376, 0.0299638584256, 0.0475125461817, 0.0715068206191, 0.129418507218, 0.154753029346, 0.167065382004, 0.104282841086, 0.0505702234805, 0.0424802526832, 0.0422618202865, 0.0691687986255, 0.0723402276635, 0.0671219229698, 0.0482918322086, 0.0675930529833, 0.0976364687085, 0.138999730349, 0.145530059934, 0.165385738015, 0.0785536691546, 0.0633425787091, 0.036457862705, 0.034091886133, 0.0681934431195, 0.151570141315, 0.174446582794, 0.196563139558, 0.130991101265, 0.0776764005423, 0.0821574181318, 0.117085903883]
        dmean2: [0.208851873875, 0.203149557114, 0.146813765168, 0.0627802312374, 0.0434377938509, 0.0545259229839, 0.0843069255352, 0.12473166734, 0.227087125182, 0.243198603392, 0.259214133024, 0.172235295177, 0.0935322269797, 0.0773875936866, 0.0707509815693, 0.123277649283, 0.121943935752, 0.119102314115, 0.0854931399226, 0.116442233324, 0.168646246195, 0.223170757294, 0.245601370931, 0.28924331069, 0.131004199386, 0.113374620676, 0.0643372088671, 0.0643443465233, 0.119768626988, 0.260418057442, 0.26537707448, 0.326088726521, 0.229039609432, 0.140354514122, 0.14432233572, 0.215441331267]
        dvar: [0.0435954816639, 0.037732642144, 0.0242026560009, 0.0100939776748, 0.00339608360082, 0.00809854641557, 0.0122158098966, 0.025340070948, 0.0425139218569, 0.0351887270808, 0.0390794761479, 0.0263565350324, 0.0257748048753, 0.0201398935169, 0.01596439071, 0.0256540793926, 0.0291608292609, 0.0321659892797, 0.015114646405, 0.0387589819729, 0.0368356667459, 0.0309445094317, 0.0455488860607, 0.0480850338936, 0.0228950437158, 0.022443106398, 0.012854908593, 0.00718444632366, 0.0166482906789, 0.0435439310968, 0.0412966758013, 0.0535069219768, 0.0436928980052, 0.0247143376619, 0.0227698031813, 0.0502033233643]
        dvar2: [0.111409537494, 0.0889931470156, 0.0625872313976, 0.0268695838749, 0.00919868890196, 0.0238709375262, 0.0347393155098, 0.0693430677056, 0.121008247137, 0.0732274353504, 0.0862998962402, 0.0748704597354, 0.0725779831409, 0.0515428110957, 0.0420012511313, 0.0696674063802, 0.0568706355989, 0.0904758051038, 0.0420174300671, 0.112435668707, 0.0870591029525, 0.0730674788356, 0.112576022744, 0.126171410084, 0.0487306378782, 0.0604696907103, 0.0356550775468, 0.0197541564703, 0.0380276441574, 0.115590967238, 0.079875394702, 0.134324878454, 0.1121680215, 0.0618651472032, 0.0590659826994, 0.130210444331]
        max: [1, 1, 1, 1, 0.385264128447, 0.785313904285, 0.94972550869, 1, 1, 1, 1, 1, 1, 1, 1, 1, 1, 1, 1, 1, 1, 1, 1, 1, 1, 1, 0.969808876514, 0.561369478703, 1, 1, 1, 1, 1, 1, 1, 1]
        mean: [0.164927616715, 0.173100963235, 0.0876288339496, 0.0300947576761, 0.0215217713267, 0.0303454063833, 0.0541697591543, 0.0743418782949, 0.129877820611, 0.32075715065, 0.33658605814, 0.123075768352, 0.0374792180955, 0.0320709981024, 0.0409607328475, 0.0801778510213, 0.0908069089055, 0.0596866644919, 0.0368959382176, 0.053063467145, 0.132044106722, 0.342671364546, 0.417943269014, 0.238182649016, 0.121749848127, 0.0738256275654, 0.030565822497, 0.0294378641993, 0.0666553750634, 0.178573101759, 0.320215404034, 0.286508113146, 0.144426137209, 0.0728779137135, 0.0625324696302, 0.0981957316399]
        min: [0.000263637513854, 0.000182063566172, 0.000750069564674, 0.000401974422857, 0.000285933580017, 0.000203816787689, 0.000502127571963, 0.000649107387289, 0.000969300512224, 0.000615653931163, 0.000810742902104, 0.00048081332352, 0.000218205808778, 0.000372919341316, 0.000472910207463, 0.000496237771586, 0.00059948785929, 0.000506967131514, 0.000209162739338, 0.000296970742056, 0.000362271966878, 0.00170345522929, 0.00214085238986, 0.000316940015182, 2.26820066018e-05, 0.000108668216853, 0.000235277620959, 0.000330895039951, 0.000229706740356, 0.000154704190209, 0.000431584951002, 3.76381576643e-05, 0.00187215255573, 0.000235937404796, 0.000359174824553, 0.000380130833946]
        var: [0.0618719644845, 0.0699516236782, 0.0253537930548, 0.00734202004969, 0.00243972567841, 0.00552845001221, 0.012534910813, 0.0249463282526, 0.0408381298184, 0.0942515432835, 0.119448594749, 0.0313933044672, 0.0181136522442, 0.0149701870978, 0.0156512595713, 0.0358515568078, 0.0415505208075, 0.0250924620777, 0.0125988656655, 0.029312254861, 0.0577686354518, 0.104487806559, 0.13898204267, 0.0638911873102, 0.0561312958598, 0.0293300766498, 0.00973820779473, 0.00648254342377, 0.0218019206077, 0.0629133656621, 0.110539756715, 0.0911646783352, 0.0609261654317, 0.0303278956562, 0.0199962332845, 0.0447590686381]
    chords_histogram: [81.4814834595, 2.31481480598, 0, 0, 0, 0, 0, 0, 0, 0, 0, 0, 0, 0, 0, 0, 0, 0, 0, 0, 0, 0, 0, 16.2037029266]
    thpcp: [1, 0.569892287254, 0.291307121515, 0.176640301943, 0.0731339007616, 0.0704350695014, 0.159484267235, 0.427266359329, 0.766169548035, 0.68551915884, 0.345563977957, 0.17437274754, 0.149619519711, 0.2349499017, 0.3946172297, 0.414173334837, 0.20966681838, 0.0720067992806, 0.0514944791794, 0.0726065188646, 0.129610314965, 0.177875518799, 0.310754656792, 0.767465770245, 0.805339097977, 0.294479608536, 0.0896753743291, 0.0767352879047, 0.0980054885149, 0.191839084029, 0.217270895839, 0.142810449004, 0.0882797762752, 0.126963332295, 0.315937876701, 0.819899201393]
    chords_key: "C"
    chords_scale: "major"
    key_key: "C"
    key_scale: "major"
    chords_progression: ["Am", "Am", "Am", "Am", "Am", "Am", "Am", "Am", "Am", "Am", "Am", "Am", "Am", "Am", "Am", "Am", "Am", "Am", "Am", "Am", "Am", "Am", "Am", "Am", "Am", "Am", "Am", "Am", "Am", "Am", "Am", "Am", "Am", "Am", "Am", "C", "C", "C", "C", "C", "C", "C", "C", "C", "C", "C", "C", "C", "C", "C", "C", "C", "C", "C", "C", "C", "C", "C", "C", "C", "C", "C", "C", "C", "C", "C", "C", "C", "C", "C", "C", "C", "C", "C", "C", "C", "C", "C", "C", "C", "C", "C", "C", "C", "C", "C", "C", "C", "C", "C", "C", "C", "C", "C", "C", "C", "C", "C", "C", "C", "C", "C", "C", "C", "C", "C", "C", "C", "C", "C", "C", "C", "C", "C", "C", "C", "C", "C", "C", "C", "C", "C", "C", "C", "C", "C", "C", "C", "C", "C", "C", "C", "C", "C", "C", "C", "C", "C", "C", "C", "C", "C", "C", "C", "C", "C", "C", "C", "C", "C", "C", "C", "C", "C", "C", "C", "C", "C", "C", "C", "C", "C", "C", "C", "C", "C", "C", "C", "C", "C", "C", "C", "C", "C", "C", "C", "C", "C", "C", "C", "C", "C", "C", "C", "C", "C", "C", "C", "C", "C", "C", "C", "C", "C", "C", "C", "C", "C", "C", "C", "C", "C", "C", "C", "C", "C", "C", "C", "C", "C", "C", "Em", "Em", "Em", "Em", "Em"]
