
metadata:
    version:
        essentia: "1.2.2"
    audio_properties:
        analysis_sample_rate: 44100
        bitrate: 128
        channels: 2
        equal_loudness: 1
        length: 10.0048980713
        replay_gain: -14.5226650238
        downmix: "mix"
    tags:
        track: 14
        year: 0
        album: "Splitted by Mp3Splt v. 2.1"
        artist: "From 002.10 To 002.20"
        comment: "http://mp3splt.sf.net"
        genre: ""
        title: "04 Traveler.mp3"

highlevel:
    ballroom:
        all:
            ChaChaCha: 0.0167355109006
            Jive: 0.115531161427
            Quickstep: 0.0615229420364
            Rumba-American: 0.00668356614187
            Rumba-International: 0.0470527596772
            Rumba-Misc: 0.0172477308661
            Samba: 0.0370221808553
            Tango: 0.173999100924
            VienneseWaltz: 0.457883298397
            Waltz: 0.0663217380643
        probability: 0.457883298397
        value: "VienneseWaltz"
    culture:
        all:
            non_western: 0.0101082138717
            western: 0.989891767502
        probability: 0.989891767502
        value: "western"
    gender:
        all:
            female: 0.839501142502
            male: 0.1604988873
        probability: 0.839501142502
        value: "female"
    genre_dortmund:
        all:
            alternative: 0.111644625664
            blues: 0.0437104254961
            electronic: 0.0318151041865
            folkcountry: 0.193052694201
            funksoulrnb: 0.0225789304823
            jazz: 0.107888825238
            pop: 0.101329177618
            raphiphop: 0.00455156341195
            rock: 0.383428663015
        probability: 0.383428663015
        value: "rock"
    genre_electronica:
        all:
            ambient: 0.712701439857
            dnb: 0.154115080833
            house: 0.0196273233742
            techno: 0.00793594773859
            trance: 0.105620227754
        probability: 0.712701439857
        value: "ambient"
    genre_rosamerica:
        all:
            cla: 0.052823446691
            dan: 0.0110332742333
            hip: 0.00343435443938
            jaz: 0.0724582374096
            pop: 0.198500186205
            rhy: 0.0104435039684
            roc: 0.648733556271
            spe: 0.00257340935059
        probability: 0.648733556271
        value: "roc"
    genre_tzanetakis:
        all:
            blu: 0.00911344680935
            cla: 0.18617528677
            cou: 0.225077494979
            dis: 0.0230087097734
            hip: 0.00532968435436
            jaz: 0.128966554999
            met: 0.0149162132293
            pop: 0.145860657096
            reg: 0.0266896374524
            roc: 0.234862312675
        probability: 0.234862312675
        value: "roc"
    live_studio:
        all:
            live: 5.03941873831e-06
            studio: 0.999994933605
        probability: 0.999994933605
        value: "studio"
    mood:
        all:
            Cluster1: 0.356506437063
            Cluster2: 0.225492969155
            Cluster3: 0.150072216988
            Cluster4: 0.192163750529
            Cluster5: 0.0757646113634
        probability: 0.356506437063
        value: "Cluster1"
    mood_acoustic:
        all:
            acoustic: 0.0466666780412
            not_acoustic: 0.953333318233
        probability: 0.953333318233
        value: "not_acoustic"
    mood_aggressive:
        all:
            aggressive: 0.576965153217
            not_aggressive: 0.42303481698
        probability: 0.576965153217
        value: "aggressive"
    mood_electronic:
        all:
            electronic: 0.662549316883
            not_electronic: 0.337450683117
        probability: 0.662549316883
        value: "electronic"
    mood_happy:
        all:
            happy: 0.864071369171
            not_happy: 0.135928615928
        probability: 0.864071369171
        value: "happy"
    mood_party:
        all:
            not_party: 0.812404334545
            party: 0.187595680356
        probability: 0.812404334545
        value: "not_party"
    mood_relaxed:
        all:
            not_relaxed: 0.259623497725
            relaxed: 0.740376472473
        probability: 0.740376472473
        value: "relaxed"
    mood_sad:
        all:
            not_sad: 0.0678634494543
            sad: 0.932136535645
        probability: 0.932136535645
        value: "sad"
    rhythm:
        all:
            fast: 0.499650865793
            medium: 0.348071753979
            slow: 0.152277380228
        probability: 0.499650865793
        value: "fast"
    speech_music:
        all:
            music: 0.163525253534
            speech: 0.836474716663
        probability: 0.836474716663
        value: "speech"
    timbre:
        all:
            bright: 0.745293438435
            dark: 0.254706591368
        probability: 0.745293438435
        value: "bright"
    voice_instrumental:
        all:
            instrumental: 0.932628929615
            voice: 0.0673710629344
        probability: 0.932628929615
        value: "instrumental"

lowlevel:
    average_loudness: 0.983006238937
    barkbands_kurtosis:
        dmean: 0.683726131916
        dmean2: 1.11427652836
        dvar: 1.91334354877
        dvar2: 4.07350921631
        max: 22.8133392334
        mean: -0.5862159729
        min: -1.73184525967
        var: 4.97796297073
    barkbands_skewness:
        dmean: 0.400178283453
        dmean2: 0.621441304684
        dvar: 0.133752316236
        dvar2: 0.330496370792
        max: 4.44360256195
        mean: 0.209745272994
        min: -2.78513860703
        var: 0.740732908249
    barkbands_spread:
        dmean: 3.33581423759
        dmean2: 5.34239006042
        dvar: 11.4377155304
        dvar2: 25.7484931946
        max: 57.5377502441
        mean: 27.2864723206
        min: 3.97572827339
        var: 47.1807403564
    dissonance:
        dmean: 0.0162089280784
        dmean2: 0.02679521963
        dvar: 0.000428548868513
        dvar2: 0.000777010514867
        max: 0.498038589954
        mean: 0.461583763361
        min: 0.137357473373
        var: 0.000811912701465
    hfc:
        dmean: 1.80944371223
        dmean2: 2.79916143417
        dvar: 4.11571502686
        dvar2: 8.28239059448
        max: 28.6560592651
        mean: 7.76425600052
        min: 0.010107264854
        var: 22.853351593
    pitch:
        dmean: 201.349777222
        dmean2: 385.106964111
        dvar: 377608.15625
        dvar2: 996463.3125
        max: 4009.09082031
        mean: 372.950439453
        min: 73.8693466187
        var: 340972.5
    pitch_instantaneous_confidence:
        dmean: 0.0750108212233
        dmean2: 0.113843627274
        dvar: 0.00515920575708
        dvar2: 0.010960473679
        max: 0.927010416985
        mean: 0.46180871129
        min: 0.149282693863
        var: 0.0262781325728
    pitch_salience:
        dmean: 0.0542120784521
        dmean2: 0.0890631973743
        dvar: 0.00256566493772
        dvar2: 0.00619545020163
        max: 0.800786852837
        mean: 0.610727667809
        min: 0.258388191462
        var: 0.00741769047454
    silence_rate_20dB:
        dmean: 0
        dmean2: 0
        dvar: 0
        dvar2: 0
        max: 1
        mean: 1
        min: 1
        var: 0
    silence_rate_30dB:
        dmean: 0
        dmean2: 0
        dvar: 0
        dvar2: 0
        max: 1
        mean: 1
        min: 1
        var: 0
    silence_rate_60dB:
        dmean: 0.0556844547391
        dmean2: 0.109302327037
        dvar: 0.0525837726891
        dvar2: 0.102006815374
        max: 1
        mean: 0.18287037313
        min: 0
        var: 0.149430096149
    spectral_centroid:
        dmean: 198.305770874
        dmean2: 314.034698486
        dvar: 34369.515625
        dvar2: 81845.1875
        max: 2729.77636719
        mean: 1420.84326172
        min: 448.323608398
        var: 192899.53125
    spectral_complexity:
        dmean: 2.72325587273
        dmean2: 4.40559434891
        dvar: 7.74900913239
        dvar2: 17.0336513519
        max: 33
        mean: 15.375869751
        min: 0
        var: 34.7543182373
    spectral_crest:
        dmean: 1.91398084164
        dmean2: 3.03277564049
        dvar: 2.95445251465
        dvar2: 7.57968473434
        max: 21.2059860229
        mean: 7.19221162796
        min: 2.90976214409
        var: 9.25578308105
    spectral_decrease:
        dmean: 3.32605776254e-10
        dmean2: 5.10118502994e-10
        dvar: 1.51973318602e-19
        dvar2: 3.84436765027e-19
        max: -2.71081941616e-12
        mean: -1.20658638636e-09
        min: -3.79858677846e-09
        var: 3.16304948199e-19
    spectral_energy:
        dmean: 0.00139803974889
        dmean2: 0.00213859439828
        dvar: 2.53194707511e-06
        dvar2: 6.29188707535e-06
        max: 0.0155841251835
        mean: 0.00525817275047
        min: 1.11479930638e-05
        var: 6.06927142144e-06
    spectral_energyband_high:
        dmean: 6.35792530375e-05
        dmean2: 0.000103223217593
        dvar: 5.97197713503e-09
        dvar2: 1.57433124315e-08
        max: 0.000836264633108
        mean: 0.000158167473273
        min: 2.0128814171e-08
        var: 1.63886735294e-08
    spectral_energyband_low:
        dmean: 9.02816755115e-05
        dmean2: 0.000151465108502
        dvar: 2.77290475026e-08
        dvar2: 7.60856622151e-08
        max: 0.00138302438427
        mean: 0.000222967442824
        min: 1.68011297319e-07
        var: 3.02144940179e-08
    spectral_energyband_middle_high:
        dmean: 0.000631350558251
        dmean2: 0.000984516227618
        dvar: 5.05243860971e-07
        dvar2: 1.03293643861e-06
        max: 0.00989193096757
        mean: 0.00249114166945
        min: 3.40065685123e-06
        var: 2.9042244023e-06
    spectral_energyband_middle_low:
        dmean: 0.000977404299192
        dmean2: 0.00151919946074
        dvar: 1.62175626883e-06
        dvar2: 4.29236251875e-06
        max: 0.0103075169027
        mean: 0.00238589337096
        min: 7.1224731073e-06
        var: 2.52641802945e-06
    spectral_flatness_db:
        dmean: 0.0155756222084
        dmean2: 0.0234187562019
        dvar: 0.000271961791441
        dvar2: 0.000550626660697
        max: 0.270714491606
        mean: 0.165799662471
        min: 0.0587404109538
        var: 0.00122365914285
    spectral_flux:
        dmean: 0.0079495664686
        dmean2: 0.0125249475241
        dvar: 7.24196215742e-05
        dvar2: 0.000154088615091
        max: 0.0804728940129
        mean: 0.0362394154072
        min: 0.00333886104636
        var: 0.000180399962119
    spectral_kurtosis:
        dmean: 1.84718441963
        dmean2: 3.11692380905
        dvar: 2.79054689407
        dvar2: 7.83916139603
        max: 26.1807670593
        mean: 6.10790109634
        min: 0.633977413177
        var: 6.78898286819
    spectral_rms:
        dmean: 0.000297339167446
        dmean2: 0.000450079271104
        dvar: 9.73670779558e-08
        dvar2: 2.30163934134e-07
        max: 0.00389923388138
        mean: 0.00219587772153
        min: 0.000104288497823
        var: 3.08045827069e-07
    spectral_rolloff:
        dmean: 290.04699707
        dmean2: 499.429992676
        dvar: 120650.507812
        dvar2: 295667.90625
        max: 4242.04101562
        mean: 2653.43115234
        min: 409.130859375
        var: 396884.21875
    spectral_skewness:
        dmean: 0.208118289709
        dmean2: 0.343489378691
        dvar: 0.0325446687639
        dvar2: 0.0827776864171
        max: 3.89189600945
        mean: 1.70057785511
        min: 0.754907011986
        var: 0.114153698087
    spectral_spread:
        dmean: 519894.875
        dmean2: 699501.4375
        dvar: 1.04697115443e+12
        dvar2: 1.37111063757e+12
        max: 20289414
        mean: 3886819.75
        min: 2076923.125
        var: 2.52207588966e+12
    spectral_strongpeak:
        dmean: 0.611294269562
        dmean2: 1.01409757137
        dvar: 0.708907842636
        dvar2: 1.80190241337
        max: 8.28112316132
        mean: 1.07565927505
        min: 0.00991031806916
        var: 1.83662199974
    zerocrossingrate:
        dmean: 0.00629087956622
        dmean2: 0.00788648240268
        dvar: 3.24072934745e-05
        dvar2: 4.21623662987e-05
        max: 0.13916015625
        mean: 0.0823020115495
        min: 0.0234375
        var: 0.00039699228364
    barkbands:
        dmean: [5.65549314047e-08, 2.88072387775e-05, 7.51821644371e-05, 0.000100975499663, 0.000226414515055, 0.000383876555134, 0.000236558786128, 0.000336543278536, 6.45783220534e-05, 7.46796722524e-05, 3.15654033329e-05, 3.79474331567e-05, 1.9552784579e-05, 6.3570398197e-05, 0.000123766250908, 0.000218157758354, 0.000335703225574, 0.000198625086341, 0.000123568432173, 8.69080613484e-05, 2.10348516703e-05, 5.48388516108e-06, 1.66183394867e-06, 7.9425376498e-07, 7.86502880601e-07, 6.18057285351e-08, 3.63281005278e-09]
        dmean2: [8.06449307333e-08, 4.56972884422e-05, 0.000126544138766, 0.000177292284206, 0.00035714378464, 0.000635588774458, 0.000361523823813, 0.00048678740859, 0.000112744484795, 0.000115863796964, 4.83477015223e-05, 6.0380967625e-05, 3.05269677483e-05, 9.69771717791e-05, 0.000202926283237, 0.000369235989638, 0.000527647556737, 0.00032548038871, 0.000197175322683, 0.000141131138662, 3.32280178554e-05, 8.55167672853e-06, 2.45149021794e-06, 1.0985930885e-06, 1.09746815724e-06, 8.49680148463e-08, 3.96656396617e-09]
        dvar: [1.59604575107e-13, 1.93487403877e-09, 2.08691695036e-08, 7.75943505005e-08, 1.25077505686e-07, 3.84213734606e-07, 1.6161463634e-07, 1.78910667614e-07, 2.00097627356e-08, 1.18752128131e-08, 1.89706139686e-09, 3.22932458552e-09, 5.18361631396e-10, 7.40940953037e-09, 3.26533964312e-08, 7.57950573416e-08, 1.85154107157e-07, 1.70764295149e-07, 1.78627956871e-08, 1.51442751672e-08, 8.65464644395e-10, 1.69728550659e-10, 1.1301936817e-11, 2.18941705044e-12, 2.58922700988e-12, 3.18799687712e-14, 4.30788717347e-15]
        dvar2: [1.62912963827e-13, 5.00972463513e-09, 5.97694125304e-08, 2.16238163375e-07, 3.06388244553e-07, 1.01487773918e-06, 4.43066539901e-07, 3.97931955831e-07, 5.81802517274e-08, 2.58305821177e-08, 4.7232449063e-09, 7.91219445517e-09, 1.29955901595e-09, 1.73500414036e-08, 9.44681133319e-08, 2.19036010662e-07, 3.95016229504e-07, 4.70612974368e-07, 4.07261246949e-08, 4.0200365703e-08, 1.93813920468e-09, 4.33808960976e-10, 2.47320757624e-11, 4.23087086199e-12, 4.63302052972e-12, 5.22426137181e-14, 4.30568107616e-15]
        max: [8.3147560872e-06, 0.000389169115806, 0.0012354538776, 0.00251796282828, 0.00361716770567, 0.00775909330696, 0.00354420859367, 0.00374080380425, 0.00123085745145, 0.00133293669205, 0.000438885123003, 0.000774605432525, 0.000247584539466, 0.000921346247196, 0.00225317059085, 0.00261013046838, 0.00715267611668, 0.00420887209475, 0.00156532938126, 0.00166783225723, 0.000284226145595, 0.000140842312248, 3.57979988621e-05, 1.31692204377e-05, 1.81133727892e-05, 3.1340393889e-06, 1.36480900892e-06]
        mean: [8.12189426824e-08, 6.62891980028e-05, 0.000156606081873, 0.000108708947664, 0.000429890817031, 0.000597352103796, 0.000454945082311, 0.000670215580612, 0.000107838648546, 0.000127097329823, 5.54168582312e-05, 6.70427689329e-05, 4.12963745475e-05, 0.000115728056699, 0.000200728376512, 0.000387473555747, 0.000712697161362, 0.00038412224967, 0.000309391965857, 0.000198266425286, 5.03163755639e-05, 1.02281464933e-05, 3.12623024001e-06, 1.64453115303e-06, 1.56776161475e-06, 1.02725536522e-07, 3.71062358617e-09]
        min: [4.07985867312e-11, 1.96965395105e-08, 4.36611991006e-08, 3.48828166352e-07, 1.61557795764e-06, 6.78250216879e-07, 2.32998743854e-07, 2.49465051638e-06, 1.00164857031e-06, 6.06186958407e-08, 3.55936720098e-08, 1.6612021625e-07, 2.89330614578e-07, 6.82306264821e-08, 1.51726553099e-07, 2.14416400013e-06, 3.06686814611e-07, 1.21734672121e-07, 3.08315328823e-08, 4.84582365345e-08, 5.92585136516e-09, 2.2889703466e-09, 1.81427328716e-09, 9.28287557933e-10, 2.96508262387e-10, 2.35826635997e-11, 2.85542992246e-13]
        var: [1.63745536227e-13, 4.85926809901e-09, 1.9128414408e-08, 5.1255447886e-08, 1.89985186694e-07, 7.89704756698e-07, 3.03912827349e-07, 3.84126735753e-07, 1.84188078123e-08, 2.33328769639e-08, 3.61870378107e-09, 4.80529882552e-09, 1.44788936396e-09, 1.43738638769e-08, 5.06276087719e-08, 1.29156219941e-07, 7.80049731475e-07, 2.66604871513e-07, 5.73808982551e-08, 3.25636371201e-08, 1.95708405037e-09, 2.24942120486e-10, 2.26979181978e-11, 5.78038528501e-12, 8.13933382499e-12, 8.5996666602e-14, 4.30912299454e-15]
    mfcc:
        mean: [-712.596984863, 133.303009033, -64.6075210571, 53.2645301819, -6.39677286148, -24.0394611359, -13.7418622971, -10.4096307755, 0.54726010561, -2.08812522888, -5.56459522247, 0.139211088419, 2.71433949471]
        cov: [[1949.56835938, -563.479736328, 79.9066925049, 23.5418567657, 74.2546157837, 1.13250529766, 154.416229248, 59.7380599976, 102.237419128, -12.9178123474, 41.7935409546, 2.85814547539, -36.1503639221], [-563.479736328, 730.586364746, -187.512588501, 102.883888245, -7.75125932693, 46.3855361938, 14.2851896286, -25.1531925201, 11.2121200562, 62.8011436462, 19.6046962738, 20.3020076752, 7.74535894394], [79.9066925049, -187.512588501, 625.393066406, -67.259513855, 78.4868164062, 133.651733398, 67.7957611084, 95.7618255615, 32.6485862732, 6.65573549271, 58.7435493469, -35.320980072, -11.2521629333], [23.5418567657, 102.883888245, -67.259513855, 123.55329895, 23.9114208221, 32.6203918457, 43.9743270874, 17.3507499695, 40.13048172, 19.3697929382, 16.1116657257, 17.3847332001, -2.07505846024], [74.2546157837, -7.75125932693, 78.4868164062, 23.9114208221, 114.625106812, 51.0286979675, 44.5776748657, 38.8849754333, 33.9982795715, 12.4854373932, 24.7340908051, 6.61644029617, -2.52476882935], [1.13250529766, 46.3855361938, 133.651733398, 32.6203918457, 51.0286979675, 132.386413574, 67.7748565674, 45.5703811646, 39.7028617859, 14.6502933502, 30.9370002747, -14.8842039108, 0.122956939042], [154.416229248, 14.2851896286, 67.7957611084, 43.9743270874, 44.5776748657, 67.7748565674, 127.696350098, 55.6230163574, 51.4415016174, 30.7429332733, 29.5859298706, -0.332710832357, -10.4424962997], [59.7380599976, -25.1531925201, 95.7618255615, 17.3507499695, 38.8849754333, 45.5703811646, 55.6230163574, 88.9494171143, 50.7011680603, 8.11358833313, 16.3193130493, -2.26822590828, 1.18478178978], [102.237419128, 11.2121200562, 32.6485862732, 40.13048172, 33.9982795715, 39.7028617859, 51.4415016174, 50.7011680603, 89.1115493774, 40.5930175781, 25.6544399261, -0.998078167439, -5.72997808456], [-12.9178123474, 62.8011436462, 6.65573549271, 19.3697929382, 12.4854373932, 14.6502933502, 30.7429332733, 8.11358833313, 40.5930175781, 77.3535232544, 31.9632091522, 0.205146074295, -11.367348671], [41.7935409546, 19.6046962738, 58.7435493469, 16.1116657257, 24.7340908051, 30.9370002747, 29.5859298706, 16.3193130493, 25.6544399261, 31.9632091522, 58.6236190796, 10.8456726074, -1.86264264584], [2.85814547539, 20.3020076752, -35.320980072, 17.3847332001, 6.61644029617, -14.8842039108, -0.332710832357, -2.26822590828, -0.998078167439, 0.205146074295, 10.8456726074, 47.8959388733, 17.3330936432], [-36.1503639221, 7.74535894394, -11.2521629333, -2.07505846024, -2.52476882935, 0.122956939042, -10.4424962997, 1.18478178978, -5.72997808456, -11.367348671, -1.86264264584, 17.3330936432, 46.1247520447]]
        icov: [[0.000887942907866, 0.000711625034455, 0.000151427128003, -8.77607744769e-05, -0.000191792307305, 0.000494862499181, -0.00131161522586, 0.000820428947918, -0.00116658268962, 0.000910945527721, -0.000724480720237, 1.77868078026e-05, 0.000323223241139], [0.000711625034455, 0.00253135617822, 0.000780302565545, -0.00121204007883, 0.000169166567503, -0.00128243060317, -0.000444195553428, 0.000490708160214, 0.000352969596861, -0.00135545630474, -0.000453164277133, -0.000387967738789, 5.29734506927e-06], [0.000151427128003, 0.000780302565545, 0.00330680748448, 0.00213148724288, -0.000542761292309, -0.00285576772876, 0.000229355311603, -0.00245652953163, 0.00111444678623, -6.6886357672e-05, -0.00252726534382, 0.000729998515453, 0.000728747865651], [-8.77607744769e-05, -0.00121204007883, 0.00213148724288, 0.0139846587554, -0.000647520995699, -0.00308941723779, -0.00227336678654, 0.000492918072268, -0.00477823102847, 0.00195171241648, -0.000634275202174, -0.00466017564759, 0.0023423389066], [-0.000191792307305, 0.000169166567503, -0.000542761292309, -0.000647520995699, 0.0122726755217, -0.00304877036251, -0.000332853524014, -0.00208183308132, -0.000971883535385, 0.000133970665047, -0.00101665651891, -0.00327336951159, 0.00141907983925], [0.000494862499181, -0.00128243060317, -0.00285576772876, -0.00308941723779, -0.00304877036251, 0.0177076533437, -0.00595229584724, 0.00120470894035, -0.00277157104574, 0.00405707629398, -0.00420161755756, 0.00790513493121, -0.00430983770639], [-0.00131161522586, -0.000444195553428, 0.000229355311603, -0.00227336678654, -0.000332853524014, -0.00595229584724, 0.01717364043, -0.00733909197152, 0.00180398358498, -0.004897701554, 0.000443341588834, -0.00182451948058, 0.0027951176744], [0.000820428947918, 0.000490708160214, -0.00245652953163, 0.000492918072268, -0.00208183308132, 0.00120470894035, -0.00733909197152, 0.0253408774734, -0.0136704137549, 0.00670906761661, 0.00072053092299, -2.57371939369e-05, -0.00245215697214], [-0.00116658268962, 0.000352969596861, 0.00111444678623, -0.00477823102847, -0.000971883535385, -0.00277157104574, 0.00180398358498, -0.0136704137549, 0.0285435207188, -0.0130122117698, -0.000111534936877, 0.00201671174727, -0.000626216526143], [0.000910945527721, -0.00135545630474, -6.6886357672e-05, 0.00195171241648, 0.000133970665047, 0.00405707629398, -0.004897701554, 0.00670906761661, -0.0130122117698, 0.0260192807764, -0.0110626090318, 0.00223983288743, 0.00323589448817], [-0.000724480720237, -0.000453164277133, -0.00252726534382, -0.000634275202174, -0.00101665651891, -0.00420161755756, 0.000443341588834, 0.00072053092299, -0.000111534936877, -0.0110626090318, 0.0305815842003, -0.00979573838413, 0.00107650260907], [1.77868078026e-05, -0.000387967738789, 0.000729998515453, -0.00466017564759, -0.00327336951159, 0.00790513493121, -0.00182451948058, -2.57371939369e-05, 0.00201671174727, 0.00223983288743, -0.00979573838413, 0.0329564511776, -0.0125427935272], [0.000323223241139, 5.29734506927e-06, 0.000728747865651, 0.0023423389066, 0.00141907983925, -0.00430983770639, 0.0027951176744, -0.00245215697214, -0.000626216526143, 0.00323589448817, 0.00107650260907, -0.0125427935272, 0.0284774657339]]
    spectral_contrast:
        mean: [9.19826916856e-08, 4.00689117441e-07, -3.24039746147e-08, 1.71138623273e-07, 2.57745142562e-07, 3.79270836959e-08, 3.52649287549e-08, 1.25985684463e-06, -1.38037125907e-06, 4.14826217821e-06, 3.37105052495e-06, -5.5718587646e-06]
        var: [0.000437784969108, 0.000829460448585, 0.00106902373955, 0.00186703435611, 0.00210967985913, 0.00409136619419, 0.0483129061759, 0.077588506043, 0.121273219585, 0.438799411058, 0.565938830376, 1.29127681255]

rhythm:
    beats_loudness:
        dmean: 0.00379702635109
        dmean2: 0.00755866803229
        dvar: 5.67829602005e-06
        dvar2: 1.65754572663e-05
        max: 0.0116395065561
        mean: 0.00635656202212
        min: 0.00124345615041
        var: 7.03277237335e-06
    beats_loudness_bass:
        dmean: 0.0788852423429
        dmean2: 0.148488491774
        dvar: 0.00729131046683
        dvar2: 0.0186222549528
        max: 0.298811942339
        mean: 0.0856597423553
        min: 0.0170932002366
        var: 0.0059778704308
    bpm: 127.90234375
    bpm_confidence: 0
    first_peak_bpm: 128
    first_peak_spread: 0
    first_peak_weight: 0.949999988079
    onset_rate: 3.29838466644
    second_peak_bpm: 114
    second_peak_spread: 0
    second_peak_weight: 0.0500000007451
    beats_position: [0.230623602867, 0.699814260006, 1.16900491714, 1.63819551468, 2.10738611221, 2.57657694817, 3.04576778412, 3.51495838165, 3.98414921761, 4.45334005356, 4.92253065109, 5.39172124863, 5.860912323, 6.38830184937, 6.85734844208, 7.32639455795, 7.79543972015, 8.26448535919, 8.7335319519, 9.20257759094, 9.67162322998]
    bpm_estimates: [127.625671387, 128.013641357, 127.488243103, 128.032608032, 127.528129578, 127.095275879, 128.359329224, 128.624572754, 128.165100098, 128.257034302, 127.267753601, 127.716789246, 129.842147827, 128.148345947, 126.340194702, 127.903297424, 127.931610107]
    bpm_intervals: [0.469190657139, 0.469190657139, 0.469190597534, 0.469190597534, 0.469190835953, 0.469190835953, 0.469190597534, 0.469190835953, 0.469190835953, 0.469190597534, 0.469190597534, 0.469191074371, 0.527389526367, 0.469046592712, 0.469046115875, 0.469045162201, 0.469045639038, 0.469046592712, 0.469045639038, 0.469045639038]
    onset_times: [0.0464399084449, 0.208979591727, 0.46439909935, 0.684988677502, 0.870748281479, 1.16099774837, 1.67183673382, 1.8575963974, 2.11301589012, 2.36843538284, 2.5890250206, 2.84444451332, 3.05342411995, 3.52943301201, 3.78485250473, 3.99383211136, 4.46984148026, 4.71365070343, 4.95746040344, 5.41024923325, 5.67727899551, 5.89786863327, 6.35065746307, 6.84988641739, 7.10530614853, 7.32589578629, 7.58131504059, 7.80190467834, 8.25469398499, 8.47528362274, 8.63782310486, 8.76553249359, 9.21832180023]
    rubato_start: []
    rubato_stop: []
    perceptual_tempo: "unknown"

sfx:
    inharmonicity:
        dmean: 0.0597967728972
        dmean2: 0.107766292989
        dvar: 0.00412373384461
        dvar2: 0.0121119013056
        max: 0.364266872406
        mean: 0.0643751397729
        min: 0
        var: 0.00429170159623
    oddtoevenharmonicenergyratio:
        dmean: 3.17745804787
        dmean2: 5.86791419983
        dvar: 39.5315361023
        dvar2: 107.078178406
        max: 54.5829162598
        mean: 2.34525704384
        min: 0
        var: 28.9503192902
    pitch_after_max_to_before_max_energy_ratio: 2.40958142281
    pitch_centroid: 203.080368042
    pitch_max_to_total: 0.447795838118
    pitch_min_to_total: 0.689095139503
    tristimulus:
        dmean: [0.196424439549, 0.207523047924, 0.123051434755]
        dmean2: [0.350981801748, 0.369361460209, 0.215989544988]
        dvar: [0.0319005213678, 0.0351456552744, 0.0119480919093]
        dvar2: [0.0927532315254, 0.103540174663, 0.0328658074141]
        max: [1, 0.9856954813, 0.605596601963]
        mean: [0.315978378057, 0.503593146801, 0.154395982623]
        min: [0.00947935134172, 0, 0]
        var: [0.0430664233863, 0.0443185344338, 0.0167151503265]

tonal:
    chords_changes_rate: 0.0506912432611
    chords_number_rate: 0.0276497695595
    chords_strength:
        dmean: 0.00732885487378
        dmean2: 0.00605053035542
        dvar: 3.41440172633e-05
        dvar2: 3.08099370159e-05
        max: 0.568450689316
        mean: 0.445198714733
        min: 0.300637692213
        var: 0.00322651863098
    key_strength: 0.647793829441
    tuning_diatonic_strength: 0.520551681519
    tuning_equal_tempered_deviation: 0.0594814307988
    tuning_frequency: 441.017791748
    tuning_nontempered_energy_ratio: 0.646242380142
    hpcp:
        dmean: [0.145597711205, 0.0978013798594, 0.046397253871, 0.036802187562, 0.0379666388035, 0.0646381303668, 0.081544905901, 0.0648702979088, 0.143105849624, 0.179389476776, 0.118312224746, 0.0812626555562, 0.079600200057, 0.0975830033422, 0.171335220337, 0.167282566428, 0.131279632449, 0.052201654762, 0.0582587905228, 0.0647930577397, 0.0977220907807, 0.136090353131, 0.0908311679959, 0.115090854466, 0.116983957589, 0.0733011364937, 0.07039860636, 0.0705945789814, 0.0928782597184, 0.137172803283, 0.149928674102, 0.102926291525, 0.101573199034, 0.0878228545189, 0.0694727823138, 0.113367803395]
        dmean2: [0.223149076104, 0.160889521241, 0.0774135217071, 0.0650416761637, 0.0648674145341, 0.105862230062, 0.137454971671, 0.110828727484, 0.228290766478, 0.277206778526, 0.178881287575, 0.125828370452, 0.133995398879, 0.164418652654, 0.287697345018, 0.294379323721, 0.227956324816, 0.0903913006186, 0.0998628214002, 0.112601578236, 0.159130483866, 0.229414254427, 0.154491394758, 0.191219329834, 0.188705131412, 0.120613276958, 0.126096084714, 0.117137908936, 0.157513231039, 0.230551302433, 0.258007794619, 0.177824467421, 0.174723386765, 0.155616745353, 0.119804799557, 0.177915692329]
        dvar: [0.0212722532451, 0.010729775764, 0.00375437922776, 0.00284465937875, 0.00284428847954, 0.00519386632368, 0.0118776513264, 0.00862867292017, 0.0199795402586, 0.0348002947867, 0.0188793260604, 0.0135522708297, 0.0229810047895, 0.0233417991549, 0.0272890329361, 0.0563691519201, 0.0205774772912, 0.00822426844388, 0.0176641475409, 0.0209675934166, 0.0175247266889, 0.0336894243956, 0.0171769727021, 0.0322946980596, 0.0289297346026, 0.0164588540792, 0.0268445331603, 0.0144770927727, 0.0209002010524, 0.0350844524801, 0.0389188304543, 0.0219402927905, 0.0254535656422, 0.0168374720961, 0.0113321440294, 0.013562287204]
        dvar2: [0.0423198007047, 0.0273919459432, 0.0106933210045, 0.00764245726168, 0.00742655154318, 0.0142090711743, 0.0325917899609, 0.0248040296137, 0.0504407249391, 0.0753034427762, 0.0381224863231, 0.0277010798454, 0.0503475517035, 0.0658399686217, 0.0751722827554, 0.159380599856, 0.0537443943322, 0.0216968264431, 0.0508368015289, 0.0561074353755, 0.0459206961095, 0.0836481973529, 0.0404354445636, 0.0693072900176, 0.0636161118746, 0.0411795638502, 0.070781879127, 0.0416890829802, 0.0572951510549, 0.0917257368565, 0.110726341605, 0.0626086369157, 0.0691407173872, 0.0497082546353, 0.03295468539, 0.0325505509973]
        max: [1, 0.756522893906, 0.507995724678, 0.323273569345, 0.322219580412, 0.51179420948, 0.988437056541, 0.950017154217, 1, 1, 1, 1, 1, 1, 1, 1, 1, 0.69370174408, 1, 1, 1, 1, 0.922429144382, 1, 1, 0.913485407829, 1, 1, 0.71033424139, 1, 1, 1, 1, 0.890576660633, 0.8386054039, 1]
        mean: [0.329786598682, 0.193906649947, 0.0574685819447, 0.0455632098019, 0.0480394400656, 0.0967371612787, 0.120104417205, 0.106104984879, 0.273320436478, 0.368165194988, 0.198666602373, 0.14806444943, 0.178513139486, 0.139415204525, 0.419047266245, 0.657267212868, 0.336682826281, 0.0675177127123, 0.0655218958855, 0.0759613439441, 0.158978819847, 0.207941040397, 0.144963264465, 0.18251439929, 0.185166791081, 0.0978137403727, 0.0778175219893, 0.0800629332662, 0.103053808212, 0.196304410696, 0.250072926283, 0.172030687332, 0.122467912734, 0.113049544394, 0.0910508260131, 0.212302878499]
        min: [0.00225944211707, 0.00132065080106, 0.000643119623419, 0.00124020001385, 0.0019845191855, 0.00192202010658, 0.00116723962128, 0.00123265688308, 0.00774480495602, 0.0101776607335, 0.00862442888319, 0.00088161585154, 0.00065820623422, 0.00132107967511, 0.010018591769, 0.010875524953, 0.00320480577648, 0.000809812394436, 0.000615259399638, 0.000596643832978, 0.0012174147414, 0.00152544048615, 0.000876476173289, 0.0004161860561, 0.000271292519756, 0, 0.000750476378016, 0.00147020118311, 0.000818065891508, 0.00226101302542, 0.00109822663944, 0.00258317659609, 0.000393070688006, 0.000505637843162, 9.93467619992e-05, 0.00219277036376]
        var: [0.08030423522, 0.0275014601648, 0.00397711014375, 0.00261000148021, 0.00270713120699, 0.00873928517103, 0.0162730198354, 0.0084235612303, 0.0409562438726, 0.0871076509356, 0.0422234423459, 0.0518570952117, 0.0936100929976, 0.0375461429358, 0.063846886158, 0.145142734051, 0.0533269792795, 0.00778306974098, 0.0152163011953, 0.0204721149057, 0.0301778707653, 0.0585694946349, 0.0249556675553, 0.0579015389085, 0.0523513555527, 0.019984677434, 0.0228090919554, 0.011702125892, 0.0208001248538, 0.0588115602732, 0.0813348069787, 0.0476727820933, 0.0255786981434, 0.0202054884285, 0.0121529214084, 0.03157472983]
    chords_histogram: [43.7788009644, 0, 4.60829496384, 0, 7.8341012001, 0, 0, 0, 0, 0, 0, 0, 0, 0, 0, 0, 0, 0, 0, 35.48387146, 4.60829496384, 3.22580647469, 0.460829496384, 0]
    thpcp: [1, 0.512246489525, 0.102724909782, 0.0996883660555, 0.115571476519, 0.241878524423, 0.316372156143, 0.220554530621, 0.277686744928, 0.281722247601, 0.148818835616, 0.11839556694, 0.121811844409, 0.156791344285, 0.298667579889, 0.380473762751, 0.261736303568, 0.186328947544, 0.171999365091, 0.138529390097, 0.323008477688, 0.5017542243, 0.295019507408, 0.0874356403947, 0.0693221986294, 0.0730896666646, 0.147180870175, 0.182733014226, 0.161433562636, 0.415843725204, 0.560145378113, 0.302261531353, 0.225272834301, 0.271599024534, 0.212113425136, 0.637559950352]
    chords_key: "G"
    chords_scale: "major"
    key_key: "G"
    key_scale: "major"
    chords_progression: ["D", "D", "D", "D", "D", "D", "D", "D", "D", "D", "G", "G", "G", "G", "G", "G", "G", "G", "G", "G", "G", "G", "G", "G", "G", "G", "G", "G", "G", "G", "G", "G", "G", "G", "G", "G", "G", "G", "G", "G", "G", "G", "G", "G", "G", "G", "G", "G", "G", "G", "G", "G", "G", "G", "G", "G", "G", "G", "G", "G", "G", "G", "G", "G", "G", "G", "G", "G", "G", "G", "G", "G", "G", "G", "G", "G", "G", "G", "G", "G", "G", "G", "G", "G", "G", "G", "G", "G", "G", "G", "G", "G", "G", "G", "G", "G", "G", "G", "G", "G", "G", "G", "G", "G", "G", "C", "Am", "Am", "Am", "Am", "Am", "Am", "Am", "F", "F", "F", "F", "F", "A", "F", "F", "F", "F", "F", "A", "Dm", "A", "Dm", "Dm", "Dm", "Dm", "Dm", "Dm", "Dm", "Dm", "Dm", "Dm", "Dm", "Dm", "Dm", "Dm", "Dm", "Dm", "Dm", "Dm", "Dm", "Dm", "Dm", "Dm", "Dm", "Dm", "Dm", "Dm", "Dm", "Dm", "Dm", "Dm", "Dm", "Dm", "Dm", "Dm", "Dm", "Dm", "Dm", "Dm", "Dm", "Dm", "Dm", "Dm", "Dm", "Dm", "Dm", "Dm", "Dm", "Dm", "Dm", "Dm", "Dm", "Dm", "Dm", "Dm", "Dm", "Dm", "Dm", "Dm", "Dm", "Dm", "Dm", "Dm", "Dm", "Dm", "Dm", "Dm", "Dm", "Dm", "Dm", "Dm", "Dm", "Dm", "Dm", "Dm", "Dm", "Dm", "A", "A", "A", "A", "A", "A", "A", "A", "A", "A", "A", "A", "A", "A"]
