
metadata:
    version:
        essentia: "1.2.2"
    audio_properties:
        analysis_sample_rate: 44100
        bitrate: 128
        channels: 2
        equal_loudness: 1
        length: 10.0310201645
        replay_gain: -6.11262702942
        downmix: "mix"
    tags:
        track: 9
        year: 0
        album: "Splitted by Mp3Splt v. 2.1"
        artist: "From 001.20 To 001.30"
        comment: "http://mp3splt.sf.net"
        genre: ""
        title: "08 Pulling My Fingers Off.mp3"

highlevel:
    ballroom:
        all:
            ChaChaCha: 0.0854251161218
            Jive: 0.605029046535
            Quickstep: 0.0507138632238
            Rumba-American: 0.0047386623919
            Rumba-International: 0.0681552216411
            Rumba-Misc: 0.0382035523653
            Samba: 0.0699930861592
            Tango: 0.00345456018113
            VienneseWaltz: 0.0576812513173
            Waltz: 0.0166056398302
        probability: 0.605029046535
        value: "Jive"
    culture:
        all:
            non_western: 0.0222233030945
            western: 0.977776706219
        probability: 0.977776706219
        value: "western"
    gender:
        all:
            female: 0.479208767414
            male: 0.520791232586
        probability: 0.520791232586
        value: "male"
    genre_dortmund:
        all:
            alternative: 0.0978317409754
            blues: 0.0141475470737
            electronic: 0.04284882918
            folkcountry: 0.153559401631
            funksoulrnb: 0.00861531961709
            jazz: 0.0190231706947
            pop: 0.164960503578
            raphiphop: 0.00203405879438
            rock: 0.496979415417
        probability: 0.496979415417
        value: "rock"
    genre_electronica:
        all:
            ambient: 0.397365689278
            dnb: 0.0715146735311
            house: 0.0358998402953
            techno: 0.0150421187282
            trance: 0.480177670717
        probability: 0.480177670717
        value: "trance"
    genre_rosamerica:
        all:
            cla: 0.0280671529472
            dan: 0.176327228546
            hip: 0.00384758412838
            jaz: 0.0178020000458
            pop: 0.234683707356
            rhy: 0.0154620241374
            roc: 0.52120000124
            spe: 0.00261029507965
        probability: 0.52120000124
        value: "roc"
    genre_tzanetakis:
        all:
            blu: 0.00095301453257
            cla: 0.00287094758824
            cou: 0.0793640315533
            dis: 0.0246479231864
            hip: 0.00117272464558
            jaz: 0.0259547531605
            met: 0.00615418702364
            pop: 0.0403086170554
            reg: 0.00279602920637
            roc: 0.815777778625
        probability: 0.815777778625
        value: "roc"
    live_studio:
        all:
            live: 0.80063688755
            studio: 0.199363142252
        probability: 0.80063688755
        value: "live"
    mood:
        all:
            Cluster1: 0.526705503464
            Cluster2: 0.170799702406
            Cluster3: 0.161492049694
            Cluster4: 0.101250775158
            Cluster5: 0.0397519543767
        probability: 0.526705503464
        value: "Cluster1"
    mood_acoustic:
        all:
            acoustic: 0.0763725712895
            not_acoustic: 0.923627436161
        probability: 0.923627436161
        value: "not_acoustic"
    mood_aggressive:
        all:
            aggressive: 0.0691522359848
            not_aggressive: 0.930847764015
        probability: 0.930847764015
        value: "not_aggressive"
    mood_electronic:
        all:
            electronic: 0.296603679657
            not_electronic: 0.703396320343
        probability: 0.703396320343
        value: "not_electronic"
    mood_happy:
        all:
            happy: 0.797131359577
            not_happy: 0.202868655324
        probability: 0.797131359577
        value: "happy"
    mood_party:
        all:
            not_party: 0.814201772213
            party: 0.185798242688
        probability: 0.814201772213
        value: "not_party"
    mood_relaxed:
        all:
            not_relaxed: 0.419547766447
            relaxed: 0.580452203751
        probability: 0.580452203751
        value: "relaxed"
    mood_sad:
        all:
            not_sad: 0.397385150194
            sad: 0.602614820004
        probability: 0.602614820004
        value: "sad"
    rhythm:
        all:
            fast: 0.930295944214
            medium: 0.0397407561541
            slow: 0.029963273555
        probability: 0.930295944214
        value: "fast"
    speech_music:
        all:
            music: 0.999960362911
            speech: 3.96590949094e-05
        probability: 0.999960362911
        value: "music"
    timbre:
        all:
            bright: 0.880557894707
            dark: 0.119442127645
        probability: 0.880557894707
        value: "bright"
    voice_instrumental:
        all:
            instrumental: 0.00303101958707
            voice: 0.996968984604
        probability: 0.996968984604
        value: "voice"

lowlevel:
    average_loudness: 0.976315557957
    barkbands_kurtosis:
        dmean: 0.803813755512
        dmean2: 1.26877117157
        dvar: 1.10284507275
        dvar2: 2.00266265869
        max: 11.1444387436
        mean: -0.52203887701
        min: -1.79235732555
        var: 2.73289060593
    barkbands_skewness:
        dmean: 0.438076019287
        dmean2: 0.676515936852
        dvar: 0.124582499266
        dvar2: 0.265247046947
        max: 3.28978800774
        mean: 0.710970818996
        min: -1.15998709202
        var: 0.489270031452
    barkbands_spread:
        dmean: 5.20285415649
        dmean2: 7.62449169159
        dvar: 22.299703598
        dvar2: 43.7104454041
        max: 63.6543922424
        mean: 32.2437438965
        min: 7.92375278473
        var: 85.390045166
    dissonance:
        dmean: 0.0151620069519
        dmean2: 0.0241776723415
        dvar: 0.00017408603162
        dvar2: 0.000465639837785
        max: 0.498424679041
        mean: 0.463746577501
        min: 0.360781490803
        var: 0.000478517002193
    hfc:
        dmean: 2.55257344246
        dmean2: 3.80741024017
        dvar: 10.6861696243
        dvar2: 25.7714920044
        max: 27.223739624
        mean: 7.26262807846
        min: 0.0590597577393
        var: 20.0404586792
    pitch:
        dmean: 607.670532227
        dmean2: 1179.89953613
        dvar: 1418974
        dvar2: 3698247.75
        max: 4009.09082031
        mean: 704.328125
        min: 95.0431060791
        var: 1303020.125
    pitch_instantaneous_confidence:
        dmean: 0.0826757475734
        dmean2: 0.128605112433
        dvar: 0.0044954167679
        dvar2: 0.00952648092061
        max: 0.848788142204
        mean: 0.45117866993
        min: 0.163513898849
        var: 0.0197280254215
    pitch_salience:
        dmean: 0.0700959935784
        dmean2: 0.111572176218
        dvar: 0.00296430219896
        dvar2: 0.00763899693266
        max: 0.789823114872
        mean: 0.583653688431
        min: 0.340538859367
        var: 0.0081931874156
    silence_rate_20dB:
        dmean: 0
        dmean2: 0
        dvar: 0
        dvar2: 0
        max: 1
        mean: 1
        min: 1
        var: 0
    silence_rate_30dB:
        dmean: 0
        dmean2: 0
        dvar: 0
        dvar2: 0
        max: 1
        mean: 1
        min: 1
        var: 0
    silence_rate_60dB:
        dmean: 0.074074074626
        dmean2: 0.146171689034
        dvar: 0.0685872882605
        dvar2: 0.161928623915
        max: 1
        mean: 0.127020791173
        min: 0
        var: 0.110886782408
    spectral_centroid:
        dmean: 261.123718262
        dmean2: 401.622070312
        dvar: 57252.9609375
        dvar2: 123321.492188
        max: 3433.99853516
        mean: 1271.80603027
        min: 352.851318359
        var: 205164.734375
    spectral_complexity:
        dmean: 4.22737836838
        dmean2: 6.33255815506
        dvar: 21.5353450775
        dvar2: 46.6219520569
        max: 42
        mean: 14.0972223282
        min: 0
        var: 46.5090789795
    spectral_crest:
        dmean: 2.5799202919
        dmean2: 4.13437700272
        dvar: 4.69973278046
        dvar2: 12.6788349152
        max: 20.6969394684
        mean: 9.13950634003
        min: 2.86470651627
        var: 12.9164962769
    spectral_decrease:
        dmean: 4.29303675942e-10
        dmean2: 6.83385903422e-10
        dvar: 2.45742306045e-19
        dvar2: 6.56909567663e-19
        max: -5.41561587242e-12
        mean: -1.31794242186e-09
        min: -4.91869700525e-09
        var: 3.67702565193e-19
    spectral_energy:
        dmean: 0.00181096268352
        dmean2: 0.00283634569496
        dvar: 4.48469518233e-06
        dvar2: 1.19874739539e-05
        max: 0.0206386391073
        mean: 0.00563296023756
        min: 2.57966948993e-05
        var: 6.80286348143e-06
    spectral_energyband_high:
        dmean: 0.000174381464603
        dmean2: 0.000266355549684
        dvar: 6.9314168627e-08
        dvar2: 1.64196165997e-07
        max: 0.00204309239052
        mean: 0.000321469386108
        min: 2.9724342312e-06
        var: 1.19089342832e-07
    spectral_energyband_low:
        dmean: 0.000142586533912
        dmean2: 0.000236739302636
        dvar: 6.69805331199e-08
        dvar2: 1.74789974494e-07
        max: 0.00210345257074
        mean: 0.000196130888071
        min: 9.67639266491e-07
        var: 9.25247647388e-08
    spectral_energyband_middle_high:
        dmean: 0.000661442638375
        dmean2: 0.00101353274658
        dvar: 6.7432989681e-07
        dvar2: 1.57939609835e-06
        max: 0.00774716865271
        mean: 0.00187433417886
        min: 1.58247839863e-05
        var: 1.45154785969e-06
    spectral_energyband_middle_low:
        dmean: 0.00126472453121
        dmean2: 0.00208589248359
        dvar: 1.9954804884e-06
        dvar2: 5.25951872987e-06
        max: 0.0144451800734
        mean: 0.00324097601697
        min: 5.38124550076e-06
        var: 3.27888574247e-06
    spectral_flatness_db:
        dmean: 0.0173657163978
        dmean2: 0.0247550737113
        dvar: 0.000194030028069
        dvar2: 0.000382152706152
        max: 0.244676187634
        mean: 0.15047852695
        min: 0.0796520411968
        var: 0.00101068848744
    spectral_flux:
        dmean: 0.00992573238909
        dmean2: 0.014506181702
        dvar: 0.00010263868171
        dvar2: 0.000196025139303
        max: 0.0993987396359
        mean: 0.0399680547416
        min: 0.00507904449478
        var: 0.000232035949011
    spectral_kurtosis:
        dmean: 1.14208650589
        dmean2: 1.73138678074
        dvar: 1.54700410366
        dvar2: 3.52258777618
        max: 14.8190250397
        mean: 4.23086738586
        min: -0.846088171005
        var: 6.20257854462
    spectral_rms:
        dmean: 0.000363589730114
        dmean2: 0.000559588894248
        dvar: 1.35673602131e-07
        dvar2: 3.51452854375e-07
        max: 0.00448723277077
        mean: 0.00228457036428
        min: 0.000158642709721
        var: 2.76311624248e-07
    spectral_rolloff:
        dmean: 445.402435303
        dmean2: 686.808837891
        dvar: 268816.59375
        dvar2: 543809.25
        max: 6632.2265625
        mean: 2802.60595703
        min: 344.53125
        var: 794838.375
    spectral_skewness:
        dmean: 0.173006638885
        dmean2: 0.257694661617
        dvar: 0.02992147021
        dvar2: 0.060062199831
        max: 2.89753675461
        mean: 1.58158254623
        min: 0.237568765879
        var: 0.152493849397
    spectral_spread:
        dmean: 649854.5625
        dmean2: 906440.625
        dvar: 493279641600
        dvar2: 906869932032
        max: 10767651
        mean: 5371990.5
        min: 2730753.5
        var: 2.05047267328e+12
    spectral_strongpeak:
        dmean: 0.268350750208
        dmean2: 0.468444436789
        dvar: 0.265730917454
        dvar2: 0.759543299675
        max: 4.49777698517
        mean: 0.47793585062
        min: 0.0101088806987
        var: 0.232743382454
    zerocrossingrate:
        dmean: 0.00917991437018
        dmean2: 0.01032430958
        dvar: 6.63063037791e-05
        dvar2: 7.37506197765e-05
        max: 0.19091796875
        mean: 0.0799436196685
        min: 0.021484375
        var: 0.000482270377688
    barkbands:
        dmean: [3.37145706908e-07, 3.63876279152e-05, 0.0001276643452, 0.000233179292991, 0.000877100101206, 0.00018762871332, 0.000360500620445, 9.9951386801e-05, 8.35506725707e-05, 5.92204960412e-05, 4.77513203805e-05, 6.69223882142e-05, 4.72710853501e-05, 7.25222853362e-05, 4.71399798698e-05, 9.87206585705e-05, 0.000100712757558, 0.000317470316077, 0.000170639250427, 0.000129121748614, 8.07924225228e-05, 2.65217458946e-05, 7.63150092098e-06, 4.59863849755e-06, 2.08845403904e-06, 2.07299464705e-07, 6.27078389215e-10]
        dmean2: [3.66474353086e-07, 5.52448982489e-05, 0.000224552350119, 0.000415833783336, 0.0014597120462, 0.0002873839112, 0.000489098194521, 0.000165369798196, 0.000133396912133, 9.65228609857e-05, 7.85690936027e-05, 0.000105903993244, 7.89665646153e-05, 0.000111155124614, 7.58130481699e-05, 0.000161719653988, 0.000166365047335, 0.000520660425536, 0.000267784926109, 0.000203983028769, 0.000133593333885, 3.87789950764e-05, 1.04776818262e-05, 6.115222277e-06, 2.45932324106e-06, 3.001687503e-07, 1.00341113196e-09]
        dvar: [4.94236726198e-12, 5.18848519704e-09, 6.35235437585e-08, 1.39729664284e-07, 1.25146425489e-06, 1.03725170675e-07, 2.8694807952e-07, 3.31627809658e-08, 1.36439153309e-08, 8.37268920861e-09, 9.18082143642e-09, 9.1809333469e-09, 9.09834430018e-09, 1.0842341247e-08, 3.83181042451e-09, 1.31460051733e-08, 1.75381789091e-08, 1.42893071597e-07, 4.74906336478e-08, 3.48610136314e-08, 2.34494237361e-08, 1.85522441853e-09, 2.62924043648e-10, 1.70653144393e-10, 2.97088256773e-11, 1.12331239417e-13, 3.84362665154e-18]
        dvar2: [4.99080724664e-12, 1.20618226518e-08, 1.78148553687e-07, 4.26245946983e-07, 3.40932956533e-06, 2.07752492543e-07, 4.79270738651e-07, 7.98918762257e-08, 3.69692578772e-08, 2.37690187532e-08, 2.32666561573e-08, 2.27530705388e-08, 2.53139145201e-08, 2.33747154965e-08, 8.80578099327e-09, 3.18809973976e-08, 4.18882208919e-08, 3.8642579625e-07, 1.14057201017e-07, 8.0567346572e-08, 6.287098131e-08, 3.65547569992e-09, 4.36871649967e-10, 1.98725189082e-10, 2.86545006473e-11, 2.52923197793e-13, 4.60242672439e-18]
        max: [4.58261783933e-05, 0.000455218571005, 0.00172310194466, 0.00257417210378, 0.0111385984346, 0.00429857522249, 0.00634199753404, 0.00185331515968, 0.000998711679131, 0.000901737599634, 0.000922605919186, 0.00107751996256, 0.00124418840278, 0.00206500245258, 0.000544254959095, 0.00107913382817, 0.000968217500485, 0.00467945868149, 0.0018379597459, 0.00166101369541, 0.0013587679714, 0.0006246145349, 0.000251573481364, 0.000243163318373, 0.000107186671812, 2.75875163425e-06, 3.87044636341e-08]
        mean: [7.75704791067e-07, 4.4486256229e-05, 0.00015092427202, 0.000327123183524, 0.0014316951856, 0.00037329675979, 0.000788451812696, 0.000174660905031, 0.000131819033413, 9.24199848669e-05, 7.45973520679e-05, 0.000109429383883, 7.2952658229e-05, 0.000134769186843, 8.77222919371e-05, 0.000170050567249, 0.000163128221175, 0.000614939257503, 0.000283973378828, 0.000220626985538, 0.0001130925084, 4.50075058325e-05, 1.36944290716e-05, 8.96156325325e-06, 4.08408277508e-06, 2.82875049606e-07, 7.10479453048e-10]
        min: [1.17568637117e-11, 5.31499075862e-08, 4.65416206907e-07, 6.35180185782e-07, 7.2626318115e-07, 1.97948537561e-07, 2.37069279763e-08, 1.58750924584e-06, 2.15440832108e-06, 8.55298267766e-08, 4.64898676e-07, 4.73033907156e-07, 3.05144681079e-07, 3.8527923607e-07, 2.62713342636e-06, 1.26767622532e-06, 2.21490290642e-06, 3.93642903873e-06, 3.44024147125e-06, 1.44812418057e-06, 1.28109377329e-06, 3.94850331986e-07, 1.41477130455e-07, 7.08091860702e-08, 4.42568861558e-08, 6.56172893798e-09, 1.81372744514e-12]
        var: [5.38261058988e-12, 6.223163318e-09, 7.80065718686e-08, 1.71128647253e-07, 1.51021549755e-06, 3.15230465731e-07, 1.16609726319e-06, 7.60628253715e-08, 2.00948200302e-08, 1.48267123024e-08, 1.450848508e-08, 1.96745677528e-08, 1.32397461883e-08, 4.01761006685e-08, 7.98651544898e-09, 2.36244392937e-08, 2.36786004137e-08, 2.83251267774e-07, 7.06587286459e-08, 5.32245181262e-08, 2.19200089191e-08, 4.59914595297e-09, 8.89814166793e-10, 6.36439567714e-10, 1.51292936512e-10, 1.55295738834e-13, 3.98070867701e-18]
    mfcc:
        mean: [-694.640258789, 109.039344788, -42.0743331909, 47.9028282166, -11.8419685364, -14.275891304, -11.4132270813, -11.278637886, -17.5969982147, -10.2410144806, -6.32376289368, -4.72963380814, -9.3633184433]
        cov: [[1213.26062012, -528.661376953, 145.269302368, 17.8291282654, -56.2168960571, 40.4770622253, -16.863527298, -0.240836367011, 23.1135826111, -0.506758034229, 22.361989975, 8.98305511475, 12.6811704636], [-528.661376953, 661.337097168, -302.859222412, -7.09183120728, -31.6619243622, -95.0379943848, 15.6978178024, 27.6539134979, -53.5156478882, 17.694316864, -28.0917720795, 15.5121059418, -12.4470930099], [145.269302368, -302.859222412, 410.819763184, 20.306974411, 56.0100822449, 119.325508118, 50.0298919678, 16.2083187103, 69.4371414185, -3.94809007645, 36.48985672, 4.92351770401, 14.3022451401], [17.8291282654, -7.09183120728, 20.306974411, 162.812606812, 63.9467315674, 48.572845459, 23.0249252319, 0.0344152152538, 35.574798584, 32.9770622253, 23.6025714874, 11.1958837509, 11.1808328629], [-56.2168960571, -31.6619243622, 56.0100822449, 63.9467315674, 106.848480225, 57.8966331482, 20.33893013, 13.7123918533, 29.5375900269, 24.5754680634, 27.89012146, 13.3251991272, 11.6265144348], [40.4770622253, -95.0379943848, 119.325508118, 48.572845459, 57.8966331482, 147.43838501, 74.8062973022, 25.8136100769, 42.6804656982, 20.1302051544, 37.5098609924, 13.3926792145, 11.6302490234], [-16.863527298, 15.6978178024, 50.0298919678, 23.0249252319, 20.33893013, 74.8062973022, 120.719085693, 43.9267120361, 31.2598628998, 18.1385002136, 26.5973072052, 17.2269954681, 4.45319604874], [-0.240836367011, 27.6539134979, 16.2083187103, 0.0344152152538, 13.7123918533, 25.8136100769, 43.9267120361, 82.9908905029, 32.5579223633, 30.2367839813, 21.1421070099, 24.5910644531, 18.5121517181], [23.1135826111, -53.5156478882, 69.4371414185, 35.574798584, 29.5375900269, 42.6804656982, 31.2598628998, 32.5579223633, 78.775894165, 31.2922058105, 14.1589622498, 11.085931778, 13.5380430222], [-0.506758034229, 17.694316864, -3.94809007645, 32.9770622253, 24.5754680634, 20.1302051544, 18.1385002136, 30.2367839813, 31.2922058105, 83.4135437012, 41.9149971008, 22.469701767, 12.1671619415], [22.361989975, -28.0917720795, 36.48985672, 23.6025714874, 27.89012146, 37.5098609924, 26.5973072052, 21.1421070099, 14.1589622498, 41.9149971008, 76.2009735107, 33.2030982971, 14.4288682938], [8.98305511475, 15.5121059418, 4.92351770401, 11.1958837509, 13.3251991272, 13.3926792145, 17.2269954681, 24.5910644531, 11.085931778, 22.469701767, 33.2030982971, 60.7904510498, 31.1486740112], [12.6811704636, -12.4470930099, 14.3022451401, 11.1808328629, 11.6265144348, 11.6302490234, 4.45319604874, 18.5121517181, 13.5380430222, 12.1671619415, 14.4288682938, 31.1486740112, 60.2736244202]]
        icov: [[0.0015574778663, 0.00159959949087, 0.000372127949959, -0.000854811572935, 0.00167281052563, -8.53632591316e-05, 6.25988395768e-05, -0.000898274651263, 0.000588305585552, -0.000296543264994, 0.000214971179958, -0.000794909487013, 0.000325037748553], [0.00159959949087, 0.0043247975409, 0.0020086762961, -0.00115901511163, 0.00118463032413, 0.00108817662112, -0.00153377745301, -0.00195130379871, 0.00182718015276, -0.000985859893262, 0.00143935985398, -0.00180397939403, 0.000945398584008], [0.000372127949959, 0.0020086762961, 0.00494325067848, 0.00056096346816, -0.000507866556291, -0.00172439683229, -0.000530337623786, -0.000140011135954, -0.00248959474266, 0.00185825733934, -0.00124106789008, 6.05302520853e-05, 2.22537510126e-05], [-0.000854811572935, -0.00115901511163, 0.00056096346816, 0.00976852886379, -0.00525390217081, -0.00108455552254, -0.000787460769061, 0.00397963589057, -0.00341890985146, -0.00157608150039, -0.000372375827283, 0.000524812901858, -0.0010420618346], [0.00167281052563, 0.00118463032413, -0.000507866556291, -0.00525390217081, 0.0170138813555, -0.0045500965789, 0.00267500174232, -0.00201251124963, -0.000292549433652, -0.000756666588131, -0.0016424250789, -0.00106745597441, 0.000167636506376], [-8.53632591316e-05, 0.00108817662112, -0.00172439683229, -0.00108455552254, -0.0045500965789, 0.015711273998, -0.00788357108831, 0.000622028310318, -0.000956030155066, 0.000491713755764, -0.00242150714621, 0.00138443463948, -0.000929757137783], [6.25988395768e-05, -0.00153377745301, -0.000530337623786, -0.000787460769061, 0.00267500174232, -0.00788357108831, 0.0159651245922, -0.00556684983894, -0.00164335838053, 0.00176398130134, -0.00183279556222, -0.00121266173664, 0.00255589839071], [-0.000898274651263, -0.00195130379871, -0.000140011135954, 0.00397963589057, -0.00201251124963, 0.000622028310318, -0.00556684983894, 0.0211571715772, -0.00652720034122, -0.00343861454166, -0.000323328800732, -0.0024811278563, -0.00321778538637], [0.000588305585552, 0.00182718015276, -0.00248959474266, -0.00341890985146, -0.000292549433652, -0.000956030155066, -0.00164335838053, -0.00652720034122, 0.0237303189933, -0.00772006623447, 0.00598762230948, -0.000528887321707, -0.00108612352051], [-0.000296543264994, -0.000985859893262, 0.00185825733934, -0.00157608150039, -0.000756666588131, 0.000491713755764, 0.00176398130134, -0.00343861454166, -0.00772006623447, 0.0223231464624, -0.0114949988201, 0.000649248540867, 0.000331079383614], [0.000214971179958, 0.00143935985398, -0.00124106789008, -0.000372375827283, -0.0016424250789, -0.00242150714621, -0.00183279556222, -0.000323328800732, 0.00598762230948, -0.0114949988201, 0.026445120573, -0.0109723862261, 0.00194964115508], [-0.000794909487013, -0.00180397939403, 6.05302520853e-05, 0.000524812901858, -0.00106745597441, 0.00138443463948, -0.00121266173664, -0.0024811278563, -0.000528887321707, 0.000649248540867, -0.0109723862261, 0.0305627826601, -0.0127066727728], [0.000325037748553, 0.000945398584008, 2.22537510126e-05, -0.0010420618346, 0.000167636506376, -0.000929757137783, 0.00255589839071, -0.00321778538637, -0.00108612352051, 0.000331079383614, 0.00194964115508, -0.0127066727728, 0.0241294521838]]
    spectral_contrast:
        mean: [-4.63031170739e-07, 1.75700904492e-07, 8.16739742504e-08, 1.34662343498e-07, 2.65409681788e-07, 1.31175269757e-07, -3.14752526265e-07, 2.37902895606e-06, -8.43191855893e-07, 2.4534485874e-06, -1.6032545318e-06, 2.23793364285e-07]
        var: [0.000357767683454, 0.000483198266011, 0.00113969051745, 0.00222189840861, 0.00323820277117, 0.00495476461947, 0.0282728839666, 0.0685873329639, 0.0989782437682, 0.265430986881, 0.556285440922, 0.983750581741]

rhythm:
    beats_loudness:
        dmean: 0.00261115306057
        dmean2: 0.00437184423208
        dvar: 3.37580900123e-06
        dvar2: 1.08234889922e-05
        max: 0.0116887791082
        mean: 0.0061957295984
        min: 0.00248148781247
        var: 4.77342064187e-06
    beats_loudness_bass:
        dmean: 0.0691246539354
        dmean2: 0.110226415098
        dvar: 0.00374982366338
        dvar2: 0.00666685542092
        max: 0.34087896347
        mean: 0.1286816746
        min: 0.0367050506175
        var: 0.00662568304688
    bpm: 130.592712402
    bpm_confidence: 0
    first_peak_bpm: 131
    first_peak_spread: 0
    first_peak_weight: 0.949999988079
    onset_rate: 4.88484716415
    second_peak_bpm: 120
    second_peak_spread: 0
    second_peak_weight: 0.0500000007451
    beats_position: [0.47105550766, 0.930419325829, 1.389783144, 1.84914696217, 2.30851078033, 2.76787471771, 3.22723841667, 3.68660211563, 4.14596557617, 4.60532951355, 5.06469297409, 5.52405691147, 6.02564668655, 6.48514795303, 6.94464826584, 7.40414857864, 7.86364936829, 8.32315063477, 8.78265094757, 9.24215126038, 9.70165252686]
    bpm_estimates: [130.676651001, 130.753097534, 130.634979248, 130.229873657, 130.621643066, 130.706710815, 130.686508179, 130.567184448, 130.626724243, 130.569869995, 130.400177002, 130.358322144, 130.852020264, 130.609786987, 130.521560669, 130.757736206, 130.503479004]
    bpm_intervals: [0.459363818169, 0.459363818169, 0.459363818169, 0.459363818169, 0.459363937378, 0.459363698959, 0.459363698959, 0.459363460541, 0.459363937378, 0.459363460541, 0.459363937378, 0.501589775085, 0.459501266479, 0.459500312805, 0.459500312805, 0.459500789642, 0.459501266479, 0.459500312805, 0.459500312805, 0.459501266479]
    onset_times: [0.0348299331963, 0.232199549675, 0.348299324512, 0.476009070873, 0.696598649025, 0.917188227177, 1.05650794506, 1.14938771725, 1.25387752056, 1.38158726692, 1.83437645435, 2.08979582787, 2.21750569344, 2.32199549675, 2.55419492722, 2.76317453384, 2.99537420273, 3.12308382988, 3.45977330208, 3.70358276367, 4.051882267, 4.27247142792, 4.38857126236, 4.62077093124, 4.841360569, 5.06195020676, 5.25931978226, 5.54956912994, 5.74693870544, 5.92108821869, 6.24616765976, 6.46675729752, 6.71056699753, 6.94276666641, 7.12852621078, 7.40716552734, 7.61614513397, 7.7670750618, 8.08054447174, 8.31274414062, 8.45206356049, 8.54494285583, 8.66104316711, 8.77714252472, 9.25315189362, 9.4853515625, 9.6014509201, 9.71755123138, 9.89170074463]
    rubato_start: []
    rubato_stop: []
    perceptual_tempo: "unknown"

sfx:
    inharmonicity:
        dmean: 0.0408117510378
        dmean2: 0.0708866044879
        dvar: 0.00309524149634
        dvar2: 0.00814842246473
        max: 0.421344399452
        mean: 0.0387593656778
        min: 0
        var: 0.00299103115685
    oddtoevenharmonicenergyratio:
        dmean: 3.10348296165
        dmean2: 5.85977697372
        dvar: 151.700942993
        dvar2: 446.526489258
        max: 144.009613037
        mean: 1.93138587475
        min: 0
        var: 80.4485855103
    pitch_after_max_to_before_max_energy_ratio: 47.0216064453
    pitch_centroid: 221.863739014
    pitch_max_to_total: 0.00231481483206
    pitch_min_to_total: 0.895833313465
    tristimulus:
        dmean: [0.226444557309, 0.233187928796, 0.0958970561624]
        dmean2: [0.388914167881, 0.396511971951, 0.166759774089]
        dvar: [0.0341594517231, 0.0369065888226, 0.0100164366886]
        dvar2: [0.0888285115361, 0.10402238369, 0.0288585256785]
        max: [1, 0.936461567879, 0.766717791557]
        mean: [0.450980305672, 0.409148901701, 0.109792903066]
        min: [0.00788454711437, 0, 0]
        var: [0.0555750206113, 0.0556898191571, 0.0102800056338]

tonal:
    chords_changes_rate: 0.0230414755642
    chords_number_rate: 0.0230414755642
    chords_strength:
        dmean: 0.00890000909567
        dmean2: 0.00827129557729
        dvar: 5.38893509656e-05
        dvar2: 4.72298634122e-05
        max: 0.678421676159
        mean: 0.543474137783
        min: 0.332579523325
        var: 0.00974794011563
    key_strength: 0.742494642735
    tuning_diatonic_strength: 0.574880957603
    tuning_equal_tempered_deviation: 0.0537018738687
    tuning_frequency: 451.586883545
    tuning_nontempered_energy_ratio: 0.707148909569
    hpcp:
        dmean: [0.176420688629, 0.212837412953, 0.15160754323, 0.0841714888811, 0.0702950432897, 0.0926482379436, 0.103526107967, 0.0906847193837, 0.0837262496352, 0.0757944062352, 0.0714934617281, 0.0782957747579, 0.0906355455518, 0.108554877341, 0.155242830515, 0.143684983253, 0.0919476374984, 0.0484547540545, 0.0361096188426, 0.0441286154091, 0.0688372477889, 0.0917031764984, 0.0957782790065, 0.0993210673332, 0.102280430496, 0.0857780650258, 0.102612070739, 0.160415351391, 0.162685856223, 0.160250172019, 0.126577213407, 0.107115000486, 0.0850462540984, 0.0829236060381, 0.143810778856, 0.176775202155]
        dmean2: [0.302906423807, 0.370483696461, 0.279218703508, 0.151218682528, 0.12506172061, 0.15600886941, 0.169988274574, 0.156568467617, 0.130208805203, 0.120208568871, 0.124929927289, 0.138341486454, 0.155059278011, 0.185208767653, 0.270410656929, 0.254055798054, 0.15300552547, 0.0820090770721, 0.0626828446984, 0.0786151736975, 0.112529493868, 0.146180987358, 0.160684838891, 0.164647087455, 0.174662396312, 0.149439901114, 0.169101923704, 0.269865393639, 0.2688177526, 0.26828238368, 0.202423080802, 0.183311954141, 0.152174636722, 0.148049458861, 0.255399495363, 0.298813939095]
        dvar: [0.0445374287665, 0.0603942684829, 0.0610177218914, 0.0243613161147, 0.0206638239324, 0.0239043813199, 0.0222097188234, 0.0192358270288, 0.0181875582784, 0.0159788932651, 0.0168687552214, 0.0260997917503, 0.0246423389763, 0.0329639799893, 0.0474706366658, 0.0370011068881, 0.0155504448339, 0.00990711804479, 0.00679960288107, 0.00591070251539, 0.0104920743033, 0.0130579164252, 0.0256033651531, 0.019128318876, 0.0191277097911, 0.0203081481159, 0.0193639472127, 0.040995400399, 0.032955493778, 0.0275360569358, 0.029751194641, 0.0245447121561, 0.0203534197062, 0.0228033028543, 0.0430183187127, 0.0378562994301]
        dvar2: [0.101058773696, 0.166705831885, 0.175721615553, 0.0712781026959, 0.0547957718372, 0.0593869574368, 0.052726984024, 0.0526588000357, 0.0376888737082, 0.0300922468305, 0.0474898219109, 0.0746530815959, 0.066436342895, 0.0890389755368, 0.130275696516, 0.089645370841, 0.0373840034008, 0.0205862335861, 0.0171934776008, 0.0168213360012, 0.0282939951867, 0.0336250066757, 0.0691903233528, 0.0475559681654, 0.052701022476, 0.0558894388378, 0.0500093586743, 0.109684072435, 0.0791468769312, 0.0763015896082, 0.0735279172659, 0.0655820295215, 0.0541171878576, 0.054882094264, 0.12706540525, 0.0993874818087]
        max: [1, 1, 1, 1, 1, 1, 1, 0.967810511589, 1, 1, 0.978811919689, 1, 1, 1, 1, 1, 1, 1, 0.670234203339, 0.501970052719, 0.688695907593, 0.839249908924, 1, 1, 1, 0.996461212635, 1, 1, 1, 1, 1, 0.959596097469, 0.864139199257, 1, 1, 1]
        mean: [0.5175973773, 0.308614820242, 0.115545429289, 0.0709659010172, 0.0737743452191, 0.145497456193, 0.163918688893, 0.106653466821, 0.119083859026, 0.138577029109, 0.098577067256, 0.085207760334, 0.103871412575, 0.120519250631, 0.214094221592, 0.266139179468, 0.143898114562, 0.0451782271266, 0.0344538241625, 0.0470049753785, 0.093444660306, 0.12387213856, 0.109429828823, 0.123440824449, 0.128705963492, 0.0936122909188, 0.152759745717, 0.319764882326, 0.305915683508, 0.228582859039, 0.235819622874, 0.148264169693, 0.0777174010873, 0.0872864872217, 0.15120883286, 0.380634427071]
        min: [0.00251497724093, 0.00204858672805, 0.000586444803048, 0.000712311535608, 0.00178702815901, 0.00390352052636, 0.00376894581132, 0.00160778721329, 0.00099666393362, 0.00101233622991, 0.000970103719737, 0.00566744571552, 0.00388887710869, 0.00193568423856, 0.00461904332042, 0.00387168955058, 0.00498129567131, 0.000646537693683, 0.000369022920495, 0.000701964541804, 0.00395870860666, 0.00558426929638, 0.00469440128654, 0.00325398682617, 0.00548927485943, 0.00128815229982, 0.00359540455975, 0.00330980098806, 0.00463285669684, 0.00371679593809, 0.00152739800978, 0.00230137608014, 0.00182152586058, 0.00152925692964, 0.00204878742807, 0.0015114126727]
        var: [0.158844977617, 0.0729288384318, 0.0427648760378, 0.0165465567261, 0.0166945625097, 0.0448049455881, 0.0467255264521, 0.0192535016686, 0.0401335284114, 0.0597211010754, 0.0238650254905, 0.0168475490063, 0.0205379966646, 0.0305596515536, 0.0706722214818, 0.0851221755147, 0.0287625472993, 0.0091787436977, 0.00536464108154, 0.00488656945527, 0.011886484921, 0.0178760644048, 0.0235061794519, 0.025499323383, 0.0199142564088, 0.0161990858614, 0.0275554340333, 0.110573381186, 0.0910988003016, 0.0438739433885, 0.0757112801075, 0.0318395867944, 0.0155040156096, 0.0214397646487, 0.0458097159863, 0.104207746685]
    chords_histogram: [46.5437774658, 11.9815664291, 0, 0, 0, 0, 0, 0, 4.14746522903, 0, 0, 0, 0, 0, 0, 0, 0, 0, 0, 0, 0, 0, 31.7972354889, 5.5299539566]
    thpcp: [1, 0.596244931221, 0.223234191537, 0.137106373906, 0.142532303929, 0.281101614237, 0.316691488028, 0.206054881215, 0.230070441961, 0.267731308937, 0.19045124948, 0.164621695876, 0.200679942966, 0.232843622565, 0.41363081336, 0.514181852341, 0.278011679649, 0.0872844979167, 0.0665649101138, 0.0908137783408, 0.180535420775, 0.239321425557, 0.211418822408, 0.238488122821, 0.248660385609, 0.180859282613, 0.295132368803, 0.617786884308, 0.591030180454, 0.441622912884, 0.455604374409, 0.286446899176, 0.150150299072, 0.168637812138, 0.292136013508, 0.735387086868]
    chords_key: "D"
    chords_scale: "major"
    key_key: "D"
    key_scale: "major"
    chords_progression: ["G", "G", "G", "G", "G", "G", "G", "G", "G", "G", "G", "G", "D", "D", "D", "D", "D", "D", "D", "D", "D", "D", "D", "D", "D", "D", "D", "D", "D", "D", "D", "D", "D", "D", "D", "D", "D", "D", "D", "D", "D", "D", "D", "D", "D", "D", "D", "D", "D", "D", "D", "D", "D", "D", "D", "D", "D", "D", "D", "D", "D", "D", "D", "D", "D", "D", "D", "D", "D", "D", "D", "D", "D", "D", "D", "D", "D", "D", "D", "D", "D", "D", "D", "D", "D", "D", "D", "D", "D", "D", "D", "D", "D", "D", "D", "D", "D", "D", "D", "D", "D", "D", "D", "D", "D", "D", "D", "D", "D", "D", "D", "D", "D", "F#", "F#", "F#", "F#", "F#", "F#", "F#", "F#", "F#", "G", "G", "G", "G", "G", "G", "G", "G", "G", "G", "G", "G", "G", "G", "G", "G", "G", "G", "G", "G", "G", "G", "G", "G", "G", "G", "G", "G", "G", "G", "G", "G", "G", "G", "G", "G", "G", "G", "G", "G", "G", "G", "G", "G", "G", "G", "G", "G", "G", "G", "G", "G", "G", "G", "G", "G", "G", "Bm", "Bm", "Bm", "Bm", "Bm", "Bm", "Bm", "Bm", "Bm", "Bm", "Bm", "Bm", "F#m", "F#m", "F#m", "F#m", "F#m", "F#m", "F#m", "F#m", "F#m", "F#m", "F#m", "F#m", "F#m", "F#m", "F#m", "F#m", "F#m", "F#m", "F#m", "F#m", "F#m", "F#m", "F#m", "F#m", "F#m", "F#m"]
