
metadata:
    version:
        essentia: "1.2.2"
    audio_properties:
        analysis_sample_rate: 44100
        bitrate: 128
        channels: 2
        equal_loudness: 1
        length: 10.0310201645
        replay_gain: -14.9024715424
        downmix: "mix"
    tags:
        track: 6
        year: 0
        album: "Splitted by Mp3Splt v. 2.1"
        artist: "From 000.50 To 001.00"
        comment: "http://mp3splt.sf.net"
        genre: ""
        title: "04 Somebody Told Me.mp3"

highlevel:
    ballroom:
        all:
            ChaChaCha: 0.0665406286716
            Jive: 0.580316007137
            Quickstep: 0.0176719389856
            Rumba-American: 0.00134295446333
            Rumba-International: 0.00454535149038
            Rumba-Misc: 0.00249772774987
            Samba: 0.312018811703
            Tango: 0.0015795067884
            VienneseWaltz: 0.0117614725605
            Waltz: 0.00172558240592
        probability: 0.580316007137
        value: "Jive"
    culture:
        all:
            non_western: 0.0717616975307
            western: 0.928238272667
        probability: 0.928238272667
        value: "western"
    gender:
        all:
            female: 0.371259093285
            male: 0.628740906715
        probability: 0.628740906715
        value: "male"
    genre_dortmund:
        all:
            alternative: 0.0847576037049
            blues: 0.0135447094217
            electronic: 0.0168256144971
            folkcountry: 0.0180889181793
            funksoulrnb: 0.00438393745571
            jazz: 0.0224463883787
            pop: 0.0296786688268
            raphiphop: 0.00876297708601
            rock: 0.80151116848
        probability: 0.80151116848
        value: "rock"
    genre_electronica:
        all:
            ambient: 0.0823725312948
            dnb: 0.335460931063
            house: 0.00287557509728
            techno: 0.0201358925551
            trance: 0.55915504694
        probability: 0.55915504694
        value: "trance"
    genre_rosamerica:
        all:
            cla: 0.00463797384873
            dan: 0.0109248962253
            hip: 0.00432894425467
            jaz: 0.00786660611629
            pop: 0.0166956111789
            rhy: 0.00474294228479
            roc: 0.949858486652
            spe: 0.000944526051171
        probability: 0.949858486652
        value: "roc"
    genre_tzanetakis:
        all:
            blu: 0.0191946905106
            cla: 0.0152891501784
            cou: 0.304430991411
            dis: 0.0687952265143
            hip: 0.0400614477694
            jaz: 0.179588362575
            met: 0.0583796389401
            pop: 0.0856536179781
            reg: 0.0326034240425
            roc: 0.196003437042
        probability: 0.304430991411
        value: "cou"
    live_studio:
        all:
            live: 0.158933162689
            studio: 0.841066837311
        probability: 0.841066837311
        value: "studio"
    mood:
        all:
            Cluster1: 0.472601026297
            Cluster2: 0.051062785089
            Cluster3: 0.0145542146638
            Cluster4: 0.0383622907102
            Cluster5: 0.423419684172
        probability: 0.472601026297
        value: "Cluster1"
    mood_acoustic:
        all:
            acoustic: 0.00857104733586
            not_acoustic: 0.991428971291
        probability: 0.991428971291
        value: "not_acoustic"
    mood_aggressive:
        all:
            aggressive: 0.98459905386
            not_aggressive: 0.0154009265825
        probability: 0.98459905386
        value: "aggressive"
    mood_electronic:
        all:
            electronic: 0.66104632616
            not_electronic: 0.33895367384
        probability: 0.66104632616
        value: "electronic"
    mood_happy:
        all:
            happy: 0.874553143978
            not_happy: 0.125446841121
        probability: 0.874553143978
        value: "happy"
    mood_party:
        all:
            not_party: 0.328722208738
            party: 0.671277821064
        probability: 0.671277821064
        value: "party"
    mood_relaxed:
        all:
            not_relaxed: 0.309603512287
            relaxed: 0.690396487713
        probability: 0.690396487713
        value: "relaxed"
    mood_sad:
        all:
            not_sad: 0.905878245831
            sad: 0.0941217541695
        probability: 0.905878245831
        value: "not_sad"
    rhythm:
        all:
            fast: 0.81698435545
            medium: 0.172106236219
            slow: 0.0109094204381
        probability: 0.81698435545
        value: "fast"
    speech_music:
        all:
            music: 0.999810755253
            speech: 0.000189243044588
        probability: 0.999810755253
        value: "music"
    timbre:
        all:
            bright: 0.106762871146
            dark: 0.893237113953
        probability: 0.893237113953
        value: "dark"
    voice_instrumental:
        all:
            instrumental: 0.118908248842
            voice: 0.88109177351
        probability: 0.88109177351
        value: "voice"

lowlevel:
    average_loudness: 0.984915912151
    barkbands_kurtosis:
        dmean: 0.406325399876
        dmean2: 0.699880540371
        dvar: 0.208702027798
        dvar2: 0.589772701263
        max: 1.38180160522
        mean: -1.19579315186
        min: -1.83697521687
        var: 0.2455817312
    barkbands_skewness:
        dmean: 0.395158052444
        dmean2: 0.649182260036
        dvar: 0.120006203651
        dvar2: 0.349043756723
        max: 1.57532298565
        mean: 0.136095121503
        min: -1.28858709335
        var: 0.292319715023
    barkbands_spread:
        dmean: 5.15825033188
        dmean2: 8.2458782196
        dvar: 20.0266609192
        dvar2: 50.4074211121
        max: 63.18334198
        mean: 37.7695350647
        min: 16.9911518097
        var: 63.9274864197
    dissonance:
        dmean: 0.0147660216317
        dmean2: 0.0249073002487
        dvar: 0.000164351222338
        dvar2: 0.000399040611228
        max: 0.499281406403
        mean: 0.473043441772
        min: 0.337703466415
        var: 0.000338034587912
    hfc:
        dmean: 2.54695057869
        dmean2: 4.0165438652
        dvar: 14.9226388931
        dvar2: 38.0927047729
        max: 47.5192070007
        mean: 8.53357601166
        min: 2.41881025431e-06
        var: 22.7054958344
    pitch:
        dmean: 683.176757812
        dmean2: 1317.35217285
        dvar: 1360816
        dvar2: 3202659.25
        max: 4410
        mean: 1085.44189453
        min: 88.9112930298
        var: 1954883
    pitch_instantaneous_confidence:
        dmean: 0.0967869088054
        dmean2: 0.160144045949
        dvar: 0.00616962648928
        dvar2: 0.0163523629308
        max: 0.72791159153
        mean: 0.393343597651
        min: 0.159593403339
        var: 0.0161338187754
    pitch_salience:
        dmean: 0.070264428854
        dmean2: 0.11932952702
        dvar: 0.00385496322997
        dvar2: 0.0106411743909
        max: 0.928527653217
        mean: 0.591032266617
        min: 0.351005107164
        var: 0.00643987115473
    silence_rate_20dB:
        dmean: 0
        dmean2: 0
        dvar: 0
        dvar2: 0
        max: 1
        mean: 1
        min: 1
        var: 0
    silence_rate_30dB:
        dmean: 0
        dmean2: 0
        dvar: 0
        dvar2: 0
        max: 1
        mean: 1
        min: 1
        var: 0
    silence_rate_60dB:
        dmean: 0.0833333358169
        dmean2: 0.164733171463
        dvar: 0.0763890594244
        dvar2: 0.170079261065
        max: 1
        mean: 0.0831408798695
        min: 0
        var: 0.0762283429503
    spectral_centroid:
        dmean: 275.184539795
        dmean2: 455.852478027
        dvar: 61239.6328125
        dvar2: 178216.40625
        max: 2993.5324707
        mean: 1474.80541992
        min: 640.813903809
        var: 145889.984375
    spectral_complexity:
        dmean: 4.08352661133
        dmean2: 6.49534893036
        dvar: 18.6055812836
        dvar2: 40.0825462341
        max: 39
        mean: 16.7222213745
        min: 0
        var: 42.4274711609
    spectral_crest:
        dmean: 2.07218122482
        dmean2: 3.48802757263
        dvar: 3.91628837585
        dvar2: 10.5724458694
        max: 18.4316234589
        mean: 6.52115869522
        min: 2.59684538841
        var: 7.13961172104
    spectral_decrease:
        dmean: 3.30076938004e-10
        dmean2: 5.14883580216e-10
        dvar: 1.38625634969e-19
        dvar2: 3.13807741629e-19
        max: -8.15450688541e-16
        mean: -1.2946389516e-09
        min: -3.54622886611e-09
        var: 2.47738241165e-19
    spectral_energy:
        dmean: 0.0014109830372
        dmean2: 0.00219466513954
        dvar: 2.81080633613e-06
        dvar2: 6.32136561762e-06
        max: 0.0174559224397
        mean: 0.00566028384492
        min: 3.29708793601e-09
        var: 4.98060626342e-06
    spectral_energyband_high:
        dmean: 0.000157393224072
        dmean2: 0.000256042229012
        dvar: 8.73394796486e-08
        dvar2: 2.12314759551e-07
        max: 0.00453163171187
        mean: 0.000325715780491
        min: 1.58614822665e-11
        var: 1.83307577117e-07
    spectral_energyband_low:
        dmean: 0.000578239560127
        dmean2: 0.000992363668047
        dvar: 5.33193713181e-07
        dvar2: 1.53724101892e-06
        max: 0.00542088225484
        mean: 0.000935591058806
        min: 4.20616236285e-10
        var: 5.47190836642e-07
    spectral_energyband_middle_high:
        dmean: 0.000753994565457
        dmean2: 0.00118373602163
        dvar: 9.96587459667e-07
        dvar2: 2.52462700701e-06
        max: 0.0110548064113
        mean: 0.00258483854122
        min: 9.38910282855e-10
        var: 2.00334557121e-06
    spectral_energyband_middle_low:
        dmean: 0.000724314770196
        dmean2: 0.00114879966713
        dvar: 8.05944296189e-07
        dvar2: 2.10452822103e-06
        max: 0.00813891366124
        mean: 0.00181412894744
        min: 1.83399573306e-09
        var: 1.19604203519e-06
    spectral_flatness_db:
        dmean: 0.0125333769247
        dmean2: 0.0201171990484
        dvar: 0.000123890582472
        dvar2: 0.000291904259939
        max: 0.190695017576
        mean: 0.136279568076
        min: 0.0670200064778
        var: 0.000419568532379
    spectral_flux:
        dmean: 0.00884937960654
        dmean2: 0.0124537767842
        dvar: 7.52054256736e-05
        dvar2: 0.00013043502986
        max: 0.0990773811936
        mean: 0.0449426583946
        min: 5.74202749704e-05
        var: 0.000210648300708
    spectral_kurtosis:
        dmean: 1.06520748138
        dmean2: 1.73617458344
        dvar: 1.23343932629
        dvar2: 3.28863883018
        max: 17.0788497925
        mean: 4.01854467392
        min: 0.550241231918
        var: 3.4531648159
    spectral_rms:
        dmean: 0.000283346249489
        dmean2: 0.000427651539212
        dvar: 8.78710224583e-08
        dvar2: 1.83000977927e-07
        max: 0.00412676250562
        mean: 0.00230619800277
        min: 1.79350809049e-06
        var: 2.03677615218e-07
    spectral_rolloff:
        dmean: 358.470062256
        dmean2: 618.152832031
        dvar: 108615.304688
        dvar2: 283718.96875
        max: 4758.83789062
        mean: 3052.78222656
        min: 1248.92578125
        var: 256996.5625
    spectral_skewness:
        dmean: 0.15855628252
        dmean2: 0.257728993893
        dvar: 0.0247997269034
        dvar2: 0.0587383657694
        max: 3.45940446854
        mean: 1.43047964573
        min: 0.642331421375
        var: 0.0676305145025
    spectral_spread:
        dmean: 415979.3125
        dmean2: 601627.4375
        dvar: 330926850048
        dvar2: 510909775872
        max: 11709006
        mean: 4489428
        min: 2515059
        var: 1.14787247718e+12
    spectral_strongpeak:
        dmean: 0.466512858868
        dmean2: 0.834294319153
        dvar: 0.569718599319
        dvar2: 1.48499190807
        max: 4.66022443771
        mean: 0.549254953861
        min: 0
        var: 0.620938539505
    zerocrossingrate:
        dmean: 0.00761310895905
        dmean2: 0.0100620007142
        dvar: 4.82181349071e-05
        dvar2: 9.1438756499e-05
        max: 0.16064453125
        mean: 0.087673611939
        min: 0.04638671875
        var: 0.000261687062448
    barkbands:
        dmean: [3.71051356751e-07, 0.000168121376191, 0.000475028005894, 0.000272002100246, 0.00023685573251, 0.000128725820105, 0.000242275826167, 0.000181107126991, 0.000102325786429, 5.70702795812e-05, 5.8279834775e-05, 7.12013061275e-05, 0.000103503472928, 0.000106596096884, 0.000125072067021, 0.000152834618348, 0.000224224757403, 0.000199088011868, 0.000230354373343, 0.000174017055542, 6.73225003993e-05, 1.89121910807e-05, 5.11193547936e-06, 2.01379702958e-06, 8.42062149786e-07, 2.68831286121e-08, 1.52809376264e-09]
        dmean2: [5.96622840021e-07, 0.000283338304143, 0.000819680455606, 0.000472174026072, 0.000392723683035, 0.00020988448523, 0.000395015260438, 0.00028818345163, 0.000157840608153, 9.08198853722e-05, 8.34032034618e-05, 0.000111194829515, 0.000161458840012, 0.000167999140103, 0.000199371250346, 0.000240690424107, 0.000357070239261, 0.000336348515702, 0.000385852355976, 0.00028968922561, 0.00011030787573, 2.95764093607e-05, 8.01591158961e-06, 2.98655504594e-06, 1.25331541767e-06, 4.32574900344e-08, 1.75668235514e-09]
        dvar: [4.76170264243e-13, 8.08212377024e-08, 3.02522835227e-07, 1.36611575385e-07, 1.28166746549e-07, 7.29517211084e-08, 1.71922621917e-07, 1.42442061701e-07, 2.45321079007e-08, 2.41977051729e-08, 1.01739896508e-08, 1.39451641346e-08, 2.85625034735e-08, 2.85307457659e-08, 4.82476387731e-08, 7.55885878334e-08, 7.90149385921e-08, 5.25574144206e-08, 1.08468526605e-07, 1.12489594528e-07, 1.21824665911e-08, 1.37458067151e-09, 7.09125744236e-11, 1.44299355451e-11, 2.78226183412e-12, 2.8717413291e-15, 6.49091723635e-16]
        dvar2: [8.37936491027e-13, 2.01140224476e-07, 9.05562387743e-07, 3.98641617494e-07, 3.31085885819e-07, 1.88745019614e-07, 4.95778181175e-07, 3.3624243656e-07, 5.88625148623e-08, 5.6184990882e-08, 2.11868247391e-08, 3.33802212538e-08, 6.21390014999e-08, 7.11919057039e-08, 1.09946185489e-07, 1.9617347391e-07, 2.04028765438e-07, 1.41452190405e-07, 2.86146956796e-07, 2.68670589776e-07, 3.21224291611e-08, 3.34317529216e-09, 1.63580302082e-10, 3.47371159615e-11, 6.76012110873e-12, 6.59053635776e-15, 6.5118797136e-16]
        max: [1.06159595816e-05, 0.00184545328375, 0.00364363170229, 0.00355600262992, 0.00350521574728, 0.00304851075634, 0.00374127272516, 0.00455252220854, 0.00141898565926, 0.00194133108016, 0.00173008290585, 0.00130182888824, 0.00183830410242, 0.00153760705143, 0.00225908192806, 0.00358491693623, 0.00267668743618, 0.00175988220144, 0.00367471668869, 0.00422691181302, 0.00128313165624, 0.000409548112657, 9.19733793125e-05, 4.35539877799e-05, 2.00100366783e-05, 6.4096332153e-07, 5.30313855052e-07]
        mean: [5.09374956437e-07, 0.000188992824405, 0.00074610626325, 0.000450370571343, 0.000349618814653, 0.000167744248756, 0.000342537241522, 0.000333100673743, 0.000153813321958, 7.99292101874e-05, 0.000101830773929, 0.000130362052005, 0.000175050052349, 0.000173350883415, 0.000223979572183, 0.000261357286945, 0.000435811583884, 0.000405267666792, 0.000462474039523, 0.000290452007903, 0.000132870962261, 3.71096830349e-05, 1.11689523692e-05, 4.64649110654e-06, 1.77610252194e-06, 6.02287144602e-08, 1.59005208999e-09]
        min: [1.73871902986e-10, 2.23679796907e-10, 1.10773931694e-10, 8.69089800126e-11, 1.84869189401e-10, 2.18610046732e-10, 3.04168773502e-10, 4.23109047798e-10, 5.73451286456e-10, 1.58925789195e-10, 1.24596458151e-10, 2.28025071047e-10, 2.41628383968e-10, 1.81695561374e-11, 1.58308956222e-11, 6.2434751813e-11, 8.63692103947e-11, 1.7205117539e-11, 1.81664492477e-11, 1.53430324001e-11, 5.13464704782e-12, 4.43537611153e-12, 5.33884134818e-13, 5.94221232549e-13, 1.63938944342e-13, 7.7281422635e-14, 1.6441495653e-14]
        var: [5.46473510974e-13, 7.55488045456e-08, 3.4689631434e-07, 1.72945973986e-07, 1.35523421818e-07, 7.23108826151e-08, 2.54322770843e-07, 3.69924720189e-07, 3.99714110699e-08, 2.61178865202e-08, 3.18969384239e-08, 3.49546844802e-08, 7.56241647082e-08, 5.40760964896e-08, 8.33599642647e-08, 1.16221144708e-07, 1.54839298716e-07, 9.30727210857e-08, 1.34869353019e-07, 1.71258690784e-07, 2.44736000354e-08, 2.14775575103e-09, 1.82010587157e-10, 3.15534057216e-11, 4.43976973241e-12, 4.69918674895e-15, 6.48770645208e-16]
    mfcc:
        mean: [-685.593078613, 111.157814026, -49.5039367676, 56.758731842, -1.97126090527, -3.09804844856, 0.112583018839, 0.376384466887, -0.640951097012, 0.432300984859, 0.122346773744, 1.05970418453, -2.58348584175]
        cov: [[2222.52587891, -427.765106201, 79.8080444336, 19.7210006714, -44.337020874, 59.4195861816, -66.4298934937, -41.3786582947, -20.6712093353, 7.72380399704, -18.227355957, -51.8179016113, -43.8668022156], [-427.765106201, 481.75869751, -249.930267334, 16.4321060181, 78.5324020386, -19.7985286713, 54.4011688232, 12.8680458069, 11.0318050385, 8.22243690491, 27.9172344208, 4.55181646347, -7.10128259659], [79.8080444336, -249.930267334, 316.277923584, 3.48300528526, -57.1639137268, -1.89542627335, -22.6368560791, 1.2097505331, -5.37081766129, -19.4719467163, -11.5762023926, 14.7489156723, 20.3082237244], [19.7210006714, 16.4321060181, 3.48300528526, 116.863853455, 51.9188613892, 2.8996989727, 7.45811033249, -10.8719148636, 16.8129482269, 6.68425750732, -14.3383283615, -16.4093799591, -6.99870109558], [-44.337020874, 78.5324020386, -57.1639137268, 51.9188613892, 105.299797058, 20.2460289001, 1.46646511555, -4.60462379456, 23.2744274139, 23.5516777039, 2.84135127068, -12.5500659943, -11.3468179703], [59.4195861816, -19.7985286713, -1.89542627335, 2.8996989727, 20.2460289001, 84.3749465942, 43.637172699, 6.58012008667, 3.36540460587, 8.82447528839, -1.38252210617, -15.3981523514, -23.1600761414], [-66.4298934937, 54.4011688232, -22.6368560791, 7.45811033249, 1.46646511555, 43.637172699, 118.295959473, 35.1626777649, 1.61374902725, -19.6108665466, -4.9694943428, -2.9646089077, -10.3560228348], [-41.3786582947, 12.8680458069, 1.2097505331, -10.8719148636, -4.60462379456, 6.58012008667, 35.1626777649, 67.6758880615, 14.6086883545, -12.1198835373, 1.14271724224, 10.7447862625, 18.4631309509], [-20.6712093353, 11.0318050385, -5.37081766129, 16.8129482269, 23.2744274139, 3.36540460587, 1.61374902725, 14.6086883545, 52.600227356, 28.3480796814, 7.76184129715, 2.96379685402, 1.47712516785], [7.72380399704, 8.22243690491, -19.4719467163, 6.68425750732, 23.5516777039, 8.82447528839, -19.6108665466, -12.1198835373, 28.3480796814, 72.4473876953, 33.7879371643, -2.46485733986, -11.716668129], [-18.227355957, 27.9172344208, -11.5762023926, -14.3383283615, 2.84135127068, -1.38252210617, -4.9694943428, 1.14271724224, 7.76184129715, 33.7879371643, 52.7581748962, 17.9118099213, 1.67888498306], [-51.8179016113, 4.55181646347, 14.7489156723, -16.4093799591, -12.5500659943, -15.3981523514, -2.9646089077, 10.7447862625, 2.96379685402, -2.46485733986, 17.9118099213, 49.3519325256, 33.5659866333], [-43.8668022156, -7.10128259659, 20.3082237244, -6.99870109558, -11.3468179703, -23.1600761414, -10.3560228348, 18.4631309509, 1.47712516785, -11.716668129, 1.67888498306, 33.5659866333, 66.9420166016]]
        icov: [[0.000605670909863, 0.000726568570826, 0.00045339949429, -0.000330158509314, 0.000181811978109, -0.000374763010768, 0.000291893578833, 3.73828879674e-05, 3.15826655424e-05, 0.000335292628733, -0.000511794583872, 0.000383883714676, 0.000116246330435], [0.000726568570826, 0.00541764730588, 0.00350317847915, -0.000278827123111, -0.00236632092856, 0.00236888299696, -0.00214411155321, 0.000293408083962, -3.46258366335e-06, 0.00170580274425, -0.0030606915243, 5.0272239605e-05, 0.000314957287628], [0.00045339949429, 0.00350317847915, 0.00624289549887, -0.00181723502465, 0.00152165675536, -0.000267329101916, 0.000256567582255, 4.17986666434e-06, -0.000778393761721, 0.00202876958065, -0.00170668354258, -0.0010470332345, -0.000271122320555], [-0.000330158509314, -0.000278827123111, -0.00181723502465, 0.0134543674067, -0.00713569996879, 0.00320982374251, -0.00331816915423, 0.00328069343232, -0.00263389153406, -0.000723803357687, 0.00331286876462, 0.0028215048369, -0.00137157866266], [0.000181811978109, -0.00236632092856, 0.00152165675536, -0.00713569996879, 0.0180838610977, -0.00645462051034, 0.00399467535317, -0.000197270914214, -0.00405979109928, -0.00117380451411, -8.96390815797e-07, 0.00091291469289, -0.000408605119446], [-0.000374763010768, 0.00236888299696, -0.000267329101916, 0.00320982374251, -0.00645462051034, 0.0206037573516, -0.00939208455384, -0.000194665772142, 0.00219469517469, -0.00443336134776, 0.0012653444428, 0.00171572202817, 0.00334095698781], [0.000291893578833, -0.00214411155321, 0.000256567582255, -0.00331816915423, 0.00399467535317, -0.00939208455384, 0.0162907764316, -0.00680856220424, -0.000570135947783, 0.00480332551524, -0.000943653576542, -0.00157434912398, 0.00303121563047], [3.73828879674e-05, 0.000293408083962, 4.17986666434e-06, 0.00328069343232, -0.000197270914214, -0.000194665772142, -0.00680856220424, 0.0238493084908, -0.0103841898963, 0.00665747793391, -0.00378411449492, 0.00257153529674, -0.00713469833136], [3.15826655424e-05, -3.46258366335e-06, -0.000778393761721, -0.00263389153406, -0.00405979109928, 0.00219469517469, -0.000570135947783, -0.0103841898963, 0.0326372310519, -0.0169345270842, 0.00737066566944, -0.00531688984483, 0.00162506860215], [0.000335292628733, 0.00170580274425, 0.00202876958065, -0.000723803357687, -0.00117380451411, -0.00443336134776, 0.00480332551524, 0.00665747793391, -0.0169345270842, 0.0350456424057, -0.0227329526097, 0.00732792261988, 0.000287030241452], [-0.000511794583872, -0.0030606915243, -0.00170668354258, 0.00331286876462, -8.96390815797e-07, 0.0012653444428, -0.000943653576542, -0.00378411449492, 0.00737066566944, -0.0227329526097, 0.0400012508035, -0.0168835688382, 0.00486037880182], [0.000383883714676, 5.0272239605e-05, -0.0010470332345, 0.0028215048369, 0.00091291469289, 0.00171572202817, -0.00157434912398, 0.00257153529674, -0.00531688984483, 0.00732792261988, -0.0168835688382, 0.0411943309009, -0.0181672275066], [0.000116246330435, 0.000314957287628, -0.000271122320555, -0.00137157866266, -0.000408605119446, 0.00334095698781, 0.00303121563047, -0.00713469833136, 0.00162506860215, 0.000287030241452, 0.00486037880182, -0.0181672275066, 0.0275119710714]]
    spectral_contrast:
        mean: [-2.96697379554e-07, 4.04284534739e-08, 3.4838038232e-07, -3.1062194239e-07, -2.88140853399e-07, 2.97919740433e-07, 5.54305961487e-06, -7.36503693588e-07, -2.4288892746e-06, 2.76651098829e-06, -2.56641465057e-06, -5.56723946943e-08]
        var: [0.000271746219369, 0.000559631851502, 0.00145711528603, 0.00273448438384, 0.00340530415997, 0.00434152362868, 0.0319222137332, 0.0640772432089, 0.0859260633588, 0.156331628561, 0.253878653049, 1.0275734663]

rhythm:
    beats_loudness:
        dmean: 0.00159014796373
        dmean2: 0.00296895415522
        dvar: 1.01541843378e-06
        dvar2: 3.46094134329e-06
        max: 0.00908504147083
        mean: 0.00642608571798
        min: 0.00446547148749
        var: 2.10513644561e-06
    beats_loudness_bass:
        dmean: 0.114656589925
        dmean2: 0.206322237849
        dvar: 0.00835741683841
        dvar2: 0.0233442485332
        max: 0.693481862545
        mean: 0.264892905951
        min: 0.125569090247
        var: 0.0130618717521
    bpm: 137.996551514
    bpm_confidence: 0
    first_peak_bpm: 140
    first_peak_spread: 0.38095241785
    first_peak_weight: 0.590909063816
    onset_rate: 4.08732128143
    second_peak_bpm: 160
    second_peak_spread: 0
    second_peak_weight: 0.0454545468092
    beats_position: [0.337291628122, 0.7673432827, 1.19739496708, 1.62744665146, 2.05749845505, 2.48755002022, 2.91760182381, 3.34765338898, 3.77770519257, 4.20775699615, 4.63780832291, 5.0678601265, 5.49791193008, 5.92796373367, 6.30388307571, 6.74110269547, 7.17832136154, 7.61554002762, 8.05275917053, 8.48997783661, 8.92719650269, 9.36441612244, 9.80163478851]
    bpm_estimates: [139.317581177, 139.866775513, 139.371276855, 136.458267212, 137.327529907, 137.670654297, 138.40536499, 136.026397705, 137.525131226]
    bpm_intervals: [0.430051654577, 0.43005168438, 0.43005168438, 0.430051803589, 0.43005156517, 0.430051803589, 0.43005156517, 0.430051803589, 0.430051803589, 0.430051326752, 0.430051803589, 0.430051803589, 0.430051803589, 0.375919342041, 0.437219619751, 0.437218666077, 0.437218666077, 0.437219142914, 0.437218666077, 0.437218666077, 0.437219619751, 0.437218666077]
    onset_times: [0.0580498874187, 0.150929704309, 0.208979591727, 0.429569154978, 0.638548731804, 0.893968224525, 1.07972788811, 1.28870749474, 1.70666670799, 1.93886625767, 2.0549659729, 2.38004541397, 2.75156474113, 2.83283448219, 3.26240372658, 3.65714287758, 3.90095233917, 4.1099319458, 4.33052158356, 4.55111122131, 4.79492044449, 4.95746040344, 5.20126962662, 5.3754196167, 5.64244890213, 5.85142850876, 6.3042178154, 6.54802703857, 6.74539661407, 6.9543762207, 7.11691617966, 7.55809545517, 7.8251247406, 8.01088428497, 8.23147392273, 8.45206356049, 8.67265319824, 8.893242836, 9.34603214264, 9.55501174927, 9.7639913559]
    rubato_start: []
    rubato_stop: []
    perceptual_tempo: "unknown"

sfx:
    inharmonicity:
        dmean: 0.047818955034
        dmean2: 0.0850038230419
        dvar: 0.00247222161852
        dvar2: 0.00679755816236
        max: 0.377741962671
        mean: 0.0548345632851
        min: 0.000936179945711
        var: 0.0026792017743
    oddtoevenharmonicenergyratio:
        dmean: 2.34076857567
        dmean2: 4.38074064255
        dvar: 26.431476593
        dvar2: 77.9869155884
        max: 37.114818573
        mean: 1.53283751011
        min: 0.0024194936268
        var: 15.9060049057
    pitch_after_max_to_before_max_energy_ratio: 39.9659538269
    pitch_centroid: 203.894638062
    pitch_max_to_total: 0.0115740736946
    pitch_min_to_total: 0.662037014961
    tristimulus:
        dmean: [0.201808527112, 0.258068323135, 0.142686828971]
        dmean2: [0.352577328682, 0.445272147655, 0.246872767806]
        dvar: [0.0247058365494, 0.0376489721239, 0.0139734018594]
        dvar2: [0.0686705037951, 0.10504578054, 0.0376206077635]
        max: [0.842284560204, 0.973738670349, 0.749450385571]
        mean: [0.34745106101, 0.43005630374, 0.159157812595]
        min: [0.0262612719089, 0, 0]
        var: [0.0396351180971, 0.0550027564168, 0.0200736802071]

tonal:
    chords_changes_rate: 0.0416666679084
    chords_number_rate: 0.0231481473893
    chords_strength:
        dmean: 0.0107254059985
        dmean2: 0.0112771270797
        dvar: 7.32107073418e-05
        dvar2: 9.16573626455e-05
        max: 0.654200017452
        mean: 0.545784711838
        min: 0.347883015871
        var: 0.00399808678776
    key_strength: 0.626140415668
    tuning_diatonic_strength: 0.580120563507
    tuning_equal_tempered_deviation: 0.0902620702982
    tuning_frequency: 442.293365479
    tuning_nontempered_energy_ratio: 0.757841110229
    hpcp:
        dmean: [0.170428797603, 0.161829397082, 0.191927909851, 0.203028604388, 0.180951312184, 0.122783020139, 0.105502098799, 0.149853587151, 0.200407609344, 0.168763324618, 0.118538536131, 0.155913099647, 0.171151265502, 0.17545580864, 0.124022617936, 0.0887350216508, 0.103899091482, 0.14000710845, 0.155958876014, 0.149216249585, 0.130182996392, 0.088092468679, 0.0998164266348, 0.17475181818, 0.159962430596, 0.128738328815, 0.121003687382, 0.134612485766, 0.149643108249, 0.126830101013, 0.102154143155, 0.128589898348, 0.174652263522, 0.178531840444, 0.145163476467, 0.152499809861]
        dmean2: [0.302031069994, 0.281100302935, 0.32074034214, 0.349453002214, 0.317389577627, 0.214465022087, 0.174046903849, 0.275210350752, 0.35773935914, 0.29262009263, 0.207427337766, 0.258246928453, 0.292882889509, 0.306558698416, 0.211042732, 0.149170935154, 0.172395125031, 0.242948353291, 0.270334124565, 0.262335330248, 0.223964765668, 0.153523415327, 0.172280192375, 0.27861610055, 0.246185794473, 0.217553645372, 0.205423116684, 0.232334151864, 0.257459610701, 0.226468101144, 0.174923360348, 0.223208472133, 0.301863729954, 0.306131750345, 0.250621020794, 0.263433307409]
        dvar: [0.0434855408967, 0.0431850776076, 0.0410085096955, 0.0578018464148, 0.0448359772563, 0.0319788791239, 0.0266110282391, 0.0482239127159, 0.0651056542993, 0.0424366779625, 0.0254805125296, 0.0333265587687, 0.0524442791939, 0.050723515451, 0.0282394625247, 0.0135716926306, 0.0176218766719, 0.0326194651425, 0.0410662591457, 0.0411868430674, 0.0338527336717, 0.0159256830812, 0.013763830997, 0.0424231179059, 0.032933101058, 0.0312183387578, 0.0254816543311, 0.0381250120699, 0.0436031967402, 0.0388874188066, 0.0208586510271, 0.0236137043685, 0.0330940745771, 0.043332606554, 0.0271329563111, 0.0336865372956]
        dvar2: [0.135003522038, 0.113186888397, 0.11630679667, 0.150274857879, 0.111351422966, 0.0847473442554, 0.0597107447684, 0.127961546183, 0.176276370883, 0.112766973674, 0.0746910125017, 0.077076561749, 0.111322768033, 0.132547497749, 0.0715565159917, 0.0310453996062, 0.0484305471182, 0.0866974368691, 0.103128246963, 0.105115115643, 0.0892844125628, 0.0405378639698, 0.0355127565563, 0.0960036814213, 0.0612508989871, 0.0796904787421, 0.0661567673087, 0.0991241633892, 0.11250153929, 0.103402800858, 0.0546854138374, 0.0587876215577, 0.0799310654402, 0.108543865383, 0.0702190101147, 0.0941533669829]
        max: [1, 1, 1, 1, 1, 1, 1, 1, 1, 1, 1, 1, 1, 1, 1, 0.785096228123, 0.930827915668, 1, 1, 1, 1, 0.973019778728, 0.703296840191, 1, 1, 1, 1, 1, 1, 1, 0.895285785198, 1, 1, 1, 1, 1]
        mean: [0.18851095438, 0.195129394531, 0.317657530308, 0.400414437056, 0.275592118502, 0.145595520735, 0.121276475489, 0.149649009109, 0.222466289997, 0.218792155385, 0.154395833611, 0.267333865166, 0.395508617163, 0.277281731367, 0.143140673637, 0.122964173555, 0.135876342654, 0.197789981961, 0.240149572492, 0.201532527804, 0.141737252474, 0.0976235568523, 0.125936448574, 0.281896263361, 0.299761980772, 0.167192488909, 0.149782627821, 0.181675702333, 0.165280520916, 0.130540162325, 0.122175008059, 0.155429139733, 0.240655496716, 0.265404164791, 0.214161336422, 0.197820961475]
        min: [0.0100670503452, 0.0107965022326, 0.0149618545547, 0.011657086201, 0.0169382803142, 0.0111239254475, 0.010449343361, 0.0103462561965, 0.00792015902698, 0.00987961702049, 0.011198528111, 0.00908513832837, 0.00888271722943, 0.0128475120291, 0.0118255959824, 0.00320788100362, 0.00774457026273, 0.0169192962348, 0.0168252401054, 0.0161834843457, 0.0109306052327, 0.0041777305305, 0.0104620810598, 0.0121262008324, 0.0177876222879, 0.0118963317946, 0.00644400995225, 0.00855541974306, 0.00533455144614, 0.00779764307663, 0.00959948077798, 0.00778062222525, 0.0179483182728, 0.0215361136943, 0.0122799286619, 0.0168335046619]
        var: [0.0420155078173, 0.0453133843839, 0.0807434991002, 0.12912607193, 0.0697538927197, 0.032078910619, 0.0296578165144, 0.0430592298508, 0.0685977265239, 0.0640841796994, 0.028004989028, 0.0618802495301, 0.131768167019, 0.0819831416011, 0.0263558849692, 0.0155311441049, 0.0223581362516, 0.0454815104604, 0.0708717927337, 0.0521683767438, 0.0306676253676, 0.0140135269612, 0.0162765607238, 0.081319026649, 0.083409294486, 0.0317111201584, 0.0300083588809, 0.0550174638629, 0.0477304644883, 0.0295884944499, 0.0185968540609, 0.0259662624449, 0.0460284017026, 0.0561145953834, 0.0412211157382, 0.0484750270844]
    chords_histogram: [26.3888893127, 0, 0, 0, 0, 0, 6.48148155212, 0, 0, 0, 0, 0, 0, 0, 0, 1.85185182095, 0, 0, 0, 0, 0, 0, 17.5925922394, 47.6851844788]
    thpcp: [1, 0.688267171383, 0.363612055779, 0.302877366543, 0.373735308647, 0.555590093136, 0.546414256096, 0.385590076447, 0.667642951012, 0.987748146057, 0.692486822605, 0.357481300831, 0.307092249393, 0.339339256287, 0.49396315217, 0.599752545357, 0.503309845924, 0.353976368904, 0.243806287646, 0.314515262842, 0.704011261463, 0.748629331589, 0.417548596859, 0.374069005251, 0.453719168901, 0.412773638964, 0.326012641191, 0.305121392012, 0.388170659542, 0.601016044617, 0.662823677063, 0.53484916687, 0.494040518999, 0.47078961134, 0.487318575382, 0.793321847916]
    chords_key: "A#"
    chords_scale: "minor"
    key_key: "C#"
    key_scale: "major"
    chords_progression: ["A#", "A#", "A#", "A#", "A#", "A#", "A#", "A#", "A#", "A#", "A#", "A#", "A#", "A#", "A#m", "A#m", "A#m", "A#m", "A#m", "A#m", "A#m", "A#m", "A#m", "A#m", "A#m", "A#m", "A#m", "A#m", "A#m", "A#m", "A#m", "A#m", "A#m", "A#m", "A#m", "A#m", "A#m", "A#m", "C#", "C#", "C#", "C#", "F#", "F#", "F#", "F#", "F#", "F#", "F#", "F#", "F#", "F#", "F#", "F#", "F#", "F#", "F#", "F#", "F#", "F#", "F#", "F#", "F#", "F#", "F#", "F#", "F#", "F#", "F#", "F#", "F#", "F#m", "F#m", "F#m", "F#m", "C#", "C#", "C#", "C#", "C#", "C#", "C#", "C#", "C#", "C#", "C#", "C#", "C#", "C#", "C#", "C#", "C#", "C#", "C#", "C#", "C#", "C#", "C#", "C#", "C#", "C#", "C#", "C#", "C#", "C#", "C#", "C#", "C#", "C#", "C#", "C#", "C#", "C#", "C#", "C#", "C#", "C#", "C#", "C#", "C#", "C#", "C#", "C#", "C#", "C#", "C#", "C#", "C#", "A#m", "A#m", "A#m", "A#m", "A#m", "A#m", "A#m", "A#m", "A#m", "A#m", "A#m", "A#m", "A#m", "A#m", "A#m", "A#m", "A#m", "A#m", "A#m", "A#m", "A#m", "A#m", "A#m", "A#m", "A#m", "A#m", "A#m", "A#m", "A#m", "A#m", "A#m", "A#m", "A#m", "A#m", "A#m", "A#m", "A#m", "A#m", "A#m", "A#m", "A#m", "A#m", "A#m", "A#m", "A#m", "A#m", "A#m", "A#m", "A#m", "A#m", "A#m", "A#m", "A#m", "A#m", "A#m", "A#m", "A#m", "A#m", "A#m", "A#m", "A#m", "A#m", "A#m", "A#m", "A#m", "A#m", "A#m", "A#m", "A#m", "A#m", "A#m", "A#m", "A#m", "A#m", "A#m", "F#", "A#m", "A#m", "A#m", "A#m", "F#", "F#", "F#", "F#", "F#", "F#", "F#", "F#"]
