
metadata:
    version:
        essentia: "1.2.2"
    audio_properties:
        analysis_sample_rate: 44100
        bitrate: 128
        channels: 2
        equal_loudness: 1
        length: 10.0048980713
        replay_gain: -12.1663150787
        downmix: "mix"
    tags:
        track: 7
        year: 0
        album: "Splitted by Mp3Splt v. 2.1"
        artist: "From 001.00 To 001.10"
        comment: "http://mp3splt.sf.net"
        genre: ""
        title: "04 A Change of Heart.mp3"

highlevel:
    ballroom:
        all:
            ChaChaCha: 0.0258135274053
            Jive: 0.302863061428
            Quickstep: 0.160325005651
            Rumba-American: 0.00375827262178
            Rumba-International: 0.0148360077292
            Rumba-Misc: 0.014404444024
            Samba: 0.0533596128225
            Tango: 0.0324853174388
            VienneseWaltz: 0.346193611622
            Waltz: 0.0459611266851
        probability: 0.346193611622
        value: "VienneseWaltz"
    culture:
        all:
            non_western: 1.30719445224e-05
            western: 0.999986946583
        probability: 0.999986946583
        value: "western"
    gender:
        all:
            female: 0.162448644638
            male: 0.837551355362
        probability: 0.837551355362
        value: "male"
    genre_dortmund:
        all:
            alternative: 0.170231923461
            blues: 0.042467545718
            electronic: 0.0171899981797
            folkcountry: 0.167622104287
            funksoulrnb: 0.0229942891747
            jazz: 0.0184677708894
            pop: 0.179891034961
            raphiphop: 0.0061207213439
            rock: 0.375014603138
        probability: 0.375014603138
        value: "rock"
    genre_electronica:
        all:
            ambient: 0.305358886719
            dnb: 0.247414916754
            house: 0.00667624967173
            techno: 0.00437371945009
            trance: 0.436176240444
        probability: 0.436176240444
        value: "trance"
    genre_rosamerica:
        all:
            cla: 0.0277381464839
            dan: 0.0195081755519
            hip: 0.0117004979402
            jaz: 0.0257156584412
            pop: 0.181001380086
            rhy: 0.00678069563583
            roc: 0.72579818964
            spe: 0.00175724376459
        probability: 0.72579818964
        value: "roc"
    genre_tzanetakis:
        all:
            blu: 0.00694634905085
            cla: 0.0217666067183
            cou: 0.236033722758
            dis: 0.0414984188974
            hip: 0.00364942406304
            jaz: 0.0585051216185
            met: 0.0217194389552
            pop: 0.417634427547
            reg: 0.00761590572074
            roc: 0.184630572796
        probability: 0.417634427547
        value: "pop"
    live_studio:
        all:
            live: 0.0104243755341
            studio: 0.989575624466
        probability: 0.989575624466
        value: "studio"
    mood:
        all:
            Cluster1: 0.43422049284
            Cluster2: 0.169865146279
            Cluster3: 0.12880115211
            Cluster4: 0.11610301584
            Cluster5: 0.151010215282
        probability: 0.43422049284
        value: "Cluster1"
    mood_acoustic:
        all:
            acoustic: 0.0144572351128
            not_acoustic: 0.9855427742
        probability: 0.9855427742
        value: "not_acoustic"
    mood_aggressive:
        all:
            aggressive: 0.464193582535
            not_aggressive: 0.535806417465
        probability: 0.535806417465
        value: "not_aggressive"
    mood_electronic:
        all:
            electronic: 0.17573364079
            not_electronic: 0.824266374111
        probability: 0.824266374111
        value: "not_electronic"
    mood_happy:
        all:
            happy: 0.862214803696
            not_happy: 0.137785211205
        probability: 0.862214803696
        value: "happy"
    mood_party:
        all:
            not_party: 0.481105655432
            party: 0.518894314766
        probability: 0.518894314766
        value: "party"
    mood_relaxed:
        all:
            not_relaxed: 0.534174740314
            relaxed: 0.465825259686
        probability: 0.534174740314
        value: "not_relaxed"
    mood_sad:
        all:
            not_sad: 0.715385258198
            sad: 0.284614741802
        probability: 0.715385258198
        value: "not_sad"
    rhythm:
        all:
            fast: 0.309719800949
            medium: 0.666104316711
            slow: 0.0241758525372
        probability: 0.666104316711
        value: "medium"
    speech_music:
        all:
            music: 0.997852504253
            speech: 0.00214750668965
        probability: 0.997852504253
        value: "music"
    timbre:
        all:
            bright: 0.0437281578779
            dark: 0.956271827221
        probability: 0.956271827221
        value: "dark"
    voice_instrumental:
        all:
            instrumental: 0.0157725252211
            voice: 0.984227478504
        probability: 0.984227478504
        value: "voice"

lowlevel:
    average_loudness: 0.973460733891
    barkbands_kurtosis:
        dmean: 0.463607847691
        dmean2: 0.727655768394
        dvar: 0.376767873764
        dvar2: 0.913175940514
        max: 6.24900436401
        mean: -0.8914270401
        min: -1.77666497231
        var: 0.850647985935
    barkbands_skewness:
        dmean: 0.32116279006
        dmean2: 0.501880943775
        dvar: 0.0841978117824
        dvar2: 0.177977919579
        max: 1.3894534111
        mean: -0.0189445521683
        min: -2.57850694656
        var: 0.443510830402
    barkbands_spread:
        dmean: 3.79824662209
        dmean2: 5.86350917816
        dvar: 13.5660524368
        dvar2: 36.2331809998
        max: 47.8903770447
        mean: 28.2731208801
        min: 7.87332391739
        var: 50.9381065369
    dissonance:
        dmean: 0.0156665500253
        dmean2: 0.0262272655964
        dvar: 0.000162836455274
        dvar2: 0.000434516055975
        max: 0.4974809587
        mean: 0.467477500439
        min: 0.367429673672
        var: 0.000412807392422
    hfc:
        dmean: 1.9408519268
        dmean2: 2.98581886292
        dvar: 7.20430612564
        dvar2: 14.1291713715
        max: 41.4926948547
        mean: 8.5209646225
        min: 1.15027081966
        var: 22.0904941559
    pitch:
        dmean: 443.356933594
        dmean2: 868.675292969
        dvar: 963933.5625
        dvar2: 2538029.75
        max: 4410
        mean: 589.130126953
        min: 77.232925415
        var: 943629.75
    pitch_instantaneous_confidence:
        dmean: 0.0694491416216
        dmean2: 0.108398705721
        dvar: 0.00335909496062
        dvar2: 0.00756673468277
        max: 0.806117832661
        mean: 0.432580411434
        min: 0.169278562069
        var: 0.0142552200705
    pitch_salience:
        dmean: 0.0483133271337
        dmean2: 0.0776806697249
        dvar: 0.00166543014348
        dvar2: 0.00453968951479
        max: 0.786829352379
        mean: 0.625135302544
        min: 0.390029400587
        var: 0.00508760008961
    silence_rate_20dB:
        dmean: 0
        dmean2: 0
        dvar: 0
        dvar2: 0
        max: 1
        mean: 1
        min: 1
        var: 0
    silence_rate_30dB:
        dmean: 0
        dmean2: 0
        dvar: 0
        dvar2: 0
        max: 1
        mean: 1
        min: 1
        var: 0
    silence_rate_60dB:
        dmean: 0.106976747513
        dmean2: 0.214452207088
        dvar: 0.0955327600241
        dvar2: 0.205758675933
        max: 1
        mean: 0.164733171463
        min: 0
        var: 0.137596592307
    spectral_centroid:
        dmean: 219.166702271
        dmean2: 340.626403809
        dvar: 52045.4609375
        dvar2: 98103.578125
        max: 3629.95214844
        mean: 1702.52783203
        min: 807.166564941
        var: 259627.734375
    spectral_complexity:
        dmean: 3.05140185356
        dmean2: 4.67681503296
        dvar: 7.10016679764
        dvar2: 15.0992956161
        max: 42
        mean: 17.0046615601
        min: 2
        var: 25.8834228516
    spectral_crest:
        dmean: 1.68839943409
        dmean2: 2.73372530937
        dvar: 2.2397236824
        dvar2: 6.16354799271
        max: 16.9614925385
        mean: 7.19464492798
        min: 2.91473436356
        var: 8.78651714325
    spectral_decrease:
        dmean: 2.40598652113e-10
        dmean2: 3.67531421963e-10
        dvar: 6.25142200301e-20
        dvar2: 1.33330231483e-19
        max: -2.02413419359e-10
        mean: -1.14363474246e-09
        min: -3.99708799392e-09
        var: 3.13434657323e-19
    spectral_energy:
        dmean: 0.00104971649125
        dmean2: 0.00160225352738
        dvar: 1.21725202007e-06
        dvar2: 2.53477128354e-06
        max: 0.0174987539649
        mean: 0.00508921500295
        min: 0.000868288450874
        var: 5.9105359469e-06
    spectral_energyband_high:
        dmean: 0.000144955716678
        dmean2: 0.000222387650865
        dvar: 8.71916867595e-08
        dvar2: 1.66127463785e-07
        max: 0.00406178506091
        mean: 0.000344616826624
        min: 2.77328581433e-05
        var: 1.81752753292e-07
    spectral_energyband_low:
        dmean: 8.33777303342e-05
        dmean2: 0.000142481512739
        dvar: 4.84148010571e-08
        dvar2: 1.30859845626e-07
        max: 0.00163510546554
        mean: 0.000138344927109
        min: 1.70569887814e-06
        var: 3.8747483444e-08
    spectral_energyband_middle_high:
        dmean: 0.00061492563691
        dmean2: 0.000931480492
        dvar: 4.72457088563e-07
        dvar2: 8.97616132534e-07
        max: 0.0130862565711
        mean: 0.00266470946372
        min: 0.000422149838414
        var: 3.13863733936e-06
    spectral_energyband_middle_low:
        dmean: 0.000604957807809
        dmean2: 0.000964954961091
        dvar: 5.51840287244e-07
        dvar2: 1.35935715662e-06
        max: 0.00956185162067
        mean: 0.00194153247867
        min: 0.000197244560695
        var: 1.96658220375e-06
    spectral_flatness_db:
        dmean: 0.012550775893
        dmean2: 0.018672902137
        dvar: 0.000120160926599
        dvar2: 0.000239619374042
        max: 0.216525256634
        mean: 0.152077361941
        min: 0.0699380487204
        var: 0.000640852609649
    spectral_flux:
        dmean: 0.0074729709886
        dmean2: 0.01149472408
        dvar: 6.51163063594e-05
        dvar2: 0.000162780008395
        max: 0.117422036827
        mean: 0.0387316048145
        min: 0.0194331407547
        var: 0.000168783022673
    spectral_kurtosis:
        dmean: 1.13807535172
        dmean2: 1.87753522396
        dvar: 1.04979372025
        dvar2: 3.2651257515
        max: 11.1945714951
        mean: 4.57598686218
        min: -0.200267791748
        var: 3.09017658234
    spectral_rms:
        dmean: 0.000223803406698
        dmean2: 0.000339865742717
        dvar: 4.41322356437e-08
        dvar2: 9.08401744937e-08
        max: 0.00413182238117
        mean: 0.00217414135113
        min: 0.000920386170037
        var: 2.38199149294e-07
    spectral_rolloff:
        dmean: 282.749053955
        dmean2: 437.875335693
        dvar: 75989.9140625
        dvar2: 148738.875
        max: 5964.69726562
        mean: 3135.96850586
        min: 1055.12695312
        var: 414835.03125
    spectral_skewness:
        dmean: 0.165660753846
        dmean2: 0.262879669666
        dvar: 0.0223859027028
        dvar2: 0.0483025759459
        max: 2.78442931175
        mean: 1.47580754757
        min: 0.443187892437
        var: 0.0925897881389
    spectral_spread:
        dmean: 484990.03125
        dmean2: 611207.625
        dvar: 483953147904
        dvar2: 689484464128
        max: 13894687
        mean: 4146359.25
        min: 2508815
        var: 1.3928291369e+12
    spectral_strongpeak:
        dmean: 0.583098232746
        dmean2: 1.00179493427
        dvar: 0.514596164227
        dvar2: 1.33924567699
        max: 4.58118486404
        mean: 1.00712442398
        min: 0.0465109534562
        var: 0.817479431629
    zerocrossingrate:
        dmean: 0.00718503585085
        dmean2: 0.00810867082328
        dvar: 4.91237988172e-05
        dvar2: 4.8951143981e-05
        max: 0.173828125
        mean: 0.0949974507093
        min: 0.0400390625
        var: 0.000492788269185
    barkbands:
        dmean: [5.46479057562e-08, 2.72871984635e-05, 6.30053400528e-05, 6.71030356898e-05, 0.000191175655345, 0.000108379295853, 0.000301141233649, 0.000163556920597, 0.000109656357381, 0.00014785878011, 0.000154963010573, 9.21321625356e-05, 4.05883474741e-05, 5.64589608985e-05, 5.41033805348e-05, 0.000128478728584, 0.000231347425142, 0.00018335225468, 0.000142584802234, 0.000163827193319, 5.65275913686e-05, 1.78048267117e-05, 6.80162520439e-06, 1.72588363512e-06, 9.65822323451e-07, 6.19637461341e-08, 1.42280187632e-09]
        dmean2: [7.12899179689e-08, 4.7331515816e-05, 0.0001077332563, 0.000116862458526, 0.000318478792906, 0.000157949965796, 0.000491013866849, 0.000253564212471, 0.000156743175467, 0.000207671677344, 0.000240185778239, 0.000138604140375, 6.77089192322e-05, 9.38721277635e-05, 8.97778154467e-05, 0.000215929976548, 0.000387293781387, 0.00029015756445, 0.000226804608246, 0.000259843363892, 8.60054278746e-05, 2.66989736701e-05, 1.06781290015e-05, 2.34146727962e-06, 1.27335283651e-06, 8.10308264931e-08, 1.84134940628e-09]
        dvar: [4.3162755271e-13, 6.04694916362e-09, 2.73326516975e-08, 2.57186396624e-08, 7.84957165934e-08, 4.16253342905e-08, 2.61018868741e-07, 1.51834541384e-07, 3.06328473698e-08, 1.20314183505e-07, 2.17530512714e-07, 2.38102543904e-07, 5.62773605495e-09, 5.54735901659e-09, 4.52533122086e-09, 2.04569392537e-08, 6.80783571738e-08, 4.47758061739e-08, 4.16488106225e-08, 1.42611852993e-07, 1.38214719669e-08, 2.54689602741e-09, 4.03774763624e-10, 2.40587359063e-11, 4.31791971969e-12, 1.56137276231e-14, 2.64884302084e-16]
        dvar2: [4.3524323143e-13, 1.73671139692e-08, 7.43830668171e-08, 6.73323867773e-08, 2.1124166949e-07, 8.30758821735e-08, 7.55614166792e-07, 3.85309078865e-07, 6.31730188161e-08, 2.0315275151e-07, 4.21699979825e-07, 4.99862665038e-07, 1.35285018743e-08, 1.48202543571e-08, 1.11455786822e-08, 5.49169421049e-08, 1.83219810879e-07, 9.03645656081e-08, 1.05267069728e-07, 3.51786866304e-07, 2.57333603315e-08, 5.91848348108e-09, 8.98698060414e-10, 4.8352134796e-11, 7.77484847336e-12, 3.14501740894e-14, 2.68476330585e-16]
        max: [1.36128992381e-05, 0.000668068067171, 0.00125184305944, 0.00197343481705, 0.00249976641499, 0.00546901952475, 0.00575475441292, 0.00446621607989, 0.00186970748473, 0.00628623366356, 0.00893825013191, 0.00905406009406, 0.000920742168091, 0.000895049946848, 0.000719850300811, 0.00166251731571, 0.00248745805584, 0.00213789870031, 0.00255513098091, 0.0061523783952, 0.00197883672081, 0.000654442235827, 0.00028353088419, 8.27182957437e-05, 2.18318291445e-05, 1.31842352857e-06, 3.3641501318e-07]
        mean: [6.18758662085e-08, 4.34719840996e-05, 9.48267843341e-05, 8.38938067318e-05, 0.000415595510276, 0.000259130611084, 0.000644738203846, 0.00027305513504, 0.000194521839148, 0.000242975613219, 0.000342725077644, 0.000127128951135, 6.48973218631e-05, 0.000104236307379, 0.000106922692794, 0.000257155130384, 0.000541774672456, 0.000437091046479, 0.000338876649039, 0.000348994362867, 0.00011705673387, 3.19558712363e-05, 1.28043093355e-05, 3.63919343727e-06, 1.60112745107e-06, 8.81906814243e-08, 1.52481316462e-09]
        min: [6.00957478225e-11, 5.86134554226e-08, 8.62375884481e-07, 5.22732534591e-07, 1.11678964458e-05, 5.59661521038e-06, 6.00344901613e-06, 1.5574723875e-06, 9.6558524092e-06, 7.06641276338e-06, 6.43644943921e-06, 3.31889305016e-06, 3.1675469927e-06, 2.19996400119e-06, 5.67604911339e-06, 2.06248696486e-05, 3.47847308149e-05, 3.7060915929e-05, 3.05435642076e-05, 1.59140327014e-05, 1.16261508083e-05, 1.49962363594e-06, 2.73968396414e-07, 1.00736116337e-07, 2.78958296462e-08, 1.16561782448e-09, 2.51499667446e-13]
        var: [4.31397241063e-13, 4.91695573146e-09, 2.23587317549e-08, 2.25496812334e-08, 1.96439785327e-07, 1.9410465768e-07, 1.06237166619e-06, 2.60159822574e-07, 6.25801988008e-08, 2.57190265529e-07, 9.18268483474e-07, 2.63409162926e-07, 1.08688782419e-08, 1.75090892895e-08, 9.18610965073e-09, 4.39671943298e-08, 1.39461064919e-07, 1.09948317117e-07, 6.58212186977e-08, 2.45795831688e-07, 2.53378740211e-08, 4.58826132643e-09, 1.1121852328e-09, 6.74290553948e-11, 9.34119535195e-12, 2.7827236297e-14, 2.65498903897e-16]
    mfcc:
        mean: [-695.408813477, 113.333763123, -62.60206604, 49.7007484436, -18.9692516327, -17.5089073181, -7.95916175842, -1.69116127491, -3.27083897591, -7.96675634384, -10.064743042, -0.488749116659, 0.213962942362]
        cov: [[568.374511719, -337.375671387, 195.139862061, -86.6205444336, 10.8321361542, 38.1855545044, 17.6549625397, 12.1640119553, -4.37948656082, 18.849521637, 22.4259090424, -6.36067152023, -4.22924852371], [-337.375671387, 605.081970215, -200.470306396, 62.5059585571, 3.18735861778, -87.4834289551, 10.6920480728, -22.3307666779, 12.1252098083, 20.2180156708, 13.0539779663, 0.154300689697, 0.995632648468], [195.139862061, -200.470306396, 362.406829834, -1.30711019039, 76.1379547119, 48.4299926758, -64.3962860107, 23.0351886749, -12.9323301315, -0.025875447318, 10.0353546143, 18.2922420502, 6.48693466187], [-86.6205444336, 62.5059585571, -1.30711019039, 186.272323608, 49.3416748047, -35.4644813538, -36.366809845, 1.58975946903, 8.59794712067, 8.25508594513, 26.6765937805, 29.8405075073, 39.6647605896], [10.8321361542, 3.18735861778, 76.1379547119, 49.3416748047, 119.544654846, 4.44703960419, 4.6734957695, 3.2903149128, 18.0741691589, -7.50073623657, 26.2480716705, 18.2085514069, 16.6307907104], [38.1855545044, -87.4834289551, 48.4299926758, -35.4644813538, 4.44703960419, 95.3552398682, 31.0121765137, 14.5118818283, 7.9910736084, -8.87448501587, -9.5699596405, 2.80743503571, -7.80602455139], [17.6549625397, 10.6920480728, -64.3962860107, -36.366809845, 4.6734957695, 31.0121765137, 118.498657227, 6.46283769608, 23.2637195587, -12.4806089401, -5.59419298172, -9.76452445984, -6.68068361282], [12.1640119553, -22.3307666779, 23.0351886749, 1.58975946903, 3.2903149128, 14.5118818283, 6.46283769608, 65.0641555786, 24.8883609772, 8.24674224854, 4.54364585876, 7.29009342194, 7.19321012497], [-4.37948656082, 12.1252098083, -12.9323301315, 8.59794712067, 18.0741691589, 7.9910736084, 23.2637195587, 24.8883609772, 60.7089767456, 15.8495292664, 9.46628570557, 0.0304495040327, -0.391852021217], [18.849521637, 20.2180156708, -0.025875447318, 8.25508594513, -7.50073623657, -8.87448501587, -12.4806089401, 8.24674224854, 15.8495292664, 60.9913597107, 21.5572547913, 0.0940903127193, -0.444134175777], [22.4259090424, 13.0539779663, 10.0353546143, 26.6765937805, 26.2480716705, -9.5699596405, -5.59419298172, 4.54364585876, 9.46628570557, 21.5572547913, 70.8717193604, 32.2485122681, 20.375289917], [-6.36067152023, 0.154300689697, 18.2922420502, 29.8405075073, 18.2085514069, 2.80743503571, -9.76452445984, 7.29009342194, 0.0304495040327, 0.0940903127193, 32.2485122681, 68.0929412842, 40.5752792358], [-4.22924852371, 0.995632648468, 6.48693466187, 39.6647605896, 16.6307907104, -7.80602455139, -6.68068361282, 7.19321012497, -0.391852021217, -0.444134175777, 20.375289917, 40.5752792358, 64.7370376587]]
        icov: [[0.00352399330586, 0.0016643286217, -0.0015687487321, 0.00115832756273, 0.000303078530123, 0.00147673557512, -0.00184856867418, 0.000428574217949, 0.000304006680381, -0.0015294146724, -0.00151954055764, 0.00082640349865, -0.00053443555953], [0.0016643286217, 0.00314197689295, 0.000563665118534, 0.000213395134779, -0.00081377197057, 0.00214535952546, -0.000922087987419, 0.000327395362547, 0.000220167494263, -0.00153348536696, -0.000354806339601, -0.000240206689341, 0.000462424795842], [-0.0015687487321, 0.000563665118534, 0.00618669390678, 0.00041480382788, -0.00454189023003, -0.00271872873418, 0.00428551342338, -0.002026517177, 0.00186966476031, -0.000466510478873, 0.00121040735394, -0.000790481339209, 0.000643766194116], [0.00115832756273, 0.000213395134779, 0.00041480382788, 0.00839628651738, -0.00328777683899, 0.00177177973092, 0.0020986427553, -5.8469351643e-05, -0.000800981128123, -0.000917689176276, -0.000491833605338, -0.000219242021558, -0.00355122308247], [0.000303078530123, -0.00081377197057, -0.00454189023003, -0.00328777683899, 0.0147139439359, 0.000416852271883, -0.00301056890748, 0.0025257372763, -0.00508876424283, 0.00448467256501, -0.00463277613744, 0.000706218823325, -0.000803723349236], [0.00147673557512, 0.00214535952546, -0.00271872873418, 0.00177177973092, 0.000416852271883, 0.0164100732654, -0.00550125120208, -0.00133815954905, -0.000965234066825, -0.000246680283453, 0.00171534181572, -0.00359280756675, 0.00240739597939], [-0.00184856867418, -0.000922087987419, 0.00428551342338, 0.0020986427553, -0.00301056890748, -0.00550125120208, 0.0145830614492, -0.000585234141909, -0.0039840512909, 0.00352531275712, -3.89088963857e-05, 0.00165472866502, -0.0011666577775], [0.000428574217949, 0.000327395362547, -0.002026517177, -5.8469351643e-05, 0.0025257372763, -0.00133815954905, -0.000585234141909, 0.0202203411609, -0.00895231124014, -0.000722340599168, 0.000172143583768, -0.000905152526684, -0.00240152259357], [0.000304006680381, 0.000220167494263, 0.00186966476031, -0.000800981128123, -0.00508876424283, -0.000965234066825, -0.0039840512909, -0.00895231124014, 0.0256766919047, -0.00701228436083, -0.000216375832679, 0.000658411940094, 0.00185712217353], [-0.0015294146724, -0.00153348536696, -0.000466510478873, -0.000917689176276, 0.00448467256501, -0.000246680283453, 0.00352531275712, -0.000722340599168, -0.00701228436083, 0.023490358144, -0.00802196934819, 0.00334979896434, 0.00033889216138], [-0.00151954055764, -0.000354806339601, 0.00121040735394, -0.000491833605338, -0.00463277613744, 0.00171534181572, -3.89088963857e-05, 0.000172143583768, -0.000216375832679, -0.00802196934819, 0.0237729102373, -0.0107453037053, 0.000656317686662], [0.00082640349865, -0.000240206689341, -0.000790481339209, -0.000219242021558, 0.000706218823325, -0.00359280756675, 0.00165472866502, -0.000905152526684, 0.000658411940094, 0.00334979896434, -0.0107453037053, 0.0294661242515, -0.0151316532865], [-0.00053443555953, 0.000462424795842, 0.000643766194116, -0.00355122308247, -0.000803723349236, 0.00240739597939, -0.0011666577775, -0.00240152259357, 0.00185712217353, 0.00033889216138, 0.000656317686662, -0.0151316532865, 0.027450710535]]
    spectral_contrast:
        mean: [-3.10497313194e-07, -2.45052902414e-08, 1.54829660204e-08, -2.4442766744e-07, 2.42716993171e-07, 3.06359524416e-08, 3.61254160453e-06, 9.58745545176e-07, -4.29736985552e-07, -2.00682870855e-06, 2.97328540455e-07, 1.81971313395e-06]
        var: [0.000535873812623, 0.000659323355649, 0.000786655233242, 0.00297639612108, 0.00360478833318, 0.00453724525869, 0.0406503528357, 0.0646296516061, 0.0976428240538, 0.175847068429, 0.264268577099, 0.620788276196]

rhythm:
    beats_loudness:
        dmean: 0.00293538277037
        dmean2: 0.00542396306992
        dvar: 6.22228253633e-06
        dvar2: 2.02058126888e-05
        max: 0.0125694405288
        mean: 0.00599174108356
        min: 0.00190931360703
        var: 7.11168650014e-06
    beats_loudness_bass:
        dmean: 0.101079009473
        dmean2: 0.166545644403
        dvar: 0.0119468327612
        dvar2: 0.0350925810635
        max: 0.405399501324
        mean: 0.0799875333905
        min: 0.00790006294847
        var: 0.00991361308843
    bpm: 143.409011841
    bpm_confidence: 0
    first_peak_bpm: 143
    first_peak_spread: 0
    first_peak_weight: 0.699999988079
    onset_rate: 2.59872722626
    second_peak_bpm: 105
    second_peak_spread: 0
    second_peak_weight: 0.25
    beats_position: [0.0451601333916, 0.463568240404, 0.881976306438, 1.30038440228, 1.71879243851, 2.13720059395, 2.55560874939, 2.97401666641, 3.39242482185, 3.81083297729, 4.22924089432, 4.64764928818, 5.0660572052, 5.48446512222, 5.90287351608, 6.51523208618, 7.08433675766, 7.65344142914, 8.22254657745, 8.79165077209, 9.36075496674]
    bpm_estimates: [144.282363892, 144.122390747, 141.286300659, 143.625915527, 143.728103638]
    bpm_intervals: [0.418408095837, 0.418408066034, 0.418408095837, 0.418408036232, 0.418408155441, 0.418408155441, 0.418407917023, 0.418408155441, 0.418408155441, 0.418407917023, 0.41840839386, 0.418407917023, 0.418407917023, 0.41840839386, 0.612358570099, 0.569104671478, 0.569104671478, 0.569105148315, 0.569104194641, 0.569104194641]
    onset_times: [0.0580498874187, 0.243809521198, 0.870748281479, 1.11455786228, 1.28870749474, 1.69505667686, 2.12462592125, 2.48453521729, 2.93732428551, 3.34367346764, 4.21442174911, 4.37696123123, 4.6439909935, 5.0967798233, 5.22448968887, 5.50312948227, 6.33904743195, 6.73378705978, 7.39555549622, 7.80190467834, 7.97605419159, 8.2198638916, 8.53333377838, 8.85841274261, 9.02095222473, 9.65950107574]
    rubato_start: [6.51523208618]
    rubato_stop: [7.08433675766]
    perceptual_tempo: "unknown"

sfx:
    inharmonicity:
        dmean: 0.051712628454
        dmean2: 0.0902030169964
        dvar: 0.00346313323826
        dvar2: 0.00939386058599
        max: 0.470405220985
        mean: 0.0674757286906
        min: 0.000848774856422
        var: 0.00401282683015
    oddtoevenharmonicenergyratio:
        dmean: 1.9259301424
        dmean2: 3.49759268761
        dvar: 13.391752243
        dvar2: 38.5527877808
        max: 33.6493186951
        mean: 1.54537642002
        min: 0.00296043674462
        var: 8.82190513611
    pitch_after_max_to_before_max_energy_ratio: 0.118513062596
    pitch_centroid: 216.896774292
    pitch_max_to_total: 0.899766921997
    pitch_min_to_total: 0.00699300691485
    tristimulus:
        dmean: [0.136022254825, 0.185974135995, 0.133841440082]
        dmean2: [0.231139048934, 0.322932392359, 0.23617349565]
        dvar: [0.0157546978444, 0.0288839247078, 0.0144500713795]
        dvar2: [0.0427587926388, 0.0827611684799, 0.0389493182302]
        max: [0.811809360981, 0.977868139744, 0.604685723782]
        mean: [0.269205868244, 0.511654853821, 0.182950690389]
        min: [0.0142781520262, 0, 0]
        var: [0.0284630414099, 0.0379698649049, 0.0186977609992]

tonal:
    chords_changes_rate: 0.0277777779847
    chords_number_rate: 0.0324074067175
    chords_strength:
        dmean: 0.00827333144844
        dmean2: 0.00748229073361
        dvar: 3.96107352572e-05
        dvar2: 4.47193124273e-05
        max: 0.700515985489
        mean: 0.554081380367
        min: 0.386087447405
        var: 0.00401161052287
    key_strength: 0.596262216568
    tuning_diatonic_strength: 0.473152339458
    tuning_equal_tempered_deviation: 0.0498808883131
    tuning_frequency: 435.448913574
    tuning_nontempered_energy_ratio: 0.662010669708
    hpcp:
        dmean: [0.0816570818424, 0.073046028614, 0.111012361944, 0.157315209508, 0.148003444076, 0.125236809254, 0.119898639619, 0.138076126575, 0.19865205884, 0.184850305319, 0.138498216867, 0.0841340273619, 0.0690987408161, 0.053126744926, 0.0792822986841, 0.100255280733, 0.0794635266066, 0.0989952236414, 0.123340003192, 0.098408639431, 0.103762574494, 0.093269109726, 0.072822868824, 0.0924746841192, 0.0994598641992, 0.112479135394, 0.112061232328, 0.0776039958, 0.0715110898018, 0.116888448596, 0.152245759964, 0.126365959644, 0.137228235602, 0.139191359282, 0.143345877528, 0.116956844926]
        dmean2: [0.136908426881, 0.122568294406, 0.190643340349, 0.248061075807, 0.241329312325, 0.209650829434, 0.211038291454, 0.250892996788, 0.338716924191, 0.300618797541, 0.234485432506, 0.139973983169, 0.11356754601, 0.0838725790381, 0.127805873752, 0.162968173623, 0.13012996316, 0.161654487252, 0.189388349652, 0.151195824146, 0.159405037761, 0.147442921996, 0.112403273582, 0.15366601944, 0.168427065015, 0.182531833649, 0.196441948414, 0.135653957725, 0.126637980342, 0.187043577433, 0.246531680226, 0.216883987188, 0.230901449919, 0.230838105083, 0.235304117203, 0.211620360613]
        dvar: [0.021942012012, 0.0187985878438, 0.0266750492156, 0.0392502062023, 0.0364783257246, 0.0318852029741, 0.032687522471, 0.0463971607387, 0.0454233027995, 0.0412101186812, 0.0283931251615, 0.0233180969954, 0.0161768514663, 0.00564955826849, 0.0131972171366, 0.0239081736654, 0.013711088337, 0.013867222704, 0.0224772281945, 0.0125681040809, 0.0179520528764, 0.0153398634866, 0.00811928976327, 0.0165999419987, 0.0145863732323, 0.0257693193853, 0.0293445698917, 0.0139117650688, 0.0166149940342, 0.0215211696923, 0.0336534678936, 0.0212685968727, 0.0307724047452, 0.0362882576883, 0.0400689840317, 0.0428488589823]
        dvar2: [0.0616557560861, 0.046788290143, 0.0546394325793, 0.0823944509029, 0.0767728984356, 0.0758417993784, 0.0846692025661, 0.130238741636, 0.122132301331, 0.0992450863123, 0.0739536061883, 0.0475941374898, 0.0400158390403, 0.0132882744074, 0.0315736085176, 0.0630429238081, 0.0390518344939, 0.0368569344282, 0.0500138625503, 0.0307418853045, 0.0423896387219, 0.0338811986148, 0.0180075876415, 0.0387737229466, 0.03300973773, 0.0647299736738, 0.0784672498703, 0.0361650958657, 0.0371430963278, 0.0530390031636, 0.0805554166436, 0.054583851248, 0.0747612789273, 0.0826242268085, 0.0900575071573, 0.0965669155121]
        max: [1, 1, 1, 1, 1, 1, 1, 1, 1, 1, 1, 1, 1, 0.691003024578, 1, 1, 0.908845663071, 0.80714148283, 1, 1, 0.919191002846, 1, 1, 1, 0.899285793304, 1, 1, 0.938558697701, 1, 1, 1, 0.967999219894, 1, 1, 1, 1]
        mean: [0.102690666914, 0.0905670821667, 0.19551473856, 0.333926349878, 0.284552365541, 0.187317281961, 0.160295322537, 0.151487439871, 0.317933708429, 0.420296430588, 0.250210016966, 0.132385119796, 0.114609755576, 0.100370377302, 0.1782335639, 0.226679325104, 0.145848825574, 0.19270978868, 0.295228719711, 0.207402601838, 0.183189123869, 0.203893378377, 0.161980032921, 0.176081776619, 0.181774243712, 0.157445415854, 0.124388441443, 0.0937532708049, 0.0855769664049, 0.211257383227, 0.320386528969, 0.218758016825, 0.232411846519, 0.336983501911, 0.249637141824, 0.143147364259]
        min: [0.00494941743091, 0.00574996462092, 0.00907612219453, 0.0107526201755, 0.00573513284326, 0.00717761507258, 0.00526558840647, 0.00707491161302, 0.00956996902823, 0.00838293600827, 0.0151611045003, 0.00451235705987, 0.00513129914179, 0.00428141094744, 0.00933675654233, 0.0118380310014, 0.00771754235029, 0.0128578236327, 0.0145191894844, 0.0096096675843, 0.00531696854159, 0.0103040970862, 0.00576632656157, 0.00274555268697, 0.00347732403316, 0.00406244769692, 0.00319874146953, 0.00195757485926, 0.00276229274459, 0.00405873218551, 0.005501171574, 0.00585923995823, 0.00467890035361, 0.00340719008818, 0.00427909335122, 0.00689801899716]
        var: [0.0213238392025, 0.0184168480337, 0.0414409302175, 0.0953569561243, 0.0799812227488, 0.0533414445817, 0.0397240184247, 0.0406353510916, 0.0818131864071, 0.11992970109, 0.047058865428, 0.0342941582203, 0.0253391601145, 0.0113538699225, 0.0450156889856, 0.0817149206996, 0.0252098366618, 0.0307359341532, 0.0858591124415, 0.0368699878454, 0.0402398407459, 0.0599951259792, 0.0349656529725, 0.0407434441149, 0.0302771553397, 0.0293228048831, 0.0269199647009, 0.013208729215, 0.0168229453266, 0.0379866622388, 0.088909111917, 0.0376484245062, 0.0587632805109, 0.126962229609, 0.0779249295592, 0.045710451901]
    chords_histogram: [17.5925922394, 14.3518514633, 17.1296291351, 0, 0, 0, 0, 0, 28.7037029266, 0, 0, 0, 0, 0, 0, 0, 0, 9.72222232819, 0, 0, 0, 0, 5.55555534363, 6.94444465637]
    thpcp: [1, 0.595317959785, 0.314980357885, 0.272687911987, 0.23880854249, 0.424066334963, 0.539332032204, 0.347014188766, 0.458509206772, 0.702429771423, 0.493467450142, 0.435856968164, 0.485118031502, 0.385394752026, 0.418946623802, 0.432490557432, 0.37460565567, 0.295954078436, 0.223064631224, 0.20361097157, 0.502638995647, 0.762287080288, 0.520485043526, 0.552971243858, 0.801775813103, 0.593954920769, 0.340586662292, 0.24432913959, 0.215483829379, 0.465182960033, 0.794501960278, 0.677027821541, 0.445678979158, 0.381386339664, 0.360430002213, 0.756451129913]
    chords_key: "C"
    chords_scale: "major"
    key_key: "G#"
    key_scale: "major"
    chords_progression: ["D#", "D#", "D#", "D#", "D#", "D#", "D#", "D#", "D#", "D#", "D#", "D#", "D#", "D#", "D#", "D#", "D#", "D#", "D#", "D#", "D#", "D#", "D#", "D#", "D#", "D#", "D#", "D#", "D#", "D#", "D#", "D#", "D#", "D#", "D#", "D#", "D#", "Cm", "Cm", "Cm", "Cm", "Cm", "Cm", "Cm", "Cm", "Cm", "Cm", "Cm", "Cm", "Cm", "Cm", "Cm", "Cm", "Cm", "Cm", "Cm", "Cm", "Cm", "Cm", "Cm", "Cm", "Cm", "Cm", "Cm", "Cm", "Cm", "Cm", "Cm", "C", "C", "C", "C", "C", "C", "C", "C", "C", "C", "C", "C", "C", "C", "C", "C", "C", "C", "C", "C", "C", "C", "C", "C", "C", "C", "C", "C", "C", "C", "C", "C", "C", "C", "C", "C", "C", "C", "C", "C", "C", "C", "C", "C", "C", "C", "C", "C", "C", "C", "C", "C", "C", "C", "C", "C", "C", "C", "C", "C", "C", "C", "Fm", "Fm", "Fm", "Fm", "Fm", "Fm", "Fm", "Fm", "Fm", "Fm", "Fm", "Fm", "Fm", "Fm", "Fm", "G#", "G#", "G#", "G#", "G#", "G#", "G#", "G#", "G#", "G#", "G#", "G#", "G#", "G#", "G#", "G#", "G#", "G#", "G#", "G#", "G#", "G#", "G#", "G#", "G#", "G#", "G#", "G#", "G#", "G#", "G#", "G#", "G#", "G#", "G#", "G#", "G#", "G#", "G#m", "G#m", "G#m", "G#m", "G#m", "G#m", "G#m", "G#m", "G#m", "G#m", "G#m", "G#m", "G#m", "G#m", "G#m", "G#m", "G#m", "G#m", "G#m", "G#m", "G#m", "C#", "C#", "C#", "C#", "C#", "C#", "C#", "C#", "C#", "C#", "C#", "C#"]
