
metadata:
    version:
        essentia: "1.2.2"
    audio_properties:
        analysis_sample_rate: 44100
        bitrate: 128
        channels: 2
        equal_loudness: 1
        length: 10.0832653046
        replay_gain: -2.64665031433
        downmix: "mix"
    tags:
        track: 28
        year: 0
        album: "Splitted by Mp3Splt v. 2.1"
        artist: "From 004.30 To 004.40"
        comment: "http://mp3splt.sf.net"
        genre: ""
        title: "06 Life Form Ends.mp3"

highlevel:
    ballroom:
        all:
            ChaChaCha: 0.0522545687854
            Jive: 0.0760954618454
            Quickstep: 0.323023855686
            Rumba-American: 0.00996659882367
            Rumba-International: 0.0100080557168
            Rumba-Misc: 0.0106921726838
            Samba: 0.448301076889
            Tango: 0.0149902487174
            VienneseWaltz: 0.0421082936227
            Waltz: 0.0125596607104
        probability: 0.448301076889
        value: "Samba"
    culture:
        all:
            non_western: 0.777955055237
            western: 0.222044959664
        probability: 0.777955055237
        value: "non_western"
    gender:
        all:
            female: 0.980399668217
            male: 0.0196003578603
        probability: 0.980399668217
        value: "female"
    genre_dortmund:
        all:
            alternative: 0.0410584583879
            blues: 0.0384704582393
            electronic: 0.356036067009
            folkcountry: 0.0547526068985
            funksoulrnb: 0.138973250985
            jazz: 0.063927821815
            pop: 0.154168605804
            raphiphop: 0.0631607323885
            rock: 0.0894519910216
        probability: 0.356036067009
        value: "electronic"
    genre_electronica:
        all:
            ambient: 0.705456376076
            dnb: 0.125878304243
            house: 0.0483227074146
            techno: 0.012763613835
            trance: 0.107578992844
        probability: 0.705456376076
        value: "ambient"
    genre_rosamerica:
        all:
            cla: 0.028156561777
            dan: 0.0611311905086
            hip: 0.0444236136973
            jaz: 0.0556656271219
            pop: 0.66850912571
            rhy: 0.0915759950876
            roc: 0.0452288500965
            spe: 0.00530903413892
        probability: 0.66850912571
        value: "pop"
    genre_tzanetakis:
        all:
            blu: 0.00207815994509
            cla: 0.00831680092961
            cou: 0.00901179201901
            dis: 0.0538496859372
            hip: 0.0040246299468
            jaz: 0.0223758015782
            met: 0.00193173997104
            pop: 0.822455704212
            reg: 0.0345862545073
            roc: 0.0413694009185
        probability: 0.822455704212
        value: "pop"
    live_studio:
        all:
            live: 0.694638073444
            studio: 0.305361926556
        probability: 0.694638073444
        value: "live"
    mood:
        all:
            Cluster1: 0.262037754059
            Cluster2: 0.356229245663
            Cluster3: 0.099768742919
            Cluster4: 0.252896696329
            Cluster5: 0.0290675554425
        probability: 0.356229245663
        value: "Cluster2"
    mood_acoustic:
        all:
            acoustic: 0.221630305052
            not_acoustic: 0.778369665146
        probability: 0.778369665146
        value: "not_acoustic"
    mood_aggressive:
        all:
            aggressive: 0.0634239390492
            not_aggressive: 0.936576068401
        probability: 0.936576068401
        value: "not_aggressive"
    mood_electronic:
        all:
            electronic: 0.913489758968
            not_electronic: 0.0865102261305
        probability: 0.913489758968
        value: "electronic"
    mood_happy:
        all:
            happy: 0.564134895802
            not_happy: 0.435865074396
        probability: 0.564134895802
        value: "happy"
    mood_party:
        all:
            not_party: 0.56553375721
            party: 0.434466272593
        probability: 0.56553375721
        value: "not_party"
    mood_relaxed:
        all:
            not_relaxed: 0.359409213066
            relaxed: 0.640590786934
        probability: 0.640590786934
        value: "relaxed"
    mood_sad:
        all:
            not_sad: 0.422616660595
            sad: 0.577383339405
        probability: 0.577383339405
        value: "sad"
    rhythm:
        all:
            fast: 0.953011274338
            medium: 0.0255622733384
            slow: 0.0214264765382
        probability: 0.953011274338
        value: "fast"
    speech_music:
        all:
            music: 0.0211524646729
            speech: 0.978847563267
        probability: 0.978847563267
        value: "speech"
    timbre:
        all:
            bright: 0.363166987896
            dark: 0.636833012104
        probability: 0.636833012104
        value: "dark"
    voice_instrumental:
        all:
            instrumental: 0.151044607162
            voice: 0.848955392838
        probability: 0.848955392838
        value: "voice"

lowlevel:
    average_loudness: 0.911117315292
    barkbands_kurtosis:
        dmean: 1.14780819416
        dmean2: 1.85238623619
        dvar: 2.41523551941
        dvar2: 5.8951010704
        max: 10.8570232391
        mean: 0.878271698952
        min: -1.81717097759
        var: 7.17679452896
    barkbands_skewness:
        dmean: 0.407209455967
        dmean2: 0.635904848576
        dvar: 0.144564077258
        dvar2: 0.385164737701
        max: 2.8515560627
        mean: 0.34326389432
        min: -1.44394731522
        var: 0.658258855343
    barkbands_spread:
        dmean: 4.13009119034
        dmean2: 6.87560272217
        dvar: 17.9258766174
        dvar2: 50.6433639526
        max: 52.5082855225
        mean: 19.3560161591
        min: 3.02926564217
        var: 100.876205444
    dissonance:
        dmean: 0.0334732234478
        dmean2: 0.0582171492279
        dvar: 0.00109527632594
        dvar2: 0.00310396985151
        max: 0.498885244131
        mean: 0.455347806215
        min: 0.149231478572
        var: 0.0014267709339
    hfc:
        dmean: 1.36953961849
        dmean2: 2.32152318954
        dvar: 10.2099752426
        dvar2: 29.2619724274
        max: 38.3679161072
        mean: 5.00839090347
        min: 0.00879907049239
        var: 16.8000106812
    pitch:
        dmean: 373.1980896
        dmean2: 697.694946289
        dvar: 528343.25
        dvar2: 1328422.75
        max: 4410
        mean: 686.582641602
        min: 96.0784301758
        var: 746452.625
    pitch_instantaneous_confidence:
        dmean: 0.0769775360823
        dmean2: 0.12443331629
        dvar: 0.00485933106393
        dvar2: 0.0135932331905
        max: 0.806954562664
        mean: 0.445779383183
        min: 0.117572784424
        var: 0.028329083696
    pitch_salience:
        dmean: 0.0599649660289
        dmean2: 0.0962353348732
        dvar: 0.0028840447776
        dvar2: 0.00738307181746
        max: 0.920839071274
        mean: 0.611392378807
        min: 0.326750248671
        var: 0.00905285030603
    silence_rate_20dB:
        dmean: 0
        dmean2: 0
        dvar: 0
        dvar2: 0
        max: 1
        mean: 1
        min: 1
        var: 0
    silence_rate_30dB:
        dmean: 0
        dmean2: 0
        dvar: 0
        dvar2: 0
        max: 1
        mean: 1
        min: 1
        var: 0
    silence_rate_60dB:
        dmean: 0.0967741906643
        dmean2: 0.191685914993
        dvar: 0.0874088034034
        dvar2: 0.178036913276
        max: 1
        mean: 0.616091966629
        min: 0
        var: 0.236522585154
    spectral_centroid:
        dmean: 229.314422607
        dmean2: 368.454589844
        dvar: 54348.125
        dvar2: 142550.4375
        max: 3189.53759766
        mean: 1612.42456055
        min: 580.509277344
        var: 332166.6875
    spectral_complexity:
        dmean: 2.21527767181
        dmean2: 3.69373559952
        dvar: 8.92356491089
        dvar2: 22.1150188446
        max: 41
        mean: 7.42494249344
        min: 0
        var: 20.1335067749
    spectral_crest:
        dmean: 2.36682701111
        dmean2: 3.91434884071
        dvar: 4.68797206879
        dvar2: 13.0406608582
        max: 21.6577529907
        mean: 8.94182395935
        min: 2.5172522068
        var: 17.4518947601
    spectral_decrease:
        dmean: 2.56788701414e-10
        dmean2: 4.25113555469e-10
        dvar: 2.74639369607e-19
        dvar2: 7.43579329199e-19
        max: -1.3990680359e-12
        mean: -7.71571417868e-10
        min: -5.37925659572e-09
        var: 5.17668497393e-19
    spectral_energy:
        dmean: 0.00108185398858
        dmean2: 0.00179110991303
        dvar: 5.05629304826e-06
        dvar2: 1.38118430186e-05
        max: 0.0237826425582
        mean: 0.00336636533029
        min: 6.07851416135e-06
        var: 9.18943260331e-06
    spectral_energyband_high:
        dmean: 9.15246055229e-05
        dmean2: 0.000155470625032
        dvar: 1.77716366068e-08
        dvar2: 4.69636560751e-08
        max: 0.00205922755413
        mean: 0.000258142943494
        min: 2.04659187375e-07
        var: 7.95058525682e-08
    spectral_energyband_low:
        dmean: 6.21742001385e-05
        dmean2: 0.000104849234049
        dvar: 2.94107973531e-08
        dvar2: 7.80017330726e-08
        max: 0.00236908555962
        mean: 8.31900251796e-05
        min: 2.41717534877e-09
        var: 3.34069909513e-08
    spectral_energyband_middle_high:
        dmean: 0.000762173556723
        dmean2: 0.00130030396394
        dvar: 3.15194688483e-06
        dvar2: 8.67030212248e-06
        max: 0.0177609808743
        mean: 0.00230750208721
        min: 4.79615800941e-06
        var: 5.98890983383e-06
    spectral_energyband_middle_low:
        dmean: 0.000511757039931
        dmean2: 0.000815814069938
        dvar: 7.928318837e-07
        dvar2: 1.8343590682e-06
        max: 0.00768050784245
        mean: 0.000717391027138
        min: 1.0744388419e-06
        var: 1.03646470961e-06
    spectral_flatness_db:
        dmean: 0.0179541371763
        dmean2: 0.0286296308041
        dvar: 0.000335268676281
        dvar2: 0.000908004585654
        max: 0.287206023932
        mean: 0.158692315221
        min: 0.0816087573767
        var: 0.00190945761278
    spectral_flux:
        dmean: 0.007067583967
        dmean2: 0.0114771230146
        dvar: 0.000124982034322
        dvar2: 0.000241777524934
        max: 0.135588765144
        mean: 0.0323135256767
        min: 0.0127582456917
        var: 0.000249988923315
    spectral_kurtosis:
        dmean: 1.6539850235
        dmean2: 2.74931168556
        dvar: 3.94424438477
        dvar2: 11.2689790726
        max: 22.5073890686
        mean: 4.41787672043
        min: 0.031601190567
        var: 14.5302991867
    spectral_rms:
        dmean: 0.000259124179138
        dmean2: 0.000423940480687
        dvar: 1.65248067674e-07
        dvar2: 4.20827490188e-07
        max: 0.00481690559536
        mean: 0.00168947223574
        min: 7.70081678638e-05
        var: 4.29945885116e-07
    spectral_rolloff:
        dmean: 472.733337402
        dmean2: 806.72064209
        dvar: 433712.25
        dvar2: 1168715
        max: 5060.30273438
        mean: 2756.59667969
        min: 818.26171875
        var: 1632019.75
    spectral_skewness:
        dmean: 0.204967662692
        dmean2: 0.336062788963
        dvar: 0.0452631637454
        dvar2: 0.124175772071
        max: 3.89289450645
        mean: 1.48660480976
        min: 0.420512527227
        var: 0.382923722267
    spectral_spread:
        dmean: 404640.65625
        dmean2: 659304.1875
        dvar: 419875979264
        dvar2: 957042720768
        max: 10242671
        mean: 4177692
        min: 1522488.125
        var: 1.40834583347e+12
    spectral_strongpeak:
        dmean: 0.348322898149
        dmean2: 0.569129407406
        dvar: 0.11160582304
        dvar2: 0.286538273096
        max: 3.45125031471
        mean: 0.9824873209
        min: 0.00385428452864
        var: 0.545270264149
    zerocrossingrate:
        dmean: 0.00703938817605
        dmean2: 0.00864971522242
        dvar: 3.83196929761e-05
        dvar2: 6.46296321065e-05
        max: 0.1552734375
        mean: 0.0887578055263
        min: 0.00830078125
        var: 0.000894864497241
    barkbands:
        dmean: [1.21647747164e-06, 2.04426796699e-05, 4.81179122289e-05, 2.81228058157e-05, 3.0676874303e-05, 0.000187220051885, 0.000151064188685, 7.95270461822e-05, 0.000162683485541, 0.00034450792009, 0.000189656057046, 0.000159803705174, 5.5777371017e-05, 0.000129005260533, 2.97963251796e-05, 6.50717993267e-05, 5.63572866668e-05, 5.90867311985e-05, 5.95271121711e-05, 7.65144723118e-05, 4.41545125796e-05, 9.79239575827e-06, 1.72455736447e-06, 9.24705204852e-07, 6.68387144742e-07, 1.01988328893e-08, 2.30251639977e-09]
        dmean2: [1.72654722519e-06, 3.51109301846e-05, 8.07514443295e-05, 4.94782325404e-05, 4.99082270835e-05, 0.000306189234834, 0.000255544524407, 0.000131980807055, 0.000243941598455, 0.00058541278122, 0.000319686922012, 0.000245249364525, 0.000104324215499, 0.000211630162084, 5.46518858755e-05, 0.000111404035124, 0.000103650330857, 0.0001027276885, 9.9913617305e-05, 0.000130327753141, 7.39936367609e-05, 1.5902429368e-05, 2.96082839668e-06, 1.51095650835e-06, 1.1460595033e-06, 1.80798789273e-08, 3.72785802227e-09]
        dvar: [6.99300383225e-12, 3.25547278024e-09, 1.88253501676e-08, 4.95709739923e-09, 3.4366534063e-09, 1.35831783155e-07, 1.09035759976e-07, 3.74398538838e-08, 2.71850893796e-07, 8.23582126941e-07, 1.31582169161e-07, 5.84753188093e-08, 8.08368056937e-08, 5.30128048126e-08, 9.18199472011e-09, 3.67447370309e-08, 7.23016384541e-08, 2.87318204784e-08, 2.5141106974e-08, 1.24501973175e-08, 6.02782224135e-09, 2.5063986997e-10, 1.05030662986e-11, 4.85457117214e-12, 5.31708184426e-12, 1.48479295824e-15, 1.86013828435e-17]
        dvar2: [1.11361518965e-11, 8.75230821151e-09, 4.99988850322e-08, 1.31859065888e-08, 8.35086400031e-09, 3.33942381303e-07, 2.87305795155e-07, 9.46738794028e-08, 5.43924102203e-07, 2.01470652428e-06, 3.80402894962e-07, 1.52446617108e-07, 2.37976749418e-07, 1.38971657293e-07, 2.66859814246e-08, 1.03218113168e-07, 2.13553221329e-07, 8.48764614148e-08, 7.05165561499e-08, 3.46484192448e-08, 1.64342335296e-08, 6.48596176767e-10, 2.77212783978e-11, 1.20332121004e-11, 1.42654169727e-11, 4.18218113135e-15, 4.59606529189e-17]
        max: [3.6033528886e-05, 0.000644569518045, 0.00185178348329, 0.000650699657854, 0.000852634431794, 0.00306122913025, 0.0028279281687, 0.00182956515346, 0.00733117107302, 0.0115168401971, 0.00436145579442, 0.00267949001864, 0.00313608511351, 0.0030797473155, 0.000871286203619, 0.0022093814332, 0.00351717649028, 0.00223126681522, 0.00199820101261, 0.00116770586465, 0.00112623744644, 0.000307428214001, 6.04529232078e-05, 5.91281168454e-05, 4.36637237726e-05, 6.61343392494e-07, 5.9524989382e-08]
        mean: [2.26686302085e-06, 2.48017186095e-05, 5.6262138969e-05, 2.66848983301e-05, 4.07113802794e-05, 0.00019505135424, 0.000143923258292, 8.21262510726e-05, 0.000195346510736, 0.000677097763401, 0.00037430410157, 0.00037933679414, 4.99185371154e-05, 0.000391843379475, 3.16195437335e-05, 7.24334240658e-05, 6.75327755744e-05, 0.000105916034954, 0.000129228792503, 0.000170126266312, 0.000108690153866, 2.97054066323e-05, 6.51653954264e-06, 3.55994666279e-06, 1.33837147587e-06, 1.46750691599e-08, 1.04463744321e-08]
        min: [1.03079600411e-09, 1.48244794218e-09, 4.11887940421e-10, 4.28944796349e-10, 2.47772469208e-09, 1.31522055469e-08, 7.20694259826e-08, 1.00382692381e-07, 6.20434377652e-07, 2.1767330054e-06, 8.08892593795e-07, 4.03271201321e-07, 9.99811788915e-08, 2.12225032215e-07, 2.16524416174e-08, 4.41976794718e-07, 1.83145360211e-07, 4.41235584958e-07, 2.59224492538e-07, 7.71939525634e-08, 5.33119006718e-08, 7.92609569089e-08, 2.69633915195e-09, 2.10637174369e-09, 1.51405377125e-09, 1.3421037285e-12, 9.40912348035e-10]
        var: [2.0984993257e-11, 3.46306938681e-09, 1.88904589749e-08, 4.25054080821e-09, 4.09918543554e-09, 1.33824940463e-07, 8.82473329966e-08, 3.30146505689e-08, 4.45234633162e-07, 2.8087604278e-06, 2.14058502479e-07, 1.87016041764e-07, 4.40331433538e-08, 3.78285761826e-07, 5.6076121524e-09, 2.48372433731e-08, 4.04349584926e-08, 2.32474874906e-08, 3.30741656285e-08, 3.63916754509e-08, 1.75241279265e-08, 1.77159875658e-09, 1.13035837634e-10, 5.11778466827e-11, 1.50546502348e-11, 3.13261985355e-15, 3.46630498911e-17]
    mfcc:
        mean: [-740.539978027, 103.645835876, -62.0539283752, 24.2425193787, -37.3535575867, 4.01041889191, 9.47445678711, -3.39993166924, -11.0137500763, -8.16952514648, -6.25153398514, 7.11881923676, 1.40335059166]
        cov: [[1482.3458252, -725.569519043, 105.790596008, -3.25021481514, 71.2229690552, -44.7494468689, -89.557975769, 37.2008552551, -27.4390239716, -22.3225440979, 43.9943847656, -77.4271011353, 22.3476696014], [-725.569519043, 1435.50280762, -30.2946529388, 45.2354507446, -5.84844589233, 43.7285461426, 58.7092971802, 64.1484985352, 136.797073364, 135.88218689, -53.2209815979, -43.5650482178, -145.402557373], [105.790596008, -30.2946529388, 367.773071289, 98.0892562866, 65.7264099121, -30.0651569366, -40.9434623718, 17.6269931793, 13.1613197327, 36.8568572998, 1.76510238647, -0.386487513781, -13.898018837], [-3.25021481514, 45.2354507446, 98.0892562866, 376.065032959, 109.044319153, 51.137336731, 9.32286834717, 0.683233618736, 21.6622390747, 32.7021369934, 54.6863479614, -6.06434869766, -13.2812614441], [71.2229690552, -5.84844589233, 65.7264099121, 109.044319153, 205.29750061, 72.1670227051, 10.1083812714, 20.8720264435, -49.4595413208, -0.972082495689, -2.89734983444, -14.7854967117, -24.2178440094], [-44.7494468689, 43.7285461426, -30.0651569366, 51.137336731, 72.1670227051, 165.979003906, 51.1481132507, 5.90424108505, -23.7779998779, -7.03962659836, 0.686716914177, -17.4340801239, -24.1517696381], [-89.557975769, 58.7092971802, -40.9434623718, 9.32286834717, 10.1083812714, 51.1481132507, 113.472557068, 57.4986419678, 14.4675531387, 6.41353368759, -19.0520191193, -24.3630828857, -37.3142814636], [37.2008552551, 64.1484985352, 17.6269931793, 0.683233618736, 20.8720264435, 5.90424108505, 57.4986419678, 190.880050659, 79.210609436, 55.0222511292, -7.07462072372, -81.9113616943, -95.8602981567], [-27.4390239716, 136.797073364, 13.1613197327, 21.6622390747, -49.4595413208, -23.7779998779, 14.4675531387, 79.210609436, 140.019699097, 58.9343032837, 8.7419757843, -36.1638145447, -41.8199195862], [-22.3225440979, 135.88218689, 36.8568572998, 32.7021369934, -0.972082495689, -7.03962659836, 6.41353368759, 55.0222511292, 58.9343032837, 98.188331604, 17.8884601593, -15.0096540451, -52.0848350525], [43.9943847656, -53.2209815979, 1.76510238647, 54.6863479614, -2.89734983444, 0.686716914177, -19.0520191193, -7.07462072372, 8.7419757843, 17.8884601593, 67.2405700684, 22.8653469086, 24.096830368], [-77.4271011353, -43.5650482178, -0.386487513781, -6.06434869766, -14.7854967117, -17.4340801239, -24.3630828857, -81.9113616943, -36.1638145447, -15.0096540451, 22.8653469086, 115.364082336, 87.4092712402], [22.3476696014, -145.402557373, -13.898018837, -13.2812614441, -24.2178440094, -24.1517696381, -37.3142814636, -95.8602981567, -41.8199195862, -52.0848350525, 24.096830368, 87.4092712402, 134.570343018]]
        icov: [[0.00110663264059, 0.000543917587493, -0.000122940575238, 0.000211007456528, -0.000518738816027, 0.000139772120747, 0.000605083536357, -1.40505007948e-05, -0.000110020111606, -0.000498079811223, -0.000455489993328, 0.00148150871973, -0.000606156012509], [0.000543917587493, 0.00126317259856, 0.000186021716218, -3.15430952469e-05, -0.000340165366651, -0.000185438460903, 0.000256631523371, 0.000587582529988, -0.000950745423324, -0.00129261403345, 0.000990458182059, 7.53354906919e-05, 0.000663795159198], [-0.000122940575238, 0.000186021716218, 0.0035701522138, -0.00096290447982, -0.000912047806196, 0.000658333301544, 0.00147414964158, -0.000458930706372, -0.000194027714315, -0.00139598629903, 0.00186381977983, -0.000766114215367, 9.42258557188e-05], [0.000211007456528, -3.15430952469e-05, -0.00096290447982, 0.00448853336275, -0.00265384768136, -2.62038647634e-05, -0.00145583297126, 0.00200307928026, -0.00184133427683, 0.000164937984664, -0.00443453807384, 0.00122495531105, 0.000305343506625], [-0.000518738816027, -0.000340165366651, -0.000912047806196, -0.00265384768136, 0.00929840933532, -0.0032179702539, 0.00161005172413, -0.00332002807409, 0.00491367978975, -0.000257612235146, 0.00251318956725, -0.00109565956518, 0.000228722637985], [0.000139772120747, -0.000185438460903, 0.000658333301544, -2.62038647634e-05, -0.0032179702539, 0.00934922881424, -0.00436023948714, 0.00203373585828, 0.000394741102355, 0.000983710284345, -0.00272805220447, 0.00136813079007, 0.0012835864909], [0.000605083536357, 0.000256631523371, 0.00147414964158, -0.00145583297126, 0.00161005172413, -0.00436023948714, 0.0149900121614, -0.00564970588312, 0.000627884408459, 0.000291080563329, 0.00505901966244, -0.00206520804204, 0.000567878480069], [-1.40505007948e-05, 0.000587582529988, -0.000458930706372, 0.00200307928026, -0.00332002807409, 0.00203373585828, -0.00564970588312, 0.0136691965163, -0.00556544307619, -0.0017032235628, -0.00322326389141, 0.00422248616815, 0.00417131744325], [-0.000110020111606, -0.000950745423324, -0.000194027714315, -0.00184133427683, 0.00491367978975, 0.000394741102355, 0.000627884408459, -0.00556544307619, 0.0152389574796, -0.00538183981553, 0.000282823777525, 0.0028648392763, -0.00330478791147], [-0.000498079811223, -0.00129261403345, -0.00139598629903, 0.000164937984664, -0.000257612235146, 0.000983710284345, 0.000291080563329, -0.0017032235628, -0.00538183981553, 0.0224377214909, -0.00754087837413, -0.00710396468639, 0.0105323409662], [-0.000455489993328, 0.000990458182059, 0.00186381977983, -0.00443453807384, 0.00251318956725, -0.00272805220447, 0.00505901966244, -0.00322326389141, 0.000282823777525, -0.00754087837413, 0.0257717706263, -0.00355478189886, -0.00516656180844], [0.00148150871973, 7.53354906919e-05, -0.000766114215367, 0.00122495531105, -0.00109565956518, 0.00136813079007, -0.00206520804204, 0.00422248616815, 0.0028648392763, -0.00710396468639, -0.00355478189886, 0.0240171495825, -0.0144621878862], [-0.000606156012509, 0.000663795159198, 9.42258557188e-05, 0.000305343506625, 0.000228722637985, 0.0012835864909, 0.000567878480069, 0.00417131744325, -0.00330478791147, 0.0105323409662, -0.00516656180844, -0.0144621878862, 0.0250576660037]]
    spectral_contrast:
        mean: [-3.48490999613e-07, 1.71492402501e-07, 1.02346540132e-07, 4.98311365504e-08, 1.53829535776e-08, 5.43393412045e-07, 2.28132307711e-06, -3.51846352942e-07, -2.09882682611e-06, -7.21312574115e-08, -2.04169987228e-06, 8.99162898804e-07]
        var: [0.000387479260098, 0.000668576511089, 0.00265378691256, 0.00315576256253, 0.00402888935059, 0.00672231381759, 0.0792477428913, 0.118017219007, 0.1477009058, 0.306259512901, 0.614347875118, 0.991111814976]

rhythm:
    beats_loudness:
        dmean: 0.00166444235947
        dmean2: 0.00280846725218
        dvar: 1.79310654858e-06
        dvar2: 3.61628917744e-06
        max: 0.0108425235376
        mean: 0.00360409333371
        min: 0.00115557806566
        var: 6.23672849542e-06
    beats_loudness_bass:
        dmean: 0.0757131353021
        dmean2: 0.134728819132
        dvar: 0.00810117088258
        dvar2: 0.0128199430183
        max: 0.331429183483
        mean: 0.063868612051
        min: 0.000567788840272
        var: 0.00919024739414
    bpm: 117.827362061
    bpm_confidence: 0
    first_peak_bpm: 118
    first_peak_spread: 0
    first_peak_weight: 0.523809552193
    onset_rate: 3.27274942398
    second_peak_bpm: 146
    second_peak_spread: 0
    second_peak_weight: 0.428571432829
    beats_position: [0.101328387856, 0.610656023026, 1.1199836731, 1.62931132317, 2.13863897324, 2.64796686172, 3.1572945118, 3.66662192345, 4.17594957352, 4.68527698517, 5.19460439682, 5.70393180847, 6.25471735001, 6.66555166245, 7.07638645172, 7.487221241, 7.89805603027, 8.30889129639, 8.71972560883, 9.13055992126, 9.54139518738, 9.95222949982]
    bpm_estimates: [115.381698608, 118.218978882, 117.527038574, 120.181747437]
    bpm_intervals: [0.50932765007, 0.50932765007, 0.50932765007, 0.50932765007, 0.509327888489, 0.50932765007, 0.509327411652, 0.50932765007, 0.509327411652, 0.509327411652, 0.509327411652, 0.550785541534, 0.410834312439, 0.410834789276, 0.410834789276, 0.410834789276, 0.410835266113, 0.410834312439, 0.410834312439, 0.410835266113, 0.410834312439]
    onset_times: [0.0580498874187, 0.626938760281, 1.20743763447, 1.42802715302, 1.53251695633, 1.62539684772, 1.72988665104, 1.83437645435, 2.17106580734, 2.42648530006, 2.50775504112, 2.54258513451, 2.68190479279, 2.85605430603, 3.01859402657, 3.45977330208, 3.7151927948, 3.9125623703, 3.94739222527, 4.04027223587, 4.42340135574, 4.48145103455, 5.34058952332, 5.42185926437, 5.50312948227, 6.66412687302, 7.83673477173, 8.16181373596, 8.85841274261, 9.07900238037, 9.41569137573, 9.4853515625, 9.8800907135]
    rubato_start: [6.66555166245]
    rubato_stop: [7.07638645172]
    perceptual_tempo: "unknown"

sfx:
    inharmonicity:
        dmean: 0.0673459097743
        dmean2: 0.117452956736
        dvar: 0.004391501192
        dvar2: 0.0113549716771
        max: 0.407331943512
        mean: 0.0769095271826
        min: 0
        var: 0.00645962310955
    oddtoevenharmonicenergyratio:
        dmean: 13.8810806274
        dmean2: 26.4763679504
        dvar: 1853.35339355
        dvar2: 5286.91162109
        max: 383.933959961
        mean: 8.14202022552
        min: 0
        var: 1129.13745117
    pitch_after_max_to_before_max_energy_ratio: 5.66724443436
    pitch_centroid: 236.442581177
    pitch_max_to_total: 0.355658203363
    pitch_min_to_total: 0.397228628397
    tristimulus:
        dmean: [0.246807172894, 0.282869935036, 0.136047169566]
        dmean2: [0.43595930934, 0.501151382923, 0.235135734081]
        dvar: [0.0556826554239, 0.0564752817154, 0.0153060276061]
        dvar2: [0.158398702741, 0.165391296148, 0.0384496711195]
        max: [1, 0.992259085178, 0.73310059309]
        mean: [0.324915021658, 0.494234144688, 0.154894769192]
        min: [0.00774091761559, 0, 0]
        var: [0.0692243054509, 0.066903822124, 0.0250196736306]

tonal:
    chords_changes_rate: 0.0550458729267
    chords_number_rate: 0.0275229364634
    chords_strength:
        dmean: 0.0101579073817
        dmean2: 0.0102644916624
        dvar: 5.30866745976e-05
        dvar2: 6.18338235654e-05
        max: 0.624301433563
        mean: 0.432472288609
        min: 0.250062406063
        var: 0.0118339499459
    key_strength: 0.750504910946
    tuning_diatonic_strength: 0.574982821941
    tuning_equal_tempered_deviation: 0.160376399755
    tuning_frequency: 432.191345215
    tuning_nontempered_energy_ratio: 0.679780185223
    hpcp:
        dmean: [0.150763720274, 0.153557643294, 0.142670273781, 0.127543732524, 0.0782507807016, 0.0880981460214, 0.0913878306746, 0.116012945771, 0.170647859573, 0.198627412319, 0.14641161263, 0.105525076389, 0.103534854949, 0.0929662287235, 0.10724849999, 0.115749500692, 0.111515529454, 0.104849025607, 0.110371567309, 0.0654608756304, 0.0469507165253, 0.0550858080387, 0.0695137009025, 0.0798325017095, 0.0797311961651, 0.100920833647, 0.115645185113, 0.139501854777, 0.138064786792, 0.161354824901, 0.175672128797, 0.158564895391, 0.164927661419, 0.135046795011, 0.122740879655, 0.135310158134]
        dmean2: [0.239232346416, 0.23472289741, 0.22221134603, 0.207574367523, 0.132126346231, 0.150785192847, 0.161839663982, 0.200415998697, 0.282548248768, 0.320856302977, 0.237358540297, 0.184337347746, 0.176440790296, 0.155708387494, 0.175819501281, 0.184748113155, 0.179993912578, 0.171358302236, 0.173458993435, 0.104269810021, 0.080525316298, 0.0913334190845, 0.113176040351, 0.133496463299, 0.129925727844, 0.157750293612, 0.19404655695, 0.254222303629, 0.230985239148, 0.277837485075, 0.296204298735, 0.257941871881, 0.277604132891, 0.230693265796, 0.192133635283, 0.226532489061]
        dvar: [0.0349371768534, 0.035466182977, 0.0333234742284, 0.0290400777012, 0.016514884308, 0.0244395527989, 0.0208672136068, 0.0214983876795, 0.0324779637158, 0.0390137657523, 0.0251014195383, 0.0335967354476, 0.032895822078, 0.0204601529986, 0.012746992521, 0.0266686305404, 0.0168558657169, 0.0143770519644, 0.0170644354075, 0.00583177851513, 0.00399847468361, 0.00846974179149, 0.0101930629462, 0.0164382141083, 0.0148889943957, 0.0149699496105, 0.0219605267048, 0.0438965782523, 0.0381720773876, 0.0291691701859, 0.0390216074884, 0.0268917046487, 0.0405075363815, 0.0280542504042, 0.0220854599029, 0.0292317196727]
        dvar2: [0.0794196054339, 0.0745316594839, 0.0801148414612, 0.0658925175667, 0.0381046831608, 0.0660886913538, 0.0572173558176, 0.063721768558, 0.0925374627113, 0.0973520129919, 0.067521110177, 0.0989661887288, 0.0891435071826, 0.0497183389962, 0.0303527973592, 0.0617279261351, 0.0466103330255, 0.0365904904902, 0.044538538903, 0.0158250257373, 0.0104093318805, 0.0228032246232, 0.0259052272886, 0.0430277772248, 0.0357756018639, 0.0363996215165, 0.0601738207042, 0.120552964509, 0.0913041681051, 0.0737309381366, 0.0924966409802, 0.0620470494032, 0.104722984135, 0.0705102235079, 0.0564897470176, 0.0797228366137]
        max: [1, 1, 1, 1, 1, 1, 1, 0.874227702618, 1, 1, 1, 1, 1, 0.99391490221, 0.842032551765, 1, 1, 0.886772692204, 0.860446155071, 0.50960111618, 0.458576351404, 0.721715271473, 0.77913993597, 0.944370687008, 0.917032182217, 1, 0.920364916325, 1, 1, 1, 1, 1, 1, 1, 1, 1]
        mean: [0.228725463152, 0.198902323842, 0.204529821873, 0.171701326966, 0.116665959358, 0.111947916448, 0.119808636606, 0.148161023855, 0.334473699331, 0.476747453213, 0.29071855545, 0.126990437508, 0.127447500825, 0.121848218143, 0.26568749547, 0.435923337936, 0.293178796768, 0.161654695868, 0.165243253112, 0.0991162210703, 0.0610667690635, 0.0677614584565, 0.0874472558498, 0.0971371978521, 0.101198062301, 0.114610940218, 0.123038128018, 0.133562028408, 0.162209928036, 0.323844343424, 0.452310204506, 0.328388154507, 0.20158675313, 0.164457157254, 0.174690306187, 0.227272301912]
        min: [0.00616302341223, 0.00700238766149, 0.00588179379702, 0.00509456824511, 0, 0, 0, 2.01842021852e-06, 0.00859602168202, 0.0168214961886, 0.00822749454528, 0.00136341352481, 0.00385511410423, 0.00331804249436, 0.00326830940321, 0.00305953063071, 0.0033841188997, 0.00814716424793, 0, 0, 0, 0.00260276696645, 0.00330553366803, 0.00187221507076, 0.00224995450117, 0.0016689945478, 0.00399247882888, 0.000437080365373, 0.00369878928177, 0.00537016196176, 0.00798985082656, 0.00740594323725, 0.00470983749256, 0.00220475555398, 0.00443098926917, 0.00504539674148]
        var: [0.0678822174668, 0.0557310543954, 0.048721767962, 0.0390418916941, 0.0206995606422, 0.024653211236, 0.0237706378102, 0.0246780402958, 0.0509894229472, 0.104928158224, 0.0466146543622, 0.0331944972277, 0.0326915718615, 0.0237827710807, 0.0496188402176, 0.167497009039, 0.0642229020596, 0.0193023700267, 0.0259224008769, 0.00808355677873, 0.00485109444708, 0.00844051130116, 0.0128514766693, 0.0190592352301, 0.0213845577091, 0.0232833642513, 0.0219917148352, 0.0332918725908, 0.0509586110711, 0.0661442503333, 0.127842709422, 0.0620832182467, 0.0610958896577, 0.0377167463303, 0.0439832732081, 0.069356046617]
    chords_histogram: [45.4128456116, 0, 29.3577976227, 0, 0, 0, 0, 1.37614679337, 0, 9.17431163788, 0, 3.21100926399, 0, 0, 0, 0, 0, 0, 0, 0, 0, 0, 11.4678897858, 0]
    thpcp: [1, 0.609795689583, 0.266368359327, 0.267327070236, 0.255582302809, 0.557291924953, 0.914369523525, 0.614956200123, 0.339078247547, 0.346605420113, 0.207900896668, 0.128090396523, 0.142132818699, 0.183424696326, 0.203749805689, 0.212267652154, 0.240401789546, 0.258078217506, 0.280152589083, 0.340242892504, 0.679278612137, 0.948741734028, 0.688809454441, 0.422837615013, 0.344956547022, 0.366421043873, 0.476714253426, 0.47976231575, 0.41720688343, 0.42901083827, 0.360151529312, 0.244712293148, 0.234815970063, 0.251304209232, 0.31077465415, 0.701574146748]
    chords_key: "C"
    chords_scale: "minor"
    key_key: "C"
    key_scale: "minor"
    chords_progression: ["Cm", "Cm", "Cm", "Cm", "Cm", "Cm", "Cm", "Cm", "Cm", "Cm", "Cm", "Cm", "Cm", "Cm", "Cm", "Cm", "Cm", "Cm", "Cm", "Cm", "Cm", "Cm", "Cm", "Cm", "Cm", "Cm", "Cm", "Cm", "Cm", "Cm", "Cm", "Cm", "Cm", "Cm", "Cm", "Cm", "Cm", "Cm", "Cm", "Cm", "Cm", "Cm", "Cm", "Cm", "Cm", "Cm", "Cm", "Cm", "Cm", "Cm", "Cm", "C", "Cm", "Cm", "Cm", "G", "G", "G", "Gm", "Gm", "Gm", "Gm", "Gm", "Gm", "Gm", "Gm", "Gm", "Gm", "Gm", "Gm", "Gm", "Gm", "Gm", "Gm", "Gm", "Gm", "Gm", "Gm", "G", "G", "G", "G", "G", "G", "G", "G", "G", "G", "G", "G", "G", "G", "G", "G", "G", "Cm", "Cm", "Cm", "Cm", "Cm", "Cm", "Cm", "Cm", "Cm", "Cm", "Cm", "Cm", "Cm", "Cm", "Cm", "Cm", "Cm", "Cm", "Cm", "Cm", "Cm", "Cm", "Cm", "Cm", "Cm", "Cm", "Cm", "Cm", "Cm", "Cm", "Cm", "Cm", "Cm", "Cm", "Cm", "Cm", "Cm", "Cm", "Cm", "Cm", "Cm", "Cm", "Cm", "Cm", "Cm", "C", "C", "Gm", "Gm", "Gm", "Gm", "Gm", "Gm", "Gm", "Gm", "Gm", "Gm", "Gm", "Gm", "Gm", "Gm", "Gm", "Gm", "Gm", "Gm", "Gm", "Gm", "Gm", "Gm", "Gm", "Gm", "Gm", "Gm", "Gm", "Gm", "Gm", "Gm", "Gm", "Gm", "Gm", "Gm", "Gm", "Gm", "Gm", "Gm", "Gm", "Gm", "Gm", "D", "D", "D", "D", "Gm", "Gm", "Gm", "D", "D", "D", "Fm", "Fm", "Fm", "Fm", "Fm", "Fm", "Fm", "Fm", "Fm", "Fm", "Fm", "Fm", "Fm", "Fm", "Fm", "Fm", "Fm", "Fm", "Fm", "Fm", "Fm", "Fm", "Fm", "Fm", "Fm"]
