
metadata:
    version:
        essentia: "1.2.2"
    audio_properties:
        analysis_sample_rate: 44100
        bitrate: 128
        channels: 2
        equal_loudness: 1
        length: 10.0571432114
        replay_gain: -12.5537071228
        downmix: "mix"
    tags:
        track: 24
        year: 0
        album: "Splitted by Mp3Splt v. 2.1"
        artist: "From 003.50 To 004.00"
        comment: "http://mp3splt.sf.net"
        genre: ""
        title: "14 Chocolate Covered Cherry.mp"

highlevel:
    ballroom:
        all:
            ChaChaCha: 0.127359300852
            Jive: 0.0924082174897
            Quickstep: 0.0227141212672
            Rumba-American: 0.00162377150264
            Rumba-International: 0.00145452807192
            Rumba-Misc: 0.000948807923123
            Samba: 0.75120729208
            Tango: 0.000887411646545
            VienneseWaltz: 0.000748624501284
            Waltz: 0.000647924724035
        probability: 0.75120729208
        value: "Samba"
    culture:
        all:
            non_western: 0.254702329636
            western: 0.745297670364
        probability: 0.745297670364
        value: "western"
    gender:
        all:
            female: 0.922085523605
            male: 0.0779144987464
        probability: 0.922085523605
        value: "female"
    genre_dortmund:
        all:
            alternative: 0.00220159185119
            blues: 0.00421615131199
            electronic: 0.053055267781
            folkcountry: 0.00107892113738
            funksoulrnb: 0.00586452614516
            jazz: 0.00781084736809
            pop: 0.00410794792697
            raphiphop: 0.855906188488
            rock: 0.0657585859299
        probability: 0.855906188488
        value: "raphiphop"
    genre_electronica:
        all:
            ambient: 0.0842820778489
            dnb: 0.537728369236
            house: 0.26871946454
            techno: 0.0916507542133
            trance: 0.0176193006337
        probability: 0.537728369236
        value: "dnb"
    genre_rosamerica:
        all:
            cla: 0.00283654569648
            dan: 0.0423932261765
            hip: 0.902978360653
            jaz: 0.00492258695886
            pop: 0.0138656711206
            rhy: 0.0140865026042
            roc: 0.0175777897239
            spe: 0.00133932381868
        probability: 0.902978360653
        value: "hip"
    genre_tzanetakis:
        all:
            blu: 0.00235432712361
            cla: 0.00170019327197
            cou: 0.00453191902488
            dis: 0.232559368014
            hip: 0.24930793047
            jaz: 0.00285860383883
            met: 0.00611672643572
            pop: 0.26870444417
            reg: 0.224686235189
            roc: 0.00718026049435
        probability: 0.26870444417
        value: "pop"
    live_studio:
        all:
            live: 0.00915111601353
            studio: 0.990848898888
        probability: 0.990848898888
        value: "studio"
    mood:
        all:
            Cluster1: 0.337458103895
            Cluster2: 0.141266420484
            Cluster3: 0.0161306262016
            Cluster4: 0.0552553795278
            Cluster5: 0.449889451265
        probability: 0.449889451265
        value: "Cluster5"
    mood_acoustic:
        all:
            acoustic: 0.0107620889321
            not_acoustic: 0.989237904549
        probability: 0.989237904549
        value: "not_acoustic"
    mood_aggressive:
        all:
            aggressive: 0.849941253662
            not_aggressive: 0.150058746338
        probability: 0.849941253662
        value: "aggressive"
    mood_electronic:
        all:
            electronic: 0.824622392654
            not_electronic: 0.175377577543
        probability: 0.824622392654
        value: "electronic"
    mood_happy:
        all:
            happy: 0.196675136685
            not_happy: 0.803324878216
        probability: 0.803324878216
        value: "not_happy"
    mood_party:
        all:
            not_party: 0.0632911175489
            party: 0.93670886755
        probability: 0.93670886755
        value: "party"
    mood_relaxed:
        all:
            not_relaxed: 0.940245211124
            relaxed: 0.0597547702491
        probability: 0.940245211124
        value: "not_relaxed"
    mood_sad:
        all:
            not_sad: 0.942815482616
            sad: 0.0571844987571
        probability: 0.942815482616
        value: "not_sad"
    rhythm:
        all:
            fast: 0.885193586349
            medium: 0.0976747199893
            slow: 0.0171317029744
        probability: 0.885193586349
        value: "fast"
    speech_music:
        all:
            music: 0.998383462429
            speech: 0.00161656620912
        probability: 0.998383462429
        value: "music"
    timbre:
        all:
            bright: 0.321698784828
            dark: 0.678301215172
        probability: 0.678301215172
        value: "dark"
    voice_instrumental:
        all:
            instrumental: 0.0115160048008
            voice: 0.988484025002
        probability: 0.988484025002
        value: "voice"

lowlevel:
    average_loudness: 0.92444974184
    barkbands_kurtosis:
        dmean: 2.26274251938
        dmean2: 3.49785470963
        dvar: 18.3173465729
        dvar2: 36.6380310059
        max: 54.644618988
        mean: 1.14208817482
        min: -1.80597150326
        var: 28.3096561432
    barkbands_skewness:
        dmean: 0.727983772755
        dmean2: 1.00110507011
        dvar: 0.58859539032
        dvar2: 1.02691578865
        max: 6.63250637054
        mean: 0.0473471470177
        min: -2.92867803574
        var: 2.00069379807
    barkbands_spread:
        dmean: 9.57891368866
        dmean2: 14.6838617325
        dvar: 79.0307998657
        dvar2: 187.769073486
        max: 68.700012207
        mean: 32.8034362793
        min: 2.73681354523
        var: 231.343017578
    dissonance:
        dmean: 0.0171858016402
        dmean2: 0.0262933243066
        dvar: 0.000818225380499
        dvar2: 0.00121062155813
        max: 0.499343544245
        mean: 0.469363123178
        min: 0.054847817868
        var: 0.00118605582975
    hfc:
        dmean: 2.18995690346
        dmean2: 2.68693304062
        dvar: 8.25291252136
        dvar2: 11.6042490005
        max: 31.0213489532
        mean: 4.24509811401
        min: 7.95256855781e-05
        var: 30.7500553131
    pitch:
        dmean: 903.60333252
        dmean2: 1664.78649902
        dvar: 1736583.5
        dvar2: 3412538
        max: 4410
        mean: 1324.96777344
        min: 75
        var: 2385778.75
    pitch_instantaneous_confidence:
        dmean: 0.109905391932
        dmean2: 0.173093795776
        dvar: 0.0107415039092
        dvar2: 0.0249925479293
        max: 0.91932964325
        mean: 0.420408189297
        min: 0.140467107296
        var: 0.0237333048135
    pitch_salience:
        dmean: 0.0790776461363
        dmean2: 0.122471310198
        dvar: 0.00461378833279
        dvar2: 0.0110642602667
        max: 0.946740865707
        mean: 0.617751777172
        min: 0.303687304258
        var: 0.0111204432324
    silence_rate_20dB:
        dmean: 0
        dmean2: 0
        dvar: 0
        dvar2: 0
        max: 1
        mean: 1
        min: 1
        var: 0
    silence_rate_30dB:
        dmean: 0
        dmean2: 0
        dvar: 0
        dvar2: 0
        max: 1
        mean: 1
        min: 1
        var: 0
    silence_rate_60dB:
        dmean: 0.124423965812
        dmean2: 0.249422639608
        dvar: 0.108942426741
        dvar2: 0.191829502583
        max: 1
        mean: 0.72413790226
        min: 0
        var: 0.199762418866
    spectral_centroid:
        dmean: 456.782440186
        dmean2: 635.258422852
        dvar: 251745.109375
        dvar2: 397915.78125
        max: 4328.12207031
        mean: 1840.75646973
        min: 156.530349731
        var: 807354.1875
    spectral_complexity:
        dmean: 3.31336402893
        dmean2: 4.34411096573
        dvar: 19.9017944336
        dvar2: 29.3573150635
        max: 42
        mean: 6.60689640045
        min: 0
        var: 56.2615737915
    spectral_crest:
        dmean: 2.44342017174
        dmean2: 3.87149977684
        dvar: 4.50725746155
        dvar2: 11.6327371597
        max: 19.6882190704
        mean: 8.07182407379
        min: 2.70545291901
        var: 10.7209825516
    spectral_decrease:
        dmean: 3.45094369747e-10
        dmean2: 4.77753503425e-10
        dvar: 2.86254691467e-19
        dvar2: 6.33876413314e-19
        max: -5.69908161462e-15
        mean: -5.80388181959e-10
        min: -4.45331860277e-09
        var: 5.83566306182e-19
    spectral_energy:
        dmean: 0.00146266177762
        dmean2: 0.00196869927458
        dvar: 4.6540862968e-06
        dvar2: 9.8461205198e-06
        max: 0.019277960062
        mean: 0.00257556186989
        min: 2.87229084961e-08
        var: 1.08724043457e-05
    spectral_energyband_high:
        dmean: 0.000181269191671
        dmean2: 0.000232725215028
        dvar: 1.1802181632e-07
        dvar2: 2.05123157571e-07
        max: 0.00252725696191
        mean: 0.000221751266508
        min: 2.7536051217e-09
        var: 2.06410334158e-07
    spectral_energyband_low:
        dmean: 0.000520899950061
        dmean2: 0.000873848272022
        dvar: 1.33431205995e-06
        dvar2: 3.42736666425e-06
        max: 0.00835310202092
        mean: 0.000504911178723
        min: 2.5570243839e-11
        var: 1.14612907964e-06
    spectral_energyband_middle_high:
        dmean: 0.000607491994742
        dmean2: 0.00079686351819
        dvar: 9.6390112958e-07
        dvar2: 1.68635949649e-06
        max: 0.0110938828439
        mean: 0.00134660885669
        min: 2.48379663503e-08
        var: 4.63194419353e-06
    spectral_energyband_middle_low:
        dmean: 0.000469346705358
        dmean2: 0.000783370109275
        dvar: 9.95877144305e-07
        dvar2: 2.63100014308e-06
        max: 0.00657181348652
        mean: 0.000502277165651
        min: 1.10387654573e-09
        var: 8.08577055977e-07
    spectral_flatness_db:
        dmean: 0.0232622157782
        dmean2: 0.0349595323205
        dvar: 0.000564938993193
        dvar2: 0.00118261622265
        max: 0.294622451067
        mean: 0.146526604891
        min: 0.0766587629914
        var: 0.00153439596761
    spectral_flux:
        dmean: 0.0116335265338
        dmean2: 0.0164104923606
        dvar: 0.000203907795367
        dvar2: 0.000407866813475
        max: 0.106878206134
        mean: 0.0314951762557
        min: 0.000169478342286
        var: 0.000569673837163
    spectral_kurtosis:
        dmean: 1.69494736195
        dmean2: 2.53510928154
        dvar: 8.19836521149
        dvar2: 19.149772644
        max: 29.1347618103
        mean: 2.78396582603
        min: -0.579126596451
        var: 14.1986179352
    spectral_rms:
        dmean: 0.000422785087721
        dmean2: 0.000539154687431
        dvar: 2.49521093565e-07
        dvar2: 4.61802301288e-07
        max: 0.00433679204434
        mean: 0.00131604948547
        min: 5.29361386725e-06
        var: 7.80754930929e-07
    spectral_rolloff:
        dmean: 753.512329102
        dmean2: 1166.62194824
        dvar: 766211.75
        dvar2: 1339668.25
        max: 6244.62890625
        mean: 3224.18847656
        min: 150.732421875
        var: 2045386.25
    spectral_skewness:
        dmean: 0.281534284353
        dmean2: 0.381509184837
        dvar: 0.0927162691951
        dvar2: 0.187187388539
        max: 3.66826057434
        mean: 1.24446189404
        min: 0.313282549381
        var: 0.332869917154
    spectral_spread:
        dmean: 1042335.5
        dmean2: 1364606.375
        dvar: 1.17528553062e+12
        dvar2: 1.83793142989e+12
        max: 17838424
        mean: 6405711
        min: 1533989.125
        var: 4.9123468247e+12
    spectral_strongpeak:
        dmean: 0.322247445583
        dmean2: 0.544871389866
        dvar: 0.331535995007
        dvar2: 0.709797501564
        max: 5.62820529938
        mean: 0.482436269522
        min: 0.000829880009405
        var: 0.655570983887
    zerocrossingrate:
        dmean: 0.0184230543673
        dmean2: 0.0172939524055
        dvar: 0.000234586012084
        dvar2: 0.000243738206336
        max: 0.20263671875
        mean: 0.103992678225
        min: 0.00830078125
        var: 0.00151447032113
    barkbands:
        dmean: [6.15726321485e-07, 0.000156842710567, 0.000394041853724, 0.000195840126253, 0.000168494632817, 8.40655775391e-05, 2.79338455584e-05, 1.62627693499e-05, 1.45438862091e-05, 3.41263548762e-05, 4.33231980423e-05, 9.33537303354e-05, 9.91131091723e-05, 8.33153026178e-05, 9.17987854336e-05, 0.000118804935482, 0.000129070409457, 0.000114315756946, 0.000113087116915, 9.84482903732e-05, 7.69658727222e-05, 3.8397811295e-05, 7.82888855611e-06, 3.32801801051e-06, 1.55688701398e-06, 6.30529797263e-08, 1.24594767836e-09]
        dmean2: [5.12366625571e-07, 0.000268678355496, 0.000665226369165, 0.000345265172655, 0.000282426801277, 0.00014555756934, 4.52936910733e-05, 2.32492056966e-05, 2.12155846384e-05, 5.31046061951e-05, 7.11731699994e-05, 0.000155059475219, 0.000142484088428, 0.000135419817525, 0.000131724606035, 0.000184205666301, 0.000179889437277, 0.000168618716998, 0.000166813610122, 0.00013609486632, 9.30027381401e-05, 5.27586853423e-05, 1.16021456051e-05, 4.62864909423e-06, 2.11300175579e-06, 9.38964959118e-08, 1.90706805903e-09]
        dvar: [1.00954173406e-12, 1.17609573635e-07, 7.63504317547e-07, 2.62098978965e-07, 1.35783437827e-07, 6.67536781407e-08, 5.60090196444e-09, 8.0869816399e-10, 1.03555064523e-09, 4.81474282665e-09, 3.70259449767e-08, 1.86563013926e-07, 2.23300943958e-07, 1.15291285852e-07, 8.2265351864e-08, 1.26097347675e-07, 9.50443350689e-08, 3.24061559809e-08, 3.08755438994e-08, 4.25209094601e-08, 2.01011243206e-08, 6.01838223702e-09, 8.44114292353e-11, 1.43137298889e-11, 5.91005196171e-12, 1.02439800417e-14, 1.67919120186e-16]
        dvar2: [1.20008170068e-12, 3.25252273115e-07, 1.91797425941e-06, 7.24484380044e-07, 3.60712135716e-07, 1.87594395129e-07, 1.31391484359e-08, 1.69677527584e-09, 2.00745819967e-09, 1.20717853491e-08, 1.00903790212e-07, 4.77201410831e-07, 4.15546224986e-07, 3.10949076265e-07, 1.46317290728e-07, 2.80536113451e-07, 1.64012249115e-07, 7.0835319832e-08, 6.21969533654e-08, 8.25946315786e-08, 3.25498881182e-08, 1.20158736294e-08, 1.63454708102e-10, 3.10533647407e-11, 1.32792431565e-11, 2.19325679986e-14, 4.2128583883e-16]
        max: [1.08339318103e-05, 0.00266981986351, 0.00605246936902, 0.00366656598635, 0.00280009629205, 0.00207598088309, 0.000495802843943, 0.000247532530921, 0.000567913870327, 0.000656509480905, 0.00245412997901, 0.00663366774097, 0.00911722984165, 0.00366652756929, 0.00443587824702, 0.00462180841714, 0.00440266588703, 0.00147748878226, 0.00130079942755, 0.001447502058, 0.00110231305007, 0.000576603168156, 6.1597515014e-05, 2.82771907223e-05, 1.66519293998e-05, 7.8507764556e-07, 1.91708153352e-07]
        mean: [1.24052701267e-06, 0.000157081376528, 0.000346604676452, 0.000173749707756, 0.000186997654964, 7.02969846316e-05, 2.49796703429e-05, 2.59639891738e-05, 1.74950127985e-05, 4.37684648205e-05, 4.57256101072e-05, 0.000107648884295, 0.000158526701853, 9.06265049707e-05, 0.00016414966376, 0.000153803877765, 0.000211583872442, 0.000155861824169, 0.000164563083672, 0.000118290583487, 9.51467300183e-05, 4.40947296738e-05, 1.0227849998e-05, 4.87099214297e-06, 2.18869035962e-06, 7.52880637833e-08, 8.24207702088e-10]
        min: [3.61738145948e-13, 9.05958121022e-12, 1.61690834333e-11, 2.38734171321e-11, 1.31180399876e-10, 3.84750925564e-10, 3.51351198136e-10, 8.52081322167e-11, 9.44266956293e-11, 5.05985309207e-10, 3.11125486485e-10, 3.48552194052e-11, 8.73268263257e-11, 3.00655556007e-10, 5.88194937201e-10, 3.70309827247e-09, 1.11608695619e-08, 3.5831284606e-09, 1.82510451197e-09, 4.52286486041e-10, 1.21847254508e-09, 5.47369316539e-10, 3.86655901741e-10, 1.30774960305e-10, 1.73377465162e-10, 6.38469528982e-12, 4.85217118221e-12]
        var: [3.98162839504e-12, 1.09773758084e-07, 6.29909550298e-07, 1.89959820318e-07, 1.17432783497e-07, 4.29774473787e-08, 5.23052090529e-09, 1.44954337422e-09, 1.88071291873e-09, 6.68055255559e-09, 2.73050666522e-08, 2.673870938e-07, 6.15887927324e-07, 1.07741300326e-07, 3.14626021236e-07, 2.0030547887e-07, 3.04369876858e-07, 4.22400745492e-08, 6.16182660451e-08, 6.59648904389e-08, 4.02432966951e-08, 8.5984313003e-09, 1.41365308348e-10, 2.3727688217e-11, 9.32229900913e-12, 1.42458524225e-14, 8.44021745127e-17]
    mfcc:
        mean: [-772.445495605, 73.6834869385, -32.253326416, 47.2943840027, 6.32202196121, 8.43084907532, 1.42862391472, 3.22426557541, -5.02312040329, -4.08065795898, -4.13805675507, -4.67713308334, -7.62509202957]
        cov: [[5648.19189453, 319.814086914, -505.275238037, 433.7265625, -22.2876586914, 225.166946411, 65.6938934326, 111.853034973, 46.0454330444, -130.538284302, -102.460449219, -66.1443939209, 51.8699913025], [319.814086914, 1493.12402344, -268.558532715, 280.463317871, 416.84362793, 300.350006104, 255.38923645, 191.377578735, -38.9885292053, -74.1765365601, -75.958366394, -4.2023358345, -1.33324146271], [-505.275238037, -268.558532715, 1025.83361816, 252.418701172, -62.1546478271, -0.780857801437, -17.8551826477, 5.74138832092, 35.4156494141, 82.0904998779, -6.2624373436, -15.6149988174, -12.7557516098], [433.7265625, 280.463317871, 252.418701172, 576.756286621, 73.4551010132, 127.266662598, 90.0250244141, 83.5943832397, 72.2968826294, 10.3811359406, -36.772441864, -14.3665447235, 23.0276947021], [-22.2876586914, 416.84362793, -62.1546478271, 73.4551010132, 447.469360352, 174.044555664, 87.1751098633, 121.024589539, -13.6480236053, -12.3280496597, -34.7158737183, -8.2890291214, -10.5099821091], [225.166946411, 300.350006104, -0.780857801437, 127.266662598, 174.044555664, 292.285430908, 193.003967285, 124.182044983, 18.409324646, -13.3667421341, -28.4946060181, 17.4250602722, 0.512089133263], [65.6938934326, 255.38923645, -17.8551826477, 90.0250244141, 87.1751098633, 193.003967285, 249.026580811, 152.22517395, 15.4912347794, -45.452495575, -30.1936969757, 4.18675231934, 2.27939033508], [111.853034973, 191.377578735, 5.74138832092, 83.5943832397, 121.024589539, 124.182044983, 152.22517395, 187.28793335, 40.1344985962, -32.3712463379, -38.2845344543, -10.2049093246, 6.31932067871], [46.0454330444, -38.9885292053, 35.4156494141, 72.2968826294, -13.6480236053, 18.409324646, 15.4912347794, 40.1344985962, 92.7266998291, 25.6403636932, -5.61020565033, -14.9227142334, 8.0352640152], [-130.538284302, -74.1765365601, 82.0904998779, 10.3811359406, -12.3280496597, -13.3667421341, -45.452495575, -32.3712463379, 25.6403636932, 87.9363327026, 40.4547348022, 5.83442926407, -10.2504491806], [-102.460449219, -75.958366394, -6.2624373436, -36.772441864, -34.7158737183, -28.4946060181, -30.1936969757, -38.2845344543, -5.61020565033, 40.4547348022, 65.0605926514, 23.0812225342, -5.74660968781], [-66.1443939209, -4.2023358345, -15.6149988174, -14.3665447235, -8.2890291214, 17.4250602722, 4.18675231934, -10.2049093246, -14.9227142334, 5.83442926407, 23.0812225342, 63.4931869507, 22.1114807129], [51.8699913025, -1.33324146271, -12.7557516098, 23.0276947021, -10.5099821091, 0.512089133263, 2.27939033508, 6.31932067871, 8.0352640152, -10.2504491806, -5.74660968781, 22.1114807129, 51.6473808289]]
        icov: [[0.000242544541834, 2.95438258036e-05, 0.000189308644622, -0.000253634614637, 0.000233742277487, -0.000491940765642, 0.000507146760356, -0.000279833475361, 0.000193808955373, 0.000272121833405, -5.22769951203e-05, 0.000435624126112, -0.000187148456462], [2.95438258036e-05, 0.00128044583835, 0.000463157106424, -0.00069846434053, -0.000723680481315, -0.000145581681863, -0.000675099494401, -6.90069646225e-05, 0.00108717242256, -0.000347266090102, 0.000698631803971, 3.24172360706e-05, 0.000147400336573], [0.000189308644622, 0.000463157106424, 0.00158070016187, -0.00102297647391, 0.000309742375975, -0.000258245127043, 0.000224655988859, -0.000686156854499, 0.00122524471954, -0.00175179890357, 0.00130392494611, 0.000237225307501, 0.000313187687425], [-0.000253634614637, -0.00069846434053, -0.00102297647391, 0.00308099738322, -9.43252889556e-05, -0.000229783167015, -0.00039790518349, 0.000608885777183, -0.0022359280847, 7.95227388153e-05, 4.6481454774e-05, 0.000166249694303, -0.00116587220691], [0.000233742277487, -0.000723680481315, 0.000309742375975, -9.43252889556e-05, 0.00457324553281, -0.00312943803146, 0.00345454760827, -0.00353370117955, 0.00222350889817, -0.000745733617805, 0.000258968677372, 0.00139159767423, 4.5790693548e-05], [-0.000491940765642, -0.000145581681863, -0.000258245127043, -0.000229783167015, -0.00312943803146, 0.0113686695695, -0.00884593836963, 0.00233077583835, -0.00159709423315, -0.00363512965851, 0.00366837414913, -0.00531244371086, 0.00209421128966], [0.000507146760356, -0.000675099494401, 0.000224655988859, -0.00039790518349, 0.00345454760827, -0.00884593836963, 0.0164630096406, -0.00934761483222, 0.00177040137351, 0.00546712614596, -0.00398102216423, 0.00194438057952, 0.000448215607321], [-0.000279833475361, -6.90069646225e-05, -0.000686156854499, 0.000608885777183, -0.00353370117955, 0.00233077583835, -0.00934761483222, 0.0159263070673, -0.00688908388838, 0.00189925904851, 0.00239247293212, -0.00077891611727, -0.000391588837374], [0.000193808955373, 0.00108717242256, 0.00122524471954, -0.0022359280847, 0.00222350889817, -0.00159709423315, 0.00177040137351, -0.00688908388838, 0.0197578016669, -0.00911248195916, 0.00260331272148, 0.00573972659186, -0.00468407571316], [0.000272121833405, -0.000347266090102, -0.00175179890357, 7.95227388153e-05, -0.000745733617805, -0.00363512965851, 0.00546712614596, 0.00189925904851, -0.00911248195916, 0.0260271243751, -0.0153218405321, 0.000583868997637, 0.00328879221343], [-5.22769951203e-05, 0.000698631803971, 0.00130392494611, 4.6481454774e-05, 0.000258968677372, 0.00366837414913, -0.00398102216423, 0.00239247293212, 0.00260331272148, -0.0153218405321, 0.0318068899214, -0.0113673135638, 0.00523085193709], [0.000435624126112, 3.24172360706e-05, 0.000237225307501, 0.000166249694303, 0.00139159767423, -0.00531244371086, 0.00194438057952, -0.00077891611727, 0.00573972659186, 0.000583868997637, -0.0113673135638, 0.0280451457947, -0.0141555517912], [-0.000187148456462, 0.000147400336573, 0.000313187687425, -0.00116587220691, 4.5790693548e-05, 0.00209421128966, 0.000448215607321, -0.000391588837374, -0.00468407571316, 0.00328879221343, 0.00523085193709, -0.0141555517912, 0.0281915012747]]
    spectral_contrast:
        mean: [2.11408078599e-07, 5.18089393609e-07, -3.04240614923e-07, 1.73504318468e-07, 2.38555600163e-07, 1.67167044651e-07, 7.24162205756e-08, -1.43064846725e-06, 1.71106432845e-06, 1.76018681941e-06, 2.2293506845e-06, 4.16547401016e-08]
        var: [0.000529047276359, 0.00110582460184, 0.00187474710401, 0.00295905652456, 0.00495593575761, 0.0063618957065, 0.0945713892579, 0.11277705431, 0.229384079576, 0.465294629335, 1.0732114315, 3.56367945671]

rhythm:
    beats_loudness:
        dmean: 0.00334619474597
        dmean2: 0.00628152024001
        dvar: 4.43777844339e-06
        dvar2: 1.20612294268e-05
        max: 0.0142287323251
        mean: 0.00662538874894
        min: 0.00192108447663
        var: 8.79006347532e-06
    beats_loudness_bass:
        dmean: 0.342235863209
        dmean2: 0.676672637463
        dvar: 0.0490232035518
        dvar2: 0.142853304744
        max: 0.846174955368
        mean: 0.319455832243
        min: 0.0369540937245
        var: 0.0653075128794
    bpm: 130.829086304
    bpm_confidence: 0
    first_peak_bpm: 131
    first_peak_spread: 0
    first_peak_weight: 0.952380955219
    onset_rate: 5.07102251053
    second_peak_bpm: 124
    second_peak_spread: 0
    second_peak_weight: 0.047619048506
    beats_position: [0.278697162867, 0.737082362175, 1.19546771049, 1.65385293961, 2.11223816872, 2.57062339783, 3.02900862694, 3.48739361763, 3.94577860832, 4.40416383743, 4.86254882812, 5.32093381882, 5.77931880951, 6.26320791245, 6.72200679779, 7.18080472946, 7.63960313797, 8.09840202332, 8.55720043182, 9.01599884033, 9.47479724884, 9.93359565735]
    bpm_estimates: [130.948059082, 130.852706909, 131.024353027, 130.887252808, 131.157089233, 130.73425293, 130.79637146, 130.755142212, 130.700195312, 130.679672241, 131.291778564, 130.821289062, 130.295928955, 130.776107788, 130.841659546, 130.994155884, 130.688110352, 130.679367065]
    bpm_intervals: [0.458385199308, 0.45838534832, 0.458385229111, 0.458385229111, 0.458385229111, 0.458385229111, 0.458384990692, 0.458384990692, 0.458385229111, 0.458384990692, 0.458384990692, 0.458384990692, 0.483889102936, 0.458798885345, 0.458797931671, 0.458798408508, 0.458798885345, 0.458798408508, 0.458798408508, 0.458798408508, 0.458798408508]
    onset_times: [0.0232199542224, 0.255419492722, 0.49922901392, 0.719818592072, 0.859138309956, 0.96362811327, 1.09133791924, 1.19582772255, 1.42802715302, 1.64861679077, 1.764716506, 1.91564631462, 2.11301589012, 2.34521532059, 2.57741498947, 2.79800462723, 2.94893431664, 3.03020405769, 3.26240372658, 3.49460315704, 3.64553284645, 3.72680282593, 3.95900225639, 4.19120168686, 4.41179132462, 4.6439909935, 4.87619066238, 5.10838985443, 5.34058952332, 5.45668935776, 5.79337882996, 6.025578022, 6.25777769089, 6.72217702866, 6.9543762207, 7.17496585846, 7.44199562073, 7.63936519623, 7.8831744194, 7.9644446373, 8.103764534, 8.37079334259, 8.47528362274, 8.57977294922, 8.8119726181, 8.99773216248, 9.17188167572, 9.39247131348, 9.49696159363, 9.74077129364, 9.94975090027]
    rubato_start: []
    rubato_stop: []
    perceptual_tempo: "unknown"

sfx:
    inharmonicity:
        dmean: 0.0569855682552
        dmean2: 0.101970136166
        dvar: 0.00412473687902
        dvar2: 0.0113506400958
        max: 0.355715304613
        mean: 0.0591141656041
        min: 0
        var: 0.00437562214211
    oddtoevenharmonicenergyratio:
        dmean: 4.26078224182
        dmean2: 8.01967716217
        dvar: 191.974731445
        dvar2: 539.196166992
        max: 152.258026123
        mean: 2.92559957504
        min: 0
        var: 137.592269897
    pitch_after_max_to_before_max_energy_ratio: 22.5036087036
    pitch_centroid: 207.86769104
    pitch_max_to_total: 0.0344827584922
    pitch_min_to_total: 0.317241370678
    tristimulus:
        dmean: [0.227941647172, 0.264977186918, 0.147253096104]
        dmean2: [0.389674752951, 0.457294046879, 0.259750127792]
        dvar: [0.0424202978611, 0.0490011833608, 0.0220136251301]
        dvar2: [0.0999136269093, 0.132610276341, 0.0589043013752]
        max: [1, 0.998306453228, 0.836663722992]
        mean: [0.364379018545, 0.415137976408, 0.150141239166]
        min: [0.00169357680716, 0, 0]
        var: [0.0687618851662, 0.0740058124065, 0.0261656921357]

tonal:
    chords_changes_rate: 0.0458715595305
    chords_number_rate: 0.0183486230671
    chords_strength:
        dmean: 0.0128752263263
        dmean2: 0.0134991779923
        dvar: 0.000111721739813
        dvar2: 0.00014605744218
        max: 0.593863070011
        mean: 0.455614447594
        min: 0.29593449831
        var: 0.00565414642915
    key_strength: 0.696044325829
    tuning_diatonic_strength: 0.440084755421
    tuning_equal_tempered_deviation: 0.324825167656
    tuning_frequency: 441.272583008
    tuning_nontempered_energy_ratio: 0.982405722141
    hpcp:
        dmean: [0.248476356268, 0.195647582412, 0.177839890122, 0.166438668966, 0.135917171836, 0.132017537951, 0.145025715232, 0.166746512055, 0.191384315491, 0.18893276155, 0.146454527974, 0.152734324336, 0.153597384691, 0.205246463418, 0.226251333952, 0.186706230044, 0.16759313643, 0.164869740605, 0.137773767114, 0.174550846219, 0.208704963326, 0.136548653245, 0.111112505198, 0.124132983387, 0.107696980238, 0.146644279361, 0.177014097571, 0.12634305656, 0.162661850452, 0.177657261491, 0.151618674397, 0.165196076035, 0.149331986904, 0.17796073854, 0.22685199976, 0.286804080009]
        dmean2: [0.429073750973, 0.329386919737, 0.29625543952, 0.285421997309, 0.238459303975, 0.225184082985, 0.2511895895, 0.29038015008, 0.320297002792, 0.311638653278, 0.242321282625, 0.261199623346, 0.262524187565, 0.344307512045, 0.378914415836, 0.311501324177, 0.28340664506, 0.282143354416, 0.246426403522, 0.306752353907, 0.376075804234, 0.24187849462, 0.184201538563, 0.208742260933, 0.182140484452, 0.237820759416, 0.283573955297, 0.217118963599, 0.276994824409, 0.308313906193, 0.262499719858, 0.2754535079, 0.243916198611, 0.308777809143, 0.395902395248, 0.48129054904]
        dvar: [0.0578148402274, 0.0478360019624, 0.0501732602715, 0.042242962867, 0.0363328568637, 0.0266749933362, 0.0394353196025, 0.0385029278696, 0.0472309440374, 0.0414914041758, 0.0280551314354, 0.0382393561304, 0.0375563949347, 0.042283013463, 0.0480986535549, 0.0407580249012, 0.0484590120614, 0.0465443208814, 0.0391882322729, 0.0419745333493, 0.0605825744569, 0.0318418554962, 0.022402908653, 0.030423913151, 0.0212876144797, 0.0272487215698, 0.0494515150785, 0.0212298948318, 0.0441799685359, 0.0483170300722, 0.0270362850279, 0.0440277047455, 0.0327192246914, 0.0592287518084, 0.0574152246118, 0.0686723738909]
        dvar2: [0.166519328952, 0.106787823141, 0.0984723195434, 0.110443450511, 0.0994069054723, 0.0718282088637, 0.111397057772, 0.102316863835, 0.116015642881, 0.114486463368, 0.0703784301877, 0.0913240388036, 0.102475777268, 0.0978010296822, 0.102800570428, 0.114468626678, 0.129598885775, 0.122934192419, 0.104430399835, 0.111826092005, 0.147749915719, 0.0894302800298, 0.0508863851428, 0.0581205412745, 0.0472877249122, 0.0546943284571, 0.106606073678, 0.0579656511545, 0.123525470495, 0.11886010319, 0.0701925754547, 0.11419428885, 0.0775721147656, 0.165441691875, 0.141377002001, 0.162369415164]
        max: [1, 1, 1, 1, 1, 1, 1, 1, 1, 1, 1, 1, 1, 1, 1, 1, 1, 1, 1, 1, 1, 1, 1, 1, 1, 1, 1, 1, 1, 1, 1, 1, 1, 1, 1, 1]
        mean: [0.322313547134, 0.255509108305, 0.236340373755, 0.167808204889, 0.136516258121, 0.141994535923, 0.142850548029, 0.18668423593, 0.24416269362, 0.204829901457, 0.162401393056, 0.178809627891, 0.167936235666, 0.249250814319, 0.318277835846, 0.221160724759, 0.155842795968, 0.155011191964, 0.141190350056, 0.204667553306, 0.251815408468, 0.161049678922, 0.148966729641, 0.193567171693, 0.147425323725, 0.207023859024, 0.241890132427, 0.1492741853, 0.159898430109, 0.18781979382, 0.167065158486, 0.17692913115, 0.167899668217, 0.15839676559, 0.274166941643, 0.387173354626]
        min: [0.00395722454414, 0.000731151958462, 0.00139774417039, 0.000941561185755, 0.00090953707695, 0.000802910304628, 0.00136863160878, 0.00146134733222, 0.00153709296137, 0.00130761764012, 0.00147343729623, 0.000981203047559, 0.00186476449016, 0.00599563214928, 0.00738176330924, 0.00199546921067, 0.000401306519052, 0.000349973008269, 0.000710257270839, 0.000638567085844, 0.00141403765883, 0.00121788226534, 0.00129048444796, 0.00121828785632, 0.00212793424726, 0.00246353750117, 0.000593109114561, 0.000385060731787, 0.00145382608753, 0.00257321633399, 0.0024227630347, 0.00246698455885, 0.000847476825584, 0.000295721751172, 0.00149918906391, 0.00263899960555]
        var: [0.0677608549595, 0.0866543650627, 0.0896160081029, 0.0440557524562, 0.0286872163415, 0.0250400491059, 0.0321750640869, 0.042745873332, 0.0775420069695, 0.0573061592877, 0.0399234518409, 0.0652557834983, 0.0430027320981, 0.0569424964488, 0.0804814770818, 0.0480610653758, 0.0475171767175, 0.045833401382, 0.0392898470163, 0.0549419857562, 0.0806649029255, 0.0303111597896, 0.0376323908567, 0.0698000043631, 0.0365561284125, 0.0574439018965, 0.0844251289964, 0.022755715996, 0.0415496304631, 0.0486683100462, 0.0283130574971, 0.0455407164991, 0.039503801614, 0.0467470139265, 0.0695808976889, 0.10611282289]
    chords_histogram: [20.6422023773, 0, 4.1284403801, 0, 0, 0, 0, 72.0183486938, 0, 0, 0, 0, 0, 0, 0, 3.21100926399, 0, 0, 0, 0, 0, 0, 0, 0]
    thpcp: [1, 0.832478642464, 0.659934639931, 0.610425174236, 0.433418780565, 0.352597236633, 0.366746664047, 0.368957579136, 0.482172220945, 0.630628883839, 0.529039263725, 0.419453948736, 0.461833506823, 0.433749467134, 0.643770575523, 0.822055101395, 0.571218848228, 0.402514249086, 0.40036636591, 0.364669591188, 0.528619945049, 0.650394439697, 0.415962725878, 0.384754598141, 0.499949634075, 0.380773425102, 0.534705877304, 0.62475925684, 0.385548710823, 0.412989228964, 0.485105156898, 0.431499630213, 0.456976503134, 0.433655023575, 0.409110695124, 0.708124518394]
    chords_key: "C#"
    chords_scale: "major"
    key_key: "C#"
    key_scale: "minor"
    chords_progression: ["C#m", "C#m", "C#m", "C#m", "C#m", "C#m", "C#m", "C#m", "C#", "C#", "C#", "C#", "C#", "C#", "C#", "C#", "C#", "C#", "C#", "C#", "C#", "C#", "C#", "C#", "C#", "C#", "C#", "C#", "C#", "C#", "C#", "C#", "C#", "C#", "C#", "C#", "C#", "C#", "C#", "C#", "C#", "C#", "C#", "C#", "C#", "C#", "C#", "C#", "C#", "C#", "C#", "C#", "C#", "C#", "C#", "C#", "C#", "C#", "C#", "C#", "C#", "C#", "C#", "C#", "C#", "C#", "C#", "C#", "C#", "C#", "C#", "C#", "C#m", "C#m", "C#m", "C#m", "C#m", "C#m", "C#", "C#", "C#", "C#", "C#", "C#", "C#", "C#", "C#", "C#", "C#", "C#", "C#", "C#", "C#", "C#", "C#", "C#", "C#", "C#", "C#", "C#", "C#", "C#", "C#", "C#", "C#", "C#", "C#", "C#", "C#", "C#", "C#", "C#", "C#", "C#", "C#", "C#", "C#", "C#", "C#", "C#", "C#", "C#", "C#", "C#", "C#", "C#", "C#", "C#", "C#", "C#", "C#m", "C#m", "C#m", "C#m", "C#m", "C#m", "G#m", "G#m", "G#m", "G#m", "G#m", "G#m", "G#m", "G#m", "C#m", "C#m", "C#m", "C#m", "C#m", "C#m", "C#m", "C#m", "C#m", "C#m", "C#m", "C#m", "C#m", "C#m", "C#m", "C#m", "C#m", "C#m", "C#m", "C#m", "C#m", "C#m", "G#m", "C#m", "C#m", "C#m", "C#", "C#", "C#", "C#", "C#", "C#", "C#", "C#", "C#", "C#", "C#", "C#", "C#", "C#", "C#", "C#", "C#", "C#", "C#", "C#", "C#", "C#", "C#", "C#", "C#", "C#", "C#", "C#", "C#", "C#", "C#", "C#", "C#", "C#", "C#", "C#", "C#", "C#", "C#", "C#", "C#", "F", "F", "F", "F", "F", "F", "F"]
