
metadata:
    version:
        essentia: "1.2.2"
    audio_properties:
        analysis_sample_rate: 44100
        bitrate: 128
        channels: 2
        equal_loudness: 1
        length: 9.97877597809
        replay_gain: -10.6719303131
        downmix: "mix"
    tags:
        track: 1
        year: 0
        album: "Splitted by Mp3Splt v. 2.1"
        artist: "From 000.00 To 000.10"
        comment: "http://mp3splt.sf.net"
        genre: ""
        title: "09 Hobart Paving.mp3"

highlevel:
    ballroom:
        all:
            ChaChaCha: 0.0019065689994
            Jive: 0.00134119403083
            Quickstep: 0.0156285185367
            Rumba-American: 0.00897733308375
            Rumba-International: 0.171914070845
            Rumba-Misc: 0.175067558885
            Samba: 0.00415592547506
            Tango: 0.00219955039211
            VienneseWaltz: 0.0783329233527
            Waltz: 0.540476381779
        probability: 0.540476381779
        value: "Waltz"
    culture:
        all:
            non_western: 0.228940874338
            western: 0.77105909586
        probability: 0.77105909586
        value: "western"
    gender:
        all:
            female: 0.630725860596
            male: 0.369274139404
        probability: 0.630725860596
        value: "female"
    genre_dortmund:
        all:
            alternative: 0.0775128901005
            blues: 0.00468509923667
            electronic: 0.159911841154
            folkcountry: 0.224728763103
            funksoulrnb: 0.0490358136594
            jazz: 0.243061736226
            pop: 0.182586699724
            raphiphop: 0.0131165469065
            rock: 0.0453606061637
        probability: 0.243061736226
        value: "jazz"
    genre_electronica:
        all:
            ambient: 0.961902201176
            dnb: 0.00899417605251
            house: 0.0124110449106
            techno: 0.00224134372547
            trance: 0.0144512467086
        probability: 0.961902201176
        value: "ambient"
    genre_rosamerica:
        all:
            cla: 0.106927983463
            dan: 0.0339815951884
            hip: 0.0175476688892
            jaz: 0.545693099499
            pop: 0.083789549768
            rhy: 0.166171088815
            roc: 0.02067101188
            spe: 0.0252180155367
        probability: 0.545693099499
        value: "jaz"
    genre_tzanetakis:
        all:
            blu: 0.0242645982653
            cla: 0.0993971899152
            cou: 0.259474724531
            dis: 0.0286155156791
            hip: 0.0113952988759
            jaz: 0.173206657171
            met: 0.00889480952173
            pop: 0.130207136273
            reg: 0.113572917879
            roc: 0.150971159339
        probability: 0.259474724531
        value: "cou"
    live_studio:
        all:
            live: 0.351181775331
            studio: 0.648818254471
        probability: 0.648818254471
        value: "studio"
    mood:
        all:
            Cluster1: 0.0185732226819
            Cluster2: 0.125131309032
            Cluster3: 0.780801713467
            Cluster4: 0.0357757471502
            Cluster5: 0.0397180169821
        probability: 0.780801713467
        value: "Cluster3"
    mood_acoustic:
        all:
            acoustic: 0.911398351192
            not_acoustic: 0.0886016562581
        probability: 0.911398351192
        value: "acoustic"
    mood_aggressive:
        all:
            aggressive: 5.44362637811e-06
            not_aggressive: 0.999994575977
        probability: 0.999994575977
        value: "not_aggressive"
    mood_electronic:
        all:
            electronic: 0.221142619848
            not_electronic: 0.778857409954
        probability: 0.778857409954
        value: "not_electronic"
    mood_happy:
        all:
            happy: 0.0523960627615
            not_happy: 0.947603940964
        probability: 0.947603940964
        value: "not_happy"
    mood_party:
        all:
            not_party: 0.959548771381
            party: 0.0404512174428
        probability: 0.959548771381
        value: "not_party"
    mood_relaxed:
        all:
            not_relaxed: 0.0174297709018
            relaxed: 0.982570230961
        probability: 0.982570230961
        value: "relaxed"
    mood_sad:
        all:
            not_sad: 0.146264776587
            sad: 0.853735208511
        probability: 0.853735208511
        value: "sad"
    rhythm:
        all:
            fast: 0.129310935736
            medium: 0.739412426949
            slow: 0.131276607513
        probability: 0.739412426949
        value: "medium"
    speech_music:
        all:
            music: 0.924107134342
            speech: 0.075892880559
        probability: 0.924107134342
        value: "music"
    timbre:
        all:
            bright: 0.35693860054
            dark: 0.64306139946
        probability: 0.64306139946
        value: "dark"
    voice_instrumental:
        all:
            instrumental: 0.0057784053497
            voice: 0.994221568108
        probability: 0.994221568108
        value: "voice"

lowlevel:
    average_loudness: 0.948839485645
    barkbands_kurtosis:
        dmean: 4.97726297379
        dmean2: 7.63849878311
        dvar: 53.7891197205
        dvar2: 130.563232422
        max: 93.9046096802
        mean: 10.7803812027
        min: -1.77150595188
        var: 179.276931763
    barkbands_skewness:
        dmean: 0.662885844707
        dmean2: 0.957883417606
        dvar: 0.641409575939
        dvar2: 1.09358775616
        max: 8.44367599487
        mean: 2.41478943825
        min: -5.18316173553
        var: 2.97762775421
    barkbands_spread:
        dmean: 3.79328751564
        dmean2: 5.71105957031
        dvar: 39.4854469299
        dvar2: 94.2752685547
        max: 55.9543762207
        mean: 10.8014888763
        min: 1.17607808113
        var: 100.612503052
    dissonance:
        dmean: 0.0292865596712
        dmean2: 0.0493876598775
        dvar: 0.000675445015077
        dvar2: 0.00166958454065
        max: 0.497630089521
        mean: 0.399494111538
        min: 0.204655006528
        var: 0.00185605988372
    hfc:
        dmean: 0.822843909264
        dmean2: 1.17539405823
        dvar: 3.16480326653
        dvar2: 5.44010066986
        max: 34.6324272156
        mean: 2.50946998596
        min: 0.0770573243499
        var: 8.32370376587
    pitch:
        dmean: 135.767196655
        dmean2: 263.399291992
        dvar: 343289.15625
        dvar2: 755439.4375
        max: 4900
        mean: 387.970458984
        min: 69.6682434082
        var: 497326.90625
    pitch_instantaneous_confidence:
        dmean: 0.0696550831199
        dmean2: 0.105976499617
        dvar: 0.0061276294291
        dvar2: 0.0126597033814
        max: 0.938289701939
        mean: 0.65219950676
        min: 0.247355699539
        var: 0.0273962002248
    pitch_salience:
        dmean: 0.0638142824173
        dmean2: 0.0947176888585
        dvar: 0.00455024838448
        dvar2: 0.00974230468273
        max: 0.860818564892
        mean: 0.516545712948
        min: 0.102602668107
        var: 0.0297567769885
    silence_rate_20dB:
        dmean: 0
        dmean2: 0
        dvar: 0
        dvar2: 0
        max: 1
        mean: 1
        min: 1
        var: 0
    silence_rate_30dB:
        dmean: 0
        dmean2: 0
        dvar: 0
        dvar2: 0
        max: 1
        mean: 1
        min: 1
        var: 0
    silence_rate_60dB:
        dmean: 0.0988235324621
        dmean2: 0.198113203049
        dvar: 0.0890570953488
        dvar2: 0.196600064635
        max: 1
        mean: 0.525821566582
        min: 0
        var: 0.249333932996
    spectral_centroid:
        dmean: 168.315628052
        dmean2: 246.551269531
        dvar: 154239.609375
        dvar2: 279891.4375
        max: 4619.57421875
        mean: 740.100219727
        min: 265.564453125
        var: 383713.15625
    spectral_complexity:
        dmean: 1.22911691666
        dmean2: 1.95933020115
        dvar: 2.56803131104
        dvar2: 4.95767498016
        max: 22
        mean: 6.42857122421
        min: 0
        var: 8.15917015076
    spectral_crest:
        dmean: 2.30206084251
        dmean2: 3.48326945305
        dvar: 5.50368833542
        dvar2: 11.5826997757
        max: 25.4926223755
        mean: 14.2148666382
        min: 4.1901922226
        var: 33.0543136597
    spectral_decrease:
        dmean: 2.68456479269e-10
        dmean2: 4.09733524886e-10
        dvar: 9.72681229937e-20
        dvar2: 2.07512499675e-19
        max: -3.90190206534e-11
        mean: -9.47907419224e-10
        min: -3.42741302006e-09
        var: 4.74266744243e-19
    spectral_energy:
        dmean: 0.00108037982136
        dmean2: 0.00164110853802
        dvar: 1.52172901835e-06
        dvar2: 3.24181860378e-06
        max: 0.0133380107582
        mean: 0.00380523479544
        min: 0.000168766171555
        var: 7.32751595933e-06
    spectral_energyband_high:
        dmean: 5.48812095076e-05
        dmean2: 7.23964258214e-05
        dvar: 5.13141031888e-08
        dvar2: 8.98788101722e-08
        max: 0.00484784087166
        mean: 7.78583562351e-05
        min: 8.29313222539e-08
        var: 1.11987823459e-07
    spectral_energyband_low:
        dmean: 5.81216636419e-06
        dmean2: 7.948638995e-06
        dvar: 1.49824611051e-10
        dvar2: 2.260220483e-10
        max: 0.000143614830449
        mean: 1.80504357559e-05
        min: 1.42836826811e-08
        var: 8.90300388967e-10
    spectral_energyband_middle_high:
        dmean: 0.000136688438943
        dmean2: 0.000187404919416
        dvar: 8.42132692469e-08
        dvar2: 1.58686290774e-07
        max: 0.00417974265292
        mean: 0.000383467326174
        min: 8.88743670657e-06
        var: 2.02189852416e-07
    spectral_energyband_middle_low:
        dmean: 0.000996543443762
        dmean2: 0.00152145058382
        dvar: 1.43643103456e-06
        dvar2: 3.10011296278e-06
        max: 0.0128381559625
        mean: 0.00332586350851
        min: 3.51996823156e-05
        var: 6.91189688951e-06
    spectral_flatness_db:
        dmean: 0.0224008057266
        dmean2: 0.034114934504
        dvar: 0.000485449912958
        dvar2: 0.00100508134346
        max: 0.391819059849
        mean: 0.252987205982
        min: 0.120842412114
        var: 0.00306628271937
    spectral_flux:
        dmean: 0.00763116544113
        dmean2: 0.0123256770894
        dvar: 6.67997665005e-05
        dvar2: 0.00016518413031
        max: 0.0699933618307
        mean: 0.0208427514881
        min: 0.00336543470621
        var: 0.000147512473632
    spectral_kurtosis:
        dmean: 3.69099593163
        dmean2: 6.36046218872
        dvar: 47.2250022888
        dvar2: 143.575912476
        max: 82.8843002319
        mean: 11.7862319946
        min: -1.38612616062
        var: 179.914932251
    spectral_rms:
        dmean: 0.000264798261924
        dmean2: 0.000394562317524
        dvar: 7.69497461306e-08
        dvar2: 1.47053015098e-07
        max: 0.0036073110532
        mean: 0.00180238310713
        min: 0.00040577078471
        var: 4.6383706831e-07
    spectral_rolloff:
        dmean: 413.910064697
        dmean2: 697.665222168
        dvar: 968490.375
        dvar2: 2121957.25
        max: 8053.41796875
        mean: 1126.80224609
        min: 258.3984375
        var: 1719405.75
    spectral_skewness:
        dmean: 0.362897217274
        dmean2: 0.573871731758
        dvar: 0.227253988385
        dvar2: 0.587914943695
        max: 7.16844940186
        mean: 2.61042237282
        min: 0.0788725093007
        var: 1.45429885387
    spectral_spread:
        dmean: 664345.375
        dmean2: 945687.75
        dvar: 1.10469133107e+12
        dvar2: 1.41977989939e+12
        max: 15400805
        mean: 4944880.5
        min: 814748.5625
        var: 8.03358847795e+12
    spectral_strongpeak:
        dmean: 0.177233859897
        dmean2: 0.288817495108
        dvar: 0.0750039517879
        dvar2: 0.198341831565
        max: 2.77826428413
        mean: 0.589670658112
        min: 0.0354474782944
        var: 0.140618935227
    zerocrossingrate:
        dmean: 0.0087622590363
        dmean2: 0.00961960759014
        dvar: 0.000206156444619
        dvar2: 0.000218704954023
        max: 0.18701171875
        mean: 0.0431594103575
        min: 0.0126953125
        var: 0.00115344463848
    barkbands:
        dmean: [1.40170941521e-09, 8.17992258817e-07, 5.22334812558e-06, 7.52755158828e-06, 0.000214430619963, 0.00075165706221, 8.31740835565e-05, 9.46261789068e-05, 0.000151987085701, 1.59781448019e-05, 2.23906572501e-05, 9.84672715276e-06, 1.95091688511e-05, 1.27982248159e-05, 2.12980339711e-05, 1.55781490321e-05, 1.06728512037e-05, 1.17284471344e-05, 4.35313231719e-05, 4.21387885581e-05, 1.41845748658e-05, 6.39504378341e-06, 8.55432335811e-06, 5.50129971089e-06, 1.00484339782e-06, 4.35110116825e-08, 2.25118229613e-10]
        dmean2: [2.26612462129e-09, 1.07573191599e-06, 7.21359219824e-06, 1.1573588381e-05, 0.00033879847615, 0.00108381919563, 0.000128663014038, 0.000147130500409, 0.000223473645747, 2.44188104261e-05, 3.21594452544e-05, 1.55763536895e-05, 2.85178539343e-05, 1.99192345463e-05, 3.0512077501e-05, 2.17833858187e-05, 1.64951816259e-05, 1.65637629834e-05, 6.87561332597e-05, 5.32689518877e-05, 2.00200593099e-05, 9.61930345511e-06, 1.36023882078e-05, 8.3195454863e-06, 1.64843413586e-06, 6.6935676557e-08, 3.74163006134e-10]
        dvar: [5.66624013555e-18, 3.26654306902e-12, 1.25678994989e-10, 2.34462366189e-10, 3.34153327231e-07, 1.07674111405e-06, 5.51830794393e-08, 2.21117240073e-08, 7.79803528417e-08, 9.61521529064e-10, 1.34269906304e-09, 5.76843073308e-10, 1.4397922854e-09, 7.6882739064e-10, 4.34797842175e-09, 1.8392567469e-09, 7.52396034365e-10, 7.3228656472e-10, 3.11186596491e-08, 4.33098108488e-08, 2.896137552e-09, 1.22766807831e-09, 1.20800625059e-09, 5.00615104926e-10, 1.34612182512e-11, 1.45210161576e-14, 5.02816883085e-19]
        dvar2: [9.89771399193e-18, 4.03414758196e-12, 1.98092028891e-10, 5.00150920679e-10, 8.99580186342e-07, 2.3673276246e-06, 1.43930151353e-07, 5.16153342289e-08, 1.41598832215e-07, 1.83566084555e-09, 2.80023026988e-09, 1.43452572043e-09, 3.02659741713e-09, 1.81331583082e-09, 8.94309515331e-09, 3.3552491896e-09, 1.58025792452e-09, 1.38479383516e-09, 6.6641604235e-08, 7.57608376034e-08, 4.44117365106e-09, 2.83926726574e-09, 2.72459743655e-09, 1.0651697302e-09, 3.35190764034e-11, 3.28337244817e-14, 6.56441693629e-19]
        max: [3.82665987786e-08, 4.13777343056e-05, 0.000133563022246, 0.00022807662026, 0.00961615517735, 0.0115338638425, 0.00339830387384, 0.00136684032623, 0.00352655607276, 0.000426005455665, 0.000418890995206, 0.000353966257535, 0.000536559266038, 0.000308498070808, 0.00113232224248, 0.00068186596036, 0.000330475828378, 0.000415662769228, 0.00290020881221, 0.00431620050222, 0.00095228193095, 0.000469770253403, 0.000419924996095, 0.000293678429443, 6.2264072767e-05, 1.43053068768e-06, 1.35481004193e-08]
        mean: [1.66999192253e-09, 2.24566474571e-06, 1.58036618814e-05, 1.94584772544e-05, 0.000590613577515, 0.00182544265408, 0.000235253115534, 0.000290233205305, 0.000361938786227, 4.46489793831e-05, 5.17536827829e-05, 1.9744351448e-05, 3.30148723151e-05, 2.09225017898e-05, 4.05265273002e-05, 2.8854365155e-05, 2.02204719244e-05, 2.48859596468e-05, 7.10294334567e-05, 5.78440194658e-05, 2.29184697673e-05, 7.38384460419e-06, 9.90093394648e-06, 8.78990522324e-06, 1.74138222064e-06, 6.83865906126e-08, 2.12217632356e-10]
        min: [2.62884852775e-12, 3.67242414256e-09, 4.56623983069e-09, 2.83784142852e-08, 2.79166101791e-06, 4.28515448903e-07, 2.92012288128e-07, 6.82688892084e-07, 1.11422110649e-07, 2.57345448063e-07, 2.94559878711e-08, 3.02786631323e-08, 1.07664037685e-08, 6.80498146721e-08, 6.81149288084e-08, 1.78998902811e-07, 1.36325979838e-07, 1.74282590137e-07, 1.29252342163e-07, 1.3344416061e-07, 1.87377082739e-08, 2.32582064719e-09, 1.34739308599e-09, 7.43960226757e-10, 1.41479078453e-10, 1.88797057415e-13, 2.87526011572e-15]
        var: [6.66026307765e-18, 3.18517261177e-11, 6.83517742406e-10, 1.13532727664e-09, 1.74175363554e-06, 5.0952521633e-06, 6.65827073476e-08, 6.15810904492e-08, 2.65982180281e-07, 2.2573185543e-09, 4.89537343995e-09, 8.50797987617e-10, 3.9397161089e-09, 1.20021859118e-09, 1.24971899496e-08, 4.48697790034e-09, 1.53047630125e-09, 2.28284902093e-09, 5.56065380408e-08, 1.0489367952e-07, 6.96624047336e-09, 1.54758661441e-09, 1.56916091232e-09, 1.1714655912e-09, 3.85809301173e-11, 3.38830288967e-14, 5.27713261764e-19]
    mfcc:
        mean: [-804.622680664, 145.252075195, -28.9232749939, 14.8014478683, -31.0555152893, -35.7518157959, -24.9613208771, -23.55900383, -22.875995636, -5.85793972015, -18.1535835266, -7.99741888046, -11.0753860474]
        cov: [[2923.11108398, -1352.15930176, 196.477401733, -240.929016113, 28.3972682953, -71.3899536133, -150.422653198, 46.0787124634, 19.5353889465, 7.37696790695, 9.80927181244, 32.0618286133, 15.9687328339], [-1352.15930176, 3035.73632812, -584.300964355, -369.531860352, 242.410736084, 92.5818939209, 142.368789673, 11.060790062, 73.1640930176, 64.4995651245, 187.377029419, 188.398040771, 23.8338718414], [196.477401733, -584.300964355, 612.103759766, -89.9814300537, 2.0914452076, 95.5804367065, -54.1873512268, 75.7336425781, -14.4170379639, -18.5814857483, -10.2554292679, -3.09695935249, -4.2903881073], [-240.929016113, -369.531860352, -89.9814300537, 711.03503418, -63.3132171631, -89.4451904297, 4.19389200211, 49.8120422363, -35.2252883911, -115.945388794, -6.00028514862, -19.6833724976, -22.767162323], [28.3972682953, 242.410736084, 2.0914452076, -63.3132171631, 178.609481812, -2.47074770927, 3.07320404053, 27.6205387115, 47.24036026, 28.8829669952, 17.4482498169, 27.8049850464, -6.98909711838], [-71.3899536133, 92.5818939209, 95.5804367065, -89.4451904297, -2.47074770927, 163.386367798, 43.3339500427, 11.8614740372, 12.6136226654, 63.103012085, 33.7890167236, 31.9186725616, 44.8075294495], [-150.422653198, 142.368789673, -54.1873512268, 4.19389200211, 3.07320404053, 43.3339500427, 194.074752808, -35.6763954163, 21.3137073517, 56.9071884155, -11.8109254837, -15.6516780853, 14.4776496887], [46.0787124634, 11.060790062, 75.7336425781, 49.8120422363, 27.6205387115, 11.8614740372, -35.6763954163, 158.150115967, 18.8843574524, -12.6185455322, 50.0914802551, 67.9011764526, 11.5626115799], [19.5353889465, 73.1640930176, -14.4170379639, -35.2252883911, 47.24036026, 12.6136226654, 21.3137073517, 18.8843574524, 80.6066055298, 31.9392871857, 10.811627388, 23.5149669647, 7.2206287384], [7.37696790695, 64.4995651245, -18.5814857483, -115.945388794, 28.8829669952, 63.103012085, 56.9071884155, -12.6185455322, 31.9392871857, 148.586364746, 5.71383523941, 2.35443282127, 28.5333271027], [9.80927181244, 187.377029419, -10.2554292679, -6.00028514862, 17.4482498169, 33.7890167236, -11.8109254837, 50.0914802551, 10.811627388, 5.71383523941, 121.984642029, 57.3108139038, -1.46512508392], [32.0618286133, 188.398040771, -3.09695935249, -19.6833724976, 27.8049850464, 31.9186725616, -15.6516780853, 67.9011764526, 23.5149669647, 2.35443282127, 57.3108139038, 138.073745728, 30.1830673218], [15.9687328339, 23.8338718414, -4.2903881073, -22.767162323, -6.98909711838, 44.8075294495, 14.4776496887, 11.5626115799, 7.2206287384, 28.5333271027, -1.46512508392, 30.1830673218, 91.0132675171]]
        icov: [[0.000595091842115, 0.000463989505079, 0.000300507177599, 0.000490702397656, -0.000494945212267, 0.000221976690227, 1.55981015268e-05, -9.05697888811e-05, 7.8463308455e-05, 0.000223164388444, -0.000512568862177, -0.000362481892807, -0.000191496495972], [0.000463989505079, 0.00104244181421, 0.00105188658927, 0.00081082462566, -0.00122927455232, -0.000492941297125, -0.000447925325716, -0.000222760922043, 0.000443803903181, 0.000826311123092, -0.000896357523743, -0.000703707861248, 7.05373095116e-05], [0.000300507177599, 0.00105188658927, 0.00348691246472, 0.00109463604167, -0.00140842469409, -0.00290959165432, 7.79438851168e-05, -0.00187091133557, 0.000932906754315, 0.00172961014323, 0.000302811007714, 7.67063902458e-05, 0.00102276960388], [0.000490702397656, 0.00081082462566, 0.00109463604167, 0.00255046226084, -0.00044997560326, 0.000257473613601, -0.000922235019971, -0.00133411434945, 0.000613974989392, 0.00188169977628, -0.000728536630049, -6.57372947899e-05, -8.25100505608e-05], [-0.000494945212267, -0.00122927455232, -0.00140842469409, -0.00044997560326, 0.00862004235387, 0.00172943074722, 0.000518051325344, -0.000484598771436, -0.00397585704923, -0.00197680923156, 0.000759802467655, 4.52346794191e-05, 0.000951878144406], [0.000221976690227, -0.000492941297125, -0.00290959165432, 0.000257473613601, 0.00172943074722, 0.0121992873028, -0.00165780063253, 0.00114948069677, -0.000188458652701, -0.00374765554443, -0.00314302043989, -0.000995370442979, -0.00426869373769], [1.55981015268e-05, -0.000447925325716, 7.79438851168e-05, -0.000922235019971, 0.000518051325344, -0.00165780063253, 0.00709278834984, 0.00124337058514, -0.00170611031353, -0.00221771281213, 0.00107797374949, 0.000823204638436, 3.22373343806e-05], [-9.05697888811e-05, -0.000222760922043, -0.00187091133557, -0.00133411434945, -0.000484598771436, 0.00114948069677, 0.00124337058514, 0.0105240885168, -0.00175886158831, -0.000410947221098, -0.00250534131192, -0.00352545804344, -0.00108841760084], [7.8463308455e-05, 0.000443803903181, 0.000932906754315, 0.000613974989392, -0.00397585704923, -0.000188458652701, -0.00170611031353, -0.00175886158831, 0.0169283989817, -0.00190427014604, 0.000106223589682, -0.00194928969722, 0.000252021971392], [0.000223164388444, 0.000826311123092, 0.00172961014323, 0.00188169977628, -0.00197680923156, -0.00374765554443, -0.00221771281213, -0.000410947221098, -0.00190427014604, 0.011527617462, -0.000659146870021, 0.00105659756809, -0.00142900657374], [-0.000512568862177, -0.000896357523743, 0.000302811007714, -0.000728536630049, 0.000759802467655, -0.00314302043989, 0.00107797374949, -0.00250534131192, 0.000106223589682, -0.000659146870021, 0.0129334349185, -0.00292024761438, 0.00328409322537], [-0.000362481892807, -0.000703707861248, 7.67063902458e-05, -6.57372947899e-05, 4.52346794191e-05, -0.000995370442979, 0.000823204638436, -0.00352545804344, -0.00194928969722, 0.00105659756809, -0.00292024761438, 0.0125861065462, -0.00335208699107], [-0.000191496495972, 7.05373095116e-05, 0.00102276960388, -8.25100505608e-05, 0.000951878144406, -0.00426869373769, 3.22373343806e-05, -0.00108841760084, 0.000252021971392, -0.00142900657374, 0.00328409322537, -0.00335208699107, 0.0149304540828]]
    spectral_contrast:
        mean: [-2.05767406669e-07, -1.57284858915e-07, 2.04647054858e-08, 1.42966882777e-07, 1.86477393527e-07, 4.19645090233e-07, -1.98309612642e-06, 2.19655544242e-06, -3.49567039848e-06, -6.15850785834e-06, 3.11476833303e-06, -2.57151464211e-06]
        var: [0.000373412418412, 0.00108180497773, 0.0018820061814, 0.00269761052914, 0.00672356784344, 0.00861374102533, 0.0919437855482, 0.172570765018, 0.223576307297, 0.348404586315, 1.0417137146, 1.57420146465]

rhythm:
    beats_loudness:
        dmean: 0.00264034792781
        dmean2: 0.0039863162674
        dvar: 3.86334886571e-06
        dvar2: 6.31204557067e-06
        max: 0.00991705339402
        mean: 0.00407454790547
        min: 0.000968502659816
        var: 8.48375111673e-06
    beats_loudness_bass:
        dmean: 0.00779703631997
        dmean2: 0.0123700043187
        dvar: 5.85712623433e-05
        dvar2: 0.000117839706945
        max: 0.0367787443101
        mean: 0.00738160312176
        min: 1.92666120711e-05
        var: 8.93011310836e-05
    bpm: 151.652160645
    bpm_confidence: 0
    first_peak_bpm: 152
    first_peak_spread: 0
    first_peak_weight: 0.5
    onset_rate: 4.50957107544
    second_peak_bpm: 76
    second_peak_spread: 0
    second_peak_weight: 0.4375
    beats_position: [0.255184322596, 1.04677188396, 1.83835947514, 2.62994718552, 3.42153477669, 4.21312236786, 5.00471019745, 5.7962975502, 6.35812330246, 6.75382661819, 7.14952993393, 7.5452337265, 7.94093751907, 8.33664131165, 8.73234462738, 9.12804794312, 9.52375221252]
    bpm_estimates: [152.12197876, 152.800369263, 152.997924805, 152.38130188, 147.959213257]
    bpm_intervals: [0.791587591171, 0.791587591171, 0.791587710381, 0.791587591171, 0.791587591171, 0.79158782959, 0.791587352753, 0.561825752258, 0.395703315735, 0.395703315735, 0.395703792572, 0.395703792572, 0.395703792572, 0.395703315735, 0.395703315735, 0.395704269409]
    onset_times: [0.255419492722, 0.661768734455, 0.9287981987, 1.34675741196, 1.47446715832, 1.71827661991, 1.84598636627, 1.88081634045, 2.17106580734, 2.27555561066, 2.48453521729, 2.72834467888, 2.93732428551, 3.15791392326, 3.44816327095, 3.88934230804, 4.09832191467, 4.31891155243, 4.6439909935, 4.80653047562, 4.99229001999, 5.10838985443, 5.45668935776, 6.23455762863, 6.61768722534, 6.72217702866, 6.90793657303, 7.00081634521, 7.17496585846, 7.39555549622, 7.4884352684, 7.67419481277, 7.75546503067, 7.84834480286, 8.0224943161, 8.2198638916, 8.54494285583, 8.66104316711, 8.82358264923, 8.88163280487, 8.99773216248, 9.07900238037, 9.287981987, 9.6014509201, 9.81043052673]
    rubato_start: [6.75382661819]
    rubato_stop: [9.52375221252]
    perceptual_tempo: "unknown"

sfx:
    inharmonicity:
        dmean: 0.0407479628921
        dmean2: 0.0724887549877
        dvar: 0.00517376698554
        dvar2: 0.0147284278646
        max: 0.443842589855
        mean: 0.0350747331977
        min: 0
        var: 0.00450167292729
    oddtoevenharmonicenergyratio:
        dmean: 57.4570350647
        dmean2: 114.538322449
        dvar: 420504.09375
        dvar2: 1261550.375
        max: 9306.91210938
        mean: 30.1429157257
        min: 0
        var: 210586.84375
    pitch_after_max_to_before_max_energy_ratio: 0.352577447891
    pitch_centroid: 178.424468994
    pitch_max_to_total: 0.852380931377
    pitch_min_to_total: 0.245238095522
    tristimulus:
        dmean: [0.170873090625, 0.181228488684, 0.0534273721278]
        dmean2: [0.304892629385, 0.325651824474, 0.096594274044]
        dvar: [0.0497624725103, 0.051591347903, 0.0108087873086]
        dvar2: [0.132159233093, 0.144222736359, 0.0301542803645]
        max: [1, 0.994827985764, 0.937805891037]
        mean: [0.446100980043, 0.486889600754, 0.0512425117195]
        min: [0.000143459474202, 0, 0]
        var: [0.102254211903, 0.0939022153616, 0.00914999842644]

tonal:
    chords_changes_rate: 0.0379146933556
    chords_number_rate: 0.0236966833472
    chords_strength:
        dmean: 0.00876508466899
        dmean2: 0.0068987486884
        dvar: 7.50672625145e-05
        dvar2: 6.76517011016e-05
        max: 0.692594051361
        mean: 0.590173482895
        min: 0.339200168848
        var: 0.00673621706665
    key_strength: 0.674553394318
    tuning_diatonic_strength: 0.539384365082
    tuning_equal_tempered_deviation: 0.07834302634
    tuning_frequency: 441.272583008
    tuning_nontempered_energy_ratio: 0.652361750603
    hpcp:
        dmean: [0.0434172675014, 0.0243974830955, 0.0307742394507, 0.0520548149943, 0.0562137030065, 0.0331314206123, 0.0163274537772, 0.0200680568814, 0.0489720739424, 0.0795898139477, 0.0788718909025, 0.0857891812921, 0.110902346671, 0.0816228017211, 0.0260807313025, 0.0132820364088, 0.0189616531134, 0.0520344637334, 0.0975066572428, 0.10385132581, 0.0897225439548, 0.0824020802975, 0.0799353122711, 0.134973406792, 0.102863751352, 0.122968345881, 0.0517975725234, 0.0332388803363, 0.0340533815324, 0.0311412326992, 0.0286654159427, 0.0337515063584, 0.0846948176622, 0.131776601076, 0.0845484137535, 0.0546942353249]
        dmean2: [0.07162874192, 0.0398169122636, 0.046859331429, 0.0858222171664, 0.0966095477343, 0.0581602156162, 0.0274177175015, 0.0288140308112, 0.0743697285652, 0.126669466496, 0.136590227485, 0.141015350819, 0.177014917135, 0.133668318391, 0.044532418251, 0.021971674636, 0.0327695049345, 0.0902975425124, 0.159348770976, 0.174556195736, 0.153148517013, 0.1524643749, 0.141115024686, 0.23183991015, 0.175344601274, 0.21568852663, 0.0863345935941, 0.0554904565215, 0.0595964416862, 0.0575655400753, 0.0502963922918, 0.0534830130637, 0.133343175054, 0.202279686928, 0.133640989661, 0.0912819579244]
        dvar: [0.0224182922393, 0.00835815817118, 0.00539225619286, 0.0124188279733, 0.0242590531707, 0.0134143512696, 0.00433100108057, 0.00543736154214, 0.0092298835516, 0.0219873525202, 0.0328295268118, 0.0199390184134, 0.0316709317267, 0.0235680509359, 0.00615594256669, 0.00144593371078, 0.00453724479303, 0.0122161787003, 0.0334175750613, 0.0399651899934, 0.0402487590909, 0.0472541414201, 0.0248067919165, 0.0437554977834, 0.0383112505078, 0.0396601818502, 0.0171213690192, 0.0139834154397, 0.0161332078278, 0.0188056975603, 0.011055149138, 0.010735752061, 0.018374864012, 0.0411603488028, 0.0240483377129, 0.0269993375987]
        dvar2: [0.0483952723444, 0.0159678589553, 0.0104117998853, 0.0285253413022, 0.067603379488, 0.0357343629003, 0.00779989128932, 0.0084346877411, 0.0161156561226, 0.045320328325, 0.0820828601718, 0.0453836023808, 0.0670424625278, 0.0499586090446, 0.0158956702799, 0.00353952590376, 0.0128907328472, 0.0319226011634, 0.0634432062507, 0.0718138217926, 0.0967112183571, 0.136509895325, 0.0660590901971, 0.106525547802, 0.0811810716987, 0.0986277386546, 0.0354983024299, 0.0256634745747, 0.0432027056813, 0.0550947524607, 0.0322529487312, 0.0273464117199, 0.0463769100606, 0.102454416454, 0.0566254891455, 0.0645624995232]
        max: [1, 0.747239768505, 0.62032186985, 0.789728522301, 1, 0.940477252007, 0.597382605076, 1, 0.860256612301, 1, 1, 1, 1, 1, 0.780537962914, 0.366252303123, 0.60350561142, 1, 1, 1, 1, 1, 1, 1, 1, 1, 1, 1, 1, 1, 1, 1, 1, 1, 1, 1]
        mean: [0.0450820960104, 0.0238367263228, 0.0470951274037, 0.0837677791715, 0.0642293021083, 0.0275226049125, 0.0176081955433, 0.0207815207541, 0.0946369096637, 0.165575399995, 0.111783161759, 0.143651664257, 0.239406242967, 0.142313331366, 0.02522078529, 0.0123792132363, 0.0157152786851, 0.126543849707, 0.290129870176, 0.255370944738, 0.120936766267, 0.0605786144733, 0.0762583762407, 0.286843210459, 0.380180358887, 0.173165977001, 0.0473302826285, 0.0383856706321, 0.0273164324462, 0.024435415864, 0.0285057239234, 0.0408069379628, 0.169114515185, 0.27735337615, 0.162513568997, 0.0597505606711]
        min: [3.5889333958e-05, 6.33979725535e-05, 4.72855608677e-05, 0.000110680317448, 0.000341612059856, 0.000115454509796, 3.62445425708e-05, 1.28045876409e-05, 0.00048081157729, 0.000619574566372, 0.000759202055633, 8.23744921945e-05, 0.000220919217099, 0.00101644604001, 7.63715142966e-05, 3.31402115989e-05, 4.53328684671e-05, 0.000690167187713, 0.000417908799136, 0.000203475065064, 0.000101036348497, 1.94697277038e-05, 3.77937285521e-05, 8.44380774652e-05, 7.05110069248e-05, 4.28041894338e-05, 5.34185819561e-05, 2.90663065243e-05, 5.39495777048e-05, 0.00016792313545, 0.000135590744321, 0.000153608547407, 0.000539524829946, 0.000571725424379, 0.00178653863259, 0.000373554794351]
        var: [0.0196299962699, 0.00787102431059, 0.00930994562805, 0.024054761976, 0.0205992944539, 0.011186205782, 0.00598777737468, 0.00836606416851, 0.0274589322507, 0.072730332613, 0.0360191240907, 0.042422555387, 0.0991569235921, 0.0461956448853, 0.00600048014894, 0.00131382874679, 0.00282414606772, 0.0355866700411, 0.154633492231, 0.109412945807, 0.0723443925381, 0.0330771356821, 0.0257194135338, 0.126338392496, 0.17372815311, 0.060018658638, 0.0224507786334, 0.0237292908132, 0.0129947979003, 0.0100880423561, 0.00656865909696, 0.0136658772826, 0.0484508983791, 0.104867756367, 0.0463521108031, 0.0268284492195]
    chords_histogram: [30.8056869507, 0, 40.7582931519, 4.26540279388, 0, 0, 0, 0, 0, 0, 0, 0, 0, 0, 0, 0, 0, 2.36966824532, 0, 0, 0, 0, 0, 21.8009471893]
    thpcp: [1, 0.45548376441, 0.124494284391, 0.100966997445, 0.0718512460589, 0.0642732232809, 0.0749794766307, 0.107335731387, 0.444827079773, 0.729531049728, 0.427464395761, 0.157163724303, 0.118580810726, 0.0626984685659, 0.123875752091, 0.220336943865, 0.168944299221, 0.0723935440183, 0.0463153757155, 0.0546622686088, 0.248926356435, 0.435518026352, 0.29402667284, 0.377851366997, 0.62971752882, 0.374331086874, 0.0663390010595, 0.0325614213943, 0.04133637622, 0.33285215497, 0.763137459755, 0.671710014343, 0.318103671074, 0.159341782331, 0.200584739447, 0.754492461681]
    chords_key: "G#"
    chords_scale: "major"
    key_key: "C#"
    key_scale: "major"
    chords_progression: ["Cm", "Cm", "Cm", "Cm", "G#", "G#", "G#", "G#", "G#", "G#", "G#", "Cm", "Cm", "Cm", "C#m", "C#m", "C#m", "C#m", "C#", "C#", "C#", "C#", "C#", "C#", "C#", "C#", "C#", "C#", "C#", "C#", "C#", "C#", "C#", "C#", "C#", "C#", "C#", "C#", "C#", "C#", "C#", "C#", "C#", "C#", "C#", "C#", "C#", "C#", "C#", "C#", "C#", "C#", "C#", "C#", "C#", "C#", "C#", "C#", "C#", "C#", "C#", "C#", "C#", "C#", "C#", "C#", "C#", "C#", "C#", "C#", "C#", "C#", "C#", "C#", "C#", "C#", "C#", "C#", "C#", "C#", "C#", "C#", "C#", "G#", "G#", "G#", "G#", "G#", "G#", "G#", "G#", "G#", "G#", "G#", "G#", "G#", "G#", "G#", "G#", "G#", "G#", "G#", "G#", "G#", "G#", "G#", "G#", "G#", "G#", "G#", "G#", "G#", "G#", "G#", "G#", "G#", "G#", "G#", "G#", "G#", "G#", "G#", "G#", "G#", "G#", "G#", "G#", "G#", "G#", "G#", "G#", "G#", "G#", "G#", "G#", "G#", "G#", "G#", "G#", "G#", "G#", "G#", "G#", "G#", "G#", "G#", "G#", "G#", "G#", "G#", "G#", "G#", "G#", "G#", "G#", "G#", "G#", "G#", "G#", "G#", "G#", "G#", "Cm", "Cm", "C#m", "A#m", "A#m", "A#m", "A#m", "A#m", "A#m", "A#m", "A#m", "A#m", "A#m", "A#m", "A#m", "A#m", "A#m", "A#m", "A#m", "A#m", "A#m", "A#m", "A#m", "A#m", "A#m", "A#m", "A#m", "A#m", "A#m", "A#m", "A#m", "A#m", "A#m", "A#m", "A#m", "A#m", "A#m", "A#m", "A#m", "A#m", "A#m", "A#m", "A#m", "A#m", "A#m", "A#m", "A#m", "A#m", "A#m"]
