
metadata:
    version:
        essentia: "1.2.2"
    audio_properties:
        analysis_sample_rate: 44100
        bitrate: 128
        channels: 2
        equal_loudness: 1
        length: 10.0310201645
        replay_gain: -10.7060031891
        downmix: "mix"
    tags:
        track: 1
        year: 0
        album: "Splitted by Mp3Splt v. 2.1"
        artist: "From 000.00 To 000.10"
        comment: "http://mp3splt.sf.net"
        genre: ""
        title: "05 Wickerman.mp3"

highlevel:
    ballroom:
        all:
            ChaChaCha: 0.113360524178
            Jive: 0.217259451747
            Quickstep: 0.0440304093063
            Rumba-American: 0.00828471500427
            Rumba-International: 0.112736284733
            Rumba-Misc: 0.0167955197394
            Samba: 0.462801814079
            Tango: 0.0064654215239
            VienneseWaltz: 0.00863514188677
            Waltz: 0.009630699642
        probability: 0.462801814079
        value: "Samba"
    culture:
        all:
            non_western: 0.414787471294
            western: 0.585212528706
        probability: 0.585212528706
        value: "western"
    gender:
        all:
            female: 0.847415149212
            male: 0.15258488059
        probability: 0.847415149212
        value: "female"
    genre_dortmund:
        all:
            alternative: 0.13290387392
            blues: 0.0137902209535
            electronic: 0.380169093609
            folkcountry: 0.0387834683061
            funksoulrnb: 0.00689326785505
            jazz: 0.164458915591
            pop: 0.0577714368701
            raphiphop: 0.0271521285176
            rock: 0.178077593446
        probability: 0.380169093609
        value: "electronic"
    genre_electronica:
        all:
            ambient: 0.113590635359
            dnb: 0.733763158321
            house: 0.0294792819768
            techno: 0.0191228259355
            trance: 0.104044124484
        probability: 0.733763158321
        value: "dnb"
    genre_rosamerica:
        all:
            cla: 0.0428378731012
            dan: 0.62140005827
            hip: 0.04581926018
            jaz: 0.0258528981358
            pop: 0.0823958665133
            rhy: 0.12006008625
            roc: 0.0568725131452
            spe: 0.00476143648848
        probability: 0.62140005827
        value: "dan"
    genre_tzanetakis:
        all:
            blu: 0.00717782834545
            cla: 0.00546917039901
            cou: 0.0287080779672
            dis: 0.0993324965239
            hip: 0.0269057955593
            jaz: 0.0240842271596
            met: 0.0408277697861
            pop: 0.587087154388
            reg: 0.0581949092448
            roc: 0.122212588787
        probability: 0.587087154388
        value: "pop"
    live_studio:
        all:
            live: 0.046090722084
            studio: 0.953909277916
        probability: 0.953909277916
        value: "studio"
    mood:
        all:
            Cluster1: 0.130665808916
            Cluster2: 0.0625782310963
            Cluster3: 0.722046196461
            Cluster4: 0.0180640015751
            Cluster5: 0.0666457414627
        probability: 0.722046196461
        value: "Cluster3"
    mood_acoustic:
        all:
            acoustic: 0.0255801137537
            not_acoustic: 0.974419891834
        probability: 0.974419891834
        value: "not_acoustic"
    mood_aggressive:
        all:
            aggressive: 0.158590331674
            not_aggressive: 0.841409683228
        probability: 0.841409683228
        value: "not_aggressive"
    mood_electronic:
        all:
            electronic: 0.692181885242
            not_electronic: 0.307818114758
        probability: 0.692181885242
        value: "electronic"
    mood_happy:
        all:
            happy: 0.137085363269
            not_happy: 0.86291462183
        probability: 0.86291462183
        value: "not_happy"
    mood_party:
        all:
            not_party: 0.697615921497
            party: 0.3023840487
        probability: 0.697615921497
        value: "not_party"
    mood_relaxed:
        all:
            not_relaxed: 0.259623497725
            relaxed: 0.740376472473
        probability: 0.740376472473
        value: "relaxed"
    mood_sad:
        all:
            not_sad: 1.42297024858e-12
            sad: 1
        probability: 1
        value: "sad"
    rhythm:
        all:
            fast: 0.955549180508
            medium: 0.0310967583209
            slow: 0.0133540416136
        probability: 0.955549180508
        value: "fast"
    speech_music:
        all:
            music: 3.00000096379e-14
            speech: 1
        probability: 1
        value: "speech"
    timbre:
        all:
            bright: 0.268163383007
            dark: 0.731836616993
        probability: 0.731836616993
        value: "dark"
    voice_instrumental:
        all:
            instrumental: 0.887930393219
            voice: 0.11206959188
        probability: 0.887930393219
        value: "instrumental"

lowlevel:
    average_loudness: 0.927528619766
    barkbands_kurtosis:
        dmean: 1.46201884747
        dmean2: 2.36860346794
        dvar: 4.03449869156
        dvar2: 10.1190004349
        max: 15.7818012238
        mean: 0.738006532192
        min: -1.8308300972
        var: 6.90757322311
    barkbands_skewness:
        dmean: 0.489714920521
        dmean2: 0.773290336132
        dvar: 0.286472797394
        dvar2: 0.571435928345
        max: 3.7703204155
        mean: 1.04488825798
        min: -2.83781147003
        var: 0.846501410007
    barkbands_spread:
        dmean: 6.03753662109
        dmean2: 9.6969127655
        dvar: 42.4557266235
        dvar2: 97.0467681885
        max: 74.7094039917
        mean: 31.5721912384
        min: 7.5576376915
        var: 95.8930892944
    dissonance:
        dmean: 0.0170370470732
        dmean2: 0.0294023919851
        dvar: 0.000240727240453
        dvar2: 0.000706240651198
        max: 0.498932510614
        mean: 0.46724486351
        min: 0.357505857944
        var: 0.000376277981559
    hfc:
        dmean: 1.35629165173
        dmean2: 1.70467853546
        dvar: 15.4518461227
        dvar2: 29.9514522552
        max: 58.2244644165
        mean: 2.7609140873
        min: 0.0191303472966
        var: 26.8581581116
    pitch:
        dmean: 452.192047119
        dmean2: 858.893920898
        dvar: 1156189.5
        dvar2: 2837714.75
        max: 5512.5
        mean: 700.647949219
        min: 65.820892334
        var: 1621396.5
    pitch_instantaneous_confidence:
        dmean: 0.0690364688635
        dmean2: 0.112294048071
        dvar: 0.00366430403665
        dvar2: 0.00898655131459
        max: 0.671815633774
        mean: 0.345914632082
        min: 0.147295713425
        var: 0.0135196270421
    pitch_salience:
        dmean: 0.0644508972764
        dmean2: 0.110511116683
        dvar: 0.00386745226569
        dvar2: 0.0110027957708
        max: 0.862020909786
        mean: 0.628247976303
        min: 0.358606249094
        var: 0.00653899554163
    silence_rate_20dB:
        dmean: 0
        dmean2: 0
        dvar: 0
        dvar2: 0
        max: 1
        mean: 1
        min: 1
        var: 0
    silence_rate_30dB:
        dmean: 0
        dmean2: 0
        dvar: 0
        dvar2: 0
        max: 1
        mean: 1
        min: 1
        var: 0
    silence_rate_60dB:
        dmean: 0.0813953503966
        dmean2: 0.163170158863
        dvar: 0.0747702643275
        dvar2: 0.141207486391
        max: 1
        mean: 0.828306257725
        min: 0
        var: 0.142215043306
    spectral_centroid:
        dmean: 257.595428467
        dmean2: 383.612213135
        dvar: 141866.796875
        dvar2: 206558.0625
        max: 4811.67236328
        mean: 1045.36767578
        min: 256.756500244
        var: 419459.28125
    spectral_complexity:
        dmean: 2.30913352966
        dmean2: 3.38732385635
        dvar: 12.461810112
        dvar2: 20.1105308533
        max: 33
        mean: 6.5093460083
        min: 0
        var: 29.3200244904
    spectral_crest:
        dmean: 2.47109699249
        dmean2: 4.22791147232
        dvar: 6.10761356354
        dvar2: 15.6287374496
        max: 19.0660381317
        mean: 7.97867441177
        min: 2.97662258148
        var: 10.1144981384
    spectral_decrease:
        dmean: 3.36288663583e-10
        dmean2: 5.24450483042e-10
        dvar: 7.91964018359e-19
        dvar2: 1.96254597388e-18
        max: -5.93653761132e-13
        mean: -5.67365210369e-10
        min: -7.68211627644e-09
        var: 7.38871430742e-19
    spectral_energy:
        dmean: 0.0013764675241
        dmean2: 0.00209638220258
        dvar: 1.24787757159e-05
        dvar2: 3.04541281366e-05
        max: 0.0300390701741
        mean: 0.00239178980701
        min: 3.97578423872e-06
        var: 1.24562284327e-05
    spectral_energyband_high:
        dmean: 0.000119863114378
        dmean2: 0.000147915867274
        dvar: 1.73151079252e-07
        dvar2: 3.19328393061e-07
        max: 0.00652399007231
        mean: 0.000197021552594
        min: 2.12885379369e-06
        var: 3.76687580683e-07
    spectral_energyband_low:
        dmean: 0.000216175802052
        dmean2: 0.000365484709619
        dvar: 2.01451683779e-07
        dvar2: 5.11106009071e-07
        max: 0.00440990272909
        mean: 0.000375805975636
        min: 2.94934125122e-07
        var: 2.03249385322e-07
    spectral_energyband_middle_high:
        dmean: 0.000244507216848
        dmean2: 0.000328182621161
        dvar: 4.37441940448e-07
        dvar2: 8.11030645309e-07
        max: 0.0102622890845
        mean: 0.0005553845549
        min: 9.96789594865e-07
        var: 7.38648907372e-07
    spectral_energyband_middle_low:
        dmean: 0.00102285912726
        dmean2: 0.00168624438811
        dvar: 1.02074127426e-05
        dvar2: 2.62372632278e-05
        max: 0.0258170496672
        mean: 0.00126355979592
        min: 5.53886309262e-07
        var: 8.07385276858e-06
    spectral_flatness_db:
        dmean: 0.0172070991248
        dmean2: 0.0270369220525
        dvar: 0.000305073248455
        dvar2: 0.000738189322874
        max: 0.213780120015
        mean: 0.124654904008
        min: 0.0540361851454
        var: 0.00071642344119
    spectral_flux:
        dmean: 0.00875754561275
        dmean2: 0.0130314333364
        dvar: 0.000275132799288
        dvar2: 0.000600929954089
        max: 0.134603530169
        mean: 0.0259743314236
        min: 0.0019939369522
        var: 0.000487121287733
    spectral_kurtosis:
        dmean: 0.72106140852
        dmean2: 1.08742666245
        dvar: 0.634077727795
        dvar2: 1.24500441551
        max: 9.97003555298
        mean: 2.91852736473
        min: -0.615601062775
        var: 2.36266922951
    spectral_rms:
        dmean: 0.000308676710119
        dmean2: 0.000445352052338
        dvar: 3.24734941159e-07
        dvar2: 7.06689945673e-07
        max: 0.005413539242
        mean: 0.00134601711761
        min: 6.22801235295e-05
        var: 5.21690992628e-07
    spectral_rolloff:
        dmean: 588.153747559
        dmean2: 952.869262695
        dvar: 638145.8125
        dvar2: 1190608.625
        max: 9625.34179688
        mean: 2226.87524414
        min: 193.798828125
        var: 1434644.875
    spectral_skewness:
        dmean: 0.142116487026
        dmean2: 0.201056629419
        dvar: 0.0234351214021
        dvar2: 0.0424345433712
        max: 2.71562576294
        mean: 1.55061423779
        min: -0.00571872480214
        var: 0.121739976108
    spectral_spread:
        dmean: 722936.0625
        dmean2: 985355.4375
        dvar: 872933490688
        dvar2: 1.54011788902e+12
        max: 15477831
        mean: 7101836.5
        min: 3742800.75
        var: 2.79988771226e+12
    spectral_strongpeak:
        dmean: 0.141932189465
        dmean2: 0.23890979588
        dvar: 0.160853341222
        dvar2: 0.399538546801
        max: 5.56293201447
        mean: 0.185728549957
        min: 0.000516781583428
        var: 0.159313678741
    zerocrossingrate:
        dmean: 0.0100309206173
        dmean2: 0.0117405280471
        dvar: 0.000109998582047
        dvar2: 0.000102258149127
        max: 0.2177734375
        mean: 0.0723044127226
        min: 0.03125
        var: 0.000755412154831
    barkbands:
        dmean: [1.04578157334e-06, 0.000106992541987, 0.000136322327307, 0.000202754788916, 0.000730624538846, 0.000129736261442, 5.61124943488e-05, 2.87504626613e-05, 1.58626389748e-05, 1.93362375285e-05, 1.5697121853e-05, 1.32512559503e-05, 1.49912684719e-05, 1.74654196599e-05, 3.31835508405e-05, 2.50440389209e-05, 4.5840304665e-05, 4.24349709647e-05, 8.76582198543e-05, 6.02429900027e-05, 5.78648614464e-05, 3.27024172293e-05, 5.26662688571e-06, 2.55056761489e-06, 1.49426523421e-06, 8.96741312317e-08, 5.47766232373e-09]
        dmean2: [1.67668360973e-06, 0.00018136210565, 0.000228917240747, 0.000336888275342, 0.00125389453024, 0.000201107701287, 9.11112365429e-05, 4.86168501084e-05, 2.49232944043e-05, 3.3129726944e-05, 2.38274478761e-05, 2.15833424591e-05, 2.25289131777e-05, 2.82018136204e-05, 5.31944533577e-05, 3.87503569073e-05, 7.03759142198e-05, 6.34625394014e-05, 0.000130212763906, 8.93989708857e-05, 8.04291412351e-05, 4.23283672717e-05, 7.28741042622e-06, 3.48178468812e-06, 1.92182096725e-06, 1.15555323532e-07, 5.78964476361e-09]
        dvar: [1.24870227006e-11, 8.95361509379e-08, 5.6491149536e-08, 2.66342709665e-07, 5.87734075452e-06, 9.27332379774e-08, 1.20614638277e-08, 1.77867931495e-09, 6.77686018413e-10, 3.85613230236e-09, 5.13613984676e-10, 5.17927756238e-10, 1.08051767533e-09, 2.96562108204e-09, 3.59882457168e-09, 2.0702646264e-09, 1.8016756087e-08, 1.03837693999e-08, 1.41023022593e-07, 3.84050444779e-08, 4.31390105859e-08, 2.94324173922e-08, 2.22256435478e-10, 3.30000159143e-11, 7.22600451697e-12, 2.20526908231e-14, 1.04464014343e-14]
        dvar2: [2.9138018387e-11, 2.41638247189e-07, 1.49664671767e-07, 7.0348215786e-07, 1.5493369574e-05, 2.18608690261e-07, 2.92736110907e-08, 4.75600714367e-09, 1.4383710889e-09, 1.07754196677e-08, 9.88044535077e-10, 1.26838040071e-09, 2.51517606742e-09, 8.29758395327e-09, 8.74881767032e-09, 3.97052257739e-09, 3.78353810504e-08, 2.20351665803e-08, 2.86261865767e-07, 9.54384802299e-08, 9.22376202084e-08, 3.7695745192e-08, 4.0938577528e-10, 5.67290034392e-11, 1.32805667505e-11, 3.26399809416e-14, 1.04389517795e-14]
        max: [2.87562397716e-05, 0.00284928642213, 0.00183313316666, 0.0033387420699, 0.0212120879441, 0.00288695190102, 0.00105547893327, 0.000482966424897, 0.000453857588582, 0.00100055162329, 0.000375911884475, 0.000313082331559, 0.000476856424939, 0.000776068307459, 0.000611890049186, 0.000631726637948, 0.00190890091471, 0.00131610105745, 0.00623054802418, 0.00289782788604, 0.00276517868042, 0.00369753758423, 0.000203156596399, 8.37544066599e-05, 2.65518629021e-05, 2.34424715018e-06, 2.11951532947e-06]
        mean: [1.16779676773e-06, 0.000165014454979, 0.000209640449611, 0.000206870900001, 0.00069986237213, 0.000192360137589, 8.24134622235e-05, 4.5326010877e-05, 3.16116420436e-05, 2.70012606052e-05, 3.34473552357e-05, 2.56365565292e-05, 2.19212943193e-05, 2.29221877817e-05, 5.82121137995e-05, 5.18181877851e-05, 8.7691587396e-05, 6.15969329374e-05, 0.000126062965137, 8.71014417498e-05, 8.8892003987e-05, 4.90156016895e-05, 8.29494274512e-06, 4.7303028623e-06, 2.99921657643e-06, 1.72524366349e-07, 5.73066438747e-09]
        min: [6.49568636726e-12, 1.49248194248e-07, 1.43406182929e-07, 1.15062903205e-07, 2.44996442689e-07, 1.21561171795e-07, 3.08999190679e-08, 2.24699103768e-08, 1.86529209856e-08, 1.73780030366e-08, 3.16361123964e-08, 1.24897752585e-07, 7.06924367933e-08, 4.50840644817e-08, 1.32403457087e-07, 4.85793059113e-08, 1.35426546422e-07, 1.43615324077e-07, 1.37013870471e-07, 2.44989848852e-07, 4.46802431497e-07, 1.46168233073e-07, 1.33480980935e-07, 6.30538536939e-08, 4.4445723546e-08, 1.01705077693e-09, 3.90774110119e-13]
        var: [1.12969850488e-11, 6.89913761676e-08, 7.05802420953e-08, 2.03041295777e-07, 4.21136019213e-06, 1.20109447721e-07, 1.628587043e-08, 2.17194462415e-09, 2.2728838811e-09, 3.22380322437e-09, 1.65429481225e-09, 7.42418071464e-10, 2.19781193245e-09, 2.66259636561e-09, 4.65155425289e-09, 4.62539162527e-09, 2.70666387081e-08, 1.56733843681e-08, 1.65583159628e-07, 4.18655439205e-08, 7.80777824616e-08, 7.20914741237e-08, 4.17785750439e-10, 9.34668592523e-11, 1.68649001014e-11, 5.53232217253e-14, 1.04651166273e-14]
    mfcc:
        mean: [-751.287719727, 108.437049866, -13.6889801025, 50.2738380432, 4.0733757019, 0.48657104373, -0.127479016781, -2.2434899807, 2.89628434181, -7.77784252167, -9.1800699234, -4.98258495331, 2.76721382141]
        cov: [[2438.72143555, -649.091674805, -84.1996154785, 96.4100799561, -189.624847412, -26.9156265259, -97.0453643799, -177.140090942, -106.023132324, 19.6501255035, 12.9264802933, -90.838470459, -166.828689575], [-649.091674805, 639.343322754, -64.1347885132, -82.675567627, 73.3722381592, -42.7818756104, -0.847782194614, 64.8921432495, 15.7275390625, -28.530380249, 5.77848005295, 10.2112865448, 38.470539093], [-84.1996154785, -64.1347885132, 223.449111938, -5.97082424164, 18.7711467743, 56.4354972839, 33.9460296631, -14.6917963028, 0.855553150177, -0.282862901688, 6.65925264359, -2.61878681183, -4.25283527374], [96.4100799561, -82.675567627, -5.97082424164, 99.7557449341, 6.91156673431, 16.6486625671, -9.12738227844, -5.83167982101, 1.82399272919, 10.8723230362, -0.089528337121, -9.4350233078, -14.6005449295], [-189.624847412, 73.3722381592, 18.7711467743, 6.91156673431, 119.292388916, 16.9484939575, 6.64078378677, 20.1186389923, 19.7208766937, 2.24719834328, -4.03573131561, 10.8551521301, 25.8380088806], [-26.9156265259, -42.7818756104, 56.4354972839, 16.6486625671, 16.9484939575, 79.1629867554, 33.7206192017, -2.96425509453, 2.7191927433, 14.3414468765, 13.7910633087, -3.90820193291, -9.54004383087], [-97.0453643799, -0.847782194614, 33.9460296631, -9.12738227844, 6.64078378677, 33.7206192017, 87.3222579956, 20.2058677673, -7.39683389664, 13.1507987976, 14.6568183899, 9.60322952271, 9.65723896027], [-177.140090942, 64.8921432495, -14.6917963028, -5.83167982101, 20.1186389923, -2.96425509453, 20.2058677673, 67.5629119873, 27.349319458, 6.67305755615, 5.29080104828, 18.9639110565, 25.8673343658], [-106.023132324, 15.7275390625, 0.855553150177, 1.82399272919, 19.7208766937, 2.7191927433, -7.39683389664, 27.349319458, 65.5671844482, 27.5272502899, -0.00260855606757, 8.50992488861, 11.5462884903], [19.6501255035, -28.530380249, -0.282862901688, 10.8723230362, 2.24719834328, 14.3414468765, 13.1507987976, 6.67305755615, 27.5272502899, 62.8417510986, 15.7382125854, -2.81782197952, -5.92402029037], [12.9264802933, 5.77848005295, 6.65925264359, -0.089528337121, -4.03573131561, 13.7910633087, 14.6568183899, 5.29080104828, -0.00260855606757, 15.7382125854, 50.6032714844, 13.4483604431, -14.910282135], [-90.838470459, 10.2112865448, -2.61878681183, -9.4350233078, 10.8551521301, -3.90820193291, 9.60322952271, 18.9639110565, 8.50992488861, -2.81782197952, 13.4483604431, 50.4874305725, 19.14494133], [-166.828689575, 38.470539093, -4.25283527374, -14.6005449295, 25.8380088806, -9.54004383087, 9.65723896027, 25.8673343658, 11.5462884903, -5.92402029037, -14.910282135, 19.14494133, 57.7505340576]]
        icov: [[0.00083425140474, 0.000742344476748, 0.000408420950407, 6.65431580273e-05, 0.000187669109437, 0.000425436301157, 0.00045702944044, 0.000532864476554, 0.000760275288485, -0.000293893594062, -0.000369829271222, 0.00060594745446, 0.00115505373105], [0.000742344476748, 0.00299238716252, 0.000941700534895, 0.00191157881636, -0.00143937382381, 0.00112476595677, 0.000541978748515, -0.00138025789056, 0.000621549203061, 0.000938707555179, -0.00161347945686, 0.00195908290334, 0.000967115105595], [0.000408420950407, 0.000941700534895, 0.00623114546761, 0.00134017202072, -0.000818435568362, -0.00330088101327, -0.00137311697472, 0.00214105355553, -0.00125627324451, 0.00172808859497, -0.000646417378448, 0.000811133126263, 0.000434358080383], [6.65431580273e-05, 0.00191157881636, 0.00134017202072, 0.0129919657484, -0.00227292790078, -0.00276252883486, 0.00242188340053, -0.00226411456242, 0.00113899051212, -0.00125934858806, 0.000549237476662, 0.0014315781882, 0.00278218416497], [0.000187669109437, -0.00143937382381, -0.000818435568362, -0.00227292790078, 0.0114816064015, -0.00309245823883, 0.000874555611517, 0.000196373672225, -0.00163856614381, -0.000171777937794, 0.000876631122082, -0.00120643631089, -0.00407969160005], [0.000425436301157, 0.00112476595677, -0.00330088101327, -0.00276252883486, -0.00309245823883, 0.0214397180825, -0.00718154199421, 0.00219988683239, -0.00184426037595, -0.000514170504175, -0.00372040155344, 0.00281141046435, 0.00310250720941], [0.00045702944044, 0.000541978748515, -0.00137311697472, 0.00242188340053, 0.000874555611517, -0.00718154199421, 0.0194496121258, -0.00751639390364, 0.00892226584256, -0.00581067148596, -0.00142539781518, -0.00106978323311, -0.00238624028862], [0.000532864476554, -0.00138025789056, 0.00214105355553, -0.00226411456242, 0.000196373672225, 0.00219988683239, -0.00751639390364, 0.0277446731925, -0.0110374521464, 0.00276018027216, -0.00368357938714, -0.00248131039552, -0.0064893104136], [0.000760275288485, 0.000621549203061, -0.00125627324451, 0.00113899051212, -0.00163856614381, -0.00184426037595, 0.00892226584256, -0.0110374521464, 0.0286428611726, -0.0140417702496, 0.00423341151327, -0.00298429350369, 0.000773196865339], [-0.000293893594062, 0.000938707555179, 0.00172808859497, -0.00125934858806, -0.000171777937794, -0.000514170504175, -0.00581067148596, 0.00276018027216, -0.0140417702496, 0.0261755231768, -0.00845841877162, 0.00544713297859, -0.000435293506598], [-0.000369829271222, -0.00161347945686, -0.000646417378448, 0.000549237476662, 0.000876631122082, -0.00372040155344, -0.00142539781518, -0.00368357938714, 0.00423341151327, -0.00845841877162, 0.0316143035889, -0.0131706567481, 0.0117936842144], [0.00060594745446, 0.00195908290334, 0.000811133126263, 0.0014315781882, -0.00120643631089, 0.00281141046435, -0.00106978323311, -0.00248131039552, -0.00298429350369, 0.00544713297859, -0.0131706567481, 0.030185399577, -0.00909024756402], [0.00115505373105, 0.000967115105595, 0.000434358080383, 0.00278218416497, -0.00407969160005, 0.00310250720941, -0.00238624028862, -0.0064893104136, 0.000773196865339, -0.000435293506598, 0.0117936842144, -0.00909024756402, 0.0322464071214]]
    spectral_contrast:
        mean: [-1.93110167857e-07, -3.35565545129e-07, -4.52235440207e-08, 3.67411104207e-07, -4.27400891567e-07, -1.29688842776e-07, 1.2287713389e-06, -1.7667624661e-06, 1.86821569059e-06, -1.55647501288e-06, -2.08894790354e-09, 4.10547869478e-07]
        var: [0.000313780707074, 0.000558931671549, 0.000788468751125, 0.00154005584773, 0.00241056387313, 0.00420111324638, 0.0649650543928, 0.0815727934241, 0.127925753593, 0.200609639287, 0.340837270021, 1.53955352306]

rhythm:
    beats_loudness:
        dmean: 0.00596734182909
        dmean2: 0.0115833478048
        dvar: 8.34516777104e-06
        dvar2: 2.22303860937e-05
        max: 0.0159790627658
        mean: 0.00463494285941
        min: 0.000841093657073
        var: 1.31899923872e-05
    beats_loudness_bass:
        dmean: 0.299110502005
        dmean2: 0.58015203476
        dvar: 0.0444036386907
        dvar2: 0.0977760702372
        max: 0.76666033268
        mean: 0.222109913826
        min: 0.0124583747238
        var: 0.0522743165493
    bpm: 116.446685791
    bpm_confidence: 0
    first_peak_bpm: 117
    first_peak_spread: 0
    first_peak_weight: 0.944444417953
    onset_rate: 3.19010424614
    second_peak_bpm: 110
    second_peak_spread: 0
    second_peak_weight: 0.0555555559695
    beats_position: [0.148452803493, 0.663146615028, 1.17784035206, 1.6925342083, 2.20722794533, 2.72192168236, 3.23661565781, 3.75130939484, 4.26600313187, 4.78069734573, 5.29539108276, 5.81008481979, 6.3548617363, 6.87106895447, 7.38727617264, 7.90348339081, 8.41969108582, 8.93589782715, 9.45210456848]
    bpm_estimates: [116.516685486, 116.629638672, 116.828155518, 117.154075623, 116.442581177, 116.429206848, 116.344718933, 116.325332642, 116.485076904, 116.591041565, 116.178665161, 116.736587524, 116.337776184, 115.592712402, 116.199172974, 116.355514526]
    bpm_intervals: [0.514693796635, 0.51469373703, 0.514693856239, 0.51469373703, 0.51469373703, 0.514693975449, 0.51469373703, 0.51469373703, 0.514694213867, 0.51469373703, 0.51469373703, 0.544776916504, 0.51620721817, 0.51620721817, 0.51620721817, 0.516207695007, 0.516206741333, 0.516206741333]
    onset_times: [0.139319732785, 0.394739240408, 0.661768734455, 0.917188227177, 1.43963718414, 1.68344676495, 1.97369611263, 2.20589566231, 2.49614500999, 2.72834467888, 2.9837641716, 3.50621318817, 3.76163268089, 4.28408145905, 4.81814050674, 5.05034017563, 5.5727891922, 5.83981847763, 6.13006782532, 6.35065746307, 6.87310647964, 7.11691617966, 7.65097522736, 7.90639448166, 8.11537456512, 8.33596324921, 8.6146030426, 8.95129299164, 9.17188167572, 9.4853515625, 9.70594120026, 9.98458003998]
    rubato_start: []
    rubato_stop: []
    perceptual_tempo: "unknown"

sfx:
    inharmonicity:
        dmean: 0.030310831964
        dmean2: 0.0534818284214
        dvar: 0.00141985574737
        dvar2: 0.00434335926548
        max: 0.233411774039
        mean: 0.0310589317232
        min: 0
        var: 0.00139798526652
    oddtoevenharmonicenergyratio:
        dmean: 0.761263608932
        dmean2: 1.38300609589
        dvar: 1.4171551466
        dvar2: 3.82978868484
        max: 7.00160980225
        mean: 0.602122664452
        min: 0
        var: 1.1309620142
    pitch_after_max_to_before_max_energy_ratio: 0.174455627799
    pitch_centroid: 235.25592041
    pitch_max_to_total: 0.92990654707
    pitch_min_to_total: 0.65887850523
    tristimulus:
        dmean: [0.201024785638, 0.211301028728, 0.0963058769703]
        dmean2: [0.344522178173, 0.359832912683, 0.171426013112]
        dvar: [0.0290446598083, 0.0290916580707, 0.0119615290314]
        dvar2: [0.079245634377, 0.084559597075, 0.0349949859083]
        max: [1, 0.965735077858, 0.689531028271]
        mean: [0.496256113052, 0.369003266096, 0.102793164551]
        min: [0.0125281047076, 0, 0]
        var: [0.0474285036325, 0.0426934473217, 0.0125103695318]

tonal:
    chords_changes_rate: 0.0327102802694
    chords_number_rate: 0.0186915881932
    chords_strength:
        dmean: 0.0090014571324
        dmean2: 0.00767829734832
        dvar: 4.8627036449e-05
        dvar2: 3.81812133128e-05
        max: 0.607821285725
        mean: 0.506458580494
        min: 0.344796657562
        var: 0.00394983403385
    key_strength: 0.801103591919
    tuning_diatonic_strength: 0.539491713047
    tuning_equal_tempered_deviation: 0.129534214735
    tuning_frequency: 438.984558105
    tuning_nontempered_energy_ratio: 0.726817429066
    hpcp:
        dmean: [0.17132692039, 0.192086622119, 0.140908583999, 0.0954387411475, 0.0782731249928, 0.0979015901685, 0.137619689107, 0.156026244164, 0.142740860581, 0.11862077564, 0.123834893107, 0.0894419029355, 0.0708008110523, 0.069289304316, 0.112574025989, 0.152477949858, 0.104165107012, 0.0637950822711, 0.0723328664899, 0.0916197001934, 0.170070171356, 0.184481456876, 0.158555731177, 0.11786019057, 0.0731233656406, 0.0565900318325, 0.0739697217941, 0.0831138342619, 0.0920496284962, 0.131314650178, 0.177025556564, 0.142449513078, 0.117590889335, 0.116085112095, 0.128463208675, 0.158556237817]
        dmean2: [0.294816970825, 0.326332032681, 0.251177966595, 0.16694201529, 0.144334346056, 0.160839870572, 0.214118614793, 0.25909730792, 0.238427102566, 0.200823992491, 0.207650214434, 0.155475988984, 0.121145606041, 0.119608521461, 0.191377848387, 0.251266330481, 0.172198608518, 0.108694978058, 0.128112271428, 0.157801985741, 0.288596779108, 0.310586899519, 0.257432609797, 0.213512510061, 0.124931916595, 0.0987858176231, 0.137683242559, 0.149792671204, 0.166164055467, 0.223196089268, 0.313118696213, 0.255363851786, 0.209395006299, 0.197926521301, 0.227049991488, 0.270434260368]
        dvar: [0.0537128448486, 0.0473273545504, 0.0406684353948, 0.024787357077, 0.0199460163713, 0.0130537105724, 0.0285787694156, 0.0377100370824, 0.0345283485949, 0.0325202010572, 0.0331575237215, 0.0195512957871, 0.0123983360827, 0.0127682816237, 0.0371266305447, 0.0532411523163, 0.0235365517437, 0.0115806106478, 0.0167507119477, 0.0206933263689, 0.0336186997592, 0.0458599105477, 0.0299296192825, 0.0368393138051, 0.0196040421724, 0.0136619713157, 0.0308538638055, 0.03075312078, 0.0312861427665, 0.0344226434827, 0.0623362474144, 0.0445909127593, 0.0351366177201, 0.0366728454828, 0.0393682979047, 0.0410312078893]
        dvar2: [0.142394661903, 0.12663513422, 0.117231495678, 0.0702499374747, 0.0491560399532, 0.03028723225, 0.0578199103475, 0.0958204865456, 0.0960820019245, 0.0746426060796, 0.0863426551223, 0.0518983341753, 0.0275791343302, 0.0267436634749, 0.0865916311741, 0.139933347702, 0.0613837018609, 0.0252002887428, 0.0425616614521, 0.0529630854726, 0.0908485874534, 0.107578538358, 0.0804979503155, 0.108142539859, 0.0487434901297, 0.0360632576048, 0.0982896238565, 0.0941201299429, 0.081268556416, 0.0848396643996, 0.165892586112, 0.119826614857, 0.110559515655, 0.106306821108, 0.107033699751, 0.11475288868]
        max: [1, 1, 1, 1, 1, 0.920901238918, 1, 1, 1, 1, 1, 1, 0.902628958225, 0.812914609909, 1, 1, 1, 0.933008909225, 0.820045292377, 1, 1, 1, 1, 1, 0.896206438541, 0.833770990372, 1, 1, 1, 1, 1, 1, 1, 1, 1, 1]
        mean: [0.411911427975, 0.325678139925, 0.152661189437, 0.104669995606, 0.0867872387171, 0.151046827435, 0.280588209629, 0.232049748302, 0.179228276014, 0.2544259727, 0.195068523288, 0.10446344316, 0.0969969108701, 0.0923022031784, 0.136322036386, 0.201032146811, 0.154577046633, 0.0819393321872, 0.0703883320093, 0.104964226484, 0.258897840977, 0.408236026764, 0.287602871656, 0.112202599645, 0.0773086547852, 0.062198434025, 0.0714785829186, 0.0872812867165, 0.0891934037209, 0.146309986711, 0.224502727389, 0.175008967519, 0.118016026914, 0.128692165017, 0.131324708462, 0.250352531672]
        min: [0.00354658090509, 0.0017704134807, 0.00381602416746, 0.000856969621964, 0.00114626961295, 0.00245890510269, 0.00570915453136, 0.0060431631282, 0.00249139335938, 0.00209407322109, 0.00339160719886, 0.00778729189187, 0.00423930538818, 0.00211963173933, 0.00277796504088, 0.00270869047381, 0.00245235464536, 0.00260112248361, 0.00316795287654, 0.000888826500159, 0.0048057329841, 0.00596441840753, 0.00245561311021, 0.000227925411309, 0.000260541506577, 0.000881942280103, 0.00164122134447, 0.00139391492121, 0.00218622991815, 0.0017671539681, 0.00165739178192, 0.00261935172603, 0.00082093529636, 0.000675398507155, 0.00121706095524, 0.00407748483121]
        var: [0.148527026176, 0.0952270105481, 0.0437766984105, 0.0277533903718, 0.0227283854038, 0.0257070530206, 0.0804017335176, 0.0569493658841, 0.0504161976278, 0.107662461698, 0.0573278516531, 0.0183528307825, 0.0148512730375, 0.016618411988, 0.0401370041072, 0.0605972185731, 0.0312332902104, 0.0145631954074, 0.0151980668306, 0.0225908868015, 0.0519408546388, 0.108714394271, 0.0715905278921, 0.0294174905866, 0.0186432506889, 0.0112431803718, 0.0195325911045, 0.0246052425355, 0.0256921071559, 0.0425794273615, 0.0891125872731, 0.0549443475902, 0.0320601947606, 0.0335891358554, 0.0331275947392, 0.0601468347013]
    chords_histogram: [29.9065418243, 4.67289733887, 28.5046730042, 0, 0, 0, 0, 36.91588974, 0, 0, 0, 0, 0, 0, 0, 0, 0, 0, 0, 0, 0, 0, 0, 0]
    thpcp: [1, 0.790650904179, 0.370616555214, 0.254108011723, 0.210693925619, 0.366697341204, 0.681185781956, 0.563348650932, 0.435113638639, 0.61767154932, 0.473569095135, 0.253606557846, 0.235480025411, 0.224082648754, 0.330949872732, 0.488047033548, 0.37526768446, 0.198924645782, 0.170882195234, 0.254822313786, 0.62852793932, 0.991077184677, 0.698215305805, 0.272394955158, 0.187682718039, 0.15099953115, 0.173529013991, 0.211893334985, 0.216535389423, 0.355197697878, 0.54502671957, 0.424870371819, 0.286508262157, 0.312426775694, 0.318817824125, 0.607782423496]
    chords_key: "A"
    chords_scale: "major"
    key_key: "A"
    key_scale: "minor"
    chords_progression: ["A", "A", "A", "A", "A", "A", "A", "A", "A", "A", "A", "A", "A", "A", "A", "A", "A", "A", "A", "A", "A", "A", "A", "A", "A", "A", "Am", "Am", "Am", "Am", "Am", "Am", "Am", "Am", "Am", "Am", "Am", "Am", "Am", "Am", "Am", "Am", "Am", "Am", "Am", "Am", "Am", "Am", "Am", "Am", "Am", "Am", "Am", "Am", "Am", "Am", "Am", "Am", "C", "C", "C", "C", "C", "C", "C", "C", "C", "C", "Em", "Em", "Em", "Em", "Em", "Em", "Em", "Em", "Em", "Em", "Em", "Em", "Em", "Em", "Em", "Em", "Em", "Em", "Em", "Em", "Em", "Em", "Em", "Em", "Em", "Em", "Em", "Em", "A", "A", "A", "A", "A", "A", "A", "A", "A", "A", "A", "A", "A", "A", "A", "A", "A", "A", "A", "A", "A", "A", "Am", "Am", "Am", "Am", "Am", "Am", "Am", "Am", "Am", "Am", "Am", "Am", "Am", "Am", "Am", "Am", "Am", "Am", "Am", "Am", "Am", "Am", "Am", "Am", "Am", "Am", "Am", "Am", "Am", "Am", "Am", "Am", "Em", "Em", "Em", "Em", "Em", "Em", "Em", "Em", "Em", "Em", "Em", "Em", "Em", "Em", "Em", "Em", "Em", "Em", "Em", "Em", "Em", "Em", "Em", "Em", "Em", "Em", "Em", "Em", "Em", "Em", "Em", "Em", "Em", "A", "A", "A", "A", "A", "A", "A", "A", "A", "A", "A", "A", "A", "A", "A", "A", "A", "A", "A", "A", "A", "A", "A", "A", "A", "A", "A", "A", "A", "A", "A"]
