
metadata:
    version:
        essentia: "1.2.2"
    audio_properties:
        analysis_sample_rate: 44100
        bitrate: 128
        channels: 2
        equal_loudness: 1
        length: 10.0048980713
        replay_gain: -9.36515235901
        downmix: "mix"
    tags:
        track: 6
        year: 0
        album: "Splitted by Mp3Splt v. 2.1"
        artist: "From 000.50 To 001.00"
        comment: "http://mp3splt.sf.net"
        genre: ""
        title: "17 Rio Rocks [7'].mp3"

highlevel:
    ballroom:
        all:
            ChaChaCha: 0.0658735111356
            Jive: 0.63478410244
            Quickstep: 0.00220247753896
            Rumba-American: 0.00015179257025
            Rumba-International: 0.000124721045722
            Rumba-Misc: 0.000166596466443
            Samba: 0.296302914619
            Tango: 6.39728823444e-05
            VienneseWaltz: 0.000272274453891
            Waltz: 5.76498896407e-05
        probability: 0.63478410244
        value: "Jive"
    culture:
        all:
            non_western: 0.0737884044647
            western: 0.926211595535
        probability: 0.926211595535
        value: "western"
    gender:
        all:
            female: 0.523921132088
            male: 0.476078867912
        probability: 0.523921132088
        value: "female"
    genre_dortmund:
        all:
            alternative: 0.0701319277287
            blues: 0.00769444275647
            electronic: 0.070871591568
            folkcountry: 0.0399577356875
            funksoulrnb: 0.0462761409581
            jazz: 0.0313586555421
            pop: 0.0973274558783
            raphiphop: 0.0321801975369
            rock: 0.604201853275
        probability: 0.604201853275
        value: "rock"
    genre_electronica:
        all:
            ambient: 0.0993133336306
            dnb: 0.0782329887152
            house: 0.0133548304439
            techno: 0.0194728542119
            trance: 0.789626002312
        probability: 0.789626002312
        value: "trance"
    genre_rosamerica:
        all:
            cla: 0.00405174773186
            dan: 0.190242230892
            hip: 0.0391562357545
            jaz: 0.00434098765254
            pop: 0.0742933452129
            rhy: 0.00865862797946
            roc: 0.677128136158
            spe: 0.00212868815288
        probability: 0.677128136158
        value: "roc"
    genre_tzanetakis:
        all:
            blu: 0.00523301307112
            cla: 0.00892337597907
            cou: 0.051935646683
            dis: 0.0989638790488
            hip: 0.0512455701828
            jaz: 0.0746804028749
            met: 0.367637306452
            pop: 0.132367864251
            reg: 0.0158218983561
            roc: 0.193191051483
        probability: 0.367637306452
        value: "met"
    live_studio:
        all:
            live: 0.0475998222828
            studio: 0.95240020752
        probability: 0.95240020752
        value: "studio"
    mood:
        all:
            Cluster1: 0.452386468649
            Cluster2: 0.14978903532
            Cluster3: 0.00684728380293
            Cluster4: 0.0827374458313
            Cluster5: 0.308239787817
        probability: 0.452386468649
        value: "Cluster1"
    mood_acoustic:
        all:
            acoustic: 0.00771113671362
            not_acoustic: 0.992288887501
        probability: 0.992288887501
        value: "not_acoustic"
    mood_aggressive:
        all:
            aggressive: 0.978030443192
            not_aggressive: 0.0219695791602
        probability: 0.978030443192
        value: "aggressive"
    mood_electronic:
        all:
            electronic: 0.44512295723
            not_electronic: 0.55487704277
        probability: 0.55487704277
        value: "not_electronic"
    mood_happy:
        all:
            happy: 0.476213991642
            not_happy: 0.523786008358
        probability: 0.523786008358
        value: "not_happy"
    mood_party:
        all:
            not_party: 0.104210779071
            party: 0.895789206028
        probability: 0.895789206028
        value: "party"
    mood_relaxed:
        all:
            not_relaxed: 0.491664886475
            relaxed: 0.508335113525
        probability: 0.508335113525
        value: "relaxed"
    mood_sad:
        all:
            not_sad: 0.998662173748
            sad: 0.00133783987258
        probability: 0.998662173748
        value: "not_sad"
    rhythm:
        all:
            fast: 0.934440851212
            medium: 0.0537602864206
            slow: 0.0117988716811
        probability: 0.934440851212
        value: "fast"
    speech_music:
        all:
            music: 0.99979031086
            speech: 0.00020967805176
        probability: 0.99979031086
        value: "music"
    timbre:
        all:
            bright: 0.0432329513133
            dark: 0.95676702261
        probability: 0.95676702261
        value: "dark"
    voice_instrumental:
        all:
            instrumental: 0.236731171608
            voice: 0.763268828392
        probability: 0.763268828392
        value: "voice"

lowlevel:
    average_loudness: 0.968659877777
    barkbands_kurtosis:
        dmean: 0.692590892315
        dmean2: 1.15202236176
        dvar: 0.817555844784
        dvar2: 2.01490449905
        max: 7.65801525116
        mean: -0.607104957104
        min: -1.85446441174
        var: 1.69514846802
    barkbands_skewness:
        dmean: 0.358512252569
        dmean2: 0.579524219036
        dvar: 0.0930301249027
        dvar2: 0.239477053285
        max: 0.616538524628
        mean: -0.688483595848
        min: -2.76883840561
        var: 0.326522320509
    barkbands_spread:
        dmean: 5.89154291153
        dmean2: 9.65915679932
        dvar: 38.0797538757
        dvar2: 108.505867004
        max: 64.2320022583
        mean: 34.9883575439
        min: 15.9636631012
        var: 68.2465209961
    dissonance:
        dmean: 0.0117861768231
        dmean2: 0.0200887583196
        dvar: 0.000117462841445
        dvar2: 0.000314182339935
        max: 0.499618768692
        mean: 0.480743199587
        min: 0.4215503335
        var: 0.000166404177435
    hfc:
        dmean: 3.00148582458
        dmean2: 4.42386436462
        dvar: 11.5238409042
        dvar2: 25.8664455414
        max: 39.6226234436
        mean: 12.2497730255
        min: 9.50833145907e-06
        var: 37.0133590698
    pitch:
        dmean: 1067.48583984
        dmean2: 2076.15600586
        dvar: 2356760.5
        dvar2: 5542658
        max: 4900
        mean: 2732.30297852
        min: 93.829788208
        var: 2863080
    pitch_instantaneous_confidence:
        dmean: 0.0759326666594
        dmean2: 0.12464645505
        dvar: 0.00360183464363
        dvar2: 0.00840620789677
        max: 0.723411083221
        mean: 0.438151031733
        min: 0.162477314472
        var: 0.0123318759724
    pitch_salience:
        dmean: 0.0530225485563
        dmean2: 0.0874876379967
        dvar: 0.00213535618968
        dvar2: 0.00611389614642
        max: 0.967097878456
        mean: 0.67806917429
        min: 0.464540719986
        var: 0.0036513118539
    silence_rate_20dB:
        dmean: 0
        dmean2: 0
        dvar: 0
        dvar2: 0
        max: 1
        mean: 1
        min: 1
        var: 0
    silence_rate_30dB:
        dmean: 0
        dmean2: 0
        dvar: 0
        dvar2: 0
        max: 1
        mean: 1
        min: 1
        var: 0
    silence_rate_60dB:
        dmean: 0.0974477976561
        dmean2: 0.193023249507
        dvar: 0.087951771915
        dvar2: 0.179021075368
        max: 1
        mean: 0.261574059725
        min: 0
        var: 0.193152815104
    spectral_centroid:
        dmean: 279.750244141
        dmean2: 444.696380615
        dvar: 52989.9453125
        dvar2: 135415.40625
        max: 4311.31884766
        mean: 2580.18798828
        min: 1484.58825684
        var: 211709.4375
    spectral_complexity:
        dmean: 4.27441883087
        dmean2: 6.6200466156
        dvar: 20.8362617493
        dvar2: 43.9838409424
        max: 43
        mean: 18.8909511566
        min: 0
        var: 61.9764671326
    spectral_crest:
        dmean: 1.56851840019
        dmean2: 2.66298127174
        dvar: 1.66391015053
        dvar2: 4.51824951172
        max: 15.8630275726
        mean: 6.84634017944
        min: 3.17735767365
        var: 4.82495307922
    spectral_decrease:
        dmean: 2.64128247052e-10
        dmean2: 4.10255857064e-10
        dvar: 1.13597773347e-19
        dvar2: 2.71319531917e-19
        max: -7.20188175216e-16
        mean: -9.894748354e-10
        min: -3.20013948674e-09
        var: 2.70161737553e-19
    spectral_energy:
        dmean: 0.00122556474525
        dmean2: 0.00188326463103
        dvar: 2.38231837102e-06
        dvar2: 5.56411669095e-06
        max: 0.0148293143138
        mean: 0.00484559684992
        min: 3.58059537575e-09
        var: 6.03621401751e-06
    spectral_energyband_high:
        dmean: 0.000312877265969
        dmean2: 0.000490297330543
        dvar: 1.09679476168e-07
        dvar2: 2.31341431345e-07
        max: 0.00420227879658
        mean: 0.00105080765206
        min: 1.12501763461e-09
        var: 3.72036083718e-07
    spectral_energyband_low:
        dmean: 0.000140410425956
        dmean2: 0.000245811854256
        dvar: 1.01871911795e-07
        dvar2: 2.86505269287e-07
        max: 0.00203458894975
        mean: 0.000188560268725
        min: 1.15722716132e-10
        var: 7.13981762601e-08
    spectral_energyband_middle_high:
        dmean: 0.000681449426338
        dmean2: 0.00103353138547
        dvar: 5.63238756968e-07
        dvar2: 1.30447006086e-06
        max: 0.00869744829834
        mean: 0.00239376421086
        min: 1.32520039386e-09
        var: 1.71772762769e-06
    spectral_energyband_middle_low:
        dmean: 0.000571507785935
        dmean2: 0.000943619932514
        dvar: 6.78316268932e-07
        dvar2: 1.79939377176e-06
        max: 0.00732245668769
        mean: 0.00121246662457
        min: 9.97048443807e-10
        var: 1.04095738607e-06
    spectral_flatness_db:
        dmean: 0.0112502994016
        dmean2: 0.0172205846757
        dvar: 8.44819005579e-05
        dvar2: 0.000191398939933
        max: 0.182432085276
        mean: 0.127068638802
        min: 0.0669030100107
        var: 0.000285693415208
    spectral_flux:
        dmean: 0.00746561773121
        dmean2: 0.0105691449717
        dvar: 6.0602575104e-05
        dvar2: 0.000111919755
        max: 0.0904672518373
        mean: 0.0443657375872
        min: 5.98380756855e-05
        var: 0.000212300743442
    spectral_kurtosis:
        dmean: 0.526493132114
        dmean2: 0.839511752129
        dvar: 0.348301798105
        dvar2: 0.679326534271
        max: 8.95499801636
        mean: 1.77933907509
        min: -0.435077428818
        var: 0.861066699028
    spectral_rms:
        dmean: 0.000261573528405
        dmean2: 0.000388579181163
        dvar: 8.91728433317e-08
        dvar2: 1.92531416587e-07
        max: 0.00380363292061
        mean: 0.00210763025098
        min: 1.8690275283e-06
        var: 2.85301325675e-07
    spectral_rolloff:
        dmean: 189.592224121
        dmean2: 304.827606201
        dvar: 37857.3007812
        dvar2: 82373.2890625
        max: 6459.9609375
        mean: 4252.08251953
        min: 3423.77929688
        var: 135391.171875
    spectral_skewness:
        dmean: 0.108588717878
        dmean2: 0.171280756593
        dvar: 0.0139708388597
        dvar2: 0.0237269196659
        max: 2.3330848217
        mean: 1.01628005505
        min: 0.209149941802
        var: 0.0413500405848
    spectral_spread:
        dmean: 525559
        dmean2: 738298.125
        dvar: 296951939072
        dvar2: 491498438656
        max: 12298227
        mean: 5875758.5
        min: 3578440.75
        var: 1.18545632461e+12
    spectral_strongpeak:
        dmean: 1.01154315472
        dmean2: 1.74397265911
        dvar: 1.18389463425
        dvar2: 2.76823234558
        max: 6.36713981628
        mean: 1.39121341705
        min: 0
        var: 2.05442810059
    zerocrossingrate:
        dmean: 0.00741392606869
        dmean2: 0.0094184782356
        dvar: 5.38950916962e-05
        dvar2: 7.32965709176e-05
        max: 0.2080078125
        mean: 0.139300629497
        min: 0.046875
        var: 0.000344659609254
    barkbands:
        dmean: [5.0920625938e-08, 6.07830406807e-05, 9.03147083591e-05, 7.78955291025e-05, 0.000258073501755, 4.82402174384e-05, 0.000127401523059, 0.000200550013687, 0.000156350171892, 0.000111919849587, 4.90701349918e-05, 6.89817388775e-05, 6.29859787296e-05, 4.87623656227e-05, 7.48369930079e-05, 8.69922514539e-05, 0.000101307421573, 0.000181453520781, 0.000252811267274, 0.000338112993632, 0.000144828532939, 5.29007156729e-05, 2.10801645153e-05, 1.05606077341e-05, 5.19586183145e-06, 1.26083051555e-07, 1.61201063609e-09]
        dmean2: [7.38982279813e-08, 0.000104879625724, 0.000160700103152, 0.000134409274324, 0.000453964545159, 8.22320143925e-05, 0.000218797868001, 0.000338667130563, 0.000249001837801, 0.00017506351287, 8.16512838355e-05, 0.000111871471745, 0.000106931060145, 8.07206233731e-05, 0.000122267461848, 0.000139223498991, 0.000163509845152, 0.000306910020299, 0.000406681268942, 0.000552436395083, 0.00023233803222, 8.56161641423e-05, 3.2335967262e-05, 1.54287554324e-05, 7.30729516363e-06, 1.87781267869e-07, 2.00351135682e-09]
        dvar: [9.63009968942e-15, 1.59505049169e-08, 4.36575504636e-08, 1.10633857631e-08, 3.45863583107e-07, 5.62602009424e-09, 7.61657616977e-08, 1.10610898219e-07, 8.27506596579e-08, 5.35559756543e-08, 5.49984502385e-09, 7.64036478529e-09, 7.55004325725e-09, 6.29570529043e-09, 2.67143427379e-08, 2.13538164928e-08, 2.02624406143e-08, 5.62301742946e-08, 9.36327566592e-08, 1.14490127601e-07, 2.42622153479e-08, 8.25358270617e-09, 1.38812417116e-09, 1.73634842615e-10, 5.03608162117e-11, 3.70886928482e-14, 4.92030215873e-16]
        dvar2: [1.24758754353e-14, 4.54238318071e-08, 1.22503649891e-07, 3.0049935873e-08, 9.52083780703e-07, 1.55555746062e-08, 2.04106072488e-07, 3.09880931582e-07, 1.9494228809e-07, 1.16115543847e-07, 1.47480969659e-08, 2.0081030172e-08, 2.09464268153e-08, 1.35218094499e-08, 6.72531186297e-08, 5.25716394861e-08, 5.146799964e-08, 1.44761116871e-07, 2.29057647516e-07, 2.9475518204e-07, 5.32136787967e-08, 2.06711039397e-08, 3.01083202814e-09, 3.52596118969e-10, 1.07946721006e-10, 7.96817852585e-14, 4.92967193132e-16]
        max: [1.93236178347e-06, 0.000797039247118, 0.001267707441, 0.000686329207383, 0.00412964401767, 0.000575988728087, 0.00346932490356, 0.0030885245651, 0.0033870828338, 0.00310002220795, 0.000713947229087, 0.00101023982279, 0.000783645897172, 0.000837953644805, 0.00264983717352, 0.00144049106166, 0.00165984127671, 0.00205539562739, 0.00440896814689, 0.00359499594197, 0.00153957726434, 0.00158688332886, 0.000734692846891, 0.000171812906046, 9.81214179774e-05, 1.88140199953e-06, 4.61762908799e-07]
        mean: [6.80681822018e-08, 8.63166787894e-05, 0.000102177153167, 0.000105171719042, 0.000254879822023, 6.82526442688e-05, 0.00017735757865, 0.00026323396014, 0.000302050786559, 0.000170891202288, 8.01732458058e-05, 0.000120458927995, 0.000103329424746, 8.14322629594e-05, 0.000113085516205, 0.000140435688081, 0.000178468922968, 0.000319570797728, 0.000605627312325, 0.0009582497878, 0.00041664915625, 0.000117530820717, 4.69978804176e-05, 2.19534958887e-05, 1.09765896923e-05, 2.59054473872e-07, 1.67968983167e-09]
        min: [3.51028303647e-11, 5.68761773789e-11, 4.11797748678e-11, 4.19949769404e-11, 1.09275935523e-10, 1.29823998773e-10, 1.58825300134e-10, 2.1242205217e-10, 3.16527526412e-10, 1.03378680616e-10, 1.39863953752e-11, 1.76348623204e-11, 2.27870118608e-11, 3.6136846987e-11, 4.31262837941e-11, 1.10799945607e-10, 1.35981670368e-10, 2.45027081958e-10, 4.18929418933e-10, 7.04488578585e-10, 5.16518161575e-10, 8.93501661547e-11, 1.19664252465e-11, 4.43487781221e-12, 2.7064843422e-12, 7.12872794649e-13, 2.36520926542e-13]
        var: [1.98892043514e-14, 1.23895516069e-08, 3.08952969874e-08, 1.19810605881e-08, 2.52643530985e-07, 7.25028614923e-09, 1.01329696633e-07, 1.31023639938e-07, 2.22586010068e-07, 1.01816745257e-07, 9.77939951241e-09, 1.79443091497e-08, 1.26476882301e-08, 1.35844553384e-08, 3.47808111201e-08, 2.97502769087e-08, 3.17374109216e-08, 7.13540941888e-08, 2.14960792277e-07, 2.97574331398e-07, 7.60675646916e-08, 1.78814563156e-08, 5.29960608731e-09, 6.51555198683e-10, 1.55590540452e-10, 7.44225644653e-14, 4.92997633378e-16]
    mfcc:
        mean: [-675.663818359, 64.7928314209, -35.454044342, 47.7102470398, -24.3398761749, -5.6662106514, 9.16638278961, -2.75745511055, -0.150585889816, 5.00544071198, -0.652545452118, 0.938949465752, -1.35472881794]
        cov: [[2424.20385742, -252.903671265, 119.269264221, -257.856414795, 8.90107059479, -5.85151433945, -202.656188965, -13.6175737381, -24.6319313049, -2.56707215309, -53.1854362488, -57.5603790283, -34.9553108215], [-252.903671265, 368.80090332, -152.30909729, 39.7940711975, -91.472694397, -27.5772285461, 75.5147171021, 7.64497852325, 59.8560256958, 15.3512783051, 43.3311691284, 5.34814548492, -15.2704944611], [119.269264221, -152.30909729, 212.375854492, 9.82880592346, 73.9593276978, 29.037153244, -29.7532310486, -3.88927125931, -39.4418258667, -16.3230419159, -1.85821759701, 15.0030002594, 21.7963180542], [-257.856414795, 39.7940711975, 9.82880592346, 210.163955688, 139.883651733, 21.1523571014, -8.02921772003, -28.4841480255, -6.57427501678, -4.11282873154, 6.01117801666, 16.6816082001, 34.8092308044], [8.90107059479, -91.472694397, 73.9593276978, 139.883651733, 282.172576904, 47.5048599243, -69.3636398315, -80.3585205078, -20.5391178131, -5.07567691803, -13.5765190125, 20.9121704102, 45.9523239136], [-5.85151433945, -27.5772285461, 29.037153244, 21.1523571014, 47.5048599243, 83.9748535156, 29.0026702881, -2.26850628853, -3.74380087852, 2.35236215591, 9.50507259369, 5.75681018829, 8.97703266144], [-202.656188965, 75.5147171021, -29.7532310486, -8.02921772003, -69.3636398315, 29.0026702881, 178.345718384, 68.1823196411, 3.98995471001, -13.2884912491, 16.9067630768, 19.9329414368, -8.46235847473], [-13.6175737381, 7.64497852325, -3.88927125931, -28.4841480255, -80.3585205078, -2.26850628853, 68.1823196411, 113.714172363, 28.813035965, 12.5126161575, 9.64681243896, 0.12069722265, -11.321896553], [-24.6319313049, 59.8560256958, -39.4418258667, -6.57427501678, -20.5391178131, -3.74380087852, 3.98995471001, 28.813035965, 80.9100723267, 45.9178962708, 24.267118454, 0.992991626263, -5.30578041077], [-2.56707215309, 15.3512783051, -16.3230419159, -4.11282873154, -5.07567691803, 2.35236215591, -13.2884912491, 12.5126161575, 45.9178962708, 72.174041748, 32.1138839722, 6.64523696899, 5.65201854706], [-53.1854362488, 43.3311691284, -1.85821759701, 6.01117801666, -13.5765190125, 9.50507259369, 16.9067630768, 9.64681243896, 24.267118454, 32.1138839722, 67.3637695312, 19.3201580048, 9.02708244324], [-57.5603790283, 5.34814548492, 15.0030002594, 16.6816082001, 20.9121704102, 5.75681018829, 19.9329414368, 0.12069722265, 0.992991626263, 6.64523696899, 19.3201580048, 50.6348762512, 25.2483348846], [-34.9553108215, -15.2704944611, 21.7963180542, 34.8092308044, 45.9523239136, 8.97703266144, -8.46235847473, -11.321896553, -5.30578041077, 5.65201854706, 9.02708244324, 25.2483348846, 65.8581237793]]
        icov: [[0.000587469665334, -6.48059867672e-05, -0.00012299529044, 0.000976748415269, -0.000411403219914, -0.000251993624261, 0.000766416313127, -0.00049955752911, 0.00020510914328, 8.65725669428e-05, 6.09669805272e-05, 0.000211343329283, 7.49478131183e-05], [-6.48059867672e-05, 0.00601902324706, 0.00257966760546, -0.00270065525547, 0.00224842247553, 0.00141007511411, -0.00230842060409, 0.00307995919138, -0.0041565746069, 0.00216120737605, -0.00277271843515, -6.00502644375e-05, 0.000289456453174], [-0.00012299529044, 0.00257966760546, 0.00791463907808, -4.88878940814e-05, -0.0010170271853, -0.00126447039656, 0.00112399447244, -0.00184918218292, 0.00192529358901, 0.00185519387014, -0.00261382968165, -0.00173309375532, -0.000333608622896], [0.000976748415269, -0.00270065525547, -4.88878940814e-05, 0.0106603968889, -0.00636047590524, -0.00011425838602, 0.00126685749274, -0.0030647451058, 0.00244205351919, 0.000323806802044, -0.000703868747223, 0.0011230831733, -0.001801774255], [-0.000411403219914, 0.00224842247553, -0.0010170271853, -0.00636047590524, 0.0102673564106, -0.00334144337103, 0.000716453418136, 0.00539562944323, -0.00322655588388, 0.00031304670847, 0.00231170537882, -0.00269667454995, -0.0012573490385], [-0.000251993624261, 0.00141007511411, -0.00126447039656, -0.00011425838602, -0.00334144337103, 0.0170702245086, -0.00616090744734, 0.00196597748436, -0.000566350587178, -0.00146111135837, -0.0029622130096, 0.0034820754081, -0.000626060646027], [0.000766416313127, -0.00230842060409, 0.00112399447244, 0.00126685749274, 0.000716453418136, -0.00616090744734, 0.0128090977669, -0.00760903628543, 0.00287741003558, 0.00353509909473, -0.000495926069561, -0.00536439521238, 0.00156059744768], [-0.00049955752911, 0.00307995919138, -0.00184918218292, -0.0030647451058, 0.00539562944323, 0.00196597748436, -0.00760903628543, 0.0181170348078, -0.00801395811141, -0.000918141158763, 0.000987617997453, 0.00126630952582, -0.000402728008339], [0.00020510914328, -0.0041565746069, 0.00192529358901, 0.00244205351919, -0.00322655588388, -0.000566350587178, 0.00287741003558, -0.00801395811141, 0.0265399273485, -0.0134585993364, -0.000942132144701, 0.000257768726442, 0.00186119019054], [8.65725669428e-05, 0.00216120737605, 0.00185519387014, 0.000323806802044, 0.00031304670847, -0.00146111135837, 0.00353509909473, -0.000918141158763, -0.0134585993364, 0.0278146155179, -0.00968882534653, -0.000963276659604, -0.00173496792559], [6.09669805272e-05, -0.00277271843515, -0.00261382968165, -0.000703868747223, 0.00231170537882, -0.0029622130096, -0.000495926069561, 0.000987617997453, -0.000942132144701, -0.00968882534653, 0.0245325043797, -0.00691055459902, -0.000434301473433], [0.000211343329283, -6.00502644375e-05, -0.00173309375532, 0.0011230831733, -0.00269667454995, 0.0034820754081, -0.00536439521238, 0.00126630952582, 0.000257768726442, -0.000963276659604, -0.00691055459902, 0.0305312182754, -0.00964064523578], [7.49478131183e-05, 0.000289456453174, -0.000333608622896, -0.001801774255, -0.0012573490385, -0.000626060646027, 0.00156059744768, -0.000402728008339, 0.00186119019054, -0.00173496792559, -0.000434301473433, -0.00964064523578, 0.0215020794421]]
    spectral_contrast:
        mean: [-1.09182984431e-07, 9.36335737833e-08, 3.48154749474e-08, -2.91825926979e-07, 4.49433379401e-08, 2.52783848964e-07, 1.04162916159e-06, -1.604554285e-07, 3.71424403056e-06, 2.46743866228e-06, 1.01604484826e-06, -9.0381939799e-07]
        var: [0.000438849267084, 0.000596710422542, 0.00124284042977, 0.0023633625824, 0.00287644914351, 0.00411387253553, 0.0444113388658, 0.089729167521, 0.118212416768, 0.21441411972, 0.27863535285, 1.17939865589]

rhythm:
    beats_loudness:
        dmean: 0.00284818862565
        dmean2: 0.00521665858105
        dvar: 2.8788238069e-06
        dvar2: 1.40087013278e-05
        max: 0.0114552527666
        mean: 0.00791765656322
        min: 0.00484851328656
        var: 3.5210466649e-06
    beats_loudness_bass:
        dmean: 0.0186995975673
        dmean2: 0.0331464447081
        dvar: 0.000152700915351
        dvar2: 0.000545905786566
        max: 0.0511068813503
        mean: 0.0196296274662
        min: 0.00505154859275
        var: 0.000217075517867
    bpm: 91.474105835
    bpm_confidence: 0
    first_peak_bpm: 91
    first_peak_spread: 0.0714285969734
    first_peak_weight: 0.928571403027
    onset_rate: 4.09799289703
    second_peak_bpm: 0
    second_peak_spread: 0
    second_peak_weight: 0
    beats_position: [0.398260295391, 1.054007411, 1.70975446701, 2.36550140381, 3.02124857903, 3.67699551582, 4.3327422142, 4.988489151, 5.6442360878, 6.32110404968, 6.97725486755, 7.63340568542, 8.2895565033, 8.94570732117, 9.60185813904]
    bpm_estimates: [91.7072525024, 91.4510879517, 91.5696334839, 91.5043411255, 91.457611084, 91.4311904907, 91.4228134155, 91.4902954102, 91.4547576904, 91.4374084473, 91.4867172241, 91.4588699341, 91.4230194092, 91.4504165649, 91.4368286133, 91.4035186768]
    bpm_intervals: [0.655747115612, 0.655747056007, 0.655746936798, 0.655747175217, 0.655746936798, 0.65574669838, 0.655746936798, 0.655746936798, 0.676867961884, 0.656150817871, 0.656150817871, 0.656150817871, 0.656150817871, 0.656150817871]
    onset_times: [0.0580498874187, 0.394739240408, 0.696598649025, 1.38158726692, 1.70666670799, 2.03174614906, 2.36843538284, 2.55419492722, 2.71673464775, 2.89088439941, 3.03020405769, 3.21596360207, 3.36689352989, 3.54104304314, 3.68036270142, 3.88934230804, 4.01705217361, 4.17959165573, 4.34213161469, 4.5046710968, 5.00390005112, 5.52634906769, 5.65405893326, 5.83981847763, 6.31582784653, 6.48997735977, 6.64090681076, 6.9543762207, 7.16335582733, 7.63936519623, 7.80190467834, 8.28952407837, 8.47528362274, 8.80036258698, 8.95129299164, 9.12544250488, 9.27637195587, 9.45052146912, 9.61306095123, 9.77560043335, 9.92653083801]
    rubato_start: []
    rubato_stop: []
    perceptual_tempo: "unknown"

sfx:
    inharmonicity:
        dmean: 0.0726090371609
        dmean2: 0.128188416362
        dvar: 0.00481150718406
        dvar2: 0.0143226543441
        max: 0.380223721266
        mean: 0.0879011303186
        min: 0
        var: 0.00541216041893
    oddtoevenharmonicenergyratio:
        dmean: 4.35157823563
        dmean2: 8.33892726898
        dvar: 184.036605835
        dvar2: 529.826904297
        max: 129.108612061
        mean: 3.01084256172
        min: 0
        var: 112.68976593
    pitch_after_max_to_before_max_energy_ratio: 0.308399438858
    pitch_centroid: 228.040939331
    pitch_max_to_total: 0.781902551651
    pitch_min_to_total: 0.0881670564413
    tristimulus:
        dmean: [0.14266346395, 0.289995908737, 0.246027708054]
        dmean2: [0.254191040993, 0.503408849239, 0.441393047571]
        dvar: [0.0197034385055, 0.0502213984728, 0.0378187932074]
        dvar2: [0.0583141706884, 0.146408423781, 0.102751985192]
        max: [1, 0.983867228031, 0.802369058132]
        mean: [0.194596335292, 0.476122647524, 0.251190960407]
        min: [0.0161327254027, 0, 0]
        var: [0.0226068533957, 0.0670056715608, 0.0483227260411]

tonal:
    chords_changes_rate: 0.00925925932825
    chords_number_rate: 0.00925925932825
    chords_strength:
        dmean: 0.0115188257769
        dmean2: 0.0122922128066
        dvar: 6.93606270943e-05
        dvar2: 8.48065828905e-05
        max: 0.665715515614
        mean: 0.491052389145
        min: 0.296807140112
        var: 0.00669634155929
    key_strength: 0.468376427889
    tuning_diatonic_strength: 0.540221750736
    tuning_equal_tempered_deviation: 0.0940130501986
    tuning_frequency: 441.017791748
    tuning_nontempered_energy_ratio: 0.741892814636
    hpcp:
        dmean: [0.208670169115, 0.176233649254, 0.164640635252, 0.218483060598, 0.207566082478, 0.196722373366, 0.218373626471, 0.199098527431, 0.20360788703, 0.221449583769, 0.182011008263, 0.196750700474, 0.190101742744, 0.152370274067, 0.195884868503, 0.237930670381, 0.187877073884, 0.127370268106, 0.105031237006, 0.103360906243, 0.129013478756, 0.136765941978, 0.108831852674, 0.0954940244555, 0.0915564596653, 0.0974665805697, 0.177981764078, 0.187804639339, 0.139281243086, 0.190509676933, 0.217214435339, 0.165715411305, 0.157196477056, 0.185115411878, 0.177535891533, 0.174020186067]
        dmean2: [0.351599574089, 0.296970129013, 0.265489667654, 0.35960239172, 0.351679444313, 0.325386226177, 0.354952633381, 0.330912977457, 0.343327671289, 0.360123574734, 0.302347689867, 0.325531601906, 0.322892099619, 0.258418560028, 0.321620076895, 0.396240949631, 0.314134031534, 0.217996433377, 0.185573548079, 0.178688406944, 0.199287682772, 0.210721254349, 0.178700372577, 0.163121759892, 0.160495385528, 0.16064722836, 0.311337500811, 0.31358358264, 0.233780354261, 0.325794368982, 0.379322350025, 0.282536953688, 0.267277747393, 0.316445708275, 0.293267011642, 0.292203426361]
        dvar: [0.0344384275377, 0.0257578231394, 0.0206568110734, 0.0388749092817, 0.036068174988, 0.0262977015227, 0.0408421196043, 0.0308921597898, 0.0292507875711, 0.0358445756137, 0.0323082283139, 0.0318362675607, 0.0298470668495, 0.0192887242883, 0.0264774262905, 0.0433021709323, 0.0283447224647, 0.0156534891576, 0.017203502357, 0.0204716976732, 0.0220756549388, 0.0219949502498, 0.0148801859468, 0.0141185913235, 0.0145086711273, 0.0133520169184, 0.0436361432076, 0.038688454777, 0.0264014266431, 0.0319497287273, 0.0401543565094, 0.0330519601703, 0.03540180251, 0.0437985472381, 0.0274220705032, 0.0265852641314]
        dvar2: [0.0851358994842, 0.0638834536076, 0.0563352406025, 0.111365035176, 0.109361983836, 0.0728758275509, 0.0973360612988, 0.0768382102251, 0.0704067200422, 0.0826231464744, 0.0753439962864, 0.0878790095448, 0.0819102227688, 0.0488243177533, 0.0708928629756, 0.109400674701, 0.0765829011798, 0.0441806949675, 0.0466762185097, 0.0579175278544, 0.0548344366252, 0.0460989736021, 0.0352128781378, 0.0382769070566, 0.0453984029591, 0.0380790382624, 0.122186563909, 0.1059172526, 0.0639179944992, 0.0885411351919, 0.108889505267, 0.0890216901898, 0.0883554443717, 0.10827011615, 0.0698940902948, 0.0642614662647]
        max: [1, 1, 1, 1, 1, 1, 1, 1, 1, 1, 1, 1, 1, 1, 1, 1, 1, 0.862803459167, 1, 1, 1, 1, 1, 1, 0.853973865509, 1, 1, 1, 1, 1, 1, 1, 1, 1, 1, 1]
        mean: [0.407072037458, 0.326735705137, 0.315276294947, 0.395110189915, 0.359596818686, 0.38495478034, 0.502961039543, 0.447278767824, 0.400408893824, 0.425575226545, 0.35701879859, 0.360056102276, 0.369296193123, 0.30806350708, 0.398499637842, 0.496911942959, 0.350871682167, 0.204030141234, 0.156575411558, 0.140518322587, 0.19598428905, 0.228042259812, 0.185923859477, 0.156902894378, 0.14306332171, 0.157597139478, 0.264229744673, 0.287674576044, 0.226541608572, 0.313025712967, 0.362221926451, 0.283253908157, 0.266943901777, 0.28939050436, 0.277189254761, 0.334553211927]
        min: [0.0343306623399, 0.0277059860528, 0.0340959765017, 0.0756268277764, 0.04706319049, 0.0472696907818, 0.0398438535631, 0.0507810227573, 0.0668782442808, 0.082384377718, 0.0443936884403, 0.0275254044682, 0.0421380326152, 0.0321205481887, 0.0263405498117, 0.0241640657187, 0.0112858042121, 0.0214349422604, 0.0203655119985, 0.00532892765477, 0.012681838125, 0.01282071881, 0.0181933324784, 0.0146130304784, 0.0168094504625, 0.0201082732528, 0.024403270334, 0.0253725815564, 0.0236709676683, 0.0242083203048, 0.0262063425034, 0.0176973715425, 0.0182572938502, 0.023123877123, 0.0304857995361, 0.0281302463263]
        var: [0.0706825107336, 0.0481208376586, 0.0350155159831, 0.0627932548523, 0.0513644553721, 0.0510153770447, 0.0966421589255, 0.0597860179842, 0.0450081303716, 0.0623895190656, 0.0537069812417, 0.0542637035251, 0.0580010861158, 0.0326513051987, 0.0494145452976, 0.0925754904747, 0.0470551401377, 0.0174703691155, 0.0156209524721, 0.0185998827219, 0.0417114682496, 0.0476853400469, 0.0290402397513, 0.0240885056555, 0.0149404620752, 0.0161778703332, 0.0589846633375, 0.0655140951276, 0.0333657674491, 0.0459632240236, 0.0726692155004, 0.0517652221024, 0.0476054623723, 0.0533683933318, 0.0439423471689, 0.0557977892458]
    chords_histogram: [68.5185165405, 0, 31.4814815521, 0, 0, 0, 0, 0, 0, 0, 0, 0, 0, 0, 0, 0, 0, 0, 0, 0, 0, 0, 0, 0]
    thpcp: [1, 0.889291107655, 0.796103179455, 0.846139550209, 0.709833920002, 0.715872764587, 0.7342441082, 0.612499713898, 0.792307198048, 0.987973034382, 0.697612047195, 0.405657947063, 0.311307251453, 0.279382109642, 0.389660984278, 0.453399449587, 0.369658559561, 0.311958342791, 0.284442156553, 0.313338667154, 0.525348305702, 0.571961939335, 0.450415819883, 0.62236571312, 0.720178902149, 0.563172638416, 0.530744671822, 0.575373589993, 0.551114737988, 0.665167272091, 0.809351027012, 0.649624288082, 0.626840412617, 0.7855681777, 0.714959561825, 0.765376925468]
    chords_key: "G"
    chords_scale: "major"
    key_key: "G"
    key_scale: "major"
    chords_progression: ["D", "D", "D", "D", "D", "D", "D", "D", "D", "D", "D", "D", "D", "D", "D", "D", "D", "D", "D", "D", "D", "D", "D", "D", "D", "D", "D", "D", "D", "D", "D", "D", "D", "D", "D", "D", "D", "G", "G", "G", "G", "G", "G", "G", "G", "G", "G", "G", "G", "G", "G", "G", "G", "G", "G", "G", "G", "G", "G", "G", "G", "G", "G", "G", "G", "G", "G", "G", "G", "G", "G", "G", "G", "G", "G", "G", "G", "G", "G", "G", "G", "G", "G", "G", "G", "G", "G", "G", "G", "G", "G", "G", "G", "G", "G", "G", "G", "G", "G", "G", "G", "G", "G", "G", "G", "G", "G", "G", "G", "G", "G", "G", "G", "G", "G", "G", "G", "G", "G", "G", "G", "G", "G", "G", "G", "G", "G", "G", "G", "G", "G", "G", "G", "G", "G", "G", "G", "G", "G", "G", "G", "G", "G", "G", "G", "G", "G", "G", "G", "G", "G", "G", "G", "G", "G", "G", "G", "G", "G", "G", "G", "G", "G", "G", "G", "G", "G", "G", "G", "G", "G", "G", "G", "G", "G", "G", "G", "G", "G", "G", "G", "G", "G", "G", "G", "D", "D", "D", "D", "D", "D", "D", "D", "D", "D", "D", "D", "D", "D", "D", "D", "D", "D", "D", "D", "D", "D", "D", "D", "D", "D", "D", "D", "D", "D", "D"]
