
metadata:
    version:
        essentia: "1.2.2"
    audio_properties:
        analysis_sample_rate: 44100
        bitrate: 128
        channels: 2
        equal_loudness: 1
        length: 10.0048980713
        replay_gain: -11.0696182251
        downmix: "mix"
    tags:
        track: 13
        year: 0
        album: "Splitted by Mp3Splt v. 2.1"
        artist: "From 002.00 To 002.10"
        comment: "http://mp3splt.sf.net"
        genre: ""
        title: "15 [Untitled Track].mp3"

highlevel:
    ballroom:
        all:
            ChaChaCha: 0.364515691996
            Jive: 0.124904900789
            Quickstep: 0.144577547908
            Rumba-American: 0.00439201761037
            Rumba-International: 0.0490680597723
            Rumba-Misc: 0.0160949528217
            Samba: 0.289432168007
            Tango: 0.00264661898836
            VienneseWaltz: 0.00208933255635
            Waltz: 0.00227872491814
        probability: 0.364515691996
        value: "ChaChaCha"
    culture:
        all:
            non_western: 0.371214687824
            western: 0.628785312176
        probability: 0.628785312176
        value: "western"
    gender:
        all:
            female: 0.0609657689929
            male: 0.939034223557
        probability: 0.939034223557
        value: "male"
    genre_dortmund:
        all:
            alternative: 0.000101658137282
            blues: 0.00076744047692
            electronic: 0.00198235572316
            folkcountry: 0.000144647041452
            funksoulrnb: 0.00385572924279
            jazz: 0.00287011615001
            pop: 0.00147710205056
            raphiphop: 0.988443136215
            rock: 0.000357813667506
        probability: 0.988443136215
        value: "raphiphop"
    genre_electronica:
        all:
            ambient: 0.280022799969
            dnb: 0.0862399116158
            house: 0.532846152782
            techno: 0.0656523332
            trance: 0.0352387912571
        probability: 0.532846152782
        value: "house"
    genre_rosamerica:
        all:
            cla: 0.00353133841418
            dan: 0.00831514783204
            hip: 0.549834668636
            jaz: 0.00521820178255
            pop: 0.0040932954289
            rhy: 0.424861848354
            roc: 0.000745105615351
            spe: 0.00340039399453
        probability: 0.549834668636
        value: "hip"
    genre_tzanetakis:
        all:
            blu: 0.00222531356849
            cla: 0.00148412643466
            cou: 0.00268373568542
            dis: 0.00919202342629
            hip: 0.534621477127
            jaz: 0.00152473128401
            met: 0.00184638192877
            pop: 0.259940415621
            reg: 0.182537987828
            roc: 0.0039438251406
        probability: 0.534621477127
        value: "hip"
    live_studio:
        all:
            live: 0.329557687044
            studio: 0.670442342758
        probability: 0.670442342758
        value: "studio"
    mood:
        all:
            Cluster1: 0.0772814899683
            Cluster2: 0.418443053961
            Cluster3: 0.0590070709586
            Cluster4: 0.274528235197
            Cluster5: 0.170740142465
        probability: 0.418443053961
        value: "Cluster2"
    mood_acoustic:
        all:
            acoustic: 0.00856063514948
            not_acoustic: 0.991439342499
        probability: 0.991439342499
        value: "not_acoustic"
    mood_aggressive:
        all:
            aggressive: 0.0125667247921
            not_aggressive: 0.987433254719
        probability: 0.987433254719
        value: "not_aggressive"
    mood_electronic:
        all:
            electronic: 0.815164268017
            not_electronic: 0.184835731983
        probability: 0.815164268017
        value: "electronic"
    mood_happy:
        all:
            happy: 0.192194536328
            not_happy: 0.807805478573
        probability: 0.807805478573
        value: "not_happy"
    mood_party:
        all:
            not_party: 0.123023316264
            party: 0.876976668835
        probability: 0.876976668835
        value: "party"
    mood_relaxed:
        all:
            not_relaxed: 0.252644568682
            relaxed: 0.747355401516
        probability: 0.747355401516
        value: "relaxed"
    mood_sad:
        all:
            not_sad: 0.882778942585
            sad: 0.117221042514
        probability: 0.882778942585
        value: "not_sad"
    rhythm:
        all:
            fast: 0.329179137945
            medium: 0.523802280426
            slow: 0.147018611431
        probability: 0.523802280426
        value: "medium"
    speech_music:
        all:
            music: 0.837654232979
            speech: 0.16234575212
        probability: 0.837654232979
        value: "music"
    timbre:
        all:
            bright: 0.291462421417
            dark: 0.708537578583
        probability: 0.708537578583
        value: "dark"
    voice_instrumental:
        all:
            instrumental: 0.00163273338694
            voice: 0.998367249966
        probability: 0.998367249966
        value: "voice"

lowlevel:
    average_loudness: 0.97485679388
    barkbands_kurtosis:
        dmean: 7.1851568222
        dmean2: 11.9414577484
        dvar: 188.066146851
        dvar2: 477.094451904
        max: 111.474311829
        mean: 5.35316324234
        min: -1.92502450943
        var: 188.609359741
    barkbands_skewness:
        dmean: 1.2190271616
        dmean2: 1.76860821247
        dvar: 1.68457400799
        dvar2: 3.66368722916
        max: 9.79379940033
        mean: 0.834380686283
        min: -4.93512153625
        var: 4.23784065247
    barkbands_spread:
        dmean: 10.9669418335
        dmean2: 17.2639064789
        dvar: 117.726791382
        dvar2: 262.9737854
        max: 88.4250946045
        mean: 24.7782497406
        min: 1.10016870499
        var: 255.860717773
    dissonance:
        dmean: 0.0290168877691
        dmean2: 0.0444732792675
        dvar: 0.00106335186865
        dvar2: 0.00242164800875
        max: 0.499837428331
        mean: 0.448251754045
        min: 0.212079226971
        var: 0.00247180042788
    hfc:
        dmean: 3.73962903023
        dmean2: 5.61096096039
        dvar: 170.071716309
        dvar2: 398.291595459
        max: 114.90599823
        mean: 4.15768051147
        min: 0.00167829915881
        var: 169.818130493
    pitch:
        dmean: 800.226745605
        dmean2: 1525.0213623
        dvar: 1851460.625
        dvar2: 4170153.25
        max: 4900
        mean: 1252.30310059
        min: 73.9932861328
        var: 2636239
    pitch_instantaneous_confidence:
        dmean: 0.152764171362
        dmean2: 0.250595778227
        dvar: 0.0149042205885
        dvar2: 0.0314235650003
        max: 0.937415719032
        mean: 0.526444911957
        min: 0.156955957413
        var: 0.0347573831677
    pitch_salience:
        dmean: 0.108837269247
        dmean2: 0.17499563098
        dvar: 0.0100185740739
        dvar2: 0.0224204007536
        max: 0.909576773643
        mean: 0.575245678425
        min: 0.0518593899906
        var: 0.0230837762356
    silence_rate_20dB:
        dmean: 0
        dmean2: 0
        dvar: 0
        dvar2: 0
        max: 1
        mean: 1
        min: 1
        var: 0
    silence_rate_30dB:
        dmean: 0
        dmean2: 0
        dvar: 0
        dvar2: 0
        max: 1
        mean: 1
        min: 1
        var: 0
    silence_rate_60dB:
        dmean: 0.129930391908
        dmean2: 0.260465115309
        dvar: 0.113047979772
        dvar2: 0.220529481769
        max: 1
        mean: 0.842592597008
        min: 0
        var: 0.132629841566
    spectral_centroid:
        dmean: 573.438354492
        dmean2: 830.280944824
        dvar: 482596.09375
        dvar2: 983673.5
        max: 6410.41796875
        mean: 1581.05847168
        min: 114.135261536
        var: 1346046.25
    spectral_complexity:
        dmean: 2.59069776535
        dmean2: 3.75757575035
        dvar: 19.5115890503
        dvar2: 33.7873306274
        max: 47
        mean: 4.67053365707
        min: 0
        var: 37.3392066956
    spectral_crest:
        dmean: 3.81846785545
        dmean2: 6.10785102844
        dvar: 10.4710664749
        dvar2: 24.0839633942
        max: 25.5557823181
        mean: 10.918088913
        min: 3.40952301025
        var: 21.9002590179
    spectral_decrease:
        dmean: 4.54098564306e-10
        dmean2: 7.08272884786e-10
        dvar: 8.27923730936e-19
        dvar2: 2.05654533112e-18
        max: -1.75737516987e-13
        mean: -5.2554210983e-10
        min: -6.30016216974e-09
        var: 7.993775729e-19
    spectral_energy:
        dmean: 0.0020368671976
        dmean2: 0.00315887387842
        dvar: 1.92105180759e-05
        dvar2: 4.66511955892e-05
        max: 0.0342005677521
        mean: 0.00236063147895
        min: 8.15498708562e-07
        var: 1.89244037756e-05
    spectral_energyband_high:
        dmean: 0.000176284753252
        dmean2: 0.000288361217827
        dvar: 2.88789436809e-07
        dvar2: 6.45709178571e-07
        max: 0.00624495837837
        mean: 0.000213991312194
        min: 8.05655187008e-09
        var: 3.98208158003e-07
    spectral_energyband_low:
        dmean: 0.000210058773519
        dmean2: 0.000340504426276
        dvar: 4.52744671975e-07
        dvar2: 1.19043590985e-06
        max: 0.00466310512275
        mean: 0.000220665475354
        min: 7.12055303609e-10
        var: 4.12437344721e-07
    spectral_energyband_middle_high:
        dmean: 0.000936707423534
        dmean2: 0.00136788422242
        dvar: 1.12754805741e-05
        dvar2: 2.66232345894e-05
        max: 0.0299426503479
        mean: 0.000986653263681
        min: 2.65349257234e-07
        var: 1.06033767224e-05
    spectral_energyband_middle_low:
        dmean: 0.00100062019192
        dmean2: 0.00173777120654
        dvar: 5.1385959523e-06
        dvar2: 1.43014176501e-05
        max: 0.0129198627546
        mean: 0.000939263612963
        min: 2.17934271518e-07
        var: 3.59217892765e-06
    spectral_flatness_db:
        dmean: 0.041387796402
        dmean2: 0.0638540461659
        dvar: 0.00125736230984
        dvar2: 0.00295368907973
        max: 0.389144212008
        mean: 0.214503899217
        min: 0.0740834027529
        var: 0.00330645218492
    spectral_flux:
        dmean: 0.0151553275064
        dmean2: 0.0248444583267
        dvar: 0.00049691478489
        dvar2: 0.00106135639362
        max: 0.177624613047
        mean: 0.0343142822385
        min: 0.00115004798863
        var: 0.000764901866205
    spectral_kurtosis:
        dmean: 2.09617471695
        dmean2: 3.34058094025
        dvar: 7.77664089203
        dvar2: 17.9963550568
        max: 32.2948417664
        mean: 3.99852466583
        min: -1.07205235958
        var: 12.0215244293
    spectral_rms:
        dmean: 0.000514344719704
        dmean2: 0.00075368990656
        dvar: 5.07651577664e-07
        dvar2: 1.12184636691e-06
        max: 0.00577636621892
        mean: 0.00122544495389
        min: 2.82065338979e-05
        var: 8.0133861502e-07
    spectral_rolloff:
        dmean: 977.557006836
        dmean2: 1625.1796875
        dvar: 1449172.75
        dvar2: 2860724
        max: 9130.078125
        mean: 2728.22265625
        min: 129.19921875
        var: 3104029
    spectral_skewness:
        dmean: 0.381359547377
        dmean2: 0.593696475029
        dvar: 0.166645675898
        dvar2: 0.35990858078
        max: 4.70500946045
        mean: 1.40782535076
        min: -0.318001836538
        var: 0.389886617661
    spectral_spread:
        dmean: 1164724.875
        dmean2: 1822527.75
        dvar: 1.55878254182e+12
        dvar2: 3.00406564454e+12
        max: 13663988
        mean: 5072194
        min: 2026872.25
        var: 3.86866138317e+12
    spectral_strongpeak:
        dmean: 0.347357928753
        dmean2: 0.557719171047
        dvar: 0.773740470409
        dvar2: 1.85785722733
        max: 9.13657474518
        mean: 0.404844135046
        min: 0.00279569881968
        var: 0.728097498417
    zerocrossingrate:
        dmean: 0.0208848118782
        dmean2: 0.0218611136079
        dvar: 0.000373853603378
        dvar2: 0.000431710825069
        max: 0.234375
        mean: 0.0830553919077
        min: 0.01025390625
        var: 0.00244301208295
    barkbands:
        dmean: [1.71130409399e-06, 0.00011814507161, 0.000131218825118, 0.000361098063877, 0.000321998872096, 5.94392404309e-05, 0.000147135055158, 0.000187153622392, 7.88757461123e-05, 6.49454304948e-05, 3.77517826564e-05, 2.62982193817e-05, 3.37459532602e-05, 3.78288932552e-05, 7.08086954546e-05, 7.63447387726e-05, 8.04226874607e-05, 8.08023032732e-05, 0.000431957392721, 0.000186011136975, 8.84487453732e-05, 3.42540624843e-05, 1.05171320683e-05, 6.35629839962e-06, 3.33051571033e-06, 9.41981426195e-08, 1.67021410591e-10]
        dmean2: [2.61631498688e-06, 0.000177986148628, 0.000244137685513, 0.000693733803928, 0.000548011274077, 9.16869175853e-05, 0.000238402717514, 0.000342319573974, 0.000134481393616, 0.00011270732648, 5.63504036108e-05, 4.14185888076e-05, 5.44995818927e-05, 5.85074958508e-05, 0.000113939720904, 0.00011813655874, 0.00012359538232, 0.000123441626783, 0.000669353234116, 0.000291850679787, 0.000143496727105, 5.70654337935e-05, 1.66271656781e-05, 1.00191009551e-05, 5.29264389115e-06, 1.44049209894e-07, 2.7619134757e-10]
        dvar: [2.49486039466e-11, 1.21450170809e-07, 2.29023015663e-07, 2.02123828785e-06, 6.49021785648e-07, 7.67841825677e-08, 1.05175438136e-07, 3.55306696065e-07, 4.19764099036e-08, 5.60298474284e-08, 1.21150591781e-08, 4.12769374236e-09, 1.02368380439e-08, 4.78549955218e-09, 7.49200523842e-08, 8.69084217925e-08, 5.32538138032e-08, 3.28135527639e-08, 3.65055780094e-06, 4.23981333597e-07, 8.67778311431e-08, 1.20082317423e-08, 7.67941876756e-10, 4.0835029802e-10, 9.19877160555e-11, 6.2316844122e-14, 1.78225368756e-19]
        dvar2: [6.12416853341e-11, 2.99876546705e-07, 6.52392202483e-07, 5.86707665207e-06, 1.74933893504e-06, 1.64164390526e-07, 2.62902375425e-07, 9.87378825812e-07, 9.65362403349e-08, 1.54896966365e-07, 2.75515663617e-08, 1.02589599038e-08, 2.75811196104e-08, 1.01200781089e-08, 1.75687006276e-07, 1.73702829898e-07, 1.1892637275e-07, 7.37962295716e-08, 8.97000609257e-06, 1.0124789469e-06, 1.95880943465e-07, 2.92954300818e-08, 1.75125036694e-09, 9.64544999427e-10, 2.36901609441e-10, 1.3526275911e-13, 3.78960829372e-19]
        max: [3.79107877961e-05, 0.00248874677345, 0.0034323525615, 0.00845458172262, 0.0056675109081, 0.00492079509422, 0.00321932532825, 0.00523153459653, 0.00188695872203, 0.00225333729759, 0.00104666792322, 0.000476472981973, 0.00121328188106, 0.000727007340174, 0.00259343464859, 0.00264841224998, 0.0022237803787, 0.00163558451459, 0.0168803595006, 0.00606130436063, 0.00351071171463, 0.0014054113999, 0.000235448387684, 0.000159008894116, 7.80896152719e-05, 1.77852234629e-06, 4.44553149848e-09]
        mean: [1.8007054905e-06, 0.000126254890347, 9.26688517211e-05, 0.00023455126211, 0.000297901569866, 5.40434230061e-05, 0.00014011793246, 0.000124453872559, 7.69950202084e-05, 4.5017364755e-05, 4.02242585551e-05, 2.94304390991e-05, 3.19085047522e-05, 3.71391615772e-05, 5.95490018895e-05, 7.93659492047e-05, 9.3213027867e-05, 8.93482865649e-05, 0.00036558569991, 0.000185755547136, 9.52112095547e-05, 3.95846036554e-05, 1.17127428894e-05, 5.8507880567e-06, 2.85538430944e-06, 9.25970411458e-08, 1.35799219092e-10]
        min: [3.94207507349e-13, 8.03948713157e-11, 2.63522453858e-10, 1.50454770864e-09, 1.51612145061e-08, 5.13669640156e-09, 4.14101819501e-09, 2.50206300123e-09, 1.79407368961e-08, 6.74341915641e-09, 4.42917258425e-09, 1.04332498196e-09, 3.11158721011e-09, 5.2206714507e-09, 6.57795728998e-09, 8.18323808716e-09, 6.92931312329e-09, 3.02796987484e-09, 5.22536787173e-08, 4.39076544012e-08, 1.0050351662e-09, 2.01786809484e-09, 5.87836002097e-10, 1.76505365879e-10, 2.67065314308e-10, 1.15983412111e-11, 1.00707414752e-14]
        var: [2.54422871659e-11, 1.33728022433e-07, 1.35188471972e-07, 1.12718305445e-06, 4.73699259373e-07, 9.14897029247e-08, 9.71567999386e-08, 2.34120392406e-07, 4.67855727493e-08, 3.68789905281e-08, 1.43512179918e-08, 5.01937202912e-09, 9.32950872112e-09, 6.8599139702e-09, 6.63440786752e-08, 1.00195357788e-07, 6.27626661753e-08, 3.82785216857e-08, 3.07769232677e-06, 4.07145677173e-07, 1.10777158113e-07, 1.65667675134e-08, 1.1838290348e-09, 4.12395090299e-10, 8.22108006671e-11, 7.45808444299e-14, 1.65906555635e-19]
    mfcc:
        mean: [-828.079528809, 83.9832839966, -41.8034477234, 57.3532791138, -13.5368614197, -12.0367794037, -9.48133468628, -10.3874959946, -11.8701305389, -10.2623071671, -5.33108568192, -10.2567930222, -2.6256711483]
        cov: [[6629.37548828, -472.283172607, -955.176696777, -330.306335449, -256.468475342, 143.458099365, 169.203979492, -80.2398605347, 373.880767822, 239.256408691, 244.72253418, 32.60364151, 58.7773666382], [-472.283172607, 3557.78466797, -285.580444336, -75.1594848633, -155.555603027, -140.544158936, 415.626678467, 153.613311768, 28.8947257996, 1.60167515278, 247.216812134, 65.4214019775, 137.455444336], [-955.176696777, -285.580444336, 1981.21716309, 688.705322266, 643.107910156, 296.433197021, 22.7446517944, 228.735061646, 83.6105575562, 101.663864136, -1.06270670891, 200.317260742, 80.5250396729], [-330.306335449, -75.1594848633, 688.705322266, 771.338867188, 404.532226562, 212.099639893, -30.1931304932, 123.019248962, 90.6571121216, 102.827613831, 19.8302440643, 125.748725891, 91.3741455078], [-256.468475342, -155.555603027, 643.107910156, 404.532226562, 634.502441406, 375.593902588, 77.1029815674, 121.341690063, 111.441452026, 119.439422607, 2.04236793518, 117.271324158, 73.3481674194], [143.458099365, -140.544158936, 296.433197021, 212.099639893, 375.593902588, 654.076721191, 302.219116211, 142.958282471, 195.839248657, 72.0093612671, 24.4858169556, 100.140182495, -4.60482215881], [169.203979492, 415.626678467, 22.7446517944, -30.1931304932, 77.1029815674, 302.219116211, 583.933898926, 219.213973999, 216.471954346, 41.2507286072, 117.010414124, 66.6189651489, 16.3547725677], [-80.2398605347, 153.613311768, 228.735061646, 123.019248962, 121.341690063, 142.958282471, 219.213973999, 289.232116699, 131.104629517, 76.5857620239, 53.1098937988, 61.3323898315, 62.8739051819], [373.880767822, 28.8947257996, 83.6105575562, 90.6571121216, 111.441452026, 195.839248657, 216.471954346, 131.104629517, 312.363342285, 128.427734375, 104.369270325, 68.9404296875, 31.4132633209], [239.256408691, 1.60167515278, 101.663864136, 102.827613831, 119.439422607, 72.0093612671, 41.2507286072, 76.5857620239, 128.427734375, 235.285858154, 106.898857117, 68.8780288696, 62.2809371948], [244.72253418, 247.216812134, -1.06270670891, 19.8302440643, 2.04236793518, 24.4858169556, 117.010414124, 53.1098937988, 104.369270325, 106.898857117, 203.411804199, 60.6477890015, 66.6415328979], [32.60364151, 65.4214019775, 200.317260742, 125.748725891, 117.271324158, 100.140182495, 66.6189651489, 61.3323898315, 68.9404296875, 68.8780288696, 60.6477890015, 151.676132202, 74.1467590332], [58.7773666382, 137.455444336, 80.5250396729, 91.3741455078, 73.3481674194, -4.60482215881, 16.3547725677, 62.8739051819, 31.4132633209, 62.2809371948, 66.6415328979, 74.1467590332, 154.570053101]]
        icov: [[0.000193904052139, 4.11190594605e-05, 7.77213499532e-05, 3.36346711265e-05, 8.45585673233e-05, -8.07782053016e-05, 6.68776510793e-06, 0.000128832776682, -0.000210790341953, -0.000107617459435, -0.00010503987869, -5.79363768338e-06, -0.000132050918182], [4.11190594605e-05, 0.000374199473299, 8.04407682153e-05, -6.70748777338e-05, -1.6148938812e-05, 0.000196414985112, -0.000355241616489, -2.82096443698e-05, 0.000164605124155, 0.00011642814934, -0.000378949975129, -6.08010486758e-05, -0.000175899171154], [7.77213499532e-05, 8.04407682153e-05, 0.00100497272797, -0.000427085586125, -0.000736396585125, 0.000257592357229, 8.52646626299e-05, -0.000546917319298, 0.000111214874778, 0.000251111283433, -0.000205547185033, -0.000788733537775, 0.000541583751328], [3.36346711265e-05, -6.70748777338e-05, -0.000427085586125, 0.0024388267193, -0.000799966626801, -0.000248878030106, 0.000808851793408, -0.000437350390712, -0.00043257852667, 6.91938985256e-05, -6.03976732236e-05, -0.00044216128299, -0.00040967395762], [8.45585673233e-05, -1.6148938812e-05, -0.000736396585125, -0.000799966626801, 0.00435170903802, -0.00206473190337, 0.00017193974054, 0.000428922736319, 6.17352634436e-05, -0.0013708389597, 0.00109717075247, 0.000288708746666, -0.00155217363499], [-8.07782053016e-05, 0.000196414985112, 0.000257592357229, -0.000248878030106, -0.00206473190337, 0.00380473374389, -0.00162610702682, 3.19592909364e-05, -0.000608871341683, 0.000351396971382, 0.000357355835149, -0.00118258083239, 0.00151652097702], [6.68776510793e-06, -0.000355241616489, 8.52646626299e-05, 0.000808851793408, 0.00017193974054, -0.00162610702682, 0.00449352758005, -0.00241531594656, -0.001420176588, 0.00142105482519, -0.00155208841898, -0.000440577336121, 0.00076432491187], [0.000128832776682, -2.82096443698e-05, -0.000546917319298, -0.000437350390712, 0.000428922736319, 3.19592909364e-05, -0.00241531594656, 0.0066737299785, -0.00100016233046, -0.00133315124549, 0.00130963220727, 0.000753040774725, -0.00232755322941], [-0.000210790341953, 0.000164605124155, 0.000111214874778, -0.00043257852667, 6.17352634436e-05, -0.000608871341683, -0.001420176588, -0.00100016233046, 0.00654450058937, -0.00205266429111, -0.00118664547335, -0.000414341018768, 0.000848633120768], [-0.000107617459435, 0.00011642814934, 0.000251111283433, 6.91938985256e-05, -0.0013708389597, 0.000351396971382, 0.00142105482519, -0.00133315124549, -0.00205266429111, 0.00792227406055, -0.0033135781996, -0.000986221712083, -5.46946466784e-05], [-0.00010503987869, -0.000378949975129, -0.000205547185033, -6.03976732236e-05, 0.00109717075247, 0.000357355835149, -0.00155208841898, 0.00130963220727, -0.00118664547335, -0.0033135781996, 0.00942735094577, -0.000990488682874, -0.00237184856087], [-5.79363768338e-06, -6.08010486758e-05, -0.000788733537775, -0.00044216128299, 0.000288708746666, -0.00118258083239, -0.000440577336121, 0.000753040774725, -0.000414341018768, -0.000986221712083, -0.000990488682874, 0.0116503033787, -0.00438335863873], [-0.000132050918182, -0.000175899171154, 0.000541583751328, -0.00040967395762, -0.00155217363499, 0.00151652097702, 0.00076432491187, -0.00232755322941, 0.000848633120768, -5.46946466784e-05, -0.00237184856087, -0.00438335863873, 0.011258716695]]
    spectral_contrast:
        mean: [1.42537729175e-07, 1.36424716857e-07, 1.01334812541e-07, -1.3926189979e-07, 1.01334812541e-07, -5.98812306407e-08, 9.87348812487e-07, -3.86220108339e-06, -2.0508975922e-06, 7.86477073689e-07, -4.64459873228e-07, -1.31102558498e-06]
        var: [0.000840482418425, 0.00132408877835, 0.00203074025922, 0.00530571956187, 0.0102558555081, 0.0152577459812, 0.146556556225, 0.225227430463, 0.37737429142, 1.24210369587, 2.29982376099, 4.15726089478]

rhythm:
    beats_loudness:
        dmean: 0.00763506814837
        dmean2: 0.0147309992462
        dvar: 4.69122169307e-05
        dvar2: 0.000128987812786
        max: 0.0199074540287
        mean: 0.0056251375936
        min: 0.000146240447066
        var: 4.75041597383e-05
    beats_loudness_bass:
        dmean: 0.324682682753
        dmean2: 0.577816009521
        dvar: 0.0771120712161
        dvar2: 0.196771860123
        max: 0.757538676262
        mean: 0.199149802327
        min: 1.54979006766e-05
        var: 0.0711565166712
    bpm: 99.3667602539
    bpm_confidence: 0
    first_peak_bpm: 99
    first_peak_spread: 0
    first_peak_weight: 0.529411792755
    onset_rate: 5.89711141586
    second_peak_bpm: 133
    second_peak_spread: 0
    second_peak_weight: 0.411764711142
    beats_position: [0.455651044846, 1.05947577953, 1.66330051422, 2.26712536812, 2.8709499836, 3.47477459908, 4.07859945297, 4.68242406845, 5.28624868393, 5.89007377625, 6.37385559082, 6.82632923126, 7.27880382538, 7.73127841949, 8.18375301361, 8.63622760773, 9.08870124817, 9.54117584229]
    bpm_estimates: [99.4549331665, 99.3684158325, 99.544418335, 99.0899047852, 99.3496704102, 99.3655014038, 99.3944625854]
    bpm_intervals: [0.603824734688, 0.603824734688, 0.603824853897, 0.603824615479, 0.603824615479, 0.603824853897, 0.603824615479, 0.603824615479, 0.603825092316, 0.483781814575, 0.452473640442, 0.452474594116, 0.452474594116, 0.452474594116, 0.452474594116, 0.452473640442, 0.452474594116]
    onset_times: [0.0812698379159, 0.208979591727, 0.394739240408, 0.650158703327, 0.766258478165, 1.05650794506, 1.17260766029, 1.35836732388, 1.66022670269, 1.82276642323, 1.97369611263, 2.06657600403, 2.26394557953, 2.46131515503, 2.84444451332, 3.09986400604, 3.14630389214, 3.30884361267, 3.42494320869, 3.48299312592, 3.63392281532, 3.7151927948, 3.75002264977, 4.07510185242, 4.21442174911, 4.38857126236, 4.49306106567, 4.69043064117, 4.841360569, 4.96907043457, 5.22448968887, 5.42185926437, 5.56117916107, 5.72371864319, 5.9094786644, 6.025578022, 6.19972801208, 6.3622674942, 6.52480745316, 6.64090681076, 6.72217702866, 6.82666683197, 7.16335582733, 7.37233543396, 7.4884352684, 7.6858048439, 7.79029464722, 7.98766422272, 8.17342376709, 8.25469398499, 8.34757328033, 8.48689365387, 8.62621307373, 8.88163280487, 8.93968296051, 9.07900238037, 9.24154186249, 9.49696159363, 9.77560043335]
    rubato_start: [6.37385559082]
    rubato_stop: [6.82632923126]
    perceptual_tempo: "unknown"

sfx:
    inharmonicity:
        dmean: 0.0436319038272
        dmean2: 0.0778274089098
        dvar: 0.0028381170705
        dvar2: 0.00767165469006
        max: 0.317030668259
        mean: 0.0451879352331
        min: 0
        var: 0.00315332761966
    oddtoevenharmonicenergyratio:
        dmean: 2.85299515724
        dmean2: 5.35394906998
        dvar: 57.8455848694
        dvar2: 169.289749146
        max: 59.8745651245
        mean: 1.89714956284
        min: 0
        var: 32.0107803345
    pitch_after_max_to_before_max_energy_ratio: 18.2414054871
    pitch_centroid: 219.545455933
    pitch_max_to_total: 0.0464037135243
    pitch_min_to_total: 0.802784204483
    tristimulus:
        dmean: [0.232057765126, 0.250744581223, 0.138563796878]
        dmean2: [0.395297288895, 0.429256021976, 0.238006338477]
        dvar: [0.0488850027323, 0.0488282591105, 0.0221490357071]
        dvar2: [0.118275418878, 0.129958331585, 0.0598849356174]
        max: [1, 0.99166059494, 0.859977662563]
        mean: [0.380279839039, 0.415659457445, 0.15420486033]
        min: [0.00096826517256, 0, 0]
        var: [0.0823512002826, 0.0725710839033, 0.0280451290309]

tonal:
    chords_changes_rate: 0.21198156476
    chords_number_rate: 0.0460829511285
    chords_strength:
        dmean: 0.0154630979523
        dmean2: 0.019550671801
        dvar: 0.000130277738208
        dvar2: 0.000239008513745
        max: 0.60957968235
        mean: 0.450204282999
        min: 0.252486675978
        var: 0.00755918584764
    key_strength: 0.626964509487
    tuning_diatonic_strength: 0.570664048195
    tuning_equal_tempered_deviation: 0.200850337744
    tuning_frequency: 441.017791748
    tuning_nontempered_energy_ratio: 0.847030043602
    hpcp:
        dmean: [0.235203325748, 0.208848372102, 0.213606342673, 0.240227878094, 0.249166592956, 0.230923309922, 0.233875766397, 0.219661653042, 0.244075790048, 0.21375438571, 0.162656009197, 0.151731908321, 0.146662503481, 0.133420616388, 0.12844838202, 0.167908594012, 0.208924204111, 0.23560269177, 0.195467069745, 0.160626977682, 0.133379086852, 0.130562886596, 0.109823845327, 0.127466738224, 0.16741541028, 0.153212442994, 0.122913509607, 0.131791740656, 0.162735402584, 0.174375787377, 0.172010883689, 0.156159043312, 0.133283615112, 0.136358603835, 0.141048789024, 0.188871487975]
        dmean2: [0.422297179699, 0.36905092001, 0.358763217926, 0.384186029434, 0.42512768507, 0.401511281729, 0.420259863138, 0.387948125601, 0.42733207345, 0.36850169301, 0.280405730009, 0.272980064154, 0.252819657326, 0.232427611947, 0.21716311574, 0.299967378378, 0.37737685442, 0.416408032179, 0.338271915913, 0.279970467091, 0.231783479452, 0.234200254083, 0.194971933961, 0.227690368891, 0.300309658051, 0.278514653444, 0.222277835011, 0.236040309072, 0.300194501877, 0.312311738729, 0.299497872591, 0.270178377628, 0.230572462082, 0.238905146718, 0.244983568788, 0.323598206043]
        dvar: [0.0836229026318, 0.054958704859, 0.0515421666205, 0.0523746199906, 0.0622208788991, 0.0609904527664, 0.0726784840226, 0.0661323815584, 0.0825091004372, 0.0631433427334, 0.0480838492513, 0.0543781481683, 0.0542376190424, 0.0454642251134, 0.0336778201163, 0.0506849214435, 0.0750636458397, 0.0603361353278, 0.0577624365687, 0.0489825457335, 0.0408925712109, 0.050151064992, 0.032024603337, 0.0429071970284, 0.0655862912536, 0.0530875213444, 0.0388923250139, 0.0320802889764, 0.0445558056235, 0.0429114550352, 0.0539789907634, 0.044494908303, 0.0335265249014, 0.0447042994201, 0.0352116338909, 0.0558410137892]
        dvar2: [0.203497871757, 0.15068295598, 0.12689088285, 0.115761213005, 0.159658655524, 0.152983307838, 0.192644566298, 0.172705560923, 0.233712181449, 0.174730196595, 0.125023528934, 0.13622584939, 0.146463632584, 0.122653968632, 0.0926878750324, 0.139613226056, 0.223488628864, 0.15331633389, 0.128744214773, 0.132206022739, 0.102931663394, 0.130028292537, 0.080422475934, 0.112302787602, 0.176828816533, 0.135754033923, 0.0989648476243, 0.0791292786598, 0.125616803765, 0.107714012265, 0.137372732162, 0.119119755924, 0.0809893161058, 0.12191105634, 0.0868251174688, 0.129613310099]
        max: [1, 1, 1, 1, 1, 1, 1, 1, 1, 1, 1, 1, 1, 1, 1, 0.979837596416, 1, 1, 1, 1, 1, 1, 1, 1, 1, 1, 1, 1, 1, 1, 1, 1, 1, 1, 1, 1]
        mean: [0.206958636642, 0.191857978702, 0.247299030423, 0.316922277212, 0.288669615984, 0.24331690371, 0.210664272308, 0.198628515005, 0.220861077309, 0.203033030033, 0.164469972253, 0.147788345814, 0.132265686989, 0.117794826627, 0.120749175549, 0.149811267853, 0.183204099536, 0.284760266542, 0.293098092079, 0.165327504277, 0.113750264049, 0.10622689873, 0.0995948985219, 0.112470172346, 0.132527753711, 0.125395268202, 0.110077135265, 0.118351124227, 0.140372976661, 0.159327596426, 0.158211380243, 0.141943976283, 0.135505393147, 0.127688542008, 0.132528543472, 0.180163472891]
        min: [0.00107900437433, 0.000668052642141, 0.000757880916353, 0.000580767169595, 0.000520340632647, 0.000282558816252, 0.000216678206925, 0.000969115353655, 0, 0, 0, 0, 0, 0, 0.000180065384484, 0.000448397302534, 0.000302489264868, 0.000427951308666, 0, 0.000543439411558, 0.000209947393159, 0.000771113438532, 0.000611157389358, 0, 0, 0, 0.000302978500258, 0.000273354176898, 0.000909220660105, 0.000470689497888, 0, 0, 0, 0.000278816529317, 0.00108760292642, 0.0019254462095]
        var: [0.0844089835882, 0.0530397184193, 0.0699132159352, 0.095985032618, 0.0854853317142, 0.0743220448494, 0.0708765536547, 0.0665511935949, 0.0848560780287, 0.0721134617925, 0.0532938055694, 0.0543496645987, 0.0470669828355, 0.0398542620242, 0.0297573376447, 0.0434641465545, 0.0595271810889, 0.0934216529131, 0.116725757718, 0.0477901287377, 0.0377741679549, 0.0397993288934, 0.0316151641309, 0.0384266711771, 0.0523528717458, 0.0470463000238, 0.0347043499351, 0.0328454710543, 0.0393303409219, 0.0467820838094, 0.0511049777269, 0.0428792946041, 0.0384727455676, 0.0394385308027, 0.0355222634971, 0.0655176416039]
    chords_histogram: [46.082950592, 5.5299539566, 3.68663597107, 0, 3.68663597107, 0, 0, 0, 3.68663597107, 13.8248844147, 0, 0, 0, 0, 0, 1.84331798553, 0, 11.9815664291, 0, 0, 0, 0, 5.0691242218, 4.60829496384]
    thpcp: [1, 0.910853028297, 0.767749428749, 0.664719045162, 0.626742064953, 0.696893513203, 0.640639841557, 0.51895993948, 0.46632361412, 0.417344242334, 0.371683657169, 0.381005644798, 0.472706645727, 0.578072667122, 0.898517668247, 0.924826383591, 0.521665751934, 0.358921647072, 0.33518281579, 0.314256548882, 0.354882508516, 0.418171137571, 0.395665675402, 0.347331643105, 0.373438954353, 0.442925572395, 0.502734005451, 0.499211937189, 0.44788262248, 0.42756664753, 0.402901768684, 0.418173640966, 0.568478405476, 0.653026461601, 0.605378627777, 0.780314445496]
    chords_key: "D#"
    chords_scale: "major"
    key_key: "D#"
    key_scale: "major"
    chords_progression: ["D#", "D#", "D#", "D#", "D#", "Cm", "D#", "D#", "D#", "D#", "D#", "D#", "D#", "D#", "D#", "D#m", "D#", "D#", "D#", "D#", "D#", "D#", "D#", "D#", "D#", "D#", "D#", "D#", "D#", "D#", "D#", "D#", "D#m", "D#m", "A#", "A#", "A#", "A#", "A#", "Gm", "Gm", "Gm", "Gm", "Gm", "Gm", "Gm", "A#", "A#", "A#", "Gm", "Gm", "Gm", "Gm", "Gm", "D#", "D#", "D#", "D#", "D#", "D#", "D#", "D#", "D#", "D#m", "D#m", "D#m", "D#m", "D#m", "D#m", "D#m", "D#m", "D#m", "D#m", "D#m", "D#m", "D#m", "D#", "D#", "D#m", "D#", "D#", "D#", "D#", "D#m", "D#m", "D#m", "D#", "D#m", "D#", "D#", "D#m", "D#m", "D#m", "D#m", "D#m", "D#", "D#", "D#", "D#", "D#", "G#m", "G#m", "G#m", "G#m", "G#", "G#", "G#", "G#", "G#", "G#", "G#", "G#", "G#", "Cm", "G#", "G#", "D#", "D#", "D#", "D#", "D#", "D#", "D#", "D#", "D#", "D#", "Bm", "Bm", "Bm", "Bm", "Bm", "Bm", "D#", "D#", "D#", "Bm", "Bm", "Bm", "Bm", "D#", "D#", "D#", "Bm", "D#", "D#", "D#", "D#", "D#", "D#", "D#", "D#", "D#", "D#", "D#", "D#", "D#", "D#", "D#", "D#", "D#", "D#", "D#", "D#", "D#", "D#", "D#", "D#", "D#", "D#", "D#", "D#", "D#", "D#", "D#", "Bm", "Bm", "Bm", "Bm", "Cm", "Cm", "Bm", "Bm", "Bm", "G", "G", "Bm", "Bm", "Bm", "Bm", "Bm", "Bm", "Bm", "Bm", "Cm", "Cm", "Cm", "Cm", "F", "F", "Cm", "Bm", "Cm", "F", "Bm", "Bm", "Bm", "F", "G", "G", "G", "G", "G", "G", "F", "F", "F", "F"]
