
metadata:
    version:
        essentia: "1.2.2"
    audio_properties:
        analysis_sample_rate: 44100
        bitrate: 128
        channels: 2
        equal_loudness: 1
        length: 10.0310201645
        replay_gain: -10.9547901154
        downmix: "mix"
    tags:
        track: 18
        year: 0
        album: "Splitted by Mp3Splt v. 2.1"
        artist: "From 002.50 To 003.00"
        comment: "http://mp3splt.sf.net"
        genre: ""
        title: "08 You Win My Love.mp3"

highlevel:
    ballroom:
        all:
            ChaChaCha: 0.118631102145
            Jive: 0.498386651278
            Quickstep: 0.16786634922
            Rumba-American: 0.00429666228592
            Rumba-International: 0.00134800362866
            Rumba-Misc: 0.00153759960085
            Samba: 0.203294783831
            Tango: 0.00108524598181
            VienneseWaltz: 0.00220291782171
            Waltz: 0.00135068618692
        probability: 0.498386651278
        value: "Jive"
    culture:
        all:
            non_western: 0.0303608421236
            western: 0.969639182091
        probability: 0.969639182091
        value: "western"
    gender:
        all:
            female: 0.218204960227
            male: 0.781795024872
        probability: 0.781795024872
        value: "male"
    genre_dortmund:
        all:
            alternative: 0.0219400320202
            blues: 0.142408505082
            electronic: 0.0164090786129
            folkcountry: 0.0484088212252
            funksoulrnb: 0.122119911015
            jazz: 0.0379882454872
            pop: 0.0561494715512
            raphiphop: 0.0788095891476
            rock: 0.47576636076
        probability: 0.47576636076
        value: "rock"
    genre_electronica:
        all:
            ambient: 0.0855465531349
            dnb: 0.729524254799
            house: 0.035893868655
            techno: 0.0138992229477
            trance: 0.135136082768
        probability: 0.729524254799
        value: "dnb"
    genre_rosamerica:
        all:
            cla: 0.0119557315484
            dan: 0.0277641545981
            hip: 0.138162255287
            jaz: 0.0284974500537
            pop: 0.566465377808
            rhy: 0.130167990923
            roc: 0.0874503478408
            spe: 0.0095366993919
        probability: 0.566465377808
        value: "pop"
    genre_tzanetakis:
        all:
            blu: 0.00711577758193
            cla: 0.00187512906268
            cou: 0.0386565215886
            dis: 0.222311228514
            hip: 0.0862762257457
            jaz: 0.00675508845598
            met: 0.00973594468087
            pop: 0.432536363602
            reg: 0.139674857259
            roc: 0.0550628490746
        probability: 0.432536363602
        value: "pop"
    live_studio:
        all:
            live: 0.0636675059795
            studio: 0.936332464218
        probability: 0.936332464218
        value: "studio"
    mood:
        all:
            Cluster1: 0.0878205746412
            Cluster2: 0.438653916121
            Cluster3: 0.0444346107543
            Cluster4: 0.195376694202
            Cluster5: 0.233714208007
        probability: 0.438653916121
        value: "Cluster2"
    mood_acoustic:
        all:
            acoustic: 0.00597042171285
            not_acoustic: 0.994029581547
        probability: 0.994029581547
        value: "not_acoustic"
    mood_aggressive:
        all:
            aggressive: 0.634580314159
            not_aggressive: 0.365419685841
        probability: 0.634580314159
        value: "aggressive"
    mood_electronic:
        all:
            electronic: 0.261326909065
            not_electronic: 0.738673090935
        probability: 0.738673090935
        value: "not_electronic"
    mood_happy:
        all:
            happy: 0.923269271851
            not_happy: 0.0767307206988
        probability: 0.923269271851
        value: "happy"
    mood_party:
        all:
            not_party: 0.13617913425
            party: 0.863820850849
        probability: 0.863820850849
        value: "party"
    mood_relaxed:
        all:
            not_relaxed: 0.971279740334
            relaxed: 0.0287202615291
        probability: 0.971279740334
        value: "not_relaxed"
    mood_sad:
        all:
            not_sad: 0.958125472069
            sad: 0.041874550283
        probability: 0.958125472069
        value: "not_sad"
    rhythm:
        all:
            fast: 0.626267969608
            medium: 0.366768747568
            slow: 0.00696331774816
        probability: 0.626267969608
        value: "fast"
    speech_music:
        all:
            music: 0.996127486229
            speech: 0.00387254008092
        probability: 0.996127486229
        value: "music"
    timbre:
        all:
            bright: 0.29070442915
            dark: 0.70929557085
        probability: 0.70929557085
        value: "dark"
    voice_instrumental:
        all:
            instrumental: 0.000626643537544
            voice: 0.999373376369
        probability: 0.999373376369
        value: "voice"

lowlevel:
    average_loudness: 0.970927596092
    barkbands_kurtosis:
        dmean: 0.998268604279
        dmean2: 1.60540497303
        dvar: 3.56893491745
        dvar2: 9.23871803284
        max: 22.6645145416
        mean: -0.230774849653
        min: -1.83919501305
        var: 4.41070461273
    barkbands_skewness:
        dmean: 0.453466147184
        dmean2: 0.649012923241
        dvar: 0.225595220923
        dvar2: 0.423345059156
        max: 3.39624428749
        mean: -0.0452609099448
        min: -3.98162508011
        var: 1.00939893723
    barkbands_spread:
        dmean: 6.48851442337
        dmean2: 9.7498588562
        dvar: 44.6546401978
        dvar2: 109.120300293
        max: 69.7069015503
        mean: 30.3035926819
        min: 5.59717988968
        var: 152.536468506
    dissonance:
        dmean: 0.0156292878091
        dmean2: 0.0254017692059
        dvar: 0.000266659597401
        dvar2: 0.000578306324314
        max: 0.499390304089
        mean: 0.465577036142
        min: 0.328573703766
        var: 0.000758181267884
    hfc:
        dmean: 2.550573349
        dmean2: 3.88022041321
        dvar: 13.2716064453
        dvar2: 28.3934459686
        max: 29.2262611389
        mean: 7.00558233261
        min: 0.0151819838211
        var: 33.7009544373
    pitch:
        dmean: 807.059631348
        dmean2: 1533.34155273
        dvar: 1917515.875
        dvar2: 4745990.5
        max: 5512.5
        mean: 1131.73571777
        min: 80.0363006592
        var: 2460880.25
    pitch_instantaneous_confidence:
        dmean: 0.0992234796286
        dmean2: 0.160588547587
        dvar: 0.0080503243953
        dvar2: 0.0187372602522
        max: 0.966785669327
        mean: 0.462397813797
        min: 0.144661784172
        var: 0.0287257600576
    pitch_salience:
        dmean: 0.0695668831468
        dmean2: 0.109778262675
        dvar: 0.00433251354843
        dvar2: 0.0113538000733
        max: 0.878427743912
        mean: 0.597944438457
        min: 0.258313417435
        var: 0.0137616749853
    silence_rate_20dB:
        dmean: 0
        dmean2: 0
        dvar: 0
        dvar2: 0
        max: 1
        mean: 1
        min: 1
        var: 0
    silence_rate_30dB:
        dmean: 0
        dmean2: 0
        dvar: 0
        dvar2: 0
        max: 1
        mean: 1
        min: 1
        var: 0
    silence_rate_60dB:
        dmean: 0.139211133122
        dmean2: 0.279069781303
        dvar: 0.119831211865
        dvar2: 0.219794854522
        max: 1
        mean: 0.52314811945
        min: 0
        var: 0.249463558197
    spectral_centroid:
        dmean: 329.38671875
        dmean2: 479.982574463
        dvar: 165332.265625
        dvar2: 279733.125
        max: 4994.93359375
        mean: 1880.48632812
        min: 318.186309814
        var: 580231.25
    spectral_complexity:
        dmean: 3.63403272629
        dmean2: 5.51401853561
        dvar: 24.0315418243
        dvar2: 47.6376533508
        max: 44
        mean: 11.0697669983
        min: 0
        var: 63.3066902161
    spectral_crest:
        dmean: 2.49817609787
        dmean2: 4.06993579865
        dvar: 5.73997735977
        dvar2: 13.2575836182
        max: 22.1239032745
        mean: 7.99914932251
        min: 2.79266142845
        var: 14.5692920685
    spectral_decrease:
        dmean: 2.69581690304e-10
        dmean2: 3.9875763802e-10
        dvar: 1.52849393343e-19
        dvar2: 3.00176606465e-19
        max: -6.80913572054e-12
        mean: -8.13695222313e-10
        min: -4.54086412915e-09
        var: 5.2500119503e-19
    spectral_energy:
        dmean: 0.00122786662541
        dmean2: 0.00182529410813
        dvar: 3.11623148264e-06
        dvar2: 6.18768126515e-06
        max: 0.0192709434777
        mean: 0.00370649970137
        min: 2.70763175649e-05
        var: 1.0258418115e-05
    spectral_energyband_high:
        dmean: 0.000210208148928
        dmean2: 0.000326014764141
        dvar: 1.31579284357e-07
        dvar2: 3.22984959666e-07
        max: 0.00353374308906
        mean: 0.00033892004285
        min: 5.09559356487e-07
        var: 1.64122013757e-07
    spectral_energyband_low:
        dmean: 8.99794540601e-05
        dmean2: 0.000157637492521
        dvar: 6.01446572546e-08
        dvar2: 1.67495116443e-07
        max: 0.00222252076492
        mean: 9.35887364903e-05
        min: 9.41996518122e-07
        var: 4.18456380658e-08
    spectral_energyband_middle_high:
        dmean: 0.000673997215927
        dmean2: 0.000986328930594
        dvar: 6.96188180882e-07
        dvar2: 1.31727949793e-06
        max: 0.00855671893805
        mean: 0.00197250721976
        min: 3.32984586748e-06
        var: 3.25794576383e-06
    spectral_energyband_middle_low:
        dmean: 0.000543361296877
        dmean2: 0.000814218597952
        dvar: 1.05635319869e-06
        dvar2: 2.09176209864e-06
        max: 0.0142820319161
        mean: 0.00130146811716
        min: 6.65217885398e-06
        var: 3.58596093974e-06
    spectral_flatness_db:
        dmean: 0.0192130301148
        dmean2: 0.0290372017771
        dvar: 0.00031607481651
        dvar2: 0.000674938492011
        max: 0.284428209066
        mean: 0.162881523371
        min: 0.0954451560974
        var: 0.00119853834622
    spectral_flux:
        dmean: 0.0107562616467
        dmean2: 0.0166746024042
        dvar: 0.000142982753459
        dvar2: 0.000291481963359
        max: 0.10479311645
        mean: 0.0370105654001
        min: 0.00345183559693
        var: 0.000402119971113
    spectral_kurtosis:
        dmean: 1.31593680382
        dmean2: 2.19110059738
        dvar: 2.3280954361
        dvar2: 5.54445409775
        max: 20.2271747589
        mean: 3.28298139572
        min: -0.551365613937
        var: 5.1975402832
    spectral_rms:
        dmean: 0.00031740963459
        dmean2: 0.00045339638018
        dvar: 1.52862469349e-07
        dvar2: 2.82779382133e-07
        max: 0.00433600274846
        mean: 0.0017104750732
        min: 0.000162529744557
        var: 6.90377760293e-07
    spectral_rolloff:
        dmean: 516.696350098
        dmean2: 802.162109375
        dvar: 409756.03125
        dvar2: 734780.8125
        max: 7062.890625
        mean: 3349.51513672
        min: 193.798828125
        var: 1384881.625
    spectral_skewness:
        dmean: 0.210214570165
        dmean2: 0.324675768614
        dvar: 0.0444681867957
        dvar2: 0.0956123843789
        max: 3.68633651733
        mean: 1.22680306435
        min: -0.0104475729167
        var: 0.185638740659
    spectral_spread:
        dmean: 523688.40625
        dmean2: 742342.875
        dvar: 396142870528
        dvar2: 801641201664
        max: 9809249
        mean: 4588693.5
        min: 2374739.25
        var: 2.12885346714e+12
    spectral_strongpeak:
        dmean: 0.588586211205
        dmean2: 0.984780490398
        dvar: 0.602107107639
        dvar2: 1.5755828619
        max: 5.96245718002
        mean: 0.990902841091
        min: 0.00258119683713
        var: 1.25994753838
    zerocrossingrate:
        dmean: 0.0116538731381
        dmean2: 0.0119446367025
        dvar: 0.000169272607309
        dvar2: 0.000163400516612
        max: 0.23779296875
        mean: 0.103743866086
        min: 0.02685546875
        var: 0.00118101283442
    barkbands:
        dmean: [1.48523866983e-07, 3.63699327863e-05, 5.8762885601e-05, 7.74016079959e-05, 0.000158608687343, 9.61551704677e-05, 6.03652006248e-05, 7.82319984864e-05, 0.000271430442808, 4.65533375973e-05, 4.70319027954e-05, 7.3317271017e-05, 8.49972639116e-05, 5.82032043894e-05, 0.000153526314534, 0.000129059670144, 0.000156513386173, 0.00017594039673, 0.000167860693182, 0.000162348675076, 9.25272615859e-05, 4.29189785791e-05, 1.16816254376e-05, 3.57823228114e-06, 1.36266851314e-06, 3.52879361287e-08, 2.99852337404e-10]
        dmean2: [2.17621305865e-07, 6.35448886896e-05, 0.000102421625343, 0.000132563291118, 0.000261208246229, 0.000147826052853, 9.97883907985e-05, 0.000101725527202, 0.000394415401388, 7.46851364966e-05, 7.10960885044e-05, 0.000105311730294, 0.000132209257572, 8.92539610504e-05, 0.00021800956165, 0.000195819055079, 0.000250337645411, 0.000275445694569, 0.000274296413409, 0.000248920550803, 0.000149897765368, 6.65018305881e-05, 1.82887706615e-05, 5.3937260418e-06, 1.98216230274e-06, 4.95252976407e-08, 5.15955334013e-10]
        dvar: [1.77805483553e-13, 1.24502363974e-08, 2.25263221409e-08, 2.61377639532e-08, 1.0673588946e-07, 2.27393286423e-08, 1.71784435565e-08, 2.81318861539e-08, 8.43292184527e-07, 9.71937641481e-09, 1.14812204188e-08, 3.92758607859e-08, 4.38709122363e-08, 1.85272863718e-08, 1.21053531643e-07, 3.95158750166e-08, 1.10494035255e-07, 6.25531555443e-08, 5.74383136609e-08, 7.4994751742e-08, 2.47354758898e-08, 9.99835680915e-09, 6.29471030855e-10, 4.4676415345e-11, 6.06737360007e-12, 6.30842737599e-15, 9.51058767499e-19]
        dvar2: [3.84911964498e-13, 3.53428895039e-08, 6.29138199315e-08, 6.86999328536e-08, 2.86018035922e-07, 5.52243193397e-08, 4.47541097515e-08, 3.71350168393e-08, 1.56226371928e-06, 2.21442579829e-08, 2.52544829493e-08, 8.10105547089e-08, 1.01916590722e-07, 4.13778167285e-08, 2.23737657734e-07, 8.81049473378e-08, 2.47158510547e-07, 1.44958292481e-07, 1.30896438577e-07, 1.82391048043e-07, 6.12134840594e-08, 2.58545487242e-08, 1.48824663704e-09, 9.54104364959e-11, 1.26431608238e-11, 9.84385184179e-15, 1.46245759774e-18]
        max: [8.67416747496e-06, 0.00109064776916, 0.00113156985026, 0.00166594935581, 0.00305834086612, 0.001402120688, 0.000947822991293, 0.00376031198539, 0.0134247653186, 0.00124507432338, 0.00152016605716, 0.00274854525924, 0.00262165255845, 0.00134503946174, 0.00411813426763, 0.00290398322977, 0.0059372400865, 0.00238317833282, 0.00184576609172, 0.00321582169272, 0.001115224557, 0.0011659739539, 0.000295902107609, 9.13209805731e-05, 2.96622456517e-05, 1.25570545606e-06, 1.72966299061e-08]
        mean: [2.60374065419e-07, 3.57701865141e-05, 5.75776175538e-05, 8.67123599164e-05, 0.00021758438379, 0.00016322726151, 8.14634331618e-05, 0.000170313986018, 0.000560328946449, 7.10859603714e-05, 8.22135843919e-05, 0.00010693880904, 0.000121002471133, 0.000104997277958, 0.000236677064095, 0.000246896059252, 0.000254193117144, 0.00036452288623, 0.000256788742263, 0.000287863775156, 0.000127439401695, 5.08103730681e-05, 1.52102957145e-05, 4.83407757201e-06, 1.74388173946e-06, 4.68981866675e-08, 2.63943866763e-10]
        min: [8.15599150716e-12, 1.97677607616e-07, 7.47739932194e-08, 1.26184147575e-07, 1.93966889128e-06, 1.6893341126e-07, 2.77623797729e-07, 1.0446979104e-07, 1.42937366832e-07, 1.06293825297e-07, 5.51776722091e-08, 1.47796171746e-07, 1.89726222288e-07, 4.53478463669e-08, 1.1506563169e-07, 1.44265840163e-07, 1.29462605969e-07, 3.76359594156e-07, 7.31907505269e-07, 4.31705586834e-07, 2.80955219978e-07, 6.82799452534e-08, 1.40210127952e-08, 4.86687401491e-09, 2.25129248577e-09, 6.17637607725e-11, 6.31973653639e-14]
        var: [1.10321029655e-12, 8.61052296131e-09, 1.56059094536e-08, 2.67120388031e-08, 1.02830441051e-07, 4.41136513984e-08, 2.10320436622e-08, 1.41892229522e-07, 2.78291645373e-06, 1.41881768556e-08, 2.85076389162e-08, 8.07165108085e-08, 8.28847888101e-08, 5.34697406351e-08, 2.81004901126e-07, 1.4090011291e-07, 2.25885287364e-07, 2.09886550806e-07, 9.7243031405e-08, 1.18188786757e-07, 2.75625815505e-08, 1.10545093079e-08, 9.69866298384e-10, 9.36297706033e-11, 1.25605220669e-11, 1.60056209687e-14, 8.83484418705e-19]
    mfcc:
        mean: [-739.108581543, 94.7963790894, -51.5564079285, 50.6515045166, -17.5685901642, -8.12304782867, -7.93405532837, -3.4973218441, -2.94466495514, -1.02576124668, -8.7447309494, -4.66995048523, -6.67870378494]
        cov: [[4955.60888672, -431.078521729, -868.540588379, -492.890625, -239.464630127, -506.190368652, -239.824920654, -0.446847349405, 76.75415802, 112.084709167, -69.6259613037, -38.2978782654, -121.492835999], [-431.078521729, 972.737548828, -562.848815918, 55.8007659912, -46.0752792358, -113.559432983, 82.9709320068, -16.4778194427, 4.82194900513, 44.555934906, 7.6204624176, 72.0336608887, 21.9487438202], [-868.540588379, -562.848815918, 1076.99304199, 145.253082275, 110.622283936, 264.472381592, 15.2450799942, 17.280954361, -36.3304252625, -114.708961487, 27.0890388489, -25.4402217865, 35.6115493774], [-492.890625, 55.8007659912, 145.253082275, 346.856994629, 108.6824646, 57.500869751, 16.2383346558, -11.8863143921, 56.6370697021, -68.4698791504, -16.8740463257, 11.1466627121, 62.7983551025], [-239.464630127, -46.0752792358, 110.622283936, 108.6824646, 209.651733398, 13.622179985, -18.4568881989, 2.49975419044, 43.5955238342, 9.70696735382, -30.5395355225, 11.8287639618, 22.3595638275], [-506.190368652, -113.559432983, 264.472381592, 57.500869751, 13.622179985, 249.255737305, 109.08215332, 18.6408843994, -43.6692848206, -52.2292518616, 49.0489883423, -31.1970100403, 14.2871990204], [-239.824920654, 82.9709320068, 15.2450799942, 16.2383346558, -18.4568881989, 109.08215332, 188.689346313, 61.6467285156, -22.5766086578, -15.1165189743, 37.004070282, 0.54370880127, 39.1438407898], [-0.446847349405, -16.4778194427, 17.280954361, -11.8863143921, 2.49975419044, 18.6408843994, 61.6467285156, 111.781906128, 8.04561710358, 8.81208896637, 5.58832359314, -2.98869633675, 23.6370487213], [76.75415802, 4.82194900513, -36.3304252625, 56.6370697021, 43.5955238342, -43.6692848206, -22.5766086578, 8.04561710358, 150.953689575, 19.6533927917, -13.3851556778, -1.84486436844, 4.62838935852], [112.084709167, 44.555934906, -114.708961487, -68.4698791504, 9.70696735382, -52.2292518616, -15.1165189743, 8.81208896637, 19.6533927917, 114.613517761, 4.63553714752, 8.28281402588, -22.332983017], [-69.6259613037, 7.6204624176, 27.0890388489, -16.8740463257, -30.5395355225, 49.0489883423, 37.004070282, 5.58832359314, -13.3851556778, 4.63553714752, 90.1320037842, 8.03662395477, 12.3562698364], [-38.2978782654, 72.0336608887, -25.4402217865, 11.1466627121, 11.8287639618, -31.1970100403, 0.54370880127, -2.98869633675, -1.84486436844, 8.28281402588, 8.03662395477, 89.475189209, 35.6890144348], [-121.492835999, 21.9487438202, 35.6115493774, 62.7983551025, 22.3595638275, 14.2871990204, 39.1438407898, 23.6370487213, 4.62838935852, -22.332983017, 12.3562698364, 35.6890144348, 103.39176178]]
        icov: [[0.000397619616706, 0.000456327397842, 0.000380216049962, 0.000222447401029, 0.00018206857203, 0.000634461757727, -6.50322908768e-05, -6.20423525106e-05, -0.00012875853281, 0.000256588391494, -0.000102928941487, 2.99239145534e-05, 7.92070422904e-05], [0.000456327397842, 0.00240896176547, 0.00136966560967, -0.000647671928164, 0.000366055348422, 0.00121892266907, -0.00136523903348, 0.000478116096929, 0.00021416299569, 6.14854943706e-05, -0.000340677303029, -0.00104823091533, 0.00051266187802], [0.000380216049962, 0.00136966560967, 0.00238796696067, -0.000268417672487, -0.000365614745533, -0.00105133163743, 0.00058201875072, -0.00044534142944, 0.000175401539309, 0.00103618542198, -0.000333277799655, -0.000660969060846, 8.63167369971e-05], [0.000222447401029, -0.000647671928164, -0.000268417672487, 0.00540978088975, -0.00188436033204, -0.000656886433717, 0.000325284403516, 0.000865106645506, -0.00205149175599, 0.00270578893833, 0.000667259271722, 0.000425143749453, -0.00216731475666], [0.00018206857203, 0.000366055348422, -0.000365614745533, -0.00188436033204, 0.00718287006021, -0.000650024798233, 0.000761401024647, -0.000273418816505, -0.00104589411058, -0.00259514688514, 0.00252848491073, -0.000981341465376, -0.000759788206778], [0.000634461757727, 0.00121892266907, -0.00105133163743, -0.000656886433717, -0.000650024798233, 0.0112612955272, -0.00586120830849, 0.0013246841263, 0.00155250413809, 0.00176440074574, -0.00376359792426, 0.00274956575595, 0.00156079768203], [-6.50322908768e-05, -0.00136523903348, 0.00058201875072, 0.000325284403516, 0.000761401024647, -0.00586120830849, 0.0115770353004, -0.00510680675507, 0.000202334136702, 3.41162376571e-05, -0.000638892350253, -7.13142871973e-05, -0.0026556160301], [-6.20423525106e-05, 0.000478116096929, -0.00044534142944, 0.000865106645506, -0.000273418816505, 0.0013246841263, -0.00510680675507, 0.0124718239531, -0.00102273724042, -0.00148364482448, 0.000856634345837, 0.00130228465423, -0.00241481466219], [-0.00012875853281, 0.00021416299569, 0.000175401539309, -0.00205149175599, -0.00104589411058, 0.00155250413809, 0.000202334136702, -0.00102273724042, 0.00849825888872, -0.00158879475202, -0.000541263725609, 0.00103680964094, 0.000140908712638], [0.000256588391494, 6.14854943706e-05, 0.00103618542198, 0.00270578893833, -0.00259514688514, 0.00176440074574, 3.41162376571e-05, -0.00148364482448, -0.00158879475202, 0.0131967011839, -0.00253706728108, -0.0011137133697, 0.00254108919762], [-0.000102928941487, -0.000340677303029, -0.000333277799655, 0.000667259271722, 0.00252848491073, -0.00376359792426, -0.000638892350253, 0.000856634345837, -0.000541263725609, -0.00253706728108, 0.0148716671392, -0.0018883504672, -0.00196907529607], [2.99239145534e-05, -0.00104823091533, -0.000660969060846, 0.000425143749453, -0.000981341465376, 0.00274956575595, -7.13142871973e-05, 0.00130228465423, 0.00103680964094, -0.0011137133697, -0.0018883504672, 0.0154551910236, -0.00560748763382], [7.92070422904e-05, 0.00051266187802, 8.63167369971e-05, -0.00216731475666, -0.000759788206778, 0.00156079768203, -0.0026556160301, -0.00241481466219, 0.000140908712638, 0.00254108919762, -0.00196907529607, -0.00560748763382, 0.0151624651626]]
    spectral_contrast:
        mean: [2.27234039585e-07, -2.71253128403e-07, 6.50452989248e-08, -4.37487699401e-07, 1.53230715227e-07, -3.29263684762e-07, 1.5796616708e-06, -7.84563454204e-08, -5.96232723638e-07, 3.65570531358e-06, -9.81951870926e-07, -3.57184308086e-06]
        var: [0.0007609029999, 0.00106354465242, 0.00237900041975, 0.00266692019068, 0.00451678503305, 0.0176270436496, 0.0590810477734, 0.0872401893139, 0.146672174335, 0.311769962311, 0.752101123333, 2.51258635521]

rhythm:
    beats_loudness:
        dmean: 0.00147019862197
        dmean2: 0.0025300886482
        dvar: 1.8210515691e-06
        dvar2: 4.84099655296e-06
        max: 0.00996658019722
        mean: 0.00507566379383
        min: 0.000624358013738
        var: 3.81160089091e-06
    beats_loudness_bass:
        dmean: 0.102159760892
        dmean2: 0.177618995309
        dvar: 0.0233421511948
        dvar2: 0.0654253810644
        max: 0.6247433424
        mean: 0.0899354442954
        min: 0.00208456604742
        var: 0.0175556018949
    bpm: 128.968460083
    bpm_confidence: 0
    first_peak_bpm: 128
    first_peak_spread: 0
    first_peak_weight: 0.950000047684
    onset_rate: 4.38639307022
    second_peak_bpm: 120
    second_peak_spread: 0
    second_peak_weight: 0.0500000007451
    beats_position: [0.189925596118, 0.657016158104, 1.12410664558, 1.59119713306, 2.05828785896, 2.52537846565, 2.99246883392, 3.45955920219, 3.92664957047, 4.39374017715, 4.86083030701, 5.3279209137, 5.79501104355, 6.29421043396, 6.75794935226, 7.22168827057, 7.68542718887, 8.14916610718, 8.61290550232, 9.07664394379, 9.54038238525]
    bpm_estimates: [128.625305176, 128.520782471, 128.883499146, 128.098007202, 128.195022583, 128.483093262, 128.575256348, 128.302490234, 128.412918091, 129.188644409, 129.172943115, 128.711837769, 129.288497925, 129.433609009, 131.597259521, 128.21446228, 129.142410278, 129.005767822, 129.397460938, 130.119934082]
    bpm_intervals: [0.467090547085, 0.46709048748, 0.46709048748, 0.467090725899, 0.467090606689, 0.467090368271, 0.467090368271, 0.467090368271, 0.467090606689, 0.467090129852, 0.467090606689, 0.467090129852, 0.499199390411, 0.463738918304, 0.463738918304, 0.463738918304, 0.463738918304, 0.463739395142, 0.463738441467, 0.463738441467]
    onset_times: [0.104489795864, 0.429569154978, 0.650158703327, 0.882358253002, 1.1261677742, 1.35836732388, 1.59056687355, 1.83437645435, 2.0549659729, 2.28716564178, 2.54258513451, 2.72834467888, 3.00698423386, 3.47138333321, 3.70358276367, 3.93578219414, 4.17959165573, 4.35374164581, 4.56272125244, 4.65560102463, 4.841360569, 4.88780021667, 5.25931978226, 5.35219955444, 5.53795909882, 5.8282084465, 6.00235843658, 6.29260778427, 6.44353723526, 6.53641700745, 6.7570066452, 7.01242637634, 7.22140598297, 7.46521520615, 7.6858048439, 7.94122457504, 8.16181373596, 8.38240337372, 8.62621307373, 8.84680271149, 9.0906124115, 9.32281208038, 9.52018165588, 9.79882049561]
    rubato_start: []
    rubato_stop: []
    perceptual_tempo: "unknown"

sfx:
    inharmonicity:
        dmean: 0.062447514385
        dmean2: 0.109109342098
        dvar: 0.00445994362235
        dvar2: 0.0127232149243
        max: 0.418348997831
        mean: 0.0651461482048
        min: 0
        var: 0.00459557864815
    oddtoevenharmonicenergyratio:
        dmean: 5.21057462692
        dmean2: 9.66349220276
        dvar: 330.669799805
        dvar2: 968.493408203
        max: 206.455108643
        mean: 3.43328595161
        min: 0
        var: 210.458343506
    pitch_after_max_to_before_max_energy_ratio: 1.1910046339
    pitch_centroid: 191.991943359
    pitch_max_to_total: 0.432558149099
    pitch_min_to_total: 0.137209296227
    tristimulus:
        dmean: [0.184485778213, 0.238879412413, 0.147026255727]
        dmean2: [0.32129445672, 0.424118727446, 0.264495879412]
        dvar: [0.0310460738838, 0.0442263148725, 0.0192697271705]
        dvar2: [0.0833391398191, 0.12453366071, 0.0457997024059]
        max: [1, 0.983106553555, 0.756079792976]
        mean: [0.314771264791, 0.489244371653, 0.1529083848]
        min: [0.0119684375823, 0, 0]
        var: [0.0521979033947, 0.0674495622516, 0.0251905992627]

tonal:
    chords_changes_rate: 0.106481485069
    chords_number_rate: 0.037037037313
    chords_strength:
        dmean: 0.0166940782219
        dmean2: 0.0181299652904
        dvar: 0.000184005722986
        dvar2: 0.000308546936139
        max: 0.683449268341
        mean: 0.522308528423
        min: 0.270042389631
        var: 0.00621238723397
    key_strength: 0.681808292866
    tuning_diatonic_strength: 0.6566619277
    tuning_equal_tempered_deviation: 0.142807126045
    tuning_frequency: 450.805023193
    tuning_nontempered_energy_ratio: 0.819889068604
    hpcp:
        dmean: [0.145601809025, 0.168142810464, 0.207623362541, 0.204439863563, 0.170358434319, 0.171642392874, 0.201756745577, 0.202810913324, 0.14244030416, 0.13729596138, 0.176414698362, 0.183402091265, 0.199650347233, 0.159225955606, 0.122208714485, 0.136088475585, 0.184182345867, 0.179233938456, 0.194150790572, 0.184256464243, 0.166989400983, 0.180768027902, 0.214359268546, 0.235724061728, 0.239117756486, 0.234104529023, 0.211307510734, 0.199670761824, 0.177526161075, 0.149485394359, 0.130921795964, 0.118666365743, 0.124736882746, 0.148410856724, 0.141921654344, 0.130492702127]
        dmean2: [0.249123036861, 0.296436280012, 0.359567314386, 0.337088227272, 0.288470089436, 0.297104656696, 0.339142918587, 0.351845771074, 0.245400860906, 0.230068489909, 0.30912822485, 0.315369695425, 0.333732813597, 0.26991173625, 0.21156218648, 0.235288739204, 0.326204240322, 0.309285134077, 0.328402191401, 0.317064762115, 0.288499623537, 0.305185526609, 0.363890439272, 0.413091421127, 0.414984434843, 0.4249792099, 0.370646476746, 0.333130657673, 0.293728142977, 0.257731020451, 0.22529502213, 0.203882128, 0.218471437693, 0.253797084093, 0.243675902486, 0.222599059343]
        dvar: [0.0366447791457, 0.0425459444523, 0.0506372861564, 0.0561864003539, 0.0322722494602, 0.0384603627026, 0.0484528727829, 0.0518566220999, 0.0316683836281, 0.0249244719744, 0.0378657467663, 0.0403100140393, 0.0520800314844, 0.0384140536189, 0.0244068596512, 0.0268682353199, 0.0535723678768, 0.0516444370151, 0.0488436706364, 0.0474382117391, 0.0471181869507, 0.0429992675781, 0.0589272938669, 0.0612592957914, 0.0715959072113, 0.0787814036012, 0.0519084446132, 0.0434464775026, 0.0360052548349, 0.036163020879, 0.0294927600771, 0.0218279454857, 0.0217824056745, 0.0325263924897, 0.0346546806395, 0.0310982186347]
        dvar2: [0.0952112078667, 0.106712266803, 0.127585113049, 0.138373732567, 0.0900900065899, 0.103781364858, 0.132632121444, 0.137967213988, 0.0806782320142, 0.0649304464459, 0.102878451347, 0.0965351462364, 0.140507683158, 0.109283752739, 0.0644146874547, 0.0705468952656, 0.15454262495, 0.124774575233, 0.129501610994, 0.136275857687, 0.122543372214, 0.106415808201, 0.142568051815, 0.144575729966, 0.176779538393, 0.194574177265, 0.150988146663, 0.111260950565, 0.0959516242146, 0.0964584499598, 0.0809234604239, 0.0593099743128, 0.0612405762076, 0.0932556018233, 0.0973198637366, 0.0825863927603]
        max: [1, 1, 1, 1, 1, 1, 1, 1, 1, 1, 1, 1, 1, 1, 0.799108922482, 0.873118877411, 1, 1, 1, 1, 1, 1, 1, 1, 1, 1, 1, 1, 1, 1, 1, 1, 1, 1, 1, 1]
        mean: [0.151792153716, 0.173125132918, 0.269091457129, 0.30957069993, 0.230277597904, 0.214383721352, 0.266378492117, 0.253445059061, 0.186412721872, 0.171732902527, 0.201461493969, 0.285435140133, 0.341261595488, 0.234050095081, 0.131210595369, 0.138503447175, 0.18424962461, 0.232475340366, 0.229997634888, 0.196969389915, 0.190552338958, 0.195501223207, 0.238389283419, 0.303814262152, 0.307338833809, 0.251335889101, 0.253957599401, 0.294360607862, 0.230998411775, 0.16428565979, 0.143442735076, 0.126367688179, 0.149168998003, 0.182406902313, 0.165583699942, 0.143802374601]
        min: [0.000989420688711, 0.0045580775477, 0.00207821256481, 0.00341643439606, 0.00110432528891, 0.00423542875797, 0.00206174259074, 0.00451493170112, 0.003130776342, 0.00328705576248, 0.00187838007696, 0.00602923193946, 0.00700993323699, 0.00336236064322, 0.000735858397093, 0.000306161411572, 0.00131748837885, 0.00200855289586, 0.000885901157744, 0.000836770865135, 0.000438220478827, 0.000247763557127, 0.00191453227308, 0.00436501158401, 0.0026335825678, 0.00490040518343, 0.00401914305985, 0.00200775824487, 0.00211167451926, 0.00288128177635, 0.000958356133197, 0.000469875405543, 0.00271935714409, 0.00235841539688, 0.00213565165177, 0.00143957242835]
        var: [0.0384498275816, 0.0424097031355, 0.0657166540623, 0.0954484418035, 0.0470842383802, 0.0519386939704, 0.0706114247441, 0.0730401873589, 0.0393876545131, 0.0321479663253, 0.040948368609, 0.0608465895057, 0.100324362516, 0.0542436651886, 0.0250512510538, 0.0305883809924, 0.0542656928301, 0.0720947906375, 0.0701403990388, 0.0526337102056, 0.0531422682106, 0.0552941560745, 0.0725375637412, 0.0885879844427, 0.0911662951112, 0.0797789096832, 0.0613754279912, 0.0853309184313, 0.0486090630293, 0.0413365140557, 0.0294175408781, 0.022045886144, 0.0253617148846, 0.0389560684562, 0.0381039306521, 0.0363759323955]
    chords_histogram: [30.0925922394, 6.48148155212, 6.94444465637, 0, 0, 0, 19.4444446564, 0, 16.6666660309, 0, 5.55555534363, 9.25925922394, 0, 0, 0, 0, 0, 0.925925910473, 0, 0, 0, 0, 0.462962955236, 4.16666650772]
    thpcp: [1, 0.685837805271, 0.384486854076, 0.405857115984, 0.53990727663, 0.681223273277, 0.673962831497, 0.577180087566, 0.558376133442, 0.572877883911, 0.698552906513, 0.890267968178, 0.900596022606, 0.736490428448, 0.744172811508, 0.862565875053, 0.676895439625, 0.481406807899, 0.420330733061, 0.370295673609, 0.437110424042, 0.534507572651, 0.485210478306, 0.421384572983, 0.444797068834, 0.507309138775, 0.788519620895, 0.907136082649, 0.674783229828, 0.628209352493, 0.780569791794, 0.742670893669, 0.54624581337, 0.503229498863, 0.590343296528, 0.83641153574]
    chords_key: "F#"
    chords_scale: "major"
    key_key: "F#"
    key_scale: "major"
    chords_progression: ["D#", "D#", "D#", "D#", "D#", "D#", "D#", "D#", "D#", "D#", "D#", "D#", "D#", "D#", "D#", "D#", "D#", "D#", "D#", "D#", "D#", "D#", "D#", "D#", "D#", "D#", "D#", "D#", "D#", "D#", "D#", "D#", "D#", "D#", "D#", "D#", "D#", "D#", "D#", "D#", "D#", "D#", "D#m", "D#m", "D#m", "D#m", "D#m", "D#m", "D#m", "D#m", "D#m", "A#", "A#", "A#", "A#", "A#", "A#", "A#", "A#", "A#", "A#", "A#", "A#", "A#", "B", "F", "F", "F", "F", "F", "F", "F", "F", "F", "F", "A#m", "F", "F", "A#m", "A#m", "A#m", "A#m", "Am", "Am", "Am", "Am", "Am", "Am", "Am", "Am", "Am", "Am", "Am", "Am", "Am", "Am", "Am", "Am", "Am", "Am", "Am", "Am", "A#", "A#", "A#", "A#", "A#", "A#", "A#", "A#", "A#", "A#", "A#", "A#", "A#", "A#", "A#", "A#", "A#", "A#", "A#", "A#", "A#", "A#", "A#", "F#", "A#m", "A#m", "A#m", "A#m", "A#m", "A#m", "F#", "A#m", "A#m", "F#", "A#m", "F#", "F#", "F#", "F#", "F#", "F#", "F#", "F#", "F#", "F#", "F#", "F#", "F#", "F#", "F#", "F#", "F#", "F#", "F#", "F#", "F#", "F#", "F#", "F#", "F#", "F#", "F#", "F#", "F#", "F#", "F#", "F#", "F#", "F#", "F#", "F#", "F#", "F#", "F#", "F#", "F#", "F#m", "F#m", "F#", "F#", "F#", "F#", "F#", "F#", "F#", "F#", "F#", "F#", "F#", "F#", "F#", "F#", "F#", "F#", "F#", "F#", "F#", "C#", "F#", "C#", "F#", "C#", "C#", "C#", "C#", "C#", "C#", "C#", "C#", "C#", "C#", "C#", "C#", "C#"]
