
metadata:
    version:
        essentia: "1.2.2"
    audio_properties:
        analysis_sample_rate: 44100
        bitrate: 128
        channels: 2
        equal_loudness: 1
        length: 10.0571432114
        replay_gain: -4.59289360046
        downmix: "mix"
    tags:
        track: 10
        year: 0
        album: "Splitted by Mp3Splt v. 2.1"
        artist: "From 001.30 To 001.40"
        comment: "http://mp3splt.sf.net"
        genre: ""
        title: "03 Slow Dancing.mp3"

highlevel:
    ballroom:
        all:
            ChaChaCha: 0.0132958125323
            Jive: 0.00350141432136
            Quickstep: 0.0586730912328
            Rumba-American: 0.0191698055714
            Rumba-International: 0.0675421059132
            Rumba-Misc: 0.143539309502
            Samba: 0.00751534523442
            Tango: 0.166186004877
            VienneseWaltz: 0.0526144504547
            Waltz: 0.467962652445
        probability: 0.467962652445
        value: "Waltz"
    culture:
        all:
            non_western: 0.996848285198
            western: 0.00315173715353
        probability: 0.996848285198
        value: "non_western"
    gender:
        all:
            female: 0.385504364967
            male: 0.614495635033
        probability: 0.614495635033
        value: "male"
    genre_dortmund:
        all:
            alternative: 0.0646708458662
            blues: 0.042043235153
            electronic: 0.206269338727
            folkcountry: 0.130560368299
            funksoulrnb: 0.0675568506122
            jazz: 0.2830491364
            pop: 0.0782601386309
            raphiphop: 0.0328262336552
            rock: 0.0947638526559
        probability: 0.2830491364
        value: "jazz"
    genre_electronica:
        all:
            ambient: 0.948074638844
            dnb: 0.0129337757826
            house: 0.0300697013736
            techno: 0.00386568089016
            trance: 0.0050561837852
        probability: 0.948074638844
        value: "ambient"
    genre_rosamerica:
        all:
            cla: 0.560869455338
            dan: 0.0184136796743
            hip: 0.0570337548852
            jaz: 0.139832854271
            pop: 0.0578175857663
            rhy: 0.0780872404575
            roc: 0.0181565582752
            spe: 0.0697888657451
        probability: 0.560869455338
        value: "cla"
    genre_tzanetakis:
        all:
            blu: 0.12109670043
            cla: 0.21261510253
            cou: 0.0741650313139
            dis: 0.0361389704049
            hip: 0.0391704253852
            jaz: 0.107065983117
            met: 0.00868446473032
            pop: 0.117863826454
            reg: 0.200614541769
            roc: 0.0825849473476
        probability: 0.21261510253
        value: "cla"
    live_studio:
        all:
            live: 0.301021933556
            studio: 0.698978066444
        probability: 0.698978066444
        value: "studio"
    mood:
        all:
            Cluster1: 0.054460849613
            Cluster2: 0.262010425329
            Cluster3: 0.394312977791
            Cluster4: 0.205677464604
            Cluster5: 0.0835382863879
        probability: 0.394312977791
        value: "Cluster3"
    mood_acoustic:
        all:
            acoustic: 0.669768452644
            not_acoustic: 0.330231517553
        probability: 0.669768452644
        value: "acoustic"
    mood_aggressive:
        all:
            aggressive: 0.017247589305
            not_aggressive: 0.982752382755
        probability: 0.982752382755
        value: "not_aggressive"
    mood_electronic:
        all:
            electronic: 0.385500997305
            not_electronic: 0.614498972893
        probability: 0.614498972893
        value: "not_electronic"
    mood_happy:
        all:
            happy: 0.0377292074263
            not_happy: 0.962270796299
        probability: 0.962270796299
        value: "not_happy"
    mood_party:
        all:
            not_party: 0.857311666012
            party: 0.142688319087
        probability: 0.857311666012
        value: "not_party"
    mood_relaxed:
        all:
            not_relaxed: 0.12219145149
            relaxed: 0.877808570862
        probability: 0.877808570862
        value: "relaxed"
    mood_sad:
        all:
            not_sad: 0.25484919548
            sad: 0.74515080452
        probability: 0.74515080452
        value: "sad"
    rhythm:
        all:
            fast: 0.018508978188
            medium: 0.330700755119
            slow: 0.650790274143
        probability: 0.650790274143
        value: "slow"
    speech_music:
        all:
            music: 0.52927339077
            speech: 0.47072660923
        probability: 0.52927339077
        value: "music"
    timbre:
        all:
            bright: 0.328819125891
            dark: 0.671180903912
        probability: 0.671180903912
        value: "dark"
    voice_instrumental:
        all:
            instrumental: 0.419399380684
            voice: 0.580600619316
        probability: 0.580600619316
        value: "voice"

lowlevel:
    average_loudness: 0.441208124161
    barkbands_kurtosis:
        dmean: 2.60289001465
        dmean2: 4.29543876648
        dvar: 10.8532361984
        dvar2: 27.0773639679
        max: 33.5710372925
        mean: 7.40152788162
        min: -1.91255807877
        var: 34.5214538574
    barkbands_skewness:
        dmean: 0.423640668392
        dmean2: 0.670262038708
        dvar: 0.208005279303
        dvar2: 0.46105247736
        max: 4.87063694
        mean: 1.86679148674
        min: -4.96028327942
        var: 1.29682826996
    barkbands_spread:
        dmean: 2.55775690079
        dmean2: 4.16260766983
        dvar: 33.99559021
        dvar2: 72.9189376831
        max: 66.5798416138
        mean: 9.46055412292
        min: 1.64135086536
        var: 104.35243988
    dissonance:
        dmean: 0.0353634394705
        dmean2: 0.0587856732309
        dvar: 0.000993920024484
        dvar2: 0.00257876492105
        max: 0.499997586012
        mean: 0.381354570389
        min: 0.0404471829534
        var: 0.00391463888809
    hfc:
        dmean: 0.763205289841
        dmean2: 1.01086962223
        dvar: 8.44180011749
        dvar2: 13.7905769348
        max: 58.3077812195
        mean: 2.58906149864
        min: 2.28058561333e-05
        var: 42.5408859253
    pitch:
        dmean: 110.394454956
        dmean2: 209.656723022
        dvar: 254200.765625
        dvar2: 497337.34375
        max: 4900
        mean: 410.924530029
        min: 76.8292694092
        var: 910650.125
    pitch_instantaneous_confidence:
        dmean: 0.0731691494584
        dmean2: 0.116507515311
        dvar: 0.00443215295672
        dvar2: 0.011694105342
        max: 0.846728444099
        mean: 0.529007613659
        min: 0.117954909801
        var: 0.0170899443328
    pitch_salience:
        dmean: 0.0575717128813
        dmean2: 0.0928499177098
        dvar: 0.00286885583773
        dvar2: 0.00770604563877
        max: 0.970583617687
        mean: 0.574933052063
        min: 0.313959032297
        var: 0.0088314069435
    silence_rate_20dB:
        dmean: 0
        dmean2: 0
        dvar: 0
        dvar2: 0
        max: 1
        mean: 1
        min: 1
        var: 0
    silence_rate_30dB:
        dmean: 0
        dmean2: 0
        dvar: 0
        dvar2: 0
        max: 1
        mean: 1
        min: 1
        var: 0
    silence_rate_60dB:
        dmean: 0.0415704399347
        dmean2: 0.0833333358169
        dvar: 0.0398423075676
        dvar2: 0.0902769416571
        max: 1
        mean: 0.686635971069
        min: 0
        var: 0.215167701244
    spectral_centroid:
        dmean: 98.800453186
        dmean2: 144.929351807
        dvar: 52393.2304688
        dvar2: 69310.765625
        max: 4722.54199219
        mean: 651.502868652
        min: 225.997146606
        var: 374618.34375
    spectral_complexity:
        dmean: 0.935034811497
        dmean2: 1.4906976223
        dvar: 1.40645027161
        dvar2: 2.70572805405
        max: 22
        mean: 5.28935194016
        min: 0
        var: 22.8213729858
    spectral_crest:
        dmean: 2.00845646858
        dmean2: 3.30496692657
        dvar: 3.64343714714
        dvar2: 11.2574768066
        max: 19.0852928162
        mean: 10.5089921951
        min: 3.72611093521
        var: 8.92838954926
    spectral_decrease:
        dmean: 1.68063812866e-10
        dmean2: 2.27153781895e-10
        dvar: 1.24834517905e-19
        dvar2: 1.753254157e-19
        max: -9.97711214725e-15
        mean: -7.16098069731e-10
        min: -9.8113748237e-09
        var: 1.20077621922e-18
    spectral_energy:
        dmean: 0.000700356147718
        dmean2: 0.000938718265388
        dvar: 2.27795453611e-06
        dvar2: 3.21576317219e-06
        max: 0.0409564301372
        mean: 0.00293755251914
        min: 3.97244726003e-08
        var: 2.09013851418e-05
    spectral_energyband_high:
        dmean: 7.82694041845e-05
        dmean2: 0.00010821865726
        dvar: 2.71539761343e-07
        dvar2: 5.01861848079e-07
        max: 0.0116369100288
        mean: 0.000147129103425
        min: 3.7120434504e-10
        var: 9.94168544821e-07
    spectral_energyband_low:
        dmean: 2.93326465908e-05
        dmean2: 4.38851384388e-05
        dvar: 4.08466105384e-09
        dvar2: 8.52821102626e-09
        max: 0.000713307817932
        mean: 6.11107607256e-05
        min: 6.00760940994e-10
        var: 1.2423567064e-08
    spectral_energyband_middle_high:
        dmean: 0.000169380029547
        dmean2: 0.000216063010157
        dvar: 5.15607382567e-07
        dvar2: 6.70683505177e-07
        max: 0.01873774454
        mean: 0.00059343414614
        min: 4.71412553438e-09
        var: 3.25646533383e-06
    spectral_energyband_middle_low:
        dmean: 0.000517630483955
        dmean2: 0.000738318834919
        dvar: 8.28094641747e-07
        dvar2: 1.44835257743e-06
        max: 0.0216776840389
        mean: 0.00213588122278
        min: 3.36673657841e-08
        var: 8.54679456097e-06
    spectral_flatness_db:
        dmean: 0.0207487344742
        dmean2: 0.0324001461267
        dvar: 0.000467615551315
        dvar2: 0.00102588557638
        max: 0.397151470184
        mean: 0.26172888279
        min: 0.110598728061
        var: 0.00369571428746
    spectral_flux:
        dmean: 0.00406745681539
        dmean2: 0.00619624648243
        dvar: 3.1203700928e-05
        dvar2: 6.81543824612e-05
        max: 0.100209027529
        mean: 0.0172033812851
        min: 0.000382678204915
        var: 0.000219579655095
    spectral_kurtosis:
        dmean: 6.00429153442
        dmean2: 10.1754608154
        dvar: 64.9264755249
        dvar2: 178.488830566
        max: 88.7447814941
        mean: 19.0382652283
        min: 0.111352682114
        var: 343.516387939
    spectral_rms:
        dmean: 0.000168509839568
        dmean2: 0.000233208076679
        dvar: 4.50017765274e-08
        dvar2: 7.57488152203e-08
        max: 0.00632119411603
        mean: 0.00133570295293
        min: 6.22539801043e-06
        var: 1.08180620373e-06
    spectral_rolloff:
        dmean: 204.740036011
        dmean2: 357.250518799
        dvar: 352226.375
        dvar2: 810206.1875
        max: 5749.36523438
        mean: 950.201721191
        min: 258.3984375
        var: 930452.8125
    spectral_skewness:
        dmean: 0.459248512983
        dmean2: 0.756019532681
        dvar: 0.280366003513
        dvar2: 0.720902562141
        max: 7.91737222672
        mean: 3.1794116497
        min: 0.0162164773792
        var: 2.35574769974
    spectral_spread:
        dmean: 459068.40625
        dmean2: 666112.375
        dvar: 646658785280
        dvar2: 817479811072
        max: 18112878
        mean: 3121282.75
        min: 705106.1875
        var: 2.42693649203e+12
    spectral_strongpeak:
        dmean: 0.156308710575
        dmean2: 0.241505205631
        dvar: 0.10027807951
        dvar2: 0.221384644508
        max: 3.84240913391
        mean: 0.438100963831
        min: 5.80500600336e-05
        var: 0.374888688326
    zerocrossingrate:
        dmean: 0.00490207178518
        dmean2: 0.00569472182542
        dvar: 8.1683137978e-05
        dvar2: 6.21707877144e-05
        max: 0.2197265625
        mean: 0.0374507196248
        min: 0.001953125
        var: 0.000896653393283
    barkbands:
        dmean: [9.77217240461e-09, 7.52696632844e-06, 2.67236991931e-05, 6.08815062151e-05, 0.000191647544852, 0.000168478989508, 0.000202679337235, 0.000111617526272, 0.000134515124955, 1.88704998436e-05, 2.13593666558e-05, 9.0486893896e-05, 5.95389501541e-05, 3.94341759602e-06, 3.69188910554e-06, 2.39180735662e-06, 2.8749093417e-06, 1.44398418342e-05, 1.21389903143e-05, 4.36066475231e-05, 4.59193215647e-05, 1.04290957097e-05, 1.79816618129e-06, 8.77126353771e-07, 2.10974192782e-07, 7.49080975027e-09, 1.81194947935e-10]
        dmean2: [1.57686450564e-08, 1.31374581542e-05, 4.01495126425e-05, 0.000100095785456, 0.000317443395033, 0.000283371628029, 0.000284585577901, 0.000158747337991, 0.000170477767824, 2.80550120806e-05, 3.37424535246e-05, 0.000120819349831, 7.63676289353e-05, 4.79687696497e-06, 6.21938352197e-06, 3.59884575118e-06, 4.71355497211e-06, 2.08720593946e-05, 1.64324501384e-05, 6.09354065091e-05, 6.61587764625e-05, 1.75295372173e-05, 2.06662298297e-06, 1.04952255242e-06, 3.14415416369e-07, 1.18174483532e-08, 3.10056064157e-10]
        dvar: [1.63562347988e-15, 3.55283164e-10, 3.65451779949e-09, 1.62983422314e-08, 1.14302054044e-07, 9.2470600066e-08, 1.78781874638e-07, 5.18155935936e-08, 4.02136123512e-07, 1.22315935158e-09, 2.38151165455e-09, 1.45513482153e-07, 1.61276929589e-07, 2.39658209944e-10, 1.28355923112e-10, 2.79578270257e-11, 4.12631318003e-11, 3.39557915119e-09, 1.32100030914e-09, 4.91090297317e-08, 1.12061393054e-07, 4.37681846321e-09, 1.78963524555e-10, 2.93464696988e-11, 1.32682753673e-12, 1.29268429762e-15, 2.88143454998e-19]
        dvar2: [3.28691622226e-15, 1.1068801431e-09, 7.91607224215e-09, 4.54830129115e-08, 3.77072979063e-07, 2.5191505415e-07, 3.88905590398e-07, 1.17518780485e-07, 4.86257363264e-07, 2.39010522485e-09, 6.53760512392e-09, 2.88908722723e-07, 2.75631492741e-07, 2.99753694089e-10, 3.61109586677e-10, 5.82963052831e-11, 9.83207265604e-11, 6.13984019182e-09, 1.96088256743e-09, 1.06533313726e-07, 2.1447883114e-07, 9.50424805524e-09, 2.55749504907e-10, 3.83610608556e-11, 2.33578217532e-12, 3.48300350252e-15, 7.08260733295e-19]
        max: [5.72794476739e-07, 0.000161834250321, 0.0006672013551, 0.00157808698714, 0.0031996043399, 0.00370571366511, 0.00737399235368, 0.00416444521397, 0.0158891268075, 0.000537524465472, 0.000633426010609, 0.00780380982906, 0.00915063265711, 0.000449593935627, 0.000185394615983, 6.9951878686e-05, 7.907012332e-05, 0.00128915929236, 0.000821768364403, 0.00465847365558, 0.00679921172559, 0.00158329354599, 0.000313749158522, 0.000140233067214, 2.58754844253e-05, 5.0310552524e-07, 6.06610406351e-09]
        mean: [1.02054107387e-08, 1.27326702568e-05, 4.83690091642e-05, 0.000104962324258, 0.000516678963322, 0.000324412743794, 0.000495536252856, 0.000347855442669, 0.000344210071489, 4.89173762617e-05, 4.75172200822e-05, 0.000241796456976, 0.000112649606308, 1.01401956272e-05, 7.60127977628e-06, 5.49096466784e-06, 5.33467346031e-06, 4.10071625083e-05, 3.78113545594e-05, 8.02011709311e-05, 8.07758478913e-05, 1.82190979103e-05, 3.31086448568e-06, 1.61786738317e-06, 3.86716607181e-07, 1.09372146895e-08, 1.69635097635e-10]
        min: [2.38659488222e-13, 1.94478988469e-10, 4.02073041528e-10, 1.00748520637e-09, 4.99704810863e-09, 8.07236233413e-09, 8.3851148247e-09, 6.07815797693e-09, 4.66692906542e-09, 2.59325694252e-09, 1.29132138316e-09, 5.50932577337e-10, 1.00452868246e-10, 2.04700909001e-10, 3.09194163328e-11, 2.59005872305e-11, 6.78157391354e-11, 6.75460173905e-11, 2.15795589731e-10, 1.66893290854e-10, 1.22057822183e-10, 2.94399574163e-11, 1.71247790254e-11, 1.58786352122e-11, 1.61950869382e-11, 3.81190391752e-12, 3.49073903091e-15]
        var: [1.93224457125e-15, 6.12859929472e-10, 8.8058085268e-09, 3.26588036614e-08, 4.77613866678e-07, 3.1596650274e-07, 8.28556323995e-07, 4.06929586916e-07, 2.14361421058e-06, 7.51924300602e-09, 1.0782873261e-08, 7.12733879027e-07, 4.41347594915e-07, 1.68243807774e-09, 3.12506631683e-10, 9.40861902277e-11, 8.34497193569e-11, 2.1583185017e-08, 9.29057009103e-09, 1.12834406707e-07, 3.71553085188e-07, 1.38663160953e-08, 5.95783644641e-10, 1.2611159339e-10, 4.79602729059e-12, 1.61738558998e-15, 3.13298844606e-19]
    mfcc:
        mean: [-882.61126709, 180.421646118, -19.6870574951, 32.5850067139, -42.9246673584, -23.2987957001, -10.4155836105, -12.42786026, -15.8529472351, -9.63078117371, -8.57497406006, -7.53408241272, -5.40355539322]
        cov: [[16960.5761719, -3651.86694336, -268.562866211, 1284.76062012, -322.380615234, 242.348022461, 729.270874023, 409.147003174, -735.565551758, -137.952087402, 93.1794433594, 489.567352295, 431.641540527], [-3651.86694336, 2101.25756836, -450.256011963, -655.926757812, 89.2282485962, -331.743835449, -220.372589111, 2.06719613075, -32.6546478271, 26.8745765686, 39.748249054, -111.425842285, -68.6495819092], [-268.562866211, -450.256011963, 657.225585938, 392.092773438, -33.4551582336, 218.199584961, 102.749267578, -8.76417255402, 177.04699707, 24.4751548767, -67.8878250122, 74.5132598877, -6.24319076538], [1284.76062012, -655.926757812, 392.092773438, 783.344421387, 193.55430603, 352.016906738, 234.904067993, 65.7410430908, 150.846130371, 72.0619735718, 24.6159973145, 111.43460083, 23.3501167297], [-322.380615234, 89.2282485962, -33.4551582336, 193.55430603, 321.542205811, 148.644775391, 35.7883605957, 12.7420549393, 104.847061157, 81.5189971924, 75.2624969482, 6.26755046844, -12.0450773239], [242.348022461, -331.743835449, 218.199584961, 352.016906738, 148.644775391, 351.149139404, 139.992385864, -6.26611566544, 149.033706665, 115.403556824, 85.6548538208, 48.8690719604, -9.63143920898], [729.270874023, -220.372589111, 102.749267578, 234.904067993, 35.7883605957, 139.992385864, 213.343307495, 68.5331039429, 9.60634994507, 31.7453193665, 64.5896148682, 57.0867500305, 20.8957042694], [409.147003174, 2.06719613075, -8.76417255402, 65.7410430908, 12.7420549393, -6.26611566544, 68.5331039429, 96.4010009766, -24.7545433044, -9.5381937027, 10.7715511322, 22.0590305328, 15.3662796021], [-735.565551758, -32.6546478271, 177.04699707, 150.846130371, 104.847061157, 149.033706665, 9.60634994507, -24.7545433044, 194.640319824, 67.8282852173, 7.94286727905, 12.7552165985, -21.2003879547], [-137.952087402, 26.8745765686, 24.4751548767, 72.0619735718, 81.5189971924, 115.403556824, 31.7453193665, -9.5381937027, 67.8282852173, 119.557540894, 59.1056137085, 8.0890007019, -12.6494636536], [93.1794433594, 39.748249054, -67.8878250122, 24.6159973145, 75.2624969482, 85.6548538208, 64.5896148682, 10.7715511322, 7.94286727905, 59.1056137085, 136.208297729, 9.4566860199, -3.55634999275], [489.567352295, -111.425842285, 74.5132598877, 111.43460083, 6.26755046844, 48.8690719604, 57.0867500305, 22.0590305328, 12.7552165985, 8.0890007019, 9.4566860199, 75.7089996338, 26.5331630707], [431.641540527, -68.6495819092, -6.24319076538, 23.3501167297, -12.0450773239, -9.63143920898, 20.8957042694, 15.3662796021, -21.2003879547, -12.6494636536, -3.55634999275, 26.5331630707, 48.099773407]]
        icov: [[0.000276384875178, 0.000405859813327, 0.00050427892711, -0.000392607063986, 0.000271317665465, -6.73604154144e-05, 0.000140737713082, -0.000495754007716, 0.000912142917514, -0.000381001940696, 3.87651271012e-05, -0.000930067209993, -0.00067549617961], [0.000405859813327, 0.00149234209675, 0.000750306120608, 0.000145919591887, -0.000281151937088, 0.000822964357212, 0.000184883960173, -0.00132726854645, 0.000840456457809, -0.00117766857147, -0.000140315227327, -0.00160002370831, -0.000114609378215], [0.00050427892711, 0.000750306120608, 0.00496745342389, -0.00203619617969, 0.00264269765466, -0.00109435524791, -0.000442244345322, -0.000296803220408, -0.00133698002901, -4.61769086542e-05, 0.00207214197144, -0.00326028396375, 0.000258587184362], [-0.000392607063986, 0.000145919591887, -0.00203619617969, 0.00551487039775, -0.00311014917679, -0.00194969470613, -0.0021706726402, -0.000899691483937, -0.000924361054786, 0.000778903369792, 0.00203862180933, -0.000504608440679, 0.00107764964923], [0.000271317665465, -0.000281151937088, 0.00264269765466, -0.00311014917679, 0.00727670639753, -0.00139219558332, 0.00188008416444, -0.00139316625427, -0.00196098675951, -0.000630503578577, -0.00179432844743, 6.990723341e-05, -0.00101279746741], [-6.73604154144e-05, 0.000822964357212, -0.00109435524791, -0.00194969470613, -0.00139219558332, 0.0124486675486, -0.00363932573237, 0.00372322672047, -0.00387441460043, -0.00439188908786, -0.00385727873072, 0.000304560031509, 0.00180324644316], [0.000140737713082, 0.000184883960173, -0.000442244345322, -0.0021706726402, 0.00188008416444, -0.00363932573237, 0.0133218467236, -0.0070640090853, 0.00293361581862, 0.00027590742684, -0.00466626603156, -0.00219533871859, -0.00155970233027], [-0.000495754007716, -0.00132726854645, -0.000296803220408, -0.000899691483937, -0.00139316625427, 0.00372322672047, -0.0070640090853, 0.0181889683008, -0.00106090481859, 0.00134676625021, 0.000531846075319, 0.000482296396513, 0.000267262425041], [0.000912142917514, 0.000840456457809, -0.00133698002901, -0.000924361054786, -0.00196098675951, -0.00387441460043, 0.00293361581862, -0.00106090481859, 0.0157627090812, -0.00379031780176, 0.00177697336767, -0.00335343694314, -0.000981131801382], [-0.000381001940696, -0.00117766857147, -4.61769086542e-05, 0.000778903369792, -0.000630503578577, -0.00439188908786, 0.00027590742684, 0.00134676625021, -0.00379031780176, 0.0165345817804, -0.00363350170664, 0.000594312557951, 0.00184794398956], [3.87651271012e-05, -0.000140315227327, 0.00207214197144, 0.00203862180933, -0.00179432844743, -0.00385727873072, -0.00466626603156, 0.000531846075319, 0.00177697336767, -0.00363350170664, 0.0152375372127, -0.00176310888492, 0.00129355071113], [-0.000930067209993, -0.00160002370831, -0.00326028396375, -0.000504608440679, 6.990723341e-05, 0.000304560031509, -0.00219533871859, 0.000482296396513, -0.00335343694314, 0.000594312557951, -0.00176310888492, 0.0260233208537, -0.00904468819499], [-0.00067549617961, -0.000114609378215, 0.000258587184362, 0.00107764964923, -0.00101279746741, 0.00180324644316, -0.00155970233027, 0.000267262425041, -0.000981131801382, 0.00184794398956, 0.00129355071113, -0.00904468819499, 0.0320369079709]]
    spectral_contrast:
        mean: [1.9569846188e-07, 1.57596161898e-07, -1.87100980042e-07, -6.32437036074e-08, 2.75016105888e-07, -2.7622337484e-07, 8.39225151594e-08, 1.53123232849e-06, -6.4295750235e-07, -3.29343265548e-06, -5.33385673407e-06, 7.15255737305e-07]
        var: [0.000359984114766, 0.000783700495958, 0.00113759364467, 0.00205031526275, 0.00567843299359, 0.00788802094758, 0.0509901978076, 0.0954511165619, 0.170330777764, 0.665418624878, 0.739586174488, 8.07284641266]

rhythm:
    beats_loudness:
        dmean: 0.00530218007043
        dmean2: 0.0109245795757
        dvar: 0.00010513952293
        dvar2: 0.000303460750729
        max: 0.038250695914
        mean: 0.00431547872722
        min: 3.94691924157e-05
        var: 6.86207058607e-05
    beats_loudness_bass:
        dmean: 0.11014918983
        dmean2: 0.187201723456
        dvar: 0.0225454140455
        dvar2: 0.0628865212202
        max: 0.6583314538
        mean: 0.118299923837
        min: 0.000661508238409
        var: 0.0271211825311
    bpm: 101.825088501
    bpm_confidence: 0
    first_peak_bpm: 162
    first_peak_spread: 0
    first_peak_weight: 0.5
    onset_rate: 1.78977274895
    second_peak_bpm: 102
    second_peak_spread: 0
    second_peak_weight: 0.449999988079
    beats_position: [0.173870638013, 0.763125896454, 1.35238111019, 1.94163632393, 2.53089165688, 3.12014651299, 3.70940184593, 4.29865694046, 4.88791227341, 5.47716760635, 5.98166704178, 6.35284137726, 6.72401571274, 7.09519052505, 7.46636486053, 7.83753871918, 8.20871257782, 8.57988834381, 8.95106220245, 9.3222360611, 9.69341087341]
    bpm_estimates: [101.417350769, 102.232826233]
    bpm_intervals: [0.589255273342, 0.589255213737, 0.589255213737, 0.589255332947, 0.58925485611, 0.589255332947, 0.589255094528, 0.589255332947, 0.589255332947, 0.504499435425, 0.37117433548, 0.37117433548, 0.371174812317, 0.37117433548, 0.371173858643, 0.371173858643, 0.371175765991, 0.371173858643, 0.371173858643, 0.371174812317]
    onset_times: [0.0696598663926, 0.406349211931, 0.719818592072, 1.34675741196, 1.53251695633, 1.84598636627, 2.5890250206, 2.80961441994, 3.03020405769, 3.14630389214, 3.22757363319, 4.06349229813, 4.35374164581, 4.69043064117, 4.85297060013, 8.25469398499, 8.60299301147, 9.86848068237]
    rubato_start: [6.35284137726]
    rubato_stop: [9.69341087341]
    perceptual_tempo: "unknown"

sfx:
    inharmonicity:
        dmean: 0.0398142300546
        dmean2: 0.0696499943733
        dvar: 0.00321527034976
        dvar2: 0.00871166028082
        max: 0.377960532904
        mean: 0.038548707962
        min: 0
        var: 0.00359133444726
    oddtoevenharmonicenergyratio:
        dmean: 16.1607685089
        dmean2: 31.5919742584
        dvar: 7146.81152344
        dvar2: 21318.4238281
        max: 870.543579102
        mean: 9.06278419495
        min: 0
        var: 3676.64648438
    pitch_after_max_to_before_max_energy_ratio: 10.2709913254
    pitch_centroid: 203.260482788
    pitch_max_to_total: 0.00694444449618
    pitch_min_to_total: 0.418981492519
    tristimulus:
        dmean: [0.247701257467, 0.261344701052, 0.052482560277]
        dmean2: [0.435797035694, 0.463582515717, 0.0942464396358]
        dvar: [0.0501066297293, 0.059040389955, 0.0067275678739]
        dvar2: [0.132531195879, 0.155722752213, 0.0156857594848]
        max: [1, 0.984961390495, 0.913017332554]
        mean: [0.472186863422, 0.443222016096, 0.0588339008391]
        min: [0.00129923829809, 0, 0]
        var: [0.0903722792864, 0.0957114249468, 0.0134918279946]

tonal:
    chords_changes_rate: 0.0368663594127
    chords_number_rate: 0.0230414755642
    chords_strength:
        dmean: 0.0076086721383
        dmean2: 0.00559131009504
        dvar: 4.71341336379e-05
        dvar2: 2.85276146315e-05
        max: 0.56242531538
        mean: 0.474789559841
        min: 0.283076405525
        var: 0.0029671525117
    key_strength: 0.726694047451
    tuning_diatonic_strength: 0.521159410477
    tuning_equal_tempered_deviation: 0.283517539501
    tuning_frequency: 452.631469727
    tuning_nontempered_energy_ratio: 0.99323964119
    hpcp:
        dmean: [0.0608444139361, 0.0670161396265, 0.0805529430509, 0.106840580702, 0.128509745002, 0.113331504166, 0.0517628416419, 0.053913552314, 0.0643779560924, 0.0985837578773, 0.0840924456716, 0.115820549428, 0.0695953518152, 0.0474623255432, 0.0589916221797, 0.0808541476727, 0.095136448741, 0.0686947181821, 0.0973172336817, 0.0775535106659, 0.0779436901212, 0.0619598962367, 0.0557924322784, 0.0569638572633, 0.0878325998783, 0.135472506285, 0.0929033309221, 0.0481696166098, 0.041551463306, 0.0450924001634, 0.0711279064417, 0.0740069970489, 0.0522376485169, 0.0195502862334, 0.0312219653279, 0.0431222394109]
        dmean2: [0.105236887932, 0.109235718846, 0.135584175587, 0.174402192235, 0.202470198274, 0.186519742012, 0.085809096694, 0.0855767801404, 0.105977416039, 0.155863761902, 0.127805992961, 0.181361377239, 0.111132957041, 0.0722898244858, 0.10102853924, 0.13772778213, 0.158150851727, 0.112555652857, 0.170724049211, 0.132698073983, 0.132049307227, 0.106568351388, 0.0918079912663, 0.0914191752672, 0.141279563308, 0.222262024879, 0.15377227962, 0.0890920311213, 0.0708236768842, 0.0754550248384, 0.118185080588, 0.120860293508, 0.0851010531187, 0.0346601828933, 0.0584293939173, 0.0794827863574]
        dvar: [0.0147031564265, 0.0149427689612, 0.0338794030249, 0.0269903279841, 0.0461042374372, 0.0318215750158, 0.0161430407315, 0.0188828110695, 0.0195236522704, 0.0226120594889, 0.0197315420955, 0.023124948144, 0.01378088817, 0.00706047518179, 0.0132540203631, 0.0144820287824, 0.0206581968814, 0.012867947109, 0.0286904331297, 0.0221851468086, 0.0193895436823, 0.0178680047393, 0.0150762749836, 0.0154168717563, 0.0185415651649, 0.0390896499157, 0.0242363456637, 0.0230763126165, 0.0159175749868, 0.0133656868711, 0.0142794316635, 0.0158253628761, 0.00730358855799, 0.00222357199527, 0.0136846918613, 0.0093249278143]
        dvar2: [0.0332658775151, 0.0364201255143, 0.0832363292575, 0.0722392424941, 0.0920798704028, 0.0854974463582, 0.0398055836558, 0.0431014224887, 0.042337782681, 0.0554802455008, 0.0414437539876, 0.0492367595434, 0.0260761864483, 0.0144428992644, 0.0361065715551, 0.0381857082248, 0.053678907454, 0.0322661884129, 0.0854741483927, 0.0538833476603, 0.0521922148764, 0.0423605330288, 0.0328183546662, 0.0375521853566, 0.0424284115434, 0.0979653522372, 0.0586113035679, 0.0686259418726, 0.0401049666107, 0.0259920991957, 0.039094273001, 0.0332154855132, 0.01891076006, 0.00588877266273, 0.0318408086896, 0.0246124081314]
        max: [1, 1, 1, 1, 1, 1, 1, 1, 1, 1, 1, 1, 1, 0.719063222408, 1, 0.781332850456, 1, 1, 1, 1, 0.990435123444, 1, 1, 1, 1, 1, 1, 1, 1, 1, 1, 1, 0.573318064213, 0.281294167042, 1, 0.879899501801]
        mean: [0.109988711774, 0.116007126868, 0.0802894458175, 0.232666268945, 0.376444429159, 0.208145052195, 0.0562818050385, 0.0563939511776, 0.0614619366825, 0.22604124248, 0.4121286273, 0.287405192852, 0.107911236584, 0.0651685148478, 0.0531313791871, 0.15768891573, 0.239756658673, 0.138247743249, 0.13793836534, 0.223007306457, 0.148599281907, 0.0912646204233, 0.0876899734139, 0.0692216828465, 0.184435412288, 0.280456274748, 0.157322183251, 0.0447173044086, 0.0367999635637, 0.0508469827473, 0.126773372293, 0.156955897808, 0.0743589252234, 0.0218988042325, 0.0305881705135, 0.0557669140399]
        min: [6.50794900139e-05, 1.89354832401e-05, 2.94682649837e-05, 0.000263997208094, 0.000335415708832, 0.00035891571315, 3.31444425683e-05, 0, 0, 0.000180132803507, 0.000213466439163, 0.000519066001289, 0.000265970971668, 0.000105700812128, 4.52775711892e-05, 0.00011943354184, 0.000298794650007, 0.000297418213449, 0.000137375478516, 8.26635150588e-05, 0.000137773648021, 7.51094703446e-05, 1.09053808046e-05, 0, 0.000248037686106, 0.000574286212213, 0.000492015678901, 6.40417638351e-05, 2.15153818317e-07, 0.000232482343563, 0.000391513895011, 0.00157813110854, 0.00053025840316, 0.000147185608512, 0.000109514701762, 1.93011655938e-05]
        var: [0.0408344939351, 0.0437370054424, 0.0326553583145, 0.071207255125, 0.171096429229, 0.0571012981236, 0.0198620278388, 0.0242548845708, 0.0249012652785, 0.0717169865966, 0.173732429743, 0.0942647382617, 0.0417577549815, 0.0176751241088, 0.0134461214766, 0.040784265846, 0.0987179502845, 0.030529409647, 0.0493778809905, 0.114275455475, 0.049214206636, 0.0429235696793, 0.0405321605504, 0.0247476287186, 0.0434909015894, 0.0910997465253, 0.038494233042, 0.0196935161948, 0.0151513842866, 0.0216459259391, 0.0409245416522, 0.0542461946607, 0.0109261730686, 0.00206926232204, 0.0123228067532, 0.0140083804727]
    chords_histogram: [36.4055290222, 5.99078321457, 29.0322589874, 17.0506916046, 0, 0, 0, 0, 0, 0, 0, 0, 0, 0, 0, 0, 0, 0, 0, 0, 0, 0, 0, 11.520737648]
    thpcp: [1, 0.697367727757, 0.26183873415, 0.15812663734, 0.128919407725, 0.382620632648, 0.581752002239, 0.335448056459, 0.334697365761, 0.541110932827, 0.360565304756, 0.221446931362, 0.212773308158, 0.167961359024, 0.44751906395, 0.680506646633, 0.381730794907, 0.10850327462, 0.089292421937, 0.123376488686, 0.307606339455, 0.380842030048, 0.180426493287, 0.0531358495355, 0.0742199569941, 0.13531434536, 0.266879558563, 0.281482815742, 0.194816470146, 0.564547717571, 0.913414895535, 0.505048751831, 0.136563688517, 0.136835798621, 0.149132892489, 0.548472583294]
    chords_key: "A#"
    chords_scale: "major"
    key_key: "A#"
    key_scale: "major"
    chords_progression: ["A#", "A#", "A#", "A#", "A#", "A#", "Gm", "Gm", "Gm", "Gm", "Gm", "Gm", "Gm", "Gm", "Gm", "A#", "A#", "A#", "A#", "A#", "A#", "A#", "A#", "Gm", "Gm", "Gm", "Gm", "Gm", "Gm", "Gm", "Gm", "Gm", "Gm", "Gm", "Gm", "Gm", "Gm", "Gm", "Gm", "F", "F", "F", "F", "F", "F", "F", "F", "F", "F", "Am", "Am", "Am", "Am", "Am", "Am", "Am", "Am", "Am", "Am", "Am", "Am", "Am", "Am", "Am", "Am", "Am", "Am", "Am", "Am", "Am", "Am", "Am", "Am", "Am", "Am", "Am", "Am", "Am", "Am", "Am", "Am", "Am", "Am", "Am", "Am", "Am", "Dm", "Dm", "Dm", "Dm", "Dm", "Dm", "Dm", "Dm", "Dm", "Dm", "Dm", "Dm", "Dm", "A#", "A#", "A#", "A#", "A#", "A#", "A#", "A#", "A#", "A#", "A#", "A#", "A#", "A#", "A#", "A#", "A#", "A#", "A#", "A#", "A#", "A#", "A#", "A#", "A#", "A#", "A#", "A#", "A#", "A#", "A#", "A#", "A#", "A#", "A#", "A#", "A#", "A#", "A#", "A#", "A#", "A#", "A#", "A#", "A#", "A#", "A#", "A#", "A#", "A#", "A#", "A#", "A#", "A#", "A#", "A#", "A#", "A#", "A#", "A#", "A#", "A#", "A#", "A#", "A#", "F", "F", "F", "F", "F", "F", "F", "F", "F", "F", "F", "F", "F", "F", "F", "F", "F", "F", "F", "F", "F", "F", "F", "F", "F", "F", "F", "F", "F", "F", "F", "F", "F", "F", "F", "F", "F", "F", "F", "F", "F", "F", "F", "F", "F", "F", "F", "F", "F", "F", "F", "F", "F"]
