
metadata:
    version:
        essentia: "1.2.2"
    audio_properties:
        analysis_sample_rate: 44100
        bitrate: 128
        channels: 2
        equal_loudness: 1
        length: 10.0310201645
        replay_gain: -15.3300495148
        downmix: "mix"
    tags:
        track: 2
        year: 0
        album: "Splitted by Mp3Splt v. 2.1"
        artist: "From 000.10 To 000.20"
        comment: "http://mp3splt.sf.net"
        genre: ""
        title: "05 White Palms.mp3"

highlevel:
    ballroom:
        all:
            ChaChaCha: 0.0236213933676
            Jive: 0.229713767767
            Quickstep: 0.023992465809
            Rumba-American: 0.0105192502961
            Rumba-International: 0.404793828726
            Rumba-Misc: 0.0295881405473
            Samba: 0.0807334631681
            Tango: 0.0201780386269
            VienneseWaltz: 0.132062107325
            Waltz: 0.0447975471616
        probability: 0.404793828726
        value: "Rumba-International"
    culture:
        all:
            non_western: 0.164914801717
            western: 0.835085213184
        probability: 0.835085213184
        value: "western"
    gender:
        all:
            female: 0.758417785168
            male: 0.241582229733
        probability: 0.758417785168
        value: "female"
    genre_dortmund:
        all:
            alternative: 0.297720193863
            blues: 0.0120841208845
            electronic: 0.0283939912915
            folkcountry: 0.027643006295
            funksoulrnb: 0.00366835389286
            jazz: 0.0217584520578
            pop: 0.0166550241411
            raphiphop: 0.000540625595022
            rock: 0.591536223888
        probability: 0.591536223888
        value: "rock"
    genre_electronica:
        all:
            ambient: 0.40655630827
            dnb: 0.103809811175
            house: 0.00932596903294
            techno: 0.0193131510168
            trance: 0.460994750261
        probability: 0.460994750261
        value: "trance"
    genre_rosamerica:
        all:
            cla: 0.0677207484841
            dan: 0.0222544688731
            hip: 0.00519621744752
            jaz: 0.0272809993476
            pop: 0.0117323230952
            rhy: 0.0119512407109
            roc: 0.851173400879
            spe: 0.00269058998674
        probability: 0.851173400879
        value: "roc"
    genre_tzanetakis:
        all:
            blu: 0.0717283934355
            cla: 0.066106185317
            cou: 0.101245887578
            dis: 0.0299807693809
            hip: 0.0258785206825
            jaz: 0.169577568769
            met: 0.206505075097
            pop: 0.0497248955071
            reg: 0.0498741753399
            roc: 0.229378536344
        probability: 0.229378536344
        value: "roc"
    live_studio:
        all:
            live: 0.871098697186
            studio: 0.128901287913
        probability: 0.871098697186
        value: "live"
    mood:
        all:
            Cluster1: 0.305575639009
            Cluster2: 0.0212114620954
            Cluster3: 0.0216266755015
            Cluster4: 0.0146000115201
            Cluster5: 0.636986196041
        probability: 0.636986196041
        value: "Cluster5"
    mood_acoustic:
        all:
            acoustic: 0.0519350171089
            not_acoustic: 0.948064982891
        probability: 0.948064982891
        value: "not_acoustic"
    mood_aggressive:
        all:
            aggressive: 0.958989679813
            not_aggressive: 0.041010312736
        probability: 0.958989679813
        value: "aggressive"
    mood_electronic:
        all:
            electronic: 0.852689981461
            not_electronic: 0.147310048342
        probability: 0.852689981461
        value: "electronic"
    mood_happy:
        all:
            happy: 0.446673721075
            not_happy: 0.553326249123
        probability: 0.553326249123
        value: "not_happy"
    mood_party:
        all:
            not_party: 0.836690604687
            party: 0.163309365511
        probability: 0.836690604687
        value: "not_party"
    mood_relaxed:
        all:
            not_relaxed: 0.37427520752
            relaxed: 0.62572479248
        probability: 0.62572479248
        value: "relaxed"
    mood_sad:
        all:
            not_sad: 0.43941783905
            sad: 0.56058216095
        probability: 0.56058216095
        value: "sad"
    rhythm:
        all:
            fast: 0.045396104455
            medium: 0.341264396906
            slow: 0.613339483738
        probability: 0.613339483738
        value: "slow"
    speech_music:
        all:
            music: 0.999307990074
            speech: 0.00069202366285
        probability: 0.999307990074
        value: "music"
    timbre:
        all:
            bright: 0.100442953408
            dark: 0.899557054043
        probability: 0.899557054043
        value: "dark"
    voice_instrumental:
        all:
            instrumental: 0.825899541378
            voice: 0.174100443721
        probability: 0.825899541378
        value: "instrumental"

lowlevel:
    average_loudness: 0.968911826611
    barkbands_kurtosis:
        dmean: 1.01373851299
        dmean2: 1.63179576397
        dvar: 1.55556678772
        dvar2: 3.11598443985
        max: 9.34582424164
        mean: 0.126809164882
        min: -1.83526718616
        var: 4.39788961411
    barkbands_skewness:
        dmean: 0.396472394466
        dmean2: 0.611080348492
        dvar: 0.123206540942
        dvar2: 0.245224550366
        max: 2.94191527367
        mean: 0.768446683884
        min: -1.83178651333
        var: 1.02569103241
    barkbands_spread:
        dmean: 4.49539709091
        dmean2: 7.25237751007
        dvar: 17.1807594299
        dvar2: 37.1321182251
        max: 44.8377151489
        mean: 27.8693027496
        min: 8.76905345917
        var: 55.0707244873
    dissonance:
        dmean: 0.0103514268994
        dmean2: 0.0177095495164
        dvar: 7.89609839558e-05
        dvar2: 0.000208344412385
        max: 0.5
        mean: 0.481883227825
        min: 0.424329996109
        var: 0.000117981173389
    hfc:
        dmean: 1.42030155659
        dmean2: 2.09657049179
        dvar: 2.25915288925
        dvar2: 4.67130708694
        max: 18.8791599274
        mean: 5.78927755356
        min: 1.66259324551
        var: 6.95369434357
    pitch:
        dmean: 950.387695312
        dmean2: 1857.87451172
        dvar: 1409041.5
        dvar2: 3224906.75
        max: 3392.30761719
        mean: 1310.62133789
        min: 59.1152801514
        var: 1636464.375
    pitch_instantaneous_confidence:
        dmean: 0.0791256949306
        dmean2: 0.127232164145
        dvar: 0.00449613761157
        dvar2: 0.0109954318032
        max: 0.822820782661
        mean: 0.388893842697
        min: 0.142372906208
        var: 0.0182551648468
    pitch_salience:
        dmean: 0.0559616796672
        dmean2: 0.0883920490742
        dvar: 0.00222152215429
        dvar2: 0.00589613616467
        max: 0.791715860367
        mean: 0.618500351906
        min: 0.258697718382
        var: 0.0058833155781
    silence_rate_20dB:
        dmean: 0
        dmean2: 0
        dvar: 0
        dvar2: 0
        max: 1
        mean: 1
        min: 1
        var: 0
    silence_rate_30dB:
        dmean: 0
        dmean2: 0
        dvar: 0
        dvar2: 0
        max: 1
        mean: 1
        min: 1
        var: 0
    silence_rate_60dB:
        dmean: 0.0719257518649
        dmean2: 0.1441860497
        dvar: 0.0667519941926
        dvar2: 0.151303827763
        max: 1
        mean: 0.145833328366
        min: 0
        var: 0.124565549195
    spectral_centroid:
        dmean: 168.221740723
        dmean2: 258.317352295
        dvar: 25363.0527344
        dvar2: 49882.4570312
        max: 2424.17602539
        mean: 1069.0246582
        min: 293.051605225
        var: 266099.9375
    spectral_complexity:
        dmean: 2.91608381271
        dmean2: 4.68457937241
        dvar: 7.12582874298
        dvar2: 16.5991439819
        max: 30
        mean: 13
        min: 4
        var: 14.5162792206
    spectral_crest:
        dmean: 2.14057326317
        dmean2: 3.5449359417
        dvar: 4.60404729843
        dvar2: 10.9235429764
        max: 22.7836837769
        mean: 9.1952753067
        min: 3.6181769371
        var: 10.9406557083
    spectral_decrease:
        dmean: 2.82711493105e-10
        dmean2: 4.47195280806e-10
        dvar: 6.92117398913e-20
        dvar2: 1.77785541315e-19
        max: -3.34609673303e-10
        mean: -1.46254153233e-09
        min: -3.79590225918e-09
        var: 3.51708898802e-19
    spectral_energy:
        dmean: 0.00115094403736
        dmean2: 0.00181478238665
        dvar: 1.12749603431e-06
        dvar2: 2.82903806692e-06
        max: 0.0153478058055
        mean: 0.00604507466778
        min: 0.00145143235568
        var: 5.31539490112e-06
    spectral_energyband_high:
        dmean: 3.90770328522e-05
        dmean2: 5.63633402635e-05
        dvar: 5.07441910713e-09
        dvar2: 1.20114904689e-08
        max: 0.000754435604904
        mean: 7.32267581043e-05
        min: 6.52251128486e-06
        var: 6.40901731686e-09
    spectral_energyband_low:
        dmean: 0.000397049298044
        dmean2: 0.000643776787911
        dvar: 2.09727474498e-07
        dvar2: 5.88940338275e-07
        max: 0.00415689498186
        mean: 0.00104006333277
        min: 2.32173462678e-07
        var: 9.83188328973e-07
    spectral_energyband_middle_high:
        dmean: 0.000497483124491
        dmean2: 0.000745615747292
        dvar: 2.62263938566e-07
        dvar2: 5.18379806635e-07
        max: 0.0060349823907
        mean: 0.00184245104901
        min: 0.000321113970131
        var: 9.33974092732e-07
    spectral_energyband_middle_low:
        dmean: 0.000938888697419
        dmean2: 0.00154979003128
        dvar: 1.12199961677e-06
        dvar2: 2.82583141598e-06
        max: 0.0122131435201
        mean: 0.00308929290622
        min: 0.000338024605298
        var: 3.70183170162e-06
    spectral_flatness_db:
        dmean: 0.0176459997892
        dmean2: 0.0245722923428
        dvar: 0.000219148292672
        dvar2: 0.000415289134253
        max: 0.273579657078
        mean: 0.189853832126
        min: 0.115977048874
        var: 0.000855183461681
    spectral_flux:
        dmean: 0.0074802627787
        dmean2: 0.011137762107
        dvar: 5.45314869669e-05
        dvar2: 0.000124448313727
        max: 0.101493567228
        mean: 0.036657396704
        min: 0.0134640196338
        var: 0.000135868933285
    spectral_kurtosis:
        dmean: 2.28025054932
        dmean2: 3.85370182991
        dvar: 3.66173124313
        dvar2: 11.1417293549
        max: 16.2953968048
        mean: 7.11924266815
        min: 2.5195941925
        var: 6.40160608292
    spectral_rms:
        dmean: 0.00022856835858
        dmean2: 0.000356253352948
        dvar: 3.74945230419e-08
        dvar2: 8.8618158145e-08
        max: 0.00386955658905
        mean: 0.00238065747544
        min: 0.00118997122627
        var: 2.3009985739e-07
    spectral_rolloff:
        dmean: 370.180114746
        dmean2: 634.72644043
        dvar: 246097.84375
        dvar2: 535705.5
        max: 3466.84570312
        mean: 2178.05883789
        min: 258.3984375
        var: 680874.6875
    spectral_skewness:
        dmean: 0.232904717326
        dmean2: 0.384298920631
        dvar: 0.0377714708447
        dvar2: 0.105960130692
        max: 2.98346495628
        mean: 1.787514925
        min: 0.873781502247
        var: 0.112208902836
    spectral_spread:
        dmean: 436277.28125
        dmean2: 564609.4375
        dvar: 201455337472
        dvar2: 348305948672
        max: 6709297
        mean: 3324652.75
        min: 2072177.5
        var: 654167900160
    spectral_strongpeak:
        dmean: 0.35828101635
        dmean2: 0.597116827965
        dvar: 0.563310623169
        dvar2: 1.32020223141
        max: 7.93749427795
        mean: 0.653050720692
        min: 0.050142314285
        var: 1.17039358616
    zerocrossingrate:
        dmean: 0.0065263514407
        dmean2: 0.00794483814389
        dvar: 3.05084431602e-05
        dvar2: 3.41766135534e-05
        max: 0.119140625
        mean: 0.0637059435248
        min: 0.02197265625
        var: 0.000484769960167
    barkbands:
        dmean: [1.39668983934e-07, 7.34671775717e-05, 0.000359771685908, 0.000321885949234, 0.000715255388059, 0.000226433461648, 0.000164684824995, 6.54718751321e-05, 4.050597272e-05, 3.08669586957e-05, 3.83584592782e-05, 4.26848200732e-05, 2.12500344787e-05, 2.94148849207e-05, 3.68960390915e-05, 0.000101635610918, 0.000309043971356, 0.000175920693437, 8.12383805169e-05, 3.74195296899e-05, 1.84159762284e-05, 6.52106473353e-06, 1.28969634261e-06, 4.81541633235e-07, 3.11722516244e-07, 4.14469809584e-08, 3.39406946992e-10]
        dmean2: [1.76159659304e-07, 0.000130491112941, 0.000576612364966, 0.000557244115043, 0.00118304661009, 0.000368031847756, 0.000249325006735, 0.000109334258013, 6.44842875772e-05, 5.09793135279e-05, 6.32014853181e-05, 6.95256603649e-05, 3.49146794179e-05, 4.91887913086e-05, 6.05124405411e-05, 0.000160078619956, 0.000483408337459, 0.000271671335213, 0.00012883337331, 5.79245534027e-05, 2.86654103547e-05, 9.74779959506e-06, 1.80781535164e-06, 6.85130601141e-07, 4.43278082685e-07, 5.91108459957e-08, 5.99448934935e-10]
        dvar: [3.03158323098e-12, 1.09845688101e-08, 1.78349480962e-07, 2.26766019296e-07, 1.00738736819e-06, 9.07942592221e-08, 3.88922778427e-08, 9.87071224756e-09, 1.93528881809e-09, 9.70987179549e-10, 1.63452951174e-09, 1.60792079651e-09, 4.4038769853e-10, 8.45507941438e-10, 1.01730635027e-09, 1.57113415611e-08, 1.24681918123e-07, 4.31416147251e-08, 7.98327182139e-09, 2.84409717999e-09, 1.59300916902e-09, 1.0343342155e-10, 5.65749357084e-12, 8.80929931866e-13, 3.92130582562e-13, 1.19650247826e-14, 2.95923631496e-19]
        dvar2: [3.06989199686e-12, 3.46899611259e-08, 4.92279355058e-07, 6.22566062702e-07, 2.39046494244e-06, 2.49589305668e-07, 1.00954920867e-07, 2.57472851928e-08, 4.82875028851e-09, 2.55927457005e-09, 4.00344601914e-09, 4.21195034406e-09, 1.16939635753e-09, 2.36455988123e-09, 2.68268052217e-09, 3.33810099562e-08, 2.82008812746e-07, 7.81019195983e-08, 2.00805203576e-08, 6.66798483095e-09, 4.02279853873e-09, 2.30241381516e-10, 1.21209925777e-11, 2.08478178297e-12, 9.11820207013e-13, 2.71834065538e-14, 7.28549198975e-19]
        max: [3.60744488717e-05, 0.000678606273141, 0.00394367426634, 0.0037984456867, 0.011150711216, 0.00269488012418, 0.00179581425618, 0.000879531027749, 0.000377733376808, 0.000269319018116, 0.000480339745991, 0.000328607507981, 0.00021277241467, 0.000210831844015, 0.000282354536466, 0.00151421991177, 0.00357804098167, 0.00354795157909, 0.000857781560626, 0.000515523308422, 0.000413107714849, 8.65418842295e-05, 3.17086960422e-05, 6.95235348758e-06, 6.62039701638e-06, 1.78715845323e-06, 7.67209762387e-09]
        mean: [1.44302305216e-07, 0.000103821075754, 0.0009361426346, 0.000510340556502, 0.00160977593623, 0.000455244939076, 0.000328749214532, 0.000105508399429, 6.99552911101e-05, 5.83120636293e-05, 7.45940196794e-05, 7.83148716437e-05, 4.12534245697e-05, 5.37015621376e-05, 7.57990346756e-05, 0.000181962255738, 0.000645442632958, 0.00041668934864, 0.000178482092451, 7.94038714957e-05, 2.72374127235e-05, 1.14482027129e-05, 1.70881867234e-06, 6.2007222823e-07, 3.83017010108e-07, 4.47013839278e-08, 3.02203817526e-10]
        min: [1.38363816932e-11, 6.17350437437e-08, 1.70280785028e-07, 5.29529913251e-08, 1.17642430268e-05, 2.32382590184e-05, 8.90737101145e-06, 8.98906705515e-07, 4.99148382005e-06, 3.00971260003e-06, 4.20845753979e-06, 3.98264728574e-06, 4.55576582681e-06, 5.35704157301e-06, 6.71592260915e-06, 1.44639907376e-05, 4.88903970108e-05, 2.88537594315e-05, 9.12362520467e-06, 2.97670476357e-06, 1.68933866007e-06, 7.75181035806e-07, 7.44505541661e-08, 2.22763034685e-08, 1.02440891325e-08, 4.68243943619e-10, 1.09926466801e-12]
        var: [3.02616634008e-12, 1.47591174837e-08, 8.76438491559e-07, 3.85287279414e-07, 2.66528513748e-06, 1.32222496063e-07, 8.48351859872e-08, 1.64236055866e-08, 3.06901792868e-09, 1.70168168445e-09, 2.94872282147e-09, 2.73465894374e-09, 7.32052030106e-10, 1.27938992733e-09, 1.90540805356e-09, 2.39204513974e-08, 3.00669881881e-07, 1.48066959582e-07, 1.62223479094e-08, 4.19868273482e-09, 1.5853732771e-09, 1.49123505211e-10, 7.81395694677e-12, 1.00429159346e-12, 4.63985620758e-13, 1.33058737029e-14, 2.96533547951e-19]
    mfcc:
        mean: [-722.668457031, 150.071411133, -62.5369033813, 64.714881897, -0.560359418392, -10.3323640823, -11.9890508652, -0.787758052349, -9.21879673004, -22.1404685974, -9.95973300934, -5.87108802795, -4.19017124176]
        cov: [[764.863952637, -300.879760742, 374.212188721, -7.82347345352, 56.1617088318, 65.6643066406, 26.4506549835, 8.46850585938, 84.063117981, 120.62411499, 37.0224456787, 51.5566825867, 4.07034254074], [-300.879760742, 608.910766602, 74.0334320068, 158.566360474, 80.3952407837, 76.9691162109, 58.8670692444, 61.1006736755, 58.0001716614, 44.6647071838, 48.4751358032, 17.9964790344, -5.52682828903], [374.212188721, 74.0334320068, 537.638793945, 48.1756706238, 160.09046936, 106.491943359, 76.0417251587, 65.6440963745, 98.7831954956, 141.810073853, 39.1600837708, 51.491733551, -25.1608314514], [-7.82347345352, 158.566360474, 48.1756706238, 139.168746948, 60.1034049988, 43.0426139832, 24.5821247101, 34.6064605713, 41.1849861145, 20.7682857513, 26.3098602295, 13.7782249451, -1.46957790852], [56.1617088318, 80.3952407837, 160.09046936, 60.1034049988, 119.108627319, 60.6124839783, 44.6638832092, 48.9123916626, 42.6131782532, 45.80859375, 12.7131299973, 15.7522773743, -7.36801099777], [65.6643066406, 76.9691162109, 106.491943359, 43.0426139832, 60.6124839783, 88.9847640991, 47.5695915222, 25.3167438507, 35.1448059082, 47.994342804, 14.5193443298, 6.20088911057, 1.43129885197], [26.4506549835, 58.8670692444, 76.0417251587, 24.5821247101, 44.6638832092, 47.5695915222, 67.3765029907, 41.2736816406, 28.520816803, 28.9120883942, 14.8968257904, 10.9625864029, -1.20082306862], [8.46850585938, 61.1006736755, 65.6440963745, 34.6064605713, 48.9123916626, 25.3167438507, 41.2736816406, 70.6311035156, 36.0859909058, 21.8497581482, 14.2113265991, 17.9783172607, -1.50775587559], [84.063117981, 58.0001716614, 98.7831954956, 41.1849861145, 42.6131782532, 35.1448059082, 28.520816803, 36.0859909058, 69.0403213501, 51.4053077698, 23.9095401764, 20.0612106323, 4.16226196289], [120.62411499, 44.6647071838, 141.810073853, 20.7682857513, 45.80859375, 47.994342804, 28.9120883942, 21.8497581482, 51.4053077698, 87.2985992432, 33.6400413513, 21.2615528107, 4.59662151337], [37.0224456787, 48.4751358032, 39.1600837708, 26.3098602295, 12.7131299973, 14.5193443298, 14.8968257904, 14.2113265991, 23.9095401764, 33.6400413513, 48.5352554321, 28.7421531677, 7.70090770721], [51.5566825867, 17.9964790344, 51.491733551, 13.7782249451, 15.7522773743, 6.20088911057, 10.9625864029, 17.9783172607, 20.0612106323, 21.2615528107, 28.7421531677, 49.1527137756, 17.2938766479], [4.07034254074, -5.52682828903, -25.1608314514, -1.46957790852, -7.36801099777, 1.43129885197, -1.20082306862, -1.50775587559, 4.16226196289, 4.59662151337, 7.70090770721, 17.2938766479, 35.952003479]]
        icov: [[0.00503708003089, 0.00373249780387, -0.00363525468856, -0.00249052513391, 0.00336842541583, -0.00244750035927, 0.000516267085914, 0.00124398514163, -0.00292375730351, -0.000782686227467, -0.0013007116504, -0.000982593861409, -0.000595401506871], [0.00373249780387, 0.00526319956407, -0.00250956951641, -0.00423173420131, 0.00268770474941, -0.00251228711568, -0.00020768129616, 0.000269304116955, -0.00186932168435, -0.000816005864181, -0.00209935894236, -0.000287359638605, 2.10857324419e-05], [-0.00363525468856, -0.00250956951641, 0.00837428774685, 0.00294511392713, -0.00702341319993, 0.00100849079899, -0.00112197373528, 0.000620431848802, 0.000734947505407, -0.00582648487762, 0.00449869874865, -0.00555135030299, 0.00688246544451], [-0.00249052513391, -0.00423173420131, 0.00294511392713, 0.0163751244545, -0.00775868725032, -0.00308900838718, 0.0038092515897, -0.000838357198518, -0.00567983975634, 0.00695652328432, -0.00601847236976, 0.00111781561282, 0.00150649377611], [0.00336842541583, 0.00268770474941, -0.00702341319993, -0.00775868725032, 0.0256283599883, -0.00799006223679, 0.000184235788765, -0.00773510104045, 0.000727450766135, -0.00162300071679, 0.0040916390717, -0.00137520919088, -4.0121103666e-05], [-0.00244750035927, -0.00251228711568, 0.00100849079899, -0.00308900838718, -0.00799006223679, 0.030939405784, -0.0160950012505, 0.00618977751583, 0.00220349268056, -0.00921595841646, 0.00376422447152, 0.00609836773947, -0.00549339270219], [0.000516267085914, -0.00020768129616, -0.00112197373528, 0.0038092515897, 0.000184235788765, -0.0160950012505, 0.0353751704097, -0.0157575979829, -0.000341981562087, 0.00340861245058, -0.00594895426184, 0.00138855644036, 0.000689476262778], [0.00124398514163, 0.000269304116955, 0.000620431848802, -0.000838357198518, -0.00773510104045, 0.00618977751583, -0.0157575979829, 0.0327439755201, -0.0120895849541, 0.00303933001123, 0.00170794618316, -0.00715965172276, 0.00340493884869], [-0.00292375730351, -0.00186932168435, 0.000734947505407, -0.00567983975634, 0.000727450766135, 0.00220349268056, -0.000341981562087, -0.0120895849541, 0.0388427302241, -0.0169553644955, 0.00280506326817, -0.00062807474751, -0.00275908154435], [-0.000782686227467, -0.000816005864181, -0.00582648487762, 0.00695652328432, -0.00162300071679, -0.00921595841646, 0.00340861245058, 0.00303933001123, -0.0169553644955, 0.0409156940877, -0.0204563979059, 0.00857863388956, -0.00656759692356], [-0.0013007116504, -0.00209935894236, 0.00449869874865, -0.00601847236976, 0.0040916390717, 0.00376422447152, -0.00594895426184, 0.00170794618316, 0.00280506326817, -0.0204563979059, 0.0492953620851, -0.0256952475756, 0.00738026434556], [-0.000982593861409, -0.000287359638605, -0.00555135030299, 0.00111781561282, -0.00137520919088, 0.00609836773947, 0.00138855644036, -0.00715965172276, -0.00062807474751, 0.00857863388956, -0.0256952475756, 0.0488219708204, -0.0235556904227], [-0.000595401506871, 2.10857324419e-05, 0.00688246544451, 0.00150649377611, -4.0121103666e-05, -0.00549339270219, 0.000689476262778, 0.00340493884869, -0.00275908154435, -0.00656759692356, 0.00738026434556, -0.0235556904227, 0.044049244374]]
    spectral_contrast:
        mean: [4.02448307568e-07, 4.06056628321e-08, 3.89266858747e-07, 2.77932656445e-07, -4.29712230243e-07, 1.9452946276e-07, 2.21633990805e-06, -2.30822456615e-06, 2.71568455901e-06, -1.00454622043e-06, 2.66183246822e-06, -2.04873643384e-07]
        var: [0.000226353819016, 0.000502471404616, 0.000654958072118, 0.000863352208398, 0.00167604873423, 0.00312251620926, 0.0318761430681, 0.0594691522419, 0.104727134109, 0.176666244864, 0.524187862873, 1.37167572975]

rhythm:
    beats_loudness:
        dmean: 0.000996014219709
        dmean2: 0.00159210909624
        dvar: 6.58825797473e-07
        dvar2: 1.48345532125e-06
        max: 0.00853440631181
        mean: 0.00606575096026
        min: 0.00267594237812
        var: 2.61444779426e-06
    beats_loudness_bass:
        dmean: 0.100197061896
        dmean2: 0.177469611168
        dvar: 0.00781856011599
        dvar2: 0.0247747022659
        max: 0.414920985699
        mean: 0.212088316679
        min: 0.000587177637499
        var: 0.018497530371
    bpm: 104.827766418
    bpm_confidence: 0
    first_peak_bpm: 105
    first_peak_spread: 0
    first_peak_weight: 0.5
    onset_rate: 3.28979492188
    second_peak_bpm: 150
    second_peak_spread: 0
    second_peak_weight: 0.449999988079
    beats_position: [0.202791154385, 0.775177598, 1.34756398201, 1.91995036602, 2.49233675003, 3.06472325325, 3.63710951805, 4.20949602127, 4.78188276291, 5.35426950455, 5.92665576935, 6.16666793823, 6.56783628464, 6.96900415421, 7.37017297745, 7.77134037018, 8.17250823975, 8.57367706299, 8.97484493256, 9.37601280212, 9.77718067169]
    bpm_estimates: [103.815948486, 105.00315094, 105.404251099, 105.087745667]
    bpm_intervals: [0.572386443615, 0.57238638401, 0.57238638401, 0.57238638401, 0.57238650322, 0.572386264801, 0.57238650322, 0.572386741638, 0.572386741638, 0.572386264801, 0.240012168884, 0.401168346405, 0.401167869568, 0.401168823242, 0.401167392731, 0.401167869568, 0.401168823242, 0.401167869568, 0.401167869568, 0.401167869568]
    onset_times: [0.0464399084449, 0.882358253002, 1.28870749474, 1.48607707024, 1.70666670799, 2.12462592125, 2.41487526894, 2.49614500999, 2.87927436829, 3.07664394379, 3.48299312592, 3.90095233917, 4.08671188354, 4.7020406723, 5.05034017563, 5.15482997894, 5.58439922333, 5.78176879883, 5.97913837433, 6.17650794983, 6.57124710083, 6.76861667633, 6.98920631409, 7.1517457962, 7.39555549622, 7.79029464722, 7.99927425385, 8.39401340485, 8.99773216248, 9.22993183136, 9.63628101349, 9.79882049561, 9.99619007111]
    rubato_start: [6.56783628464]
    rubato_stop: [9.77718067169]
    perceptual_tempo: "unknown"

sfx:
    inharmonicity:
        dmean: 0.0391107350588
        dmean2: 0.0683795064688
        dvar: 0.00200797314756
        dvar2: 0.00530426297337
        max: 0.281230807304
        mean: 0.0401142686605
        min: 0
        var: 0.00210139784031
    oddtoevenharmonicenergyratio:
        dmean: 5.43457794189
        dmean2: 10.1601295471
        dvar: 516.533081055
        dvar2: 1394.47167969
        max: 253.794036865
        mean: 3.56978225708
        min: 0
        var: 336.134307861
    pitch_after_max_to_before_max_energy_ratio: 0.123376183212
    pitch_centroid: 187.887390137
    pitch_max_to_total: 0.897674441338
    pitch_min_to_total: 0.732558131218
    tristimulus:
        dmean: [0.220059990883, 0.284015655518, 0.104957804084]
        dmean2: [0.388192147017, 0.513887345791, 0.190162599087]
        dvar: [0.0376699715853, 0.0622105933726, 0.0156608428806]
        dvar2: [0.095794506371, 0.169698268175, 0.0389752648771]
        max: [1, 0.997271776199, 0.687552928925]
        mean: [0.412836074829, 0.355343729258, 0.0853097811341]
        min: [0.00197622482665, 0, 0]
        var: [0.0534569881856, 0.0739768669009, 0.01461213734]

tonal:
    chords_changes_rate: 0.0324074067175
    chords_number_rate: 0.0138888889924
    chords_strength:
        dmean: 0.00659391656518
        dmean2: 0.00690631568432
        dvar: 2.98619834211e-05
        dvar2: 3.45734952134e-05
        max: 0.584296047688
        mean: 0.48383256793
        min: 0.412796795368
        var: 0.00155889021698
    key_strength: 0.760447919369
    tuning_diatonic_strength: 0.639543294907
    tuning_equal_tempered_deviation: 0.122148677707
    tuning_frequency: 447.949737549
    tuning_nontempered_energy_ratio: 0.78185915947
    hpcp:
        dmean: [0.0821459069848, 0.101757504046, 0.21968318522, 0.192204251885, 0.191620245576, 0.102890774608, 0.0577771216631, 0.0513494946063, 0.0841993838549, 0.0992325097322, 0.0696526691318, 0.0770184770226, 0.0935875400901, 0.11686886102, 0.116996437311, 0.126197978854, 0.152723789215, 0.163914829493, 0.125119805336, 0.0973244085908, 0.0603633746505, 0.0634136423469, 0.0825402215123, 0.144219830632, 0.155758023262, 0.101602375507, 0.0701965242624, 0.0461963824928, 0.0322673171759, 0.0450582280755, 0.0571340620518, 0.0708511918783, 0.136661633849, 0.147871285677, 0.111293546855, 0.0851936787367]
        dmean2: [0.149405136704, 0.186151444912, 0.368525236845, 0.317735612392, 0.296725749969, 0.185858219862, 0.100270785391, 0.0897297635674, 0.14366954565, 0.164383769035, 0.10891456902, 0.121849343181, 0.1663929075, 0.197186142206, 0.188758432865, 0.206087172031, 0.254082143307, 0.280529618263, 0.196259111166, 0.159359157085, 0.10216717422, 0.111003145576, 0.144908323884, 0.233866721392, 0.243621915579, 0.164424702525, 0.117959395051, 0.0752239227295, 0.0538130402565, 0.0774627700448, 0.0995126292109, 0.122488550842, 0.21480858326, 0.235502243042, 0.182611897588, 0.153483003378]
        dvar: [0.0281045027077, 0.0329420119524, 0.042578805238, 0.0640938729048, 0.0306822191924, 0.0264600515366, 0.0122791491449, 0.0133035397157, 0.015648720786, 0.0220543220639, 0.0149453738704, 0.0204723365605, 0.0385353974998, 0.0388201288879, 0.023254038766, 0.0311644785106, 0.0318446680903, 0.0399920977652, 0.0282466970384, 0.0238602701575, 0.00634701969102, 0.0122305369005, 0.0206712093204, 0.0260047018528, 0.0283449813724, 0.0198185630143, 0.0127679025754, 0.0059914230369, 0.00236302032135, 0.0105345584452, 0.0137384114787, 0.00959334149957, 0.0247516538948, 0.0434140302241, 0.0329082757235, 0.0212812703103]
        dvar2: [0.0784093812108, 0.0927205234766, 0.0945212617517, 0.127665802836, 0.0801102370024, 0.0713095590472, 0.0337134003639, 0.0390905588865, 0.0408538542688, 0.0600778982043, 0.0365144088864, 0.0396932885051, 0.0757638216019, 0.106777131557, 0.062066514045, 0.0871542617679, 0.0763944461942, 0.087661780417, 0.0591098219156, 0.0544641800225, 0.0179507564753, 0.0338773429394, 0.0606214590371, 0.0648527368903, 0.0633265525103, 0.0491225868464, 0.0311231017113, 0.0126746213064, 0.00633411528543, 0.0303770471364, 0.0405617207289, 0.0278330501169, 0.0547631122172, 0.0821232572198, 0.0733652710915, 0.0618268214166]
        max: [1, 1, 1, 1, 1, 0.787625610828, 0.77022087574, 1, 0.782053053379, 1, 1, 1, 1, 1, 0.973639309406, 1, 0.928547680378, 1, 1, 1, 0.44287353754, 1, 1, 1, 1, 1, 0.883533239365, 0.758426368237, 0.375320822001, 1, 0.948626935482, 0.647433996201, 1, 1, 1, 1]
        mean: [0.0734124779701, 0.0933561399579, 0.407034128904, 0.642252981663, 0.349087834358, 0.0885378718376, 0.0583288148046, 0.0572976768017, 0.114394336939, 0.142868235707, 0.091109931469, 0.0952363461256, 0.134959205985, 0.137359887362, 0.17057095468, 0.177053943276, 0.222476273775, 0.270977675915, 0.22367811203, 0.145834133029, 0.0742569044232, 0.0736059248447, 0.103160507977, 0.267490714788, 0.329508244991, 0.171524062753, 0.0920552834868, 0.0640144795179, 0.0417005829513, 0.0524822808802, 0.0636753663421, 0.0959681645036, 0.21845369041, 0.258617252111, 0.152677848935, 0.0860626846552]
        min: [0.0022515153978, 0.00228994060308, 0.00710419518873, 0.0158664640039, 0.0107827708125, 0.00190833362285, 0.00168565323111, 0.00278180232272, 0.00359009462409, 0.00569897238165, 0.00344779412262, 0.00114678114187, 0.00213521742262, 0.00287579884753, 0.0118333362043, 0.0130659956485, 0.0154065163806, 0.01024542097, 0.00616211909801, 0.00500532332808, 0.00492367893457, 0.00380653631873, 0.00253933807835, 0.0151243209839, 0.017536258325, 0.00886889733374, 0.00173373857979, 0.00154745997861, 0.00214812695049, 0.00245930673555, 0.00275201583281, 0.00318226311356, 0.00527887046337, 0.00428904267028, 0.00175565446261, 0.00180906883907]
        var: [0.0189083088189, 0.0225086100399, 0.082358635962, 0.143921926618, 0.0616426505148, 0.0196698084474, 0.00988627038896, 0.00933632068336, 0.0184565708041, 0.0265131238848, 0.0158560276031, 0.0310228448361, 0.0683297142386, 0.0399166978896, 0.0326720811427, 0.0339843146503, 0.0517000108957, 0.0818210542202, 0.0653434619308, 0.0406965501606, 0.0067430944182, 0.00966819282621, 0.0152024943382, 0.0648528859019, 0.0894324406981, 0.0250589530915, 0.0193973146379, 0.0110537996516, 0.00222244136967, 0.00743292504922, 0.0107799880207, 0.0109859546646, 0.0509331002831, 0.0866895616055, 0.053781747818, 0.0174008030444]
    chords_histogram: [0, 0, 89.351852417, 5.55555534363, 0, 0, 0, 0, 0, 0, 0, 0, 0, 0, 0, 0, 0, 0, 0, 0, 0, 0, 5.09259271622, 0]
    thpcp: [1, 0.543536365032, 0.137855142355, 0.0908190608025, 0.089213564992, 0.178114145994, 0.222448542714, 0.141859874129, 0.1482847929, 0.210134029388, 0.21387194097, 0.265582203865, 0.275676339865, 0.346399754286, 0.4219173491, 0.348271042109, 0.227066487074, 0.115619398654, 0.114605814219, 0.16062285006, 0.416488081217, 0.513050556183, 0.267066210508, 0.143331810832, 0.0996717512608, 0.0649285912514, 0.0817159041762, 0.099143743515, 0.149424239993, 0.340136528015, 0.402671933174, 0.237722292542, 0.134001225233, 0.114304609597, 0.145357266068, 0.633759796619]
    chords_key: "A#"
    chords_scale: "major"
    key_key: "D#"
    key_scale: "major"
    chords_progression: ["A#", "A#", "A#", "A#", "A#", "A#", "A#", "A#", "A#", "A#", "A#", "A#", "A#", "A#", "A#", "A#", "A#", "A#", "A#", "A#", "A#", "A#", "A#", "A#", "A#", "A#", "A#", "A#", "A#", "A#", "A#", "A#", "A#", "A#", "A#", "A#", "A#", "A#", "A#", "A#", "A#", "A#", "A#", "A#", "A#", "A#", "A#", "A#", "A#", "A#", "A#", "A#", "A#", "A#", "A#", "A#", "A#", "A#", "A#", "A#", "A#", "A#", "A#", "A#", "A#", "A#", "A#", "A#", "A#", "A#", "A#", "A#", "A#", "A#", "A#", "A#", "A#", "A#", "A#", "A#", "A#", "A#", "A#", "A#", "A#", "A#", "A#", "A#", "A#", "Dm", "Dm", "A#", "A#", "A#", "A#", "A#", "A#", "A#", "A#", "A#", "A#", "A#", "A#", "A#", "A#", "A#", "A#", "A#", "Dm", "Dm", "Dm", "Dm", "Dm", "Dm", "A#", "A#", "A#", "A#", "A#", "A#", "A#", "A#", "Dm", "Dm", "Dm", "Dm", "A#", "A#", "A#", "A#", "A#", "A#", "A#", "A#", "A#", "A#", "A#", "A#", "A#", "A#", "A#", "A#", "A#", "A#", "A#", "A#", "A#", "A#", "A#", "A#", "A#", "A#", "A#", "A#", "A#", "A#", "A#", "A#", "A#", "A#", "A#", "A#", "A#", "A#", "A#", "A#", "A#", "A#", "A#", "A#", "A#", "A#", "A#", "A#", "A#", "A#", "A#", "A#", "A#", "A#", "A#", "A#", "A#", "A#", "A#", "A#", "A#", "A#", "A#", "A#", "A#", "A#", "A#", "A#", "A#", "A#", "A#", "A#", "A#", "A#", "A#", "A#", "A#", "A#", "A#", "G#", "G#", "G#", "G#", "G#", "G#", "G#", "G#", "G#", "G#", "G#"]
