
metadata:
    version:
        essentia: "1.2.2"
    audio_properties:
        analysis_sample_rate: 44100
        bitrate: 128
        channels: 2
        equal_loudness: 1
        length: 10.0048980713
        replay_gain: -6.03277206421
        downmix: "mix"
    tags:
        track: 30
        year: 0
        album: "Splitted by Mp3Splt v. 2.1"
        artist: "From 004.50 To 005.00"
        comment: "http://mp3splt.sf.net"
        genre: ""
        title: "06 Papua New Guinea.mp3"

highlevel:
    ballroom:
        all:
            ChaChaCha: 0.155557200313
            Jive: 0.078472211957
            Quickstep: 0.049903139472
            Rumba-American: 0.0158159807324
            Rumba-International: 0.184960842133
            Rumba-Misc: 0.056437831372
            Samba: 0.378456622362
            Tango: 0.0287779252976
            VienneseWaltz: 0.0347738079727
            Waltz: 0.0168444253504
        probability: 0.378456622362
        value: "Samba"
    culture:
        all:
            non_western: 0.0918021053076
            western: 0.908197879791
        probability: 0.908197879791
        value: "western"
    gender:
        all:
            female: 0.77091640234
            male: 0.22908359766
        probability: 0.77091640234
        value: "female"
    genre_dortmund:
        all:
            alternative: 0.0638124719262
            blues: 0.0389940813184
            electronic: 0.18784442544
            folkcountry: 0.066490188241
            funksoulrnb: 0.0277507621795
            jazz: 0.179158657789
            pop: 0.216710209846
            raphiphop: 0.020060647279
            rock: 0.199178576469
        probability: 0.216710209846
        value: "pop"
    genre_electronica:
        all:
            ambient: 0.320187091827
            dnb: 0.0851707831025
            house: 0.0141853708774
            techno: 0.0174604207277
            trance: 0.562996327877
        probability: 0.562996327877
        value: "trance"
    genre_rosamerica:
        all:
            cla: 0.0121232196689
            dan: 0.589738130569
            hip: 0.0355044528842
            jaz: 0.0236691255122
            pop: 0.0417799502611
            rhy: 0.0415786989033
            roc: 0.251414865255
            spe: 0.00419156672433
        probability: 0.589738130569
        value: "dan"
    genre_tzanetakis:
        all:
            blu: 0.0134047800675
            cla: 0.0159475523978
            cou: 0.0336420424283
            dis: 0.0693284124136
            hip: 0.0526748746634
            jaz: 0.0797310173512
            met: 0.0287532433867
            pop: 0.420300990343
            reg: 0.160770371556
            roc: 0.12544670701
        probability: 0.420300990343
        value: "pop"
    live_studio:
        all:
            live: 0.148675948381
            studio: 0.851324081421
        probability: 0.851324081421
        value: "studio"
    mood:
        all:
            Cluster1: 0.310203194618
            Cluster2: 0.136889412999
            Cluster3: 0.163964286447
            Cluster4: 0.112493596971
            Cluster5: 0.276449531317
        probability: 0.310203194618
        value: "Cluster1"
    mood_acoustic:
        all:
            acoustic: 0.0506397932768
            not_acoustic: 0.949360191822
        probability: 0.949360191822
        value: "not_acoustic"
    mood_aggressive:
        all:
            aggressive: 0.0470013506711
            not_aggressive: 0.952998638153
        probability: 0.952998638153
        value: "not_aggressive"
    mood_electronic:
        all:
            electronic: 0.968121767044
            not_electronic: 0.0318782553077
        probability: 0.968121767044
        value: "electronic"
    mood_happy:
        all:
            happy: 0.220331922174
            not_happy: 0.779668092728
        probability: 0.779668092728
        value: "not_happy"
    mood_party:
        all:
            not_party: 0.768396139145
            party: 0.231603831053
        probability: 0.768396139145
        value: "not_party"
    mood_relaxed:
        all:
            not_relaxed: 0.259623497725
            relaxed: 0.740376472473
        probability: 0.740376472473
        value: "relaxed"
    mood_sad:
        all:
            not_sad: 4.72530139461e-08
            sad: 0.999999940395
        probability: 0.999999940395
        value: "sad"
    rhythm:
        all:
            fast: 0.436795979738
            medium: 0.465345263481
            slow: 0.09785874933
        probability: 0.465345263481
        value: "medium"
    speech_music:
        all:
            music: 4.88466933568e-10
            speech: 1
        probability: 1
        value: "speech"
    timbre:
        all:
            bright: 0.285663843155
            dark: 0.714336156845
        probability: 0.714336156845
        value: "dark"
    voice_instrumental:
        all:
            instrumental: 0.999992251396
            voice: 7.74200270826e-06
        probability: 0.999992251396
        value: "instrumental"

lowlevel:
    average_loudness: 0.963860750198
    barkbands_kurtosis:
        dmean: 1.51948559284
        dmean2: 2.53697729111
        dvar: 8.77583694458
        dvar2: 23.5262451172
        max: 28.7048988342
        mean: 0.781622231007
        min: -1.71078872681
        var: 15.9820661545
    barkbands_skewness:
        dmean: 0.52537971735
        dmean2: 0.833819329739
        dvar: 0.253977119923
        dvar2: 0.681289553642
        max: 5.22617959976
        mean: 0.666211605072
        min: -1.82438623905
        var: 1.31786298752
    barkbands_spread:
        dmean: 6.05743360519
        dmean2: 9.74177932739
        dvar: 30.9543132782
        dvar2: 75.8755950928
        max: 56.9046821594
        mean: 28.5972423553
        min: 3.89996242523
        var: 133.462966919
    dissonance:
        dmean: 0.0268857181072
        dmean2: 0.0449555851519
        dvar: 0.000524825358298
        dvar2: 0.00143328437116
        max: 0.495942264795
        mean: 0.44719722867
        min: 0.311482131481
        var: 0.000986787141301
    hfc:
        dmean: 1.65446186066
        dmean2: 2.41564846039
        dvar: 5.4639005661
        dvar2: 12.5845441818
        max: 26.6310997009
        mean: 4.73800086975
        min: 0.073427118361
        var: 10.276061058
    pitch:
        dmean: 220.320220947
        dmean2: 420.628875732
        dvar: 400704.40625
        dvar2: 994534.5
        max: 4009.09082031
        mean: 489.854187012
        min: 116.976127625
        var: 333791.875
    pitch_instantaneous_confidence:
        dmean: 0.0993421152234
        dmean2: 0.165530011058
        dvar: 0.0076933382079
        dvar2: 0.0178537070751
        max: 0.925280511379
        mean: 0.574728310108
        min: 0.215547382832
        var: 0.037614800036
    pitch_salience:
        dmean: 0.0721029490232
        dmean2: 0.119708426297
        dvar: 0.00389976869337
        dvar2: 0.0102121392265
        max: 0.785630166531
        mean: 0.504070222378
        min: 0.147466659546
        var: 0.013030603528
    silence_rate_20dB:
        dmean: 0
        dmean2: 0
        dvar: 0
        dvar2: 0
        max: 1
        mean: 1
        min: 1
        var: 0
    silence_rate_30dB:
        dmean: 0
        dmean2: 0
        dvar: 0
        dvar2: 0
        max: 1
        mean: 1
        min: 1
        var: 0
    silence_rate_60dB:
        dmean: 0.157772615552
        dmean2: 0.313953489065
        dvar: 0.132879838347
        dvar2: 0.275850772858
        max: 1
        mean: 0.432870358229
        min: 0
        var: 0.245493009686
    spectral_centroid:
        dmean: 290.183654785
        dmean2: 458.454681396
        dvar: 71332.328125
        dvar2: 189781.484375
        max: 3032.62451172
        mean: 1330.85754395
        min: 427.324798584
        var: 333280.96875
    spectral_complexity:
        dmean: 2.57209300995
        dmean2: 3.99766898155
        dvar: 11.5518074036
        dvar2: 25.9556903839
        max: 39
        mean: 9.37819004059
        min: 0
        var: 29.8175830841
    spectral_crest:
        dmean: 2.46112084389
        dmean2: 4.2890496254
        dvar: 5.69685411453
        dvar2: 14.6141214371
        max: 23.2432899475
        mean: 8.88346862793
        min: 3.13250088692
        var: 22.7175598145
    spectral_decrease:
        dmean: 4.09077993702e-10
        dmean2: 6.15087980549e-10
        dvar: 2.98895251998e-19
        dvar2: 7.33133123737e-19
        max: -2.48840184569e-11
        mean: -9.87932402552e-10
        min: -4.51706405613e-09
        var: 4.99540885968e-19
    spectral_energy:
        dmean: 0.0016663755523
        dmean2: 0.00248725968413
        dvar: 4.88159639644e-06
        dvar2: 1.18424532047e-05
        max: 0.0187761224806
        mean: 0.00415843585506
        min: 0.000100577861303
        var: 8.37649986352e-06
    spectral_energyband_high:
        dmean: 0.000154493667651
        dmean2: 0.000244079477852
        dvar: 3.80601328231e-08
        dvar2: 9.29355437052e-08
        max: 0.00189849920571
        mean: 0.000300480984151
        min: 4.19653406425e-06
        var: 5.99568039661e-08
    spectral_energyband_low:
        dmean: 0.000411086482927
        dmean2: 0.000664485967718
        dvar: 5.20105629676e-07
        dvar2: 1.33900914534e-06
        max: 0.00685307011008
        mean: 0.000720446114428
        min: 1.03751979452e-07
        var: 8.22764548047e-07
    spectral_energyband_middle_high:
        dmean: 0.000530956254806
        dmean2: 0.000814486469608
        dvar: 5.7237252804e-07
        dvar2: 1.38781456371e-06
        max: 0.00841807387769
        mean: 0.00143961596768
        min: 1.74968899955e-05
        var: 1.30433602408e-06
    spectral_energyband_middle_low:
        dmean: 0.00101881171577
        dmean2: 0.00159304705448
        dvar: 2.37952031057e-06
        dvar2: 6.18264721197e-06
        max: 0.0121344495565
        mean: 0.0016978540225
        min: 9.19176454772e-06
        var: 3.30229318024e-06
    spectral_flatness_db:
        dmean: 0.0192265324295
        dmean2: 0.0311393663287
        dvar: 0.000329535978381
        dvar2: 0.000906779081561
        max: 0.300710976124
        mean: 0.164851248264
        min: 0.0963893681765
        var: 0.00170520716347
    spectral_flux:
        dmean: 0.00970213487744
        dmean2: 0.0151863079518
        dvar: 0.000119036412798
        dvar2: 0.00025043534697
        max: 0.107875347137
        mean: 0.0349717848003
        min: 0.0100288512185
        var: 0.000251061719609
    spectral_kurtosis:
        dmean: 1.11356914043
        dmean2: 1.84292793274
        dvar: 0.968857586384
        dvar2: 2.38116407394
        max: 9.30356693268
        mean: 3.26057982445
        min: -0.736685991287
        var: 4.01405096054
    spectral_rms:
        dmean: 0.000378405035008
        dmean2: 0.000548901443835
        dvar: 1.65279232078e-07
        dvar2: 3.78904644549e-07
        max: 0.00427997298539
        mean: 0.00190055638086
        min: 0.000313248689054
        var: 4.44894226348e-07
    spectral_rolloff:
        dmean: 673.988891602
        dmean2: 1173.08190918
        dvar: 518923.4375
        dvar2: 1279097.25
        max: 4220.5078125
        mean: 2605.31420898
        min: 409.130859375
        var: 1401926.875
    spectral_skewness:
        dmean: 0.201784804463
        dmean2: 0.324321508408
        dvar: 0.0266823787242
        dvar2: 0.06284314394
        max: 2.18542146683
        mean: 1.37294411659
        min: 0.593301832676
        var: 0.0964659154415
    spectral_spread:
        dmean: 432780.625
        dmean2: 660158.5
        dvar: 865239760896
        dvar2: 1.23917906739e+12
        max: 26981898
        mean: 5011151.5
        min: 2283600.5
        var: 3.85822176051e+12
    spectral_strongpeak:
        dmean: 0.431614160538
        dmean2: 0.755930185318
        dvar: 0.403279393911
        dvar2: 0.939900100231
        max: 4.2991528511
        mean: 0.669779002666
        min: 0.0164837762713
        var: 0.704352915287
    zerocrossingrate:
        dmean: 0.00930686760694
        dmean2: 0.0119941905141
        dvar: 7.0262758527e-05
        dvar2: 0.00010118031787
        max: 0.1455078125
        mean: 0.0817480236292
        min: 0.0146484375
        var: 0.000589855771977
    barkbands:
        dmean: [1.16756245916e-06, 0.000159004455782, 0.000302639527945, 0.000333119940478, 0.000272241595667, 0.000146570891957, 0.000347858353052, 7.78812100179e-05, 4.2161638703e-05, 0.000269397802185, 3.11914627673e-05, 6.07853617112e-05, 1.31807137222e-05, 0.000225100913667, 1.55103443831e-05, 2.63498204731e-05, 5.98949154664e-05, 6.36760814814e-05, 0.000109601867734, 0.000146943071741, 4.44659272034e-05, 1.52731026901e-05, 4.59105740447e-06, 1.6261374185e-06, 6.46267494631e-07, 1.30245751961e-08, 4.58112303647e-09]
        dmean2: [1.81265465926e-06, 0.00026365777012, 0.000496292486787, 0.000583424931392, 0.000453899847344, 0.000234471677686, 0.000539938278962, 0.000121432247397, 6.29926289548e-05, 0.000438691145973, 5.21147994732e-05, 0.000103152451629, 2.12053873838e-05, 0.000363298720913, 2.69339907391e-05, 4.45012883574e-05, 9.69067696133e-05, 0.000108922657091, 0.000183468568139, 0.000249465694651, 6.85639897711e-05, 2.36191353906e-05, 6.67908579999e-06, 2.2967019504e-06, 9.3353196462e-07, 1.76658527806e-08, 4.81638373628e-09]
        dvar: [2.73881351626e-12, 7.32075662313e-08, 3.4309351804e-07, 5.88472687468e-07, 3.34560638748e-07, 6.71136817232e-08, 6.02100101332e-07, 3.11378975937e-08, 5.79752290619e-09, 2.6047416668e-07, 2.52114595867e-09, 5.22105958467e-09, 3.87781695643e-10, 2.41123643718e-07, 8.13603684424e-10, 1.994292953e-09, 1.88818098934e-08, 2.29545769059e-08, 1.40883011923e-08, 4.20883594643e-08, 9.182238081e-09, 7.8451539709e-10, 3.72706795981e-11, 1.83995180203e-11, 4.15111911858e-12, 7.13756971685e-15, 7.91174343108e-15]
        dvar2: [6.91786341753e-12, 1.98959753561e-07, 9.18798832572e-07, 1.61326317993e-06, 8.76031606367e-07, 1.72037658785e-07, 1.60930085258e-06, 8.21609020818e-08, 1.12825784271e-08, 6.54658720123e-07, 6.27206953041e-09, 1.48803476208e-08, 9.74853753277e-10, 5.65524942431e-07, 2.16454743018e-09, 4.794932007e-09, 3.45148691849e-08, 6.46255955417e-08, 3.61512562108e-08, 1.11341421416e-07, 2.17452083007e-08, 1.81230663809e-09, 8.29899690635e-11, 3.21635357237e-11, 7.95523976554e-12, 7.59858942125e-15, 7.91187302712e-15]
        max: [1.83812480827e-05, 0.00264717871323, 0.00554857030511, 0.00747985439375, 0.00596362259239, 0.00213175173849, 0.00978365726769, 0.00219307746738, 0.000983124482445, 0.00633620005101, 0.000547772971913, 0.000541823566891, 0.000192244697246, 0.00705661904067, 0.000248595810262, 0.000404471706133, 0.00227826810442, 0.00206263363361, 0.000946263317019, 0.00189620477613, 0.00124991184566, 0.000234194463701, 5.6499724451e-05, 7.34194400138e-05, 2.61831373791e-05, 1.76167213795e-06, 1.849165983e-06]
        mean: [1.93724895325e-06, 0.000281636836007, 0.000436911999714, 0.000401198165491, 0.000322868581861, 0.000200487949769, 0.000554507190827, 0.000109314183646, 5.48873285879e-05, 0.000456386100268, 3.98372358177e-05, 8.69501964189e-05, 1.80328570423e-05, 0.000322216714267, 2.16302632907e-05, 4.21164331783e-05, 0.000139297277201, 0.000101639270724, 0.000203534247703, 0.000255322345765, 7.19459130778e-05, 2.25924668484e-05, 7.75860462454e-06, 4.03651210945e-06, 1.3609025018e-06, 2.55482373035e-08, 4.58470950093e-09]
        min: [2.20315862776e-10, 6.38007406906e-08, 3.83899347867e-08, 3.89701462211e-08, 7.2732893841e-07, 9.78804592933e-08, 4.40274163793e-07, 5.77837340643e-07, 8.30408566799e-07, 1.41814348353e-06, 1.47863772781e-07, 3.7126531538e-07, 2.74321564575e-07, 2.45529690801e-06, 2.58723247271e-07, 1.75461138952e-07, 3.69644482134e-07, 4.00854816007e-07, 6.3453680923e-06, 4.47875663667e-06, 1.00633279487e-07, 5.6730812048e-08, 4.505527329e-08, 1.46933887279e-08, 1.21550858267e-08, 9.72644118025e-11, 3.77612099033e-14]
        var: [6.08605917399e-12, 1.32913157813e-07, 3.99473833568e-07, 5.32526485131e-07, 2.88808337245e-07, 8.63899316528e-08, 1.38335622069e-06, 3.81174203312e-08, 1.01507247052e-08, 4.81422716803e-07, 3.16712567283e-09, 7.29136884203e-09, 4.63554583607e-10, 3.26802762629e-07, 9.40788225101e-10, 2.29509988792e-09, 1.09498216716e-07, 2.1349446655e-08, 2.6027842992e-08, 4.93537584134e-08, 1.08821476275e-08, 1.10527098585e-09, 6.58324297853e-11, 8.10551348263e-11, 1.12856451615e-11, 8.40771595005e-15, 7.91313256511e-15]
    mfcc:
        mean: [-731.119750977, 110.652694702, -39.8042602539, 47.836315155, -15.7149000168, -1.2726931572, 11.7289848328, -3.26544308662, -6.18162202835, 6.77428102493, -6.89688825607, -5.37689495087, -6.9253282547]
        cov: [[2969.02197266, 116.156784058, 931.530334473, 332.985290527, -63.6335067749, 372.827972412, -386.643432617, 255.862930298, 293.89151001, -191.303451538, 214.893875122, -40.5172653198, 37.2613792419], [116.156784058, 492.803009033, -22.2025928497, 149.366149902, 53.8293228149, 127.046569824, 192.909378052, 143.301269531, 87.0551528931, 166.435379028, 70.9393005371, -44.5022850037, -24.4523200989], [931.530334473, -22.2025928497, 825.75994873, 49.4269218445, 27.0177822113, 13.1529750824, -262.125213623, -48.3471336365, -23.3380584717, -141.636886597, 40.5341072083, 31.8173446655, 74.8144378662], [332.985290527, 149.366149902, 49.4269218445, 216.337753296, 35.5054397583, 151.939880371, 47.9027328491, 109.769821167, 92.3884887695, 28.2853088379, 56.9612426758, -16.9476203918, -20.2635097504], [-63.6335067749, 53.8293228149, 27.0177822113, 35.5054397583, 117.258148193, 22.4771137238, 18.0337371826, 0.974211037159, 3.63103556633, 0.0817607417703, -13.3687095642, 9.34574794769, 10.3996696472], [372.827972412, 127.046569824, 13.1529750824, 151.939880371, 22.4771137238, 265.623260498, 106.366790771, 153.004837036, 126.208648682, 67.8444747925, 68.3212585449, -60.6853599548, -45.5963249207], [-386.643432617, 192.909378052, -262.125213623, 47.9027328491, 18.0337371826, 106.366790771, 313.026550293, 119.031059265, 44.266368866, 192.099639893, 25.4482555389, -65.9524154663, -58.949382782], [255.862930298, 143.301269531, -48.3471336365, 109.769821167, 0.974211037159, 153.004837036, 119.031059265, 200.158660889, 127.944740295, 78.4845275879, 54.1648788452, -51.777923584, -35.7981300354], [293.89151001, 87.0551528931, -23.3380584717, 92.3884887695, 3.63103556633, 126.208648682, 44.266368866, 127.944740295, 139.394943237, 40.748966217, 45.8031730652, -30.3290157318, -24.3829708099], [-191.303451538, 166.435379028, -141.636886597, 28.2853088379, 0.0817607417703, 67.8444747925, 192.099639893, 78.4845275879, 40.748966217, 202.514389038, 53.8189086914, -59.570350647, -44.2064819336], [214.893875122, 70.9393005371, 40.5341072083, 56.9612426758, -13.3687095642, 68.3212585449, 25.4482555389, 54.1648788452, 45.8031730652, 53.8189086914, 91.2202148438, -7.02414035797, -7.21413040161], [-40.5172653198, -44.5022850037, 31.8173446655, -16.9476203918, 9.34574794769, -60.6853599548, -65.9524154663, -51.777923584, -30.3290157318, -59.570350647, -7.02414035797, 83.9174575806, 47.267578125], [37.2613792419, -24.4523200989, 74.8144378662, -20.2635097504, 10.3996696472, -45.5963249207, -58.949382782, -35.7981300354, -24.3829708099, -44.2064819336, -7.21413040161, 47.267578125, 79.159072876]]
        icov: [[0.00144768087193, -0.000387508654967, -0.000934121024329, -0.000321597966831, 0.00102301663719, -0.000992137589492, 0.00178873632103, -0.000879635568708, -0.00127292750403, 0.000929312489461, -0.00143380556256, 0.0011569383787, -0.000466854398837], [-0.000387508654967, 0.0041562593542, -0.00026924314443, -0.00198296317831, -0.00132988661062, 0.00131291884463, -0.00174148660153, -0.000710835738573, 3.02680637105e-05, -0.00250184279867, 0.000150074600242, -0.000400355260354, -0.000609328679275], [-0.000934121024329, -0.00026924314443, 0.0028327498585, 5.51632510906e-05, -0.00129403197207, -0.000228835342568, 0.00133452645969, -1.05293038359e-05, 0.00258082849905, -0.000334047945216, -0.000403239217121, 0.000640027748886, -0.0010898829205], [-0.000321597966831, -0.00198296317831, 5.51632510906e-05, 0.0105028618127, -0.00193327548914, -0.0036081969738, -9.11619281396e-05, -0.00112077244557, -0.000768699625041, 0.00205097091384, -0.00202664243989, -0.00231596571393, 0.00188298115972], [0.00102301663719, -0.00132988661062, -0.00129403197207, -0.00193327548914, 0.0116335731, -0.00213664281182, 7.22389813745e-05, 0.00132458948065, -0.00159455684479, 0.000268412084552, 0.00332500436343, -0.00133320502937, -0.00151268451009], [-0.000992137589492, 0.00131291884463, -0.000228835342568, -0.0036081969738, -0.00213664281182, 0.0121867349371, -0.00509613659233, -0.000254881219007, -0.00416888762265, 0.00209686160088, -0.00298157404177, 0.00363165233284, 0.0010018593166], [0.00178873632103, -0.00174148660153, 0.00133452645969, -9.11619281396e-05, 7.22389813745e-05, -0.00509613659233, 0.0167291555554, -0.00736018363386, 0.00544216390699, -0.0089979628101, 0.00274006999098, -0.000150051433593, 0.000510877289344], [-0.000879635568708, -0.000710835738573, -1.05293038359e-05, -0.00112077244557, 0.00132458948065, -0.000254881219007, -0.00736018363386, 0.0193757005036, -0.0122253056616, 0.00284196157008, -0.00113918352872, 0.00298778433353, -0.00118860963266], [-0.00127292750403, 3.02680637105e-05, 0.00258082849905, -0.000768699625041, -0.00159455684479, -0.00416888762265, 0.00544216390699, -0.0122253056616, 0.0246864315122, -0.00394073780626, 0.000781827606261, -0.00229212129489, 0.00114810594823], [0.000929312489461, -0.00250184279867, -0.000334047945216, 0.00205097091384, 0.000268412084552, 0.00209686160088, -0.0089979628101, 0.00284196157008, -0.00394073780626, 0.0201808847487, -0.0114263119176, 0.00798074994236, -0.000363118306268], [-0.00143380556256, 0.000150074600242, -0.000403239217121, -0.00202664243989, 0.00332500436343, -0.00298157404177, 0.00274006999098, -0.00113918352872, 0.000781827606261, -0.0114263119176, 0.0240866206586, -0.00830208696425, 0.000966955441982], [0.0011569383787, -0.000400355260354, 0.000640027748886, -0.00231596571393, -0.00133320502937, 0.00363165233284, -0.000150051433593, 0.00298778433353, -0.00229212129489, 0.00798074994236, -0.00830208696425, 0.0264954902232, -0.0111863734201], [-0.000466854398837, -0.000609328679275, -0.0010898829205, 0.00188298115972, -0.00151268451009, 0.0010018593166, 0.000510877289344, -0.00118860963266, 0.00114810594823, -0.000363118306268, 0.000966955441982, -0.0111863734201, 0.021713744849]]
    spectral_contrast:
        mean: [2.58298314293e-07, 3.7745575554e-08, 4.48279479315e-07, -9.30371797381e-08, -1.03927817463e-07, 1.70101426278e-08, 2.58761610894e-06, -1.74969363798e-06, 2.56120188169e-07, -4.05014270655e-06, 3.42775115314e-06, -1.40506540447e-06]
        var: [0.000419725925894, 0.000669825822115, 0.00142227998003, 0.00312874908559, 0.00510170310736, 0.00734313298017, 0.036897238344, 0.0662461668253, 0.143333673477, 0.255121707916, 0.45599257946, 2.01966524124]

rhythm:
    beats_loudness:
        dmean: 0.00257082702592
        dmean2: 0.00435426458716
        dvar: 3.89064143747e-06
        dvar2: 7.12185601515e-06
        max: 0.0117108896375
        mean: 0.00532571878284
        min: 0.000763954012655
        var: 9.04859007278e-06
    beats_loudness_bass:
        dmean: 0.143424272537
        dmean2: 0.260084718466
        dvar: 0.0139787700027
        dvar2: 0.0397943556309
        max: 0.41261729598
        mean: 0.166399151087
        min: 0.000205291231396
        var: 0.0237443484366
    bpm: 126.013557434
    bpm_confidence: 0
    first_peak_bpm: 126
    first_peak_spread: 0.421052634716
    first_peak_weight: 0.550000011921
    onset_rate: 4.69769906998
    second_peak_bpm: 120
    second_peak_spread: 0
    second_peak_weight: 0.0500000007451
    beats_position: [0.29242181778, 0.770023286343, 1.24762475491, 1.72522640228, 2.20282793045, 2.68042945862, 3.15803074837, 3.63563203812, 4.11323356628, 4.59083461761, 5.06843614578, 5.54603719711, 6.04464435577, 6.51432228088, 6.98400163651, 7.45367956161, 7.92335891724, 8.39303684235, 8.86271572113, 9.33239459991, 9.8020734787]
    bpm_estimates: [125.642425537, 125.683883667, 125.707557678, 125.081222534, 125.968658447, 125.796180725, 125.994445801, 125.319877625, 125.461051941, 127.764373779, 127.729492188]
    bpm_intervals: [0.477601468563, 0.477601468563, 0.477601647377, 0.477601528168, 0.477601528168, 0.477601289749, 0.477601289749, 0.477601528168, 0.477601051331, 0.477601528168, 0.477601051331, 0.498607158661, 0.46967792511, 0.469679355621, 0.46967792511, 0.469679355621, 0.46967792511, 0.469678878784, 0.469678878784, 0.469678878784]
    onset_times: [0.0464399084449, 0.267029464245, 0.522448956966, 0.650158703327, 0.766258478165, 0.99845802784, 1.24226760864, 1.48607707024, 1.72988665104, 1.86920630932, 1.97369611263, 2.10140585899, 2.20589566231, 2.43809533119, 2.68190479279, 2.80961441994, 2.92571425438, 3.15791392326, 3.41333341599, 3.52943301201, 3.66875290871, 3.78485250473, 3.88934230804, 4.00544214249, 4.12154197693, 4.36535167694, 4.60916090012, 4.841360569, 5.08517026901, 5.31736946106, 5.5727891922, 5.80498886108, 5.93269824982, 6.04879808426, 6.29260778427, 6.78022670746, 7.70902490616, 7.94122457504, 8.32435417175, 8.45206356049, 8.68426322937, 8.95129299164, 9.04417228699, 9.31120204926, 9.67111110687, 9.78721046448, 9.92653083801]
    rubato_start: []
    rubato_stop: []
    perceptual_tempo: "unknown"

sfx:
    inharmonicity:
        dmean: 0.0516694448888
        dmean2: 0.093170568347
        dvar: 0.00328589533456
        dvar2: 0.00910086836666
        max: 0.348653495312
        mean: 0.0517927818
        min: 0
        var: 0.00335199641995
    oddtoevenharmonicenergyratio:
        dmean: 7.02921390533
        dmean2: 13.7341566086
        dvar: 1783.92138672
        dvar2: 5322.50488281
        max: 464.445892334
        mean: 3.97087001801
        min: 0
        var: 901.714660645
    pitch_after_max_to_before_max_energy_ratio: 9.59138965607
    pitch_centroid: 200.488265991
    pitch_max_to_total: 0.0997679829597
    pitch_min_to_total: 0.459396749735
    tristimulus:
        dmean: [0.207342103124, 0.261523455381, 0.139773070812]
        dmean2: [0.373414248228, 0.456307142973, 0.248295500875]
        dvar: [0.045112054795, 0.0543885529041, 0.0188263189048]
        dvar2: [0.12146858871, 0.144798591733, 0.0531542077661]
        max: [1, 0.981260418892, 0.820289850235]
        mean: [0.342279165983, 0.480899900198, 0.138261303306]
        min: [0.00579636357725, 0, 0]
        var: [0.0710721090436, 0.0727261900902, 0.0211138557643]

tonal:
    chords_changes_rate: 0.0460829511285
    chords_number_rate: 0.0138248847798
    chords_strength:
        dmean: 0.00537083204836
        dmean2: 0.0053187138401
        dvar: 1.77330766746e-05
        dvar2: 1.71568335645e-05
        max: 0.689341664314
        mean: 0.571401298046
        min: 0.401845127344
        var: 0.00487711699679
    key_strength: 0.765714168549
    tuning_diatonic_strength: 0.692981123924
    tuning_equal_tempered_deviation: 0.210422724485
    tuning_frequency: 443.316436768
    tuning_nontempered_energy_ratio: 0.884079396725
    hpcp:
        dmean: [0.0851316824555, 0.110218808055, 0.149222970009, 0.168522775173, 0.132808789611, 0.0736084058881, 0.0588630139828, 0.104230135679, 0.146858856082, 0.121015638113, 0.0766619816422, 0.0560961402953, 0.0450190082192, 0.0489637814462, 0.0647551491857, 0.107203416526, 0.19888561964, 0.200304299593, 0.162177920341, 0.0804503783584, 0.0429363921285, 0.0413698479533, 0.0416210182011, 0.0618795119226, 0.074595592916, 0.0629272535443, 0.0442047975957, 0.0233388505876, 0.0237162094563, 0.0895198881626, 0.16952727735, 0.205209001899, 0.221452429891, 0.206759646535, 0.15652616322, 0.0760819911957]
        dmean2: [0.160549551249, 0.207295835018, 0.258128911257, 0.296196222305, 0.248878508806, 0.135944068432, 0.102013193071, 0.173964872956, 0.237228736281, 0.201456263661, 0.131733343005, 0.102410487831, 0.0807887613773, 0.0886824652553, 0.113598197699, 0.187345921993, 0.351096719503, 0.341125071049, 0.28719830513, 0.146496027708, 0.0787076130509, 0.0737604945898, 0.0748847723007, 0.0988952219486, 0.122593812644, 0.107097022235, 0.0759748890996, 0.0407837107778, 0.0422453768551, 0.156473651528, 0.29908028245, 0.350226104259, 0.387168526649, 0.361333936453, 0.266268104315, 0.138367623091]
        dvar: [0.0279782619327, 0.0299836248159, 0.0424211472273, 0.0472032055259, 0.0465858615935, 0.026073558256, 0.0124017819762, 0.0199672784656, 0.0249650981277, 0.0246161241084, 0.0202783551067, 0.0218829847872, 0.0103315524757, 0.0202435869724, 0.0212738011032, 0.0342110693455, 0.0484817065299, 0.0486499108374, 0.0310198441148, 0.0187297482044, 0.0113088479266, 0.00991762429476, 0.00648428220302, 0.0125920632854, 0.0171150248498, 0.00866411346942, 0.00459883036092, 0.00168808654416, 0.0017675422132, 0.0142422830686, 0.0437721200287, 0.0340110585093, 0.0480487644672, 0.0408925153315, 0.027561398223, 0.0154276434332]
        dvar2: [0.0868461728096, 0.090488255024, 0.116045087576, 0.132531866431, 0.140711769462, 0.0735393762589, 0.0339811481535, 0.0548569969833, 0.0689838603139, 0.0581066943705, 0.0548726096749, 0.0616648346186, 0.0271767564118, 0.0580699443817, 0.0583350285888, 0.0965982303023, 0.14121723175, 0.122460797429, 0.090851187706, 0.0536633320153, 0.0322228483856, 0.0271013230085, 0.0171013623476, 0.0242579821497, 0.0424065887928, 0.0241525452584, 0.0131162125617, 0.00453152833506, 0.00485605187714, 0.0354483276606, 0.0994921848178, 0.0902342274785, 0.121776893735, 0.0963768512011, 0.067803427577, 0.0429470092058]
        max: [0.878393411636, 1, 1, 1, 1, 0.937396764755, 1, 1, 1, 1, 1, 1, 0.814008593559, 1, 1, 1, 1, 1, 1, 1, 0.877003490925, 0.619199872017, 0.519204795361, 1, 1, 0.881856322289, 0.475544095039, 0.392260730267, 0.363205105066, 0.709009110928, 1, 1, 1, 1, 1, 0.701107382774]
        mean: [0.0627964064479, 0.0903565138578, 0.179702982306, 0.204693064094, 0.113989748061, 0.0606423169374, 0.0671251416206, 0.14898134768, 0.240851581097, 0.203119888902, 0.102002203465, 0.0520455129445, 0.0410170704126, 0.0427175760269, 0.0623760521412, 0.109891995788, 0.266481876373, 0.385055363178, 0.246841490269, 0.0748211145401, 0.0308807399124, 0.0288448557258, 0.0408181250095, 0.0900121182203, 0.117426514626, 0.0897512882948, 0.0536592416465, 0.0254515632987, 0.024478521198, 0.141518563032, 0.283705055714, 0.42365270853, 0.720436394215, 0.655620217323, 0.234264180064, 0.0616780109704]
        min: [0.000573777419049, 0.00101278733928, 0.00158025464043, 0.00137964484747, 0.00204018712975, 0.00146900187247, 0.00116640224587, 0.00387201178819, 0.00365120917559, 0.00258366693743, 0.00148590735625, 0.0005929802428, 0.000346122222254, 0.000394336966565, 0.000500336464029, 0.000767852645367, 0.00394179904833, 0.0021612807177, 0.000830825301819, 7.22028344171e-05, 0.000404380174587, 0.000252616999205, 0.000281634682324, 0.000676183321048, 0.000651187787298, 0.00127781101037, 0.00114684877917, 0.000234155333601, 0.000264281319687, 0.000860021158587, 0.00130191852804, 0.00404027383775, 0.0481369793415, 0.0309621728957, 0, 0.000770025537349]
        var: [0.0170972850174, 0.0213914159685, 0.0532516166568, 0.0673347711563, 0.035324472934, 0.017157683149, 0.00950475595891, 0.0227869153023, 0.044418822974, 0.0489054508507, 0.0224022492766, 0.0145180616528, 0.00822877977043, 0.012535598129, 0.017832569778, 0.0332950614393, 0.0727741718292, 0.108272790909, 0.0515382289886, 0.0141691910103, 0.00695046968758, 0.00640470581129, 0.00654578907415, 0.0219646375626, 0.0290948189795, 0.0118143064901, 0.00513957301155, 0.0015796959633, 0.00150296685752, 0.0270555708557, 0.0951803997159, 0.0630296692252, 0.0822906792164, 0.0893758460879, 0.0459915734828, 0.0112219359726]
    chords_histogram: [77.8801879883, 0, 0, 0, 0, 0, 0, 0, 0, 0, 0, 0, 0, 2.30414748192, 0.460829496384, 0, 0, 19.354839325, 0, 0, 0, 0, 0, 0]
    thpcp: [1, 0.91003203392, 0.325169831514, 0.085612013936, 0.0871644020081, 0.125419139862, 0.249436289072, 0.284123718739, 0.158223196864, 0.0841744244099, 0.0931728929281, 0.20679320395, 0.334313452244, 0.281940072775, 0.141583919525, 0.0722416490316, 0.056933645159, 0.0592940300703, 0.0865809321404, 0.152535319328, 0.369889527559, 0.534475147724, 0.342627733946, 0.103855267167, 0.0428639352322, 0.0400380305946, 0.0566575005651, 0.12494110316, 0.162993595004, 0.124579057097, 0.0744815841317, 0.0353279821575, 0.0339773520827, 0.196434497833, 0.393796116114, 0.588050127029]
    chords_key: "G"
    chords_scale: "major"
    key_key: "G"
    key_scale: "major"
    chords_progression: ["Gm", "Gm", "Gm", "Gm", "Gm", "Gm", "Gm", "Gm", "Gm", "Gm", "Gm", "Gm", "Gm", "Gm", "Gm", "Gm", "Gm", "Gm", "Gm", "Gm", "Gm", "Gm", "Gm", "Gm", "Gm", "Gm", "Gm", "Gm", "Gm", "Gm", "Gm", "Gm", "G", "Gm", "Gm", "Gm", "Gm", "G", "G", "G", "Gm", "G", "G", "G", "Gm", "Gm", "Gm", "Gm", "Gm", "G", "G", "G", "G", "G", "G", "G", "G", "G", "G", "G", "G", "G", "G", "G", "G", "G", "G", "G", "G", "G", "G", "G", "G", "G", "G", "G", "G", "G", "G", "G", "Fm", "Fm", "Fm", "Fm", "Fm", "G#", "G", "G", "G", "G", "G", "G", "G", "G", "G", "G", "G", "G", "G", "G", "G", "G", "G", "G", "G", "G", "G", "G", "G", "G", "G", "G", "G", "G", "G", "G", "G", "G", "G", "G", "G", "G", "G", "G", "G", "G", "G", "G", "G", "G", "G", "G", "G", "G", "G", "G", "G", "G", "G", "G", "G", "G", "G", "G", "G", "G", "G", "G", "G", "G", "G", "G", "G", "G", "G", "G", "G", "G", "G", "G", "G", "G", "G", "G", "G", "G", "G", "G", "G", "G", "G", "G", "G", "G", "G", "G", "G", "G", "G", "G", "G", "G", "G", "G", "G", "G", "G", "G", "G", "G", "G", "G", "G", "G", "G", "G", "G", "G", "G", "G", "G", "G", "G", "G", "G", "G", "G", "G", "G", "G", "G", "G", "G", "G", "G", "G", "G"]
