
metadata:
    version:
        essentia: "1.2.2"
    audio_properties:
        analysis_sample_rate: 44100
        bitrate: 128
        channels: 2
        equal_loudness: 1
        length: 10.0310201645
        replay_gain: -4.25549888611
        downmix: "mix"
    tags:
        track: 2
        year: 0
        album: "Splitted by Mp3Splt v. 2.1"
        artist: "From 000.10 To 000.20"
        comment: "http://mp3splt.sf.net"
        genre: ""
        title: "02 Track 2.mp3"

highlevel:
    ballroom:
        all:
            ChaChaCha: 0.0283793471754
            Jive: 0.114640012383
            Quickstep: 0.758446395397
            Rumba-American: 0.00712078530341
            Rumba-International: 0.00584070803598
            Rumba-Misc: 0.00750972284004
            Samba: 0.0541018396616
            Tango: 0.0131952045485
            VienneseWaltz: 0.00320806074888
            Waltz: 0.00755794811994
        probability: 0.758446395397
        value: "Quickstep"
    culture:
        all:
            non_western: 0.53060400486
            western: 0.469396024942
        probability: 0.53060400486
        value: "non_western"
    gender:
        all:
            female: 0.0225635617971
            male: 0.977436423302
        probability: 0.977436423302
        value: "male"
    genre_dortmund:
        all:
            alternative: 0.0144225386903
            blues: 0.0873766094446
            electronic: 0.0307304318994
            folkcountry: 0.0634403973818
            funksoulrnb: 0.0436330623925
            jazz: 0.0612117312849
            pop: 0.0178394764662
            raphiphop: 0.635945796967
            rock: 0.0453999303281
        probability: 0.635945796967
        value: "raphiphop"
    genre_electronica:
        all:
            ambient: 0.813901484013
            dnb: 0.0549577996135
            house: 0.0890414640307
            techno: 0.0234875846654
            trance: 0.0186116695404
        probability: 0.813901484013
        value: "ambient"
    genre_rosamerica:
        all:
            cla: 0.0403394885361
            dan: 0.0121527090669
            hip: 0.286643177271
            jaz: 0.0635972693563
            pop: 0.0209891479462
            rhy: 0.0581847801805
            roc: 0.00817514210939
            spe: 0.509918272495
        probability: 0.509918272495
        value: "spe"
    genre_tzanetakis:
        all:
            blu: 0.0162461418658
            cla: 0.0185894444585
            cou: 0.0324416346848
            dis: 0.035381808877
            hip: 0.337241381407
            jaz: 0.0145915793255
            met: 0.00498641468585
            pop: 0.0639488622546
            reg: 0.444297730923
            roc: 0.0322750136256
        probability: 0.444297730923
        value: "reg"
    live_studio:
        all:
            live: 0.908981978893
            studio: 0.0910180434585
        probability: 0.908981978893
        value: "live"
    mood:
        all:
            Cluster1: 0.0515708886087
            Cluster2: 0.501202702522
            Cluster3: 0.0478049963713
            Cluster4: 0.326745271683
            Cluster5: 0.0726761743426
        probability: 0.501202702522
        value: "Cluster2"
    mood_acoustic:
        all:
            acoustic: 0.267189383507
            not_acoustic: 0.732810616493
        probability: 0.732810616493
        value: "not_acoustic"
    mood_aggressive:
        all:
            aggressive: 0.0104566598311
            not_aggressive: 0.989543318748
        probability: 0.989543318748
        value: "not_aggressive"
    mood_electronic:
        all:
            electronic: 0.296312749386
            not_electronic: 0.703687250614
        probability: 0.703687250614
        value: "not_electronic"
    mood_happy:
        all:
            happy: 0.353517979383
            not_happy: 0.646482050419
        probability: 0.646482050419
        value: "not_happy"
    mood_party:
        all:
            not_party: 0.279362142086
            party: 0.720637857914
        probability: 0.720637857914
        value: "party"
    mood_relaxed:
        all:
            not_relaxed: 0.306656241417
            relaxed: 0.693343758583
        probability: 0.693343758583
        value: "relaxed"
    mood_sad:
        all:
            not_sad: 0.778374791145
            sad: 0.221625223756
        probability: 0.778374791145
        value: "not_sad"
    rhythm:
        all:
            fast: 0.782680571079
            medium: 0.136103793979
            slow: 0.0812156051397
        probability: 0.782680571079
        value: "fast"
    speech_music:
        all:
            music: 6.53638096537e-07
            speech: 0.999999344349
        probability: 0.999999344349
        value: "speech"
    timbre:
        all:
            bright: 0.65183442831
            dark: 0.34816557169
        probability: 0.65183442831
        value: "bright"
    voice_instrumental:
        all:
            instrumental: 0.00592053355649
            voice: 0.994079470634
        probability: 0.994079470634
        value: "voice"

lowlevel:
    average_loudness: 0.76606887579
    barkbands_kurtosis:
        dmean: 4.27694177628
        dmean2: 6.55420970917
        dvar: 35.791469574
        dvar2: 77.3650512695
        max: 43.5254516602
        mean: 4.42050695419
        min: -1.77319645882
        var: 76.9190063477
    barkbands_skewness:
        dmean: 0.925746917725
        dmean2: 1.28986811638
        dvar: 0.821428835392
        dvar2: 1.52899158001
        max: 5.19450330734
        mean: 0.295071363449
        min: -4.65953350067
        var: 3.7867808342
    barkbands_spread:
        dmean: 6.73415470123
        dmean2: 10.4584283829
        dvar: 46.0882606506
        dvar2: 96.4541091919
        max: 50.1492195129
        mean: 18.278383255
        min: 1.24752902985
        var: 127.877983093
    dissonance:
        dmean: 0.0356329083443
        dmean2: 0.0562176294625
        dvar: 0.00176979496609
        dvar2: 0.00417997082695
        max: 0.499747365713
        mean: 0.437759667635
        min: 0.152099952102
        var: 0.00458717904985
    hfc:
        dmean: 1.86395812035
        dmean2: 2.65156555176
        dvar: 13.8595161438
        dvar2: 29.057264328
        max: 39.6707496643
        mean: 2.85432934761
        min: 0.00329959904775
        var: 30.2875804901
    pitch:
        dmean: 490.315307617
        dmean2: 925.877075195
        dvar: 1126960.75
        dvar2: 2334479
        max: 4900
        mean: 1354.13891602
        min: 79.3165435791
        var: 2778148.25
    pitch_instantaneous_confidence:
        dmean: 0.120351582766
        dmean2: 0.18109087646
        dvar: 0.0141074554995
        dvar2: 0.0308373104781
        max: 0.934497356415
        mean: 0.566330015659
        min: 0.163357555866
        var: 0.0517194606364
    pitch_salience:
        dmean: 0.0847017019987
        dmean2: 0.128701463342
        dvar: 0.00679167080671
        dvar2: 0.0145511301234
        max: 0.891059279442
        mean: 0.637855350971
        min: 0.194661080837
        var: 0.0191725976765
    silence_rate_20dB:
        dmean: 0
        dmean2: 0
        dvar: 0
        dvar2: 0
        max: 1
        mean: 1
        min: 1
        var: 0
    silence_rate_30dB:
        dmean: 0
        dmean2: 0
        dvar: 0
        dvar2: 0
        max: 1
        mean: 1
        min: 1
        var: 0
    silence_rate_60dB:
        dmean: 0.131067961454
        dmean2: 0.260340631008
        dvar: 0.11388900876
        dvar2: 0.212028324604
        max: 1
        mean: 0.786924958229
        min: 0
        var: 0.167674273252
    spectral_centroid:
        dmean: 437.807983398
        dmean2: 618.090637207
        dvar: 332989.0625
        dvar2: 515939.5625
        max: 4837.73193359
        mean: 1842.04528809
        min: 279.148162842
        var: 1409064.375
    spectral_complexity:
        dmean: 1.44501280785
        dmean2: 1.96153843403
        dvar: 4.77382326126
        dvar2: 7.99082422256
        max: 20
        mean: 2.92602038383
        min: 0
        var: 15.8439912796
    spectral_crest:
        dmean: 3.39795136452
        dmean2: 5.36484861374
        dvar: 9.95113277435
        dvar2: 21.5334701538
        max: 24.6209259033
        mean: 10.534825325
        min: 3.15590000153
        var: 24.9131774902
    spectral_decrease:
        dmean: 3.01899005795e-10
        dmean2: 4.309375079e-10
        dvar: 3.45427806218e-19
        dvar2: 7.29025241417e-19
        max: -5.67026514717e-13
        mean: -4.17227613569e-10
        min: -4.30534052853e-09
        var: 5.35093832479e-19
    spectral_energy:
        dmean: 0.00128492328804
        dmean2: 0.00185092398897
        dvar: 6.07338370173e-06
        dvar2: 1.26678069137e-05
        max: 0.0176685117185
        mean: 0.00183360965457
        min: 2.60542969954e-06
        var: 9.89113868854e-06
    spectral_energyband_high:
        dmean: 8.52131124702e-05
        dmean2: 0.000122306446428
        dvar: 8.2081214714e-08
        dvar2: 1.22553871051e-07
        max: 0.00377525971271
        mean: 0.000133718654979
        min: 8.34126296922e-08
        var: 2.14388947484e-07
    spectral_energyband_low:
        dmean: 4.41767724624e-06
        dmean2: 6.69783275953e-06
        dvar: 9.47834810638e-10
        dvar2: 1.9951447161e-09
        max: 0.000504185794853
        mean: 4.23199253419e-06
        min: 6.45761044638e-09
        var: 1.20624188416e-09
    spectral_energyband_middle_high:
        dmean: 0.000522190472111
        dmean2: 0.00076270964928
        dvar: 1.6423574607e-06
        dvar2: 3.3958676795e-06
        max: 0.0144116487354
        mean: 0.000722824828699
        min: 7.00117254837e-07
        var: 3.08473272526e-06
    spectral_energyband_middle_low:
        dmean: 0.000868854462169
        dmean2: 0.00127801252529
        dvar: 3.72074805455e-06
        dvar2: 8.75087062013e-06
        max: 0.0136198345572
        mean: 0.000972833659034
        min: 7.15001817753e-07
        var: 4.38658844359e-06
    spectral_flatness_db:
        dmean: 0.0363698303699
        dmean2: 0.0529740788043
        dvar: 0.00124208256602
        dvar2: 0.00228660693392
        max: 0.394766747952
        mean: 0.215337753296
        min: 0.0963321551681
        var: 0.005757835228
    spectral_flux:
        dmean: 0.011154524982
        dmean2: 0.0169404186308
        dvar: 0.000224519753829
        dvar2: 0.000463449337985
        max: 0.118687011302
        mean: 0.0241210516542
        min: 0.00115375767928
        var: 0.00063872965984
    spectral_kurtosis:
        dmean: 1.8734306097
        dmean2: 2.96648836136
        dvar: 4.26497602463
        dvar2: 11.101691246
        max: 20.4732513428
        mean: 4.92810964584
        min: -0.155554771423
        var: 12.2079219818
    spectral_rms:
        dmean: 0.000379002303816
        dmean2: 0.000495593412779
        dvar: 2.91451215162e-07
        dvar2: 5.16430532116e-07
        max: 0.00415181554854
        mean: 0.000925505999476
        min: 5.04170857312e-05
        var: 9.32325406211e-07
    spectral_rolloff:
        dmean: 731.908081055
        dmean2: 1127.12536621
        dvar: 696450.4375
        dvar2: 1170986.375
        max: 6201.5625
        mean: 2881.87939453
        min: 322.998046875
        var: 2489069
    spectral_skewness:
        dmean: 0.307839304209
        dmean2: 0.446934551001
        dvar: 0.0920156687498
        dvar2: 0.201530903578
        max: 3.17315912247
        mean: 1.56741023064
        min: 0.283154606819
        var: 0.400888592005
    spectral_spread:
        dmean: 617949.1875
        dmean2: 942474.5625
        dvar: 510956339200
        dvar2: 940211109888
        max: 11548944
        mean: 4429816
        min: 1897931.25
        var: 1.58899398246e+12
    spectral_strongpeak:
        dmean: 0.367017269135
        dmean2: 0.534253656864
        dvar: 0.306396842003
        dvar2: 0.753611862659
        max: 5.49862098694
        mean: 0.554929554462
        min: 0.00243183085695
        var: 0.672126591206
    zerocrossingrate:
        dmean: 0.0175593923777
        dmean2: 0.0176332127303
        dvar: 0.000312963908073
        dvar2: 0.000257329957094
        max: 0.23193359375
        mean: 0.0955835431814
        min: 0.01318359375
        var: 0.00267966883257
    barkbands:
        dmean: [2.76564637858e-09, 5.1770467735e-07, 3.91187904825e-06, 9.8972741398e-06, 3.27268826368e-05, 3.04711502395e-05, 0.000168070546351, 0.000519525667187, 0.000210092708585, 6.43655876047e-05, 3.60278318112e-05, 2.31237136177e-05, 4.86788121634e-05, 6.08155205555e-05, 7.26915895939e-05, 8.71655138326e-05, 8.76249905559e-05, 5.72629651288e-05, 0.000119789016026, 7.292949158e-05, 3.77287724405e-05, 1.77658257599e-05, 4.50634934168e-06, 1.24724579109e-06, 3.21927728919e-07, 6.45743103433e-09, 3.48561374208e-10]
        dmean2: [3.11056402857e-09, 8.03504292435e-07, 6.18581452727e-06, 1.57055710588e-05, 5.02839284309e-05, 5.0081340305e-05, 0.000267555878963, 0.000784772564657, 0.000322370091453, 0.000101975507278, 5.79574989388e-05, 3.7039986637e-05, 8.41205619508e-05, 9.93001449388e-05, 0.000120081946079, 0.000132448374643, 0.000140850403113, 8.29984637676e-05, 0.000198822526727, 0.000104618848127, 5.24187380506e-05, 2.65475246124e-05, 6.35725200482e-06, 1.79800565547e-06, 4.57073014104e-07, 9.60642498882e-09, 4.3973960584e-10]
        dvar: [2.12272597571e-15, 1.34078121869e-11, 7.80891462604e-10, 6.99992197539e-09, 9.94687532341e-09, 7.54149276361e-09, 4.70688519272e-07, 2.49484855885e-06, 6.11459540778e-07, 6.35029806517e-08, 2.82339023272e-08, 8.64795168809e-09, 3.66740557922e-08, 4.4780421149e-08, 9.87422623666e-08, 1.82075055477e-07, 2.41444269022e-07, 2.22644427339e-08, 1.81160700663e-07, 4.60120546109e-08, 1.12236824279e-08, 4.95201124551e-09, 4.19948464891e-10, 4.13380302211e-11, 1.19347836735e-12, 4.22208125361e-16, 2.39230178815e-17]
        dvar2: [2.11572609543e-15, 2.79321392405e-11, 1.66271785229e-09, 1.36993394406e-08, 2.52647485155e-08, 1.92103222219e-08, 1.04726905192e-06, 5.84444615015e-06, 1.47764058056e-06, 1.56033010512e-07, 7.11794783115e-08, 2.29209717872e-08, 1.05203689316e-07, 1.14612674906e-07, 2.37184693219e-07, 4.16798457081e-07, 5.86303997352e-07, 4.71195633622e-08, 4.51793937373e-07, 8.66079545858e-08, 1.91027265117e-08, 1.00330650454e-08, 5.32994370861e-10, 9.21644496832e-11, 2.01323679949e-12, 8.52981236126e-16, 2.40858930528e-17]
        max: [9.16093654268e-07, 5.67115712329e-05, 0.00044747319771, 0.00148834963329, 0.00137497903779, 0.000795492436737, 0.00735191069543, 0.0130774052814, 0.00954318698496, 0.00393244903535, 0.00200584996492, 0.00109120085835, 0.00171331188176, 0.00208733277395, 0.0035577157978, 0.00663835881278, 0.0062018414028, 0.00250032357872, 0.00461155315861, 0.00290283025242, 0.00131899781991, 0.00096088682767, 0.000355290219886, 0.000103752834548, 1.46609309013e-05, 2.1817821505e-07, 9.70065840988e-08]
        mean: [3.04300940002e-09, 4.7102733447e-07, 3.75927220375e-06, 1.05611698018e-05, 4.83365620312e-05, 3.71264832211e-05, 0.000184822900337, 0.000478317582747, 0.000203095696634, 7.02283869032e-05, 3.20235340041e-05, 2.02849296329e-05, 4.62015887024e-05, 5.45413386135e-05, 6.47973720334e-05, 7.95603045844e-05, 0.000114373993711, 7.63220814406e-05, 0.000123632955365, 9.82186174951e-05, 5.23408743902e-05, 2.60984525084e-05, 6.59604211251e-06, 1.42712008255e-06, 4.61076979263e-07, 7.69817365409e-09, 3.1860808436e-10]
        min: [6.73633995807e-11, 1.47788514759e-09, 1.0559588759e-09, 1.3521476161e-09, 4.36634906009e-08, 3.54130449409e-08, 4.19662775641e-08, 4.05987918839e-08, 3.16500923248e-08, 2.13064286214e-08, 1.03487822756e-08, 1.24745973551e-08, 7.99215271741e-09, 1.12288978116e-08, 1.41271918608e-08, 1.76286114595e-08, 2.98644238228e-08, 3.06785956639e-08, 6.34060484117e-08, 4.4806416355e-08, 3.09963006373e-08, 1.40342448773e-08, 3.45437745075e-09, 2.21248797061e-09, 1.31693889127e-09, 5.83770601303e-11, 3.79514365626e-14]
        var: [2.13252424108e-15, 1.55278134101e-11, 9.70608038386e-10, 8.91246365597e-09, 1.30437260992e-08, 1.00344577092e-08, 5.87085935422e-07, 2.47879870585e-06, 6.13076679201e-07, 7.53355990923e-08, 2.47172113887e-08, 6.21824547409e-09, 2.93604749402e-08, 3.78706985771e-08, 9.16877098689e-08, 1.90698784763e-07, 3.68861009292e-07, 4.69577550177e-08, 1.8081232156e-07, 1.07237454472e-07, 2.74309037707e-08, 9.7430543633e-09, 1.05034059228e-09, 5.00336716502e-11, 2.61764871931e-12, 6.63267296463e-16, 2.39524903267e-17]
    mfcc:
        mean: [-902.407897949, 78.7722396851, -61.2471694946, 26.4351043701, -41.6952095032, -26.4515247345, -22.3428821564, -19.1185588837, -9.67712306976, -8.31422901154, -0.19300109148, -8.55507564545, -12.2356309891]
        cov: [[10152.3925781, -837.167907715, -1750.44213867, -789.893249512, -500.605499268, -701.005371094, -545.964172363, -265.51739502, -132.197784424, -229.12272644, 28.4137935638, -253.225570679, -569.873901367], [-837.167907715, 3033.71313477, -283.889709473, -721.019348145, 239.645141602, -250.655395508, -147.846038818, -108.961982727, -118.447349548, -278.349914551, 125.348777771, 77.2937698364, -193.15826416], [-1750.44213867, -283.889709473, 1059.80151367, 391.930023193, -26.184627533, 348.122650146, 131.177154541, 99.3206710815, -9.12357807159, 41.4008789062, -24.8633480072, 71.993850708, 136.641540527], [-789.893249512, -721.019348145, 391.930023193, 793.979797363, 256.046813965, 179.495697021, 19.7272434235, 41.8535346985, 50.8096809387, 68.8730010986, -114.147125244, -68.0632019043, 186.790847778], [-500.605499268, 239.645141602, -26.184627533, 256.046813965, 625.454528809, 53.328540802, -104.65864563, -106.292251587, -19.7216205597, -18.1800289154, -36.1530761719, -76.5293655396, 34.9370689392], [-701.005371094, -250.655395508, 348.122650146, 179.495697021, 53.328540802, 301.074615479, 67.3328323364, 20.8357868195, 20.8799495697, 25.6361675262, -5.98379659653, 38.645942688, 64.7467956543], [-545.964172363, -147.846038818, 131.177154541, 19.7272434235, -104.65864563, 67.3328323364, 264.694488525, 103.078804016, 26.4528503418, 39.1286849976, -8.63090705872, 59.9659423828, 28.0626239777], [-265.51739502, -108.961982727, 99.3206710815, 41.8535346985, -106.292251587, 20.8357868195, 103.078804016, 163.255279541, 53.4509239197, 7.03949260712, -9.42978191376, 39.3572349548, 39.2318534851], [-132.197784424, -118.447349548, -9.12357807159, 50.8096809387, -19.7216205597, 20.8799495697, 26.4528503418, 53.4509239197, 140.687911987, 62.3239402771, -8.93471050262, 25.4091930389, 41.4215736389], [-229.12272644, -278.349914551, 41.4008789062, 68.8730010986, -18.1800289154, 25.6361675262, 39.1286849976, 7.03949260712, 62.3239402771, 177.391799927, 0.105466328561, -9.99443054199, 16.5171051025], [28.4137935638, 125.348777771, -24.8633480072, -114.147125244, -36.1530761719, -5.98379659653, -8.63090705872, -9.42978191376, -8.93471050262, 0.105466328561, 118.390602112, 45.795955658, -35.8268890381], [-253.225570679, 77.2937698364, 71.993850708, -68.0632019043, -76.5293655396, 38.645942688, 59.9659423828, 39.3572349548, 25.4091930389, -9.99443054199, 45.795955658, 137.185058594, 0.187101081014], [-569.873901367, -193.15826416, 136.641540527, 186.790847778, 34.9370689392, 64.7467956543, 28.0626239777, 39.2318534851, 41.4215736389, 16.5171051025, -35.8268890381, 0.187101081014, 144.57119751]]
        icov: [[0.000257023610175, 0.000194358770386, 0.000253018748481, -2.92778645417e-06, 0.000188932579476, 0.000117520918138, 0.000346071843524, 6.9093053753e-05, -0.000155845336849, 0.000487315875944, 5.57321800443e-05, 0.000176480039954, 0.000855805817991], [0.000194358770386, 0.000778970541432, -0.000121808952827, 0.000693384034093, -0.000459456554381, 0.000622964929789, 0.000288230919978, 7.61596675147e-05, -0.000343757739756, 0.00107634963933, -8.18098997115e-05, -8.34434104036e-05, 0.000736917543691], [0.000253018748481, -0.000121808952827, 0.00239858753048, -0.00101008475758, 0.000840552616864, -0.00195640302263, 0.000448994513135, -0.000749084283598, 0.00139147229493, -0.000280477164779, 0.000129792795633, -0.000507493503392, 0.000328013935359], [-2.92778645417e-06, 0.000693384034093, -0.00101008475758, 0.00357601884753, -0.00160205364227, 0.000254020647844, 0.000269099575235, -0.000603426073212, -0.000346743297996, 4.24017707701e-05, 0.00109352101572, 0.000703434809111, -0.0020012948662], [0.000188932579476, -0.000459456554381, 0.000840552616864, -0.00160205364227, 0.00308409286663, -0.000956973002758, 0.000481550465338, 0.00139961251989, -5.20821413375e-05, 0.00024803483393, -1.17919062177e-05, 0.000780520378612, 0.000598980172072], [0.000117520918138, 0.000622964929789, -0.00195640302263, 0.000254020647844, -0.000956973002758, 0.00660276692361, -0.000904040352907, 0.00142698525451, -0.00140625867061, 0.00101895222906, -0.000519065884873, -0.000881517597008, 3.7906171201e-05], [0.000346071843524, 0.000288230919978, 0.000448994513135, 0.000269099575235, 0.000481550465338, -0.000904040352907, 0.00652660150081, -0.00341698294505, 0.00137610593811, -0.00111077737529, 0.00136071373709, -0.00176639587153, 0.000998211326078], [6.9093053753e-05, 7.61596675147e-05, -0.000749084283598, -0.000603426073212, 0.00139961251989, 0.00142698525451, -0.00341698294505, 0.0112384986132, -0.00419855630025, 0.00238379323855, -0.000121871991723, -0.000180640694452, -0.00060142041184], [-0.000155845336849, -0.000343757739756, 0.00139147229493, -0.000346743297996, -5.20821413375e-05, -0.00140625867061, 0.00137610593811, -0.00419855630025, 0.0121801579371, -0.00503962952644, 0.00122572167311, -0.00305433454923, -0.00303242891096], [0.000487315875944, 0.00107634963933, -0.000280477164779, 4.24017707701e-05, 0.00024803483393, 0.00101895222906, -0.00111077737529, 0.00238379323855, -0.00503962952644, 0.00969177670777, -0.0015204444062, 0.00225783814676, 0.00257868971676], [5.57321800443e-05, -8.18098997115e-05, 0.000129792795633, 0.00109352101572, -1.17919062177e-05, -0.000519065884873, 0.00136071373709, -0.000121871991723, 0.00122572167311, -0.0015204444062, 0.011717395857, -0.00404794234782, 0.00131060939748], [0.000176480039954, -8.34434104036e-05, -0.000507493503392, 0.000703434809111, 0.000780520378612, -0.000881517597008, -0.00176639587153, -0.000180640694452, -0.00305433454923, 0.00225783814676, -0.00404794234782, 0.0118662621826, 0.000351681665052], [0.000855805817991, 0.000736917543691, 0.000328013935359, -0.0020012948662, 0.000598980172072, 3.7906171201e-05, 0.000998211326078, -0.00060142041184, -0.00303242891096, 0.00257868971676, 0.00131060939748, 0.000351681665052, 0.0142570072785]]
    spectral_contrast:
        mean: [3.32634215283e-07, -9.57028944981e-08, -3.13000413144e-07, -1.1664339894e-07, -2.54992329474e-07, -2.4009116828e-07, -1.91738408262e-07, 2.61500167653e-06, -1.45483988945e-06, 1.69447491771e-06, -1.36725759603e-06, 1.0312211316e-06]
        var: [0.000953415874392, 0.00180416519288, 0.00256895832717, 0.00285788346082, 0.00498795462772, 0.0213654302061, 0.115205325186, 0.211060225964, 0.234306767583, 0.378792345524, 0.853587865829, 2.93510723114]

rhythm:
    beats_loudness:
        dmean: 0.00350901158527
        dmean2: 0.00624211225659
        dvar: 9.84065627563e-06
        dvar2: 1.73585158336e-05
        max: 0.0106613542885
        mean: 0.00289669656195
        min: 2.17834576688e-06
        var: 1.2874523236e-05
    beats_loudness_bass:
        dmean: 0.0190361849964
        dmean2: 0.0384822227061
        dvar: 0.00128979200963
        dvar2: 0.00363879464567
        max: 0.115904383361
        mean: 0.00996334664524
        min: 5.41125109521e-06
        var: 0.000767307530623
    bpm: 95.4007949829
    bpm_confidence: 0
    first_peak_bpm: 95
    first_peak_spread: 0
    first_peak_weight: 0.533333361149
    onset_rate: 3.98763012886
    second_peak_bpm: 105
    second_peak_spread: 0
    second_peak_weight: 0.40000000596
    beats_position: [0.0538593456149, 0.682805418968, 1.31175148487, 1.94069755077, 2.56964373589, 3.19858980179, 3.82753610611, 4.45648241043, 5.08542871475, 5.96211576462, 6.53107833862, 7.10004043579, 7.66900205612, 8.23796463013, 8.80692672729, 9.37588882446]
    bpm_estimates: [94.9782867432, 95.0525436401, 96.1715545654]
    bpm_intervals: [0.628946065903, 0.628946065903, 0.628946065903, 0.628946185112, 0.628946065903, 0.628946304321, 0.628946304321, 0.628946304321, 0.876687049866, 0.568962574005, 0.568962097168, 0.568961620331, 0.568962574005, 0.568962097168, 0.568962097168]
    onset_times: [0.0580498874187, 0.150929704309, 0.812698423862, 0.893968224525, 1.04489791393, 1.32353746891, 1.55573701859, 1.67183673382, 2.26394557953, 2.5890250206, 2.69351482391, 2.93732428551, 3.85451245308, 3.98222231865, 4.15637207031, 4.27247142792, 5.24770975113, 5.3754196167, 6.17650794983, 6.35065746307, 6.54802703857, 6.7570066452, 6.91954660416, 7.04725646973, 7.27945566177, 7.46521520615, 7.65097522736, 7.8251247406, 7.97605419159, 8.11537456512, 8.27791404724, 8.47528362274, 8.64943313599, 8.73070335388, 8.90485286713, 9.02095222473, 9.26476192474, 9.53179168701, 9.63628101349, 9.82204055786]
    rubato_start: [6.53107833862]
    rubato_stop: [9.37588882446]
    perceptual_tempo: "unknown"

sfx:
    inharmonicity:
        dmean: 0.0634626671672
        dmean2: 0.112070135772
        dvar: 0.0058757965453
        dvar2: 0.0159087907523
        max: 0.442815721035
        mean: 0.062594294548
        min: 0
        var: 0.00580498110503
    oddtoevenharmonicenergyratio:
        dmean: 7.75882577896
        dmean2: 14.0214071274
        dvar: 523.245422363
        dvar2: 1559.68029785
        max: 243.39100647
        mean: 5.83628606796
        min: 0
        var: 324.791900635
    pitch_after_max_to_before_max_energy_ratio: 22.5816802979
    pitch_centroid: 206.03755188
    pitch_max_to_total: 0.0918367356062
    pitch_min_to_total: 0.22193877399
    tristimulus:
        dmean: [0.194503843784, 0.26816868782, 0.162203252316]
        dmean2: [0.33202111721, 0.463844269514, 0.287178456783]
        dvar: [0.041935518384, 0.0499645285308, 0.032735068351]
        dvar2: [0.115047648549, 0.125875681639, 0.0882259756327]
        max: [1, 0.991834700108, 0.942086458206]
        mean: [0.250656694174, 0.540219008923, 0.171793088317]
        min: [0.00104908610228, 0, 0]
        var: [0.0561231970787, 0.0771942660213, 0.043315667659]

tonal:
    chords_changes_rate: 0.163265302777
    chords_number_rate: 0.0612244904041
    chords_strength:
        dmean: 0.0170895960182
        dmean2: 0.0230833347887
        dvar: 0.000178952759597
        dvar2: 0.000311632000376
        max: 0.628092288971
        mean: 0.410333007574
        min: 0.243561014533
        var: 0.00852819625288
    key_strength: 0.224197536707
    tuning_diatonic_strength: 0.271965682507
    tuning_equal_tempered_deviation: 0.243169382215
    tuning_frequency: 441.527557373
    tuning_nontempered_energy_ratio: 0.894802629948
    hpcp:
        dmean: [0.179886966944, 0.17087417841, 0.166657701135, 0.198511660099, 0.189763233066, 0.232764527202, 0.219900965691, 0.230848774314, 0.252243250608, 0.225849881768, 0.229570716619, 0.233051195741, 0.230366423726, 0.195149883628, 0.190359517932, 0.172741442919, 0.18464179337, 0.21424394846, 0.197202578187, 0.16963262856, 0.142469272017, 0.122240930796, 0.13005360961, 0.135175660253, 0.145801335573, 0.143987774849, 0.139480978251, 0.129311457276, 0.123940579593, 0.136526033282, 0.151873677969, 0.187286302447, 0.184300512075, 0.156408295035, 0.159773498774, 0.180174767971]
        dmean2: [0.3103505373, 0.29404976964, 0.287694364786, 0.339929401875, 0.325814753771, 0.399547725916, 0.377475231886, 0.377217322588, 0.433857679367, 0.387776136398, 0.401376754045, 0.398714989424, 0.405140250921, 0.3290335536, 0.3307543993, 0.303524404764, 0.33001896739, 0.36664429307, 0.334766387939, 0.27658495307, 0.256711304188, 0.215080499649, 0.218003422022, 0.234886556864, 0.255657166243, 0.251286864281, 0.242765799165, 0.23297649622, 0.22520083189, 0.233258768916, 0.259510695934, 0.321994930506, 0.304746955633, 0.257502526045, 0.262933343649, 0.305115461349]
        dvar: [0.0439305976033, 0.0406900271773, 0.0438152477145, 0.0599534250796, 0.0510973185301, 0.0585766881704, 0.055511713028, 0.0587094239891, 0.0622071586549, 0.0587196536362, 0.0653798505664, 0.0668891891837, 0.0648960918188, 0.057139493525, 0.0488026738167, 0.0461295023561, 0.0494352206588, 0.0608644373715, 0.0604009218514, 0.0505146086216, 0.047847494483, 0.0357499010861, 0.0370838865638, 0.0326171703637, 0.040615439415, 0.0416669249535, 0.0378718711436, 0.0334771983325, 0.0259231291711, 0.0327842310071, 0.0381204821169, 0.0545160137117, 0.0451354198158, 0.0360365137458, 0.0400599129498, 0.0461196377873]
        dvar2: [0.122278392315, 0.117845416069, 0.109300330281, 0.160572811961, 0.117479324341, 0.149331003428, 0.130391746759, 0.130891606212, 0.141085550189, 0.137410998344, 0.164236843586, 0.180884867907, 0.171308010817, 0.149078503251, 0.128337725997, 0.108762867749, 0.129400014877, 0.168820172548, 0.157387197018, 0.122922100127, 0.127392441034, 0.0882638469338, 0.0889397859573, 0.0738840997219, 0.098515175283, 0.110508419573, 0.104171916842, 0.0932966023684, 0.0694291293621, 0.0914924666286, 0.0946097299457, 0.150985002518, 0.113147698343, 0.0873870030046, 0.0932403281331, 0.116241507232]
        max: [1, 1, 1, 1, 1, 1, 1, 1, 1, 1, 1, 1, 1, 1, 1, 1, 1, 1, 1, 1, 1, 1, 1, 1, 1, 1, 1, 1, 0.897011756897, 1, 1, 1, 1, 1, 1, 1]
        mean: [0.206569880247, 0.19619782269, 0.207819566131, 0.243774861097, 0.251749068499, 0.259572774172, 0.297468990088, 0.316906958818, 0.291321665049, 0.255354076624, 0.242247521877, 0.242868319154, 0.265192121267, 0.256415694952, 0.221781134605, 0.229360073805, 0.234812483191, 0.241518422961, 0.222440615296, 0.17976398766, 0.15406820178, 0.139192432165, 0.139832898974, 0.140378400683, 0.146816134453, 0.148885324597, 0.140940457582, 0.133437335491, 0.133603766561, 0.143323540688, 0.163271918893, 0.201313763857, 0.214375451207, 0.189910203218, 0.193376794457, 0.2095143646]
        min: [0.000154124791152, 8.35664686747e-05, 3.32489835273e-05, 4.75183369417e-05, 7.13661647751e-05, 6.69896908221e-05, 0.00010721214494, 0.000172520682099, 0.000419260119088, 0.000149058992974, 0.000310243456624, 0.000114150774607, 0.000196043722099, 0.000417604926042, 0.000305091263726, 0.000187597761396, 0.000365909887478, 0.000426063430496, 0.000439004827058, 0.000255579536315, 6.90174492775e-05, 4.56787674921e-05, 5.24308925378e-05, 8.88863796717e-05, 6.67025669827e-05, 3.87636828236e-05, 0.000202989132958, 0.000174760018126, 0.000242580179474, 0.00030291985604, 0.000144043078762, 0.000346233020537, 7.1490125265e-05, 5.98251972406e-05, 0.000196887704078, 0.000255117745837]
        var: [0.0601765178144, 0.0530819781125, 0.0610651150346, 0.0846782028675, 0.0875456258655, 0.0846048146486, 0.100455164909, 0.119453422725, 0.0949068069458, 0.0834894925356, 0.0812868922949, 0.0840979143977, 0.0896966829896, 0.0801132768393, 0.0577270947397, 0.0736005157232, 0.0697597414255, 0.0738001614809, 0.0732802450657, 0.0632007494569, 0.0494249984622, 0.0396887250245, 0.0440153703094, 0.0421841032803, 0.046184450388, 0.0445973351598, 0.03821792081, 0.0341408923268, 0.0297082122415, 0.0385571680963, 0.0491557754576, 0.0660632178187, 0.0685708522797, 0.0489464811981, 0.0586613789201, 0.0652749761939]
    chords_histogram: [0.510204076767, 1.02040815353, 20.4081630707, 0, 0, 4.08163261414, 11.2244901657, 3.0612244606, 0, 13.2653064728, 3.0612244606, 4.59183692932, 0, 0, 0, 2.04081630707, 5.10204076767, 9.69387722015, 0, 0, 21.9387760162, 0, 0, 0]
    thpcp: [1, 0.919265627861, 0.805769860744, 0.764412105083, 0.766371071339, 0.836813807487, 0.809119820595, 0.699830412865, 0.723745763302, 0.740950882435, 0.7621114254, 0.701911449432, 0.567245304585, 0.486162245274, 0.439221769571, 0.441242754459, 0.442964076996, 0.463278353214, 0.469807684422, 0.444737643003, 0.42106154561, 0.421586722136, 0.452257484198, 0.51520460844, 0.635245621204, 0.676461815834, 0.599261701107, 0.61020052433, 0.661122620106, 0.651831328869, 0.619102299213, 0.655774712563, 0.769231617451, 0.794394254684, 0.819081962109, 0.938663482666]
    chords_key: "A#"
    chords_scale: "minor"
    key_key: "C"
    key_scale: "minor"
    chords_progression: ["G#m", "G#m", "G#m", "G#m", "G#m", "G#m", "G#m", "G#m", "G#m", "G#m", "Gm", "Gm", "Gm", "Gm", "Gm", "Gm", "Gm", "Gm", "Gm", "Gm", "Gm", "Gm", "G", "G", "D#", "Gm", "Gm", "Gm", "Gm", "Gm", "Gm", "Gm", "Gm", "Gm", "Gm", "Cm", "Gm", "Gm", "G", "G", "G", "G", "G", "G", "G", "G", "G", "G", "G", "G", "G", "G", "G", "G", "G", "G", "G", "Gm", "G", "Gm", "D#", "G", "Gm", "E", "C", "C", "C", "C", "C", "C", "E", "F", "F", "F", "F", "F", "F", "Am", "Am", "E", "Am", "E", "Am", "Am", "Am", "Am", "Am", "Am", "Am", "Am", "Am", "Am", "Am", "Am", "Am", "Am", "Am", "Am", "Am", "Am", "Am", "F", "F", "D", "D", "D", "D", "D", "D", "D", "D", "Gm", "D", "Gm", "Gm", "Gm", "Gm", "Gm", "Gm", "Gm", "Gm", "Gm", "Gm", "Gm", "Gm", "G", "G", "G", "Bm", "Bm", "Bm", "A#m", "A#m", "A#m", "A#m", "A#m", "A#m", "A#m", "A#m", "A#m", "A#m", "A#m", "A#m", "A#m", "A#m", "A#m", "A#m", "A#m", "A#m", "A#m", "A#m", "A#m", "A#m", "A#m", "A#m", "A#m", "A#m", "A#m", "A#m", "A#m", "A#m", "A#m", "A#m", "A#m", "A#m", "A#m", "A#m", "A#m", "A#m", "A#m", "A#m", "A#m", "A#m", "A#m", "Bm", "Bm", "Bm", "B", "B", "B", "B", "B", "B", "B", "B", "B", "B", "B", "B", "B", "B", "B", "B", "B", "B", "B"]
