
metadata:
    version:
        essentia: "1.2.2"
    audio_properties:
        analysis_sample_rate: 44100
        bitrate: 128
        channels: 2
        equal_loudness: 1
        length: 10.0310201645
        replay_gain: -12.0126228333
        downmix: "mix"
    tags:
        track: 12
        year: 0
        album: "Splitted by Mp3Splt v. 2.1"
        artist: "From 001.50 To 002.00"
        comment: "http://mp3splt.sf.net"
        genre: ""
        title: "12 Ether.mp3"

highlevel:
    ballroom:
        all:
            ChaChaCha: 0.538611888885
            Jive: 0.0703117102385
            Quickstep: 0.0280762519687
            Rumba-American: 0.00526188779622
            Rumba-International: 0.0660804361105
            Rumba-Misc: 0.0488639622927
            Samba: 0.238050654531
            Tango: 0.00145581108518
            VienneseWaltz: 0.00213458598591
            Waltz: 0.0011528134346
        probability: 0.538611888885
        value: "ChaChaCha"
    culture:
        all:
            non_western: 0.115577556193
            western: 0.884422421455
        probability: 0.884422421455
        value: "western"
    gender:
        all:
            female: 0.979573369026
            male: 0.02042661421
        probability: 0.979573369026
        value: "female"
    genre_dortmund:
        all:
            alternative: 0.00645380467176
            blues: 0.0098326485604
            electronic: 0.0739113688469
            folkcountry: 0.00800197850913
            funksoulrnb: 0.100604742765
            jazz: 0.0573097877204
            pop: 0.0784605443478
            raphiphop: 0.634719848633
            rock: 0.0307052917778
        probability: 0.634719848633
        value: "raphiphop"
    genre_electronica:
        all:
            ambient: 0.106465868652
            dnb: 0.124587737024
            house: 0.713805854321
            techno: 0.0398349799216
            trance: 0.0153055684641
        probability: 0.713805854321
        value: "house"
    genre_rosamerica:
        all:
            cla: 0.00076345866546
            dan: 0.0131632899866
            hip: 0.0173359289765
            jaz: 0.00358680449426
            pop: 0.107799850404
            rhy: 0.848123371601
            roc: 0.00459164520726
            spe: 0.00463564600796
        probability: 0.848123371601
        value: "rhy"
    genre_tzanetakis:
        all:
            blu: 0.000703137891833
            cla: 0.000450293853646
            cou: 0.000693524139933
            dis: 0.00956978928298
            hip: 0.101895265281
            jaz: 0.000345035747159
            met: 0.000610796851106
            pop: 0.795893132687
            reg: 0.080263979733
            roc: 0.00957506429404
        probability: 0.795893132687
        value: "pop"
    live_studio:
        all:
            live: 0.00479736272246
            studio: 0.995202660561
        probability: 0.995202660561
        value: "studio"
    mood:
        all:
            Cluster1: 0.168754786253
            Cluster2: 0.473300814629
            Cluster3: 0.0812875926495
            Cluster4: 0.222740724683
            Cluster5: 0.053916066885
        probability: 0.473300814629
        value: "Cluster2"
    mood_acoustic:
        all:
            acoustic: 0.0792117714882
            not_acoustic: 0.920788228512
        probability: 0.920788228512
        value: "not_acoustic"
    mood_aggressive:
        all:
            aggressive: 0.0321741737425
            not_aggressive: 0.967825829983
        probability: 0.967825829983
        value: "not_aggressive"
    mood_electronic:
        all:
            electronic: 0.927508592606
            not_electronic: 0.0724914222956
        probability: 0.927508592606
        value: "electronic"
    mood_happy:
        all:
            happy: 0.692106187344
            not_happy: 0.307893782854
        probability: 0.692106187344
        value: "happy"
    mood_party:
        all:
            not_party: 0.17747078836
            party: 0.822529196739
        probability: 0.822529196739
        value: "party"
    mood_relaxed:
        all:
            not_relaxed: 0.835916042328
            relaxed: 0.164083972573
        probability: 0.835916042328
        value: "not_relaxed"
    mood_sad:
        all:
            not_sad: 0.817740797997
            sad: 0.182259202003
        probability: 0.817740797997
        value: "not_sad"
    rhythm:
        all:
            fast: 0.119327262044
            medium: 0.71387809515
            slow: 0.166794613004
        probability: 0.71387809515
        value: "medium"
    speech_music:
        all:
            music: 0.997222363949
            speech: 0.00277761160396
        probability: 0.997222363949
        value: "music"
    timbre:
        all:
            bright: 0.423880398273
            dark: 0.576119601727
        probability: 0.576119601727
        value: "dark"
    voice_instrumental:
        all:
            instrumental: 0.518690407276
            voice: 0.481309622526
        probability: 0.518690407276
        value: "instrumental"

lowlevel:
    average_loudness: 0.931134700775
    barkbands_kurtosis:
        dmean: 6.31785869598
        dmean2: 9.83839130402
        dvar: 120.393341064
        dvar2: 272.394165039
        max: 128.336715698
        mean: 6.94893312454
        min: -1.9468729496
        var: 198.34147644
    barkbands_skewness:
        dmean: 0.998338937759
        dmean2: 1.41233813763
        dvar: 1.01596915722
        dvar2: 2.13555026054
        max: 9.24528503418
        mean: 1.59787690639
        min: -2.99927997589
        var: 3.12643122673
    barkbands_spread:
        dmean: 7.75570201874
        dmean2: 12.3343353271
        dvar: 94.4366455078
        dvar2: 198.285324097
        max: 89.7625045776
        mean: 19.614276886
        min: 0.833351910114
        var: 197.244125366
    dissonance:
        dmean: 0.0330237410963
        dmean2: 0.0519421882927
        dvar: 0.00108303618617
        dvar2: 0.00237149442546
        max: 0.499832689762
        mean: 0.439796358347
        min: 0.117493659258
        var: 0.00212506554089
    hfc:
        dmean: 2.74409985542
        dmean2: 3.74343085289
        dvar: 49.4691963196
        dvar2: 95.7116165161
        max: 64.0232162476
        mean: 4.28617238998
        min: 2.93604421131e-06
        var: 82.631111145
    pitch:
        dmean: 598.453491211
        dmean2: 1162.67602539
        dvar: 1642425.125
        dvar2: 4197443.5
        max: 5512.5
        mean: 851.740356445
        min: 48.0392150879
        var: 2047396.875
    pitch_instantaneous_confidence:
        dmean: 0.12812551856
        dmean2: 0.207726404071
        dvar: 0.0142387077212
        dvar2: 0.0349177382886
        max: 0.91978675127
        mean: 0.474331200123
        min: 0.0933892130852
        var: 0.0356710404158
    pitch_salience:
        dmean: 0.0982680991292
        dmean2: 0.155437141657
        dvar: 0.00735757546499
        dvar2: 0.0203760154545
        max: 0.842693567276
        mean: 0.575859308243
        min: 0.199311837554
        var: 0.014714143239
    silence_rate_20dB:
        dmean: 0
        dmean2: 0
        dvar: 0
        dvar2: 0
        max: 1
        mean: 1
        min: 1
        var: 0
    silence_rate_30dB:
        dmean: 0
        dmean2: 0
        dvar: 0
        dvar2: 0
        max: 1
        mean: 1
        min: 1
        var: 0
    silence_rate_60dB:
        dmean: 0.186046510935
        dmean2: 0.372960358858
        dvar: 0.151433706284
        dvar2: 0.28980499506
        max: 1
        mean: 0.621809720993
        min: 0
        var: 0.235162839293
    spectral_centroid:
        dmean: 346.441802979
        dmean2: 513.590942383
        dvar: 289412.8125
        dvar2: 564390.4375
        max: 5836.33447266
        mean: 945.309448242
        min: 99.3792724609
        var: 614546.125
    spectral_complexity:
        dmean: 3.07710289955
        dmean2: 4.31381750107
        dvar: 28.7487678528
        dvar2: 47.4893379211
        max: 49
        mean: 7.57808876038
        min: 0
        var: 71.6611862183
    spectral_crest:
        dmean: 3.30932188034
        dmean2: 5.24432659149
        dvar: 8.84261417389
        dvar2: 22.566160202
        max: 24.3915405273
        mean: 10.2077264786
        min: 3.46344089508
        var: 20.8571739197
    spectral_decrease:
        dmean: 4.95783580856e-10
        dmean2: 7.87420795234e-10
        dvar: 5.38728825982e-19
        dvar2: 1.35320596058e-18
        max: -4.78947876706e-15
        mean: -8.40546687808e-10
        min: -5.31745403265e-09
        var: 7.65723884775e-19
    spectral_energy:
        dmean: 0.00209376611747
        dmean2: 0.00326795992441
        dvar: 1.02792137113e-05
        dvar2: 2.45617065957e-05
        max: 0.0248383693397
        mean: 0.00356118194759
        min: 1.83429182954e-08
        var: 1.57221620611e-05
    spectral_energyband_high:
        dmean: 0.000201914604986
        dmean2: 0.000272559816949
        dvar: 4.87335057642e-07
        dvar2: 9.88937927104e-07
        max: 0.00704916846007
        mean: 0.00025487766834
        min: 6.18795431562e-11
        var: 6.72916428357e-07
    spectral_energyband_low:
        dmean: 0.000345919223037
        dmean2: 0.000580976367928
        dvar: 5.2037455589e-07
        dvar2: 1.37808967793e-06
        max: 0.00414099544287
        mean: 0.000438745162683
        min: 3.47033846104e-09
        var: 5.17929265698e-07
    spectral_energyband_middle_high:
        dmean: 0.000723399454728
        dmean2: 0.00101728481241
        dvar: 2.01108332476e-06
        dvar2: 4.04003321819e-06
        max: 0.0124560613185
        mean: 0.00122888130136
        min: 3.41320360864e-10
        var: 4.27469421993e-06
    spectral_energyband_middle_low:
        dmean: 0.0011850122828
        dmean2: 0.00205663638189
        dvar: 3.21922357216e-06
        dvar2: 8.79407980392e-06
        max: 0.00994847621769
        mean: 0.00163862807676
        min: 4.6404950993e-09
        var: 3.03596175399e-06
    spectral_flatness_db:
        dmean: 0.0369002968073
        dmean2: 0.0525235310197
        dvar: 0.0015167518286
        dvar2: 0.00331544689834
        max: 0.571024894714
        mean: 0.207644358277
        min: 0.0856867209077
        var: 0.00558558339253
    spectral_flux:
        dmean: 0.0149459671229
        dmean2: 0.0229411255568
        dvar: 0.000344837375451
        dvar2: 0.000653374765534
        max: 0.140324264765
        mean: 0.0362665355206
        min: 0.000135436028359
        var: 0.000626826426014
    spectral_kurtosis:
        dmean: 3.16864347458
        dmean2: 4.84651565552
        dvar: 51.9970321655
        dvar2: 95.5668182373
        max: 129.789230347
        mean: 7.58231925964
        min: -0.968784809113
        var: 235.249832153
    spectral_rms:
        dmean: 0.000503322691657
        dmean2: 0.000747223384678
        dvar: 3.58301576853e-07
        dvar2: 8.14584836917e-07
        max: 0.00492265727371
        mean: 0.00163207366131
        min: 4.23031087848e-06
        var: 8.10661276773e-07
    spectral_rolloff:
        dmean: 664.258422852
        dmean2: 1113.57348633
        dvar: 1239084.125
        dvar2: 2455624.75
        max: 8720.94726562
        mean: 1620.10986328
        min: 86.1328125
        var: 2164978.25
    spectral_skewness:
        dmean: 0.413090407848
        dmean2: 0.599374830723
        dvar: 0.343966394663
        dvar2: 0.626423299313
        max: 10.1064777374
        mean: 2.01354265213
        min: -0.230033427477
        var: 1.72815895081
    spectral_spread:
        dmean: 1168235.75
        dmean2: 1598521.5
        dvar: 2.78371578675e+12
        dvar2: 4.61544410317e+12
        max: 24798270
        mean: 5692869
        min: 727566.625
        var: 6.6796739625e+12
    spectral_strongpeak:
        dmean: 0.247878357768
        dmean2: 0.414038211107
        dvar: 0.210901334882
        dvar2: 0.455321311951
        max: 3.52404522896
        mean: 0.407219588757
        min: 0
        var: 0.368277013302
    zerocrossingrate:
        dmean: 0.0142331700772
        dmean2: 0.0159246008843
        dvar: 0.000293257326121
        dvar2: 0.000360310979886
        max: 0.25634765625
        mean: 0.0586392767727
        min: 0.00244140625
        var: 0.00142140081152
    barkbands:
        dmean: [1.56554699515e-06, 0.000136898175697, 0.00025455080322, 0.000356324017048, 0.000503963732626, 0.00029192015063, 0.000104741862742, 6.17362529738e-05, 0.000115369919513, 0.000100820288935, 0.000136923743412, 8.4043465904e-05, 4.60452902189e-05, 9.69685061136e-05, 6.04337437835e-05, 5.23960661667e-05, 6.72001260682e-05, 9.37871664064e-05, 0.000146369464346, 0.000162179567269, 8.82555832504e-05, 3.1829757063e-05, 4.55725830761e-06, 1.88135811641e-06, 1.29128989101e-06, 9.24067862229e-08, 7.44294958999e-10]
        dmean2: [2.47077059612e-06, 0.000217826323933, 0.000461936346255, 0.000666931911837, 0.000867438269779, 0.000487229030114, 0.000178420785232, 0.000101402329165, 0.00017670080706, 0.000163756150869, 0.000210164347664, 0.000136789880344, 7.58599126129e-05, 0.000157040733029, 9.24642808968e-05, 7.78085450293e-05, 0.000101697041828, 0.000135170659632, 0.000220269488636, 0.00024454088998, 0.000118388568808, 4.41020420112e-05, 6.61248714096e-06, 2.67120321951e-06, 2.0091231363e-06, 1.47133320638e-07, 1.15852638594e-09]
        dvar: [6.86226249436e-12, 5.75335121766e-08, 4.00745989282e-07, 9.31183706143e-07, 5.52209598936e-07, 3.11236647121e-07, 4.89440701301e-08, 1.10751647853e-08, 5.50341283656e-08, 5.70800224864e-08, 2.04428133088e-07, 6.25974081458e-08, 9.63802815335e-09, 4.31445030813e-08, 1.75533383384e-08, 1.64899010002e-08, 3.02088629667e-08, 7.35466016977e-08, 2.05846959034e-07, 3.08505661906e-07, 9.02893901866e-08, 9.47658751471e-09, 1.09400773163e-10, 1.38288607995e-11, 6.4546705654e-12, 4.16768772e-14, 5.95445260843e-18]
        dvar2: [1.56213063318e-11, 1.43366776229e-07, 1.13728162887e-06, 2.63961896962e-06, 1.49991808485e-06, 8.40427787807e-07, 1.38604647759e-07, 2.79981726692e-08, 1.28541159938e-07, 1.42716032769e-07, 4.94788707783e-07, 1.62901812928e-07, 2.70479478814e-08, 1.24957168168e-07, 4.13731484628e-08, 3.41434542861e-08, 6.17747559772e-08, 1.45210321989e-07, 4.33231605257e-07, 7.1649748179e-07, 1.57960016622e-07, 1.68680198698e-08, 2.22990820253e-10, 2.57735464915e-11, 1.43876811506e-11, 9.70909618436e-14, 9.00229015166e-18]
        max: [2.51092096732e-05, 0.00174549687654, 0.00348283629864, 0.00743270199746, 0.00519894715399, 0.00514238793403, 0.0017556353705, 0.00105425750371, 0.00315841683187, 0.00217455858365, 0.00535495718941, 0.00336852786131, 0.00113464577589, 0.00177819468081, 0.00127604592126, 0.00115870893933, 0.00138824107125, 0.00256236596033, 0.00420668488368, 0.00571294128895, 0.00290218251757, 0.000811224919744, 9.4115450338e-05, 5.22661903233e-05, 2.30861314776e-05, 1.68966596448e-06, 3.99992678979e-08]
        mean: [1.93455844055e-06, 0.000196361419512, 0.000240504319663, 0.00026842294028, 0.000598430342507, 0.000384725426557, 0.000119339056255, 7.84024596214e-05, 0.000178514455911, 0.000121910707094, 0.000178886388312, 0.000137242677738, 5.79799016123e-05, 0.000149176441482, 7.55773799028e-05, 5.69729527342e-05, 7.67691162764e-05, 0.0001150089156, 0.000179257200216, 0.000192821360542, 0.000107861022116, 3.55828124157e-05, 5.38133917871e-06, 2.43391923505e-06, 1.60408751526e-06, 8.75179964055e-08, 6.68547550653e-10]
        min: [1.89583093148e-12, 2.34261554599e-10, 2.07872385971e-09, 2.42535636019e-09, 1.64452040874e-09, 2.17010992509e-10, 2.5877347487e-10, 4.38152431004e-11, 4.46843118063e-11, 4.90370556661e-11, 7.82995820958e-11, 3.81541152839e-11, 5.31998022024e-11, 3.21999857333e-11, 2.3378051231e-11, 1.09715049545e-11, 1.20792178343e-11, 2.190580356e-11, 2.52780608945e-11, 1.32739739339e-11, 1.24802945756e-11, 8.92287979615e-12, 6.5103478164e-12, 6.29209314859e-12, 5.90823310415e-12, 5.88742769814e-12, 3.36290503027e-15]
        var: [1.1276235154e-11, 8.06594329106e-08, 2.73528115713e-07, 5.61508556984e-07, 6.19334400653e-07, 3.45280653846e-07, 4.71204764096e-08, 1.93776834578e-08, 1.52770070372e-07, 8.25962658269e-08, 3.42071217574e-07, 1.78969386866e-07, 1.19653691399e-08, 9.15432565307e-08, 2.71635940408e-08, 2.21345146656e-08, 4.21317096766e-08, 1.10878815462e-07, 3.04066531953e-07, 3.77054192313e-07, 1.40968580808e-07, 1.36303119902e-08, 1.50362194917e-10, 2.27664657959e-11, 8.29383957346e-12, 4.10498627549e-14, 5.86794564638e-18]
    mfcc:
        mean: [-801.643920898, 117.377998352, -14.3448438644, 43.0850372314, -12.6821804047, -3.70576500893, 0.251885443926, -12.6743631363, -11.2511014938, -8.84439277649, -9.47284603119, -11.3912143707, -6.52700471878]
        cov: [[12026.3134766, -1293.70593262, -2933.45385742, -1716.61486816, -1021.19482422, -565.20501709, -58.1129608154, -499.577423096, -423.945129395, 40.4486122131, -188.609085083, -370.697174072, -266.385406494], [-1293.70593262, 1946.06689453, 232.451202393, 83.2966537476, 395.506561279, 264.874694824, 455.535705566, 245.307815552, 100.915092468, 216.859085083, 121.05657959, 28.9215602875, -37.5061187744], [-2933.45385742, 232.451202393, 2069.28808594, 966.891479492, 585.303344727, 454.084197998, 85.862197876, 255.961196899, 279.47668457, 55.5867576599, 136.691513062, 185.82611084, 156.09085083], [-1716.61486816, 83.2966537476, 966.891479492, 1046.79467773, 395.274169922, 243.78578186, -60.7766189575, 205.134384155, 206.762664795, -40.6084480286, 54.6393051147, 183.836425781, 125.00378418], [-1021.19482422, 395.506561279, 585.303344727, 395.274169922, 583.014038086, 202.464447021, 76.271987915, 161.239501953, 162.152740479, 105.57749176, 65.0853652954, 114.951324463, 69.2395935059], [-565.20501709, 264.874694824, 454.084197998, 243.78578186, 202.464447021, 724.927001953, 447.069000244, 209.649108887, 158.747650146, 96.6462860107, 110.087005615, 34.7293701172, 33.5217056274], [-58.1129608154, 455.535705566, 85.862197876, -60.7766189575, 76.271987915, 447.069000244, 596.490600586, 154.739868164, 39.9904708862, 163.256622314, 69.7640533447, -22.8815326691, -35.3014602661], [-499.577423096, 245.307815552, 255.961196899, 205.134384155, 161.239501953, 209.649108887, 154.739868164, 227.222091675, 149.851226807, 78.2576370239, 72.3755264282, 68.2453842163, 50.95079422], [-423.945129395, 100.915092468, 279.47668457, 206.762664795, 162.152740479, 158.747650146, 39.9904708862, 149.851226807, 207.273086548, 110.683822632, 71.0600738525, 45.4245300293, 57.7763938904], [40.4486122131, 216.859085083, 55.5867576599, -40.6084480286, 105.57749176, 96.6462860107, 163.256622314, 78.2576370239, 110.683822632, 227.209320068, 71.262298584, -14.3256616592, 10.5157575607], [-188.609085083, 121.05657959, 136.691513062, 54.6393051147, 65.0853652954, 110.087005615, 69.7640533447, 72.3755264282, 71.0600738525, 71.262298584, 100.060394287, 37.9197158813, 30.0641460419], [-370.697174072, 28.9215602875, 185.82611084, 183.836425781, 114.951324463, 34.7293701172, -22.8815326691, 68.2453842163, 45.4245300293, -14.3256616592, 37.9197158813, 124.300567627, 61.2404441833], [-266.385406494, -37.5061187744, 156.09085083, 125.00378418, 69.2395935059, 33.5217056274, -35.3014602661, 50.95079422, 57.7763938904, 10.5157575607, 30.0641460419, 61.2404441833, 95.2141494751]]
        icov: [[0.000145222511492, 9.67182277236e-05, 0.000168708356796, 5.30420620635e-05, -4.9605255299e-06, -3.52837523678e-05, -1.28575638882e-05, 3.18251804856e-05, 4.43208373326e-05, -0.000151050582645, -2.71062599495e-05, 6.55637359159e-06, 8.65453766892e-05], [9.67182277236e-05, 0.000901176652405, 0.000151486805407, 1.8214514057e-05, -0.000619911705144, 0.000366559892427, -0.000577560800593, -0.00069229741348, 0.000423918449087, -0.000100379278592, -0.000761379895266, 0.0003352270287, 0.000610038812738], [0.000168708356796, 0.000151486805407, 0.00122637231834, -0.000653429189697, -0.00052404467715, -0.000203142481041, -0.000140382573591, 0.000355376017978, -0.000168856466189, 7.73339925217e-05, -0.00076211662963, 0.000383346807212, -0.000322542124195], [5.30420620635e-05, 1.8214514057e-05, -0.000653429189697, 0.0024710376747, -0.000395268551074, -0.000378335214918, 0.000482603849377, -0.000596033816691, -0.00107029255014, 0.000857410253957, 0.00108849396929, -0.0015241522342, 9.25300992094e-05], [-4.9605255299e-06, -0.000619911705144, -0.00052404467715, -0.000395268551074, 0.00375524186529, -0.000794356630649, 0.000931493472308, -9.07239082153e-05, -0.000154418099555, -0.00211373250932, 0.00197102106176, -0.00250814878382, 0.000380734942155], [-3.52837523678e-05, 0.000366559892427, -0.000203142481041, -0.000378335214918, -0.000794356630649, 0.00493519287556, -0.00455504842103, 0.00096516602207, -0.00371657987125, 0.0037075097207, -0.00286425021477, 0.00174348289147, -0.000860974250827], [-1.28575638882e-05, -0.000577560800593, -0.000140382573591, 0.000482603849377, 0.000931493472308, -0.00455504842103, 0.00761566124856, -0.00450111087412, 0.00640599429607, -0.00567418662831, 0.00212250393815, -0.000783029652666, 0.00206449162215], [3.18251804856e-05, -0.00069229741348, 0.000355376017978, -0.000596033816691, -9.07239082153e-05, 0.00096516602207, -0.00450111087412, 0.0150061994791, -0.0103990156204, 0.00353446276858, -0.00142782088369, -0.00327503471635, -0.00147937156726], [4.43208373326e-05, 0.000423918449087, -0.000168856466189, -0.00107029255014, -0.000154418099555, -0.00371657987125, 0.00640599429607, -0.0103990156204, 0.020366538316, -0.00949682574719, -0.000525758136064, 0.00214947178029, -0.001192642143], [-0.000151050582645, -0.000100379278592, 7.73339925217e-05, 0.000857410253957, -0.00211373250932, 0.0037075097207, -0.00567418662831, 0.00353446276858, -0.00949682574719, 0.0137810595334, -0.0060467380099, 0.0039456426166, -0.00186569755897], [-2.71062599495e-05, -0.000761379895266, -0.00076211662963, 0.00108849396929, 0.00197102106176, -0.00286425021477, 0.00212250393815, -0.00142782088369, -0.000525758136064, -0.0060467380099, 0.0200708247721, -0.00657976837829, -0.000547895790078], [6.55637359159e-06, 0.0003352270287, 0.000383346807212, -0.0015241522342, -0.00250814878382, 0.00174348289147, -0.000783029652666, -0.00327503471635, 0.00214947178029, 0.0039456426166, -0.00657976837829, 0.0184409171343, -0.00732816848904], [8.65453766892e-05, 0.000610038812738, -0.000322542124195, 9.25300992094e-05, 0.000380734942155, -0.000860974250827, 0.00206449162215, -0.00147937156726, -0.001192642143, -0.00186569755897, -0.000547895790078, -0.00732816848904, 0.0187918078154]]
    spectral_contrast:
        mean: [6.73113902394e-08, 2.28883919817e-07, -1.46931881773e-07, 3.35905703253e-08, -4.29667501578e-08, -1.88287813785e-07, -2.06365461963e-06, -1.31533136027e-06, -4.92259346174e-07, 8.40300458549e-07, 1.43926456531e-06, -1.28684894207e-06]
        var: [0.000795409141574, 0.00145364867058, 0.00155889138114, 0.00430297339335, 0.00646636495367, 0.0167729407549, 0.103820584714, 0.17116419971, 0.366609245539, 0.673981010914, 2.34354162216, 5.5962395668]

rhythm:
    beats_loudness:
        dmean: 0.0094233173877
        dmean2: 0.0191791877151
        dvar: 7.80974551162e-06
        dvar2: 1.4682177607e-05
        max: 0.0194289255887
        mean: 0.00872017163783
        min: 0.00160765193868
        var: 2.84249581455e-05
    beats_loudness_bass:
        dmean: 0.455072462559
        dmean2: 0.887667655945
        dvar: 0.0298953354359
        dvar2: 0.084214605391
        max: 0.730153381824
        mean: 0.213752448559
        min: 0.000129943378852
        var: 0.0656013339758
    bpm: 95.0486602783
    bpm_confidence: 0
    first_peak_bpm: 95
    first_peak_spread: 0.0714285969734
    first_peak_weight: 0.928571403027
    onset_rate: 5.78206348419
    second_peak_bpm: 0
    second_peak_spread: 0
    second_peak_weight: 0
    beats_position: [0.470763087273, 1.10180056095, 1.73283803463, 2.3638753891, 2.99491286278, 3.62595009804, 4.25698757172, 4.88802480698, 5.51906251907, 6.17422533035, 6.80569982529, 7.4371752739, 8.06865024567, 8.7001247406, 9.33160018921]
    bpm_estimates: [95.1871032715, 95.0579833984, 95.143699646, 94.9227523804, 95.0768203735, 95.0596237183, 95.120803833, 95.076423645, 95.0855941772, 95.0847854614, 95.1585006714, 94.99634552, 95.1202545166, 94.9334411621, 94.8893432617, 94.9364395142, 95.1259841919, 95.0185852051, 94.8908462524, 95.0879898071]
    bpm_intervals: [0.631037473679, 0.631037473679, 0.631037354469, 0.631037473679, 0.63103723526, 0.631037473679, 0.63103723526, 0.631037712097, 0.655162811279, 0.631474494934, 0.631475448608, 0.631474971771, 0.631474494934, 0.631475448608]
    onset_times: [0.104489795864, 0.46439909935, 0.638548731804, 0.777868509293, 1.09133791924, 1.4164172411, 1.57895696163, 1.64861679077, 1.72988665104, 2.00852608681, 2.04335594177, 2.08979582787, 2.20589566231, 2.36843538284, 2.65868473053, 2.84444451332, 2.99537420273, 3.1811337471, 3.32045340538, 3.48299312592, 3.63392281532, 3.94739222527, 4.22603178024, 4.43501138687, 4.59755086899, 4.71365070343, 4.86458063126, 5.07356023788, 5.21287965775, 5.34058952332, 5.53795909882, 5.71210861206, 5.85142850876, 5.99074840546, 6.14167785645, 6.35065746307, 6.48997735977, 6.66412687302, 6.80344676971, 6.97759628296, 7.12852621078, 7.27945566177, 7.44199562073, 7.60453510284, 7.75546503067, 7.91800451279, 8.06893444061, 8.24308395386, 8.39401340485, 8.55655288696, 8.70748329163, 8.87002277374, 9.02095222473, 9.32281208038, 9.69433116913, 9.81043052673, 9.91492080688, 9.97297096252]
    rubato_start: []
    rubato_stop: []
    perceptual_tempo: "unknown"

sfx:
    inharmonicity:
        dmean: 0.0406343527138
        dmean2: 0.0710736066103
        dvar: 0.00382429314777
        dvar2: 0.0101846642792
        max: 0.434055954218
        mean: 0.0355002209544
        min: 3.22877838244e-07
        var: 0.00376735208556
    oddtoevenharmonicenergyratio:
        dmean: 4.91874790192
        dmean2: 9.61700344086
        dvar: 347.741485596
        dvar2: 1050.35522461
        max: 193.619308472
        mean: 2.71236658096
        min: 7.77152934006e-07
        var: 181.135787964
    pitch_after_max_to_before_max_energy_ratio: 5.57675075531
    pitch_centroid: 256.194641113
    pitch_max_to_total: 0.470862478018
    pitch_min_to_total: 0.92540794611
    tristimulus:
        dmean: [0.247244313359, 0.238162562251, 0.0976286455989]
        dmean2: [0.423761665821, 0.423959195614, 0.174722284079]
        dvar: [0.0457278527319, 0.0471612848341, 0.0197126045823]
        dvar2: [0.124298095703, 0.133901357651, 0.0575592108071]
        max: [0.998375177383, 0.979011297226, 0.879430830479]
        mean: [0.519632995129, 0.364276260138, 0.092117369175]
        min: [0.00473211472854, 0, 0]
        var: [0.0884327813983, 0.0754394829273, 0.0196860544384]

tonal:
    chords_changes_rate: 0.0976744219661
    chords_number_rate: 0.0418604649603
    chords_strength:
        dmean: 0.015771817416
        dmean2: 0.0205313637853
        dvar: 0.000166033190908
        dvar2: 0.000274061108939
        max: 0.653541684151
        mean: 0.416512519121
        min: 0.252852410078
        var: 0.0113827306777
    key_strength: 0.652553737164
    tuning_diatonic_strength: 0.489369720221
    tuning_equal_tempered_deviation: 0.145466700196
    tuning_frequency: 440.254241943
    tuning_nontempered_energy_ratio: 0.854682445526
    hpcp:
        dmean: [0.14718170464, 0.139438003302, 0.130012437701, 0.111478798091, 0.119695164263, 0.151758298278, 0.208701014519, 0.19935323298, 0.165140420198, 0.177968159318, 0.198148995638, 0.23685066402, 0.258602261543, 0.245204120874, 0.21892978251, 0.192374110222, 0.161526292562, 0.14437200129, 0.16321079433, 0.142029464245, 0.150068566203, 0.143639683723, 0.109735861421, 0.109294563532, 0.117805607617, 0.112231127918, 0.123034514487, 0.152515515685, 0.174914866686, 0.182124525309, 0.161599010229, 0.143321216106, 0.170162022114, 0.190152972937, 0.175376832485, 0.172808334231]
        dmean2: [0.261552304029, 0.235872745514, 0.230338677764, 0.195323288441, 0.210499465466, 0.26065865159, 0.373041063547, 0.334521621466, 0.278495520353, 0.313949555159, 0.35315489769, 0.419458031654, 0.453423202038, 0.433803468943, 0.386219114065, 0.345378726721, 0.276828169823, 0.236582875252, 0.292207241058, 0.229282990098, 0.269331783056, 0.252177268267, 0.187865331769, 0.185456126928, 0.20412607491, 0.192385032773, 0.20903673768, 0.254146158695, 0.273414969444, 0.320029199123, 0.286896020174, 0.249420076609, 0.289055794477, 0.315955817699, 0.313139379025, 0.310242295265]
        dvar: [0.0444181226194, 0.0468610338867, 0.0391492880881, 0.0312436837703, 0.0302253235132, 0.0370936542749, 0.0670448467135, 0.0600628145039, 0.0529759116471, 0.0609401576221, 0.0644279122353, 0.0672401189804, 0.0709050148726, 0.0664256513119, 0.0622254759073, 0.0752932727337, 0.0479441918433, 0.0352774187922, 0.0453671291471, 0.0377961546183, 0.0456046164036, 0.038467053324, 0.0236445683986, 0.0301000662148, 0.0406724214554, 0.0297805853188, 0.0316390693188, 0.0378486290574, 0.0472380854189, 0.0480718426406, 0.0507186092436, 0.0394445620477, 0.0472689792514, 0.0516098476946, 0.0450631603599, 0.0486174151301]
        dvar2: [0.126375794411, 0.139980241656, 0.11147030443, 0.0828598886728, 0.0818390101194, 0.0910466834903, 0.16320887208, 0.153590112925, 0.135944187641, 0.153143540025, 0.169655889273, 0.173050746322, 0.195119082928, 0.189027830958, 0.170900329947, 0.191165685654, 0.130840554833, 0.0993843972683, 0.114796124399, 0.0885122269392, 0.123791903257, 0.107951134443, 0.0575725398958, 0.0672245845199, 0.106210567057, 0.0791764259338, 0.081438280642, 0.0889718234539, 0.102419920266, 0.119976446033, 0.131472826004, 0.0927437245846, 0.110386282206, 0.138091489673, 0.125844314694, 0.149286732078]
        max: [1, 1, 1, 1, 1, 1, 1, 1, 1, 1, 1, 1, 1, 1, 1, 1, 1, 1, 1, 1, 1, 1, 1, 1, 1, 1, 1, 1, 1, 1, 1, 1, 1, 1, 1, 1]
        mean: [0.136518850923, 0.130671828985, 0.120642721653, 0.113412708044, 0.114286102355, 0.148573115468, 0.21025274694, 0.187629207969, 0.14813002944, 0.154136091471, 0.165631517768, 0.232936695218, 0.32517054677, 0.303705573082, 0.20376932621, 0.152319744229, 0.131478145719, 0.154854491353, 0.179122120142, 0.147376477718, 0.132942765951, 0.136602833867, 0.116605602205, 0.104700572789, 0.0977236777544, 0.0929196551442, 0.135687768459, 0.237570956349, 0.264153391123, 0.190576136112, 0.150748118758, 0.14378015697, 0.191885560751, 0.219361156225, 0.171689212322, 0.145311161876]
        min: [1.56124610839e-06, 1.52421557686e-06, 0.000213889448787, 0.00030150267412, 0.000418671639636, 2.82411820081e-05, 2.01074658435e-06, 2.40643930738e-06, 1.74843917193e-05, 5.42225279787e-06, 1.56207916007e-05, 0.000403472367907, 0.000532656675205, 0.000171119070728, 0.000191716404515, 2.87073567051e-06, 2.22132371164e-06, 3.17356148116e-06, 2.44111629399e-06, 1.49549359776e-05, 0.000163291348144, 4.74458283861e-05, 4.9051737733e-05, 1.65770268268e-06, 2.581576382e-06, 2.7304104151e-06, 0.000429452105891, 0.000440128467744, 0.00109948031604, 0.000526234973222, 8.48803608733e-07, 4.5299714202e-07, 4.83374651594e-06, 9.64681930782e-06, 5.66922608414e-06, 7.45132092561e-06]
        var: [0.0468025431037, 0.0494630709291, 0.0391880907118, 0.033778693527, 0.0282485168427, 0.0442684218287, 0.0909889787436, 0.0698016956449, 0.0541293174028, 0.0614218898118, 0.0555788502097, 0.0751190558076, 0.102170459926, 0.0953783467412, 0.0671840682626, 0.0662141367793, 0.045500703156, 0.0441832616925, 0.058794375509, 0.0466229766607, 0.0422597974539, 0.0438105948269, 0.0301013495773, 0.0367452502251, 0.0351156964898, 0.027301279828, 0.0432572066784, 0.0928602442145, 0.112551629543, 0.0637201145291, 0.0582822747529, 0.0467259436846, 0.0660179257393, 0.0772016048431, 0.0507705286145, 0.047915160656]
    chords_histogram: [12.0930233002, 0, 32.558139801, 0, 3.25581383705, 2.32558131218, 0, 6.5116276741, 0, 0, 0, 8.37209320068, 8.83720970154, 0, 0, 0, 0, 0, 0, 0, 0, 3.25581383705, 22.7906970978, 0]
    thpcp: [1, 0.933988571167, 0.626653671265, 0.468430310488, 0.404335975647, 0.476225465536, 0.55085593462, 0.453228235245, 0.408840119839, 0.420095950365, 0.358598291874, 0.32198664546, 0.300530523062, 0.285756677389, 0.417281866074, 0.730604171753, 0.812353372574, 0.586080551147, 0.463597089052, 0.442168444395, 0.590107440948, 0.674603402615, 0.527997434139, 0.446876764297, 0.419837683439, 0.401856273413, 0.37101367116, 0.348779141903, 0.35146510601, 0.456908285618, 0.646592199802, 0.577017843723, 0.455545663834, 0.474016159773, 0.509368121624, 0.716352403164]
    chords_key: "C#"
    chords_scale: "minor"
    key_key: "F#"
    key_scale: "minor"
    chords_progression: ["C#m", "C#m", "C#m", "C#m", "C#m", "C#m", "C#m", "C#m", "C#m", "C#m", "C#m", "C#m", "C#m", "C#m", "C#m", "C#m", "C#m", "C#m", "C#m", "C#m", "C#m", "C#m", "C#m", "C#m", "C#m", "C#m", "C#m", "C#m", "C#m", "C#m", "C#m", "C#m", "C#m", "C#m", "C#m", "C#m", "C#m", "C#m", "C#m", "C#m", "C#m", "C#m", "C#m", "C#m", "C#m", "C#m", "C#m", "C#m", "C#m", "C#m", "C#m", "C#m", "C#m", "C#m", "C#m", "C#m", "C#m", "C#m", "C#m", "C#m", "C#m", "C#m", "C#m", "C#m", "C#m", "C#m", "C#m", "C#m", "C#m", "C#m", "F#m", "F#m", "F#m", "F#m", "F#m", "F#m", "F#m", "F#m", "F#m", "F#", "F#", "F#", "F#", "F#", "F#", "F#", "F#", "F#", "F#", "F#", "F#", "F#", "F#", "Cm", "Cm", "Cm", "Cm", "Cm", "Cm", "Cm", "Cm", "Cm", "Cm", "Cm", "Cm", "Cm", "Cm", "Cm", "Cm", "G#", "G#", "G#", "G#", "G#", "G#", "G#", "G#", "G#", "G#", "G#", "G#", "G#", "G#", "G#", "G#", "Cm", "G#", "Cm", "Cm", "G#", "Bm", "Bm", "Bm", "Bm", "Bm", "Bm", "Bm", "Bm", "F#m", "F#m", "F#m", "Bm", "Bm", "Bm", "B", "B", "G#m", "G#m", "G#m", "B", "B", "B", "Bm", "Bm", "Bm", "Bm", "Bm", "G", "G", "F#m", "F#m", "F#m", "F#m", "G#m", "G#m", "G#m", "G#m", "G", "G", "G", "G", "G", "Bm", "Bm", "Bm", "Bm", "Bm", "Bm", "Bm", "Bm", "Bm", "Bm", "Bm", "Bm", "Bm", "Bm", "Bm", "Bm", "Bm", "Bm", "Bm", "Bm", "Bm", "Bm", "Bm", "Bm", "Bm", "Bm", "Bm", "Bm", "Bm", "Bm", "Bm", "Bm", "Bm", "F#m", "F#m", "F#m", "F#m", "F#m", "F#m", "F#m", "F#m", "F#m", "F#m"]
