
metadata:
    version:
        essentia: "1.2.2"
    audio_properties:
        analysis_sample_rate: 44100
        bitrate: 128
        channels: 2
        equal_loudness: 1
        length: 10.0310201645
        replay_gain: -15.3029460907
        downmix: "mix"
    tags:
        track: 12
        year: 0
        album: "Splitted by Mp3Splt v. 2.1"
        artist: "From 001.50 To 002.00"
        comment: "http://mp3splt.sf.net"
        genre: ""
        title: "03 When I Look to the Sky.mp3"

highlevel:
    ballroom:
        all:
            ChaChaCha: 0.124912507832
            Jive: 0.522565722466
            Quickstep: 0.0672419816256
            Rumba-American: 0.0126644596457
            Rumba-International: 0.0537288747728
            Rumba-Misc: 0.0112941777334
            Samba: 0.108236178756
            Tango: 0.0139061361551
            VienneseWaltz: 0.069659948349
            Waltz: 0.0157900135964
        probability: 0.522565722466
        value: "Jive"
    culture:
        all:
            non_western: 0.0277123544365
            western: 0.972287654877
        probability: 0.972287654877
        value: "western"
    gender:
        all:
            female: 0.440449744463
            male: 0.559550225735
        probability: 0.559550225735
        value: "male"
    genre_dortmund:
        all:
            alternative: 0.056516032666
            blues: 0.0807967856526
            electronic: 0.022743223235
            folkcountry: 0.073934674263
            funksoulrnb: 0.0335565023124
            jazz: 0.0651406347752
            pop: 0.0834673792124
            raphiphop: 0.00403928756714
            rock: 0.579805493355
        probability: 0.579805493355
        value: "rock"
    genre_electronica:
        all:
            ambient: 0.342187821865
            dnb: 0.296081006527
            house: 0.0246437434107
            techno: 0.00529469270259
            trance: 0.331792742014
        probability: 0.342187821865
        value: "ambient"
    genre_rosamerica:
        all:
            cla: 0.0131282098591
            dan: 0.00770891550928
            hip: 0.0016538919881
            jaz: 0.0171087160707
            pop: 0.823089659214
            rhy: 0.0277543365955
            roc: 0.10865367204
            spe: 0.000902625150047
        probability: 0.823089659214
        value: "pop"
    genre_tzanetakis:
        all:
            blu: 0.00737358815968
            cla: 0.0324260592461
            cou: 0.233914807439
            dis: 0.0710041821003
            hip: 0.00289244251326
            jaz: 0.0322667658329
            met: 0.00875706225634
            pop: 0.24096468091
            reg: 0.0170433185995
            roc: 0.353357106447
        probability: 0.353357106447
        value: "roc"
    live_studio:
        all:
            live: 0.00754730869085
            studio: 0.992452681065
        probability: 0.992452681065
        value: "studio"
    mood:
        all:
            Cluster1: 0.263166964054
            Cluster2: 0.338733702898
            Cluster3: 0.145037010312
            Cluster4: 0.163854181767
            Cluster5: 0.0892081260681
        probability: 0.338733702898
        value: "Cluster2"
    mood_acoustic:
        all:
            acoustic: 0.036676555872
            not_acoustic: 0.96332347393
        probability: 0.96332347393
        value: "not_acoustic"
    mood_aggressive:
        all:
            aggressive: 0.403064340353
            not_aggressive: 0.596935689449
        probability: 0.596935689449
        value: "not_aggressive"
    mood_electronic:
        all:
            electronic: 0.0920778885484
            not_electronic: 0.9079220891
        probability: 0.9079220891
        value: "not_electronic"
    mood_happy:
        all:
            happy: 0.842124998569
            not_happy: 0.157875001431
        probability: 0.842124998569
        value: "happy"
    mood_party:
        all:
            not_party: 0.754442751408
            party: 0.245557278395
        probability: 0.754442751408
        value: "not_party"
    mood_relaxed:
        all:
            not_relaxed: 0.259623497725
            relaxed: 0.740376472473
        probability: 0.740376472473
        value: "relaxed"
    mood_sad:
        all:
            not_sad: 0.102246694267
            sad: 0.897753298283
        probability: 0.897753298283
        value: "sad"
    rhythm:
        all:
            fast: 0.909309744835
            medium: 0.072313003242
            slow: 0.018377231434
        probability: 0.909309744835
        value: "fast"
    speech_music:
        all:
            music: 0.621610283852
            speech: 0.378389716148
        probability: 0.621610283852
        value: "music"
    timbre:
        all:
            bright: 0.713117718697
            dark: 0.286882281303
        probability: 0.713117718697
        value: "bright"
    voice_instrumental:
        all:
            instrumental: 0.468135803938
            voice: 0.531864225864
        probability: 0.531864225864
        value: "voice"

lowlevel:
    average_loudness: 0.955612659454
    barkbands_kurtosis:
        dmean: 0.678138434887
        dmean2: 1.10217022896
        dvar: 1.53693628311
        dvar2: 3.14744758606
        max: 20.5818214417
        mean: -0.269318670034
        min: -1.84379601479
        var: 6.01570224762
    barkbands_skewness:
        dmean: 0.348536282778
        dmean2: 0.544196665287
        dvar: 0.120341926813
        dvar2: 0.277551114559
        max: 3.95246100426
        mean: 0.478764414787
        min: -1.43606472015
        var: 0.755817055702
    barkbands_spread:
        dmean: 4.14754676819
        dmean2: 6.40785264969
        dvar: 17.7279510498
        dvar2: 39.0049591064
        max: 55.3432426453
        mean: 29.785993576
        min: 4.02396726608
        var: 103.925506592
    dissonance:
        dmean: 0.0162454918027
        dmean2: 0.0271362680942
        dvar: 0.000245402334258
        dvar2: 0.000691755092703
        max: 0.496872931719
        mean: 0.465192854404
        min: 0.376038730145
        var: 0.000497656466905
    hfc:
        dmean: 1.72105455399
        dmean2: 2.47934150696
        dvar: 5.39318323135
        dvar2: 11.2027721405
        max: 31.4939365387
        mean: 7.36698484421
        min: 0.617792546749
        var: 30.0446338654
    pitch:
        dmean: 278.309875488
        dmean2: 541.984680176
        dvar: 664392.5
        dvar2: 1704585
        max: 4009.09082031
        mean: 695.137573242
        min: 73.5
        var: 1309475.75
    pitch_instantaneous_confidence:
        dmean: 0.0857991874218
        dmean2: 0.136590868235
        dvar: 0.00753971980885
        dvar2: 0.017462413758
        max: 0.854878604412
        mean: 0.500335216522
        min: 0.149858176708
        var: 0.0303608477116
    pitch_salience:
        dmean: 0.0564445629716
        dmean2: 0.0943689271808
        dvar: 0.00239458307624
        dvar2: 0.00570119265467
        max: 0.818316996098
        mean: 0.598336458206
        min: 0.291410923004
        var: 0.00687190704048
    silence_rate_20dB:
        dmean: 0
        dmean2: 0
        dvar: 0
        dvar2: 0
        max: 1
        mean: 1
        min: 1
        var: 0
    silence_rate_30dB:
        dmean: 0
        dmean2: 0
        dvar: 0
        dvar2: 0
        max: 1
        mean: 1
        min: 1
        var: 0
    silence_rate_60dB:
        dmean: 0.0719257518649
        dmean2: 0.1441860497
        dvar: 0.0667521432042
        dvar2: 0.13269919157
        max: 1
        mean: 0.331018507481
        min: 0
        var: 0.221445277333
    spectral_centroid:
        dmean: 226.125320435
        dmean2: 342.297729492
        dvar: 54818.6953125
        dvar2: 124386.664062
        max: 2860.64282227
        mean: 1355.52600098
        min: 338.129638672
        var: 279326.90625
    spectral_complexity:
        dmean: 2.53146862984
        dmean2: 3.93925237656
        dvar: 6.8364276886
        dvar2: 14.5196666718
        max: 33
        mean: 13.6465120316
        min: 2
        var: 41.6146011353
    spectral_crest:
        dmean: 1.85574245453
        dmean2: 3.03876018524
        dvar: 2.81083607674
        dvar2: 7.22641372681
        max: 20.9648609161
        mean: 7.78048563004
        min: 2.91761493683
        var: 8.63807106018
    spectral_decrease:
        dmean: 2.6157978561e-10
        dmean2: 4.18813372871e-10
        dvar: 1.04171572053e-19
        dvar2: 2.66714694995e-19
        max: -1.0859648597e-10
        mean: -1.14085796366e-09
        min: -3.42741390824e-09
        var: 3.55224157911e-19
    spectral_energy:
        dmean: 0.0011164698517
        dmean2: 0.00176057056524
        dvar: 1.85312785561e-06
        dvar2: 4.66102073915e-06
        max: 0.0142594324425
        mean: 0.00497406767681
        min: 0.000467153411591
        var: 7.12320252205e-06
    spectral_energyband_high:
        dmean: 0.000113802532724
        dmean2: 0.000171599458554
        dvar: 3.64659449303e-08
        dvar2: 7.69134658185e-08
        max: 0.00281053129584
        mean: 0.00028542187647
        min: 2.46156810135e-06
        var: 1.38436192287e-07
    spectral_energyband_low:
        dmean: 0.000140236967127
        dmean2: 0.000251858873526
        dvar: 1.42340013554e-07
        dvar2: 4.18685260684e-07
        max: 0.00366162811406
        mean: 0.000247008661972
        min: 1.25145402308e-06
        var: 1.30103188667e-07
    spectral_energyband_middle_high:
        dmean: 0.000523880938999
        dmean2: 0.00074547418626
        dvar: 5.52082497052e-07
        dvar2: 1.12363227345e-06
        max: 0.0106954518706
        mean: 0.00222821859643
        min: 6.52804956189e-05
        var: 3.3328894915e-06
    spectral_energyband_middle_low:
        dmean: 0.000714441470336
        dmean2: 0.00116581341717
        dvar: 8.65242895998e-07
        dvar2: 2.2140341116e-06
        max: 0.00909921247512
        mean: 0.00221342104487
        min: 0.000126099766931
        var: 2.00575004783e-06
    spectral_flatness_db:
        dmean: 0.0152495624498
        dmean2: 0.0223836302757
        dvar: 0.000194168751477
        dvar2: 0.000378407508833
        max: 0.290189057589
        mean: 0.157893031836
        min: 0.0795087963343
        var: 0.000888799608219
    spectral_flux:
        dmean: 0.00959171634167
        dmean2: 0.0151593852788
        dvar: 0.000107015919639
        dvar2: 0.000233267288422
        max: 0.102475829422
        mean: 0.0378364622593
        min: 0.00775310769677
        var: 0.000344982574461
    spectral_kurtosis:
        dmean: 1.52095925808
        dmean2: 2.43858289719
        dvar: 3.44017219543
        dvar2: 8.52920818329
        max: 22.9394416809
        mean: 4.26843357086
        min: 0.203748703003
        var: 8.00953197479
    spectral_rms:
        dmean: 0.000242042355239
        dmean2: 0.00037619023351
        dvar: 7.04610840785e-08
        dvar2: 1.69760639324e-07
        max: 0.00372983119451
        mean: 0.00211572670378
        min: 0.000675099552609
        var: 3.76448070938e-07
    spectral_rolloff:
        dmean: 416.408508301
        dmean2: 683.075073242
        dvar: 256184.390625
        dvar2: 591352.3125
        max: 4801.90429688
        mean: 2694.20458984
        min: 301.46484375
        var: 857905.875
    spectral_skewness:
        dmean: 0.205440595746
        dmean2: 0.323423087597
        dvar: 0.0448137074709
        dvar2: 0.102129794657
        max: 3.37971019745
        mean: 1.52980875969
        min: 0.464480280876
        var: 0.16263897717
    spectral_spread:
        dmean: 550778.6875
        dmean2: 725347.4375
        dvar: 514994831360
        dvar2: 717262028800
        max: 11177862
        mean: 4554704.5
        min: 1980027
        var: 1.58303269683e+12
    spectral_strongpeak:
        dmean: 0.338319271803
        dmean2: 0.57254242897
        dvar: 0.339184552431
        dvar2: 0.815602958202
        max: 5.78343391418
        mean: 0.719068050385
        min: 0.0314829126
        var: 0.943448662758
    zerocrossingrate:
        dmean: 0.00843622535467
        dmean2: 0.00940625928342
        dvar: 6.74797556712e-05
        dvar2: 7.29867897462e-05
        max: 0.1494140625
        mean: 0.0796136930585
        min: 0.02099609375
        var: 0.000626408611424
    barkbands:
        dmean: [1.48048426851e-08, 3.302262121e-05, 0.000116439681733, 0.000138644230901, 0.000393621856347, 0.000250960642006, 9.36590658966e-05, 0.000135526584927, 9.69745233306e-05, 5.97311627644e-05, 4.38484530605e-05, 5.7584962633e-05, 4.44832148787e-05, 0.000112404115498, 0.000151732936502, 0.00012190558482, 0.000152502412675, 0.000142019009218, 0.000187924437341, 0.00010965202091, 5.63707362744e-05, 2.2887803425e-05, 4.94072901347e-06, 1.88825947589e-06, 7.80096286235e-07, 1.68465092543e-07, 3.34404037794e-09]
        dmean2: [2.19165876558e-08, 5.69595067645e-05, 0.000210925820284, 0.00024310714798, 0.000656674033962, 0.000399391050451, 0.000155018991791, 0.00021255442698, 0.00015359504323, 8.64956673468e-05, 6.63063474349e-05, 8.69204232004e-05, 6.91728419042e-05, 0.000160379437148, 0.000239874367253, 0.000177830137545, 0.000244033537456, 0.000222174683586, 0.000280247477349, 0.000173351145349, 8.60209984239e-05, 3.52091483364e-05, 8.02029990155e-06, 2.84465954792e-06, 1.13147427783e-06, 2.51858239153e-07, 3.59248208959e-09]
        dvar: [6.20554675422e-15, 5.55033041749e-09, 1.00899690381e-07, 7.40113108577e-08, 3.50277645111e-07, 1.52970031309e-07, 4.41482974622e-08, 6.85035672632e-08, 4.39914771277e-08, 1.65763545112e-08, 7.38774419418e-09, 1.5291464095e-08, 7.72546648875e-09, 7.59500551339e-08, 8.27546742244e-08, 8.31134983059e-08, 1.04923884692e-07, 4.7219575805e-08, 7.28637914449e-08, 3.16143058399e-08, 8.80018102833e-09, 1.18591692022e-09, 8.14867548438e-11, 1.82764324508e-11, 1.88337886953e-12, 2.52770135552e-13, 3.79841549043e-15]
        dvar2: [6.70806217919e-15, 1.52594772374e-08, 3.00589505287e-07, 2.14355154071e-07, 9.08388699372e-07, 4.04981079782e-07, 1.0943028883e-07, 1.25070059198e-07, 1.14098959614e-07, 3.29376348418e-08, 1.40025822049e-08, 2.61254289313e-08, 1.73616658827e-08, 1.47947488927e-07, 2.08057358009e-07, 1.72760849182e-07, 2.15003652215e-07, 1.12192658719e-07, 1.56586111189e-07, 7.25128970203e-08, 1.83125266062e-08, 2.67375233065e-09, 2.0010075541e-10, 4.83987294686e-11, 3.98006020502e-12, 5.99982140793e-13, 3.80261253868e-15]
        max: [1.60741933541e-06, 0.000643075094558, 0.00304979155771, 0.00279449112713, 0.00504739722237, 0.00359585834667, 0.0024846077431, 0.0035513646435, 0.00189858418889, 0.00187668402214, 0.00182755081914, 0.00146241614129, 0.000906866393052, 0.0040022241883, 0.00284834345803, 0.00438305456191, 0.00462065311149, 0.00255593378097, 0.00288804224692, 0.00195134512614, 0.00112845853437, 0.000410187174566, 9.3681672297e-05, 6.2323975726e-05, 1.13349306048e-05, 4.13882844441e-06, 1.27918690396e-06]
        mean: [1.84073503107e-08, 5.24652532476e-05, 0.00019452701963, 0.000242179230554, 0.000837876694277, 0.000519276072737, 0.000146886726725, 0.000291247968562, 0.000154003791977, 0.000129842432216, 9.45108477026e-05, 0.000141059732414, 8.57448103488e-05, 0.000215540916543, 0.000268498726655, 0.00022232226911, 0.000280050444417, 0.000277847721009, 0.000416787428549, 0.000198743437068, 0.000130485539557, 5.72098433622e-05, 1.13351661639e-05, 3.94198013964e-06, 1.47698915498e-06, 1.88630025377e-07, 3.37407324302e-09]
        min: [2.64794193516e-11, 1.59247164788e-07, 2.18906649252e-07, 9.51249035097e-07, 3.03937540593e-05, 1.0608593584e-05, 3.18940101351e-06, 4.79644222651e-06, 3.50925029124e-06, 2.73368982562e-06, 2.32667389355e-06, 3.63366575584e-06, 2.62102503257e-06, 2.6655993679e-06, 3.73189300262e-06, 6.06680396231e-06, 5.5378095567e-06, 1.30603484649e-06, 6.03964372203e-06, 2.16549642573e-06, 6.08435982485e-07, 3.45540314584e-07, 1.81430142021e-08, 3.4306175678e-09, 5.60076374168e-10, 8.35354355133e-11, 2.70177435112e-13]
        var: [6.40979519692e-15, 5.26924637256e-09, 1.04218472075e-07, 7.01023310512e-08, 6.81319704654e-07, 3.35639356308e-07, 5.81525085863e-08, 2.83356087039e-07, 6.19876487917e-08, 5.59225483698e-08, 3.5442425883e-08, 6.3726112387e-08, 1.72517431452e-08, 3.34932451551e-07, 1.92111201613e-07, 1.63814561915e-07, 2.3104158231e-07, 1.07547293737e-07, 2.57022321648e-07, 6.89747849947e-08, 3.36623742214e-08, 5.10177899926e-09, 2.22836860075e-10, 3.63352473109e-11, 4.26944764265e-12, 2.65436219012e-13, 3.79458054876e-15]
    mfcc:
        mean: [-705.278625488, 118.188262939, -47.6396865845, 50.0117034912, -12.0557460785, -2.40626358986, -11.2223920822, -9.03991889954, -8.04969978333, -6.71969985962, -6.37000989914, -11.1499757767, -6.71108436584]
        cov: [[2211.89819336, -1158.234375, 85.8346481323, -33.2845726013, -89.4534988403, -26.6827583313, -44.6314048767, 72.9667205811, -145.217788696, -18.8075027466, 96.2434158325, 0.616498589516, -54.6899757385], [-1158.234375, 939.833251953, -150.926315308, -24.7386474609, 39.0605278015, 36.9027328491, 2.19367313385, -15.6100215912, 61.8965873718, 21.1966876984, -21.5845527649, 7.4638004303, 82.2376327515], [85.8346481323, -150.926315308, 257.01171875, 56.5776519775, 16.679983139, -2.94854712486, 32.8100738525, -24.6091384888, 10.7077665329, -4.99686431885, -29.9713668823, 7.0853972435, -10.4610652924], [-33.2845726013, -24.7386474609, 56.5776519775, 250.985473633, 58.0147247314, -2.40429782867, -17.9875640869, -8.44853687286, 61.3088035583, -37.6666030884, -23.1158351898, 8.68200492859, 25.9540920258], [-89.4534988403, 39.0605278015, 16.679983139, 58.0147247314, 120.595787048, 17.8984184265, 1.00932145119, -3.67759084702, 34.2587127686, -1.97108972073, 5.12123727798, 5.35869312286, 11.7014932632], [-26.6827583313, 36.9027328491, -2.94854712486, -2.40429782867, 17.8984184265, 102.057281494, 18.965013504, 12.4720144272, 2.44872927666, -5.88122415543, 27.4051647186, 7.18794393539, -2.38769698143], [-44.6314048767, 2.19367313385, 32.8100738525, -17.9875640869, 1.00932145119, 18.965013504, 155.479385376, 5.05680322647, 14.860994339, 48.941242218, 8.90528869629, 46.2663726807, -12.9420080185], [72.9667205811, -15.6100215912, -24.6091384888, -8.44853687286, -3.67759084702, 12.4720144272, 5.05680322647, 86.7147903442, -5.93722867966, -13.981959343, 17.6509227753, 2.85449099541, 11.869512558], [-145.217788696, 61.8965873718, 10.7077665329, 61.3088035583, 34.2587127686, 2.44872927666, 14.860994339, -5.93722867966, 120.881698608, -3.71607875824, -9.13127231598, 23.8144798279, 23.7522983551], [-18.8075027466, 21.1966876984, -4.99686431885, -37.6666030884, -1.97108972073, -5.88122415543, 48.941242218, -13.981959343, -3.71607875824, 109.373161316, -1.52790534496, 10.1971349716, -14.1453323364], [96.2434158325, -21.5845527649, -29.9713668823, -23.1158351898, 5.12123727798, 27.4051647186, 8.90528869629, 17.6509227753, -9.13127231598, -1.52790534496, 78.8258743286, 0.412368029356, -3.86493611336], [0.616498589516, 7.4638004303, 7.0853972435, 8.68200492859, 5.35869312286, 7.18794393539, 46.2663726807, 2.85449099541, 23.8144798279, 10.1971349716, 0.412368029356, 81.7702178955, 16.2853088379], [-54.6899757385, 82.2376327515, -10.4610652924, 25.9540920258, 11.7014932632, -2.38769698143, -12.9420080185, 11.869512558, 23.7522983551, -14.1453323364, -3.86493611336, 16.2853088379, 71.1686553955]]
        icov: [[0.00170174660161, 0.00217855698429, 0.000304258923279, 3.17073172482e-05, 0.00044745625928, -0.000184915552381, 0.000625743938144, -0.000502888811752, 0.000929322384764, -0.000576384423766, -0.00125050521456, -0.00049715815112, -0.00143749231938], [0.00217855698429, 0.00429004849866, 0.00135340332054, 0.000399208103772, 0.000176504036062, -0.00101557490416, 0.000447150669061, 2.28284297918e-05, 0.000667356362101, -0.000956070900429, -0.000687035557348, -8.94971381058e-05, -0.00364498188719], [0.000304258923279, 0.00135340332054, 0.00528371939436, -0.000699411553796, -0.000546136405319, -0.000585054978728, -0.00157930096611, 0.00136407837272, 0.000200611641048, 0.00053366587963, 0.00191197404638, 0.000428161409218, -0.000697928480804], [3.17073172482e-05, 0.000399208103772, -0.000699411553796, 0.0056546619162, -0.00205425778404, 1.13445121315e-05, 0.000376605836209, 0.000301739055431, -0.00204477924854, 0.00147151760757, 0.00121525581926, -2.1635360099e-05, -0.00119974184781], [0.00044745625928, 0.000176504036062, -0.000546136405319, -0.00205425778404, 0.0104012042284, -0.00152795412578, 0.000609022798017, 0.000111330024083, -0.00149226374924, -0.00100996880792, -0.00177198508754, 5.34032624273e-05, -0.000671615824103], [-0.000184915552381, -0.00101557490416, -0.000585054978728, 1.13445121315e-05, -0.00152795412578, 0.011910780333, -0.00123727798928, -0.00110157870222, 0.000175683191628, 0.00139822566416, -0.00379251735285, -0.000610518676694, 0.00170386629179], [0.000625743938144, 0.000447150669061, -0.00157930096611, 0.000376605836209, 0.000609022798017, -0.00123727798928, 0.0104436893016, -0.00178233056795, -0.000650280271657, -0.00412723282352, -0.00154017284513, -0.00545521359891, 0.00221083848737], [-0.000502888811752, 2.28284297918e-05, 0.00136407837272, 0.000301739055431, 0.000111330024083, -0.00110157870222, -0.00178233056795, 0.0136554110795, 0.000395868584746, 0.00211549177766, -0.00131303432863, 0.000681459554471, -0.00291808205657], [0.000929322384764, 0.000667356362101, 0.000200611641048, -0.00204477924854, -0.00149226374924, 0.000175683191628, -0.000650280271657, 0.000395868584746, 0.0115157030523, -7.34615096007e-05, -0.000236075444263, -0.00226381933317, -0.00256757205352], [-0.000576384423766, -0.000956070900429, 0.00053366587963, 0.00147151760757, -0.00100996880792, 0.00139822566416, -0.00412723282352, 0.00211549177766, -7.34615096007e-05, 0.0121484966949, 0.000959825061727, 0.000247249670792, 0.00174793286715], [-0.00125050521456, -0.000687035557348, 0.00191197404638, 0.00121525581926, -0.00177198508754, -0.00379251735285, -0.00154017284513, -0.00131303432863, -0.000236075444263, 0.000959825061727, 0.017034612596, 0.000853385485243, 0.000773185340222], [-0.00049715815112, -8.94971381058e-05, 0.000428161409218, -2.1635360099e-05, 5.34032624273e-05, -0.000610518676694, -0.00545521359891, 0.000681459554471, -0.00226381933317, 0.000247249670792, 0.000853385485243, 0.0168075691909, -0.00433774478734], [-0.00143749231938, -0.00364498188719, -0.000697928480804, -0.00119974184781, -0.000671615824103, 0.00170386629179, 0.00221083848737, -0.00291808205657, -0.00256757205352, 0.00174793286715, 0.000773185340222, -0.00433774478734, 0.0207885354757]]
    spectral_contrast:
        mean: [1.14634978843e-07, 1.2521307724e-07, -4.78292633943e-07, 2.03886003192e-07, 2.25345402782e-07, 2.56546258015e-07, 4.52274480267e-06, -1.80054541943e-06, -3.36090488418e-06, -4.16116654378e-06, 1.0261009038e-06, -5.98929636908e-06]
        var: [0.000600278319325, 0.00118168920744, 0.00148328964133, 0.00271408050321, 0.00373470759951, 0.0052107651718, 0.0451641641557, 0.0805471092463, 0.0947373658419, 0.203118756413, 0.326032727957, 1.67063689232]

rhythm:
    beats_loudness:
        dmean: 0.00200939131901
        dmean2: 0.00334430881776
        dvar: 1.77244623956e-06
        dvar2: 5.76929733143e-06
        max: 0.00911943707615
        mean: 0.00627777026966
        min: 0.00168421503622
        var: 3.58631859854e-06
    beats_loudness_bass:
        dmean: 0.109758920968
        dmean2: 0.225544676185
        dvar: 0.0196721609682
        dvar2: 0.0571388490498
        max: 0.447343021631
        mean: 0.0927101075649
        min: 0.005903464742
        var: 0.0126434369013
    bpm: 80.4000167847
    bpm_confidence: 0
    first_peak_bpm: 80
    first_peak_spread: 0.125000059605
    first_peak_weight: 0.466666668653
    onset_rate: 3.68855810165
    second_peak_bpm: 117
    second_peak_spread: 0
    second_peak_weight: 0.466666668653
    beats_position: [0.1417247504, 0.887998580933, 1.63427245617, 2.38054633141, 3.12682008743, 3.87309384346, 4.61936759949, 5.3656411171, 6.07707023621, 6.59101676941, 7.10496234894, 7.61890792847, 8.13285446167, 8.6468000412, 9.16074562073, 9.67469120026]
    bpm_estimates: [80.4902954102, 80.2148895264, 80.1814727783, 80.1946868896, 80.7400054932, 80.5787582397]
    bpm_intervals: [0.746273815632, 0.746273875237, 0.746273875237, 0.746273756027, 0.746273756027, 0.746273756027, 0.746273517609, 0.71142911911, 0.513946533203, 0.513945579529, 0.513945579529, 0.513946533203, 0.513945579529, 0.513945579529, 0.513945579529]
    onset_times: [0.0580498874187, 0.476009070873, 0.882358253002, 1.26548755169, 1.45124721527, 1.63700675964, 1.82276642323, 2.00852608681, 2.38004541397, 2.76317453384, 3.03020405769, 3.12308382988, 3.32045340538, 3.5178232193, 3.87773251534, 4.2492518425, 4.5046710968, 4.62077093124, 5.00390005112, 5.22448968887, 5.38702964783, 5.73532867432, 5.93269824982, 6.00235843658, 6.13006782532, 6.19972801208, 6.52480745316, 6.73378705978, 6.88471651077, 7.25623559952, 7.63936519623, 8.01088428497, 8.26630401611, 8.38240337372, 8.71909332275, 9.11383247375, 9.69433116913]
    rubato_start: [6.59101676941]
    rubato_stop: [7.10496234894]
    perceptual_tempo: "unknown"

sfx:
    inharmonicity:
        dmean: 0.0462587215006
        dmean2: 0.0826376527548
        dvar: 0.00274995737709
        dvar2: 0.00793818663806
        max: 0.33890748024
        mean: 0.0452226512134
        min: 0
        var: 0.00247948314063
    oddtoevenharmonicenergyratio:
        dmean: 2.73913121223
        dmean2: 5.10900592804
        dvar: 38.3169174194
        dvar2: 113.48033905
        max: 43.1590003967
        mean: 1.88295888901
        min: 0
        var: 22.2212619781
    pitch_after_max_to_before_max_energy_ratio: 13.7716665268
    pitch_centroid: 266.341217041
    pitch_max_to_total: 0.0465116277337
    pitch_min_to_total: 0.132558137178
    tristimulus:
        dmean: [0.216757461429, 0.243239462376, 0.116464942694]
        dmean2: [0.378387987614, 0.424528986216, 0.208564519882]
        dvar: [0.039085958153, 0.0427935943007, 0.0159175954759]
        dvar2: [0.105349577963, 0.116253130138, 0.0498616211116]
        max: [1, 0.9708943367, 0.706028699875]
        mean: [0.337851703167, 0.496198773384, 0.125678643584]
        min: [0.00748511729762, 0, 0]
        var: [0.0575397908688, 0.0634431689978, 0.0154180405661]

tonal:
    chords_changes_rate: 0.0601851865649
    chords_number_rate: 0.0324074067175
    chords_strength:
        dmean: 0.010414688848
        dmean2: 0.00820905622095
        dvar: 9.05470151338e-05
        dvar2: 5.90516028751e-05
        max: 0.61396843195
        mean: 0.468757510185
        min: 0.256378769875
        var: 0.00671083340421
    key_strength: 0.543753266335
    tuning_diatonic_strength: 0.460314869881
    tuning_equal_tempered_deviation: 0.0995367839932
    tuning_frequency: 439.238189697
    tuning_nontempered_energy_ratio: 0.74201798439
    hpcp:
        dmean: [0.145423352718, 0.132871612906, 0.0991737619042, 0.0905174687505, 0.0847347676754, 0.0893865004182, 0.0892729014158, 0.116673022509, 0.163437604904, 0.135372653604, 0.1537232548, 0.122783571482, 0.0801606029272, 0.0917103588581, 0.173107534647, 0.152417346835, 0.157050609589, 0.116702795029, 0.0837904885411, 0.0920153707266, 0.103583872318, 0.114089883864, 0.0999894216657, 0.0936455130577, 0.0694933235645, 0.0712823271751, 0.068956181407, 0.0556320101023, 0.0490512922406, 0.075836032629, 0.0985155627131, 0.119356356561, 0.0877259001136, 0.0697953850031, 0.0890935733914, 0.137774914503]
        dmean2: [0.241196066141, 0.219165444374, 0.175752788782, 0.151471033692, 0.137112483382, 0.157087534666, 0.156803563237, 0.205220520496, 0.287283211946, 0.220431357622, 0.270557224751, 0.218967378139, 0.145490080118, 0.154067933559, 0.297032624483, 0.257234990597, 0.265129357576, 0.205946683884, 0.141966924071, 0.156209468842, 0.183539628983, 0.198474302888, 0.169171303511, 0.169718116522, 0.11732891947, 0.121452204883, 0.118822194636, 0.094690464437, 0.0831173807383, 0.129772111773, 0.161724805832, 0.207365378737, 0.152987331152, 0.112626247108, 0.144002854824, 0.235635861754]
        dvar: [0.0321085005999, 0.0230020359159, 0.0240689944476, 0.0196486916393, 0.0205279681832, 0.018147977069, 0.0253777746111, 0.0305723082274, 0.0452542938292, 0.0283456742764, 0.0492144487798, 0.0417746752501, 0.020592354238, 0.0212426781654, 0.0415534898639, 0.0384545363486, 0.0352494232357, 0.0268177762628, 0.0272292438895, 0.0317312069237, 0.0302801243961, 0.0284539461136, 0.0148556055501, 0.021342298016, 0.0137238660827, 0.0107309855521, 0.011514804326, 0.00659807678312, 0.00686743436381, 0.0175117310137, 0.0197819396853, 0.0264714304358, 0.0241830367595, 0.0151773598045, 0.0171718690544, 0.0300898626447]
        dvar2: [0.0846042707562, 0.0619185604155, 0.0674169287086, 0.0565987862647, 0.0582861676812, 0.0541461743414, 0.0672937333584, 0.0786005705595, 0.118425540626, 0.0722348615527, 0.131272926927, 0.114233143628, 0.0584465824068, 0.0607884004712, 0.108585506678, 0.0931430831552, 0.0915835350752, 0.0700243189931, 0.0707612633705, 0.0905913263559, 0.0931027308106, 0.075095705688, 0.0376084372401, 0.0680605471134, 0.0363722443581, 0.0303535573184, 0.0333861447871, 0.0168912000954, 0.0178355071694, 0.0465318746865, 0.0398485846817, 0.0728759840131, 0.0672281086445, 0.0408481135964, 0.0460977628827, 0.0901159197092]
        max: [1, 1, 1, 1, 1, 0.774247944355, 1, 1, 1, 1, 1, 1, 1, 0.870838880539, 1, 1, 1, 1, 1, 1, 1, 1, 1, 1, 1, 1, 0.57245862484, 0.49716308713, 0.533091783524, 0.92665374279, 1, 1, 1, 1, 1, 1]
        mean: [0.30498623848, 0.235805645585, 0.12854591012, 0.134065881371, 0.123712204397, 0.103091292083, 0.132620558143, 0.149641022086, 0.243130341172, 0.355494379997, 0.261067301035, 0.124013319612, 0.0788698345423, 0.0989769473672, 0.300221413374, 0.503898859024, 0.338804632425, 0.128584995866, 0.13172711432, 0.11459864676, 0.128287151456, 0.217160895467, 0.178767398, 0.136572897434, 0.188366606832, 0.137960508466, 0.081181652844, 0.0741707608104, 0.0550897680223, 0.104113467038, 0.199262276292, 0.174373269081, 0.101303510368, 0.0932123959064, 0.123130097985, 0.213338509202]
        min: [0.00552409654483, 0.0135380243883, 0.00318742217496, 0.00172736530658, 0.00106772175059, 0.000839211395942, 0.00044549696031, 0.00287731830031, 0.00338335731067, 0.00601551774889, 0.00723628373817, 0.00244754832238, 0.000974325870629, 0.0014292455744, 0.00359200499952, 0.00299485679716, 0.00628874870017, 0.00297493883409, 0.000943742925301, 0.000161838252097, 0.00216578901745, 0.00182592577767, 0.00117022870108, 0.00196991604753, 0.00124838238116, 0.0015329211019, 0.00165916560218, 0.000968593580183, 0.0013991832966, 0.0020624534227, 0.00675304792821, 0.00570789538324, 0.00124828983098, 0.000409019325161, 0.000677543692291, 0.00597648881376]
        var: [0.080818079412, 0.0465781912208, 0.0219588950276, 0.0424633733928, 0.0452367216349, 0.0181983504444, 0.0354338400066, 0.0360948331654, 0.0594342760742, 0.107590161264, 0.0797693654895, 0.0372525453568, 0.0146880960092, 0.0225326288491, 0.0809093341231, 0.15032659471, 0.0726164057851, 0.0284205339849, 0.060838650912, 0.0532577522099, 0.0325794443488, 0.0705073773861, 0.0412445366383, 0.0320054478943, 0.0890060141683, 0.0383909642696, 0.0110605591908, 0.00906380545348, 0.00621267268434, 0.0215685795993, 0.0541014745831, 0.0343402773142, 0.0209500622004, 0.0171740259975, 0.0248228944838, 0.0461561270058]
    chords_histogram: [26.851852417, 12.0370368958, 31.4814815521, 0, 0, 4.62962961197, 0, 5.55555534363, 0, 0, 0, 0, 0, 0, 0, 0, 0, 0, 0, 0, 0, 10.6481485367, 8.79629611969, 0]
    thpcp: [1, 0.672366321087, 0.255180180073, 0.261415779591, 0.227423906326, 0.254589080811, 0.430961281061, 0.354768425226, 0.271032363176, 0.373818278313, 0.273786097765, 0.161107033491, 0.147193744779, 0.109327033162, 0.206615805626, 0.395441025496, 0.346048146486, 0.201039373875, 0.184982344508, 0.244354784489, 0.423375666142, 0.605252861977, 0.467962265015, 0.255102604628, 0.266057133675, 0.24550999701, 0.204587265849, 0.263188838959, 0.29696637392, 0.482498288155, 0.705487549305, 0.518094658852, 0.246107563376, 0.156519174576, 0.196422249079, 0.595796942711]
    chords_key: "A"
    chords_scale: "minor"
    key_key: "D"
    key_scale: "minor"
    chords_progression: ["D", "D", "D", "D", "D", "D", "D", "D", "D", "D", "D", "D", "Dm", "Dm", "Dm", "Dm", "Dm", "Dm", "Dm", "Dm", "Dm", "Dm", "Dm", "Dm", "Dm", "Dm", "Dm", "Dm", "Dm", "Dm", "Dm", "Dm", "Dm", "Dm", "Dm", "Dm", "Dm", "Dm", "G", "Dm", "G", "G", "Dm", "Dm", "Dm", "Dm", "Dm", "Dm", "Dm", "Dm", "Dm", "Dm", "Dm", "Dm", "Dm", "Dm", "Dm", "Dm", "Dm", "Dm", "Dm", "Dm", "Dm", "Dm", "Dm", "Dm", "Dm", "Dm", "Dm", "Dm", "F", "F", "F", "F", "F", "F", "F", "F", "F", "F", "F", "F", "F", "F", "F", "F", "F", "F", "F", "F", "F", "F", "F", "F", "Am", "Am", "Am", "Am", "Am", "Am", "Am", "Am", "Am", "Am", "Am", "Am", "Am", "Am", "Am", "Am", "Am", "Am", "Am", "Am", "Am", "Am", "Am", "Am", "Am", "Am", "Am", "Am", "Am", "Am", "Am", "Am", "Am", "Am", "Am", "Am", "Am", "Am", "D#", "D#", "D#", "D#", "D#", "D#", "D#", "D#", "D#", "D#", "D#", "D#", "D#", "D#", "D#", "D#", "D#", "D#", "D#", "D#", "D#", "D#", "D#", "Gm", "Gm", "Gm", "Gm", "Gm", "Gm", "Gm", "Gm", "Gm", "Gm", "Gm", "Gm", "Gm", "Gm", "Gm", "Gm", "Gm", "Gm", "Gm", "G", "G", "G", "G", "G", "G", "G", "Dm", "Dm", "Dm", "Am", "Am", "Am", "Am", "Am", "Am", "Am", "Am", "Am", "Am", "Am", "Am", "Am", "Am", "Am", "Am", "Am", "Am", "Am", "Am", "Am", "Am", "Am", "Am", "Am", "Am", "Am", "Am", "Am", "Am", "F", "F"]
