
metadata:
    version:
        essentia: "1.2.2"
    audio_properties:
        analysis_sample_rate: 44100
        bitrate: 128
        channels: 2
        equal_loudness: 1
        length: 10.0310201645
        replay_gain: -15.1874313354
        downmix: "mix"
    tags:
        track: 22
        year: 0
        album: "Splitted by Mp3Splt v. 2.1"
        artist: "From 003.30 To 003.40"
        comment: "http://mp3splt.sf.net"
        genre: ""
        title: "06 Drugs or Jesus.mp3"

highlevel:
    ballroom:
        all:
            ChaChaCha: 0.0489916093647
            Jive: 0.288254231215
            Quickstep: 0.145851314068
            Rumba-American: 0.00330466520973
            Rumba-International: 0.0248671285808
            Rumba-Misc: 0.00953565910459
            Samba: 0.0603755004704
            Tango: 0.0246246159077
            VienneseWaltz: 0.35353282094
            Waltz: 0.040662445128
        probability: 0.35353282094
        value: "VienneseWaltz"
    culture:
        all:
            non_western: 0.222415432334
            western: 0.777584552765
        probability: 0.777584552765
        value: "western"
    gender:
        all:
            female: 0.274477869272
            male: 0.725522100925
        probability: 0.725522100925
        value: "male"
    genre_dortmund:
        all:
            alternative: 0.100131325424
            blues: 0.0662580728531
            electronic: 0.022826468572
            folkcountry: 0.256814539433
            funksoulrnb: 0.0398942157626
            jazz: 0.0360725037754
            pop: 0.0898729488254
            raphiphop: 0.00212309206836
            rock: 0.386006832123
        probability: 0.386006832123
        value: "rock"
    genre_electronica:
        all:
            ambient: 0.324407666922
            dnb: 0.559453547001
            house: 0.0118648381904
            techno: 0.00820954609662
            trance: 0.0960644111037
        probability: 0.559453547001
        value: "dnb"
    genre_rosamerica:
        all:
            cla: 0.230990290642
            dan: 0.0354555808008
            hip: 0.0132029019296
            jaz: 0.0252090748399
            pop: 0.2241769135
            rhy: 0.0136529291049
            roc: 0.453340351582
            spe: 0.0039719492197
        probability: 0.453340351582
        value: "roc"
    genre_tzanetakis:
        all:
            blu: 0.00437633460388
            cla: 0.0175931397825
            cou: 0.133287832141
            dis: 0.0593770220876
            hip: 0.00275639002211
            jaz: 0.0283803846687
            met: 0.0181295629591
            pop: 0.0509940981865
            reg: 0.0131335714832
            roc: 0.671971678734
        probability: 0.671971678734
        value: "roc"
    live_studio:
        all:
            live: 0.246696695685
            studio: 0.753303289413
        probability: 0.753303289413
        value: "studio"
    mood:
        all:
            Cluster1: 0.170375689864
            Cluster2: 0.159169733524
            Cluster3: 0.425703138113
            Cluster4: 0.154951661825
            Cluster5: 0.0897997915745
        probability: 0.425703138113
        value: "Cluster3"
    mood_acoustic:
        all:
            acoustic: 0.0500510297716
            not_acoustic: 0.949948966503
        probability: 0.949948966503
        value: "not_acoustic"
    mood_aggressive:
        all:
            aggressive: 0.213161304593
            not_aggressive: 0.786838710308
        probability: 0.786838710308
        value: "not_aggressive"
    mood_electronic:
        all:
            electronic: 0.476271182299
            not_electronic: 0.523728847504
        probability: 0.523728847504
        value: "not_electronic"
    mood_happy:
        all:
            happy: 0.819186270237
            not_happy: 0.180813699961
        probability: 0.819186270237
        value: "happy"
    mood_party:
        all:
            not_party: 0.760982871056
            party: 0.239017143846
        probability: 0.760982871056
        value: "not_party"
    mood_relaxed:
        all:
            not_relaxed: 0.332196742296
            relaxed: 0.667803287506
        probability: 0.667803287506
        value: "relaxed"
    mood_sad:
        all:
            not_sad: 0.665566563606
            sad: 0.334433436394
        probability: 0.665566563606
        value: "not_sad"
    rhythm:
        all:
            fast: 0.680454313755
            medium: 0.256228595972
            slow: 0.0633170604706
        probability: 0.680454313755
        value: "fast"
    speech_music:
        all:
            music: 0.999507427216
            speech: 0.000492600840516
        probability: 0.999507427216
        value: "music"
    timbre:
        all:
            bright: 0.99162375927
            dark: 0.00837625097483
        probability: 0.99162375927
        value: "bright"
    voice_instrumental:
        all:
            instrumental: 0.433882236481
            voice: 0.566117763519
        probability: 0.566117763519
        value: "voice"

lowlevel:
    average_loudness: 0.93167078495
    barkbands_kurtosis:
        dmean: 0.505323469639
        dmean2: 0.827466011047
        dvar: 0.486620754004
        dvar2: 1.19137334824
        max: 5.02950382233
        mean: -0.829735636711
        min: -1.816182971
        var: 1.13606142998
    barkbands_skewness:
        dmean: 0.339541137218
        dmean2: 0.557258844376
        dvar: 0.0937954932451
        dvar2: 0.229213491082
        max: 2.17606949806
        mean: 0.162020012736
        min: -2.43686270714
        var: 0.612287819386
    barkbands_spread:
        dmean: 3.75869441032
        dmean2: 5.95897579193
        dvar: 11.572432518
        dvar2: 31.3204154968
        max: 50.1143493652
        mean: 31.1199703217
        min: 11.7698345184
        var: 42.7398643494
    dissonance:
        dmean: 0.0136284660548
        dmean2: 0.0225395821035
        dvar: 0.000202870869543
        dvar2: 0.000581053434871
        max: 0.498117953539
        mean: 0.467692941427
        min: 0.350413769484
        var: 0.000321347848512
    hfc:
        dmean: 1.86234843731
        dmean2: 2.88323521614
        dvar: 10.1324243546
        dvar2: 23.0212364197
        max: 41.5085029602
        mean: 6.43698787689
        min: 3.06133119921e-06
        var: 30.2054443359
    pitch:
        dmean: 439.013549805
        dmean2: 848.616149902
        dvar: 903575.4375
        dvar2: 2307273.5
        max: 4410
        mean: 695.89440918
        min: 82.4299087524
        var: 1275177.75
    pitch_instantaneous_confidence:
        dmean: 0.0738333314657
        dmean2: 0.124192930758
        dvar: 0.00437284028158
        dvar2: 0.0103654731065
        max: 0.748465538025
        mean: 0.433568179607
        min: 0.206124842167
        var: 0.0128536941484
    pitch_salience:
        dmean: 0.0508200190961
        dmean2: 0.0843273326755
        dvar: 0.00201243860647
        dvar2: 0.00556178810075
        max: 0.968368768692
        mean: 0.625535547733
        min: 0.424251973629
        var: 0.00511552300304
    silence_rate_20dB:
        dmean: 0
        dmean2: 0
        dvar: 0
        dvar2: 0
        max: 1
        mean: 1
        min: 1
        var: 0
    silence_rate_30dB:
        dmean: 0
        dmean2: 0
        dvar: 0
        dvar2: 0
        max: 1
        mean: 1
        min: 1
        var: 0
    silence_rate_60dB:
        dmean: 0.106481485069
        dmean2: 0.213457077742
        dvar: 0.0951432883739
        dvar2: 0.195734813809
        max: 1
        mean: 0.452655881643
        min: 0
        var: 0.247758090496
    spectral_centroid:
        dmean: 218.514404297
        dmean2: 360.751373291
        dvar: 46531.9492188
        dvar2: 102557.335938
        max: 3368.26464844
        mean: 1509.65014648
        min: 574.082397461
        var: 295897.5625
    spectral_complexity:
        dmean: 2.78886318207
        dmean2: 4.50697660446
        dvar: 10.5331420898
        dvar2: 24.6127319336
        max: 36
        mean: 13.8009262085
        min: 0
        var: 33.0159301758
    spectral_crest:
        dmean: 1.96116638184
        dmean2: 3.24968552589
        dvar: 3.67852163315
        dvar2: 9.4756526947
        max: 16.2579231262
        mean: 7.14368772507
        min: 2.96087121964
        var: 7.33703517914
    spectral_decrease:
        dmean: 2.40367420412e-10
        dmean2: 3.53369722372e-10
        dvar: 1.24942516674e-19
        dvar2: 3.04265308534e-19
        max: -5.5806628087e-16
        mean: -9.47773859394e-10
        min: -3.96504651334e-09
        var: 3.16687596781e-19
    spectral_energy:
        dmean: 0.0010514035821
        dmean2: 0.00155089516193
        dvar: 2.40046233557e-06
        dvar2: 5.79689231017e-06
        max: 0.0162220522761
        mean: 0.00416096765548
        min: 2.38394326502e-09
        var: 6.23308369541e-06
    spectral_energyband_high:
        dmean: 0.00012446565961
        dmean2: 0.00019265623996
        dvar: 9.90125244016e-08
        dvar2: 2.13452935327e-07
        max: 0.00429571978748
        mean: 0.000246284733294
        min: 1.48641141062e-10
        var: 2.36990274516e-07
    spectral_energyband_low:
        dmean: 7.31382679078e-05
        dmean2: 0.00011694598652
        dvar: 1.24217205411e-08
        dvar2: 3.37680994278e-08
        max: 0.000954222865403
        mean: 0.000154880312039
        min: 6.68167188245e-11
        var: 2.39316175765e-08
    spectral_energyband_middle_high:
        dmean: 0.000486257456942
        dmean2: 0.00078310421668
        dvar: 5.22943082615e-07
        dvar2: 1.17487559237e-06
        max: 0.0113010853529
        mean: 0.00184423709288
        min: 7.3548445112e-10
        var: 1.92867241822e-06
    spectral_energyband_middle_low:
        dmean: 0.000645787164103
        dmean2: 0.00096822809428
        dvar: 1.06163929559e-06
        dvar2: 2.51605570156e-06
        max: 0.0125216720626
        mean: 0.00191556382924
        min: 1.42119072066e-09
        var: 2.60768433691e-06
    spectral_flatness_db:
        dmean: 0.013654531911
        dmean2: 0.0213572550565
        dvar: 0.000186197270523
        dvar2: 0.000379744509701
        max: 0.244504183531
        mean: 0.15068629384
        min: 0.0490096844733
        var: 0.000711965200026
    spectral_flux:
        dmean: 0.0070103420876
        dmean2: 0.0106000378728
        dvar: 8.06713796919e-05
        dvar2: 0.000172871950781
        max: 0.0997800081968
        mean: 0.0338110253215
        min: 4.88256409881e-05
        var: 0.000208771671169
    spectral_kurtosis:
        dmean: 1.17770147324
        dmean2: 1.96290373802
        dvar: 1.00389289856
        dvar2: 2.96624302864
        max: 11.2270307541
        mean: 4.89544248581
        min: 1.18118572235
        var: 2.4919936657
    spectral_rms:
        dmean: 0.000234638268012
        dmean2: 0.000337469915394
        dvar: 8.0659290802e-08
        dvar2: 1.83401539289e-07
        max: 0.00397823983803
        mean: 0.00193944189232
        min: 1.52505685946e-06
        var: 2.98050764513e-07
    spectral_rolloff:
        dmean: 316.253234863
        dmean2: 509.885894775
        dvar: 114042.125
        dvar2: 280126.5625
        max: 4651.171875
        mean: 2915.10668945
        min: 645.99609375
        var: 502287.75
    spectral_skewness:
        dmean: 0.16033411026
        dmean2: 0.260056734085
        dvar: 0.0203501600772
        dvar2: 0.0468795746565
        max: 2.81797266006
        mean: 1.55427992344
        min: 0.36356601119
        var: 0.111847646534
    spectral_spread:
        dmean: 512216.4375
        dmean2: 663118.4375
        dvar: 1.54402933965e+12
        dvar2: 1.74034675302e+12
        max: 26555084
        mean: 4194034
        min: 2144573.5
        var: 2.55165517005e+12
    spectral_strongpeak:
        dmean: 0.509511768818
        dmean2: 0.883142888546
        dvar: 0.48969951272
        dvar2: 1.24160587788
        max: 5.07578372955
        mean: 0.745071470737
        min: 2.78375136986e-05
        var: 0.749111711979
    zerocrossingrate:
        dmean: 0.0073185544461
        dmean2: 0.00871411710978
        dvar: 3.76750867872e-05
        dvar2: 5.30464094481e-05
        max: 0.1630859375
        mean: 0.087474681437
        min: 0.03759765625
        var: 0.000491267303005
    barkbands:
        dmean: [6.61731789364e-08, 1.84623186215e-05, 6.13156589679e-05, 0.000137623021146, 0.000386568019167, 0.000244243594352, 0.000101521931356, 9.24867854337e-05, 8.6954292783e-05, 3.94283269998e-05, 3.249767542e-05, 1.60721519933e-05, 4.96409265907e-05, 6.53163951938e-05, 3.59778168786e-05, 8.4545223217e-05, 0.000191069964785, 0.000153871849761, 0.000181728057214, 0.000127867722767, 4.67531281174e-05, 1.37593988256e-05, 1.86184104223e-06, 9.3375558663e-07, 6.82435825183e-07, 4.05190228037e-08, 1.45999190515e-09]
        dmean2: [1.02589446271e-07, 3.3134358091e-05, 9.68995591393e-05, 0.000224815274123, 0.000612710369751, 0.000393833848648, 0.000161693329574, 0.000146325590322, 0.000136958187795, 5.87734139117e-05, 4.85286291223e-05, 2.47074694926e-05, 7.56007211749e-05, 0.000102215235529, 5.6831377151e-05, 0.000128762767417, 0.000325563247316, 0.000258005049545, 0.000286319467705, 0.000193224885152, 7.9370009189e-05, 2.19556422962e-05, 2.95637096315e-06, 1.36953531182e-06, 9.55131554292e-07, 5.34002992936e-08, 1.72859648817e-09]
        dvar: [7.16595429913e-14, 3.83504072943e-09, 8.51541859248e-09, 4.64780001153e-08, 6.27114332019e-07, 1.11966848237e-07, 8.27475616916e-08, 2.30294077141e-08, 5.19755189998e-08, 4.0138399271e-09, 2.26794005798e-09, 5.84542192428e-10, 7.73051489489e-09, 7.40914174457e-09, 1.62550373162e-09, 1.93996001485e-08, 8.82559376691e-08, 4.57734294912e-08, 1.01526417495e-07, 7.44792174601e-08, 1.70191896132e-08, 1.47447676291e-09, 1.61752850697e-11, 3.37617954427e-12, 1.19630087086e-12, 5.70793437946e-15, 4.64357861245e-16]
        dvar2: [1.09261226097e-13, 1.09477920063e-08, 2.37067379061e-08, 1.20137229942e-07, 1.63556649113e-06, 2.60964128529e-07, 1.76729557211e-07, 5.42134550585e-08, 1.19902622941e-07, 6.33816288342e-09, 5.60098234459e-09, 9.44356037813e-10, 1.32677921982e-08, 1.77410939273e-08, 3.70333652633e-09, 4.22649328868e-08, 2.20938645157e-07, 1.16133229255e-07, 2.40865006162e-07, 1.41109566698e-07, 4.17761469862e-08, 3.31377814078e-09, 4.06988887036e-11, 7.41458457132e-12, 2.50883363563e-12, 1.20639345139e-14, 4.65990517251e-16]
        max: [4.79001391795e-06, 0.000657321244944, 0.000941964215599, 0.00240692053922, 0.00709334202111, 0.00555236404762, 0.00388002442196, 0.00183017074596, 0.00378168048337, 0.00113182840869, 0.000599185703322, 0.000498699140735, 0.00176282506436, 0.000753503874876, 0.000350705406163, 0.00222941767424, 0.00440898537636, 0.00232904218137, 0.00462779402733, 0.00428965641186, 0.00145780923776, 0.000594473385718, 3.74207884306e-05, 2.67094328592e-05, 1.60111121659e-05, 8.09792709333e-07, 4.48360964356e-07]
        mean: [1.10932234065e-07, 2.79227042483e-05, 0.000126854021801, 0.000223631010158, 0.000655632000417, 0.000505911244545, 0.000153633562149, 0.000196253255126, 0.000153427492478, 8.39105050545e-05, 6.99571392033e-05, 3.2582305721e-05, 0.000105295577669, 0.000153711123858, 6.37139819446e-05, 0.000168002414284, 0.000411835091654, 0.00030207837699, 0.000334588490659, 0.000291428965284, 7.42648553569e-05, 2.00429949473e-05, 3.14393878398e-06, 1.64184291407e-06, 1.33134847147e-06, 6.57047678487e-08, 1.61060620396e-09]
        min: [1.88327548001e-11, 3.21806678527e-11, 2.51262847334e-11, 2.74249459947e-11, 7.89207865726e-11, 1.10289888333e-10, 1.69331493272e-10, 3.21320803298e-10, 6.46121878223e-10, 2.77153494599e-10, 6.13066125643e-11, 5.67951276287e-11, 7.82935799526e-11, 6.77684505734e-11, 9.3606247753e-11, 4.14120265857e-11, 2.52845903936e-11, 3.88272400342e-11, 4.59418961207e-11, 4.12080439216e-11, 4.87248991154e-11, 1.35339265836e-11, 1.66698495285e-11, 2.60889088111e-11, 7.31007789023e-12, 5.9783675406e-12, 6.60501904906e-12]
        var: [6.96534979217e-14, 2.41911912724e-09, 2.06716368467e-08, 6.75569680197e-08, 7.35784169592e-07, 4.43752043111e-07, 1.10111173512e-07, 9.51586116571e-08, 8.07924251944e-08, 1.52705137424e-08, 5.69041080922e-09, 1.89583371224e-09, 3.02916660644e-08, 1.90017672708e-08, 2.94290791736e-09, 6.63815953317e-08, 2.7103411071e-07, 1.25378520011e-07, 1.6940511216e-07, 2.81449445083e-07, 2.58339163395e-08, 2.02897276758e-09, 2.46929837688e-11, 6.86636251329e-12, 3.68419704466e-12, 1.21055441604e-14, 4.63725709968e-16]
    mfcc:
        mean: [-717.740478516, 124.339851379, -57.2889251709, 57.2466621399, -8.11773204803, -14.6257314682, -5.04607915878, -11.933172226, -9.54138183594, -10.3021039963, -5.10277080536, -6.91913414001, -8.00413990021]
        cov: [[2193.46582031, -437.146240234, 123.70249939, 48.9547386169, -12.4397230148, -28.609331131, -28.2341060638, -23.5556564331, 11.2499866486, -19.4359893799, -55.7618904114, -12.5838356018, -26.3165950775], [-437.146240234, 664.426696777, -171.897476196, 11.5097351074, -4.66304349899, -20.6508235931, -13.6583442688, 1.12147927284, -26.5866012573, -29.8363342285, 29.4545955658, 13.4607439041, 41.0415267944], [123.70249939, -171.897476196, 246.00869751, -108.168174744, 5.80687999725, -12.5764560699, 6.93645620346, -45.3740386963, -12.3180437088, 27.9433574677, 24.3888816833, 12.0838165283, -18.7741756439], [48.9547386169, 11.5097351074, -108.168174744, 231.717987061, 0.891663193703, 19.0902748108, -24.6657028198, 36.9339981079, 15.3556604385, -36.8090705872, -41.5309906006, -17.830373764, 1.16436231136], [-12.4397230148, -4.66304349899, 5.80687999725, 0.891663193703, 98.0209655762, 4.56476688385, 7.30133295059, 2.01863360405, 2.17219352722, -4.91242790222, 7.70169401169, 4.90977621078, 3.39670395851], [-28.609331131, -20.6508235931, -12.5764560699, 19.0902748108, 4.56476688385, 68.9660110474, 28.2031612396, 7.69082546234, -2.2912671566, 1.28431463242, 10.2312164307, -9.84786319733, -1.75292813778], [-28.2341060638, -13.6583442688, 6.93645620346, -24.6657028198, 7.30133295059, 28.2031612396, 68.0568161011, 12.9524507523, 3.14115071297, 7.33960914612, 17.5845851898, 2.78894138336, 0.0275386981666], [-23.5556564331, 1.12147927284, -45.3740386963, 36.9339981079, 2.01863360405, 7.69082546234, 12.9524507523, 66.9122161865, 29.2572345734, -2.89090967178, -1.11075162888, -4.08679580688, 0.610622763634], [11.2499866486, -26.5866012573, -12.3180437088, 15.3556604385, 2.17219352722, -2.2912671566, 3.14115071297, 29.2572345734, 70.5066223145, 10.4393672943, -4.16778707504, -4.80526924133, -0.860809087753], [-19.4359893799, -29.8363342285, 27.9433574677, -36.8090705872, -4.91242790222, 1.28431463242, 7.33960914612, -2.89090967178, 10.4393672943, 56.8720970154, 29.5246715546, -3.01286649704, -5.4674448967], [-55.7618904114, 29.4545955658, 24.3888816833, -41.5309906006, 7.70169401169, 10.2312164307, 17.5845851898, -1.11075162888, -4.16778707504, 29.5246715546, 86.1225738525, 3.60389280319, -1.80094599724], [-12.5838356018, 13.4607439041, 12.0838165283, -17.830373764, 4.90977621078, -9.84786319733, 2.78894138336, -4.08679580688, -4.80526924133, -3.01286649704, 3.60389280319, 44.330280304, 20.1284675598], [-26.3165950775, 41.0415267944, -18.7741756439, 1.16436231136, 3.39670395851, -1.75292813778, 0.0275386981666, 0.610622763634, -0.860809087753, -5.4674448967, -1.80094599724, 20.1284675598, 46.1741371155]]
        icov: [[0.00054842029931, 0.000364678155165, -9.24714040593e-05, -0.000171829204191, 8.55801845319e-05, 0.000338857818861, 1.71527517523e-05, 0.00022041646298, -5.34227692697e-05, 0.0003315040085, 2.22534663408e-06, 0.000129578504129, -5.93378281337e-05], [0.000364678155165, 0.00248019397259, 0.00183753541205, 0.000368518580217, 0.000190397608094, 0.00117131241132, 0.000180518021807, 0.000785545620602, 0.000504008319695, 0.0014133908553, -0.00162721914239, 0.00011468311277, -0.00117555668112], [-9.24714040593e-05, 0.00183753541205, 0.0075746672228, 0.00234482600354, -0.000367633620044, 0.00090949726291, -0.000108797830762, 0.00356357474811, -7.70749029471e-05, -0.000234249833738, -0.00150486209895, -0.00199779728428, 0.00213224277832], [-0.000171829204191, 0.000368518580217, 0.00234482600354, 0.00711183715612, -0.000293800432701, -0.0026703721378, 0.00330829923041, -0.00232613040134, -0.000475607841508, 0.00260675465688, 0.00121148012113, 0.00101215846371, 0.000203418021556], [8.55801845319e-05, 0.000190397608094, -0.000367633620044, -0.000293800432701, 0.0106062125415, -0.000243572649197, -0.000821774418, 0.000148050283315, -0.000741469615605, 0.00196774979122, -0.00148586404976, -0.000792501785327, -0.000546770868823], [0.000338857818861, 0.00117131241132, 0.00090949726291, -0.0026703721378, -0.000243572649197, 0.0205958690494, -0.00905906781554, 0.00105361593887, 0.00187965563964, 0.00036892699427, -0.002567963209, 0.0049403551966, -0.00179462844972], [1.71527517523e-05, 0.000180518021807, -0.000108797830762, 0.00330829923041, -0.000821774418, -0.00905906781554, 0.0212669931352, -0.00509469676763, -7.02887991793e-05, 0.000209052217542, -0.00164031959139, -0.00253110588528, 0.000555730017368], [0.00022041646298, 0.000785545620602, 0.00356357474811, -0.00232613040134, 0.000148050283315, 0.00105361593887, -0.00509469676763, 0.0232461337, -0.00838658493012, 0.00169780559372, -0.00200991542079, -0.000394293951103, 0.000797896122094], [-5.34227692697e-05, 0.000504008319695, -7.70749029471e-05, -0.000475607841508, -0.000741469615605, 0.00187965563964, -7.02887991793e-05, -0.00838658493012, 0.0189827866852, -0.00504421070218, 0.00190066930372, 0.00143145024776, -0.0010541890515], [0.0003315040085, 0.0014133908553, -0.000234249833738, 0.00260675465688, 0.00196774979122, 0.00036892699427, 0.000209052217542, 0.00169780559372, -0.00504421070218, 0.0259088817984, -0.00841977354139, 0.00262998905964, 0.000117288996989], [2.22534663408e-06, -0.00162721914239, -0.00150486209895, 0.00121148012113, -0.00148586404976, -0.002567963209, -0.00164031959139, -0.00200991542079, 0.00190066930372, -0.00841977354139, 0.0169858001173, -0.0013597169891, 0.00113825686276], [0.000129578504129, 0.00011468311277, -0.00199779728428, 0.00101215846371, -0.000792501785327, 0.0049403551966, -0.00253110588528, -0.000394293951103, 0.00143145024776, 0.00262998905964, -0.0013597169891, 0.0316847451031, -0.0141404345632], [-5.93378281337e-05, -0.00117555668112, 0.00213224277832, 0.000203418021556, -0.000546770868823, -0.00179462844972, 0.000555730017368, 0.000797896122094, -0.0010541890515, 0.000117288996989, 0.00113825686276, -0.0141404345632, 0.0296940505505]]
    spectral_contrast:
        mean: [-2.69945559239e-07, 1.83737867587e-07, 7.13259424856e-08, -7.69623866859e-08, 6.74208536111e-07, 1.41285084965e-07, -5.30871102455e-06, 9.53294886585e-07, -5.00844592466e-08, 3.33620437232e-06, 9.04317676031e-06, -4.70279974252e-06]
        var: [0.000443893921329, 0.000836181687191, 0.000999812735245, 0.00178253336344, 0.00293673877604, 0.00457854755223, 0.0468321181834, 0.0582744330168, 0.162254706025, 0.206766307354, 0.380163401365, 1.20648348331]

rhythm:
    beats_loudness:
        dmean: 0.00272053480148
        dmean2: 0.00517959194258
        dvar: 3.6093097151e-06
        dvar2: 9.40684731177e-06
        max: 0.0136208180338
        mean: 0.00530475750566
        min: 0.00204237480648
        var: 7.05792353983e-06
    beats_loudness_bass:
        dmean: 0.0785117223859
        dmean2: 0.130305841565
        dvar: 0.00607230560854
        dvar2: 0.0142166977748
        max: 0.307254314423
        mean: 0.0873892977834
        min: 0.0075528989546
        var: 0.00650260550901
    bpm: 147.782501221
    bpm_confidence: 0
    first_peak_bpm: 148
    first_peak_spread: 0
    first_peak_weight: 0.958333313465
    onset_rate: 3.48917627335
    second_peak_bpm: 134
    second_peak_spread: 0
    second_peak_weight: 0.0416666679084
    beats_position: [0.112117677927, 0.517811536789, 0.923505306244, 1.32919919491, 1.73489320278, 2.14058709145, 2.5462808609, 2.95197486877, 3.35766863823, 3.76336240768, 4.16905593872, 4.57474994659, 4.98044347763, 5.38613700867, 5.79183101654, 6.23945760727, 6.6455950737, 7.05173158646, 7.45786857605, 7.86400556564, 8.27014255524, 8.67628002167, 9.08241653442, 9.48855400085, 9.89469051361]
    bpm_estimates: [147.971282959, 147.743423462, 147.969833374, 147.562042236, 147.825805664, 147.532424927, 147.025848389, 148.035552979, 147.939178467, 148.219741821]
    bpm_intervals: [0.405693858862, 0.405693769455, 0.405693888664, 0.405694007874, 0.405693888664, 0.405693769455, 0.405694007874, 0.405693769455, 0.405693769455, 0.405693531036, 0.405694007874, 0.405693531036, 0.405693531036, 0.405694007874, 0.447626590729, 0.406137466431, 0.406136512756, 0.406136989594, 0.406136989594, 0.406136989594, 0.406137466431, 0.406136512756, 0.406137466431, 0.406136512756]
    onset_times: [0.0580498874187, 0.371519267559, 0.510838985443, 0.859138309956, 0.9287981987, 1.32353746891, 1.77632653713, 1.95047616959, 2.14784574509, 2.55419492722, 2.96054410934, 3.3785033226, 3.58748292923, 3.68036270142, 3.77324271202, 3.97061228752, 4.446621418, 4.62077093124, 4.91102027893, 5.11999988556, 5.3754196167, 5.66566896439, 5.85142850876, 6.22294807434, 6.65251684189, 6.94276666641, 7.04725646973, 7.25623559952, 7.45360565186, 7.6277551651, 7.85995483398, 8.67265319824, 9.0906124115, 9.49696159363, 9.90331077576]
    rubato_start: []
    rubato_stop: []
    perceptual_tempo: "unknown"

sfx:
    inharmonicity:
        dmean: 0.0584234818816
        dmean2: 0.103316903114
        dvar: 0.00397221371531
        dvar2: 0.011396384798
        max: 0.358573168516
        mean: 0.0664499849081
        min: 0
        var: 0.0044031413272
    oddtoevenharmonicenergyratio:
        dmean: 2.06515145302
        dmean2: 3.83679914474
        dvar: 22.9346141815
        dvar2: 68.7160186768
        max: 44.028842926
        mean: 1.58506977558
        min: 0
        var: 13.4730701447
    pitch_after_max_to_before_max_energy_ratio: 0.836541175842
    pitch_centroid: 226.178451538
    pitch_max_to_total: 0.5625
    pitch_min_to_total: 0.0555555559695
    tristimulus:
        dmean: [0.183992817998, 0.233684390783, 0.12801861763]
        dmean2: [0.315738797188, 0.407982736826, 0.224498167634]
        dvar: [0.0256225932389, 0.0435749478638, 0.0137403709814]
        dvar2: [0.0715988054872, 0.12181699276, 0.0346814841032]
        max: [1, 0.965366899967, 0.643063306808]
        mean: [0.307824671268, 0.494759112597, 0.14276920259]
        min: [0.00307419872843, 0, 0]
        var: [0.0387559570372, 0.0572281591594, 0.0183921437711]

tonal:
    chords_changes_rate: 0.0185185186565
    chords_number_rate: 0.0138888889924
    chords_strength:
        dmean: 0.0072732870467
        dmean2: 0.00584291946143
        dvar: 2.89423060167e-05
        dvar2: 2.96699017781e-05
        max: 0.742646217346
        mean: 0.58873462677
        min: 0.411482989788
        var: 0.00656872661784
    key_strength: 0.806579947472
    tuning_diatonic_strength: 0.637327492237
    tuning_equal_tempered_deviation: 0.0670504719019
    tuning_frequency: 438.224517822
    tuning_nontempered_energy_ratio: 0.703409194946
    hpcp:
        dmean: [0.0933787599206, 0.077030338347, 0.0633749216795, 0.0384565293789, 0.0306765884161, 0.0660124346614, 0.105251856148, 0.113863930106, 0.170643523335, 0.193819493055, 0.190095856786, 0.10279134661, 0.0621047839522, 0.0552935898304, 0.0849558860064, 0.0977960005403, 0.121007651091, 0.0834238603711, 0.0675764009356, 0.0695682093501, 0.140796288848, 0.167006596923, 0.160313308239, 0.152097970247, 0.134633630514, 0.109061181545, 0.077161706984, 0.0773550197482, 0.0733090564609, 0.112849771976, 0.17303968966, 0.167423814535, 0.101777002215, 0.0986241623759, 0.0922068580985, 0.0916257351637]
        dmean2: [0.151566490531, 0.129114121199, 0.108165532351, 0.0642674341798, 0.0499766804278, 0.110781677067, 0.174532011151, 0.190581455827, 0.294014811516, 0.31700900197, 0.321736037731, 0.178902417421, 0.102940782905, 0.0894914716482, 0.141208037734, 0.15489807725, 0.190569162369, 0.134784087539, 0.11537116766, 0.121700413525, 0.236846193671, 0.281652063131, 0.266753196716, 0.257879137993, 0.218906953931, 0.176026314497, 0.130435436964, 0.12284001708, 0.120264053345, 0.18928219378, 0.27902328968, 0.26422315836, 0.168637499213, 0.161984562874, 0.155509203672, 0.149920627475]
        dvar: [0.0212745536119, 0.0190661754459, 0.0163219477981, 0.0042906049639, 0.00147451076191, 0.0106534743682, 0.0179705247283, 0.021486600861, 0.032500911504, 0.0449752807617, 0.0381559506059, 0.0266899205744, 0.0134617006406, 0.00770865380764, 0.0203244891018, 0.0147748151794, 0.0298471730202, 0.0161087587476, 0.0184238608927, 0.0166342444718, 0.0321890600026, 0.0392330996692, 0.0303483493626, 0.0343830548227, 0.0314526334405, 0.0229361541569, 0.0183215886354, 0.0134023576975, 0.0102747436613, 0.0213347449899, 0.0397690311074, 0.0287074502558, 0.0178357176483, 0.0299784485251, 0.0262400452048, 0.025284236297]
        dvar2: [0.0480440482497, 0.0432807430625, 0.0447492860258, 0.0124484356493, 0.00362072791904, 0.0280478596687, 0.0470873266459, 0.0627076402307, 0.0845158100128, 0.116734020412, 0.0914065316319, 0.0733447372913, 0.0329629555345, 0.0184510350227, 0.0505542270839, 0.0357230640948, 0.0755033493042, 0.0407787784934, 0.0553206242621, 0.048364598304, 0.085218757391, 0.0843363776803, 0.0814091190696, 0.0852357670665, 0.0679040327668, 0.0562320798635, 0.0540752671659, 0.0357351601124, 0.0254007056355, 0.0593101158738, 0.09146181494, 0.0679246112704, 0.0515020824969, 0.0768152102828, 0.0697599202394, 0.0677479803562]
        max: [1, 1, 0.990164875984, 0.651447176933, 0.337759017944, 0.786497354507, 1, 1, 1, 1, 1, 1, 1, 0.989827990532, 1, 1, 1, 1, 1, 0.991111516953, 1, 1, 1, 1, 1, 1, 0.955429494381, 1, 0.672717154026, 0.917300343513, 1, 1, 1, 1, 1, 1]
        mean: [0.137831836939, 0.112705700099, 0.0851223990321, 0.0638142302632, 0.0536273866892, 0.111650697887, 0.176305785775, 0.173978805542, 0.356789052486, 0.585338532925, 0.388670384884, 0.117837272584, 0.0699643865228, 0.0709127932787, 0.120184265077, 0.208945304155, 0.188289701939, 0.111065872014, 0.0876098051667, 0.0842132717371, 0.203573912382, 0.351290553808, 0.285946875811, 0.285624355078, 0.389021486044, 0.249855712056, 0.10742495954, 0.121549934149, 0.112980879843, 0.215312749147, 0.46945014596, 0.378945797682, 0.139948293567, 0.123631998897, 0.111688435078, 0.117756545544]
        min: [0.00646211905405, 0.00557530298829, 0.00406996626407, 0.00252958992496, 0.00129118713085, 0.00482099782676, 0.00517660053447, 0.00447588507086, 0.0327173061669, 0.072733476758, 0.0198342762887, 0.0037153288722, 0.0011512398487, 0.00258004199713, 0.00328050297685, 0.00258419523016, 0.00235213967972, 0.00236967066303, 0.00253236107528, 0.00374166341498, 0.00157422339544, 0.0026267322246, 0.00524240266532, 0.0122784366831, 0.00255857990123, 0.00363907660358, 0.00759721221402, 0.00567871564999, 0.00352634233423, 0.00307650584728, 0.00855397805572, 0.0091964956373, 0.00412815855816, 0.00308656622656, 0.00403877161443, 0.00659681903198]
        var: [0.0302578285336, 0.0219296552241, 0.0133201116696, 0.00465341238305, 0.00338241737336, 0.0141346137971, 0.0263830926269, 0.0273250453174, 0.0667583495378, 0.0990999117494, 0.0605323985219, 0.0231964793056, 0.0162783097476, 0.0118054691702, 0.026327714324, 0.0577709041536, 0.0446131378412, 0.0161254201084, 0.0138838831335, 0.0174755174667, 0.0490662381053, 0.0991150662303, 0.0668001323938, 0.0658914968371, 0.150201529264, 0.0717684626579, 0.0160869825631, 0.0184896830469, 0.0148435784504, 0.0314412266016, 0.117683067918, 0.0773210972548, 0.0212476961315, 0.0318714343011, 0.0263365507126, 0.0262011159211]
    chords_histogram: [69.907409668, 0, 0, 0, 0, 0, 0, 0, 0, 0, 0, 0, 0, 0, 0, 6.48148155212, 0, 0, 0, 0, 0, 0, 23.6111106873, 0]
    thpcp: [1, 0.664009571075, 0.201314732432, 0.119528070092, 0.121148340404, 0.205324366689, 0.356964886189, 0.321676582098, 0.189746394753, 0.149673730135, 0.143871054053, 0.347788333893, 0.600149393082, 0.488515377045, 0.487964391708, 0.664609372616, 0.42685675621, 0.183526203036, 0.207657501101, 0.193018019199, 0.36784312129, 0.802014768124, 0.647395968437, 0.239089488983, 0.211214527488, 0.190809980035, 0.201176822186, 0.235473707318, 0.192547887564, 0.145424216986, 0.109021067619, 0.0916177257895, 0.190745517612, 0.301203101873, 0.297227650881, 0.609543085098]
    chords_key: "C"
    chords_scale: "major"
    key_key: "C"
    key_scale: "major"
    chords_progression: ["C", "C", "C", "C", "C", "C", "C", "C", "C", "C", "C", "C", "C", "C", "C", "C", "C", "C", "C", "C", "C", "C", "C", "C", "C", "C", "C", "C", "C", "C", "C", "C", "C", "C", "C", "C", "C", "C", "C", "C", "C", "C", "C", "C", "C", "C", "C", "C", "C", "C", "C", "C", "C", "F", "F", "F", "F", "F", "F", "F", "F", "F", "F", "F", "F", "F", "F", "F", "F", "F", "F", "F", "F", "F", "F", "F", "F", "F", "F", "F", "F", "F", "F", "Fm", "Fm", "Fm", "Fm", "Fm", "Fm", "Fm", "Fm", "Fm", "Fm", "Fm", "Fm", "Fm", "Fm", "C", "C", "C", "C", "C", "C", "C", "C", "C", "C", "C", "C", "C", "C", "C", "C", "C", "C", "C", "C", "C", "C", "C", "C", "C", "C", "C", "C", "C", "C", "C", "C", "C", "C", "C", "C", "C", "C", "C", "C", "C", "C", "C", "C", "C", "C", "C", "C", "C", "C", "C", "C", "C", "C", "C", "C", "C", "C", "C", "C", "C", "C", "C", "C", "C", "C", "C", "C", "C", "C", "C", "C", "C", "C", "C", "C", "C", "C", "C", "C", "C", "C", "C", "C", "C", "C", "C", "C", "C", "C", "C", "C", "C", "C", "C", "C", "C", "C", "F", "F", "F", "F", "F", "F", "F", "F", "F", "F", "F", "F", "F", "F", "F", "F", "F", "F", "F", "F", "F"]
