
metadata:
    version:
        essentia: "1.2.2"
    audio_properties:
        analysis_sample_rate: 44100
        bitrate: 128
        channels: 2
        equal_loudness: 1
        length: 10.0571432114
        replay_gain: -7.71070671082
        downmix: "mix"
    tags:
        track: 22
        year: 0
        album: "Splitted by Mp3Splt v. 2.1"
        artist: "From 003.30 To 003.40"
        comment: "http://mp3splt.sf.net"
        genre: ""
        title: "08 Freaks for the Festival.mp3"

highlevel:
    ballroom:
        all:
            ChaChaCha: 0.0458397381008
            Jive: 0.36283570528
            Quickstep: 0.186058744788
            Rumba-American: 0.00454962532967
            Rumba-International: 0.0236249770969
            Rumba-Misc: 0.0160266663879
            Samba: 0.0483840815723
            Tango: 0.0431410782039
            VienneseWaltz: 0.230126693845
            Waltz: 0.0394126661122
        probability: 0.36283570528
        value: "Jive"
    culture:
        all:
            non_western: 1.88070571312e-05
            western: 0.999981164932
        probability: 0.999981164932
        value: "western"
    gender:
        all:
            female: 0.0443551242352
            male: 0.955644905567
        probability: 0.955644905567
        value: "male"
    genre_dortmund:
        all:
            alternative: 0.105259373784
            blues: 0.0750045925379
            electronic: 0.0390262939036
            folkcountry: 0.0738861858845
            funksoulrnb: 0.022932337597
            jazz: 0.174641206861
            pop: 0.0455058217049
            raphiphop: 0.00279982574284
            rock: 0.460944354534
        probability: 0.460944354534
        value: "rock"
    genre_electronica:
        all:
            ambient: 0.257563471794
            dnb: 0.318827420473
            house: 0.045965693891
            techno: 0.0184167400002
            trance: 0.359226673841
        probability: 0.359226673841
        value: "trance"
    genre_rosamerica:
        all:
            cla: 0.0147963920608
            dan: 0.00327058276162
            hip: 0.0014513124479
            jaz: 0.00319804041646
            pop: 0.00931201316416
            rhy: 0.00247584353201
            roc: 0.964029669762
            spe: 0.0014661187306
        probability: 0.964029669762
        value: "roc"
    genre_tzanetakis:
        all:
            blu: 0.00583119597286
            cla: 0.0332881361246
            cou: 0.103380851448
            dis: 0.0241044424474
            hip: 0.00230292556807
            jaz: 0.140293106437
            met: 0.0168651212007
            pop: 0.0388027466834
            reg: 0.0107433982193
            roc: 0.624388098717
        probability: 0.624388098717
        value: "roc"
    live_studio:
        all:
            live: 0.337951153517
            studio: 0.662048876286
        probability: 0.662048876286
        value: "studio"
    mood:
        all:
            Cluster1: 0.475075244904
            Cluster2: 0.09029302001
            Cluster3: 0.0827767774463
            Cluster4: 0.116809405386
            Cluster5: 0.235045537353
        probability: 0.475075244904
        value: "Cluster1"
    mood_acoustic:
        all:
            acoustic: 0.0950408428907
            not_acoustic: 0.904959142208
        probability: 0.904959142208
        value: "not_acoustic"
    mood_aggressive:
        all:
            aggressive: 0.363224059343
            not_aggressive: 0.636775910854
        probability: 0.636775910854
        value: "not_aggressive"
    mood_electronic:
        all:
            electronic: 0.264291524887
            not_electronic: 0.735708475113
        probability: 0.735708475113
        value: "not_electronic"
    mood_happy:
        all:
            happy: 0.891807734966
            not_happy: 0.108192272484
        probability: 0.891807734966
        value: "happy"
    mood_party:
        all:
            not_party: 0.793885052204
            party: 0.206114932895
        probability: 0.793885052204
        value: "not_party"
    mood_relaxed:
        all:
            not_relaxed: 0.505344331264
            relaxed: 0.494655698538
        probability: 0.505344331264
        value: "not_relaxed"
    mood_sad:
        all:
            not_sad: 0.576516628265
            sad: 0.423483401537
        probability: 0.576516628265
        value: "not_sad"
    rhythm:
        all:
            fast: 0.908037722111
            medium: 0.0175762381405
            slow: 0.0743860304356
        probability: 0.908037722111
        value: "fast"
    speech_music:
        all:
            music: 0.999184608459
            speech: 0.00081537803635
        probability: 0.999184608459
        value: "music"
    timbre:
        all:
            bright: 0.20868358016
            dark: 0.791316449642
        probability: 0.791316449642
        value: "dark"
    voice_instrumental:
        all:
            instrumental: 0.492862284184
            voice: 0.507137715816
        probability: 0.507137715816
        value: "voice"

lowlevel:
    average_loudness: 0.97064447403
    barkbands_kurtosis:
        dmean: 0.754499137402
        dmean2: 1.14505028725
        dvar: 1.75614106655
        dvar2: 2.87039446831
        max: 11.2634830475
        mean: -0.380155920982
        min: -1.88739919662
        var: 4.01007938385
    barkbands_skewness:
        dmean: 0.393140494823
        dmean2: 0.5883654356
        dvar: 0.133487716317
        dvar2: 0.283708065748
        max: 3.0819940567
        mean: 0.589158415794
        min: -1.5295343399
        var: 0.453161209822
    barkbands_spread:
        dmean: 4.08705329895
        dmean2: 6.23222255707
        dvar: 18.3829612732
        dvar2: 37.566822052
        max: 57.4998779297
        mean: 28.3160762787
        min: 6.62004137039
        var: 71.9021606445
    dissonance:
        dmean: 0.0179925523698
        dmean2: 0.0295237675309
        dvar: 0.000615520228166
        dvar2: 0.000965934770647
        max: 0.498614192009
        mean: 0.456695109606
        min: 0.0555394813418
        var: 0.000864997738972
    hfc:
        dmean: 1.90983438492
        dmean2: 2.77422475815
        dvar: 5.59388017654
        dvar2: 13.9091663361
        max: 24.5396213531
        mean: 6.8056101799
        min: 0.000416257011238
        var: 17.8076343536
    pitch:
        dmean: 399.126525879
        dmean2: 757.359069824
        dvar: 955462.125
        dvar2: 2445578
        max: 4009.09082031
        mean: 627.99597168
        min: 86.9822463989
        var: 1249555.375
    pitch_instantaneous_confidence:
        dmean: 0.0764838084579
        dmean2: 0.122899532318
        dvar: 0.00507894996554
        dvar2: 0.013676260598
        max: 0.858100414276
        mean: 0.403568506241
        min: 0.150793433189
        var: 0.016044575721
    pitch_salience:
        dmean: 0.0513261184096
        dmean2: 0.0833886787295
        dvar: 0.00198203977197
        dvar2: 0.00542062567547
        max: 0.958755493164
        mean: 0.610982894897
        min: 0.272871851921
        var: 0.00662956433371
    silence_rate_20dB:
        dmean: 0
        dmean2: 0
        dvar: 0
        dvar2: 0
        max: 1
        mean: 1
        min: 1
        var: 0
    silence_rate_30dB:
        dmean: 0
        dmean2: 0
        dvar: 0
        dvar2: 0
        max: 1
        mean: 1
        min: 1
        var: 0
    silence_rate_60dB:
        dmean: 0.092165902257
        dmean2: 0.184757500887
        dvar: 0.0836717784405
        dvar2: 0.187572777271
        max: 1
        mean: 0.209195405245
        min: 0
        var: 0.165432646871
    spectral_centroid:
        dmean: 256.225097656
        dmean2: 384.746917725
        dvar: 65095.2421875
        dvar2: 159876.875
        max: 2958.15356445
        mean: 1258.86437988
        min: 315.890594482
        var: 208982.453125
    spectral_complexity:
        dmean: 3.27020788193
        dmean2: 5.05324077606
        dvar: 11.2272319794
        dvar2: 24.6013584137
        max: 44
        mean: 15.2672815323
        min: 0
        var: 50.7902793884
    spectral_crest:
        dmean: 1.62824726105
        dmean2: 2.65458488464
        dvar: 2.03706860542
        dvar2: 5.62717485428
        max: 17.8304672241
        mean: 6.36173200607
        min: 2.45566606522
        var: 4.23705673218
    spectral_decrease:
        dmean: 3.20689114153e-10
        dmean2: 4.95635643638e-10
        dvar: 1.0324310059e-19
        dvar2: 2.56870496073e-19
        max: -5.94375419651e-14
        mean: -1.22582599626e-09
        min: -3.13389714179e-09
        var: 3.82377964181e-19
    spectral_energy:
        dmean: 0.00134257809259
        dmean2: 0.00205249967985
        dvar: 1.79301605385e-06
        dvar2: 4.39229870608e-06
        max: 0.0134836360812
        mean: 0.00524383969605
        min: 2.62086274461e-07
        var: 6.98451412973e-06
    spectral_energyband_high:
        dmean: 9.99764233711e-05
        dmean2: 0.000151818676386
        dvar: 1.8585973649e-08
        dvar2: 4.64259670707e-08
        max: 0.00166527333204
        mean: 0.000215767940972
        min: 2.38966268995e-08
        var: 4.00622646168e-08
    spectral_energyband_low:
        dmean: 0.000158850365551
        dmean2: 0.000272268196568
        dvar: 8.55091286667e-08
        dvar2: 2.39723931372e-07
        max: 0.00191623391584
        mean: 0.000266970542725
        min: 1.47797996064e-08
        var: 9.07725592469e-08
    spectral_energyband_middle_high:
        dmean: 0.000574356352445
        dmean2: 0.000829917844385
        dvar: 3.74148385163e-07
        dvar2: 8.65102151693e-07
        max: 0.00694559328258
        mean: 0.00215926812962
        min: 1.42396217484e-07
        var: 1.72024465428e-06
    spectral_energyband_middle_low:
        dmean: 0.000930830603465
        dmean2: 0.00153148977552
        dvar: 8.65721176524e-07
        dvar2: 2.25115832109e-06
        max: 0.00777970580384
        mean: 0.00260182516649
        min: 7.87794505186e-08
        var: 2.17211004383e-06
    spectral_flatness_db:
        dmean: 0.0144694289193
        dmean2: 0.022158280015
        dvar: 0.000149401108501
        dvar2: 0.000319363403833
        max: 0.271912634373
        mean: 0.164501875639
        min: 0.0513390861452
        var: 0.000996833317913
    spectral_flux:
        dmean: 0.00762767344713
        dmean2: 0.0122038070112
        dvar: 6.96679198882e-05
        dvar2: 0.000149530271301
        max: 0.0801405012608
        mean: 0.0365883223712
        min: 0.00259725051001
        var: 0.000161055970239
    spectral_kurtosis:
        dmean: 1.79845881462
        dmean2: 3.14784550667
        dvar: 3.17256760597
        dvar2: 9.09767341614
        max: 18.9569854736
        mean: 4.25740385056
        min: 1.10405254364
        var: 6.28060913086
    spectral_rms:
        dmean: 0.000305256573483
        dmean2: 0.000450096966233
        dvar: 9.43125115782e-08
        dvar2: 2.05606951909e-07
        max: 0.00362695008516
        mean: 0.00216284138151
        min: 1.59904320753e-05
        var: 4.38056247276e-07
    spectral_rolloff:
        dmean: 469.204925537
        dmean2: 746.783447266
        dvar: 254570.953125
        dvar2: 536787.375
        max: 4758.83789062
        mean: 2589.29345703
        min: 322.998046875
        var: 890450.125
    spectral_skewness:
        dmean: 0.230168655515
        dmean2: 0.38648685813
        dvar: 0.0448164567351
        dvar2: 0.107844389975
        max: 3.01670908928
        mean: 1.38371300697
        min: 0.631096959114
        var: 0.133016213775
    spectral_spread:
        dmean: 334756
        dmean2: 490636
        dvar: 208579690496
        dvar2: 226089517056
        max: 14065096
        mean: 3587930.75
        min: 2151492.75
        var: 868071702528
    spectral_strongpeak:
        dmean: 0.337564915419
        dmean2: 0.588318169117
        dvar: 0.341775596142
        dvar2: 0.962957322598
        max: 6.75788831711
        mean: 0.576604306698
        min: 0
        var: 0.414003610611
    zerocrossingrate:
        dmean: 0.00886348914355
        dmean2: 0.0102053042501
        dvar: 5.92466494709e-05
        dvar2: 9.11016468308e-05
        max: 0.14599609375
        mean: 0.0761201232672
        min: 0.00927734375
        var: 0.000487180921482
    barkbands:
        dmean: [3.13742305025e-07, 5.10844292876e-05, 0.000127304447233, 0.000192269595573, 0.000445152400061, 0.000188454432646, 0.000258600281086, 0.000230929785175, 7.8942233813e-05, 0.000120166645502, 4.24413119617e-05, 3.76636016881e-05, 6.90097804181e-05, 5.10605968884e-05, 0.000144048201037, 9.08442380023e-05, 0.000126258935779, 0.000111226036097, 0.000162969037774, 0.00012596489978, 5.28633172507e-05, 1.4109607946e-05, 2.31965395869e-06, 2.7452765039e-07, 1.68542271695e-07, 1.64495439492e-08, 6.07830341615e-10]
        dmean2: [4.70012054166e-07, 8.32346267998e-05, 0.000223992581596, 0.00033556681592, 0.000751802988816, 0.000305611232761, 0.000409166386817, 0.000337431934895, 0.000138414266985, 0.000179177543032, 6.73629692756e-05, 5.91481657466e-05, 0.000104543600173, 8.12509460957e-05, 0.000231788435485, 0.000143131619552, 0.000198157489649, 0.000174214612343, 0.000266562215984, 0.000207978140679, 8.31308425404e-05, 2.22921116801e-05, 3.60277090294e-06, 4.17213215087e-07, 2.58388411112e-07, 2.52498164599e-08, 1.00484376375e-09]
        dvar: [4.18014066287e-13, 7.10028791318e-09, 6.59967369643e-08, 7.02774798356e-08, 2.36574820178e-07, 7.8671718029e-08, 8.11716702742e-08, 1.01213167625e-07, 1.44119640666e-08, 1.65284035347e-08, 4.32459890121e-09, 3.06490322011e-09, 6.23702334224e-09, 1.34782158767e-08, 2.91478787773e-08, 1.18417613493e-08, 1.76197989532e-08, 1.66794666967e-08, 6.9945507164e-08, 8.71263097224e-08, 4.46354775363e-09, 3.77534531415e-10, 9.52047034958e-12, 1.70125618779e-13, 1.63653866934e-13, 4.44019202577e-15, 2.79780508045e-17]
        dvar2: [9.15075849296e-13, 2.05590033886e-08, 1.83699484069e-07, 1.92790409415e-07, 6.4239452513e-07, 1.94932894715e-07, 2.1348240864e-07, 1.99937616685e-07, 4.059124592e-08, 3.31004663678e-08, 9.24295040505e-09, 7.0688717102e-09, 1.44734935148e-08, 2.8776376837e-08, 6.9344295639e-08, 2.79157674754e-08, 4.26358930383e-08, 4.27513739965e-08, 1.89631705894e-07, 2.36037351442e-07, 1.16422977925e-08, 9.08458253068e-10, 2.1781064799e-11, 3.80097862906e-13, 3.77724246195e-13, 1.10160624316e-14, 7.01974783093e-17]
        max: [6.42029726805e-06, 0.000612447096501, 0.00179488467984, 0.00214784662239, 0.00353191932663, 0.00281535321847, 0.00328216259368, 0.00361308921129, 0.00128414144274, 0.00117668893654, 0.000948665896431, 0.000800636247732, 0.000769674603362, 0.0021048206836, 0.00148801493924, 0.00184222252574, 0.00178498413879, 0.00138483382761, 0.00239033764228, 0.00380121357739, 0.000480254151626, 0.000209692734643, 2.74008798442e-05, 3.9969968384e-06, 5.03482260683e-06, 8.4059809069e-07, 7.81839304409e-08]
        mean: [3.92014413819e-07, 0.000103025849967, 0.000163564734976, 0.000226429081522, 0.000806536176242, 0.000309286173433, 0.000531894795131, 0.000562493863981, 0.000140277683386, 0.000321166648064, 0.000109375389002, 8.96101555554e-05, 0.00014608381025, 8.16994215711e-05, 0.00023566330492, 0.000225579642574, 0.000278614985291, 0.000234324426856, 0.000297584600048, 0.000239539294853, 0.000107181673229, 2.8718917747e-05, 3.97690428144e-06, 5.33556033133e-07, 2.72217505426e-07, 1.77750845154e-08, 3.75551201248e-10]
        min: [9.74205854876e-11, 7.14508541222e-09, 5.43021716481e-09, 5.91667959071e-09, 1.47559520158e-08, 1.03548423169e-08, 6.82213441294e-09, 1.08134621257e-08, 2.61778474453e-08, 2.35519479475e-08, 1.89810283047e-08, 1.26237704734e-08, 1.43965177557e-08, 4.68583394309e-09, 2.5475570542e-09, 4.4544203881e-09, 4.65652361115e-09, 2.57473473653e-08, 1.39700020441e-08, 6.80141454268e-09, 1.1590190141e-08, 5.4144506656e-09, 7.47279682578e-10, 3.38412853296e-10, 1.63318941704e-10, 3.74021716376e-11, 1.09662577413e-13]
        var: [5.80410990537e-13, 1.15205232021e-08, 5.41065467985e-08, 7.17717156817e-08, 3.90658613014e-07, 1.60803068638e-07, 1.81357904694e-07, 5.52037192847e-07, 2.43081785811e-08, 6.93793040796e-08, 2.32340173767e-08, 1.73822822802e-08, 2.04970049822e-08, 2.86873511612e-08, 6.43999769068e-08, 5.74724197122e-08, 6.6042687763e-08, 4.12893861323e-08, 8.07734537034e-08, 1.27855543042e-07, 8.96622776025e-09, 8.84001649659e-10, 2.08277058794e-11, 4.45552205157e-13, 2.33051750641e-13, 4.20462581039e-15, 1.40751994241e-17]
    mfcc:
        mean: [-715.290710449, 141.96711731, -61.998500824, 62.6705513, -24.9317760468, -1.29891419411, -10.6003055573, -7.56688308716, -2.14247775078, -7.55417013168, -4.44418001175, -7.91409492493, -1.29112350941]
        cov: [[4131.13671875, -648.279296875, -304.332611084, -294.254669189, -181.789260864, -156.144699097, -139.872344971, 110.666931152, 23.6715812683, 51.1490249634, -59.4312286377, -17.0668544769, 68.6426391602], [-648.279296875, 811.474121094, -153.627151489, 36.0847434998, 68.6509552002, 41.3492965698, -16.0945110321, -32.3307914734, 42.1865501404, -18.7255096436, 22.9472904205, 32.3696899414, 13.7220077515], [-304.332611084, -153.627151489, 301.721893311, 88.5467605591, 31.2884082794, 33.0798149109, 95.1955947876, 33.668598175, 0.295348972082, 34.7808074951, 13.5440387726, 8.20889854431, -3.67788243294], [-294.254669189, 36.0847434998, 88.5467605591, 175.414398193, 71.0467681885, 25.6929721832, 20.5394382477, -0.899694025517, 12.6752147675, 23.2521476746, 9.09729862213, -6.86584043503, 1.76072692871], [-181.789260864, 68.6509552002, 31.2884082794, 71.0467681885, 117.764137268, 40.1525115967, 20.4200897217, -17.6009502411, 12.289940834, 6.00041723251, 4.62187671661, 2.02020812035, 2.47840881348], [-156.144699097, 41.3492965698, 33.0798149109, 25.6929721832, 40.1525115967, 78.6103973389, 44.5856208801, 8.95056819916, -6.89659690857, -2.91744589806, 10.8346691132, 4.8705868721, -0.654823362827], [-139.872344971, -16.0945110321, 95.1955947876, 20.5394382477, 20.4200897217, 44.5856208801, 93.8207244873, 30.5213851929, -0.845713675022, -4.96230554581, 0.322385191917, 5.69936990738, 6.33573532104], [110.666931152, -32.3307914734, 33.668598175, -0.899694025517, -17.6009502411, 8.95056819916, 30.5213851929, 89.2135009766, 32.7300796509, 15.4334125519, 4.83636713028, 14.1983356476, 8.57734298706], [23.6715812683, 42.1865501404, 0.295348972082, 12.6752147675, 12.289940834, -6.89659690857, -0.845713675022, 32.7300796509, 71.0065612793, 41.6561813354, 5.40715551376, 6.73567533493, 9.70405292511], [51.1490249634, -18.7255096436, 34.7808074951, 23.2521476746, 6.00041723251, -2.91744589806, -4.96230554581, 15.4334125519, 41.6561813354, 81.5745239258, 21.354675293, 13.7206106186, 14.6026172638], [-59.4312286377, 22.9472904205, 13.5440387726, 9.09729862213, 4.62187671661, 10.8346691132, 0.322385191917, 4.83636713028, 5.40715551376, 21.354675293, 40.6201095581, 22.0724487305, 8.08559989929], [-17.0668544769, 32.3696899414, 8.20889854431, -6.86584043503, 2.02020812035, 4.8705868721, 5.69936990738, 14.1983356476, 6.73567533493, 13.7206106186, 22.0724487305, 57.1314811707, 26.1506977081], [68.6426391602, 13.7220077515, -3.67788243294, 1.76072692871, 2.47840881348, -0.654823362827, 6.33573532104, 8.57734298706, 9.70405292511, 14.6026172638, 8.08559989929, 26.1506977081, 52.2423324585]]
        icov: [[0.000415218557464, 0.000340877304552, 0.000499456888065, 0.000435995083535, -0.000227933604037, 0.000299168284982, 0.000230940902838, -0.000772822706494, 0.00036102271406, -0.000558456813451, 0.000402522797231, 0.000280624721199, -0.000614925927948], [0.000340877304552, 0.00209980946966, 0.00166074756999, -0.000422189536039, -0.000274647522019, -0.000652906717733, -0.00046278728405, 0.000672364025377, -0.0019829524681, 0.000904559507035, -0.000591289601289, -0.00111886614468, -0.000150624444359], [0.000499456888065, 0.00166074756999, 0.0084084905684, -0.00268966332078, -0.000440572039224, 0.00257822475396, -0.0080218212679, -0.000846107432153, 0.0021635342855, -0.00404910789803, -0.000616179197095, -0.00166672561318, 0.00241472385824], [0.000435995083535, -0.000422189536039, -0.00268966332078, 0.0100420424715, -0.00533837731928, 0.000258201936958, 0.00266756885685, -0.00212891539559, 0.00140973704401, -0.00194174598437, -0.000570374191739, 0.00397947337478, -0.00233007827774], [-0.000227933604037, -0.000274647522019, -0.000440572039224, -0.00533837731928, 0.0158419981599, -0.00737715372816, -0.000706024817191, 0.00674336776137, -0.00674659619108, 0.00248927623034, 0.00142720481381, -0.00249014631845, 0.000237962100073], [0.000299168284982, -0.000652906717733, 0.00257822475396, 0.000258201936958, -0.00737715372816, 0.0244357660413, -0.0113938301802, -0.00386785459705, 0.00718498742208, -0.00281409127638, -0.00598118733615, 0.00150587386452, 0.00224820803851], [0.000230940902838, -0.00046278728405, -0.0080218212679, 0.00266756885685, -0.000706024817191, -0.0113938301802, 0.0265269875526, -0.00598942162469, -0.000653503811918, 0.00482941186056, 0.00411424785852, 0.00166014081333, -0.00587585568428], [-0.000772822706494, 0.000672364025377, -0.000846107432153, -0.00212891539559, 0.00674336776137, -0.00386785459705, -0.00598942162469, 0.0213670022786, -0.0133530069143, 0.00418566446751, -0.00089933455456, -0.00526937749237, 0.00178810639773], [0.00036102271406, -0.0019829524681, 0.0021635342855, 0.00140973704401, -0.00674659619108, 0.00718498742208, -0.000653503811918, -0.0133530069143, 0.0321368388832, -0.0166194867343, 0.00398382125422, 0.00305425515398, -0.000636438373476], [-0.000558456813451, 0.000904559507035, -0.00404910789803, -0.00194174598437, 0.00248927623034, -0.00281409127638, 0.00482941186056, 0.00418566446751, -0.0166194867343, 0.026190944016, -0.0102135939524, -0.000447574013378, -0.00357863376848], [0.000402522797231, -0.000591289601289, -0.000616179197095, -0.000570374191739, 0.00142720481381, -0.00598118733615, 0.00411424785852, -0.00089933455456, 0.00398382125422, -0.0102135939524, 0.0390156544745, -0.013151797466, 0.00176800088957], [0.000280624721199, -0.00111886614468, -0.00166672561318, 0.00397947337478, -0.00249014631845, 0.00150587386452, 0.00166014081333, -0.00526937749237, 0.00305425515398, -0.000447574013378, -0.013151797466, 0.0310355611145, -0.0134675092995], [-0.000614925927948, -0.000150624444359, 0.00241472385824, -0.00233007827774, 0.000237962100073, 0.00224820803851, -0.00587585568428, 0.00178810639773, -0.000636438373476, -0.00357863376848, 0.00176800088957, -0.0134675092995, 0.0282597765326]]
    spectral_contrast:
        mean: [-4.27545728598e-07, -1.84934052072e-07, 3.42040010537e-07, -1.69972807385e-07, 2.41027997561e-08, -1.61990044489e-07, -3.73133320863e-06, -1.78813934326e-07, 1.39164490065e-06, -3.41009990734e-06, 2.46040826823e-06, 2.16444527723e-06]
        var: [0.000237520172959, 0.000714450783562, 0.00135239574593, 0.00198570918292, 0.0024339647498, 0.00718806451187, 0.0350936800241, 0.0833566784859, 0.116915620863, 0.302292853594, 0.346307605505, 2.16451263428]

rhythm:
    beats_loudness:
        dmean: 0.00290852994658
        dmean2: 0.00464047724381
        dvar: 1.79973778813e-06
        dvar2: 6.15339740762e-06
        max: 0.013738643378
        mean: 0.00581002887338
        min: 0.00192752364092
        var: 7.50051276555e-06
    beats_loudness_bass:
        dmean: 0.0569185726345
        dmean2: 0.113210424781
        dvar: 0.00238515250385
        dvar2: 0.00672975694761
        max: 0.191292956471
        mean: 0.0728344023228
        min: 0.00297908484936
        var: 0.00264616729692
    bpm: 117.646331787
    bpm_confidence: 0
    first_peak_bpm: 126
    first_peak_spread: 0
    first_peak_weight: 0.631578922272
    onset_rate: 4.47443199158
    second_peak_bpm: 118
    second_peak_spread: 0
    second_peak_weight: 0.368421047926
    beats_position: [0.230468481779, 0.708518147469, 1.18656778336, 1.66461753845, 2.14266729355, 2.62071681023, 3.09876656532, 3.576816082, 4.0548658371, 4.53291511536, 5.01096487045, 5.48901414871, 5.96558094025, 6.47560596466, 6.98563146591, 7.49565601349, 8.00568199158, 8.51570606232, 9.02573108673, 9.53575706482]
    bpm_estimates: [117.180953979, 118.735992432, 117.022041321]
    bpm_intervals: [0.478049665689, 0.478049635887, 0.478049755096, 0.478049755096, 0.478049516678, 0.478049755096, 0.478049516678, 0.478049755096, 0.478049278259, 0.478049755096, 0.478049278259, 0.476566791534, 0.510025024414, 0.510025501251, 0.510024547577, 0.510025978088, 0.51002407074, 0.510025024414, 0.510025978088]
    onset_times: [0.0464399084449, 0.220589563251, 0.336689352989, 0.696598649025, 0.812698423862, 1.07972788811, 1.27709746361, 1.47446715832, 1.77632653713, 1.89242625237, 1.99691605568, 2.17106580734, 2.31038546562, 2.41487526894, 2.65868473053, 2.83283448219, 2.97215414047, 3.3785033226, 3.52943301201, 3.69197273254, 4.051882267, 4.5046710968, 4.69043064117, 5.02712011337, 5.42185926437, 6.15328788757, 6.38548755646, 6.84988641739, 7.04725646973, 7.40716552734, 7.54648542404, 7.66258525848, 7.79029464722, 7.91800451279, 8.11537456512, 8.37079334259, 8.47528362274, 8.60299301147, 8.70748329163, 8.893242836, 9.16027164459, 9.43891143799, 9.71755123138, 9.91492080688, 9.98458003998]
    rubato_start: []
    rubato_stop: []
    perceptual_tempo: "unknown"

sfx:
    inharmonicity:
        dmean: 0.0479756183922
        dmean2: 0.0868208482862
        dvar: 0.00279235118069
        dvar2: 0.00769873056561
        max: 0.39042493701
        mean: 0.0524136386812
        min: 0
        var: 0.00282870605588
    oddtoevenharmonicenergyratio:
        dmean: 3.59853959084
        dmean2: 6.93088436127
        dvar: 338.50402832
        dvar2: 1008.67340088
        max: 259.228363037
        mean: 2.27246856689
        min: 0
        var: 174.205718994
    pitch_after_max_to_before_max_energy_ratio: 43.5334358215
    pitch_centroid: 169.199127197
    pitch_max_to_total: 0.00921658985317
    pitch_min_to_total: 0.986175119877
    tristimulus:
        dmean: [0.197970807552, 0.218486532569, 0.116445146501]
        dmean2: [0.343303412199, 0.379038691521, 0.204174935818]
        dvar: [0.0267909560353, 0.0373931899667, 0.0122514553368]
        dvar2: [0.0724789053202, 0.101697728038, 0.0360142253339]
        max: [1, 0.965192735195, 0.750870645046]
        mean: [0.371885687113, 0.465581297874, 0.131302624941]
        min: [0.0142403785139, 0, 0]
        var: [0.0414924696088, 0.0483598187566, 0.0154242338613]

tonal:
    chords_changes_rate: 0.0321100912988
    chords_number_rate: 0.0229357797652
    chords_strength:
        dmean: 0.00862730480731
        dmean2: 0.0073493886739
        dvar: 4.6236338676e-05
        dvar2: 4.06260660384e-05
        max: 0.683474481106
        mean: 0.516738653183
        min: 0.349115371704
        var: 0.00727389706299
    key_strength: 0.645280361176
    tuning_diatonic_strength: 0.543419659138
    tuning_equal_tempered_deviation: 0.0760919526219
    tuning_frequency: 440.254241943
    tuning_nontempered_energy_ratio: 0.725989222527
    hpcp:
        dmean: [0.189925581217, 0.178906470537, 0.103777602315, 0.0959011912346, 0.114983186126, 0.16784325242, 0.154849499464, 0.136077567935, 0.105165325105, 0.0976861789823, 0.0932832285762, 0.0884704068303, 0.0842506513, 0.0630175247788, 0.119447462261, 0.155391305685, 0.174320310354, 0.129623785615, 0.0805952996016, 0.0640688762069, 0.0853707268834, 0.106103949249, 0.0971234962344, 0.0934354141355, 0.105700008571, 0.091190546751, 0.0895296037197, 0.103537522256, 0.0952880457044, 0.152422696352, 0.167822748423, 0.131038293242, 0.0967633649707, 0.082441829145, 0.0950802713633, 0.160710155964]
        dmean2: [0.339608639479, 0.299483716488, 0.16991892457, 0.160096809268, 0.191135406494, 0.294279336929, 0.26520305872, 0.240393459797, 0.182582378387, 0.172874197364, 0.163237884641, 0.140818729997, 0.138509169221, 0.106685929, 0.202450051904, 0.261624604464, 0.286066561937, 0.22680619359, 0.140333801508, 0.113100558519, 0.151814997196, 0.170077964664, 0.15681566298, 0.15932546556, 0.184435635805, 0.151100084186, 0.157859787345, 0.184302359819, 0.167997226119, 0.256785422564, 0.285792887211, 0.225704163313, 0.173237264156, 0.142633184791, 0.163971424103, 0.272921770811]
        dvar: [0.0369612313807, 0.0228812601417, 0.0171286147088, 0.0268070846796, 0.0267933439463, 0.0401697233319, 0.0309730358422, 0.0235682856292, 0.0244449973106, 0.025871694088, 0.0276226717979, 0.0183292515576, 0.0170442182571, 0.00808740966022, 0.0217899307609, 0.0319517925382, 0.0354931727052, 0.0231684148312, 0.0182063318789, 0.0141836944968, 0.0194853506982, 0.0168778207153, 0.0119700105861, 0.0141721200198, 0.0290934965014, 0.0180589649826, 0.0202343072742, 0.033105161041, 0.0160072203726, 0.0339732989669, 0.0443522632122, 0.0278604999185, 0.0205474998802, 0.0186834335327, 0.0229266714305, 0.0316688753664]
        dvar2: [0.0910844355822, 0.0568015240133, 0.045974586159, 0.060198340565, 0.0586954392493, 0.102227412164, 0.0844269916415, 0.0634580180049, 0.0661278963089, 0.0714547112584, 0.0794778466225, 0.0380535311997, 0.0408391728997, 0.0209611449391, 0.0537016093731, 0.069009333849, 0.0890193283558, 0.0625537410378, 0.0458672456443, 0.0400921776891, 0.0594865977764, 0.0512234121561, 0.0279903914779, 0.036951225251, 0.0754567310214, 0.0460609942675, 0.0549187511206, 0.0902360454202, 0.0451466739178, 0.0844668895006, 0.0968700870872, 0.0727767124772, 0.0587094388902, 0.0493452623487, 0.0549937561154, 0.084696687758]
        max: [1, 1, 0.94325876236, 1, 1, 1, 1, 1, 1, 1, 1, 1, 1, 0.847138822079, 1, 1, 1, 1, 1, 0.93698734045, 1, 1, 1, 0.828926920891, 1, 0.983254849911, 0.90091574192, 1, 0.86009991169, 1, 1, 1, 1, 1, 0.991963267326, 1]
        mean: [0.559172034264, 0.404299110174, 0.159224197268, 0.157481372356, 0.171384572983, 0.274696052074, 0.3458802104, 0.214327841997, 0.145790785551, 0.15208619833, 0.112739764154, 0.133038699627, 0.146647334099, 0.102189786732, 0.193327829242, 0.434035509825, 0.408060014248, 0.190518155694, 0.108938582242, 0.080016285181, 0.113825961947, 0.188339561224, 0.162192299962, 0.125615030527, 0.160640239716, 0.12931124866, 0.100821278989, 0.110443584621, 0.115640304983, 0.259207963943, 0.361869066954, 0.235866785049, 0.125952765346, 0.107098989189, 0.110791698098, 0.304326832294]
        min: [0.00759994378313, 0.00457367580384, 0.00121153227519, 0.000837589323055, 0.00123964715749, 0.00192924973089, 0.00237435009331, 0.00197709235363, 0.00129092438146, 0.0013345683692, 0.000921737519093, 0.0011037751101, 0.00129846553318, 0.000741349242162, 0.00809356197715, 0.0132060647011, 0.00624917401001, 0.0021933442913, 0.00103570672218, 0.000401929602958, 0.00129098666366, 0.00272098346613, 0.00546785863116, 0.00240989192389, 0.00115912267938, 0.00122436380479, 0.00135641766246, 0.00160122988746, 0.00426095118746, 0.00595049420372, 0.00765364570543, 0.00693324301392, 0.00270875543356, 0.00189427938312, 0.00160625483841, 0.0034238807857]
        var: [0.113774366677, 0.0765289366245, 0.0239120665938, 0.0520443357527, 0.0525525808334, 0.071884714067, 0.104301437736, 0.038803871721, 0.0400829389691, 0.045069642365, 0.0256588924676, 0.0229179486632, 0.0202261824161, 0.0111047113314, 0.0391997359693, 0.129961311817, 0.122644335032, 0.0326376967132, 0.0271439757198, 0.017211753875, 0.0185085721314, 0.035450424999, 0.0256033055484, 0.0157678611577, 0.0395757704973, 0.0267046652734, 0.0243936311454, 0.0321582593024, 0.0171893294901, 0.0602549910545, 0.106103248894, 0.045899156481, 0.0247759651393, 0.0214516501874, 0.0238566286862, 0.0506998673081]
    chords_histogram: [0, 0, 0, 0, 0, 0, 0, 0, 0, 0, 0, 0, 0, 0, 0, 18.8073387146, 0, 21.1009178162, 1.37614679337, 14.6788988113, 0, 0, 44.0366973877, 0]
    thpcp: [1, 0.723031699657, 0.284749925137, 0.281633138657, 0.306497037411, 0.491254985332, 0.618557751179, 0.383294999599, 0.260726183653, 0.271984636784, 0.201619103551, 0.237920880318, 0.262257993221, 0.182751968503, 0.345739454031, 0.776211023331, 0.729757547379, 0.340714752674, 0.194821223617, 0.143097788095, 0.203561618924, 0.336818635464, 0.290057957172, 0.224644690752, 0.287282317877, 0.231254860759, 0.180304586887, 0.197512716055, 0.206806316972, 0.463556736708, 0.647151589394, 0.421814352274, 0.225248679519, 0.191531375051, 0.198135256767, 0.544245421886]
    chords_key: "G"
    chords_scale: "major"
    key_key: "D"
    key_scale: "major"
    chords_progression: ["Am", "Am", "Am", "Am", "Am", "Am", "Am", "Am", "Am", "Am", "Am", "Am", "Am", "Am", "Am", "Am", "Am", "Am", "Am", "Am", "Am", "Am", "Am", "Am", "Am", "Am", "Am", "Am", "Am", "Am", "Am", "Am", "F", "F", "F", "Dm", "Dm", "Dm", "Dm", "Dm", "Dm", "Dm", "Dm", "Dm", "Dm", "Dm", "Dm", "Dm", "Dm", "Dm", "Dm", "Dm", "Dm", "Gm", "Gm", "Gm", "Gm", "Gm", "Gm", "Gm", "Gm", "Gm", "Gm", "Gm", "Gm", "Gm", "Gm", "Gm", "Gm", "Gm", "Gm", "Gm", "Gm", "Gm", "Gm", "Gm", "Gm", "Gm", "Gm", "Gm", "Gm", "Gm", "Gm", "Gm", "Gm", "Gm", "Gm", "Gm", "Gm", "Gm", "Gm", "Gm", "Gm", "Gm", "G", "G", "G", "G", "G", "G", "G", "G", "G", "G", "G", "G", "G", "G", "G", "G", "G", "G", "G", "G", "G", "G", "G", "G", "G", "G", "G", "G", "G", "G", "G", "G", "G", "G", "G", "G", "G", "G", "G", "G", "G", "G", "G", "G", "G", "G", "G", "G", "G", "G", "G", "G", "Dm", "Dm", "Dm", "Dm", "Dm", "Dm", "Dm", "Dm", "G", "G", "G", "G", "G", "G", "G", "G", "G", "G", "G", "G", "G", "G", "G", "G", "G", "G", "G", "G", "G", "G", "G", "G", "G", "G", "G", "G", "G", "G", "G", "G", "G", "G", "G", "G", "G", "G", "G", "G", "G", "G", "G", "G", "Dm", "Dm", "Dm", "Dm", "Dm", "Dm", "Dm", "Dm", "Dm", "Dm", "Dm", "Dm", "Dm", "Dm", "Dm", "Dm", "Dm", "Dm", "Dm", "Dm"]
