
metadata:
    version:
        essentia: "1.2.2"
    audio_properties:
        analysis_sample_rate: 44100
        bitrate: 128
        channels: 2
        equal_loudness: 1
        length: 10.0310201645
        replay_gain: -6.37561798096
        downmix: "mix"
    tags:
        track: 8
        year: 0
        album: "Splitted by Mp3Splt v. 2.1"
        artist: "From 001.10 To 001.20"
        comment: "http://mp3splt.sf.net"
        genre: ""
        title: "14 Passover.mp3"

highlevel:
    ballroom:
        all:
            ChaChaCha: 0.10428724438
            Jive: 0.0525428988039
            Quickstep: 0.00716984644532
            Rumba-American: 0.0078987153247
            Rumba-International: 0.0903352499008
            Rumba-Misc: 0.0224772300571
            Samba: 0.696243464947
            Tango: 0.00498425774276
            VienneseWaltz: 0.00675116525963
            Waltz: 0.00730993039906
        probability: 0.696243464947
        value: "Samba"
    culture:
        all:
            non_western: 0.902075171471
            western: 0.0979248210788
        probability: 0.902075171471
        value: "non_western"
    gender:
        all:
            female: 0.760394990444
            male: 0.239604994655
        probability: 0.760394990444
        value: "female"
    genre_dortmund:
        all:
            alternative: 0.220240071416
            blues: 0.0102924304083
            electronic: 0.3136023283
            folkcountry: 0.0533740669489
            funksoulrnb: 0.00502599542961
            jazz: 0.141504317522
            pop: 0.0933867171407
            raphiphop: 0.0514535866678
            rock: 0.111120499671
        probability: 0.3136023283
        value: "electronic"
    genre_electronica:
        all:
            ambient: 0.610039889812
            dnb: 0.164912253618
            house: 0.0412143953145
            techno: 0.129953086376
            trance: 0.0538803637028
        probability: 0.610039889812
        value: "ambient"
    genre_rosamerica:
        all:
            cla: 0.0989948958158
            dan: 0.237420484424
            hip: 0.176336660981
            jaz: 0.0632610246539
            pop: 0.0497820563614
            rhy: 0.160522729158
            roc: 0.20276479423
            spe: 0.0109173571691
        probability: 0.237420484424
        value: "dan"
    genre_tzanetakis:
        all:
            blu: 0.0575423911214
            cla: 0.0675957947969
            cou: 0.0361990816891
            dis: 0.0691164284945
            hip: 0.157711341977
            jaz: 0.0459534972906
            met: 0.0840421319008
            pop: 0.117804206908
            reg: 0.249069541693
            roc: 0.114965587854
        probability: 0.249069541693
        value: "reg"
    live_studio:
        all:
            live: 0.123510859907
            studio: 0.876489162445
        probability: 0.876489162445
        value: "studio"
    mood:
        all:
            Cluster1: 0.0413237065077
            Cluster2: 0.0310788117349
            Cluster3: 0.752021968365
            Cluster4: 0.00691797863692
            Cluster5: 0.168657511473
        probability: 0.752021968365
        value: "Cluster3"
    mood_acoustic:
        all:
            acoustic: 0.185725048184
            not_acoustic: 0.814274966717
        probability: 0.814274966717
        value: "not_acoustic"
    mood_aggressive:
        all:
            aggressive: 0.0988167673349
            not_aggressive: 0.901183247566
        probability: 0.901183247566
        value: "not_aggressive"
    mood_electronic:
        all:
            electronic: 0.794135630131
            not_electronic: 0.205864354968
        probability: 0.794135630131
        value: "electronic"
    mood_happy:
        all:
            happy: 0.201786220074
            not_happy: 0.798213779926
        probability: 0.798213779926
        value: "not_happy"
    mood_party:
        all:
            not_party: 0.884314835072
            party: 0.115685150027
        probability: 0.884314835072
        value: "not_party"
    mood_relaxed:
        all:
            not_relaxed: 0.427099436522
            relaxed: 0.572900533676
        probability: 0.572900533676
        value: "relaxed"
    mood_sad:
        all:
            not_sad: 0.255974858999
            sad: 0.744025111198
        probability: 0.744025111198
        value: "sad"
    rhythm:
        all:
            fast: 0.499822199345
            medium: 0.359502911568
            slow: 0.140674889088
        probability: 0.499822199345
        value: "fast"
    speech_music:
        all:
            music: 0.975565195084
            speech: 0.0244348086417
        probability: 0.975565195084
        value: "music"
    timbre:
        all:
            bright: 0.0108761666343
            dark: 0.989123821259
        probability: 0.989123821259
        value: "dark"
    voice_instrumental:
        all:
            instrumental: 0.997045695782
            voice: 0.00295430235565
        probability: 0.997045695782
        value: "instrumental"

lowlevel:
    average_loudness: 0.981857836246
    barkbands_kurtosis:
        dmean: 4.84668302536
        dmean2: 8.64866256714
        dvar: 25.487953186
        dvar2: 75.0747680664
        max: 32.4833755493
        mean: 5.45133161545
        min: -1.76456391811
        var: 35.2966079712
    barkbands_skewness:
        dmean: 0.843391418457
        dmean2: 1.48598659039
        dvar: 0.514645278454
        dvar2: 1.48342072964
        max: 5.41483688354
        mean: 2.23757958412
        min: 0.187470331788
        var: 0.96192574501
    barkbands_spread:
        dmean: 7.84618806839
        dmean2: 13.5812683105
        dvar: 50.2879638672
        dvar2: 144.725036621
        max: 57.1496543884
        mean: 20.7959747314
        min: 4.98639631271
        var: 111.236740112
    dissonance:
        dmean: 0.0197921786457
        dmean2: 0.0323570817709
        dvar: 0.00033439786057
        dvar2: 0.00102346739732
        max: 0.498176842928
        mean: 0.455360561609
        min: 0.347103595734
        var: 0.000723980192561
    hfc:
        dmean: 0.847413063049
        dmean2: 1.40037536621
        dvar: 3.11395692825
        dvar2: 8.26880836487
        max: 15.2526960373
        mean: 1.30070436001
        min: 0.176882892847
        var: 2.80527210236
    pitch:
        dmean: 654.807922363
        dmean2: 1297.12426758
        dvar: 1654910.5
        dvar2: 4689951.5
        max: 4009.09082031
        mean: 682.270996094
        min: 57.2727279663
        var: 1519634
    pitch_instantaneous_confidence:
        dmean: 0.0800915360451
        dmean2: 0.132834896445
        dvar: 0.00398644199595
        dvar2: 0.0106719490141
        max: 0.707170367241
        mean: 0.36673283577
        min: 0.16167229414
        var: 0.0107903173193
    pitch_salience:
        dmean: 0.0949931442738
        dmean2: 0.162182509899
        dvar: 0.00664285477251
        dvar2: 0.021150611341
        max: 0.788695156574
        mean: 0.553525924683
        min: 0.265333205462
        var: 0.0102623580024
    silence_rate_20dB:
        dmean: 0
        dmean2: 0
        dvar: 0
        dvar2: 0
        max: 1
        mean: 1
        min: 1
        var: 0
    silence_rate_30dB:
        dmean: 0
        dmean2: 0
        dvar: 0
        dvar2: 0
        max: 1
        mean: 1
        min: 1
        var: 0
    silence_rate_60dB:
        dmean: 0.157772615552
        dmean2: 0.31627908349
        dvar: 0.132880046964
        dvar2: 0.230199858546
        max: 1
        mean: 0.791666686535
        min: 0
        var: 0.164931073785
    spectral_centroid:
        dmean: 198.353729248
        dmean2: 346.149383545
        dvar: 36053.8476562
        dvar2: 103789.554688
        max: 1752.28759766
        mean: 555.499389648
        min: 193.112075806
        var: 69601.8359375
    spectral_complexity:
        dmean: 1.35664331913
        dmean2: 2.30140185356
        dvar: 3.73061132431
        dvar2: 9.94887447357
        max: 23
        mean: 4
        min: 0
        var: 3.98604655266
    spectral_crest:
        dmean: 2.80369138718
        dmean2: 4.90395927429
        dvar: 5.12168741226
        dvar2: 14.8708152771
        max: 18.3005428314
        mean: 10.115896225
        min: 4.25765419006
        var: 8.53599834442
    spectral_decrease:
        dmean: 6.00311911292e-10
        dmean2: 1.05623343405e-09
        dvar: 1.35626353032e-18
        dvar2: 3.69317531941e-18
        max: -5.66366259447e-11
        mean: -6.87870094218e-10
        min: -6.74819444768e-09
        var: 9.91069597125e-19
    spectral_energy:
        dmean: 0.00233322475106
        dmean2: 0.0040934192948
        dvar: 2.05108353839e-05
        dvar2: 5.57709754503e-05
        max: 0.0261614006013
        mean: 0.00271415594034
        min: 0.000241220623138
        var: 1.50980577018e-05
    spectral_energyband_high:
        dmean: 3.72694194084e-05
        dmean2: 5.93443401158e-05
        dvar: 1.0893903557e-08
        dvar2: 2.84628232095e-08
        max: 0.00127857353073
        mean: 5.31196274096e-05
        min: 1.31192041408e-06
        var: 1.15970246739e-08
    spectral_energyband_low:
        dmean: 0.000873479119036
        dmean2: 0.00158364663366
        dvar: 3.7222660012e-06
        dvar2: 1.01463419924e-05
        max: 0.0124953873456
        mean: 0.00081598747056
        min: 2.15213094634e-05
        var: 2.52739368989e-06
    spectral_energyband_middle_high:
        dmean: 0.000143531768117
        dmean2: 0.000249468750553
        dvar: 8.5318063725e-08
        dvar2: 2.31655548077e-07
        max: 0.00224514817819
        mean: 0.000244802038651
        min: 2.21483696805e-05
        var: 7.20906925267e-08
    spectral_energyband_middle_low:
        dmean: 0.00151846662629
        dmean2: 0.00273209810257
        dvar: 9.43115355767e-06
        dvar2: 2.59497101069e-05
        max: 0.0182086862624
        mean: 0.00160024676006
        min: 8.86013222043e-05
        var: 6.62138472762e-06
    spectral_flatness_db:
        dmean: 0.0313889756799
        dmean2: 0.0544414073229
        dvar: 0.000660577556118
        dvar2: 0.00195292336866
        max: 0.289203613997
        mean: 0.190003737807
        min: 0.119621954858
        var: 0.00123100320343
    spectral_flux:
        dmean: 0.014389381744
        dmean2: 0.0231829751283
        dvar: 0.000477535329992
        dvar2: 0.000898291997146
        max: 0.142407283187
        mean: 0.0309031736106
        min: 0.00651047192514
        var: 0.000703319150489
    spectral_kurtosis:
        dmean: 1.59501576424
        dmean2: 2.45688915253
        dvar: 3.6222038269
        dvar2: 9.0440454483
        max: 17.533914566
        mean: 5.06455612183
        min: 0.191116094589
        var: 8.00348567963
    spectral_rms:
        dmean: 0.000532171456143
        dmean2: 0.000891984323971
        dvar: 5.98299948251e-07
        dvar2: 1.53907524236e-06
        max: 0.00505206082016
        mean: 0.00142433680594
        min: 0.000485115655465
        var: 6.19222305431e-07
    spectral_rolloff:
        dmean: 692.575439453
        dmean2: 1268.04345703
        dvar: 720140.8125
        dvar2: 2045738.875
        max: 3940.57617188
        mean: 990.87890625
        min: 150.732421875
        var: 937910.3125
    spectral_skewness:
        dmean: 0.219601094723
        dmean2: 0.355157732964
        dvar: 0.0670804604888
        dvar2: 0.158380433917
        max: 3.39939904213
        mean: 1.86147892475
        min: 0.988035023212
        var: 0.176294863224
    spectral_spread:
        dmean: 780392.5625
        dmean2: 962602.1875
        dvar: 906528096256
        dvar2: 1.5900156887e+12
        max: 14810715
        mean: 5469661
        min: 2976912.75
        var: 2.44995509453e+12
    spectral_strongpeak:
        dmean: 0.0851419642568
        dmean2: 0.145413100719
        dvar: 0.00867283623666
        dvar2: 0.0231111068279
        max: 0.82220095396
        mean: 0.140179693699
        min: 0.0176397636533
        var: 0.0108949374408
    zerocrossingrate:
        dmean: 0.0080970460549
        dmean2: 0.0100063430145
        dvar: 4.6844688768e-05
        dvar2: 6.78696451359e-05
        max: 0.11474609375
        mean: 0.0445289798081
        min: 0.015625
        var: 0.000281482498394
    barkbands:
        dmean: [7.19181940667e-08, 0.00015555153368, 0.000761377974413, 0.00104219641071, 0.00049950851826, 4.85262135044e-05, 2.85333226202e-05, 2.188203689e-05, 1.65730216395e-05, 9.72090037976e-06, 5.02729517393e-06, 7.99638837634e-06, 6.05675631959e-06, 9.15538203117e-06, 1.11169247248e-05, 1.59519913723e-05, 3.65378946299e-05, 2.48862197623e-05, 4.31865664723e-05, 2.6272598916e-05, 2.04881871468e-05, 2.58293107436e-06, 1.827590836e-06, 1.29117699998e-06, 1.30490548145e-06, 2.54080028128e-08, 3.41722955488e-10]
        dmean2: [1.09631244527e-07, 0.000280691601802, 0.00138331123162, 0.00189607834909, 0.0008871377795, 8.19356137072e-05, 4.8541554861e-05, 3.41533886967e-05, 2.74819994956e-05, 1.47118107634e-05, 8.4127741502e-06, 1.28422971102e-05, 1.01657906271e-05, 1.63262484421e-05, 1.922903175e-05, 2.8016493161e-05, 6.67930653435e-05, 4.30540640082e-05, 7.39343449823e-05, 4.48908140243e-05, 3.46173510479e-05, 4.26655742558e-06, 2.52673089562e-06, 1.92285438061e-06, 1.84817849913e-06, 3.41658470404e-08, 4.37027886102e-10]
        dvar: [3.36798494096e-14, 1.28426151491e-07, 2.66841334451e-06, 4.11571409131e-06, 1.13695773507e-06, 8.28014279364e-09, 1.49187173726e-09, 8.49580850115e-10, 6.9589045637e-10, 1.53931395408e-10, 5.28967668278e-11, 9.90168155801e-11, 1.05598647882e-10, 2.85216267271e-10, 3.8453232265e-10, 9.97658622381e-10, 5.631738631e-09, 2.22047935594e-09, 8.63148752472e-09, 4.19202983437e-09, 4.49108039646e-09, 4.74082891e-11, 1.05577820791e-11, 5.85648023133e-12, 5.71040653999e-12, 2.6065348898e-15, 2.35397255467e-17]
        dvar2: [6.48873993815e-14, 3.5628357864e-07, 7.34009472581e-06, 1.13608602987e-05, 3.16580644721e-06, 2.28082175369e-08, 4.03605282528e-09, 2.01237959629e-09, 1.88887216979e-09, 3.51470658133e-10, 1.41669329046e-10, 2.57524890301e-10, 2.88811918825e-10, 7.70670249839e-10, 1.0311698162e-09, 2.74499223352e-09, 1.60149280504e-08, 5.8534341818e-09, 2.28882282016e-08, 1.11728164498e-08, 1.23918058037e-08, 1.2152304163e-10, 2.02076740757e-11, 1.41890171487e-11, 1.39955989506e-11, 5.25468959049e-15, 2.36061316062e-17]
        max: [1.75485524778e-06, 0.00232569221407, 0.0108720622957, 0.0132438587025, 0.00669979630038, 0.000882992404513, 0.000361761980457, 0.000397587107727, 0.000250700482866, 0.000206805256312, 7.59785325499e-05, 9.58396703936e-05, 9.68673630268e-05, 0.000184682648978, 0.000135661844979, 0.000229138327995, 0.000455642613815, 0.000419887830503, 0.00101069558877, 0.000628850248177, 0.000840963213705, 8.41102955746e-05, 2.36912892433e-05, 1.7124133592e-05, 2.26611773542e-05, 5.2893915381e-07, 1.00801116787e-07]
        mean: [6.19244886479e-08, 0.000198534748051, 0.000617393583525, 0.000884183682501, 0.000531837984454, 6.51741938782e-05, 4.72256579087e-05, 4.10076791013e-05, 2.89993076876e-05, 2.15506006498e-05, 7.86366035754e-06, 1.42485459946e-05, 8.60839281813e-06, 1.26605646074e-05, 1.2320908354e-05, 1.88169979083e-05, 4.18650306528e-05, 3.62703613064e-05, 5.64319670957e-05, 3.52581737388e-05, 2.50639423029e-05, 3.27045336235e-06, 2.42680403062e-06, 1.5225491552e-06, 1.52715745116e-06, 3.38949739387e-08, 3.30412447402e-10]
        min: [2.62278393448e-11, 1.53245866841e-06, 4.81213464809e-06, 5.11948883286e-06, 1.87826153706e-05, 2.41809675572e-06, 1.23157792586e-06, 4.47731025588e-07, 7.7728202541e-07, 2.9756421327e-07, 1.94777967977e-07, 3.13640498462e-07, 2.56829849832e-07, 4.29114891176e-07, 6.57431201034e-07, 7.34786681278e-07, 1.44007378822e-06, 2.44095144808e-06, 2.95325276056e-06, 9.921916444e-07, 2.34870796589e-07, 7.3778136378e-11, 1.94719547153e-08, 1.89132265405e-08, 1.29570496554e-08, 1.09361508738e-09, 1.60579313518e-13]
        var: [3.43227440284e-14, 8.89292905981e-08, 1.81567679647e-06, 2.82744372271e-06, 7.95380344698e-07, 7.46594697176e-09, 2.28035235139e-09, 1.87011939268e-09, 1.54663415408e-09, 8.23922485793e-10, 8.63809301865e-11, 2.47700082667e-10, 1.26553170721e-10, 4.26640306417e-10, 3.35560967901e-10, 7.51667006416e-10, 3.75243969231e-09, 2.09302752907e-09, 7.95300358902e-09, 4.16717771401e-09, 3.85035514583e-09, 5.38902880654e-11, 1.8793390455e-11, 6.98713959954e-12, 7.03864917739e-12, 4.41579408876e-15, 2.35550350054e-17]
    mfcc:
        mean: [-793.816833496, 134.734191895, -13.6752271652, 62.4609298706, 11.0306539536, -8.8763885498, 11.4905900955, -0.983734846115, 0.451704591513, -3.47148966789, -6.10258197784, -0.93495208025, -8.51725769043]
        cov: [[2266.17651367, -906.609985352, 307.10446167, -5.9942240715, 90.2081222534, 23.9768486023, -12.2725963593, -123.947616577, -134.188705444, 2.62463879585, -140.239471436, -60.1995697021, 6.2839217186], [-906.609985352, 684.440795898, -202.906097412, -15.2301292419, -28.1925582886, -19.0373897552, 32.7538490295, 85.5264053345, 68.9160385132, -25.7877311707, 60.9606819153, 32.056842804, -20.4411964417], [307.10446167, -202.906097412, 221.97795105, -13.1468391418, 36.0668258667, 5.05392742157, -20.1778297424, -20.7552375793, -62.2111740112, 31.3248062134, -22.2594089508, 7.65140581131, 22.445608139], [-5.9942240715, -15.2301292419, -13.1468391418, 191.392501831, -0.141244381666, 49.5826644897, -12.4041671753, -42.3139152527, 34.1755409241, -23.1895618439, 22.6332988739, -16.2490978241, -10.6140422821], [90.2081222534, -28.1925582886, 36.0668258667, -0.141244381666, 177.009338379, -4.03790569305, 35.9460449219, -6.9558224678, -29.041595459, 45.6062927246, -24.5258712769, 30.4620437622, -5.62042331696], [23.9768486023, -19.0373897552, 5.05392742157, 49.5826644897, -4.03790569305, 83.0385513306, 5.23715877533, -16.5580196381, 1.45252406597, -13.0204057693, 22.7109069824, -8.47409343719, 5.28990697861], [-12.2725963593, 32.7538490295, -20.1778297424, -12.4041671753, 35.9460449219, 5.23715877533, 88.8255844116, 22.8355236053, 12.249917984, 18.1041793823, -24.8823490143, 9.31869888306, -9.56607532501], [-123.947616577, 85.5264053345, -20.7552375793, -42.3139152527, -6.9558224678, -16.5580196381, 22.8355236053, 94.7784118652, 32.2790489197, 7.01801633835, -2.83298993111, -1.63255155087, 7.76719760895], [-134.188705444, 68.9160385132, -62.2111740112, 34.1755409241, -29.041595459, 1.45252406597, 12.249917984, 32.2790489197, 85.5848236084, 2.18187761307, 12.6754379272, -8.69336605072, -10.045258522], [2.62463879585, -25.7877311707, 31.3248062134, -23.1895618439, 45.6062927246, -13.0204057693, 18.1041793823, 7.01801633835, 2.18187761307, 87.3677062988, -0.768166661263, 19.6310024261, 2.87348198891], [-140.239471436, 60.9606819153, -22.2594089508, 22.6332988739, -24.5258712769, 22.7109069824, -24.8823490143, -2.83298993111, 12.6754379272, -0.768166661263, 72.783821106, 15.6460533142, 8.2585439682], [-60.1995697021, 32.056842804, 7.65140581131, -16.2490978241, 30.4620437622, -8.47409343719, 9.31869888306, -1.63255155087, -8.69336605072, 19.6310024261, 15.6460533142, 55.2999305725, 13.9559307098], [6.2839217186, -20.4411964417, 22.445608139, -10.6140422821, -5.62042331696, 5.28990697861, -9.56607532501, 7.76719760895, -10.045258522, 2.87348198891, 8.2585439682, 13.9559307098, 40.3402061462]]
        icov: [[0.00104598188773, 0.00122625997756, -0.000272131670499, 0.0001702834561, -0.00029603933217, -0.000143191457028, -0.000233152895817, 0.00016185118875, 0.000228143733693, 0.000566717179026, 0.000590369978454, 0.000281551736407, 0.00034391056397], [0.00122625997756, 0.00402884371579, 0.00154969305731, 2.08775782085e-05, -0.000280817708699, 0.000260285945842, -0.000611091090832, -0.00209653982893, 0.000773805310018, 0.00133486639243, -0.00102858198807, -0.00154463353101, 0.00202176696621], [-0.000272131670499, 0.00154969305731, 0.00843282416463, -0.00113326008432, 0.000243548231083, -0.00123503338546, 0.00228373217396, -0.00255711958744, 0.00513202184811, -0.00310799409635, 0.00185151933692, -0.00179079035297, -0.00119300582446], [0.0001702834561, 2.08775782085e-05, -0.00113326008432, 0.00899811740965, -0.00211326428689, -0.00332086905837, 0.00047715724213, 0.00512545043603, -0.00645288825035, 0.00254798680544, -0.00146903365385, 0.00219634594396, 2.0106942884e-06], [-0.00029603933217, -0.000280817708699, 0.000243548231083, -0.00211326428689, 0.00911909062415, -0.000877208774909, -0.00132238806691, -0.00151974579785, 0.00409155059606, -0.00418502371758, 0.00327998260036, -0.00537035148591, 0.00308023788966], [-0.000143191457028, 0.000260285945842, -0.00123503338546, -0.00332086905837, -0.000877208774909, 0.0190077964216, -0.00674342829734, 0.00250455061905, 0.000751494371798, 0.00272885872982, -0.00920064281672, 0.00653770472854, -0.0051139020361], [-0.000233152895817, -0.000611091090832, 0.00228373217396, 0.00047715724213, -0.00132238806691, -0.00674342829734, 0.0188573207706, -0.00443226424977, -0.00120772386435, -0.00328092742711, 0.00959940627217, -0.00666120089591, 0.00487892795354], [0.00016185118875, -0.00209653982893, -0.00255711958744, 0.00512545043603, -0.00151974579785, 0.00250455061905, -0.00443226424977, 0.019647045061, -0.00948068592697, 0.00125704240054, -0.00110812566709, 0.00621082959697, -0.00806247070432], [0.000228143733693, 0.000773805310018, 0.00513202184811, -0.00645288825035, 0.00409155059606, 0.000751494371798, -0.00120772386435, -0.00948068592697, 0.0235703587532, -0.00499100284651, -0.000833784404676, -0.000406166393077, 0.00434984313324], [0.000566717179026, 0.00133486639243, -0.00310799409635, 0.00254798680544, -0.00418502371758, 0.00272885872982, -0.00328092742711, 0.00125704240054, -0.00499100284651, 0.0172099992633, -0.00371830631047, -0.00146259542089, -0.000174635948497], [0.000590369978454, -0.00102858198807, 0.00185151933692, -0.00146903365385, 0.00327998260036, -0.00920064281672, 0.00959940627217, -0.00110812566709, -0.000833784404676, -0.00371830631047, 0.0263263080269, -0.0106998635456, 0.0004926463007], [0.000281551736407, -0.00154463353101, -0.00179079035297, 0.00219634594396, -0.00537035148591, 0.00653770472854, -0.00666120089591, 0.00621082959697, -0.000406166393077, -0.00146259542089, -0.0106998635456, 0.0320921130478, -0.0125421527773], [0.00034391056397, 0.00202176696621, -0.00119300582446, 2.0106942884e-06, 0.00308023788966, -0.0051139020361, 0.00487892795354, -0.00806247070432, 0.00434984313324, -0.000174635948497, 0.0004926463007, -0.0125421527773, 0.0355672612786]]
    spectral_contrast:
        mean: [-5.87534600527e-07, 1.8632515264e-07, -2.42178515464e-07, 3.76860754159e-07, 4.36127521652e-07, 3.8767277033e-07, 1.95801248992e-06, 6.64661115479e-07, 4.88662772113e-06, -2.87374086838e-06, 3.68082078239e-06, 4.61589451106e-08]
        var: [0.000326887820847, 0.000530006771442, 0.000766143319197, 0.00153548480012, 0.00265105161816, 0.00350086856633, 0.0454440005124, 0.0795537531376, 0.0938532650471, 0.163714215159, 0.267402052879, 1.26172089577]

rhythm:
    beats_loudness:
        dmean: 0.00358048151247
        dmean2: 0.00694162305444
        dvar: 4.54437486042e-06
        dvar2: 1.08519097921e-05
        max: 0.0102721722797
        mean: 0.00398674886674
        min: 0.000679651624523
        var: 6.58955832478e-06
    beats_loudness_bass:
        dmean: 0.170161560178
        dmean2: 0.292163789272
        dvar: 0.0164019502699
        dvar2: 0.0438114628196
        max: 0.734935522079
        mean: 0.407475024462
        min: 0.202655106783
        var: 0.0208117235452
    bpm: 133.529678345
    bpm_confidence: 0
    first_peak_bpm: 134
    first_peak_spread: 0
    first_peak_weight: 0.952381014824
    onset_rate: 3.88793945312
    second_peak_bpm: 126
    second_peak_spread: 0
    second_peak_weight: 0.047619048506
    beats_position: [0.303141325712, 0.750038266182, 1.19693517685, 1.64383196831, 2.09072875977, 2.53762578964, 2.9845225811, 3.43141961098, 3.87831664085, 4.32521343231, 4.77211046219, 5.21900749207, 5.66590452194, 6.14179325104, 6.59335565567, 7.04491853714, 7.49648094177, 7.94804334641, 8.39960575104, 8.85116863251, 9.3027305603, 9.75429344177]
    bpm_estimates: [134.207763672, 134.286331177, 134.523269653, 134.574386597, 134.161422729, 134.294006348, 134.420288086, 134.354171753, 133.516601562, 133.148361206, 132.76574707, 132.889511108, 132.711456299, 132.541946411, 132.62701416, 132.978500366, 132.790710449, 132.712966919, 133.559509277]
    bpm_intervals: [0.44689694047, 0.446896910667, 0.446896791458, 0.446896791458, 0.446897029877, 0.446896791458, 0.446897029877, 0.446897029877, 0.446896791458, 0.446897029877, 0.446897029877, 0.446897029877, 0.475888729095, 0.451562404633, 0.45156288147, 0.451562404633, 0.451562404633, 0.451562404633, 0.45156288147, 0.451561927795, 0.45156288147]
    onset_times: [0.0580498874187, 0.27863946557, 0.510838985443, 0.719818592072, 1.18421769142, 1.4164172411, 1.63700675964, 1.88081634045, 2.08979582787, 2.32199549675, 2.53097510338, 2.9837641716, 3.20435380936, 3.42494320869, 3.66875290871, 3.88934230804, 4.1099319458, 4.34213161469, 4.59755086899, 4.7833108902, 5.01551008224, 5.23609972, 5.45668935776, 5.67727899551, 5.9094786644, 6.13006782532, 6.58285713196, 7.0356464386, 7.26784563065, 7.51165533066, 7.72063493729, 7.94122457504, 8.40562343597, 8.64943313599, 8.85841274261, 9.0906124115, 9.31120204926, 9.53179168701, 9.74077129364]
    rubato_start: []
    rubato_stop: []
    perceptual_tempo: "unknown"

sfx:
    inharmonicity:
        dmean: 0.0177188441157
        dmean2: 0.0317153334618
        dvar: 0.000483361742226
        dvar2: 0.00138673209585
        max: 0.195756554604
        mean: 0.0150697100908
        min: 0
        var: 0.000472739629913
    oddtoevenharmonicenergyratio:
        dmean: 2.50939846039
        dmean2: 4.96395206451
        dvar: 395.465393066
        dvar2: 1184.13586426
        max: 286.948150635
        mean: 1.35167181492
        min: 0
        var: 199.131896973
    pitch_after_max_to_before_max_energy_ratio: 12.3266162872
    pitch_centroid: 209.241027832
    pitch_max_to_total: 0.0720930248499
    pitch_min_to_total: 0.183720931411
    tristimulus:
        dmean: [0.234220653772, 0.209654450417, 0.071279540658]
        dmean2: [0.427019268274, 0.376226484776, 0.126014783978]
        dvar: [0.043091032654, 0.0366500392556, 0.00671071140096]
        dvar2: [0.117885708809, 0.103291772306, 0.0178829710931]
        max: [1, 0.903944551945, 0.721546888351]
        mean: [0.625468611717, 0.263922005892, 0.0750110074878]
        min: [0.0301642175764, 0, 0]
        var: [0.0555336438119, 0.0417302921414, 0.00811768043786]

tonal:
    chords_changes_rate: 0.0416666679084
    chords_number_rate: 0.0277777779847
    chords_strength:
        dmean: 0.0105328205973
        dmean2: 0.0114537607878
        dvar: 7.70998376538e-05
        dvar2: 8.41055298224e-05
        max: 0.770684659481
        mean: 0.629604876041
        min: 0.435634493828
        var: 0.00802438613027
    key_strength: 0.674726366997
    tuning_diatonic_strength: 0.571411371231
    tuning_equal_tempered_deviation: 0.186253279448
    tuning_frequency: 445.627075195
    tuning_nontempered_energy_ratio: 0.881761431694
    hpcp:
        dmean: [0.0697373524308, 0.0476448684931, 0.0297055058181, 0.048689391464, 0.0728954821825, 0.132126763463, 0.207162410021, 0.238711565733, 0.246900856495, 0.209024786949, 0.191947117448, 0.177020281553, 0.179380059242, 0.122728914022, 0.139566853642, 0.161477193236, 0.145379111171, 0.116260252893, 0.116455107927, 0.139978334308, 0.241915017366, 0.30135551095, 0.324721306562, 0.259801030159, 0.137471184134, 0.0623571798205, 0.0464774183929, 0.0397511906922, 0.0297975856811, 0.0215452630073, 0.0393918864429, 0.0848605781794, 0.167508974671, 0.190184354782, 0.16192163527, 0.111351087689]
        dmean2: [0.127265363932, 0.0810907483101, 0.0528945103288, 0.0906084552407, 0.137731716037, 0.237483799458, 0.366384983063, 0.415446162224, 0.457765161991, 0.385259330273, 0.345812439919, 0.327748119831, 0.330532491207, 0.227064147592, 0.256583720446, 0.280806869268, 0.251223951578, 0.217301994562, 0.219186201692, 0.25615760684, 0.441535353661, 0.525933861732, 0.562192380428, 0.448958754539, 0.249771401286, 0.117958195508, 0.0866058021784, 0.0741543769836, 0.0548128448427, 0.0385222882032, 0.0679439976811, 0.150948688388, 0.305150061846, 0.326956421137, 0.276461809874, 0.209433794022]
        dvar: [0.0245807096362, 0.0069180727005, 0.00215706159361, 0.0146257951856, 0.024131430313, 0.0290312580764, 0.0604423247278, 0.0704681649804, 0.0874647274613, 0.0807858854532, 0.0741479843855, 0.0683845132589, 0.0778519585729, 0.0415042862296, 0.0571773014963, 0.0631590932608, 0.0475083328784, 0.0459332577884, 0.0428808815777, 0.0459357053041, 0.0664602667093, 0.0753171890974, 0.0708918496966, 0.060375791043, 0.0441395454109, 0.0213599465787, 0.0156289506704, 0.00873582996428, 0.00373216858134, 0.00181180867366, 0.00417896918952, 0.013343882747, 0.045750670135, 0.0497190617025, 0.0479286946356, 0.0358619838953]
        dvar2: [0.0707203820348, 0.0185752566904, 0.00597775448114, 0.0421063639224, 0.0693456307054, 0.0862972810864, 0.163713559508, 0.194835811853, 0.252860337496, 0.219752788544, 0.20204000175, 0.191358149052, 0.250223428011, 0.113930650055, 0.153094395995, 0.152821466327, 0.133363932371, 0.134230807424, 0.126408427954, 0.127338126302, 0.176493883133, 0.208012714982, 0.191750183702, 0.171985208988, 0.112251907587, 0.0604433603585, 0.0454754307866, 0.0256399773061, 0.011263907887, 0.00555564137176, 0.0108524961397, 0.0364003442228, 0.125033915043, 0.12873955071, 0.123220063746, 0.101281218231]
        max: [0.831379830837, 0.661288619041, 0.289889723063, 0.896194756031, 1, 0.934989511967, 1, 1, 1, 1, 1, 1, 1, 1, 1, 1, 1, 1, 1, 1, 1, 1, 1, 1, 1, 1, 1, 0.703971028328, 0.469755321741, 0.328008204699, 0.638438999653, 0.782491087914, 1, 1, 1, 1]
        mean: [0.0690005123615, 0.0549000538886, 0.0319344364107, 0.0398040004075, 0.055575158447, 0.114049330354, 0.264374315739, 0.304107099771, 0.210958123207, 0.172442451119, 0.159179598093, 0.148350790143, 0.137527301908, 0.104515738785, 0.12940120697, 0.191837087274, 0.156347617507, 0.0922740325332, 0.0861692726612, 0.101846836507, 0.219842508435, 0.469058483839, 0.486776083708, 0.254981964827, 0.103608906269, 0.0487109012902, 0.037506788969, 0.0375407524407, 0.0300129819661, 0.0248268414289, 0.0479536391795, 0.0854966565967, 0.142187952995, 0.204320415854, 0.171756729484, 0.0910492986441]
        min: [0.000875153695233, 0.000732502143364, 0.00072117667878, 0.000826395174954, 0.00138217338827, 0.00217311549932, 0.00223728152923, 0.00313921645284, 0.00349544896744, 0.00185444857925, 0.00178949267138, 0.00187955214642, 0.00104791519698, 0.000747852900531, 0.00383517961018, 0.00385954324156, 0.00169785146136, 0.00184926553629, 0.00121066067368, 0.00250397925265, 0.00290583865717, 0.00695129111409, 0.00276143848896, 0.00303063634783, 0.00118017743807, 0.00114709546324, 0.0013707599137, 0.00117933645379, 0.00166465598159, 0.00182918994687, 0.00225508841686, 0.00236377888359, 0.00387013051659, 0.00264136376791, 0.00213628471829, 0.00149438309018]
        var: [0.0188739728183, 0.0090400967747, 0.00175846088678, 0.00871346518397, 0.0161799527705, 0.0247343890369, 0.0913873016834, 0.103820614517, 0.0819002240896, 0.0707148909569, 0.0625545829535, 0.061762008816, 0.0651392266154, 0.0403435863554, 0.0509524121881, 0.0825574919581, 0.0616172216833, 0.0321293100715, 0.0286958552897, 0.0350736528635, 0.0668242797256, 0.129609718919, 0.132049694657, 0.0779018849134, 0.0365621298552, 0.0144195389003, 0.00905442424119, 0.00522551918402, 0.00250666867942, 0.0012591331033, 0.00708267278969, 0.0154013251886, 0.0379371643066, 0.065073736012, 0.0573257878423, 0.024018092081]
    chords_histogram: [12.9629631042, 15.2777776718, 12.9629631042, 0, 0, 0, 0, 0, 16.6666660309, 35.1851844788, 0, 0, 0, 0, 0, 0, 0, 0, 0, 0, 0, 0, 6.94444465637, 0]
    thpcp: [1, 0.523817777634, 0.212847158313, 0.10006839782, 0.07705142349, 0.0771211907268, 0.0616566501558, 0.0510025918484, 0.0985127240419, 0.175638571382, 0.292101353407, 0.419742107391, 0.352845460176, 0.187045544386, 0.141750007868, 0.112782970071, 0.0656039565802, 0.081770658493, 0.114169865847, 0.234295263886, 0.543112814426, 0.624737143517, 0.43337816, 0.354254156351, 0.327007830143, 0.304761856794, 0.282526820898, 0.214710101485, 0.265833109617, 0.394097179174, 0.321190029383, 0.18956156075, 0.177020356059, 0.209227278829, 0.451629638672, 0.963602185249]
    chords_key: "E"
    chords_scale: "major"
    key_key: "A"
    key_scale: "minor"
    chords_progression: ["C#m", "C#m", "C#m", "C#m", "C#m", "C#m", "C#m", "C#m", "C#m", "C#m", "C#m", "C#m", "C#m", "C#m", "C#m", "C#m", "C#m", "C#m", "C#m", "C#m", "C#m", "C#m", "C#m", "C#m", "C#m", "C#m", "C#m", "C#m", "C#m", "C#m", "C#m", "C#m", "C#m", "C#m", "C#m", "C#m", "Am", "Am", "Am", "Em", "Em", "E", "E", "Em", "Em", "Em", "Em", "Em", "E", "E", "E", "E", "E", "E", "E", "E", "E", "E", "E", "E", "E", "E", "E", "E", "E", "E", "E", "E", "E", "E", "E", "E", "E", "E", "E", "E", "E", "E", "E", "E", "E", "E", "E", "E", "E", "E", "E", "E", "E", "E", "E", "E", "E", "E", "E", "E", "E", "E", "E", "E", "E", "E", "E", "E", "E", "E", "E", "E", "E", "E", "E", "E", "E", "E", "E", "E", "E", "E", "E", "E", "E", "E", "Em", "Em", "Em", "Em", "Em", "Em", "Em", "Em", "Em", "Em", "Em", "Em", "Em", "Em", "Em", "Em", "Em", "Em", "Em", "Em", "Em", "C", "C", "C", "C", "C", "C", "C", "C", "C", "C", "C", "C", "C", "C", "C", "C", "C", "C", "C", "C", "C", "C", "C", "C", "C", "C", "C", "C", "C", "C", "C", "C", "C", "Am", "Am", "Am", "Am", "Am", "Am", "Am", "Am", "Am", "Am", "Am", "Am", "Am", "Am", "Am", "Am", "Am", "Am", "Am", "Am", "Am", "Am", "Am", "Am", "Am", "Dm", "Dm", "Dm", "Dm", "Dm", "Dm", "Dm", "Dm", "Dm", "Dm", "Dm", "Dm", "Dm", "Dm", "Dm"]
