
metadata:
    version:
        essentia: "1.2.2"
    audio_properties:
        analysis_sample_rate: 44100
        bitrate: 128
        channels: 2
        equal_loudness: 1
        length: 10.0048980713
        replay_gain: -8.02000999451
        downmix: "mix"
    tags:
        track: 9
        year: 0
        album: "Splitted by Mp3Splt v. 2.1"
        artist: "From 001.20 To 001.30"
        comment: "http://mp3splt.sf.net"
        genre: ""
        title: "18 Mag.mp3"

highlevel:
    ballroom:
        all:
            ChaChaCha: 0.261860787868
            Jive: 0.198287457228
            Quickstep: 0.128715217113
            Rumba-American: 0.00106750649866
            Rumba-International: 0.00124036706984
            Rumba-Misc: 0.00083573278971
            Samba: 0.397239923477
            Tango: 0.00674400711432
            VienneseWaltz: 0.00203759293072
            Waltz: 0.00197140872478
        probability: 0.397239923477
        value: "Samba"
    culture:
        all:
            non_western: 0.0768069550395
            western: 0.92319303751
        probability: 0.92319303751
        value: "western"
    gender:
        all:
            female: 0.663238465786
            male: 0.336761534214
        probability: 0.663238465786
        value: "female"
    genre_dortmund:
        all:
            alternative: 0.016172112897
            blues: 0.00123979581986
            electronic: 0.793978452682
            folkcountry: 0.00167399877682
            funksoulrnb: 0.00410072132945
            jazz: 0.0241021551192
            pop: 0.00328674167395
            raphiphop: 0.130384922028
            rock: 0.0250610914081
        probability: 0.793978452682
        value: "electronic"
    genre_electronica:
        all:
            ambient: 0.087905369699
            dnb: 0.75751388073
            house: 0.0723818615079
            techno: 0.047415137291
            trance: 0.0347837544978
        probability: 0.75751388073
        value: "dnb"
    genre_rosamerica:
        all:
            cla: 0.027852749452
            dan: 0.060593161732
            hip: 0.831722259521
            jaz: 0.00379885919392
            pop: 0.00982746295631
            rhy: 0.00507543701679
            roc: 0.0563493296504
            spe: 0.00478071859106
        probability: 0.831722259521
        value: "hip"
    genre_tzanetakis:
        all:
            blu: 0.00414796313271
            cla: 0.00652424478903
            cou: 0.00328443385661
            dis: 0.100160129368
            hip: 0.428247749805
            jaz: 0.00630993396044
            met: 0.0503000766039
            pop: 0.269330412149
            reg: 0.0999211892486
            roc: 0.0317738801241
        probability: 0.428247749805
        value: "hip"
    live_studio:
        all:
            live: 0.0895268470049
            studio: 0.910473167896
        probability: 0.910473167896
        value: "studio"
    mood:
        all:
            Cluster1: 0.245336741209
            Cluster2: 0.0596995949745
            Cluster3: 0.00693723419681
            Cluster4: 0.018252665177
            Cluster5: 0.669773757458
        probability: 0.669773757458
        value: "Cluster5"
    mood_acoustic:
        all:
            acoustic: 0.0303925424814
            not_acoustic: 0.96960747242
        probability: 0.96960747242
        value: "not_acoustic"
    mood_aggressive:
        all:
            aggressive: 0.981797754765
            not_aggressive: 0.0182022601366
        probability: 0.981797754765
        value: "aggressive"
    mood_electronic:
        all:
            electronic: 0.971440672874
            not_electronic: 0.028559319675
        probability: 0.971440672874
        value: "electronic"
    mood_happy:
        all:
            happy: 0.0904014855623
            not_happy: 0.909598529339
        probability: 0.909598529339
        value: "not_happy"
    mood_party:
        all:
            not_party: 0.0706020668149
            party: 0.929397940636
        probability: 0.929397940636
        value: "party"
    mood_relaxed:
        all:
            not_relaxed: 0.917752981186
            relaxed: 0.0822470039129
        probability: 0.917752981186
        value: "not_relaxed"
    mood_sad:
        all:
            not_sad: 0.955939471722
            sad: 0.0440605245531
        probability: 0.955939471722
        value: "not_sad"
    rhythm:
        all:
            fast: 0.233304306865
            medium: 0.726891815662
            slow: 0.0398038476706
        probability: 0.726891815662
        value: "medium"
    speech_music:
        all:
            music: 0.237076297402
            speech: 0.762923717499
        probability: 0.762923717499
        value: "speech"
    timbre:
        all:
            bright: 0.116374909878
            dark: 0.883625090122
        probability: 0.883625090122
        value: "dark"
    voice_instrumental:
        all:
            instrumental: 0.967596948147
            voice: 0.0324030332267
        probability: 0.967596948147
        value: "instrumental"

lowlevel:
    average_loudness: 0.978825867176
    barkbands_kurtosis:
        dmean: 1.37215352058
        dmean2: 2.21422481537
        dvar: 4.1090297699
        dvar2: 10.655916214
        max: 15.2922935486
        mean: 0.0754968449473
        min: -1.76016199589
        var: 4.69082546234
    barkbands_skewness:
        dmean: 0.610354959965
        dmean2: 0.855455994606
        dvar: 0.340005904436
        dvar2: 0.726597011089
        max: 3.93654966354
        mean: 0.138301342726
        min: -2.07983469963
        var: 0.910590708256
    barkbands_spread:
        dmean: 7.05165147781
        dmean2: 10.6146249771
        dvar: 36.1642036438
        dvar2: 86.0526504517
        max: 57.9307250977
        mean: 26.4762325287
        min: 4.50633382797
        var: 102.473579407
    dissonance:
        dmean: 0.0232594814152
        dmean2: 0.0397712364793
        dvar: 0.000946812564507
        dvar2: 0.00216173101217
        max: 0.49930909276
        mean: 0.47017967701
        min: 0.238195240498
        var: 0.00106499611866
    hfc:
        dmean: 2.21036028862
        dmean2: 2.84824872017
        dvar: 13.1052370071
        dvar2: 20.4003582001
        max: 30.2891139984
        mean: 3.8072719574
        min: 0.0183018445969
        var: 31.1130180359
    pitch:
        dmean: 844.389770508
        dmean2: 1577.38830566
        dvar: 1360007.625
        dvar2: 2977529.5
        max: 4410
        mean: 1149.55908203
        min: 56.7567558289
        var: 1960015.125
    pitch_instantaneous_confidence:
        dmean: 0.0999012589455
        dmean2: 0.162111490965
        dvar: 0.00906113814563
        dvar2: 0.0208912808448
        max: 0.807578325272
        mean: 0.321011036634
        min: 0.133520662785
        var: 0.0166397485882
    pitch_salience:
        dmean: 0.0816358625889
        dmean2: 0.129206523299
        dvar: 0.00728365592659
        dvar2: 0.0176999755204
        max: 0.842294692993
        mean: 0.657139480114
        min: 0.180339187384
        var: 0.014471241273
    silence_rate_20dB:
        dmean: 0
        dmean2: 0
        dvar: 0
        dvar2: 0
        max: 1
        mean: 1
        min: 1
        var: 0
    silence_rate_30dB:
        dmean: 0
        dmean2: 0
        dvar: 0
        dvar2: 0
        max: 1
        mean: 1
        min: 1
        var: 0
    silence_rate_60dB:
        dmean: 0.111368909478
        dmean2: 0.223255813122
        dvar: 0.0989658311009
        dvar2: 0.182714819908
        max: 1
        mean: 0.782407402992
        min: 0
        var: 0.170246332884
    spectral_centroid:
        dmean: 399.542053223
        dmean2: 529.877380371
        dvar: 138188.40625
        dvar2: 206155.28125
        max: 3523.21142578
        mean: 1544.55090332
        min: 215.106872559
        var: 569660.3125
    spectral_complexity:
        dmean: 4.1744184494
        dmean2: 5.91142177582
        dvar: 38.1533622742
        dvar2: 60.435005188
        max: 45
        mean: 7.12064981461
        min: 0
        var: 96.5561904907
    spectral_crest:
        dmean: 2.58572268486
        dmean2: 4.16489505768
        dvar: 6.85656118393
        dvar2: 15.9097833633
        max: 20.7361660004
        mean: 7.00385761261
        min: 2.48431825638
        var: 12.1883401871
    spectral_decrease:
        dmean: 3.30476368493e-10
        dmean2: 4.5125309045e-10
        dvar: 2.92032677292e-19
        dvar2: 5.04253333918e-19
        max: -8.50915171657e-12
        mean: -5.55694879001e-10
        min: -4.09390477074e-09
        var: 5.78842898089e-19
    spectral_energy:
        dmean: 0.00142817862798
        dmean2: 0.00192216271535
        dvar: 5.1525003073e-06
        dvar2: 8.73272529134e-06
        max: 0.0163329783827
        mean: 0.0024426530581
        min: 3.37755300279e-05
        var: 1.06590887299e-05
    spectral_energyband_high:
        dmean: 0.000169794249814
        dmean2: 0.000225435738685
        dvar: 7.02488947013e-08
        dvar2: 1.2367429747e-07
        max: 0.002363022184
        mean: 0.000249366275966
        min: 1.40055789188e-07
        var: 1.61679665212e-07
    spectral_energyband_low:
        dmean: 0.000345050997566
        dmean2: 0.000521209440194
        dvar: 8.80464483544e-07
        dvar2: 1.78051232069e-06
        max: 0.00813356414437
        mean: 0.000391498382669
        min: 5.84505016832e-07
        var: 1.28143688016e-06
    spectral_energyband_middle_high:
        dmean: 0.000536613573786
        dmean2: 0.000728755490854
        dvar: 7.21635558421e-07
        dvar2: 1.18269258564e-06
        max: 0.00795566570014
        mean: 0.00103797239717
        min: 4.67045674668e-06
        var: 1.65437791111e-06
    spectral_energyband_middle_low:
        dmean: 0.000592619064264
        dmean2: 0.000861482112668
        dvar: 1.47943444517e-06
        dvar2: 2.83572876469e-06
        max: 0.00882950052619
        mean: 0.000763806514442
        min: 2.26276824833e-05
        var: 2.08286701309e-06
    spectral_flatness_db:
        dmean: 0.0223961304873
        dmean2: 0.0346219241619
        dvar: 0.000525611627381
        dvar2: 0.00116812705528
        max: 0.310256719589
        mean: 0.16644719243
        min: 0.115394152701
        var: 0.00106631813105
    spectral_flux:
        dmean: 0.0109199890867
        dmean2: 0.0168494191021
        dvar: 0.000191038590856
        dvar2: 0.000452058360679
        max: 0.107533931732
        mean: 0.0306983049959
        min: 0.00454275030643
        var: 0.000404501275625
    spectral_kurtosis:
        dmean: 2.93824911118
        dmean2: 5.06784152985
        dvar: 22.177904129
        dvar2: 58.3701553345
        max: 44.785484314
        mean: 4.81108140945
        min: 0.214909553528
        var: 25.248922348
    spectral_rms:
        dmean: 0.000400061660912
        dmean2: 0.000527293246705
        dvar: 2.43703652814e-07
        dvar2: 3.89530953271e-07
        max: 0.00399181805551
        mean: 0.00129742675927
        min: 0.000181526134838
        var: 6.99759482359e-07
    spectral_rolloff:
        dmean: 696.974609375
        dmean2: 972.557128906
        dvar: 487589.625
        dvar2: 802911.875
        max: 4995.703125
        mean: 2801.36450195
        min: 150.732421875
        var: 1725451.625
    spectral_skewness:
        dmean: 0.352249890566
        dmean2: 0.553439259529
        dvar: 0.212445572019
        dvar2: 0.497105360031
        max: 4.90309286118
        mean: 1.36843430996
        min: 0.46545124054
        var: 0.401904314756
    spectral_spread:
        dmean: 352355.34375
        dmean2: 462593.375
        dvar: 326153699328
        dvar2: 380523446272
        max: 13047452
        mean: 3424110
        min: 1798189.875
        var: 637559504896
    spectral_strongpeak:
        dmean: 0.270692557096
        dmean2: 0.479581654072
        dvar: 0.13816280663
        dvar2: 0.373885422945
        max: 3.50116753578
        mean: 0.321945995092
        min: 0.00688143447042
        var: 0.13913577795
    zerocrossingrate:
        dmean: 0.015528479591
        dmean2: 0.0145494155586
        dvar: 0.000149279032485
        dvar2: 0.00014724797802
        max: 0.17138671875
        mean: 0.0875552892685
        min: 0.005859375
        var: 0.00116943125613
    barkbands:
        dmean: [1.47360168512e-07, 5.25613613718e-05, 0.000316851161188, 0.000223444818403, 0.000169343722519, 8.86995258043e-05, 9.47117659962e-05, 8.73696480994e-05, 4.19785792474e-05, 7.3414434155e-05, 6.74712209729e-05, 7.55937726353e-05, 5.41707704542e-05, 3.39711514243e-05, 2.99549883493e-05, 4.05592763855e-05, 5.25118739461e-05, 0.000142848599353, 0.000131091059302, 0.00010765629122, 0.000111677261884, 1.20609274745e-05, 1.32275204123e-06, 4.88653768116e-07, 1.88272395008e-07, 3.01158276095e-09, 4.31982727367e-10]
        dmean2: [2.28439560601e-07, 7.51233819756e-05, 0.000504806172103, 0.000351455179043, 0.000268466887064, 0.000138658695505, 0.000158242488396, 0.000139474112075, 6.88210348017e-05, 0.000101090161479, 0.000103935155494, 0.000118765761727, 9.15423079277e-05, 5.35139006388e-05, 4.97244036524e-05, 6.06776557106e-05, 8.06216921774e-05, 0.000208834186196, 0.000183243872016, 0.00015714566689, 0.000153330562171, 1.73314492713e-05, 1.88494050235e-06, 6.29765509075e-07, 2.59723918816e-07, 4.14463130483e-09, 5.23187049239e-10]
        dvar: [2.36765278607e-13, 2.20137632567e-08, 8.09637185739e-07, 4.5074443733e-07, 2.43809040512e-07, 3.61171750285e-08, 5.81965515778e-08, 4.27206714448e-08, 4.893935035e-09, 1.18684377881e-08, 1.61961857259e-08, 1.28339552319e-08, 6.29978336164e-09, 3.10538728066e-09, 2.00415462004e-09, 3.72828123929e-09, 6.77370870505e-09, 9.76900125238e-08, 5.16905842574e-08, 3.36360415076e-08, 3.20268647158e-08, 3.89465681927e-10, 5.1146352778e-12, 7.80055273847e-13, 1.24882932771e-13, 5.9712811844e-17, 4.66022241282e-17]
        dvar2: [4.48179525176e-13, 3.29896607809e-08, 1.73233559053e-06, 8.83036761934e-07, 5.92506637531e-07, 7.82707729741e-08, 1.37783302989e-07, 1.05862348221e-07, 1.22523218238e-08, 1.95119884694e-08, 4.03571434049e-08, 2.91385671147e-08, 1.62728905906e-08, 7.47376915911e-09, 4.86092899266e-09, 7.1582029193e-09, 1.30705188894e-08, 1.8317760464e-07, 8.66835492275e-08, 6.18264550667e-08, 5.96538072273e-08, 7.15245973559e-10, 9.46254272854e-12, 1.37453058918e-12, 2.51910417439e-13, 8.29896610464e-17, 4.66154524005e-17]
        max: [5.91122989135e-06, 0.00149526516907, 0.00738391047344, 0.00589997787029, 0.0049063609913, 0.00141541834455, 0.00186559604481, 0.00161070481408, 0.00055458425777, 0.000876979262102, 0.00110284809489, 0.00099740922451, 0.000677659059875, 0.000589184463024, 0.000351381750079, 0.000670467270538, 0.000897064921446, 0.00366756203584, 0.00194060220383, 0.00143223756459, 0.00161332497373, 0.000175001827301, 1.75688473973e-05, 8.64677531354e-06, 3.37681512974e-06, 1.31260705416e-07, 1.41968499179e-07]
        mean: [1.62314648833e-07, 8.26746691018e-05, 0.000308671355015, 0.000232129517826, 0.000177898953552, 0.000101546982478, 9.43383492995e-05, 0.000102445024822, 5.04204690515e-05, 0.000103304097138, 7.95909727458e-05, 0.000119395197544, 5.84159934078e-05, 4.117991557e-05, 4.47752609034e-05, 6.36856639176e-05, 7.96587046352e-05, 0.000189838843653, 0.000181564726518, 0.000154775290866, 0.000155580622959, 1.78205500561e-05, 1.89537843198e-06, 6.47322394798e-07, 2.33957337059e-07, 3.6668315051e-09, 4.03300226548e-10]
        min: [1.3609532945e-10, 2.90716766216e-08, 4.36924949554e-07, 2.20284022134e-07, 2.15263185055e-06, 9.3441849458e-07, 2.3358991541e-07, 2.45958659661e-07, 3.99428614628e-08, 3.03173919747e-07, 5.27290922037e-07, 1.0081110986e-06, 5.19010143307e-07, 8.891834824e-08, 9.62486907952e-08, 8.1742683733e-08, 6.84159999764e-08, 7.00064219927e-08, 1.49762072965e-07, 6.68540138804e-08, 7.41671470905e-08, 1.01726840285e-08, 2.21102602893e-09, 1.25634769255e-09, 4.79917050544e-10, 2.181236268e-11, 1.70770481903e-15]
        var: [2.64475209311e-13, 5.53630918887e-08, 9.42254985148e-07, 5.48221919416e-07, 2.39330631757e-07, 4.2947799983e-08, 5.83587542735e-08, 5.48371907882e-08, 5.37333422201e-09, 2.94861699501e-08, 1.71228791146e-08, 2.26392664615e-08, 6.39597041996e-09, 3.73484843053e-09, 3.38615402384e-09, 9.87971748856e-09, 1.33869715313e-08, 1.61718702429e-07, 1.07288158802e-07, 7.05182472416e-08, 6.48123545943e-08, 8.10584210864e-10, 1.01467298105e-11, 1.53943264386e-12, 2.02656129183e-13, 7.6026441415e-17, 4.66295343233e-17]
    mfcc:
        mean: [-784.25567627, 129.434509277, -66.1945571899, 52.2363777161, -30.0930747986, 4.97843837738, 7.90856552124, -3.35950279236, -0.352581888437, -12.7880964279, -7.13746833801, -1.9494355917, -5.77748155594]
        cov: [[6156.15576172, -2076.49072266, 26.0677547455, 271.243560791, -14.8547744751, -191.084793091, -213.888320923, -241.854125977, -58.8423500061, 29.1219558716, 121.905769348, 137.9402771, 75.2976303101], [-2076.49072266, 1540.00134277, 80.0291061401, -114.586860657, 102.868629456, 123.407913208, 138.835296631, 134.049423218, 84.032333374, 43.0235824585, -98.3459320068, -80.1349411011, -14.2581911087], [26.0677547455, 80.0291061401, 314.61895752, 130.487823486, -11.8355350494, 36.9684867859, 83.7645645142, 13.257724762, 15.728729248, 3.46416378021, -7.65717506409, 10.6037302017, 14.7046251297], [271.243560791, -114.586860657, 130.487823486, 195.203414917, 55.0108528137, 37.7120666504, 22.7938690186, -11.0419940948, 9.39904308319, 17.2039546967, 9.74136924744, 12.7949171066, 11.5824346542], [-14.8547744751, 102.868629456, -11.8355350494, 55.0108528137, 206.759414673, 124.145019531, 36.6047973633, 22.2901306152, 28.9552211761, 40.81590271, 32.4174118042, 32.0665054321, 17.9249000549], [-191.084793091, 123.407913208, 36.9684867859, 37.7120666504, 124.145019531, 217.682266235, 131.137252808, 72.1815872192, 34.8153991699, 14.0217905045, 13.7023410797, 34.668926239, 24.0206508636], [-213.888320923, 138.835296631, 83.7645645142, 22.7938690186, 36.6047973633, 131.137252808, 144.893829346, 83.7166595459, 46.9941253662, 14.7793731689, -2.09918689728, 15.5222949982, 23.4791736603], [-241.854125977, 134.049423218, 13.257724762, -11.0419940948, 22.2901306152, 72.1815872192, 83.7166595459, 107.342079163, 76.4321136475, 26.5678348541, -5.2395234108, -4.71154546738, 14.189538002], [-58.8423500061, 84.032333374, 15.728729248, 9.39904308319, 28.9552211761, 34.8153991699, 46.9941253662, 76.4321136475, 110.391929626, 56.6213340759, 3.84738564491, -14.8868837357, 9.76510620117], [29.1219558716, 43.0235824585, 3.46416378021, 17.2039546967, 40.81590271, 14.0217905045, 14.7793731689, 26.5678348541, 56.6213340759, 69.968170166, 29.2461986542, 4.77536773682, 13.2079553604], [121.905769348, -98.3459320068, -7.65717506409, 9.74136924744, 32.4174118042, 13.7023410797, -2.09918689728, -5.2395234108, 3.84738564491, 29.2461986542, 66.2718582153, 44.3184165955, 12.3137207031], [137.9402771, -80.1349411011, 10.6037302017, 12.7949171066, 32.0665054321, 34.668926239, 15.5222949982, -4.71154546738, -14.8868837357, 4.77536773682, 44.3184165955, 73.6950073242, 35.6460533142], [75.2976303101, -14.2581911087, 14.7046251297, 11.5824346542, 17.9249000549, 24.0206508636, 23.4791736603, 14.189538002, 9.76510620117, 13.2079553604, 12.3137207031, 35.6460533142, 52.3080978394]]
        icov: [[0.000354376854375, 0.000516526401043, -0.000170882165548, 8.1470105215e-05, -0.000311047275318, 0.000174390486791, -5.72151693632e-05, 0.00059159938246, -0.000333574513206, -0.000578220351599, 0.000860956963152, -0.000480170536321, -0.000114808375656], [0.000516526401043, 0.00190273474436, -0.00109257677104, 0.00157990027219, -0.00159702613018, 0.000378664553864, -0.000376132142264, -0.000227827127674, 0.000677981122863, -0.00281775859185, 0.00365840177983, -0.000511801452376, 0.000408912135754], [-0.000170882165548, -0.00109257677104, 0.00707729533315, -0.00513602001593, 0.00189364200924, 0.00230726646259, -0.00655959593132, 0.00342810899019, -0.0019716497045, 0.00224911910482, -0.0011074669892, -0.0013746736804, 0.000399527954869], [8.1470105215e-05, 0.00157990027219, -0.00513602001593, 0.010586916469, -0.00359337870032, -0.00108595844358, 0.00134366843849, 0.00121143297292, 0.000280633073999, -0.00325404061005, 0.00299265072681, 0.000998791889288, -0.000404590682592], [-0.000311047275318, -0.00159702613018, 0.00189364200924, -0.00359337870032, 0.0126388296485, -0.00960164703429, 0.00628406647593, 0.000925866013858, -0.000900590559468, -0.00337457470596, -0.00239524524659, -0.00152785109822, -9.26668435568e-05], [0.000174390486791, 0.000378664553864, 0.00230726646259, -0.00108595844358, -0.00960164703429, 0.0206002742052, -0.0180455613881, -4.50887346233e-05, 0.000283716479316, 0.00458170240745, 0.000276250124443, -0.00333102233708, 0.00238166446798], [-5.72151693632e-05, -0.000376132142264, -0.00655959593132, 0.00134366843849, 0.00628406647593, -0.0180455613881, 0.0345526151359, -0.0160002429038, 0.00373262655921, -0.00408947840333, 0.00163487426471, -0.000566959322896, -0.00317206396721], [0.00059159938246, -0.000227827127674, 0.00342810899019, 0.00121143297292, 0.000925866013858, -4.50887346233e-05, -0.0160002429038, 0.0383129194379, -0.0237624142319, 0.00770016666502, -0.000435793859651, -0.000265744602075, -0.00287794740871], [-0.000333574513206, 0.000677981122863, -0.0019716497045, 0.000280633073999, -0.000900590559468, 0.000283716479316, 0.00373262655921, -0.0237624142319, 0.0358888879418, -0.0227430909872, 0.00407864013687, 0.0056598810479, 0.00033165019704], [-0.000578220351599, -0.00281775859185, 0.00224911910482, -0.00325404061005, -0.00337457470596, 0.00458170240745, -0.00408947840333, 0.00770016666502, -0.0227430909872, 0.0469715297222, -0.0272933747619, 0.013103524223, -0.0111674126238], [0.000860956963152, 0.00365840177983, -0.0011074669892, 0.00299265072681, -0.00239524524659, 0.000276250124443, 0.00163487426471, -0.000435793859651, 0.00407864013687, -0.0272933747619, 0.0503607913852, -0.0330089852214, 0.0162542052567], [-0.000480170536321, -0.000511801452376, -0.0013746736804, 0.000998791889288, -0.00152785109822, -0.00333102233708, -0.000566959322896, -0.000265744602075, 0.0056598810479, 0.013103524223, -0.0330089852214, 0.0496292598546, -0.0273184776306], [-0.000114808375656, 0.000408912135754, 0.000399527954869, -0.000404590682592, -9.26668435568e-05, 0.00238166446798, -0.00317206396721, -0.00287794740871, 0.00033165019704, -0.0111674126238, 0.0162542052567, -0.0273184776306, 0.0380621515214]]
    spectral_contrast:
        mean: [-5.54489133719e-07, -1.16080393298e-07, 9.27087313585e-08, 2.18028887389e-07, -1.90292325897e-07, 3.44801122765e-07, -1.15558327707e-06, -2.59162652583e-06, 1.76462935997e-06, -2.87665011456e-06, 4.51805954071e-06, -1.04757582164e-07]
        var: [0.000282930181129, 0.000387924461393, 0.00119243527297, 0.00188911671285, 0.00271360948682, 0.00527297798544, 0.0390098653734, 0.0983659178019, 0.19414499402, 0.266896814108, 0.492398709059, 3.09171867371]

rhythm:
    beats_loudness:
        dmean: 0.00552289932966
        dmean2: 0.00903977453709
        dvar: 1.63537115441e-05
        dvar2: 4.14531823481e-05
        max: 0.0133366109803
        mean: 0.00843757856637
        min: 0.000775193388108
        var: 2.04202897294e-05
    beats_loudness_bass:
        dmean: 0.392575979233
        dmean2: 0.781370937824
        dvar: 0.0865343660116
        dvar2: 0.192959338427
        max: 0.812447488308
        mean: 0.202052593231
        min: 0.00455444632098
        var: 0.0788923799992
    bpm: 101.684700012
    bpm_confidence: 0
    first_peak_bpm: 102
    first_peak_spread: 0
    first_peak_weight: 0.9375
    onset_rate: 4.79764986038
    second_peak_bpm: 95
    second_peak_spread: 0
    second_peak_weight: 0.0625
    beats_position: [0.293715149164, 0.883817017078, 1.473919034, 2.06402087212, 2.65412259102, 3.24422478676, 3.83432674408, 4.42442893982, 5.01453065872, 5.60463285446, 6.23897361755, 6.82899093628, 7.41900777817, 8.00902462006, 8.59904193878, 9.18905925751, 9.77907562256]
    bpm_estimates: [101.760917664, 101.566101074, 101.79120636, 102.02596283, 101.843605042, 101.55329895, 101.509475708, 101.640869141, 101.470787048, 101.793296814, 101.49848938, 101.826934814, 101.512023926, 101.914482117, 102.062728882, 101.977340698, 101.443161011, 101.440406799, 101.627151489, 101.490608215, 101.629821777]
    bpm_intervals: [0.590101838112, 0.590102016926, 0.590101838112, 0.590101718903, 0.59010219574, 0.590101957321, 0.59010219574, 0.590101718903, 0.59010219574, 0.634340763092, 0.590017318726, 0.590016841888, 0.590016841888, 0.590017318726, 0.590017318726, 0.590016365051]
    onset_times: [0.0348299331963, 0.267029464245, 0.568888902664, 0.731428563595, 0.870748281479, 1.17260766029, 1.45124721527, 1.764716506, 1.91564631462, 2.0549659729, 2.20589566231, 2.36843538284, 2.64707493782, 2.94893431664, 3.09986400604, 3.23918366432, 3.54104304314, 3.72680282593, 3.83129262924, 4.13315200806, 4.3073015213, 4.42340135574, 4.57433128357, 4.73687076569, 4.94585037231, 5.01551008224, 5.31736946106, 5.46829938889, 5.61922883987, 5.92108821869, 6.09523820877, 6.19972801208, 6.5015873909, 6.67573690414, 6.79183673859, 6.94276666641, 7.11691617966, 7.39555549622, 7.69741487503, 7.85995483398, 7.98766422272, 8.28952407837, 8.57977294922, 8.88163280487, 9.17188167572, 9.32281208038, 9.4853515625, 9.7639913559]
    rubato_start: []
    rubato_stop: []
    perceptual_tempo: "unknown"

sfx:
    inharmonicity:
        dmean: 0.0464062094688
        dmean2: 0.0813380405307
        dvar: 0.002230664948
        dvar2: 0.00613195449114
        max: 0.288731604815
        mean: 0.0507861226797
        min: 2.59120643022e-05
        var: 0.00268141156994
    oddtoevenharmonicenergyratio:
        dmean: 4.56427669525
        dmean2: 8.79157733917
        dvar: 884.293457031
        dvar2: 2628.45507812
        max: 416.881378174
        mean: 2.70075178146
        min: 0.000514293031301
        var: 453.125305176
    pitch_after_max_to_before_max_energy_ratio: 9.41114616394
    pitch_centroid: 217.888031006
    pitch_max_to_total: 0.118329465389
    pitch_min_to_total: 0.454756379128
    tristimulus:
        dmean: [0.209105476737, 0.229673072696, 0.143200039864]
        dmean2: [0.355030983686, 0.396110862494, 0.25372248888]
        dvar: [0.0275157857686, 0.0306150205433, 0.0178306363523]
        dvar2: [0.0717179104686, 0.0867538973689, 0.0508722290397]
        max: [0.952514052391, 0.958700180054, 0.657780826092]
        mean: [0.395155161619, 0.414643973112, 0.147007018328]
        min: [0.0163648985326, 0, 0]
        var: [0.0512050651014, 0.0481467843056, 0.021813403815]

tonal:
    chords_changes_rate: 0.0138248847798
    chords_number_rate: 0.00921658985317
    chords_strength:
        dmean: 0.0150427222252
        dmean2: 0.0180264990777
        dvar: 0.000120377837447
        dvar2: 0.000195163855096
        max: 0.709212958813
        mean: 0.53945338726
        min: 0.376284450293
        var: 0.0043306844309
    key_strength: 0.622026622295
    tuning_diatonic_strength: 0.537584006786
    tuning_equal_tempered_deviation: 0.188103288412
    tuning_frequency: 437.213165283
    tuning_nontempered_energy_ratio: 0.87102329731
    hpcp:
        dmean: [0.14741076529, 0.235241577029, 0.290012806654, 0.238052174449, 0.171124055982, 0.166374102235, 0.192892715335, 0.22405795753, 0.230191007257, 0.255381047726, 0.253423243761, 0.321782171726, 0.339856415987, 0.285867542028, 0.230568572879, 0.170559316874, 0.180074825883, 0.238996803761, 0.269421190023, 0.275666981936, 0.202880322933, 0.156593769789, 0.127952590585, 0.150355130434, 0.17835521698, 0.176914855838, 0.206253364682, 0.204112365842, 0.15507222712, 0.133193284273, 0.159501850605, 0.224090635777, 0.236642375588, 0.238908946514, 0.214493051171, 0.179577082396]
        dmean2: [0.252548903227, 0.385051757097, 0.450496912003, 0.386637836695, 0.289930194616, 0.282793372869, 0.321289390326, 0.352293968201, 0.375254124403, 0.436373621225, 0.433503091335, 0.554304242134, 0.579982280731, 0.479522317648, 0.38000112772, 0.284798443317, 0.291706055403, 0.394687324762, 0.434091478586, 0.461293816566, 0.353185266256, 0.26014238596, 0.211427524686, 0.254099279642, 0.298189669847, 0.296407371759, 0.347394257784, 0.344538241625, 0.261434346437, 0.224348515272, 0.266923189163, 0.387437701225, 0.393013805151, 0.399746835232, 0.34390437603, 0.29025670886]
        dvar: [0.0169412586838, 0.0390040241182, 0.0528292357922, 0.0347902700305, 0.0260277148336, 0.0241319108754, 0.0346411429346, 0.0395598337054, 0.0488002039492, 0.0613356344402, 0.0475461259484, 0.0610178485513, 0.0691485106945, 0.0623967796564, 0.0524468719959, 0.0329997390509, 0.0359329245985, 0.0482061803341, 0.0500818267465, 0.0618005096912, 0.0466608665884, 0.0374199897051, 0.01764523983, 0.0292093828321, 0.034118488431, 0.0337456688285, 0.0344247817993, 0.0355639979243, 0.0167115125805, 0.0148031711578, 0.0224538967013, 0.037841707468, 0.0462462939322, 0.0585490167141, 0.0349768251181, 0.0296624228358]
        dvar2: [0.0454904586077, 0.0969162583351, 0.101117931306, 0.0817427709699, 0.0715547055006, 0.0652915760875, 0.0883729457855, 0.0992061346769, 0.0932648181915, 0.172957360744, 0.131427809596, 0.139610126615, 0.173215851188, 0.163105115294, 0.132285624743, 0.0815155953169, 0.0875092074275, 0.120649009943, 0.119862958789, 0.146378323436, 0.119506552815, 0.1054244712, 0.0445175804198, 0.0766446739435, 0.0827203467488, 0.0731062442064, 0.0894477590919, 0.0930637270212, 0.0407654382288, 0.0363482423127, 0.0652929767966, 0.100785136223, 0.119902580976, 0.113482832909, 0.0815674066544, 0.0713747143745]
        max: [0.670652091503, 1, 1, 1, 1, 1, 1, 1, 1, 1, 1, 1, 1, 1, 1, 1, 1, 1, 1, 1, 1, 1, 0.876109600067, 0.996347367764, 1, 1, 1, 1, 0.763583540916, 0.786687016487, 1, 0.923888087273, 1, 1, 1, 1]
        mean: [0.200301826, 0.346064120531, 0.482896715403, 0.364687174559, 0.203106537461, 0.195352777839, 0.225052624941, 0.252582043409, 0.289902687073, 0.287458389997, 0.298359781504, 0.451974987984, 0.504552602768, 0.364482462406, 0.258800774813, 0.203168526292, 0.219335705042, 0.28627243638, 0.349974751472, 0.312950581312, 0.20740263164, 0.16944360733, 0.168234437704, 0.177365943789, 0.202936127782, 0.244608432055, 0.306509941816, 0.294229149818, 0.205677658319, 0.162923067808, 0.19094517827, 0.243016466498, 0.297915965319, 0.320039957762, 0.284191727638, 0.219477176666]
        min: [0.00555260200053, 0.00334471301176, 0.00139581912663, 0.00398071249947, 0.00222412846051, 0.000681009376422, 0.00151438533794, 0.00544254621491, 0.00625753263012, 0.00379879493266, 0.00549727771431, 0.0186790917069, 0.014008375816, 0.0036641266197, 0.00222933432087, 0.00266092992388, 0.00242763431743, 0.00752045586705, 0.0046546314843, 0.00472995452583, 0.00230018724687, 0.00219210493378, 0.00170182902366, 0.000511678284965, 0.000996921327896, 0.00473275501281, 0.00637520011514, 0.00370219140314, 0.00442651240155, 0.00346753979102, 0.00182822928764, 0.000836861843709, 0.00114817579743, 0.00452042650431, 0.00432743364945, 0.00305612175725]
        var: [0.024547804147, 0.0671205967665, 0.101645708084, 0.0555015802383, 0.0305305775255, 0.0336597189307, 0.0460535138845, 0.0566400848329, 0.0817615613341, 0.0757450833917, 0.0596231631935, 0.098213031888, 0.103749491274, 0.0729203522205, 0.0564544908702, 0.0347771532834, 0.0434269309044, 0.0633708685637, 0.0693639442325, 0.0702276453376, 0.0449176840484, 0.034048423171, 0.0227922946215, 0.033066060394, 0.0442714244127, 0.0538810640574, 0.0525000244379, 0.0499114915729, 0.0265834257007, 0.0216792039573, 0.0304314997047, 0.0472361072898, 0.0610600672662, 0.0892280116677, 0.0535622313619, 0.037885427475]
    chords_histogram: [0, 0, 0, 0, 0, 0, 0, 0, 94.0092163086, 0, 0, 0, 0, 0, 0, 0, 0, 0, 0, 0, 0, 0, 5.99078321457, 0]
    thpcp: [1, 0.722387433052, 0.512931227684, 0.402670651674, 0.434713244438, 0.567378759384, 0.693633794785, 0.620253622532, 0.411062449217, 0.335829406977, 0.333432912827, 0.351531118155, 0.402210056782, 0.484802633524, 0.607488572598, 0.583148598671, 0.407643646002, 0.322906017303, 0.378444552422, 0.48164743185, 0.590455710888, 0.634304463863, 0.563254892826, 0.43499365449, 0.396988987923, 0.685883104801, 0.957079052925, 0.722793161869, 0.402547806501, 0.38718020916, 0.446043938398, 0.500605940819, 0.574573755264, 0.569729268551, 0.591335356236, 0.895793616772]
    chords_key: "F"
    chords_scale: "major"
    key_key: "C#"
    key_scale: "major"
    chords_progression: ["F#", "F#", "F#", "F#", "F#", "F#", "F#", "F#", "F#", "F#", "F#", "F#", "F", "F", "F", "F", "F", "F", "F", "F", "F", "F", "F", "F", "F", "F", "F", "F", "F", "F", "F", "F", "F", "F", "F", "F", "F", "F", "F", "F", "F", "F", "F", "F", "F", "F", "F", "F", "F", "F", "F", "F", "F", "F", "F", "F", "F", "F", "F", "F", "F", "F", "F", "F", "F", "F", "F", "F", "F", "F", "F", "F", "F", "F", "F", "F", "F", "F", "F", "F", "F", "F", "F", "F", "F", "F", "F", "F", "F", "F", "F", "F", "F", "F", "F", "F", "F", "F", "F", "F", "F", "F", "F", "F", "F", "F", "F", "F", "F", "F", "F", "F", "F", "F", "F", "F", "F#", "F", "F", "F", "F", "F", "F", "F", "F", "F", "F", "F", "F", "F", "F", "F", "F", "F", "F", "F", "F", "F", "F", "F", "F", "F", "F", "F", "F", "F", "F", "F", "F", "F", "F", "F", "F", "F", "F", "F", "F", "F", "F", "F", "F", "F", "F", "F", "F", "F", "F", "F", "F", "F", "F", "F", "F", "F", "F", "F", "F", "F", "F", "F", "F", "F", "F", "F", "F", "F", "F", "F", "F", "F", "F", "F", "F", "F", "F", "F", "F", "F", "F", "F", "F", "F", "F", "F", "F", "F", "F", "F", "F", "F", "F", "F", "F", "F", "F", "F", "F"]
