
metadata:
    version:
        essentia: "1.2.2"
    audio_properties:
        analysis_sample_rate: 44100
        bitrate: 128
        channels: 2
        equal_loudness: 1
        length: 10.0310201645
        replay_gain: -9.98161506653
        downmix: "mix"
    tags:
        track: 1
        year: 0
        album: "Splitted by Mp3Splt v. 2.1"
        artist: "From 000.00 To 000.10"
        comment: "http://mp3splt.sf.net"
        genre: ""
        title: "10 Bolt Up.mp3"

highlevel:
    ballroom:
        all:
            ChaChaCha: 0.81129348278
            Jive: 0.0430211797357
            Quickstep: 0.00830374658108
            Rumba-American: 0.00605013640597
            Rumba-International: 0.0293250959367
            Rumba-Misc: 0.0312301646918
            Samba: 0.0486501865089
            Tango: 0.00513935787603
            VienneseWaltz: 0.00767068006098
            Waltz: 0.00931594986469
        probability: 0.81129348278
        value: "ChaChaCha"
    culture:
        all:
            non_western: 0.386020511389
            western: 0.613979518414
        probability: 0.613979518414
        value: "western"
    gender:
        all:
            female: 0.38465115428
            male: 0.615348815918
        probability: 0.615348815918
        value: "male"
    genre_dortmund:
        all:
            alternative: 0.027413232252
            blues: 0.0150703759864
            electronic: 0.314702302217
            folkcountry: 0.0205407254398
            funksoulrnb: 0.126925066113
            jazz: 0.121679835021
            pop: 0.0475575886667
            raphiphop: 0.18198736012
            rock: 0.144123524427
        probability: 0.314702302217
        value: "electronic"
    genre_electronica:
        all:
            ambient: 0.240471199155
            dnb: 0.0661704987288
            house: 0.555018663406
            techno: 0.0918990299106
            trance: 0.0464406237006
        probability: 0.555018663406
        value: "house"
    genre_rosamerica:
        all:
            cla: 0.0474216677248
            dan: 0.164660707116
            hip: 0.054823782295
            jaz: 0.0297906063497
            pop: 0.0674713477492
            rhy: 0.365119576454
            roc: 0.166087314487
            spe: 0.104625009
        probability: 0.365119576454
        value: "rhy"
    genre_tzanetakis:
        all:
            blu: 0.0195493083447
            cla: 0.0207097567618
            cou: 0.0241771042347
            dis: 0.0218076184392
            hip: 0.39653801918
            jaz: 0.00530638266355
            met: 0.0146551942453
            pop: 0.0998581424356
            reg: 0.33867764473
            roc: 0.0587208196521
        probability: 0.39653801918
        value: "hip"
    live_studio:
        all:
            live: 0.0363117866218
            studio: 0.963688194752
        probability: 0.963688194752
        value: "studio"
    mood:
        all:
            Cluster1: 0.467442065477
            Cluster2: 0.136372491717
            Cluster3: 0.147782668471
            Cluster4: 0.112941868603
            Cluster5: 0.13546089828
        probability: 0.467442065477
        value: "Cluster1"
    mood_acoustic:
        all:
            acoustic: 0.364479541779
            not_acoustic: 0.635520458221
        probability: 0.635520458221
        value: "not_acoustic"
    mood_aggressive:
        all:
            aggressive: 0.886272370815
            not_aggressive: 0.113727644086
        probability: 0.886272370815
        value: "aggressive"
    mood_electronic:
        all:
            electronic: 0.968284904957
            not_electronic: 0.031715080142
        probability: 0.968284904957
        value: "electronic"
    mood_happy:
        all:
            happy: 0.0640144720674
            not_happy: 0.935985505581
        probability: 0.935985505581
        value: "not_happy"
    mood_party:
        all:
            not_party: 0.525464892387
            party: 0.474535137415
        probability: 0.525464892387
        value: "not_party"
    mood_relaxed:
        all:
            not_relaxed: 0.258672207594
            relaxed: 0.741327762604
        probability: 0.741327762604
        value: "relaxed"
    mood_sad:
        all:
            not_sad: 0.853494942188
            sad: 0.146505057812
        probability: 0.853494942188
        value: "not_sad"
    rhythm:
        all:
            fast: 0.336368322372
            medium: 0.479590713978
            slow: 0.184040948749
        probability: 0.479590713978
        value: "medium"
    speech_music:
        all:
            music: 0.999952912331
            speech: 4.70843551739e-05
        probability: 0.999952912331
        value: "music"
    timbre:
        all:
            bright: 0.0333818420768
            dark: 0.966618180275
        probability: 0.966618180275
        value: "dark"
    voice_instrumental:
        all:
            instrumental: 0.76740950346
            voice: 0.232590511441
        probability: 0.76740950346
        value: "instrumental"

lowlevel:
    average_loudness: 0.949720442295
    barkbands_kurtosis:
        dmean: 6.76429796219
        dmean2: 12.240357399
        dvar: 1213.08081055
        dvar2: 3534.12402344
        max: 503.33694458
        mean: 6.08837556839
        min: -1.83746051788
        var: 816.428649902
    barkbands_skewness:
        dmean: 0.667026758194
        dmean2: 1.12617766857
        dvar: 0.837623596191
        dvar2: 2.35422301292
        max: 7.76200675964
        mean: 0.544051587582
        min: -2.12363028526
        var: 1.31191599369
    barkbands_spread:
        dmean: 3.22393107414
        dmean2: 5.16671895981
        dvar: 19.6458854675
        dvar2: 48.9223976135
        max: 56.0220375061
        mean: 17.6796627045
        min: 0.0721903443336
        var: 317.68661499
    dissonance:
        dmean: 0.0464033558965
        dmean2: 0.0792968720198
        dvar: 0.00322754192166
        dvar2: 0.00916085485369
        max: 0.500000059605
        mean: 0.416295707226
        min: 0.087781175971
        var: 0.00744079472497
    hfc:
        dmean: 1.97363555431
        dmean2: 3.06087899208
        dvar: 13.3926353455
        dvar2: 31.0655670166
        max: 56.7782287598
        mean: 3.50681948662
        min: 0.00704715866596
        var: 22.3586978912
    pitch:
        dmean: 633.46862793
        dmean2: 1217.19274902
        dvar: 1435813.625
        dvar2: 3962799
        max: 4900
        mean: 873.887573242
        min: 58.0263175964
        var: 1806856.625
    pitch_instantaneous_confidence:
        dmean: 0.113208822906
        dmean2: 0.195684984326
        dvar: 0.00948671903461
        dvar2: 0.0272444728762
        max: 0.893563747406
        mean: 0.418628394604
        min: 0.138837754726
        var: 0.0283782370389
    pitch_salience:
        dmean: 0.0799458622932
        dmean2: 0.136823788285
        dvar: 0.00572984619066
        dvar2: 0.0142994737253
        max: 0.873536884785
        mean: 0.649530589581
        min: 0.0578154474497
        var: 0.0290969070047
    silence_rate_20dB:
        dmean: 0
        dmean2: 0
        dvar: 0
        dvar2: 0
        max: 1
        mean: 1
        min: 1
        var: 0
    silence_rate_30dB:
        dmean: 0
        dmean2: 0
        dvar: 0
        dvar2: 0
        max: 1
        mean: 1
        min: 1
        var: 0
    silence_rate_60dB:
        dmean: 0.205378979445
        dmean2: 0.409313738346
        dvar: 0.163198053837
        dvar2: 0.320208370686
        max: 1
        mean: 0.531707346439
        min: 0
        var: 0.248995378613
    spectral_centroid:
        dmean: 181.085128784
        dmean2: 284.338684082
        dvar: 57707.78125
        dvar2: 143945.21875
        max: 3308.53393555
        mean: 896.667907715
        min: 123.168479919
        var: 493209
    spectral_complexity:
        dmean: 3.0415585041
        dmean2: 4.92708349228
        dvar: 16.6736068726
        dvar2: 43.182144165
        max: 43
        mean: 7.71502590179
        min: 0
        var: 36.162311554
    spectral_crest:
        dmean: 2.87271213531
        dmean2: 5.05644798279
        dvar: 6.16966819763
        dvar2: 17.6262378693
        max: 25.7272663116
        mean: 10.2852115631
        min: 2.81576347351
        var: 21.1743412018
    spectral_decrease:
        dmean: 5.82207448918e-10
        dmean2: 9.59523349664e-10
        dvar: 7.69292290239e-19
        dvar2: 1.96149897002e-18
        max: -9.78395836571e-12
        mean: -9.50980405534e-10
        min: -9.14861875145e-09
        var: 7.68035751189e-19
    spectral_energy:
        dmean: 0.00236675981432
        dmean2: 0.00387613219209
        dvar: 1.22144701891e-05
        dvar2: 3.10888208332e-05
        max: 0.0354472734034
        mean: 0.00390729447827
        min: 3.75659110432e-05
        var: 1.2530334061e-05
    spectral_energyband_high:
        dmean: 0.000109008877189
        dmean2: 0.000158550639753
        dvar: 1.50860458348e-07
        dvar2: 3.29944072064e-07
        max: 0.0068693254143
        mean: 0.000188841935596
        min: 1.18869198928e-08
        var: 2.51522578765e-07
    spectral_energyband_low:
        dmean: 0.00031559940544
        dmean2: 0.000535951752681
        dvar: 5.48319803784e-07
        dvar2: 1.36842788834e-06
        max: 0.00639631832018
        mean: 0.000295556325
        min: 5.69937299133e-07
        var: 4.36356714317e-07
    spectral_energyband_middle_high:
        dmean: 0.000395107956138
        dmean2: 0.000669869536068
        dvar: 6.25488553396e-07
        dvar2: 1.63368758876e-06
        max: 0.00808416586369
        mean: 0.000638188212179
        min: 8.12106577541e-08
        var: 8.74155091424e-07
    spectral_energyband_middle_low:
        dmean: 0.00172170554288
        dmean2: 0.00291769485921
        dvar: 8.60504042066e-06
        dvar2: 2.21134960157e-05
        max: 0.0353992469609
        mean: 0.00278470455669
        min: 2.7968937502e-05
        var: 8.75728801475e-06
    spectral_flatness_db:
        dmean: 0.0343203246593
        dmean2: 0.0561710186303
        dvar: 0.00158116384409
        dvar2: 0.00345423072577
        max: 0.677128434181
        mean: 0.322510957718
        min: 0.0860382691026
        var: 0.0300188492984
    spectral_flux:
        dmean: 0.0132705094293
        dmean2: 0.0217198301107
        dvar: 0.000268140836852
        dvar2: 0.000561829423532
        max: 0.154137045145
        mean: 0.0402625352144
        min: 0.00483265565708
        var: 0.000420338328695
    spectral_kurtosis:
        dmean: 34.1654052734
        dmean2: 58.5079078674
        dvar: 3370.56713867
        dvar2: 9182.71972656
        max: 538.17388916
        mean: 84.6430053711
        min: -0.59140753746
        var: 11781.1494141
    spectral_rms:
        dmean: 0.000564887828659
        dmean2: 0.000895048433449
        dvar: 3.85575560813e-07
        dvar2: 9.27022256292e-07
        max: 0.00588070647791
        mean: 0.00180067727342
        min: 0.000191441038623
        var: 5.69558778807e-07
    spectral_rolloff:
        dmean: 301.800231934
        dmean2: 507.992675781
        dvar: 229088.5
        dvar2: 557439.6875
        max: 4995.703125
        mean: 1760.92468262
        min: 129.19921875
        var: 2442012.5
    spectral_skewness:
        dmean: 1.24817967415
        dmean2: 2.10621809959
        dvar: 2.75085353851
        dvar2: 7.36791753769
        max: 19.577457428
        mean: 5.73251104355
        min: -0.0795748531818
        var: 26.7583026886
    spectral_spread:
        dmean: 525891.0625
        dmean2: 870354.5
        dvar: 421871517696
        dvar2: 946787647488
        max: 12555026
        mean: 3217487.5
        min: 173581.328125
        var: 8.86304564838e+12
    spectral_strongpeak:
        dmean: 0.239042073488
        dmean2: 0.407579511404
        dvar: 0.201592326164
        dvar2: 0.638775289059
        max: 5.64632797241
        mean: 0.355543732643
        min: 0.00857632420957
        var: 0.169636547565
    zerocrossingrate:
        dmean: 0.00570718338713
        dmean2: 0.00688934326172
        dvar: 5.43238966202e-05
        dvar2: 5.94295161136e-05
        max: 0.1650390625
        mean: 0.0534617379308
        min: 0.00537109375
        var: 0.00188320490997
    barkbands:
        dmean: [2.2843114067e-08, 2.7944910471e-05, 0.000300480751321, 0.000352107832441, 0.000619384285528, 0.000530068180524, 0.000603058142588, 0.000133871202706, 0.00014256479335, 4.43724566139e-05, 2.27283471759e-05, 1.72251766344e-05, 2.1416673917e-05, 2.99663206533e-05, 8.12811922515e-05, 4.36057598563e-05, 4.25385078415e-05, 7.70005353843e-05, 7.43474156479e-05, 8.52662342368e-05, 5.25664436282e-05, 1.27349421746e-05, 7.57503357818e-06, 2.4890257464e-06, 1.16462308597e-06, 5.67908777782e-08, 1.51960410921e-09]
        dmean2: [2.58926764474e-08, 4.88544028485e-05, 0.000513488252182, 0.000610613671597, 0.00109818950295, 0.000876183621585, 0.0010359097505, 0.000234672392253, 0.000242075766437, 7.28045342839e-05, 3.78524346161e-05, 2.98251561617e-05, 3.49017609551e-05, 5.25290233782e-05, 0.000147430604557, 7.82019706094e-05, 7.24992205505e-05, 0.000130955944769, 0.000122251614812, 0.000133290959639, 8.54896861711e-05, 1.82193507499e-05, 1.1590932445e-05, 3.68062956113e-06, 1.64671780567e-06, 8.31302955362e-08, 1.68542124701e-09]
        dvar: [1.3685630591e-13, 3.85881371301e-09, 5.26222322605e-07, 5.35160040727e-07, 3.00794545183e-06, 1.23359757254e-06, 8.77497427609e-07, 6.20582767397e-08, 1.75913868361e-07, 2.0535608769e-08, 3.48759621183e-09, 3.61215746203e-09, 2.20086460168e-09, 2.78927614339e-09, 3.12413810377e-08, 1.09002629145e-08, 1.35722384442e-08, 3.23048716666e-08, 6.56939533883e-08, 1.18458324039e-07, 2.13804725036e-08, 8.76518524429e-10, 3.54439894101e-10, 4.65872652955e-11, 1.01157363736e-11, 2.84209572651e-14, 6.44837394778e-16]
        dvar2: [1.36591028744e-13, 1.03900790194e-08, 1.3427857084e-06, 1.39456108172e-06, 8.50896049087e-06, 3.32353761223e-06, 2.06380241252e-06, 1.76310607003e-07, 4.94913876992e-07, 5.39575246705e-08, 8.57278426025e-09, 9.7963317458e-09, 5.8609579412e-09, 8.1990858547e-09, 9.3800963441e-08, 3.11353396398e-08, 3.62188252723e-08, 8.7127084214e-08, 1.6470166031e-07, 2.74540383316e-07, 4.01068831479e-08, 1.79519688004e-09, 7.85360165789e-10, 9.3257984668e-11, 1.81122530168e-11, 5.61936666632e-14, 6.48475665984e-16]
        max: [7.29126759325e-06, 0.000517925946042, 0.00623517949134, 0.00686953635886, 0.0216360129416, 0.0126078370959, 0.00779597228393, 0.00248317443766, 0.0039871619083, 0.00181816855911, 0.000739227398299, 0.000834891805425, 0.000468343496323, 0.000507980585098, 0.00167787342798, 0.00105852272827, 0.00118714966811, 0.00155493663624, 0.00347120314837, 0.00657129194587, 0.00216180225834, 0.000346669694409, 0.000225267198402, 6.24833992333e-05, 3.77611831937e-05, 2.38103120864e-06, 4.9955610848e-07]
        mean: [2.29873755586e-08, 2.31649537454e-05, 0.000272378150839, 0.000315120443702, 0.00060896173818, 0.00070738256909, 0.000710833643097, 0.000196982422494, 0.000230945341173, 7.67785822973e-05, 3.3347052522e-05, 2.1474519599e-05, 3.06635047309e-05, 4.27064442192e-05, 8.30092612887e-05, 4.94304440508e-05, 5.11850485054e-05, 0.000100514247606, 9.51855035964e-05, 0.000126363287563, 8.6271094915e-05, 2.55267950706e-05, 1.225095275e-05, 4.35207675764e-06, 2.35478978539e-06, 9.36066300028e-08, 1.52916390661e-09]
        min: [9.56515769368e-12, 9.51767731294e-08, 1.74403851361e-07, 1.99329278416e-07, 1.17678905553e-06, 1.53358087118e-07, 1.85140933695e-08, 3.36354144537e-09, 1.31162836148e-09, 2.77777356672e-09, 3.68931685202e-09, 2.93403390472e-09, 2.66598143561e-09, 1.94394855768e-09, 2.34262276244e-09, 3.12132630853e-09, 3.68140207208e-09, 4.99171370905e-09, 5.37072386564e-09, 4.42646896914e-09, 3.13214476577e-09, 1.33620581266e-09, 3.90136867257e-10, 2.39084280151e-10, 1.75738784636e-10, 1.31710415144e-11, 2.25530274252e-13]
        var: [1.37245195677e-13, 2.99313862584e-09, 3.97120459183e-07, 4.09185759054e-07, 2.04233765544e-06, 1.19685830668e-06, 1.24200471419e-06, 1.15009179069e-07, 3.81984392561e-07, 3.81442681885e-08, 6.90480783661e-09, 3.24598770085e-09, 3.24721161071e-09, 4.27022772698e-09, 2.63326356276e-08, 1.05056674471e-08, 1.3358032902e-08, 4.31990834215e-08, 7.84445362001e-08, 1.79905910613e-07, 4.4899042706e-08, 2.66138333593e-09, 8.37913793905e-10, 1.06357561647e-10, 3.05918797239e-11, 7.62389486936e-14, 6.44569414729e-16]
    mfcc:
        mean: [-877.18572998, 188.508392334, -7.85911273956, 53.6542358398, -13.4450149536, -10.5459985733, -18.4653682709, -21.332490921, -14.3720884323, -7.89213609695, -6.78711509705, -7.47314691544, -5.99744033813]
        cov: [[27768.125, -11034.2958984, -6801.80761719, -1784.36071777, -1889.38354492, -777.596862793, -1217.79980469, -130.830871582, 323.269042969, 1117.27587891, 421.816558838, 105.902641296, -167.864776611], [-11034.2958984, 8436.57226562, 1099.21533203, -712.473144531, -25.9871559143, -289.848266602, 186.170455933, -41.9448699951, 50.6361083984, -235.776077271, 11.3312234879, 31.8747329712, 84.2333297729], [-6801.80761719, 1099.21533203, 3835.09960938, 914.074829102, 553.145751953, 186.002700806, 235.165847778, 4.56986808777, -146.747344971, -307.871734619, -115.293579102, 38.3832015991, 93.8536529541], [-1784.36071777, -712.473144531, 914.074829102, 1224.76989746, 473.252227783, 274.512176514, 136.023452759, 32.2966346741, -130.102218628, -179.607833862, -108.567398071, -6.73421955109, 13.9186563492], [-1889.38354492, -25.9871559143, 553.145751953, 473.252227783, 768.672912598, 392.105529785, 245.036056519, 30.2730998993, -71.0525741577, -143.230484009, -82.3282775879, -23.0374698639, -7.53925085068], [-777.596862793, -289.848266602, 186.002700806, 274.512176514, 392.105529785, 378.962005615, 228.387680054, 103.707069397, -10.609708786, -65.5093307495, -59.7798538208, -34.2984580994, -17.4108142853], [-1217.79980469, 186.170455933, 235.165847778, 136.023452759, 245.036056519, 228.387680054, 270.393432617, 124.470062256, 32.0084533691, -61.9847602844, -52.8562507629, -43.2256507874, -9.7249917984], [-130.830871582, -41.9448699951, 4.56986808777, 32.2966346741, 30.2730998993, 103.707069397, 124.470062256, 152.679153442, 76.9353942871, 19.2409095764, -3.22391819954, -6.67739248276, -4.6832690239], [323.269042969, 50.6361083984, -146.747344971, -130.102218628, -71.0525741577, -10.609708786, 32.0084533691, 76.9353942871, 100.769195557, 66.3849411011, 36.5521888733, 9.58069801331, -2.6904103756], [1117.27587891, -235.776077271, -307.871734619, -179.607833862, -143.230484009, -65.5093307495, -61.9847602844, 19.2409095764, 66.3849411011, 126.126441956, 70.582901001, 26.4974250793, -1.51149106026], [421.816558838, 11.3312234879, -115.293579102, -108.567398071, -82.3282775879, -59.7798538208, -52.8562507629, -3.22391819954, 36.5521888733, 70.582901001, 81.7353820801, 42.63306427, 11.5910892487], [105.902641296, 31.8747329712, 38.3832015991, -6.73421955109, -23.0374698639, -34.2984580994, -43.2256507874, -6.67739248276, 9.58069801331, 26.4974250793, 42.63306427, 59.4264221191, 23.9333496094], [-167.864776611, 84.2333297729, 93.8536529541, 13.9186563492, -7.53925085068, -17.4108142853, -9.7249917984, -4.6832690239, -2.6904103756, -1.51149106026, 11.5910892487, 23.9333496094, 38.8462142944]]
        icov: [[0.000498488370795, 0.000590434414335, 0.0004769070365, 0.000411113142036, 0.000140468589962, 0.000242700203671, 0.00071861105971, -5.00112728332e-05, -0.000249737640843, -0.00104719365481, 0.000798567198217, -0.000870626885444, 0.00012427745969], [0.000590434414335, 0.0008813055465, 0.00053106166888, 0.000658711302094, 0.000108762418677, 0.000594881246798, 0.000543142610695, 4.46614176326e-05, -0.000603603781201, -0.00042302600923, 0.000584871449973, -0.00115249899682, 2.7711443181e-05], [0.0004769070365, 0.00053106166888, 0.000863086606842, 0.000175114881131, 2.477039925e-05, 0.000503225135617, 0.000372932729078, -7.36978327041e-05, -0.000159089191584, -0.000447421625722, 0.000698783842381, -0.00122094957624, -0.000408560008509], [0.000411113142036, 0.000658711302094, 0.000175114881131, 0.00197785790078, -0.000451727595646, 0.000151485117385, 0.00110010616481, -0.00154116563499, 0.0013076888863, 0.000306725967675, 0.000840035500005, -0.00138150749262, -1.072687337e-05], [0.000140468589962, 0.000108762418677, 2.477039925e-05, -0.000451727595646, 0.00414259452373, -0.00372325652279, -0.00139714940451, 0.00350824277848, -0.00120533560403, 0.000989184598438, 0.000103697253508, -0.00226528779604, 0.00100131041836], [0.000242700203671, 0.000594881246798, 0.000503225135617, 0.000151485117385, -0.00372325652279, 0.0110697681084, -0.00472259381786, -0.0048112263903, 0.00509345764294, -0.0026957213413, 0.00109388702549, -0.00113134714775, 0.00158378831111], [0.00071861105971, 0.000543142610695, 0.000372932729078, 0.00110010616481, -0.00139714940451, -0.00472259381786, 0.0167082510889, -0.00753876473755, -0.0046189147979, 0.00363770965487, -0.00043339189142, 0.00690605305135, -0.00278535112739], [-5.00112728332e-05, 4.46614176326e-05, -7.36978327041e-05, -0.00154116563499, 0.00350824277848, -0.0048112263903, -0.00753876473755, 0.0239866562188, -0.0168257132173, -0.000352634844603, 0.00442367466167, -0.00471180491149, 0.0003502870386], [-0.000249737640843, -0.000603603781201, -0.000159089191584, 0.0013076888863, -0.00120533560403, 0.00509345764294, -0.0046189147979, -0.0168257132173, 0.0363945476711, -0.0129812555388, -0.00353444018401, -0.000185402372153, 0.00219396990724], [-0.00104719365481, -0.00042302600923, -0.000447421625722, 0.000306725967675, 0.000989184598438, -0.0026957213413, 0.00363770965487, -0.000352634844603, -0.0129812555388, 0.0341366827488, -0.0194642581046, 0.0043838811107, 0.000751179934014], [0.000798567198217, 0.000584871449973, 0.000698783842381, 0.000840035500005, 0.000103697253508, 0.00109388702549, -0.00043339189142, 0.00442367466167, -0.00353444018401, -0.0194642581046, 0.0403215810657, -0.0214444417506, 0.00130712788086], [-0.000870626885444, -0.00115249899682, -0.00122094957624, -0.00138150749262, -0.00226528779604, -0.00113134714775, 0.00690605305135, -0.00471180491149, -0.000185402372153, 0.0043838811107, -0.0214444417506, 0.0431540310383, -0.0176351740956], [0.00012427745969, 2.7711443181e-05, -0.000408560008509, -1.072687337e-05, 0.00100131041836, 0.00158378831111, -0.00278535112739, 0.0003502870386, 0.00219396990724, 0.000751179934014, 0.00130712788086, -0.0176351740956, 0.0381158031523]]
    spectral_contrast:
        mean: [2.23044523295e-07, 3.86619518622e-08, -1.47428849573e-07, 8.54210995271e-08, 1.39708035363e-07, 9.01018424315e-08, -4.15225116512e-07, 1.32597176616e-06, -1.24768277487e-07, -4.63248550631e-09, 3.90194236388e-06, 4.98270128446e-06]
        var: [0.000392405636376, 0.000752961670514, 0.000916001736186, 0.00238142581657, 0.00407302798703, 0.0063216406852, 0.116158291698, 0.276727408171, 0.405637711287, 0.903373420238, 2.8724219799, 13.6953811646]

rhythm:
    beats_loudness:
        dmean: 0.00223379698582
        dmean2: 0.00375420367345
        dvar: 3.75654190066e-06
        dvar2: 9.1608344519e-06
        max: 0.0124134030193
        mean: 0.00400148285553
        min: 0.000325656146742
        var: 6.37276252746e-06
    beats_loudness_bass:
        dmean: 0.158993661404
        dmean2: 0.246832221746
        dvar: 0.049010977149
        dvar2: 0.106785863638
        max: 0.969149589539
        mean: 0.197690874338
        min: 0.00342515902594
        var: 0.0772273987532
    bpm: 139.604431152
    bpm_confidence: 0
    first_peak_bpm: 140
    first_peak_spread: 0
    first_peak_weight: 0.950000047684
    onset_rate: 5.88175439835
    second_peak_bpm: 100
    second_peak_spread: 0
    second_peak_weight: 0.0500000007451
    beats_position: [1.11334359646, 1.5422629118, 1.97118234634, 2.40010166168, 2.82902097702, 3.25794029236, 3.6868596077, 4.11577892303, 4.54469823837, 4.97361755371, 5.40253686905, 5.83145666122, 6.4309091568, 6.86171340942, 7.29251813889, 7.72332239151, 8.15412712097, 8.5849313736, 9.01573562622, 9.44654083252, 9.87734413147]
    bpm_estimates: [140.393630981, 139.909927368, 140.10760498, 139.724838257, 139.674697876, 139.824081421, 139.573852539, 139.609985352, 139.420028687, 139.491653442, 138.973480225, 138.920715332, 139.233078003]
    bpm_intervals: [0.428919315338, 0.428919434547, 0.428919315338, 0.428919315338, 0.428919315338, 0.428919315338, 0.428919315338, 0.428919315338, 0.428919315338, 0.428919315338, 0.428919792175, 0.599452495575, 0.430804252625, 0.430804729462, 0.430804252625, 0.430804729462, 0.430804252625, 0.430804252625, 0.430805206299, 0.43080329895]
    onset_times: [1.11455786228, 1.54412698746, 1.78793644905, 1.86920630932, 1.98530614376, 2.10140585899, 2.20589566231, 2.31038546562, 2.42648530006, 2.63546490669, 2.73995471001, 2.84444451332, 3.05342411995, 3.15791392326, 3.26240372658, 3.48299312592, 3.69197273254, 3.80807256699, 3.9125623703, 4.14476203918, 4.35374164581, 4.45823144913, 4.57433128357, 4.7833108902, 4.8994102478, 4.99229001999, 5.21287965775, 5.4334692955, 5.56117916107, 5.64244890213, 5.85142850876, 5.99074840546, 6.08362817764, 6.67573690414, 6.9543762207, 7.1517457962, 7.26784563065, 7.38394546509, 7.45360565186, 7.4884352684, 7.60453510284, 7.73224496841, 7.8251247406, 7.91800451279, 8.0224943161, 8.13859367371, 8.25469398499, 8.33596324921, 8.45206356049, 8.59138298035, 8.67265319824, 8.97451210022, 9.0906124115, 9.2067117691, 9.31120204926, 9.53179168701, 9.64789104462, 9.7639913559, 9.9613609314]
    rubato_start: []
    rubato_stop: []
    perceptual_tempo: "unknown"

sfx:
    inharmonicity:
        dmean: 0.0311307087541
        dmean2: 0.0554096214473
        dvar: 0.00226882542484
        dvar2: 0.00666837394238
        max: 0.366192132235
        mean: 0.030354898423
        min: 0
        var: 0.00211919844151
    oddtoevenharmonicenergyratio:
        dmean: 3.03262758255
        dmean2: 5.85129356384
        dvar: 79.0512390137
        dvar2: 227.551925659
        max: 80.4328155518
        mean: 1.73614168167
        min: 0
        var: 43.9278144836
    pitch_after_max_to_before_max_energy_ratio: 1.9868260622
    pitch_centroid: 192.375228882
    pitch_max_to_total: 0.344559580088
    pitch_min_to_total: 0.00518134701997
    tristimulus:
        dmean: [0.229906514287, 0.248760744929, 0.0656890645623]
        dmean2: [0.404276847839, 0.437985807657, 0.110702484846]
        dvar: [0.0483495444059, 0.053595084697, 0.0105438530445]
        dvar2: [0.13353985548, 0.153012022376, 0.0291518103331]
        max: [1, 0.937444984913, 0.696283042431]
        mean: [0.576148688793, 0.320602446795, 0.0848992317915]
        min: [0.033696167171, 0, 0]
        var: [0.10743701458, 0.0808779299259, 0.0173487681895]

tonal:
    chords_changes_rate: 0.0927835032344
    chords_number_rate: 0.0309278350323
    chords_strength:
        dmean: 0.0118910055608
        dmean2: 0.0127969505265
        dvar: 6.1170256231e-05
        dvar2: 9.96330709313e-05
        max: 0.612879812717
        mean: 0.500010073185
        min: 0.353048980236
        var: 0.00556078692898
    key_strength: 0.689718604088
    tuning_diatonic_strength: 0.421259969473
    tuning_equal_tempered_deviation: 0.184543937445
    tuning_frequency: 433.441375732
    tuning_nontempered_energy_ratio: 0.854808568954
    hpcp:
        dmean: [0.188953146338, 0.265762776136, 0.324607282877, 0.273118019104, 0.30526855588, 0.228208631277, 0.124097585678, 0.0800439044833, 0.0893884450197, 0.134224593639, 0.162519916892, 0.188434675336, 0.232903391123, 0.245736151934, 0.200604692101, 0.196966439486, 0.166060388088, 0.352276027203, 0.346827328205, 0.247906267643, 0.17188693583, 0.135082185268, 0.0899103209376, 0.0733646303415, 0.0956635922194, 0.0874642208219, 0.0776197761297, 0.122967675328, 0.157802626491, 0.226977944374, 0.282517850399, 0.137835979462, 0.0970638468862, 0.0913365408778, 0.0903121754527, 0.0864966064692]
        dmean2: [0.361240148544, 0.470280140638, 0.571642577648, 0.463619083166, 0.541606009007, 0.406384140253, 0.220363140106, 0.136380910873, 0.154994234443, 0.223827302456, 0.296026200056, 0.323653042316, 0.400149911642, 0.447156518698, 0.377473473549, 0.376987576485, 0.283806353807, 0.643938720226, 0.612109303474, 0.44976580143, 0.299616068602, 0.246821060777, 0.162762492895, 0.124373674393, 0.17100609839, 0.159785717726, 0.135881736875, 0.227377831936, 0.291158676147, 0.402818322182, 0.521664440632, 0.244820639491, 0.168610751629, 0.161818578839, 0.165718093514, 0.158522740006]
        dvar: [0.0523275844753, 0.0670069605112, 0.0762646719813, 0.0569489784539, 0.0757382810116, 0.0483262501657, 0.0225194841623, 0.018064936623, 0.0161974839866, 0.033493783325, 0.0410479493439, 0.0399242304265, 0.0657324939966, 0.0900470241904, 0.0553530119359, 0.0566685274243, 0.0313181616366, 0.082203567028, 0.088589258492, 0.0523828603327, 0.0412487387657, 0.0449968837202, 0.0232628174126, 0.0135895898566, 0.0268457587808, 0.02452134341, 0.010552319698, 0.0134444124997, 0.0297390017658, 0.0594903416932, 0.0933976024389, 0.0253376588225, 0.0136988591403, 0.0182709954679, 0.0161083601415, 0.0133956968784]
        dvar2: [0.150828629732, 0.212595269084, 0.223889604211, 0.159795597196, 0.223040238023, 0.149568542838, 0.063875310123, 0.0486001037061, 0.0379271544516, 0.0859640166163, 0.100676774979, 0.106672100723, 0.15861839056, 0.248472765088, 0.152474045753, 0.156410172582, 0.0795709863305, 0.203249797225, 0.222739234567, 0.136726602912, 0.104612022638, 0.122027121484, 0.0613592751324, 0.0367261208594, 0.0783815607429, 0.0617493800819, 0.028918446973, 0.0364438183606, 0.0830443874002, 0.167736932635, 0.300855964422, 0.066174313426, 0.0339937843382, 0.0526795238256, 0.046532150358, 0.0371757559478]
        max: [1, 1, 1, 1, 1, 1, 1, 1, 0.857339799404, 1, 1, 1, 1, 1, 1, 1, 1, 1, 1, 1, 1, 1, 0.999230444431, 0.754410743713, 1, 1, 0.712588250637, 0.53541892767, 0.98808991909, 1, 1, 1, 0.75218975544, 0.81339174509, 0.64766061306, 0.831693947315]
        mean: [0.164006739855, 0.312791585922, 0.489112883806, 0.501745462418, 0.346504479647, 0.214411392808, 0.14471141994, 0.102528512478, 0.108652889729, 0.157586917281, 0.182663634419, 0.209940448403, 0.24455794692, 0.213318362832, 0.163571804762, 0.146775349975, 0.204904794693, 0.380061507225, 0.418918371201, 0.272067248821, 0.171211183071, 0.127910450101, 0.0988796651363, 0.0880435779691, 0.101942248642, 0.0991104915738, 0.10158200562, 0.132062479854, 0.166007310152, 0.233426079154, 0.241717174649, 0.161231949925, 0.111476801336, 0.102699249983, 0.0914863348007, 0.0961962938309]
        min: [1.10980306545e-06, 4.23453593612e-06, 4.69625638289e-06, 3.45870648744e-05, 4.62482739749e-06, 1.26542170165e-06, 1.73025716776e-06, 2.02026944862e-06, 1.89328181932e-06, 1.5739204855e-06, 2.94981759907e-06, 7.25021845938e-06, 7.28503982828e-06, 5.01669956066e-06, 2.39011001213e-06, 2.05544574783e-06, 2.67826499112e-06, 2.89503486783e-06, 4.59564262201e-06, 5.34286573384e-06, 2.08963979276e-06, 1.35238087751e-06, 2.94576511806e-06, 2.42463238465e-06, 1.77149081537e-06, 2.8100180316e-06, 2.91888591164e-06, 1.92732863979e-06, 2.38597613134e-06, 1.81149425771e-06, 1.9242597773e-06, 2.30960722547e-06, 2.34472008742e-06, 1.86553643289e-06, 1.82426617812e-06, 1.62854496466e-06]
        var: [0.0444018915296, 0.0804280787706, 0.116834364831, 0.109450995922, 0.0931217819452, 0.0539751723409, 0.0289256703109, 0.0174636952579, 0.0181511063129, 0.0397643335164, 0.0448628589511, 0.0440458990633, 0.0727752819657, 0.0785012766719, 0.0458727516234, 0.0415313653648, 0.0406631231308, 0.112066857517, 0.110109306872, 0.0648031011224, 0.0470433421433, 0.0451892763376, 0.0278117582202, 0.0162629466504, 0.0270831827074, 0.0270462725312, 0.0130619937554, 0.0180461145937, 0.0315816663206, 0.0708923712373, 0.0815866440535, 0.0333876945078, 0.0178515166044, 0.0157375857234, 0.013504778035, 0.0129024134949]
    chords_histogram: [40.7216491699, 0, 0, 0, 0, 5.15463924408, 0, 0, 0, 0, 30.9278354645, 0, 0, 0, 0, 0, 0, 0, 14.9484539032, 0, 0, 0, 4.63917541504, 3.60824751854]
    thpcp: [1, 0.690598130226, 0.427331000566, 0.28841599822, 0.204343676567, 0.216549813747, 0.314077407122, 0.364056378603, 0.418420225382, 0.487414360046, 0.425152540207, 0.326005548239, 0.29252949357, 0.408383965492, 0.757478713989, 0.834922075272, 0.542241573334, 0.341231167316, 0.254930943251, 0.197071373463, 0.175474584103, 0.203175231814, 0.197531417012, 0.202457249165, 0.263206124306, 0.330859601498, 0.46522808075, 0.481752574444, 0.321342110634, 0.222177997231, 0.204683959484, 0.1823361516, 0.191723302007, 0.326872378588, 0.623406887054, 0.974822759628]
    chords_key: "D#"
    chords_scale: "major"
    key_key: "D#"
    key_scale: "major"
    chords_progression: ["G#", "G#", "G#", "G#", "G#", "G#", "G#", "G#", "G#", "F#", "F#", "F#", "F#", "F#", "F#", "F#", "F#", "F#", "F#", "F#", "F#", "F#", "F#", "F#", "F#", "F#", "F#", "F#", "F#", "F#", "F#", "F#", "F#", "F#", "F#", "D", "F#", "F#", "D", "D", "D", "D", "D", "D", "D", "D", "D#", "D", "D", "D#", "D#", "D#", "D#", "D#", "D#", "D#", "D", "D", "D", "D#", "D#", "D#", "D#", "D#", "D#", "D", "D", "D", "D#", "D#", "D#", "D#", "D#", "D#", "D#", "D#", "D#", "D#", "D", "D", "D", "D", "D", "D", "D", "D", "D", "D", "D", "D", "D", "D", "D", "D", "D", "D", "D", "D", "D", "D", "D", "D", "D", "D", "D", "D", "D", "D", "D", "D", "D", "D", "D", "D", "D", "D", "Am", "Am", "Am", "Am", "Am", "Am", "Am", "Am", "Am", "Am", "D", "D", "D", "D", "Cm", "Cm", "Cm", "Cm", "Cm", "Cm", "Cm", "F#", "D", "D#", "D#", "D#", "D#", "D#", "D#", "D#", "D#", "D#", "D#", "D#", "D#", "D#", "D#", "D#", "D#", "D#", "D#", "D#", "D#", "D#", "D#", "D#", "D#", "D#", "D#", "D#", "D#", "D#", "D#", "D#", "D#", "D#", "D#", "D#", "D#", "D#", "D#", "D#", "D#", "D#", "D#", "D#", "D#", "D#", "D#", "D#", "D#", "D#", "D#", "D#", "D#", "D#", "D#", "D#"]
