
metadata:
    version:
        essentia: "1.2.2"
    audio_properties:
        analysis_sample_rate: 44100
        bitrate: 128
        channels: 2
        equal_loudness: 1
        length: 10.0310201645
        replay_gain: -10.6853809357
        downmix: "mix"
    tags:
        track: 19
        year: 0
        album: "Splitted by Mp3Splt v. 2.1"
        artist: "From 003.00 To 003.10"
        comment: "http://mp3splt.sf.net"
        genre: ""
        title: "07 Never Let Me Down Again.mp3"

highlevel:
    ballroom:
        all:
            ChaChaCha: 0.0707820653915
            Jive: 0.581851601601
            Quickstep: 0.0695865601301
            Rumba-American: 0.00248786248267
            Rumba-International: 0.00547941308469
            Rumba-Misc: 0.00489234086126
            Samba: 0.0505929589272
            Tango: 0.0136332213879
            VienneseWaltz: 0.188244238496
            Waltz: 0.0124497218058
        probability: 0.581851601601
        value: "Jive"
    culture:
        all:
            non_western: 0.0268939360976
            western: 0.973106086254
        probability: 0.973106086254
        value: "western"
    gender:
        all:
            female: 0.191639170051
            male: 0.808360815048
        probability: 0.808360815048
        value: "male"
    genre_dortmund:
        all:
            alternative: 0.118022270501
            blues: 0.0229683816433
            electronic: 0.042457588017
            folkcountry: 0.145022332668
            funksoulrnb: 0.0350293703377
            jazz: 0.0219099540263
            pop: 0.0594140738249
            raphiphop: 0.00297661032528
            rock: 0.552199423313
        probability: 0.552199423313
        value: "rock"
    genre_electronica:
        all:
            ambient: 0.19619679451
            dnb: 0.308988273144
            house: 0.00949964113533
            techno: 0.0103471530601
            trance: 0.474968135357
        probability: 0.474968135357
        value: "trance"
    genre_rosamerica:
        all:
            cla: 0.14956612885
            dan: 0.0242854394019
            hip: 0.0118471495807
            jaz: 0.015558171086
            pop: 0.03355422616
            rhy: 0.00653287675232
            roc: 0.756168961525
            spe: 0.00248706247658
        probability: 0.756168961525
        value: "roc"
    genre_tzanetakis:
        all:
            blu: 0.0172714907676
            cla: 0.0369154475629
            cou: 0.0920499116182
            dis: 0.11227875948
            hip: 0.00585294561461
            jaz: 0.042611323297
            met: 0.0490612015128
            pop: 0.0204535219818
            reg: 0.0040301787667
            roc: 0.619475245476
        probability: 0.619475245476
        value: "roc"
    live_studio:
        all:
            live: 0.472618877888
            studio: 0.527381122112
        probability: 0.527381122112
        value: "studio"
    mood:
        all:
            Cluster1: 0.415798157454
            Cluster2: 0.199586451054
            Cluster3: 0.0152666168287
            Cluster4: 0.199932381511
            Cluster5: 0.16941639781
        probability: 0.415798157454
        value: "Cluster1"
    mood_acoustic:
        all:
            acoustic: 0.011511798948
            not_acoustic: 0.988488197327
        probability: 0.988488197327
        value: "not_acoustic"
    mood_aggressive:
        all:
            aggressive: 0.890146255493
            not_aggressive: 0.109853737056
        probability: 0.890146255493
        value: "aggressive"
    mood_electronic:
        all:
            electronic: 0.642446875572
            not_electronic: 0.357553124428
        probability: 0.642446875572
        value: "electronic"
    mood_happy:
        all:
            happy: 0.668270945549
            not_happy: 0.331729084253
        probability: 0.668270945549
        value: "happy"
    mood_party:
        all:
            not_party: 0.408318996429
            party: 0.591681003571
        probability: 0.591681003571
        value: "party"
    mood_relaxed:
        all:
            not_relaxed: 0.891851067543
            relaxed: 0.108148932457
        probability: 0.891851067543
        value: "not_relaxed"
    mood_sad:
        all:
            not_sad: 0.971254527569
            sad: 0.028745463118
        probability: 0.971254527569
        value: "not_sad"
    rhythm:
        all:
            fast: 0.897054314613
            medium: 0.0830044597387
            slow: 0.0199412256479
        probability: 0.897054314613
        value: "fast"
    speech_music:
        all:
            music: 0.999460577965
            speech: 0.000539423373993
        probability: 0.999460577965
        value: "music"
    timbre:
        all:
            bright: 0.750963032246
            dark: 0.249036937952
        probability: 0.750963032246
        value: "bright"
    voice_instrumental:
        all:
            instrumental: 0.084160014987
            voice: 0.915839970112
        probability: 0.915839970112
        value: "voice"

lowlevel:
    average_loudness: 0.978688657284
    barkbands_kurtosis:
        dmean: 0.377124607563
        dmean2: 0.607402205467
        dvar: 0.297289252281
        dvar2: 0.701916575432
        max: 4.60804605484
        mean: -1.05334949493
        min: -1.72055160999
        var: 0.552453994751
    barkbands_skewness:
        dmean: 0.293796747923
        dmean2: 0.453452646732
        dvar: 0.0536671169102
        dvar2: 0.127215981483
        max: 0.75337857008
        mean: -0.349817156792
        min: -2.32115960121
        var: 0.219100058079
    barkbands_spread:
        dmean: 3.8945016861
        dmean2: 6.30345821381
        dvar: 9.75844478607
        dvar2: 24.7963047028
        max: 47.3256340027
        mean: 30.7067527771
        min: 14.063290596
        var: 33.5804901123
    dissonance:
        dmean: 0.0146804321557
        dmean2: 0.0260037444532
        dvar: 0.000165648307302
        dvar2: 0.000460723327706
        max: 0.499526381493
        mean: 0.472554177046
        min: 0.401024013758
        var: 0.00024696442415
    hfc:
        dmean: 3.41697525978
        dmean2: 5.20870256424
        dvar: 17.8891048431
        dvar2: 38.979221344
        max: 41.2919578552
        mean: 11.4623632431
        min: 9.30230453378e-06
        var: 42.8652381897
    pitch:
        dmean: 845.025512695
        dmean2: 1656.16467285
        dvar: 1822565.75
        dvar2: 4341669
        max: 4009.09082031
        mean: 1165.77758789
        min: 87.3267364502
        var: 2028183.125
    pitch_instantaneous_confidence:
        dmean: 0.0816615521908
        dmean2: 0.131495118141
        dvar: 0.00445332704112
        dvar2: 0.0111525459215
        max: 0.728395700455
        mean: 0.390407621861
        min: 0.14994007349
        var: 0.0116020124406
    pitch_salience:
        dmean: 0.052021831274
        dmean2: 0.0849543139338
        dvar: 0.00202975119464
        dvar2: 0.00518205948174
        max: 0.974412024021
        mean: 0.652718305588
        min: 0.45437708497
        var: 0.00433382205665
    silence_rate_20dB:
        dmean: 0
        dmean2: 0
        dvar: 0
        dvar2: 0
        max: 1
        mean: 1
        min: 1
        var: 0
    silence_rate_30dB:
        dmean: 0
        dmean2: 0
        dvar: 0
        dvar2: 0
        max: 1
        mean: 1
        min: 1
        var: 0
    silence_rate_60dB:
        dmean: 0.0787037014961
        dmean2: 0.155452430248
        dvar: 0.0725096538663
        dvar2: 0.140567958355
        max: 1
        mean: 0.18013857305
        min: 0
        var: 0.147688984871
    spectral_centroid:
        dmean: 232.707214355
        dmean2: 360.040283203
        dvar: 33838.2773438
        dvar2: 82589.5703125
        max: 3852.18505859
        mean: 2000.65576172
        min: 1099.79345703
        var: 131628.921875
    spectral_complexity:
        dmean: 4.10208797455
        dmean2: 6.25116300583
        dvar: 17.9478130341
        dvar2: 40.016002655
        max: 46
        mean: 21.3078708649
        min: 0
        var: 53.2223434448
    spectral_crest:
        dmean: 1.49816429615
        dmean2: 2.45341920853
        dvar: 1.76407170296
        dvar2: 4.69439744949
        max: 13.4045057297
        mean: 5.53135156631
        min: 2.63821077347
        var: 3.44894599915
    spectral_decrease:
        dmean: 2.94586799399e-10
        dmean2: 4.5636910917e-10
        dvar: 1.23139973797e-19
        dvar2: 2.78617668913e-19
        max: -7.41423344143e-16
        mean: -1.18978038532e-09
        min: -3.59694873886e-09
        var: 2.85194375168e-19
    spectral_energy:
        dmean: 0.00139211036731
        dmean2: 0.00213779741898
        dvar: 2.84622956315e-06
        dvar2: 6.41705310045e-06
        max: 0.0172002650797
        mean: 0.0055301762186
        min: 3.64205199332e-09
        var: 6.59949455439e-06
    spectral_energyband_high:
        dmean: 0.00027055767714
        dmean2: 0.000444415316451
        dvar: 1.77419224201e-07
        dvar2: 4.15717295255e-07
        max: 0.00408054608852
        mean: 0.000541972578503
        min: 4.79529249642e-10
        var: 2.7527750035e-07
    spectral_energyband_low:
        dmean: 7.93166545918e-05
        dmean2: 0.000135807305924
        dvar: 1.8555263992e-08
        dvar2: 5.29950341388e-08
        max: 0.001213633921
        mean: 0.000114893293357
        min: 6.17810039238e-11
        var: 1.9433263887e-08
    spectral_energyband_middle_high:
        dmean: 0.000901251158211
        dmean2: 0.00135105533991
        dvar: 1.02030219296e-06
        dvar2: 2.22537642003e-06
        max: 0.00992982741445
        mean: 0.00328134698793
        min: 2.73114131311e-09
        var: 3.35146592079e-06
    spectral_energyband_middle_low:
        dmean: 0.000545858812984
        dmean2: 0.000904779531993
        dvar: 3.63194175179e-07
        dvar2: 9.08018193968e-07
        max: 0.00627671042457
        mean: 0.00159196183085
        min: 3.61209367972e-10
        var: 6.91205571002e-07
    spectral_flatness_db:
        dmean: 0.0112656382844
        dmean2: 0.0180218089372
        dvar: 0.000106692852569
        dvar2: 0.000222698494326
        max: 0.202561274171
        mean: 0.142812743783
        min: 0.0704463124275
        var: 0.000300208310364
    spectral_flux:
        dmean: 0.00737902941182
        dmean2: 0.0108045665547
        dvar: 7.83432333264e-05
        dvar2: 0.000147279555677
        max: 0.092810370028
        mean: 0.0432736463845
        min: 6.03494154348e-05
        var: 0.000189531623619
    spectral_kurtosis:
        dmean: 1.06772184372
        dmean2: 1.84053194523
        dvar: 1.23349416256
        dvar2: 3.04686617851
        max: 13.5740146637
        mean: 3.1392121315
        min: 0.253067970276
        var: 2.46199083328
    spectral_rms:
        dmean: 0.000284234731225
        dmean2: 0.000424181605922
        dvar: 1.00834668615e-07
        dvar2: 1.97243295474e-07
        max: 0.00409643072635
        mean: 0.00225881161168
        min: 1.88499905107e-06
        var: 2.93061418688e-07
    spectral_rolloff:
        dmean: 252.453018188
        dmean2: 400.016845703
        dvar: 63406.8945312
        dvar2: 161238.4375
        max: 5555.56640625
        mean: 3594.05126953
        min: 2368.65234375
        var: 177715.96875
    spectral_skewness:
        dmean: 0.149525702
        dmean2: 0.248794496059
        dvar: 0.0271806754172
        dvar2: 0.0556224547327
        max: 2.78514194489
        mean: 1.1878041029
        min: 0.464456826448
        var: 0.055996581912
    spectral_spread:
        dmean: 337205.40625
        dmean2: 474380.6875
        dvar: 163896492032
        dvar2: 228851777536
        max: 9217610
        mean: 4024007.75
        min: 2439766.5
        var: 581162631168
    spectral_strongpeak:
        dmean: 0.915660858154
        dmean2: 1.55771422386
        dvar: 1.20869147778
        dvar2: 3.02024888992
        max: 7.06673383713
        mean: 1.19750237465
        min: 4.50773441116e-05
        var: 1.72114241123
    zerocrossingrate:
        dmean: 0.00694809481502
        dmean2: 0.00849950034171
        dvar: 4.58196882391e-05
        dvar2: 6.18334597675e-05
        max: 0.1875
        mean: 0.110508672893
        min: 0.05078125
        var: 0.000223536379053
    barkbands:
        dmean: [2.83996701711e-08, 1.27222747324e-05, 7.40264367778e-05, 0.000131812281325, 0.000197231856873, 0.00018934160471, 0.000124486075947, 0.000119492862723, 0.000138958639582, 0.000183560594451, 8.95150587894e-05, 7.90844933363e-05, 7.83450450399e-05, 6.9823130616e-05, 9.78939715424e-05, 0.000131799737574, 0.00023317799787, 0.00023031613091, 0.000401597993914, 0.000217583874473, 0.000109064523713, 5.12567712576e-05, 6.19105912847e-06, 1.84329314834e-06, 6.92614435138e-07, 1.77945249646e-08, 3.55949936193e-10]
        dmean2: [3.73651332097e-08, 2.1568415832e-05, 0.000128099622088, 0.00022918722243, 0.000344372121617, 0.000319503655192, 0.000200019523618, 0.000194375577848, 0.000232868420426, 0.00030192171107, 0.000144500663737, 0.000130009429995, 0.00012302158575, 0.000107443222078, 0.000151864514919, 0.000208432538784, 0.000354360003257, 0.000368314940715, 0.000666888488922, 0.000353628507582, 0.000180818504305, 8.16465108073e-05, 9.28194549488e-06, 2.52223071584e-06, 1.01637203898e-06, 2.58118433294e-08, 5.6784843494e-10]
        dvar: [9.00473611149e-14, 5.03737385138e-10, 1.60045381392e-08, 2.71301612287e-08, 7.55444133915e-08, 7.5423663759e-08, 2.51781475669e-08, 2.14173940805e-08, 3.15244363946e-08, 7.39306358355e-08, 1.46868899265e-08, 1.7121323026e-08, 7.77127517892e-09, 9.00464858233e-09, 1.54540344965e-08, 3.86340310854e-08, 8.16929741632e-08, 6.88875871901e-08, 2.50017791359e-07, 8.94526479556e-08, 3.57621559033e-08, 7.8693407346e-09, 1.14255403749e-10, 1.09982439822e-11, 9.8266555483e-13, 5.56382538189e-16, 5.47457535658e-18]
        dvar2: [9.03743226088e-14, 1.47470413658e-09, 4.64492515562e-08, 7.87204754715e-08, 2.09034553222e-07, 2.09005932561e-07, 6.1651732608e-08, 5.78462113765e-08, 7.96775481149e-08, 1.98112815042e-07, 3.58786920174e-08, 4.44771792729e-08, 2.01068388606e-08, 2.17702211813e-08, 3.82926401699e-08, 9.15308788763e-08, 1.89312729049e-07, 1.54740973812e-07, 6.16383147189e-07, 1.97102323796e-07, 8.81377957285e-08, 1.72855312286e-08, 2.61425936454e-10, 1.54693896581e-11, 2.22572611383e-12, 1.07507698067e-15, 5.70656229528e-18]
        max: [6.24374979452e-06, 0.000177072637598, 0.0011277301237, 0.00116532994434, 0.0021610185504, 0.00449029821903, 0.00122191454284, 0.0013091058936, 0.0019956920296, 0.00296832667664, 0.00116242980585, 0.00130187312607, 0.000893478340004, 0.000992421759292, 0.00123420835007, 0.00173273845576, 0.00266371527687, 0.00325656775385, 0.00518928607926, 0.00306469714269, 0.00174891785719, 0.00113591842819, 0.000145484169479, 7.453863509e-05, 9.54978168011e-06, 2.17258929069e-07, 4.84690865221e-08]
        mean: [6.66279262873e-08, 1.70333423739e-05, 9.78013631538e-05, 0.000167684323969, 0.000317126658047, 0.000351035385393, 0.000205964286579, 0.000199603848159, 0.000260930595687, 0.000264702219283, 0.00018363034178, 0.000140733725857, 0.000149643048644, 0.000130970147438, 0.000184546224773, 0.000220322792302, 0.000434852816397, 0.000565711583477, 0.000911848328542, 0.000410566135542, 0.000215477746679, 8.36955950945e-05, 1.11595882117e-05, 3.89595834349e-06, 1.1474431858e-06, 2.89408390586e-08, 3.16120074562e-10]
        min: [1.66082338854e-11, 2.95979005194e-11, 2.37602194864e-11, 2.5360664957e-11, 6.98249097431e-11, 8.38620978216e-11, 8.20249632105e-11, 4.66572960822e-11, 4.46174625024e-11, 8.85317930077e-11, 1.19612320049e-10, 1.17127724186e-10, 1.11695111493e-10, 6.86964096719e-11, 1.64339930553e-10, 5.80317127685e-10, 4.34845021102e-10, 4.43865916244e-10, 4.27227503375e-10, 2.88609303123e-10, 1.15359201358e-10, 2.38287445331e-10, 1.14187938619e-11, 6.36003966506e-12, 1.77088031739e-12, 9.11657576687e-13, 4.94465410186e-14]
        var: [9.04979623141e-14, 4.63447585863e-10, 1.63469113801e-08, 2.85725239024e-08, 1.05879905732e-07, 1.23203250268e-07, 4.72741703561e-08, 4.68150140875e-08, 7.23020434634e-08, 1.09780586399e-07, 2.905188623e-08, 2.80097118832e-08, 1.75724235163e-08, 2.18590638923e-08, 2.76790714793e-08, 6.980993561e-08, 1.79425114766e-07, 2.16261000219e-07, 6.24115045866e-07, 1.51591379449e-07, 5.72466163362e-08, 1.23532100105e-08, 2.42093983749e-10, 5.01207998715e-11, 1.93811893617e-12, 1.21317627947e-15, 5.45801023764e-18]
    mfcc:
        mean: [-681.032409668, 101.778305054, -64.6773757935, 49.2365074158, -26.3505477905, -8.67800045013, -6.26788711548, -3.97633075714, -8.16085529327, -7.92881822586, -6.39117860794, -7.73488807678, -9.48927116394]
        cov: [[2106.87744141, -260.114654541, 94.6577987671, 1.89931690693, -65.5148086548, -117.87853241, -49.7186012268, -38.569026947, -16.3239765167, 35.0365753174, 9.82340049744, -3.9322681427, -4.87670946121], [-260.114654541, 357.188293457, -131.56628418, 31.3486118317, 30.436000824, 5.58714818954, 62.3260116577, 54.429775238, -16.0811862946, -2.22193789482, 23.1144256592, -11.9187345505, -24.9614391327], [94.6577987671, -131.56628418, 174.200317383, -9.56617832184, -23.7129650116, 19.4592418671, -16.4904689789, -34.686882019, -3.05630326271, -1.73207914829, -20.0164375305, 16.3772830963, 16.4114933014], [1.89931690693, 31.3486118317, -9.56617832184, 100.943946838, 35.9171218872, 6.28612184525, -2.62919211388, -2.25992298126, 0.232460364699, -4.65576219559, -12.8862886429, -3.2401804924, 15.2991371155], [-65.5148086548, 30.436000824, -23.7129650116, 35.9171218872, 92.2299880981, 7.36950302124, -10.4332151413, -15.6258077621, 3.46663832664, 2.67539215088, -1.09474623203, 2.05730581284, 9.14984130859], [-117.87853241, 5.58714818954, 19.4592418671, 6.28612184525, 7.36950302124, 83.6570205688, 31.2122764587, -7.34259223938, 16.9777545929, -2.82566833496, -23.3477420807, -8.29664421082, -7.62384939194], [-49.7186012268, 62.3260116577, -16.4904689789, -2.62919211388, -10.4332151413, 31.2122764587, 108.134887695, 59.6593437195, 6.43614768982, 6.88874483109, 5.71005916595, -4.34123706818, -15.5638208389], [-38.569026947, 54.429775238, -34.686882019, -2.25992298126, -15.6258077621, -7.34259223938, 59.6593437195, 110.086036682, 5.48955965042, -1.08172988892, 20.3009109497, -4.50540208817, -17.3542308807], [-16.3239765167, -16.0811862946, -3.05630326271, 0.232460364699, 3.46663832664, 16.9777545929, 6.43614768982, 5.48955965042, 62.1636276245, 7.54092025757, -9.47530174255, -5.07582473755, -0.164332270622], [35.0365753174, -2.22193789482, -1.73207914829, -4.65576219559, 2.67539215088, -2.82566833496, 6.88874483109, -1.08172988892, 7.54092025757, 53.9618492126, 15.5565338135, -2.8350417614, -3.9064116478], [9.82340049744, 23.1144256592, -20.0164375305, -12.8862886429, -1.09474623203, -23.3477420807, 5.71005916595, 20.3009109497, -9.47530174255, 15.5565338135, 66.3881912231, 15.1656684875, -13.2855596542], [-3.9322681427, -11.9187345505, 16.3772830963, -3.2401804924, 2.05730581284, -8.29664421082, -4.34123706818, -4.50540208817, -5.07582473755, -2.8350417614, 15.1656684875, 50.9656295776, 22.0679988861], [-4.87670946121, -24.9614391327, 16.4114933014, 15.2991371155, 9.14984130859, -7.62384939194, -15.5638208389, -17.3542308807, -0.164332270622, -3.9064116478, -13.2855596542, 22.0679988861, 53.40184021]]
        icov: [[0.000608497182839, 0.000438177929027, -0.000114778587886, -0.00040862406604, 0.000299903738778, 0.00110488862265, -0.000385324266972, 0.000328516820446, 2.6954599889e-05, -0.000321808474837, 0.000138454779517, 4.96524444316e-05, 0.000504005176481], [0.000438177929027, 0.00497262226418, 0.00302299624309, -0.00142628047615, -0.000473325140774, 0.000226919481065, -0.00223682401702, -3.88540647691e-05, 0.00166064838413, 0.000163093180163, -0.000344280037098, -0.000312412885251, 0.00135338166729], [-0.000114778587886, 0.00302299624309, 0.00931740459055, -0.000454297522083, 0.00192031159531, -0.00273540010676, -0.000344472675351, 0.00114542862866, 0.00183431373443, -0.000561387452763, 0.00145834626164, -0.00295948493294, -0.000228051852901], [-0.00040862406604, -0.00142628047615, -0.000454297522083, 0.0129657201469, -0.00465340306982, -0.00126807473134, 0.000887865026016, -0.00139111361932, 0.000362613296602, 0.000705650891177, 0.00129477703013, 0.00211515440606, -0.00435519544408], [0.000299903738778, -0.000473325140774, 0.00192031159531, -0.00465340306982, 0.0143182445318, -0.00156868284103, 0.00123261136468, 0.00213462067768, -0.000723380071577, -0.00115884910338, -0.00112697680015, -0.000872845936101, -0.00108181789983], [0.00110488862265, 0.000226919481065, -0.00273540010676, -0.00126807473134, -0.00156868284103, 0.0208353418857, -0.00841021817178, 0.00516520440578, -0.00424249656498, 0.000842443085276, 0.0054443650879, -0.000185093216714, 0.00536117237061], [-0.000385324266972, -0.00223682401702, -0.000344472675351, 0.000887865026016, 0.00123261136468, -0.00841021817178, 0.0182495955378, -0.00961344316602, 0.000833510886878, -0.0031300666742, 0.000496601511259, -0.00134082953446, 4.7953358262e-06], [0.000328516820446, -3.88540647691e-05, 0.00114542862866, -0.00139111361932, 0.00213462067768, 0.00516520440578, -0.00961344316602, 0.0165119096637, -0.00261247809976, 0.00290549499914, -0.00319311325438, 0.000932658906095, 0.00201885006391], [2.6954599889e-05, 0.00166064838413, 0.00183431373443, 0.000362613296602, -0.000723380071577, -0.00424249656498, 0.000833510886878, -0.00261247809976, 0.0188101101667, -0.00363239995204, 0.00265309726819, 0.000135924317874, -0.000580661406275], [-0.000321808474837, 0.000163093180163, -0.000561387452763, 0.000705650891177, -0.00115884910338, 0.000842443085276, -0.0031300666742, 0.00290549499914, -0.00363239995204, 0.0220753103495, -0.00733260577545, 0.00413734884933, -0.0015623178333], [0.000138454779517, -0.000344280037098, 0.00145834626164, 0.00129477703013, -0.00112697680015, 0.0054443650879, 0.000496601511259, -0.00319311325438, 0.00265309726819, -0.00733260577545, 0.0253927465528, -0.0116742439568, 0.00972341746092], [4.96524444316e-05, -0.000312412885251, -0.00295948493294, 0.00211515440606, -0.000872845936101, -0.000185093216714, -0.00134082953446, 0.000932658906095, 0.000135924317874, 0.00413734884933, -0.0116742439568, 0.030897686258, -0.0151721099392], [0.000504005176481, 0.00135338166729, -0.000228051852901, -0.00435519544408, -0.00108181789983, 0.00536117237061, 4.7953358262e-06, 0.00201885006391, -0.000580661406275, -0.0015623178333, 0.00972341746092, -0.0151721099392, 0.0309033505619]]
    spectral_contrast:
        mean: [4.67808490612e-07, 9.4960405761e-08, 1.61825923328e-07, -1.82642700963e-08, 5.40960456874e-07, -2.41385009758e-07, -9.99602320917e-07, 2.81797520074e-06, -2.07540051633e-06, -2.41453990135e-09, -7.61614899147e-07, -4.07898596677e-06]
        var: [0.000409850705182, 0.000793006678578, 0.00137556705158, 0.00197409745306, 0.0026029816363, 0.00341159594245, 0.0271290056407, 0.0629700124264, 0.12450760603, 0.138607814908, 0.203575015068, 1.14813482761]

rhythm:
    beats_loudness:
        dmean: 0.00225563813001
        dmean2: 0.00288211461157
        dvar: 8.62313299876e-07
        dvar2: 4.19366961069e-06
        max: 0.0130036091432
        mean: 0.00865995511413
        min: 0.00536180706695
        var: 3.83161295758e-06
    beats_loudness_bass:
        dmean: 0.0352112688124
        dmean2: 0.0679287463427
        dvar: 0.000292524200631
        dvar2: 0.000536311941687
        max: 0.102571941912
        mean: 0.0369639545679
        min: 0.00638155126944
        var: 0.000658891920466
    bpm: 106.832893372
    bpm_confidence: 0
    first_peak_bpm: 107
    first_peak_spread: 0
    first_peak_weight: 0.941176474094
    onset_rate: 3.48917627335
    second_peak_bpm: 100
    second_peak_spread: 0
    second_peak_weight: 0.0588235296309
    beats_position: [0.312590003014, 0.874180555344, 1.43577110767, 1.99736166, 2.55895209312, 3.12054276466, 3.68213319778, 4.24372386932, 4.80531406403, 5.36690473557, 5.92849493027, 6.52929830551, 7.09096431732, 7.65263032913, 8.21429538727, 8.77596187592, 9.33762741089, 9.89929294586]
    bpm_estimates: [107.132873535, 106.828422546, 107.036453247, 106.960159302, 106.784934998, 106.698364258, 106.602432251, 106.836273193, 106.92225647, 106.720451355, 106.713409424, 107.079421997, 106.686355591, 107.042106628, 106.662719727, 106.94115448, 106.717590332, 106.6590271, 106.617408752, 107.135993958, 106.712585449]
    bpm_intervals: [0.56159055233, 0.56159055233, 0.56159055233, 0.561590433121, 0.561590671539, 0.561590433121, 0.561590671539, 0.561590194702, 0.561590671539, 0.561590194702, 0.600803375244, 0.56166601181, 0.56166601181, 0.561665058136, 0.561666488647, 0.561665534973, 0.561665534973]
    onset_times: [0.0464399084449, 0.31346938014, 0.592108845711, 0.870748281479, 1.43963718414, 1.72988665104, 1.99691605568, 2.29877543449, 2.57741498947, 2.85605430603, 3.13469386101, 3.43655323982, 3.69197273254, 3.98222231865, 4.26086187363, 4.49306106567, 4.82975053787, 5.11999988556, 5.38702964783, 5.68888902664, 5.95591831207, 6.25777769089, 6.51319742203, 6.82666683197, 6.96598625183, 7.08208608627, 7.37233543396, 7.65097522736, 8.20825386047, 8.52172374725, 8.77714252472, 9.05578231812, 9.34603214264, 9.63628101349, 9.90331077576]
    rubato_start: []
    rubato_stop: []
    perceptual_tempo: "unknown"

sfx:
    inharmonicity:
        dmean: 0.0710698142648
        dmean2: 0.125752344728
        dvar: 0.00475182710215
        dvar2: 0.0133316004649
        max: 0.361773520708
        mean: 0.0803530067205
        min: 0
        var: 0.00508094532415
    oddtoevenharmonicenergyratio:
        dmean: 4.1833190918
        dmean2: 8.01103305817
        dvar: 693.058166504
        dvar2: 2063.62475586
        max: 316.34262085
        mean: 2.69606208801
        min: 0
        var: 354.596130371
    pitch_after_max_to_before_max_energy_ratio: 12.9003648758
    pitch_centroid: 201.266387939
    pitch_max_to_total: 0.0601851865649
    pitch_min_to_total: 0.858796298504
    tristimulus:
        dmean: [0.169820532203, 0.230160921812, 0.171447768807]
        dmean2: [0.293144345284, 0.391734272242, 0.309170663357]
        dvar: [0.0240045432001, 0.0402956753969, 0.0227087717503]
        dvar2: [0.070106677711, 0.106244027615, 0.0640952959657]
        max: [1, 0.986037254333, 0.691310286522]
        mean: [0.267646342516, 0.487698584795, 0.175814926624]
        min: [0.00670286081731, 0, 0]
        var: [0.0288547966629, 0.0582692436874, 0.0285257771611]

tonal:
    chords_changes_rate: 0.0601851865649
    chords_number_rate: 0.0277777779847
    chords_strength:
        dmean: 0.00765981571749
        dmean2: 0.00585651863366
        dvar: 3.36391640303e-05
        dvar2: 3.00651863654e-05
        max: 0.606424629688
        mean: 0.507876813412
        min: 0.376214116812
        var: 0.00401575444266
    key_strength: 0.651235580444
    tuning_diatonic_strength: 0.577127933502
    tuning_equal_tempered_deviation: 0.0640207454562
    tuning_frequency: 440.254241943
    tuning_nontempered_energy_ratio: 0.698036670685
    hpcp:
        dmean: [0.160617247224, 0.153463378549, 0.144687384367, 0.156426221132, 0.100273422897, 0.0774764493108, 0.0935724303126, 0.0967368558049, 0.125337287784, 0.178187176585, 0.164946839213, 0.0702535882592, 0.0582033917308, 0.0670925974846, 0.106830380857, 0.181596323848, 0.163172855973, 0.117993049324, 0.0921262800694, 0.0899074822664, 0.0901613608003, 0.0795443952084, 0.0964278057218, 0.173723340034, 0.18512634933, 0.138774573803, 0.0859078094363, 0.100838027894, 0.127474844456, 0.164559140801, 0.186134919524, 0.202669024467, 0.160388872027, 0.120282419026, 0.0926217064261, 0.118247941136]
        dmean2: [0.267977833748, 0.25594291091, 0.232897803187, 0.251282513142, 0.163700193167, 0.130682170391, 0.152983784676, 0.161808401346, 0.203228160739, 0.294608652592, 0.269706219435, 0.116328768432, 0.0919591858983, 0.1100127846, 0.174342051148, 0.296127825975, 0.259228438139, 0.207974553108, 0.156422302127, 0.147879526019, 0.155892074108, 0.132127195597, 0.159502744675, 0.287521332502, 0.304930180311, 0.236483037472, 0.148193657398, 0.168197110295, 0.226001381874, 0.277164489031, 0.315120518208, 0.338467955589, 0.277147591114, 0.207853466272, 0.155022650957, 0.197317361832]
        dvar: [0.0208989009261, 0.0221194010228, 0.0185325797647, 0.0232781358063, 0.0120519781485, 0.00901479367167, 0.0122282439843, 0.0129293948412, 0.0158499609679, 0.0324284434319, 0.0241806190461, 0.00613982789218, 0.00378305069171, 0.00524564972147, 0.0104104839265, 0.0322147645056, 0.025878354907, 0.0195354614407, 0.0123930927366, 0.0127968182787, 0.0101542714983, 0.00766262831166, 0.0109516512603, 0.0249388609082, 0.0347042866051, 0.0173706579953, 0.0175272636116, 0.0151800531894, 0.0281251221895, 0.0276714339852, 0.0363799966872, 0.0283322185278, 0.0277861468494, 0.0228352192789, 0.00864868238568, 0.0125153260306]
        dvar2: [0.0558285787702, 0.0514235198498, 0.0479288473725, 0.0586213134229, 0.0297497380525, 0.020887458697, 0.0313930362463, 0.0350697673857, 0.0412543192506, 0.0697654485703, 0.0617561154068, 0.013948793523, 0.00985902175307, 0.0131594603881, 0.0259245093912, 0.0743980407715, 0.0822335928679, 0.0578541941941, 0.0307576209307, 0.033851865679, 0.0266209002584, 0.0201252754778, 0.0244826544076, 0.0654956772923, 0.0824002176523, 0.0454634055495, 0.0510839596391, 0.0375897996128, 0.0784043222666, 0.0684913247824, 0.0796503424644, 0.0644532293081, 0.0745827779174, 0.0612429901958, 0.0228619612753, 0.0333975218236]
        max: [1, 1, 0.990979492664, 1, 1, 0.665925502777, 1, 0.711641728878, 0.866348683834, 1, 1, 0.53454387188, 0.483861505985, 0.436359763145, 0.965970575809, 1, 1, 0.899624347687, 1, 1, 0.772738456726, 0.682294011116, 0.899272859097, 1, 1, 0.925464332104, 1, 0.838153123856, 1, 1, 1, 1, 1, 0.975393176079, 0.697951257229, 0.761362493038]
        mean: [0.29702270031, 0.28429594636, 0.279015958309, 0.293934673071, 0.188930481672, 0.135967865586, 0.163479238749, 0.152785554528, 0.276023447514, 0.460414290428, 0.331508487463, 0.127316847444, 0.0962289944291, 0.101728476584, 0.22306111455, 0.405154258013, 0.335246831179, 0.183666422963, 0.158256947994, 0.138140887022, 0.13939639926, 0.133033305407, 0.145347192883, 0.373638898134, 0.56335413456, 0.343682825565, 0.133489340544, 0.156659796834, 0.17754663527, 0.32442432642, 0.607947051525, 0.542277395725, 0.284893721342, 0.195285707712, 0.167219936848, 0.215561389923]
        min: [0.0278499741107, 0.0324756912887, 0.027965227142, 0.013068462722, 0.0186643600464, 0.0106429355219, 0.0168474595994, 0.0134571455419, 0.00591130927205, 0.00397806288674, 0.00301666068844, 0.00411092955619, 0.00649608531967, 0.00529703311622, 0.0380372293293, 0.0221293568611, 0.0462554357946, 0.0117370923981, 0.00649956986308, 0.00977747049183, 0.00751507887617, 0.00895851105452, 0.00749407336116, 0.0346608832479, 0.042987767607, 0.0208691675216, 0.00700432155281, 0.00730890315026, 0.00927080214024, 0.0241120606661, 0.0163193494081, 0.0252255909145, 0.0186841674149, 0.00685158045962, 0.00866967253387, 0.0295187737793]
        var: [0.0407794713974, 0.0365842878819, 0.0383858047426, 0.0557070188224, 0.0198823641986, 0.0140236560255, 0.0222691446543, 0.0174183361232, 0.0395069159567, 0.10493773967, 0.0552642121911, 0.0114195784554, 0.00741811189801, 0.00781178381294, 0.0190080683678, 0.0764304623008, 0.0459494516253, 0.0211411882192, 0.0241665523499, 0.0207791682333, 0.0168829057366, 0.0146911628544, 0.0184032637626, 0.0519528351724, 0.12038526684, 0.0480374395847, 0.0166053902358, 0.024312345311, 0.0346023626626, 0.0518183261156, 0.10814666003, 0.0831838920712, 0.056834500283, 0.031593170017, 0.0161770116538, 0.0203157737851]
    chords_histogram: [27.3148155212, 0, 7.87037038803, 0, 0.925925910473, 0, 0, 0, 0, 0, 0, 0, 0, 0, 0, 0, 0, 0, 0, 24.0740737915, 3.24074077606, 23.6111106873, 12.9629631042, 0]
    thpcp: [1, 0.891981303692, 0.468616008759, 0.32122156024, 0.275056749582, 0.354572623968, 0.488566726446, 0.467632740736, 0.45894780755, 0.483487278223, 0.31076797843, 0.223650828004, 0.2689037323, 0.251313924789, 0.454025477171, 0.757326304913, 0.545291721821, 0.209420949221, 0.158285155892, 0.167331144214, 0.366908788681, 0.666430175304, 0.551440834999, 0.302109241486, 0.260313689709, 0.227225199342, 0.229290366173, 0.218823835254, 0.239078700542, 0.614591181278, 0.926649987698, 0.565317034721, 0.219573959708, 0.257686585188, 0.292042911053, 0.533639132977]
    chords_key: "F"
    chords_scale: "major"
    key_key: "F"
    key_scale: "major"
    chords_progression: ["F", "F", "F", "F", "F", "F", "F", "F", "F", "Cm", "Cm", "C", "Cm", "Cm", "Cm", "Cm", "Cm", "Cm", "Cm", "Cm", "Cm", "Cm", "Cm", "Cm", "Cm", "Cm", "Cm", "Cm", "Cm", "Cm", "Cm", "Cm", "Cm", "Cm", "Cm", "Cm", "Cm", "Cm", "Cm", "Cm", "Cm", "Cm", "Cm", "Cm", "Cm", "Cm", "Cm", "Cm", "Cm", "Cm", "Cm", "Cm", "Cm", "Cm", "Cm", "Cm", "Cm", "Cm", "Cm", "Cm", "Cm", "Cm", "D#", "D#", "D#", "D#", "D#", "D#", "D#", "Gm", "Gm", "Gm", "Gm", "Gm", "Gm", "A#", "A#", "A#", "A#", "A#", "A#", "A#", "A#", "A#", "A#", "A#", "A#", "A#", "A#", "A#", "A#", "A#", "A#", "A#", "A#", "A#", "A#", "A#", "A#", "A#", "A#", "A#", "A#", "Gm", "Gm", "Gm", "Gm", "Gm", "Gm", "Gm", "Gm", "Gm", "Gm", "Gm", "Gm", "Gm", "Gm", "Gm", "Gm", "Gm", "Gm", "Gm", "Gm", "Gm", "Gm", "Gm", "Gm", "Gm", "Gm", "Gm", "Gm", "Gm", "Gm", "Gm", "Gm", "Gm", "Gm", "Gm", "Gm", "Gm", "G", "Gm", "Gm", "G", "Gm", "Gm", "Gm", "Gm", "Gm", "Gm", "C", "C", "C", "C", "C", "C", "C", "C", "C", "C", "C", "C", "C", "C", "C", "C", "F", "F", "F", "F", "F", "F", "F", "F", "F", "F", "F", "F", "F", "F", "F", "F", "F", "F", "F", "F", "F", "F", "F", "F", "F", "F", "F", "F", "F", "F", "F", "F", "F", "F", "F", "F", "F", "F", "F", "F", "F", "F", "F", "F", "F", "F", "F", "F", "F", "F"]
