
metadata:
    version:
        essentia: "1.2.2"
    audio_properties:
        analysis_sample_rate: 44100
        bitrate: 128
        channels: 2
        equal_loudness: 1
        length: 10.0310201645
        replay_gain: -0.936082839966
        downmix: "mix"
    tags:
        track: 8
        year: 0
        album: "Splitted by Mp3Splt v. 2.1"
        artist: "From 001.10 To 001.20"
        comment: "http://mp3splt.sf.net"
        genre: ""
        title: "03 Hidden track.mp3"

highlevel:
    ballroom:
        all:
            ChaChaCha: 0.0370016470551
            Jive: 0.158817216754
            Quickstep: 0.0452626347542
            Rumba-American: 0.0448349677026
            Rumba-International: 0.0865834131837
            Rumba-Misc: 0.123796008527
            Samba: 0.0879866406322
            Tango: 0.0268395133317
            VienneseWaltz: 0.121311500669
            Waltz: 0.267566472292
        probability: 0.267566472292
        value: "Waltz"
    culture:
        all:
            non_western: 0.0242443103343
            western: 0.975755691528
        probability: 0.975755691528
        value: "western"
    gender:
        all:
            female: 0.589271485806
            male: 0.410728543997
        probability: 0.589271485806
        value: "female"
    genre_dortmund:
        all:
            alternative: 0.0616653077304
            blues: 0.0167861357331
            electronic: 0.22797422111
            folkcountry: 0.150006398559
            funksoulrnb: 0.0376066491008
            jazz: 0.333182483912
            pop: 0.104535222054
            raphiphop: 0.00342764379457
            rock: 0.0648159459233
        probability: 0.333182483912
        value: "jazz"
    genre_electronica:
        all:
            ambient: 0.941929936409
            dnb: 0.00558358151466
            house: 0.0112836798653
            techno: 0.000967913947534
            trance: 0.0402349159122
        probability: 0.941929936409
        value: "ambient"
    genre_rosamerica:
        all:
            cla: 0.211057394743
            dan: 0.0223998818547
            hip: 0.0198546014726
            jaz: 0.360460013151
            pop: 0.0784319862723
            rhy: 0.200686573982
            roc: 0.0862785428762
            spe: 0.0208309907466
        probability: 0.360460013151
        value: "jaz"
    genre_tzanetakis:
        all:
            blu: 0.0437920875847
            cla: 0.130353450775
            cou: 0.254838466644
            dis: 0.0169027280062
            hip: 0.00550282606855
            jaz: 0.0956274941564
            met: 0.0100276479498
            pop: 0.103591665626
            reg: 0.0738169178367
            roc: 0.265546709299
        probability: 0.265546709299
        value: "roc"
    live_studio:
        all:
            live: 0.116897597909
            studio: 0.883102416992
        probability: 0.883102416992
        value: "studio"
    mood:
        all:
            Cluster1: 0.0216924343258
            Cluster2: 0.0587210468948
            Cluster3: 0.77326387167
            Cluster4: 0.055021006614
            Cluster5: 0.0913016200066
        probability: 0.77326387167
        value: "Cluster3"
    mood_acoustic:
        all:
            acoustic: 0.702824473381
            not_acoustic: 0.297175556421
        probability: 0.702824473381
        value: "acoustic"
    mood_aggressive:
        all:
            aggressive: 0.00299823004752
            not_aggressive: 0.997001767159
        probability: 0.997001767159
        value: "not_aggressive"
    mood_electronic:
        all:
            electronic: 0.545758068562
            not_electronic: 0.454241961241
        probability: 0.545758068562
        value: "electronic"
    mood_happy:
        all:
            happy: 0.194095253944
            not_happy: 0.805904746056
        probability: 0.805904746056
        value: "not_happy"
    mood_party:
        all:
            not_party: 0.912252128124
            party: 0.0877478718758
        probability: 0.912252128124
        value: "not_party"
    mood_relaxed:
        all:
            not_relaxed: 0.259623497725
            relaxed: 0.740376472473
        probability: 0.740376472473
        value: "relaxed"
    mood_sad:
        all:
            not_sad: 3.00000096379e-14
            sad: 1
        probability: 1
        value: "sad"
    rhythm:
        all:
            fast: 0.0382599234581
            medium: 0.362624049187
            slow: 0.599116027355
        probability: 0.599116027355
        value: "slow"
    speech_music:
        all:
            music: 3.00000096379e-14
            speech: 1
        probability: 1
        value: "speech"
    timbre:
        all:
            bright: 0.267708957195
            dark: 0.732291042805
        probability: 0.732291042805
        value: "dark"
    voice_instrumental:
        all:
            instrumental: 0.932228088379
            voice: 0.0677718967199
        probability: 0.932228088379
        value: "instrumental"

lowlevel:
    average_loudness: 0.913345992565
    barkbands_kurtosis:
        dmean: 2.74392390251
        dmean2: 4.40047264099
        dvar: 12.554274559
        dvar2: 31.7901802063
        max: 39.2397575378
        mean: 5.73979377747
        min: -1.84429621696
        var: 45.7898254395
    barkbands_skewness:
        dmean: 0.464358091354
        dmean2: 0.709760069847
        dvar: 0.170813441277
        dvar2: 0.391573339701
        max: 5.72757959366
        mean: 1.68408381939
        min: -3.80195140839
        var: 2.70598959923
    barkbands_spread:
        dmean: 2.74417448044
        dmean2: 4.27717161179
        dvar: 7.38231754303
        dvar2: 17.9394359589
        max: 41.5736923218
        mean: 13.8982572556
        min: 2.17809462547
        var: 79.5541687012
    dissonance:
        dmean: 0.0227479636669
        dmean2: 0.0378956273198
        dvar: 0.000414726120653
        dvar2: 0.00124981859699
        max: 0.498505085707
        mean: 0.44164904952
        min: 0.322137624025
        var: 0.00127037405036
    hfc:
        dmean: 1.63135623932
        dmean2: 2.7097055912
        dvar: 33.5410308838
        dvar2: 92.3040313721
        max: 133.984741211
        mean: 5.92971229553
        min: 0.414802014828
        var: 199.834213257
    pitch:
        dmean: 199.949172974
        dmean2: 388.882629395
        dvar: 346494.625
        dvar2: 911484.125
        max: 4009.09082031
        mean: 696.614868164
        min: 100.227272034
        var: 1295924.75
    pitch_instantaneous_confidence:
        dmean: 0.0803178623319
        dmean2: 0.131058469415
        dvar: 0.0042383344844
        dvar2: 0.0112806176767
        max: 0.885236859322
        mean: 0.512528896332
        min: 0.173180401325
        var: 0.0232215486467
    pitch_salience:
        dmean: 0.0656587332487
        dmean2: 0.108419694006
        dvar: 0.00327675556764
        dvar2: 0.00837804377079
        max: 0.781425654888
        mean: 0.575207173824
        min: 0.232757911086
        var: 0.0144324144349
    silence_rate_20dB:
        dmean: 0
        dmean2: 0
        dvar: 0
        dvar2: 0
        max: 1
        mean: 1
        min: 1
        var: 0
    silence_rate_30dB:
        dmean: 0
        dmean2: 0
        dvar: 0
        dvar2: 0
        max: 1
        mean: 1
        min: 1
        var: 0
    silence_rate_60dB:
        dmean: 0.109048724174
        dmean2: 0.218604654074
        dvar: 0.0971570387483
        dvar2: 0.198723986745
        max: 1
        mean: 0.4375
        min: 0
        var: 0.24609375
    spectral_centroid:
        dmean: 116.435180664
        dmean2: 179.960647583
        dvar: 20600.0644531
        dvar2: 38667.0429688
        max: 3657.4453125
        mean: 950.862731934
        min: 315.799804688
        var: 605337.8125
    spectral_complexity:
        dmean: 1.54312348366
        dmean2: 2.59579443932
        dvar: 2.03368902206
        dvar2: 5.21744680405
        max: 32
        mean: 7.71860456467
        min: 1
        var: 30.3928546906
    spectral_crest:
        dmean: 2.40425419807
        dmean2: 3.86673235893
        dvar: 3.83361697197
        dvar2: 10.5017051697
        max: 24.0359706879
        mean: 12.2307348251
        min: 3.43311858177
        var: 20.7221317291
    spectral_decrease:
        dmean: 2.67894789685e-10
        dmean2: 4.20777274135e-10
        dvar: 1.06840722331e-19
        dvar2: 2.71085413954e-19
        max: -9.66964841531e-11
        mean: -1.01498398575e-09
        min: -6.48625730904e-09
        var: 5.82029766495e-19
    spectral_energy:
        dmean: 0.00115109339822
        dmean2: 0.00182135170326
        dvar: 2.71524936579e-06
        dvar2: 7.13427743904e-06
        max: 0.0366334319115
        mean: 0.00436862697825
        min: 0.000409284722991
        var: 1.57932900038e-05
    spectral_energyband_high:
        dmean: 0.000102935773612
        dmean2: 0.000175512264832
        dvar: 3.61165007234e-07
        dvar2: 1.07164612473e-06
        max: 0.0107038561255
        mean: 0.000243714326643
        min: 1.22900928545e-06
        var: 9.08229139895e-07
    spectral_energyband_low:
        dmean: 1.81895138667e-05
        dmean2: 2.70369600912e-05
        dvar: 1.15882659024e-09
        dvar2: 1.59215329809e-09
        max: 0.000927260960452
        mean: 4.60797418782e-05
        min: 4.40603457719e-07
        var: 1.23604921853e-08
    spectral_energyband_middle_high:
        dmean: 0.000385713356081
        dmean2: 0.00062101893127
        dvar: 1.27672558392e-06
        dvar2: 3.30860939357e-06
        max: 0.0241999533027
        mean: 0.0013663492864
        min: 5.63451285416e-05
        var: 9.03666477825e-06
    spectral_energyband_middle_low:
        dmean: 0.000824012618978
        dmean2: 0.00127383414656
        dvar: 8.39191898194e-07
        dvar2: 1.9542139853e-06
        max: 0.0116097349674
        mean: 0.00271247886121
        min: 0.000237046988332
        var: 3.44251316164e-06
    spectral_flatness_db:
        dmean: 0.0198787394911
        dmean2: 0.0318664386868
        dvar: 0.00025277826353
        dvar2: 0.000644513522275
        max: 0.354520261288
        mean: 0.228992149234
        min: 0.137708723545
        var: 0.0016694131773
    spectral_flux:
        dmean: 0.00652793748304
        dmean2: 0.0108609749004
        dvar: 4.56707712146e-05
        dvar2: 0.000113177564344
        max: 0.125929877162
        mean: 0.0283347647637
        min: 0.00980359502137
        var: 0.000234230203205
    spectral_kurtosis:
        dmean: 3.2197034359
        dmean2: 5.63500785828
        dvar: 10.7014036179
        dvar2: 32.859462738
        max: 29.466003418
        mean: 8.83818340302
        min: 0.414287090302
        var: 34.4819755554
    spectral_rms:
        dmean: 0.00026027180138
        dmean2: 0.000403587619076
        dvar: 6.18144326836e-08
        dvar2: 1.47282790408e-07
        max: 0.00597828859463
        mean: 0.00192798802163
        min: 0.000631903589237
        var: 5.44933129731e-07
    spectral_rolloff:
        dmean: 214.829910278
        dmean2: 363.850463867
        dvar: 114131.820312
        dvar2: 265724.34375
        max: 4177.44140625
        mean: 1400.86022949
        min: 279.931640625
        var: 1473709.25
    spectral_skewness:
        dmean: 0.299562335014
        dmean2: 0.508017301559
        dvar: 0.0676047131419
        dvar2: 0.201662883162
        max: 4.02172231674
        mean: 2.04779100418
        min: 0.450601130724
        var: 0.598518908024
    spectral_spread:
        dmean: 285020.28125
        dmean2: 420101.375
        dvar: 992484786176
        dvar2: 1.00465206886e+12
        max: 24266598
        mean: 3123480
        min: 1764635.5
        var: 1.71272739226e+12
    spectral_strongpeak:
        dmean: 0.391631394625
        dmean2: 0.671818912029
        dvar: 0.780644774437
        dvar2: 1.98221683502
        max: 12.3223199844
        mean: 0.900266826153
        min: 0.0563929826021
        var: 2.22688364983
    zerocrossingrate:
        dmean: 0.00531987566501
        dmean2: 0.00642637442797
        dvar: 2.98852864944e-05
        dvar2: 4.00430981244e-05
        max: 0.173828125
        mean: 0.0542877912521
        min: 0.0126953125
        var: 0.0013866313966
    barkbands:
        dmean: [1.27300268105e-08, 2.37190306507e-06, 1.64387784025e-05, 1.04703476609e-05, 0.000448602193501, 0.000312307849526, 0.000213719627936, 9.62411068031e-05, 9.03387408471e-05, 6.63529062876e-05, 1.6611216779e-05, 1.96266773855e-05, 2.09805439226e-05, 3.51493763446e-05, 2.70243235718e-05, 2.70748460025e-05, 2.35021834669e-05, 2.25190506171e-05, 0.00022533282754, 0.000240346023929, 1.65064211615e-05, 2.90776347356e-06, 6.33678155282e-07, 2.09295095033e-07, 6.02243659387e-08, 1.18941692051e-08, 1.14229719017e-08]
        dmean2: [2.04265990789e-08, 2.63099605036e-06, 2.56520197581e-05, 1.65152177942e-05, 0.000759865448344, 0.000429843581514, 0.000282787223114, 0.000166403377079, 0.000134630754474, 9.5461269666e-05, 2.58795571426e-05, 3.35467593686e-05, 3.5028468119e-05, 6.16258621449e-05, 4.62414682261e-05, 4.43429016741e-05, 4.06082435802e-05, 3.73501134163e-05, 0.000373232818674, 0.000413453060901, 2.74714257102e-05, 4.70655049867e-06, 1.04379034838e-06, 3.06909981873e-07, 8.17117680185e-08, 1.2547096695e-08, 1.15909566389e-08]
        dvar: [4.91676198453e-15, 6.78919351293e-11, 7.7037715096e-10, 6.06157679606e-10, 4.67185259367e-07, 1.76171113253e-07, 2.08000074053e-07, 3.46441169086e-08, 4.25229167433e-08, 9.14619349146e-08, 4.51144482883e-10, 3.21823612204e-09, 1.64008595593e-09, 3.38236971764e-09, 4.30406288388e-09, 1.7729334667e-09, 1.17839638047e-09, 1.89770310577e-09, 6.79777599544e-07, 1.60237152613e-06, 2.36013852906e-09, 6.15730730291e-11, 4.44804609812e-12, 3.93715496403e-13, 6.67567062284e-14, 4.89973120128e-14, 5.42017399388e-14]
        dvar2: [4.95593471724e-15, 3.68049098143e-11, 1.32639599304e-09, 1.09015008132e-09, 1.2654419379e-06, 2.68574353868e-07, 4.67368550972e-07, 1.01927909668e-07, 6.61463417373e-08, 1.80764260449e-07, 1.06006892153e-09, 6.64799815198e-09, 4.64239446885e-09, 9.56092627291e-09, 1.14523563965e-08, 4.71278127634e-09, 3.4108189606e-09, 5.31848431962e-09, 1.77907293164e-06, 4.71042767458e-06, 6.540696873e-09, 1.81770390406e-10, 1.12034999333e-11, 7.75154734237e-13, 8.43897841147e-14, 4.90880665109e-14, 5.43213104977e-14]
        max: [1.46305751514e-06, 0.00027476309333, 0.000661832164042, 0.000580450869165, 0.00866388063878, 0.00809179898351, 0.00849693175405, 0.00224596541375, 0.0043013333343, 0.00645156716928, 0.000259799067862, 0.00102228007745, 0.000521582260262, 0.000553467893042, 0.00121300446335, 0.000679322460201, 0.000436818372691, 0.000789045589045, 0.0117247719318, 0.0233153086156, 0.000697783369105, 0.000175057386514, 3.19556129398e-05, 1.58367965923e-05, 5.07620325152e-06, 4.59881857751e-06, 4.82815039504e-06]
        mean: [1.65851226086e-08, 8.8542847152e-06, 3.72141512344e-05, 2.08775927604e-05, 0.000794749532361, 0.000960259931162, 0.00057042168919, 0.000154511755682, 0.000205653836019, 0.000144987279782, 3.22220621456e-05, 3.88501830457e-05, 4.02089208364e-05, 6.59720099065e-05, 4.88205878355e-05, 6.29711867077e-05, 5.23041235283e-05, 5.37835658179e-05, 0.00053533888422, 0.000482660980197, 4.56150592072e-05, 9.38339144341e-06, 2.00177669285e-06, 7.54772429445e-07, 1.68407623846e-07, 1.3494888762e-08, 1.13699263338e-08]
        min: [2.91459079094e-10, 1.92117326492e-08, 2.36555933952e-07, 6.02796461635e-08, 3.41904024026e-06, 8.51205822983e-06, 8.11825793789e-06, 2.87592911263e-06, 3.8615298763e-06, 4.67987547381e-06, 1.28111923914e-06, 1.20166100714e-06, 1.00113720691e-06, 1.01088653537e-06, 1.4228269265e-06, 1.90540379208e-06, 4.25199323217e-06, 2.65113021669e-06, 1.76724597623e-06, 1.27491682633e-06, 2.7449522122e-07, 6.87607126792e-08, 1.75882242104e-08, 6.55445209219e-09, 2.75010303419e-09, 7.78883832431e-11, 3.78169175662e-14]
        var: [4.97971516724e-15, 1.03134678575e-09, 6.4488965279e-09, 3.15500936487e-09, 1.46175295868e-06, 1.69639645264e-06, 5.02427894844e-07, 6.1620724523e-08, 1.47916551896e-07, 2.8309207778e-07, 1.32592914426e-09, 7.06527369942e-09, 4.39865921464e-09, 7.12121384083e-09, 7.2390515804e-09, 8.86821371893e-09, 2.78363221362e-09, 6.44561737317e-09, 2.7464948289e-06, 4.92801564178e-06, 1.26519204002e-08, 5.64153557203e-10, 2.60287433967e-11, 4.57217163435e-12, 1.43835179769e-13, 4.90459012108e-14, 5.4082508193e-14]
    mfcc:
        mean: [-775.92578125, 152.062149048, -58.0114059448, 40.393913269, -29.7441139221, -22.4241771698, -22.8526191711, -23.1618824005, -16.5008563995, -10.7396268845, -13.2242174149, -12.4206647873, -7.47544670105]
        cov: [[2130.98681641, -1382.8951416, -132.774139404, 243.528182983, -192.266860962, 157.355407715, 334.331695557, -127.852279663, -152.939163208, 169.697937012, 21.7167129517, -62.578918457, -10.541308403], [-1382.8951416, 1552.11096191, 129.653106689, -176.890930176, 212.33215332, -117.311088562, -197.697601318, 205.616729736, 164.501937866, -113.032943726, -27.2977199554, 68.2149810791, 1.53009748459], [-132.774139404, 129.653106689, 375.431091309, -91.0375747681, 25.0836086273, 26.4787940979, -26.1243171692, 142.09928894, 123.750015259, 9.40635108948, 22.0231113434, 36.9059867859, -30.8778514862], [243.528182983, -176.890930176, -91.0375747681, 180.228271484, -34.6034965515, -4.94009971619, 38.6352348328, -55.3311195374, -54.7051277161, 1.92163801193, -31.419342041, -15.4076108932, 25.5357589722], [-192.266860962, 212.33215332, 25.0836086273, -34.6034965515, 152.323638916, -25.6228561401, -45.9107704163, 36.4525527954, 69.0625152588, -7.21792411804, 5.04343700409, 11.0867605209, -11.3775405884], [157.355407715, -117.311088562, 26.4787940979, -4.94009971619, -25.6228561401, 94.9157409668, 50.2151260376, -3.91032552719, -6.23256587982, 5.96111774445, 22.5116405487, 12.2965726852, -8.36033535004], [334.331695557, -197.697601318, -26.1243171692, 38.6352348328, -45.9107704163, 50.2151260376, 119.918922424, 7.83980560303, -50.6847229004, 34.4565391541, 12.650560379, -1.31649744511, 4.83625173569], [-127.852279663, 205.616729736, 142.09928894, -55.3311195374, 36.4525527954, -3.91032552719, 7.83980560303, 157.940689087, 96.9493484497, 21.536359787, 16.0066165924, 23.2822971344, -8.22026252747], [-152.939163208, 164.501937866, 123.750015259, -54.7051277161, 69.0625152588, -6.23256587982, -50.6847229004, 96.9493484497, 171.40284729, 37.0906639099, 31.7389659882, 16.6677722931, -16.2542648315], [169.697937012, -113.032943726, 9.40635108948, 1.92163801193, -7.21792411804, 5.96111774445, 34.4565391541, 21.536359787, 37.0906639099, 105.929092407, 54.6264801025, 4.42402410507, -2.70181012154], [21.7167129517, -27.2977199554, 22.0231113434, -31.419342041, 5.04343700409, 22.5116405487, 12.650560379, 16.0066165924, 31.7389659882, 54.6264801025, 83.8842773438, 26.5291633606, -5.91183948517], [-62.578918457, 68.2149810791, 36.9059867859, -15.4076108932, 11.0867605209, 12.2965726852, -1.31649744511, 23.2822971344, 16.6677722931, 4.42402410507, 26.5291633606, 58.2186584473, 13.3074998856], [-10.541308403, 1.53009748459, -30.8778514862, 25.5357589722, -11.3775405884, -8.36033535004, 4.83625173569, -8.22026252747, -16.2542648315, -2.70181012154, -5.91183948517, 13.3074998856, 42.7808189392]]
        icov: [[0.00182662485167, 0.00108965951949, -3.0752060411e-05, -0.000749729457311, -0.000201228220249, -0.000149743864313, -0.00324944686145, 0.000585867906921, -0.000689650885761, -0.00116313237231, 0.00122233002912, -0.000263893220108, 0.00114907731768], [0.00108965951949, 0.00208694580942, 0.000587485381402, 3.011949957e-05, -0.00100055418443, 0.000286779977614, -6.29938585917e-05, -0.00208147242665, 5.70528463868e-05, 0.000448238628451, 0.000741456111427, -0.00118413520977, 0.000517805863637], [-3.0752060411e-05, 0.000587485381402, 0.00545047130436, 0.000708120933268, 0.000876635778695, -0.0018530752277, 0.00266921264119, -0.00487537030131, -0.000948845001403, 0.000385986815672, 0.00115323974751, -0.00267081405036, 0.00276920571923], [-0.000749729457311, 3.011949957e-05, 0.000708120933268, 0.00879896339029, 0.000190892678802, 0.00151575612836, -0.00172171113081, 0.00203639292158, -0.000917856639717, -0.000328747846652, 0.0032168100588, -0.000488254183438, -0.0037669762969], [-0.000201228220249, -0.00100055418443, 0.000876635778695, 0.000190892678802, 0.00988867599517, 0.00187504466157, -0.000280962267425, 0.000979075906798, -0.00417806720361, 0.00138577108737, -0.000296735845041, -0.00161319505423, 0.00268208212219], [-0.000149743864313, 0.000286779977614, -0.0018530752277, 0.00151575612836, 0.00187504466157, 0.0199811644852, -0.0120941400528, 0.00604620296508, -0.00555905606598, 0.00694573717192, -0.00457097310573, -0.00385152851231, 0.00353595614433], [-0.00324944686145, -6.29938585917e-05, 0.00266921264119, -0.00172171113081, -0.000280962267425, -0.0120941400528, 0.0320415087044, -0.0150629067793, 0.0134614398703, -0.00609636306763, -0.0009926216444, 0.00145935011096, -0.00266043958254], [0.000585867906921, -0.00208147242665, -0.00487537030131, 0.00203639292158, 0.000979075906798, 0.00604620296508, -0.0150629067793, 0.0217404440045, -0.0105194011703, 0.00013197172666, 0.00204061786644, -0.00163931201678, -0.000389960739994], [-0.000689650885761, 5.70528463868e-05, -0.000948845001403, -0.000917856639717, -0.00417806720361, -0.00555905606598, 0.0134614398703, -0.0105194011703, 0.0184805784374, -0.00679313763976, -0.00137792748865, 0.00194213341456, -0.000251530495007], [-0.00116313237231, 0.000448238628451, 0.000385986815672, -0.000328747846652, 0.00138577108737, 0.00694573717192, -0.00609636306763, 0.00013197172666, -0.00679313763976, 0.0229981075972, -0.0142877101898, 0.00300490856171, -0.00142505869735], [0.00122233002912, 0.000741456111427, 0.00115323974751, 0.0032168100588, -0.000296735845041, -0.00457097310573, -0.0009926216444, 0.00204061786644, -0.00137792748865, -0.0142877101898, 0.0274968072772, -0.0113581540063, 0.00462604034692], [-0.000263893220108, -0.00118413520977, -0.00267081405036, -0.000488254183438, -0.00161319505423, -0.00385152851231, 0.00145935011096, -0.00163931201678, 0.00194213341456, 0.00300490856171, -0.0113581540063, 0.0290135648102, -0.0129875391722], [0.00114907731768, 0.000517805863637, 0.00276920571923, -0.0037669762969, 0.00268208212219, 0.00353595614433, -0.00266043958254, -0.000389960739994, -0.000251530495007, -0.00142505869735, 0.00462604034692, -0.0129875391722, 0.034010566771]]
    spectral_contrast:
        mean: [6.51891127745e-07, 8.42132195089e-08, -1.34110450745e-07, -1.97076516883e-07, 3.14431815696e-07, 3.75890465421e-07, 1.76734704382e-06, 1.15085481411e-06, -2.57748502008e-06, -2.95999439004e-06, -3.15211536872e-07, 2.19345088226e-06]
        var: [0.000623986707069, 0.000892877986189, 0.00117739883717, 0.00181283964776, 0.00354308425449, 0.00493393046781, 0.0680264309049, 0.0896248668432, 0.105745799839, 0.251428812742, 0.435314029455, 1.19251310825]

rhythm:
    beats_loudness:
        dmean: 0.00517996726558
        dmean2: 0.00898147467524
        dvar: 4.95482745464e-05
        dvar2: 0.000146631384268
        max: 0.0289584361017
        mean: 0.00545811653137
        min: 0.000905755208805
        var: 3.61532656825e-05
    beats_loudness_bass:
        dmean: 0.0194796733558
        dmean2: 0.0372604392469
        dvar: 0.000635262054857
        dvar2: 0.00191951321904
        max: 0.0842133015394
        mean: 0.0152839776129
        min: 0.000247919029789
        var: 0.000518438639119
    bpm: 126.218261719
    bpm_confidence: 0
    first_peak_bpm: 126
    first_peak_spread: 0
    first_peak_weight: 0.600000023842
    onset_rate: 3.48917627335
    second_peak_bpm: 132
    second_peak_spread: 0
    second_peak_weight: 0.34999999404
    beats_position: [0.13588245213, 0.611249506474, 1.08661651611, 1.56198358536, 2.0373506546, 2.51271772385, 2.98808455467, 3.46345162392, 3.93881869316, 4.41418552399, 4.88955259323, 5.36491966248, 5.84028673172, 6.43538618088, 6.88959360123, 7.34380245209, 7.79800987244, 8.25221824646, 8.70642566681, 9.16063308716, 9.61484146118]
    bpm_estimates: [126.184631348, 126.218170166, 126.251983643]
    bpm_intervals: [0.475367069244, 0.47536700964, 0.475367069244, 0.475367069244, 0.475367069244, 0.475366830826, 0.475367069244, 0.475367069244, 0.475366830826, 0.475367069244, 0.475367069244, 0.475367069244, 0.595099449158, 0.454207420349, 0.454208850861, 0.454207420349, 0.454208374023, 0.454207420349, 0.454207420349, 0.454208374023]
    onset_times: [0.0580498874187, 0.325079351664, 0.371519267559, 0.522448956966, 0.975238084793, 1.83437645435, 2.28716564178, 2.46131515503, 3.61070299149, 3.77324271202, 3.99383211136, 4.04027223587, 4.33052158356, 4.82975053787, 5.49151945114, 5.7701587677, 5.94430828094, 6.26938772202, 6.35065746307, 6.39709758759, 6.65251684189, 7.10530614853, 7.31428575516, 7.37233543396, 7.6277551651, 7.77868461609, 7.95283460617, 8.16181373596, 8.38240337372, 8.82358264923, 8.87002277374, 8.98612213135, 9.52018165588, 9.7639913559, 9.89170074463]
    rubato_start: []
    rubato_stop: []
    perceptual_tempo: "unknown"

sfx:
    inharmonicity:
        dmean: 0.0446438454092
        dmean2: 0.0819990485907
        dvar: 0.00393939064816
        dvar2: 0.0114187737927
        max: 0.431166887283
        mean: 0.0418208613992
        min: 5.21032707184e-05
        var: 0.00379913416691
    oddtoevenharmonicenergyratio:
        dmean: 11.1329631805
        dmean2: 21.0935783386
        dvar: 3088.67895508
        dvar2: 8641.7578125
        max: 804.195251465
        mean: 6.53036785126
        min: 0.00112471170723
        var: 1877.44189453
    pitch_after_max_to_before_max_energy_ratio: 1.3255456686
    pitch_centroid: 136.65322876
    pitch_max_to_total: 0.244186043739
    pitch_min_to_total: 0.0790697708726
    tristimulus:
        dmean: [0.222458705306, 0.245730295777, 0.0815591067076]
        dmean2: [0.401589035988, 0.445846378803, 0.145932748914]
        dvar: [0.0519389510155, 0.059281013906, 0.01081594266]
        dvar2: [0.149635434151, 0.162309587002, 0.031189724803]
        max: [0.958705067635, 0.98621815443, 0.702661275864]
        mean: [0.445164740086, 0.424304276705, 0.0903328731656]
        min: [0.00160886649974, 0, 0]
        var: [0.0777916237712, 0.0699712187052, 0.0125533556566]

tonal:
    chords_changes_rate: 0.0462962947786
    chords_number_rate: 0.0185185186565
    chords_strength:
        dmean: 0.00585029181093
        dmean2: 0.00513134617358
        dvar: 2.23845636356e-05
        dvar2: 2.01952061616e-05
        max: 0.6609826684
        mean: 0.49930614233
        min: 0.376081436872
        var: 0.00468884222209
    key_strength: 0.780583679676
    tuning_diatonic_strength: 0.528547763824
    tuning_equal_tempered_deviation: 0.0350266322494
    tuning_frequency: 439.745910645
    tuning_nontempered_energy_ratio: 0.630260229111
    hpcp:
        dmean: [0.0563334859908, 0.0433398708701, 0.0376361310482, 0.0400813408196, 0.0367152243853, 0.0307393614203, 0.0299606993794, 0.049771592021, 0.110982984304, 0.0874588936567, 0.147622406483, 0.144663378596, 0.115958526731, 0.107474796474, 0.0472707115114, 0.0466770231724, 0.0738390684128, 0.150565624237, 0.131603598595, 0.0911330729723, 0.0191197991371, 0.0138923348859, 0.0266869589686, 0.0658101513982, 0.0620977990329, 0.0305217895657, 0.0305493604392, 0.0307020824403, 0.0186795294285, 0.0186723638326, 0.0261588413268, 0.0383216142654, 0.150516316295, 0.163886472583, 0.114722445607, 0.0559992045164]
        dmean2: [0.0858351960778, 0.0629545226693, 0.0609207376838, 0.0620930567384, 0.0581134557724, 0.0505481138825, 0.0492120236158, 0.0875267386436, 0.188694804907, 0.143923357129, 0.256605297327, 0.235077992082, 0.188824236393, 0.194818660617, 0.0840132907033, 0.08010738343, 0.12274120748, 0.247270971537, 0.219408676028, 0.149094820023, 0.0320907793939, 0.0221048779786, 0.0432148389518, 0.107120476663, 0.100810408592, 0.0438555032015, 0.0457238964736, 0.0507140830159, 0.0324850417674, 0.0302886944264, 0.044830199331, 0.0657856240869, 0.227843806148, 0.267765283585, 0.188807621598, 0.0913303345442]
        dvar: [0.0168677736074, 0.00665939459577, 0.00332504999824, 0.00351404957473, 0.00307174376212, 0.00302828685381, 0.00640956312418, 0.00846708100289, 0.0345409400761, 0.0208075530827, 0.0408565923572, 0.0434126481414, 0.0321884602308, 0.0331683941185, 0.00609851581976, 0.00826823804528, 0.01723960042, 0.030543666333, 0.0358453765512, 0.0135011626408, 0.00109855423216, 0.000524265051354, 0.0015489559155, 0.0105260415003, 0.00898093078285, 0.00208587641828, 0.00431101815775, 0.00583626935259, 0.00239296047948, 0.00138307083398, 0.00229348544963, 0.00483065377921, 0.0243941769004, 0.0459822304547, 0.0157011076808, 0.00927325431257]
        dvar2: [0.0288214609027, 0.0118875121698, 0.0087653985247, 0.00793421175331, 0.00843688473105, 0.00821396987885, 0.0159309264272, 0.0236354395747, 0.103085778654, 0.0513412840664, 0.116506934166, 0.112850494683, 0.0721838697791, 0.0865132883191, 0.0165415685624, 0.0208499990404, 0.0429792925715, 0.0883285105228, 0.0843543112278, 0.0388300940394, 0.00309526501223, 0.0012952957768, 0.00389949372038, 0.0274422839284, 0.0232501588762, 0.00413830624893, 0.00713792257011, 0.0128312380984, 0.0070877391845, 0.00322289112955, 0.00564676569775, 0.0136424247175, 0.056549616158, 0.101131558418, 0.0397927798331, 0.0197974927723]
        max: [1, 0.917673766613, 0.646569311619, 1, 0.747046947479, 0.690522253513, 1, 1, 1, 1, 1, 1, 1, 1, 0.485900491476, 0.737134039402, 1, 1, 1, 0.7236302495, 0.291336387396, 0.192318633199, 0.411537289619, 1, 1, 0.700587570667, 0.811087489128, 0.867606759071, 0.545771241188, 0.381235092878, 0.413318753242, 0.591517627239, 1, 1, 1, 1]
        mean: [0.135007023811, 0.0881069079041, 0.0734440609813, 0.0948324725032, 0.0708797052503, 0.055219642818, 0.0787258818746, 0.0851709321141, 0.178845435381, 0.261739403009, 0.191133081913, 0.169351458549, 0.181765377522, 0.111856564879, 0.0569881163538, 0.0571202561259, 0.0859460905194, 0.3114374578, 0.459709227085, 0.216052114964, 0.0220696236938, 0.0216490197927, 0.0384410843253, 0.108129456639, 0.118337579072, 0.0618956722319, 0.0657792240381, 0.0569955073297, 0.0269136205316, 0.026534287259, 0.0378666780889, 0.0651144757867, 0.344433039427, 0.53754645586, 0.274914830923, 0.11244726181]
        min: [0.000188589474419, 0.000245688570431, 0.000496814143844, 0.00121618574485, 0.00167114916258, 0.000853868667036, 0.000563060166314, 0.000715287053026, 0.00333259650506, 0.00410013599321, 0.00248795980588, 0.00169390556403, 0.00101264461409, 0.000682693324052, 0.000497689645272, 0.000979388016276, 0.000920012011193, 0.00413347920403, 0.0046823117882, 0.00264012860134, 0.000408913329011, 0.000357963552233, 0.00103228178341, 0.00326568516903, 0.00407760823146, 0.00171859213151, 0.000497724453453, 0.000350397691363, 0.000506153213792, 0.000582390930504, 0.0010804051999, 0.00236758147366, 0.0108225904405, 0.0144359460101, 0.00737426476553, 0.000372472219169]
        var: [0.0694801136851, 0.027635158971, 0.0107617061585, 0.0168432332575, 0.00811777543277, 0.0118582062423, 0.0451620146632, 0.0357898697257, 0.0593368932605, 0.117487221956, 0.0651993602514, 0.060413852334, 0.0641540214419, 0.0355592779815, 0.00723702507094, 0.00954141747206, 0.0194965824485, 0.0640158355236, 0.152180805802, 0.0423720292747, 0.00138794945087, 0.00127335544676, 0.00275783729739, 0.0258368626237, 0.0319980755448, 0.00663339532912, 0.0141536518931, 0.013667024672, 0.00312857865356, 0.00202591880225, 0.00339362816885, 0.00754627259448, 0.0727472156286, 0.151976794004, 0.0488751120865, 0.039270684123]
    chords_histogram: [68.9814834595, 0, 0, 0, 0, 0, 0, 0, 0, 0, 0, 0, 0, 0, 0, 0, 0, 5.55555534363, 0, 0, 0, 0, 8.79629611969, 16.6666660309]
    thpcp: [1, 0.511425256729, 0.209186121821, 0.251154154539, 0.163905665278, 0.136628299952, 0.176417261362, 0.131857827306, 0.102725341916, 0.14645409584, 0.158443853259, 0.332706928253, 0.486914932728, 0.355565696955, 0.315045237541, 0.338138908148, 0.20808725059, 0.106015242636, 0.106261059642, 0.159885883331, 0.579368472099, 0.855199038982, 0.401922672987, 0.0410562157631, 0.0402737669647, 0.0715121179819, 0.201153695583, 0.220143914223, 0.115144789219, 0.122369378805, 0.106028988957, 0.050067525357, 0.0493618510664, 0.0704435482621, 0.121132738888, 0.640750288963]
    chords_key: "G#"
    chords_scale: "major"
    key_key: "G#"
    key_scale: "major"
    chords_progression: ["Fm", "Fm", "Fm", "Fm", "Fm", "Fm", "Fm", "Fm", "Fm", "Fm", "Fm", "Fm", "Fm", "Fm", "Fm", "Fm", "Fm", "Fm", "Fm", "Fm", "Fm", "G#", "G#", "C#", "C#", "C#", "C#", "C#", "C#", "C#", "C#", "C#", "C#", "C#", "C#", "C#", "C#", "C#", "C#", "G#m", "G#m", "G#m", "G#m", "G#m", "G#m", "G#m", "G#m", "G#m", "C#", "G#m", "C#", "G#m", "G#m", "C#", "Fm", "Fm", "Fm", "Fm", "Fm", "Fm", "Fm", "Fm", "Fm", "Fm", "Fm", "Fm", "Fm", "Fm", "Fm", "G#", "G#", "G#", "G#", "G#", "G#", "G#", "G#", "G#", "G#", "G#", "G#", "G#", "G#", "G#", "G#", "G#", "G#", "G#", "G#", "G#", "G#", "G#", "G#", "G#", "G#", "G#", "G#", "G#", "G#", "G#", "G#", "G#", "G#", "G#", "G#", "G#", "G#", "G#", "G#", "G#", "G#", "G#", "G#", "G#", "G#", "G#", "G#", "G#", "G#", "G#", "G#", "G#", "G#", "G#", "G#", "G#", "G#", "G#", "G#", "G#", "G#", "G#", "G#", "G#", "G#", "G#", "G#", "G#", "G#", "G#", "G#", "G#", "G#", "G#", "G#", "G#", "G#", "G#", "G#", "G#", "G#", "G#", "G#", "G#", "G#", "G#", "G#", "G#", "G#", "G#", "G#", "G#", "G#", "G#", "G#", "G#", "G#", "G#", "G#", "G#", "G#", "G#", "G#", "G#", "G#", "G#", "G#", "G#", "G#", "G#", "G#", "G#", "G#", "G#", "G#", "G#", "G#", "G#", "G#", "G#", "G#", "G#", "G#", "G#", "G#", "G#", "G#", "G#", "G#", "G#", "G#", "G#", "G#", "G#", "G#", "G#", "G#", "G#", "G#", "G#", "G#", "G#", "G#", "G#", "G#", "G#"]
