
metadata:
    version:
        essentia: "1.2.2"
    audio_properties:
        analysis_sample_rate: 44100
        bitrate: 128
        channels: 2
        equal_loudness: 1
        length: 10.0048980713
        replay_gain: -10.101556778
        downmix: "mix"
    tags:
        track: 4
        year: 0
        album: "Splitted by Mp3Splt v. 2.1"
        artist: "From 000.30 To 000.40"
        comment: "http://mp3splt.sf.net"
        genre: ""
        title: "09 Your Head My Voice [Voix Re"

highlevel:
    ballroom:
        all:
            ChaChaCha: 0.30193644762
            Jive: 0.0909007489681
            Quickstep: 0.00128762854729
            Rumba-American: 0.000389204069506
            Rumba-International: 0.00086035853019
            Rumba-Misc: 0.00156332761981
            Samba: 0.602345883846
            Tango: 0.000241286848905
            VienneseWaltz: 0.000242500726017
            Waltz: 0.00023261908791
        probability: 0.602345883846
        value: "Samba"
    culture:
        all:
            non_western: 0.155728191137
            western: 0.84427177906
        probability: 0.84427177906
        value: "western"
    gender:
        all:
            female: 0.729315340519
            male: 0.270684689283
        probability: 0.729315340519
        value: "female"
    genre_dortmund:
        all:
            alternative: 0.00564622832462
            blues: 0.00517043145373
            electronic: 0.337329238653
            folkcountry: 0.00415362231433
            funksoulrnb: 0.0600018650293
            jazz: 0.1592541188
            pop: 0.0186101421714
            raphiphop: 0.35923486948
            rock: 0.0505994856358
        probability: 0.35923486948
        value: "raphiphop"
    genre_electronica:
        all:
            ambient: 0.0262200590223
            dnb: 0.410306245089
            house: 0.0972285345197
            techno: 0.404546648264
            trance: 0.0616985186934
        probability: 0.410306245089
        value: "dnb"
    genre_rosamerica:
        all:
            cla: 0.00167255522683
            dan: 0.571536540985
            hip: 0.383988499641
            jaz: 0.0045509734191
            pop: 0.00891609955579
            rhy: 0.0218331255019
            roc: 0.00522356899455
            spe: 0.00227861572057
        probability: 0.571536540985
        value: "dan"
    genre_tzanetakis:
        all:
            blu: 0.00242501078174
            cla: 0.00261276564561
            cou: 0.00238248193637
            dis: 0.0296861361712
            hip: 0.237638130784
            jaz: 0.0102763138711
            met: 0.0197218060493
            pop: 0.59478533268
            reg: 0.082488797605
            roc: 0.0179832279682
        probability: 0.59478533268
        value: "pop"
    live_studio:
        all:
            live: 0.105246208608
            studio: 0.894753813744
        probability: 0.894753813744
        value: "studio"
    mood:
        all:
            Cluster1: 0.180986762047
            Cluster2: 0.18170517683
            Cluster3: 0.00838057510555
            Cluster4: 0.133278772235
            Cluster5: 0.49564871192
        probability: 0.49564871192
        value: "Cluster5"
    mood_acoustic:
        all:
            acoustic: 0.00420236540958
            not_acoustic: 0.995797634125
        probability: 0.995797634125
        value: "not_acoustic"
    mood_aggressive:
        all:
            aggressive: 0.370135039091
            not_aggressive: 0.629864990711
        probability: 0.629864990711
        value: "not_aggressive"
    mood_electronic:
        all:
            electronic: 0.968172669411
            not_electronic: 0.031827326864
        probability: 0.968172669411
        value: "electronic"
    mood_happy:
        all:
            happy: 0.216839671135
            not_happy: 0.783160328865
        probability: 0.783160328865
        value: "not_happy"
    mood_party:
        all:
            not_party: 0.0199286583811
            party: 0.980071365833
        probability: 0.980071365833
        value: "party"
    mood_relaxed:
        all:
            not_relaxed: 0.954038918018
            relaxed: 0.0459610670805
        probability: 0.954038918018
        value: "not_relaxed"
    mood_sad:
        all:
            not_sad: 0.994735777378
            sad: 0.00526423053816
        probability: 0.994735777378
        value: "not_sad"
    rhythm:
        all:
            fast: 0.360233128071
            medium: 0.631954491138
            slow: 0.00781240360811
        probability: 0.631954491138
        value: "medium"
    speech_music:
        all:
            music: 0.999168217182
            speech: 0.000831792829558
        probability: 0.999168217182
        value: "music"
    timbre:
        all:
            bright: 0.1304769665
            dark: 0.869523048401
        probability: 0.869523048401
        value: "dark"
    voice_instrumental:
        all:
            instrumental: 0.123252227902
            voice: 0.876747786999
        probability: 0.876747786999
        value: "voice"

lowlevel:
    average_loudness: 0.983297467232
    barkbands_kurtosis:
        dmean: 3.76302719116
        dmean2: 6.14629411697
        dvar: 22.231508255
        dvar2: 44.7675476074
        max: 35.3198623657
        mean: 2.44966053963
        min: -1.88959240913
        var: 31.7851810455
    barkbands_skewness:
        dmean: 1.20227193832
        dmean2: 1.72973418236
        dvar: 1.06376779079
        dvar2: 1.70133936405
        max: 4.87203931808
        mean: 0.237201541662
        min: -5.16980791092
        var: 3.20659971237
    barkbands_spread:
        dmean: 16.0797023773
        dmean2: 25.9693393707
        dvar: 171.318313599
        dvar2: 375.426086426
        max: 78.7788162231
        mean: 35.3801803589
        min: 4.4285607338
        var: 331.842285156
    dissonance:
        dmean: 0.0217168871313
        dmean2: 0.033379547298
        dvar: 0.000546602997929
        dvar2: 0.00136321992613
        max: 0.499977260828
        mean: 0.468913704157
        min: 0.312886029482
        var: 0.000889582908712
    hfc:
        dmean: 7.25398397446
        dmean2: 9.8626127243
        dvar: 69.093170166
        dvar2: 143.009353638
        max: 44.251411438
        mean: 7.42701292038
        min: 0.0116827217862
        var: 106.323043823
    pitch:
        dmean: 1228.10046387
        dmean2: 2282.24902344
        dvar: 2324651.25
        dvar2: 4452394
        max: 4900
        mean: 2582.60131836
        min: 67.8461532593
        var: 3175068.25
    pitch_instantaneous_confidence:
        dmean: 0.148157224059
        dmean2: 0.236516028643
        dvar: 0.0120738707483
        dvar2: 0.0326868593693
        max: 0.894525766373
        mean: 0.468561500311
        min: 0.141358435154
        var: 0.0234740935266
    pitch_salience:
        dmean: 0.105557449162
        dmean2: 0.175247743726
        dvar: 0.00809737294912
        dvar2: 0.0202848389745
        max: 0.875365376472
        mean: 0.647386729717
        min: 0.183045998216
        var: 0.0144534735009
    silence_rate_20dB:
        dmean: 0
        dmean2: 0
        dvar: 0
        dvar2: 0
        max: 1
        mean: 1
        min: 1
        var: 0
    silence_rate_30dB:
        dmean: 0
        dmean2: 0
        dvar: 0
        dvar2: 0
        max: 1
        mean: 1
        min: 1
        var: 0
    silence_rate_60dB:
        dmean: 0.238979116082
        dmean2: 0.479069769382
        dvar: 0.181868195534
        dvar2: 0.249562233686
        max: 1
        mean: 0.625
        min: 0
        var: 0.234375
    spectral_centroid:
        dmean: 761.342468262
        dmean2: 1114.10180664
        dvar: 579822.6875
        dvar2: 835654.875
        max: 4633.15185547
        mean: 2034.47290039
        min: 177.424423218
        var: 1557747.875
    spectral_complexity:
        dmean: 6.41395330429
        dmean2: 9.23543167114
        dvar: 55.5728034973
        dvar2: 98.1893463135
        max: 39
        mean: 7.74942016602
        min: 0
        var: 89.1159210205
    spectral_crest:
        dmean: 3.11021018028
        dmean2: 5.28203248978
        dvar: 6.62105417252
        dvar2: 18.0719242096
        max: 22.7690067291
        mean: 8.93856525421
        min: 3.03480243683
        var: 11.1700191498
    spectral_decrease:
        dmean: 5.42877964804e-10
        dmean2: 7.30227711632e-10
        dvar: 3.95715269281e-19
        dvar2: 7.18180800189e-19
        max: -1.16642958313e-12
        mean: -6.62465471368e-10
        min: -3.41365558043e-09
        var: 6.48986004576e-19
    spectral_energy:
        dmean: 0.00269727013074
        dmean2: 0.0036073080264
        dvar: 9.16703447729e-06
        dvar2: 1.74790347955e-05
        max: 0.0158351715654
        mean: 0.00317394989543
        min: 5.79073230256e-06
        var: 1.48240460476e-05
    spectral_energyband_high:
        dmean: 0.000625182525255
        dmean2: 0.000899165519513
        dvar: 4.78059234865e-07
        dvar2: 7.56200506657e-07
        max: 0.00353644927964
        mean: 0.000670946319588
        min: 1.10669725473e-06
        var: 8.0328607055e-07
    spectral_energyband_low:
        dmean: 0.00028580770595
        dmean2: 0.000443389406428
        dvar: 2.62379501237e-07
        dvar2: 6.69735300107e-07
        max: 0.0031251127366
        mean: 0.000290831347229
        min: 2.14320152736e-07
        var: 2.67167706625e-07
    spectral_energyband_middle_high:
        dmean: 0.00134815531783
        dmean2: 0.00207848311402
        dvar: 4.39344421466e-06
        dvar2: 1.0738540368e-05
        max: 0.0103809349239
        mean: 0.00119431735948
        min: 1.1438086176e-06
        var: 4.40878011432e-06
    spectral_energyband_middle_low:
        dmean: 0.000878915830981
        dmean2: 0.00135891325772
        dvar: 2.21452160076e-06
        dvar2: 3.85423527405e-06
        max: 0.00974110886455
        mean: 0.0010176608339
        min: 9.91164029074e-07
        var: 3.39110033565e-06
    spectral_flatness_db:
        dmean: 0.0291582271457
        dmean2: 0.046791177243
        dvar: 0.000600680999923
        dvar2: 0.00128876662347
        max: 0.266310483217
        mean: 0.156841173768
        min: 0.0788200125098
        var: 0.00128196447622
    spectral_flux:
        dmean: 0.0205571670085
        dmean2: 0.0297973267734
        dvar: 0.000380636949558
        dvar2: 0.000775924185291
        max: 0.110539540648
        mean: 0.0430376194417
        min: 0.00349175627343
        var: 0.000751082261559
    spectral_kurtosis:
        dmean: 1.00826215744
        dmean2: 1.59781730175
        dvar: 1.38581490517
        dvar2: 2.95015287399
        max: 10.8925523758
        mean: 1.01931166649
        min: -0.686450004578
        var: 1.93320071697
    spectral_rms:
        dmean: 0.000755413318984
        dmean2: 0.00096244510496
        dvar: 4.61792751594e-07
        dvar2: 7.75901014549e-07
        max: 0.00393051514402
        mean: 0.00144254276529
        min: 7.51631232561e-05
        var: 1.01560556232e-06
    spectral_rolloff:
        dmean: 1121.0279541
        dmean2: 1824.90075684
        dvar: 1689012.875
        dvar2: 2907604.75
        max: 6266.16210938
        mean: 3438.02001953
        min: 64.599609375
        var: 3418808.75
    spectral_skewness:
        dmean: 0.29617395997
        dmean2: 0.426946371794
        dvar: 0.0658534690738
        dvar2: 0.133234485984
        max: 2.81608629227
        mean: 0.910529851913
        min: 0.33437487483
        var: 0.159552171826
    spectral_spread:
        dmean: 1216520.125
        dmean2: 1914649.75
        dvar: 813713391616
        dvar2: 1.8916778967e+12
        max: 11077367
        mean: 7534938.5
        min: 3657563
        var: 1.75780292198e+12
    spectral_strongpeak:
        dmean: 0.460021018982
        dmean2: 0.81265193224
        dvar: 0.844398677349
        dvar2: 2.26815795898
        max: 6.74121952057
        mean: 0.382457256317
        min: 0.000980280456133
        var: 0.608666598797
    zerocrossingrate:
        dmean: 0.026810048148
        dmean2: 0.0276396777481
        dvar: 0.000397348252591
        dvar2: 0.000501194910612
        max: 0.21630859375
        mean: 0.109845153987
        min: 0.0185546875
        var: 0.00233287992887
    barkbands:
        dmean: [3.09081292471e-06, 0.000123650985188, 0.000214948508074, 0.000264748523477, 0.000516119878739, 0.000109127671749, 6.55439289403e-05, 9.40145764616e-05, 3.31918599841e-05, 1.34231959237e-05, 1.27723042169e-05, 9.96764447336e-06, 1.62397573149e-05, 1.29912468765e-05, 3.02054813801e-05, 5.97354883212e-05, 0.000322800624417, 0.000400153483497, 0.000330445414875, 0.000450332590844, 0.000282871711534, 0.000103400168882, 4.51864761999e-05, 3.34959877364e-05, 1.49054776557e-05, 3.82222935968e-07, 3.84870912917e-10]
        dmean2: [4.3235540943e-06, 0.0001775475248, 0.000396748800995, 0.000473244901514, 0.000837627972942, 0.000163062068168, 0.000104632708826, 0.00016532970767, 5.57881576242e-05, 2.09800928133e-05, 2.07083285204e-05, 1.56530513777e-05, 2.55773120443e-05, 2.2084936063e-05, 4.98681802128e-05, 9.85674996627e-05, 0.000586314708926, 0.000681193021592, 0.00052420567954, 0.000660001882352, 0.000410771201132, 0.00015420364798, 6.63040118525e-05, 5.06796604895e-05, 2.08274232136e-05, 5.2928913874e-07, 5.37417499391e-10]
        dvar: [2.38766818816e-11, 4.70920795692e-08, 2.17120486923e-07, 2.06289783478e-07, 1.07010657757e-06, 3.0886219804e-08, 1.61300359736e-08, 4.6474330162e-08, 2.56464005588e-09, 3.75306119516e-10, 1.10608200377e-09, 9.26531795731e-10, 4.14417389294e-09, 1.63827718058e-09, 3.34034955252e-09, 1.52111176988e-08, 5.95599601638e-07, 5.73949932914e-07, 2.59473665665e-07, 4.13983570979e-07, 1.17402287003e-07, 1.21872121284e-08, 2.83306755833e-09, 2.17413997916e-09, 2.83269491197e-10, 2.11641021006e-13, 1.56590947872e-17]
        dvar2: [4.31538971224e-11, 1.07640900637e-07, 6.05707271006e-07, 5.99368604526e-07, 1.84160433037e-06, 6.36137116317e-08, 4.30996323075e-08, 1.41606804505e-07, 6.57950360861e-09, 8.81452411061e-10, 2.79694378769e-09, 2.20101736836e-09, 7.41287475847e-09, 4.51136994428e-09, 8.42474712215e-09, 3.84973937173e-08, 1.63710092238e-06, 1.45609669744e-06, 4.9856618034e-07, 9.44570103911e-07, 2.35458202269e-07, 2.59590748897e-08, 6.31250696159e-09, 4.7722834573e-09, 5.55523516077e-10, 3.85537955727e-13, 1.63549704036e-17]
        max: [3.63384679076e-05, 0.0014026532881, 0.00283164344728, 0.00204823724926, 0.00728030363098, 0.00126555608585, 0.00146192777902, 0.00128256971948, 0.000412094581407, 0.00013706824393, 0.000315136829158, 0.000302278029267, 0.000707518658601, 0.000403113343054, 0.000330398150254, 0.000698206946254, 0.00365423434414, 0.00380374025553, 0.00267390604131, 0.00387151679024, 0.00190459948499, 0.000564229732845, 0.000323173560901, 0.000304994697217, 0.000114467336971, 3.26577378473e-06, 8.30243678251e-08]
        mean: [4.25477082899e-06, 0.000131108768983, 0.000155662506586, 0.000192403458641, 0.000502628390677, 0.000107626801764, 9.00529266801e-05, 8.24099042802e-05, 3.81219215342e-05, 1.65231303981e-05, 1.13482674351e-05, 1.03984484667e-05, 1.80177084985e-05, 1.17855170174e-05, 2.45320552494e-05, 4.59586735815e-05, 0.000203419636819, 0.000291109812679, 0.000343401130522, 0.000425884180004, 0.000270851858659, 0.000107748652226, 4.12121262343e-05, 3.21220213664e-05, 1.49675806824e-05, 3.99825040631e-07, 3.66618874148e-10]
        min: [2.08911465904e-09, 3.51794895437e-08, 5.4900425539e-08, 4.78215476107e-08, 4.13067112959e-07, 3.38935812749e-08, 1.71190315257e-08, 1.52648436114e-08, 3.70725992127e-08, 3.13115200434e-09, 4.08540890007e-09, 6.0441553984e-09, 4.35396829701e-09, 2.85135226541e-09, 4.44128929189e-08, 1.94288674038e-08, 3.48097941583e-08, 1.73915452706e-07, 3.22284165577e-07, 3.6018730043e-07, 3.1261129152e-07, 3.11837908384e-07, 8.40785361333e-08, 3.24339701763e-08, 1.26052190907e-08, 2.65676203259e-10, 9.44301711478e-13]
        var: [5.04609617979e-11, 5.76660781348e-08, 1.39352266615e-07, 1.40798164239e-07, 1.43461750213e-06, 4.03633926283e-08, 2.51972434029e-08, 4.53355326613e-08, 3.50294926399e-09, 4.9181919648e-10, 9.88008563851e-10, 1.10071052273e-09, 5.86831561122e-09, 1.40811839966e-09, 2.77545209038e-09, 1.21766499106e-08, 3.79324063715e-07, 4.46210691507e-07, 3.46968931808e-07, 5.1110265531e-07, 1.595815462e-07, 1.78170243004e-08, 3.7381995277e-09, 2.67438271528e-09, 4.63026450515e-10, 3.68255285207e-13, 1.59840775062e-17]
    mfcc:
        mean: [-776.118591309, 50.5801734924, 11.3791275024, 64.9972076416, -13.1870946884, -10.4550485611, -3.10449576378, -3.24258828163, -2.47265982628, -1.15991330147, -4.01923513412, -6.65265798569, -6.24750375748]
        cov: [[8871.41210938, -1245.37585449, -690.094482422, -5.92550182343, 84.7916946411, -386.408721924, -58.4873352051, -258.067962646, -300.180053711, -432.739074707, -197.769851685, 117.925956726, -31.9615058899], [-1245.37585449, 1817.63720703, -20.1227016449, -301.793182373, 34.2799224854, 135.382293701, -28.943315506, 62.4688949585, 19.7116355896, 48.2253913879, 42.4582901001, 20.132598877, -47.0029144287], [-690.094482422, -20.1227016449, 632.573547363, 208.967330933, -36.5476875305, 129.069793701, 136.474151611, -2.19284415245, 22.6258335114, 68.9269104004, 59.6970748901, -26.8643531799, 18.8764247894], [-5.92550182343, -301.793182373, 208.967330933, 365.439453125, 200.363739014, 96.8151168823, 110.201583862, 82.259147644, 78.9018249512, 9.31775474548, 22.5845012665, 21.4110012054, 52.3913116455], [84.7916946411, 34.2799224854, -36.5476875305, 200.363739014, 349.668426514, 194.492416382, 111.629554749, 145.464050293, 90.2497634888, -13.76288414, 19.3802013397, 59.7708587646, 41.2042541504], [-386.408721924, 135.382293701, 129.069793701, 96.8151168823, 194.492416382, 303.350341797, 188.253372192, 102.407249451, 47.9607009888, 29.0793247223, 65.3350372314, 35.0299263, 31.7848587036], [-58.4873352051, -28.943315506, 136.474151611, 110.201583862, 111.629554749, 188.253372192, 223.061050415, 75.6519699097, 30.6912822723, 39.9478988647, 38.7469215393, 15.1131219864, 22.0367050171], [-258.067962646, 62.4688949585, -2.19284415245, 82.259147644, 145.464050293, 102.407249451, 75.6519699097, 159.769363403, 98.0573577881, 15.3301563263, 18.372177124, 6.60285377502, 10.3596010208], [-300.180053711, 19.7116355896, 22.6258335114, 78.9018249512, 90.2497634888, 47.9607009888, 30.6912822723, 98.0573577881, 127.340927124, 41.5017089844, 8.56164741516, 1.87695991993, 5.23267698288], [-432.739074707, 48.2253913879, 68.9269104004, 9.31775474548, -13.76288414, 29.0793247223, 39.9478988647, 15.3301563263, 41.5017089844, 97.6471710205, 20.5658416748, -4.37506008148, 15.1448087692], [-197.769851685, 42.4582901001, 59.6970748901, 22.5845012665, 19.3802013397, 65.3350372314, 38.7469215393, 18.372177124, 8.56164741516, 20.5658416748, 71.992729187, 16.2600288391, 16.0670661926], [117.925956726, 20.132598877, -26.8643531799, 21.4110012054, 59.7708587646, 35.0299263, 15.1131219864, 6.60285377502, 1.87695991993, -4.37506008148, 16.2600288391, 77.1534500122, 28.2075004578], [-31.9615058899, -47.0029144287, 18.8764247894, 52.3913116455, 41.2042541504, 31.7848587036, 22.0367050171, 10.3596010208, 5.23267698288, 15.1448087692, 16.0670661926, 28.2075004578, 72.6852493286]]
        icov: [[0.000210082391277, 9.82625424513e-05, 6.8708199251e-05, 0.000197685571038, -0.000397947238525, 0.000579730898608, -0.000639030477032, 0.000438283575932, -2.53671005339e-05, 0.000769077276345, 4.18425806856e-05, -0.000214887564653, 1.46619222505e-05], [9.82625424513e-05, 0.000923098588828, -0.000537378073204, 0.00159740517847, -0.00116349535529, 0.000121739998576, 0.000275686121313, -0.000249147095019, 0.000154602443217, -0.000164500903338, -0.000195699103642, -0.000317437021295, 0.000376151292585], [6.8708199251e-05, -0.000537378073204, 0.00408849399537, -0.00451061036438, 0.00416408898309, -0.00273000006564, -0.000364138541045, 0.000881339772604, -6.34975804132e-05, -0.000471517560072, -0.000260694767348, 0.000511322461534, 0.000652204675134], [0.000197685571038, 0.00159740517847, -0.00451061036438, 0.0118200192228, -0.00925970543176, 0.0058273919858, -0.00315233296715, 0.00173814815935, -0.00304068531841, 0.00232378090732, -0.00177140254527, 0.00115420320071, -0.00314124836586], [-0.000397947238525, -0.00116349535529, 0.00416408898309, -0.00925970543176, 0.0159164983779, -0.00960501562804, 0.00324846873991, -0.005228550639, -0.000571721233428, 0.000562133500353, 0.00383401056752, -0.00408633286133, 0.000265628274065], [0.000579730898608, 0.000121739998576, -0.00273000006564, 0.0058273919858, -0.00960501562804, 0.0160388201475, -0.00970742572099, 0.0017133570509, -0.000578894978389, 0.00317708402872, -0.00581714883447, 0.0004036417522, -0.00151864893269], [-0.000639030477032, 0.000275686121313, -0.000364138541045, -0.00315233296715, 0.00324846873991, -0.00970742572099, 0.0147901177406, -0.00592048373073, 0.00489188963547, -0.0069859768264, 0.00195787521079, -0.000460702140117, 0.00187672907487], [0.000438283575932, -0.000249147095019, 0.000881339772604, 0.00173814815935, -0.005228550639, 0.0017133570509, -0.00592048373073, 0.0203368309885, -0.0130208451301, 0.00573898665607, -0.00267155328766, 0.0036350316368, -0.00141747784801], [-2.53671005339e-05, 0.000154602443217, -6.34975804132e-05, -0.00304068531841, -0.000571721233428, -0.000578894978389, 0.00489188963547, -0.0130208451301, 0.0221932679415, -0.0102054225281, 0.00191581703257, -0.00124220189173, 0.00383425760083], [0.000769077276345, -0.000164500903338, -0.000471517560072, 0.00232378090732, 0.000562133500353, 0.00317708402872, -0.0069859768264, 0.00573898665607, -0.0102054225281, 0.0206448100507, -0.00262107071467, 0.00087781395996, -0.00505681335926], [4.18425806856e-05, -0.000195699103642, -0.000260694767348, -0.00177140254527, 0.00383401056752, -0.00581714883447, 0.00195787521079, -0.00267155328766, 0.00191581703257, -0.00262107071467, 0.0204828865826, -0.00420864159241, -0.00109234044794], [-0.000214887564653, -0.000317437021295, 0.000511322461534, 0.00115420320071, -0.00408633286133, 0.0004036417522, -0.000460702140117, 0.0036350316368, -0.00124220189173, 0.00087781395996, -0.00420864159241, 0.0191944018006, -0.00611501187086], [1.46619222505e-05, 0.000376151292585, 0.000652204675134, -0.00314124836586, 0.000265628274065, -0.00151864893269, 0.00187672907487, -0.00141747784801, 0.00383425760083, -0.00505681335926, -0.00109234044794, -0.00611501187086, 0.0196411963552]]
    spectral_contrast:
        mean: [-2.15850747054e-07, -2.38020987808e-07, 1.85023111499e-07, -1.46556899949e-07, 5.27245269666e-09, 1.61388911124e-07, -2.15496379496e-06, -2.72495913123e-06, -6.52110747978e-06, 1.41353586969e-06, -3.18158799928e-06, -1.70709915892e-06]
        var: [0.000255293183727, 0.000853614823427, 0.00100090261549, 0.00260036229156, 0.00547312991694, 0.00757964840159, 0.0412825159729, 0.0882234498858, 0.220652267337, 0.5695322752, 0.830769181252, 5.01064348221]

rhythm:
    beats_loudness:
        dmean: 0.0031812384259
        dmean2: 0.00595333240926
        dvar: 7.61378714742e-06
        dvar2: 1.87129789992e-05
        max: 0.0119926203042
        mean: 0.00566527852789
        min: 0.000203140181839
        var: 9.60469242273e-06
    beats_loudness_bass:
        dmean: 0.176647976041
        dmean2: 0.317032396793
        dvar: 0.0183902885765
        dvar2: 0.0534316264093
        max: 0.572307407856
        mean: 0.140229061246
        min: 0.00121043459512
        var: 0.0212769117206
    bpm: 147.647247314
    bpm_confidence: 0
    first_peak_bpm: 148
    first_peak_spread: 0
    first_peak_weight: 0.956521749496
    onset_rate: 7.39637708664
    second_peak_bpm: 135
    second_peak_spread: 0
    second_peak_weight: 0.0434782616794
    beats_position: [0.409628689289, 0.815778374672, 1.22192811966, 1.62807786465, 2.03422760963, 2.44037723541, 2.84652709961, 3.25267672539, 3.65882635117, 4.06497621536, 4.47112607956, 4.87727546692, 5.28342533112, 5.68957519531, 6.13269138336, 6.53925848007, 6.94582557678, 7.35239219666, 7.7589597702, 8.16552639008, 8.57209300995, 8.9786605835, 9.38522720337, 9.79179382324]
    bpm_estimates: [147.880828857, 147.709823608, 147.718795776, 147.689407349, 147.710357666, 147.663757324, 147.814605713, 147.647994995, 147.264953613, 147.598770142, 147.530914307, 147.600494385, 147.583511353]
    bpm_intervals: [0.406149685383, 0.406149744987, 0.406149744987, 0.406149744987, 0.406149625778, 0.406149864197, 0.406149625778, 0.406149625778, 0.406149864197, 0.406149864197, 0.40614938736, 0.406149864197, 0.406149864197, 0.443116188049, 0.40656709671, 0.40656709671, 0.406566619873, 0.406567573547, 0.406566619873, 0.406566619873, 0.406567573547, 0.406566619873, 0.406566619873]
    onset_times: [0.0348299331963, 0.139319732785, 0.27863946557, 0.394739240408, 0.53405892849, 0.684988677502, 0.801088452339, 0.952018141747, 1.07972788811, 1.2190476656, 1.35836732388, 1.49768710136, 1.62539684772, 1.764716506, 1.90403628349, 2.03174614906, 2.17106580734, 2.31038546562, 2.4497051239, 2.5890250206, 2.71673464775, 2.85605430603, 2.99537420273, 3.14630389214, 3.26240372658, 3.40172338486, 3.52943301201, 3.68036270142, 3.81968259811, 3.94739222527, 4.07510185242, 4.22603178024, 4.35374164581, 4.49306106567, 4.6439909935, 4.77170085907, 4.8994102478, 5.05034017563, 5.16644001007, 5.30575942993, 5.44507932663, 5.58439922333, 5.71210861206, 5.86303853989, 6.00235843658, 6.13006782532, 6.28099775314, 6.40870761871, 6.52480745316, 6.68734693527, 6.82666683197, 6.94276666641, 7.08208608627, 7.2330160141, 7.34911584854, 7.50004529953, 7.61614513397, 7.7670750618, 7.90639448166, 8.03410434723, 8.18503379822, 8.3011341095, 8.45206356049, 8.59138298035, 8.70748329163, 8.85841274261, 9.0093421936, 9.12544250488, 9.26476192474, 9.41569137573, 9.53179168701, 9.682721138, 9.79882049561, 9.93814086914]
    rubato_start: []
    rubato_stop: []
    perceptual_tempo: "unknown"

sfx:
    inharmonicity:
        dmean: 0.061338044703
        dmean2: 0.104583524168
        dvar: 0.00439020385966
        dvar2: 0.0120629100129
        max: 0.374778717756
        mean: 0.0648037344217
        min: 0
        var: 0.00482704956084
    oddtoevenharmonicenergyratio:
        dmean: 4.04391479492
        dmean2: 7.7952709198
        dvar: 133.748687744
        dvar2: 390.231109619
        max: 119.276412964
        mean: 2.44617486
        min: 0
        var: 73.4516296387
    pitch_after_max_to_before_max_energy_ratio: 1.90920364857
    pitch_centroid: 212.541229248
    pitch_max_to_total: 0.313225060701
    pitch_min_to_total: 0.153132244945
    tristimulus:
        dmean: [0.242209479213, 0.31021335721, 0.218314290047]
        dmean2: [0.412475168705, 0.546364784241, 0.391321778297]
        dvar: [0.0462361127138, 0.0567098036408, 0.0390450768173]
        dvar2: [0.118737131357, 0.162247493863, 0.102150268853]
        max: [1, 0.99433863163, 0.903511583805]
        mean: [0.32854154706, 0.385020643473, 0.195189461112]
        min: [0.00566143775359, 0, 0]
        var: [0.0773933157325, 0.083624958992, 0.0500014647841]

tonal:
    chords_changes_rate: 0.0829493105412
    chords_number_rate: 0.0322580635548
    chords_strength:
        dmean: 0.0154468817636
        dmean2: 0.0214840993285
        dvar: 0.000129356209072
        dvar2: 0.00029902276583
        max: 0.540104568005
        mean: 0.403552949429
        min: 0.236631736159
        var: 0.00397576345131
    key_strength: 0.464188426733
    tuning_diatonic_strength: 0.328697830439
    tuning_equal_tempered_deviation: 0.195423945785
    tuning_frequency: 440.763122559
    tuning_nontempered_energy_ratio: 0.844830513
    hpcp:
        dmean: [0.243639782071, 0.2652348876, 0.271537601948, 0.289451539516, 0.268123775721, 0.289906710386, 0.306817114353, 0.217908486724, 0.223646178842, 0.231314375997, 0.258359402418, 0.239855110645, 0.21695651114, 0.242038056254, 0.224632441998, 0.216923490167, 0.212123215199, 0.210581228137, 0.207649409771, 0.159519761801, 0.17621986568, 0.244461461902, 0.212919577956, 0.130017146468, 0.126373618841, 0.226805225015, 0.295066863298, 0.232823073864, 0.24350976944, 0.262709915638, 0.27500385046, 0.280327439308, 0.214376866817, 0.20306225121, 0.221601516008, 0.22821816802]
        dmean2: [0.416691094637, 0.451263636351, 0.488529354334, 0.528567314148, 0.483128666878, 0.507589519024, 0.534080028534, 0.384724527597, 0.387193381786, 0.384526640177, 0.418074250221, 0.412729144096, 0.362312883139, 0.412267655134, 0.383735358715, 0.3861374259, 0.383946686983, 0.38249745965, 0.372754096985, 0.270041704178, 0.316183120012, 0.437400281429, 0.37849393487, 0.218759968877, 0.225501790643, 0.400896787643, 0.527467727661, 0.401926517487, 0.444906204939, 0.476075708866, 0.467954516411, 0.507517933846, 0.396500945091, 0.370291590691, 0.399981170893, 0.392707616091]
        dvar: [0.0456981696188, 0.0560433417559, 0.0765551924706, 0.0724506154656, 0.0697749480605, 0.0686805918813, 0.0773321539164, 0.0442842170596, 0.052099943161, 0.0446022413671, 0.059154227376, 0.0577986724675, 0.0280546862632, 0.0388704799116, 0.029274681583, 0.0356130637228, 0.0325643904507, 0.0348880141973, 0.0488441027701, 0.033538300544, 0.0449700094759, 0.0932499915361, 0.0675842761993, 0.0244340915233, 0.0246614497155, 0.05911700055, 0.0756753012538, 0.0388668775558, 0.0511394329369, 0.0660738125443, 0.0640921741724, 0.0724382549524, 0.0518372096121, 0.0684230402112, 0.0509446375072, 0.0356058180332]
        dvar2: [0.125507742167, 0.15931430459, 0.20257589221, 0.211303070188, 0.200949594378, 0.18911883235, 0.195483669639, 0.0986576154828, 0.132637545466, 0.110023215413, 0.158150345087, 0.144284844398, 0.0789352804422, 0.119134142995, 0.0895110964775, 0.103228792548, 0.0955381020904, 0.0996230989695, 0.127235814929, 0.0828583538532, 0.111419714987, 0.24495176971, 0.172108501196, 0.0650403499603, 0.0694973543286, 0.168933346868, 0.199617430568, 0.122332923114, 0.146635606885, 0.194473728538, 0.165726065636, 0.188800990582, 0.156678751111, 0.198731616139, 0.13518024981, 0.0918091982603]
        max: [1, 1, 1, 1, 1, 1, 1, 1, 1, 1, 1, 1, 1, 1, 1, 1, 1, 0.911784052849, 1, 0.923819184303, 0.939249277115, 1, 1, 1, 1, 1, 1, 1, 1, 1, 1, 1, 1, 1, 1, 1]
        mean: [0.375820189714, 0.305024802685, 0.252859920263, 0.248437285423, 0.255035400391, 0.308311700821, 0.34226757288, 0.265303879976, 0.256225168705, 0.297889560461, 0.294353365898, 0.264121025801, 0.237985879183, 0.248198479414, 0.251880884171, 0.264699578285, 0.246033087373, 0.225738808513, 0.1929859519, 0.139987885952, 0.139936581254, 0.170525982976, 0.156219214201, 0.11526338011, 0.110871978104, 0.18530498445, 0.268228471279, 0.250630319118, 0.225394070148, 0.244540974498, 0.305203288794, 0.29144987464, 0.198634237051, 0.184007525444, 0.231999024749, 0.332498162985]
        min: [0.00183440861292, 0.00197457242757, 0.00172255316284, 0.00215644435957, 0.00249638687819, 0.00215939967893, 0.00497368397191, 0.00251216744073, 0.00675484118983, 0.00329408352263, 0.00286367745139, 0.00365680851974, 0.00223081326112, 0.00239734817296, 0.00374000938609, 0.00382367568091, 0.00379523611628, 0.00368276750669, 0.00226846523583, 0.000975938979536, 0.000674542505294, 0.000204211290111, 0.00146966765169, 0.0010493065929, 0.00184871570673, 0.00119417556562, 0.0015579671599, 0.00191369955428, 0.00202511809766, 0.00119990971871, 0.00199251295999, 0.00218623224646, 0.00333472387865, 0.00322586949915, 0.00284975487739, 0.00230668927543]
        var: [0.0984505340457, 0.07708132267, 0.080583140254, 0.0694834515452, 0.0650163814425, 0.0805706754327, 0.105506636202, 0.0594785660505, 0.0685994401574, 0.0726268738508, 0.0813688263297, 0.0701863244176, 0.0438563376665, 0.0500610545278, 0.0427866056561, 0.0440916866064, 0.0376816056669, 0.038919147104, 0.0493579208851, 0.0356783904135, 0.0398696959019, 0.0728746429086, 0.0552044734359, 0.0248209126294, 0.0227169152349, 0.0535773001611, 0.0824314951897, 0.0521173290908, 0.0512868762016, 0.0622041895986, 0.0785686299205, 0.0751992538571, 0.0443066097796, 0.0582871213555, 0.0539388619363, 0.0683803111315]
    chords_histogram: [3.68663597107, 18.4331798553, 0, 16.129032135, 0, 0, 0, 0, 0, 0, 0, 18.4331798553, 0, 11.9815664291, 0, 0, 0, 0, 0, 0, 13.3640556335, 17.9723510742, 0, 0]
    thpcp: [1, 0.811624288559, 0.672821521759, 0.661053597927, 0.678610146046, 0.820370256901, 0.910721600056, 0.70593303442, 0.681775927544, 0.792638540268, 0.783229231834, 0.702785611153, 0.633243978024, 0.660418152809, 0.670216500759, 0.704325079918, 0.654656410217, 0.60065639019, 0.513506054878, 0.372486323118, 0.372349828482, 0.453743547201, 0.41567543149, 0.306698203087, 0.29501336813, 0.493068188429, 0.713714897633, 0.666888892651, 0.599739134312, 0.650686085224, 0.812099218369, 0.775503516197, 0.528535306454, 0.489615857601, 0.617313921452, 0.884726703167]
    chords_key: "B"
    chords_scale: "minor"
    key_key: "G"
    key_scale: "major"
    chords_progression: ["F", "F", "F", "F", "F", "F", "F", "F", "F", "F", "F", "F", "F", "F", "F", "F", "F", "F", "F", "F", "F", "F", "F", "F", "F", "F", "F", "F", "F", "Fm", "Fm", "Fm", "Fm", "Fm", "Fm", "Fm", "Fm", "Fm", "Fm", "Fm", "Fm", "Fm", "Am", "Am", "Am", "Am", "Am", "Am", "Am", "Am", "Am", "Am", "Am", "Am", "Am", "Am", "Am", "Am", "Am", "Am", "Am", "Am", "Am", "Am", "Am", "Am", "Am", "Am", "Am", "Am", "Am", "Am", "Am", "Am", "Fm", "Fm", "Fm", "Fm", "Fm", "F#m", "F#m", "F#m", "Bm", "Bm", "Bm", "Bm", "Bm", "Bm", "Bm", "G", "Bm", "Bm", "Bm", "Bm", "Bm", "Bm", "Bm", "Bm", "Bm", "Bm", "Bm", "Bm", "Bm", "Bm", "Bm", "Bm", "Bm", "Bm", "Bm", "Bm", "Bm", "Bm", "Bm", "G", "Bm", "Bm", "G", "G", "G", "G", "Bm", "Bm", "Bm", "Bm", "G", "G", "Am", "Am", "Am", "Am", "Am", "Am", "Am", "F#m", "F#m", "F#m", "F#m", "F#m", "F#m", "F#m", "F#m", "F#m", "F#m", "F#m", "F#m", "F#m", "F#m", "F#m", "F#m", "F#m", "F#m", "F#m", "F#m", "F#m", "F#m", "F#m", "F#m", "F#m", "F#m", "F#m", "F#m", "F#m", "F#m", "F#m", "F#m", "Fm", "Fm", "Fm", "Fm", "Fm", "Fm", "Fm", "Fm", "A#m", "A#m", "Bm", "Bm", "Bm", "Bm", "A#m", "A#m", "A#m", "A#m", "A#m", "A#m", "A#m", "A#m", "A#m", "A#m", "A#m", "A#m", "A#m", "A#m", "A#m", "A#m", "A#m", "A#m", "A#m", "A#m", "A#m", "A#m", "A#m", "A#m", "A#m", "A#m", "A#m", "A#m", "A#m", "A#m", "A#m", "A#m", "A#m", "A#m", "A#m", "A#m", "A#m", "A#m"]
