
metadata:
    version:
        essentia: "1.2.2"
    audio_properties:
        analysis_sample_rate: 44100
        bitrate: 128
        channels: 2
        equal_loudness: 1
        length: 10.0310201645
        replay_gain: -5.665184021
        downmix: "mix"
    tags:
        track: 5
        year: 0
        album: "Splitted by Mp3Splt v. 2.1"
        artist: "From 000.40 To 000.50"
        comment: "http://mp3splt.sf.net"
        genre: ""
        title: "09 Alfie.mp3"

highlevel:
    ballroom:
        all:
            ChaChaCha: 0.000208114404813
            Jive: 0.000205266449484
            Quickstep: 0.000866769114509
            Rumba-American: 0.00218184082769
            Rumba-International: 0.0465490035713
            Rumba-Misc: 0.11437292397
            Samba: 0.000264584639808
            Tango: 0.00836855079979
            VienneseWaltz: 0.0325601100922
            Waltz: 0.794422805309
        probability: 0.794422805309
        value: "Waltz"
    culture:
        all:
            non_western: 0.07910040766
            western: 0.920899569988
        probability: 0.920899569988
        value: "western"
    gender:
        all:
            female: 0.633773446083
            male: 0.366226553917
        probability: 0.633773446083
        value: "female"
    genre_dortmund:
        all:
            alternative: 0.0625978633761
            blues: 0.0121316974983
            electronic: 0.0599043108523
            folkcountry: 0.132752224803
            funksoulrnb: 0.0107234828174
            jazz: 0.634856700897
            pop: 0.0684415474534
            raphiphop: 0.00133283704054
            rock: 0.0172593183815
        probability: 0.634856700897
        value: "jazz"
    genre_electronica:
        all:
            ambient: 0.953696906567
            dnb: 0.00296525354497
            house: 0.0357212610543
            techno: 0.00279348343611
            trance: 0.00482310215011
        probability: 0.953696906567
        value: "ambient"
    genre_rosamerica:
        all:
            cla: 0.343850553036
            dan: 0.00627045473084
            hip: 0.0109979566187
            jaz: 0.527269303799
            pop: 0.0139859905466
            rhy: 0.0180200506002
            roc: 0.071967959404
            spe: 0.00763772008941
        probability: 0.527269303799
        value: "jaz"
    genre_tzanetakis:
        all:
            blu: 0.258838951588
            cla: 0.10030631721
            cou: 0.150849848986
            dis: 0.0186120010912
            hip: 0.00952057912946
            jaz: 0.34148901701
            met: 0.0117893200368
            pop: 0.0251355282962
            reg: 0.0135357910767
            roc: 0.0699226111174
        probability: 0.34148901701
        value: "jaz"
    live_studio:
        all:
            live: 0.123876988888
            studio: 0.876123011112
        probability: 0.876123011112
        value: "studio"
    mood:
        all:
            Cluster1: 0.016853377223
            Cluster2: 0.0194551628083
            Cluster3: 0.93158197403
            Cluster4: 0.0256252232939
            Cluster5: 0.00648423517123
        probability: 0.93158197403
        value: "Cluster3"
    mood_acoustic:
        all:
            acoustic: 0.871343672276
            not_acoustic: 0.128656357527
        probability: 0.871343672276
        value: "acoustic"
    mood_aggressive:
        all:
            aggressive: 1.32376035253e-05
            not_aggressive: 0.999986767769
        probability: 0.999986767769
        value: "not_aggressive"
    mood_electronic:
        all:
            electronic: 0.245179951191
            not_electronic: 0.754820048809
        probability: 0.754820048809
        value: "not_electronic"
    mood_happy:
        all:
            happy: 0.0164081193507
            not_happy: 0.983591854572
        probability: 0.983591854572
        value: "not_happy"
    mood_party:
        all:
            not_party: 0.993994891644
            party: 0.00600511813536
        probability: 0.993994891644
        value: "not_party"
    mood_relaxed:
        all:
            not_relaxed: 0.111410528421
            relaxed: 0.888589441776
        probability: 0.888589441776
        value: "relaxed"
    mood_sad:
        all:
            not_sad: 0.0418637283146
            sad: 0.958136260509
        probability: 0.958136260509
        value: "sad"
    rhythm:
        all:
            fast: 0.26971501112
            medium: 0.147616297007
            slow: 0.582668662071
        probability: 0.582668662071
        value: "slow"
    speech_music:
        all:
            music: 0.987378656864
            speech: 0.0126213375479
        probability: 0.987378656864
        value: "music"
    timbre:
        all:
            bright: 0.322055906057
            dark: 0.67794406414
        probability: 0.67794406414
        value: "dark"
    voice_instrumental:
        all:
            instrumental: 0.98965549469
            voice: 0.0103445183486
        probability: 0.98965549469
        value: "instrumental"

lowlevel:
    average_loudness: 0.656004846096
    barkbands_kurtosis:
        dmean: 5.89824914932
        dmean2: 9.27581119537
        dvar: 48.7245445251
        dvar2: 121.227905273
        max: 78.6912384033
        mean: 16.2698860168
        min: -1.6200504303
        var: 210.621459961
    barkbands_skewness:
        dmean: 0.572976768017
        dmean2: 0.864212691784
        dvar: 0.287836939096
        dvar2: 0.61660861969
        max: 7.06358861923
        mean: 2.5062186718
        min: -0.121465936303
        var: 2.04636764526
    barkbands_spread:
        dmean: 1.2001837492
        dmean2: 1.83739411831
        dvar: 4.94331455231
        dvar2: 11.6675291061
        max: 35.9197616577
        mean: 5.0083937645
        min: 0.477343976498
        var: 50.3240661621
    dissonance:
        dmean: 0.0447656810284
        dmean2: 0.0765775069594
        dvar: 0.00133896328043
        dvar2: 0.00341399223544
        max: 0.493170291185
        mean: 0.351683884859
        min: 0.188040107489
        var: 0.00410021888092
    hfc:
        dmean: 0.214424386621
        dmean2: 0.278128862381
        dvar: 0.414222449064
        dvar2: 0.663631975651
        max: 17.2381057739
        mean: 1.15630829334
        min: 0.0413591600955
        var: 6.47825860977
    pitch:
        dmean: 17.3407669067
        dmean2: 33.2271842957
        dvar: 1530.75439453
        dvar2: 4821.04882812
        max: 310.56338501
        mean: 198.315048218
        min: 47.9869422913
        var: 2272.89526367
    pitch_instantaneous_confidence:
        dmean: 0.0627956613898
        dmean2: 0.100791342556
        dvar: 0.00482133962214
        dvar2: 0.0127712264657
        max: 0.915611326694
        mean: 0.709385633469
        min: 0.205244243145
        var: 0.0240265522152
    pitch_salience:
        dmean: 0.0636669620872
        dmean2: 0.104978390038
        dvar: 0.00309994095005
        dvar2: 0.00877247750759
        max: 0.813098013401
        mean: 0.497836858034
        min: 0.177115097642
        var: 0.0176604427397
    silence_rate_20dB:
        dmean: 0
        dmean2: 0
        dvar: 0
        dvar2: 0
        max: 1
        mean: 1
        min: 1
        var: 0
    silence_rate_30dB:
        dmean: 0
        dmean2: 0
        dvar: 0
        dvar2: 0
        max: 1
        mean: 1
        min: 1
        var: 0
    silence_rate_60dB:
        dmean: 0.0232018567622
        dmean2: 0.0465116277337
        dvar: 0.0226635355502
        dvar2: 0.0536504648626
        max: 1
        mean: 0.858796298504
        min: 0
        var: 0.121265649796
    spectral_centroid:
        dmean: 41.3009986877
        dmean2: 62.4767227173
        dvar: 4291.27978516
        dvar2: 9637.42382812
        max: 1384.84558105
        mean: 367.429870605
        min: 188.516769409
        var: 38475.2226562
    spectral_complexity:
        dmean: 0.778554797173
        dmean2: 1.25233650208
        dvar: 1.44046723843
        dvar2: 2.75876379013
        max: 22
        mean: 4.19767427444
        min: 0
        var: 14.730676651
    spectral_crest:
        dmean: 2.28762865067
        dmean2: 3.66472053528
        dvar: 4.48103570938
        dvar2: 11.3059043884
        max: 25.2838115692
        mean: 15.3541822433
        min: 4.76709032059
        var: 26.2225265503
    spectral_decrease:
        dmean: 1.1653060461e-10
        dmean2: 1.85750623216e-10
        dvar: 3.16800965761e-20
        dvar2: 7.38239762022e-20
        max: -2.60039611372e-11
        mean: -5.24599197416e-10
        min: -3.21313287088e-09
        var: 3.52607708086e-19
    spectral_energy:
        dmean: 0.000454267603345
        dmean2: 0.000721149030142
        dvar: 5.06759135988e-07
        dvar2: 1.14841839149e-06
        max: 0.0136906467378
        mean: 0.00208483752795
        min: 0.000101896344859
        var: 6.0146553551e-06
    spectral_energyband_high:
        dmean: 5.86981104789e-06
        dmean2: 7.86082364357e-06
        dvar: 5.81814763034e-10
        dvar2: 1.12266540508e-09
        max: 0.000577208236791
        mean: 1.97091558221e-05
        min: 5.18002103433e-08
        var: 6.03692962287e-09
    spectral_energyband_low:
        dmean: 4.55189365312e-05
        dmean2: 6.67429703753e-05
        dvar: 1.49184415932e-08
        dvar2: 3.23981375061e-08
        max: 0.00136685185134
        mean: 7.76177766966e-05
        min: 6.40211439418e-08
        var: 2.15999342856e-08
    spectral_energyband_middle_high:
        dmean: 5.51439043193e-05
        dmean2: 6.89003354637e-05
        dvar: 4.69808192349e-08
        dvar2: 8.17996195224e-08
        max: 0.0053514461033
        mean: 0.000245320348768
        min: 1.14042165933e-06
        var: 5.92757373852e-07
    spectral_energyband_middle_low:
        dmean: 0.000411775428802
        dmean2: 0.000668091815896
        dvar: 3.85728611718e-07
        dvar2: 9.93665935312e-07
        max: 0.0098045906052
        mean: 0.00174219266046
        min: 8.53922174429e-05
        var: 3.11840744871e-06
    spectral_flatness_db:
        dmean: 0.0245083533227
        dmean2: 0.0379865057766
        dvar: 0.000598387559876
        dvar2: 0.00128439499531
        max: 0.46493345499
        mean: 0.336658358574
        min: 0.162271901965
        var: 0.00297339842655
    spectral_flux:
        dmean: 0.00492620794103
        dmean2: 0.007907663472
        dvar: 3.98254815082e-05
        dvar2: 8.53925521369e-05
        max: 0.0834175422788
        mean: 0.0134879965335
        min: 0.00215262197889
        var: 0.000122402328998
    spectral_kurtosis:
        dmean: 12.5393409729
        dmean2: 20.44465065
        dvar: 121.184288025
        dvar2: 320.432861328
        max: 113.29133606
        mean: 34.2468147278
        min: 1.22464036942
        var: 463.656768799
    spectral_rms:
        dmean: 0.000155445581186
        dmean2: 0.000245888979407
        dvar: 3.32033991413e-08
        dvar2: 7.31720248837e-08
        max: 0.00365468580276
        mean: 0.00127932080068
        min: 0.000315295212204
        var: 3.97326942903e-07
    spectral_rolloff:
        dmean: 80.8122253418
        dmean2: 137.550888062
        dvar: 41343.9335938
        dvar2: 88757.0390625
        max: 3273.046875
        mean: 572.43182373
        min: 193.798828125
        var: 311534.28125
    spectral_skewness:
        dmean: 0.822728991508
        dmean2: 1.31529211998
        dvar: 0.480535924435
        dvar2: 1.14907681942
        max: 8.61685180664
        mean: 4.40467405319
        min: 0.986498475075
        var: 2.56367707253
    spectral_spread:
        dmean: 495952.71875
        dmean2: 734548.125
        dvar: 1.94504543437e+12
        dvar2: 2.2986948608e+12
        max: 27504850
        mean: 2120559.25
        min: 835744.875
        var: 2.37386281779e+12
    spectral_strongpeak:
        dmean: 0.0643479451537
        dmean2: 0.102674104273
        dvar: 0.00521037401631
        dvar2: 0.0110713681206
        max: 0.93458622694
        mean: 0.28595289588
        min: 0.0398743674159
        var: 0.0274175386876
    zerocrossingrate:
        dmean: 0.00249603902921
        dmean2: 0.00307799712755
        dvar: 8.47448882269e-06
        dvar2: 1.04606142486e-05
        max: 0.0810546875
        mean: 0.0194211024791
        min: 0.0048828125
        var: 0.000140496937092
    barkbands:
        dmean: [2.74697797842e-09, 5.38717404197e-06, 4.29712490586e-05, 7.64878714108e-05, 0.000289732299279, 8.41130677145e-05, 8.60420332174e-05, 3.22019295709e-05, 2.11260230571e-05, 9.85405313259e-06, 1.18281068353e-05, 9.56691746978e-06, 1.64614220921e-06, 4.7272133088e-06, 7.01133558323e-06, 1.32142722578e-05, 1.27117209558e-05, 9.45678857533e-06, 9.3191401902e-06, 5.85552015764e-06, 2.120433237e-06, 3.26990146959e-07, 1.00126086977e-07, 3.42035306744e-08, 8.64250448984e-09, 1.49413514894e-09, 1.15090181829e-09]
        dmean2: [4.22607282502e-09, 7.09818368705e-06, 6.29752466921e-05, 0.000126914150314, 0.000469822407467, 0.000129013729747, 0.000117882496852, 4.71570747322e-05, 2.76582977676e-05, 1.39841931741e-05, 1.44013720274e-05, 1.40685333463e-05, 2.53836219599e-06, 6.27370172879e-06, 1.03771108115e-05, 2.06322274607e-05, 1.63968325069e-05, 1.50011346705e-05, 1.12330590127e-05, 8.79713388713e-06, 3.06508877657e-06, 5.26339420048e-07, 1.49599074462e-07, 5.02395494095e-08, 1.34805109298e-08, 1.84485871024e-09, 1.21838383826e-09]
        dvar: [3.31354365587e-16, 1.44384587619e-10, 1.46740619655e-08, 2.09102264392e-08, 2.67716103508e-07, 2.4322883263e-08, 1.67561999831e-08, 9.96394611263e-09, 2.1826127572e-09, 1.54951718123e-09, 1.4048933128e-09, 1.39453182335e-09, 5.58001179984e-11, 3.29987148717e-10, 7.50074002909e-10, 7.20205317606e-09, 3.32034688633e-09, 1.53395651736e-09, 1.78288717123e-09, 9.38069399936e-10, 6.44109487968e-11, 1.17630926701e-12, 1.34902654911e-13, 1.45711503437e-14, 1.44005045451e-15, 4.33765942866e-16, 4.93099118513e-16]
        dvar2: [3.70835682989e-16, 2.62630056591e-10, 3.23166062799e-08, 6.13155179963e-08, 6.68941254389e-07, 5.40186597675e-08, 3.04652267857e-08, 2.10715853655e-08, 4.55325244175e-09, 3.8111336309e-09, 2.42021491736e-09, 2.42981479381e-09, 1.42907879974e-10, 5.34451594092e-10, 1.75838976713e-09, 1.80057231347e-08, 6.85236267728e-09, 3.46640871562e-09, 2.17370299538e-09, 1.66221159059e-09, 1.29471613985e-10, 2.85175941021e-12, 2.4224136694e-13, 2.91478335066e-14, 3.12143330118e-15, 4.406350889e-16, 4.94128634121e-16]
        max: [3.67440264881e-07, 0.000148519000504, 0.00134965730831, 0.00133338710293, 0.00814189389348, 0.00180666497909, 0.00242468551733, 0.00143348041456, 0.000678853364661, 0.000584103283472, 0.000673350412399, 0.000738550443202, 0.000149144645547, 0.000406477163779, 0.000442624324933, 0.00164274626877, 0.00136851065326, 0.000807597825769, 0.00116027961485, 0.000763214949984, 0.000146030623, 1.43267179737e-05, 8.30784847494e-06, 1.99956480174e-06, 4.36674923776e-07, 4.30309512467e-07, 4.60570589667e-07]
        mean: [2.67630650974e-09, 1.76040193764e-05, 6.00114653935e-05, 0.000138240604429, 0.000995941227302, 0.000216568019823, 0.000273661047686, 6.13355950918e-05, 5.18139750056e-05, 1.83579777513e-05, 2.31829690165e-05, 2.58821219177e-05, 3.64764173355e-06, 1.3081104953e-05, 2.03602867259e-05, 2.19859502977e-05, 4.18055096816e-05, 3.00711635646e-05, 3.95431088691e-05, 2.54044662142e-05, 5.40702649232e-06, 6.4307454295e-07, 2.15492889311e-07, 6.30240180044e-08, 9.33078236898e-09, 1.44605127872e-09, 1.13312004224e-09]
        min: [9.72730489907e-12, 1.76114269834e-08, 2.92956112702e-08, 1.57697797931e-07, 2.22596481763e-05, 1.28203134864e-06, 1.69019972418e-06, 1.70758411855e-07, 4.27532171443e-07, 1.38588802656e-07, 4.89537725912e-08, 1.73617280552e-08, 1.14149019126e-08, 2.03373744512e-08, 8.65858673649e-09, 6.12098194352e-09, 1.25370398507e-08, 1.48905199282e-08, 2.31800534323e-08, 1.96594083235e-08, 1.64718514384e-08, 7.48151762764e-09, 1.93967752971e-09, 7.05203617724e-10, 2.80004630593e-10, 1.16697311536e-11, 3.03247091304e-15]
        var: [3.27182490094e-16, 7.17867876254e-10, 1.96655491891e-08, 5.0329489909e-08, 1.97841973204e-06, 1.09129203452e-07, 1.44213885278e-07, 1.53032200245e-08, 9.86081971632e-09, 2.23435403512e-09, 4.21644941184e-09, 9.2797058926e-09, 1.24787666311e-10, 2.63620769658e-09, 3.75906727967e-09, 1.06654542975e-08, 2.52284255708e-08, 9.93386706227e-09, 2.69861430979e-08, 1.08844622204e-08, 3.66144115027e-10, 4.00662966346e-12, 6.32670619453e-13, 5.75647927763e-14, 1.27441739684e-15, 4.32038339761e-16, 4.92053350461e-16]
    mfcc:
        mean: [-922.596740723, 215.380157471, -11.3463125229, 47.8636550903, -21.6987094879, -12.4704399109, -20.7464199066, -15.9498338699, -8.60067939758, -10.8635196686, -14.9143657684, -8.78595352173, -9.65119934082]
        cov: [[6611.19824219, -1884.34790039, -2091.55102539, 506.304382324, 151.91734314, -196.025985718, -25.1691799164, 95.0443191528, -216.937652588, -82.5465545654, -339.167053223, 152.307601929, 78.2493057251], [-1884.34790039, 1132.43249512, 379.323944092, -260.013244629, 30.2092990875, 25.7944278717, -67.7044067383, -41.1823196411, 92.8246612549, 20.721124649, 75.3299484253, -1.67018556595, 2.49037146568], [-2091.55102539, 379.323944092, 1166.36071777, -1.3302577734, -66.7537918091, 191.493469238, 202.902603149, 63.4733123779, 124.735137939, 144.993774414, 230.909881592, -35.2394371033, -14.2528715134], [506.304382324, -260.013244629, -1.3302577734, 289.240234375, 95.7499084473, 39.4006462097, 65.3945922852, 57.4745140076, 3.66980695724, 40.4200134277, 27.3419723511, 58.233757019, 39.5507278442], [151.91734314, 30.2092990875, -66.7537918091, 95.7499084473, 193.685928345, 63.9072952271, 3.87140107155, 32.2692184448, 13.8551340103, -2.56086993217, -5.6667547226, 45.471622467, 35.4306182861], [-196.025985718, 25.7944278717, 191.493469238, 39.4006462097, 63.9072952271, 169.068878174, 131.028076172, 38.704875946, 26.3046665192, 45.075340271, 32.923248291, -18.4175071716, -4.71648168564], [-25.1691799164, -67.7044067383, 202.902603149, 65.3945922852, 3.87140107155, 131.028076172, 183.948883057, 65.5974578857, 28.4292984009, 65.5222473145, 41.2203521729, -12.1841001511, -7.91337347031], [95.0443191528, -41.1823196411, 63.4733123779, 57.4745140076, 32.2692184448, 38.704875946, 65.5974578857, 85.1865081787, 36.3311500549, 30.6677322388, 29.5528717041, 14.6601953506, 9.29633140564], [-216.937652588, 92.8246612549, 124.735137939, 3.66980695724, 13.8551340103, 26.3046665192, 28.4292984009, 36.3311500549, 71.1684341431, 35.8508644104, 29.4100837708, 4.60150337219, 5.22704076767], [-82.5465545654, 20.721124649, 144.993774414, 40.4200134277, -2.56086993217, 45.075340271, 65.5222473145, 30.6677322388, 35.8508644104, 84.5262985229, 61.3044700623, 6.94176769257, -7.18454504013], [-339.167053223, 75.3299484253, 230.909881592, 27.3419723511, -5.6667547226, 32.923248291, 41.2203521729, 29.5528717041, 29.4100837708, 61.3044700623, 107.835716248, 16.8493652344, -11.7348794937], [152.307601929, -1.67018556595, -35.2394371033, 58.233757019, 45.471622467, -18.4175071716, -12.1841001511, 14.6601953506, 4.60150337219, 6.94176769257, 16.8493652344, 62.9670791626, 26.9325656891], [78.2493057251, 2.49037146568, -14.2528715134, 39.5507278442, 35.4306182861, -4.71648168564, -7.91337347031, 9.29633140564, 5.22704076767, -7.18454504013, -11.7348794937, 26.9325656891, 56.6525650024]]
        icov: [[0.00119092583191, 0.00116401002742, 0.00214784801938, -0.000172104279045, 0.000374687835574, -0.000267569790594, -0.00078575219959, -0.000788613397162, 9.35429052333e-05, -0.00172170239966, 4.65970661025e-05, -0.00125286914408, -0.000894240976777], [0.00116401002742, 0.00296243350022, 0.00157734786626, 0.00190607854165, -0.000894926895853, -0.000335963908583, -0.000195979242562, 0.000384561077226, -0.00155442871619, -0.0019350675866, -0.000548712036107, -0.00210429308936, -0.00144584430382], [0.00214784801938, 0.00157734786626, 0.00661240098998, -0.000912750023417, 0.00207771849819, -0.00181042996701, -0.0030705195386, 0.000276463164482, -0.0025787462946, -0.00101650529541, -0.00566800730303, 0.000142018252518, -0.00379213807173], [-0.000172104279045, 0.00190607854165, -0.000912750023417, 0.00846046581864, -0.00416177185252, 0.00195104803424, -0.00195585750043, -0.000194014195586, 0.00111872539856, -0.00264763459563, -0.0006597986212, -0.00315506430343, -0.00253408867866], [0.000374687835574, -0.000894926895853, 0.00207771849819, -0.00416177185252, 0.0154172880575, -0.0140371620655, 0.0091201402247, -0.00541224423796, -0.000682951067574, 0.00111572886817, 0.0022450259421, -0.00835443474352, -0.00105738313869], [-0.000267569790594, -0.000335963908583, -0.00181042996701, 0.00195104803424, -0.0140371620655, 0.0279734134674, -0.019798701629, 0.00700726965442, -0.000516109750606, 0.000937764707487, -0.00306571810506, 0.0115092331544, -0.000180825853022], [-0.00078575219959, -0.000195979242562, -0.0030705195386, -0.00195585750043, 0.0091201402247, -0.019798701629, 0.0280876327306, -0.0133964195848, 0.00528056081384, -0.00845201686025, 0.00865380372852, -0.0048981802538, 0.00301846652292], [-0.000788613397162, 0.000384561077226, 0.000276463164482, -0.000194014195586, -0.00541224423796, 0.00700726965442, -0.0133964195848, 0.0282012503594, -0.0137245319784, 0.0071824323386, -0.00934739597142, 0.0027580766473, -0.0023235862609], [9.35429052333e-05, -0.00155442871619, -0.0025787462946, 0.00111872539856, -0.000682951067574, -0.000516109750606, 0.00528056081384, -0.0137245319784, 0.0292177218944, -0.012407858856, 0.00765280425549, -0.000826483417768, -0.000408004358178], [-0.00172170239966, -0.0019350675866, -0.00101650529541, -0.00264763459563, 0.00111572886817, 0.000937764707487, -0.00845201686025, 0.0071824323386, -0.012407858856, 0.03429672122, -0.016571931541, 0.00297695328481, 0.00172318180557], [4.65970661025e-05, -0.000548712036107, -0.00566800730303, -0.0006597986212, 0.0022450259421, -0.00306571810506, 0.00865380372852, -0.00934739597142, 0.00765280425549, -0.016571931541, 0.0329807139933, -0.0133912414312, 0.0104677965865], [-0.00125286914408, -0.00210429308936, 0.000142018252518, -0.00315506430343, -0.00835443474352, 0.0115092331544, -0.0048981802538, 0.0027580766473, -0.000826483417768, 0.00297695328481, -0.0133912414312, 0.0377517454326, -0.0111595513299], [-0.000894240976777, -0.00144584430382, -0.00379213807173, -0.00253408867866, -0.00105738313869, -0.000180825853022, 0.00301846652292, -0.0023235862609, -0.000408004358178, 0.00172318180557, 0.0104677965865, -0.0111595513299, 0.0289440583438]]
    spectral_contrast:
        mean: [-3.61734350918e-07, -6.62252659822e-07, -2.48112996815e-07, -6.35465227106e-08, 1.59927580512e-07, -1.61140469856e-08, -3.41340546584e-06, 1.7213267256e-06, -6.85938573497e-07, 5.46422097614e-06, 1.78398090611e-06, 4.55324061477e-06]
        var: [0.000204127994948, 0.000586177513469, 0.00112554291263, 0.00228072470054, 0.0032576166559, 0.00743235973641, 0.035032607615, 0.0986736863852, 0.19447901845, 0.361792564392, 0.600883424282, 2.39594745636]

rhythm:
    beats_loudness:
        dmean: 0.0013263191795
        dmean2: 0.0022207936272
        dvar: 3.42024350175e-06
        dvar2: 5.18788692716e-06
        max: 0.00939648132771
        mean: 0.00206051743589
        min: 0.000142121280078
        var: 5.28962482349e-06
    beats_loudness_bass:
        dmean: 0.167098879814
        dmean2: 0.295455187559
        dvar: 0.0364899523556
        dvar2: 0.0720781981945
        max: 0.626469254494
        mean: 0.134337708354
        min: 0.000686950865202
        var: 0.0362419895828
    bpm: 145.584091187
    bpm_confidence: 0
    first_peak_bpm: 145
    first_peak_spread: 0.409090936184
    first_peak_weight: 0.565217375755
    onset_rate: 4.38639307022
    second_peak_bpm: 90
    second_peak_spread: 0
    second_peak_weight: 0.0434782616794
    beats_position: [0.0557612478733, 0.470083028078, 0.884404838085, 1.29872655869, 1.7130484581, 2.12737035751, 2.54169201851, 2.95601391792, 3.37033581734, 3.78465771675, 4.19897937775, 4.61330127716, 5.02762317657, 5.44194507599, 6.10698604584, 6.516269207, 6.92555189133, 7.33483409882, 7.74411678314, 8.15339946747, 8.56268310547, 8.97196578979, 9.38124752045, 9.79053020477]
    bpm_estimates: [145.696212769, 144.538131714, 143.574035645, 145.471054077, 146.472869873, 145.61126709, 147.72505188]
    bpm_intervals: [0.414321780205, 0.414321810007, 0.4143217206, 0.414321899414, 0.414321899414, 0.414321660995, 0.414321899414, 0.414321899414, 0.414321899414, 0.414321660995, 0.414321899414, 0.414321899414, 0.414321899414, 0.665040969849, 0.409283161163, 0.409282684326, 0.409282207489, 0.409282684326, 0.409282684326, 0.409283638, 0.409282684326, 0.409281730652, 0.409282684326]
    onset_times: [0.0580498874187, 0.220589563251, 0.406349211931, 0.638548731804, 0.789478480816, 0.905578255653, 1.14938771725, 1.25387752056, 1.369977355, 1.4164172411, 1.59056687355, 1.63700675964, 1.99691605568, 2.04335594177, 2.20589566231, 2.48453521729, 2.63546490669, 2.77478456497, 3.01859402657, 3.44816327095, 4.51628112793, 4.9806804657, 5.13160991669, 5.39863967896, 5.47990942001, 5.80498886108, 6.07201814651, 6.29260778427, 6.33904743195, 6.38548755646, 6.51319742203, 6.7570066452, 6.86149644852, 7.11691617966, 7.65097522736, 7.94122457504, 8.44045352936, 8.70748329163, 8.77714252472, 9.16027164459, 9.34603214264, 9.58984088898, 9.99619007111, 10.0310201645]
    rubato_start: []
    rubato_stop: []
    perceptual_tempo: "unknown"

sfx:
    inharmonicity:
        dmean: 0.00989189278334
        dmean2: 0.0177674517035
        dvar: 0.000285712128971
        dvar2: 0.00082713610027
        max: 0.150831773877
        mean: 0.0101908780634
        min: 2.94472511086e-06
        var: 0.000329655711539
    oddtoevenharmonicenergyratio:
        dmean: 1.27278029919
        dmean2: 2.28778553009
        dvar: 13.5995798111
        dvar2: 37.3192253113
        max: 43.5162734985
        mean: 1.14933657646
        min: 4.2707420107e-06
        var: 9.90432167053
    pitch_after_max_to_before_max_energy_ratio: 0.189338892698
    pitch_centroid: 207.653900146
    pitch_max_to_total: 0.839534878731
    pitch_min_to_total: 0.802325606346
    tristimulus:
        dmean: [0.161593958735, 0.165856704116, 0.0127992415801]
        dmean2: [0.292334228754, 0.300383865833, 0.02181516774]
        dvar: [0.0402741804719, 0.0429547280073, 0.000523799390066]
        dvar2: [0.113138139248, 0.122603930533, 0.00162536953576]
        max: [0.993708372116, 0.953423142433, 0.238617762923]
        mean: [0.616152644157, 0.358831316233, 0.020253052935]
        min: [0.00637257285416, 0, 0]
        var: [0.0572466291487, 0.0567927695811, 0.000928452587686]

tonal:
    chords_changes_rate: 0.0462962947786
    chords_number_rate: 0.0277777779847
    chords_strength:
        dmean: 0.00828893110156
        dmean2: 0.00676778657362
        dvar: 5.50060431124e-05
        dvar2: 4.90838028782e-05
        max: 0.540020406246
        mean: 0.460118860006
        min: 0.316612273455
        var: 0.00167167535983
    key_strength: 0.583829641342
    tuning_diatonic_strength: 0.50843834877
    tuning_equal_tempered_deviation: 0.258111476898
    tuning_frequency: 431.443084717
    tuning_nontempered_energy_ratio: 0.986184358597
    hpcp:
        dmean: [0.0990711450577, 0.0675252750516, 0.0681764632463, 0.0296245999634, 0.0268578771502, 0.0545745529234, 0.102550163865, 0.0586665086448, 0.0933216735721, 0.0399626046419, 0.0240467451513, 0.0155734512955, 0.010933900252, 0.0154491346329, 0.022105416283, 0.0412746928632, 0.0542698688805, 0.0366353616118, 0.037565626204, 0.0413193888962, 0.0348734930158, 0.0416298620403, 0.0542601421475, 0.0409273095429, 0.0289738439023, 0.0199864190072, 0.019042769447, 0.0260531585664, 0.0244531743228, 0.0208539832383, 0.0572475157678, 0.072021253407, 0.055300720036, 0.0443434901536, 0.0542130805552, 0.0740803331137]
        dmean2: [0.170686736703, 0.108963608742, 0.112282268703, 0.0505474023521, 0.0400685332716, 0.094582632184, 0.156333252788, 0.10303183645, 0.134987458587, 0.0652316063643, 0.0391326919198, 0.0269519221038, 0.017839923501, 0.0278612840921, 0.0400551334023, 0.061818446964, 0.0887173861265, 0.0621784999967, 0.0555382706225, 0.0655352026224, 0.0560474358499, 0.0652173161507, 0.0799820646644, 0.0678997188807, 0.0515901632607, 0.033933840692, 0.0325990244746, 0.0432045832276, 0.0420899242163, 0.0368826761842, 0.0849046856165, 0.116063199937, 0.0943593680859, 0.0787255391479, 0.0986012369394, 0.132627025247]
        dvar: [0.036104451865, 0.0214599873871, 0.0156854894012, 0.0112164812163, 0.00862362515181, 0.020083591342, 0.030282644555, 0.0224935356528, 0.0254675913602, 0.0123754749075, 0.00621021678671, 0.00373247638345, 0.000766757118981, 0.00682831602171, 0.00882288813591, 0.0149805666879, 0.0177599526942, 0.0103275990114, 0.00857537798584, 0.0150993568823, 0.0097016999498, 0.0123016154394, 0.0140335634351, 0.0123523557559, 0.0142076322809, 0.00818512123078, 0.00329553079791, 0.00955420732498, 0.0108725661412, 0.00327107263729, 0.0232421252877, 0.0418070666492, 0.0250088516623, 0.0238826349378, 0.0312000624835, 0.0326012670994]
        dvar2: [0.0685195848346, 0.0363152325153, 0.0356596522033, 0.0265727359802, 0.0188458971679, 0.0522881187499, 0.068989418447, 0.0664452686906, 0.0549193955958, 0.0235948078334, 0.0142750209197, 0.00966976210475, 0.00192781595979, 0.0203345008194, 0.0280504804105, 0.0354455374181, 0.0380316674709, 0.0210275910795, 0.0208054296672, 0.0357902683318, 0.0243672430515, 0.0282848980278, 0.0264195408672, 0.0343374572694, 0.03506103158, 0.0140396468341, 0.00811467412859, 0.0252593476325, 0.0313624627888, 0.00952395331115, 0.0494207851589, 0.098406046629, 0.0619322732091, 0.0517511330545, 0.0852429419756, 0.0872232690454]
        max: [1, 1, 1, 1, 1, 1, 1, 1, 1, 1, 0.660067141056, 0.650537312031, 0.18017975986, 0.846601366997, 0.967004537582, 1, 1, 1, 0.860882818699, 1, 1, 1, 1, 1, 1, 1, 0.541346251965, 0.804254353046, 1, 0.401507943869, 1, 1, 1, 1, 1, 1]
        mean: [0.334882795811, 0.400408744812, 0.158491641283, 0.0289809871465, 0.0238347761333, 0.0409061908722, 0.187863230705, 0.294235497713, 0.158039540052, 0.0382867641747, 0.0263909939677, 0.0168951246887, 0.0141004985198, 0.0128992460668, 0.0220817681402, 0.0867120102048, 0.127591580153, 0.0809080004692, 0.054969124496, 0.0537246055901, 0.0423929877579, 0.0994602367282, 0.118459098041, 0.0501261502504, 0.0403248481452, 0.0415527522564, 0.0213311146945, 0.0270806122571, 0.0259981062263, 0.0229086242616, 0.0925403907895, 0.121349230409, 0.060855910182, 0.0371378846467, 0.0387778095901, 0.0953535735607]
        min: [4.47437851108e-05, 7.04983976902e-05, 6.71474990668e-05, 7.75496937422e-06, 1.55353518494e-05, 3.37308083544e-05, 4.53454231319e-05, 4.66624223918e-05, 0.000195187109057, 1.22765668493e-05, 6.37186076347e-06, 1.7770606064e-05, 4.32977576565e-05, 2.08571163967e-05, 3.92879119318e-05, 8.36470735521e-06, 8.18210446596e-06, 6.48236382403e-05, 2.63444508164e-05, 1.70956154761e-05, 4.74270746054e-05, 6.66277774144e-05, 9.55626019277e-05, 9.58986056503e-05, 1.09904376586e-05, 5.4921310948e-06, 1.68435253727e-05, 1.9770617655e-05, 6.37879429632e-06, 4.94025662192e-05, 1.51135391206e-05, 1.5215791791e-05, 1.46253360072e-05, 1.40334577736e-05, 7.10193216946e-06, 2.49676031672e-05]
        var: [0.135429695249, 0.180704116821, 0.0439395010471, 0.0110361753032, 0.00988390482962, 0.0153285581619, 0.0752003565431, 0.167854875326, 0.0632858201861, 0.0122233880684, 0.00659953057766, 0.00302656390704, 0.000985224265605, 0.00368966138922, 0.00639388244599, 0.0488687306643, 0.0724572241306, 0.0431111045182, 0.018186500296, 0.0273788310587, 0.0127895176411, 0.0498121194541, 0.0593673326075, 0.0115766162053, 0.023932011798, 0.0257590096444, 0.00383151811548, 0.00749849202111, 0.00687303347513, 0.00256662350148, 0.0524112023413, 0.0834522098303, 0.0270173661411, 0.0216731298715, 0.021055676043, 0.0432001836598]
    chords_histogram: [0, 0, 0.925925910473, 0, 3.70370364189, 0, 0, 0, 0, 0, 0, 0, 0, 0, 0, 0, 0, 17.5925922394, 0, 46.296295166, 4.16666650772, 17.5925922394, 0.925925910473, 8.79629611969]
    thpcp: [1, 0.395824611187, 0.0723785087466, 0.0595261119306, 0.102161079645, 0.469178646803, 0.734837830067, 0.394695520401, 0.0956192016602, 0.0659101307392, 0.0421946942806, 0.0352152623236, 0.0322151966393, 0.0551480650902, 0.216558739543, 0.318653345108, 0.202063515782, 0.137282520533, 0.134174406528, 0.105874277651, 0.248396769166, 0.295845419168, 0.125187456608, 0.100709207356, 0.103775836527, 0.0532733500004, 0.0676324218512, 0.0649289190769, 0.0572130978107, 0.231114804745, 0.303063392639, 0.151984468102, 0.0927499309182, 0.0968455597758, 0.238140583038, 0.836352348328]
    chords_key: "A"
    chords_scale: "minor"
    key_key: "D"
    key_scale: "major"
    chords_progression: ["Bm", "Bm", "Bm", "Bm", "Bm", "Bm", "Bm", "Bm", "Bm", "Bm", "Bm", "Bm", "Bm", "Bm", "Bm", "Bm", "Bm", "Bm", "Bm", "Em", "Em", "Em", "Em", "Em", "Em", "Em", "Em", "Em", "Em", "Em", "Em", "Em", "Em", "Em", "Em", "Em", "Em", "Em", "Em", "Em", "Em", "Em", "Em", "Em", "Em", "Em", "Em", "Em", "Em", "Em", "Em", "Em", "Em", "Em", "Em", "Em", "Em", "E", "E", "E", "E", "E", "E", "E", "E", "Am", "Am", "Am", "Am", "Am", "Am", "Am", "Am", "Am", "Am", "Am", "Am", "Am", "Am", "Am", "Am", "Dm", "Dm", "Dm", "Dm", "Dm", "Dm", "Dm", "Dm", "Dm", "Dm", "Dm", "Dm", "Dm", "Dm", "Dm", "Dm", "Dm", "Dm", "Dm", "Dm", "Dm", "Dm", "Dm", "Dm", "Dm", "Dm", "Dm", "Dm", "Dm", "Dm", "Dm", "Dm", "Dm", "Dm", "Dm", "Dm", "G", "G", "C", "C", "C", "C", "C", "C", "C", "C", "C", "Am", "Am", "Am", "Am", "Am", "Am", "Am", "Am", "Am", "Am", "Am", "Am", "Am", "Am", "Am", "Am", "Am", "Am", "Am", "Am", "Am", "Am", "A", "A", "Am", "Am", "Am", "Am", "Am", "Am", "Am", "Am", "Am", "Am", "Am", "Am", "Am", "Am", "Am", "Am", "Am", "Am", "Am", "Am", "Am", "Am", "Am", "Am", "Am", "Am", "Am", "Am", "Am", "Am", "Am", "Am", "Am", "Am", "Am", "Am", "Am", "Am", "Am", "Am", "Am", "Am", "Am", "Am", "Am", "Am", "Am", "Am", "Am", "Am", "Am", "Am", "Am", "Am", "Am", "Am", "Am", "Am", "Am", "Am", "Am", "Am", "Dm", "Dm"]
