
metadata:
    version:
        essentia: "1.2.2"
    audio_properties:
        analysis_sample_rate: 44100
        bitrate: 128
        channels: 2
        equal_loudness: 1
        length: 9.95265293121
        replay_gain: -10.0141849518
        downmix: "mix"
    tags:
        track: 16
        year: 0
        album: "Splitted by Mp3Splt v. 2.1"
        artist: "From 002.30 To 002.40"
        comment: "http://mp3splt.sf.net"
        genre: ""
        title: "11 Track 11.mp3"

highlevel:
    ballroom:
        all:
            ChaChaCha: 0.0976727977395
            Jive: 0.376686632633
            Quickstep: 0.237448737025
            Rumba-American: 0.00222421763465
            Rumba-International: 0.002955671167
            Rumba-Misc: 0.0019219822716
            Samba: 0.265093207359
            Tango: 0.00321861123666
            VienneseWaltz: 0.0110375378281
            Waltz: 0.00174060591962
        probability: 0.376686632633
        value: "Jive"
    culture:
        all:
            non_western: 0.701650381088
            western: 0.298349618912
        probability: 0.701650381088
        value: "non_western"
    gender:
        all:
            female: 0.346422374249
            male: 0.653577625751
        probability: 0.653577625751
        value: "male"
    genre_dortmund:
        all:
            alternative: 0.048380356282
            blues: 0.0911796912551
            electronic: 0.00753476750106
            folkcountry: 0.210464641452
            funksoulrnb: 0.104424498975
            jazz: 0.0528655052185
            pop: 0.139065727592
            raphiphop: 0.0128927230835
            rock: 0.333192080259
        probability: 0.333192080259
        value: "rock"
    genre_electronica:
        all:
            ambient: 0.281547218561
            dnb: 0.240096107125
            house: 0.0469095744193
            techno: 0.0173916108906
            trance: 0.414055496454
        probability: 0.414055496454
        value: "trance"
    genre_rosamerica:
        all:
            cla: 0.0148876477033
            dan: 0.0389889366925
            hip: 0.0105650182813
            jaz: 0.103319719434
            pop: 0.493137300014
            rhy: 0.25223955512
            roc: 0.0832741633058
            spe: 0.00358765898272
        probability: 0.493137300014
        value: "pop"
    genre_tzanetakis:
        all:
            blu: 0.0154890688136
            cla: 0.00982270762324
            cou: 0.216526553035
            dis: 0.148830249906
            hip: 0.00508362101391
            jaz: 0.0354083590209
            met: 0.00722875492647
            pop: 0.309205681086
            reg: 0.0259302854538
            roc: 0.226474732161
        probability: 0.309205681086
        value: "pop"
    live_studio:
        all:
            live: 0.0302681066096
            studio: 0.969731867313
        probability: 0.969731867313
        value: "studio"
    mood:
        all:
            Cluster1: 0.184509292245
            Cluster2: 0.411954164505
            Cluster3: 0.0857130661607
            Cluster4: 0.260264217854
            Cluster5: 0.0575592443347
        probability: 0.411954164505
        value: "Cluster2"
    mood_acoustic:
        all:
            acoustic: 0.0569041892886
            not_acoustic: 0.943095803261
        probability: 0.943095803261
        value: "not_acoustic"
    mood_aggressive:
        all:
            aggressive: 0.100389942527
            not_aggressive: 0.899610042572
        probability: 0.899610042572
        value: "not_aggressive"
    mood_electronic:
        all:
            electronic: 0.166055187583
            not_electronic: 0.833944797516
        probability: 0.833944797516
        value: "not_electronic"
    mood_happy:
        all:
            happy: 0.984834730625
            not_happy: 0.0151652405038
        probability: 0.984834730625
        value: "happy"
    mood_party:
        all:
            not_party: 0.251103371382
            party: 0.748896658421
        probability: 0.748896658421
        value: "party"
    mood_relaxed:
        all:
            not_relaxed: 0.339506953955
            relaxed: 0.660493016243
        probability: 0.660493016243
        value: "relaxed"
    mood_sad:
        all:
            not_sad: 0.822589635849
            sad: 0.177410334349
        probability: 0.822589635849
        value: "not_sad"
    rhythm:
        all:
            fast: 0.878637909889
            medium: 0.1099210307
            slow: 0.0114410435781
        probability: 0.878637909889
        value: "fast"
    speech_music:
        all:
            music: 0.999056756496
            speech: 0.000943260150962
        probability: 0.999056756496
        value: "music"
    timbre:
        all:
            bright: 0.828480184078
            dark: 0.171519845724
        probability: 0.828480184078
        value: "bright"
    voice_instrumental:
        all:
            instrumental: 0.00898429844528
            voice: 0.991015672684
        probability: 0.991015672684
        value: "voice"

lowlevel:
    average_loudness: 0.939330458641
    barkbands_kurtosis:
        dmean: 0.567767739296
        dmean2: 0.856960356236
        dvar: 0.573471665382
        dvar2: 1.1352045536
        max: 7.77693557739
        mean: -0.294700354338
        min: -1.77482247353
        var: 2.70044708252
    barkbands_skewness:
        dmean: 0.296769857407
        dmean2: 0.446433961391
        dvar: 0.0778354033828
        dvar2: 0.156916648149
        max: 2.60064530373
        mean: -0.292357176542
        min: -2.61724019051
        var: 0.688731014729
    barkbands_spread:
        dmean: 3.81853628159
        dmean2: 5.7905755043
        dvar: 15.0846767426
        dvar2: 33.5369758606
        max: 60.1630630493
        mean: 26.8775367737
        min: 9.36010360718
        var: 80.4058761597
    dissonance:
        dmean: 0.0182331819087
        dmean2: 0.0306163206697
        dvar: 0.000341339444276
        dvar2: 0.000800648529548
        max: 0.498953670263
        mean: 0.460898518562
        min: 0.221145272255
        var: 0.000828176620416
    hfc:
        dmean: 2.2822265625
        dmean2: 3.19750094414
        dvar: 10.8371772766
        dvar2: 22.6752986908
        max: 40.8037757874
        mean: 9.48542404175
        min: 0.373869776726
        var: 61.8560371399
    pitch:
        dmean: 374.916259766
        dmean2: 720.131774902
        dvar: 1026316.25
        dvar2: 2361637.25
        max: 4900
        mean: 735.75982666
        min: 98
        var: 1460123.875
    pitch_instantaneous_confidence:
        dmean: 0.0773357897997
        dmean2: 0.119803853333
        dvar: 0.00516854273155
        dvar2: 0.0108620291576
        max: 0.92438018322
        mean: 0.540958583355
        min: 0.187923073769
        var: 0.0368527434766
    pitch_salience:
        dmean: 0.0491462238133
        dmean2: 0.0791794806719
        dvar: 0.00182759575546
        dvar2: 0.00436411844566
        max: 0.799739181995
        mean: 0.632203996181
        min: 0.401977002621
        var: 0.00620954902843
    silence_rate_20dB:
        dmean: 0
        dmean2: 0
        dvar: 0
        dvar2: 0
        max: 1
        mean: 1
        min: 1
        var: 0
    silence_rate_30dB:
        dmean: 0
        dmean2: 0
        dvar: 0
        dvar2: 0
        max: 1
        mean: 1
        min: 1
        var: 0
    silence_rate_60dB:
        dmean: 0.0934579446912
        dmean2: 0.185011714697
        dvar: 0.0847233831882
        dvar2: 0.169518053532
        max: 1
        mean: 0.463869452477
        min: 0
        var: 0.248694270849
    spectral_centroid:
        dmean: 224.908782959
        dmean2: 339.390075684
        dvar: 58498.9023438
        dvar2: 110777.554688
        max: 4168.21337891
        mean: 2087.79418945
        min: 738.77923584
        var: 433725.375
    spectral_complexity:
        dmean: 2.84976530075
        dmean2: 4.58117628098
        dvar: 11.2732095718
        dvar2: 25.6834220886
        max: 42
        mean: 12.0608901978
        min: 0
        var: 40.193031311
    spectral_crest:
        dmean: 1.77883982658
        dmean2: 2.88017082214
        dvar: 2.61501741409
        dvar2: 5.99539756775
        max: 19.0573291779
        mean: 7.76703071594
        min: 2.94320464134
        var: 10.2732572556
    spectral_decrease:
        dmean: 1.84118498225e-10
        dmean2: 2.6799676367e-10
        dvar: 5.90535289918e-20
        dvar2: 1.25770718338e-19
        max: -9.30827012691e-11
        mean: -9.04193220297e-10
        min: -2.97419866513e-09
        var: 3.41872764891e-19
    spectral_energy:
        dmean: 0.000877421349287
        dmean2: 0.00126000132877
        dvar: 1.39062512972e-06
        dvar2: 2.96588609672e-06
        max: 0.014926334843
        mean: 0.00427299179137
        min: 0.000385226798244
        var: 8.14359827928e-06
    spectral_energyband_high:
        dmean: 0.00029116551741
        dmean2: 0.000449620332802
        dvar: 3.0675298035e-07
        dvar2: 7.34311072392e-07
        max: 0.00531179038808
        mean: 0.000609887239989
        min: 9.56658095674e-06
        var: 6.0377800537e-07
    spectral_energyband_low:
        dmean: 4.71916064271e-05
        dmean2: 8.30577773741e-05
        dvar: 2.37884396626e-08
        dvar2: 6.75694238339e-08
        max: 0.00149828474969
        mean: 8.8054977823e-05
        min: 2.99391558656e-06
        var: 2.94133304379e-08
    spectral_energyband_middle_high:
        dmean: 0.000603615422733
        dmean2: 0.000854425015859
        dvar: 5.62318234643e-07
        dvar2: 1.04481273411e-06
        max: 0.0106657994911
        mean: 0.00249770539813
        min: 0.000103930957266
        var: 5.28197460881e-06
    spectral_energyband_middle_low:
        dmean: 0.00033141442691
        dmean2: 0.000513047096319
        dvar: 2.19122654244e-07
        dvar2: 4.32377504467e-07
        max: 0.00526706874371
        mean: 0.00107733928598
        min: 8.02823051345e-05
        var: 7.43916189094e-07
    spectral_flatness_db:
        dmean: 0.0139170587063
        dmean2: 0.0208238642663
        dvar: 0.000149313360453
        dvar2: 0.000285421148874
        max: 0.257797211409
        mean: 0.146243304014
        min: 0.0786711499095
        var: 0.00117496866733
    spectral_flux:
        dmean: 0.00950994621962
        dmean2: 0.0140974111855
        dvar: 0.000125568651129
        dvar2: 0.00030039990088
        max: 0.0982889086008
        mean: 0.0379503965378
        min: 0.0085860574618
        var: 0.000404562975746
    spectral_kurtosis:
        dmean: 0.770828902721
        dmean2: 1.26009583473
        dvar: 0.529811561108
        dvar2: 1.52374660969
        max: 7.16232204437
        mean: 2.746935606
        min: -0.518315553665
        var: 1.84898257256
    spectral_rms:
        dmean: 0.000207654811675
        dmean2: 0.000294818513794
        dvar: 6.44620712364e-08
        dvar2: 1.21593700442e-07
        max: 0.00381605536677
        mean: 0.00191687990446
        min: 0.000613050593529
        var: 4.94344021718e-07
    spectral_rolloff:
        dmean: 271.944976807
        dmean2: 425.343902588
        dvar: 115740.835938
        dvar2: 228637.4375
        max: 6373.828125
        mean: 3684.59741211
        min: 775.1953125
        var: 671120.5
    spectral_skewness:
        dmean: 0.12830799818
        dmean2: 0.197758808732
        dvar: 0.0136149330065
        dvar2: 0.0344670414925
        max: 2.07750964165
        mean: 1.27518880367
        min: 0.238081634045
        var: 0.084593296051
    spectral_spread:
        dmean: 519821.03125
        dmean2: 704433.1875
        dvar: 733980655616
        dvar2: 799178948608
        max: 24404406
        mean: 5167564
        min: 3035128.5
        var: 2.08754547098e+12
    spectral_strongpeak:
        dmean: 0.847751379013
        dmean2: 1.40653407574
        dvar: 1.63530230522
        dvar2: 4.09578704834
        max: 11.6327619553
        mean: 1.55539047718
        min: 0.0253628008068
        var: 3.26982617378
    zerocrossingrate:
        dmean: 0.00855638366193
        dmean2: 0.00983570795506
        dvar: 5.73469842493e-05
        dvar2: 6.97272116668e-05
        max: 0.2138671875
        mean: 0.115217223763
        min: 0.01513671875
        var: 0.000807477510534
    barkbands:
        dmean: [7.13895644822e-08, 1.06845654955e-05, 3.93576519855e-05, 2.47430434683e-05, 7.94158113422e-05, 9.35524949455e-05, 6.46475455142e-05, 0.000120841388707, 0.000120673932543, 6.61141093588e-05, 4.75196247862e-05, 6.34688549326e-05, 0.000157570568263, 8.13706210465e-05, 0.000105836188595, 7.06301580067e-05, 0.000102691039501, 0.000131481952849, 0.000142896155012, 0.000340916711139, 7.67914170865e-05, 2.4065722755e-05, 7.76388515078e-06, 4.52251015304e-06, 1.48331992023e-06, 5.02437806915e-08, 1.42347156284e-09]
        dmean2: [1.08439571989e-07, 1.82686253538e-05, 6.98831136106e-05, 4.42047457909e-05, 0.000130567816086, 0.000140598669532, 9.8768978205e-05, 0.000178242713446, 0.000184907126823, 0.000101989156974, 7.23798075342e-05, 0.000102332014649, 0.000257113337284, 0.000119140531751, 0.000167359292391, 0.000110255481559, 0.000165627599927, 0.000207519071409, 0.000232909354963, 0.000498072768096, 0.000127152947243, 3.44792752003e-05, 1.13577934826e-05, 6.30589966022e-06, 2.18842933464e-06, 7.58055662686e-08, 1.45999656809e-09]
        dvar: [3.82994281905e-14, 1.06745012829e-09, 1.75014722714e-08, 4.88775508956e-09, 1.70372018715e-08, 4.01941413486e-08, 1.63536473252e-08, 6.60152963405e-08, 5.28391304044e-08, 2.14309672231e-08, 6.63892185671e-09, 4.26644390927e-08, 1.43586348145e-07, 3.0858537059e-08, 5.150266702e-08, 2.85637895558e-08, 3.37169723252e-08, 4.16457410779e-08, 4.99314758429e-08, 2.99713121876e-07, 3.10873318199e-08, 6.33488728141e-09, 4.11472134143e-10, 6.10240885601e-11, 6.64467222564e-12, 1.33779435012e-14, 4.51695036321e-16]
        dvar2: [7.90538898991e-14, 3.11029269007e-09, 4.89711950991e-08, 1.42599523301e-08, 4.53524435784e-08, 7.46205515156e-08, 3.54018041548e-08, 1.01657128937e-07, 1.1748677764e-07, 4.15224725714e-08, 1.51828807304e-08, 9.05519783601e-08, 3.59971892294e-07, 6.2205209872e-08, 1.01345797532e-07, 5.99611738039e-08, 7.58137161938e-08, 9.41937088328e-08, 1.127386966e-07, 6.14993268755e-07, 8.03511142067e-08, 1.25968631082e-08, 6.5493471757e-10, 1.04266428824e-10, 1.38110425874e-11, 3.05917163617e-14, 3.25646237025e-16]
        max: [3.4241747926e-06, 0.000401788012823, 0.00132474931888, 0.000571690732613, 0.00117517018225, 0.00295296497643, 0.00200315262191, 0.0042666066438, 0.00323044811375, 0.00274344789796, 0.00125064572785, 0.00369160505943, 0.0048581068404, 0.00176079699304, 0.00371210533194, 0.00317969382741, 0.00312136602588, 0.00247439765371, 0.00227294000797, 0.00651663355529, 0.00270352442749, 0.00158574862871, 0.000362755788956, 0.000117020572361, 3.2564119465e-05, 1.23701431676e-06, 5.03135140661e-07]
        mean: [1.86392455248e-07, 2.76406972262e-05, 6.02324616921e-05, 3.584229853e-05, 0.000142691191286, 0.000198215580895, 0.000114820795716, 0.000277876184555, 0.000266734336037, 0.000140335760079, 0.000102684382, 0.000108203210402, 0.000347196735675, 0.000136697664857, 0.000229731696891, 0.000157939692144, 0.000204411815503, 0.000308346468955, 0.000303549517412, 0.000865643727593, 0.000164610086358, 4.83840121888e-05, 1.67489015439e-05, 1.10111313916e-05, 3.18205889016e-06, 7.46813810792e-08, 1.55853296935e-09]
        min: [3.54196227903e-10, 4.73983448046e-07, 1.1165838032e-07, 1.03478448921e-07, 2.27272539632e-06, 3.73783177565e-06, 5.18584784004e-06, 1.70905104824e-06, 1.71888643763e-06, 2.33932701121e-06, 1.79247058441e-06, 1.59368778441e-06, 3.08240464619e-06, 3.91612957173e-06, 4.56582438346e-06, 4.55590179627e-06, 4.45888008471e-06, 8.60809177539e-06, 4.06385788665e-06, 6.15041972196e-06, 1.59810144851e-06, 7.22508787021e-07, 1.17350701601e-07, 3.87138996416e-08, 1.18176570751e-08, 1.20537946291e-09, 6.17599070843e-13]
        var: [9.07088464129e-14, 1.0981865417e-09, 2.48370728428e-08, 4.54201076749e-09, 2.47607978565e-08, 8.94259173378e-08, 2.52839846837e-08, 2.50262132795e-07, 2.46209225452e-07, 9.48900975573e-08, 3.46076127755e-08, 1.44694766391e-07, 6.0556817516e-07, 7.8143180815e-08, 2.35652848346e-07, 1.07662941673e-07, 1.11159977223e-07, 1.38344361744e-07, 1.31554074301e-07, 1.51400843151e-06, 6.04393903814e-08, 1.70735017235e-08, 1.37472511152e-09, 2.47402515141e-10, 1.68474401097e-11, 1.94260890875e-14, 6.01665343066e-16]
    mfcc:
        mean: [-706.583007812, 85.7792892456, -48.9931144714, 35.8174438477, -17.7853717804, -13.0277853012, -0.0405214242637, -13.1059103012, -6.15938043594, 6.04440450668, -4.74760532379, 2.68137216568, -1.48116517067]
        cov: [[1479.79431152, -443.672210693, 32.0537109375, -81.4686660767, -76.2490997314, -48.4438591003, 94.2991333008, 64.2598876953, -143.040542603, -30.389913559, -52.1689186096, -49.953754425, -65.5351715088], [-443.672210693, 632.803466797, -129.079421997, -29.7488975525, 11.4138221741, -56.121711731, 10.6426277161, -40.935508728, 73.035194397, 38.4485282898, -4.26522922516, 26.2814922333, 1.31351399422], [32.0537109375, -129.079421997, 347.930847168, -18.6261386871, -20.159822464, 44.6078338623, -35.3212356567, 37.7868652344, 20.3993148804, -23.4479675293, 6.70303726196, 2.98134565353, -21.9832324982], [-81.4686660767, -29.7488975525, -18.6261386871, 223.904144287, 68.1583099365, 30.8713302612, -100.302680969, -11.8975276947, 41.1494445801, -5.53768634796, -4.71409606934, -33.4848022461, 34.2670822144], [-76.2490997314, 11.4138221741, -20.159822464, 68.1583099365, 171.431854248, 6.60690450668, -91.049407959, -30.9832839966, 63.323059082, 6.4891576767, -40.9342460632, -30.8858776093, -4.35062265396], [-48.4438591003, -56.121711731, 44.6078338623, 30.8713302612, 6.60690450668, 131.476364136, -6.94453287125, 14.4734716415, 45.8602294922, -6.94568109512, 23.7863559723, -13.2855949402, -6.82166957855], [94.2991333008, 10.6426277161, -35.3212356567, -100.302680969, -91.049407959, -6.94453287125, 200.55279541, 40.7623710632, -73.0515899658, 22.8867073059, 38.624332428, 33.0564537048, 18.8576927185], [64.2598876953, -40.935508728, 37.7868652344, -11.8975276947, -30.9832839966, 14.4734716415, 40.7623710632, 87.6194610596, -8.04157447815, -13.8693857193, 24.1808319092, 1.1461700201, -8.75272464752], [-143.040542603, 73.035194397, 20.3993148804, 41.1494445801, 63.323059082, 45.8602294922, -73.0515899658, -8.04157447815, 140.157943726, 14.6034202576, -8.70775032043, -15.4975566864, -28.6732063293], [-30.389913559, 38.4485282898, -23.4479675293, -5.53768634796, 6.4891576767, -6.94568109512, 22.8867073059, -13.8693857193, 14.6034202576, 84.2233886719, 22.496339798, 8.67060756683, 21.8423576355], [-52.1689186096, -4.26522922516, 6.70303726196, -4.71409606934, -40.9342460632, 23.7863559723, 38.624332428, 24.1808319092, -8.70775032043, 22.496339798, 86.3204879761, 16.861289978, 7.32985067368], [-49.953754425, 26.2814922333, 2.98134565353, -33.4848022461, -30.8858776093, -13.2855949402, 33.0564537048, 1.1461700201, -15.4975566864, 8.67060756683, 16.861289978, 61.7987747192, 10.2198982239], [-65.5351715088, 1.31351399422, -21.9832324982, 34.2670822144, -4.35062265396, -6.82166957855, 18.8576927185, -8.75272464752, -28.6732063293, 21.8423576355, 7.32985067368, 10.2198982239, 94.2395935059]]
        icov: [[0.00115065369755, 0.000764352211263, 0.000119271309813, 3.85729435948e-06, 0.000370830442989, 0.000409190310165, -0.000409286731156, -0.000531130994204, 0.000663337472361, -0.000645310792606, 0.00109057268128, 0.000886564492248, 0.00106567668263], [0.000764352211263, 0.00267253187485, 0.000752234423999, 0.00027248688275, 0.000543706002645, 0.00153394392692, -0.000756745634135, 0.000390117347706, -0.0017867104616, -0.000277218699921, 0.000476750108646, -1.02488465927e-05, 0.000379139703], [0.000119271309813, 0.000752234423999, 0.0037099448964, 0.000936061958782, 0.000749397324398, -0.000834271195345, 0.00153387896717, -0.00162956526037, -0.000512157799676, 6.55916883261e-05, 0.000297677819617, -0.000708566803951, -3.91345429307e-06], [3.85729435948e-06, 0.00027248688275, 0.000936061958782, 0.00768635934219, -0.00103504804429, -0.00111524329986, 0.00373129663058, -0.00109747669194, -0.000580482708756, 0.000766282028053, -0.00150952092372, 0.00209765695035, -0.00401903316379], [0.000370830442989, 0.000543706002645, 0.000749397324398, -0.00103504804429, 0.00983290933073, 0.000238857188378, 0.00211066869088, 0.000449850747827, -0.002437496325, -0.00196632510051, 0.0035325253848, 0.00198136852123, 0.00011662144243], [0.000409190310165, 0.00153394392692, -0.000834271195345, -0.00111524329986, 0.000238857188378, 0.0116143878549, -0.00261166226119, 0.000826176139526, -0.00545314792544, 0.00264876731671, -0.00350066111423, 0.00238354178146, -0.00033411878394], [-0.000409286731156, -0.000756745634135, 0.00153387896717, 0.00373129663058, 0.00211066869088, -0.00261166226119, 0.0115845333785, -0.0045579993166, 0.00406480068341, -0.00328100402839, -0.00062610936584, -0.00171955639962, -0.0018736992497], [-0.000531130994204, 0.000390117347706, -0.00162956526037, -0.00109747669194, 0.000449850747827, 0.000826176139526, -0.0045579993166, 0.0164436846972, -0.00258232932538, 0.00446758326143, -0.00454166624695, 0.00129718403332, 0.00055543408962], [0.000663337472361, -0.0017867104616, -0.000512157799676, -0.000580482708756, -0.002437496325, -0.00545314792544, 0.00406480068341, -0.00258232932538, 0.015508252196, -0.00542212789878, 0.00218847510405, -0.000260147964582, 0.00485053937882], [-0.000645310792606, -0.000277218699921, 6.55916883261e-05, 0.000766282028053, -0.00196632510051, 0.00264876731671, -0.00328100402839, 0.00446758326143, -0.00542212789878, 0.0177746918052, -0.00658558029681, 3.10188443109e-06, -0.00479335850105], [0.00109057268128, 0.000476750108646, 0.000297677819617, -0.00150952092372, 0.0035325253848, -0.00350066111423, -0.00062610936584, -0.00454166624695, 0.00218847510405, -0.00658558029681, 0.0186411552131, -0.00266792811453, 0.00201489706524], [0.000886564492248, -1.02488465927e-05, -0.000708566803951, 0.00209765695035, 0.00198136852123, 0.00238354178146, -0.00171955639962, 0.00129718403332, -0.000260147964582, 3.10188443109e-06, -0.00266792811453, 0.021428162232, -0.00177894474473], [0.00106567668263, 0.000379139703, -3.91345429307e-06, -0.00401903316379, 0.00011662144243, -0.00033411878394, -0.0018736992497, 0.00055543408962, 0.00485053937882, -0.00479335850105, 0.00201489706524, -0.00177894474473, 0.0158382430673]]
    spectral_contrast:
        mean: [-3.32833309358e-07, 1.26022996483e-07, 4.11230161035e-07, -4.60260935142e-07, -5.66558185255e-07, 3.72877991595e-07, -3.14885619446e-06, 1.98942711904e-06, -3.57554586117e-06, 5.15782573984e-07, 2.24382870329e-06, 1.48509093378e-06]
        var: [0.000642864790279, 0.00110645766836, 0.00199020770378, 0.00219620857388, 0.00369552825578, 0.00840900652111, 0.0443502813578, 0.0890822410583, 0.125663354993, 0.219985857606, 0.275639593601, 0.888168513775]

rhythm:
    beats_loudness:
        dmean: 0.00290128751658
        dmean2: 0.00534317176789
        dvar: 4.4839534894e-06
        dvar2: 1.19112128232e-05
        max: 0.0112382965162
        mean: 0.00486083608121
        min: 0.000620031962171
        var: 1.05511990114e-05
    beats_loudness_bass:
        dmean: 0.0637923553586
        dmean2: 0.128461882472
        dvar: 0.013860385865
        dvar2: 0.0387603119016
        max: 0.419398397207
        mean: 0.0478330105543
        min: 0.000758182723075
        var: 0.00795244146138
    bpm: 101.536109924
    bpm_confidence: 0
    first_peak_bpm: 150
    first_peak_spread: 0.066666662693
    first_peak_weight: 0.666666686535
    onset_rate: 3.21522307396
    second_peak_bpm: 102
    second_peak_spread: 0
    second_peak_weight: 0.285714298487
    beats_position: [0.170298486948, 0.570357739925, 0.970417022705, 1.37047636509, 1.77053570747, 2.17059493065, 2.57065439224, 2.97071361542, 3.37077307701, 3.77083230019, 4.17089128494, 4.57095050812, 4.97100973129, 5.37106895447, 5.77112817764, 6.16098642349, 6.75190973282, 7.34283304214, 7.93375635147, 8.52467918396, 9.11560249329, 9.70652580261]
    bpm_estimates: [101.508140564, 101.667404175, 101.432800293]
    bpm_intervals: [0.400059252977, 0.40005928278, 0.400059342384, 0.400059342384, 0.400059223175, 0.400059461594, 0.400059223175, 0.400059461594, 0.400059223175, 0.400058984756, 0.400059223175, 0.400059223175, 0.400059223175, 0.400059223175, 0.38985824585, 0.590923309326, 0.590923309326, 0.590923309326, 0.590922832489, 0.590923309326, 0.590923309326]
    onset_times: [0.0580498874187, 0.301859408617, 0.49922901392, 0.626938760281, 1.13777780533, 1.52090704441, 1.88081634045, 2.18267583847, 2.68190479279, 2.99537420273, 3.11147403717, 3.5758728981, 3.80807256699, 3.92417240143, 4.13315200806, 4.2492518425, 4.95746040344, 5.53795909882, 6.18811798096, 6.37387752533, 6.66412687302, 6.74539661407, 7.02403640747, 7.41877555847, 7.84834480286, 7.92961454391, 8.25469398499, 8.71909332275, 8.85841274261, 9.12544250488, 9.53179168701, 9.82204055786]
    rubato_start: [6.75190973282]
    rubato_stop: [7.34283304214]
    perceptual_tempo: "unknown"

sfx:
    inharmonicity:
        dmean: 0.0540456920862
        dmean2: 0.0938280373812
        dvar: 0.00355283706449
        dvar2: 0.0106245400384
        max: 0.418218672276
        mean: 0.0668030753732
        min: 0
        var: 0.00439854711294
    oddtoevenharmonicenergyratio:
        dmean: 2.02423620224
        dmean2: 3.61292290688
        dvar: 19.4675598145
        dvar2: 51.5085067749
        max: 47.6176452637
        mean: 1.89312243462
        min: 0
        var: 16.8573226929
    pitch_after_max_to_before_max_energy_ratio: 1.02377903461
    pitch_centroid: 225.575424194
    pitch_max_to_total: 0.430913358927
    pitch_min_to_total: 0.885245919228
    tristimulus:
        dmean: [0.136853292584, 0.18432661891, 0.138120889664]
        dmean2: [0.238012731075, 0.320042431355, 0.241978824139]
        dvar: [0.02486362122, 0.0374420806766, 0.0173367336392]
        dvar2: [0.0720372647047, 0.110240921378, 0.0518063642085]
        max: [1, 0.968024253845, 0.840801358223]
        mean: [0.24130153656, 0.531149029732, 0.202093660831]
        min: [0.01805925183, 0, 0]
        var: [0.0286840237677, 0.046724434942, 0.0296881981194]

tonal:
    chords_changes_rate: 0.0604651160538
    chords_number_rate: 0.0325581394136
    chords_strength:
        dmean: 0.00842953845859
        dmean2: 0.00934187043458
        dvar: 5.474106365e-05
        dvar2: 6.13937445451e-05
        max: 0.680807173252
        mean: 0.533351540565
        min: 0.401418328285
        var: 0.00556242233142
    key_strength: 0.787869095802
    tuning_diatonic_strength: 0.673001110554
    tuning_equal_tempered_deviation: 0.140397727489
    tuning_frequency: 441.527557373
    tuning_nontempered_energy_ratio: 0.795726239681
    hpcp:
        dmean: [0.13279953599, 0.103400565684, 0.120499573648, 0.150192424655, 0.162181183696, 0.197894588113, 0.213132530451, 0.197579398751, 0.169765993953, 0.14661668241, 0.140429079533, 0.115644074976, 0.0970201641321, 0.0897260382771, 0.112792879343, 0.123830333352, 0.0995831117034, 0.0793301314116, 0.0790890157223, 0.0975912362337, 0.158427983522, 0.149478405714, 0.128632217646, 0.0960983633995, 0.0819166749716, 0.0759989991784, 0.088060118258, 0.128681078553, 0.129942432046, 0.149009138346, 0.143509596586, 0.0703208968043, 0.0597004517913, 0.0642070174217, 0.0913173854351, 0.128027766943]
        dmean2: [0.221058428288, 0.16748188436, 0.21233998239, 0.254298597574, 0.26811209321, 0.320881217718, 0.351561367512, 0.332761526108, 0.274874329567, 0.241752371192, 0.22781406343, 0.192486003041, 0.166251778603, 0.146796807647, 0.190491616726, 0.215400233865, 0.159059941769, 0.134236171842, 0.138373300433, 0.157178848982, 0.253359466791, 0.247769922018, 0.203891918063, 0.160938620567, 0.137109771371, 0.127594009042, 0.134881719947, 0.211737498641, 0.213092461228, 0.233763381839, 0.228927612305, 0.116079211235, 0.0980501994491, 0.106420248747, 0.152167439461, 0.212863743305]
        dvar: [0.0311802010983, 0.0204036589712, 0.0292817633599, 0.0492697432637, 0.0409131124616, 0.0425422973931, 0.0426729805768, 0.0418862067163, 0.0352059602737, 0.0318213030696, 0.0253840032965, 0.0261283349246, 0.0189724694937, 0.0214176252484, 0.0216362606734, 0.0313119962811, 0.0264041870832, 0.0195136535913, 0.0247040558606, 0.0244666263461, 0.0369803793728, 0.0288964807987, 0.0318526513875, 0.0236930586398, 0.0211605895311, 0.0179432705045, 0.012659996748, 0.0236355774105, 0.0261851940304, 0.0330292098224, 0.0290521141142, 0.0132822943851, 0.0128803541884, 0.0122032146901, 0.0225117057562, 0.0238638296723]
        dvar2: [0.0674572587013, 0.0436040237546, 0.0786369517446, 0.132234811783, 0.112614154816, 0.116941034794, 0.105459965765, 0.104050353169, 0.0898480787873, 0.0817982256413, 0.056422252208, 0.0587234459817, 0.0491854138672, 0.0517867840827, 0.0482241585851, 0.0815552249551, 0.0681320056319, 0.0546191595495, 0.0684833973646, 0.0489440523088, 0.0835570916533, 0.0683515816927, 0.0709989741445, 0.0621422305703, 0.0525002963841, 0.0397242456675, 0.0286482851952, 0.051757030189, 0.0581086575985, 0.0668039470911, 0.0566826611757, 0.0258105229586, 0.0313478223979, 0.0240790676326, 0.047673355788, 0.0552515462041]
        max: [1, 1, 1, 1, 1, 1, 1, 1, 1, 1, 1, 1, 1, 1, 1, 1, 1, 0.808103978634, 1, 1, 1, 1, 1, 1, 1, 1, 0.973182499409, 1, 1, 1, 1, 1, 1, 1, 1, 1]
        mean: [0.234953448176, 0.159640043974, 0.148938462138, 0.174108847976, 0.210038945079, 0.339965820312, 0.425186485052, 0.347086638212, 0.350061029196, 0.348046660423, 0.236788406968, 0.180319905281, 0.14463545382, 0.132249891758, 0.221804156899, 0.250214040279, 0.148494809866, 0.0923461094499, 0.0880553275347, 0.124094620347, 0.261603862047, 0.306027799845, 0.191560775042, 0.132106021047, 0.118958190084, 0.0930209085345, 0.151061415672, 0.225421801209, 0.222488805652, 0.329437881708, 0.325040191412, 0.136706054211, 0.0787478089333, 0.0880331471562, 0.128806889057, 0.228398412466]
        min: [0.00539954937994, 0.00646722828969, 0.00470552174374, 0.00446811830625, 0.00522564351559, 0.0117268413305, 0.0120436130092, 0.00670373020694, 0.00881309621036, 0.00980602391064, 0.00774971302599, 0.00369417434558, 0.00305049400777, 0.001923722215, 0.00761097110808, 0.00624120188877, 0.00507587194443, 0.000853260105941, 0.000277749699308, 0.000968097883742, 0.00702457176521, 0.00786367617548, 0.00260262144729, 0.00109375442844, 0.000531810394023, 0.00126266013831, 0.00225200201385, 0.00220773322508, 0.0027766788844, 0.00617949664593, 0.00508632557467, 0.00238449685276, 0.00177988945507, 0.00140821165405, 0.000889701186679, 0.00292654684745]
        var: [0.0586966350675, 0.0333841554821, 0.0361633002758, 0.0545585006475, 0.0550182834268, 0.0734375193715, 0.104085564613, 0.0766476988792, 0.0876353606582, 0.093949303031, 0.0509617999196, 0.052817735821, 0.0271894149482, 0.0302143841982, 0.0540592856705, 0.0713098868728, 0.0352664515376, 0.0178361199796, 0.0202954486012, 0.0368740111589, 0.0696840137243, 0.075633071363, 0.0438336096704, 0.0265084560961, 0.0277726463974, 0.0208084862679, 0.0272984635085, 0.0610543228686, 0.0539393909276, 0.0961486250162, 0.0952921882272, 0.0217035952955, 0.0142078092322, 0.0187745336443, 0.0324545688927, 0.0529354512691]
    chords_histogram: [7.44186067581, 0, 0, 0, 0, 0, 0, 0, 0, 0, 0, 0, 2.32558131218, 0, 27.441860199, 45.5813941956, 13.0232553482, 2.32558131218, 0, 0, 0, 0, 1.86046516895, 0]
    thpcp: [1, 0.816316246986, 0.82331174612, 0.818574130535, 0.55690485239, 0.424096047878, 0.340169459581, 0.311039745808, 0.521663248539, 0.588480710983, 0.349246293306, 0.217189669609, 0.207098126411, 0.291859269142, 0.615268528461, 0.719749569893, 0.450533539057, 0.310701370239, 0.27977886796, 0.218776732683, 0.355282723904, 0.530171632767, 0.523273468018, 0.774807989597, 0.764465034008, 0.321520239115, 0.185207694769, 0.207045972347, 0.302942097187, 0.537172317505, 0.552589178085, 0.37545889616, 0.350289732218, 0.409488201141, 0.49399253726, 0.799568712711]
    chords_key: "E"
    chords_scale: "minor"
    key_key: "B"
    key_scale: "major"
    chords_progression: ["B", "B", "B", "B", "B", "B", "B", "B", "B", "B", "B", "B", "B", "G", "G", "G", "G", "G", "G", "G", "G", "B", "Em", "Em", "Em", "Em", "Em", "Em", "Em", "Em", "Em", "Em", "Em", "Em", "Em", "Em", "Em", "Em", "Em", "Em", "Em", "Em", "Em", "Em", "Em", "Em", "Em", "Em", "Em", "Em", "Em", "Em", "Em", "Em", "Em", "Em", "Em", "Em", "Em", "Em", "Em", "Em", "Em", "Em", "Em", "Em", "Em", "Bm", "Bm", "Bm", "Bm", "Bm", "Em", "Em", "Em", "Em", "Em", "Em", "Em", "Em", "Em", "Em", "Em", "Em", "Em", "Em", "Em", "Em", "Em", "Em", "Em", "Em", "Em", "Em", "Em", "Em", "Em", "Em", "Em", "Em", "Em", "Em", "Em", "Em", "Em", "Em", "Em", "Em", "Em", "Em", "Em", "Em", "Em", "Em", "Em", "Em", "Em", "Em", "Em", "Em", "Em", "Em", "Em", "G", "G", "Em", "Em", "G", "G", "G", "G", "G", "G", "G", "G", "G", "G", "G", "G", "G", "G", "G", "G", "G", "G", "B", "B", "C", "C", "C", "C", "C", "C", "C", "C", "C", "C", "C", "C", "C", "C", "C", "C", "C", "C", "C", "C", "C", "C", "C", "C", "C", "F", "F", "F", "F", "F", "E", "E", "E", "E", "C", "C", "C", "C", "C", "C", "C", "C", "C", "C", "C", "C", "C", "C", "C", "C", "C", "C", "C", "C", "C", "C", "C", "C", "C", "C", "C", "C", "C", "C", "C", "C", "C", "C"]
