
metadata:
    version:
        essentia: "1.2.2"
    audio_properties:
        analysis_sample_rate: 44100
        bitrate: 128
        channels: 2
        equal_loudness: 1
        length: 10.0310201645
        replay_gain: -14.4068870544
        downmix: "mix"
    tags:
        track: 22
        year: 0
        album: "Splitted by Mp3Splt v. 2.1"
        artist: "From 003.30 To 003.40"
        comment: "http://mp3splt.sf.net"
        genre: ""
        title: "10 Rings Around Saturn.mp3"

highlevel:
    ballroom:
        all:
            ChaChaCha: 0.785461127758
            Jive: 0.0850246027112
            Quickstep: 0.0023429824505
            Rumba-American: 0.000814095023088
            Rumba-International: 0.00127506046556
            Rumba-Misc: 0.000836646358948
            Samba: 0.123101085424
            Tango: 0.000404740509111
            VienneseWaltz: 0.000393969123252
            Waltz: 0.000345714885043
        probability: 0.785461127758
        value: "ChaChaCha"
    culture:
        all:
            non_western: 0.462484776974
            western: 0.537515223026
        probability: 0.537515223026
        value: "western"
    gender:
        all:
            female: 0.803553938866
            male: 0.196446090937
        probability: 0.803553938866
        value: "female"
    genre_dortmund:
        all:
            alternative: 0.00770769501105
            blues: 0.00308284116909
            electronic: 0.679458975792
            folkcountry: 0.00573721900582
            funksoulrnb: 0.00836152117699
            jazz: 0.0217241700739
            pop: 0.0323186405003
            raphiphop: 0.191149041057
            rock: 0.05045992136
        probability: 0.679458975792
        value: "electronic"
    genre_electronica:
        all:
            ambient: 0.0713732838631
            dnb: 0.604950964451
            house: 0.0261470228434
            techno: 0.0524657852948
            trance: 0.245062962174
        probability: 0.604950964451
        value: "dnb"
    genre_rosamerica:
        all:
            cla: 0.00481445388868
            dan: 0.604193031788
            hip: 0.0782226622105
            jaz: 0.00568296713755
            pop: 0.27189218998
            rhy: 0.0220668036491
            roc: 0.0115500083193
            spe: 0.0015778838424
        probability: 0.604193031788
        value: "dan"
    genre_tzanetakis:
        all:
            blu: 0.000512859027367
            cla: 0.00103711511474
            cou: 0.00104437023401
            dis: 0.0769273936749
            hip: 0.00799224805087
            jaz: 0.00965234544128
            met: 0.00268495315686
            pop: 0.829110085964
            reg: 0.0665448978543
            roc: 0.00449375249445
        probability: 0.829110085964
        value: "pop"
    live_studio:
        all:
            live: 0.0808118134737
            studio: 0.919188201427
        probability: 0.919188201427
        value: "studio"
    mood:
        all:
            Cluster1: 0.200714856386
            Cluster2: 0.291031450033
            Cluster3: 0.103975281119
            Cluster4: 0.282060086727
            Cluster5: 0.122218333185
        probability: 0.291031450033
        value: "Cluster2"
    mood_acoustic:
        all:
            acoustic: 1.27632474687e-05
            not_acoustic: 0.999987244606
        probability: 0.999987244606
        value: "not_acoustic"
    mood_aggressive:
        all:
            aggressive: 0.353501498699
            not_aggressive: 0.646498501301
        probability: 0.646498501301
        value: "not_aggressive"
    mood_electronic:
        all:
            electronic: 0.988463759422
            not_electronic: 0.0115362405777
        probability: 0.988463759422
        value: "electronic"
    mood_happy:
        all:
            happy: 0.482511311769
            not_happy: 0.517488718033
        probability: 0.517488718033
        value: "not_happy"
    mood_party:
        all:
            not_party: 0.0314656831324
            party: 0.968534290791
        probability: 0.968534290791
        value: "party"
    mood_relaxed:
        all:
            not_relaxed: 0.272242307663
            relaxed: 0.727757692337
        probability: 0.727757692337
        value: "relaxed"
    mood_sad:
        all:
            not_sad: 0.929868876934
            sad: 0.0701311230659
        probability: 0.929868876934
        value: "not_sad"
    rhythm:
        all:
            fast: 0.868469715118
            medium: 0.127196192741
            slow: 0.00433410378173
        probability: 0.868469715118
        value: "fast"
    speech_music:
        all:
            music: 0.94135248661
            speech: 0.0586474984884
        probability: 0.94135248661
        value: "music"
    timbre:
        all:
            bright: 0.142526403069
            dark: 0.857473611832
        probability: 0.857473611832
        value: "dark"
    voice_instrumental:
        all:
            instrumental: 0.0180104020983
            voice: 0.981989622116
        probability: 0.981989622116
        value: "voice"

lowlevel:
    average_loudness: 0.957280099392
    barkbands_kurtosis:
        dmean: 1.38068580627
        dmean2: 2.23266863823
        dvar: 3.37086129189
        dvar2: 8.64216995239
        max: 14.0373630524
        mean: 0.248998746276
        min: -1.78528833389
        var: 5.42398643494
    barkbands_skewness:
        dmean: 0.609397828579
        dmean2: 0.94466894865
        dvar: 0.357074201107
        dvar2: 0.788020849228
        max: 3.77219510078
        mean: 0.0355814211071
        min: -2.69543981552
        var: 1.16494858265
    barkbands_spread:
        dmean: 8.79628944397
        dmean2: 13.7268133163
        dvar: 65.4845046997
        dvar2: 159.515701294
        max: 76.0210647583
        mean: 35.6119651794
        min: 3.53777432442
        var: 199.389480591
    dissonance:
        dmean: 0.0191089399159
        dmean2: 0.0320040285587
        dvar: 0.000415353744756
        dvar2: 0.00106403254904
        max: 0.499920547009
        mean: 0.470717012882
        min: 0.326659500599
        var: 0.000549444928765
    hfc:
        dmean: 6.09372854233
        dmean2: 9.28207778931
        dvar: 120.708320618
        dvar2: 251.207229614
        max: 71.7075195312
        mean: 6.53809928894
        min: 0.0660921633244
        var: 141.211654663
    pitch:
        dmean: 856.876831055
        dmean2: 1601.23254395
        dvar: 1702197.5
        dvar2: 3481512.5
        max: 4900
        mean: 1110.83691406
        min: 87.1541519165
        var: 2097352.25
    pitch_instantaneous_confidence:
        dmean: 0.0930128023028
        dmean2: 0.151471212506
        dvar: 0.00802094396204
        dvar2: 0.0187529027462
        max: 0.893471121788
        mean: 0.337709754705
        min: 0.122668385506
        var: 0.0212686769664
    pitch_salience:
        dmean: 0.0776320099831
        dmean2: 0.126201108098
        dvar: 0.00558968633413
        dvar2: 0.0121487239376
        max: 0.855791151524
        mean: 0.617378354073
        min: 0.262739807367
        var: 0.0125366710126
    silence_rate_20dB:
        dmean: 0
        dmean2: 0
        dvar: 0
        dvar2: 0
        max: 1
        mean: 1
        min: 1
        var: 0
    silence_rate_30dB:
        dmean: 0
        dmean2: 0
        dvar: 0
        dvar2: 0
        max: 1
        mean: 1
        min: 1
        var: 0
    silence_rate_60dB:
        dmean: 0.189814820886
        dmean2: 0.380510449409
        dvar: 0.153785049915
        dvar2: 0.254283905029
        max: 1
        mean: 0.713625848293
        min: 0
        var: 0.204363286495
    spectral_centroid:
        dmean: 548.742553711
        dmean2: 811.854858398
        dvar: 272758.78125
        dvar2: 566965.25
        max: 4236.57177734
        mean: 1825.38769531
        min: 250.89402771
        var: 788125.125
    spectral_complexity:
        dmean: 5.83526659012
        dmean2: 8.86511611938
        dvar: 69.223449707
        dvar2: 125.893211365
        max: 50
        mean: 7.92592573166
        min: 0
        var: 105.101264954
    spectral_crest:
        dmean: 2.42988586426
        dmean2: 3.78471517563
        dvar: 4.96026849747
        dvar2: 11.6216259003
        max: 22.6243419647
        mean: 8.04450893402
        min: 2.74964952469
        var: 13.3943367004
    spectral_decrease:
        dmean: 4.23707735564e-10
        dmean2: 6.55564769136e-10
        dvar: 4.29090016595e-19
        dvar2: 9.30096253018e-19
        max: -9.55759082988e-12
        mean: -5.90991866556e-10
        min: -4.2393675237e-09
        var: 5.36188761116e-19
    spectral_energy:
        dmean: 0.00213478063233
        dmean2: 0.00327032944188
        dvar: 1.16402434287e-05
        dvar2: 2.48535397986e-05
        max: 0.0221635829657
        mean: 0.00282356631942
        min: 4.20671422035e-05
        var: 1.42132676046e-05
    spectral_energyband_high:
        dmean: 0.000578494044021
        dmean2: 0.000884832697921
        dvar: 1.11402391667e-06
        dvar2: 2.25845610657e-06
        max: 0.00738067226484
        mean: 0.000575346464757
        min: 4.0820623326e-06
        var: 1.31953390792e-06
    spectral_energyband_low:
        dmean: 9.82992496574e-05
        dmean2: 0.000169091261341
        dvar: 5.45597345081e-08
        dvar2: 1.49452276332e-07
        max: 0.00201335595921
        mean: 0.000258837710135
        min: 3.1012497459e-08
        var: 1.01858780965e-07
    spectral_energyband_middle_high:
        dmean: 0.00111191684846
        dmean2: 0.00168075796682
        dvar: 3.9706114876e-06
        dvar2: 8.78027094586e-06
        max: 0.0140073960647
        mean: 0.00133699504659
        min: 1.77448910108e-05
        var: 4.78532274428e-06
    spectral_energyband_middle_low:
        dmean: 0.000491408689413
        dmean2: 0.00082700146595
        dvar: 8.04309649993e-07
        dvar2: 1.90293815194e-06
        max: 0.00673326291144
        mean: 0.000652373826597
        min: 1.14847189252e-05
        var: 1.09485245048e-06
    spectral_flatness_db:
        dmean: 0.0209029186517
        dmean2: 0.0330539494753
        dvar: 0.000324124324834
        dvar2: 0.000810857338365
        max: 0.240611314774
        mean: 0.111089982092
        min: 0.0541717484593
        var: 0.00105586391874
    spectral_flux:
        dmean: 0.0156775098294
        dmean2: 0.0242866072804
        dvar: 0.000382772937883
        dvar2: 0.000820183660835
        max: 0.133960291743
        mean: 0.0339377298951
        min: 0.00466594472528
        var: 0.000651325040963
    spectral_kurtosis:
        dmean: 0.990072727203
        dmean2: 1.52996230125
        dvar: 1.18327331543
        dvar2: 2.7920088768
        max: 13.0562667847
        mean: 2.0381231308
        min: -0.46292591095
        var: 2.66398477554
    spectral_rms:
        dmean: 0.000540540961083
        dmean2: 0.000789679877926
        dvar: 4.47340568144e-07
        dvar2: 8.69917982982e-07
        max: 0.00465005449951
        mean: 0.00141412077937
        min: 0.00020258607401
        var: 7.54958080051e-07
    spectral_rolloff:
        dmean: 914.086669922
        dmean2: 1462.25402832
        dvar: 881326.1875
        dvar2: 1944995.75
        max: 6524.56054688
        mean: 3342.87915039
        min: 107.666015625
        var: 2012050.125
    spectral_skewness:
        dmean: 0.241186350584
        dmean2: 0.359534174204
        dvar: 0.0463339462876
        dvar2: 0.111158184707
        max: 3.07004451752
        mean: 1.26351833344
        min: 0.538850605488
        var: 0.135484442115
    spectral_spread:
        dmean: 1375062.125
        dmean2: 2133105
        dvar: 1.62148699341e+12
        dvar2: 3.9795687424e+12
        max: 15037351
        mean: 7776415
        min: 2722872
        var: 3.73863848346e+12
    spectral_strongpeak:
        dmean: 0.328292220831
        dmean2: 0.552155375481
        dvar: 0.286536455154
        dvar2: 0.697340786457
        max: 3.23859429359
        mean: 0.49967366457
        min: 0.00178863212932
        var: 0.444038927555
    zerocrossingrate:
        dmean: 0.017763921991
        dmean2: 0.0228129550815
        dvar: 0.000215743726585
        dvar2: 0.000322490814142
        max: 0.22802734375
        mean: 0.10604519397
        min: 0.0263671875
        var: 0.00119466427714
    barkbands:
        dmean: [2.52809542189e-07, 4.12718181906e-05, 7.84445801401e-05, 9.80050754151e-05, 0.000231154612266, 0.000101908139186, 6.03919215791e-05, 6.27905901638e-05, 3.53350114892e-05, 3.57152530341e-05, 4.76026834804e-05, 3.85306557291e-05, 5.86996357015e-05, 7.8731784015e-05, 8.78939463291e-05, 8.74291290529e-05, 0.000151955769979, 0.000245007133344, 0.000333419418894, 0.000272970180959, 0.000273559882771, 0.000113287307613, 4.00444732804e-05, 1.79989674507e-05, 1.23897616504e-05, 1.3219378161e-06, 1.5664781472e-08]
        dmean2: [3.12219356147e-07, 5.88485199842e-05, 0.000144374600495, 0.000182085757842, 0.000371506641386, 0.000169163147802, 0.000104772603663, 0.000108587650175, 6.23901432846e-05, 5.88500042795e-05, 7.39904353395e-05, 5.83326145716e-05, 8.55567341205e-05, 0.000126433136757, 0.000122835728689, 0.000143128854688, 0.000251035380643, 0.000407535786508, 0.000537313462701, 0.000429318315582, 0.000419130956288, 0.000174897490069, 6.08391856076e-05, 2.60810993495e-05, 1.85120879905e-05, 2.13471344068e-06, 2.69008584297e-08]
        dvar: [5.02003549407e-13, 6.61407728586e-09, 4.88995368642e-08, 5.80754786483e-08, 2.70353979204e-07, 3.67558072867e-08, 1.19181366998e-08, 3.25648876753e-08, 8.51370618449e-09, 3.99140054341e-09, 6.77942058047e-09, 3.02545122288e-09, 4.94816738694e-08, 3.01807290271e-08, 3.89185359495e-08, 3.85971503647e-08, 8.21141270535e-08, 2.91927335638e-07, 4.83639894355e-07, 3.18108419606e-07, 2.98627782058e-07, 3.71606105887e-08, 3.70287822626e-09, 1.26989807558e-09, 4.33830443791e-10, 4.28579784509e-12, 7.57036384823e-16]
        dvar2: [4.25101414573e-13, 1.51367665069e-08, 1.37578666681e-07, 1.68327161987e-07, 6.47973138257e-07, 8.83735751245e-08, 3.0833273712e-08, 8.15292366951e-08, 2.04663237469e-08, 8.73725536366e-09, 1.58951305451e-08, 6.65889299256e-09, 8.28985875501e-08, 8.39017673115e-08, 6.06002217296e-08, 1.04968584935e-07, 2.07486110071e-07, 6.96878714734e-07, 1.12209079361e-06, 7.14032296401e-07, 6.58149133415e-07, 6.98849831338e-08, 6.849797618e-09, 2.40198061441e-09, 9.54624712612e-10, 1.00258612176e-11, 2.00185987985e-15]
        max: [1.55157758854e-05, 0.000844078720547, 0.00157806812786, 0.00174790108576, 0.00441341847181, 0.00149155722465, 0.000952170521487, 0.00174953730311, 0.00142345717177, 0.000817693653516, 0.00100842874963, 0.000480393675389, 0.00350573752075, 0.00166261778213, 0.00289184646681, 0.00293837906793, 0.0021800333634, 0.00504906335846, 0.00406091287732, 0.00417721644044, 0.00403788080439, 0.00178271031473, 0.000442643649876, 0.000348568690242, 0.000170916566276, 1.32128989208e-05, 2.11042447518e-07]
        mean: [1.5979011323e-06, 0.0001816926233, 7.55596556701e-05, 9.15211785468e-05, 0.000278990424704, 0.000108985783299, 6.37376215309e-05, 5.42742964171e-05, 3.99982745876e-05, 4.79050831927e-05, 7.28836239432e-05, 6.48785426165e-05, 7.33509805286e-05, 0.000120247197628, 0.000115978262329, 9.01982130017e-05, 0.00014080569963, 0.000222295348067, 0.000289493502351, 0.000244906375883, 0.000257889390923, 0.000113605652587, 4.14550522692e-05, 1.79381731868e-05, 1.21262355606e-05, 1.2382154182e-06, 1.23773400418e-08]
        min: [9.78913738264e-12, 2.60139509933e-09, 6.68377220236e-09, 7.13283228038e-08, 3.47553282154e-07, 1.62496775147e-07, 5.02563921145e-07, 4.06586906365e-07, 2.71309971822e-07, 2.91288358767e-07, 5.11124198965e-07, 3.83812022164e-07, 9.14884950021e-08, 4.76683567285e-07, 2.20598526113e-08, 9.9067597148e-07, 2.24553758699e-07, 1.36372409543e-06, 1.46891557051e-06, 1.62319247465e-06, 1.57029955972e-06, 1.05608933154e-06, 2.45826896617e-07, 9.36688593356e-08, 2.88536821103e-08, 3.60737506533e-09, 4.94438795462e-11]
        var: [4.56148140093e-12, 3.13208481373e-08, 4.12714875608e-08, 4.59749998072e-08, 3.66879362446e-07, 3.92723826792e-08, 1.391761284e-08, 2.66904027768e-08, 1.23218466541e-08, 6.05615957383e-09, 1.66273537161e-08, 7.02415281495e-09, 1.00121724245e-07, 4.04877162907e-08, 8.19603158675e-08, 4.51412702773e-08, 7.4196933042e-08, 2.6376986284e-07, 4.6759762995e-07, 3.22886137383e-07, 3.22454866364e-07, 4.70383092477e-08, 5.02856112305e-09, 1.69065350608e-09, 5.43635414463e-10, 5.05095444636e-12, 5.89085050915e-16]
    mfcc:
        mean: [-738.872375488, 72.5914077759, -23.150510788, 40.0341300964, -6.49766921997, 8.2210226059, 5.73977470398, 2.38068962097, 1.61182487011, -6.27601337433, 1.72848105431, -0.264842152596, 1.87315070629]
        cov: [[4643.47851562, -1169.57873535, -151.312591553, 54.7529335022, -357.436584473, -266.085327148, -386.752532959, -237.538604736, -226.649337769, -10.8837299347, -94.8367996216, -46.7384185791, -93.8810882568], [-1169.57873535, 999.860778809, 140.22744751, 64.3972473145, 119.851844788, 131.9740448, 74.0713119507, 45.8252487183, 55.7592735291, -68.5334320068, -59.0340881348, -68.9611206055, 1.69125986099], [-151.312591553, 140.22744751, 626.661804199, 266.089324951, 107.452293396, 56.709728241, 104.735961914, 112.452171326, 32.1032295227, -43.0237579346, -16.4925899506, 0.260567933321, -4.42145872116], [54.7529335022, 64.3972473145, 266.089324951, 284.433624268, 86.418586731, 35.0022850037, 46.5495223999, 62.5469207764, 15.2294330597, 0.155676275492, -4.04405784607, 1.67038655281, 8.87422657013], [-357.436584473, 119.851844788, 107.452293396, 86.418586731, 241.775283813, 129.519287109, 69.2296295166, 17.8498001099, 16.1286239624, -1.64078783989, 7.60598230362, 5.45498895645, -8.27318286896], [-266.085327148, 131.9740448, 56.709728241, 35.0022850037, 129.519287109, 147.716262817, 65.4209518433, 23.7881336212, 16.0708389282, 2.53591704369, 1.25548267365, 12.438709259, -6.05025672913], [-386.752532959, 74.0713119507, 104.735961914, 46.5495223999, 69.2296295166, 65.4209518433, 179.114456177, 127.266021729, 55.860912323, 19.2451992035, 32.0579414368, 33.6704483032, 19.6641845703], [-237.538604736, 45.8252487183, 112.452171326, 62.5469207764, 17.8498001099, 23.7881336212, 127.266021729, 157.483535767, 76.0782165527, 19.6599235535, 13.3990650177, 28.419303894, 28.0253047943], [-226.649337769, 55.7592735291, 32.1032295227, 15.2294330597, 16.1286239624, 16.0708389282, 55.860912323, 76.0782165527, 97.6441497803, 30.6408748627, 12.9173307419, 10.5979833603, 19.9221420288], [-10.8837299347, -68.5334320068, -43.0237579346, 0.155676275492, -1.64078783989, 2.53591704369, 19.2451992035, 19.6599235535, 30.6408748627, 76.685874939, 46.5327262878, 21.297744751, 9.45539093018], [-94.8367996216, -59.0340881348, -16.4925899506, -4.04405784607, 7.60598230362, 1.25548267365, 32.0579414368, 13.3990650177, 12.9173307419, 46.5327262878, 76.1149520874, 40.1566429138, 2.74803352356], [-46.7384185791, -68.9611206055, 0.260567933321, 1.67038655281, 5.45498895645, 12.438709259, 33.6704483032, 28.419303894, 10.5979833603, 21.297744751, 40.1566429138, 67.0724945068, 25.1621360779], [-93.8810882568, 1.69125986099, -4.42145872116, 8.87422657013, -8.27318286896, -6.05025672913, 19.6641845703, 28.0253047943, 19.9221420288, 9.45539093018, 2.74803352356, 25.1621360779, 60.2376594543]]
        icov: [[0.000461984367575, 0.000493580650073, 4.07495426771e-05, -0.000473091349704, 0.000525252602529, -0.000206203738344, 0.000508701137733, -5.37056293979e-05, 0.000415289163357, -0.000269050127827, 0.000801934627816, -7.76859669713e-05, 0.000589941453654], [0.000493580650073, 0.00203557359055, 3.55534866685e-05, -0.000651564972941, 0.000810525671113, -0.00182942079846, 0.000331351126079, 9.06154818949e-05, -0.000686337181833, 0.00165177811868, -0.00016401107132, 0.00236266665161, -0.000423779943958], [4.07495426771e-05, 3.55534866685e-05, 0.0032339238096, -0.00272960145958, -7.3503171734e-05, -3.55014599336e-05, -0.000531769066583, -0.000984951620921, -0.000442514719907, 0.0025881845504, -0.000471511244541, -6.90580636729e-05, 0.00111062813085], [-0.000473091349704, -0.000651564972941, -0.00272960145958, 0.00736865447834, -0.00272145378403, 0.000902230094653, 0.00155206990894, -0.00292939366773, 0.0018401631387, -0.00242199841887, -0.000337506353389, 0.000760169292334, -0.00196240609512], [0.000525252602529, 0.000810525671113, -7.3503171734e-05, -0.00272145378403, 0.00995173864067, -0.00755642307922, -0.00180985347833, 0.00337771163322, -0.00139260245487, 0.00158621894661, -0.00117124291137, 0.00159833789803, 0.000415931746829], [-0.000206203738344, -0.00182942079846, -3.55014599336e-05, 0.000902230094653, -0.00755642307922, 0.0170704908669, -0.00504813808948, 0.00283432239667, 3.56822201866e-05, -0.00463533448055, 0.00719275325537, -0.00767905870453, 0.00419580377638], [0.000508701137733, 0.000331351126079, -0.000531769066583, 0.00155206990894, -0.00180985347833, -0.00504813808948, 0.0207376871258, -0.0170053057373, 0.00384774152189, 0.00198756670579, -0.00771489692852, 0.00241996231489, -0.00134124292526], [-5.37056293979e-05, 9.06154818949e-05, -0.000984951620921, -0.00292939366773, 0.00337771163322, 0.00283432239667, -0.0170053057373, 0.0274270512164, -0.0119966426864, -0.00149641907774, 0.00774317467585, -0.0060954215005, 0.000207945631701], [0.000415289163357, -0.000686337181833, -0.000442514719907, 0.0018401631387, -0.00139260245487, 3.56822201866e-05, 0.00384774152189, -0.0119966426864, 0.021509187296, -0.00816614553332, 0.000764073105529, 0.00242765550502, -0.00238017528318], [-0.000269050127827, 0.00165177811868, 0.0025881845504, -0.00242199841887, 0.00158621894661, -0.00463533448055, 0.00198756670579, -0.00149641907774, -0.00816614553332, 0.0297520775348, -0.0196867045015, 0.00711989728734, -0.00416460540146], [0.000801934627816, -0.00016401107132, -0.000471511244541, -0.000337506353389, -0.00117124291137, 0.00719275325537, -0.00771489692852, 0.00774317467585, 0.000764073105529, -0.0196867045015, 0.0384432561696, -0.021129919216, 0.0106570990756], [-7.76859669713e-05, 0.00236266665161, -6.90580636729e-05, 0.000760169292334, 0.00159833789803, -0.00767905870453, 0.00241996231489, -0.0060954215005, 0.00242765550502, 0.00711989728734, -0.021129919216, 0.0353925377131, -0.0145508553833], [0.000589941453654, -0.000423779943958, 0.00111062813085, -0.00196240609512, 0.000415931746829, 0.00419580377638, -0.00134124292526, 0.000207945631701, -0.00238017528318, -0.00416460540146, 0.0106570990756, -0.0145508553833, 0.0257553271949]]
    spectral_contrast:
        mean: [-3.05423128566e-07, 5.12270545983e-08, -8.75615668861e-08, -2.52103859566e-07, 3.03680138813e-07, -5.30267470822e-07, -5.26090343556e-06, -9.4468879297e-07, 5.24338929608e-07, 2.33865449673e-07, -9.98929749585e-07, -1.41974950907e-07]
        var: [0.000307361624436, 0.000628321140539, 0.00154447753448, 0.00269354158081, 0.00379968225025, 0.00429226318374, 0.0469643585384, 0.074292704463, 0.165163978934, 0.341052949429, 0.771176099777, 2.52550339699]

rhythm:
    beats_loudness:
        dmean: 0.00475364364684
        dmean2: 0.00807006843388
        dvar: 2.23883471335e-05
        dvar2: 5.41064182471e-05
        max: 0.0195202957839
        mean: 0.0064754136838
        min: 0.000514013576321
        var: 2.57080955635e-05
    beats_loudness_bass:
        dmean: 0.113904818892
        dmean2: 0.180296704173
        dvar: 0.0152046661824
        dvar2: 0.0281547997147
        max: 0.440664708614
        mean: 0.0999235659838
        min: 0.00333227752708
        var: 0.016212888062
    bpm: 110.594970703
    bpm_confidence: 0
    first_peak_bpm: 111
    first_peak_spread: 0
    first_peak_weight: 0.941176474094
    onset_rate: 5.98144578934
    second_peak_bpm: 105
    second_peak_spread: 0
    second_peak_weight: 0.0588235296309
    beats_position: [0.171918720007, 0.714255392551, 1.25659203529, 1.79892873764, 2.34126543999, 2.88360214233, 3.42593884468, 3.96827554703, 4.51061201096, 5.05294895172, 5.59528541565, 6.16528320312, 6.70803546906, 7.25078868866, 7.79354095459, 8.33629322052, 8.87904644012, 9.42179870605]
    bpm_estimates: [110.767555237, 110.65071106, 110.82459259, 110.569923401, 110.670631409, 110.201042175, 110.748565674, 110.812965393, 110.504005432, 110.576652527, 110.706840515, 110.619598389, 110.753982544, 110.33480835, 110.437614441, 110.662345886, 110.53868103, 110.328918457]
    bpm_intervals: [0.542336702347, 0.542336642742, 0.542336702347, 0.542336702347, 0.542336702347, 0.542336702347, 0.542336702347, 0.542336463928, 0.542336940765, 0.542336463928, 0.569997787476, 0.54275226593, 0.542753219604, 0.54275226593, 0.54275226593, 0.542753219604, 0.54275226593]
    onset_times: [0.0464399084449, 0.348299324512, 0.53405892849, 0.708208620548, 0.893968224525, 1.01006805897, 1.18421769142, 1.26548755169, 1.43963718414, 1.53251695633, 1.71827661991, 1.82276642323, 1.98530614376, 2.17106580734, 2.34521532059, 2.53097510338, 2.71673464775, 2.89088439941, 3.25079369545, 3.43655323982, 3.62231302261, 3.79646253586, 3.98222231865, 4.17959165573, 4.28408145905, 4.34213161469, 4.53950119019, 4.65560102463, 4.7020406723, 4.88780021667, 5.24770975113, 5.4334692955, 5.61922883987, 5.79337882996, 6.1648979187, 6.35065746307, 6.52480745316, 6.62929725647, 6.72217702866, 7.00081634521, 7.07047605515, 7.17496585846, 7.27945566177, 7.55809545517, 7.61614513397, 7.80190467834, 7.98766422272, 8.17342376709, 8.34757328033, 8.53333377838, 8.70748329163, 8.82358264923, 8.90485286713, 9.06739234924, 9.26476192474, 9.36925125122, 9.46213150024, 9.61306095123, 9.79882049561, 9.98458003998]
    rubato_start: []
    rubato_stop: []
    perceptual_tempo: "unknown"

sfx:
    inharmonicity:
        dmean: 0.0571438111365
        dmean2: 0.0991523191333
        dvar: 0.00436288584024
        dvar2: 0.0115590551868
        max: 0.438218951225
        mean: 0.0632762610912
        min: 0.000116163035273
        var: 0.00531967263669
    oddtoevenharmonicenergyratio:
        dmean: 3.99792313576
        dmean2: 7.38860940933
        dvar: 176.028182983
        dvar2: 476.70098877
        max: 115.397407532
        mean: 2.657589674
        min: 0.000932436028961
        var: 117.346504211
    pitch_after_max_to_before_max_energy_ratio: 3.04834079742
    pitch_centroid: 204.224411011
    pitch_max_to_total: 0.180555552244
    pitch_min_to_total: 0.282407402992
    tristimulus:
        dmean: [0.197370067239, 0.244610831141, 0.156466633081]
        dmean2: [0.33939114213, 0.423313617706, 0.279436469078]
        dvar: [0.0324798896909, 0.0413126908243, 0.021983159706]
        dvar2: [0.0811152234674, 0.113965071738, 0.0641220360994]
        max: [0.94105899334, 0.969634771347, 0.774906218052]
        mean: [0.355641126633, 0.432627946138, 0.159176170826]
        min: [0.0138125289232, 0, 0]
        var: [0.0592802204192, 0.0640827268362, 0.0262225046754]

tonal:
    chords_changes_rate: 0.0645161271095
    chords_number_rate: 0.0138248847798
    chords_strength:
        dmean: 0.0101976273581
        dmean2: 0.0104874903336
        dvar: 8.68779461598e-05
        dvar2: 9.20486345422e-05
        max: 0.761018931866
        mean: 0.563680827618
        min: 0.384615570307
        var: 0.0107101760805
    key_strength: 0.611004412174
    tuning_diatonic_strength: 0.526352107525
    tuning_equal_tempered_deviation: 0.157612293959
    tuning_frequency: 440.508575439
    tuning_nontempered_energy_ratio: 0.742847442627
    hpcp:
        dmean: [0.169660702348, 0.146622434258, 0.184005990624, 0.213165640831, 0.165484964848, 0.164233088493, 0.192786872387, 0.191479772329, 0.181413903832, 0.199305415154, 0.190156579018, 0.199723899364, 0.208830535412, 0.220220625401, 0.182551130652, 0.170982718468, 0.161926940084, 0.160960868001, 0.13740028441, 0.114234618843, 0.116797313094, 0.107009328902, 0.10916300118, 0.146028205752, 0.178987279534, 0.175111293793, 0.194231241941, 0.188903436065, 0.192503362894, 0.208250537515, 0.220500349998, 0.198524385691, 0.181495651603, 0.174597904086, 0.180302023888, 0.188289180398]
        dmean2: [0.293661862612, 0.250478714705, 0.291305601597, 0.327297717333, 0.272963553667, 0.265705138445, 0.324546575546, 0.328149527311, 0.307704120874, 0.340180754662, 0.323817938566, 0.346987843513, 0.358440339565, 0.376791357994, 0.311810910702, 0.277777433395, 0.276953786612, 0.277082920074, 0.226707831025, 0.198060780764, 0.19878487289, 0.182717889547, 0.186846926808, 0.240107148886, 0.304513067007, 0.299631148577, 0.328458458185, 0.33565095067, 0.338629335165, 0.353331953287, 0.375121563673, 0.338180243969, 0.302368938923, 0.296984255314, 0.305247426033, 0.319677978754]
        dvar: [0.0495817437768, 0.0323999039829, 0.039174772799, 0.0494668669999, 0.0313705280423, 0.0320715866983, 0.0410207211971, 0.0493303202093, 0.0417910143733, 0.0425207428634, 0.0484307035804, 0.0468786694109, 0.0577847063541, 0.0577618330717, 0.0391944423318, 0.0286347847432, 0.0329165793955, 0.0334233902395, 0.0266160238534, 0.0253613330424, 0.0294429510832, 0.0156350657344, 0.0173711311072, 0.0320137739182, 0.0589858628809, 0.0444252751768, 0.0439865924418, 0.0533689036965, 0.0468409471214, 0.0426585748792, 0.0527377426624, 0.0429812967777, 0.0481781028211, 0.0395504161716, 0.0487904697657, 0.0499796643853]
        dvar2: [0.132217854261, 0.0847472697496, 0.0829022973776, 0.0938235446811, 0.0688087120652, 0.0722497999668, 0.0971228480339, 0.118569612503, 0.104203246534, 0.100748449564, 0.122207514942, 0.120944991708, 0.151242271066, 0.153733566403, 0.0984303429723, 0.0727987587452, 0.087267331779, 0.0875208228827, 0.0663453936577, 0.0666749924421, 0.0742876157165, 0.0377308763564, 0.0380565226078, 0.0821164250374, 0.133386164904, 0.102217562497, 0.115260966122, 0.142759859562, 0.123434193432, 0.110314838588, 0.117609739304, 0.106483697891, 0.131474032998, 0.0977529659867, 0.115150175989, 0.128179699183]
        max: [0.989155352116, 1, 1, 1, 1, 1, 1, 1, 1, 1, 1, 1, 1, 1, 1, 1, 0.960009455681, 1, 1, 1, 1, 0.833046734333, 0.946719348431, 1, 1, 1, 1, 1, 1, 1, 1, 1, 1, 1, 1, 1]
        mean: [0.170487195253, 0.166228428483, 0.292005091906, 0.362864375114, 0.255331039429, 0.19382815063, 0.201832771301, 0.203987315297, 0.266989499331, 0.326709330082, 0.272417277098, 0.211778998375, 0.217111155391, 0.240484669805, 0.292992025614, 0.309039324522, 0.241366773844, 0.20332916081, 0.180322691798, 0.140424638987, 0.126194581389, 0.122911438346, 0.119649000466, 0.181374788284, 0.264075428247, 0.26050132513, 0.227081552148, 0.19845739007, 0.200663179159, 0.357968300581, 0.474892795086, 0.346215426922, 0.220594197512, 0.200193628669, 0.197327941656, 0.195037811995]
        min: [0.00135947926901, 0.00244834739715, 0.00820313766599, 0.00611198507249, 0.0027558254078, 0.00106470135506, 0.000883014989085, 0.00202808016911, 0.00529824895784, 0.0116559788585, 0.0115823633969, 0.00794053357095, 0.00344407116063, 0.000923369196244, 0.0046444828622, 0.00585218286142, 0.00241309124976, 0.00112297839951, 0.00124989810865, 0.00121989566833, 0.000922869250644, 0.00225425465032, 0.00185371201951, 0.00349667179398, 0.00530885858461, 0.00332467607222, 0.00149532069918, 0.00205102050677, 0.00311366119422, 0.00937009416521, 0.00704261893407, 0.00156447605696, 0.00134235643782, 0.00205546920188, 0.00164128583856, 0.000968082284089]
        var: [0.0487942732871, 0.0343450717628, 0.0758809000254, 0.115227378905, 0.0606949552894, 0.0492468811572, 0.0537161678076, 0.0529256239533, 0.0683108791709, 0.0890085473657, 0.0681384578347, 0.0526917204261, 0.0590590052307, 0.0675647556782, 0.0603775903583, 0.0603370591998, 0.0478369928896, 0.0445011146367, 0.0360497534275, 0.0243226513267, 0.0269273072481, 0.0174492616206, 0.019870845601, 0.0417989082634, 0.0976362153888, 0.0687523707747, 0.0568325072527, 0.0488036945462, 0.0432385131717, 0.0672645866871, 0.126896649599, 0.0795185565948, 0.0646696016192, 0.0540695488453, 0.0603737384081, 0.0571025423706]
    chords_histogram: [17.9723510742, 0, 77.4193572998, 4.14746522903, 0, 0, 0, 0, 0, 0.460829496384, 0, 0, 0, 0, 0, 0, 0, 0, 0, 0, 0, 0, 0, 0]
    thpcp: [1, 0.729039132595, 0.46451368928, 0.421555399895, 0.415521025658, 0.410698622465, 0.359001427889, 0.350033581257, 0.614886343479, 0.764097452164, 0.537660360336, 0.408151388168, 0.425007015467, 0.429543912411, 0.562210023403, 0.687964379787, 0.573639512062, 0.445951163769, 0.457179307938, 0.506397783756, 0.616964578629, 0.650756001472, 0.508255302906, 0.428158015013, 0.379712432623, 0.295697569847, 0.265732765198, 0.25881934166, 0.251949489117, 0.381927847862, 0.556073784828, 0.548547625542, 0.478174358606, 0.417899340391, 0.422544151545, 0.753787577152]
    chords_key: "G"
    chords_scale: "minor"
    key_key: "C"
    key_scale: "minor"
    chords_progression: ["Gm", "Gm", "Gm", "Gm", "Gm", "Gm", "Gm", "Gm", "Gm", "Gm", "Gm", "Gm", "Gm", "Gm", "Gm", "Gm", "Gm", "Gm", "Gm", "Gm", "Gm", "Gm", "Gm", "Gm", "Gm", "Gm", "Gm", "Gm", "Gm", "Gm", "Gm", "Gm", "Gm", "Gm", "Gm", "Gm", "Gm", "Gm", "Gm", "Gm", "Gm", "Gm", "Gm", "Gm", "Gm", "Gm", "Gm", "Gm", "Gm", "Gm", "Gm", "Gm", "Gm", "Gm", "Gm", "Gm", "Gm", "Gm", "A#", "A#", "A#", "A#", "Gm", "Gm", "A#", "A#", "A#", "Gm", "Gm", "Gm", "A#", "A#", "Gm", "Gm", "Gm", "Gm", "Gm", "Gm", "Gm", "Cm", "Cm", "Cm", "Cm", "Cm", "Cm", "Cm", "Cm", "Cm", "Cm", "Cm", "Cm", "Cm", "Cm", "Cm", "Cm", "Cm", "Cm", "Cm", "Cm", "Cm", "Cm", "Cm", "Cm", "Cm", "Cm", "Cm", "Cm", "Cm", "Cm", "G", "Gm", "Gm", "Gm", "Gm", "Gm", "Gm", "Gm", "Gm", "Gm", "Gm", "Gm", "Gm", "Gm", "Gm", "Gm", "Gm", "Gm", "Gm", "Gm", "Gm", "Gm", "Gm", "Gm", "Gm", "Gm", "Gm", "Gm", "Gm", "Gm", "Gm", "Gm", "Gm", "Gm", "Gm", "Gm", "Gm", "Gm", "Gm", "Gm", "Gm", "Gm", "Gm", "Cm", "Cm", "Cm", "Cm", "Gm", "Gm", "Gm", "Gm", "Gm", "Gm", "Gm", "Cm", "Gm", "Gm", "Gm", "Gm", "Gm", "Gm", "Gm", "Gm", "Gm", "Gm", "Gm", "Gm", "Gm", "Gm", "Gm", "Gm", "Gm", "Gm", "Gm", "Gm", "Gm", "Gm", "Gm", "Gm", "Gm", "Gm", "Gm", "Gm", "Gm", "Gm", "Gm", "Gm", "Gm", "Gm", "Gm", "Gm", "Gm", "Gm", "Gm", "Gm", "Gm", "Gm", "Gm", "Gm", "Gm", "Gm", "Gm", "Gm", "Gm", "Cm", "Cm", "Cm", "Cm"]
