
metadata:
    version:
        essentia: "1.2.2"
    audio_properties:
        analysis_sample_rate: 44100
        bitrate: 128
        channels: 2
        equal_loudness: 1
        length: 9.90040779114
        replay_gain: -9.18962287903
        downmix: "mix"
    tags:
        track: 7
        year: 0
        album: "Splitted by Mp3Splt v. 2.1"
        artist: "From 001.00 To 001.10"
        comment: "http://mp3splt.sf.net"
        genre: ""
        title: "02 Bad Ass [Urban Mix].mp3"

highlevel:
    ballroom:
        all:
            ChaChaCha: 0.233452230692
            Jive: 0.0168314650655
            Quickstep: 0.00570146180689
            Rumba-American: 0.0108998846263
            Rumba-International: 0.675849795341
            Rumba-Misc: 0.00926376972347
            Samba: 0.0447136685252
            Tango: 0.000434284273069
            VienneseWaltz: 0.00130759936292
            Waltz: 0.0015458551934
        probability: 0.675849795341
        value: "Rumba-International"
    culture:
        all:
            non_western: 0.0347190462053
            western: 0.965280950069
        probability: 0.965280950069
        value: "western"
    gender:
        all:
            female: 0.717742800713
            male: 0.282257199287
        probability: 0.717742800713
        value: "female"
    genre_dortmund:
        all:
            alternative: 0.0272722691298
            blues: 0.00422645406798
            electronic: 0.387432485819
            folkcountry: 0.00710398424417
            funksoulrnb: 0.00567652052268
            jazz: 0.46893915534
            pop: 0.00666764704511
            raphiphop: 0.00183593668044
            rock: 0.0908455401659
        probability: 0.46893915534
        value: "jazz"
    genre_electronica:
        all:
            ambient: 0.183214440942
            dnb: 0.178888082504
            house: 0.13810300827
            techno: 0.2102445364
            trance: 0.289549916983
        probability: 0.289549916983
        value: "trance"
    genre_rosamerica:
        all:
            cla: 0.0290626566857
            dan: 0.0892865583301
            hip: 0.0164609719068
            jaz: 0.146120995283
            pop: 0.0484764873981
            rhy: 0.565761566162
            roc: 0.0953594297171
            spe: 0.00947133544832
        probability: 0.565761566162
        value: "rhy"
    genre_tzanetakis:
        all:
            blu: 0.0356201417744
            cla: 0.0542435459793
            cou: 0.0298932269216
            dis: 0.0415663085878
            hip: 0.261880397797
            jaz: 0.0254769232124
            met: 0.0554855652153
            pop: 0.0611226558685
            reg: 0.326754689217
            roc: 0.107956565917
        probability: 0.326754689217
        value: "reg"
    live_studio:
        all:
            live: 0.148431554437
            studio: 0.851568460464
        probability: 0.851568460464
        value: "studio"
    mood:
        all:
            Cluster1: 0.237104520202
            Cluster2: 0.268903106451
            Cluster3: 0.239302143455
            Cluster4: 0.0674108490348
            Cluster5: 0.187279388309
        probability: 0.268903106451
        value: "Cluster2"
    mood_acoustic:
        all:
            acoustic: 0.177551791072
            not_acoustic: 0.822448194027
        probability: 0.822448194027
        value: "not_acoustic"
    mood_aggressive:
        all:
            aggressive: 0.733453273773
            not_aggressive: 0.266546696424
        probability: 0.733453273773
        value: "aggressive"
    mood_electronic:
        all:
            electronic: 0.925330638885
            not_electronic: 0.0746693313122
        probability: 0.925330638885
        value: "electronic"
    mood_happy:
        all:
            happy: 0.0840370878577
            not_happy: 0.915962934494
        probability: 0.915962934494
        value: "not_happy"
    mood_party:
        all:
            not_party: 0.3181848526
            party: 0.6818151474
        probability: 0.6818151474
        value: "party"
    mood_relaxed:
        all:
            not_relaxed: 0.259621828794
            relaxed: 0.740378201008
        probability: 0.740378201008
        value: "relaxed"
    mood_sad:
        all:
            not_sad: 0.737067639828
            sad: 0.262932360172
        probability: 0.737067639828
        value: "not_sad"
    rhythm:
        all:
            fast: 0.210670411587
            medium: 0.65083104372
            slow: 0.138498574495
        probability: 0.65083104372
        value: "medium"
    speech_music:
        all:
            music: 0.998912334442
            speech: 0.00108765740879
        probability: 0.998912334442
        value: "music"
    timbre:
        all:
            bright: 0.244817450643
            dark: 0.755182564259
        probability: 0.755182564259
        value: "dark"
    voice_instrumental:
        all:
            instrumental: 0.959177434444
            voice: 0.0408225394785
        probability: 0.959177434444
        value: "instrumental"

lowlevel:
    average_loudness: 0.986243963242
    barkbands_kurtosis:
        dmean: 28.8545703888
        dmean2: 42.4227027893
        dvar: 2368.01538086
        dvar2: 4365.3671875
        max: 320.681304932
        mean: 34.6065444946
        min: -1.96262776852
        var: 4026.13720703
    barkbands_skewness:
        dmean: 1.96447277069
        dmean2: 2.564037323
        dvar: 5.26299905777
        dvar2: 9.53054714203
        max: 14.6973991394
        mean: 2.98634982109
        min: -2.35447406769
        var: 16.7457904816
    barkbands_spread:
        dmean: 11.9337320328
        dmean2: 18.3701610565
        dvar: 214.193252563
        dvar2: 421.509887695
        max: 74.5689697266
        mean: 25.4192256927
        min: 0.332054674625
        var: 441.571868896
    dissonance:
        dmean: 0.0316427312791
        dmean2: 0.0390161536634
        dvar: 0.0015040312428
        dvar2: 0.00200764974579
        max: 0.498825192451
        mean: 0.433559298515
        min: 0.138728410006
        var: 0.00524364691228
    hfc:
        dmean: 3.08413934708
        dmean2: 4.56152534485
        dvar: 26.0414276123
        dvar2: 46.3403625488
        max: 36.1825752258
        mean: 6.37961387634
        min: 0.138944342732
        var: 73.9818725586
    pitch:
        dmean: 657.325256348
        dmean2: 1281.8951416
        dvar: 1771847.5
        dvar2: 3912205.75
        max: 4410
        mean: 1388.4083252
        min: 80.3278656006
        var: 3136858.5
    pitch_instantaneous_confidence:
        dmean: 0.118509054184
        dmean2: 0.183807983994
        dvar: 0.0150023903698
        dvar2: 0.0303105525672
        max: 0.901529371738
        mean: 0.562365412712
        min: 0.147484302521
        var: 0.0386593937874
    pitch_salience:
        dmean: 0.0763603150845
        dmean2: 0.114038400352
        dvar: 0.00832962803543
        dvar2: 0.0151216769591
        max: 0.874480903149
        mean: 0.453826338053
        min: 0.0720661655068
        var: 0.0564127489924
    silence_rate_20dB:
        dmean: 0
        dmean2: 0
        dvar: 0
        dvar2: 0
        max: 1
        mean: 1
        min: 1
        var: 0
    silence_rate_30dB:
        dmean: 0
        dmean2: 0
        dvar: 0
        dvar2: 0
        max: 1
        mean: 1
        min: 1
        var: 0
    silence_rate_60dB:
        dmean: 0.220140516758
        dmean2: 0.438967138529
        dvar: 0.171678632498
        dvar2: 0.316698342562
        max: 1
        mean: 0.528037369251
        min: 0
        var: 0.249213680625
    spectral_centroid:
        dmean: 422.116394043
        dmean2: 625.135437012
        dvar: 340319.40625
        dvar2: 551200.25
        max: 3729.66333008
        mean: 1230.03320312
        min: 149.975891113
        var: 1345685.375
    spectral_complexity:
        dmean: 3.50704216957
        dmean2: 5.00941181183
        dvar: 39.0762939453
        dvar2: 69.1998977661
        max: 48
        mean: 9.10070228577
        min: 0
        var: 114.727539062
    spectral_crest:
        dmean: 2.83637857437
        dmean2: 4.33929395676
        dvar: 7.18536186218
        dvar2: 13.656867981
        max: 24.3062953949
        mean: 13.2313318253
        min: 3.03003048897
        var: 39.019859314
    spectral_decrease:
        dmean: 2.22975554687e-10
        dmean2: 3.33440108857e-10
        dvar: 7.29438172564e-20
        dvar2: 1.50998085584e-19
        max: -7.63788251396e-12
        mean: -8.72449501532e-10
        min: -2.44813103123e-09
        var: 1.92616928472e-19
    spectral_energy:
        dmean: 0.00108607206494
        dmean2: 0.00161773874424
        dvar: 2.03058198167e-06
        dvar2: 3.93194750359e-06
        max: 0.0119401868433
        mean: 0.00387147511356
        min: 4.14298556279e-05
        var: 5.43521446161e-06
    spectral_energyband_high:
        dmean: 0.000335728371283
        dmean2: 0.000548511976376
        dvar: 2.51314304478e-07
        dvar2: 4.80192397845e-07
        max: 0.00309817004018
        mean: 0.000599033432081
        min: 4.94721170696e-08
        var: 6.61537285396e-07
    spectral_energyband_low:
        dmean: 0.000207016491913
        dmean2: 0.000331542745698
        dvar: 9.54198000613e-08
        dvar2: 2.7549330639e-07
        max: 0.00372045882978
        mean: 0.000389479915611
        min: 1.84242566093e-07
        var: 1.41402452414e-07
    spectral_energyband_middle_high:
        dmean: 0.000524246832356
        dmean2: 0.000730817380827
        dvar: 1.02082140074e-06
        dvar2: 1.83500242201e-06
        max: 0.00728767458349
        mean: 0.00101316650398
        min: 2.33250318615e-07
        var: 2.68561007033e-06
    spectral_energyband_middle_low:
        dmean: 0.00053180748364
        dmean2: 0.000809567805845
        dvar: 2.80324485402e-07
        dvar2: 6.85951249579e-07
        max: 0.0053919008933
        mean: 0.00186978559941
        min: 2.25066287385e-06
        var: 1.10848077384e-06
    spectral_flatness_db:
        dmean: 0.0515903793275
        dmean2: 0.0700383707881
        dvar: 0.00364055740647
        dvar2: 0.0069730989635
        max: 0.569674134254
        mean: 0.257903277874
        min: 0.0809721723199
        var: 0.0108774900436
    spectral_flux:
        dmean: 0.0112590249628
        dmean2: 0.0179702248424
        dvar: 0.000151442131028
        dvar2: 0.000347202760167
        max: 0.096923686564
        mean: 0.0328172072768
        min: 0.00172851572279
        var: 0.000329812290147
    spectral_kurtosis:
        dmean: 5.9719042778
        dmean2: 9.78878116608
        dvar: 274.710327148
        dvar2: 603.263244629
        max: 139.426849365
        mean: 5.90855979919
        min: -0.739157915115
        var: 271.483276367
    spectral_rms:
        dmean: 0.000267425726634
        dmean2: 0.000394620466977
        dvar: 1.06437653358e-07
        dvar2: 1.89326783584e-07
        max: 0.00341305765323
        mean: 0.00186625798233
        min: 0.000201045695576
        var: 2.94134622436e-07
    spectral_rolloff:
        dmean: 921.52935791
        dmean2: 1653.64807129
        dvar: 2551061.25
        dvar2: 5162768.5
        max: 5857.03125
        mean: 2146.20898438
        min: 150.732421875
        var: 4400639.5
    spectral_skewness:
        dmean: 0.698019564152
        dmean2: 1.00706124306
        dvar: 1.42803800106
        dvar2: 2.89500260353
        max: 10.0831651688
        mean: 1.44952189922
        min: -0.0036390197929
        var: 2.16926574707
    spectral_spread:
        dmean: 1226149.75
        dmean2: 1563850.25
        dvar: 1.72164671078e+12
        dvar2: 2.71217957274e+12
        max: 19747810
        mean: 5613282.5
        min: 861542.4375
        var: 4.20146603622e+12
    spectral_strongpeak:
        dmean: 0.388777852058
        dmean2: 0.688057720661
        dvar: 0.600229740143
        dvar2: 1.69665169716
        max: 4.13713741302
        mean: 0.548586606979
        min: 0.0193338356912
        var: 0.619741201401
    zerocrossingrate:
        dmean: 0.019502595067
        dmean2: 0.0209914986044
        dvar: 0.000428959494457
        dvar2: 0.000396417861339
        max: 0.18408203125
        mean: 0.0685594901443
        min: 0.00634765625
        var: 0.00307470746338
    barkbands:
        dmean: [8.93451499451e-08, 5.13461091032e-05, 0.000182349074748, 0.000450478401035, 0.000181927374797, 7.17904185876e-05, 4.07803418057e-05, 3.31498340529e-05, 3.28185597027e-05, 1.88525464182e-05, 2.61620662059e-05, 9.32931288844e-06, 2.2444910428e-05, 1.11630870379e-05, 2.69698139164e-05, 5.41645640624e-05, 8.11265490483e-05, 0.000143183846376, 0.000223467985052, 0.000201833827305, 0.000171845444129, 9.92915011011e-05, 1.02892208815e-05, 5.49022706764e-06, 2.11573387787e-06, 2.37854411722e-08, 3.55539375718e-09]
        dmean2: [1.36743096846e-07, 8.71219090186e-05, 0.0002867342846, 0.000682056415826, 0.000290114461677, 0.000109618566057, 6.91553941579e-05, 6.0103386204e-05, 5.63028552278e-05, 3.38928439305e-05, 4.25744510721e-05, 1.65383335116e-05, 3.87049512938e-05, 1.84781692951e-05, 3.86201754736e-05, 8.24267917778e-05, 0.00012332748156, 0.000179687383934, 0.000345153326634, 0.000325066765072, 0.000281385408016, 0.000162536554853, 1.60377348948e-05, 9.14371139515e-06, 3.64190714208e-06, 3.76449769135e-08, 5.53297896388e-09]
        dvar: [4.03291278411e-13, 1.14797122919e-08, 8.66790301757e-08, 2.49512225992e-07, 7.65944676573e-08, 1.49958232498e-08, 8.13220868423e-09, 2.08258459367e-08, 3.20250115315e-09, 3.04350922242e-09, 1.01673585107e-08, 2.72905675835e-09, 3.41477757182e-09, 1.65873859093e-09, 2.79672707215e-09, 1.99748591001e-08, 3.31197398395e-08, 7.84637137485e-08, 1.47363579117e-07, 1.25328227796e-07, 9.36658182127e-08, 3.40983561387e-08, 2.13355999534e-10, 4.97898562657e-11, 1.22547978709e-11, 3.1434277822e-15, 2.41112565941e-15]
        dvar2: [1.0209303021e-12, 3.19249018332e-08, 2.45978668545e-07, 5.89586420574e-07, 1.67857947986e-07, 2.73976041854e-08, 2.32037677961e-08, 5.98448934852e-08, 9.03309604894e-09, 8.17315903845e-09, 2.35967991813e-08, 8.04920929909e-09, 8.38681746274e-09, 4.47368453393e-09, 6.05384853358e-09, 4.87308717823e-08, 7.94015306838e-08, 1.25691713038e-07, 3.50901814272e-07, 2.7626776955e-07, 1.79420112545e-07, 9.03554635556e-08, 4.56386928249e-10, 1.15776235821e-10, 3.11655944107e-11, 7.65408786699e-15, 6.19333338615e-15]
        max: [9.56792518991e-06, 0.00101550354157, 0.00348706031218, 0.0049321395345, 0.0030777589418, 0.000790584366769, 0.00117871863768, 0.00203975709155, 0.000426492595579, 0.000403857091442, 0.00175661430694, 0.000801584974397, 0.000608668022323, 0.000603280437645, 0.000518181768712, 0.00163600663655, 0.001974607585, 0.00210434035398, 0.00259923562407, 0.00298135727644, 0.00187445292249, 0.000948037428316, 0.000103251004475, 3.31653391186e-05, 1.80211936822e-05, 8.05358070011e-07, 7.68853283262e-07]
        mean: [1.35942826773e-07, 0.000127030012663, 0.000262327201199, 0.00134744134266, 0.000280638923869, 0.000128935527755, 5.24944589415e-05, 2.60028537014e-05, 3.1764007872e-05, 1.69639461092e-05, 2.71693006653e-05, 8.63310469867e-06, 2.50128487096e-05, 1.24144535221e-05, 3.59451514669e-05, 6.54389586998e-05, 0.000103772625152, 0.000193821149878, 0.000327194400597, 0.000344755360857, 0.000335515884217, 9.33729097596e-05, 1.59820629051e-05, 6.88652289682e-06, 1.80385563908e-06, 2.27122995966e-08, 2.21014118118e-09]
        min: [8.02820934731e-11, 7.10654068925e-09, 1.67420694197e-07, 5.69349708712e-07, 2.27364381544e-07, 1.24330895801e-07, 1.25569687981e-08, 1.3843407487e-07, 1.5452827995e-07, 1.46682754831e-08, 5.31481481048e-09, 1.06185842341e-08, 2.03482386496e-09, 1.61405944166e-09, 4.24854418313e-09, 2.44721864995e-09, 1.17822018808e-08, 2.1059083366e-08, 2.16691962152e-08, 1.44978606897e-08, 2.22525464721e-09, 1.44324960871e-08, 2.622278783e-10, 1.47247533611e-10, 5.09433641105e-11, 7.81695834364e-13, 6.98228528421e-15]
        var: [3.58093762975e-13, 2.96921456311e-08, 1.21821528865e-07, 9.71324084276e-07, 2.48132437264e-07, 3.54030653682e-08, 6.48973585982e-09, 1.23389103379e-08, 3.03554337222e-09, 2.62360844161e-09, 1.33014932402e-08, 1.63305080569e-09, 3.55324059065e-09, 1.24110055566e-09, 4.72397720941e-09, 2.63864379235e-08, 4.28152233667e-08, 1.67869458778e-07, 3.25981858396e-07, 2.87787941033e-07, 2.65508390385e-07, 2.68474575904e-08, 5.58401991313e-10, 6.69019215027e-11, 9.6628425747e-12, 2.4287267923e-15, 1.4051024045e-15]
    mfcc:
        mean: [-795.098876953, 88.3976211548, 8.22476959229, 81.3139190674, -10.9196281433, 3.52038264275, -10.1068382263, -4.28106212616, -8.71439647675, -5.78900289536, -9.05344581604, -9.2073135376, -11.6166687012]
        cov: [[11652.7568359, -4063.22412109, -2945.55712891, -443.672302246, 251.699493408, 131.226776123, 891.480651855, 48.9638061523, 447.01852417, 374.248321533, 144.236572266, 468.773620605, 276.670440674], [-4063.22412109, 2519.70239258, 657.860839844, -115.560852051, -72.4705352783, -47.6934661865, -260.436035156, 96.1371307373, -93.7362670898, -186.346282959, -34.764705658, -68.6769104004, -29.6346721649], [-2945.55712891, 657.860839844, 1418.69287109, 117.444732666, 11.1826982498, -67.2461929321, -280.130981445, -22.2969799042, -83.1846694946, -87.7348403931, 15.4216594696, -202.41859436, -59.2075119019], [-443.672302246, -115.560852051, 117.444732666, 302.715911865, 37.2006721497, 88.6091156006, -10.694065094, -1.56734848022, -27.0802822113, 69.8751907349, 7.69328308105, 9.44426345825, -3.62437868118], [251.699493408, -72.4705352783, 11.1826982498, 37.2006721497, 178.365188599, 68.1293258667, 73.5998153687, 62.8648719788, 73.232093811, 39.8900375366, 48.1023330688, 30.4442520142, 55.0185279846], [131.226776123, -47.6934661865, -67.2461929321, 88.6091156006, 68.1293258667, 141.643371582, 112.496536255, 60.6414680481, 37.8450393677, 65.6494827271, 31.9805030823, 64.6371459961, 43.5220031738], [891.480651855, -260.436035156, -280.130981445, -10.694065094, 73.5998153687, 112.496536255, 245.889694214, 66.887878418, 76.8958282471, 58.2000198364, 3.72782444954, 108.368041992, 55.354927063], [48.9638061523, 96.1371307373, -22.2969799042, -1.56734848022, 62.8648719788, 60.6414680481, 66.887878418, 146.791549683, 88.1544342041, 31.0954761505, 65.8485641479, 35.5476875305, 57.0068435669], [447.01852417, -93.7362670898, -83.1846694946, -27.0802822113, 73.232093811, 37.8450393677, 76.8958282471, 88.1544342041, 132.752670288, 47.8306503296, 71.6634674072, 41.0436897278, 56.3359222412], [374.248321533, -186.346282959, -87.7348403931, 69.8751907349, 39.8900375366, 65.6494827271, 58.2000198364, 31.0954761505, 47.8306503296, 102.463752747, 40.5962295532, 58.1220855713, 24.9292201996], [144.236572266, -34.764705658, 15.4216594696, 7.69328308105, 48.1023330688, 31.9805030823, 3.72782444954, 65.8485641479, 71.6634674072, 40.5962295532, 125.05406189, -12.5559272766, 45.7117042542], [468.773620605, -68.6769104004, -202.41859436, 9.44426345825, 30.4442520142, 64.6371459961, 108.368041992, 35.5476875305, 41.0436897278, 58.1220855713, -12.5559272766, 127.01512146, 35.4261703491], [276.670440674, -29.6346721649, -59.2075119019, -3.62437868118, 55.0185279846, 43.5220031738, 55.354927063, 57.0068435669, 56.3359222412, 24.9292201996, 45.7117042542, 35.4261703491, 72.4853363037]]
        icov: [[0.000866020331159, 0.00107272039168, 0.00101844896562, 0.00131531828083, -0.000653551425785, 0.000623736763373, -0.00032592334901, 0.00015689022257, 3.79391567549e-05, -0.000552523008082, -0.00039664452197, -0.000521442329045, -0.00105671060737], [0.00107272039168, 0.002053467324, 0.00103196734563, 0.00207910686731, -0.000708464998752, -0.000347256340319, 0.000850283133332, -0.000870766642038, 0.000381785590434, 0.000771444349084, -0.000413345202105, -0.00173843663651, -0.000978061347269], [0.00101844896562, 0.00103196734563, 0.00240077101626, 0.00112931604963, -0.00133298232686, 0.000419893913204, 0.000435068097431, 2.77448307315e-05, -0.000157581773237, -0.000756079214625, -3.5657263652e-05, 0.000971708795987, -0.00111228902824], [0.00131531828083, 0.00207910686731, 0.00112931604963, 0.00843730568886, -0.00178473186679, -0.00450163567439, 0.00242576375604, -0.000387504784157, 0.00213574315421, -0.00467878067866, 0.00105963111855, 5.08754928887e-05, -0.00106016825885], [-0.000653551425785, -0.000708464998752, -0.00133298232686, -0.00178473186679, 0.00972722936422, -0.00260277395137, -0.000723122910131, 0.000264982169028, -0.00370626221411, 0.00083569646813, 0.000677514181007, 0.00126483594067, -0.0029021226801], [0.000623736763373, -0.000347256340319, 0.000419893913204, -0.00450163567439, -0.00260277395137, 0.0248313937336, -0.0108970282599, -0.00260574836284, 0.00651063490659, -0.00655806204304, -0.00460621155798, -0.00193670333829, -0.00392084941268], [-0.00032592334901, 0.000850283133332, 0.000435068097431, 0.00242576375604, -0.000723122910131, -0.0108970282599, 0.0143828447908, -0.00181938894093, -0.00379281933419, 0.00297666876577, 0.00472931843251, -0.00362628954463, 0.000321039377013], [0.00015689022257, -0.000870766642038, 2.77448307315e-05, -0.000387504784157, 0.000264982169028, -0.00260574836284, -0.00181938894093, 0.0162205994129, -0.00758297508582, 0.00176539504901, -0.00339597580023, -0.000475819600979, -0.00329503579997], [3.79391567549e-05, 0.000381785590434, -0.000157581773237, 0.00213574315421, -0.00370626221411, 0.00651063490659, -0.00379281933419, -0.00758297508582, 0.0229132343084, -0.00537488283589, -0.00674361968413, -0.00222159572877, -0.00286766188219], [-0.000552523008082, 0.000771444349084, -0.000756079214625, -0.00467878067866, 0.00083569646813, -0.00655806204304, 0.00297666876577, 0.00176539504901, -0.00537488283589, 0.0285471249372, -0.00838771183044, -0.0123815275729, 0.00691479863599], [-0.00039664452197, -0.000413345202105, -3.5657263652e-05, 0.00105963111855, 0.000677514181007, -0.00460621155798, 0.00472931843251, -0.00339597580023, -0.00674361968413, -0.00838771183044, 0.0213251262903, 0.0104951225221, -0.00777239119634], [-0.000521442329045, -0.00173843663651, 0.000971708795987, 5.08754928887e-05, 0.00126483594067, -0.00193670333829, -0.00362628954463, -0.000475819600979, -0.00222159572877, -0.0123815275729, 0.0104951225221, 0.0236167758703, -0.00675391964614], [-0.00105671060737, -0.000978061347269, -0.00111228902824, -0.00106016825885, -0.0029021226801, -0.00392084941268, 0.000321039377013, -0.00329503579997, -0.00286766188219, 0.00691479863599, -0.00777239119634, -0.00675391964614, 0.0314241014421]]
    spectral_contrast:
        mean: [-2.26660361591e-07, -5.12816313858e-08, -1.7487053583e-07, 2.19539117552e-07, -2.83366343723e-08, -6.3164172559e-08, 6.11017412666e-07, -2.3478228286e-06, -3.43012857229e-06, -1.45982528466e-06, -1.02011881609e-06, 1.34340768909e-06]
        var: [0.000213346778764, 0.000688119442202, 0.00115904549602, 0.00153582682833, 0.00295272143558, 0.00354869524017, 0.0398849956691, 0.105896890163, 0.200082868338, 0.590028762817, 1.07642436028, 6.87165737152]

rhythm:
    beats_loudness:
        dmean: 0.0016685569426
        dmean2: 0.00327896676026
        dvar: 6.4952359935e-07
        dvar2: 2.26642805501e-06
        max: 0.00965520273894
        mean: 0.00858500786126
        min: 0.00654824730009
        var: 1.09184725261e-06
    beats_loudness_bass:
        dmean: 0.0414408519864
        dmean2: 0.0622580200434
        dvar: 0.000204813986784
        dvar2: 0.00108916207682
        max: 0.134575173259
        mean: 0.070070758462
        min: 0.0154781611636
        var: 0.00122325052507
    bpm: 91.2132492065
    bpm_confidence: 0
    first_peak_bpm: 91
    first_peak_spread: 0.0769230723381
    first_peak_weight: 0.923076927662
    onset_rate: 4.74727869034
    second_peak_bpm: 0
    second_peak_spread: 0
    second_peak_weight: 0
    beats_position: [0.618410170078, 1.2757204771, 1.93303072453, 2.59034109116, 3.247651577, 3.90496206284, 4.56227254868, 5.21958303452, 5.87689352036, 6.55846834183, 7.21683502197, 7.87520265579, 8.53357028961, 9.19193744659]
    bpm_estimates: [91.4891891479, 91.2276000977, 91.5058364868, 91.5409927368, 91.16015625, 91.1990280151, 91.1324691772, 91.2362060547, 91.1619796753, 91.1599655151, 91.6187286377, 91.252746582, 91.7253875732, 91.1025466919, 91.1360168457, 91.1739578247, 91.2080535889, 91.2552719116, 89.7658843994]
    bpm_intervals: [0.657310307026, 0.657310247421, 0.657310366631, 0.65731048584, 0.65731048584, 0.65731048584, 0.65731048584, 0.65731048584, 0.681574821472, 0.658366680145, 0.65836763382, 0.65836763382, 0.658367156982]
    onset_times: [0.0348299331963, 0.290249437094, 0.441179126501, 0.603718817234, 0.952018141747, 1.10294783115, 1.26548755169, 1.59056687355, 1.764716506, 1.92725622654, 2.17106580734, 2.28716564178, 2.57741498947, 2.97215414047, 3.05342411995, 3.26240372658, 3.58748292923, 3.76163268089, 3.9125623703, 4.26086187363, 4.41179132462, 4.53950119019, 4.91102027893, 5.06195020676, 5.22448968887, 5.5727891922, 5.73532867432, 5.89786863327, 6.22294807434, 6.38548755646, 6.54802703857, 6.87310647964, 7.0356464386, 7.20979595184, 7.53487539291, 7.70902490616, 7.87156438828, 8.2198638916, 8.37079334259, 8.53333377838, 8.82358264923, 8.87002277374, 9.03256225586, 9.19510173798, 9.52018165588, 9.69433116913, 9.83365058899]
    rubato_start: []
    rubato_stop: []
    perceptual_tempo: "unknown"

sfx:
    inharmonicity:
        dmean: 0.0401547513902
        dmean2: 0.0708106309175
        dvar: 0.0039125024341
        dvar2: 0.0108318580315
        max: 0.35215729475
        mean: 0.0403032265604
        min: 0
        var: 0.00401200214401
    oddtoevenharmonicenergyratio:
        dmean: 7.28454828262
        dmean2: 13.8303833008
        dvar: 1116.58642578
        dvar2: 3035.57519531
        max: 292.573669434
        mean: 4.26778554916
        min: 0
        var: 641.88470459
    pitch_after_max_to_before_max_energy_ratio: 111.196464539
    pitch_centroid: 204.362518311
    pitch_max_to_total: 0
    pitch_min_to_total: 0.517564415932
    tristimulus:
        dmean: [0.179168179631, 0.211585536599, 0.125441789627]
        dmean2: [0.316833138466, 0.364584088326, 0.219883680344]
        dvar: [0.0552252158523, 0.0557288303971, 0.0333449803293]
        dvar2: [0.136457592249, 0.143724307418, 0.0980121567845]
        max: [1, 0.998257935047, 0.853029310703]
        mean: [0.499902129173, 0.346413820982, 0.108341470361]
        min: [0.000591530057136, 0, 0]
        var: [0.115266673267, 0.0839293897152, 0.0313457995653]

tonal:
    chords_changes_rate: 0.0790697708726
    chords_number_rate: 0.0232558138669
    chords_strength:
        dmean: 0.0112392166629
        dmean2: 0.0139583321288
        dvar: 7.89147161413e-05
        dvar2: 0.000112535359222
        max: 0.622989714146
        mean: 0.448994159698
        min: 0.282440066338
        var: 0.00808221939951
    key_strength: 0.526944816113
    tuning_diatonic_strength: 0.402526915073
    tuning_equal_tempered_deviation: 0.206905990839
    tuning_frequency: 453.678466797
    tuning_nontempered_energy_ratio: 0.822315394878
    hpcp:
        dmean: [0.0995617881417, 0.10176807642, 0.0995361804962, 0.107546769083, 0.113576851785, 0.0860760062933, 0.0750688686967, 0.0742376968265, 0.0744347274303, 0.089470602572, 0.110283344984, 0.121057346463, 0.139293268323, 0.152373999357, 0.212656572461, 0.266363799572, 0.228722050786, 0.252483636141, 0.261746376753, 0.35722604394, 0.290329903364, 0.18573153019, 0.119022339582, 0.0809601545334, 0.0678830593824, 0.0569995865226, 0.0663506686687, 0.0902028232813, 0.0965761989355, 0.0852013677359, 0.0542857497931, 0.041791908443, 0.0462960265577, 0.064767986536, 0.107524886727, 0.119270473719]
        dmean2: [0.151803314686, 0.161849021912, 0.165713846684, 0.167834639549, 0.190729439259, 0.146724432707, 0.132395923138, 0.128373339772, 0.129489168525, 0.155023679137, 0.188235625625, 0.204167410731, 0.249913752079, 0.280376672745, 0.403915077448, 0.513618588448, 0.428483366966, 0.440434902906, 0.4725022614, 0.646857023239, 0.544622123241, 0.334847539663, 0.214048177004, 0.145743116736, 0.116177909076, 0.0978653132915, 0.110384523869, 0.155977770686, 0.1724319309, 0.149460956454, 0.0917733982205, 0.0679943487048, 0.0785606279969, 0.108516074717, 0.170492067933, 0.182945936918]
        dvar: [0.0229933131486, 0.0262780096382, 0.0246091559529, 0.0316733941436, 0.0318461917341, 0.0153500912711, 0.0148875387385, 0.0162831954658, 0.0225735437125, 0.022487314418, 0.0363176316023, 0.0426771454513, 0.0611887946725, 0.0585221350193, 0.0912326946855, 0.12392642349, 0.0716592818499, 0.0688940808177, 0.105529747903, 0.113423012197, 0.108349181712, 0.0749738737941, 0.048855189234, 0.035910602659, 0.0302114468068, 0.016310589388, 0.0192642249167, 0.0314729884267, 0.0339905619621, 0.0311342552304, 0.013194215484, 0.00406690454111, 0.00566988158971, 0.010418782942, 0.0263808555901, 0.0315066538751]
        dvar2: [0.0459435880184, 0.0561271458864, 0.05341084674, 0.0763292461634, 0.0779945552349, 0.0359687283635, 0.0379612371325, 0.0411365218461, 0.0584969036281, 0.056598637253, 0.0883772820234, 0.117995366454, 0.178846910596, 0.16764497757, 0.297903686762, 0.400547504425, 0.200447529554, 0.180221736431, 0.264756649733, 0.349350571632, 0.320679008961, 0.194802716374, 0.131815671921, 0.104029551148, 0.0898641422391, 0.0507901199162, 0.0441032983363, 0.076907582581, 0.100158773363, 0.0888026878238, 0.0339385569096, 0.00991815049201, 0.0134664578363, 0.0259538460523, 0.0637275278568, 0.0722075477242]
        max: [0.859718859196, 0.90254420042, 1, 1, 1, 0.691316008568, 0.575412929058, 0.646128058434, 1, 0.779305815697, 1, 1, 1, 1, 1, 1, 1, 1, 1, 1, 1, 1, 1, 1, 1, 1, 1, 1, 1, 1, 0.796390116215, 0.337778121233, 0.379275918007, 0.536519706249, 1, 1]
        mean: [0.113838382065, 0.124538995326, 0.142939180136, 0.171037003398, 0.142673969269, 0.0930648073554, 0.0724642798305, 0.0692114084959, 0.0706395432353, 0.0913361981511, 0.120034381747, 0.132786512375, 0.1454449296, 0.142447307706, 0.154043361545, 0.180437192321, 0.172910362482, 0.315787881613, 0.528226852417, 0.419829696417, 0.198229283094, 0.126450896263, 0.0862022936344, 0.0613411962986, 0.0542536638677, 0.0501651316881, 0.0684939473867, 0.102897904813, 0.104973442852, 0.0785645619035, 0.0559170432389, 0.0431123301387, 0.0472804047167, 0.0632318332791, 0.103480175138, 0.115804761648]
        min: [1.18808247862e-05, 4.85662440042e-06, 5.02632110511e-06, 5.56385430173e-06, 9.39502206165e-06, 1.4493962226e-05, 1.94907152036e-05, 1.19723436001e-05, 1.01808154795e-05, 4.80125345348e-06, 4.73931913803e-06, 4.87040324515e-06, 1.83551346709e-05, 1.61603002198e-05, 2.20062338485e-05, 2.56698567682e-05, 2.14381143451e-05, 1.02534149846e-05, 4.97928613186e-06, 3.15419856634e-06, 4.73216277896e-06, 2.657814548e-06, 1.23533027363e-06, 3.8009814034e-06, 0, 1.65995209045e-06, 1.44100283705e-06, 4.83167468701e-06, 1.51033063958e-05, 1.15161510621e-05, 2.20876008825e-05, 1.08677786557e-05, 0, 2.14384181163e-06, 7.32888884158e-06, 9.00863869902e-06]
        var: [0.0391727797687, 0.0458112284541, 0.0479574911296, 0.0656402781606, 0.0441334582865, 0.0198818389326, 0.0153672648594, 0.0153935421258, 0.019203433767, 0.0257530361414, 0.0425555221736, 0.047495432198, 0.0626178458333, 0.0521697625518, 0.0621322616935, 0.0868653208017, 0.0596940778196, 0.100607298315, 0.191674917936, 0.137303039432, 0.0867692530155, 0.0597323812544, 0.0376400984824, 0.0246879309416, 0.0206987522542, 0.0134972147644, 0.0229974873364, 0.0514096803963, 0.0448812581599, 0.0244137756526, 0.0110691422597, 0.00477189058438, 0.00641073845327, 0.0115009620786, 0.0326355807483, 0.0423967540264]
    chords_histogram: [0, 20.4651165009, 69.3023223877, 3.72093033791, 0, 0, 0, 5.11627912521, 0, 0, 0, 0, 0, 0, 0, 0, 0, 0, 1.39534878731, 0, 0, 0, 0, 0]
    thpcp: [1, 0.794790506363, 0.375273019075, 0.239387482405, 0.16319181025, 0.116126611829, 0.102709025145, 0.0949689149857, 0.129667669535, 0.194798707962, 0.198727950454, 0.148732617497, 0.105858013034, 0.0816170722246, 0.089507766068, 0.119705826044, 0.19590100646, 0.219233006239, 0.215510398149, 0.235768020153, 0.270601868629, 0.323794603348, 0.270099818707, 0.176183402538, 0.137184008956, 0.131025925279, 0.133729562163, 0.172910928726, 0.227240204811, 0.251381605864, 0.275345593691, 0.269670695066, 0.29162350297, 0.341590344906, 0.327341109514, 0.597826242447]
    chords_key: "D#"
    chords_scale: "minor"
    key_key: "G#"
    key_scale: "minor"
    chords_progression: ["B", "Bm", "Bm", "Bm", "B", "B", "B", "B", "B", "B", "D#m", "D#m", "D#m", "D#m", "D#m", "D#m", "D#m", "D#m", "D#m", "D#m", "D#m", "D#m", "D#m", "D#m", "D#m", "D#m", "D#m", "D#m", "D#m", "D#m", "D#m", "D#m", "D#m", "D#m", "D#m", "D#m", "D#m", "D#m", "D#m", "D#m", "D#m", "D#m", "D#m", "D#m", "D#m", "D#m", "D#m", "D#m", "D#m", "D#m", "D#m", "D#m", "D#m", "D#m", "F#", "F#", "F#", "F#", "F#", "F#", "F#", "F#", "D#m", "D#m", "D#m", "D#m", "D#m", "D#m", "D#m", "D#m", "D#m", "D#m", "D#m", "D#m", "D#m", "D#m", "D#m", "D#m", "D#m", "D#m", "D#m", "D#m", "D#m", "D#m", "D#m", "D#m", "D#m", "D#m", "D#m", "D#m", "D#m", "D#m", "D#m", "D#m", "D#m", "D#m", "D#m", "D#m", "D#m", "D#m", "D#m", "D#m", "D#m", "D#m", "D#m", "D#m", "D#m", "D#m", "D#m", "D#m", "D#m", "D#m", "D#m", "D#m", "D#m", "D#m", "D#m", "D#m", "D#m", "D#m", "G#", "D#m", "D#m", "G#", "G#", "G#", "D#m", "D#m", "D#m", "D#m", "B", "B", "B", "B", "B", "B", "B", "B", "B", "B", "B", "B", "B", "B", "G#", "G#", "G#", "B", "G#", "B", "B", "B", "B", "G#", "G#", "G#", "B", "B", "B", "B", "B", "B", "B", "B", "B", "B", "B", "B", "B", "B", "B", "B", "B", "B", "D#m", "D#m", "D#m", "D#m", "D#m", "D#m", "D#m", "D#m", "D#m", "D#m", "D#m", "D#m", "D#m", "D#m", "D#m", "D#m", "D#m", "D#m", "D#m", "D#m", "D#m", "D#m", "D#m", "D#m", "D#m", "D#m", "D#m", "D#m", "D#m", "D#m", "D#m", "D#m", "D#m", "D#m", "D#m", "D#m", "D#m", "D#m", "D#m", "D#m", "D#m"]
