
metadata:
    version:
        essentia: "1.2.2"
    audio_properties:
        analysis_sample_rate: 44100
        bitrate: 128
        channels: 2
        equal_loudness: 1
        length: 10.0310201645
        replay_gain: -3.80324172974
        downmix: "mix"
    tags:
        track: 21
        year: 0
        album: "Splitted by Mp3Splt v. 2.1"
        artist: "From 003.20 To 003.30"
        comment: "http://mp3splt.sf.net"
        genre: ""
        title: "06 Trust.mp3"

highlevel:
    ballroom:
        all:
            ChaChaCha: 0.000248323427513
            Jive: 0.000252584839473
            Quickstep: 0.00200437568128
            Rumba-American: 0.00159469456412
            Rumba-International: 0.0136816510931
            Rumba-Misc: 0.0273833367974
            Samba: 0.000237777087023
            Tango: 0.0103709409013
            VienneseWaltz: 0.335395425558
            Waltz: 0.608830869198
        probability: 0.608830869198
        value: "Waltz"
    culture:
        all:
            non_western: 0.0429445281625
            western: 0.957055449486
        probability: 0.957055449486
        value: "western"
    gender:
        all:
            female: 0.905511498451
            male: 0.0944885089993
        probability: 0.905511498451
        value: "female"
    genre_dortmund:
        all:
            alternative: 0.267265737057
            blues: 0.00873223226517
            electronic: 0.196834549308
            folkcountry: 0.220519676805
            funksoulrnb: 0.00795492716134
            jazz: 0.0508016459644
            pop: 0.102968923748
            raphiphop: 0.0012027437333
            rock: 0.143719553947
        probability: 0.267265737057
        value: "alternative"
    genre_electronica:
        all:
            ambient: 0.973947048187
            dnb: 0.00260781613179
            house: 0.00961968395859
            techno: 0.000667600834277
            trance: 0.0131578659639
        probability: 0.973947048187
        value: "ambient"
    genre_rosamerica:
        all:
            cla: 0.694012284279
            dan: 0.00285960361362
            hip: 0.00165704765823
            jaz: 0.0500082075596
            pop: 0.0306195560843
            rhy: 0.0226491838694
            roc: 0.195381730795
            spe: 0.00281238136813
        probability: 0.694012284279
        value: "cla"
    genre_tzanetakis:
        all:
            blu: 0.000355182331987
            cla: 0.986894667149
            cou: 0.00177919119596
            dis: 0.000736169633456
            hip: 0.000342379731592
            jaz: 0.00522746890783
            met: 0.000860417028889
            pop: 0.00148512166925
            reg: 0.000793592480477
            roc: 0.00152579299174
        probability: 0.986894667149
        value: "cla"
    live_studio:
        all:
            live: 0.55269497633
            studio: 0.447305053473
        probability: 0.55269497633
        value: "live"
    mood:
        all:
            Cluster1: 0.191577464342
            Cluster2: 0.259635418653
            Cluster3: 0.416337609291
            Cluster4: 0.106782950461
            Cluster5: 0.0256665442139
        probability: 0.416337609291
        value: "Cluster3"
    mood_acoustic:
        all:
            acoustic: 0.659969091415
            not_acoustic: 0.340030878782
        probability: 0.659969091415
        value: "acoustic"
    mood_aggressive:
        all:
            aggressive: 0.00639749551192
            not_aggressive: 0.993602514267
        probability: 0.993602514267
        value: "not_aggressive"
    mood_electronic:
        all:
            electronic: 0.531512737274
            not_electronic: 0.468487292528
        probability: 0.531512737274
        value: "electronic"
    mood_happy:
        all:
            happy: 0.107559666038
            not_happy: 0.892440319061
        probability: 0.892440319061
        value: "not_happy"
    mood_party:
        all:
            not_party: 0.991529226303
            party: 0.00847078859806
        probability: 0.991529226303
        value: "not_party"
    mood_relaxed:
        all:
            not_relaxed: 0.0108579415828
            relaxed: 0.98914206028
        probability: 0.98914206028
        value: "relaxed"
    mood_sad:
        all:
            not_sad: 0.0654424503446
            sad: 0.934557557106
        probability: 0.934557557106
        value: "sad"
    rhythm:
        all:
            fast: 0.182797417045
            medium: 0.0678900554776
            slow: 0.749312520027
        probability: 0.749312520027
        value: "slow"
    speech_music:
        all:
            music: 0.919742047787
            speech: 0.0802579596639
        probability: 0.919742047787
        value: "music"
    timbre:
        all:
            bright: 0.941689074039
            dark: 0.0583109073341
        probability: 0.941689074039
        value: "bright"
    voice_instrumental:
        all:
            instrumental: 0.99589318037
            voice: 0.00410684151575
        probability: 0.99589318037
        value: "instrumental"

lowlevel:
    average_loudness: 0.979049324989
    barkbands_kurtosis:
        dmean: 0.597163021564
        dmean2: 0.881842911243
        dvar: 0.642102956772
        dvar2: 1.48995256424
        max: 8.95193004608
        mean: 0.517155349255
        min: -1.5713634491
        var: 2.99222660065
    barkbands_skewness:
        dmean: 0.231117740273
        dmean2: 0.320246964693
        dvar: 0.0521174818277
        dvar2: 0.104097925127
        max: 2.67481946945
        mean: 0.881255686283
        min: -0.718548297882
        var: 0.36433789134
    barkbands_spread:
        dmean: 1.95067083836
        dmean2: 2.8540456295
        dvar: 3.83226633072
        dvar2: 7.98667001724
        max: 29.7450962067
        mean: 14.3507528305
        min: 4.32349491119
        var: 21.3243751526
    dissonance:
        dmean: 0.0327305905521
        dmean2: 0.0549811385572
        dvar: 0.000815007020719
        dvar2: 0.00215436285362
        max: 0.485971301794
        mean: 0.396035462618
        min: 0.244004622102
        var: 0.00186973041855
    hfc:
        dmean: 0.711783647537
        dmean2: 0.922481000423
        dvar: 1.19731485844
        dvar2: 2.05939221382
        max: 18.1809387207
        mean: 4.29243564606
        min: 3.84597524317e-06
        var: 6.99969863892
    pitch:
        dmean: 39.9185943604
        dmean2: 77.1119003296
        dvar: 5532.09472656
        dvar2: 11936.8886719
        max: 700
        mean: 221.664459229
        min: 73.6227035522
        var: 8779.19042969
    pitch_instantaneous_confidence:
        dmean: 0.0553873516619
        dmean2: 0.0814561769366
        dvar: 0.00310629513115
        dvar2: 0.00625339848921
        max: 0.866875946522
        mean: 0.620634496212
        min: 0.265354990959
        var: 0.0139290932566
    pitch_salience:
        dmean: 0.0441302135587
        dmean2: 0.0656232908368
        dvar: 0.00189418462105
        dvar2: 0.00376808247529
        max: 0.961555242538
        mean: 0.530270576477
        min: 0.311472356319
        var: 0.00795503519475
    silence_rate_20dB:
        dmean: 0
        dmean2: 0
        dvar: 0
        dvar2: 0
        max: 1
        mean: 1
        min: 1
        var: 0
    silence_rate_30dB:
        dmean: 0
        dmean2: 0
        dvar: 0
        dvar2: 0
        max: 1
        mean: 1
        min: 1
        var: 0
    silence_rate_60dB:
        dmean: 0.0648148134351
        dmean2: 0.127610206604
        dvar: 0.0606144592166
        dvar2: 0.134528115392
        max: 1
        mean: 0.175519630313
        min: 0
        var: 0.144712716341
    spectral_centroid:
        dmean: 78.9258956909
        dmean2: 120.017974854
        dvar: 8976.20117188
        dvar2: 19844.0234375
        max: 1618.8885498
        mean: 791.368041992
        min: 390.542907715
        var: 43988.203125
    spectral_complexity:
        dmean: 1.51044082642
        dmean2: 2.42558145523
        dvar: 1.80905711651
        dvar2: 3.93283033371
        max: 20
        mean: 11.0625
        min: 0
        var: 8.40581607819
    spectral_crest:
        dmean: 1.52558422089
        dmean2: 2.11667847633
        dvar: 1.67383503914
        dvar2: 3.30983734131
        max: 16.953332901
        mean: 8.22032356262
        min: 3.71319937706
        var: 6.78009128571
    spectral_decrease:
        dmean: 1.81440071301e-10
        dmean2: 2.40610198432e-10
        dvar: 3.68016725804e-20
        dvar2: 6.25123588738e-20
        max: -1.48799611921e-15
        mean: -1.28599964011e-09
        min: -3.33836069899e-09
        var: 2.83726775816e-19
    spectral_energy:
        dmean: 0.000737908761948
        dmean2: 0.000966434308793
        dvar: 6.42386510208e-07
        dvar2: 1.09135373805e-06
        max: 0.0142488088459
        mean: 0.00524299172685
        min: 5.96488902715e-09
        var: 4.90809225084e-06
    spectral_energyband_high:
        dmean: 3.64916559192e-06
        dmean2: 5.30055967829e-06
        dvar: 1.18354687162e-10
        dvar2: 2.0722486227e-10
        max: 0.000175942535861
        mean: 1.0924887647e-05
        min: 1.14047061725e-11
        var: 4.97463903404e-10
    spectral_energyband_low:
        dmean: 2.02340634132e-05
        dmean2: 2.49533204624e-05
        dvar: 8.90949147792e-10
        dvar2: 1.37958677815e-09
        max: 0.000480454065837
        mean: 9.71549961832e-05
        min: 3.16736165074e-10
        var: 9.70115365817e-09
    spectral_energyband_middle_high:
        dmean: 0.000391173438402
        dmean2: 0.000487700628582
        dvar: 2.47967733458e-07
        dvar2: 3.81533993732e-07
        max: 0.00755333155394
        mean: 0.00196465873159
        min: 1.25164167919e-09
        var: 1.87049431588e-06
    spectral_energyband_middle_low:
        dmean: 0.00056302145822
        dmean2: 0.000791941769421
        dvar: 3.10835531536e-07
        dvar2: 6.04004185334e-07
        max: 0.00924623291939
        mean: 0.00317025766708
        min: 4.33597646676e-09
        var: 2.37504127654e-06
    spectral_flatness_db:
        dmean: 0.012119397521
        dmean2: 0.0184672065079
        dvar: 0.000150415478856
        dvar2: 0.000237877218751
        max: 0.328449040651
        mean: 0.270903855562
        min: 0.152008548379
        var: 0.000648031127639
    spectral_flux:
        dmean: 0.00606321170926
        dmean2: 0.0101706814021
        dvar: 6.13782249275e-05
        dvar2: 0.000152843000251
        max: 0.0783894509077
        mean: 0.0220613833517
        min: 7.72326966398e-05
        var: 8.47957562655e-05
    spectral_kurtosis:
        dmean: 10.0754566193
        dmean2: 17.6737308502
        dvar: 66.106300354
        dvar2: 186.734359741
        max: 66.0651855469
        mean: 24.3088474274
        min: 4.02965784073
        var: 150.935287476
    spectral_rms:
        dmean: 0.000161457734066
        dmean2: 0.000208979268791
        dvar: 3.07282590484e-08
        dvar2: 4.67148701944e-08
        max: 0.00372844166122
        mean: 0.00221059587784
        min: 2.41234397436e-06
        var: 2.28372400102e-07
    spectral_rolloff:
        dmean: 206.638595581
        dmean2: 358.552459717
        dvar: 101131.390625
        dvar2: 236049
        max: 2971.58203125
        mean: 1361.92333984
        min: 452.197265625
        var: 290165.375
    spectral_skewness:
        dmean: 0.686253786087
        dmean2: 1.1916821003
        dvar: 0.293258041143
        dvar2: 0.837983548641
        max: 5.96389532089
        mean: 2.99057936668
        min: 1.17362964153
        var: 0.767296612263
    spectral_spread:
        dmean: 188167.765625
        dmean2: 289036.4375
        dvar: 412382789632
        dvar2: 415616368640
        max: 11690157
        mean: 1580820.625
        min: 1080831.625
        var: 467139395584
    spectral_strongpeak:
        dmean: 0.290799856186
        dmean2: 0.464014530182
        dvar: 0.213603168726
        dvar2: 0.491594105959
        max: 6.79884576797
        mean: 0.857735693455
        min: 3.09834467771e-05
        var: 0.760475695133
    zerocrossingrate:
        dmean: 0.00433222157881
        dmean2: 0.00535406079143
        dvar: 1.57378290169e-05
        dvar2: 2.88810533675e-05
        max: 0.08984375
        mean: 0.0459402576089
        min: 0.01904296875
        var: 0.000136196613312
    barkbands:
        dmean: [1.5769484607e-09, 1.06653783405e-06, 1.99750902539e-05, 0.000142686840263, 0.000166252502822, 0.000272878649412, 0.000134259113111, 0.000169488135725, 0.000102277947008, 0.000176081724931, 6.32121154922e-05, 0.000193738393136, 3.21623156196e-05, 2.84848229057e-05, 3.36936136591e-05, 3.80821475119e-05, 0.000122628174722, 4.58780050394e-05, 1.30324588099e-05, 6.26131031822e-06, 6.97857501564e-07, 1.0751291768e-07, 8.90681040033e-09, 2.38283126563e-09, 1.27448429588e-09, 7.67986951811e-10, 7.91449406012e-10]
        dmean2: [2.8524040907e-09, 1.74986541879e-06, 2.46907147812e-05, 0.000218888482777, 0.000241402260144, 0.000365636165952, 0.000200810332899, 0.000232169099036, 0.000131546883495, 0.000188111444004, 8.66369591677e-05, 0.000227486598305, 4.23052406404e-05, 4.0569135308e-05, 4.70015511382e-05, 5.62020177313e-05, 0.000184958495083, 7.49569153413e-05, 1.92289262486e-05, 8.91117997526e-06, 1.06956940726e-06, 1.63901162864e-07, 1.37109035236e-08, 3.36105276943e-09, 1.69001856953e-09, 9.18961129415e-10, 9.4088847824e-10]
        dvar: [3.95218666231e-18, 2.80838568546e-12, 8.82247719325e-10, 2.88524404368e-08, 2.97450952758e-08, 7.91539918055e-08, 1.0465467426e-07, 5.4028902241e-08, 2.25008172094e-08, 5.63635680351e-08, 1.1171637837e-08, 6.77455957998e-08, 1.91192528476e-09, 1.53854518015e-09, 1.67794322881e-09, 7.64618501847e-09, 1.11764450139e-07, 5.43960254618e-09, 5.68378455412e-10, 2.21602278194e-10, 1.16562944193e-12, 4.86440247349e-14, 3.05778152805e-16, 1.68052263178e-16, 1.55406895073e-16, 1.45499746259e-16, 1.64284263581e-16]
        dvar2: [1.1595194488e-17, 6.58131058331e-12, 1.36279998397e-09, 7.76124764457e-08, 5.71164839869e-08, 1.92177054714e-07, 1.86459786278e-07, 1.24343614516e-07, 3.48740485379e-08, 6.82831853283e-08, 2.08385095846e-08, 8.76954828755e-08, 3.68715302734e-09, 3.53900775352e-09, 3.5548557431e-09, 1.33323831975e-08, 2.19312568106e-07, 1.28287096501e-08, 1.05405706385e-09, 3.8859185314e-10, 1.99229369981e-12, 9.65947360618e-14, 4.24242566151e-16, 1.79408275083e-16, 1.56439692934e-16, 1.45743082943e-16, 1.64587448437e-16]
        max: [1.22964536331e-08, 3.68565051758e-05, 0.000478126923554, 0.00195689615794, 0.00271133566275, 0.0047897733748, 0.00471883267164, 0.00264178030193, 0.00376336509362, 0.00469504389912, 0.00109846028499, 0.00322593911551, 0.000453487766208, 0.000517534150276, 0.000481888739159, 0.00156941020396, 0.00531274918467, 0.00107888004277, 0.000271508179139, 0.000184209551662, 1.64118700923e-05, 4.06753360949e-06, 3.02570242638e-07, 2.7019231652e-07, 2.60416982201e-07, 2.51034947496e-07, 2.66578211949e-07]
        mean: [1.3612843075e-09, 8.39856238599e-06, 8.87557398528e-05, 0.000322337233229, 0.000681146455463, 0.000961711630225, 0.000402507168474, 0.000451520318165, 0.000262638495769, 0.000568132847548, 0.000145024881931, 0.000550780910999, 7.08467196091e-05, 7.14728666935e-05, 8.43018642627e-05, 9.65590006672e-05, 0.000329167552991, 9.67073647189e-05, 3.15383003908e-05, 1.71793435584e-05, 1.94801305042e-06, 2.8141880648e-07, 2.61732147067e-08, 6.33004892947e-09, 3.09893066763e-09, 9.17675047063e-10, 7.58357876496e-10]
        min: [6.508330333e-12, 1.55636697974e-10, 1.11863934782e-10, 1.17277576539e-10, 3.31179861313e-10, 4.14724976583e-10, 5.61063417948e-10, 9.61686286161e-10, 1.77159020787e-09, 7.49747264273e-10, 2.11522910298e-10, 1.54832827115e-10, 2.11878042888e-10, 4.76231207247e-11, 2.24779101582e-11, 1.47556775826e-11, 6.61376639219e-12, 6.89562252784e-12, 2.11019613242e-12, 4.93919228434e-12, 3.3798467497e-12, 1.62359427118e-12, 8.92186335661e-13, 6.16423795688e-13, 7.14003346464e-13, 4.70803246649e-13, 8.75460999267e-14]
        var: [3.32500115787e-18, 5.72951651401e-11, 9.49730516453e-09, 8.6883673589e-08, 2.18825732645e-07, 5.18405784078e-07, 5.55981443995e-07, 2.00959419772e-07, 2.08441704785e-07, 4.88412524646e-07, 3.72141748528e-08, 3.82656622833e-07, 6.9042647155e-09, 5.22044762974e-09, 6.42369046844e-09, 2.31417836005e-08, 3.95682349108e-07, 1.53679184933e-08, 2.22856089138e-09, 1.03023811704e-09, 4.86860898818e-12, 2.05638213705e-13, 7.67218250244e-16, 1.85586970151e-16, 1.58214756354e-16, 1.4520902867e-16, 1.63982878671e-16]
    mfcc:
        mean: [-803.220397949, 238.055633545, -102.24458313, 36.3125457764, -18.7360630035, -21.0712280273, -11.9227380753, -6.87925672531, -9.95882701874, -22.6496982574, -16.8698253632, -5.81656980515, -9.65045833588]
        cov: [[1966.54040527, -236.312911987, -418.99911499, 155.306503296, -173.316619873, 10.2663946152, 37.9992256165, -18.9144287109, -39.3087692261, -75.443321228, -100.559158325, -56.4676132202, -37.91431427], [-236.312911987, 357.967529297, 66.811630249, -40.6712760925, 106.829856873, -58.4266281128, -64.5784759521, -2.13685703278, 26.1159057617, 55.6468467712, 74.5184020996, 66.6318283081, 30.0010890961], [-418.99911499, 66.811630249, 212.504333496, -20.0221881866, 45.7609024048, 30.5187110901, 12.0562705994, 6.54972267151, 11.6707668304, 27.4909362793, 24.1735897064, 16.9984302521, 11.3516426086], [155.306503296, -40.6712760925, -20.0221881866, 196.80770874, 22.1310119629, -23.9598140717, 67.7883071899, 20.9693527222, 30.187587738, 36.8862915039, 23.5375099182, -31.9669322968, 10.0345115662], [-173.316619873, 106.829856873, 45.7609024048, 22.1310119629, 122.52557373, -19.9130725861, -14.3739595413, 36.5860328674, 22.5558013916, 15.0859260559, 25.6304607391, 22.7316169739, 12.9877977371], [10.2663946152, -58.4266281128, 30.5187110901, -23.9598140717, -19.9130725861, 116.266494751, 42.2121963501, -7.79482221603, -4.37886857986, -7.82506370544, 2.65400695801, -16.8354759216, -17.1754837036], [37.9992256165, -64.5784759521, 12.0562705994, 67.7883071899, -14.3739595413, 42.2121963501, 112.904090881, 12.3973655701, 9.81045722961, 30.636932373, 24.5046749115, -28.8772392273, 9.00508117676], [-18.9144287109, -2.13685703278, 6.54972267151, 20.9693527222, 36.5860328674, -7.79482221603, 12.3973655701, 81.5355758667, 33.7598686218, -16.0484161377, -8.73861408234, 11.5851459503, -1.12930178642], [-39.3087692261, 26.1159057617, 11.6707668304, 30.187587738, 22.5558013916, -4.37886857986, 9.81045722961, 33.7598686218, 76.3301849365, 32.5767288208, 9.43799304962, 17.7350921631, 7.32222366333], [-75.443321228, 55.6468467712, 27.4909362793, 36.8862915039, 15.0859260559, -7.82506370544, 30.636932373, -16.0484161377, 32.5767288208, 107.777572632, 53.5995788574, 7.24644422531, 23.7226581573], [-100.559158325, 74.5184020996, 24.1735897064, 23.5375099182, 25.6304607391, 2.65400695801, 24.5046749115, -8.73861408234, 9.43799304962, 53.5995788574, 125.232879639, 12.6930494308, 19.0553379059], [-56.4676132202, 66.6318283081, 16.9984302521, -31.9669322968, 22.7316169739, -16.8354759216, -28.8772392273, 11.5851459503, 17.7350921631, 7.24644422531, 12.6930494308, 94.5642852783, 28.2519664764], [-37.91431427, 30.0010890961, 11.3516426086, 10.0345115662, 12.9877977371, -17.1754837036, 9.00508117676, -1.12930178642, 7.32222366333, 23.7226581573, 19.0553379059, 28.2519664764, 72.6418228149]]
        icov: [[0.00115310761612, -0.000397281663027, 0.00207215500996, -0.00136273284443, 0.00122162909247, -0.00107440969441, 0.000233787723118, -0.00036149949301, 0.000649989233352, 6.73935574014e-05, 0.000683813705109, -0.000463744945591, 3.67577340512e-05], [-0.000397281663027, 0.00616555986926, -0.00139380490873, 0.00208793627098, -0.00459106639028, 0.00243712030351, 0.00162853510119, 0.00178847205825, -0.00121592974756, -0.00149525993038, -0.00258907233365, -0.00116133294068, 0.00014036007633], [0.00207215500996, -0.00139380490873, 0.0096454275772, -0.00153533683624, 0.000168676313478, -0.00383803783916, -0.000477304973174, -0.000765516364481, 0.00136053923052, -0.0010754361283, 0.00151942728553, -0.00110080838203, -0.000284759735223], [-0.00136273284443, 0.00208793627098, -0.00153533683624, 0.0109096467495, -0.00481234211475, 0.00556780118495, -0.00605437252671, 0.00161542568821, -0.00391467893496, -0.000498466019053, -0.0017047689762, 0.00276980549097, 3.91728863178e-05], [0.00122162909247, -0.00459106639028, 0.000168676313478, -0.00481234211475, 0.0168885085732, -0.00262027606368, 0.00381708145142, -0.00809623580426, 0.00238317763433, -0.000535139697604, 0.000104166356323, -0.000152859531227, -0.00109933724161], [-0.00107440969441, 0.00243712030351, -0.00383803783916, 0.00556780118495, -0.00262027606368, 0.015435594134, -0.00793053023517, 0.0043662940152, -0.00360589497723, 0.00280483509414, -0.00201694178395, 0.00039383926196, 0.00325582758524], [0.000233787723118, 0.00162853510119, -0.000477304973174, -0.00605437252671, 0.00381708145142, -0.00793053023517, 0.020485445857, -0.00714489910752, 0.00335352495313, -0.00575174298137, -0.00217750808224, 0.00311650382355, -0.00394833041355], [-0.00036149949301, 0.00178847205825, -0.000765516364481, 0.00161542568821, -0.00809623580426, 0.0043662940152, -0.00714489910752, 0.0239544138312, -0.0117504289374, 0.00869036838412, 0.000233036611462, -0.00223504612222, 0.00186173582915], [0.000649989233352, -0.00121592974756, 0.00136053923052, -0.00391467893496, 0.00238317763433, -0.00360589497723, 0.00335352495313, -0.0117504289374, 0.0234632864594, -0.00938988756388, 0.00231251493096, -0.00326139945537, 0.000655706971884], [6.73935574014e-05, -0.00149525993038, -0.0010754361283, -0.000498466019053, -0.000535139697604, 0.00280483509414, -0.00575174298137, 0.00869036838412, -0.00938988756388, 0.0190388597548, -0.00417207600549, 0.000327626941726, -0.0018074325053], [0.000683813705109, -0.00258907233365, 0.00151942728553, -0.0017047689762, 0.000104166356323, -0.00201694178395, -0.00217750808224, 0.000233036611462, 0.00231251493096, -0.00417207600549, 0.0123732220381, -0.0013533734018, -0.00038770615356], [-0.000463744945591, -0.00116133294068, -0.00110080838203, 0.00276980549097, -0.000152859531227, 0.00039383926196, 0.00311650382355, -0.00223504612222, -0.00326139945537, 0.000327626941726, -0.0013533734018, 0.0161352250725, -0.00597220752388], [3.67577340512e-05, 0.00014036007633, -0.000284759735223, 3.91728863178e-05, -0.00109933724161, 0.00325582758524, -0.00394833041355, 0.00186173582915, 0.000655706971884, -0.0018074325053, -0.00038770615356, -0.00597220752388, 0.0181998237967]]
    spectral_contrast:
        mean: [-2.40100121118e-07, 7.88325777989e-08, -1.31971859219e-07, -1.88989488947e-07, -1.95655346147e-07, -4.0219337194e-08, 5.44002750757e-06, 2.17446569195e-07, -8.83031759713e-07, -2.79286382465e-06, -3.87926911571e-06, -3.40933047482e-06]
        var: [0.000378214754164, 0.000768856203649, 0.00126219645608, 0.00193962384947, 0.00245750229806, 0.00730493851006, 0.042750056833, 0.0770477876067, 0.0958376377821, 0.160938814282, 0.741868257523, 0.945062100887]

rhythm:
    beats_loudness:
        dmean: 0.00199211016297
        dmean2: 0.00346210412681
        dvar: 2.66422534878e-06
        dvar2: 4.53723168903e-06
        max: 0.0100268721581
        mean: 0.00563296442851
        min: 0.00279650581069
        var: 4.50713014288e-06
    beats_loudness_bass:
        dmean: 0.0610317066312
        dmean2: 0.110581979156
        dvar: 0.00596490083262
        dvar2: 0.01771184057
        max: 0.324408084154
        mean: 0.067290790379
        min: 0.00658550299704
        var: 0.00432988535613
    bpm: 117.7784729
    bpm_confidence: 0
    first_peak_bpm: 148
    first_peak_spread: 0
    first_peak_weight: 0.666666686535
    onset_rate: 2.69165039062
    second_peak_bpm: 118
    second_peak_spread: 0
    second_peak_weight: 0.285714298487
    beats_position: [0.154590845108, 0.560846328735, 0.967101812363, 1.37335729599, 1.77961266041, 2.18586826324, 2.59212374687, 2.9983792305, 3.40463495255, 3.81089067459, 4.21714639664, 4.62340211868, 5.02965784073, 5.43591308594, 5.84216880798, 6.56249427795, 7.07201719284, 7.58154058456, 8.09106254578, 8.60058498383, 9.11010837555, 9.61963176727]
    bpm_estimates: [116.254753113, 117.113578796, 119.967079163]
    bpm_intervals: [0.406255483627, 0.406255483627, 0.406255483627, 0.406255364418, 0.406255602837, 0.406255483627, 0.406255483627, 0.406255722046, 0.406255722046, 0.406255722046, 0.406255722046, 0.406255722046, 0.406255245209, 0.406255722046, 0.720325469971, 0.509522914886, 0.509523391724, 0.509521961212, 0.509522438049, 0.509523391724, 0.509523391724]
    onset_times: [0.0464399084449, 0.162539675832, 0.46439909935, 1.1261677742, 1.42802715302, 1.46285712719, 2.12462592125, 2.75156474113, 3.44816327095, 3.76163268089, 4.12154197693, 4.22603178024, 4.59755086899, 5.41024923325, 5.72371864319, 5.75854873657, 6.35065746307, 6.47836732864, 7.45360565186, 7.65097522736, 7.73224496841, 8.04571437836, 8.42884349823, 8.75392246246, 8.98612213135, 9.17188167572, 9.92653083801]
    rubato_start: [7.07201719284]
    rubato_stop: [9.61963176727]
    perceptual_tempo: "unknown"

sfx:
    inharmonicity:
        dmean: 0.046059217304
        dmean2: 0.0831421613693
        dvar: 0.00441657425836
        dvar2: 0.0118020875379
        max: 0.383458226919
        mean: 0.0466087721288
        min: 0
        var: 0.00452949246392
    oddtoevenharmonicenergyratio:
        dmean: 16.5484199524
        dmean2: 32.6650733948
        dvar: 14094.5175781
        dvar2: 42250.4960938
        max: 1431.94213867
        mean: 9.17743682861
        min: 0
        var: 7096.07421875
    pitch_after_max_to_before_max_energy_ratio: 51.0591430664
    pitch_centroid: 206.759414673
    pitch_max_to_total: 0
    pitch_min_to_total: 0.38425925374
    tristimulus:
        dmean: [0.215529084206, 0.24290907383, 0.0544853620231]
        dmean2: [0.384499460459, 0.437179118395, 0.101125612855]
        dvar: [0.0503984875977, 0.0604366473854, 0.00734556466341]
        dvar2: [0.133640065789, 0.161682337523, 0.0203999821097]
        max: [1, 0.997196316719, 0.627050638199]
        mean: [0.373980969191, 0.536128103733, 0.0474894680083]
        min: [0.00115947949234, 0, 0]
        var: [0.062586016953, 0.0768288224936, 0.00555088184774]

tonal:
    chords_changes_rate: 0.0414746552706
    chords_number_rate: 0.0230414755642
    chords_strength:
        dmean: 0.00536664947867
        dmean2: 0.0046017896384
        dvar: 1.79559374374e-05
        dvar2: 2.28646404139e-05
        max: 0.55380320549
        mean: 0.462448954582
        min: 0.353781998158
        var: 0.00255922158249
    key_strength: 0.809944391251
    tuning_diatonic_strength: 0.61202788353
    tuning_equal_tempered_deviation: 0.0518548563123
    tuning_frequency: 441.017791748
    tuning_nontempered_energy_ratio: 0.601555466652
    hpcp:
        dmean: [0.099344573915, 0.0616172477603, 0.0193114429712, 0.011639229022, 0.00665124319494, 0.0513534322381, 0.0767319723964, 0.0427687503397, 0.0140515575185, 0.0137351145968, 0.0105166537687, 0.020706102252, 0.0286227352917, 0.0241291988641, 0.0726328119636, 0.0628269314766, 0.0752061530948, 0.0201936755329, 0.0103461425751, 0.0222017858177, 0.0644314438105, 0.0744838044047, 0.0425776280463, 0.0206399559975, 0.0146177047864, 0.0175394732505, 0.0547377541661, 0.0611175075173, 0.0591993741691, 0.0931782722473, 0.0993958041072, 0.0598302520812, 0.0147528806701, 0.0112330261618, 0.011240625754, 0.0588968805969]
        dmean2: [0.142468959093, 0.0901511162519, 0.0336974747479, 0.0197335947305, 0.0110634788871, 0.0774360895157, 0.112393386662, 0.0635641738772, 0.0247423741966, 0.0246873591095, 0.0181776639074, 0.0315976925194, 0.0439756810665, 0.0418380498886, 0.113362215459, 0.102019548416, 0.112985618412, 0.0299008786678, 0.0156628135592, 0.0366498231888, 0.10038934648, 0.113309621811, 0.0682480856776, 0.035106189549, 0.0239404123276, 0.0273780543357, 0.0789759159088, 0.0903857201338, 0.10298217088, 0.155209064484, 0.158965811133, 0.0991095006466, 0.0265584774315, 0.0198369268328, 0.0195548571646, 0.0872685015202]
        dvar: [0.0217369198799, 0.00825671292841, 0.0035947104916, 0.00134221103508, 8.8526881882e-05, 0.00674340967089, 0.0168493725359, 0.0069056157954, 0.00131250545382, 0.00241402932443, 0.00051223608898, 0.00156927108765, 0.00396265601739, 0.00275923707522, 0.00898806005716, 0.0208694934845, 0.00735205970705, 0.00198216224089, 0.00155659264419, 0.0011401848169, 0.0088490312919, 0.0145918671042, 0.0035407776013, 0.00408217404038, 0.00218508276157, 0.00204160111025, 0.0109285488725, 0.0138857010752, 0.00870246253908, 0.0159521996975, 0.0283625200391, 0.0105236237869, 0.000763213378377, 0.000525316863786, 0.000731596781407, 0.00816382654011]
        dvar2: [0.0326509475708, 0.0153077915311, 0.00960184913129, 0.00330830155872, 0.000223931769142, 0.0124700441957, 0.029717201367, 0.0173776559532, 0.00321461912245, 0.00576414354146, 0.00120923703071, 0.00301783531904, 0.00839865300804, 0.00790204573423, 0.020699955523, 0.0421650744975, 0.0148749640211, 0.00459085218608, 0.00353595078923, 0.00313226343133, 0.0192030314356, 0.0289220921695, 0.00792437233031, 0.0118161560968, 0.00631333049387, 0.00455267773941, 0.0223752837628, 0.0233792830259, 0.025174614042, 0.0374137684703, 0.0597055852413, 0.0283504649997, 0.00200405763462, 0.00131128041539, 0.00184827833436, 0.013736192137]
        max: [1, 0.733217060566, 0.505888223648, 0.30966925621, 0.0704977363348, 0.749367833138, 1, 0.969855070114, 0.377991676331, 0.559878110886, 0.207829028368, 0.360477626324, 0.593433499336, 0.493044614792, 1, 1, 0.79783731699, 0.522624492645, 0.521123230457, 0.364947170019, 0.812417626381, 1, 0.541837513447, 0.757570445538, 0.528071880341, 0.583541810513, 1, 1, 1, 0.892213404179, 1, 0.954624712467, 0.187162831426, 0.211168572307, 0.239037066698, 0.833382606506]
        mean: [0.273311853409, 0.150415584445, 0.0234679598361, 0.0161482635885, 0.0112129841, 0.11618925631, 0.180215805769, 0.0803410038352, 0.0194082222879, 0.0169156920165, 0.0154741741717, 0.0358660705388, 0.0437886714935, 0.0341314859688, 0.369986444712, 0.724836289883, 0.389967352152, 0.0277796480805, 0.0139393359423, 0.0346261970699, 0.181403309107, 0.241887509823, 0.103318244219, 0.0299019422382, 0.0209908112884, 0.0212126038969, 0.104001000524, 0.144456863403, 0.0868858397007, 0.213894248009, 0.297930270433, 0.119986064732, 0.0175235215575, 0.0166398417205, 0.0163502916694, 0.143947690725]
        min: [0, 0, 0, 0, 0, 0, 0, 0, 0, 0, 0, 0, 0, 0, 0, 0, 0, 0, 0, 0, 0, 0, 0, 0, 0, 0, 0, 0, 0, 0, 0, 0, 0, 0, 0, 0]
        var: [0.0879289656878, 0.0264040306211, 0.00412659207359, 0.00254978216253, 0.00020878794021, 0.0262074247003, 0.0637587234378, 0.012830154039, 0.00180766370613, 0.00304397917353, 0.000752989959437, 0.00347499083728, 0.00728262029588, 0.00308281951584, 0.0513547696173, 0.154875859618, 0.0559692122042, 0.00283335894346, 0.00236981059425, 0.00228293961845, 0.037478454411, 0.0827680528164, 0.0156650952995, 0.00407665316015, 0.0026780476328, 0.0029904327821, 0.0339361689985, 0.0565194189548, 0.0157888755202, 0.0543020628393, 0.114987134933, 0.0236154086888, 0.000842726323754, 0.00085405271966, 0.00077187694842, 0.0305374953896]
    chords_histogram: [57.1428565979, 0, 11.9815664291, 0, 0, 0, 0, 0, 0, 0, 0, 0, 0, 0, 0, 0, 0, 2.30414748192, 0, 0, 0, 7.37327194214, 0, 21.1981563568]
    thpcp: [1, 0.538007497787, 0.0383254103363, 0.019231012091, 0.0477710589767, 0.250267982483, 0.333713293076, 0.142540112138, 0.0412533730268, 0.0289593823254, 0.0292653720826, 0.14348205924, 0.199295848608, 0.119869604707, 0.295093178749, 0.411031126976, 0.165535405278, 0.0241758339107, 0.0229566898197, 0.0225572194904, 0.198593378067, 0.377066999674, 0.207516625524, 0.0323769114912, 0.0222784969956, 0.0154696777463, 0.160297244787, 0.248629674315, 0.110840208828, 0.0267760083079, 0.023337258026, 0.0213485099375, 0.0494816154242, 0.0604118071496, 0.0470885448158, 0.510441362858]
    chords_key: "G"
    chords_scale: "major"
    key_key: "G"
    key_scale: "major"
    chords_progression: ["Em", "Em", "Em", "Em", "Em", "Em", "Am", "Am", "Am", "Am", "Am", "Am", "Am", "Am", "Am", "Am", "Am", "Am", "Am", "Am", "Am", "Am", "Em", "Em", "Em", "Em", "Em", "Em", "Em", "Em", "Em", "Em", "Em", "Em", "Em", "Em", "Em", "Em", "Em", "Em", "Em", "Em", "Em", "Em", "Em", "Em", "Em", "Em", "Em", "Em", "Em", "Em", "Em", "Em", "Em", "Em", "Em", "Em", "Em", "Em", "Em", "Em", "G", "G", "G", "G", "G", "G", "G", "G", "G", "G", "G", "G", "G", "G", "G", "G", "G", "G", "G", "G", "G", "G", "G", "G", "G", "G", "G", "G", "G", "G", "G", "G", "G", "G", "G", "G", "G", "G", "G", "G", "G", "G", "G", "G", "G", "G", "G", "G", "G", "G", "G", "G", "G", "G", "G", "G", "G", "G", "G", "G", "G", "G", "G", "G", "G", "G", "G", "G", "G", "G", "G", "G", "G", "G", "G", "G", "G", "G", "G", "G", "G", "G", "G", "G", "G", "G", "G", "G", "G", "G", "G", "G", "G", "G", "G", "G", "G", "G", "G", "G", "G", "G", "G", "G", "G", "G", "G", "G", "G", "D", "D", "D", "D", "D", "D", "D", "D", "D", "D", "D", "D", "D", "D", "D", "D", "D", "D", "D", "D", "Gm", "G", "G", "G", "G", "Gm", "Gm", "Gm", "Gm", "D", "D", "D", "D", "D", "D", "G", "G", "G", "G", "G", "G", "G", "G", "G", "G", "G"]
