
metadata:
    version:
        essentia: "1.2.2"
    audio_properties:
        analysis_sample_rate: 44100
        bitrate: 128
        channels: 2
        equal_loudness: 1
        length: 10.0571432114
        replay_gain: -7.682762146
        downmix: "mix"
    tags:
        track: 13
        year: 0
        album: "Splitted by Mp3Splt v. 2.1"
        artist: "From 002.00 To 002.10"
        comment: "http://mp3splt.sf.net"
        genre: ""
        title: "02 Track 2.mp3"

highlevel:
    ballroom:
        all:
            ChaChaCha: 0.0345935821533
            Jive: 0.0920655578375
            Quickstep: 0.159735053778
            Rumba-American: 0.0120821958408
            Rumba-International: 0.112401053309
            Rumba-Misc: 0.0314107201993
            Samba: 0.0489914007485
            Tango: 0.0428074225783
            VienneseWaltz: 0.320817232132
            Waltz: 0.145095780492
        probability: 0.320817232132
        value: "VienneseWaltz"
    culture:
        all:
            non_western: 0.962724626064
            western: 0.0372753553092
        probability: 0.962724626064
        value: "non_western"
    gender:
        all:
            female: 0.93820297718
            male: 0.0617970265448
        probability: 0.93820297718
        value: "female"
    genre_dortmund:
        all:
            alternative: 0.0633599534631
            blues: 0.0743636116385
            electronic: 0.0614256747067
            folkcountry: 0.211251050234
            funksoulrnb: 0.029883697629
            jazz: 0.156219780445
            pop: 0.0928407758474
            raphiphop: 0.0102991340682
            rock: 0.300356328487
        probability: 0.300356328487
        value: "rock"
    genre_electronica:
        all:
            ambient: 0.706944048405
            dnb: 0.105192989111
            house: 0.0866656005383
            techno: 0.016834532842
            trance: 0.0843628123403
        probability: 0.706944048405
        value: "ambient"
    genre_rosamerica:
        all:
            cla: 0.0373442843556
            dan: 0.0146488910541
            hip: 0.00528954248875
            jaz: 0.0258804894984
            pop: 0.374922603369
            rhy: 0.424445182085
            roc: 0.115622676909
            spe: 0.00184634665493
        probability: 0.424445182085
        value: "rhy"
    genre_tzanetakis:
        all:
            blu: 0.0108303483576
            cla: 0.0155728152022
            cou: 0.421703875065
            dis: 0.0652839392424
            hip: 0.0041005378589
            jaz: 0.0202248394489
            met: 0.00584164075553
            pop: 0.119704656303
            reg: 0.0303426906466
            roc: 0.306394666433
        probability: 0.421703875065
        value: "cou"
    live_studio:
        all:
            live: 0.355471104383
            studio: 0.644528925419
        probability: 0.644528925419
        value: "studio"
    mood:
        all:
            Cluster1: 0.243076130748
            Cluster2: 0.274348527193
            Cluster3: 0.239731281996
            Cluster4: 0.0768995732069
            Cluster5: 0.165944486856
        probability: 0.274348527193
        value: "Cluster2"
    mood_acoustic:
        all:
            acoustic: 0.184683516622
            not_acoustic: 0.81531649828
        probability: 0.81531649828
        value: "not_acoustic"
    mood_aggressive:
        all:
            aggressive: 0.0429978184402
            not_aggressive: 0.957002162933
        probability: 0.957002162933
        value: "not_aggressive"
    mood_electronic:
        all:
            electronic: 0.0656649768353
            not_electronic: 0.934335052967
        probability: 0.934335052967
        value: "not_electronic"
    mood_happy:
        all:
            happy: 0.433996617794
            not_happy: 0.566003382206
        probability: 0.566003382206
        value: "not_happy"
    mood_party:
        all:
            not_party: 0.905678570271
            party: 0.0943214595318
        probability: 0.905678570271
        value: "not_party"
    mood_relaxed:
        all:
            not_relaxed: 0.262468069792
            relaxed: 0.737531960011
        probability: 0.737531960011
        value: "relaxed"
    mood_sad:
        all:
            not_sad: 0.220737874508
            sad: 0.779262125492
        probability: 0.779262125492
        value: "sad"
    rhythm:
        all:
            fast: 0.547105789185
            medium: 0.0192231889814
            slow: 0.433671057224
        probability: 0.547105789185
        value: "fast"
    speech_music:
        all:
            music: 0.990379929543
            speech: 0.00962005183101
        probability: 0.990379929543
        value: "music"
    timbre:
        all:
            bright: 0.0780566632748
            dark: 0.921943306923
        probability: 0.921943306923
        value: "dark"
    voice_instrumental:
        all:
            instrumental: 0.811788141727
            voice: 0.188211843371
        probability: 0.811788141727
        value: "instrumental"

lowlevel:
    average_loudness: 0.961872220039
    barkbands_kurtosis:
        dmean: 1.1541531086
        dmean2: 1.85602331161
        dvar: 4.64522981644
        dvar2: 11.0115766525
        max: 21.6202735901
        mean: 0.730279266834
        min: -1.83501434326
        var: 14.1458797455
    barkbands_skewness:
        dmean: 0.413130730391
        dmean2: 0.651507496834
        dvar: 0.223030731082
        dvar2: 0.529220700264
        max: 4.28251218796
        mean: 0.833502948284
        min: -1.37449169159
        var: 0.910936594009
    barkbands_spread:
        dmean: 4.37936258316
        dmean2: 6.91007709503
        dvar: 27.5882377625
        dvar2: 68.1963500977
        max: 51.9662208557
        mean: 24.9957542419
        min: 4.31123828888
        var: 89.5600891113
    dissonance:
        dmean: 0.0221248809248
        dmean2: 0.0357983075082
        dvar: 0.00058680010261
        dvar2: 0.00103684468195
        max: 0.495924443007
        mean: 0.445021420717
        min: 0.0343987122178
        var: 0.00125238322653
    hfc:
        dmean: 1.51976764202
        dmean2: 2.32926487923
        dvar: 8.76677799225
        dvar2: 20.9727592468
        max: 38.598991394
        mean: 4.41413021088
        min: 0.00073432008503
        var: 18.1987571716
    pitch:
        dmean: 418.779052734
        dmean2: 813.567382812
        dvar: 1000302.875
        dvar2: 2507119.25
        max: 4900
        mean: 697.825927734
        min: 82.4299087524
        var: 1084007.875
    pitch_instantaneous_confidence:
        dmean: 0.0795086696744
        dmean2: 0.126333355904
        dvar: 0.0068447208032
        dvar2: 0.0154681680724
        max: 0.894449949265
        mean: 0.546353816986
        min: 0.151014089584
        var: 0.0246630925685
    pitch_salience:
        dmean: 0.0544703602791
        dmean2: 0.0873442366719
        dvar: 0.00205439049751
        dvar2: 0.0049667544663
        max: 0.967323422432
        mean: 0.585546731949
        min: 0.28821605444
        var: 0.00903457589447
    silence_rate_20dB:
        dmean: 0
        dmean2: 0
        dvar: 0
        dvar2: 0
        max: 1
        mean: 1
        min: 1
        var: 0
    silence_rate_30dB:
        dmean: 0
        dmean2: 0
        dvar: 0
        dvar2: 0
        max: 1
        mean: 1
        min: 1
        var: 0
    silence_rate_60dB:
        dmean: 0.0646651238203
        dmean2: 0.127314820886
        dvar: 0.0604832842946
        dvar2: 0.120364613831
        max: 1
        mean: 0.479262679815
        min: 0
        var: 0.249569118023
    spectral_centroid:
        dmean: 208.778244019
        dmean2: 328.99697876
        dvar: 62881.8007812
        dvar2: 147461.046875
        max: 2556.23291016
        mean: 1133.44970703
        min: 353.981384277
        var: 207418.90625
    spectral_complexity:
        dmean: 2.23201847076
        dmean2: 3.68139529228
        dvar: 8.0992937088
        dvar2: 17.5613231659
        max: 36
        mean: 9.48379611969
        min: 0
        var: 21.3052749634
    spectral_crest:
        dmean: 1.95962703228
        dmean2: 3.1632270813
        dvar: 3.98911428452
        dvar2: 9.5840215683
        max: 21.8218307495
        mean: 8.67424583435
        min: 3.23624491692
        var: 16.2982749939
    spectral_decrease:
        dmean: 2.29292029807e-10
        dmean2: 3.45267231472e-10
        dvar: 1.38774346534e-19
        dvar2: 3.28612620232e-19
        max: -1.05538570504e-13
        mean: -9.34399113639e-10
        min: -4.30053326284e-09
        var: 4.33622837104e-19
    spectral_energy:
        dmean: 0.000987724401057
        dmean2: 0.0014831708977
        dvar: 2.47667139774e-06
        dvar2: 5.85533007325e-06
        max: 0.0176593512297
        mean: 0.00392701104283
        min: 4.64931986244e-07
        var: 7.52010282667e-06
    spectral_energyband_high:
        dmean: 5.6828630477e-05
        dmean2: 9.22880426515e-05
        dvar: 1.40136906523e-08
        dvar2: 2.86738401911e-08
        max: 0.00131559884176
        mean: 0.000106057370431
        min: 1.51278491956e-08
        var: 2.67078501537e-08
    spectral_energyband_low:
        dmean: 0.000157703689183
        dmean2: 0.000270444492344
        dvar: 2.23781427167e-07
        dvar2: 6.32191415662e-07
        max: 0.00448341062292
        mean: 0.000249547389103
        min: 1.60310236197e-08
        var: 2.69372549155e-07
    spectral_energyband_middle_high:
        dmean: 0.00047334676492
        dmean2: 0.000733006396331
        dvar: 7.55930443574e-07
        dvar2: 1.79921846666e-06
        max: 0.0116973919794
        mean: 0.001439372194
        min: 2.89759213956e-07
        var: 2.27082591664e-06
    spectral_energyband_middle_low:
        dmean: 0.000589774048422
        dmean2: 0.000885148125235
        dvar: 9.31051317821e-07
        dvar2: 2.15813747673e-06
        max: 0.0143615882844
        mean: 0.00213202578016
        min: 1.42275595749e-07
        var: 3.43195688401e-06
    spectral_flatness_db:
        dmean: 0.0150715028867
        dmean2: 0.024006864056
        dvar: 0.000208826284506
        dvar2: 0.000483893614728
        max: 0.263257056475
        mean: 0.178851544857
        min: 0.0598700679839
        var: 0.000676247233059
    spectral_flux:
        dmean: 0.00802621804178
        dmean2: 0.01298196055
        dvar: 0.000113454269012
        dvar2: 0.000250642740866
        max: 0.10133164376
        mean: 0.0290323123336
        min: 0.011078517884
        var: 0.000230723453569
    spectral_kurtosis:
        dmean: 1.81817531586
        dmean2: 3.10993909836
        dvar: 3.02321434021
        dvar2: 8.51317024231
        max: 20.0847511292
        mean: 6.46462678909
        min: -0.300275087357
        var: 9.74466323853
    spectral_rms:
        dmean: 0.000226272590226
        dmean2: 0.00033631187398
        dvar: 8.26204313853e-08
        dvar2: 1.746929712e-07
        max: 0.00415073893964
        mean: 0.00185530236922
        min: 2.1297704734e-05
        var: 3.89085442976e-07
    spectral_rolloff:
        dmean: 421.720855713
        dmean2: 729.524780273
        dvar: 405002.15625
        dvar2: 1011929.0625
        max: 5017.23632812
        mean: 2262.2331543
        min: 322.998046875
        var: 1085493.75
    spectral_skewness:
        dmean: 0.225378647447
        dmean2: 0.383279323578
        dvar: 0.0561097189784
        dvar2: 0.13169015944
        max: 3.48304510117
        mean: 1.81579339504
        min: 0.515321910381
        var: 0.23449331522
    spectral_spread:
        dmean: 476592
        dmean2: 693517.5625
        dvar: 653106675712
        dvar2: 949217198080
        max: 16847884
        mean: 4123150.5
        min: 2091916.25
        var: 3.64441894912e+12
    spectral_strongpeak:
        dmean: 0.313382059336
        dmean2: 0.512862026691
        dvar: 0.313506782055
        dvar2: 0.844431042671
        max: 6.85795640945
        mean: 0.679793298244
        min: 0.000187203520909
        var: 0.626608669758
    zerocrossingrate:
        dmean: 0.00749868573621
        dmean2: 0.00894803740084
        dvar: 5.46697447135e-05
        dvar2: 6.23228697805e-05
        max: 0.12353515625
        mean: 0.0663169547915
        min: 0.005859375
        var: 0.000439656636445
    barkbands:
        dmean: [1.56108555416e-07, 2.73168643616e-05, 0.000142819335451, 0.000147482045577, 0.000146765116369, 0.000325250381138, 9.19442245504e-05, 0.000101321900729, 7.253329386e-05, 7.95037703938e-05, 6.90212473273e-05, 4.3009462388e-05, 5.44067697774e-05, 4.66473429697e-05, 5.27145348315e-05, 3.76790194423e-05, 9.26716675167e-05, 0.00013930836576, 0.000155457586516, 6.46605622023e-05, 2.47409061558e-05, 7.51625520934e-06, 1.30953060307e-06, 5.82823815876e-07, 6.59375530176e-07, 2.60863437518e-08, 1.40708533714e-09]
        dmean2: [1.97453175588e-07, 4.6114626457e-05, 0.000242712572799, 0.000218868342927, 0.000233193248278, 0.000500471622217, 0.000129545864183, 0.000153446701006, 9.45779393078e-05, 0.000109132459329, 0.000107295898488, 6.58763892716e-05, 8.0050820543e-05, 6.39415011392e-05, 8.01285132184e-05, 6.07433612458e-05, 0.000152880704263, 0.000233623679378, 0.000239190427237, 0.000101598212495, 4.11464461649e-05, 1.2565619727e-05, 2.10097664421e-06, 9.93929006654e-07, 9.95460140985e-07, 4.31459810102e-08, 2.18153917153e-09]
        dvar: [2.5308127447e-13, 6.09878725299e-09, 1.76793676587e-07, 3.15674185458e-07, 5.65525333229e-08, 4.46369057272e-07, 3.70874033706e-08, 2.46933105075e-08, 1.46402081569e-08, 2.25608580706e-08, 5.34422852638e-08, 7.85692577665e-09, 9.95424898065e-09, 1.02832791171e-08, 1.85152995158e-08, 7.03919633693e-09, 2.94286657265e-08, 6.80395757513e-08, 1.65091861959e-07, 3.52849767182e-08, 3.07646574882e-09, 4.95266272438e-10, 1.45604674151e-11, 2.76373000006e-12, 2.58447668648e-12, 6.25648350402e-15, 3.22481086659e-16]
        dvar2: [3.79184016e-13, 1.53481529708e-08, 5.12401754804e-07, 6.93578442679e-07, 1.3919240871e-07, 1.05828326014e-06, 8.5058225352e-08, 6.42206288148e-08, 2.41027731107e-08, 4.45443397723e-08, 1.16679842677e-07, 1.85395503394e-08, 2.13536939242e-08, 1.91359124102e-08, 4.53593926864e-08, 1.40962486128e-08, 6.73940121487e-08, 1.36305175147e-07, 4.36452580743e-07, 8.12429874486e-08, 7.3308479287e-09, 1.24953092318e-09, 3.40984289415e-11, 7.51409177935e-12, 4.53017354532e-12, 1.61314663477e-14, 8.08317877032e-16]
        max: [8.48352738103e-06, 0.00092755391961, 0.00357065931894, 0.0072187371552, 0.0030978443101, 0.0124161923304, 0.00263279792853, 0.00173305114731, 0.00233049597591, 0.00205114088021, 0.00488721160218, 0.0012759497622, 0.00146443850826, 0.00136622705031, 0.00202856911346, 0.0019207977457, 0.00256609683856, 0.00324621307664, 0.00422262400389, 0.00241217412986, 0.000579704239499, 0.000216607862967, 4.78837973787e-05, 1.97330828087e-05, 3.03022043227e-05, 8.92166667654e-07, 2.64746404355e-07]
        mean: [5.49869866973e-07, 6.0547641624e-05, 0.000188462610822, 0.000308980263071, 0.000324915046804, 0.000860634318087, 0.00023094296921, 0.00022641850228, 0.000159291535965, 0.000224390707444, 0.000101480618468, 8.58453204273e-05, 0.000127929219161, 7.67034871387e-05, 9.0174296929e-05, 6.67645581416e-05, 0.00013956593466, 0.000229638331803, 0.000269747310085, 0.000101745310531, 3.60565536539e-05, 1.15474667837e-05, 2.12909912989e-06, 9.3018672942e-07, 1.5836806142e-06, 4.04368130091e-08, 7.66955166043e-10]
        min: [3.72316240338e-11, 7.08054503917e-09, 7.28561921903e-09, 9.08100705743e-09, 2.25124363595e-08, 9.99484228714e-09, 6.85282053325e-09, 2.58327101932e-08, 6.02382925763e-08, 3.99929618311e-08, 2.01487306839e-08, 3.71530397558e-08, 4.56457875941e-08, 2.44851712239e-08, 8.77654926512e-09, 7.061702334e-09, 1.48618957141e-08, 5.189018637e-08, 4.56443522978e-08, 7.2340013979e-09, 5.91291193786e-09, 1.31898514333e-09, 7.58465512618e-10, 5.02394181812e-10, 4.33469260486e-10, 3.07115860521e-10, 6.43795997415e-14]
        var: [1.56210157656e-12, 1.43775924499e-08, 1.90230380781e-07, 4.2545198653e-07, 1.4883738686e-07, 1.99617170438e-06, 1.23426758591e-07, 7.76457866891e-08, 6.48601030662e-08, 1.41692197531e-07, 1.36426706376e-07, 2.68504365408e-08, 4.67929055503e-08, 2.38257964469e-08, 2.71770073113e-08, 2.15196820363e-08, 4.82832831494e-08, 1.34129777507e-07, 2.41225535547e-07, 4.10642257975e-08, 4.4658827747e-09, 8.03667909999e-10, 3.85586874929e-11, 5.02785573592e-12, 1.96342716391e-11, 1.17021836828e-14, 1.61746248469e-16]
    mfcc:
        mean: [-746.999572754, 144.323669434, -53.9389915466, 51.4966773987, -15.0208377838, -19.626329422, -1.38008487225, -14.6458072662, -5.5080575943, -13.742067337, 0.29656919837, -10.0216913223, -7.39744234085]
        cov: [[1602.95239258, -259.758178711, 63.8905601501, -91.4943618774, -90.2509689331, 65.8148956299, 119.504730225, -18.0873699188, -25.9738178253, 37.9676628113, 23.1047077179, -61.9291000366, 10.6685400009], [-259.758178711, 718.137573242, -270.008605957, -82.3557739258, -16.9817676544, 34.1969985962, 102.293563843, 9.45409488678, -40.3066482544, 27.8471775055, 76.8302001953, 24.7238998413, -65.7788391113], [63.8905601501, -270.008605957, 814.141601562, 11.0715608597, 37.068775177, 123.998703003, -80.4982070923, 77.8700714111, 65.8781433105, -1.78251111507, 21.6817035675, 51.948059082, 122.990852356], [-91.4943618774, -82.3557739258, 11.0715608597, 293.989013672, 68.6157226562, -70.1980209351, -77.067855835, 53.9185562134, 35.2618026733, -10.8142137527, -39.8578529358, 29.3089504242, 28.3702774048], [-90.2509689331, -16.9817676544, 37.068775177, 68.6157226562, 126.738975525, -19.1895027161, -38.0539398193, 27.050409317, 33.1024856567, 3.99006271362, -4.99823713303, 5.88889122009, 0.155132442713], [65.8148956299, 34.1969985962, 123.998703003, -70.1980209351, -19.1895027161, 175.345596313, 40.8370018005, 18.5514144897, -8.17573738098, 24.3541183472, 16.0187206268, 7.34641361237, 16.2786960602], [119.504730225, 102.293563843, -80.4982070923, -77.067855835, -38.0539398193, 40.8370018005, 151.832687378, 13.8634643555, -33.5231666565, 15.7175703049, 35.3203926086, -8.59193229675, -25.7942466736], [-18.0873699188, 9.45409488678, 77.8700714111, 53.9185562134, 27.050409317, 18.5514144897, 13.8634643555, 137.728820801, 32.2438278198, -5.04333925247, 17.0108737946, 25.8903102875, 17.0144672394], [-25.9738178253, -40.3066482544, 65.8781433105, 35.2618026733, 33.1024856567, -8.17573738098, -33.5231666565, 32.2438278198, 76.5164108276, 1.47972786427, -2.98056697845, 3.34579944611, 22.6798915863], [37.9676628113, 27.8471775055, -1.78251111507, -10.8142137527, 3.99006271362, 24.3541183472, 15.7175703049, -5.04333925247, 1.47972786427, 70.2839050293, 15.8149108887, 4.22494506836, 5.05150079727], [23.1047077179, 76.8302001953, 21.6817035675, -39.8578529358, -4.99823713303, 16.0187206268, 35.3203926086, 17.0108737946, -2.98056697845, 15.8149108887, 80.2682189941, 18.8105354309, -6.02293729782], [-61.9291000366, 24.7238998413, 51.948059082, 29.3089504242, 5.88889122009, 7.34641361237, -8.59193229675, 25.8903102875, 3.34579944611, 4.22494506836, 18.8105354309, 82.6893234253, 31.0051879883], [10.6685400009, -65.7788391113, 122.990852356, 28.3702774048, 0.155132442713, 16.2786960602, -25.7942466736, 17.0144672394, 22.6798915863, 5.05150079727, -6.02293729782, 31.0051879883, 81.221786499]]
        icov: [[0.000804668641649, 0.000421097414801, 9.2681402748e-06, -4.66742530989e-05, 0.000379670789698, -0.000133508903673, -0.000669751956593, 4.38117094745e-05, 4.23021665483e-05, -0.000362016900908, -0.000399867887609, 0.00056971370941, -0.000194663822185], [0.000421097414801, 0.00226201373152, 0.000761542003602, 0.000208069279324, -2.95574573101e-05, -0.000720024399925, -0.000620633480139, -0.000235928338952, 0.000116979979794, -0.000340651895385, -0.00163435621653, -0.000710431486368, 0.000685981824063], [9.2681402748e-06, 0.000761542003602, 0.00234330422245, 0.000367435015505, -0.000517609063536, -0.00165576464497, 0.00110700633377, -0.000714955036528, -0.000354471150786, 0.000624230829999, -0.00148800772149, -0.000146442980622, -0.00222129304893], [-4.66742530989e-05, 0.000208069279324, 0.000367435015505, 0.00562024023384, -0.00180153117981, 0.00169072824065, 0.00160987838171, -0.00243232212961, 0.000327639834723, -0.00055897294078, 0.00227963225916, -0.00155951234046, -0.000951858586632], [0.000379670789698, -2.95574573101e-05, -0.000517609063536, -0.00180153117981, 0.0107367923483, 0.000336532626534, 0.00121313985437, -0.000892560754437, -0.00310507183895, -0.00164055812638, -0.000186442834092, 9.08288202481e-05, 0.00274411286227], [-0.000133508903673, -0.000720024399925, -0.00165576464497, 0.00169072824065, 0.000336532626534, 0.00856996979564, -0.001544338651, -0.00124759029131, 0.00113737140782, -0.00253618485294, 0.00179160956759, -0.00010418502643, -0.000583483197261], [-0.000669751956593, -0.000620633480139, 0.00110700633377, 0.00160987838171, 0.00121313985437, -0.001544338651, 0.0115048708394, -0.00320147583261, 0.00314771267585, -0.00104247347917, -0.00256667053327, 0.000946651969571, 0.000612460484263], [4.38117094745e-05, -0.000235928338952, -0.000714955036528, -0.00243232212961, -0.000892560754437, -0.00124759029131, -0.00320147583261, 0.0108849192038, -0.00422879727557, 0.00220414367504, -0.00164344208315, -0.00183684169315, 0.000313298136462], [4.23021665483e-05, 0.000116979979794, -0.000354471150786, 0.000327639834723, -0.00310507183895, 0.00113737140782, 0.00314771267585, -0.00422879727557, 0.0190493501723, -0.00134320207871, -0.000812853744719, 0.00294967857189, -0.00424698507413], [-0.000362016900908, -0.000340651895385, 0.000624230829999, -0.00055897294078, -0.00164055812638, -0.00253618485294, -0.00104247347917, 0.00220414367504, -0.00134320207871, 0.0167355649173, -0.00309611437842, -0.000125991500681, -0.00210696156137], [-0.000399867887609, -0.00163435621653, -0.00148800772149, 0.00227963225916, -0.000186442834092, 0.00179160956759, -0.00256667053327, -0.00164344208315, -0.000812853744719, -0.00309611437842, 0.0186996497214, -0.00476237433031, 0.00298046739772], [0.00056971370941, -0.000710431486368, -0.000146442980622, -0.00155951234046, 9.08288202481e-05, -0.00010418502643, 0.000946651969571, -0.00183684169315, 0.00294967857189, -0.000125991500681, -0.00476237433031, 0.0176853891462, -0.00709767313674], [-0.000194663822185, 0.000685981824063, -0.00222129304893, -0.000951858586632, 0.00274411286227, -0.000583483197261, 0.000612460484263, 0.000313298136462, -0.00424698507413, -0.00210696156137, 0.00298046739772, -0.00709767313674, 0.0210771467537]]
    spectral_contrast:
        mean: [1.23184662471e-07, -2.71592632828e-08, -1.16208362044e-07, -4.77794344533e-07, -1.07136592931e-07, 5.34648147976e-09, -6.37093648947e-08, 2.57734905063e-06, 2.34541516875e-06, -3.31136902787e-07, 1.48866740801e-06, 3.18112188324e-06]
        var: [0.000616968784016, 0.000960338744335, 0.00158392626327, 0.00263599352911, 0.00385882891715, 0.00561080966145, 0.0477230139077, 0.104500539601, 0.135228663683, 0.345616221428, 0.500739514828, 0.87638014555]

rhythm:
    beats_loudness:
        dmean: 0.00214334973134
        dmean2: 0.00390363088809
        dvar: 5.54561665922e-06
        dvar2: 1.38884061016e-05
        max: 0.012086010538
        mean: 0.00407155044377
        min: 0.000885208079126
        var: 6.04392562309e-06
    beats_loudness_bass:
        dmean: 0.129873767495
        dmean2: 0.246849924326
        dvar: 0.0189360175282
        dvar2: 0.0649644732475
        max: 0.596738040447
        mean: 0.135910898447
        min: 0.00638897577301
        var: 0.018018361181
    bpm: 210.205963135
    bpm_confidence: 0
    first_peak_bpm: 210
    first_peak_spread: 0
    first_peak_weight: 0.541666686535
    onset_rate: 3.77840924263
    second_peak_bpm: 111
    second_peak_spread: 0
    second_peak_weight: 0.416666656733
    beats_position: [0.235697031021, 0.776259481907, 1.31682193279, 1.85738444328, 2.39794683456, 2.93850946426, 3.47907161713, 4.01963424683, 4.56019687653, 5.10075950623, 5.64132213593, 5.96420192719, 6.24963712692, 6.53507232666, 6.82050657272, 7.10594177246, 7.39137649536, 7.67681121826, 7.96224594116, 8.24768161774, 8.53311634064, 8.81855106354, 9.10398674011, 9.38942146301, 9.67485713959]
    bpm_estimates: [209.898696899, 210.513214111]
    bpm_intervals: [0.540562450886, 0.540562450886, 0.54056251049, 0.540562391281, 0.5405626297, 0.540562152863, 0.5405626297, 0.5405626297, 0.5405626297, 0.5405626297, 0.32287979126, 0.285435199738, 0.285435199738, 0.285434246063, 0.285435199738, 0.2854347229, 0.2854347229, 0.2854347229, 0.285435676575, 0.2854347229, 0.2854347229, 0.285435676575, 0.2854347229, 0.285435676575]
    onset_times: [0.0580498874187, 0.243809521198, 0.49922901392, 0.766258478165, 0.952018141747, 1.10294783115, 1.39319729805, 1.62539684772, 1.72988665104, 2.51936507225, 2.72834467888, 3.36689352989, 3.5758728981, 3.76163268089, 3.84290242195, 4.20281171799, 4.43501138687, 4.72526073456, 4.7833108902, 4.92263031006, 5.42185926437, 5.68888902664, 6.17650794983, 6.46675729752, 6.74539661407, 7.02403640747, 7.16335582733, 7.33750581741, 7.60453510284, 7.73224496841, 7.90639448166, 8.28952407837, 8.35918331146, 8.45206356049, 8.71909332275, 9.0093421936, 9.2067117691, 9.52018165588]
    rubato_start: [6.24963712692]
    rubato_stop: [9.67485713959]
    perceptual_tempo: "unknown"

sfx:
    inharmonicity:
        dmean: 0.0295414160937
        dmean2: 0.052938926965
        dvar: 0.0014593253145
        dvar2: 0.00417032232508
        max: 0.260204285383
        mean: 0.0305838808417
        min: 0
        var: 0.00145015341695
    oddtoevenharmonicenergyratio:
        dmean: 3.33880662918
        dmean2: 6.30890893936
        dvar: 129.633575439
        dvar2: 435.252838135
        max: 115.461235046
        mean: 2.31769275665
        min: 0
        var: 72.2747116089
    pitch_after_max_to_before_max_energy_ratio: 1.97226107121
    pitch_centroid: 200.922271729
    pitch_max_to_total: 0.4375
    pitch_min_to_total: 0.474537044764
    tristimulus:
        dmean: [0.206575617194, 0.248367458582, 0.0754266083241]
        dmean2: [0.364285945892, 0.443391799927, 0.134071916342]
        dvar: [0.0368667766452, 0.0559027455747, 0.00746023003012]
        dvar2: [0.0968609452248, 0.144336760044, 0.0189914796501]
        max: [1, 0.984278857708, 0.571394264698]
        mean: [0.412126094103, 0.455826342106, 0.0718001797795]
        min: [0.00680190743878, 0, 0]
        var: [0.0584752261639, 0.0702662244439, 0.00763310771435]

tonal:
    chords_changes_rate: 0.055299539119
    chords_number_rate: 0.0276497695595
    chords_strength:
        dmean: 0.00644218269736
        dmean2: 0.0060181771405
        dvar: 2.84357010969e-05
        dvar2: 2.3719836463e-05
        max: 0.532552421093
        mean: 0.436809211969
        min: 0.320566803217
        var: 0.00311548635364
    key_strength: 0.616098344326
    tuning_diatonic_strength: 0.481388658285
    tuning_equal_tempered_deviation: 0.0878288149834
    tuning_frequency: 442.548919678
    tuning_nontempered_energy_ratio: 0.686692357063
    hpcp:
        dmean: [0.0998744592071, 0.0929834768176, 0.0684607326984, 0.0659120976925, 0.0605084374547, 0.127980455756, 0.156766191125, 0.117717690766, 0.076051466167, 0.0674186423421, 0.057474501431, 0.0406444519758, 0.0437315702438, 0.105041854084, 0.130351036787, 0.127898648381, 0.100555546582, 0.0609308555722, 0.0436952412128, 0.071929037571, 0.143664181232, 0.146917387843, 0.119727678597, 0.0650336891413, 0.0677239149809, 0.0970539450645, 0.108997039497, 0.125382706523, 0.088972389698, 0.0687225088477, 0.0876216739416, 0.0730983912945, 0.0506277084351, 0.0366599485278, 0.0663782656193, 0.0976147130132]
        dmean2: [0.165242090821, 0.155778199434, 0.122449226677, 0.11619810015, 0.10968349129, 0.2060444206, 0.25628298521, 0.193327948451, 0.132885485888, 0.107057534158, 0.0977669134736, 0.0693904906511, 0.0742729231715, 0.177521944046, 0.215701341629, 0.216822654009, 0.162846148014, 0.101250119507, 0.075673006475, 0.120446942747, 0.215002030134, 0.209675401449, 0.191651403904, 0.110350832343, 0.114863172174, 0.164884716272, 0.176472008228, 0.202779829502, 0.144140154123, 0.114073589444, 0.142569214106, 0.118062309921, 0.0838551074266, 0.056474879384, 0.112544879317, 0.162968486547]
        dvar: [0.0232921820134, 0.0262105949223, 0.0224740225822, 0.0252195801586, 0.0184483490884, 0.0211732536554, 0.0408153310418, 0.0216977279633, 0.0216533057392, 0.0181026905775, 0.0191742684692, 0.00960764847696, 0.00743482448161, 0.0226742736995, 0.0343815386295, 0.0291678812355, 0.0271223559976, 0.0194540601224, 0.00776391895488, 0.0181569345295, 0.0192285738885, 0.0282479561865, 0.0151530429721, 0.017919357866, 0.0253971554339, 0.0259763523936, 0.0252891313285, 0.0312817171216, 0.0250958763063, 0.0128679275513, 0.014361448586, 0.00763705931604, 0.0092452140525, 0.00584230944514, 0.013609890826, 0.0238036941737]
        dvar2: [0.0635279044509, 0.0684895813465, 0.0559283792973, 0.0713003277779, 0.0538162589073, 0.0545338019729, 0.104784168303, 0.0534524843097, 0.0605015158653, 0.0441597178578, 0.0538584962487, 0.0247516389936, 0.0208620913327, 0.0566263757646, 0.0786072686315, 0.0683926939964, 0.0582202970982, 0.052695017308, 0.0227021612227, 0.0449430979788, 0.0439135208726, 0.0602293983102, 0.0391308926046, 0.0442580915987, 0.0627951174974, 0.0688341483474, 0.0597595609725, 0.0722902864218, 0.0628354474902, 0.028882464394, 0.0311090797186, 0.0192866548896, 0.0214180834591, 0.0125680854544, 0.0338047370315, 0.058242239058]
        max: [1, 1, 1, 1, 1, 1, 1, 1, 0.847213685513, 1, 1, 0.794575095177, 0.70368540287, 1, 1, 1, 1, 1, 0.59549665451, 1, 1, 1, 1, 1, 1, 1, 1, 1, 1, 1, 1, 0.671441614628, 1, 0.834287345409, 0.707366764545, 1]
        mean: [0.192609146237, 0.103647783399, 0.0785202309489, 0.0623092614114, 0.0574587062001, 0.26581287384, 0.425281047821, 0.230669856071, 0.0884239897132, 0.0942590162158, 0.0687873363495, 0.046732943505, 0.0487646609545, 0.150086060166, 0.322084009647, 0.286869198084, 0.13012817502, 0.0655730515718, 0.0460790097713, 0.0905550345778, 0.382075846195, 0.583976328373, 0.313708603382, 0.0804586261511, 0.0750891417265, 0.12697134912, 0.223914727569, 0.218931421638, 0.11879671365, 0.107716679573, 0.145279482007, 0.116959534585, 0.0748695358634, 0.0515960864723, 0.0800138935447, 0.188759073615]
        min: [0.00211068894714, 0.0012535789283, 0.000890391587745, 0.000438581162598, 0.000376743264496, 0.00774133950472, 0.00943439640105, 0.0069610751234, 0.00107866304461, 0.000949520093855, 0.000974838330876, 0.000653505092487, 0.000762303243391, 0.00238511594944, 0.00821116939187, 0.00708593986928, 0.00179183657747, 0.000704063451849, 0.00074185495032, 0.000602497020736, 0.00248907669447, 0.00651379069313, 0.00648410292342, 0.000718859082554, 0.000593476055656, 0.000953371811192, 0.00142044422682, 0.00222593755461, 0.00138270913158, 0.00196704501286, 0.00148188194726, 0.00412789778784, 0.00138161075301, 0.00141718855593, 0.00109873618931, 0.00208598864265]
        var: [0.0796858370304, 0.0298993289471, 0.0292534977198, 0.0226242858917, 0.0122920218855, 0.0518629550934, 0.122230969369, 0.0448613874614, 0.023388043046, 0.0304659176618, 0.0159742999822, 0.00803479645401, 0.00680783065036, 0.0413425602019, 0.125933095813, 0.0959349125624, 0.0451595671475, 0.019073702395, 0.00579345133156, 0.0182458367199, 0.0479977354407, 0.122990086675, 0.0587040185928, 0.0212404578924, 0.0264362283051, 0.0345119424164, 0.0614862851799, 0.0596443712711, 0.029107702896, 0.0264757312834, 0.0312713459134, 0.0144026046619, 0.0120009277016, 0.00821472797543, 0.0148540763184, 0.0702040120959]
    chords_histogram: [74.1935501099, 0, 6.91244220734, 4.60829496384, 0, 1.84331798553, 0, 0.921658992767, 0, 0, 0, 0, 3.22580647469, 8.29493045807, 0, 0, 0, 0, 0, 0, 0, 0, 0, 0]
    thpcp: [1, 0.537194013596, 0.137777209282, 0.128582507372, 0.217425510287, 0.38343116641, 0.374897778034, 0.203427270055, 0.184453845024, 0.248776316643, 0.2002812922, 0.128206461668, 0.0883530452847, 0.137015640736, 0.323230683804, 0.329823553562, 0.177486270666, 0.13445790112, 0.106698267162, 0.0983921810985, 0.455177485943, 0.72825050354, 0.394998639822, 0.151417076588, 0.161408960819, 0.117791309953, 0.0800254046917, 0.0835045129061, 0.257007092237, 0.551536083221, 0.491234302521, 0.222831249237, 0.112287171185, 0.0789056122303, 0.155066281557, 0.654265999794]
    chords_key: "E"
    chords_scale: "minor"
    key_key: "E"
    key_scale: "minor"
    chords_progression: ["E", "E", "Em", "Em", "Em", "Em", "Em", "Em", "Em", "Em", "Em", "Em", "Em", "Em", "Em", "Em", "Em", "Em", "Em", "Em", "Em", "Em", "Em", "Em", "Em", "Em", "Em", "Em", "Em", "Em", "Em", "Em", "Em", "Em", "Em", "Em", "Em", "Em", "Em", "Em", "Em", "Em", "Em", "Em", "Em", "Em", "Em", "Em", "Em", "Em", "Em", "Em", "Em", "Em", "Em", "Em", "Em", "Em", "Em", "Em", "Em", "Em", "Em", "Em", "Em", "Em", "Em", "Em", "Em", "Em", "Em", "Em", "Em", "Em", "Em", "A", "A", "A", "Em", "Em", "Em", "Em", "Em", "Em", "Em", "Em", "Em", "Em", "Em", "Em", "Em", "Em", "Em", "Em", "Em", "Em", "Em", "Em", "Em", "A", "Em", "Em", "Em", "Em", "Em", "Em", "Em", "Em", "Em", "Em", "Em", "Em", "Em", "Em", "Em", "Em", "Em", "Em", "Em", "Em", "Em", "Em", "Em", "Em", "Em", "Em", "Em", "Em", "Em", "Em", "Em", "Em", "Em", "Em", "Em", "Em", "Em", "Em", "Em", "Em", "Em", "Em", "Em", "Em", "Em", "Em", "Em", "Em", "Em", "Em", "Em", "Em", "Em", "Em", "Em", "Em", "Em", "Em", "Em", "Em", "Em", "Em", "Em", "Em", "Em", "Em", "Em", "Bm", "Bm", "Bm", "Bm", "Bm", "Bm", "Bm", "Bm", "Bm", "Bm", "Bm", "Bm", "Bm", "Bm", "A#m", "A#m", "A#m", "A#m", "C#", "A#m", "A#m", "A#m", "Bm", "C#", "C#", "C#", "C#", "C#", "C#", "C#", "C#", "C#", "C#", "C#", "C#", "C#", "C#", "C#", "C#", "C#", "D", "D", "D", "D", "D", "D", "D", "D", "D", "D"]
