
metadata:
    version:
        essentia: "1.2.2"
    audio_properties:
        analysis_sample_rate: 44100
        bitrate: 128
        channels: 2
        equal_loudness: 1
        length: 10.0048980713
        replay_gain: -8.58322906494
        downmix: "mix"
    tags:
        track: 29
        year: 0
        album: "Splitted by Mp3Splt v. 2.1"
        artist: "From 004.40 To 004.50"
        comment: "http://mp3splt.sf.net"
        genre: ""
        title: "02 Golden Age of Life.mp3"

highlevel:
    ballroom:
        all:
            ChaChaCha: 0.0441756546497
            Jive: 0.00351040414535
            Quickstep: 0.00812129303813
            Rumba-American: 0.00568112405017
            Rumba-International: 0.0554499663413
            Rumba-Misc: 0.0964176729321
            Samba: 0.00346208782867
            Tango: 0.189157813787
            VienneseWaltz: 0.0695529207587
            Waltz: 0.52447104454
        probability: 0.52447104454
        value: "Waltz"
    culture:
        all:
            non_western: 0.0836678445339
            western: 0.916332125664
        probability: 0.916332125664
        value: "western"
    gender:
        all:
            female: 0.411980479956
            male: 0.588019490242
        probability: 0.588019490242
        value: "male"
    genre_dortmund:
        all:
            alternative: 0.204648792744
            blues: 0.0115737430751
            electronic: 0.198968634009
            folkcountry: 0.0535440891981
            funksoulrnb: 0.0476811043918
            jazz: 0.30944776535
            pop: 0.0914642214775
            raphiphop: 0.0024476184044
            rock: 0.0802240371704
        probability: 0.30944776535
        value: "jazz"
    genre_electronica:
        all:
            ambient: 0.94649875164
            dnb: 0.00367446010932
            house: 0.032237727195
            techno: 0.00408050185069
            trance: 0.0135085452348
        probability: 0.94649875164
        value: "ambient"
    genre_rosamerica:
        all:
            cla: 0.515019059181
            dan: 0.014954562299
            hip: 0.0111538385972
            jaz: 0.0420861728489
            pop: 0.065416790545
            rhy: 0.01735345833
            roc: 0.32057210803
            spe: 0.0134440101683
        probability: 0.515019059181
        value: "cla"
    genre_tzanetakis:
        all:
            blu: 0.00922290887684
            cla: 0.753886520863
            cou: 0.0120273306966
            dis: 0.0102773299441
            hip: 0.00284355133772
            jaz: 0.161908462644
            met: 0.00328498124145
            pop: 0.0125680696219
            reg: 0.0090220971033
            roc: 0.0249587595463
        probability: 0.753886520863
        value: "cla"
    live_studio:
        all:
            live: 0.141831129789
            studio: 0.858168840408
        probability: 0.858168840408
        value: "studio"
    mood:
        all:
            Cluster1: 0.0992953255773
            Cluster2: 0.085110552609
            Cluster3: 0.587980628014
            Cluster4: 0.197017401457
            Cluster5: 0.0305961053818
        probability: 0.587980628014
        value: "Cluster3"
    mood_acoustic:
        all:
            acoustic: 0.575403869152
            not_acoustic: 0.42459616065
        probability: 0.575403869152
        value: "acoustic"
    mood_aggressive:
        all:
            aggressive: 4.43510862169e-06
            not_aggressive: 0.999995589256
        probability: 0.999995589256
        value: "not_aggressive"
    mood_electronic:
        all:
            electronic: 0.286164879799
            not_electronic: 0.713835120201
        probability: 0.713835120201
        value: "not_electronic"
    mood_happy:
        all:
            happy: 0.0351949818432
            not_happy: 0.964805006981
        probability: 0.964805006981
        value: "not_happy"
    mood_party:
        all:
            not_party: 0.979935646057
            party: 0.0200643241405
        probability: 0.979935646057
        value: "not_party"
    mood_relaxed:
        all:
            not_relaxed: 0.260818868876
            relaxed: 0.739181160927
        probability: 0.739181160927
        value: "relaxed"
    mood_sad:
        all:
            not_sad: 0.0980464592576
            sad: 0.901953518391
        probability: 0.901953518391
        value: "sad"
    rhythm:
        all:
            fast: 0.247313886881
            medium: 0.258947789669
            slow: 0.49373832345
        probability: 0.49373832345
        value: "slow"
    speech_music:
        all:
            music: 0.987382888794
            speech: 0.0126171233132
        probability: 0.987382888794
        value: "music"
    timbre:
        all:
            bright: 0.408347964287
            dark: 0.591652035713
        probability: 0.591652035713
        value: "dark"
    voice_instrumental:
        all:
            instrumental: 0.999990105629
            voice: 9.88253123069e-06
        probability: 0.999990105629
        value: "instrumental"

lowlevel:
    average_loudness: 0.843229353428
    barkbands_kurtosis:
        dmean: 1.6233792305
        dmean2: 2.71159815788
        dvar: 3.34972572327
        dvar2: 9.46489048004
        max: 21.5458679199
        mean: 3.87642788887
        min: -1.53944981098
        var: 8.08595466614
    barkbands_skewness:
        dmean: 0.333538562059
        dmean2: 0.553892314434
        dvar: 0.136416494846
        dvar2: 0.388908714056
        max: 3.99722123146
        mean: 1.41306757927
        min: -0.791336297989
        var: 0.514899790287
    barkbands_spread:
        dmean: 1.74840199947
        dmean2: 2.93567490578
        dvar: 7.63371038437
        dvar2: 18.3716030121
        max: 37.9499855042
        mean: 7.64779853821
        min: 1.13810241222
        var: 26.8255996704
    dissonance:
        dmean: 0.0288383029401
        dmean2: 0.0484945215285
        dvar: 0.000813850900158
        dvar2: 0.00215821852908
        max: 0.493216097355
        mean: 0.402691155672
        min: 0.177005529404
        var: 0.00282991258428
    hfc:
        dmean: 0.321981698275
        dmean2: 0.500007987022
        dvar: 0.437485039234
        dvar2: 0.903851270676
        max: 8.73038768768
        mean: 1.35443532467
        min: 0.00434899702668
        var: 3.0062725544
    pitch:
        dmean: 37.2144737244
        dmean2: 71.4589233398
        dvar: 8200.90234375
        dvar2: 23017.4394531
        max: 1336.36364746
        mean: 195.575714111
        min: 65.9192810059
        var: 8423.32421875
    pitch_instantaneous_confidence:
        dmean: 0.0704751610756
        dmean2: 0.119138278067
        dvar: 0.00399152562022
        dvar2: 0.0112362615764
        max: 0.737028241158
        mean: 0.467199325562
        min: 0.179243385792
        var: 0.0128354104236
    pitch_salience:
        dmean: 0.0475370772183
        dmean2: 0.0791978240013
        dvar: 0.00201969733462
        dvar2: 0.00572268292308
        max: 0.817678928375
        mean: 0.634438276291
        min: 0.359998166561
        var: 0.00547647848725
    silence_rate_20dB:
        dmean: 0
        dmean2: 0
        dvar: 0
        dvar2: 0
        max: 1
        mean: 1
        min: 1
        var: 0
    silence_rate_30dB:
        dmean: 0
        dmean2: 0
        dvar: 0
        dvar2: 0
        max: 1
        mean: 1
        min: 1
        var: 0
    silence_rate_60dB:
        dmean: 0.0325581394136
        dmean2: 0.0652680620551
        dvar: 0.0314981974661
        dvar2: 0.0656700283289
        max: 1
        mean: 0.663573086262
        min: 0
        var: 0.223243802786
    spectral_centroid:
        dmean: 59.4411468506
        dmean2: 93.8651733398
        dvar: 15324.0410156
        dvar2: 33040.2421875
        max: 2192.3046875
        mean: 481.341522217
        min: 222.686721802
        var: 42464.671875
    spectral_complexity:
        dmean: 1.04439246655
        dmean2: 1.76814985275
        dvar: 3.38821268082
        dvar2: 6.29987192154
        max: 22
        mean: 6.01864814758
        min: 0
        var: 27.8178062439
    spectral_crest:
        dmean: 2.32179307938
        dmean2: 4.03121709824
        dvar: 3.86092448235
        dvar2: 11.378112793
        max: 20.8145065308
        mean: 11.0788793564
        min: 3.41972374916
        var: 10.4548425674
    spectral_decrease:
        dmean: 1.79877113204e-10
        dmean2: 2.97731589383e-10
        dvar: 1.27057100513e-19
        dvar2: 3.00236266867e-19
        max: -4.05092712846e-12
        mean: -6.89051260494e-10
        min: -3.53927620544e-09
        var: 6.43187261686e-19
    spectral_energy:
        dmean: 0.000704868580215
        dmean2: 0.00116576720029
        dvar: 1.95741290554e-06
        dvar2: 4.59013790532e-06
        max: 0.013997765258
        mean: 0.00272348849103
        min: 1.5683563106e-05
        var: 1.00990773717e-05
    spectral_energyband_high:
        dmean: 1.85188901014e-06
        dmean2: 2.85814167e-06
        dvar: 1.989338555e-11
        dvar2: 5.08612769956e-11
        max: 4.64430377178e-05
        mean: 3.95931692765e-06
        min: 2.89761170613e-09
        var: 6.37304028994e-11
    spectral_energyband_low:
        dmean: 2.35617881117e-05
        dmean2: 3.24082211591e-05
        dvar: 2.14999817949e-09
        dvar2: 4.04461486525e-09
        max: 0.000630408118013
        mean: 8.96573692444e-05
        min: 2.53229018199e-07
        var: 1.2712133568e-08
    spectral_energyband_middle_high:
        dmean: 0.000151028085384
        dmean2: 0.000236664040131
        dvar: 9.64593169783e-08
        dvar2: 2.51963967912e-07
        max: 0.00414940435439
        mean: 0.000407052662922
        min: 7.09832761459e-08
        var: 3.86422385645e-07
    spectral_energyband_middle_low:
        dmean: 0.000627660367172
        dmean2: 0.00104685430415
        dvar: 1.522251182e-06
        dvar2: 3.68674068341e-06
        max: 0.0125751849264
        mean: 0.00222281669267
        min: 1.01263385659e-05
        var: 6.7708883762e-06
    spectral_flatness_db:
        dmean: 0.0179485939443
        dmean2: 0.0303685013205
        dvar: 0.000367283268133
        dvar2: 0.000968482228927
        max: 0.446540862322
        mean: 0.295827537775
        min: 0.140479028225
        var: 0.00600440055132
    spectral_flux:
        dmean: 0.00435041962191
        dmean2: 0.00697597535327
        dvar: 9.20657184906e-05
        dvar2: 0.000230059202295
        max: 0.108151353896
        mean: 0.0167989246547
        min: 0.000932823342737
        var: 0.000263206282398
    spectral_kurtosis:
        dmean: 14.3924875259
        dmean2: 24.7987060547
        dvar: 324.720397949
        dvar2: 997.199951172
        max: 170.474655151
        mean: 58.7315368652
        min: 4.68377876282
        var: 2877.09985352
    spectral_rms:
        dmean: 0.000176628615009
        dmean2: 0.000281714746961
        dvar: 1.00624831134e-07
        dvar2: 1.9917504801e-07
        max: 0.00369545072317
        mean: 0.00130923022516
        min: 0.000123697362142
        var: 9.42978374496e-07
    spectral_rolloff:
        dmean: 132.016616821
        dmean2: 234.4947052
        dvar: 81599.46875
        dvar2: 187638.75
        max: 3811.37695312
        mean: 717.573303223
        min: 279.931640625
        var: 153037.859375
    spectral_skewness:
        dmean: 0.824725210667
        dmean2: 1.42525374889
        dvar: 0.823416888714
        dvar2: 2.57638764381
        max: 10.4001379013
        mean: 5.19493484497
        min: 1.24918317795
        var: 8.1769990921
    spectral_spread:
        dmean: 257734.015625
        dmean2: 434482.59375
        dvar: 96429457408
        dvar2: 227608526848
        max: 5151872
        mean: 1855785.375
        min: 476808.28125
        var: 1.02136728781e+12
    spectral_strongpeak:
        dmean: 0.12322857976
        dmean2: 0.216409012675
        dvar: 0.0296660382301
        dvar2: 0.0821643322706
        max: 1.49479734898
        mean: 0.196218818426
        min: 0.0101116579026
        var: 0.0447303205729
    zerocrossingrate:
        dmean: 0.00318523659371
        dmean2: 0.00464496109635
        dvar: 2.38556367549e-05
        dvar2: 3.12438205583e-05
        max: 0.0986328125
        mean: 0.0283385235816
        min: 0.0107421875
        var: 0.000163841585163
    barkbands:
        dmean: [1.32212978343e-08, 3.71419355361e-06, 2.08091514651e-05, 7.73061183281e-05, 0.000523913244251, 0.000116460410936, 6.61490557832e-05, 8.43346788315e-05, 9.09680384211e-05, 3.76198840968e-05, 7.38871531212e-05, 4.57430032839e-05, 2.3349557523e-05, 1.78312166099e-05, 1.42925073305e-05, 5.87544536756e-06, 5.24206461705e-06, 5.09987285113e-06, 7.6002629612e-06, 4.49570916317e-06, 3.35241992389e-07, 1.21141965792e-07, 3.32476766118e-08, 1.24110295374e-08, 6.889616877e-09, 2.81284578962e-10, 1.35588748562e-10]
        dmean2: [1.50018557576e-08, 4.9272312026e-06, 2.91553169518e-05, 0.000123265199363, 0.000889486691449, 0.000195075161173, 9.53505732468e-05, 0.00013097973715, 0.000144042904139, 5.78695216973e-05, 0.000126499624457, 7.35399589757e-05, 3.98514675908e-05, 2.91986216325e-05, 2.38165048358e-05, 9.95377740765e-06, 8.35647915665e-06, 7.08969764673e-06, 1.19736787383e-05, 6.75395676808e-06, 5.12941085162e-07, 1.83733050108e-07, 4.03393691784e-08, 1.81949975087e-08, 1.03761648163e-08, 4.41470249246e-10, 2.54537585453e-10]
        dvar: [5.03699119632e-14, 1.21815293963e-10, 1.81716564018e-09, 2.02311358777e-08, 8.83847917521e-07, 4.77483901307e-08, 1.67402394169e-08, 7.99265578166e-08, 3.85582019646e-08, 6.02574257158e-09, 4.28189395052e-08, 2.50496139387e-08, 3.3820872769e-09, 1.26312815762e-09, 1.53707846451e-09, 2.58608162662e-10, 3.88454490796e-10, 1.66874236651e-10, 4.65586458276e-10, 1.0092133379e-10, 5.96686654079e-13, 7.9972127824e-14, 5.79689105013e-15, 1.22009484459e-15, 3.74973147769e-16, 3.65765928584e-19, 5.62919800544e-20]
        dvar2: [5.02828606931e-14, 2.27093108207e-10, 3.38533756583e-09, 5.07336714861e-08, 2.60015303866e-06, 1.20904701362e-07, 3.82365676899e-08, 2.05557810773e-07, 1.03014492936e-07, 1.48842227432e-08, 1.28503131691e-07, 6.59896670641e-08, 7.4046173637e-09, 3.02592528811e-09, 4.34073754718e-09, 6.60580368184e-10, 9.5072849593e-10, 3.06602132571e-10, 9.79293757197e-10, 2.45478498639e-10, 1.38869959369e-12, 1.83973008269e-13, 9.02315230183e-15, 2.54485627992e-15, 9.73811438964e-16, 7.66399846432e-19, 1.80291976119e-19]
        max: [4.66141773359e-06, 0.000227807700867, 0.000628857174888, 0.00144457397982, 0.00776589103043, 0.00239640544169, 0.00184073136188, 0.00337595306337, 0.00323661416769, 0.000842776265927, 0.00234094914049, 0.00282022706233, 0.000704755249899, 0.000399273994844, 0.000461418647319, 0.000190468737856, 0.000386847561458, 0.000202684357646, 0.000346356275259, 0.000118830495921, 9.09779009817e-06, 3.35434879162e-06, 1.71002159277e-06, 6.10492804753e-07, 2.65599084059e-07, 9.61594892601e-09, 1.51462598019e-09]
        mean: [1.3632864615e-08, 2.39198579948e-05, 6.57298660371e-05, 0.000136588147143, 0.00114815216511, 0.0002932890784, 0.00025456547155, 0.000167715552379, 0.000202649840503, 8.43384914333e-05, 0.000111567074782, 7.48572128941e-05, 4.76886707474e-05, 3.05983630824e-05, 2.15235813812e-05, 1.02422391137e-05, 1.0654527614e-05, 1.13035584945e-05, 1.7268506781e-05, 9.66547304415e-06, 6.85768384301e-07, 3.05290939195e-07, 1.08969466339e-07, 3.98061636986e-08, 1.9942028473e-08, 6.23017526458e-10, 1.01982096379e-10]
        min: [2.53967989217e-13, 9.37684041524e-10, 1.38096481805e-07, 1.1491791696e-07, 1.8536248092e-07, 9.05261913431e-07, 3.32946228809e-07, 1.39022560575e-07, 4.03523543469e-08, 1.33278117431e-08, 2.98924049957e-08, 2.83526269129e-09, 4.58488980115e-09, 1.66830416148e-09, 1.26530297351e-09, 5.4025944829e-10, 1.01407116038e-09, 7.04676095253e-10, 1.42793288305e-09, 1.07253794734e-09, 9.69558322517e-10, 4.14842937779e-10, 1.50012793854e-10, 1.32764410576e-10, 1.04451683414e-10, 8.96572659864e-12, 1.27315326792e-13]
        var: [5.04968042749e-14, 2.05297978617e-09, 1.03972483956e-08, 3.9578729627e-08, 2.09662152884e-06, 1.58169413567e-07, 1.12776511685e-07, 1.37804079259e-07, 1.43577821632e-07, 1.66652540656e-08, 6.11626660429e-08, 4.39166463195e-08, 8.54266435368e-09, 2.85881118778e-09, 2.32931673949e-09, 5.54854273638e-10, 1.34329858348e-09, 7.26651572247e-10, 1.46477274754e-09, 3.69284158808e-10, 2.14022224422e-12, 3.60397502857e-13, 4.92803633187e-14, 7.87963834128e-15, 1.72612302107e-15, 1.55192803773e-18, 4.41897299255e-20]
    mfcc:
        mean: [-928.601318359, 240.229873657, -35.3860702515, 25.5300922394, -19.529088974, -18.0709857941, -7.61463117599, -14.5387401581, -17.7361373901, -9.23344612122, -8.8651008606, -14.2740468979, -9.66492843628]
        cov: [[15596.2314453, -2031.84887695, -2651.20361328, -220.926437378, -564.936096191, 45.9922485352, 689.051025391, 296.474121094, -828.020080566, 404.828338623, -30.6738166809, -553.44519043, 4.02452421188], [-2031.84887695, 3459.80053711, 426.077026367, -526.671020508, 377.325408936, 354.784576416, 0.618787705898, 1.75016057491, 220.466125488, -285.945831299, 10.1873931885, 109.792037964, -108.756828308], [-2651.20361328, 426.077026367, 1209.57861328, -84.6940994263, 112.919410706, 155.651809692, 25.7448120117, -8.3735742569, 138.070510864, -17.0582580566, 3.9867079258, 84.4044876099, 58.6969604492], [-220.926437378, -526.671020508, -84.6940994263, 272.84274292, -0.154337868094, -68.4132919312, -69.0412521362, -26.2730922699, 22.0858592987, 43.0938682556, 14.1762228012, 45.6235847473, 25.4121932983], [-564.936096191, 377.325408936, 112.919410706, -0.154337868094, 180.094650269, 57.1391067505, -43.6203422546, 13.1260509491, 93.8910903931, -14.6337127686, 21.9141998291, 76.5510482788, 15.4874305725], [45.9922485352, 354.784576416, 155.651809692, -68.4132919312, 57.1391067505, 154.650177002, 57.2879905701, 22.1646194458, 27.6223011017, -11.6849517822, 9.34010028839, 14.353014946, 16.1858940125], [689.051025391, 0.618787705898, 25.7448120117, -69.0412521362, -43.6203422546, 57.2879905701, 140.373809814, 38.2994003296, -59.6309127808, 23.0850028992, 1.34624278545, -35.6870765686, 13.8612098694], [296.474121094, 1.75016057491, -8.3735742569, -26.2730922699, 13.1260509491, 22.1646194458, 38.2994003296, 53.4925270081, -2.72260737419, 11.6384458542, 6.82259750366, 0.681636571884, 9.36594676971], [-828.020080566, 220.466125488, 138.070510864, 22.0858592987, 93.8910903931, 27.6223011017, -59.6309127808, -2.72260737419, 119.83518219, -6.64155101776, 11.0038070679, 61.9494667053, 11.2189645767], [404.828338623, -285.945831299, -17.0582580566, 43.0938682556, -14.6337127686, -11.6849517822, 23.0850028992, 11.6384458542, -6.64155101776, 74.6271286011, 13.7267608643, -5.31002426147, 25.3455162048], [-30.6738166809, 10.1873931885, 3.9867079258, 14.1762228012, 21.9141998291, 9.34010028839, 1.34624278545, 6.82259750366, 11.0038070679, 13.7267608643, 38.1919898987, 23.9712657928, 4.68430328369], [-553.44519043, 109.792037964, 84.4044876099, 45.6235847473, 76.5510482788, 14.353014946, -35.6870765686, 0.681636571884, 61.9494667053, -5.31002426147, 23.9712657928, 92.7232208252, 16.3217563629], [4.02452421188, -108.756828308, 58.6969604492, 25.4121932983, 15.4874305725, 16.1858940125, 13.8612098694, 9.36594676971, 11.2189645767, 25.3455162048, 4.68430328369, 16.3217563629, 47.7439804077]]
        icov: [[0.000323354208376, 4.02127261623e-05, 0.000650342961308, 0.000267191091552, -0.000198495108634, -0.000907680485398, -0.000207902310649, -0.000659531040583, 0.00133298046421, -0.00162303249817, 0.000581445230637, 0.000237679094425, 9.45173524087e-05], [4.02127261623e-05, 0.00111060461495, 0.000223089024075, 0.00149798451457, -0.00147473649122, -0.0011523286812, -0.000901671475731, 0.00123221380636, -0.00115658098366, 0.00228382903151, -0.00043528660899, -0.000227558397455, 0.00152385735419], [0.000650342961308, 0.000223089024075, 0.00252468604594, 0.00117882608902, -0.000296275102301, -0.00256311916746, -0.00117904716171, -4.68007601739e-05, 0.00107998296153, -0.00278659770265, 0.00152767251711, -0.000205194504815, -0.000815642881207], [0.000267191091552, 0.00149798451457, 0.00117882608902, 0.00842045340687, -0.000926649081521, -0.001209348673, 0.00122907315381, 0.00314535503276, -0.000171126783243, -0.00161774107255, -9.65154686128e-05, -0.00384395499714, -0.000582069100346], [-0.000198495108634, -0.00147473649122, -0.000296275102301, -0.000926649081521, 0.0150177879259, -0.00170642370358, 0.00472055794671, -0.00474252132699, -0.00414820946753, -0.00143787264824, -0.00142888887785, -0.00531699694693, -0.00352239701897], [-0.000907680485398, -0.0011523286812, -0.00256311916746, -0.001209348673, -0.00170642370358, 0.0160249117762, -0.00584193551913, 0.00160337996203, -0.00593306403607, 0.00603939918801, -0.00363224023022, 0.00153673882596, -0.00423211511225], [-0.000207902310649, -0.000901671475731, -0.00117904716171, 0.00122907315381, 0.00472055794671, -0.00584193551913, 0.0205712355673, -0.00937860365957, 0.00936787109822, -0.00612273393199, -0.0002559790737, -0.000613778596744, -0.00364035833627], [-0.000659531040583, 0.00123221380636, -4.68007601739e-05, 0.00314535503276, -0.00474252132699, 0.00160337996203, -0.00937860365957, 0.0304179806262, -0.00665972288698, 0.00419041002169, -0.00343755213544, -0.00133561063558, -0.00086932972772], [0.00133298046421, -0.00115658098366, 0.00107998296153, -0.000171126783243, -0.00414820946753, -0.00593306403607, 0.00936787109822, -0.00665972288698, 0.0290276613086, -0.0136429546401, 0.00587268499658, -0.00519516458735, -0.00041847967077], [-0.00162303249817, 0.00228382903151, -0.00278659770265, -0.00161774107255, -0.00143787264824, 0.00603939918801, -0.00612273393199, 0.00419041002169, -0.0136429546401, 0.0376662611961, -0.0140407932922, 0.00514596188441, -0.00817075651139], [0.000581445230637, -0.00043528660899, 0.00152767251711, -9.65154686128e-05, -0.00142888887785, -0.00363224023022, -0.0002559790737, -0.00343755213544, 0.00587268499658, -0.0140407932922, 0.0388186573982, -0.0114659080282, 0.00576111581177], [0.000237679094425, -0.000227558397455, -0.000205194504815, -0.00384395499714, -0.00531699694693, 0.00153673882596, -0.000613778596744, -0.00133561063558, -0.00519516458735, 0.00514596188441, -0.0114659080282, 0.0262550059706, -0.00595777854323], [9.45173524087e-05, 0.00152385735419, -0.000815642881207, -0.000582069100346, -0.00352239701897, -0.00423211511225, -0.00364035833627, -0.00086932972772, -0.00041847967077, -0.00817075651139, 0.00576111581177, -0.00595777854323, 0.0354330278933]]
    spectral_contrast:
        mean: [2.85440592052e-07, -7.08873244548e-07, 3.15779146831e-07, -5.21887990601e-08, -4.83627786707e-07, 2.26886683663e-07, -4.60442407757e-07, -3.10249811264e-06, 3.23726851548e-07, 1.57139515977e-06, -1.92318771042e-06, 4.77948674416e-07]
        var: [0.000231284619076, 0.000319289800245, 0.000611041206867, 0.000895342149306, 0.00160499371123, 0.0035948571749, 0.0518861636519, 0.0876722186804, 0.196401640773, 0.544215261936, 2.17770409584, 8.17537784576]

rhythm:
    beats_loudness:
        dmean: 0.00415400462225
        dmean2: 0.0068802065216
        dvar: 1.53328692249e-05
        dvar2: 4.28220882895e-05
        max: 0.0165800806135
        mean: 0.00398027757183
        min: 3.5393593862e-05
        var: 1.91072722373e-05
    beats_loudness_bass:
        dmean: 0.0409930460155
        dmean2: 0.0732131823897
        dvar: 0.00108621281106
        dvar2: 0.00236236862838
        max: 0.189050599933
        mean: 0.0941459387541
        min: 0.0249809958041
        var: 0.00198161392473
    bpm: 107.469772339
    bpm_confidence: 0
    first_peak_bpm: 161
    first_peak_spread: 0
    first_peak_weight: 0.681818187237
    onset_rate: 1.09946155548
    second_peak_bpm: 107
    second_peak_spread: 0.142857074738
    second_peak_weight: 0.272727280855
    beats_position: [0.239974677563, 0.612847030163, 0.985719382763, 1.35859179497, 1.73146414757, 2.10433650017, 2.47720885277, 2.85008120537, 3.22295355797, 3.59582591057, 3.96869826317, 4.34157037735, 4.71444272995, 5.08731508255, 5.46018791199, 5.83306026459, 6.40359449387, 6.96190452576, 7.52021455765, 8.07852458954, 8.63683414459, 9.19514465332, 9.75345420837]
    bpm_estimates: [108.048034668, 107.321372986, 106.920532227, 107.107315063, 108.390594482, 106.723655701, 107.670928955, 107.575820923]
    bpm_intervals: [0.3728723526, 0.3728723526, 0.372872412205, 0.3728723526, 0.3728723526, 0.3728723526, 0.3728723526, 0.3728723526, 0.3728723526, 0.3728723526, 0.372872114182, 0.3728723526, 0.3728723526, 0.372872829437, 0.3728723526, 0.570534229279, 0.558310031891, 0.558310031891, 0.558310031891, 0.558309555054, 0.558310508728, 0.558309555054]
    onset_times: [0.0696598663926, 1.68344676495, 2.07818603516, 2.53097510338, 3.20435380936, 4.7020406723, 6.91954660416, 7.52326536179, 8.04571437836, 8.47528362274, 9.2067117691]
    rubato_start: [6.40359449387]
    rubato_stop: [6.96190452576]
    perceptual_tempo: "unknown"

sfx:
    inharmonicity:
        dmean: 0.0184602942318
        dmean2: 0.0333497300744
        dvar: 0.00120701408014
        dvar2: 0.00325595540926
        max: 0.308270543814
        mean: 0.0173003282398
        min: 1.37099459607e-06
        var: 0.00109727832023
    oddtoevenharmonicenergyratio:
        dmean: 1.17340028286
        dmean2: 2.22726964951
        dvar: 28.5841560364
        dvar2: 84.7263641357
        max: 72.7372512817
        mean: 0.825845241547
        min: 9.29165889829e-06
        var: 14.8829250336
    pitch_after_max_to_before_max_energy_ratio: 0.87419116497
    pitch_centroid: 233.656478882
    pitch_max_to_total: 0.687645673752
    pitch_min_to_total: 0.326340317726
    tristimulus:
        dmean: [0.164294540882, 0.169380038977, 0.0227185003459]
        dmean2: [0.288068503141, 0.292893975973, 0.039889216423]
        dvar: [0.0357297696173, 0.0375097766519, 0.00147100165486]
        dvar2: [0.0967355296016, 0.105408519506, 0.00427058944479]
        max: [0.995175361633, 0.991477608681, 0.309476405382]
        mean: [0.573563575745, 0.392143845558, 0.0287569146603]
        min: [0.00114173453767, 0, 0]
        var: [0.073014266789, 0.0672497525811, 0.00162145448849]

tonal:
    chords_changes_rate: 0.0416666679084
    chords_number_rate: 0.0277777779847
    chords_strength:
        dmean: 0.00627040537074
        dmean2: 0.00452427566051
        dvar: 2.92557160719e-05
        dvar2: 1.82976582437e-05
        max: 0.693073272705
        mean: 0.519704759121
        min: 0.352834552526
        var: 0.00851760897785
    key_strength: 0.755695819855
    tuning_diatonic_strength: 0.480560541153
    tuning_equal_tempered_deviation: 0.10321354121
    tuning_frequency: 438.731048584
    tuning_nontempered_energy_ratio: 0.669112384319
    hpcp:
        dmean: [0.0321759954095, 0.037815913558, 0.0372688472271, 0.0448750294745, 0.0504447259009, 0.0892812237144, 0.0706219598651, 0.123493351042, 0.0987104028463, 0.0734963715076, 0.0800629481673, 0.04015436396, 0.0250494237989, 0.0263841189444, 0.041146364063, 0.0468559972942, 0.0571595840156, 0.0283123124391, 0.0178916528821, 0.0176921747625, 0.0407593138516, 0.0844114050269, 0.0816887021065, 0.0359723679721, 0.0225971378386, 0.016183020547, 0.0175686739385, 0.0347519293427, 0.0356503240764, 0.0717828497291, 0.12086776644, 0.0983474850655, 0.0436595119536, 0.0426521673799, 0.0348579846323, 0.0335665158927]
        dmean2: [0.050238866359, 0.0617010705173, 0.0620199888945, 0.0718108490109, 0.0840396136045, 0.151456013322, 0.123509049416, 0.207285225391, 0.145689591765, 0.11771003902, 0.13029448688, 0.0656498968601, 0.0413789711893, 0.0464992336929, 0.0554669164121, 0.0658805891871, 0.0814062803984, 0.0492792874575, 0.0254250373691, 0.0277874041349, 0.0607087649405, 0.115337580442, 0.125195845962, 0.0572139844298, 0.0333835929632, 0.0252829957753, 0.0309003721923, 0.0568168126047, 0.054833188653, 0.107602059841, 0.174196600914, 0.157446056604, 0.0656273588538, 0.0605203807354, 0.0511526875198, 0.0573512427509]
        dvar: [0.00882671400905, 0.01222815644, 0.00702602276579, 0.00950206164271, 0.0164018403739, 0.0230073444545, 0.0250259507447, 0.0324454493821, 0.0180075913668, 0.0181165765971, 0.0187863912433, 0.00455794995651, 0.0092448759824, 0.00849292054772, 0.00477257277817, 0.0117747969925, 0.0128506273031, 0.00845719408244, 0.00168681924697, 0.00124500796665, 0.00357509963214, 0.0133123416454, 0.015057423152, 0.0049962582998, 0.00201070914045, 0.00148630456533, 0.00139958423097, 0.00517477979884, 0.00613973522559, 0.010575263761, 0.0248013455421, 0.0221511647105, 0.00353098008782, 0.0101622641087, 0.00593590224162, 0.0113228708506]
        dvar2: [0.0208026841283, 0.0286145992577, 0.0166873559356, 0.018355326727, 0.042110633105, 0.0598832629621, 0.0621395371854, 0.0853044837713, 0.0432935915887, 0.0369339175522, 0.0407373793423, 0.0108340261504, 0.0266869384795, 0.0243490431458, 0.0109279658645, 0.0214534252882, 0.0295743178576, 0.024183716625, 0.00336102349684, 0.00263900123537, 0.00843894202262, 0.0240154527128, 0.0317776463926, 0.0131262987852, 0.00427624676377, 0.0041288677603, 0.00418220181018, 0.0135932816193, 0.0129891159013, 0.025223903358, 0.0546995662153, 0.0490716695786, 0.00929302256554, 0.018045257777, 0.0115127498284, 0.0283006858081]
        max: [1, 1, 0.850045204163, 1, 1, 1, 1, 1, 0.995533406734, 1, 1, 0.407917261124, 0.942145049572, 0.775760769844, 0.697677373886, 1, 1, 1, 0.565494835377, 0.379165619612, 0.521806001663, 1, 1, 0.571561932564, 0.418094336987, 0.379867136478, 0.245641991496, 0.687038123608, 0.929144620895, 0.945384979248, 1, 1, 0.414628863335, 1, 0.710984170437, 1]
        mean: [0.0777307078242, 0.0662784054875, 0.0893223434687, 0.175838053226, 0.13200609386, 0.18227301538, 0.423473238945, 0.317491650581, 0.183824717999, 0.324168950319, 0.225026398897, 0.0458994358778, 0.0323195382953, 0.0284436903894, 0.142671212554, 0.309248685837, 0.197271376848, 0.0625085309148, 0.0745222270489, 0.0423578284681, 0.0916298255324, 0.22058442235, 0.171501234174, 0.0568411387503, 0.0422670543194, 0.0241219885647, 0.0253520272672, 0.0623431839049, 0.0664012283087, 0.243014395237, 0.548308253288, 0.372160941362, 0.0942415073514, 0.122829824686, 0.0881813615561, 0.04964633286]
        min: [8.51042859722e-05, 5.54189391551e-05, 0.00106718379539, 0.000908761750907, 5.94312768953e-05, 0.00133426312823, 0.0004218184622, 0.000862908898853, 0.000383860577131, 0.000132332497742, 0.000295968959108, 2.84248962998e-05, 1.13680152936e-05, 1.77039999016e-06, 0.000425191130489, 0.000417844887124, 0.00011589708447, 1.44738891095e-07, 0.000119402946439, 7.22800759831e-05, 3.77042524633e-05, 8.78957780515e-06, 3.64029619959e-05, 0.000167244928889, 0.000332889670972, 0.000125824328279, 0.000489489757456, 5.84924382565e-05, 7.51387196942e-05, 0.00362038752064, 0.000273260142421, 0.000450937339338, 0.00027209171094, 1.31336937557e-05, 2.98136474157e-05, 6.64616309223e-05]
        var: [0.0438347123563, 0.0290372055024, 0.0133168408647, 0.0881022810936, 0.0540896914899, 0.0470035113394, 0.19667224586, 0.109702214599, 0.0434692315757, 0.148825436831, 0.090455584228, 0.00530321476981, 0.00665689213201, 0.00580821558833, 0.0380286388099, 0.162683993578, 0.0654367953539, 0.0119815515354, 0.0109892943874, 0.0028901710175, 0.00903215911239, 0.0482498891652, 0.0379792489111, 0.00618069060147, 0.00392438285053, 0.00163510872517, 0.00153696292546, 0.00982231553644, 0.0125312097371, 0.0296593215317, 0.122432596982, 0.0755453258753, 0.0108883036301, 0.0493468940258, 0.0229910630733, 0.0193937253207]
    chords_histogram: [18.5185184479, 20.8333339691, 21.2962970734, 0, 0, 0, 0, 0, 9.72222232819, 0, 0, 0, 0, 0, 0, 0, 1.85185182095, 0, 0, 27.7777786255, 0, 0, 0, 0]
    thpcp: [1, 0.678744018078, 0.171876877546, 0.224016010761, 0.160824432969, 0.0905445665121, 0.141764611006, 0.120878003538, 0.162905335426, 0.320691972971, 0.240751609206, 0.332428008318, 0.772326946259, 0.579038619995, 0.335257977247, 0.591216623783, 0.410401254892, 0.0837110057473, 0.0589441023767, 0.0518753640354, 0.260202556849, 0.56400513649, 0.359781891108, 0.114002533257, 0.135913014412, 0.0772518515587, 0.16711370647, 0.402300029993, 0.312782526016, 0.103666394949, 0.0770862996578, 0.0439934805036, 0.0462368167937, 0.113700978458, 0.121102005243, 0.443207621574]
    chords_key: "G"
    chords_scale: "minor"
    key_key: "C"
    key_scale: "major"
    chords_progression: ["C", "C", "C", "C", "C", "C", "C", "C", "C", "C", "C", "C", "C", "C", "C", "C", "C", "C", "C", "C", "C", "C", "C", "C", "C", "C", "C", "C", "C", "C", "C", "C", "C", "C", "C", "C", "C", "C", "C", "C", "G#", "G#", "G#", "G#", "E", "E", "E", "E", "E", "E", "E", "E", "E", "E", "E", "E", "E", "E", "E", "Em", "Em", "Em", "Em", "Em", "Em", "Em", "Em", "Em", "Em", "Em", "Em", "Em", "Em", "Em", "Em", "Em", "Em", "Em", "Em", "G", "G", "G", "G", "G", "G", "G", "G", "G", "G", "G", "G", "G", "G", "G", "G", "G", "G", "G", "G", "Gm", "Gm", "Gm", "Gm", "Gm", "Gm", "Gm", "Gm", "Gm", "Gm", "Gm", "Gm", "Gm", "Gm", "Gm", "Gm", "Gm", "Gm", "Gm", "Gm", "Gm", "Gm", "Gm", "Gm", "Gm", "Gm", "Gm", "Gm", "Gm", "Gm", "Gm", "Gm", "Gm", "Gm", "Gm", "Gm", "Gm", "Gm", "Gm", "Gm", "Gm", "Gm", "Gm", "Gm", "Gm", "Gm", "Gm", "Gm", "Gm", "Gm", "Gm", "Gm", "Gm", "Gm", "Gm", "Gm", "Gm", "Gm", "Gm", "Gm", "G", "G", "G", "G", "G", "G", "G", "G", "G", "G", "G", "G", "G", "G", "G", "G", "G", "G", "G", "G", "G", "G", "G", "G", "G", "G", "Em", "Em", "Em", "E", "E", "E", "E", "E", "E", "Em", "Em", "Em", "Em", "Em", "Em", "Em", "Em", "Em", "Em", "Em", "Em", "Em", "Em", "Em", "Em", "Em", "Em", "Em", "Em", "Em", "Em"]
