
metadata:
    version:
        essentia: "1.2.2"
    audio_properties:
        analysis_sample_rate: 44100
        bitrate: 128
        channels: 2
        equal_loudness: 1
        length: 9.84816360474
        replay_gain: -12.5393600464
        downmix: "mix"
    tags:
        track: 22
        year: 0
        album: "Splitted by Mp3Splt v. 2.1"
        artist: "From 003.30 To 003.40"
        comment: "http://mp3splt.sf.net"
        genre: ""
        title: "03 One Sweet Day.mp3"

highlevel:
    ballroom:
        all:
            ChaChaCha: 0.0622580200434
            Jive: 0.135997220874
            Quickstep: 0.296049922705
            Rumba-American: 0.0284925512969
            Rumba-International: 0.0301925241947
            Rumba-Misc: 0.0283225812018
            Samba: 0.170576244593
            Tango: 0.0162133220583
            VienneseWaltz: 0.205333247781
            Waltz: 0.0265643633902
        probability: 0.296049922705
        value: "Quickstep"
    culture:
        all:
            non_western: 0.0355891771615
            western: 0.964410841465
        probability: 0.964410841465
        value: "western"
    gender:
        all:
            female: 0.473772108555
            male: 0.526227891445
        probability: 0.526227891445
        value: "male"
    genre_dortmund:
        all:
            alternative: 0.0784973427653
            blues: 0.0102377803996
            electronic: 0.0331713221967
            folkcountry: 0.0973280221224
            funksoulrnb: 0.148489579558
            jazz: 0.0115806097165
            pop: 0.110627271235
            raphiphop: 0.0139057785273
            rock: 0.496162295341
        probability: 0.496162295341
        value: "rock"
    genre_electronica:
        all:
            ambient: 0.477140128613
            dnb: 0.1141647771
            house: 0.00765511253849
            techno: 0.00406203279272
            trance: 0.396977961063
        probability: 0.477140128613
        value: "ambient"
    genre_rosamerica:
        all:
            cla: 0.0115376645699
            dan: 0.0139394327998
            hip: 0.00502330809832
            jaz: 0.00966301839799
            pop: 0.622560501099
            rhy: 0.167731463909
            roc: 0.167592406273
            spe: 0.00195222755428
        probability: 0.622560501099
        value: "pop"
    genre_tzanetakis:
        all:
            blu: 0.00802498590201
            cla: 0.0212524738163
            cou: 0.0898839011788
            dis: 0.0631970316172
            hip: 0.0047571407631
            jaz: 0.0309437755495
            met: 0.00787688139826
            pop: 0.695300757885
            reg: 0.0252644140273
            roc: 0.0534986518323
        probability: 0.695300757885
        value: "pop"
    live_studio:
        all:
            live: 0.446760624647
            studio: 0.553239345551
        probability: 0.553239345551
        value: "studio"
    mood:
        all:
            Cluster1: 0.153063908219
            Cluster2: 0.259128689766
            Cluster3: 0.430650413036
            Cluster4: 0.0941153243184
            Cluster5: 0.0630416423082
        probability: 0.430650413036
        value: "Cluster3"
    mood_acoustic:
        all:
            acoustic: 0.0660452693701
            not_acoustic: 0.933954715729
        probability: 0.933954715729
        value: "not_acoustic"
    mood_aggressive:
        all:
            aggressive: 0.083772778511
            not_aggressive: 0.916227221489
        probability: 0.916227221489
        value: "not_aggressive"
    mood_electronic:
        all:
            electronic: 0.150720730424
            not_electronic: 0.849279284477
        probability: 0.849279284477
        value: "not_electronic"
    mood_happy:
        all:
            happy: 0.953716874123
            not_happy: 0.0462831445038
        probability: 0.953716874123
        value: "happy"
    mood_party:
        all:
            not_party: 0.5
            party: 0.5
        probability: 0.5
        value: "not_party"
    mood_relaxed:
        all:
            not_relaxed: 0.259623497725
            relaxed: 0.740376472473
        probability: 0.740376472473
        value: "relaxed"
    mood_sad:
        all:
            not_sad: 0.106388807297
            sad: 0.893611192703
        probability: 0.893611192703
        value: "sad"
    rhythm:
        all:
            fast: 0.83035326004
            medium: 0.13024161756
            slow: 0.0394051559269
        probability: 0.83035326004
        value: "fast"
    speech_music:
        all:
            music: 0.0108183668926
            speech: 0.989181637764
        probability: 0.989181637764
        value: "speech"
    timbre:
        all:
            bright: 0.354098439217
            dark: 0.645901560783
        probability: 0.645901560783
        value: "dark"
    voice_instrumental:
        all:
            instrumental: 0.00250458205119
            voice: 0.997495412827
        probability: 0.997495412827
        value: "voice"

lowlevel:
    average_loudness: 0.980138003826
    barkbands_kurtosis:
        dmean: 0.829257547855
        dmean2: 1.30023407936
        dvar: 1.11913371086
        dvar2: 2.56860589981
        max: 10.371006012
        mean: 0.265915066004
        min: -1.70465290546
        var: 3.32204270363
    barkbands_skewness:
        dmean: 0.318646192551
        dmean2: 0.506219744682
        dvar: 0.0865201875567
        dvar2: 0.203862383962
        max: 2.64442324638
        mean: 0.667211711407
        min: -1.1195088625
        var: 0.338549077511
    barkbands_spread:
        dmean: 4.09889698029
        dmean2: 6.39476203918
        dvar: 10.784866333
        dvar2: 26.5965061188
        max: 49.077960968
        mean: 21.2283611298
        min: 5.87919712067
        var: 55.3503646851
    dissonance:
        dmean: 0.0329951010644
        dmean2: 0.0566420219839
        dvar: 0.00077904277714
        dvar2: 0.00192360999063
        max: 0.49977722764
        mean: 0.441353529692
        min: 0.0635260790586
        var: 0.0016680433182
    hfc:
        dmean: 1.61584866047
        dmean2: 2.41060638428
        dvar: 5.74856758118
        dvar2: 14.468091011
        max: 26.5356960297
        mean: 6.63367176056
        min: 0.00074965285603
        var: 14.6442832947
    pitch:
        dmean: 204.087432861
        dmean2: 384.617462158
        dvar: 206769.265625
        dvar2: 592434.5625
        max: 4009.09082031
        mean: 417.515563965
        min: 93.0379714966
        var: 135078.421875
    pitch_instantaneous_confidence:
        dmean: 0.0865874737501
        dmean2: 0.137051776052
        dvar: 0.00468234019354
        dvar2: 0.0107822278515
        max: 0.832147240639
        mean: 0.488449305296
        min: 0.195874154568
        var: 0.0157854780555
    pitch_salience:
        dmean: 0.0612693764269
        dmean2: 0.0971014201641
        dvar: 0.00271037500352
        dvar2: 0.00612585665658
        max: 0.936902225018
        mean: 0.566933453083
        min: 0.327440559864
        var: 0.00707977404818
    silence_rate_20dB:
        dmean: 0
        dmean2: 0
        dvar: 0
        dvar2: 0
        max: 1
        mean: 1
        min: 1
        var: 0
    silence_rate_30dB:
        dmean: 0
        dmean2: 0
        dvar: 0
        dvar2: 0
        max: 1
        mean: 1
        min: 1
        var: 0
    silence_rate_60dB:
        dmean: 0.117647059262
        dmean2: 0.23349057138
        dvar: 0.103806018829
        dvar2: 0.216709494591
        max: 1
        mean: 0.281690150499
        min: 0
        var: 0.202339679003
    spectral_centroid:
        dmean: 177.883468628
        dmean2: 280.886657715
        dvar: 33488.3828125
        dvar2: 78404.1171875
        max: 2598.05859375
        mean: 1347.1282959
        min: 487.158172607
        var: 117805.820312
    spectral_complexity:
        dmean: 2.42924523354
        dmean2: 3.71158385277
        dvar: 6.92894983292
        dvar2: 15.2737836838
        max: 32
        mean: 12.5647058487
        min: 0
        var: 23.0646305084
    spectral_crest:
        dmean: 2.51253199577
        dmean2: 3.92847585678
        dvar: 4.11511707306
        dvar2: 9.8073759079
        max: 21.5643253326
        mean: 8.83683395386
        min: 2.59890794754
        var: 15.3451566696
    spectral_decrease:
        dmean: 2.72122741007e-10
        dmean2: 4.24326879189e-10
        dvar: 1.0655683136e-19
        dvar2: 2.45375244649e-19
        max: -1.20538561771e-13
        mean: -1.12503273364e-09
        min: -3.53511842022e-09
        var: 3.02537690126e-19
    spectral_energy:
        dmean: 0.0011456636712
        dmean2: 0.00177880330011
        dvar: 1.97840063265e-06
        dvar2: 4.55566078017e-06
        max: 0.0146493380889
        mean: 0.00484783016145
        min: 5.22936375091e-07
        var: 5.65867276237e-06
    spectral_energyband_high:
        dmean: 0.00011031053873
        dmean2: 0.00017654459225
        dvar: 4.21195274214e-08
        dvar2: 1.08345879823e-07
        max: 0.00196753581986
        mean: 0.000258217798546
        min: 1.94376443829e-08
        var: 6.12300112834e-08
    spectral_energyband_low:
        dmean: 6.99901065673e-05
        dmean2: 0.000115678187285
        dvar: 4.96758190138e-08
        dvar2: 1.34278849373e-07
        max: 0.00290354411118
        mean: 0.000103559243144
        min: 1.90789117838e-09
        var: 4.33543192457e-08
    spectral_energyband_middle_high:
        dmean: 0.000624149979558
        dmean2: 0.000932102208026
        dvar: 5.03816863784e-07
        dvar2: 9.21987123093e-07
        max: 0.0100128147751
        mean: 0.00238988362253
        min: 4.46567099743e-07
        var: 2.76328501059e-06
    spectral_energyband_middle_low:
        dmean: 0.000766006414779
        dmean2: 0.00125889421906
        dvar: 1.02616900222e-06
        dvar2: 2.60809133579e-06
        max: 0.00921846460551
        mean: 0.00209614750929
        min: 5.40551603478e-08
        var: 2.21967570724e-06
    spectral_flatness_db:
        dmean: 0.014802522026
        dmean2: 0.0224703140557
        dvar: 0.000151840024046
        dvar2: 0.000361929618521
        max: 0.220024630427
        mean: 0.150277405977
        min: 0.0713640153408
        var: 0.000707507249899
    spectral_flux:
        dmean: 0.00955350138247
        dmean2: 0.0148143032566
        dvar: 9.4136899861e-05
        dvar2: 0.000219107459998
        max: 0.100077912211
        mean: 0.0421382114291
        min: 0.0071193468757
        var: 0.000216524800635
    spectral_kurtosis:
        dmean: 0.7217425704
        dmean2: 1.19643592834
        dvar: 0.425608158112
        dvar2: 1.03119468689
        max: 8.02384853363
        mean: 3.42981529236
        min: -0.404125452042
        var: 1.14333033562
    spectral_rms:
        dmean: 0.000252408121014
        dmean2: 0.000384729268262
        dvar: 8.72570069532e-08
        dvar2: 1.72915079588e-07
        max: 0.00378048117273
        mean: 0.00210714922287
        min: 2.25872045121e-05
        var: 2.89511120855e-07
    spectral_rolloff:
        dmean: 485.207733154
        dmean2: 826.661132812
        dvar: 304450.46875
        dvar2: 629779.6875
        max: 5167.96875
        mean: 2497.04077148
        min: 516.796875
        var: 992972.125
    spectral_skewness:
        dmean: 0.14182639122
        dmean2: 0.229600340128
        dvar: 0.0159025453031
        dvar2: 0.0369048975408
        max: 2.75700449944
        mean: 1.59869933128
        min: 0.714744985104
        var: 0.0526502095163
    spectral_spread:
        dmean: 429556.03125
        dmean2: 588172.1875
        dvar: 830452662272
        dvar2: 597597814784
        max: 28233574
        mean: 5583981
        min: 4033743.25
        var: 2.28529851597e+12
    spectral_strongpeak:
        dmean: 0.409004360437
        dmean2: 0.656997442245
        dvar: 0.187769278884
        dvar2: 0.463778167963
        max: 3.77194714546
        mean: 0.977633774281
        min: 0.000822795554996
        var: 0.420542180538
    zerocrossingrate:
        dmean: 0.00763054611161
        dmean2: 0.00883408170193
        dvar: 3.80317833333e-05
        dvar2: 5.22747650393e-05
        max: 0.14453125
        mean: 0.0783398449421
        min: 0.0029296875
        var: 0.000334497657605
    barkbands:
        dmean: [2.27068767344e-07, 1.29745549202e-05, 6.34219759377e-05, 6.31483417237e-05, 0.000195472224732, 0.000103922611743, 0.000158518669195, 0.000200841008336, 0.000451142172096, 0.00016948733537, 0.000129587526317, 0.000329540518578, 0.00011072907364, 0.000100275996374, 0.000112700705358, 4.65458506369e-05, 5.80076812184e-05, 6.28028938081e-05, 0.000139423806104, 0.000117170420708, 5.12742881256e-05, 2.08057444979e-05, 3.43669694303e-06, 2.06549793802e-06, 1.18346088129e-06, 7.84536027254e-08, 5.76995828894e-09]
        dmean2: [3.09609617943e-07, 2.20101519517e-05, 0.000105002254713, 0.000110737462819, 0.000319990213029, 0.000171019128175, 0.000260696193436, 0.000323662243318, 0.00071363162715, 0.00027385231806, 0.000198487352463, 0.000471190083772, 0.000159522460308, 0.000158924871357, 0.000177255249582, 7.46899386286e-05, 9.18273144634e-05, 0.000102027042885, 0.000222466987907, 0.000189275029697, 8.57209452079e-05, 3.36746197718e-05, 5.20942421645e-06, 3.04717150357e-06, 1.69326028754e-06, 1.15997046635e-07, 8.71807959157e-09]
        dvar: [2.65831763069e-13, 6.52219722674e-10, 4.66630183382e-08, 2.33057395604e-08, 2.59421256033e-07, 2.02949674843e-08, 5.72992355785e-08, 1.00554792937e-07, 4.85959787966e-07, 1.46133700696e-07, 8.19505601157e-08, 3.30892532929e-07, 3.29123643894e-08, 2.92159860749e-08, 3.98618169584e-08, 5.49681766771e-09, 1.05489297297e-08, 7.00410085486e-09, 6.30263201629e-08, 3.00343039328e-08, 1.29603598964e-08, 1.18323517651e-09, 6.33232771774e-11, 1.67551719027e-11, 6.72789384967e-12, 4.93211259323e-14, 6.31398137103e-15]
        dvar2: [5.92072994365e-13, 1.95529192837e-09, 1.2724964904e-07, 6.50198259677e-08, 7.16335250672e-07, 5.70169831349e-08, 1.51498042555e-07, 2.63848562554e-07, 1.14519764338e-06, 3.65660298485e-07, 1.51382423041e-07, 5.95790652369e-07, 6.20749105451e-08, 7.04523444028e-08, 1.01355979609e-07, 1.30198971604e-08, 2.54248337939e-08, 1.86743012165e-08, 1.66188925732e-07, 7.78150024416e-08, 3.62821559463e-08, 3.07388869913e-09, 1.56067908597e-10, 3.26964184894e-11, 1.17583963399e-11, 1.20307938416e-13, 1.58303173358e-14]
        max: [5.38557651453e-06, 0.000220780173549, 0.00288614816964, 0.00154021661729, 0.00756738614291, 0.0016569866566, 0.00230806763284, 0.00273257819936, 0.00731215626001, 0.00443586474285, 0.00442989822477, 0.00827824883163, 0.00213998486288, 0.00209130323492, 0.00186121277511, 0.000877241371199, 0.00132781104185, 0.000771860068198, 0.00387988332659, 0.00210904376581, 0.00124016508926, 0.000320871127769, 8.45764734549e-05, 6.36802797089e-05, 5.00290152559e-05, 2.9377622468e-06, 1.16120963867e-06]
        mean: [3.88816772556e-07, 2.06838922168e-05, 8.25084498501e-05, 7.54033098929e-05, 0.000336830707965, 0.000184137694305, 0.00023593212245, 0.000342285376973, 0.000859521329403, 0.000367800006643, 0.000237855303567, 0.000614691292867, 0.000180355287739, 0.000168273065356, 0.000166060592164, 8.00212656031e-05, 0.00010622679838, 0.000117164461699, 0.000266779970843, 0.000264877598966, 8.56521000969e-05, 3.98843221774e-05, 6.60669093122e-06, 4.98165536555e-06, 2.7749599667e-06, 1.29728434217e-07, 3.11784420504e-09]
        min: [1.73773148648e-11, 1.02199571028e-09, 4.8005716069e-10, 4.3562486951e-10, 2.53956811136e-09, 6.58779875096e-09, 6.48690656746e-09, 1.09303333051e-09, 2.58521204444e-08, 1.28058346149e-07, 1.68590446492e-07, 6.91742556569e-08, 1.69050977661e-08, 2.03120276154e-08, 7.90579424148e-09, 8.39456504309e-09, 2.15689421879e-09, 4.88964602141e-09, 2.63752468754e-08, 9.57530410517e-09, 3.60901108998e-09, 3.20545590071e-09, 1.54566137667e-09, 1.9123043149e-09, 1.65735070112e-09, 8.32969526687e-10, 5.86826485842e-13]
        var: [5.12293386965e-13, 7.5534151156e-10, 3.76012110337e-08, 1.9058841616e-08, 2.56987306102e-07, 2.87862871318e-08, 8.2338807772e-08, 2.11761204127e-07, 1.40984354857e-06, 4.40644583932e-07, 2.27046569989e-07, 1.07504706648e-06, 7.56338849328e-08, 4.85189026733e-08, 6.19498550236e-08, 1.23523689055e-08, 1.87361166581e-08, 1.28006556466e-08, 9.54059018454e-08, 6.59617569454e-08, 1.2529300264e-08, 1.80749215595e-09, 8.53709672399e-11, 3.35014550823e-11, 1.59627849133e-11, 5.90352826303e-14, 3.16352956811e-15]
    mfcc:
        mean: [-702.127441406, 105.86530304, -42.0936775208, 22.7934169769, -32.64818573, -12.6843042374, 5.11366176605, -10.9914245605, -7.56042003632, -2.30700492859, -3.75133943558, -5.88857126236, -6.11648654938]
        cov: [[1692.97497559, -247.106735229, -237.084350586, 26.2481651306, 0.576656281948, -26.450088501, -115.865844727, -31.7341499329, 33.13646698, -29.7033462524, -45.5828514099, -20.5405960083, 28.3574142456], [-247.106735229, 250.318969727, 108.438110352, 42.3041687012, 26.2161998749, 19.7565040588, 64.9963531494, 29.6039009094, 20.6786117554, 47.6151847839, 27.9985370636, 6.88879776001, -21.9404163361], [-237.084350586, 108.438110352, 338.083679199, 111.466415405, 40.9264717102, 23.8911323547, 39.1992034912, 54.2165336609, 24.8430252075, 20.8289451599, 45.1034088135, 27.0068378448, -14.5326557159], [26.2481651306, 42.3041687012, 111.466415405, 205.329269409, 115.728469849, 4.02471542358, -60.1814842224, 9.77954483032, 64.0256195068, 31.6600379944, 2.37044501305, 22.8781223297, 30.7738361359], [0.576656281948, 26.2161998749, 40.9264717102, 115.728469849, 206.837768555, 50.9988899231, -36.344997406, -29.9640865326, 16.3779506683, 20.8279705048, -24.2074985504, 27.3574962616, 64.784324646], [-26.450088501, 19.7565040588, 23.8911323547, 4.02471542358, 50.9988899231, 128.374588013, 66.2973251343, -14.8259096146, -44.1609420776, -12.9013080597, 15.3649587631, 3.26498866081, 5.71484088898], [-115.865844727, 64.9963531494, 39.1992034912, -60.1814842224, -36.344997406, 66.2973251343, 160.69468689, 40.9056358337, -45.4071540833, -8.9740896225, 26.5610389709, -16.6539020538, -27.1426544189], [-31.7341499329, 29.6039009094, 54.2165336609, 9.77954483032, -29.9640865326, -14.8259096146, 40.9056358337, 102.974258423, 53.4409446716, 10.3056917191, 1.12107098103, -19.1636753082, -32.4784889221], [33.13646698, 20.6786117554, 24.8430252075, 64.0256195068, 16.3779506683, -44.1609420776, -45.4071540833, 53.4409446716, 126.742858887, 60.8661003113, -0.682760000229, -1.12325835228, -11.8644866943], [-29.7033462524, 47.6151847839, 20.8289451599, 31.6600379944, 20.8279705048, -12.9013080597, -8.9740896225, 10.3056917191, 60.8661003113, 108.384689331, 36.9965019226, -4.32772016525, -19.8749256134], [-45.5828514099, 27.9985370636, 45.1034088135, 2.37044501305, -24.2074985504, 15.3649587631, 26.5610389709, 1.12107098103, -0.682760000229, 36.9965019226, 81.351776123, 22.4493675232, -19.0275306702], [-20.5405960083, 6.88879776001, 27.0068378448, 22.8781223297, 27.3574962616, 3.26498866081, -16.6539020538, -19.1636753082, -1.12325835228, -4.32772016525, 22.4493675232, 77.7819671631, 45.1394577026], [28.3574142456, -21.9404163361, -14.5326557159, 30.7738361359, 64.784324646, 5.71484088898, -27.1426544189, -32.4784889221, -11.8644866943, -19.8749256134, -19.0275306702, 45.1394577026, 122.506340027]]
        icov: [[0.000767032557633, 0.000609795271885, 0.000520348257851, -0.000512924627401, 0.000129058782477, -0.000166574391187, 6.415079406e-05, -4.21277363785e-05, -0.000236696811044, 0.000127062725369, -9.22748367884e-05, 0.000109437845822, 7.83705127105e-06], [0.000609795271885, 0.00642704544589, -0.000712466833647, -0.00146799639333, -0.000362657359801, 0.000875792349689, -0.00355616747402, 0.00082165695494, -0.000397725729272, -0.00228845584206, 0.00109808286652, -0.00129254779313, 0.00111202849075], [0.000520348257851, -0.000712466833647, 0.00539494119585, -0.00326271983795, -0.000142720731674, 6.8938046752e-05, -0.000518940098118, -0.00268565653823, 0.00131098052952, 0.000645100779366, -0.00191109953448, -0.00134749279823, 0.000888111826498], [-0.000512924627401, -0.00146799639333, -0.00326271983795, 0.0122235147282, -0.00525744771585, -0.000686596322339, 0.00431928923354, -0.000704059028067, -0.00390808144584, 0.00192362186499, -0.00280390470289, 0.00168369372841, -0.00114147074055], [0.000129058782477, -0.000362657359801, -0.000142720731674, -0.00525744771585, 0.0121758654714, -0.00578388478607, 0.00120655843057, 0.00145104690455, 0.00099436682649, -0.00485288770869, 0.00680430559441, -0.00215398520231, -0.0031486323569], [-0.000166574391187, 0.000875792349689, 6.8938046752e-05, -0.000686596322339, -0.00578388478607, 0.0152975842357, -0.00783774908632, 0.00329515291378, 0.000900540617295, 0.00278988899663, -0.00369330472313, 0.000963919446804, 0.00146918138489], [6.415079406e-05, -0.00355616747402, -0.000518940098118, 0.00431928923354, 0.00120655843057, -0.00783774908632, 0.0179787352681, -0.0106606017798, 0.00712785311043, -0.0015570691321, -0.00267383013852, 0.00212984415703, -0.00167603231966], [-4.21277363785e-05, 0.00082165695494, -0.00268565653823, -0.000704059028067, 0.00145104690455, 0.00329515291378, -0.0106606017798, 0.0243196655065, -0.0149048529565, 0.00571971107274, 0.00104352063499, 0.00289752846584, 0.0017585598398], [-0.000236696811044, -0.000397725729272, 0.00131098052952, -0.00390808144584, 0.00099436682649, 0.000900540617295, 0.00712785311043, -0.0149048529565, 0.0248952880502, -0.0126626677811, 0.00462301680818, -0.0039607398212, 0.000714827852789], [0.000127062725369, -0.00228845584206, 0.000645100779366, 0.00192362186499, -0.00485288770869, 0.00278988899663, -0.0015570691321, 0.00571971107274, -0.0126626677811, 0.0220575742424, -0.0128288948908, 0.00642068311572, 0.000755430955905], [-9.22748367884e-05, 0.00109808286652, -0.00191109953448, -0.00280390470289, 0.00680430559441, -0.00369330472313, -0.00267383013852, 0.00104352063499, 0.00462301680818, -0.0128288948908, 0.026554742828, -0.0116717517376, 0.00374542409554], [0.000109437845822, -0.00129254779313, -0.00134749279823, 0.00168369372841, -0.00215398520231, 0.000963919446804, 0.00212984415703, 0.00289752846584, -0.0039607398212, 0.00642068311572, -0.0116717517376, 0.0233169924468, -0.00825172383338], [7.83705127105e-06, 0.00111202849075, 0.000888111826498, -0.00114147074055, -0.0031486323569, 0.00146918138489, -0.00167603231966, 0.0017585598398, 0.000714827852789, 0.000755430955905, 0.00374542409554, -0.00825172383338, 0.0142577048391]]
    spectral_contrast:
        mean: [1.86702777683e-07, -1.60887623224e-07, 2.75478640788e-07, -1.16895229496e-07, 4.07204908015e-07, -2.05565896749e-07, -1.77951415026e-06, 1.58597435984e-06, -3.67837787962e-06, 3.75354989046e-06, 4.26572933065e-06, -2.49750473813e-06]
        var: [0.000432350323536, 0.00073078868445, 0.00252302060835, 0.00303569482639, 0.00351922865957, 0.00624015368521, 0.0374287888408, 0.0753454267979, 0.121237233281, 0.131839588284, 0.51419198513, 0.748569607735]

rhythm:
    beats_loudness:
        dmean: 0.00268811918795
        dmean2: 0.00466339616105
        dvar: 4.55636973129e-06
        dvar2: 1.25551650854e-05
        max: 0.0100460881367
        mean: 0.0052087828517
        min: 0.00213982141577
        var: 5.43387432117e-06
    beats_loudness_bass:
        dmean: 0.0402198471129
        dmean2: 0.0641530677676
        dvar: 0.00129748461768
        dvar2: 0.00347852706909
        max: 0.144621923566
        mean: 0.0395301245153
        min: 0.00234367325902
        var: 0.00168364460114
    bpm: 129.024383545
    bpm_confidence: 0
    first_peak_bpm: 129
    first_peak_spread: 0
    first_peak_weight: 0.949999988079
    onset_rate: 3.04625320435
    second_peak_bpm: 155
    second_peak_spread: 0
    second_peak_weight: 0.0500000007451
    beats_position: [0.0793657451868, 0.544644594193, 1.0099234581, 1.47520232201, 1.9404810667, 2.40576004982, 2.87103867531, 3.33631753922, 3.80159640312, 4.26687526703, 4.73215389252, 5.19743299484, 5.66271162033, 6.04906368256, 6.51374435425, 6.9784245491, 7.44310522079, 7.90778636932, 8.37246608734, 8.83714675903, 9.30182647705]
    bpm_estimates: [128.90133667, 129.040603638, 128.92880249, 128.906936646, 128.905334473, 129.029342651, 128.972259521, 128.986968994, 129.101318359, 128.876190186, 128.982803345, 129.660675049]
    bpm_intervals: [0.465278863907, 0.465278863907, 0.465278863907, 0.465278744698, 0.465278983116, 0.465278625488, 0.465278863907, 0.465278863907, 0.465278863907, 0.465278625488, 0.465279102325, 0.465278625488, 0.386352062225, 0.464680671692, 0.464680194855, 0.464680671692, 0.464681148529, 0.464679718018, 0.464680671692, 0.464679718018]
    onset_times: [0.0464399084449, 0.383129239082, 0.882358253002, 0.99845802784, 1.34675741196, 1.59056687355, 1.82276642323, 2.49614500999, 2.84444451332, 2.97215414047, 3.22757363319, 3.69197273254, 4.1679816246, 4.62077093124, 4.87619066238, 5.25931978226, 5.5727891922, 5.92108821869, 5.95591831207, 6.5015873909, 6.58285713196, 6.73378705978, 7.19818592072, 7.41877555847, 7.87156438828, 8.17342376709, 8.34757328033, 8.83519268036, 9.07900238037, 9.26476192474]
    rubato_start: []
    rubato_stop: []
    perceptual_tempo: "unknown"

sfx:
    inharmonicity:
        dmean: 0.0566113255918
        dmean2: 0.0968692302704
        dvar: 0.00397824356332
        dvar2: 0.0110740810633
        max: 0.429342329502
        mean: 0.0571252964437
        min: 0
        var: 0.00427151611075
    oddtoevenharmonicenergyratio:
        dmean: 4.32636165619
        dmean2: 7.97550678253
        dvar: 115.473442078
        dvar2: 320.361480713
        max: 90.7815551758
        mean: 3.06874680519
        min: 0
        var: 74.8448791504
    pitch_after_max_to_before_max_energy_ratio: 1.7418333292
    pitch_centroid: 207.987945557
    pitch_max_to_total: 0.371764719486
    pitch_min_to_total: 0.802352964878
    tristimulus:
        dmean: [0.219928458333, 0.263318240643, 0.111117586493]
        dmean2: [0.381070405245, 0.456165760756, 0.196902155876]
        dvar: [0.0379995703697, 0.0478534661233, 0.0107609033585]
        dvar2: [0.0972473099828, 0.131927385926, 0.0287422947586]
        max: [1, 0.993221759796, 0.758635699749]
        mean: [0.327745079994, 0.522380828857, 0.118898078799]
        min: [0.00677823508158, 0, 0]
        var: [0.0510629042983, 0.0629794374108, 0.0135329142213]

tonal:
    chords_changes_rate: 0.0280373822898
    chords_number_rate: 0.0186915881932
    chords_strength:
        dmean: 0.00850536767393
        dmean2: 0.00953580439091
        dvar: 3.92595065932e-05
        dvar2: 5.16598920512e-05
        max: 0.763985157013
        mean: 0.643832325935
        min: 0.500486671925
        var: 0.00460853753611
    key_strength: 0.838061690331
    tuning_diatonic_strength: 0.747935593128
    tuning_equal_tempered_deviation: 0.068809196353
    tuning_frequency: 439.745910645
    tuning_nontempered_energy_ratio: 0.736715316772
    hpcp:
        dmean: [0.0893293395638, 0.0851740241051, 0.103037543595, 0.137856349349, 0.171768441796, 0.192572414875, 0.19160579145, 0.199579298496, 0.141945078969, 0.10832195729, 0.0886313989758, 0.123735643923, 0.165498748422, 0.173894390464, 0.146666869521, 0.115040965378, 0.123514734209, 0.199878007174, 0.217363417149, 0.212966144085, 0.156126976013, 0.133707016706, 0.0987660586834, 0.0894795358181, 0.0759113952518, 0.0826688408852, 0.154787182808, 0.183930665255, 0.159180313349, 0.114204056561, 0.0869799032807, 0.0630384460092, 0.0979004055262, 0.145673066378, 0.13325932622, 0.100346125662]
        dmean2: [0.16193369031, 0.148601770401, 0.175282791257, 0.246161788702, 0.291420727968, 0.320222973824, 0.311742663383, 0.34395390749, 0.249295830727, 0.191488817334, 0.160870835185, 0.216033175588, 0.266568094492, 0.284472376108, 0.250878483057, 0.202192232013, 0.215492039919, 0.338976472616, 0.364897847176, 0.350621670485, 0.265696436167, 0.226058647037, 0.159457474947, 0.1517226547, 0.133552789688, 0.146179959178, 0.270313322544, 0.309198051691, 0.266882896423, 0.189561918378, 0.145279332995, 0.102153219283, 0.161372631788, 0.239882826805, 0.209107667208, 0.168130710721]
        dvar: [0.0274002049118, 0.0159589778632, 0.0184834748507, 0.0372514985502, 0.0477177686989, 0.0492694936693, 0.0469355098903, 0.0515029355884, 0.0388305746019, 0.0316221639514, 0.0222778357565, 0.0306151621044, 0.0421300120652, 0.0471884310246, 0.0498474910855, 0.0305428374559, 0.0318349674344, 0.0476801656187, 0.0594284944236, 0.0497897192836, 0.0502931065857, 0.0401011705399, 0.0289106797427, 0.0285481419414, 0.0240269824862, 0.0170038044453, 0.0382376797497, 0.0396792404354, 0.0362815819681, 0.030373217538, 0.0210465304554, 0.00847711600363, 0.0176265444607, 0.037159781903, 0.0284412857145, 0.0210528410971]
        dvar2: [0.0751770734787, 0.0381170138717, 0.0489604994655, 0.0910666957498, 0.116994813085, 0.115836136043, 0.101051516831, 0.136843755841, 0.0960846692324, 0.0858466997743, 0.0635720044374, 0.0799669250846, 0.096851862967, 0.102557219565, 0.124575868249, 0.0785212218761, 0.0805143490434, 0.118692688644, 0.14712408185, 0.126161411405, 0.127011880279, 0.0976126417518, 0.0628392100334, 0.0747661292553, 0.0636456087232, 0.0412712134421, 0.0901286974549, 0.0853901877999, 0.0793350338936, 0.0718791559339, 0.0469914749265, 0.0200336966664, 0.0421009510756, 0.0813742950559, 0.0612825639546, 0.0553724467754]
        max: [1, 1, 1, 1, 1, 1, 1, 1, 1, 1, 0.924833297729, 1, 1, 1, 1, 1, 1, 1, 1, 1, 1, 1, 1, 1, 1, 0.923350930214, 1, 1, 1, 1, 1, 0.881027519703, 1, 1, 1, 0.803765654564]
        mean: [0.0951532945037, 0.100306048989, 0.137266144156, 0.186267212033, 0.209017828107, 0.292918920517, 0.389608621597, 0.296045988798, 0.158025935292, 0.109370626509, 0.0914371758699, 0.142903462052, 0.227605894208, 0.221503913403, 0.152128145099, 0.106473483145, 0.114596538246, 0.228347286582, 0.34031188488, 0.280265629292, 0.175243481994, 0.155891120434, 0.137888342142, 0.0985176116228, 0.07035895437, 0.083219088614, 0.207223311067, 0.31791216135, 0.241876631975, 0.130690127611, 0.0856768116355, 0.065112426877, 0.141570180655, 0.257272511721, 0.217793256044, 0.119764775038]
        min: [0, 0.000103416154161, 0.00256399065256, 0.00366571149789, 0.00486719654873, 0.0111563345417, 0.00612661382183, 0, 0, 0.000313566444675, 0.00162301969249, 0.00243493169546, 0.00284825032577, 0, 0, 0, 0, 0, 0, 0, 0, 0, 0, 0, 0, 0.000984105630778, 0.00746163493022, 0.00983531400561, 0.00417776312679, 0, 0, 0.00122510257643, 0.00321845081635, 0.00105705356691, 0.00308427284472, 1.76302819455e-05]
        var: [0.0224498677999, 0.0210916996002, 0.0298807825893, 0.0517864450812, 0.0574618279934, 0.0753564760089, 0.111572057009, 0.0708862096071, 0.0437602289021, 0.0264531839639, 0.0170851740986, 0.0306861102581, 0.0649493560195, 0.0706662684679, 0.0521021299064, 0.0268684942275, 0.0277330614626, 0.0657887980342, 0.10986879468, 0.0808030888438, 0.0554949678481, 0.0544170923531, 0.0590731054544, 0.0355802811682, 0.0190193448216, 0.0181911867112, 0.0518375597894, 0.0787900835276, 0.0588967092335, 0.0404180362821, 0.021979752928, 0.00916980113834, 0.0309269838035, 0.0930484980345, 0.0615607686341, 0.0224184729159]
    chords_histogram: [48.5981292725, 0, 0, 0, 0, 0, 0, 0, 0, 0, 0, 0, 0, 0, 0, 0, 0, 3.73831772804, 0, 0, 0, 0, 16.355140686, 31.3084106445]
    thpcp: [1, 0.759854793549, 0.405601739883, 0.280719220638, 0.234689816833, 0.366787225008, 0.584191083908, 0.568529307842, 0.390464007854, 0.273283183575, 0.294132441282, 0.586094021797, 0.873471140862, 0.719351708889, 0.449793636799, 0.400122344494, 0.353915005922, 0.252863019705, 0.180588796735, 0.213596627116, 0.531875550747, 0.815978229046, 0.620819509029, 0.335439503193, 0.21990481019, 0.167122647166, 0.363365113735, 0.66033577919, 0.559005200863, 0.307397663593, 0.244227901101, 0.257453352213, 0.352318048477, 0.478088021278, 0.536481499672, 0.751828670502]
    chords_key: "B"
    chords_scale: "major"
    key_key: "B"
    key_scale: "major"
    chords_progression: ["B", "B", "B", "B", "B", "B", "B", "B", "B", "B", "B", "B", "B", "B", "B", "B", "B", "E", "E", "E", "E", "E", "E", "E", "E", "E", "E", "E", "E", "E", "E", "E", "E", "E", "E", "E", "E", "E", "E", "E", "E", "E", "E", "E", "E", "E", "E", "E", "E", "E", "E", "E", "G#m", "G#m", "G#m", "G#m", "G#m", "G#m", "G#m", "G#m", "G#m", "G#m", "G#m", "G#m", "G#m", "G#m", "G#m", "G#m", "G#m", "G#m", "G#m", "G#m", "G#m", "G#m", "B", "B", "B", "B", "B", "B", "B", "B", "B", "B", "B", "B", "B", "B", "B", "B", "B", "B", "B", "B", "B", "B", "B", "B", "B", "B", "B", "B", "B", "B", "B", "B", "B", "B", "B", "B", "B", "B", "B", "B", "B", "B", "B", "B", "B", "B", "B", "B", "Bm", "Bm", "Bm", "Bm", "Bm", "Bm", "Bm", "Bm", "B", "B", "B", "B", "B", "B", "B", "B", "B", "B", "B", "B", "B", "B", "B", "B", "B", "B", "B", "B", "B", "B", "B", "B", "B", "B", "B", "B", "B", "B", "B", "B", "B", "B", "B", "B", "B", "B", "B", "G#m", "G#m", "G#m", "G#m", "G#m", "G#m", "G#m", "G#m", "G#m", "G#m", "G#m", "G#m", "G#m", "G#m", "G#m", "G#m", "G#m", "G#m", "G#m", "G#m", "G#m", "G#m", "G#m", "G#m", "G#m", "G#m", "G#m", "G#m", "G#m", "G#m", "G#m", "G#m", "G#m", "G#m", "G#m", "G#m", "G#m", "G#m", "G#m", "G#m", "G#m", "G#m", "G#m", "G#m", "G#m"]
