
metadata:
    version:
        essentia: "1.2.2"
    audio_properties:
        analysis_sample_rate: 44100
        bitrate: 128
        channels: 2
        equal_loudness: 1
        length: 9.95265293121
        replay_gain: -14.0862808228
        downmix: "mix"
    tags:
        track: 11
        year: 0
        album: "Splitted by Mp3Splt v. 2.1"
        artist: "From 001.40 To 001.50"
        comment: "http://mp3splt.sf.net"
        genre: ""
        title: "09 On Love in Sadness.mp3"

highlevel:
    ballroom:
        all:
            ChaChaCha: 0.0439259894192
            Jive: 0.177901655436
            Quickstep: 0.135426461697
            Rumba-American: 0.013084301725
            Rumba-International: 0.286385923624
            Rumba-Misc: 0.110561706126
            Samba: 0.0881270989776
            Tango: 0.00677625322714
            VienneseWaltz: 0.105056472123
            Waltz: 0.0327541455626
        probability: 0.286385923624
        value: "Rumba-International"
    culture:
        all:
            non_western: 0.0145301725715
            western: 0.985469818115
        probability: 0.985469818115
        value: "western"
    gender:
        all:
            female: 0.00838213041425
            male: 0.99161785841
        probability: 0.99161785841
        value: "male"
    genre_dortmund:
        all:
            alternative: 0.112762577832
            blues: 0.129548549652
            electronic: 0.00407586246729
            folkcountry: 0.157064244151
            funksoulrnb: 0.0238361302763
            jazz: 0.0975699499249
            pop: 0.0921371355653
            raphiphop: 0.00173471309245
            rock: 0.381270855665
        probability: 0.381270855665
        value: "rock"
    genre_electronica:
        all:
            ambient: 0.295325726271
            dnb: 0.192222967744
            house: 0.0551601089537
            techno: 0.0166799668223
            trance: 0.440611243248
        probability: 0.440611243248
        value: "trance"
    genre_rosamerica:
        all:
            cla: 0.00753662455827
            dan: 0.0343759171665
            hip: 0.0112155154347
            jaz: 0.0183709040284
            pop: 0.333020031452
            rhy: 0.0539530031383
            roc: 0.533972859383
            spe: 0.00755517696962
        probability: 0.533972859383
        value: "roc"
    genre_tzanetakis:
        all:
            blu: 0.0019862651825
            cla: 0.00225123739801
            cou: 0.091431170702
            dis: 0.0617950856686
            hip: 0.00403437716886
            jaz: 0.0178563334048
            met: 0.00668868934736
            pop: 0.243912160397
            reg: 0.0217825416476
            roc: 0.548262119293
        probability: 0.548262119293
        value: "roc"
    live_studio:
        all:
            live: 0.61623686552
            studio: 0.383763164282
        probability: 0.61623686552
        value: "live"
    mood:
        all:
            Cluster1: 0.398580133915
            Cluster2: 0.245971396565
            Cluster3: 0.134394079447
            Cluster4: 0.143571346998
            Cluster5: 0.0774830505252
        probability: 0.398580133915
        value: "Cluster1"
    mood_acoustic:
        all:
            acoustic: 0.782267689705
            not_acoustic: 0.217732325196
        probability: 0.782267689705
        value: "acoustic"
    mood_aggressive:
        all:
            aggressive: 0.0165185499936
            not_aggressive: 0.98348146677
        probability: 0.98348146677
        value: "not_aggressive"
    mood_electronic:
        all:
            electronic: 0.00623284000903
            not_electronic: 0.993767142296
        probability: 0.993767142296
        value: "not_electronic"
    mood_happy:
        all:
            happy: 0.872121274471
            not_happy: 0.127878725529
        probability: 0.872121274471
        value: "happy"
    mood_party:
        all:
            not_party: 0.836861014366
            party: 0.163139000535
        probability: 0.836861014366
        value: "not_party"
    mood_relaxed:
        all:
            not_relaxed: 0.517517566681
            relaxed: 0.482482463121
        probability: 0.517517566681
        value: "not_relaxed"
    mood_sad:
        all:
            not_sad: 0.341337800026
            sad: 0.658662199974
        probability: 0.658662199974
        value: "sad"
    rhythm:
        all:
            fast: 0.815778255463
            medium: 0.110379375517
            slow: 0.0738423541188
        probability: 0.815778255463
        value: "fast"
    speech_music:
        all:
            music: 0.999938309193
            speech: 6.17205078015e-05
        probability: 0.999938309193
        value: "music"
    timbre:
        all:
            bright: 0.990227758884
            dark: 0.00977221876383
        probability: 0.990227758884
        value: "bright"
    voice_instrumental:
        all:
            instrumental: 0.00102400186006
            voice: 0.998975992203
        probability: 0.998975992203
        value: "voice"

lowlevel:
    average_loudness: 0.982494115829
    barkbands_kurtosis:
        dmean: 1.67636668682
        dmean2: 2.67584991455
        dvar: 9.90841007233
        dvar2: 19.2782611847
        max: 42.3446731567
        mean: 1.25374174118
        min: -1.84740233421
        var: 18.9241924286
    barkbands_skewness:
        dmean: 0.453891694546
        dmean2: 0.696669995785
        dvar: 0.226046666503
        dvar2: 0.39632999897
        max: 5.75427961349
        mean: 1.17485666275
        min: -3.24998021126
        var: 0.802974581718
    barkbands_spread:
        dmean: 6.05680131912
        dmean2: 8.92303752899
        dvar: 38.0345726013
        dvar2: 99.8092803955
        max: 67.7311477661
        mean: 26.8497581482
        min: 3.13264632225
        var: 110.081741333
    dissonance:
        dmean: 0.0218017287552
        dmean2: 0.0365241505206
        dvar: 0.000511965132318
        dvar2: 0.00103614688851
        max: 0.498159259558
        mean: 0.446512550116
        min: 0.242133289576
        var: 0.00116667186376
    hfc:
        dmean: 1.52317786217
        dmean2: 2.27316236496
        dvar: 2.75661325455
        dvar2: 6.40939044952
        max: 14.6845636368
        mean: 5.11152267456
        min: 0.0994108393788
        var: 6.64097118378
    pitch:
        dmean: 295.337127686
        dmean2: 573.499572754
        dvar: 891886.8125
        dvar2: 2201326.5
        max: 5512.5
        mean: 488.120422363
        min: 54.714641571
        var: 1038608.5
    pitch_instantaneous_confidence:
        dmean: 0.0944823920727
        dmean2: 0.142426803708
        dvar: 0.00764631992206
        dvar2: 0.0156272016466
        max: 0.900257527828
        mean: 0.479257583618
        min: 0.116806507111
        var: 0.0278528705239
    pitch_salience:
        dmean: 0.0627242177725
        dmean2: 0.101419307292
        dvar: 0.00263071595691
        dvar2: 0.00651264563203
        max: 0.873051702976
        mean: 0.58830589056
        min: 0.289634823799
        var: 0.00712393037975
    silence_rate_20dB:
        dmean: 0
        dmean2: 0
        dvar: 0
        dvar2: 0
        max: 1
        mean: 1
        min: 1
        var: 0
    silence_rate_30dB:
        dmean: 0
        dmean2: 0
        dvar: 0
        dvar2: 0
        max: 1
        mean: 1
        min: 1
        var: 0
    silence_rate_60dB:
        dmean: 0.097902096808
        dmean2: 0.196261689067
        dvar: 0.0883173048496
        dvar2: 0.190453931689
        max: 1
        mean: 0.172093018889
        min: 0
        var: 0.142477586865
    spectral_centroid:
        dmean: 218.293792725
        dmean2: 319.687347412
        dvar: 88992.6328125
        dvar2: 135972.765625
        max: 6332.93310547
        mean: 1024.18676758
        min: 268.232513428
        var: 434067.5
    spectral_complexity:
        dmean: 2.57476639748
        dmean2: 3.98594856262
        dvar: 6.28645944595
        dvar2: 13.0208797455
        max: 26
        mean: 11.5058279037
        min: 0
        var: 19.7884349823
    spectral_crest:
        dmean: 2.4386484623
        dmean2: 3.93054628372
        dvar: 4.30693387985
        dvar2: 11.0329351425
        max: 21.3812770844
        mean: 9.13770103455
        min: 3.50374221802
        var: 10.2607145309
    spectral_decrease:
        dmean: 4.43826336793e-10
        dmean2: 7.02384150841e-10
        dvar: 2.05806530135e-19
        dvar2: 5.09702334504e-19
        max: -2.51113956018e-11
        mean: -1.31975763651e-09
        min: -3.56152618508e-09
        var: 3.87415726756e-19
    spectral_energy:
        dmean: 0.00177670316771
        dmean2: 0.00281362165697
        dvar: 3.35186359735e-06
        dvar2: 8.15904695628e-06
        max: 0.0142498472705
        mean: 0.00544469524175
        min: 0.000103792845039
        var: 6.36511231278e-06
    spectral_energyband_high:
        dmean: 0.000116298149806
        dmean2: 0.00016566857812
        dvar: 2.20575788745e-08
        dvar2: 4.96289871421e-08
        max: 0.00144827272743
        mean: 0.000249273900408
        min: 4.39411951447e-06
        var: 5.72447156344e-08
    spectral_energyband_low:
        dmean: 0.000194915061002
        dmean2: 0.000334127456881
        dvar: 1.33439300498e-07
        dvar2: 3.87463586549e-07
        max: 0.00278617977165
        mean: 0.000361653801519
        min: 6.08453776252e-09
        var: 1.19700672485e-07
    spectral_energyband_middle_high:
        dmean: 0.00036650794209
        dmean2: 0.000560776039492
        dvar: 1.27440372921e-07
        dvar2: 2.92977887284e-07
        max: 0.00461653945968
        mean: 0.0012256600894
        min: 1.998690459e-05
        var: 4.6734891157e-07
    spectral_energyband_middle_low:
        dmean: 0.00148559024092
        dmean2: 0.00234818016179
        dvar: 2.44332341026e-06
        dvar2: 6.16331817582e-06
        max: 0.012316330336
        mean: 0.00360810128041
        min: 2.11961560126e-06
        var: 4.49737126473e-06
    spectral_flatness_db:
        dmean: 0.0194742120802
        dmean2: 0.0292887482792
        dvar: 0.000302386994008
        dvar2: 0.000653407885693
        max: 0.380593061447
        mean: 0.169224202633
        min: 0.065555177629
        var: 0.00166858697776
    spectral_flux:
        dmean: 0.0111994594336
        dmean2: 0.0176017396152
        dvar: 9.86451050267e-05
        dvar2: 0.000224046831136
        max: 0.0957160592079
        mean: 0.0406821407378
        min: 0.00900878477842
        var: 0.000215011532418
    spectral_kurtosis:
        dmean: 1.27774608135
        dmean2: 2.07975387573
        dvar: 1.8707921505
        dvar2: 4.62627267838
        max: 11.8230247498
        mean: 3.33918023109
        min: -0.634176015854
        var: 4.00154829025
    spectral_rms:
        dmean: 0.000369510875316
        dmean2: 0.000572201213799
        dvar: 1.25439186149e-07
        dvar2: 2.81954271486e-07
        max: 0.00372857763432
        mean: 0.00223718909547
        min: 0.000318215839798
        var: 3.06886846602e-07
    spectral_rolloff:
        dmean: 621.796264648
        dmean2: 955.579772949
        dvar: 459285.34375
        dvar2: 923299
        max: 9237.74414062
        mean: 2178.31665039
        min: 215.33203125
        var: 1680145.125
    spectral_skewness:
        dmean: 0.208594992757
        dmean2: 0.311779588461
        dvar: 0.0425529330969
        dvar2: 0.0896338969469
        max: 2.83281230927
        mean: 1.44453525543
        min: -0.0965326875448
        var: 0.167815804482
    spectral_spread:
        dmean: 636989.4375
        dmean2: 836041.0625
        dvar: 950080569344
        dvar2: 1.0769456169e+12
        max: 22670312
        mean: 4946709
        min: 2693440.75
        var: 2.09868908134e+12
    spectral_strongpeak:
        dmean: 0.252505481243
        dmean2: 0.419420868158
        dvar: 0.0803493633866
        dvar2: 0.18702070415
        max: 2.38092660904
        mean: 0.470460832119
        min: 0.00842506159097
        var: 0.166515499353
    zerocrossingrate:
        dmean: 0.00920547079295
        dmean2: 0.0104677435011
        dvar: 0.000146990409121
        dvar2: 0.000129199936055
        max: 0.29736328125
        mean: 0.0667203888297
        min: 0.017578125
        var: 0.000947108957916
    barkbands:
        dmean: [1.7216774495e-07, 5.4204632761e-05, 0.000151889864355, 0.000382535188692, 0.000923218089156, 0.000224992996664, 0.000338378071319, 0.000214150088141, 0.000145644866279, 8.58918283484e-05, 4.2304975068e-05, 4.16312541347e-05, 5.14922976436e-05, 8.44258174766e-05, 4.76999739476e-05, 5.30618672201e-05, 6.26040928182e-05, 7.17243965482e-05, 7.47607846279e-05, 0.000117086303362, 4.75501183246e-05, 2.38282173086e-05, 3.93541495214e-06, 2.30529462897e-06, 1.17938691346e-06, 2.59418193593e-08, 9.77992131723e-10]
        dmean2: [2.81344398445e-07, 9.8150143458e-05, 0.000254902872257, 0.000653638620861, 0.00147879426368, 0.000344464904629, 0.000519405526575, 0.000335580931278, 0.000224164163228, 0.000123886216898, 6.72264650348e-05, 6.55294643366e-05, 8.04219962447e-05, 0.000126407423522, 8.02362992545e-05, 7.962492964e-05, 9.41076723393e-05, 0.00011242400069, 0.000120980133943, 0.000177395282662, 6.76697018207e-05, 3.73258371837e-05, 5.98063252255e-06, 3.25604287355e-06, 1.64438745287e-06, 3.8988449802e-08, 1.08589737202e-09]
        dvar: [1.20185884357e-13, 1.95899083621e-08, 6.72798350365e-08, 2.55440625097e-07, 1.14280612706e-06, 1.47402914763e-07, 2.61540151314e-07, 3.17485728374e-07, 2.08996453921e-07, 2.97772242419e-08, 4.43396830363e-09, 5.46719158834e-09, 1.01629087368e-08, 1.71181611108e-08, 4.71564431948e-09, 6.68405952808e-09, 8.16042433627e-09, 7.83606424193e-09, 7.68294139419e-09, 2.17249986889e-08, 3.79584541577e-09, 1.47169987308e-09, 3.83096471213e-11, 2.43806641542e-11, 7.73417788147e-12, 2.85187671242e-15, 1.69437320865e-16]
        dvar2: [2.82137215066e-13, 5.71503839808e-08, 1.94341140514e-07, 6.93860556567e-07, 2.91725427815e-06, 3.21006211834e-07, 5.42536156445e-07, 8.15067380699e-07, 5.14345572356e-07, 6.13206196931e-08, 1.12859002144e-08, 1.30732304982e-08, 2.31333547873e-08, 4.05019555672e-08, 1.33079316456e-08, 1.45894700765e-08, 1.92417601852e-08, 2.17175646355e-08, 1.87597741785e-08, 5.11796933722e-08, 7.65797025792e-09, 3.62500274242e-09, 8.96834134734e-11, 3.52299682482e-11, 1.31444907042e-11, 6.76737100264e-15, 1.2202675599e-16]
        max: [3.68609153156e-06, 0.000990418950096, 0.00195724470541, 0.0037907154765, 0.00685930252075, 0.00469183316454, 0.0048886439763, 0.00761701678857, 0.00615937821567, 0.00242101657204, 0.00102588126902, 0.000760460097808, 0.00187177839689, 0.00109461671673, 0.000622048857622, 0.000739376584534, 0.00110843207221, 0.00078794977162, 0.000608945672866, 0.00171576580033, 0.000461290881503, 0.000382901984267, 4.92025101266e-05, 8.71189186e-05, 4.2393025069e-05, 6.9369036737e-07, 3.0850756616e-07]
        mean: [2.62329791667e-07, 8.6161577201e-05, 0.000275241705822, 0.000547862320673, 0.00147493369877, 0.000415536167566, 0.000598439248279, 0.000321443076245, 0.000207983888686, 0.000166930636624, 7.23061602912e-05, 6.77648567944e-05, 0.000104428552731, 0.000144787016325, 8.83996181074e-05, 9.14624761208e-05, 0.00012467787019, 0.000143243058119, 0.00014115589147, 0.00023347158276, 8.37325569591e-05, 4.13657107856e-05, 6.94049822414e-06, 4.30849695476e-06, 1.82829001005e-06, 3.35259109363e-08, 1.05549669005e-09]
        min: [1.63260533564e-11, 1.19799392628e-09, 3.36839800497e-09, 2.31835750597e-09, 4.78072934129e-07, 1.53318083562e-07, 1.63669540143e-07, 2.50053950879e-08, 2.04739492915e-07, 2.50175446581e-07, 3.21862003716e-08, 3.19344053423e-08, 2.24394554493e-07, 4.78425874917e-07, 7.23454036233e-07, 6.88679108407e-07, 1.02584135675e-06, 4.74459596944e-07, 7.94532411419e-07, 6.21038088866e-06, 1.33223380772e-07, 1.07160765594e-07, 1.4962859396e-08, 3.79465419087e-08, 2.97608493405e-09, 1.58206737641e-12, 8.32207973324e-14]
        var: [1.67239974039e-13, 1.28460007076e-08, 7.76590596274e-08, 2.94980878834e-07, 1.62159085448e-06, 3.66635703131e-07, 7.30608235244e-07, 3.87150521419e-07, 2.7286949944e-07, 8.76409842476e-08, 1.0008167628e-08, 8.48072456705e-09, 5.69025644381e-08, 3.48317463761e-08, 7.93867105386e-09, 1.40848852581e-08, 1.86167898875e-08, 1.36698652398e-08, 1.3016664191e-08, 6.35405541516e-08, 7.72827668527e-09, 3.34869221241e-09, 7.25383711431e-11, 1.05704278663e-10, 2.17800152913e-11, 3.22645712807e-15, 2.24994741271e-16]
    mfcc:
        mean: [-710.158081055, 121.91318512, -30.5672969818, 53.3500785828, -14.4852228165, -2.73273420334, -6.32841920853, -12.6808605194, -8.8267993927, -6.27063941956, -5.79902172089, -9.49353408813, -7.42059469223]
        cov: [[1778.75476074, 15.7056379318, 61.2969512939, 63.6147842407, -65.7163085938, 195.639846802, 120.450241089, 100.934799194, 92.8333511353, 53.1322937012, 178.773422241, 87.4017944336, -42.5759391785], [15.7056379318, 1045.62414551, -228.763931274, 12.3970241547, -5.08479785919, 24.9296531677, 111.316902161, 128.375640869, 32.8607025146, 63.3914833069, 33.7633666992, 30.833650589, 36.2826499939], [61.2969512939, -228.763931274, 288.740203857, 3.11283397675, -8.02230167389, 44.356464386, 22.9954776764, 10.7479228973, 21.745388031, -37.962436676, 2.67573618889, -15.1947088242, -1.26621448994], [63.6147842407, 12.3970241547, 3.11283397675, 269.46975708, 125.841293335, -29.1174545288, -30.0820922852, 0.180333212018, 28.5882740021, 0.038677547127, -67.1429672241, 52.5492782593, 71.315574646], [-65.7163085938, -5.08479785919, -8.02230167389, 125.841293335, 256.184692383, 60.1705093384, 17.1709728241, 10.7452630997, 28.0267391205, -1.92794334888, -35.2572517395, 7.4252409935, 41.8896255493], [195.639846802, 24.9296531677, 44.356464386, -29.1174545288, 60.1705093384, 238.051834106, 138.582809448, 87.4207305908, 42.1349906921, 8.9866399765, 91.0495910645, -20.2928504944, -33.4714241028], [120.450241089, 111.316902161, 22.9954776764, -30.0820922852, 17.1709728241, 138.582809448, 184.192153931, 104.863685608, 40.3254241943, 21.4786701202, 61.5927581787, 8.62565898895, -9.19122219086], [100.934799194, 128.375640869, 10.7479228973, 0.180333212018, 10.7452630997, 87.4207305908, 104.863685608, 141.936843872, 50.1396408081, 14.9697685242, 25.218334198, 10.6239376068, 10.412733078], [92.8333511353, 32.8607025146, 21.745388031, 28.5882740021, 28.0267391205, 42.1349906921, 40.3254241943, 50.1396408081, 69.1735992432, 20.5670604706, 11.7202186584, 9.38076114655, 2.43322014809], [53.1322937012, 63.3914833069, -37.962436676, 0.038677547127, -1.92794334888, 8.9866399765, 21.4786701202, 14.9697685242, 20.5670604706, 75.6587219238, 25.6748771667, 13.0216016769, -1.90169095993], [178.773422241, 33.7633666992, 2.67573618889, -67.1429672241, -35.2572517395, 91.0495910645, 61.5927581787, 25.218334198, 11.7202186584, 25.6748771667, 122.574134827, 1.99380779266, -43.7112007141], [87.4017944336, 30.833650589, -15.1947088242, 52.5492782593, 7.4252409935, -20.2928504944, 8.62565898895, 10.6239376068, 9.38076114655, 13.0216016769, 1.99380779266, 97.919593811, 46.5940475464], [-42.5759391785, 36.2826499939, -1.26621448994, 71.315574646, 41.8896255493, -33.4714241028, -9.19122219086, 10.412733078, 2.43322014809, -1.90169095993, -43.7112007141, 46.5940475464, 99.169670105]]
        icov: [[0.000811172416434, 4.75281885883e-05, -3.18679230986e-05, -0.000578095845412, 0.000515144201927, -0.000541152607184, 0.000243156435317, -0.000119183496281, -0.000562848581467, -1.91642211576e-05, -0.000874773715623, -0.000674041104503, 0.000325547443936], [4.75281885883e-05, 0.00145308615174, 0.00118017941713, -0.000254590384429, 0.000204548967304, 0.000493085768539, -0.000702152668964, -0.00106702651829, -0.000110851309728, -0.000172635045601, -0.000556321989279, 0.000430811807746, -0.00063430838054], [-3.18679230986e-05, 0.00118017941713, 0.00514688622206, -0.000413058558479, 0.000978402211331, -0.000477541703731, -0.00103711942211, 0.000203501767828, -0.00240702950396, 0.00247703772038, -0.000274415302556, 0.001101871836, -0.00130675919354], [-0.000578095845412, -0.000254590384429, -0.000413058558479, 0.00714664161205, -0.00288872234523, 0.000177134541445, 0.00117089739069, 0.000356251053745, -0.00187009572983, -0.000215047155507, 0.00292929937132, -0.00231382763013, -0.00152850733139], [0.000515144201927, 0.000204548967304, 0.000978402211331, -0.00288872234523, 0.0070363888517, -0.003853185568, -5.22780501342e-05, 0.00171809189487, -0.00195519952103, 7.66369921621e-05, 0.00169553002343, 0.000624157080892, -0.0017182478914], [-0.000541152607184, 0.000493085768539, -0.000477541703731, 0.000177134541445, -0.003853185568, 0.0130072487518, -0.00579638546333, -0.00260986806825, -0.000495751446579, 0.00208826828748, -0.00679846573621, 0.00356900016777, 0.00058713729959], [0.000243156435317, -0.000702152668964, -0.00103711942211, 0.00117089739069, -5.22780501342e-05, -0.00579638546333, 0.01437345054, -0.00622386066243, 0.00048928509932, -0.00172676425427, -0.000630035065114, -0.00259339646436, 0.000453048531199], [-0.000119183496281, -0.00106702651829, 0.000203501767828, 0.000356251053745, 0.00171809189487, -0.00260986806825, -0.00622386066243, 0.0164982266724, -0.00764344353229, 0.0011127757607, 0.00237263552845, 0.000169141800143, -0.00265491497703], [-0.000562848581467, -0.000110851309728, -0.00240702950396, -0.00187009572983, -0.00195519952103, -0.000495751446579, 0.00048928509932, -0.00764344353229, 0.0248498283327, -0.00618309900165, 0.000906134489924, -0.000859955209307, 0.0026946363505], [-1.91642211576e-05, -0.000172635045601, 0.00247703772038, -0.000215047155507, 7.66369921621e-05, 0.00208826828748, -0.00172676425427, 0.0011127757607, -0.00618309900165, 0.0178464297205, -0.00434489920735, -0.000373011105694, -0.000609139213338], [-0.000874773715623, -0.000556321989279, -0.000274415302556, 0.00292929937132, 0.00169553002343, -0.00679846573621, -0.000630035065114, 0.00237263552845, 0.000906134489924, -0.00434489920735, 0.0192321445793, -0.00465878564864, 0.00495995255187], [-0.000674041104503, 0.000430811807746, 0.001101871836, -0.00231382763013, 0.000624157080892, 0.00356900016777, -0.00259339646436, 0.000169141800143, -0.000859955209307, -0.000373011105694, -0.00465878564864, 0.0171041972935, -0.00816194526851], [0.000325547443936, -0.00063430838054, -0.00130675919354, -0.00152850733139, -0.0017182478914, 0.00058713729959, 0.000453048531199, -0.00265491497703, 0.0026946363505, -0.000609139213338, 0.00495995255187, -0.00816194526851, 0.0187260191888]]
    spectral_contrast:
        mean: [-6.54661178601e-08, 3.05009223212e-07, 3.68054770661e-07, -4.22130085553e-07, 1.84788291335e-08, 7.36999595574e-07, 4.34238609159e-06, 6.69822838972e-06, 4.26819269705e-07, -5.25222503711e-07, -1.96598080038e-06, 1.62558126249e-06]
        var: [0.000485297408886, 0.00095942261396, 0.00201053661294, 0.00298878178, 0.00375891756266, 0.00671226112172, 0.0456480532885, 0.0933912694454, 0.128011479974, 0.30031722784, 0.595963537693, 1.83394551277]

rhythm:
    beats_loudness:
        dmean: 0.0022868681699
        dmean2: 0.00373279373161
        dvar: 2.61024160864e-06
        dvar2: 3.54362441612e-06
        max: 0.0111704850569
        mean: 0.00697293505073
        min: 0.00179490272421
        var: 5.64635774936e-06
    beats_loudness_bass:
        dmean: 0.0882365554571
        dmean2: 0.167217105627
        dvar: 0.0039124917239
        dvar2: 0.0115553839132
        max: 0.251251250505
        mean: 0.101020134985
        min: 0.0124500095844
        var: 0.00377242453396
    bpm: 101.392097473
    bpm_confidence: 0
    first_peak_bpm: 101
    first_peak_spread: 0
    first_peak_weight: 0.9375
    onset_rate: 4.52140760422
    second_peak_bpm: 95
    second_peak_spread: 0
    second_peak_weight: 0.0625
    beats_position: [0.292047977448, 0.884021043777, 1.47599411011, 2.06796717644, 2.65994000435, 3.2519133091, 3.84388637543, 4.43585968018, 5.02783250809, 5.61980581284, 6.25259685516, 6.84418010712, 7.43576383591, 8.0273475647, 8.61893081665, 9.2105140686, 9.80209732056]
    bpm_estimates: [101.44418335, 101.442703247, 102.198532104, 101.773582458, 99.6713256836, 101.377975464, 101.31602478, 101.661552429, 101.727058411, 101.454452515, 101.738998413, 100.794532776, 101.41217041, 101.331550598, 101.405052185, 101.523765564]
    bpm_intervals: [0.59197306633, 0.59197306633, 0.59197306633, 0.591972827911, 0.591973304749, 0.59197306633, 0.591973304749, 0.591972827911, 0.591973304749, 0.632791042328, 0.591583251953, 0.59158372879, 0.59158372879, 0.591583251953, 0.591583251953, 0.591583251953]
    onset_times: [0.0348299331963, 0.290249437094, 0.731428563595, 0.870748281479, 1.06811785698, 1.18421769142, 1.47446715832, 1.68344676495, 1.78793644905, 2.06657600403, 2.27555561066, 2.3916554451, 2.67029476166, 2.97215414047, 3.12308382988, 3.25079369545, 3.42494320869, 3.55265307426, 3.84290242195, 4.33052158356, 4.49306106567, 4.63238096237, 4.76009082794, 5.05034017563, 5.22448968887, 5.38702964783, 5.630838871, 5.93269824982, 6.23455762863, 6.40870761871, 6.82666683197, 7.0356464386, 7.12852621078, 7.27945566177, 7.4303855896, 7.63936519623, 7.75546503067, 7.92961454391, 8.0224943161, 8.32435417175, 8.6146030426, 8.92807292938, 9.21832180023, 9.67111110687, 9.79882049561]
    rubato_start: []
    rubato_stop: []
    perceptual_tempo: "unknown"

sfx:
    inharmonicity:
        dmean: 0.0348665416241
        dmean2: 0.0610949508846
        dvar: 0.00189578311983
        dvar2: 0.00490967789665
        max: 0.314974278212
        mean: 0.0338740572333
        min: 5.26080475538e-05
        var: 0.00193166651297
    oddtoevenharmonicenergyratio:
        dmean: 2.09640836716
        dmean2: 3.92585253716
        dvar: 62.7426528931
        dvar2: 185.817749023
        max: 107.158454895
        mean: 1.41598641872
        min: 0.000277421582723
        var: 33.2581443787
    pitch_after_max_to_before_max_energy_ratio: 2.61797165871
    pitch_centroid: 226.611190796
    pitch_max_to_total: 0.39393940568
    pitch_min_to_total: 0.375291377306
    tristimulus:
        dmean: [0.232239842415, 0.222608402371, 0.0884103253484]
        dmean2: [0.406839191914, 0.376351028681, 0.150867953897]
        dvar: [0.036084998399, 0.0347639024258, 0.00922410469502]
        dvar2: [0.0939313992858, 0.103538818657, 0.0234435815364]
        max: [0.94091874361, 0.970993459225, 0.77789068222]
        mean: [0.44973680377, 0.422689408064, 0.112386181951]
        min: [0.00200201291591, 0, 0]
        var: [0.056444209069, 0.0510730743408, 0.011752015911]

tonal:
    chords_changes_rate: 0.0462962947786
    chords_number_rate: 0.0324074067175
    chords_strength:
        dmean: 0.0123362187296
        dmean2: 0.0109743336216
        dvar: 0.000125826190924
        dvar2: 0.000105958344648
        max: 0.79653441906
        mean: 0.52130895853
        min: 0.347687989473
        var: 0.00961222406477
    key_strength: 0.716173768044
    tuning_diatonic_strength: 0.540026366711
    tuning_equal_tempered_deviation: 0.0526289716363
    tuning_frequency: 441.527557373
    tuning_nontempered_energy_ratio: 0.684035480022
    hpcp:
        dmean: [0.201145097613, 0.141575545073, 0.0749089643359, 0.0761381015182, 0.0945618897676, 0.0961996912956, 0.123036727309, 0.117821991444, 0.110263548791, 0.139434278011, 0.162929177284, 0.115173347294, 0.0865205302835, 0.0786811113358, 0.112229794264, 0.129677861929, 0.1242858693, 0.0886732265353, 0.0552132055163, 0.0903248265386, 0.150170847774, 0.15288387239, 0.103527732193, 0.075032055378, 0.0771319419146, 0.0864775776863, 0.134320348501, 0.189812973142, 0.167386770248, 0.204867169261, 0.211994752288, 0.180664420128, 0.159967154264, 0.162201136351, 0.171124652028, 0.194519847631]
        dmean2: [0.339967608452, 0.247040331364, 0.13807927072, 0.145366296172, 0.175946265459, 0.164391458035, 0.198092862964, 0.210259631276, 0.193888366222, 0.244848996401, 0.277132630348, 0.1926792413, 0.148067802191, 0.138966754079, 0.186515197158, 0.209522500634, 0.211172118783, 0.158424705267, 0.0976017937064, 0.167365118861, 0.261608660221, 0.258509635925, 0.172469481826, 0.13783159852, 0.13816472888, 0.154345750809, 0.235616147518, 0.351730406284, 0.292831987143, 0.362150788307, 0.373942434788, 0.321413367987, 0.290299773216, 0.282173663378, 0.311740934849, 0.340717166662]
        dvar: [0.0646598190069, 0.0317693538964, 0.0159435998648, 0.0257746838033, 0.0319153480232, 0.0256589930505, 0.0357500426471, 0.0377512723207, 0.0276594366878, 0.0439800135791, 0.0467467717826, 0.0271850414574, 0.0220029745251, 0.0180938821286, 0.0296276137233, 0.0388958081603, 0.0373731665313, 0.0270273536444, 0.00950780231506, 0.0298291146755, 0.0476209819317, 0.0439208596945, 0.0277594774961, 0.020144527778, 0.0239553656429, 0.0254310555756, 0.0363197103143, 0.0771019682288, 0.0410348437726, 0.066199362278, 0.0782232880592, 0.059794280678, 0.0644213706255, 0.053603105247, 0.0578770786524, 0.0658399686217]
        dvar2: [0.175832092762, 0.0878301337361, 0.0408610105515, 0.0802516043186, 0.0957036092877, 0.0614763647318, 0.0733559578657, 0.10344170779, 0.0731276199222, 0.122823983431, 0.129083380103, 0.0685801655054, 0.043245960027, 0.0496722087264, 0.0713573023677, 0.0936622470617, 0.095075160265, 0.0710430145264, 0.0239944830537, 0.0858172774315, 0.129221767187, 0.0982680395246, 0.071478843689, 0.0539459250867, 0.0597685091197, 0.0680442601442, 0.0909278616309, 0.219318032265, 0.11414526403, 0.171067133546, 0.211511060596, 0.159983828664, 0.168921589851, 0.145199224353, 0.17325539887, 0.178948879242]
        max: [1, 1, 1, 1, 1, 1, 1, 1, 1, 1, 1, 0.981907248497, 1, 0.937992334366, 1, 1, 1, 1, 0.7562109828, 1, 1, 1, 1, 1, 1, 1, 1, 1, 1, 1, 1, 1, 1, 1, 1, 1]
        mean: [0.320858180523, 0.173932477832, 0.0751605033875, 0.0648136287928, 0.0819327458739, 0.166069000959, 0.218850806355, 0.160758465528, 0.142166167498, 0.19488209486, 0.181160539389, 0.131053820252, 0.104160226882, 0.0796690434217, 0.158693477511, 0.26238399744, 0.190588757396, 0.0856338143349, 0.0575954951346, 0.0713758990169, 0.176168948412, 0.230781063437, 0.138319462538, 0.0671405941248, 0.0634034276009, 0.0793080851436, 0.143737539649, 0.17416536808, 0.154962256551, 0.21935147047, 0.257285386324, 0.174769237638, 0.135843068361, 0.146271273494, 0.165198519826, 0.283725887537]
        min: [0.00194339768495, 0.00121105019934, 0.0010161754908, 0.00111569918226, 0.0014258568408, 0.00142987282015, 0.00203991588205, 0.00169173243921, 0.00123355572578, 0.00243029301055, 0.00232470454648, 0.00103103579022, 0.000452115898952, 0.000377334683435, 0.00078422104707, 0.000593776174355, 0.00043937456212, 0.000241357411142, 0.000276329839835, 0.000130041997181, 0.000490379752591, 0.000671809597407, 0.000454707362223, 0.000368113047443, 0.000210498750675, 8.64754838403e-05, 0.000205496777198, 0.000266679184278, 0.000242757552769, 0.000449180486612, 0.000381936843041, 0.000125135236885, 0.000413099041907, 0.000690231448971, 0.000472192419693, 0.00207038153894]
        var: [0.121198348701, 0.0368871763349, 0.0158190950751, 0.0158667005599, 0.0220857243985, 0.0537655390799, 0.0787241384387, 0.0468966402113, 0.0536475926638, 0.0813743621111, 0.0653227418661, 0.0342075526714, 0.0351544059813, 0.017328331247, 0.0459667518735, 0.107558719814, 0.0656356811523, 0.0244736876339, 0.0107532339171, 0.0201988704503, 0.0587842054665, 0.0793467834592, 0.0363264754415, 0.0187345463783, 0.0183862689883, 0.0218819249421, 0.048654705286, 0.0672197714448, 0.0420864373446, 0.0825529769063, 0.110747776926, 0.0621786043048, 0.04952410236, 0.0499694794416, 0.0533363111317, 0.108858168125]
    chords_histogram: [35.1851844788, 0, 12.5, 0, 18.5185184479, 0, 16.2037029266, 1.38888883591, 0, 0, 0, 0, 0, 0, 0, 0, 0, 0, 0, 0, 0, 7.40740728378, 8.33333301544, 0.462962955236]
    thpcp: [1, 0.54208523035, 0.234248369932, 0.2020008564, 0.255355030298, 0.517577588558, 0.682079553604, 0.501026570797, 0.443081021309, 0.607377648354, 0.56461250782, 0.408447802067, 0.324630111456, 0.248299866915, 0.494590729475, 0.817756891251, 0.593996882439, 0.266889929771, 0.179504528642, 0.222453102469, 0.54905551672, 0.719261884689, 0.431092202663, 0.209253177047, 0.197605773807, 0.247174888849, 0.447978407145, 0.54281103611, 0.482961833477, 0.6836399436, 0.801866352558, 0.544693112373, 0.423374176025, 0.45587515831, 0.514864623547, 0.884271919727]
    chords_key: "G"
    chords_scale: "major"
    key_key: "G"
    key_scale: "major"
    chords_progression: ["E", "E", "E", "E", "E", "E", "E", "E", "E", "E", "E", "E", "E", "E", "E", "E", "E", "E", "E", "E", "E", "E", "E", "E", "E", "E", "E", "E", "E", "E", "E", "E", "E", "E", "E", "G#m", "G#m", "G#m", "Am", "Am", "Am", "Am", "Am", "Am", "Am", "Am", "A", "A", "A", "A", "A", "A", "A", "A", "A", "A", "A", "A", "A", "A", "A", "A", "A", "A", "A", "A", "A", "A", "A", "A", "A", "A", "A", "A", "A", "A", "A", "A", "A", "A", "A", "A", "A", "A", "A", "A", "D", "D", "D", "D", "D", "G", "G", "G", "G", "G", "G", "G", "G", "G", "G", "G", "G", "G", "G", "G", "G", "G", "G", "G", "G", "G", "G", "G", "G", "G", "G", "G", "G", "G", "G", "G", "G", "G", "G", "G", "G", "G", "G", "D", "D", "D", "D", "D", "D", "D", "D", "D", "D", "D", "D", "D", "D", "D", "D", "D", "D", "D", "D", "D", "D", "Am", "Am", "Am", "Am", "Am", "Am", "Am", "Am", "C", "C", "C", "C", "C", "C", "C", "C", "C", "C", "C", "C", "C", "C", "C", "C", "C", "C", "Em", "G", "G", "G", "G", "G", "G", "G", "G", "G", "G", "G", "G", "G", "G", "G", "G", "G", "G", "G", "G", "G", "G", "G", "G", "G", "G", "G", "G", "G", "G", "G", "G", "G", "G", "G", "G", "G", "G"]
