
metadata:
    version:
        essentia: "1.2.2"
    audio_properties:
        analysis_sample_rate: 44100
        bitrate: 128
        channels: 2
        equal_loudness: 1
        length: 10.0832653046
        replay_gain: -11.8800125122
        downmix: "mix"
    tags:
        track: 6
        year: 0
        album: "Splitted by Mp3Splt v. 2.1"
        artist: "From 000.50 To 001.00"
        comment: "http://mp3splt.sf.net"
        genre: ""
        title: "05 Heidi.mp3"

highlevel:
    ballroom:
        all:
            ChaChaCha: 0.0351816117764
            Jive: 0.52604585886
            Quickstep: 0.14837166667
            Rumba-American: 0.00469615450129
            Rumba-International: 0.00424582697451
            Rumba-Misc: 0.00273620989174
            Samba: 0.0434447936714
            Tango: 0.102677740157
            VienneseWaltz: 0.0892917886376
            Waltz: 0.043308313936
        probability: 0.52604585886
        value: "Jive"
    culture:
        all:
            non_western: 0.744359016418
            western: 0.255640983582
        probability: 0.744359016418
        value: "non_western"
    gender:
        all:
            female: 0.336500555277
            male: 0.663499474525
        probability: 0.663499474525
        value: "male"
    genre_dortmund:
        all:
            alternative: 0.0593955181539
            blues: 0.0916192531586
            electronic: 0.115027301013
            folkcountry: 0.0478417016566
            funksoulrnb: 0.0365928336978
            jazz: 0.104772754014
            pop: 0.0134432688355
            raphiphop: 0.029589002952
            rock: 0.501718342304
        probability: 0.501718342304
        value: "rock"
    genre_electronica:
        all:
            ambient: 0.670236706734
            dnb: 0.136662334204
            house: 0.0703594610095
            techno: 0.0847099050879
            trance: 0.038031604141
        probability: 0.670236706734
        value: "ambient"
    genre_rosamerica:
        all:
            cla: 0.16066250205
            dan: 0.0132605200633
            hip: 0.256742924452
            jaz: 0.0248780902475
            pop: 0.0259965509176
            rhy: 0.0356588512659
            roc: 0.45111694932
            spe: 0.0316836200655
        probability: 0.45111694932
        value: "roc"
    genre_tzanetakis:
        all:
            blu: 0.0527953729033
            cla: 0.0870093554258
            cou: 0.150208473206
            dis: 0.12727573514
            hip: 0.0597908906639
            jaz: 0.0542581044137
            met: 0.0850904509425
            pop: 0.0205405317247
            reg: 0.108128547668
            roc: 0.254902511835
        probability: 0.254902511835
        value: "roc"
    live_studio:
        all:
            live: 0.571839869022
            studio: 0.428160101175
        probability: 0.571839869022
        value: "live"
    mood:
        all:
            Cluster1: 0.276131540537
            Cluster2: 0.117281913757
            Cluster3: 0.0260077267885
            Cluster4: 0.0436125099659
            Cluster5: 0.536966323853
        probability: 0.536966323853
        value: "Cluster5"
    mood_acoustic:
        all:
            acoustic: 0.0757246688008
            not_acoustic: 0.92427533865
        probability: 0.92427533865
        value: "not_acoustic"
    mood_aggressive:
        all:
            aggressive: 0.870447278023
            not_aggressive: 0.129552721977
        probability: 0.870447278023
        value: "aggressive"
    mood_electronic:
        all:
            electronic: 0.582296609879
            not_electronic: 0.417703390121
        probability: 0.582296609879
        value: "electronic"
    mood_happy:
        all:
            happy: 0.243188068271
            not_happy: 0.756811916828
        probability: 0.756811916828
        value: "not_happy"
    mood_party:
        all:
            not_party: 0.260390400887
            party: 0.739609599113
        probability: 0.739609599113
        value: "party"
    mood_relaxed:
        all:
            not_relaxed: 0.788255691528
            relaxed: 0.211744308472
        probability: 0.788255691528
        value: "not_relaxed"
    mood_sad:
        all:
            not_sad: 0.975839674473
            sad: 0.0241603199393
        probability: 0.975839674473
        value: "not_sad"
    rhythm:
        all:
            fast: 0.963025212288
            medium: 0.0289609935135
            slow: 0.00801381375641
        probability: 0.963025212288
        value: "fast"
    speech_music:
        all:
            music: 0.18731276691
            speech: 0.812687218189
        probability: 0.812687218189
        value: "speech"
    timbre:
        all:
            bright: 0.17627607286
            dark: 0.823723912239
        probability: 0.823723912239
        value: "dark"
    voice_instrumental:
        all:
            instrumental: 0.734096467495
            voice: 0.265903562307
        probability: 0.734096467495
        value: "instrumental"

lowlevel:
    average_loudness: 0.939141333103
    barkbands_kurtosis:
        dmean: 1.42794620991
        dmean2: 2.16510128975
        dvar: 8.56911754608
        dvar2: 19.0955371857
        max: 39.250541687
        mean: 0.60750079155
        min: -1.87949323654
        var: 13.1699428558
    barkbands_skewness:
        dmean: 0.442226171494
        dmean2: 0.64287006855
        dvar: 0.235633730888
        dvar2: 0.436318218708
        max: 2.54008984566
        mean: -0.829180896282
        min: -6.00831365585
        var: 1.06485700607
    barkbands_spread:
        dmean: 4.42824029922
        dmean2: 6.64546012878
        dvar: 21.2713909149
        dvar2: 38.7930145264
        max: 58.423160553
        mean: 28.6737155914
        min: 4.05088233948
        var: 212.485931396
    dissonance:
        dmean: 0.00998479221016
        dmean2: 0.015803264454
        dvar: 0.000325493252603
        dvar2: 0.000516562606208
        max: 0.499850541353
        mean: 0.481449753046
        min: 0.190547212958
        var: 0.000716508657206
    hfc:
        dmean: 3.21513819695
        dmean2: 4.91931343079
        dvar: 46.6192626953
        dvar2: 106.209892273
        max: 63.0909423828
        mean: 6.63849925995
        min: 0.00349321519025
        var: 78.7886276245
    pitch:
        dmean: 440.346343994
        dmean2: 830.964538574
        dvar: 607347.125
        dvar2: 1502972.375
        max: 3392.30761719
        mean: 2462.62304688
        min: 79.6028900146
        var: 1446065.5
    pitch_instantaneous_confidence:
        dmean: 0.0894792750478
        dmean2: 0.144282624125
        dvar: 0.00517790904269
        dvar2: 0.0125364735723
        max: 0.915902137756
        mean: 0.537498831749
        min: 0.251984417439
        var: 0.0160885434598
    pitch_salience:
        dmean: 0.0522047020495
        dmean2: 0.0869445800781
        dvar: 0.00157720420975
        dvar2: 0.00427613081411
        max: 0.903124511242
        mean: 0.711398482323
        min: 0.39930459857
        var: 0.0050389142707
    silence_rate_20dB:
        dmean: 0
        dmean2: 0
        dvar: 0
        dvar2: 0
        max: 1
        mean: 1
        min: 1
        var: 0
    silence_rate_30dB:
        dmean: 0
        dmean2: 0
        dvar: 0
        dvar2: 0
        max: 1
        mean: 1
        min: 1
        var: 0
    silence_rate_60dB:
        dmean: 0.101382486522
        dmean2: 0.203233256936
        dvar: 0.0911040753126
        dvar2: 0.175787016749
        max: 1
        mean: 0.733333349228
        min: 0
        var: 0.195555686951
    spectral_centroid:
        dmean: 206.046447754
        dmean2: 306.37890625
        dvar: 37294.8515625
        dvar2: 69709.5390625
        max: 3236.00976562
        mean: 2024.63024902
        min: 713.584228516
        var: 220244.171875
    spectral_complexity:
        dmean: 3.25925922394
        dmean2: 5.00928068161
        dvar: 12.6642780304
        dvar2: 23.8699245453
        max: 37
        mean: 10.3741340637
        min: 0
        var: 50.3772926331
    spectral_crest:
        dmean: 2.21894598007
        dmean2: 3.62916088104
        dvar: 3.90762615204
        dvar2: 9.63809680939
        max: 21.9313011169
        mean: 9.00415611267
        min: 3.73587727547
        var: 8.98823070526
    spectral_decrease:
        dmean: 2.79899409206e-10
        dmean2: 4.15696560507e-10
        dvar: 2.85538947592e-19
        dvar2: 5.6295580875e-19
        max: -4.77947488444e-13
        mean: -7.00354163552e-10
        min: -6.6840670776e-09
        var: 6.87631882794e-19
    spectral_energy:
        dmean: 0.00133869424462
        dmean2: 0.00199661916122
        dvar: 6.75244427839e-06
        dvar2: 1.38864752444e-05
        max: 0.0297665875405
        mean: 0.00324542704038
        min: 2.12072768591e-06
        var: 1.50419500642e-05
    spectral_energyband_high:
        dmean: 1.10560449684e-05
        dmean2: 1.81370578503e-05
        dvar: 1.65783720085e-10
        dvar2: 3.61372626267e-10
        max: 0.00015435552632
        mean: 2.37344938796e-05
        min: 1.619083001e-08
        var: 5.04953190372e-10
    spectral_energyband_low:
        dmean: 2.58643249254e-05
        dmean2: 3.25643159158e-05
        dvar: 1.12826237242e-09
        dvar2: 1.8644306099e-09
        max: 0.000864701054525
        mean: 0.000159941439051
        min: 1.5732268821e-08
        var: 3.24938440599e-08
    spectral_energyband_middle_high:
        dmean: 0.00118369772099
        dmean2: 0.00179530214518
        dvar: 5.7450629356e-06
        dvar2: 1.23531181089e-05
        max: 0.0217787418514
        mean: 0.00243936595507
        min: 1.82327323728e-06
        var: 1.15261709652e-05
    spectral_energyband_middle_low:
        dmean: 0.000283750094241
        dmean2: 0.000393763330067
        dvar: 3.82572721946e-07
        dvar2: 6.35091907952e-07
        max: 0.00820915400982
        mean: 0.000622387276962
        min: 2.64580080511e-07
        var: 1.09852214791e-06
    spectral_flatness_db:
        dmean: 0.0180089063942
        dmean2: 0.029141664505
        dvar: 0.000335181248374
        dvar2: 0.000763313495554
        max: 0.346734255552
        mean: 0.234409317374
        min: 0.108686685562
        var: 0.00158232613467
    spectral_flux:
        dmean: 0.00788366608322
        dmean2: 0.0124280061573
        dvar: 0.000164912737091
        dvar2: 0.000357977201929
        max: 0.135481670499
        mean: 0.0342929176986
        min: 0.0131983105093
        var: 0.000482578790979
    spectral_kurtosis:
        dmean: 5.39134025574
        dmean2: 9.61408138275
        dvar: 28.5160884857
        dvar2: 93.4833068848
        max: 33.1931800842
        mean: 7.69191122055
        min: 0.00143074989319
        var: 34.806224823
    spectral_rms:
        dmean: 0.000308021873934
        dmean2: 0.000453749584267
        dvar: 2.17931201973e-07
        dvar2: 4.09431066828e-07
        max: 0.00538893043995
        mean: 0.00159475486726
        min: 4.54862893093e-05
        var: 6.23025925961e-07
    spectral_rolloff:
        dmean: 179.991500854
        dmean2: 300.715454102
        dvar: 79591.0859375
        dvar2: 174763.375
        max: 3660.64453125
        mean: 3221.3293457
        min: 624.462890625
        var: 271666.40625
    spectral_skewness:
        dmean: 0.473228871822
        dmean2: 0.835524260998
        dvar: 0.232157826424
        dvar2: 0.766510307789
        max: 4.52590465546
        mean: 0.981667339802
        min: -0.218635827303
        var: 0.291409194469
    spectral_spread:
        dmean: 221398.3125
        dmean2: 331408.0625
        dvar: 292038443008
        dvar2: 186744061952
        max: 15402093
        mean: 2046659.5
        min: 992994.125
        var: 739465428992
    spectral_strongpeak:
        dmean: 0.571675002575
        dmean2: 0.954981029034
        dvar: 0.516359508038
        dvar2: 1.32331228256
        max: 6.01937580109
        mean: 0.81008297205
        min: 0.00346395047382
        var: 0.91188544035
    zerocrossingrate:
        dmean: 0.00634200498462
        dmean2: 0.00735480710864
        dvar: 4.47845814051e-05
        dvar2: 3.93182272092e-05
        max: 0.14599609375
        mean: 0.105009786785
        min: 0.0107421875
        var: 0.000390171015169
    barkbands:
        dmean: [2.11042672227e-09, 8.8753640739e-06, 2.08913497772e-05, 9.43495160755e-06, 2.66194838332e-05, 3.26688641508e-05, 0.00010204269347, 0.000134729300044, 0.00012146536028, 5.97076032136e-05, 4.23057608714e-05, 4.43713688583e-05, 8.13907536212e-05, 8.12881698948e-05, 0.000199662608793, 0.000295422418276, 0.000148574006744, 0.000250772194704, 0.000497352215461, 1.93580381165e-05, 5.15495094078e-06, 4.50119301831e-07, 7.02589630919e-08, 3.25359224007e-08, 7.06610858714e-09, 4.78002970539e-10, 4.28394042462e-10]
        dmean2: [3.64575569733e-09, 1.17888030218e-05, 2.82904256892e-05, 1.29329064293e-05, 4.22235061706e-05, 5.27355259692e-05, 0.000166800353327, 0.000203421615879, 0.000173388645635, 9.80508993962e-05, 6.86491621309e-05, 7.507695409e-05, 0.000126485305373, 0.000123192832689, 0.000319361075526, 0.000458801834611, 0.000241064393776, 0.000421718810685, 0.000815349689219, 3.23232816299e-05, 8.63145942276e-06, 6.7572784701e-07, 1.02527373258e-07, 4.87705698049e-08, 1.04699227066e-08, 7.63250573854e-10, 6.97326696386e-10]
        dvar: [2.05307998202e-17, 1.70279512712e-10, 6.83122614031e-10, 2.19813556246e-10, 1.4947572069e-09, 4.08010869535e-09, 3.66403973828e-08, 1.23606042735e-07, 1.68074194562e-07, 5.39417577272e-08, 1.69005947015e-08, 2.19273932345e-08, 5.28890815588e-08, 6.42777493454e-08, 5.96091297211e-07, 4.61707543309e-07, 1.02026696425e-07, 3.71128635379e-07, 1.97639451471e-06, 4.00256466859e-10, 3.95109361895e-11, 9.00457280354e-13, 3.11394315823e-14, 5.35340323368e-15, 3.30646801908e-16, 1.72978719295e-17, 1.84005946759e-17]
        dvar2: [5.33592077805e-17, 3.67573166349e-10, 1.32652167029e-09, 4.74650319049e-10, 3.83941944904e-09, 8.13679612577e-09, 8.42858014494e-08, 2.78338944781e-07, 3.04049819988e-07, 1.33037588057e-07, 4.13802965227e-08, 6.03100858143e-08, 1.078982379e-07, 1.05373075598e-07, 1.22664891933e-06, 1.04988851035e-06, 2.16896765437e-07, 9.88832425719e-07, 4.99180941915e-06, 9.64484825339e-10, 8.9080041954e-11, 2.07593013959e-12, 7.09207473022e-14, 1.11463301696e-14, 6.58110824578e-16, 4.35917863156e-17, 4.6362943938e-17]
        max: [5.21213898708e-08, 0.000284311710857, 0.000630802591331, 0.00024278012279, 0.000306667061523, 0.000868721574079, 0.00187453837134, 0.00321087380871, 0.00655152508989, 0.00327014992945, 0.00126829883084, 0.00135668169241, 0.00319443596527, 0.00542060192674, 0.0103845447302, 0.0105651021004, 0.00434189196676, 0.00589116616175, 0.0149185787886, 0.000212698796531, 9.23397747101e-05, 1.0781808669e-05, 2.32059164773e-06, 9.1195818186e-07, 2.61088416664e-07, 6.17314199758e-08, 6.37053716446e-08]
        mean: [2.2687745016e-09, 6.44147439743e-05, 9.55248906394e-05, 3.2326192013e-05, 5.51150733372e-05, 5.38473686902e-05, 0.000159445029567, 0.000160487921676, 0.000152982771397, 6.43064486212e-05, 4.88582263642e-05, 5.46982410015e-05, 0.000117991156003, 0.000117155912449, 0.000237845553784, 0.000412505090935, 0.000213385457755, 0.000350567774149, 0.000799052359071, 4.3562205974e-05, 9.99460007733e-06, 1.09678285298e-06, 1.73833527128e-07, 7.52528208636e-08, 1.46356118336e-08, 3.72353592404e-10, 2.43320336102e-10]
        min: [3.39414629215e-12, 6.33828900476e-09, 8.6387732523e-09, 1.01708437228e-08, 1.58944484241e-08, 4.47853487628e-08, 8.82183357476e-08, 4.97896657237e-08, 5.39379740871e-08, 3.52912223889e-08, 2.78565472911e-08, 2.04997533615e-07, 9.0099422323e-07, 1.14367779247e-07, 3.96182961993e-08, 8.27098531886e-08, 5.76187701995e-08, 1.42729888353e-07, 2.09367939874e-07, 1.27654011806e-08, 5.21897458583e-09, 1.57969459735e-09, 6.66288246798e-10, 1.16644460757e-09, 1.94807989184e-10, 1.46377666932e-11, 4.62068127901e-14]
        var: [1.56291740101e-17, 4.57008209054e-09, 1.42503910894e-08, 1.4876585519e-09, 3.6370380041e-09, 7.31509741669e-09, 7.11805938636e-08, 1.92389052245e-07, 3.01086998888e-07, 5.37354942765e-08, 1.98271337126e-08, 2.26046648066e-08, 1.04998989059e-07, 1.46769693288e-07, 7.1535225743e-07, 6.31651346339e-07, 2.04103344004e-07, 3.68339527768e-07, 2.24659584092e-06, 9.82549486217e-10, 1.13426774917e-10, 4.41433001264e-12, 1.2458057589e-13, 2.27617810667e-14, 1.03494583017e-15, 8.86156853149e-18, 9.37010014693e-18]
    mfcc:
        mean: [-804.473510742, 174.40020752, -119.76612854, 79.2265701294, -3.95702838898, -18.1561222076, 6.50121736526, -4.62562799454, -9.44917583466, 10.9415922165, -1.35771155357, 0.824208021164, -2.86453127861]
        cov: [[2250.04248047, -689.181274414, 310.176940918, -458.437164307, 82.4365844727, 228.213317871, -131.962814331, 196.419509888, 33.2750053406, -70.7886657715, 141.285171509, -106.867935181, 45.1469688416], [-689.181274414, 968.758300781, -553.360351562, 101.299743652, -189.524414062, -247.078552246, -20.0825157166, -147.464309692, 2.80246376991, 157.976959229, -74.3723297119, 102.80922699, -46.8067970276], [310.176940918, -553.360351562, 896.530029297, 144.564926147, 156.901947021, 258.083221436, 136.588973999, 147.47303772, 2.84455132484, -127.812187195, 78.2400970459, -58.7285881042, 26.5236358643], [-458.437164307, 101.299743652, 144.564926147, 420.894592285, 164.999084473, 38.0017356873, 112.726402283, -21.4676113129, 4.32340908051, -19.7127113342, -56.3058853149, 25.1581039429, -13.6593332291], [82.4365844727, -189.524414062, 156.901947021, 164.999084473, 310.076019287, 138.786758423, 83.4629974365, 46.0651130676, -14.8930034637, -42.9822006226, -10.1103944778, -28.5541629791, 16.5907173157], [228.213317871, -247.078552246, 258.083221436, 38.0017356873, 138.786758423, 224.343566895, 124.604850769, 67.0093307495, -4.90676689148, -42.6429405212, 16.5957221985, -49.7956314087, -7.02044773102], [-131.962814331, -20.0825157166, 136.588973999, 112.726402283, 83.4629974365, 124.604850769, 209.904693604, 52.791229248, -3.94733929634, -13.6359634399, 0.0766897499561, -25.0227012634, -34.3892097473], [196.419509888, -147.464309692, 147.47303772, -21.4676113129, 46.0651130676, 67.0093307495, 52.791229248, 120.850250244, -4.81641244888, -32.1291542053, 36.0761756897, -33.6880149841, 8.55608463287], [33.2750053406, 2.80246376991, 2.84455132484, 4.32340908051, -14.8930034637, -4.90676689148, -3.94733929634, -4.81641244888, 69.7103652954, 22.145734787, -11.0026655197, 15.3014688492, -3.42924284935], [-70.7886657715, 157.976959229, -127.812187195, -19.7127113342, -42.9822006226, -42.6429405212, -13.6359634399, -32.1291542053, 22.145734787, 99.4515762329, 15.3526077271, 11.0136375427, -4.87963533401], [141.285171509, -74.3723297119, 78.2400970459, -56.3058853149, -10.1103944778, 16.5957221985, 0.0766897499561, 36.0761756897, -11.0026655197, 15.3526077271, 88.3631286621, -8.48307514191, 15.6898145676], [-106.867935181, 102.80922699, -58.7285881042, 25.1581039429, -28.5541629791, -49.7956314087, -25.0227012634, -33.6880149841, 15.3014688492, 11.0136375427, -8.48307514191, 80.5985336304, 12.7758235931], [45.1469688416, -46.8067970276, 26.5236358643, -13.6593332291, 16.5907173157, -7.02044773102, -34.3892097473, 8.55608463287, -3.42924284935, -4.87963533401, 15.6898145676, 12.7758235931, 52.9521446228]]
        icov: [[0.00100481230766, -1.52212114699e-05, -7.77333116275e-06, 0.000907646433916, -0.000480935676023, -0.00124394940212, 0.00144043401815, -0.000952130416408, -0.000953337992541, 0.000403078622185, -0.000753753236495, 0.000122605648357, 0.000612113566604], [-1.52212114699e-05, 0.00326350657269, 0.00095706974389, -0.00126192590687, 0.00130231038202, 0.00148342573084, -0.00130683009047, -0.000142449440318, 0.00213373592123, -0.00369457155466, 0.00160535098985, -0.00204863678664, 0.000872103380971], [-7.77333116275e-06, 0.00095706974389, 0.00315910531208, -0.00206753867678, 0.00145160662942, -0.00236838101409, 0.000204798605409, -0.000976028270088, -0.00109398190398, 0.0020228473004, -0.00259147724137, 0.000225929077715, -0.00091228983365], [0.000907646433916, -0.00126192590687, -0.00206753867678, 0.00661480473354, -0.00409063044935, 0.00163597229403, -0.00132876017597, 0.00114358239807, -0.00109404616524, 0.000547625648323, 0.00179229862988, -0.000965761893895, 0.000985011109151], [-0.000480935676023, 0.00130231038202, 0.00145160662942, -0.00409063044935, 0.00759398750961, -0.00357420695946, -5.4457308579e-05, -0.00104897434358, 0.00177533505484, -0.000696020841133, 0.000904360087588, 0.00043275943608, -0.00326169305481], [-0.00124394940212, 0.00148342573084, -0.00236838101409, 0.00163597229403, -0.00357420695946, 0.0157347880304, -0.00843795947731, 0.00244980654679, 0.00131305633113, -0.00197029276751, 0.00263830670156, 0.00136261642911, 0.000103359954664], [0.00144043401815, -0.00130683009047, 0.000204798605409, -0.00132876017597, -5.4457308579e-05, -0.00843795947731, 0.0135740432888, -0.00555585883558, -0.000814435014036, 0.000353487033863, -0.00192679872271, -0.00031197106, 0.00640898104757], [-0.000952130416408, -0.000142449440318, -0.000976028270088, 0.00114358239807, -0.00104897434358, 0.00244980654679, -0.00555585883558, 0.0160281341523, -0.00174681772478, 0.00393485045061, -0.00401456188411, 0.00390606955625, -0.00357825448737], [-0.000953337992541, 0.00213373592123, -0.00109398190398, -0.00109404616524, 0.00177533505484, 0.00131305633113, -0.000814435014036, -0.00174681772478, 0.020998397842, -0.0101331090555, 0.00770783983171, -0.00608321791515, 0.00194580724929], [0.000403078622185, -0.00369457155466, 0.0020228473004, 0.000547625648323, -0.000696020841133, -0.00197029276751, 0.000353487033863, 0.00393485045061, -0.0101331090555, 0.0224442239851, -0.0109638534486, 0.00476873246953, -0.00142072548624], [-0.000753753236495, 0.00160535098985, -0.00259147724137, 0.00179229862988, 0.000904360087588, 0.00263830670156, -0.00192679872271, -0.00401456188411, 0.00770783983171, -0.0109638534486, 0.0216463860124, -0.00304719526321, -0.00290396041237], [0.000122605648357, -0.00204863678664, 0.000225929077715, -0.000965761893895, 0.00043275943608, 0.00136261642911, -0.00031197106, 0.00390606955625, -0.00608321791515, 0.00476873246953, -0.00304719526321, 0.0194417461753, -0.00680874753743], [0.000612113566604, 0.000872103380971, -0.00091228983365, 0.000985011109151, -0.00326169305481, 0.000103359954664, 0.00640898104757, -0.00357825448737, 0.00194580724929, -0.00142072548624, -0.00290396041237, -0.00680874753743, 0.0281193945557]]
    spectral_contrast:
        mean: [-3.6372341583e-07, 2.1031974029e-07, -2.23861562176e-07, 1.01004410169e-07, 4.34783544279e-07, 2.61800579437e-07, -3.73045224933e-07, -3.02565837274e-07, -4.36118807556e-06, 1.20640902423e-06, 4.73533425804e-08, 1.03902050341e-06]
        var: [0.000384656683309, 0.0011155474931, 0.00117265980225, 0.0018117337022, 0.00247056921944, 0.00402775593102, 0.0549537390471, 0.0873137786984, 0.184111610055, 0.403112113476, 0.672453343868, 1.44802439213]

rhythm:
    beats_loudness:
        dmean: 0.00291074742563
        dmean2: 0.00494772614911
        dvar: 1.04156297311e-05
        dvar2: 2.84139041469e-05
        max: 0.0129022803158
        mean: 0.00337620312348
        min: 0.000787053897511
        var: 8.71394877322e-06
    beats_loudness_bass:
        dmean: 0.08815857023
        dmean2: 0.160629972816
        dvar: 0.0238046329468
        dvar2: 0.0391773432493
        max: 0.609257996082
        mean: 0.109827637672
        min: 0.0019227451412
        var: 0.0277138985693
    bpm: 117.175506592
    bpm_confidence: 0
    first_peak_bpm: 119
    first_peak_spread: 0
    first_peak_weight: 0.578947365284
    onset_rate: 3.47109794617
    second_peak_bpm: 114
    second_peak_spread: 0
    second_peak_weight: 0.368421047926
    beats_position: [0.0741531401873, 0.579987823963, 1.08582246304, 1.5916570425, 2.09749174118, 2.60332655907, 3.10916137695, 3.61499595642, 4.12083101273, 4.62666559219, 5.13250017166, 5.63833522797, 6.00391578674, 6.53126955032, 7.05862379074, 7.585978508, 8.11333274841, 8.64068603516, 9.16804122925, 9.69539546967]
    bpm_estimates: [117.982276917, 118.765235901, 117.743774414, 119.99797821, 114.78629303, 113.777481079]
    bpm_intervals: [0.505834698677, 0.505834639072, 0.505834579468, 0.505834698677, 0.505834817886, 0.505834817886, 0.505834579468, 0.505835056305, 0.505834579468, 0.505834579468, 0.505835056305, 0.365580558777, 0.52735376358, 0.527354240417, 0.527354717255, 0.527354240417, 0.527353286743, 0.527355194092, 0.527354240417]
    onset_times: [0.0580498874187, 0.522448956966, 2.36843538284, 2.53097510338, 2.79800462723, 2.89088439941, 3.00698423386, 3.83129262924, 4.00544214249, 4.23764181137, 4.31891155243, 4.41179132462, 4.58594083786, 4.7833108902, 4.82975053787, 5.06195020676, 5.56117916107, 6.1068482399, 6.28099775314, 6.46675729752, 6.80344676971, 6.88471651077, 7.05886602402, 7.24462604523, 7.54648542404, 7.95283460617, 8.4172334671, 8.8119726181, 9.02095222473, 9.07900238037, 9.27637195587, 9.46213150024, 9.65950107574, 9.79882049561, 9.99619007111]
    rubato_start: []
    rubato_stop: []
    perceptual_tempo: "unknown"

sfx:
    inharmonicity:
        dmean: 0.070659391582
        dmean2: 0.120704948902
        dvar: 0.00382888503373
        dvar2: 0.0105646532029
        max: 0.340315461159
        mean: 0.0926954895258
        min: 0
        var: 0.00548929115757
    oddtoevenharmonicenergyratio:
        dmean: 6.52444696426
        dmean2: 12.57035923
        dvar: 593.47857666
        dvar2: 1830.47436523
        max: 249.610977173
        mean: 3.99105072021
        min: 0
        var: 314.463287354
    pitch_after_max_to_before_max_energy_ratio: 282.598632812
    pitch_centroid: 195.865127563
    pitch_max_to_total: 0
    pitch_min_to_total: 0.94688218832
    tristimulus:
        dmean: [0.134786620736, 0.338245034218, 0.197770938277]
        dmean2: [0.234384521842, 0.5816873312, 0.3536875844]
        dvar: [0.0198456309736, 0.0678336545825, 0.0351743660867]
        dvar2: [0.051848679781, 0.196897491813, 0.0909459963441]
        max: [1, 0.988466322422, 0.822968900204]
        mean: [0.206713318825, 0.501385986805, 0.180834770203]
        min: [0.00200200942345, 0, 0]
        var: [0.0252381898463, 0.0903821140528, 0.0425132848322]

tonal:
    chords_changes_rate: 0.0642201825976
    chords_number_rate: 0.0137614682317
    chords_strength:
        dmean: 0.00708618341014
        dmean2: 0.00759712839499
        dvar: 3.78148724849e-05
        dvar2: 4.62563621113e-05
        max: 0.662286162376
        mean: 0.453606128693
        min: 0.353836148977
        var: 0.00572363566607
    key_strength: 0.600984692574
    tuning_diatonic_strength: 0.637769758701
    tuning_equal_tempered_deviation: 0.133607834578
    tuning_frequency: 439.491973877
    tuning_nontempered_energy_ratio: 0.792463302612
    hpcp:
        dmean: [0.21272046864, 0.202447384596, 0.192793950438, 0.161767676473, 0.129599407315, 0.151477873325, 0.129213273525, 0.137705177069, 0.100442737341, 0.100808948278, 0.108317017555, 0.135432526469, 0.162686273456, 0.153544485569, 0.151406884193, 0.137824997306, 0.112319864333, 0.0953825488687, 0.0988434031606, 0.10059414804, 0.141525804996, 0.147712156177, 0.150235801935, 0.083938844502, 0.0861274003983, 0.11584559828, 0.123654849827, 0.11942140758, 0.121164910495, 0.153586521745, 0.180860385299, 0.185364469886, 0.202126741409, 0.199273109436, 0.189692631364, 0.211313128471]
        dmean2: [0.354893952608, 0.324098318815, 0.322703391314, 0.265624135733, 0.229012563825, 0.269562274218, 0.210271537304, 0.228844061494, 0.175922498107, 0.16674259305, 0.172145336866, 0.228578314185, 0.263255596161, 0.250136256218, 0.245009839535, 0.230788633227, 0.186908364296, 0.162738054991, 0.177400976419, 0.180286049843, 0.241118401289, 0.239920511842, 0.258373588324, 0.140637934208, 0.141303241253, 0.204061716795, 0.210921421647, 0.192509010434, 0.195968702435, 0.248638376594, 0.281726807356, 0.315301150084, 0.335490852594, 0.321261286736, 0.309805810452, 0.349369376898]
        dvar: [0.0322407372296, 0.0333583578467, 0.0375673510134, 0.031381893903, 0.0292237363756, 0.0298460423946, 0.0221453458071, 0.024527285248, 0.0217544436455, 0.0234418641776, 0.0208023469895, 0.0290911551565, 0.0355215631425, 0.030278801918, 0.0287622027099, 0.0314320288599, 0.0261880047619, 0.018035504967, 0.0246409364045, 0.0181448440999, 0.0205697063357, 0.0291046947241, 0.0269471947104, 0.0158663187176, 0.012084797956, 0.0173411052674, 0.0192819517106, 0.016284475103, 0.0154116405174, 0.0252621769905, 0.0266298353672, 0.0298319440335, 0.0346501320601, 0.0317426249385, 0.0266010928899, 0.0299594588578]
        dvar2: [0.0701793134212, 0.0902010574937, 0.0942994654179, 0.0867071971297, 0.0840870440006, 0.0891678407788, 0.0530269481242, 0.0685046836734, 0.0655070394278, 0.0655418410897, 0.0496403872967, 0.0736372917891, 0.0921417996287, 0.0697705671191, 0.0723939836025, 0.0821825042367, 0.071267709136, 0.0475878864527, 0.0623116269708, 0.0559380613267, 0.0594644248486, 0.069950953126, 0.0632176548243, 0.037973087281, 0.0320875421166, 0.0468030162156, 0.0552175007761, 0.0437007695436, 0.0384576544166, 0.0628875344992, 0.0642226263881, 0.0652868226171, 0.0803218483925, 0.0741416960955, 0.074516184628, 0.0778344124556]
        max: [1, 1, 1, 1, 1, 1, 1, 1, 1, 1, 1, 1, 1, 1, 1, 1, 1, 0.875092387199, 1, 1, 1, 1, 1, 0.996083199978, 0.918161928654, 1, 1, 0.994427800179, 0.994265437126, 1, 1, 1, 1, 1, 1, 1]
        mean: [0.548797369003, 0.457011759281, 0.386027276516, 0.28305837512, 0.185351103544, 0.291037380695, 0.403566271067, 0.266375094652, 0.145556390285, 0.14489980042, 0.171107783914, 0.232851967216, 0.287949115038, 0.291190564632, 0.268306553364, 0.219840273261, 0.16103053093, 0.140580505133, 0.144026756287, 0.140771999955, 0.272312313318, 0.426677882671, 0.290234088898, 0.124470621347, 0.135542780161, 0.179095819592, 0.211851656437, 0.230923071504, 0.262857437134, 0.314565837383, 0.373964935541, 0.419339954853, 0.44740062952, 0.442870110273, 0.428753346205, 0.519074857235]
        min: [0.0515040718019, 0.0323211476207, 0.0132780913264, 0.00437763612717, 0.00170892151073, 0, 0, 0, 0, 0, 0.00372374919243, 0.0054478677921, 0.00520757772028, 0.000996662303805, 0, 0, 0, 0.00513791758567, 0.00583971338347, 0.00712438393384, 0.00746058207005, 0.0104997670278, 0.0057209120132, 0.00382692646235, 0.00659921765327, 0, 0.0145674226806, 0.0175172574818, 0.0128196552396, 0.00432719290257, 0.0135331042111, 0.0131579488516, 0.0177098531276, 0.0255920346826, 0.0308629944921, 0.0489712841809]
        var: [0.0734831541777, 0.0605617649853, 0.0616106316447, 0.0529963597655, 0.0290649067611, 0.0562905184925, 0.117156073451, 0.0421807207167, 0.0244422126561, 0.02960983105, 0.0346792787313, 0.0539639405906, 0.0756632313132, 0.0671966299415, 0.0591399148107, 0.0483369529247, 0.0297783352435, 0.0232466626912, 0.0260052271187, 0.0183661580086, 0.0456079877913, 0.110245414078, 0.0564008429646, 0.0157807487994, 0.0139999687672, 0.0215712431818, 0.0240423679352, 0.0226473901421, 0.0261469278485, 0.0423492304981, 0.0592527426779, 0.0720591172576, 0.0763269066811, 0.0701746344566, 0.0568717420101, 0.069189324975]
    chords_histogram: [73.394493103, 0, 18.3486232758, 0, 0, 0, 0, 0, 0, 0, 0, 0, 0, 0, 0, 0, 0, 0, 0, 0, 0, 0, 0, 8.25688076019]
    thpcp: [1, 0.832751393318, 0.703405857086, 0.51577937603, 0.337740510702, 0.530318498611, 0.735364794731, 0.485379695892, 0.265227943659, 0.264031499624, 0.311786800623, 0.42429497838, 0.524691164494, 0.530597567558, 0.488899111748, 0.400585502386, 0.293424397707, 0.256161034107, 0.262440681458, 0.2565099895, 0.496198296547, 0.77747797966, 0.528854727745, 0.226806148887, 0.246981471777, 0.326342344284, 0.386028915644, 0.420780211687, 0.478969931602, 0.573191225529, 0.681426227093, 0.764107108116, 0.815238296986, 0.806982934475, 0.781259834766, 0.945840656757]
    chords_key: "A"
    chords_scale: "major"
    key_key: "A"
    key_scale: "major"
    chords_progression: ["E", "E", "E", "E", "E", "E", "E", "E", "E", "E", "E", "E", "A", "A", "A", "E", "E", "A", "A", "E", "E", "E", "E", "E", "E", "E", "A", "E", "E", "E", "E", "E", "E", "E", "E", "E", "E", "E", "A", "E", "E", "E", "E", "E", "A", "E", "E", "E", "A", "A", "A", "A", "A", "A", "A", "A", "A", "A", "A", "A", "A", "A", "A", "A", "A", "A", "A", "A", "A", "A", "A", "A", "A", "A", "A", "A", "A", "A", "A", "A", "A", "A", "A", "F#m", "F#m", "F#m", "A", "A", "A", "A", "A", "A", "A", "A", "A", "A", "A", "A", "A", "A", "A", "A", "A", "A", "A", "A", "A", "A", "A", "A", "A", "A", "A", "A", "A", "A", "A", "A", "A", "A", "A", "A", "A", "A", "A", "A", "A", "A", "A", "A", "A", "A", "A", "A", "A", "A", "A", "A", "A", "A", "A", "A", "A", "A", "A", "A", "A", "A", "A", "A", "A", "A", "A", "A", "A", "A", "A", "A", "A", "A", "A", "A", "A", "A", "A", "A", "A", "A", "A", "A", "A", "A", "A", "A", "A", "A", "A", "A", "A", "A", "A", "A", "A", "A", "A", "A", "A", "A", "A", "A", "A", "A", "A", "A", "A", "A", "A", "A", "A", "A", "A", "A", "A", "F#m", "F#m", "F#m", "F#m", "F#m", "F#m", "F#m", "F#m", "F#m", "F#m", "F#m", "F#m", "F#m", "F#m", "F#m"]
