
metadata:
    version:
        essentia: "1.2.2"
    audio_properties:
        analysis_sample_rate: 44100
        bitrate: 128
        channels: 2
        equal_loudness: 1
        length: 10.0310201645
        replay_gain: -5.98114776611
        downmix: "mix"
    tags:
        track: 25
        year: 0
        album: "Splitted by Mp3Splt v. 2.1"
        artist: "From 004.00 To 004.10"
        comment: "http://mp3splt.sf.net"
        genre: ""
        title: "03 Many Blessings.mp3"

highlevel:
    ballroom:
        all:
            ChaChaCha: 0.00395587785169
            Jive: 0.00211468571797
            Quickstep: 0.0303582344204
            Rumba-American: 0.0363532267511
            Rumba-International: 0.0267595443875
            Rumba-Misc: 0.0420564934611
            Samba: 0.00407580286264
            Tango: 0.236214905977
            VienneseWaltz: 0.355118274689
            Waltz: 0.262992948294
        probability: 0.355118274689
        value: "VienneseWaltz"
    culture:
        all:
            non_western: 0.254022181034
            western: 0.745977818966
        probability: 0.745977818966
        value: "western"
    gender:
        all:
            female: 0.732605755329
            male: 0.267394244671
        probability: 0.732605755329
        value: "female"
    genre_dortmund:
        all:
            alternative: 0.00749557418749
            blues: 0.327929645777
            electronic: 0.0041876505129
            folkcountry: 0.0237197577953
            funksoulrnb: 0.00577510846779
            jazz: 0.598328769207
            pop: 0.0112337069586
            raphiphop: 0.012041695416
            rock: 0.00928806886077
        probability: 0.598328769207
        value: "jazz"
    genre_electronica:
        all:
            ambient: 0.936562955379
            dnb: 0.00685906223953
            house: 0.0374603755772
            techno: 0.00987313967198
            trance: 0.00924444757402
        probability: 0.936562955379
        value: "ambient"
    genre_rosamerica:
        all:
            cla: 0.0144039541483
            dan: 0.00147675140761
            hip: 0.00322157610208
            jaz: 0.931047439575
            pop: 0.00296181137674
            rhy: 0.0411783643067
            roc: 0.00265340181068
            spe: 0.003056706395
        probability: 0.931047439575
        value: "jaz"
    genre_tzanetakis:
        all:
            blu: 0.00481610186398
            cla: 0.0094714583829
            cou: 0.0964963883162
            dis: 0.00183096900582
            hip: 0.00137621781323
            jaz: 0.844036281109
            met: 0.000601661333349
            pop: 0.0157351121306
            reg: 0.0233331341296
            roc: 0.00230267038569
        probability: 0.844036281109
        value: "jaz"
    live_studio:
        all:
            live: 0.0238566920161
            studio: 0.976143300533
        probability: 0.976143300533
        value: "studio"
    mood:
        all:
            Cluster1: 0.051149379462
            Cluster2: 0.2653901577
            Cluster3: 0.539428889751
            Cluster4: 0.129696130753
            Cluster5: 0.0143354246393
        probability: 0.539428889751
        value: "Cluster3"
    mood_acoustic:
        all:
            acoustic: 0.834553360939
            not_acoustic: 0.165446653962
        probability: 0.834553360939
        value: "acoustic"
    mood_aggressive:
        all:
            aggressive: 9.56843109634e-07
            not_aggressive: 0.999999046326
        probability: 0.999999046326
        value: "not_aggressive"
    mood_electronic:
        all:
            electronic: 0.0857317969203
            not_electronic: 0.914268195629
        probability: 0.914268195629
        value: "not_electronic"
    mood_happy:
        all:
            happy: 0.0169887021184
            not_happy: 0.983011305332
        probability: 0.983011305332
        value: "not_happy"
    mood_party:
        all:
            not_party: 0.976976752281
            party: 0.0230232439935
        probability: 0.976976752281
        value: "not_party"
    mood_relaxed:
        all:
            not_relaxed: 0.00478830328211
            relaxed: 0.995211720467
        probability: 0.995211720467
        value: "relaxed"
    mood_sad:
        all:
            not_sad: 0.109611578286
            sad: 0.890388429165
        probability: 0.890388429165
        value: "sad"
    rhythm:
        all:
            fast: 0.0467395298183
            medium: 0.275120466948
            slow: 0.678140044212
        probability: 0.678140044212
        value: "slow"
    speech_music:
        all:
            music: 0.997701585293
            speech: 0.0022984337993
        probability: 0.997701585293
        value: "music"
    timbre:
        all:
            bright: 0.957995176315
            dark: 0.0420048236847
        probability: 0.957995176315
        value: "bright"
    voice_instrumental:
        all:
            instrumental: 0.993529260159
            voice: 0.00647075707093
        probability: 0.993529260159
        value: "instrumental"

lowlevel:
    average_loudness: 0.953061938286
    barkbands_kurtosis:
        dmean: 2.7720811367
        dmean2: 4.2494559288
        dvar: 20.7498149872
        dvar2: 39.4304771423
        max: 50.2360954285
        mean: 4.03228569031
        min: -1.76469266415
        var: 60.440574646
    barkbands_skewness:
        dmean: 0.561816751957
        dmean2: 0.790947437286
        dvar: 0.338976830244
        dvar2: 0.615368962288
        max: 6.11310100555
        mean: 1.20503759384
        min: -2.07515740395
        var: 1.79220736027
    barkbands_spread:
        dmean: 4.04351758957
        dmean2: 6.20570850372
        dvar: 23.0489959717
        dvar2: 51.9836082458
        max: 46.553894043
        mean: 14.6630678177
        min: 0.810639202595
        var: 86.2870178223
    dissonance:
        dmean: 0.0379526056349
        dmean2: 0.0632405281067
        dvar: 0.000996900023893
        dvar2: 0.00240916456096
        max: 0.497247695923
        mean: 0.396386414766
        min: 0.254005730152
        var: 0.00254498422146
    hfc:
        dmean: 1.67445743084
        dmean2: 2.20315694809
        dvar: 20.9526443481
        dvar2: 33.1343078613
        max: 48.7826843262
        mean: 3.09662437439
        min: 0.0133934924379
        var: 44.2155189514
    pitch:
        dmean: 33.0280456543
        dmean2: 56.4609909058
        dvar: 18836.5644531
        dvar2: 30523.2851562
        max: 2756.25
        mean: 369.898193359
        min: 65.625
        var: 36810.9414062
    pitch_instantaneous_confidence:
        dmean: 0.0694648697972
        dmean2: 0.101533062756
        dvar: 0.00912581384182
        dvar2: 0.0199345592409
        max: 0.972419798374
        mean: 0.801480412483
        min: 0.203274488449
        var: 0.0298240035772
    pitch_salience:
        dmean: 0.070484995842
        dmean2: 0.10594317317
        dvar: 0.00443713506684
        dvar2: 0.0104489233345
        max: 0.806961357594
        mean: 0.453441470861
        min: 0.158899486065
        var: 0.0142803071067
    silence_rate_20dB:
        dmean: 0
        dmean2: 0
        dvar: 0
        dvar2: 0
        max: 1
        mean: 1
        min: 1
        var: 0
    silence_rate_30dB:
        dmean: 0
        dmean2: 0
        dvar: 0
        dvar2: 0
        max: 1
        mean: 1
        min: 1
        var: 0
    silence_rate_60dB:
        dmean: 0.0972222238779
        dmean2: 0.192575410008
        dvar: 0.087770357728
        dvar2: 0.164771303535
        max: 1
        mean: 0.750577390194
        min: 0
        var: 0.187210485339
    spectral_centroid:
        dmean: 175.188430786
        dmean2: 247.970062256
        dvar: 70156.15625
        dvar2: 117650.484375
        max: 2683.11572266
        mean: 781.432067871
        min: 120.810554504
        var: 294958.71875
    spectral_complexity:
        dmean: 1.48723900318
        dmean2: 2.30465126038
        dvar: 5.67443990707
        dvar2: 10.0909156799
        max: 25
        mean: 5.02546310425
        min: 0
        var: 14.9692687988
    spectral_crest:
        dmean: 2.515178442
        dmean2: 3.84195590019
        dvar: 5.45048189163
        dvar2: 12.4984054565
        max: 24.2682037354
        mean: 13.1791067123
        min: 4.44586420059
        var: 21.8991012573
    spectral_decrease:
        dmean: 2.48432108219e-10
        dmean2: 3.13525427842e-10
        dvar: 2.35668512805e-19
        dvar2: 3.48658954637e-19
        max: -5.51427740275e-12
        mean: -6.26299123674e-10
        min: -6.18516615702e-09
        var: 6.45870532196e-19
    spectral_energy:
        dmean: 0.00108191557229
        dmean2: 0.00137061602436
        dvar: 4.93120614919e-06
        dvar2: 7.33949855203e-06
        max: 0.0277689695358
        mean: 0.00264466833323
        min: 2.20269630518e-05
        var: 1.28241135826e-05
    spectral_energyband_high:
        dmean: 5.31071382284e-05
        dmean2: 7.79570546001e-05
        dvar: 3.79290270303e-08
        dvar2: 6.81880862885e-08
        max: 0.00221875798889
        mean: 6.7458517151e-05
        min: 1.03871293788e-08
        var: 6.0685870551e-08
    spectral_energyband_low:
        dmean: 8.98873622646e-05
        dmean2: 0.000133456545882
        dvar: 1.92530453802e-08
        dvar2: 3.56398324186e-08
        max: 0.00139512680471
        mean: 0.000202129900572
        min: 8.6784314135e-07
        var: 4.09705123161e-08
    spectral_energyband_middle_high:
        dmean: 0.000625777873211
        dmean2: 0.000847558898386
        dvar: 3.0290941595e-06
        dvar2: 5.36161724085e-06
        max: 0.019101716578
        mean: 0.00107436068356
        min: 8.9496381861e-07
        var: 5.68479617868e-06
    spectral_energyband_middle_low:
        dmean: 0.000509316276293
        dmean2: 0.000664409948513
        dvar: 7.94242509983e-07
        dvar2: 1.28505689645e-06
        max: 0.0120728500187
        mean: 0.00130071386229
        min: 5.1193096624e-06
        var: 2.96681946566e-06
    spectral_flatness_db:
        dmean: 0.0246508885175
        dmean2: 0.0365261025727
        dvar: 0.000594635726884
        dvar2: 0.00115406396799
        max: 0.443614125252
        mean: 0.281592279673
        min: 0.131308853626
        var: 0.00236884923652
    spectral_flux:
        dmean: 0.0095217358321
        dmean2: 0.0153017314151
        dvar: 0.00020255590789
        dvar2: 0.000453170650871
        max: 0.148134812713
        mean: 0.0202948525548
        min: 0.00111509044655
        var: 0.000484818650875
    spectral_kurtosis:
        dmean: 8.67333698273
        dmean2: 14.9589738846
        dvar: 65.1610183716
        dvar2: 172.968444824
        max: 64.4896850586
        mean: 21.4363040924
        min: 1.34107446671
        var: 188.735534668
    spectral_rms:
        dmean: 0.000289920164505
        dmean2: 0.00035709826625
        dvar: 1.87835141219e-07
        dvar2: 2.63907082854e-07
        max: 0.00520496675745
        mean: 0.00136750505771
        min: 0.000146593723912
        var: 7.10092365352e-07
    spectral_rolloff:
        dmean: 322.847961426
        dmean2: 519.650817871
        dvar: 274165.78125
        dvar2: 488859.15625
        max: 4392.7734375
        mean: 1325.23974609
        min: 107.666015625
        var: 999104.0625
    spectral_skewness:
        dmean: 0.725626647472
        dmean2: 1.20451700687
        dvar: 0.419852674007
        dvar2: 1.03307461739
        max: 6.71003246307
        mean: 3.07268333435
        min: 0.373365223408
        var: 1.73151254654
    spectral_spread:
        dmean: 362361.4375
        dmean2: 587058.0625
        dvar: 148968456192
        dvar2: 348126347264
        max: 6548388
        mean: 2257582.25
        min: 1140939.75
        var: 383442386944
    spectral_strongpeak:
        dmean: 0.316530048847
        dmean2: 0.494277775288
        dvar: 0.547758281231
        dvar2: 1.2332431078
        max: 6.16989135742
        mean: 0.620274484158
        min: 0.00763581041247
        var: 0.807383000851
    zerocrossingrate:
        dmean: 0.00736273732036
        dmean2: 0.00813612807542
        dvar: 6.48782443022e-05
        dvar2: 8.21036883281e-05
        max: 0.11865234375
        mean: 0.0413524471223
        min: 0.00439453125
        var: 0.000545603921637
    barkbands:
        dmean: [4.08631635196e-08, 3.92391302739e-05, 5.96730824327e-05, 9.03395721252e-06, 7.67682431615e-05, 0.000151578453369, 0.000220194517169, 4.21180593548e-05, 8.44044479891e-05, 2.39203873207e-05, 2.31486519624e-05, 3.97969779442e-05, 0.000135230235173, 8.66711925482e-05, 8.82415479282e-05, 8.52449957165e-05, 0.000160788593348, 9.94659567368e-05, 2.36135656451e-05, 7.56223671488e-05, 2.34005710809e-05, 8.16291617411e-07, 1.67357640635e-07, 7.53299715939e-08, 3.25982014715e-08, 1.51269730075e-09, 1.21915519347e-10]
        dmean2: [4.80714277273e-08, 5.94293996983e-05, 8.88240465429e-05, 1.50477835632e-05, 0.000109542372229, 0.00018824779545, 0.000288943119813, 5.61743945582e-05, 0.000128812622279, 3.43622668879e-05, 2.99022267427e-05, 5.8448924392e-05, 0.000193619474885, 0.00013474294974, 0.000135646245326, 0.000119380529213, 0.000233804705204, 0.000144721692777, 3.49957263097e-05, 0.000109211570816, 3.51197741111e-05, 1.30669241116e-06, 3.01462080188e-07, 1.44123205814e-07, 6.0746074837e-08, 2.75573563968e-09, 2.27693849886e-10]
        dvar: [2.45059994432e-13, 3.47776984988e-09, 1.15441363135e-08, 1.82942980209e-10, 8.21957755193e-08, 2.3920165404e-07, 2.93355896019e-07, 2.33999148946e-08, 1.81961979706e-07, 6.94814827895e-09, 4.20951362656e-09, 2.28125749402e-08, 2.32012936863e-07, 5.82255495374e-07, 6.41854711603e-08, 9.41579543223e-08, 2.55928739534e-07, 9.41758528938e-08, 4.76324268917e-09, 7.51909041696e-08, 9.92242910058e-09, 1.31336712339e-11, 2.68192217566e-12, 6.31978573206e-13, 1.22495275642e-13, 2.28349891715e-16, 4.66607478286e-20]
        dvar2: [2.44199598693e-13, 7.82213493977e-09, 2.11131467864e-08, 5.04287056557e-10, 1.46772862308e-07, 2.92363296239e-07, 4.26416960408e-07, 3.72483022204e-08, 4.95258063893e-07, 1.61244653185e-08, 8.36461655496e-09, 5.62944215687e-08, 4.44394657961e-07, 1.43032639244e-06, 1.29409528427e-07, 1.66861966022e-07, 4.775726552e-07, 1.76932587692e-07, 1.0791709748e-08, 1.37658133781e-07, 1.73127254754e-08, 2.90795217767e-11, 7.88086870068e-12, 1.86880480708e-12, 3.60460928684e-13, 6.72675132589e-16, 1.43939611246e-19]
        max: [1.0331537851e-05, 0.000514366431162, 0.00115647958592, 0.000157332149683, 0.00432031881064, 0.00855372380465, 0.00917730666697, 0.00273577007465, 0.00547436019406, 0.00143183593173, 0.00102719326969, 0.00192516308744, 0.00711660040542, 0.0131020182744, 0.00376192689873, 0.00438649207354, 0.00578390900046, 0.0034615767654, 0.000931566639338, 0.00311026629061, 0.00133046100382, 4.78436595586e-05, 2.44280090556e-05, 1.17701974887e-05, 5.20975618201e-06, 2.27314629342e-07, 1.4190005837e-09]
        mean: [7.18525754451e-08, 9.42918559304e-05, 0.000107775573269, 1.8230835849e-05, 0.0002038993116, 0.000386169558624, 0.000500513007864, 7.23414705135e-05, 0.000114324589958, 3.4478816815e-05, 3.82069556508e-05, 5.07588811161e-05, 0.000201783055672, 8.5193416453e-05, 0.000110434244561, 0.000106387858978, 0.000226256815949, 0.000139466690598, 3.1104831578e-05, 9.58684249781e-05, 2.61372897512e-05, 7.85327927133e-07, 1.19684941069e-07, 4.78772648194e-08, 2.3211722322e-08, 1.23724386292e-09, 9.67207286484e-11]
        min: [9.17762046915e-12, 2.06192524388e-07, 2.50766476029e-07, 8.3850032695e-08, 4.393900781e-07, 9.33896373567e-08, 4.51100760301e-07, 8.48059613645e-08, 3.6891101729e-08, 1.57212660667e-08, 4.15906882267e-08, 1.77928516365e-08, 9.96807081322e-09, 1.61779940555e-08, 2.28251426648e-08, 1.04046211646e-08, 3.71749599992e-08, 1.74073822024e-08, 2.04893026989e-08, 1.27116219772e-08, 2.03011461808e-11, 2.02212240008e-11, 9.80486525304e-12, 2.23270360533e-11, 8.86421630542e-11, 5.57984838889e-11, 8.56404519783e-13]
        var: [2.49632969461e-13, 7.22455739677e-09, 2.73064522105e-08, 5.98988525446e-10, 3.90887976209e-07, 1.29745649247e-06, 8.26544805932e-07, 5.4299238883e-08, 2.1264411032e-07, 7.56927942547e-09, 1.11307505435e-08, 2.58919516938e-08, 3.23422739257e-07, 4.91590299134e-07, 8.94268694651e-08, 1.60611506317e-07, 4.25473587029e-07, 1.57002645551e-07, 6.58750431981e-09, 1.24055020478e-07, 1.42222109645e-08, 1.38074395667e-11, 1.45437232136e-12, 3.34395190574e-13, 6.54149518299e-14, 1.21735945756e-16, 4.07872808033e-20]
    mfcc:
        mean: [-886.613586426, 206.482299805, -73.760597229, 62.1625404358, 7.12828588486, -9.24899673462, 3.64355134964, -10.8237724304, 0.762268543243, -6.36051034927, 5.64384555817, 12.4434137344, 4.80905199051]
        cov: [[5698.40429688, -1133.72814941, -2439.30224609, 688.372009277, -662.088684082, -93.9245223999, -72.595703125, -483.341674805, 200.67791748, -111.996017456, -15.391368866, 194.007614136, 42.1502685547], [-1133.72814941, 1261.76477051, 234.760971069, -334.414489746, 239.661972046, -112.096176147, 93.5300750732, -18.4947242737, -72.476890564, -88.0760803223, -2.04058766365, -60.1556015015, -56.4339981079], [-2439.30224609, 234.760971069, 1886.90112305, -493.234375, 127.148712158, 195.040435791, -78.5472183228, 362.874176025, -92.1526260376, 74.968711853, -86.6762084961, -173.331604004, 10.5890359879], [688.372009277, -334.414489746, -493.234375, 528.624572754, -112.503768921, 13.4625806808, 48.3845787048, -127.201019287, 174.249023438, 33.9629020691, 19.3578109741, 34.6771507263, -36.1998748779], [-662.088684082, 239.661972046, 127.148712158, -112.503768921, 374.0184021, -99.684135437, 61.3557662964, 65.0374832153, -131.971282959, 35.3332557678, 41.9089813232, 45.7868690491, 9.06845092773], [-93.9245223999, -112.096176147, 195.040435791, 13.4625806808, -99.684135437, 223.541000366, -31.3352184296, 51.9536819458, 36.5056877136, -17.7320804596, -12.9250259399, -58.8397216797, 1.3044462204], [-72.595703125, 93.5300750732, -78.5472183228, 48.3845787048, 61.3557662964, -31.3352184296, 144.442626953, -48.5133094788, 43.3449134827, -5.37474489212, -14.3553247452, 15.1108083725, -38.1699752808], [-483.341674805, -18.4947242737, 362.874176025, -127.201019287, 65.0374832153, 51.9536819458, -48.5133094788, 230.158752441, -66.4945449829, 26.9943180084, -0.00245604338124, -39.2599143982, 47.2387428284], [200.67791748, -72.476890564, -92.1526260376, 174.249023438, -131.971282959, 36.5056877136, 43.3449134827, -66.4945449829, 216.266036987, 20.7307243347, -4.32523679733, -3.11121034622, -59.7751731873], [-111.996017456, -88.0760803223, 74.968711853, 33.9629020691, 35.3332557678, -17.7320804596, -5.37474489212, 26.9943180084, 20.7307243347, 138.437469482, 43.1948394775, 33.6550712585, 2.58668637276], [-15.391368866, -2.04058766365, -86.6762084961, 19.3578109741, 41.9089813232, -12.9250259399, -14.3553247452, -0.00245604338124, -4.32523679733, 43.1948394775, 166.961837769, 73.1778945923, 46.00548172], [194.007614136, -60.1556015015, -173.331604004, 34.6771507263, 45.7868690491, -58.8397216797, 15.1108083725, -39.2599143982, -3.11121034622, 33.6550712585, 73.1778945923, 138.613922119, 50.8116226196], [42.1502685547, -56.4339981079, 10.5890359879, -36.1998748779, 9.06845092773, 1.3044462204, -38.1699752808, 47.2387428284, -59.7751731873, 2.58668637276, 46.00548172, 50.8116226196, 168.10496521]]
        icov: [[0.000681203673594, 0.000361920916475, 0.000854889862239, 0.000279135769233, 0.00068291433854, -1.7740745534e-05, 0.000262237299467, 0.000125107922941, 1.2727658941e-05, -3.20391300193e-05, 0.000463851174572, -0.000219611218199, -0.000110903674795], [0.000361920916475, 0.00158351031132, 0.000402984500397, 0.00111654517241, -0.000536811247002, 0.00052484869957, -0.000332587398589, 0.000714577676263, -0.000761720701121, 0.000841254775878, -0.000400788791012, 0.00106815167237, -9.25073691178e-05], [0.000854889862239, 0.000402984500397, 0.00225933059119, 0.00131967582274, 0.00039513190859, -0.000851062883157, 0.00049417745322, -0.000756166991778, -0.000661318539642, -0.000993499183096, 0.00109555572271, 0.000467222271254, -0.00028813094832], [0.000279135769233, 0.00111654517241, 0.00131967582274, 0.00449210032821, -0.000685241189785, -0.000556407147087, -0.000289067946142, 0.000869746785611, -0.0029831500724, -0.000805303512607, 6.54902032693e-05, 0.0011648805812, -0.000498095760122], [0.00068291433854, -0.000536811247002, 0.00039513190859, -0.000685241189785, 0.0070580188185, 0.00139396183658, -0.00300992373377, -0.00177771318704, 0.00447810115293, -0.00120921770576, -0.000534149992745, -0.00225298479199, 0.00133877201006], [-1.7740745534e-05, 0.00052484869957, -0.000851062883157, -0.000556407147087, 0.00139396183658, 0.00698041683063, -0.000216608968913, -0.000928522553295, -0.000514038081747, 0.0016756526893, -0.00147782056592, 0.00203407160006, -0.000222140690312], [0.000262237299467, -0.000332587398589, 0.00049417745322, -0.000289067946142, -0.00300992373377, -0.000216608968913, 0.0108700804412, 0.00134999828879, -0.00336945429444, 0.000868138740771, 0.00208952580579, -0.00133133202326, 0.00060116534587], [0.000125107922941, 0.000714577676263, -0.000756166991778, 0.000869746785611, -0.00177771318704, -0.000928522553295, 0.00134999828879, 0.00832603964955, -1.43317902257e-05, -0.000983720296063, -0.000241772868321, 0.00254063517787, -0.00217832974158], [1.2727658941e-05, -0.000761720701121, -0.000661318539642, -0.0029831500724, 0.00447810115293, -0.000514038081747, -0.00336945429444, -1.43317902257e-05, 0.0108572188765, -0.00175365724135, -0.000729166727979, -0.00171594426502, 0.00274756690487], [-3.20391300193e-05, 0.000841254775878, -0.000993499183096, -0.000805303512607, -0.00120921770576, 0.0016756526893, 0.000868138740771, -0.000983720296063, -0.00175365724135, 0.0105699393898, -0.00222711637616, -0.00170629657805, 0.00104442832526], [0.000463851174572, -0.000400788791012, 0.00109555572271, 6.54902032693e-05, -0.000534149992745, -0.00147782056592, 0.00208952580579, -0.000241772868321, -0.000729166727979, -0.00222711637616, 0.00957122258842, -0.00427810801193, -0.00127435964532], [-0.000219611218199, 0.00106815167237, 0.000467222271254, 0.0011648805812, -0.00225298479199, 0.00203407160006, -0.00133133202326, 0.00254063517787, -0.00171594426502, -0.00170629657805, -0.00427810801193, 0.0149241015315, -0.00419949740171], [-0.000110903674795, -9.25073691178e-05, -0.00028813094832, -0.000498095760122, 0.00133877201006, -0.000222140690312, 0.00060116534587, -0.00217832974158, 0.00274756690487, 0.00104442832526, -0.00127435964532, -0.00419949740171, 0.00911345332861]]
    spectral_contrast:
        mean: [4.30822922226e-07, -2.08538651236e-07, 3.34465539709e-07, 1.04515089916e-08, 4.23010163786e-07, 5.01120553054e-07, 4.5020823336e-07, -5.21126708009e-07, -1.30719752178e-06, -2.07029552257e-06, -4.30202049984e-07, 1.23624442949e-06]
        var: [0.000831747718621, 0.00164018711075, 0.00270910514519, 0.00434794323519, 0.00641495874152, 0.0184654556215, 0.0932570397854, 0.0965721085668, 0.222405463457, 0.401153773069, 0.471097618341, 2.26810073853]

rhythm:
    beats_loudness:
        dmean: 0.00260223494843
        dmean2: 0.00477168662474
        dvar: 8.14511167846e-06
        dvar2: 2.19700850721e-05
        max: 0.0120405787602
        mean: 0.00270741968416
        min: 0.000266164628556
        var: 6.19843785898e-06
    beats_loudness_bass:
        dmean: 0.235585123301
        dmean2: 0.41410395503
        dvar: 0.0546984374523
        dvar2: 0.152628093958
        max: 0.793529450893
        mean: 0.201643005013
        min: 0.0193390585482
        var: 0.056865233928
    bpm: 66.1189651489
    bpm_confidence: 0
    first_peak_bpm: 185
    first_peak_spread: 0
    first_peak_weight: 0.782608687878
    onset_rate: 4.08732128143
    second_peak_bpm: 66
    second_peak_spread: 0
    second_peak_weight: 0.173913046718
    beats_position: [0.0463358014822, 0.371185660362, 0.696035563946, 1.02088534832, 1.34573531151, 1.67058515549, 1.99543499947, 2.32028484344, 2.64513468742, 2.96998429298, 3.29483413696, 3.61968398094, 3.9445335865, 4.26938343048, 4.59423303604, 4.91908311844, 5.243932724, 5.56878232956, 5.89363241196, 6.13434171677, 7.0417971611, 7.94925165176, 8.85670661926, 9.7641620636]
    bpm_estimates: [66.1006317139, 66.1386947632, 66.1175918579]
    bpm_intervals: [0.324849843979, 0.324849903584, 0.324849784374, 0.324849963188, 0.324849843979, 0.324849843979, 0.324849843979, 0.324849843979, 0.32484960556, 0.324849843979, 0.324849843979, 0.32484960556, 0.324849843979, 0.32484960556, 0.324850082397, 0.32484960556, 0.32484960556, 0.324850082397, 0.24070930481, 0.907455444336, 0.907454490662, 0.907454967499, 0.907455444336]
    onset_times: [0.0348299331963, 0.487619042397, 0.708208620548, 1.06811785698, 1.20743763447, 1.25387752056, 1.39319729805, 1.62539684772, 1.72988665104, 1.90403628349, 2.17106580734, 2.27555561066, 2.54258513451, 2.75156474113, 3.04181408882, 3.72680282593, 4.01705217361, 4.19120168686, 4.36535167694, 4.95746040344, 5.20126962662, 5.34058952332, 5.5727891922, 5.83981847763, 5.94430828094, 6.03718805313, 6.73378705978, 6.98920631409, 7.08208608627, 7.12852621078, 7.27945566177, 7.33750581741, 7.81351470947, 7.97605419159, 8.25469398499, 8.31274414062, 9.02095222473, 9.17188167572, 9.35764217377, 9.57823085785, 9.85687065125]
    rubato_start: [7.0417971611]
    rubato_stop: [9.7641620636]
    perceptual_tempo: "unknown"

sfx:
    inharmonicity:
        dmean: 0.0217936281115
        dmean2: 0.0387144573033
        dvar: 0.00187333999202
        dvar2: 0.00522844493389
        max: 0.339220702648
        mean: 0.0213046148419
        min: 1.84319924301e-05
        var: 0.00179947516881
    oddtoevenharmonicenergyratio:
        dmean: 2.56187272072
        dmean2: 4.83540725708
        dvar: 55.4736061096
        dvar2: 158.679336548
        max: 72.4940109253
        mean: 1.77979946136
        min: 2.93141420116e-05
        var: 40.9320831299
    pitch_after_max_to_before_max_energy_ratio: 9.87380599976
    pitch_centroid: 200.524353027
    pitch_max_to_total: 0
    pitch_min_to_total: 0.293981492519
    tristimulus:
        dmean: [0.149299219251, 0.156064614654, 0.0480705574155]
        dmean2: [0.242307692766, 0.257782578468, 0.0821672007442]
        dvar: [0.0295933261514, 0.0324763171375, 0.0048054670915]
        dvar2: [0.0711938068271, 0.0794456154108, 0.0134450038895]
        max: [0.988480627537, 0.972811043262, 0.542152583599]
        mean: [0.494895398617, 0.431300729513, 0.0583261959255]
        min: [0.0109450463206, 0, 0]
        var: [0.0646650120616, 0.0523694753647, 0.006920308806]

tonal:
    chords_changes_rate: 0.0599078349769
    chords_number_rate: 0.0414746552706
    chords_strength:
        dmean: 0.0106862206012
        dmean2: 0.00882392562926
        dvar: 8.65353431436e-05
        dvar2: 0.000100264296634
        max: 0.633344590664
        mean: 0.451470524073
        min: 0.230353191495
        var: 0.0113667836413
    key_strength: 0.507121860981
    tuning_diatonic_strength: 0.388095498085
    tuning_equal_tempered_deviation: 0.0526006482542
    tuning_frequency: 439.745910645
    tuning_nontempered_energy_ratio: 0.668552100658
    hpcp:
        dmean: [0.137252852321, 0.104997605085, 0.0774644911289, 0.0670714378357, 0.0749117732048, 0.062480147928, 0.0461925975978, 0.0363665148616, 0.050613950938, 0.0737282857299, 0.0695175081491, 0.0493151284754, 0.0453909337521, 0.0416055358946, 0.0469231195748, 0.0588219426572, 0.037088368088, 0.0231949891895, 0.0281958598644, 0.0399756729603, 0.0716008841991, 0.116046383977, 0.0921721383929, 0.0722817704082, 0.108793631196, 0.0946025401354, 0.0596821270883, 0.0383390597999, 0.0549217201769, 0.100552082062, 0.108251921833, 0.0893395394087, 0.0502396784723, 0.0387561023235, 0.0474643707275, 0.108730316162]
        dmean2: [0.242718845606, 0.168276235461, 0.13627332449, 0.121563114226, 0.132972478867, 0.10457918793, 0.0729017630219, 0.0611596591771, 0.0771792978048, 0.115770369768, 0.112752906978, 0.0821894779801, 0.0808675065637, 0.0686965733767, 0.0758682414889, 0.0994294732809, 0.0601825006306, 0.0342387594283, 0.0447351783514, 0.0654663145542, 0.111895427108, 0.187369853258, 0.154408425093, 0.122037388384, 0.188863798976, 0.153370290995, 0.0995401367545, 0.0654618293047, 0.0989686623216, 0.174163818359, 0.189388677478, 0.150876671076, 0.0940400213003, 0.0746283009648, 0.0838443562388, 0.186267867684]
        dvar: [0.0671935006976, 0.02926097624, 0.0327287875116, 0.031207703054, 0.0266857314855, 0.0216579195112, 0.0140308616683, 0.00694968691096, 0.0135156037286, 0.0274316333234, 0.0286280009896, 0.0124299842864, 0.0237888135016, 0.0137087544426, 0.0167476739734, 0.0207247957587, 0.00786948017776, 0.00408453075215, 0.01200204622, 0.0140231419355, 0.0179096795619, 0.0465756170452, 0.0270631406456, 0.0190453995019, 0.0460447147489, 0.0359042771161, 0.0199602525681, 0.0158565547317, 0.0176250189543, 0.0486837439239, 0.049936953932, 0.0388336181641, 0.0183403808624, 0.0150421243161, 0.0197059735656, 0.0349538847804]
        dvar2: [0.145087689161, 0.073246344924, 0.0906748399138, 0.0778030231595, 0.065913580358, 0.0539868921041, 0.0272422619164, 0.016382984817, 0.025331703946, 0.0509274639189, 0.0574835501611, 0.0325481705368, 0.0597668886185, 0.0316242799163, 0.0444189198315, 0.053742710501, 0.019966557622, 0.00742445932701, 0.0225477032363, 0.0333446711302, 0.0382303670049, 0.103971622884, 0.0685318261385, 0.0473622642457, 0.0996084585786, 0.0708981081843, 0.0522587485611, 0.0303127821535, 0.0535157695413, 0.123739130795, 0.0951096117496, 0.0912424102426, 0.0512977614999, 0.0393137745559, 0.0466497838497, 0.0887440890074]
        max: [1, 1, 1, 1, 1, 1, 1, 0.849142789841, 1, 1, 1, 1, 1, 1, 1, 0.998916745186, 0.618721842766, 0.717822194099, 1, 1, 1, 1, 1, 1, 1, 1, 1, 1, 1, 1, 1, 1, 1, 1, 1, 1]
        mean: [0.29416757822, 0.167154163122, 0.0973603799939, 0.177636533976, 0.138142168522, 0.0713845193386, 0.0675299540162, 0.0499128252268, 0.0950678735971, 0.139504536986, 0.0855146870017, 0.0504022948444, 0.0602441169322, 0.048470929265, 0.052721105516, 0.0652249082923, 0.0344283655286, 0.0417140051723, 0.0938618183136, 0.0740018934011, 0.0896300971508, 0.164125487208, 0.110832497478, 0.0867388173938, 0.167731866241, 0.133167013526, 0.0627680942416, 0.0547194518149, 0.0536273792386, 0.124182231724, 0.161772370338, 0.0925276204944, 0.043660286814, 0.0441471152008, 0.0491361096501, 0.173182189465]
        min: [2.62261128228e-05, 3.83845217584e-05, 4.48048303952e-05, 1.41155042002e-05, 2.1175490474e-05, 6.90680190019e-06, 3.15597389999e-05, 2.58346790361e-05, 1.45701378642e-05, 5.09875317221e-05, 0.000102776815766, 0.000120555756439, 3.4568070987e-05, 0.000124933227198, 7.0247815529e-06, 1.92655370483e-05, 3.14347889798e-05, 2.53886537394e-05, 3.31635019393e-05, 2.95504887617e-05, 2.26902502618e-05, 3.0017879908e-05, 3.52445495082e-05, 5.39853099326e-05, 2.49478598562e-05, 1.79713970283e-05, 1.15769635158e-05, 8.81590494828e-06, 2.71444350801e-05, 5.6321707234e-05, 4.28609200753e-05, 4.43361932412e-05, 1.42548524309e-05, 6.97618406775e-06, 1.23526360767e-05, 2.46473482548e-05]
        var: [0.170923113823, 0.0575258992612, 0.0400382354856, 0.118145287037, 0.0723997056484, 0.0293405149132, 0.0395239368081, 0.0155383432284, 0.0470658615232, 0.077959433198, 0.0359588004649, 0.0157772544771, 0.0382904596627, 0.021800391376, 0.0151755521074, 0.0206559598446, 0.00725592439994, 0.0127539457753, 0.072708979249, 0.040475063026, 0.0266383327544, 0.0829449668527, 0.046482052654, 0.0277163013816, 0.0888931974769, 0.0594612956047, 0.0218011010438, 0.0341798700392, 0.0177121628076, 0.068645901978, 0.0898949578404, 0.0432104244828, 0.0134784989059, 0.0250710658729, 0.025035886094, 0.0656613111496]
    chords_histogram: [11.520737648, 0, 0.921658992767, 42.3963127136, 5.0691242218, 0, 0, 0, 0, 0, 0, 0, 0, 2.7649769783, 1.38248848915, 0, 0, 14.7465438843, 0, 0, 5.0691242218, 13.8248844147, 0, 2.30414748192]
    thpcp: [1, 0.56822770834, 0.33096909523, 0.603861689568, 0.469603657722, 0.242666170001, 0.229562878609, 0.169674798846, 0.323175907135, 0.474234908819, 0.29070058465, 0.17133872211, 0.204795226455, 0.164773181081, 0.179221332073, 0.22172704339, 0.117036573589, 0.14180354774, 0.319076001644, 0.251563727856, 0.304690599442, 0.557931959629, 0.37676653266, 0.294861912727, 0.570191562176, 0.452690988779, 0.213375300169, 0.186014562845, 0.18230214715, 0.422147929668, 0.549932718277, 0.314540505409, 0.148419782519, 0.150074720383, 0.167034417391, 0.58871948719]
    chords_key: "A"
    chords_scale: "minor"
    key_key: "A#"
    key_scale: "major"
    chords_progression: ["Am", "Am", "Am", "Am", "Am", "Am", "Am", "Am", "Am", "Am", "Am", "Am", "Am", "Am", "Am", "Am", "Am", "Am", "Am", "Am", "Am", "Am", "Am", "Am", "Am", "Am", "Am", "Am", "Am", "Am", "Am", "Am", "Am", "Am", "Am", "Am", "Am", "Am", "Am", "Am", "Am", "Am", "Am", "Am", "Am", "Am", "Am", "Am", "Am", "Am", "Am", "Am", "Am", "Am", "Am", "Am", "Am", "Am", "Am", "Am", "Am", "Cm", "Cm", "Cm", "Cm", "Cm", "Cm", "Cm", "Cm", "Cm", "Cm", "Cm", "Cm", "Cm", "Cm", "Cm", "Cm", "Cm", "Cm", "Cm", "Cm", "Cm", "Cm", "Cm", "Cm", "Cm", "Cm", "Cm", "Cm", "Cm", "Cm", "B", "B", "B", "C", "C", "C", "C", "C", "C", "C", "C", "C", "F", "F", "A#m", "A#m", "A#m", "A#m", "A#m", "A#m", "A#m", "A#m", "A#m", "A#m", "A#m", "A#m", "A#m", "A#m", "A#m", "A#m", "A#m", "A#m", "A#m", "A#m", "A#m", "A#m", "A#m", "A#m", "A#m", "A#m", "A#m", "A#m", "A#m", "A#m", "A#m", "A#m", "A#", "A#", "A#", "A#", "A#", "A#", "A#", "A#", "A#", "A#", "A#", "A#", "A#", "A#", "A#", "A#", "A#", "A#", "A#", "A#", "A#", "A#", "A#", "A#", "A#", "Gm", "Gm", "Gm", "Gm", "Gm", "Am", "Am", "Am", "Am", "Am", "C", "Am", "Am", "Am", "Am", "Am", "Am", "Am", "Am", "Am", "Am", "Am", "Am", "Am", "Am", "Am", "Am", "Am", "Am", "Am", "Am", "Am", "Am", "Am", "Am", "Am", "Am", "C", "G#", "G#", "G#", "G#", "G#", "G#", "G#", "G#", "G#", "G#", "G#", "G#m", "G#m", "G#m", "G#m", "G#m", "G#m"]
