
metadata:
    version:
        essentia: "1.2.2"
    audio_properties:
        analysis_sample_rate: 44100
        bitrate: 128
        channels: 2
        equal_loudness: 1
        length: 10.0048980713
        replay_gain: -0.12705039978
        downmix: "mix"
    tags:
        track: 16
        year: 0
        album: "Splitted by Mp3Splt v. 2.1"
        artist: "From 002.30 To 002.40"
        comment: "http://mp3splt.sf.net"
        genre: ""
        title: "09 Rogue Soul.mp3"

highlevel:
    ballroom:
        all:
            ChaChaCha: 0.862407565117
            Jive: 0.0105146607384
            Quickstep: 0.00181920430623
            Rumba-American: 0.00876932963729
            Rumba-International: 0.00521662319079
            Rumba-Misc: 0.0775885656476
            Samba: 0.00773507077247
            Tango: 0.00405559362844
            VienneseWaltz: 0.00644318619743
            Waltz: 0.015450197272
        probability: 0.862407565117
        value: "ChaChaCha"
    culture:
        all:
            non_western: 0.866090595722
            western: 0.133909374475
        probability: 0.866090595722
        value: "non_western"
    gender:
        all:
            female: 0.661225497723
            male: 0.33877453208
        probability: 0.661225497723
        value: "female"
    genre_dortmund:
        all:
            alternative: 0.015970479697
            blues: 0.00422741193324
            electronic: 0.649511218071
            folkcountry: 0.0214933287352
            funksoulrnb: 0.0113984690979
            jazz: 0.247027948499
            pop: 0.0180991068482
            raphiphop: 0.0255445130169
            rock: 0.00672752643004
        probability: 0.649511218071
        value: "electronic"
    genre_electronica:
        all:
            ambient: 0.781860172749
            dnb: 0.00708119431511
            house: 0.175607129931
            techno: 0.0160428285599
            trance: 0.0194086674601
        probability: 0.781860172749
        value: "ambient"
    genre_rosamerica:
        all:
            cla: 0.334266006947
            dan: 0.0265854503959
            hip: 0.0318090505898
            jaz: 0.107272751629
            pop: 0.0511669702828
            rhy: 0.419944018126
            roc: 0.0103321829811
            spe: 0.0186235588044
        probability: 0.419944018126
        value: "rhy"
    genre_tzanetakis:
        all:
            blu: 0.153032392263
            cla: 0.213842868805
            cou: 0.107447743416
            dis: 0.0322918854654
            hip: 0.0594995729625
            jaz: 0.0617426894605
            met: 0.0152261536568
            pop: 0.138835087419
            reg: 0.13839006424
            roc: 0.0796915218234
        probability: 0.213842868805
        value: "cla"
    live_studio:
        all:
            live: 0.0290748607367
            studio: 0.970925152302
        probability: 0.970925152302
        value: "studio"
    mood:
        all:
            Cluster1: 0.0246258452535
            Cluster2: 0.122400164604
            Cluster3: 0.586461782455
            Cluster4: 0.251805573702
            Cluster5: 0.0147066386417
        probability: 0.586461782455
        value: "Cluster3"
    mood_acoustic:
        all:
            acoustic: 0.352749824524
            not_acoustic: 0.647250175476
        probability: 0.647250175476
        value: "not_acoustic"
    mood_aggressive:
        all:
            aggressive: 1.76694019416e-08
            not_aggressive: 1
        probability: 1
        value: "not_aggressive"
    mood_electronic:
        all:
            electronic: 0.697406113148
            not_electronic: 0.302593886852
        probability: 0.697406113148
        value: "electronic"
    mood_happy:
        all:
            happy: 0.0582487508655
            not_happy: 0.941751241684
        probability: 0.941751241684
        value: "not_happy"
    mood_party:
        all:
            not_party: 0.868972718716
            party: 0.131027251482
        probability: 0.868972718716
        value: "not_party"
    mood_relaxed:
        all:
            not_relaxed: 0.183748394251
            relaxed: 0.816251635551
        probability: 0.816251635551
        value: "relaxed"
    mood_sad:
        all:
            not_sad: 0.2231862396
            sad: 0.776813745499
        probability: 0.776813745499
        value: "sad"
    rhythm:
        all:
            fast: 0.0197645220906
            medium: 0.710537433624
            slow: 0.269698023796
        probability: 0.710537433624
        value: "medium"
    speech_music:
        all:
            music: 0.989698827267
            speech: 0.0103011829779
        probability: 0.989698827267
        value: "music"
    timbre:
        all:
            bright: 0.23321120441
            dark: 0.766788780689
        probability: 0.766788780689
        value: "dark"
    voice_instrumental:
        all:
            instrumental: 0.954223930836
            voice: 0.0457760505378
        probability: 0.954223930836
        value: "instrumental"

lowlevel:
    average_loudness: 0.417854338884
    barkbands_kurtosis:
        dmean: 8.66898441315
        dmean2: 14.1856956482
        dvar: 177.748947144
        dvar2: 446.652709961
        max: 146.881088257
        mean: 11.7143230438
        min: -1.90961909294
        var: 320.835662842
    barkbands_skewness:
        dmean: 1.01207768917
        dmean2: 1.57463848591
        dvar: 1.42119860649
        dvar2: 3.16174125671
        max: 6.64473676682
        mean: 0.609350860119
        min: -3.12673926353
        var: 3.05550336838
    barkbands_spread:
        dmean: 3.1745364666
        dmean2: 5.42472171783
        dvar: 57.3292350769
        dvar2: 151.151977539
        max: 53.2608757019
        mean: 4.77786254883
        min: 0.125818923116
        var: 71.3360137939
    dissonance:
        dmean: 0.0604696832597
        dmean2: 0.101222448051
        dvar: 0.00304287485778
        dvar2: 0.00797459948808
        max: 0.498282134533
        mean: 0.275200724602
        min: 0.0740057826042
        var: 0.008585261181
    hfc:
        dmean: 2.72248792648
        dmean2: 4.41868114471
        dvar: 322.536346436
        dvar2: 790.875
        max: 265.444885254
        mean: 3.11095714569
        min: 0.0120827686042
        var: 274.606658936
    pitch:
        dmean: 279.984802246
        dmean2: 548.943481445
        dvar: 746220.1875
        dvar2: 2055948.375
        max: 4410
        mean: 412.670898438
        min: 91.6839904785
        var: 544341
    pitch_instantaneous_confidence:
        dmean: 0.0664680823684
        dmean2: 0.107920415699
        dvar: 0.00478000473231
        dvar2: 0.0118485782295
        max: 0.922032952309
        mean: 0.705262959003
        min: 0.199946820736
        var: 0.0240490380675
    pitch_salience:
        dmean: 0.0595037676394
        dmean2: 0.0942079201341
        dvar: 0.00245358794928
        dvar2: 0.00544907758012
        max: 0.807127535343
        mean: 0.493923962116
        min: 0.168095305562
        var: 0.0156559869647
    silence_rate_20dB:
        dmean: 0
        dmean2: 0
        dvar: 0
        dvar2: 0
        max: 1
        mean: 1
        min: 1
        var: 0
    silence_rate_30dB:
        dmean: 0
        dmean2: 0
        dvar: 0
        dvar2: 0
        max: 1
        mean: 1
        min: 1
        var: 0
    silence_rate_60dB:
        dmean: 0.0649651959538
        dmean2: 0.130232557654
        dvar: 0.0607448928058
        dvar2: 0.136527523398
        max: 1
        mean: 0.696759283543
        min: 0
        var: 0.211286887527
    spectral_centroid:
        dmean: 119.878410339
        dmean2: 193.469116211
        dvar: 87056.921875
        dvar2: 200056.75
        max: 3162.24926758
        mean: 548.388366699
        min: 202.283096313
        var: 173393.015625
    spectral_complexity:
        dmean: 1.32325577736
        dmean2: 2.01631712914
        dvar: 16.8466587067
        dvar2: 29.8901901245
        max: 58
        mean: 4.22969818115
        min: 0
        var: 34.9842834473
    spectral_crest:
        dmean: 2.4492251873
        dmean2: 3.86313915253
        dvar: 4.55298089981
        dvar2: 10.1017980576
        max: 26.0052547455
        mean: 16.1817207336
        min: 4.05648326874
        var: 31.5790405273
    spectral_decrease:
        dmean: 5.63619262373e-10
        dmean2: 8.71400840374e-10
        dvar: 6.35908620303e-18
        dvar2: 1.66034306442e-17
        max: -6.80124446345e-12
        mean: -8.91443974194e-10
        min: -3.08245304836e-08
        var: 5.10518006966e-18
    spectral_energy:
        dmean: 0.00237119779922
        dmean2: 0.00368263805285
        dvar: 0.000112915673526
        dvar2: 0.000292752229143
        max: 0.118911989033
        mean: 0.00364668830298
        min: 2.6765423172e-05
        var: 9.13587937248e-05
    spectral_energyband_high:
        dmean: 0.000144004399772
        dmean2: 0.000235589279328
        dvar: 1.22662697777e-06
        dvar2: 2.78694869849e-06
        max: 0.0164356976748
        mean: 0.000126422324684
        min: 3.80053055693e-09
        var: 1.15759780783e-06
    spectral_energyband_low:
        dmean: 7.61068222346e-05
        dmean2: 0.000124435930047
        dvar: 1.89027460351e-07
        dvar2: 4.76578208009e-07
        max: 0.00547822285444
        mean: 0.00011057658412
        min: 1.86336009733e-07
        var: 2.0615065921e-07
    spectral_energyband_middle_high:
        dmean: 0.000544548907783
        dmean2: 0.000889955379535
        dvar: 1.60517047334e-05
        dvar2: 4.11840701418e-05
        max: 0.0586865246296
        mean: 0.000508605793584
        min: 3.13769668026e-08
        var: 1.27038192659e-05
    spectral_energyband_middle_low:
        dmean: 0.00166120112408
        dmean2: 0.00258579314686
        dvar: 6.44522369839e-05
        dvar2: 0.000171954496182
        max: 0.114324815571
        mean: 0.00290103699081
        min: 2.17102442548e-05
        var: 4.97638538945e-05
    spectral_flatness_db:
        dmean: 0.0335526503623
        dmean2: 0.0506077110767
        dvar: 0.00139512971509
        dvar2: 0.00276303407736
        max: 0.62393194437
        mean: 0.428615808487
        min: 0.0810266211629
        var: 0.013585941866
    spectral_flux:
        dmean: 0.0105971870944
        dmean2: 0.0171103440225
        dvar: 0.000728522951249
        dvar2: 0.0017117713578
        max: 0.330532521009
        mean: 0.0201418232173
        min: 0.00149715435691
        var: 0.00118030665908
    spectral_kurtosis:
        dmean: 45.7202072144
        dmean2: 74.0147247314
        dvar: 2603.71508789
        dvar2: 6480.00537109
        max: 462.562835693
        mean: 133.865829468
        min: 0.326315402985
        var: 11856.3945312
    spectral_rms:
        dmean: 0.000354383373633
        dmean2: 0.000495639396831
        dvar: 8.47357284783e-07
        dvar2: 1.96821997633e-06
        max: 0.0107708722353
        mean: 0.00144000479486
        min: 0.000161593954545
        var: 1.48413084844e-06
    spectral_rolloff:
        dmean: 221.240982056
        dmean2: 393.218963623
        dvar: 512592.625
        dvar2: 1384122.5
        max: 5124.90234375
        mean: 741.069580078
        min: 193.798828125
        var: 658648.1875
    spectral_skewness:
        dmean: 1.84260678291
        dmean2: 2.82369041443
        dvar: 4.37635278702
        dvar2: 8.52227115631
        max: 17.2369689941
        mean: 8.79475402832
        min: 0.312993019819
        var: 20.770866394
    spectral_spread:
        dmean: 685781
        dmean2: 1053900.5
        dvar: 2.20150418637e+12
        dvar2: 2.66475667456e+12
        max: 29742226
        mean: 1754205.875
        min: 221057.4375
        var: 4.23807208653e+12
    spectral_strongpeak:
        dmean: 0.147840157151
        dmean2: 0.202984854579
        dvar: 0.0453611388803
        dvar2: 0.0970002785325
        max: 2.95784306526
        mean: 0.600920438766
        min: 0.0246974062175
        var: 0.255819737911
    zerocrossingrate:
        dmean: 0.00467728031799
        dmean2: 0.00611319020391
        dvar: 8.89150906005e-05
        dvar2: 0.000117685674923
        max: 0.15625
        mean: 0.0277346018702
        min: 0.009765625
        var: 0.000388458371162
    barkbands:
        dmean: [2.52238493204e-07, 1.83927331818e-05, 5.88569200772e-05, 0.000409468950238, 0.000538753753062, 0.00034858827712, 0.000304439861793, 9.33049450396e-05, 0.000210665995837, 1.82343173947e-05, 5.13322920597e-05, 1.4083005226e-05, 2.12512804865e-05, 1.29173868118e-05, 1.25854257931e-05, 2.30362256843e-05, 3.50653062924e-05, 0.000118725234643, 0.000217121938476, 0.00010249857587, 5.91695134062e-05, 2.86479353235e-05, 6.44167676001e-06, 2.47165257861e-06, 1.98353450287e-06, 6.22845917064e-08, 9.18106202175e-10]
        dmean2: [1.79678650625e-07, 2.96975449601e-05, 0.000100760516943, 0.000683389254846, 0.000991347595118, 0.000521649315488, 0.000374592258595, 0.000143482917338, 0.000304583430989, 3.17979174724e-05, 7.70874830778e-05, 2.10445759876e-05, 3.3616051951e-05, 2.25312160183e-05, 1.85194403457e-05, 3.69563022105e-05, 5.49325523025e-05, 0.00019222823903, 0.000361016194802, 0.000172253116034, 9.72359484877e-05, 4.62971438537e-05, 9.60502075031e-06, 4.15080012317e-06, 3.00897249872e-06, 8.88625777407e-08, 1.06084907525e-09]
        dvar: [7.48512308992e-13, 8.19989409706e-09, 1.35084320618e-07, 1.19149644888e-05, 1.96673081518e-05, 1.1194107401e-06, 6.92779451583e-07, 1.35125333145e-07, 6.10458471328e-07, 1.82745871768e-08, 4.39542766628e-08, 4.80887107912e-09, 1.09328430753e-08, 9.07280384155e-09, 1.04877333484e-08, 3.97263235641e-08, 7.02414268972e-08, 9.47847524913e-07, 3.11144458465e-06, 6.6495607598e-07, 1.98953230779e-07, 4.49127917079e-08, 2.11073736267e-09, 3.55373730443e-10, 1.82175788344e-10, 1.34026036797e-13, 2.0344418492e-16]
        dvar2: [4.20321899031e-13, 2.09250252681e-08, 3.35907060389e-07, 3.10946452373e-05, 5.60290791327e-05, 2.78702782452e-06, 1.16324781629e-06, 3.18954192835e-07, 1.32803995712e-06, 5.04954265068e-08, 9.15807589763e-08, 1.12751958881e-08, 2.6432243061e-08, 2.45699816048e-08, 2.56958756495e-08, 1.02572563776e-07, 1.56350239422e-07, 2.44508760261e-06, 8.27589155961e-06, 1.75803666025e-06, 4.23705500907e-07, 9.44359683785e-08, 4.95386887067e-09, 8.20633394572e-10, 4.22733709149e-10, 2.78389914203e-13, 2.03923923205e-16]
        max: [2.44480961555e-05, 0.00107607373502, 0.00483451131731, 0.0448829680681, 0.0643526539207, 0.0159928128123, 0.0103022335097, 0.00441963970661, 0.0116237523034, 0.00213789078407, 0.0029491817113, 0.000989679363556, 0.00126655760687, 0.00132801220752, 0.00171044829767, 0.00321370037273, 0.00345408730209, 0.0144738778472, 0.0240773577243, 0.0119458669797, 0.006524911616, 0.00269240210764, 0.000587774731684, 0.00026141377748, 0.000177056761459, 4.8461483857e-06, 2.96326390981e-07]
        mean: [7.93559138401e-07, 3.56612545147e-05, 7.41690237192e-05, 0.000310222822009, 0.000453024142189, 0.000779135327321, 0.000780469446909, 0.000154845969519, 0.000416674389271, 1.96669207071e-05, 8.44196911203e-05, 1.96005348698e-05, 2.70431628451e-05, 1.27419280034e-05, 1.16542851174e-05, 1.82164203579e-05, 3.05678076984e-05, 9.57028532866e-05, 0.0001543458784, 8.08686381788e-05, 5.28147647856e-05, 2.52503705269e-05, 5.17089256391e-06, 2.06280424209e-06, 1.51081724198e-06, 5.6530172543e-08, 8.94850749056e-10]
        min: [3.48369041947e-11, 5.78666847773e-09, 1.64431355643e-07, 1.78218925839e-07, 7.580450756e-07, 3.22491501947e-07, 4.61172533051e-07, 9.70224959929e-07, 1.01034423494e-07, 7.79321585043e-09, 8.71254568491e-10, 8.1666395868e-10, 4.7857151575e-10, 2.7815696968e-10, 3.62512769803e-10, 6.35727248621e-10, 5.2464232958e-10, 1.10536679809e-09, 1.07266084903e-09, 1.15271714396e-09, 1.03294650611e-09, 4.36030461737e-10, 1.27315769038e-10, 1.24663057655e-10, 1.0583221105e-10, 3.10452987103e-12, 1.34441492905e-14]
        var: [1.03628564063e-11, 2.03372003682e-08, 1.22215936926e-07, 8.58179282659e-06, 1.15675184134e-05, 1.81003679245e-06, 2.90528828373e-06, 2.06452838825e-07, 1.40044460295e-06, 1.32123565422e-08, 9.65721156376e-08, 5.11883913035e-09, 1.47328069744e-08, 6.5274856631e-09, 9.66550750547e-09, 3.08735188526e-08, 6.70189166385e-08, 7.51031677737e-07, 2.23108145292e-06, 5.06188428062e-07, 1.99667425704e-07, 4.6117385466e-08, 1.97105309852e-09, 3.27972898839e-10, 1.66085645237e-10, 1.59353067308e-13, 2.03668953053e-16]
    mfcc:
        mean: [-1024.66064453, 246.960617065, 35.9158630371, 29.6096000671, -45.6919937134, -38.2742233276, -14.7022886276, -21.0752277374, -9.5132932663, -8.18982028961, -5.13012742996, -6.71372842789, -4.33050060272]
        cov: [[13970.0625, -3681.76416016, -3737.89453125, -839.718261719, 388.462768555, 1140.92651367, 550.831054688, 414.0078125, 106.840690613, 310.56930542, 439.426635742, -14.1091794968, -249.235534668], [-3681.76416016, 4282.0859375, 531.576660156, -1902.25366211, -545.073425293, 365.788421631, 92.3136062622, 79.2312927246, -19.7159786224, -149.568374634, -118.724830627, -7.38880681992, 69.3102722168], [-3737.89453125, 531.576660156, 1771.32348633, 925.117736816, 37.4892997742, -477.899963379, -326.957946777, -291.706665039, -168.337265015, -222.440811157, -232.005432129, -27.2380561829, 109.806480408], [-839.718261719, -1902.25366211, 925.117736816, 2346.23999023, 340.684051514, -704.145690918, -170.325637817, -311.399139404, -104.081451416, -1.53496897221, -140.286132812, -5.97612190247, 22.9899520874], [388.462768555, -545.073425293, 37.4892997742, 340.684051514, 397.220581055, 37.4113616943, -90.270111084, 121.919448853, 34.4348144531, 6.93651628494, 86.7601776123, 16.8060073853, -11.9073696136], [1140.92651367, 365.788421631, -477.899963379, -704.145690918, 37.4113616943, 556.194580078, 185.994827271, 146.7734375, 125.391525269, 93.9437713623, 125.392547607, 30.5157012939, -31.8636951447], [550.831054688, 92.3136062622, -326.957946777, -170.325637817, -90.270111084, 185.994827271, 265.825134277, 65.487701416, 71.7264099121, 122.58354187, 76.4753189087, 10.5822496414, -27.997177124], [414.0078125, 79.2312927246, -291.706665039, -311.399139404, 121.919448853, 146.7734375, 65.487701416, 273.145996094, 133.950820923, 62.5654296875, 113.242370605, 10.9312763214, -35.8257102966], [106.840690613, -19.7159786224, -168.337265015, -104.081451416, 34.4348144531, 125.391525269, 71.7264099121, 133.950820923, 211.151672363, 138.124954224, 75.0013961792, 29.1429843903, -40.3716316223], [310.56930542, -149.568374634, -222.440811157, -1.53496897221, 6.93651628494, 93.9437713623, 122.58354187, 62.5654296875, 138.124954224, 185.564147949, 96.4446105957, 22.9215869904, -31.6828594208], [439.426635742, -118.724830627, -232.005432129, -140.286132812, 86.7601776123, 125.392547607, 76.4753189087, 113.242370605, 75.0013961792, 96.4446105957, 152.46711731, 36.2414093018, -27.2206401825], [-14.1091794968, -7.38880681992, -27.2380561829, -5.97612190247, 16.8060073853, 30.5157012939, 10.5822496414, 10.9312763214, 29.1429843903, 22.9215869904, 36.2414093018, 63.7859611511, 10.4527873993], [-249.235534668, 69.3102722168, 109.806480408, 22.9899520874, -11.9073696136, -31.8636951447, -27.997177124, -35.8257102966, -40.3716316223, -31.6828594208, -27.2206401825, 10.4527873993, 59.6018981934]]
        icov: [[0.000317551690387, 0.000231921731029, 0.000563896785025, -0.000122085984913, 0.000139045427204, -0.000693702546414, 0.000226174044656, -0.00019372368115, 0.000586804701015, 6.61780140945e-05, 0.000195734552108, 0.000180945760803, 0.000203435236472], [0.000231921731029, 0.000992829329334, -0.000456986774225, 0.0010415201541, -0.00012113381672, -0.000159585179063, -0.000872136617545, -0.000381748919608, 0.000799272558652, -0.000523549620993, 0.00150879577268, -0.000743764219806, 0.000589402625337], [0.000563896785025, -0.000456986774225, 0.00302453082986, -0.00175731687341, 0.000651118636597, -0.00147682230454, 0.00203365203924, 0.000577267899644, -0.00047536965576, 0.00207026535645, -0.00137797079515, 0.00180411955807, -0.00152929150499], [-0.000122085984913, 0.0010415201541, -0.00175731687341, 0.00442396476865, -0.00559693342075, 0.00468519283459, -0.00550580210984, 0.00408679805696, -0.00169951759744, -0.00123226665892, 0.00398427993059, -0.00207709288225, 0.00144395034295], [0.000139045427204, -0.00012113381672, 0.000651118636597, -0.00559693342075, 0.0141672836617, -0.0083624497056, 0.0106394980103, -0.0104106133804, 0.00561478035524, -0.000647214124911, -0.00629869522527, 0.00144919974264, -0.00089021603344], [-0.000693702546414, -0.000159585179063, -0.00147682230454, 0.00468519283459, -0.0083624497056, 0.0105053503066, -0.008848676458, 0.0074812839739, -0.00692238146439, 0.00228509586304, 0.00116124225315, -0.00127989647444, -0.000235135041294], [0.000226174044656, -0.000872136617545, 0.00203365203924, -0.00550580210984, 0.0106394980103, -0.008848676458, 0.0164652969688, -0.00884146988392, 0.00748184509575, -0.00627615721896, -0.00389055162668, 0.00159090734087, -0.00017230429512], [-0.00019372368115, -0.000381748919608, 0.000577267899644, 0.00408679805696, -0.0104106133804, 0.0074812839739, -0.00884146988392, 0.0185073949397, -0.0141330203041, 0.00912809930742, -0.00476477434859, 0.00417120568454, -0.00174346391577], [0.000586804701015, 0.000799272558652, -0.00047536965576, -0.00169951759744, 0.00561478035524, -0.00692238146439, 0.00748184509575, -0.0141330203041, 0.0241715442389, -0.0180021263659, 0.00860313884914, -0.00783517025411, 0.00760249374434], [6.61780140945e-05, -0.000523549620993, 0.00207026535645, -0.00123226665892, -0.000647214124911, 0.00228509586304, -0.00627615721896, 0.00912809930742, -0.0180021263659, 0.0262804385275, -0.0139035442844, 0.00670669833198, -0.00457216007635], [0.000195734552108, 0.00150879577268, -0.00137797079515, 0.00398427993059, -0.00629869522527, 0.00116124225315, -0.00389055162668, -0.00476477434859, 0.00860313884914, -0.0139035442844, 0.0255086626858, -0.0119938682765, 0.00692671816796], [0.000180945760803, -0.000743764219806, 0.00180411955807, -0.00207709288225, 0.00144919974264, -0.00127989647444, 0.00159090734087, 0.00417120568454, -0.00783517025411, 0.00670669833198, -0.0119938682765, 0.0250244364142, -0.00964967627078], [0.000203435236472, 0.000589402625337, -0.00152929150499, 0.00144395034295, -0.00089021603344, -0.000235135041294, -0.00017230429512, -0.00174346391577, 0.00760249374434, -0.00457216007635, 0.00692671816796, -0.00964967627078, 0.0253462698311]]
    spectral_contrast:
        mean: [-1.37343064921e-07, 2.01061951088e-07, 2.48030005423e-07, 4.67852373731e-07, 2.72300582083e-07, -1.48821456492e-07, -1.3960071783e-06, 5.51626453671e-06, -4.73587260785e-06, -3.68497762793e-06, -1.33259948143e-06, -2.58886075244e-07]
        var: [0.000502838462126, 0.00107258639764, 0.00220773043111, 0.00319506484084, 0.00380371394567, 0.00871102977544, 0.0698359683156, 0.100872986019, 0.266253083944, 0.609087049961, 1.79991543293, 7.00598812103]

rhythm:
    beats_loudness:
        dmean: 0.00384064554237
        dmean2: 0.00664664944634
        dvar: 1.88086542039e-05
        dvar2: 6.1125625507e-05
        max: 0.0189168862998
        mean: 0.00350875291042
        min: 3.22692212649e-05
        var: 1.85483731912e-05
    beats_loudness_bass:
        dmean: 0.0347545072436
        dmean2: 0.0624095164239
        dvar: 0.00137947755866
        dvar2: 0.00422468502074
        max: 0.195513561368
        mean: 0.0434348024428
        min: 0.00056328921346
        var: 0.00195072812494
    bpm: 165.087738037
    bpm_confidence: 0
    first_peak_bpm: 165
    first_peak_spread: 0
    first_peak_weight: 0.961538493633
    onset_rate: 1.39931464195
    second_peak_bpm: 140
    second_peak_spread: 0
    second_peak_weight: 0.0384615398943
    beats_position: [0.0972629189491, 0.459876656532, 0.822490394115, 1.1851041317, 1.54771792889, 1.91033160686, 2.27294540405, 2.63555908203, 2.99817276001, 3.36078643799, 3.72340011597, 4.08601379395, 4.44862747192, 4.81124162674, 5.17385530472, 5.5364689827, 5.89908266068, 6.32749128342, 6.69284772873, 7.0582036972, 7.42356014252, 7.78891563416, 8.15427207947, 8.51962757111, 8.88498401642, 9.25033950806, 9.61569595337]
    bpm_estimates: [165.776016235, 165.543014526, 164.259155273, 165.854568481, 165.610671997, 164.218032837, 166.040435791, 164.671508789, 167.259567261, 165.264343262, 164.126693726, 164.388122559, 163.128372192]
    bpm_intervals: [0.362613737583, 0.362613737583, 0.362613737583, 0.362613797188, 0.362613677979, 0.362613797188, 0.362613677979, 0.362613677979, 0.362613677979, 0.362613677979, 0.362613677979, 0.362613677979, 0.362614154816, 0.362613677979, 0.362613677979, 0.362613677979, 0.428408622742, 0.365356445312, 0.365355968475, 0.365356445312, 0.365355491638, 0.365356445312, 0.365355491638, 0.365356445312, 0.365355491638, 0.365356445312]
    onset_times: [0.0464399084449, 0.174149662256, 0.348299324512, 0.46439909935, 0.708208620548, 0.905578255653, 1.1261677742, 1.17260766029, 1.34675741196, 2.68190479279, 2.92571425438, 3.23918366432, 3.58748292923, 3.83129262924]
    rubato_start: []
    rubato_stop: []
    perceptual_tempo: "unknown"

sfx:
    inharmonicity:
        dmean: 0.0325305834413
        dmean2: 0.0581656955183
        dvar: 0.00172580988146
        dvar2: 0.00453189341351
        max: 0.254452049732
        mean: 0.0274559222162
        min: 2.1016560936e-07
        var: 0.00164688308723
    oddtoevenharmonicenergyratio:
        dmean: 206.960540771
        dmean2: 411.733032227
        dvar: 7088356.5
        dvar2: 21271086
        max: 39132.6171875
        mean: 108.074737549
        min: 7.70510041548e-07
        var: 3547984.75
    pitch_after_max_to_before_max_energy_ratio: 0.831082522869
    pitch_centroid: 205.355117798
    pitch_max_to_total: 0.709976792336
    pitch_min_to_total: 0.410672843456
    tristimulus:
        dmean: [0.304312497377, 0.315121114254, 0.0205607451499]
        dmean2: [0.554187595844, 0.576768755913, 0.0370455645025]
        dvar: [0.0935146436095, 0.0952066108584, 0.00289638643153]
        dvar2: [0.212927043438, 0.219443544745, 0.00826295092702]
        max: [0.99762147665, 0.991790056229, 0.575843393803]
        mean: [0.527685761452, 0.43168053031, 0.0179122723639]
        min: [0.00215575634502, 0, 0]
        var: [0.122498445213, 0.122921347618, 0.0030480583664]

tonal:
    chords_changes_rate: 0.0322580635548
    chords_number_rate: 0.0230414755642
    chords_strength:
        dmean: 0.00488866493106
        dmean2: 0.00457232818007
        dvar: 2.34071030718e-05
        dvar2: 2.19933681365e-05
        max: 0.676013767719
        mean: 0.563618302345
        min: 0.358979165554
        var: 0.00727004697546
    key_strength: 0.776756227016
    tuning_diatonic_strength: 0.52727997303
    tuning_equal_tempered_deviation: 0.0439721569419
    tuning_frequency: 453.416503906
    tuning_nontempered_energy_ratio: 0.616971433163
    hpcp:
        dmean: [0.0247150417417, 0.0404366962612, 0.115995466709, 0.0942389965057, 0.15992154181, 0.120283298194, 0.0645458996296, 0.0710459426045, 0.0443381927907, 0.0382901243865, 0.0268895234913, 0.0446842350066, 0.0588340088725, 0.0451558157802, 0.0295362323523, 0.0244438014925, 0.029846297577, 0.0507967248559, 0.0588009990752, 0.048074811697, 0.035103932023, 0.0209192298353, 0.0402975045145, 0.0845809280872, 0.0681924670935, 0.0963887348771, 0.0907251015306, 0.0918960943818, 0.0491888932884, 0.0185303483158, 0.0168207641691, 0.0218455642462, 0.0304906461388, 0.0428027361631, 0.0304122529924, 0.0191149618477]
        dmean2: [0.0416695699096, 0.0739412158728, 0.198039293289, 0.159259870648, 0.277464032173, 0.216132253408, 0.109979718924, 0.130302578211, 0.070864751935, 0.0522096864879, 0.0393420122564, 0.0678351223469, 0.0929462909698, 0.080033287406, 0.0566398501396, 0.0387959443033, 0.0538601800799, 0.0789124518633, 0.0913517028093, 0.0714911222458, 0.055394988507, 0.0350580513477, 0.0714292302728, 0.140924617648, 0.113236352801, 0.167645037174, 0.160221904516, 0.159015268087, 0.0842186063528, 0.0333814062178, 0.0299548432231, 0.0361697785556, 0.0490050911903, 0.0721804201603, 0.0529049225152, 0.0312785767019]
        dvar: [0.00948205217719, 0.00769973732531, 0.021917309612, 0.0309265628457, 0.0403973758221, 0.0447421632707, 0.0167109444737, 0.0209901072085, 0.00618785060942, 0.0071667144075, 0.00383342220448, 0.010726868175, 0.0113884387538, 0.0145973777398, 0.0137630226091, 0.00682470854372, 0.00758688151836, 0.0150012318045, 0.0217319410294, 0.0138346496969, 0.013345444575, 0.00412353826687, 0.0150589803234, 0.0160137303174, 0.0284518506378, 0.019447395578, 0.0203945636749, 0.0299550015479, 0.00900571979582, 0.00252898246981, 0.00395966088399, 0.00593005213886, 0.00738664530218, 0.0140053257346, 0.0108454469591, 0.00428896816447]
        dvar2: [0.0259113777429, 0.0220223944634, 0.060903634876, 0.0619054511189, 0.116781696677, 0.126828998327, 0.043424423784, 0.0599655508995, 0.0152414841577, 0.0123940715566, 0.00792616978288, 0.0239237081259, 0.0288200862706, 0.0425811819732, 0.0370967499912, 0.0178633537143, 0.020616563037, 0.0369805619121, 0.0415724515915, 0.0328023992479, 0.0290415920317, 0.00952349510044, 0.0414168387651, 0.039667904377, 0.0665853768587, 0.0465947650373, 0.0657822042704, 0.0908519327641, 0.0233705472201, 0.00747774308547, 0.0106330597773, 0.0147192496806, 0.0180218499154, 0.0339385271072, 0.0294244214892, 0.00906220357865]
        max: [0.990902543068, 0.775089085102, 1, 1, 1, 1, 1, 0.822617650032, 0.643258273602, 1, 0.500423550606, 1, 1, 1, 0.93488740921, 0.97921037674, 0.6700694561, 1, 1, 1, 1, 0.702123820782, 1, 1, 1, 1, 1, 1, 0.72684109211, 0.445753186941, 0.497011035681, 0.599474191666, 0.811181485653, 1, 0.850374281406, 0.686686396599]
        mean: [0.0244344584644, 0.0352450124919, 0.269528865814, 0.480912894011, 0.299103021622, 0.120825462043, 0.109543062747, 0.0690032020211, 0.0502997636795, 0.0636721774936, 0.0475668869913, 0.074052862823, 0.0957998037338, 0.0530438572168, 0.0242343470454, 0.0242669247091, 0.0327194333076, 0.0561921708286, 0.0762638226151, 0.0722212120891, 0.0690607279539, 0.0500288493931, 0.0371334031224, 0.299204945564, 0.483670771122, 0.247081577778, 0.115403309464, 0.143921554089, 0.0799775272608, 0.0183835178614, 0.0164672862738, 0.0231014899909, 0.0371466428041, 0.0465424284339, 0.0330999791622, 0.0237529091537]
        min: [3.94382226432e-07, 5.37464870831e-07, 0.000736695015803, 0.000430049083661, 3.11624862661e-05, 6.8749136517e-07, 9.6555645257e-08, 4.88663431497e-07, 6.17605473963e-06, 3.70388897863e-06, 6.00280372964e-06, 2.75717593468e-05, 2.55972099694e-05, 7.29354505893e-05, 5.61687613754e-07, 5.33975367034e-07, 9.25496976834e-07, 2.22050744014e-06, 1.1147898249e-06, 4.12969211538e-06, 1.64846539974e-06, 9.87210952985e-08, 2.53816040185e-07, 8.2857977759e-06, 6.80677840137e-06, 2.08774508792e-05, 2.15163927351e-05, 1.8371936676e-05, 3.97356525355e-05, 8.70445035162e-07, 5.12030169375e-07, 1.26255565647e-06, 2.04036405194e-06, 3.87204090657e-06, 4.0122044993e-06, 6.98060205195e-07]
        var: [0.0118584828451, 0.00787603855133, 0.0675320774317, 0.199991822243, 0.0945949181914, 0.0515613630414, 0.0393721833825, 0.0208894982934, 0.00969628803432, 0.0212292466313, 0.0093634352088, 0.0207988191396, 0.0246247891337, 0.0112852724269, 0.0110481269658, 0.00948231108487, 0.00988418236375, 0.0196881256998, 0.037818800658, 0.0298101939261, 0.0477967895567, 0.0217330995947, 0.0120403422043, 0.0874270796776, 0.21180292964, 0.0637741163373, 0.0296869296581, 0.0489342994988, 0.0172175578773, 0.00290603656322, 0.00461398018524, 0.00778969144449, 0.0117050437257, 0.0185548849404, 0.0103755742311, 0.00887614767998]
    chords_histogram: [42.3963127136, 0, 0, 0, 0, 0, 0, 17.9723510742, 4.60829496384, 0, 0, 0, 0, 0, 0, 0, 0, 0, 0, 0, 0, 5.5299539566, 0, 29.4930877686]
    thpcp: [1, 0.510846614838, 0.238598898053, 0.297560989857, 0.165355309844, 0.0380083285272, 0.0340464785695, 0.0477628409863, 0.0768015012145, 0.0962274968624, 0.0684349387884, 0.0491096638143, 0.0505187809467, 0.0728698447347, 0.557256877422, 0.994298040867, 0.618402123451, 0.24980930984, 0.226482704282, 0.14266563952, 0.103995874524, 0.131643638015, 0.098345592618, 0.153105929494, 0.198068216443, 0.109669342637, 0.0501050464809, 0.0501724034548, 0.0676481500268, 0.116178557277, 0.157677143812, 0.149318948388, 0.142784580588, 0.103435747325, 0.0767741277814, 0.618612825871]
    chords_key: "A#"
    chords_scale: "minor"
    key_key: "A#"
    key_scale: "minor"
    chords_progression: ["B", "B", "B", "B", "B", "B", "B", "B", "B", "B", "B", "B", "A#", "A#", "A#", "A#", "A#", "A#", "A#", "Dm", "Dm", "Dm", "Dm", "Dm", "Dm", "Dm", "Dm", "Dm", "Dm", "A#", "A#", "A#", "A#", "A#", "A#", "A#", "A#", "A#", "A#", "A#", "A#", "A#", "A#", "A#", "A#", "A#", "A#", "A#", "A#", "A#", "A#", "A#", "A#", "A#", "A#", "A#", "A#", "A#m", "A#m", "A#m", "A#m", "A#m", "A#m", "A#m", "A#m", "A#m", "A#", "A#", "A#", "A#", "A#m", "A#m", "A#m", "A#m", "A#m", "A#m", "A#m", "A#m", "A#m", "A#m", "A#m", "A#m", "A#m", "A#m", "A#m", "A#m", "A#m", "A#m", "A#m", "A#m", "A#m", "A#m", "A#m", "A#m", "A#m", "A#m", "A#m", "A#m", "A#m", "A#m", "A#m", "A#m", "A#m", "A#m", "A#m", "A#m", "A#m", "A#m", "A#m", "A#m", "A#m", "A#m", "A#m", "A#m", "A#m", "A#m", "A#m", "A#m", "A#m", "A#m", "A#m", "A#m", "A#m", "A#m", "A#m", "A#m", "A#m", "A#m", "A#m", "A#m", "A#m", "A#m", "A#m", "A#m", "A#m", "A#m", "A#m", "A#m", "A#m", "A#m", "A#m", "A#m", "A#m", "A#m", "A#m", "A#m", "A#m", "A#m", "A#m", "A#m", "A#m", "A#m", "A#m", "F#", "F#", "F#", "F#", "F#", "F#", "F#", "F#", "F#", "F#", "F#", "F#", "F#", "F#", "F#", "F#", "F#", "F#", "F#", "F#", "F#", "F#", "F#", "F#", "F#", "F#", "F#", "F#", "F#", "F#", "F#", "F#", "F#", "F#", "F#", "F#", "F#", "F#", "F#", "F#", "F#", "F#", "F#", "F#", "F#", "F#", "F#", "F#", "F#", "F#", "F#", "F#", "F#", "F#", "F#", "F#", "F#", "F#", "F#", "F#", "F#", "F#", "F#", "F#"]
