
metadata:
    version:
        essentia: "1.2.2"
    audio_properties:
        analysis_sample_rate: 44100
        bitrate: 128
        channels: 2
        equal_loudness: 1
        length: 10.0048980713
        replay_gain: -11.4300918579
        downmix: "mix"
    tags:
        track: 13
        year: 0
        album: "Splitted by Mp3Splt v. 2.1"
        artist: "From 002.00 To 002.10"
        comment: "http://mp3splt.sf.net"
        genre: ""
        title: "04 Gotta Get Away.mp3"

highlevel:
    ballroom:
        all:
            ChaChaCha: 0.0553422160447
            Jive: 0.853629648685
            Quickstep: 0.0277336016297
            Rumba-American: 0.0011057658121
            Rumba-International: 0.00193740695249
            Rumba-Misc: 0.00176328467205
            Samba: 0.0348885729909
            Tango: 0.00186949013732
            VienneseWaltz: 0.0195770803839
            Waltz: 0.00215293257497
        probability: 0.853629648685
        value: "Jive"
    culture:
        all:
            non_western: 0.0179448090494
            western: 0.982055187225
        probability: 0.982055187225
        value: "western"
    gender:
        all:
            female: 0.00434950739145
            male: 0.995650470257
        probability: 0.995650470257
        value: "male"
    genre_dortmund:
        all:
            alternative: 0.114182069898
            blues: 0.0944358482957
            electronic: 0.0155950561166
            folkcountry: 0.0497934110463
            funksoulrnb: 0.0246870797127
            jazz: 0.0164736509323
            pop: 0.0649624690413
            raphiphop: 0.00173134473152
            rock: 0.618139088154
        probability: 0.618139088154
        value: "rock"
    genre_electronica:
        all:
            ambient: 0.19156613946
            dnb: 0.172083005309
            house: 0.0174926426262
            techno: 0.0377943329513
            trance: 0.581063866615
        probability: 0.581063866615
        value: "trance"
    genre_rosamerica:
        all:
            cla: 0.0110714351758
            dan: 0.0199437085539
            hip: 0.00394969014451
            jaz: 0.00231089326553
            pop: 0.0151193412021
            rhy: 0.010248536244
            roc: 0.936164677143
            spe: 0.00119174818974
        probability: 0.936164677143
        value: "roc"
    genre_tzanetakis:
        all:
            blu: 0.00681064696983
            cla: 0.00379448547028
            cou: 0.203156560659
            dis: 0.0751505047083
            hip: 0.0109646487981
            jaz: 0.0188838467002
            met: 0.21507564187
            pop: 0.0207946579903
            reg: 0.00421375175938
            roc: 0.441155254841
        probability: 0.441155254841
        value: "roc"
    live_studio:
        all:
            live: 0.664668560028
            studio: 0.335331469774
        probability: 0.664668560028
        value: "live"
    mood:
        all:
            Cluster1: 0.297979742289
            Cluster2: 0.159216880798
            Cluster3: 0.0477731078863
            Cluster4: 0.108122266829
            Cluster5: 0.386908024549
        probability: 0.386908024549
        value: "Cluster5"
    mood_acoustic:
        all:
            acoustic: 0.0182089135051
            not_acoustic: 0.981791079044
        probability: 0.981791079044
        value: "not_acoustic"
    mood_aggressive:
        all:
            aggressive: 0.795752167702
            not_aggressive: 0.204247847199
        probability: 0.795752167702
        value: "aggressive"
    mood_electronic:
        all:
            electronic: 0.078124076128
            not_electronic: 0.92187589407
        probability: 0.92187589407
        value: "not_electronic"
    mood_happy:
        all:
            happy: 0.614629864693
            not_happy: 0.385370135307
        probability: 0.614629864693
        value: "happy"
    mood_party:
        all:
            not_party: 0.410472124815
            party: 0.589527904987
        probability: 0.589527904987
        value: "party"
    mood_relaxed:
        all:
            not_relaxed: 0.932990372181
            relaxed: 0.0670096352696
        probability: 0.932990372181
        value: "not_relaxed"
    mood_sad:
        all:
            not_sad: 0.958217799664
            sad: 0.0417822301388
        probability: 0.958217799664
        value: "not_sad"
    rhythm:
        all:
            fast: 0.957309544086
            medium: 0.0327555574477
            slow: 0.00993487611413
        probability: 0.957309544086
        value: "fast"
    speech_music:
        all:
            music: 0.996251881123
            speech: 0.00374814122915
        probability: 0.996251881123
        value: "music"
    timbre:
        all:
            bright: 0.5
            dark: 0.5
        probability: 0.5
        value: "dark"
    voice_instrumental:
        all:
            instrumental: 0.111828789115
            voice: 0.888171195984
        probability: 0.888171195984
        value: "voice"

lowlevel:
    average_loudness: 0.98020118475
    barkbands_kurtosis:
        dmean: 0.700008571148
        dmean2: 1.08510100842
        dvar: 1.13880944252
        dvar2: 2.26529598236
        max: 11.7509622574
        mean: -0.770922243595
        min: -1.80203187466
        var: 2.07874679565
    barkbands_skewness:
        dmean: 0.424156636
        dmean2: 0.615001499653
        dvar: 0.111163772643
        dvar2: 0.241801813245
        max: 3.12010836601
        mean: -0.171337351203
        min: -2.0685210228
        var: 0.594667553902
    barkbands_spread:
        dmean: 5.80882024765
        dmean2: 8.67598628998
        dvar: 23.3461723328
        dvar2: 53.7305488586
        max: 57.4322853088
        mean: 32.5446014404
        min: 6.80606412888
        var: 70.4207000732
    dissonance:
        dmean: 0.0140426857397
        dmean2: 0.0230442862958
        dvar: 0.000241576010012
        dvar2: 0.000622070452664
        max: 0.497966378927
        mean: 0.472213208675
        min: 0.362052500248
        var: 0.000471774517791
    hfc:
        dmean: 3.05688905716
        dmean2: 4.78618621826
        dvar: 11.4678258896
        dvar2: 29.092748642
        max: 32.8127479553
        mean: 11.2717618942
        min: 0.0968253239989
        var: 32.1809463501
    pitch:
        dmean: 825.40838623
        dmean2: 1611.89465332
        dvar: 1731365.625
        dvar2: 4219349
        max: 4410
        mean: 1495.77282715
        min: 82.2761230469
        var: 2404504.75
    pitch_instantaneous_confidence:
        dmean: 0.0884756222367
        dmean2: 0.136981382966
        dvar: 0.00524617498741
        dvar2: 0.0126545056701
        max: 0.886891543865
        mean: 0.440926522017
        min: 0.130621552467
        var: 0.0219493042678
    pitch_salience:
        dmean: 0.0573591142893
        dmean2: 0.0873387232423
        dvar: 0.00198361603543
        dvar2: 0.00497182365507
        max: 0.836924433708
        mean: 0.640613615513
        min: 0.364272683859
        var: 0.00817902758718
    silence_rate_20dB:
        dmean: 0
        dmean2: 0
        dvar: 0
        dvar2: 0
        max: 1
        mean: 1
        min: 1
        var: 0
    silence_rate_30dB:
        dmean: 0
        dmean2: 0
        dvar: 0
        dvar2: 0
        max: 1
        mean: 1
        min: 1
        var: 0
    silence_rate_60dB:
        dmean: 0.0556844547391
        dmean2: 0.109302327037
        dvar: 0.0525838062167
        dvar2: 0.111309066415
        max: 1
        mean: 0.111111111939
        min: 0
        var: 0.0987651646137
    spectral_centroid:
        dmean: 298.190124512
        dmean2: 444.663665771
        dvar: 73853.2734375
        dvar2: 177375.234375
        max: 3750.84765625
        mean: 1909.65380859
        min: 253.19317627
        var: 297978.4375
    spectral_complexity:
        dmean: 4.45813941956
        dmean2: 7.02564096451
        dvar: 19.2714691162
        dvar2: 45.941078186
        max: 39
        mean: 19.5382823944
        min: 0
        var: 60.8657455444
    spectral_crest:
        dmean: 1.95376467705
        dmean2: 3.13857030869
        dvar: 2.6554069519
        dvar2: 6.23892307281
        max: 19.7899456024
        mean: 7.12263965607
        min: 3.06191468239
        var: 8.17418289185
    spectral_decrease:
        dmean: 2.96856594861e-10
        dmean2: 4.38487163246e-10
        dvar: 8.98903504763e-20
        dvar2: 2.06472436377e-19
        max: -9.61748302525e-12
        mean: -1.24342114383e-09
        min: -2.79172662765e-09
        var: 2.73965346654e-19
    spectral_energy:
        dmean: 0.00135295116343
        dmean2: 0.00199547200464
        dvar: 1.87916475625e-06
        dvar2: 4.44402030553e-06
        max: 0.012861254625
        mean: 0.00571533851326
        min: 4.508071288e-05
        var: 5.82609845878e-06
    spectral_energyband_high:
        dmean: 0.000233006649069
        dmean2: 0.000392538815504
        dvar: 1.33147111114e-07
        dvar2: 3.87304453398e-07
        max: 0.00314651313238
        mean: 0.000489010591991
        min: 1.43255249441e-06
        var: 1.81939384447e-07
    spectral_energyband_low:
        dmean: 0.000116692637675
        dmean2: 0.000201408562134
        dvar: 2.53256118299e-08
        dvar2: 7.10794765268e-08
        max: 0.00125008774921
        mean: 0.000177434936631
        min: 3.39011376127e-06
        var: 2.82920531447e-08
    spectral_energyband_middle_high:
        dmean: 0.000793037179392
        dmean2: 0.00119035982061
        dvar: 5.73821807848e-07
        dvar2: 1.22098151678e-06
        max: 0.00922297872603
        mean: 0.00299243861809
        min: 2.70796372206e-05
        var: 2.42318219534e-06
    spectral_energyband_middle_low:
        dmean: 0.000780448084697
        dmean2: 0.00118221051525
        dvar: 6.77785578773e-07
        dvar2: 1.53160044647e-06
        max: 0.00681783910841
        mean: 0.00205644685775
        min: 7.29387011233e-06
        var: 1.84162513506e-06
    spectral_flatness_db:
        dmean: 0.0145765664056
        dmean2: 0.0220899935812
        dvar: 0.000137699724291
        dvar2: 0.000287759234197
        max: 0.253457933664
        mean: 0.150809943676
        min: 0.0805492401123
        var: 0.000588292779867
    spectral_flux:
        dmean: 0.00850419234484
        dmean2: 0.0127788633108
        dvar: 6.38183482806e-05
        dvar2: 0.000129251144244
        max: 0.086745351553
        mean: 0.0451115556061
        min: 0.00671421736479
        var: 0.000164617755217
    spectral_kurtosis:
        dmean: 1.05321514606
        dmean2: 1.67410385609
        dvar: 1.18331634998
        dvar2: 2.69030714035
        max: 17.7736339569
        mean: 2.63415408134
        min: -0.573414325714
        var: 2.72744107246
    spectral_rms:
        dmean: 0.000280051899608
        dmean2: 0.000401739263907
        dvar: 7.36650633826e-08
        dvar2: 1.53350157461e-07
        max: 0.00354225421324
        mean: 0.00230025313795
        min: 0.000209716919926
        var: 2.84772141868e-07
    spectral_rolloff:
        dmean: 349.939575195
        dmean2: 526.28326416
        dvar: 188894.90625
        dvar2: 353597.53125
        max: 6093.89648438
        mean: 3415.28735352
        min: 258.3984375
        var: 584213.5625
    spectral_skewness:
        dmean: 0.176783278584
        dmean2: 0.270959287882
        dvar: 0.0349000133574
        dvar2: 0.0624281167984
        max: 2.94291377068
        mean: 1.07657635212
        min: 0.36999180913
        var: 0.107589870691
    spectral_spread:
        dmean: 453596.6875
        dmean2: 602853.6875
        dvar: 357549342720
        dvar2: 623266234368
        max: 10591851
        mean: 4261227
        min: 2341725.25
        var: 1.16536940954e+12
    spectral_strongpeak:
        dmean: 0.746807515621
        dmean2: 1.27333307266
        dvar: 0.81373411417
        dvar2: 1.8315372467
        max: 7.34570121765
        mean: 1.04976594448
        min: 0.0222427677363
        var: 1.23978829384
    zerocrossingrate:
        dmean: 0.00931708794087
        dmean2: 0.0105099976063
        dvar: 7.37867230782e-05
        dvar2: 8.07060714578e-05
        max: 0.17578125
        mean: 0.104970268905
        min: 0.0263671875
        var: 0.000597552396357
    barkbands:
        dmean: [1.7120109419e-07, 4.50792467745e-05, 8.83612156031e-05, 0.000182732605026, 0.000312833552016, 0.000256253784755, 0.000129982450744, 7.85427109804e-05, 0.000280247448245, 0.000104237122287, 5.85762172705e-05, 3.98454394599e-05, 5.64993206353e-05, 0.00010209215543, 9.9325676274e-05, 9.70978871919e-05, 0.000185383978533, 0.000280072592432, 0.000347685447196, 0.000188906808035, 0.000133228808409, 4.5915152441e-05, 7.41728626963e-06, 3.26232679981e-06, 8.36694425743e-07, 3.20944657517e-08, 1.16354992308e-09]
        dmean2: [2.88434506501e-07, 7.46199875721e-05, 0.000152447304572, 0.000308472721372, 0.000502390554175, 0.000408578925999, 0.000202794995857, 0.00013223332644, 0.000406692706747, 0.000160621042596, 9.05857305042e-05, 6.11315263086e-05, 8.7533830083e-05, 0.000155942834681, 0.000157253831276, 0.000153366170707, 0.000302739877952, 0.000439630239271, 0.00056170829339, 0.000308861519443, 0.000230448000366, 7.24246128812e-05, 1.1319191799e-05, 4.37869357484e-06, 1.18269497307e-06, 4.75395900423e-08, 1.4839762752e-09]
        dvar: [5.10108990638e-14, 3.39842687325e-09, 1.42251419533e-08, 5.40898419388e-08, 2.4170492452e-07, 1.01870419655e-07, 6.44672368821e-08, 1.42165559325e-08, 2.81341016262e-07, 4.5416847172e-08, 1.17881446826e-08, 5.03024155663e-09, 1.58773865166e-08, 3.80918265819e-08, 2.79494223321e-08, 1.44708085514e-08, 4.46330297166e-08, 1.16901198055e-07, 9.3260304368e-08, 5.34447224254e-08, 5.70437350689e-08, 3.75313335965e-09, 1.12220205351e-10, 6.33589361532e-11, 3.28704251318e-12, 8.28945151589e-15, 2.47540773093e-16]
        dvar2: [1.3172816516e-13, 9.43992173319e-09, 4.11584757387e-08, 1.40330712384e-07, 5.72891849515e-07, 2.73026387276e-07, 1.48649220932e-07, 3.88541749885e-08, 5.21558376931e-07, 9.96250975049e-08, 3.02408977859e-08, 8.74507222193e-09, 3.32938938641e-08, 7.85218290389e-08, 6.43579909365e-08, 2.88764692158e-08, 1.01412545916e-07, 2.63703100245e-07, 2.57627760902e-07, 1.48594025973e-07, 1.676317396e-07, 1.00347543608e-08, 2.78285061661e-10, 1.0860552041e-10, 6.18824652979e-12, 1.68536296979e-14, 2.50808229157e-16]
        max: [1.73221292243e-06, 0.000436690694187, 0.000912645715289, 0.00154813297559, 0.00341971847229, 0.00307943974622, 0.0031876701396, 0.00100573641248, 0.00600849883631, 0.00251528737135, 0.00120582443196, 0.000968330248725, 0.00228883745149, 0.00181961699855, 0.0021349163726, 0.00146619079169, 0.00268568168394, 0.00551486387849, 0.00253588124178, 0.00239689601585, 0.00197646720335, 0.000756207911763, 0.000146272068378, 0.000133096938953, 2.73288369499e-05, 1.22647145417e-06, 3.26304132159e-07]
        mean: [2.10814604884e-07, 6.97228679201e-05, 0.000107510604721, 0.000222802103963, 0.000431829248555, 0.00040198143688, 0.000200547161512, 0.000111816487333, 0.000634613272268, 0.000174755303306, 8.58358253026e-05, 6.77299904055e-05, 9.45686551859e-05, 0.000149096609675, 0.000157508620759, 0.000204191106604, 0.000417307543103, 0.0006099101156, 0.000845216738526, 0.000387991953176, 0.000217583336052, 9.9571661849e-05, 1.53302553372e-05, 6.17172236161e-06, 1.4922770788e-06, 4.4271029509e-08, 1.08604236715e-09]
        min: [2.79270273573e-10, 8.25324946163e-07, 6.74591660754e-07, 1.06848210635e-06, 2.89237368634e-06, 1.12538396024e-06, 2.09788623806e-07, 1.05470473954e-06, 9.12698510547e-07, 2.66438973995e-07, 3.00291191024e-07, 7.09398250365e-07, 8.90895137218e-07, 7.48758850477e-07, 6.20475304913e-07, 6.56377949326e-07, 9.90053194982e-07, 2.46696617978e-06, 3.06747188006e-06, 1.47347338952e-06, 5.77689604597e-07, 1.16682919327e-07, 2.07460342239e-08, 6.38542285714e-09, 1.82116222103e-09, 4.95550996071e-11, 8.48269818645e-14]
        var: [6.70244838363e-14, 5.68615909913e-09, 1.4324720965e-08, 5.73124516734e-08, 2.74543737078e-07, 1.58321796562e-07, 1.19014444522e-07, 1.6010694992e-08, 1.3815698594e-06, 1.05760044278e-07, 1.81683006417e-08, 1.36566473685e-08, 3.41914834223e-08, 7.38561496405e-08, 4.33780087405e-08, 4.30881534896e-08, 1.19510531249e-07, 3.14210410579e-07, 2.51230716231e-07, 8.597464074e-08, 5.73068064114e-08, 1.07419140249e-08, 3.30292571071e-10, 1.40309222574e-10, 7.60610064515e-12, 1.48735546584e-14, 2.47424835459e-16]
    mfcc:
        mean: [-685.328430176, 99.0145111084, -50.3939552307, 62.0131874084, -18.4985599518, -8.43678379059, -9.31304931641, 2.86916422844, -5.78247928619, -3.2031018734, -2.95462727547, -9.05449771881, -9.10059547424]
        cov: [[1736.71142578, -748.158691406, -159.365066528, -84.5960235596, -181.127502441, -16.0210151672, -102.732620239, -51.1017837524, -12.4523258209, -31.9228286743, -56.047908783, -56.541809082, -116.222290039], [-748.158691406, 619.710388184, -48.2594261169, 50.1412200928, 15.9760560989, 3.45194649696, 64.2613754272, 54.0369682312, -4.45866537094, 45.1825714111, 55.3787651062, 26.9586143494, 63.9645080566], [-159.365066528, -48.2594261169, 326.580657959, -68.6784515381, 100.131729126, -8.55491447449, 34.7423629761, -24.9082946777, -19.7249889374, -13.6504974365, -29.8513946533, 10.1209115982, 26.7758865356], [-84.5960235596, 50.1412200928, -68.6784515381, 177.493484497, 11.8934278488, 6.91516399384, -20.1787223816, -21.9799423218, 47.3209152222, -18.0007514954, -26.8141822815, 9.19072723389, 13.3656215668], [-181.127502441, 15.9760560989, 100.131729126, 11.8934278488, 174.283813477, 6.57566165924, -17.9541015625, -30.6131515503, -3.53844571114, 20.0131835938, -23.3446578979, 4.01401233673, 27.0843086243], [-16.0210151672, 3.45194649696, -8.55491447449, 6.91516399384, 6.57566165924, 84.3088989258, 11.7956905365, 13.4839401245, -5.10939693451, 1.03952968121, 11.7758693695, -3.04266858101, 3.78724575043], [-102.732620239, 64.2613754272, 34.7423629761, -20.1787223816, -17.9541015625, 11.7956905365, 113.262962341, 24.0787811279, 18.9625511169, -18.5327548981, 19.7853240967, 14.0630950928, -6.3839173317], [-51.1017837524, 54.0369682312, -24.9082946777, -21.9799423218, -30.6131515503, 13.4839401245, 24.0787811279, 107.052246094, -12.261800766, 30.8300266266, 23.1838550568, -7.19077730179, 7.29822254181], [-12.4523258209, -4.45866537094, -19.7249889374, 47.3209152222, -3.53844571114, -5.10939693451, 18.9625511169, -12.261800766, 120.042503357, -5.16015958786, -8.86882209778, 3.38267302513, -22.04570961], [-31.9228286743, 45.1825714111, -13.6504974365, -18.0007514954, 20.0131835938, 1.03952968121, -18.5327548981, 30.8300266266, -5.16015958786, 96.3994674683, 20.2200698853, -4.91069698334, -1.10644161701], [-56.047908783, 55.3787651062, -29.8513946533, -26.8141822815, -23.3446578979, 11.7758693695, 19.7853240967, 23.1838550568, -8.86882209778, 20.2200698853, 76.3542404175, 13.495344162, -4.46900653839], [-56.541809082, 26.9586143494, 10.1209115982, 9.19072723389, 4.01401233673, -3.04266858101, 14.0630950928, -7.19077730179, 3.38267302513, -4.91069698334, 13.495344162, 70.77368927, 9.35676574707], [-116.222290039, 63.9645080566, 26.7758865356, 13.3656215668, 27.0843086243, 3.78724575043, -6.3839173317, 7.29822254181, -22.04570961, -1.10644161701, -4.46900653839, 9.35676574707, 80.5480117798]]
        icov: [[0.00173844012897, 0.0020062038675, 0.000955637427978, 0.000557404069696, 0.00132225698326, 1.62730666489e-05, -1.428143878e-05, 0.000611406227108, 0.000341473205481, -0.000742929172702, 0.00082380179083, 0.000166422134498, 0.000112784589874], [0.0020062038675, 0.00466321967542, 0.0015756979119, -0.000340843951562, 0.00108860200271, 0.000688548956532, -0.00185683032032, 0.00039851263864, 0.000740222807508, -0.00198090123013, -0.000341464969097, 0.000142075470649, -0.00171739142388], [0.000955637427978, 0.0015756979119, 0.00566604966298, 0.00253543979488, -0.00212251930498, 0.0005822548992, -0.002413229784, 0.00097517989343, 0.000450359395472, 8.19499382487e-06, 0.00231168675236, -0.000521273468621, -0.00145774893463], [0.000557404069696, -0.000340843951562, 0.00253543979488, 0.0091385692358, -0.000581667234655, -0.00141436001286, 0.0016852885019, 0.000947467109654, -0.00329061062075, 0.00155504047871, 0.00354897556826, -0.00145546009298, -0.0014877661597], [0.00132225698326, 0.00108860200271, -0.00212251930498, -0.000581667234655, 0.00991335324943, -0.00154591398314, 0.00114849791862, 0.00296165375039, 0.000130559536046, -0.00370672252029, 0.00213053287007, -8.13892165752e-06, -0.00148854579311], [1.62730666489e-05, 0.000688548956532, 0.0005822548992, -0.00141436001286, -0.00154591398314, 0.013129173778, -0.00195709103718, -0.00147309317254, 0.00103466678411, 0.000425384612754, -0.0025553656742, 0.00128962809686, -0.000603868451435], [-1.428143878e-05, -0.00185683032032, -0.002413229784, 0.0016852885019, 0.00114849791862, -0.00195709103718, 0.0140466829762, -0.00340401264839, -0.00320957973599, 0.00460566440597, -0.00208326359279, -0.00191060011275, 0.00239521777257], [0.000611406227108, 0.00039851263864, 0.00097517989343, 0.000947467109654, 0.00296165375039, -0.00147309317254, -0.00340401264839, 0.0135745238513, 0.00109740416519, -0.00509207230061, -0.000219961468247, 0.00184372952208, -0.00233795982786], [0.000341473205481, 0.000740222807508, 0.000450359395472, -0.00329061062075, 0.000130559536046, 0.00103466678411, -0.00320957973599, 0.00109740416519, 0.0109739499167, -0.00136632658541, 0.000925850996282, -3.85531275242e-05, 0.00289545045234], [-0.000742929172702, -0.00198090123013, 8.19499382487e-06, 0.00155504047871, -0.00370672252029, 0.000425384612754, 0.00460566440597, -0.00509207230061, -0.00136632658541, 0.0153400441632, -0.0035711391829, 0.000313963537337, 0.0018952828832], [0.00082380179083, -0.000341464969097, 0.00231168675236, 0.00354897556826, 0.00213053287007, -0.0025553656742, -0.00208326359279, -0.000219961468247, 0.000925850996282, -0.0035711391829, 0.0195799134672, -0.0040157623589, 0.00111822586041], [0.000166422134498, 0.000142075470649, -0.000521273468621, -0.00145546009298, -8.13892165752e-06, 0.00128962809686, -0.00191060011275, 0.00184372952208, -3.85531275242e-05, 0.000313963537337, -0.0040157623589, 0.0161404293031, -0.0019382617902], [0.000112784589874, -0.00171739142388, -0.00145774893463, -0.0014877661597, -0.00148854579311, -0.000603868451435, 0.00239521777257, -0.00233795982786, 0.00289545045234, 0.0018952828832, 0.00111822586041, -0.0019382617902, 0.0167092531919]]
    spectral_contrast:
        mean: [-3.41179543284e-07, -4.29350507147e-07, 1.29450597797e-07, -7.89018201885e-07, -3.04529777395e-07, 1.74855273372e-07, 4.01809302275e-06, 5.25516590244e-08, -2.56573093793e-06, -2.94017877422e-06, -9.24719017803e-07, -2.30325804296e-06]
        var: [0.000436536996858, 0.000622713356279, 0.00190974306315, 0.00242867041379, 0.0033125563059, 0.00583411706612, 0.042647741735, 0.0646455660462, 0.111944638193, 0.176332846284, 0.338129073381, 1.06745290756]

rhythm:
    beats_loudness:
        dmean: 0.00231995526701
        dmean2: 0.00421567680314
        dvar: 2.44696616392e-06
        dvar2: 8.67377548275e-06
        max: 0.010512067005
        mean: 0.00691367965192
        min: 0.00380600849167
        var: 2.54463793681e-06
    beats_loudness_bass:
        dmean: 0.069713793695
        dmean2: 0.137384682894
        dvar: 0.00753666087985
        dvar2: 0.0202824175358
        max: 0.289160430431
        mean: 0.0702665746212
        min: 0.00917066354305
        var: 0.00517284590751
    bpm: 134.368927002
    bpm_confidence: 0
    first_peak_bpm: 133
    first_peak_spread: 0.428571403027
    first_peak_weight: 0.571428596973
    onset_rate: 3.89809083939
    second_peak_bpm: 0
    second_peak_spread: 0
    second_peak_weight: 0
    beats_position: [0.47203168273, 0.921486318111, 1.37094080448, 1.82039535046, 2.26985001564, 2.71930456161, 3.16875910759, 3.61821389198, 4.06766843796, 4.51712322235, 4.96657800674, 5.41603279114, 5.86548757553, 6.30956315994, 6.7524638176, 7.19536352158, 7.63826370239, 8.08116340637, 8.52406406403, 8.96696376801, 9.40986347198, 9.85276317596]
    bpm_estimates: [133.252761841, 133.530014038, 133.67868042, 134.307785034, 132.8931427, 133.317016602, 135.023788452, 134.610656738, 134.267532349, 135.176651001, 135.240539551, 135.330474854, 134.904953003, 135.631027222]
    bpm_intervals: [0.449454635382, 0.44945448637, 0.449454545975, 0.449454665184, 0.449454545975, 0.449454545975, 0.449454784393, 0.449454545975, 0.449454784393, 0.449454784393, 0.449454784393, 0.449454784393, 0.444075584412, 0.442900657654, 0.442899703979, 0.442900180817, 0.442899703979, 0.442900657654, 0.442899703979, 0.442899703979, 0.442899703979]
    onset_times: [0.0348299331963, 0.208979591727, 0.452789127827, 0.684988677502, 0.835918366909, 1.1261677742, 1.52090704441, 2.2523355484, 2.70512461662, 2.92571425438, 3.16952371597, 3.35528349876, 3.54104304314, 3.80807256699, 4.26086187363, 4.33052158356, 4.48145103455, 4.71365070343, 4.94585037231, 5.15482997894, 5.39863967896, 5.630838871, 6.07201814651, 6.26938772202, 6.52480745316, 6.7570066452, 6.96598625183, 7.14013624191, 7.44199562073, 7.65097522736, 7.8831744194, 8.08054447174, 8.35918331146, 8.498503685, 8.53333377838, 8.99773216248, 9.18349170685, 9.62467098236, 9.8800907135]
    rubato_start: []
    rubato_stop: []
    perceptual_tempo: "unknown"

sfx:
    inharmonicity:
        dmean: 0.071636646986
        dmean2: 0.127555027604
        dvar: 0.0047821556218
        dvar2: 0.013852532953
        max: 0.334851831198
        mean: 0.0756813138723
        min: 0
        var: 0.00515143573284
    oddtoevenharmonicenergyratio:
        dmean: 4.99441957474
        dmean2: 9.75615215302
        dvar: 372.790435791
        dvar2: 1197.45544434
        max: 159.384658813
        mean: 2.97022175789
        min: 0
        var: 194.935180664
    pitch_after_max_to_before_max_energy_ratio: 0.812132656574
    pitch_centroid: 218.615890503
    pitch_max_to_total: 0.512760996819
    pitch_min_to_total: 0.619489550591
    tristimulus:
        dmean: [0.171158179641, 0.269386678934, 0.162593454123]
        dmean2: [0.293144732714, 0.465034335852, 0.288793951273]
        dvar: [0.0232733208686, 0.047915328294, 0.0214167367667]
        dvar2: [0.0607133619487, 0.140709713101, 0.0568994283676]
        max: [1, 0.975399971008, 0.711718678474]
        mean: [0.29836165905, 0.455520063639, 0.148181930184]
        min: [0.0184936728328, 0, 0]
        var: [0.03916804865, 0.0688751190901, 0.0243834666908]

tonal:
    chords_changes_rate: 0.0230414755642
    chords_number_rate: 0.00921658985317
    chords_strength:
        dmean: 0.0110064847395
        dmean2: 0.0111496858299
        dvar: 8.28970514704e-05
        dvar2: 8.18419575808e-05
        max: 0.846840977669
        mean: 0.636341691017
        min: 0.312029033899
        var: 0.0162093881518
    key_strength: 0.596893966198
    tuning_diatonic_strength: 0.549116253853
    tuning_equal_tempered_deviation: 0.193135559559
    tuning_frequency: 440.508575439
    tuning_nontempered_energy_ratio: 0.80351126194
    hpcp:
        dmean: [0.161074638367, 0.147661522031, 0.125332280993, 0.112693704665, 0.0935881659389, 0.152102187276, 0.203888863325, 0.157866686583, 0.109341666102, 0.0791508555412, 0.0824075192213, 0.0837422683835, 0.0680340901017, 0.0707405284047, 0.106234125793, 0.121294505894, 0.118908748031, 0.129233494401, 0.131494894624, 0.148693487048, 0.214355498552, 0.227927938104, 0.206032767892, 0.183924987912, 0.15468159318, 0.104090109468, 0.0994596332312, 0.121372029185, 0.190385073423, 0.227358683944, 0.223352894187, 0.216305837035, 0.201625913382, 0.163233190775, 0.140656888485, 0.161103472114]
        dmean2: [0.266584038734, 0.245233505964, 0.209542453289, 0.189788222313, 0.156146004796, 0.257446587086, 0.329939514399, 0.259218096733, 0.186112746596, 0.135050937533, 0.136469900608, 0.136080369353, 0.10859541595, 0.116729021072, 0.180036529899, 0.198362931609, 0.197928100824, 0.22318738699, 0.231585219502, 0.255453377962, 0.359090358019, 0.397349447012, 0.352051109076, 0.319339990616, 0.256017684937, 0.171983271837, 0.162151247263, 0.201935872436, 0.330625236034, 0.377640277147, 0.37399867177, 0.360720604658, 0.329182565212, 0.264914244413, 0.243612512946, 0.269466131926]
        dvar: [0.02930605039, 0.0275570750237, 0.0219784174114, 0.0177579354495, 0.00829831510782, 0.0278976801783, 0.0448775030673, 0.0300036109984, 0.0231065358967, 0.00918493047357, 0.0102932453156, 0.0127365533262, 0.00706337718293, 0.00595102878287, 0.0141762793064, 0.0207498203963, 0.0210773907602, 0.0265530925244, 0.0314759612083, 0.0294750463217, 0.0443470925093, 0.059393197298, 0.0435223840177, 0.0432372391224, 0.0387157648802, 0.0235936995596, 0.0194094609469, 0.0223373938352, 0.0477208681405, 0.0501279346645, 0.0510465539992, 0.0387193635106, 0.0511945448816, 0.026623846963, 0.023735659197, 0.0350770428777]
        dvar2: [0.0668692588806, 0.0699930414557, 0.0543870031834, 0.0504122301936, 0.0227531846613, 0.0757443457842, 0.116847895086, 0.0773422271013, 0.0560552030802, 0.0234139356762, 0.0232237223536, 0.028499789536, 0.0183944422752, 0.0156298652291, 0.0362568050623, 0.050599809736, 0.0532346814871, 0.0712110325694, 0.0841093361378, 0.0777424648404, 0.115884363651, 0.137960597873, 0.112557835877, 0.111603334546, 0.0969864949584, 0.0626651197672, 0.0484724342823, 0.0565212778747, 0.117355190217, 0.121081225574, 0.140949070454, 0.105499714613, 0.119959518313, 0.0709629133344, 0.0585141740739, 0.0886174589396]
        max: [1, 1, 1, 0.986478745937, 0.543199419975, 1, 1, 1, 1, 0.626637160778, 0.930126190186, 1, 0.731421172619, 0.489035099745, 0.826464653015, 1, 1, 1, 1, 1, 1, 1, 1, 1, 1, 1, 1, 0.973579525948, 1, 1, 1, 1, 1, 1, 1, 1]
        mean: [0.242637380958, 0.218087226152, 0.177391603589, 0.156445860863, 0.146231815219, 0.222830295563, 0.319737225771, 0.255413025618, 0.150111496449, 0.112058945, 0.114821195602, 0.119582474232, 0.0998257994652, 0.105065025389, 0.155411064625, 0.196138128638, 0.191306367517, 0.175639539957, 0.157896801829, 0.180688425899, 0.333543896675, 0.509811341763, 0.435975044966, 0.26745274663, 0.191174820065, 0.143960207701, 0.138227045536, 0.1843252033, 0.2805775702, 0.349613875151, 0.394894868135, 0.36989814043, 0.300561100245, 0.245091095567, 0.198644518852, 0.21686822176]
        min: [0.00342309940606, 0.00250520766713, 0.00318007799797, 0.00282617425546, 0.00829792860895, 0.00547835417092, 0.00636435812339, 0.00498885894194, 0.00662954337895, 0.00137860502582, 0.00225018546917, 0.00194101256784, 0.00113509118091, 0.0011097593233, 0.00158181111328, 0.00101925712079, 0.00266217254102, 0.00199790834449, 0.00257670856081, 0.00590432714671, 0.00897945091128, 0.0179114360362, 0.017986331135, 0.00239755166695, 0.00494274450466, 0.00410712650046, 0.00162327417638, 0.00141087861266, 0.00176433520392, 0.00131602492183, 0.00357271032408, 0.00573523063213, 0.0134270954877, 0.0124995848164, 0.0130829811096, 0.0111685069278]
        var: [0.0541711859405, 0.0415154993534, 0.0300804320723, 0.0210500620306, 0.012062898837, 0.0354958809912, 0.0740017965436, 0.0463138408959, 0.0287249479443, 0.012522325851, 0.015200109221, 0.0184200406075, 0.0102307926863, 0.00858756620437, 0.0222814902663, 0.0434230864048, 0.0450365133584, 0.0334819927812, 0.0289399698377, 0.0333174727857, 0.0728811472654, 0.125748857856, 0.0999287441373, 0.0642657056451, 0.0470638126135, 0.026556160301, 0.0258087981492, 0.0355122722685, 0.081518009305, 0.0904670655727, 0.11064299196, 0.088342115283, 0.0748511999846, 0.0416931584477, 0.0338240377605, 0.0467310994864]
    chords_histogram: [93.0875549316, 0.460829496384, 0, 5.99078321457, 0, 0.460829496384, 0, 0, 0, 0, 0, 0, 0, 0, 0, 0, 0, 0, 0, 0, 0, 0, 0, 0]
    thpcp: [1, 0.855169355869, 0.524611234665, 0.374991297722, 0.282379388809, 0.271133720875, 0.361555725336, 0.550355672836, 0.685771107674, 0.774590194225, 0.725558876991, 0.589553594589, 0.48074862361, 0.389643192291, 0.425389170647, 0.475935637951, 0.427780270576, 0.34795537591, 0.306870102882, 0.286835163832, 0.43708384037, 0.627167761326, 0.500995159149, 0.294445186853, 0.219804733992, 0.225222915411, 0.234562203288, 0.195809289813, 0.206086084247, 0.304840356112, 0.384726881981, 0.375249326229, 0.344518691301, 0.309716135263, 0.354422152042, 0.654249668121]
    chords_key: "E"
    chords_scale: "minor"
    key_key: "E"
    key_scale: "minor"
    chords_progression: ["G", "Em", "Em", "Em", "Em", "Em", "Em", "Em", "Em", "Em", "Em", "Em", "Em", "Em", "Em", "Em", "Em", "Em", "Em", "Em", "Em", "Em", "Em", "Em", "Em", "Em", "Em", "Em", "Em", "Em", "Em", "Em", "Em", "Em", "Em", "Em", "Em", "Em", "Em", "Em", "Em", "Em", "Em", "Em", "Em", "Em", "Em", "Em", "Em", "Em", "Em", "Em", "Em", "Em", "Em", "Em", "Em", "Em", "Em", "Em", "Em", "Em", "Em", "Em", "Em", "Em", "Em", "Em", "Em", "Em", "Em", "Em", "Em", "Em", "Em", "Em", "Em", "Em", "Em", "Em", "Em", "Em", "Em", "Em", "Em", "Em", "Em", "Em", "Em", "A", "Em", "D", "D", "D", "D", "D", "D", "D", "D", "D", "D", "D", "D", "D", "Em", "Em", "Em", "Em", "Em", "Em", "Em", "Em", "Em", "Em", "Em", "Em", "Em", "Em", "Em", "Em", "Em", "Em", "Em", "Em", "Em", "Em", "Em", "Em", "Em", "Em", "Em", "Em", "Em", "Em", "Em", "Em", "Em", "Em", "Em", "Em", "Em", "Em", "Em", "Em", "Em", "Em", "Em", "Em", "Em", "Em", "Em", "Em", "Em", "Em", "Em", "Em", "Em", "Em", "Em", "Em", "Em", "Em", "Em", "Em", "Em", "Em", "Em", "Em", "Em", "Em", "Em", "Em", "Em", "Em", "Em", "Em", "Em", "Em", "Em", "Em", "Em", "Em", "Em", "Em", "Em", "Em", "Em", "Em", "Em", "Em", "Em", "Em", "Em", "Em", "Em", "Em", "Em", "Em", "Em", "Em", "Em", "Em", "Em", "Em", "Em", "Em", "Em", "Em", "Em", "Em", "Em", "Em", "Em", "Em", "Em", "Em", "Em"]
