
metadata:
    version:
        essentia: "1.2.2"
    audio_properties:
        analysis_sample_rate: 44100
        bitrate: 128
        channels: 2
        equal_loudness: 1
        length: 10.0310201645
        replay_gain: -9.31431770325
        downmix: "mix"
    tags:
        track: 2
        year: 0
        album: "Splitted by Mp3Splt v. 2.1"
        artist: "From 000.10 To 000.20"
        comment: "http://mp3splt.sf.net"
        genre: ""
        title: "11 S.O.S.mp3"

highlevel:
    ballroom:
        all:
            ChaChaCha: 0.0395422242582
            Jive: 0.741740584373
            Quickstep: 0.0328739657998
            Rumba-American: 0.00126604759134
            Rumba-International: 0.0111697483808
            Rumba-Misc: 0.00556318182498
            Samba: 0.036984205246
            Tango: 0.00583827123046
            VienneseWaltz: 0.113061770797
            Waltz: 0.0119600249454
        probability: 0.741740584373
        value: "Jive"
    culture:
        all:
            non_western: 0.354424208403
            western: 0.645575761795
        probability: 0.645575761795
        value: "western"
    gender:
        all:
            female: 0.185278579593
            male: 0.814721405506
        probability: 0.814721405506
        value: "male"
    genre_dortmund:
        all:
            alternative: 0.103211566806
            blues: 0.0058648949489
            electronic: 0.0169742442667
            folkcountry: 0.00900619849563
            funksoulrnb: 0.00632764259353
            jazz: 0.007427028846
            pop: 0.0195828080177
            raphiphop: 0.000561755499803
            rock: 0.831043839455
        probability: 0.831043839455
        value: "rock"
    genre_electronica:
        all:
            ambient: 0.170485392213
            dnb: 0.666217327118
            house: 0.0129532227293
            techno: 0.0668974071741
            trance: 0.0834466293454
        probability: 0.666217327118
        value: "dnb"
    genre_rosamerica:
        all:
            cla: 0.00666314968839
            dan: 0.00340796145611
            hip: 0.00143148226198
            jaz: 0.00078016781481
            pop: 0.001866091392
            rhy: 0.000476332847029
            roc: 0.984199345112
            spe: 0.00117549614515
        probability: 0.984199345112
        value: "roc"
    genre_tzanetakis:
        all:
            blu: 0.00437321700156
            cla: 0.014405278489
            cou: 0.0472340360284
            dis: 0.0140092847869
            hip: 0.0143999233842
            jaz: 0.0199639517814
            met: 0.514089047909
            pop: 0.0236189067364
            reg: 0.00405055843294
            roc: 0.343855768442
        probability: 0.514089047909
        value: "met"
    live_studio:
        all:
            live: 0.428344011307
            studio: 0.571655988693
        probability: 0.571655988693
        value: "studio"
    mood:
        all:
            Cluster1: 0.410593450069
            Cluster2: 0.0638729482889
            Cluster3: 0.0282108187675
            Cluster4: 0.0419576130807
            Cluster5: 0.455365151167
        probability: 0.455365151167
        value: "Cluster5"
    mood_acoustic:
        all:
            acoustic: 0.0229074526578
            not_acoustic: 0.977092564106
        probability: 0.977092564106
        value: "not_acoustic"
    mood_aggressive:
        all:
            aggressive: 0.989295601845
            not_aggressive: 0.0107044000179
        probability: 0.989295601845
        value: "aggressive"
    mood_electronic:
        all:
            electronic: 0.352417677641
            not_electronic: 0.647582352161
        probability: 0.647582352161
        value: "not_electronic"
    mood_happy:
        all:
            happy: 0.245589897037
            not_happy: 0.754410088062
        probability: 0.754410088062
        value: "not_happy"
    mood_party:
        all:
            not_party: 0.378602057695
            party: 0.621397972107
        probability: 0.621397972107
        value: "party"
    mood_relaxed:
        all:
            not_relaxed: 0.819275557995
            relaxed: 0.180724412203
        probability: 0.819275557995
        value: "not_relaxed"
    mood_sad:
        all:
            not_sad: 0.939185738564
            sad: 0.0608142726123
        probability: 0.939185738564
        value: "not_sad"
    rhythm:
        all:
            fast: 0.722982764244
            medium: 0.15080575645
            slow: 0.126211449504
        probability: 0.722982764244
        value: "fast"
    speech_music:
        all:
            music: 0.998792767525
            speech: 0.00120725063607
        probability: 0.998792767525
        value: "music"
    timbre:
        all:
            bright: 0.0287305172533
            dark: 0.971269488335
        probability: 0.971269488335
        value: "dark"
    voice_instrumental:
        all:
            instrumental: 0.688502132893
            voice: 0.311497867107
        probability: 0.688502132893
        value: "instrumental"

lowlevel:
    average_loudness: 0.959547579288
    barkbands_kurtosis:
        dmean: 0.397932380438
        dmean2: 0.67657750845
        dvar: 0.270172059536
        dvar2: 0.730468630791
        max: 2.31466293335
        mean: -1.22685492039
        min: -1.80457878113
        var: 0.389599740505
    barkbands_skewness:
        dmean: 0.383515447378
        dmean2: 0.589449703693
        dvar: 0.106872268021
        dvar2: 0.277876734734
        max: 1.84748005867
        mean: 0.173572435975
        min: -1.26772046089
        var: 0.325354784727
    barkbands_spread:
        dmean: 4.0436463356
        dmean2: 6.82696723938
        dvar: 12.3641519547
        dvar2: 33.0583992004
        max: 51.9384765625
        mean: 33.36951828
        min: 14.9741725922
        var: 30.2882194519
    dissonance:
        dmean: 0.00993771664798
        dmean2: 0.0169158671051
        dvar: 7.11076136213e-05
        dvar2: 0.000202482144232
        max: 0.499656558037
        mean: 0.480267435312
        min: 0.420550435781
        var: 0.000113646470709
    hfc:
        dmean: 1.39998841286
        dmean2: 2.25441980362
        dvar: 3.02686524391
        dvar2: 7.563788414
        max: 22.6738300323
        mean: 7.04154062271
        min: 0.995415866375
        var: 11.25963974
    pitch:
        dmean: 782.279296875
        dmean2: 1512.08862305
        dvar: 1401122.875
        dvar2: 3551369.5
        max: 3675
        mean: 1429.1151123
        min: 82.8947372437
        var: 1942757.75
    pitch_instantaneous_confidence:
        dmean: 0.0551220290363
        dmean2: 0.0902403071523
        dvar: 0.00246037379839
        dvar2: 0.00640837382525
        max: 0.562306702137
        mean: 0.303028762341
        min: 0.153180897236
        var: 0.00597617402673
    pitch_salience:
        dmean: 0.058123845607
        dmean2: 0.0956843569875
        dvar: 0.00260693905875
        dvar2: 0.00632110098377
        max: 0.841665923595
        mean: 0.705259501934
        min: 0.427993625402
        var: 0.00469810841605
    silence_rate_20dB:
        dmean: 0
        dmean2: 0
        dvar: 0
        dvar2: 0
        max: 1
        mean: 1
        min: 1
        var: 0
    silence_rate_30dB:
        dmean: 0
        dmean2: 0
        dvar: 0
        dvar2: 0
        max: 1
        mean: 1
        min: 1
        var: 0
    silence_rate_60dB:
        dmean: 0.0603248253465
        dmean2: 0.120930232108
        dvar: 0.0566858612001
        dvar2: 0.12956161797
        max: 1
        mean: 0.226851850748
        min: 0
        var: 0.175388872623
    spectral_centroid:
        dmean: 237.387313843
        dmean2: 370.127044678
        dvar: 39932.2226562
        dvar2: 99607.8984375
        max: 2405.06982422
        mean: 1443.20935059
        min: 644.100219727
        var: 123273.664062
    spectral_complexity:
        dmean: 2.94405603409
        dmean2: 4.7102804184
        dvar: 6.84535837173
        dvar2: 14.8693389893
        max: 36
        mean: 17.3302326202
        min: 3
        var: 37.704914093
    spectral_crest:
        dmean: 1.61662709713
        dmean2: 2.611536026
        dvar: 2.01109576225
        dvar2: 4.78297901154
        max: 15.4195575714
        mean: 6.11888837814
        min: 2.5052087307
        var: 3.83956742287
    spectral_decrease:
        dmean: 3.4278652139e-10
        dmean2: 5.53607104603e-10
        dvar: 2.00307562669e-19
        dvar2: 4.87044616755e-19
        max: -2.51426018893e-10
        mean: -1.16576304166e-09
        min: -3.70800701255e-09
        var: 3.75778277814e-19
    spectral_energy:
        dmean: 0.00138152192812
        dmean2: 0.00222803349607
        dvar: 3.22798950947e-06
        dvar2: 7.82931510912e-06
        max: 0.0150714553893
        mean: 0.0050385473296
        min: 0.00105133780744
        var: 6.57480768496e-06
    spectral_energyband_high:
        dmean: 7.8371806012e-05
        dmean2: 0.000125154634588
        dvar: 9.29795795912e-09
        dvar2: 2.23268372679e-08
        max: 0.000820053566713
        mean: 0.000211160426261
        min: 1.96030305233e-06
        var: 2.5178561458e-08
    spectral_energyband_low:
        dmean: 0.000241019792156
        dmean2: 0.000429980951594
        dvar: 1.42388486779e-07
        dvar2: 3.8797304569e-07
        max: 0.00246382597834
        mean: 0.000279715226498
        min: 3.13683767672e-06
        var: 1.25232304526e-07
    spectral_energyband_middle_high:
        dmean: 0.000429123843787
        dmean2: 0.000687883934006
        dvar: 2.2160891433e-07
        dvar2: 5.49293417862e-07
        max: 0.00665573263541
        mean: 0.00214559701271
        min: 0.000213868814171
        var: 1.06098389097e-06
    spectral_energyband_middle_low:
        dmean: 0.00110342027619
        dmean2: 0.00171925115865
        dvar: 2.30238651966e-06
        dvar2: 5.8268428802e-06
        max: 0.0114391623065
        mean: 0.00240203691646
        min: 0.000362839025911
        var: 3.20432081935e-06
    spectral_flatness_db:
        dmean: 0.0123386140913
        dmean2: 0.019459547475
        dvar: 9.81978882919e-05
        dvar2: 0.000254669430433
        max: 0.289308518171
        mean: 0.158406242728
        min: 0.0983052775264
        var: 0.00144043785986
    spectral_flux:
        dmean: 0.00798247568309
        dmean2: 0.0131241371855
        dvar: 8.67243070388e-05
        dvar2: 0.000214084866457
        max: 0.0952389091253
        mean: 0.041026853025
        min: 0.0161050800234
        var: 0.000180180402822
    spectral_kurtosis:
        dmean: 1.87555766106
        dmean2: 3.2952773571
        dvar: 5.79827547073
        dvar2: 17.5954856873
        max: 21.7552185059
        mean: 5.2366566658
        min: 0.634254455566
        var: 7.01321744919
    spectral_rms:
        dmean: 0.000280999578536
        dmean2: 0.000448119739303
        dvar: 1.04729423356e-07
        dvar2: 2.48689616456e-07
        max: 0.00383456121199
        mean: 0.00214879121631
        min: 0.00101276615169
        var: 2.98352915706e-07
    spectral_rolloff:
        dmean: 281.58795166
        dmean2: 479.113800049
        dvar: 85494.6171875
        dvar2: 231319.75
        max: 3983.64257812
        mean: 2921.75512695
        min: 753.662109375
        var: 183753.53125
    spectral_skewness:
        dmean: 0.203885883093
        dmean2: 0.34983882308
        dvar: 0.0486889146268
        dvar2: 0.149082899094
        max: 2.91009998322
        mean: 1.46159625053
        min: 0.402845144272
        var: 0.0962042734027
    spectral_spread:
        dmean: 329489.34375
        dmean2: 472066.6875
        dvar: 214652059648
        dvar2: 315519107072
        max: 10047891
        mean: 3636547.25
        min: 1747485
        var: 956607692800
    spectral_strongpeak:
        dmean: 0.310567170382
        dmean2: 0.533063828945
        dvar: 0.186130389571
        dvar2: 0.434150099754
        max: 2.71732211113
        mean: 0.467002123594
        min: 0.0309445429593
        var: 0.315893292427
    zerocrossingrate:
        dmean: 0.00673919171095
        dmean2: 0.00894878059626
        dvar: 3.24072279909e-05
        dvar2: 4.88291298097e-05
        max: 0.1220703125
        mean: 0.0853572413325
        min: 0.03662109375
        var: 0.000208430807106
    barkbands:
        dmean: [8.80653828972e-07, 7.66839948483e-05, 0.00018360951799, 0.000316303427098, 0.000633051909972, 0.000218910601689, 0.0002442827099, 7.15073401807e-05, 8.9504828793e-05, 3.90157110814e-05, 2.34398303292e-05, 2.70505934168e-05, 4.2853422201e-05, 9.45439605857e-05, 2.86393715214e-05, 0.000109739681648, 0.000212291168282, 0.000119167896628, 0.000165489545907, 8.27493277029e-05, 3.63078834198e-05, 8.50011110742e-06, 1.61785385444e-06, 7.95088283212e-07, 4.6389808972e-07, 2.0572784365e-08, 7.95534027542e-10]
        dmean2: [1.28324768411e-06, 0.000135605499963, 0.000326692854287, 0.000534835387953, 0.000981919001788, 0.000371013302356, 0.00041595561197, 0.000119003467262, 0.000145488782437, 6.54163231957e-05, 3.89237211493e-05, 4.58487447759e-05, 7.20659008948e-05, 0.000136350252433, 4.91816608701e-05, 0.000183184165508, 0.000360495876521, 0.000202331051696, 0.000281975168036, 0.000135053982376, 6.03457920079e-05, 1.31057004182e-05, 2.44372517955e-06, 1.18298044072e-06, 6.45081286166e-07, 2.72736109252e-08, 9.85412529353e-10]
        dvar: [2.48209222273e-12, 1.37053950411e-08, 8.13936438249e-08, 2.56760330331e-07, 8.14903728497e-07, 5.86360933141e-08, 1.45987854694e-07, 4.94656138272e-09, 8.21050871735e-09, 3.52755891164e-09, 1.20892962308e-09, 1.28326471671e-09, 3.31261773567e-09, 2.17793711954e-08, 1.71965741647e-09, 1.38982318987e-08, 3.84615077564e-08, 1.52030850131e-08, 5.06397945799e-08, 1.08325881598e-08, 2.81848167027e-09, 1.65077368441e-10, 6.49046701801e-12, 1.9512481908e-12, 6.05058104314e-13, 1.55639815899e-15, 1.40016875522e-16]
        dvar2: [4.97600701962e-12, 3.77886131275e-08, 2.19878288021e-07, 6.59055842789e-07, 1.96810219677e-06, 1.67710197729e-07, 4.30699088838e-07, 1.34801396712e-08, 2.09369037663e-08, 8.83675976837e-09, 3.2015525786e-09, 3.14989767602e-09, 8.12486167234e-09, 3.49201165761e-08, 4.6889612193e-09, 4.06769693484e-08, 9.06296691028e-08, 4.077870841e-08, 1.49280495521e-07, 2.71145292885e-08, 7.41436290141e-09, 3.97514382522e-10, 1.26398908701e-11, 3.74924960869e-12, 1.0045379242e-12, 2.43346805922e-15, 1.41294214441e-16]
        max: [1.32613695314e-05, 0.000961812271271, 0.00188478303608, 0.00388771854341, 0.00593931367621, 0.00230755307712, 0.00392203731462, 0.000536025618203, 0.00101149571128, 0.000824452494271, 0.000313280324917, 0.000433170585893, 0.00060730939731, 0.00193696306087, 0.000588531547692, 0.00178887182847, 0.00293552363291, 0.00149845436681, 0.00284994742833, 0.000932903029025, 0.000500186812133, 9.68602107605e-05, 2.37599397224e-05, 1.7550017219e-05, 7.72778912506e-06, 4.24338168159e-07, 2.45644969254e-07]
        mean: [8.90585056368e-07, 8.96524652489e-05, 0.000189212150872, 0.000371243717382, 0.000899264239706, 0.000410428503528, 0.000394688104279, 0.000129195075715, 0.000185812314157, 6.30782597e-05, 3.6753648601e-05, 5.06500909978e-05, 8.97936406545e-05, 0.000268966134172, 5.56802297069e-05, 0.000259739288595, 0.00054522784194, 0.000288737443043, 0.000398928474169, 0.000203240822884, 8.53778474266e-05, 1.608490129e-05, 3.27771931552e-06, 1.62732510489e-06, 9.5951656931e-07, 3.96052080021e-08, 8.16803680248e-10]
        min: [4.61523527728e-11, 1.17039988368e-07, 1.26639793052e-06, 2.27321129387e-06, 2.63396668743e-05, 2.75843358395e-05, 1.64232169482e-05, 7.72644489189e-06, 1.35971240525e-05, 2.39199584939e-06, 2.11506676351e-06, 2.24669656745e-06, 2.48300329986e-06, 3.60885155715e-06, 2.85108558273e-06, 2.94435521937e-05, 3.91096691601e-05, 1.60900126502e-05, 2.92329295917e-05, 2.04918410418e-06, 1.17118815979e-06, 1.81306560876e-08, 1.15203624418e-10, 1.23956192533e-10, 5.17768952712e-11, 3.68078787935e-12, 1.79130104846e-12]
        var: [3.16094437951e-12, 1.36343514257e-08, 7.2061368428e-08, 2.62558529585e-07, 1.01491116311e-06, 9.2006523289e-08, 2.17883950882e-07, 1.00349426546e-08, 1.69582161647e-08, 7.36794936174e-09, 1.72070635518e-09, 3.17634407665e-09, 8.24121926257e-09, 1.22687765725e-07, 3.37343131207e-09, 2.99182403296e-08, 1.20939162684e-07, 3.96677641845e-08, 7.24466673319e-08, 2.56392542752e-08, 4.87985252207e-09, 2.83215090269e-10, 1.41457149813e-11, 4.60784709e-12, 1.57470184895e-12, 3.70738062442e-15, 1.39809908315e-16]
    mfcc:
        mean: [-710.888183594, 136.843887329, -65.5712051392, 67.282333374, -7.95641469955, -16.0798683167, -9.85317707062, -12.5467433929, -5.95594358444, -8.80847549438, -3.78211545944, 0.611986041069, -8.59585189819]
        cov: [[2820.2578125, -1721.984375, 1236.11645508, -640.663879395, 280.912231445, 294.9815979, 204.373413086, 69.6628265381, -97.565246582, 84.4916992188, 70.8840332031, -106.560012817, 57.7442131042], [-1721.984375, 1361.0715332, -803.113952637, 455.382873535, -188.519454956, -110.857971191, -61.458190918, -42.0251159668, 72.9175186157, -40.7316513062, -21.5977401733, 79.4407958984, -33.9396705627], [1236.11645508, -803.113952637, 681.710754395, -307.725219727, 154.807113647, 126.76146698, 93.2033538818, 31.5568027496, -33.1609115601, 40.7347831726, 32.3386650085, -67.4413070679, 22.3600883484], [-640.663879395, 455.382873535, -307.725219727, 240.234634399, -60.2957305908, -49.6651420593, -34.4100723267, 8.77444076538, 36.9403877258, -18.4172897339, -18.5461444855, 36.6651039124, -1.6255248785], [280.912231445, -188.519454956, 154.807113647, -60.2957305908, 101.801582336, 44.6070137024, 39.2072906494, 9.89290714264, 3.98371315002, 25.7117862701, 29.9869632721, -4.81292772293, 11.2730741501], [294.9815979, -110.857971191, 126.76146698, -49.6651420593, 44.6070137024, 105.33114624, 81.8591690063, 12.8588218689, 0.44289958477, 29.4106292725, 22.0279655457, 1.93180608749, 3.87965917587], [204.373413086, -61.458190918, 93.2033538818, -34.4100723267, 39.2072906494, 81.8591690063, 120.225112915, 28.3998508453, 15.8209009171, 26.2960987091, 18.1996688843, 3.65559101105, 12.2604045868], [69.6628265381, -42.0251159668, 31.5568027496, 8.77444076538, 9.89290714264, 12.8588218689, 28.3998508453, 54.161907196, 21.8954524994, 4.9346909523, -7.26228570938, 3.1727502346, 17.8841552734], [-97.565246582, 72.9175186157, -33.1609115601, 36.9403877258, 3.98371315002, 0.44289958477, 15.8209009171, 21.8954524994, 45.691204071, 17.1965312958, 6.7876496315, 5.78459501266, 6.60519456863], [84.4916992188, -40.7316513062, 40.7347831726, -18.4172897339, 25.7117862701, 29.4106292725, 26.2960987091, 4.9346909523, 17.1965312958, 53.2959251404, 31.1794033051, 8.06430244446, -0.228118687868], [70.8840332031, -21.5977401733, 32.3386650085, -18.5461444855, 29.9869632721, 22.0279655457, 18.1996688843, -7.26228570938, 6.7876496315, 31.1794033051, 57.2345581055, 15.7845582962, 0.160701587796], [-106.560012817, 79.4407958984, -67.4413070679, 36.6651039124, -4.81292772293, 1.93180608749, 3.65559101105, 3.1727502346, 5.78459501266, 8.06430244446, 15.7845582962, 46.2818565369, 16.5539283752], [57.7442131042, -33.9396705627, 22.3600883484, -1.6255248785, 11.2730741501, 3.87965917587, 12.2604045868, 17.8841552734, 6.60519456863, -0.228118687868, 0.160701587796, 16.5539283752, 46.6857528687]]
        icov: [[0.00372656900436, 0.00244658114389, -0.00247913086787, 0.000811221194454, 0.00134263373911, -0.00469624437392, 0.00029671433731, -0.00164819147903, 0.00250173779204, 0.000259132066276, -0.00209890468977, 0.0015899160644, -0.00190473336261], [0.00244658114389, 0.00554161146283, 0.000884145847522, -0.00338044925593, 0.00287060951814, -0.00377094838768, -0.00167843711097, 0.0026603336446, -0.00145075609908, 0.00172202195972, -0.00294535350986, 0.00169157551136, -0.000872721604537], [-0.00247913086787, 0.000884145847522, 0.00960814300925, 0.0022910379339, -0.00378445908427, -0.00114615948405, 0.000181486670044, -0.000568090064917, -0.0016354941763, 0.000505252857693, -0.00056023162324, 0.0054185516201, -0.00131941901054], [0.000811221194454, -0.00338044925593, 0.0022910379339, 0.0162834189832, -0.00313123990782, -0.00278015737422, 0.00410904595628, -0.00713115045801, -0.00267558102496, 0.00153697794303, 0.002422376303, -0.00268888357095, -2.02829396585e-05], [0.00134263373911, 0.00287060951814, -0.00378445908427, -0.00313123990782, 0.0200947076082, -0.00325772585347, -0.00180413818453, 0.00213632476516, -0.00260064820759, -8.71395313879e-05, -0.00791663397104, 0.0014325582888, -0.0029095034115], [-0.00469624437392, -0.00377094838768, -0.00114615948405, -0.00278015737422, -0.00325772585347, 0.0333125256002, -0.0162971764803, 0.00357761303894, 0.00328334164806, -0.00690996274352, 0.00407041795552, -0.00744060520083, 0.0065730898641], [0.00029671433731, -0.00167843711097, 0.000181486670044, 0.00410904595628, -0.00180413818453, -0.0162971764803, 0.02223655954, -0.00799542851746, -0.00330940145068, 0.000546198221855, -0.000923692074139, 0.00139975734055, -0.00254015647806], [-0.00164819147903, 0.0026603336446, -0.000568090064917, -0.00713115045801, 0.00213632476516, 0.00357761303894, -0.00799542851746, 0.0373265445232, -0.0184133388102, 0.00187088886742, 0.00825888570398, -0.00450711138546, -0.00483189662918], [0.00250173779204, -0.00145075609908, -0.0016354941763, -0.00267558102496, -0.00260064820759, 0.00328334164806, -0.00330940145068, -0.0184133388102, 0.0469425953925, -0.0161502212286, -0.00409321766347, 0.00930023193359, -0.0051849768497], [0.000259132066276, 0.00172202195972, 0.000505252857693, 0.00153697794303, -8.71395313879e-05, -0.00690996274352, 0.000546198221855, 0.00187088886742, -0.0161502212286, 0.0372313261032, -0.0139603726566, -0.00402049440891, 0.00441856589168], [-0.00209890468977, -0.00294535350986, -0.00056023162324, 0.002422376303, -0.00791663397104, 0.00407041795552, -0.000923692074139, 0.00825888570398, -0.00409321766347, -0.0139603726566, 0.0362842381001, -0.0153168719262, 0.00527676334605], [0.0015899160644, 0.00169157551136, 0.0054185516201, -0.00268888357095, 0.0014325582888, -0.00744060520083, 0.00139975734055, -0.00450711138546, 0.00930023193359, -0.00402049440891, -0.0153168719262, 0.0445620082319, -0.0188778564334], [-0.00190473336261, -0.000872721604537, -0.00131941901054, -2.02829396585e-05, -0.0029095034115, 0.0065730898641, -0.00254015647806, -0.00483189662918, -0.0051849768497, 0.00441856589168, 0.00527676334605, -0.0188778564334, 0.0338776297867]]
    spectral_contrast:
        mean: [3.290817574e-08, -4.34892996282e-07, -3.64246744766e-07, 5.78225694881e-07, -4.90239528972e-07, -3.4671191429e-07, 1.90034859315e-06, 3.68779478777e-06, 6.84344513502e-07, 2.52280116797e-08, -2.97940050586e-06, 2.36616571669e-07]
        var: [0.0002326490212, 0.000457728659967, 0.000866635120474, 0.00130005646497, 0.0020681261085, 0.00352161494084, 0.0314762592316, 0.051858689636, 0.103807583451, 0.116373881698, 0.379399389029, 2.34476613998]

rhythm:
    beats_loudness:
        dmean: 0.00219299993478
        dmean2: 0.00380710349418
        dvar: 2.64059121946e-06
        dvar2: 8.78552509676e-06
        max: 0.0107638714835
        mean: 0.00628244271502
        min: 0.00117125734687
        var: 6.63737910145e-06
    beats_loudness_bass:
        dmean: 0.0399377793074
        dmean2: 0.0694651976228
        dvar: 0.000976424489636
        dvar2: 0.00304818456061
        max: 0.164081782103
        mean: 0.0630953460932
        min: 0.00845329556614
        var: 0.00157544121612
    bpm: 142.549865723
    bpm_confidence: 0
    first_peak_bpm: 143
    first_peak_spread: 0
    first_peak_weight: 0.956521749496
    onset_rate: 3.0904135704
    second_peak_bpm: 151
    second_peak_spread: 0
    second_peak_weight: 0.0434782616794
    beats_position: [0.21011275053, 0.63077545166, 1.05143821239, 1.47210097313, 1.89276361465, 2.31342625618, 2.73408913612, 3.15475201607, 3.57541441917, 3.9960770607, 4.41673946381, 4.83740234375, 5.25806474686, 5.67872714996, 6.07612609863, 6.4971704483, 6.91821575165, 7.33926010132, 7.76030445099, 8.18134880066, 8.60239315033, 9.02343845367, 9.44448280334, 9.86552715302]
    bpm_estimates: [143.171707153, 143.103759766, 141.840393066, 143.285690308, 141.775009155, 141.316940308, 142.370269775, 142.911224365, 142.866607666, 142.570724487, 144.295928955, 141.522125244, 142.135803223, 142.922302246, 142.159606934]
    bpm_intervals: [0.42066270113, 0.420662760735, 0.420662760735, 0.420662641525, 0.420662641525, 0.420662879944, 0.420662879944, 0.420662403107, 0.420662641525, 0.420662403107, 0.420662879944, 0.420662403107, 0.420662403107, 0.397398948669, 0.42104434967, 0.421045303345, 0.42104434967, 0.42104434967, 0.42104434967, 0.42104434967, 0.421045303345, 0.42104434967, 0.42104434967]
    onset_times: [0.0580498874187, 0.557278931141, 0.777868509293, 1.60217690468, 1.82276642323, 1.89242625237, 2.08979582787, 2.19428563118, 2.38004541397, 2.67029476166, 3.52943301201, 3.76163268089, 3.95900225639, 4.38857126236, 4.60916090012, 4.81814050674, 5.23609972, 5.64244890213, 6.06040811539, 6.47836732864, 6.6989569664, 6.90793657303, 7.24462604523, 7.33750581741, 7.58131504059, 7.7670750618, 8.18503379822, 8.60299301147, 9.03256225586, 9.45052146912, 9.86848068237]
    rubato_start: []
    rubato_stop: []
    perceptual_tempo: "unknown"

sfx:
    inharmonicity:
        dmean: 0.0482973530889
        dmean2: 0.086916282773
        dvar: 0.0031034226995
        dvar2: 0.00865174550563
        max: 0.38076120615
        mean: 0.0520803667605
        min: 0
        var: 0.0027218523901
    oddtoevenharmonicenergyratio:
        dmean: 1.82629907131
        dmean2: 3.43867993355
        dvar: 20.2822360992
        dvar2: 58.85389328
        max: 46.5484237671
        mean: 1.26331245899
        min: 0
        var: 11.5718383789
    pitch_after_max_to_before_max_energy_ratio: 1.3114618063
    pitch_centroid: 224.548202515
    pitch_max_to_total: 0.348837196827
    pitch_min_to_total: 0.0395348854363
    tristimulus:
        dmean: [0.20447473228, 0.272914797068, 0.143562942743]
        dmean2: [0.355621188879, 0.478026479483, 0.266631931067]
        dvar: [0.0270912926644, 0.0544866099954, 0.0163814872503]
        dvar2: [0.0828357115388, 0.153757065535, 0.0475613549352]
        max: [1, 0.975148677826, 0.586390078068]
        mean: [0.366233199835, 0.381478428841, 0.11854365468]
        min: [0.00591492187232, 0, 0]
        var: [0.0368294008076, 0.0706428363919, 0.0181167181581]

tonal:
    chords_changes_rate: 0.050925925374
    chords_number_rate: 0.0324074067175
    chords_strength:
        dmean: 0.0108830239624
        dmean2: 0.0120294932276
        dvar: 8.43853340484e-05
        dvar2: 0.000132880639285
        max: 0.632661104202
        mean: 0.486418098211
        min: 0.354511380196
        var: 0.00368642178364
    key_strength: 0.557472467422
    tuning_diatonic_strength: 0.478683590889
    tuning_equal_tempered_deviation: 0.113761246204
    tuning_frequency: 443.828887939
    tuning_nontempered_energy_ratio: 0.778643667698
    hpcp:
        dmean: [0.183153674006, 0.142805591226, 0.0968090519309, 0.103223413229, 0.140360340476, 0.191871359944, 0.219386383891, 0.205244481564, 0.147802338004, 0.114289917052, 0.121576793492, 0.130036875606, 0.141993373632, 0.150434091687, 0.181558772922, 0.172297626734, 0.145685985684, 0.149205446243, 0.157471433282, 0.160326525569, 0.190975040197, 0.253138482571, 0.238380134106, 0.165062323213, 0.116535916924, 0.140029892325, 0.185942009091, 0.200454175472, 0.233958542347, 0.208449587226, 0.170933485031, 0.193623691797, 0.210192248225, 0.216919749975, 0.208943381906, 0.198607757688]
        dmean2: [0.332713395357, 0.262684702873, 0.17178055644, 0.185148343444, 0.25265237689, 0.325534045696, 0.377850651741, 0.354008436203, 0.252527087927, 0.202323630452, 0.211761444807, 0.225917115808, 0.247052848339, 0.253783851862, 0.296991497278, 0.28445982933, 0.250311076641, 0.263568460941, 0.268013507128, 0.27317070961, 0.320343375206, 0.443228155375, 0.415234088898, 0.286533027887, 0.20668028295, 0.254229635, 0.333465725183, 0.336603313684, 0.404333740473, 0.345442503691, 0.291315555573, 0.330317169428, 0.373953431845, 0.375810593367, 0.373335301876, 0.352140694857]
        dvar: [0.0527253188193, 0.0365254543722, 0.0183059871197, 0.0186885520816, 0.0254717729986, 0.0334656238556, 0.0411650724709, 0.0381292328238, 0.0301907155663, 0.0189364161342, 0.0235257409513, 0.0165211278945, 0.0266409609467, 0.0316052213311, 0.0330801308155, 0.0234937425703, 0.0198697727174, 0.0261781066656, 0.0294690802693, 0.0263209100813, 0.0299822874367, 0.0584171265364, 0.0477326735854, 0.0307131614536, 0.0230277944356, 0.0339903943241, 0.045906085521, 0.035504899919, 0.0630813241005, 0.0491877906024, 0.0320731177926, 0.0312892496586, 0.0386556386948, 0.0467772334814, 0.0458742789924, 0.0481110848486]
        dvar2: [0.170327439904, 0.112757503986, 0.051468193531, 0.0521913692355, 0.0699537098408, 0.0958073809743, 0.112929239869, 0.110762402415, 0.0808427259326, 0.0499766431749, 0.0643154531717, 0.047290135175, 0.0718564540148, 0.0806246623397, 0.0885096937418, 0.0635430291295, 0.0552593916655, 0.0689557269216, 0.0756595432758, 0.0646585151553, 0.0821199417114, 0.153536811471, 0.13927307725, 0.0893998742104, 0.0580296590924, 0.0970135629177, 0.125810235739, 0.0769545212388, 0.170845463872, 0.131019622087, 0.06823143363, 0.0903525203466, 0.110138148069, 0.127278253436, 0.128651946783, 0.145932227373]
        max: [1, 1, 1, 0.937234938145, 0.991795003414, 1, 1, 1, 1, 1, 1, 0.810575842857, 1, 1, 1, 1, 1, 0.952536165714, 1, 1, 1, 1, 1, 1, 1, 1, 1, 1, 1, 1, 1, 1, 1, 1, 1, 1]
        mean: [0.210807576776, 0.155148759484, 0.115684278309, 0.114648967981, 0.143418565392, 0.264232248068, 0.382655739784, 0.318324625492, 0.192940160632, 0.159149765968, 0.17444075644, 0.202248394489, 0.235815048218, 0.256945669651, 0.307929188013, 0.312190830708, 0.253645688295, 0.243670299649, 0.257036268711, 0.250600129366, 0.335730284452, 0.471040338278, 0.401265323162, 0.242277696729, 0.170420348644, 0.165908709168, 0.312928050756, 0.435694336891, 0.37627980113, 0.336039215326, 0.339244812727, 0.297285825014, 0.293528020382, 0.330225527287, 0.302657395601, 0.250795722008]
        min: [0.0207923743874, 0.0104284025729, 0.00612005358562, 0.00500741228461, 0.00402410747483, 0.00919894035906, 0.0194608327001, 0.0310406256467, 0.0145480390638, 0.0130766863003, 0.0186909083277, 0.0173277631402, 0.0145312789828, 0.0172760393471, 0.0184434577823, 0.0216649975628, 0.0223574880511, 0.018691862002, 0.0229219458997, 0.0271692555398, 0.0208862014115, 0.0286839865148, 0.0107129020616, 0.0106007158756, 0.012046485208, 0.00825124792755, 0.0181461144239, 0.0322382077575, 0.0262911617756, 0.0154158845544, 0.0190473031253, 0.0165196992457, 0.0209134556353, 0.0224337428808, 0.0198910664767, 0.0253302194178]
        var: [0.0501003041863, 0.0283240471035, 0.0145279355347, 0.0152555815876, 0.0224274769425, 0.0474430173635, 0.0792272984982, 0.0539849698544, 0.0333946160972, 0.0226701255888, 0.0260915495455, 0.02215564996, 0.0388794504106, 0.0408736988902, 0.0529084838927, 0.0470949709415, 0.0350045152009, 0.0406721606851, 0.0536314323545, 0.0466759353876, 0.0538053065538, 0.113670893013, 0.0760562717915, 0.0424995757639, 0.0312110688537, 0.0328828021884, 0.070588812232, 0.0936576873064, 0.0850267261267, 0.0883008167148, 0.0875250026584, 0.0474674403667, 0.0508813597262, 0.0745815932751, 0.0675250068307, 0.0621172748506]
    chords_histogram: [26.851852417, 0, 6.01851844788, 0, 0, 0, 0, 0, 0, 0, 0, 0, 0, 0, 0, 0, 0, 28.2407398224, 1.85185182095, 16.6666660309, 7.87037038803, 0, 0, 12.5]
    thpcp: [1, 0.851870417595, 0.514345943928, 0.361795663834, 0.352217614651, 0.664333879948, 0.924961864948, 0.798827111721, 0.713397979736, 0.720203340054, 0.631126046181, 0.62314838171, 0.701055705547, 0.642529666424, 0.532429397106, 0.44753614068, 0.329374670982, 0.24559314549, 0.243395224214, 0.304471939802, 0.560954630375, 0.812362968922, 0.675790607929, 0.409604340792, 0.337868660688, 0.370330810547, 0.429365336895, 0.500626027584, 0.545485496521, 0.653721511364, 0.662768781185, 0.538479745388, 0.517302393913, 0.54567784071, 0.532014131546, 0.712742090225]
    chords_key: "E"
    chords_scale: "minor"
    key_key: "E"
    key_scale: "major"
    chords_progression: ["Em", "E", "E", "E", "E", "E", "E", "E", "E", "E", "E", "E", "E", "E", "E", "E", "E", "E", "E", "E", "E", "E", "E", "E", "E", "E", "E", "E", "E", "E", "E", "E", "E", "E", "E", "E", "E", "E", "C#m", "C#m", "C#m", "C#m", "C#m", "C#m", "C#m", "C#m", "C#m", "C#m", "C#m", "C#m", "C#m", "Em", "Em", "Em", "Em", "Em", "Em", "Em", "Em", "Em", "Em", "Em", "Em", "D", "D", "D", "D", "D", "D", "D", "D", "D", "D", "D", "D", "D", "D", "D", "D", "D", "Bm", "Bm", "Bm", "Bm", "Bm", "Bm", "Bm", "Bm", "Bm", "Bm", "Bm", "Bm", "Bm", "Bm", "Bm", "Bm", "Em", "Em", "Em", "Em", "Em", "Em", "Em", "Em", "Em", "Em", "Em", "Em", "Em", "Em", "Em", "Em", "Em", "Em", "Em", "Em", "Em", "Em", "Em", "Em", "Em", "Em", "Em", "Em", "Em", "Em", "Em", "Em", "Em", "Em", "Em", "Em", "Em", "Em", "Em", "Em", "Em", "Em", "Em", "Em", "Em", "Em", "Em", "Em", "G", "G", "G", "G", "Bm", "Bm", "Bm", "Bm", "Bm", "Bm", "Bm", "Bm", "Bm", "Bm", "Bm", "Bm", "Bm", "Bm", "Bm", "Bm", "Bm", "Bm", "Bm", "Bm", "B", "B", "B", "B", "B", "B", "B", "B", "B", "B", "B", "B", "B", "E", "E", "E", "E", "E", "E", "E", "E", "E", "E", "E", "E", "E", "E", "E", "E", "E", "E", "E", "E", "E", "C#m", "C#m", "C#m", "C#m", "C#m", "C#m", "C#m", "C#m", "C#m", "C#m", "C#m", "C#m", "C#m", "C#m"]
