
metadata:
    version:
        essentia: "1.2.2"
    audio_properties:
        analysis_sample_rate: 44100
        bitrate: 128
        channels: 2
        equal_loudness: 1
        length: 9.97877597809
        replay_gain: -0.367391586304
        downmix: "mix"
    tags:
        track: 17
        year: 0
        album: "Splitted by Mp3Splt v. 2.1"
        artist: "From 002.40 To 002.50"
        comment: "http://mp3splt.sf.net"
        genre: ""
        title: "07 Nobody Else But You.mp3"

highlevel:
    ballroom:
        all:
            ChaChaCha: 0.0384139828384
            Jive: 0.0587080381811
            Quickstep: 0.318691253662
            Rumba-American: 0.00382227101363
            Rumba-International: 0.00194862810895
            Rumba-Misc: 0.00203735777177
            Samba: 0.0613020285964
            Tango: 0.48616668582
            VienneseWaltz: 0.00929607264698
            Waltz: 0.0196136739105
        probability: 0.48616668582
        value: "Tango"
    culture:
        all:
            non_western: 0.017072474584
            western: 0.982927501202
        probability: 0.982927501202
        value: "western"
    gender:
        all:
            female: 0.919285058975
            male: 0.0807149410248
        probability: 0.919285058975
        value: "female"
    genre_dortmund:
        all:
            alternative: 0.107595615089
            blues: 0.0864663496614
            electronic: 0.136569783092
            folkcountry: 0.187965020537
            funksoulrnb: 0.0348558574915
            jazz: 0.231583297253
            pop: 0.0896721109748
            raphiphop: 0.0146039482206
            rock: 0.110688015819
        probability: 0.231583297253
        value: "jazz"
    genre_electronica:
        all:
            ambient: 0.852849066257
            dnb: 0.0442176125944
            house: 0.018960185349
            techno: 0.00373098929413
            trance: 0.0802421197295
        probability: 0.852849066257
        value: "ambient"
    genre_rosamerica:
        all:
            cla: 0.419271409512
            dan: 0.0464103594422
            hip: 0.0354145877063
            jaz: 0.0943806543946
            pop: 0.279264628887
            rhy: 0.0535202696919
            roc: 0.0680710077286
            spe: 0.00366706564091
        probability: 0.419271409512
        value: "cla"
    genre_tzanetakis:
        all:
            blu: 0.0207905713469
            cla: 0.118890210986
            cou: 0.0370542705059
            dis: 0.101657792926
            hip: 0.0073090759106
            jaz: 0.0642638131976
            met: 0.00592433148995
            pop: 0.512176394463
            reg: 0.0942840576172
            roc: 0.0376494713128
        probability: 0.512176394463
        value: "pop"
    live_studio:
        all:
            live: 0.0457827039063
            studio: 0.95421731472
        probability: 0.95421731472
        value: "studio"
    mood:
        all:
            Cluster1: 0.340244740248
            Cluster2: 0.183838695288
            Cluster3: 0.2257078439
            Cluster4: 0.132658287883
            Cluster5: 0.117550425231
        probability: 0.340244740248
        value: "Cluster1"
    mood_acoustic:
        all:
            acoustic: 0.138135433197
            not_acoustic: 0.861864566803
        probability: 0.861864566803
        value: "not_acoustic"
    mood_aggressive:
        all:
            aggressive: 0.123326919973
            not_aggressive: 0.876673102379
        probability: 0.876673102379
        value: "not_aggressive"
    mood_electronic:
        all:
            electronic: 0.57444268465
            not_electronic: 0.42555731535
        probability: 0.57444268465
        value: "electronic"
    mood_happy:
        all:
            happy: 0.416381418705
            not_happy: 0.583618581295
        probability: 0.583618581295
        value: "not_happy"
    mood_party:
        all:
            not_party: 0.428495615721
            party: 0.571504414082
        probability: 0.571504414082
        value: "party"
    mood_relaxed:
        all:
            not_relaxed: 0.395905077457
            relaxed: 0.604094922543
        probability: 0.604094922543
        value: "relaxed"
    mood_sad:
        all:
            not_sad: 0.470532357693
            sad: 0.529467642307
        probability: 0.529467642307
        value: "sad"
    rhythm:
        all:
            fast: 0.815830290318
            medium: 0.181552156806
            slow: 0.00261752679944
        probability: 0.815830290318
        value: "fast"
    speech_music:
        all:
            music: 0.959123671055
            speech: 0.0408763214946
        probability: 0.959123671055
        value: "music"
    timbre:
        all:
            bright: 0.915197014809
            dark: 0.0848030075431
        probability: 0.915197014809
        value: "bright"
    voice_instrumental:
        all:
            instrumental: 0.0323953963816
            voice: 0.967604577541
        probability: 0.967604577541
        value: "voice"

lowlevel:
    average_loudness: 0.0716707259417
    barkbands_kurtosis:
        dmean: 0.443497627974
        dmean2: 0.72819507122
        dvar: 0.403239667416
        dvar2: 0.995168864727
        max: 4.74831533432
        mean: -0.673718214035
        min: -1.7301748991
        var: 0.728228569031
    barkbands_skewness:
        dmean: 0.29757848382
        dmean2: 0.465225726366
        dvar: 0.0791269466281
        dvar2: 0.163996636868
        max: 2.36029481888
        mean: 0.0134440734982
        min: -1.3410820961
        var: 0.273926347494
    barkbands_spread:
        dmean: 4.50772666931
        dmean2: 7.03381490707
        dvar: 19.0428237915
        dvar2: 44.223072052
        max: 52.0099983215
        mean: 26.2962245941
        min: 9.81967067719
        var: 87.935333252
    dissonance:
        dmean: 0.0215701479465
        dmean2: 0.0368148759007
        dvar: 0.000426546554081
        dvar2: 0.0012404343579
        max: 0.499082922935
        mean: 0.461131006479
        min: 0.361831605434
        var: 0.00064328010194
    hfc:
        dmean: 0.921992897987
        dmean2: 1.27503252029
        dvar: 7.58008623123
        dvar2: 16.5886154175
        max: 48.4548301697
        mean: 3.16172170639
        min: 5.66146400161e-06
        var: 36.441860199
    pitch:
        dmean: 360.805511475
        dmean2: 686.98815918
        dvar: 775474.8125
        dvar2: 1984134.125
        max: 4009.09082031
        mean: 646.532470703
        min: 101.847572327
        var: 851444.0625
    pitch_instantaneous_confidence:
        dmean: 0.0908044800162
        dmean2: 0.141187921166
        dvar: 0.00654826080427
        dvar2: 0.0146582247689
        max: 0.875416815281
        mean: 0.512734174728
        min: 0.189780294895
        var: 0.0289187915623
    pitch_salience:
        dmean: 0.0576912611723
        dmean2: 0.0939800813794
        dvar: 0.002656028606
        dvar2: 0.00699937017635
        max: 0.956755816936
        mean: 0.579600870609
        min: 0.37496355176
        var: 0.00647914316505
    silence_rate_20dB:
        dmean: 0
        dmean2: 0
        dvar: 0
        dvar2: 0
        max: 1
        mean: 1
        min: 1
        var: 0
    silence_rate_30dB:
        dmean: 0
        dmean2: 0
        dvar: 0
        dvar2: 0
        max: 1
        mean: 1
        min: 1
        var: 0
    silence_rate_60dB:
        dmean: 0.0440097786486
        dmean2: 0.088235296309
        dvar: 0.0420722849667
        dvar2: 0.0951559469104
        max: 1
        mean: 0.800000011921
        min: 0
        var: 0.160000652075
    spectral_centroid:
        dmean: 215.840835571
        dmean2: 345.359466553
        dvar: 38539.0742188
        dvar2: 87482.1015625
        max: 3219.33959961
        mean: 1712.08068848
        min: 499.689178467
        var: 169665.453125
    spectral_complexity:
        dmean: 1.30569946766
        dmean2: 1.87012982368
        dvar: 8.59048175812
        dvar2: 19.1728649139
        max: 47
        mean: 4.66666650772
        min: 0
        var: 47.6793479919
    spectral_crest:
        dmean: 2.04811143875
        dmean2: 3.34086465836
        dvar: 3.36201429367
        dvar2: 8.61866283417
        max: 18.2078304291
        mean: 7.03653764725
        min: 2.66461253166
        var: 8.73439311981
    spectral_decrease:
        dmean: 1.13211530428e-10
        dmean2: 1.47705903064e-10
        dvar: 8.66883407874e-20
        dvar2: 1.60363993166e-19
        max: -5.63310844182e-16
        mean: -4.25651291991e-10
        min: -4.75240158337e-09
        var: 5.6469144047e-19
    spectral_energy:
        dmean: 0.000503944465891
        dmean2: 0.000664052378852
        dvar: 1.7964308654e-06
        dvar2: 3.39813959727e-06
        max: 0.0223316550255
        mean: 0.00189328286797
        min: 2.63958122027e-09
        var: 1.1379096577e-05
    spectral_energyband_high:
        dmean: 4.62401221739e-05
        dmean2: 6.94940754329e-05
        dvar: 5.29678310102e-08
        dvar2: 1.30198429815e-07
        max: 0.00357638136484
        mean: 7.88048055256e-05
        min: 3.10980879936e-10
        var: 6.1607906332e-08
    spectral_energyband_low:
        dmean: 3.3376742067e-05
        dmean2: 5.51328703295e-05
        dvar: 7.58938956125e-09
        dvar2: 2.01519583243e-08
        max: 0.00101522600744
        mean: 5.07453623868e-05
        min: 5.70049771276e-11
        var: 1.13616547281e-08
    spectral_energyband_middle_high:
        dmean: 0.000357394863386
        dmean2: 0.000469574530143
        dvar: 9.32746104354e-07
        dvar2: 1.49260904436e-06
        max: 0.0170271713287
        mean: 0.00136637594551
        min: 1.94161908773e-09
        var: 7.48005140849e-06
    spectral_energyband_middle_low:
        dmean: 0.000156706388225
        dmean2: 0.000229756944464
        dvar: 1.78341068136e-07
        dvar2: 4.16728795471e-07
        max: 0.00507201673463
        mean: 0.000397356838221
        min: 3.15899750802e-10
        var: 4.46535494802e-07
    spectral_flatness_db:
        dmean: 0.0156270246953
        dmean2: 0.0237625967711
        dvar: 0.000202158858883
        dvar2: 0.000437504000729
        max: 0.213444769382
        mean: 0.147519797087
        min: 0.0552197508514
        var: 0.000747138808947
    spectral_flux:
        dmean: 0.0043357219547
        dmean2: 0.00616180663928
        dvar: 5.26681396877e-05
        dvar2: 9.25529820961e-05
        max: 0.113962039351
        mean: 0.0176424235106
        min: 5.13768536621e-05
        var: 0.000346273300238
    spectral_kurtosis:
        dmean: 1.03389048576
        dmean2: 1.76125347614
        dvar: 0.982154250145
        dvar2: 2.6367430687
        max: 13.5661907196
        mean: 3.70099043846
        min: 0.848171472549
        var: 2.83303022385
    spectral_rms:
        dmean: 0.000128977553686
        dmean2: 0.000160609706654
        dvar: 5.13891791343e-08
        dvar2: 7.37455465583e-08
        max: 0.00466765230522
        mean: 0.000961321988143
        min: 1.60474337463e-06
        var: 9.22964488836e-07
    spectral_rolloff:
        dmean: 417.554229736
        dmean2: 691.355529785
        dvar: 211559.921875
        dvar2: 567287.8125
        max: 5469.43359375
        mean: 3216.0690918
        min: 344.53125
        var: 528592.0625
    spectral_skewness:
        dmean: 0.149843081832
        dmean2: 0.24416911602
        dvar: 0.0166473854333
        dvar2: 0.0463835224509
        max: 2.63295936584
        mean: 1.46391987801
        min: 0.751145839691
        var: 0.0778108984232
    spectral_spread:
        dmean: 463548.84375
        dmean2: 667494.4375
        dvar: 1.20525776486e+12
        dvar2: 1.47222940877e+12
        max: 23754424
        mean: 4494155.5
        min: 2952118.5
        var: 2.05790982963e+12
    spectral_strongpeak:
        dmean: 0.252723693848
        dmean2: 0.413851439953
        dvar: 0.237152114511
        dvar2: 0.56971436739
        max: 5.71583127975
        mean: 0.646612882614
        min: 1.81410341611e-05
        var: 1.05044472218
    zerocrossingrate:
        dmean: 0.00734192831442
        dmean2: 0.00942573044449
        dvar: 4.60008632217e-05
        dvar2: 7.30882384232e-05
        max: 0.16650390625
        mean: 0.0959037393332
        min: 0.0439453125
        var: 0.000398487725761
    barkbands:
        dmean: [1.2954907902e-07, 9.22675371839e-06, 2.66227289103e-05, 5.72014032514e-05, 3.8348709495e-05, 2.96368270938e-05, 3.69865556422e-05, 5.24342176504e-05, 1.45831836562e-05, 4.66753299406e-05, 0.000165140692843, 7.1298883995e-05, 1.83630945685e-05, 4.26478000009e-05, 7.90580234025e-05, 5.2371637139e-05, 3.96139912482e-05, 3.6495130189e-05, 8.09872435639e-05, 5.25223040313e-05, 2.18315017264e-05, 9.24521646084e-06, 3.08423932438e-06, 1.07549624317e-06, 8.19452054657e-07, 2.60005315056e-08, 2.10847242443e-10]
        dmean2: [1.92746000494e-07, 1.51837875819e-05, 4.3179923523e-05, 9.70367764239e-05, 6.5974156314e-05, 5.27986812813e-05, 5.87047361478e-05, 7.37195805414e-05, 2.20272322622e-05, 6.83154576109e-05, 0.000225204377784, 0.000104395694507, 2.8608887078e-05, 5.93807199039e-05, 0.000135548252729, 7.92141800048e-05, 6.54766190564e-05, 6.02027321293e-05, 0.000119151678518, 8.7912856543e-05, 3.57945718861e-05, 1.42047292684e-05, 4.04681941291e-06, 1.53146356752e-06, 1.20822085137e-06, 4.15406233856e-08, 3.70948882722e-10]
        dvar: [4.47071958447e-13, 8.25279289351e-10, 4.55959536794e-09, 3.69284904878e-08, 2.07223678217e-08, 1.4678206206e-08, 1.04760387032e-08, 1.3352233097e-08, 8.4616619267e-10, 2.99367179935e-08, 3.19169004115e-07, 4.11282137236e-08, 5.31947952354e-09, 2.22019416185e-08, 1.09048841068e-07, 4.75570480774e-08, 8.37998470615e-09, 7.95641064144e-09, 4.56146871386e-08, 2.34101840135e-08, 1.45809240237e-08, 3.2006246542e-09, 2.9106231314e-10, 1.90421307195e-11, 1.69407404771e-11, 1.81978845377e-14, 1.51575377519e-18]
        dvar2: [1.04385694966e-12, 2.27603424996e-09, 1.20229071143e-08, 8.16028133954e-08, 6.00310912091e-08, 4.33068407801e-08, 2.655912823e-08, 2.27883720783e-08, 2.15127582415e-09, 5.69111655579e-08, 7.01324609054e-07, 1.00318700902e-07, 1.05470236988e-08, 4.45419949813e-08, 2.99935550174e-07, 1.11550512827e-07, 2.20396199069e-08, 1.89412716622e-08, 9.68033830873e-08, 6.14910291574e-08, 3.85803531344e-08, 8.09432609827e-09, 5.14743692115e-10, 3.77165729204e-11, 4.03685175565e-11, 4.75103558383e-14, 4.14297008033e-18]
        max: [1.12927918963e-05, 0.000367651577108, 0.0006435107789, 0.0018556198338, 0.00195891689509, 0.00176436046604, 0.00135820393916, 0.00234410585836, 0.000411882123444, 0.0033305909019, 0.00864663999528, 0.00255375890993, 0.00178781850263, 0.00260442611761, 0.00587039347738, 0.00347168371081, 0.00104924628977, 0.000942906131968, 0.00253244163468, 0.00221201544628, 0.0017999712145, 0.000803546980023, 0.000352891511284, 4.94744708703e-05, 5.24447750649e-05, 1.8973855731e-06, 1.84668973446e-08]
        mean: [1.36008011964e-07, 1.18385805763e-05, 3.87730033253e-05, 6.96069109836e-05, 5.14144121553e-05, 4.02553341701e-05, 6.3950974436e-05, 0.00014294651919, 2.68856911134e-05, 6.97636714904e-05, 0.00030203370261, 0.000127549967146, 4.29346437159e-05, 9.46944710449e-05, 0.000250874989433, 0.000113690999569, 5.96121753915e-05, 6.78521610098e-05, 0.000180871982593, 8.68971983436e-05, 3.20839608321e-05, 1.13096411951e-05, 4.760351203e-06, 1.66899474152e-06, 8.55562689139e-07, 2.26267609094e-08, 1.63610652804e-10]
        min: [1.3237211674e-11, 2.99480613919e-11, 1.61940582472e-11, 1.26111916049e-11, 1.99679908025e-11, 8.03860363691e-12, 4.41018532457e-12, 3.3899279217e-11, 2.02311140063e-10, 2.2847509995e-10, 2.41527076117e-10, 3.85738163633e-10, 2.31793820249e-10, 6.97749757278e-12, 1.33346084175e-10, 3.44298589638e-10, 8.15376446917e-11, 1.08852309111e-10, 9.80585057597e-11, 1.54232085436e-10, 1.28416111078e-10, 6.59629365019e-11, 2.74366553782e-11, 2.27139366343e-11, 1.21477879839e-11, 5.20033235224e-12, 8.15961322353e-15]
        var: [4.35417218773e-13, 8.44656178334e-10, 7.08772462943e-09, 4.48820252075e-08, 1.68336224959e-08, 1.22218040133e-08, 2.17498374866e-08, 1.04348288232e-07, 2.74897749009e-09, 5.67949776098e-08, 7.00216958194e-07, 9.24077170339e-08, 2.69414233145e-08, 5.73799425752e-08, 8.05295485407e-07, 9.91766029301e-08, 1.66556475278e-08, 1.78187491429e-08, 1.34834650112e-07, 3.93946280042e-08, 1.31937243353e-08, 3.06445624432e-09, 5.20365750489e-10, 3.10943146231e-11, 1.70112188225e-11, 1.4865341827e-14, 1.03488276923e-18]
    mfcc:
        mean: [-840.852966309, 103.744743347, -57.4375915527, 33.7326927185, -21.2044010162, -4.48566913605, 3.60326290131, -2.46930718422, -8.77845668793, -2.04173660278, -7.62787818909, -6.03703165054, 0.258989095688]
        cov: [[15397.0830078, 377.620269775, -265.625701904, -59.4489860535, 411.216918945, -99.8292312622, -386.457458496, 92.3935394287, -131.109329224, 249.02961731, 167.791870117, -212.385681152, 225.049606323], [377.620269775, 505.297454834, -92.9584579468, 16.8024368286, 117.363952637, -10.02592659, 29.2848911285, 65.3552398682, -7.22872638702, 84.509262085, 38.9112510681, 46.9726829529, 72.2263717651], [-265.625701904, -92.9584579468, 323.905731201, 156.008224487, 18.6827659607, -0.249005958438, -52.5326728821, 5.84702110291, 43.4560508728, -30.7322998047, 28.9232997894, -9.65321731567, -21.1720867157], [-59.4489860535, 16.8024368286, 156.008224487, 233.965164185, 84.7234725952, 8.65723705292, -30.7995948792, 19.2370433807, 44.1330184937, 13.2250061035, 41.3901023865, -1.84600782394, -27.8522224426], [411.216918945, 117.363952637, 18.6827659607, 84.7234725952, 200.509292603, 48.4037818909, 29.513584137, 41.6728858948, 27.024597168, 47.1045379639, 43.4042778015, 17.7152080536, 25.8897209167], [-99.8292312622, -10.02592659, -0.249005958438, 8.65723705292, 48.4037818909, 161.049316406, 99.0022583008, 27.9596328735, -3.02753329277, 19.2772274017, -7.5907292366, 3.65346074104, 11.9535856247], [-386.457458496, 29.2848911285, -52.5326728821, -30.7995948792, 29.513584137, 99.0022583008, 162.41696167, 37.1576194763, -7.79700517654, 28.8360710144, -21.0269451141, 12.9548501968, 10.5467967987], [92.3935394287, 65.3552398682, 5.84702110291, 19.2370433807, 41.6728858948, 27.9596328735, 37.1576194763, 92.7090759277, -1.36118972301, 21.0617160797, 10.4406108856, -0.342022269964, 14.0030117035], [-131.109329224, -7.22872638702, 43.4560508728, 44.1330184937, 27.024597168, -3.02753329277, -7.79700517654, -1.36118972301, 92.6512298584, 16.454410553, 25.0989723206, -1.94587552547, -2.89469814301], [249.02961731, 84.509262085, -30.7322998047, 13.2250061035, 47.1045379639, 19.2772274017, 28.8360710144, 21.0617160797, 16.454410553, 85.5383453369, 20.8421459198, -0.383059442043, 13.2511863708], [167.791870117, 38.9112510681, 28.9232997894, 41.3901023865, 43.4042778015, -7.5907292366, -21.0269451141, 10.4406108856, 25.0989723206, 20.8421459198, 82.4479980469, 7.93138313293, 5.21812582016], [-212.385681152, 46.9726829529, -9.65321731567, -1.84600782394, 17.7152080536, 3.65346074104, 12.9548501968, -0.342022269964, -1.94587552547, -0.383059442043, 7.93138313293, 72.4828033447, 29.9002685547], [225.049606323, 72.2263717651, -21.1720867157, -27.8522224426, 25.8897209167, 11.9535856247, 10.5467967987, 14.0030117035, -2.89469814301, 13.2511863708, 5.21812582016, 29.9002685547, 80.8447189331]]
        icov: [[9.9610289908e-05, 3.90401328332e-05, 8.36539838929e-05, 6.05556670052e-05, -0.000245544360951, -4.95896310895e-05, 0.000390182627598, -5.47422023374e-05, 0.000243359507294, -0.000254924525507, -7.92099381215e-05, 0.000419432559283, -0.000324366643326], [3.90401328332e-05, 0.0033613529522, 0.000935287214816, -0.000612237956375, -0.001109720557, 0.00126384489704, 7.95403138909e-07, -0.00140016607475, 0.000905063876417, -0.00213091634214, -0.000335908844136, -0.00090948282741, -0.00192702526692], [8.36539838929e-05, 0.000935287214816, 0.00567340617999, -0.00369095848873, 0.000483916664962, -0.000603897788096, 0.00127094925847, -0.00098086707294, -0.000913988042157, 0.00170027092099, -0.000733650231268, 0.000628277601209, -0.00141227571294], [6.05556670052e-05, -0.000612237956375, -0.00369095848873, 0.00909441802651, -0.00312237883918, -0.000777494045906, 0.00188489863649, -0.000707180297468, -0.00107492390089, -0.00116922217421, -0.000511958554853, -0.000871223339345, 0.00404483824968], [-0.000245544360951, -0.001109720557, 0.000483916664962, -0.00312237883918, 0.00928484462202, -0.00189905706793, -0.00115443347022, -0.00100135465618, -0.00145274226088, -0.00067776243668, -0.00199958239682, -0.00142919376958, -0.000925843894947], [-4.95896310895e-05, 0.00126384489704, -0.000603897788096, -0.000777494045906, -0.00189905706793, 0.0114407464862, -0.007149127312, -4.13148845837e-05, 0.000975534378085, -0.000250835058978, 0.000140244141221, 0.000856915779877, -0.00181066326331], [0.000390182627598, 7.95403138909e-07, 0.00127094925847, 0.00188489863649, -0.00115443347022, -0.007149127312, 0.0142635190859, -0.00355853955261, 0.000193902204046, -0.00351594109088, 0.00274292053655, -0.00127053458709, 0.000953791080974], [-5.47422023374e-05, -0.00140016607475, -0.00098086707294, -0.000707180297468, -0.00100135465618, -4.13148845837e-05, -0.00355853955261, 0.0143486419693, 0.00116056355182, -0.000167152786162, -0.00116953032557, 0.00232945405878, -0.00150861253496], [0.000243359507294, 0.000905063876417, -0.000913988042157, -0.00107492390089, -0.00145274226088, 0.000975534378085, 0.000193902204046, 0.00116056355182, 0.0139709599316, -0.00333807081915, -0.00277128862217, 0.00145668559708, -0.00131354550831], [-0.000254924525507, -0.00213091634214, 0.00170027092099, -0.00116922217421, -0.00067776243668, -0.000250835058978, -0.00351594109088, -0.000167152786162, -0.00333807081915, 0.0183787886053, -0.00283701880835, 0.0020879318472, -0.000323451822624], [-7.92099381215e-05, -0.000335908844136, -0.000733650231268, -0.000511958554853, -0.00199958239682, 0.000140244141221, 0.00274292053655, -0.00116953032557, -0.00277128862217, -0.00283701880835, 0.016615325585, -0.00237136962824, 0.000786832184531], [0.000419432559283, -0.00090948282741, 0.000628277601209, -0.000871223339345, -0.00142919376958, 0.000856915779877, -0.00127053458709, 0.00232945405878, 0.00145668559708, 0.0020879318472, -0.00237136962824, 0.0197662208229, -0.00784493144602], [-0.000324366643326, -0.00192702526692, -0.00141227571294, 0.00404483824968, -0.000925843894947, -0.00181066326331, 0.000953791080974, -0.00150861253496, -0.00131354550831, -0.000323451822624, 0.000786832184531, -0.00784493144602, 0.019575310871]]
    spectral_contrast:
        mean: [1.63113806906e-08, -1.86890204645e-07, -1.95505549527e-07, 2.46648880875e-07, 2.58565961531e-07, 1.53853520146e-07, 2.77230896017e-07, -1.59892920237e-06, -2.81327766061e-06, 3.79960368946e-07, 2.67450815272e-07, 8.00889267794e-07]
        var: [0.000316157151246, 0.000511968857609, 0.00109885423444, 0.0019940182101, 0.00302461138926, 0.00568432547152, 0.0370509065688, 0.0778407603502, 0.152081981301, 0.261635452509, 0.450469613075, 7.33641052246]

rhythm:
    beats_loudness:
        dmean: 0.00206559710205
        dmean2: 0.00370544590987
        dvar: 1.18099669635e-05
        dvar2: 4.0337235987e-05
        max: 0.0172275099903
        mean: 0.00306246289983
        min: 2.30664272749e-06
        var: 2.34785584325e-05
    beats_loudness_bass:
        dmean: 0.112606734037
        dmean2: 0.200982391834
        dvar: 0.00440857652575
        dvar2: 0.0134512158111
        max: 0.375521808863
        mean: 0.127847880125
        min: 0.00950239878148
        var: 0.0086202993989
    bpm: 122.382530212
    bpm_confidence: 0
    first_peak_bpm: 123
    first_peak_spread: 0.388888895512
    first_peak_weight: 0.611111104488
    onset_rate: 3.00638103485
    second_peak_bpm: 0
    second_peak_spread: 0
    second_peak_weight: 0
    beats_position: [0.13987994194, 0.627515614033, 1.11515128613, 1.60278701782, 2.09042263031, 2.5780582428, 3.0656940937, 3.55332970619, 4.0409655571, 4.52860116959, 5.01623678207, 5.50387239456, 6.00566196442, 6.50450944901, 7.00335645676, 7.50220346451, 8.00105190277, 8.49989891052, 8.99874591827]
    bpm_estimates: [122.53691864, 123.060890198, 122.333442688, 123.901023865, 124.520957947, 123.248794556, 123.522949219, 121.111022949, 123.2110672, 120.901748657, 120.594169617, 120.570999146, 121.45904541]
    bpm_intervals: [0.487635672092, 0.487635672092, 0.487635731697, 0.487635612488, 0.487635612488, 0.487635850906, 0.487635612488, 0.487635850906, 0.487635612488, 0.487635612488, 0.487635612488, 0.501789569855, 0.498847484589, 0.498847007751, 0.498847007751, 0.498848438263, 0.498847007751, 0.498847007751]
    onset_times: [0.0580498874187, 0.46439909935, 0.626938760281, 0.940408170223, 1.1261677742, 1.26548755169, 1.43963718414, 1.60217690468, 1.91564631462, 2.08979582787, 2.48453521729, 2.5890250206, 3.08825397491, 3.49460315704, 3.56426310539, 3.95900225639, 4.07510185242, 4.22603178024, 4.36535167694, 4.53950119019, 4.841360569, 4.92263031006, 5.00390005112, 5.07356023788, 5.36380958557, 5.66566896439, 6.025578022, 6.48997735977, 6.88471651077, 7.54648542404]
    rubato_start: []
    rubato_stop: []
    perceptual_tempo: "unknown"

sfx:
    inharmonicity:
        dmean: 0.0565962903202
        dmean2: 0.102331750095
        dvar: 0.00382649176754
        dvar2: 0.0101867262274
        max: 0.369564890862
        mean: 0.0597922354937
        min: 0.000236972977291
        var: 0.00378170143813
    oddtoevenharmonicenergyratio:
        dmean: 2.90254068375
        dmean2: 5.38931369781
        dvar: 59.3988304138
        dvar2: 171.637649536
        max: 74.8616638184
        mean: 2.23276257515
        min: 0.00298965140246
        var: 35.7455940247
    pitch_after_max_to_before_max_energy_ratio: 2.28103852272
    pitch_centroid: 208.934356689
    pitch_max_to_total: 0.555555582047
    pitch_min_to_total: 0.0930232554674
    tristimulus:
        dmean: [0.174574062228, 0.208608999848, 0.131610348821]
        dmean2: [0.306079804897, 0.36565348506, 0.230734273791]
        dvar: [0.0285990778357, 0.0371980816126, 0.0157613437623]
        dvar2: [0.0761681124568, 0.09883595258, 0.0406870506704]
        max: [0.940399944782, 0.959084689617, 0.777847588062]
        mean: [0.270785719156, 0.554206609726, 0.150911569595]
        min: [0.012735793367, 0, 0]
        var: [0.0381306111813, 0.0493028759956, 0.0205534361303]

tonal:
    chords_changes_rate: 0.0461538471282
    chords_number_rate: 0.0358974374831
    chords_strength:
        dmean: 0.011885647662
        dmean2: 0.0116560952738
        dvar: 7.21030955901e-05
        dvar2: 9.45343563217e-05
        max: 0.809383809566
        mean: 0.524988591671
        min: 0.319616436958
        var: 0.0120292697102
    key_strength: 0.727657437325
    tuning_diatonic_strength: 0.676304221153
    tuning_equal_tempered_deviation: 0.100346572697
    tuning_frequency: 441.272583008
    tuning_nontempered_energy_ratio: 0.733603239059
    hpcp:
        dmean: [0.139323219657, 0.142611920834, 0.196936801076, 0.224355861545, 0.207388550043, 0.166819483042, 0.142057046294, 0.168390497565, 0.218552440405, 0.191154316068, 0.160252481699, 0.152527987957, 0.137743532658, 0.100717708468, 0.06570507586, 0.0742803290486, 0.0945381596684, 0.151069238782, 0.186931535602, 0.133015871048, 0.115400440991, 0.0807471349835, 0.0663476586342, 0.0842380747199, 0.101005829871, 0.0810170993209, 0.0780998617411, 0.0654342472553, 0.0656724348664, 0.117099091411, 0.124545507133, 0.121488146484, 0.157276570797, 0.166025698185, 0.133688509464, 0.123800702393]
        dmean2: [0.232819378376, 0.231749594212, 0.343377262354, 0.383046984673, 0.359920114279, 0.298572838306, 0.253746718168, 0.282062739134, 0.382967978716, 0.313223868608, 0.263094305992, 0.257521510124, 0.234682559967, 0.168755054474, 0.112149588764, 0.129162892699, 0.164054706693, 0.247065991163, 0.311489194632, 0.213610649109, 0.199425935745, 0.134651482105, 0.116744793952, 0.131393507123, 0.159630283713, 0.135469943285, 0.141556248069, 0.111441232264, 0.113115251064, 0.184831053019, 0.198241338134, 0.190525770187, 0.254246145487, 0.274136811495, 0.231421679258, 0.212119430304]
        dvar: [0.0418083071709, 0.0370534583926, 0.0501769408584, 0.0484038963914, 0.0489355809987, 0.0554659925401, 0.0460421331227, 0.047854796052, 0.0725706517696, 0.0474470481277, 0.0459759756923, 0.0325581207871, 0.0389691255987, 0.0162166543305, 0.0137592097744, 0.0132791073993, 0.0261980947107, 0.026833102107, 0.0358425751328, 0.0212006978691, 0.0414468385279, 0.0177990347147, 0.0153627600521, 0.011680515483, 0.0187249537557, 0.0104451561347, 0.019155325368, 0.0107275489718, 0.00763364974409, 0.0204522255808, 0.0251100193709, 0.0203492864966, 0.0365083962679, 0.040111348033, 0.0318730846047, 0.0292839910835]
        dvar2: [0.108611859381, 0.0844256877899, 0.159736663103, 0.134054079652, 0.117019824684, 0.169242754579, 0.128790095448, 0.108494088054, 0.164782345295, 0.108546674252, 0.0810459032655, 0.0861286222935, 0.0858860909939, 0.0383316576481, 0.0393293574452, 0.0346851460636, 0.0723465904593, 0.0793248713017, 0.0919599458575, 0.0501497462392, 0.10202395916, 0.0452489070594, 0.0441427566111, 0.0293340329081, 0.0449470020831, 0.0290365982801, 0.0535136647522, 0.0291255824268, 0.0189977660775, 0.0511408336461, 0.0580962784588, 0.0560391768813, 0.0919686853886, 0.0911480486393, 0.0890473276377, 0.0815826356411]
        max: [1, 1, 1, 1, 1, 1, 1, 1, 1, 1, 1, 1, 1, 1, 1, 0.717865407467, 1, 1, 1, 1, 1, 0.930548787117, 1, 0.805321872234, 1, 0.608414590359, 0.820932269096, 0.71411883831, 0.492578327656, 0.970921754837, 1, 0.890578985214, 1, 1, 1, 1]
        mean: [0.142658680677, 0.18501418829, 0.331355571747, 0.429748415947, 0.302607387304, 0.164421319962, 0.134900480509, 0.190565139055, 0.305081963539, 0.323321580887, 0.233555406332, 0.239515945315, 0.271710455418, 0.162506222725, 0.0820677056909, 0.0854655727744, 0.122946634889, 0.291226446629, 0.372963905334, 0.222024470568, 0.103749468923, 0.0755004063249, 0.0700590014458, 0.140506058931, 0.172900542617, 0.107291333377, 0.073739528656, 0.0650466233492, 0.0806203633547, 0.161835357547, 0.197558835149, 0.175123736262, 0.268879979849, 0.320745944977, 0.203378394246, 0.130875408649]
        min: [0.00207791849971, 0.00155121949501, 0.0122248996049, 0.0179356466979, 0.0109345102683, 0.00149890757166, 0.00112208875362, 0.00113487849012, 0.00213891663589, 0.00188917387277, 0.0010669141775, 0.00250381790102, 0.00288191740401, 0.00150065810885, 0.00198668870144, 0.00277443253435, 0.00270042219199, 0.012504610233, 0.0138645162806, 0.0064873509109, 0.000727281149011, 0.000363869505236, 0.00133791391272, 0.00249590654857, 0.00138736900408, 0.000717060524039, 0.000575162936002, 0.000700260803569, 0.00132112414576, 0.00192570430227, 0.00281383283436, 0.00230472139083, 0.00642186310142, 0.00395237607881, 0.00191598490346, 0.00223992415704]
        var: [0.0384373404086, 0.0529978685081, 0.0865473151207, 0.103735312819, 0.0753776729107, 0.0524444617331, 0.0396274663508, 0.0599931068718, 0.100872769952, 0.0896137654781, 0.0684708729386, 0.0567702315748, 0.103756606579, 0.0338502041996, 0.0130509082228, 0.0148694859818, 0.0276747662574, 0.0608531273901, 0.0948867425323, 0.0457976236939, 0.0372466146946, 0.0166702885181, 0.012268261984, 0.0249062981457, 0.0383849330246, 0.012359444052, 0.0151445567608, 0.0101594878361, 0.00998257473111, 0.0327860563993, 0.0430840998888, 0.0301742460579, 0.0720113143325, 0.099552154541, 0.0440447255969, 0.0281863287091]
    chords_histogram: [32.820514679, 4.6153845787, 40, 1.02564108372, 0, 0, 0, 0, 0, 0, 0, 0, 0, 0, 0, 0, 0, 0, 0, 3.07692313194, 0, 14.3589744568, 4.10256433487, 0]
    thpcp: [1, 0.704150080681, 0.382599025965, 0.313905715942, 0.443434178829, 0.709908306599, 0.752350866795, 0.543470084667, 0.557339906693, 0.632254719734, 0.378142684698, 0.19096685946, 0.198873504996, 0.286089777946, 0.677667319775, 0.867865681648, 0.516638278961, 0.24141907692, 0.175685122609, 0.163023293018, 0.326949566603, 0.402329683304, 0.249660804868, 0.171587660909, 0.151359781623, 0.187598973513, 0.376581639051, 0.459708124399, 0.407502919436, 0.625668346882, 0.746357500553, 0.473249912262, 0.304539591074, 0.331958591938, 0.430517435074, 0.771045446396]
    chords_key: "D#"
    chords_scale: "major"
    key_key: "G#"
    key_scale: "major"
    chords_progression: ["A#m", "A#m", "A#m", "A#m", "A#m", "A#m", "A#m", "A#m", "A#m", "A#m", "A#m", "A#m", "A#m", "A#m", "A#m", "A#m", "A#m", "A#m", "A#m", "A#m", "A#m", "A#m", "A#m", "A#m", "A#m", "A#m", "A#m", "A#m", "C#", "C#", "C#", "C#", "C#", "C#", "C#", "C#", "G#", "G#", "G#", "G#", "G#", "G#", "G#", "G#", "G#", "G#", "G#", "G#", "G#", "G#", "G#", "G#", "G#", "G#", "G#", "G#", "G#", "G#", "G#", "G#", "G#", "G#", "G#", "G#", "G#", "G#", "G#", "G#", "G#", "G#", "G#", "G#", "G#", "G#", "G#", "Cm", "Cm", "Cm", "Cm", "Cm", "Cm", "Cm", "Cm", "Cm", "D#", "D#", "D#", "D#", "D#", "D#", "D#", "D#", "D#", "D#", "D#", "D#", "D#", "D#", "D#", "G#", "G#", "G#", "G#", "G#", "G#", "G#", "G#", "G#", "G#", "G#", "G#", "G#", "G#", "G#", "G#", "G#", "G#", "G#", "G#", "G#", "G#", "G#", "G#", "G#", "Gm", "Gm", "D#", "D#", "D#", "D#", "D#", "D#", "D#", "D#", "D#", "D#", "D#", "D#", "D#", "D#", "D#", "D#", "D#", "D#", "D#", "D#", "D#", "D#", "D#", "D#", "D#", "D#", "D#", "D#", "D#", "D#", "D#", "D#", "D#", "D#", "D#", "D#", "D#", "D#", "D#m", "D#m", "D#m", "D#m", "D#m", "D#m", "D#", "D#", "D#", "D#", "D#", "D#", "D#", "D#", "D#", "D#", "D#", "D#", "D#", "D#", "D#", "D#", "D#", "D#", "D#", "D#", "D#", "D#", "D#", "D#", "D#"]
