
metadata:
    version:
        essentia: "1.2.2"
    audio_properties:
        analysis_sample_rate: 44100
        bitrate: 128
        channels: 2
        equal_loudness: 1
        length: 10.0048980713
        replay_gain: -6.07081222534
        downmix: "mix"
    tags:
        track: 34
        year: 0
        album: "Splitted by Mp3Splt v. 2.1"
        artist: "From 005.30 To 005.40"
        comment: "http://mp3splt.sf.net"
        genre: ""
        title: "10 In Between Days [Shiver Mix"

highlevel:
    ballroom:
        all:
            ChaChaCha: 0.103650413454
            Jive: 0.0648681297898
            Quickstep: 0.0166719388217
            Rumba-American: 0.0167606510222
            Rumba-International: 0.435928374529
            Rumba-Misc: 0.048133276403
            Samba: 0.29315328598
            Tango: 0.00216431356966
            VienneseWaltz: 0.0074325921014
            Waltz: 0.0112370122224
        probability: 0.435928374529
        value: "Rumba-International"
    culture:
        all:
            non_western: 0.995937824249
            western: 0.00406217388809
        probability: 0.995937824249
        value: "non_western"
    gender:
        all:
            female: 0.89977991581
            male: 0.100220061839
        probability: 0.89977991581
        value: "female"
    genre_dortmund:
        all:
            alternative: 0.0900469794869
            blues: 0.0129273524508
            electronic: 0.107399664819
            folkcountry: 0.0338367894292
            funksoulrnb: 0.0173494927585
            jazz: 0.491321533918
            pop: 0.0623332001269
            raphiphop: 0.0264121796936
            rock: 0.158372819424
        probability: 0.491321533918
        value: "jazz"
    genre_electronica:
        all:
            ambient: 0.596424520016
            dnb: 0.118271797895
            house: 0.137385755777
            techno: 0.0965052470565
            trance: 0.051412679255
        probability: 0.596424520016
        value: "ambient"
    genre_rosamerica:
        all:
            cla: 0.0145093360916
            dan: 0.32597181201
            hip: 0.298652678728
            jaz: 0.0507707260549
            pop: 0.0205623097718
            rhy: 0.14898365736
            roc: 0.12411736697
            spe: 0.0164321288466
        probability: 0.32597181201
        value: "dan"
    genre_tzanetakis:
        all:
            blu: 0.041794590652
            cla: 0.0124820675701
            cou: 0.0195732098073
            dis: 0.0264133568853
            hip: 0.334106624126
            jaz: 0.0152824418619
            met: 0.0208060108125
            pop: 0.150581583381
            reg: 0.139350220561
            roc: 0.239609882236
        probability: 0.334106624126
        value: "hip"
    live_studio:
        all:
            live: 0.404839098454
            studio: 0.595160901546
        probability: 0.595160901546
        value: "studio"
    mood:
        all:
            Cluster1: 0.642198204994
            Cluster2: 0.0696490928531
            Cluster3: 0.0989589989185
            Cluster4: 0.0314740650356
            Cluster5: 0.157719671726
        probability: 0.642198204994
        value: "Cluster1"
    mood_acoustic:
        all:
            acoustic: 0.779446125031
            not_acoustic: 0.220553874969
        probability: 0.779446125031
        value: "acoustic"
    mood_aggressive:
        all:
            aggressive: 0.00436474336311
            not_aggressive: 0.995635271072
        probability: 0.995635271072
        value: "not_aggressive"
    mood_electronic:
        all:
            electronic: 0.666505932808
            not_electronic: 0.333494096994
        probability: 0.666505932808
        value: "electronic"
    mood_happy:
        all:
            happy: 0.0462948009372
            not_happy: 0.953705191612
        probability: 0.953705191612
        value: "not_happy"
    mood_party:
        all:
            not_party: 0.816843092442
            party: 0.183156907558
        probability: 0.816843092442
        value: "not_party"
    mood_relaxed:
        all:
            not_relaxed: 0.315583646297
            relaxed: 0.684416353703
        probability: 0.684416353703
        value: "relaxed"
    mood_sad:
        all:
            not_sad: 0.244525462389
            sad: 0.755474507809
        probability: 0.755474507809
        value: "sad"
    rhythm:
        all:
            fast: 0.185002326965
            medium: 0.708863377571
            slow: 0.106134288013
        probability: 0.708863377571
        value: "medium"
    speech_music:
        all:
            music: 0.990901827812
            speech: 0.00909816101193
        probability: 0.990901827812
        value: "music"
    timbre:
        all:
            bright: 0.447339475155
            dark: 0.552660524845
        probability: 0.552660524845
        value: "dark"
    voice_instrumental:
        all:
            instrumental: 0.986847639084
            voice: 0.0131523674354
        probability: 0.986847639084
        value: "instrumental"

lowlevel:
    average_loudness: 0.963777840137
    barkbands_kurtosis:
        dmean: 8.00761127472
        dmean2: 12.9783191681
        dvar: 123.197059631
        dvar2: 304.852172852
        max: 90.515953064
        mean: 10.609131813
        min: -1.88663542271
        var: 190.316482544
    barkbands_skewness:
        dmean: 0.963304698467
        dmean2: 1.47812521458
        dvar: 0.828906476498
        dvar2: 2.0821928978
        max: 7.73338603973
        mean: 2.41119742393
        min: -0.597673177719
        var: 2.02310204506
    barkbands_spread:
        dmean: 7.98885679245
        dmean2: 12.1033449173
        dvar: 64.5254745483
        dvar2: 126.135467529
        max: 73.5815963745
        mean: 17.4432220459
        min: 0.939958393574
        var: 183.340209961
    dissonance:
        dmean: 0.0384426116943
        dmean2: 0.0631898716092
        dvar: 0.00146220659371
        dvar2: 0.00312541890889
        max: 0.497300446033
        mean: 0.422850102186
        min: 0.150321736932
        var: 0.00347800785676
    hfc:
        dmean: 1.2605650425
        dmean2: 1.92229986191
        dvar: 3.65202069283
        dvar2: 9.04127597809
        max: 13.8888034821
        mean: 1.92567741871
        min: 0.0221440568566
        var: 4.8144865036
    pitch:
        dmean: 703.449951172
        dmean2: 1379.79980469
        dvar: 2164942.25
        dvar2: 5501783.5
        max: 4900
        mean: 847.71282959
        min: 52.3752975464
        var: 2175741
    pitch_instantaneous_confidence:
        dmean: 0.107717916369
        dmean2: 0.172372952104
        dvar: 0.00902179162949
        dvar2: 0.0222123283893
        max: 0.859635472298
        mean: 0.42030158639
        min: 0.145511627197
        var: 0.0237025767565
    pitch_salience:
        dmean: 0.0895338132977
        dmean2: 0.147131472826
        dvar: 0.00590421445668
        dvar2: 0.0154334623367
        max: 0.802082896233
        mean: 0.56498837471
        min: 0.253584891558
        var: 0.0102878604084
    silence_rate_20dB:
        dmean: 0
        dmean2: 0
        dvar: 0
        dvar2: 0
        max: 1
        mean: 1
        min: 1
        var: 0
    silence_rate_30dB:
        dmean: 0
        dmean2: 0
        dvar: 0
        dvar2: 0
        max: 1
        mean: 1
        min: 1
        var: 0
    silence_rate_60dB:
        dmean: 0.194895595312
        dmean2: 0.390697687864
        dvar: 0.156911119819
        dvar2: 0.270609974861
        max: 1
        mean: 0.64814811945
        min: 0
        var: 0.228052526712
    spectral_centroid:
        dmean: 215.237747192
        dmean2: 339.483734131
        dvar: 60916.8945312
        dvar2: 129463.257812
        max: 2444.21728516
        mean: 568.934753418
        min: 121.458496094
        var: 131896.515625
    spectral_complexity:
        dmean: 1.79999995232
        dmean2: 3.03729605675
        dvar: 5.27627468109
        dvar2: 13.3878831863
        max: 23
        mean: 4.94199514389
        min: 0
        var: 8.03608036041
    spectral_crest:
        dmean: 3.11473274231
        dmean2: 5.27743673325
        dvar: 7.71628713608
        dvar2: 18.3621387482
        max: 23.0218524933
        mean: 10.7464599609
        min: 3.25669455528
        var: 16.9290847778
    spectral_decrease:
        dmean: 5.33470434494e-10
        dmean2: 8.50476578051e-10
        dvar: 6.79092276945e-19
        dvar2: 1.71086065947e-18
        max: -4.89364711947e-12
        mean: -8.58678017579e-10
        min: -6.69439215173e-09
        var: 7.27720777591e-19
    spectral_energy:
        dmean: 0.00211773230694
        dmean2: 0.00335984723642
        dvar: 1.06250463432e-05
        dvar2: 2.67489376711e-05
        max: 0.0264865644276
        mean: 0.00341551145539
        min: 2.0478208171e-05
        var: 1.14980748549e-05
    spectral_energyband_high:
        dmean: 9.72496563918e-05
        dmean2: 0.000151318614371
        dvar: 1.9794663686e-08
        dvar2: 4.71155132686e-08
        max: 0.00108202185947
        mean: 0.000122330355225
        min: 2.39822469439e-07
        var: 2.90352470955e-08
    spectral_energyband_low:
        dmean: 0.000501434202306
        dmean2: 0.000857303617522
        dvar: 4.63598126998e-07
        dvar2: 1.25327551359e-06
        max: 0.00505676213652
        mean: 0.00073309452273
        min: 4.85531973027e-06
        var: 4.35214587924e-07
    spectral_energyband_middle_high:
        dmean: 0.000205291900784
        dmean2: 0.000309717754135
        dvar: 1.1272348388e-07
        dvar2: 2.30949865454e-07
        max: 0.00347099057399
        mean: 0.000338650366757
        min: 1.41469513437e-06
        var: 2.48846589557e-07
    spectral_energyband_middle_low:
        dmean: 0.00165734789334
        dmean2: 0.0027112243697
        dvar: 8.09585435491e-06
        dvar2: 2.02322516998e-05
        max: 0.023299254477
        mean: 0.00222142785788
        min: 2.83374970422e-06
        var: 8.08981803857e-06
    spectral_flatness_db:
        dmean: 0.0466505289078
        dmean2: 0.0689741522074
        dvar: 0.00184598914348
        dvar2: 0.0041850511916
        max: 0.399331003428
        mean: 0.21393045783
        min: 0.0997525900602
        var: 0.00489145098254
    spectral_flux:
        dmean: 0.0152086280286
        dmean2: 0.0227400399745
        dvar: 0.000290503288852
        dvar2: 0.00058257515775
        max: 0.123976536095
        mean: 0.0342084467411
        min: 0.00452528521419
        var: 0.000500813825056
    spectral_kurtosis:
        dmean: 4.69253921509
        dmean2: 7.18053865433
        dvar: 71.1384963989
        dvar2: 169.199157715
        max: 84.881187439
        mean: 6.09455442429
        min: 0.445238828659
        var: 79.7397079468
    spectral_rms:
        dmean: 0.000498651119415
        dmean2: 0.000747000100091
        dvar: 3.25315568261e-07
        dvar2: 7.71899806296e-07
        max: 0.00508336024359
        mean: 0.00167752359994
        min: 0.000141346172313
        var: 5.18123044912e-07
    spectral_rolloff:
        dmean: 519.150268555
        dmean2: 905.850097656
        dvar: 730571.0625
        dvar2: 1533096
        max: 4844.97070312
        mean: 941.965209961
        min: 150.732421875
        var: 1147978
    spectral_skewness:
        dmean: 0.626108288765
        dmean2: 0.897887766361
        dvar: 0.592204034328
        dvar2: 1.30736064911
        max: 7.90263605118
        mean: 1.94980823994
        min: 0.541543960571
        var: 1.13861608505
    spectral_spread:
        dmean: 1423309.75
        dmean2: 2030202.75
        dvar: 1.72968981299e+12
        dvar2: 3.86188233933e+12
        max: 9411087
        mean: 6133224
        min: 1315809.125
        var: 2.76237805158e+12
    spectral_strongpeak:
        dmean: 0.146916359663
        dmean2: 0.231226757169
        dvar: 0.0336471833289
        dvar2: 0.0767294988036
        max: 1.77560722828
        mean: 0.231415703893
        min: 0.00617118133232
        var: 0.0745419487357
    zerocrossingrate:
        dmean: 0.0114950491115
        dmean2: 0.0132746482268
        dvar: 8.86588677531e-05
        dvar2: 0.000120425880596
        max: 0.1279296875
        mean: 0.0439135916531
        min: 0.00537109375
        var: 0.00053326546913
    barkbands:
        dmean: [3.57919560656e-07, 0.000134691261337, 0.000415425281972, 0.000444636360044, 0.000927810498979, 0.000305209454382, 0.000163175020134, 6.13877273281e-05, 9.58902819548e-05, 0.000114282411232, 1.03197589851e-05, 8.03136117611e-06, 7.24089659343e-06, 8.32543628349e-06, 5.29244198333e-06, 8.14570648799e-06, 3.08582457365e-05, 2.38293032453e-05, 3.28093519784e-05, 4.29723659181e-05, 4.44771030743e-05, 1.88398244063e-05, 3.63022104466e-06, 2.34649678532e-06, 1.19496996831e-06, 1.09427013228e-07, 1.50728138304e-10]
        dmean2: [4.97716428072e-07, 0.000228532022447, 0.000729525054339, 0.000778260407969, 0.00156461843289, 0.000563341483939, 0.000227645956329, 0.000103870821476, 0.000171911742655, 0.000167419013451, 1.81069626706e-05, 1.39745161505e-05, 1.29380232465e-05, 1.36511653182e-05, 8.96647543414e-06, 1.32571276481e-05, 5.2048741054e-05, 3.9933831431e-05, 5.4530431953e-05, 6.6434557084e-05, 6.84639089741e-05, 2.85970800178e-05, 6.02916588832e-06, 3.8229331949e-06, 1.90698517599e-06, 1.72464623915e-07, 2.62720206701e-10]
        dvar: [3.74798472423e-13, 2.63057557959e-08, 3.8546977521e-07, 5.79861307415e-07, 2.44365946855e-06, 8.29562907256e-07, 9.87879005265e-08, 1.44787684064e-08, 5.57556845138e-08, 7.56646372224e-08, 2.09246828198e-10, 2.45044956548e-10, 5.55418655512e-10, 7.53689555211e-10, 8.52069872992e-11, 1.91308177633e-10, 4.51281678693e-09, 1.68424851843e-09, 2.59731769425e-09, 3.09205749893e-09, 3.84313247892e-09, 9.86140391568e-10, 5.12303671707e-11, 1.21031526815e-11, 2.08812329407e-12, 1.39374672082e-14, 1.68363618096e-19]
        dvar2: [6.73452992591e-13, 6.77682976402e-08, 1.08063989046e-06, 1.54727445079e-06, 6.17990008323e-06, 2.35530410464e-06, 1.59711106562e-07, 3.99345800872e-08, 1.54290304977e-07, 1.49050691789e-07, 5.5235666041e-10, 6.44250319759e-10, 1.59576718506e-09, 1.66204350283e-09, 2.23285723244e-10, 4.69352112731e-10, 1.16239284864e-08, 4.521065744e-09, 6.44260023108e-09, 7.26079374402e-09, 8.48530934405e-09, 2.37362929312e-09, 1.34807304208e-10, 3.05539447909e-11, 4.62597495032e-12, 3.15990994221e-14, 2.54538053541e-19]
        max: [1.06870083982e-05, 0.00134309357964, 0.0044812457636, 0.0058356220834, 0.0127901174128, 0.00791803654283, 0.00401495117694, 0.00117756507825, 0.002058070153, 0.00333036947995, 0.000110546090582, 0.000133379522595, 0.000318891863571, 0.000304570567096, 8.76071135281e-05, 9.10954549909e-05, 0.000489593250677, 0.000248461292358, 0.000340278202202, 0.0003803667787, 0.000407006387832, 0.000309322786052, 4.51556916232e-05, 2.64815862465e-05, 8.99593942449e-06, 6.25616110028e-07, 7.38423633351e-09]
        mean: [7.51075504013e-07, 0.000205251868465, 0.000527104362845, 0.000472368468763, 0.00107282784302, 0.000218724977458, 0.00027059338754, 8.99736623978e-05, 8.29034834169e-05, 0.00017459942319, 1.04262253444e-05, 7.80568916525e-06, 6.96729603078e-06, 1.09937036541e-05, 5.12388760399e-06, 1.01269679362e-05, 3.26095905621e-05, 3.01590880554e-05, 4.16999537265e-05, 5.90441923123e-05, 5.50199329155e-05, 2.23313454626e-05, 4.33905324826e-06, 2.33111632042e-06, 1.34335607527e-06, 9.47501135329e-08, 1.2786517678e-10]
        min: [1.85065254787e-10, 6.41176086447e-07, 2.05654851015e-06, 5.93225365719e-07, 7.69441186321e-08, 1.85405696129e-07, 1.42708685757e-07, 2.42018565189e-08, 9.1106002742e-08, 1.23272656083e-07, 1.48969343527e-08, 3.34560503745e-08, 2.5116390745e-08, 2.60983057387e-08, 3.72024331341e-08, 3.3878976069e-08, 4.53050184035e-08, 5.2310412002e-08, 7.8265401271e-08, 1.15418743007e-07, 5.96451528168e-08, 2.27841301381e-08, 2.7841473571e-09, 1.92537830124e-09, 3.77435060983e-09, 8.58575641138e-11, 4.55303146801e-14]
        var: [7.27447128143e-13, 3.42335333414e-08, 3.08703022256e-07, 4.78816275518e-07, 2.47647540164e-06, 4.9088043852e-07, 2.55603225696e-07, 1.8143207825e-08, 3.72960684558e-08, 1.69214501966e-07, 2.12836248625e-10, 2.19246551469e-10, 3.61153995598e-10, 1.12490250448e-09, 7.38809569079e-11, 2.61489524478e-10, 4.38255653989e-09, 2.34018227019e-09, 3.39032157903e-09, 5.64168534112e-09, 6.09499339888e-09, 1.23647569961e-09, 5.71592079224e-11, 1.34570488433e-11, 3.33224788908e-12, 1.52647449666e-14, 1.62676751385e-19]
    mfcc:
        mean: [-799.879272461, 129.25012207, 20.6360168457, 70.7761077881, -17.4209423065, -2.63567876816, 2.27354383469, -0.773588895798, 7.11338853836, -5.73974275589, -5.19959354401, -10.2254076004, -9.81408500671]
        cov: [[6961.21679688, -2004.08862305, -812.984436035, -508.43572998, -368.064910889, -284.269714355, -297.373840332, 43.9230575562, -45.5074691772, -34.1287117004, -67.7665786743, 204.137374878, 20.2980175018], [-2004.08862305, 1366.89758301, 275.555389404, -181.679916382, -11.8675870895, 25.4134464264, 28.7340984344, -54.9934654236, -15.555141449, 23.9289169312, 22.5663318634, -127.645927429, -45.508644104], [-812.984436035, 275.555389404, 414.545806885, 67.35912323, 43.3457069397, 39.9663658142, 16.401304245, 21.3160514832, 18.3039703369, -20.8256645203, -29.235956192, -53.5274124146, -2.5728123188], [-508.43572998, -181.679916382, 67.35912323, 456.037780762, 170.226501465, 32.5500869751, 48.5016098022, -9.53236579895, 12.375746727, -15.858745575, -0.330717802048, 26.4442005157, 27.5023956299], [-368.064910889, -11.8675870895, 43.3457069397, 170.226501465, 195.006439209, 98.6835784912, 35.4570045471, -46.0143203735, -25.7689361572, -12.6683473587, 4.61914777756, -1.60068142414, 2.59928917885], [-284.269714355, 25.4134464264, 39.9663658142, 32.5500869751, 98.6835784912, 150.060592651, 47.3802108765, -10.9298782349, -20.0673828125, -4.26667928696, 1.18366348743, -22.5232200623, -19.1826286316], [-297.373840332, 28.7340984344, 16.401304245, 48.5016098022, 35.4570045471, 47.3802108765, 125.444900513, 24.5123119354, 24.603849411, 21.7862014771, 5.40229940414, -17.5911979675, -9.80734157562], [43.9230575562, -54.9934654236, 21.3160514832, -9.53236579895, -46.0143203735, -10.9298782349, 24.5123119354, 166.180725098, 90.0578155518, 16.2156448364, -5.02290964127, 5.02550077438, 1.50603175163], [-45.5074691772, -15.555141449, 18.3039703369, 12.375746727, -25.7689361572, -20.0673828125, 24.603849411, 90.0578155518, 101.546020508, 34.948802948, 0.405094951391, -0.635368585587, -1.77943623066], [-34.1287117004, 23.9289169312, -20.8256645203, -15.858745575, -12.6683473587, -4.26667928696, 21.7862014771, 16.2156448364, 34.948802948, 61.2363052368, 28.4802742004, 3.53250098228, 3.23025560379], [-67.7665786743, 22.5663318634, -29.235956192, -0.330717802048, 4.61914777756, 1.18366348743, 5.40229940414, -5.02290964127, 0.405094951391, 28.4802742004, 57.2464294434, 33.2573814392, 18.6392765045], [204.137374878, -127.645927429, -53.5274124146, 26.4442005157, -1.60068142414, -22.5232200623, -17.5911979675, 5.02550077438, -0.635368585587, 3.53250098228, 33.2573814392, 75.5185165405, 47.8563079834], [20.2980175018, -45.508644104, -2.5728123188, 27.5023956299, 2.59928917885, -19.1826286316, -9.80734157562, 1.50603175163, -1.77943623066, 3.23025560379, 18.6392765045, 47.8563079834, 64.2837982178]]
        icov: [[0.000480932212668, 0.00068147899583, 0.000271512661129, 0.000683089019731, -5.13835802849e-05, 0.000466038298327, 0.000462278723717, -6.55286567053e-05, 0.000352674600435, -0.000399862736231, 0.000754591601435, -0.000572001968976, 0.000499302754179], [0.00068147899583, 0.00223050336353, -0.00032062412356, 0.00158166314941, -0.000390346103813, 0.0011634316761, 0.00047833941062, 0.000338537269272, 0.000237644271692, 1.87874011317e-05, -0.00157436379232, 0.00241848244332, -0.000235964427702], [0.000271512661129, -0.00032062412356, 0.00376136531122, -0.000395811803173, 0.000101479279692, -0.00070555700222, 0.000795263797045, -0.00046671621385, -0.000960507662967, 0.00140296504833, 0.000828577612992, 0.00257390760817, -0.00232870620675], [0.000683089019731, 0.00158166314941, -0.000395811803173, 0.00534740881994, -0.00464581046253, 0.00303334393539, -0.000761664879974, 0.00014759239275, -0.000801244808827, 0.000687543768436, 0.00069318205351, -0.00116971461102, 0.000186848468729], [-5.13835802849e-05, -0.000390346103813, 0.000101479279692, -0.00464581046253, 0.0140089131892, -0.00836767815053, 0.000185503537068, 0.00342452060431, -0.00121759565081, 0.0014078883687, -0.00073757400969, -0.000282533699647, -0.00106403429527], [0.000466038298327, 0.0011634316761, -0.00070555700222, 0.00303334393539, -0.00836767815053, 0.0142975263298, -0.00295831472613, -0.00283617433161, 0.00438145687804, -0.000683205435053, -0.00138339784462, 0.0015023520682, 0.00300871045329], [0.000462278723717, 0.00047833941062, 0.000795263797045, -0.000761664879974, 0.000185503537068, -0.00295831472613, 0.011577851139, -0.00128732796293, -0.000788684352301, -0.00340421963483, -0.000186419376405, 0.0027948745992, -0.000420780910645], [-6.55286567053e-05, 0.000338537269272, -0.00046671621385, 0.00014759239275, 0.00342452060431, -0.00283617433161, -0.00128732796293, 0.0139941591769, -0.0135267022997, 0.00524597801268, -0.000957792450208, -0.000953112030402, -0.000981300603598], [0.000352674600435, 0.000237644271692, -0.000960507662967, -0.000801244808827, -0.00121759565081, 0.00438145687804, -0.000788684352301, -0.0135267022997, 0.028752181679, -0.0164884198457, 0.00767648685724, -0.00407782010734, 0.00434884754941], [-0.000399862736231, 1.87874011317e-05, 0.00140296504833, 0.000687543768436, 0.0014078883687, -0.000683205435053, -0.00340421963483, 0.00524597801268, -0.0164884198457, 0.0361160598695, -0.0220941379666, 0.0122415563092, -0.00597975589335], [0.000754591601435, -0.00157436379232, 0.000828577612992, 0.00069318205351, -0.00073757400969, -0.00138339784462, -0.000186419376405, -0.000957792450208, 0.00767648685724, -0.0220941379666, 0.0440739132464, -0.0275347791612, 0.00703652249649], [-0.000572001968976, 0.00241848244332, 0.00257390760817, -0.00116971461102, -0.000282533699647, 0.0015023520682, 0.0027948745992, -0.000953112030402, -0.00407782010734, 0.0122415563092, -0.0275347791612, 0.0511699207127, -0.0274332109839], [0.000499302754179, -0.000235964427702, -0.00232870620675, 0.000186848468729, -0.00106403429527, 0.00300871045329, -0.000420780910645, -0.000981300603598, 0.00434884754941, -0.00597975589335, 0.00703652249649, -0.0274332109839, 0.0347611643374]]
    spectral_contrast:
        mean: [3.38966856361e-07, 3.27278854684e-07, 1.68368430309e-07, 5.10822886213e-08, -2.63000316636e-07, 5.45603768387e-07, 1.66339827956e-06, -1.78246932592e-06, -2.03222793971e-06, 1.24464452256e-06, -9.82162873697e-07, 2.64528466687e-06]
        var: [0.000290196068818, 0.00053675082745, 0.00177441199776, 0.00398873863742, 0.00519923586398, 0.00644247327, 0.0588862635195, 0.0976686701179, 0.159560129046, 0.274624556303, 0.384253650904, 3.75978732109]

rhythm:
    beats_loudness:
        dmean: 0.00490054069087
        dmean2: 0.00945729669183
        dvar: 7.67913752497e-06
        dvar2: 2.31937719946e-05
        max: 0.0122333439067
        mean: 0.00653194263577
        min: 0.00182549329475
        var: 9.81706944003e-06
    beats_loudness_bass:
        dmean: 0.35464566946
        dmean2: 0.69389551878
        dvar: 0.0387823581696
        dvar2: 0.127213090658
        max: 0.825227856636
        mean: 0.395401865244
        min: 0.11187594384
        var: 0.05585687235
    bpm: 128.763809204
    bpm_confidence: 0
    first_peak_bpm: 129
    first_peak_spread: 0
    first_peak_weight: 0.947368443012
    onset_rate: 6.8966217041
    second_peak_bpm: 118
    second_peak_spread: 0
    second_peak_weight: 0.0526315793395
    beats_position: [0.891826808453, 1.35755097866, 1.82327520847, 2.28899931908, 2.75472354889, 3.2204477787, 3.68617200851, 4.15189599991, 4.61762046814, 5.08334445953, 5.54906892776, 6.05817508698, 6.52430963516, 6.99044322968, 7.45657777786, 7.92271232605, 8.38884735107, 8.85498142242, 9.32111549377, 9.78724861145]
    bpm_estimates: [128.907684326, 128.787567139, 128.98500061, 128.846206665, 128.732925415, 128.730545044, 128.961883545, 128.686019897, 128.90435791, 128.313018799, 128.712127686, 128.94190979, 128.661361694, 128.646652222, 128.63973999]
    bpm_intervals: [0.465724170208, 0.465724229813, 0.465724110603, 0.465724229813, 0.465724229813, 0.465724229813, 0.465723991394, 0.465724468231, 0.465723991394, 0.465724468231, 0.50910615921, 0.466134548187, 0.466133594513, 0.466134548187, 0.466134548187, 0.466135025024, 0.46613407135, 0.46613407135, 0.466133117676]
    onset_times: [0.0464399084449, 0.18575963378, 0.301859408617, 0.429569154978, 0.650158703327, 0.777868509293, 0.882358253002, 1.24226760864, 1.35836732388, 1.47446715832, 1.59056687355, 1.71827661991, 1.82276642323, 2.06657600403, 2.18267583847, 2.29877543449, 2.41487526894, 2.51936507225, 2.64707493782, 2.76317453384, 3.00698423386, 3.12308382988, 3.22757363319, 3.35528349876, 3.45977330208, 3.58748292923, 3.70358276367, 3.94739222527, 4.051882267, 4.17959165573, 4.29569149017, 4.40018129349, 4.52789115906, 4.6439909935, 4.88780021667, 5.00390005112, 5.10838985443, 5.23609972, 5.35219955444, 5.46829938889, 5.5727891922, 5.8282084465, 5.93269824982, 6.06040811539, 6.17650794983, 6.28099775314, 6.51319742203, 6.64090681076, 6.87310647964, 6.97759628296, 7.20979595184, 7.45360565186, 7.70902490616, 7.81351470947, 7.92961454391, 8.15020370483, 8.27791404724, 8.38240337372, 8.63782310486, 8.74231338501, 8.87002277374, 8.99773216248, 9.0906124115, 9.21832180023, 9.32281208038, 9.5666217804, 9.69433116913, 9.81043052673, 9.92653083801]
    rubato_start: []
    rubato_stop: []
    perceptual_tempo: "unknown"

sfx:
    inharmonicity:
        dmean: 0.0271862391382
        dmean2: 0.0481123775244
        dvar: 0.00128216575831
        dvar2: 0.00359182571992
        max: 0.209969073534
        mean: 0.0242529474199
        min: 2.34420695051e-05
        var: 0.00129918556195
    oddtoevenharmonicenergyratio:
        dmean: 2.40849471092
        dmean2: 4.62315225601
        dvar: 66.4854049683
        dvar2: 196.052032471
        max: 80.3377075195
        mean: 1.43040812016
        min: 4.20674950874e-05
        var: 35.2661628723
    pitch_after_max_to_before_max_energy_ratio: 24.5481414795
    pitch_centroid: 219.854736328
    pitch_max_to_total: 0.218097448349
    pitch_min_to_total: 0.709976792336
    tristimulus:
        dmean: [0.272857874632, 0.259075641632, 0.0956086963415]
        dmean2: [0.479406684637, 0.460796386003, 0.168660834432]
        dvar: [0.0526238121092, 0.0471036732197, 0.0158940665424]
        dvar2: [0.132119566202, 0.121922761202, 0.041989389807]
        max: [0.985167324543, 0.95199739933, 0.840578973293]
        mean: [0.557602822781, 0.331889033318, 0.09731541574]
        min: [0.0183994956315, 0, 0]
        var: [0.0864507853985, 0.0672558918595, 0.0195251163095]

tonal:
    chords_changes_rate: 0.0138248847798
    chords_number_rate: 0.00460829492658
    chords_strength:
        dmean: 0.00750659778714
        dmean2: 0.010135079734
        dvar: 4.16702314396e-05
        dvar2: 8.33540834719e-05
        max: 0.608671486378
        mean: 0.550140917301
        min: 0.441872119904
        var: 0.00124285672791
    key_strength: 0.584841787815
    tuning_diatonic_strength: 0.514790296555
    tuning_equal_tempered_deviation: 0.181615278125
    tuning_frequency: 449.245300293
    tuning_nontempered_energy_ratio: 0.819320678711
    hpcp:
        dmean: [0.160870209336, 0.096104554832, 0.0719789341092, 0.0817067027092, 0.0937183350325, 0.0999829471111, 0.130484551191, 0.182198911905, 0.168620079756, 0.105168551207, 0.0931691676378, 0.109017416835, 0.11036939919, 0.0753984376788, 0.0889906436205, 0.11268479377, 0.114916600287, 0.113488286734, 0.154331326485, 0.165699571371, 0.0878677368164, 0.0599976032972, 0.0816065147519, 0.0748382285237, 0.0825490131974, 0.112303555012, 0.137772351503, 0.157364353538, 0.171224221587, 0.126199603081, 0.109949886799, 0.19800670445, 0.316103547812, 0.292984127998, 0.291694134474, 0.207741528749]
        dmean2: [0.289839625359, 0.178814858198, 0.129737749696, 0.155342116952, 0.179369702935, 0.18618966639, 0.220257863402, 0.29644548893, 0.301103115082, 0.188306599855, 0.166909083724, 0.195574715734, 0.200104415417, 0.14022372663, 0.169692188501, 0.209889516234, 0.211450383067, 0.190931200981, 0.274515599012, 0.304604291916, 0.161277741194, 0.107118189335, 0.148267760873, 0.136931091547, 0.153592243791, 0.205445632339, 0.240436539054, 0.267853826284, 0.31886279583, 0.233716636896, 0.200109690428, 0.352087646723, 0.541308164597, 0.526384711266, 0.516461849213, 0.37164580822]
        dvar: [0.0513992160559, 0.0308437608182, 0.0205033328384, 0.027488572523, 0.0398011133075, 0.0312190819532, 0.0330049805343, 0.0518968291581, 0.0606924593449, 0.0279264766723, 0.0273862089962, 0.0351236537099, 0.0326743796468, 0.014849097468, 0.0283650998026, 0.0409488864243, 0.0340762250125, 0.0226757321507, 0.0409012287855, 0.0525656975806, 0.0199345238507, 0.0101364813745, 0.0271122474223, 0.0246159657836, 0.0259561687708, 0.0356776639819, 0.0502364821732, 0.0664765164256, 0.076028957963, 0.0448546148837, 0.0338995307684, 0.0593306459486, 0.0669434443116, 0.0892755836248, 0.0628339648247, 0.0736084133387]
        dvar2: [0.133225575089, 0.0828734785318, 0.0561316125095, 0.0799136385322, 0.114311084151, 0.0840194523335, 0.0730358511209, 0.132225066423, 0.163449928164, 0.0729452818632, 0.0732327103615, 0.0900305137038, 0.0883921980858, 0.042642660439, 0.08194001019, 0.114078737795, 0.0938747823238, 0.0612427704036, 0.117413878441, 0.151445031166, 0.0552012473345, 0.0282466337085, 0.0755960121751, 0.0652172416449, 0.0745667889714, 0.0940842032433, 0.128692895174, 0.165075659752, 0.214734166861, 0.130337581038, 0.0813303813338, 0.161639481783, 0.184975713491, 0.206886485219, 0.16313368082, 0.166255027056]
        max: [1, 1, 1, 1, 1, 1, 1, 1, 1, 1, 1, 1, 1, 0.925560534, 0.93397629261, 1, 1, 1, 1, 1, 0.717395305634, 0.517041265965, 1, 1, 1, 1, 1, 1, 1, 1, 1, 1, 1, 1, 1, 1]
        mean: [0.132441267371, 0.0740956068039, 0.0544567257166, 0.0556745491922, 0.0612771958113, 0.0785849690437, 0.155538037419, 0.207396522164, 0.148055076599, 0.0839430913329, 0.0745810344815, 0.10032414645, 0.0895142182708, 0.0560906715691, 0.0622851327062, 0.0799665674567, 0.0912992432714, 0.122797600925, 0.15738466382, 0.128231599927, 0.0712897777557, 0.0555541068316, 0.059789236635, 0.0553062409163, 0.0584011264145, 0.0872385874391, 0.128139138222, 0.164013117552, 0.140343129635, 0.0875068083405, 0.0831555202603, 0.172416970134, 0.473538637161, 0.600974142551, 0.374262094498, 0.205635458231]
        min: [7.77184541221e-05, 0, 5.06568139826e-05, 4.21781660407e-05, 3.36774719472e-05, 6.03809821769e-05, 0.000124824102386, 0.000271115830401, 0.000170544604771, 6.16917313891e-05, 0.000180076152901, 8.10682686279e-05, 9.21467653825e-05, 2.48651249422e-05, 5.17884836881e-05, 6.07872025284e-05, 6.70819499646e-05, 0.000958213990089, 0.00175165012479, 0.000596997619141, 6.94212503731e-05, 5.24890929228e-05, 3.69020708604e-05, 5.18784108863e-05, 2.07574521482e-05, 8.82317472133e-05, 0, 7.74570507929e-05, 2.6596680982e-05, 3.75496165361e-05, 9.93143330561e-05, 0.000287840870442, 0.0016677667154, 0.00161538366228, 0.000603219203185, 8.37409606902e-05]
        var: [0.0508342795074, 0.0229457784444, 0.014773376286, 0.0161943994462, 0.0233703069389, 0.0229555815458, 0.0525750406086, 0.081555351615, 0.0537706837058, 0.0221641659737, 0.0219261292368, 0.0340329483151, 0.0278061032295, 0.010323475115, 0.0172477662563, 0.0262176822871, 0.0242395382375, 0.0235982090235, 0.0388220995665, 0.0422925725579, 0.0160972196609, 0.00878342427313, 0.0189766064286, 0.0189163889736, 0.0168776046485, 0.030907202512, 0.0567938424647, 0.088375903666, 0.0683715641499, 0.0328436493874, 0.0297446083277, 0.0537375323474, 0.123097963631, 0.149104580283, 0.0925747826695, 0.0926065072417]
    chords_histogram: [0, 0, 98.1566848755, 0, 0, 0, 0, 0, 0, 0.921658992767, 0, 0, 0, 0, 0, 0, 0, 0, 0.921658992767, 0, 0, 0, 0, 0]
    thpcp: [1, 0.62275904417, 0.342170238495, 0.220377653837, 0.123292505741, 0.0906140878797, 0.092640504241, 0.101963117719, 0.130762651563, 0.258809864521, 0.345100581646, 0.24635848403, 0.139678373933, 0.124100238085, 0.166935876012, 0.148948535323, 0.0933329164982, 0.103640288115, 0.133061572909, 0.151918753982, 0.204330921173, 0.261882573366, 0.213372901082, 0.118623703718, 0.0924400985241, 0.0994872003794, 0.092027656734, 0.0971774384379, 0.14516197145, 0.213219061494, 0.272912114859, 0.233526065946, 0.145608276129, 0.13836787641, 0.286895811558, 0.787951767445]
    chords_key: "G#"
    chords_scale: "minor"
    key_key: "C#"
    key_scale: "minor"
    chords_progression: ["G#", "G#", "G#m", "G#m", "G#m", "G#m", "G#m", "G#m", "G#m", "G#m", "G#m", "G#m", "G#m", "G#m", "G#m", "G#m", "G#m", "G#m", "G#m", "G#m", "G#m", "G#m", "G#m", "G#m", "G#m", "G#m", "G#m", "G#m", "G#m", "G#m", "G#m", "G#m", "G#m", "G#m", "G#m", "G#m", "G#m", "G#m", "G#m", "G#m", "G#m", "G#m", "G#m", "G#m", "G#m", "G#m", "G#m", "G#m", "G#m", "G#m", "G#m", "G#m", "G#m", "G#m", "G#m", "G#m", "G#m", "G#m", "G#m", "G#m", "G#m", "G#m", "G#m", "G#m", "G#m", "G#m", "G#m", "G#m", "G#m", "G#m", "G#m", "G#m", "G#m", "G#m", "G#m", "G#m", "G#m", "G#m", "G#m", "G#m", "G#m", "G#m", "G#m", "G#m", "G#m", "G#m", "G#m", "G#m", "G#m", "G#m", "G#m", "G#m", "G#m", "G#m", "G#m", "G#m", "G#m", "G#m", "G#m", "G#m", "Em", "Em", "G#m", "G#m", "G#m", "G#m", "G#m", "G#m", "G#m", "G#m", "G#m", "G#m", "G#m", "G#m", "G#m", "G#m", "G#m", "G#m", "G#m", "G#m", "G#m", "G#m", "G#m", "G#m", "G#m", "G#m", "G#m", "G#m", "G#m", "G#m", "G#m", "G#m", "G#m", "G#m", "G#m", "G#m", "G#m", "G#m", "G#m", "G#m", "G#m", "G#m", "G#m", "G#m", "G#m", "G#m", "G#m", "G#m", "G#m", "G#m", "G#m", "G#m", "G#m", "G#m", "G#m", "G#m", "G#m", "G#m", "G#m", "G#m", "G#m", "G#m", "G#m", "G#m", "G#m", "G#m", "G#m", "G#m", "G#m", "G#m", "G#m", "G#m", "G#m", "G#m", "G#m", "G#m", "G#m", "G#m", "G#m", "G#m", "G#m", "G#m", "G#m", "G#m", "G#m", "G#m", "G#m", "G#m", "G#m", "G#m", "G#m", "G#m", "G#m", "G#m", "G#m", "G#m", "G#m", "G#m", "G#m", "G#m", "G#m", "G#m", "G#m", "G#m", "G#m", "G#m", "G#m", "G#m", "G#m", "G#m", "G#m", "G#m", "G#m", "G#m", "G#m", "G#m", "G#m"]
