
metadata:
    version:
        essentia: "1.2.2"
    audio_properties:
        analysis_sample_rate: 44100
        bitrate: 128
        channels: 2
        equal_loudness: 1
        length: 10.0048980713
        replay_gain: -14.1850509644
        downmix: "mix"
    tags:
        track: 10
        year: 0
        album: "Splitted by Mp3Splt v. 2.1"
        artist: "From 001.30 To 001.40"
        comment: "http://mp3splt.sf.net"
        genre: ""
        title: "06 Better Off.mp3"

highlevel:
    ballroom:
        all:
            ChaChaCha: 0.122097834945
            Jive: 0.516198933125
            Quickstep: 0.0635286048055
            Rumba-American: 0.00339493411593
            Rumba-International: 0.0251453612
            Rumba-Misc: 0.0106820901856
            Samba: 0.137252911925
            Tango: 0.0175269003958
            VienneseWaltz: 0.0936890766025
            Waltz: 0.0104833366349
        probability: 0.516198933125
        value: "Jive"
    culture:
        all:
            non_western: 0.0596741177142
            western: 0.940325856209
        probability: 0.940325856209
        value: "western"
    gender:
        all:
            female: 0.726630985737
            male: 0.273368984461
        probability: 0.726630985737
        value: "female"
    genre_dortmund:
        all:
            alternative: 0.0974747464061
            blues: 0.0315895564854
            electronic: 0.0233432184905
            folkcountry: 0.117614999413
            funksoulrnb: 0.00670638913289
            jazz: 0.0994526818395
            pop: 0.0795706063509
            raphiphop: 0.000996655435301
            rock: 0.543251156807
        probability: 0.543251156807
        value: "rock"
    genre_electronica:
        all:
            ambient: 0.181800305843
            dnb: 0.198807761073
            house: 0.00880906544626
            techno: 0.00822808872908
            trance: 0.602354764938
        probability: 0.602354764938
        value: "trance"
    genre_rosamerica:
        all:
            cla: 0.00492051336914
            dan: 0.0106674293056
            hip: 0.0006472345558
            jaz: 0.00246794801205
            pop: 0.0202635228634
            rhy: 0.00221630837768
            roc: 0.958491027355
            spe: 0.000326043373207
        probability: 0.958491027355
        value: "roc"
    genre_tzanetakis:
        all:
            blu: 0.00671282503754
            cla: 0.00800855085254
            cou: 0.461867213249
            dis: 0.0273661408573
            hip: 0.00142220570706
            jaz: 0.0417551472783
            met: 0.0105448374525
            pop: 0.0393376015127
            reg: 0.00477247405797
            roc: 0.398212999105
        probability: 0.461867213249
        value: "cou"
    live_studio:
        all:
            live: 0.096247471869
            studio: 0.903752505779
        probability: 0.903752505779
        value: "studio"
    mood:
        all:
            Cluster1: 0.545815348625
            Cluster2: 0.110265642405
            Cluster3: 0.118549324572
            Cluster4: 0.0629896372557
            Cluster5: 0.162380024791
        probability: 0.545815348625
        value: "Cluster1"
    mood_acoustic:
        all:
            acoustic: 0.00607259245589
            not_acoustic: 0.993927419186
        probability: 0.993927419186
        value: "not_acoustic"
    mood_aggressive:
        all:
            aggressive: 0.5
            not_aggressive: 0.5
        probability: 0.5
        value: "aggressive"
    mood_electronic:
        all:
            electronic: 0.0676869153976
            not_electronic: 0.932313084602
        probability: 0.932313084602
        value: "not_electronic"
    mood_happy:
        all:
            happy: 0.897480905056
            not_happy: 0.102519087493
        probability: 0.897480905056
        value: "happy"
    mood_party:
        all:
            not_party: 0.760793924332
            party: 0.239206060767
        probability: 0.760793924332
        value: "not_party"
    mood_relaxed:
        all:
            not_relaxed: 0.699235498905
            relaxed: 0.300764501095
        probability: 0.699235498905
        value: "not_relaxed"
    mood_sad:
        all:
            not_sad: 0.575953245163
            sad: 0.424046784639
        probability: 0.575953245163
        value: "not_sad"
    rhythm:
        all:
            fast: 0.476182281971
            medium: 0.156339645386
            slow: 0.367478072643
        probability: 0.476182281971
        value: "fast"
    speech_music:
        all:
            music: 0.99986821413
            speech: 0.000131779888761
        probability: 0.99986821413
        value: "music"
    timbre:
        all:
            bright: 0.649122714996
            dark: 0.350877285004
        probability: 0.649122714996
        value: "bright"
    voice_instrumental:
        all:
            instrumental: 0.533374726772
            voice: 0.466625273228
        probability: 0.533374726772
        value: "instrumental"

lowlevel:
    average_loudness: 0.97465801239
    barkbands_kurtosis:
        dmean: 0.461039841175
        dmean2: 0.774178504944
        dvar: 0.361520886421
        dvar2: 1.01490223408
        max: 5.03704357147
        mean: -0.864679932594
        min: -1.83100986481
        var: 0.803917169571
    barkbands_skewness:
        dmean: 0.311249941587
        dmean2: 0.505964338779
        dvar: 0.0849688351154
        dvar2: 0.209420874715
        max: 2.48688149452
        mean: 0.374276548624
        min: -1.99256646633
        var: 0.367676496506
    barkbands_spread:
        dmean: 4.28167629242
        dmean2: 7.00532579422
        dvar: 14.4752731323
        dvar2: 35.8639678955
        max: 55.1648635864
        mean: 33.7577705383
        min: 16.0172138214
        var: 44.5101737976
    dissonance:
        dmean: 0.0143518457189
        dmean2: 0.0240818560123
        dvar: 0.000140498319524
        dvar2: 0.000368999550119
        max: 0.49850910902
        mean: 0.467223525047
        min: 0.374465405941
        var: 0.000343789113685
    hfc:
        dmean: 2.14301729202
        dmean2: 3.47776556015
        dvar: 9.53248596191
        dvar2: 23.9715213776
        max: 35.0831871033
        mean: 8.37587547302
        min: 1.01760590076
        var: 28.5326004028
    pitch:
        dmean: 357.145904541
        dmean2: 698.91027832
        dvar: 892245
        dvar2: 2596823
        max: 4009.09082031
        mean: 447.095489502
        min: 65.820892334
        var: 629623.875
    pitch_instantaneous_confidence:
        dmean: 0.0741181895137
        dmean2: 0.116302490234
        dvar: 0.00446390919387
        dvar2: 0.0105070797727
        max: 0.801260590553
        mean: 0.436199635267
        min: 0.183815896511
        var: 0.0174645315856
    pitch_salience:
        dmean: 0.055946752429
        dmean2: 0.0934851169586
        dvar: 0.00232295575552
        dvar2: 0.00645275879651
        max: 0.808978199959
        mean: 0.597782373428
        min: 0.382371872663
        var: 0.00538708874956
    silence_rate_20dB:
        dmean: 0
        dmean2: 0
        dvar: 0
        dvar2: 0
        max: 1
        mean: 1
        min: 1
        var: 0
    silence_rate_30dB:
        dmean: 0
        dmean2: 0
        dvar: 0
        dvar2: 0
        max: 1
        mean: 1
        min: 1
        var: 0
    silence_rate_60dB:
        dmean: 0.0697674453259
        dmean2: 0.13752913475
        dvar: 0.0648999661207
        dvar2: 0.151248365641
        max: 1
        mean: 0.118329465389
        min: 0
        var: 0.104328632355
    spectral_centroid:
        dmean: 214.802108765
        dmean2: 347.826904297
        dvar: 41205.7695312
        dvar2: 97912.9375
        max: 2864.38525391
        mean: 1362.28625488
        min: 400.148895264
        var: 191487.53125
    spectral_complexity:
        dmean: 3.04672908783
        dmean2: 4.87587833405
        dvar: 10.3109064102
        dvar2: 23.1579017639
        max: 37
        mean: 16.4801864624
        min: 3
        var: 32.6272201538
    spectral_crest:
        dmean: 1.81561625004
        dmean2: 3.04933929443
        dvar: 2.73908925056
        dvar2: 7.39357423782
        max: 15.7300043106
        mean: 7.0845913887
        min: 2.81110358238
        var: 5.9712677002
    spectral_decrease:
        dmean: 2.74760242336e-10
        dmean2: 4.44754566509e-10
        dvar: 1.11955910304e-19
        dvar2: 2.66742017805e-19
        max: -3.5446223734e-10
        mean: -1.34419730902e-09
        min: -4.09255029865e-09
        var: 2.66693524341e-19
    spectral_energy:
        dmean: 0.00119127181824
        dmean2: 0.00191813067067
        dvar: 2.11592782762e-06
        dvar2: 5.0582593758e-06
        max: 0.0170581489801
        mean: 0.00583302322775
        min: 0.00143012218177
        var: 5.49158539798e-06
    spectral_energyband_high:
        dmean: 0.000150063686306
        dmean2: 0.000243794682319
        dvar: 5.97579443706e-08
        dvar2: 1.46606865314e-07
        max: 0.00368665740825
        mean: 0.000363814557204
        min: 1.55951147462e-05
        var: 1.46815992252e-07
    spectral_energyband_low:
        dmean: 0.000312433519866
        dmean2: 0.000536142673809
        dvar: 1.4977280216e-07
        dvar2: 4.1914276494e-07
        max: 0.00365462782793
        mean: 0.00067525380291
        min: 3.48453686456e-05
        var: 3.25223368236e-07
    spectral_energyband_middle_high:
        dmean: 0.000648191256914
        dmean2: 0.000999215175398
        dvar: 6.48140712656e-07
        dvar2: 1.45147464536e-06
        max: 0.0100152548403
        mean: 0.00257428199984
        min: 0.000311577692628
        var: 2.52602899309e-06
    spectral_energyband_middle_low:
        dmean: 0.000738665927202
        dmean2: 0.00117632409092
        dvar: 9.73275973593e-07
        dvar2: 2.44994544119e-06
        max: 0.00894803460687
        mean: 0.00221965787932
        min: 0.000254241196672
        var: 1.6091339603e-06
    spectral_flatness_db:
        dmean: 0.0121443793178
        dmean2: 0.0186657495797
        dvar: 0.000121754164866
        dvar2: 0.000277519109659
        max: 0.22221852839
        mean: 0.137552216649
        min: 0.0771199837327
        var: 0.000408682244597
    spectral_flux:
        dmean: 0.00817554816604
        dmean2: 0.0123407766223
        dvar: 7.82607967267e-05
        dvar2: 0.000141706434079
        max: 0.0906589850783
        mean: 0.0412329472601
        min: 0.0116297816858
        var: 0.00026488606818
    spectral_kurtosis:
        dmean: 0.971688449383
        dmean2: 1.66575670242
        dvar: 0.860658288002
        dvar2: 2.15095424652
        max: 11.2939014435
        mean: 4.26179552078
        min: 0.429793119431
        var: 1.96485936642
    spectral_rms:
        dmean: 0.000235229119426
        dmean2: 0.000375417177565
        dvar: 6.95810697948e-08
        dvar2: 1.60360514201e-07
        max: 0.00407947273925
        mean: 0.00233792862855
        min: 0.00118120328989
        var: 2.24840476903e-07
    spectral_rolloff:
        dmean: 348.958526611
        dmean2: 572.067138672
        dvar: 128224.375
        dvar2: 293313
        max: 4306.640625
        mean: 2933.08374023
        min: 409.130859375
        var: 496313.09375
    spectral_skewness:
        dmean: 0.137438952923
        dmean2: 0.228508859873
        dvar: 0.0162124894559
        dvar2: 0.0373608246446
        max: 2.84884572029
        mean: 1.52278208733
        min: 0.914536595345
        var: 0.0478052161634
    spectral_spread:
        dmean: 438117.28125
        dmean2: 572937.9375
        dvar: 249824296960
        dvar2: 392606416896
        max: 9655700
        mean: 4479944.5
        min: 2915856.5
        var: 982029107200
    spectral_strongpeak:
        dmean: 0.529127061367
        dmean2: 0.904114365578
        dvar: 0.837977528572
        dvar2: 2.22694063187
        max: 8.24612617493
        mean: 0.853319406509
        min: 0.0275838263333
        var: 1.41053712368
    zerocrossingrate:
        dmean: 0.0072751622647
        dmean2: 0.00845744274557
        dvar: 3.57653880201e-05
        dvar2: 5.0799917517e-05
        max: 0.15087890625
        mean: 0.0829452127218
        min: 0.029296875
        var: 0.000391127599869
    barkbands:
        dmean: [4.60227028043e-07, 9.14682896109e-05, 0.000258892658167, 0.0001924969838, 0.000388191983802, 0.000200186652364, 0.000173328648088, 0.000118658026622, 0.000145098660141, 0.000191005921806, 7.03421246726e-05, 5.48940661247e-05, 5.75383237447e-05, 5.45830844203e-05, 0.000101832418295, 0.000101501267636, 0.00015863282897, 0.000150768595631, 0.000254729035078, 0.000171070045326, 6.81389792589e-05, 1.00505494629e-05, 2.36556866184e-06, 1.59449268722e-06, 8.7399558879e-07, 5.11578512885e-08, 7.89653342714e-10]
        dmean2: [7.6644641922e-07, 0.000157734641107, 0.000443717028247, 0.000347376568243, 0.000659378361888, 0.000316081161145, 0.000276435603155, 0.000187782468856, 0.000237022570218, 0.000253115722444, 0.000105504659587, 8.38894920889e-05, 8.95360353752e-05, 8.62182787387e-05, 0.000161680261954, 0.000161363306688, 0.000253714242717, 0.000239223561948, 0.000422143988544, 0.000284224195639, 0.000111838766315, 1.57934900926e-05, 3.29961926582e-06, 2.23150391321e-06, 1.24221583064e-06, 7.59964393637e-08, 1.03816333308e-09]
        dvar: [7.34471945069e-13, 1.72340275384e-08, 1.15888695973e-07, 6.41858690642e-08, 2.51744097568e-07, 9.80869501177e-08, 1.24573247717e-07, 5.16827434183e-08, 1.01205230862e-07, 9.17066813599e-08, 2.38633095506e-08, 9.44322309238e-09, 7.19703940888e-09, 1.06702442437e-08, 2.16599769232e-08, 2.46469067378e-08, 4.03781257319e-08, 1.04071922635e-07, 3.26058597011e-07, 9.05734935941e-08, 9.75960467997e-09, 2.90090507171e-10, 1.35498964479e-11, 1.17536085031e-11, 4.86427564894e-12, 1.48748252078e-14, 9.46531922335e-17]
        dvar2: [1.248709686e-12, 4.80045265761e-08, 3.2744821965e-07, 1.91242122582e-07, 6.04855188158e-07, 2.82301868992e-07, 3.44792056239e-07, 1.13569214477e-07, 2.42048486143e-07, 1.60774547453e-07, 5.48208376472e-08, 2.20005897944e-08, 1.82086008493e-08, 2.40893296422e-08, 4.8115282425e-08, 5.35617274977e-08, 9.39609989814e-08, 2.51182342481e-07, 8.43390523642e-07, 2.26604598197e-07, 2.4690580247e-08, 6.7078814725e-10, 2.48134672531e-11, 2.50425426923e-11, 6.94303989301e-12, 3.17115481281e-14, 9.54424615042e-17]
        max: [1.41442915265e-05, 0.00129428086802, 0.00350874336436, 0.00159663893282, 0.00393118290231, 0.00309786363505, 0.0035703687463, 0.0021854089573, 0.00359891587868, 0.00418995460495, 0.00213835248724, 0.00130161538254, 0.00119547056966, 0.00157028553076, 0.00222525582649, 0.00258627138101, 0.00269684218802, 0.00528651755303, 0.00740703660995, 0.00390087603591, 0.000978306052275, 0.000211538295844, 3.60282501788e-05, 4.64259792352e-05, 3.7851237721e-05, 1.93819687411e-06, 2.01987674586e-07]
        mean: [7.21398691894e-07, 0.000188514750334, 0.000486040022224, 0.000258680287516, 0.000766509620007, 0.000405938015319, 0.000275740108918, 0.000178323563887, 0.000258403655607, 0.000485344877234, 0.000128892963403, 9.98624236672e-05, 0.000108645996079, 9.66357401921e-05, 0.000242070687818, 0.000193559331819, 0.000331046234351, 0.000293472083285, 0.00048836536007, 0.000371438538423, 0.000141837721458, 2.31077428907e-05, 4.83362055093e-06, 3.19487094202e-06, 1.76446917521e-06, 8.52904449289e-08, 7.99677435381e-10]
        min: [4.26239071816e-10, 3.30811712956e-06, 5.80112464377e-06, 2.01907619157e-06, 1.96514429263e-05, 1.02813428384e-05, 2.7844705528e-06, 4.24908466812e-06, 1.75379454959e-06, 2.0627842332e-06, 3.32778881784e-06, 2.10412440538e-06, 2.34316189562e-06, 3.5009104522e-06, 9.53646940616e-06, 1.67367325048e-05, 3.16342957376e-05, 5.5669147514e-06, 1.37824526973e-05, 1.84641612577e-05, 5.16964382768e-06, 1.43355134696e-06, 1.09310192897e-07, 9.30999419779e-08, 2.99826687922e-08, 3.40022277001e-09, 4.49446049496e-14]
        var: [7.66031118746e-13, 2.67867203974e-08, 2.74140518286e-07, 6.94692587899e-08, 4.25581134778e-07, 1.9362464343e-07, 1.59559377266e-07, 7.85551819149e-08, 1.69605215206e-07, 5.76012780584e-07, 3.72378075042e-08, 1.9208167501e-08, 2.44043807385e-08, 1.69937042216e-08, 1.250908781e-07, 4.75165826685e-08, 8.74012684449e-08, 2.37723526197e-07, 3.91720448079e-07, 2.09441537891e-07, 2.1787901261e-08, 5.13241005251e-10, 2.97380418901e-11, 2.10364052566e-11, 1.06280297063e-11, 2.16948685308e-14, 9.48861461463e-17]
    mfcc:
        mean: [-685.938964844, 124.733093262, -46.8561820984, 56.3891677856, -7.81894207001, -8.36609363556, 5.08601999283, -5.0094909668, 2.21351909637, -3.54549264908, -8.31747055054, -5.22334432602, -3.46578383446]
        cov: [[760.526000977, -291.676269531, -7.71433830261, -104.444709778, -136.079818726, -73.5518035889, -10.9161844254, -38.8107795715, -45.0195808411, 34.8601074219, -31.2035198212, -37.3361358643, -23.0691013336], [-291.676269531, 391.88092041, -113.73348999, 24.3940296173, -26.8003768921, 1.01816248894, 35.7130088806, -3.45689797401, 56.6587562561, 9.57000637054, -3.94001531601, -25.6732673645, -21.6993713379], [-7.71433830261, -113.73348999, 190.708175659, -13.1587839127, 34.6625671387, -3.54523396492, -38.1112327576, 40.7669296265, 7.06299114227, -23.6045017242, 26.1814422607, 15.9344434738, 12.0873603821], [-104.444709778, 24.3940296173, -13.1587839127, 122.780845642, 54.1010017395, -8.02391624451, -13.8257865906, -9.99499130249, -13.333697319, -7.11833810806, 9.13213348389, 23.0294933319, 7.50954198837], [-136.079818726, -26.8003768921, 34.6625671387, 54.1010017395, 132.038650513, 32.799659729, -21.9051036835, 7.85829591751, -6.72500228882, -8.41998100281, 2.18855953217, 15.9186010361, 15.287238121], [-73.5518035889, 1.01816248894, -3.54523396492, -8.02391624451, 32.799659729, 121.540496826, 37.5951843262, 8.51140594482, 4.78818702698, 2.11783504486, -6.59368085861, -16.384141922, 6.5233039856], [-10.9161844254, 35.7130088806, -38.1112327576, -13.8257865906, -21.9051036835, 37.5951843262, 92.1198806763, 13.1061468124, 6.88147926331, 4.2449798584, -14.7792081833, -18.5789108276, -2.37393450737], [-38.8107795715, -3.45689797401, 40.7669296265, -9.99499130249, 7.85829591751, 8.51140594482, 13.1061468124, 87.3642044067, 45.0683784485, -0.26957705617, 4.5835981369, -2.71089243889, -0.0967087820172], [-45.0195808411, 56.6587562561, 7.06299114227, -13.333697319, -6.72500228882, 4.78818702698, 6.88147926331, 45.0683784485, 98.8934249878, 23.0661735535, 0.692954301834, -20.7811489105, -9.93254947662], [34.8601074219, 9.57000637054, -23.6045017242, -7.11833810806, -8.41998100281, 2.11783504486, 4.2449798584, -0.26957705617, 23.0661735535, 51.0564460754, 3.59030818939, -17.0868759155, -12.8995752335], [-31.2035198212, -3.94001531601, 26.1814422607, 9.13213348389, 2.18855953217, -6.59368085861, -14.7792081833, 4.5835981369, 0.692954301834, 3.59030818939, 42.2068519592, 15.7374505997, 0.518753767014], [-37.3361358643, -25.6732673645, 15.9344434738, 23.0294933319, 15.9186010361, -16.384141922, -18.5789108276, -2.71089243889, -20.7811489105, -17.0868759155, 15.7374505997, 61.2036590576, 19.4996986389], [-23.0691013336, -21.6993713379, 12.0873603821, 7.50954198837, 15.287238121, 6.5233039856, -2.37393450737, -0.0967087820172, -9.93254947662, -12.8995752335, 0.518753767014, 19.4996986389, 47.9194564819]]
        icov: [[0.00384356547147, 0.00339723937213, 0.000892219308298, 0.000877806684002, 0.00323799811304, 0.0016858514864, 0.00039537018165, 0.000676720868796, 0.000550358672626, -0.00188898982015, 0.00200266879983, 0.00192430277821, 0.000585415575188], [0.00339723937213, 0.00687310378999, 0.00326390680857, -6.84375991113e-05, 0.00294932443649, 0.00169475411531, -0.000368669599993, 0.00127731531393, -0.00254286290146, 0.000734456349164, -5.54456164537e-05, 0.00269761146046, 0.00132147432305], [0.000892219308298, 0.00326390680857, 0.0100614242256, 0.00201360043138, -0.00133318162989, 0.00069236534182, 0.00257163355127, -0.00314345653169, -0.00148111325689, 0.00490954006091, -0.00545245734975, 0.00206211069599, -0.000259333319264], [0.000877806684002, -6.84375991113e-05, 0.00201360043138, 0.0120920520276, -0.00497017987072, 0.00233289971948, -0.000252567697316, 0.000792575418018, 0.000679127057083, 0.000422413926572, -0.00212063803338, -0.00189125374891, 0.000292842247291], [0.00323799811304, 0.00294932443649, -0.00133318162989, -0.00497017987072, 0.0152970151976, -0.00335111864842, 0.00393655104563, -0.000852181343362, 0.00110930169467, -0.00268177222461, 0.00479747774079, 0.000401310273446, -0.000928247347474], [0.0016858514864, 0.00169475411531, 0.00069236534182, 0.00233289971948, -0.00335111864842, 0.0124268857762, -0.00514135556296, 0.000759440416005, 3.02591488435e-05, -0.000514780229423, -0.000684292812366, 0.00388672109693, -0.00154349231161], [0.00039537018165, -0.000368669599993, 0.00257163355127, -0.000252567697316, 0.00393655104563, -0.00514135556296, 0.0165071357042, -0.00452362373471, 0.00196549436077, -0.00025510933483, 0.00325668673031, 0.00194234692026, -0.000819931505248], [0.000676720868796, 0.00127731531393, -0.00314345653169, 0.000792575418018, -0.000852181343362, 0.000759440416005, -0.00452362373471, 0.0187327899039, -0.00909383315593, 0.00220542727038, -0.000660338031594, -0.00119293294847, 0.000756421126425], [0.000550358672626, -0.00254286290146, -0.00148111325689, 0.000679127057083, 0.00110930169467, 3.02591488435e-05, 0.00196549436077, -0.00909383315593, 0.0185733828694, -0.00814918614924, 0.00182827340905, 0.00303173391148, -0.000495723390486], [-0.00188898982015, 0.000734456349164, 0.00490954006091, 0.000422413926572, -0.00268177222461, -0.000514780229423, -0.00025510933483, 0.00220542727038, -0.00814918614924, 0.0295240413398, -0.00902927014977, 0.00502993026748, 0.00334549508989], [0.00200266879983, -5.54456164537e-05, -0.00545245734975, -0.00212063803338, 0.00479747774079, -0.000684292812366, 0.00325668673031, -0.000660338031594, 0.00182827340905, -0.00902927014977, 0.0336963608861, -0.00837194733322, 0.00235967664048], [0.00192430277821, 0.00269761146046, 0.00206211069599, -0.00189125374891, 0.000401310273446, 0.00388672109693, 0.00194234692026, -0.00119293294847, 0.00303173391148, 0.00502993026748, -0.00837194733322, 0.0273272041231, -0.00768624385819], [0.000585415575188, 0.00132147432305, -0.000259333319264, 0.000292842247291, -0.000928247347474, -0.00154349231161, -0.000819931505248, 0.000756421126425, -0.000495723390486, 0.00334549508989, 0.00235967664048, -0.00768624385819, 0.0261352807283]]
    spectral_contrast:
        mean: [1.90953688417e-08, 3.99730595291e-08, 1.83286019251e-07, -2.16292619371e-07, 1.39789563036e-07, -2.04725978392e-07, 7.03862781393e-07, -2.9304922009e-06, 8.57806696786e-07, -5.84514566526e-07, 3.24560488707e-07, 2.04472416954e-06]
        var: [0.000341651320923, 0.000676202995237, 0.00136373995338, 0.00196903175674, 0.00279482430778, 0.00369636155665, 0.0299330092967, 0.061463393271, 0.112878441811, 0.126474231482, 0.202110543847, 0.576867580414]

rhythm:
    beats_loudness:
        dmean: 0.00278087100014
        dmean2: 0.00506417313591
        dvar: 2.59782609646e-06
        dvar2: 7.67745768826e-06
        max: 0.0101029491052
        mean: 0.00666684424505
        min: 0.00283264066093
        var: 3.89790329791e-06
    beats_loudness_bass:
        dmean: 0.120553344488
        dmean2: 0.228805840015
        dvar: 0.00888903625309
        dvar2: 0.0264719892293
        max: 0.459254920483
        mean: 0.147027269006
        min: 0.0428172722459
        var: 0.0110400915146
    bpm: 90.2645721436
    bpm_confidence: 0
    first_peak_bpm: 90
    first_peak_spread: 0
    first_peak_weight: 0.5
    onset_rate: 2.89858031273
    second_peak_bpm: 122
    second_peak_spread: 0
    second_peak_weight: 0.4375
    beats_position: [0.603094935417, 1.26780903339, 1.93252301216, 2.59723711014, 3.26195120811, 3.92666506767, 4.59137916565, 5.25609350204, 5.9208073616, 6.25039482117, 6.74366903305, 7.23694372177, 7.73021793365, 8.22349357605, 8.7167673111, 9.21004199982, 9.70331573486]
    bpm_estimates: [90.3087615967, 90.4236297607, 90.1142730713, 90.1219940186, 90.3160552979, 90.4398803711, 90.1273651123]
    bpm_intervals: [0.664714097977, 0.664713978767, 0.664714097977, 0.664714097977, 0.664713859558, 0.664714097977, 0.664714336395, 0.664713859558, 0.329587459564, 0.493274211884, 0.493274688721, 0.493274211884, 0.493275642395, 0.493273735046, 0.493274688721, 0.493273735046]
    onset_times: [0.0580498874187, 0.267029464245, 0.406349211931, 0.580498874187, 0.696598649025, 1.18421769142, 1.26548755169, 2.60063481331, 2.76317453384, 2.97215414047, 3.26240372658, 3.59909296036, 3.93578219414, 4.28408145905, 4.59755086899, 4.93424034119, 5.27092981339, 5.58439922333, 5.94430828094, 6.60607719421, 6.81505680084, 6.94276666641, 7.58131504059, 7.94122457504, 8.23147392273, 8.60299301147, 8.92807292938, 9.26476192474, 9.6014509201]
    rubato_start: [6.74366903305]
    rubato_stop: [9.70331573486]
    perceptual_tempo: "unknown"

sfx:
    inharmonicity:
        dmean: 0.0368392691016
        dmean2: 0.0652045682073
        dvar: 0.00149034336209
        dvar2: 0.00404024776071
        max: 0.216398000717
        mean: 0.0450634583831
        min: 0.00120696146041
        var: 0.00160972692538
    oddtoevenharmonicenergyratio:
        dmean: 1.69537067413
        dmean2: 3.16166043282
        dvar: 17.0467834473
        dvar2: 49.0294189453
        max: 40.984539032
        mean: 1.24546670914
        min: 0.00243842368945
        var: 10.1593904495
    pitch_after_max_to_before_max_energy_ratio: 6.41833686829
    pitch_centroid: 222.068710327
    pitch_max_to_total: 0.0815850794315
    pitch_min_to_total: 0.382284373045
    tristimulus:
        dmean: [0.180184736848, 0.201794967055, 0.118176147342]
        dmean2: [0.321146547794, 0.350468695164, 0.209489494562]
        dvar: [0.0241519957781, 0.0320363976061, 0.0113211181015]
        dvar2: [0.0688028261065, 0.092325411737, 0.0301707889885]
        max: [0.876176655293, 0.923958659172, 0.657391786575]
        mean: [0.376405626535, 0.45098990202, 0.147497624159]
        min: [0.0358877405524, 0, 0]
        var: [0.0336418524384, 0.0405139252543, 0.0141267711297]

tonal:
    chords_changes_rate: 0.0277777779847
    chords_number_rate: 0.0231481473893
    chords_strength:
        dmean: 0.00731918169186
        dmean2: 0.00651421444491
        dvar: 2.85199548671e-05
        dvar2: 3.61540187441e-05
        max: 0.659439086914
        mean: 0.543127954006
        min: 0.39705196023
        var: 0.00375870941207
    key_strength: 0.659001171589
    tuning_diatonic_strength: 0.524174809456
    tuning_equal_tempered_deviation: 0.0404992550611
    tuning_frequency: 440.763122559
    tuning_nontempered_energy_ratio: 0.656963407993
    hpcp:
        dmean: [0.123068727553, 0.141581818461, 0.10605571419, 0.10530795902, 0.0915448814631, 0.108222089708, 0.119593508542, 0.128422603011, 0.150825336576, 0.12265022099, 0.140807986259, 0.0916989296675, 0.0956615358591, 0.0862920731306, 0.108331151307, 0.12170701474, 0.0982513949275, 0.0847781002522, 0.0680098384619, 0.0688099116087, 0.118639051914, 0.14043135941, 0.114903509617, 0.0910001993179, 0.0844049155712, 0.0653973445296, 0.0739698261023, 0.098255828023, 0.10841422528, 0.131142929196, 0.116277121007, 0.0955655351281, 0.0677588880062, 0.0813002064824, 0.113911963999, 0.149156928062]
        dmean2: [0.206715717912, 0.24477262795, 0.183230862021, 0.178484126925, 0.164337322116, 0.184259772301, 0.201161459088, 0.226455956697, 0.253797501326, 0.204116716981, 0.24080465734, 0.15082025528, 0.168058499694, 0.144205272198, 0.18141245842, 0.20774948597, 0.167982652783, 0.14772759378, 0.126343175769, 0.126452982426, 0.206284672022, 0.22349140048, 0.188893198967, 0.152276530862, 0.138305693865, 0.110100664198, 0.121872976422, 0.159767851233, 0.194272831082, 0.229599907994, 0.190263777971, 0.154037296772, 0.116962380707, 0.140024811029, 0.200983121991, 0.262305825949]
        dvar: [0.0244857091457, 0.0240186806768, 0.0296270791441, 0.0343220084906, 0.0227544736117, 0.0209014620632, 0.0246208794415, 0.0310555659235, 0.0342955850065, 0.0283420477062, 0.0349423997104, 0.0136044621468, 0.0274491999298, 0.0250697284937, 0.0257744882256, 0.035641361028, 0.0271224752069, 0.0266321320087, 0.0148777170107, 0.0108167892322, 0.0225165057927, 0.0271179191768, 0.0204694829881, 0.0227628014982, 0.0178725216538, 0.0120412902907, 0.014608187601, 0.0215224493295, 0.029937164858, 0.0356003046036, 0.0258297994733, 0.0130778485909, 0.0102533809841, 0.0225945673883, 0.0246949009597, 0.025705717504]
        dvar2: [0.0606822483242, 0.0640383288264, 0.0817156657577, 0.0936833918095, 0.0609012953937, 0.0554368831217, 0.0632615834475, 0.0851677656174, 0.0913342833519, 0.0688460543752, 0.0928592681885, 0.0345692224801, 0.0730738043785, 0.0670065954328, 0.0691955834627, 0.0845657810569, 0.0726589784026, 0.0743601694703, 0.042242847383, 0.0347380489111, 0.0671321153641, 0.0635267570615, 0.0521371923387, 0.0587311945856, 0.0418688282371, 0.0289123598486, 0.0366088412702, 0.0594483539462, 0.0890618264675, 0.103463433683, 0.0550257116556, 0.0319547690451, 0.0282648894936, 0.0585374981165, 0.065890237689, 0.0685684084892]
        max: [1, 1, 1, 1, 1, 1, 1, 1, 1, 1, 1, 0.796632409096, 1, 1, 1, 1, 1, 1, 0.790627598763, 0.655980706215, 1, 1, 1, 1, 1, 0.945652008057, 1, 1, 0.910215318203, 1, 1, 0.793947696686, 0.777495861053, 1, 1, 1]
        mean: [0.535641133785, 0.282616764307, 0.126098260283, 0.113130517304, 0.106134854257, 0.177894771099, 0.221773162484, 0.181510910392, 0.291565299034, 0.364716410637, 0.216996639967, 0.126807510853, 0.120538920164, 0.105092376471, 0.159049957991, 0.20985224843, 0.148287087679, 0.0928985551, 0.0739169120789, 0.0680044367909, 0.218951568007, 0.338795810938, 0.20694847405, 0.114637181163, 0.121813237667, 0.0893387198448, 0.10278878361, 0.130977675319, 0.113778576255, 0.198999524117, 0.278125703335, 0.168987303972, 0.0874905139208, 0.0946957990527, 0.139861837029, 0.41080480814]
        min: [0.00831156037748, 0.0066131260246, 0.00312132225372, 0.00274004531093, 0.00238251499832, 0.00965699367225, 0.0103888930753, 0.0107033802196, 0.00364171690308, 0.00261299987324, 0.00725754350424, 0.0045572835952, 0.00271023926325, 0.00437854975462, 0.0123261502013, 0.0121198371053, 0.00955877546221, 0.00229833787307, 0.00198814831674, 0.0019130515866, 0.00620210636407, 0.00828579906374, 0.0104956123978, 0.00199176091701, 0.00175812758971, 0.00145812751725, 0.00234557734802, 0.00327506545, 0.00146576738916, 0.0103518953547, 0.00983632355928, 0.00889150518924, 0.00516141299158, 0.00578787969425, 0.00521931424737, 0.00675837509334]
        var: [0.159193173051, 0.0489750802517, 0.0306096598506, 0.0345222987235, 0.0239955093712, 0.0402740985155, 0.0549660883844, 0.0345636531711, 0.0888138115406, 0.117699190974, 0.0452703870833, 0.0165243763477, 0.0237419493496, 0.0233420170844, 0.0333198644221, 0.0568232126534, 0.0307159535587, 0.0212492700666, 0.0113830566406, 0.00925030652434, 0.0380189009011, 0.0736926794052, 0.0348946712911, 0.027552543208, 0.0409966558218, 0.0160867795348, 0.0195770896971, 0.0294854212552, 0.0235375314951, 0.0556487180293, 0.0912059694529, 0.0266201104969, 0.00949073396623, 0.0180487688631, 0.0244682002813, 0.112000100315]
    chords_histogram: [35.1851844788, 22.2222213745, 3.70370364189, 0, 0, 0, 0, 20.8333339691, 0, 0, 0, 0, 0, 0, 0, 0, 0, 0, 0, 0, 0, 0, 0.925925910473, 17.1296291351]
    thpcp: [1, 0.527623355389, 0.235415562987, 0.211205810308, 0.198145449162, 0.332115590572, 0.41403311491, 0.338866651058, 0.54432952404, 0.680896937847, 0.40511572361, 0.236739680171, 0.225036710501, 0.196199223399, 0.296933799982, 0.391777694225, 0.276840358973, 0.173434317112, 0.137997075915, 0.126958951354, 0.408765405416, 0.632505238056, 0.386356562376, 0.214018628001, 0.227415770292, 0.166788384318, 0.191898599267, 0.244525045156, 0.212415680289, 0.371516495943, 0.519238889217, 0.315486043692, 0.163337931037, 0.176789626479, 0.261111080647, 0.766940355301]
    chords_key: "A"
    chords_scale: "minor"
    key_key: "A"
    key_scale: "minor"
    chords_progression: ["Dm", "Dm", "A", "A", "A", "A", "A", "A", "A", "A", "A", "A", "A", "A", "A", "A", "A", "A", "A", "A", "A", "A", "A", "A", "A", "A", "A", "A", "A", "A", "A", "A", "A", "A", "A", "A", "A", "A", "A", "A", "A", "A", "A", "A", "A", "A", "A", "Am", "Am", "Am", "Am", "Am", "Am", "Am", "Am", "Am", "Am", "Am", "Em", "Em", "Em", "Em", "Em", "Em", "Em", "Em", "C", "C", "C", "C", "C", "C", "C", "C", "C", "C", "C", "C", "C", "C", "C", "C", "C", "C", "C", "C", "C", "C", "C", "C", "C", "C", "C", "C", "C", "C", "C", "C", "C", "C", "C", "C", "C", "C", "C", "C", "C", "C", "C", "C", "C", "C", "C", "C", "Am", "Am", "Am", "Am", "Am", "Am", "Am", "Am", "Am", "Am", "Am", "Am", "Am", "Am", "Am", "Am", "Am", "Am", "Am", "Am", "Am", "Am", "Am", "Am", "Am", "Am", "Am", "Am", "Am", "Am", "Am", "Am", "Am", "Am", "Am", "Am", "Am", "Am", "Am", "Am", "Am", "Am", "Am", "Am", "Am", "Am", "Am", "Am", "Am", "Am", "Am", "Am", "Am", "Am", "Am", "Am", "Am", "Am", "Am", "Am", "Am", "Am", "Am", "Am", "Am", "F", "F", "F", "F", "F", "F", "F", "F", "F", "F", "F", "F", "F", "F", "F", "F", "F", "F", "F", "F", "F", "F", "F", "F", "F", "F", "F", "F", "F", "F", "F", "F", "F", "F", "F", "F", "F"]
