
metadata:
    version:
        essentia: "1.2.2"
    audio_properties:
        analysis_sample_rate: 44100
        bitrate: 128
        channels: 2
        equal_loudness: 1
        length: 10.0310201645
        replay_gain: -13.8054866791
        downmix: "mix"
    tags:
        track: 11
        year: 0
        album: "Splitted by Mp3Splt v. 2.1"
        artist: "From 001.40 To 001.50"
        comment: "http://mp3splt.sf.net"
        genre: ""
        title: "04 Card Tricks.mp3"

highlevel:
    ballroom:
        all:
            ChaChaCha: 0.518768370152
            Jive: 0.1963519454
            Quickstep: 0.0473167076707
            Rumba-American: 0.0032495718915
            Rumba-International: 0.00928241200745
            Rumba-Misc: 0.0069741983898
            Samba: 0.21486517787
            Tango: 0.00127130409237
            VienneseWaltz: 0.00092195434263
            Waltz: 0.000998347415589
        probability: 0.518768370152
        value: "ChaChaCha"
    culture:
        all:
            non_western: 0.136892020702
            western: 0.863107979298
        probability: 0.863107979298
        value: "western"
    gender:
        all:
            female: 0.0689932107925
            male: 0.931006789207
        probability: 0.931006789207
        value: "male"
    genre_dortmund:
        all:
            alternative: 0.00123374047689
            blues: 0.0102505674586
            electronic: 0.00626962212846
            folkcountry: 0.00205559283495
            funksoulrnb: 0.00721907662228
            jazz: 0.0122715355828
            pop: 0.00519834225997
            raphiphop: 0.91474199295
            rock: 0.040759511292
        probability: 0.91474199295
        value: "raphiphop"
    genre_electronica:
        all:
            ambient: 0.255552977324
            dnb: 0.31950211525
            house: 0.312427580357
            techno: 0.0857586041093
            trance: 0.0267587006092
        probability: 0.31950211525
        value: "dnb"
    genre_rosamerica:
        all:
            cla: 0.00315323472023
            dan: 0.0184123385698
            hip: 0.833591759205
            jaz: 0.0065900227055
            pop: 0.0546479038894
            rhy: 0.0521903075278
            roc: 0.0107393562794
            spe: 0.0206750575453
        probability: 0.833591759205
        value: "hip"
    genre_tzanetakis:
        all:
            blu: 0.000259851221927
            cla: 0.000686356041115
            cou: 0.00135915284045
            dis: 0.00762523431331
            hip: 0.748177826405
            jaz: 0.000326124019921
            met: 0.000959141005296
            pop: 0.161602854729
            reg: 0.072189450264
            roc: 0.00681403372437
        probability: 0.748177826405
        value: "hip"
    live_studio:
        all:
            live: 0.00446962937713
            studio: 0.995530366898
        probability: 0.995530366898
        value: "studio"
    mood:
        all:
            Cluster1: 0.289148449898
            Cluster2: 0.213111549616
            Cluster3: 0.0276189483702
            Cluster4: 0.208540052176
            Cluster5: 0.261581003666
        probability: 0.289148449898
        value: "Cluster1"
    mood_acoustic:
        all:
            acoustic: 0.0682437196374
            not_acoustic: 0.931756258011
        probability: 0.931756258011
        value: "not_acoustic"
    mood_aggressive:
        all:
            aggressive: 0.0637153759599
            not_aggressive: 0.936284601688
        probability: 0.936284601688
        value: "not_aggressive"
    mood_electronic:
        all:
            electronic: 0.636429071426
            not_electronic: 0.363570928574
        probability: 0.636429071426
        value: "electronic"
    mood_happy:
        all:
            happy: 0.549001991749
            not_happy: 0.450998038054
        probability: 0.549001991749
        value: "happy"
    mood_party:
        all:
            not_party: 0.145040988922
            party: 0.854959011078
        probability: 0.854959011078
        value: "party"
    mood_relaxed:
        all:
            not_relaxed: 0.82264995575
            relaxed: 0.177350029349
        probability: 0.82264995575
        value: "not_relaxed"
    mood_sad:
        all:
            not_sad: 0.831739485264
            sad: 0.168260529637
        probability: 0.831739485264
        value: "not_sad"
    rhythm:
        all:
            fast: 0.765524566174
            medium: 0.107480913401
            slow: 0.126994550228
        probability: 0.765524566174
        value: "fast"
    speech_music:
        all:
            music: 0.881038069725
            speech: 0.118961930275
        probability: 0.881038069725
        value: "music"
    timbre:
        all:
            bright: 0.229830473661
            dark: 0.770169496536
        probability: 0.770169496536
        value: "dark"
    voice_instrumental:
        all:
            instrumental: 0.00461534969509
            voice: 0.995384633541
        probability: 0.995384633541
        value: "voice"

lowlevel:
    average_loudness: 0.978616833687
    barkbands_kurtosis:
        dmean: 5.13548278809
        dmean2: 8.62797546387
        dvar: 105.026237488
        dvar2: 244.6378479
        max: 113.002830505
        mean: 3.43188166618
        min: -1.81152236462
        var: 106.96206665
    barkbands_skewness:
        dmean: 1.07695949078
        dmean2: 1.67763340473
        dvar: 1.32122421265
        dvar2: 2.82711744308
        max: 9.69558620453
        mean: 1.0091637373
        min: -3.6430516243
        var: 2.58880209923
    barkbands_spread:
        dmean: 10.2216129303
        dmean2: 16.9425582886
        dvar: 103.642196655
        dvar2: 246.965713501
        max: 75.7192077637
        mean: 22.875
        min: 0.736757099628
        var: 160.801849365
    dissonance:
        dmean: 0.0346114262938
        dmean2: 0.0527486130595
        dvar: 0.000939181889407
        dvar2: 0.00211626640521
        max: 0.49939879775
        mean: 0.43430942297
        min: 0.254983276129
        var: 0.00250702607445
    hfc:
        dmean: 3.29949021339
        dmean2: 5.21846437454
        dvar: 26.6179618835
        dvar2: 58.7494277954
        max: 26.7538471222
        mean: 4.02476406097
        min: 0.00576926022768
        var: 35.187915802
    pitch:
        dmean: 808.687744141
        dmean2: 1537.46594238
        dvar: 1748183.75
        dvar2: 4248019
        max: 4900
        mean: 795.459716797
        min: 82.2761230469
        var: 1560125.625
    pitch_instantaneous_confidence:
        dmean: 0.149398773909
        dmean2: 0.24003714323
        dvar: 0.0195545759052
        dvar2: 0.0393549539149
        max: 0.919620156288
        mean: 0.485369294882
        min: 0.118262171745
        var: 0.0418221391737
    pitch_salience:
        dmean: 0.105503559113
        dmean2: 0.170244574547
        dvar: 0.0102226994932
        dvar2: 0.0230671484023
        max: 0.911734879017
        mean: 0.611947000027
        min: 0.149257168174
        var: 0.0194905847311
    silence_rate_20dB:
        dmean: 0
        dmean2: 0
        dvar: 0
        dvar2: 0
        max: 1
        mean: 1
        min: 1
        var: 0
    silence_rate_30dB:
        dmean: 0
        dmean2: 0
        dvar: 0
        dvar2: 0
        max: 1
        mean: 1
        min: 1
        var: 0
    silence_rate_60dB:
        dmean: 0.203703701496
        dmean2: 0.408352673054
        dvar: 0.162208721042
        dvar2: 0.264803349972
        max: 1
        mean: 0.676674365997
        min: 0
        var: 0.218785449862
    spectral_centroid:
        dmean: 550.959777832
        dmean2: 862.440490723
        dvar: 410391.75
        dvar2: 827536.125
        max: 6187.3984375
        mean: 1288.96801758
        min: 198.953292847
        var: 875445.625
    spectral_complexity:
        dmean: 5.06728553772
        dmean2: 7.50697660446
        dvar: 55.1579055786
        dvar2: 88.5289535522
        max: 43
        mean: 8.28240776062
        min: 0
        var: 99.2026062012
    spectral_crest:
        dmean: 3.44141721725
        dmean2: 5.57413911819
        dvar: 12.0328054428
        dvar2: 24.5879535675
        max: 25.7979335785
        mean: 9.40346240997
        min: 2.66934370995
        var: 26.3159866333
    spectral_decrease:
        dmean: 4.94113805427e-10
        dmean2: 6.97105873027e-10
        dvar: 4.59194582904e-19
        dvar2: 1.02505720772e-18
        max: -1.07681084102e-12
        mean: -6.62396748563e-10
        min: -4.19404511121e-09
        var: 6.68374963037e-19
    spectral_energy:
        dmean: 0.00212123943493
        dmean2: 0.00303517607972
        dvar: 8.59507872519e-06
        dvar2: 1.87163022929e-05
        max: 0.0180820226669
        mean: 0.00286509445868
        min: 4.95424410474e-06
        var: 1.26366685436e-05
    spectral_energyband_high:
        dmean: 0.000175303444848
        dmean2: 0.000296411599265
        dvar: 1.16386701166e-07
        dvar2: 3.09690278755e-07
        max: 0.0021831355989
        mean: 0.000151296888362
        min: 4.07166700356e-09
        var: 9.85348833638e-08
    spectral_energyband_low:
        dmean: 0.000311975076329
        dmean2: 0.00053977733478
        dvar: 6.32402759493e-07
        dvar2: 1.74360059191e-06
        max: 0.00507359206676
        mean: 0.000247262476478
        min: 3.75792819085e-09
        var: 4.51601238183e-07
    spectral_energyband_middle_high:
        dmean: 0.000930495618377
        dmean2: 0.00147262040991
        dvar: 2.12411396205e-06
        dvar2: 4.2007745833e-06
        max: 0.00989535730332
        mean: 0.00114497775212
        min: 1.39761098694e-07
        var: 3.18849447467e-06
    spectral_energyband_middle_low:
        dmean: 0.00103563978337
        dmean2: 0.00155788497068
        dvar: 2.06338654607e-06
        dvar2: 4.96848178955e-06
        max: 0.010742017068
        mean: 0.0013215377694
        min: 7.61993703691e-07
        var: 2.61092691289e-06
    spectral_flatness_db:
        dmean: 0.038271561265
        dmean2: 0.0591521076858
        dvar: 0.0016177840298
        dvar2: 0.00336359045468
        max: 0.44192045927
        mean: 0.187466323376
        min: 0.0629001259804
        var: 0.00384036102332
    spectral_flux:
        dmean: 0.0161497294903
        dmean2: 0.0237259715796
        dvar: 0.000324244610965
        dvar2: 0.00062803120818
        max: 0.121904410422
        mean: 0.0376458726823
        min: 0.00231100083329
        var: 0.000621097045951
    spectral_kurtosis:
        dmean: 3.35899710655
        dmean2: 5.10109233856
        dvar: 15.7578964233
        dvar2: 33.6783714294
        max: 40.6673812866
        mean: 6.21171522141
        min: -1.05755567551
        var: 27.2205944061
    spectral_rms:
        dmean: 0.000601274077781
        dmean2: 0.000788282311987
        dvar: 3.87632070442e-07
        dvar2: 7.48931654471e-07
        max: 0.00420011859387
        mean: 0.00138406839687
        min: 6.9522720878e-05
        var: 8.79569142853e-07
    spectral_rolloff:
        dmean: 1048.58166504
        dmean2: 1732.17175293
        dvar: 1381353.75
        dvar2: 2787421.25
        max: 9560.7421875
        mean: 2356.09204102
        min: 193.798828125
        var: 2525119
    spectral_skewness:
        dmean: 0.481881946325
        dmean2: 0.725285291672
        dvar: 0.238165706396
        dvar2: 0.505959331989
        max: 5.12819623947
        mean: 1.82088410854
        min: 0.188581764698
        var: 0.491133928299
    spectral_spread:
        dmean: 1316419
        dmean2: 1824281.125
        dvar: 2.26407848346e+12
        dvar2: 4.18981688115e+12
        max: 15442555
        mean: 5005823
        min: 1625614.25
        var: 6.17011268813e+12
    spectral_strongpeak:
        dmean: 0.215459927917
        dmean2: 0.33489048481
        dvar: 0.08633171767
        dvar2: 0.211914718151
        max: 3.41799664497
        mean: 0.300439625978
        min: 0.00240301573649
        var: 0.120796434581
    zerocrossingrate:
        dmean: 0.0180222224444
        dmean2: 0.0199150610715
        dvar: 0.000296509591863
        dvar2: 0.000344264146406
        max: 0.2998046875
        mean: 0.0686566382647
        min: 0.0087890625
        var: 0.00162940309383
    barkbands:
        dmean: [5.89953401686e-07, 7.22816985217e-05, 0.000250897137448, 0.000256123486906, 0.00034623790998, 0.00013559263607, 0.000296709418762, 7.84819785622e-05, 0.000157317568664, 5.00284368172e-05, 4.91809805681e-05, 5.14930361533e-05, 5.71545097046e-05, 5.31390869583e-05, 0.000189098893316, 0.000125003323774, 0.000145578742377, 0.000134847752634, 0.000208743163967, 0.000162466283655, 7.46329751564e-05, 3.21700717905e-05, 9.171203601e-06, 4.48357104688e-06, 2.45303772317e-06, 1.46960118741e-07, 5.79176151483e-10]
        dmean2: [7.55503265282e-07, 0.000117921765195, 0.00045163516188, 0.000447478116257, 0.000550719618332, 0.000214831947233, 0.000470855622552, 0.000128855826915, 0.000233467202634, 7.89498008089e-05, 8.40891589178e-05, 7.89373007137e-05, 9.348270396e-05, 8.88339563971e-05, 0.000339575955877, 0.000186699748156, 0.0002230785758, 0.000235024228459, 0.000333733449224, 0.000256282190094, 0.000133716777782, 5.69624753552e-05, 1.66125464602e-05, 7.89517980593e-06, 4.2301967369e-06, 2.48681601533e-07, 8.65441607267e-10]
        dvar: [2.26820450443e-12, 2.57927883496e-08, 4.95024323754e-07, 4.68347138849e-07, 3.64681199017e-07, 5.85585731017e-08, 3.08700776941e-07, 2.98432851764e-08, 9.3924896305e-08, 7.31209537363e-09, 1.61340931726e-08, 2.05272829845e-08, 2.22129372673e-08, 9.77887548714e-09, 1.62150655569e-07, 3.97680395281e-08, 5.8278740056e-08, 5.27763788227e-08, 1.43378926509e-07, 7.96221897303e-08, 2.34957724388e-08, 4.23196633292e-09, 4.42598957484e-10, 8.01970295727e-11, 3.06783660975e-11, 7.53733826655e-14, 1.7315515692e-17]
        dvar2: [3.98922258074e-12, 6.24557898732e-08, 1.38882433021e-06, 1.29834438667e-06, 8.99565407053e-07, 1.52680726728e-07, 6.67252209041e-07, 7.67192673834e-08, 2.31886801316e-07, 1.82031225648e-08, 4.33235278763e-08, 5.63452999813e-08, 5.84491175459e-08, 2.41328272921e-08, 4.53582345017e-07, 8.97400909139e-08, 1.15975197446e-07, 1.35141306146e-07, 3.52207820242e-07, 1.98013509589e-07, 6.54217231499e-08, 1.16924816496e-08, 1.24047605521e-09, 2.18169093902e-10, 8.42773281717e-11, 1.95915508751e-13, 1.78273882899e-17]
        max: [1.81785981113e-05, 0.000936695141718, 0.00464840326458, 0.00530034536496, 0.00462351646274, 0.00242115999572, 0.00681399414316, 0.00181134871673, 0.00255349674262, 0.00082688475959, 0.00176067650318, 0.00196761474945, 0.00194617337547, 0.000890087510925, 0.00313164200634, 0.0014765978558, 0.0017988269683, 0.00153500330634, 0.00230168760754, 0.00184339482803, 0.000876260804944, 0.000466125784442, 0.000162399010151, 5.87320319028e-05, 4.49985782325e-05, 1.66821303083e-06, 8.64192912786e-08]
        mean: [8.91067372777e-07, 7.01769677107e-05, 0.000176216024556, 0.000196248351131, 0.000391660752939, 0.000160265961313, 0.000298681115964, 7.9088138591e-05, 0.000185088691069, 5.89899646002e-05, 4.50076695415e-05, 5.22275768162e-05, 5.0233611546e-05, 5.59520958632e-05, 0.000156514142873, 0.000128120722366, 0.000173903361429, 0.000131435168441, 0.000215862513869, 0.000142161239637, 5.89422197663e-05, 2.55173054029e-05, 6.32928595223e-06, 3.45027547155e-06, 2.01315378945e-06, 1.19682198374e-07, 5.04421338032e-10]
        min: [1.52786984453e-12, 3.85052212337e-10, 4.78923012359e-10, 5.66518876255e-09, 4.52312924892e-08, 1.29417214723e-08, 3.90997989541e-08, 9.34329502655e-09, 8.72561223275e-09, 1.14502398674e-08, 1.10626476868e-08, 6.3525482652e-09, 1.2865322141e-09, 2.74136735534e-09, 2.77625789025e-09, 5.76737768654e-09, 3.47030670866e-08, 7.08778458147e-09, 1.99840659576e-08, 8.59010551579e-09, 1.77290226944e-09, 5.50902157226e-10, 1.11234216282e-10, 9.14822731457e-11, 7.92830245899e-11, 4.02175341641e-12, 5.31061685512e-13]
        var: [4.66971513541e-12, 2.58613770399e-08, 3.11637279538e-07, 3.20032427226e-07, 3.92166640495e-07, 7.36382403943e-08, 4.10116399507e-07, 2.67036188717e-08, 1.20812615023e-07, 9.10757336214e-09, 1.31143957915e-08, 1.68594098682e-08, 1.80556707363e-08, 1.08266737797e-08, 1.2910980729e-07, 5.3219793017e-08, 8.43722673949e-08, 5.77205092611e-08, 1.46617821883e-07, 7.94246446389e-08, 1.74225363025e-08, 3.16777470921e-09, 2.83589707273e-10, 5.9696962651e-11, 2.32498655744e-11, 6.98289828196e-14, 1.7479199846e-17]
    mfcc:
        mean: [-809.485595703, 117.0858078, -41.0095214844, 42.6071929932, -12.7663383484, -18.3658542633, -11.2754402161, -7.08873558044, -5.92896127701, -11.2551736832, -5.40712022781, -13.1713123322, -3.93055915833]
        cov: [[12648.4423828, -1387.76257324, -1401.30187988, 12.2124099731, -21.5687599182, 539.377258301, 17.0459423065, -151.705276489, 330.831329346, 591.711730957, 303.562866211, 116.997093201, 1.18885838985], [-1387.76257324, 3129.55126953, -126.312438965, 68.2089996338, 17.4496574402, -141.013809204, 110.523109436, 205.888565063, 76.638923645, -93.918838501, 64.640083313, -1.79429471493, 85.1385345459], [-1401.30187988, -126.312438965, 1173.2779541, 166.47819519, 114.399299622, 50.1433258057, 141.244522095, 57.473323822, -40.8229598999, -33.269695282, -105.568237305, 99.9759521484, 34.5741882324], [12.2124099731, 68.2089996338, 166.47819519, 432.902801514, 281.12197876, 114.542388916, 48.6687927246, 17.7561664581, 71.7227706909, 60.5048522949, 3.60652804375, 77.4590606689, -6.1448302269], [-21.5687599182, 17.4496574402, 114.399299622, 281.12197876, 557.354248047, 210.064407349, -22.0632476807, -20.839220047, 66.7977752686, 89.2186508179, 16.5632610321, 124.079627991, -11.0483026505], [539.377258301, -141.013809204, 50.1433258057, 114.542388916, 210.064407349, 390.113677979, 125.401626587, 0.181547388434, 69.3296051025, 93.3760528564, 26.316734314, 117.307929993, -30.2270050049], [17.0459423065, 110.523109436, 141.244522095, 48.6687927246, -22.0632476807, 125.401626587, 256.894836426, 96.2699737549, 27.6308078766, 46.8428115845, 31.4710845947, 58.4657669067, 29.4672679901], [-151.705276489, 205.888565063, 57.473323822, 17.7561664581, -20.839220047, 0.181547388434, 96.2699737549, 160.7734375, 37.8645477295, 1.10569274426, 28.3106098175, 7.66059446335, 36.5563392639], [330.831329346, 76.638923645, -40.8229598999, 71.7227706909, 66.7977752686, 69.3296051025, 27.6308078766, 37.8645477295, 132.517333984, 70.8880157471, 19.4777889252, 39.2653694153, -11.1803922653], [591.711730957, -93.918838501, -33.269695282, 60.5048522949, 89.2186508179, 93.3760528564, 46.8428115845, 1.10569274426, 70.8880157471, 164.971099854, 79.6648483276, 52.3843612671, 31.8181991577], [303.562866211, 64.640083313, -105.568237305, 3.60652804375, 16.5632610321, 26.316734314, 31.4710845947, 28.3106098175, 19.4777889252, 79.6648483276, 166.837554932, 15.1696071625, 56.9201583862], [116.997093201, -1.79429471493, 99.9759521484, 77.4590606689, 124.079627991, 117.307929993, 58.4657669067, 7.66059446335, 39.2653694153, 52.3843612671, 15.1696071625, 165.730117798, 24.0797176361], [1.18885838985, 85.1385345459, 34.5741882324, -6.1448302269, -11.0483026505, -30.2270050049, 29.4672679901, 36.5563392639, -11.1803922653, 31.8181991577, 56.9201583862, 24.0797176361, 132.531402588]]
        icov: [[0.000123368954519, 4.32199267379e-05, 0.000138366449391, -4.84419724671e-05, 0.000126361832372, -0.000145228594192, 5.44124159205e-05, 3.31572991854e-05, -9.69252068899e-05, -0.000327736837789, 2.85195055767e-05, -2.9143444408e-05, -4.74936205137e-05], [4.32199267379e-05, 0.000414525653468, 0.000139176292578, -3.82924590667e-05, -0.000135435198899, 0.000214212574065, -0.000278154737316, -0.000195800210349, -0.000461760617327, 0.000499502231833, -0.000190733175259, -3.38801073667e-05, -0.000222146321903], [0.000138366449391, 0.000139176292578, 0.00134133768734, -0.0004005546798, -7.20393363736e-05, 7.70791884861e-05, -0.000615124066826, -0.000296697719023, 0.000543239351828, -0.000273243087577, 0.000979937962256, -0.000556524377316, -0.000437286071246], [-4.84419724671e-05, -3.82924590667e-05, -0.0004005546798, 0.00391742028296, -0.00202023121528, 0.000528849603143, -0.0010048514232, 0.00032818847103, -0.00139075540937, 0.000227736731176, -1.33877238113e-05, 0.000151310785441, 0.000202517359867], [0.000126361832372, -0.000135435198899, -7.20393363736e-05, -0.00202023121528, 0.00412882957608, -0.00198381394148, 0.00248138350435, -0.000523818132933, 0.000633155403193, -0.00152485817671, 7.7673146734e-05, -0.00133432471193, 0.000124080019305], [-0.000145228594192, 0.000214212574065, 7.70791884861e-05, 0.000528849603143, -0.00198381394148, 0.00558017753065, -0.00325984042138, 0.00117119110655, -0.000965908518992, 7.88124307292e-05, -0.00042600298184, -0.00156806316227, 0.00174462678842], [5.44124159205e-05, -0.000278154737316, -0.000615124066826, -0.0010048514232, 0.00248138350435, -0.00325984042138, 0.00853253994137, -0.00449262978509, 0.00206752540544, -0.00256850058213, 0.000142109551234, -0.00125250546262, 5.51189368707e-05], [3.31572991854e-05, -0.000195800210349, -0.000296697719023, 0.00032818847103, -0.000523818132933, 0.00117119110655, -0.00449262978509, 0.011124484241, -0.00498373573646, 0.00345166935585, -0.00172525364906, 0.00122428988107, -0.00235861074179], [-9.69252068899e-05, -0.000461760617327, 0.000543239351828, -0.00139075540937, 0.000633155403193, -0.000965908518992, 0.00206752540544, -0.00498373573646, 0.0142799410969, -0.00674631679431, 0.00191045948304, -0.0017896045465, 0.00316772423685], [-0.000327736837789, 0.000499502231833, -0.000273243087577, 0.000227736731176, -0.00152485817671, 7.88124307292e-05, -0.00256850058213, 0.00345166935585, -0.00674631679431, 0.0147645734251, -0.00509191630408, -9.17401193874e-05, -0.00263647758402], [2.85195055767e-05, -0.000190733175259, 0.000979937962256, -1.33877238113e-05, 7.7673146734e-05, -0.00042600298184, 0.000142109551234, -0.00172525364906, 0.00191045948304, -0.00509191630408, 0.010093155317, 0.000303806329612, -0.00278680771589], [-2.9143444408e-05, -3.38801073667e-05, -0.000556524377316, 0.000151310785441, -0.00133432471193, -0.00156806316227, -0.00125250546262, 0.00122428988107, -0.0017896045465, -9.17401193874e-05, 0.000303806329612, 0.00958049017936, -0.00235396949574], [-4.74936205137e-05, -0.000222146321903, -0.000437286071246, 0.000202517359867, 0.000124080019305, 0.00174462678842, 5.51189368707e-05, -0.00235861074179, 0.00316772423685, -0.00263647758402, -0.00278680771589, -0.00235396949574, 0.0113833360374]]
    spectral_contrast:
        mean: [-3.57183779442e-07, 1.75574783157e-07, 8.375867111e-08, -5.05184289068e-07, -1.34265674134e-08, 1.32972161282e-07, 2.55823965745e-06, 1.95446659745e-06, 8.83031745502e-08, 6.57996622522e-07, 1.69238558101e-06, 7.76516060341e-07]
        var: [0.000637024582829, 0.00120423408225, 0.0026038447395, 0.00337526760995, 0.00639274297282, 0.0168518517166, 0.0934978798032, 0.151606947184, 0.322128474712, 0.834314107895, 1.85525369644, 7.08891296387]

rhythm:
    beats_loudness:
        dmean: 0.00230072275735
        dmean2: 0.00348215200938
        dvar: 2.52192398875e-06
        dvar2: 8.57864597492e-06
        max: 0.011050933972
        mean: 0.00563449505717
        min: 0.0004868551041
        var: 1.23793461171e-05
    beats_loudness_bass:
        dmean: 0.16265130043
        dmean2: 0.312885642052
        dvar: 0.0230890475214
        dvar2: 0.0772699564695
        max: 0.406232953072
        mean: 0.0810877308249
        min: 1.77108249773e-05
        var: 0.0181872881949
    bpm: 90.3569946289
    bpm_confidence: 0
    first_peak_bpm: 90
    first_peak_spread: 0
    first_peak_weight: 0.928571403027
    onset_rate: 5.68237304688
    second_peak_bpm: 116
    second_peak_spread: 0
    second_peak_weight: 0.0714285746217
    beats_position: [0.354994058609, 1.0189332962, 1.6828725338, 2.34681177139, 3.01075100899, 3.67469024658, 4.33862924576, 5.00256872177, 5.66650772095, 6.18559360504, 6.84975337982, 7.51391267776, 8.17807197571, 8.84223175049, 9.50639152527]
    bpm_estimates: [90.4705734253, 90.3684692383, 90.5041122437, 90.4703979492, 90.2247924805, 90.203453064, 90.3578262329, 90.359085083, 90.5564117432, 90.3626785278, 90.2332839966, 90.2456893921, 90.329864502, 90.3112335205]
    bpm_intervals: [0.663939237595, 0.663939237595, 0.663939237595, 0.663939237595, 0.663939237595, 0.663938999176, 0.663939476013, 0.663938999176, 0.519085884094, 0.66415977478, 0.664159297943, 0.664159297943, 0.66415977478, 0.66415977478]
    onset_times: [0.0464399084449, 0.174149662256, 0.31346938014, 0.522448956966, 0.650158703327, 0.847528338432, 1.01006805897, 1.17260766029, 1.31192743778, 1.53251695633, 1.67183673382, 1.84598636627, 2.00852608681, 2.17106580734, 2.34521532059, 2.68190479279, 2.89088439941, 3.00698423386, 3.16952371597, 3.35528349876, 3.50621318817, 3.66875290871, 3.87773251534, 4.00544214249, 4.20281171799, 4.34213161469, 4.5046710968, 4.67882108688, 4.841360569, 5.00390005112, 5.30575942993, 5.50312948227, 5.67727899551, 5.85142850876, 6.00235843658, 6.17650794983, 6.33904743195, 6.51319742203, 6.67573690414, 6.96598625183, 7.17496585846, 7.33750581741, 7.51165533066, 7.67419481277, 7.99927425385, 8.18503379822, 8.34757328033, 8.498503685, 8.68426322937, 8.84680271149, 8.96290206909, 9.0093421936, 9.34603214264, 9.54340171814, 9.65950107574, 9.83365058899, 10.0194101334]
    rubato_start: []
    rubato_stop: []
    perceptual_tempo: "unknown"

sfx:
    inharmonicity:
        dmean: 0.0373685769737
        dmean2: 0.0652115419507
        dvar: 0.00200271233916
        dvar2: 0.00546556478366
        max: 0.335283994675
        mean: 0.0397790409625
        min: 2.21283607971e-05
        var: 0.0022968526464
    oddtoevenharmonicenergyratio:
        dmean: 3.09873890877
        dmean2: 5.69809341431
        dvar: 167.046005249
        dvar2: 500.10748291
        max: 182.148223877
        mean: 2.23474287987
        min: 5.25126743014e-05
        var: 89.7871704102
    pitch_after_max_to_before_max_energy_ratio: 0.565034210682
    pitch_centroid: 195.752151489
    pitch_max_to_total: 0.557870388031
    pitch_min_to_total: 0.743055582047
    tristimulus:
        dmean: [0.228704079986, 0.253519833088, 0.10860414803]
        dmean2: [0.39496037364, 0.436398953199, 0.18326343596]
        dvar: [0.038187995553, 0.0439185239375, 0.014936584048]
        dvar2: [0.0977527350187, 0.115317426622, 0.0426887907088]
        max: [0.969078183174, 0.988944768906, 0.881135761738]
        mean: [0.39263650775, 0.438410878181, 0.112533807755]
        min: [0.00127231539227, 0, 0]
        var: [0.0651254802942, 0.0675832927227, 0.0179316811264]

tonal:
    chords_changes_rate: 0.133640557528
    chords_number_rate: 0.0322580635548
    chords_strength:
        dmean: 0.0197738613933
        dmean2: 0.0236847214401
        dvar: 0.000229420722462
        dvar2: 0.000369229645003
        max: 0.6458812356
        mean: 0.485835969448
        min: 0.291099816561
        var: 0.00786330923438
    key_strength: 0.652343571186
    tuning_diatonic_strength: 0.537318944931
    tuning_equal_tempered_deviation: 0.355084627867
    tuning_frequency: 453.416503906
    tuning_nontempered_energy_ratio: 0.932914078236
    hpcp:
        dmean: [0.285588890314, 0.248548850417, 0.24056045711, 0.232960417867, 0.181567177176, 0.16769605875, 0.188565924764, 0.223034396768, 0.180861830711, 0.123506404459, 0.114318467677, 0.139580994844, 0.16941934824, 0.224044233561, 0.250234097242, 0.22326682508, 0.197405427694, 0.176879197359, 0.1709934026, 0.157304167747, 0.161995008588, 0.152148067951, 0.141280129552, 0.153280556202, 0.192476689816, 0.233758509159, 0.223181560636, 0.221613779664, 0.239275768399, 0.215673267841, 0.255091458559, 0.27084299922, 0.222168266773, 0.247403800488, 0.263947039843, 0.269232273102]
        dmean2: [0.495463043451, 0.418703407049, 0.409136921167, 0.413845151663, 0.323769688606, 0.304405063391, 0.328495293856, 0.387071400881, 0.300725311041, 0.205427482724, 0.199963986874, 0.250600367785, 0.299025416374, 0.36130335927, 0.420639038086, 0.39208599925, 0.356967628002, 0.304125130177, 0.2948551476, 0.271893620491, 0.280701220036, 0.263767778873, 0.251338005066, 0.267333000898, 0.34743052721, 0.426486998796, 0.405335336924, 0.403114557266, 0.429852515459, 0.381359189749, 0.467702865601, 0.490539729595, 0.386123150587, 0.435444414616, 0.47099339962, 0.467961162329]
        dvar: [0.0788704007864, 0.071168243885, 0.0729491561651, 0.071450509131, 0.0462367683649, 0.0400758683681, 0.0526808947325, 0.0552676953375, 0.0440460927784, 0.0228485185653, 0.0227993261069, 0.0372597314417, 0.0424203313887, 0.0494626536965, 0.0758385658264, 0.0539700761437, 0.0532110221684, 0.0432641170919, 0.0483935885131, 0.0370841659606, 0.0496664717793, 0.0406601130962, 0.0465258210897, 0.0449002683163, 0.0577930882573, 0.078224375844, 0.0622535683215, 0.0607088580728, 0.0655252039433, 0.0560030974448, 0.0708248317242, 0.0844092071056, 0.0626497641206, 0.0711873620749, 0.0871998295188, 0.070716150105]
        dvar2: [0.195299774408, 0.174047783017, 0.182278141379, 0.191820263863, 0.12248326838, 0.108368210495, 0.144478783011, 0.144241452217, 0.103840395808, 0.0517557412386, 0.0589146576822, 0.0971961468458, 0.11278693378, 0.101381488144, 0.125446990132, 0.140080019832, 0.138549774885, 0.111077688634, 0.122895106673, 0.0929286628962, 0.132600799203, 0.117552936077, 0.121723130345, 0.108280964196, 0.153027296066, 0.216699793935, 0.167056128383, 0.16902269423, 0.192102015018, 0.150181114674, 0.192728370428, 0.233413398266, 0.171792387962, 0.20065459609, 0.229231581092, 0.158236816525]
        max: [1, 1, 1, 1, 1, 1, 1, 1, 1, 0.988896310329, 0.927906811237, 0.992009580135, 1, 1, 1, 1, 1, 1, 1, 1, 1, 1, 1, 1, 1, 1, 1, 1, 1, 1, 1, 1, 1, 1, 1, 1]
        mean: [0.28508746624, 0.252624064684, 0.234351411462, 0.207123816013, 0.162137076259, 0.142116799951, 0.174856364727, 0.221603557467, 0.192730948329, 0.118120133877, 0.0987004637718, 0.113767780364, 0.143005147576, 0.247194200754, 0.307030290365, 0.234612897038, 0.179331630468, 0.165988758206, 0.156296864152, 0.159371480346, 0.158445909619, 0.138322964311, 0.123403757811, 0.129669815302, 0.154138475657, 0.204145610332, 0.207071974874, 0.182348608971, 0.205798640847, 0.212922483683, 0.21921184659, 0.227149605751, 0.210947930813, 0.231896132231, 0.28610676527, 0.309674233198]
        min: [0.000679654709529, 0.000555436534341, 0.000793313374743, 0.0006245560362, 0.000184642864042, 0.000425513135269, 0.00026930711465, 0.000240020061028, 0.000403525918955, 0.000117228271847, 5.29825483682e-05, 0.000161617106642, 0.000257568754023, 0.000258635904174, 0.000254301790847, 0.000264856033027, 5.3433705034e-05, 0.000111716879474, 0.000257481937297, 0.000272933539236, 0.000884014123585, 0.000231697573327, 5.70653537579e-05, 6.56535339658e-05, 9.89568507066e-05, 0.000356457137968, 0.000439962605014, 0.000562270695809, 0.000691213121172, 0.000757492496632, 0.000508401426487, 0.000820101762656, 0.000575817597564, 0.000299300358165, 0.00073766062269, 0.000795728119556]
        var: [0.0890438035131, 0.0835207551718, 0.0828502476215, 0.071838952601, 0.046145055443, 0.0393686033785, 0.054639685899, 0.0751633569598, 0.0665991976857, 0.0256047844887, 0.0207694992423, 0.0306771919131, 0.0373055413365, 0.0744886547327, 0.120673693717, 0.0611128024757, 0.0489207133651, 0.045860145241, 0.0473588481545, 0.0382220894098, 0.0445805974305, 0.0377479679883, 0.0401057042181, 0.042387098074, 0.0482232049108, 0.0639804005623, 0.0586792603135, 0.054156653583, 0.0647770240903, 0.0650257319212, 0.0650649517775, 0.0821470692754, 0.0654752999544, 0.0772137641907, 0.0984677970409, 0.0942600518465]
    chords_histogram: [3.22580647469, 0, 20.7373275757, 0, 1.38248848915, 0, 0, 0, 0, 53.4562225342, 0, 0, 0, 0, 5.5299539566, 0, 11.0599079132, 0, 0, 0, 0, 3.68663597107, 0, 0.921658992767]
    thpcp: [1, 0.920604407787, 0.8157736063, 0.756767570972, 0.668844223022, 0.523573040962, 0.45892354846, 0.56464612484, 0.7156021595, 0.622366786003, 0.381433516741, 0.318723529577, 0.367378890514, 0.461792200804, 0.798239469528, 0.991462171078, 0.75761193037, 0.579097688198, 0.536010861397, 0.504713833332, 0.514642357826, 0.511653542519, 0.44667249918, 0.398495405912, 0.418729752302, 0.497743934393, 0.659226953983, 0.668676793575, 0.588840126991, 0.664564967155, 0.687569260597, 0.707878887653, 0.733511507511, 0.681193053722, 0.748838961124, 0.923895955086]
    chords_key: "C#"
    chords_scale: "major"
    key_key: "F#"
    key_scale: "minor"
    chords_progression: ["Gm", "Gm", "Gm", "Gm", "Gm", "Gm", "Gm", "Gm", "Gm", "Gm", "Dm", "Dm", "Dm", "Dm", "Dm", "Dm", "Gm", "Dm", "Gm", "Dm", "Dm", "Dm", "C#", "Dm", "Dm", "Dm", "G#m", "Dm", "Dm", "Dm", "Dm", "Dm", "F#m", "F#m", "F#m", "F#m", "F#m", "F#m", "F#m", "C#", "C#", "C#", "C#", "C#", "C#", "C#", "C#", "C#", "C#", "C#", "C#", "C#", "C#", "C#", "C#", "C#", "C#", "C#", "D", "D", "C#", "C#", "C#", "C#", "C#", "C#", "C#", "C#", "C#", "C#", "C#", "C#", "C#", "C#", "C#", "C#", "C#", "C#", "C#", "C#", "C#", "C#", "C#", "C#", "C#", "C#", "C#", "C#", "C#", "C#", "C#", "C#", "C#", "C#", "C#", "C#", "C#", "C#", "C#", "C#", "C#", "C#", "C#", "C#", "C#", "C#", "C#", "C#", "C#", "C#", "C#", "C#", "C#", "C#", "C#", "C#", "C#", "C#", "C#", "C#", "C#", "C#", "C#", "C#", "C#", "C#", "C#", "C#", "C#", "C#", "C#", "C#", "Dm", "Dm", "C#", "C#", "C#", "C#", "C#", "C#", "Dm", "Dm", "Dm", "C#m", "C#m", "C#m", "C#m", "C#m", "C#m", "C#m", "C#", "C#m", "C#m", "C#", "C#", "C#", "C#", "C#", "C#", "C#", "Dm", "C#m", "C#m", "C#m", "C#", "C#", "C#", "C#", "C#m", "C#m", "G", "G", "G", "G", "G", "G", "G", "G", "C#m", "G#m", "G#m", "C#m", "C#m", "C#m", "C#m", "C#m", "C#m", "C#m", "C#m", "C#m", "C#m", "C#m", "C#m", "C#m", "C#m", "C#m", "C#m", "C#m", "C#m", "C#m", "C#m", "C#m", "C#m", "C#m", "C#m", "C#m", "C#m", "C#m", "C#m", "C#m", "C#m", "C#", "C#", "C#", "C#", "C#", "C#"]
