
metadata:
    version:
        essentia: "1.2.2"
    audio_properties:
        analysis_sample_rate: 44100
        bitrate: 128
        channels: 2
        equal_loudness: 1
        length: 10.0048980713
        replay_gain: -7.62077903748
        downmix: "mix"
    tags:
        track: 4
        year: 0
        album: "Splitted by Mp3Splt v. 2.1"
        artist: "From 000.30 To 000.40"
        comment: "http://mp3splt.sf.net"
        genre: ""
        title: "08 Pineapple Face.mp3"

highlevel:
    ballroom:
        all:
            ChaChaCha: 0.726707994938
            Jive: 0.109619736671
            Quickstep: 0.0611074827611
            Rumba-American: 0.00074222125113
            Rumba-International: 0.00379689061083
            Rumba-Misc: 0.00135350658093
            Samba: 0.0941504538059
            Tango: 0.00120246922597
            VienneseWaltz: 0.000666912063025
            Waltz: 0.000652317132335
        probability: 0.726707994938
        value: "ChaChaCha"
    culture:
        all:
            non_western: 0.541120946407
            western: 0.45887902379
        probability: 0.541120946407
        value: "non_western"
    gender:
        all:
            female: 0.384296059608
            male: 0.615703940392
        probability: 0.615703940392
        value: "male"
    genre_dortmund:
        all:
            alternative: 0.0257641915232
            blues: 0.0191910229623
            electronic: 0.234008491039
            folkcountry: 0.019538950175
            funksoulrnb: 0.0313371196389
            jazz: 0.0755242034793
            pop: 0.0769972652197
            raphiphop: 0.338521659374
            rock: 0.179117113352
        probability: 0.338521659374
        value: "raphiphop"
    genre_electronica:
        all:
            ambient: 0.0607462786138
            dnb: 0.155871734023
            house: 0.58670604229
            techno: 0.152988031507
            trance: 0.0436879210174
        probability: 0.58670604229
        value: "house"
    genre_rosamerica:
        all:
            cla: 0.00736376922578
            dan: 0.670422434807
            hip: 0.137324169278
            jaz: 0.00405416311696
            pop: 0.0729674473405
            rhy: 0.0847584679723
            roc: 0.019373152405
            spe: 0.00373638677411
        probability: 0.670422434807
        value: "dan"
    genre_tzanetakis:
        all:
            blu: 0.00131804414559
            cla: 0.00152628251817
            cou: 0.00319849513471
            dis: 0.112790465355
            hip: 0.0156454313546
            jaz: 0.00157019507606
            met: 0.0198710728437
            pop: 0.491043537855
            reg: 0.334035038948
            roc: 0.0190014541149
        probability: 0.491043537855
        value: "pop"
    live_studio:
        all:
            live: 0.0187387149781
            studio: 0.981261312962
        probability: 0.981261312962
        value: "studio"
    mood:
        all:
            Cluster1: 0.0796473622322
            Cluster2: 0.359803289175
            Cluster3: 0.337432026863
            Cluster4: 0.069024130702
            Cluster5: 0.154093176126
        probability: 0.359803289175
        value: "Cluster2"
    mood_acoustic:
        all:
            acoustic: 0.00962602067739
            not_acoustic: 0.990373969078
        probability: 0.990373969078
        value: "not_acoustic"
    mood_aggressive:
        all:
            aggressive: 0.852571070194
            not_aggressive: 0.147428944707
        probability: 0.852571070194
        value: "aggressive"
    mood_electronic:
        all:
            electronic: 0.945621013641
            not_electronic: 0.0543789751828
        probability: 0.945621013641
        value: "electronic"
    mood_happy:
        all:
            happy: 0.5
            not_happy: 0.5
        probability: 0.5
        value: "happy"
    mood_party:
        all:
            not_party: 0.0403051376343
            party: 0.959694862366
        probability: 0.959694862366
        value: "party"
    mood_relaxed:
        all:
            not_relaxed: 0.970471918583
            relaxed: 0.0295280758291
        probability: 0.970471918583
        value: "not_relaxed"
    mood_sad:
        all:
            not_sad: 0.988869190216
            sad: 0.0111308256164
        probability: 0.988869190216
        value: "not_sad"
    rhythm:
        all:
            fast: 0.932424068451
            medium: 0.0627126768231
            slow: 0.00486326543614
        probability: 0.932424068451
        value: "fast"
    speech_music:
        all:
            music: 0.919667482376
            speech: 0.0803325101733
        probability: 0.919667482376
        value: "music"
    timbre:
        all:
            bright: 0.720348358154
            dark: 0.279651641846
        probability: 0.720348358154
        value: "bright"
    voice_instrumental:
        all:
            instrumental: 0.0129381911829
            voice: 0.987061798573
        probability: 0.987061798573
        value: "voice"

lowlevel:
    average_loudness: 0.900342702866
    barkbands_kurtosis:
        dmean: 1.9072791338
        dmean2: 3.13095259666
        dvar: 16.4766559601
        dvar2: 42.4624938965
        max: 43.6244049072
        mean: 0.938162446022
        min: -1.83667266369
        var: 30.2660751343
    barkbands_skewness:
        dmean: 0.703562915325
        dmean2: 1.1430054903
        dvar: 0.707770824432
        dvar2: 1.82779765129
        max: 5.55844545364
        mean: 0.00873882882297
        min: -5.87233448029
        var: 2.11183309555
    barkbands_spread:
        dmean: 7.56020498276
        dmean2: 12.3677053452
        dvar: 64.2523193359
        dvar2: 175.113632202
        max: 68.9518966675
        mean: 33.0323410034
        min: 3.39035129547
        var: 150.384490967
    dissonance:
        dmean: 0.014460128732
        dmean2: 0.0246865227818
        dvar: 0.00019920746854
        dvar2: 0.000535990868229
        max: 0.499750345945
        mean: 0.476008713245
        min: 0.394253134727
        var: 0.000349043024471
    hfc:
        dmean: 5.70902967453
        dmean2: 9.64487266541
        dvar: 124.815872192
        dvar2: 332.497436523
        max: 81.4625930786
        mean: 7.324010849
        min: 0.0168479457498
        var: 152.497558594
    pitch:
        dmean: 910.94317627
        dmean2: 1725.46154785
        dvar: 1899336.5
        dvar2: 4306242
        max: 4900
        mean: 1893.00744629
        min: 61.9382019043
        var: 3393267.5
    pitch_instantaneous_confidence:
        dmean: 0.0919726416469
        dmean2: 0.148405089974
        dvar: 0.00677928468212
        dvar2: 0.0157515909523
        max: 0.843166291714
        mean: 0.399071782827
        min: 0.107671320438
        var: 0.0204660147429
    pitch_salience:
        dmean: 0.079440228641
        dmean2: 0.133893087506
        dvar: 0.00737281516194
        dvar2: 0.0199585426599
        max: 0.872974038124
        mean: 0.642086386681
        min: 0.193697839975
        var: 0.011651545763
    silence_rate_20dB:
        dmean: 0
        dmean2: 0
        dvar: 0
        dvar2: 0
        max: 1
        mean: 1
        min: 1
        var: 0
    silence_rate_30dB:
        dmean: 0
        dmean2: 0
        dvar: 0
        dvar2: 0
        max: 1
        mean: 1
        min: 1
        var: 0
    silence_rate_60dB:
        dmean: 0.153132244945
        dmean2: 0.306976735592
        dvar: 0.129682540894
        dvar2: 0.222044721246
        max: 1
        mean: 0.71064811945
        min: 0
        var: 0.205627515912
    spectral_centroid:
        dmean: 411.298797607
        dmean2: 663.024841309
        dvar: 228273.984375
        dvar2: 525373.0625
        max: 4872.29150391
        mean: 1889.69604492
        min: 182.587646484
        var: 1160988.375
    spectral_complexity:
        dmean: 4.83255815506
        dmean2: 7.78321695328
        dvar: 53.8045654297
        dvar2: 118.491394043
        max: 47
        mean: 8.23433876038
        min: 0
        var: 80.230430603
    spectral_crest:
        dmean: 2.41383337975
        dmean2: 3.88469910622
        dvar: 5.92239332199
        dvar2: 15.3885850906
        max: 23.7520370483
        mean: 7.59220027924
        min: 2.91166949272
        var: 12.8214530945
    spectral_decrease:
        dmean: 4.28424934418e-10
        dmean2: 6.92027990468e-10
        dvar: 6.88706235313e-19
        dvar2: 1.79988214719e-18
        max: -4.43478673923e-12
        mean: -5.88357140785e-10
        min: -6.46133546667e-09
        var: 6.34409582918e-19
    spectral_energy:
        dmean: 0.00212636194192
        dmean2: 0.00345818628557
        dvar: 1.67418347701e-05
        dvar2: 4.41964803031e-05
        max: 0.0317754335701
        mean: 0.00288490415551
        min: 1.82662442967e-05
        var: 1.61251991813e-05
    spectral_energyband_high:
        dmean: 0.000521613459568
        dmean2: 0.000797420507297
        dvar: 1.01582577372e-06
        dvar2: 2.2664946755e-06
        max: 0.0133988438174
        mean: 0.000810505007394
        min: 2.16274884224e-07
        var: 3.11168355438e-06
    spectral_energyband_low:
        dmean: 0.000243618924287
        dmean2: 0.000419720105128
        dvar: 2.7496392363e-07
        dvar2: 7.47846513605e-07
        max: 0.00317755830474
        mean: 0.000231725935009
        min: 1.18880939226e-06
        var: 2.28424653415e-07
    spectral_energyband_middle_high:
        dmean: 0.00120611465536
        dmean2: 0.00215806206688
        dvar: 6.54901668895e-06
        dvar2: 1.80357255886e-05
        max: 0.0170182753354
        mean: 0.00117036467418
        min: 9.69208304014e-06
        var: 4.52092081105e-06
    spectral_energyband_middle_low:
        dmean: 0.000517307198606
        dmean2: 0.000860474188812
        dvar: 1.15970192383e-06
        dvar2: 3.07881350636e-06
        max: 0.00822717230767
        mean: 0.000672304071486
        min: 6.33592208032e-06
        var: 9.68878111962e-07
    spectral_flatness_db:
        dmean: 0.0184250511229
        dmean2: 0.0281666647643
        dvar: 0.000339367892593
        dvar2: 0.000771568273194
        max: 0.294065564871
        mean: 0.151175156236
        min: 0.0752932578325
        var: 0.00198554364033
    spectral_flux:
        dmean: 0.0145138204098
        dmean2: 0.0221056900918
        dvar: 0.000463728880277
        dvar2: 0.00078807893442
        max: 0.156063869596
        mean: 0.0347583517432
        min: 0.00292429304682
        var: 0.000792462611571
    spectral_kurtosis:
        dmean: 1.68044948578
        dmean2: 2.90755438805
        dvar: 6.62554454803
        dvar2: 19.8444919586
        max: 24.8210372925
        mean: 3.22384333611
        min: 0.16478061676
        var: 8.52050495148
    spectral_rms:
        dmean: 0.000496359018143
        dmean2: 0.000751523650251
        dvar: 5.1860001804e-07
        dvar2: 1.28082945139e-06
        max: 0.00556780211627
        mean: 0.00142070522998
        min: 0.00013349429355
        var: 7.96137669568e-07
    spectral_rolloff:
        dmean: 543.588195801
        dmean2: 883.011962891
        dvar: 542102.75
        dvar2: 1308935
        max: 5727.83203125
        mean: 3389.60449219
        min: 86.1328125
        var: 1880480.125
    spectral_skewness:
        dmean: 0.257367253304
        dmean2: 0.418266028166
        dvar: 0.0965473502874
        dvar2: 0.271452635527
        max: 3.23563408852
        mean: 1.19072663784
        min: -0.00333779444918
        var: 0.229135110974
    spectral_spread:
        dmean: 674743.8125
        dmean2: 1046836.375
        dvar: 594525356032
        dvar2: 1.25743438234e+12
        max: 11084035
        mean: 5140844
        min: 1885793.5
        var: 3.06707745997e+12
    spectral_strongpeak:
        dmean: 0.434780776501
        dmean2: 0.752598285675
        dvar: 0.751713693142
        dvar2: 1.99725830555
        max: 8.58772945404
        mean: 0.571494281292
        min: 0.00529910204932
        var: 1.23185384274
    zerocrossingrate:
        dmean: 0.010915924795
        dmean2: 0.0124927153811
        dvar: 0.000105007653474
        dvar2: 0.000112076828373
        max: 0.22802734375
        mean: 0.105384916067
        min: 0.0146484375
        var: 0.00208817981184
    barkbands:
        dmean: [8.75589236671e-08, 5.89662195125e-05, 0.000214675426832, 0.000128795756609, 0.000234123232076, 0.00010978665523, 5.0305541663e-05, 4.29940591857e-05, 5.91503121541e-05, 4.30963991676e-05, 5.10720237799e-05, 4.75809029012e-05, 4.39903560618e-05, 3.81575300707e-05, 4.79885820823e-05, 7.49662140151e-05, 0.000172745800228, 0.000298486382235, 0.000323267478961, 0.000414016045397, 0.000259937514784, 8.71927040862e-05, 1.14173408292e-05, 4.24145218858e-06, 1.99532200895e-06, 1.02950600933e-07, 5.28332433358e-10]
        dmean2: [1.28127453536e-07, 8.57604536577e-05, 0.000382822559914, 0.000212056707824, 0.000429802428698, 0.000195578570128, 8.95672856132e-05, 7.2434428148e-05, 9.94056608761e-05, 6.55626427033e-05, 9.00147351786e-05, 7.72476560087e-05, 8.00926718512e-05, 6.76092531648e-05, 8.43394227559e-05, 0.000137028007885, 0.00031367194606, 0.00056061585201, 0.000571762269828, 0.000715618487448, 0.000387309060898, 0.000126636994537, 1.56455535034e-05, 6.45721183901e-06, 3.04941477225e-06, 1.65886589798e-07, 7.5403572275e-10]
        dvar: [5.07453237417e-14, 9.7809023103e-09, 2.72825502634e-07, 5.30088648532e-08, 3.04998451384e-07, 1.23895503634e-07, 1.73916276935e-08, 6.29521723639e-09, 3.0814959473e-08, 4.82896433951e-09, 1.77714820637e-08, 1.21539649456e-08, 1.90347595463e-08, 9.40785316317e-09, 9.98357663207e-09, 2.65208477401e-08, 8.29689739135e-08, 6.23535242994e-07, 5.16889542723e-07, 8.40196946683e-07, 3.36012249136e-07, 7.5943155764e-08, 4.82455964068e-10, 9.07741798395e-11, 1.3978583048e-11, 4.60806252097e-14, 1.65623776704e-17]
        dvar2: [6.41839351307e-14, 2.23305303138e-08, 7.32847354357e-07, 1.25033920995e-07, 8.77678360212e-07, 3.52351946731e-07, 5.03053421141e-08, 1.76579568745e-08, 8.12408842421e-08, 1.13791962519e-08, 4.86566236191e-08, 3.23813473813e-08, 5.44655875956e-08, 2.59919890055e-08, 2.79447309737e-08, 7.38136876066e-08, 2.24950142069e-07, 1.78492018676e-06, 1.42282021898e-06, 2.26715656026e-06, 7.27224289676e-07, 1.79019735924e-07, 9.14782083417e-10, 2.22728946397e-10, 3.39387615234e-11, 1.0902589324e-13, 1.70606448017e-17]
        max: [4.25548387284e-06, 0.000754393520765, 0.00297244009562, 0.00155529077165, 0.00365714146756, 0.00276468042284, 0.00129867880605, 0.000665447267238, 0.00161398504861, 0.000655198062304, 0.000887406233232, 0.000916081189644, 0.000989737338386, 0.000875165802427, 0.000682059617247, 0.00115442567039, 0.00168412842322, 0.00510855112225, 0.00566800497472, 0.00758922053501, 0.00691871251911, 0.00439867423847, 0.000283701636363, 8.71627198649e-05, 3.35878357873e-05, 1.65224423654e-06, 8.423717901e-08]
        mean: [1.03774198124e-07, 6.58070784993e-05, 0.00016582068929, 0.000132946443046, 0.000262758956524, 9.55277719186e-05, 5.64765032323e-05, 5.57281273359e-05, 6.40224898234e-05, 6.74061229802e-05, 4.65755983896e-05, 5.93814547756e-05, 3.46026245097e-05, 3.3715263271e-05, 4.63547439722e-05, 5.74013429286e-05, 0.000153231245349, 0.000205294563784, 0.000296445883578, 0.000406929204473, 0.000412096414948, 0.000139400741318, 1.7825534087e-05, 5.79286552238e-06, 3.12348288389e-06, 1.36942034601e-07, 5.32933031039e-10]
        min: [2.06431681644e-12, 1.41073659421e-08, 3.20630363149e-07, 5.29205124167e-07, 1.20563333894e-06, 4.01099214287e-07, 8.07924266155e-07, 2.25461391778e-07, 1.96729160962e-07, 4.8782317208e-07, 1.79015188451e-07, 6.64645796178e-08, 7.671896185e-08, 4.6806633236e-07, 8.09827440662e-08, 2.24438835517e-07, 4.93570212257e-07, 4.08381993111e-07, 4.91427670113e-07, 2.23311801051e-07, 5.86486059717e-08, 6.58615828542e-09, 2.44760989254e-09, 1.13695303172e-10, 5.6128855036e-11, 2.27139054093e-12, 7.25422163745e-13]
        var: [5.79065197485e-14, 1.34714222e-08, 1.91448151554e-07, 5.45063123525e-08, 2.00204908651e-07, 7.87829890214e-08, 1.16650813453e-08, 6.89252344088e-09, 2.75888965007e-08, 7.16596382233e-09, 1.29111361602e-08, 1.10851088309e-08, 1.20904735113e-08, 6.2818736879e-09, 7.07048819493e-09, 1.69820602025e-08, 5.99797331802e-08, 3.5628059436e-07, 3.72036083718e-07, 7.82358370088e-07, 9.19331228033e-07, 1.87931902929e-07, 1.50487211581e-09, 1.21087584404e-10, 2.68502737405e-11, 6.01765070608e-14, 1.66167863024e-17]
    mfcc:
        mean: [-762.071289062, 101.993682861, -40.3841629028, 59.2267951965, -22.5691108704, 1.74611330032, 4.12242841721, -1.25810003281, 0.0720872431993, -8.54536056519, -7.15037536621, -5.0513381958, -4.38106679916]
        cov: [[6423.58154297, -3334.22680664, 774.333862305, -532.118591309, -33.7576675415, -255.235122681, -229.659942627, -401.852325439, -142.367294312, -147.074996948, -72.646156311, -61.6403236389, -64.8659973145], [-3334.22680664, 3340.1953125, -1072.61096191, 470.011383057, 122.537055969, 73.6497116089, 260.249664307, 356.149383545, -10.3320589066, 152.625869751, 34.3840827942, -28.4676570892, -29.5877552032], [774.333862305, -1072.61096191, 924.123962402, -156.647766113, 67.1807403564, 12.2583227158, 17.4248371124, -51.2820549011, 48.9962387085, 1.33406245708, 19.3313274384, -14.9280042648, 12.3079404831], [-532.118591309, 470.011383057, -156.647766113, 348.287200928, 20.6238117218, 99.8158493042, 58.4289550781, 84.8508453369, 35.0202674866, 36.4159431458, -30.2800483704, 8.89317989349, -18.7409973145], [-33.7576675415, 122.537055969, 67.1807403564, 20.6238117218, 203.441970825, -17.9175491333, 67.6315002441, 51.7950553894, -6.86192941666, 26.8527927399, 5.57873010635, -9.94286155701, -3.29199934006], [-255.235122681, 73.6497116089, 12.2583227158, 99.8158493042, -17.9175491333, 185.497940063, 26.7717704773, 13.1417703629, 31.2881450653, -6.91881752014, -5.14977073669, 33.1424064636, 15.1218910217], [-229.659942627, 260.249664307, 17.4248371124, 58.4289550781, 67.6315002441, 26.7717704773, 103.333305359, 68.5199203491, 3.63912129402, 28.7151756287, 1.26055216789, -9.3301486969, -1.49401855469], [-401.852325439, 356.149383545, -51.2820549011, 84.8508453369, 51.7950553894, 13.1417703629, 68.5199203491, 137.632202148, 36.173034668, 36.0558815002, 4.54312992096, -15.9250307083, -10.2457294464], [-142.367294312, -10.3320589066, 48.9962387085, 35.0202674866, -6.86192941666, 31.2881450653, 3.63912129402, 36.173034668, 88.5684661865, 25.55585289, 13.2338151932, 11.2072038651, 5.92541217804], [-147.074996948, 152.625869751, 1.33406245708, 36.4159431458, 26.8527927399, -6.91881752014, 28.7151756287, 36.0558815002, 25.55585289, 70.4840698242, 21.4335441589, 1.48361027241, 2.78793096542], [-72.646156311, 34.3840827942, 19.3313274384, -30.2800483704, 5.57873010635, -5.14977073669, 1.26055216789, 4.54312992096, 13.2338151932, 21.4335441589, 74.5914535522, 37.899559021, 16.2917823792], [-61.6403236389, -28.4676570892, -14.9280042648, 8.89317989349, -9.94286155701, 33.1424064636, -9.3301486969, -15.9250307083, 11.2072038651, 1.48361027241, 37.899559021, 82.4085769653, 36.799533844], [-64.8659973145, -29.5877552032, 12.3079404831, -18.7409973145, -3.29199934006, 15.1218910217, -1.49401855469, -10.2457294464, 5.92541217804, 2.78793096542, 16.2917823792, 36.799533844, 56.6561393738]]
        icov: [[0.000421355711296, 0.000557519961149, 0.000300045270706, 1.5140776668e-05, -0.000149277271703, 0.000204530049814, -0.000525580893736, 0.000216350352275, 0.000468669459224, -0.000326020119246, -0.000101115692814, 0.000184929624083, 0.000551383651327], [0.000557519961149, 0.001684594783, 0.00142213876825, -0.000371737551177, -0.000215168765862, 2.78396000795e-05, -0.00206300220452, -0.00065987725975, 0.00111675821245, -0.00113906478509, -0.00119623797946, 0.00111584493425, 0.000450955238193], [0.000300045270706, 0.00142213876825, 0.00277419341728, 0.000324295950122, -0.000768076744862, -0.000493650033604, -0.00277032097802, 0.0004208428727, -0.000728562183212, -0.000843541172799, -0.00147352670319, 0.00183510046918, 3.04874447465e-05], [1.5140776668e-05, -0.000371737551177, 0.000324295950122, 0.00544376205653, -0.000144589517731, -0.00221741036512, -0.000232345119002, -0.00128942227457, -0.000763103715144, -0.00237326300703, 0.00397170661017, -0.00303145381622, 0.00292110815644], [-0.000149277271703, -0.000215168765862, -0.000768076744862, -0.000144589517731, 0.00699022971094, 0.00119683030061, -0.00350239966065, -0.00134400860406, 0.00131136551499, -0.000706214166712, 0.000203624440474, -0.000854584563058, -1.88115718629e-05], [0.000204530049814, 2.78396000795e-05, -0.000493650033604, -0.00221741036512, 0.00119683030061, 0.00855647306889, -0.0033938982524, 0.00154730328359, -0.00260509108193, 0.00320323277265, 0.00107460503932, -0.00296928128228, -0.000667015381623], [-0.000525580893736, -0.00206300220452, -0.00277032097802, -0.000232345119002, -0.00350239966065, -0.0033938982524, 0.0230756029487, -0.0074606500566, 0.00431006541476, -0.00301672634669, 0.00161805015523, 0.000183051321073, -0.00207898276858], [0.000216350352275, -0.00065987725975, 0.0004208428727, -0.00128942227457, -0.00134400860406, 0.00154730328359, -0.0074606500566, 0.0167955625802, -0.00703332526609, 0.00053070980357, -0.00141217571218, 0.00294306036085, 0.000938608136494], [0.000468669459224, 0.00111675821245, -0.000728562183212, -0.000763103715144, 0.00131136551499, -0.00260509108193, 0.00431006541476, -0.00703332526609, 0.0187160223722, -0.00635944772512, -0.00114836217836, -0.000816445623059, -0.000145071870065], [-0.000326020119246, -0.00113906478509, -0.000843541172799, -0.00237326300703, -0.000706214166712, 0.00320323277265, -0.00301672634669, 0.00053070980357, -0.00635944772512, 0.0230626109987, -0.00639894651249, 0.00243388907984, -0.00266006006859], [-0.000101115692814, -0.00119623797946, -0.00147352670319, 0.00397170661017, 0.000203624440474, 0.00107460503932, 0.00161805015523, -0.00141217571218, -0.00114836217836, -0.00639894651249, 0.0244730561972, -0.0139421923086, 0.00285911792889], [0.000184929624083, 0.00111584493425, 0.00183510046918, -0.00303145381622, -0.000854584563058, -0.00296928128228, 0.000183051321073, 0.00294306036085, -0.000816445623059, 0.00243388907984, -0.0139421923086, 0.0273288805038, -0.013103033416], [0.000551383651327, 0.000450955238193, 3.04874447465e-05, 0.00292110815644, -1.88115718629e-05, -0.000667015381623, -0.00207898276858, 0.000938608136494, -0.000145071870065, -0.00266006006859, 0.00285911792889, -0.013103033416, 0.0276032648981]]
    spectral_contrast:
        mean: [-3.15201901913e-07, -1.22415983128e-07, 9.8807710458e-08, -2.74530549405e-07, 1.48892496554e-07, 1.93645945501e-07, 1.9568578864e-06, -2.06949812309e-06, -2.17246656575e-06, 5.15766885201e-07, 2.96581515613e-06, -9.84410121418e-07]
        var: [0.000853429490235, 0.000873951765243, 0.00114667380694, 0.00249677058309, 0.00409868825227, 0.00494321109727, 0.0723989605904, 0.10267739743, 0.19914637506, 0.464303672314, 1.20636844635, 4.20943689346]

rhythm:
    beats_loudness:
        dmean: 0.0031479652971
        dmean2: 0.00580469891429
        dvar: 6.86721386955e-06
        dvar2: 2.25766707445e-05
        max: 0.014980235137
        mean: 0.00614808732644
        min: 0.00221229414456
        var: 8.70152052812e-06
    beats_loudness_bass:
        dmean: 0.267725169659
        dmean2: 0.48817896843
        dvar: 0.0285281036049
        dvar2: 0.103743202984
        max: 0.845524191856
        mean: 0.592598080635
        min: 0.055194042623
        var: 0.0453947074711
    bpm: 128.686141968
    bpm_confidence: 0
    first_peak_bpm: 129
    first_peak_spread: 0
    first_peak_weight: 0.950000047684
    onset_rate: 5.39735603333
    second_peak_bpm: 121
    second_peak_spread: 0
    second_peak_weight: 0.0500000007451
    beats_position: [0.485194861889, 0.950688481331, 1.41618216038, 1.88167583942, 2.34716939926, 2.81266283989, 3.27815651894, 3.74364995956, 4.20914363861, 4.67463731766, 5.14013051987, 5.60562419891, 6.10227966309, 6.56929349899, 7.03630638123, 7.50332021713, 7.97033452988, 8.43734741211, 8.90436077118, 9.37137413025, 9.83838844299]
    bpm_estimates: [128.934295654, 128.850646973, 128.950271606, 128.922317505, 128.99987793, 128.846221924, 128.718383789, 128.885803223, 128.951400757, 128.991333008, 128.242660522, 128.779571533, 128.740249634, 128.183059692, 128.669418335, 128.64453125, 128.044525146, 127.996078491]
    bpm_intervals: [0.465493619442, 0.465493679047, 0.465493679047, 0.465493559837, 0.465493440628, 0.465493679047, 0.465493440628, 0.465493679047, 0.465493679047, 0.465493202209, 0.465493679047, 0.496655464172, 0.467013835907, 0.467012882233, 0.467013835907, 0.467014312744, 0.467012882233, 0.46701335907, 0.46701335907, 0.467014312744]
    onset_times: [0.0348299331963, 0.476009070873, 0.731428563595, 0.940408170223, 1.18421769142, 1.40480720997, 1.77632653713, 1.88081634045, 2.00852608681, 2.2523355484, 2.34521532059, 2.82122445107, 3.06503391266, 3.15791392326, 3.28562355042, 3.40172338486, 3.52943301201, 3.75002264977, 4.12154197693, 4.21442174911, 4.34213161469, 4.46984148026, 4.69043064117, 4.81814050674, 4.92263031006, 5.05034017563, 5.15482997894, 5.28253984451, 5.52634906769, 5.630838871, 5.75854873657, 5.86303853989, 5.99074840546, 6.09523820877, 6.22294807434, 6.45514726639, 6.5596370697, 6.68734693527, 6.80344676971, 6.90793657303, 7.0356464386, 7.1517457962, 7.38394546509, 7.50004529953, 7.75546503067, 8.23147392273, 8.42884349823, 8.6958732605, 9.0906124115, 9.17188167572, 9.38086128235, 9.63628101349, 9.72916126251, 9.79882049561]
    rubato_start: []
    rubato_stop: []
    perceptual_tempo: "unknown"

sfx:
    inharmonicity:
        dmean: 0.0524414665997
        dmean2: 0.0898959264159
        dvar: 0.00325643597171
        dvar2: 0.00925419852138
        max: 0.393432676792
        mean: 0.0636980086565
        min: 0
        var: 0.00423240754753
    oddtoevenharmonicenergyratio:
        dmean: 1.89351499081
        dmean2: 3.47207570076
        dvar: 20.2162342072
        dvar2: 55.8065643311
        max: 50.131313324
        mean: 1.38091468811
        min: 0
        var: 13.8660764694
    pitch_after_max_to_before_max_energy_ratio: 0.338387608528
    pitch_centroid: 220.42225647
    pitch_max_to_total: 0.770301640034
    pitch_min_to_total: 0.589327156544
    tristimulus:
        dmean: [0.195195928216, 0.237526386976, 0.169527754188]
        dmean2: [0.337192595005, 0.415773153305, 0.297360688448]
        dvar: [0.0316688418388, 0.0411606021225, 0.0269740577787]
        dvar2: [0.0828274339437, 0.120023004711, 0.0744742527604]
        max: [1, 0.99489492178, 0.820046722889]
        mean: [0.343852698803, 0.412951380014, 0.200503855944]
        min: [0.00363450311124, 0, 0]
        var: [0.0596428848803, 0.0549265705049, 0.0357208997011]

tonal:
    chords_changes_rate: 0.110599078238
    chords_number_rate: 0.0276497695595
    chords_strength:
        dmean: 0.0109290564433
        dmean2: 0.0121891023591
        dvar: 8.50785436342e-05
        dvar2: 0.000119359880046
        max: 0.721998929977
        mean: 0.495241582394
        min: 0.281465381384
        var: 0.013534440659
    key_strength: 0.50468993187
    tuning_diatonic_strength: 0.578294992447
    tuning_equal_tempered_deviation: 0.143112674356
    tuning_frequency: 439.745910645
    tuning_nontempered_energy_ratio: 0.816689491272
    hpcp:
        dmean: [0.212096199393, 0.167336001992, 0.181478723884, 0.195403933525, 0.215170353651, 0.236478924751, 0.206357955933, 0.225931107998, 0.230118572712, 0.228241756558, 0.191496163607, 0.181543633342, 0.17352797091, 0.169975250959, 0.162012785673, 0.183289706707, 0.179746225476, 0.167639806867, 0.163289710879, 0.147406220436, 0.190430030227, 0.180532559752, 0.115565396845, 0.121152468026, 0.123788312078, 0.140937060118, 0.211330831051, 0.213264718652, 0.205834776163, 0.155416384339, 0.118333995342, 0.101580157876, 0.0983755290508, 0.119170084596, 0.144286096096, 0.204804986715]
        dmean2: [0.326877176762, 0.269813865423, 0.320293873549, 0.358438283205, 0.385878413916, 0.415802389383, 0.366123795509, 0.411812514067, 0.414116084576, 0.397319495678, 0.333323001862, 0.322120279074, 0.307586878538, 0.287679076195, 0.265102237463, 0.313650131226, 0.319153904915, 0.286866188049, 0.283008396626, 0.266442418098, 0.348154008389, 0.316933304071, 0.196403220296, 0.203077420592, 0.216400891542, 0.248409584165, 0.377022176981, 0.368300199509, 0.370257675648, 0.286341011524, 0.214426904917, 0.178485587239, 0.171128332615, 0.211530610919, 0.245835289359, 0.333041101694]
        dvar: [0.0318221636117, 0.0270033106208, 0.0386384762824, 0.0497393384576, 0.0504176840186, 0.0491800718009, 0.0436469465494, 0.0456324256957, 0.0549235083163, 0.0512154959142, 0.0348133519292, 0.0428321808577, 0.0430126339197, 0.0402340330184, 0.030013192445, 0.0395496785641, 0.0378452353179, 0.0263520143926, 0.0312857329845, 0.0311618838459, 0.0566154457629, 0.048019811511, 0.0185083765537, 0.0306501481682, 0.028380362317, 0.0244229994714, 0.0487168841064, 0.0542460642755, 0.052887275815, 0.0409059599042, 0.0208000540733, 0.014364768751, 0.0167987607419, 0.0308785550296, 0.025655252859, 0.0392197929323]
        dvar2: [0.0672394037247, 0.0708869695663, 0.115707598627, 0.138692125678, 0.133064478636, 0.128135830164, 0.107321389019, 0.135879158974, 0.150718480349, 0.137278318405, 0.0945117250085, 0.122258253396, 0.120365194976, 0.101416558027, 0.0663880258799, 0.106939256191, 0.103049732745, 0.0714846998453, 0.0795281454921, 0.0835746973753, 0.164226278663, 0.143653199077, 0.0467906333506, 0.0824402421713, 0.0772229358554, 0.0663396641612, 0.139078676701, 0.138791963458, 0.147038027644, 0.115907944739, 0.057752199471, 0.0378078743815, 0.0473338328302, 0.0897093787789, 0.0683866217732, 0.0799584463239]
        max: [1, 1, 1, 1, 1, 1, 1, 1, 1, 1, 1, 1, 1, 1, 1, 1, 1, 1, 1, 1, 1, 1, 1, 1, 1, 0.807640373707, 1, 1, 1, 1, 0.771381318569, 0.731804192066, 0.807825088501, 1, 0.930730938911, 1]
        mean: [0.3476806283, 0.276751071215, 0.226089015603, 0.22868052125, 0.260024100542, 0.370276600122, 0.427530795336, 0.318087339401, 0.257861942053, 0.290099263191, 0.256749600172, 0.213509038091, 0.212448582053, 0.251369863749, 0.310137659311, 0.385131388903, 0.346585005522, 0.258425056934, 0.209791526198, 0.169691041112, 0.204601034522, 0.20150436461, 0.153803184628, 0.134486973286, 0.125935286283, 0.152432575822, 0.267105013132, 0.34032189846, 0.248568385839, 0.138209104538, 0.12324988097, 0.134301096201, 0.136747673154, 0.143637314439, 0.199705079198, 0.307700097561]
        min: [0.00808405037969, 0.00405526859686, 0.00411720806733, 0.00434506265447, 0.00506339455023, 0.00833872146904, 0.00668925559148, 0.00776577694342, 0.00700114201754, 0.00608690129593, 0.00601951638237, 0.00403734762222, 0.00877223163843, 0.00525455689058, 0.00554667646065, 0.00293598859571, 0.0106113031507, 0.0128851821646, 0.0087775029242, 0.0032276485581, 0.00393313681707, 0.00437799794599, 0.00397428032011, 0, 0.00146501662675, 0.00191016506869, 0.00336618022993, 0.00353744905442, 0.00160031684209, 0.00116015400272, 0.00188814487774, 0.00116601213813, 0.00312013924122, 0.00209359591827, 0.00233848183416, 0.0107775907964]
        var: [0.0755966305733, 0.0527327917516, 0.0471913255751, 0.061623994261, 0.0624973624945, 0.0854615420103, 0.120294481516, 0.0677592530847, 0.0598975457251, 0.0769412219524, 0.0564096942544, 0.046849232167, 0.0475019291043, 0.0633388906717, 0.074972294271, 0.113528862596, 0.0911551117897, 0.0406436361372, 0.0418565198779, 0.0322584174573, 0.0582765713334, 0.0561470538378, 0.027126243338, 0.0347904749215, 0.031365249306, 0.0320496372879, 0.0729103833437, 0.101381935179, 0.0595865994692, 0.0309079494327, 0.0208940263838, 0.0190821699798, 0.0177844222635, 0.0271046459675, 0.0339475460351, 0.0736667960882]
    chords_histogram: [33.6405525208, 0, 0, 0, 9.21658992767, 5.5299539566, 0.460829496384, 0, 0, 2.7649769783, 0, 0, 0, 0, 0, 0, 0.921658992767, 0, 0, 3.22580647469, 0, 0, 0, 44.2396316528]
    thpcp: [1, 0.744010329247, 0.603142380714, 0.678545892239, 0.600540578365, 0.499400377274, 0.496919959784, 0.587957322598, 0.725415945053, 0.900827229023, 0.810666739941, 0.604459524155, 0.49070507288, 0.396909505129, 0.478564441204, 0.471321284771, 0.359747618437, 0.314566761255, 0.294564247131, 0.356541752815, 0.624762058258, 0.796017289162, 0.581404626369, 0.32327285409, 0.28828305006, 0.314131975174, 0.319854557514, 0.335969507694, 0.467112749815, 0.719714462757, 0.813229441643, 0.647324323654, 0.528825104237, 0.534886658192, 0.608199715614, 0.86608171463]
    chords_key: "B"
    chords_scale: "minor"
    key_key: "D"
    key_scale: "major"
    chords_progression: ["Bm", "Bm", "Bm", "Bm", "Bm", "Bm", "Bm", "Bm", "Bm", "Bm", "Bm", "Bm", "Bm", "Bm", "Bm", "Bm", "Bm", "Bm", "Bm", "Bm", "Bm", "Bm", "Bm", "Bm", "Bm", "Bm", "Bm", "Bm", "Bm", "Bm", "Bm", "Bm", "Bm", "Bm", "Bm", "D", "D", "D", "Bm", "Bm", "Bm", "B", "Bm", "Bm", "Bm", "A#", "Bm", "A#", "D", "D", "D", "D", "D", "D", "D", "D", "D", "D", "D", "D", "D", "D", "D", "D", "Bm", "Bm", "Bm", "Bm", "Bm", "Bm", "Bm", "Bm", "A#m", "A#m", "A#m", "A#m", "A#m", "A#m", "Bm", "Bm", "Bm", "Bm", "Bm", "Bm", "Bm", "Bm", "Bm", "Bm", "Bm", "Bm", "Bm", "Bm", "Bm", "Bm", "Bm", "Bm", "Bm", "Bm", "Bm", "Bm", "Bm", "Bm", "Bm", "Bm", "Bm", "Bm", "Bm", "Bm", "E", "E", "G#m", "G#m", "G#m", "E", "E", "E", "E", "E", "E", "E", "E", "E", "E", "E", "E", "E", "E", "E", "E", "E", "E", "G#m", "Am", "G#m", "G#m", "G#m", "G#m", "G#m", "Am", "Am", "Am", "G#m", "Am", "G#m", "G#m", "Bm", "Bm", "Bm", "Bm", "Bm", "Bm", "Bm", "Bm", "Bm", "Bm", "Bm", "Bm", "Bm", "Bm", "Bm", "Bm", "D", "D", "D", "D", "D", "D", "D", "D", "D", "D", "D", "D", "D", "D", "D", "D", "D", "D", "D", "D", "D", "D", "D", "D", "D", "D", "D", "D", "D", "D", "D", "D", "D", "D", "D", "D", "D", "D", "D", "D", "D", "D", "D", "D", "D", "D", "D", "D", "D", "D", "D", "D", "D", "D", "Am", "Am"]
