
metadata:
    version:
        essentia: "1.2.2"
    audio_properties:
        analysis_sample_rate: 44100
        bitrate: 128
        channels: 2
        equal_loudness: 1
        length: 10.0048980713
        replay_gain: -11.2154350281
        downmix: "mix"
    tags:
        track: 7
        year: 0
        album: "Splitted by Mp3Splt v. 2.1"
        artist: "From 001.00 To 001.10"
        comment: "http://mp3splt.sf.net"
        genre: ""
        title: "06 Hello Mr. Heartache.mp3"

highlevel:
    ballroom:
        all:
            ChaChaCha: 0.238149061799
            Jive: 0.247138544917
            Quickstep: 0.182005777955
            Rumba-American: 0.00911205075681
            Rumba-International: 0.0133005939424
            Rumba-Misc: 0.00487453071401
            Samba: 0.169847458601
            Tango: 0.0932525992393
            VienneseWaltz: 0.0309761185199
            Waltz: 0.011343264021
        probability: 0.247138544917
        value: "Jive"
    culture:
        all:
            non_western: 0.164093092084
            western: 0.835906922817
        probability: 0.835906922817
        value: "western"
    gender:
        all:
            female: 0.193718984723
            male: 0.806281030178
        probability: 0.806281030178
        value: "male"
    genre_dortmund:
        all:
            alternative: 0.0566792525351
            blues: 0.216607674956
            electronic: 0.0182445701212
            folkcountry: 0.19642315805
            funksoulrnb: 0.0102440854535
            jazz: 0.210271641612
            pop: 0.0625724717975
            raphiphop: 0.00449005328119
            rock: 0.224467098713
        probability: 0.224467098713
        value: "rock"
    genre_electronica:
        all:
            ambient: 0.405740171671
            dnb: 0.244098559022
            house: 0.0216960720718
            techno: 0.0119969602674
            trance: 0.316468238831
        probability: 0.405740171671
        value: "ambient"
    genre_rosamerica:
        all:
            cla: 0.0203144066036
            dan: 0.0213513616472
            hip: 0.00388262560591
            jaz: 0.0280467737466
            pop: 0.771065533161
            rhy: 0.0806139335036
            roc: 0.0734431967139
            spe: 0.00128214282449
        probability: 0.771065533161
        value: "pop"
    genre_tzanetakis:
        all:
            blu: 0.022023787722
            cla: 0.0153478682041
            cou: 0.35245859623
            dis: 0.132525891066
            hip: 0.00307034840807
            jaz: 0.156332418323
            met: 0.00374790886417
            pop: 0.167697951198
            reg: 0.0969722270966
            roc: 0.0498230233788
        probability: 0.35245859623
        value: "cou"
    live_studio:
        all:
            live: 8.29272812553e-06
            studio: 0.999991714954
        probability: 0.999991714954
        value: "studio"
    mood:
        all:
            Cluster1: 0.124428167939
            Cluster2: 0.382499605417
            Cluster3: 0.132750242949
            Cluster4: 0.323214590549
            Cluster5: 0.0371074043214
        probability: 0.382499605417
        value: "Cluster2"
    mood_acoustic:
        all:
            acoustic: 0.31992828846
            not_acoustic: 0.68007171154
        probability: 0.68007171154
        value: "not_acoustic"
    mood_aggressive:
        all:
            aggressive: 0.0133263282478
            not_aggressive: 0.986673653126
        probability: 0.986673653126
        value: "not_aggressive"
    mood_electronic:
        all:
            electronic: 0.305556327105
            not_electronic: 0.694443643093
        probability: 0.694443643093
        value: "not_electronic"
    mood_happy:
        all:
            happy: 0.875859558582
            not_happy: 0.124140426517
        probability: 0.875859558582
        value: "happy"
    mood_party:
        all:
            not_party: 0.60417765379
            party: 0.39582234621
        probability: 0.60417765379
        value: "not_party"
    mood_relaxed:
        all:
            not_relaxed: 0.925313234329
            relaxed: 0.0746867582202
        probability: 0.925313234329
        value: "not_relaxed"
    mood_sad:
        all:
            not_sad: 0.682077586651
            sad: 0.317922383547
        probability: 0.682077586651
        value: "not_sad"
    rhythm:
        all:
            fast: 0.96238976717
            medium: 0.0185827035457
            slow: 0.0190275460482
        probability: 0.96238976717
        value: "fast"
    speech_music:
        all:
            music: 0.999988853931
            speech: 1.11600274977e-05
        probability: 0.999988853931
        value: "music"
    timbre:
        all:
            bright: 1
            dark: 2.69279230025e-08
        probability: 1
        value: "bright"
    voice_instrumental:
        all:
            instrumental: 0.939381480217
            voice: 0.0606185235083
        probability: 0.939381480217
        value: "instrumental"

lowlevel:
    average_loudness: 0.94762557745
    barkbands_kurtosis:
        dmean: 0.728940665722
        dmean2: 1.19207000732
        dvar: 1.69772732258
        dvar2: 4.01466274261
        max: 8.69039058685
        mean: -0.203220188618
        min: -1.83347511292
        var: 3.47296309471
    barkbands_skewness:
        dmean: 0.362107992172
        dmean2: 0.55736464262
        dvar: 0.174165964127
        dvar2: 0.38550812006
        max: 2.98098564148
        mean: -0.262386769056
        min: -2.73717308044
        var: 0.91109919548
    barkbands_spread:
        dmean: 5.13246202469
        dmean2: 7.99619150162
        dvar: 38.8584403992
        dvar2: 94.1277389526
        max: 60.651386261
        mean: 30.1263160706
        min: 8.51738357544
        var: 109.30594635
    dissonance:
        dmean: 0.021467667073
        dmean2: 0.0348404832184
        dvar: 0.000395947979996
        dvar2: 0.00108700443525
        max: 0.497945934534
        mean: 0.450770229101
        min: 0.297756522894
        var: 0.000875357131008
    hfc:
        dmean: 2.21518206596
        dmean2: 3.01641440392
        dvar: 9.94962978363
        dvar2: 19.2791099548
        max: 43.0009117126
        mean: 8.62224197388
        min: 0.108721315861
        var: 51.8758964539
    pitch:
        dmean: 300.959381104
        dmean2: 578.82232666
        dvar: 661149.75
        dvar2: 1652960.625
        max: 4410
        mean: 573.832824707
        min: 65.625
        var: 675730.5
    pitch_instantaneous_confidence:
        dmean: 0.0895897820592
        dmean2: 0.134975701571
        dvar: 0.00927863363177
        dvar2: 0.0191874783486
        max: 0.93817871809
        mean: 0.663609027863
        min: 0.157012701035
        var: 0.0398520231247
    pitch_salience:
        dmean: 0.0550322197378
        dmean2: 0.086668856442
        dvar: 0.00278181093745
        dvar2: 0.00631978502497
        max: 0.817449629307
        mean: 0.567650020123
        min: 0.230263099074
        var: 0.0109579581767
    silence_rate_20dB:
        dmean: 0
        dmean2: 0
        dvar: 0
        dvar2: 0
        max: 1
        mean: 1
        min: 1
        var: 0
    silence_rate_30dB:
        dmean: 0
        dmean2: 0
        dvar: 0
        dvar2: 0
        max: 1
        mean: 1
        min: 1
        var: 0
    silence_rate_60dB:
        dmean: 0.0881670564413
        dmean2: 0.176744192839
        dvar: 0.080394089222
        dvar2: 0.159459009767
        max: 1
        mean: 0.442129641771
        min: 0
        var: 0.246651440859
    spectral_centroid:
        dmean: 237.867202759
        dmean2: 377.492614746
        dvar: 69840.65625
        dvar2: 163829.8125
        max: 3625.79663086
        mean: 1908.01135254
        min: 295.685821533
        var: 369704.9375
    spectral_complexity:
        dmean: 2.54883718491
        dmean2: 3.89743590355
        dvar: 16.2476444244
        dvar2: 35.2763175964
        max: 38
        mean: 10.2575407028
        min: 0
        var: 30.7109127045
    spectral_crest:
        dmean: 1.8978344202
        dmean2: 2.97688221931
        dvar: 3.4565474987
        dvar2: 7.29659032822
        max: 21.0673370361
        mean: 8.60601329803
        min: 2.78719162941
        var: 10.2149581909
    spectral_decrease:
        dmean: 2.1105102388e-10
        dmean2: 3.06654646121e-10
        dvar: 9.10484873444e-20
        dvar2: 2.03076407598e-19
        max: -1.43743012285e-11
        mean: -8.84251338817e-10
        min: -3.15550097163e-09
        var: 3.58956681179e-19
    spectral_energy:
        dmean: 0.000970850640442
        dmean2: 0.00139334762935
        dvar: 1.96521227736e-06
        dvar2: 4.21978893428e-06
        max: 0.0147335799411
        mean: 0.00411943066865
        min: 6.41130682197e-05
        var: 8.22659603728e-06
    spectral_energyband_high:
        dmean: 0.000151529195136
        dmean2: 0.000233159284107
        dvar: 4.46911130325e-08
        dvar2: 1.02774947663e-07
        max: 0.0023723943159
        mean: 0.000385204039048
        min: 2.20909646487e-06
        var: 1.25513480498e-07
    spectral_energyband_low:
        dmean: 0.00013280181156
        dmean2: 0.000232370613958
        dvar: 9.12709410272e-08
        dvar2: 2.58692580246e-07
        max: 0.00240391469561
        mean: 0.000214171261177
        min: 8.24545509204e-07
        var: 6.48701785622e-08
    spectral_energyband_middle_high:
        dmean: 0.000635226955637
        dmean2: 0.000836592225824
        dvar: 7.97417953891e-07
        dvar2: 1.3234537164e-06
        max: 0.0118803968653
        mean: 0.00255418894812
        min: 2.17888027692e-05
        var: 5.37279083801e-06
    spectral_energyband_middle_low:
        dmean: 0.000361879559932
        dmean2: 0.000543864793144
        dvar: 2.70717833928e-07
        dvar2: 6.64520030114e-07
        max: 0.00482033472508
        mean: 0.000965868239291
        min: 3.09714778268e-05
        var: 7.91856336946e-07
    spectral_flatness_db:
        dmean: 0.016111202538
        dmean2: 0.0222359858453
        dvar: 0.00026368451654
        dvar2: 0.000442038697656
        max: 0.27125403285
        mean: 0.166296422482
        min: 0.0601745322347
        var: 0.00131805136334
    spectral_flux:
        dmean: 0.0128053398803
        dmean2: 0.0201735235751
        dvar: 0.00020288763335
        dvar2: 0.000566397502553
        max: 0.109479553998
        mean: 0.0372303761542
        min: 0.00574684841558
        var: 0.000503316230606
    spectral_kurtosis:
        dmean: 0.961989939213
        dmean2: 1.57960295677
        dvar: 0.924536347389
        dvar2: 2.38767170906
        max: 9.02246665955
        mean: 3.96703934669
        min: -0.168789863586
        var: 2.43227791786
    spectral_rms:
        dmean: 0.000236720021348
        dmean2: 0.000334362295689
        dvar: 8.94587586231e-08
        dvar2: 1.65373990058e-07
        max: 0.0037913355045
        mean: 0.00187476817518
        min: 0.000250098644756
        var: 5.04198681028e-07
    spectral_rolloff:
        dmean: 331.260498047
        dmean2: 569.600830078
        dvar: 231886.59375
        dvar2: 506331.15625
        max: 4694.23828125
        mean: 3354.98291016
        min: 258.3984375
        var: 584983.25
    spectral_skewness:
        dmean: 0.16246829927
        dmean2: 0.262948870659
        dvar: 0.0296628493816
        dvar2: 0.0732597112656
        max: 2.33463168144
        mean: 1.421661973
        min: 0.628834545612
        var: 0.0682767108083
    spectral_spread:
        dmean: 411417
        dmean2: 569670.4375
        dvar: 239141273600
        dvar2: 364749455360
        max: 11120692
        mean: 5014189
        min: 2728134
        var: 1.57593973555e+12
    spectral_strongpeak:
        dmean: 0.716941595078
        dmean2: 1.21894681454
        dvar: 1.09587025642
        dvar2: 2.55933046341
        max: 9.12418079376
        mean: 1.62847423553
        min: 0.0161407273263
        var: 2.89241552353
    zerocrossingrate:
        dmean: 0.00780909322202
        dmean2: 0.00888808444142
        dvar: 6.02572472417e-05
        dvar2: 7.28868253645e-05
        max: 0.16259765625
        mean: 0.101680323482
        min: 0.03271484375
        var: 0.000642806757241
    barkbands:
        dmean: [1.69616740209e-07, 6.55081312289e-05, 7.51866100472e-05, 6.05595305387e-05, 0.000113510184747, 4.38884926552e-05, 5.93199074501e-05, 7.9038705735e-05, 9.46269501583e-05, 0.000156530441018, 2.1548847144e-05, 4.85618002131e-05, 2.63370166067e-05, 9.25836939132e-05, 5.73071774852e-05, 9.84249927569e-05, 0.000130848988192, 0.000207965538721, 0.000279618572677, 0.000163165008416, 7.20199532225e-05, 2.19765297516e-05, 2.21339860218e-06, 7.89795706169e-07, 5.84893598443e-07, 4.0353778985e-08, 3.64300228872e-10]
        dmean2: [2.78904650486e-07, 0.00011512907804, 0.000132746936288, 0.000103909645986, 0.000192531981156, 6.62219244987e-05, 9.92253189906e-05, 0.000109932239866, 0.00014154924429, 0.000195475862711, 3.11685616907e-05, 6.45415202598e-05, 3.96176983486e-05, 0.000137589508086, 8.59863503138e-05, 0.000141863813042, 0.00019215271459, 0.000311498646624, 0.000383785984013, 0.000257713109022, 0.000108320775325, 3.31009250658e-05, 3.14769090437e-06, 1.09575023544e-06, 8.14437839836e-07, 5.7534649045e-08, 5.63810220733e-10]
        dvar: [1.78118181012e-13, 2.64735717792e-08, 3.30543592497e-08, 8.6601996685e-09, 3.6952894078e-08, 8.78079298161e-09, 2.80106249306e-08, 4.72383412387e-08, 4.42298819792e-08, 9.54623828875e-08, 2.25601559656e-09, 8.95485108288e-09, 4.32327107447e-09, 4.4235058283e-08, 1.33321442775e-08, 9.49638945258e-08, 5.92558855317e-08, 1.40724978337e-07, 2.19214555841e-07, 6.0886137021e-08, 1.76999073176e-08, 1.21529208919e-09, 3.32728081198e-11, 1.28872867239e-12, 1.0403038023e-12, 4.02356870627e-15, 4.21778815314e-18]
        dvar2: [4.17153751863e-13, 7.31201268422e-08, 9.85470762771e-08, 2.41800410805e-08, 1.01181882428e-07, 2.18578488642e-08, 7.45644541666e-08, 7.0681558384e-08, 8.0436180383e-08, 1.38794248983e-07, 3.64622909643e-09, 1.40248683778e-08, 9.78448433386e-09, 9.45092963889e-08, 2.52076848284e-08, 2.05976817824e-07, 1.0605419476e-07, 2.61595346274e-07, 3.42800035469e-07, 1.46297580272e-07, 4.04047568736e-08, 2.61519472744e-09, 7.83740503052e-11, 2.13218939032e-12, 1.93904939848e-12, 7.67099549165e-15, 4.48198881361e-18]
        max: [2.96130406241e-06, 0.00124314567074, 0.00174200185575, 0.000599998398684, 0.00146846612915, 0.00110979622696, 0.00147662451491, 0.0028782740701, 0.00171867280733, 0.00426555750892, 0.000720712065231, 0.00150011118967, 0.000848711933941, 0.00338519969955, 0.00194188824389, 0.00495748920366, 0.00328608881682, 0.00417449185625, 0.00855457410216, 0.00309587921947, 0.00190504640341, 0.000302205269691, 8.67724520504e-05, 1.10492919703e-05, 1.48543995238e-05, 6.7682435656e-07, 4.20526937717e-08]
        mean: [1.70211407635e-07, 0.000105448809336, 0.000108555337647, 6.96578645147e-05, 0.000189262747881, 7.48772145016e-05, 6.8533277954e-05, 0.000241623609327, 0.00013007070811, 0.000484869844513, 3.53053219442e-05, 0.000139189010952, 3.41996019415e-05, 0.000233400438447, 0.000102909943962, 0.000184236792848, 0.000266810850007, 0.000383515493013, 0.000651892274618, 0.00042048515752, 0.000141089796671, 4.59532311652e-05, 4.07653897128e-06, 1.89040895293e-06, 1.31459103159e-06, 9.56034895694e-08, 4.82395456913e-10]
        min: [4.52270963736e-11, 2.89660402331e-08, 4.87305328534e-07, 6.2999720285e-07, 1.2518917174e-06, 1.70377347786e-07, 1.30117058461e-07, 1.34755524073e-07, 2.53189341493e-07, 9.14583750955e-08, 1.7471109004e-07, 1.58246265869e-07, 1.58478172807e-07, 3.2638695302e-07, 1.30781461394e-06, 4.31516696153e-07, 2.19929529521e-06, 3.3759258713e-06, 1.14362296699e-06, 9.30306725877e-07, 9.23853633594e-07, 2.82375367533e-07, 3.20609174764e-08, 1.22926184787e-08, 1.47584131582e-08, 1.36843258947e-09, 7.32979703408e-13]
        var: [1.61475149116e-13, 2.00201242251e-08, 2.24763780921e-08, 7.86281351139e-09, 4.21289492181e-08, 1.19959562284e-08, 2.33957635487e-08, 3.40193395232e-07, 6.53549321328e-08, 8.18435580641e-07, 6.82432510501e-09, 7.34666016911e-08, 5.92231064189e-09, 2.1677711004e-07, 4.29042366079e-08, 1.98152633857e-07, 1.48404126321e-07, 4.65175219233e-07, 9.1030170779e-07, 2.62343576196e-07, 3.37976793219e-08, 2.7146624948e-09, 4.88866794268e-11, 3.93099918936e-12, 2.50816815234e-12, 1.17907536829e-14, 4.32170395837e-18]
    mfcc:
        mean: [-730.69317627, 96.5855102539, -52.0639686584, 63.8655052185, -10.3485527039, -5.58018779755, 6.60022449493, -4.98217248917, 8.56665611267, -4.24222993851, -0.548291325569, -6.03754901886, -7.96203660965]
        cov: [[2205.60546875, -349.910980225, -334.946899414, -116.750846863, -382.37487793, 2.10120511055, 128.259063721, 11.262506485, -2.23470163345, 120.150039673, 78.9205932617, -76.7766418457, 13.5129213333], [-349.910980225, 339.700317383, -17.0858135223, 17.9183330536, 38.9648208618, -14.0591821671, 20.5062332153, 0.960996389389, 16.4564342499, -1.3972055912, 51.2207527161, 60.9455451965, 5.97545719147], [-334.946899414, -17.0858135223, 492.227935791, 15.8528366089, 171.971054077, 43.6698493958, -133.361129761, 60.3221855164, -45.6412467957, -13.0533771515, -21.079832077, 93.3477630615, 67.9418640137], [-116.750846863, 17.9183330536, 15.8528366089, 195.227890015, 66.5336303711, -26.5295791626, 7.9387922287, 16.8646659851, 39.0467567444, -19.4001426697, -3.77535581589, 36.8920707703, 7.32476043701], [-382.37487793, 38.9648208618, 171.971054077, 66.5336303711, 274.332183838, 59.8123855591, -75.3156738281, 38.6106567383, 45.0731468201, -23.488702774, -5.81041955948, 64.4211044312, 21.7079563141], [2.10120511055, -14.0591821671, 43.6698493958, -26.5295791626, 59.8123855591, 201.598892212, 84.8653869629, -17.7573642731, -52.3784065247, 21.0793628693, 4.59326505661, -38.5098342896, 22.6144161224], [128.259063721, 20.5062332153, -133.361129761, 7.9387922287, -75.3156738281, 84.8653869629, 262.726898193, 5.23864984512, -25.5988960266, 44.3222846985, 18.8932056427, -83.8730773926, -34.3888473511], [11.262506485, 0.960996389389, 60.3221855164, 16.8646659851, 38.6106567383, -17.7573642731, 5.23864984512, 123.047195435, 47.8024406433, 14.0670976639, 17.5947303772, 6.6820640564, -6.6113243103], [-2.23470163345, 16.4564342499, -45.6412467957, 39.0467567444, 45.0731468201, -52.3784065247, -25.5988960266, 47.8024406433, 157.34147644, 23.4331893921, 18.2447681427, 36.5012664795, -40.0262680054], [120.150039673, -1.3972055912, -13.0533771515, -19.4001426697, -23.488702774, 21.0793628693, 44.3222846985, 14.0670976639, 23.4331893921, 84.9766540527, 39.6888198853, -28.1916217804, -28.937543869], [78.9205932617, 51.2207527161, -21.079832077, -3.77535581589, -5.81041955948, 4.59326505661, 18.8932056427, 17.5947303772, 18.2447681427, 39.6888198853, 101.431411743, 34.1961364746, -24.4085197449], [-76.7766418457, 60.9455451965, 93.3477630615, 36.8920707703, 64.4211044312, -38.5098342896, -83.8730773926, 6.6820640564, 36.5012664795, -28.1916217804, 34.1961364746, 200.771697998, 83.4382171631], [13.5129213333, 5.97545719147, 67.9418640137, 7.32476043701, 21.7079563141, 22.6144161224, -34.3888473511, -6.6113243103, -40.0262680054, -28.937543869, -24.4085197449, 83.4382171631, 183.677978516]]
        icov: [[0.000926093896851, 0.000987893668935, 0.000517023610882, 2.77133567579e-05, 0.00109952781349, -0.000453207292594, 0.000211726714042, -0.000578599399887, -4.10866450693e-05, -0.000740748539101, -0.000652300892398, -0.000340024125762, -0.000405831611715], [0.000987893668935, 0.00461168121547, 0.000723714707419, 0.000312584714266, 9.15309065022e-05, 0.000465579389129, -0.00079716113396, -8.58496860019e-05, 0.000111677822133, -0.000211846927414, -0.00250416062772, -0.00106894806959, -0.000579575018492], [0.000517023610882, 0.000723714707419, 0.00476200319827, -0.000232345701079, -0.00123433663975, -0.00117998535279, 0.00219949823804, -0.00343293230981, 0.00378618831746, -0.00341305183247, 0.00210865121335, -0.00276148598641, 0.00058764393907], [2.77133567579e-05, 0.000312584714266, -0.000232345701079, 0.00667101098225, -0.00217190710828, 0.00208575092256, -0.00220654928125, 0.000599038321525, -0.00121960463002, 0.00157404586207, -0.000281648448436, -0.000358084362233, -0.000476510060253], [0.00109952781349, 9.15309065022e-05, -0.00123433663975, -0.00217190710828, 0.00934832822531, -0.00517239188775, 0.00253246841021, -0.00181536446325, -0.00318873440847, 0.00145519478247, -0.000301600375678, -0.000774564279709, 0.000246271054493], [-0.000453207292594, 0.000465579389129, -0.00117998535279, 0.00208575092256, -0.00517239188775, 0.0104598486796, -0.00452275155112, 0.00313247181475, 0.00163023755886, -0.000821182737127, -0.00176110491157, 0.00227620522492, -0.00208118581213], [0.000211726714042, -0.00079716113396, 0.00219949823804, -0.00220654928125, 0.00253246841021, -0.00452275155112, 0.00796084105968, -0.00302874739282, 0.00175436097197, -0.00287190964445, 0.000962594116572, 0.000194857275346, 0.000892992364243], [-0.000578599399887, -8.58496860019e-05, -0.00343293230981, 0.000599038321525, -0.00181536446325, 0.00313247181475, -0.00302874739282, 0.0129160750657, -0.00514174997807, 0.00221989070997, -0.00362867978401, 0.00337915308774, -0.00176993699279], [-4.10866450693e-05, 0.000111677822133, 0.00378618831746, -0.00121960463002, -0.00318873440847, 0.00163023755886, 0.00175436097197, -0.00514174997807, 0.013723497279, -0.00698411464691, 0.00384562066756, -0.00498678861186, 0.00363365886733], [-0.000740748539101, -0.000211846927414, -0.00341305183247, 0.00157404586207, 0.00145519478247, -0.000821182737127, -0.00287190964445, 0.00221989070997, -0.00698411464691, 0.0221001952887, -0.00921959429979, 0.0055647525005, -0.00106077583041], [-0.000652300892398, -0.00250416062772, 0.00210865121335, -0.000281648448436, -0.000301600375678, -0.00176110491157, 0.000962594116572, -0.00362867978401, 0.00384562066756, -0.00921959429979, 0.019211679697, -0.00747951259837, 0.00499896705151], [-0.000340024125762, -0.00106894806959, -0.00276148598641, -0.000358084362233, -0.000774564279709, 0.00227620522492, 0.000194857275346, 0.00337915308774, -0.00498678861186, 0.0055647525005, -0.00747951259837, 0.0125722093508, -0.00585008878261], [-0.000405831611715, -0.000579575018492, 0.00058764393907, -0.000476510060253, 0.000246271054493, -0.00208118581213, 0.000892992364243, -0.00176993699279, 0.00363365886733, -0.00106077583041, 0.00499896705151, -0.00585008878261, 0.00957176182419]]
    spectral_contrast:
        mean: [-1.35813195357e-07, 1.89808293527e-08, 1.13746679631e-07, 1.57153664304e-07, -1.31621163746e-07, 5.36372681381e-07, 3.61184618214e-07, 1.28737735849e-06, 5.66064363738e-06, -2.42235478254e-06, -4.11999826611e-06, 1.9309277377e-06]
        var: [0.000452056323411, 0.0014416789636, 0.00187304720748, 0.00210345583037, 0.00648461747915, 0.0136565035209, 0.0513632744551, 0.0734068378806, 0.110735341907, 0.189399540424, 0.413975775242, 1.43622910976]

rhythm:
    beats_loudness:
        dmean: 0.0038153345231
        dmean2: 0.00609441520646
        dvar: 3.13988812195e-06
        dvar2: 1.39135599966e-05
        max: 0.0124134439975
        mean: 0.00622054981068
        min: 0.00182650284842
        var: 9.3364433269e-06
    beats_loudness_bass:
        dmean: 0.0858762562275
        dmean2: 0.117399357259
        dvar: 0.00405990425497
        dvar2: 0.010849121958
        max: 0.316149562597
        mean: 0.1015304178
        min: 0.00361222866923
        var: 0.00647542998195
    bpm: 110.81262207
    bpm_confidence: 0
    first_peak_bpm: 111
    first_peak_spread: 0
    first_peak_weight: 0.941176474094
    onset_rate: 3.99804162979
    second_peak_bpm: 103
    second_peak_spread: 0
    second_peak_weight: 0.0588235296309
    beats_position: [0.474747002125, 1.01597499847, 1.55720305443, 2.09843111038, 2.63965916634, 3.18088722229, 3.72211503983, 4.2633433342, 4.80457115173, 5.34579944611, 5.88702726364, 6.46750974655, 7.00924921036, 7.550989151, 8.09272766113, 8.63446807861, 9.17620754242, 9.71794700623]
    bpm_estimates: [111.192184448, 110.805641174, 111.104423523, 110.865692139, 110.829338074, 110.859962463, 110.821426392, 110.903366089, 110.639831543, 110.827346802, 110.602294922, 111.648590088, 110.63722229, 110.984535217, 110.815895081, 110.226249695, 110.351295471, 110.696784973, 110.838249207, 110.602340698]
    bpm_intervals: [0.541227996349, 0.541228055954, 0.541228055954, 0.541228055954, 0.541228055954, 0.541227817535, 0.541228294373, 0.541227817535, 0.541228294373, 0.541227817535, 0.58048248291, 0.541739463806, 0.541739940643, 0.541738510132, 0.54174041748, 0.541739463806, 0.541739463806]
    onset_times: [0.0348299331963, 0.31346938014, 0.476009070873, 0.835918366909, 1.01006805897, 1.38158726692, 1.54412698746, 1.764716506, 1.91564631462, 2.10140585899, 2.4497051239, 2.67029476166, 2.80961441994, 3.05342411995, 3.20435380936, 3.5758728981, 3.99383211136, 4.28408145905, 4.48145103455, 4.82975053787, 5.18966007233, 5.3754196167, 5.59600925446, 5.71210861206, 5.81659841537, 5.94430828094, 6.09523820877, 6.26938772202, 6.45514726639, 6.8382768631, 6.98920631409, 7.39555549622, 7.52326536179, 7.84834480286, 8.42884349823, 8.62621307373, 8.893242836, 8.98612213135, 9.53179168701, 9.72916126251]
    rubato_start: []
    rubato_stop: []
    perceptual_tempo: "unknown"

sfx:
    inharmonicity:
        dmean: 0.053960505873
        dmean2: 0.0957359597087
        dvar: 0.00401407713071
        dvar2: 0.0106896096841
        max: 0.40014064312
        mean: 0.0602024868131
        min: 0
        var: 0.00422413833439
    oddtoevenharmonicenergyratio:
        dmean: 5.3680562973
        dmean2: 10.2410993576
        dvar: 1276.17431641
        dvar2: 3808.92822266
        max: 523.446289062
        mean: 3.89891886711
        min: 0
        var: 654.207580566
    pitch_after_max_to_before_max_energy_ratio: 1.43429756165
    pitch_centroid: 225.587753296
    pitch_max_to_total: 0.540603220463
    pitch_min_to_total: 0.380510449409
    tristimulus:
        dmean: [0.143090516329, 0.200974851847, 0.135362312198]
        dmean2: [0.251451224089, 0.363673597574, 0.236789047718]
        dvar: [0.0249806586653, 0.0404081977904, 0.0185509044677]
        dvar2: [0.0690783709288, 0.1132998541, 0.0473725609481]
        max: [1, 0.973865449429, 0.809936821461]
        mean: [0.261795938015, 0.54119181633, 0.169323518872]
        min: [0.0079538943246, 0, 0]
        var: [0.0434782989323, 0.0607152432203, 0.0254587121308]

tonal:
    chords_changes_rate: 0.0138248847798
    chords_number_rate: 0.00921658985317
    chords_strength:
        dmean: 0.0069087324664
        dmean2: 0.00666775321588
        dvar: 3.00843948935e-05
        dvar2: 2.98320610455e-05
        max: 0.731317579746
        mean: 0.614267110825
        min: 0.42790132761
        var: 0.00544229708612
    key_strength: 0.88408613205
    tuning_diatonic_strength: 0.699588835239
    tuning_equal_tempered_deviation: 0.121825926006
    tuning_frequency: 441.272583008
    tuning_nontempered_energy_ratio: 0.711892008781
    hpcp:
        dmean: [0.0956503003836, 0.0876504778862, 0.0690677464008, 0.0644380897284, 0.0761407241225, 0.0941819176078, 0.0945769771934, 0.10329195112, 0.168428823352, 0.186035528779, 0.169404998422, 0.091251976788, 0.0749707221985, 0.0811802819371, 0.111961320043, 0.13715043664, 0.148779258132, 0.0944503322244, 0.0708692073822, 0.0872894749045, 0.118943303823, 0.143624424934, 0.122515030205, 0.101256027818, 0.078504152596, 0.05746114254, 0.0689759328961, 0.0853809043765, 0.141751497984, 0.196428105235, 0.19400241971, 0.169642984867, 0.0885403603315, 0.0724095776677, 0.0756339430809, 0.104191444814]
        dmean2: [0.158505693078, 0.1468282938, 0.116591356695, 0.108571924269, 0.129316657782, 0.159004673362, 0.158024504781, 0.183432683349, 0.269995808601, 0.316805273294, 0.298831909895, 0.158778712153, 0.124439105392, 0.13602077961, 0.194791764021, 0.226403281093, 0.243699535728, 0.16175378859, 0.122059062123, 0.159735485911, 0.197949960828, 0.235349863768, 0.206013634801, 0.170865654945, 0.13665869832, 0.101979553699, 0.126152604818, 0.152933642268, 0.253244698048, 0.331224799156, 0.327347904444, 0.270035177469, 0.150996059179, 0.128312110901, 0.133858978748, 0.173060774803]
        dvar: [0.0240611787885, 0.0241124052554, 0.0167053136975, 0.0145732518286, 0.0153601923957, 0.0277744550258, 0.0227255262434, 0.0210091937333, 0.0337155647576, 0.0484983734787, 0.0432228632271, 0.0246299225837, 0.0253392923623, 0.0197502337396, 0.0275226905942, 0.0351698435843, 0.0468278378248, 0.0282207131386, 0.0209827069193, 0.0258507560939, 0.0374143272638, 0.0404621884227, 0.0317946150899, 0.0244726501405, 0.0198420267552, 0.0157387200743, 0.0251458287239, 0.0222800709307, 0.0342501550913, 0.0457226186991, 0.05714436993, 0.0424166247249, 0.0234102010727, 0.0201629549265, 0.0187337975949, 0.0306480973959]
        dvar2: [0.05308265239, 0.06126351282, 0.0407107211649, 0.036300431937, 0.0409908853471, 0.0716196894646, 0.0561780035496, 0.0586047917604, 0.0919239744544, 0.105837024748, 0.12670943141, 0.0671128109097, 0.0564477518201, 0.048387683928, 0.0744486898184, 0.0685855746269, 0.10733974725, 0.0682911872864, 0.0552349165082, 0.0686036869884, 0.087004840374, 0.0947242453694, 0.078986287117, 0.0659696683288, 0.0537254847586, 0.0443752296269, 0.0723482444882, 0.0616086795926, 0.0930956527591, 0.111255168915, 0.116897083819, 0.106080725789, 0.0542976781726, 0.0545548759401, 0.0546973235905, 0.0838854685426]
        max: [1, 1, 1, 0.975271522999, 0.695483386517, 1, 1, 1, 1, 1, 1, 0.937577366829, 1, 0.973705112934, 1, 1, 1, 1, 1, 1, 1, 1, 1, 1, 1, 0.906532883644, 1, 0.843573987484, 1, 1, 1, 1, 1, 0.878521323204, 1, 1]
        mean: [0.178868606687, 0.111119881272, 0.0703300386667, 0.0591841973364, 0.0736701861024, 0.13085578382, 0.134558811784, 0.112853072584, 0.31192368269, 0.442246079445, 0.249991208315, 0.103910900652, 0.0903218090534, 0.0844206064939, 0.143117159605, 0.226429194212, 0.186141893268, 0.096801571548, 0.0682508647442, 0.0906826853752, 0.166139289737, 0.202430531383, 0.149179324508, 0.113115847111, 0.0860804468393, 0.0540444999933, 0.0583942644298, 0.0750732049346, 0.129585936666, 0.393367737532, 0.533281087875, 0.276696562767, 0.0947834402323, 0.0739736258984, 0.0711436718702, 0.148555874825]
        min: [0.0016100499779, 0.00207829242572, 0.00159762240946, 0.000379847042495, 0.000400272052502, 0.000581080443226, 0.000746850622818, 0.000752189720515, 0.00356331071816, 0.00973469391465, 0.010273325257, 0.00207709823735, 0.0008685112698, 0.000910860137083, 0.000846815004479, 0.00125587661751, 0.00378821091726, 0.000712997745723, 0.000391290901462, 0.000566391041502, 0.00142338231672, 0.00141595245805, 0.000507254968397, 0.000303453416564, 0.000486378587084, 0.000318197679007, 0.000522924994584, 0.000419491843786, 0.000643730803858, 0.00511312950402, 0.00542727997527, 0.00543720275164, 0.000519412278663, 0.000629798392765, 0.00128818512894, 0.00171136204153]
        var: [0.0731865242124, 0.0289505440742, 0.0173151921481, 0.0148322535679, 0.0158401634544, 0.0413974449039, 0.0377098880708, 0.0205547045916, 0.0786344707012, 0.131355151534, 0.0494878701866, 0.0231609623879, 0.0273420121521, 0.0196148846298, 0.034127548337, 0.0655584931374, 0.0666175410151, 0.0327095240355, 0.0201593339443, 0.0318791158497, 0.0548307672143, 0.0660767257214, 0.0470227785408, 0.0388767383993, 0.0279093272984, 0.0129731697962, 0.0166784711182, 0.0177888944745, 0.0294131767005, 0.0940869003534, 0.15033750236, 0.061715438962, 0.0299872048199, 0.0230661407113, 0.0140864187852, 0.0567794255912]
    chords_histogram: [97.695854187, 0, 0, 0, 0, 0, 0, 0, 0, 0, 0, 0, 0, 0, 0, 0, 0, 2.30414748192, 0, 0, 0, 0, 0, 0]
    thpcp: [1, 0.518856883049, 0.177736356854, 0.138714134693, 0.133407458663, 0.278569549322, 0.33541148901, 0.208370193839, 0.13188174367, 0.110981240869, 0.138145133853, 0.245378628373, 0.252322494984, 0.211620241404, 0.584914207458, 0.829292654991, 0.468779444695, 0.194852024317, 0.169369980693, 0.158304139972, 0.268370956182, 0.424596339464, 0.34905025363, 0.181520730257, 0.127982914448, 0.170046687126, 0.311541676521, 0.379594445229, 0.279738634825, 0.212112993002, 0.161416649818, 0.101343363523, 0.109499976039, 0.140776053071, 0.242997437716, 0.737636744976]
    chords_key: "C"
    chords_scale: "major"
    key_key: "C"
    key_scale: "major"
    chords_progression: ["C", "C", "C", "C", "C", "C", "C", "C", "C", "C", "C", "C", "C", "C", "C", "C", "C", "C", "C", "C", "C", "C", "C", "C", "C", "C", "C", "C", "C", "C", "C", "C", "C", "C", "C", "C", "C", "C", "C", "C", "C", "C", "C", "C", "C", "C", "C", "C", "C", "C", "C", "C", "C", "C", "C", "C", "C", "C", "C", "C", "C", "C", "C", "C", "C", "C", "C", "C", "C", "C", "C", "C", "C", "C", "C", "C", "C", "C", "C", "C", "C", "C", "C", "C", "C", "C", "C", "C", "C", "C", "C", "C", "C", "C", "C", "C", "C", "C", "C", "C", "C", "C", "C", "C", "C", "C", "C", "C", "C", "C", "C", "C", "C", "C", "C", "C", "C", "C", "C", "C", "C", "C", "C", "C", "C", "C", "C", "C", "C", "C", "C", "C", "C", "C", "C", "C", "C", "C", "C", "C", "C", "C", "C", "C", "C", "C", "C", "C", "C", "C", "C", "C", "C", "C", "C", "C", "C", "C", "C", "C", "C", "C", "C", "C", "C", "C", "C", "C", "C", "Cm", "Cm", "Cm", "C", "C", "C", "C", "C", "C", "C", "C", "C", "C", "C", "C", "C", "C", "C", "C", "C", "C", "C", "C", "C", "C", "C", "C", "C", "C", "C", "C", "C", "C", "C", "C", "C", "C", "C", "C", "C", "C", "C", "C", "C", "C", "C", "Cm", "Cm"]
