
metadata:
    version:
        essentia: "1.2.2"
    audio_properties:
        analysis_sample_rate: 44100
        bitrate: 128
        channels: 2
        equal_loudness: 1
        length: 10.0048980713
        replay_gain: -7.44477081299
        downmix: "mix"
    tags:
        track: 15
        year: 0
        album: "Splitted by Mp3Splt v. 2.1"
        artist: "From 002.20 To 002.30"
        comment: "http://mp3splt.sf.net"
        genre: ""
        title: "06 Confusion [Instrumental].mp"

highlevel:
    ballroom:
        all:
            ChaChaCha: 0.222067028284
            Jive: 0.277782291174
            Quickstep: 0.0591238439083
            Rumba-American: 0.00340867857449
            Rumba-International: 0.015535403043
            Rumba-Misc: 0.0128683559597
            Samba: 0.399491995573
            Tango: 0.0016525555402
            VienneseWaltz: 0.00291586387902
            Waltz: 0.00515400292352
        probability: 0.399491995573
        value: "Samba"
    culture:
        all:
            non_western: 0.851642251015
            western: 0.148357763886
        probability: 0.851642251015
        value: "non_western"
    gender:
        all:
            female: 0.790264546871
            male: 0.209735453129
        probability: 0.790264546871
        value: "female"
    genre_dortmund:
        all:
            alternative: 0.121883995831
            blues: 0.0171973835677
            electronic: 0.272837460041
            folkcountry: 0.179323345423
            funksoulrnb: 0.00942424125969
            jazz: 0.0466269850731
            pop: 0.135778069496
            raphiphop: 0.0425384379923
            rock: 0.174390077591
        probability: 0.272837460041
        value: "electronic"
    genre_electronica:
        all:
            ambient: 0.512428939342
            dnb: 0.183195963502
            house: 0.174567863345
            techno: 0.0606586076319
            trance: 0.0691486150026
        probability: 0.512428939342
        value: "ambient"
    genre_rosamerica:
        all:
            cla: 0.153011798859
            dan: 0.468611627817
            hip: 0.0589600354433
            jaz: 0.0451502278447
            pop: 0.107375137508
            rhy: 0.119411431253
            roc: 0.0359684228897
            spe: 0.0115113081411
        probability: 0.468611627817
        value: "dan"
    genre_tzanetakis:
        all:
            blu: 0.0146101750433
            cla: 0.0330123007298
            cou: 0.0859173387289
            dis: 0.134176999331
            hip: 0.0434213615954
            jaz: 0.0360484682024
            met: 0.0323412828147
            pop: 0.31088322401
            reg: 0.113614797592
            roc: 0.195974037051
        probability: 0.31088322401
        value: "pop"
    live_studio:
        all:
            live: 0.109112709761
            studio: 0.890887320042
        probability: 0.890887320042
        value: "studio"
    mood:
        all:
            Cluster1: 0.325957804918
            Cluster2: 0.210613667965
            Cluster3: 0.298151165247
            Cluster4: 0.106448076665
            Cluster5: 0.058829292655
        probability: 0.325957804918
        value: "Cluster1"
    mood_acoustic:
        all:
            acoustic: 0.403593152761
            not_acoustic: 0.596406817436
        probability: 0.596406817436
        value: "not_acoustic"
    mood_aggressive:
        all:
            aggressive: 0.0378618761897
            not_aggressive: 0.96213811636
        probability: 0.96213811636
        value: "not_aggressive"
    mood_electronic:
        all:
            electronic: 0.706309437752
            not_electronic: 0.293690592051
        probability: 0.706309437752
        value: "electronic"
    mood_happy:
        all:
            happy: 0.187845364213
            not_happy: 0.812154650688
        probability: 0.812154650688
        value: "not_happy"
    mood_party:
        all:
            not_party: 0.777122855186
            party: 0.222877144814
        probability: 0.777122855186
        value: "not_party"
    mood_relaxed:
        all:
            not_relaxed: 0.0342064164579
            relaxed: 0.965793609619
        probability: 0.965793609619
        value: "relaxed"
    mood_sad:
        all:
            not_sad: 0.347208440304
            sad: 0.652791559696
        probability: 0.652791559696
        value: "sad"
    rhythm:
        all:
            fast: 0.621856451035
            medium: 0.292310774326
            slow: 0.0858327522874
        probability: 0.621856451035
        value: "fast"
    speech_music:
        all:
            music: 0.99448877573
            speech: 0.00551121449098
        probability: 0.99448877573
        value: "music"
    timbre:
        all:
            bright: 0.874307096004
            dark: 0.125692933798
        probability: 0.874307096004
        value: "bright"
    voice_instrumental:
        all:
            instrumental: 0.85958391428
            voice: 0.140416070819
        probability: 0.85958391428
        value: "instrumental"

lowlevel:
    average_loudness: 0.969533205032
    barkbands_kurtosis:
        dmean: 1.56462132931
        dmean2: 2.75876140594
        dvar: 3.88277077675
        dvar2: 11.1573143005
        max: 11.837389946
        mean: 0.186178192496
        min: -1.90069639683
        var: 4.20175695419
    barkbands_skewness:
        dmean: 0.622271537781
        dmean2: 1.07157635689
        dvar: 0.355981588364
        dvar2: 1.02652490139
        max: 3.50145936012
        mean: 0.890138149261
        min: -1.1694226265
        var: 0.606070399284
    barkbands_spread:
        dmean: 9.40910339355
        dmean2: 16.1596260071
        dvar: 102.179290771
        dvar2: 272.965667725
        max: 68.8521194458
        mean: 28.2914505005
        min: 7.11374807358
        var: 127.048088074
    dissonance:
        dmean: 0.0220833644271
        dmean2: 0.0364204384387
        dvar: 0.000449123064755
        dvar2: 0.00104176264722
        max: 0.498098760843
        mean: 0.458364009857
        min: 0.330034971237
        var: 0.000811823760159
    hfc:
        dmean: 1.95690155029
        dmean2: 3.02836322784
        dvar: 13.3505744934
        dvar2: 29.1238002777
        max: 23.8451480865
        mean: 2.00323963165
        min: 0.00779167376459
        var: 14.6546096802
    pitch:
        dmean: 848.310852051
        dmean2: 1647.82824707
        dvar: 2562385
        dvar2: 6409745.5
        max: 4900
        mean: 787.821411133
        min: 72.8925628662
        var: 1919245.125
    pitch_instantaneous_confidence:
        dmean: 0.111447356641
        dmean2: 0.18686504662
        dvar: 0.0106143681332
        dvar2: 0.0247643813491
        max: 0.871449649334
        mean: 0.419899851084
        min: 0.152179896832
        var: 0.0208718758076
    pitch_salience:
        dmean: 0.087790414691
        dmean2: 0.139832884073
        dvar: 0.00599985383451
        dvar2: 0.013645555824
        max: 0.869413018227
        mean: 0.610836207867
        min: 0.261585056782
        var: 0.0121552608907
    silence_rate_20dB:
        dmean: 0
        dmean2: 0
        dvar: 0
        dvar2: 0
        max: 1
        mean: 1
        min: 1
        var: 0
    silence_rate_30dB:
        dmean: 0
        dmean2: 0
        dvar: 0
        dvar2: 0
        max: 1
        mean: 1
        min: 1
        var: 0
    silence_rate_60dB:
        dmean: 0.0881670564413
        dmean2: 0.174418598413
        dvar: 0.0803940519691
        dvar2: 0.157950073481
        max: 1
        mean: 0.881944417953
        min: 0
        var: 0.104118786752
    spectral_centroid:
        dmean: 395.352722168
        dmean2: 702.341430664
        dvar: 206017.75
        dvar2: 600375.9375
        max: 3157.71337891
        mean: 1094.83227539
        min: 356.939544678
        var: 191218.015625
    spectral_complexity:
        dmean: 2.66744184494
        dmean2: 4.06060600281
        dvar: 12.7103118896
        dvar2: 29.5440979004
        max: 23
        mean: 3.55684447289
        min: 0
        var: 15.4439907074
    spectral_crest:
        dmean: 2.32463026047
        dmean2: 3.7983648777
        dvar: 3.74454116821
        dvar2: 10.2572927475
        max: 18.4011726379
        mean: 8.00370121002
        min: 3.41366052628
        var: 7.72497463226
    spectral_decrease:
        dmean: 4.44736830696e-10
        dmean2: 6.98114177577e-10
        dvar: 7.21143347553e-19
        dvar2: 1.69741380464e-18
        max: -1.23446869046e-12
        mean: -4.35700614476e-10
        min: -5.39804867472e-09
        var: 7.17693125519e-19
    spectral_energy:
        dmean: 0.00184854166582
        dmean2: 0.00288359215483
        dvar: 1.24159560073e-05
        dvar2: 2.90312345896e-05
        max: 0.0223094727844
        mean: 0.00182613427751
        min: 5.36585230293e-06
        var: 1.25072619994e-05
    spectral_energyband_high:
        dmean: 0.000202625611564
        dmean2: 0.000329293165123
        dvar: 1.76971582277e-07
        dvar2: 3.87693063431e-07
        max: 0.00269971694797
        mean: 0.000166450001416
        min: 3.34887062081e-07
        var: 1.87399365359e-07
    spectral_energyband_low:
        dmean: 0.000113924856123
        dmean2: 0.000205833057407
        dvar: 4.47416468319e-08
        dvar2: 1.21826801092e-07
        max: 0.00131201627664
        mean: 8.95816119737e-05
        min: 3.20381701613e-07
        var: 3.03238785193e-08
    spectral_energyband_middle_high:
        dmean: 0.000264799804427
        dmean2: 0.000416142022004
        dvar: 1.22064619745e-07
        dvar2: 2.80331562408e-07
        max: 0.0019756257534
        mean: 0.000319099111948
        min: 2.38395364249e-06
        var: 1.40945431326e-07
    spectral_energyband_middle_low:
        dmean: 0.00134626310319
        dmean2: 0.0021247677505
        dvar: 7.97481425252e-06
        dvar2: 1.89294351003e-05
        max: 0.0180638357997
        mean: 0.00125100021251
        min: 2.32637421504e-06
        var: 7.73916053731e-06
    spectral_flatness_db:
        dmean: 0.0275367032737
        dmean2: 0.0448990501463
        dvar: 0.000489210011438
        dvar2: 0.00141882384196
        max: 0.254515618086
        mean: 0.155682295561
        min: 0.0791847035289
        var: 0.000836233550217
    spectral_flux:
        dmean: 0.0155911203474
        dmean2: 0.0230316929519
        dvar: 0.000386897387216
        dvar2: 0.000804402458016
        max: 0.135179072618
        mean: 0.0278348661959
        min: 0.00231643090956
        var: 0.000584633555263
    spectral_kurtosis:
        dmean: 2.85360646248
        dmean2: 4.41843271255
        dvar: 6.85275650024
        dvar2: 15.9067249298
        max: 16.9473991394
        mean: 5.25220727921
        min: -0.270685911179
        var: 14.4737844467
    spectral_rms:
        dmean: 0.000540510518476
        dmean2: 0.000773452746216
        dvar: 4.50142664477e-07
        dvar2: 9.46417685554e-07
        max: 0.00466533377767
        mean: 0.00104526209179
        min: 7.23531484255e-05
        var: 6.89022101596e-07
    spectral_rolloff:
        dmean: 1063.59008789
        dmean2: 1926.74499512
        dvar: 1397932
        dvar2: 3948740
        max: 5727.83203125
        mean: 2334.22973633
        min: 215.33203125
        var: 1338359.125
    spectral_skewness:
        dmean: 0.442997813225
        dmean2: 0.703569591045
        dvar: 0.177096769214
        dvar2: 0.418681353331
        max: 3.15842175484
        mean: 1.69567549229
        min: 0.394832760096
        var: 0.355425924063
    spectral_spread:
        dmean: 1719143.625
        dmean2: 2562365.25
        dvar: 2.95451177779e+12
        dvar2: 6.50927878963e+12
        max: 14693644
        mean: 5489143.5
        min: 1978405.5
        var: 6.99611427635e+12
    spectral_strongpeak:
        dmean: 0.152080699801
        dmean2: 0.251003444195
        dvar: 0.0533364154398
        dvar2: 0.143272578716
        max: 2.12652206421
        mean: 0.211078345776
        min: 0.005388175603
        var: 0.0601031929255
    zerocrossingrate:
        dmean: 0.00803393032402
        dmean2: 0.00988741032779
        dvar: 4.11824003095e-05
        dvar2: 6.34295356576e-05
        max: 0.10205078125
        mean: 0.0626903250813
        min: 0.0234375
        var: 0.00023087572481
    barkbands:
        dmean: [7.74942563453e-08, 2.13655530388e-05, 0.000101558907772, 0.000573307392187, 0.000529063225258, 0.000271500088274, 4.97346954944e-05, 3.2300609746e-05, 2.59096468653e-05, 1.21890288938e-05, 8.37967218104e-06, 1.2476433767e-05, 1.33062185341e-05, 1.49600791701e-05, 2.37049443967e-05, 3.48682224285e-05, 4.21343211201e-05, 5.17174303241e-05, 6.18140475126e-05, 7.0185327786e-05, 9.34646595852e-05, 5.22017435287e-05, 1.3395586393e-05, 7.55170958655e-06, 5.35109529665e-06, 2.5721305974e-07, 7.63459739872e-10]
        dmean2: [1.15830246727e-07, 3.49772235495e-05, 0.000191631072084, 0.000982063822448, 0.000829314230941, 0.000491675978992, 7.88746328908e-05, 5.16399304615e-05, 4.27584272984e-05, 1.90374485101e-05, 1.35828568091e-05, 1.9966480977e-05, 2.09842201002e-05, 2.42039404839e-05, 3.76068892365e-05, 5.71366435906e-05, 6.83433754602e-05, 8.58081621118e-05, 0.000100543671579, 0.000112748981337, 0.000155428730068, 8.88653084985e-05, 2.13566363527e-05, 1.10565997602e-05, 7.64335527492e-06, 3.80480003059e-07, 1.0182179544e-09]
        dvar: [2.26319868201e-14, 1.27759236523e-09, 4.06940934283e-08, 1.52640234319e-06, 1.2731887864e-06, 5.69444523535e-07, 9.4646237514e-09, 5.16954035135e-09, 1.65347724401e-09, 5.36363453651e-10, 3.55054097234e-10, 3.40593331316e-10, 3.26450727561e-10, 7.11733894043e-10, 1.24463472861e-09, 2.07347294889e-09, 3.22537196951e-09, 6.02559024898e-09, 1.25586625543e-08, 2.83688148528e-08, 4.17417922449e-08, 1.07468292043e-08, 9.6407359873e-10, 4.19595552748e-10, 1.80508261116e-10, 3.98513091016e-13, 2.21657223009e-17]
        dvar2: [4.3922537726e-14, 3.22002868813e-09, 1.12973694399e-07, 3.729511036e-06, 2.80130575447e-06, 1.61341768035e-06, 1.94409128795e-08, 1.28015997802e-08, 4.30878088764e-09, 1.12735609736e-09, 8.9166368733e-10, 8.88960238754e-10, 8.08860534107e-10, 1.62419755423e-09, 2.96831581537e-09, 4.93440532878e-09, 7.69054331329e-09, 1.46535903411e-08, 3.08881169531e-08, 6.77055069787e-08, 9.48359399899e-08, 2.49609595215e-08, 2.06421657545e-09, 8.48651149354e-10, 3.29035104718e-10, 6.76683210334e-13, 2.319388795e-17]
        max: [1.49040226916e-06, 0.000228077231441, 0.00121812871657, 0.0084516890347, 0.00710573699325, 0.00556541187689, 0.00120437506121, 0.00107604521327, 0.000348265341017, 0.00036426083534, 0.000296634825645, 0.000197909597773, 0.000167222591699, 0.000353490991984, 0.000374298368115, 0.000355347408913, 0.000411869201344, 0.000574078061618, 0.000792446662672, 0.00130128092133, 0.00132231099997, 0.000803326372989, 0.000214891959331, 0.000137765120598, 9.16496646823e-05, 4.52686208519e-06, 1.00853519314e-07]
        mean: [9.6822333262e-08, 2.37892982113e-05, 6.57005512039e-05, 0.0004306047922, 0.000486720149638, 0.000206776632695, 5.41997287655e-05, 3.91677203879e-05, 2.97556325677e-05, 1.70215971593e-05, 9.55742780206e-06, 1.61944662977e-05, 1.89083384612e-05, 1.77150341187e-05, 2.77375947917e-05, 3.41240811395e-05, 4.46650556114e-05, 4.93616171298e-05, 5.46581286471e-05, 6.14872769802e-05, 7.46028963476e-05, 3.930400635e-05, 1.16321925816e-05, 6.95283188179e-06, 5.14126350026e-06, 2.59084515619e-07, 7.82848896819e-10]
        min: [1.47496910519e-11, 8.70532161912e-08, 6.14154771483e-08, 1.34359510184e-07, 1.55559064297e-07, 8.58361914879e-08, 4.30432507414e-08, 1.4603401155e-07, 2.79544224213e-07, 9.61265982369e-08, 1.70880074535e-08, 5.03967996224e-08, 9.37219226671e-08, 2.18083755499e-07, 3.83606078458e-07, 4.33116667864e-07, 1.81237311381e-07, 6.64749322254e-08, 4.51243913346e-08, 2.04890739042e-07, 1.40687518524e-07, 3.74993405217e-08, 6.98836233326e-09, 1.89714910448e-09, 3.0101179882e-10, 3.3196636412e-11, 1.1181122895e-13]
        var: [3.25635243596e-14, 1.24205346008e-09, 2.4714484681e-08, 1.34359356707e-06, 1.36814355756e-06, 3.40369354035e-07, 1.00981472073e-08, 6.28824947668e-09, 1.91267401917e-09, 1.39426448165e-09, 4.91903351385e-10, 5.51596379683e-10, 5.6635074408e-10, 9.02942054459e-10, 1.96769689431e-09, 2.47794162966e-09, 4.13872802696e-09, 5.81752424011e-09, 1.17172707093e-08, 2.65483901529e-08, 4.08458937784e-08, 1.00700301431e-08, 1.06823994095e-09, 4.90011253795e-10, 2.41039715965e-10, 5.5523988185e-13, 2.55462953135e-17]
    mfcc:
        mean: [-811.953308105, 123.151245117, -32.9338188171, 48.3675918579, -4.59201812744, -2.51783943176, -11.8449516296, -10.1841068268, -8.21589946747, -6.1296505928, -3.91478538513, -4.83200788498, -4.84840345383]
        cov: [[5757.18701172, -2272.44604492, 1171.50891113, 406.578125, -29.8644962311, -49.3176651001, 251.309326172, -185.520278931, 85.7316513062, -377.278808594, -180.431716919, -324.461669922, -257.58215332], [-2272.44604492, 1883.54162598, -1070.92114258, -144.01411438, 108.276069641, -83.5480194092, -78.5723648071, 153.774490356, -56.724571228, 176.103652954, 110.944847107, 170.725494385, 164.581665039], [1171.50891113, -1070.92114258, 954.648620605, 142.363708496, -67.4441604614, 88.6667861938, 67.5628814697, -103.737823486, 29.6745109558, -111.531585693, -62.1318893433, -112.74609375, -95.5894165039], [406.578125, -144.01411438, 142.363708496, 224.090667725, 27.4094047546, 55.7850341797, 21.8871154785, -5.41886091232, 7.47384643555, -43.3061408997, -20.1225128174, -30.9226169586, -26.6695899963], [-29.8644962311, 108.276069641, -67.4441604614, 27.4094047546, 189.631988525, 6.44840574265, 40.8570899963, -3.24054646492, 14.438120842, 9.35395240784, 13.2543783188, 25.3283367157, 5.23721551895], [-49.3176651001, -83.5480194092, 88.6667861938, 55.7850341797, 6.44840574265, 165.59815979, -0.930755972862, 6.37993335724, 6.32581043243, -1.42503857613, 3.5616300106, -6.82911968231, -17.1690826416], [251.309326172, -78.5723648071, 67.5628814697, 21.8871154785, 40.8570899963, -0.930755972862, 108.07434845, -5.91889667511, 27.9767932892, -26.8465824127, 2.30751943588, -26.3728351593, -18.965379715], [-185.520278931, 153.774490356, -103.737823486, -5.41886091232, -3.24054646492, 6.37993335724, -5.91889667511, 92.559211731, 7.90277147293, 23.7386989594, 2.53618550301, 3.46602582932, 1.9201155901], [85.7316513062, -56.724571228, 29.6745109558, 7.47384643555, 14.438120842, 6.32581043243, 27.9767932892, 7.90277147293, 90.0981750488, 13.3432807922, 14.5725736618, -16.4091930389, -9.4313211441], [-377.278808594, 176.103652954, -111.531585693, -43.3061408997, 9.35395240784, -1.42503857613, -26.8465824127, 23.7386989594, 13.3432807922, 89.434135437, 24.9203529358, 31.5776252747, 20.0131015778], [-180.431716919, 110.944847107, -62.1318893433, -20.1225128174, 13.2543783188, 3.5616300106, 2.30751943588, 2.53618550301, 14.5725736618, 24.9203529358, 69.9691085815, 33.64245224, 11.7447881699], [-324.461669922, 170.725494385, -112.74609375, -30.9226169586, 25.3283367157, -6.82911968231, -26.3728351593, 3.46602582932, -16.4091930389, 31.5776252747, 33.64245224, 92.9347686768, 44.0036430359], [-257.58215332, 164.581665039, -95.5894165039, -26.6695899963, 5.23721551895, -17.1690826416, -18.965379715, 1.9201155901, -9.4313211441, 20.0131015778, 11.7447881699, 44.0036430359, 78.7349319458]]
        icov: [[0.000493008818012, 0.000614264979959, 0.000273011595709, -0.000554036989342, -0.000115605442261, 0.000535585451871, -0.000408812746173, -1.88550566236e-05, -1.59160390467e-05, 0.000694484391715, -8.3882958279e-05, 0.000447433965746, 8.3140177594e-05], [0.000614264979959, 0.00261655193754, 0.00198009470478, -0.00101734185591, -0.000465259450721, 0.000705808983184, -0.000813782331534, -0.00106647785287, 0.00110791926272, -0.000261476670858, -0.00127030967269, 0.000823302194476, -0.00145712459926], [0.000273011595709, 0.00198009470478, 0.00340376445092, -0.0011382807279, 0.000444195087766, -0.000423081277404, -0.00111992633902, 0.000902845407836, 0.000326205306919, 0.000120647615404, -0.00025177502539, 0.000825749535579, -0.000328171823639], [-0.000554036989342, -0.00101734185591, -0.0011382807279, 0.00657152105123, -0.00110742182005, -0.00215625111014, 0.000909861468244, -0.000563911220524, -0.000524875416886, 0.00169498333707, 0.000802997499704, 3.15323886753e-05, 0.000363305502106], [-0.000115605442261, -0.000465259450721, 0.000444195087766, -0.00110742182005, 0.00700434343889, -0.000496353255585, -0.00328996870667, 0.00143795763142, -0.000898343278095, -0.000999412382953, 0.00108820025343, -0.00300809345208, 0.00102209497709], [0.000535585451871, 0.000705808983184, -0.000423081277404, -0.00215625111014, -0.000496353255585, 0.00770542863756, 0.000358214660082, -0.00121587747708, 0.000151378961164, -6.26347318757e-05, -0.00129247584846, 0.000260239117779, 0.000943395367358], [-0.000408812746173, -0.000813782331534, -0.00111992633902, 0.000909861468244, -0.00328996870667, 0.000358214660082, 0.013876802288, -0.000638030294795, -0.00320216407999, 0.00367561983876, -0.00234905187972, 0.0027001213748, 0.00049076648429], [-1.88550566236e-05, -0.00106647785287, 0.000902845407836, -0.000563911220524, 0.00143795763142, -0.00121587747708, -0.000638030294795, 0.0142102446407, -0.0018995628925, -0.00214868737385, 0.00230003311299, 0.000183836949873, 0.00208446965553], [-1.59160390467e-05, 0.00110791926272, 0.000326205306919, -0.000524875416886, -0.000898343278095, 0.000151378961164, -0.00320216407999, -0.0018995628925, 0.015046082437, -0.00455295387655, -0.00455416552722, 0.00407253066078, -0.00141911150422], [0.000694484391715, -0.000261476670858, 0.000120647615404, 0.00169498333707, -0.000999412382953, -6.26347318757e-05, 0.00367561983876, -0.00214868737385, -0.00455295387655, 0.0191765092313, -0.00217534811236, -0.00171100499574, 0.000390803063056], [-8.3882958279e-05, -0.00127030967269, -0.00025177502539, 0.000802997499704, 0.00108820025343, -0.00129247584846, -0.00234905187972, 0.00230003311299, -0.00455416552722, -0.00217534811236, 0.0211396832019, -0.00818442925811, 0.00279929116368], [0.000447433965746, 0.000823302194476, 0.000825749535579, 3.15323886753e-05, -0.00300809345208, 0.000260239117779, 0.0027001213748, 0.000183836949873, 0.00407253066078, -0.00171100499574, -0.00818442925811, 0.0215989779681, -0.0082689486444], [8.3140177594e-05, -0.00145712459926, -0.000328171823639, 0.000363305502106, 0.00102209497709, 0.000943395367358, 0.00049076648429, 0.00208446965553, -0.00141911150422, 0.000390803063056, 0.00279929116368, -0.0082689486444, 0.0198829378933]]
    spectral_contrast:
        mean: [-2.93355810754e-08, 3.04358820813e-07, 4.0804462742e-07, -2.25332527748e-07, 1.8157980719e-07, 2.93727481449e-07, 9.36733329127e-07, 2.16367629946e-06, -7.42499651096e-07, 1.1512962601e-06, -1.0773089798e-07, -2.29014608522e-06]
        var: [0.00054591341177, 0.00100374151953, 0.00115915539209, 0.00252133095637, 0.00355191924609, 0.00450565386564, 0.0624635517597, 0.080465964973, 0.152222797275, 0.210240215063, 0.821216821671, 3.75892782211]

rhythm:
    beats_loudness:
        dmean: 0.00735253281891
        dmean2: 0.0146334422752
        dvar: 5.48879143025e-06
        dvar2: 1.93798605324e-05
        max: 0.0126371635124
        mean: 0.00545508461073
        min: 0.000740181014407
        var: 1.60861254699e-05
    beats_loudness_bass:
        dmean: 0.0423893928528
        dmean2: 0.0667330622673
        dvar: 0.00191106961574
        dvar2: 0.00233967788517
        max: 0.297525048256
        mean: 0.114244736731
        min: 0.0642780438066
        var: 0.00274406792596
    bpm: 120.436782837
    bpm_confidence: 0
    first_peak_bpm: 120
    first_peak_spread: 0
    first_peak_weight: 0.944444417953
    onset_rate: 7.49632787704
    second_peak_bpm: 113
    second_peak_spread: 0
    second_peak_weight: 0.0555555559695
    beats_position: [0.424209535122, 0.922388732433, 1.42056798935, 1.91874718666, 2.41692638397, 2.91510558128, 3.41328477859, 3.91146397591, 4.40964317322, 4.90782213211, 5.40600156784, 5.90418052673, 6.43554544449, 6.93374061584, 7.4319357872, 7.93013000488, 8.4283246994, 8.92651939392, 9.42471504211]
    bpm_estimates: [120.591697693, 120.367919922, 120.707901001, 120.336166382, 120.375434875, 120.495094299, 120.417243958, 120.44770813, 120.319137573, 120.328704834, 120.716049194, 120.333053589, 120.738227844, 120.286705017, 120.353942871, 120.297706604, 120.259757996, 120.453987122, 120.35369873, 120.580558777, 120.411460876]
    bpm_intervals: [0.498179197311, 0.498179256916, 0.498179197311, 0.498179197311, 0.498179197311, 0.498179197311, 0.498179197311, 0.498179197311, 0.498178958893, 0.49817943573, 0.498178958893, 0.531364917755, 0.498195171356, 0.498195171356, 0.498194217682, 0.498194694519, 0.498194694519, 0.498195648193]
    onset_times: [0.0464399084449, 0.18575963378, 0.301859408617, 0.429569154978, 0.557278931141, 0.661768734455, 0.801088452339, 0.905578255653, 1.05650794506, 1.17260766029, 1.30031740665, 1.4164172411, 1.54412698746, 1.66022670269, 1.78793644905, 1.91564631462, 2.18267583847, 2.28716564178, 2.42648530006, 2.54258513451, 2.67029476166, 2.80961441994, 2.91410422325, 3.06503391266, 3.16952371597, 3.29723358154, 3.54104304314, 3.66875290871, 3.79646253586, 3.92417240143, 4.07510185242, 4.17959165573, 4.3073015213, 4.42340135574, 4.56272125244, 4.67882108688, 4.81814050674, 4.92263031006, 5.06195020676, 5.18966007233, 5.31736946106, 5.42185926437, 5.54956912994, 5.67727899551, 5.80498886108, 5.93269824982, 6.17650794983, 6.3042178154, 6.44353723526, 6.5596370697, 6.67573690414, 6.82666683197, 6.93115663528, 7.17496585846, 7.31428575516, 7.45360565186, 7.55809545517, 7.6858048439, 7.80190467834, 7.92961454391, 8.08054447174, 8.19664382935, 8.32435417175, 8.42884349823, 8.57977294922, 8.68426322937, 8.82358264923, 8.93968296051, 9.2067117691, 9.32281208038, 9.43891143799, 9.5666217804, 9.682721138, 9.81043052673, 9.93814086914]
    rubato_start: []
    rubato_stop: []
    perceptual_tempo: "unknown"

sfx:
    inharmonicity:
        dmean: 0.0415157154202
        dmean2: 0.0736458599567
        dvar: 0.00283761625178
        dvar2: 0.00765960849822
        max: 0.385177642107
        mean: 0.0390459485352
        min: 2.98482900689e-05
        var: 0.00255248113535
    oddtoevenharmonicenergyratio:
        dmean: 5.36239290237
        dmean2: 8.79496097565
        dvar: 2501.01391602
        dvar2: 6289.33447266
        max: 729.894775391
        mean: 2.97267913818
        min: 0.000276215025224
        var: 1254.39050293
    pitch_after_max_to_before_max_energy_ratio: 18.8490200043
    pitch_centroid: 215.494400024
    pitch_max_to_total: 0.102088168263
    pitch_min_to_total: 0.457076579332
    tristimulus:
        dmean: [0.250844568014, 0.250656574965, 0.117489852011]
        dmean2: [0.427935659885, 0.41806524992, 0.212454855442]
        dvar: [0.044611133635, 0.0404696315527, 0.0160376951098]
        dvar2: [0.122716605663, 0.108685083687, 0.044457975775]
        max: [0.983575284481, 0.983363866806, 0.77291148901]
        mean: [0.446866601706, 0.414923816919, 0.104500845075]
        min: [0.00587934302166, 0, 0]
        var: [0.0626261979342, 0.0609047189355, 0.0150569239631]

tonal:
    chords_changes_rate: 0.0184331797063
    chords_number_rate: 0.00921658985317
    chords_strength:
        dmean: 0.00770999770612
        dmean2: 0.010024397634
        dvar: 3.8298938307e-05
        dvar2: 5.14579187438e-05
        max: 0.77689230442
        mean: 0.658425688744
        min: 0.497000545263
        var: 0.00366284116171
    key_strength: 0.621473908424
    tuning_diatonic_strength: 0.517829358578
    tuning_equal_tempered_deviation: 0.149646505713
    tuning_frequency: 435.448913574
    tuning_nontempered_energy_ratio: 0.837622463703
    hpcp:
        dmean: [0.272318154573, 0.257524490356, 0.135213732719, 0.061283569783, 0.0468324609101, 0.0559749118984, 0.083864197135, 0.0866315364838, 0.0672894194722, 0.0777740851045, 0.0915456414223, 0.0766194313765, 0.0813189893961, 0.0868261009455, 0.15994566679, 0.287045389414, 0.25468069315, 0.175437584519, 0.145618900657, 0.126075968146, 0.131188124418, 0.146414220333, 0.151945784688, 0.201678618789, 0.236154913902, 0.231257796288, 0.251886367798, 0.253933817148, 0.206499963999, 0.142843648791, 0.137446865439, 0.136253118515, 0.119221277535, 0.0948378667235, 0.1014932096, 0.170156285167]
        dmean2: [0.469870209694, 0.433680772781, 0.242548197508, 0.115523330867, 0.083819180727, 0.0979076847434, 0.147645965219, 0.152668073773, 0.119419999421, 0.130693688989, 0.159315347672, 0.133175894618, 0.145573988557, 0.152447581291, 0.263597756624, 0.493746191263, 0.433974772692, 0.302981495857, 0.267506837845, 0.234551817179, 0.251806199551, 0.280656903982, 0.27917894721, 0.36851221323, 0.404504597187, 0.393953979015, 0.440379887819, 0.428359538317, 0.3521951437, 0.251857459545, 0.230767890811, 0.226740598679, 0.211506143212, 0.162840798497, 0.182540714741, 0.294962882996]
        dvar: [0.0644066259265, 0.0613819845021, 0.0260517038405, 0.00970461964607, 0.00425170036033, 0.00556454667822, 0.0128501225263, 0.0202584061772, 0.00946770329028, 0.00828166119754, 0.0127799585462, 0.00866338703781, 0.0146110393107, 0.0173553973436, 0.0314652957022, 0.0643199160695, 0.0550773218274, 0.0415614508092, 0.0548974238336, 0.0466335713863, 0.0492218546569, 0.0529115833342, 0.039828106761, 0.06094160676, 0.0640116930008, 0.0606501996517, 0.0641856566072, 0.0783828645945, 0.043236836791, 0.0425390079618, 0.0394106209278, 0.0411328859627, 0.0338680148125, 0.0176813919097, 0.0290009006858, 0.037615660578]
        dvar2: [0.156822517514, 0.144063323736, 0.0743011161685, 0.0287026762962, 0.0116495108232, 0.0140879834071, 0.0372867844999, 0.0542783103883, 0.0268467459828, 0.0203329510987, 0.0312177278101, 0.0210619363934, 0.0387504994869, 0.0457983724773, 0.0695715323091, 0.141293272376, 0.13317078352, 0.110997214913, 0.152322381735, 0.125214487314, 0.131848350167, 0.15160600841, 0.109202466905, 0.160625681281, 0.136368796229, 0.160189479589, 0.173371702433, 0.160685256124, 0.113303020597, 0.104794122279, 0.0845573619008, 0.100205026567, 0.0906938388944, 0.0435742549598, 0.0794723778963, 0.10717651248]
        max: [1, 1, 0.877289533615, 0.674375474453, 0.462128549814, 0.540131092072, 0.695816934109, 1, 0.710321009159, 0.536224484444, 0.739163696766, 0.499077945948, 1, 1, 1, 1, 1, 1, 1, 1, 1, 1, 1, 1, 1, 1, 1, 1, 1, 1, 1, 1, 1, 1, 1, 1]
        mean: [0.394621640444, 0.368360430002, 0.141095235944, 0.0526574254036, 0.049153983593, 0.0662020966411, 0.0879369080067, 0.0841619968414, 0.068466052413, 0.088985145092, 0.100555859506, 0.0845220610499, 0.0796145573258, 0.0814778208733, 0.200707569718, 0.453281313181, 0.428263276815, 0.194607496262, 0.108980067074, 0.0923385098577, 0.0965248048306, 0.117222480476, 0.133121013641, 0.180930688977, 0.270043343306, 0.261135965586, 0.282336711884, 0.335020750761, 0.218222022057, 0.136018872261, 0.160598650575, 0.15012255311, 0.108524501324, 0.0873481631279, 0.0901561826468, 0.184528440237]
        min: [0.0062577878125, 0.00636413507164, 0.00622351001948, 0.00194486323744, 0.00339084654115, 0.00325814611278, 0.00160892598797, 0.00291291228496, 0.00043386395555, 0.00610890612006, 0.00602941121906, 0.0026412862353, 0.00229820888489, 0.00445264112204, 0.0082354452461, 0.0134583441541, 0.0165971461684, 0.0110137863085, 0.00264040450566, 0.00183189695235, 0.000972352165263, 0.00134525611065, 0.00262613571249, 0.00266472692601, 0.000758508977015, 0.00232349988073, 0.00185034691822, 0.00230981502682, 0.00512281619012, 0.00297536887228, 0.00265249423683, 0.00292965490371, 0.00271836295724, 0.00176470272709, 0.00244870455936, 0.00506275892258]
        var: [0.113406829536, 0.104420244694, 0.0241077579558, 0.00623628171161, 0.00360940117389, 0.00732658198103, 0.0128045948222, 0.0176569633186, 0.00766925653443, 0.0108321961015, 0.014752138406, 0.0104098794982, 0.0124191278592, 0.0143756195903, 0.0415118597448, 0.121624872088, 0.110860861838, 0.0438450612128, 0.039023116231, 0.0334524437785, 0.0361169315875, 0.0371372066438, 0.03334543854, 0.0508558154106, 0.0944904834032, 0.0834230259061, 0.0738356634974, 0.12053180486, 0.0563179440796, 0.0401986949146, 0.0608244687319, 0.0518846586347, 0.0281291604042, 0.0185149367899, 0.022898921743, 0.0412717908621]
    chords_histogram: [55.2995376587, 0, 0, 0, 0, 0, 0, 44.7004623413, 0, 0, 0, 0, 0, 0, 0, 0, 0, 0, 0, 0, 0, 0, 0, 0]
    thpcp: [1, 0.944806814194, 0.42933049798, 0.240424796939, 0.203711271286, 0.212946802378, 0.258608669043, 0.293682992458, 0.399157613516, 0.595752179623, 0.576101303101, 0.622873067856, 0.739101171494, 0.4814273417, 0.300076067448, 0.354302376509, 0.331190705299, 0.23941975832, 0.192701891065, 0.198896750808, 0.407094746828, 0.870588839054, 0.812653005123, 0.311275213957, 0.116169415414, 0.108440347016, 0.146050795913, 0.194000735879, 0.185672774911, 0.151045382023, 0.196313291788, 0.221839845181, 0.186467126012, 0.175640508533, 0.179751113057, 0.442788094282]
    chords_key: "D"
    chords_scale: "minor"
    key_key: "D"
    key_scale: "minor"
    chords_progression: ["D", "D", "D", "D", "D", "D", "D", "D", "D", "D", "D", "D", "D", "D", "D", "D", "D", "D", "D", "D", "D", "D", "D", "D", "D", "D", "D", "D", "D", "D", "D", "D", "D", "D", "D", "D", "D", "D", "D", "D", "D", "D", "D", "D", "D", "D", "D", "D", "D", "D", "D", "D", "D", "D", "D", "D", "D", "D", "D", "D", "D", "D", "D", "D", "D", "D", "D", "D", "D", "D", "D", "D", "D", "D", "D", "D", "D", "Dm", "Dm", "Dm", "Dm", "Dm", "Dm", "Dm", "Dm", "Dm", "Dm", "Dm", "Dm", "Dm", "Dm", "Dm", "Dm", "Dm", "Dm", "Dm", "Dm", "Dm", "Dm", "Dm", "Dm", "Dm", "Dm", "Dm", "Dm", "Dm", "Dm", "Dm", "Dm", "Dm", "Dm", "Dm", "Dm", "Dm", "Dm", "Dm", "Dm", "Dm", "Dm", "Dm", "Dm", "Dm", "Dm", "Dm", "Dm", "Dm", "Dm", "Dm", "Dm", "Dm", "Dm", "Dm", "Dm", "Dm", "Dm", "Dm", "Dm", "Dm", "Dm", "Dm", "Dm", "Dm", "Dm", "Dm", "Dm", "Dm", "Dm", "Dm", "Dm", "Dm", "Dm", "Dm", "Dm", "Dm", "Dm", "Dm", "Dm", "Dm", "Dm", "Dm", "Dm", "Dm", "Dm", "Dm", "Dm", "Dm", "Dm", "Dm", "Dm", "Dm", "Dm", "Dm", "Dm", "Dm", "Dm", "D", "D", "D", "D", "D", "D", "Dm", "Dm", "Dm", "Dm", "Dm", "Dm", "Dm", "Dm", "Dm", "Dm", "Dm", "Dm", "Dm", "Dm", "Dm", "Dm", "Dm", "Dm", "Dm", "Dm", "Dm", "Dm", "D", "D", "D", "D", "D", "D", "D", "D", "D", "D", "D", "D", "D", "D"]
