
metadata:
    version:
        essentia: "1.2.2"
    audio_properties:
        analysis_sample_rate: 44100
        bitrate: 128
        channels: 2
        equal_loudness: 1
        length: 10.1093873978
        replay_gain: -3.35201072693
        downmix: "mix"
    tags:
        track: 12
        year: 0
        album: "Splitted by Mp3Splt v. 2.1"
        artist: "From 001.50 To 002.00"
        comment: "http://mp3splt.sf.net"
        genre: ""
        title: "07 Cracks.mp3"

highlevel:
    ballroom:
        all:
            ChaChaCha: 0.00332745001651
            Jive: 0.00199255137704
            Quickstep: 0.00164003425743
            Rumba-American: 0.009700586088
            Rumba-International: 0.256696164608
            Rumba-Misc: 0.0872109755874
            Samba: 0.00231255590916
            Tango: 0.0122618833557
            VienneseWaltz: 0.114020720124
            Waltz: 0.510837078094
        probability: 0.510837078094
        value: "Waltz"
    culture:
        all:
            non_western: 0.182074546814
            western: 0.817925453186
        probability: 0.817925453186
        value: "western"
    gender:
        all:
            female: 0.819822967052
            male: 0.180177018046
        probability: 0.819822967052
        value: "female"
    genre_dortmund:
        all:
            alternative: 0.142931520939
            blues: 0.00823486875743
            electronic: 0.219071626663
            folkcountry: 0.178075626493
            funksoulrnb: 0.0186784621328
            jazz: 0.276477873325
            pop: 0.0826967507601
            raphiphop: 0.0070887519978
            rock: 0.0667445287108
        probability: 0.276477873325
        value: "jazz"
    genre_electronica:
        all:
            ambient: 0.854874193668
            dnb: 0.00503734918311
            house: 0.0210538711399
            techno: 0.00510472105816
            trance: 0.113929882646
        probability: 0.854874193668
        value: "ambient"
    genre_rosamerica:
        all:
            cla: 0.550804376602
            dan: 0.0511418804526
            hip: 0.0142628680915
            jaz: 0.215633824468
            pop: 0.0222699735314
            rhy: 0.0501028783619
            roc: 0.0893305540085
            spe: 0.00645365705714
        probability: 0.550804376602
        value: "cla"
    genre_tzanetakis:
        all:
            blu: 0.142174988985
            cla: 0.275568723679
            cou: 0.114168345928
            dis: 0.0148490406573
            hip: 0.0181512795389
            jaz: 0.206221327186
            met: 0.0316389352083
            pop: 0.0255353339016
            reg: 0.0939472615719
            roc: 0.0777447670698
        probability: 0.275568723679
        value: "cla"
    live_studio:
        all:
            live: 0.561042785645
            studio: 0.438957214355
        probability: 0.561042785645
        value: "live"
    mood:
        all:
            Cluster1: 0.0891109332442
            Cluster2: 0.0355445556343
            Cluster3: 0.768096864223
            Cluster4: 0.0130604943261
            Cluster5: 0.0941871628165
        probability: 0.768096864223
        value: "Cluster3"
    mood_acoustic:
        all:
            acoustic: 0.9101100564
            not_acoustic: 0.0898899510503
        probability: 0.9101100564
        value: "acoustic"
    mood_aggressive:
        all:
            aggressive: 0.114835679531
            not_aggressive: 0.885164320469
        probability: 0.885164320469
        value: "not_aggressive"
    mood_electronic:
        all:
            electronic: 0.707054257393
            not_electronic: 0.292945772409
        probability: 0.707054257393
        value: "electronic"
    mood_happy:
        all:
            happy: 0.0813006237149
            not_happy: 0.918699383736
        probability: 0.918699383736
        value: "not_happy"
    mood_party:
        all:
            not_party: 0.965889811516
            party: 0.0341101698577
        probability: 0.965889811516
        value: "not_party"
    mood_relaxed:
        all:
            not_relaxed: 0.13437743485
            relaxed: 0.865622580051
        probability: 0.865622580051
        value: "relaxed"
    mood_sad:
        all:
            not_sad: 0.0933544337749
            sad: 0.906645596027
        probability: 0.906645596027
        value: "sad"
    rhythm:
        all:
            fast: 0.0378225483
            medium: 0.720632612705
            slow: 0.241544812918
        probability: 0.720632612705
        value: "medium"
    speech_music:
        all:
            music: 0.996119976044
            speech: 0.00387999438681
        probability: 0.996119976044
        value: "music"
    timbre:
        all:
            bright: 0.418699115515
            dark: 0.581300914288
        probability: 0.581300914288
        value: "dark"
    voice_instrumental:
        all:
            instrumental: 0.974439263344
            voice: 0.0255607478321
        probability: 0.974439263344
        value: "instrumental"

lowlevel:
    average_loudness: 0.962083280087
    barkbands_kurtosis:
        dmean: 2.54133725166
        dmean2: 3.93423032761
        dvar: 10.1970024109
        dvar2: 21.356672287
        max: 35.0010719299
        mean: 5.80307912827
        min: -1.73617732525
        var: 35.7768135071
    barkbands_skewness:
        dmean: 0.455777585506
        dmean2: 0.6999771595
        dvar: 0.193425357342
        dvar2: 0.43993678689
        max: 5.13440132141
        mean: 1.94448196888
        min: -0.392790257931
        var: 0.750206589699
    barkbands_spread:
        dmean: 3.38736963272
        dmean2: 4.97396850586
        dvar: 34.7106819153
        dvar2: 66.874382019
        max: 48.1554985046
        mean: 8.98739147186
        min: 1.5212187767
        var: 68.9584960938
    dissonance:
        dmean: 0.0322286784649
        dmean2: 0.053466424346
        dvar: 0.000790132791735
        dvar2: 0.00190295185894
        max: 0.495288580656
        mean: 0.398868203163
        min: 0.121783308685
        var: 0.00246245996095
    hfc:
        dmean: 0.580648720264
        dmean2: 0.885579168797
        dvar: 1.40876495838
        dvar2: 3.48859572411
        max: 11.0830411911
        mean: 1.62530565262
        min: 0.00733011262491
        var: 1.90759456158
    pitch:
        dmean: 152.732330322
        dmean2: 297.326782227
        dvar: 363765.125
        dvar2: 1024321.625
        max: 3675
        mean: 256.443939209
        min: 67.4311904907
        var: 232783.453125
    pitch_instantaneous_confidence:
        dmean: 0.0722473338246
        dmean2: 0.11390530318
        dvar: 0.00450234208256
        dvar2: 0.0107957953587
        max: 0.877570867538
        mean: 0.506069540977
        min: 0.129429936409
        var: 0.0204284992069
    pitch_salience:
        dmean: 0.0551834590733
        dmean2: 0.0918399617076
        dvar: 0.00250358786434
        dvar2: 0.00657156622037
        max: 0.798906087875
        mean: 0.487031757832
        min: 0.197394818068
        var: 0.0114302616566
    silence_rate_20dB:
        dmean: 0
        dmean2: 0
        dvar: 0
        dvar2: 0
        max: 1
        mean: 1
        min: 1
        var: 0
    silence_rate_30dB:
        dmean: 0
        dmean2: 0
        dvar: 0
        dvar2: 0
        max: 1
        mean: 1
        min: 1
        var: 0
    silence_rate_60dB:
        dmean: 0.0781609192491
        dmean2: 0.154377877712
        dvar: 0.0720518529415
        dvar2: 0.144370868802
        max: 1
        mean: 0.451834857464
        min: 0
        var: 0.247679755092
    spectral_centroid:
        dmean: 111.853935242
        dmean2: 168.950454712
        dvar: 38810.0859375
        dvar2: 80206.0078125
        max: 1918.75463867
        mean: 418.992218018
        min: 149.959136963
        var: 65123.3828125
    spectral_complexity:
        dmean: 1.42956125736
        dmean2: 2.43287038803
        dvar: 4.63305664062
        dvar2: 12.2640399933
        max: 23
        mean: 6.24193525314
        min: 0
        var: 7.12350273132
    spectral_crest:
        dmean: 1.83291578293
        dmean2: 2.94422459602
        dvar: 3.02755832672
        dvar2: 7.48675870895
        max: 21.5175609589
        mean: 11.9864740372
        min: 3.96546792984
        var: 14.0920181274
    spectral_decrease:
        dmean: 2.58775556539e-10
        dmean2: 4.30365770798e-10
        dvar: 9.9070950214e-20
        dvar2: 2.86596549704e-19
        max: -8.09410524716e-12
        mean: -1.04950259594e-09
        min: -4.55868276461e-09
        var: 4.86358625534e-19
    spectral_energy:
        dmean: 0.00102101720404
        dmean2: 0.00169319158886
        dvar: 1.52908660311e-06
        dvar2: 4.38757524535e-06
        max: 0.0176210831851
        mean: 0.00410848064348
        min: 3.12136107823e-05
        var: 7.34013838155e-06
    spectral_energyband_high:
        dmean: 1.96708606381e-05
        dmean2: 3.2686672057e-05
        dvar: 3.87804055535e-09
        dvar2: 1.01229105098e-08
        max: 0.000583731918596
        mean: 1.57460872288e-05
        min: 1.38747795475e-08
        var: 2.9998652451e-09
    spectral_energyband_low:
        dmean: 0.000428231956903
        dmean2: 0.000779989059083
        dvar: 5.3466129657e-07
        dvar2: 1.94900144379e-06
        max: 0.00590645475313
        mean: 0.000607629131991
        min: 1.09720658656e-05
        var: 8.14226325474e-07
    spectral_energyband_middle_high:
        dmean: 0.000167564605363
        dmean2: 0.000239295972278
        dvar: 1.10372489814e-07
        dvar2: 2.60574012145e-07
        max: 0.00317275407724
        mean: 0.000379119621357
        min: 8.74767408732e-07
        var: 1.57303958304e-07
    spectral_energyband_middle_low:
        dmean: 0.000650679459795
        dmean2: 0.00102891377173
        dvar: 6.43579312509e-07
        dvar2: 1.51912797719e-06
        max: 0.011469418183
        mean: 0.00310597801581
        min: 1.67897123902e-05
        var: 4.73084128316e-06
    spectral_flatness_db:
        dmean: 0.0244324523956
        dmean2: 0.0379430800676
        dvar: 0.000577822269406
        dvar2: 0.00141159351915
        max: 0.391983538866
        mean: 0.283814042807
        min: 0.157954528928
        var: 0.00239372462966
    spectral_flux:
        dmean: 0.00644321972504
        dmean2: 0.0103553943336
        dvar: 6.56803240418e-05
        dvar2: 0.000150402382133
        max: 0.0778793469071
        mean: 0.0214582700282
        min: 0.00479578971863
        var: 0.00016121812223
    spectral_kurtosis:
        dmean: 10.5967330933
        dmean2: 17.2425231934
        dvar: 83.7853927612
        dvar2: 207.478164673
        max: 82.140007019
        mean: 28.7561817169
        min: 0.386822938919
        var: 305.720367432
    spectral_rms:
        dmean: 0.00023993315699
        dmean2: 0.000391269306419
        dvar: 6.63533796796e-08
        dvar2: 1.79968139946e-07
        max: 0.00414623925462
        mean: 0.00190321134869
        min: 0.000174505883479
        var: 3.86060804658e-07
    spectral_rolloff:
        dmean: 268.244903564
        dmean2: 436.445892334
        dvar: 285914.25
        dvar2: 594137.3125
        max: 3854.44335938
        mean: 722.057800293
        min: 172.265625
        var: 431599.09375
    spectral_skewness:
        dmean: 0.816261291504
        dmean2: 1.25791800022
        dvar: 0.485872328281
        dvar2: 1.03665554523
        max: 7.63328456879
        mean: 3.88126349449
        min: 0.686098575592
        var: 2.13089895248
    spectral_spread:
        dmean: 378272.875
        dmean2: 592271.5625
        dvar: 210062835712
        dvar2: 402236407808
        max: 9188470
        mean: 2098991.5
        min: 924486.25
        var: 490558291968
    spectral_strongpeak:
        dmean: 0.125929668546
        dmean2: 0.227178543806
        dvar: 0.0547880008817
        dvar2: 0.160870105028
        max: 2.48938441277
        mean: 0.325070112944
        min: 0
        var: 0.0604090467095
    zerocrossingrate:
        dmean: 0.00580975739285
        dmean2: 0.00649459287524
        dvar: 5.97187681706e-05
        dvar2: 7.93652143329e-05
        max: 0.0947265625
        mean: 0.0253816246986
        min: 0.0009765625
        var: 0.000214855695958
    barkbands:
        dmean: [5.01371317796e-08, 1.8226017346e-05, 0.000420867640059, 0.000404457998229, 0.000248083728366, 0.000170073777554, 9.00215600268e-05, 2.72454853985e-05, 5.26387848367e-05, 2.28935041378e-05, 4.51480482297e-05, 1.15930270113e-05, 1.26641252791e-05, 2.81311731669e-05, 1.00039287645e-05, 1.42335229611e-05, 1.24171119751e-05, 4.38846436737e-05, 2.3066664653e-05, 1.90451501112e-05, 1.00322231447e-05, 1.44715897932e-06, 2.75005646699e-07, 4.26835349288e-08, 4.4884282957e-09, 2.42455389099e-10, 2.33191965737e-10]
        dmean2: [7.94334056309e-08, 3.23308995576e-05, 0.000765924807638, 0.000651548674796, 0.000405693863286, 0.000256275176071, 0.000121225937619, 3.86308201996e-05, 7.61030241847e-05, 3.36554476235e-05, 5.69605290366e-05, 1.81653413165e-05, 2.01631937671e-05, 4.72748397442e-05, 1.59786632139e-05, 2.17720880755e-05, 1.87983223441e-05, 6.96013885317e-05, 3.82902107958e-05, 3.09365786961e-05, 1.70433359017e-05, 2.49830895882e-06, 4.86782710141e-07, 7.53151354616e-08, 7.87842591166e-09, 4.31908675491e-10, 4.21404217077e-10]
        dvar: [4.3798317295e-13, 2.54964049873e-09, 5.32145179477e-07, 2.3106817082e-07, 2.59240181322e-07, 8.88944740041e-08, 2.35138255533e-08, 5.66932589763e-09, 8.76731220956e-09, 9.98643834293e-10, 2.44856535048e-09, 4.56945509208e-10, 1.06745101647e-09, 4.27727453456e-09, 8.54864679045e-10, 1.24211052555e-09, 7.47636452747e-10, 1.47913326032e-08, 7.09538561239e-09, 3.22598747715e-09, 1.11013565007e-09, 2.31900991465e-11, 1.20393690677e-12, 3.88763152258e-14, 2.42653048881e-16, 2.6738602961e-19, 2.70991684051e-19]
        dvar2: [1.13670802371e-12, 7.64050778201e-09, 1.94748713511e-06, 7.11261236575e-07, 5.45957561826e-07, 1.94515450858e-07, 5.33125543711e-08, 1.31682709181e-08, 1.6645756773e-08, 2.36031438838e-09, 3.94246324475e-09, 1.22437404659e-09, 2.48104048417e-09, 1.05239497117e-08, 2.02049443843e-09, 2.68916466872e-09, 1.57908019993e-09, 3.49687425683e-08, 1.94168059409e-08, 8.07721445284e-09, 3.00299607403e-09, 6.35261912518e-11, 3.40181875724e-12, 1.08817719646e-13, 6.75597343318e-16, 7.01949035029e-19, 7.19886705106e-19]
        max: [1.08353833639e-05, 0.00079442554852, 0.00589934270829, 0.00622840924188, 0.00894855335355, 0.00397987943143, 0.00273845880292, 0.000831382290926, 0.00130236835685, 0.000401908153435, 0.00071539520286, 0.0002323929657, 0.00056297093397, 0.000682995771058, 0.000317588215694, 0.000303881359287, 0.000286109076114, 0.00119889469352, 0.00095596263418, 0.000442900753114, 0.000345043052221, 4.75968117826e-05, 1.09647235149e-05, 2.07449943446e-06, 1.73858126118e-07, 7.66736185653e-09, 7.68023067366e-09]
        mean: [3.78370401677e-08, 3.60553167411e-05, 0.000571551150642, 0.00112300610635, 0.000825184397399, 0.000585678149946, 0.000307764566969, 6.67053536745e-05, 0.000192079198314, 5.09162709932e-05, 0.00013004912762, 2.42914447881e-05, 2.08947603824e-05, 4.71160783491e-05, 1.16807668746e-05, 1.75547429535e-05, 1.50183950609e-05, 3.95487295464e-05, 1.88594749488e-05, 1.5454044842e-05, 7.64639844419e-06, 1.14494241643e-06, 2.06724564578e-07, 3.61097569623e-08, 7.8353368238e-09, 4.47780312829e-10, 1.76948497521e-10]
        min: [2.98744501359e-11, 1.91225524304e-07, 6.31441071164e-06, 6.16539318798e-06, 4.36636400991e-06, 1.55901238941e-06, 3.11748908643e-06, 1.56779719873e-07, 7.74714635554e-07, 1.5404445719e-07, 1.27388005922e-07, 1.73630397171e-07, 1.98772767135e-07, 5.08848074787e-08, 9.6536624028e-08, 4.06777331818e-08, 4.99281895827e-08, 1.49875081235e-08, 3.04602187917e-09, 9.22240861456e-09, 1.9014696484e-09, 1.95285698723e-09, 1.24386623224e-09, 1.14819420638e-09, 1.16544929263e-09, 7.35751043424e-11, 5.40248943671e-13]
        var: [2.81069384347e-13, 1.12473008684e-08, 7.55905489314e-07, 1.33049081796e-06, 1.45177205013e-06, 7.95384949015e-07, 1.67781891491e-07, 1.66760489861e-08, 7.2981109156e-08, 3.52447249163e-09, 1.81381594189e-08, 8.64163240966e-10, 1.4209763366e-09, 5.84193404762e-09, 8.10609412927e-10, 1.53629420296e-09, 1.00017771842e-09, 1.48213228357e-08, 4.82843187655e-09, 2.70869349173e-09, 7.88007270547e-10, 1.57703884673e-11, 7.46216890363e-13, 2.43497035686e-14, 1.60821831121e-16, 1.78661499734e-19, 1.82998588632e-19]
    mfcc:
        mean: [-838.804016113, 218.379379272, -35.6522789001, 39.343006134, -18.8899250031, 2.01213622093, -3.1088180542, -9.32137966156, -7.59885501862, -10.5023174286, -11.0700569153, -13.6035633087, -13.4043893814]
        cov: [[2217.86108398, -923.401428223, -759.799499512, 511.576141357, -167.395004272, -85.1221923828, -149.573791504, 117.114273071, -60.2779388428, -7.57231235504, -13.5660734177, 37.1805000305, -94.9688491821], [-923.401428223, 997.233459473, 444.043304443, -406.218780518, 48.1896286011, -37.6059303284, 64.2567062378, -91.1242446899, 11.4161529541, -9.4374666214, 24.8284683228, 4.48110437393, 47.9691467285], [-759.799499512, 444.043304443, 431.206207275, -188.181564331, 14.07097435, 23.1089401245, 63.8570556641, -46.8336677551, 20.5672130585, 20.5529117584, 18.7618637085, 2.2245554924, 53.588508606], [511.576141357, -406.218780518, -188.181564331, 350.393981934, 11.1611394882, 9.0790681839, -35.5719223022, 67.1005325317, -2.4903717041, 8.02015781403, 27.4781398773, 53.4436988831, 3.55185675621], [-167.395004272, 48.1896286011, 14.07097435, 11.1611394882, 130.75592041, 71.7606964111, 28.327791214, -18.5405216217, -1.95963048935, 8.45849132538, 9.23801326752, -0.0125117842108, -4.33046245575], [-85.1221923828, -37.6059303284, 23.1089401245, 9.0790681839, 71.7606964111, 131.557632446, 68.9200363159, -10.7750444412, -16.6079387665, -3.60144376755, -7.7077794075, -3.67930436134, 10.1476297379], [-149.573791504, 64.2567062378, 63.8570556641, -35.5719223022, 28.327791214, 68.9200363159, 100.916679382, 20.4051132202, 5.22277021408, -10.2307605743, -17.5789661407, 8.46304798126, 36.6718215942], [117.114273071, -91.1242446899, -46.8336677551, 67.1005325317, -18.5405216217, -10.7750444412, 20.4051132202, 92.1738510132, 27.0931301117, -17.361164093, 1.69757783413, 23.9061756134, 18.2076969147], [-60.2779388428, 11.4161529541, 20.5672130585, -2.4903717041, -1.95963048935, -16.6079387665, 5.22277021408, 27.0931301117, 71.2324829102, 24.8941001892, -6.16220521927, 6.35751056671, 7.34856462479], [-7.57231235504, -9.4374666214, 20.5529117584, 8.02015781403, 8.45849132538, -3.60144376755, -10.2307605743, -17.361164093, 24.8941001892, 63.515007019, 20.4533596039, 1.779073596, -1.93656158447], [-13.5660734177, 24.8284683228, 18.7618637085, 27.4781398773, 9.23801326752, -7.7077794075, -17.5789661407, 1.69757783413, -6.16220521927, 20.4533596039, 62.6605415344, 28.0842437744, 2.11231279373], [37.1805000305, 4.48110437393, 2.2245554924, 53.4436988831, -0.0125117842108, -3.67930436134, 8.46304798126, 23.9061756134, 6.35751056671, 1.779073596, 28.0842437744, 65.0195617676, 38.0727081299], [-94.9688491821, 47.9691467285, 53.588508606, 3.55185675621, -4.33046245575, 10.1476297379, 36.6718215942, 18.2076969147, 7.34856462479, -1.93656158447, 2.11231279373, 38.0727081299, 71.2934036255]]
        icov: [[0.00219729938544, -0.000858474115375, 0.00327793089673, -0.00206028646789, 0.00361804175191, -0.00154484156519, 0.000642682192847, -0.00136184098665, 0.00232516881078, -0.00296515994705, 0.00202645827085, -0.001486318768, 0.00201371265575], [-0.000858474115375, 0.00457625603303, -0.00374020612799, 0.00419076532125, -0.00462914444506, 0.00502043357119, -0.00266666780226, 0.0027545564808, -0.0014423559187, 0.00398294953629, -0.00278413528576, -0.00196027988568, -0.000561456079595], [0.00327793089673, -0.00374020612799, 0.0105987424031, -0.00350500596687, 0.00750584667549, -0.00457071233541, -4.94056803291e-05, -0.000474836473586, 0.00131636753213, -0.00519751571119, 0.000282161781797, 0.000993203371763, -0.000471449253382], [-0.00206028646789, 0.00419076532125, -0.00350500596687, 0.0105058355257, -0.00655554328114, 0.0020052625332, 0.00198727636598, -0.0020559055265, -0.000294088647934, 0.00181661441457, -0.00212346110493, -0.0050787567161, -0.00177901471034], [0.00361804175191, -0.00462914444506, 0.00750584667549, -0.00655554328114, 0.0205650143325, -0.0125742573291, 0.00208534579724, -0.000433960463852, 0.000710851978511, -0.0056383907795, 0.00135779706761, -0.000775666965637, 0.00484362244606], [-0.00154484156519, 0.00502043357119, -0.00457071233541, 0.0020052625332, -0.0125742573291, 0.0256066173315, -0.0178657397628, 0.00799941364676, 0.000804435519967, 0.00528144091368, -0.00440151290968, 0.00155516224913, -1.38116490689e-06], [0.000642682192847, -0.00266666780226, -4.94056803291e-05, 0.00198727636598, 0.00208534579724, -0.0178657397628, 0.0315245054662, -0.013884562999, 0.00373401166871, -0.00559199973941, 0.010650572367, -0.00261583854444, -0.00686686532572], [-0.00136184098665, 0.0027545564808, -0.000474836473586, -0.0020559055265, -0.000433960463852, 0.00799941364676, -0.013884562999, 0.0287943352014, -0.0164290294051, 0.0169452354312, -0.011988456361, 0.00218900176696, -0.00324505963363], [0.00232516881078, -0.0014423559187, 0.00131636753213, -0.000294088647934, 0.000710851978511, 0.000804435519967, 0.00373401166871, -0.0164290294051, 0.0308048278093, -0.0209100861102, 0.0153308128938, -0.00747696124017, 0.00509228464216], [-0.00296515994705, 0.00398294953629, -0.00519751571119, 0.00181661441457, -0.0056383907795, 0.00528144091368, -0.00559199973941, 0.0169452354312, -0.0209100861102, 0.0361587591469, -0.0190327875316, 0.00748976925388, -0.00565728964284], [0.00202645827085, -0.00278413528576, 0.000282161781797, -0.00212346110493, 0.00135779706761, -0.00440151290968, 0.010650572367, -0.011988456361, 0.0153308128938, -0.0190327875316, 0.036855455488, -0.0190656390041, 0.00975108891726], [-0.001486318768, -0.00196027988568, 0.000993203371763, -0.0050787567161, -0.000775666965637, 0.00155516224913, -0.00261583854444, 0.00218900176696, -0.00747696124017, 0.00748976925388, -0.0190656390041, 0.0412658788264, -0.0211345981807], [0.00201371265575, -0.000561456079595, -0.000471449253382, -0.00177901471034, 0.00484362244606, -1.38116490689e-06, -0.00686686532572, -0.00324505963363, 0.00509228464216, -0.00565728964284, 0.00975108891726, -0.0211345981807, 0.0325040966272]]
    spectral_contrast:
        mean: [-1.88157201819e-07, -3.14306333848e-07, -1.96315937728e-07, -5.32355990401e-08, -1.8760356113e-07, 2.44461446641e-08, -9.96249013951e-07, -5.10653171659e-06, 1.3411731743e-06, 2.27709665523e-06, 2.49419349529e-06, 2.45230535256e-06]
        var: [0.000223257913603, 0.000746508070733, 0.00144088629168, 0.00178981828503, 0.00406570034102, 0.00581781333312, 0.0315236262977, 0.0544121563435, 0.0931890234351, 0.199284300208, 0.339564859867, 1.16416490078]

rhythm:
    beats_loudness:
        dmean: 0.00311692222022
        dmean2: 0.00500200409442
        dvar: 7.14075076758e-06
        dvar2: 1.69949034898e-05
        max: 0.0151119669899
        mean: 0.00482953805476
        min: 0.00140121823642
        var: 1.14405183922e-05
    beats_loudness_bass:
        dmean: 0.272962778807
        dmean2: 0.503331542015
        dvar: 0.0351934358478
        dvar2: 0.130579963326
        max: 0.790806353092
        mean: 0.421069592237
        min: 0.00868037436157
        var: 0.0495727881789
    bpm: 89.8858642578
    bpm_confidence: 0
    first_peak_bpm: 89
    first_peak_spread: 0.384615361691
    first_peak_weight: 0.571428596973
    onset_rate: 3.56104660034
    second_peak_bpm: 69
    second_peak_spread: 0
    second_peak_weight: 0.0714285746217
    beats_position: [0.406447350979, 1.07777070999, 1.7490940094, 2.42041730881, 3.09174060822, 3.76306390762, 4.43438720703, 5.10571050644, 5.77703380585, 6.64380311966, 7.30630874634, 7.96881341934, 8.63131904602, 9.29382324219, 9.95632839203]
    bpm_estimates: [89.3029098511, 89.3448486328, 89.7001419067, 89.2534790039, 89.3828659058, 89.4654693604, 89.3564300537, 89.2014007568, 90.1725845337, 90.5980377197, 90.5010604858, 90.6735687256, 90.6755218506, 90.7738189697]
    bpm_intervals: [0.671323359013, 0.671323299408, 0.671323299408, 0.671323299408, 0.671323299408, 0.671323299408, 0.671323299408, 0.671323299408, 0.866769313812, 0.662505626678, 0.662504673004, 0.662505626678, 0.662504196167, 0.662505149841]
    onset_times: [0.0696598663926, 0.139319732785, 0.49922901392, 0.859138309956, 1.23065757751, 1.45124721527, 1.8575963974, 2.20589566231, 2.55419492722, 2.63546490669, 3.19274377823, 3.40172338486, 3.56426310539, 3.83129262924, 4.22603178024, 4.56272125244, 4.8994102478, 5.16644001007, 5.23609972, 5.32897949219, 5.60761928558, 5.68888902664, 5.94430828094, 6.28099775314, 6.5015873909, 6.91954660416, 7.2330160141, 7.27945566177, 7.6277551651, 7.92961454391, 8.28952407837, 8.62621307373, 8.97451210022, 9.287981987, 9.62467098236, 9.9613609314]
    rubato_start: []
    rubato_stop: []
    perceptual_tempo: "unknown"

sfx:
    inharmonicity:
        dmean: 0.0128306113183
        dmean2: 0.0235554222018
        dvar: 0.00116149941459
        dvar2: 0.00301484623924
        max: 0.31657320261
        mean: 0.0104257520288
        min: 2.77748313238e-06
        var: 0.000939030607697
    oddtoevenharmonicenergyratio:
        dmean: 4.79943609238
        dmean2: 9.52278614044
        dvar: 1647.99023438
        dvar2: 4947.76025391
        max: 583.170288086
        mean: 2.54737401009
        min: 4.65162247565e-06
        var: 828.078796387
    pitch_after_max_to_before_max_energy_ratio: 2.37609434128
    pitch_centroid: 214.41545105
    pitch_max_to_total: 0.479262679815
    pitch_min_to_total: 0.112903222442
    tristimulus:
        dmean: [0.175370424986, 0.167680338025, 0.0239823907614]
        dmean2: [0.316631376743, 0.303935497999, 0.0420493073761]
        dvar: [0.0441520065069, 0.0416871346533, 0.0026731446851]
        dvar2: [0.12173333019, 0.117701910436, 0.00724946567789]
        max: [0.992375314236, 0.987380206585, 0.568318009377]
        mean: [0.68558204174, 0.275243848562, 0.0255592335016]
        min: [0.00453934865072, 0, 0]
        var: [0.0582549609244, 0.051168628037, 0.00203697988763]

tonal:
    chords_changes_rate: 0.0366972461343
    chords_number_rate: 0.0229357797652
    chords_strength:
        dmean: 0.00840903073549
        dmean2: 0.00482219131663
        dvar: 4.38046226918e-05
        dvar2: 1.87562563951e-05
        max: 0.722443282604
        mean: 0.518569290638
        min: 0.316923201084
        var: 0.0146954823285
    key_strength: 0.765167713165
    tuning_diatonic_strength: 0.693505048752
    tuning_equal_tempered_deviation: 0.0366433225572
    tuning_frequency: 442.548919678
    tuning_nontempered_energy_ratio: 0.676445603371
    hpcp:
        dmean: [0.0114654991776, 0.0188091099262, 0.0830341652036, 0.118919208646, 0.089379824698, 0.0336048230529, 0.0132332518697, 0.0118665201589, 0.0281186588109, 0.0486290045083, 0.0669912174344, 0.103061966598, 0.0874266028404, 0.0858164578676, 0.0511676035821, 0.0383723080158, 0.0636800378561, 0.149078756571, 0.115919359028, 0.152793988585, 0.0744770616293, 0.00900251977146, 0.010736534372, 0.0259729251266, 0.024506509304, 0.0183233823627, 0.0282452460378, 0.032998777926, 0.0281836651266, 0.0421664901078, 0.0398742817342, 0.0397135913372, 0.0817783623934, 0.0762438625097, 0.0512801483274, 0.0224130097777]
        dmean2: [0.0203808881342, 0.0323384180665, 0.122038163245, 0.177304491401, 0.13893173635, 0.0583007261157, 0.0217141136527, 0.0207225698978, 0.0473825260997, 0.0777916908264, 0.10252854228, 0.163805261254, 0.126980528235, 0.130152121186, 0.0919278487563, 0.0681620165706, 0.116232529283, 0.256604254246, 0.18057821691, 0.259393036366, 0.133204966784, 0.0163729358464, 0.0171140488237, 0.041881185025, 0.0410971604288, 0.0277296677232, 0.0511218868196, 0.0600781217217, 0.0487922653556, 0.0749284178019, 0.0672472640872, 0.0682461410761, 0.131284609437, 0.116945974529, 0.0816708579659, 0.0417200811207]
        dvar: [0.00308049982414, 0.00210590427741, 0.0135626839474, 0.0288714151829, 0.0158347133547, 0.00850485265255, 0.00130164949223, 0.00129518739413, 0.00441656634212, 0.0165059473366, 0.0209472868592, 0.0360585525632, 0.0227221623063, 0.0211406722665, 0.0264378432184, 0.0164942126721, 0.0271199252456, 0.0457742623985, 0.0305913761258, 0.0507271625102, 0.0150360334665, 0.000590726383962, 0.000742612115573, 0.00715724006295, 0.00688453018665, 0.00152628228534, 0.0096986964345, 0.0120915137231, 0.00575687689707, 0.0207431297749, 0.0137701686472, 0.00297492789105, 0.019661532715, 0.0198750458658, 0.00782331079245, 0.00937752146274]
        dvar2: [0.00811729487032, 0.00573080498725, 0.0285899396986, 0.0608136430383, 0.0371024422348, 0.0212182421237, 0.00311816926114, 0.00364652834833, 0.0117318946868, 0.0458586551249, 0.0532985925674, 0.0838462635875, 0.0476611852646, 0.0467948168516, 0.0698553323746, 0.0439875535667, 0.0773210823536, 0.141387537122, 0.0704880133271, 0.147400543094, 0.0432805344462, 0.00164764421061, 0.00153525394853, 0.0116891125217, 0.012777203694, 0.00374180474319, 0.0283690951765, 0.0353052914143, 0.0166427139193, 0.0539287962019, 0.0330008529127, 0.00801618769765, 0.04756526649, 0.0408316887915, 0.0188630074263, 0.0277594327927]
        max: [0.634094178677, 0.495483994484, 1, 1, 1, 0.78161996603, 0.406134545803, 0.292113661766, 0.405224353075, 1, 1, 1, 1, 1, 1, 1, 1, 1, 1, 1, 0.803629100323, 0.17293728888, 0.260056853294, 1, 1, 0.425119698048, 0.885483086109, 0.910023927689, 0.565003812313, 1, 1, 0.389570087194, 1, 1, 0.845178663731, 1]
        mean: [0.00786855258048, 0.0254068672657, 0.202245205641, 0.343902051449, 0.189133107662, 0.0327445678413, 0.0116790961474, 0.00952744111419, 0.0338568016887, 0.0592421405017, 0.081765845418, 0.20176063478, 0.27352258563, 0.143851011992, 0.0392871946096, 0.0320425741374, 0.0470930822194, 0.272102236748, 0.561285853386, 0.399116039276, 0.0813383385539, 0.00623223464936, 0.0119543718174, 0.0567684099078, 0.0711879432201, 0.0309339445084, 0.0260574705899, 0.0353867076337, 0.0335104577243, 0.0646566525102, 0.0628197193146, 0.0533306896687, 0.199986845255, 0.259956806898, 0.109915226698, 0.0175463929772]
        min: [3.67894135707e-05, 5.49479846086e-05, 0.00242514093406, 0.00909234024584, 0.00619482481852, 7.18341980246e-05, 2.01803159143e-05, 5.36047809874e-05, 0.00021463741723, 0.000111897126772, 0.000110983484774, 8.21066932986e-05, 0.000104890277726, 0.000140002841363, 0.000129942927742, 0.000184973614523, 8.44433525344e-05, 0.000630790775176, 0.00139442400541, 0.00402892334387, 0.000161544565344, 2.86702161247e-05, 2.57733681792e-05, 8.94752301974e-05, 0.000102397651062, 0.000339913211064, 0.000418779236497, 0.000560953689273, 0.000542821304407, 5.94538432779e-05, 7.41123876651e-05, 0.00027820354444, 0.000210755271837, 0.00158315803856, 0.000924443476833, 6.99362717569e-05]
        var: [0.00212506600656, 0.00295092375018, 0.0563041307032, 0.100899145007, 0.0311206355691, 0.00750520359725, 0.00167369935662, 0.00083031214308, 0.0051211938262, 0.0197542123497, 0.0280171446502, 0.0898681804538, 0.109496228397, 0.0465540401638, 0.0165642667562, 0.0109618799761, 0.0182007197291, 0.0812366306782, 0.159426480532, 0.120343871415, 0.0187462829053, 0.000378088909201, 0.00124525662977, 0.0347922071815, 0.0402902215719, 0.00332268234342, 0.00543992500752, 0.00710343755782, 0.00468981871381, 0.0364141464233, 0.0287135299295, 0.00379092968069, 0.0714519992471, 0.109914965928, 0.024096313864, 0.00503779808059]
    chords_histogram: [41.2844047546, 0, 34.8623847961, 0, 0, 0, 0, 0, 0, 0, 0, 0, 0, 0, 0, 0, 0, 1.83486235142, 0, 10.0917434692, 0, 11.9266052246, 0, 0]
    thpcp: [1, 0.711074471474, 0.144914284348, 0.0111034950241, 0.0212981887162, 0.10113992542, 0.126830101013, 0.0551126375794, 0.0464245975018, 0.063045784831, 0.059703014791, 0.115193806589, 0.111921079457, 0.0950152054429, 0.356301248074, 0.463145136833, 0.195827543736, 0.0312610641122, 0.0140187973157, 0.0452654697001, 0.360324800014, 0.612703919411, 0.33696398139, 0.0583384893835, 0.0208077505231, 0.016974311322, 0.0603200681508, 0.105547182262, 0.145675942302, 0.359461456537, 0.487314224243, 0.256288319826, 0.0699949860573, 0.0570877976716, 0.0839021354914, 0.484783709049]
    chords_key: "G#"
    chords_scale: "major"
    key_key: "G#"
    key_scale: "major"
    chords_progression: ["G#m", "G#m", "G#m", "G#m", "D#m", "D#m", "D#m", "D#m", "D#m", "D#m", "D#m", "D#m", "D#m", "D#m", "D#m", "D#m", "D#", "D#m", "D#m", "D#m", "D#m", "D#m", "D#m", "D#m", "D#", "D#", "D#m", "D#m", "D#m", "A#m", "A#m", "A#m", "A#m", "A#m", "A#m", "A#m", "A#m", "A#m", "A#m", "A#m", "A#m", "A#m", "A#m", "A#m", "A#m", "A#m", "A#m", "A#m", "A#m", "A#m", "A#m", "A#m", "A#m", "A#m", "A#m", "G#", "G#", "G#", "G#", "G#", "G#", "G#", "G#", "G#", "G#", "G#", "G#", "G#", "G#", "G#", "G#", "G#", "G#", "G#", "G#", "G#", "G#", "G#", "G#", "G#", "G#", "G#", "G#", "G#", "G#", "G#", "G#", "G#", "G#", "G#", "G#", "G#", "G#", "G#", "G#", "G#", "G#", "G#", "G#", "G#", "G#", "G#", "G#", "G#", "G#", "G#", "G#", "G#", "G#", "G#", "G#", "G#", "G#", "G#", "G#", "G#", "G#", "G#", "G#", "G#", "G#", "G#", "G#", "G#", "G#", "G#", "G#", "G#", "G#", "G#", "G#", "G#", "G#", "G#", "G#", "G#", "G#", "G#", "G#", "G#", "G#", "G#", "G#", "G#", "G#", "D#", "D#", "D#", "D#", "D#", "D#", "D#", "D#", "D#", "D#", "D#", "D#", "D#", "D#", "D#", "D#", "D#", "D#", "D#", "D#", "D#", "D#", "D#", "D#", "D#", "D#", "D#", "D#", "D#", "D#", "D#", "D#", "D#", "D#", "D#", "D#", "D#", "D#", "D#", "D#", "D#", "D#", "D#", "D#", "D#", "D#", "D#", "D#", "D#", "D#", "D#", "D#", "D#", "D#", "D#", "D#", "D#", "D#", "D#", "D#", "D#", "D#", "D#", "D#", "D#", "D#", "D#", "D#", "D#", "D#", "D#", "D#", "D#"]
