
metadata:
    version:
        essentia: "1.2.2"
    audio_properties:
        analysis_sample_rate: 44100
        bitrate: 128
        channels: 2
        equal_loudness: 1
        length: 10.0310201645
        replay_gain: -1.06050682068
        downmix: "mix"
    tags:
        track: 6
        year: 0
        album: "Splitted by Mp3Splt v. 2.1"
        artist: "From 000.50 To 001.00"
        comment: "http://mp3splt.sf.net"
        genre: ""
        title: "14 Back to the Old House.mp3"

highlevel:
    ballroom:
        all:
            ChaChaCha: 0.0047807097435
            Jive: 0.0060731866397
            Quickstep: 0.00588055886328
            Rumba-American: 0.0217815544456
            Rumba-International: 0.307308137417
            Rumba-Misc: 0.216294422746
            Samba: 0.00495541328564
            Tango: 0.00709156831726
            VienneseWaltz: 0.204832717776
            Waltz: 0.221001714468
        probability: 0.307308137417
        value: "Rumba-International"
    culture:
        all:
            non_western: 0.0646907910705
            western: 0.935309231281
        probability: 0.935309231281
        value: "western"
    gender:
        all:
            female: 0.57421463728
            male: 0.425785332918
        probability: 0.57421463728
        value: "female"
    genre_dortmund:
        all:
            alternative: 0.177575215697
            blues: 0.0320286154747
            electronic: 0.0146015426144
            folkcountry: 0.487831801176
            funksoulrnb: 0.0192997660488
            jazz: 0.113839447498
            pop: 0.0998836159706
            raphiphop: 0.0016054782318
            rock: 0.0533345155418
        probability: 0.487831801176
        value: "folkcountry"
    genre_electronica:
        all:
            ambient: 0.812738656998
            dnb: 0.0277945175767
            house: 0.084982894361
            techno: 0.0218770429492
            trance: 0.0526068992913
        probability: 0.812738656998
        value: "ambient"
    genre_rosamerica:
        all:
            cla: 0.393738150597
            dan: 0.0225351173431
            hip: 0.00887658260763
            jaz: 0.104408964515
            pop: 0.166094228625
            rhy: 0.23621353507
            roc: 0.0604411177337
            spe: 0.00769230769947
        probability: 0.393738150597
        value: "cla"
    genre_tzanetakis:
        all:
            blu: 0.127575099468
            cla: 0.119694650173
            cou: 0.259046852589
            dis: 0.0435750856996
            hip: 0.0144583070651
            jaz: 0.0840993374586
            met: 0.0211701840162
            pop: 0.0715658962727
            reg: 0.0363926440477
            roc: 0.222421944141
        probability: 0.259046852589
        value: "cou"
    live_studio:
        all:
            live: 0.265594989061
            studio: 0.734405040741
        probability: 0.734405040741
        value: "studio"
    mood:
        all:
            Cluster1: 0.0562808215618
            Cluster2: 0.230276957154
            Cluster3: 0.649114370346
            Cluster4: 0.0484783016145
            Cluster5: 0.0158495474607
        probability: 0.649114370346
        value: "Cluster3"
    mood_acoustic:
        all:
            acoustic: 0.917440354824
            not_acoustic: 0.0825596451759
        probability: 0.917440354824
        value: "acoustic"
    mood_aggressive:
        all:
            aggressive: 0.00279680988751
            not_aggressive: 0.997203171253
        probability: 0.997203171253
        value: "not_aggressive"
    mood_electronic:
        all:
            electronic: 0.0622314549983
            not_electronic: 0.937768518925
        probability: 0.937768518925
        value: "not_electronic"
    mood_happy:
        all:
            happy: 0.124555543065
            not_happy: 0.875444471836
        probability: 0.875444471836
        value: "not_happy"
    mood_party:
        all:
            not_party: 0.973085463047
            party: 0.0269145239145
        probability: 0.973085463047
        value: "not_party"
    mood_relaxed:
        all:
            not_relaxed: 0.125204607844
            relaxed: 0.874795377254
        probability: 0.874795377254
        value: "relaxed"
    mood_sad:
        all:
            not_sad: 0.0978492721915
            sad: 0.90215075016
        probability: 0.90215075016
        value: "sad"
    rhythm:
        all:
            fast: 0.0331419594586
            medium: 0.26031973958
            slow: 0.706538319588
        probability: 0.706538319588
        value: "slow"
    speech_music:
        all:
            music: 0.999993026257
            speech: 6.97452378517e-06
        probability: 0.999993026257
        value: "music"
    timbre:
        all:
            bright: 0.826896250248
            dark: 0.173103764653
        probability: 0.826896250248
        value: "bright"
    voice_instrumental:
        all:
            instrumental: 0.996859073639
            voice: 0.00314093916677
        probability: 0.996859073639
        value: "instrumental"

lowlevel:
    average_loudness: 0.953324079514
    barkbands_kurtosis:
        dmean: 3.68546628952
        dmean2: 5.97745943069
        dvar: 67.9619445801
        dvar2: 192.152633667
        max: 125.840744019
        mean: 6.05726957321
        min: -1.69137990475
        var: 85.1836013794
    barkbands_skewness:
        dmean: 0.566436469555
        dmean2: 0.884443879128
        dvar: 0.390693366528
        dvar2: 1.03979635239
        max: 9.67260932922
        mean: 2.21878600121
        min: -0.74044084549
        var: 1.49612927437
    barkbands_spread:
        dmean: 4.02854204178
        dmean2: 6.36083602905
        dvar: 18.8074741364
        dvar2: 42.9446983337
        max: 47.3021850586
        mean: 17.4014358521
        min: 1.13923215866
        var: 83.3563232422
    dissonance:
        dmean: 0.0210597831756
        dmean2: 0.0350049361587
        dvar: 0.000355476251571
        dvar2: 0.000944232335314
        max: 0.494989037514
        mean: 0.434591382742
        min: 0.257347404957
        var: 0.00102999992669
    hfc:
        dmean: 0.6829251647
        dmean2: 0.922744452953
        dvar: 1.19857621193
        dvar2: 2.09352493286
        max: 16.7920303345
        mean: 2.87063956261
        min: 0.195464238524
        var: 5.46749925613
    pitch:
        dmean: 39.2776527405
        dmean2: 76.3913497925
        dvar: 4906.45751953
        dvar2: 12179.6621094
        max: 386.842102051
        mean: 236.543334961
        min: 68.055557251
        var: 9031.79199219
    pitch_instantaneous_confidence:
        dmean: 0.0762715488672
        dmean2: 0.119374491274
        dvar: 0.0055144787766
        dvar2: 0.0138822905719
        max: 0.923851728439
        mean: 0.60197532177
        min: 0.223678290844
        var: 0.0192432310432
    pitch_salience:
        dmean: 0.0601990632713
        dmean2: 0.0983795449138
        dvar: 0.00349607504904
        dvar2: 0.0085137784481
        max: 0.671786904335
        mean: 0.459552437067
        min: 0.145875126123
        var: 0.00936301890761
    silence_rate_20dB:
        dmean: 0
        dmean2: 0
        dvar: 0
        dvar2: 0
        max: 1
        mean: 1
        min: 1
        var: 0
    silence_rate_30dB:
        dmean: 0
        dmean2: 0
        dvar: 0
        dvar2: 0
        max: 1
        mean: 1
        min: 1
        var: 0
    silence_rate_60dB:
        dmean: 0.116009280086
        dmean2: 0.230232551694
        dvar: 0.102551206946
        dvar2: 0.209783807397
        max: 1
        mean: 0.328703701496
        min: 0
        var: 0.220657855272
    spectral_centroid:
        dmean: 134.376678467
        dmean2: 212.217147827
        dvar: 23642.2441406
        dvar2: 55807.1484375
        max: 1880.5715332
        mean: 654.341369629
        min: 194.649215698
        var: 100849.789062
    spectral_complexity:
        dmean: 1.42657339573
        dmean2: 2.24766349792
        dvar: 1.96488642693
        dvar2: 3.95267868042
        max: 16
        mean: 7.27906990051
        min: 1
        var: 9.21049308777
    spectral_crest:
        dmean: 2.28523921967
        dmean2: 3.70339393616
        dvar: 3.67882800102
        dvar2: 9.47297668457
        max: 22.2624015808
        mean: 13.0209026337
        min: 3.79424476624
        var: 15.0794248581
    spectral_decrease:
        dmean: 3.64916902251e-10
        dmean2: 5.73641800727e-10
        dvar: 2.00072320258e-19
        dvar2: 4.80858443147e-19
        max: -1.07467951205e-10
        mean: -1.13946396763e-09
        min: -7.48523643068e-09
        var: 5.42445245076e-19
    spectral_energy:
        dmean: 0.00142443389632
        dmean2: 0.00222494755872
        dvar: 3.0231681194e-06
        dvar2: 7.18601904737e-06
        max: 0.0289730541408
        mean: 0.00456097023562
        min: 0.0004233380605
        var: 8.45862814458e-06
    spectral_energyband_high:
        dmean: 4.52625827165e-05
        dmean2: 6.60900041112e-05
        dvar: 9.31324350972e-09
        dvar2: 1.77814527547e-08
        max: 0.00149419310037
        mean: 0.000105219718534
        min: 4.34952107753e-06
        var: 2.16561009125e-08
    spectral_energyband_low:
        dmean: 0.000112083660497
        dmean2: 0.000192544845049
        dvar: 3.66141250652e-08
        dvar2: 9.71093854218e-08
        max: 0.00172046583612
        mean: 0.000181898023584
        min: 3.61280217476e-06
        var: 6.88117864911e-08
    spectral_energyband_middle_high:
        dmean: 0.000165074961842
        dmean2: 0.000197740242584
        dvar: 7.10975598395e-08
        dvar2: 1.06488009521e-07
        max: 0.00605857232586
        mean: 0.000632370531093
        min: 3.66229469364e-05
        var: 4.4328083959e-07
    spectral_energyband_middle_low:
        dmean: 0.0012957022991
        dmean2: 0.00209190719761
        dvar: 2.80244921669e-06
        dvar2: 6.72305031912e-06
        max: 0.0282959826291
        mean: 0.00364146567881
        min: 0.00033306304249
        var: 7.45279476178e-06
    spectral_flatness_db:
        dmean: 0.0238111428916
        dmean2: 0.0385354496539
        dvar: 0.000495514366776
        dvar2: 0.00122621993069
        max: 0.400796532631
        mean: 0.220994248986
        min: 0.130404964089
        var: 0.00188872020226
    spectral_flux:
        dmean: 0.00919305346906
        dmean2: 0.0143612679094
        dvar: 0.000100413046312
        dvar2: 0.000238000648096
        max: 0.0933733731508
        mean: 0.0253234338015
        min: 0.00721932342276
        var: 0.00017701316392
    spectral_kurtosis:
        dmean: 2.25000786781
        dmean2: 3.67336583138
        dvar: 4.76908493042
        dvar2: 13.1298418045
        max: 22.1568584442
        mean: 6.35151433945
        min: 1.0710067749
        var: 10.8122034073
    spectral_rms:
        dmean: 0.000320615887176
        dmean2: 0.000507710094098
        dvar: 1.08969786083e-07
        dvar2: 2.71575316901e-07
        max: 0.00531661510468
        mean: 0.00202151364647
        min: 0.000642660656013
        var: 3.63212961929e-07
    spectral_rolloff:
        dmean: 385.288452148
        dmean2: 683.074829102
        dvar: 369630.1875
        dvar2: 884150.75
        max: 4823.4375
        mean: 1141.11096191
        min: 172.265625
        var: 853721.8125
    spectral_skewness:
        dmean: 0.250993907452
        dmean2: 0.408897429705
        dvar: 0.0589135475457
        dvar2: 0.143288612366
        max: 3.57056903839
        mean: 1.96937537193
        min: 1.07350099087
        var: 0.183102399111
    spectral_spread:
        dmean: 600170.375
        dmean2: 895585.1875
        dvar: 486661292032
        dvar2: 1.15939305062e+12
        max: 7375386
        mean: 4240720
        min: 2546210.25
        var: 1.1428438999e+12
    spectral_strongpeak:
        dmean: 0.167538031936
        dmean2: 0.288117617369
        dvar: 0.0937890559435
        dvar2: 0.23009853065
        max: 4.1501660347
        mean: 0.47073712945
        min: 0.0414186455309
        var: 0.223567441106
    zerocrossingrate:
        dmean: 0.00637383433059
        dmean2: 0.00779196480289
        dvar: 3.1394421967e-05
        dvar2: 3.74012124666e-05
        max: 0.10400390625
        mean: 0.0466876365244
        min: 0.01318359375
        var: 0.000368129258277
    barkbands:
        dmean: [8.54201189782e-08, 1.26835511765e-05, 0.000107048806967, 0.000552200130187, 0.00065945048118, 0.000299457838992, 3.45944899891e-05, 4.36091031588e-05, 4.95892418257e-05, 8.7224661911e-06, 7.85586598795e-06, 1.88229696505e-05, 5.27089941897e-05, 1.31300148496e-05, 5.03443843627e-05, 1.92153420357e-05, 1.87227797142e-05, 2.1998605007e-05, 4.1981726099e-05, 3.20617618854e-05, 2.44996317633e-05, 7.3376149885e-06, 1.4681080529e-06, 7.86784823958e-07, 3.50114504499e-07, 4.59893385596e-08, 2.33211699951e-10]
        dmean2: [1.05594061495e-07, 2.07080120163e-05, 0.000183944081073, 0.000959452183452, 0.00104377872776, 0.000467704172479, 6.01853171247e-05, 6.7453700467e-05, 6.33416057099e-05, 1.22284300232e-05, 1.14327167466e-05, 2.64992431767e-05, 7.43482960388e-05, 1.82597686944e-05, 4.82565592392e-05, 2.98564209515e-05, 2.54387141467e-05, 3.37801357091e-05, 6.16821271251e-05, 4.56801135442e-05, 3.77167743864e-05, 1.07486112029e-05, 2.22164044317e-06, 1.28974750169e-06, 5.39410962119e-07, 7.4218448276e-08, 3.81914999625e-10]
        dvar: [5.87240651072e-13, 6.64103827486e-10, 3.50306486041e-08, 9.54780261964e-07, 1.10557914468e-06, 2.59060840335e-07, 4.47490533517e-09, 3.00906926043e-08, 2.92052426687e-08, 4.29083907294e-10, 2.5304650042e-10, 9.67119717643e-10, 7.80248043952e-09, 5.45468448188e-10, 2.89130817066e-08, 8.86047069049e-10, 1.29215649292e-09, 1.53251078494e-09, 8.29374169342e-09, 3.95941457398e-09, 3.21365978273e-09, 3.69651587118e-10, 1.11802398936e-11, 5.32716275606e-12, 7.98927547382e-13, 1.63860912279e-14, 8.01855444124e-19]
        dvar2: [6.0113882188e-13, 1.58738955314e-09, 9.44962650351e-08, 2.83548001789e-06, 2.29898364523e-06, 5.83500650464e-07, 1.53056500807e-08, 7.23174409245e-08, 3.9527868978e-08, 7.58145268787e-10, 5.07475117484e-10, 1.67594371714e-09, 1.58122617222e-08, 1.22327825647e-09, 1.49786512083e-08, 2.06923900237e-09, 2.20789075911e-09, 3.35427019493e-09, 1.81437282976e-08, 8.15889400485e-09, 6.75156330843e-09, 8.0161483007e-10, 2.39796724144e-11, 1.47973838044e-11, 2.02957485887e-12, 4.17935339656e-14, 9.26887826217e-19]
        max: [1.57633221534e-05, 0.000269960524747, 0.00167015928309, 0.0095159849152, 0.0190057121217, 0.00838073622435, 0.000576421269216, 0.00286755757406, 0.00480552343652, 0.000408954394516, 0.000248746364377, 0.000535749888513, 0.00112227490172, 0.000364351144526, 0.00504437787458, 0.000353394716512, 0.000541203771718, 0.000767317076679, 0.00139822100755, 0.00109793769661, 0.000744632212445, 0.000249149976298, 3.73973889509e-05, 2.69923857559e-05, 1.00774786915e-05, 1.20718721064e-06, 1.77698886716e-08]
        mean: [8.91531541924e-08, 1.67700745806e-05, 0.000165061617736, 0.000831986195408, 0.0015764554264, 0.00087630917551, 9.17143697734e-05, 9.12673494895e-05, 0.000158505528816, 2.55661234405e-05, 1.6123867681e-05, 4.290475772e-05, 0.000148619787069, 3.40210681316e-05, 0.000133919835207, 3.79331795557e-05, 4.1912728193e-05, 5.47914605704e-05, 8.21576468297e-05, 6.51037989883e-05, 5.11876023666e-05, 1.41286291182e-05, 2.90359321298e-06, 9.48269757828e-07, 5.41863812487e-07, 5.65366384819e-08, 2.30053379124e-10]
        min: [1.07380007663e-10, 9.04094363818e-08, 2.16194757741e-06, 4.28641078543e-06, 8.10428628029e-06, 3.85956263926e-06, 2.44085526901e-07, 2.47201938919e-07, 2.60018623521e-07, 1.99351063657e-07, 1.86848900796e-08, 7.85445308793e-07, 8.06884486337e-07, 6.77824232298e-07, 1.15248553811e-06, 1.14663032491e-06, 1.99203171292e-07, 8.39015001475e-07, 1.51276117322e-06, 1.76480796199e-06, 1.51034737428e-06, 3.00795875319e-07, 3.5512680796e-08, 8.10454370281e-09, 5.21551690724e-09, 4.23419299622e-10, 4.94035388499e-14]
        var: [5.90160082262e-13, 8.32964308639e-10, 6.32626964148e-08, 1.70350529061e-06, 3.47462355421e-06, 7.6974924923e-07, 1.19021672518e-08, 8.31725301964e-08, 3.26543556639e-07, 3.13361114834e-09, 9.64681889926e-10, 4.70791716722e-09, 3.18158939194e-08, 3.05498470965e-09, 2.33139701322e-07, 1.74923964202e-09, 3.77981113076e-09, 8.88999629467e-09, 1.29187442965e-08, 8.57449578007e-09, 8.12542477746e-09, 6.74376721133e-10, 3.23772918198e-11, 4.10584543795e-12, 1.17087036681e-12, 1.71622021065e-14, 8.53260324797e-19]
    mfcc:
        mean: [-768.532470703, 135.896316528, -34.0696372986, 59.4958114624, -10.3039321899, 7.52256250381, -9.61347389221, -27.7683296204, -23.0414772034, -17.4111862183, -11.536324501, -10.4828147888, -6.92795562744]
        cov: [[1702.05859375, -721.327087402, 121.796455383, -198.69468689, -171.240234375, -183.148147583, -103.715560913, -7.59513235092, 36.5976486206, 93.9906539917, 112.152954102, -16.1917724609, -79.9472427368], [-721.327087402, 636.62677002, -74.2489776611, 45.0136795044, 1.40953242779, 42.0612487793, 74.234703064, 6.31822681427, -54.879360199, -54.6822357178, -61.7833251953, 38.1575546265, 9.99549293518], [121.796455383, -74.2489776611, 252.504119873, -42.7150650024, -3.21609520912, 28.8336048126, 38.680316925, 40.2305107117, -31.4997787476, 31.8955459595, 31.4046974182, 24.9123840332, -26.9398155212], [-198.69468689, 45.0136795044, -42.7150650024, 222.395462036, 39.4652633667, 76.4252243042, 7.04715490341, 32.3830986023, 20.4827766418, -17.4364376068, -15.0852861404, 16.1084804535, 41.4508399963], [-171.240234375, 1.40953242779, -3.21609520912, 39.4652633667, 144.107849121, 37.0781860352, 19.2606239319, 6.79415988922, 33.0268325806, -0.695884287357, -12.6270809174, 4.59638977051, 40.6872024536], [-183.148147583, 42.0612487793, 28.8336048126, 76.4252243042, 37.0781860352, 203.974716187, 23.4387340546, -3.11167931557, -16.4310054779, -20.4087810516, 5.38165998459, 9.20276165009, 54.4429321289], [-103.715560913, 74.234703064, 38.680316925, 7.04715490341, 19.2606239319, 23.4387340546, 120.483543396, 38.4771118164, -11.9117794037, -4.42930650711, 2.5681347847, 45.8927230835, -0.995692908764], [-7.59513235092, 6.31822681427, 40.2305107117, 32.3830986023, 6.79415988922, -3.11167931557, 38.4771118164, 140.409057617, 3.50711560249, 14.7832326889, 21.7868881226, 19.5772686005, -27.9447669983], [36.5976486206, -54.879360199, -31.4997787476, 20.4827766418, 33.0268325806, -16.4310054779, -11.9117794037, 3.50711560249, 84.5604324341, 5.78615045547, -4.04968833923, 3.76657652855, 7.32936143875], [93.9906539917, -54.6822357178, 31.8955459595, -17.4364376068, -0.695884287357, -20.4087810516, -4.42930650711, 14.7832326889, 5.78615045547, 83.9681549072, 33.0551528931, 8.16314697266, -28.5392532349], [112.152954102, -61.7833251953, 31.4046974182, -15.0852861404, -12.6270809174, 5.38165998459, 2.5681347847, 21.7868881226, -4.04968833923, 33.0551528931, 104.832000732, 21.1259860992, -25.1311149597], [-16.1917724609, 38.1575546265, 24.9123840332, 16.1084804535, 4.59638977051, 9.20276165009, 45.8927230835, 19.5772686005, 3.76657652855, 8.16314697266, 21.1259860992, 96.0148162842, 30.2645549774], [-79.9472427368, 9.99549293518, -26.9398155212, 41.4508399963, 40.6872024536, 54.4429321289, -0.995692908764, -27.9447669983, 7.32936143875, -28.5392532349, -25.1311149597, 30.2645549774, 130.35345459]]
        icov: [[0.00170330330729, 0.00175060459878, -0.000195895219804, 0.000669165921863, 0.00172827718779, 0.000621707062237, 0.000223923561862, -8.15567254904e-05, -0.000321513449308, -0.000200050140847, -0.000308769755065, -0.000570216274355, -0.000110593507998], [0.00175060459878, 0.00404255185276, 0.000828322488815, 0.000576121441554, 0.00153448863421, 0.000193719402887, -0.00061138253659, -0.000167793259607, 0.00142656441312, 0.000496620836202, 0.00107206567191, -0.00198999652639, 0.000848388765007], [-0.000195895219804, 0.000828322488815, 0.00570981483907, 0.00124884292018, -0.000681419798639, -0.00163054838777, -0.00091421167599, -0.00124510983005, 0.00238509709015, -0.00114788056817, 0.000572122458834, -0.00171864556614, 0.00134295283351], [0.000669165921863, 0.000576121441554, 0.00124884292018, 0.00662892265245, 7.37406371627e-05, -0.00225127115846, 0.000944826635532, -0.00220857723616, -0.00116796442308, 0.000146932667121, 0.000832761172205, -0.00134565704502, -0.000461787974928], [0.00172827718779, 0.00153448863421, -0.000681419798639, 7.37406371627e-05, 0.0111326538026, -0.000227046533837, -0.00202383426949, -0.000379657023586, -0.00437443889678, -0.00160862924531, -2.19930170715e-05, 0.00170298467856, -0.00320467865095], [0.000621707062237, 0.000193719402887, -0.00163054838777, -0.00225127115846, -0.000227046533837, 0.00761747546494, -0.00117184768897, 0.000917038065381, 0.0011669738451, 0.000852955039591, -0.00224296329543, 0.00177193165291, -0.00290032755584], [0.000223923561862, -0.00061138253659, -0.00091421167599, 0.000944826635532, -0.00202383426949, -0.00117184768897, 0.0130731090903, -0.00245754234493, 0.00147563556675, 0.00155145314056, 0.00123950326815, -0.00638774596155, 0.00236770976335], [-8.15567254904e-05, -0.000167793259607, -0.00124510983005, -0.00220857723616, -0.000379657023586, 0.000917038065381, -0.00245754234493, 0.00938621815294, -0.000606098561548, -0.000313559517963, -0.00133944663685, -0.00032202003058, 0.00191869493574], [-0.000321513449308, 0.00142656441312, 0.00238509709015, -0.00116796442308, -0.00437443889678, 0.0011669738451, 0.00147563556675, -0.000606098561548, 0.0163472890854, -0.000422448385507, 0.00144067266956, -0.00284242862836, 0.00124312040862], [-0.000200050140847, 0.000496620836202, -0.00114788056817, 0.000146932667121, -0.00160862924531, 0.000852955039591, 0.00155145314056, -0.000313559517963, -0.000422448385507, 0.0157711151987, -0.00315241399221, -0.00222652358934, 0.0030315828044], [-0.000308769755065, 0.00107206567191, 0.000572122458834, 0.000832761172205, -2.19930170715e-05, -0.00224296329543, 0.00123950326815, -0.00133944663685, 0.00144067266956, -0.00315241399221, 0.0135537050664, -0.00463842321187, 0.00316660478711], [-0.000570216274355, -0.00198999652639, -0.00171864556614, -0.00134565704502, 0.00170298467856, 0.00177193165291, -0.00638774596155, -0.00032202003058, -0.00284242862836, -0.00222652358934, -0.00463842321187, 0.0181617662311, -0.00695242080837], [-0.000110593507998, 0.000848388765007, 0.00134295283351, -0.000461787974928, -0.00320467865095, -0.00290032755584, 0.00236770976335, 0.00191869493574, 0.00124312040862, 0.0030315828044, 0.00316660478711, -0.00695242080837, 0.0134224714711]]
    spectral_contrast:
        mean: [6.18185936219e-07, -1.12375984074e-08, 5.03217414405e-08, 1.02941463354e-07, -1.50744298821e-07, -2.04916958069e-07, 3.19162069218e-07, 1.90880405171e-06, 8.85475515133e-07, 2.88763703793e-06, -5.61974775337e-06, -6.39599420538e-06]
        var: [0.000490238540806, 0.00128611922264, 0.00205978867598, 0.00229072198272, 0.00414773635566, 0.00853396486491, 0.0461656711996, 0.0970478579402, 0.118069991469, 0.237147942185, 0.348517805338, 1.20765995979]

rhythm:
    beats_loudness:
        dmean: 0.00325022032484
        dmean2: 0.00544783985242
        dvar: 1.30981006805e-05
        dvar2: 3.18455095112e-05
        max: 0.0178099442273
        mean: 0.00553922029212
        min: 0.00238116947003
        var: 1.15032371468e-05
    beats_loudness_bass:
        dmean: 0.168786376715
        dmean2: 0.318146646023
        dvar: 0.0170889385045
        dvar2: 0.0321484692395
        max: 0.543397784233
        mean: 0.166355192661
        min: 0.00401425501332
        var: 0.0270025581121
    bpm: 111.269477844
    bpm_confidence: 0
    first_peak_bpm: 112
    first_peak_spread: 0
    first_peak_weight: 0.941176533699
    onset_rate: 3.5888671875
    second_peak_bpm: 68
    second_peak_spread: 0
    second_peak_weight: 0.0588235296309
    beats_position: [0.0922935903072, 0.630134522915, 1.16797542572, 1.70581650734, 2.24365758896, 2.78149843216, 3.31933951378, 3.85718035698, 4.39502096176, 4.93286180496, 5.47070264816, 6.35456323624, 6.89540672302, 7.43624925613, 7.97709226608, 8.51793575287, 9.05877780914, 9.59962177277]
    bpm_estimates: [111.210960388, 111.571022034, 111.543785095, 110.77155304, 110.057228088, 112.08782959, 113.349899292, 111.313652039, 112.170204163, 110.915763855, 110.855499268, 111.015983582, 110.603286743, 110.994987488, 111.000984192, 110.959487915, 111.159057617]
    bpm_intervals: [0.53784096241, 0.537840902805, 0.537841081619, 0.537841081619, 0.537840843201, 0.537841081619, 0.537840843201, 0.537840604782, 0.537840843201, 0.537840843201, 0.883860588074, 0.540843486786, 0.540842533112, 0.540843009949, 0.540843486786, 0.540842056274, 0.540843963623]
    onset_times: [0.0580498874187, 0.371519267559, 0.626938760281, 0.870748281479, 1.14938771725, 1.42802715302, 1.69505667686, 2.22911572456, 3.09986400604, 3.23918366432, 3.33206343651, 3.59909296036, 3.86612248421, 4.13315200806, 4.42340135574, 4.69043064117, 4.96907043457, 5.25931978226, 5.70049905777, 5.79337882996, 6.04879808426, 6.28099775314, 6.35065746307, 6.60607719421, 6.79183673859, 7.1517457962, 7.44199562073, 7.72063493729, 7.94122457504, 8.23147392273, 8.51011371613, 8.78875255585, 9.05578231812, 9.34603214264, 9.61306095123, 9.86848068237]
    rubato_start: []
    rubato_stop: []
    perceptual_tempo: "unknown"

sfx:
    inharmonicity:
        dmean: 0.032897349447
        dmean2: 0.0592102780938
        dvar: 0.00374777289107
        dvar2: 0.0103179253638
        max: 0.472659498453
        mean: 0.0248260591179
        min: 2.47294592555e-05
        var: 0.00297690648586
    oddtoevenharmonicenergyratio:
        dmean: 14.3605690002
        dmean2: 28.2751045227
        dvar: 4756.76123047
        dvar2: 14175.4638672
        max: 696.289733887
        mean: 7.60701799393
        min: 5.77868122491e-05
        var: 2435.02539062
    pitch_after_max_to_before_max_energy_ratio: 0.227832719684
    pitch_centroid: 215.136535645
    pitch_max_to_total: 0.848837196827
    pitch_min_to_total: 0.776744186878
    tristimulus:
        dmean: [0.232474982738, 0.228811502457, 0.0546831339598]
        dmean2: [0.419398546219, 0.412635743618, 0.0981136113405]
        dvar: [0.0618074797094, 0.0570779554546, 0.00360059295781]
        dvar2: [0.162937492132, 0.14988720417, 0.0104853408411]
        max: [0.988823831081, 0.995050907135, 0.41305398941]
        mean: [0.564397513866, 0.364703655243, 0.0499598272145]
        min: [0.000741227006074, 0, 0]
        var: [0.0776770189404, 0.0715066343546, 0.00339502142742]

tonal:
    chords_changes_rate: 0.0324074067175
    chords_number_rate: 0.0231481473893
    chords_strength:
        dmean: 0.00953781139106
        dmean2: 0.00541804824024
        dvar: 6.00665080128e-05
        dvar2: 4.28466410085e-05
        max: 0.648722231388
        mean: 0.485696792603
        min: 0.294337689877
        var: 0.00521192047745
    key_strength: 0.665800571442
    tuning_diatonic_strength: 0.525312900543
    tuning_equal_tempered_deviation: 0.0429028682411
    tuning_frequency: 456.04309082
    tuning_nontempered_energy_ratio: 0.635749816895
    hpcp:
        dmean: [0.074138276279, 0.0383367091417, 0.0325581915677, 0.0353297330439, 0.0209071096033, 0.0814727395773, 0.0945743992925, 0.0903930515051, 0.0225996021181, 0.0237568598241, 0.0727334544063, 0.117918945849, 0.115455113351, 0.0887153372169, 0.041075900197, 0.0284182690084, 0.0159056503326, 0.0374221615493, 0.0592537596822, 0.0610840171576, 0.106183148921, 0.138784602284, 0.123270109296, 0.0354111865163, 0.0378568209708, 0.0681832805276, 0.106354288757, 0.105162680149, 0.0979980230331, 0.0668755471706, 0.0450979098678, 0.0322498604655, 0.0245689917356, 0.0365166738629, 0.0432076975703, 0.0808746814728]
        dmean2: [0.125298991799, 0.0619149394333, 0.0517688393593, 0.0554302223027, 0.0367324315012, 0.132203087211, 0.160025164485, 0.154429599643, 0.0401140376925, 0.0431174524128, 0.124481752515, 0.190255999565, 0.187423095107, 0.151391550899, 0.070153132081, 0.0449390336871, 0.0245537217706, 0.0636854767799, 0.10667155683, 0.109061069787, 0.17245426774, 0.234953984618, 0.202019169927, 0.0587688684464, 0.071352571249, 0.126872763038, 0.184423938394, 0.17871966958, 0.16229917109, 0.105219990015, 0.0641342923045, 0.0531466118991, 0.0429284386337, 0.0638939887285, 0.0737928748131, 0.136923462152]
        dvar: [0.0249929893762, 0.00458785612136, 0.0107305701822, 0.0135212698951, 0.00195789639838, 0.0210846494883, 0.0371056459844, 0.0232778135687, 0.00155576097313, 0.00344396615401, 0.016532599926, 0.03156157583, 0.0332569330931, 0.0194978602231, 0.0057796984911, 0.00778171606362, 0.00143400859088, 0.00899515859783, 0.0255787987262, 0.0185895394534, 0.0203997697681, 0.0445550605655, 0.0315925814211, 0.00526413042098, 0.0189822949469, 0.0286738499999, 0.0313611254096, 0.0379303172231, 0.0228419173509, 0.0207283701748, 0.0148761020973, 0.00801663193852, 0.00242884620093, 0.00532019510865, 0.00670435046777, 0.0242944117635]
        dvar2: [0.0477205552161, 0.0105001870543, 0.0213645268232, 0.0265114419162, 0.00457879435271, 0.0511474087834, 0.080964513123, 0.0695869103074, 0.00494023645297, 0.0101500106975, 0.0435206331313, 0.0683449059725, 0.0799684002995, 0.0517204999924, 0.0125326383859, 0.0140053732321, 0.00247084069997, 0.0235876906663, 0.0694833621383, 0.0539858825505, 0.045063059777, 0.0916686728597, 0.0702112913132, 0.0125655168667, 0.0558652207255, 0.0833347290754, 0.0824058651924, 0.0820050910115, 0.0600435994565, 0.0462119281292, 0.0205033048987, 0.0195626635104, 0.0070344354026, 0.015152211301, 0.0174921099097, 0.0598266683519]
        max: [1, 0.501311779022, 0.900723457336, 1, 0.335067361593, 0.885116219521, 1, 1, 0.261520564556, 0.526683270931, 1, 1, 1, 1, 0.865066468716, 1, 0.47472769022, 0.769740223885, 1, 1, 1, 1, 1, 0.748412787914, 1, 1, 1, 1, 1, 1, 1, 1, 0.302783071995, 0.561608850956, 0.5948792696, 1]
        mean: [0.129444271326, 0.0541671477258, 0.0533291660249, 0.0553334541619, 0.0240751169622, 0.137325674295, 0.251120626926, 0.141041502357, 0.0256762634963, 0.0205986239016, 0.0729999467731, 0.224210366607, 0.259466856718, 0.117265291512, 0.0639296919107, 0.0657090470195, 0.0303104743361, 0.0652329847217, 0.100638061762, 0.0706730484962, 0.248013004661, 0.428330242634, 0.231946632266, 0.0324920006096, 0.0243702754378, 0.0427775122225, 0.174902886152, 0.287273049355, 0.163668066263, 0.0870359838009, 0.10363163799, 0.0477744601667, 0.0269793067127, 0.0412010699511, 0.0454359129071, 0.111496604979]
        min: [0.000841924746055, 0.00100890069734, 0.00044491328299, 0.000202099879971, 8.47045666887e-05, 0.00034682021942, 0.00022648673621, 0.000530776218511, 0.000277867889963, 0.00019390739908, 0.00027029341436, 0.000316259684041, 0.000197898465558, 0.000624104170129, 0.000268514791969, 0.000302467582515, 0.000193305808352, 0.000339795515174, 0.000203012779821, 0.000171338455402, 0.00121183332521, 0.00240629189648, 0.000136056260089, 7.73879000917e-05, 0.000116305789561, 8.59045758261e-05, 0.000362266320735, 0.000662583159283, 0.00053777807625, 0.000217466833419, 0.000175770794158, 0.000177545487531, 0.000541080953553, 0.000598019280005, 0.000653661438264, 0.000859885942191]
        var: [0.06014123559, 0.00800620950758, 0.0219422373921, 0.0270433090627, 0.00248243683018, 0.0469564050436, 0.137254863977, 0.0442741960287, 0.00165786966681, 0.00226319651119, 0.0175983794034, 0.0890372917056, 0.115273393691, 0.0320371128619, 0.0179608874023, 0.0329987332225, 0.00533002382144, 0.0184647161514, 0.052042029798, 0.0190797243267, 0.0742929503322, 0.165249601007, 0.0659279897809, 0.00705990148708, 0.0102782500908, 0.0169403832406, 0.0599527657032, 0.142931982875, 0.0481491312385, 0.0354639142752, 0.0629187226295, 0.0145403435454, 0.00175868021324, 0.00432075792924, 0.00632980559021, 0.0404169373214]
    chords_histogram: [0, 0, 12.0370368958, 0, 18.9814815521, 0, 0, 0, 0, 0, 0, 0, 0, 0, 0, 0, 0, 31.0185184479, 0, 0, 0, 5.55555534363, 32.4074058533, 0]
    thpcp: [1, 0.541513562202, 0.0758573561907, 0.05689599365, 0.0998703986406, 0.408336520195, 0.670681238174, 0.382107198238, 0.203198313713, 0.241943314672, 0.111536510289, 0.0629871636629, 0.0961899608374, 0.106076829135, 0.260305225849, 0.30220669508, 0.126461178064, 0.12450478971, 0.129184097052, 0.0562069043517, 0.32060700655, 0.58627808094, 0.329282134771, 0.0599450170994, 0.0480905212462, 0.170429125428, 0.523452103138, 0.605763554573, 0.27377307415, 0.149253278971, 0.15340743959, 0.0707642659545, 0.15229600668, 0.234954372048, 0.164996638894, 0.579022884369]
    chords_key: "A"
    chords_scale: "major"
    key_key: "E"
    key_scale: "major"
    chords_progression: ["A", "A", "A", "A", "A", "A", "A", "A", "A", "A", "A", "A", "A", "A", "A", "A", "A", "A", "A", "A", "A", "A", "A", "A", "A", "A", "A", "A", "A", "F#m", "B", "B", "B", "B", "B", "B", "B", "B", "B", "B", "B", "B", "B", "B", "B", "B", "B", "B", "B", "B", "B", "B", "B", "B", "B", "B", "F#", "F#", "F#", "F#", "F#", "F#", "F#", "F#", "F#m", "F#m", "F#m", "F#m", "F#m", "F#m", "F#m", "F#m", "F#m", "F#m", "F#m", "A", "A", "A", "A", "A", "A", "A", "A", "A", "A", "A", "A", "A", "A", "A", "A", "A", "A", "A", "A", "A", "A", "A", "A", "A", "A", "A", "A", "A", "A", "A", "A", "A", "A", "A", "A", "A", "A", "A", "A", "A", "Em", "Em", "Em", "Em", "Em", "Em", "Em", "Em", "Em", "Em", "Em", "Em", "Em", "Em", "Em", "Em", "Em", "Em", "Em", "Em", "Em", "Em", "Em", "Em", "Em", "Em", "Em", "Em", "Em", "Em", "Em", "Em", "Em", "Em", "Em", "Em", "Em", "Em", "Em", "Em", "Em", "Em", "Em", "Em", "Em", "Em", "Em", "Em", "Em", "Em", "Em", "Em", "Em", "Em", "Em", "Em", "Em", "Em", "Em", "Em", "Em", "Em", "Em", "Em", "Em", "Em", "Em", "F#", "F#", "F#", "F#", "F#", "F#", "F#", "F#", "F#", "F#", "F#", "F#", "F#", "F#", "F#", "F#", "F#", "F#", "F#", "F#", "F#", "F#", "F#", "F#", "F#", "F#", "F#", "F#", "F#", "F#", "F#", "F#", "F#"]
