
metadata:
    version:
        essentia: "1.2.2"
    audio_properties:
        analysis_sample_rate: 44100
        bitrate: 128
        channels: 2
        equal_loudness: 1
        length: 10.0310201645
        replay_gain: -11.6736850739
        downmix: "mix"
    tags:
        track: 11
        year: 0
        album: "Splitted by Mp3Splt v. 2.1"
        artist: "From 001.40 To 001.50"
        comment: "http://mp3splt.sf.net"
        genre: ""
        title: "08 Closer.mp3"

highlevel:
    ballroom:
        all:
            ChaChaCha: 0.321952074766
            Jive: 0.233928054571
            Quickstep: 0.0397026091814
            Rumba-American: 0.00159469549544
            Rumba-International: 0.0028013472911
            Rumba-Misc: 0.00208514020778
            Samba: 0.39394518733
            Tango: 0.0015747876605
            VienneseWaltz: 0.00124323868658
            Waltz: 0.0011728660902
        probability: 0.39394518733
        value: "Samba"
    culture:
        all:
            non_western: 0.123553499579
            western: 0.876446485519
        probability: 0.876446485519
        value: "western"
    gender:
        all:
            female: 0.483833730221
            male: 0.516166269779
        probability: 0.516166269779
        value: "male"
    genre_dortmund:
        all:
            alternative: 0.0074714710936
            blues: 0.00885341130197
            electronic: 0.132629454136
            folkcountry: 0.00437997747213
            funksoulrnb: 0.0139138503
            jazz: 0.0333556570113
            pop: 0.0285699870437
            raphiphop: 0.723257064819
            rock: 0.0475691147149
        probability: 0.723257064819
        value: "raphiphop"
    genre_electronica:
        all:
            ambient: 0.246791601181
            dnb: 0.394281119108
            house: 0.166274890304
            techno: 0.0912170559168
            trance: 0.10143532604
        probability: 0.394281119108
        value: "dnb"
    genre_rosamerica:
        all:
            cla: 0.00834604073316
            dan: 0.376281648874
            hip: 0.478210270405
            jaz: 0.0111653534696
            pop: 0.00898045580834
            rhy: 0.104660816491
            roc: 0.00739382719621
            spe: 0.00496160145849
        probability: 0.478210270405
        value: "hip"
    genre_tzanetakis:
        all:
            blu: 0.00400402536616
            cla: 0.00381691893563
            cou: 0.0036492375657
            dis: 0.0724332407117
            hip: 0.141218841076
            jaz: 0.00990109331906
            met: 0.0144344745204
            pop: 0.489402145147
            reg: 0.235284864902
            roc: 0.0258551556617
        probability: 0.489402145147
        value: "pop"
    live_studio:
        all:
            live: 0.0361887775362
            studio: 0.963811218739
        probability: 0.963811218739
        value: "studio"
    mood:
        all:
            Cluster1: 0.355458021164
            Cluster2: 0.188841566443
            Cluster3: 0.0452919080853
            Cluster4: 0.0885675773025
            Cluster5: 0.321840941906
        probability: 0.355458021164
        value: "Cluster1"
    mood_acoustic:
        all:
            acoustic: 0.023262873292
            not_acoustic: 0.976737141609
        probability: 0.976737141609
        value: "not_acoustic"
    mood_aggressive:
        all:
            aggressive: 0.309020280838
            not_aggressive: 0.690979719162
        probability: 0.690979719162
        value: "not_aggressive"
    mood_electronic:
        all:
            electronic: 0.968097269535
            not_electronic: 0.0319027490914
        probability: 0.968097269535
        value: "electronic"
    mood_happy:
        all:
            happy: 0.174733221531
            not_happy: 0.825266778469
        probability: 0.825266778469
        value: "not_happy"
    mood_party:
        all:
            not_party: 0.0977199301124
            party: 0.902280092239
        probability: 0.902280092239
        value: "party"
    mood_relaxed:
        all:
            not_relaxed: 0.6587870121
            relaxed: 0.3412129879
        probability: 0.6587870121
        value: "not_relaxed"
    mood_sad:
        all:
            not_sad: 0.929867684841
            sad: 0.0701322928071
        probability: 0.929867684841
        value: "not_sad"
    rhythm:
        all:
            fast: 0.758707761765
            medium: 0.225381344557
            slow: 0.0159108713269
        probability: 0.758707761765
        value: "fast"
    speech_music:
        all:
            music: 0.99015635252
            speech: 0.00984365399927
        probability: 0.99015635252
        value: "music"
    timbre:
        all:
            bright: 0.272020995617
            dark: 0.727979004383
        probability: 0.727979004383
        value: "dark"
    voice_instrumental:
        all:
            instrumental: 0.0503052175045
            voice: 0.949694752693
        probability: 0.949694752693
        value: "voice"

lowlevel:
    average_loudness: 0.971679091454
    barkbands_kurtosis:
        dmean: 2.92426776886
        dmean2: 4.65014696121
        dvar: 13.9896593094
        dvar2: 31.3964576721
        max: 31.560218811
        mean: 1.93343901634
        min: -1.89209854603
        var: 24.1054782867
    barkbands_skewness:
        dmean: 0.887207090855
        dmean2: 1.27675926685
        dvar: 0.709872543812
        dvar2: 1.43516778946
        max: 4.89285707474
        mean: 0.694518506527
        min: -3.39046430588
        var: 2.2019701004
    barkbands_spread:
        dmean: 12.5238580704
        dmean2: 19.7586669922
        dvar: 134.905075073
        dvar2: 317.607421875
        max: 83.6649398804
        mean: 33.9370384216
        min: 2.03469896317
        var: 283.313812256
    dissonance:
        dmean: 0.0230795294046
        dmean2: 0.0359028801322
        dvar: 0.000609024369624
        dvar2: 0.00143384723924
        max: 0.498714745045
        mean: 0.460423260927
        min: 0.293669462204
        var: 0.00136776047293
    hfc:
        dmean: 5.49187278748
        dmean2: 8.48335552216
        dvar: 98.4899291992
        dvar2: 228.510452271
        max: 67.4534606934
        mean: 5.42694616318
        min: 6.44470537736e-06
        var: 106.954750061
    pitch:
        dmean: 1087.83581543
        dmean2: 2109.36523438
        dvar: 2657823.75
        dvar2: 5511768.5
        max: 4900
        mean: 1960.52575684
        min: 78.4697494507
        var: 3601863
    pitch_instantaneous_confidence:
        dmean: 0.113910898566
        dmean2: 0.179129049182
        dvar: 0.0103554781526
        dvar2: 0.0238805711269
        max: 0.895828425884
        mean: 0.419868826866
        min: 0.152961909771
        var: 0.0311523322016
    pitch_salience:
        dmean: 0.088999196887
        dmean2: 0.144124761224
        dvar: 0.00656116660684
        dvar2: 0.0171548482031
        max: 0.96637827158
        mean: 0.605131030083
        min: 0.294108062983
        var: 0.0131295379251
    silence_rate_20dB:
        dmean: 0
        dmean2: 0
        dvar: 0
        dvar2: 0
        max: 1
        mean: 1
        min: 1
        var: 0
    silence_rate_30dB:
        dmean: 0
        dmean2: 0
        dvar: 0
        dvar2: 0
        max: 1
        mean: 1
        min: 1
        var: 0
    silence_rate_60dB:
        dmean: 0.166666671634
        dmean2: 0.334106743336
        dvar: 0.138889223337
        dvar2: 0.236399710178
        max: 1
        mean: 0.764434158802
        min: 0
        var: 0.18007427454
    spectral_centroid:
        dmean: 601.089050293
        dmean2: 894.043884277
        dvar: 374202.46875
        dvar2: 726571.6875
        max: 5130.8125
        mean: 1644.03979492
        min: 194.659500122
        var: 1077481
    spectral_complexity:
        dmean: 5.41995382309
        dmean2: 8.08139514923
        dvar: 75.6633300781
        dvar2: 152.61882019
        max: 51
        mean: 6.99074077606
        min: 0
        var: 108.430618286
    spectral_crest:
        dmean: 3.14432168007
        dmean2: 5.13027000427
        dvar: 8.39759635925
        dvar2: 20.8739204407
        max: 21.3084888458
        mean: 8.89917469025
        min: 2.42606282234
        var: 18.2115459442
    spectral_decrease:
        dmean: 4.30094820869e-10
        dmean2: 6.72667588297e-10
        dvar: 4.8614459255e-19
        dvar2: 1.16125900963e-18
        max: -3.63809677041e-16
        mean: -4.92754115289e-10
        min: -4.21804102757e-09
        var: 5.19472164719e-19
    spectral_energy:
        dmean: 0.00209877407178
        dmean2: 0.00328191765584
        dvar: 1.22593301057e-05
        dvar2: 2.89267045446e-05
        max: 0.0220380835235
        mean: 0.00235200650059
        min: 1.95765559319e-09
        var: 1.31526885525e-05
    spectral_energyband_high:
        dmean: 0.000526536488906
        dmean2: 0.000809796736576
        dvar: 7.44620649584e-07
        dvar2: 1.73002467818e-06
        max: 0.00539030181244
        mean: 0.000496116292197
        min: 6.746389003e-10
        var: 8.39272274789e-07
    spectral_energyband_low:
        dmean: 0.000248531578109
        dmean2: 0.000413441332057
        dvar: 3.47248516164e-07
        dvar2: 9.0635143124e-07
        max: 0.00407254882157
        mean: 0.000234813211136
        min: 1.08231340556e-10
        var: 2.77468757304e-07
    spectral_energyband_middle_high:
        dmean: 0.00102560780942
        dmean2: 0.00161321798805
        dvar: 4.32464639744e-06
        dvar2: 1.05244598672e-05
        max: 0.014708458446
        mean: 0.000994202215225
        min: 8.38947578075e-10
        var: 4.22348011853e-06
    spectral_energyband_middle_low:
        dmean: 0.000478372414364
        dmean2: 0.000776455621235
        dvar: 5.90947820456e-07
        dvar2: 1.48319725213e-06
        max: 0.00555341737345
        mean: 0.000626868510153
        min: 3.15231757364e-10
        var: 6.42183238142e-07
    spectral_flatness_db:
        dmean: 0.0254767816514
        dmean2: 0.0384384468198
        dvar: 0.000409349013353
        dvar2: 0.000933667994104
        max: 0.293058305979
        mean: 0.146207541227
        min: 0.0705301463604
        var: 0.00133446033578
    spectral_flux:
        dmean: 0.0152257988229
        dmean2: 0.0211594365537
        dvar: 0.000410755601479
        dvar2: 0.00083223573165
        max: 0.132932722569
        mean: 0.0313183180988
        min: 4.42454002041e-05
        var: 0.000732653134037
    spectral_kurtosis:
        dmean: 0.990934371948
        dmean2: 1.45973360538
        dvar: 1.5013153553
        dvar2: 3.1095225811
        max: 17.1992969513
        mean: 1.78505778313
        min: -1.06989943981
        var: 3.72509431839
    spectral_rms:
        dmean: 0.000541545159649
        dmean2: 0.000760607537813
        dvar: 4.77843286717e-07
        dvar2: 1.02226431409e-06
        max: 0.00463687069714
        mean: 0.00122713844758
        min: 1.38199425237e-06
        var: 7.88772467786e-07
    spectral_rolloff:
        dmean: 1120.57519531
        dmean2: 1880.29956055
        dvar: 1806958.875
        dvar2: 3882174.5
        max: 7321.2890625
        mean: 2968.74121094
        min: 172.265625
        var: 3433442.75
    spectral_skewness:
        dmean: 0.271161437035
        dmean2: 0.394408673048
        dvar: 0.0808215141296
        dvar2: 0.178334712982
        max: 3.41636252403
        mean: 1.14481031895
        min: -0.137312203646
        var: 0.206208601594
    spectral_spread:
        dmean: 1382633.25
        dmean2: 1897140.75
        dvar: 2.5873505321e+12
        dvar2: 4.49179916698e+12
        max: 25552188
        mean: 7526650
        min: 2616029.75
        var: 6.15898519962e+12
    spectral_strongpeak:
        dmean: 0.256330400705
        dmean2: 0.455180346966
        dvar: 0.262267053127
        dvar2: 0.75188678503
        max: 3.3624253273
        mean: 0.281826257706
        min: 3.56538403139e-05
        var: 0.198419094086
    zerocrossingrate:
        dmean: 0.020693609491
        dmean2: 0.0226278621703
        dvar: 0.000332215829985
        dvar2: 0.000421110831667
        max: 0.234375
        mean: 0.0961292386055
        min: 0.0234375
        var: 0.00187787553295
    barkbands:
        dmean: [7.11618895366e-07, 0.000131132459501, 0.000137550829095, 7.98506443971e-05, 0.00018370244652, 8.47379342304e-05, 0.000177991416422, 3.87263498851e-05, 1.54970675794e-05, 4.72825340694e-05, 2.43100566877e-05, 1.7995487724e-05, 1.98488451133e-05, 3.91755820601e-05, 4.44529068773e-05, 7.97066240921e-05, 0.000240456720348, 0.000210848433198, 0.000272479344858, 0.000276439939626, 0.00024243153166, 8.0186087871e-05, 2.43698759732e-05, 1.22516166812e-05, 4.47943693871e-06, 1.76701874466e-07, 7.23961723903e-10]
        dmean2: [9.56843791755e-07, 0.000213807506952, 0.000250994315138, 0.000146626538481, 0.000310546893161, 0.000142180913826, 0.000323335989378, 6.39272548142e-05, 2.59451935563e-05, 7.0389432949e-05, 4.10136453866e-05, 2.85129444819e-05, 3.42314342561e-05, 6.67063286528e-05, 7.34645000193e-05, 0.000135186273837, 0.000411709275795, 0.000334494514391, 0.000419258896727, 0.00044496593182, 0.000375426752726, 0.000117909898108, 3.45346379618e-05, 1.82197909453e-05, 6.45144018563e-06, 2.72193091178e-07, 1.17996912241e-09]
        dvar: [3.29532668514e-12, 1.00333060971e-07, 1.33765283294e-07, 6.26469187637e-08, 9.1463022045e-08, 2.39417410342e-08, 1.81564516311e-07, 5.12212228188e-09, 7.24846627165e-10, 9.03680685838e-09, 2.10282857793e-09, 1.63635094363e-09, 1.62044877516e-09, 8.13405165445e-09, 1.01215986703e-08, 3.22577236034e-08, 3.23746206732e-07, 3.14241816568e-07, 2.83166542658e-07, 2.51554524766e-07, 1.51213768618e-07, 1.74031384859e-08, 1.38704892017e-09, 4.46844145019e-10, 4.10328576672e-11, 5.65383684152e-14, 9.47981407466e-18]
        dvar2: [6.26791283806e-12, 2.4797026299e-07, 3.83065895448e-07, 1.79985747195e-07, 2.38447711354e-07, 5.69440210541e-08, 5.04449758409e-07, 1.29230697254e-08, 1.75373204847e-09, 1.80251724657e-08, 5.56897372661e-09, 3.5201688231e-09, 4.20794465938e-09, 2.15624655908e-08, 2.64512962644e-08, 8.36443234675e-08, 8.74373199622e-07, 7.92335015376e-07, 6.65332777317e-07, 6.30831436865e-07, 3.57084104508e-07, 3.04250100669e-08, 2.85054957416e-09, 1.00022357064e-09, 8.12489034385e-11, 1.21215700238e-13, 1.19259228036e-17]
        max: [1.35508535095e-05, 0.00234405416995, 0.00229825079441, 0.00206229812466, 0.00196714070626, 0.00102683180012, 0.00345021509565, 0.000544151873328, 0.000301149470033, 0.00153682718519, 0.000293125922326, 0.000646113534458, 0.000250521348789, 0.00108648918103, 0.000701416982338, 0.00110458396375, 0.0038609970361, 0.00457896944135, 0.00336237042211, 0.00363789964467, 0.00212044990622, 0.000895505072549, 0.00023924584093, 0.000129283260321, 4.10851243942e-05, 1.6115852759e-06, 5.98886700232e-08]
        mean: [8.65788365445e-07, 0.000130910790176, 0.000103044927528, 6.27080007689e-05, 0.000234997205553, 8.40869251988e-05, 0.000147201222717, 5.92483302171e-05, 2.15083728108e-05, 7.21960750525e-05, 2.41649267991e-05, 2.39294859057e-05, 1.77239016921e-05, 3.95898423449e-05, 3.7643880205e-05, 6.34664029349e-05, 0.000179363196366, 0.000197653178475, 0.000249255594099, 0.000247318879701, 0.000224606133997, 8.71369702509e-05, 2.63382826233e-05, 1.19873302538e-05, 4.874291335e-06, 1.88275336654e-07, 6.01632799135e-10]
        min: [9.72919141085e-12, 5.38677748241e-11, 3.7501883543e-11, 3.62797326903e-11, 8.34425445406e-11, 7.88292417453e-11, 5.97275215397e-11, 3.37829694774e-11, 2.14785359637e-11, 5.78126132036e-12, 2.30887547579e-13, 1.36050090464e-12, 8.82824737793e-13, 3.72261385129e-13, 4.0938251053e-12, 3.52641423007e-11, 1.33095395816e-10, 3.49397039079e-10, 1.79356890451e-10, 2.35163749585e-10, 4.06346678528e-10, 9.56520626594e-11, 1.08263415594e-11, 1.1804435901e-11, 2.59534893576e-11, 1.01919974196e-11, 5.41915796091e-13]
        var: [4.51254788744e-12, 8.79198225334e-08, 8.4088888741e-08, 3.63080090438e-08, 9.52979988256e-08, 2.4024027212e-08, 1.23354439552e-07, 1.0440594167e-08, 1.4127222725e-09, 3.24516626904e-08, 2.05239292228e-09, 3.46778161742e-09, 1.37183264748e-09, 7.43026129513e-09, 8.20707324323e-09, 2.58578936041e-08, 2.37277433257e-07, 2.63482945684e-07, 2.98639264429e-07, 2.38623158566e-07, 1.69730597577e-07, 2.67070170423e-08, 2.16860795987e-09, 5.37243416421e-10, 6.43933378841e-11, 7.79180525982e-14, 9.08445565626e-18]
    mfcc:
        mean: [-784.533081055, 75.8986129761, -4.07504463196, 57.3255958557, -12.6636695862, -1.20082390308, -3.19239473343, -6.38496160507, -3.88894057274, -3.19409012794, -2.15448117256, -1.44849324226, -4.06679487228]
        cov: [[9720.046875, -1648.83557129, -1720.14758301, -477.340240479, -523.205871582, -246.68119812, -415.214324951, -86.2795639038, -314.456787109, -344.286224365, -430.750823975, -193.273376465, -105.339103699], [-1648.83557129, 1367.14050293, 70.1383209229, -198.329605103, -123.98210144, -20.2475910187, 115.044136047, -67.3060913086, -36.834602356, 141.172531128, 109.512992859, 57.7130661011, -52.399684906], [-1720.14758301, 70.1383209229, 1018.86126709, 358.621307373, 282.126403809, 207.267944336, 182.645065308, 75.0819473267, 94.3605041504, 107.627952576, 158.871856689, 103.189109802, 53.217540741], [-477.340240479, -198.329605103, 358.621307373, 433.425750732, 250.605911255, 103.153076172, 52.5220947266, 78.2977828979, 111.760231018, 40.8181037903, 42.6376876831, 55.8669013977, 80.7899169922], [-523.205871582, -123.98210144, 282.126403809, 250.605911255, 307.761383057, 147.2421875, 77.0486068726, 47.8109970093, 75.1231079102, 35.9990539551, 49.11460495, 40.0224914551, 74.5520782471], [-246.68119812, -20.2475910187, 207.267944336, 103.153076172, 147.2421875, 221.937286377, 120.751922607, 47.911441803, 57.2917633057, 63.6710510254, 57.0810661316, 37.6774635315, 23.1643352509], [-415.214324951, 115.044136047, 182.645065308, 52.5220947266, 77.0486068726, 120.751922607, 154.911209106, 53.8994064331, 36.743637085, 54.951133728, 45.371887207, 21.110162735, 9.34619522095], [-86.2795639038, -67.3060913086, 75.0819473267, 78.2977828979, 47.8109970093, 47.911441803, 53.8994064331, 124.639945984, 72.7230758667, 4.1514134407, -5.63058519363, 2.82598757744, 27.6239261627], [-314.456787109, -36.834602356, 94.3605041504, 111.760231018, 75.1231079102, 57.2917633057, 36.743637085, 72.7230758667, 130.064743042, 36.3954811096, 7.49933576584, -4.07135725021, 38.0715179443], [-344.286224365, 141.172531128, 107.627952576, 40.8181037903, 35.9990539551, 63.6710510254, 54.951133728, 4.1514134407, 36.3954811096, 102.948066711, 63.1935081482, 34.259098053, 14.9830131531], [-430.750823975, 109.512992859, 158.871856689, 42.6376876831, 49.11460495, 57.0810661316, 45.371887207, -5.63058519363, 7.49933576584, 63.1935081482, 96.332649231, 50.3968963623, 5.75241327286], [-193.273376465, 57.7130661011, 103.189109802, 55.8669013977, 40.0224914551, 37.6774635315, 21.110162735, 2.82598757744, -4.07135725021, 34.259098053, 50.3968963623, 71.1237030029, 17.1794548035], [-105.339103699, -52.399684906, 53.217540741, 80.7899169922, 74.5520782471, 23.1643352509, 9.34619522095, 27.6239261627, 38.0715179443, 14.9830131531, 5.75241327286, 17.1794548035, 66.8147964478]]
        icov: [[0.000238844135311, 0.000270331947831, 0.000312672520522, -0.00011549469491, 0.000317457626807, -0.000376590236556, 0.000124556507217, -0.000152205539052, 0.000595313322265, -0.000252887548413, 0.000474916567327, -0.000126372979139, 1.01241339507e-05], [0.000270331947831, 0.0015090983361, 0.000287050293991, 0.000560984015465, 0.000337065255735, 0.000741107331123, -0.00132358330302, 0.000510775309522, 0.00016459915787, -0.00159022863954, 0.000464233598905, -0.00125247554388, 0.00058857887052], [0.000312672520522, 0.000287050293991, 0.00246142293327, -0.00141856900882, 7.39679453545e-05, -0.000480042450363, -0.0011920084944, -0.000147157188621, 0.000673829694279, 0.000420322874561, -0.00175339111593, -0.000319515616866, 0.000539226457477], [-0.00011549469491, 0.000560984015465, -0.00141856900882, 0.00674958154559, -0.00405255472288, 0.00199354649521, 0.000423738238169, -0.000488605874125, -0.00323959602974, -0.00108214793727, 0.0018500755541, -0.00390175031498, 0.000132390880026], [0.000317457626807, 0.000337065255735, 7.39679453545e-05, -0.00405255472288, 0.0105490824208, -0.00513170287013, -0.000550466997083, 0.00175538787153, 0.0009167760727, 0.00301777687855, -0.0020820889622, 0.00221514725126, -0.00662359176204], [-0.000376590236556, 0.000741107331123, -0.000480042450363, 0.00199354649521, -0.00513170287013, 0.0129213258624, -0.00724075175822, 0.000758918176871, -0.00356136518531, -0.00267993891612, -0.000369256886188, -0.00384245556779, 0.00355463591404], [0.000124556507217, -0.00132358330302, -0.0011920084944, 0.000423738238169, -0.000550466997083, -0.00724075175822, 0.0172491595149, -0.00711869401857, 0.0039895279333, -0.0037031355314, -0.000189830985619, 0.0040770303458, 0.000775469234213], [-0.000152205539052, 0.000510775309522, -0.000147157188621, -0.000488605874125, 0.00175538787153, 0.000758918176871, -0.00711869401857, 0.0166128724813, -0.0092851370573, 0.00497877039015, 0.00175735715311, -0.00380543596111, -0.00222438946366], [0.000595313322265, 0.00016459915787, 0.000673829694279, -0.00323959602974, 0.0009167760727, -0.00356136518531, 0.0039895279333, -0.0092851370573, 0.0201131533831, -0.00764803448692, 0.00123827939387, 0.00855778343976, -0.00411185668781], [-0.000252887548413, -0.00159022863954, 0.000420322874561, -0.00108214793727, 0.00301777687855, -0.00267993891612, -0.0037031355314, 0.00497877039015, -0.00764803448692, 0.0245946031064, -0.0121234692633, -0.00114849070087, -0.0044689681381], [0.000474916567327, 0.000464233598905, -0.00175339111593, 0.0018500755541, -0.0020820889622, -0.000369256886188, -0.000189830985619, 0.00175735715311, 0.00123827939387, -0.0121234692633, 0.0299559757113, -0.0131245721132, 0.00483216624707], [-0.000126372979139, -0.00125247554388, -0.000319515616866, -0.00390175031498, 0.00221514725126, -0.00384245556779, 0.0040770303458, -0.00380543596111, 0.00855778343976, -0.00114849070087, -0.0131245721132, 0.0301679056138, -0.00759120937437], [1.01241339507e-05, 0.00058857887052, 0.000539226457477, 0.000132390880026, -0.00662359176204, 0.00355463591404, 0.000775469234213, -0.00222438946366, -0.00411185668781, -0.0044689681381, 0.00483216624707, -0.00759120937437, 0.0267050955445]]
    spectral_contrast:
        mean: [2.73532894113e-08, -3.22448357792e-07, -1.46717795246e-07, -3.98140400648e-07, 1.09965050399e-07, 1.30643854845e-07, 3.55647944161e-06, 1.11110227863e-06, -1.35297023007e-06, -1.56186246159e-07, -1.4651428728e-06, -1.49918787429e-06]
        var: [0.000322809937643, 0.000940196565352, 0.00162144063506, 0.00188870064449, 0.00357905891724, 0.00774506805465, 0.0775224640965, 0.135584384203, 0.170880690217, 0.464828699827, 0.826833307743, 5.3114938736]

rhythm:
    beats_loudness:
        dmean: 0.00436941441149
        dmean2: 0.00746292853728
        dvar: 1.19504293252e-05
        dvar2: 1.95454776986e-05
        max: 0.0105013540015
        mean: 0.0045200609602
        min: 0.000844505324494
        var: 1.37689175972e-05
    beats_loudness_bass:
        dmean: 0.412718325853
        dmean2: 0.773802518845
        dvar: 0.080269806087
        dvar2: 0.136663526297
        max: 0.817663788795
        mean: 0.349773854017
        min: 0.000496898777783
        var: 0.104993410408
    bpm: 134.739807129
    bpm_confidence: 0
    first_peak_bpm: 135
    first_peak_spread: 0
    first_peak_weight: 0.952380955219
    onset_rate: 6.38020849228
    second_peak_bpm: 123
    second_peak_spread: 0
    second_peak_weight: 0.047619048506
    beats_position: [0.259136885405, 0.70363676548, 1.14813661575, 1.59263634682, 2.0371363163, 2.48163604736, 2.92613601685, 3.37063598633, 3.81513571739, 4.25963544846, 4.7041349411, 5.14863491058, 5.59313440323, 6.08036851883, 6.52618741989, 6.97200679779, 7.41782569885, 7.86364507675, 8.30946445465, 8.75528335571, 9.20110225677, 9.64692115784]
    bpm_estimates: [135.212799072, 135.279052734, 134.817901611, 134.821243286, 134.886123657, 135.116485596, 134.750534058, 134.799987793, 134.421142578, 134.808227539, 134.62147522, 133.979949951, 134.987976074, 134.141677856, 134.310272217, 134.366989136, 134.710662842, 135.283676147]
    bpm_intervals: [0.444499880075, 0.444499850273, 0.444499731064, 0.444499969482, 0.444499731064, 0.444499969482, 0.444499969482, 0.444499731064, 0.444499731064, 0.444499492645, 0.444499969482, 0.444499492645, 0.487234115601, 0.445818901062, 0.445819377899, 0.445818901062, 0.445819377899, 0.445819377899, 0.445818901062, 0.445818901062, 0.445818901062]
    onset_times: [0.0580498874187, 0.139319732785, 0.476009070873, 0.650158703327, 0.870748281479, 1.05650794506, 1.14938771725, 1.30031740665, 1.59056687355, 1.71827661991, 1.79954648018, 2.02013611794, 2.17106580734, 2.2523355484, 2.43809533119, 2.48453521729, 2.71673464775, 2.85605430603, 2.93732428551, 3.08825397491, 3.14630389214, 3.3785033226, 3.50621318817, 3.59909296036, 3.83129262924, 4.051882267, 4.26086187363, 4.5046710968, 4.65560102463, 4.71365070343, 4.85297060013, 4.95746040344, 5.07356023788, 5.1780500412, 5.38702964783, 5.60761928558, 5.74693870544, 5.83981847763, 6.06040811539, 6.29260778427, 6.43192720413, 6.51319742203, 6.72217702866, 6.9543762207, 7.0936961174, 7.17496585846, 7.40716552734, 7.6277551651, 7.84834480286, 8.0224943161, 8.08054447174, 8.28952407837, 8.4172334671, 8.54494285583, 8.75392246246, 8.92807292938, 8.96290206909, 9.19510173798, 9.32281208038, 9.41569137573, 9.65950107574, 9.82204055786, 9.89170074463, 10.0194101334]
    rubato_start: []
    rubato_stop: []
    perceptual_tempo: "unknown"

sfx:
    inharmonicity:
        dmean: 0.0491621680558
        dmean2: 0.0869571864605
        dvar: 0.00352338980883
        dvar2: 0.00932658370584
        max: 0.368292987347
        mean: 0.0513428226113
        min: 0
        var: 0.00361856468953
    oddtoevenharmonicenergyratio:
        dmean: 3.47153902054
        dmean2: 6.70460891724
        dvar: 429.608459473
        dvar2: 1279.89257812
        max: 245.392105103
        mean: 2.18044447899
        min: 0
        var: 218.919158936
    pitch_after_max_to_before_max_energy_ratio: 4.45166540146
    pitch_centroid: 203.518203735
    pitch_max_to_total: 0.127314820886
    pitch_min_to_total: 0.657407402992
    tristimulus:
        dmean: [0.202179312706, 0.252348214388, 0.144572198391]
        dmean2: [0.341429710388, 0.434428840876, 0.246639892459]
        dvar: [0.0359440855682, 0.0480126217008, 0.0208335965872]
        dvar2: [0.0797419473529, 0.134269267321, 0.0540644526482]
        max: [1, 0.980958521366, 0.756821513176]
        mean: [0.359296798706, 0.41911354661, 0.161678299308]
        min: [0.016409592703, 0, 0]
        var: [0.0568779073656, 0.0658039003611, 0.029102280736]

tonal:
    chords_changes_rate: 0.0648148134351
    chords_number_rate: 0.0324074067175
    chords_strength:
        dmean: 0.0123933721334
        dmean2: 0.0135354474187
        dvar: 0.000145017242176
        dvar2: 0.000202713417821
        max: 0.79008102417
        mean: 0.473235279322
        min: 0.222993433475
        var: 0.0350641272962
    key_strength: 0.539729475975
    tuning_diatonic_strength: 0.497692257166
    tuning_equal_tempered_deviation: 0.295915365219
    tuning_frequency: 451.586883545
    tuning_nontempered_energy_ratio: 0.92100161314
    hpcp:
        dmean: [0.214217737317, 0.232358679175, 0.225790977478, 0.229185044765, 0.212238803506, 0.222953513265, 0.186144605279, 0.206412926316, 0.198094457388, 0.17051269114, 0.162755087018, 0.172066956758, 0.18371142447, 0.155711218715, 0.142460286617, 0.17235250771, 0.191667601466, 0.179554671049, 0.150485023856, 0.166236028075, 0.140924602747, 0.118321768939, 0.113471113145, 0.118954248726, 0.132687225938, 0.138644129038, 0.14547817409, 0.160980597138, 0.182937994599, 0.18790499866, 0.144665583968, 0.170846775174, 0.208034798503, 0.183321014047, 0.135254070163, 0.161507204175]
        dmean2: [0.361226201057, 0.391032844782, 0.376428484917, 0.380901366472, 0.362660735846, 0.383010566235, 0.317861795425, 0.362058699131, 0.338871836662, 0.287087321281, 0.281380563974, 0.299461185932, 0.312095224857, 0.253074675798, 0.2332059443, 0.281651467085, 0.307153910398, 0.30136859417, 0.246579155326, 0.287492394447, 0.241833791137, 0.199396505952, 0.196477875113, 0.209956243634, 0.232202798128, 0.233984410763, 0.240671411157, 0.269122868776, 0.311478823423, 0.332414656878, 0.247176960111, 0.290849357843, 0.355892062187, 0.322219848633, 0.23784430325, 0.269749134779]
        dvar: [0.0576600655913, 0.0543352290988, 0.0556474514306, 0.0658838376403, 0.0524203851819, 0.0571870282292, 0.039813041687, 0.0533587113023, 0.0465856567025, 0.042868476361, 0.032461181283, 0.0413054265082, 0.0437533855438, 0.030334463343, 0.0272184684873, 0.0376538150012, 0.0416484251618, 0.0409250408411, 0.0286945253611, 0.0423147082329, 0.0424408838153, 0.0298136044294, 0.0277568660676, 0.0295350495726, 0.0355779752135, 0.0311459172517, 0.03241879493, 0.043029487133, 0.0426940172911, 0.0498715937138, 0.030232142657, 0.0419736281037, 0.0635436996818, 0.0493794381618, 0.0312972255051, 0.0387079827487]
        dvar2: [0.14372459054, 0.13924908638, 0.119413539767, 0.154504209757, 0.122629225254, 0.152548640966, 0.100530937314, 0.131340920925, 0.115076929331, 0.10674802959, 0.083034016192, 0.104540295899, 0.100374490023, 0.0750200152397, 0.0700056031346, 0.0882397592068, 0.108719684184, 0.101607963443, 0.0704598948359, 0.117552302778, 0.0975977703929, 0.0847645178437, 0.0830528065562, 0.0833978801966, 0.106471091509, 0.0780437141657, 0.0806604102254, 0.108841821551, 0.109412066638, 0.121719844639, 0.0748952701688, 0.101689390838, 0.153925299644, 0.123993083835, 0.0921798571944, 0.101801514626]
        max: [1, 1, 1, 1, 1, 1, 1, 1, 1, 1, 1, 1, 1, 1, 1, 1, 1, 1, 1, 1, 1, 1, 0.944511950016, 1, 1, 0.906818032265, 1, 1, 1, 1, 0.838611721992, 1, 1, 1, 0.854243218899, 1]
        mean: [0.211285188794, 0.265483856201, 0.347282409668, 0.325546950102, 0.229664415121, 0.215643018484, 0.29076191783, 0.307877480984, 0.22830247879, 0.178348228335, 0.162377461791, 0.172839641571, 0.183592796326, 0.163786008954, 0.164412096143, 0.199792355299, 0.26357370615, 0.255865097046, 0.186554983258, 0.170756027102, 0.152295380831, 0.110231265426, 0.104016117752, 0.121529899538, 0.125466898084, 0.122119434178, 0.128779679537, 0.159413978457, 0.242796987295, 0.281728029251, 0.196366518736, 0.174902781844, 0.220844492316, 0.178417995572, 0.125184953213, 0.159276485443]
        min: [0.00318678072654, 0.000958890654147, 0.000440133590018, 0.000445167825092, 0.000359344587196, 0.000537250132766, 0.000973106652964, 0.00125670118723, 0.00130691647064, 0.000569877389353, 0.000765339937061, 0.00108772376552, 0.00128635892179, 0.00155065115541, 0.00139175204094, 0.0015884420136, 0.00118765805382, 0.000817330961581, 0.00113774649799, 0.0009988109814, 0.000369768444216, 0.000215816558921, 0.000177620735485, 0.000273969228147, 0.000304795597913, 0.000315362238325, 0.000651336449664, 0.00107080407906, 0.00284261489287, 0.00156514463015, 0.00041309176595, 0.000305256078718, 0.000842908164486, 0.000839413842186, 0.00106715608854, 0.00125664356165]
        var: [0.0682085379958, 0.0735749527812, 0.110690750182, 0.110161110759, 0.0675073936582, 0.0610625334084, 0.0986720025539, 0.107260562479, 0.0600048787892, 0.051415078342, 0.0391230173409, 0.048389043659, 0.0549242720008, 0.0365873612463, 0.0342820473015, 0.0513283014297, 0.0734729766846, 0.0748750865459, 0.0455606393516, 0.0455001294613, 0.0603528469801, 0.0346287637949, 0.0231727920473, 0.0305194277316, 0.03164133057, 0.0310634616762, 0.0337529331446, 0.0419574119151, 0.0631102919579, 0.115481123328, 0.0532863438129, 0.0468385927379, 0.0784425139427, 0.0597373172641, 0.02762289159, 0.0414538420737]
    chords_histogram: [31.9444446564, 2.31481480598, 0, 0, 0, 0, 0, 0, 3.70370364189, 0, 0, 0, 0, 0, 0, 14.3518514633, 0, 0, 7.40740728378, 0, 0, 0, 38.4259262085, 1.85185182095]
    thpcp: [1, 0.9374127388, 0.661318898201, 0.620944261551, 0.837249219418, 0.886533498764, 0.657397210598, 0.513553857803, 0.467566043139, 0.497691899538, 0.528655588627, 0.471621960402, 0.473424762487, 0.575302243233, 0.758960723877, 0.736763775349, 0.537185251713, 0.491692125797, 0.438534677029, 0.317411035299, 0.299514502287, 0.34994545579, 0.36128205061, 0.351643025875, 0.370821207762, 0.459032684565, 0.699134111404, 0.811236083508, 0.565437555313, 0.503632724285, 0.635921895504, 0.513754785061, 0.360470175743, 0.458636790514, 0.6083958745, 0.764460980892]
    chords_key: "G"
    chords_scale: "major"
    key_key: "D"
    key_scale: "major"
    chords_progression: ["Gm", "Gm", "Gm", "Gm", "Gm", "Gm", "Gm", "Gm", "Gm", "Gm", "Gm", "Gm", "Gm", "Gm", "Gm", "Gm", "Gm", "Gm", "Gm", "Gm", "Gm", "Gm", "Gm", "Gm", "Gm", "F", "F", "F", "F", "F", "F", "F", "F", "F", "F", "F", "F", "F", "F", "F", "F", "F#", "F#", "F#", "G", "G", "G", "G", "G", "G", "G", "G", "G", "G", "G", "G", "G", "G", "G", "G", "G", "G", "G", "G", "G", "G", "G", "G", "G", "G", "G", "G", "G", "G", "G", "G", "G", "G", "G", "G", "G", "G", "G", "G", "G", "G", "G", "G", "G", "G", "G", "G", "G", "G", "G", "G", "G", "G", "Bm", "Bm", "G", "G", "G", "Bm", "Bm", "G", "G", "G", "G", "G", "G", "G", "G", "G", "G", "G", "G", "G", "G", "G", "G", "G", "G", "G", "G", "F#", "F#", "F#", "F#", "F#", "F#m", "F#m", "F#m", "F#m", "F#m", "D", "Gm", "Gm", "Gm", "G", "G", "G", "G", "G", "G", "Gm", "Gm", "Gm", "D", "D", "D", "D", "D", "D", "D", "D", "D", "D", "D", "D", "D", "D", "D", "D", "D", "D", "D", "D", "D", "D", "D", "D", "D", "D", "D", "D", "D", "D", "D", "D", "D", "D", "D", "D", "D", "D", "D", "D", "D", "D", "D", "D", "D", "D", "D", "D", "D", "D", "D", "D", "D", "D", "D", "D", "D", "D", "D", "D", "D", "D", "D", "D", "D", "D", "D", "D"]
