
metadata:
    version:
        essentia: "1.2.2"
    audio_properties:
        analysis_sample_rate: 44100
        bitrate: 128
        channels: 2
        equal_loudness: 1
        length: 10.0310201645
        replay_gain: -7.09266662598
        downmix: "mix"
    tags:
        track: 1
        year: 0
        album: "Splitted by Mp3Splt v. 2.1"
        artist: "From 000.00 To 000.10"
        comment: "http://mp3splt.sf.net"
        genre: ""
        title: "12 Real World.mp3"

highlevel:
    ballroom:
        all:
            ChaChaCha: 0.0237846337259
            Jive: 0.00555293168873
            Quickstep: 0.00664043147117
            Rumba-American: 0.0214312430471
            Rumba-International: 0.125075757504
            Rumba-Misc: 0.0928970351815
            Samba: 0.00507224537432
            Tango: 0.0364258773625
            VienneseWaltz: 0.0746655315161
            Waltz: 0.608454287052
        probability: 0.608454287052
        value: "Waltz"
    culture:
        all:
            non_western: 0.445086151361
            western: 0.554913878441
        probability: 0.554913878441
        value: "western"
    gender:
        all:
            female: 0.726070344448
            male: 0.273929655552
        probability: 0.726070344448
        value: "female"
    genre_dortmund:
        all:
            alternative: 0.0666003897786
            blues: 0.0401735827327
            electronic: 0.607655525208
            folkcountry: 0.0464339032769
            funksoulrnb: 0.012042847462
            jazz: 0.125711217523
            pop: 0.0292379576713
            raphiphop: 0.00262495828792
            rock: 0.0695195943117
        probability: 0.607655525208
        value: "electronic"
    genre_electronica:
        all:
            ambient: 0.87617957592
            dnb: 0.016429733485
            house: 0.0687783658504
            techno: 0.00994069315493
            trance: 0.0286716148257
        probability: 0.87617957592
        value: "ambient"
    genre_rosamerica:
        all:
            cla: 0.616295933723
            dan: 0.0176494158804
            hip: 0.00586951617151
            jaz: 0.0664376318455
            pop: 0.0268475003541
            rhy: 0.0776911824942
            roc: 0.179600000381
            spe: 0.00960878189653
        probability: 0.616295933723
        value: "cla"
    genre_tzanetakis:
        all:
            blu: 0.0865114554763
            cla: 0.352006822824
            cou: 0.0751738548279
            dis: 0.0232279691845
            hip: 0.0167804453522
            jaz: 0.170725181699
            met: 0.0318019688129
            pop: 0.0343820378184
            reg: 0.0285925939679
            roc: 0.180797681212
        probability: 0.352006822824
        value: "cla"
    live_studio:
        all:
            live: 0.189463466406
            studio: 0.810536563396
        probability: 0.810536563396
        value: "studio"
    mood:
        all:
            Cluster1: 0.0454443693161
            Cluster2: 0.166027262807
            Cluster3: 0.709826469421
            Cluster4: 0.0407311953604
            Cluster5: 0.0379707105458
        probability: 0.709826469421
        value: "Cluster3"
    mood_acoustic:
        all:
            acoustic: 0.313598752022
            not_acoustic: 0.686401247978
        probability: 0.686401247978
        value: "not_acoustic"
    mood_aggressive:
        all:
            aggressive: 0.0277313366532
            not_aggressive: 0.972268640995
        probability: 0.972268640995
        value: "not_aggressive"
    mood_electronic:
        all:
            electronic: 0.42006739974
            not_electronic: 0.579932630062
        probability: 0.579932630062
        value: "not_electronic"
    mood_happy:
        all:
            happy: 0.041977930814
            not_happy: 0.95802205801
        probability: 0.95802205801
        value: "not_happy"
    mood_party:
        all:
            not_party: 0.974661052227
            party: 0.0253389365971
        probability: 0.974661052227
        value: "not_party"
    mood_relaxed:
        all:
            not_relaxed: 0.209614008665
            relaxed: 0.790385961533
        probability: 0.790385961533
        value: "relaxed"
    mood_sad:
        all:
            not_sad: 0.0978525653481
            sad: 0.9021474123
        probability: 0.9021474123
        value: "sad"
    rhythm:
        all:
            fast: 0.559172153473
            medium: 0.243483990431
            slow: 0.197343841195
        probability: 0.559172153473
        value: "fast"
    speech_music:
        all:
            music: 0.851184606552
            speech: 0.148815363646
        probability: 0.851184606552
        value: "music"
    timbre:
        all:
            bright: 0.508845508099
            dark: 0.491154491901
        probability: 0.508845508099
        value: "bright"
    voice_instrumental:
        all:
            instrumental: 0.999998092651
            voice: 1.89611466794e-06
        probability: 0.999998092651
        value: "instrumental"

lowlevel:
    average_loudness: 0.743291378021
    barkbands_kurtosis:
        dmean: 5.2506275177
        dmean2: 6.86384391785
        dvar: 113.490615845
        dvar2: 207.140640259
        max: 119.723396301
        mean: 9.01364135742
        min: -1.75101113319
        var: 335.95111084
    barkbands_skewness:
        dmean: 0.908703923225
        dmean2: 1.09450161457
        dvar: 1.05661046505
        dvar2: 1.6963326931
        max: 9.61348342896
        mean: 2.07241106033
        min: -1.71294176579
        var: 4.83795022964
    barkbands_spread:
        dmean: 5.05183076859
        dmean2: 7.34143543243
        dvar: 27.9441776276
        dvar2: 56.805015564
        max: 34.8078689575
        mean: 15.9248142242
        min: 0.899932563305
        var: 83.9599227905
    dissonance:
        dmean: 0.03128618747
        dmean2: 0.039229221642
        dvar: 0.000849890348036
        dvar2: 0.00121407513507
        max: 0.497537136078
        mean: 0.418638408184
        min: 0.160925552249
        var: 0.0032998372335
    hfc:
        dmean: 1.38615429401
        dmean2: 1.98977589607
        dvar: 4.23393392563
        dvar2: 8.68399620056
        max: 15.9996356964
        mean: 2.96410489082
        min: 0.18381139636
        var: 6.1470041275
    pitch:
        dmean: 374.413848877
        dmean2: 714.393188477
        dvar: 743315.4375
        dvar2: 2128898.5
        max: 3392.30761719
        mean: 465.558105469
        min: 83.5227279663
        var: 472236.4375
    pitch_instantaneous_confidence:
        dmean: 0.131822556257
        dmean2: 0.177877083421
        dvar: 0.0253260303289
        dvar2: 0.03163497895
        max: 0.967349112034
        mean: 0.662204146385
        min: 0.190705180168
        var: 0.0655424371362
    pitch_salience:
        dmean: 0.0747687146068
        dmean2: 0.106262177229
        dvar: 0.00707212276757
        dvar2: 0.0119874607772
        max: 0.776304781437
        mean: 0.477210998535
        min: 0.149591878057
        var: 0.0206169616431
    silence_rate_20dB:
        dmean: 0
        dmean2: 0
        dvar: 0
        dvar2: 0
        max: 1
        mean: 1
        min: 1
        var: 0
    silence_rate_30dB:
        dmean: 0
        dmean2: 0
        dvar: 0
        dvar2: 0
        max: 1
        mean: 1
        min: 1
        var: 0
    silence_rate_60dB:
        dmean: 0.091787442565
        dmean2: 0.181598067284
        dvar: 0.0833628624678
        dvar2: 0.182517677546
        max: 1
        mean: 0.665060222149
        min: 0
        var: 0.222755715251
    spectral_centroid:
        dmean: 290.102996826
        dmean2: 390.569366455
        dvar: 149907.75
        dvar2: 231121.71875
        max: 2612.48535156
        mean: 939.972045898
        min: 244.613098145
        var: 372983.28125
    spectral_complexity:
        dmean: 3.16202521324
        dmean2: 4.733502388
        dvar: 18.976272583
        dvar2: 38.5660629272
        max: 29
        mean: 6.61111116409
        min: 1
        var: 26.9952583313
    spectral_crest:
        dmean: 3.10470414162
        dmean2: 4.23267030716
        dvar: 13.2217588425
        dvar2: 19.6911964417
        max: 25.5206699371
        mean: 15.8045730591
        min: 3.4320101738
        var: 41.8733940125
    spectral_decrease:
        dmean: 1.52256623975e-10
        dmean2: 2.40814757024e-10
        dvar: 1.31651481355e-19
        dvar2: 3.34432999064e-19
        max: -1.12896809956e-10
        mean: -9.17638798281e-10
        min: -5.47062084522e-09
        var: 6.38872842708e-19
    spectral_energy:
        dmean: 0.000681975216139
        dmean2: 0.00105561129749
        dvar: 2.15535760617e-06
        dvar2: 5.40898463441e-06
        max: 0.0213827174157
        mean: 0.0037322321441
        min: 0.000442770222435
        var: 9.6793528428e-06
    spectral_energyband_high:
        dmean: 4.59493821836e-05
        dmean2: 6.76319905324e-05
        dvar: 5.83898351891e-09
        dvar2: 1.37595899119e-08
        max: 0.000616757955868
        mean: 5.30271427124e-05
        min: 9.62428625684e-09
        var: 6.69608146708e-09
    spectral_energyband_low:
        dmean: 3.88051921618e-05
        dmean2: 6.23039741185e-05
        dvar: 5.77727412576e-08
        dvar2: 9.15291735737e-08
        max: 0.00443554762751
        mean: 4.98792433063e-05
        min: 8.14430123341e-09
        var: 1.16429973218e-07
    spectral_energyband_middle_high:
        dmean: 0.000476838205941
        dmean2: 0.000670626410283
        dvar: 4.8267065722e-07
        dvar2: 9.87330167845e-07
        max: 0.00521398475394
        mean: 0.000734671659302
        min: 2.90825914817e-06
        var: 7.03044008787e-07
    spectral_energyband_middle_low:
        dmean: 0.000517037638929
        dmean2: 0.000802793656476
        dvar: 1.63688434895e-06
        dvar2: 4.66273240818e-06
        max: 0.0167546849698
        mean: 0.00289460783824
        min: 0.000199551737751
        var: 8.84366545506e-06
    spectral_flatness_db:
        dmean: 0.0452015548944
        dmean2: 0.0502155534923
        dvar: 0.00175331125502
        dvar2: 0.00243211258203
        max: 0.502598524094
        mean: 0.323059499264
        min: 0.168886393309
        var: 0.00663832714781
    spectral_flux:
        dmean: 0.010392896831
        dmean2: 0.0146542442963
        dvar: 0.000164152967045
        dvar2: 0.000363775325241
        max: 0.121876053512
        mean: 0.0235748607665
        min: 0.00103500625119
        var: 0.000330652750563
    spectral_kurtosis:
        dmean: 7.94837999344
        dmean2: 13.2914199829
        dvar: 85.9774017334
        dvar2: 189.847412109
        max: 77.421836853
        mean: 12.9295806885
        min: 0.395394563675
        var: 182.162826538
    spectral_rms:
        dmean: 0.000167207283084
        dmean2: 0.000245029863436
        dvar: 7.13638428351e-08
        dvar2: 1.61480812721e-07
        max: 0.00456740474328
        mean: 0.00177814788185
        min: 0.000657244992908
        var: 4.79391474073e-07
    spectral_rolloff:
        dmean: 521.64855957
        dmean2: 779.840026855
        dvar: 525892.125
        dvar2: 757065.5
        max: 3789.84375
        mean: 1614.28283691
        min: 236.865234375
        var: 1499018.125
    spectral_skewness:
        dmean: 0.765245974064
        dmean2: 1.21817171574
        dvar: 0.691682755947
        dvar2: 1.4581605196
        max: 7.58428955078
        mean: 1.9398162365
        min: 0.477144807577
        var: 1.73007583618
    spectral_spread:
        dmean: 268009.5
        dmean2: 432889.125
        dvar: 177840013312
        dvar2: 263136673792
        max: 9586955
        mean: 2377608.5
        min: 1174210.25
        var: 312772100096
    spectral_strongpeak:
        dmean: 0.161869898438
        dmean2: 0.280592620373
        dvar: 0.0846534892917
        dvar2: 0.242848753929
        max: 1.90272557735
        mean: 0.550439298153
        min: 0.0431982725859
        var: 0.0742065310478
    zerocrossingrate:
        dmean: 0.0135865807533
        dmean2: 0.0132814981043
        dvar: 0.000158646158525
        dvar2: 0.000180164148333
        max: 0.11962890625
        mean: 0.0482966862619
        min: 0.009765625
        var: 0.000810238998383
    barkbands:
        dmean: [1.03166676979e-07, 1.83701206424e-06, 3.78902332159e-05, 7.29770254111e-05, 0.00017136913084, 0.000366784923244, 5.57536477572e-05, 5.94294579059e-05, 7.56209337851e-05, 4.26132573921e-05, 2.17513807002e-05, 1.41273758345e-05, 1.05599565359e-05, 5.03269802721e-06, 6.88101135893e-05, 4.83263174829e-05, 0.000155478483066, 8.47233241075e-05, 0.000107674895844, 5.69498806726e-05, 1.40669353641e-05, 2.3610707558e-06, 2.00448397436e-07, 6.85344048179e-08, 2.31301520159e-08, 7.75725206292e-10, 4.05451228147e-10]
        dmean2: [1.05274139628e-07, 2.86358704216e-06, 6.0923743149e-05, 0.00012659598724, 0.000263468595222, 0.000532471458428, 9.40108511713e-05, 9.94402435026e-05, 0.000108502434159, 7.0259324275e-05, 3.38843856298e-05, 2.2949936465e-05, 1.71001811395e-05, 8.56639690028e-06, 0.000107592954009, 7.88843681221e-05, 0.000231236801483, 0.000133610708872, 0.000159729213919, 8.54657482705e-05, 1.96935325221e-05, 3.80883034268e-06, 3.51131802745e-07, 1.22653645462e-07, 3.71092561124e-08, 1.17862164473e-09, 5.49178313936e-10]
        dvar: [3.99784979427e-12, 6.96331811656e-11, 5.71631701973e-08, 9.86060229025e-08, 2.49933719942e-07, 3.67307762872e-07, 4.91909908362e-08, 1.2226063717e-08, 8.86153816992e-09, 7.47207451468e-09, 7.32817917459e-10, 5.43263545261e-10, 2.29969390753e-10, 1.14287856956e-10, 1.60563704554e-08, 6.82564538224e-09, 5.75087995003e-08, 1.80549317719e-08, 2.5573488216e-08, 8.37838509682e-09, 5.02717034667e-10, 3.77955618192e-11, 3.92633625265e-12, 3.94907278536e-13, 2.27628872918e-14, 3.27326915829e-17, 2.12227678355e-17]
        dvar2: [4.00634169936e-12, 1.52535387099e-10, 8.97068019867e-08, 2.8625458981e-07, 7.012844776e-07, 6.95647599969e-07, 1.60173797781e-07, 3.24318989442e-08, 2.18816307296e-08, 1.92768077056e-08, 1.54767776372e-09, 1.3567528212e-09, 5.25792465123e-10, 3.02708635935e-10, 3.81572213826e-08, 1.6700067107e-08, 1.32278856313e-07, 4.27235598011e-08, 5.85088919536e-08, 1.9270109064e-08, 1.10615205884e-09, 1.03506966886e-10, 1.09901514972e-11, 1.1341268636e-12, 6.19117997429e-14, 5.66045450347e-17, 2.15279164178e-17]
        max: [3.98021802539e-05, 0.00010897438915, 0.00440902449191, 0.00471265334636, 0.00837771594524, 0.00755354529247, 0.00250444491394, 0.000867322145496, 0.000944389379583, 0.000707038445398, 0.000221617185161, 0.000196107284864, 0.000127483188407, 0.000135539390612, 0.00129433302209, 0.000658743141685, 0.00153063843027, 0.000916678458452, 0.00145132653415, 0.000750860897824, 0.000166336103575, 6.5065563831e-05, 3.06170732074e-05, 9.45384454099e-06, 2.42634132519e-06, 8.76644961068e-08, 9.16714384402e-08]
        mean: [1.03061999823e-07, 3.14317321681e-06, 4.66833116661e-05, 6.32956507616e-05, 0.00151979166549, 0.000969366519712, 6.30220019957e-05, 5.46332667e-05, 0.000223156981519, 3.9328544517e-05, 3.15540055453e-05, 1.54903100338e-05, 1.55311608978e-05, 5.81346830586e-06, 8.40330030769e-05, 6.27227564109e-05, 0.000182657284313, 0.000108831329271, 0.000156085312483, 6.85695486027e-05, 1.56420883286e-05, 2.53820894613e-06, 1.59624903517e-07, 5.97254441459e-08, 2.36520971697e-08, 7.50916329118e-10, 3.7169642364e-10]
        min: [1.80348600637e-11, 7.13951453513e-10, 3.70280694995e-09, 2.36562343048e-08, 6.43692601443e-08, 2.51736419159e-05, 4.89066342979e-09, 9.25642673621e-09, 6.84024598741e-06, 7.65529328817e-09, 7.48112114479e-08, 1.83332182768e-09, 1.20676943993e-07, 7.6954611572e-09, 1.989101861e-07, 1.4285852501e-07, 5.44973026706e-08, 1.25616441693e-08, 2.69559379262e-08, 9.62705293261e-09, 3.49271789268e-09, 1.31877886389e-09, 9.73084737788e-11, 1.51101284263e-10, 1.59499788377e-10, 3.22461155e-12, 5.17557586618e-15]
        var: [3.98994465939e-12, 1.4588277808e-10, 1.12704718447e-07, 7.00061022485e-08, 7.50461003918e-06, 7.91280285739e-07, 4.08957703257e-08, 1.07885504974e-08, 2.3992107856e-08, 6.43569597614e-09, 1.50976819935e-09, 6.06054428864e-10, 3.13037706867e-10, 1.12057634005e-10, 1.64399711622e-08, 6.87946943856e-09, 7.05200022821e-08, 2.11553903284e-08, 3.22737285785e-08, 9.87460335722e-09, 6.55859033749e-10, 3.10052955532e-11, 2.62661832388e-12, 2.56979767327e-13, 1.97259082576e-14, 3.01539361709e-17, 2.11637518075e-17]
    mfcc:
        mean: [-850.970092773, 171.712173462, -110.485137939, 75.2909851074, -34.6717262268, -43.4401092529, -18.7949733734, -29.2233829498, -5.95177173615, -23.3486690521, -17.2964515686, -20.3168849945, -8.2935333252]
        cov: [[6233.22900391, -688.858947754, 344.962768555, 237.490036011, -112.136711121, 706.04107666, 565.449829102, 176.353759766, 546.603210449, -154.577163696, 91.318069458, 114.206809998, -305.655822754], [-688.858947754, 688.018798828, 341.645935059, 38.1372489929, 206.342025757, 50.1493415833, 64.8080749512, 32.5983505249, -42.6078453064, -6.08357477188, -104.929595947, -33.1689376831, -33.887638092], [344.962768555, 341.645935059, 1060.52868652, 51.5461616516, 395.354156494, 222.248077393, 55.6916847229, 148.769943237, -132.519454956, 47.5620155334, -112.744346619, -19.8521556854, -81.7565383911], [237.490036011, 38.1372489929, 51.5461616516, 290.008605957, 66.0808410645, 51.2715835571, 35.4877052307, -39.2521057129, -26.624414444, -31.0261116028, 12.3633737564, -26.8823795319, -66.5963134766], [-112.136711121, 206.342025757, 395.354156494, 66.0808410645, 238.557601929, 78.9062652588, 30.3288936615, 51.1240119934, -60.6014289856, 30.2723999023, -48.415687561, -25.2828578949, -38.8478546143], [706.04107666, 50.1493415833, 222.248077393, 51.2715835571, 78.9062652588, 171.747741699, 103.718711853, 63.2136955261, 48.5833473206, -8.59355449677, -14.4508504868, -0.977168440819, -42.8600959778], [565.449829102, 64.8080749512, 55.6916847229, 35.4877052307, 30.3288936615, 103.718711853, 140.98789978, 45.9668273926, 90.3982086182, -31.2154140472, -15.6075458527, 2.54245710373, -34.4087409973], [176.353759766, 32.5983505249, 148.769943237, -39.2521057129, 51.1240119934, 63.2136955261, 45.9668273926, 101.512260437, 32.5571212769, 21.2551555634, -33.4728546143, -10.2906503677, 12.5119829178], [546.603210449, -42.6078453064, -132.519454956, -26.624414444, -60.6014289856, 48.5833473206, 90.3982086182, 32.5571212769, 169.747375488, 0.718179225922, 25.5452613831, 13.0248889923, -22.0722770691], [-154.577163696, -6.08357477188, 47.5620155334, -31.0261116028, 30.2723999023, -8.59355449677, -31.2154140472, 21.2551555634, 0.718179225922, 84.1063690186, 27.4607963562, -1.79372775555, 6.35368919373], [91.318069458, -104.929595947, -112.744346619, 12.3633737564, -48.415687561, -14.4508504868, -15.6075458527, -33.4728546143, 25.5452613831, 27.4607963562, 99.8708190918, 47.904094696, -1.66533648968], [114.206809998, -33.1689376831, -19.8521556854, -26.8823795319, -25.2828578949, -0.977168440819, 2.54245710373, -10.2906503677, 13.0248889923, -1.79372775555, 47.904094696, 69.7966156006, 12.1456031799], [-305.655822754, -33.887638092, -81.7565383911, -66.5963134766, -38.8478546143, -42.8600959778, -34.4087409973, 12.5119829178, -22.0722770691, 6.35368919373, -1.66533648968, 12.1456031799, 82.0126571655]]
        icov: [[0.00111363327596, 0.00145473366138, -0.00080546917161, -0.000445948477136, 0.00160668685567, -0.00299304979853, -0.00121721008327, 0.000719590112567, -0.00178899359889, 0.000345393258613, 0.0012643141672, -0.00170251564123, 0.00193244253751], [0.00145473366138, 0.00431925151497, -0.00130002468359, -0.00059238623362, 0.000371955044102, -0.00292626745068, -0.00332102412358, 0.00264395936392, -0.0025927296374, -0.000434517947724, 0.00427095033228, -0.00315733277239, 0.00216979323886], [-0.00080546917161, -0.00130002468359, 0.00583093753085, 0.00117214687634, -0.00571479601786, -0.00222350587137, 0.00324440258555, -0.00490699335933, 0.00518780061975, -0.00127022049855, 0.00222697947174, -0.00326934666373, 0.00349026173353], [-0.000445948477136, -0.00059238623362, 0.00117214687634, 0.00643117120489, -0.00309195183218, -0.000486362725496, -0.000778134854045, 0.000940128520597, 0.00311378296465, 0.00291339983232, -0.00493588345125, 0.00481575820595, 0.0020941903349], [0.00160668685567, 0.000371955044102, -0.00571479601786, -0.00309195183218, 0.0181531775743, -0.00277956249192, -0.00625523785129, 0.000954752322286, 0.000518428802025, -0.00531128654256, 0.00231049419381, -0.000706381048076, 0.00301268976182], [-0.00299304979853, -0.00292626745068, -0.00222350587137, -0.000486362725496, -0.00277956249192, 0.0268351417035, -0.00708825048059, -0.00527334492654, 0.00317782419734, 0.00078101962572, -0.00760544743389, 0.00702539784834, -0.00483752647415], [-0.00121721008327, -0.00332102412358, 0.00324440258555, -0.000778134854045, -0.00625523785129, -0.00708825048059, 0.0289980247617, -0.0068629803136, -0.00869309622794, 0.00945909321308, -7.01752360328e-05, -0.00155205768533, 0.000395644223318], [0.000719590112567, 0.00264395936392, -0.00490699335933, 0.000940128520597, 0.000954752322286, -0.00527334492654, -0.0068629803136, 0.0302166119218, -0.00856743939221, -0.00831244140863, 0.00881996564567, 0.00141433381941, -0.0118389707059], [-0.00178899359889, -0.0025927296374, 0.00518780061975, 0.00311378296465, 0.000518428802025, 0.00317782419734, -0.00869309622794, -0.00856743939221, 0.0223429333419, -0.00562104070559, -0.00359353446402, 0.000801683461759, 0.0057844305411], [0.000345393258613, -0.000434517947724, -0.00127022049855, 0.00291339983232, -0.00531128654256, 0.00078101962572, 0.00945909321308, -0.00831244140863, -0.00562104070559, 0.0279009882361, -0.0175380799919, 0.0103485360742, -0.000226754622418], [0.0012643141672, 0.00427095033228, 0.00222697947174, -0.00493588345125, 0.00231049419381, -0.00760544743389, -7.01752360328e-05, 0.00881996564567, -0.00359353446402, -0.0175380799919, 0.0376630499959, -0.0258457902819, 0.00541747920215], [-0.00170251564123, -0.00315733277239, -0.00326934666373, 0.00481575820595, -0.000706381048076, 0.00702539784834, -0.00155205768533, 0.00141433381941, 0.000801683461759, 0.0103485360742, -0.0258457902819, 0.0364203304052, -0.011032869108], [0.00193244253751, 0.00216979323886, 0.00349026173353, 0.0020941903349, 0.00301268976182, -0.00483752647415, 0.000395644223318, -0.0118389707059, 0.0057844305411, -0.000226754622418, 0.00541747920215, -0.011032869108, 0.0296611525118]]
    spectral_contrast:
        mean: [-4.09236321275e-07, 1.24966561543e-07, -2.28475059316e-07, 7.87804822266e-07, 4.01879809431e-08, 3.91117850995e-07, -1.00168918493e-07, 8.07823539617e-07, 2.69394922725e-06, -7.76049455453e-06, 2.28905923905e-06, 3.24875418301e-06]
        var: [0.000266865303274, 0.000566153263208, 0.00105875893496, 0.00203895545565, 0.00262335548177, 0.0103672016412, 0.043328743428, 0.0742770582438, 0.115774579346, 0.303846478462, 1.03854799271, 7.29647874832]

rhythm:
    beats_loudness:
        dmean: 0.00182348152157
        dmean2: 0.00349717400968
        dvar: 6.78993228576e-06
        dvar2: 1.79888393177e-05
        max: 0.0150576028973
        mean: 0.00482087489218
        min: 0.0020315470174
        var: 9.19929425436e-06
    beats_loudness_bass:
        dmean: 0.0771811455488
        dmean2: 0.152544245124
        dvar: 0.0214260481298
        dvar2: 0.0635207146406
        max: 0.530043065548
        mean: 0.0469937510788
        min: 0.00238938815892
        var: 0.01219872199
    bpm: 139.588226318
    bpm_confidence: 0
    first_peak_bpm: 140
    first_peak_spread: 0
    first_peak_weight: 0.949999988079
    onset_rate: 4.2867026329
    second_peak_bpm: 125
    second_peak_spread: 0
    second_peak_weight: 0.0500000007451
    beats_position: [1.25278663635, 1.68067598343, 2.10856533051, 2.53645467758, 2.96434402466, 3.39223361015, 3.82012295723, 4.24801206589, 4.67590141296, 5.10379123688, 5.53168058395, 6.01116132736, 6.44349193573, 6.87582349777, 7.30815458298, 7.74048614502, 8.17281627655, 8.60514736176, 9.03747844696, 9.46980953217, 9.90214061737]
    bpm_estimates: [140.782196045, 140.31703186, 141.465942383, 139.945098877, 139.741592407, 140.095397949, 140.323608398, 139.917373657, 139.999298096, 139.662902832, 139.061798096, 139.416564941, 136.015884399, 138.038635254, 139.676132202, 139.60307312, 139.264587402, 139.261123657]
    bpm_intervals: [0.427889347076, 0.427889347076, 0.427889347076, 0.427889347076, 0.427889585495, 0.427889347076, 0.427889108658, 0.427889347076, 0.427889823914, 0.427889347076, 0.479480743408, 0.432330608368, 0.432331562042, 0.432331085205, 0.432331562042, 0.432330131531, 0.432331085205, 0.432331085205, 0.432331085205, 0.432331085205]
    onset_times: [0.859138309956, 1.04489791393, 1.27709746361, 1.49768710136, 1.69505667686, 1.89242625237, 2.10140585899, 2.32199549675, 2.54258513451, 2.73995471001, 2.96054410934, 3.16952371597, 3.40172338486, 3.59909296036, 3.84290242195, 4.02866220474, 4.26086187363, 4.46984148026, 4.69043064117, 4.91102027893, 5.13160991669, 5.32897949219, 5.56117916107, 5.78176879883, 6.00235843658, 6.19972801208, 6.42031764984, 6.65251684189, 6.84988641739, 7.07047605515, 7.30267572403, 7.51165533066, 7.72063493729, 7.95283460617, 8.17342376709, 8.38240337372, 8.60299301147, 8.82358264923, 9.04417228699, 9.26476192474, 9.46213150024, 9.71755123138, 9.92653083801]
    rubato_start: []
    rubato_stop: []
    perceptual_tempo: "unknown"

sfx:
    inharmonicity:
        dmean: 0.0586894378066
        dmean2: 0.108010917902
        dvar: 0.0068455003202
        dvar2: 0.0181567594409
        max: 0.455648303032
        mean: 0.0441738702357
        min: 0
        var: 0.00590552203357
    oddtoevenharmonicenergyratio:
        dmean: 23.7263069153
        dmean2: 47.3342132568
        dvar: 32180.3496094
        dvar2: 96348.140625
        max: 2413.81445312
        mean: 12.2443437576
        min: 0
        var: 16193.9296875
    pitch_after_max_to_before_max_energy_ratio: 1.17245638371
    pitch_centroid: 159.162536621
    pitch_max_to_total: 0.300505042076
    pitch_min_to_total: 0.0984848514199
    tristimulus:
        dmean: [0.242855116725, 0.253906756639, 0.0782326832414]
        dmean2: [0.428070187569, 0.452093571424, 0.142400339246]
        dvar: [0.0633927583694, 0.0662672072649, 0.0101419147104]
        dvar2: [0.157095298171, 0.172902330756, 0.02950399369]
        max: [1, 0.997725248337, 0.578437387943]
        mean: [0.458787560463, 0.430035471916, 0.0592054389417]
        min: [0.000321012805216, 0, 0]
        var: [0.0758779495955, 0.0739339515567, 0.00848211441189]

tonal:
    chords_changes_rate: 0.0252525247633
    chords_number_rate: 0.0101010100916
    chords_strength:
        dmean: 0.00314110913314
        dmean2: 0.00429443735629
        dvar: 1.4657722204e-05
        dvar2: 2.27767523029e-05
        max: 0.612363040447
        mean: 0.488578766584
        min: 0.408992111683
        var: 0.00480476813391
    key_strength: 0.725047945976
    tuning_diatonic_strength: 0.561614751816
    tuning_equal_tempered_deviation: 0.139419555664
    tuning_frequency: 445.112548828
    tuning_nontempered_energy_ratio: 0.673615276814
    hpcp:
        dmean: [0.120763078332, 0.145587638021, 0.114709168673, 0.084324426949, 0.057686354965, 0.0544544905424, 0.0756677016616, 0.0584871843457, 0.0553999133408, 0.0578050762415, 0.0701901242137, 0.0972443223, 0.101948395371, 0.0903202667832, 0.0825628116727, 0.10081641376, 0.158333942294, 0.148849755526, 0.124683342874, 0.139704138041, 0.150947719812, 0.0758258476853, 0.137253418565, 0.0991589426994, 0.0733165293932, 0.0595950111747, 0.070586040616, 0.0603840909898, 0.0496716722846, 0.064934104681, 0.0554337315261, 0.055634252727, 0.103234618902, 0.114785023034, 0.105992920697, 0.122583173215]
        dmean2: [0.219849377871, 0.264912694693, 0.210262745619, 0.155031129718, 0.106017023325, 0.0962912216783, 0.126297578216, 0.105006910861, 0.0993914082646, 0.106683701277, 0.12386649102, 0.176228836179, 0.188291564584, 0.161868840456, 0.143727064133, 0.174827694893, 0.279540479183, 0.268399447203, 0.223196923733, 0.246746718884, 0.267963558435, 0.135381340981, 0.240358173847, 0.184134185314, 0.135707139969, 0.108125582337, 0.127451017499, 0.109530635178, 0.087374985218, 0.114724740386, 0.0978976786137, 0.0999002531171, 0.180659681559, 0.19944319129, 0.190214112401, 0.221035838127]
        dvar: [0.0396439731121, 0.0495123118162, 0.037236481905, 0.0203272830695, 0.00875861104578, 0.00496619567275, 0.0108585692942, 0.0123314401135, 0.00852822512388, 0.00946943368763, 0.0121690612286, 0.0240955129266, 0.0285759996623, 0.0215079635382, 0.018097775057, 0.0183884371072, 0.0550449490547, 0.0489606410265, 0.0346041321754, 0.0427096039057, 0.0259909275919, 0.022330718115, 0.03169465065, 0.0300602801144, 0.0179894678295, 0.00837181787938, 0.0135470842943, 0.00984973367304, 0.00568398553878, 0.00922021362931, 0.00657963752747, 0.0086887171492, 0.0240039322525, 0.0252047851682, 0.0258919745684, 0.0293007791042]
        dvar2: [0.10378305614, 0.134759247303, 0.101385869086, 0.0548539683223, 0.023470249027, 0.0140771111473, 0.0296915154904, 0.0264482945204, 0.0220733787864, 0.0253316704184, 0.0323845781386, 0.0639224648476, 0.0769696906209, 0.0560786053538, 0.04563851282, 0.0445976145566, 0.134745255113, 0.119618542492, 0.0876288712025, 0.109554193914, 0.0704783424735, 0.055584281683, 0.0841839909554, 0.0807159990072, 0.0487167313695, 0.0218559913337, 0.0361670292914, 0.0266465209424, 0.015150164254, 0.0236587654799, 0.0168848410249, 0.0233195573092, 0.0622497834265, 0.0625062733889, 0.0676873698831, 0.0757926627994]
        max: [1, 1, 1, 0.874749839306, 0.473658531904, 0.441965579987, 0.857112884521, 1, 0.627766251564, 0.66338044405, 0.60859566927, 0.727132439613, 1, 0.740836143494, 1, 0.63398873806, 1, 1, 0.835698485374, 1, 1, 1, 1, 1, 0.700175285339, 0.443756818771, 0.758723735809, 0.565832257271, 0.436460524797, 0.4517172575, 0.332056522369, 0.566789150238, 0.786936163902, 0.749102771282, 0.732150197029, 0.725691378117]
        mean: [0.310229361057, 0.209320902824, 0.0785943418741, 0.0507733114064, 0.0357479825616, 0.0535796694458, 0.077237829566, 0.0525792092085, 0.0347521193326, 0.0369624644518, 0.0472278222442, 0.0621768683195, 0.0619944259524, 0.063965216279, 0.0639991909266, 0.0731846094131, 0.104048870504, 0.0947691053152, 0.0778084397316, 0.127866566181, 0.560925841331, 0.742657959461, 0.298347592354, 0.0582877136767, 0.0434617847204, 0.0371725335717, 0.0526050515473, 0.050263389945, 0.0369548276067, 0.04254591465, 0.0360081382096, 0.0400028601289, 0.081862770021, 0.0856377482414, 0.0670703351498, 0.187130719423]
        min: [4.16935326939e-05, 8.0109872215e-05, 5.61137494515e-05, 2.10666275962e-05, 8.86977140908e-05, 0.000882608583197, 0.000494817213621, 0.000374150520656, 9.35708885663e-06, 1.55578181875e-05, 1.5555682694e-05, 1.15175635074e-05, 2.6935542337e-05, 0.000142451477586, 0.000296490034088, 6.2869687099e-05, 7.78395315137e-06, 8.80531842995e-06, 8.96770870895e-06, 0.000973900954705, 0.00770600466058, 0.0162333268672, 0.0037017101422, 6.29169198874e-06, 9.03052023205e-06, 1.9991370209e-05, 0.000142288365168, 0.000200516326004, 8.00270281616e-05, 1.32752102218e-05, 1.11855097202e-05, 5.66740418435e-05, 0.000150002204464, 0.000139679003041, 5.72231510887e-05, 2.01919592655e-05]
        var: [0.16946542263, 0.0578399151564, 0.0242833606899, 0.0130056273192, 0.00570825021714, 0.00476564699784, 0.0112859010696, 0.0120095089078, 0.00615247990936, 0.00610710028559, 0.00855442043394, 0.0162316542119, 0.0184782445431, 0.0159655883908, 0.014692755416, 0.0151847200468, 0.0416550338268, 0.036052454263, 0.0254790056497, 0.0358397141099, 0.100167840719, 0.147337466478, 0.0442453734577, 0.0189499165863, 0.0112251285464, 0.00574680697173, 0.00932531803846, 0.00698675913736, 0.00418831221759, 0.00677908957005, 0.0048688556999, 0.00596351874992, 0.0185514371842, 0.0205406975001, 0.0181142874062, 0.0522928349674]
    chords_histogram: [87.8787841797, 12.1212120056, 0, 0, 0, 0, 0, 0, 0, 0, 0, 0, 0, 0, 0, 0, 0, 0, 0, 0, 0, 0, 0, 0]
    thpcp: [1, 0.401729464531, 0.0784852728248, 0.0585219413042, 0.0500533692539, 0.0708334818482, 0.0676804035902, 0.0497602261603, 0.0572887063026, 0.0484854951501, 0.0538644455373, 0.110229440033, 0.115312501788, 0.0903112068772, 0.251974314451, 0.417728453875, 0.281853705645, 0.10582844913, 0.0683670192957, 0.0481351912022, 0.072145819664, 0.104001887143, 0.0707986876369, 0.0467942468822, 0.0497705079615, 0.0635929629207, 0.0837220773101, 0.0834764167666, 0.0861301124096, 0.086175866425, 0.0985441654921, 0.14010335505, 0.127608016133, 0.104770220816, 0.172174230218, 0.755294978619]
    chords_key: "A"
    chords_scale: "major"
    key_key: "A"
    key_scale: "major"
    chords_progression: ["C#m", "C#m", "C#m", "C#m", "C#m", "C#m", "C#m", "C#m", "C#m", "C#m", "C#m", "C#m", "C#m", "A", "A", "A", "A", "A", "A", "A", "A", "A", "A", "A", "A", "A", "A", "A", "A", "A", "A", "A", "A", "A", "A", "A", "A", "A", "A", "A", "A", "A", "A", "A", "A", "A", "A", "A", "A", "A", "A", "A", "A", "A", "A", "A", "A", "A", "A", "A", "A", "A", "A", "A", "A", "A", "A", "A", "A", "A", "A", "A", "A", "A", "A", "A", "A", "A", "A", "A", "A", "A", "A", "A", "A", "A", "A", "A", "A", "A", "A", "A", "A", "A", "A", "C#m", "C#m", "C#m", "C#m", "C#m", "C#m", "C#m", "C#m", "C#m", "C#m", "A", "A", "A", "A", "A", "A", "A", "A", "A", "A", "A", "A", "A", "A", "A", "A", "A", "A", "A", "A", "A", "A", "A", "C#m", "A", "A", "A", "A", "A", "A", "A", "A", "A", "A", "A", "A", "A", "A", "A", "A", "A", "A", "A", "A", "A", "A", "A", "A", "A", "A", "A", "A", "A", "A", "A", "A", "A", "A", "A", "A", "A", "A", "A", "A", "A", "A", "A", "A", "A", "A", "A", "A", "A", "A", "A", "A", "A", "A", "A", "A", "A", "A", "A", "A", "A", "A", "A", "A", "A", "A", "A", "A", "A"]
