
metadata:
    version:
        essentia: "1.2.2"
    audio_properties:
        analysis_sample_rate: 44100
        bitrate: 128
        channels: 2
        equal_loudness: 1
        length: 10.0571432114
        replay_gain: -8.55308532715
        downmix: "mix"
    tags:
        track: 6
        year: 0
        album: "Splitted by Mp3Splt v. 2.1"
        artist: "From 000.50 To 001.00"
        comment: "http://mp3splt.sf.net"
        genre: ""
        title: "08 Track 8.mp3"

highlevel:
    ballroom:
        all:
            ChaChaCha: 0.057868141681
            Jive: 0.0366809368134
            Quickstep: 0.0961256250739
            Rumba-American: 0.0270702429116
            Rumba-International: 0.200844481587
            Rumba-Misc: 0.137302204967
            Samba: 0.395708590746
            Tango: 0.009172225371
            VienneseWaltz: 0.0250973496586
            Waltz: 0.0141301956028
        probability: 0.395708590746
        value: "Samba"
    culture:
        all:
            non_western: 0.951738119125
            western: 0.0482619069517
        probability: 0.951738119125
        value: "non_western"
    gender:
        all:
            female: 0.623535692692
            male: 0.376464337111
        probability: 0.623535692692
        value: "female"
    genre_dortmund:
        all:
            alternative: 0.0089893406257
            blues: 0.00470726005733
            electronic: 0.0405762605369
            folkcountry: 0.0217963401228
            funksoulrnb: 0.0195352770388
            jazz: 0.159657672048
            pop: 0.0634876787663
            raphiphop: 0.67242795229
            rock: 0.00882224179804
        probability: 0.67242795229
        value: "raphiphop"
    genre_electronica:
        all:
            ambient: 0.626196146011
            dnb: 0.0911782160401
            house: 0.170972958207
            techno: 0.0371405631304
            trance: 0.0745121464133
        probability: 0.626196146011
        value: "ambient"
    genre_rosamerica:
        all:
            cla: 0.0164924822748
            dan: 0.18695294857
            hip: 0.240423649549
            jaz: 0.0515687130392
            pop: 0.032744936645
            rhy: 0.439860582352
            roc: 0.0166375152767
            spe: 0.0153191974387
        probability: 0.439860582352
        value: "rhy"
    genre_tzanetakis:
        all:
            blu: 0.00143942516297
            cla: 0.0034288961906
            cou: 0.0202261079103
            dis: 0.0274889245629
            hip: 0.0563162863255
            jaz: 0.00835636630654
            met: 0.00121784687508
            pop: 0.451865077019
            reg: 0.413601607084
            roc: 0.0160594601184
        probability: 0.451865077019
        value: "pop"
    live_studio:
        all:
            live: 0.00548288552091
            studio: 0.994517087936
        probability: 0.994517087936
        value: "studio"
    mood:
        all:
            Cluster1: 0.104743666947
            Cluster2: 0.166114807129
            Cluster3: 0.603773891926
            Cluster4: 0.0974384099245
            Cluster5: 0.0279292277992
        probability: 0.603773891926
        value: "Cluster3"
    mood_acoustic:
        all:
            acoustic: 0.21473377943
            not_acoustic: 0.78526622057
        probability: 0.78526622057
        value: "not_acoustic"
    mood_aggressive:
        all:
            aggressive: 0.00782378390431
            not_aggressive: 0.992176234722
        probability: 0.992176234722
        value: "not_aggressive"
    mood_electronic:
        all:
            electronic: 0.514770686626
            not_electronic: 0.485229343176
        probability: 0.514770686626
        value: "electronic"
    mood_happy:
        all:
            happy: 0.295100152493
            not_happy: 0.704899847507
        probability: 0.704899847507
        value: "not_happy"
    mood_party:
        all:
            not_party: 0.735896885395
            party: 0.264103144407
        probability: 0.735896885395
        value: "not_party"
    mood_relaxed:
        all:
            not_relaxed: 0.17537291348
            relaxed: 0.824627101421
        probability: 0.824627101421
        value: "relaxed"
    mood_sad:
        all:
            not_sad: 0.256258636713
            sad: 0.743741333485
        probability: 0.743741333485
        value: "sad"
    rhythm:
        all:
            fast: 0.276045203209
            medium: 0.66750895977
            slow: 0.056445851922
        probability: 0.66750895977
        value: "medium"
    speech_music:
        all:
            music: 0.99899572134
            speech: 0.00100429286249
        probability: 0.99899572134
        value: "music"
    timbre:
        all:
            bright: 0.481614857912
            dark: 0.518385112286
        probability: 0.518385112286
        value: "dark"
    voice_instrumental:
        all:
            instrumental: 0.390352845192
            voice: 0.609647154808
        probability: 0.609647154808
        value: "voice"

lowlevel:
    average_loudness: 0.932895302773
    barkbands_kurtosis:
        dmean: 4.26472473145
        dmean2: 6.81250190735
        dvar: 70.2975234985
        dvar2: 170.330535889
        max: 97.9454574585
        mean: 5.73190736771
        min: -1.63034188747
        var: 121.826271057
    barkbands_skewness:
        dmean: 0.681275188923
        dmean2: 1.00086987019
        dvar: 0.574050247669
        dvar2: 1.14630484581
        max: 8.81726360321
        mean: 1.40753507614
        min: -4.39708375931
        var: 2.16052675247
    barkbands_spread:
        dmean: 5.33266592026
        dmean2: 8.3405828476
        dvar: 35.7492523193
        dvar2: 81.1773757935
        max: 55.2031097412
        mean: 17.4433708191
        min: 1.19214093685
        var: 111.741165161
    dissonance:
        dmean: 0.0383121483028
        dmean2: 0.0609693266451
        dvar: 0.00144224253017
        dvar2: 0.0032668961212
        max: 0.497210621834
        mean: 0.407402664423
        min: 0.037797652185
        var: 0.0036250220146
    hfc:
        dmean: 1.15912222862
        dmean2: 1.60009932518
        dvar: 3.46266007423
        dvar2: 5.92391395569
        max: 26.3769187927
        mean: 2.90749382973
        min: 0.000426474929554
        var: 10.1188087463
    pitch:
        dmean: 245.393310547
        dmean2: 467.532440186
        dvar: 486938.9375
        dvar2: 1118209.125
        max: 4410
        mean: 530.695983887
        min: 86.9822463989
        var: 894424.125
    pitch_instantaneous_confidence:
        dmean: 0.101053133607
        dmean2: 0.159999832511
        dvar: 0.00850395858288
        dvar2: 0.0174260400236
        max: 0.937346696854
        mean: 0.553229510784
        min: 0.139856994152
        var: 0.0273284167051
    pitch_salience:
        dmean: 0.0778078958392
        dmean2: 0.121002726257
        dvar: 0.00534429540858
        dvar2: 0.0110949287191
        max: 0.937281727791
        mean: 0.557616531849
        min: 0.167350620031
        var: 0.0188827887177
    silence_rate_20dB:
        dmean: 0
        dmean2: 0
        dvar: 0
        dvar2: 0
        max: 1
        mean: 1
        min: 1
        var: 0
    silence_rate_30dB:
        dmean: 0
        dmean2: 0
        dvar: 0
        dvar2: 0
        max: 1
        mean: 1
        min: 1
        var: 0
    silence_rate_60dB:
        dmean: 0.115207374096
        dmean2: 0.22863741219
        dvar: 0.101934477687
        dvar2: 0.199457809329
        max: 1
        mean: 0.535632193089
        min: 0
        var: 0.248730584979
    spectral_centroid:
        dmean: 243.808776855
        dmean2: 347.889770508
        dvar: 127267.445312
        dvar2: 232774.8125
        max: 4276.30957031
        mean: 1021.66680908
        min: 169.129455566
        var: 608578.9375
    spectral_complexity:
        dmean: 1.49653577805
        dmean2: 2.32175922394
        dvar: 3.33543372154
        dvar2: 7.16267585754
        max: 20
        mean: 5.83179712296
        min: 0
        var: 11.6698675156
    spectral_crest:
        dmean: 2.94169998169
        dmean2: 4.67114162445
        dvar: 6.63706874847
        dvar2: 16.8913002014
        max: 23.5574855804
        mean: 10.4060783386
        min: 3.22973823547
        var: 17.9524440765
    spectral_decrease:
        dmean: 3.75373038208e-10
        dmean2: 5.16958253982e-10
        dvar: 2.191741178e-19
        dvar2: 4.94780358145e-19
        max: -1.38830787144e-13
        mean: -9.10016062505e-10
        min: -5.15766229725e-09
        var: 6.40089728786e-19
    spectral_energy:
        dmean: 0.00150310248137
        dmean2: 0.00206598336808
        dvar: 3.47075365426e-06
        dvar2: 7.76421347837e-06
        max: 0.0203877240419
        mean: 0.00369832664728
        min: 5.62662535231e-07
        var: 1.01819841802e-05
    spectral_energyband_high:
        dmean: 6.03585758654e-05
        dmean2: 9.43872000789e-05
        dvar: 5.06217467944e-08
        dvar2: 1.09351013577e-07
        max: 0.00416202796623
        mean: 0.000103571001091
        min: 6.63306654047e-09
        var: 8.68568363899e-08
    spectral_energyband_low:
        dmean: 0.000458833615994
        dmean2: 0.000660274643451
        dvar: 7.60069724492e-07
        dvar2: 1.68225290054e-06
        max: 0.00734569504857
        mean: 0.000542948488146
        min: 1.95804061853e-09
        var: 1.02056071682e-06
    spectral_energyband_middle_high:
        dmean: 0.000312575983116
        dmean2: 0.000425808335422
        dvar: 3.02887400494e-07
        dvar2: 4.38470181052e-07
        max: 0.0099339261651
        mean: 0.000708773848601
        min: 1.50547393218e-07
        var: 1.03219315406e-06
    spectral_energyband_middle_low:
        dmean: 0.00103767472319
        dmean2: 0.00153099070303
        dvar: 2.80761196336e-06
        dvar2: 6.73958857078e-06
        max: 0.0191506650299
        mean: 0.00234298943542
        min: 3.78994570838e-07
        var: 7.02332999936e-06
    spectral_flatness_db:
        dmean: 0.029422275722
        dmean2: 0.0452860407531
        dvar: 0.000811125501059
        dvar2: 0.00180284038652
        max: 0.325926631689
        mean: 0.165403023362
        min: 0.0595715530217
        var: 0.00279813818634
    spectral_flux:
        dmean: 0.0108557604253
        dmean2: 0.0166123770177
        dvar: 0.000139344774652
        dvar2: 0.000349231588189
        max: 0.105379134417
        mean: 0.0319412834942
        min: 0.00417956430465
        var: 0.000295006058877
    spectral_kurtosis:
        dmean: 1.61914277077
        dmean2: 2.52643179893
        dvar: 6.2213716507
        dvar2: 14.6999979019
        max: 24.6998901367
        mean: 3.61338949203
        min: -0.584702968597
        var: 11.6925230026
    spectral_rms:
        dmean: 0.000372608250473
        dmean2: 0.000494431413244
        dvar: 1.46102223653e-07
        dvar2: 2.9114957556e-07
        max: 0.00445987237617
        mean: 0.00173147127498
        min: 2.34294493566e-05
        var: 6.10126846823e-07
    spectral_rolloff:
        dmean: 475.321746826
        dmean2: 764.528076172
        dvar: 541647.3125
        dvar2: 1227690.25
        max: 5189.50195312
        mean: 1650.31567383
        min: 150.732421875
        var: 1798565.125
    spectral_skewness:
        dmean: 0.282229542732
        dmean2: 0.438101947308
        dvar: 0.126555234194
        dvar2: 0.280516266823
        max: 4.27263021469
        mean: 1.76312196255
        min: 0.646116197109
        var: 0.413115501404
    spectral_spread:
        dmean: 1558540.75
        dmean2: 2200319.25
        dvar: 2.51181583565e+12
        dvar2: 5.49509660672e+12
        max: 18693918
        mean: 8290892
        min: 3053592.5
        var: 6.56302250394e+12
    spectral_strongpeak:
        dmean: 0.340038001537
        dmean2: 0.552927076817
        dvar: 0.245360329747
        dvar2: 0.667628407478
        max: 5.52915811539
        mean: 0.60978269577
        min: 0.000235237559536
        var: 0.385213762522
    zerocrossingrate:
        dmean: 0.0109959132969
        dmean2: 0.0125811537728
        dvar: 0.000133658686536
        dvar2: 0.000147462647874
        max: 0.1982421875
        mean: 0.0639310926199
        min: 0.001953125
        var: 0.00148783880286
    barkbands:
        dmean: [2.00368913283e-06, 0.000188508187421, 0.000302199769067, 0.000121469820442, 0.000124934798805, 0.000251721707173, 0.000342367071426, 0.000473071268061, 9.82912461041e-05, 5.43861751794e-05, 7.44891513023e-05, 5.46109913557e-05, 0.000110771456093, 1.09792863441e-05, 1.30432827063e-05, 1.4511975678e-05, 1.79616981768e-05, 2.14885785681e-05, 6.48947825539e-05, 7.3025963502e-05, 1.67360576597e-05, 5.4732740864e-06, 4.04069851356e-06, 2.87894590656e-06, 2.66874440058e-06, 3.06437556219e-07, 1.70274838673e-09]
        dmean2: [2.88082082989e-06, 0.000314324715873, 0.000437514652731, 0.000173166801687, 0.000180115996045, 0.000372676673578, 0.000506169453729, 0.000758591282647, 0.000152748107212, 8.07661417639e-05, 0.000111858695163, 7.97173124738e-05, 0.00016022172349, 1.72118870978e-05, 1.95007560251e-05, 2.32247875829e-05, 2.84591424133e-05, 3.58368997695e-05, 8.95399280125e-05, 0.00012091811368, 2.56808125414e-05, 7.71721443016e-06, 6.4070454755e-06, 4.16644797951e-06, 4.20310561822e-06, 4.35684142985e-07, 2.6683588672e-09]
        dvar: [1.89826279695e-11, 1.39923955089e-07, 4.14665635162e-07, 4.53334791928e-08, 6.67657147346e-08, 2.1908768133e-07, 5.07531296989e-07, 1.18318143905e-06, 4.5261099757e-08, 1.38742102251e-08, 1.57665240863e-08, 2.87184267478e-08, 1.22735926311e-07, 4.75380124154e-10, 5.16153453312e-10, 1.49011847306e-09, 1.61812185873e-09, 1.44703526939e-09, 4.05977118589e-08, 6.87833718871e-08, 2.11847406284e-09, 9.8290861561e-11, 7.42494746242e-11, 1.51149110589e-11, 7.70569632408e-12, 9.32145053961e-14, 1.9209533309e-16]
        dvar2: [3.68164006226e-11, 3.31444795165e-07, 8.99053986814e-07, 9.29376398062e-08, 1.36187694011e-07, 5.04021841152e-07, 1.04821799596e-06, 2.95550671581e-06, 1.07028164109e-07, 2.60183732337e-08, 3.31455467517e-08, 4.75988670701e-08, 2.40796680373e-07, 9.60043711196e-10, 9.10256092723e-10, 3.44935280339e-09, 3.28452842702e-09, 3.7373890649e-09, 5.34358655102e-08, 1.62215073374e-07, 4.54308768383e-09, 1.19964094214e-10, 1.16930576333e-10, 2.59642220918e-11, 1.89111729748e-11, 2.04618643535e-13, 4.82666690158e-16]
        max: [2.48032865784e-05, 0.0032925689593, 0.00576761225238, 0.00280150678009, 0.00394781539217, 0.00422528898343, 0.0098840193823, 0.00919930636883, 0.00267892959528, 0.00202024541795, 0.00175135093741, 0.0029798168689, 0.00500117428601, 0.000387307809433, 0.000542450346984, 0.000567080685869, 0.000507700315211, 0.000305244815536, 0.00406256131828, 0.00344346114434, 0.000902173807845, 0.000232489051996, 0.000191360712051, 5.45504699403e-05, 1.98053749045e-05, 1.82650899205e-06, 2.05588477797e-07]
        mean: [1.92565244106e-06, 0.000170393861481, 0.000370675435988, 0.000232292572036, 0.000254303973634, 0.00051818753127, 0.000499630870763, 0.000676104566082, 0.000151407468366, 9.14208503673e-05, 0.0001123942493, 8.85119079612e-05, 0.000147039754665, 1.62569285749e-05, 2.05407177418e-05, 2.17449123738e-05, 2.83847894025e-05, 2.95912141155e-05, 0.000104770479084, 0.000105155791971, 3.04862605844e-05, 1.13594287541e-05, 6.74750981489e-06, 4.81256574858e-06, 3.75245281248e-06, 4.35666862586e-07, 1.47152190433e-09]
        min: [1.68215885665e-10, 1.12525710971e-09, 7.55387752349e-10, 5.38918187853e-10, 1.58733151068e-08, 8.58266560044e-08, 1.07028981233e-07, 5.05163022524e-08, 7.35590566237e-09, 1.14058185119e-08, 5.19639087315e-09, 3.62656464858e-08, 6.37908996737e-08, 9.66134017233e-09, 2.9792004419e-09, 3.51923912234e-09, 1.58666602079e-09, 8.21091694636e-10, 9.24585386031e-09, 6.41706243698e-09, 8.33536795142e-10, 6.7482452959e-10, 1.16986020871e-09, 6.01379723797e-10, 8.48076608939e-10, 2.85503370945e-10, 6.53339632829e-13]
        var: [2.29428542137e-11, 1.46116676092e-07, 5.61683691558e-07, 1.26800514977e-07, 2.2726455029e-07, 6.40183770884e-07, 1.0373483974e-06, 1.80539427674e-06, 9.30540053901e-08, 4.03386550829e-08, 3.8747558051e-08, 7.6327076215e-08, 1.64125538049e-07, 1.23354293446e-09, 1.74449488188e-09, 2.15929452096e-09, 3.31300120671e-09, 1.76316194977e-09, 1.2194499277e-07, 1.10292965871e-07, 3.98369204291e-09, 3.27704530179e-10, 1.66084992981e-10, 3.49241607855e-11, 1.10423805516e-11, 1.47924085632e-13, 9.70223301521e-17]
    mfcc:
        mean: [-760.817382812, 108.676864624, -3.86967492104, 14.5314855576, -24.9034614563, -9.2795715332, 3.29601287842, -5.79910945892, -9.53084087372, -3.0513446331, 4.51585769653, 5.0915184021, 7.08142518997]
        cov: [[2553.90234375, 101.978752136, -127.774726868, 466.139556885, 329.029449463, -127.585670471, -38.8546028137, 6.85591173172, -79.8649597168, -181.54234314, -130.598709106, -123.120697021, -113.591972351], [101.978752136, 1792.87609863, 583.938537598, 15.1175441742, 364.669372559, 90.4703292847, -141.97076416, -51.0925331116, -132.492980957, -267.262939453, -27.7849006653, -86.9629440308, -175.692581177], [-127.774726868, 583.938537598, 705.200256348, 25.5469169617, 192.277526855, 194.357910156, 54.9455947876, 16.8272361755, 17.759847641, -65.1723403931, 41.6035499573, -22.6955070496, -71.3104324341], [466.139556885, 15.1175441742, 25.5469169617, 402.691986084, 218.8800354, 58.2256393433, 33.8745384216, 17.3729515076, -10.1986999512, -36.6056365967, -75.8262786865, -40.6111946106, -34.5037460327], [329.029449463, 364.669372559, 192.277526855, 218.8800354, 375.802764893, 170.974182129, 13.2365703583, 33.1465835571, -7.77517747879, -83.7006607056, -2.33289766312, -12.8900794983, -41.6347236633], [-127.585670471, 90.4703292847, 194.357910156, 58.2256393433, 170.974182129, 265.880004883, 130.267623901, 65.2543716431, 51.6545906067, 19.1234474182, 33.5985946655, 31.7182312012, -3.30995774269], [-38.8546028137, -141.97076416, 54.9455947876, 33.8745384216, 13.2365703583, 130.267623901, 234.141448975, 119.475120544, 85.544052124, 78.6066055298, 38.9815597534, 20.4897499084, 25.2951774597], [6.85591173172, -51.0925331116, 16.8272361755, 17.3729515076, 33.1465835571, 65.2543716431, 119.475120544, 171.036422729, 111.768226624, 64.0293121338, 51.8891220093, 27.4854984283, 25.9233951569], [-79.8649597168, -132.492980957, 17.759847641, -10.1986999512, -7.77517747879, 51.6545906067, 85.544052124, 111.768226624, 173.237106323, 118.438171387, 72.6644210815, 47.9185409546, 37.3439216614], [-181.54234314, -267.262939453, -65.1723403931, -36.6056365967, -83.7006607056, 19.1234474182, 78.6066055298, 64.0293121338, 118.438171387, 200.183547974, 90.3802261353, 53.6137237549, 57.6987686157], [-130.598709106, -27.7849006653, 41.6035499573, -75.8262786865, -2.33289766312, 33.5985946655, 38.9815597534, 51.8891220093, 72.6644210815, 90.3802261353, 137.797775269, 83.8754882812, 43.9739761353], [-123.120697021, -86.9629440308, -22.6955070496, -40.6111946106, -12.8900794983, 31.7182312012, 20.4897499084, 27.4854984283, 47.9185409546, 53.6137237549, 83.8754882812, 126.722167969, 76.2922897339], [-113.591972351, -175.692581177, -71.3104324341, -34.5037460327, -41.6347236633, -3.30995774269, 25.2951774597, 25.9233951569, 37.3439216614, 57.6987686157, 43.9739761353, 76.2922897339, 114.223876953]]
        icov: [[0.000658000004478, 0.000110795459477, 0.000106818224594, -0.000356496369932, -0.000867842638399, 0.00108583038673, -0.000484188902192, -5.73692022954e-06, -0.00010515491158, 0.000397391995648, -5.54317521164e-05, -5.0817943702e-05, 0.000496364897117], [0.000110795459477, 0.00125486415345, -0.000793639279436, 0.000705619051587, -0.00150136754382, 0.000932096096221, 0.000257377629168, -0.000527255178895, 0.000527399650309, 0.000354691059329, 0.000278977502603, -0.000503805698827, 0.00117794866674], [0.000106818224594, -0.000793639279436, 0.0028244710993, -0.000583184650168, 0.000715978443623, -0.00193257431965, -0.000372110458557, 0.00117200484965, -0.00136129907332, 0.00156524428166, -0.00243645231239, 0.00175907602534, -8.84878318175e-05], [-0.000356496369932, 0.000705619051587, -0.000583184650168, 0.00646453769878, -0.0056097926572, 0.00276202941313, -0.00177038135007, -8.37606876303e-07, 0.000617458485067, -0.00321781286038, 0.00630058115348, -0.0029423518572, 0.0017102122074], [-0.000867842638399, -0.00150136754382, 0.000715978443623, -0.0056097926572, 0.0126159247011, -0.00901596061885, 0.00443525798619, -0.0013378218282, -0.000745471566916, 0.00458585517481, -0.00712929712608, 0.00448952522129, -0.00308801350184], [0.00108583038673, 0.000932096096221, -0.00193257431965, 0.00276202941313, -0.00901596061885, 0.0139808822423, -0.00697169359773, 0.00107249291614, 0.00010335764091, -0.00261750118807, 0.0055372081697, -0.00621301308274, 0.00386711675674], [-0.000484188902192, 0.000257377629168, -0.000372110458557, -0.00177038135007, 0.00443525798619, -0.00697169359773, 0.011459258385, -0.00614144233987, 0.00139854603913, -0.000813163467683, -0.0017704089405, 0.0028476153966, -0.00184883270413], [-5.73692022954e-06, -0.000527255178895, 0.00117200484965, -8.37606876303e-07, -0.0013378218282, 0.00107249291614, -0.00614144233987, 0.0149645283818, -0.0085297068581, 0.00279023358598, -0.00264172418974, 0.00181951280683, -0.00139707827475], [-0.00010515491158, 0.000527399650309, -0.00136129907332, 0.000617458485067, -0.000745471566916, 0.00010335764091, 0.00139854603913, -0.0085297068581, 0.0162662640214, -0.00771453278139, 0.00131289171986, -0.00284896488301, 0.00137700035702], [0.000397391995648, 0.000354691059329, 0.00156524428166, -0.00321781286038, 0.00458585517481, -0.00261750118807, -0.000813163467683, 0.00279023358598, -0.00771453278139, 0.0162479430437, -0.0109752966091, 0.00577958067879, -0.00323183625005], [-5.54317521164e-05, 0.000278977502603, -0.00243645231239, 0.00630058115348, -0.00712929712608, 0.0055372081697, -0.0017704089405, -0.00264172418974, 0.00131289171986, -0.0109752966091, 0.0258037094027, -0.0152982762083, 0.00470843026415], [-5.0817943702e-05, -0.000503805698827, 0.00175907602534, -0.0029423518572, 0.00448952522129, -0.00621301308274, 0.0028476153966, 0.00181951280683, -0.00284896488301, 0.00577958067879, -0.0152982762083, 0.0243462380022, -0.0125630469993], [0.000496364897117, 0.00117794866674, -8.84878318175e-05, 0.0017102122074, -0.00308801350184, 0.00386711675674, -0.00184883270413, -0.00139707827475, 0.00137700035702, -0.00323183625005, 0.00470843026415, -0.0125630469993, 0.0189953204244]]
    spectral_contrast:
        mean: [-1.3944945465e-07, -6.923117013e-08, 4.01455821475e-07, -2.45491492024e-07, -2.64890445578e-07, 2.15963837036e-07, 6.73367708259e-07, -1.86717727502e-06, 3.35104459737e-06, -1.17286560908e-07, 4.66289611722e-06, -1.65025210208e-06]
        var: [0.000363982835552, 0.00180605228525, 0.00227241846733, 0.00308628822677, 0.00550335412845, 0.0123265152797, 0.123978964984, 0.165851786733, 0.184353351593, 0.465712100267, 1.24332010746, 1.65775215626]

rhythm:
    beats_loudness:
        dmean: 0.00363024673425
        dmean2: 0.00563153391704
        dvar: 6.77929801896e-06
        dvar2: 1.280867491e-05
        max: 0.0144327813759
        mean: 0.00573162734509
        min: 0.000966000487097
        var: 1.15063494377e-05
    beats_loudness_bass:
        dmean: 0.326354473829
        dmean2: 0.57838177681
        dvar: 0.0632114186883
        dvar2: 0.246143892407
        max: 0.914371490479
        mean: 0.261216551065
        min: 0.000995883834548
        var: 0.0781354606152
    bpm: 116.889595032
    bpm_confidence: 0
    first_peak_bpm: 117
    first_peak_spread: 0
    first_peak_weight: 0.941176474094
    onset_rate: 4.77272748947
    second_peak_bpm: 77
    second_peak_spread: 0
    second_peak_weight: 0.0588235296309
    beats_position: [0.490890532732, 1.00419974327, 1.5175088644, 2.03081798553, 2.54412722588, 3.05743646622, 3.57074570656, 4.0840549469, 4.59736442566, 5.11067342758, 5.62398290634, 6.40050792694, 6.91381502151, 7.42712211609, 7.94042921066, 8.45373630524, 8.96704387665, 9.48034954071]
    bpm_estimates: [116.96370697, 116.823455811, 117.183547974, 116.750022888, 117.103462219, 117.304405212, 116.557365417, 116.639091492, 116.781394958, 116.784233093, 117.258026123, 116.742218018, 117.681030273, 116.504951477, 117.087020874, 116.744636536, 116.693977356, 116.64315033, 116.656723022]
    bpm_intervals: [0.513309240341, 0.513309121132, 0.513309121132, 0.513309240341, 0.513309240341, 0.513309240341, 0.513309240341, 0.51330947876, 0.513309001923, 0.51330947876, 0.776525020599, 0.513307094574, 0.513307094574, 0.513307094574, 0.513307094574, 0.513307571411, 0.513305664062]
    onset_times: [0.0464399084449, 0.46439909935, 0.743038535118, 0.986848056316, 1.23065757751, 1.49768710136, 1.66022670269, 1.89242625237, 2.00852608681, 2.26394557953, 2.50775504112, 2.80961441994, 3.04181408882, 3.34367346764, 3.55265307426, 3.81968259811, 3.95900225639, 4.08671188354, 4.31891155243, 4.58594083786, 4.85297060013, 5.10838985443, 5.24770975113, 5.36380958557, 5.61922883987, 5.75854873657, 5.88625860214, 6.03718805313, 6.14167785645, 6.24616765976, 6.39709758759, 6.65251684189, 6.90793657303, 7.17496585846, 7.26784563065, 7.44199562073, 7.69741487503, 7.94122457504, 8.2198638916, 8.34757328033, 8.46367359161, 8.70748329163, 8.97451210022, 9.24154186249, 9.4853515625, 9.7639913559, 9.90331077576, 10.0078001022]
    rubato_start: []
    rubato_stop: []
    perceptual_tempo: "unknown"

sfx:
    inharmonicity:
        dmean: 0.0445552766323
        dmean2: 0.0816143453121
        dvar: 0.00423476938158
        dvar2: 0.0121372658759
        max: 0.451788693666
        mean: 0.0394766330719
        min: 1.9716587758e-06
        var: 0.0036605198402
    oddtoevenharmonicenergyratio:
        dmean: 30.9064807892
        dmean2: 60.5075454712
        dvar: 88850.7890625
        dvar2: 261966.671875
        max: 4382.95166016
        mean: 16.6262550354
        min: 3.13007575414e-07
        var: 46770.71875
    pitch_after_max_to_before_max_energy_ratio: 0.230018913746
    pitch_centroid: 232.411026001
    pitch_max_to_total: 0.725806474686
    pitch_min_to_total: 0.442396312952
    tristimulus:
        dmean: [0.228609621525, 0.243970245123, 0.0753201469779]
        dmean2: [0.401182889938, 0.430812120438, 0.132186070085]
        dvar: [0.0517330616713, 0.0541976764798, 0.0117104845122]
        dvar2: [0.126752406359, 0.134881645441, 0.0315788500011]
        max: [0.996372520924, 0.995221912861, 0.726680755615]
        mean: [0.398584634066, 0.478554904461, 0.0862877815962]
        min: [0.0028624611441, 0, 0]
        var: [0.079169459641, 0.0766719356179, 0.0139814075083]

tonal:
    chords_changes_rate: 0.0733944922686
    chords_number_rate: 0.0183486230671
    chords_strength:
        dmean: 0.00844809785485
        dmean2: 0.00979936495423
        dvar: 4.43608259957e-05
        dvar2: 6.48883360554e-05
        max: 0.756300151348
        mean: 0.644758939743
        min: 0.533417165279
        var: 0.00265628634952
    key_strength: 0.624208629131
    tuning_diatonic_strength: 0.545575201511
    tuning_equal_tempered_deviation: 0.142232939601
    tuning_frequency: 439.745910645
    tuning_nontempered_energy_ratio: 0.793538212776
    hpcp:
        dmean: [0.220119357109, 0.123620271683, 0.0817850232124, 0.097098916769, 0.115168400109, 0.136021032929, 0.157842904329, 0.18526147306, 0.246789291501, 0.265660196543, 0.183715760708, 0.0966178625822, 0.0892651826143, 0.104148484766, 0.125968560576, 0.148801937699, 0.126130849123, 0.079083122313, 0.0887996032834, 0.129973456264, 0.156190395355, 0.173971235752, 0.126633197069, 0.128725469112, 0.109326288104, 0.0667353048921, 0.053749397397, 0.0397832542658, 0.0467030145228, 0.0570750832558, 0.0584424734116, 0.0706185922027, 0.0594316199422, 0.0474998280406, 0.104796566069, 0.215746536851]
        dmean2: [0.368411332369, 0.209607377648, 0.137930288911, 0.180312409997, 0.206569120288, 0.234238535166, 0.25619366765, 0.316960185766, 0.415601342916, 0.45154222846, 0.300908356905, 0.178094744682, 0.156789794564, 0.179594025016, 0.221378400922, 0.243579670787, 0.207669794559, 0.138153254986, 0.158880501986, 0.226196497679, 0.273206025362, 0.294894188643, 0.212332174182, 0.231964528561, 0.191977486014, 0.112928345799, 0.100098215044, 0.0710884332657, 0.0848755538464, 0.09432092309, 0.101903825998, 0.126497089863, 0.109795868397, 0.0826600492001, 0.17942892015, 0.3461330235]
        dvar: [0.0674849078059, 0.0280637647957, 0.0232499297708, 0.037099648267, 0.0389347337186, 0.0380520224571, 0.050371363759, 0.0589543692768, 0.0632970705628, 0.0754617378116, 0.0434930548072, 0.0356401391327, 0.0294286161661, 0.0467636734247, 0.037963848561, 0.0535994470119, 0.0474819988012, 0.0238361861557, 0.0247916970402, 0.045648932457, 0.0522905476391, 0.0576784014702, 0.0303761642426, 0.0482759922743, 0.0373373292387, 0.0137680759653, 0.0201632212847, 0.0106417974457, 0.0140759199858, 0.0149840926751, 0.0125858411193, 0.0286238584667, 0.0194539427757, 0.00760827539489, 0.0234296862036, 0.0614748708904]
        dvar2: [0.151715412736, 0.072078794241, 0.0643076226115, 0.0994526222348, 0.107983447611, 0.0878252014518, 0.122461661696, 0.158261045814, 0.153245478868, 0.171328157187, 0.113110095263, 0.0963554680347, 0.0725812539458, 0.116454802454, 0.0972077250481, 0.126866564155, 0.117545686662, 0.0658251345158, 0.0655471682549, 0.123685009778, 0.127686336637, 0.139125883579, 0.0725066736341, 0.127140596509, 0.0853363499045, 0.034226026386, 0.0578093230724, 0.0300252512097, 0.0405971854925, 0.0399204753339, 0.0359653159976, 0.0789257362485, 0.0557392202318, 0.0208731517196, 0.0622906647623, 0.145508795977]
        max: [1, 1, 1, 1, 1, 1, 1, 1, 1, 1, 1, 0.976066291332, 1, 1, 1, 1, 1, 1, 1, 1, 1, 1, 1, 1, 1, 1, 1, 0.874640345573, 1, 1, 0.761959910393, 1, 0.822485208511, 0.552882552147, 0.879315435886, 1]
        mean: [0.262370288372, 0.136484727263, 0.0798521488905, 0.0889897122979, 0.101873598993, 0.14226205647, 0.16596531868, 0.196240112185, 0.405502676964, 0.447167515755, 0.200867637992, 0.0792760178447, 0.0808879509568, 0.100251957774, 0.13805256784, 0.161922335625, 0.122354596853, 0.0706087574363, 0.0678709298372, 0.120209157467, 0.229407250881, 0.234238773584, 0.126802608371, 0.107637740672, 0.106669768691, 0.0600044950843, 0.0402805954218, 0.0333515033126, 0.0378536395729, 0.0577258989215, 0.0605731606483, 0.0537721887231, 0.0456437654793, 0.0424662791193, 0.0904170796275, 0.23063659668]
        min: [0.000358323421096, 0, 0, 0, 0.000248474651016, 0.000526599120349, 0.000304680957925, 8.54091995279e-05, 0.00146832538303, 0.00295410701074, 0.00127130153123, 0.000107714651676, 8.33943122416e-05, 0.000160215276992, 0.000279363186564, 0, 0, 3.39224097843e-05, 0.000506608921569, 0.000146314210724, 0.000836333958432, 7.40182804293e-05, 0.000444985169452, 0.000211800506804, 0.000171482635778, 0.000321698986227, 0.00020461830718, 0.00020297478477, 0.000206430326216, 0, 0, 0.000201109098271, 0.000115707902296, 6.15384415141e-05, 0.000334114592988, 0.00119340908714]
        var: [0.100734464824, 0.0346186235547, 0.026836860925, 0.0389845184982, 0.0343554392457, 0.0464701429009, 0.0606946870685, 0.0727692842484, 0.118594691157, 0.147431060672, 0.0546965673566, 0.0281881783158, 0.0282813534141, 0.0474811606109, 0.0524075478315, 0.0720512568951, 0.0489754527807, 0.0198893472552, 0.020404946059, 0.0470390357077, 0.100946389139, 0.0968130305409, 0.0358821339905, 0.0403910204768, 0.0404391139746, 0.0125964209437, 0.0119346994907, 0.00703952135518, 0.0087564708665, 0.0168472602963, 0.0147246010602, 0.0191804878414, 0.0118003953248, 0.00661630276591, 0.0217185802758, 0.0836018994451]
    chords_histogram: [5.9633026123, 16.9724769592, 0, 0, 0, 0, 0, 0, 0, 0, 0, 0, 0, 0, 26.1467895508, 50.9174308777, 0, 0, 0, 0, 0, 0, 0, 0]
    thpcp: [1, 0.449199974537, 0.177284836769, 0.180889591575, 0.224193289876, 0.308726727962, 0.362106651068, 0.273621380329, 0.157902255654, 0.151779651642, 0.26882353425, 0.513023078442, 0.523827791214, 0.28356847167, 0.240710109472, 0.238545432687, 0.134187951684, 0.090079434216, 0.0745839104056, 0.0846520364285, 0.129092335701, 0.135459661484, 0.120250657201, 0.102073080838, 0.0949672684073, 0.202199563384, 0.515772223473, 0.586738228798, 0.305220574141, 0.178573235869, 0.199007555842, 0.227819770575, 0.318140417337, 0.371147990227, 0.438851445913, 0.906825006008]
    chords_key: "A"
    chords_scale: "minor"
    key_key: "E"
    key_scale: "major"
    chords_progression: ["Am", "Am", "Am", "Am", "Am", "Am", "Am", "Am", "Am", "Am", "Am", "Am", "Am", "Am", "Am", "Am", "Am", "Am", "Am", "Am", "Am", "Am", "Am", "G#m", "G#m", "G#m", "G#m", "G#m", "G#m", "G#m", "G#m", "G#m", "G#m", "G#m", "G#m", "G#m", "Am", "Am", "G#m", "G#m", "Am", "Am", "Am", "Am", "Am", "G#m", "G#m", "Am", "Am", "Am", "Am", "Am", "Am", "Am", "Am", "Am", "Am", "Am", "Am", "Am", "Am", "Am", "Am", "Am", "Am", "Am", "Am", "Am", "Am", "Am", "Am", "Am", "Am", "Am", "Am", "Am", "Am", "Am", "Am", "Am", "Am", "Am", "Am", "F", "F", "F", "F", "F", "F", "F", "F", "F", "F", "F", "F", "F", "F", "F", "F", "F", "F", "F", "F", "F", "F", "F", "F", "F", "F", "F", "F", "F", "F", "F", "F", "F", "F", "F", "F", "F", "F", "F", "F", "F", "F", "F", "F", "F", "F", "F", "F", "F", "F", "F", "F", "F", "F", "F", "F", "E", "F", "E", "E", "E", "E", "E", "E", "E", "E", "E", "E", "E", "E", "Am", "G#m", "G#m", "G#m", "G#m", "G#m", "G#m", "G#m", "G#m", "G#m", "G#m", "Am", "Am", "Am", "Am", "Am", "Am", "Am", "Am", "Am", "Am", "Am", "Am", "Am", "Am", "Am", "Am", "Am", "Am", "Am", "Am", "Am", "Am", "Am", "Am", "Am", "Am", "Am", "Am", "Am", "Am", "Am", "Am", "Am", "Am", "Am", "Am", "Am", "Am", "Am", "Am", "Am", "Am", "Am", "G#m", "G#m", "G#m", "G#m", "G#m", "G#m", "G#m", "Am", "G#m", "G#m", "G#m"]
