
metadata:
    version:
        essentia: "1.2.2"
    audio_properties:
        analysis_sample_rate: 44100
        bitrate: 128
        channels: 2
        equal_loudness: 1
        length: 10.0310201645
        replay_gain: -15.9771900177
        downmix: "mix"
    tags:
        track: 27
        year: 0
        album: "Splitted by Mp3Splt v. 2.1"
        artist: "From 004.20 To 004.30"
        comment: "http://mp3splt.sf.net"
        genre: ""
        title: "01 Barrel of a Gun.mp3"

highlevel:
    ballroom:
        all:
            ChaChaCha: 0.048778437078
            Jive: 0.274572908878
            Quickstep: 0.160450518131
            Rumba-American: 0.0105025982484
            Rumba-International: 0.0608614906669
            Rumba-Misc: 0.0637267753482
            Samba: 0.0628332570195
            Tango: 0.0193468406796
            VienneseWaltz: 0.254758507013
            Waltz: 0.0441686920822
        probability: 0.274572908878
        value: "Jive"
    culture:
        all:
            non_western: 0.0143230920658
            western: 0.985676884651
        probability: 0.985676884651
        value: "western"
    gender:
        all:
            female: 0.11492241919
            male: 0.885077595711
        probability: 0.885077595711
        value: "male"
    genre_dortmund:
        all:
            alternative: 0.0814367160201
            blues: 0.0242532063276
            electronic: 0.00985384732485
            folkcountry: 0.200095042586
            funksoulrnb: 0.0490825586021
            jazz: 0.0372131429613
            pop: 0.0897717624903
            raphiphop: 0.00164443382528
            rock: 0.506649315357
        probability: 0.506649315357
        value: "rock"
    genre_electronica:
        all:
            ambient: 0.45355707407
            dnb: 0.136981487274
            house: 0.00903395749629
            techno: 0.00681241927668
            trance: 0.393615067005
        probability: 0.45355707407
        value: "ambient"
    genre_rosamerica:
        all:
            cla: 0.0161577519029
            dan: 0.0577824302018
            hip: 0.00568132195622
            jaz: 0.00870162341744
            pop: 0.161640867591
            rhy: 0.00570855801925
            roc: 0.741930663586
            spe: 0.00239679683
        probability: 0.741930663586
        value: "roc"
    genre_tzanetakis:
        all:
            blu: 0.00683389557526
            cla: 0.0110437991098
            cou: 0.183399036527
            dis: 0.0558397099376
            hip: 0.00465460773557
            jaz: 0.0410929098725
            met: 0.0126921152696
            pop: 0.193233713508
            reg: 0.00825992412865
            roc: 0.482950270176
        probability: 0.482950270176
        value: "roc"
    live_studio:
        all:
            live: 0.608204782009
            studio: 0.391795217991
        probability: 0.608204782009
        value: "live"
    mood:
        all:
            Cluster1: 0.28547590971
            Cluster2: 0.186574459076
            Cluster3: 0.21534691751
            Cluster4: 0.189248517156
            Cluster5: 0.123354181647
        probability: 0.28547590971
        value: "Cluster1"
    mood_acoustic:
        all:
            acoustic: 0.0200549084693
            not_acoustic: 0.979945063591
        probability: 0.979945063591
        value: "not_acoustic"
    mood_aggressive:
        all:
            aggressive: 0.337545871735
            not_aggressive: 0.662454128265
        probability: 0.662454128265
        value: "not_aggressive"
    mood_electronic:
        all:
            electronic: 0.0705195888877
            not_electronic: 0.929480433464
        probability: 0.929480433464
        value: "not_electronic"
    mood_happy:
        all:
            happy: 0.888071358204
            not_happy: 0.111928626895
        probability: 0.888071358204
        value: "happy"
    mood_party:
        all:
            not_party: 0.761651039124
            party: 0.238348931074
        probability: 0.761651039124
        value: "not_party"
    mood_relaxed:
        all:
            not_relaxed: 0.259623497725
            relaxed: 0.740376472473
        probability: 0.740376472473
        value: "relaxed"
    mood_sad:
        all:
            not_sad: 0.138895764947
            sad: 0.861104249954
        probability: 0.861104249954
        value: "sad"
    rhythm:
        all:
            fast: 0.798921883106
            medium: 0.115664049983
            slow: 0.0854140743613
        probability: 0.798921883106
        value: "fast"
    speech_music:
        all:
            music: 0.283023566008
            speech: 0.716976463795
        probability: 0.716976463795
        value: "speech"
    timbre:
        all:
            bright: 0.243304133415
            dark: 0.756695866585
        probability: 0.756695866585
        value: "dark"
    voice_instrumental:
        all:
            instrumental: 0.0586927831173
            voice: 0.94130718708
        probability: 0.94130718708
        value: "voice"

lowlevel:
    average_loudness: 0.969862341881
    barkbands_kurtosis:
        dmean: 0.679237425327
        dmean2: 1.1276652813
        dvar: 0.617095053196
        dvar2: 1.55236434937
        max: 5.61237335205
        mean: -0.179712608457
        min: -1.66655158997
        var: 1.98014676571
    barkbands_skewness:
        dmean: 0.320303082466
        dmean2: 0.5134075284
        dvar: 0.0657877102494
        dvar2: 0.169640555978
        max: 2.57843351364
        mean: 0.818845510483
        min: -0.907589554787
        var: 0.338333547115
    barkbands_spread:
        dmean: 3.95473504066
        dmean2: 6.17676115036
        dvar: 9.40672874451
        dvar2: 23.6455993652
        max: 43.9180221558
        mean: 25.7204322815
        min: 9.07442760468
        var: 41.5584526062
    dissonance:
        dmean: 0.0175958760083
        dmean2: 0.0293767955154
        dvar: 0.000232852515182
        dvar2: 0.000567689246964
        max: 0.498361587524
        mean: 0.457224011421
        min: 0.368899464607
        var: 0.000450109742815
    hfc:
        dmean: 1.46321642399
        dmean2: 2.28069710732
        dvar: 2.84971952438
        dvar2: 6.24267625809
        max: 16.4022369385
        mean: 6.31748390198
        min: 0.0627243518829
        var: 7.82009601593
    pitch:
        dmean: 154.57635498
        dmean2: 295.844299316
        dvar: 291017.9375
        dvar2: 853453.5
        max: 3675
        mean: 270.8331604
        min: 81.9702606201
        var: 158465.6875
    pitch_instantaneous_confidence:
        dmean: 0.0849038958549
        dmean2: 0.133422374725
        dvar: 0.00510457297787
        dvar2: 0.0102330325171
        max: 0.788056969643
        mean: 0.429122954607
        min: 0.147229254246
        var: 0.0191184282303
    pitch_salience:
        dmean: 0.0540754236281
        dmean2: 0.0875740498304
        dvar: 0.00180772109888
        dvar2: 0.00476462580264
        max: 0.828476309776
        mean: 0.656107068062
        min: 0.410938233137
        var: 0.0045828265138
    silence_rate_20dB:
        dmean: 0
        dmean2: 0
        dvar: 0
        dvar2: 0
        max: 1
        mean: 1
        min: 1
        var: 0
    silence_rate_30dB:
        dmean: 0
        dmean2: 0
        dvar: 0
        dvar2: 0
        max: 1
        mean: 1
        min: 1
        var: 0
    silence_rate_60dB:
        dmean: 0.050925925374
        dmean2: 0.102088168263
        dvar: 0.0483323261142
        dvar2: 0.100946739316
        max: 1
        mean: 0.103926099837
        min: 0
        var: 0.0931257456541
    spectral_centroid:
        dmean: 170.71635437
        dmean2: 276.278045654
        dvar: 21991.6816406
        dvar2: 58420.6757812
        max: 2159.30566406
        mean: 1151.53137207
        min: 488.966491699
        var: 94746.6640625
    spectral_complexity:
        dmean: 3.20417642593
        dmean2: 5.1441860199
        dvar: 10.6590156555
        dvar2: 23.8675670624
        max: 36
        mean: 15
        min: 0
        var: 27.3657398224
    spectral_crest:
        dmean: 2.01124382019
        dmean2: 3.24583292007
        dvar: 3.06519293785
        dvar2: 8.22099018097
        max: 19.1172790527
        mean: 7.3657450676
        min: 2.58949303627
        var: 7.83762741089
    spectral_decrease:
        dmean: 3.24558963039e-10
        dmean2: 4.96639562808e-10
        dvar: 1.37981183724e-19
        dvar2: 3.40874383741e-19
        max: -6.4239403727e-12
        mean: -1.31912047951e-09
        min: -3.86356591164e-09
        var: 2.87203054039e-19
    spectral_energy:
        dmean: 0.00133352749981
        dmean2: 0.00202843314037
        dvar: 2.31847116083e-06
        dvar2: 5.67721917832e-06
        max: 0.0158138908446
        mean: 0.00555167905986
        min: 2.99347593682e-05
        var: 4.94095183967e-06
    spectral_energyband_high:
        dmean: 7.56510708015e-05
        dmean2: 0.000111684646981
        dvar: 8.44843128789e-09
        dvar2: 1.54217385528e-08
        max: 0.000823636364657
        mean: 0.000175240042154
        min: 5.28415921508e-06
        var: 1.90225009078e-08
    spectral_energyband_low:
        dmean: 0.000139696887345
        dmean2: 0.000241506568273
        dvar: 7.10635248424e-08
        dvar2: 1.9498368431e-07
        max: 0.00195992086083
        mean: 0.000196767810849
        min: 3.14863996209e-06
        var: 5.8279770343e-08
    spectral_energyband_middle_high:
        dmean: 0.000477951311041
        dmean2: 0.000791996018961
        dvar: 2.83058085415e-07
        dvar2: 6.49281673759e-07
        max: 0.00553628802299
        mean: 0.0018439614214
        min: 1.44060059029e-05
        var: 8.83478094238e-07
    spectral_energyband_middle_low:
        dmean: 0.00104093796108
        dmean2: 0.00162224436644
        dvar: 1.42652413615e-06
        dvar2: 3.69315785065e-06
        max: 0.0119445119053
        mean: 0.00333569385111
        min: 7.09476216798e-06
        var: 3.02438911604e-06
    spectral_flatness_db:
        dmean: 0.0181912910193
        dmean2: 0.0267262272537
        dvar: 0.00025659945095
        dvar2: 0.000509841018356
        max: 0.246815025806
        mean: 0.146288558841
        min: 0.0700240656734
        var: 0.000806557654869
    spectral_flux:
        dmean: 0.00816821865737
        dmean2: 0.0124225663021
        dvar: 7.10990425432e-05
        dvar2: 0.000141394513776
        max: 0.0921294912696
        mean: 0.0408101566136
        min: 0.00547126680613
        var: 0.000173249252839
    spectral_kurtosis:
        dmean: 1.37146759033
        dmean2: 2.24254989624
        dvar: 1.64526569843
        dvar2: 4.2093873024
        max: 12.3563728333
        mean: 4.70607995987
        min: 0.155519962311
        var: 3.37999725342
    spectral_rms:
        dmean: 0.00027208586107
        dmean2: 0.000406870007282
        dvar: 7.96402872538e-08
        dvar2: 1.81632856311e-07
        max: 0.00392787298188
        mean: 0.00228161737323
        min: 0.000170893661561
        var: 2.10496196473e-07
    spectral_rolloff:
        dmean: 414.976196289
        dmean2: 695.121520996
        dvar: 175069.53125
        dvar2: 451492.03125
        max: 4177.44140625
        mean: 2432.45410156
        min: 452.197265625
        var: 623816.6875
    spectral_skewness:
        dmean: 0.17192594707
        dmean2: 0.280208259821
        dvar: 0.0200503338128
        dvar2: 0.0559257641435
        max: 2.33808040619
        mean: 1.67508268356
        min: 0.929701507092
        var: 0.0447995699942
    spectral_spread:
        dmean: 862687.9375
        dmean2: 1036946.75
        dvar: 1.43087186739e+12
        dvar2: 1.96670927667e+12
        max: 20973862
        mean: 4799018.5
        min: 2387359.5
        var: 3.26291816448e+12
    spectral_strongpeak:
        dmean: 0.321384042501
        dmean2: 0.545919537544
        dvar: 0.242754817009
        dvar2: 0.61831754446
        max: 3.98932695389
        mean: 0.656414091587
        min: 0.00249313772656
        var: 0.279057055712
    zerocrossingrate:
        dmean: 0.00652778800577
        dmean2: 0.00838935282081
        dvar: 3.28189635184e-05
        dvar2: 4.80074704683e-05
        max: 0.126953125
        mean: 0.0723119676113
        min: 0.0322265625
        var: 0.000240014240262
    barkbands:
        dmean: [1.8263060042e-07, 4.1300929297e-05, 0.000113834561489, 0.000151994245243, 0.000474355038023, 0.000203461298952, 0.000533102895133, 0.000174642918864, 0.000263173045823, 8.38367705001e-05, 0.00010130564624, 9.22965555219e-05, 5.24978204339e-05, 6.95541239111e-05, 0.000126487342641, 8.07708420325e-05, 9.30736059672e-05, 0.000112569061457, 0.000149180472363, 6.05577479291e-05, 3.54515505023e-05, 1.01632749647e-05, 3.01095110444e-06, 4.94683763463e-06, 2.74623766927e-06, 2.73716892707e-07, 3.59233887082e-09]
        dmean2: [2.83035177517e-07, 7.23041521269e-05, 0.000195462242118, 0.000256716652075, 0.000806971278507, 0.000314441567753, 0.000831582234241, 0.000260077707935, 0.000385065417504, 0.000136783142807, 0.000163931923453, 0.000154588313308, 8.52530793054e-05, 0.00011622911552, 0.000209770922083, 0.000136708389618, 0.000154076391482, 0.000190199076314, 0.000241351357545, 9.71075860434e-05, 5.4750507843e-05, 1.52481825353e-05, 4.52710582977e-06, 7.49247510612e-06, 3.87691761716e-06, 3.86547441167e-07, 4.10667899686e-09]
        dvar: [4.95203812852e-13, 4.11690415092e-09, 4.88947584643e-08, 4.58843132378e-08, 3.1468294992e-07, 4.87141065264e-08, 7.29545263312e-07, 7.36442942184e-08, 1.80857696819e-07, 1.89536404349e-08, 2.00761558489e-08, 3.85259717461e-08, 3.76568998206e-09, 8.18742496023e-09, 5.95858473673e-08, 1.18280141237e-08, 8.17701817368e-09, 1.8594764839e-08, 2.46846632024e-08, 4.61363702797e-09, 1.81305193081e-09, 2.46382220181e-10, 1.98079937869e-11, 7.30109514513e-11, 3.65171087813e-11, 3.18567600684e-13, 3.05298223937e-15]
        dvar2: [5.43729341065e-13, 1.17371579123e-08, 1.33620019938e-07, 1.20830861761e-07, 8.6224667939e-07, 1.18136838978e-07, 1.83817212474e-06, 1.40816339922e-07, 3.45009084413e-07, 3.74201576392e-08, 5.35376223354e-08, 1.07569498198e-07, 8.91919782475e-09, 2.20197886591e-08, 1.53219303911e-07, 3.00862375013e-08, 2.25327294601e-08, 5.10714457391e-08, 6.65562183144e-08, 1.03152082431e-08, 3.61864804788e-09, 5.14160269915e-10, 4.46372452889e-11, 1.61314350766e-10, 7.9088839644e-11, 7.40826020321e-13, 3.06104239314e-15]
        max: [1.42810959005e-05, 0.000439864117652, 0.00171755824704, 0.00174952344969, 0.00449476763606, 0.00181600952055, 0.00876895990223, 0.00451217219234, 0.00551013974473, 0.00184743048158, 0.00155288761016, 0.00232873461209, 0.000743614975363, 0.0006980507751, 0.00385368266143, 0.000933303439524, 0.000824050686788, 0.00145737349521, 0.00175664620474, 0.000578587467317, 0.000350165646523, 0.000178058078745, 3.72464601242e-05, 0.000106936306111, 6.61677622702e-05, 4.82565246784e-06, 1.14900035442e-06]
        mean: [2.26957908467e-07, 4.92109866173e-05, 0.000147351092892, 0.000193746105651, 0.000798802124336, 0.000538653752301, 0.000960472214501, 0.000319747836329, 0.000506225682329, 0.00015220567002, 0.000167341262568, 0.000150571228005, 8.97943318705e-05, 0.000114740352728, 0.000199313202756, 0.000132392422529, 0.000197999295779, 0.000252864556387, 0.000324709864799, 0.000147099897731, 7.29797029635e-05, 2.09322224691e-05, 4.43303451902e-06, 6.15744602328e-06, 3.42287285093e-06, 2.88624505629e-07, 3.61411345295e-09]
        min: [4.75712524928e-10, 4.46120935749e-07, 4.27788620527e-07, 1.61728632975e-06, 1.48274102685e-06, 2.6318430173e-06, 7.07341882844e-07, 3.07461732518e-07, 8.88008031552e-08, 6.84012661623e-07, 1.41291295108e-07, 1.45819797126e-07, 2.19653216504e-07, 1.04615321561e-06, 4.41406564278e-06, 8.14975805952e-07, 1.29758802814e-06, 8.13618783013e-07, 4.19718298872e-06, 3.89277147406e-06, 1.38222310397e-06, 4.93757852382e-07, 3.15253281258e-08, 5.54538601705e-08, 9.42112432512e-09, 6.24110374492e-10, 2.42547019795e-12]
        var: [5.36274258507e-13, 3.85694187699e-09, 3.88858580891e-08, 5.11572757489e-08, 4.81610413772e-07, 1.239097287e-07, 1.06858294657e-06, 2.25547154287e-07, 4.77208516259e-07, 4.63887630531e-08, 3.37154446584e-08, 7.56444933359e-08, 7.51158335532e-09, 1.46198315676e-08, 9.48959595348e-08, 1.45314960065e-08, 1.79387633636e-08, 4.07650553313e-08, 6.03367098506e-08, 9.71195746047e-09, 3.71487951512e-09, 5.36321709266e-10, 2.94600975559e-11, 1.19682472266e-10, 5.57053708716e-11, 3.71623630306e-13, 3.04711081874e-15]
    mfcc:
        mean: [-694.130859375, 130.556396484, -47.8926506042, 43.4389572144, -16.9532146454, -17.8340816498, -6.82773542404, -12.1132545471, -8.5684595108, -6.11702537537, -5.03082704544, -4.16639471054, -6.36046648026]
        cov: [[1134.22790527, -487.302490234, 264.615722656, -256.044036865, 67.089630127, -16.0271873474, -3.6254491806, -9.0972442627, 38.4288291931, -15.2652044296, 11.7742862701, -9.14808654785, 9.45587348938], [-487.302490234, 483.059020996, -260.977996826, 165.016662598, -104.661895752, -2.94812011719, -8.94516849518, 26.2530727386, -36.1320915222, -2.43145489693, 11.2137489319, 4.60193967819, -10.3190231323], [264.615722656, -260.977996826, 377.973327637, -109.572761536, 102.865005493, 12.2470140457, -6.41086816788, -31.7146625519, 16.4276657104, 5.18920993805, -5.74615049362, 27.1598987579, 13.6116428375], [-256.044036865, 165.016662598, -109.572761536, 177.490081787, 15.7542562485, 10.2388181686, 4.75335264206, 4.140396595, 12.3950376511, 23.6167449951, 13.0819892883, -9.18622970581, 2.31323814392], [67.089630127, -104.661895752, 102.865005493, 15.7542562485, 158.468856812, 3.154109478, -0.521426677704, -36.0539703369, -6.26943826675, 28.5445766449, -33.02161026, -2.75243711472, 7.52452802658], [-16.0271873474, -2.94812011719, 12.2470140457, 10.2388181686, 3.154109478, 85.2597351074, 19.1957931519, -2.06079697609, 4.25518417358, -7.41211462021, 10.6310224533, 5.0309586525, 14.8621997833], [-3.6254491806, -8.94516849518, -6.41086816788, 4.75335264206, -0.521426677704, 19.1957931519, 101.781349182, 42.118938446, -6.99229669571, -28.5343112946, -12.1715421677, -2.10485434532, 18.1878871918], [-9.0972442627, 26.2530727386, -31.7146625519, 4.140396595, -36.0539703369, -2.06079697609, 42.118938446, 88.4764556885, 18.2977981567, -4.98234415054, -1.00263118744, -5.79379224777, -10.0500774384], [38.4288291931, -36.1320915222, 16.4276657104, 12.3950376511, -6.26943826675, 4.25518417358, -6.99229669571, 18.2977981567, 88.4442596436, 34.7671165466, 29.0996284485, -7.15155315399, -8.74018383026], [-15.2652044296, -2.43145489693, 5.18920993805, 23.6167449951, 28.5445766449, -7.41211462021, -28.5343112946, -4.98234415054, 34.7671165466, 92.2351150513, 21.560256958, 2.12405490875, -18.1131496429], [11.7742862701, 11.2137489319, -5.74615049362, 13.0819892883, -33.02161026, 10.6310224533, -12.1715421677, -1.00263118744, 29.0996284485, 21.560256958, 69.7196273804, 14.1453046799, 1.68905687332], [-9.14808654785, 4.60193967819, 27.1598987579, -9.18622970581, -2.75243711472, 5.0309586525, -2.10485434532, -5.79379224777, -7.15155315399, 2.12405490875, 14.1453046799, 56.586391449, 18.3871212006], [9.45587348938, -10.3190231323, 13.6116428375, 2.31323814392, 7.52452802658, 14.8621997833, 18.1878871918, -10.0500774384, -8.74018383026, -18.1131496429, 1.68905687332, 18.3871212006, 57.6667327881]]
        icov: [[0.00186325481627, 0.00123249366879, 0.000159244984388, 0.00178795156535, -0.000759197922889, 0.000361270824214, 0.000341988779837, -0.000607945548836, -0.000231867161347, 0.000515971099958, -0.00140290195122, 0.000752283609472, -0.000474002736155], [0.00123249366879, 0.0064087100327, 0.00154401967302, -0.00378050864674, 0.00308470870368, 4.54259179605e-06, 0.00137353921309, -0.00107413018122, 0.00277052284218, -0.000374898285372, 0.000536901177838, -0.00151063839439, 0.000475911569083], [0.000159244984388, 0.00154401967302, 0.00536057027057, 0.00229746871628, -0.00324664660729, -0.000580481137149, 0.000477963942103, -2.74470039585e-05, -0.00117911887355, 0.00106401473749, -0.000982836005278, -0.0024210405536, 0.000266651128186], [0.00178795156535, -0.00378050864674, 0.00229746871628, 0.0146100083366, -0.00739266583696, -0.000388814718463, -0.000902350002434, -0.000442701159045, -0.00378396268934, 0.000389331369661, -0.00492464471608, 0.00286474311724, -0.00204616785049], [-0.000759197922889, 0.00308470870368, -0.00324664660729, -0.00739266583696, 0.0156667027622, -0.000443320372142, -0.0017252007965, 0.00445270165801, 0.00282019260339, -0.00640214094892, 0.00886818487197, -0.000234743900364, -0.000638866971713], [0.000361270824214, 4.54259179605e-06, -0.000580481137149, -0.000388814718463, -0.000443320372142, 0.0134230246767, -0.00278296065517, 0.00132161309011, -0.000904612999875, 0.00121538992971, -0.00276317889802, 0.000256588478805, -0.00195559277199], [0.000341988779837, 0.00137353921309, 0.000477963942103, -0.000902350002434, -0.0017252007965, -0.00278296065517, 0.0164397228509, -0.00940807070583, 0.00183719093911, 0.00346215814352, 0.000361747806892, 0.000920893391594, -0.00470752827823], [-0.000607945548836, -0.00107413018122, -2.74470039585e-05, -0.000442701159045, 0.00445270165801, 0.00132161309011, -0.00940807070583, 0.0193151738495, -0.00492262141779, -0.00119086517952, 0.00346724223346, -0.00125656288583, 0.00452255550772], [-0.000231867161347, 0.00277052284218, -0.00117911887355, -0.00378396268934, 0.00282019260339, -0.000904612999875, 0.00183719093911, -0.00492262141779, 0.0187435746193, -0.00569064449519, -0.00481526460499, 0.00342093151994, -0.00050462235231], [0.000515971099958, -0.000374898285372, 0.00106401473749, 0.000389331369661, -0.00640214094892, 0.00121538992971, 0.00346215814352, -0.00119086517952, -0.00569064449519, 0.0182326640934, -0.00556207215413, -0.00223607639782, 0.00454446254298], [-0.00140290195122, 0.000536901177838, -0.000982836005278, -0.00492464471608, 0.00886818487197, -0.00276317889802, 0.000361747806892, 0.00346724223346, -0.00481526460499, -0.00556207215413, 0.0250416994095, -0.00605694251135, -0.000478258065414], [0.000752283609472, -0.00151063839439, -0.0024210405536, 0.00286474311724, -0.000234743900364, 0.000256588478805, 0.000920893391594, -0.00125656288583, 0.00342093151994, -0.00223607639782, -0.00605694251135, 0.0241012051702, -0.00817322451621], [-0.000474002736155, 0.000475911569083, 0.000266651128186, -0.00204616785049, -0.000638866971713, -0.00195559277199, -0.00470752827823, 0.00452255550772, -0.00050462235231, 0.00454446254298, -0.000478258065414, -0.00817322451621, 0.0243543237448]]
    spectral_contrast:
        mean: [-5.06880937223e-08, 3.81756031231e-08, -1.55694706905e-07, -3.89810224988e-07, 9.65169277833e-08, 4.14990438458e-07, 2.66235815616e-06, 1.77061667728e-06, -4.88082037009e-07, 2.4359260351e-06, 2.99292582895e-06, 1.13828313886e-07]
        var: [0.000381324178306, 0.00050263653975, 0.00112937716767, 0.00231061177328, 0.00305270496756, 0.0039268899709, 0.0391775593162, 0.0591786243021, 0.11680790782, 0.193437963724, 0.257877141237, 1.03226804733]

rhythm:
    beats_loudness:
        dmean: 0.00163578602951
        dmean2: 0.00270836893469
        dvar: 2.4050830234e-06
        dvar2: 5.96246218265e-06
        max: 0.00972524937242
        mean: 0.00761095946655
        min: 0.00304835825227
        var: 3.18760839946e-06
    beats_loudness_bass:
        dmean: 0.0803923383355
        dmean2: 0.154654979706
        dvar: 0.0066857622005
        dvar2: 0.0194780621678
        max: 0.246153697371
        mean: 0.068546526134
        min: 0.00587554322556
        var: 0.00595189491287
    bpm: 83.295173645
    bpm_confidence: 0
    first_peak_bpm: 166
    first_peak_spread: 0.0909090638161
    first_peak_weight: 0.526315808296
    onset_rate: 3.78824877739
    second_peak_bpm: 83
    second_peak_spread: 0
    second_peak_weight: 0.421052634716
    beats_position: [0.0238930508494, 0.744222998619, 1.46455287933, 2.18488264084, 2.90521264076, 3.62554240227, 4.34587240219, 5.0662021637, 5.7865319252, 6.15293931961, 6.51352024078, 6.87410211563, 7.2346830368, 7.59526491165, 7.95584583282, 8.31642723083, 8.67700767517, 9.03758907318, 9.39817047119, 9.75875282288]
    bpm_estimates: [83.2920455933, 83.2630386353, 83.3359985352, 83.283744812, 83.2967681885, 83.299446106]
    bpm_intervals: [0.720329940319, 0.720329880714, 0.720329761505, 0.720329999924, 0.720329761505, 0.720329999924, 0.720329761505, 0.720329761505, 0.366407394409, 0.360580921173, 0.360581874847, 0.360580921173, 0.360581874847, 0.360580921173, 0.36058139801, 0.360580444336, 0.36058139801, 0.36058139801, 0.360582351685]
    onset_times: [0.0348299331963, 0.208979591727, 0.359909296036, 0.545668959618, 0.719818592072, 1.09133791924, 1.45124721527, 1.62539684772, 1.79954648018, 2.11301589012, 2.17106580734, 2.53097510338, 2.87927436829, 3.25079369545, 3.61070299149, 3.97061228752, 4.34213161469, 4.69043064117, 4.91102027893, 5.06195020676, 5.4334692955, 5.78176879883, 5.97913837433, 6.14167785645, 6.37387752533, 6.51319742203, 6.87310647964, 7.07047605515, 7.2330160141, 7.59292507172, 7.81351470947, 7.95283460617, 8.32435417175, 8.67265319824, 9.03256225586, 9.4040813446, 9.74077129364, 9.94975090027]
    rubato_start: [6.15293931961]
    rubato_stop: [6.51352024078]
    perceptual_tempo: "unknown"

sfx:
    inharmonicity:
        dmean: 0.0417703948915
        dmean2: 0.072425827384
        dvar: 0.00222110957839
        dvar2: 0.00606013741344
        max: 0.363958120346
        mean: 0.0484022535384
        min: 0.000453475542599
        var: 0.00223181466572
    oddtoevenharmonicenergyratio:
        dmean: 1.82435953617
        dmean2: 3.29310274124
        dvar: 11.3875226974
        dvar2: 32.4307136536
        max: 27.9749412537
        mean: 1.36317193508
        min: 0.00100184988696
        var: 7.52280759811
    pitch_after_max_to_before_max_energy_ratio: 4.07021379471
    pitch_centroid: 220.82069397
    pitch_max_to_total: 0.331018507481
    pitch_min_to_total: 0.101851850748
    tristimulus:
        dmean: [0.215907245874, 0.218101382256, 0.11662094295]
        dmean2: [0.37466314435, 0.377367526293, 0.204547509551]
        dvar: [0.0295260958374, 0.0306288674474, 0.00948899611831]
        dvar2: [0.0889942273498, 0.0925112590194, 0.0283473618329]
        max: [0.897782385349, 0.963581323624, 0.541507422924]
        mean: [0.388908416033, 0.465673327446, 0.129741832614]
        min: [0.00317163998261, 0, 0]
        var: [0.0411831364036, 0.0405282117426, 0.0114432852715]

tonal:
    chords_changes_rate: 0.0783410146832
    chords_number_rate: 0.0368663594127
    chords_strength:
        dmean: 0.00974147673696
        dmean2: 0.0102960607037
        dvar: 7.21666510799e-05
        dvar2: 9.38439625315e-05
        max: 0.66599470377
        mean: 0.508391976357
        min: 0.364900171757
        var: 0.00618476141244
    key_strength: 0.537523448467
    tuning_diatonic_strength: 0.490479886532
    tuning_equal_tempered_deviation: 0.0865447372198
    tuning_frequency: 440
    tuning_nontempered_energy_ratio: 0.750622868538
    hpcp:
        dmean: [0.163088858128, 0.20105856657, 0.194431811571, 0.153199493885, 0.140412852168, 0.16987760365, 0.157219335437, 0.131736725569, 0.116789370775, 0.132783487439, 0.130825683475, 0.0824275910854, 0.0900145992637, 0.0868743062019, 0.0850758105516, 0.104141369462, 0.0890043750405, 0.0913117229939, 0.0819875299931, 0.0578912422061, 0.108194060624, 0.17704950273, 0.183506369591, 0.142240077257, 0.120823480189, 0.117621548474, 0.113310560584, 0.102270320058, 0.108281344175, 0.123166307807, 0.142133444548, 0.145753651857, 0.150467127562, 0.126857027411, 0.085833966732, 0.126737862825]
        dmean2: [0.2704629004, 0.338715910912, 0.321539580822, 0.257480829954, 0.23574103415, 0.285588830709, 0.267142146826, 0.221678093076, 0.193158835173, 0.220459386706, 0.223640456796, 0.140351265669, 0.148982346058, 0.145562082529, 0.135197341442, 0.163454398513, 0.149665743113, 0.159460693598, 0.141244962811, 0.102276481688, 0.176949843764, 0.277893155813, 0.30024048686, 0.232272997499, 0.198858425021, 0.201645866036, 0.183388650417, 0.163923770189, 0.179743006825, 0.210217416286, 0.231606289744, 0.253835976124, 0.241138517857, 0.214984610677, 0.145842686296, 0.209088295698]
        dvar: [0.0429492667317, 0.0476016961038, 0.049158282578, 0.0381989441812, 0.0415143221617, 0.0366096571088, 0.0462720580399, 0.0214014053345, 0.0183694828302, 0.037075791508, 0.0311974864453, 0.0108839673921, 0.0191165879369, 0.0161734744906, 0.0156212886795, 0.0258922688663, 0.0190476328135, 0.0225589722395, 0.024254526943, 0.0088874688372, 0.0207683444023, 0.040529280901, 0.039058662951, 0.0353047996759, 0.0340397320688, 0.0371411293745, 0.0289693363011, 0.0254126340151, 0.024160547182, 0.022199459374, 0.0263536944985, 0.0292676836252, 0.0322191268206, 0.0296508222818, 0.0116369733587, 0.0369226001203]
        dvar2: [0.112741485238, 0.11296607554, 0.118720598519, 0.100863881409, 0.106628701091, 0.0938179567456, 0.109650321305, 0.0551760904491, 0.0471177138388, 0.083659760654, 0.0915884897113, 0.022626247257, 0.0477233976126, 0.0396561026573, 0.0317915305495, 0.0614409409463, 0.0555398724973, 0.054723508656, 0.0674494728446, 0.0240555927157, 0.0554310940206, 0.0953146293759, 0.104557774961, 0.0761190205812, 0.0910331383348, 0.105717927217, 0.0655471384525, 0.0551618412137, 0.0578150600195, 0.0648159012198, 0.0615175776184, 0.0694986879826, 0.0829979851842, 0.0770593136549, 0.0320083871484, 0.0952871069312]
        max: [1, 1, 1, 1, 1, 1, 1, 1, 1, 1, 1, 0.835515081882, 1, 0.797264397144, 1, 1, 1, 1, 1, 0.70932251215, 1, 1, 1, 1, 1, 1, 1, 1, 1, 1, 1, 1, 1, 1, 0.620713174343, 1]
        mean: [0.30510443449, 0.334384292364, 0.266376852989, 0.189864695072, 0.153384879231, 0.245512023568, 0.334725260735, 0.223525807261, 0.18018232286, 0.27724468708, 0.208453074098, 0.103416442871, 0.102803014219, 0.1006654948, 0.113461382687, 0.148789912462, 0.148594304919, 0.12247671932, 0.094220019877, 0.0708328932524, 0.154138088226, 0.288631021976, 0.27115881443, 0.183701708913, 0.171532198787, 0.151276677847, 0.146617725492, 0.167497068644, 0.137541517615, 0.173346012831, 0.301486641169, 0.29555273056, 0.202892169356, 0.145668521523, 0.103060826659, 0.173346981406]
        min: [0.0036654684227, 0.00975409336388, 0.00618786597624, 0.00393370492384, 0.00418360810727, 0.00912624597549, 0.00919413100928, 0.00532399304211, 0.00630218349397, 0.0060194474645, 0.0058815330267, 0.00736085372046, 0.00330055551603, 0.00172694597859, 0.00337319704704, 0.00343056907877, 0.00619553262368, 0.00350392912515, 0.00143963110168, 0.00275885383599, 0.00652356585488, 0.0076376828365, 0.00536410138011, 0.00313565786928, 0.00343886483461, 0.00383058004081, 0.00415468681604, 0.00246668071486, 0.00558264553547, 0.00954314228147, 0.00609741033986, 0.00829344987869, 0.00485136127099, 0.00496227294207, 0.00386280426756, 0.00356416823342]
        var: [0.105708353221, 0.0991855859756, 0.0781890228391, 0.0564074143767, 0.046413756907, 0.0617648847401, 0.114534854889, 0.0529091358185, 0.035659506917, 0.112220980227, 0.0632690638304, 0.0149206956849, 0.019363000989, 0.0170244760811, 0.0220187492669, 0.0491076074541, 0.0467521436512, 0.0297947265208, 0.0184572786093, 0.00766530353576, 0.0278757996857, 0.0803214758635, 0.0666657760739, 0.0562905110419, 0.0573533587158, 0.0428115911782, 0.0457068309188, 0.0661045387387, 0.0326059274375, 0.0277187004685, 0.0923446118832, 0.0869391411543, 0.0434655472636, 0.0324348062277, 0.0127560039982, 0.0467114858329]
    chords_histogram: [16.129032135, 8.75576019287, 11.0599079132, 0, 3.22580647469, 0, 11.520737648, 0, 21.6589870453, 0, 0, 0, 0, 0, 0, 0, 0, 0, 0, 2.7649769783, 0, 0, 24.8847923279, 0]
    thpcp: [1, 0.667788863182, 0.538299143314, 0.828275382519, 0.622758746147, 0.308959186077, 0.307126551867, 0.300740659237, 0.33896869421, 0.444513559341, 0.443929165602, 0.365902215242, 0.281484633684, 0.211615025997, 0.460491359234, 0.862292349339, 0.810093641281, 0.548813402653, 0.512456715107, 0.451942831278, 0.438024073839, 0.500401616096, 0.410908699036, 0.517875492573, 0.900698781013, 0.88297110796, 0.606145381927, 0.435188323259, 0.307896763086, 0.5178784132, 0.911507070065, 0.998981356621, 0.795807421207, 0.567225456238, 0.458241134882, 0.733473241329]
    chords_key: "F"
    chords_scale: "major"
    key_key: "C"
    key_scale: "major"
    chords_progression: ["E", "E", "E", "E", "E", "E", "E", "E", "E", "E", "E", "E", "E", "E", "E", "E", "E", "E", "E", "E", "E", "E", "E", "E", "E", "Em", "E", "Em", "E", "E", "E", "E", "E", "E", "E", "E", "E", "E", "E", "E", "E", "E", "E", "E", "E", "A", "A", "Em", "Em", "Em", "Em", "Em", "Em", "Em", "Em", "Em", "Em", "Em", "Em", "Em", "Em", "Em", "Em", "Em", "E", "E", "E", "E", "A", "A", "A", "A", "A", "A", "A", "A", "A", "A", "A", "A", "A", "A", "A", "A", "A", "A", "A", "A", "A", "D", "A", "D", "A", "D", "D", "D", "D", "D", "Gm", "Gm", "Gm", "Gm", "Gm", "Gm", "G", "G", "G", "G", "G", "G", "G", "G", "G", "G", "G", "G", "G", "G", "G", "G", "G", "G", "G", "G", "G", "G", "G", "G", "F", "F", "F", "F", "F", "F", "F", "F", "F", "F", "F", "F", "F", "F", "F", "F", "F", "F", "F", "F", "F", "F", "F", "F", "F", "F", "F", "F", "F", "F", "F", "F", "F", "F", "F", "F", "F", "F", "F", "F", "F", "F", "F", "F", "F", "F", "F", "F", "F", "F", "F", "F", "F", "F", "C", "C", "C", "C", "C", "C", "C", "C", "C", "C", "C", "C", "C", "C", "C", "C", "C", "C", "C", "C", "C", "C", "C", "C", "C", "C", "C", "C", "C", "C", "C", "C", "C", "C", "C"]
