
metadata:
    version:
        essentia: "1.2.2"
    audio_properties:
        analysis_sample_rate: 44100
        bitrate: 128
        channels: 2
        equal_loudness: 1
        length: 10.0048980713
        replay_gain: -12.1384067535
        downmix: "mix"
    tags:
        track: 17
        year: 0
        album: "Splitted by Mp3Splt v. 2.1"
        artist: "From 002.40 To 002.50"
        comment: "http://mp3splt.sf.net"
        genre: ""
        title: "01 Dear God.mp3"

highlevel:
    ballroom:
        all:
            ChaChaCha: 0.0358353815973
            Jive: 0.0598996728659
            Quickstep: 0.312421470881
            Rumba-American: 0.0131669733673
            Rumba-International: 0.113294623792
            Rumba-Misc: 0.086319886148
            Samba: 0.0880155935884
            Tango: 0.139199092984
            VienneseWaltz: 0.0685513317585
            Waltz: 0.083295956254
        probability: 0.312421470881
        value: "Quickstep"
    culture:
        all:
            non_western: 0.0125508056954
            western: 0.987449169159
        probability: 0.987449169159
        value: "western"
    gender:
        all:
            female: 0.419083625078
            male: 0.580916404724
        probability: 0.580916404724
        value: "male"
    genre_dortmund:
        all:
            alternative: 0.0631194114685
            blues: 0.0232278630137
            electronic: 0.0914351344109
            folkcountry: 0.385862857103
            funksoulrnb: 0.0197938941419
            jazz: 0.148390814662
            pop: 0.106449365616
            raphiphop: 0.01556544099
            rock: 0.146155208349
        probability: 0.385862857103
        value: "folkcountry"
    genre_electronica:
        all:
            ambient: 0.790002942085
            dnb: 0.0373606681824
            house: 0.100465290248
            techno: 0.0225463546813
            trance: 0.0496247261763
        probability: 0.790002942085
        value: "ambient"
    genre_rosamerica:
        all:
            cla: 0.0313765965402
            dan: 0.0346571616828
            hip: 0.0175285469741
            jaz: 0.0651934370399
            pop: 0.223712667823
            rhy: 0.576056540012
            roc: 0.0474641136825
            spe: 0.00401094509289
        probability: 0.576056540012
        value: "rhy"
    genre_tzanetakis:
        all:
            blu: 0.0164961945266
            cla: 0.0192457381636
            cou: 0.164687022567
            dis: 0.0266945492476
            hip: 0.00642779888585
            jaz: 0.0189758408815
            met: 0.0055189137347
            pop: 0.509417712688
            reg: 0.178029730916
            roc: 0.0545065030456
        probability: 0.509417712688
        value: "pop"
    live_studio:
        all:
            live: 0.217981085181
            studio: 0.782018899918
        probability: 0.782018899918
        value: "studio"
    mood:
        all:
            Cluster1: 0.432736068964
            Cluster2: 0.153361782432
            Cluster3: 0.263827294111
            Cluster4: 0.0927604138851
            Cluster5: 0.0573144257069
        probability: 0.432736068964
        value: "Cluster1"
    mood_acoustic:
        all:
            acoustic: 0.796262025833
            not_acoustic: 0.203737959266
        probability: 0.796262025833
        value: "acoustic"
    mood_aggressive:
        all:
            aggressive: 1.29527343233e-05
            not_aggressive: 0.999987065792
        probability: 0.999987065792
        value: "not_aggressive"
    mood_electronic:
        all:
            electronic: 0.0885078236461
            not_electronic: 0.911492168903
        probability: 0.911492168903
        value: "not_electronic"
    mood_happy:
        all:
            happy: 0.263452231884
            not_happy: 0.736547768116
        probability: 0.736547768116
        value: "not_happy"
    mood_party:
        all:
            not_party: 0.88004142046
            party: 0.11995857209
        probability: 0.88004142046
        value: "not_party"
    mood_relaxed:
        all:
            not_relaxed: 0.194801479578
            relaxed: 0.80519849062
        probability: 0.80519849062
        value: "relaxed"
    mood_sad:
        all:
            not_sad: 0.118461728096
            sad: 0.881538271904
        probability: 0.881538271904
        value: "sad"
    rhythm:
        all:
            fast: 0.881240010262
            medium: 0.070939257741
            slow: 0.0478207208216
        probability: 0.881240010262
        value: "fast"
    speech_music:
        all:
            music: 0.956816911697
            speech: 0.0431831069291
        probability: 0.956816911697
        value: "music"
    timbre:
        all:
            bright: 0.0191818196326
            dark: 0.980818152428
        probability: 0.980818152428
        value: "dark"
    voice_instrumental:
        all:
            instrumental: 0.160758003592
            voice: 0.839241981506
        probability: 0.839241981506
        value: "voice"

lowlevel:
    average_loudness: 0.48558396101
    barkbands_kurtosis:
        dmean: 1.98527121544
        dmean2: 3.12319421768
        dvar: 13.285194397
        dvar2: 32.179775238
        max: 60.6150093079
        mean: 3.61472010612
        min: -1.83386433125
        var: 51.9273529053
    barkbands_skewness:
        dmean: 0.428187459707
        dmean2: 0.675761759281
        dvar: 0.205878302455
        dvar2: 0.464060217142
        max: 5.78991127014
        mean: 1.44670295715
        min: -0.928231179714
        var: 1.34971213341
    barkbands_spread:
        dmean: 3.86601924896
        dmean2: 5.876496315
        dvar: 19.5451450348
        dvar2: 44.0115470886
        max: 58.0378303528
        mean: 19.8900146484
        min: 1.46505570412
        var: 109.485328674
    dissonance:
        dmean: 0.0311997011304
        dmean2: 0.0513381585479
        dvar: 0.000725326070096
        dvar2: 0.00195217074361
        max: 0.49439394474
        mean: 0.423193305731
        min: 0.289099425077
        var: 0.00166011520196
    hfc:
        dmean: 0.652643978596
        dmean2: 0.95707732439
        dvar: 1.64079678059
        dvar2: 3.22931456566
        max: 19.2966117859
        mean: 2.31537437439
        min: 4.09742006013e-06
        var: 12.3094615936
    pitch:
        dmean: 254.925308228
        dmean2: 499.785064697
        dvar: 577977.0625
        dvar2: 1504702.625
        max: 4410
        mean: 432.397949219
        min: 67.8461532593
        var: 528696.3125
    pitch_instantaneous_confidence:
        dmean: 0.0800137296319
        dmean2: 0.12646946311
        dvar: 0.00508585199714
        dvar2: 0.0107064079493
        max: 0.911287665367
        mean: 0.530030310154
        min: 0.16049861908
        var: 0.035622227937
    pitch_salience:
        dmean: 0.063372515142
        dmean2: 0.103648968041
        dvar: 0.00348510150798
        dvar2: 0.00788524467498
        max: 0.910537362099
        mean: 0.559580743313
        min: 0.200194969773
        var: 0.01346648857
    silence_rate_20dB:
        dmean: 0
        dmean2: 0
        dvar: 0
        dvar2: 0
        max: 1
        mean: 1
        min: 1
        var: 0
    silence_rate_30dB:
        dmean: 0
        dmean2: 0
        dvar: 0
        dvar2: 0
        max: 1
        mean: 1
        min: 1
        var: 0
    silence_rate_60dB:
        dmean: 0.041763342917
        dmean2: 0.0837209299207
        dvar: 0.0400192327797
        dvar2: 0.0953166037798
        max: 1
        mean: 0.821759283543
        min: 0
        var: 0.146470293403
    spectral_centroid:
        dmean: 171.778106689
        dmean2: 269.153198242
        dvar: 71619.4453125
        dvar2: 150075.046875
        max: 3744.27587891
        mean: 893.378723145
        min: 267.41796875
        var: 229662.6875
    spectral_complexity:
        dmean: 1.47906970978
        dmean2: 2.37762236595
        dvar: 3.31931900978
        dvar2: 7.44249629974
        max: 27
        mean: 5.80510425568
        min: 0
        var: 21.9620132446
    spectral_crest:
        dmean: 2.31957101822
        dmean2: 3.66079306602
        dvar: 4.28996086121
        dvar2: 10.7165737152
        max: 24.5247573853
        mean: 10.0569057465
        min: 3.41678190231
        var: 21.4222354889
    spectral_decrease:
        dmean: 1.40127159876e-10
        dmean2: 2.20486726099e-10
        dvar: 5.17924050966e-20
        dvar2: 1.19156750181e-19
        max: -9.29364867365e-16
        mean: -5.32472732573e-10
        min: -2.93926460948e-09
        var: 3.64075765948e-19
    spectral_energy:
        dmean: 0.000575918471441
        dmean2: 0.000903515610844
        dvar: 8.83879863522e-07
        dvar2: 1.99410101231e-06
        max: 0.0121714761481
        mean: 0.00221968651749
        min: 3.87928222878e-09
        var: 6.61289550408e-06
    spectral_energyband_high:
        dmean: 5.30685974809e-05
        dmean2: 7.75256194174e-05
        dvar: 2.28639560618e-08
        dvar2: 4.99982952817e-08
        max: 0.00180798454676
        mean: 8.66703339852e-05
        min: 6.82000497743e-11
        var: 3.90490022539e-08
    spectral_energyband_low:
        dmean: 0.000119006755995
        dmean2: 0.000182175426744
        dvar: 4.9466020613e-08
        dvar2: 1.12979790856e-07
        max: 0.00265003438108
        mean: 0.000230675344937
        min: 5.20099074919e-10
        var: 1.62721974561e-07
    spectral_energyband_middle_high:
        dmean: 0.000185600612895
        dmean2: 0.000282124616206
        dvar: 1.36601613576e-07
        dvar2: 2.91795885232e-07
        max: 0.0064655598253
        mean: 0.000711375789251
        min: 1.33353850185e-09
        var: 1.58191585342e-06
    spectral_energyband_middle_low:
        dmean: 0.000424640980782
        dmean2: 0.000678249518387
        dvar: 5.30439933755e-07
        dvar2: 1.3123330973e-06
        max: 0.00751928519458
        mean: 0.00119092757814
        min: 1.83999293579e-09
        var: 1.52169434386e-06
    spectral_flatness_db:
        dmean: 0.0182436257601
        dmean2: 0.0279677305371
        dvar: 0.000323508138536
        dvar2: 0.000698944844771
        max: 0.298009365797
        mean: 0.179960384965
        min: 0.0791013538837
        var: 0.00153219979256
    spectral_flux:
        dmean: 0.00639761472121
        dmean2: 0.0107971262187
        dvar: 6.82187601342e-05
        dvar2: 0.00017222968745
        max: 0.076761290431
        mean: 0.0230619963259
        min: 6.22838851996e-05
        var: 0.000267342780717
    spectral_kurtosis:
        dmean: 1.56978917122
        dmean2: 2.66285085678
        dvar: 2.48645877838
        dvar2: 6.63156318665
        max: 20.8479328156
        mean: 5.75387573242
        min: -0.448300361633
        var: 10.7177028656
    spectral_rms:
        dmean: 0.000188522870303
        dmean2: 0.000280862062937
        dvar: 5.86534874003e-08
        dvar2: 1.14576998556e-07
        max: 0.00344595569186
        mean: 0.00129380251747
        min: 1.94542167264e-06
        var: 4.91621051424e-07
    spectral_rolloff:
        dmean: 391.903991699
        dmean2: 631.289245605
        dvar: 370823.46875
        dvar2: 697119.25
        max: 6589.16015625
        mean: 1678.54248047
        min: 258.3984375
        var: 1357136.125
    spectral_skewness:
        dmean: 0.22229860723
        dmean2: 0.346748113632
        dvar: 0.0408114232123
        dvar2: 0.0865462720394
        max: 3.8010392189
        mean: 1.93904709816
        min: 0.311988562346
        var: 0.302636265755
    spectral_spread:
        dmean: 593830
        dmean2: 863215.1875
        dvar: 1.51066391347e+12
        dvar2: 1.99075548365e+12
        max: 27625458
        mean: 4750301.5
        min: 2716934
        var: 3.06635944755e+12
    spectral_strongpeak:
        dmean: 0.169949442148
        dmean2: 0.289381295443
        dvar: 0.0989889279008
        dvar2: 0.256027489901
        max: 3.18240880966
        mean: 0.38411924243
        min: 4.39064060629e-05
        var: 0.209370732307
    zerocrossingrate:
        dmean: 0.00767396437004
        dmean2: 0.00945376232266
        dvar: 7.98088585725e-05
        dvar2: 0.000105518302007
        max: 0.169921875
        mean: 0.0554669387639
        min: 0.01123046875
        var: 0.000637217017356
    barkbands:
        dmean: [6.1278137764e-07, 3.02119933622e-05, 9.83051868388e-05, 3.04354962282e-05, 0.000117581599625, 0.00010458399629, 0.000192660983885, 0.000148272127262, 6.69456348987e-05, 4.24040772486e-05, 6.50122601655e-05, 7.31725731384e-06, 7.32166654416e-06, 2.21697137022e-05, 5.76576421736e-05, 5.69057774555e-05, 3.18658749165e-05, 3.27118323185e-05, 2.37692420342e-05, 5.07335498696e-05, 1.51522135639e-05, 4.63051947008e-06, 1.36241214932e-06, 8.47977446483e-07, 2.91458292168e-07, 3.48799602534e-08, 1.2064940158e-09]
        dmean2: [9.60890702117e-07, 5.1894414355e-05, 0.00015215035819, 5.10702520842e-05, 0.000198964989977, 0.000165682155057, 0.000278729945421, 0.00022691252525, 0.000108317035483, 5.80121522944e-05, 9.21015453059e-05, 1.09154998427e-05, 1.16392784548e-05, 3.19567443512e-05, 9.63454294833e-05, 8.65651018103e-05, 5.03280571138e-05, 5.30302240804e-05, 3.62372193194e-05, 7.52592750359e-05, 2.4285971449e-05, 7.45751594877e-06, 2.11258634408e-06, 1.28271267386e-06, 4.45249185077e-07, 5.40398552573e-08, 1.30311683666e-09]
        dvar: [2.17262167458e-12, 3.49572104597e-09, 3.51784592567e-08, 3.2883957779e-09, 2.04966141837e-08, 4.45327614784e-08, 1.86097963706e-07, 2.70783118594e-07, 1.55565764715e-08, 1.61318673975e-08, 2.66004143157e-08, 3.50417167505e-10, 3.6746305998e-10, 7.44078709758e-09, 4.11255030031e-08, 4.34544844552e-08, 7.08873448829e-09, 3.184604358e-09, 2.44303199892e-09, 2.16109796725e-08, 1.80998849242e-09, 3.2158031793e-10, 4.36813155091e-11, 2.10851041488e-11, 9.51852203827e-13, 7.76394973431e-15, 4.94848241549e-16]
        dvar2: [4.6128274811e-12, 8.35078761696e-09, 8.05174522611e-08, 9.04386165956e-09, 5.97057052687e-08, 9.33983699269e-08, 3.94319670249e-07, 6.47607919291e-07, 4.22743937634e-08, 2.3441632635e-08, 5.73567717765e-08, 7.78049680239e-10, 8.02920951948e-10, 1.66483253849e-08, 1.07062291477e-07, 8.8129674225e-08, 1.69866041233e-08, 7.38231831221e-09, 5.54695045452e-09, 4.43994849775e-08, 4.40348424391e-09, 7.26326943035e-10, 8.94107704541e-11, 5.04183569894e-11, 2.23934260891e-12, 1.84485063402e-14, 4.94766926386e-16]
        max: [1.22940664369e-05, 0.000603962223977, 0.00256129354239, 0.000627684756182, 0.00209629279561, 0.00274438969791, 0.00496451649815, 0.00619541155174, 0.00131972448435, 0.0028538974002, 0.00210588797927, 0.000297208520351, 0.000417178845964, 0.00140017154627, 0.00240003271028, 0.00241525983438, 0.00118239340372, 0.000630922848359, 0.000469374557724, 0.00194545916747, 0.000538302701898, 0.000230308709433, 0.000108274827653, 7.6540192822e-05, 1.42968428918e-05, 7.59562510666e-07, 4.62602002926e-07]
        mean: [9.35813318392e-07, 4.22650591645e-05, 0.000187512749108, 4.82307514176e-05, 0.000273971119896, 0.000221591864829, 0.000332159223035, 0.000175237990334, 0.000132053493871, 0.00010151197057, 0.000143795827171, 1.3569992916e-05, 1.40226538861e-05, 2.57120227616e-05, 9.89008622128e-05, 8.27799813123e-05, 7.96907115728e-05, 6.90922606736e-05, 4.8537098337e-05, 9.06317291083e-05, 2.69016236416e-05, 6.95625521985e-06, 1.87885302694e-06, 1.25235783344e-06, 4.58509703094e-07, 3.52577593787e-08, 1.20307852569e-09]
        min: [1.75602976604e-10, 2.83752299435e-10, 1.21623405791e-10, 7.74907568668e-11, 1.04124667222e-10, 8.96429389052e-11, 1.67968292053e-10, 3.91405047262e-10, 9.11114572677e-10, 3.96440241746e-10, 1.15583424776e-10, 6.29111346351e-11, 4.59816212883e-11, 3.64104163486e-11, 3.66479867286e-11, 2.94202717743e-10, 1.03540086227e-10, 7.01044569618e-11, 2.21711329851e-10, 7.92412385708e-11, 2.29862014839e-11, 7.66062647345e-12, 5.09292564718e-12, 7.47142040076e-13, 4.43002405592e-13, 1.73070162802e-13, 8.42459816372e-15]
        var: [3.45179961003e-12, 4.87994533671e-09, 1.3710146618e-07, 7.82536435651e-09, 9.94849287395e-08, 1.18473579391e-07, 5.04156901115e-07, 2.87268818511e-07, 2.93739610413e-08, 1.31424741312e-07, 1.16470175726e-07, 6.99901359091e-10, 1.47862277977e-09, 8.22946422119e-09, 1.09838154572e-07, 5.9798452412e-08, 3.96717574347e-08, 8.36448244002e-09, 6.46176268049e-09, 5.79831862524e-08, 2.70105893208e-09, 3.75932784902e-10, 5.06543487711e-11, 2.01632495422e-11, 1.04172746818e-12, 7.27827205378e-15, 4.9513877385e-16]
    mfcc:
        mean: [-799.741516113, 138.483566284, -27.2152023315, 44.5282821655, -16.222032547, -21.5163288116, -7.61991262436, -6.09192657471, 5.00276422501, -5.11668729782, -9.79290103912, -4.96605443954, -7.63749599457]
        cov: [[4942.17919922, -794.630737305, -735.985168457, -2.85419464111, -124.24684906, -4.12543439865, -7.25138521194, 16.57538414, -19.927904129, 150.672317505, -177.653762817, -22.8065338135, 199.894470215], [-794.630737305, 866.775390625, 176.078659058, -2.61400055885, 170.605957031, 107.558433533, 88.4501800537, 28.0218505859, -19.9554576874, -21.5346126556, 34.3562278748, 33.0923461914, -38.7587356567], [-735.985168457, 176.078659058, 461.797302246, 2.17112922668, 138.808349609, 64.7864303589, 33.7699432373, 4.1340098381, 1.5041949749, 27.4983234406, 34.2574882507, 13.5428924561, 28.2898845673], [-2.85419464111, -2.61400055885, 2.17112922668, 240.15637207, 45.0403327942, -4.31229066849, 28.3223571777, 24.7439727783, 85.8536148071, -14.848236084, 14.6795806885, 11.0661897659, -15.0675935745], [-124.24684906, 170.605957031, 138.808349609, 45.0403327942, 185.381103516, 79.882522583, 49.5586128235, 4.50742149353, -25.7841663361, 14.7465114594, 2.36920762062, 12.1958503723, 33.8430900574], [-4.12543439865, 107.558433533, 64.7864303589, -4.31229066849, 79.882522583, 132.264450073, 66.816444397, 4.15504217148, -22.4493656158, 26.3232383728, -7.9970703125, -13.579823494, 30.7554225922], [-7.25138521194, 88.4501800537, 33.7699432373, 28.3223571777, 49.5586128235, 66.816444397, 129.089385986, 62.7248077393, 30.3937358856, 25.2382297516, 15.8668088913, 11.124994278, 15.0581245422], [16.57538414, 28.0218505859, 4.1340098381, 24.7439727783, 4.50742149353, 4.15504217148, 62.7248077393, 152.901794434, 96.6169204712, 22.7868003845, 3.62475419044, 11.9340219498, -7.85536718369], [-19.927904129, -19.9554576874, 1.5041949749, 85.8536148071, -25.7841663361, -22.4493656158, 30.3937358856, 96.6169204712, 172.560882568, 27.6771907806, 5.47064828873, 11.5532426834, -9.04004859924], [150.672317505, -21.5346126556, 27.4983234406, -14.848236084, 14.7465114594, 26.3232383728, 25.2382297516, 22.7868003845, 27.6771907806, 145.670089722, -14.5158891678, 9.92076015472, 76.5482177734], [-177.653762817, 34.3562278748, 34.2574882507, 14.6795806885, 2.36920762062, -7.9970703125, 15.8668088913, 3.62475419044, 5.47064828873, -14.5158891678, 72.9324111938, 22.2184143066, -32.7064437866], [-22.8065338135, 33.0923461914, 13.5428924561, 11.0661897659, 12.1958503723, -13.579823494, 11.124994278, 11.9340219498, 11.5532426834, 9.92076015472, 22.2184143066, 57.6620788574, 17.0590953827], [199.894470215, -38.7587356567, 28.2898845673, -15.0675935745, 33.8430900574, 30.7554225922, 15.0581245422, -7.85536718369, -9.04004859924, 76.5482177734, -32.7064437866, 17.0590953827, 123.840324402]]
        icov: [[0.000353278213879, 0.000265973591013, 0.000575070094783, -1.25783244584e-05, -0.000259613327216, -0.000180100585567, -4.80280396005e-05, -0.000113013782538, 9.51106922003e-05, -0.000179831244168, 0.00034883688204, -0.000141335505759, -0.000275849452009], [0.000265973591013, 0.00189044955187, 0.000234779625316, 0.000487403769512, -0.00148895313032, -0.000903093721718, -0.00049616448814, 7.46711957618e-05, -0.000125579521409, -8.76420090208e-05, 0.000640113197733, -0.00153384101577, 0.00128961179871], [0.000575070094783, 0.000234779625316, 0.00409446284175, 0.000759588670917, -0.00291230087169, -0.00053699943237, 0.000537755026016, 0.000163779171999, -0.000996766379103, -0.000383681879612, -0.00155457505025, 0.000540329492651, -0.00114403129555], [-1.25783244584e-05, 0.000487403769512, 0.000759588670917, 0.00672081345692, -0.00366794341244, 0.00098071503453, -0.0013585955603, 0.00247538695112, -0.00499880500138, 0.00123938044999, -0.000622757594101, -0.000152570268256, 0.000623635540251], [-0.000259613327216, -0.00148895313032, -0.00291230087169, -0.00366794341244, 0.0123856309801, -0.0040572732687, 4.53798165836e-05, -0.00180312723387, 0.0039026925806, 0.00039261879283, 0.000915591372177, -0.00174036307726, -0.00180122675374], [-0.000180100585567, -0.000903093721718, -0.00053699943237, 0.00098071503453, -0.0040572732687, 0.0162752084434, -0.00768240308389, 0.00188237032853, 0.000787358963862, -0.000822880421765, 0.000519032648299, 0.00649105478078, -0.0018205055967], [-4.80280396005e-05, -0.00049616448814, 0.000537755026016, -0.0013585955603, 4.53798165836e-05, -0.00768240308389, 0.0159606765956, -0.00615674024448, 0.000427372666309, -0.000287313334411, -0.00432829232886, -0.00112446781714, -0.00158106326126], [-0.000113013782538, 7.46711957618e-05, 0.000163779171999, 0.00247538695112, -0.00180312723387, 0.00188237032853, -0.00615674024448, 0.0137559883296, -0.00763057684526, -0.000520815956406, 0.00211487850174, -0.00141120504122, 0.00263386103325], [9.51106922003e-05, -0.000125579521409, -0.000996766379103, -0.00499880500138, 0.0039026925806, 0.000787358963862, 0.000427372666309, -0.00763057684526, 0.0136322490871, -0.00260934769176, 0.000920825405046, -0.000645580817945, 0.000568756193388], [-0.000179831244168, -8.76420090208e-05, -0.000383681879612, 0.00123938044999, 0.00039261879283, -0.000822880421765, -0.000287313334411, -0.000520815956406, -0.00260934769176, 0.0115860523656, -0.0015615929151, 0.001009615371, -0.0073032961227], [0.00034883688204, 0.000640113197733, -0.00155457505025, -0.000622757594101, 0.000915591372177, 0.000519032648299, -0.00432829232886, 0.00211487850174, 0.000920825405046, -0.0015615929151, 0.022760597989, -0.0106824887916, 0.00871305540204], [-0.000141335505759, -0.00153384101577, 0.000540329492651, -0.000152570268256, -0.00174036307726, 0.00649105478078, -0.00112446781714, -0.00141120504122, -0.000645580817945, 0.001009615371, -0.0106824887916, 0.0271242037416, -0.00871196202934], [-0.000275849452009, 0.00128961179871, -0.00114403129555, 0.000623635540251, -0.00180122675374, -0.0018205055967, -0.00158106326126, 0.00263386103325, 0.000568756193388, -0.0073032961227, 0.00871305540204, -0.00871196202934, 0.0186217222363]]
    spectral_contrast:
        mean: [-2.96895251495e-07, 2.50934164114e-07, -4.91831258387e-07, 3.43919481338e-07, -3.65095722543e-08, -1.82859025699e-07, -1.15928264677e-06, -5.70628026253e-06, 1.33992898554e-06, 5.2767395573e-06, 3.29692511514e-06, -4.10732695855e-07]
        var: [0.000396909163101, 0.000903022591956, 0.00134311791044, 0.0029713679105, 0.00368538708426, 0.00845661945641, 0.050302952528, 0.0768921822309, 0.144089818001, 0.294986158609, 0.700791478157, 2.18916773796]

rhythm:
    beats_loudness:
        dmean: 0.00119203561917
        dmean2: 0.00199689134024
        dvar: 1.17081356166e-06
        dvar2: 2.42207465817e-06
        max: 0.0126182055101
        mean: 0.00270786113106
        min: 0.000148818042362
        var: 1.05671197161e-05
    beats_loudness_bass:
        dmean: 0.112235814333
        dmean2: 0.160854950547
        dvar: 0.0103521887213
        dvar2: 0.0190908797085
        max: 0.642964243889
        mean: 0.128756403923
        min: 0.00105994520709
        var: 0.0192041378468
    bpm: 83.9609451294
    bpm_confidence: 0
    first_peak_bpm: 191
    first_peak_spread: 0
    first_peak_weight: 0.791666686535
    onset_rate: 3.79813981056
    second_peak_bpm: 84
    second_peak_spread: 0
    second_peak_weight: 0.208333328366
    beats_position: [0.0671824291348, 0.380872309208, 0.694562137127, 1.00825202465, 1.32194185257, 1.63563168049, 1.94932150841, 2.26301121712, 2.57670092583, 2.89039063454, 3.20408058167, 3.51777029037, 3.83145999908, 4.14514970779, 4.4588394165, 4.77252912521, 5.08621931076, 5.39990901947, 5.71359872818, 6.02542591095, 6.74004364014, 7.45466184616, 8.16928005219, 8.88389778137, 9.59851551056]
    bpm_estimates: [83.9960021973, 83.9655151367, 83.921333313]
    bpm_intervals: [0.313689887524, 0.313689827919, 0.313689887524, 0.313689827919, 0.313689827919, 0.313689827919, 0.31368970871, 0.31368970871, 0.31368970871, 0.313689947128, 0.31368970871, 0.31368970871, 0.31368970871, 0.31368970871, 0.31368970871, 0.313690185547, 0.31368970871, 0.31368970871, 0.31182718277, 0.714617729187, 0.714618206024, 0.714618206024, 0.714617729187, 0.714617729187]
    onset_times: [0.0464399084449, 0.650158703327, 1.01006805897, 1.5673469305, 1.72988665104, 2.07818603516, 2.35682535172, 2.61224484444, 2.79800462723, 3.16952371597, 3.49460315704, 3.85451245308, 4.04027223587, 4.19120168686, 4.56272125244, 4.67882108688, 4.841360569, 4.92263031006, 5.20126962662, 5.30575942993, 5.630838871, 6.35065746307, 6.73378705978, 7.08208608627, 7.30267572403, 7.40716552734, 7.52326536179, 7.63936519623, 7.79029464722, 8.05732440948, 8.16181373596, 8.52172374725, 8.893242836, 9.11383247375, 9.22993183136, 9.43891143799, 9.71755123138, 9.86848068237]
    rubato_start: [6.74004364014]
    rubato_stop: [7.45466184616]
    perceptual_tempo: "unknown"

sfx:
    inharmonicity:
        dmean: 0.0408616624773
        dmean2: 0.0733023658395
        dvar: 0.00317318015732
        dvar2: 0.00866122916341
        max: 0.30029758811
        mean: 0.038820322603
        min: 2.27346481552e-06
        var: 0.0032049138099
    oddtoevenharmonicenergyratio:
        dmean: 3.8867752552
        dmean2: 6.92362880707
        dvar: 212.890258789
        dvar2: 545.152038574
        max: 184.166000366
        mean: 2.42266321182
        min: 0.000206563228858
        var: 118.352096558
    pitch_after_max_to_before_max_energy_ratio: 9.81442451477
    pitch_centroid: 211.85484314
    pitch_max_to_total: 0.206496521831
    pitch_min_to_total: 0.559164762497
    tristimulus:
        dmean: [0.217541337013, 0.228762894869, 0.0842071473598]
        dmean2: [0.371935427189, 0.39228951931, 0.144035607576]
        dvar: [0.0371458791196, 0.0370781458914, 0.00748634897172]
        dvar2: [0.0986635759473, 0.102864600718, 0.0194441471249]
        max: [0.985831320286, 0.945896148682, 0.587240517139]
        mean: [0.488613128662, 0.399805307388, 0.0992183983326]
        min: [0.0218541901559, 0, 0]
        var: [0.0702793747187, 0.0565000660717, 0.012434175238]

tonal:
    chords_changes_rate: 0.0277777779847
    chords_number_rate: 0.0231481473893
    chords_strength:
        dmean: 0.0076865456067
        dmean2: 0.00778435030952
        dvar: 4.66030396638e-05
        dvar2: 4.39270952484e-05
        max: 0.823765575886
        mean: 0.620919823647
        min: 0.361585706472
        var: 0.0117427213117
    key_strength: 0.748024582863
    tuning_diatonic_strength: 0.561119556427
    tuning_equal_tempered_deviation: 0.111549943686
    tuning_frequency: 441.782684326
    tuning_nontempered_energy_ratio: 0.714921116829
    hpcp:
        dmean: [0.0840820819139, 0.0742855519056, 0.124039255083, 0.205720633268, 0.225265234709, 0.241597786546, 0.200054183602, 0.211785793304, 0.120310433209, 0.0749022737145, 0.0715887472034, 0.0716099664569, 0.0697461888194, 0.0779700428247, 0.10986559093, 0.138477638364, 0.115844465792, 0.0996077135205, 0.0870445817709, 0.0661758780479, 0.0794528126717, 0.0776649564505, 0.0839806571603, 0.066805228591, 0.0581843405962, 0.0935375317931, 0.179169431329, 0.162105292082, 0.1343729496, 0.0812453404069, 0.069554567337, 0.0695676803589, 0.0598721802235, 0.0516628399491, 0.0853530988097, 0.0990990847349]
        dmean2: [0.133633077145, 0.125572830439, 0.22549547255, 0.365758836269, 0.396195143461, 0.41102746129, 0.330455303192, 0.359336704016, 0.213049933314, 0.128700599074, 0.121985353529, 0.121461987495, 0.125179976225, 0.135619655252, 0.177857860923, 0.226456210017, 0.197962626815, 0.170453608036, 0.1412140131, 0.117968246341, 0.137810796499, 0.127296075225, 0.145086571574, 0.12413380295, 0.107648856938, 0.16722010076, 0.289523333311, 0.27477350831, 0.217662200332, 0.145080581307, 0.12239561975, 0.123693138361, 0.104514405131, 0.0900536775589, 0.148626342416, 0.171187594533]
        dvar: [0.019102094695, 0.0133339371532, 0.0362478494644, 0.0847204998136, 0.0674384608865, 0.0513058230281, 0.0502286367118, 0.0496039018035, 0.0338799953461, 0.0262429229915, 0.0212674066424, 0.01676447317, 0.0176474824548, 0.0151323275641, 0.0214222185314, 0.028325593099, 0.0310129523277, 0.0284134168178, 0.0215710923076, 0.0191070027649, 0.0288713984191, 0.0257073640823, 0.026429887861, 0.0235787834972, 0.0159858576953, 0.0211590006948, 0.0353799127042, 0.0311460848898, 0.0295284781605, 0.024568548426, 0.0200234632939, 0.0241237841547, 0.0164360329509, 0.0104217128828, 0.0269707050174, 0.0295871011913]
        dvar2: [0.0437947958708, 0.0313477292657, 0.0938352495432, 0.221104457974, 0.170158684254, 0.133297309279, 0.121816955507, 0.130558371544, 0.0903990194201, 0.071207895875, 0.0555431768298, 0.0415301062167, 0.0509382709861, 0.0404586829245, 0.0503268912435, 0.0696794912219, 0.0868721455336, 0.0801023393869, 0.0561191625893, 0.0524870976806, 0.0844533592463, 0.0551861412823, 0.0680476054549, 0.056387450546, 0.0454261340201, 0.0525106452405, 0.0848029181361, 0.0721397474408, 0.0690227746964, 0.0721150487661, 0.0561702102423, 0.07210329175, 0.0506110116839, 0.0273621864617, 0.0703897550702, 0.073280416429]
        max: [1, 1, 1, 1, 1, 1, 1, 1, 1, 1, 1, 0.846578598022, 1, 1, 1, 1, 1, 1, 1, 1, 1, 1, 1, 1, 1, 1, 1, 1, 1, 1, 1, 0.990033328533, 0.850557029247, 0.710312962532, 1, 1]
        mean: [0.154676347971, 0.095161229372, 0.114714473486, 0.192839682102, 0.233901754022, 0.405751079321, 0.557303845882, 0.34194868803, 0.106115989387, 0.0649355500937, 0.0636951848865, 0.0770339816809, 0.0810268446803, 0.0846166089177, 0.182789459825, 0.234722271562, 0.156967356801, 0.130452975631, 0.105269871652, 0.0669848769903, 0.0871864780784, 0.11187492311, 0.0977026596665, 0.0663168802857, 0.0530715286732, 0.0879042819142, 0.285091102123, 0.390657842159, 0.209839984775, 0.0793433859944, 0.0711960718036, 0.0686970129609, 0.0559162199497, 0.0522768646479, 0.0952920392156, 0.160239100456]
        min: [0.000658215780277, 0.00107475754339, 0.000438595365267, 0.000592067604885, 0.000536358624231, 0.00215486576781, 0.00513464817777, 0.00320022250526, 0.000237374901189, 0.000511531077791, 0.000540187116712, 0.000806320284028, 0.000746290024836, 0.000646312721074, 0.000237776635913, 0.000206619894016, 0.000513618346304, 0.000599117949605, 0.000435158406617, 0.000349481328158, 0.000320457591442, 0.000473803258501, 0.000333803065587, 0.000297795020742, 0.000327960588038, 0.000541498768143, 0.00100723898504, 0.00139876175672, 0.000852790602949, 0.000371504051145, 0.000570466567297, 0.000481005961774, 0.000398081960157, 0.000500743393786, 0.00120269262698, 0.00149024685379]
        var: [0.06143392995, 0.023873206228, 0.0338251069188, 0.0870481356978, 0.0827119350433, 0.0815740972757, 0.14147746563, 0.0849776938558, 0.0298492461443, 0.0199639759958, 0.0185989644378, 0.0175363235176, 0.0153689971194, 0.0156950727105, 0.0506093837321, 0.0688265711069, 0.0361330993474, 0.0341119132936, 0.0249669868499, 0.0179126597941, 0.0294740777463, 0.0529599636793, 0.0368041805923, 0.0234567839652, 0.0142378592864, 0.0223892107606, 0.0684248507023, 0.108248360455, 0.0448910407722, 0.0179116688669, 0.0186560750008, 0.022721670568, 0.0135780023411, 0.00958233978599, 0.0284860488027, 0.0644447281957]
    chords_histogram: [65.2777786255, 0, 0, 0, 0, 0, 7.87037038803, 1.38888883591, 0, 0, 0, 0, 0, 0, 0, 0, 0, 18.0555553436, 0, 0, 0, 0, 0, 7.40740728378]
    thpcp: [1, 0.613576769829, 0.190409570932, 0.116517320275, 0.114291667938, 0.138226181269, 0.145390793681, 0.151832088828, 0.327988862991, 0.421174675226, 0.281654894352, 0.234078735113, 0.188891336322, 0.120194531977, 0.156443342566, 0.20074313879, 0.175313085318, 0.118995912373, 0.0952290743589, 0.157731339335, 0.511554181576, 0.700978219509, 0.376527070999, 0.142370060086, 0.127750903368, 0.123266711831, 0.100333452225, 0.0938031673431, 0.170987591147, 0.287525564432, 0.277544021606, 0.170752868056, 0.205838292837, 0.346022516489, 0.419702380896, 0.728060781956]
    chords_key: "B"
    chords_scale: "minor"
    key_key: "B"
    key_scale: "minor"
    chords_progression: ["G#m", "G#m", "G#m", "G#m", "G#m", "G#m", "G#m", "G#m", "G#m", "G#m", "G#m", "G#m", "G#m", "G#m", "G#m", "G#m", "G#m", "Bm", "Bm", "Bm", "Bm", "Bm", "G", "G", "G", "G", "G", "G", "G", "G", "G", "G", "G", "G", "G", "G", "G", "G", "Bm", "Bm", "Bm", "Bm", "Bm", "Bm", "Bm", "Bm", "Bm", "Bm", "Bm", "Bm", "Bm", "Bm", "Bm", "Bm", "Bm", "Bm", "Bm", "Bm", "Bm", "Bm", "Bm", "Bm", "Bm", "Bm", "Bm", "Bm", "Bm", "Bm", "A#", "A#", "A#", "A#", "A#", "A#", "A#", "A#", "A#", "A#", "A#", "A#", "A#", "A#", "A#", "A#", "A#", "A#", "A#", "A#", "A#", "A#", "A#", "A#", "A#", "A#", "A#", "A#", "A#", "A#", "A#", "A#", "A#", "A#", "A#", "A#", "A#", "A#", "A#", "B", "B", "B", "Bm", "Bm", "Bm", "Bm", "Bm", "Bm", "Bm", "Bm", "Bm", "Bm", "Bm", "Bm", "Bm", "Bm", "Bm", "Bm", "Bm", "Bm", "Bm", "Bm", "Bm", "Bm", "Bm", "Bm", "Bm", "Bm", "Bm", "Bm", "Bm", "Bm", "Bm", "Bm", "Bm", "Bm", "Bm", "Bm", "Bm", "Bm", "Bm", "Bm", "Bm", "Bm", "Bm", "Bm", "Bm", "Bm", "Bm", "Bm", "Bm", "Bm", "Bm", "Bm", "Bm", "Bm", "Bm", "Bm", "Bm", "Bm", "Bm", "Bm", "Bm", "Bm", "Bm", "Bm", "Bm", "Bm", "Bm", "Bm", "Bm", "Bm", "Bm", "Bm", "Bm", "Bm", "Bm", "Bm", "Bm", "Bm", "Bm", "Bm", "Bm", "Bm", "Bm", "Bm", "Bm", "Bm", "Bm", "Bm", "Bm", "Bm", "Bm", "Bm", "Bm", "Bm", "Bm", "Bm", "Bm", "Bm", "Bm", "Bm", "Bm", "Bm", "Bm", "Bm", "Bm", "Bm"]
