
metadata:
    version:
        essentia: "1.2.2"
    audio_properties:
        analysis_sample_rate: 44100
        bitrate: 128
        channels: 2
        equal_loudness: 1
        length: 10.1093873978
        replay_gain: -0.0735721588135
        downmix: "mix"
    tags:
        track: 7
        year: 0
        album: "Splitted by Mp3Splt v. 2.1"
        artist: "From 001.00 To 001.10"
        comment: "http://mp3splt.sf.net"
        genre: ""
        title: "06 Papua New Guinea [Dumb Chil"

highlevel:
    ballroom:
        all:
            ChaChaCha: 0.0813122540712
            Jive: 0.0318851955235
            Quickstep: 0.101221352816
            Rumba-American: 0.17467187345
            Rumba-International: 0.0600324198604
            Rumba-Misc: 0.0497455336154
            Samba: 0.170672103763
            Tango: 0.0960645526648
            VienneseWaltz: 0.166582658887
            Waltz: 0.0678120553493
        probability: 0.17467187345
        value: "Rumba-American"
    culture:
        all:
            non_western: 0.924204111099
            western: 0.0757958814502
        probability: 0.924204111099
        value: "non_western"
    gender:
        all:
            female: 0.787736237049
            male: 0.212263733149
        probability: 0.787736237049
        value: "female"
    genre_dortmund:
        all:
            alternative: 0.0145921595395
            blues: 0.00142772158142
            electronic: 0.666847229004
            folkcountry: 0.00713476678357
            funksoulrnb: 0.0266774334013
            jazz: 0.0518431589007
            pop: 0.0248767081648
            raphiphop: 0.198505684733
            rock: 0.00809515360743
        probability: 0.666847229004
        value: "electronic"
    genre_electronica:
        all:
            ambient: 0.804900348186
            dnb: 0.0364672243595
            house: 0.105358079076
            techno: 0.0262475069612
            trance: 0.0270268451422
        probability: 0.804900348186
        value: "ambient"
    genre_rosamerica:
        all:
            cla: 0.178966671228
            dan: 0.120429456234
            hip: 0.0369078926742
            jaz: 0.0862051695585
            pop: 0.401839286089
            rhy: 0.137403681874
            roc: 0.024894265458
            spe: 0.0133535843343
        probability: 0.401839286089
        value: "pop"
    genre_tzanetakis:
        all:
            blu: 0.0330848954618
            cla: 0.234950885177
            cou: 0.0236806292087
            dis: 0.0689776018262
            hip: 0.0510094612837
            jaz: 0.0789892077446
            met: 0.0121941100806
            pop: 0.152910411358
            reg: 0.303557097912
            roc: 0.0406457111239
        probability: 0.303557097912
        value: "reg"
    live_studio:
        all:
            live: 0.112319543958
            studio: 0.887680470943
        probability: 0.887680470943
        value: "studio"
    mood:
        all:
            Cluster1: 0.0864544212818
            Cluster2: 0.541812002659
            Cluster3: 0.0849801003933
            Cluster4: 0.227454647422
            Cluster5: 0.059298813343
        probability: 0.541812002659
        value: "Cluster2"
    mood_acoustic:
        all:
            acoustic: 0.196418792009
            not_acoustic: 0.803581237793
        probability: 0.803581237793
        value: "not_acoustic"
    mood_aggressive:
        all:
            aggressive: 0.0157647263259
            not_aggressive: 0.984235286713
        probability: 0.984235286713
        value: "not_aggressive"
    mood_electronic:
        all:
            electronic: 0.835961341858
            not_electronic: 0.164038673043
        probability: 0.835961341858
        value: "electronic"
    mood_happy:
        all:
            happy: 0.1980689466
            not_happy: 0.801931023598
        probability: 0.801931023598
        value: "not_happy"
    mood_party:
        all:
            not_party: 0.833270728588
            party: 0.166729256511
        probability: 0.833270728588
        value: "not_party"
    mood_relaxed:
        all:
            not_relaxed: 0.213386341929
            relaxed: 0.786613643169
        probability: 0.786613643169
        value: "relaxed"
    mood_sad:
        all:
            not_sad: 0.201500952244
            sad: 0.798499047756
        probability: 0.798499047756
        value: "sad"
    rhythm:
        all:
            fast: 0.0107359485701
            medium: 0.787603020668
            slow: 0.201661035419
        probability: 0.787603020668
        value: "medium"
    speech_music:
        all:
            music: 0.835796654224
            speech: 0.164203345776
        probability: 0.835796654224
        value: "music"
    timbre:
        all:
            bright: 0.356775283813
            dark: 0.643224716187
        probability: 0.643224716187
        value: "dark"
    voice_instrumental:
        all:
            instrumental: 0.999988913536
            voice: 1.10960963866e-05
        probability: 0.999988913536
        value: "instrumental"

lowlevel:
    average_loudness: 0.728965818882
    barkbands_kurtosis:
        dmean: 3.61602282524
        dmean2: 5.60740709305
        dvar: 42.8400650024
        dvar2: 102.864814758
        max: 91.9499435425
        mean: 5.05447626114
        min: -1.9816826582
        var: 107.795387268
    barkbands_skewness:
        dmean: 0.545789301395
        dmean2: 0.809190571308
        dvar: 0.311571061611
        dvar2: 0.627635896206
        max: 7.46186256409
        mean: -0.120313376188
        min: -4.78800010681
        var: 1.73200929165
    barkbands_spread:
        dmean: 3.62795042992
        dmean2: 5.36815261841
        dvar: 17.6049861908
        dvar2: 40.6077919006
        max: 51.4572372437
        mean: 13.6817827225
        min: 0.399262040854
        var: 145.442153931
    dissonance:
        dmean: 0.0444675609469
        dmean2: 0.073319427669
        dvar: 0.00241947639734
        dvar2: 0.00624107290059
        max: 0.499585419893
        mean: 0.438277930021
        min: 0.143810346723
        var: 0.0034579122439
    hfc:
        dmean: 1.55291509628
        dmean2: 2.42665433884
        dvar: 4.0200214386
        dvar2: 9.97171974182
        max: 18.8561630249
        mean: 4.7227935791
        min: 0.00172087200917
        var: 19.2516231537
    pitch:
        dmean: 357.06338501
        dmean2: 686.102966309
        dvar: 568312.6875
        dvar2: 1437630.25
        max: 4410
        mean: 808.391967773
        min: 115.445022583
        var: 906923.4375
    pitch_instantaneous_confidence:
        dmean: 0.081055521965
        dmean2: 0.124903790653
        dvar: 0.00454682391137
        dvar2: 0.0107027254999
        max: 0.954372644424
        mean: 0.656416356564
        min: 0.23609238863
        var: 0.02297674492
    pitch_salience:
        dmean: 0.0728016346693
        dmean2: 0.114367201924
        dvar: 0.00473701162264
        dvar2: 0.010267294012
        max: 0.859451413155
        mean: 0.471334964037
        min: 0.142332792282
        var: 0.0118025941774
    silence_rate_20dB:
        dmean: 0
        dmean2: 0
        dvar: 0
        dvar2: 0
        max: 1
        mean: 1
        min: 1
        var: 0
    silence_rate_30dB:
        dmean: 0
        dmean2: 0
        dvar: 0
        dvar2: 0
        max: 1
        mean: 1
        min: 1
        var: 0
    silence_rate_60dB:
        dmean: 0.0596330277622
        dmean2: 0.11954022944
        dvar: 0.0560765005648
        dvar2: 0.13283649087
        max: 1
        mean: 0.498855829239
        min: 0
        var: 0.249997898936
    spectral_centroid:
        dmean: 154.430969238
        dmean2: 213.287094116
        dvar: 55563.6640625
        dvar2: 78065.9921875
        max: 4468.44775391
        mean: 1595.95031738
        min: 459.574859619
        var: 769738.9375
    spectral_complexity:
        dmean: 1.19310343266
        dmean2: 1.96543776989
        dvar: 1.74662804604
        dvar2: 4.62323236465
        max: 17
        mean: 5.5
        min: 0
        var: 18.0344028473
    spectral_crest:
        dmean: 2.99764680862
        dmean2: 4.83956718445
        dvar: 7.01659440994
        dvar2: 18.7381076813
        max: 25.287153244
        mean: 13.6398153305
        min: 3.10907745361
        var: 23.0014533997
    spectral_decrease:
        dmean: 3.27606275441e-10
        dmean2: 5.14883746749e-10
        dvar: 2.21697406409e-19
        dvar2: 5.60550884517e-19
        max: -1.5041073042e-13
        mean: -8.37501235029e-10
        min: -4.57168169987e-09
        var: 7.32737214416e-19
    spectral_energy:
        dmean: 0.00137097202241
        dmean2: 0.00215102522634
        dvar: 3.68817950402e-06
        dvar2: 9.40805421124e-06
        max: 0.0183309856802
        mean: 0.00358929182403
        min: 7.23772188849e-07
        var: 1.27797457026e-05
    spectral_energyband_high:
        dmean: 6.7326676799e-05
        dmean2: 7.90892590885e-05
        dvar: 4.24391046749e-08
        dvar2: 7.08535452532e-08
        max: 0.00283426069655
        mean: 0.000174852466444
        min: 2.3962892115e-08
        var: 1.60981215913e-07
    spectral_energyband_low:
        dmean: 0.000192492996575
        dmean2: 0.000297051330563
        dvar: 9.17480065254e-07
        dvar2: 2.11273777495e-06
        max: 0.0107580618933
        mean: 0.000224985386012
        min: 6.39184705165e-09
        var: 1.09915129087e-06
    spectral_energyband_middle_high:
        dmean: 0.00120774249081
        dmean2: 0.00193626317196
        dvar: 2.84197585643e-06
        dvar2: 7.45468014429e-06
        max: 0.0135279325768
        mean: 0.00295716430992
        min: 1.6904847655e-07
        var: 9.3596863735e-06
    spectral_energyband_middle_low:
        dmean: 0.000143802899402
        dmean2: 0.000239136716118
        dvar: 2.50956730952e-07
        dvar2: 7.54612301535e-07
        max: 0.00533909955993
        mean: 0.000232289021369
        min: 2.83029294224e-07
        var: 1.78155559638e-07
    spectral_flatness_db:
        dmean: 0.0262902639806
        dmean2: 0.0401124022901
        dvar: 0.000447954109404
        dvar2: 0.00103863759432
        max: 0.418011128902
        mean: 0.258057117462
        min: 0.101932570338
        var: 0.00487857498229
    spectral_flux:
        dmean: 0.00874602794647
        dmean2: 0.0147539367899
        dvar: 0.000107962790935
        dvar2: 0.000274618476396
        max: 0.115247435868
        mean: 0.0279916599393
        min: 0.00112264358904
        var: 0.000465350778541
    spectral_kurtosis:
        dmean: 5.85101270676
        dmean2: 9.59560108185
        dvar: 81.7304000854
        dvar2: 208.95223999
        max: 87.6275100708
        mean: 16.8039588928
        min: -0.726493120193
        var: 371.813537598
    spectral_rms:
        dmean: 0.000298539525829
        dmean2: 0.000457370537333
        dvar: 1.24074986729e-07
        dvar2: 3.0402557627e-07
        max: 0.00422893464565
        mean: 0.00156477885321
        min: 2.65729031526e-05
        var: 1.05321475985e-06
    spectral_rolloff:
        dmean: 259.784332275
        dmean2: 429.522583008
        dvar: 205063.484375
        dvar2: 395081.875
        max: 8419.48242188
        mean: 2340.49975586
        min: 1098.19335938
        var: 2874948.75
    spectral_skewness:
        dmean: 0.422658354044
        dmean2: 0.67609244585
        dvar: 0.2696647048
        dvar2: 0.679794251919
        max: 7.11288833618
        mean: 2.63808703423
        min: 0.425088465214
        var: 2.10237622261
    spectral_spread:
        dmean: 329365.1875
        dmean2: 524971.0625
        dvar: 134110085120
        dvar2: 261198331904
        max: 10542970
        mean: 3813532.5
        min: 844958
        var: 6.42969554125e+12
    spectral_strongpeak:
        dmean: 0.677358925343
        dmean2: 1.12348031998
        dvar: 0.676729798317
        dvar2: 1.63328051567
        max: 5.94414901733
        mean: 1.45603454113
        min: 0.00077527546091
        var: 1.72836315632
    zerocrossingrate:
        dmean: 0.00709747662768
        dmean2: 0.0074097244069
        dvar: 0.000103629434307
        dvar2: 8.66803748067e-05
        max: 0.23681640625
        mean: 0.0820771679282
        min: 0.02294921875
        var: 0.00231864512898
    barkbands:
        dmean: [7.7842906876e-07, 0.000136890637805, 9.54281058512e-05, 4.79591726616e-05, 1.97865119844e-05, 5.2911505918e-05, 4.7883931984e-06, 4.73570298709e-06, 4.14217647631e-05, 3.28111127601e-05, 0.000141146039823, 0.00103794957977, 0.000256029976299, 5.71040873183e-05, 0.000114482398203, 3.40521910402e-05, 2.02879600693e-05, 9.72637099039e-06, 9.47812986851e-06, 4.55225235783e-05, 2.66824627033e-05, 1.0932379837e-06, 7.42725148939e-07, 1.79795983968e-06, 3.95062954794e-07, 1.17107967768e-08, 1.38522082693e-10]
        dmean2: [8.67988603659e-07, 0.000235469546169, 0.000177635200089, 9.26389038796e-05, 3.84217564715e-05, 7.19905365258e-05, 8.15259681985e-06, 7.05726279193e-06, 6.45867476123e-05, 5.17783410032e-05, 0.000227233380429, 0.0016823715996, 0.00037935981527, 9.70929686446e-05, 0.000178769201739, 5.6182314438e-05, 3.23908898281e-05, 1.68394035427e-05, 1.69653321791e-05, 6.19896964054e-05, 3.61566671927e-05, 1.54521046625e-06, 1.11291433313e-06, 2.63713036475e-06, 6.8201029535e-07, 1.43706353484e-08, 2.45369030649e-10]
        dvar: [9.05166479964e-12, 5.53483005206e-07, 3.6171343254e-07, 1.22503593047e-07, 1.78011489993e-08, 9.49437328757e-09, 6.36885197358e-11, 2.2517013254e-10, 6.40427177956e-09, 3.78571218818e-09, 5.92704232361e-08, 2.58348018178e-06, 2.3702941121e-07, 2.78373146756e-08, 5.70440228387e-08, 2.38499131555e-09, 2.18535833874e-09, 3.31052019131e-10, 3.6878761156e-10, 1.84777579904e-08, 7.08374336966e-09, 8.63824376612e-12, 5.61579472161e-12, 4.03401895221e-11, 1.38968947027e-12, 1.0823295944e-15, 4.27693412603e-20]
        dvar2: [1.20131292067e-11, 1.42791475355e-06, 1.0400467545e-06, 3.69286624391e-07, 5.39609779082e-08, 1.79465367012e-08, 1.65265148788e-10, 4.43851816412e-10, 1.23078987002e-08, 8.86113138421e-09, 1.35310699534e-07, 6.69111341267e-06, 4.12239046454e-07, 7.89546845681e-08, 1.39970566693e-07, 5.99654148559e-09, 5.78924108652e-09, 9.70333480232e-10, 9.82191994403e-10, 3.44684103482e-08, 1.44223468723e-08, 1.6017860649e-11, 8.60094374194e-12, 7.27100671338e-11, 3.80695258304e-12, 1.27548899939e-15, 1.28460826012e-19]
        max: [4.52728563687e-05, 0.00836604088545, 0.00637040752918, 0.00364035461098, 0.00141512951814, 0.000983934383839, 9.77033632807e-05, 0.000350488058757, 0.000964840117376, 0.000553489895537, 0.00187784922309, 0.0125275878236, 0.00594965182245, 0.00194721121807, 0.00246518850327, 0.000455952133052, 0.000585387926549, 0.000198636669666, 0.000246274634264, 0.00160827802029, 0.00123091996647, 4.76486093248e-05, 3.54903022526e-05, 8.96899800864e-05, 1.5361863916e-05, 6.76247623232e-07, 1.78293113606e-09]
        mean: [2.08235951504e-06, 0.000162308540894, 6.05963505222e-05, 2.94261826639e-05, 1.36662838486e-05, 9.84966754913e-05, 7.85090378486e-06, 7.83627547207e-06, 6.05820132478e-05, 5.56582926947e-05, 0.000189550541108, 0.00177779456135, 0.000548581127077, 6.22463485342e-05, 0.00020233647956, 5.49928299733e-05, 2.97832430078e-05, 1.98376455955e-05, 2.28505923587e-05, 0.000105614803033, 6.20958671789e-05, 3.53882182935e-06, 3.08574590235e-06, 7.54813163439e-06, 8.83626114501e-07, 5.08729627313e-08, 1.68038291615e-10]
        min: [6.57664461085e-13, 5.70641200959e-10, 1.78554770969e-09, 1.06963538027e-09, 1.39332678728e-08, 1.55293321313e-07, 1.36717712707e-08, 5.10867792514e-09, 1.5121329966e-08, 2.14240962748e-08, 1.20968413064e-09, 7.39150518569e-09, 1.36350246649e-08, 1.15931095834e-08, 1.06136113232e-08, 2.47363072248e-08, 4.97787100429e-09, 1.55137467317e-08, 9.85439729817e-09, 1.0837323039e-08, 4.86750861839e-09, 7.70842056852e-10, 2.32088764873e-10, 1.8836908422e-10, 1.15044342108e-10, 6.62678408241e-13, 9.11738302315e-15]
        var: [4.17104545347e-11, 5.75188551011e-07, 2.1001564221e-07, 6.52538076906e-08, 9.39708222347e-09, 2.28513883371e-08, 1.67507813176e-10, 8.86332007788e-10, 1.41478206928e-08, 9.08840647185e-09, 1.01936606711e-07, 5.72668977838e-06, 9.29514442305e-07, 2.21034248682e-08, 1.29761758672e-07, 4.59276350284e-09, 3.36788330557e-09, 7.73310915303e-10, 1.51825330086e-09, 6.1864668055e-08, 2.09406874063e-08, 6.17769169153e-11, 4.37461282476e-11, 2.80841044864e-10, 4.93711191721e-12, 1.18121692169e-14, 6.74995212597e-20]
    mfcc:
        mean: [-851.61907959, 115.680854797, -89.3760223389, -6.16391563416, -20.0402202606, 4.63191699982, 16.8473682404, -19.0382652283, -19.281167984, -10.6494417191, -25.3970069885, 8.67903995514, 0.710500061512]
        cov: [[11743.6552734, -2200.47875977, 389.379821777, -521.75, 681.627075195, 286.930114746, 332.188171387, 787.591308594, 608.541809082, 626.455322266, 404.60836792, 398.076324463, 79.4946136475], [-2200.47875977, 4503.02832031, -1891.39599609, 93.1189422607, 701.577453613, 1081.73522949, 725.811828613, 556.97076416, 501.502197266, -12.2567996979, 138.479248047, 90.15184021, 404.68258667], [389.379821777, -1891.39599609, 1440.62854004, 374.078186035, -147.306228638, -450.630279541, -279.503479004, -215.467514038, -203.067687988, 73.8418655396, -29.5946769714, -27.516828537, -226.797088623], [-521.75, 93.1189422607, 374.078186035, 776.344726562, -89.693649292, -128.806915283, -47.7743301392, -206.567184448, 47.6923408508, 29.249382019, -66.4823913574, -10.1555767059, -83.0047836304], [681.627075195, 701.577453613, -147.306228638, -89.693649292, 524.301452637, 358.758178711, 248.383895874, 451.996185303, 222.113555908, 145.643218994, 205.96736145, 78.6296005249, 130.634292603], [286.930114746, 1081.73522949, -450.630279541, -128.806915283, 358.758178711, 484.622711182, 316.167602539, 302.390411377, 183.089294434, 57.0198173523, 106.464889526, 74.0866851807, 141.426101685], [332.188171387, 725.811828613, -279.503479004, -47.7743301392, 248.383895874, 316.167602539, 259.935211182, 231.907913208, 138.871078491, 49.6182861328, 78.4426422119, 57.633140564, 90.246925354], [787.591308594, 556.97076416, -215.467514038, -206.567184448, 451.996185303, 302.390411377, 231.907913208, 548.823364258, 232.645309448, 129.869064331, 226.846374512, 48.3856315613, 119.443023682], [608.541809082, 501.502197266, -203.067687988, 47.6923408508, 222.113555908, 183.089294434, 138.871078491, 232.645309448, 220.347702026, 102.290756226, 95.8668670654, 43.066822052, 75.3041381836], [626.455322266, -12.2567996979, 73.8418655396, 29.249382019, 145.643218994, 57.0198173523, 49.6182861328, 129.869064331, 102.290756226, 126.890213013, 83.9921035767, 42.0837478638, 17.5866966248], [404.60836792, 138.479248047, -29.5946769714, -66.4823913574, 205.96736145, 106.464889526, 78.4426422119, 226.846374512, 95.8668670654, 83.9921035767, 160.988037109, 32.7878646851, 51.868812561], [398.076324463, 90.15184021, -27.516828537, -10.1555767059, 78.6296005249, 74.0866851807, 57.633140564, 48.3856315613, 43.066822052, 42.0837478638, 32.7878646851, 83.7449951172, 42.3365287781], [79.4946136475, 404.68258667, -226.797088623, -83.0047836304, 130.634292603, 141.426101685, 90.246925354, 119.443023682, 75.3041381836, 17.5866966248, 51.868812561, 42.3365287781, 104.296981812]]
        icov: [[0.000279233441688, 0.000557077350095, 0.000426093203714, -2.00553313334e-05, -0.000408301420975, -0.000127265084302, -0.000579480663873, 0.000188263016753, -0.000963327882346, -0.000180663133506, 0.0001872668945, -0.000705623242538, 0.000425338570494], [0.000557077350095, 0.00268924981356, 0.00267379917204, -0.00164068117738, -0.00220300816, -0.00163762341253, -0.00147094239946, 0.000317728554364, -0.00112009118311, 0.000346431625076, 0.000832551158965, -0.000475696928333, 6.757369556e-05], [0.000426093203714, 0.00267379917204, 0.00495465332642, -0.00284904707223, -0.00371929840185, -0.000468236859888, -0.000713271903805, -0.00051545817405, 0.00267964182422, -0.00171112024691, 0.00123013695702, -0.00121098326053, 0.00254177534953], [-2.00553313334e-05, -0.00164068117738, -0.00284904707223, 0.00459276372567, -4.39169816673e-05, 0.00301537290215, -0.00207181158476, 0.00380540429614, -0.00565497996286, 0.00140683504287, -0.00138900103047, -8.93133765203e-05, 0.00181476282887], [-0.000408301420975, -0.00220300816, -0.00371929840185, -4.39169816673e-05, 0.0159845985472, -0.00633270852268, 0.00426892610267, -0.00819731038064, 0.0028104481753, -0.00506500760093, -0.00191743252799, -3.81397330784e-05, -0.00520973000675], [-0.000127265084302, -0.00163762341253, -0.000468236859888, 0.00301537290215, -0.00633270852268, 0.0178269445896, -0.0141705647111, 0.00493599660695, -0.00239446293563, 0.00195963121951, -0.000395356764784, 0.000201071816264, -0.000286423077341], [-0.000579480663873, -0.00147094239946, -0.000713271903805, -0.00207181158476, 0.00426892610267, -0.0141705647111, 0.0250811483711, -0.00739495595917, 0.00380696495995, -0.000637807417661, 0.00224370020442, -0.00381977669895, 0.00137746776454], [0.000188263016753, 0.000317728554364, -0.00051545817405, 0.00380540429614, -0.00819731038064, 0.00493599660695, -0.00739495595917, 0.0151432165876, -0.00991894863546, 0.00478761643171, -0.00770237995312, 0.00345201347955, 0.00194555334747], [-0.000963327882346, -0.00112009118311, 0.00267964182422, -0.00565497996286, 0.0028104481753, -0.00239446293563, 0.00380696495995, -0.00991894863546, 0.0265651680529, -0.013459475711, 0.00417098635808, 0.00309401238337, -0.0060424269177], [-0.000180663133506, 0.000346431625076, -0.00171112024691, 0.00140683504287, -0.00506500760093, 0.00195963121951, -0.000637807417661, 0.00478761643171, -0.013459475711, 0.026734655723, -0.00759522011504, -0.00596363982186, 0.0063560041599], [0.0001872668945, 0.000832551158965, 0.00123013695702, -0.00138900103047, -0.00191743252799, -0.000395356764784, 0.00224370020442, -0.00770237995312, 0.00417098635808, -0.00759522011504, 0.0198606047779, -0.000983240199275, -0.00319510581903], [-0.000705623242538, -0.000475696928333, -0.00121098326053, -8.93133765203e-05, -3.81397330784e-05, 0.000201071816264, -0.00381977669895, 0.00345201347955, 0.00309401238337, -0.00596363982186, -0.000983240199275, 0.0234762784094, -0.0114627238363], [0.000425338570494, 6.757369556e-05, 0.00254177534953, 0.00181476282887, -0.00520973000675, -0.000286423077341, 0.00137746776454, 0.00194555334747, -0.0060424269177, 0.0063560041599, -0.00319510581903, -0.0114627238363, 0.0289997104555]]
    spectral_contrast:
        mean: [1.66775095067e-07, -3.64764431993e-08, 2.97339681765e-07, 6.8952044785e-07, 1.43304063727e-07, 1.47148966789e-07, -3.70341695088e-07, 2.49150139098e-06, 1.86537931768e-06, 1.2640012983e-06, 1.51574886331e-06, 2.09655240724e-06]
        var: [0.000540979963262, 0.000613523181528, 0.00194913137238, 0.00390974991024, 0.00557352881879, 0.00718590663746, 0.0648278743029, 0.0678799897432, 0.187421157956, 0.537070155144, 2.02028918266, 5.77380657196]

rhythm:
    beats_loudness:
        dmean: 0.00117499765474
        dmean2: 0.00176355638541
        dvar: 2.08394385481e-06
        dvar2: 5.05271827933e-06
        max: 0.00772106647491
        mean: 0.00246969377622
        min: 9.69403117779e-06
        var: 6.41571978122e-06
    beats_loudness_bass:
        dmean: 0.00842874962837
        dmean2: 0.0101784616709
        dvar: 0.000205357195227
        dvar2: 0.000223739043577
        max: 0.0967835187912
        mean: 0.00964258238673
        min: 3.21044390148e-05
        var: 0.000467400765046
    bpm: 166.681747437
    bpm_confidence: 0
    first_peak_bpm: 167
    first_peak_spread: 0
    first_peak_weight: 0.5
    onset_rate: 3.65996432304
    second_peak_bpm: 112
    second_peak_spread: 0
    second_peak_weight: 0.454545468092
    beats_position: [0.16272701323, 0.697935283184, 1.23314344883, 1.76835167408, 2.30356001854, 2.83876848221, 3.37397670746, 3.90918493271, 4.44439315796, 4.97960186005, 5.5148100853, 5.96643972397, 6.32640790939, 6.68637657166, 7.04634475708, 7.4063129425, 7.76628112793, 8.12625026703, 8.48621749878, 8.8461856842, 9.2061548233, 9.56612300873, 9.92609119415]
    bpm_estimates: [166.785720825, 166.958831787, 166.710357666, 166.311218262, 166.248123169, 166.832229614, 166.925750732]
    bpm_intervals: [0.535208284855, 0.535208165646, 0.53520822525, 0.53520834446, 0.535208463669, 0.53520822525, 0.53520822525, 0.53520822525, 0.535208702087, 0.53520822525, 0.451629638672, 0.359968185425, 0.359968662262, 0.359968185425, 0.359968185425, 0.359968185425, 0.359969139099, 0.35996723175, 0.359968185425, 0.359969139099, 0.359968185425, 0.359968185425]
    onset_times: [0.0348299331963, 0.255419492722, 0.31346938014, 0.441179126501, 0.626938760281, 0.882358253002, 1.04489791393, 1.34675741196, 1.59056687355, 1.69505667686, 1.89242625237, 2.26394557953, 2.80961441994, 3.04181408882, 3.27401351929, 3.34367346764, 3.44816327095, 3.58748292923, 3.72680282593, 4.19120168686, 4.34213161469, 4.57433128357, 4.6439909935, 4.86458063126, 5.02712011337, 5.51473903656, 5.87464857101, 6.23455762863, 6.59446716309, 6.94276666641, 8.25469398499, 8.42884349823, 8.52172374725, 8.63782310486, 8.67265319824, 9.33442211151, 9.70594120026]
    rubato_start: [6.32640790939]
    rubato_stop: [9.92609119415]
    perceptual_tempo: "unknown"

sfx:
    inharmonicity:
        dmean: 0.0674808174372
        dmean2: 0.123590938747
        dvar: 0.00577957881615
        dvar2: 0.0150536568835
        max: 0.416124612093
        mean: 0.0637418478727
        min: 0
        var: 0.00604831660166
    oddtoevenharmonicenergyratio:
        dmean: 98.0499801636
        dmean2: 192.225036621
        dvar: 190855.28125
        dvar2: 566656.3125
        max: 4882.72314453
        mean: 54.1636047363
        min: 0
        var: 99054.7421875
    pitch_after_max_to_before_max_energy_ratio: 0.749690413475
    pitch_centroid: 253.311035156
    pitch_max_to_total: 0.864678919315
    pitch_min_to_total: 0.621559619904
    tristimulus:
        dmean: [0.312078118324, 0.370860129595, 0.0843690261245]
        dmean2: [0.578514933586, 0.675933718681, 0.154454141855]
        dvar: [0.0941438674927, 0.102754414082, 0.0191587004811]
        dvar2: [0.245937809348, 0.266760766506, 0.0545901544392]
        max: [1, 0.999193191528, 0.794290781021]
        mean: [0.357233822346, 0.496249526739, 0.0682097673416]
        min: [0.000806805619504, 0, 0]
        var: [0.110078155994, 0.132637962699, 0.0171389430761]

tonal:
    chords_changes_rate: 0.0502283088863
    chords_number_rate: 0.0273972600698
    chords_strength:
        dmean: 0.00756797008216
        dmean2: 0.00847934000194
        dvar: 3.77356227546e-05
        dvar2: 5.12266960868e-05
        max: 0.712226748466
        mean: 0.520778179169
        min: 0.277720928192
        var: 0.0164057072252
    key_strength: 0.377719968557
    tuning_diatonic_strength: 0.410786420107
    tuning_equal_tempered_deviation: 0.173996418715
    tuning_frequency: 432.191345215
    tuning_nontempered_energy_ratio: 0.915956318378
    hpcp:
        dmean: [0.0825297608972, 0.0746148601174, 0.0911082327366, 0.100429490209, 0.0499199591577, 0.0227387659252, 0.0302254650742, 0.0618005506694, 0.104566685855, 0.0649346634746, 0.0818094313145, 0.185773015022, 0.183077126741, 0.177953913808, 0.175605580211, 0.185805737972, 0.167684867978, 0.0897918790579, 0.0624772831798, 0.0470298789442, 0.083219319582, 0.177883610129, 0.169696837664, 0.134676799178, 0.16800133884, 0.187136262655, 0.126012176275, 0.066672064364, 0.0447509512305, 0.0344360470772, 0.0464870147407, 0.0322738215327, 0.0174500979483, 0.0148534653708, 0.0209532510489, 0.0515942983329]
        dmean2: [0.140794038773, 0.121172994375, 0.153876200318, 0.167260468006, 0.0826074331999, 0.0385330468416, 0.0494186207652, 0.102783218026, 0.168197900057, 0.106017932296, 0.143484503031, 0.308923840523, 0.306178748608, 0.299948900938, 0.305648088455, 0.302780777216, 0.261356592178, 0.140149459243, 0.10359928757, 0.0834783911705, 0.143627777696, 0.276755034924, 0.273313730955, 0.236957222223, 0.251309275627, 0.320782184601, 0.211511164904, 0.11084472388, 0.0721955895424, 0.0539389550686, 0.0754808261991, 0.0547576770186, 0.0289034117013, 0.0247938856483, 0.0335221625865, 0.0821132585406]
        dvar: [0.0155450478196, 0.0111313480884, 0.0235396362841, 0.0263853110373, 0.00682376883924, 0.00136289722286, 0.00411544786766, 0.011951812543, 0.0347512289882, 0.0116423657164, 0.00871879700571, 0.0488833636045, 0.0566807575524, 0.0327957905829, 0.044970318675, 0.0523039139807, 0.0308306645602, 0.0118125285953, 0.0216186884791, 0.00999199785292, 0.012938875705, 0.0546444430947, 0.0442688018084, 0.0380012579262, 0.0375051945448, 0.0570179112256, 0.0148502420634, 0.0095223300159, 0.00506368046626, 0.00169147993438, 0.00564589910209, 0.00298157753423, 0.00131709768903, 0.000794137013145, 0.00116510305088, 0.00469081057236]
        dvar2: [0.0427048541605, 0.028715679422, 0.0592497810721, 0.0658915191889, 0.0186192207038, 0.00336135411635, 0.0107451993972, 0.0271904114634, 0.074098162353, 0.0260402522981, 0.0216982252896, 0.117664299905, 0.131229519844, 0.0901063978672, 0.131163790822, 0.111203208566, 0.0746702104807, 0.0291019119322, 0.0589090660214, 0.0280824042857, 0.030459003523, 0.123774074018, 0.101310379803, 0.105068251491, 0.074291922152, 0.139729857445, 0.0370166786015, 0.0238883420825, 0.0119390953332, 0.00391738722101, 0.0143453115597, 0.00750424107537, 0.003636443289, 0.00228856178001, 0.00292162038386, 0.0116321966052]
        max: [0.757023155689, 1, 1, 1, 0.659578740597, 0.407587260008, 0.728096187115, 0.940798103809, 1, 0.645255506039, 0.559367954731, 1, 1, 0.959467947483, 1, 1, 1, 0.797433555126, 1, 0.809791862965, 0.833029270172, 1, 1, 1, 1, 1, 0.887502193451, 0.775876045227, 1, 0.427636355162, 0.773811876774, 0.522810339928, 0.362834274769, 0.250432133675, 0.272611111403, 0.515307366848]
        mean: [0.111878536642, 0.092155136168, 0.0998886749148, 0.112671911716, 0.0578794442117, 0.0303634926677, 0.037673458457, 0.113492965698, 0.188128113747, 0.112737566233, 0.0916047841311, 0.322963118553, 0.40945532918, 0.211513146758, 0.228543892503, 0.378474026918, 0.29906463623, 0.143332347274, 0.0769447013736, 0.0459012985229, 0.096187017858, 0.216647028923, 0.176828831434, 0.122656270862, 0.31064042449, 0.404469609261, 0.214358657598, 0.0861474424601, 0.0702873170376, 0.0564339347184, 0.0585351288319, 0.039282463491, 0.0231174882501, 0.0190403610468, 0.0247206222266, 0.0674547851086]
        min: [0.00120208645239, 0.000732746324502, 0.000799493805971, 0.000991508830339, 0.000481329276226, 0.000321673491271, 0.00016202761617, 0.000246962154051, 0.000280861248029, 6.76842100802e-05, 0.000376889918698, 0.000947539578192, 0.000322235457134, 0.000543083820958, 0.000567594484892, 0.00192051951308, 0.000640535901766, 0.000433031906141, 0.000416479131673, 0.000168959290022, 0.000236643318203, 0.000365318264812, 0.000358402583515, 0.000248241471127, 0.000519265013281, 0.000414077105233, 0.000118267562357, 0.000544083421119, 0.000855031830724, 0.000494861917105, 0.000123707694001, 0.000149276078446, 9.14774864214e-05, 0.000148936422192, 0.000153432614752, 0.000195256070583]
        var: [0.0180199686438, 0.0137691451237, 0.0280335620046, 0.037431165576, 0.00931889936328, 0.00246263365261, 0.00643262313679, 0.0324973538518, 0.0905285477638, 0.0298812184483, 0.012677998282, 0.111834920943, 0.158585697412, 0.0468381568789, 0.0677695348859, 0.136584088206, 0.0716517344117, 0.0305483490229, 0.0267527308315, 0.010445390828, 0.0165750738233, 0.0822617262602, 0.0577759258449, 0.0339929945767, 0.0907875970006, 0.163799718022, 0.0401955246925, 0.0179588310421, 0.019283734262, 0.00493541406468, 0.00626715971157, 0.00374068249948, 0.0028529423289, 0.00148546032142, 0.00209908536635, 0.00791413802654]
    chords_histogram: [0.45662099123, 0, 0, 0, 0, 21.4611873627, 45.2054786682, 16.4383563995, 0, 0, 2.73972606659, 0, 0, 0, 10.9589042664, 0, 0, 0, 0, 0, 0, 0, 1.82648396492, 0.91324198246]
    thpcp: [1, 0.516571998596, 0.558165609837, 0.924335300922, 0.730396270752, 0.350056141615, 0.187919646502, 0.112103313208, 0.234914556146, 0.529110312462, 0.431863546371, 0.299559593201, 0.75866740942, 0.987823545933, 0.523521482944, 0.210395216942, 0.171660527587, 0.13782684505, 0.142958521843, 0.0959383398294, 0.0564591214061, 0.0465016812086, 0.0603744052351, 0.164742723107, 0.273237466812, 0.225067615509, 0.243955001235, 0.275175094604, 0.141357168555, 0.0741558149457, 0.0920087173581, 0.277180343866, 0.459459424019, 0.275335460901, 0.223723515868, 0.788762748241]
    chords_key: "D"
    chords_scale: "minor"
    key_key: "F"
    key_scale: "minor"
    chords_progression: ["Dm", "Dm", "Dm", "Dm", "Dm", "Dm", "Dm", "Dm", "Dm", "Dm", "Dm", "Dm", "Dm", "Dm", "Dm", "Dm", "Dm", "Dm", "Dm", "Dm", "Dm", "Dm", "Dm", "Dm", "Dm", "Dm", "Dm", "Dm", "Dm", "Dm", "Dm", "Dm", "Dm", "Dm", "Dm", "Dm", "Dm", "Dm", "Dm", "F", "A#m", "A#m", "A#m", "A#m", "F", "F", "F", "F", "F", "F", "F", "F", "F", "F", "F", "F", "F", "F", "F", "F", "F", "F", "F", "F", "F", "F", "F", "F", "F", "F", "F", "F", "F", "F", "F", "F", "F", "F", "F", "F#m", "F#m", "F#m", "F#m", "F#m", "F#m", "F#m", "F#m", "F#m", "F#m", "F#m", "F#m", "F#m", "F#m", "F#m", "F#m", "F#m", "F#m", "F#m", "F#m", "F#m", "F#m", "F#m", "F#m", "C#", "C#", "Dm", "Dm", "Dm", "Dm", "Dm", "Dm", "Dm", "Dm", "Dm", "Dm", "Dm", "Dm", "Dm", "Dm", "Dm", "Dm", "Dm", "Dm", "Dm", "Dm", "Dm", "Dm", "Dm", "Dm", "Dm", "Dm", "Dm", "Dm", "Dm", "Dm", "Dm", "Dm", "Dm", "Dm", "Dm", "Dm", "Dm", "Dm", "Dm", "Dm", "Dm", "Dm", "Dm", "Dm", "Dm", "Dm", "Dm", "Dm", "Dm", "Dm", "Dm", "Dm", "Dm", "Dm", "Dm", "Dm", "Dm", "Dm", "Dm", "Dm", "A#", "A#", "A#", "A#", "A#", "A#", "A#", "A#", "A#", "A#", "A#", "A#", "A#", "A#", "A#", "A#", "A#", "A#", "A#", "A#", "A#", "A#", "A#", "A#", "A#", "A#", "A#", "A#", "A#", "A#", "A#", "A#", "A#", "A#", "A#", "A#", "A#", "A#", "A#", "A#", "A#", "A#", "A#", "A#", "A#", "Em", "Em", "A#", "A#", "Em", "Em", "Em", "Em", "Fm"]
