
metadata:
    version:
        essentia: "1.2.2"
    audio_properties:
        analysis_sample_rate: 44100
        bitrate: 128
        channels: 2
        equal_loudness: 1
        length: 10.0310201645
        replay_gain: -6.36367797852
        downmix: "mix"
    tags:
        track: 3
        year: 0
        album: "Splitted by Mp3Splt v. 2.1"
        artist: "From 000.20 To 000.30"
        comment: "http://mp3splt.sf.net"
        genre: ""
        title: "01 A Day Without Rain.mp3"

highlevel:
    ballroom:
        all:
            ChaChaCha: 0.00053902156651
            Jive: 0.000497129512951
            Quickstep: 0.00189066305757
            Rumba-American: 0.00189326843247
            Rumba-International: 0.0925221219659
            Rumba-Misc: 0.0721700266004
            Samba: 0.000505513104144
            Tango: 0.0192064289004
            VienneseWaltz: 0.147265315056
            Waltz: 0.663510501385
        probability: 0.663510501385
        value: "Waltz"
    culture:
        all:
            non_western: 0.0117974663153
            western: 0.988202512264
        probability: 0.988202512264
        value: "western"
    gender:
        all:
            female: 0.79417771101
            male: 0.205822303891
        probability: 0.79417771101
        value: "female"
    genre_dortmund:
        all:
            alternative: 0.242523342371
            blues: 0.00588574120775
            electronic: 0.235132619739
            folkcountry: 0.164651826024
            funksoulrnb: 0.0109896436334
            jazz: 0.202730774879
            pop: 0.0393185466528
            raphiphop: 0.00258095702156
            rock: 0.0961865484715
        probability: 0.242523342371
        value: "alternative"
    genre_electronica:
        all:
            ambient: 0.9814645648
            dnb: 0.00532730249688
            house: 0.00216793292202
            techno: 0.00128210696857
            trance: 0.00975806731731
        probability: 0.9814645648
        value: "ambient"
    genre_rosamerica:
        all:
            cla: 0.56990224123
            dan: 0.0185598991811
            hip: 0.0062154578045
            jaz: 0.143195986748
            pop: 0.0287707727402
            rhy: 0.0195231270045
            roc: 0.208586066961
            spe: 0.00524648325518
        probability: 0.56990224123
        value: "cla"
    genre_tzanetakis:
        all:
            blu: 0.00986515544355
            cla: 0.598975896835
            cou: 0.0387231856585
            dis: 0.00982138235122
            hip: 0.00471171550453
            jaz: 0.256336122751
            met: 0.0109394174069
            pop: 0.0128333661705
            reg: 0.0109382420778
            roc: 0.0468554869294
        probability: 0.598975896835
        value: "cla"
    live_studio:
        all:
            live: 0.176747485995
            studio: 0.823252499104
        probability: 0.823252499104
        value: "studio"
    mood:
        all:
            Cluster1: 0.0353621281683
            Cluster2: 0.0228031091392
            Cluster3: 0.872728466988
            Cluster4: 0.0470971241593
            Cluster5: 0.0220091678202
        probability: 0.872728466988
        value: "Cluster3"
    mood_acoustic:
        all:
            acoustic: 0.536557555199
            not_acoustic: 0.463442474604
        probability: 0.536557555199
        value: "acoustic"
    mood_aggressive:
        all:
            aggressive: 0.0391799025238
            not_aggressive: 0.96082007885
        probability: 0.96082007885
        value: "not_aggressive"
    mood_electronic:
        all:
            electronic: 0.798805356026
            not_electronic: 0.201194673777
        probability: 0.798805356026
        value: "electronic"
    mood_happy:
        all:
            happy: 0.128990098834
            not_happy: 0.871009886265
        probability: 0.871009886265
        value: "not_happy"
    mood_party:
        all:
            not_party: 0.991136968136
            party: 0.00886304397136
        probability: 0.991136968136
        value: "not_party"
    mood_relaxed:
        all:
            not_relaxed: 8.56458427734e-06
            relaxed: 0.999991416931
        probability: 0.999991416931
        value: "relaxed"
    mood_sad:
        all:
            not_sad: 0.0746034383774
            sad: 0.925396561623
        probability: 0.925396561623
        value: "sad"
    rhythm:
        all:
            fast: 0.000924764724914
            medium: 0.028984958306
            slow: 0.970090270042
        probability: 0.970090270042
        value: "slow"
    speech_music:
        all:
            music: 0.97513961792
            speech: 0.024860387668
        probability: 0.97513961792
        value: "music"
    timbre:
        all:
            bright: 0.173332557082
            dark: 0.826667428017
        probability: 0.826667428017
        value: "dark"
    voice_instrumental:
        all:
            instrumental: 0.999999821186
            voice: 1.62232026923e-07
        probability: 0.999999821186
        value: "instrumental"

lowlevel:
    average_loudness: 0.937834322453
    barkbands_kurtosis:
        dmean: 1.33206665516
        dmean2: 2.03579092026
        dvar: 1.98886013031
        dvar2: 4.33985137939
        max: 17.2702884674
        mean: 4.24520254135
        min: -0.429643154144
        var: 10.0248670578
    barkbands_skewness:
        dmean: 0.260898560286
        dmean2: 0.402304172516
        dvar: 0.0466370731592
        dvar2: 0.117953471839
        max: 3.10026550293
        mean: 1.44089686871
        min: -0.0951763018966
        var: 0.262226432562
    barkbands_spread:
        dmean: 0.943733274937
        dmean2: 1.42965233326
        dvar: 1.47433185577
        dvar2: 3.43726277351
        max: 21.6184215546
        mean: 6.21538543701
        min: 2.67279958725
        var: 6.0659532547
    dissonance:
        dmean: 0.0370957292616
        dmean2: 0.060765247792
        dvar: 0.000811641395558
        dvar2: 0.00214265892282
        max: 0.485322326422
        mean: 0.388565659523
        min: 0.256892085075
        var: 0.00219420413487
    hfc:
        dmean: 0.302143573761
        dmean2: 0.427691578865
        dvar: 0.173945248127
        dvar2: 0.311100780964
        max: 6.93501567841
        mean: 1.87415027618
        min: 0.205530330539
        var: 1.55844402313
    pitch:
        dmean: 37.758392334
        dmean2: 71.037979126
        dvar: 4838.87744141
        dvar2: 12085.6494141
        max: 474.19354248
        mean: 187.816619873
        min: 58.4105949402
        var: 6510.58642578
    pitch_instantaneous_confidence:
        dmean: 0.0618747249246
        dmean2: 0.0921177715063
        dvar: 0.00280436850153
        dvar2: 0.00653699738905
        max: 0.833113372326
        mean: 0.515474796295
        min: 0.254018902779
        var: 0.017376659438
    pitch_salience:
        dmean: 0.0479198209941
        dmean2: 0.0762184262276
        dvar: 0.00141664757393
        dvar2: 0.00396660622209
        max: 0.798110902309
        mean: 0.590839326382
        min: 0.409529238939
        var: 0.00615596259013
    silence_rate_20dB:
        dmean: 0
        dmean2: 0
        dvar: 0
        dvar2: 0
        max: 1
        mean: 1
        min: 1
        var: 0
    silence_rate_30dB:
        dmean: 0
        dmean2: 0
        dvar: 0
        dvar2: 0
        max: 1
        mean: 1
        min: 1
        var: 0
    silence_rate_60dB:
        dmean: 0.0742459371686
        dmean2: 0.148837208748
        dvar: 0.0687333121896
        dvar2: 0.14994046092
        max: 1
        mean: 0.324074059725
        min: 0
        var: 0.219050318003
    spectral_centroid:
        dmean: 32.6101150513
        dmean2: 49.6065216064
        dvar: 1674.39758301
        dvar2: 3893.61303711
        max: 954.83190918
        mean: 386.961547852
        min: 221.04473877
        var: 8694.85742188
    spectral_complexity:
        dmean: 1.08391606808
        dmean2: 1.85981309414
        dvar: 0.944006145
        dvar2: 2.26539492607
        max: 14
        mean: 7.80232572556
        min: 2
        var: 3.75394678116
    spectral_crest:
        dmean: 1.50337028503
        dmean2: 2.21521067619
        dvar: 1.42803454399
        dvar2: 3.78965806961
        max: 19.8853645325
        mean: 9.5095615387
        min: 4.10107326508
        var: 5.94233798981
    spectral_decrease:
        dmean: 1.92308877156e-10
        dmean2: 2.8723565193e-10
        dvar: 3.69907641298e-20
        dvar2: 7.85001962261e-20
        max: -1.52120371855e-10
        mean: -1.17691567603e-09
        min: -3.63707841622e-09
        var: 4.01429639748e-19
    spectral_energy:
        dmean: 0.000750405946746
        dmean2: 0.0011196898995
        dvar: 5.68984262372e-07
        dvar2: 1.18880416267e-06
        max: 0.0142969116569
        mean: 0.00461194198579
        min: 0.000592780765146
        var: 6.23370488029e-06
    spectral_energyband_high:
        dmean: 2.86029461449e-07
        dmean2: 4.56298863583e-07
        dvar: 3.22254430172e-13
        dvar2: 6.78976785819e-13
        max: 1.0536852642e-05
        mean: 8.36028448248e-07
        min: 6.81772220901e-08
        var: 1.1426691841e-12
    spectral_energyband_low:
        dmean: 0.000216440530494
        dmean2: 0.000366152031347
        dvar: 7.88705918353e-08
        dvar2: 2.97683811823e-07
        max: 0.00267404643819
        mean: 0.00052786647575
        min: 3.20442813972e-05
        var: 1.57321736083e-07
    spectral_energyband_middle_high:
        dmean: 9.42416372709e-05
        dmean2: 0.000127101506223
        dvar: 2.41474893414e-08
        dvar2: 4.64834464253e-08
        max: 0.00228782836348
        mean: 0.000451897358289
        min: 2.02753108169e-05
        var: 1.76430333454e-07
    spectral_energyband_middle_low:
        dmean: 0.000654749805108
        dmean2: 0.000955850933678
        dvar: 4.38458869212e-07
        dvar2: 7.91830359503e-07
        max: 0.0124695310369
        mean: 0.00363133405335
        min: 0.000517823733389
        var: 4.99629641126e-06
    spectral_flatness_db:
        dmean: 0.0162546113133
        dmean2: 0.0267696082592
        dvar: 0.000186633478734
        dvar2: 0.000441704178229
        max: 0.375656813383
        mean: 0.305430531502
        min: 0.189427599311
        var: 0.00069846585393
    spectral_flux:
        dmean: 0.00502465758473
        dmean2: 0.00843357946724
        dvar: 3.01442541968e-05
        dvar2: 7.69721882534e-05
        max: 0.0642531365156
        mean: 0.0204427000135
        min: 0.00771081773564
        var: 5.47642885067e-05
    spectral_kurtosis:
        dmean: 19.6779708862
        dmean2: 34.4793128967
        dvar: 247.195755005
        dvar2: 753.242248535
        max: 114.718681335
        mean: 45.7963600159
        min: 6.82147789001
        var: 420.591278076
    spectral_rms:
        dmean: 0.000172629181179
        dmean2: 0.000256552884821
        dvar: 2.23587441894e-08
        dvar2: 4.74360035696e-08
        max: 0.00373472971842
        mean: 0.00204858719371
        min: 0.000760475290008
        var: 3.02748446757e-07
    spectral_rolloff:
        dmean: 83.8740310669
        dmean2: 144.745376587
        dvar: 18394.0410156
        dvar2: 45767.671875
        max: 2217.91992188
        mean: 608.087402344
        min: 279.931640625
        var: 39950.0820312
    spectral_skewness:
        dmean: 1.12930965424
        dmean2: 1.98322761059
        dvar: 0.752096891403
        dvar2: 2.31903529167
        max: 7.8880314827
        mean: 4.55066108704
        min: 2.26235151291
        var: 1.33366847038
    spectral_spread:
        dmean: 238052.921875
        dmean2: 389712.9375
        dvar: 774727925760
        dvar2: 804901027840
        max: 19073480
        mean: 1218872.125
        min: 671118.3125
        var: 805937414144
    spectral_strongpeak:
        dmean: 0.118804886937
        dmean2: 0.188198909163
        dvar: 0.0198365841061
        dvar2: 0.0460752472281
        max: 1.56633234024
        mean: 0.412099301815
        min: 0.0337239019573
        var: 0.116948008537
    zerocrossingrate:
        dmean: 0.00227636937052
        dmean2: 0.00292740575969
        dvar: 4.23818164563e-06
        dvar2: 6.02395857641e-06
        max: 0.05078125
        mean: 0.0226233191788
        min: 0.0068359375
        var: 3.51392736775e-05
    barkbands:
        dmean: [7.0852046008e-08, 4.07820916735e-05, 0.000208645258681, 0.000226136427955, 0.000259724503849, 0.000213680468732, 0.000220598318265, 0.000113810070616, 6.61610101815e-05, 6.66351770633e-05, 3.37266501447e-05, 1.26059676404e-05, 1.6954712919e-05, 9.6519725048e-06, 5.01541080666e-06, 6.06825915384e-06, 6.00420844421e-06, 5.19333298143e-06, 6.16590978098e-06, 1.28574356495e-06, 1.1033741032e-07, 2.21154898838e-08, 6.04233285628e-09, 1.66012958935e-09, 9.18571885222e-10, 4.26825047528e-10, 4.41981756749e-10]
        dmean2: [1.03926453221e-07, 5.89451483393e-05, 0.000351448834408, 0.000340136874001, 0.000388549204217, 0.000306040543364, 0.000300164887449, 0.000146207516082, 8.19128472358e-05, 8.99481892702e-05, 4.11698056269e-05, 1.77469428309e-05, 2.61845780187e-05, 1.4474643649e-05, 8.27866915643e-06, 1.06548905023e-05, 1.03409975054e-05, 8.2506412582e-06, 8.84950441105e-06, 1.95642155632e-06, 1.65774409311e-07, 3.57748888291e-08, 9.02223984411e-09, 2.41528863576e-09, 1.34767297322e-09, 5.76556635767e-10, 5.9539734254e-10]
        dvar: [1.40416310849e-13, 2.11067407996e-09, 7.43736663367e-08, 7.02615068349e-08, 8.65664446792e-08, 7.48241006931e-08, 1.33876753239e-07, 6.86385845938e-08, 8.67485905331e-09, 7.90338194889e-09, 3.10498315947e-09, 5.19982557012e-10, 1.675808603e-09, 3.67756908259e-10, 3.5136001747e-11, 2.09142758667e-10, 1.15631053343e-10, 5.13778630751e-10, 9.586205163e-10, 2.34702257629e-11, 8.21480267165e-14, 6.92607151915e-15, 1.69529620986e-15, 7.65754444963e-17, 4.00978084954e-17, 2.51496572467e-17, 2.8643305849e-17]
        dvar2: [1.52097681238e-13, 5.0798574236e-09, 2.78179015822e-07, 1.90538017364e-07, 2.0217079566e-07, 1.59460753935e-07, 2.68382223112e-07, 1.02993816142e-07, 1.0948213891e-08, 1.44791307832e-08, 4.35146541022e-09, 6.98840152413e-10, 3.78168962811e-09, 6.83237633137e-10, 9.62907739654e-11, 6.06413808057e-10, 3.18775478236e-10, 1.01323027746e-09, 2.08551464986e-09, 4.78533324078e-11, 1.31720318246e-13, 1.57663206086e-14, 4.08808297069e-15, 1.24044997275e-16, 6.00357696249e-17, 2.53022935764e-17, 2.8793167815e-17]
        max: [7.63133994042e-06, 0.000622314983048, 0.0024554184638, 0.00357844284736, 0.00482263090089, 0.00511557748541, 0.00687386421487, 0.0049535818398, 0.00157392583787, 0.00130373530556, 0.000915325945243, 0.000426360726124, 0.000509517092723, 0.000230523757637, 7.47635931475e-05, 0.000196751570911, 0.000152761276695, 0.000366008054698, 0.000433295674156, 7.07096987753e-05, 5.83762721362e-06, 1.45457545386e-06, 7.41639496482e-07, 1.23605460089e-07, 1.06613534001e-07, 1.04013700764e-07, 1.11021705607e-07]
        mean: [2.50846909466e-07, 0.000106155835965, 0.000421471020672, 0.000598350423388, 0.000928320223466, 0.000714126974344, 0.000782989722211, 0.000347998400684, 0.000214105690247, 0.000217028427869, 0.00013702713477, 3.06911861117e-05, 3.65194282494e-05, 1.7853353711e-05, 1.03112415673e-05, 1.25101205413e-05, 1.34706588142e-05, 9.91032356978e-06, 1.00425631899e-05, 2.44634634328e-06, 3.03898815446e-07, 4.82603930152e-08, 8.74403127682e-09, 2.69907718398e-09, 1.19350529459e-09, 3.9964895282e-10, 4.03933331228e-10]
        min: [1.28577079539e-10, 4.85305781694e-06, 6.06690400673e-06, 5.07131335326e-06, 3.25885630446e-05, 1.83785014087e-05, 1.18752150229e-05, 1.40810368521e-06, 1.61158914125e-06, 3.36048105964e-06, 1.57495219355e-06, 2.737357363e-07, 7.23323864804e-07, 2.14730079051e-07, 5.13340012276e-07, 5.0711730637e-07, 7.1576027949e-07, 7.61095236612e-07, 2.472159224e-07, 9.07121986415e-08, 1.31183544028e-08, 2.34267472088e-09, 4.80530559788e-10, 1.7080692416e-10, 7.13882911119e-11, 2.13523773315e-12, 2.64157863335e-14]
        var: [2.20604635362e-13, 8.04011168754e-09, 1.3903827778e-07, 4.20937368517e-07, 4.34492335444e-07, 5.32941555775e-07, 1.44604598518e-06, 5.04897798237e-07, 5.16255589389e-08, 6.21396480938e-08, 3.55845699573e-08, 2.0988231153e-09, 4.76966643959e-09, 8.28468238456e-10, 7.68788296912e-11, 2.91964785681e-10, 2.09280232033e-10, 8.39254943319e-10, 1.39527844834e-09, 4.41203948376e-11, 2.81011379531e-13, 1.15809046584e-14, 1.61770153327e-15, 9.23977420183e-17, 3.8410237623e-17, 2.50973579253e-17, 2.85844304417e-17]
    mfcc:
        mean: [-861.230712891, 279.207885742, -58.1386985779, 50.9020042419, -13.285238266, -13.988407135, -4.06080627441, -2.27118873596, -3.58099508286, -8.08851909637, -8.22467708588, -5.75978088379, -5.42750120163]
        cov: [[1369.87097168, -296.259765625, -189.076431274, -169.291503906, -232.746154785, -109.67603302, 22.502155304, 10.9062929153, -156.734466553, -88.1697158813, 8.80433559418, 14.6399450302, 118.768463135], [-296.259765625, 272.485626221, -4.73374462128, -11.9950361252, 12.4244174957, 18.5246219635, 7.96058082581, -7.83306074142, 31.6196956635, 12.14585495, -3.83425807953, -13.7786417007, -31.9094142914], [-189.076431274, -4.73374462128, 130.026382446, 48.0980110168, 54.6125946045, 8.24207687378, -29.1816310883, -12.8595495224, 31.9649448395, 22.2226543427, -12.0218982697, -7.01991605759, -17.9131145477], [-169.291503906, -11.9950361252, 48.0980110168, 123.823989868, 76.0734863281, 23.1301250458, -13.9899682999, -11.3949308395, 29.4642295837, 22.3654003143, 6.62411785126, 13.8333320618, -9.09614467621], [-232.746154785, 12.4244174957, 54.6125946045, 76.0734863281, 106.177444458, 35.5066490173, -11.6185159683, -14.0506000519, 25.2993412018, 18.0698642731, 0.0359716713428, 7.3670668602, -17.6555862427], [-109.67603302, 18.5246219635, 8.24207687378, 23.1301250458, 35.5066490173, 45.1762313843, 13.3152656555, -3.0183300972, 4.01197528839, 1.72525644302, 5.70547914505, 7.51847410202, -5.40768575668], [22.502155304, 7.96058082581, -29.1816310883, -13.9899682999, -11.6185159683, 13.3152656555, 49.9794235229, 20.9835948944, -15.4030771255, -9.61972808838, 9.90115356445, 5.63298606873, 6.28397130966], [10.9062929153, -7.83306074142, -12.8595495224, -11.3949308395, -14.0506000519, -3.0183300972, 20.9835948944, 39.2315444946, 3.20684576035, -3.8839366436, 5.29324579239, -1.55610668659, -1.89516413212], [-156.734466553, 31.6196956635, 31.9649448395, 29.4642295837, 25.2993412018, 4.01197528839, -15.4030771255, 3.20684576035, 57.8712348938, 24.2776279449, -11.4990110397, -7.68700504303, -16.9716815948], [-88.1697158813, 12.14585495, 22.2226543427, 22.3654003143, 18.0698642731, 1.72525644302, -9.61972808838, -3.8839366436, 24.2776279449, 38.2823600769, 6.13227319717, -8.70643806458, -12.1354494095], [8.80433559418, -3.83425807953, -12.0218982697, 6.62411785126, 0.0359716713428, 5.70547914505, 9.90115356445, 5.29324579239, -11.4990110397, 6.13227319717, 41.3648834229, 12.5447063446, -3.82531738281], [14.6399450302, -13.7786417007, -7.01991605759, 13.8333320618, 7.3670668602, 7.51847410202, 5.63298606873, -1.55610668659, -7.68700504303, -8.70643806458, 12.5447063446, 40.3570175171, 10.906003952], [118.768463135, -31.9094142914, -17.9131145477, -9.09614467621, -17.6555862427, -5.40768575668, 6.28397130966, -1.89516413212, -16.9716815948, -12.1354494095, -3.82531738281, 10.906003952, 46.9250106812]]
        icov: [[0.00256789731793, 0.00198200112209, 0.00153602811042, 0.000152320018969, 0.00272901216522, 0.00234324904159, 0.00028173965984, 0.00103353394661, 0.00264081708156, 0.000830844510347, -0.000157738264534, 0.000340078579029, -0.00215681409463], [0.00198200112209, 0.00631298217922, 0.00199846527539, 0.00165264995303, 0.00179893895984, 0.000673749425914, -0.00226747430861, 0.00420109368861, -0.00192807964049, 0.00126485468354, -0.000575213227421, 0.00107794557698, 0.000919796293601], [0.00153602811042, 0.00199846527539, 0.0129243284464, -0.000728145299945, -0.0026364736259, 0.00147771299817, 0.00406571570784, 0.00051795237232, -3.41998384101e-05, -0.00196204311214, 0.00251294346526, 0.000968023319729, 0.000378687866032], [0.000152320018969, 0.00165264995303, -0.000728145299945, 0.0171086844057, -0.0100316014141, 0.000418182346039, 4.62187235826e-05, 0.00181842653546, -0.00516491988674, -0.0024438269902, -0.00324538489804, -0.0036833519116, -0.0017907487927], [0.00272901216522, 0.00179893895984, -0.0026364736259, -0.0100316014141, 0.0279039349407, -0.0111334845424, 0.0026702771429, 0.00283640413545, 0.00335943349637, -0.000917958386708, 0.00265905610286, -0.00157659943216, 0.00189871306065], [0.00234324904159, 0.000673749425914, 0.00147771299817, 0.000418182346039, -0.0111334845424, 0.0416155457497, -0.0159106999636, 0.00884357187897, -0.00113541388419, 0.00513364886865, -0.00387038197368, -0.00134978047572, -0.000817652035039], [0.00028173965984, -0.00226747430861, 0.00406571570784, 4.62187235826e-05, 0.0026702771429, -0.0159106999636, 0.0407438315451, -0.0226460490376, 0.0113575067371, -0.0024259777274, -0.000173217224074, -0.00147057103459, -0.00408567208797], [0.00103353394661, 0.00420109368861, 0.00051795237232, 0.00181842653546, 0.00283640413545, 0.00884357187897, -0.0226460490376, 0.0441210456192, -0.0151845421642, 0.00953744444996, -0.00799550954252, 0.00404259795323, 0.00307527673431], [0.00264081708156, -0.00192807964049, -3.41998384101e-05, -0.00516491988674, 0.00335943349637, -0.00113541388419, 0.0113575067371, -0.0151845421642, 0.0422340147197, -0.0199894160032, 0.015645802021, -0.0041890819557, 0.00234417035244], [0.000830844510347, 0.00126485468354, -0.00196204311214, -0.0024438269902, -0.000917958386708, 0.00513364886865, -0.0024259777274, 0.00953744444996, -0.0199894160032, 0.0492336116731, -0.0185241475701, 0.0132793355733, -0.000602800573688], [-0.000157738264534, -0.000575213227421, 0.00251294346526, -0.00324538489804, 0.00265905610286, -0.00387038197368, -0.000173217224074, -0.00799550954252, 0.015645802021, -0.0185241475701, 0.039047729224, -0.0139214219525, 0.00787981878966], [0.000340078579029, 0.00107794557698, 0.000968023319729, -0.0036833519116, -0.00157659943216, -0.00134978047572, -0.00147057103459, 0.00404259795323, -0.0041890819557, 0.0132793355733, -0.0139214219525, 0.0360329225659, -0.00845102965832], [-0.00215681409463, 0.000919796293601, 0.000378687866032, -0.0017907487927, 0.00189871306065, -0.000817652035039, -0.00408567208797, 0.00307527673431, 0.00234417035244, -0.000602800573688, 0.00787981878966, -0.00845102965832, 0.0317823886871]]
    spectral_contrast:
        mean: [-3.57679851959e-07, -5.77939829327e-07, 3.01419305515e-07, -1.95101250711e-07, -1.86576400552e-07, -5.39439383829e-07, 5.73001628368e-08, -4.58345857623e-06, -5.89115688854e-06, 2.64145614892e-06, 6.23769551567e-07, -1.68500946529e-06]
        var: [0.000132509681862, 0.000360592792276, 0.00072969275061, 0.00120738102123, 0.00173489633016, 0.00416247686371, 0.0306122917682, 0.0520315393806, 0.0864566713572, 0.155943959951, 0.189461439848, 0.451523989439]

rhythm:
    beats_loudness:
        dmean: 0.00152197026182
        dmean2: 0.00229776231572
        dvar: 1.09336963305e-06
        dvar2: 3.03116189571e-06
        max: 0.00893646385521
        mean: 0.00486620841548
        min: 0.00219126208685
        var: 2.97444034913e-06
    beats_loudness_bass:
        dmean: 0.130425572395
        dmean2: 0.228733420372
        dvar: 0.0150108020753
        dvar2: 0.0363911762834
        max: 0.607144773006
        mean: 0.19864398241
        min: 0.0594317503273
        var: 0.0146813942119
    bpm: 109.134010315
    bpm_confidence: 0
    first_peak_bpm: 109
    first_peak_spread: 0
    first_peak_weight: 0.647058844566
    onset_rate: 2.99072289467
    second_peak_bpm: 118
    second_peak_spread: 0
    second_peak_weight: 0.352941185236
    beats_position: [0.418493062258, 0.968303740025, 1.51811432838, 2.06792497635, 2.61773562431, 3.16754627228, 3.71735715866, 4.26716804504, 4.81697893143, 5.36678934097, 5.91660022736, 6.46545362473, 6.97372150421, 7.48199033737, 7.99025917053, 8.49852848053, 9.00679683685, 9.51506519318]
    bpm_estimates: [110.019554138, 109.844917297, 109.270210266, 107.946022034, 108.589347839]
    bpm_intervals: [0.549810647964, 0.54981058836, 0.549810647964, 0.549810647964, 0.549810647964, 0.549810886383, 0.549810886383, 0.549810886383, 0.549810409546, 0.549810886383, 0.548853397369, 0.508267879486, 0.50826883316, 0.50826883316, 0.508269309998, 0.508268356323, 0.508268356323]
    onset_times: [0.0580498874187, 0.255419492722, 0.603718817234, 0.986848056316, 1.13777780533, 1.48607707024, 1.68344676495, 1.8575963974, 2.24072551727, 2.67029476166, 2.79800462723, 3.56426310539, 3.79646253586, 4.08671188354, 4.49306106567, 4.65560102463, 5.0387301445, 5.50312948227, 5.93269824982, 6.17650794983, 6.48997735977, 6.79183673859, 6.9543762207, 7.50004529953, 8.28952407837, 8.45206356049, 8.56816291809, 8.82358264923, 9.35764217377, 10.0310201645]
    rubato_start: [6.97372150421]
    rubato_stop: [9.51506519318]
    perceptual_tempo: "unknown"

sfx:
    inharmonicity:
        dmean: 0.0212990324944
        dmean2: 0.0394544005394
        dvar: 0.00113193143625
        dvar2: 0.00330537115224
        max: 0.253426164389
        mean: 0.0181898046285
        min: 2.24004952543e-06
        var: 0.000866100599524
    oddtoevenharmonicenergyratio:
        dmean: 1.93570625782
        dmean2: 3.70380830765
        dvar: 234.374053955
        dvar2: 705.728149414
        max: 224.561859131
        mean: 1.33525931835
        min: 1.27510220409e-05
        var: 119.135231018
    pitch_after_max_to_before_max_energy_ratio: 17.7869815826
    pitch_centroid: 209.677581787
    pitch_max_to_total: 0.0534883737564
    pitch_min_to_total: 0.0162790697068
    tristimulus:
        dmean: [0.225949019194, 0.227631241083, 0.0211643036455]
        dmean2: [0.407342284918, 0.410088092089, 0.0379094779491]
        dvar: [0.0465223565698, 0.0465646795928, 0.00106773502193]
        dvar2: [0.126469016075, 0.124204598367, 0.00297821732238]
        max: [0.992632031441, 0.978994727135, 0.303756922483]
        mean: [0.562445998192, 0.40547734499, 0.0219768416137]
        min: [0.00709396321326, 0, 0]
        var: [0.069511026144, 0.0690559446812, 0.0010294119129]

tonal:
    chords_changes_rate: 0.0231481473893
    chords_number_rate: 0.0277777779847
    chords_strength:
        dmean: 0.00682588852942
        dmean2: 0.00297292787582
        dvar: 3.8766025682e-05
        dvar2: 1.50471805682e-05
        max: 0.673787236214
        mean: 0.527534902096
        min: 0.267391353846
        var: 0.00572304707021
    key_strength: 0.739494562149
    tuning_diatonic_strength: 0.529810428619
    tuning_equal_tempered_deviation: 0.000635628879536
    tuning_frequency: 440.254241943
    tuning_nontempered_energy_ratio: 0.59630715847
    hpcp:
        dmean: [0.0323638357222, 0.0508593581617, 0.0581608749926, 0.0472152344882, 0.0433244071901, 0.0162401441485, 0.0151978638023, 0.0241086389869, 0.0881886482239, 0.106290429831, 0.0691833123565, 0.00822563841939, 0.00331586459652, 0.00285722012632, 0.0153941418976, 0.0284314155579, 0.022938689217, 0.0332033634186, 0.02714320831, 0.0451277047396, 0.0688636079431, 0.0720445662737, 0.0684824064374, 0.0628323033452, 0.0645708814263, 0.0480331741273, 0.00810623448342, 0.00413018092513, 0.0225761327893, 0.0728845968843, 0.0720019116998, 0.0536227189004, 0.00700851809233, 0.00551277352497, 0.00735233398154, 0.032874006778]
        dmean2: [0.0477871969342, 0.0887014791369, 0.100631080568, 0.0675257593393, 0.0698271691799, 0.0264686085284, 0.0218220893294, 0.04168696329, 0.133724883199, 0.153179526329, 0.110488750041, 0.0130611583591, 0.00518858712167, 0.00468674907461, 0.0205531213433, 0.0416557975113, 0.0381330251694, 0.0583435297012, 0.0431672483683, 0.074832431972, 0.111178450286, 0.107531651855, 0.108083918691, 0.0908397436142, 0.0930448099971, 0.0708901211619, 0.0127419540659, 0.00513468217105, 0.0378345064819, 0.1126498878, 0.107877321541, 0.0938298255205, 0.0120044825599, 0.00916929636151, 0.0112756071612, 0.0506881587207]
        dvar: [0.00753084244207, 0.0063907308504, 0.0115037942305, 0.0100226514041, 0.00887431018054, 0.00077612925088, 0.000891788688023, 0.00154388649389, 0.0143321780488, 0.0269081909209, 0.0080365492031, 0.000768849859014, 2.53822927334e-05, 1.31033884827e-05, 0.000810191093478, 0.00386251765303, 0.00209535984322, 0.00764162559062, 0.00727154873312, 0.00697247777134, 0.0124449953437, 0.0145127773285, 0.0109975859523, 0.0110492240638, 0.018848977983, 0.00641908124089, 0.00187817937694, 0.000903973064851, 0.00207473849878, 0.00885873381048, 0.013631449081, 0.00495634507388, 0.00023171036446, 0.00016299993149, 0.000150069739902, 0.0033808783628]
        dvar2: [0.0129033559933, 0.0182460732758, 0.0345152020454, 0.0161849930882, 0.0244791172445, 0.00206259381957, 0.00174247892573, 0.00353799015284, 0.0294531304389, 0.0485761500895, 0.0175719931722, 0.000948705535848, 5.85708330618e-05, 3.33034331561e-05, 0.00143544515595, 0.0079012978822, 0.00494140433148, 0.0209461692721, 0.0135474205017, 0.0159569866955, 0.0330203212798, 0.0280263237655, 0.0273908693343, 0.0184744894505, 0.0314974859357, 0.0126317357644, 0.00301272817887, 0.000958453281783, 0.00471371226013, 0.0170031432062, 0.0253688283265, 0.0145273217931, 0.000624553824309, 0.000390073866583, 0.000317626196193, 0.0073180263862]
        max: [1, 0.890522778034, 1, 1, 0.782012104988, 0.228898227215, 0.315495014191, 0.28538492322, 0.921738028526, 1, 0.778280854225, 0.387281864882, 0.0447614789009, 0.0332999117672, 0.391966849566, 0.843434095383, 0.478987693787, 0.859934926033, 1, 1, 0.920997858047, 1, 1, 1, 1, 0.812976539135, 0.539842844009, 0.32781997323, 0.452971667051, 1, 1, 0.568376243114, 0.110712245107, 0.115269161761, 0.166850283742, 0.775464236736]
        mean: [0.277333855629, 0.155938923359, 0.120984822512, 0.19021987915, 0.0992417186499, 0.01722811535, 0.0204467270523, 0.0293463561684, 0.241535276175, 0.384153336287, 0.168491616845, 0.0112782586366, 0.00589861162007, 0.0037073942367, 0.0258209072053, 0.0458327233791, 0.0304588079453, 0.0831588283181, 0.145516932011, 0.0900691375136, 0.126949831843, 0.205509305, 0.124641284347, 0.180894911289, 0.263580739498, 0.114419229329, 0.00736183859408, 0.00441167550161, 0.0284928400069, 0.268917918205, 0.392815798521, 0.153841018677, 0.00749574694782, 0.00663826381788, 0.012239693664, 0.153741836548]
        min: [0.000316768768243, 0.000812857644632, 0.000287829490844, 0.000155087225721, 9.50004541664e-05, 0.000196180466446, 0.000152268024976, 5.46270202904e-05, 0.000537243962754, 0.000563701847568, 0.00201587821357, 0.000138249743031, 0.000111944798846, 0.000113052185043, 0.000155151486979, 0.000214506770135, 0.000346867425833, 0.000260453118244, 0.000224178380449, 9.70812398009e-05, 0.000540370761883, 0.000500845548231, 0.000314737408189, 0.000166816971614, 0.000251658872003, 0.000195687200176, 4.35283473053e-05, 3.47550230799e-05, 3.71632777387e-05, 0.000314923818223, 0.000841206754558, 0.000888405716978, 7.4427225627e-05, 0.00013719459821, 0.000284023437416, 0.000222919436055]
        var: [0.16710062325, 0.0453936122358, 0.0394349172711, 0.107695229352, 0.0329304412007, 0.000864366942551, 0.0017103505088, 0.0024235767778, 0.0550383627415, 0.125264838338, 0.0265108216554, 0.000802594295237, 6.6055872594e-05, 1.74434080691e-05, 0.00196465756744, 0.00682925572619, 0.00266037462279, 0.0328357294202, 0.101636230946, 0.0332762040198, 0.0320385023952, 0.0859562829137, 0.0287787448615, 0.0636037364602, 0.123210564256, 0.0250778514892, 0.00166322221048, 0.000906826579012, 0.00289148953743, 0.0827104225755, 0.166280075908, 0.0278385411948, 0.000187541139894, 0.000173579537659, 0.000564824556932, 0.0534975677729]
    chords_histogram: [19.4444446564, 20.3703708649, 26.3888893127, 0, 0, 0, 0, 0, 0, 0, 0, 0, 0, 0, 0, 0, 0, 0, 0, 9.25925922394, 16.6666660309, 0, 7.87037038803, 0]
    thpcp: [1, 0.391636550426, 0.0190820917487, 0.0168991778046, 0.0311588626355, 0.391384035349, 0.706015050411, 0.396977216005, 0.307993769646, 0.484247028828, 0.252641886473, 0.043857999146, 0.0520516932011, 0.0747076794505, 0.614881753922, 0.977947771549, 0.428932905197, 0.0287113171071, 0.0150162279606, 0.00943799689412, 0.0657328665257, 0.116677395999, 0.0775396749377, 0.211699292064, 0.370445728302, 0.229291021824, 0.323179036379, 0.523169636726, 0.317302107811, 0.460508227348, 0.671003401279, 0.291279613972, 0.0187411978841, 0.011230901815, 0.0725348591805, 0.684590399265]
    chords_key: "C"
    chords_scale: "major"
    key_key: "F"
    key_scale: "major"
    chords_progression: ["A#", "A#", "A#", "A#", "A#", "A#", "A#", "A#", "A#", "A#", "A#", "A#", "A#", "A#", "A#", "A#", "A#", "F", "F", "F", "F", "F", "F", "F", "F", "F", "F", "F", "F", "F", "F", "F", "F", "F", "F", "F", "F", "F", "F", "F", "F", "F", "F", "F", "F", "F", "F", "F", "F", "F", "F", "F", "F", "F", "F", "F", "F", "F", "F", "Am", "Am", "Am", "Am", "Am", "Am", "Am", "Am", "Am", "Am", "Am", "Am", "Am", "Am", "Am", "Am", "Am", "Am", "Am", "Am", "Am", "Am", "Am", "Am", "Am", "Am", "Am", "Am", "Am", "Am", "Am", "Am", "Am", "Am", "Am", "Am", "Am", "Am", "Am", "Am", "Am", "Am", "Am", "Am", "D#", "D#", "D#", "D#", "D#", "D#", "D#", "D#", "D#", "D#", "D#", "D#", "D#", "D#", "D#", "D#", "D#", "D#", "D#", "D#", "D#", "D#", "D#", "D#", "D#", "D#", "D#", "D#", "D#", "D#", "D#", "D#", "D#", "D#", "D#", "D#", "Cm", "Cm", "Cm", "Cm", "Cm", "Cm", "Cm", "Cm", "Cm", "Cm", "Cm", "Cm", "Cm", "Cm", "Cm", "Cm", "Cm", "Cm", "Cm", "Cm", "C", "C", "C", "C", "C", "C", "C", "C", "C", "C", "C", "C", "C", "C", "C", "C", "C", "C", "C", "C", "C", "C", "C", "C", "C", "C", "C", "C", "C", "C", "C", "C", "C", "C", "C", "C", "C", "C", "C", "C", "C", "C", "C", "C", "C", "C", "C", "C", "C", "C", "C", "C", "C", "C", "C", "C", "C"]
