
metadata:
    version:
        essentia: "1.2.2"
    audio_properties:
        analysis_sample_rate: 44100
        bitrate: 128
        channels: 2
        equal_loudness: 1
        length: 10.0310201645
        replay_gain: -10.4787044525
        downmix: "mix"
    tags:
        track: 11
        year: 0
        album: "Splitted by Mp3Splt v. 2.1"
        artist: "From 001.40 To 001.50"
        comment: "http://mp3splt.sf.net"
        genre: ""
        title: "14 Famous.mp3"

highlevel:
    ballroom:
        all:
            ChaChaCha: 0.0130813894793
            Jive: 0.0304172597826
            Quickstep: 0.0964430943131
            Rumba-American: 0.0167031977326
            Rumba-International: 0.438450932503
            Rumba-Misc: 0.126074597239
            Samba: 0.0249538049102
            Tango: 0.0238316617906
            VienneseWaltz: 0.144208729267
            Waltz: 0.0858353376389
        probability: 0.438450932503
        value: "Rumba-International"
    culture:
        all:
            non_western: 0.00278027378954
            western: 0.997219741344
        probability: 0.997219741344
        value: "western"
    gender:
        all:
            female: 0.860955059528
            male: 0.13904492557
        probability: 0.860955059528
        value: "female"
    genre_dortmund:
        all:
            alternative: 0.0500592365861
            blues: 0.070161037147
            electronic: 0.0103822080418
            folkcountry: 0.38881957531
            funksoulrnb: 0.0207040458918
            jazz: 0.0945569649339
            pop: 0.19341699779
            raphiphop: 0.00186277227476
            rock: 0.170037180185
        probability: 0.38881957531
        value: "folkcountry"
    genre_electronica:
        all:
            ambient: 0.620696723461
            dnb: 0.154948115349
            house: 0.0368242412806
            techno: 0.0130874216557
            trance: 0.174443498254
        probability: 0.620696723461
        value: "ambient"
    genre_rosamerica:
        all:
            cla: 0.0141379470006
            dan: 0.00394869782031
            hip: 0.00212465180084
            jaz: 0.0228073894978
            pop: 0.850483953953
            rhy: 0.0366143360734
            roc: 0.0685118660331
            spe: 0.00137115712278
        probability: 0.850483953953
        value: "pop"
    genre_tzanetakis:
        all:
            blu: 0.00771658448502
            cla: 0.00791488867253
            cou: 0.443244576454
            dis: 0.0262965746224
            hip: 0.00328019424342
            jaz: 0.0342643670738
            met: 0.0041114105843
            pop: 0.299055874348
            reg: 0.0102720344439
            roc: 0.163843497634
        probability: 0.443244576454
        value: "cou"
    live_studio:
        all:
            live: 0.663337290287
            studio: 0.336662709713
        probability: 0.663337290287
        value: "live"
    mood:
        all:
            Cluster1: 0.105386480689
            Cluster2: 0.302942991257
            Cluster3: 0.376419633627
            Cluster4: 0.182165428996
            Cluster5: 0.033085487783
        probability: 0.376419633627
        value: "Cluster3"
    mood_acoustic:
        all:
            acoustic: 0.876592755318
            not_acoustic: 0.123407244682
        probability: 0.876592755318
        value: "acoustic"
    mood_aggressive:
        all:
            aggressive: 0.00351077690721
            not_aggressive: 0.996489226818
        probability: 0.996489226818
        value: "not_aggressive"
    mood_electronic:
        all:
            electronic: 0.0162377189845
            not_electronic: 0.983762264252
        probability: 0.983762264252
        value: "not_electronic"
    mood_happy:
        all:
            happy: 0.331960111856
            not_happy: 0.668039917946
        probability: 0.668039917946
        value: "not_happy"
    mood_party:
        all:
            not_party: 0.95933508873
            party: 0.0406649112701
        probability: 0.95933508873
        value: "not_party"
    mood_relaxed:
        all:
            not_relaxed: 0.0249715819955
            relaxed: 0.975028395653
        probability: 0.975028395653
        value: "relaxed"
    mood_sad:
        all:
            not_sad: 0.179148986936
            sad: 0.820851027966
        probability: 0.820851027966
        value: "sad"
    rhythm:
        all:
            fast: 0.594208776951
            medium: 0.182805463672
            slow: 0.22298578918
        probability: 0.594208776951
        value: "fast"
    speech_music:
        all:
            music: 0.999984264374
            speech: 1.57524973474e-05
        probability: 0.999984264374
        value: "music"
    timbre:
        all:
            bright: 0.999999761581
            dark: 2.61884991914e-07
        probability: 0.999999761581
        value: "bright"
    voice_instrumental:
        all:
            instrumental: 0.483359098434
            voice: 0.516640901566
        probability: 0.516640901566
        value: "voice"

lowlevel:
    average_loudness: 0.933183193207
    barkbands_kurtosis:
        dmean: 1.91861879826
        dmean2: 3.07157802582
        dvar: 6.20353889465
        dvar2: 17.5176467896
        max: 32.5086669922
        mean: 2.58709931374
        min: -1.7451877594
        var: 17.4283332825
    barkbands_skewness:
        dmean: 0.460143893957
        dmean2: 0.694481909275
        dvar: 0.182441964746
        dvar2: 0.474167644978
        max: 5.13189506531
        mean: 1.41692876816
        min: -1.8254597187
        var: 0.983043313026
    barkbands_spread:
        dmean: 4.79980230331
        dmean2: 7.12973594666
        dvar: 25.1325073242
        dvar2: 50.0515632629
        max: 68.3021011353
        mean: 19.7083091736
        min: 4.08910989761
        var: 100.940727234
    dissonance:
        dmean: 0.0258117690682
        dmean2: 0.0435093455017
        dvar: 0.000445597717771
        dvar2: 0.00120037270244
        max: 0.495374292135
        mean: 0.426527947187
        min: 0.310533553362
        var: 0.00113216217142
    hfc:
        dmean: 1.09582543373
        dmean2: 1.4129793644
        dvar: 2.710958004
        dvar2: 4.06783294678
        max: 31.9823951721
        mean: 4.32277536392
        min: 6.38497340333e-06
        var: 19.8327178955
    pitch:
        dmean: 174.658218384
        dmean2: 335.525604248
        dvar: 454066.84375
        dvar2: 1117121.875
        max: 4900
        mean: 403.208374023
        min: 94.6351928711
        var: 502205.375
    pitch_instantaneous_confidence:
        dmean: 0.0841433480382
        dmean2: 0.125765070319
        dvar: 0.00613544834778
        dvar2: 0.0125607466325
        max: 0.931356668472
        mean: 0.588319480419
        min: 0.21633130312
        var: 0.0285362694412
    pitch_salience:
        dmean: 0.0606929808855
        dmean2: 0.0975059568882
        dvar: 0.0032625303138
        dvar2: 0.00754978088662
        max: 0.970312535763
        mean: 0.556686937809
        min: 0.244298055768
        var: 0.00855388585478
    silence_rate_20dB:
        dmean: 0
        dmean2: 0
        dvar: 0
        dvar2: 0
        max: 1
        mean: 1
        min: 1
        var: 0
    silence_rate_30dB:
        dmean: 0
        dmean2: 0
        dvar: 0
        dvar2: 0
        max: 1
        mean: 1
        min: 1
        var: 0
    silence_rate_60dB:
        dmean: 0.111111111939
        dmean2: 0.222737818956
        dvar: 0.0987652167678
        dvar2: 0.196328148246
        max: 1
        mean: 0.401847571135
        min: 0
        var: 0.240366652608
    spectral_centroid:
        dmean: 172.597869873
        dmean2: 251.602294922
        dvar: 56220.75
        dvar2: 103451.625
        max: 3016.91503906
        mean: 869.661987305
        min: 276.720458984
        var: 226455.734375
    spectral_complexity:
        dmean: 1.64733183384
        dmean2: 2.64651155472
        dvar: 3.07285189629
        dvar2: 5.9355134964
        max: 28
        mean: 9.20601844788
        min: 0
        var: 13.6774549484
    spectral_crest:
        dmean: 2.66732811928
        dmean2: 4.45662689209
        dvar: 5.47514009476
        dvar2: 17.6446075439
        max: 19.7786521912
        mean: 9.92437553406
        min: 3.48537564278
        var: 10.3834009171
    spectral_decrease:
        dmean: 2.93813334773e-10
        dmean2: 4.42100328568e-10
        dvar: 9.55151075558e-20
        dvar2: 2.12212320196e-19
        max: -1.21850877539e-15
        mean: -1.09840947449e-09
        min: -3.80165765534e-09
        var: 4.00184732926e-19
    spectral_energy:
        dmean: 0.00118273962289
        dmean2: 0.00175039644819
        dvar: 1.52234576944e-06
        dvar2: 3.29430758939e-06
        max: 0.0171096008271
        mean: 0.00453773699701
        min: 5.17808729228e-09
        var: 7.25534437152e-06
    spectral_energyband_high:
        dmean: 5.69298572373e-05
        dmean2: 7.70359692979e-05
        dvar: 1.13429825532e-08
        dvar2: 1.94782927565e-08
        max: 0.0012223519152
        mean: 0.000121390730783
        min: 6.08707598215e-11
        var: 3.76222786258e-08
    spectral_energyband_low:
        dmean: 0.000101215089671
        dmean2: 0.00018033006927
        dvar: 6.65503989694e-08
        dvar2: 1.90313613757e-07
        max: 0.00335509283468
        mean: 0.000208234283491
        min: 4.15203843529e-11
        var: 5.89989674893e-08
    spectral_energyband_middle_high:
        dmean: 0.000344564148691
        dmean2: 0.00044091741438
        dvar: 3.94229743961e-07
        dvar2: 5.66387370782e-07
        max: 0.0125530166551
        mean: 0.00120717147365
        min: 2.77203970889e-09
        var: 2.40203644353e-06
    spectral_energyband_middle_low:
        dmean: 0.00104302784894
        dmean2: 0.00161697273143
        dvar: 1.30133912535e-06
        dvar2: 3.21210404763e-06
        max: 0.0127515587956
        mean: 0.00300089013763
        min: 2.30279217917e-09
        var: 3.4617635265e-06
    spectral_flatness_db:
        dmean: 0.0182792320848
        dmean2: 0.0274949427694
        dvar: 0.000245184404776
        dvar2: 0.000574288016651
        max: 0.24750097096
        mean: 0.167681515217
        min: 0.0929940566421
        var: 0.00090852053836
    spectral_flux:
        dmean: 0.00856615975499
        dmean2: 0.0136106805876
        dvar: 6.90157976351e-05
        dvar2: 0.000171489926288
        max: 0.0982936248183
        mean: 0.0305567551404
        min: 7.1958929766e-05
        var: 0.000226104093599
    spectral_kurtosis:
        dmean: 1.55081903934
        dmean2: 2.43652105331
        dvar: 2.42127037048
        dvar2: 5.84386539459
        max: 16.5595474243
        mean: 5.58903264999
        min: -0.445408582687
        var: 9.25050449371
    spectral_rms:
        dmean: 0.000273139041383
        dmean2: 0.000403699174058
        dvar: 6.25361877837e-08
        dvar2: 1.2764519397e-07
        max: 0.00408562039956
        mean: 0.00201634294353
        min: 2.24761924983e-06
        var: 3.61418898365e-07
    spectral_rolloff:
        dmean: 435.809753418
        dmean2: 726.920410156
        dvar: 405511.9375
        dvar2: 794119.1875
        max: 5447.90039062
        mean: 1525.31933594
        min: 215.33203125
        var: 1132016.25
    spectral_skewness:
        dmean: 0.215466186404
        dmean2: 0.313008546829
        dvar: 0.0399455614388
        dvar2: 0.0730369016528
        max: 3.41403675079
        mean: 1.98245131969
        min: 0.292724817991
        var: 0.213841244578
    spectral_spread:
        dmean: 617625.9375
        dmean2: 816450.25
        dvar: 657214603264
        dvar2: 1.07304733901e+12
        max: 12052628
        mean: 5192868.5
        min: 2544362
        var: 2.36832581222e+12
    spectral_strongpeak:
        dmean: 0.336759358644
        dmean2: 0.541879892349
        dvar: 0.370840489864
        dvar2: 0.641616880894
        max: 8.78952217102
        mean: 0.650243461132
        min: 3.99442324124e-05
        var: 0.867451369762
    zerocrossingrate:
        dmean: 0.00810592155904
        dmean2: 0.00977470912039
        dvar: 8.42770314193e-05
        dvar2: 0.000102922494989
        max: 0.1689453125
        mean: 0.0546818487346
        min: 0.0126953125
        var: 0.000588479277212
    barkbands:
        dmean: [4.95435642733e-07, 4.46503217972e-05, 6.58569042571e-05, 0.000108482396172, 0.000351059657987, 0.000517974491231, 0.000242066307692, 0.000162428550539, 0.000110480599687, 0.000104851314973, 3.08884700644e-05, 2.21991685976e-05, 2.32066140597e-05, 3.84151862818e-05, 5.41546069144e-05, 0.000105281906144, 7.67261808505e-05, 8.81943997229e-05, 7.63345524319e-05, 2.48605520028e-05, 3.60473786714e-05, 8.21209414426e-06, 4.30496766057e-06, 2.37872018261e-06, 9.50639901021e-07, 1.00568740891e-07, 3.81054632292e-10]
        dmean2: [5.72749911498e-07, 8.01382484497e-05, 0.000117718533147, 0.000183185140486, 0.000524415634573, 0.000857095117681, 0.000352673931047, 0.000245473725954, 0.000163084594533, 0.000133933208417, 4.63965661766e-05, 3.06288384309e-05, 3.27923880832e-05, 5.64286128792e-05, 8.34046004456e-05, 0.000134337315103, 0.000119331532915, 0.000146739010233, 0.000110711371235, 3.43050414813e-05, 5.15073152201e-05, 1.13289615911e-05, 6.0742909227e-06, 3.37568349096e-06, 1.37080292006e-06, 1.4658284897e-07, 5.65840152511e-10]
        dvar: [9.91527714968e-13, 2.64392845395e-08, 1.56090216308e-08, 2.72927671574e-08, 1.96995671331e-07, 7.59506008308e-07, 1.69793281657e-07, 1.59801530231e-07, 6.9688162796e-08, 4.14840037877e-08, 3.1330613659e-09, 1.87496196347e-09, 3.57715967958e-09, 1.33256152779e-08, 1.48863712468e-08, 2.03488625061e-07, 3.20044861724e-08, 5.32241841711e-08, 2.30909478205e-08, 2.90066526354e-09, 5.06982056336e-09, 6.57720933273e-10, 7.54261167413e-11, 2.30420058034e-11, 3.519415228e-12, 4.54664111265e-14, 6.05470234918e-18]
        dvar2: [1.620967683e-12, 7.56104370225e-08, 4.71158791981e-08, 8.02254476184e-08, 4.57385510799e-07, 2.01703574021e-06, 3.04419188524e-07, 3.4567875673e-07, 1.42648630685e-07, 6.57148220284e-08, 6.84421097574e-09, 2.90419444049e-09, 5.3965556468e-09, 2.49765097493e-08, 3.47329702777e-08, 2.50597338436e-07, 7.69905952325e-08, 1.30465238612e-07, 4.96314846998e-08, 4.7479677967e-09, 9.83259074161e-09, 1.10898401573e-09, 1.38669367655e-10, 3.98516324107e-11, 6.67340358321e-12, 1.03178384348e-13, 6.26022157622e-18]
        max: [1.29748568725e-05, 0.00205111806281, 0.00129991467111, 0.00161520275287, 0.00465051131323, 0.00674439268187, 0.00513177691028, 0.00527067575604, 0.00266312016174, 0.00249392399564, 0.000609705282841, 0.000756938534323, 0.00150322075933, 0.0020045156125, 0.0021332106553, 0.0104671884328, 0.00221120007336, 0.00430826377124, 0.00195702677593, 0.000737706257496, 0.000996742746793, 0.000428571394878, 0.000105527287815, 8.00488414825e-05, 2.17512479139e-05, 2.28028534366e-06, 5.08582651548e-08]
        mean: [1.76555693088e-06, 9.15234340937e-05, 0.000115000475489, 0.000206710305065, 0.000895632372703, 0.000845128262881, 0.000477366207633, 0.000310710485792, 0.000215585940168, 0.000208531098906, 5.79741281399e-05, 4.41567535745e-05, 5.34353748662e-05, 6.86819039402e-05, 9.86987579381e-05, 0.000209107281989, 0.00015541628818, 0.000195776985493, 0.000142781471368, 4.5510038035e-05, 7.00423697708e-05, 1.25163815028e-05, 9.41508551477e-06, 4.51547566627e-06, 1.5800823121e-06, 1.76425487552e-07, 4.02668509647e-10]
        min: [1.98163577561e-12, 1.63181378132e-11, 2.39159768378e-11, 3.20946810795e-11, 1.06819116052e-10, 1.56050117273e-10, 2.35837516183e-10, 4.80099848765e-10, 1.14834530773e-09, 6.96614765872e-10, 2.56270588084e-10, 1.00651917356e-10, 3.94314893237e-11, 1.03968327003e-10, 5.50610834704e-10, 1.00242747436e-09, 7.58464471784e-11, 3.51481725669e-11, 3.46035006205e-11, 4.08360255333e-11, 2.88778376212e-11, 3.39865874159e-12, 3.55928589553e-12, 8.25381104609e-13, 2.581143849e-12, 4.2262444629e-13, 4.18336779063e-13]
        var: [5.14068865601e-12, 1.87854745093e-08, 1.63772213568e-08, 5.38752686907e-08, 5.82995824061e-07, 1.28154931645e-06, 5.98084852754e-07, 4.94135122153e-07, 1.38412701745e-07, 1.1158781632e-07, 7.4293158292e-09, 4.91288254523e-09, 2.79423648664e-08, 3.44420243437e-08, 4.91548703963e-08, 8.04984551905e-07, 6.74037181625e-08, 1.92087981077e-07, 6.05062524528e-08, 9.32735044756e-09, 1.48029650759e-08, 1.25461874223e-09, 2.86759727075e-10, 7.99589283673e-11, 7.52709439916e-12, 1.24352324228e-13, 6.12389766178e-18]
    mfcc:
        mean: [-735.219116211, 136.268371582, -23.9972419739, 41.1204185486, -3.46530437469, -13.5790233612, -12.997882843, -2.51785778999, -6.0315952301, -6.51554489136, -8.93259334564, -4.01792097092, -9.2941904068]
        cov: [[2812.85131836, -904.873840332, 76.1429519653, 73.6655883789, 28.0141983032, 66.6072921753, -94.9345016479, 40.4874534607, -10.2826566696, 42.7262229919, -43.6610488892, 72.2358627319, -119.999679565], [-904.873840332, 997.719848633, -167.971466064, -128.423629761, -71.130355835, -3.16388773918, 61.8067207336, -9.56611442566, -62.0732574463, -70.2646484375, 56.7896385193, -6.32869386673, 60.8707275391], [76.1429519653, -167.971466064, 317.758514404, 9.38255596161, -22.8902282715, 48.8884468079, 3.73631310463, -31.9426651001, 4.32731676102, 10.8399438858, 34.4750900269, 5.08801078796, -27.1083774567], [73.6655883789, -128.423629761, 9.38255596161, 149.054580688, 61.3861122131, -13.5910425186, -3.80457782745, 10.1648626328, 13.1654615402, -11.3904867172, -26.1121730804, -8.50579929352, 11.8033418655], [28.0141983032, -71.130355835, -22.8902282715, 61.3861122131, 167.880401611, -20.7650489807, -27.2737350464, 7.22340106964, 14.729924202, 4.11247825623, -39.4114303589, -15.9152202606, 8.4955072403], [66.6072921753, -3.16388773918, 48.8884468079, -13.5910425186, -20.7650489807, 127.637878418, 17.0029430389, -4.53408670425, 3.54735708237, 15.2901620865, 24.3586273193, 4.68651199341, -15.4686250687], [-94.9345016479, 61.8067207336, 3.73631310463, -3.80457782745, -27.2737350464, 17.0029430389, 103.509635925, 0.96097356081, -16.242389679, -14.845574379, 22.9874763489, 9.29572582245, 7.55219888687], [40.4874534607, -9.56611442566, -31.9426651001, 10.1648626328, 7.22340106964, -4.53408670425, 0.96097356081, 92.2313537598, 11.4914979935, 12.3046207428, -8.16696357727, -9.16518592834, -4.08309602737], [-10.2826566696, -62.0732574463, 4.32731676102, 13.1654615402, 14.729924202, 3.54735708237, -16.242389679, 11.4914979935, 101.799781799, 17.573091507, 1.80727791786, -34.0554122925, -3.37505245209], [42.7262229919, -70.2646484375, 10.8399438858, -11.3904867172, 4.11247825623, 15.2901620865, -14.845574379, 12.3046207428, 17.573091507, 87.1525878906, 14.9079360962, -10.9406585693, -11.9588661194], [-43.6610488892, 56.7896385193, 34.4750900269, -26.1121730804, -39.4114303589, 24.3586273193, 22.9874763489, -8.16696357727, 1.80727791786, 14.9079360962, 96.3413848877, 13.5699033737, -5.91548919678], [72.2358627319, -6.32869386673, 5.08801078796, -8.50579929352, -15.9152202606, 4.68651199341, 9.29572582245, -9.16518592834, -34.0554122925, -10.9406585693, 13.5699033737, 100.686958313, 14.2361135483], [-119.999679565, 60.8707275391, -27.1083774567, 11.8033418655, 8.4955072403, -15.4686250687, 7.55219888687, -4.08309602737, -3.37505245209, -11.9588661194, -5.91548919678, 14.2361135483, 59.1887245178]]
        icov: [[0.000585412664805, 0.000555563310627, 0.000244362192461, 4.6430483053e-05, 5.21470465173e-05, -0.00035633603693, 0.000366242253222, -0.000237820800976, 0.000321563682519, 0.00029398285551, -8.8473323558e-05, -0.000372292095562, 0.000712865905371], [0.000555563310627, 0.00218401430175, 0.00101989030372, 0.00139153224882, 7.92436258052e-05, -0.000614247459453, 6.65735424263e-05, -0.00031044674688, 0.00116246566176, 0.00164006114937, -0.0013166378485, 0.000706720980816, -0.00103584397584], [0.000244362192461, 0.00101989030372, 0.00421003717929, -0.000203962787054, 0.000403783080401, -0.00131558277644, 0.000165354809724, 0.00117902841885, 0.000381217221729, 0.000569975411054, -0.00154468126129, 0.000130045751575, 0.00102511630394], [4.6430483053e-05, 0.00139153224882, -0.000203962787054, 0.00959234498441, -0.00280859391205, 6.46075131954e-05, -0.0007935067988, -0.00106600567233, -0.000143964585732, 0.0022715064697, 0.000160581417731, 0.000956486735959, -0.00265879719518], [5.21470465173e-05, 7.92436258052e-05, 0.000403783080401, -0.00280859391205, 0.0078865326941, 0.000294292869512, 0.00129303697031, 0.000172522020875, -0.000313374970574, -0.000901246676221, 0.0019779317081, 0.000446182995802, -0.000548498879652], [-0.00035633603693, -0.000614247459453, -0.00131558277644, 6.46075131954e-05, 0.000294292869512, 0.00937112793326, -0.00167396606412, 0.000378106924472, -0.000857687438838, -0.00170145288575, -0.000677078554872, -0.000522477377672, 0.00160568510182], [0.000366242253222, 6.65735424263e-05, 0.000165354809724, -0.0007935067988, 0.00129303697031, -0.00167396606412, 0.0117431655526, -0.00106874573976, 0.00170795468148, 0.00208460213616, -0.0025138205383, 5.5978900491e-05, -0.00103326851968], [-0.000237820800976, -0.00031044674688, 0.00117902841885, -0.00106600567233, 0.000172522020875, 0.000378106924472, -0.00106874573976, 0.0120568899438, -0.00122162350453, -0.00210920046084, 0.00100049760658, 0.000264322472503, 0.00117244373541], [0.000321563682519, 0.00116246566176, 0.000381217221729, -0.000143964585732, -0.000313374970574, -0.000857687438838, 0.00170795468148, -0.00122162350453, 0.0125277293846, -0.000516830186825, -0.00196774257347, 0.00417858641595, -0.00141339213587], [0.00029398285551, 0.00164006114937, 0.000569975411054, 0.0022715064697, -0.000901246676221, -0.00170145288575, 0.00208460213616, -0.00210920046084, -0.000516830186825, 0.0147958751768, -0.00350966327824, 0.00147895677947, 0.000244125563768], [-8.8473323558e-05, -0.0013166378485, -0.00154468126129, 0.000160581417731, 0.0019779317081, -0.000677078554872, -0.0025138205383, 0.00100049760658, -0.00196774257347, -0.00350966327824, 0.0144018605351, -0.0024711471051, 0.0015765245771], [-0.000372292095562, 0.000706720980816, 0.000130045751575, 0.000956486735959, 0.000446182995802, -0.000522477377672, 5.5978900491e-05, 0.000264322472503, 0.00417858641595, 0.00147895677947, -0.0024711471051, 0.0129940221086, -0.0046374858357], [0.000712865905371, -0.00103584397584, 0.00102511630394, -0.00265879719518, -0.000548498879652, 0.00160568510182, -0.00103326851968, 0.00117244373541, -0.00141339213587, 0.000244125563768, 0.0015765245771, -0.0046374858357, 0.0223581641912]]
    spectral_contrast:
        mean: [1.38879173051e-07, 3.32483239163e-07, 7.24870801605e-07, -1.08637053131e-07, 4.01331057276e-08, 9.00140491922e-07, -9.28908036713e-07, -5.93140384808e-06, -2.72049675232e-07, -1.10144412702e-06, -2.0544630388e-06, -9.71610916167e-07]
        var: [0.000647773966193, 0.00118887447752, 0.00165440083947, 0.00237180734985, 0.00405562436208, 0.00799822341651, 0.0567670501769, 0.0698100626469, 0.123244822025, 0.220397666097, 0.38447573781, 1.09271359444]

rhythm:
    beats_loudness:
        dmean: 0.00330929760821
        dmean2: 0.00601366953924
        dvar: 7.01973613104e-06
        dvar2: 2.20053334488e-05
        max: 0.0153988730162
        mean: 0.00575126567855
        min: 0.00153995770961
        var: 1.19187698147e-05
    beats_loudness_bass:
        dmean: 0.0452389530838
        dmean2: 0.0826727226377
        dvar: 0.00187800696585
        dvar2: 0.00513140717521
        max: 0.204666525126
        mean: 0.0701955333352
        min: 0.00214295834303
        var: 0.00253806053661
    bpm: 145.728668213
    bpm_confidence: 0
    first_peak_bpm: 157
    first_peak_spread: 0
    first_peak_weight: 0.625
    onset_rate: 3.98763012886
    second_peak_bpm: 146
    second_peak_spread: 0
    second_peak_weight: 0.333333343267
    beats_position: [0.137935981154, 0.52097427845, 0.904012620449, 1.28705084324, 1.67008924484, 2.05312752724, 2.43616604805, 2.81920433044, 3.20224261284, 3.58528089523, 3.96831917763, 4.35135746002, 4.734395504, 5.11743354797, 5.50047206879, 5.88351011276, 6.48334026337, 6.89506435394, 7.30678844452, 7.7185125351, 8.13023662567, 8.54196071625, 8.95368480682, 9.3654088974, 9.77713298798]
    bpm_estimates: [145.742218018, 145.715118408]
    bpm_intervals: [0.383038282394, 0.383038341999, 0.38303822279, 0.383038401604, 0.383038282394, 0.383038520813, 0.383038282394, 0.383038282394, 0.383038282394, 0.383038282394, 0.383038282394, 0.383038043976, 0.383038043976, 0.383038520813, 0.383038043976, 0.599830150604, 0.411724090576, 0.411724090576, 0.411724090576, 0.411724090576, 0.411724090576, 0.411724090576, 0.411724090576, 0.411724090576]
    onset_times: [0.0464399084449, 0.522448956966, 0.615328788757, 0.731428563595, 0.859138309956, 1.09133791924, 1.2190476656, 1.53251695633, 1.6137868166, 2.00852608681, 2.17106580734, 2.41487526894, 3.06503391266, 3.20435380936, 3.23918366432, 3.40172338486, 3.97061228752, 4.1679816246, 4.28408145905, 4.73687076569, 4.95746040344, 5.20126962662, 5.61922883987, 5.8282084465, 6.04879808426, 6.17650794983, 6.84988641739, 7.2330160141, 7.36072540283, 7.70902490616, 7.84834480286, 8.03410434723, 8.26630401611, 8.35918331146, 8.66104316711, 8.84680271149, 8.92807292938, 9.287981987, 9.46213150024, 9.67111110687]
    rubato_start: []
    rubato_stop: []
    perceptual_tempo: "unknown"

sfx:
    inharmonicity:
        dmean: 0.0289923716336
        dmean2: 0.0526149533689
        dvar: 0.00214359466918
        dvar2: 0.00633610831574
        max: 0.393854647875
        mean: 0.0283299256116
        min: 1.35107602546e-05
        var: 0.00184901652392
    oddtoevenharmonicenergyratio:
        dmean: 4.59044790268
        dmean2: 8.85275840759
        dvar: 628.99005127
        dvar2: 1875.40002441
        max: 321.302032471
        mean: 2.79289913177
        min: 0.000126869854284
        var: 319.13381958
    pitch_after_max_to_before_max_energy_ratio: 8.50633049011
    pitch_centroid: 198.558670044
    pitch_max_to_total: 0.0578703694046
    pitch_min_to_total: 0.756944417953
    tristimulus:
        dmean: [0.208944782615, 0.226093694568, 0.0619916133583]
        dmean2: [0.360510349274, 0.387939244509, 0.111022248864]
        dvar: [0.0427332185209, 0.0465861819685, 0.00750495120883]
        dvar2: [0.116959787905, 0.124752938747, 0.0212960783392]
        max: [0.981549978256, 0.975816488266, 0.662317097187]
        mean: [0.465083003044, 0.440403699875, 0.0636547282338]
        min: [0.00662945816293, 0, 0]
        var: [0.0599854625762, 0.060511726886, 0.00724082207307]

tonal:
    chords_changes_rate: 0.0460829511285
    chords_number_rate: 0.0322580635548
    chords_strength:
        dmean: 0.00857907626778
        dmean2: 0.0067820334807
        dvar: 4.60758092231e-05
        dvar2: 3.96915056626e-05
        max: 0.642311096191
        mean: 0.499562174082
        min: 0.346671700478
        var: 0.00471049360931
    key_strength: 0.776753365993
    tuning_diatonic_strength: 0.597639977932
    tuning_equal_tempered_deviation: 0.106968313456
    tuning_frequency: 437.971466064
    tuning_nontempered_energy_ratio: 0.720861017704
    hpcp:
        dmean: [0.11620387435, 0.119146496058, 0.044190812856, 0.0236449446529, 0.0316901542246, 0.0722225084901, 0.10381860286, 0.102867797017, 0.0895797535777, 0.0837572589517, 0.0775249302387, 0.0438248701394, 0.0289813242853, 0.0413951389492, 0.094075769186, 0.124011456966, 0.112086430192, 0.0822847783566, 0.0563485436141, 0.034116525203, 0.0807833522558, 0.115430109203, 0.0952167138457, 0.0952025279403, 0.106530718505, 0.0842583104968, 0.0771726667881, 0.10446099937, 0.146053373814, 0.185131266713, 0.192522823811, 0.190650686622, 0.100118488073, 0.0606676675379, 0.0539457574487, 0.103834629059]
        dmean2: [0.199440181255, 0.197232097387, 0.0786938890815, 0.0427099280059, 0.0580158978701, 0.125363573432, 0.173902660608, 0.172258362174, 0.155848115683, 0.134773284197, 0.13093328476, 0.0778586119413, 0.0495319440961, 0.0725721344352, 0.154779553413, 0.202907636762, 0.174541398883, 0.143777742982, 0.104509361088, 0.0609803684056, 0.135849237442, 0.189672529697, 0.150069609284, 0.164040625095, 0.181309312582, 0.132733300328, 0.128805592656, 0.183016777039, 0.260451853275, 0.318800091743, 0.321510285139, 0.316394537687, 0.174982026219, 0.107977859676, 0.0937038138509, 0.178052470088]
        dvar: [0.0304230004549, 0.0224277954549, 0.00401933724061, 0.00200513051823, 0.00448621343821, 0.0175309684128, 0.0318217873573, 0.0311834011227, 0.030168088153, 0.0249132364988, 0.0240704156458, 0.0121821863577, 0.00398834701627, 0.0109860887751, 0.0195663049817, 0.033156145364, 0.026973279193, 0.0260120667517, 0.0218567028642, 0.00784769654274, 0.0275393147022, 0.0419440530241, 0.0236698519439, 0.0245592966676, 0.0324198938906, 0.0236167348921, 0.0288501847535, 0.0333160087466, 0.0586043037474, 0.0542428344488, 0.0611650757492, 0.0543779879808, 0.032372623682, 0.0258413981646, 0.0190276391804, 0.0288305860013]
        dvar2: [0.06620080024, 0.0603870302439, 0.0107085574418, 0.00523182703182, 0.0133241135627, 0.0490062609315, 0.0700542628765, 0.0749889090657, 0.0803140029311, 0.0613174587488, 0.0601727291942, 0.0374115779996, 0.0117746386677, 0.0301186740398, 0.0479795895517, 0.0860997363925, 0.0616537258029, 0.0683260187507, 0.0639636442065, 0.0220959447324, 0.0716762691736, 0.10006622225, 0.0541810132563, 0.0616893544793, 0.0797699540854, 0.0547470413148, 0.0771126747131, 0.0824142172933, 0.159360647202, 0.148171246052, 0.160621419549, 0.127177968621, 0.0869496539235, 0.0767189264297, 0.0514124892652, 0.0833100453019]
        max: [1, 1, 0.378893017769, 0.334868013859, 0.403854221106, 1, 1, 1, 1, 1, 1, 0.826835155487, 0.574808478355, 1, 0.976817250252, 1, 1, 1, 1, 0.691847741604, 1, 1, 1, 1, 1, 1, 1, 1, 1, 1, 1, 1, 1, 1, 1, 1]
        mean: [0.283260911703, 0.205429881811, 0.0451578237116, 0.020299853757, 0.0254465881735, 0.0870430842042, 0.192487567663, 0.161917105317, 0.101776532829, 0.147478610277, 0.115606993437, 0.0434036180377, 0.0315007530153, 0.0403494387865, 0.133583396673, 0.273056954145, 0.212472394109, 0.0776750966907, 0.0422480106354, 0.0264232307673, 0.100396730006, 0.205779224634, 0.151494905353, 0.122824594378, 0.183978334069, 0.123453781009, 0.0873375236988, 0.141753733158, 0.154112577438, 0.26298353076, 0.412446558475, 0.28594955802, 0.0908178016543, 0.0488177537918, 0.0475422739983, 0.13702814281]
        min: [0, 0, 0, 0, 0, 0, 0, 0, 0, 0, 0, 0, 0, 0, 0, 0, 0, 0, 0, 0, 0, 0, 0, 0, 0, 0, 0, 0, 0, 0, 0, 0, 0, 0, 0, 0]
        var: [0.116589039564, 0.0608814358711, 0.00438787555322, 0.00192152743693, 0.00301274750382, 0.0183503311127, 0.0781569555402, 0.0623880624771, 0.0346169993281, 0.0660056993365, 0.0443641506135, 0.00829451996833, 0.00284685753286, 0.00787752587348, 0.0328270532191, 0.109840765595, 0.0686812922359, 0.0216157585382, 0.0128866340965, 0.00497186882421, 0.0353072993457, 0.0913999602199, 0.0421244800091, 0.0290928632021, 0.0717574730515, 0.0446346625686, 0.0299794320017, 0.0608889460564, 0.0615490861237, 0.0806124955416, 0.138938769698, 0.0830878913403, 0.0250200908631, 0.0176712796092, 0.0175807289779, 0.0415021181107]
    chords_histogram: [34.562210083, 0, 0, 0, 10.1382484436, 0, 0, 0, 0, 0, 0, 0, 0, 0, 0, 0, 0, 3.22580647469, 0, 0, 4.14746522903, 15.6682024002, 25.8064517975, 6.45161294937]
    thpcp: [1, 0.693300843239, 0.22019289434, 0.118361406028, 0.115268930793, 0.332232475281, 0.686782121658, 0.498076349497, 0.109487697482, 0.0492181442678, 0.0616966933012, 0.211040884256, 0.466696977615, 0.392577171326, 0.246762961149, 0.357570230961, 0.280295699835, 0.105234526098, 0.0763753578067, 0.0978294983506, 0.323880493641, 0.662042021751, 0.515151321888, 0.188327670097, 0.102432690561, 0.0640646144748, 0.243417546153, 0.498923361301, 0.367307960987, 0.297795176506, 0.446065872908, 0.299320667982, 0.211754769087, 0.34368994832, 0.373654663563, 0.637618422508]
    chords_key: "G"
    chords_scale: "major"
    key_key: "G"
    key_scale: "major"
    chords_progression: ["F", "F", "F", "F", "F", "F", "F", "F", "F", "C", "C", "C", "C", "C", "C", "C", "C", "C", "C", "C", "C", "C", "C", "C", "C", "C", "C", "C", "C", "C", "C", "C", "C", "C", "C", "C", "C", "C", "C", "C", "C", "C", "C", "C", "C", "C", "C", "C", "C", "C", "C", "C", "C", "C", "C", "C", "C", "C", "C", "C", "Gm", "Gm", "Gm", "Gm", "Gm", "Gm", "Gm", "G", "G", "G", "G", "G", "G", "G", "G", "G", "G", "G", "G", "G", "G", "G", "G", "G", "G", "G", "G", "G", "G", "G", "G", "G", "G", "G", "G", "G", "G", "G", "G", "G", "G", "G", "G", "G", "Em", "Em", "Em", "Em", "Em", "Em", "Am", "Am", "Am", "Am", "Am", "Am", "Am", "Am", "Am", "A", "A", "A", "A", "A", "A", "A", "A", "A", "A", "A", "A", "A", "A", "A", "A", "A", "A", "A", "A", "A", "A", "Am", "Am", "Am", "Am", "Am", "Am", "Am", "Am", "Am", "Am", "Am", "Am", "Am", "Am", "Am", "Am", "Am", "Am", "Am", "Am", "Am", "Am", "Am", "Am", "Am", "C", "C", "C", "C", "C", "Em", "Em", "Em", "Em", "Em", "Em", "Em", "Em", "G", "G", "G", "G", "G", "G", "G", "G", "G", "G", "G", "G", "G", "G", "G", "G", "G", "G", "G", "G", "G", "G", "G", "G", "G", "G", "G", "G", "G", "G", "G", "G", "G", "G", "G", "G", "G", "G"]
