
metadata:
    version:
        essentia: "1.2.2"
    audio_properties:
        analysis_sample_rate: 44100
        bitrate: 128
        channels: 2
        equal_loudness: 1
        length: 10.0310201645
        replay_gain: -13.0773563385
        downmix: "mix"
    tags:
        track: 6
        year: 0
        album: "Splitted by Mp3Splt v. 2.1"
        artist: "From 000.50 To 001.00"
        comment: "http://mp3splt.sf.net"
        genre: ""
        title: "11 Everything Will Be Alright."

highlevel:
    ballroom:
        all:
            ChaChaCha: 0.0386380441487
            Jive: 0.162447974086
            Quickstep: 0.045886464417
            Rumba-American: 0.0445411838591
            Rumba-International: 0.0879564806819
            Rumba-Misc: 0.121787287295
            Samba: 0.0879898220301
            Tango: 0.0264381896704
            VienneseWaltz: 0.122725568712
            Waltz: 0.261588990688
        probability: 0.261588990688
        value: "Waltz"
    culture:
        all:
            non_western: 0.324234306812
            western: 0.675765693188
        probability: 0.675765693188
        value: "western"
    gender:
        all:
            female: 0.627238690853
            male: 0.372761338949
        probability: 0.627238690853
        value: "female"
    genre_dortmund:
        all:
            alternative: 0.171157822013
            blues: 0.00940064992756
            electronic: 0.0205938667059
            folkcountry: 0.0307159777731
            funksoulrnb: 0.0683635696769
            jazz: 0.00469832681119
            pop: 0.065602093935
            raphiphop: 0.0216955486685
            rock: 0.607772171497
        probability: 0.607772171497
        value: "rock"
    genre_electronica:
        all:
            ambient: 0.140646517277
            dnb: 0.0452152714133
            house: 0.0265437588096
            techno: 0.00740763684735
            trance: 0.780186831951
        probability: 0.780186831951
        value: "trance"
    genre_rosamerica:
        all:
            cla: 0.00952557101846
            dan: 0.0722262561321
            hip: 0.00712640024722
            jaz: 0.0103538790718
            pop: 0.132352203131
            rhy: 0.0759994536638
            roc: 0.688605844975
            spe: 0.00381035869941
        probability: 0.688605844975
        value: "roc"
    genre_tzanetakis:
        all:
            blu: 0.00849053729326
            cla: 0.0142047218978
            cou: 0.156404256821
            dis: 0.0704917684197
            hip: 0.0119268363342
            jaz: 0.00969424843788
            met: 0.0209797564894
            pop: 0.518642306328
            reg: 0.0724078044295
            roc: 0.116757780313
        probability: 0.518642306328
        value: "pop"
    live_studio:
        all:
            live: 0.698297977448
            studio: 0.301702052355
        probability: 0.698297977448
        value: "live"
    mood:
        all:
            Cluster1: 5.93973345531e-06
            Cluster2: 5.04530180478e-06
            Cluster3: 0.997242689133
            Cluster4: 0.000951308291405
            Cluster5: 0.00179503369145
        probability: 0.997242689133
        value: "Cluster3"
    mood_acoustic:
        all:
            acoustic: 0.00858780369163
            not_acoustic: 0.991412222385
        probability: 0.991412222385
        value: "not_acoustic"
    mood_aggressive:
        all:
            aggressive: 0.598790884018
            not_aggressive: 0.401209115982
        probability: 0.598790884018
        value: "aggressive"
    mood_electronic:
        all:
            electronic: 0.802048683167
            not_electronic: 0.197951316833
        probability: 0.802048683167
        value: "electronic"
    mood_happy:
        all:
            happy: 0.706221163273
            not_happy: 0.293778836727
        probability: 0.706221163273
        value: "happy"
    mood_party:
        all:
            not_party: 0.742623031139
            party: 0.257376968861
        probability: 0.742623031139
        value: "not_party"
    mood_relaxed:
        all:
            not_relaxed: 0.259635925293
            relaxed: 0.740364074707
        probability: 0.740364074707
        value: "relaxed"
    mood_sad:
        all:
            not_sad: 0.761758446693
            sad: 0.238241553307
        probability: 0.761758446693
        value: "not_sad"
    rhythm:
        all:
            fast: 0.346244901419
            medium: 0.399844199419
            slow: 0.253910928965
        probability: 0.399844199419
        value: "medium"
    speech_music:
        all:
            music: 0.999989628792
            speech: 1.03835163827e-05
        probability: 0.999989628792
        value: "music"
    timbre:
        all:
            bright: 0.268297612667
            dark: 0.731702387333
        probability: 0.731702387333
        value: "dark"
    voice_instrumental:
        all:
            instrumental: 0.00713969580829
            voice: 0.99286031723
        probability: 0.99286031723
        value: "voice"

lowlevel:
    average_loudness: 0.976954460144
    barkbands_kurtosis:
        dmean: 1.02200198174
        dmean2: 1.62159824371
        dvar: 2.08542394638
        dvar2: 4.99915552139
        max: 11.780752182
        mean: 0.254925608635
        min: -1.84284412861
        var: 6.32127046585
    barkbands_skewness:
        dmean: 0.396956712008
        dmean2: 0.600696980953
        dvar: 0.124336764216
        dvar2: 0.284544408321
        max: 3.1634376049
        mean: 0.684585869312
        min: -2.22475099564
        var: 0.806402921677
    barkbands_spread:
        dmean: 5.26968574524
        dmean2: 7.91577863693
        dvar: 30.3481178284
        dvar2: 57.7395133972
        max: 64.8254699707
        mean: 27.9991207123
        min: 5.6655163765
        var: 136.374679565
    dissonance:
        dmean: 0.0252270121127
        dmean2: 0.0421912521124
        dvar: 0.000570186355617
        dvar2: 0.00142684637103
        max: 0.494550377131
        mean: 0.445760935545
        min: 0.206713825464
        var: 0.00116933218669
    hfc:
        dmean: 2.09121489525
        dmean2: 3.10771203041
        dvar: 6.17166614532
        dvar2: 14.6087303162
        max: 25.7322387695
        mean: 7.45733976364
        min: 0.153211027384
        var: 22.1377944946
    pitch:
        dmean: 391.08795166
        dmean2: 739.338500977
        dvar: 811727.3125
        dvar2: 1787330.625
        max: 4410
        mean: 807.11517334
        min: 65.625
        var: 1305915.5
    pitch_instantaneous_confidence:
        dmean: 0.0884269848466
        dmean2: 0.147513732314
        dvar: 0.00578610692173
        dvar2: 0.0136531209573
        max: 0.823496103287
        mean: 0.472878098488
        min: 0.19645178318
        var: 0.0226568151265
    pitch_salience:
        dmean: 0.0571655407548
        dmean2: 0.0927685126662
        dvar: 0.00235849199817
        dvar2: 0.00545360380784
        max: 0.855607032776
        mean: 0.598935723305
        min: 0.367100387812
        var: 0.00814469717443
    silence_rate_20dB:
        dmean: 0
        dmean2: 0
        dvar: 0
        dvar2: 0
        max: 1
        mean: 1
        min: 1
        var: 0
    silence_rate_30dB:
        dmean: 0
        dmean2: 0
        dvar: 0
        dvar2: 0
        max: 1
        mean: 1
        min: 1
        var: 0
    silence_rate_60dB:
        dmean: 0.0555555559695
        dmean2: 0.111368909478
        dvar: 0.0524689182639
        dvar2: 0.112887233496
        max: 1
        mean: 0.0623556599021
        min: 0
        var: 0.0584674067795
    spectral_centroid:
        dmean: 237.499053955
        dmean2: 346.010528564
        dvar: 74820.8359375
        dvar2: 167595.390625
        max: 3537.18774414
        mean: 1180.5267334
        min: 338.000488281
        var: 290187.78125
    spectral_complexity:
        dmean: 2.69373559952
        dmean2: 4.04186058044
        dvar: 6.67648601532
        dvar2: 13.2447719574
        max: 35
        mean: 14.3888893127
        min: 0
        var: 26.6635951996
    spectral_crest:
        dmean: 2.09296441078
        dmean2: 3.43642354012
        dvar: 3.3289103508
        dvar2: 8.30763053894
        max: 17.3302021027
        mean: 7.92989492416
        min: 3.20755600929
        var: 8.73876094818
    spectral_decrease:
        dmean: 3.23675086733e-10
        dmean2: 5.27702270769e-10
        dvar: 1.01959019011e-19
        dvar2: 2.57279123296e-19
        max: -2.6012098725e-11
        mean: -1.4153860306e-09
        min: -3.64466390401e-09
        var: 2.15543415297e-19
    spectral_energy:
        dmean: 0.00136279664002
        dmean2: 0.00220853276551
        dvar: 1.71721774223e-06
        dvar2: 4.28266048402e-06
        max: 0.0147252772003
        mean: 0.00601839227602
        min: 0.000112072251795
        var: 4.12369035985e-06
    spectral_energyband_high:
        dmean: 0.000148549603182
        dmean2: 0.000216641332372
        dvar: 7.83846445529e-08
        dvar2: 1.81883081041e-07
        max: 0.00219698040746
        mean: 0.000227030002861
        min: 8.39055246615e-07
        var: 1.26144584556e-07
    spectral_energyband_low:
        dmean: 0.000140329546412
        dmean2: 0.000194949956494
        dvar: 5.02625425725e-08
        dvar2: 1.10737666148e-07
        max: 0.00249931472354
        mean: 0.000539221335202
        min: 1.63446816259e-06
        var: 2.23291323209e-07
    spectral_energyband_middle_high:
        dmean: 0.000624109467026
        dmean2: 0.000996853690594
        dvar: 5.13007421432e-07
        dvar2: 1.29991951781e-06
        max: 0.00820653140545
        mean: 0.00223680073395
        min: 1.92766110558e-05
        var: 2.17900264943e-06
    spectral_energyband_middle_low:
        dmean: 0.00100898882374
        dmean2: 0.00164543977007
        dvar: 1.15920727239e-06
        dvar2: 2.92132722279e-06
        max: 0.0108344312757
        mean: 0.003015256254
        min: 7.92692007963e-05
        var: 2.11981864595e-06
    spectral_flatness_db:
        dmean: 0.0201807096601
        dmean2: 0.0300701148808
        dvar: 0.000434682995547
        dvar2: 0.000784940435551
        max: 0.282261788845
        mean: 0.178076580167
        min: 0.0787712112069
        var: 0.00188321701717
    spectral_flux:
        dmean: 0.00769007578492
        dmean2: 0.0122636072338
        dvar: 6.14616510575e-05
        dvar2: 0.000135038601002
        max: 0.0955890268087
        mean: 0.0413283854723
        min: 0.0105864182115
        var: 0.000157896312885
    spectral_kurtosis:
        dmean: 3.56060051918
        dmean2: 5.89850282669
        dvar: 18.3364887238
        dvar2: 53.5616874695
        max: 40.9022293091
        mean: 7.00607395172
        min: -0.662518262863
        var: 42.3677062988
    spectral_rms:
        dmean: 0.000271763652563
        dmean2: 0.000433358713053
        dvar: 6.40149764308e-08
        dvar2: 1.43119535778e-07
        max: 0.00379026704468
        mean: 0.00238686450757
        min: 0.000330664159264
        var: 1.7447416667e-07
    spectral_rolloff:
        dmean: 508.353149414
        dmean2: 825.973449707
        dvar: 548712.0625
        dvar2: 1136208.375
        max: 7536.62109375
        mean: 2323.39306641
        min: 344.53125
        var: 1361242.625
    spectral_skewness:
        dmean: 0.367568254471
        dmean2: 0.600054740906
        dvar: 0.144753605127
        dvar2: 0.38882407546
        max: 5.13404130936
        mean: 1.65815019608
        min: 0.419458985329
        var: 0.515742063522
    spectral_spread:
        dmean: 986855.9375
        dmean2: 1213391.75
        dvar: 2.70307426304e+12
        dvar2: 4.40366215987e+12
        max: 13596138
        mean: 4043419.25
        min: 1285701.375
        var: 7.27399268352e+12
    spectral_strongpeak:
        dmean: 0.539143383503
        dmean2: 0.94670021534
        dvar: 0.873472213745
        dvar2: 2.25064110756
        max: 10.6934165955
        mean: 0.708282887936
        min: 0.00876908004284
        var: 1.12616527081
    zerocrossingrate:
        dmean: 0.0100499838591
        dmean2: 0.0108614191413
        dvar: 0.000107629552076
        dvar2: 0.000130464453832
        max: 0.16064453125
        mean: 0.0732184499502
        min: 0.0146484375
        var: 0.000799448869657
    barkbands:
        dmean: [1.00252805169e-06, 5.82615575695e-05, 0.000114661757834, 0.000213870662265, 0.00042796836351, 0.000539531290997, 0.000121028191643, 0.000145143087138, 0.00015961479221, 0.000113432528451, 9.14196352824e-05, 0.000147875834955, 6.00834282523e-05, 3.44269465131e-05, 9.52309565037e-05, 9.74864815362e-05, 0.000241690227995, 0.000226011979976, 0.000128607294755, 8.62597225932e-05, 6.35004398646e-05, 2.8636861316e-05, 2.35377665376e-05, 6.0795355239e-06, 8.44240548759e-06, 2.73715227195e-06, 2.72744243857e-10]
        dmean2: [1.4074404362e-06, 9.35399584705e-05, 0.000163034113939, 0.000386505475035, 0.000667549262289, 0.00089430087246, 0.000180474715307, 0.000239192129811, 0.000258376880083, 0.000192418709048, 0.000153863758896, 0.000236890788074, 9.75236544036e-05, 5.60045700695e-05, 0.000154071953148, 0.00015605907538, 0.000382395024644, 0.000353587325662, 0.000181910741958, 0.000133550536702, 9.5313815109e-05, 4.2882089474e-05, 3.67516404367e-05, 8.6708305389e-06, 1.13618471005e-05, 4.58772046841e-06, 4.95905372322e-10]
        dvar: [2.44717549176e-12, 1.04703099524e-08, 4.13062437588e-08, 3.44143785469e-07, 2.58742090864e-07, 3.40106993235e-07, 2.67035833446e-08, 3.57340184109e-08, 5.8013181814e-08, 4.18437338112e-08, 2.21858975635e-08, 9.30020860324e-08, 5.16067757417e-08, 4.9704005356e-09, 4.24024548806e-08, 4.16109031676e-08, 1.68136807588e-07, 2.41240456944e-07, 4.06710469747e-08, 2.66689674788e-08, 2.56089691675e-08, 4.80777151424e-09, 5.53540013826e-09, 2.16777193418e-10, 7.16215642349e-10, 8.41596237144e-11, 8.23718215455e-20]
        dvar2: [5.09630922532e-12, 2.77675678007e-08, 8.85892106339e-08, 9.66684979176e-07, 5.94863536207e-07, 8.85135648332e-07, 6.40750883463e-08, 1.03479834479e-07, 1.5256969732e-07, 1.15357565278e-07, 6.06002217296e-08, 2.42457304012e-07, 1.35823754022e-07, 1.08610525018e-08, 1.06063971828e-07, 1.00901203837e-07, 4.24785980613e-07, 6.37962330075e-07, 7.31088647399e-08, 6.14597439608e-08, 5.84037849194e-08, 1.174891473e-08, 1.39857530002e-08, 4.70303462841e-10, 1.59052238047e-09, 2.15948578464e-10, 2.4588204787e-19]
        max: [1.46637994476e-05, 0.0010757856071, 0.00214702147059, 0.00582813844085, 0.00446200463921, 0.00675622839481, 0.00213584955782, 0.00129903596826, 0.00343150366098, 0.00233644060791, 0.00175631989259, 0.00373623892665, 0.00356445764191, 0.00092909228988, 0.00247041718103, 0.00277451914735, 0.00398326478899, 0.00602807709947, 0.00317647214979, 0.0023028969299, 0.00164591975044, 0.000582925102208, 0.000784338277299, 0.000126367172925, 0.000268562376732, 7.69713660702e-05, 1.55793555834e-09]
        mean: [1.96115593099e-06, 0.000145597950905, 0.000391750392737, 0.000288761075353, 0.00102131301537, 0.000937330012675, 0.000252591416938, 0.000208433339139, 0.000252575468039, 0.000174682005309, 0.000138407078339, 0.000215504260268, 9.92346394924e-05, 5.75495869271e-05, 0.000163128890563, 0.000178915986908, 0.000459379400127, 0.000406873296015, 0.000280948763248, 0.000174887754838, 9.75410439423e-05, 3.3906664612e-05, 2.06135719054e-05, 6.21160461378e-06, 8.39458425617e-06, 1.90475782347e-06, 2.3000146232e-10]
        min: [1.03089927705e-08, 1.3744048033e-07, 1.12820396225e-06, 3.0308190162e-06, 3.2317599107e-05, 1.98406924028e-05, 4.47916590929e-06, 6.27838517175e-07, 4.07542444236e-07, 1.42759589039e-07, 6.30168006666e-09, 3.00058147218e-08, 9.81190524385e-08, 3.32380210466e-07, 1.93943924387e-06, 5.12662438723e-07, 2.68920962299e-06, 2.20240644921e-06, 1.58293812547e-06, 1.24273128677e-06, 2.68550252258e-07, 1.10012216226e-07, 3.57200047318e-09, 9.73621627764e-10, 1.29146848771e-09, 2.21164146025e-11, 2.59634402465e-14]
        var: [6.0551611468e-12, 1.95296525618e-08, 2.0423429703e-07, 2.99158017469e-07, 7.12988139639e-07, 6.56733448068e-07, 5.52244650009e-08, 5.38124318439e-08, 1.22390261481e-07, 4.97948988709e-08, 3.31208482862e-08, 1.34914984073e-07, 8.85140352125e-08, 6.97633106839e-09, 7.30911509095e-08, 1.12577261291e-07, 3.78429433567e-07, 5.00021883454e-07, 1.4401140902e-07, 6.20674782681e-08, 3.5431892087e-08, 5.16775067183e-09, 4.68204230941e-09, 2.61509341959e-10, 9.02760532995e-10, 6.23228829655e-11, 8.19382625822e-20]
    mfcc:
        mean: [-722.981994629, 162.343612671, -55.7377929688, 62.962184906, -15.1991024017, -10.5257749557, -4.04566907883, -1.67734313011, -3.65257716179, -13.4963216782, -4.98351335526, -5.5122461319, -1.88442397118]
        cov: [[2378.93847656, -2125.56982422, 726.615783691, -151.886352539, 120.469856262, 59.5907363892, -138.911361694, 44.4157104492, 58.8880500793, 25.8637962341, 7.0684466362, 59.7304191589, -24.8865375519], [-2125.56982422, 2493.21948242, -1149.0144043, 289.019927979, -179.601104736, -67.9380111694, 223.479766846, 2.57684707642, -44.8613586426, -33.8839225769, 24.0760345459, -38.4028816223, 47.0670051575], [726.615783691, -1149.0144043, 1121.62414551, -435.104370117, 80.9677200317, 74.1728286743, -41.8906898499, -35.6337852478, -46.759601593, -10.1593589783, -16.5856075287, -25.8979682922, -54.5057220459], [-151.886352539, 289.019927979, -435.104370117, 419.768096924, -79.7365036011, -19.8102092743, -32.3101997375, 19.3686504364, 35.6466140747, 62.1075668335, -31.5201015472, 30.066576004, 13.0207004547], [120.469856262, -179.601104736, 80.9677200317, -79.7365036011, 241.441253662, -13.2107305527, -70.0121231079, -35.0572967529, 59.9130020142, -30.8229007721, -0.0945950746536, -8.3097858429, -2.73119091988], [59.5907363892, -67.9380111694, 74.1728286743, -19.8102092743, -13.2107305527, 143.637527466, 17.8764324188, 45.9971313477, -36.4409294128, 45.5600013733, -2.8094959259, 15.8151988983, 16.8041954041], [-138.911361694, 223.479766846, -41.8906898499, -32.3101997375, -70.0121231079, 17.8764324188, 213.169952393, -30.5226783752, -31.7242145538, -48.4140357971, 55.5787506104, -15.2452716827, 5.95387029648], [44.4157104492, 2.57684707642, -35.6337852478, 19.3686504364, -35.0572967529, 45.9971313477, -30.5226783752, 165.710327148, -37.9439353943, 58.2992134094, -31.1304149628, 21.2071666718, 19.0044460297], [58.8880500793, -44.8613586426, -46.759601593, 35.6466140747, 59.9130020142, -36.4409294128, -31.7242145538, -37.9439353943, 144.482315063, -31.1355857849, 15.6464548111, 9.14567184448, 2.6860024929], [25.8637962341, -33.8839225769, -10.1593589783, 62.1075668335, -30.8229007721, 45.5600013733, -48.4140357971, 58.2992134094, -31.1355857849, 134.014160156, -38.0464401245, 8.28186607361, 10.9555540085], [7.0684466362, 24.0760345459, -16.5856075287, -31.5201015472, -0.0945950746536, -2.8094959259, 55.5787506104, -31.1304149628, 15.6464548111, -38.0464401245, 91.7779693604, 14.3635835648, 5.77678251266], [59.7304191589, -38.4028816223, -25.8979682922, 30.066576004, -8.3097858429, 15.8151988983, -15.2452716827, 21.2071666718, 9.14567184448, 8.28186607361, 14.3635835648, 74.2700195312, 32.4941482544], [-24.8865375519, 47.0670051575, -54.5057220459, 13.0207004547, -2.73119091988, 16.8041954041, 5.95387029648, 19.0044460297, 2.6860024929, 10.9555540085, 5.77678251266, 32.4941482544, 79.1287994385]]
        icov: [[0.00245007593185, 0.00271040061489, 0.00123580940999, 0.000302498898236, 0.00013315374963, -5.06576470798e-05, -0.00106189935468, -0.000713155313861, -0.000286205642624, 4.51482737844e-05, -7.0964670158e-05, -0.000375512609025, 0.000389237568015], [0.00271040061489, 0.00397775927559, 0.00257884152234, 0.000899373029824, 0.000459150149254, -7.84806252341e-05, -0.00179477653001, -0.000547764822841, -4.61884010292e-05, 6.32793307886e-05, 0.000429190025898, 2.39204709942e-05, 0.000365546671674], [0.00123580940999, 0.00257884152234, 0.00393262179568, 0.00288179586641, 0.000682232144754, -0.000921958882827, -0.000787735451013, 0.000726708793081, 0.00011896941578, -0.000409828819102, 0.0014094223734, -0.000358443008736, 0.0012904938776], [0.000302498898236, 0.000899373029824, 0.00288179586641, 0.0057801278308, 0.0016553516034, -0.00023101757688, 2.02422252187e-05, 0.00116288720164, -0.00135529297404, -0.00201007700525, 0.0022236101795, -0.0018287677085, 0.00133243226446], [0.00013315374963, 0.000459150149254, 0.000682232144754, 0.0016553516034, 0.00611859280616, -0.00086062279297, 0.00220103864558, 0.00100499705877, -0.0019658813253, 0.0010037968168, 0.000167468417203, 0.00107995595317, -0.000574668461923], [-5.06576470798e-05, -7.84806252341e-05, -0.000921958882827, -0.00023101757688, -0.00086062279297, 0.00969589781016, -0.00200926326215, -0.00183270697016, 0.00113777245861, -0.00309760333039, -0.000504974974319, -0.00153458106797, -0.00100644445047], [-0.00106189935468, -0.00179477653001, -0.000787735451013, 2.02422252187e-05, 0.00220103864558, -0.00200926326215, 0.00890873465687, 0.00122700608335, 0.00134191801772, 0.00266014691442, -0.00408775173128, 0.00279753212817, -0.00153892848175], [-0.000713155313861, -0.000547764822841, 0.000726708793081, 0.00116288720164, 0.00100499705877, -0.00183270697016, 0.00122700608335, 0.00890561752021, 0.00125684670638, -0.00197215401568, 0.00224307668395, -0.00183120719157, -0.000577943690587], [-0.000286205642624, -4.61884010292e-05, 0.00011896941578, -0.00135529297404, -0.0019658813253, 0.00113777245861, 0.00134191801772, 0.00125684670638, 0.00970178376883, 0.0016683290014, -0.00160120241344, -0.000512838887516, -0.00070269725984], [4.51482737844e-05, 6.32793307886e-05, -0.000409828819102, -0.00201007700525, 0.0010037968168, -0.00309760333039, 0.00266014691442, -0.00197215401568, 0.0016683290014, 0.0123396413401, 0.00156092480756, 0.00128429627512, -0.00141544360667], [-7.0964670158e-05, 0.000429190025898, 0.0014094223734, 0.0022236101795, 0.000167468417203, -0.000504974974319, -0.00408775173128, 0.00224307668395, -0.00160120241344, 0.00156092480756, 0.0166868008673, -0.00508921127766, 0.000919110083487], [-0.000375512609025, 2.39204709942e-05, -0.000358443008736, -0.0018287677085, 0.00107995595317, -0.00153458106797, 0.00279753212817, -0.00183120719157, -0.000512838887516, 0.00128429627512, -0.00508921127766, 0.0201450325549, -0.0075472346507], [0.000389237568015, 0.000365546671674, 0.0012904938776, 0.00133243226446, -0.000574668461923, -0.00100644445047, -0.00153892848175, -0.000577943690587, -0.00070269725984, -0.00141544360667, 0.000919110083487, -0.0075472346507, 0.0169127620757]]
    spectral_contrast:
        mean: [6.05661512054e-08, 1.50615562688e-07, 4.63419205232e-08, -2.76801131349e-07, 2.18964288479e-07, 1.8005570368e-08, -1.91093590729e-06, -2.83970598502e-06, -1.4977047158e-07, 1.02017759218e-06, 4.19716030819e-07, 2.01414036383e-06]
        var: [0.00099461467471, 0.00137087481562, 0.00200258917175, 0.00261236005463, 0.00289711775258, 0.00394853530452, 0.0908498167992, 0.132048815489, 0.146743327379, 0.256026148796, 0.482565164566, 2.50406098366]

rhythm:
    beats_loudness:
        dmean: 0.00154460931662
        dmean2: 0.00229135644622
        dvar: 8.18122430246e-07
        dvar2: 2.27122450269e-06
        max: 0.00887085311115
        mean: 0.00591428112239
        min: 0.00299204140902
        var: 2.1703215225e-06
    beats_loudness_bass:
        dmean: 0.154046446085
        dmean2: 0.303740411997
        dvar: 0.0125617859885
        dvar2: 0.0309856217355
        max: 0.431303828955
        mean: 0.178257361054
        min: 0.032493300736
        var: 0.0134708378464
    bpm: 96.3524017334
    bpm_confidence: 0
    first_peak_bpm: 96
    first_peak_spread: 0
    first_peak_weight: 0.5
    onset_rate: 3.88793945312
    second_peak_bpm: 128
    second_peak_spread: 0
    second_peak_weight: 0.444444447756
    beats_position: [0.191535994411, 0.81425255537, 1.43696916103, 2.05968570709, 2.68240213394, 3.30511856079, 3.92783498764, 4.55055141449, 5.17326784134, 5.79598474503, 6.13721370697, 6.60461235046, 7.07201147079, 7.53941106796, 8.00680923462, 8.47420883179, 8.94160842896, 9.40900802612, 9.87640666962]
    bpm_estimates: [96.5117263794, 96.0276641846, 96.4338531494, 96.4363555908]
    bpm_intervals: [0.622716546059, 0.622716605663, 0.622716546059, 0.622716426849, 0.622716426849, 0.622716426849, 0.622716426849, 0.622716426849, 0.622716903687, 0.341228961945, 0.467398643494, 0.467399120331, 0.467399597168, 0.467398166656, 0.467399597168, 0.467399597168, 0.467399597168, 0.467398643494]
    onset_times: [0.0348299331963, 0.325079351664, 0.522448956966, 0.789478480816, 0.940408170223, 1.28870749474, 1.45124721527, 1.63700675964, 1.90403628349, 2.18267583847, 2.22911572456, 2.54258513451, 2.69351482391, 2.82122445107, 3.15791392326, 3.30884361267, 3.48299312592, 3.76163268089, 4.08671188354, 4.22603178024, 4.27247142792, 4.57433128357, 4.92263031006, 5.02712011337, 5.18966007233, 5.65405893326, 5.9675283432, 6.24616765976, 6.44353723526, 6.90793657303, 7.07047605515, 7.2910656929, 7.53487539291, 7.81351470947, 8.0224943161, 8.31274414062, 8.77714252472, 9.4040813446, 9.72916126251]
    rubato_start: [6.60461235046]
    rubato_stop: [9.87640666962]
    perceptual_tempo: "unknown"

sfx:
    inharmonicity:
        dmean: 0.0357311293483
        dmean2: 0.0629759803414
        dvar: 0.0022013541311
        dvar2: 0.00628924695775
        max: 0.343611657619
        mean: 0.0379880741239
        min: 0
        var: 0.0020431780722
    oddtoevenharmonicenergyratio:
        dmean: 7.61439275742
        dmean2: 14.9250431061
        dvar: 5118.55126953
        dvar2: 15339.1992188
        max: 1038.01611328
        mean: 4.22532987595
        min: 0
        var: 2573.04956055
    pitch_after_max_to_before_max_energy_ratio: 0.623620927334
    pitch_centroid: 218.005233765
    pitch_max_to_total: 0.708333313465
    pitch_min_to_total: 0.993055582047
    tristimulus:
        dmean: [0.211064964533, 0.244688272476, 0.10342412442]
        dmean2: [0.364913970232, 0.432376801968, 0.186501577497]
        dvar: [0.0325025878847, 0.0472451634705, 0.0124774165452]
        dvar2: [0.0963146016002, 0.148575872183, 0.0355731919408]
        max: [1, 0.971671998501, 0.663017392159]
        mean: [0.391271710396, 0.4693557024, 0.10110219568]
        min: [0.0283279884607, 0, 0]
        var: [0.0490412041545, 0.0538147129118, 0.0140701886266]

tonal:
    chords_changes_rate: 0.0184331797063
    chords_number_rate: 0.0230414755642
    chords_strength:
        dmean: 0.00773883564398
        dmean2: 0.00659076683223
        dvar: 4.69787264592e-05
        dvar2: 3.53422110493e-05
        max: 0.704164087772
        mean: 0.598004758358
        min: 0.438464313745
        var: 0.00334798940457
    key_strength: 0.596859574318
    tuning_diatonic_strength: 0.517953634262
    tuning_equal_tempered_deviation: 0.0416151881218
    tuning_frequency: 440.763122559
    tuning_nontempered_energy_ratio: 0.704919815063
    hpcp:
        dmean: [0.0572204552591, 0.0574670359492, 0.092861905694, 0.132161065936, 0.122091375291, 0.107282653451, 0.0699794813991, 0.0858040452003, 0.0742659121752, 0.0862146317959, 0.068708255887, 0.0558867491782, 0.0544388778508, 0.0624689050019, 0.135652154684, 0.168188795447, 0.161667913198, 0.19585621357, 0.215907692909, 0.210723981261, 0.147727891803, 0.0790887400508, 0.0613427497447, 0.056736856699, 0.0474735423923, 0.0464538000524, 0.0585318058729, 0.0605586282909, 0.0587276145816, 0.106051892042, 0.140393659472, 0.0873815342784, 0.0621857605875, 0.0591496005654, 0.0538844279945, 0.0514921806753]
        dmean2: [0.0878501906991, 0.0988204032183, 0.146309524775, 0.209719061852, 0.208007723093, 0.186379879713, 0.122394189239, 0.148585960269, 0.127052783966, 0.135695293546, 0.114037834108, 0.0980810448527, 0.0950497612357, 0.0996031984687, 0.225089669228, 0.2865242064, 0.27284348011, 0.331879794598, 0.341172009706, 0.33045694232, 0.243739783764, 0.129486501217, 0.100875966251, 0.0912082120776, 0.0686221644282, 0.0731413140893, 0.0996438115835, 0.0975179299712, 0.097349382937, 0.169287890196, 0.219653517008, 0.14351952076, 0.10476385802, 0.0950726494193, 0.0870108306408, 0.07922950387]
        dvar: [0.00753971375525, 0.00755333388224, 0.0137501433492, 0.0250609405339, 0.0207245722413, 0.0192849598825, 0.015500407666, 0.0142843686044, 0.0145619735122, 0.0202483143657, 0.0128384791315, 0.0150431878865, 0.0153926955536, 0.0130998231471, 0.0287905968726, 0.0419183447957, 0.0282459817827, 0.0315639153123, 0.0517942123115, 0.0402687378228, 0.032004147768, 0.0168943572789, 0.0153975822031, 0.0138369938359, 0.00837425515056, 0.00831516925246, 0.0129618281499, 0.00990775041282, 0.00910599622875, 0.0190577041358, 0.0238820891827, 0.0120568592101, 0.00905074179173, 0.0116068078205, 0.00791562907398, 0.0077900881879]
        dvar2: [0.0171092972159, 0.0202474240214, 0.032108053565, 0.0627596080303, 0.057259388268, 0.0596482343972, 0.0404448471963, 0.0430998951197, 0.0385131090879, 0.0444201566279, 0.0316856466234, 0.0424241498113, 0.0381391085684, 0.0281012021005, 0.0756728053093, 0.0993837937713, 0.0719631463289, 0.0758703351021, 0.108569428325, 0.103177510202, 0.0781146883965, 0.0435852147639, 0.0395419634879, 0.0263619851321, 0.0157571062446, 0.0191236920655, 0.0311259385198, 0.0273287240416, 0.0202374719083, 0.0457359701395, 0.060144290328, 0.0300239771605, 0.0229366663843, 0.0231248494238, 0.0175746586174, 0.0170567817986]
        max: [0.770278573036, 0.711065292358, 1, 1, 0.757231533527, 1, 1, 0.800677418709, 0.872085809708, 1, 0.992946445942, 0.891947627068, 1, 1, 0.975425481796, 1, 1, 1, 1, 1, 1, 0.906592607498, 0.922397255898, 1, 1, 0.779533922672, 1, 1, 1, 1, 1, 0.858176648617, 0.759258329868, 1, 0.888012051582, 1]
        mean: [0.0835027769208, 0.0820819661021, 0.186780154705, 0.282833099365, 0.209748625755, 0.276993215084, 0.362082481384, 0.191741466522, 0.141801610589, 0.178999185562, 0.101117052138, 0.05615869537, 0.0573263317347, 0.0759258419275, 0.18805795908, 0.291615247726, 0.246129527688, 0.328822165728, 0.521205663681, 0.419429689646, 0.188463449478, 0.0954580232501, 0.0772339552641, 0.0904823616147, 0.0841591581702, 0.0658414214849, 0.0714215934277, 0.0768309831619, 0.0830484628677, 0.17315004766, 0.226811408997, 0.128348261118, 0.084264613688, 0.10823315382, 0.0850097835064, 0.0752197280526]
        min: [0.000327071436914, 0.000776726403274, 0.00582837825641, 0.00112221750896, 0.00677210791036, 0.00302387331612, 0.00139451690484, 0.000801451387815, 0.000492978433613, 0.000501607020851, 0.0006001261645, 0.000956819218118, 0.000789252575487, 0.00082765694242, 0.00114276923705, 0.0013693664223, 0.00209086667746, 0.00529945967719, 0.00616532564163, 0.00289856712334, 0.00170482136309, 0.00164509646129, 0.000396955467295, 0.000587651040405, 0.000387723004678, 0.000888582086191, 0.0010316662956, 0.000635553966276, 0.00146188656799, 0.006992705632, 0.0124512128532, 0.00647846516222, 0.000911628769245, 0.000992589746602, 0.000628101406619, 0.000444498611614]
        var: [0.0112173911184, 0.0100924735889, 0.0389192737639, 0.0863105431199, 0.03564048931, 0.0800138935447, 0.176660656929, 0.0434027649462, 0.0473508276045, 0.0828331261873, 0.021951161325, 0.0124309770763, 0.0137852346525, 0.0143752526492, 0.0441939346492, 0.0908830985427, 0.0525460354984, 0.0538378469646, 0.148286610842, 0.106531612575, 0.0477996170521, 0.0211218185723, 0.0188203211874, 0.0374117195606, 0.0275642555207, 0.0117971124128, 0.0151821384206, 0.0161992628127, 0.022842856124, 0.031432647258, 0.0383912660182, 0.015737047419, 0.0194505508989, 0.0493953078985, 0.0195150338113, 0.0117684891447]
    chords_histogram: [0, 0, 0, 0, 0, 10.5990781784, 15.6682024002, 35.9447021484, 0, 0, 0, 0, 0, 0, 0, 36.4055290222, 0, 0, 0, 0, 0, 0, 1.38248848915, 0]
    thpcp: [1, 0.804729700089, 0.361591339111, 0.183148473501, 0.148183256388, 0.173602029681, 0.161470159888, 0.12632521987, 0.137031495571, 0.147410109639, 0.159339144826, 0.332210600376, 0.435166805983, 0.246252626181, 0.161672487855, 0.207659199834, 0.163102179766, 0.144318714738, 0.160210803151, 0.157484799623, 0.358361721039, 0.542651593685, 0.402429670095, 0.531447052956, 0.694701731205, 0.367880612612, 0.272064596415, 0.343432933092, 0.194006055593, 0.107747666538, 0.109987929463, 0.14567348361, 0.360813349485, 0.559501290321, 0.472231119871, 0.630887567997]
    chords_key: "G"
    chords_scale: "major"
    key_key: "D#"
    key_scale: "minor"
    chords_progression: ["G#", "G#", "G#", "G#", "G#", "G#", "G#", "G#", "G#", "G#", "G#", "G#", "G#", "G#", "G#", "G#", "G#", "G#", "G#", "G#", "G#", "G#", "G#", "D#", "D#", "D#", "D#", "D#", "D#", "D#", "D#", "D#", "D#", "D#", "D#", "D#", "D#", "D#", "D#", "D#", "D#", "D#", "D#", "D#", "D#", "D#", "D#", "D#", "D#", "D#", "D#", "D#", "D#", "D#", "D#", "D#", "D#", "D#", "D#", "D#", "D#", "D#", "D#", "D#", "D#", "D#", "D#", "D#", "D#", "D#", "D#", "D#", "D#", "D#", "D#", "D#", "D#", "D#", "D#", "D#", "D#", "D#", "D#", "D#", "D#", "D#", "D#", "D#", "D#", "D#", "D#", "D#", "D#", "D#", "D#", "D#", "D#", "D#", "D#", "D#", "D#", "G", "G", "G", "G", "G", "G", "G", "G", "G", "G", "G", "G", "G", "G", "G", "G", "G", "G", "G", "G", "G", "G", "G", "G", "G", "G", "G", "G", "G", "G", "G", "G", "G", "G", "G", "G", "G", "G", "G", "G", "G", "G", "G", "G", "G", "G", "G", "G", "G", "G", "G", "G", "G", "G", "G", "G", "G", "G", "G", "G", "G", "G", "G", "G", "G", "G", "G", "G", "G", "G", "G", "G", "G", "G", "G", "G", "G", "G", "G", "G#m", "G#m", "G#m", "Cm", "Cm", "Cm", "Cm", "Cm", "Cm", "Cm", "Cm", "Cm", "Cm", "Cm", "Cm", "Cm", "Cm", "Cm", "Cm", "Cm", "Cm", "Cm", "Cm", "Cm", "Cm", "Cm", "Cm", "Cm", "Cm", "Cm", "Cm", "Cm", "Cm", "Cm", "Cm", "Cm", "Cm"]
