
metadata:
    version:
        essentia: "1.2.2"
    audio_properties:
        analysis_sample_rate: 44100
        bitrate: 128
        channels: 2
        equal_loudness: 1
        length: 10.0310201645
        replay_gain: -11.783908844
        downmix: "mix"
    tags:
        track: 22
        year: 0
        album: "Splitted by Mp3Splt v. 2.1"
        artist: "From 003.30 To 003.40"
        comment: "http://mp3splt.sf.net"
        genre: ""
        title: "03 Supermoves.mp3"

highlevel:
    ballroom:
        all:
            ChaChaCha: 0.205156207085
            Jive: 0.259325742722
            Quickstep: 0.000201125920285
            Rumba-American: 0.000142165983561
            Rumba-International: 0.000180135190021
            Rumba-Misc: 0.000223315291805
            Samba: 0.534533143044
            Tango: 9.23697007238e-05
            VienneseWaltz: 7.6742071542e-05
            Waltz: 6.9068846642e-05
        probability: 0.534533143044
        value: "Samba"
    culture:
        all:
            non_western: 0.330843269825
            western: 0.669156730175
        probability: 0.669156730175
        value: "western"
    gender:
        all:
            female: 0.521667957306
            male: 0.478332042694
        probability: 0.521667957306
        value: "female"
    genre_dortmund:
        all:
            alternative: 0.020804464817
            blues: 0.00434861006215
            electronic: 0.564966857433
            folkcountry: 0.00845589768142
            funksoulrnb: 0.0138958021998
            jazz: 0.0634447112679
            pop: 0.0409298948944
            raphiphop: 0.0958337113261
            rock: 0.187320038676
        probability: 0.564966857433
        value: "electronic"
    genre_electronica:
        all:
            ambient: 0.0326687209308
            dnb: 0.292308330536
            house: 0.0217492673546
            techno: 0.0717412605882
            trance: 0.581532418728
        probability: 0.581532418728
        value: "trance"
    genre_rosamerica:
        all:
            cla: 0.00191782612819
            dan: 0.765777528286
            hip: 0.0287441946566
            jaz: 0.00239152857102
            pop: 0.0524316057563
            rhy: 0.00629150122404
            roc: 0.141606017947
            spe: 0.000839780026581
        probability: 0.765777528286
        value: "dan"
    genre_tzanetakis:
        all:
            blu: 0.00741114700213
            cla: 0.0064343190752
            cou: 0.014791267924
            dis: 0.137584298849
            hip: 0.195860847831
            jaz: 0.0490062832832
            met: 0.129339247942
            pop: 0.33232858777
            reg: 0.0429179370403
            roc: 0.0843260586262
        probability: 0.33232858777
        value: "pop"
    live_studio:
        all:
            live: 0.179372653365
            studio: 0.820627331734
        probability: 0.820627331734
        value: "studio"
    mood:
        all:
            Cluster1: 0.38870871067
            Cluster2: 0.100404143333
            Cluster3: 0.00370554346591
            Cluster4: 0.0739035382867
            Cluster5: 0.433278053999
        probability: 0.433278053999
        value: "Cluster5"
    mood_acoustic:
        all:
            acoustic: 1.81910563697e-05
            not_acoustic: 0.999981820583
        probability: 0.999981820583
        value: "not_acoustic"
    mood_aggressive:
        all:
            aggressive: 0.97270834446
            not_aggressive: 0.0272916480899
        probability: 0.97270834446
        value: "aggressive"
    mood_electronic:
        all:
            electronic: 0.928807616234
            not_electronic: 0.0711924135685
        probability: 0.928807616234
        value: "electronic"
    mood_happy:
        all:
            happy: 0.802237510681
            not_happy: 0.197762474418
        probability: 0.802237510681
        value: "happy"
    mood_party:
        all:
            not_party: 0.0472427308559
            party: 0.952757298946
        probability: 0.952757298946
        value: "party"
    mood_relaxed:
        all:
            not_relaxed: 0.966917574406
            relaxed: 0.0330824255943
        probability: 0.966917574406
        value: "not_relaxed"
    mood_sad:
        all:
            not_sad: 0.99899828434
            sad: 0.00100172869861
        probability: 0.99899828434
        value: "not_sad"
    rhythm:
        all:
            fast: 0.926755189896
            medium: 0.0478046759963
            slow: 0.0254401508719
        probability: 0.926755189896
        value: "fast"
    speech_music:
        all:
            music: 0.999999880791
            speech: 1.00000008274e-07
        probability: 0.999999880791
        value: "music"
    timbre:
        all:
            bright: 0.0451798886061
            dark: 0.954820096493
        probability: 0.954820096493
        value: "dark"
    voice_instrumental:
        all:
            instrumental: 0.0704453364015
            voice: 0.929554641247
        probability: 0.929554641247
        value: "voice"

lowlevel:
    average_loudness: 0.984362721443
    barkbands_kurtosis:
        dmean: 1.5887131691
        dmean2: 2.41117238998
        dvar: 3.51932787895
        dvar2: 7.82571458817
        max: 13.6585693359
        mean: 0.40851649642
        min: -1.87228274345
        var: 5.68295860291
    barkbands_skewness:
        dmean: 0.558996975422
        dmean2: 0.797277569771
        dvar: 0.189685955644
        dvar2: 0.413387030363
        max: 1.38839292526
        mean: -0.876681566238
        min: -3.0887401104
        var: 0.56107455492
    barkbands_spread:
        dmean: 9.87581825256
        dmean2: 14.8663930893
        dvar: 75.1640625
        dvar2: 158.411560059
        max: 74.2024993896
        mean: 34.3737831116
        min: 6.99472904205
        var: 291.978302002
    dissonance:
        dmean: 0.00998133048415
        dmean2: 0.0169881079346
        dvar: 9.70397595665e-05
        dvar2: 0.000251791905612
        max: 0.499957889318
        mean: 0.48548656702
        min: 0.417030453682
        var: 0.000128801184474
    hfc:
        dmean: 5.54473304749
        dmean2: 8.21422576904
        dvar: 37.8816299438
        dvar2: 78.4499511719
        max: 45.149810791
        mean: 12.4906167984
        min: 0.136497467756
        var: 59.8460922241
    pitch:
        dmean: 1057.88842773
        dmean2: 2010.21289062
        dvar: 1992031.625
        dvar2: 4270978.5
        max: 4410
        mean: 2047.19287109
        min: 98.6577148438
        var: 3080161.25
    pitch_instantaneous_confidence:
        dmean: 0.111754983664
        dmean2: 0.171269059181
        dvar: 0.00998915359378
        dvar2: 0.0211374126375
        max: 0.835961341858
        mean: 0.408629089594
        min: 0.154507637024
        var: 0.0237941779196
    pitch_salience:
        dmean: 0.069535754621
        dmean2: 0.115235440433
        dvar: 0.00362166413106
        dvar2: 0.00912250392139
        max: 0.824287354946
        mean: 0.640371978283
        min: 0.261915564537
        var: 0.00636401213706
    silence_rate_20dB:
        dmean: 0
        dmean2: 0
        dvar: 0
        dvar2: 0
        max: 1
        mean: 1
        min: 1
        var: 0
    silence_rate_30dB:
        dmean: 0
        dmean2: 0
        dvar: 0
        dvar2: 0
        max: 1
        mean: 1
        min: 1
        var: 0
    silence_rate_60dB:
        dmean: 0.280092597008
        dmean2: 0.561484932899
        dvar: 0.201640829444
        dvar2: 0.311184763908
        max: 1
        mean: 0.360277146101
        min: 0
        var: 0.230477422476
    spectral_centroid:
        dmean: 444.263305664
        dmean2: 650.439147949
        dvar: 132678.6875
        dvar2: 260346.609375
        max: 4395.16210938
        mean: 2769.37670898
        min: 1109.46826172
        var: 403434.4375
    spectral_complexity:
        dmean: 7.72157764435
        dmean2: 11.5720930099
        dvar: 51.820400238
        dvar2: 113.858757019
        max: 43
        mean: 15.9328699112
        min: 0
        var: 88.576461792
    spectral_crest:
        dmean: 2.06681728363
        dmean2: 3.47116923332
        dvar: 3.26244521141
        dvar2: 7.93391561508
        max: 16.3075637817
        mean: 6.83040571213
        min: 3.156021595
        var: 6.0392370224
    spectral_decrease:
        dmean: 5.35308408711e-10
        dmean2: 7.81852083076e-10
        dvar: 3.30912906118e-19
        dvar2: 7.26908124338e-19
        max: -5.47373821616e-12
        mean: -9.80564407449e-10
        min: -4.00932576028e-09
        var: 4.94474301319e-19
    spectral_energy:
        dmean: 0.00248004752211
        dmean2: 0.00359063013457
        dvar: 7.0074947871e-06
        dvar2: 1.52899556269e-05
        max: 0.0191012248397
        mean: 0.0048338114284
        min: 3.30395996571e-05
        var: 1.06716133814e-05
    spectral_energyband_high:
        dmean: 0.000604148313869
        dmean2: 0.000843648624141
        dvar: 4.73797570066e-07
        dvar2: 9.61920363807e-07
        max: 0.00628414796665
        mean: 0.00123083672952
        min: 1.89693546417e-05
        var: 9.47605201418e-07
    spectral_energyband_low:
        dmean: 0.000240543842665
        dmean2: 0.000381392805139
        dvar: 2.59011926573e-07
        dvar2: 6.19519653355e-07
        max: 0.00621750857681
        mean: 0.000297161808703
        min: 2.90640649325e-08
        var: 3.39884053346e-07
    spectral_energyband_middle_high:
        dmean: 0.00106218876317
        dmean2: 0.00165552622639
        dvar: 1.18474235933e-06
        dvar2: 2.64816731033e-06
        max: 0.00747495982796
        mean: 0.00217044260353
        min: 1.31336983031e-05
        var: 1.63343202075e-06
    spectral_energyband_middle_low:
        dmean: 0.00102873216383
        dmean2: 0.00164880417287
        dvar: 1.91001640815e-06
        dvar2: 4.43652379545e-06
        max: 0.00730689289048
        mean: 0.00113517139107
        min: 9.05900208181e-07
        var: 2.19129833567e-06
    spectral_flatness_db:
        dmean: 0.0239203684032
        dmean2: 0.0347750857472
        dvar: 0.000338500889484
        dvar2: 0.000725221354514
        max: 0.243677273393
        mean: 0.139426872134
        min: 0.0734148919582
        var: 0.000921850965824
    spectral_flux:
        dmean: 0.0158968195319
        dmean2: 0.0241818670183
        dvar: 0.000229999772273
        dvar2: 0.000440207397332
        max: 0.113579414785
        mean: 0.0472682006657
        min: 0.00574800837785
        var: 0.000397087569581
    spectral_kurtosis:
        dmean: 0.465691208839
        dmean2: 0.743189275265
        dvar: 0.165558367968
        dvar2: 0.392947554588
        max: 4.56201457977
        mean: 1.37420260906
        min: 0.0071108341217
        var: 0.361584812403
    spectral_rms:
        dmean: 0.000537860963959
        dmean2: 0.000750578357838
        dvar: 2.56995974723e-07
        dvar2: 5.30340912519e-07
        max: 0.00431686686352
        mean: 0.00206131767482
        min: 0.000179537615622
        var: 4.6688452926e-07
    spectral_rolloff:
        dmean: 354.123687744
        dmean2: 536.426940918
        dvar: 91079.515625
        dvar2: 202013.765625
        max: 5878.56445312
        mean: 4476.41552734
        min: 2476.31835938
        var: 231380.484375
    spectral_skewness:
        dmean: 0.138081550598
        dmean2: 0.214577466249
        dvar: 0.0124278189614
        dvar2: 0.0257309619337
        max: 1.63305521011
        mean: 0.999595761299
        min: 0.629808187485
        var: 0.0328497327864
    spectral_spread:
        dmean: 566853.75
        dmean2: 862522.9375
        dvar: 200005107712
        dvar2: 438909796352
        max: 10035652
        mean: 6928464
        min: 4860264.5
        var: 716465307648
    spectral_strongpeak:
        dmean: 0.686514794827
        dmean2: 1.22706353664
        dvar: 1.09264183044
        dvar2: 2.42125272751
        max: 8.4073677063
        mean: 1.29203546047
        min: 0.0186476204544
        var: 2.18337249756
    zerocrossingrate:
        dmean: 0.0125842876732
        dmean2: 0.0144974114373
        dvar: 0.000104436032416
        dvar2: 0.000122726720292
        max: 0.21826171875
        mean: 0.145415127277
        min: 0.06103515625
        var: 0.000504003721289
    barkbands:
        dmean: [1.0728167581e-06, 9.71429399215e-05, 0.000169723396539, 0.000221146634431, 0.000591540534515, 0.000150330830365, 0.000154134468175, 4.29101746704e-05, 8.73729004525e-05, 3.81673307857e-05, 9.99041512841e-05, 2.88703522529e-05, 4.28133607784e-05, 7.58190290071e-05, 0.000117238843814, 0.000129262683913, 0.000138959279866, 0.000263573834673, 0.00026491220342, 0.000400094722863, 0.000276016944554, 0.000116354654892, 3.62676619261e-05, 1.32515278892e-05, 8.53232450027e-06, 4.86108206132e-07, 1.68467984007e-09]
        dmean2: [1.51303572693e-06, 0.000150236868649, 0.000277692393865, 0.000368735549273, 0.000991842942312, 0.000255723221926, 0.000258594751358, 7.49924220145e-05, 0.000145313431858, 6.21102153673e-05, 0.000169253442436, 5.1163668104e-05, 6.95080379955e-05, 0.000126787956106, 0.000181728421012, 0.000218686152948, 0.000229573284741, 0.000425269827247, 0.000429579173215, 0.000625509070233, 0.000410042324802, 0.000167284088093, 5.51349767193e-05, 1.94201420527e-05, 1.27015509861e-05, 7.2180563393e-07, 2.27233498684e-09]
        dvar: [5.55536346092e-11, 3.44373276562e-08, 1.76417188413e-07, 1.21392062624e-07, 8.19258673346e-07, 9.05051606992e-08, 2.70719766604e-07, 6.02704064434e-09, 2.07607229186e-08, 1.90755633511e-09, 3.62897303319e-08, 2.59184185225e-09, 2.42914977022e-09, 1.13213500796e-08, 2.85120194121e-08, 2.82827627984e-08, 2.80454752755e-08, 9.24861609519e-08, 7.65816992043e-08, 3.34973123017e-07, 9.58787822469e-08, 1.44588510054e-08, 2.15236806156e-09, 2.32354996355e-10, 7.34928645718e-11, 2.06717550521e-13, 1.98725059968e-16]
        dvar2: [5.8087448046e-11, 9.15463687079e-08, 4.12310356523e-07, 3.16335018624e-07, 1.98867815016e-06, 2.24435538598e-07, 4.7236028422e-07, 1.64365374644e-08, 5.44019087556e-08, 4.51243886701e-09, 9.08085482365e-08, 7.08220149193e-09, 6.35093710954e-09, 2.79225869093e-08, 6.19672846369e-08, 7.17886408097e-08, 7.05352505292e-08, 2.29151027042e-07, 1.90099711972e-07, 8.4752150542e-07, 2.15923876112e-07, 2.69601265757e-08, 4.58514248791e-09, 5.70283986701e-10, 1.58477203582e-10, 4.59873892439e-13, 2.00388685616e-16]
        max: [0.00015268221614, 0.00180185306817, 0.00543800229207, 0.00225197570398, 0.0051069506444, 0.00256382580847, 0.00577026512474, 0.000558235158678, 0.000923897488974, 0.00026702939067, 0.00105254689697, 0.000302856904455, 0.000396377319703, 0.00100389414001, 0.00131991656963, 0.00133441353682, 0.00106216210406, 0.00226217648014, 0.00208807783201, 0.00568229192868, 0.00298548280261, 0.00103700906038, 0.000443168566562, 0.000143571814988, 7.48463789932e-05, 3.73912098439e-06, 2.93231096293e-07]
        mean: [1.10403254894e-06, 0.000124586731545, 0.000171673673321, 0.000235382001847, 0.0004920460633, 0.000113219124614, 0.000149417770444, 3.10735449602e-05, 0.000104220380308, 5.02906259499e-05, 9.0223220468e-05, 2.2815007469e-05, 5.24601418874e-05, 0.000127893814351, 0.000131037639221, 0.000258164393017, 0.000175140638021, 0.000479842710774, 0.000515481748153, 0.000679664837662, 0.00050239689881, 0.000214373038034, 6.29100613878e-05, 2.92004169751e-05, 1.81019495358e-05, 1.09266090931e-06, 2.13826134576e-09]
        min: [1.50471982097e-10, 7.05621161501e-09, 2.03739158877e-08, 1.72972374202e-08, 7.18488308848e-08, 8.58539195292e-09, 8.12498015534e-08, 2.81391319135e-08, 3.40838184343e-08, 5.76501797411e-08, 1.33944455527e-09, 7.47819584035e-08, 1.97043107164e-07, 2.35644378677e-07, 6.0729981044e-08, 1.04062701212e-06, 1.18924788239e-06, 2.51343203672e-06, 3.17664012073e-06, 4.86262251798e-06, 7.66314951761e-06, 4.12931149185e-06, 2.15538739212e-06, 3.06781259951e-07, 6.04721037689e-07, 3.8038308503e-08, 7.4934754582e-12]
        var: [5.60162055629e-11, 5.04888717501e-08, 1.94108380924e-07, 1.4444552221e-07, 7.2227800274e-07, 7.70583952203e-08, 3.92630340684e-07, 4.06181666079e-09, 2.02658476667e-08, 2.89107782159e-09, 3.11698364897e-08, 1.74673953079e-09, 2.92440782701e-09, 2.53914063109e-08, 4.01504109959e-08, 6.90353019195e-08, 2.95028641517e-08, 1.5963425426e-07, 1.30465821258e-07, 3.95573863443e-07, 1.62017371963e-07, 2.97071096611e-08, 3.10621195432e-09, 4.68847183299e-10, 1.59418492296e-10, 5.12890348681e-13, 1.98885334484e-16]
    mfcc:
        mean: [-691.982421875, 26.4115753174, -31.0243301392, 54.1419448853, -7.00039100647, 0.787479937077, 0.0125762708485, -2.16800403595, 2.45023989677, -1.49333250523, -5.17630386353, -11.5072526932, -13.3049535751]
        cov: [[2433.92944336, 950.773376465, 150.822494507, -72.539390564, -73.2010879517, 51.6624450684, -88.9665908813, -202.564544678, -188.581130981, -285.957305908, -213.708251953, -5.36520624161, 222.098312378], [950.773376465, 812.318237305, 139.705780029, 43.7817840576, 49.2958679199, 97.1944503784, 30.541223526, 17.9199714661, -45.5217666626, -123.906051636, -55.5566482544, 74.1313858032, 194.657913208], [150.822494507, 139.705780029, 326.261199951, 239.138717651, 141.409744263, 117.889709473, 56.6928672791, 35.9678268433, 14.3865318298, -8.57781410217, 40.0159873962, 80.7021560669, 54.0835266113], [-72.539390564, 43.7817840576, 239.138717651, 354.437683105, 220.631576538, 147.516708374, 39.9307632446, 44.8872451782, 49.0394821167, 64.0852966309, 83.3267669678, 32.7152633667, -32.9571228027], [-73.2010879517, 49.2958679199, 141.409744263, 220.631576538, 268.717498779, 185.668014526, 47.5123977661, 39.4014472961, 68.1100540161, 66.2107086182, 50.6740951538, 22.9769878387, 8.19547080994], [51.6624450684, 97.1944503784, 117.889709473, 147.516708374, 185.668014526, 241.255218506, 120.29006958, 72.9170455933, 84.7871017456, 43.7161712646, 38.2919578552, 28.595582962, 42.2723770142], [-88.9665908813, 30.541223526, 56.6928672791, 39.9307632446, 47.5123977661, 120.29006958, 185.76651001, 151.767349243, 86.0082168579, 35.3279724121, 29.5630989075, 54.0711517334, 41.6172523499], [-202.564544678, 17.9199714661, 35.9678268433, 44.8872451782, 39.4014472961, 72.9170455933, 151.767349243, 211.345581055, 106.28037262, 41.2467498779, 32.7123069763, 45.9991645813, 23.6030349731], [-188.581130981, -45.5217666626, 14.3865318298, 49.0394821167, 68.1100540161, 84.7871017456, 86.0082168579, 106.28037262, 120.539611816, 81.5452957153, 36.035572052, 10.4620542526, -0.116077080369], [-285.957305908, -123.906051636, -8.57781410217, 64.0852966309, 66.2107086182, 43.7161712646, 35.3279724121, 41.2467498779, 81.5452957153, 130.10925293, 68.7946853638, -2.34862017632, -44.5776367188], [-213.708251953, -55.5566482544, 40.0159873962, 83.3267669678, 50.6740951538, 38.2919578552, 29.5630989075, 32.7123069763, 36.035572052, 68.7946853638, 89.6833877563, 36.4394454956, -18.9745349884], [-5.36520624161, 74.1313858032, 80.7021560669, 32.7152633667, 22.9769878387, 28.595582962, 54.0711517334, 45.9991645813, 10.4620542526, -2.34862017632, 36.4394454956, 110.164199829, 87.5556182861], [222.098312378, 194.657913208, 54.0835266113, -32.9571228027, 8.19547080994, 42.2723770142, 41.6172523499, 23.6030349731, -0.116077080369, -44.5776367188, -18.9745349884, 87.5556182861, 166.438140869]]
        icov: [[0.0012080000015, -0.00121582148131, -0.000433260080172, -0.00010674213263, 0.000922090548556, -0.000838082400151, -0.000130279091536, 0.00123817520216, -1.51078984345e-06, 9.82941128314e-05, 0.00173229072243, 0.00014795055904, 0.000100060096884], [-0.00121582148131, 0.00337522430345, 0.000335940654622, -0.000579466402996, -0.00054540974088, -0.000196606342797, 0.000914388336241, -0.00230541871861, 0.00127443799283, 0.000739127455745, -0.00155445782002, 0.000949567998759, -0.00285178492777], [-0.000433260080172, 0.000335940654622, 0.00958278216422, -0.00727361487225, 0.00047537314822, 0.000172220403329, -0.00180083245505, 0.00152462965343, -0.0012017613044, 0.00306111201644, 0.00111807405483, -0.00447967043146, -0.000898944330402], [-0.00010674213263, -0.000579466402996, -0.00727361487225, 0.0135027728975, -0.00625247508287, -0.000543538772035, 0.00234737340361, -0.0025528150145, 0.0016549291322, -0.00102500338107, -0.00516172545031, 0.000763878342696, 0.00481475330889], [0.000922090548556, -0.00054540974088, 0.00047537314822, -0.00625247508287, 0.0165260117501, -0.0124433636665, 0.00744360173121, -0.00199079350568, 0.00182686129119, -0.0059425747022, 0.00700715091079, -0.00367756583728, -7.42988486309e-05], [-0.000838082400151, -0.000196606342797, 0.000172220403329, -0.000543538772035, -0.0124433636665, 0.0228932388127, -0.0160228721797, 0.00866015721112, -0.00999268889427, 0.00816114619374, -0.00932755507529, 0.00916674174368, -0.00494545092806], [-0.000130279091536, 0.000914388336241, -0.00180083245505, 0.00234737340361, 0.00744360173121, -0.0160228721797, 0.026535321027, -0.0159185472876, 0.00510062417015, -0.00663489662111, 0.00568466773257, -0.00853849109262, 0.0028461064212], [0.00123817520216, -0.00230541871861, 0.00152462965343, -0.0025528150145, -0.00199079350568, 0.00866015721112, -0.0159185472876, 0.0222381372005, -0.0170587189496, 0.00955198053271, -0.00213748193346, -0.000640674028546, 0.0014081557747], [-1.51078984345e-06, 0.00127443799283, -0.0012017613044, 0.0016549291322, 0.00182686129119, -0.00999268889427, 0.00510062417015, -0.0170587189496, 0.0383675806224, -0.0224584061652, 0.00743438629434, 0.00279285362922, -0.00378852779977], [9.82941128314e-05, 0.000739127455745, 0.00306111201644, -0.00102500338107, -0.0059425747022, 0.00816114619374, -0.00663489662111, 0.00955198053271, -0.0224584061652, 0.0327864028513, -0.0191557575017, 0.0048316125758, 0.000371091504348], [0.00173229072243, -0.00155445782002, 0.00111807405483, -0.00516172545031, 0.00700715091079, -0.00932755507529, 0.00568466773257, -0.00213748193346, 0.00743438629434, -0.0191557575017, 0.03964946419, -0.0207398999482, 0.00933184567839], [0.00014795055904, 0.000949567998759, -0.00447967043146, 0.000763878342696, -0.00367756583728, 0.00916674174368, -0.00853849109262, -0.000640674028546, 0.00279285362922, 0.0048316125758, -0.0207398999482, 0.0371080003679, -0.0202115736902], [0.000100060096884, -0.00285178492777, -0.000898944330402, 0.00481475330889, -7.42988486309e-05, -0.00494545092806, 0.0028461064212, 0.0014081557747, -0.00378852779977, 0.000371091504348, 0.00933184567839, -0.0202115736902, 0.0225968975574]]
    spectral_contrast:
        mean: [-1.56190552048e-07, -2.77581563068e-07, -9.26148544522e-08, 5.77831769988e-07, -1.3990535308e-07, 6.07774239825e-08, 5.53040035811e-06, 1.43513364037e-06, 3.85098428524e-06, -5.41201870874e-07, -1.32509956075e-06, 3.93004347643e-06]
        var: [0.00031739345286, 0.000507751712576, 0.00165280560032, 0.00285240146331, 0.00468279933557, 0.00642822310328, 0.0407735854387, 0.114880517125, 0.213443249464, 0.272020667791, 0.657255232334, 2.7333741188]

rhythm:
    beats_loudness:
        dmean: 0.00491474429145
        dmean2: 0.00801281072199
        dvar: 6.34685511613e-06
        dvar2: 2.33838200074e-05
        max: 0.0140465134755
        mean: 0.0082111954689
        min: 0.00282560964115
        var: 1.18488560474e-05
    beats_loudness_bass:
        dmean: 0.182631984353
        dmean2: 0.372353434563
        dvar: 0.0389670021832
        dvar2: 0.0963411480188
        max: 0.558074533939
        mean: 0.103531979024
        min: 0.000646102300379
        var: 0.0276447478682
    bpm: 136.067825317
    bpm_confidence: 0
    first_peak_bpm: 136
    first_peak_spread: 0
    first_peak_weight: 0.952380955219
    onset_rate: 6.08113574982
    second_peak_bpm: 123
    second_peak_spread: 0
    second_peak_weight: 0.047619048506
    beats_position: [0.255985558033, 0.6967882514, 1.13759100437, 1.57839357853, 2.0191962719, 2.45999884605, 2.90080165863, 3.34160423279, 3.78240704536, 4.22320985794, 4.66401290894, 5.10481548309, 5.54561853409, 6.03372144699, 6.47480154037, 6.91588115692, 7.35696125031, 7.79804134369, 8.23912143707, 8.68020153046, 9.12128162384, 9.56236171722]
    bpm_estimates: [136.173950195, 136.147644043, 136.257904053, 135.95413208, 136.078582764, 136.087814331, 135.957855225, 136.265411377, 136.066070557, 135.924484253, 136.208724976, 136.031188965, 136.088165283, 136.030563354, 135.89050293, 136.075958252, 136.04725647, 135.934829712]
    bpm_intervals: [0.440802693367, 0.440802752972, 0.440802574158, 0.440802693367, 0.440802574158, 0.440802812576, 0.440802574158, 0.440802812576, 0.440802812576, 0.440803050995, 0.440802574158, 0.440803050995, 0.488102912903, 0.441080093384, 0.441079616547, 0.441080093384, 0.441080093384, 0.441080093384, 0.441080093384, 0.441080093384, 0.441080093384]
    onset_times: [0.0348299331963, 0.139319732785, 0.290249437094, 0.359909296036, 0.476009070873, 0.603718817234, 0.696598649025, 0.917188227177, 1.03328800201, 1.34675741196, 1.48607707024, 1.57895696163, 1.82276642323, 1.92725622654, 2.06657600403, 2.14784574509, 2.26394557953, 2.38004541397, 2.47292518616, 2.68190479279, 2.80961441994, 2.92571425438, 3.35528349876, 3.58748292923, 3.69197273254, 3.9125623703, 4.13315200806, 4.2492518425, 4.46984148026, 4.59755086899, 4.7020406723, 4.91102027893, 5.13160991669, 5.35219955444, 5.47990942001, 5.60761928558, 5.70049905777, 5.92108821869, 6.025578022, 6.24616765976, 6.3622674942, 6.47836732864, 6.90793657303, 7.14013624191, 7.25623559952, 7.47682523727, 7.6858048439, 7.80190467834, 8.0224943161, 8.15020370483, 8.25469398499, 8.47528362274, 8.68426322937, 8.91646289825, 9.03256225586, 9.25315189362, 9.47374153137, 9.58984088898, 9.79882049561, 9.92653083801, 10.0310201645]
    rubato_start: []
    rubato_stop: []
    perceptual_tempo: "unknown"

sfx:
    inharmonicity:
        dmean: 0.0836564600468
        dmean2: 0.149119377136
        dvar: 0.00631168950349
        dvar2: 0.0176849458367
        max: 0.445633083582
        mean: 0.0891759321094
        min: 7.55866858526e-05
        var: 0.00666894298047
    oddtoevenharmonicenergyratio:
        dmean: 3.93356013298
        dmean2: 7.41279935837
        dvar: 90.7979888916
        dvar2: 263.056152344
        max: 74.9154815674
        mean: 2.63377356529
        min: 0.00236249528825
        var: 53.8035125732
    pitch_after_max_to_before_max_energy_ratio: 158.438491821
    pitch_centroid: 175.838607788
    pitch_max_to_total: 0.00231481483206
    pitch_min_to_total: 0.451388895512
    tristimulus:
        dmean: [0.177857041359, 0.317891955376, 0.217325925827]
        dmean2: [0.307635545731, 0.559896290302, 0.380034983158]
        dvar: [0.0228546001017, 0.0595645271242, 0.0314969457686]
        dvar2: [0.0640622377396, 0.171448469162, 0.0885345265269]
        max: [0.950055480003, 0.995843172073, 0.833965778351]
        mean: [0.215090468526, 0.480630546808, 0.217566624284]
        min: [0.00411160103977, 0, 0]
        var: [0.0343420058489, 0.081577129662, 0.0458819717169]

tonal:
    chords_changes_rate: 0.0829493105412
    chords_number_rate: 0.0322580635548
    chords_strength:
        dmean: 0.0163759905845
        dmean2: 0.0196288004518
        dvar: 0.000146576450788
        dvar2: 0.00023645440524
        max: 0.639006853104
        mean: 0.452919661999
        min: 0.257046788931
        var: 0.0085073178634
    key_strength: 0.548163712025
    tuning_diatonic_strength: 0.369701206684
    tuning_equal_tempered_deviation: 0.194303020835
    tuning_frequency: 438.731048584
    tuning_nontempered_energy_ratio: 0.852527022362
    hpcp:
        dmean: [0.1919952631, 0.196533337235, 0.185990393162, 0.163634642959, 0.177062898874, 0.200623914599, 0.222825035453, 0.184299826622, 0.166055902839, 0.194357842207, 0.196956187487, 0.159753486514, 0.173971250653, 0.172047972679, 0.152216151357, 0.134553804994, 0.133314028382, 0.136515051126, 0.116590768099, 0.0949170067906, 0.112987294793, 0.141574412584, 0.134976178408, 0.140947014093, 0.147710025311, 0.164121314883, 0.150256797671, 0.168477624655, 0.20519015193, 0.218295395374, 0.176089316607, 0.142722263932, 0.116686210036, 0.109750524163, 0.151691526175, 0.19956459105]
        dmean2: [0.326754838228, 0.340630561113, 0.322203963995, 0.296168714762, 0.314360767603, 0.345292061567, 0.377103507519, 0.321809649467, 0.291142880917, 0.330973416567, 0.340837031603, 0.270931452513, 0.286688804626, 0.289572656155, 0.257257372141, 0.230149045587, 0.234402433038, 0.241206556559, 0.20621958375, 0.173607930541, 0.201125085354, 0.255426853895, 0.243960276246, 0.242089226842, 0.246881142259, 0.277289152145, 0.24976798892, 0.272960603237, 0.353873431683, 0.399987310171, 0.311605542898, 0.24796640873, 0.200359255075, 0.187249690294, 0.254327535629, 0.349243164062]
        dvar: [0.0419959612191, 0.0403497628868, 0.0373967140913, 0.0371012687683, 0.0356899648905, 0.0319761708379, 0.0349383465946, 0.0243827197701, 0.0229282975197, 0.0276761483401, 0.0350086838007, 0.0253987628967, 0.0269029028714, 0.0339923575521, 0.0300899520516, 0.0246059037745, 0.0295287836343, 0.0275293495506, 0.0167442820966, 0.0172022804618, 0.0244311951101, 0.0367766581476, 0.0267438050359, 0.0342930741608, 0.0267483144999, 0.035523775965, 0.0292135868222, 0.0311808492988, 0.0487488918006, 0.0684379786253, 0.0456356145442, 0.0264605972916, 0.0226679947227, 0.016694765538, 0.0246557332575, 0.0465538203716]
        dvar2: [0.118025816977, 0.109853386879, 0.110165566206, 0.109401978552, 0.0991423651576, 0.0876875296235, 0.0759100690484, 0.0676290616393, 0.0555430464447, 0.0716359168291, 0.0859952047467, 0.0699421316385, 0.0629518404603, 0.0883710086346, 0.0749837011099, 0.0572210624814, 0.075038947165, 0.0784444659948, 0.0441598184407, 0.0486790314317, 0.0622484125197, 0.0882407054305, 0.0750835984945, 0.0963816642761, 0.0609332472086, 0.0958425477147, 0.072113327682, 0.0793538019061, 0.1332706213, 0.188996553421, 0.129954323173, 0.0634924322367, 0.0588742680848, 0.0487188734114, 0.0641671419144, 0.117832645774]
        max: [1, 1, 1, 1, 1, 1, 1, 1, 1, 1, 1, 1, 1, 1, 1, 1, 1, 1, 0.883090853691, 1, 1, 1, 1, 1, 1, 1, 1, 1, 1, 1, 1, 1, 0.986992120743, 1, 1, 1]
        mean: [0.260658234358, 0.319962531328, 0.29687961936, 0.23147650063, 0.225411400199, 0.279203206301, 0.329965800047, 0.274215042591, 0.263492614031, 0.317590415478, 0.294100403786, 0.259352236986, 0.303665220737, 0.360856503248, 0.317936241627, 0.250337034464, 0.224530145526, 0.190231829882, 0.141575455666, 0.104475036263, 0.125583037734, 0.16202108562, 0.150209188461, 0.169435724616, 0.222609117627, 0.251840889454, 0.287797987461, 0.301687210798, 0.263005644083, 0.259199857712, 0.26183244586, 0.20455288887, 0.156060025096, 0.149235844612, 0.189951077104, 0.229589670897]
        min: [0.0156273059547, 0.0340714193881, 0.0308052822948, 0.0282688569278, 0.0102910585701, 0.0151754971594, 0.00454569607973, 0.00362185994163, 0.00513373222202, 0.00825916416943, 0.00836217124015, 0.00943824835122, 0.0340355820954, 0.0133050270379, 0.0189571604133, 0.022734830156, 0.00894163642079, 0.00878399424255, 0.00660522701219, 0.00280763185583, 0.00149349309504, 0.00225452217273, 0.00207065674476, 0.00303387735039, 0.002403721679, 0.0153697254136, 0.02113956213, 0.015839330852, 0.00801287218928, 0.0083068376407, 0.00951460469514, 0.00535691343248, 0.00533059891313, 0.00552611472085, 0.0122438389808, 0.0109285600483]
        var: [0.0507244355977, 0.0723413228989, 0.0481273718178, 0.0346431955695, 0.0371497273445, 0.0482824221253, 0.0724821984768, 0.0397425144911, 0.0475963763893, 0.0550500489771, 0.0528611838818, 0.0368848517537, 0.0557271465659, 0.0786273479462, 0.06470387429, 0.0422357805073, 0.0523370094597, 0.0361774489284, 0.0180511791259, 0.0141831934452, 0.0252215787768, 0.0445093177259, 0.0328145585954, 0.0488757938147, 0.0610764138401, 0.0507270470262, 0.0720119029284, 0.0822113826871, 0.0599399879575, 0.0816122069955, 0.0823931396008, 0.0468221083283, 0.0252509191632, 0.0177304856479, 0.028183830902, 0.0476985834539]
    chords_histogram: [46.5437774658, 0, 0, 4.60829496384, 0, 0, 0, 7.37327194214, 0, 0, 0, 0, 0, 0, 0, 11.520737648, 0, 10.1382484436, 0, 0, 0, 1.38248848915, 18.4331798553, 0]
    thpcp: [1, 0.881060004234, 0.693730115891, 0.622214496136, 0.527167499065, 0.392331719398, 0.289519608021, 0.348013788462, 0.448990345001, 0.416257381439, 0.469537675381, 0.616890966892, 0.697897613049, 0.797541379929, 0.836030960083, 0.728837192059, 0.718290686607, 0.725586056709, 0.566853821278, 0.43247115612, 0.413560092449, 0.526389479637, 0.636235356331, 0.722332119942, 0.886675238609, 0.822708249092, 0.641464114189, 0.624656617641, 0.7737236619, 0.914396166801, 0.759900510311, 0.730186700821, 0.880101680756, 0.815006494522, 0.718712925911, 0.84151238203]
    chords_key: "F#"
    chords_scale: "minor"
    key_key: "F#"
    key_scale: "minor"
    chords_progression: ["E", "E", "E", "E", "E", "E", "E", "E", "E", "E", "A#", "A#", "A#", "A#", "A#", "A#", "A#", "A#", "A#", "A#", "A#", "A#", "A#", "A#", "A#", "A#", "A#", "A#", "A#", "A#", "A#", "A#", "A#", "A#", "A#", "Bm", "Bm", "Bm", "Bm", "G", "G", "G", "Bm", "Bm", "Bm", "Bm", "Bm", "Bm", "Bm", "Bm", "Bm", "Bm", "Bm", "Bm", "Bm", "Bm", "Bm", "Bm", "Bm", "Bm", "Bm", "Bm", "Bm", "Bm", "Bm", "Bm", "Bm", "Bm", "Bm", "Bm", "Bm", "Bm", "Bm", "Bm", "Bm", "Bm", "Bm", "F", "Bm", "F#", "F#", "F#", "F#", "F#", "F#", "F#m", "F#", "F#", "F#", "F#", "F#", "F#", "F#", "F#m", "F#m", "F#m", "F#m", "F#m", "F#m", "F#m", "F#m", "F#m", "F#m", "F#m", "F#m", "F#m", "F#m", "F#m", "F#m", "F#m", "F#", "F#", "F#m", "F#m", "F#m", "F#m", "F#m", "F#", "F#m", "F#m", "F#m", "F#m", "F#m", "F", "F", "F", "F", "F", "F", "F", "F", "F", "F", "F", "F", "F", "F", "F", "F#m", "F#m", "F#m", "F#m", "F#m", "F#m", "F#m", "F#m", "F#m", "F#m", "F#m", "F#m", "F#m", "F#m", "F#m", "F#m", "F#m", "F#m", "F#m", "F", "F", "F", "F", "F", "F", "F#m", "F#m", "F#m", "F#m", "F#m", "F#m", "F#m", "F#m", "F#m", "F#m", "F#m", "F#m", "F#m", "F#m", "F#m", "F#m", "F#m", "F#m", "F#m", "F#m", "F#m", "F#m", "F#m", "F#m", "F#m", "F#m", "F#m", "F#m", "F#m", "F#m", "F#m", "F#m", "F#m", "F#m", "F#m", "F#m", "F#m", "F#m", "F#m", "F#m", "F#m", "F#m", "F#m", "F#m", "F#m", "F#m", "F#m", "F#m", "F#m", "F#m", "F#m", "F#m", "F#m", "F#m"]
