
metadata:
    version:
        essentia: "1.2.2"
    audio_properties:
        analysis_sample_rate: 44100
        bitrate: 128
        channels: 2
        equal_loudness: 1
        length: 10.0048980713
        replay_gain: -11.7756214142
        downmix: "mix"
    tags:
        track: 17
        year: 0
        album: "Splitted by Mp3Splt v. 2.1"
        artist: "From 002.40 To 002.50"
        comment: "http://mp3splt.sf.net"
        genre: ""
        title: "03 Half a Life.mp3"

highlevel:
    ballroom:
        all:
            ChaChaCha: 0.0189987905324
            Jive: 0.0977500900626
            Quickstep: 0.079845815897
            Rumba-American: 0.00967126805335
            Rumba-International: 0.0212660040706
            Rumba-Misc: 0.0483990460634
            Samba: 0.0269637033343
            Tango: 0.0294857714325
            VienneseWaltz: 0.590218603611
            Waltz: 0.0774009376764
        probability: 0.590218603611
        value: "VienneseWaltz"
    culture:
        all:
            non_western: 0.0520925670862
            western: 0.947907447815
        probability: 0.947907447815
        value: "western"
    gender:
        all:
            female: 0.162275493145
            male: 0.837724506855
        probability: 0.837724506855
        value: "male"
    genre_dortmund:
        all:
            alternative: 0.324686855078
            blues: 0.0140120834112
            electronic: 0.0288903638721
            folkcountry: 0.0584653317928
            funksoulrnb: 0.0169922970235
            jazz: 0.00738171022385
            pop: 0.0583308897913
            raphiphop: 0.00108596682549
            rock: 0.490154504776
        probability: 0.490154504776
        value: "rock"
    genre_electronica:
        all:
            ambient: 0.47384133935
            dnb: 0.0618460848927
            house: 0.0066665741615
            techno: 0.00500971684232
            trance: 0.452636271715
        probability: 0.47384133935
        value: "ambient"
    genre_rosamerica:
        all:
            cla: 0.0365746244788
            dan: 0.00838914141059
            hip: 0.00377706345171
            jaz: 0.00236609904096
            pop: 0.0244454741478
            rhy: 0.0159544460475
            roc: 0.906705379486
            spe: 0.00178779265843
        probability: 0.906705379486
        value: "roc"
    genre_tzanetakis:
        all:
            blu: 0.00658160727471
            cla: 0.0438663810492
            cou: 0.294876933098
            dis: 0.0221599154174
            hip: 0.00303352228366
            jaz: 0.0163033138961
            met: 0.0158719252795
            pop: 0.0141606638208
            reg: 0.00362811912782
            roc: 0.579517602921
        probability: 0.579517602921
        value: "roc"
    live_studio:
        all:
            live: 0.880026102066
            studio: 0.119973883033
        probability: 0.880026102066
        value: "live"
    mood:
        all:
            Cluster1: 0.346369445324
            Cluster2: 0.175790995359
            Cluster3: 0.216465726495
            Cluster4: 0.0573964081705
            Cluster5: 0.203977420926
        probability: 0.346369445324
        value: "Cluster1"
    mood_acoustic:
        all:
            acoustic: 0.0980340316892
            not_acoustic: 0.901965975761
        probability: 0.901965975761
        value: "not_acoustic"
    mood_aggressive:
        all:
            aggressive: 0.5
            not_aggressive: 0.5
        probability: 0.5
        value: "aggressive"
    mood_electronic:
        all:
            electronic: 0.0731103420258
            not_electronic: 0.926889657974
        probability: 0.926889657974
        value: "not_electronic"
    mood_happy:
        all:
            happy: 0.736847400665
            not_happy: 0.263152599335
        probability: 0.736847400665
        value: "happy"
    mood_party:
        all:
            not_party: 0.763823986053
            party: 0.236176013947
        probability: 0.763823986053
        value: "not_party"
    mood_relaxed:
        all:
            not_relaxed: 0.538306891918
            relaxed: 0.461693137884
        probability: 0.538306891918
        value: "not_relaxed"
    mood_sad:
        all:
            not_sad: 0.557178258896
            sad: 0.442821711302
        probability: 0.557178258896
        value: "not_sad"
    rhythm:
        all:
            fast: 0.426312357187
            medium: 0.207015767694
            slow: 0.36667189002
        probability: 0.426312357187
        value: "fast"
    speech_music:
        all:
            music: 0.994899213314
            speech: 0.00510077364743
        probability: 0.994899213314
        value: "music"
    timbre:
        all:
            bright: 0.696179330349
            dark: 0.303820669651
        probability: 0.696179330349
        value: "bright"
    voice_instrumental:
        all:
            instrumental: 0.0458930023015
            voice: 0.954106986523
        probability: 0.954106986523
        value: "voice"

lowlevel:
    average_loudness: 0.985351979733
    barkbands_kurtosis:
        dmean: 0.367019355297
        dmean2: 0.608308076859
        dvar: 0.165738582611
        dvar2: 0.446343421936
        max: 2.65413045883
        mean: -0.755676269531
        min: -1.76707077026
        var: 0.432036161423
    barkbands_skewness:
        dmean: 0.242534041405
        dmean2: 0.39213564992
        dvar: 0.0426309853792
        dvar2: 0.105727672577
        max: 1.91534781456
        mean: 0.440136641264
        min: -0.824195742607
        var: 0.11532394588
    barkbands_spread:
        dmean: 3.69836330414
        dmean2: 5.73342180252
        dvar: 13.2443132401
        dvar2: 30.2937011719
        max: 53.059627533
        mean: 25.6490898132
        min: 9.27771759033
        var: 49.0675964355
    dissonance:
        dmean: 0.0210755076259
        dmean2: 0.0350583679974
        dvar: 0.00034345779568
        dvar2: 0.000888773123734
        max: 0.498905360699
        mean: 0.449854105711
        min: 0.306838393211
        var: 0.000828008458484
    hfc:
        dmean: 1.72466015816
        dmean2: 2.64046263695
        dvar: 4.43312549591
        dvar2: 10.1418199539
        max: 19.8837280273
        mean: 7.76642084122
        min: 0.0611858069897
        var: 8.77163696289
    pitch:
        dmean: 184.28868103
        dmean2: 355.888183594
        dvar: 428261.1875
        dvar2: 1133419.5
        max: 4009.09082031
        mean: 312.004211426
        min: 82.7392120361
        var: 341415.09375
    pitch_instantaneous_confidence:
        dmean: 0.0698764771223
        dmean2: 0.111932054162
        dvar: 0.00378552242182
        dvar2: 0.00985901430249
        max: 0.704110980034
        mean: 0.437097460032
        min: 0.169770538807
        var: 0.0133787775412
    pitch_salience:
        dmean: 0.0488119833171
        dmean2: 0.0773463472724
        dvar: 0.00166283280123
        dvar2: 0.00424988474697
        max: 0.807152152061
        mean: 0.615728616714
        min: 0.432717263699
        var: 0.004763873294
    silence_rate_20dB:
        dmean: 0
        dmean2: 0
        dvar: 0
        dvar2: 0
        max: 1
        mean: 1
        min: 1
        var: 0
    silence_rate_30dB:
        dmean: 0
        dmean2: 0
        dvar: 0
        dvar2: 0
        max: 1
        mean: 1
        min: 1
        var: 0
    silence_rate_60dB:
        dmean: 0.041763342917
        dmean2: 0.0813953503966
        dvar: 0.0400192141533
        dvar2: 0.0980260744691
        max: 1
        mean: 0.0439814813435
        min: 0
        var: 0.0420469939709
    spectral_centroid:
        dmean: 163.769439697
        dmean2: 266.85546875
        dvar: 32317.4179688
        dvar2: 72167.5
        max: 3430.66552734
        mean: 1292.97741699
        min: 532.454406738
        var: 73813.6796875
    spectral_complexity:
        dmean: 3.05581402779
        dmean2: 4.6853146553
        dvar: 8.4433965683
        dvar2: 19.2459926605
        max: 35
        mean: 18.250579834
        min: 0
        var: 18.5126018524
    spectral_crest:
        dmean: 1.60352778435
        dmean2: 2.60510110855
        dvar: 1.84066724777
        dvar2: 5.02273035049
        max: 15.3669586182
        mean: 6.65412473679
        min: 2.675740242
        var: 5.74077701569
    spectral_decrease:
        dmean: 2.77320139075e-10
        dmean2: 4.41291697628e-10
        dvar: 9.62149217411e-20
        dvar2: 2.0452182817e-19
        max: -6.60767924751e-12
        mean: -1.41612765958e-09
        min: -3.36791061706e-09
        var: 2.20600280574e-19
    spectral_energy:
        dmean: 0.00117589707952
        dmean2: 0.00186042266432
        dvar: 1.70595160398e-06
        dvar2: 3.58130137101e-06
        max: 0.0144054936245
        mean: 0.00604922603816
        min: 3.04886380036e-05
        var: 3.96923087465e-06
    spectral_energyband_high:
        dmean: 0.00011181771697
        dmean2: 0.000174705361133
        dvar: 4.18927683654e-08
        dvar2: 9.26910033172e-08
        max: 0.00234118569642
        mean: 0.000224213421461
        min: 4.92644039696e-06
        var: 5.87190172041e-08
    spectral_energyband_low:
        dmean: 0.000159356408403
        dmean2: 0.000264277623501
        dvar: 8.52740953405e-08
        dvar2: 2.27509872275e-07
        max: 0.00290857302025
        mean: 0.000226452422794
        min: 9.74430314216e-10
        var: 7.84861100556e-08
    spectral_energyband_middle_high:
        dmean: 0.000609949231148
        dmean2: 0.000954927818384
        dvar: 3.8808127556e-07
        dvar2: 8.759712955e-07
        max: 0.0109828598797
        mean: 0.00286133633927
        min: 1.65325163834e-05
        var: 1.70380405962e-06
    spectral_energyband_middle_low:
        dmean: 0.000742914446164
        dmean2: 0.00116755114868
        dvar: 7.24607957636e-07
        dvar2: 1.74157753463e-06
        max: 0.00872559845448
        mean: 0.00273722666316
        min: 9.02871397557e-06
        var: 1.49646575665e-06
    spectral_flatness_db:
        dmean: 0.0127595989034
        dmean2: 0.0185562297702
        dvar: 0.000126674261992
        dvar2: 0.000241791480221
        max: 0.2262558043
        mean: 0.157185837626
        min: 0.0923577398062
        var: 0.000517359469086
    spectral_flux:
        dmean: 0.00726061873138
        dmean2: 0.0105216968805
        dvar: 5.45756374777e-05
        dvar2: 9.60190736805e-05
        max: 0.0773678347468
        mean: 0.0386749580503
        min: 0.00552165182307
        var: 0.000144315548823
    spectral_kurtosis:
        dmean: 1.39362978935
        dmean2: 2.36079645157
        dvar: 2.0071349144
        dvar2: 5.08433914185
        max: 13.0091438293
        mean: 4.68199682236
        min: 0.357718229294
        var: 3.68929123878
    spectral_rms:
        dmean: 0.000230971330893
        dmean2: 0.000363066210411
        dvar: 5.96003850717e-08
        dvar2: 1.10619680527e-07
        max: 0.00374888512306
        mean: 0.00239593116567
        min: 0.00017246742209
        var: 1.61203885796e-07
    spectral_rolloff:
        dmean: 402.470397949
        dmean2: 696.892456055
        dvar: 182307.734375
        dvar2: 430012.125
        max: 5684.765625
        mean: 2625.25244141
        min: 753.662109375
        var: 443056.75
    spectral_skewness:
        dmean: 0.182446330786
        dmean2: 0.306732922792
        dvar: 0.0290394965559
        dvar2: 0.0690342187881
        max: 2.60429286957
        mean: 1.55527961254
        min: 0.520494401455
        var: 0.063569240272
    spectral_spread:
        dmean: 366608.53125
        dmean2: 476045.25
        dvar: 154695729152
        dvar2: 263469432832
        max: 7173569.5
        mean: 3687345
        min: 2418336.75
        var: 566952329216
    spectral_strongpeak:
        dmean: 0.344377338886
        dmean2: 0.594368815422
        dvar: 0.215792432427
        dvar2: 0.588134467602
        max: 4.07269287109
        mean: 0.84498667717
        min: 0.021419422701
        var: 0.367691397667
    zerocrossingrate:
        dmean: 0.00622501829639
        dmean2: 0.00761559419334
        dvar: 4.21795084549e-05
        dvar2: 4.96150933031e-05
        max: 0.17919921875
        mean: 0.0767995044589
        min: 0.02978515625
        var: 0.000198287874809
    barkbands:
        dmean: [7.80148070589e-08, 5.34589016752e-05, 0.000121430544823, 0.000175913330168, 0.000309258728521, 0.000224986346439, 0.000226133604883, 0.000153853587108, 0.000197755842237, 0.000229112964007, 8.62089291331e-05, 0.00010140100494, 0.000131197433802, 0.000170230865479, 9.99214971671e-05, 0.000108014668513, 0.000105610735773, 9.14015472517e-05, 0.000183150012163, 0.000100597004348, 5.72283024667e-05, 2.56875100604e-05, 2.8592662602e-06, 9.24986522932e-07, 6.27232736861e-07, 2.82597163448e-08, 3.21509152634e-10]
        dmean2: [1.24511032595e-07, 8.93116521183e-05, 0.000211024685996, 0.000313363299938, 0.00052267749561, 0.000339972029906, 0.000354392017471, 0.000230031539104, 0.000296609010547, 0.000352799572283, 0.000131556473207, 0.000158486771397, 0.000203750285436, 0.000268960604444, 0.000159872433869, 0.000181417315616, 0.000174340122612, 0.000148412786075, 0.000303705543047, 0.000168794402271, 9.09573791432e-05, 3.85547937185e-05, 3.89573870052e-06, 1.3365806808e-06, 9.18851469578e-07, 4.3430365082e-08, 5.10107789342e-10]
        dvar: [3.22654500774e-14, 1.0030095865e-08, 5.73198306597e-08, 6.40771915528e-08, 2.03314286296e-07, 9.97623317289e-08, 9.43365634498e-08, 7.00112963159e-08, 6.01785217214e-08, 1.7167478461e-07, 1.47763907776e-08, 2.28644978506e-08, 3.45290551707e-08, 4.45920669279e-08, 1.53870001185e-08, 1.11713420736e-08, 1.43384246698e-08, 1.26707133674e-08, 4.43872743006e-08, 2.66246029668e-08, 1.0284478158e-08, 5.19121057252e-09, 8.42284297864e-11, 4.9097687721e-12, 2.14473859679e-12, 5.46470251591e-15, 1.14605501638e-18]
        dvar2: [6.54491516322e-14, 2.62684842767e-08, 1.56695577402e-07, 1.78024720299e-07, 5.17041428338e-07, 2.49985475875e-07, 2.32065332284e-07, 1.39767706742e-07, 1.36120462457e-07, 4.1740580059e-07, 3.5456348968e-08, 5.01571690847e-08, 8.78816308614e-08, 1.14847402699e-07, 3.49628095364e-08, 2.87568937551e-08, 3.7042543255e-08, 2.97124120863e-08, 1.16026512842e-07, 7.11489960281e-08, 2.56360497275e-08, 1.04277120272e-08, 1.42271514014e-10, 9.50064506233e-12, 4.76355283344e-12, 1.31327647325e-14, 1.28502849372e-18]
        max: [2.16065882341e-06, 0.000703946745489, 0.00267627788708, 0.00300232786685, 0.00424608169124, 0.00319988001138, 0.00384111772291, 0.0023289420642, 0.00252189207822, 0.00547570642084, 0.00182841776405, 0.0028505702503, 0.0024925712496, 0.00276963203214, 0.00130149186589, 0.00141515792347, 0.00120224861894, 0.00129150028806, 0.00222379877232, 0.00141506968066, 0.00125549524091, 0.00145392562263, 0.000190264952835, 3.21181105392e-05, 1.32991362989e-05, 8.2651001776e-07, 2.2497763652e-08]
        mean: [8.4638159592e-08, 5.53089557798e-05, 0.000171062943991, 0.000223018447286, 0.000562512839679, 0.000463454372948, 0.000616634672042, 0.000348274974385, 0.000499956368003, 0.000519423512742, 0.000193510801182, 0.000244658178417, 0.000287448026938, 0.000287899019895, 0.000198839552468, 0.000231855519814, 0.000233632978052, 0.00017806730466, 0.000401295517804, 0.000183805794222, 9.71779518295e-05, 4.43483550043e-05, 4.68534517495e-06, 1.44759496834e-06, 7.92999856003e-07, 3.5069177784e-08, 3.31376565077e-10]
        min: [1.29279963471e-11, 6.83699430404e-10, 2.79888556776e-10, 7.97787258477e-09, 1.67557828945e-07, 4.41630561454e-07, 2.05505955364e-07, 6.22269340056e-07, 7.54252550905e-06, 1.43167039823e-06, 2.74430431091e-06, 3.34631977239e-07, 2.27924488172e-06, 3.4236211377e-06, 3.96248566403e-07, 3.19898170176e-08, 4.75887702578e-07, 5.39370944352e-07, 4.74303396913e-06, 1.30449575408e-06, 3.46531101059e-06, 2.32525678712e-07, 7.32829903427e-08, 1.84247035406e-08, 5.96660276742e-09, 1.90774160358e-10, 8.42926260475e-14]
        var: [4.04585659951e-14, 8.4167730563e-09, 4.8545224729e-08, 7.38258663091e-08, 2.38035681832e-07, 2.70929291446e-07, 5.01948306919e-07, 2.12558589396e-07, 2.36188668623e-07, 6.01499948516e-07, 6.09778680882e-08, 1.55485878395e-07, 1.20704015671e-07, 1.14195380263e-07, 3.65471137798e-08, 4.24007851052e-08, 2.22045599685e-08, 1.90011633094e-08, 7.36988781114e-08, 2.70624163079e-08, 1.28189290294e-08, 7.43030481587e-09, 1.35598449136e-10, 7.73270249915e-12, 2.63459935292e-12, 5.88776328581e-15, 1.2839327896e-18]
    mfcc:
        mean: [-688.94354248, 136.80430603, -65.0844573975, 43.4709472656, -26.1704807281, -4.49815225601, -8.02641105652, -6.92950582504, -6.13564872742, -5.34102153778, -2.13905978203, -8.33480262756, -5.08097696304]
        cov: [[783.12322998, -255.419281006, 197.534423828, -11.5891866684, 25.0422401428, 8.24565505981, 51.9226455688, -30.7234191895, 54.9262886047, -26.9042873383, 18.9385280609, 3.26669645309, -28.8899803162], [-255.419281006, 401.693237305, -186.174957275, -20.5461006165, -56.8936195374, 26.9871101379, 12.8244972229, 75.7874984741, -12.391708374, 11.8194503784, 16.6334915161, 9.87648296356, -4.16573619843], [197.534423828, -186.174957275, 212.997009277, 58.8780441284, 77.2442169189, -18.8610363007, 7.90606021881, -38.8968582153, 16.2525901794, -11.7454824448, -6.78776836395, 11.5792503357, 24.685382843], [-11.5891866684, -20.5461006165, 58.8780441284, 134.320007324, 96.683883667, -16.9016304016, -49.4796409607, -46.3232650757, -6.65114688873, 20.8565635681, -17.2100639343, 2.96984744072, 41.7083015442], [25.0422401428, -56.8936195374, 77.2442169189, 96.683883667, 168.824020386, -6.44054985046, -29.509393692, -55.9490699768, 4.48591279984, 23.4167613983, -21.0452327728, 6.61978960037, 35.3369064331], [8.24565505981, 26.9871101379, -18.8610363007, -16.9016304016, -6.44054985046, 70.4123306274, 28.9336071014, 18.5705528259, 7.83666372299, -8.66667079926, 16.7997093201, 12.1505250931, -2.36420989037], [51.9226455688, 12.8244972229, 7.90606021881, -49.4796409607, -29.509393692, 28.9336071014, 162.205917358, 44.925655365, 17.2310009003, -16.6296577454, 2.60312223434, 19.1118507385, -18.6608734131], [-30.7234191895, 75.7874984741, -38.8968582153, -46.3232650757, -55.9490699768, 18.5705528259, 44.925655365, 85.1112289429, 13.2331132889, -17.2894058228, 6.97859048843, 1.73302912712, -6.80251312256], [54.9262886047, -12.391708374, 16.2525901794, -6.65114688873, 4.48591279984, 7.83666372299, 17.2310009003, 13.2331132889, 58.7261047363, 15.084569931, 2.51825737953, -0.804233074188, -15.9067935944], [-26.9042873383, 11.8194503784, -11.7454824448, 20.8565635681, 23.4167613983, -8.66667079926, -16.6296577454, -17.2894058228, 15.084569931, 87.6814117432, 12.2656707764, -10.5694036484, -17.7802658081], [18.9385280609, 16.6334915161, -6.78776836395, -17.2100639343, -21.0452327728, 16.7997093201, 2.60312223434, 6.97859048843, 2.51825737953, 12.2656707764, 80.1641616821, 30.4643440247, -8.8608417511], [3.26669645309, 9.87648296356, 11.5792503357, 2.96984744072, 6.61978960037, 12.1505250931, 19.1118507385, 1.73302912712, -0.804233074188, -10.5694036484, 30.4643440247, 69.6090164185, 26.3553695679], [-28.8899803162, -4.16573619843, 24.685382843, 41.7083015442, 35.3369064331, -2.36420989037, -18.6608734131, -6.80251312256, -15.9067935944, -17.7802658081, -8.8608417511, 26.3553695679, 93.4947128296]]
        icov: [[0.00201972527429, 0.000551431323402, -0.00142769119702, 0.000348879839294, 0.000201198461582, -0.000395674054744, -0.000340042985044, 0.000618497317191, -0.00135590322316, 0.000714625872206, -0.000707708706614, 0.000395377108362, 0.000487754528876], [0.000551431323402, 0.00554951187223, 0.00432898895815, -0.00246502971277, -0.000300175481243, -0.000149720232002, -0.0003666523844, -0.00409140344709, 0.000431788881542, -0.000258437677985, -0.000653024704661, -0.00106134719681, 0.000374744849978], [-0.00142769119702, 0.00432898895815, 0.0122137628496, -0.00426158681512, -0.00244241487235, 0.00260736769997, -0.00185541342944, -0.00155903887935, -0.00159675313625, 0.00209344853647, -0.00149754504673, -0.000791696482338, -0.000858967017848], [0.000348879839294, -0.00246502971277, -0.00426158681512, 0.0171762369573, -0.00587993953377, 0.000447166472441, 0.00260968366638, 0.00331854540855, 0.000691610621288, -0.00252102175727, 0.00152027362492, 0.000420096417656, -0.00387932942249], [0.000201198461582, -0.000300175481243, -0.00244241487235, -0.00587993953377, 0.012645829469, -0.00242722174153, -0.00036379188532, 0.00461109122261, -0.00179482810199, -0.00207066955045, 0.00259387074038, -0.001035181107, -0.0014228480868], [-0.000395674054744, -0.000149720232002, 0.00260736769997, 0.000447166472441, -0.00242722174153, 0.0178722720593, -0.00250368565321, -0.00161579076666, -0.00203340849839, 0.00254617678002, -0.00397033151239, -0.000316918012686, -0.000413483503507], [-0.000340042985044, -0.0003666523844, -0.00185541342944, 0.00260968366638, -0.00036379188532, -0.00250368565321, 0.00922191701829, -0.0038947716821, 0.000113911351946, -0.000534489983693, 0.00277305394411, -0.00377975543961, 0.00208175159059], [0.000618497317191, -0.00409140344709, -0.00155903887935, 0.00331854540855, 0.00461109122261, -0.00161579076666, -0.0038947716821, 0.0235706269741, -0.00659748539329, 0.00321324844845, -0.000924884399865, 0.0030900023412, -0.00337611278519], [-0.00135590322316, 0.000431788881542, -0.00159675313625, 0.000691610621288, -0.00179482810199, -0.00203340849839, 0.000113911351946, -0.00659748539329, 0.0230367593467, -0.00562241114676, 0.00199876027182, -0.00187150610145, 0.00345011684112], [0.000714625872206, -0.000258437677985, 0.00209344853647, -0.00252102175727, -0.00207066955045, 0.00254617678002, -0.000534489983693, 0.00321324844845, -0.00562241114676, 0.0164721962065, -0.00514755770564, 0.0033213943243, 0.00250721140765], [-0.000707708706614, -0.000653024704661, -0.00149754504673, 0.00152027362492, 0.00259387074038, -0.00397033151239, 0.00277305394411, -0.000924884399865, 0.00199876027182, -0.00514755770564, 0.0194975286722, -0.0104169975966, 0.00302028493024], [0.000395377108362, -0.00106134719681, -0.000791696482338, 0.000420096417656, -0.001035181107, -0.000316918012686, -0.00377975543961, 0.0030900023412, -0.00187150610145, 0.0033213943243, -0.0104169975966, 0.0235562827438, -0.00736418412998], [0.000487754528876, 0.000374744849978, -0.000858967017848, -0.00387932942249, -0.0014228480868, -0.000413483503507, 0.00208175159059, -0.00337611278519, 0.00345011684112, 0.00250721140765, 0.00302028493024, -0.00736418412998, 0.0169437006116]]
    spectral_contrast:
        mean: [1.26601520378e-07, -9.7944450772e-08, -4.33516618159e-07, -1.91052933474e-07, -8.30108746186e-08, 3.10556096395e-08, -1.51570043272e-06, 2.54778728959e-06, 3.8459775169e-06, -3.02507396555e-06, 1.96003861674e-06, -5.79257584832e-06]
        var: [0.000386708648875, 0.000569447816815, 0.00127033411991, 0.00206981739029, 0.00317905074917, 0.00366842187941, 0.0252261925489, 0.0623248331249, 0.0940101891756, 0.167381957173, 0.323879361153, 0.724821805954]

rhythm:
    beats_loudness:
        dmean: 0.00334020634182
        dmean2: 0.00631699198857
        dvar: 4.25876351073e-06
        dvar2: 1.34943056764e-05
        max: 0.0128115862608
        mean: 0.00813259929419
        min: 0.00445116497576
        var: 4.98103145219e-06
    beats_loudness_bass:
        dmean: 0.0744246914983
        dmean2: 0.128734618425
        dvar: 0.00383276701905
        dvar2: 0.0108383130282
        max: 0.342960059643
        mean: 0.108391873538
        min: 0.00367818074301
        var: 0.00522729195654
    bpm: 120.253143311
    bpm_confidence: 0
    first_peak_bpm: 120
    first_peak_spread: 0
    first_peak_weight: 0.944444477558
    onset_rate: 3.69818854332
    second_peak_bpm: 112
    second_peak_spread: 0
    second_peak_weight: 0.0555555559695
    beats_position: [0.462683558464, 0.964525222778, 1.46636688709, 1.96820855141, 2.47005033493, 2.97189188004, 3.47373366356, 3.97557520866, 4.47741699219, 4.97925853729, 5.48110055923, 6.01528739929, 6.51140356064, 7.00751972198, 7.50363588333, 7.99975204468, 8.49586772919, 8.99198436737, 9.48810005188]
    bpm_estimates: [119.355865479, 119.618362427, 119.642219543, 119.663528442, 120.066467285, 119.486656189, 119.338729858, 119.688690186, 119.180541992, 121.5417099, 121.07043457, 120.772865295, 119.178367615, 120.508934021, 121.32321167, 120.075714111, 122.470275879, 121.574272156]
    bpm_intervals: [0.501841664314, 0.501841664314, 0.501841664314, 0.501841783524, 0.501841545105, 0.501841783524, 0.501841545105, 0.501841783524, 0.501841545105, 0.501842021942, 0.534186840057, 0.496116161346, 0.496116161346, 0.496116161346, 0.496116161346, 0.496115684509, 0.496116638184, 0.496115684509]
    onset_times: [0.0348299331963, 0.18575963378, 0.441179126501, 0.952018141747, 1.20743763447, 1.71827661991, 1.86920630932, 1.96208620071, 2.46131515503, 2.73995471001, 2.91410422325, 2.97215414047, 3.23918366432, 3.48299312592, 3.75002264977, 3.97061228752, 4.26086187363, 4.48145103455, 4.65560102463, 4.76009082794, 4.99229001999, 5.24770975113, 5.49151945114, 5.75854873657, 5.93269824982, 6.00235843658, 6.43192720413, 7.00081634521, 7.26784563065, 7.50004529953, 7.9644446373, 8.20825386047, 8.46367359161, 8.95129299164, 9.47374153137, 9.70594120026, 9.9613609314]
    rubato_start: []
    rubato_stop: []
    perceptual_tempo: "unknown"

sfx:
    inharmonicity:
        dmean: 0.0440958440304
        dmean2: 0.0780218616128
        dvar: 0.00229725823738
        dvar2: 0.00645312434062
        max: 0.365440189838
        mean: 0.0539870783687
        min: 0.000249837292358
        var: 0.00257109804079
    oddtoevenharmonicenergyratio:
        dmean: 1.78935933113
        dmean2: 3.27228617668
        dvar: 19.0895252228
        dvar2: 55.5390319824
        max: 55.7292175293
        mean: 1.50000119209
        min: 0.00217978772707
        var: 12.0758199692
    pitch_after_max_to_before_max_energy_ratio: 5.27216482162
    pitch_centroid: 224.753326416
    pitch_max_to_total: 0.0928074270487
    pitch_min_to_total: 0.812064945698
    tristimulus:
        dmean: [0.179111480713, 0.205108091235, 0.0987133830786]
        dmean2: [0.30727738142, 0.35881587863, 0.170660570264]
        dvar: [0.0229982081801, 0.0356237441301, 0.00711144506931]
        dvar2: [0.0673409700394, 0.108569040895, 0.0190321411937]
        max: [0.924005270004, 0.990738213062, 0.545709729195]
        mean: [0.35002425313, 0.505527377129, 0.116609610617]
        min: [0.00926184095442, 0, 0]
        var: [0.0326355546713, 0.0410641357303, 0.0103390384465]

tonal:
    chords_changes_rate: 0.0368663594127
    chords_number_rate: 0.0230414755642
    chords_strength:
        dmean: 0.0075383009389
        dmean2: 0.00699720811099
        dvar: 3.18856509693e-05
        dvar2: 3.93910522689e-05
        max: 0.656587779522
        mean: 0.505199611187
        min: 0.397925794125
        var: 0.00339282979257
    key_strength: 0.759606719017
    tuning_diatonic_strength: 0.611682474613
    tuning_equal_tempered_deviation: 0.108965218067
    tuning_frequency: 441.017791748
    tuning_nontempered_energy_ratio: 0.664521694183
    hpcp:
        dmean: [0.141391545534, 0.122887812555, 0.0864023342729, 0.0770348608494, 0.0733826905489, 0.11715516448, 0.147604122758, 0.128478869796, 0.0567327030003, 0.051177021116, 0.0634055063128, 0.10148306191, 0.139523372054, 0.118213877082, 0.0877971127629, 0.0548373237252, 0.0591480098665, 0.0934380963445, 0.091738447547, 0.0845379754901, 0.120871625841, 0.142115205526, 0.140936404467, 0.0907064303756, 0.0598141625524, 0.0754188895226, 0.123956009746, 0.1390876472, 0.131641298532, 0.0907325893641, 0.0701676830649, 0.0903825461864, 0.154396876693, 0.171365723014, 0.132033422589, 0.163637474179]
        dmean2: [0.23724976182, 0.209611728787, 0.14541529119, 0.134614482522, 0.130883008242, 0.190359428525, 0.233126759529, 0.193727836013, 0.0965296477079, 0.0876035168767, 0.108488716185, 0.172107860446, 0.235044002533, 0.190179377794, 0.150668904185, 0.0950992926955, 0.0953074619174, 0.147696763277, 0.147446990013, 0.139674797654, 0.20749515295, 0.222856462002, 0.221985265613, 0.155341520905, 0.0995423346758, 0.126109138131, 0.211095497012, 0.230286613107, 0.215989217162, 0.163558766246, 0.121835045516, 0.159339636564, 0.253459334373, 0.290317237377, 0.216471344233, 0.286069214344]
        dvar: [0.0364531688392, 0.0215711388737, 0.0205792915076, 0.0169328134507, 0.0190080851316, 0.0223519578576, 0.0236156247556, 0.018617561087, 0.00575519585982, 0.00850891228765, 0.0154863186181, 0.024105751887, 0.0296415407211, 0.0193580240011, 0.028448453173, 0.0125945545733, 0.0113387443125, 0.0221777055413, 0.0167061258107, 0.0154366903007, 0.0258091129363, 0.0205241218209, 0.024228926748, 0.0239744335413, 0.0142318448052, 0.0181345120072, 0.032585375011, 0.0262774545699, 0.0276005994529, 0.0253702644259, 0.0222338661551, 0.0200436972082, 0.0277586299926, 0.0386185348034, 0.024184377864, 0.0364075340331]
        dvar2: [0.0804786682129, 0.0433117039502, 0.0494150929153, 0.0474164560437, 0.0520273447037, 0.0612042732537, 0.0523097477853, 0.0424194969237, 0.0154147436842, 0.0213246680796, 0.0409115292132, 0.0670133978128, 0.0786130949855, 0.0421753488481, 0.0663724020123, 0.0324022546411, 0.024542029947, 0.04336001724, 0.0357342176139, 0.0364322252572, 0.060708809644, 0.0513665527105, 0.0607275292277, 0.0558995120227, 0.0353562943637, 0.0486646108329, 0.085442006588, 0.0619192756712, 0.0746919214725, 0.0689793005586, 0.0578532591462, 0.0482255965471, 0.0726187825203, 0.0968861952424, 0.0614515393972, 0.0998571142554]
        max: [1, 1, 1, 0.903169393539, 0.738560378551, 1, 1, 1, 0.430851697922, 0.806702613831, 0.979843318462, 1, 1, 1, 1, 0.904531657696, 0.941565454006, 1, 1, 1, 1, 1, 1, 1, 1, 1, 1, 1, 1, 0.94356161356, 1, 1, 1, 1, 1, 1]
        mean: [0.446895778179, 0.297977924347, 0.126882985234, 0.0944938138127, 0.0775922238827, 0.212887018919, 0.411355674267, 0.284095227718, 0.0764350816607, 0.0587252192199, 0.0643681883812, 0.148444741964, 0.278415232897, 0.232094183564, 0.108270198107, 0.0629179999232, 0.0702985152602, 0.163657918572, 0.191537693143, 0.132434949279, 0.209311038256, 0.345586061478, 0.264182776213, 0.123856574297, 0.0842572599649, 0.0818548798561, 0.196981742978, 0.345140904188, 0.263088673353, 0.0964218005538, 0.0698000118136, 0.112506903708, 0.289091587067, 0.399883031845, 0.259681910276, 0.295467436314]
        min: [0.0114798480645, 0.00592738715932, 0.00621318304911, 0.00484658777714, 0.0034078292083, 0.00988315790892, 0.0390929654241, 0.0252441689372, 0.00415345001966, 0.00218658940867, 0.00266258977354, 0.00945898517966, 0.0292966831475, 0.0192888360471, 0.00537510216236, 0.00202671997249, 0.00291772186756, 0.00806689634919, 0.0105770612136, 0.00527913076803, 0.00655387388542, 0.0109488042071, 0.00677635194734, 0.0032551959157, 0.00197250256315, 0.00164482416585, 0.0067130215466, 0.0129045154899, 0.00588822970167, 0.00240267417394, 0.00173361692578, 0.00688238302246, 0.0120277414098, 0.0126882493496, 0.014436300844, 0.0122948773205]
        var: [0.136226177216, 0.0671723634005, 0.0375986658037, 0.0197916720062, 0.0150005435571, 0.0361036658287, 0.0879582613707, 0.0463733226061, 0.00785235408694, 0.0100835300982, 0.0132840722799, 0.0257171224803, 0.0629001781344, 0.0465401634574, 0.0324425138533, 0.0104153025895, 0.0131657989696, 0.0539597161114, 0.0569988824427, 0.0250033922493, 0.043177254498, 0.0727491825819, 0.0635407269001, 0.041500326246, 0.031512465328, 0.021901179105, 0.0472991205752, 0.103044889867, 0.0726988762617, 0.0211212337017, 0.0172547567636, 0.0208108015358, 0.0574956052005, 0.101485624909, 0.0621045827866, 0.0545539520681]
    chords_histogram: [42.8571434021, 0, 24.8847923279, 6.45161294937, 14.7465438843, 0, 0, 0, 0, 0, 0, 0, 0, 0, 0, 0, 0, 0, 0, 0, 0, 0, 0, 11.0599079132]
    thpcp: [1, 0.666772723198, 0.283920764923, 0.211444854736, 0.173624873161, 0.476368367672, 0.920473396778, 0.635708034039, 0.171035587788, 0.131406962872, 0.144033998251, 0.332168579102, 0.622998118401, 0.519347429276, 0.242271691561, 0.140788972378, 0.157304048538, 0.366210490465, 0.428595900536, 0.296344161034, 0.46836656332, 0.773303508759, 0.591150760651, 0.277148663998, 0.188538953662, 0.183163240552, 0.440777808428, 0.772307395935, 0.588702499866, 0.215759038925, 0.156188562512, 0.251751989126, 0.646888136864, 0.894801557064, 0.581079363823, 0.661155104637]
    chords_key: "A"
    chords_scale: "major"
    key_key: "A"
    key_scale: "major"
    chords_progression: ["A", "E", "E", "E", "E", "E", "E", "E", "E", "E", "E", "E", "E", "E", "E", "E", "E", "E", "E", "E", "E", "E", "E", "E", "E", "A", "A", "A", "A", "A", "A", "A", "A", "A", "A", "A", "A", "A", "A", "A", "A", "A", "A", "A", "A", "A", "A", "A", "A", "A", "A", "A", "A", "A", "A", "A", "A", "A", "A", "A", "A", "A", "A", "A", "A", "A", "A", "A", "A", "A", "A", "A", "A", "A", "A", "A", "A", "A", "A", "A", "A", "A", "A", "F#m", "F#m", "F#m", "F#m", "F#m", "F#m", "F#m", "F#m", "F#m", "F#m", "F#m", "F#m", "F#m", "F#m", "F#m", "F#m", "F#m", "F#m", "F#m", "F#m", "F#m", "F#m", "F#m", "F#m", "B", "B", "B", "B", "B", "B", "B", "B", "B", "B", "B", "B", "B", "B", "B", "B", "B", "B", "B", "B", "B", "B", "B", "B", "B", "B", "B", "B", "G#m", "G#m", "G#m", "G#m", "G#m", "G#m", "G#m", "G#m", "G#m", "G#m", "G#m", "G#m", "G#m", "G#m", "B", "B", "B", "B", "E", "E", "E", "E", "E", "E", "E", "E", "E", "E", "E", "E", "E", "E", "E", "E", "E", "E", "E", "E", "E", "E", "E", "E", "E", "E", "E", "E", "E", "E", "A", "A", "A", "A", "A", "A", "A", "A", "A", "A", "A", "A", "A", "A", "A", "A", "A", "A", "A", "A", "A", "A", "A", "A", "A", "A", "A", "A", "A", "A", "A", "A", "A", "A"]
