
metadata:
    version:
        essentia: "1.2.2"
    audio_properties:
        analysis_sample_rate: 44100
        bitrate: 128
        channels: 2
        equal_loudness: 1
        length: 10.0310201645
        replay_gain: -12.7395591736
        downmix: "mix"
    tags:
        track: 25
        year: 0
        album: "Splitted by Mp3Splt v. 2.1"
        artist: "From 004.00 To 004.10"
        comment: "http://mp3splt.sf.net"
        genre: ""
        title: "13 It Rains in New York Too.mp"

highlevel:
    ballroom:
        all:
            ChaChaCha: 0.328271508217
            Jive: 0.253240227699
            Quickstep: 0.0144733376801
            Rumba-American: 0.00124227209017
            Rumba-International: 0.00386531418189
            Rumba-Misc: 0.0010659173131
            Samba: 0.384623199701
            Tango: 0.00702563114464
            VienneseWaltz: 0.00279124104418
            Waltz: 0.00340135232545
        probability: 0.384623199701
        value: "Samba"
    culture:
        all:
            non_western: 0.0403028652072
            western: 0.959697127342
        probability: 0.959697127342
        value: "western"
    gender:
        all:
            female: 0.587036371231
            male: 0.412963598967
        probability: 0.587036371231
        value: "female"
    genre_dortmund:
        all:
            alternative: 0.0127625754103
            blues: 0.0293629597872
            electronic: 0.387657523155
            folkcountry: 0.00570395449176
            funksoulrnb: 0.0228110142052
            jazz: 0.0845391228795
            pop: 0.0102607160807
            raphiphop: 0.394285291433
            rock: 0.052616853267
        probability: 0.394285291433
        value: "raphiphop"
    genre_electronica:
        all:
            ambient: 0.173383176327
            dnb: 0.156981572509
            house: 0.40429225564
            techno: 0.151209190488
            trance: 0.114133812487
        probability: 0.40429225564
        value: "house"
    genre_rosamerica:
        all:
            cla: 0.113358385861
            dan: 0.12037333101
            hip: 0.569744765759
            jaz: 0.0444451756775
            pop: 0.0313286781311
            rhy: 0.0244148317724
            roc: 0.0882022306323
            spe: 0.0081326207146
        probability: 0.569744765759
        value: "hip"
    genre_tzanetakis:
        all:
            blu: 0.0219070725143
            cla: 0.0135114407167
            cou: 0.0314467959106
            dis: 0.192459017038
            hip: 0.309081017971
            jaz: 0.0826213285327
            met: 0.0974284335971
            pop: 0.0440572984517
            reg: 0.0985488370061
            roc: 0.108938753605
        probability: 0.309081017971
        value: "hip"
    live_studio:
        all:
            live: 0.0397248156369
            studio: 0.960275173187
        probability: 0.960275173187
        value: "studio"
    mood:
        all:
            Cluster1: 0.348036378622
            Cluster2: 0.227414399385
            Cluster3: 0.0136862751096
            Cluster4: 0.114558383822
            Cluster5: 0.296304553747
        probability: 0.348036378622
        value: "Cluster1"
    mood_acoustic:
        all:
            acoustic: 0.0156659353524
            not_acoustic: 0.984334051609
        probability: 0.984334051609
        value: "not_acoustic"
    mood_aggressive:
        all:
            aggressive: 0.643435716629
            not_aggressive: 0.356564283371
        probability: 0.643435716629
        value: "aggressive"
    mood_electronic:
        all:
            electronic: 0.922766149044
            not_electronic: 0.077233850956
        probability: 0.922766149044
        value: "electronic"
    mood_happy:
        all:
            happy: 0.151894912124
            not_happy: 0.848105072975
        probability: 0.848105072975
        value: "not_happy"
    mood_party:
        all:
            not_party: 0.272203624249
            party: 0.727796375751
        probability: 0.727796375751
        value: "party"
    mood_relaxed:
        all:
            not_relaxed: 0.894324481487
            relaxed: 0.10567548871
        probability: 0.894324481487
        value: "not_relaxed"
    mood_sad:
        all:
            not_sad: 0.827771186829
            sad: 0.172228813171
        probability: 0.827771186829
        value: "not_sad"
    rhythm:
        all:
            fast: 0.669118285179
            medium: 0.180790618062
            slow: 0.150091081858
        probability: 0.669118285179
        value: "fast"
    speech_music:
        all:
            music: 0.975398540497
            speech: 0.0246014464647
        probability: 0.975398540497
        value: "music"
    timbre:
        all:
            bright: 0.996395289898
            dark: 0.00360468658619
        probability: 0.996395289898
        value: "bright"
    voice_instrumental:
        all:
            instrumental: 0.994572281837
            voice: 0.00542772421613
        probability: 0.994572281837
        value: "instrumental"

lowlevel:
    average_loudness: 0.978668630123
    barkbands_kurtosis:
        dmean: 1.30236518383
        dmean2: 2.13850522041
        dvar: 2.47646212578
        dvar2: 6.53643226624
        max: 9.38864517212
        mean: 0.113578952849
        min: -1.80193758011
        var: 3.63434386253
    barkbands_skewness:
        dmean: 0.562905490398
        dmean2: 0.858670651913
        dvar: 0.290574967861
        dvar2: 0.675665259361
        max: 3.17933964729
        mean: -0.279339522123
        min: -2.63103818893
        var: 1.21687948704
    barkbands_spread:
        dmean: 5.52975845337
        dmean2: 9.08893680573
        dvar: 34.1366577148
        dvar2: 75.9230728149
        max: 52.2655639648
        mean: 24.8870296478
        min: 7.32006692886
        var: 87.1196517944
    dissonance:
        dmean: 0.0179261211306
        dmean2: 0.0307165645063
        dvar: 0.000281783868559
        dvar2: 0.000763163203374
        max: 0.5
        mean: 0.472728788853
        min: 0.354656845331
        var: 0.000473066145787
    hfc:
        dmean: 3.40809583664
        dmean2: 5.09374380112
        dvar: 35.4748878479
        dvar2: 78.6037063599
        max: 54.3161010742
        mean: 5.15463972092
        min: 0.120154485106
        var: 53.9159049988
    pitch:
        dmean: 681.417480469
        dmean2: 1318.33203125
        dvar: 1328109.5
        dvar2: 2734011.25
        max: 3675
        mean: 1571.5769043
        min: 87.6739578247
        var: 2148243.5
    pitch_instantaneous_confidence:
        dmean: 0.100881040096
        dmean2: 0.165751233697
        dvar: 0.0090456167236
        dvar2: 0.0203845631331
        max: 0.898389816284
        mean: 0.516909837723
        min: 0.175466477871
        var: 0.0247711092234
    pitch_salience:
        dmean: 0.0787065029144
        dmean2: 0.130843937397
        dvar: 0.00569289084524
        dvar2: 0.0156775508076
        max: 0.904264092445
        mean: 0.626334369183
        min: 0.318115770817
        var: 0.0122975958511
    silence_rate_20dB:
        dmean: 0
        dmean2: 0
        dvar: 0
        dvar2: 0
        max: 1
        mean: 1
        min: 1
        var: 0
    silence_rate_30dB:
        dmean: 0
        dmean2: 0
        dvar: 0
        dvar2: 0
        max: 1
        mean: 1
        min: 1
        var: 0
    silence_rate_60dB:
        dmean: 0.18097448349
        dmean2: 0.362790703773
        dvar: 0.148223102093
        dvar2: 0.259080350399
        max: 1
        mean: 0.745370388031
        min: 0
        var: 0.189792722464
    spectral_centroid:
        dmean: 341.726226807
        dmean2: 520.169189453
        dvar: 119094.390625
        dvar2: 263556.25
        max: 3501.30419922
        mean: 1801.16870117
        min: 346.603515625
        var: 484802.5625
    spectral_complexity:
        dmean: 4.62937068939
        dmean2: 6.64953279495
        dvar: 30.4943275452
        dvar2: 60.7369728088
        max: 47
        mean: 8.91162776947
        min: 0
        var: 72.1271514893
    spectral_crest:
        dmean: 2.19364237785
        dmean2: 3.76223945618
        dvar: 4.04296541214
        dvar2: 10.9127235413
        max: 17.8111038208
        mean: 7.80434274673
        min: 2.96335458755
        var: 6.97458076477
    spectral_decrease:
        dmean: 4.54246501524e-10
        dmean2: 7.06199598799e-10
        dvar: 8.04974742214e-19
        dvar2: 2.032674553e-18
        max: -1.33778309611e-11
        mean: -6.29581720091e-10
        min: -6.59883792054e-09
        var: 8.11895659002e-19
    spectral_energy:
        dmean: 0.00200543529354
        dmean2: 0.00307013466954
        dvar: 1.46468937601e-05
        dvar2: 3.63441067748e-05
        max: 0.0298321712762
        mean: 0.00284372922033
        min: 6.13893134869e-05
        var: 1.58638813446e-05
    spectral_energyband_high:
        dmean: 9.46680956986e-05
        dmean2: 0.0001368811063
        dvar: 2.82784462513e-08
        dvar2: 5.50452128323e-08
        max: 0.00120371882804
        mean: 0.0001204608634
        min: 5.57788837341e-07
        var: 4.26834532163e-08
    spectral_energyband_low:
        dmean: 0.000321668281686
        dmean2: 0.000565696100239
        dvar: 1.51909955548e-06
        dvar2: 4.32040178566e-06
        max: 0.00979014486074
        mean: 0.00028325204039
        min: 1.11710896533e-07
        var: 1.04664775336e-06
    spectral_energyband_middle_high:
        dmean: 0.000981537508778
        dmean2: 0.00149508519098
        dvar: 3.22278674503e-06
        dvar2: 7.5504049164e-06
        max: 0.0172618236393
        mean: 0.00159392680507
        min: 2.85856076516e-05
        var: 4.65137964056e-06
    spectral_energyband_middle_low:
        dmean: 0.000823821988888
        dmean2: 0.0014343583025
        dvar: 4.12839654018e-06
        dvar2: 1.1140053175e-05
        max: 0.0150203928351
        mean: 0.000845969479997
        min: 1.62519409059e-05
        var: 3.01859586216e-06
    spectral_flatness_db:
        dmean: 0.0229027774185
        dmean2: 0.0343936756253
        dvar: 0.000487774639623
        dvar2: 0.000991705455817
        max: 0.304760634899
        mean: 0.192409127951
        min: 0.0877390429378
        var: 0.00209124479443
    spectral_flux:
        dmean: 0.0139454510063
        dmean2: 0.0202212184668
        dvar: 0.00039606509381
        dvar2: 0.000814043334685
        max: 0.155160143971
        mean: 0.0322374179959
        min: 0.00482051819563
        var: 0.000668988388497
    spectral_kurtosis:
        dmean: 2.51384878159
        dmean2: 4.35211801529
        dvar: 8.78977394104
        dvar2: 23.969203949
        max: 29.2265319824
        mean: 5.10723686218
        min: 0.488026380539
        var: 9.78964805603
    spectral_rms:
        dmean: 0.000469263846753
        dmean2: 0.000668573135044
        dvar: 4.2683996071e-07
        dvar2: 9.92939021671e-07
        max: 0.00539486389607
        mean: 0.00144208932761
        min: 0.000244728464168
        var: 6.94747086527e-07
    spectral_rolloff:
        dmean: 399.041748047
        dmean2: 630.75177002
        dvar: 304610.65625
        dvar2: 732590.9375
        max: 4780.37109375
        mean: 2915.89355469
        min: 215.33203125
        var: 746859.4375
    spectral_skewness:
        dmean: 0.3053214252
        dmean2: 0.503165364265
        dvar: 0.102021887898
        dvar2: 0.256466984749
        max: 4.01841640472
        mean: 1.27697169781
        min: 0.214668020606
        var: 0.2104947716
    spectral_spread:
        dmean: 559022.5
        dmean2: 727311.375
        dvar: 411375271936
        dvar2: 640297730048
        max: 6962027.5
        mean: 3229703.75
        min: 1702014.625
        var: 1.32800000819e+12
    spectral_strongpeak:
        dmean: 0.489594191313
        dmean2: 0.852243840694
        dvar: 0.344275653362
        dvar2: 0.869967460632
        max: 4.12486505508
        mean: 0.75738376379
        min: 0.0176670942456
        var: 0.547397911549
    zerocrossingrate:
        dmean: 0.00996253080666
        dmean2: 0.0110639054328
        dvar: 7.37993032089e-05
        dvar2: 8.49461866892e-05
        max: 0.1474609375
        mean: 0.0970283001661
        min: 0.01904296875
        var: 0.000693689391483
    barkbands:
        dmean: [2.10084863284e-06, 7.70844781073e-05, 0.000258458778262, 0.00017728000239, 0.000304654851789, 8.29726559459e-05, 0.000104752318293, 0.000100643846963, 0.000135237307404, 5.6288237829e-05, 1.27350667753e-05, 2.80551648757e-05, 4.94701926073e-05, 1.98852158064e-05, 4.43988174084e-05, 7.08782390575e-05, 0.000148337261635, 0.000296811078442, 0.000387906242395, 9.15807468118e-05, 4.49197068519e-05, 1.55586094479e-05, 3.31967521561e-06, 1.11308645501e-06, 5.63885919291e-07, 9.60064809874e-08, 1.7815128539e-10]
        dmean2: [2.75433149e-06, 0.000135570648126, 0.000459580041934, 0.000315825367579, 0.000539683736861, 0.000143356257468, 0.000177384252311, 0.000173973690835, 0.000240355468122, 0.000100871176983, 2.018707346e-05, 4.9184760428e-05, 7.80299305916e-05, 3.21700208588e-05, 6.96699498803e-05, 0.000111345820187, 0.000244667287916, 0.000484918127768, 0.000603392836638, 0.000140286370879, 6.86097482685e-05, 2.40611771005e-05, 5.39806433153e-06, 1.72817829025e-06, 8.3123609329e-07, 1.55743293817e-07, 3.01214109211e-10]
        dvar: [5.41879943694e-11, 7.14657204526e-08, 1.02572278138e-06, 1.81521642162e-07, 8.99683584521e-07, 3.37692931396e-08, 3.87721961204e-08, 6.378709827e-08, 1.83930183084e-07, 2.23523439757e-08, 1.0350840185e-09, 7.66800489771e-09, 6.59461774077e-09, 2.43733810912e-09, 7.23940329905e-09, 1.74646590523e-08, 9.17210343232e-08, 3.79198354494e-07, 3.78999942541e-07, 2.11826218788e-08, 5.80003423067e-09, 1.07570796715e-09, 6.56695808843e-11, 6.19302005511e-12, 1.42439521549e-12, 4.67142973338e-14, 1.59553239844e-19]
        dvar2: [1.0646556553e-10, 1.92811043576e-07, 2.91604351332e-06, 4.8756015758e-07, 2.49680078923e-06, 9.63168815815e-08, 1.00825097604e-07, 1.76787722239e-07, 5.00981172991e-07, 6.10054016192e-08, 2.47449394308e-09, 2.13704520746e-08, 1.8388181644e-08, 5.59766899499e-09, 1.60439395103e-08, 4.31380016153e-08, 2.43135701794e-07, 9.49167031195e-07, 8.51540050917e-07, 4.23110293468e-08, 1.28236585795e-08, 2.25485141669e-09, 1.73818820448e-10, 1.42538047337e-11, 3.10074231916e-12, 1.18259582357e-13, 3.5241039966e-19]
        max: [8.02519061835e-05, 0.00275271898136, 0.00775142852217, 0.00259280810133, 0.00715456344187, 0.00204568402842, 0.0022842718754, 0.00217365846038, 0.00316044082865, 0.00140386633575, 0.000289122719551, 0.00087481259834, 0.00104317162186, 0.000414282520069, 0.000720462470781, 0.0012361422414, 0.00320694642141, 0.00541278719902, 0.00495656440035, 0.00105169240851, 0.000460840878077, 0.000197859568289, 5.01063695992e-05, 1.67899288499e-05, 7.96978201834e-06, 1.07538210159e-06, 4.91881646525e-09]
        mean: [2.7403018521e-06, 9.60871548159e-05, 0.000184545599041, 0.000136713904794, 0.000240635548835, 0.000104667211417, 0.000130654050736, 0.000110938228318, 0.000112328052637, 6.44003084744e-05, 1.64050852618e-05, 2.59095686488e-05, 0.000160073075676, 2.12384693441e-05, 6.96087372489e-05, 0.000101319776149, 0.000252243160503, 0.000352011993527, 0.000463057047455, 0.000117714451335, 6.03500957368e-05, 1.5674799215e-05, 2.83877170659e-06, 9.71417421169e-07, 5.30110924046e-07, 7.32306588702e-08, 1.66069089036e-10]
        min: [2.23721258533e-12, 3.72284958416e-09, 5.44321885343e-08, 8.98159910889e-08, 3.49518558096e-07, 3.33728934265e-07, 9.49677030349e-07, 5.38327810773e-07, 4.64078908635e-07, 6.54565326386e-07, 1.04013786029e-07, 2.19909907173e-07, 2.76050428738e-07, 1.91264717841e-07, 1.58930231464e-06, 1.42972805861e-06, 2.05695801014e-06, 4.11779910792e-06, 2.41672887569e-06, 9.22954143334e-07, 1.61073558047e-07, 1.36162494613e-08, 1.11208475762e-09, 1.49195100718e-10, 2.19929174698e-12, 4.43414077157e-13, 5.44754874348e-14]
        var: [8.19558101939e-11, 7.81867441901e-08, 6.32370188214e-07, 1.32255934204e-07, 5.83888549954e-07, 2.67657966901e-08, 4.90082818771e-08, 5.53368124656e-08, 1.32436639433e-07, 1.72346048544e-08, 1.13726672524e-09, 5.07166930674e-09, 3.64255647867e-08, 2.498049545e-09, 9.43296374345e-09, 2.26539977888e-08, 1.02869130103e-07, 4.29718937767e-07, 6.03132036758e-07, 3.38806245281e-08, 7.5159594104e-09, 1.36151168117e-09, 5.12166628552e-11, 6.32151232402e-12, 1.72679275393e-12, 3.93392627772e-14, 1.63886735675e-19]
    mfcc:
        mean: [-783.562805176, 129.144454956, -86.2700958252, 66.5645294189, -23.5528888702, -11.6586103439, -11.1100435257, -3.98223686218, -10.7120914459, -6.23696804047, 1.02215480804, 3.38285541534, -10.1310462952]
        cov: [[5054.07714844, -1479.87133789, 1201.09838867, -408.990966797, 274.461090088, -89.4849777222, 117.367424011, 154.651412964, 125.590209961, 48.5933761597, 95.4433517456, -123.877548218, 87.227684021], [-1479.87133789, 1063.44494629, -259.618865967, 215.354598999, 11.6531124115, 108.597366333, -15.4005632401, -120.425094604, -26.7646007538, -23.7693824768, -36.2354850769, 76.618347168, -39.4187660217], [1201.09838867, -259.618865967, 1256.52331543, -13.4772920609, 513.781555176, 283.794891357, 258.552368164, 112.527236938, 150.845184326, 26.388048172, 76.5189971924, -7.52336025238, 181.40296936], [-408.990966797, 215.354598999, -13.4772920609, 213.760055542, 57.8203582764, 50.1724128723, 19.7467842102, 10.2560396194, -3.85699868202, 21.041934967, -14.6733341217, 11.6509065628, -25.4172973633], [274.461090088, 11.6531124115, 513.781555176, 57.8203582764, 345.12286377, 212.103225708, 182.628234863, 62.2928276062, 107.132324219, -3.39072656631, 43.8793563843, 36.1992149353, 68.5115890503], [-89.4849777222, 108.597366333, 283.794891357, 50.1724128723, 212.103225708, 257.651580811, 143.825317383, 35.1071014404, 67.6430969238, -16.9613704681, 20.5987472534, 60.1110420227, 52.3198509216], [117.367424011, -15.4005632401, 258.552368164, 19.7467842102, 182.628234863, 143.825317383, 179.664413452, 52.4768676758, 81.6413726807, -12.3267650604, 31.2294521332, 28.8189926147, 22.2940044403], [154.651412964, -120.425094604, 112.527236938, 10.2560396194, 62.2928276062, 35.1071014404, 52.4768676758, 92.8707962036, 37.4801940918, 5.81350183487, 14.1427373886, 3.60025477409, 11.8666772842], [125.590209961, -26.7646007538, 150.845184326, -3.85699868202, 107.132324219, 67.6430969238, 81.6413726807, 37.4801940918, 107.399032593, 4.9681634903, 13.7895812988, 14.6740922928, 21.5973396301], [48.5933761597, -23.7693824768, 26.388048172, 21.041934967, -3.39072656631, -16.9613704681, -12.3267650604, 5.81350183487, 4.9681634903, 75.2946395874, 2.56902432442, -21.4339542389, 8.33202838898], [95.4433517456, -36.2354850769, 76.5189971924, -14.6733341217, 43.8793563843, 20.5987472534, 31.2294521332, 14.1427373886, 13.7895812988, 2.56902432442, 62.7077217102, 27.5612201691, 22.295583725], [-123.877548218, 76.618347168, -7.52336025238, 11.6509065628, 36.1992149353, 60.1110420227, 28.8189926147, 3.60025477409, 14.6740922928, -21.4339542389, 27.5612201691, 97.8363723755, 15.3512706757], [87.227684021, -39.4187660217, 181.40296936, -25.4172973633, 68.5115890503, 52.3198509216, 22.2940044403, 11.8666772842, 21.5973396301, 8.33202838898, 22.295583725, 15.3512706757, 107.543640137]]
        icov: [[0.000499663350638, 0.000502681126818, -0.000550198485143, 0.000442060030764, -0.000143804005347, 0.000364321080269, 0.000244657188887, 0.000238105421886, -0.000131750901346, -0.000132255183416, -1.21135717563e-05, -0.000226258096518, 0.00072041596286], [0.000502681126818, 0.00232340116054, -0.000120179633086, -0.00120366329793, -0.000460043287603, -0.000521600828506, 0.000501777802128, 0.00276950350963, -0.000504572002683, 0.000219917244976, 0.000319291575579, -0.000874847173691, 0.000642326951493], [-0.000550198485143, -0.000120179633086, 0.00365123013034, 0.000254936981946, -0.00437709875405, -0.000456207286334, -0.000401688710554, -0.000390381086618, 0.000963256868999, -0.000558952626307, -0.0001010988708, 0.00190652557649, -0.0029609433841], [0.000442060030764, -0.00120366329793, 0.000254936981946, 0.00867238268256, -0.0037153866142, 0.000290997209959, 0.000660120276734, -0.00303641450591, 0.00266774231568, -0.00364901171997, 0.00209884624928, -0.000602880492806, 0.00264135049656], [-0.000143804005347, -0.000460043287603, -0.00437709875405, -0.0037153866142, 0.0167472716421, -0.00414915010333, -0.00428746268153, 0.000272587727522, -0.00456595001742, 0.00195350381546, -0.00286346115172, -0.000198471097974, 4.89921258122e-05], [0.000364321080269, -0.000521600828506, -0.000456207286334, 0.000290997209959, -0.00414915010333, 0.0117167048156, -0.00502629764378, -0.000222948088776, 0.00126845098566, 0.000133409615955, 0.00369521207176, -0.00425313506275, -0.00206277263351], [0.000244657188887, 0.000501777802128, -0.000401688710554, 0.000660120276734, -0.00428746268153, -0.00502629764378, 0.0175364948809, -0.00250352593139, -0.00516836252064, 0.00200660037808, -0.0038449333515, 0.00105263665318, 0.00416593719274], [0.000238105421886, 0.00276950350963, -0.000390381086618, -0.00303641450591, 0.000272587727522, -0.000222948088776, -0.00250352593139, 0.0175697747618, -0.00334418402053, -7.9515586549e-05, -0.000858508108649, -0.000719884526916, 0.000236442661844], [-0.000131750901346, -0.000504572002683, 0.000963256868999, 0.00266774231568, -0.00456595001742, 0.00126845098566, -0.00516836252064, -0.00334418402053, 0.0170939788222, -0.00317152380012, 0.00275088520721, -0.00135141424835, -0.00090485002147], [-0.000132255183416, 0.000219917244976, -0.000558952626307, -0.00364901171997, 0.00195350381546, 0.000133409615955, 0.00200660037808, -7.9515586549e-05, -0.00317152380012, 0.0168041400611, -0.00329662882723, 0.00406008400023, -0.00200941343792], [-1.21135717563e-05, 0.000319291575579, -0.0001010988708, 0.00209884624928, -0.00286346115172, 0.00369521207176, -0.0038449333515, -0.000858508108649, 0.00275088520721, -0.00329662882723, 0.0235204324126, -0.00796578638256, -0.00232443050481], [-0.000226258096518, -0.000874847173691, 0.00190652557649, -0.000602880492806, -0.000198471097974, -0.00425313506275, 0.00105263665318, -0.000719884526916, -0.00135141424835, 0.00406008400023, -0.00796578638256, 0.0169299673289, -0.00224711326882], [0.00072041596286, 0.000642326951493, -0.0029609433841, 0.00264135049656, 4.89921258122e-05, -0.00206277263351, 0.00416593719274, 0.000236442661844, -0.00090485002147, -0.00200941343792, -0.00232443050481, -0.00224711326882, 0.0157910883427]]
    spectral_contrast:
        mean: [1.04620013985e-07, 9.1607489594e-08, -2.78980934354e-07, -2.40871429469e-07, -3.70831003238e-07, 1.36137700224e-07, 3.51424830569e-07, 3.94464933606e-07, 1.56344367497e-06, 3.28518609649e-07, 1.7656836917e-06, -2.7583089377e-06]
        var: [0.000440721894847, 0.000665973464493, 0.00106015556958, 0.00235151755624, 0.00344557734206, 0.00676635513082, 0.039659127593, 0.0736650004983, 0.118902690709, 0.340756118298, 1.12634778023, 3.85975122452]

rhythm:
    beats_loudness:
        dmean: 0.00696436595172
        dmean2: 0.0118757728487
        dvar: 7.25163181414e-06
        dvar2: 2.98038903566e-05
        max: 0.0168436467648
        mean: 0.0107301985845
        min: 0.00295824045315
        var: 2.11680708162e-05
    beats_loudness_bass:
        dmean: 0.662363052368
        dmean2: 1.33988547325
        dvar: 0.0198655817658
        dvar2: 0.0556248351932
        max: 0.794324755669
        mean: 0.315163582563
        min: 0.00351561722346
        var: 0.11848565191
    bpm: 90.4046325684
    bpm_confidence: 0
    first_peak_bpm: 90
    first_peak_spread: 0.0714285969734
    first_peak_weight: 0.928571403027
    onset_rate: 4.78515625
    second_peak_bpm: 0
    second_peak_spread: 0
    second_peak_weight: 0
    beats_position: [0.220886781812, 0.884307861328, 1.54772889614, 2.21114993095, 2.87457084656, 3.53799200058, 4.2014131546, 4.86483430862, 5.52825546265, 6.21476697922, 6.87871217728, 7.54265880585, 8.20660400391, 8.87055015564, 9.53449630737]
    bpm_estimates: [90.4876403809, 90.4239196777, 90.4472198486, 90.4455108643, 90.4652175903, 90.385093689, 90.406463623, 90.1824111938, 90.5389633179, 90.5085906982, 90.5533447266, 90.391784668, 90.3770065308, 90.4432601929, 90.4853744507, 90.4711151123, 90.3559036255, 90.2002563477, 90.2950286865, 90.4349899292, 90.2690124512, 90.3341293335]
    bpm_intervals: [0.663421094418, 0.663421034813, 0.663421034813, 0.663420915604, 0.663421154022, 0.663421154022, 0.663421154022, 0.663421154022, 0.686511516571, 0.663945198059, 0.663946628571, 0.663945198059, 0.663946151733, 0.663946151733]
    onset_times: [0.0580498874187, 0.220589563251, 0.557278931141, 0.731428563595, 0.882358253002, 1.05650794506, 1.20743763447, 1.54412698746, 1.88081634045, 2.07818603516, 2.21750569344, 2.40326523781, 2.53097510338, 2.7863945961, 2.87927436829, 3.21596360207, 3.40172338486, 3.55265307426, 3.72680282593, 3.87773251534, 4.21442174911, 4.55111122131, 4.73687076569, 4.88780021667, 5.07356023788, 5.20126962662, 5.54956912994, 5.89786863327, 6.06040811539, 6.22294807434, 6.38548755646, 6.53641700745, 6.78022670746, 6.87310647964, 7.20979595184, 7.40716552734, 7.55809545517, 7.73224496841, 7.87156438828, 8.11537456512, 8.20825386047, 8.55655288696, 8.73070335388, 8.88163280487, 9.06739234924, 9.2067117691, 9.54340171814, 9.8800907135]
    rubato_start: []
    rubato_stop: []
    perceptual_tempo: "unknown"

sfx:
    inharmonicity:
        dmean: 0.0641155689955
        dmean2: 0.114268541336
        dvar: 0.00444080913439
        dvar2: 0.012977335602
        max: 0.421822041273
        mean: 0.0676555335522
        min: 0
        var: 0.00505879335105
    oddtoevenharmonicenergyratio:
        dmean: 3.23667931557
        dmean2: 6.18841934204
        dvar: 184.264587402
        dvar2: 546.608520508
        max: 189.851806641
        mean: 2.0880689621
        min: 0
        var: 99.1582107544
    pitch_after_max_to_before_max_energy_ratio: 6.07052469254
    pitch_centroid: 222.646438599
    pitch_max_to_total: 0.181395351887
    pitch_min_to_total: 0.330232560635
    tristimulus:
        dmean: [0.19037887454, 0.297866731882, 0.161243826151]
        dmean2: [0.324609160423, 0.517476916313, 0.288299649954]
        dvar: [0.0270084440708, 0.052608281374, 0.0243544038385]
        dvar2: [0.0728547349572, 0.159960001707, 0.0714388936758]
        max: [1, 0.987126469612, 0.817226469517]
        mean: [0.321005135775, 0.448895096779, 0.142908528447]
        min: [0.0128734894097, 0, 0]
        var: [0.048875104636, 0.0721020177007, 0.0264067538083]

tonal:
    chords_changes_rate: 0.050925925374
    chords_number_rate: 0.0277777779847
    chords_strength:
        dmean: 0.00870994199067
        dmean2: 0.0090140523389
        dvar: 3.97342009819e-05
        dvar2: 5.1270439144e-05
        max: 0.561742544174
        mean: 0.416255682707
        min: 0.306476682425
        var: 0.00314637250267
    key_strength: 0.487673640251
    tuning_diatonic_strength: 0.411294490099
    tuning_equal_tempered_deviation: 0.0508632361889
    tuning_frequency: 438.731048584
    tuning_nontempered_energy_ratio: 0.689619243145
    hpcp:
        dmean: [0.240091204643, 0.189642354846, 0.1064741835, 0.109732799232, 0.105317436159, 0.12870170176, 0.129043325782, 0.105436980724, 0.100175127387, 0.125699654222, 0.100199244916, 0.0700547546148, 0.065050676465, 0.0626502260566, 0.111837752163, 0.155441746116, 0.124639585614, 0.0964020192623, 0.125893428922, 0.131823122501, 0.142141491175, 0.180631116033, 0.143611177802, 0.140805512667, 0.148062974215, 0.134334474802, 0.123166210949, 0.12280344218, 0.13406252861, 0.179475203156, 0.204135671258, 0.21701708436, 0.186492010951, 0.147591993213, 0.154233127832, 0.196049705148]
        dmean2: [0.412832766771, 0.324864923954, 0.180865868926, 0.193610221148, 0.180847808719, 0.221681058407, 0.229620456696, 0.185667574406, 0.177098333836, 0.209456697106, 0.163761511445, 0.117933042347, 0.110359825194, 0.104515701532, 0.184154704213, 0.248415917158, 0.20234708488, 0.161791369319, 0.216771110892, 0.222533345222, 0.241939648986, 0.323199361563, 0.25066369772, 0.247133165598, 0.262359142303, 0.241244629025, 0.216024458408, 0.212594985962, 0.231307312846, 0.296166062355, 0.334960728884, 0.35478413105, 0.303348332644, 0.246007069945, 0.258364111185, 0.34573033452]
        dvar: [0.0508484318852, 0.0366672277451, 0.0151147022843, 0.0271426774561, 0.0171681586653, 0.0335693061352, 0.0386819317937, 0.0328302830458, 0.0197086576372, 0.0348134636879, 0.0254404302686, 0.0064263632521, 0.00530587229878, 0.00445844139904, 0.0132663538679, 0.0275041628629, 0.0175880324095, 0.0124098211527, 0.0250449273735, 0.0284041650593, 0.0237404908985, 0.0449360869825, 0.0266044698656, 0.0359467491508, 0.0429046414793, 0.0359649918973, 0.0242854319513, 0.0254400186241, 0.0254817474633, 0.0295021403581, 0.0497936196625, 0.0526478886604, 0.037620652467, 0.0292867124081, 0.0346505530179, 0.0378250218928]
        dvar2: [0.127195492387, 0.0988182798028, 0.042866230011, 0.0871790498495, 0.0490896068513, 0.093080535531, 0.111019507051, 0.0920067280531, 0.0478405989707, 0.0903710275888, 0.0655653253198, 0.0172292776406, 0.0144089050591, 0.0108366571367, 0.0358359441161, 0.0698891431093, 0.0452038012445, 0.0316032469273, 0.0651202946901, 0.0733712613583, 0.0675346180797, 0.103953316808, 0.0803872346878, 0.114577628672, 0.12330018729, 0.0971601977944, 0.0613981448114, 0.0660307705402, 0.0668430924416, 0.0649315714836, 0.103456832469, 0.103808641434, 0.0888695195317, 0.0639310255647, 0.0943194404244, 0.0987000837922]
        max: [1, 1, 0.916407227516, 1, 0.75668233633, 1, 1, 1, 1, 1, 1, 0.592661678791, 0.588504731655, 0.580510616302, 0.700175464153, 1, 0.971832811832, 0.734125852585, 0.949316263199, 1, 1, 1, 1, 1, 1, 1, 0.790882527828, 1, 1, 1, 1, 1, 1, 1, 1, 1]
        mean: [0.449914932251, 0.328288823366, 0.155407130718, 0.137188062072, 0.139012426138, 0.155178248882, 0.144028529525, 0.107107333839, 0.116536192596, 0.16344204545, 0.139322981238, 0.110017187893, 0.106108486652, 0.0949617698789, 0.179580911994, 0.268877744675, 0.209965363145, 0.133864700794, 0.1577039361, 0.160656094551, 0.349573165178, 0.553633153439, 0.342912822962, 0.179870441556, 0.209519252181, 0.162727385759, 0.136065647006, 0.15177834034, 0.215312674642, 0.375949144363, 0.452213466167, 0.362810730934, 0.261629521847, 0.204993799329, 0.200487881899, 0.313950389624]
        min: [0.0165557637811, 0.0156735219061, 0.00406949967146, 0.00165409094188, 0.00232286937535, 0.00261978758499, 0.00299950549379, 0.00279155187309, 0.00254069035873, 0.00288756773807, 0.00181506236549, 0.00247262232006, 0.00211564684287, 0.00131856324151, 0.00305138970725, 0.00967657007277, 0.0121637908742, 0.00493831280619, 0.00234936387278, 0.00104385614395, 0.00143046013545, 0.0038757645525, 0.00622175680473, 0.00309586548246, 0.00225273193792, 0.00268292799592, 0.00308209331706, 0.00453577330336, 0.00454053934664, 0.0111757107079, 0.0189916249365, 0.00411418266594, 0.00380345806479, 0.00207323557697, 0.00314995227382, 0.0117689725012]
        var: [0.0895059406757, 0.0586767494678, 0.0215842090547, 0.0257758423686, 0.0220161508769, 0.0369194597006, 0.0310769435018, 0.0224419664592, 0.019669663161, 0.0536424145103, 0.0397850349545, 0.0113749690354, 0.0107018342242, 0.00801836140454, 0.023682769388, 0.0616573505104, 0.0311098173261, 0.0154560040683, 0.0336663760245, 0.0362977199256, 0.0413463041186, 0.139515206218, 0.0405396558344, 0.0389090441167, 0.0536007732153, 0.0325406342745, 0.0235945954919, 0.0271539650857, 0.0382723808289, 0.0825343802571, 0.12278341502, 0.106109060347, 0.0673577412963, 0.0528220199049, 0.0458168946207, 0.0474142618477]
    chords_histogram: [47.6851844788, 21.2962970734, 6.48148155212, 0, 0, 0, 0, 0, 0, 0, 0, 0, 0, 0, 0, 0, 0, 0, 2.31481480598, 0, 15.2777776718, 0, 6.94444465637, 0]
    thpcp: [1, 0.61938637495, 0.324891030788, 0.378444194794, 0.293926388025, 0.245768606663, 0.274149656296, 0.388908565044, 0.67905819416, 0.816810667515, 0.655326962471, 0.472568392754, 0.370270103216, 0.362131267786, 0.567072927952, 0.812658965588, 0.592971742153, 0.280704170465, 0.247795969248, 0.251091212034, 0.280290752649, 0.260151565075, 0.193462640047, 0.210493519902, 0.295217216015, 0.251652151346, 0.198718562722, 0.191658481956, 0.171524718404, 0.324368059635, 0.485660493374, 0.379249989986, 0.241793140769, 0.284852772951, 0.29018509388, 0.631416618824]
    chords_key: "A"
    chords_scale: "minor"
    key_key: "A"
    key_scale: "minor"
    chords_progression: ["Am", "Am", "Am", "Am", "Am", "Am", "Am", "Am", "Am", "Am", "Am", "Am", "Am", "Am", "Am", "Am", "Am", "Em", "Em", "Em", "Em", "Em", "Em", "Em", "Em", "Em", "Em", "Em", "Em", "Em", "Em", "C", "Am", "Am", "Am", "Am", "Am", "Am", "Am", "Am", "Am", "Am", "Am", "Am", "Am", "Am", "Am", "Am", "Am", "Am", "Am", "Am", "C", "C", "C", "C", "Am", "Am", "Am", "Am", "Am", "Am", "Am", "Am", "Am", "Am", "Am", "Am", "C", "C", "C", "C", "C", "C", "C", "C", "C", "C", "C", "C", "C", "Cm", "Cm", "Cm", "Cm", "Cm", "C", "C", "C", "C", "C", "C", "C", "C", "C", "C", "C", "C", "C", "C", "C", "C", "C", "C", "C", "C", "C", "C", "C", "C", "C", "C", "C", "C", "Am", "Am", "Am", "Am", "Am", "Am", "Am", "Am", "Am", "Am", "Am", "Am", "Am", "Am", "Am", "Am", "Am", "Am", "Am", "Am", "Am", "Am", "Am", "Am", "Am", "Am", "Am", "Am", "Am", "Am", "Am", "Am", "Am", "Am", "Am", "Am", "Am", "Am", "Am", "Am", "Am", "Am", "Am", "Am", "Am", "Am", "Am", "Am", "Am", "Am", "Am", "Am", "Am", "Am", "Dm", "Dm", "Dm", "Dm", "Dm", "Dm", "Dm", "Dm", "Dm", "Dm", "Dm", "Dm", "Dm", "Dm", "Dm", "Gm", "Gm", "Gm", "Gm", "Gm", "Gm", "Gm", "Gm", "Gm", "Gm", "Gm", "Gm", "Gm", "Gm", "Gm", "Gm", "Gm", "Gm", "Gm", "Gm", "Gm", "Gm", "Gm", "Gm", "Gm", "Gm", "Gm", "Gm", "Gm", "Gm", "Gm", "Gm", "Gm"]
