
metadata:
    version:
        essentia: "1.2.2"
    audio_properties:
        analysis_sample_rate: 44100
        bitrate: 128
        channels: 2
        equal_loudness: 1
        length: 10.0310201645
        replay_gain: -12.5173282623
        downmix: "mix"
    tags:
        track: 21
        year: 0
        album: "Splitted by Mp3Splt v. 2.1"
        artist: "From 003.20 To 003.30"
        comment: "http://mp3splt.sf.net"
        genre: ""
        title: "10 Track 10.mp3"

highlevel:
    ballroom:
        all:
            ChaChaCha: 0.0166682768613
            Jive: 0.0731166824698
            Quickstep: 0.0427209250629
            Rumba-American: 0.0186207536608
            Rumba-International: 0.0113626904786
            Rumba-Misc: 0.0142806796357
            Samba: 0.0243841540068
            Tango: 0.0413530357182
            VienneseWaltz: 0.594771742821
            Waltz: 0.162721052766
        probability: 0.594771742821
        value: "VienneseWaltz"
    culture:
        all:
            non_western: 0.0185084082186
            western: 0.981491565704
        probability: 0.981491565704
        value: "western"
    gender:
        all:
            female: 0.721879005432
            male: 0.278120994568
        probability: 0.721879005432
        value: "female"
    genre_dortmund:
        all:
            alternative: 0.211006835103
            blues: 0.00551205594093
            electronic: 0.258617073298
            folkcountry: 0.156640172005
            funksoulrnb: 0.0358595103025
            jazz: 0.0294554363936
            pop: 0.124701611698
            raphiphop: 0.00181596865878
            rock: 0.176391333342
        probability: 0.258617073298
        value: "electronic"
    genre_electronica:
        all:
            ambient: 0.852452516556
            dnb: 0.0341705679893
            house: 0.00798830483109
            techno: 0.00241988128982
            trance: 0.102968752384
        probability: 0.852452516556
        value: "ambient"
    genre_rosamerica:
        all:
            cla: 0.327856570482
            dan: 0.0129405902699
            hip: 0.00341078219935
            jaz: 0.0153124313802
            pop: 0.0577871762216
            rhy: 0.0314241051674
            roc: 0.548526585102
            spe: 0.00274172634818
        probability: 0.548526585102
        value: "roc"
    genre_tzanetakis:
        all:
            blu: 0.0582229308784
            cla: 0.518135488033
            cou: 0.0665636137128
            dis: 0.0511721819639
            hip: 0.00618394510821
            jaz: 0.0239960290492
            met: 0.0341316573322
            pop: 0.0493845567107
            reg: 0.0141850812361
            roc: 0.178024545312
        probability: 0.518135488033
        value: "cla"
    live_studio:
        all:
            live: 0.147936716676
            studio: 0.852063298225
        probability: 0.852063298225
        value: "studio"
    mood:
        all:
            Cluster1: 0.123671971262
            Cluster2: 0.284989982843
            Cluster3: 0.306056529284
            Cluster4: 0.217669904232
            Cluster5: 0.0676116347313
        probability: 0.306056529284
        value: "Cluster3"
    mood_acoustic:
        all:
            acoustic: 0.24023835361
            not_acoustic: 0.759761631489
        probability: 0.759761631489
        value: "not_acoustic"
    mood_aggressive:
        all:
            aggressive: 0.0253942366689
            not_aggressive: 0.974605739117
        probability: 0.974605739117
        value: "not_aggressive"
    mood_electronic:
        all:
            electronic: 0.462442159653
            not_electronic: 0.537557840347
        probability: 0.537557840347
        value: "not_electronic"
    mood_happy:
        all:
            happy: 0.90211212635
            not_happy: 0.0978878736496
        probability: 0.90211212635
        value: "happy"
    mood_party:
        all:
            not_party: 0.881801784039
            party: 0.118198208511
        probability: 0.881801784039
        value: "not_party"
    mood_relaxed:
        all:
            not_relaxed: 0.259623169899
            relaxed: 0.740376830101
        probability: 0.740376830101
        value: "relaxed"
    mood_sad:
        all:
            not_sad: 0.228916868567
            sad: 0.771083116531
        probability: 0.771083116531
        value: "sad"
    rhythm:
        all:
            fast: 0.27434772253
            medium: 0.216392248869
            slow: 0.509260058403
        probability: 0.509260058403
        value: "slow"
    speech_music:
        all:
            music: 0.0162056963891
            speech: 0.983794331551
        probability: 0.983794331551
        value: "speech"
    timbre:
        all:
            bright: 0.926099359989
            dark: 0.0739006623626
        probability: 0.926099359989
        value: "bright"
    voice_instrumental:
        all:
            instrumental: 0.732172369957
            voice: 0.267827600241
        probability: 0.732172369957
        value: "instrumental"

lowlevel:
    average_loudness: 0.956403553486
    barkbands_kurtosis:
        dmean: 0.45645660162
        dmean2: 0.744434297085
        dvar: 0.420217096806
        dvar2: 1.05946433544
        max: 11.5493144989
        mean: -0.502126336098
        min: -1.61407470703
        var: 1.55852687359
    barkbands_skewness:
        dmean: 0.266112655401
        dmean2: 0.436893343925
        dvar: 0.0409953296185
        dvar2: 0.0948551297188
        max: 2.14630556107
        mean: 0.100905299187
        min: -1.80173957348
        var: 0.238529607654
    barkbands_spread:
        dmean: 2.49714136124
        dmean2: 4.0711479187
        dvar: 3.93733096123
        dvar2: 11.0101213455
        max: 34.8399887085
        mean: 18.319814682
        min: 3.4326133728
        var: 38.9092788696
    dissonance:
        dmean: 0.0212417431176
        dmean2: 0.0348820909858
        dvar: 0.000439581199316
        dvar2: 0.00119547755457
        max: 0.4992441535
        mean: 0.455904841423
        min: 0.324576944113
        var: 0.000910839647986
    hfc:
        dmean: 1.48041009903
        dmean2: 2.31622338295
        dvar: 2.38416337967
        dvar2: 4.84920358658
        max: 23.1217575073
        mean: 9.2759809494
        min: 2.35504031181
        var: 13.8992815018
    pitch:
        dmean: 222.828323364
        dmean2: 424.030059814
        dvar: 392621.5
        dvar2: 1081653.5
        max: 3392.30761719
        mean: 434.221740723
        min: 108.620689392
        var: 349898.59375
    pitch_instantaneous_confidence:
        dmean: 0.0693353936076
        dmean2: 0.112475179136
        dvar: 0.00352030340582
        dvar2: 0.00977188628167
        max: 0.898039102554
        mean: 0.530885696411
        min: 0.20408564806
        var: 0.0264372024685
    pitch_salience:
        dmean: 0.0483710467815
        dmean2: 0.0778007432818
        dvar: 0.00161236245185
        dvar2: 0.00415718229488
        max: 0.752032399178
        mean: 0.601340830326
        min: 0.421586483717
        var: 0.00491878343746
    silence_rate_20dB:
        dmean: 0
        dmean2: 0
        dvar: 0
        dvar2: 0
        max: 1
        mean: 1
        min: 1
        var: 0
    silence_rate_30dB:
        dmean: 0
        dmean2: 0
        dvar: 0
        dvar2: 0
        max: 1
        mean: 1
        min: 1
        var: 0
    silence_rate_60dB:
        dmean: 0.0440835282207
        dmean2: 0.0883720964193
        dvar: 0.0421402975917
        dvar2: 0.103817820549
        max: 1
        mean: 0.233796298504
        min: 0
        var: 0.179134681821
    spectral_centroid:
        dmean: 144.044967651
        dmean2: 237.468215942
        dvar: 12707.4511719
        dvar2: 31911.1621094
        max: 2560.6418457
        mean: 1730.62402344
        min: 1268.08374023
        var: 58740.8984375
    spectral_complexity:
        dmean: 2.59207463264
        dmean2: 4.19859790802
        dvar: 3.36506414413
        dvar2: 9.5002746582
        max: 24
        mean: 14.9093027115
        min: 7
        var: 12.6080665588
    spectral_crest:
        dmean: 1.93764185905
        dmean2: 3.17537260056
        dvar: 3.07432627678
        dvar2: 6.9634718895
        max: 22.227022171
        mean: 7.95251655579
        min: 3.03116869926
        var: 12.26516819
    spectral_decrease:
        dmean: 2.27824717425e-10
        dmean2: 3.45693057513e-10
        dvar: 6.12874142465e-20
        dvar2: 1.27000438641e-19
        max: -2.60387988948e-10
        mean: -1.24914512067e-09
        min: -3.6672884729e-09
        var: 3.49914795752e-19
    spectral_energy:
        dmean: 0.000972349953372
        dmean2: 0.00148461782373
        dvar: 1.1297971696e-06
        dvar2: 2.29788020079e-06
        max: 0.0156411789358
        mean: 0.00555591844022
        min: 0.00121399411
        var: 6.52179323879e-06
    spectral_energyband_high:
        dmean: 5.4269170505e-05
        dmean2: 8.99125370779e-05
        dvar: 3.4172580321e-09
        dvar2: 8.95580054561e-09
        max: 0.000687691092025
        mean: 0.000193766623852
        min: 3.16800033033e-05
        var: 1.13859526252e-08
    spectral_energyband_low:
        dmean: 3.28561725382e-07
        dmean2: 5.68144798763e-07
        dvar: 1.08692494295e-13
        dvar2: 2.96576538284e-13
        max: 3.02196622215e-06
        mean: 4.39332097812e-07
        min: 5.43569411704e-09
        var: 1.41772634214e-13
    spectral_energyband_middle_high:
        dmean: 0.000834368169308
        dmean2: 0.00128576077987
        dvar: 9.38741891332e-07
        dvar2: 1.8964216224e-06
        max: 0.0145886000246
        mean: 0.00410239119083
        min: 0.0008406151901
        var: 5.28117197973e-06
    spectral_energyband_middle_low:
        dmean: 0.000433104927652
        dmean2: 0.000696943490766
        dvar: 2.58789725649e-07
        dvar2: 6.74909244935e-07
        max: 0.0045946771279
        mean: 0.0012593237916
        min: 0.0002416481002
        var: 6.72051044148e-07
    spectral_flatness_db:
        dmean: 0.0142380287871
        dmean2: 0.0221790708601
        dvar: 0.00012516057177
        dvar2: 0.000285010290099
        max: 0.313136637211
        mean: 0.198859259486
        min: 0.133634150028
        var: 0.000863560067955
    spectral_flux:
        dmean: 0.00679207127541
        dmean2: 0.0111377425492
        dvar: 5.0899474445e-05
        dvar2: 0.000127990351757
        max: 0.0901080220938
        mean: 0.0365806184709
        min: 0.0191097036004
        var: 0.000116746537969
    spectral_kurtosis:
        dmean: 0.939362645149
        dmean2: 1.59952247143
        dvar: 0.74507778883
        dvar2: 2.17968559265
        max: 10.2808408737
        mean: 4.55374193192
        min: 0.569124221802
        var: 2.1562371254
    spectral_rms:
        dmean: 0.000196049251826
        dmean2: 0.000301427411614
        dvar: 3.68186334754e-08
        dvar2: 7.22250206309e-08
        max: 0.00390636501834
        mean: 0.00226335693151
        min: 0.00108829431701
        var: 2.97625007306e-07
    spectral_rolloff:
        dmean: 318.631225586
        dmean2: 552.266479492
        dvar: 125568.875
        dvar2: 323012.78125
        max: 4435.83984375
        mean: 2979.54443359
        min: 1205.859375
        var: 278957.9375
    spectral_skewness:
        dmean: 0.127918049693
        dmean2: 0.210037052631
        dvar: 0.0147182960063
        dvar2: 0.0334959439933
        max: 3.00608968735
        mean: 1.6683460474
        min: 1.000867486
        var: 0.0497487038374
    spectral_spread:
        dmean: 353622.75
        dmean2: 492485.3125
        dvar: 279142268928
        dvar2: 369942364160
        max: 11952796
        mean: 4326446.5
        min: 3014510.75
        var: 845437730816
    spectral_strongpeak:
        dmean: 0.623255312443
        dmean2: 1.00819242001
        dvar: 0.418610692024
        dvar2: 1.16655147076
        max: 6.63759183884
        mean: 1.55834913254
        min: 0.0608991347253
        var: 1.20540475845
    zerocrossingrate:
        dmean: 0.00514459516853
        dmean2: 0.0064172479324
        dvar: 2.1984857085e-05
        dvar2: 2.86393515125e-05
        max: 0.12890625
        mean: 0.0914800614119
        min: 0.04541015625
        var: 0.000188070072909
    barkbands:
        dmean: [1.84631188116e-09, 1.02586696471e-07, 2.81253846879e-07, 4.09134690926e-06, 5.43921087228e-05, 9.31858012336e-05, 2.07197736017e-05, 1.54917506734e-05, 0.000347467575921, 0.000239829721977, 0.000228721968597, 0.000408622930991, 5.18554952578e-05, 0.000258688844042, 0.000161352916621, 0.000184679360245, 0.000101446479675, 0.00011789855489, 0.000200750611839, 5.88555521972e-05, 2.09225199796e-05, 6.91321611157e-06, 4.05038963436e-06, 1.32173545353e-06, 5.53473626042e-07, 4.2106776732e-08, 2.21596652139e-09]
        dmean2: [2.76416689537e-09, 1.74656591412e-07, 4.99065833992e-07, 6.79075992593e-06, 8.75490077306e-05, 0.000162775380886, 3.15270408464e-05, 2.11669848795e-05, 0.000544096285012, 0.000342318147887, 0.000377095857402, 0.00059017399326, 9.03572436073e-05, 0.000421113305492, 0.000257291132584, 0.000282589986455, 0.000169379811268, 0.000185472337762, 0.000332464755047, 0.000101374898804, 3.36802695529e-05, 1.13188953037e-05, 6.45519639875e-06, 1.86688293979e-06, 8.19174488242e-07, 6.40825348341e-08, 2.4371638041e-09]
        dvar: [1.84594101953e-16, 2.53524279478e-14, 7.978111173e-14, 5.61304024094e-11, 4.40446745742e-09, 1.45833576326e-08, 8.01674948647e-10, 1.83155302036e-09, 2.23416222411e-07, 1.03147712593e-07, 1.04205952312e-07, 7.76567617322e-07, 3.92358190382e-09, 1.22898214272e-07, 4.13779339681e-08, 1.52300330569e-07, 9.66567181848e-09, 2.79519625224e-08, 3.21315276608e-08, 4.29096935761e-09, 8.99586405367e-10, 8.0514213352e-11, 2.59824002591e-11, 9.43480536753e-12, 1.87640484747e-12, 7.51901829915e-15, 1.62101332621e-15]
        dvar2: [1.93199374362e-16, 7.01616295986e-14, 2.14177661067e-13, 1.46830450576e-10, 1.46147804969e-08, 4.62665177281e-08, 1.95851956875e-09, 3.29289573386e-09, 5.6636639556e-07, 2.25870834925e-07, 2.59462467511e-07, 1.55434679527e-06, 1.10500852912e-08, 3.0701767173e-07, 9.29084009726e-08, 3.43522685853e-07, 2.46140050564e-08, 5.21745242565e-08, 8.92944598263e-08, 1.08927142861e-08, 2.35943953264e-09, 1.97271379787e-10, 6.48337286635e-11, 1.82306114649e-11, 3.73154328617e-12, 1.49964896322e-14, 1.62444084504e-15]
        max: [2.78863666381e-07, 1.93311370822e-06, 2.78976744994e-06, 9.38302109716e-05, 0.000694269314408, 0.00098529458046, 0.000273987592664, 0.000819438544568, 0.00425199558958, 0.00308722537011, 0.00395176187158, 0.0128761976957, 0.000584746419918, 0.00349018489942, 0.00241898628883, 0.00434124376625, 0.000963639351539, 0.0036160601303, 0.00184448005166, 0.000579035258852, 0.00044748550863, 0.00010830390238, 6.68088468956e-05, 5.40002911293e-05, 2.53291309491e-05, 8.05489491995e-07, 8.35149194245e-07]
        mean: [2.03542027677e-09, 1.09908825152e-07, 3.27974817083e-07, 8.20353670861e-06, 0.000175713459612, 0.000173248467036, 4.15561589762e-05, 2.80284039036e-05, 0.000704314908944, 0.000589018920437, 0.000396898394683, 0.000866042042617, 7.95427695266e-05, 0.000497571367305, 0.000290190597298, 0.000370283436496, 0.000226867763558, 0.000308373419102, 0.000546696479432, 0.000149424828123, 6.18015328655e-05, 2.29514225794e-05, 1.33022667796e-05, 4.01958641305e-06, 1.36256528549e-06, 7.02077045389e-08, 2.2087081053e-09]
        min: [1.20376614492e-12, 1.62410140891e-09, 2.34008479261e-09, 1.44288687665e-08, 7.22674667486e-06, 1.32537370519e-05, 6.03417447564e-07, 1.98339463964e-07, 1.76996709342e-05, 3.76104617317e-06, 5.79884181207e-06, 7.90443300502e-06, 5.75333706365e-06, 2.09172740142e-05, 1.32764944283e-05, 9.76795217866e-06, 1.63342210726e-05, 2.71979588433e-05, 0.000102308797068, 2.34618200921e-05, 1.00345296232e-05, 2.5965146051e-06, 7.19290028428e-07, 3.62917802477e-07, 8.9847965512e-08, 5.6669522408e-09, 1.45594148716e-13]
        var: [1.84922168402e-16, 2.60369898114e-14, 9.12841444144e-14, 1.95409077808e-10, 1.6738537667e-08, 2.09031636444e-08, 1.49978585107e-09, 5.26535703926e-09, 6.44402916805e-07, 4.52296887943e-07, 2.74089018149e-07, 3.13912914862e-06, 4.61150229114e-09, 4.18264164637e-07, 9.32466619474e-08, 3.23614614217e-07, 2.48317899576e-08, 9.82436034747e-08, 7.0658082052e-08, 8.89285445282e-09, 2.55774623703e-09, 2.57305066143e-10, 7.62688870393e-11, 1.97121329676e-11, 3.95208822265e-12, 1.05744609575e-14, 1.61732132136e-15]
    mfcc:
        mean: [-705.108703613, 76.2810668945, -91.4920043945, 1.91068792343, -38.2240142822, -23.9396705627, -17.4066886902, -11.0572710037, -24.6883678436, -12.6823129654, -25.3454036713, -27.5012817383, -17.2129859924]
        cov: [[283.224975586, -91.3458328247, -12.90350914, -93.5336227417, -49.4118232727, 36.8448028564, 19.3686618805, 26.8910923004, -8.08891868591, 48.4903068542, -49.8836784363, -38.4909210205, 24.89361763], [-91.3458328247, 212.52897644, -57.3037757874, 70.9159164429, -10.4772262573, -32.0088539124, -13.0444107056, 11.9108076096, 13.3303346634, 5.5933098793, 9.5623292923, -25.2699337006, -12.8726606369], [-12.90350914, -57.3037757874, 162.450546265, 55.9175605774, 53.5061912537, -1.92695343494, 12.9088068008, -13.5289545059, 20.8153133392, -43.3616485596, 47.9974327087, 50.9012413025, 4.14464330673], [-93.5336227417, 70.9159164429, 55.9175605774, 190.663619995, 50.5460014343, -75.291633606, -61.2033119202, 16.291727066, 68.8108673096, -49.8813476562, 33.8059196472, 23.8950767517, -24.4976425171], [-49.4118232727, -10.4772262573, 53.5061912537, 50.5460014343, 110.965377808, -0.129360556602, 12.0700321198, -4.94540309906, 19.0665512085, -29.4986591339, 31.6501045227, 26.9656047821, -0.29131141305], [36.8448028564, -32.0088539124, -1.92695343494, -75.291633606, -0.129360556602, 118.298431396, 70.2446746826, -10.1040630341, -51.8290328979, 33.5796051025, 5.93141222, 16.7494716644, 26.2370243073], [19.3686618805, -13.0444107056, 12.9088068008, -61.2033119202, 12.0700321198, 70.2446746826, 108.49344635, 2.64846014977, -40.2542190552, 21.3148517609, 13.7865638733, 9.41040992737, 18.4292488098], [26.8910923004, 11.9108076096, -13.5289545059, 16.291727066, -4.94540309906, -10.1040630341, 2.64846014977, 64.6532058716, 26.1027145386, 16.9986305237, -10.4517316818, -6.33424425125, -0.280608773232], [-8.08891868591, 13.3303346634, 20.8153133392, 68.8108673096, 19.0665512085, -51.8290328979, -40.2542190552, 26.1027145386, 116.851547241, -4.72340154648, 5.42950296402, -20.602519989, -27.8495006561], [48.4903068542, 5.5933098793, -43.3616485596, -49.8813476562, -29.4986591339, 33.5796051025, 21.3148517609, 16.9986305237, -4.72340154648, 77.0379257202, -11.2172737122, -18.0472221375, 7.26993703842], [-49.8836784363, 9.5623292923, 47.9974327087, 33.8059196472, 31.6501045227, 5.93141222, 13.7865638733, -10.4517316818, 5.42950296402, -11.2172737122, 70.7695388794, 41.2871513367, 3.66274452209], [-38.4909210205, -25.2699337006, 50.9012413025, 23.8950767517, 26.9656047821, 16.7494716644, 9.41040992737, -6.33424425125, -20.602519989, -18.0472221375, 41.2871513367, 93.8831939697, 25.2762947083], [24.89361763, -12.8726606369, 4.14464330673, -24.4976425171, -0.29131141305, 26.2370243073, 18.4292488098, -0.280608773232, -27.8495006561, 7.26993703842, 3.66274452209, 25.2762947083, 49.9537849426]]
        icov: [[0.00643438939005, 0.00226053525694, -0.00168999028392, 0.00096360075986, 0.00152884004638, -0.000686182640493, 0.000521995010786, -0.00243202759884, -0.000372917711502, -0.00198085233569, 0.00198978302069, 0.00296596996486, -0.00341437873431], [0.00226053525694, 0.00903858337551, 0.00388143723831, -0.00551499705762, 0.00197569443844, 0.000765558972489, -0.00254843733273, -9.9469703855e-05, 0.00104893441312, -0.00150433951057, -0.00255323154852, 0.00387125997804, -0.002242812654], [-0.00168999028392, 0.00388143723831, 0.0133725553751, -0.00450241565704, -0.000705028127413, 0.000144323523273, -0.0042789070867, 0.00288898590952, -0.00234340457246, 0.00421259086579, -0.00475552724674, -0.00249233539216, -0.000269960582955], [0.00096360075986, -0.00551499705762, -0.00450241565704, 0.0162104573101, -0.00359168928117, 0.00187509856187, 0.00629092752934, -0.0048034065403, -0.00315689202398, 0.00353086530231, -0.00122416450176, -0.0031784279272, 0.00249242573045], [0.00152884004638, 0.00197569443844, -0.000705028127413, -0.00359168928117, 0.0137929012999, -0.00149564095773, -0.00347448908724, 0.00063289020909, -0.0022261578124, 0.00276306527667, -0.00181447260547, 0.000400093616918, -0.00151688919868], [-0.000686182640493, 0.000765558972489, 0.000144323523273, 0.00187509856187, -0.00149564095773, 0.0187096130103, -0.00811567623168, 0.00300224032253, 0.00271271634847, -0.00574444094673, 1.71329902514e-05, -0.00257432530634, -0.00172803981695], [0.000521995010786, -0.00254843733273, -0.0042789070867, 0.00629092752934, -0.00347448908724, -0.00811567623168, 0.0202009994537, -0.00625085830688, 0.00336914742365, -0.000244605762418, -0.00382289336994, 0.00257395370863, 0.000169622362591], [-0.00243202759884, -9.9469703855e-05, 0.00288898590952, -0.0048034065403, 0.00063289020909, 0.00300224032253, -0.00625085830688, 0.0227880887687, -0.00519527494907, -0.00469843484461, 0.00450511043891, -0.00360432546586, -0.00126721791457], [-0.000372917711502, 0.00104893441312, -0.00234340457246, -0.00315689202398, -0.0022261578124, 0.00271271634847, 0.00336914742365, -0.00519527494907, 0.0162997432053, -0.00368232373148, -0.0027465838939, 0.00471635023132, 0.00383052811958], [-0.00198085233569, -0.00150433951057, 0.00421259086579, 0.00353086530231, 0.00276306527667, -0.00574444094673, -0.000244605762418, -0.00469843484461, -0.00368232373148, 0.02317468822, -0.00372087256983, 0.000975002127234, -0.0005675223656], [0.00198978302069, -0.00255323154852, -0.00475552724674, -0.00122416450176, -0.00181447260547, 1.71329902514e-05, -0.00382289336994, 0.00450511043891, -0.0027465838939, -0.00372087256983, 0.0268604047596, -0.00925219524652, 0.0012831480708], [0.00296596996486, 0.00387125997804, -0.00249233539216, -0.0031784279272, 0.000400093616918, -0.00257432530634, 0.00257395370863, -0.00360432546586, 0.00471635023132, 0.000975002127234, -0.00925219524652, 0.0228552427143, -0.00984650757164], [-0.00341437873431, -0.002242812654, -0.000269960582955, 0.00249242573045, -0.00151688919868, -0.00172803981695, 0.000169622362591, -0.00126721791457, 0.00383052811958, -0.0005675223656, 0.0012831480708, -0.00984650757164, 0.0303221344948]]
    spectral_contrast:
        mean: [4.99188885783e-08, -3.79767357117e-07, -1.76353509573e-07, -9.29329999622e-08, -8.31172926041e-08, 1.69708627595e-07, -2.23753067985e-06, 1.31511410473e-06, 3.58598185812e-07, -3.01419305515e-07, -1.58291913976e-06, 2.47844440082e-07]
        var: [0.000434952380601, 0.000515589665156, 0.000802195980214, 0.0015010611387, 0.00233220704831, 0.0058911642991, 0.0284016504884, 0.0497203394771, 0.120534867048, 0.177033498883, 0.21028546989, 0.333560138941]

rhythm:
    beats_loudness:
        dmean: 0.00233034836128
        dmean2: 0.00430334405974
        dvar: 6.2343206082e-06
        dvar2: 1.5443576558e-05
        max: 0.0114317620173
        mean: 0.00530842132866
        min: 0.00181974342559
        var: 7.28250097382e-06
    beats_loudness_bass:
        dmean: 0.00160746544134
        dmean2: 0.00257096183486
        dvar: 1.42536082421e-05
        dvar2: 3.88761291106e-05
        max: 0.0136326085776
        mean: 0.00131989922374
        min: 2.72881970886e-05
        var: 1.00816814665e-05
    bpm: 105.867454529
    bpm_confidence: 0
    first_peak_bpm: 106
    first_peak_spread: 0
    first_peak_weight: 0.9375
    onset_rate: 1.09659826756
    second_peak_bpm: 82
    second_peak_spread: 0
    second_peak_weight: 0.0625
    beats_position: [0.291339725256, 0.858145356178, 1.4249509573, 1.99175667763, 2.55856227875, 3.12536764145, 3.69217324257, 4.25897884369, 4.82578420639, 5.39259004593, 6.12714719772, 6.6939201355, 7.26069307327, 7.82746601105, 8.39423942566, 8.96101284027, 9.52778530121]
    bpm_estimates: [104.078804016, 106.455566406, 106.509460449, 106.641746521, 105.640312195, 106.47265625, 104.302749634, 106.399902344, 106.305915833]
    bpm_intervals: [0.56680560112, 0.56680560112, 0.566805720329, 0.56680560112, 0.566805362701, 0.56680560112, 0.56680560112, 0.566805362701, 0.566805839539, 0.734557151794, 0.566772937775, 0.566772937775, 0.566772937775, 0.566773414612, 0.566773414612, 0.566772460938]
    onset_times: [0.0464399084449, 0.940408170223, 1.98530614376, 2.57741498947, 3.14630389214, 4.33052158356, 5.32897949219, 5.53795909882, 8.01088428497, 8.37079334259, 8.56816291809]
    rubato_start: []
    rubato_stop: []
    perceptual_tempo: "unknown"

sfx:
    inharmonicity:
        dmean: 0.0774658769369
        dmean2: 0.137326046824
        dvar: 0.00691672042012
        dvar2: 0.0180114936084
        max: 0.463914006948
        mean: 0.0860482975841
        min: 0.000732951099053
        var: 0.00700169196352
    oddtoevenharmonicenergyratio:
        dmean: 8.33239841461
        dmean2: 15.9555435181
        dvar: 2638.66015625
        dvar2: 7881.19287109
        max: 728.369628906
        mean: 5.23413562775
        min: 0.000722427561413
        var: 1339.70263672
    pitch_after_max_to_before_max_energy_ratio: 13.525062561
    pitch_centroid: 218.308761597
    pitch_max_to_total: 0.0860465094447
    pitch_min_to_total: 0.665116250515
    tristimulus:
        dmean: [0.13155053556, 0.202152878046, 0.138819605112]
        dmean2: [0.234379842877, 0.353485584259, 0.243343904614]
        dvar: [0.0200384240597, 0.0390689857304, 0.0164948347956]
        dvar2: [0.0563897117972, 0.116325199604, 0.0462452992797]
        max: [0.815952420235, 0.998618900776, 0.614855289459]
        mean: [0.180015563965, 0.64462095499, 0.139033809304]
        min: [0.000119498938147, 0, 0]
        var: [0.0238979160786, 0.0534328855574, 0.0190147273242]

tonal:
    chords_changes_rate: 0.037037037313
    chords_number_rate: 0.0277777779847
    chords_strength:
        dmean: 0.00726620992646
        dmean2: 0.00571221858263
        dvar: 2.94407800538e-05
        dvar2: 2.47665084316e-05
        max: 0.714817643166
        mean: 0.582751691341
        min: 0.372565090656
        var: 0.00959784910083
    key_strength: 0.703648269176
    tuning_diatonic_strength: 0.546343743801
    tuning_equal_tempered_deviation: 0.0621635206044
    tuning_frequency: 442.293365479
    tuning_nontempered_energy_ratio: 0.678994357586
    hpcp:
        dmean: [0.136956900358, 0.101226560771, 0.0400807000697, 0.0238905735314, 0.0451992377639, 0.152981758118, 0.151517704129, 0.156260207295, 0.114358797669, 0.109179288149, 0.0873920097947, 0.0444431491196, 0.0355514399707, 0.0442946515977, 0.0969336479902, 0.125802397728, 0.0838067308068, 0.0456317514181, 0.0274670999497, 0.0313064828515, 0.131509199739, 0.180574402213, 0.144370242953, 0.092156842351, 0.0692682340741, 0.0580513626337, 0.0551587752998, 0.0656529068947, 0.0579583384097, 0.124704934657, 0.175852760673, 0.123548492789, 0.089511744678, 0.0788913965225, 0.082948513329, 0.128339707851]
        dmean2: [0.225304409862, 0.161167114973, 0.0634517595172, 0.0395263694227, 0.0774795785546, 0.244162335992, 0.260226309299, 0.256117016077, 0.182148501277, 0.171903550625, 0.146248340607, 0.0715296566486, 0.0575752444565, 0.0720932930708, 0.157257154584, 0.2056286484, 0.140197992325, 0.0788212418556, 0.0469023250043, 0.0546439662576, 0.219052508473, 0.323706835508, 0.245469614863, 0.158752977848, 0.107722498477, 0.0921658501029, 0.0869971141219, 0.10969273746, 0.0930368378758, 0.199810013175, 0.292532712221, 0.198655754328, 0.147373631597, 0.136482492089, 0.140664875507, 0.20775462687]
        dvar: [0.0222612582147, 0.0110753979534, 0.00272295088507, 0.00423740409315, 0.00433696946129, 0.0305266231298, 0.0273409225047, 0.0375584326684, 0.0204548239708, 0.0196429435164, 0.0174103975296, 0.00911675579846, 0.0075064683333, 0.00967464316636, 0.0163472257555, 0.0324895568192, 0.012254585512, 0.00972528103739, 0.00327824382111, 0.00156288337894, 0.0217546001077, 0.0459865219891, 0.0323615111411, 0.0140267908573, 0.0237656235695, 0.0142773268744, 0.0061978851445, 0.00916149094701, 0.00649023754522, 0.0168312303722, 0.0390099734068, 0.0193260926753, 0.0132969180122, 0.009980420582, 0.0141938384622, 0.0198729652911]
        dvar2: [0.0480558499694, 0.0284877195954, 0.00622314307839, 0.0111986659467, 0.0119989523664, 0.0760077238083, 0.0589284487069, 0.0927183404565, 0.0544087588787, 0.0413876399398, 0.045626077801, 0.0209743380547, 0.0230792909861, 0.0266591012478, 0.0444184467196, 0.0808347165585, 0.0285597294569, 0.0271110124886, 0.0097234910354, 0.00467318017036, 0.0535246990621, 0.123549744487, 0.0837263762951, 0.039897583425, 0.0469263568521, 0.0379717312753, 0.0105834044516, 0.0183467883617, 0.0139682330191, 0.038917966187, 0.095619559288, 0.0470485091209, 0.0289853177965, 0.0264967475086, 0.038234770298, 0.0504778772593]
        max: [1, 0.929051339626, 0.482028901577, 0.79232531786, 0.512138307095, 1, 1, 1, 1, 1, 1, 1, 1, 1, 1, 1, 0.820850729942, 1, 0.539440870285, 0.306682318449, 0.953692018986, 1, 1, 1, 1, 1, 1, 1, 0.921673953533, 1, 1, 1, 1, 0.887172579765, 0.998496592045, 1]
        mean: [0.365268290043, 0.201924726367, 0.0745705068111, 0.0370497852564, 0.0525842644274, 0.245724841952, 0.414385676384, 0.278495460749, 0.219608366489, 0.264076918364, 0.158748626709, 0.0772543102503, 0.0611875317991, 0.0676560774446, 0.196369349957, 0.29497730732, 0.170881077647, 0.0628905594349, 0.040323972702, 0.0511543676257, 0.298635482788, 0.470367878675, 0.279410600662, 0.181260600686, 0.190837487578, 0.100036203861, 0.099545955658, 0.136388421059, 0.10771907866, 0.260430216789, 0.408467680216, 0.279940396547, 0.191169723868, 0.172271534801, 0.138559415936, 0.286373347044]
        min: [0.0110592218116, 0.0069738230668, 0.00159853545483, 0.00115584407467, 0.00146516528912, 0.0119349081069, 0.0147788096219, 0.00654716230929, 0.000691742810886, 0.0022684300784, 0.00765814585611, 0.00363392499276, 0.00355301517993, 0.00363826728426, 0.0207740087062, 0.00700376881287, 0.00801039300859, 0.00409728521481, 0.00265362556092, 0.00203096191399, 0.0109772011638, 0.0148630077019, 0.00724848406389, 0.00274410774, 0.001514676027, 0.000744173885323, 0.000981513061561, 0.00671285763383, 0.00519700115547, 0.0126581592485, 0.0140731446445, 0.0195281878114, 0.00613063434139, 0.00401267176494, 0.00283326278441, 0.00699336733669]
        var: [0.0909918025136, 0.0337763242424, 0.00574190588668, 0.00389471533708, 0.00425674114376, 0.0524062626064, 0.111297428608, 0.0838689133525, 0.0500133521855, 0.0841530412436, 0.0311232544482, 0.0111345723271, 0.00925310142338, 0.0114770336077, 0.0329833813012, 0.101941756904, 0.0311837568879, 0.00822009239346, 0.00326616433449, 0.0030319255311, 0.0733754113317, 0.137707725167, 0.0583123713732, 0.0480477847159, 0.0965815261006, 0.0229752566665, 0.0195107553154, 0.027399642393, 0.0135483909398, 0.0415200553834, 0.105821147561, 0.0550153516233, 0.0361313521862, 0.0254008509219, 0.0188194066286, 0.0544348619878]
    chords_histogram: [10.1851854324, 20.3703708649, 8.33333301544, 0, 0, 0, 0, 0, 1.85185182095, 0, 0, 0, 0, 0, 0, 0, 0, 0, 0, 0, 0, 0, 2.77777767181, 56.4814796448]
    thpcp: [1, 0.594025671482, 0.385359227657, 0.405719637871, 0.212676525116, 0.211634248495, 0.289961159229, 0.229010283947, 0.553673446178, 0.868400454521, 0.595152020454, 0.406425982714, 0.366248518229, 0.294576704502, 0.608828425407, 0.776558756828, 0.429291069508, 0.158536568284, 0.0787676796317, 0.111793912947, 0.522409915924, 0.880982100964, 0.592080116272, 0.466886401176, 0.561426341534, 0.337498873472, 0.164242312312, 0.130084425211, 0.143836513162, 0.417480349541, 0.627120435238, 0.363292396069, 0.133705049753, 0.0857285857201, 0.108753956854, 0.634897708893]
    chords_key: "A"
    chords_scale: "minor"
    key_key: "C"
    key_scale: "major"
    chords_progression: ["Am", "Am", "Am", "Am", "Am", "Am", "Am", "Am", "Am", "Am", "Am", "Am", "Am", "Am", "Am", "Am", "Am", "Am", "Am", "Am", "Am", "Am", "Am", "Am", "Am", "Am", "Em", "Em", "Em", "Em", "Em", "Em", "Em", "Em", "Em", "Em", "Em", "Em", "Em", "Em", "Em", "Em", "Em", "Em", "Em", "Em", "Em", "Em", "Em", "Em", "Em", "Em", "Em", "Em", "Em", "Em", "Em", "Em", "Em", "Em", "Em", "Em", "Em", "Em", "Em", "Em", "G", "G", "G", "G", "G", "G", "G", "G", "G", "G", "G", "G", "G", "G", "G", "G", "G", "G", "Em", "Em", "Em", "Em", "C", "C", "C", "C", "C", "C", "C", "C", "C", "C", "C", "C", "C", "C", "C", "C", "C", "C", "C", "C", "C", "C", "E", "F", "F", "F", "F", "F", "F", "E", "E", "E", "Am", "Am", "Am", "Am", "Am", "Am", "Am", "Am", "Am", "Am", "Am", "Am", "Am", "Am", "Am", "Am", "Am", "Am", "Am", "Am", "Am", "Am", "Am", "Am", "Am", "Am", "Am", "Am", "Am", "Am", "Am", "Am", "Am", "Am", "Am", "Am", "Am", "Am", "Am", "Am", "Am", "Am", "Am", "Am", "Am", "Am", "Am", "Am", "Am", "Am", "Am", "Am", "Am", "Am", "Am", "Am", "Am", "Am", "Am", "Am", "Am", "Am", "Am", "Am", "Am", "Am", "Am", "Am", "Am", "Am", "Am", "Am", "Am", "Am", "Am", "Am", "Am", "Am", "Am", "Am", "Am", "Am", "Am", "Am", "Am", "Am", "Am", "Am", "Am", "Am", "Am", "Am", "Am", "Am", "Am", "Am"]
